date,hour,type,1001A,1002A,1003A,1004A,1005A,1006A,1007A,1008A,1009A,1010A,1011A,1012A,1013A,1014A,1015A,1016A,1017A,1018A,1019A,1020A,1021A,1023A,1024A,1025A,1026A,1027A,1028A,1029A,1030A,1031A,1032A,1033A,1034A,1035A,1036A,1037A,1038A,1039A,1040A,1041A,1042A,1043A,1044A,1045A,1046A,1047A,1048A,1049A,1050A,1051A,1052A,1053A,1054A,1055A,1056A,1057A,1058A,1059A,1060A,1061A,1062A,1063A,1064A,1065A,1066A,1067A,1068A,1069A,1070A,1071A,1072A,1073A,1074A,1075A,1076A,1077A,1078A,1079A,1080A,1081A,1082A,1083A,1084A,1085A,1086A,1087A,1088A,1089A,1090A,1091A,1092A,1093A,1094A,1095A,1096A,1097A,1098A,1099A,1100A,1101A,1102A,1103A,1104A,1105A,1106A,1107A,1108A,1109A,1110A,1111A,1112A,1113A,1114A,1115A,1116A,1117A,1118A,1119A,1120A,1121A,1122A,1123A,1124A,1125A,1126A,1127A,1128A,1129A,1130A,1131A,1132A,1133A,1134A,1135A,1136A,1137A,1138A,1139A,1140A,1142A,1143A,1144A,1145A,1146A,1147A,1148A,1149A,1150A,1151A,1152A,1153A,1154A,1155A,1156A,1157A,1158A,1159A,1160A,1161A,1162A,1163A,1164A,1165A,1166A,1167A,1168A,1169A,1170A,1171A,1172A,1173A,1174A,1175A,1176A,1177A,1178A,1179A,1180A,1181A,1182A,1183A,1184A,1185A,1186A,1187A,1188A,1189A,1190A,1191A,1192A,1193A,1194A,1195A,1196A,1197A,1198A,1199A,1200A,1201A,1202A,1203A,1204A,1205A,1206A,1207A,1208A,1209A,1210A,1211A,1212A,1213A,1214A,1215A,1216A,1217A,1218A,1219A,1220A,1221A,1222A,1223A,1224A,1225A,1226A,1227A,1228A,1229A,1230A,1231A,1232A,1233A,1234A,1235A,1236A,1237A,1238A,1239A,1240A,1241A,1242A,1243A,1244A,1245A,1246A,1247A,1248A,1249A,1250A,1251A,1252A,1253A,1254A,1255A,1256A,1257A,1258A,1259A,1260A,1261A,1262A,1263A,1264A,1265A,1266A,1267A,1268A,1269A,1270A,1271A,1272A,1273A,1274A,1275A,1276A,1277A,1278A,1279A,1280A,1281A,1282A,1283A,1284A,1285A,1286A,1287A,1288A,1290A,1291A,1292A,1293A,1294A,1295A,1296A,1297A,1298A,1299A,1300A,1301A,1302A,1303A,1304A,1305A,1306A,1307A,1308A,1309A,1310A,1311A,1312A,1313A,1314A,1315A,1316A,1317A,1318A,1319A,1320A,1321A,1322A,1323A,1324A,1325A,1326A,1327A,1328A,1329A,1330A,1331A,1332A,1333A,1334A,1335A,1336A,1337A,1338A,1339A,1340A,1341A,1342A,1343A,1344A,1345A,1346A,1347A,1348A,1349A,1350A,1351A,1352A,1353A,1354A,1355A,1356A,1357A,1358A,1359A,1360A,1361A,1362A,1363A,1364A,1365A,1366A,1367A,1368A,1369A,1370A,1371A,1372A,1373A,1374A,1375A,1376A,1377A,1378A,1379A,1380A,1381A,1382A,1383A,1384A,1385A,1386A,1387A,1388A,1389A,1390A,1391A,1392A,1393A,1394A,1395A,1396A,1397A,1398A,1399A,1400A,1401A,1402A,1403A,1404A,1405A,1406A,1407A,1408A,1409A,1410A,1411A,1412A,1413A,1414A,1415A,1416A,1417A,1418A,1419A,1420A,1421A,1422A,1423A,1424A,1425A,1426A,1427A,1428A,1429A,1430A,1431A,1432A,1433A,1434A,1435A,1436A,1437A,1438A,1439A,1440A,1441A,1442A,1443A,1444A,1445A,1446A,1447A,1449A,1450A,1451A,1452A,1453A,1454A,1455A,1456A,1457A,1458A,1459A,1460A,1461A,1462A,1463A,1464A,1465A,1466A,1467A,1468A,1469A,1470A,1471A,1472A,1473A,1474A,1475A,1476A,1477A,1478A,1479A,1480A,1481A,1482A,1483A,1484A,1485A,1486A,1487A,1488A,1489A,1490A,1491A,1492A,1493A,1494A,1495A,1496A,1508A,1511A,1512A,1513A,1514A,1515A,1518A,1519A,1520A,1524A,1552A,1559A,1562A,1564A,1585A,1586A,1587A,1588A,1589A,1590A,1591A,1592A,1593A,1594A,1595A,1596A,1597A,1598A,1599A,1600A,1601A,1602A,1603A,1604A,1605A,1606A,1607A,1608A,1609A,1610A,1611A,1612A,1613A,1614A,1615A,1616A,1617A,1618A,1619A,1620A,1621A,1622A,1623A,1624A,1625A,1626A,1627A,1628A,1629A,1630A,1631A,1632A,1633A,1634A,1635A,1636A,1637A,1638A,1639A,1640A,1641A,1642A,1643A,1644A,1645A,1646A,1647A,1648A,1649A,1650A,1651A,1652A,1653A,1654A,1655A,1656A,1657A,1658A,1659A,1660A,1661A,1662A,1663A,1664A,1665A,1666A,1667A,1668A,1669A,1670A,1671A,1672A,1673A,1674A,1675A,1676A,1677A,1678A,1679A,1680A,1681A,1682A,1683A,1684A,1685A,1686A,1687A,1688A,1689A,1690A,1691A,1692A,1693A,1694A,1695A,1696A,1697A,1698A,1699A,1700A,1701A,1702A,1703A,1704A,1705A,1706A,1707A,1708A,1709A,1710A,1711A,1712A,1713A,1714A,1715A,1716A,1717A,1718A,1719A,1720A,1721A,1722A,1723A,1724A,1725A,1726A,1727A,1728A,1729A,1730A,1731A,1732A,1733A,1734A,1735A,1736A,1737A,1738A,1739A,1740A,1741A,1742A,1743A,1744A,1745A,1746A,1747A,1748A,1749A,1750A,1751A,1752A,1753A,1754A,1755A,1756A,1757A,1758A,1759A,1760A,1761A,1762A,1763A,1764A,1765A,1766A,1767A,1768A,1769A,1770A,1771A,1772A,1773A,1774A,1775A,1776A,1777A,1778A,1779A,1780A,1781A,1782A,1783A,1784A,1785A,1786A,1787A,1788A,1789A,1790A,1791A,1792A,1793A,1794A,1795A,1796A,1797A,1798A,1799A,1800A,1801A,1802A,1803A,1804A,1805A,1806A,1807A,1808A,1809A,1810A,1811A,1812A,1813A,1814A,1815A,1816A,1817A,1818A,1819A,1820A,1821A,1822A,1823A,1824A,1825A,1826A,1827A,1828A,1829A,1830A,1831A,1832A,1833A,1834A,1835A,1836A,1837A,1838A,1839A,1840A,1841A,1842A,1843A,1844A,1845A,1846A,1847A,1848A,1849A,1850A,1851A,1852A,1853A,1854A,1855A,1856A,1857A,1858A,1859A,1860A,1861A,1862A,1863A,1864A,1865A,1866A,1867A,1868A,1869A,1870A,1871A,1872A,1873A,1874A,1875A,1876A,1877A,1878A,1879A,1880A,1881A,1882A,1883A,1884A,1885A,1886A,1887A,1888A,1889A,1890A,1891A,1893A,1894A,1895A,1896A,1897A,1898A,1899A,1900A,1901A,1902A,1903A,1904A,1905A,1906A,1907A,1908A,1909A,1910A,1911A,1912A,1913A,1914A,1915A,1916A,1917A,1918A,1919A,1920A,1921A,1922A,1923A,1924A,1925A,1926A,1927A,1928A,1929A,1930A,1931A,1932A,1933A,1934A,1935A,1936A,1937A,1938A,1939A,1940A,1941A,1942A,1943A,1944A,1945A,1946A,1947A,1948A,1949A,1950A,1951A,1952A,1953A,1954A,1955A,1956A,1957A,1958A,1959A,1960A,1961A,1962A,1963A,1964A,1965A,1966A,1967A,1968A,1969A,1970A,1971A,1972A,1973A,1974A,1975A,1976A,1977A,1978A,1979A,1980A,1981A,1982A,1983A,1984A,1985A,1986A,1987A,1988A,1989A,1990A,1991A,1992A,1993A,1994A,1995A,1996A,1997A,1998A,1999A,2000A,2001A,2002A,2003A,2004A,2005A,2006A,2007A,2008A,2009A,2010A,2011A,2012A,2013A,2014A,2015A,2016A,2017A,2018A,2019A,2031A,2054A,2064A,2065A,2066A,2067A,2068A,2069A,2070A,2073A,2074A,2075A,2160A,2161A,2162A,2163A,2164A,2165A,2166A,2167A,2168A,2169A,2170A,2171A,2172A,2173A,2174A,2175A,2176A,2177A,2178A,2179A,2180A,2181A,2182A,2183A,2184A,2185A,2186A,2187A,2188A,2189A,2190A,2191A,2192A,2193A,2194A,2195A,2196A,2197A,2198A,2199A,2200A,2201A,2202A,2203A,2204A,2205A,2206A,2207A,2208A,2209A,2210A,2211A,2212A,2213A,2214A,2215A,2216A,2217A,2218A,2219A,2220A,2221A,2222A,2223A,2224A,2225A,2226A,2227A,2228A,2229A,2230A,2231A,2232A,2233A,2234A,2235A,2236A,2237A,2238A,2239A,2240A,2241A,2242A,2243A,2244A,2245A,2246A,2247A,2248A,2249A,2250A,2251A,2252A,2253A,2254A,2255A,2256A,2257A,2258A,2259A,2260A,2261A,2262A,2263A,2264A,2265A,2266A,2267A,2268A,2269A,2270A,2271A,2272A,2273A,2274A,2275A,2276A,2277A,2278A,2279A,2280A,2281A,2282A,2283A,2284A,2285A,2286A,2287A,2288A,2289A,2290A,2291A,2292A,2293A,2294A,2295A,2296A,2297A,2298A,2299A,2300A,2301A,2302A,2303A,2304A,2305A,2306A,2307A,2308A,2309A,2310A,2311A,2312A,2313A,2314A,2315A,2316A,2317A,2318A,2319A,2320A,2321A,2322A,2323A,2324A,2325A,2326A,2327A,2331A,2332A,2333A,2334A,2335A,2336A,2337A,2338A,2339A,2340A,2341A,2342A,2343A,2344A,2345A,2346A,2347A,2348A,2349A,2350A,2351A,2352A,2353A,2354A,2355A,2356A,2357A,2358A,2359A,2360A,2361A,2362A,2363A,2364A,2365A,2366A,2367A,2368A,2369A,2370A,2371A,2372A,2373A,2374A,2375A,2376A,2377A,2378A,2379A,2380A,2381A,2382A,2383A,2384A,2385A,2386A,2387A,2388A,2389A,2390A,2391A,2392A,2393A,2394A,2395A,2396A,2397A,2398A,2399A,2400A,2401A,2402A,2403A,2404A,2405A,2406A,2407A,2408A,2409A,2410A,2411A,2420A,2421A,2422A,2423A,2424A,2425A,2426A,2427A,2428A,2429A,2430A,2431A,2432A,2433A,2434A,2435A,2436A,2437A,2438A,2439A,2440A,2441A,2442A,2443A,2444A,2445A,2446A,2447A,2448A,2449A,2450A,2451A,2452A,2453A,2454A,2455A,2456A,2457A,2458A,2459A,2460A,2461A,2462A,2463A,2464A,2465A,2466A,2467A,2468A,2469A,2470A,2471A,2472A,2473A,2474A,2475A,2476A,2477A,2478A,2479A,2480A,2481A,2482A,2483A,2484A,2485A,2486A,2487A,2488A,2489A,2490A,2491A,2492A,2493A,2494A,2495A,2496A,2497A,2498A,2499A,2500A,2501A,2502A,2503A,2504A,2505A,2506A,2507A,2508A,2509A,2510A,2511A,2512A,2513A,2514A,2515A,2516A,2517A,2518A,2519A,2520A,2521A,2522A,2523A,2524A,2525A,2526A,2527A,2528A,2529A,2530A,2531A,2532A,2533A,2534A,2535A,2536A,2537A,2538A,2539A,2540A,2541A,2542A,2543A,2544A,2545A,2546A,2547A,2548A,2549A,2550A,2551A,2552A,2553A,2554A,2555A,2556A,2557A,2558A,2559A,2560A,2561A,2562A,2563A,2564A,2565A,2566A,2567A,2568A,2569A,2570A,2571A,2572A,2573A,2574A,2575A,2576A,2577A,2578A,2579A,2580A,2581A,2582A,2583A,2584A,2585A,2586A,2587A,2588A,2589A,2590A,2591A,2592A,2593A,2594A,2595A,2596A,2597A,2598A,2599A,2600A,2601A,2602A,2603A,2604A,2605A,2606A,2607A,2608A,2609A,2610A,2611A,2612A,2613A,2614A,2615A,2616A,2617A,2618A,2619A,2620A,2621A,2622A,2623A,2624A,2625A,2626A,2627A,2628A,2629A,2630A,2631A,2632A,2633A,2634A,2635A,2636A,2637A,2638A,2639A,2640A,2641A,2642A,2643A,2644A,2645A,2646A,2647A,2648A,2649A,2650A,2651A,2652A,2653A,2654A,2655A,2656A,2657A,2658A,2659A,2660A,2661A,2662A,2663A,2664A,2665A,2666A,2667A,2668A,2669A,2670A,2671A,2672A,2673A,2674A,2675A,2676A,2677A,2678A,2679A,2680A,2681A,2682A,2683A,2684A,2685A,2686A,2687A,2688A,2689A,2690A,2691A,2692A,2693A,2694A,2695A,2696A,2697A,2698A,2699A,2700A,2701A,2702A,2703A,2704A,2705A,2706A,2707A,2708A,2709A,2710A,2711A,2835A,2842A,2845A,2846A
20160416,0,AQI,68,55,72,72,60,72,99,84,30,45,69,61,,243,238,262,270,284,233,,243,219,228,244,211,272,,67,72,113,65,63,82,67,226,201,235,227,259,267,78,123,78,87,77,117,128,138,156,118,153,133,123,150,138,105,95,106,100,102,90,93,99,89,82,72,72,79,65,182,190,195,173,185,156,138,94,86,115,40,,24,18,17,28,27,59,26,110,107,139,105,113,91,99,79,65,79,78,,72,75,76,74,83,,80,93,71,61,63,67,69,74,79,72,61,79,79,69,67,66,57,64,64,64,75,62,67,65,,87,77,70,71,57,70,64,52,90,64,72,79,57,57,66,86,75,72,72,77,74,36,68,83,75,62,55,58,56,44,57,49,54,50,73,72,81,74,75,64,67,58,62,101,76,92,,92,99,91,94,97,78,96,59,94,57,58,57,65,67,62,65,43,54,59,59,51,,54,62,56,92,89,103,105,75,83,81,81,78,40,74,54,55,76,77,70,,51,37,23,54,35,60,52,,51,46,44,57,46,41,51,,39,51,55,59,72,65,58,42,48,36,,63,,55,55,,76,87,68,49,,,21,29,28,40,54,35,30,29,27,61,75,72,57,70,57,78,74,63,69,23,74,53,57,64,57,,46,52,44,54,51,44,60,51,35,31,50,89,122,88,88,78,,92,99,57,58,51,55,46,54,49,59,66,78,66,78,59,78,89,58,71,29,49,54,53,54,55,62,52,54,54,124,58,48,63,72,59,59,67,57,64,60,52,55,,54,63,59,69,57,43,70,45,48,52,59,57,48,47,69,55,50,52,51,56,59,59,34,46,49,48,53,46,36,52,62,52,42,42,26,50,49,52,57,50,50,58,43,68,58,42,40,45,42,40,45,53,,63,60,61,61,66,69,89,85,40,51,62,58,45,22,32,19,35,36,35,39,32,32,33,45,29,38,28,26,42,40,46,37,40,36,34,,38,30,88,107,97,93,72,83,92,93,,51,45,38,44,57,49,53,70,62,56,54,129,45,63,21,32,21,18,35,35,30,33,20,,25,40,29,42,42,44,28,19,29,25,44,29,128,96,97,91,52,,56,70,45,68,65,64,48,57,53,53,54,59,59,59,54,54,62,40,91,92,98,111,135,95,101,99,120,98,93,88,115,82,67,67,65,49,50,43,46,77,78,69,83,87,93,91,53,53,55,28,142,97,92,79,78,92,60,,115,115,181,,96,108,108,211,67,72,71,,97,,99,120,102,114,92,57,79,50,39,51,57,68,,67,,74,85,77,87,95,92,99,55,51,,53,57,52,89,87,87,,39,39,38,48,28,42,35,49,58,43,40,49,48,48,39,43,42,43,48,39,45,19,22,26,57,55,54,23,25,42,27,36,35,55,59,78,54,52,43,77,74,78,95,52,36,53,57,59,67,108,112,119,64,40,56,46,58,54,117,132,,99,88,16,40,18,32,19,32,52,20,63,58,53,29,152,157,143,131,68,69,73,83,74,66,,75,67,56,68,53,63,63,66,77,65,62,75,163,88,142,120,133,53,46,54,52,54,,47,38,80,33,48,39,64,114,57,87,69,89,51,74,75,77,21,25,39,35,43,51,41,50,52,52,47,33,28,34,49,35,22,21,67,70,28,64,45,30,89,72,117,95,87,97,102,109,85,142,152,102,155,50,45,52,49,20,30,55,22,104,124,112,78,112,66,60,64,64,69,77,64,85,78,95,133,120,115,89,29,78,36,27,88,113,95,135,48,55,60,69,110,98,108,80,105,99,47,54,28,37,49,42,14,12,15,24,22,20,101,28,69,34,25,39,27,23,36,18,32,17,28,55,39,53,20,42,26,49,40,32,64,38,65,,122,51,51,73,33,40,46,20,24,29,33,30,26,33,42,19,20,36,25,30,59,51,36,39,21,27,30,41,40,46,41,,65,57,125,72,33,31,74,49,51,153,148,218,86,84,83,95,66,48,45,38,30,36,56,46,62,46,52,64,42,53,95,91,61,62,59,40,42,35,60,55,64,82,69,,80,70,60,,,77,50,58,70,63,63,60,55,38,40,53,52,95,104,60,55,46,46,53,52,,,68,65,58,50,64,45,40,65,58,64,66,68,64,73,30,43,32,33,42,57,46,55,31,26,30,26,,32,30,37,28,,44,32,56,54,25,17,,16,65,68,66,120,106,120,31,40,116,109,109,95,94,110,124,114,500,500,53,46,53,114,130,114,138,,70,66,62,76,109,66,73,71,108,104,102,101,78,96,81,60,60,41,42,97,93,68,53,149,150,62,54,70,75,67,58,63,48,60,127,62,114,109,143,49,25,39,24,,,107,104,71,200,238,215,52,52,58,42,42,57,42,85,58,67,85,112,84,,52,63,67,56,33,101,138,97,69,80,79,71,53,72,95,65,67,48,33,41,16,74,72,87,84,,73,66,91,103,51,36,33,34,80,89,107,90,72,54,16,35,108,80,72,73,159,46,52,52,53,9,35,33,26,30,29,,20,36,50,50,34,53,44,44,42,31,104,128,70,95,70,77,92,88,73,35,47,73,52,42,23,26,20,26,41,54,48,48,53,90,86,100,109,89,52,23,23,23,33,37,46,49,43,89,85,88,92,78,84,107,104,106,109,109,70,78,62,82,84,95,88,56,,102,46,56,86,87,94,95,78,75,82,53,58,82,72,57,31,17,43,29,24,84,52,62,43,52,71,65,59,73,58,54,54,57,53,53,57,51,49,50,54,58,71,67,43,44,40,43,48,62,59,72,87,75,73,108,83,114,107,104,62,38,50,39,38,109,77,77,50,77,90,65,68,75,74,56,62,84,58,63,37,60,66,,60,67,65,64,55,54,65,58,60,92,62,78,88,63,45,70,110,120,,55,87,108,100,73,94,95,93,29,26,31,30,40,35,22,32,19,19,20,20,20,19,21,21,19,36,36,31,27,32,31,,30,30,14,22,34,18,32,77,9,24,28,28,24,14,27,48,26,34,34,55,62,63,60,44,24,22,25,23,32,63,70,85,64,56,32,32,29,48,62,79,22,30,44,40,62,,83,,34,42,57,29,26,23,69,86,69,57,37,47,108,92,159,82,73,122,113,40,50,54,56,21,19,25,23,42,41,96,63,88,49,,157,29,74,50,26,19,40,24,34,54,56,56,58,16,,20,31,22,44,50,28,32,33,33,30,49,46,37,34,39,47,20,26,20,55,38,25,,41,64,51,52,57,95,200,99,65,72,64,81,72,79,90,83,66,102,85,61,94,60,57,27,56,54,67,99,111,102,112,192,384,408,97,139,56,53,52,51,32,31,48,69,40,32,42,78,55
20160416,0,PM2.5,37,29,52,49,43,37,31,62,21,31,34,32,,193,188,212,220,234,183,,193,169,178,194,161,222,,48,52,85,43,45,60,48,176,151,181,177,209,217,57,93,54,59,45,88,97,94,117,89,117,101,93,102,105,57,34,46,36,50,51,47,52,43,45,37,52,48,23,137,143,146,131,139,119,105,70,60,87,5,,3,8,3,12,7,12,5,21,37,24,20,47,24,31,50,46,43,52,,44,49,48,53,51,,56,43,34,30,31,26,31,44,39,35,22,46,52,43,39,40,33,46,38,33,42,44,48,42,,64,56,43,47,37,42,40,29,54,41,39,42,20,40,44,43,43,27,21,22,25,22,22,26,25,19,26,21,35,19,25,26,19,22,43,44,54,41,43,38,37,27,44,33,28,36,,31,27,37,27,42,19,22,30,42,31,29,34,32,40,34,34,29,38,42,33,32,,15,18,21,60,50,51,71,52,57,53,56,56,19,32,20,26,54,56,46,,31,18,15,29,18,25,24,,32,24,21,26,25,17,22,,24,28,25,42,37,39,41,20,23,25,,13,,28,31,,51,64,49,22,,,13,13,19,28,28,24,13,20,6,36,54,42,37,51,40,57,54,42,37,13,54,37,40,46,40,,32,36,27,21,2,29,23,21,24,16,10,44,50,42,47,55,,63,45,18,29,25,25,31,27,33,26,29,36,37,57,12,52,66,29,35,18,29,38,34,30,37,44,36,36,34,94,41,33,45,52,42,29,48,40,46,43,36,39,,38,45,42,50,40,29,51,24,32,32,42,39,23,32,50,29,29,28,32,39,42,40,18,32,34,33,37,32,23,36,41,36,26,29,18,,30,29,40,35,35,41,30,49,41,24,28,28,25,28,26,36,,45,42,43,42,42,42,45,52,28,33,44,31,29,3,22,10,24,25,24,26,22,19,15,31,13,26,19,17,29,28,23,20,24,20,19,,19,21,30,80,72,69,30,48,68,69,,32,30,18,24,30,29,29,23,13,25,17,98,16,45,11,18,9,12,19,24,4,23,8,,17,11,20,23,18,23,10,3,20,16,24,8,97,67,29,64,22,,22,41,23,28,27,5,33,37,33,32,34,42,42,33,38,37,21,28,54,68,38,42,45,27,42,27,36,37,24,28,41,36,36,39,38,27,29,26,32,41,57,37,58,49,53,65,37,37,39,19,108,72,68,58,57,68,40,,63,62,58,,59,56,66,161,48,50,48,,72,,49,91,76,86,68,26,34,35,23,22,29,46,,48,,53,50,55,55,53,62,74,36,26,,34,34,19,66,57,59,,27,27,26,33,16,29,24,34,41,30,28,34,33,28,27,29,29,16,33,27,30,11,15,17,40,39,38,16,17,29,18,25,24,36,42,57,38,36,30,56,54,57,71,36,25,29,40,37,46,62,61,76,29,27,17,31,27,38,88,63,,74,65,7,7,5,12,6,16,36,7,45,41,16,8,41,55,58,31,42,44,45,51,49,43,,43,34,35,47,16,45,39,37,54,40,35,31,124,63,108,91,101,32,30,32,29,36,,32,18,59,21,33,27,42,86,40,55,50,66,24,54,55,56,13,17,20,22,30,21,22,21,36,31,28,23,19,21,34,24,4,12,48,51,19,46,31,7,52,52,88,71,64,72,76,64,63,108,116,76,118,35,31,36,34,14,21,39,12,78,94,84,57,84,35,43,46,46,50,56,46,63,57,71,101,91,87,66,20,57,25,4,65,85,71,103,33,27,33,50,83,73,81,59,79,74,29,38,14,20,27,22,6,7,8,7,7,6,57,12,20,11,11,27,15,16,25,12,15,10,12,39,26,35,12,29,14,33,28,21,27,22,47,,92,25,21,18,23,19,32,14,16,20,23,16,18,14,27,13,14,21,17,16,42,20,20,27,10,13,21,13,12,18,22,,19,18,36,42,18,9,54,19,9,38,40,41,63,52,52,52,38,22,24,26,15,19,22,32,20,32,28,41,19,27,45,59,36,35,36,24,19,20,22,39,28,34,38,,33,40,32,,,28,9,18,44,27,37,23,31,17,18,22,20,71,78,22,16,17,19,28,27,,,49,47,39,35,16,21,28,24,24,45,24,43,46,53,21,30,20,23,17,40,32,29,20,15,21,11,,22,17,15,17,,9,10,,38,13,10,,3,22,37,29,81,77,90,21,23,58,52,45,38,36,83,94,86,110,115,27,26,24,86,80,86,105,,,31,38,30,43,45,44,46,81,74,76,75,57,61,52,43,43,22,29,72,69,40,37,114,115,44,38,51,55,48,41,45,33,43,96,44,86,82,109,34,17,14,14,,,80,78,48,150,188,165,36,36,41,29,29,26,24,63,41,48,38,57,41,,33,37,48,11,22,36,65,36,41,43,48,47,14,37,71,47,48,33,23,27,7,47,52,64,61,,41,26,60,77,19,16,13,17,45,66,63,21,23,38,11,24,81,59,52,53,121,32,36,36,37,6,24,23,18,21,19,,14,25,35,35,19,24,28,22,29,3,78,97,49,71,51,56,68,65,52,24,32,53,36,28,16,18,11,18,17,38,33,33,37,67,60,75,82,66,36,16,16,16,23,14,32,34,29,66,35,35,63,57,53,58,40,42,44,32,31,22,22,60,57,61,63,37,,76,17,28,47,47,51,60,57,49,53,22,34,51,52,26,12,8,15,12,3,4,11,9,30,27,47,47,35,53,26,22,32,40,26,36,30,25,34,30,37,37,49,48,30,24,28,23,33,44,42,52,64,55,53,81,61,86,80,78,44,24,25,27,26,82,56,56,35,56,67,47,47,55,54,21,44,32,41,45,22,43,46,,43,48,47,46,39,34,47,36,42,68,44,57,65,45,31,46,83,91,,37,64,81,75,53,70,71,69,5,2,3,8,10,10,11,17,7,11,11,8,7,9,11,9,12,25,10,20,12,11,5,,15,3,3,13,13,6,3,11,5,12,1,6,12,4,9,18,15,10,11,39,44,31,43,20,7,8,10,8,16,29,32,42,18,25,11,15,19,9,15,41,9,10,10,17,44,,61,,21,29,22,12,17,16,47,61,50,32,22,27,81,68,88,60,53,45,85,28,34,22,,12,13,14,16,8,13,19,,38,34,,93,20,15,23,18,10,28,12,12,20,21,17,15,5,,7,11,6,27,18,19,22,19,12,11,34,30,15,19,27,10,9,18,10,39,25,5,,23,46,34,25,30,,59,74,26,38,27,33,34,27,62,49,34,42,25,20,37,17,28,6,13,12,12,27,38,49,47,115,235,165,54,75,20,21,20,9,4,2,10,26,12,11,29,57,39
20160416,0,PM2.5_24h,69,44,70,62,58,60,53,64,41,50,61,62,,100,104,96,99,106,102,,97,101,136,108,96,100,,69,65,86,57,57,74,60,95,97,105,114,111,112,41,60,59,56,59,58,56,60,74,67,78,69,63,58,69,47,38,41,38,36,27,33,32,34,21,33,46,51,44,83,78,86,70,72,68,84,58,61,60,40,,31,36,27,48,35,50,55,45,36,31,23,40,25,30,27,41,44,48,,51,49,45,53,49,,53,42,36,39,33,30,41,39,33,44,38,50,49,42,44,45,36,42,43,35,41,58,57,58,,66,64,62,71,52,57,61,51,78,79,72,75,70,70,63,74,72,56,48,54,51,49,39,45,57,41,59,56,67,55,61,60,59,51,55,59,68,57,58,67,75,65,83,82,62,81,,67,66,95,65,77,70,56,57,69,71,60,67,67,61,74,56,51,54,66,51,58,,52,58,68,64,57,63,75,58,62,60,62,61,21,44,21,35,57,67,56,,41,31,21,37,30,40,38,,49,27,28,38,42,38,44,,35,42,41,39,42,46,41,18,25,33,,51,,52,30,,31,46,40,32,,,26,28,35,27,28,20,18,20,22,52,57,51,52,59,55,58,57,51,50,30,33,33,31,31,28,,37,63,27,35,15,30,16,31,27,29,18,80,83,72,71,91,,100,75,20,32,42,34,45,38,47,50,41,69,82,83,84,86,85,74,72,87,30,34,32,35,35,34,35,30,38,55,36,40,40,45,35,44,44,44,48,38,30,34,,34,36,31,40,37,26,41,24,17,22,21,24,17,15,25,17,18,18,21,21,31,20,14,23,25,22,21,24,26,33,37,32,23,24,20,31,28,23,35,33,27,32,28,32,18,16,15,21,17,44,50,72,,59,55,52,53,53,54,56,64,31,39,48,37,35,12,40,24,32,27,43,33,35,36,37,47,33,38,39,29,38,43,41,32,35,36,39,,32,20,29,48,44,48,35,39,43,41,,31,29,23,25,31,29,27,26,17,26,32,100,24,47,36,39,30,41,35,53,28,49,34,,37,39,24,35,20,31,18,14,31,24,22,20,55,49,39,42,46,,30,48,22,18,34,9,32,33,32,33,31,29,30,29,32,31,39,26,37,80,33,39,34,35,39,38,22,24,21,25,23,48,51,59,50,38,42,41,43,50,84,61,52,40,45,49,38,36,35,22,111,97,85,97,97,108,74,,84,71,91,,108,72,84,90,71,72,64,,77,,85,111,110,101,88,35,32,30,26,26,25,72,,64,,72,71,74,74,66,76,81,64,59,,31,31,31,74,59,67,,30,31,41,42,39,31,26,31,40,30,35,39,39,33,32,37,34,27,40,33,31,8,16,19,25,24,23,19,21,22,22,30,29,32,39,36,40,37,42,38,43,45,51,57,39,45,28,40,35,56,86,97,36,36,25,32,30,41,75,48,,63,60,43,61,43,38,25,50,60,50,84,69,44,36,39,26,30,27,40,43,46,52,57,42,,41,32,34,43,19,52,38,45,56,42,35,33,82,57,60,60,62,39,29,48,35,40,,31,41,54,36,43,59,43,44,59,59,48,78,42,45,70,43,36,21,32,49,50,45,54,47,61,22,24,24,19,23,28,26,9,111,152,136,157,136,127,135,70,71,101,95,86,97,103,97,99,110,156,119,139,85,76,85,72,65,75,90,62,59,61,54,47,61,47,48,52,57,64,66,44,63,59,59,75,76,70,58,60,75,36,30,43,56,51,64,61,50,52,67,71,66,68,66,70,71,23,32,15,19,16,18,43,28,34,33,32,17,28,18,25,19,30,51,39,41,30,28,23,21,14,28,23,30,16,35,26,42,39,41,14,16,35,,45,32,33,46,56,58,61,34,37,45,45,31,35,32,48,23,26,21,25,21,45,27,30,63,58,44,62,14,9,12,19,,22,27,36,43,13,5,22,17,8,35,28,18,68,76,105,85,43,30,40,53,35,39,31,33,31,44,38,43,29,33,38,49,49,42,36,25,23,22,50,69,58,58,67,,62,74,85,,,57,43,51,94,81,90,41,59,27,30,42,47,82,82,33,30,20,21,34,25,,,54,56,25,44,37,39,41,63,60,64,63,50,48,51,107,108,94,98,103,91,53,56,52,51,44,49,,44,53,38,38,,28,34,111,75,54,28,,27,38,36,37,54,66,63,28,25,49,50,46,39,37,55,72,64,65,63,36,36,38,136,58,57,65,,52,32,47,29,39,35,37,38,49,40,45,39,48,58,47,44,45,37,38,63,59,43,43,83,82,42,51,39,37,32,28,24,29,34,76,40,88,70,75,53,24,27,18,,,99,79,62,109,108,86,18,17,19,59,51,20,18,93,68,74,71,100,74,,51,52,42,23,23,61,110,70,45,44,41,41,36,43,48,40,36,36,28,40,16,96,81,100,72,,54,71,100,117,55,49,43,57,66,67,48,59,33,51,40,38,53,45,34,37,70,23,25,27,25,6,24,24,23,21,18,,17,30,30,31,26,35,32,29,32,5,49,40,30,39,47,41,49,45,45,26,32,35,32,35,20,33,30,39,36,29,35,31,37,40,39,58,60,43,40,32,27,33,29,22,33,32,29,94,68,63,80,90,82,97,67,71,69,53,61,72,66,73,76,75,76,45,,81,55,40,89,85,63,95,68,65,64,25,32,47,45,29,36,41,57,39,41,46,53,36,25,28,45,44,39,55,28,19,28,30,26,26,22,23,28,29,30,32,53,50,42,39,39,34,44,56,42,46,51,52,49,89,55,84,70,80,41,32,27,26,34,60,39,43,29,46,56,54,55,55,68,46,56,42,56,58,37,54,60,,56,64,59,41,37,30,52,38,46,72,54,62,70,53,44,53,93,92,,40,49,75,66,58,45,83,85,8,7,10,11,19,18,15,15,11,11,17,12,27,25,24,26,22,32,21,26,20,31,31,,29,19,33,36,38,26,23,23,17,22,10,12,19,11,8,26,23,19,17,27,38,18,32,23,14,13,13,14,18,40,49,58,41,49,27,33,38,28,33,49,27,26,21,18,30,,37,,19,24,19,16,15,14,54,57,47,33,26,28,61,69,74,70,68,45,72,25,21,28,,20,17,15,16,20,28,27,39,22,20,,53,17,23,16,16,19,21,18,18,27,32,28,28,19,,21,36,36,25,19,28,16,24,21,19,28,27,13,20,27,20,18,24,17,20,17,7,,20,32,19,23,27,,38,43,22,38,19,23,25,39,41,42,32,26,23,25,52,17,14,8,15,17,13,18,22,37,46,97,144,155,172,58,25,21,30,10,6,6,7,19,15,18,45,49,34
20160416,0,PM10,86,59,65,93,68,93,147,,23,44,88,71,,258,278,292,302,262,245,,325,218,315,255,188,339,,76,73,,79,50,78,61,329,290,374,308,367,353,93,155,105,123,104,173,199,226,261,174,202,182,196,250,206,159,139,161,149,153,129,136,147,128,113,93,87,107,80,222,259,247,184,209,174,,106,121,,40,,24,10,9,28,27,67,26,169,164,227,159,175,131,147,108,79,108,105,,93,99,102,97,116,,110,135,91,71,76,84,88,97,107,94,72,107,107,88,84,82,64,73,77,77,99,69,70,80,,94,92,90,92,63,89,78,54,130,77,93,107,63,59,82,121,99,93,94,104,98,36,85,116,100,73,60,65,62,44,63,49,58,50,95,93,112,98,100,78,83,65,71,151,101,133,,133,148,132,138,143,106,141,68,138,63,66,63,80,83,74,80,43,54,62,67,52,,58,74,61,134,127,155,160,100,116,112,111,105,40,98,58,60,101,93,89,,52,37,23,58,35,70,53,,51,46,44,64,46,41,51,,39,51,60,64,93,79,64,42,48,31,,76,,59,59,,101,109,76,49,,,21,29,25,36,57,35,14,23,16,72,100,93,63,85,62,72,81,75,88,16,,37,45,61,60,,,49,44,58,52,44,70,51,31,31,50,128,193,126,126,106,,134,148,63,65,51,59,46,57,49,67,81,105,81,90,67,105,86,66,92,29,49,54,55,57,59,49,54,58,57,,63,33,,63,,67,63,46,51,63,44,53,,47,65,48,76,47,43,57,45,48,54,67,63,48,47,81,60,50,53,52,62,68,68,34,36,41,48,48,46,36,42,73,45,42,34,25,50,49,54,43,39,46,42,43,49,41,42,37,45,42,35,45,56,,61,69,72,72,82,88,128,119,40,52,47,66,45,12,27,18,30,,30,39,27,32,33,,29,32,26,26,40,29,46,37,40,36,34,,38,25,125,135,104,91,94,115,115,127,,51,45,38,44,64,49,55,90,73,62,57,177,35,59,16,23,20,,35,,30,33,20,,,19,28,42,37,44,28,7,29,25,44,23,169,141,144,132,54,,62,89,45,86,79,78,47,64,56,56,58,57,61,68,55,57,74,33,131,69,145,171,220,139,151,148,189,145,136,125,180,114,84,84,80,49,50,43,41,104,97,88,116,124,135,131,40,50,41,,128,127,122,106,91,122,70,,179,180,312,,142,165,166,183,73,93,91,,143,,147,116,132,123,122,64,108,,39,52,63,86,,81,,97,120,104,124,140,134,119,59,51,,55,63,53,127,123,123,,27,31,35,,28,,34,,,33,31,44,41,48,37,43,40,43,39,37,45,19,20,26,49,43,42,17,,,27,29,32,59,50,67,,44,35,71,64,67,76,36,,56,48,68,83,166,173,188,77,40,62,46,66,53,145,213,,110,88,9,40,8,,8,,,13,52,,56,13,254,264,235,211,86,88,95,116,98,81,,99,84,61,86,55,68,75,81,103,80,68,57,138,126,152,151,141,56,46,57,53,57,,47,38,66,33,41,,78,124,51,124,55,71,51,57,58,,21,19,39,35,43,52,41,50,50,53,47,31,21,34,45,34,8,21,,74,24,57,,30,127,57,160,100,71,108,124,168,111,163,185,143,,46,,,,18,21,,21,111,137,106,103,94,81,66,66,68,63,83,72,87,61,118,200,116,143,79,25,103,28,27,84,141,127,183,47,59,70,83,97,113,99,89,115,85,47,53,28,37,49,42,9,,12,12,,9,151,28,87,29,,,27,16,,,32,15,28,,39,55,17,32,26,49,,32,77,38,50,,,51,51,96,28,40,,15,24,,,30,24,20,42,17,16,36,25,30,48,52,36,,20,27,,41,40,46,41,,80,64,199,94,27,31,94,49,52,256,245,362,121,118,116,139,81,48,34,37,30,36,61,41,73,38,53,77,42,55,140,132,71,74,68,40,42,32,69,59,78,113,87,,110,90,70,,,104,50,65,90,75,75,70,59,38,40,56,54,75,86,69,59,46,46,56,54,,,63,76,66,46,78,45,39,79,65,77,82,85,57,62,30,,32,32,42,,,59,31,25,30,13,,,,37,28,,44,32,62,53,,14,,16,79,86,82,189,161,189,31,40,182,168,167,140,137,86,102,96,720,635,55,46,56,154,210,155,193,,49,81,73,102,83,82,95,91,159,158,146,152,93,142,111,62,64,41,42,117,108,85,52,126,130,65,52,68,78,65,64,66,47,49,,51,130,119,137,45,25,39,24,,,98,79,92,169,,177,51,54,63,39,36,63,42,114,,81,119,173,118,,54,75,,62,30,151,225,143,88,109,107,92,55,93,130,80,62,46,31,41,16,98,84,87,117,,96,81,132,145,51,36,33,34,110,,163,129,94,,15,27,,,66,,,42,54,49,44,,30,23,24,22,,,15,32,43,46,34,55,44,44,29,31,104,,90,114,81,100,96,114,96,33,47,71,47,42,21,21,20,,41,39,46,37,42,126,121,103,101,111,52,19,23,19,24,37,37,46,43,90,119,125,134,92,117,164,158,162,167,167,90,106,73,111,118,139,126,62,,100,46,62,122,123,138,139,93,99,113,56,65,114,64,64,21,17,43,23,24,117,53,73,40,54,91,70,68,67,66,57,58,56,55,55,64,52,46,50,58,65,92,83,41,44,,43,48,49,56,69,64,70,76,,95,141,116,121,,38,50,38,34,134,68,102,46,72,78,75,86,86,67,61,57,117,58,70,37,67,82,,64,57,,74,51,58,66,66,69,96,64,80,85,54,40,90,132,140,,60,93,110,112,91,120,97,114,15,16,7,18,40,35,22,32,19,,16,12,13,15,14,15,19,27,36,31,24,32,31,,30,30,12,22,34,12,32,22,,,4,16,24,9,27,48,26,34,34,59,67,76,60,44,16,15,12,23,32,75,90,119,77,61,29,32,29,48,73,108,12,24,44,20,61,,82,,34,38,64,25,26,,88,121,60,64,37,47,100,107,268,97,91,194,146,40,50,58,61,20,17,25,21,42,,142,75,126,38,,264,27,98,50,,19,,24,34,57,62,61,66,,,,,6,44,50,,31,33,25,28,35,46,37,34,30,47,20,24,20,49,37,15,,41,53,52,53,64,140,349,,80,94,77,111,93,108,129,116,81,154,120,71,137,70,63,23,62,57,84,148,171,154,173,334,487,508,144,227,62,55,54,52,19,5,48,87,40,32,,105,55
20160416,0,PM10_24h,141,88,109,107,98,117,108,,73,87,119,110,,175,179,160,150,172,166,,198,183,237,179,148,159,,109,156,163,130,117,149,209,197,191,235,203,215,212,95,108,117,131,153,135,149,197,175,121,166,147,189,180,162,158,126,171,157,153,65,85,67,98,61,111,100,111,100,149,157,142,188,169,142,140,141,158,86,136,,87,108,99,112,106,175,160,122,101,115,100,83,109,92,87,62,89,87,,107,89,83,84,98,,113,119,76,72,71,68,86,65,72,85,58,96,84,72,75,68,58,65,67,62,85,86,80,87,,82,97,90,102,71,79,96,84,118,103,113,112,105,109,91,120,106,156,136,145,142,124,113,149,166,126,109,113,121,99,118,133,108,96,101,114,127,112,111,139,140,115,134,199,142,166,,171,182,218,128,138,147,144,116,176,116,132,119,134,142,138,139,143,160,159,128,156,,125,150,151,137,136,156,169,115,126,125,114,129,51,90,68,66,125,114,120,,65,49,27,68,48,82,69,,101,45,45,88,71,82,84,,50,70,89,68,86,79,69,37,52,60,,104,,102,56,,78,68,66,61,,,46,49,52,54,43,32,34,36,41,114,140,116,114,141,95,127,131,114,134,53,59,52,64,53,61,,55,86,49,55,47,38,47,52,46,43,51,197,274,231,220,240,,209,246,65,75,58,70,58,66,65,90,121,187,196,188,165,183,165,184,173,157,55,61,72,65,69,62,66,75,82,52,57,42,34,51,31,60,54,42,44,57,46,51,,56,54,36,66,48,38,54,39,32,29,30,34,28,20,42,31,31,28,34,36,52,32,28,32,45,43,40,40,45,48,64,37,35,31,26,36,43,40,46,46,39,45,38,44,29,31,25,30,32,73,84,105,,88,83,91,89,86,101,107,112,48,70,68,67,61,57,47,41,40,37,52,52,45,53,67,55,45,54,50,44,61,47,70,50,45,45,51,,50,32,82,115,103,81,95,81,82,92,,54,62,52,55,64,67,56,90,72,78,65,151,65,116,89,91,81,109,113,130,159,67,105,,103,105,107,92,54,96,77,24,57,44,45,64,126,126,122,109,101,,98,107,55,81,78,56,52,58,47,47,44,42,44,51,47,48,80,36,97,96,124,150,160,134,136,130,97,84,95,88,90,118,91,96,85,69,70,65,61,98,102,85,86,104,96,109,58,59,51,41,264,204,206,185,159,187,137,,211,188,247,,227,196,186,208,147,173,173,,187,,211,173,203,182,172,130,107,81,69,67,79,138,,138,,170,173,148,198,163,176,171,95,93,,68,86,91,234,163,258,,50,44,56,43,50,48,49,40,44,44,53,57,52,58,51,55,50,52,60,48,60,13,22,30,33,31,32,20,21,26,38,46,44,52,48,58,51,52,51,48,49,53,59,74,42,72,51,77,74,174,205,219,131,109,119,112,97,96,129,137,,157,137,101,175,71,85,85,67,149,144,233,196,73,64,169,140,128,105,67,71,79,95,102,67,,84,86,61,74,51,88,55,88,98,65,55,58,109,119,108,111,105,59,41,72,58,51,,40,77,73,82,79,60,78,75,106,111,58,96,72,71,100,65,61,40,64,83,97,103,115,111,94,55,51,44,30,44,51,45,14,235,297,278,202,239,248,260,155,81,221,126,96,172,149,209,148,238,238,248,197,180,164,173,140,142,165,256,145,92,100,87,72,101,88,91,78,99,89,107,79,94,69,93,139,93,114,64,95,107,52,40,60,83,75,98,83,83,82,107,97,116,91,96,121,96,51,47,28,29,26,28,54,47,48,47,55,29,79,41,70,39,47,75,57,43,48,52,49,39,51,55,37,52,32,47,41,59,52,48,68,21,50,,63,79,95,90,126,130,126,81,80,92,103,84,66,81,125,44,41,60,45,59,63,67,60,154,104,126,164,38,51,45,69,,106,106,229,174,26,20,53,38,34,119,93,88,176,182,208,244,129,83,63,74,67,68,83,84,126,76,103,116,95,101,140,154,91,90,70,49,40,50,132,113,129,121,139,,110,147,137,188,,146,100,125,165,158,176,94,87,65,70,92,98,101,103,79,80,50,48,62,60,,,82,97,40,84,62,68,74,137,119,134,115,86,81,74,168,183,154,179,187,136,84,143,142,88,91,89,,81,113,82,79,,91,79,108,82,114,53,,60,175,136,160,137,137,154,63,61,172,180,190,90,92,78,103,85,415,339,99,102,88,138,135,109,152,,51,77,74,87,84,73,90,82,117,84,89,101,75,124,100,59,63,65,69,103,84,92,63,116,117,67,69,61,50,57,53,41,40,43,100,52,149,91,100,61,36,55,33,,,117,77,114,139,160,102,34,23,37,90,90,36,26,136,174,110,144,235,134,,83,97,73,84,80,131,197,152,90,105,82,85,58,71,84,68,55,51,34,44,35,170,130,147,114,,120,127,162,160,108,117,94,108,170,110,95,83,86,74,49,45,59,48,68,49,48,37,38,42,36,8,36,29,34,27,29,,26,42,52,49,42,61,48,58,41,31,68,58,52,64,69,78,68,85,77,34,50,50,47,54,29,49,48,51,42,25,48,38,41,69,78,76,76,66,53,39,41,41,36,35,36,37,39,158,152,168,182,194,187,200,233,204,223,227,130,150,129,146,150,153,157,111,,156,178,102,167,172,155,201,129,122,137,50,52,93,56,62,61,86,102,69,69,75,71,65,42,57,76,80,82,82,81,49,52,46,54,43,48,47,42,53,45,65,81,66,54,60,68,48,60,57,64,62,64,67,65,,79,137,114,119,44,52,60,48,49,86,58,71,43,70,78,91,92,97,78,62,61,94,76,81,64,85,104,,77,76,75,73,57,59,77,71,72,102,108,88,106,67,66,84,140,129,,68,76,112,111,102,100,109,133,33,27,18,25,33,32,25,28,24,20,23,21,43,38,36,41,33,43,40,49,37,47,58,,51,59,44,46,60,55,59,46,38,36,16,20,28,16,23,39,40,43,38,42,49,61,67,84,27,25,27,29,44,70,130,105,109,70,51,52,57,57,89,111,45,48,56,76,47,,69,,35,62,54,32,28,17,89,119,67,61,51,56,91,114,180,108,117,145,120,38,49,51,60,37,31,28,27,58,,208,49,45,41,,167,40,41,41,,30,37,26,29,79,80,78,80,40,,37,101,78,92,98,32,26,37,34,43,53,51,32,41,71,72,46,48,45,37,26,11,,59,62,38,64,60,78,112,62,70,117,68,84,70,201,156,155,128,121,94,146,232,56,40,23,66,64,57,82,93,117,198,275,314,302,183,195,56,40,80,27,15,13,24,48,39,46,65,107,52
20160416,0,SO2,4,2,3,4,6,2,6,6,2,4,5,3,,51,60,60,52,39,63,,46,13,34,45,10,41,,14,13,15,23,15,11,22,166,101,109,91,158,146,24,23,13,16,10,21,16,17,18,21,28,21,20,19,28,7,6,11,6,5,7,9,10,7,13,12,7,9,9,120,21,73,23,65,22,15,12,26,44,7,,6,5,6,8,2,7,12,11,5,3,10,5,3,6,8,25,44,54,,22,22,36,22,51,,23,6,28,9,8,6,11,4,16,14,5,26,17,23,11,13,10,11,13,21,24,35,27,28,,11,54,29,42,33,9,18,13,13,12,11,11,11,11,11,11,19,15,14,15,14,16,2,16,12,7,18,12,14,16,10,19,13,14,19,18,24,18,13,18,16,21,30,30,31,22,,40,26,125,9,21,58,24,14,12,19,12,8,14,17,16,20,13,26,15,14,11,,15,19,20,12,14,14,25,21,17,11,12,11,9,17,15,8,44,30,11,,4,3,9,19,3,4,6,,11,3,5,8,8,9,8,,8,10,15,6,6,8,13,6,7,,,18,,13,17,,8,4,3,11,,,7,7,5,22,8,19,1,4,3,13,14,34,12,12,12,13,13,9,20,3,3,7,5,2,4,,5,7,6,5,4,9,10,22,10,7,8,23,23,20,21,36,,29,23,20,9,21,8,33,17,11,12,10,19,14,16,15,4,18,8,13,12,4,5,4,7,7,11,5,8,8,10,9,11,8,6,12,18,8,14,8,7,6,7,,12,13,17,23,7,5,22,7,6,4,5,3,6,7,11,2,5,6,10,7,5,4,2,17,9,13,19,12,7,7,4,4,2,12,3,6,8,4,12,3,4,5,4,7,8,4,5,7,3,25,25,11,,7,11,8,9,5,9,6,9,5,6,5,9,14,3,3,5,7,4,3,7,8,5,4,3,8,6,6,3,3,7,3,9,9,7,5,,10,7,1,12,5,7,4,5,44,9,,18,7,20,10,23,21,43,6,6,6,5,13,6,18,5,2,5,2,7,13,10,6,2,,4,6,3,3,5,5,4,2,11,10,4,8,34,10,45,25,12,,4,21,10,18,6,2,11,17,37,36,43,10,9,12,7,33,22,2,89,16,5,5,5,6,5,7,19,22,8,3,13,21,20,14,9,27,11,14,7,23,18,12,11,14,10,19,10,8,7,5,37,29,24,8,18,24,11,,28,28,38,,30,84,64,84,18,21,20,,27,,17,25,18,13,32,14,10,6,9,3,19,16,,6,,9,21,46,26,110,23,101,9,5,,17,8,9,32,54,26,,30,14,8,10,13,17,7,3,9,7,23,2,24,9,4,12,8,10,3,3,4,3,3,7,8,9,10,4,4,8,3,2,3,6,5,12,13,13,14,24,13,8,16,23,25,3,15,31,21,33,38,44,14,14,9,11,14,9,17,17,,21,10,3,7,2,4,6,17,5,7,14,22,28,7,15,12,8,15,11,14,21,47,23,14,,61,20,8,16,6,32,12,20,98,20,11,10,64,186,49,56,67,13,12,14,13,14,,10,8,8,15,4,12,16,37,12,24,6,9,12,11,4,13,7,7,45,11,6,4,11,8,5,8,10,11,10,18,47,28,4,26,7,7,19,4,16,4,24,29,32,21,26,15,17,32,18,28,23,7,31,11,20,5,5,15,13,9,11,9,9,3,19,10,13,10,42,5,21,16,2,9,49,19,17,8,13,11,1,7,4,3,28,64,59,26,8,5,8,10,9,8,7,10,14,9,1,2,12,16,31,7,5,14,10,4,10,6,219,12,135,7,2,2,5,6,8,8,7,6,7,10,10,6,7,4,7,4,19,4,4,2,1,,3,19,25,8,7,8,7,4,7,6,11,6,2,7,7,2,3,2,2,5,4,2,2,16,2,7,12,5,4,1,115,,13,15,323,88,2,17,2,5,1,5,2,4,17,21,21,27,5,6,6,1,11,12,6,7,14,7,10,8,14,20,15,11,4,19,17,13,2,17,12,12,21,12,14,,9,15,11,,,10,6,12,5,8,12,16,10,4,6,9,8,8,12,19,2,5,7,12,11,,,5,3,8,21,13,10,8,21,14,28,21,6,9,5,10,18,9,12,12,7,14,31,13,9,14,13,,16,9,3,4,,12,12,17,21,8,10,,11,13,16,17,32,40,75,3,1,15,9,11,28,24,7,6,33,15,12,20,2,7,43,42,45,55,,7,8,12,12,23,11,16,20,31,23,32,14,14,16,13,16,10,2,4,39,6,13,7,6,3,9,10,6,17,14,36,8,7,7,5,2,4,11,13,3,2,3,6,,,9,8,3,13,22,29,12,33,42,13,8,11,17,11,18,30,7,44,16,,18,11,17,26,19,6,32,36,8,8,62,9,12,6,41,4,7,20,23,9,3,10,11,9,,,15,17,21,21,8,4,8,9,43,8,27,11,4,14,12,16,5,5,6,18,3,12,29,12,16,2,4,14,7,5,6,,7,1,4,4,1,4,4,1,2,7,13,27,28,24,33,34,73,52,56,3,40,173,40,27,10,8,5,14,8,1,13,21,21,15,15,11,33,54,36,9,4,4,5,28,42,35,50,45,22,22,28,29,76,36,28,35,86,24,16,16,12,43,65,33,25,27,,45,10,7,37,36,43,26,16,27,34,8,2,4,9,1,10,9,10,17,6,4,5,5,8,38,25,18,14,17,5,10,11,3,7,5,2,5,5,10,8,10,21,10,12,9,9,7,9,7,10,28,58,78,28,6,45,28,19,19,2,5,5,3,13,15,11,16,7,27,,7,9,13,9,12,12,60,19,9,4,7,8,,3,1,4,13,3,3,17,10,23,18,6,6,15,10,48,100,10,10,,10,2,6,6,11,227,7,9,4,9,2,2,3,9,4,4,4,10,2,3,3,3,4,4,3,14,5,6,19,14,14,,9,12,6,33,5,3,7,7,7,3,2,5,6,2,14,16,7,19,26,1,3,11,8,17,7,4,1,9,32,11,10,23,7,6,17,11,11,11,13,4,12,12,26,5,12,,15,,3,4,12,9,13,3,3,15,5,8,19,19,22,10,31,19,38,6,9,4,9,2,3,13,7,18,7,4,8,4,5,15,5,,7,8,7,9,8,6,4,5,6,3,5,6,2,1,,6,2,2,10,4,12,10,8,2,4,9,18,8,5,12,6,2,9,2,5,11,3,,8,15,26,7,20,12,6,16,1,29,7,2,33,4,32,6,7,16,7,1,6,1,3,,3,2,10,17,8,10,3,24,20,12,13,11,6,8,3,8,3,1,12,6,38,20,9,13,16
20160416,0,SO2_24h,21,9,18,17,21,15,16,18,11,12,19,13,,31,37,31,35,24,44,,31,30,32,33,23,30,,49,37,45,46,46,32,41,101,87,88,92,100,110,24,32,15,22,29,45,34,45,47,32,45,44,39,40,53,14,10,18,12,14,19,16,23,27,20,33,34,35,31,83,18,49,43,50,36,41,32,64,63,20,,19,20,36,17,20,25,34,22,22,16,23,11,7,14,13,10,37,24,,30,24,24,16,28,,23,10,24,11,10,10,15,8,19,26,10,22,11,12,8,12,9,14,10,18,13,20,20,24,,17,36,29,30,29,16,48,20,15,14,13,15,9,12,14,13,21,24,22,23,23,23,8,21,14,13,14,10,17,13,9,14,12,13,22,28,33,18,15,20,19,23,31,29,27,20,,37,18,145,21,35,73,34,20,19,26,19,14,18,20,28,26,21,36,28,28,23,,26,33,33,8,18,22,27,17,26,9,10,13,6,11,13,8,38,23,8,,10,7,10,20,8,10,13,,21,8,7,14,14,20,15,,12,16,17,11,11,14,15,6,10,7,,31,,21,15,,12,16,9,10,,,13,14,8,12,9,15,3,5,6,25,16,37,15,19,15,13,13,13,24,4,4,7,6,4,5,,5,8,5,3,6,6,10,13,7,9,4,26,32,23,29,42,,33,29,22,11,19,8,19,18,10,12,17,28,26,32,23,15,26,21,25,25,12,13,12,15,16,16,10,16,14,22,8,14,8,6,11,17,9,13,9,6,6,8,,12,13,14,23,6,6,21,7,5,4,5,4,22,7,13,2,6,5,10,6,7,4,3,13,7,10,4,12,8,8,5,4,2,12,2,6,7,5,12,8,5,8,5,7,7,3,5,6,2,15,37,12,,7,10,9,9,6,10,7,9,5,5,5,6,12,5,5,9,8,4,7,8,20,8,11,10,8,10,8,5,9,13,4,8,7,6,5,,8,9,7,7,6,7,7,6,10,7,,27,11,36,19,16,19,19,4,6,6,6,12,8,19,10,6,7,6,9,11,11,16,5,,6,11,3,5,6,5,4,8,16,13,6,9,24,10,15,17,10,,3,14,9,13,7,10,51,20,30,47,34,10,10,14,8,33,12,4,42,11,10,10,8,10,13,11,14,8,9,5,7,19,23,15,12,24,15,22,17,26,26,18,12,14,11,22,10,8,6,7,40,29,26,5,15,23,10,,35,40,39,,39,67,48,47,28,48,26,,25,,16,17,18,14,37,17,12,8,10,10,30,36,,11,,18,26,48,34,43,22,34,10,4,,23,13,14,32,75,41,,35,10,10,10,16,18,9,3,8,8,22,2,7,9,4,11,8,11,3,3,5,3,3,8,8,9,10,4,3,7,3,2,3,8,6,10,13,12,9,7,6,3,8,24,26,10,17,30,32,22,37,43,23,27,22,21,25,21,21,16,,22,12,19,9,12,2,11,10,39,32,42,40,63,30,16,12,13,12,9,13,20,26,27,14,,29,18,6,14,6,58,11,23,67,41,12,10,51,81,34,46,60,14,9,15,10,10,,8,12,57,31,9,18,9,23,14,14,5,10,16,9,8,15,10,6,40,15,15,5,16,15,13,35,37,35,36,53,32,61,31,54,54,65,57,56,54,46,41,55,54,37,50,23,21,28,22,46,47,29,51,28,46,23,31,57,48,49,43,11,12,5,20,12,23,20,48,13,10,46,11,13,43,19,22,9,16,12,4,12,3,3,25,25,24,16,14,6,9,9,17,18,21,21,30,15,1,2,10,7,9,4,10,19,14,18,19,7,69,14,37,8,5,13,10,8,11,6,6,7,6,2,8,4,6,4,8,4,16,6,5,3,2,,5,16,26,8,13,16,10,12,14,16,22,7,3,8,11,3,3,4,6,6,6,3,3,22,11,14,16,5,5,2,23,,9,11,60,21,2,13,1,4,1,8,4,5,23,34,33,43,22,12,6,5,11,12,6,10,14,11,12,9,17,22,19,20,6,22,16,13,3,18,16,13,16,16,20,,18,18,26,46,,12,9,14,27,22,31,20,15,12,18,15,16,13,16,10,4,9,8,15,14,,,8,7,5,18,14,14,15,25,20,59,25,9,11,6,59,61,47,72,64,26,33,50,30,27,31,20,,22,11,11,17,,23,21,33,53,42,27,,33,21,4,8,24,22,38,3,2,6,12,10,23,30,10,15,13,11,11,24,4,7,28,33,28,37,,7,8,8,14,18,9,11,10,23,11,24,9,14,15,12,25,11,7,15,48,27,10,5,9,6,10,14,8,10,13,34,14,8,7,9,3,7,17,14,3,7,6,16,,,9,13,6,10,20,28,16,22,40,20,10,21,23,27,18,32,10,33,13,,23,12,21,26,20,14,41,31,12,23,27,41,19,15,35,12,6,28,29,7,5,14,14,16,20,,17,19,24,13,19,15,22,14,29,10,24,8,28,17,14,13,5,4,10,11,27,10,11,12,12,2,2,11,5,8,9,,8,2,6,6,2,4,4,9,2,8,13,22,25,24,35,19,38,30,35,3,38,93,36,26,15,23,16,26,20,45,12,20,23,9,9,10,25,31,18,13,4,14,15,13,26,30,32,63,50,55,38,54,60,53,32,33,46,29,19,29,23,32,131,52,38,32,,47,29,21,37,36,38,27,21,29,27,25,1,11,12,1,14,9,30,21,14,12,10,8,16,43,48,29,29,27,9,11,12,14,18,13,4,6,4,8,5,7,12,8,11,12,12,11,12,7,8,20,23,46,25,4,56,24,35,41,16,12,15,9,25,31,12,42,6,16,,8,13,20,38,20,13,58,24,11,6,10,9,,20,5,6,12,3,4,17,20,17,23,19,13,16,15,38,58,13,11,,17,7,10,14,18,34,10,12,12,15,5,8,4,10,4,10,5,9,4,3,10,12,12,13,1,8,19,5,27,19,13,,14,14,5,28,10,8,6,4,6,4,2,4,6,2,12,20,10,27,29,5,37,10,10,18,7,12,26,15,19,7,8,21,9,6,13,10,7,12,14,40,16,14,30,6,6,,17,,2,11,20,8,12,4,3,15,8,12,24,21,12,13,20,12,8,7,9,8,9,6,6,14,7,16,4,7,8,4,6,12,5,,20,6,16,11,7,13,4,6,5,7,10,8,6,4,,6,12,21,6,4,10,8,8,5,6,9,17,9,6,19,10,3,9,3,5,9,6,,9,16,12,7,21,11,6,11,2,31,7,2,23,4,16,6,7,6,8,2,9,2,3,,7,7,10,13,7,6,2,12,13,8,9,4,8,14,5,6,3,6,12,7,12,16,15,12,15
20160416,0,NO2,16,11,7,21,17,20,35,20,5,33,14,13,,101,74,40,78,64,109,,107,82,148,56,56,147,,54,23,23,32,30,17,11,97,113,77,132,122,108,26,28,53,41,25,57,57,50,60,48,47,78,44,48,57,27,29,21,15,29,8,8,8,8,7,32,22,22,23,100,100,111,36,93,41,55,34,41,41,12,,5,6,15,12,2,4,25,8,17,7,11,6,21,9,8,29,37,48,,25,48,36,52,54,,33,18,29,7,12,15,14,20,15,18,12,38,35,44,21,43,18,13,16,19,48,38,48,38,,86,102,48,33,64,34,30,16,47,34,29,32,39,22,30,19,15,24,31,29,38,22,43,53,23,27,33,33,27,32,35,39,28,33,39,42,33,50,47,20,24,12,34,41,46,26,,37,46,34,19,25,16,19,29,60,37,21,56,78,49,34,69,31,54,56,24,33,,20,30,27,43,26,32,39,17,48,23,14,34,20,17,26,21,43,61,30,,35,38,11,48,27,35,42,,39,28,69,22,10,10,24,,11,21,16,47,47,79,44,16,6,,,28,,29,38,,40,28,27,24,,,21,14,14,34,23,28,15,20,12,30,45,16,26,33,63,50,39,7,41,46,45,40,59,54,60,,28,37,29,36,20,6,43,67,16,21,18,21,18,16,24,8,,24,2,17,10,5,29,8,8,10,15,18,43,41,38,19,31,33,27,26,18,27,41,42,44,37,36,25,21,54,40,15,36,10,39,16,48,38,23,34,34,62,51,,45,47,42,60,62,16,64,29,14,24,20,25,14,9,52,5,11,19,20,25,24,38,7,68,62,62,77,51,7,50,54,7,7,6,4,21,17,16,9,25,27,27,28,35,11,13,17,7,10,28,16,33,,17,8,29,9,16,35,26,49,6,12,15,11,19,7,22,15,14,12,19,34,20,7,33,13,20,25,10,10,16,46,43,72,63,67,64,,46,38,5,43,9,28,18,25,24,55,,30,14,9,16,11,24,28,28,47,41,18,76,11,48,42,63,41,34,42,46,21,32,16,,24,79,46,41,11,34,42,22,19,24,17,1,51,48,71,58,66,,57,36,61,46,60,9,24,26,37,18,41,31,48,41,17,13,16,14,46,23,12,3,14,10,9,17,17,14,11,7,15,31,27,10,14,9,8,19,6,21,20,21,15,32,31,35,31,39,48,18,35,37,24,33,21,36,33,,40,35,29,,24,40,37,29,39,26,24,,31,,22,21,35,15,10,20,21,9,9,9,8,11,,10,,12,33,23,30,21,16,28,26,6,,18,7,10,40,18,32,,20,22,31,9,30,26,27,18,16,16,19,8,5,9,8,17,4,2,8,4,4,5,23,46,7,15,14,16,13,10,3,2,2,33,47,54,17,19,21,46,38,46,36,2,6,28,21,40,53,22,27,30,36,27,11,13,13,16,23,34,,34,24,6,20,12,25,4,1,27,25,17,17,16,21,4,7,4,9,10,11,15,34,11,13,,31,39,13,26,8,34,14,22,55,13,13,5,33,54,40,38,43,17,15,16,18,12,,10,14,15,20,13,7,18,73,14,62,18,23,18,15,6,15,16,21,23,11,23,21,16,18,48,32,37,12,15,2,51,5,3,35,6,1,25,22,10,10,60,38,34,48,70,30,30,45,34,44,24,47,11,17,16,18,20,21,12,19,9,34,49,55,31,43,37,41,18,25,33,17,10,30,25,19,18,9,31,2,22,19,30,5,11,58,37,59,10,11,14,22,12,16,20,12,22,7,7,5,42,42,31,34,4,19,17,11,8,12,62,10,29,18,2,2,10,14,20,17,15,23,23,30,59,22,7,15,14,55,35,20,26,46,9,,34,13,8,16,35,29,58,17,32,16,26,6,36,65,59,17,26,35,41,30,46,39,45,9,41,30,24,8,16,3,36,,16,26,63,37,16,11,7,20,7,16,8,6,23,30,20,28,28,13,7,,28,27,13,11,20,31,11,21,26,8,12,4,4,19,5,7,8,9,35,45,43,25,20,,23,26,28,,,37,20,18,27,25,32,28,24,29,21,44,52,20,19,24,46,34,20,28,41,,,21,19,13,20,8,20,13,28,17,28,23,29,41,35,4,16,14,7,20,12,16,32,11,10,42,6,,7,12,16,1,,4,2,31,12,19,33,,25,16,30,19,19,43,32,6,7,28,35,28,26,25,22,19,40,7,2,7,8,4,29,37,36,44,,5,7,48,13,18,48,10,23,18,23,23,27,22,16,25,14,19,8,15,48,25,63,25,24,14,41,43,32,11,18,20,11,2,18,2,47,19,34,63,19,18,8,16,,,49,27,18,13,38,44,14,43,14,16,15,5,8,49,4,35,28,41,24,,17,27,14,28,8,12,24,15,49,59,76,21,57,58,116,2,45,24,32,28,12,23,28,26,,,10,20,61,49,12,20,11,23,22,16,83,49,54,12,31,31,33,20,39,14,19,24,32,41,20,2,22,24,14,35,57,,21,13,43,43,3,3,3,14,8,3,14,7,14,10,12,18,34,25,19,8,24,30,28,18,5,4,3,3,7,33,28,34,38,29,26,3,29,30,14,9,4,11,3,21,16,42,33,49,77,95,60,43,41,41,34,45,36,30,22,23,28,26,18,49,22,21,,17,10,19,27,25,70,22,25,28,39,54,16,18,10,23,6,17,6,8,14,10,10,9,21,20,35,19,21,40,38,25,22,14,9,3,2,8,6,12,19,10,36,28,37,15,35,20,36,23,6,14,18,21,17,33,70,68,50,75,11,12,12,1,12,27,42,33,57,51,4,8,13,7,1,7,6,13,13,20,2,3,11,,16,35,9,44,9,14,39,25,41,18,11,23,22,13,16,24,13,24,,14,16,27,48,2,14,11,12,6,24,12,27,17,24,22,28,14,18,18,10,7,14,13,9,8,30,22,17,3,21,10,,14,22,9,17,22,11,15,36,14,9,2,55,45,28,5,7,6,8,10,9,8,17,62,42,8,11,4,7,9,17,28,22,17,24,19,15,16,16,8,13,9,9,11,7,32,,42,,2,2,5,3,9,9,22,29,16,5,8,19,18,6,27,34,22,52,37,15,23,33,23,7,5,,23,7,12,19,23,27,12,,56,7,4,33,15,11,28,43,31,59,43,31,31,6,,8,6,12,40,24,5,47,15,13,9,16,23,51,45,15,30,6,13,10,39,75,40,,6,11,32,33,11,4,7,9,14,15,71,60,92,18,58,45,29,35,65,12,9,2,4,4,42,31,12,74,118,112,38,113,104,111,53,49,39,25,,20,2,7,71,44,16,14,36,20,74
20160416,0,NO2_24h,47,36,60,61,68,60,73,59,38,57,48,62,,83,81,53,79,75,82,,91,103,69,78,60,79,,69,49,57,67,51,34,26,89,103,74,101,103,96,50,66,78,73,67,56,59,47,63,54,50,81,51,49,68,29,31,28,27,36,28,25,29,28,17,82,68,67,73,79,72,63,49,45,43,71,58,71,53,33,,17,20,28,36,19,37,45,26,45,32,37,35,52,40,23,26,35,41,,35,75,42,47,52,,39,39,41,25,23,29,33,32,23,54,26,59,40,44,42,46,20,22,27,23,46,31,32,28,,84,78,50,28,67,28,54,34,62,55,54,54,55,46,46,39,34,33,38,36,45,34,45,56,25,29,38,54,43,56,52,45,50,70,21,24,19,29,32,25,29,15,38,35,34,19,,33,40,31,32,35,29,35,60,67,57,53,71,74,57,51,61,37,63,55,36,47,,48,51,41,40,22,46,45,13,42,20,10,36,22,21,26,23,38,55,28,,43,44,11,60,21,48,53,,50,38,44,57,37,55,64,,18,46,46,59,56,85,55,18,18,36,,38,,35,39,,34,28,27,27,,,39,29,24,33,20,24,25,22,22,62,46,27,32,58,79,38,39,11,60,36,42,43,46,39,42,,39,47,30,20,22,8,18,39,12,30,22,19,29,52,46,54,,50,4,22,22,13,33,18,27,17,16,39,55,78,55,67,43,50,58,49,46,20,55,40,22,31,38,32,26,46,34,19,49,11,31,19,54,47,29,32,16,54,43,,40,40,36,54,52,30,52,38,25,39,28,51,35,15,62,9,15,24,31,31,40,36,13,52,48,50,40,35,19,47,48,17,11,13,11,22,22,20,12,33,33,39,44,40,12,21,22,12,13,48,37,36,,26,12,40,14,24,33,30,38,6,13,20,12,28,18,43,22,25,27,34,24,32,25,48,34,26,47,27,28,35,62,30,35,41,41,41,,24,18,16,47,17,22,20,31,38,52,,30,17,10,15,6,27,21,13,27,22,9,37,15,64,34,37,48,39,60,45,19,29,37,,23,46,20,26,13,21,26,24,22,28,11,3,16,20,18,23,19,,40,38,48,39,39,13,32,34,37,25,35,30,32,34,21,15,5,12,37,18,21,16,20,17,16,24,19,14,11,8,12,37,36,24,26,23,21,30,25,35,40,25,21,44,45,46,31,39,41,18,41,38,38,29,18,31,28,,37,40,33,,38,49,33,36,48,57,31,,48,,15,22,22,13,8,33,32,14,12,26,17,17,,18,,23,22,26,29,21,20,29,24,8,,27,20,28,46,26,32,,30,27,32,19,43,21,21,16,20,19,25,10,6,10,8,20,6,3,11,4,4,9,26,36,8,16,13,31,21,21,6,4,6,39,56,51,12,17,21,27,24,26,22,22,22,31,16,32,31,18,26,27,30,47,30,28,26,32,29,41,,48,31,12,34,18,31,8,7,69,63,65,65,46,35,10,15,10,13,17,20,25,44,31,18,,32,36,17,28,13,47,29,40,50,36,22,26,44,65,45,44,47,35,21,41,23,28,,10,32,46,30,21,14,13,56,28,43,18,26,27,22,14,25,19,21,19,11,35,24,26,27,44,13,22,15,9,7,33,11,3,67,68,51,57,48,61,64,38,48,42,48,59,32,14,36,35,49,53,76,23,45,48,40,41,32,36,27,27,38,51,48,35,45,45,36,26,42,31,17,11,23,24,17,16,11,29,3,26,25,20,6,7,38,20,41,14,12,16,19,14,27,23,25,31,20,9,7,11,17,16,13,25,17,28,27,30,10,39,11,34,24,11,11,27,29,14,17,13,22,13,12,25,11,12,20,31,23,16,18,35,42,25,,34,14,12,30,41,42,54,14,40,33,37,16,39,51,68,10,28,44,40,30,43,41,53,43,55,52,33,8,14,6,15,,6,10,15,8,13,5,2,13,11,35,24,17,25,36,22,27,31,27,12,3,38,28,12,15,25,39,16,23,28,13,21,13,11,26,12,14,11,15,49,52,36,62,60,,41,46,63,40,,67,33,28,51,49,63,29,23,39,42,38,38,14,12,21,44,35,26,49,58,,,34,30,11,19,12,17,20,29,21,33,22,42,33,21,30,45,34,49,51,18,22,30,18,19,17,16,,22,34,22,5,,9,3,44,36,52,26,,21,6,8,5,24,32,27,16,13,20,25,20,30,33,25,24,24,7,4,5,8,4,32,41,31,50,,8,17,24,21,28,35,14,28,17,15,21,24,36,31,35,34,34,32,32,34,42,33,18,31,20,35,39,26,10,14,22,9,2,14,2,34,15,30,36,16,23,12,17,,,47,35,17,12,34,46,26,21,13,32,22,16,12,85,9,54,29,23,19,,25,30,20,28,9,27,27,44,17,27,43,30,24,19,69,13,54,41,33,23,10,37,46,42,36,,28,16,43,19,17,24,26,35,18,16,37,21,30,33,35,35,38,15,33,15,16,18,19,21,15,2,14,16,12,35,47,,21,20,43,39,3,6,3,17,10,3,14,6,13,10,12,15,28,29,18,9,23,19,22,20,6,13,14,14,18,23,18,23,22,22,18,4,29,24,14,15,11,16,11,14,14,30,26,67,58,69,45,73,36,48,37,48,38,34,25,42,36,28,42,54,25,29,,24,24,30,20,23,36,21,30,21,39,41,19,22,12,20,7,21,22,19,18,23,22,18,25,20,39,26,33,34,45,22,18,15,11,3,5,12,10,10,16,9,28,18,22,21,35,21,31,29,7,14,12,22,17,18,29,26,22,39,13,22,24,15,26,16,22,26,37,32,3,13,14,12,3,8,9,13,10,17,4,13,24,,14,32,20,29,8,17,18,20,18,13,10,21,26,12,15,21,12,26,,19,16,29,32,12,22,18,24,21,35,19,29,11,16,8,22,12,16,17,12,17,25,21,18,9,22,14,16,5,27,19,,21,22,38,38,36,32,15,46,17,12,3,20,32,28,4,6,13,10,12,8,9,16,35,26,6,13,11,11,23,14,22,21,24,23,21,14,13,11,10,17,19,16,14,18,24,,27,,9,6,15,7,10,13,23,33,14,3,22,26,12,9,15,17,22,40,22,14,8,37,34,9,8,,24,8,11,13,14,20,10,,13,8,17,15,12,13,19,25,21,22,33,29,28,8,,6,23,25,15,8,4,25,20,17,9,10,10,19,24,13,30,9,7,11,12,47,17,,7,6,6,19,10,4,5,10,14,16,16,21,34,5,12,9,13,17,17,11,15,5,6,3,41,35,9,20,34,41,19,54,50,45,26,40,43,28,39,12,3,11,22,18,12,17,47,18,61
20160416,0,O3,75,94,80,78,77,64,55,74,83,54,70,93,,62,93,31,84,89,60,,52,57,13,80,33,20,,67,20,75,69,72,44,128,80,69,74,49,60,76,141,129,157,154,170,59,57,57,62,91,71,77,77,73,59,43,46,58,75,29,108,114,123,114,123,52,73,74,86,76,90,58,78,38,82,62,72,70,41,52,,50,56,52,43,65,81,66,76,87,104,63,74,83,78,75,85,101,93,,120,72,113,81,96,,126,150,128,133,138,152,158,130,150,141,112,134,107,95,133,103,122,135,121,106,100,31,49,66,,22,18,52,49,51,60,43,77,98,101,93,114,78,107,108,124,109,87,70,111,86,112,97,71,96,94,65,66,81,75,76,70,86,81,73,74,72,20,68,148,145,116,135,103,97,104,,70,94,81,59,78,82,93,88,67,58,104,48,54,72,48,44,62,71,38,60,63,,78,85,26,70,43,99,86,121,70,89,97,89,119,119,113,125,79,48,88,,63,45,49,79,38,62,57,,86,66,17,77,105,116,102,,115,100,95,36,37,10,43,91,89,,,82,,66,65,,53,47,54,94,,,58,73,60,45,83,52,95,84,85,65,40,55,81,66,59,48,63,82,71,28,23,44,53,23,12,,58,49,41,22,49,92,,9,63,57,94,117,132,143,133,150,,118,142,130,137,115,103,124,146,93,108,128,95,58,62,48,83,37,62,59,69,25,17,22,18,19,38,20,45,8,41,37,53,50,30,47,34,36,43,33,25,3,2,,5,1,11,3,9,43,1,27,81,92,84,78,66,71,65,67,96,92,77,87,49,40,55,5,8,4,,5,38,5,2,27,29,42,51,34,26,19,27,40,35,42,41,32,74,65,70,73,80,24,38,6,,72,81,44,68,79,66,82,42,88,69,38,40,40,69,64,60,61,67,45,37,46,52,43,59,55,65,60,67,53,74,12,11,11,14,12,,20,35,44,42,71,41,70,68,60,44,,90,105,113,111,75,114,70,94,96,97,119,59,142,35,31,19,44,31,32,41,60,27,62,,37,11,44,40,132,56,50,60,40,55,64,92,21,23,32,39,18,,4,19,29,25,31,30,37,33,29,40,22,30,15,30,29,36,102,7,9,33,82,78,80,67,83,88,73,73,58,87,83,136,128,142,122,118,125,104,113,116,141,128,135,113,74,134,38,29,21,32,113,109,143,52,63,85,79,,135,128,93,,142,47,24,44,29,147,129,,54,,61,107,103,82,119,102,108,123,101,117,114,100,,117,,107,97,93,110,136,122,138,79,123,,95,152,133,92,104,85,,39,32,5,49,32,47,67,66,72,79,68,39,26,46,47,47,8,53,50,40,46,59,29,6,83,64,67,51,46,53,58,40,56,17,12,6,53,23,51,13,20,7,25,42,10,32,50,20,18,116,131,133,39,66,63,82,83,55,57,80,,81,37,49,31,23,30,50,33,65,61,80,86,90,91,106,100,60,74,150,104,140,117,161,158,,123,101,147,94,147,117,168,129,85,122,169,180,127,124,164,136,143,138,133,134,129,139,,149,70,68,53,92,96,25,9,39,,48,51,83,87,94,100,6,63,92,43,80,36,80,86,75,19,22,51,31,46,34,73,68,34,50,57,38,35,77,42,67,92,87,39,55,129,119,82,110,70,109,22,102,78,87,44,76,55,9,59,68,5,8,8,12,40,23,12,28,87,65,78,84,58,77,22,26,26,20,21,20,52,5,73,15,9,10,1,32,57,77,41,116,90,69,87,80,103,81,93,16,13,27,20,43,36,47,76,69,62,36,84,92,108,79,59,77,59,6,45,54,52,13,22,5,5,63,9,6,17,33,55,50,76,69,,56,109,103,42,18,33,19,39,28,59,38,44,37,8,31,60,10,7,5,16,4,10,2,56,39,50,38,103,104,82,65,,82,100,43,58,105,92,33,79,54,76,82,117,71,93,139,127,60,76,142,1,96,94,131,138,117,98,127,96,127,138,153,120,84,99,124,126,91,110,57,63,53,86,99,,74,,89,,,84,46,6,84,68,88,65,117,58,27,51,36,,86,45,73,41,59,53,69,,,92,61,45,66,84,71,78,87,96,91,92,11,16,63,19,84,33,21,80,79,71,52,90,81,32,82,,87,94,37,41,,30,26,71,101,79,27,,22,92,56,71,90,68,118,84,88,66,61,58,73,43,43,68,50,97,87,39,109,107,83,132,82,75,,176,153,85,125,217,91,122,176,112,108,77,48,134,108,118,116,133,110,106,24,49,15,57,51,58,34,42,36,64,34,73,49,69,51,45,23,24,29,25,33,59,65,2,,,46,27,50,35,42,82,44,31,,52,35,24,43,90,67,96,126,92,134,,88,95,38,89,105,110,130,134,62,5,10,41,54,14,14,,6,22,51,40,47,104,56,82,33,,30,115,132,40,84,68,99,82,83,57,121,15,16,45,48,46,25,32,17,57,26,29,25,14,23,,45,47,54,18,17,,54,47,34,24,41,70,92,88,98,14,31,31,37,23,45,17,20,36,25,28,52,57,51,60,51,55,57,54,58,14,25,8,7,17,9,,26,19,31,55,56,56,57,54,68,44,49,27,15,12,38,88,57,64,97,122,99,146,86,73,73,87,86,76,80,97,,83,80,86,101,112,105,116,101,102,115,14,64,68,24,45,98,32,58,90,66,85,70,86,65,58,29,41,33,23,28,43,42,59,75,46,60,55,56,73,82,77,,1,5,25,12,23,12,11,30,39,35,32,37,78,17,18,6,17,62,53,59,57,55,3,4,3,9,5,44,44,39,38,49,7,43,41,25,32,39,34,43,,22,34,66,46,25,12,34,53,43,55,61,54,74,48,41,37,56,58,,37,49,54,71,133,15,103,111,92,81,98,94,16,47,24,58,60,59,61,61,63,60,65,65,47,44,49,47,85,68,78,,70,45,42,54,76,56,6,181,6,76,88,7,4,5,56,60,74,61,74,37,56,50,14,70,76,70,80,65,87,102,14,84,108,1,100,94,90,73,18,37,68,94,116,127,12,,48,,87,99,103,92,53,,24,82,23,,90,103,79,106,69,62,91,17,55,85,58,7,75,66,35,54,30,122,130,68,91,62,85,,19,12,49,60,64,41,22,10,8,4,39,26,58,50,,62,98,70,51,43,28,21,54,103,95,55,78,2,3,94,100,43,51,62,37,35,39,,81,71,50,53,91,89,110,112,10,55,10,11,11,17,38,19,25,21,7,130,150,53,52,84,24,31,63,31,5,72,77,10,10,,49,49,53,80,,44,101,99,29,61,53,66,39,75,2
20160416,0,O3_24h,146,94,149,168,158,136,126,98,84,62,144,126,,155,171,53,196,191,197,,171,128,190,130,106,206,,156,114,165,138,130,91,188,146,149,132,139,148,149,184,172,201,178,213,217,168,206,211,168,146,157,140,159,99,133,151,127,146,99,182,162,200,167,185,112,164,198,203,179,242,233,204,222,203,216,167,193,155,112,,90,117,110,104,117,114,164,103,92,118,67,89,92,90,88,94,153,152,,177,81,156,144,137,,175,150,138,138,143,159,158,154,150,141,127,134,115,108,137,112,127,145,133,122,151,110,152,116,,63,43,67,80,73,82,64,98,134,134,140,151,133,140,163,155,141,162,138,202,170,216,175,151,177,155,140,120,145,126,147,149,146,136,140,139,122,37,127,198,191,143,188,195,184,189,,120,187,161,199,121,133,151,132,165,140,181,118,173,172,100,148,143,159,121,137,121,,106,123,68,107,137,134,135,194,116,144,156,132,147,141,142,142,116,83,142,,136,118,131,165,148,139,130,,181,142,120,123,127,136,135,,146,137,104,79,83,83,85,109,130,82,,180,,158,153,,152,128,142,126,,,100,105,113,104,126,103,125,127,96,116,121,107,170,140,127,123,114,165,133,134,71,128,160,125,147,,103,159,83,114,109,126,89,73,87,93,127,176,202,203,170,219,,187,209,130,137,115,107,124,146,94,119,128,235,144,237,195,210,148,165,161,250,96,121,112,103,114,138,99,121,108,65,63,111,96,89,80,82,77,77,86,100,6,6,,9,21,17,7,10,43,4,33,81,95,87,78,77,81,71,91,124,128,77,87,49,53,57,7,12,9,31,16,45,9,14,27,40,46,51,37,46,32,30,40,49,50,41,39,97,71,79,97,118,30,40,20,,99,121,60,88,117,126,137,111,113,157,75,96,101,69,93,70,101,71,86,110,113,69,78,83,104,75,116,99,68,118,93,89,95,80,85,,78,93,160,138,160,143,160,146,143,149,,119,118,132,137,129,129,103,148,178,150,166,164,161,96,129,136,90,116,92,117,72,68,94,,115,128,103,103,137,100,98,99,117,83,124,371,99,86,125,96,84,,20,42,90,49,109,40,82,60,73,90,102,82,94,90,74,84,183,77,77,52,115,104,118,96,111,128,101,103,90,113,110,168,152,158,152,131,166,135,136,175,222,215,152,131,88,152,121,128,106,76,206,202,210,134,147,182,172,,242,261,148,,219,154,90,149,120,236,181,,136,,144,205,171,170,218,162,149,182,137,178,119,187,,214,,190,192,158,189,233,215,247,123,157,,109,159,158,252,228,235,,98,90,19,91,78,104,134,138,137,138,112,94,67,119,108,111,112,78,89,76,89,69,60,66,128,126,128,55,50,56,73,54,75,19,12,16,113,75,108,89,90,89,123,58,12,94,134,65,91,138,158,169,121,100,91,107,137,92,142,189,,174,126,108,107,78,77,116,60,139,127,129,159,155,157,137,128,83,126,164,113,154,134,167,171,,152,136,160,110,163,140,177,142,129,127,173,189,157,143,196,166,169,138,133,134,129,139,,149,107,74,107,139,135,94,98,93,77,129,100,114,124,108,127,129,106,101,93,161,91,151,174,133,85,62,79,57,75,77,99,93,133,136,165,125,166,179,131,210,208,181,93,208,191,177,156,168,162,244,128,219,167,167,87,176,131,146,132,137,75,57,77,55,63,76,81,64,104,100,129,132,139,140,123,95,76,86,56,37,76,75,118,52,81,79,72,101,140,238,115,156,131,105,134,133,134,82,93,99,78,78,76,49,58,57,98,70,96,71,107,138,137,130,101,108,70,39,55,104,77,57,94,66,41,76,57,58,55,79,80,69,76,69,,73,145,131,113,65,68,70,119,129,90,125,99,85,97,98,107,74,66,65,94,83,90,75,65,90,82,158,113,119,89,99,,118,125,116,115,150,109,70,138,62,91,88,117,167,236,224,352,109,84,149,155,115,119,144,143,182,184,185,143,179,199,199,144,84,101,124,126,92,110,126,146,143,148,155,,128,,126,84,,138,85,16,147,123,136,166,245,135,90,150,129,,144,79,129,120,105,75,104,,,121,77,77,164,161,186,199,168,172,179,180,76,94,107,87,201,94,62,220,196,149,148,139,129,144,160,,158,161,89,72,,83,59,136,168,141,91,,52,122,118,99,111,106,142,90,94,124,123,104,101,60,94,110,116,136,125,42,130,121,115,132,93,77,,183,167,134,134,219,117,123,183,130,139,87,55,134,108,118,133,148,116,114,125,72,94,96,108,125,98,98,106,80,40,98,102,107,105,97,112,84,64,82,116,84,106,85,,,113,102,112,61,124,152,82,96,,106,75,88,86,337,92,110,196,200,200,,144,133,109,167,156,155,210,210,88,92,111,76,123,124,32,45,20,49,99,82,94,158,118,154,91,,78,142,256,91,106,106,174,85,181,141,200,97,74,89,70,61,109,103,140,139,76,84,84,81,80,,121,143,124,47,59,,65,94,137,99,129,85,115,108,119,56,77,67,86,45,106,52,59,80,67,75,82,92,89,84,57,56,58,54,58,119,61,61,43,51,31,,57,61,69,65,70,72,66,94,117,88,94,176,182,172,196,187,218,174,144,191,146,205,214,165,179,160,181,159,177,146,,141,146,169,177,181,181,194,149,169,176,95,112,129,41,98,158,69,105,145,119,132,116,134,129,123,113,92,92,75,95,135,129,164,196,96,110,101,104,109,130,129,52,46,67,64,57,71,64,36,72,69,74,63,64,118,83,98,72,86,75,108,127,90,125,74,64,53,59,65,85,97,61,60,68,111,105,108,111,100,39,63,106,,94,117,137,97,45,43,115,120,111,102,111,108,130,111,107,105,142,150,,58,97,102,168,140,249,149,144,100,96,108,128,38,87,47,89,104,98,101,102,83,87,93,88,91,104,78,83,96,73,83,,75,69,62,66,94,61,38,181,19,83,221,74,46,59,77,84,86,78,87,66,219,111,28,91,151,144,138,142,138,117,47,134,169,18,156,135,136,119,41,88,107,142,150,153,100,,90,,121,131,145,93,170,5,81,172,46,63,103,132,146,163,156,164,156,98,190,102,91,148,176,103,70,103,80,149,157,101,130,121,130,,87,28,70,135,124,78,81,79,80,117,123,63,119,56,,97,117,127,125,79,99,98,97,105,100,79,121,95,96,110,113,79,92,93,103,94,91,,109,101,139,123,146,112,142,118,60,86,102,85,82,64,105,72,60,50,103,157,176,59,57,134,45,48,118,111,133,200,135,152,84,166,123,71,98,117,94,113,107,106,156,150,84,81,93,160,5
20160416,0,O3_8h,96,81,98,103,99,83,73,60,57,47,88,103,,86,99,32,104,98,95,,78,69,116,76,60,114,,102,66,112,104,95,62,154,124,108,107,97,98,119,162,131,158,162,169,126,100,127,124,122,104,108,101,106,74,77,76,74,85,57,141,132,161,140,154,60,74,92,88,92,142,125,154,142,149,133,101,101,93,59,,60,67,60,44,65,89,78,71,74,94,52,68,77,74,75,87,127,121,,138,65,126,107,116,,142,137,119,131,140,151,144,139,143,113,106,81,75,77,89,76,108,116,94,100,92,44,68,79,,36,27,44,49,46,58,38,68,99,106,94,123,96,108,130,130,117,129,106,161,128,165,139,116,137,129,95,79,100,91,100,99,109,104,110,107,96,29,101,144,144,123,138,154,144,152,,97,145,123,80,92,96,106,109,119,91,141,83,115,124,72,105,107,125,89,101,97,,93,102,50,73,47,66,84,154,88,112,123,106,130,125,125,133,98,58,114,,90,71,76,92,79,87,77,,87,97,57,87,98,99,92,,114,97,78,29,32,14,41,98,95,59,,104,,83,86,,88,83,80,100,,,50,61,60,59,101,69,94,98,80,96,76,80,130,98,87,84,86,126,109,41,27,43,55,35,21,,45,42,43,48,55,100,30,22,63,52,92,133,142,157,140,160,,137,155,124,129,109,91,114,134,88,88,116,163,93,151,119,133,85,110,107,138,57,58,64,55,59,83,57,72,61,50,38,63,59,45,56,39,42,50,46,47,3,2,,6,2,10,4,9,40,1,29,76,82,70,56,54,75,58,73,109,94,66,76,40,42,49,5,8,2,11,8,39,5,3,17,26,36,41,31,23,23,20,32,29,35,30,23,82,62,72,76,91,21,30,6,,84,91,48,78,91,81,98,68,81,90,35,48,44,57,51,52,47,60,33,39,38,43,34,45,44,49,43,55,40,62,31,41,40,34,39,,35,56,122,67,103,82,125,102,80,83,,100,104,117,107,98,107,78,125,133,125,147,112,146,44,43,41,48,39,37,52,68,41,57,,53,44,69,56,130,70,64,73,56,69,99,92,62,55,91,62,59,,12,34,61,36,77,36,46,34,37,56,46,44,45,49,37,50,159,33,30,35,92,86,98,77,94,106,81,86,64,91,98,151,134,145,132,120,141,115,120,146,176,175,136,121,75,139,38,37,39,36,140,139,155,82,89,114,107,,150,160,114,,169,73,42,70,49,168,135,,80,,98,148,125,120,155,110,109,131,97,123,106,113,,134,,125,145,118,146,158,139,162,77,111,,88,140,138,126,134,125,,32,27,6,41,26,56,82,84,73,86,60,50,35,51,64,61,28,52,50,44,49,48,40,35,81,68,77,52,46,51,61,43,58,16,10,9,61,32,51,27,31,24,44,49,11,56,84,36,51,128,143,152,73,66,61,83,83,55,95,122,,111,73,57,31,20,33,54,36,57,51,79,80,85,107,108,103,66,70,139,101,129,113,149,156,,128,122,152,104,154,130,160,133,93,121,165,174,129,126,155,135,140,103,105,96,108,96,,133,64,54,49,89,91,45,29,34,22,55,75,87,89,93,101,29,76,76,60,123,66,120,134,105,42,33,52,37,50,44,74,80,57,69,78,54,69,100,55,125,129,117,59,121,142,131,111,121,108,169,71,154,114,125,64,114,57,48,55,68,25,20,25,30,47,24,16,28,71,73,100,101,99,110,28,40,36,32,24,24,57,7,83,30,31,36,24,61,106,131,82,130,98,80,98,95,111,71,79,59,43,51,44,44,44,44,76,67,73,45,99,106,121,86,66,73,56,14,40,69,52,30,51,34,22,66,16,10,42,61,68,27,43,40,,40,116,109,68,41,43,51,67,66,59,66,77,62,58,71,75,32,13,10,39,23,17,21,54,46,53,73,109,114,85,87,,96,113,86,95,129,100,56,114,56,69,70,101,102,132,169,176,70,71,129,29,87,87,124,130,127,107,162,121,126,143,150,114,74,88,114,118,87,106,81,91,90,95,100,,103,,80,66,,88,69,12,120,104,114,109,173,96,61,98,84,,119,48,84,44,63,46,72,,,93,65,60,93,103,102,105,123,128,132,131,14,17,67,39,143,63,41,86,138,78,78,83,76,68,84,,86,93,39,45,,32,31,90,114,99,61,,33,105,91,88,89,81,125,83,84,94,90,76,75,37,62,79,77,113,104,40,104,110,75,114,77,63,,174,151,110,120,208,93,117,165,117,105,77,47,112,92,98,110,130,108,98,64,24,47,71,68,81,62,68,56,67,36,75,68,73,73,53,50,51,39,56,72,65,59,40,,,55,46,64,44,67,105,55,69,,52,42,45,55,126,63,95,148,114,166,,116,114,69,128,121,118,161,163,67,28,55,34,75,56,16,26,10,20,60,53,68,123,71,121,49,,45,125,153,65,76,75,126,79,120,87,149,40,29,59,60,55,34,44,27,71,24,46,46,46,52,,68,59,55,16,15,,44,52,50,31,77,74,98,92,104,29,45,40,50,28,73,29,33,43,39,58,63,69,68,71,51,53,56,51,55,27,23,23,19,29,15,,34,32,40,55,57,59,58,75,87,67,69,93,71,77,97,118,124,101,99,130,96,132,161,128,124,128,140,123,132,110,,96,96,112,142,144,145,153,126,144,152,49,71,82,28,63,94,43,70,98,74,83,73,84,89,82,55,47,46,40,43,81,77,75,92,66,80,71,73,87,107,105,18,18,36,37,28,42,32,20,39,40,47,36,39,90,47,52,45,47,58,74,82,69,65,31,33,20,26,33,61,44,48,43,56,33,46,44,42,39,14,24,28,,22,75,92,61,32,25,74,77,77,75,86,79,92,82,74,69,72,101,,50,71,74,120,111,16,116,125,97,86,99,116,31,68,38,74,77,71,71,77,57,54,59,62,64,65,54,60,81,56,67,,59,37,32,44,68,49,10,164,9,75,87,49,27,32,64,68,72,63,74,54,100,85,22,56,123,114,110,108,112,106,36,96,141,5,112,109,105,88,19,27,60,85,120,127,38,,64,,100,106,114,87,61,,51,119,34,35,94,109,107,128,109,126,123,54,111,91,82,83,114,73,36,78,49,134,140,83,109,92,99,,64,13,52,102,92,56,55,54,51,56,69,36,78,51,,76,91,72,83,62,56,56,57,93,90,63,97,54,44,99,105,49,61,67,77,72,72,,94,86,105,73,121,98,128,96,30,64,72,52,48,24,81,52,38,30,59,142,161,54,52,108,37,40,101,86,85,153,110,104,56,111,78,58,76,100,,85,100,93,100,106,70,75,33,108,2
20160416,0,O3_8h_24h,105,81,106,115,109,91,80,76,57,61,95,108,,102,118,37,116,121,127,,117,103,153,91,68,154,,122,86,139,115,103,71,159,132,120,113,113,117,128,166,132,159,164,169,181,139,174,175,143,126,129,116,131,85,121,123,107,114,94,155,142,174,150,164,77,103,116,131,148,205,196,185,189,180,172,127,150,120,80,,78,95,93,73,98,101,128,88,81,102,59,83,79,75,82,88,139,133,,160,65,137,129,123,,156,137,119,131,140,151,144,141,143,121,108,86,82,86,89,84,108,116,97,100,97,69,101,110,,58,39,59,75,64,75,52,87,118,125,116,140,118,135,138,152,131,152,131,189,158,196,161,143,165,153,130,113,148,134,138,143,166,124,135,135,115,34,117,181,180,140,171,182,171,177,,113,171,145,91,112,120,131,130,181,148,170,146,163,171,100,137,130,155,111,129,113,,103,113,60,89,95,129,131,192,104,129,139,118,141,136,135,139,108,78,133,,119,104,117,143,123,122,114,,147,126,100,106,115,112,119,,151,121,94,63,63,55,66,109,116,74,,151,,129,136,,124,112,111,107,,,78,89,85,92,121,95,105,113,85,121,113,100,153,123,113,111,99,161,135,130,65,107,144,119,128,,91,132,64,103,85,117,75,63,80,76,116,167,184,186,156,184,,174,197,124,129,109,103,114,134,88,113,116,213,131,214,178,185,131,152,146,225,82,101,97,84,99,115,88,99,100,82,60,101,87,72,67,64,65,64,78,75,5,4,,8,9,13,5,9,40,2,30,76,92,71,56,54,78,60,78,117,111,66,76,40,44,50,6,10,6,16,10,39,7,7,19,26,36,41,31,26,27,20,32,38,37,31,28,89,68,75,88,108,23,30,11,,90,101,53,82,102,103,115,95,102,143,66,88,84,57,57,52,70,60,58,80,70,45,53,56,74,54,67,67,51,87,63,72,72,59,75,,67,89,132,122,144,123,146,131,120,132,,111,111,126,123,121,120,94,141,162,144,161,151,153,70,116,128,74,97,63,103,70,72,79,,93,120,89,79,131,92,89,90,63,94,122,174,93,80,117,83,80,,15,39,74,43,95,38,66,46,65,75,82,63,67,64,57,69,173,58,55,49,106,90,108,89,101,121,95,100,85,111,109,157,142,151,136,126,156,127,129,157,189,202,136,122,75,140,105,105,83,72,182,179,180,165,129,169,157,,195,208,138,,204,128,75,125,91,211,164,,113,,129,200,171,162,205,133,127,151,114,147,109,156,,182,,162,174,141,172,206,187,210,112,150,,96,140,141,196,190,195,,59,54,16,77,42,95,118,120,124,122,103,79,56,70,94,93,42,73,79,69,81,61,54,55,117,111,118,53,46,51,67,48,66,16,10,11,107,68,98,79,84,83,111,50,11,72,117,58,81,138,151,162,108,88,83,98,155,85,137,175,,156,119,109,115,99,76,108,64,105,85,96,114,121,126,125,119,79,104,139,101,129,115,149,156,,140,129,153,106,155,137,160,136,104,121,165,174,129,127,155,135,140,103,105,96,108,96,,133,91,60,92,122,120,83,80,73,64,114,92,104,113,104,114,68,102,100,79,149,80,145,161,125,64,42,69,55,70,61,90,104,115,107,125,98,113,136,96,179,177,157,79,171,171,161,141,149,149,226,118,200,145,151,77,155,153,163,162,162,60,53,65,56,54,74,72,63,83,79,116,112,114,124,109,86,78,87,51,31,82,46,123,48,67,68,54,84,122,179,106,138,106,90,108,109,117,74,79,89,70,73,78,44,48,46,81,67,79,60,105,122,134,98,74,77,56,29,40,91,64,54,106,67,45,66,34,38,46,68,74,55,66,53,,59,136,126,91,64,61,60,108,112,102,97,97,80,90,90,114,63,55,54,84,71,69,54,63,67,56,156,110,116,88,94,,109,121,108,111,134,105,63,127,59,77,77,108,149,200,204,214,92,78,141,147,110,113,136,137,168,161,179,138,160,178,190,138,74,88,114,118,88,106,117,127,135,117,120,,110,80,99,88,,111,78,13,133,114,124,150,224,121,79,132,112,,138,71,122,66,83,53,82,,,109,72,86,139,136,158,155,155,161,167,167,63,76,100,96,182,86,130,157,179,123,120,119,110,123,132,,134,136,124,74,,100,59,114,147,123,84,,46,118,113,97,105,95,136,86,88,118,116,99,100,58,83,96,104,132,119,42,135,126,83,120,84,71,,174,153,118,120,208,110,117,167,119,105,79,52,118,95,109,117,139,111,102,91,44,79,88,96,111,87,89,94,77,37,91,93,94,95,82,108,77,60,82,110,80,91,81,,,105,89,112,58,117,141,78,91,,87,64,84,78,292,64,98,178,172,187,,135,136,99,162,152,127,183,182,95,65,90,70,121,132,27,37,16,28,80,76,96,145,101,147,81,,71,146,184,74,86,114,198,79,139,112,198,100,55,78,65,59,93,91,127,126,61,80,81,78,77,,114,131,112,30,45,,51,100,140,97,120,99,128,115,131,47,80,74,98,53,92,42,54,69,59,66,88,97,96,91,52,53,56,51,55,119,49,50,38,49,35,47,65,68,64,63,67,67,62,99,128,94,93,148,146,146,170,162,190,150,128,170,129,182,204,155,160,150,169,147,161,138,,130,134,155,155,158,163,169,139,159,167,83,103,115,38,90,148,60,94,129,105,116,102,120,118,111,95,81,84,65,83,122,114,104,130,88,102,91,94,98,122,119,42,39,53,50,42,57,47,25,64,61,66,54,62,103,72,83,65,78,58,89,101,78,120,55,58,39,50,56,77,74,58,54,65,91,89,91,87,82,26,42,79,,91,108,128,85,42,38,104,109,101,93,104,99,117,99,93,88,118,130,,54,80,82,143,121,165,133,130,99,88,102,124,34,72,41,77,86,81,83,88,61,66,70,66,71,79,84,71,82,57,67,,59,62,32,44,68,49,26,172,16,75,107,60,37,42,69,77,77,70,82,63,119,105,25,67,144,140,128,136,130,108,44,98,158,14,140,128,125,107,30,77,85,116,141,143,68,,67,,125,128,142,89,80,5,74,161,44,56,100,116,142,159,153,160,147,89,165,101,87,119,148,98,55,98,67,142,153,98,123,121,133,,85,31,69,126,113,67,74,70,69,110,119,54,128,52,,84,96,112,126,76,95,90,94,101,96,71,114,89,93,107,106,88,93,97,97,85,91,,116,108,135,123,140,109,138,109,44,75,95,78,76,51,103,64,56,45,102,149,167,56,55,123,40,44,109,101,126,187,122,140,76,153,102,65,84,109,86,105,100,104,129,127,78,78,69,151,4
20160416,0,CO,0.5,0.3,0.7,0.4,0.4,0.5,0.3,0.3,0.3,0.4,0.3,0.3,,3.054,3.059,3.061,2.579,2.882,2.053,,2.911,1.53,3.057,2.07,1.188,2.347,,0.756,2.332,0.684,0.959,0.987,0.516,0.763,3.018,4.444,3.26,4.224,4.67,3.298,0.824,0.652,1.041,,0.749,1.314,1.2,1.192,1.153,1.053,0.982,1.003,1.021,0.845,1.36,0.297,0.484,0.373,0.53,0.735,0.259,0.413,0.188,0.289,0.326,0.403,0.231,0.494,0.367,1.933,1.654,1.573,0.993,0.97,0.945,1.092,0.838,0.929,1.309,0.391,,0.283,0.299,1.074,0.406,0.973,0.513,1.181,0.283,0.26,0.6,0.247,0.216,0.262,0.441,1.261,1.05,0.653,0.845,,1.3,0.655,0.895,0.877,0.73,,0.761,0.715,1.307,0.783,0.801,0.924,0.652,1.054,0.824,1.018,0.303,0.796,0.69,0.876,0.613,0.773,0.645,0.811,0.636,0.681,0.787,2.12,2.29,0.847,,1.163,1.283,0.757,2.14,1.299,1.128,1.052,0.605,0.334,0.402,0.587,0.295,0.74,0.348,0.386,0.601,0.583,1.307,0.464,0.247,0.159,0.687,0.877,0.511,0.204,0.541,0.362,0.597,0.422,0.432,0.472,0.54,0.785,0.769,0.654,0.704,0.668,0.795,0.437,0.614,0.64,0.777,0.664,0.726,1.238,1.046,,1.165,0.805,1.167,0.636,0.296,0.562,0.607,0.887,1.487,1.378,0.66,1.62,0.835,0.521,2.228,1.949,0.916,0.898,0.662,0.601,0.474,,0.39,0.425,0.475,0.901,1.007,0.831,0.462,1.232,1.766,0.625,1.722,1.037,0.522,0.604,0.778,0.754,1.628,1.197,1.781,,0.544,0.457,0.298,0.404,0.382,0.656,0.682,,0.579,0.674,1.036,0.486,0.434,0.483,0.508,,0.414,0.512,0.667,0.822,0.775,0.856,0.721,0.401,0.368,,,0.592,,1.319,0.638,,0.901,0.742,0.941,0.412,,,0.513,0.443,1.107,0.582,0.412,0.641,0.209,0.236,0.4,0.667,0.652,0.664,0.507,0.778,0.735,1.234,0.627,0.979,1.592,0.775,0.405,0.864,0.89,0.954,0.994,,0.764,0.644,0.991,0.869,0.767,0.537,0.885,1.265,1.246,0.985,0.645,0.573,0.68,0.335,0.658,0.556,,0.493,0.518,0.684,0.661,0.709,0.594,0.442,0.481,0.289,0.959,0.511,1.434,1.155,1.743,0.784,1.042,1.418,1.144,0.823,1.132,0.624,0.619,0.903,0.737,0.962,1.011,0.854,0.727,0.823,1.037,0.655,1.37,0.787,0.936,0.895,0.839,0.944,0.706,1.004,1.01,1.069,1.414,,0.833,0.981,0.929,1.376,0.926,0.724,0.838,0.991,0.367,1.148,0.624,0.955,0.498,0.67,0.705,0.655,0.684,0.816,0.734,0.64,0.676,0.65,0.575,0.443,0.831,0.973,0.578,0.73,0.424,0.649,0.828,0.742,0.52,0.639,1.654,0.589,0.635,0.563,0.547,0.71,0.635,0.796,0.607,0.701,0.697,0.646,0.684,0.668,0.372,0.876,0.675,0.745,,0.873,0.8,0.962,1.007,0.963,0.846,0.618,0.803,0.304,0.531,0.452,0.489,0.529,0.141,0.3,0.155,,0.45,0.53,0.42,0.637,0.732,0.456,0.474,0.08,0.099,0.132,0.035,0.802,0.526,0.74,1.152,0.593,0.796,1.047,,0.726,0.662,0.733,0.979,0.64,0.679,0.875,0.703,1.112,0.966,,1.309,0.498,0.198,0.749,1.94,0.526,1.255,0.358,0.588,0.414,0.187,0.576,0.496,1.482,0.892,1.838,0.775,1.074,0.953,2.345,0.788,0.76,0.452,,1.589,,0.759,0.28,0.72,0.676,0.626,0.374,0.291,1.083,0.939,0.6,0.92,0.773,0.907,0.671,0.895,,0.722,0.987,0.555,0.598,0.448,0.254,0.788,0.733,0.962,1.018,0.995,0.912,0.821,0.828,0.927,0.786,0.548,0.49,1.318,1.213,0.635,0.542,0.44,0.63,0.661,0.908,0.651,0.619,0.211,0.241,0.517,1.503,0.794,0.733,0.534,1.52,1.004,0.36,1.987,0.884,0.538,0.398,0.856,1.365,0.903,0.899,0.777,0.735,0.653,0.627,1.543,1.303,1.066,1.41,1.093,0.884,1.187,,0.86,1.415,1.247,,0.97,1.155,0.966,0.951,1.07,0.776,1.168,,1.21,,0.732,0.541,0.546,0.918,0.809,0.494,0.258,0.588,0.54,0.42,0.606,0.515,,0.551,,0.406,0.793,1.032,0.669,0.832,2.084,0.721,0.377,0.338,,0.417,0.837,0.503,0.953,0.77,0.833,,0.918,1.118,0.571,0.726,0.704,1.406,1.083,0.703,0.773,0.744,1.016,0.565,0.689,1.086,0.569,1.27,1.583,0.5,0.465,0.734,0.472,0.849,0.88,1.501,0.976,0.75,0.742,0.944,0.894,0.816,0.558,0.722,0.862,0.794,0.862,0.775,1.602,1.597,0.908,2.033,1.909,1.845,2.15,0.735,1.27,0.51,0.94,2.603,2.291,1.063,1.17,1.321,1.333,1.599,0.484,0.663,0.496,0.547,1.568,3.22,,2.042,1.187,1.187,1.818,1.788,3.176,1.868,3.115,2.141,1.008,0.657,0.811,0.725,0.899,0.417,0.651,1.918,0.576,0.935,0.635,0.778,2.025,0.737,0.581,,0.824,1.964,0.574,1.756,0.652,0.865,1.274,1.608,3.163,0.885,1.08,0.481,1.164,0.698,1.214,1.28,1.399,0.616,0.563,0.53,0.587,0.558,,0.498,0.85,1.072,0.242,0.631,0.684,1.493,0.746,0.713,1.091,0.827,0.98,0.575,0.594,0.631,0.768,0.513,0.498,1.422,0.472,0.438,0.464,0.514,0.406,0.971,0.915,0.704,0.823,0.819,0.411,0.832,1.92,0.603,0.974,1.95,2.219,0.442,1.308,1.862,2.003,0.617,0.591,1.292,1.095,1.44,1.579,2.199,2.483,1.408,1.739,1.633,1.474,1.875,0.72,0.648,0.776,0.43,1.038,1.241,0.966,0.733,1.037,0.769,1.063,1.138,0.938,0.98,0.937,1.084,1.158,0.71,1.129,1.018,0.998,0.751,1.327,1.017,1.885,0.875,,0.55,1.825,,1.115,1.729,1.729,1.335,2.118,0.743,1.252,0.7,1.053,1.037,1.114,1.288,1.225,1.383,0.996,0.822,0.608,0.699,1.209,0.664,0.601,0.505,0.405,0.309,0.563,0.292,0.522,4.72,0.95,1.822,2.162,,0.323,0.243,,0.441,0.207,0.441,0.252,0.964,1.078,0.723,0.848,0.387,0.432,0.899,0.368,0.839,0.546,1.098,0.924,0.697,,0.715,0.673,0.678,0.515,0.725,0.666,1.062,0.306,0.447,0.453,0.605,1.526,1.533,0.726,1.316,0.508,0.427,0.731,0.592,0.62,0.566,0.936,0.645,0.573,0.576,0.596,0.533,0.418,0.254,0.947,1.628,,0.577,0.358,1.154,0.614,0.882,0.814,1.187,0.418,0.435,0.335,0.434,0.559,0.726,0.586,0.784,0.967,0.535,0.337,0.42,0.092,0.571,0.377,0.442,0.338,0.782,0.133,1.38,2.543,1.138,0.396,1.423,0.702,0.578,0.463,0.807,0.784,1.268,0.808,0.411,0.922,0.687,0.645,0.567,,0.359,0.588,0.52,,,0.692,0.733,0.946,0.649,0.435,0.519,1.055,1.865,0.359,0.533,0.354,0.449,0.604,0.505,0.557,0.517,0.616,0.697,0.461,0.751,,,0.014,0.524,0.67,0.497,0.39,0.254,0.429,0.905,0.64,0.575,0.699,0.56,0.945,0.806,1.969,1.163,1.215,1.598,1.164,0.648,0.634,0.969,0.616,0.459,0.874,0.551,,0.465,0.16,2.026,1.576,,1.705,1.804,0.906,0.408,0.601,1.148,,1.312,0.434,0.752,0.446,0.705,1.408,0.986,0.33,0.407,0.601,0.77,0.584,0.686,0.229,0.683,0.694,0.886,0.348,0.506,0.319,0.702,0.155,4.058,1.946,2.799,1.567,,1.198,0.98,1.354,0.568,0.828,0.674,1.673,0.757,2.649,1.42,2.997,3.848,1.087,0.842,1.921,0.902,0.968,0.691,0.637,1.482,1.137,0.931,0.901,0.615,0.903,1.48,1.062,1.18,0.915,1.778,1.204,0.795,1.676,2.113,,0.673,0.953,1.331,1.777,0.952,0.665,0.498,0.369,,,0.942,1.252,1.153,1.491,1.162,1.05,0.224,0.554,0.378,0.23,0.399,,0.502,0.447,0.5,0.554,0.324,0.491,0.717,,0.565,0.387,0.537,0.81,0.51,0.731,1.161,1.146,0.844,0.953,2.217,1.656,0.407,0.772,0.495,0.64,0.428,0.497,0.31,0.57,0.402,0.606,0.651,0.639,0.653,,0.489,0.634,0.609,0.267,0.435,0.271,0.88,0.577,0.615,0.34,1.125,1.651,0.675,0.225,0.587,0.15,1.091,0.194,1.082,0.428,0.904,1.078,0.879,1.251,0.733,0.262,1.244,1.443,0.909,1.221,1.528,,0.893,0.541,1.082,0.684,0.665,0.572,0.485,0.534,0.527,1.169,1.363,0.648,1.292,0.846,0.668,0.542,0.544,1.037,0.661,0.516,0.739,0.85,0.941,0.675,1.357,0.983,1.361,0.749,1.093,0.062,1.528,1.059,1.084,0.862,0.899,0.897,1.251,0.72,1.342,1.004,1.381,1.608,2.216,1.203,0.668,0.485,0.443,0.858,0.78,0.84,0.845,0.463,0.859,1.127,1.13,1.084,0.623,0.665,1.321,1.55,1.82,0.957,0.783,1.415,0.907,0.743,,0.728,0.906,0.641,0.68,0.443,0.358,0.602,0.799,0.74,0.856,1.481,0.941,1.736,0.879,1.308,0.712,1.175,1.015,1.023,0.543,0.682,0.804,0.634,1.009,1.155,2.189,0.964,0.671,1.013,0.751,1.25,1.317,1.73,0.757,0.541,0.623,0.771,0.711,1.078,1.15,1.056,0.893,1.081,1.036,1.182,1.226,1.032,1.27,1.487,0.804,1.11,1.137,0.992,1.072,0.126,1.247,0.573,1.856,1.011,0.781,1.156,0.831,1.236,1.016,0.846,1.374,1.41,1.522,1.976,1.552,0.585,1.08,1.249,1.797,0.922,0.519,1.268,0.93,1.767,0.222,0.309,0.551,,0.902,0.713,0.63,1.198,0.952,0.602,2.43,0.912,0.835,1.188,1.114,1.156,1.522,0.793,1.059,0.739,0.667,1.417,,0.689,1.146,1.156,1.193,1.05,0.97,1.171,1.069,0.322,0.075,0.903,0.618,1.31,0.864,1.355,0.633,0.297,0.14,0.335,0.324,0.4,0.452,0.47,0.563,0.272,0.26,0.325,0.363,0.258,0.399,0.665,,0.408,0.351,0.47,0.407,0.46,0.365,,2.016,0.869,0.237,,0.938,0.947,0.736,0.291,0.148,0.299,0.242,0.25,0.274,0.823,0.043,1.588,0.518,1.305,0.442,0.303,0.502,0.582,0.309,0.544,1.122,0.568,0.462,0.67,0.562,0.42,0.42,0.124,0.765,0.42,0.575,0.89,0.463,0.799,,1.541,,0.579,0.337,0.366,1.11,0.081,0.294,0.65,0.335,0.409,0.898,0.48,0.738,0.944,0.315,0.769,0.272,0.691,1.953,1.321,0.53,0.391,1.372,0.779,0.124,0.061,0.984,,1.743,1.291,0.859,0.746,0.36,0.33,,3.442,0.561,0.329,0.329,0.496,1.408,1.131,0.816,0.766,1.264,0.587,1.207,1.133,0.25,,1.313,0.894,0.868,0.639,0.687,0.535,0.784,0.26,0.748,0.975,0.542,0.911,0.857,1.914,0.178,0.252,0.32,0.772,0.439,1.034,0.209,2.416,,0.924,1.146,0.978,1.337,0.375,0.277,0.392,0.615,1.204,0.192,0.857,0.405,2.095,0.323,1.437,0.539,0.234,1.204,0.39,1.111,0.495,0.313,0.282,0.613,0.947,1.245,0.969,0.972,1.49,2.322,1.626,4.304,4.436,1.921,0.344,0.742,1.139,0.565,0.788,1.12,0.9,0.201,1.054,1.254,0.671,0.992,0.73,1.013,1.071
20160416,0,CO_24h,1.145,0.75,1.08,1.165,1.1,1.035,0.91,1.047,0.78,0.885,1.07,0.945,,1.519,1.969,2.123,2.143,1.722,2.218,,2.15,1.41,1.413,1.672,1.011,1.446,,1.081,1.13,0.877,1.139,1.133,0.785,0.771,3.114,3.497,4.189,3.641,3.62,3.413,0.907,1.051,1.036,1.116,1.226,1.16,0.884,1.055,0.974,0.928,0.87,0.898,0.854,0.731,1.298,0.468,0.674,0.643,0.804,0.942,0.683,0.774,0.591,0.955,0.658,1.697,1.638,1.777,1.737,1.486,1.214,1.056,0.749,0.643,0.729,0.871,0.749,0.94,1.089,0.645,,0.536,0.533,1.311,0.685,1.313,0.952,1.515,0.781,0.94,0.968,0.408,0.431,0.553,0.659,1.425,0.793,0.665,0.945,,1.431,0.76,0.954,0.825,0.81,,0.902,0.687,1.302,0.871,0.832,0.942,0.684,0.875,0.739,1.107,0.446,0.828,0.663,0.821,0.684,0.771,0.61,0.949,0.621,0.771,0.764,1.117,2.037,0.699,,1.278,1.093,0.724,2.12,1.373,1.627,0.759,0.614,0.506,0.514,0.641,0.417,0.809,0.426,0.472,0.678,0.695,1.47,0.666,0.395,0.625,0.886,0.978,0.705,0.408,0.698,0.483,0.713,0.929,0.639,0.604,0.621,0.893,0.927,0.654,0.729,0.671,0.779,0.498,1.073,1.096,1.087,1.151,1.001,1.416,1.309,,1.336,1.088,1.358,1.259,0.72,0.99,1.015,1.085,0.849,1.891,0.802,1.792,0.94,0.596,2.391,1.09,0.923,0.995,0.755,0.841,0.741,,0.693,0.736,0.994,1.073,1.072,1.365,0.781,1.338,1.88,0.713,1.799,1.157,0.676,0.744,0.894,0.886,1.644,1.265,1.881,,0.558,0.488,0.321,0.465,0.396,0.657,0.687,,0.71,0.61,1.029,0.593,0.612,0.802,0.694,,0.519,0.686,0.843,0.876,1.097,0.94,0.812,0.327,0.333,0.25,,0.756,,1.394,0.632,,0.579,0.576,0.963,0.467,,,0.65,0.601,1.19,0.589,0.396,0.618,0.288,0.167,0.474,0.825,0.76,0.64,0.516,0.833,0.825,1.281,0.775,0.941,1.582,0.534,0.268,0.752,0.745,0.78,0.775,,0.847,0.737,0.715,0.557,0.696,0.518,0.608,0.83,0.745,1.047,0.559,0.764,1.002,0.707,1.036,1.081,,0.845,0.739,0.708,0.735,0.789,0.684,0.579,0.548,0.423,1.021,0.954,1.697,1.479,1.932,1.098,1.214,1.57,1.479,1.099,1.226,0.636,0.765,0.829,0.784,0.864,1.004,0.842,0.825,0.793,0.809,0.563,1.389,0.764,0.96,0.845,0.803,0.859,0.67,1.019,0.909,0.999,1.419,,0.868,0.994,0.975,1.381,0.954,0.812,0.859,1.023,0.423,0.821,0.891,1.082,0.426,0.72,0.773,0.734,0.726,0.875,0.803,0.638,0.882,0.643,0.624,0.435,0.69,0.949,0.584,0.786,0.517,0.817,0.918,0.864,0.527,0.712,0.87,0.64,0.802,0.52,0.641,0.919,0.746,0.946,0.742,0.802,0.759,0.69,0.723,0.721,0.411,1.208,1.145,1.063,,1.074,0.925,1.111,1.056,1.034,0.995,0.831,0.947,0.535,0.635,0.84,0.549,0.927,0.436,0.738,0.442,1.177,0.811,0.84,0.431,0.927,1.114,0.803,0.8,0.385,0.535,0.404,0.347,1.165,0.736,0.812,0.985,0.639,0.746,1.004,,0.715,0.565,0.401,0.9,0.568,0.421,0.596,0.72,0.974,0.623,,1.294,0.499,0.138,0.773,1.74,0.523,1.128,0.397,0.932,0.377,0.195,0.414,0.543,1.591,0.905,1.357,0.905,1.169,1.151,2.476,1.193,0.901,0.697,,1.613,,0.618,0.189,0.738,0.741,0.556,0.528,0.579,0.928,0.771,0.678,0.517,0.542,0.703,0.585,0.638,,0.808,0.97,0.729,0.686,0.496,0.362,0.715,0.633,0.855,0.827,0.831,0.809,0.683,0.695,0.797,0.663,0.541,0.437,0.909,1.048,0.714,0.664,0.485,0.649,0.745,1.374,0.652,0.5,0.324,0.39,0.597,1.575,1.059,1.059,0.701,1.766,0.944,0.526,2.177,0.987,0.858,0.41,0.838,1.22,0.878,0.911,0.864,0.605,0.59,0.8,1.553,1.298,1.158,1.258,1,0.929,1.272,,1.127,1.618,1.619,,1.362,1.318,1.055,1.085,1.588,1.209,1.395,,1.299,,0.969,0.649,0.72,0.92,0.82,0.576,0.467,0.626,0.616,0.57,0.704,0.685,,0.784,,0.828,1.072,1.222,0.902,1.086,1.863,0.657,0.642,0.523,,0.45,0.868,0.676,1.022,0.923,0.931,,1.337,1.368,1.062,0.923,1.305,1.085,1.1,0.775,0.832,0.821,1.109,0.64,0.773,1.176,0.59,1.349,1.633,0.552,0.648,0.778,0.525,1.012,1.033,1.362,1.05,0.719,0.709,1.122,1.11,1.026,0.596,0.837,1.011,0.932,1.12,0.81,1.251,1.28,0.952,0.959,1.004,1.07,1.02,1.263,1.652,0.693,0.873,2.96,2.38,1.02,1.559,1.611,1.373,1.658,0.717,0.897,0.664,0.775,1.175,3.125,,1.97,1.145,1.398,2.074,2.026,3.268,2.001,3.408,2.626,1.223,1.318,1.318,1.041,1.112,0.645,0.822,2.081,0.946,0.936,0.648,0.796,1.303,0.963,0.616,,0.725,1.909,0.556,1.754,0.634,1.911,1.241,1.757,2.793,0.939,1.072,0.531,0.83,0.695,0.911,1.063,1.112,0.639,0.509,0.687,0.622,0.56,,0.428,1.021,1.392,0.396,0.682,0.724,1.349,0.55,0.868,0.973,0.458,0.97,0.714,0.704,0.81,0.861,0.561,0.541,1.52,0.543,0.626,0.627,0.814,0.428,1.153,0.727,0.574,0.751,0.77,0.626,0.719,1.66,0.57,1.853,3.038,3.087,2.058,2.244,3.482,3.038,0.751,0.749,1.442,1.205,1.38,1.872,2.269,2.093,1.702,2.09,1.865,0.569,2.436,1.197,1.105,1.261,0.861,1.619,1.862,1.557,1.259,0.959,0.75,0.808,1.091,0.922,1.072,1.08,1.161,1.33,0.833,1.12,1.136,0.986,0.754,1.296,0.892,1.87,0.502,,0.52,1.873,0.983,1.08,1.425,1.149,0.895,1.535,0.982,1.374,0.868,0.947,1.037,1.179,1.339,1.322,1.447,1.072,0.76,0.57,0.567,0.894,0.547,0.54,0.818,0.573,0.529,0.849,0.583,0.661,2.377,0.986,1.132,1.495,0.185,0.611,0.331,0.327,0.599,0.469,0.549,0.446,0.965,1.037,0.726,0.871,0.626,0.546,0.932,0.409,0.846,0.977,1.196,1.025,0.862,,0.771,0.66,0.732,0.632,0.95,0.957,1.185,0.653,0.655,0.816,0.846,1.566,1.569,0.813,1.368,0.518,0.507,0.799,0.711,0.619,0.524,1.011,0.738,0.895,0.941,0.917,0.772,0.296,0.34,1.041,1.022,,0.475,0.269,0.357,0.301,0.782,0.703,0.978,0.336,0.424,0.749,0.569,0.621,0.792,0.748,1.039,1.154,1.101,0.468,0.552,0.411,0.687,0.467,0.464,0.412,0.719,0.282,1.56,2.674,1.204,0.463,1.329,0.747,0.756,0.578,0.894,0.845,1.354,0.832,0.503,1.014,0.761,0.852,0.772,,0.399,0.79,1.189,1.41,,0.929,0.679,1.022,1.047,0.907,1.241,1.154,1.926,0.479,0.639,0.434,0.488,0.662,0.497,0.616,0.604,0.597,0.679,0.549,0.851,,,0.044,0.596,0.506,0.623,0.531,0.375,0.707,1.2,0.946,0.824,0.963,0.676,0.856,0.707,2.273,1.603,2.03,2.113,1.449,0.823,0.905,1.325,0.87,0.626,0.979,1.064,,0.972,0.786,2.325,2.004,,2.117,2.164,1.255,0.777,0.862,1.563,,1.622,0.253,0.276,0.229,0.721,0.956,0.839,0.419,0.316,0.442,0.554,0.454,0.633,0.388,0.754,0.867,0.924,0.38,0.409,0.291,0.637,0.229,3.798,1.714,2.378,1.266,,1.186,1.002,1.347,0.635,0.675,0.538,1.574,0.564,2.032,0.393,2.407,3.048,0.995,0.739,1.208,0.995,0.997,1.027,1.547,1.194,1.339,0.875,0.813,0.653,0.904,1.36,1.024,0.949,0.711,1.692,1.344,0.481,1.418,1.572,,0.643,0.943,1.077,1.167,0.877,0.704,0.381,0.328,,,0.937,1.25,1.23,1.301,0.808,0.982,0.254,0.269,0.325,0.486,0.541,,0.59,0.715,0.778,0.791,0.578,0.673,0.862,,0.665,0.531,0.669,1.001,0.609,1.02,1.541,1.419,0.532,2.312,1.064,2.193,0.281,0.509,0.42,0.619,0.302,0.558,0.218,0.563,0.745,0.888,0.848,0.882,0.744,,0.575,0.843,0.847,0.63,0.59,0.398,0.918,0.726,0.909,0.634,0.721,1.222,0.401,0.347,0.867,0.263,0.74,0.084,0.869,0.267,0.852,1.003,0.794,0.871,0.695,0.229,1.071,1.335,0.933,1.157,1.335,,0.957,0.669,1.021,0.722,0.651,0.61,0.484,0.645,0.335,0.984,1.273,0.808,0.879,1.453,0.617,0.521,0.518,1.13,0.314,0.59,0.688,0.635,0.843,0.672,1.487,1.192,1.626,1.019,1.288,0.062,1.312,0.993,0.78,0.758,0.698,0.694,1.153,0.796,1.305,1.172,1.455,1.647,2.277,0.92,0.51,0.425,0.407,1.665,1.302,1.462,1.007,1.484,1.013,1.307,1.427,1.314,0.966,0.937,1.767,1.788,1.923,1.04,0.899,1.607,1.075,0.884,,0.827,1.016,0.766,0.955,0.723,0.622,0.889,1.099,0.777,1.148,1.446,0.882,1.715,0.828,1.221,0.826,1.437,1.269,1.303,0.776,0.993,1.009,0.831,0.929,1.08,1.952,1.037,0.829,0.968,0.789,1.239,1.287,1.712,1.037,0.464,0.547,0.716,0.618,0.852,0.882,0.815,0.725,0.977,1.013,1.123,1.144,1.035,1.167,1.363,0.91,1.108,1.068,1.02,1.131,0.125,0.573,0.176,0.744,0.502,1.197,1.249,1.164,1.37,1.262,0.587,0.689,1.116,0.799,1.143,1.516,0.908,1.118,1.3,1.795,0.925,0.461,1.429,1.403,1.453,0.159,0.407,0.762,,0.714,0.85,0.577,1.048,0.919,0.525,1.36,1.009,0.847,1.249,1.122,1.475,1.907,0.951,1.086,0.941,0.646,0.84,,0.863,1.097,1.288,1.252,1.21,1.045,1.247,1.145,0.215,0.115,0.858,0.656,1.473,0.778,1.005,0.63,0.408,0.267,0.554,0.477,0.609,0.7,0.68,0.777,0.419,0.433,0.494,0.44,0.492,0.695,0.914,,0.642,0.531,0.759,0.756,0.788,0.684,,2.141,1.124,0.318,0.214,0.881,0.879,0.958,0.52,0.3,0.504,0.428,0.438,0.439,1.576,0.072,1.325,0.556,1.385,0.517,0.434,0.574,0.81,0.48,0.707,0.755,0.836,0.526,0.917,0.689,0.542,0.737,0.167,0.874,0.698,0.677,0.617,0.609,0.735,,0.947,,0.61,0.447,0.442,1.059,0.193,0.309,0.677,0.406,0.432,0.872,0.593,0.698,0.782,0.368,0.616,0.367,0.921,1.535,1.005,0.545,0.771,1.33,0.868,0.125,0.14,0.746,,1.774,1.404,0.873,0.739,0.226,0.31,,1.654,0.494,0.414,0.292,0.502,1.6,1.01,0.885,0.768,1.348,0.394,1.206,1.222,0.385,,1.348,1.199,1.006,0.384,0.36,0.584,0.693,0.396,0.824,0.899,0.454,0.38,0.743,1.126,0.424,0.335,0.35,0.75,0.461,0.692,0.247,1.359,,0.929,0.961,0.671,0.716,0.622,0.35,0.359,0.961,1.126,0.621,0.277,0.245,1.308,0.32,0.679,0.46,0.114,0.547,0.184,1.109,0.638,0.413,0.438,0.571,0.902,1.323,0.977,0.254,0.511,0.553,1.477,2.327,2.52,1.042,0.994,2.381,1.249,1.032,1.034,0.58,0.798,0.235,0.683,1.075,0.464,0.954,0.822,0.844,1.077
20160416,1,AQI,40,55,59,54,45,55,54,105,75,50,50,43,,224,220,230,249,257,203,,232,216,260,247,232,282,,59,65,37,46,35,68,50,228,236,255,239,240,247,77,75,80,88,83,107,89,103,122,87,123,88,183,106,97,105,91,98,111,96,72,92,79,78,69,61,64,56,59,153,188,188,182,172,188,138,108,78,88,44,,23,20,17,30,28,58,25,138,178,33,115,162,149,126,97,67,80,83,,77,78,76,77,85,,99,84,64,55,56,65,66,69,67,63,55,77,73,64,62,58,58,64,64,61,74,64,71,85,,96,70,66,66,57,68,62,56,74,62,64,72,54,59,62,71,62,57,50,60,54,43,39,56,57,55,44,52,56,38,50,35,52,39,54,61,71,69,59,75,67,59,60,98,79,85,,91,105,88,46,61,53,59,55,72,58,55,56,64,65,60,66,60,61,80,55,70,,42,56,39,87,90,89,87,77,82,83,78,78,50,77,56,70,79,82,79,,44,37,23,52,34,60,51,,52,70,39,57,44,39,47,,40,45,56,57,68,65,58,42,45,45,,55,,53,53,,76,84,73,43,,,20,24,32,47,39,30,26,26,38,58,61,59,57,73,55,62,60,62,65,19,82,53,59,65,57,,50,58,40,63,26,28,54,48,29,37,52,84,95,88,95,76,,87,96,57,59,58,56,53,56,53,67,91,56,40,39,30,56,54,35,40,43,42,55,53,43,58,53,52,54,53,124,62,53,67,78,63,58,70,62,65,59,52,57,,55,65,63,65,57,48,69,40,42,53,57,58,46,56,63,59,49,50,54,58,62,58,36,45,52,47,61,51,37,54,65,46,45,50,38,50,50,51,60,49,50,60,54,69,50,50,48,56,54,33,49,58,,69,63,68,79,67,66,93,77,46,53,73,52,46,21,23,21,22,21,26,37,20,23,24,35,17,23,23,20,36,29,52,35,34,34,34,,36,17,61,93,72,88,74,74,90,90,90,55,53,32,44,57,53,54,66,63,,44,149,44,70,23,35,40,43,45,48,28,34,35,,26,32,34,37,42,53,29,18,22,30,39,29,80,91,91,82,82,,65,102,39,66,100,30,57,58,53,56,49,64,57,56,58,57,71,39,108,88,93,102,120,118,99,93,122,107,104,93,115,84,72,71,67,50,50,45,48,79,80,77,93,96,98,103,54,58,54,25,159,92,90,75,73,87,70,,109,115,146,,100,96,103,111,65,86,72,,88,,100,108,93,105,89,54,65,55,39,45,59,66,,68,,78,85,85,92,97,105,92,57,55,,53,53,49,92,82,87,,39,40,42,50,48,50,46,53,69,54,60,49,48,45,44,43,45,34,46,36,48,33,23,36,60,48,51,50,36,62,28,41,37,56,64,83,48,44,42,74,67,64,88,50,35,43,53,63,62,108,108,109,58,38,51,42,53,50,93,72,,74,63,19,43,18,33,19,32,38,19,25,33,26,28,127,129,123,107,69,69,73,84,75,66,,76,80,59,70,53,59,64,73,77,65,65,73,152,107,128,120,130,55,52,56,55,60,,73,36,80,42,46,45,65,73,57,90,77,193,47,65,68,67,16,31,33,39,51,56,46,52,39,105,122,122,118,120,52,126,107,35,85,59,31,29,40,35,100,100,134,130,120,86,103,108,103,93,114,74,143,33,103,36,25,35,48,55,23,90,88,100,68,108,61,56,56,57,64,74,57,93,78,118,124,65,119,100,62,74,43,24,87,115,105,127,48,62,57,68,112,103,117,78,99,93,49,55,38,45,54,39,15,14,15,25,23,21,63,28,59,37,28,26,25,25,28,22,25,19,42,60,47,46,22,40,28,62,36,35,52,32,50,,52,49,50,23,42,39,46,20,30,25,30,27,28,29,36,20,20,55,25,20,50,29,37,25,20,23,27,32,53,42,64,,68,57,82,89,30,24,67,49,37,199,210,260,82,82,78,91,70,60,46,54,39,46,53,54,62,58,45,59,47,51,88,90,53,56,58,52,49,51,62,55,54,77,61,,52,60,51,,,68,55,64,51,53,45,55,61,47,35,55,52,79,72,49,43,49,53,51,53,,,65,62,58,49,37,38,42,67,62,61,63,56,58,67,22,26,23,28,37,69,35,75,29,23,35,23,,23,25,30,25,,42,34,50,80,26,18,,17,54,75,57,101,122,110,29,39,89,90,82,153,92,109,129,130,500,500,55,52,50,122,141,119,150,,57,63,61,79,104,66,75,74,110,103,103,96,70,83,71,60,58,38,40,85,75,80,58,142,148,70,62,70,87,70,57,65,44,64,82,58,119,90,137,54,25,29,33,,,104,103,76,188,216,144,51,52,42,36,40,53,28,80,104,63,80,109,82,,39,38,43,38,32,96,116,95,69,86,75,64,55,63,94,70,68,,52,55,16,64,55,72,77,,85,67,90,98,53,45,30,41,86,98,117,89,69,43,23,39,100,64,70,67,214,46,50,57,46,9,32,30,26,30,33,,26,45,55,53,33,48,45,41,42,40,112,143,76,112,77,78,85,81,72,35,43,49,50,43,18,23,19,23,41,54,46,42,50,88,88,112,110,92,42,22,25,22,25,38,45,46,42,93,81,86,99,104,96,128,104,102,109,115,39,23,25,73,68,73,75,54,,113,24,48,90,75,98,96,77,80,92,52,60,92,73,55,33,12,31,30,21,27,23,29,42,50,64,68,55,77,55,47,51,49,56,46,55,50,49,53,51,55,70,63,42,53,64,33,53,65,63,78,89,77,83,103,84,117,103,105,57,40,60,40,53,78,75,68,66,79,79,62,68,73,80,69,58,55,65,69,28,50,54,,54,69,59,76,61,57,75,64,64,94,59,80,80,62,46,67,114,124,,57,80,102,100,74,80,94,95,29,25,31,27,38,27,23,34,20,17,16,17,18,19,20,21,22,33,26,33,24,31,23,,31,25,13,22,38,19,30,77,9,25,28,27,23,24,31,32,28,26,26,51,60,61,73,57,22,20,24,31,25,38,77,64,57,57,61,62,61,55,27,69,23,32,38,41,55,,84,,33,113,60,30,25,26,73,77,67,57,45,53,112,112,118,81,85,100,133,43,52,52,53,25,25,26,23,50,35,378,56,57,40,,157,35,76,43,20,15,43,24,20,65,61,59,66,15,,16,30,25,49,48,25,36,25,34,36,46,42,41,34,41,45,15,27,20,48,43,25,,38,52,92,54,54,81,132,55,61,75,77,75,69,77,78,77,67,101,93,46,54,75,54,26,58,53,70,122,125,134,108,342,347,355,90,90,57,56,40,33,38,33,28,65,36,42,46,70,57
20160416,1,PM2.5,27,31,42,28,23,34,23,79,22,23,24,21,,174,170,180,199,207,153,,182,166,210,197,182,232,,42,47,24,32,24,49,28,178,186,177,189,190,197,49,42,54,56,45,80,66,77,92,64,93,54,71,71,72,66,40,44,41,52,51,55,44,47,40,24,39,32,21,117,141,141,137,130,141,105,81,57,65,7,,4,7,2,13,8,15,3,26,56,,21,50,35,35,47,46,41,57,,50,53,48,55,54,,74,36,28,25,25,23,26,38,27,29,22,44,53,44,40,40,33,46,39,34,43,46,39,42,,56,51,40,42,38,42,44,27,47,41,41,42,19,42,44,44,44,23,14,16,18,27,12,19,25,13,23,21,32,20,22,24,20,22,29,29,32,50,26,38,34,26,32,31,27,35,,51,54,35,21,33,23,22,32,41,41,26,32,27,32,36,29,24,43,59,25,51,,25,22,27,29,26,26,39,48,53,51,50,53,21,37,22,29,58,60,49,,29,18,15,28,18,23,23,,33,46,21,25,24,17,19,,16,25,24,40,37,42,41,20,18,22,,26,,26,28,,52,62,53,18,,,14,10,22,26,27,21,8,14,26,41,37,42,39,53,39,44,43,44,47,11,60,37,42,47,40,,35,41,12,45,6,13,13,33,20,19,31,52,50,41,43,50,,63,46,20,27,24,26,30,22,34,23,26,18,27,27,21,37,26,24,24,30,29,39,33,30,41,37,36,38,37,94,43,37,48,57,45,34,51,44,47,42,36,40,,39,47,45,47,40,31,50,22,29,33,40,38,25,37,45,35,28,26,36,37,42,38,17,31,36,30,36,34,25,36,40,32,24,35,21,,29,22,43,34,35,43,30,50,34,27,31,33,29,22,24,41,,50,45,45,58,42,44,48,55,29,32,46,31,32,3,16,6,15,14,18,24,14,11,9,24,8,16,16,11,25,20,27,19,21,19,20,,18,10,,69,52,65,52,54,67,67,59,34,31,18,26,30,30,28,17,14,,15,114,7,51,16,15,19,30,24,33,6,21,24,,18,22,11,21,19,32,11,,13,21,23,16,58,62,36,59,30,,18,39,17,12,22,8,36,41,35,34,34,46,40,37,41,40,35,27,68,65,29,33,34,32,33,23,45,41,33,35,40,36,41,42,39,28,30,28,33,45,59,42,63,58,51,74,38,41,38,17,121,68,67,55,53,64,38,,68,61,57,,64,58,68,75,47,57,52,,65,,35,81,68,79,66,22,36,39,21,21,26,44,,47,,44,50,58,59,49,62,66,32,31,,32,35,20,53,51,61,,27,28,29,35,15,35,28,37,50,32,43,34,33,31,27,30,30,23,32,25,22,23,16,20,43,33,35,35,25,44,19,25,25,37,46,61,33,30,29,54,48,38,65,35,24,27,37,39,44,63,64,65,25,26,15,28,31,35,69,50,,54,45,13,10,6,7,5,15,26,4,,23,8,5,42,50,54,28,42,44,45,52,51,43,,48,30,38,44,17,41,39,43,55,43,38,32,116,80,97,91,99,37,36,39,36,42,,53,18,59,18,32,31,43,53,40,57,56,145,25,47,49,48,9,20,18,27,28,20,23,22,27,35,31,24,22,21,36,22,4,13,63,24,21,18,28,24,67,75,102,99,91,56,77,68,77,69,86,54,109,23,22,25,17,24,33,39,13,67,65,75,49,81,31,35,36,36,46,54,38,69,57,89,94,47,90,75,44,52,30,6,64,87,79,96,30,25,30,45,84,77,88,54,74,69,28,36,16,29,34,20,5,7,7,6,6,6,34,12,16,13,19,18,9,17,14,15,17,11,15,32,15,32,15,18,19,34,25,22,16,21,35,,36,34,18,16,29,17,32,14,16,17,21,15,16,13,25,14,14,37,17,11,35,18,20,17,11,13,16,5,5,24,46,,20,14,34,37,11,6,38,18,12,26,37,41,57,60,45,51,33,18,20,25,17,23,37,28,,41,25,23,20,26,47,55,33,37,28,27,19,17,21,39,34,36,36,,30,30,32,,,29,15,16,33,23,29,23,36,23,18,23,22,58,52,22,22,19,24,28,29,,,47,44,41,28,20,17,21,27,29,32,26,39,41,48,15,17,13,19,15,50,24,19,20,6,24,12,,11,10,14,17,,6,7,,59,11,12,,3,23,36,25,60,92,70,20,24,60,52,46,42,25,82,98,99,88,95,22,21,24,92,92,90,115,,,30,36,30,46,47,47,49,83,77,77,67,51,55,51,43,41,22,28,63,55,43,38,108,113,51,44,51,64,51,40,44,30,46,60,41,90,67,104,38,17,8,17,,,78,77,52,141,166,110,30,36,28,25,28,25,13,58,49,29,39,59,47,,24,22,30,19,22,34,73,36,30,26,48,46,39,41,64,51,49,,36,39,4,46,32,52,55,,55,35,65,73,17,15,11,19,54,73,72,51,17,24,16,27,75,46,51,48,164,32,35,36,32,6,22,21,18,21,19,,13,31,39,37,16,23,24,22,29,4,84,109,54,84,56,50,63,56,47,24,30,34,35,27,10,16,5,16,12,38,32,29,35,63,59,84,83,68,28,15,17,12,17,22,31,32,29,69,38,42,74,78,58,97,39,41,50,32,21,16,8,51,46,53,51,34,,85,,27,46,34,47,53,56,53,57,20,31,53,53,25,2,3,8,7,2,2,2,2,29,30,42,49,35,56,33,16,28,33,27,32,28,25,34,29,34,34,51,42,29,27,29,23,37,47,45,57,66,56,61,77,62,88,77,79,40,,22,15,17,57,55,49,47,58,58,44,49,53,59,50,41,30,47,47,18,32,38,,38,50,42,46,41,36,55,42,42,70,38,59,59,44,32,45,86,94,,32,59,76,75,54,59,70,71,4,7,5,11,16,13,8,17,9,6,8,7,5,4,5,4,13,23,6,23,11,14,11,,18,5,6,9,12,7,8,17,4,11,2,9,12,4,7,15,19,14,18,35,43,32,53,11,7,10,10,10,8,26,39,42,29,40,30,39,36,30,13,26,5,3,14,15,39,,62,,18,30,24,17,11,18,53,56,48,30,30,37,84,84,80,53,63,45,101,23,31,28,,17,17,17,16,12,10,24,,26,28,,89,24,9,21,12,9,30,12,11,20,22,17,14,6,,8,12,7,25,16,17,20,17,11,10,32,25,15,19,20,8,9,15,11,29,22,10,,21,36,36,13,23,,49,11,24,39,26,28,31,25,43,26,32,36,23,23,38,14,22,3,14,13,12,34,50,64,48,172,237,170,46,50,13,21,28,12,26,2,13,21,20,17,32,51,40
20160416,1,PM2.5_24h,65,44,70,62,58,60,53,67,41,49,61,61,,107,111,104,108,115,107,,104,107,142,116,104,108,,70,65,84,57,57,74,60,102,101,109,119,117,116,42,59,59,56,57,59,57,61,76,67,80,70,64,59,70,48,39,42,38,37,28,35,33,34,22,34,47,51,44,87,83,91,75,77,73,87,60,62,62,38,,30,35,26,45,34,49,53,39,35,28,22,39,22,29,25,40,42,47,,49,47,43,50,48,,53,41,36,39,33,30,41,39,32,43,37,48,48,41,42,43,35,42,40,34,41,57,56,56,,65,63,61,70,52,56,61,50,75,76,68,71,66,68,59,70,68,54,47,53,49,48,38,43,55,40,55,53,65,52,58,57,55,49,52,55,64,55,54,66,72,63,81,78,59,77,,66,65,92,61,73,65,53,56,68,70,58,66,65,60,73,55,50,54,66,51,57,,48,54,62,62,55,60,73,57,61,59,61,61,21,43,22,34,55,66,55,,40,30,20,37,29,39,37,,48,28,27,36,42,37,42,,34,41,40,38,40,45,40,18,24,32,,48,,49,29,,32,48,42,30,,,26,27,35,27,28,21,17,19,22,52,56,50,51,57,54,57,56,50,49,29,35,33,32,32,28,,37,61,26,35,15,30,15,31,27,29,19,79,81,71,67,90,,98,73,20,32,41,34,45,38,47,49,39,67,79,81,81,83,82,72,70,83,30,35,32,34,35,34,35,31,37,59,35,39,38,44,33,42,42,42,45,37,31,35,,34,35,31,40,38,26,42,23,18,23,22,25,17,16,25,18,19,18,21,22,32,22,14,23,26,23,22,25,26,33,37,32,22,25,20,31,28,23,35,32,27,32,27,33,19,17,16,22,18,42,47,69,,59,54,52,53,52,54,55,64,31,39,47,36,35,12,39,23,32,27,42,32,34,35,36,46,32,37,38,28,38,42,41,32,34,35,38,,31,19,29,50,45,49,35,40,44,43,39,30,28,22,25,30,28,27,26,17,,32,103,23,47,36,38,29,41,33,53,27,49,34,,35,38,23,34,20,32,18,13,31,24,23,19,56,50,38,43,46,,30,47,21,18,31,9,32,33,32,33,31,29,30,29,32,31,39,26,38,78,32,38,33,33,38,33,24,26,22,25,24,45,48,56,48,36,40,40,42,49,82,60,52,40,45,49,38,36,35,21,112,97,84,94,94,106,72,,86,73,91,,107,73,84,91,70,72,64,,77,,82,108,106,98,85,34,32,30,25,25,25,71,,63,,72,69,73,72,66,75,81,63,58,,30,30,29,73,59,67,,30,30,40,42,39,32,27,31,41,31,36,39,39,33,32,36,34,27,40,33,30,9,16,18,27,25,24,19,21,22,22,30,29,32,39,37,41,37,43,39,44,46,53,55,37,43,28,40,36,56,83,94,35,36,24,32,30,41,75,48,,63,59,42,58,42,36,24,49,59,48,80,68,43,34,39,27,32,27,39,42,45,51,55,41,,41,32,34,42,18,50,37,44,56,41,34,32,84,57,61,62,64,38,29,46,35,39,,31,40,55,35,43,57,43,44,57,59,49,83,42,47,70,45,34,21,31,47,48,43,52,45,59,23,25,24,19,23,29,26,8,106,150,131,151,131,123,131,70,69,101,95,86,95,101,95,98,109,154,117,138,83,74,82,69,63,72,88,59,59,61,55,47,62,46,47,51,56,63,65,43,62,58,60,77,75,71,59,58,73,35,29,44,58,53,66,59,49,51,65,73,67,70,66,72,72,23,32,15,19,18,18,41,27,32,32,31,16,28,18,24,19,29,50,38,40,29,27,23,21,13,29,22,30,15,34,26,42,39,40,14,16,35,,45,31,33,44,53,55,58,33,36,43,44,31,34,31,46,22,25,22,24,20,44,26,29,62,56,43,60,14,9,13,21,,21,26,36,43,13,5,23,17,9,34,28,19,68,76,104,83,45,31,39,52,34,39,31,32,30,44,37,42,28,33,40,50,47,41,35,25,23,21,48,65,55,56,65,,58,70,81,,,55,41,49,88,77,85,39,56,27,30,42,46,79,79,31,29,20,21,34,25,,,53,55,25,43,35,37,40,59,57,61,60,50,47,51,102,103,89,93,99,89,52,54,51,49,43,48,,43,51,37,37,,28,33,107,76,53,27,,26,37,36,35,54,66,63,28,24,49,49,45,39,36,57,74,67,69,67,34,34,37,132,59,58,67,,49,31,45,28,39,35,37,38,51,42,46,40,47,56,46,43,43,36,37,63,59,43,42,86,86,41,50,40,38,33,28,25,29,33,72,40,88,70,78,52,24,27,18,,,95,71,62,111,110,87,18,18,19,56,50,21,18,91,68,73,70,99,73,,51,50,42,23,22,59,107,67,43,43,41,42,35,43,50,42,37,,27,40,15,94,79,99,69,,52,67,96,112,53,47,42,55,65,68,48,60,31,49,38,36,54,46,35,37,80,24,26,28,26,6,24,25,23,21,17,,17,31,31,32,25,34,31,28,32,5,51,44,31,41,48,42,50,46,46,26,31,35,32,34,19,32,29,38,35,30,35,31,37,41,40,59,62,44,40,31,26,32,29,22,33,32,29,94,66,62,80,88,80,97,65,69,67,52,59,68,63,72,74,74,74,44,,81,52,39,84,80,58,91,67,64,63,24,33,48,45,29,34,39,55,37,39,44,50,34,25,29,45,44,38,55,28,19,28,30,26,26,23,23,29,29,30,32,53,49,41,38,38,33,43,55,40,45,50,50,49,88,54,84,70,79,41,32,27,26,34,61,40,44,30,47,55,53,54,55,67,46,55,42,55,56,36,53,58,,54,62,58,41,37,29,52,38,46,72,53,62,68,53,43,53,94,92,,39,50,75,67,57,46,81,83,8,6,10,10,19,18,14,16,11,11,17,12,25,24,24,25,22,32,20,25,20,30,30,,29,19,31,34,36,24,23,23,17,22,10,12,18,10,8,25,23,19,16,28,38,19,33,23,14,13,13,14,18,38,48,54,39,48,27,32,37,27,32,49,26,25,21,17,32,,39,,19,24,19,16,15,14,53,55,46,31,26,28,62,69,74,69,67,45,74,25,21,28,,19,15,15,16,20,28,27,39,22,20,,55,18,23,17,16,19,21,17,17,27,31,28,27,18,,21,35,34,24,18,27,16,24,21,18,29,27,13,20,27,20,18,24,17,20,18,7,,21,32,19,22,26,,38,41,22,39,20,23,25,33,39,38,33,27,23,24,52,17,14,8,15,17,13,19,23,38,46,96,143,148,162,53,23,20,27,10,7,6,7,19,16,18,44,49,35
20160416,1,PM10,40,60,44,58,45,60,57,,99,50,50,43,,195,200,187,243,,154,,190,224,303,207,253,305,,,57,37,34,26,,50,352,317,388,333,343,370,103,100,110,126,115,103,97,129,137,104,129,126,316,161,125,159,131,145,171,142,93,134,108,105,87,71,77,61,68,201,241,227,186,175,176,,98,67,,44,,23,20,7,30,28,66,25,226,306,,180,274,248,201,144,83,110,115,,104,106,102,103,120,,125,117,77,59,62,80,81,88,84,76,59,103,89,78,73,66,66,67,77,71,98,74,91,120,,142,86,82,81,63,86,70,62,98,73,78,93,58,45,71,92,74,63,50,69,57,43,39,62,63,60,44,54,62,38,50,30,54,39,57,72,91,72,67,99,84,68,70,146,107,119,,131,159,126,46,71,55,67,60,94,61,60,61,77,79,70,82,70,72,78,59,64,,42,62,38,124,130,127,123,104,113,116,106,105,50,104,61,90,97,100,107,,44,37,23,54,34,69,51,,54,90,39,63,44,39,47,,26,45,62,59,85,80,60,42,45,45,,59,,56,55,,102,117,80,43,,,,17,23,47,38,30,15,26,,62,72,,63,,,58,57,46,72,,,,,52,59,,,56,40,,26,24,58,38,29,37,53,117,140,126,140,102,,124,141,63,67,65,62,56,61,56,84,132,61,40,38,27,61,58,,40,,36,49,55,42,51,,50,48,56,,73,41,,66,49,65,67,56,51,65,42,45,,49,76,46,70,41,48,,40,42,56,64,66,46,61,69,67,49,50,58,66,73,65,36,36,45,47,72,52,37,57,79,36,45,,38,50,50,52,64,37,43,49,57,56,50,50,48,61,58,33,49,60,,74,71,86,78,83,81,136,104,46,56,96,54,,12,20,18,21,,20,37,20,23,23,,17,22,16,20,27,,53,35,34,34,34,,36,13,,101,72,90,97,89,94,114,130,60,55,32,44,64,55,58,82,76,,44,245,28,90,,27,40,,45,,28,34,,,,,34,37,37,55,29,1,22,30,39,29,109,132,131,114,114,,80,154,39,82,150,30,64,64,55,61,43,54,59,62,56,53,92,34,165,84,136,154,189,186,148,136,194,163,157,136,179,118,93,92,84,50,50,45,45,108,107,103,135,142,146,156,,49,,,127,109,100,97,88,113,89,,168,179,242,,149,141,155,171,78,122,90,,114,,150,113,136,131,121,58,80,,39,45,67,82,,85,,106,119,119,134,144,160,133,63,59,,56,56,49,134,113,124,,29,40,38,43,48,37,46,,,57,,39,39,44,44,40,45,34,42,29,48,,20,36,62,40,51,,29,52,27,41,37,62,54,76,,44,41,87,69,78,79,37,27,43,47,75,65,166,166,168,65,37,51,42,56,49,104,93,,86,65,16,43,,,9,,,13,9,29,17,7,204,207,195,164,87,88,96,117,100,81,,101,109,68,90,55,67,77,95,104,79,79,59,145,164,166,140,152,59,52,61,60,69,,75,36,66,42,36,,79,80,46,130,,,47,,57,,16,31,33,37,52,62,46,54,,94,59,28,47,,52,22,14,35,,67,31,29,,,149,78,184,110,95,121,140,165,109,109,111,88,,30,156,,,26,,,23,102,108,84,71,86,71,62,62,63,55,75,64,86,63,107,198,56,99,78,49,97,36,16,85,139,114,158,48,74,63,86,99,107,105,105,108,94,49,59,38,45,58,39,8,13,13,11,22,8,75,28,67,37,,23,19,21,28,21,22,18,42,70,47,38,,40,28,74,28,35,53,32,,,48,44,50,,42,39,,,30,,,27,28,20,29,20,,59,19,20,45,29,37,20,17,23,19,21,56,42,70,,86,63,114,127,17,24,84,49,37,347,357,392,113,109,105,131,89,69,41,57,39,46,,57,73,,37,68,47,52,126,129,56,61,65,54,49,52,74,58,57,103,72,,54,70,52,,,85,60,77,51,55,45,60,71,47,35,59,53,,66,49,43,49,55,51,55,,,54,53,65,49,37,38,42,83,73,72,75,61,46,51,22,18,23,22,37,,,100,25,21,34,12,,12,12,30,25,,42,34,50,,16,16,,17,57,100,64,152,161,170,23,39,127,129,113,256,133,88,103,101,712,627,59,53,50,164,231,147,191,,44,75,72,108,92,81,99,97,152,145,147,142,80,116,92,60,62,38,37,102,78,109,65,123,128,72,58,61,87,64,45,79,44,55,114,56,119,93,155,44,25,29,33,,,94,,101,156,,116,52,54,42,34,36,55,28,109,158,75,110,168,114,,39,38,,38,,142,182,139,88,122,99,78,52,75,138,75,83,,,40,12,54,59,,103,,119,83,130,136,56,45,21,41,121,,184,127,87,43,,,,,63,,,46,44,64,46,,28,22,24,28,33,,26,,55,49,33,48,45,41,,40,110,123,101,133,85,105,90,111,94,33,41,46,46,43,16,,18,,41,40,42,34,45,125,125,108,100,100,42,,22,22,19,38,36,42,40,112,112,122,133,138,141,135,157,154,168,180,39,20,25,96,85,76,99,57,,101,,48,130,100,145,142,102,109,133,53,69,134,56,60,10,10,31,13,,,3,17,41,50,77,58,60,,59,47,51,49,61,46,60,50,40,56,51,60,85,75,38,55,77,32,48,60,72,72,92,68,87,,92,150,118,122,,40,69,40,56,101,71,80,81,87,75,64,84,91,69,,49,59,63,87,28,50,58,,58,64,44,101,71,64,100,78,78,100,67,90,82,62,,84,131,142,,64,95,115,116,80,106,94,128,21,14,9,22,38,27,23,34,14,12,16,16,9,7,7,7,22,27,26,30,20,31,23,,31,25,13,12,38,16,30,21,8,,4,21,23,24,31,32,25,26,26,52,60,72,66,64,15,17,13,31,20,,104,78,64,61,72,73,71,59,27,88,9,10,38,28,54,,87,,33,176,69,29,25,,89,101,63,63,45,45,97,110,186,111,83,150,149,43,53,54,55,20,,26,20,50,,482,61,63,37,,264,32,102,43,,13,,17,20,79,72,67,81,,,9,,7,49,48,21,36,25,31,36,45,42,41,34,41,45,15,27,14,48,33,17,,38,41,133,57,58,112,213,59,72,99,103,99,87,104,106,103,84,152,135,46,56,99,58,21,65,56,90,193,199,218,166,453,457,464,129,130,63,61,28,33,,7,28,79,36,42,,90,53
20160416,1,PM10_24h,133,88,107,107,97,118,110,,76,85,118,109,,181,186,167,161,179,169,,205,193,243,186,158,166,,112,153,158,129,116,151,203,206,199,245,213,223,221,95,109,116,131,149,133,146,194,174,123,165,147,199,182,163,158,129,170,157,153,67,89,69,100,62,112,101,111,101,156,166,150,190,174,146,142,140,156,87,129,,84,103,93,107,102,169,152,117,102,98,99,87,107,91,84,62,87,86,,106,88,82,82,97,,114,119,77,72,70,69,87,68,72,84,58,94,84,71,74,67,57,65,66,62,85,84,81,88,,85,97,90,100,71,79,95,82,117,96,110,108,102,105,89,113,100,154,133,142,140,122,111,146,162,123,106,111,117,97,115,128,105,94,96,109,124,107,107,137,136,112,133,196,140,164,,169,181,215,125,135,142,141,114,175,115,130,117,133,141,136,137,140,156,155,126,150,,123,145,142,137,137,155,167,115,126,126,115,129,52,93,68,68,124,113,119,,64,47,26,69,47,80,67,,100,47,45,85,71,79,81,,49,69,89,65,82,77,67,38,51,60,,101,,99,56,,79,73,68,59,,,47,48,51,53,43,32,33,35,40,109,137,114,109,136,94,124,126,109,130,53,60,53,64,55,62,,55,84,50,55,46,38,49,51,45,43,52,191,266,225,213,235,,204,238,65,76,58,70,58,65,65,90,122,180,186,180,156,174,159,182,166,156,54,61,71,65,69,62,66,74,80,52,56,42,34,52,32,59,55,43,45,58,46,51,,56,53,37,65,49,38,55,39,33,31,32,37,29,22,43,33,33,29,34,37,53,34,29,32,44,43,42,41,43,47,64,37,35,31,26,37,44,41,47,44,38,43,37,43,29,32,26,31,35,68,76,99,,87,83,91,89,86,100,109,112,48,70,70,66,61,53,46,39,39,38,51,47,44,52,65,56,44,52,49,43,60,47,69,49,43,44,50,,50,30,84,119,104,83,96,82,84,95,99,54,61,51,54,64,66,56,91,73,,65,158,63,114,88,87,78,110,105,132,152,66,106,,100,104,96,89,54,92,73,21,56,42,44,64,126,128,122,109,103,,92,104,53,82,75,54,51,57,46,46,43,42,44,50,46,47,81,35,99,95,125,151,160,136,137,130,102,89,99,92,95,114,88,94,82,65,67,64,60,99,101,86,89,107,98,111,58,58,50,40,258,202,203,180,155,184,134,,215,193,249,,226,198,189,211,141,173,171,,184,,206,168,197,177,167,128,109,81,68,67,79,137,,135,,168,169,144,194,162,175,170,94,92,,68,84,87,234,162,259,,48,43,53,44,50,48,49,40,44,46,55,57,51,58,51,54,50,51,59,47,60,14,21,29,36,33,33,20,22,26,38,46,45,52,49,59,51,51,51,50,51,55,61,71,40,70,51,78,74,174,201,214,127,104,115,109,94,93,126,136,,153,132,96,167,71,85,81,67,149,135,220,188,71,61,176,147,136,110,68,72,80,96,100,67,,82,86,62,74,52,86,56,87,97,65,56,58,112,120,112,114,109,58,41,71,57,51,,41,76,73,79,77,56,78,75,102,111,58,98,71,71,100,67,58,40,61,79,95,100,112,109,94,56,51,44,31,44,52,44,12,226,300,268,192,229,250,260,152,78,215,123,95,166,147,206,143,230,233,237,198,173,164,175,137,134,163,257,137,93,101,86,73,100,86,88,77,96,87,103,75,92,67,94,142,92,115,65,90,104,49,38,62,87,77,102,81,82,81,101,99,117,93,97,122,97,51,48,28,29,28,28,51,45,47,46,54,28,79,40,71,39,47,71,55,41,46,50,47,38,50,56,37,51,32,46,40,60,49,47,69,22,50,,63,77,94,88,118,118,124,82,77,90,102,78,63,76,117,42,40,59,44,56,61,65,58,149,96,121,159,37,51,46,71,,106,102,219,170,25,20,56,39,34,130,105,104,174,180,201,237,130,85,62,73,66,67,85,84,127,79,102,116,93,100,141,155,89,87,69,50,40,51,129,110,126,120,136,,106,142,131,188,,144,99,125,157,153,168,92,85,65,69,91,96,99,99,76,76,49,48,61,60,,,81,95,40,80,59,65,71,133,116,130,111,87,80,73,156,173,144,168,179,134,83,141,133,82,87,85,,79,108,79,74,,89,77,105,81,109,52,,58,170,135,153,139,138,157,63,60,169,175,185,96,92,80,104,88,444,363,93,90,84,143,140,112,154,,48,72,72,84,85,74,91,83,119,88,94,105,74,122,98,57,62,63,68,104,85,94,64,118,120,67,69,62,51,57,52,44,39,42,99,53,146,91,104,61,36,53,33,,,112,77,113,141,161,102,35,25,38,86,87,38,26,135,173,109,143,233,133,,81,93,73,81,79,132,195,150,89,104,81,84,56,71,89,70,57,,34,44,33,160,129,147,112,,118,121,158,156,105,113,90,104,168,112,96,89,82,73,48,45,59,48,68,48,48,39,39,43,38,8,37,29,33,27,29,,26,42,53,50,42,61,47,57,41,31,72,61,55,67,71,80,69,86,78,34,49,50,46,53,28,49,47,51,41,28,48,37,42,72,81,78,78,68,53,40,40,40,34,35,36,37,39,155,149,165,178,187,183,195,226,198,217,222,124,143,122,141,145,148,153,106,,152,167,98,161,164,148,194,126,121,135,50,54,96,56,62,58,83,100,66,68,74,66,63,43,57,76,79,81,82,81,47,52,46,54,43,48,48,42,52,45,64,81,66,53,59,69,47,60,57,62,62,63,65,65,,80,136,113,118,44,53,60,48,50,87,59,72,44,72,77,89,91,96,77,60,60,91,75,80,63,83,101,,75,73,72,74,58,59,78,72,72,101,106,86,102,67,63,84,141,131,,67,78,111,112,101,101,106,131,32,26,17,24,34,32,26,29,24,20,23,21,41,36,34,39,32,42,40,49,36,47,56,,49,57,41,43,59,52,58,45,35,39,15,20,26,15,23,38,40,42,38,42,50,64,67,86,27,25,26,30,44,69,127,104,107,69,52,52,57,57,86,111,44,46,55,74,49,,72,,35,67,56,32,27,16,89,118,65,60,51,55,92,114,183,109,115,143,121,38,50,50,60,34,29,28,27,60,,214,51,46,41,,175,40,46,42,,29,36,25,28,79,81,77,81,40,,36,102,73,68,79,29,27,37,31,30,53,51,32,41,71,72,44,47,43,38,26,11,,58,61,43,61,60,80,115,65,72,118,71,86,72,138,120,122,130,124,98,144,229,58,41,24,66,62,58,85,98,122,197,274,314,299,177,178,55,40,70,28,15,13,25,51,39,46,63,105,53
20160416,1,SO2,2,2,2,2,4,2,7,6,2,3,4,2,,35,42,41,52,46,38,,47,12,47,45,10,47,,14,10,5,21,12,9,21,137,117,119,107,147,140,20,20,13,14,9,18,13,15,127,17,18,14,11,11,16,7,6,11,4,5,7,9,10,7,13,10,6,8,7,62,17,52,20,44,19,11,11,25,43,7,,5,3,6,7,4,7,11,9,5,2,12,5,1,6,8,20,76,28,,25,22,18,22,37,,12,6,26,9,9,7,10,4,16,13,4,17,12,13,9,11,9,9,11,20,16,22,42,27,,9,16,29,17,24,8,12,12,13,12,5,12,10,11,11,11,19,16,16,17,14,17,3,16,14,10,17,12,17,14,9,21,13,14,16,17,21,16,12,23,23,26,23,31,32,24,,41,21,124,9,24,60,24,14,14,19,12,8,14,15,19,16,13,36,16,16,15,,17,19,24,7,4,11,19,25,18,13,13,13,8,16,13,8,45,35,13,,4,5,9,17,3,4,6,,13,5,4,8,9,8,8,,7,10,25,5,5,7,10,9,10,,,19,,12,15,,7,3,2,12,,,7,6,5,20,15,15,1,4,61,15,16,40,13,15,27,34,23,17,22,2,4,8,5,2,5,,5,6,17,9,4,10,16,15,9,15,14,26,28,17,24,35,,29,21,20,9,21,8,33,17,11,13,9,17,14,16,15,4,18,9,14,12,2,4,4,6,5,10,4,8,8,10,9,14,9,6,12,18,8,13,8,6,4,4,,11,14,18,23,5,5,20,7,5,3,6,4,5,7,12,3,6,5,10,7,8,7,3,16,8,10,12,10,8,5,4,4,2,12,3,6,8,4,12,2,4,4,3,8,7,3,6,7,3,33,17,11,,7,11,8,9,5,8,7,9,5,3,3,5,11,5,4,4,7,3,3,8,10,5,4,3,7,6,6,4,8,10,4,9,9,7,6,,10,7,8,7,4,5,6,4,34,11,3,40,11,36,8,21,15,20,4,7,,5,8,6,16,5,2,6,3,7,17,9,4,2,,7,10,3,3,5,4,2,3,11,10,4,8,46,29,30,43,20,,4,20,14,6,8,4,12,17,32,41,21,10,8,12,7,33,19,2,322,13,6,5,3,6,6,7,20,17,11,6,16,21,20,16,10,22,9,14,6,20,18,11,10,11,10,16,8,7,6,5,31,29,43,8,16,22,11,,22,24,48,,35,58,43,49,18,39,23,,28,,12,25,19,13,33,12,10,6,9,6,23,16,,6,,8,20,31,24,97,27,40,7,5,,19,7,8,30,52,33,,23,14,8,21,10,16,8,3,8,7,17,2,18,9,3,12,8,10,3,3,4,2,3,8,8,8,10,3,3,6,3,2,3,7,6,11,16,16,13,12,14,8,13,22,25,3,15,24,17,28,39,27,14,14,9,12,19,9,13,16,,21,11,3,6,2,4,6,17,5,6,13,19,28,6,14,9,8,16,11,13,21,39,21,14,,,21,13,15,5,40,15,33,115,22,12,10,43,164,51,45,54,14,12,14,14,11,,12,7,7,14,4,10,20,79,10,34,7,8,12,12,4,12,20,6,51,11,10,3,16,11,10,514,564,565,552,558,55,576,519,24,6,6,19,4,14,3,20,26,33,21,27,14,16,21,16,29,22,7,30,11,20,5,7,19,13,11,11,7,9,2,20,10,12,10,42,4,22,11,2,10,21,19,15,11,14,11,3,6,3,3,39,75,64,36,10,5,8,9,9,8,9,9,13,8,1,2,15,21,26,9,5,15,10,4,7,6,29,13,29,8,4,3,5,10,7,19,5,5,11,9,14,7,4,4,5,3,22,4,3,2,1,,2,23,18,7,7,7,6,4,7,5,11,6,2,6,6,3,3,3,2,4,4,2,2,16,2,8,12,4,4,1,20,,20,11,190,108,1,17,2,4,1,4,2,4,14,18,22,27,7,7,6,1,11,12,5,7,15,8,9,10,14,21,16,13,4,19,19,14,2,17,13,11,24,12,14,,11,16,12,,,10,8,16,21,13,15,21,15,10,13,10,8,10,16,17,20,9,7,12,15,,,5,4,8,13,13,11,8,24,17,55,18,6,8,6,9,12,7,11,3,5,44,47,16,11,34,14,,16,10,3,4,,12,11,16,23,11,11,,12,12,9,12,25,29,35,2,3,10,6,12,27,35,7,7,33,19,10,27,3,5,37,47,48,60,,6,6,13,19,29,13,20,21,30,14,30,11,16,17,12,14,8,2,3,21,5,10,8,6,2,7,8,5,21,12,33,9,7,6,5,2,4,9,10,3,2,2,7,,,6,11,3,14,18,28,18,21,37,12,7,16,14,13,26,28,8,47,16,,15,11,17,26,19,6,32,22,7,14,33,15,5,5,41,5,5,,17,15,4,9,16,8,,,17,18,21,26,13,4,9,9,21,6,21,13,3,27,21,12,4,4,6,11,3,13,16,13,15,2,3,18,6,4,8,,6,3,4,4,1,3,3,3,3,6,14,33,26,25,26,32,57,38,42,3,36,98,44,24,8,7,4,22,6,2,13,28,25,15,15,10,34,50,34,5,5,3,8,25,60,43,47,32,24,24,27,20,42,27,26,22,37,25,20,12,9,12,55,23,14,25,,41,17,6,29,38,43,35,9,19,48,18,3,2,4,1,10,9,15,17,5,3,5,3,8,37,40,18,14,18,4,9,10,5,6,12,2,4,7,7,5,8,7,10,16,14,10,10,9,7,11,42,63,85,43,4,51,39,11,15,3,4,3,3,13,10,14,12,26,32,,5,7,14,8,12,12,59,68,9,4,8,8,,3,1,4,14,3,3,26,18,24,26,9,16,16,13,87,108,9,11,,10,3,6,4,10,44,8,11,3,10,2,3,4,12,4,4,4,14,8,4,2,3,4,4,3,11,6,7,17,24,17,,13,5,4,32,4,2,5,3,5,2,2,5,6,2,14,16,7,18,27,8,3,10,5,26,7,6,1,8,14,9,4,16,5,5,12,13,16,27,13,1,11,11,23,6,6,,14,,1,3,9,9,13,3,3,14,5,8,22,15,29,18,35,13,22,5,9,4,9,2,3,13,7,21,8,1,8,5,6,12,6,,20,7,15,11,7,5,4,4,4,3,5,3,1,3,,8,4,2,10,4,11,7,8,2,4,20,17,6,4,12,6,2,9,2,4,10,2,,9,18,12,9,20,11,7,18,1,30,9,1,24,4,10,2,7,11,7,3,5,1,3,,10,7,10,20,10,14,3,21,29,12,6,11,3,9,3,6,3,3,12,7,13,122,10,18,13
20160416,1,SO2_24h,19,9,17,17,21,14,16,17,11,12,19,12,,33,39,33,36,26,45,,33,29,33,35,23,32,,48,36,43,46,45,30,41,102,88,87,93,101,110,24,32,15,23,28,45,33,44,51,31,42,41,38,39,50,14,10,18,12,13,18,16,23,26,20,33,34,35,31,83,18,49,41,49,36,41,32,63,62,19,,19,19,33,17,19,24,32,21,19,14,22,11,6,14,12,10,39,24,,30,25,25,17,29,,23,9,24,11,10,10,15,8,19,25,10,22,11,12,8,12,9,14,10,18,13,21,22,25,,17,36,29,30,30,16,48,20,15,14,12,14,9,12,14,13,21,24,21,23,22,22,8,21,14,13,14,10,18,14,9,14,13,14,20,26,32,17,15,20,19,23,31,29,27,20,,37,18,144,20,35,72,34,19,18,26,18,14,18,19,26,25,21,36,27,27,23,,26,33,31,8,17,22,27,18,25,9,10,13,6,12,13,8,38,23,9,,10,7,10,20,8,10,13,,21,8,7,14,14,18,15,,11,16,17,11,10,13,14,7,10,7,,31,,20,15,,12,16,9,10,,,13,14,8,13,9,15,3,5,8,25,16,37,14,18,15,14,14,13,24,4,4,7,6,4,5,,5,8,6,4,6,7,10,13,7,9,5,26,31,23,28,42,,33,29,22,11,19,8,21,18,10,12,16,27,25,31,22,15,26,20,24,24,11,12,11,15,15,16,10,15,14,22,8,13,8,6,11,17,9,13,9,6,6,8,,12,13,14,23,6,6,21,7,5,4,5,4,20,7,13,2,6,5,10,6,7,4,3,13,7,10,5,12,7,8,5,4,2,12,2,6,7,5,12,7,5,7,4,7,7,3,5,6,2,16,36,11,,7,10,9,9,6,10,7,9,5,5,5,6,12,5,5,9,8,4,7,8,20,8,11,9,8,9,8,5,9,13,4,8,7,6,5,,8,9,7,7,6,7,6,6,12,7,7,27,10,34,19,15,19,20,4,6,,6,12,7,19,9,5,7,6,9,11,11,16,5,,6,11,3,4,5,5,4,8,16,13,6,9,25,11,16,19,10,,3,14,9,12,7,9,51,20,31,48,35,10,10,14,8,33,12,4,56,11,9,10,7,10,13,10,15,9,9,5,7,19,20,14,12,24,15,22,17,26,26,18,12,14,11,22,10,8,6,7,40,30,27,5,15,23,10,,35,40,38,,37,64,47,46,26,46,26,,25,,16,17,18,14,37,16,12,7,10,10,29,34,,11,,18,26,48,34,47,22,34,10,4,,23,12,14,31,74,40,,35,10,10,10,15,18,8,3,8,8,22,2,8,9,4,11,8,11,3,3,5,3,3,8,8,9,10,4,3,7,3,2,3,8,6,10,13,13,9,7,7,4,9,24,26,9,17,28,32,22,38,42,23,26,22,20,25,21,20,15,,21,12,19,8,11,2,11,10,38,31,41,39,62,29,16,12,13,12,9,13,20,28,27,14,,30,19,7,14,6,58,11,24,72,38,11,10,52,87,35,48,61,14,9,16,10,10,,8,12,55,31,9,18,10,26,14,15,5,10,16,9,8,15,10,6,41,15,15,5,16,14,13,35,36,35,35,52,34,62,31,53,52,63,56,54,52,45,40,53,53,37,49,22,21,27,21,45,46,26,50,27,44,21,29,54,46,47,41,11,12,5,20,12,23,20,48,13,11,46,11,12,42,19,22,9,16,12,4,12,3,3,26,28,26,17,14,6,9,10,17,17,20,20,28,14,1,2,10,8,10,4,10,19,13,18,19,7,67,14,37,8,5,13,10,8,11,7,6,7,6,3,9,4,6,4,8,4,15,5,5,3,2,,5,17,22,8,13,15,10,12,14,16,21,7,3,8,11,3,3,3,6,6,6,3,3,22,10,14,15,5,5,2,24,,10,11,65,26,2,14,1,4,1,8,4,5,23,33,32,42,22,12,6,5,11,12,6,10,14,11,12,9,16,21,19,20,6,22,16,13,3,18,15,13,16,16,19,,17,18,24,46,,12,9,14,26,21,29,20,15,12,18,15,15,13,16,10,4,9,8,15,14,,,8,7,6,18,14,14,15,26,20,58,25,9,11,6,55,58,45,68,60,25,33,50,29,26,31,20,,22,11,10,16,,22,20,33,52,41,27,,32,21,4,9,24,23,38,3,2,6,12,10,23,30,11,15,15,11,12,24,4,7,29,34,29,39,,7,8,8,14,19,9,12,11,24,11,25,10,14,15,12,25,11,7,14,47,27,10,6,9,6,10,13,8,11,13,34,13,8,7,9,3,7,17,14,3,6,6,16,,,9,14,6,10,20,28,16,22,40,20,10,21,23,25,18,31,10,34,13,,23,12,21,26,20,13,39,31,12,23,28,42,18,14,36,12,6,,27,7,5,14,14,16,20,,17,19,22,13,19,14,21,14,28,9,24,8,26,17,14,13,5,4,10,11,27,11,12,12,12,2,2,11,6,7,9,,8,2,6,6,2,4,4,9,2,7,13,22,26,24,35,20,40,31,37,3,38,95,37,26,15,22,16,25,20,39,12,21,23,9,9,10,26,32,19,13,4,13,14,14,28,31,33,63,47,52,36,49,56,50,32,31,46,28,19,27,22,27,123,50,34,32,,47,28,20,37,36,38,26,20,29,28,23,1,11,11,1,13,9,29,21,13,11,10,7,15,43,48,29,28,27,9,11,12,14,18,13,4,6,5,8,5,7,12,8,11,12,12,11,12,7,9,21,24,48,25,4,56,24,33,40,15,11,14,8,24,31,12,39,6,16,,8,13,21,37,20,12,58,26,11,6,10,9,,19,4,5,12,3,4,17,20,17,23,18,12,16,15,41,58,13,12,,16,6,10,13,18,36,9,12,11,14,5,7,3,10,4,10,5,9,4,3,9,11,12,12,1,8,19,5,27,19,13,,14,14,5,29,10,8,6,4,6,4,2,4,6,2,13,20,10,26,29,5,34,10,10,18,8,12,26,15,19,7,7,21,8,6,13,10,7,13,14,39,16,13,30,6,6,,17,,2,10,20,8,12,4,3,15,8,12,24,21,13,13,21,12,9,7,9,8,9,6,6,14,7,16,5,6,8,4,6,12,5,,20,6,16,11,7,13,4,6,5,6,10,8,6,4,,6,11,20,6,4,10,8,8,5,6,9,17,8,6,20,10,3,8,3,5,9,6,,9,16,12,7,21,11,6,12,2,31,7,2,23,4,16,6,7,7,8,2,9,2,3,,7,7,10,13,7,7,2,12,13,8,8,5,8,13,4,6,3,6,12,7,12,21,14,12,15
20160416,1,NO2,16,12,14,28,20,22,44,34,6,30,22,19,,99,84,41,76,55,100,,83,86,102,66,54,86,,34,23,14,36,18,11,18,111,129,87,111,142,137,25,22,51,38,26,45,36,32,54,48,42,81,44,47,54,22,25,18,23,27,9,6,8,8,6,29,24,20,23,82,119,93,33,89,36,38,39,38,28,11,,4,6,10,16,5,30,18,4,13,7,7,5,21,9,5,27,31,48,,33,68,37,46,47,,28,17,27,7,12,14,17,20,12,19,10,40,25,24,25,32,18,12,18,21,40,41,45,49,,88,90,32,22,54,46,23,23,31,30,15,27,42,17,25,14,10,26,34,35,46,31,51,51,30,34,31,31,30,30,34,42,28,33,30,31,22,43,33,24,25,14,23,43,48,26,,43,47,36,22,24,20,23,29,49,29,21,41,52,29,34,42,23,64,48,13,46,,31,32,30,29,11,29,24,21,53,29,18,40,20,18,25,20,41,62,31,,28,40,11,46,23,35,43,,43,26,59,19,10,9,18,,7,18,21,64,41,72,37,24,11,,,33,,24,35,,49,31,21,24,,,29,11,18,38,23,27,20,22,42,28,51,15,24,34,60,71,42,3,35,38,43,39,68,50,63,,30,36,41,24,16,4,32,32,14,29,22,22,24,18,23,10,,32,32,17,10,5,21,5,7,43,12,17,35,36,30,16,18,21,22,17,21,18,34,39,34,34,30,16,20,46,30,14,40,13,38,16,43,34,27,32,26,48,36,,42,45,35,59,51,16,56,30,8,17,21,18,10,11,36,5,9,11,19,19,25,33,7,63,57,52,62,42,8,44,46,1,,2,3,19,15,17,9,22,19,24,20,23,10,11,17,6,10,16,12,29,,23,7,26,7,15,46,30,52,6,10,11,8,19,8,30,10,20,11,18,44,20,9,48,17,21,26,18,15,23,41,38,45,57,51,41,,31,24,10,25,5,19,17,16,11,35,2,29,15,16,15,9,24,21,24,57,,17,75,8,44,33,69,28,29,37,52,23,32,21,,26,35,46,35,12,39,32,23,21,28,15,2,32,28,68,49,44,,77,72,41,47,70,12,20,24,31,18,38,24,43,48,15,13,20,12,42,17,9,3,9,8,7,11,17,13,11,6,17,29,30,19,17,9,8,17,7,20,20,19,14,41,28,40,37,39,51,14,30,36,41,31,20,37,33,,31,25,34,,31,47,31,33,24,53,23,,31,,13,22,46,16,11,15,18,10,7,10,7,13,,11,,16,39,46,29,20,15,27,13,6,,22,7,11,31,19,30,,14,22,23,32,29,22,16,14,14,15,17,7,5,9,7,17,4,2,7,3,7,16,39,42,7,11,12,17,13,13,5,2,3,33,50,53,11,19,16,35,22,24,28,2,4,21,24,39,58,24,27,28,29,25,9,20,24,10,16,34,,33,23,6,22,12,25,5,1,28,23,14,18,15,19,3,5,4,8,10,11,15,35,11,12,,30,38,13,22,8,36,15,38,62,12,12,5,29,54,28,35,38,14,15,13,16,11,,10,14,12,18,13,5,23,68,11,59,19,20,17,15,5,15,8,15,17,18,27,26,21,22,43,45,49,36,23,4,33,5,3,33,3,1,18,14,8,8,42,47,36,47,79,28,27,50,35,42,29,26,13,16,14,16,20,20,12,22,10,41,41,48,32,40,46,35,24,27,22,9,18,18,21,12,6,2,17,4,14,11,33,4,10,55,36,51,13,10,14,17,12,11,21,10,19,7,5,4,40,32,39,29,3,14,17,10,7,10,20,15,20,26,2,2,11,11,13,10,11,13,31,28,52,32,9,26,9,65,31,22,24,39,7,,26,14,11,14,28,21,60,16,30,10,37,8,36,58,52,13,31,41,40,31,43,34,46,19,40,37,53,9,15,3,17,,20,18,45,48,13,12,6,15,5,17,8,8,20,25,15,33,23,14,7,,26,26,13,11,21,28,8,25,25,7,10,4,3,15,5,8,7,9,35,43,53,23,19,,21,22,28,,,31,22,21,26,24,37,27,24,26,18,59,39,15,12,19,47,28,31,35,46,,,18,18,14,22,8,19,13,29,22,40,23,9,26,26,3,10,11,6,11,13,28,52,13,13,38,8,,13,13,16,2,,5,2,18,13,17,27,,20,31,25,17,12,26,20,11,6,18,18,27,10,29,20,17,37,7,2,7,6,3,28,40,33,45,,6,9,26,15,19,55,12,26,22,19,25,30,19,24,23,10,28,6,7,35,20,54,31,23,12,28,28,31,10,17,24,11,2,11,2,47,25,24,36,17,17,7,8,,,49,32,15,6,30,40,11,23,10,14,19,10,5,52,3,29,29,46,30,,28,28,14,30,11,13,28,14,41,50,61,25,62,44,90,2,85,,35,28,12,24,33,26,,,8,21,60,43,11,22,12,23,23,9,66,49,47,30,30,37,26,16,46,12,29,26,27,38,26,2,18,24,13,29,55,,21,17,52,30,3,3,2,13,7,4,15,13,13,10,13,20,29,21,18,9,22,20,37,18,4,3,2,3,5,20,34,34,34,28,23,3,33,28,14,6,7,10,5,23,16,37,27,53,73,115,17,35,24,26,34,40,38,30,21,27,26,17,9,40,14,16,,9,8,15,37,31,74,37,15,10,32,66,29,15,8,30,6,16,6,7,12,8,7,6,19,15,51,15,16,35,32,27,23,17,10,2,2,8,8,7,20,8,27,30,30,19,35,24,44,30,5,17,22,23,18,20,60,57,44,53,10,9,9,1,11,21,43,30,54,51,4,9,8,7,1,6,4,14,28,19,2,3,17,,17,30,10,46,9,13,47,29,27,23,11,21,23,13,17,25,10,26,,18,14,21,52,2,11,11,12,7,26,11,32,19,19,13,49,9,19,20,9,7,14,13,9,10,19,17,13,4,19,15,,15,12,12,11,29,11,8,35,8,10,3,54,39,25,5,7,6,7,10,9,7,17,34,39,9,14,4,9,6,13,8,19,9,24,19,11,14,15,14,15,8,6,10,5,14,,30,,5,2,5,2,7,8,20,36,15,3,21,28,17,15,22,38,15,59,27,18,23,36,19,6,6,,22,10,18,21,19,10,13,,65,7,7,18,13,12,26,48,29,56,60,32,32,7,,9,5,6,36,12,5,40,17,10,7,20,18,47,45,6,30,7,9,5,40,85,49,,7,10,10,36,10,4,17,9,14,20,65,41,64,11,42,19,27,42,63,5,13,2,2,4,50,43,7,77,104,110,35,106,105,94,42,54,27,28,,9,1,5,37,19,13,38,40,16,66
20160416,1,NO2_24h,44,36,57,59,65,59,73,59,37,57,47,59,,84,83,53,81,75,82,,91,103,72,77,61,79,,69,48,54,67,50,34,27,90,103,74,102,104,98,48,60,77,70,63,55,57,46,64,54,48,81,51,50,68,30,31,28,28,36,28,25,29,28,16,78,66,64,69,79,74,64,47,48,41,69,56,69,53,31,,16,19,27,34,18,36,44,23,41,28,33,31,47,37,21,26,33,40,,33,73,40,46,50,,38,35,39,22,20,29,31,32,22,49,26,57,38,41,41,45,19,22,26,23,45,32,34,28,,84,79,50,28,67,29,54,33,61,52,52,50,55,45,43,37,32,33,38,36,45,34,45,55,26,29,37,53,42,56,51,44,50,68,21,24,19,29,32,25,29,15,38,35,35,20,,33,40,32,32,35,29,35,58,66,55,52,70,71,56,50,59,36,63,53,35,46,,47,50,39,39,22,46,46,14,42,21,10,36,22,22,26,23,38,55,28,,41,44,11,61,21,46,53,,51,38,45,52,35,52,60,,17,45,45,60,57,86,55,19,17,36,,38,,35,38,,35,28,27,26,,,39,29,24,34,21,24,25,22,23,60,47,26,31,55,77,40,39,11,59,37,43,44,48,41,44,,40,46,31,21,22,8,20,39,12,30,23,19,29,50,46,49,,46,4,22,22,12,33,18,26,17,16,36,55,75,53,64,40,49,55,46,44,20,51,39,22,30,36,30,25,45,35,18,48,11,32,18,53,45,27,31,17,54,43,,40,40,36,54,52,29,52,38,24,37,28,48,34,14,61,9,14,24,30,30,40,37,13,53,48,51,42,35,18,47,49,16,11,12,10,22,22,20,12,32,32,39,43,39,12,20,21,11,12,45,35,36,,26,12,40,14,23,34,30,38,6,13,19,12,28,17,42,21,24,26,33,24,31,25,48,33,26,46,26,27,34,61,30,36,42,41,41,,25,19,15,47,17,22,19,31,37,52,26,30,16,10,15,6,28,20,14,28,,10,39,14,59,35,39,45,38,55,45,19,30,37,,22,46,22,27,13,22,26,25,20,29,11,2,17,20,21,25,20,,40,37,46,40,38,12,31,34,37,24,35,29,33,35,21,14,5,12,37,18,18,14,16,15,14,20,18,13,11,8,12,35,34,23,24,21,18,30,24,33,37,23,21,41,42,43,32,40,42,18,40,39,38,29,19,31,28,,36,39,32,,36,48,33,35,46,55,31,,48,,15,22,23,13,8,30,32,14,11,24,17,17,,18,,22,21,25,29,21,20,28,24,8,,27,17,24,45,26,31,,29,27,31,19,42,22,21,16,20,19,25,9,6,10,7,19,5,3,10,4,4,10,27,36,8,16,13,29,20,20,6,4,6,39,56,51,13,17,21,28,25,27,23,20,20,30,16,32,32,18,26,27,29,46,29,28,26,31,27,40,,48,31,12,33,17,31,8,7,68,59,63,61,46,34,10,14,9,13,17,19,24,42,28,18,,31,36,16,28,12,45,28,39,51,34,20,26,43,61,45,43,47,32,21,39,23,27,,10,30,43,28,21,13,13,57,27,43,18,26,27,22,14,25,19,21,19,12,35,24,25,26,44,15,24,16,10,7,33,11,3,65,66,49,55,46,58,61,37,46,40,48,60,31,15,37,34,47,51,71,22,42,46,39,39,31,35,27,26,39,52,49,36,46,46,37,26,41,31,17,11,23,23,17,16,11,29,3,25,24,21,6,8,40,21,42,14,12,16,18,14,26,23,25,30,20,9,7,12,19,18,14,23,17,27,25,29,10,38,11,34,24,10,10,26,28,14,18,13,22,14,13,26,12,12,21,29,25,17,18,35,42,24,,33,14,11,28,38,39,51,14,38,30,35,14,39,50,65,10,27,43,40,30,41,40,52,41,53,49,34,9,14,6,15,,6,11,17,10,13,5,3,13,11,32,24,17,25,36,21,27,30,27,12,3,36,28,12,15,24,38,16,23,28,12,21,13,11,25,12,14,11,15,48,51,37,60,58,,39,42,58,40,,63,32,27,48,45,59,29,23,38,40,38,36,14,12,21,44,36,27,49,58,,,33,30,12,19,11,17,20,29,20,32,21,41,33,22,27,40,31,44,47,18,22,31,17,19,18,16,,22,33,22,5,,9,3,44,36,51,25,,21,8,8,6,24,32,27,15,13,20,25,20,28,33,25,25,25,7,4,5,8,4,32,41,31,50,,7,15,23,19,27,37,13,27,18,15,21,25,34,31,34,33,33,30,31,34,42,34,19,31,20,35,38,26,10,15,22,9,2,14,2,34,15,30,36,16,23,12,16,,,46,34,17,12,34,46,26,21,13,31,22,15,12,81,8,53,29,24,19,,25,30,20,28,9,26,27,43,18,28,44,31,26,20,70,12,56,,33,23,10,34,45,39,36,,27,17,43,21,16,24,25,35,18,16,38,23,31,31,34,35,38,16,35,15,18,19,20,22,16,2,15,17,12,35,48,,22,20,44,39,3,6,3,18,10,3,14,7,13,10,13,15,29,29,19,9,23,19,23,20,6,13,13,13,18,22,19,24,23,23,18,4,29,25,14,14,11,16,11,15,15,30,27,66,57,70,41,68,34,44,35,45,36,32,25,41,34,27,40,52,24,28,,22,23,29,20,23,39,21,29,20,39,40,20,21,11,21,7,21,21,18,17,22,22,17,24,21,39,25,32,34,45,23,18,15,12,3,5,12,10,11,16,9,28,19,23,20,34,21,31,29,7,14,12,22,17,17,31,27,23,39,13,21,23,14,25,16,23,26,37,33,3,13,14,12,3,8,10,13,11,17,4,12,24,,14,32,19,29,8,16,19,20,19,14,10,21,25,12,15,21,12,25,,18,16,29,33,12,22,17,23,20,34,18,29,12,16,9,23,12,16,18,12,16,25,21,18,9,22,15,17,5,27,18,,20,22,36,36,36,30,15,45,17,12,3,22,32,28,5,6,13,10,12,8,9,16,35,27,7,13,10,12,23,13,20,21,23,24,21,14,13,11,9,16,19,15,14,18,24,,28,,9,6,14,7,10,13,23,33,14,3,22,26,12,9,15,19,21,40,21,15,9,37,35,9,7,,24,8,11,14,15,20,10,,15,8,17,15,12,13,20,25,22,24,35,29,28,8,,6,21,23,16,9,4,26,20,17,9,11,10,20,25,13,31,9,7,10,13,50,18,,7,6,7,20,9,4,6,10,14,16,19,23,36,6,13,10,14,18,20,11,15,5,5,3,40,34,9,23,37,45,18,55,51,45,26,39,41,26,35,12,3,11,23,18,12,19,48,19,62
20160416,1,O3,62,87,68,65,65,54,29,48,63,48,50,67,,27,44,25,62,76,20,,58,42,41,65,28,71,,66,17,10,53,65,39,103,49,43,46,45,26,36,117,126,137,144,155,56,63,58,60,61,52,57,49,49,42,41,53,51,56,28,104,113,120,108,118,55,66,73,84,55,32,36,62,29,71,67,58,63,44,53,,60,61,54,37,48,34,79,76,93,104,62,74,81,78,77,89,113,86,,111,56,116,97,100,,125,141,125,122,128,145,137,128,146,126,115,113,103,105,115,98,108,132,110,100,98,27,40,57,,15,21,58,60,53,53,43,69,91,99,91,116,70,104,106,121,106,71,59,94,68,90,76,63,77,84,65,64,75,73,74,65,80,75,78,80,77,21,74,135,142,123,144,94,88,95,,58,73,75,40,70,68,81,84,78,63,99,63,72,97,49,64,66,61,42,67,46,,61,72,20,80,49,89,93,102,62,76,82,78,114,114,110,124,74,46,81,,67,26,45,78,37,55,53,,77,67,7,81,102,117,109,,126,103,73,17,37,13,46,81,81,,,71,,71,67,,36,39,53,90,,,50,76,50,39,90,49,83,72,63,67,26,53,78,60,52,30,76,72,70,34,26,40,49,28,7,,56,49,21,45,49,87,,17,43,44,80,111,115,138,128,135,,108,81,127,140,116,111,129,150,91,111,139,74,49,66,61,65,29,60,54,62,28,22,26,24,18,45,23,39,9,52,33,45,41,24,42,33,33,35,30,25,7,8,,5,1,15,3,9,41,2,26,86,97,81,85,85,58,77,55,103,97,73,87,51,55,52,6,10,7,6,10,34,8,5,36,46,53,49,33,25,16,25,45,44,46,50,47,71,63,69,74,80,35,44,11,,68,82,45,72,82,55,77,36,88,56,49,49,45,66,56,65,52,67,44,31,45,45,31,55,53,59,52,62,48,72,19,34,19,27,37,,31,54,88,71,81,69,72,81,96,81,2,77,101,100,114,88,115,76,93,74,,116,49,140,26,35,12,44,31,26,25,51,22,54,,36,37,41,42,132,43,51,57,38,51,66,85,46,51,22,48,32,,1,4,39,22,17,31,39,31,29,40,24,33,14,28,30,32,66,2,12,33,83,77,84,68,83,93,69,71,55,84,75,135,109,126,114,100,127,108,102,109,127,128,127,95,63,112,28,21,16,37,86,82,117,53,62,82,77,,122,138,82,,121,38,26,37,55,90,120,,47,,43,107,93,75,106,106,114,122,104,116,112,98,,112,,97,64,46,100,123,113,127,54,121,,91,148,125,94,98,85,,46,32,10,23,32,43,69,73,68,76,62,43,29,45,51,51,11,57,52,40,44,41,11,9,78,75,74,46,40,46,53,37,51,17,12,5,59,38,49,21,38,36,45,41,10,41,43,14,11,113,124,130,36,71,71,66,68,69,66,83,,82,41,49,31,21,30,43,27,59,58,78,74,83,87,93,101,58,78,143,99,132,109,155,151,,123,89,155,86,132,112,158,113,76,121,165,178,139,109,168,143,150,144,137,139,141,145,,170,65,66,51,88,91,18,15,44,,39,53,80,88,93,98,4,53,93,37,69,31,70,74,66,5,11,22,21,43,25,73,69,36,52,65,43,42,77,44,74,68,82,40,40,95,95,54,72,52,76,22,71,76,85,45,75,53,9,51,64,4,8,7,12,39,17,13,22,75,67,89,72,67,88,25,34,35,31,30,25,63,6,76,14,10,8,3,24,54,71,40,112,100,66,83,90,100,81,92,17,17,14,23,45,42,48,79,72,67,54,75,98,75,82,62,78,62,4,44,62,58,9,18,7,1,66,5,5,11,28,52,54,82,72,,69,110,101,51,23,38,16,33,17,70,27,33,27,8,29,60,5,4,4,12,2,13,1,46,35,42,14,102,104,83,70,,84,100,62,49,95,74,43,83,55,76,82,114,76,102,145,110,78,77,146,2,103,98,132,138,117,99,142,93,128,147,134,107,84,103,120,122,96,114,58,64,37,82,94,,87,,86,,,84,39,5,83,67,80,68,118,59,29,34,41,,98,35,50,42,59,40,58,,,92,61,38,62,81,74,79,76,81,74,83,7,28,61,17,82,32,20,83,66,55,28,79,73,34,71,,73,80,35,39,,28,23,83,96,81,29,,23,61,47,70,84,68,112,79,90,77,73,60,81,33,39,63,47,95,86,39,117,114,77,113,77,66,,165,136,101,118,208,80,122,171,95,90,70,37,123,102,121,125,119,112,115,50,53,18,38,45,50,38,53,25,63,33,55,41,79,78,59,15,11,34,43,26,57,63,4,,,27,11,52,42,56,79,45,51,,52,36,23,48,79,78,91,114,65,116,,65,76,24,70,79,102,116,125,69,4,26,39,50,19,18,23,5,,68,41,50,102,49,80,31,,25,108,120,40,70,68,95,79,28,55,110,9,17,43,50,44,26,30,7,54,19,24,25,3,12,,47,47,54,14,13,,42,37,25,37,40,71,92,88,95,21,32,22,31,20,35,14,21,35,24,31,54,54,45,57,55,59,59,57,59,12,33,6,7,18,8,,19,19,41,52,50,54,51,54,61,44,52,22,4,1,46,60,37,53,94,122,93,137,65,55,59,64,62,54,53,92,,83,74,94,78,96,96,88,74,75,78,,45,63,24,39,104,31,58,94,67,85,71,90,64,60,18,36,34,21,32,36,38,52,70,43,59,52,52,55,63,63,,,8,17,8,16,2,6,27,30,24,28,32,72,23,21,17,30,60,54,63,57,57,10,1,4,6,2,41,39,38,34,46,15,39,34,16,25,42,33,35,,22,36,62,42,22,8,27,50,61,44,52,47,62,44,39,32,49,41,,29,49,44,65,126,16,87,101,90,79,97,86,10,53,23,28,64,53,51,54,57,59,64,65,41,55,53,51,75,69,68,,65,64,36,70,76,59,4,181,4,79,88,,2,3,59,63,79,65,75,34,55,47,17,52,69,63,74,54,79,107,16,94,114,3,67,67,68,54,13,26,72,101,120,131,28,,72,,81,104,108,94,57,,22,71,22,2,74,86,79,86,77,39,95,10,58,78,57,18,76,61,30,55,29,107,110,63,90,84,87,,19,8,47,81,64,35,14,4,7,3,9,25,56,46,,50,96,80,54,52,26,17,44,108,96,46,73,2,6,101,99,44,55,63,23,18,28,,77,69,79,40,89,85,89,104,10,49,8,26,26,28,45,32,23,16,6,138,142,54,53,82,16,26,59,3,7,72,76,4,3,,54,42,67,71,,50,101,104,65,89,48,44,28,84,2
20160416,1,O3_24h,146,94,149,168,158,136,126,98,84,62,144,126,,155,171,53,196,191,197,,171,128,190,130,106,206,,156,114,165,138,130,91,188,146,149,132,139,148,149,184,172,201,178,213,217,168,206,211,168,146,157,140,159,99,133,151,127,146,99,182,162,200,167,185,112,164,198,203,179,242,233,204,222,203,216,167,193,155,112,,90,117,110,104,117,114,164,103,93,118,67,89,92,90,88,94,153,152,,177,81,156,144,137,,175,150,138,138,143,159,158,154,150,141,127,134,115,108,137,112,127,145,133,122,151,110,152,116,,63,43,67,80,73,82,64,98,134,134,140,151,133,140,163,155,141,162,138,202,170,216,175,151,177,155,140,120,145,126,147,149,146,136,140,139,122,37,127,198,191,143,188,195,184,189,,120,187,161,199,121,133,151,132,165,140,181,118,173,172,100,148,143,159,121,137,121,,106,123,68,107,137,134,135,194,116,144,156,132,147,141,142,142,116,83,142,,136,118,131,165,148,139,130,,181,142,120,123,127,136,135,,146,137,104,79,78,83,82,109,130,82,,180,,158,153,,152,128,142,126,,,100,105,113,104,126,103,125,127,96,116,121,107,170,140,127,123,114,165,133,134,71,128,160,124,147,,103,159,83,114,109,126,89,73,87,93,127,176,202,203,170,219,,187,209,130,140,116,111,129,150,94,119,139,235,144,237,195,210,148,165,161,250,96,121,112,103,114,138,99,121,108,64,63,111,96,89,80,82,77,77,86,100,7,8,,9,21,17,7,10,43,4,33,86,97,87,85,85,81,77,91,124,128,77,87,51,55,57,7,12,9,31,16,45,9,14,36,46,53,51,37,46,32,30,45,49,50,50,47,97,71,79,97,118,35,44,20,,99,121,60,88,117,126,137,111,113,157,75,96,101,69,93,70,101,71,86,110,113,69,78,83,104,75,116,99,68,118,93,89,95,80,85,,78,93,160,138,160,143,160,146,143,149,152,119,118,132,137,129,129,103,148,178,,166,164,161,96,129,136,90,116,92,117,72,56,94,,115,128,103,103,137,100,98,99,117,83,124,371,99,86,125,96,84,,20,42,90,49,109,40,82,60,73,90,102,82,94,90,74,84,183,77,77,52,115,104,118,96,111,128,101,103,90,113,110,168,152,158,152,131,166,135,136,175,222,215,152,131,88,152,121,128,106,76,206,202,210,134,147,182,172,,242,261,148,,219,154,90,149,120,236,181,,136,,144,205,171,170,218,162,149,182,137,178,119,187,,214,,190,192,158,189,233,215,247,123,157,,109,159,158,252,228,235,,98,90,19,91,78,104,134,138,137,138,112,94,67,119,108,111,112,78,89,76,89,69,60,66,128,126,128,55,50,56,73,54,75,19,12,16,113,75,108,89,90,89,123,58,12,94,134,65,91,138,158,169,121,100,91,107,137,92,142,189,,174,126,108,101,77,77,116,60,139,127,129,159,155,157,137,128,83,126,164,113,154,134,167,171,,152,136,160,110,163,140,177,142,129,127,173,189,157,143,196,166,169,144,137,139,141,145,,170,107,74,107,139,135,94,98,93,77,129,100,114,124,108,127,129,106,101,93,161,91,151,174,133,84,61,79,57,75,77,99,92,133,136,165,125,166,179,131,210,208,181,93,208,191,177,156,168,162,244,128,219,167,167,87,176,131,146,132,137,63,57,74,55,63,76,76,58,104,100,129,132,139,140,121,95,76,86,56,37,76,75,118,52,81,79,72,101,140,238,115,156,131,105,134,133,134,82,93,99,78,78,76,49,58,57,98,72,96,71,107,138,137,130,101,108,70,39,55,104,77,57,94,66,41,76,57,58,55,79,80,69,82,72,,73,145,131,113,65,68,70,119,129,90,125,99,85,97,98,107,74,66,65,94,83,90,75,65,90,82,158,113,119,89,99,,118,125,116,115,150,109,70,138,62,91,88,117,167,236,224,352,109,84,149,155,115,119,144,143,182,184,185,143,179,199,199,144,84,103,124,126,96,114,126,146,143,148,155,,128,,126,84,,138,85,16,147,123,136,166,245,135,90,150,129,,144,79,129,120,105,75,104,,,121,77,77,164,161,186,199,168,172,179,180,76,94,107,87,201,94,62,220,196,149,148,139,129,144,160,,158,161,89,72,,75,52,136,168,141,91,,52,122,118,99,111,106,142,90,94,124,123,104,101,60,94,110,116,136,125,42,130,121,115,132,93,77,,183,167,134,134,219,117,123,183,130,139,87,55,134,108,121,133,148,116,115,125,72,94,96,108,125,98,98,106,80,40,98,102,107,105,97,112,84,64,82,116,84,106,85,,,113,102,112,61,124,152,82,96,,106,75,88,86,337,92,110,196,200,200,,144,133,109,167,156,155,210,210,88,92,111,73,123,124,32,45,20,,99,82,94,158,118,154,91,,78,142,256,91,106,106,174,85,181,141,200,97,74,89,70,61,109,103,140,139,76,84,84,81,80,,121,143,124,47,59,,65,79,128,89,129,85,115,108,119,56,74,67,83,45,106,52,59,80,67,75,82,88,88,84,57,59,59,57,59,119,61,61,43,51,31,,56,61,69,65,70,72,66,94,117,88,94,176,182,172,196,187,218,174,144,191,146,205,214,165,179,160,181,159,177,146,,141,146,169,177,181,181,194,149,169,176,95,112,129,41,98,152,69,105,145,119,132,116,134,129,123,113,92,92,75,95,135,129,164,196,96,110,101,104,109,130,129,52,46,67,64,57,71,64,36,72,69,74,63,64,104,83,98,72,86,75,108,127,90,125,74,64,53,59,65,85,97,61,60,68,98,99,104,111,91,42,63,106,,94,117,137,97,45,43,115,120,111,102,111,108,130,111,107,105,142,150,,58,97,102,168,140,249,149,144,100,96,108,128,38,87,47,89,104,98,101,102,83,87,93,88,91,104,78,83,96,73,83,,75,69,62,70,94,61,38,181,19,83,221,74,46,59,77,84,86,78,87,66,219,111,28,91,151,144,138,142,138,117,47,134,169,18,156,135,136,119,41,88,107,142,150,153,100,,90,,121,131,145,94,170,5,81,172,46,63,103,132,146,163,156,164,156,98,190,102,91,148,176,103,70,103,80,149,157,101,130,121,130,,87,28,70,135,124,78,81,79,80,117,123,63,119,56,,97,117,127,125,79,99,98,97,108,100,79,121,95,94,110,113,79,92,93,103,94,91,,109,101,139,116,146,112,142,118,60,86,102,85,82,64,105,72,60,50,103,157,176,59,57,134,45,48,118,111,133,200,135,152,84,166,123,71,98,117,94,113,107,106,156,150,84,81,93,160,5
20160416,1,O3_8h,85,83,87,89,89,71,59,53,59,46,76,94,,69,82,28,85,81,73,,62,58,95,67,49,95,,89,52,90,92,86,55,142,111,95,98,86,82,105,157,131,158,163,172,104,87,108,105,106,90,94,88,93,66,67,67,66,78,49,131,125,151,132,145,52,60,74,71,75,112,97,135,117,132,111,86,83,77,56,,59,66,56,41,61,81,75,72,76,96,53,67,78,74,74,88,124,115,,132,64,124,104,114,,138,139,121,130,138,151,146,139,142,115,106,86,80,80,94,79,108,118,97,102,95,39,61,72,,30,25,44,47,45,56,37,66,96,104,92,118,89,106,122,126,112,117,95,146,114,148,126,104,123,120,85,72,91,85,91,89,100,97,103,101,91,27,95,139,140,122,134,140,131,139,,88,128,111,57,86,89,99,103,108,81,131,76,102,115,65,95,98,111,78,93,86,,86,95,45,73,45,66,82,141,80,103,113,98,126,122,120,131,92,61,105,,84,58,65,85,66,79,70,,80,89,45,84,97,100,91,,114,95,75,25,32,12,41,94,91,59,,92,,76,77,,76,73,72,96,,,49,62,57,57,98,64,93,91,77,89,64,73,117,87,77,71,83,112,100,38,27,42,54,34,17,,48,47,38,45,53,96,22,19,59,50,89,128,136,154,136,155,,130,142,124,130,110,94,117,138,90,88,123,143,81,130,101,115,71,96,93,113,48,44,52,44,45,70,46,60,48,50,36,55,54,38,54,35,40,47,39,40,4,3,,6,1,10,3,9,40,1,29,78,86,73,60,63,72,61,71,108,93,68,80,43,46,49,5,8,2,11,9,38,5,3,21,30,40,43,31,21,21,20,34,31,36,32,27,79,61,71,74,88,22,31,6,,79,86,46,76,88,74,91,59,82,76,34,44,41,60,53,55,47,62,33,36,37,43,32,46,45,50,44,55,40,60,26,36,34,30,34,,31,53,104,57,91,72,112,93,73,73,89,96,104,116,108,95,107,77,117,119,,140,97,144,40,40,35,46,37,34,48,65,37,57,,50,40,63,54,129,64,61,67,53,65,90,91,54,50,76,55,52,,9,28,53,32,64,35,42,33,34,50,37,39,36,43,33,44,142,24,23,33,87,82,93,73,90,101,78,83,62,89,94,149,129,142,126,116,137,112,116,137,165,163,136,118,73,137,37,37,35,35,129,127,148,72,79,103,94,,137,147,107,,158,61,36,58,50,154,132,,72,,84,135,116,109,143,106,106,127,98,120,106,107,,126,,118,129,104,135,149,132,154,72,112,,88,142,134,115,122,108,,34,27,6,38,27,52,77,80,71,84,59,45,32,48,58,55,25,52,50,43,47,46,34,27,82,69,75,52,45,49,59,41,56,16,10,7,59,33,49,23,30,24,40,47,10,51,76,32,43,126,139,148,64,64,60,80,79,55,87,112,,103,65,57,32,21,32,52,34,57,55,78,79,86,103,102,99,62,68,139,102,129,113,151,156,,125,116,151,102,149,127,161,129,87,121,166,174,135,126,164,141,146,110,111,102,114,105,,139,62,59,46,88,89,36,22,32,12,46,68,83,84,91,97,17,69,75,56,110,58,108,120,95,34,28,46,34,48,40,74,80,44,60,70,45,54,89,47,109,112,105,52,100,134,123,101,113,95,145,57,133,104,114,59,101,57,39,54,68,18,16,18,24,45,20,14,25,67,72,95,96,89,104,21,37,33,28,24,23,55,7,82,25,21,26,14,52,94,118,73,125,93,75,91,89,106,75,83,48,34,42,37,44,42,43,74,69,69,44,95,103,112,81,62,71,55,11,42,65,52,23,40,26,16,65,14,8,36,53,64,29,49,42,,41,114,107,62,37,40,43,58,54,57,56,68,54,46,61,72,26,10,7,30,17,13,18,53,44,51,52,108,112,84,84,,91,109,78,85,121,95,52,107,55,67,69,101,91,117,160,169,69,72,132,14,88,86,124,130,120,101,156,114,122,138,145,112,76,91,115,119,88,108,73,81,76,91,96,,97,,79,66,,85,63,10,111,96,106,97,157,87,53,82,71,,113,43,73,42,62,47,71,,,92,63,56,83,94,90,88,111,115,118,118,12,15,66,33,126,54,35,91,119,74,70,84,74,62,82,,86,92,40,44,,32,29,86,110,93,55,,31,98,83,84,88,79,124,82,85,88,83,72,72,34,56,75,69,109,100,40,108,110,75,114,76,63,,172,149,108,122,206,88,119,163,113,105,76,45,113,94,99,110,127,108,100,54,21,40,65,62,73,54,63,47,66,35,72,62,71,71,52,39,43,36,52,62,62,56,29,,,46,36,58,43,59,97,50,63,,51,41,37,51,99,65,94,140,101,157,,108,109,55,118,116,117,149,154,66,20,52,32,69,45,16,22,8,,60,49,63,119,67,113,43,,40,123,141,62,75,73,119,79,107,75,143,26,23,54,58,53,32,40,21,69,23,40,40,38,45,,63,54,54,12,11,,43,48,43,28,67,72,96,91,101,24,41,36,45,26,64,27,30,39,35,52,59,64,62,67,51,53,56,52,55,12,23,18,15,25,13,,31,28,38,54,54,57,55,69,79,61,65,74,52,56,81,104,103,88,96,125,92,128,140,112,110,114,123,108,115,103,,89,87,102,129,132,133,139,115,130,138,38,64,75,26,56,92,39,65,94,69,79,69,80,81,75,41,43,41,34,38,69,66,69,86,60,74,65,68,81,99,98,12,13,29,32,22,36,25,16,36,38,43,34,37,85,39,41,37,39,56,68,75,65,62,22,24,14,19,24,58,43,47,41,55,24,43,41,37,35,16,25,26,,22,64,82,56,29,20,63,68,72,67,79,73,85,73,64,58,60,87,,46,64,67,105,109,16,108,119,96,84,97,110,27,64,35,66,74,68,68,74,56,52,56,59,56,58,52,55,81,58,68,,60,42,34,52,70,52,8,168,8,76,88,40,21,26,63,67,73,63,74,50,77,76,21,56,112,103,102,97,105,109,32,95,135,4,102,101,97,81,16,26,61,87,118,125,30,,66,,95,102,110,89,60,,43,107,31,28,90,105,98,118,98,110,117,44,96,89,79,67,102,70,33,72,44,129,134,78,104,87,94,,56,12,51,95,85,52,41,46,42,42,56,32,72,50,,72,92,74,75,59,46,46,52,96,91,60,92,42,33,98,103,47,59,65,66,61,64,,90,82,98,71,116,94,122,97,26,61,59,43,40,25,73,48,34,27,46,140,157,54,52,100,33,38,95,74,68,135,104,86,46,91,68,55,72,94,,76,101,94,88,98,65,70,34,100,2
20160416,1,O3_8h_24h,105,83,106,115,109,91,80,76,59,55,95,108,,102,118,37,116,121,127,,117,103,153,91,68,154,,122,86,139,115,103,71,159,132,120,113,113,117,128,166,132,159,164,172,181,139,174,175,143,126,129,116,131,85,120,122,107,114,93,155,142,174,150,164,77,103,116,131,148,205,196,185,189,180,172,127,150,120,80,,78,95,93,73,98,101,128,88,81,102,59,83,79,75,82,88,139,133,,160,65,137,129,123,,156,139,121,131,140,151,146,141,143,121,108,86,82,86,94,84,108,118,97,102,97,69,101,110,,58,39,59,75,64,75,52,87,118,120,116,140,118,130,138,145,131,152,131,187,158,196,161,143,165,146,125,100,129,116,127,126,148,124,135,135,114,34,117,175,171,137,166,182,171,177,,113,171,145,91,112,120,131,125,159,123,170,121,156,158,91,135,130,148,111,125,113,,103,113,60,89,95,119,121,192,104,129,139,118,141,136,135,139,108,72,133,,119,104,117,143,123,122,114,,147,126,100,106,115,112,119,,139,121,94,63,63,55,66,109,116,74,,151,,129,136,,124,112,111,107,,,78,89,85,90,118,93,105,113,85,113,108,99,153,123,113,111,99,150,126,130,65,107,144,119,128,,91,132,64,103,85,117,75,63,79,76,116,167,184,186,156,184,,174,197,124,130,110,103,117,138,90,113,123,213,131,214,178,185,131,152,146,225,82,101,97,84,99,115,88,99,100,76,54,92,80,68,67,60,56,64,71,75,5,4,,8,9,13,5,9,40,2,30,78,92,73,60,63,78,61,78,117,111,68,80,43,46,50,6,10,6,16,10,39,7,7,21,30,40,43,31,26,27,20,34,38,37,32,28,89,68,75,88,108,23,31,11,,90,101,53,82,102,103,115,95,102,143,66,88,84,60,57,55,70,62,58,80,70,45,53,56,74,54,67,67,51,87,63,72,70,59,67,,61,82,132,122,144,123,146,131,120,132,107,111,111,126,123,121,120,94,141,162,,161,151,153,70,116,128,74,97,63,94,70,66,78,,93,120,89,76,131,92,89,87,63,89,119,174,93,80,117,83,79,,15,39,74,43,95,38,66,46,58,75,80,63,67,64,57,69,173,58,55,44,106,90,108,89,101,121,92,98,84,109,106,157,142,151,136,126,156,127,129,157,189,202,136,122,75,140,105,105,83,72,182,179,180,158,129,162,157,,195,208,138,,204,128,75,125,91,211,164,,113,,129,195,163,156,201,133,127,151,114,147,109,156,,182,,162,174,141,172,206,187,210,112,150,,96,142,141,196,190,195,,59,54,16,77,42,95,118,120,124,122,103,79,56,70,94,93,42,73,79,69,81,61,54,55,117,111,118,53,46,51,67,48,66,16,10,11,107,68,98,79,84,83,111,50,11,72,117,58,81,138,151,162,108,88,83,93,143,76,137,175,,156,119,103,112,94,76,105,59,93,85,96,114,109,125,125,119,79,104,139,102,129,115,151,156,,140,129,153,106,155,137,161,136,104,121,166,174,135,127,164,141,146,110,111,102,114,105,,139,91,60,92,122,120,83,80,73,64,114,92,104,113,104,114,68,102,100,79,149,80,145,161,125,64,42,69,55,70,61,90,102,93,99,114,86,113,134,87,179,177,157,79,171,171,161,141,149,149,226,118,200,145,151,77,155,139,155,152,151,59,53,65,55,54,70,70,61,83,79,116,112,114,124,109,85,73,83,51,31,72,46,120,48,67,68,54,84,122,179,106,138,106,90,108,109,117,75,83,85,66,73,73,44,48,46,81,69,79,60,105,122,134,98,74,77,56,29,42,91,64,50,100,62,41,66,34,35,46,68,74,55,66,53,,59,136,126,91,51,61,60,105,112,92,97,90,80,90,90,112,63,51,54,84,71,69,54,54,51,53,156,110,116,87,93,,109,121,108,111,134,105,63,127,59,77,77,108,149,200,204,214,92,78,141,147,110,113,136,137,168,161,179,138,160,178,190,138,76,91,115,119,88,108,111,127,130,117,120,,110,38,99,84,,111,78,13,133,114,124,150,224,117,79,132,112,,138,71,122,66,83,53,82,,,109,72,83,139,136,158,155,155,161,167,167,63,76,100,89,182,86,113,157,179,123,120,119,110,123,132,,134,136,123,73,,97,57,114,141,123,84,,46,118,113,97,105,95,136,86,88,118,116,99,97,53,83,96,104,132,119,41,131,123,83,120,84,71,,174,153,118,122,208,110,119,167,119,105,79,52,118,95,109,117,139,111,102,91,44,79,88,96,111,87,89,94,77,37,91,93,94,95,82,108,77,60,82,110,80,91,81,,,105,89,112,58,117,141,78,91,,87,64,84,78,292,65,98,178,172,187,,135,127,99,151,142,124,183,182,89,63,90,67,118,127,27,37,16,,80,76,91,145,94,147,81,,71,143,184,74,86,104,179,79,139,112,182,89,52,75,64,59,93,91,127,126,61,80,81,78,77,,114,131,112,30,45,,51,100,140,97,106,95,125,115,129,47,76,69,91,49,92,39,52,69,59,66,86,94,92,88,52,53,56,52,55,119,46,47,36,46,33,,62,64,64,62,65,65,60,97,125,93,93,148,146,146,170,162,190,150,128,170,129,182,204,155,160,150,169,147,161,138,,130,134,155,155,158,163,169,139,159,167,83,103,115,38,90,148,60,94,129,105,116,102,120,118,111,95,77,80,65,80,122,114,104,130,88,101,91,94,98,122,119,42,39,53,50,42,57,47,25,64,61,66,54,57,96,72,83,65,78,58,89,101,78,120,55,58,39,50,56,77,74,58,54,65,91,89,91,87,82,26,42,79,,83,108,128,85,42,38,104,109,101,93,104,99,117,99,93,88,118,130,,54,80,82,143,121,165,133,130,99,88,102,124,34,72,41,77,86,81,83,88,61,59,65,66,71,79,72,71,82,58,68,,60,51,34,52,70,52,26,172,16,76,107,60,37,42,69,77,77,70,82,63,119,105,25,67,144,140,128,136,130,109,44,98,158,14,140,128,125,107,30,77,85,116,141,143,68,,67,,122,128,142,89,80,5,74,161,42,56,96,115,142,159,153,160,147,89,165,100,87,119,148,98,55,97,67,142,153,98,122,120,131,,85,31,68,126,113,67,74,70,69,103,113,50,121,52,,84,96,108,126,76,95,90,94,100,94,71,113,89,92,106,106,86,92,95,95,85,91,,111,102,135,121,138,109,138,109,44,75,95,78,76,51,103,64,56,45,98,149,167,56,55,123,40,44,109,101,126,187,122,140,76,153,102,65,84,109,86,105,101,104,129,127,78,78,69,151,4
20160416,1,CO,0.5,0.3,0.7,0.4,0.4,0.4,0.4,0.3,0.5,0.3,0.3,0.3,,1.448,1.532,2.399,2.408,2.179,1.917,,2.506,1.641,2.401,1.707,1.314,2.663,,0.79,1.405,0.459,1.019,0.876,0.401,0.796,4.283,4.999,4.768,4.161,6.647,4.661,0.642,0.638,0.883,0.754,0.755,1.272,1.033,1.242,1.006,0.938,0.955,0.868,0.971,0.754,1.295,0.293,0.472,0.396,0.651,0.722,0.242,0.375,0.188,0.301,0.331,0.193,0.125,0.362,0.395,1.697,1.564,1.363,1.193,1.164,1.151,1.007,0.823,0.903,1.223,0.393,,0.269,0.244,0.938,0.393,1.021,0.683,1.132,0.612,0.278,0.57,0.797,0.214,0.275,0.442,1.25,1.097,0.539,0.82,,1.249,0.606,0.797,0.741,0.669,,0.761,0.661,1.227,0.74,0.75,0.896,0.62,0.865,0.718,0.963,0.317,0.784,0.662,0.823,0.627,0.764,0.632,0.763,0.628,0.687,0.789,2.172,2.299,0.866,,1.046,1.2,0.68,2.056,1.228,1.075,0.851,0.54,0.232,0.426,0.585,1.969,0.744,0.348,0.38,0.581,0.564,1.304,0.514,0.266,0.327,0.698,0.893,0.624,0.22,0.597,0.368,0.635,0.416,0.584,0.464,0.525,0.786,0.699,0.595,0.641,0.574,0.8,0.357,0.845,0.756,0.771,0.606,0.692,1.215,1.029,,1.219,0.97,1.128,0.993,0.458,0.636,0.771,0.895,1.151,1.306,0.664,1.588,0.686,0.408,2.187,0.603,0.559,1.467,0.451,0.557,0.638,,0.464,0.547,0.499,0.758,0.927,0.712,0.457,1.269,1.779,0.674,1.743,1.065,0.543,0.61,0.796,0.765,1.66,1.267,1.842,,0.517,0.66,0.235,0.387,0.377,0.641,0.658,,0.583,1.279,1.032,0.475,0.424,0.503,0.485,,0.384,0.499,0.656,0.812,0.747,0.828,0.683,0.417,0.234,,,0.618,,1.305,0.612,,0.94,0.777,0.951,0.387,,,0.515,0.421,1.135,0.545,0.418,0.635,0.185,0.207,0.57,0.69,0.693,0.562,0.581,0.696,0.691,1.428,0.667,0.915,1.654,0.722,0.405,0.888,0.92,0.932,1.03,,0.793,0.669,1.256,0.918,0.771,0.54,0.724,0.613,0.793,1.027,0.934,0.683,0.736,0.351,0.724,0.608,,0.544,0.555,0.68,0.672,0.713,0.57,0.448,0.462,0.132,0.957,0.499,1.483,1.215,1.736,0.918,1.075,1.421,1.22,0.819,1.108,0.552,0.575,0.854,0.675,0.891,0.968,0.795,0.7,0.839,1.061,0.617,1.412,0.805,0.991,0.858,0.808,0.828,0.705,1.024,1.008,0.916,1.213,,0.772,0.953,0.899,1.287,0.782,0.732,0.756,0.968,0.359,1.003,0.629,0.94,0.506,0.698,0.628,0.665,0.67,0.794,0.74,0.645,0.697,0.643,0.553,0.404,0.884,0.885,0.535,0.695,0.441,0.591,0.771,0.668,0.445,0.622,1.22,0.57,0.644,0.583,0.5,0.652,0.579,0.784,0.559,0.604,0.652,0.637,0.688,0.655,0.301,0.763,0.613,0.68,,0.945,0.814,0.978,1.027,1.005,0.872,0.669,0.821,0.324,0.521,0.446,0.469,0.525,0.177,0.291,0.115,,0.443,0.537,0.293,0.619,0.727,0.457,0.505,0.085,0.1,0.18,0.042,0.785,0.407,0.702,0.9,0.488,0.674,0.915,,0.604,0.525,6.076,0.864,0.467,0.456,0.704,0.678,0.756,0.693,0.066,1.469,0.518,0.538,0.705,1.763,0.479,1.124,0.272,0.606,,0.168,0.485,0.49,1.602,0.823,1.674,0.698,1.063,1.005,2.388,0.798,0.774,0.49,,1.522,,0.677,0.232,0.785,0.622,0.595,0.501,0.386,0.982,0.927,0.621,0.694,0.685,0.863,0.553,0.875,,0.666,1.024,0.595,0.477,0.528,0.28,0.814,0.733,1.031,1.116,0.829,1.032,0.775,0.798,0.855,0.818,0.763,0.518,1.466,1.138,0.63,0.582,0.41,0.588,0.642,0.866,0.649,0.561,0.205,0.285,0.515,1.466,0.829,0.629,0.545,1.5,0.944,0.436,1.986,0.905,0.552,0.414,0.861,1.467,0.868,0.994,0.857,0.764,0.652,0.617,1.438,1.089,1.36,1.147,0.861,0.653,1.16,,0.923,1.228,1.503,,1.529,1.284,1.041,1.022,0.796,1.128,1.161,,1.131,,0.326,0.505,0.506,0.894,0.848,0.483,0.267,0.582,0.529,0.41,0.603,0.49,,0.53,,0.402,0.704,0.695,0.724,0.735,1.919,0.643,0.218,0.269,,0.406,0.832,0.534,0.749,0.82,0.693,,0.88,1.12,0.438,1.853,0.663,1.371,1.012,0.683,0.734,0.735,0.994,0.568,0.7,1.083,0.563,1.275,1.58,0.484,0.453,0.728,0.459,1.095,0.943,1.409,0.974,0.696,0.699,0.922,0.882,0.807,0.553,0.687,0.799,0.753,0.836,0.789,1.231,1.132,0.783,1.836,1.181,1.26,1.275,0.717,1.217,0.507,0.928,2.791,2.285,1.148,1.175,1.262,1.156,1.782,0.42,0.746,0.596,0.481,1.11,2.989,,1.889,1.014,1.227,1.83,1.76,3.212,1.897,3.123,2.002,0.54,0.464,0.694,0.428,0.532,0.497,0.684,1.911,0.51,0.935,0.632,0.806,1.563,0.782,0.574,,1.065,1.954,0.574,1.736,0.66,1.346,1.304,1.959,3.255,0.922,1.114,0.512,0.952,1.205,1.101,1.27,1.337,0.647,0.62,0.556,0.646,0.607,,0.612,0.835,1.02,0.214,0.659,0.565,1.41,0.523,0.62,0.714,0.652,0.86,0.538,0.553,0.692,0.694,0.477,0.498,1.432,0.493,0.491,0.511,0.571,0.448,0.993,0.972,0.708,1.095,0.836,0.517,0.869,2.038,0.788,0.919,1.88,2.136,0.341,1.225,1.857,1.995,0.74,0.868,1.468,1.258,1.595,1.466,2.028,1.572,1.426,1.838,1.7,1.469,1.982,0.637,0.576,0.696,0.325,1.044,1.196,1.015,0.726,0.953,0.761,0.968,1.088,0.89,0.957,0.975,1.071,1.221,0.764,1.067,1.02,0.975,0.714,1.274,0.864,1.778,0.624,,0.477,1.769,,1.172,1.67,1.724,1.378,2.106,0.722,1.204,0.71,0.938,1.053,1.082,1.286,1.186,1.365,0.994,0.804,0.582,0.706,0.836,0.675,0.577,0.478,0.347,0.293,0.537,0.27,0.492,1.032,1.056,0.957,2.261,,0.262,0.217,,0.415,0.168,0.417,0.239,1.098,1.049,0.753,0.919,0.353,0.365,0.882,0.353,0.817,0.537,0.867,0.838,0.615,,0.563,0.694,0.694,0.445,0.722,0.555,1.048,0.294,0.497,0.425,0.551,1.495,1.494,0.67,1.24,0.486,0.426,0.818,0.564,0.501,0.544,0.885,0.626,0.658,0.577,0.653,0.583,0.404,0.261,0.926,0.669,,0.629,0.328,0.693,0.635,0.872,0.844,1.16,0.409,0.401,0.311,0.463,0.564,0.65,0.53,0.746,0.958,0.485,0.327,0.417,0.062,0.563,0.358,0.439,0.323,0.797,0.114,1.382,2.562,1.143,0.383,1.272,0.763,0.571,0.449,0.803,0.772,1.235,0.793,0.435,0.925,0.681,0.64,0.575,,0.381,0.413,0.606,,,0.708,0.936,1.023,0.812,0.347,0.932,1.034,1.862,0.355,0.771,0.383,0.468,0.56,0.436,0.558,0.611,0.603,0.718,0.518,0.794,,,0.024,0.456,0.645,0.481,0.509,0.312,0.453,0.931,0.71,0.582,0.691,0.531,0.875,0.648,0.762,1.055,1.068,0.72,0.924,0.501,1.085,1.213,0.754,0.345,0.849,0.624,,0.613,0.285,2.025,1.6,,1.73,1.814,0.865,0.416,0.603,1.13,,1.274,0.607,0.851,0.402,0.467,0.972,0.786,0.328,0.23,0.363,0.538,0.474,0.384,0.169,0.656,0.641,0.913,0.413,0.622,0.313,0.548,0.157,4.103,2.008,2.816,1.604,,1.192,0.99,1.352,0.668,0.876,0.706,1.728,0.784,2.701,1.052,3.001,3.741,1.188,0.879,1.979,0.854,0.965,0.692,0.579,1.216,1.096,1.011,0.978,0.543,0.866,1.494,1.057,1.136,0.894,1.586,1.288,0.746,1.41,1.887,,0.682,1.055,1.152,1.072,0.837,0.638,0.405,0.305,,,0.912,1.534,1.191,1.406,1.027,0.981,0.226,0.354,0.389,0.188,0.29,,0.491,0.496,0.511,0.566,0.361,0.5,0.732,,0.564,0.366,0.506,0.833,0.49,0.752,1.179,1.163,0.773,0.956,1.785,1.915,0.402,0.745,0.495,0.708,0.622,,0.302,0.567,0.406,0.549,0.508,0.519,0.663,,0.5,0.6,0.6,0.257,0.428,0.279,1.016,0.616,0.597,0.33,1.002,1.608,0.602,0.246,0.526,0.155,1.057,0.181,1.126,0.384,1.072,1.07,0.809,1.444,0.685,0.284,1.127,1.37,0.945,1.116,1.545,,0.855,0.575,1.035,0.617,0.67,0.535,0.493,0.526,0.557,1.206,1.269,1.448,1.229,0.858,0.758,0.669,0.538,1.052,0.646,0.602,0.719,0.582,0.944,0.633,1.351,0.927,1.341,0.712,1.077,0.062,1.236,1.092,0.924,0.929,0.871,0.758,1.19,0.744,1.301,0.963,1.375,1.611,2.247,1.198,0.711,0.512,0.537,0.793,0.773,0.889,0.885,0.345,0.842,1.056,1.098,1.032,0.689,0.662,1.633,1.538,1.759,0.94,0.746,1.372,0.921,0.615,,0.626,0.741,0.613,0.739,0.457,0.335,0.866,0.701,0.586,0.74,1.796,1.062,1.751,0.879,1.516,0.687,1.166,0.986,0.997,0.495,0.626,0.782,0.534,1.04,1.139,2.06,0.873,0.681,0.915,0.765,1.235,1.271,1.752,0.779,0.54,0.623,0.786,0.724,1.057,1.183,1.09,0.765,0.904,1.167,1.294,1.384,1.11,1.48,1.612,0.804,1.169,1.171,1.016,1.116,0.125,1.034,0.348,1.063,0.562,0.768,1.181,0.817,1.225,0.972,0.645,1.347,1.344,1.343,2.006,1.584,0.613,1.043,1.233,1.812,0.941,0.404,1.332,2.044,1.732,0.186,0.394,0.618,,0.62,0.61,0.306,1.187,0.981,0.425,2.121,0.961,0.842,1.402,0.885,1.12,1.524,0.797,1.005,0.727,0.663,1.455,,0.396,1.145,1.098,1.205,0.959,0.833,1.139,1.082,0.326,0.092,0.901,0.632,1.36,0.615,1.054,0.43,0.242,0.126,0.358,0.33,0.411,0.432,0.463,0.565,0.314,0.27,0.33,0.353,0.249,0.375,0.645,,0.405,0.311,0.443,0.333,0.454,0.297,,1.999,0.834,0.203,,1.034,0.921,0.688,0.263,0.154,0.279,0.232,0.254,0.261,0.677,0.052,1.069,0.421,1.31,0.462,0.291,0.506,0.509,0.493,0.533,1.206,0.527,0.444,0.878,0.695,0.55,0.578,0.115,0.778,0.364,0.501,0.768,0.402,0.751,,0.715,,0.599,0.279,0.313,1.087,0.108,0.276,0.63,0.323,0.376,1.028,0.685,0.878,0.954,0.425,0.747,0.332,0.712,2.075,1.336,0.538,0.388,1.33,0.774,0.127,0.055,0.905,,1.727,1.33,0.868,0.7,0.17,0.281,,3.266,0.578,0.326,0.207,0.421,1.412,0.957,0.882,0.721,1.194,0.605,1.028,1.06,0.262,,1.306,0.889,0.833,0.567,0.539,0.474,0.78,0.461,0.731,0.948,0.458,0.355,1.223,1.48,0.349,0.253,0.336,0.71,0.397,0.851,0.747,1.091,,0.917,0.932,0.695,2.108,0.54,0.323,0.404,0.62,1.161,0.365,0.753,0.324,1.285,0.317,0.882,0.303,0.21,0.839,0.343,1.015,0.529,0.322,0.301,0.579,0.874,1.49,0.94,1.44,1.342,3.022,1.669,4.503,5.118,2.57,0.315,0.807,0.946,0.667,0.818,0.589,0.88,0.196,0.806,1.141,0.483,2.061,0.775,0.978,0.943
20160416,1,CO_24h,1.092,0.715,1.105,1.145,1.08,1.015,0.88,1,0.78,0.87,1.045,0.9,,1.518,2.021,2.197,2.212,1.808,2.238,,2.205,1.449,1.495,1.731,1.055,1.54,,1.073,1.17,0.876,1.148,1.134,0.757,0.79,3.156,3.469,4.081,3.643,3.698,3.47,0.907,1.04,1.04,1.101,1.195,1.177,0.901,1.075,0.991,0.938,0.884,0.911,0.872,0.742,1.311,0.465,0.668,0.635,0.804,0.932,0.668,0.762,0.576,0.943,0.648,1.674,1.623,1.76,1.711,1.518,1.246,1.09,0.779,0.68,0.762,0.892,0.764,0.947,1.115,0.637,,0.523,0.52,1.295,0.678,1.305,0.953,1.5,0.694,0.792,0.9,0.384,0.394,0.49,0.648,1.396,0.81,0.656,0.939,,1.427,0.745,0.946,0.814,0.801,,0.894,0.665,1.289,0.849,0.817,0.942,0.681,0.878,0.729,1.092,0.433,0.823,0.661,0.816,0.68,0.762,0.614,0.953,0.612,0.762,0.77,1.18,2.035,0.696,,1.258,1.087,0.725,2.136,1.374,1.611,0.78,0.613,0.488,0.496,0.627,0.48,0.802,0.417,0.461,0.663,0.679,1.458,0.662,0.387,0.602,0.88,0.97,0.7,0.402,0.689,0.472,0.7,0.893,0.628,0.592,0.612,0.886,0.917,0.642,0.713,0.657,0.77,0.485,1.053,1.07,1.071,1.135,0.976,1.394,1.285,,1.321,1.069,1.333,1.24,0.693,0.957,0.988,1.066,0.869,1.858,0.789,1.784,0.924,0.584,2.378,1.024,0.889,1.01,0.734,0.838,0.731,,0.667,0.711,0.94,1.044,1.068,1.346,0.762,1.326,1.871,0.705,1.79,1.147,0.668,0.737,0.888,0.879,1.634,1.254,1.867,,0.551,0.485,0.316,0.464,0.393,0.65,0.681,,0.705,0.634,1.027,0.578,0.607,0.773,0.681,,0.496,0.674,0.84,0.873,1.074,0.944,0.806,0.338,0.327,0.25,,0.743,,1.382,0.63,,0.607,0.594,0.966,0.458,,,0.651,0.599,1.195,0.593,0.399,0.62,0.285,0.173,0.476,0.818,0.757,0.637,0.519,0.829,0.816,1.288,0.773,0.94,1.586,0.55,0.276,0.762,0.759,0.79,0.794,,0.85,0.731,0.747,0.58,0.699,0.53,0.624,0.842,0.757,1.04,0.579,0.754,0.987,0.677,1.024,1.03,,0.816,0.713,0.717,0.739,0.786,0.681,0.578,0.546,0.422,1.018,0.916,1.681,1.46,1.926,1.077,1.204,1.562,1.442,1.082,1.225,0.632,0.757,0.83,0.785,0.853,1.007,0.84,0.822,0.788,0.833,0.566,1.394,0.764,0.957,0.841,0.803,0.856,0.663,1.013,0.914,1.003,1.414,,0.868,0.974,0.976,1.362,0.96,0.803,0.862,1.015,0.422,0.838,0.858,1.07,0.432,0.722,0.76,0.721,0.721,0.87,0.795,0.64,0.872,0.648,0.624,0.43,0.695,0.941,0.583,0.783,0.505,0.796,0.899,0.862,0.526,0.712,0.904,0.629,0.791,0.533,0.633,0.877,0.722,0.92,0.701,0.787,0.753,0.684,0.719,0.72,0.404,1.169,1.091,1.024,,1.068,0.921,1.106,1.053,1.033,0.993,0.823,0.939,0.357,0.63,0.542,0.546,0.628,0.42,0.718,0.425,1.173,0.791,0.828,0.417,0.911,1.099,0.777,0.785,0.368,0.518,0.385,0.327,1.147,0.723,0.805,0.978,0.636,0.741,1.003,,0.713,0.565,0.739,0.901,0.564,0.426,0.596,0.715,0.971,0.628,0.619,1.296,0.489,0.147,0.773,1.739,0.524,1.131,0.39,0.928,,0.192,0.419,0.539,1.581,0.913,1.386,0.892,1.168,1.106,2.477,1.16,0.914,0.7,,1.615,,0.626,0.186,0.735,0.703,0.562,0.537,0.575,0.944,0.781,0.672,0.532,0.551,0.71,0.587,0.652,,0.773,0.94,0.691,0.679,0.489,0.357,0.724,0.645,0.867,0.845,0.838,0.819,0.696,0.698,0.796,0.674,0.545,0.439,0.942,1.06,0.704,0.641,0.465,0.64,0.737,1.339,0.651,0.505,0.276,0.383,0.596,1.558,0.977,1.035,0.64,1.701,0.932,0.522,2.168,0.971,0.829,0.41,0.832,1.224,0.877,0.897,0.867,0.617,0.593,0.793,1.554,1.306,1.179,1.261,0.998,0.917,1.266,,1.133,1.623,1.589,,1.339,1.328,1.061,1.089,1.484,1.183,1.392,,1.297,,0.954,0.636,0.703,0.909,0.812,0.562,0.462,0.62,0.609,0.554,0.696,0.683,,0.776,,0.82,1.061,1.213,0.883,1.063,1.878,0.665,0.632,0.508,,0.447,0.854,0.65,1.012,0.919,0.914,,1.317,1.363,1.013,0.972,1.291,1.118,1.107,0.775,0.836,0.82,1.1,0.634,0.765,1.17,0.586,1.343,1.633,0.55,0.642,0.777,0.523,1.017,1.031,1.355,1.05,0.717,0.705,1.08,1.076,0.993,0.595,0.84,1.007,0.913,1.085,0.795,1.263,1.29,0.96,1.023,1.029,1.098,1.052,1.218,1.624,0.672,0.883,2.968,2.395,1.033,1.531,1.578,1.366,1.666,0.71,0.892,0.66,0.765,1.17,3.109,,1.96,1.143,1.389,2.046,2.012,3.264,1.994,3.393,2.63,1.194,1.295,1.284,1.027,1.085,0.631,0.814,2.079,0.917,0.936,0.647,0.797,1.33,0.958,0.614,,0.734,1.911,0.559,1.757,0.631,1.922,1.245,1.772,2.859,0.932,1.071,0.53,0.839,0.695,0.923,1.076,1.13,0.633,0.514,0.669,0.621,0.559,,0.435,1.01,1.346,0.375,0.67,0.721,1.351,0.549,0.839,0.949,0.47,0.971,0.725,0.707,0.823,0.87,0.554,0.537,1.508,0.539,0.612,0.613,0.801,0.436,1.144,0.747,0.588,0.768,0.784,0.617,0.734,1.667,0.584,1.802,2.976,3.049,1.974,2.196,3.404,2.983,0.748,0.738,1.426,1.206,1.388,1.859,2.25,2.074,1.688,2.048,1.844,0.631,2.355,1.175,1.084,1.234,0.828,1.585,1.825,1.525,1.228,0.966,0.762,0.83,1.097,0.931,1.074,1.085,1.16,1.32,0.832,1.11,1.121,0.986,0.741,1.312,0.895,1.834,0.518,,0.51,1.875,1,1.085,1.443,1.192,0.928,1.574,0.975,1.364,0.857,0.953,1.042,1.181,1.346,1.324,1.451,1.073,0.761,0.569,0.572,0.897,0.555,0.541,0.793,0.564,0.518,0.833,0.567,0.653,2.354,0.992,1.143,1.551,0.173,0.592,0.305,0.313,0.591,0.462,0.541,0.438,0.972,1.042,0.728,0.873,0.611,0.532,0.931,0.407,0.849,0.944,1.189,1.02,0.858,,0.763,0.66,0.702,0.622,0.917,0.936,1.171,0.636,0.651,0.794,0.826,1.56,1.564,0.809,1.362,0.514,0.5,0.8,0.702,0.611,0.522,1.004,0.724,0.892,0.921,0.897,0.768,0.313,0.331,1.049,1.036,,0.485,0.274,0.374,0.32,0.787,0.714,0.991,0.343,0.429,0.723,0.569,0.621,0.789,0.742,1.014,1.142,1.09,0.473,0.546,0.392,0.685,0.466,0.462,0.409,0.715,0.263,1.553,2.671,1.205,0.458,1.34,0.758,0.737,0.562,0.884,0.841,1.343,0.828,0.49,1,0.749,0.841,0.762,,0.397,0.739,1.074,1.41,,0.914,0.692,1.018,1.013,0.847,1.211,1.143,1.919,0.472,0.648,0.432,0.482,0.653,0.489,0.606,0.597,0.589,0.676,0.551,0.846,,,0.039,0.583,0.517,0.616,0.52,0.373,0.695,1.184,0.93,0.809,0.948,0.677,0.868,0.708,2.205,1.576,1.988,2.068,1.429,0.799,0.915,1.33,0.868,0.616,0.987,1.048,,0.961,0.758,2.314,1.986,,2.098,2.154,1.257,0.759,0.852,1.56,,1.615,0.268,0.301,0.241,0.707,0.958,0.835,0.399,0.302,0.438,0.55,0.455,0.619,0.377,0.76,0.814,0.928,0.378,0.423,0.293,0.636,0.226,3.82,1.733,2.404,1.29,,1.189,0.991,1.343,0.624,0.693,0.549,1.58,0.581,2.077,0.438,2.45,3.091,0.994,0.745,1.267,0.978,0.984,1.002,1.483,1.198,1.337,0.88,0.822,0.655,0.909,1.374,1.028,0.961,0.719,1.701,1.326,0.498,1.418,1.605,,0.645,0.936,1.083,1.159,0.875,0.707,0.383,0.327,,,0.925,1.225,1.225,1.328,0.825,0.976,0.255,0.275,0.327,0.475,0.527,,0.588,0.701,0.767,0.782,0.563,0.659,0.858,,0.667,0.529,0.662,1,0.605,0.999,1.506,1.395,0.543,2.226,1.096,2.216,0.285,0.54,0.429,0.632,0.324,,0.219,0.564,0.707,0.874,0.837,0.863,0.731,,0.567,0.794,0.814,0.588,0.583,0.393,0.925,0.724,0.892,0.62,0.736,1.249,0.412,0.337,0.843,0.255,0.778,0.091,0.884,0.27,0.879,1.012,0.798,0.902,0.698,0.23,1.077,1.34,0.936,1.155,1.35,,0.945,0.668,1.036,0.724,0.654,0.606,0.487,0.647,0.354,0.997,1.288,0.85,0.929,1.412,0.626,0.532,0.543,1.142,0.328,0.591,0.69,0.637,0.849,0.665,1.48,1.186,1.614,1.006,1.279,0.062,1.325,1.001,0.788,0.769,0.711,0.706,1.178,0.82,1.316,1.169,1.459,1.655,2.28,0.958,0.529,0.434,0.414,1.63,1.267,1.427,0.991,1.333,0.991,1.287,1.398,1.285,0.942,0.915,1.755,1.768,1.905,1.023,0.884,1.591,1.048,0.864,,0.802,1.003,0.748,0.917,0.682,0.57,0.857,1.08,0.763,1.106,1.446,0.899,1.724,0.833,1.235,0.818,1.427,1.258,1.289,0.763,0.981,1.002,0.817,0.941,1.091,1.991,1.04,0.824,0.969,0.794,1.251,1.3,1.724,1.018,0.472,0.555,0.725,0.626,0.866,0.896,0.828,0.729,0.981,1.018,1.124,1.144,1.027,1.172,1.375,0.876,1.11,1.07,0.993,1.13,0.125,0.598,0.186,0.763,0.507,1.164,1.238,1.154,1.362,1.241,0.597,0.729,1.133,0.822,1.188,1.52,0.891,1.114,1.299,1.799,0.933,0.467,1.429,1.421,1.476,0.164,0.41,0.755,,0.72,0.849,0.581,1.052,0.924,0.514,1.4,1.012,0.846,1.253,1.088,1.46,1.888,0.944,1.083,0.917,0.648,0.873,,0.851,1.103,1.274,1.243,1.194,1.028,1.238,1.138,0.223,0.114,0.865,0.657,1.469,0.778,1.028,0.611,0.405,0.262,0.547,0.471,0.595,0.685,0.668,0.764,0.414,0.43,0.493,0.442,0.48,0.68,0.903,,0.63,0.524,0.745,0.739,0.778,0.666,,2.135,1.118,0.316,0.2,0.892,0.882,0.951,0.506,0.293,0.496,0.419,0.43,0.423,1.507,0.073,1.326,0.549,1.385,0.508,0.433,0.59,0.811,0.464,0.685,0.774,0.82,0.518,0.906,0.684,0.536,0.719,0.168,0.871,0.68,0.669,0.63,0.603,0.742,,0.916,,0.615,0.437,0.427,1.064,0.186,0.313,0.672,0.4,0.425,0.874,0.596,0.703,0.79,0.369,0.623,0.367,0.906,1.54,1.023,0.547,0.744,1.333,0.878,0.125,0.125,0.764,,1.77,1.4,0.87,0.736,0.228,0.315,,1.742,0.497,0.413,0.286,0.494,1.595,1.008,0.879,0.765,1.337,0.414,1.202,1.219,0.38,,1.349,1.19,1.008,0.398,0.373,0.576,0.703,0.398,0.83,0.907,0.459,0.385,0.744,1.144,0.426,0.33,0.346,0.749,0.457,0.708,0.283,1.372,,0.93,0.976,0.675,0.79,0.609,0.35,0.361,0.971,1.122,0.592,0.292,0.25,1.338,0.323,0.695,0.46,0.119,0.557,0.188,1.107,0.636,0.41,0.43,0.575,0.879,1.318,0.979,0.312,0.556,0.678,1.475,2.321,2.562,1.039,0.934,2.273,1.219,0.996,0.976,0.581,0.801,0.234,0.688,1.081,0.471,1.016,0.82,0.848,1.081
20160416,2,AQI,32,53,50,31,25,49,25,140,51,45,36,33,,133,114,123,144,144,110,,147,230,262,196,232,198,,46,45,30,36,23,38,45,248,261,226,217,263,229,67,65,75,84,81,67,89,89,104,70,94,68,74,86,82,116,112,110,117,106,69,79,73,76,69,55,49,55,55,158,134,145,105,65,98,97,68,64,75,45,,23,18,14,30,26,57,25,198,293,353,144,265,245,167,132,64,77,79,,92,82,78,77,86,,95,77,59,56,56,63,63,57,63,65,47,77,69,60,63,58,60,61,65,63,72,62,59,60,,67,60,56,65,58,94,100,55,66,54,57,70,53,55,58,63,57,60,53,55,52,53,53,41,63,58,45,51,53,37,55,33,49,34,62,57,65,66,56,79,67,74,50,97,78,94,,98,97,83,42,49,54,45,47,62,51,55,53,58,53,56,51,54,71,69,44,70,,53,51,51,55,61,53,64,77,80,78,76,76,38,66,56,57,87,97,78,,39,34,24,50,31,56,47,,54,56,36,52,39,38,41,,40,38,54,52,64,62,55,,42,33,,53,,53,43,,72,84,74,33,,,30,23,43,45,45,30,29,37,59,59,62,41,55,50,51,64,50,51,59,16,74,57,60,58,54,,50,51,54,48,34,34,51,57,42,35,44,83,112,82,90,81,,87,97,55,58,39,58,52,58,55,74,76,49,51,38,42,50,38,41,39,39,43,60,52,45,55,57,55,51,62,122,68,57,67,85,69,56,73,65,69,57,52,55,,57,64,65,64,59,52,68,51,48,55,55,59,48,54,55,62,53,54,53,58,58,57,35,43,56,52,64,50,47,53,60,46,42,40,52,34,55,45,56,48,53,57,57,63,58,57,56,57,45,29,49,51,,68,64,67,68,67,76,75,76,48,53,77,52,46,22,22,17,33,22,40,37,21,30,28,32,23,26,23,22,32,28,48,34,35,34,33,,35,19,60,50,44,52,67,57,48,57,90,53,55,54,45,55,58,46,68,63,,48,129,39,55,35,31,48,49,50,48,26,36,27,,35,33,42,43,40,53,32,19,24,33,38,25,84,68,73,65,68,,65,79,38,63,108,66,58,62,56,58,54,68,57,57,62,60,77,43,123,87,114,124,150,145,123,120,106,89,105,95,99,87,70,75,70,53,52,52,50,76,82,82,94,89,87,97,54,58,48,23,135,89,86,90,74,84,74,,115,117,127,,101,98,95,100,67,87,70,,77,,99,104,94,99,92,56,68,67,41,44,57,65,,59,,71,87,79,89,104,78,85,56,64,,54,60,52,88,78,80,,39,40,47,49,48,58,57,38,55,48,59,50,48,45,50,43,42,42,44,40,40,68,27,38,62,49,55,42,41,49,46,45,38,66,64,74,50,48,49,54,65,52,58,49,33,51,45,78,65,104,109,107,57,40,51,50,46,48,75,61,,62,52,16,41,16,32,21,31,22,20,24,22,27,28,120,123,123,94,69,70,73,82,75,66,,76,82,68,75,52,63,66,74,78,66,67,70,123,90,100,95,104,55,54,62,57,62,,78,33,80,37,38,48,56,82,45,101,78,133,48,59,68,68,33,29,28,36,47,56,48,53,40,66,51,36,41,30,53,28,24,39,43,29,33,46,69,23,108,113,151,143,127,72,65,,64,82,102,64,70,32,30,33,26,27,30,52,25,105,85,82,68,108,62,55,47,51,64,53,53,75,65,118,116,150,114,,52,65,42,25,85,115,98,129,55,54,60,67,108,81,102,78,103,97,50,56,51,54,58,38,14,13,15,25,23,21,39,33,54,37,25,27,23,20,35,19,22,21,48,64,67,49,25,43,35,44,43,33,51,30,43,,41,53,49,65,45,35,49,20,28,24,28,31,30,27,38,24,20,64,25,21,45,35,36,25,21,28,28,70,108,51,27,,63,49,69,71,28,23,54,43,20,107,142,157,77,75,83,90,76,67,53,62,48,53,42,51,59,52,53,40,52,55,70,86,51,56,61,53,53,48,58,67,55,68,56,,48,57,54,,,62,52,62,57,57,54,50,57,45,39,54,55,82,85,56,64,48,52,54,51,,,60,58,62,48,31,38,43,79,80,80,72,52,68,53,23,26,18,26,30,58,64,92,40,25,49,22,,24,21,30,25,,36,27,31,70,27,21,,18,67,69,54,97,97,101,45,42,102,82,136,252,177,94,112,110,481,412,56,63,52,132,144,122,160,,59,62,60,89,92,70,81,83,103,103,103,124,63,81,69,54,55,35,35,75,55,85,66,109,138,64,51,79,69,67,58,74,40,55,82,59,129,75,128,53,26,50,30,,,100,97,89,169,166,123,45,55,35,31,44,49,19,87,77,61,84,113,82,,45,44,43,39,129,93,115,89,63,102,60,81,60,,88,70,75,,36,59,19,42,38,48,80,,73,69,87,91,53,52,31,54,102,97,124,101,63,59,28,36,97,59,72,84,214,46,50,72,48,13,29,25,22,36,30,,23,52,62,60,32,44,44,38,40,42,109,142,80,98,78,86,87,77,71,32,45,55,48,39,18,23,21,22,41,54,43,46,46,87,89,103,112,87,32,23,24,20,23,35,42,42,36,88,77,98,67,89,80,112,101,97,100,163,20,24,20,28,37,26,21,34,,83,59,30,72,90,91,93,76,45,63,46,58,93,72,58,33,12,16,26,23,29,20,28,43,44,60,73,54,69,56,38,49,54,56,53,55,49,43,54,48,57,67,62,46,54,57,42,55,70,62,75,82,82,84,107,84,118,95,105,55,38,63,52,51,84,75,69,75,84,73,68,72,68,67,64,53,36,100,70,20,37,38,,53,57,53,75,62,60,80,61,65,92,66,77,80,63,52,64,110,129,,61,73,107,97,77,85,94,97,29,26,31,26,36,24,23,33,17,19,17,21,17,17,18,18,31,36,27,36,29,28,39,,30,30,19,21,39,20,37,72,19,24,29,16,19,11,20,33,39,25,41,54,54,59,56,46,22,22,22,19,24,34,54,38,38,50,43,45,52,51,36,65,23,32,39,41,57,,73,,29,102,33,29,20,19,65,87,63,44,44,44,93,124,115,77,84,106,120,40,48,72,58,25,18,25,23,51,32,21,35,26,62,,119,33,15,32,21,23,42,40,16,67,69,66,75,15,,13,31,25,36,48,32,33,26,33,34,48,45,40,35,30,50,19,20,25,51,44,22,,33,36,56,58,56,77,133,58,59,87,70,64,72,76,76,72,73,95,92,98,55,79,72,30,56,53,72,127,108,157,115,345,458,419,81,105,53,47,88,19,32,34,21,58,43,60,55,52,58
20160416,2,PM2.5,22,19,35,14,17,24,17,107,17,24,20,23,,101,86,93,110,110,83,,112,180,212,147,182,148,,32,31,21,25,15,26,31,198,211,176,167,213,179,41,46,47,62,47,48,66,66,78,51,70,41,54,59,60,78,46,51,42,48,33,50,44,25,30,27,29,21,11,120,102,111,79,47,73,72,49,46,55,8,,4,11,2,13,8,18,3,35,64,45,29,77,43,47,43,43,39,54,,52,56,50,54,55,,59,32,25,25,26,23,24,28,27,33,24,45,50,40,42,41,37,40,42,34,40,44,30,40,,48,43,35,38,33,56,75,27,43,38,39,36,31,39,41,40,39,32,21,29,26,31,23,17,34,13,24,22,30,20,25,23,21,21,41,36,47,40,31,34,32,29,29,47,30,70,,73,72,34,20,31,25,23,29,34,28,28,24,28,28,34,27,21,23,31,23,39,,37,31,29,15,21,16,42,44,46,46,47,48,21,38,25,31,64,72,51,,27,17,16,29,17,21,21,,33,32,20,19,20,16,17,,15,21,19,35,34,39,38,,15,23,,27,,23,23,,46,59,54,12,,,21,16,30,31,31,21,4,16,21,42,18,27,39,35,25,30,23,35,42,11,54,40,43,41,38,,35,32,38,26,6,18,19,40,29,23,9,52,84,38,43,55,,61,47,,29,26,22,35,21,35,30,37,16,23,22,11,23,25,23,16,27,30,43,35,31,39,40,39,35,44,92,49,40,48,63,50,39,53,47,50,40,36,39,,40,46,47,46,42,36,49,20,33,35,34,39,27,35,38,32,31,31,35,37,35,40,18,30,38,31,35,35,23,36,38,32,23,28,24,,26,20,34,33,34,40,31,45,34,27,33,30,31,20,23,29,,49,46,47,49,48,45,51,55,33,33,49,33,32,3,15,4,23,9,28,14,11,13,14,22,12,15,16,11,22,19,24,19,24,17,20,,18,5,4,33,27,36,37,30,22,25,59,35,32,20,26,29,30,26,20,13,,10,75,12,39,24,20,23,34,23,33,7,21,14,,24,22,28,26,18,37,6,4,14,23,25,14,62,49,45,47,48,,23,58,17,17,35,14,41,44,38,37,38,49,40,40,44,43,56,27,79,64,35,39,39,38,39,26,28,34,26,35,30,41,41,46,42,30,33,32,35,48,60,48,61,47,48,51,38,41,33,16,103,62,61,53,52,62,41,,56,50,53,,64,64,68,70,48,62,46,,56,,40,78,70,74,68,29,39,48,20,20,30,44,,37,,45,49,57,60,46,45,63,35,29,,34,43,24,65,57,53,,27,28,30,34,15,39,30,22,39,28,38,35,33,29,27,30,29,22,26,28,27,49,14,23,44,32,33,29,24,34,20,26,24,38,46,54,35,33,34,33,47,36,41,34,23,25,31,38,47,67,56,66,21,21,12,35,28,33,55,42,,40,32,11,9,9,7,8,10,15,3,9,15,3,2,45,48,59,24,44,45,46,52,50,44,,45,34,44,55,18,41,38,47,57,44,38,33,93,58,75,71,78,39,38,44,40,44,,57,14,59,18,26,33,36,60,31,63,57,101,33,42,49,49,23,18,18,25,28,19,30,21,21,34,31,25,21,21,37,19,4,11,30,20,23,30,50,16,81,85,103,109,96,31,47,,45,60,76,46,51,14,16,23,9,16,21,36,13,79,63,60,49,81,31,39,31,32,46,37,23,55,47,89,72,115,86,,36,47,29,9,63,87,73,98,39,29,34,48,81,58,76,57,77,72,25,33,21,38,38,24,6,7,7,7,7,6,27,16,18,13,12,16,5,13,24,13,10,9,15,13,48,31,17,30,15,26,30,23,10,21,30,,27,34,21,9,31,11,34,14,13,16,19,17,17,13,24,14,14,22,11,6,25,17,20,17,12,15,19,10,4,10,,,17,11,20,30,19,12,4,16,8,31,41,34,49,55,52,54,33,28,25,31,19,15,29,28,,32,27,28,21,25,30,48,29,34,36,25,19,18,21,48,25,32,34,,18,26,36,,,31,26,21,34,21,31,26,40,19,19,22,22,60,63,23,22,19,25,28,26,,,43,41,40,29,19,14,18,45,42,40,40,27,49,34,16,8,9,18,11,41,46,31,23,17,34,15,,12,13,16,16,,7,5,7,51,11,11,,11,25,30,23,53,72,62,31,28,44,46,38,53,41,70,84,83,66,67,28,27,25,100,99,92,122,,,31,33,32,46,46,46,48,68,71,67,43,45,56,46,38,39,22,22,55,39,46,43,82,105,46,34,58,50,48,41,48,28,39,60,42,98,55,97,37,18,7,16,,,75,72,66,128,126,93,27,39,24,18,24,23,10,64,50,38,42,68,47,,31,27,30,27,22,35,60,34,36,60,43,50,43,,65,51,55,,25,42,3,28,26,33,59,,46,44,64,67,25,20,16,30,55,72,84,54,25,42,19,25,72,42,52,62,164,32,35,52,33,6,20,15,15,25,19,,13,36,44,43,16,24,27,23,28,7,82,108,59,73,57,49,64,56,48,22,31,39,33,26,9,16,7,15,12,38,27,32,30,60,60,77,84,64,20,16,16,13,16,24,29,29,24,65,42,54,46,66,59,84,41,41,48,33,11,14,6,19,19,18,13,20,,61,22,21,47,36,40,53,31,31,38,20,37,53,52,24,,5,6,6,2,2,6,1,30,24,42,53,35,50,18,20,26,29,24,27,27,26,30,28,33,32,48,44,28,27,31,25,39,51,44,55,60,60,62,80,62,89,71,79,39,,26,21,34,62,55,44,55,62,53,44,52,44,48,46,37,21,75,51,13,22,26,,36,40,37,46,44,36,59,40,47,68,40,56,59,45,28,45,83,98,,40,53,80,72,56,63,70,72,7,4,8,7,10,16,8,13,5,13,9,4,4,3,5,4,15,23,4,21,18,19,11,,19,1,7,8,14,6,19,11,13,11,2,5,10,4,4,11,27,11,13,31,38,33,39,13,7,14,9,7,8,6,25,25,21,35,19,25,30,21,13,31,2,3,11,19,40,,53,,14,20,17,19,11,13,47,61,45,27,24,29,69,94,87,53,62,45,91,28,33,52,,13,12,11,16,15,6,13,,17,44,,65,23,6,16,14,9,29,19,11,17,21,17,14,5,,7,12,8,25,19,22,20,15,10,9,33,25,14,17,18,10,10,13,9,29,23,10,,17,25,25,14,21,,47,24,22,48,31,27,31,27,29,52,29,28,21,73,39,18,16,,13,15,14,41,52,99,54,177,298,186,34,59,7,24,65,13,11,2,13,17,19,32,39,36,41
20160416,2,PM2.5_24h,62,44,69,61,57,60,53,71,41,49,61,60,,110,113,107,111,118,109,,108,114,147,121,112,113,,69,65,82,57,56,72,59,108,107,113,121,122,120,40,60,59,57,57,59,58,62,78,68,81,69,64,60,70,50,39,43,39,38,29,36,34,34,23,34,48,52,44,91,86,95,76,77,74,88,60,63,63,36,,29,34,24,43,33,47,51,35,33,27,22,40,22,29,24,40,41,46,,47,46,43,49,47,,52,40,36,38,32,30,41,39,31,41,36,47,47,41,41,42,35,42,39,33,41,57,55,54,,64,62,60,67,51,55,62,48,70,71,65,66,63,65,56,65,63,53,46,52,48,47,38,42,54,39,52,49,62,49,54,53,52,47,49,52,61,52,51,64,68,61,78,75,57,75,,65,63,86,57,69,61,50,55,66,68,57,63,63,58,71,54,49,52,63,49,56,,46,50,57,56,53,58,71,56,60,58,60,60,21,42,23,34,54,65,54,,39,29,20,37,29,38,36,,48,28,26,34,41,34,40,,32,40,39,37,39,44,39,,23,31,,45,,46,29,,33,50,43,28,,,26,27,35,27,28,21,16,19,22,50,54,48,49,55,51,55,53,49,48,28,37,34,33,33,29,,37,59,27,34,14,29,15,31,26,28,19,77,82,69,64,88,,96,71,20,33,40,33,45,37,46,48,38,64,76,77,77,80,80,70,68,80,30,35,33,34,36,35,35,31,37,64,35,38,37,42,32,40,40,40,43,37,32,35,,34,35,32,39,38,26,43,23,18,24,23,26,18,17,25,19,19,19,22,23,32,23,14,24,27,23,22,25,25,34,38,32,22,25,19,31,28,23,35,30,26,31,27,33,20,17,17,23,19,39,44,66,,58,54,51,53,52,54,55,63,31,39,47,36,34,11,38,22,31,27,41,31,33,35,34,45,31,37,37,28,38,42,39,31,33,34,37,,30,18,28,50,45,49,35,40,44,42,41,30,28,22,24,29,28,26,26,18,,31,104,22,46,34,37,28,41,33,52,25,48,34,,34,38,24,33,21,32,17,12,30,24,23,19,56,51,37,44,46,,28,46,21,18,30,9,32,33,32,33,31,30,30,29,32,31,40,25,40,77,31,38,33,33,38,29,24,26,22,26,24,42,45,53,45,35,39,40,41,47,81,60,52,40,45,49,38,36,35,21,113,96,84,91,91,103,70,,87,74,90,,105,74,85,91,68,72,63,,77,,78,105,103,96,82,33,32,30,25,24,25,72,,62,,72,67,71,71,65,74,81,61,57,,31,29,28,72,58,66,,29,30,40,42,38,32,27,30,40,32,37,39,38,33,32,36,34,27,39,33,30,11,15,18,29,26,25,18,20,22,22,30,29,33,40,38,41,38,43,40,45,46,53,53,36,42,28,40,37,57,81,92,35,35,24,32,30,40,74,48,,62,58,40,56,40,34,23,48,57,46,77,66,41,32,39,29,34,26,39,42,45,50,54,41,,40,31,34,43,18,48,37,42,54,40,34,32,84,56,62,62,65,37,29,45,34,39,,32,38,55,34,42,55,42,45,56,59,49,85,44,48,72,46,34,21,30,45,47,41,50,43,56,24,26,24,19,23,30,25,8,101,146,127,146,127,119,125,70,69,103,95,87,93,99,,96,107,151,113,135,80,71,79,65,60,69,86,56,61,62,56,47,63,44,45,49,55,63,63,42,61,56,62,77,77,72,,55,71,33,27,45,60,54,68,59,49,50,61,74,68,71,66,73,72,23,32,15,19,19,18,38,26,31,30,30,16,28,18,24,18,27,48,36,38,30,27,22,21,13,28,23,29,15,34,25,42,38,39,14,17,35,,45,31,32,42,50,53,56,33,35,42,43,30,33,31,45,21,25,22,23,19,43,26,27,59,53,42,58,14,9,13,21,,21,24,34,39,14,5,23,17,9,35,29,20,68,75,102,82,45,32,39,51,34,38,31,32,30,44,36,42,28,32,41,52,46,40,35,25,23,21,44,61,52,54,63,,55,66,76,,,51,41,47,82,71,79,37,53,27,29,41,45,77,77,30,28,19,21,34,25,,,52,54,26,41,34,35,38,57,55,59,57,49,47,49,97,97,85,89,94,86,52,53,49,47,42,46,,42,50,36,36,,27,33,103,76,51,27,,25,36,34,33,54,65,62,28,24,48,48,44,39,36,59,76,69,71,70,33,32,36,129,61,59,69,,47,30,43,28,39,36,37,38,52,43,47,40,46,55,45,41,42,35,36,63,59,43,42,87,89,42,49,41,39,33,28,27,28,33,70,40,88,69,79,51,23,26,18,,,92,66,61,113,111,86,18,19,20,55,49,21,18,90,68,71,69,97,73,,51,49,42,24,22,56,104,63,42,43,41,42,34,,52,43,39,,27,40,13,91,77,96,68,,51,64,93,108,52,46,40,53,64,68,49,62,31,48,36,35,54,46,36,38,89,25,27,30,27,6,25,25,22,21,17,,16,31,32,33,24,34,30,28,32,5,52,47,33,43,49,43,51,47,47,26,31,35,32,32,18,31,27,37,34,31,34,30,37,42,41,60,63,45,39,30,25,31,28,22,33,32,29,93,65,61,78,86,79,96,63,67,65,50,56,64,59,68,71,71,71,43,,80,49,38,79,75,53,87,64,61,61,24,33,49,45,29,32,38,53,36,36,41,47,33,26,29,45,45,38,55,28,19,28,30,26,27,23,23,29,29,30,32,52,49,40,37,37,32,42,54,39,45,49,49,48,86,54,83,70,78,41,32,28,25,34,61,41,44,31,49,54,52,54,54,65,47,53,40,56,56,35,51,56,,52,60,56,41,37,29,51,38,45,72,52,61,67,53,42,52,94,92,,39,51,75,67,57,48,80,82,7,6,9,9,18,18,14,16,11,11,17,12,24,23,23,24,22,31,20,25,20,30,28,,29,17,29,32,34,23,23,23,17,21,9,11,17,10,8,24,23,19,16,28,38,19,33,22,14,13,13,14,18,35,45,51,37,46,25,31,36,26,32,48,24,24,20,18,33,,41,,19,24,19,17,14,14,53,56,44,30,26,28,63,70,74,68,66,45,75,24,21,29,,17,14,15,16,20,27,27,39,22,21,,56,18,22,17,16,18,21,17,17,26,31,27,27,17,,20,34,33,24,17,27,17,24,21,17,29,27,13,20,26,19,17,23,16,21,18,7,,20,32,20,22,26,,37,40,22,40,20,24,26,29,37,37,33,27,23,27,52,18,14,8,15,17,13,20,24,40,46,94,145,148,150,52,22,19,26,10,7,6,7,19,16,19,43,49,35
20160416,2,PM10,25,56,,31,25,49,18,,52,45,36,,,132,124,136,188,140,130,,166,261,246,163,281,180,,,43,29,33,16,31,37,377,352,341,341,352,309,83,79,99,110,111,65,94,105,101,66,93,85,91,122,93,181,174,170,183,161,88,108,96,102,88,60,49,60,59,172,206,196,108,64,81,,72,70,,45,,23,18,9,30,26,64,25,346,415,462,238,395,381,283,214,78,103,108,,133,113,106,103,122,,140,103,68,61,62,75,75,64,76,80,47,104,86,69,75,64,70,71,80,76,94,67,67,70,,76,70,61,80,65,138,85,60,82,44,64,75,56,,62,75,64,69,55,59,53,56,56,41,75,66,45,51,55,37,59,33,49,34,74,64,78,82,62,107,84,98,50,144,106,116,,133,137,116,42,49,58,45,47,74,51,60,56,66,56,62,51,58,91,87,44,90,,56,52,51,60,72,56,77,103,109,106,102,101,38,82,62,63,109,101,105,,38,34,24,50,31,62,47,,57,61,36,53,39,37,41,,26,38,57,54,77,74,59,,42,30,,56,,56,43,,93,118,84,33,,,21,18,,43,42,28,14,37,68,47,73,41,53,48,52,78,50,52,61,11,,,,,57,,,51,56,48,34,34,52,49,32,35,44,116,140,114,130,111,,123,143,60,66,39,65,53,66,59,97,101,49,51,38,42,50,38,41,39,33,42,,54,42,52,44,46,52,58,,76,46,,74,56,62,67,63,50,40,,41,,48,76,,67,,48,52,52,41,59,59,68,48,58,60,74,55,57,56,66,65,63,35,41,61,53,78,49,47,56,70,36,42,34,53,34,60,45,61,44,55,59,63,58,65,63,61,63,32,26,49,52,,85,73,84,78,68,101,99,102,43,55,104,53,34,15,18,15,24,16,35,37,21,30,28,22,23,26,22,18,31,,48,34,35,34,33,,35,6,44,50,44,52,84,63,48,63,130,55,60,58,45,59,66,46,85,75,,48,208,27,60,30,24,48,36,50,,26,36,27,,28,33,42,43,35,46,32,8,24,30,38,25,64,54,96,75,86,,80,,38,75,165,81,58,62,62,66,52,58,59,46,59,58,104,43,195,68,177,198,249,239,196,190,161,128,160,140,147,124,90,100,89,56,54,54,50,101,109,114,138,128,123,144,44,45,36,,133,127,121,129,98,115,98,,179,183,203,,151,146,139,150,62,123,89,,104,,148,110,130,128,121,61,86,,41,44,64,80,,68,,92,123,108,128,157,105,108,62,78,,57,61,54,113,102,110,,38,39,47,48,48,65,64,38,46,48,67,40,,45,50,34,39,42,44,36,40,,27,38,62,49,60,41,41,41,46,45,38,82,65,72,,,47,57,69,45,57,35,,51,45,106,78,158,168,164,63,40,51,36,46,43,93,72,,74,53,12,41,,,21,18,20,,,22,19,2,190,195,196,137,87,89,95,114,100,82,,102,114,85,95,54,76,81,98,106,81,84,62,119,130,126,126,128,60,54,64,63,70,,78,33,66,37,38,,61,,36,152,63,104,42,47,71,,,29,28,34,47,62,48,56,40,82,51,36,41,30,55,24,15,39,,26,31,46,,22,138,111,252,146,134,94,74,,77,61,89,,,32,30,,,27,27,,25,124,97,65,69,,74,58,47,51,,55,56,79,51,116,182,,,,47,64,35,,78,152,121,167,52,58,69,81,98,111,92,98,106,98,50,61,51,53,66,38,9,12,14,11,20,9,36,33,57,37,,27,17,20,30,,18,21,48,77,57,49,,31,35,44,31,26,51,,,,41,56,49,80,,35,,,28,17,25,31,30,24,38,24,18,77,25,21,45,35,36,24,17,28,22,90,166,51,,,76,49,87,92,,22,57,43,20,163,233,263,104,99,116,130,102,84,55,74,48,55,,52,68,53,55,36,54,60,89,122,51,61,72,56,56,48,66,49,59,85,62,,48,64,57,,,74,54,74,64,63,58,50,59,45,39,58,60,73,75,62,77,48,54,58,51,,,43,48,74,48,31,38,43,107,109,109,93,54,52,56,23,21,18,,30,,,133,40,17,41,,,15,,30,25,,36,27,31,,17,18,,18,83,87,58,144,143,152,,42,154,114,221,386,303,81,98,102,581,512,62,75,53,181,237,169,207,,68,73,69,127,91,89,112,115,155,156,156,197,69,111,87,53,58,35,35,87,50,119,81,108,113,58,51,70,65,58,58,98,34,48,66,57,146,78,134,50,20,50,30,,,90,,111,,,104,45,44,29,31,44,49,19,93,103,71,117,176,114,,42,44,42,31,207,135,180,128,75,153,67,112,67,,110,79,80,,30,43,19,42,,48,100,,95,87,124,132,56,54,31,57,153,,197,152,76,54,,31,,47,62,,,39,46,58,43,13,27,25,22,31,30,,23,47,74,64,32,44,44,38,34,42,108,108,109,116,100,121,90,100,92,32,45,57,43,39,12,16,16,,41,,43,36,46,123,128,107,100,98,32,,24,20,16,32,31,,36,111,104,146,84,,95,128,151,144,149,276,20,24,20,,,,21,34,,,68,29,94,129,132,135,102,,76,46,66,135,,65,14,10,11,9,7,13,15,10,37,44,69,56,57,55,61,38,49,58,62,55,59,49,38,57,47,64,77,71,46,57,64,42,58,56,73,92,89,69,95,,92,142,119,127,41,38,75,54,52,88,70,87,76,88,71,85,74,85,69,61,53,36,106,70,20,37,38,,56,47,49,99,68,69,97,72,78,96,81,85,94,62,53,77,127,149,,71,91,112,126,86,94,101,135,20,17,11,18,36,24,23,33,8,13,16,21,7,6,6,7,31,36,27,36,29,27,39,,30,30,19,10,39,14,37,24,15,,4,14,19,9,20,33,,25,41,58,56,67,61,46,14,22,12,19,19,32,58,38,37,,43,45,53,52,36,80,4,8,37,35,56,,75,,29,154,,24,20,,78,124,53,44,44,44,85,109,171,103,95,161,148,33,47,,66,25,16,25,18,52,,,35,24,51,,187,25,8,32,,23,,40,16,84,87,82,100,,,7,13,10,35,48,,33,26,31,34,44,45,40,35,20,50,19,20,25,52,44,18,,33,35,61,65,61,104,215,66,67,123,90,78,93,102,101,92,96,140,133,,52,108,94,24,62,56,94,203,166,263,179,456,558,519,111,159,56,47,,17,,14,21,66,43,70,,53,46
20160416,2,PM10_24h,124,88,,105,95,116,108,,77,85,115,,,183,189,171,167,184,170,,206,196,243,189,171,167,,115,151,152,128,115,146,197,217,209,252,222,233,227,92,109,116,131,147,132,144,190,173,122,163,146,199,179,162,159,132,170,159,154,70,90,72,102,64,112,101,111,102,162,173,157,189,172,147,140,138,153,88,123,,80,99,87,101,98,163,145,117,109,108,101,98,112,95,85,61,87,86,,104,87,83,81,97,,115,118,77,72,70,70,87,68,72,82,57,93,83,70,74,66,57,66,65,62,84,83,81,87,,85,97,89,98,71,83,95,81,107,84,106,102,99,104,88,105,97,152,131,140,138,120,109,143,161,122,103,108,114,94,112,123,102,92,92,105,120,104,103,134,131,111,130,194,138,161,,167,179,212,121,132,136,136,112,173,112,128,115,130,138,134,135,138,154,153,123,145,,121,139,134,132,135,152,162,116,127,126,115,129,52,92,67,68,123,112,119,,62,47,26,69,46,78,66,,99,47,45,81,70,75,78,,47,67,87,63,79,76,65,,50,58,,98,,94,55,,81,77,70,56,,,46,47,52,52,43,32,32,34,41,103,134,109,103,127,91,122,120,104,124,51,62,54,64,56,63,,54,81,51,54,46,37,49,52,45,43,52,186,260,220,209,229,,199,226,65,77,56,70,58,65,65,91,123,173,177,169,149,165,152,174,158,148,54,61,71,64,69,61,66,73,78,52,55,41,34,53,34,58,56,45,45,57,47,51,,54,53,37,64,50,38,54,39,34,34,33,39,31,24,44,36,35,31,36,38,54,35,29,32,43,43,42,41,43,47,64,37,36,31,28,37,46,40,47,41,37,41,39,43,31,33,27,33,35,63,70,92,,87,83,91,89,85,100,109,111,48,70,71,65,60,50,45,38,38,38,50,46,44,53,63,55,43,51,48,42,59,48,68,48,43,44,49,,49,28,84,114,104,84,96,83,85,95,103,53,60,50,53,63,66,55,92,74,,65,163,61,109,84,79,75,105,98,134,143,64,103,,95,99,82,80,55,81,61,21,55,41,44,57,117,123,117,106,100,,83,95,51,83,77,51,51,57,47,47,44,42,44,49,45,46,83,35,103,93,128,154,163,141,141,133,106,93,104,96,98,111,86,92,79,64,66,63,59,99,100,87,91,108,100,112,57,57,50,39,254,200,201,177,152,180,131,,219,198,247,,223,200,189,210,135,169,168,,180,,201,164,192,173,163,126,109,81,67,66,78,135,,133,,167,166,139,189,163,172,169,93,91,,68,84,86,231,160,255,,46,42,51,44,48,50,50,40,44,47,56,56,51,57,50,53,50,51,59,46,59,14,21,28,39,35,35,19,22,26,38,46,44,53,49,58,51,53,52,51,52,54,62,68,40,68,51,79,75,172,197,209,124,100,111,105,90,90,123,133,,148,128,91,159,70,85,77,64,143,135,218,177,70,59,183,154,143,113,68,73,80,97,99,68,,81,86,63,75,52,84,57,85,97,65,57,57,112,120,114,116,112,58,41,69,57,51,,42,74,73,76,76,56,77,74,99,113,59,100,71,73,101,69,58,39,59,76,92,97,110,106,92,59,52,44,31,43,54,43,12,216,303,256,182,220,250,249,148,77,213,122,96,160,141,,137,220,227,234,197,166,157,175,136,126,152,258,129,96,102,87,74,100,85,86,74,92,87,99,72,90,65,95,146,91,116,,84,101,48,38,62,91,80,107,80,78,80,95,100,119,94,98,123,98,51,48,28,30,31,28,47,43,45,44,52,27,78,40,71,38,47,68,53,39,46,51,46,37,49,58,38,51,32,46,39,59,47,46,69,23,51,,63,76,91,87,112,110,118,83,74,84,96,73,61,72,111,40,39,59,42,53,60,63,54,140,89,114,149,40,57,47,73,,101,93,207,158,26,20,59,39,34,133,113,115,173,179,195,229,129,87,62,73,66,67,88,83,127,80,101,115,93,99,142,157,86,85,69,49,41,51,126,107,123,117,133,,103,136,126,185,,140,98,124,150,147,161,89,82,64,68,90,94,97,96,75,75,48,48,61,59,,,80,94,42,79,58,64,69,129,115,128,110,84,78,72,146,162,135,164,170,133,83,141,125,77,83,84,,76,107,76,68,,87,74,101,81,105,50,,57,159,129,142,141,140,158,63,60,166,171,183,106,100,82,106,90,465,382,88,83,79,150,145,116,158,,47,71,70,84,87,75,93,85,122,93,98,111,74,121,96,56,60,61,66,104,84,96,65,119,121,68,68,63,52,57,52,48,39,43,95,54,145,91,107,60,35,53,33,,,109,72,112,144,161,102,35,26,38,83,86,39,26,132,168,107,143,231,132,,78,91,69,79,85,133,193,147,89,106,80,87,56,,93,72,60,,34,44,32,154,130,142,111,,116,115,154,153,102,109,87,101,167,112,101,97,81,71,47,44,59,47,68,48,47,39,40,44,39,8,36,29,33,27,29,,25,43,54,51,41,60,47,56,39,31,75,63,58,69,73,83,71,88,80,34,49,50,46,51,27,47,45,51,40,28,47,37,42,75,84,80,80,70,52,40,39,39,33,34,35,37,39,153,144,162,171,184,179,190,222,192,213,223,118,133,113,139,143,146,144,101,,149,160,93,154,157,140,187,123,118,131,50,55,100,56,62,54,80,96,64,63,70,61,60,43,57,76,78,79,80,80,47,51,47,54,44,49,49,42,52,45,63,81,66,52,58,69,45,59,57,61,61,63,62,64,,80,134,112,117,44,53,60,48,50,88,61,74,45,74,75,87,90,96,76,62,60,88,76,79,60,80,97,,73,70,70,74,58,59,79,72,72,100,103,84,99,67,61,83,143,132,,67,79,111,112,100,101,104,130,30,25,16,22,33,32,26,29,23,20,23,21,39,35,33,38,33,42,40,49,36,46,55,,48,55,40,41,57,49,57,45,34,42,14,19,25,15,23,37,39,41,38,43,50,66,68,86,26,25,26,30,43,66,123,101,103,68,50,50,55,57,84,110,42,45,54,73,50,,74,,35,72,58,32,27,16,89,118,65,59,51,55,92,114,183,108,113,143,124,38,50,49,60,31,26,27,26,62,,215,53,45,42,,179,40,43,44,,28,36,25,27,79,82,78,82,40,,35,96,69,59,64,29,28,37,31,30,53,51,33,41,70,71,42,45,41,39,27,11,,58,59,44,56,60,81,118,65,74,121,73,87,74,108,105,99,133,128,103,148,216,61,44,25,65,61,59,89,102,129,195,274,320,297,170,173,52,39,67,28,15,14,25,53,40,47,61,102,52
20160416,2,SO2,2,2,2,2,2,3,3,5,2,2,4,3,,13,19,11,30,26,17,,28,23,40,38,12,28,,13,9,5,20,9,9,20,151,114,135,98,141,124,20,22,13,14,9,15,11,13,412,15,13,10,4,6,10,9,6,11,2,5,7,8,9,9,13,8,6,6,4,41,15,43,17,42,17,7,8,24,41,14,,6,9,5,10,8,7,14,9,5,3,12,5,1,7,8,14,76,22,,18,21,16,19,29,,15,6,25,9,8,7,10,4,15,13,5,15,10,12,8,10,8,10,10,20,13,24,23,25,,10,15,29,21,22,11,11,15,13,12,10,11,10,11,11,11,19,17,18,20,15,19,5,17,17,12,19,13,18,15,10,19,12,14,16,17,23,17,11,20,20,19,20,29,31,20,,38,18,124,14,31,59,27,15,14,21,13,8,12,16,16,14,12,38,24,15,19,,22,24,27,6,5,12,20,27,18,15,14,14,5,15,11,7,45,38,14,,4,5,9,15,3,5,6,,13,6,4,6,8,8,8,,7,9,11,4,4,6,9,,12,,,24,,11,11,,8,4,1,9,,,8,8,6,10,14,13,1,4,26,15,18,47,14,20,26,25,26,21,19,3,4,7,5,2,5,,6,6,11,3,4,3,33,21,9,15,11,25,21,18,24,35,,30,24,20,9,21,7,32,17,11,12,8,18,13,15,11,7,18,10,20,11,2,3,3,6,7,9,4,7,8,9,10,15,8,6,12,18,8,13,8,9,2,3,,11,16,11,22,4,6,19,7,5,3,5,4,6,7,12,3,7,4,11,8,10,4,2,16,8,11,3,20,9,7,6,4,1,12,2,7,10,5,12,2,4,4,3,8,7,3,6,7,3,16,15,11,,7,11,8,9,5,9,7,9,4,4,4,3,10,7,5,6,6,3,4,7,13,5,4,4,6,6,6,5,8,13,4,9,12,7,6,,10,8,7,4,3,4,6,3,38,11,2,37,10,67,7,11,13,10,4,6,,5,13,6,14,6,2,8,2,7,15,10,5,3,,14,9,6,4,5,4,2,4,10,10,4,12,31,26,16,34,25,,2,17,11,10,6,5,15,18,28,30,23,9,7,13,8,35,15,2,,10,8,5,3,7,7,7,14,10,12,6,12,15,18,12,10,21,8,15,6,19,17,10,8,9,10,15,12,9,5,5,27,17,25,6,14,19,8,,17,23,41,,34,62,54,60,17,45,21,,19,,20,19,21,15,35,12,9,6,8,6,23,18,,8,,8,23,44,41,94,16,56,11,7,,17,7,8,32,51,49,,17,11,8,20,13,15,8,2,8,7,10,2,15,9,3,12,8,10,2,3,4,3,3,8,8,8,10,3,3,7,3,2,3,7,6,10,18,18,10,7,8,6,8,23,25,2,13,70,23,48,66,52,13,20,10,14,27,12,11,12,,20,10,3,6,2,4,6,17,5,3,15,16,25,6,11,9,7,12,8,12,20,21,19,12,,30,19,11,18,5,44,13,40,118,23,12,11,24,31,32,19,26,13,11,13,12,12,,10,7,6,15,4,10,16,76,11,26,8,7,12,11,4,12,23,5,50,9,11,4,16,13,11,69,11,24,11,45,36,51,8,16,6,6,19,4,14,3,14,16,18,17,21,12,13,,14,31,21,5,67,11,21,4,6,17,12,11,11,7,9,2,20,10,12,10,41,4,23,19,2,15,38,12,12,6,11,,3,5,3,3,29,64,52,30,8,5,9,9,9,8,10,9,14,9,1,2,21,19,17,9,5,15,9,4,13,8,25,10,52,7,5,3,8,6,7,7,4,4,13,11,16,10,4,3,4,22,36,4,2,2,1,,1,19,20,9,6,7,4,4,7,5,10,6,2,5,6,2,2,3,1,4,3,2,2,17,2,9,12,4,5,3,12,,6,11,88,149,3,16,2,2,1,4,3,4,16,21,25,28,7,7,6,1,10,12,5,6,18,8,10,8,13,21,18,16,4,19,14,11,2,18,12,14,14,11,15,,11,15,17,,,14,8,19,26,17,16,23,16,12,13,11,6,16,20,17,10,8,7,12,14,,,4,4,9,13,12,12,8,16,14,28,13,6,10,6,9,10,6,10,3,6,57,48,34,20,28,14,,16,11,3,6,,13,10,8,23,11,12,,12,8,5,10,16,17,14,3,3,5,6,8,27,40,7,6,32,15,7,38,2,5,33,34,35,44,,5,6,7,17,30,20,26,26,32,15,26,9,16,15,19,14,9,2,3,27,5,13,6,7,2,6,6,4,7,12,31,8,5,4,3,2,5,8,9,3,3,2,9,,,4,6,3,14,18,27,18,18,35,12,7,20,14,14,24,25,9,44,15,,16,14,18,26,19,6,29,23,6,10,15,8,6,,39,4,4,,20,15,4,8,10,8,,,13,17,26,26,12,5,10,9,25,6,26,11,4,19,47,12,4,4,5,13,3,13,13,13,14,2,2,10,5,4,9,,6,1,3,4,1,3,3,1,3,7,18,25,32,27,32,28,53,35,40,3,42,148,42,25,10,7,4,20,5,1,13,25,21,12,16,11,37,49,16,4,5,3,8,16,49,48,53,25,27,26,21,18,36,23,25,56,21,20,17,15,12,10,110,22,12,24,,40,19,6,20,42,48,37,21,18,15,25,4,3,4,2,10,7,15,17,3,3,39,3,7,37,30,17,14,6,4,7,8,8,6,10,2,4,1,5,3,6,4,6,10,10,9,13,11,6,10,40,40,55,40,3,49,38,12,16,3,3,3,3,13,14,24,14,25,25,,5,7,15,17,14,13,60,40,14,5,7,9,,5,1,4,9,4,3,16,28,13,22,16,6,16,25,118,120,11,16,,10,2,5,5,12,52,8,13,3,9,2,2,7,13,4,5,8,16,13,4,2,3,4,4,3,21,14,15,19,72,19,,16,4,3,30,5,1,4,3,4,4,2,5,6,1,14,16,6,18,28,11,2,11,4,18,7,6,1,8,31,9,3,8,4,4,6,23,21,4,13,1,10,10,24,6,6,,15,,1,3,10,9,13,3,3,14,4,8,17,15,26,22,33,11,14,6,9,4,10,3,3,13,7,20,5,1,9,6,6,11,6,,33,7,7,9,7,7,3,4,5,3,4,2,3,2,,4,1,3,8,4,11,7,11,3,3,12,15,5,4,12,7,2,7,3,4,9,4,,9,19,12,9,24,11,8,20,1,33,9,2,26,4,8,18,6,9,7,1,5,1,3,,8,9,9,14,10,14,2,16,32,12,11,12,1,10,11,5,3,3,17,11,7,206,8,17,13
20160416,2,SO2_24h,18,9,17,16,20,14,16,16,11,11,19,12,,32,39,33,37,27,45,,33,30,34,36,23,33,,46,35,42,46,43,29,41,103,88,88,92,101,109,25,31,15,23,27,44,33,43,70,29,39,36,36,37,44,14,9,18,12,13,18,16,22,26,20,33,33,35,31,83,18,50,38,49,35,40,31,63,62,19,,18,18,30,16,18,24,30,20,17,13,21,10,6,13,12,11,41,25,,28,25,25,17,30,,23,9,25,11,10,10,15,8,19,24,9,22,11,12,8,12,10,15,10,19,14,21,22,25,,17,36,30,30,30,16,48,20,15,14,12,14,9,12,14,13,21,23,21,22,21,22,7,20,14,12,14,10,18,14,9,14,13,14,19,26,32,17,15,19,19,24,31,29,27,19,,37,18,143,20,36,71,34,19,18,26,17,13,18,19,24,24,20,35,26,27,23,,26,32,30,8,16,22,28,19,25,9,11,13,7,12,13,8,39,24,9,,10,7,10,20,8,10,13,,21,8,7,13,14,17,15,,11,15,17,10,10,13,14,,10,7,,30,,20,15,,12,16,9,10,,,13,14,8,13,9,15,3,5,9,24,16,37,14,18,16,15,15,14,23,4,4,8,6,4,5,,5,8,6,4,6,7,11,13,8,10,5,25,30,22,28,41,,32,28,22,10,19,8,22,17,10,12,16,26,24,29,21,14,25,19,24,23,11,12,11,15,15,15,10,15,14,22,8,13,8,6,11,16,9,13,9,6,5,8,,11,12,14,23,6,6,21,7,5,4,5,4,19,7,12,2,6,5,10,6,7,4,3,13,7,10,5,13,7,8,5,4,2,12,2,6,7,5,12,6,5,6,4,7,7,3,5,6,3,17,36,11,,7,10,8,9,6,10,7,9,5,5,5,6,11,5,5,9,7,4,7,8,20,8,10,9,8,9,8,5,9,14,4,9,7,7,6,,9,9,7,7,6,7,6,6,13,7,7,26,10,34,19,14,19,20,4,6,,6,12,7,17,9,5,7,6,8,12,11,16,5,,6,11,3,4,5,5,4,8,16,13,6,9,26,12,15,20,11,,3,14,9,13,7,9,51,20,32,48,35,10,10,13,8,33,12,4,58,11,9,10,7,9,12,9,15,9,9,4,7,19,19,14,12,24,15,20,16,25,26,17,11,14,11,22,10,8,6,7,39,29,27,5,15,22,10,,34,39,37,,36,61,46,44,25,45,26,,25,,16,18,18,14,37,16,11,7,10,9,28,33,,10,,17,26,48,34,49,21,35,10,4,,22,12,14,31,72,40,,35,10,10,11,14,18,8,3,8,8,22,2,8,9,4,11,8,11,3,3,5,3,3,8,8,9,10,4,3,7,3,2,3,8,6,10,13,13,9,7,7,4,9,24,26,9,16,28,32,25,38,41,22,26,21,20,25,20,20,14,,21,12,18,7,11,2,10,11,36,30,39,37,59,28,16,12,12,11,9,13,20,28,27,14,,30,19,7,15,6,52,12,26,78,36,11,10,53,87,35,47,61,14,9,16,10,10,,8,11,53,30,8,18,10,29,14,16,6,10,15,10,8,15,10,6,42,15,14,5,16,14,12,35,36,36,35,52,35,63,31,51,50,61,54,52,51,44,39,51,51,37,48,22,20,,21,44,44,25,51,26,42,20,27,51,43,44,39,11,12,5,20,12,23,20,48,12,12,45,11,12,43,19,22,9,16,,4,11,3,3,26,30,28,18,14,6,9,10,16,17,19,20,27,14,1,2,10,9,10,4,10,18,13,17,19,7,66,14,39,8,5,12,10,9,11,7,6,7,7,3,9,4,6,4,8,5,17,5,5,3,2,,4,17,20,8,12,15,10,11,14,15,21,7,3,8,11,3,3,3,6,6,6,2,3,22,9,13,15,5,5,2,24,,10,11,64,33,2,14,1,4,1,7,4,5,23,33,31,42,22,13,6,5,10,12,6,10,14,11,12,9,15,21,18,20,6,22,16,13,3,18,15,13,16,15,19,,17,17,23,46,,12,9,15,25,21,27,20,14,12,17,15,15,13,16,10,5,9,8,15,14,,,8,7,6,17,14,14,15,26,20,54,24,9,10,6,52,55,42,64,56,23,34,49,29,25,30,20,,21,11,9,15,,21,19,32,51,40,24,,30,22,4,9,24,24,37,3,2,6,12,10,24,31,11,14,16,12,12,25,4,7,29,34,30,39,,7,8,8,14,20,10,13,12,25,11,25,10,14,15,13,25,11,7,14,47,27,11,6,9,6,10,13,9,11,13,34,13,8,7,8,3,7,16,14,3,6,6,16,,,9,14,6,11,20,28,16,22,40,20,10,21,23,22,17,31,10,35,13,,23,12,20,25,20,12,38,31,12,23,28,42,18,,35,12,6,,27,7,5,14,13,15,20,,17,19,21,14,18,14,20,13,27,9,24,8,25,17,15,13,5,4,10,11,27,11,12,12,12,2,2,11,6,7,9,,8,2,6,6,1,4,4,9,2,7,13,22,26,24,36,21,42,32,38,3,38,98,38,27,15,22,15,25,20,35,12,21,23,10,10,10,27,33,20,12,4,13,14,14,29,32,35,62,45,50,35,47,53,46,31,31,45,27,19,27,21,25,119,47,32,31,,46,27,19,35,36,39,26,20,28,28,23,2,10,11,1,13,9,27,21,12,10,11,7,14,43,48,29,27,27,9,11,12,14,19,13,4,6,5,8,5,7,12,8,11,12,12,11,12,7,9,22,25,48,26,4,56,25,32,38,15,11,14,8,24,31,13,39,7,16,,8,12,21,37,20,12,59,27,11,6,10,9,,19,4,5,12,3,4,17,21,17,23,18,12,16,15,41,60,13,12,,16,6,10,13,18,37,9,12,10,13,5,6,4,10,4,9,6,10,4,4,9,11,11,12,2,9,19,5,26,22,14,,15,14,5,29,9,7,6,4,6,4,2,4,6,2,13,20,9,26,29,5,32,10,10,18,8,11,25,15,20,7,7,20,8,6,12,11,7,12,14,37,15,13,29,6,6,,17,,2,9,19,8,12,4,3,15,7,12,24,21,14,14,22,12,9,7,9,8,9,6,6,14,7,16,5,6,8,4,6,12,5,,21,6,16,11,7,13,4,6,5,6,9,8,6,4,,6,10,19,7,4,10,8,8,5,5,10,17,8,6,19,10,3,8,3,5,9,5,,9,16,12,7,21,11,6,12,2,31,7,2,22,4,17,6,7,7,8,2,8,2,3,,7,7,10,13,8,7,2,12,14,9,9,5,8,13,5,6,3,6,13,7,13,31,13,13,14
20160416,2,NO2,20,16,19,24,20,25,47,31,10,34,28,8,,42,38,26,41,37,41,,53,86,62,59,78,51,,25,19,12,20,13,7,14,126,155,79,132,122,115,20,22,50,36,28,55,63,38,59,24,20,53,26,25,29,20,20,12,15,27,22,11,8,12,9,29,19,19,20,73,90,74,23,75,27,26,28,28,18,18,,4,26,16,17,4,34,18,9,9,7,5,6,23,10,5,27,25,44,,32,78,30,38,37,,23,17,27,13,13,15,15,21,13,19,12,39,20,21,26,28,17,15,16,19,33,44,15,46,,81,69,32,26,64,40,27,33,35,26,6,25,41,15,20,13,8,32,36,36,52,33,52,55,35,35,28,30,25,28,31,36,24,28,22,21,17,26,25,24,27,14,20,44,45,30,,44,54,34,30,31,23,34,26,42,32,20,46,52,26,31,27,16,55,28,13,37,,39,40,28,30,14,32,27,24,60,36,21,47,18,17,22,20,43,66,33,,28,42,11,50,17,37,47,,44,23,48,5,13,9,15,,7,17,12,54,41,64,40,,13,,,34,,18,27,,38,28,17,16,,,38,21,30,60,26,27,14,23,54,25,48,17,33,38,63,69,40,7,28,30,52,39,74,42,68,,19,20,26,22,15,43,25,52,14,31,26,21,23,20,25,9,,31,1,17,11,4,21,2,7,14,11,18,34,39,23,10,19,18,21,24,14,23,28,40,33,45,33,23,24,47,,21,37,17,33,19,48,36,27,41,18,28,29,,40,45,28,53,37,16,47,27,7,16,21,17,4,7,24,6,10,11,23,22,25,32,5,60,55,52,29,29,9,51,52,2,,2,3,21,13,20,9,16,17,20,18,25,10,11,16,6,8,13,11,13,,24,7,26,7,17,48,36,36,5,9,11,9,19,8,27,13,14,9,14,28,20,9,39,8,18,21,6,13,18,38,25,42,49,49,40,,33,18,9,24,3,19,14,15,11,33,11,30,16,18,9,5,24,13,17,50,,15,53,11,43,33,61,32,32,37,53,27,35,19,,24,48,46,29,16,48,38,23,18,22,14,9,36,26,47,44,38,,69,75,72,83,83,42,22,23,28,19,30,21,36,37,14,12,10,11,39,15,11,3,8,7,7,10,10,12,9,7,14,29,21,13,19,8,7,16,5,20,20,20,13,24,22,25,43,39,48,13,21,18,30,33,18,34,38,,18,18,39,,32,47,25,29,29,109,25,,33,,14,21,61,18,11,14,11,10,5,10,7,12,,12,,12,23,24,30,17,13,23,19,8,,19,7,8,33,17,30,,15,20,23,31,30,11,14,10,11,11,14,7,5,9,6,15,4,2,8,3,4,41,33,35,6,9,11,15,10,11,4,1,1,30,47,47,9,17,10,11,16,12,17,2,2,14,21,42,68,37,22,26,17,26,17,18,23,20,10,21,,28,19,8,21,18,24,8,6,19,29,14,19,15,17,3,5,4,5,13,11,15,23,17,12,,,44,25,,10,34,16,58,66,12,13,6,25,37,24,22,29,15,13,11,13,11,,10,12,8,16,13,4,23,63,9,58,20,20,16,15,7,15,8,19,15,9,27,25,25,21,45,35,35,39,27,58,32,15,16,21,2,1,20,16,8,8,24,35,25,33,70,22,24,,32,39,31,21,22,17,16,16,14,21,10,19,9,40,37,35,26,32,49,24,27,24,32,13,15,13,16,8,4,3,10,,13,7,22,4,8,53,39,48,12,7,13,18,10,9,13,9,19,12,4,3,41,27,36,28,4,15,16,10,7,11,23,13,36,27,2,1,9,10,10,9,9,12,49,30,61,34,6,28,7,64,24,13,15,34,7,,22,14,10,18,40,21,58,17,24,8,32,8,44,53,54,10,26,37,32,20,34,33,39,19,42,48,47,5,13,2,10,,6,10,34,38,13,11,2,9,9,20,11,9,21,32,21,35,7,11,8,,18,26,13,10,20,31,7,23,25,7,10,4,6,16,3,6,7,8,32,60,26,19,16,,22,23,38,,,24,22,21,24,21,32,25,23,22,19,61,26,18,13,19,41,25,26,36,35,,,17,16,13,20,10,14,20,19,16,20,17,11,27,32,2,7,10,5,9,13,38,30,15,26,26,20,,10,17,18,1,,5,1,11,12,21,33,,23,25,19,10,6,21,16,10,5,17,13,16,8,19,18,15,32,5,10,17,5,3,33,36,33,41,,5,8,15,18,21,44,11,44,31,21,26,23,21,24,23,11,80,6,21,28,32,35,34,21,11,23,17,26,6,15,19,7,2,7,2,34,24,30,33,18,18,6,8,,,34,28,22,1,36,40,10,16,9,16,19,3,6,48,4,29,28,41,29,,38,30,22,31,7,19,27,14,19,42,61,54,61,,82,2,61,,34,27,11,29,37,31,,,11,16,66,28,19,26,16,29,23,9,66,46,48,26,55,37,28,17,38,15,29,26,27,31,22,2,17,13,7,23,53,,29,20,44,36,3,4,3,14,8,1,12,9,16,11,17,22,35,24,24,8,22,21,23,18,5,3,3,3,5,18,23,28,18,27,22,3,31,28,13,7,9,10,4,24,19,47,27,26,45,70,6,22,13,9,50,38,36,28,26,37,37,16,12,40,14,11,,8,7,11,37,34,69,44,16,7,28,49,31,16,11,24,6,12,9,9,8,7,15,7,17,12,33,7,13,15,24,21,18,18,9,3,3,6,10,4,13,4,29,21,26,17,44,27,42,34,4,19,20,23,19,9,29,33,19,36,9,7,7,1,9,10,41,20,41,49,2,10,8,5,1,6,6,13,33,15,9,2,13,,16,25,11,40,10,14,22,25,12,18,14,21,23,14,11,21,14,32,,15,20,24,56,1,10,11,13,7,21,9,34,20,18,19,36,12,18,19,15,7,15,16,11,11,24,22,18,6,22,19,,18,14,10,13,35,12,7,40,8,11,2,32,34,22,5,6,5,7,10,10,8,17,19,28,9,18,4,7,7,10,8,15,10,20,12,9,8,11,19,10,9,6,8,5,18,,22,,4,2,8,2,4,6,19,45,15,3,10,23,10,9,14,34,22,34,23,14,16,37,45,6,6,,19,6,17,19,13,14,8,,40,5,5,28,13,15,33,50,25,52,53,34,33,6,,7,5,7,27,11,4,33,25,13,6,14,15,43,39,12,42,5,2,3,40,79,43,,6,6,13,32,13,4,10,10,14,21,60,33,47,18,27,34,26,45,62,6,10,1,2,2,54,58,10,60,97,95,54,90,96,80,24,31,31,31,,9,2,4,27,16,25,59,50,11,61
20160416,2,NO2_24h,43,35,53,56,62,56,72,59,36,57,45,56,,81,80,52,78,74,80,,89,104,71,75,62,78,,68,47,51,65,49,33,27,91,104,73,102,104,97,43,56,76,68,60,55,57,44,64,53,46,82,49,48,66,30,32,28,28,36,28,24,27,28,16,75,64,62,67,80,75,65,44,49,40,66,55,66,50,30,,16,19,26,33,18,36,42,19,36,25,29,27,43,33,19,26,32,40,,31,73,39,44,49,,37,32,38,21,19,28,29,31,20,45,25,57,37,38,41,44,19,22,25,23,44,33,34,29,,84,80,50,28,69,30,54,33,59,48,49,48,53,43,41,34,30,34,38,37,45,34,46,55,26,30,37,51,41,54,49,44,49,64,21,24,19,29,32,25,28,15,38,36,35,20,,33,41,31,32,35,29,35,56,65,54,49,68,69,54,49,57,35,62,52,33,46,,46,50,38,39,23,46,46,15,44,22,11,37,23,22,26,24,38,56,28,,41,44,11,58,22,45,53,,52,36,47,46,33,48,54,,16,42,44,60,57,86,56,,17,36,,37,,34,37,,36,29,27,26,,,39,29,25,36,21,24,24,22,24,58,47,24,31,53,75,41,39,10,56,38,45,46,51,42,47,,40,46,31,21,22,8,20,41,13,31,23,19,29,46,46,47,,45,4,22,22,12,32,18,25,16,16,34,53,71,50,58,37,47,53,44,41,19,48,39,23,31,35,28,24,43,36,19,48,12,32,17,53,44,27,32,17,54,43,,40,41,37,54,52,28,52,37,24,35,27,46,33,14,60,9,14,23,30,29,39,37,13,54,49,51,41,35,17,48,49,16,11,12,10,22,22,20,12,31,31,38,41,39,12,20,21,11,12,42,33,34,,26,12,40,14,22,36,31,37,6,13,19,12,28,16,41,21,23,25,32,24,30,24,47,31,25,44,24,25,33,60,30,37,43,42,41,,26,19,15,47,17,22,18,30,37,52,25,30,16,9,15,6,28,20,14,29,,10,40,14,54,35,42,42,38,50,45,18,30,38,,23,47,24,27,13,24,28,24,21,29,11,2,19,21,22,26,22,,41,36,45,39,38,13,31,34,37,23,36,29,34,35,20,14,6,11,37,18,17,14,14,14,14,18,18,13,10,8,12,34,32,22,23,20,17,28,21,31,33,21,20,37,41,40,33,40,42,17,39,38,38,29,19,31,29,,36,39,31,,36,47,32,35,43,54,31,,47,,15,22,25,13,8,28,30,13,11,22,16,17,,17,,22,21,25,29,22,20,29,23,8,,26,14,23,45,26,31,,29,27,31,19,41,23,21,16,20,19,25,9,6,10,7,18,5,3,10,4,4,12,27,36,8,16,13,27,19,19,6,4,6,38,55,51,13,18,21,28,25,27,23,19,19,28,17,33,35,20,26,27,28,44,28,28,25,30,26,39,,47,31,12,33,17,30,8,6,66,55,61,57,43,33,9,14,9,12,16,19,24,40,26,18,,30,36,17,28,12,42,28,39,52,32,18,23,41,57,44,42,46,31,20,37,23,26,,10,28,40,26,20,12,14,57,26,43,18,26,27,22,14,25,19,21,19,12,34,23,25,25,44,17,25,17,11,8,33,11,3,61,61,46,53,45,54,57,35,45,38,46,59,30,16,,33,47,50,66,22,39,43,37,38,30,33,27,25,40,53,50,36,46,46,37,27,40,30,16,11,23,22,17,16,10,28,,24,23,22,6,8,42,23,43,13,12,16,18,14,25,22,24,30,19,9,7,14,20,19,15,22,17,27,24,28,10,38,11,34,25,10,8,25,27,14,18,13,22,16,14,29,13,11,22,28,27,18,19,34,42,24,,31,14,9,26,36,38,49,14,35,29,34,13,39,48,62,10,26,42,39,30,39,39,50,39,51,47,34,8,14,6,15,,7,11,18,12,13,5,3,13,11,29,23,17,25,36,21,27,27,27,12,3,35,28,12,15,24,38,15,23,28,12,21,13,10,25,11,13,11,15,46,51,36,55,55,,38,39,57,40,,59,32,26,45,42,56,28,23,37,38,40,34,15,13,21,45,36,28,49,58,,,32,30,12,19,11,17,21,28,20,30,21,40,33,23,26,35,29,39,41,17,23,31,17,19,19,16,,22,33,22,5,,8,3,44,35,50,25,,20,8,9,6,24,31,26,13,12,20,24,20,27,32,26,25,26,7,4,6,8,4,32,41,31,50,,7,14,22,19,27,37,13,28,19,16,22,25,32,31,33,31,34,29,31,34,41,35,20,31,20,36,37,27,10,15,23,9,2,14,2,35,16,31,36,16,23,12,16,,,45,33,17,12,35,46,26,21,13,31,22,14,12,75,6,50,29,25,19,,26,30,20,28,9,25,27,42,19,29,45,33,28,,72,12,56,,33,24,10,33,44,38,36,,26,17,45,21,16,24,24,34,18,16,39,24,30,30,35,34,39,16,36,16,19,20,21,22,17,2,15,17,13,35,49,,22,21,46,40,3,6,3,18,10,3,15,7,13,10,13,15,30,30,19,9,23,19,23,20,6,13,13,13,18,22,20,25,23,23,19,4,30,25,14,14,12,15,10,16,15,32,27,64,56,68,37,62,32,40,35,44,35,32,25,39,33,25,37,51,23,27,,21,22,28,21,24,42,22,28,20,38,39,21,20,11,21,7,20,21,18,17,21,21,16,23,21,40,25,30,33,45,23,18,15,12,3,5,12,10,11,16,8,28,19,23,20,34,20,32,29,6,14,12,22,17,17,32,28,23,40,13,20,21,12,23,16,24,26,37,33,3,13,14,12,3,8,10,13,12,17,4,12,23,,14,31,18,29,8,15,19,20,18,15,10,20,25,12,15,21,13,25,,18,16,28,34,11,21,17,23,19,33,18,29,12,16,10,24,12,17,18,12,16,25,21,18,9,23,16,17,5,26,18,,20,22,34,34,36,29,15,45,17,12,3,23,33,28,5,6,13,10,12,8,9,16,35,27,7,13,10,12,22,13,20,21,22,24,20,14,13,12,10,16,18,14,13,17,24,,28,,9,6,14,7,10,13,23,32,14,3,20,25,12,9,15,19,21,38,21,15,10,37,35,8,7,,24,8,12,14,15,20,10,,16,8,18,16,12,13,21,26,22,25,36,29,28,8,,7,20,22,17,9,4,27,21,17,9,11,11,21,26,13,32,8,7,10,15,52,19,,7,6,7,21,9,4,6,10,14,17,20,24,37,6,14,11,15,19,22,11,15,5,5,3,40,34,9,25,41,47,20,55,51,46,26,38,40,24,29,12,3,11,24,19,13,21,49,18,62
20160416,2,O3,54,48,63,68,64,44,24,38,31,29,43,64,,53,58,23,62,64,64,,48,36,68,47,8,53,,70,24,9,59,73,44,97,25,13,42,14,27,38,128,121,131,137,146,46,40,51,42,70,56,73,47,60,41,42,53,58,59,27,84,94,111,89,78,52,69,69,84,43,47,44,52,24,58,81,63,73,52,43,,63,24,44,36,49,31,77,76,95,100,63,72,79,76,77,85,117,85,,107,50,114,100,104,,129,134,120,113,129,137,136,128,146,126,108,108,105,106,111,101,98,130,109,99,101,26,61,56,,38,31,58,50,43,52,37,59,98,99,88,176,68,102,107,115,102,60,51,84,56,78,68,52,63,77,67,62,79,72,74,70,83,76,87,89,81,24,80,126,125,113,144,81,82,70,,48,56,72,24,51,56,60,86,83,56,99,53,77,97,51,79,72,69,58,69,53,,50,54,23,69,42,73,78,87,52,62,70,65,107,105,101,116,67,41,75,,64,16,43,70,25,45,45,,71,69,7,105,97,120,112,,125,106,102,16,31,14,36,,75,,,63,,80,77,,30,43,50,86,,,39,58,25,16,76,47,91,54,23,64,24,47,61,51,47,26,78,64,70,42,23,35,37,22,4,,58,72,9,41,62,42,,9,44,36,74,107,109,128,118,137,,102,126,127,137,116,110,133,148,93,115,141,83,49,79,69,69,33,62,52,80,19,24,19,20,11,37,14,32,8,60,24,42,28,26,33,25,26,30,18,34,13,15,,6,1,22,6,15,40,5,29,87,94,76,83,93,64,68,39,96,97,66,77,52,50,57,7,12,8,29,18,33,5,3,39,46,46,48,29,26,15,23,51,46,51,52,45,68,61,67,74,82,37,45,43,,69,84,47,78,87,55,73,50,92,73,49,51,46,68,59,54,56,69,49,48,47,44,39,64,54,65,66,68,53,76,29,33,27,22,35,,26,59,99,85,101,78,80,92,104,96,80,82,99,93,121,105,115,87,99,72,,114,52,124,21,29,14,34,19,22,20,43,17,52,,30,21,38,48,128,35,42,58,40,56,63,78,34,51,37,52,31,,,4,11,7,1,20,34,28,29,34,29,35,17,30,30,33,92,6,17,31,83,79,86,70,83,94,74,71,53,78,74,122,113,123,106,115,132,110,105,92,107,111,113,106,64,131,21,20,16,37,110,113,116,40,63,82,66,,117,127,69,,109,31,23,27,51,36,112,,43,,71,105,83,66,101,103,117,119,106,110,114,97,,113,,104,94,79,90,111,113,116,93,122,,92,147,128,92,103,83,,43,29,10,21,30,51,67,83,82,85,63,44,30,46,53,53,15,59,52,41,49,2,8,16,79,78,78,47,41,48,54,38,53,18,12,8,64,48,60,50,43,50,65,40,11,47,41,10,3,96,111,114,52,56,56,57,60,46,64,86,,80,41,40,28,16,26,29,18,65,61,76,69,84,87,93,102,58,87,120,89,118,107,134,141,,119,82,131,84,127,97,145,84,66,115,155,176,151,115,169,178,168,141,134,139,138,139,,159,62,65,50,80,88,14,14,49,2,44,53,80,83,95,96,4,37,87,35,64,30,60,70,64,3,13,2,15,46,27,70,74,42,50,60,39,38,77,45,93,71,93,46,36,60,53,,30,44,63,23,58,75,83,45,82,46,11,53,59,5,8,8,13,40,12,24,18,60,33,77,60,69,88,48,47,48,49,,25,64,22,79,13,16,4,2,20,53,62,35,111,93,66,87,81,88,75,87,18,18,12,22,42,40,48,78,72,65,50,63,68,66,80,58,72,63,4,47,68,62,6,19,6,2,70,5,4,7,36,60,77,94,79,,81,111,102,44,12,42,13,28,18,75,34,29,15,6,22,65,14,4,10,22,11,9,2,41,27,28,14,101,110,79,86,,84,106,71,58,80,72,44,99,52,75,76,109,76,98,123,102,109,89,150,2,113,103,133,139,121,101,149,106,133,149,128,95,79,100,120,123,99,118,61,46,72,82,91,,87,,71,,,87,35,5,80,70,83,72,125,64,33,31,53,,93,38,72,40,53,36,64,,,91,60,34,58,64,80,65,78,80,88,80,4,20,62,19,82,32,21,82,79,35,48,76,50,39,42,,76,66,32,37,,24,21,89,98,84,10,,17,62,57,72,80,67,102,80,91,75,78,65,83,39,40,64,51,92,83,37,120,116,61,100,74,61,,150,132,96,108,193,95,119,140,72,74,55,35,109,92,109,124,74,111,92,55,37,69,37,41,43,29,66,12,66,33,50,63,74,73,65,31,16,29,42,17,60,63,4,,,40,7,34,48,51,75,45,59,,46,31,27,50,71,74,102,100,56,102,,45,60,10,54,63,84,104,115,65,8,53,23,51,,17,2,6,,57,42,49,93,39,71,28,,23,99,112,45,79,62,85,76,23,53,118,9,15,48,40,42,23,26,11,46,16,17,21,1,13,,39,68,62,16,10,,22,35,32,26,38,66,91,86,93,43,29,20,22,17,28,9,11,27,14,25,50,53,53,57,57,66,66,64,66,32,29,14,19,20,7,,18,16,41,46,43,46,47,52,50,31,41,45,30,19,70,98,72,85,80,116,90,127,49,42,47,66,64,57,57,94,,85,76,95,71,87,92,72,67,72,74,16,46,58,21,42,103,33,49,82,73,90,64,89,64,64,34,71,59,48,64,43,43,50,66,52,65,63,64,57,63,63,,,6,14,3,12,,2,17,22,22,21,26,77,39,38,44,42,76,76,86,66,69,22,2,10,14,3,55,43,40,38,46,14,36,30,1,27,36,32,40,,22,41,61,47,22,12,60,50,99,38,42,45,54,42,46,33,33,28,,28,39,29,54,115,16,78,95,91,82,99,82,11,60,19,39,54,52,52,48,54,54,57,55,40,49,46,45,69,47,59,,51,44,51,66,69,62,4,177,4,74,90,23,2,2,62,67,77,63,72,32,49,41,19,58,69,46,69,56,74,106,24,86,121,4,78,73,72,55,10,28,72,102,124,131,28,,56,,84,102,105,92,58,,22,56,23,,85,95,94,104,84,38,72,19,58,77,52,40,27,58,24,59,31,99,101,66,89,83,94,,27,10,47,56,66,27,5,2,9,3,27,21,51,48,,41,98,77,68,55,30,20,21,104,100,53,77,5,15,93,85,24,63,68,20,17,28,,76,73,66,46,90,86,86,101,10,47,5,30,29,23,56,16,22,15,5,131,137,53,50,95,15,17,44,4,6,72,61,21,2,,71,60,59,62,,33,101,106,67,90,38,23,23,78,4
20160416,2,O3_24h,146,94,149,168,158,136,126,98,84,62,144,126,,155,171,53,196,191,197,,171,128,190,130,106,206,,156,114,165,138,130,91,188,146,149,132,139,148,149,184,172,201,178,213,217,168,206,211,168,146,157,140,159,99,133,151,127,146,99,182,162,200,167,185,112,164,198,203,179,242,233,204,222,203,216,167,193,155,112,,90,117,110,104,117,114,164,103,95,118,67,89,92,90,88,94,153,152,,177,81,156,144,137,,175,150,138,138,143,159,158,154,150,141,127,134,115,108,137,112,127,145,133,122,151,110,152,116,,63,43,67,80,73,82,64,98,134,134,140,176,133,140,163,155,141,162,138,202,170,216,175,151,177,155,140,120,145,126,147,149,146,136,140,139,122,37,127,198,191,143,188,195,184,189,,120,187,161,199,121,133,151,132,165,140,181,118,173,172,100,148,143,159,121,137,121,,106,123,68,107,137,134,135,194,116,144,156,132,147,141,142,142,116,83,142,,136,118,131,165,148,139,130,,181,142,120,123,127,136,135,,146,137,104,79,78,53,82,,130,82,,180,,158,153,,152,128,142,126,,,100,105,113,104,126,103,125,127,96,116,121,107,170,140,127,123,114,165,133,129,71,120,148,124,143,,103,159,83,114,109,126,89,73,87,93,127,176,202,203,170,219,,187,209,130,140,116,111,133,150,94,119,141,235,144,237,195,210,148,165,161,250,96,121,112,103,114,138,99,121,108,64,63,111,96,89,80,82,77,77,86,100,13,15,,9,21,22,7,15,43,5,33,87,97,87,85,93,81,77,91,124,128,77,87,52,55,57,7,12,9,31,18,45,9,14,39,46,53,51,37,46,32,30,51,49,51,52,47,97,71,79,97,118,37,45,43,,99,121,60,88,117,126,137,111,113,157,75,96,101,69,93,70,101,71,86,110,113,69,78,83,104,75,116,99,68,118,93,89,95,80,85,,78,93,160,138,160,143,160,146,143,149,152,119,118,132,137,129,129,103,148,178,,166,164,161,96,129,134,90,116,92,117,72,56,78,,115,127,103,103,137,100,98,99,117,83,124,371,99,86,125,96,84,,20,42,90,49,109,40,82,60,73,90,102,82,94,90,74,84,183,77,77,52,115,104,118,96,111,128,101,100,90,113,110,168,152,158,152,131,166,135,136,175,222,215,152,131,88,152,121,128,106,76,206,202,210,134,147,182,172,,242,261,148,,219,154,90,149,120,236,181,,136,,144,205,171,170,218,162,149,182,137,178,119,187,,214,,190,192,158,189,233,215,247,123,157,,109,159,158,252,228,235,,98,90,19,91,78,104,134,138,137,138,112,94,67,119,108,111,112,78,89,76,89,69,60,66,128,126,128,55,50,56,73,54,75,19,12,16,113,75,108,89,90,89,123,58,12,94,134,65,91,138,158,169,121,100,91,107,137,92,142,189,,174,126,108,83,75,77,116,60,139,127,129,159,155,157,137,128,83,126,164,113,154,134,167,171,,152,136,160,110,163,140,177,142,129,127,173,189,157,143,196,178,169,144,137,139,141,145,,170,107,74,107,139,135,94,98,93,77,129,100,114,124,108,127,129,106,101,93,161,91,151,174,133,72,45,79,54,71,77,99,92,133,136,165,125,166,179,131,210,208,181,93,208,191,177,,168,162,244,128,219,167,167,87,176,131,146,132,137,63,57,71,55,63,69,68,57,104,100,129,132,139,140,116,85,76,86,,37,76,75,118,52,81,79,72,101,140,238,115,156,131,105,134,133,134,82,93,99,78,78,76,49,58,57,98,72,96,71,107,138,137,130,101,108,70,39,55,104,77,57,94,66,41,76,57,58,55,79,80,77,94,79,,81,145,131,113,65,68,70,119,129,90,125,99,85,97,98,100,74,66,65,94,83,90,75,65,90,82,158,113,119,89,99,,118,125,116,115,150,109,70,138,62,91,88,117,167,236,224,352,109,89,150,155,115,119,144,143,182,184,185,143,179,199,199,144,84,103,124,126,99,118,126,146,143,148,155,,128,,126,84,,138,85,16,147,123,136,166,245,135,90,150,129,,144,79,129,120,105,75,104,,,121,77,77,164,161,186,199,168,172,179,180,76,94,107,87,201,94,62,220,196,149,148,139,129,144,160,,158,161,89,72,,72,52,136,168,141,91,,52,122,118,99,111,106,142,90,94,124,123,104,101,60,94,110,116,136,125,42,130,121,115,132,93,77,,183,167,134,134,219,117,123,183,130,139,87,55,134,108,121,133,148,116,115,125,72,94,96,108,125,98,98,106,80,40,98,102,107,105,97,112,84,64,82,116,84,106,85,,,113,102,112,61,124,152,82,96,,106,75,88,86,337,92,110,196,200,200,,144,133,109,167,156,155,210,210,88,92,111,69,123,,32,45,20,,99,82,94,158,118,154,91,,78,142,256,91,106,106,174,85,181,141,200,97,74,89,70,61,109,103,140,138,76,84,84,81,80,,117,143,124,47,59,,65,74,113,89,129,85,115,108,119,56,71,67,83,45,106,52,59,80,67,75,82,88,88,84,57,66,66,64,66,119,61,61,43,51,31,,56,61,69,60,70,72,66,94,117,88,93,176,182,172,196,187,218,174,144,191,146,205,214,165,179,160,181,159,177,146,,141,146,169,177,181,181,194,149,169,176,95,112,129,41,98,146,69,105,145,119,132,116,134,129,123,113,92,92,75,95,135,129,164,196,96,110,101,104,109,130,129,52,46,67,64,57,71,64,36,72,69,74,63,64,104,83,98,72,86,76,108,127,90,125,74,64,53,59,65,85,97,61,60,68,98,99,104,92,89,42,63,106,,94,117,137,97,45,43,115,120,111,102,111,108,130,111,107,105,142,150,,58,97,102,168,140,249,149,144,100,96,108,128,38,87,47,89,104,98,101,102,83,87,93,88,91,104,78,83,96,73,83,,75,69,62,70,94,62,38,181,19,83,221,74,46,59,77,84,86,78,87,66,219,111,28,91,151,144,138,142,138,117,47,134,169,18,156,135,136,119,41,88,107,142,150,153,100,,90,,121,131,145,94,170,5,81,172,46,63,103,132,146,163,156,164,156,98,190,102,91,148,176,103,70,103,80,149,157,101,130,121,130,,87,28,70,135,124,78,81,79,80,117,123,63,119,56,,97,117,127,125,79,99,97,90,108,100,79,121,95,93,110,113,72,88,90,103,94,91,,109,101,139,116,146,112,142,118,60,86,102,85,82,64,105,72,60,50,103,157,176,59,57,134,45,48,118,111,133,200,135,152,84,166,123,71,98,117,94,113,107,106,156,150,84,81,93,160,5
20160416,2,O3_8h,72,80,75,75,75,58,47,49,56,43,61,86,,54,66,25,67,66,54,,46,47,84,63,37,73,,79,40,68,81,78,49,132,94,81,90,70,69,89,151,126,153,160,165,86,74,90,87,95,80,84,78,82,60,58,61,62,72,43,117,119,138,122,131,46,56,64,62,60,86,72,116,94,115,94,73,69,64,52,,59,58,53,40,59,72,74,71,80,97,54,67,79,74,74,87,121,110,,126,64,122,100,112,,136,138,121,128,136,149,148,138,143,122,107,93,87,85,102,86,109,122,101,105,104,35,58,65,,29,24,45,45,44,55,37,65,94,101,90,123,83,104,116,121,108,103,82,129,98,128,111,89,107,109,77,67,87,79,83,81,93,89,96,94,86,26,89,135,135,119,132,124,117,122,,78,111,100,45,77,81,89,96,97,72,119,69,91,107,58,89,91,99,70,85,77,,79,87,39,70,43,68,78,127,73,92,104,90,121,118,116,128,86,56,97,,77,46,59,80,54,71,62,,77,82,35,86,97,103,93,,115,96,80,23,32,11,39,,87,59,,83,,72,73,,64,63,66,92,,,48,61,52,48,93,59,93,84,69,82,50,64,102,74,67,57,80,98,91,37,26,42,52,30,16,,52,52,32,40,54,87,15,15,56,49,86,124,131,148,132,151,,123,137,124,132,112,98,121,141,92,90,127,126,72,113,87,100,59,84,81,95,38,32,39,34,31,58,37,49,33,52,33,50,48,34,50,31,37,43,34,35,5,5,,6,1,12,4,10,40,2,29,79,88,72,66,69,70,63,64,105,95,67,81,45,46,51,5,8,3,15,11,38,5,3,24,33,43,45,31,22,19,21,37,33,38,34,30,76,61,70,73,86,24,33,11,,75,86,46,75,87,68,87,54,84,70,36,43,41,62,55,56,48,63,34,36,38,43,33,47,46,52,48,58,42,61,24,30,28,25,29,,26,52,92,53,84,65,102,87,71,69,80,93,103,112,108,93,108,76,110,106,,133,82,140,35,37,29,44,32,30,43,61,33,57,,45,34,57,52,129,58,56,62,42,61,82,89,46,46,64,51,44,,7,23,43,26,48,32,38,32,32,46,31,37,30,38,31,40,130,17,17,30,84,81,89,71,87,97,77,80,61,88,91,143,124,140,122,115,133,110,113,126,148,148,131,114,70,134,37,37,31,34,122,121,141,61,73,92,82,,128,138,98,,147,52,32,49,51,134,128,,63,,75,124,107,97,131,104,106,123,100,118,108,104,,123,,114,118,97,124,140,127,145,74,115,,88,145,131,106,112,99,,36,27,7,34,28,51,74,80,71,84,60,42,30,47,54,52,12,53,50,42,46,39,26,20,82,71,73,51,44,49,58,41,56,17,10,7,62,36,53,26,31,26,43,44,10,47,68,26,34,121,133,142,58,62,56,76,75,53,78,101,,96,56,54,32,20,31,48,31,60,62,78,79,90,103,99,98,60,68,137,101,129,112,151,155,,122,110,149,99,145,121,160,122,84,121,165,176,139,124,171,150,153,117,117,110,119,114,,144,63,62,47,85,88,29,19,33,6,43,63,80,82,91,95,10,62,78,49,96,50,95,105,86,26,24,38,31,47,37,72,79,42,54,65,40,44,83,44,101,98,97,47,82,121,110,,99,78,120,44,112,95,105,53,91,56,30,54,68,11,13,14,18,42,16,13,22,61,66,91,85,82,100,22,35,34,30,,23,55,10,81,20,14,17,7,45,82,105,62,119,89,70,86,82,101,77,85,37,26,34,30,43,40,42,72,69,65,43,88,97,102,80,60,72,56,9,44,64,52,16,31,18,12,64,12,7,29,48,61,35,58,49,,45,112,105,56,30,37,35,50,42,57,49,59,45,34,51,67,21,6,6,24,13,11,16,50,40,46,33,106,111,83,83,,86,107,72,78,112,90,49,102,54,67,69,101,84,107,151,133,72,74,136,2,91,88,124,132,117,99,153,109,122,138,140,109,78,94,118,121,90,109,67,71,68,87,95,,91,,80,66,,84,55,9,104,89,101,86,143,78,50,67,62,,107,41,69,43,61,49,72,,,91,62,51,75,85,84,80,101,105,107,106,10,15,65,27,111,46,29,96,103,67,64,82,70,56,78,,85,89,38,43,,30,28,85,106,90,48,,29,90,75,81,87,76,120,82,87,82,78,68,71,33,51,72,63,103,94,39,110,111,72,113,76,65,,169,147,106,122,207,88,120,160,109,104,75,43,112,93,99,110,118,109,101,48,22,41,57,56,66,48,63,39,64,35,67,61,70,70,52,32,36,33,48,52,60,58,17,,,41,29,51,42,51,91,47,60,,51,39,30,48,95,66,94,133,89,146,,98,102,48,107,109,118,138,144,63,10,45,28,64,,17,15,8,,57,45,58,112,61,103,38,,34,117,132,56,76,69,110,80,85,67,135,13,21,52,55,51,29,36,17,65,22,34,34,30,38,,56,55,55,11,10,,41,46,38,26,58,71,94,89,99,23,38,33,40,24,53,22,26,38,31,45,56,60,58,63,51,55,58,55,57,17,24,15,14,23,12,,29,25,36,53,52,55,54,65,73,54,60,60,40,42,70,96,89,81,91,121,89,126,118,96,95,102,107,94,99,99,,84,82,97,114,119,120,122,103,117,124,32,59,70,25,51,91,36,60,89,67,78,66,80,75,70,35,45,41,32,40,60,58,64,80,56,69,62,63,77,92,91,7,7,21,26,16,29,19,12,31,35,39,32,34,82,34,34,33,35,58,66,73,64,62,17,15,10,14,16,57,42,46,41,54,17,40,37,30,32,18,25,25,,22,56,74,52,27,16,59,62,72,60,72,67,79,63,56,49,49,71,,42,56,60,90,108,17,98,113,95,84,97,105,23,61,31,59,72,66,65,70,55,53,57,58,53,54,49,50,81,58,67,,60,43,38,56,73,55,7,172,7,77,88,34,15,19,62,66,74,62,73,45,68,66,20,56,101,90,94,86,98,108,30,88,129,3,96,95,92,75,16,26,62,90,117,125,28,,64,,91,99,105,90,60,,36,94,29,21,89,103,92,111,88,95,108,34,80,87,75,54,84,67,31,67,38,123,128,74,99,84,91,,49,11,50,85,77,48,27,38,34,30,48,29,67,50,,66,93,73,72,57,38,37,43,99,93,58,89,31,24,97,100,43,58,65,55,51,57,,86,78,89,66,110,91,117,98,20,58,45,36,33,23,67,41,29,23,34,138,154,53,51,95,30,34,86,61,50,117,95,70,36,70,62,53,68,87,,64,102,95,75,89,59,62,34,92,2
20160416,2,O3_8h_24h,105,83,106,115,109,91,80,76,59,55,95,108,,102,118,37,116,121,127,,117,103,153,91,68,154,,122,86,139,115,103,71,159,132,120,113,113,117,128,166,132,159,164,172,181,139,174,175,143,126,129,116,131,85,120,121,107,114,91,155,142,174,150,164,77,103,116,131,148,205,196,185,189,180,172,127,150,120,80,,78,95,93,73,98,101,128,88,81,102,59,83,79,75,82,88,139,133,,160,65,137,129,123,,156,139,121,131,140,151,148,141,143,122,108,93,87,86,102,86,109,122,101,105,104,69,101,110,,58,39,59,75,64,75,52,87,118,120,116,140,118,126,138,145,131,152,131,187,158,196,161,143,165,145,125,100,123,110,127,126,134,124,135,135,114,34,117,175,171,136,166,182,171,177,,113,171,145,91,112,120,131,125,153,119,170,103,156,158,91,135,130,148,111,125,113,,103,113,60,89,95,112,115,192,104,129,139,118,141,136,135,139,108,70,133,,119,104,117,143,123,122,114,,147,126,100,106,115,112,119,,134,121,94,63,63,55,66,,116,74,,151,,129,136,,124,112,111,107,,,78,89,85,89,116,91,105,113,85,113,108,99,153,123,113,111,99,150,126,129,65,107,144,119,128,,91,132,64,103,85,117,75,63,78,76,116,167,184,186,156,184,,174,197,124,132,112,103,121,141,92,113,127,213,131,214,178,185,131,152,146,225,82,101,97,84,99,115,88,99,100,68,50,84,77,68,67,60,56,64,70,75,5,5,,8,9,13,5,10,40,2,30,79,92,73,66,69,78,63,78,117,111,68,81,45,46,51,6,10,6,16,11,39,7,7,24,33,43,45,31,26,27,21,37,38,38,34,30,89,68,75,88,108,24,33,11,,90,101,53,82,102,103,115,95,102,143,66,88,84,62,57,56,70,63,58,80,70,45,53,56,74,54,67,67,51,87,63,72,70,59,67,,61,74,132,122,144,123,146,131,120,132,107,111,111,126,123,121,120,94,141,162,,161,151,153,70,116,128,74,97,63,94,70,62,77,,93,120,89,76,131,92,89,86,63,82,116,174,93,80,117,83,79,,15,39,74,43,95,38,66,46,56,75,80,63,67,64,57,69,173,58,55,44,106,90,108,89,101,121,91,96,83,107,105,157,142,151,136,126,156,127,129,157,189,202,136,122,75,140,105,105,83,72,182,179,180,148,129,162,157,,195,208,138,,204,128,75,125,91,211,164,,113,,129,187,155,150,196,133,127,151,114,147,109,156,,182,,162,174,141,172,206,187,210,112,150,,96,145,141,196,190,195,,59,54,16,77,42,95,118,120,124,122,103,79,56,70,94,93,42,73,79,69,81,61,54,55,117,111,118,53,46,51,67,48,66,17,10,11,107,68,98,79,84,83,111,50,11,72,117,58,81,138,151,162,108,88,83,92,133,76,137,175,,156,119,98,107,90,76,104,55,85,85,96,114,109,125,125,119,79,104,139,102,129,115,151,156,,140,129,153,106,155,137,161,136,104,121,166,176,139,127,171,150,153,117,117,110,119,114,,144,91,62,92,122,120,83,80,73,64,114,92,104,113,104,114,68,102,92,79,149,80,145,161,125,64,42,69,53,69,61,90,95,87,99,114,84,113,134,87,179,177,157,79,171,171,161,,149,149,226,118,200,145,151,77,155,128,147,143,141,56,53,65,52,54,69,68,60,83,79,116,112,114,124,109,85,67,76,,31,70,46,117,48,67,68,54,84,122,179,106,138,106,90,108,109,117,77,85,85,64,73,69,44,48,46,81,69,79,60,105,122,134,98,74,77,56,29,44,91,64,46,94,58,38,66,34,35,46,68,74,55,66,53,,59,136,126,91,51,61,60,105,112,84,97,90,80,90,90,110,63,51,54,84,71,69,54,54,51,53,156,110,116,85,92,,109,121,108,111,134,105,63,127,59,77,77,108,149,200,204,214,92,78,141,147,110,113,136,137,168,161,179,138,160,178,190,138,78,94,118,121,90,109,111,127,130,117,120,,110,38,99,84,,111,78,13,133,114,124,150,224,117,79,132,112,,138,71,122,66,83,53,82,,,109,72,79,139,136,158,155,155,161,167,167,63,76,100,81,182,86,96,157,179,123,120,119,110,123,132,,134,136,121,71,,92,55,114,141,123,84,,46,118,113,97,105,95,136,86,88,118,116,99,97,53,83,96,104,132,119,41,127,120,83,120,84,71,,174,153,118,122,208,110,120,167,119,105,79,52,118,95,109,117,139,111,102,91,44,79,88,96,111,87,89,94,77,37,91,93,94,95,82,108,77,60,82,110,80,91,81,,,105,89,112,58,117,141,78,91,,87,64,84,78,292,66,98,178,172,187,,135,126,99,151,142,121,183,182,86,63,90,65,114,,27,37,16,,80,76,89,145,94,147,81,,71,142,184,74,86,96,166,80,139,112,181,88,41,74,63,59,93,91,127,126,61,80,81,78,77,,114,131,112,30,45,,51,100,140,97,106,91,122,113,126,47,74,64,85,46,92,39,52,69,59,66,84,92,91,87,52,55,58,55,57,119,46,47,36,46,32,,59,61,64,60,62,62,58,95,122,91,92,148,146,146,170,162,190,150,128,170,129,182,204,155,160,150,169,147,161,138,,130,134,155,155,158,163,169,139,159,167,83,103,115,38,90,148,60,94,129,105,116,102,120,118,111,95,77,76,65,80,122,114,104,130,88,100,91,94,98,122,119,42,39,53,50,42,57,47,25,64,61,66,54,56,96,72,83,65,78,58,89,101,78,120,55,58,39,50,56,77,74,58,54,65,91,89,91,87,82,26,42,79,,74,108,128,85,42,38,104,109,101,93,104,99,117,99,93,88,118,130,,54,80,82,143,121,165,133,130,99,88,102,124,34,72,41,77,86,81,83,88,61,58,65,66,71,79,65,71,82,58,68,,60,44,38,56,73,55,26,172,16,77,107,60,37,42,69,77,77,70,82,63,119,105,25,67,144,140,128,136,130,109,44,98,158,14,140,128,125,107,30,77,85,116,141,143,68,,67,,116,128,142,90,80,5,74,161,42,56,96,115,142,159,153,160,147,89,165,99,87,119,148,98,55,96,67,142,153,98,122,118,130,,85,31,67,126,113,67,74,70,69,103,111,50,114,52,,84,96,108,124,76,95,90,93,99,93,71,113,89,90,105,106,83,91,94,95,85,90,,104,96,135,118,138,109,138,109,44,75,95,78,76,51,103,64,56,45,98,149,167,56,55,123,40,44,109,101,126,187,122,140,76,153,102,65,84,109,86,105,102,104,129,127,78,78,69,151,4
20160416,2,CO,0.5,0.3,0.7,0.4,0.3,0.3,0.3,0.3,0.3,0.3,0.3,0.2,,0.454,0.538,1.162,1.213,0.784,0.942,,1.33,2.228,1.56,2.262,2.1,0.975,,0.468,0.835,0.252,0.677,0.653,0.191,0.639,5.024,6.294,4.24,5.979,5.013,3.216,0.725,0.635,0.747,0.729,0.784,1.002,0.779,0.915,1.35,0.641,0.705,0.581,0.776,0.454,0.957,0.234,0.475,0.342,0.567,0.687,0.256,0.384,0.194,0.325,0.349,0.141,0.081,0.34,0.36,1.979,1.806,1.665,0.861,0.533,0.804,0.824,0.77,0.868,1.031,0.385,,0.251,0.335,0.958,0.383,0.975,0.7,1.073,0.671,0.267,0.648,0.776,0.216,0.272,0.45,1.256,1.061,0.535,0.767,,1.1,0.662,0.844,0.666,0.722,,0.833,0.631,1.171,0.737,0.743,0.891,0.596,0.839,0.693,0.986,0.321,0.771,0.624,0.801,0.624,0.725,0.632,0.825,0.629,0.655,0.784,2.208,2.133,0.861,,0.774,1.075,0.593,2.013,1.124,1.099,0.782,0.538,0.292,0.392,0.564,0.27,0.752,0.314,0.362,0.553,0.555,1.259,0.537,0.281,0.494,0.736,0.904,0.638,0.249,0.779,0.366,0.641,0.506,0.605,0.474,0.522,0.774,0.724,0.592,0.626,0.571,0.725,0.348,0.761,0.78,0.777,0.608,0.757,1.201,1.237,,1.318,1.148,1.115,1.749,0.608,0.715,0.918,0.898,1.146,1.307,0.674,1.583,0.663,0.413,2.126,0.534,0.516,2.029,0.541,0.543,0.777,,0.564,0.631,0.512,0.776,0.934,0.824,0.517,1.298,1.804,0.7,1.767,1.095,0.534,0.586,0.778,0.76,1.668,1.297,1.88,,0.484,0.703,0.281,0.384,0.388,0.581,0.629,,0.606,1.051,1.01,0.478,0.415,0.476,0.464,,0.388,0.487,0.633,0.754,0.746,0.819,0.693,,0.263,,,0.642,,1.226,0.56,,0.972,0.75,0.983,0.36,,,0.563,0.485,1.229,0.574,0.437,0.64,0.256,0.196,0.516,0.628,0.73,0.665,0.646,0.816,0.801,1.415,0.781,1.061,1.583,0.667,0.414,0.898,0.936,0.861,1.035,,0.752,0.616,1.152,1.148,0.811,0.144,1.199,1.111,0.927,0.982,0.719,0.691,0.772,0.373,0.764,0.619,,0.56,0.538,0.685,0.67,0.712,0.562,0.43,0.443,0.262,0.949,0.571,1.526,1.247,1.721,0.804,1.197,1.475,1.276,0.834,1.096,0.895,0.528,0.92,0.668,1.247,0.976,1.079,0.722,0.952,0.999,0.687,1.452,0.826,1.002,0.844,0.82,0.813,0.709,1.068,0.979,0.727,1.143,,0.743,0.761,0.866,1.18,0.674,0.717,4.938,0.914,0.354,0.621,0.627,0.942,0.511,0.686,0.583,0.676,0.681,0.834,0.731,0.643,0.692,0.639,0.542,0.39,0.871,0.875,0.516,0.644,0.407,0.569,0.761,0.616,0.444,0.669,0.816,0.556,0.64,0.569,0.456,0.624,0.566,0.734,0.56,0.609,0.623,0.616,0.664,0.608,0.313,0.676,0.6,0.422,,0.975,0.832,0.995,1.02,1.032,0.919,0.708,0.828,0.344,0.53,0.46,0.457,0.524,0.149,0.235,0.123,,0.403,0.451,0.358,0.569,0.721,0.389,0.46,0.049,0.086,,0.019,0.727,0.369,0.649,0.846,0.557,0.615,0.865,,0.571,0.507,5.958,0.801,0.4,0.355,0.6,0.584,0.776,0.574,1.494,1.415,0.499,0.217,0.652,1.632,0.443,1.015,0.224,0.542,,0.166,0.602,0.499,1.571,0.857,1.629,0.729,1.237,0.911,2.386,0.811,0.781,0.468,,1.534,,0.703,0.219,0.814,0.608,0.569,0.636,0.445,0.956,0.986,0.69,0.654,0.652,0.709,0.487,1.147,,0.825,1.01,0.863,0.759,0.537,0.559,0.846,0.767,1.066,1.009,0.898,0.984,0.785,0.833,0.833,0.805,0.563,0.576,1.441,1.079,0.629,0.556,0.432,0.59,0.652,0.828,0.546,0.439,0.252,0.445,0.802,1.46,0.778,0.613,0.56,1.494,0.823,0.468,1.978,0.914,0.564,0.422,0.83,1.114,0.799,0.765,0.815,0.668,0.636,0.623,1.265,0.786,1.001,1.082,0.815,0.624,0.988,,0.887,1.299,1.675,,1.303,1.358,1.085,1.1,0.875,1.248,1.139,,1.101,,0.642,0.509,0.485,0.856,0.81,0.495,0.237,0.587,0.509,0.441,0.583,0.488,,0.537,,0.384,1.006,1.061,0.801,0.69,1.744,0.579,0.381,0.305,,0.408,0.83,0.509,0.816,0.785,0.702,,0.903,1.066,0.41,2.162,0.633,0.832,0.964,0.647,0.659,0.709,0.845,0.568,0.7,1.079,0.55,1.284,1.582,0.492,0.46,0.697,0.458,1.493,0.866,1.289,0.933,0.616,0.638,0.841,0.744,0.77,0.548,0.606,0.728,0.675,0.799,0.712,0.993,0.942,0.606,0.602,0.993,0.725,0.686,0.694,1.097,0.472,0.893,3.482,2.527,1.419,1.379,1.197,1.423,1.967,0.51,0.775,0.581,0.59,0.986,2.781,,1.507,0.693,1.136,1.754,1.548,3.122,1.824,3.079,1.65,0.447,0.678,0.634,0.303,0.413,0.469,0.662,1.914,0.518,0.956,0.687,0.83,1.069,0.801,0.581,,1.134,1.995,0.594,1.841,0.665,1.389,1.314,2.771,3.073,0.939,1.121,0.52,0.828,0.618,0.957,1.019,1.118,0.652,0.616,0.548,0.689,0.603,,0.613,0.821,1.041,0.183,0.635,0.488,1.372,0.538,0.59,0.955,0.535,0.821,0.511,0.534,0.685,0.682,0.466,0.542,1.434,0.468,0.482,0.507,0.586,0.447,0.971,0.968,0.732,1.117,1.874,0.679,0.872,2.059,0.908,0.938,1.918,2.204,0.326,1.229,1.757,2.053,0.836,0.886,1.619,1.37,1.825,1.447,1.992,,1.423,1.812,1.656,1.321,2.248,0.641,0.552,0.686,0.277,1.042,0.849,0.993,0.723,1.002,0.729,0.849,1.069,0.826,0.958,0.943,1.078,1.155,0.766,1.026,1.093,0.94,0.723,1.156,0.841,1.59,0.481,,0.52,1.754,1.977,1.191,1.615,1.896,1.358,2.29,0.7,1.215,0.68,0.927,1.05,1.088,1.265,1.176,1.363,0.982,0.759,0.546,0.611,0.743,0.606,0.541,0.482,0.338,0.275,0.533,0.268,0.491,1.359,1.103,1.195,2.211,,0.253,0.183,,0.419,0.194,0.388,0.207,1.116,1.086,0.787,0.926,0.328,0.341,0.824,0.5,1.176,0.518,0.621,0.715,0.51,,0.424,0.651,0.691,0.441,0.76,0.524,1.068,0.329,0.431,0.419,0.553,1.502,1.464,0.64,1.292,0.457,0.407,0.765,0.468,0.459,0.39,0.867,0.591,0.65,0.661,0.672,0.607,0.388,0.23,0.984,1.082,,0.48,0.287,0.706,0.558,0.861,0.834,1.038,0.402,0.353,0.33,0.446,0.563,0.667,0.583,0.839,0.987,0.507,0.429,0.427,0.047,0.558,0.351,0.432,0.307,0.798,0.121,1.421,2.569,1.141,0.372,1.136,0.773,0.569,0.437,0.788,0.759,1.217,0.778,0.41,0.907,0.667,0.626,0.573,,0.391,0.375,0.625,,,0.698,0.592,0.996,0.691,0.31,0.511,1.036,1.857,0.435,1.388,0.391,0.394,0.604,0.463,0.568,0.548,0.577,0.726,0.494,0.732,,,0.019,0.416,0.654,0.527,0.535,0.303,0.432,1.028,0.828,0.691,0.811,0.511,1.017,0.665,0.671,0.996,1.022,0.939,0.867,0.447,1.213,1.075,0.812,0.643,0.726,0.763,,0.565,0.351,2.028,1.607,,1.753,1.853,0.801,0.399,0.557,2.014,,1.327,0.595,0.632,0.339,0.342,0.795,0.819,0.293,0.217,0.337,0.484,0.416,0.376,0.148,0.613,0.57,0.856,0.453,0.601,0.387,0.515,0.159,4.13,1.985,2.821,1.574,,1.189,0.982,1.364,0.83,0.896,0.8,1.847,0.881,2.437,0.948,2.774,3.01,1.106,0.762,2.054,0.856,0.959,0.68,0.655,1.076,1.159,1.062,0.947,0.485,0.809,1.408,0.938,1.092,0.762,1.425,1.107,0.324,1.246,1.945,,0.68,1.46,1.187,1.154,0.875,0.611,0.464,0.201,,,0.76,1.461,1.228,1.523,0.767,0.936,0.181,0.237,0.348,0.358,0.436,,0.508,0.517,0.531,0.536,0.401,0.522,0.716,,0.68,0.356,0.51,0.827,0.485,0.799,1.236,1.186,0.694,0.92,1.736,1.938,0.413,,0.467,0.724,0.908,,0.309,0.564,0.411,0.508,0.5,0.49,0.707,,0.537,0.618,0.564,0.281,0.441,0.309,1.042,0.627,0.589,0.307,0.914,1.582,0.587,0.259,0.548,0.167,1.102,0.237,1.048,0.488,1.14,1.061,0.765,1.39,0.678,0.266,1.085,1.248,0.845,1.009,1.701,,0.939,0.558,0.904,0.628,0.661,0.55,0.566,0.499,0.52,1.091,1.264,1.415,1.265,0.941,0.796,0.727,0.574,1.09,0.667,0.593,0.736,0.887,0.882,0.589,1.347,0.925,1.348,0.722,1.071,0.062,1.051,1.228,0.756,0.941,0.853,0.754,1.353,0.986,1.312,0.973,1.318,1.629,2.262,0.804,0.434,0.357,0.358,0.971,0.831,0.701,0.712,0.068,0.652,0.787,1.253,1.053,0.807,0.669,1.547,1.718,1.99,0.919,0.766,1.358,0.962,0.549,,0.566,0.694,0.542,0.745,0.507,0.395,0.7,0.663,0.55,0.697,1.894,1.098,1.783,0.954,1.486,0.677,1.186,1.008,1.042,0.463,0.585,1.021,0.503,1.029,1.085,1.891,0.635,0.451,0.602,0.505,1.208,1.317,1.73,0.768,0.554,0.633,0.792,0.748,0.701,0.855,0.806,0.793,0.577,1.049,1.339,1.541,1.205,1.803,1.745,0.814,1.2,1.053,0.992,1.134,0.125,0.498,0.104,0.545,0.393,0.773,1.175,0.828,1.207,1.025,0.56,1.06,0.939,1.352,1.695,1.534,0.619,0.999,1.199,1.866,0.953,0.488,1.386,1.539,1.717,0.178,0.167,0.571,,0.73,0.839,0.578,1.192,0.956,0.45,1.196,0.936,0.844,1.154,1.716,1.035,1.456,0.915,1.031,0.949,0.612,1.439,,0.556,1.12,1.21,1.19,0.981,0.98,1.125,1.078,0.374,0.119,0.883,0.634,1.429,0.644,0.667,0.546,0.25,0.128,0.376,0.33,0.427,0.431,0.535,0.561,0.348,0.322,0.356,0.395,0.252,0.539,0.652,,0.399,0.312,0.44,0.305,0.432,0.223,,1.998,0.861,0.178,,0.808,0.763,0.661,0.299,0.15,0.281,0.234,0.267,0.258,0.776,0.041,0.822,0.388,1.332,0.504,0.287,0.533,0.542,0.442,0.462,0.818,0.427,0.353,0.83,0.692,0.508,0.573,0.105,0.768,0.302,0.472,0.682,0.361,0.731,,0.436,,0.577,0.277,0.363,1.077,0.122,0.266,0.618,0.318,0.356,1.062,0.515,0.761,0.851,0.361,0.696,0.202,0.754,1.711,1.339,0.533,0.406,1.298,0.762,0.126,0.043,0.684,,1.718,1.343,0.832,0.665,0.207,0.262,,2.895,0.588,0.333,0.288,0.452,1.465,0.958,0.895,0.712,1.177,0.47,0.985,1.052,0.256,,1.297,0.867,0.836,0.527,0.511,0.467,0.701,0.803,0.747,0.927,0.828,0.433,1.211,1.136,0.343,0.271,0.355,0.653,0.367,0.796,0.769,0.764,,0.903,1.007,0.907,1.202,0.578,0.299,0.384,0.573,1.152,0.439,0.77,0.262,1.158,0.319,0.74,0.481,0.233,0.83,0.293,1.052,0.52,0.31,0.245,0.522,0.604,1.471,0.945,0.932,1.283,2.067,1.724,2.816,4.653,2.623,0.16,0.727,0.99,0.832,1.062,0.564,0.796,0.202,0.728,1.102,0.568,3.737,0.824,0.736,0.875
20160416,2,CO_24h,1.046,0.685,1.125,1.125,1.07,0.995,0.855,0.995,0.77,0.865,1.025,0.855,,1.497,1.993,2.176,2.203,1.787,2.239,,2.226,1.516,1.5,1.815,1.134,1.558,,1.054,1.184,0.864,1.136,1.129,0.736,0.802,3.13,3.445,3.861,3.677,3.663,3.35,0.88,0.994,1.037,1.083,1.169,1.183,0.907,1.078,1.024,0.936,0.887,0.91,0.879,0.738,1.308,0.455,0.661,0.623,0.795,0.917,0.653,0.749,0.561,0.931,0.64,1.655,1.616,1.756,1.698,1.562,1.295,1.141,0.793,0.687,0.778,0.902,0.774,0.953,1.126,0.63,,0.509,0.512,1.278,0.671,1.292,0.95,1.478,0.622,0.658,0.824,0.347,0.372,0.442,0.633,1.367,0.826,0.649,0.924,,1.384,0.74,0.937,0.805,0.795,,0.888,0.651,1.278,0.837,0.811,0.943,0.675,0.88,0.72,1.067,0.421,0.821,0.662,0.813,0.681,0.758,0.619,0.962,0.614,0.753,0.773,1.245,2.038,0.693,,1.228,1.078,0.722,2.148,1.372,1.596,0.799,0.612,0.468,0.483,0.612,0.467,0.793,0.401,0.452,0.65,0.668,1.447,0.647,0.373,0.586,0.863,0.959,0.692,0.387,0.695,0.461,0.687,0.86,0.615,0.578,0.601,0.876,0.904,0.632,0.698,0.645,0.761,0.473,1.019,1.036,1.057,1.115,0.953,1.371,1.27,,1.31,1.058,1.306,1.26,0.678,0.932,0.972,1.046,0.889,1.823,0.773,1.773,0.906,0.572,2.362,0.989,0.84,1.048,0.709,0.829,0.74,,0.65,0.691,0.895,1.027,1.066,1.336,0.748,1.316,1.86,0.699,1.783,1.141,0.659,0.728,0.879,0.871,1.626,1.247,1.857,,0.539,0.49,0.311,0.46,0.39,0.642,0.674,,0.702,0.646,1.023,0.563,0.596,0.745,0.655,,0.48,0.653,0.828,0.871,1.048,0.952,0.799,,0.319,0.25,,0.731,,1.366,0.625,,0.639,0.609,0.977,0.449,,,0.655,0.6,1.203,0.598,0.403,0.623,0.284,0.178,0.477,0.807,0.757,0.638,0.524,0.827,0.813,1.292,0.775,0.944,1.585,0.564,0.285,0.775,0.772,0.796,0.814,,0.851,0.728,0.774,0.586,0.704,0.518,0.657,0.869,0.769,1.046,0.592,0.745,0.977,0.643,1.016,1.009,,0.803,0.692,0.726,0.742,0.783,0.678,0.575,0.542,0.418,1.014,0.889,1.669,1.434,1.902,1.051,1.201,1.558,1.411,1.064,1.223,0.648,0.736,0.832,0.773,0.873,1.009,0.841,0.806,0.793,0.854,0.572,1.403,0.765,0.953,0.839,0.803,0.855,0.66,1.008,0.92,1.006,1.405,,0.845,0.96,0.978,1.34,0.955,0.797,1.061,1.008,0.423,0.82,0.842,1.06,0.438,0.722,0.749,0.716,0.715,0.868,0.793,0.641,0.863,0.654,0.625,0.427,0.704,0.939,0.581,0.78,0.493,0.781,0.89,0.859,0.525,0.712,0.918,0.62,0.781,0.551,0.624,0.841,0.7,0.897,0.691,0.776,0.75,0.68,0.715,0.718,0.396,1.126,1.038,0.974,,1.06,0.915,1.101,1.049,1.033,0.99,0.812,0.93,0.357,0.624,0.536,0.537,0.623,0.402,0.692,0.41,1.186,0.769,0.809,0.411,0.892,1.079,0.743,0.767,0.35,0.502,0.375,0.306,1.129,0.707,0.796,0.973,0.637,0.736,1,,0.709,0.564,1.074,0.899,0.556,0.429,0.592,0.708,0.965,0.627,0.665,1.297,0.485,0.127,0.771,1.725,0.523,1.129,0.379,0.921,,0.188,0.425,0.535,1.565,0.922,1.414,0.865,1.178,1.076,2.477,1.12,0.918,0.7,,1.618,,0.638,0.191,0.733,0.695,0.574,0.554,0.584,0.958,0.794,0.67,0.547,0.56,0.708,0.585,0.68,,0.736,0.894,0.674,0.649,0.484,0.363,0.738,0.662,0.886,0.857,0.847,0.829,0.71,0.709,0.806,0.688,0.539,0.443,0.977,1.067,0.701,0.637,0.461,0.638,0.735,1.303,0.643,0.503,0.26,0.381,0.604,1.539,0.906,1.004,0.614,1.665,0.929,0.515,2.144,0.956,0.801,0.41,0.824,1.211,0.884,0.882,0.869,0.624,0.596,0.785,1.545,1.285,1.18,1.261,0.995,0.904,1.253,,1.136,1.63,1.571,,1.319,1.337,1.065,1.095,1.394,1.166,1.385,,1.294,,0.927,0.622,0.687,0.898,0.799,0.553,0.455,0.616,0.603,0.538,0.687,0.683,,0.775,,0.814,1.043,1.188,0.867,1.034,1.887,0.668,0.618,0.495,,0.443,0.842,0.622,1.004,0.92,0.904,,1.301,1.355,0.962,1.037,1.268,1.127,1.113,0.772,0.838,0.82,1.098,0.63,0.759,1.165,0.582,1.339,1.632,0.549,0.636,0.775,0.522,1.042,1.029,1.344,1.048,0.714,0.702,1.038,1.035,0.963,0.593,0.843,1.003,0.901,1.068,0.788,1.267,1.295,0.961,1.031,1.049,1.1,1.054,1.176,1.596,0.654,0.891,3.014,2.417,1.068,1.511,1.545,1.367,1.682,0.705,0.888,0.657,0.76,1.163,3.071,,1.931,1.131,1.373,2.008,1.985,3.254,1.983,3.375,2.597,1.155,1.279,1.225,0.997,1.058,0.62,0.806,2.071,0.878,0.937,0.651,0.799,1.327,0.952,0.615,,0.752,1.917,0.565,1.765,0.632,1.835,1.251,1.814,2.89,0.928,1.072,0.527,0.835,0.683,0.926,1.074,1.136,0.631,0.517,0.655,0.623,0.56,,0.442,0.99,1.298,0.346,0.659,0.702,1.35,0.548,0.814,0.913,0.477,0.966,0.73,0.698,0.831,0.876,0.549,0.538,1.5,0.534,0.599,0.599,0.787,0.443,1.133,0.767,0.601,0.79,0.84,0.609,0.743,1.677,0.601,1.762,2.916,3.006,1.884,2.138,3.325,2.929,0.751,0.743,1.427,1.212,1.406,1.843,2.23,,1.675,2.014,1.829,0.688,2.312,1.135,1.048,1.196,0.793,1.548,1.783,1.494,1.196,0.973,0.774,0.844,1.104,0.936,1.076,1.088,1.159,1.307,0.829,1.098,1.109,0.985,0.729,1.326,0.898,1.794,0.525,,0.502,1.873,1.082,1.091,1.458,1.244,0.96,1.623,0.969,1.354,0.851,0.955,1.047,1.187,1.347,1.325,1.456,1.072,0.761,0.567,0.573,0.897,0.558,0.541,0.763,0.555,0.507,0.818,0.551,0.645,2.344,1.002,1.158,1.606,0.161,0.56,0.314,0.293,0.584,0.456,0.533,0.427,0.979,1.049,0.733,0.875,0.595,0.519,0.927,0.413,0.869,0.912,1.171,1.009,0.848,,0.753,0.659,0.674,0.612,0.883,0.915,1.159,0.619,0.645,0.78,0.812,1.558,1.557,0.805,1.359,0.508,0.494,0.799,0.689,0.602,0.519,0.995,0.715,0.885,0.905,0.888,0.763,0.327,0.314,1.058,1.071,,0.488,0.28,0.388,0.335,0.795,0.723,0.997,0.349,0.431,0.698,0.568,0.621,0.79,0.742,1.002,1.136,1.069,0.483,0.539,0.37,0.682,0.464,0.462,0.406,0.712,0.249,1.545,2.667,1.204,0.453,1.329,0.772,0.721,0.548,0.875,0.833,1.337,0.823,0.478,0.986,0.737,0.826,0.748,,0.397,0.695,0.932,1.254,,0.891,0.687,1.015,0.972,0.798,1.156,1.128,1.908,0.47,0.682,0.429,0.468,0.648,0.483,0.597,0.59,0.581,0.671,0.552,0.841,,,0.036,0.572,0.53,0.615,0.517,0.373,0.685,1.173,0.92,0.798,0.938,0.674,0.887,0.71,2.135,1.55,1.947,2.027,1.406,0.787,0.93,1.327,0.866,0.616,0.991,1.037,,0.944,0.74,2.305,1.968,,2.08,2.142,1.249,0.739,0.838,1.572,,1.596,0.284,0.316,0.247,0.688,0.954,0.833,0.378,0.296,0.434,0.548,0.453,0.606,0.367,0.765,0.799,0.93,0.377,0.438,0.298,0.632,0.224,3.841,1.75,2.427,1.316,,1.191,0.985,1.339,0.63,0.709,0.564,1.594,0.604,2.11,0.48,2.483,3.099,0.992,0.753,1.347,0.969,0.975,0.979,1.42,1.199,1.341,0.887,0.829,0.653,0.911,1.391,1.03,0.973,0.725,1.705,1.307,0.488,1.42,1.645,,0.646,0.954,1.093,1.159,0.874,0.707,0.389,0.323,,,0.906,1.22,1.224,1.357,0.831,0.976,0.255,0.277,0.328,0.478,0.525,,0.586,0.683,0.755,0.767,0.545,0.644,0.847,,0.666,0.524,0.645,0.992,0.596,0.973,1.473,1.372,0.552,2.142,1.128,2.243,0.291,,0.435,0.643,0.356,,0.221,0.564,0.67,0.852,0.812,0.835,0.726,,0.566,0.752,0.785,0.551,0.576,0.389,0.93,0.72,0.864,0.589,0.746,1.274,0.416,0.327,0.822,0.244,0.819,0.101,0.896,0.277,0.909,1.022,0.801,0.929,0.701,0.23,1.079,1.332,0.933,1.159,1.388,,0.937,0.665,1.045,0.726,0.655,0.603,0.493,0.647,0.372,1.005,1.306,0.86,0.982,1.351,0.637,0.548,0.554,1.149,0.342,0.591,0.691,0.649,0.849,0.647,1.473,1.179,1.606,0.997,1.273,0.062,1.318,1.016,0.792,0.779,0.725,0.715,1.201,0.837,1.327,1.17,1.464,1.663,2.284,0.979,0.535,0.437,0.418,1.609,1.243,1.394,0.976,1.206,0.967,1.24,1.383,1.267,0.922,0.895,1.735,1.753,1.899,1.013,0.874,1.574,1.027,0.84,,0.775,0.987,0.731,0.886,0.651,0.528,0.827,1.057,0.744,1.085,1.464,0.916,1.733,0.844,1.257,0.812,1.417,1.248,1.277,0.747,0.967,1.006,0.804,0.948,1.096,2.003,1.03,0.793,0.946,0.785,1.263,1.316,1.731,0.997,0.479,0.564,0.735,0.636,0.864,0.895,0.828,0.733,0.971,1.02,1.131,1.157,1.015,1.196,1.389,0.846,1.104,1.066,0.968,1.117,0.125,0.6,0.189,0.757,0.507,1.137,1.228,1.143,1.355,1.222,0.607,0.753,1.135,0.84,1.222,1.522,0.873,1.112,1.298,1.803,0.94,0.477,1.425,1.431,1.499,0.168,0.408,0.746,,0.726,0.855,0.584,1.062,0.927,0.506,1.398,1.013,0.845,1.251,1.09,1.441,1.861,0.947,1.075,0.909,0.648,0.905,,0.84,1.107,1.276,1.239,1.183,1.026,1.232,1.131,0.231,0.115,0.871,0.658,1.468,0.776,1.029,0.605,0.405,0.259,0.541,0.465,0.584,0.672,0.66,0.752,0.41,0.428,0.492,0.446,0.471,0.675,0.893,,0.62,0.517,0.731,0.72,0.767,0.648,,2.129,1.112,0.313,0.188,0.891,0.885,0.945,0.494,0.287,0.487,0.412,0.421,0.407,1.454,0.073,1.311,0.543,1.386,0.482,0.434,0.607,0.813,0.45,0.665,0.771,0.803,0.505,0.893,0.678,0.528,0.701,0.167,0.868,0.66,0.659,0.639,0.586,0.749,,0.886,,0.618,0.428,0.416,1.068,0.181,0.317,0.666,0.396,0.417,0.88,0.593,0.705,0.795,0.364,0.625,0.362,0.894,1.529,1.043,0.549,0.716,1.328,0.883,0.125,0.111,0.773,,1.766,1.399,0.867,0.732,0.23,0.318,,1.806,0.494,0.412,0.283,0.49,1.59,1.009,0.871,0.762,1.327,0.428,1.193,1.212,0.375,,1.35,1.18,1.011,0.409,0.384,0.566,0.708,0.417,0.836,0.914,0.479,0.395,0.755,1.144,0.424,0.323,0.343,0.745,0.451,0.722,0.315,1.378,,0.931,0.995,0.686,0.827,0.605,0.346,0.363,0.981,1.122,0.57,0.308,0.248,1.351,0.326,0.704,0.468,0.126,0.567,0.188,1.107,0.634,0.411,0.419,0.577,0.841,1.309,0.977,0.347,0.598,0.758,1.476,2.299,2.634,1.047,0.887,2.173,1.191,0.964,0.938,0.575,0.803,0.233,0.693,1.085,0.479,1.16,0.824,0.844,1.067
20160416,3,AQI,32,40,43,29,31,35,20,245,36,35,31,28,,52,54,70,61,68,51,,57,206,162,88,222,64,,29,33,25,27,24,29,40,222,190,220,193,235,227,62,77,99,113,84,59,72,87,83,57,84,68,64,80,67,107,104,109,109,104,70,75,70,68,64,48,53,48,50,98,78,80,59,72,90,109,65,59,69,43,,22,38,15,31,28,55,33,365,183,173,181,195,382,180,169,67,82,75,,89,85,82,78,92,,93,78,59,55,58,65,64,55,63,70,52,77,72,62,62,59,62,58,66,59,74,56,48,57,,63,60,51,56,48,66,90,52,54,57,52,56,43,50,55,56,52,68,61,56,60,51,58,56,70,59,45,62,57,31,51,49,46,32,67,64,75,66,60,67,64,64,52,109,87,115,,103,99,88,50,55,57,52,41,55,49,49,48,58,53,51,52,44,60,57,47,64,,55,45,51,55,55,54,57,72,78,76,72,74,40,57,54,51,87,95,74,80,38,32,24,50,29,54,48,,53,26,33,50,34,38,37,,40,35,51,55,64,60,48,36,34,36,,55,,41,41,,74,76,70,33,,,29,32,42,54,49,36,21,32,59,53,64,45,59,53,55,70,57,53,64,16,80,58,58,59,53,,46,54,53,51,41,42,47,52,24,50,45,90,99,91,90,88,,95,88,56,60,48,58,51,55,55,67,57,29,28,30,27,35,31,33,29,38,50,62,58,45,55,62,62,46,60,152,70,55,69,84,69,62,70,67,75,59,52,55,,55,63,67,62,57,52,67,51,50,46,54,56,56,49,56,65,51,57,54,60,61,51,25,45,55,54,53,54,43,50,55,49,39,36,54,22,51,51,53,45,52,55,52,65,59,56,55,55,49,32,47,40,,72,68,70,68,68,78,81,75,53,52,70,56,43,22,18,18,26,20,38,28,18,27,25,20,19,21,23,22,27,30,47,41,43,39,39,,40,25,59,41,53,37,53,39,51,45,47,47,53,54,49,52,87,48,53,65,,53,138,34,54,43,40,44,49,43,55,24,35,30,,33,45,42,51,41,50,35,20,30,25,45,32,65,56,91,67,75,,94,109,52,63,71,19,62,63,58,59,58,68,60,61,64,62,56,46,135,94,136,152,169,155,147,143,95,81,97,91,88,92,74,77,72,55,55,,52,75,82,79,89,88,87,89,55,64,43,25,123,89,80,76,70,83,67,,113,96,106,,115,90,90,95,67,84,72,,75,,87,103,95,92,90,50,54,59,53,47,59,66,,60,,74,85,77,85,88,72,83,60,68,,50,64,54,83,73,83,,39,44,43,49,50,58,47,31,53,36,45,50,48,46,52,46,45,37,45,38,47,67,23,35,64,47,52,32,32,42,40,43,43,54,60,67,54,50,59,55,59,52,67,48,32,43,44,72,69,106,107,107,59,47,45,50,44,52,56,33,,46,29,20,39,18,31,19,32,28,20,23,20,26,27,129,132,132,100,66,69,70,79,80,66,,83,84,67,77,56,70,60,74,80,63,65,57,125,82,85,104,112,55,56,63,58,62,,74,33,80,26,40,50,58,67,39,93,80,94,37,62,68,63,42,28,33,40,51,58,52,51,45,64,54,39,30,29,52,33,18,42,53,58,45,52,49,33,68,84,109,102,97,40,64,,74,73,108,54,139,54,68,25,25,31,29,49,19,104,82,82,58,93,61,52,48,56,64,43,45,74,57,36,62,46,52,,32,46,26,32,90,122,93,130,49,57,57,57,109,90,97,79,100,100,50,52,46,51,56,42,13,14,15,26,23,21,45,39,79,35,25,22,25,21,32,26,29,20,45,59,57,65,30,29,26,56,55,29,54,34,42,,49,54,53,17,30,31,43,20,20,23,26,34,34,25,35,23,21,53,22,28,32,35,36,33,26,37,38,238,197,216,25,,53,51,67,61,24,21,34,34,15,121,117,127,73,73,90,100,86,67,54,59,45,56,53,54,61,57,53,51,49,61,64,74,48,53,57,47,50,50,52,64,48,62,51,,51,58,62,69,,58,45,57,55,54,51,54,60,36,42,52,52,93,92,56,28,51,51,55,48,,,55,54,60,48,38,48,41,66,54,62,50,62,70,65,19,,28,25,30,55,67,89,47,35,55,21,,22,20,29,32,,36,27,28,42,30,25,,28,58,60,55,78,83,98,49,33,127,109,123,400,394,87,84,97,213,185,55,57,54,135,141,127,165,,152,63,55,71,78,73,88,81,113,110,109,118,67,83,74,49,55,35,32,67,49,92,68,103,129,70,55,75,72,61,53,57,32,46,70,55,155,85,139,53,29,35,33,,,84,82,92,140,145,108,33,46,30,35,39,47,15,87,76,56,71,109,71,,53,27,42,31,51,98,115,100,60,87,72,90,58,,93,78,65,,44,57,23,54,46,58,88,,72,70,91,87,38,50,38,50,113,79,107,91,71,39,24,28,105,60,72,103,220,46,54,57,55,9,26,22,27,42,34,,32,55,64,65,29,42,39,39,35,40,100,125,80,93,90,91,83,77,76,32,43,45,64,57,29,29,29,30,41,43,37,42,43,87,87,104,110,85,26,19,23,20,23,30,42,43,39,179,83,102,46,69,73,58,118,109,100,112,30,33,25,20,26,23,18,30,,59,54,32,88,88,100,97,54,32,33,44,57,89,77,61,31,15,16,25,24,29,22,27,40,43,59,46,45,46,54,36,41,48,56,52,44,44,39,50,41,53,59,57,54,54,55,51,62,78,58,74,80,82,82,24,68,114,85,99,54,42,66,48,52,83,72,63,77,77,60,57,62,58,53,58,50,40,125,63,16,24,30,,54,60,55,68,68,62,69,63,77,89,70,75,78,63,49,65,107,150,,59,68,105,95,79,79,99,104,32,26,30,27,20,22,21,29,22,18,23,19,14,14,15,15,35,38,28,41,26,29,32,,28,31,16,19,41,19,37,72,25,24,30,13,16,11,29,20,33,18,24,56,55,66,58,51,19,18,21,24,23,31,36,29,37,25,28,27,26,42,20,54,25,33,44,41,36,,83,,39,46,32,29,26,23,63,79,55,53,41,57,82,93,104,84,82,98,143,42,44,67,54,23,17,24,23,41,28,148,46,49,78,,88,38,24,32,19,28,,38,17,75,78,75,83,14,,14,32,25,41,46,23,28,32,33,32,40,41,36,35,35,48,23,,21,47,47,19,,36,43,51,52,57,86,130,127,58,79,68,66,64,74,69,83,72,94,84,204,165,145,196,32,52,53,66,130,110,155,138,202,427,484,87,99,36,33,59,16,32,34,24,52,53,64,53,27,59
20160416,3,PM2.5,22,24,30,20,21,21,14,195,18,20,16,19,,35,29,36,41,49,34,,23,156,123,65,172,46,,20,23,17,13,10,20,28,172,143,161,145,185,177,35,44,49,61,42,42,,64,44,38,62,41,46,43,48,69,44,44,53,45,32,46,43,22,24,14,29,18,12,73,57,59,36,52,67,82,47,42,50,7,,4,18,5,13,9,17,9,37,48,33,29,48,38,46,41,45,44,52,,46,61,56,55,59,,59,34,26,26,28,25,25,27,27,38,25,47,52,43,44,42,38,41,46,34,43,37,30,40,,45,43,34,38,28,41,67,23,34,40,36,32,25,35,39,39,36,30,24,30,30,26,22,24,36,18,29,22,34,20,27,26,23,22,46,46,55,42,41,33,32,29,29,82,56,87,,77,74,33,25,33,28,20,21,33,29,26,30,30,31,31,24,20,24,30,23,21,,36,31,28,19,18,25,40,45,46,43,51,47,21,39,19,27,64,71,52,59,26,18,16,29,16,21,22,,36,15,19,17,15,15,14,,13,18,18,39,36,36,29,17,12,25,,23,,20,24,,52,50,51,12,,,20,22,29,38,34,25,7,14,23,33,29,31,42,32,34,34,35,36,37,11,59,41,41,42,37,,32,31,22,23,1,28,28,36,8,35,19,50,58,44,48,54,,71,42,18,30,28,25,32,22,33,29,38,9,19,14,7,14,19,21,11,21,35,44,39,31,39,44,44,32,43,116,51,39,50,62,50,42,51,48,55,38,36,39,,39,45,48,44,40,33,48,20,35,32,36,34,30,34,36,32,32,34,33,38,42,28,17,31,37,31,26,36,21,35,37,34,24,25,30,,26,21,25,31,36,39,31,47,38,32,36,33,34,19,21,28,,52,49,51,49,49,48,59,55,37,35,51,36,30,3,8,2,18,5,26,12,7,12,11,14,10,14,13,7,15,21,24,24,30,20,24,,20,5,5,24,14,23,22,22,22,20,12,32,27,21,24,28,34,26,11,12,,13,68,14,38,27,28,21,34,22,39,6,20,16,,23,26,22,27,22,34,9,11,21,17,31,13,45,28,37,35,49,,24,82,16,18,26,13,44,45,40,40,41,49,43,42,46,44,31,32,63,70,42,46,47,40,47,35,24,22,26,31,24,45,45,49,44,32,38,,35,50,60,46,66,39,50,49,39,46,30,17,93,66,59,48,50,61,45,,56,57,69,,87,58,67,71,45,50,46,,55,,39,77,61,68,67,31,38,42,31,31,32,47,,41,,44,55,56,57,39,47,61,43,35,,31,46,28,51,53,53,,27,30,30,34,14,39,30,19,37,25,26,35,33,31,30,32,31,22,31,26,29,48,13,24,46,32,36,22,20,29,17,24,24,35,43,48,38,35,42,39,42,36,48,33,22,23,30,39,40,63,65,63,21,23,11,35,23,36,31,20,,23,17,7,12,12,6,7,10,19,1,3,14,,1,41,40,65,24,42,45,45,50,54,45,,61,34,47,47,22,45,38,45,57,40,35,33,95,59,63,78,84,38,38,45,41,44,,54,20,59,16,26,35,36,48,27,69,59,70,25,44,49,45,16,18,22,26,28,20,27,21,31,33,35,27,21,20,36,18,4,17,37,41,28,36,34,23,49,62,82,76,72,28,46,,54,53,81,38,106,15,12,12,7,15,20,34,13,78,60,60,41,69,37,32,29,27,46,30,18,54,40,18,44,28,26,,22,32,18,22,67,92,69,99,33,29,32,40,82,67,72,58,75,75,24,32,24,35,36,29,7,8,6,6,7,5,21,20,25,13,7,9,10,11,22,17,20,6,23,31,40,47,14,20,18,34,39,20,7,20,29,,30,28,20,11,20,12,30,14,13,16,18,17,19,14,23,13,14,18,11,7,22,16,16,23,14,12,21,52,32,24,9,,16,23,22,26,12,9,1,17,5,25,41,38,53,52,66,56,41,36,30,28,24,25,31,33,,40,29,22,23,25,26,33,24,33,32,23,19,19,23,46,29,28,34,,25,32,44,,,29,23,26,31,22,23,28,43,20,19,23,17,69,68,25,19,22,24,25,23,,,39,38,39,19,20,14,25,46,36,44,35,30,51,47,12,,19,17,8,39,48,34,32,24,35,9,,8,7,14,17,,8,9,9,29,10,13,,19,26,32,29,47,61,59,34,22,49,39,42,62,53,64,62,72,41,38,27,27,22,103,100,96,125,,116,32,33,29,43,45,45,46,32,44,29,33,48,60,54,34,39,15,16,48,34,45,42,77,98,51,39,55,52,41,37,40,22,32,51,39,118,63,106,37,20,11,18,,,62,60,68,107,111,81,23,32,11,12,21,16,9,62,37,35,37,67,40,,25,14,13,10,22,35,60,35,41,55,42,60,20,,68,57,47,,23,40,5,30,32,41,65,,46,51,57,61,10,24,14,29,51,58,77,62,17,27,16,19,79,43,52,77,170,32,38,36,39,6,18,15,16,29,21,,13,39,46,47,14,24,27,22,24,21,75,95,54,69,59,45,61,51,47,22,30,31,46,40,9,15,12,18,10,30,25,29,30,57,59,78,83,63,16,13,15,14,14,20,29,30,23,135,50,51,27,50,53,41,51,49,59,46,14,15,10,14,18,16,12,15,,42,10,17,45,35,35,54,22,22,23,22,40,52,56,26,,10,9,6,2,2,3,2,26,23,40,30,19,4,9,16,22,23,27,27,23,26,27,24,27,27,31,40,32,31,32,30,44,57,38,54,59,60,60,,49,86,63,74,38,,27,18,32,61,52,39,56,56,43,30,44,28,25,17,35,23,95,44,6,14,21,,38,43,39,47,49,36,50,45,56,66,40,55,57,45,29,46,80,115,,40,49,79,71,58,58,74,78,6,8,8,4,14,15,10,10,15,11,16,4,6,4,5,4,11,26,12,20,18,11,9,,18,4,9,13,17,2,7,10,17,16,2,5,6,4,4,12,16,4,11,37,37,31,41,17,7,8,10,8,7,3,6,12,10,3,9,10,17,7,13,24,8,3,18,15,25,,61,,11,19,9,17,18,16,40,55,35,33,23,40,60,69,78,62,60,45,109,29,27,48,,16,10,11,16,10,4,11,,28,57,,43,26,7,15,12,10,,17,10,18,21,18,17,8,,8,13,10,28,17,16,19,15,8,8,28,21,12,15,13,10,11,,10,27,25,7,,13,30,27,18,32,,49,96,21,43,34,25,33,26,21,40,34,24,20,154,125,23,24,3,13,18,17,36,57,107,75,116,268,199,37,73,1,14,42,10,2,1,6,18,35,35,37,18,42
20160416,3,PM2.5_24h,59,44,69,61,57,59,50,78,41,48,58,60,,109,113,107,111,118,108,,108,119,146,122,119,113,,69,64,80,56,55,71,59,113,111,117,124,128,124,39,60,59,57,57,60,60,63,78,64,81,69,64,60,70,51,39,43,40,39,29,38,34,33,23,34,49,52,44,92,88,95,76,78,76,87,61,63,64,35,,28,33,23,41,32,46,49,31,32,26,22,39,21,29,24,39,40,46,,45,45,42,48,47,,52,40,35,38,32,30,41,39,30,40,35,47,47,40,41,41,35,41,39,33,40,56,54,52,,63,61,58,65,50,54,62,46,65,66,60,61,60,61,53,60,60,52,44,51,48,46,37,41,53,38,48,46,59,46,51,50,49,44,47,49,58,51,48,63,65,59,76,73,55,74,,64,62,80,54,65,57,47,53,64,65,55,61,61,57,68,52,46,50,60,47,54,,44,46,53,53,50,56,68,54,58,57,59,59,21,41,24,34,53,64,52,69,38,28,19,36,28,36,34,,47,26,26,31,39,32,38,,30,38,38,36,37,42,38,18,22,29,,43,,43,29,,35,52,45,27,,,26,26,33,28,29,22,16,19,22,49,51,46,48,52,50,53,51,47,47,26,39,35,34,33,30,,36,57,26,34,14,29,15,32,25,28,19,76,81,66,63,85,,95,69,21,33,40,33,44,36,46,47,38,62,73,73,73,76,77,67,65,76,31,36,33,34,36,35,36,31,37,70,35,36,37,41,32,38,39,38,41,36,32,35,,33,35,33,39,38,26,43,23,20,25,23,26,19,18,26,21,20,20,22,24,33,24,15,24,27,24,22,26,25,34,38,33,22,25,19,31,28,23,35,29,26,31,27,34,21,18,18,25,20,36,41,63,,57,54,51,53,52,54,55,62,31,38,46,36,34,11,37,21,30,27,40,31,32,33,33,44,30,36,36,27,37,41,38,30,33,33,36,,30,18,28,49,45,49,35,40,44,42,40,30,27,22,24,29,28,26,25,17,,31,105,21,45,34,36,28,40,32,52,23,46,33,,34,37,23,33,20,31,16,12,30,24,24,18,54,50,37,44,45,,26,45,20,18,29,9,32,33,31,33,30,30,31,29,32,32,39,25,41,76,31,38,33,33,38,27,25,26,23,26,24,41,43,51,43,35,40,,40,46,81,59,53,40,46,48,38,37,35,20,112,94,83,88,89,100,68,,87,75,88,,104,73,84,90,66,71,63,,76,,74,102,99,93,78,33,33,31,25,24,26,72,,62,,71,65,69,69,63,72,80,60,56,,31,30,28,72,58,65,,28,29,39,42,37,33,28,30,39,31,37,38,38,33,32,36,34,27,39,32,30,13,15,18,30,27,26,17,18,21,22,30,29,33,40,38,42,38,44,40,45,46,54,51,34,40,28,40,38,58,79,89,34,35,23,32,30,40,73,47,,61,57,38,53,39,32,21,46,56,44,73,63,39,31,37,30,36,26,39,42,44,49,54,41,,41,30,35,42,18,46,36,41,53,39,33,32,85,56,63,63,66,37,29,43,34,38,,32,37,55,33,43,54,42,45,55,59,50,84,44,49,73,48,33,20,29,43,45,39,48,41,54,25,27,24,19,23,30,25,7,96,142,124,140,123,115,120,69,69,104,94,86,90,95,,93,105,149,109,135,76,67,75,62,57,66,83,53,61,63,57,47,64,44,45,48,53,62,61,40,60,54,60,76,75,70,,52,68,32,26,46,62,55,70,58,46,49,58,76,69,72,66,74,74,23,32,15,18,20,18,36,25,30,29,28,15,27,18,24,18,26,46,35,37,29,27,22,20,13,28,23,30,15,33,25,41,38,37,14,18,35,,45,30,30,39,47,50,54,32,34,40,41,29,32,30,44,21,24,21,22,18,41,25,25,57,51,40,56,15,9,14,21,,20,22,30,34,14,5,22,17,9,34,30,21,68,75,101,80,45,33,39,50,33,38,31,32,30,45,36,41,28,32,41,52,44,39,34,24,22,21,41,57,48,53,60,,53,61,72,,,46,40,46,77,65,74,35,51,26,29,40,43,75,74,28,26,19,21,33,25,,,51,53,27,40,33,34,37,55,53,57,55,48,47,49,92,,81,85,88,83,51,52,48,46,41,45,,41,48,35,36,,26,32,99,75,49,26,,25,34,32,30,53,65,62,27,23,46,46,42,40,36,61,77,71,71,70,32,31,34,127,62,61,72,,63,29,42,27,39,36,37,39,51,44,47,40,45,54,44,40,40,34,35,62,59,43,42,87,91,42,49,41,39,33,28,27,28,33,70,41,89,69,81,50,23,25,18,,,88,62,61,115,113,86,19,19,19,53,49,21,18,87,65,68,67,93,71,,49,48,39,24,22,53,101,60,42,44,41,44,33,,53,44,40,,26,39,12,87,76,93,67,,51,61,90,103,49,44,39,52,62,66,50,61,29,47,34,34,55,46,37,39,99,26,29,31,28,6,25,25,22,22,18,,16,32,34,34,23,33,30,27,31,6,53,50,34,44,50,44,53,48,47,26,31,34,32,32,17,30,27,36,33,31,34,30,36,43,43,60,64,47,38,29,25,30,27,22,33,32,28,96,63,60,76,84,78,94,60,66,64,49,53,61,56,65,67,67,67,41,,78,47,37,75,73,48,82,61,57,58,24,34,50,46,29,31,36,50,34,33,39,44,31,26,29,45,44,37,52,27,19,28,30,26,27,23,24,29,29,30,32,51,48,39,36,36,31,42,53,38,44,48,48,48,82,53,83,70,78,41,32,28,25,34,62,42,45,32,50,53,51,53,52,63,45,52,40,57,55,33,50,54,,51,59,55,41,38,30,51,38,46,71,50,60,66,52,41,52,93,94,,39,51,76,68,57,49,79,80,7,6,9,8,18,18,14,16,12,11,17,12,23,22,22,23,21,31,20,25,20,28,27,,29,16,27,30,33,21,22,22,17,21,8,10,16,9,8,23,23,19,16,29,38,20,34,23,14,13,13,14,18,32,42,48,35,43,24,29,34,23,30,47,24,23,20,18,33,,43,,18,24,19,17,15,15,51,55,44,30,26,29,62,70,74,67,65,45,77,24,21,31,,16,13,14,16,20,26,27,39,23,24,,57,19,22,17,16,17,,17,17,26,31,27,26,17,,20,33,32,23,17,26,18,23,21,16,29,26,13,20,26,19,16,,16,22,18,7,,20,31,20,22,26,,36,44,22,40,21,24,26,27,35,34,33,27,23,32,55,18,14,8,14,16,13,21,26,43,48,92,150,150,137,52,20,18,27,10,7,6,7,20,17,20,43,48,34
20160416,3,PM10,,40,33,24,31,35,,,36,35,31,,,53,58,89,72,,52,,64,,,118,,78,,,28,,19,11,25,,313,305,364,277,309,317,74,103,147,176,118,52,94,95,71,63,75,85,63,110,62,164,157,168,168,157,90,99,89,85,77,48,55,48,50,101,95,79,68,68,67,,66,61,,43,,22,38,15,31,28,60,33,472,315,295,311,339,485,310,288,83,114,99,,128,120,113,105,133,,135,105,68,60,66,79,77,60,76,89,53,104,86,73,73,60,74,61,82,68,97,61,48,64,,47,50,51,61,48,82,87,54,57,,51,62,43,,56,61,51,86,72,62,70,51,65,62,89,67,45,74,64,31,52,49,46,31,83,75,87,81,70,83,78,78,54,142,123,122,,125,135,126,50,59,63,54,41,60,49,49,48,65,55,51,53,44,69,63,47,78,,60,38,51,59,59,57,64,94,105,101,94,97,40,63,58,51,112,106,98,71,36,32,24,50,29,58,48,,55,26,33,50,31,35,35,,23,31,52,55,78,69,48,36,34,36,,59,,41,41,,98,101,77,33,,,28,,38,53,49,34,8,32,67,56,78,44,61,55,59,90,63,56,78,13,,44,45,44,55,,32,57,56,52,41,42,47,52,24,40,45,129,147,132,130,125,,113,125,61,70,48,65,51,60,59,83,64,24,28,30,27,35,31,33,29,38,38,,65,39,57,,56,45,45,,77,53,50,73,52,73,65,68,57,67,,42,,43,72,,68,,54,63,51,48,,58,62,61,46,62,79,52,64,58,69,71,52,24,41,59,57,56,57,43,49,60,,39,34,58,22,52,52,55,45,54,53,54,53,68,61,60,60,,32,47,38,,82,73,79,79,63,106,112,97,50,54,53,62,39,10,18,18,20,18,30,28,18,27,25,19,19,17,23,22,27,21,47,41,43,39,39,,40,7,49,41,55,37,56,39,51,45,47,47,56,58,49,54,124,48,55,80,,55,226,28,55,43,33,44,44,43,,24,35,30,,26,45,42,52,41,50,35,14,29,22,45,32,80,62,132,83,100,,137,,53,76,91,,72,74,66,68,63,58,59,71,65,54,62,37,219,78,222,253,288,260,243,235,139,112,143,132,126,133,97,103,94,60,60,,54,99,108,108,124,126,124,128,49,54,31,,140,114,105,102,90,93,84,,176,142,161,,165,130,128,137,83,117,93,,100,,123,105,140,119,112,50,55,,55,47,67,81,,69,,97,119,99,120,126,94,110,67,86,,50,56,57,115,91,116,,39,44,38,45,50,66,47,31,41,29,45,42,40,46,54,42,39,37,43,34,47,,23,31,59,47,49,29,32,35,40,43,43,58,59,59,,43,56,46,49,42,56,34,,43,44,94,88,162,163,163,67,47,45,38,44,40,61,33,,46,29,12,39,,,10,12,,10,7,17,17,2,207,214,213,150,81,87,89,107,109,82,,103,118,83,104,62,89,70,98,109,75,79,63,127,114,106,107,100,59,61,63,63,69,,73,33,66,26,40,,66,57,38,128,77,77,37,44,60,,42,28,33,40,52,66,54,51,31,78,57,36,25,26,44,33,4,42,,43,45,36,,,63,62,116,,,29,,,,65,,42,,58,86,25,,31,28,,19,117,100,,64,,72,53,48,61,,43,45,76,48,36,62,46,53,,,42,,,78,140,112,172,49,64,63,62,94,98,87,94,100,99,50,53,46,52,62,41,10,14,13,10,15,8,45,39,107,35,16,22,16,13,,26,22,20,45,67,53,,30,21,25,61,,27,58,,,,49,58,55,14,30,31,,15,20,20,20,34,34,23,35,17,21,55,22,28,31,35,36,24,26,37,38,376,343,361,24,,56,51,83,72,22,19,34,33,13,192,184,204,91,96,129,149,121,84,58,68,45,62,56,58,71,55,56,52,49,72,77,98,48,55,64,47,50,50,53,51,48,74,52,,51,65,60,87,,66,45,64,59,58,51,57,57,36,42,54,53,80,82,62,,52,52,60,48,,,41,44,69,48,38,48,41,81,58,71,47,74,54,70,19,,19,18,24,,,127,47,,60,,,8,7,29,32,,36,27,25,,17,25,,22,66,69,59,105,113,146,,33,204,167,196,500,495,,73,88,359,319,59,64,58,186,232,160,185,,,75,60,91,106,96,126,111,176,169,168,185,67,116,87,48,60,32,32,74,42,134,85,92,98,60,47,72,69,71,53,61,28,37,63,57,232,79,120,56,28,35,33,,,68,,103,111,,94,25,,30,35,39,47,13,124,102,61,92,167,92,,56,27,42,31,52,146,179,149,70,124,94,130,65,,136,79,74,,44,44,23,58,32,41,101,,94,80,131,123,38,50,38,50,175,69,163,132,91,27,22,,,,,,,46,50,64,45,6,21,19,27,36,34,,32,40,72,56,29,42,39,39,34,40,92,97,110,100,130,132,95,104,101,30,41,40,56,57,11,17,15,18,41,,37,41,36,124,124,110,102,103,26,15,23,19,14,30,,,39,,115,153,46,,78,63,186,167,150,173,30,33,24,18,,19,13,22,,,58,,126,125,150,143,58,23,,44,63,128,,71,11,11,15,8,13,15,17,8,40,43,67,46,45,46,58,36,41,48,62,53,44,44,38,50,41,56,68,56,58,57,59,52,62,64,66,89,82,70,82,,85,140,108,114,38,42,81,48,53,78,72,75,75,87,,64,62,66,56,65,,40,163,76,16,24,27,,58,53,52,85,64,73,64,74,73,89,89,76,88,66,49,79,116,150,,68,86,115,118,89,98,99,132,32,18,12,6,,22,21,29,17,15,,19,10,7,7,7,35,30,28,41,25,29,32,,28,31,16,19,41,8,37,27,,,5,13,15,8,29,20,33,18,24,61,59,82,61,51,15,14,13,24,18,14,36,29,30,25,22,20,26,42,20,58,12,8,44,21,36,,84,,39,46,,26,22,,76,108,59,56,41,,79,97,137,100,99,145,141,35,44,50,57,21,17,24,,41,,246,46,49,,,125,,24,32,,28,,38,17,100,105,99,116,,,,18,10,41,46,17,26,32,24,20,36,41,36,35,35,48,23,,17,47,47,15,,36,37,51,54,64,121,209,,66,107,86,82,78,97,87,115,93,137,117,,,240,341,9,53,55,82,209,169,259,225,351,527,584,124,148,36,33,67,16,10,9,20,54,56,77,,27,44
20160416,3,PM10_24h,,87,110,103,94,113,,,77,84,111,,,180,187,172,165,190,170,,203,196,243,191,175,168,,116,147,152,126,110,142,201,224,217,260,227,241,234,89,110,119,133,144,129,142,186,170,119,160,144,198,179,161,159,134,171,160,154,73,92,74,103,66,112,102,111,101,163,174,158,188,172,146,140,134,149,89,118,,77,94,81,97,93,157,138,126,115,115,108,109,128,102,90,62,87,86,,101,87,84,81,98,,116,119,77,72,69,71,87,69,72,81,56,93,83,70,74,66,58,65,66,62,85,82,80,86,,84,95,88,96,70,83,96,80,97,84,101,99,96,104,86,102,94,151,128,138,137,118,108,141,159,120,100,107,111,91,110,119,99,89,89,101,116,101,100,130,126,109,126,192,137,158,,165,177,203,118,128,131,133,110,169,110,125,113,128,136,130,131,134,150,148,119,143,,119,131,127,128,132,149,158,115,127,126,114,129,51,92,67,69,123,113,119,107,61,46,25,68,46,76,64,,98,46,44,76,67,70,75,,45,65,85,61,77,75,63,38,48,56,,95,,90,54,,82,81,72,54,,,45,47,51,52,44,32,30,33,42,99,130,105,99,120,88,120,115,101,119,49,63,54,63,56,63,,52,79,52,55,47,37,50,53,44,43,52,183,257,214,205,224,,194,217,65,77,55,70,57,65,65,91,121,164,167,160,141,153,145,165,151,140,54,63,72,63,69,61,67,71,75,49,56,39,37,52,36,57,55,46,46,56,48,50,,53,53,38,63,49,39,53,39,35,34,35,41,32,25,45,39,36,33,38,40,55,36,29,32,43,44,42,41,42,47,64,38,36,31,30,36,47,40,48,40,37,41,40,43,32,30,28,36,36,59,64,85,,87,82,91,89,84,101,110,110,47,69,70,65,60,47,44,38,37,38,49,45,43,52,61,53,42,49,46,41,58,47,66,47,43,44,49,,49,27,85,109,105,84,96,83,86,95,103,53,59,49,53,61,70,55,92,75,,64,169,59,104,80,74,73,101,93,133,133,62,100,,89,95,68,74,46,70,51,21,54,41,46,53,112,120,117,103,97,,80,95,50,82,76,51,52,57,47,48,44,42,45,49,46,46,83,35,109,92,133,160,169,147,147,129,110,95,107,99,101,110,83,90,78,63,66,,58,99,99,88,93,109,103,112,57,58,49,39,251,198,197,173,148,175,129,,223,200,243,,219,197,187,208,131,165,165,,177,,195,159,187,169,157,124,106,81,67,65,77,134,,132,,165,161,135,184,162,168,167,92,91,,67,83,85,228,158,254,,45,42,48,44,47,51,50,39,43,46,56,56,50,57,50,53,49,50,58,45,58,14,21,28,41,36,37,20,22,25,38,46,45,52,50,57,53,53,53,52,52,55,62,64,40,65,51,80,77,171,193,205,120,96,107,102,86,88,118,128,,139,123,86,151,70,85,72,60,141,126,207,167,69,56,184,161,150,116,69,74,81,97,99,69,,82,87,64,77,53,81,58,83,95,65,58,57,113,120,116,117,113,57,42,68,57,51,,43,72,72,72,76,55,77,73,96,112,60,100,71,73,102,72,57,38,57,73,90,95,106,103,88,61,51,44,31,43,54,42,12,207,306,245,173,211,250,248,142,75,206,120,93,152,139,,134,211,227,221,197,156,152,163,136,119,143,255,121,98,103,89,75,100,84,84,72,89,86,95,68,87,62,93,144,89,114,,82,97,48,37,64,95,83,113,80,77,79,92,102,120,95,99,124,99,51,48,29,31,32,28,45,42,43,43,49,26,78,40,73,38,45,65,50,38,46,51,45,37,43,55,39,51,32,44,38,59,47,45,70,23,52,,63,75,88,83,103,105,116,79,71,79,90,69,59,68,105,37,38,57,40,51,57,61,50,130,80,107,141,60,71,62,72,,90,85,185,133,26,19,58,40,33,137,119,120,171,178,189,221,125,89,62,73,65,67,86,83,127,80,100,114,93,99,143,159,82,82,68,48,41,51,122,104,118,115,130,,99,130,121,156,,135,96,121,142,140,153,86,79,63,67,88,92,95,94,74,75,48,47,61,58,,,78,91,44,75,56,64,68,126,111,124,107,83,77,71,137,,128,151,159,131,81,139,118,75,80,82,,72,100,74,65,,85,71,96,82,101,48,,56,144,118,127,142,142,160,64,58,159,163,173,122,117,84,106,93,475,391,81,78,73,155,150,119,161,,46,70,69,84,89,77,96,87,125,99,104,117,73,121,94,55,59,60,65,103,84,100,67,119,121,69,68,63,53,58,52,48,39,42,93,55,149,90,108,59,35,52,33,,,105,67,112,146,166,102,35,26,38,82,84,40,26,131,164,105,140,228,130,,77,88,66,77,84,134,191,146,88,107,81,90,57,,97,73,61,,34,43,32,149,125,137,110,,116,110,151,149,98,106,83,97,167,108,106,101,78,68,44,43,58,47,66,47,46,40,42,46,41,8,36,29,34,28,30,,25,43,56,52,40,60,47,56,39,30,79,65,62,71,77,87,74,89,82,34,49,50,47,51,26,45,44,50,40,28,47,36,41,78,86,82,83,72,51,38,38,38,31,34,35,37,39,153,140,158,163,182,173,182,217,189,209,219,111,125,109,131,141,138,136,94,,146,153,91,150,155,136,182,117,112,130,50,56,103,56,63,51,76,93,61,60,67,57,57,43,56,76,77,77,78,79,47,51,47,55,45,48,49,42,51,45,62,80,66,52,57,69,44,59,58,59,61,62,61,63,,81,132,112,116,44,52,61,49,49,89,63,75,46,76,75,86,89,94,74,62,59,86,81,79,58,77,94,,72,68,67,75,58,61,78,71,72,98,102,83,98,67,59,83,143,133,,66,80,112,113,99,102,103,129,29,25,16,21,33,32,26,29,23,20,23,21,38,34,32,36,33,41,39,49,36,45,54,,47,53,38,40,56,47,57,44,34,42,13,18,24,14,24,36,40,40,38,44,51,69,69,88,26,25,25,30,43,61,118,98,99,65,48,47,52,55,81,109,41,43,53,71,51,,78,,35,73,60,32,26,15,88,119,64,58,51,55,92,114,182,108,111,143,125,38,51,49,60,28,23,27,26,62,,225,55,46,43,,181,40,43,43,,26,,25,27,80,83,79,84,41,,35,91,64,53,57,21,28,36,31,30,51,51,33,41,70,70,40,,39,40,29,11,,57,58,45,55,60,83,122,65,74,122,72,86,73,99,97,91,136,130,107,153,216,71,57,25,64,60,61,95,106,137,195,274,325,304,166,172,51,37,67,27,16,14,25,54,41,49,59,98,52
20160416,3,SO2,2,2,2,2,2,2,3,4,2,2,4,2,,8,14,4,20,14,11,,15,21,16,18,17,18,,6,8,4,16,8,8,20,103,98,91,87,109,100,19,20,13,13,8,15,11,13,379,14,10,9,3,5,8,9,6,12,3,7,10,8,14,12,13,7,5,5,2,29,13,26,14,33,11,6,7,22,40,8,,6,25,5,8,11,7,15,9,6,4,12,5,2,8,8,10,46,17,,20,19,16,17,26,,12,6,36,9,7,7,11,4,17,14,6,16,10,10,7,9,7,11,9,17,11,19,21,24,,8,33,29,31,18,8,11,12,12,12,10,10,10,11,10,10,19,18,21,22,17,20,6,19,21,12,21,11,16,13,10,18,10,13,16,18,26,15,12,19,19,21,19,27,26,22,,38,18,123,16,25,62,29,13,17,23,12,8,14,12,16,13,13,39,29,16,20,,23,27,30,5,6,17,21,27,19,13,13,14,5,16,11,7,41,36,15,31,4,5,9,18,3,4,6,,18,5,3,6,7,8,7,,6,9,9,4,4,5,10,9,6,,,23,,9,10,,8,3,2,7,,,9,11,6,11,8,12,1,4,22,13,17,43,15,18,21,20,23,13,16,2,4,7,4,2,5,,4,8,15,14,3,3,15,26,8,19,20,26,18,18,22,35,,28,23,20,9,22,7,32,16,12,12,9,16,13,15,9,7,17,11,18,11,71,4,12,14,11,8,,7,8,10,10,14,8,6,12,19,8,13,7,7,3,4,,10,17,10,22,3,5,19,7,6,3,6,4,5,7,10,3,6,4,11,6,11,4,2,15,9,14,3,20,7,7,6,12,2,17,146,8,13,6,12,2,4,4,4,8,7,4,5,7,2,17,12,10,,7,10,8,10,5,9,7,8,5,3,4,3,10,7,5,10,6,4,4,10,9,5,4,4,6,6,6,5,16,17,4,10,12,7,6,,11,8,7,3,1,3,4,1,23,12,1,17,9,96,6,9,13,9,4,6,,5,11,7,16,6,3,21,3,9,11,10,9,3,,11,9,5,5,5,10,4,4,10,11,4,13,30,16,9,41,31,,2,40,9,12,8,4,22,16,24,26,21,10,10,14,8,36,13,5,169,10,8,6,4,6,8,6,31,8,13,7,13,27,13,11,8,21,8,,6,20,18,10,8,8,10,15,14,11,4,5,25,20,25,6,15,21,9,,13,20,23,,24,77,72,65,17,22,23,,26,,19,11,22,16,32,12,9,5,8,4,20,19,,7,,9,46,46,38,46,16,45,11,7,,12,7,9,29,56,42,,16,12,8,19,9,15,11,2,8,7,12,2,13,9,3,12,8,10,3,3,5,3,3,8,8,8,10,4,4,9,2,2,3,6,5,7,19,19,10,5,10,5,8,23,25,2,13,29,22,45,57,58,12,19,12,12,20,14,11,11,,18,10,3,6,2,3,6,18,5,2,15,16,24,5,12,10,8,12,7,12,17,19,18,11,,37,31,12,17,10,35,12,32,105,23,11,9,37,84,23,35,39,12,10,14,11,11,,10,7,7,15,3,13,13,30,22,16,6,7,12,9,3,11,10,6,45,9,8,3,13,11,9,7,8,7,5,25,24,84,7,16,6,10,23,6,15,3,12,13,17,16,12,12,11,,13,31,24,5,32,11,20,5,9,16,12,12,11,6,8,3,19,12,12,9,41,3,21,17,4,6,36,10,10,6,10,,3,5,3,3,25,60,34,24,8,5,8,9,8,9,11,9,15,9,1,2,20,19,22,10,6,17,19,3,16,13,31,31,72,8,5,5,7,11,6,7,5,5,9,10,14,8,6,4,5,39,39,5,2,2,1,,2,16,42,12,5,6,2,4,6,7,10,6,2,5,5,3,2,3,1,5,3,1,2,17,2,9,12,4,4,1,17,,5,20,101,87,3,17,2,2,1,4,2,5,21,21,20,25,6,6,7,1,9,11,5,6,16,7,10,12,13,20,12,12,4,19,13,11,2,17,11,13,14,11,14,,12,15,14,31,,12,8,20,29,19,15,26,18,8,12,12,7,12,16,19,4,8,7,12,12,,,4,4,9,11,11,10,6,16,13,26,13,5,10,6,9,,8,11,3,7,48,64,50,20,30,13,,15,10,3,5,,12,11,7,21,9,13,,14,9,2,9,16,17,12,2,3,38,7,9,33,32,6,6,42,21,16,25,2,6,34,29,34,36,,5,6,5,12,23,19,20,19,35,12,20,10,17,16,14,16,10,2,4,31,4,15,11,7,3,5,9,3,7,13,32,8,6,4,3,2,7,8,7,3,2,1,10,,,3,7,3,14,18,27,14,18,36,12,7,18,14,11,23,23,8,36,13,,18,14,24,25,18,7,30,30,6,8,29,13,13,,42,5,6,,36,16,5,7,5,7,,,14,15,36,21,12,5,10,8,40,10,28,10,8,12,11,10,6,4,6,16,3,12,31,13,14,2,2,8,6,4,12,,7,2,3,4,1,3,4,1,3,7,17,31,36,29,42,29,56,40,45,3,39,80,93,61,12,6,3,24,5,4,12,17,17,15,14,11,40,53,10,7,4,3,4,21,61,39,60,21,18,23,17,16,32,23,33,44,17,17,19,19,14,10,69,23,12,24,,38,19,5,60,44,52,31,21,18,17,7,2,3,10,2,10,6,24,17,3,2,20,9,7,37,17,18,16,7,3,4,6,5,11,10,2,4,2,3,2,5,5,5,13,10,10,14,9,7,6,31,24,44,32,43,44,15,15,12,3,3,4,3,12,30,33,15,36,31,,3,4,7,8,26,13,61,23,19,5,7,8,,4,1,4,13,4,3,12,27,15,30,18,3,16,39,110,92,9,18,,10,5,5,6,32,19,8,15,3,9,8,1,7,9,5,6,3,10,6,3,3,3,4,4,3,17,23,21,20,25,7,,18,10,3,35,5,1,5,4,6,3,2,5,5,2,15,17,7,19,28,11,2,11,5,18,7,17,2,8,28,7,4,13,5,4,19,17,9,1,12,2,10,10,25,7,5,,15,,1,3,9,9,13,3,3,14,6,9,11,11,23,17,30,13,14,7,9,6,10,2,3,13,7,19,3,5,8,6,6,11,4,,20,8,9,10,7,32,,7,8,2,3,1,3,6,,3,1,2,7,5,10,11,10,3,3,11,14,5,4,12,7,2,,2,3,10,4,,9,19,14,21,23,11,6,19,1,30,8,1,24,4,5,10,6,9,6,2,6,1,3,,6,7,9,12,8,9,3,13,20,11,19,13,1,8,20,5,1,3,12,9,15,217,11,27,13
20160416,3,SO2_24h,17,9,17,16,20,14,16,16,10,11,19,12,,32,39,32,37,27,44,,33,30,32,36,22,33,,45,35,40,45,42,28,40,101,86,86,91,100,107,25,31,15,23,26,43,32,42,86,28,37,35,34,34,42,13,9,17,11,12,18,15,22,25,20,33,33,35,30,81,17,49,36,48,35,39,30,62,62,19,,18,18,26,16,17,24,28,20,16,12,20,9,5,12,12,11,42,24,,26,25,25,18,30,,22,9,26,11,10,10,15,8,19,24,9,22,11,13,8,12,9,15,11,19,14,22,23,26,,16,37,30,30,30,16,48,19,14,14,12,13,9,12,14,13,21,23,21,22,21,22,7,20,14,12,15,10,18,14,9,15,12,13,19,25,32,17,15,19,18,24,31,29,27,19,,37,18,141,20,35,70,34,18,18,26,16,12,17,19,23,22,19,35,25,26,22,,26,31,30,8,15,23,28,20,25,10,11,13,7,13,13,8,39,25,10,18,9,7,10,20,8,10,13,,21,8,7,13,13,17,14,,11,15,17,10,9,12,14,7,10,7,,29,,19,14,,12,16,8,10,,,12,14,8,13,9,15,3,5,10,23,16,37,14,18,16,15,15,13,22,4,4,8,6,4,5,,5,8,6,4,6,6,11,14,8,10,6,25,29,22,27,41,,32,27,22,10,19,8,23,17,10,12,16,25,23,27,20,13,24,19,23,22,11,11,10,14,14,15,10,14,13,22,8,13,8,6,11,16,8,13,9,6,5,7,,11,12,14,23,6,5,20,7,5,4,5,4,18,7,13,2,6,5,10,6,7,4,3,13,7,10,5,14,7,7,5,5,2,12,9,6,7,5,12,5,4,6,4,7,7,3,5,6,2,17,36,11,,7,10,8,9,6,10,7,9,5,5,5,5,11,5,5,9,7,4,6,8,15,8,9,9,8,9,8,5,9,14,4,9,8,7,6,,9,9,7,7,6,7,6,6,14,8,7,24,9,35,19,13,19,20,4,6,,6,12,7,17,9,5,8,5,8,12,11,15,5,,6,11,3,4,5,5,4,8,16,13,6,9,27,12,15,21,12,,3,15,9,13,7,9,52,20,32,48,35,10,10,13,8,33,13,4,66,11,9,10,7,9,13,9,15,8,9,4,8,20,19,14,12,24,15,,16,25,24,17,11,14,11,21,10,8,6,6,39,29,28,6,15,22,10,,32,38,36,,35,62,47,45,24,43,26,,26,,16,18,18,14,37,15,11,7,9,8,27,31,,10,,17,27,47,34,49,20,35,10,5,,21,11,13,30,70,39,,35,10,10,11,13,18,8,3,8,8,22,2,9,9,4,11,8,11,3,3,5,3,3,8,8,9,10,4,3,7,3,2,3,8,6,9,14,13,9,7,7,4,9,24,26,8,16,28,32,26,38,41,22,26,21,20,25,20,19,14,,20,12,16,7,10,2,10,11,35,29,39,37,55,26,15,12,12,11,10,14,20,29,27,14,,31,20,7,15,7,48,12,27,82,34,11,10,54,89,35,48,61,14,9,16,10,10,,8,11,52,30,8,17,10,29,15,17,6,10,15,10,8,15,10,6,42,14,14,5,15,13,12,35,36,36,34,51,35,66,31,49,48,59,53,49,50,42,39,50,49,36,46,21,19,,20,44,43,24,50,25,41,19,26,48,41,41,36,11,12,5,20,12,23,20,49,12,12,44,11,12,43,18,21,9,16,,4,11,3,3,26,32,29,18,14,6,9,10,16,16,18,19,26,14,1,2,11,9,11,5,10,18,13,16,18,8,66,15,41,8,5,12,10,9,11,7,6,6,7,4,9,5,6,4,8,7,17,5,5,3,2,,4,17,20,8,12,14,9,11,14,15,20,7,3,7,10,2,3,3,6,6,6,2,3,21,9,13,15,4,5,2,25,,10,12,66,36,2,14,1,4,1,7,4,6,23,32,30,41,22,13,6,5,10,12,6,10,14,11,12,9,15,21,17,20,6,22,16,13,3,18,15,13,15,15,18,,17,17,22,44,,12,9,15,25,20,25,20,15,12,17,15,15,13,16,11,5,9,8,15,14,,,8,7,6,17,14,14,15,26,20,49,24,9,10,5,49,,40,61,52,22,34,50,30,25,30,20,,21,11,9,13,,20,19,31,50,39,22,,28,22,4,9,24,24,36,3,2,8,12,10,24,31,11,15,17,12,12,25,4,7,29,33,31,40,,7,8,8,13,21,11,14,13,25,12,25,10,13,15,13,25,11,7,14,46,27,11,6,9,6,10,13,8,11,13,34,13,8,7,8,3,7,16,13,3,6,5,16,,,9,13,6,11,20,28,16,22,40,20,10,20,23,20,17,30,10,35,13,,23,12,20,25,19,12,37,31,11,23,28,42,19,,34,11,6,,27,8,6,13,12,14,21,,17,19,21,14,18,13,20,13,27,8,25,8,23,16,15,12,5,4,10,12,26,11,13,12,12,2,2,11,6,7,9,,8,2,6,6,1,4,4,9,2,7,13,23,26,24,37,21,43,33,38,3,38,99,41,29,15,21,15,25,20,32,12,21,22,10,10,10,28,34,20,12,4,12,13,15,31,33,37,60,43,49,32,43,51,44,30,31,44,26,19,24,21,24,113,46,31,31,,46,27,18,35,36,40,26,20,27,27,22,2,10,11,1,13,9,26,21,12,10,11,7,13,42,45,29,26,26,9,11,12,14,19,13,4,6,4,8,5,7,11,8,11,11,12,11,11,7,9,22,25,49,26,6,55,25,31,37,14,11,13,8,23,32,14,39,8,17,,8,12,20,37,20,12,59,27,11,6,10,9,,18,4,5,12,3,4,17,21,17,22,18,12,16,16,43,61,13,12,,15,6,10,13,19,37,9,12,10,13,5,6,4,10,4,8,6,10,4,4,9,11,11,11,2,9,20,6,26,22,14,,15,13,5,29,9,7,6,4,6,4,2,5,6,2,14,20,9,25,29,5,30,10,10,18,8,10,25,15,21,7,7,20,8,6,12,11,7,11,14,37,15,13,29,6,6,,17,,2,9,19,8,12,3,3,15,7,12,24,21,15,14,23,12,9,7,9,7,9,6,6,14,7,16,5,6,8,4,6,12,5,,21,6,16,11,7,14,,6,5,6,9,7,5,4,,6,10,19,7,4,10,8,8,5,5,10,17,7,6,18,10,3,,3,5,10,5,,9,16,13,8,21,11,6,13,2,31,6,2,22,4,17,7,7,7,7,2,8,2,3,,7,7,10,13,8,7,2,11,14,9,9,6,7,12,6,6,3,6,13,8,13,41,13,14,14
20160416,3,NO2,13,21,20,26,24,19,35,33,6,63,24,12,,30,23,14,24,18,32,,27,57,35,32,45,27,,11,17,11,5,11,6,7,115,135,83,110,120,118,16,21,53,36,25,59,56,48,60,16,12,55,19,17,18,18,17,11,15,24,26,17,13,15,11,27,21,19,19,55,57,43,22,68,26,46,24,26,35,19,,4,38,19,24,4,48,32,8,10,7,3,6,23,12,4,26,24,34,,24,79,29,36,30,,20,20,27,5,11,15,16,18,14,21,14,32,17,23,18,21,17,18,12,18,28,32,14,50,,75,73,36,29,48,31,23,23,33,22,18,22,40,14,21,12,7,34,38,44,53,34,57,65,39,36,30,28,22,25,27,33,21,25,21,20,14,23,24,22,26,15,22,47,39,30,,45,58,35,36,34,31,43,25,43,27,18,47,59,19,40,26,16,62,27,12,33,,41,39,27,31,17,32,28,24,58,35,21,48,17,18,20,18,40,65,34,2,26,41,11,50,13,40,56,,56,23,33,3,6,9,12,,6,13,12,39,46,69,26,23,2,,,34,,15,27,,54,21,18,16,,,35,26,23,57,40,45,19,28,44,21,43,18,35,35,62,59,36,9,21,29,52,56,74,43,66,,28,22,42,27,25,1,39,61,12,45,25,28,21,22,29,9,,30,14,18,10,4,22,2,6,4,8,18,26,33,22,10,18,17,25,21,14,28,39,50,33,47,31,41,31,52,,18,27,15,27,16,45,25,23,28,23,30,27,,35,38,26,46,27,16,50,23,7,16,17,15,4,6,24,7,12,9,23,18,31,21,6,56,59,62,16,23,6,41,45,,2,5,3,20,12,17,8,16,13,19,18,22,13,10,15,7,12,11,10,12,,30,9,26,8,17,53,64,20,5,9,10,8,18,8,32,15,11,11,11,36,13,7,37,7,17,19,5,12,21,37,31,39,41,40,39,,32,12,7,15,1,11,11,10,7,26,9,33,15,19,10,4,28,16,13,26,,10,70,20,41,31,50,31,31,42,48,24,34,18,,18,61,35,24,15,22,35,21,21,22,16,10,39,39,59,42,42,,61,82,82,92,63,38,24,23,25,21,26,19,39,26,12,7,7,11,32,15,13,2,7,6,11,10,11,13,14,7,11,22,19,10,14,7,6,,3,20,19,18,9,23,16,22,43,46,46,17,31,30,34,33,23,27,51,,22,22,36,,37,39,29,29,22,21,27,,47,,12,21,65,16,10,13,10,7,5,9,6,12,,13,,17,32,22,29,17,13,21,16,9,,13,7,10,28,18,29,,11,19,20,41,24,11,13,9,12,10,11,8,5,9,6,15,4,1,6,1,1,37,31,30,8,10,11,13,8,10,3,2,2,27,43,41,6,13,10,10,12,12,14,2,2,13,19,29,55,29,27,35,11,19,11,12,12,14,12,26,,21,19,5,19,16,25,5,8,19,39,14,36,13,19,4,7,4,9,16,11,14,19,23,12,,25,36,24,19,17,,18,43,63,12,11,7,31,52,27,29,33,14,10,15,10,13,,9,11,8,16,13,4,14,47,18,36,16,20,15,16,8,13,13,32,17,7,25,22,21,19,48,37,43,39,15,4,48,14,2,22,3,1,28,21,8,8,17,30,28,28,45,18,18,,27,42,28,22,10,18,16,15,13,19,11,20,9,18,20,17,20,12,24,16,16,21,32,11,14,11,22,5,2,4,7,,14,9,20,4,8,52,32,46,12,8,13,19,10,15,15,9,21,20,3,2,34,24,45,30,6,12,15,9,5,10,24,11,44,27,4,2,8,8,12,8,7,9,59,34,72,37,6,24,8,48,18,10,12,33,8,,20,13,9,18,26,23,57,13,27,18,11,11,41,49,45,9,24,24,34,25,34,30,39,15,39,41,36,7,13,3,13,,4,16,39,44,21,11,1,8,12,33,19,21,29,33,21,30,14,11,7,,17,25,13,9,18,26,7,21,25,7,9,2,3,16,3,6,6,8,31,56,29,17,15,,20,20,24,20,,22,21,25,25,21,26,27,24,21,18,55,31,11,9,20,36,26,24,33,35,,,16,16,13,13,11,16,20,16,11,18,14,17,30,37,1,,10,5,10,12,32,36,20,40,50,8,,10,18,19,2,,5,1,12,11,23,29,,21,25,9,8,9,20,17,9,5,22,13,18,6,15,17,15,34,6,11,7,4,3,38,38,33,38,,4,7,17,13,31,32,12,27,23,16,9,19,21,23,24,15,21,5,18,27,15,23,15,19,9,27,24,27,7,14,14,8,2,7,2,31,18,32,27,17,15,6,7,,,28,25,23,7,25,38,9,14,8,17,21,8,5,37,4,26,23,31,14,,29,30,13,34,9,26,28,16,39,44,60,40,54,,36,2,24,,34,26,12,29,44,32,,,14,17,71,32,16,30,15,29,24,9,69,47,56,17,48,36,32,18,38,18,30,26,29,28,20,2,12,12,10,23,55,,36,20,43,40,3,3,2,14,8,2,12,9,18,11,22,20,39,29,25,8,18,16,33,26,5,13,2,2,7,5,6,19,7,28,19,2,29,25,9,8,6,9,5,26,19,45,37,28,24,34,4,21,5,13,37,34,33,27,28,34,50,18,12,44,16,9,,9,7,10,33,32,73,38,16,7,31,25,20,15,16,21,5,9,8,10,8,8,10,9,18,14,38,10,15,18,33,19,15,14,12,2,3,6,3,3,10,1,24,21,30,30,33,25,35,33,3,19,21,24,21,4,10,12,12,18,8,7,8,1,10,8,41,14,36,41,2,6,5,4,1,13,16,15,7,18,7,3,17,,12,19,14,32,8,16,17,24,15,8,17,22,24,14,12,21,9,38,,14,19,37,53,6,10,12,11,14,20,10,33,14,14,18,39,7,15,19,10,12,20,19,12,8,37,23,17,8,23,14,,18,13,26,18,36,15,7,44,7,8,2,26,31,22,5,5,7,7,10,9,7,15,16,24,11,11,4,8,6,9,9,11,15,16,8,6,5,8,19,10,8,6,6,5,3,,33,,24,2,6,1,3,5,18,58,19,2,9,21,13,19,19,27,24,49,20,14,12,36,30,6,6,,17,8,19,22,17,8,4,,33,10,5,20,12,19,,51,27,39,44,27,29,9,,8,5,7,28,15,5,39,24,11,4,14,12,37,36,15,39,5,,2,36,82,38,,5,6,20,36,9,3,13,12,13,20,53,29,86,23,13,30,29,38,38,10,15,2,1,2,58,74,9,49,30,81,23,73,79,71,21,31,19,23,,8,2,4,18,10,31,67,39,11,57
20160416,3,NO2_24h,40,35,49,54,59,53,69,59,35,59,44,53,,77,77,50,75,71,78,,85,104,69,74,61,76,,65,46,47,62,48,32,27,91,105,73,102,104,97,38,52,75,65,56,55,57,44,65,51,44,82,48,47,64,30,31,28,27,36,27,25,26,27,16,74,62,60,65,79,75,65,42,51,38,63,52,63,49,29,,15,20,25,31,17,35,41,18,32,22,26,23,39,29,17,26,31,38,,29,72,36,43,47,,35,30,38,20,18,28,29,30,19,41,24,56,37,37,40,44,19,22,25,23,43,33,34,30,,83,81,50,29,70,29,54,32,56,47,47,46,51,40,39,32,28,34,38,37,45,34,46,55,27,30,36,49,40,53,48,43,48,61,22,24,20,29,31,25,28,15,38,36,36,21,,33,41,30,33,35,29,36,54,62,52,47,65,67,52,48,54,33,61,50,31,46,,46,49,37,40,23,47,46,16,45,23,11,38,23,22,26,24,38,57,29,20,40,45,12,56,23,44,54,,52,34,47,41,29,43,48,,15,38,41,60,57,86,55,19,16,36,,36,,33,37,,38,28,27,26,,,39,28,24,38,23,25,23,21,24,56,47,24,30,50,74,42,39,10,51,39,48,47,54,44,50,,41,47,32,22,22,8,22,43,13,32,24,19,29,40,46,44,,45,4,22,22,12,32,17,24,16,15,32,51,67,48,53,33,45,49,41,38,20,47,39,23,31,33,28,24,42,36,19,46,12,32,16,52,44,26,31,18,53,42,,40,41,37,54,51,27,53,36,23,34,27,44,31,14,59,9,14,23,30,28,39,37,12,54,50,53,41,35,15,48,49,17,11,11,9,23,22,20,12,30,30,37,40,38,12,20,21,11,12,40,31,33,,27,13,40,14,22,37,33,36,6,13,18,12,28,15,40,20,22,24,30,25,29,22,46,29,24,42,22,24,33,59,30,37,43,42,41,,27,19,15,46,17,22,18,30,36,52,24,30,16,9,15,6,29,20,14,29,,10,41,14,49,36,43,41,39,48,45,18,31,37,,23,49,26,28,13,25,29,24,21,29,12,3,20,22,25,28,23,,41,36,45,43,38,14,30,33,36,23,34,29,34,35,20,14,6,11,37,18,17,13,13,14,14,18,18,13,10,8,12,33,30,21,22,18,17,,19,28,29,21,20,36,40,38,35,41,43,17,39,38,38,30,19,31,30,,35,37,31,,35,47,32,34,40,49,30,,45,,15,22,28,13,9,26,30,13,11,20,15,17,,17,,21,22,24,29,22,20,28,23,8,,25,13,22,45,25,31,,28,27,31,20,40,23,21,16,20,19,25,9,6,10,7,18,5,3,10,4,4,13,27,35,9,16,13,25,18,18,6,4,6,38,55,51,13,18,22,28,26,27,24,17,17,26,17,33,36,21,26,28,27,42,28,27,24,30,25,38,,46,31,11,32,17,30,8,6,62,53,60,55,40,33,9,14,9,12,16,18,24,38,25,17,,30,36,18,28,12,40,27,38,52,30,15,21,40,53,42,42,46,30,19,35,22,26,,10,27,38,26,20,11,14,57,26,43,18,26,27,22,14,24,19,21,19,12,34,23,24,25,45,18,26,19,11,8,35,11,4,58,56,44,51,43,51,53,34,44,37,45,57,28,17,,31,46,49,59,22,36,39,35,36,29,32,27,24,40,53,50,36,46,46,37,27,40,30,16,11,23,22,17,16,10,26,,23,22,23,6,8,44,24,44,13,11,16,18,14,25,22,24,29,18,9,7,15,21,20,16,21,16,26,23,26,10,38,12,35,25,9,7,24,25,14,18,13,21,19,15,31,15,11,23,27,29,18,19,34,42,23,,31,14,8,23,33,35,46,14,33,28,33,12,39,47,58,10,25,40,39,28,38,38,47,35,50,47,35,9,14,6,16,,7,12,20,14,14,6,3,13,11,27,22,18,26,37,21,26,26,27,12,3,34,27,12,15,24,36,14,22,28,11,21,13,9,24,10,13,11,14,44,50,36,53,50,,37,37,55,35,,55,31,26,43,40,54,28,23,36,36,41,34,15,13,22,45,36,28,49,57,,,31,29,12,19,12,17,21,28,19,28,21,40,34,25,24,,26,33,36,17,23,32,18,20,20,16,,21,32,22,5,,8,3,43,35,48,25,,19,9,9,6,24,31,26,13,11,20,24,21,26,32,26,25,27,7,5,6,8,4,32,40,32,50,,6,13,22,18,27,37,13,28,20,16,22,24,31,31,33,30,34,28,30,34,41,36,20,30,20,36,38,27,10,15,22,9,2,14,2,35,16,31,35,16,22,12,16,,,44,32,18,12,35,46,25,21,13,31,22,13,12,70,4,48,28,26,19,,26,30,19,29,9,24,27,40,20,30,46,34,30,,72,11,55,,33,24,10,32,44,37,36,,25,18,47,22,16,24,23,34,18,17,41,26,30,28,34,33,39,17,37,16,21,21,22,23,17,2,16,17,13,35,50,,24,22,47,40,3,6,3,18,10,3,15,7,14,11,14,16,31,30,20,9,23,19,24,21,6,13,13,13,18,20,19,25,23,23,19,4,30,26,14,14,12,15,10,16,16,33,28,61,53,66,32,57,28,36,34,43,35,31,24,37,34,25,35,51,22,26,,20,21,27,21,24,44,23,27,19,38,36,21,19,11,22,7,20,20,18,16,21,21,16,22,21,39,25,30,32,46,23,19,15,12,3,5,11,10,11,16,8,28,20,24,20,34,19,32,29,6,14,12,22,17,16,32,28,23,39,12,19,21,11,22,16,25,26,36,34,3,13,13,12,3,8,10,13,12,17,4,12,23,,14,30,17,29,8,15,19,20,17,15,10,20,25,13,15,21,13,26,,18,16,28,34,11,20,16,21,18,32,18,29,12,16,10,25,12,17,18,11,15,25,21,18,9,24,17,18,5,26,18,,19,22,34,34,36,29,15,45,17,12,3,24,34,28,5,6,13,10,12,8,9,16,34,27,7,13,10,12,22,13,20,21,22,23,20,14,13,12,10,16,17,14,13,15,24,,29,,9,6,14,7,10,13,23,33,14,3,21,26,12,9,16,20,21,38,21,15,10,37,36,8,7,,24,8,12,14,15,20,10,,18,8,17,17,12,13,,27,22,25,36,28,28,8,,7,19,21,18,9,4,28,22,17,9,12,11,22,26,13,33,8,,10,17,54,21,,7,6,8,23,9,4,6,10,14,17,22,25,41,7,15,13,16,20,23,11,15,5,5,3,39,34,9,26,41,49,20,54,52,46,26,36,37,22,29,12,3,11,24,18,13,24,49,18,62
20160416,3,O3,61,33,58,58,56,51,32,29,31,11,41,52,,58,71,24,69,76,71,,57,41,62,62,23,65,,89,20,10,84,74,46,98,17,18,20,15,14,19,123,113,118,127,144,44,44,46,46,68,55,60,47,56,40,53,56,61,62,41,72,75,99,83,52,52,64,61,80,41,54,49,42,18,50,65,65,70,39,39,,59,9,34,25,46,6,47,75,95,104,68,72,77,71,77,68,112,92,,125,46,105,93,99,,126,130,114,125,133,138,129,124,148,125,89,117,108,103,118,105,100,115,112,97,107,41,61,49,,43,27,53,43,51,53,37,59,96,100,,113,66,100,102,113,102,49,45,67,46,70,55,38,53,71,60,60,76,72,72,67,83,75,83,86,80,24,81,126,123,108,135,60,69,54,,41,46,67,12,41,40,49,86,80,59,100,53,69,107,45,79,73,59,58,66,56,,46,51,20,64,36,74,70,78,46,56,62,58,102,97,93,111,62,39,68,26,64,18,38,63,29,38,33,,55,67,8,111,108,121,118,,125,109,100,20,21,5,49,72,80,,,59,,85,76,,24,46,41,83,,,40,46,33,14,64,29,66,38,19,60,26,44,53,49,43,32,63,65,65,44,19,16,39,24,4,,47,59,14,27,39,40,,,28,33,73,86,97,118,99,124,,96,102,124,141,115,108,131,147,98,119,148,90,53,82,71,70,32,56,56,82,16,9,8,21,6,36,6,22,3,45,24,43,27,27,33,22,32,31,25,24,20,18,,7,1,22,9,22,39,7,35,82,89,76,81,86,64,68,38,78,98,62,78,52,57,52,9,9,4,40,23,36,9,6,52,44,40,42,29,28,18,27,49,48,50,49,46,61,60,65,74,73,39,44,41,,71,87,52,78,88,52,53,66,99,76,50,54,48,69,50,48,61,64,50,41,54,45,37,63,59,65,68,68,49,73,23,28,29,21,31,,23,78,93,92,99,80,93,100,99,100,105,92,101,94,119,107,103,79,99,95,,114,36,108,24,28,17,36,21,17,20,48,15,51,,34,8,48,54,124,57,41,61,40,58,61,75,24,22,9,49,26,,,2,1,2,16,14,28,23,28,26,29,35,16,42,31,41,107,35,22,29,81,79,84,70,81,94,68,63,48,76,73,122,102,117,106,123,134,,123,98,121,109,128,99,71,130,16,10,13,27,89,89,101,49,60,80,57,,101,115,61,,80,32,21,29,76,138,101,,32,,74,97,77,66,105,100,115,120,110,107,115,90,,105,,90,68,74,87,109,103,115,97,122,,94,148,126,99,103,86,,52,35,13,16,39,48,69,82,76,89,76,48,33,45,56,57,20,61,59,47,57,2,7,20,74,73,75,51,53,49,53,38,53,21,15,11,73,60,56,47,44,46,63,40,11,46,41,18,13,95,96,102,62,57,52,59,70,45,59,78,,77,37,63,35,17,34,44,12,57,43,71,52,83,84,91,94,56,80,104,84,102,102,105,125,,126,105,139,89,132,97,127,94,62,112,148,152,110,104,122,127,136,144,136,139,143,135,,161,61,64,47,75,84,23,34,31,13,59,50,77,80,91,95,5,31,83,48,62,29,60,68,66,5,4,8,21,35,13,47,55,41,49,54,32,31,77,43,109,76,89,48,63,56,53,,38,36,57,21,80,73,84,44,80,52,12,53,60,51,33,36,21,64,39,44,37,50,22,53,49,57,61,62,54,59,63,,22,59,22,77,13,9,3,,19,50,67,32,104,83,63,82,80,72,72,82,26,16,8,19,41,39,48,81,73,65,48,59,44,64,77,66,79,66,5,45,70,62,3,16,2,,72,5,5,8,41,64,83,106,81,,83,112,101,54,23,42,8,29,9,59,60,22,18,6,26,71,20,9,7,19,5,14,1,42,28,31,19,95,102,72,77,,84,93,50,41,75,66,46,107,47,60,62,87,69,100,108,99,87,81,148,2,116,111,134,141,129,116,151,113,132,144,133,100,80,98,118,120,100,117,58,43,64,79,90,,86,,85,74,,85,34,5,72,68,86,65,118,63,29,37,46,,92,45,77,29,56,36,61,,,90,57,31,63,70,66,58,77,80,87,81,5,14,61,21,,39,21,94,77,34,36,65,30,10,65,,70,61,30,35,,23,20,89,118,93,8,,17,61,69,71,63,56,82,84,91,71,75,63,83,42,49,72,56,85,79,38,120,113,57,92,72,58,,147,129,88,102,167,102,109,145,69,63,54,35,106,89,107,115,124,112,93,59,66,89,98,45,48,20,55,15,57,32,61,63,70,70,62,59,25,27,49,14,63,64,14,,,49,22,24,50,57,75,44,59,,42,27,23,46,70,84,93,94,71,100,,44,53,,38,51,71,93,102,58,6,67,27,59,,16,2,5,,56,51,42,89,40,72,21,,23,91,98,36,78,55,80,73,38,47,115,7,16,51,46,41,20,24,11,37,15,13,15,1,16,,53,68,51,13,4,,10,32,27,16,33,67,85,81,87,42,25,21,16,17,21,11,8,14,8,25,51,51,45,47,91,90,92,94,101,44,56,36,37,14,6,,16,15,53,45,45,46,46,44,51,32,34,41,58,60,89,101,101,89,72,80,78,100,53,48,37,61,60,52,52,96,,85,81,102,72,82,79,77,64,68,69,30,54,57,18,46,99,35,51,80,76,90,68,86,62,59,23,68,67,45,63,40,40,55,65,46,61,60,61,59,66,63,,,1,5,8,13,5,3,9,15,16,15,18,76,69,72,65,71,79,72,79,65,65,26,6,21,18,7,76,74,65,72,72,22,26,22,15,22,27,25,29,,22,48,53,47,28,13,67,62,84,37,34,45,48,38,42,33,41,16,,28,40,12,50,97,16,72,96,76,83,95,85,13,64,26,29,59,55,51,54,44,43,47,47,43,23,40,42,59,56,58,,47,18,21,58,55,58,5,177,5,76,94,21,10,1,57,62,72,56,70,27,45,40,19,63,60,57,67,50,71,99,24,62,117,3,88,84,83,65,8,27,78,103,124,129,70,,30,,39,97,102,90,57,,22,44,21,,86,82,84,74,72,44,60,7,56,70,55,3,39,59,20,59,35,97,88,61,87,92,105,,23,15,43,61,59,36,,3,9,20,36,26,57,42,,35,100,80,67,54,29,12,18,105,101,52,80,16,19,86,86,54,,65,18,8,28,,78,73,53,38,95,83,79,83,10,43,4,34,7,15,72,20,18,17,43,119,121,52,50,101,12,11,38,1,55,75,75,48,3,,75,57,66,69,,34,101,107,75,96,29,16,31,74,5
20160416,3,O3_24h,146,94,149,168,158,136,126,98,84,62,144,126,,155,171,53,196,191,197,,171,128,190,130,106,206,,156,114,165,138,130,91,188,146,149,132,139,148,149,184,172,201,178,213,217,168,206,211,168,146,157,140,159,99,133,151,127,146,99,182,162,200,167,185,112,164,198,203,179,242,233,204,222,203,216,167,193,155,112,,90,117,110,104,117,114,164,103,95,118,68,89,92,90,88,94,153,152,,177,81,156,144,137,,175,150,138,138,143,159,158,154,150,141,127,134,115,108,137,112,127,145,133,122,151,110,152,116,,63,43,67,80,73,82,64,98,134,134,140,176,133,140,163,155,141,162,138,202,170,216,175,151,177,155,140,120,145,126,147,149,146,136,140,139,122,37,127,198,191,143,188,195,184,189,,120,187,161,199,121,133,151,132,165,140,181,118,173,172,100,148,143,159,121,137,121,,106,123,68,107,137,134,135,194,116,144,156,132,147,141,142,142,116,83,142,115,136,118,131,165,148,139,130,,181,142,120,123,127,136,135,,146,137,104,79,78,53,82,109,130,82,,180,,158,153,,152,128,142,126,,,100,105,113,104,126,103,125,127,96,116,121,107,170,140,127,123,114,165,133,129,67,116,145,118,124,,103,159,83,114,101,125,89,73,87,82,127,176,202,203,170,219,,187,209,130,141,116,111,133,150,98,119,148,235,144,237,195,210,148,165,161,250,96,121,112,103,114,138,99,121,108,64,63,111,96,89,80,82,77,77,86,100,20,18,,9,21,22,9,22,43,7,35,87,97,87,85,93,81,77,91,124,128,77,87,52,57,57,9,12,9,40,23,45,9,14,52,46,53,51,37,46,32,30,51,49,51,52,47,97,71,79,97,118,39,45,43,,99,121,60,88,117,126,137,111,113,157,75,96,101,69,93,70,101,71,86,110,113,69,78,83,104,75,116,99,68,118,93,89,95,80,85,,78,93,160,138,160,143,160,146,143,149,152,119,118,132,137,129,129,103,148,178,,166,164,161,96,129,133,90,116,92,117,72,56,73,,98,121,103,103,135,100,98,99,117,83,124,371,99,86,125,96,84,,20,42,90,49,109,40,82,60,73,90,102,82,94,90,74,84,183,77,77,52,115,104,118,96,111,128,96,100,89,108,110,168,152,158,152,131,166,,136,175,222,215,152,131,88,152,121,128,106,76,206,202,210,134,147,182,172,,242,261,148,,219,154,90,149,120,236,181,,136,,144,205,171,170,218,162,149,182,137,178,119,187,,214,,190,192,158,189,233,215,247,123,157,,109,159,158,252,228,235,,98,90,19,91,78,104,134,138,137,138,112,94,67,119,108,111,112,78,89,76,89,69,60,66,128,126,128,55,53,56,73,54,75,21,15,16,113,75,108,89,90,89,123,58,12,94,134,65,91,138,158,169,121,100,91,107,137,92,142,189,,174,126,108,83,73,77,116,60,139,127,129,159,155,157,137,128,83,126,164,113,154,134,167,171,,152,136,160,110,163,140,177,142,129,127,173,189,157,143,196,178,169,144,137,139,143,145,,170,107,74,107,139,135,94,98,93,77,129,100,114,124,108,127,129,106,101,93,161,91,151,174,133,72,45,79,54,71,77,99,92,133,136,165,125,166,179,131,210,208,181,93,208,191,177,,168,162,244,128,219,167,167,87,176,131,146,132,137,63,57,62,55,64,66,57,48,104,100,129,132,139,140,115,84,76,86,,37,76,75,118,52,81,79,72,101,140,238,115,156,131,105,134,133,134,82,93,99,78,78,76,49,58,57,98,73,96,71,107,138,137,130,101,108,70,39,55,104,77,57,94,66,41,76,57,58,55,79,80,83,106,81,,83,145,131,113,65,68,70,119,129,90,125,99,85,97,98,99,74,66,65,94,83,90,75,65,90,82,158,113,119,89,99,,118,125,116,115,150,109,70,138,62,91,88,117,167,236,224,352,109,89,150,155,116,119,144,143,182,184,185,143,179,199,199,144,84,103,124,126,100,118,126,146,143,148,155,,128,,126,84,,138,85,16,147,123,136,166,245,135,90,150,129,,144,79,129,120,105,75,104,,,121,77,77,164,161,186,199,168,172,179,180,76,94,107,87,,94,62,220,196,149,148,139,129,144,160,,158,161,73,72,,70,52,136,168,141,91,,52,122,118,99,111,106,142,90,94,124,123,104,101,60,94,110,116,136,125,42,130,121,115,132,93,77,,183,167,134,134,219,117,123,183,130,139,87,55,134,108,121,133,148,116,115,125,72,94,98,108,125,98,98,106,80,40,98,102,107,105,97,112,84,64,82,116,84,106,85,,,113,102,112,61,124,152,82,96,,106,75,88,86,337,90,110,196,200,200,,144,133,109,167,156,155,210,210,88,92,110,69,113,,32,45,20,,88,82,94,158,118,154,91,,78,142,256,91,106,106,174,85,181,141,200,97,74,89,70,61,109,103,140,138,76,84,84,81,80,,114,136,107,47,59,,65,74,101,84,129,85,115,108,116,56,70,67,83,45,106,52,59,80,67,75,82,88,88,84,91,90,92,94,101,119,61,61,43,51,31,,56,61,65,60,70,72,66,94,117,88,93,176,182,172,196,187,218,174,144,191,146,205,214,165,179,160,181,159,177,146,,141,146,169,177,181,181,194,149,169,176,95,112,129,41,98,145,69,105,145,119,132,116,134,129,123,113,92,92,75,95,135,129,164,196,96,110,101,104,109,130,129,52,46,67,64,57,71,64,36,72,69,74,63,64,104,83,98,72,84,79,108,127,90,125,74,64,53,59,65,85,97,65,72,72,98,92,100,85,87,42,61,106,,94,117,137,97,45,43,115,120,111,102,111,108,130,111,107,105,142,150,,58,97,102,168,140,249,149,144,100,96,108,128,38,87,47,89,104,98,101,102,83,87,93,88,91,104,78,83,96,73,83,,75,69,62,70,94,62,38,181,19,83,221,74,46,59,77,84,86,78,87,66,219,111,28,91,151,144,138,142,138,117,47,134,169,18,156,135,136,119,41,88,107,142,150,153,100,,90,,121,131,145,94,170,5,81,172,46,63,103,132,146,163,156,164,156,98,190,102,91,148,176,103,70,103,80,149,157,101,130,121,130,,87,28,70,135,124,78,,79,80,117,123,63,119,56,,97,117,127,120,79,99,97,90,108,101,79,121,95,93,110,113,72,,89,103,94,91,,109,101,139,116,146,112,142,118,60,86,102,85,82,64,105,72,60,50,103,157,176,59,57,134,45,48,118,111,133,200,135,152,84,166,123,71,98,117,94,113,107,107,156,150,84,81,93,160,5
20160416,3,O3_8h,62,74,64,63,63,53,45,47,54,40,53,76,,49,58,23,59,62,54,,40,43,75,62,32,57,,78,32,53,77,73,46,125,77,66,78,59,54,75,143,118,145,153,162,71,63,77,72,86,69,77,68,72,54,53,57,59,69,40,104,111,126,110,112,46,54,62,64,51,66,54,97,71,99,78,65,64,52,51,,59,49,50,36,56,60,69,72,84,99,56,66,79,75,74,85,120,107,,124,62,120,99,110,,134,137,122,126,135,146,146,133,145,130,107,106,99,94,113,95,112,126,109,108,112,32,56,56,,29,24,47,44,45,54,37,64,94,99,89,120,78,102,111,117,105,87,70,111,83,109,94,74,92,97,70,65,82,76,79,75,89,84,87,87,81,24,83,133,133,116,132,107,103,104,,68,93,89,38,69,72,80,91,88,66,110,63,82,101,52,81,83,88,64,77,70,,71,80,35,68,40,71,75,116,67,84,94,83,116,114,111,124,80,51,89,26,73,41,52,78,48,65,59,,73,77,27,89,99,108,101,,117,99,86,22,30,9,38,88,85,59,,77,,73,71,,54,57,59,90,,,48,60,48,40,86,52,90,76,59,75,37,56,86,63,58,46,74,84,82,37,26,38,50,29,12,,54,57,26,32,51,78,8,10,51,44,82,116,124,142,127,145,,117,129,124,135,113,101,124,143,93,95,131,114,64,100,76,89,47,75,72,81,29,25,28,27,23,46,27,40,20,51,31,49,43,32,46,29,36,40,30,31,7,7,,6,1,14,4,11,41,3,29,80,88,74,72,71,68,64,57,100,98,66,80,47,48,53,6,9,4,18,13,37,6,3,30,37,44,45,32,23,18,23,41,36,42,38,34,73,60,69,73,82,26,36,16,,73,85,46,74,85,62,79,50,87,68,39,44,42,64,55,56,50,64,38,36,41,44,34,50,49,56,53,61,45,62,22,25,22,20,25,,22,54,81,51,79,61,96,84,71,66,72,90,102,108,110,92,106,75,104,96,,126,66,134,33,34,25,42,28,27,38,58,28,57,,43,26,54,50,127,55,51,60,40,59,74,87,39,38,48,47,37,,4,17,31,20,36,29,35,30,30,41,25,35,24,36,30,37,119,16,15,28,84,80,86,70,86,95,76,76,60,86,89,137,121,134,117,115,132,,113,115,136,134,129,110,68,131,34,33,26,33,112,111,132,53,65,85,73,,121,132,90,,134,45,28,43,53,129,123,,54,,70,113,100,87,121,103,106,121,102,115,111,102,,120,,110,105,89,113,132,122,138,78,118,,90,148,133,101,106,92,,40,29,8,31,32,51,72,81,73,85,63,42,29,46,52,51,12,55,51,42,48,33,20,17,82,72,73,50,45,49,57,40,55,18,12,8,64,40,54,30,33,28,45,42,10,44,59,21,26,115,126,133,57,60,55,75,74,53,70,89,,86,46,56,33,21,32,47,28,59,57,77,74,87,97,97,98,60,65,136,99,129,112,148,152,,121,108,147,97,142,116,157,116,80,120,163,174,133,118,163,148,151,125,123,119,127,121,,149,64,66,49,84,89,27,20,33,4,48,59,78,81,91,94,7,55,81,44,84,42,83,92,78,20,19,32,28,44,32,68,74,39,49,59,38,39,76,41,97,89,91,45,71,108,98,,87,63,98,30,96,88,97,49,84,56,22,56,67,14,14,14,15,44,16,16,22,58,55,81,74,74,89,27,37,37,34,,23,56,12,80,16,11,9,3,37,70,93,51,114,87,67,83,79,95,77,87,27,20,25,23,44,40,46,74,70,64,43,82,90,92,81,61,76,59,7,45,62,54,12,26,13,8,64,11,6,22,44,59,42,67,53,,49,111,103,52,26,35,27,41,30,56,47,48,36,22,42,63,17,5,5,21,11,11,12,49,38,44,29,104,109,82,80,,83,103,63,68,102,84,46,98,52,64,67,97,79,102,142,125,73,76,140,2,96,92,127,134,117,101,149,107,124,139,138,107,79,96,119,122,92,111,62,63,62,85,94,,88,,83,70,,84,48,7,95,83,95,77,132,70,41,55,54,,101,42,70,40,59,49,72,,,91,61,46,71,80,78,74,93,96,98,97,9,16,63,23,,40,25,99,90,62,58,79,65,50,75,,83,84,37,41,,29,26,85,106,88,40,,26,83,70,78,84,72,115,83,88,78,74,65,70,33,48,71,58,97,89,39,112,111,71,112,78,66,,167,145,103,119,202,90,118,158,103,100,71,40,111,92,100,111,116,108,99,43,29,46,60,51,59,41,61,36,63,34,67,60,70,69,52,31,31,31,46,41,61,63,10,,,39,26,47,43,47,87,43,56,,51,38,24,44,90,69,95,126,85,137,,87,93,41,95,99,106,127,133,60,6,43,28,61,,16,8,6,,55,43,52,105,56,94,32,,30,112,123,50,76,66,103,79,68,59,126,12,18,50,52,48,27,33,14,60,21,29,28,23,32,,52,59,54,11,10,,36,44,35,25,49,70,92,88,97,25,35,30,34,22,45,17,21,32,25,38,54,57,54,59,57,61,63,61,64,22,28,16,15,20,11,,27,23,37,52,51,53,52,60,66,47,54,49,36,37,65,92,82,77,88,114,87,121,98,81,80,91,94,81,86,96,,80,77,93,102,109,109,109,94,105,110,29,58,66,23,48,94,35,56,86,66,78,65,79,71,66,31,47,44,32,42,52,52,62,76,51,64,59,60,72,85,83,4,4,15,22,14,25,15,10,26,32,35,29,32,78,36,33,33,37,60,65,71,62,61,15,9,9,16,8,58,46,48,44,55,17,36,34,26,28,20,24,25,,22,50,66,49,26,14,56,59,71,53,63,61,72,55,49,42,43,57,,39,49,52,74,106,16,90,110,92,83,96,99,20,59,29,51,69,63,61,66,56,56,60,59,52,48,47,47,78,59,67,,60,40,38,61,73,57,7,174,6,77,89,26,11,11,61,64,75,62,73,40,60,56,19,57,89,79,86,74,91,106,28,78,124,3,92,91,88,72,15,28,66,94,117,125,32,,57,,81,95,100,91,59,,31,79,27,13,88,100,87,103,80,80,96,23,64,84,70,39,69,65,28,63,35,117,119,69,96,82,89,,41,12,49,77,71,45,,30,26,23,43,26,63,48,,60,94,73,72,57,32,28,37,102,95,57,86,22,17,96,99,43,,64,44,39,50,,81,75,78,59,106,88,110,96,18,54,32,30,24,22,64,34,24,20,28,134,148,53,50,92,26,30,76,48,39,100,87,57,26,50,65,51,64,80,,54,101,97,66,84,51,52,34,83,3
20160416,3,O3_8h_24h,105,83,106,115,109,91,80,76,59,55,95,108,,102,118,37,116,121,127,,117,103,153,91,68,154,,122,86,139,115,103,71,159,132,120,113,113,117,128,166,132,159,164,172,181,139,174,175,143,126,129,116,131,85,118,119,107,114,91,155,142,174,150,164,77,103,116,131,148,205,196,185,189,180,172,127,150,120,80,,78,95,93,73,98,101,128,88,84,102,59,83,79,75,82,88,139,133,,160,65,137,129,123,,156,139,122,131,140,151,148,141,145,130,108,106,99,94,113,95,112,126,109,108,112,69,101,110,,58,39,59,75,64,75,52,87,118,120,116,140,118,126,138,145,131,152,131,187,158,196,161,143,165,145,125,100,123,110,127,126,131,124,135,135,114,34,117,175,171,134,166,182,171,177,,113,171,145,91,112,120,131,125,153,119,170,103,156,158,91,135,130,148,111,125,113,,103,113,60,89,95,112,115,192,104,129,139,118,141,136,135,139,108,70,133,93,119,104,117,143,123,122,114,,147,126,100,106,115,112,119,,134,121,94,63,63,55,66,109,116,74,,151,,129,136,,124,112,111,107,,,78,89,85,87,116,91,105,113,85,113,108,99,153,123,113,111,99,150,126,129,65,107,144,119,128,,91,132,64,103,85,117,75,63,77,76,116,167,184,186,156,184,,174,197,124,135,113,103,124,143,93,113,131,213,131,214,178,185,131,152,146,225,82,101,97,84,99,115,88,99,100,64,49,84,77,68,67,60,56,64,70,75,7,7,,8,9,14,5,11,41,3,30,80,92,74,72,71,78,64,78,117,111,68,81,47,48,53,6,10,6,18,13,39,7,7,30,37,44,45,32,26,27,23,41,38,42,38,34,89,68,75,88,108,26,36,16,,90,101,53,82,102,103,115,95,102,143,66,88,84,64,57,56,70,64,58,80,70,45,53,56,74,56,67,67,51,87,63,72,70,59,67,,61,66,132,122,144,123,146,131,120,132,107,111,111,126,123,121,120,94,141,162,,161,151,153,70,116,128,74,97,63,94,70,60,76,,93,120,89,76,131,92,89,86,63,78,116,174,93,80,117,83,79,,15,39,74,43,95,38,66,46,56,75,80,63,67,64,57,69,173,58,55,44,106,90,108,89,101,121,91,96,83,107,105,157,142,151,136,126,156,,129,157,189,202,136,122,75,140,105,105,83,72,182,179,180,134,129,162,157,,195,208,138,,204,128,75,125,91,211,164,,113,,129,184,148,150,194,133,127,151,114,147,111,156,,182,,162,174,141,172,206,187,210,112,150,,96,148,141,196,190,195,,59,54,16,77,42,95,118,120,124,122,103,79,56,70,94,93,42,73,79,69,81,60,54,55,117,111,118,53,46,51,67,48,66,18,12,11,107,68,98,79,84,83,111,50,11,72,117,58,81,138,151,162,108,88,83,92,125,76,137,175,,156,119,96,103,88,76,103,52,85,85,96,114,109,125,125,119,79,104,139,102,129,115,151,156,,140,129,153,106,155,137,161,136,104,121,166,176,139,127,171,150,153,125,123,119,127,121,,149,91,66,92,122,120,83,80,73,64,114,92,104,113,104,114,68,102,84,79,149,80,145,161,125,64,42,69,53,69,61,90,90,87,99,114,84,113,134,87,179,177,157,79,171,171,161,,149,149,226,118,200,145,151,77,155,118,140,135,132,54,53,65,50,54,69,67,58,83,79,116,112,114,124,109,85,61,72,,31,70,46,115,48,67,68,54,84,122,179,106,138,106,90,108,109,117,77,87,85,64,73,69,44,48,46,81,70,79,60,105,122,134,98,74,77,59,29,45,91,64,45,90,55,36,66,34,35,46,68,74,55,67,53,,59,136,126,91,51,61,60,105,112,84,97,90,80,90,90,107,63,51,54,84,71,69,54,54,51,53,156,110,116,85,91,,109,121,108,111,134,105,63,127,59,77,77,108,149,200,204,214,92,78,141,147,110,113,136,137,168,161,179,138,160,178,190,138,79,96,119,122,92,111,111,127,130,117,120,,110,38,99,84,,111,78,13,133,114,124,150,224,117,79,132,112,,138,71,122,66,83,53,82,,,109,72,75,139,136,158,155,155,161,167,167,63,76,100,70,,86,79,157,179,123,120,119,110,123,132,,134,136,118,70,,89,54,114,141,123,84,,46,118,113,97,105,95,136,86,88,118,116,99,97,53,83,96,104,132,119,41,126,118,83,120,84,71,,174,153,118,122,208,110,120,167,119,105,79,52,118,95,109,117,139,111,102,91,44,79,88,96,111,87,89,94,77,37,91,93,94,95,82,108,77,60,82,110,80,91,81,,,105,89,112,58,117,141,78,91,,87,64,84,78,292,69,98,178,172,187,,135,126,99,151,142,119,183,182,82,63,90,65,113,,27,37,16,,80,76,89,145,94,147,81,,71,142,184,74,86,96,158,80,139,112,181,88,41,74,63,59,93,91,127,126,61,80,81,78,77,,114,131,112,30,45,,51,94,137,97,106,87,119,111,124,47,72,62,80,43,92,39,52,69,59,66,84,92,90,86,57,61,63,61,64,119,46,47,36,46,31,,58,58,64,58,60,60,58,91,117,89,91,148,146,146,170,162,190,150,128,170,129,182,204,155,160,150,169,147,161,138,,130,134,155,155,158,163,169,139,159,167,83,103,115,38,90,145,60,94,129,105,116,102,120,118,111,95,77,76,65,80,122,114,104,130,88,100,91,94,98,122,119,42,39,53,50,42,57,47,25,64,61,66,54,56,96,72,83,65,78,60,89,101,78,120,55,57,39,50,56,77,74,58,54,65,91,89,91,87,82,26,42,79,,67,108,128,85,42,38,104,109,101,93,104,99,117,99,93,88,118,130,,54,80,82,143,121,165,133,130,99,88,102,124,34,72,41,77,86,81,83,88,61,58,65,66,71,79,65,71,82,59,68,,60,44,38,61,73,57,26,174,16,77,107,60,37,42,69,77,77,70,82,63,119,105,25,67,144,140,128,136,130,109,44,98,158,14,140,128,125,107,30,77,85,116,141,143,68,,67,,116,128,142,91,80,5,74,161,42,56,96,115,142,159,153,160,147,89,165,99,87,119,148,98,55,96,67,142,153,98,122,115,126,,85,30,65,126,113,67,,70,69,103,111,50,110,52,,84,96,108,123,76,95,90,93,102,95,71,112,89,88,103,106,81,,92,95,85,89,,102,96,135,113,138,109,138,109,44,75,95,78,76,51,103,64,56,45,98,149,167,56,55,123,40,44,109,101,126,187,122,140,76,153,102,65,84,109,86,105,102,104,129,127,78,78,69,151,4
20160416,3,CO,0.3,0.3,0.7,0.4,0.3,0.3,0.3,0.3,0.3,0.3,0.3,0.3,,0.195,0.3,0.812,0.789,0.394,0.711,,0.795,1.536,0.553,0.85,1.341,0.564,,0.26,1.415,0.207,0.378,0.513,0.134,0.597,3.835,3.996,4.488,4.721,4.417,3.887,0.68,0.711,0.651,0.718,0.757,0.916,0.755,0.844,1.051,0.509,0.548,0.513,0.615,0.362,0.801,0.117,0.393,0.339,0.472,0.612,0.36,0.397,0.28,0.496,0.368,0.145,0.082,0.373,0.359,1.392,1.194,1.03,0.632,0.592,0.66,0.794,0.639,0.871,0.988,0.406,,0.252,0.544,0.993,0.386,0.973,0.753,1.174,0.666,0.281,0.712,0.742,0.221,0.267,0.471,1.249,1.024,0.64,0.774,,1.173,0.733,0.946,0.743,0.869,,0.835,0.674,1.141,0.733,0.742,0.892,0.59,0.815,0.68,1.013,0.326,0.768,0.626,0.818,0.618,0.722,0.626,0.962,0.622,0.649,0.788,1.854,1.952,0.808,,0.785,1.08,0.551,1.941,1.19,1.036,0.779,0.509,0.272,0.383,0.544,0.262,0.75,0.294,0.349,0.545,0.535,1.364,0.586,0.344,0.538,0.793,0.962,0.652,0.295,0.694,0.412,0.638,0.553,0.621,0.485,0.535,0.763,0.752,0.592,0.627,0.557,0.72,0.371,0.701,0.743,0.765,0.607,0.926,1.278,1.376,,1.377,1.24,1.102,1.354,0.6,0.829,1.162,0.9,1.206,1.315,0.675,1.581,0.682,0.379,2.105,0.531,0.506,2.183,0.765,0.553,1.036,,0.602,0.568,0.519,0.825,0.994,0.738,0.605,1.315,1.825,0.7,1.781,1.114,0.522,0.588,0.765,0.745,1.619,1.241,1.863,0.635,0.455,0.702,0.281,0.397,0.405,0.578,0.636,,0.66,0.57,0.992,0.439,0.408,0.483,0.457,,0.387,0.48,0.633,0.734,0.763,0.856,0.635,0.425,0.232,,,0.652,,1.182,0.539,,0.882,0.724,1.062,0.343,,,0.56,0.536,1.198,0.593,0.465,0.675,0.359,0.213,0.505,0.63,0.724,0.67,0.651,0.793,0.814,1.405,0.763,0.987,1.574,0.679,0.426,0.941,0.935,0.855,1.029,,0.793,0.614,1.846,0.585,0.989,,1.741,1.358,0.885,1.323,1.575,0.722,0.802,0.362,0.786,0.624,,0.542,0.528,0.682,0.664,0.696,0.548,0.428,0.455,0.253,0.935,0.539,1.421,1.147,1.586,0.722,1.078,1.378,1.178,0.849,1.059,0.921,0.854,1.062,0.936,1.318,0.955,1.313,0.772,1.056,0.936,0.648,1.392,0.828,1.023,0.867,0.85,0.764,0.708,1.082,0.979,0.771,1.138,,0.678,0.82,0.855,1.13,0.622,0.692,6.042,0.862,0.341,0.679,0.612,0.933,0.534,0.674,0.574,0.686,0.673,0.842,0.728,0.637,0.691,0.59,0.537,0.371,0.858,0.896,0.52,0.638,0.375,0.535,0.737,0.55,0.442,0.682,0.649,0.548,0.639,0.488,0.397,0.62,0.553,0.727,0.546,0.599,0.702,0.612,0.672,0.61,0.32,0.663,0.576,0.382,,1.007,0.838,1.017,1.019,1.06,0.958,0.765,0.849,0.369,0.548,0.475,0.454,0.53,0.147,0.249,0.142,,0.404,0.436,,0.532,0.703,0.374,0.44,0.016,0.115,,0.18,0.698,0.349,0.625,0.851,0.518,0.632,0.846,,0.542,0.463,5.847,0.671,0.299,0.252,0.477,0.481,0.775,0.455,1.618,1.204,0.48,0.177,0.663,1.572,0.438,1.013,0.213,0.378,,0.147,0.487,0.513,1.511,0.875,1.514,0.719,1.214,0.859,2.609,0.806,0.747,0.452,,1.502,,0.653,0.256,0.801,0.665,0.558,0.605,0.529,0.838,1.566,0.718,0.68,0.703,0.809,0.589,1.15,,0.957,0.974,0.844,1.051,0.526,0.488,0.903,0.845,1.177,1.064,0.923,0.946,1.022,0.805,0.775,0.719,0.444,0.595,1.125,1.102,0.718,0.547,0.447,0.541,0.707,0.807,0.589,0.438,0.279,0.445,0.827,1.432,0.733,0.561,0.561,1.479,0.84,,1.939,0.916,0.549,0.405,0.832,1.184,0.79,0.746,0.91,0.787,0.659,0.686,1.404,0.959,0.913,1.23,0.926,0.723,1.454,,0.72,1.308,1.528,,1.232,1.288,0.918,0.931,0.603,0.667,1.079,,1.138,,0.61,0.471,0.468,0.791,0.7,0.534,0.194,0.587,0.501,0.454,0.569,0.505,,0.544,,0.37,1.186,1.107,0.792,0.535,1.725,0.446,0.431,0.322,,0.395,0.824,0.499,0.853,0.741,0.625,,0.867,1.047,0.371,2.159,0.585,0.895,0.931,0.599,0.607,0.668,0.787,0.574,0.716,1.081,0.55,1.286,1.581,0.495,0.456,0.682,0.458,1.49,0.862,1.29,0.94,0.652,0.639,0.768,0.615,0.745,0.547,0.557,0.679,0.642,0.747,0.643,0.915,0.834,0.57,0.498,0.691,0.674,0.662,0.668,1.029,0.458,0.935,2.98,2.483,1.34,0.951,1.086,1.245,1.867,0.47,0.701,0.506,0.589,1.06,2.901,,1.557,0.72,1.007,1.575,1.675,3.09,1.81,3.179,1.634,0.419,0.712,0.673,0.29,0.349,0.509,0.695,1.917,0.569,0.937,0.666,0.778,0.971,0.922,0.619,,1.113,2.239,0.686,1.995,0.735,1.113,1.323,2.369,3.172,0.935,1.107,0.548,0.786,0.668,0.802,1.063,1.152,0.656,0.624,0.548,0.684,0.612,,0.598,0.816,0.969,0.172,0.599,0.46,1.267,0.217,0.712,0.759,0.44,0.813,0.496,0.538,0.661,0.669,0.422,0.516,1.361,0.447,0.465,0.504,0.574,0.432,0.958,1.096,0.667,0.898,0.362,0.73,0.874,1.939,0.714,0.986,1.982,2.267,0.345,1.334,1.734,1.99,0.635,0.554,1.423,1.124,1.225,1.44,1.99,,1.419,1.918,1.687,1.309,1.8,0.644,0.537,0.682,0.31,1.01,1.054,0.98,0.712,0.684,0.383,0.515,0.972,0.532,0.871,0.83,1.013,1.067,0.712,0.967,1.059,0.954,0.704,1.205,0.787,1.536,0.481,,0.551,1.768,1.914,1.203,1.608,2.197,1.603,2.142,0.698,1.173,0.676,0.953,1.036,1.139,1.29,1.143,1.417,0.985,0.721,0.524,0.553,0.71,0.585,0.513,0.474,0.332,0.279,0.512,0.258,0.505,0.944,1.064,1.454,2.251,,0.245,0.157,,0.403,0.2,0.373,0.194,1.121,1.141,0.838,0.986,0.325,0.275,0.791,0.394,0.844,0.463,0.539,0.638,0.467,,0.359,0.616,1.099,0.396,0.698,0.508,1.094,0.317,0.418,0.448,0.515,1.468,1.42,0.639,1.045,0.445,0.389,0.653,0.473,0.49,0.395,0.813,0.509,0.631,0.669,0.668,0.593,0.402,0.212,1.142,1.166,,0.492,0.397,0.862,0.574,0.891,0.914,0.95,0.384,0.337,0.392,0.504,0.584,0.735,0.581,0.945,1.129,0.462,0.322,0.415,0.04,0.544,0.342,0.421,0.297,0.797,0.125,1.434,2.616,1.142,0.366,1.138,0.615,0.562,0.429,0.777,0.749,1.202,0.771,0.422,0.913,0.672,0.626,0.572,,0.409,0.391,0.496,0.746,,0.685,0.536,0.963,0.679,0.32,0.469,1.058,1.879,0.489,1.44,0.36,0.565,0.563,0.408,0.582,0.496,0.572,0.707,0.453,0.744,,,0.013,0.377,0.68,0.604,0.669,0.397,0.553,0.999,0.773,0.668,0.772,0.591,1.039,0.698,0.873,,1.461,2.115,0.814,0.356,1.252,1.376,1.001,0.534,0.945,0.774,,0.595,0.367,2.032,1.632,,1.772,1.832,0.756,0.353,0.503,1.771,,1.265,0.618,0.413,0.296,0.709,0.814,0.95,0.281,0.246,0.34,0.515,0.442,0.422,0.067,0.574,0.557,0.852,0.474,0.602,0.313,0.51,0.148,4.192,1.984,2.863,1.56,,1.181,1.002,1.36,0.67,0.767,0.726,1.802,0.708,1.799,0.116,1.916,2.703,1.155,0.832,1.956,0.898,0.964,0.701,0.751,1.015,1.07,1.044,0.96,0.452,0.745,1.463,0.95,1.054,0.844,1.336,1.102,0.406,1.19,1.94,,0.645,1.533,1.239,0.884,0.901,0.589,0.531,0.208,,,0.676,1.353,1.19,1.505,0.615,0.925,0.114,0.199,0.341,0.238,0.389,,0.525,0.48,0.537,0.476,0.351,0.503,0.634,,0.535,0.347,0.534,0.838,0.485,0.828,1.304,1.238,0.844,1.029,1.571,2.004,0.614,,0.55,0.669,0.532,,0.303,0.561,0.409,0.494,0.454,0.477,0.755,,0.489,0.637,0.55,0.3,0.452,0.32,1.084,0.626,0.601,0.32,0.9,1.473,0.643,0.26,0.597,0.184,1.036,0.246,0.966,0.549,1.121,1.055,0.768,1.302,0.668,0.226,0.95,1.222,0.922,0.987,1.891,,0.984,0.576,0.904,0.641,0.654,0.556,0.558,0.529,0.517,1.097,1.417,1.485,2.949,0.851,0.867,0.726,0.566,1.07,0.637,0.563,0.725,0.53,1.179,0.928,1.437,1.013,1.425,0.832,1.156,0.062,0.744,0.877,0.58,0.888,0.806,0.81,1.33,0.807,1.278,0.978,1.341,1.635,2.27,0.96,0.578,0.511,0.516,1.02,1.308,1.082,0.469,,0.471,0.643,1.362,1.224,0.79,0.832,1.598,1.782,1.993,0.929,0.76,1.369,0.934,0.497,,0.554,0.678,0.536,0.711,0.512,0.416,0.503,0.581,0.477,0.624,1.377,1,1.781,1.146,1.387,0.674,1.163,1.03,1.055,0.426,0.561,0.768,0.508,1.059,1.099,1.992,0.645,0.397,0.7,0.481,1.279,1.371,1.739,0.782,0.554,0.627,0.802,0.75,0.534,0.661,0.607,0.68,0.629,1.323,1.442,1.423,1.242,1.508,1.753,0.809,1.253,1.086,0.94,1.177,0.123,0.258,0.111,0.62,0.227,0.743,1.143,0.786,1.188,0.961,0.567,1.089,0.848,1.236,1.504,1.496,0.528,0.938,1.128,1.771,1.04,0.531,1.482,0.924,1.808,0.207,0.132,0.559,,0.696,0.778,0.515,1.096,0.999,0.614,1.122,0.999,0.876,0.996,1.493,1.009,1.351,0.915,0.907,1.086,0.579,1.558,,0.541,1.098,1.199,1.183,1.272,0.777,1.148,1.092,0.389,0.085,0.92,0.642,1.439,0.651,0.794,0.59,0.242,0.124,0.388,0.333,0.472,0.474,0.585,0.616,0.335,0.344,0.369,0.371,0.25,0.366,0.681,,0.411,0.303,0.554,0.308,0.49,0.257,,2.008,0.844,0.188,,0.684,0.604,0.651,0.301,0.172,0.312,0.237,0.263,0.241,0.695,0.045,0.705,0.327,1.381,0.459,0.296,0.57,0.549,0.389,0.411,0.862,0.426,0.308,0.72,0.568,0.393,0.467,0.125,0.755,0.27,0.447,0.576,0.342,0.57,,0.868,,0.666,0.276,0.264,1.06,0.105,0.262,0.613,0.306,0.409,1.017,0.45,0.656,0.852,0.541,0.692,0.311,0.746,1.709,1.355,0.537,0.461,1.357,0.803,0.126,0.042,0.612,,1.728,1.336,0.837,0.685,0.214,0.252,,2.607,0.646,0.364,0.256,0.416,2.083,,0.966,0.678,1.161,0.344,0.938,1.014,0.289,,1.307,0.849,0.793,0.414,0.455,0.454,0.745,0.616,0.741,0.912,0.864,0.273,1.063,1.134,0.355,0.252,0.324,,0.36,0.629,0.729,0.822,,0.894,1.042,0.896,0.906,0.555,0.272,0.375,0.633,1.121,0.401,0.791,0.288,1.404,0.324,0.625,0.442,0.303,0.913,0.159,1.093,0.648,0.293,0.231,0.626,0.612,1.471,0.937,0.387,0.442,1.264,1.71,2.352,4.148,2.13,0.149,0.654,0.928,0.697,1.214,0.564,0.798,0.161,0.699,1.093,0.747,3.684,0.62,0.808,0.84
20160416,3,CO_24h,0.993,0.68,1.14,1.12,1.06,0.98,0.835,0.96,0.765,0.855,1.015,0.82,,1.465,1.985,2.168,2.195,1.784,2.211,,2.227,1.549,1.432,1.833,1.157,1.546,,1.027,1.227,0.846,1.11,1.121,0.726,0.811,3.043,3.346,3.678,3.678,3.642,3.278,0.831,0.954,1.027,1.062,1.143,1.189,0.911,1.081,1.045,0.93,0.882,0.905,0.88,0.733,1.299,0.438,0.648,0.609,0.777,0.903,0.636,0.737,0.547,0.928,0.632,1.638,1.59,1.743,1.676,1.567,1.315,1.161,0.799,0.697,0.788,0.912,0.778,0.961,1.139,0.623,,0.497,0.511,1.262,0.663,1.278,0.949,1.458,0.597,0.587,0.795,0.325,0.35,0.406,0.616,1.357,0.84,0.647,0.899,,1.293,0.737,0.923,0.802,0.787,,0.879,0.653,1.268,0.835,0.81,0.944,0.676,0.881,0.71,1.053,0.409,0.821,0.665,0.816,0.685,0.76,0.62,0.951,0.618,0.743,0.775,1.293,2.027,0.69,,1.199,1.07,0.717,2.156,1.37,1.573,0.817,0.613,0.45,0.471,0.599,0.452,0.784,0.385,0.443,0.638,0.656,1.446,0.639,0.369,0.573,0.856,0.956,0.681,0.369,0.692,0.453,0.673,0.825,0.603,0.566,0.592,0.866,0.889,0.623,0.686,0.635,0.752,0.465,0.977,0.997,1.041,1.094,0.939,1.351,1.26,,1.302,1.051,1.278,1.259,0.663,0.914,0.97,1.024,0.917,1.787,0.752,1.76,0.888,0.558,2.337,0.96,0.8,1.101,0.688,0.817,0.761,,0.635,0.667,0.857,1.016,1.07,1.325,0.743,1.308,1.853,0.693,1.778,1.136,0.648,0.718,0.869,0.863,1.616,1.238,1.847,1.555,0.535,0.498,0.305,0.456,0.389,0.635,0.669,,0.701,0.637,1.019,0.545,0.572,0.718,0.628,,0.468,0.632,0.806,0.865,1.027,0.958,0.789,0.348,0.31,0.25,,0.717,,1.347,0.619,,0.668,0.623,0.994,0.442,,,0.65,0.597,1.202,0.603,0.408,0.626,0.289,0.183,0.477,0.796,0.755,0.637,0.529,0.822,0.809,1.294,0.771,0.944,1.583,0.58,0.296,0.789,0.78,0.797,0.829,,0.854,0.726,0.779,0.593,0.72,0.469,0.716,0.824,0.78,1.074,0.617,0.738,0.969,0.62,1.009,0.987,,0.792,0.674,0.732,0.739,0.777,0.673,0.569,0.537,0.412,1.007,0.862,1.648,1.41,1.865,1.025,1.19,1.543,1.38,1.045,1.219,0.669,0.738,0.846,0.772,0.898,1.002,0.871,0.797,0.8,0.865,0.578,1.404,0.767,0.953,0.84,0.803,0.85,0.659,1.008,0.926,0.994,1.383,,0.821,0.941,0.979,1.32,0.936,0.79,1.303,1.001,0.423,0.809,0.828,1.051,0.441,0.722,0.744,0.713,0.712,0.865,0.791,0.642,0.854,0.656,0.626,0.429,0.717,0.941,0.579,0.778,0.479,0.769,0.884,0.857,0.525,0.712,0.926,0.613,0.774,0.567,0.614,0.809,0.683,0.881,0.682,0.766,0.748,0.677,0.712,0.714,0.387,1.087,1,0.928,,1.051,0.908,1.095,1.046,1.035,0.986,0.803,0.92,0.357,0.619,0.532,0.531,0.617,0.384,0.662,0.394,1.204,0.75,0.791,0.392,0.867,1.058,0.72,0.75,0.332,0.483,0.365,0.294,1.109,0.691,0.786,0.97,0.636,0.731,0.994,,0.705,0.561,1.403,0.897,0.542,0.427,0.582,0.695,0.955,0.622,0.719,1.284,0.485,0.116,0.771,1.711,0.523,1.127,0.37,0.906,,0.183,0.428,0.531,1.556,0.933,1.436,0.856,1.193,1.062,2.488,1.081,0.914,0.698,,1.62,,0.648,0.199,0.738,0.711,0.584,0.556,0.591,0.967,0.834,0.67,0.564,0.569,0.713,0.586,0.71,,0.718,0.816,0.656,0.675,0.483,0.363,0.755,0.683,0.907,0.879,0.852,0.843,0.736,0.719,0.813,0.701,0.527,0.453,0.995,1.075,0.704,0.638,0.462,0.637,0.738,1.273,0.64,0.498,0.256,0.38,0.613,1.522,0.853,0.97,0.595,1.632,0.931,,2.124,0.937,0.772,0.409,0.823,1.21,0.891,0.868,0.877,0.639,0.603,0.778,1.544,1.274,1.175,1.268,0.998,0.896,1.262,,1.135,1.635,1.548,,1.295,1.334,1.066,1.097,1.314,1.126,1.371,,1.291,,0.896,0.605,0.669,0.885,0.782,0.549,0.45,0.613,0.596,0.524,0.675,0.681,,0.774,,0.769,1.032,1.162,0.85,0.996,1.89,0.661,0.606,0.482,,0.437,0.833,0.612,1.001,0.919,0.893,,1.285,1.346,0.909,1.1,1.245,1.137,1.116,0.764,0.836,0.817,1.097,0.627,0.756,1.162,0.58,1.335,1.631,0.548,0.63,0.773,0.52,1.065,1.026,1.338,1.049,0.715,0.703,1.011,0.991,0.92,0.593,0.845,1,0.891,1.052,0.781,1.27,1.298,0.961,1.034,1.055,1.1,1.056,1.132,1.565,0.634,0.897,2.99,2.431,1.091,1.496,1.535,1.36,1.691,0.696,0.88,0.646,0.752,1.162,3.062,,1.905,1.113,1.351,1.987,1.966,3.243,1.973,3.36,2.552,1.113,1.264,1.175,0.955,1.028,0.608,0.798,2.056,0.841,0.937,0.654,0.799,1.317,0.952,0.616,,0.769,1.937,0.576,1.78,0.638,1.682,1.256,1.842,2.921,0.925,1.07,0.527,0.84,0.675,0.923,1.078,1.143,0.631,0.523,0.646,0.627,0.562,,0.449,0.979,1.291,0.337,0.653,0.7,1.332,0.532,0.8,0.875,0.479,0.958,0.726,0.691,0.83,0.876,0.54,0.536,1.486,0.526,0.585,0.584,0.767,0.45,1.121,0.783,0.619,0.798,0.842,0.602,0.752,1.681,0.619,1.729,2.877,2.967,1.799,2.094,3.244,2.873,0.748,0.74,1.431,1.213,1.397,1.819,2.194,,1.658,1.998,1.813,0.741,2.261,1.098,1.003,1.158,0.759,1.514,1.747,1.46,1.163,0.964,0.769,0.844,1.107,0.927,1.075,1.085,1.157,1.288,0.824,1.085,1.099,0.985,0.721,1.333,0.896,1.748,0.531,,0.503,1.871,1.162,1.097,1.474,1.31,1.004,1.668,0.963,1.343,0.851,0.964,1.051,1.194,1.354,1.324,1.462,1.071,0.76,0.565,0.571,0.897,0.56,0.539,0.74,0.545,0.496,0.802,0.533,0.637,2.35,1.008,1.185,1.663,0.147,0.532,0.321,0.273,0.574,0.451,0.523,0.418,0.986,1.059,0.739,0.881,0.579,0.502,0.922,0.415,0.873,0.877,1.151,0.996,0.838,,0.741,0.657,0.675,0.6,0.844,0.897,1.15,0.606,0.638,0.766,0.788,1.554,1.549,0.8,1.347,0.502,0.487,0.786,0.677,0.592,0.508,0.985,0.702,0.877,0.895,0.877,0.756,0.342,0.299,1.078,1.11,,0.49,0.292,0.414,0.351,0.805,0.736,0.999,0.354,0.43,0.674,0.566,0.62,0.794,0.741,0.994,1.128,1.045,0.487,0.531,0.347,0.678,0.461,0.46,0.403,0.71,0.238,1.54,2.665,1.203,0.445,1.31,0.777,0.702,0.536,0.866,0.824,1.327,0.816,0.469,0.975,0.725,0.816,0.715,,0.398,0.658,0.831,0.883,,0.849,0.68,1.009,0.92,0.74,1.106,1.115,1.898,0.47,0.713,0.42,0.464,0.642,0.477,0.592,0.581,0.576,0.666,0.551,0.834,,,0.034,0.552,0.543,0.62,0.523,0.378,0.681,1.16,0.908,0.786,0.926,0.675,0.907,0.714,2.098,,1.911,2.036,1.381,0.768,0.944,1.336,0.871,0.611,1.001,1.022,,0.926,0.72,2.297,1.953,,2.065,2.13,1.232,0.715,0.823,1.567,,1.572,0.303,0.325,0.251,0.682,0.949,0.839,0.358,0.285,0.432,0.548,0.454,0.593,0.355,0.767,0.801,0.932,0.376,0.453,0.3,0.629,0.221,3.863,1.763,2.456,1.341,,1.192,0.98,1.338,0.629,0.719,0.579,1.608,0.62,2.114,0.482,2.476,3.093,0.993,0.765,1.429,0.969,0.976,0.958,1.352,1.2,1.34,0.895,0.836,0.647,0.908,1.408,1.037,0.977,0.733,1.705,1.286,0.483,1.42,1.682,,0.644,0.967,1.107,1.139,0.874,0.705,0.398,0.32,,,0.888,1.219,1.22,1.352,0.832,0.973,0.254,0.277,0.329,0.477,0.522,,0.585,0.66,0.74,0.745,0.52,0.626,0.828,,0.665,0.516,0.628,0.985,0.584,0.946,1.444,1.351,0.568,2.064,1.155,2.274,0.307,,0.445,0.651,0.36,,0.223,0.563,0.633,0.82,0.781,0.794,0.726,,0.564,0.716,0.758,0.519,0.57,0.384,0.939,0.715,0.828,0.552,0.757,1.292,0.425,0.315,0.804,0.235,0.856,0.111,0.905,0.289,0.94,1.031,0.805,0.955,0.704,0.228,1.076,1.33,0.935,1.167,1.44,,0.935,0.661,1.052,0.731,0.658,0.606,0.502,0.649,0.391,1.014,1.331,0.89,1.115,1.336,0.652,0.563,0.561,1.152,0.357,0.589,0.69,0.646,0.858,0.664,1.472,1.175,1.603,0.992,1.271,0.062,1.302,1.017,0.789,0.789,0.74,0.727,1.219,0.843,1.332,1.168,1.468,1.669,2.288,0.991,0.54,0.443,0.424,1.566,1.239,1.384,0.942,1.111,0.933,1.201,1.367,1.254,0.909,0.882,1.72,1.744,1.904,1.007,0.866,1.562,1.008,0.814,,0.752,0.966,0.711,0.86,0.645,0.494,0.795,1.03,0.722,1.059,1.455,0.929,1.739,0.864,1.272,0.808,1.408,1.236,1.266,0.729,0.951,0.998,0.789,0.956,1.097,2.033,1.017,0.771,0.932,0.771,1.279,1.337,1.74,0.978,0.487,0.572,0.744,0.646,0.85,0.884,0.819,0.734,0.968,1.032,1.142,1.166,1.007,1.21,1.406,0.822,1.093,1.043,0.96,1.111,0.125,0.592,0.188,0.771,0.502,1.107,1.223,1.133,1.345,1.196,0.615,0.779,1.131,0.859,1.251,1.521,0.854,1.108,1.295,1.808,0.95,0.493,1.429,1.433,1.525,0.173,0.4,0.738,,0.731,0.865,0.583,1.067,0.931,0.507,1.4,1.013,0.846,1.238,1.096,1.42,1.828,0.95,1.061,0.915,0.647,0.943,,0.831,1.11,1.278,1.235,1.179,1.008,1.225,1.125,0.242,0.113,0.879,0.663,1.466,0.773,1.017,0.611,0.404,0.256,0.536,0.459,0.576,0.665,0.658,0.745,0.406,0.426,0.492,0.448,0.461,0.662,0.884,,0.61,0.51,0.725,0.705,0.758,0.634,,2.124,1.106,0.31,0.176,0.885,0.882,0.941,0.482,0.282,0.482,0.402,0.415,0.389,1.404,0.074,1.295,0.536,1.389,0.457,0.431,0.613,0.815,0.434,0.645,0.768,0.784,0.491,0.875,0.668,0.516,0.678,0.167,0.867,0.642,0.648,0.649,0.572,0.75,,0.92,,0.622,0.42,0.406,1.073,0.177,0.32,0.663,0.392,0.415,0.886,0.597,0.712,0.801,0.369,0.629,0.351,0.879,1.529,1.063,0.548,0.691,1.328,0.894,0.126,0.099,0.779,,1.765,1.399,0.863,0.727,0.233,0.319,,1.862,0.501,0.413,0.28,0.484,1.61,,0.871,0.76,1.315,0.431,1.18,1.204,0.372,,1.351,1.168,1.009,0.415,0.393,0.555,0.716,0.426,0.84,0.92,0.5,0.398,0.754,1.143,0.423,0.322,0.339,,0.446,0.727,0.341,1.383,,0.936,1.02,0.698,0.85,0.602,0.345,0.364,0.994,1.122,0.544,0.328,0.252,1.37,0.328,0.708,0.472,0.135,0.581,0.181,1.108,0.639,0.407,0.401,0.571,0.804,1.3,0.975,0.359,0.596,0.795,1.479,2.289,2.709,1.053,0.839,2.055,1.148,0.866,0.956,0.568,0.807,0.233,0.698,1.088,0.494,1.301,0.821,0.845,1.044
20160416,4,AQI,23,46,31,30,30,36,23,40,33,45,36,33,,37,37,38,45,45,35,,63,82,60,29,118,45,,29,32,13,25,22,33,30,178,179,180,183,205,208,62,77,88,111,79,54,45,74,88,58,64,54,52,49,59,147,464,145,500,143,64,73,66,67,65,45,46,45,43,75,62,65,81,127,119,43,54,52,42,46,,22,63,34,31,26,53,44,25,144,137,189,144,235,169,173,77,86,79,,85,90,87,94,97,,88,78,63,62,72,68,71,61,61,75,51,76,83,63,65,62,60,56,66,55,74,54,56,63,,63,57,52,61,45,57,78,45,49,50,42,52,40,48,52,52,46,67,58,62,58,54,58,63,69,59,42,51,52,30,45,38,40,38,59,61,68,63,59,64,63,64,51,113,78,107,,96,95,84,53,59,65,56,44,56,46,46,43,53,47,48,47,40,57,53,50,59,,50,40,48,51,56,57,57,75,75,73,78,77,32,52,51,43,89,92,70,79,38,31,27,47,27,52,48,,53,27,32,49,33,39,36,,41,35,45,65,63,63,45,28,30,43,,51,,31,37,,72,69,68,38,,,25,33,38,87,73,54,20,33,53,48,68,59,55,53,54,64,49,48,50,15,90,60,54,58,59,,46,56,40,62,31,38,47,50,23,40,52,82,93,81,82,85,,90,91,57,59,52,55,50,54,55,63,62,26,38,26,39,32,25,57,40,29,46,57,59,46,62,60,60,50,62,127,81,52,63,57,65,63,61,71,55,40,52,55,,52,60,64,61,55,51,65,51,53,52,55,57,55,48,56,64,47,54,55,61,60,45,27,46,55,54,58,55,37,49,64,48,38,36,49,23,51,40,48,49,47,55,48,57,56,57,58,54,48,29,43,40,,78,68,72,73,72,78,94,83,55,52,72,83,54,22,20,19,22,20,30,25,17,24,22,25,18,22,22,22,32,29,51,51,46,46,47,,46,24,53,48,37,30,60,64,52,54,73,46,52,57,51,56,87,46,49,52,,36,135,39,54,40,43,38,46,42,49,27,35,25,,29,47,35,53,43,55,33,21,32,40,63,68,112,72,85,66,64,,95,90,46,65,63,62,64,69,62,65,59,68,80,65,63,65,68,53,89,97,148,172,192,136,160,159,101,92,89,86,101,92,74,75,72,48,51,47,45,75,94,87,97,90,83,89,54,63,46,34,122,87,79,76,75,84,69,,90,93,142,,180,97,102,102,63,72,73,,77,,85,93,90,87,75,54,52,58,54,39,56,65,,66,,69,87,85,84,71,75,84,63,65,,46,55,52,82,71,77,,39,43,46,49,42,48,42,26,53,35,38,52,50,46,48,46,46,42,48,43,49,62,21,32,65,50,54,35,27,33,38,46,38,52,57,63,59,55,60,52,54,52,58,46,29,42,47,61,62,101,99,112,66,56,53,53,56,55,44,29,,63,21,23,35,18,31,22,38,36,31,20,46,21,25,141,142,140,114,64,67,67,76,74,64,,84,81,79,81,66,67,56,70,77,54,62,55,112,87,84,94,102,57,52,65,58,60,,59,43,80,33,35,30,58,64,57,84,72,104,39,54,60,55,31,23,25,29,55,55,53,55,34,69,62,54,35,40,46,42,21,51,54,56,46,64,42,39,53,63,79,73,92,58,83,,104,73,104,47,122,54,64,32,25,25,32,48,29,37,49,32,49,22,58,48,42,55,64,48,45,60,50,21,38,32,38,,35,42,19,26,88,125,95,134,46,53,57,57,107,98,98,87,107,97,47,49,38,50,53,44,13,14,15,25,23,20,59,33,77,43,26,22,25,22,39,20,31,19,57,100,30,45,22,30,25,52,33,26,47,33,35,,37,54,54,25,37,34,39,20,30,23,26,32,29,27,38,26,26,46,24,26,45,52,34,29,32,39,45,127,140,147,39,,49,82,105,69,26,28,53,33,24,81,87,106,75,77,84,84,73,65,50,58,43,53,42,58,68,63,56,56,55,63,67,76,52,52,51,43,52,53,53,47,52,59,55,,49,51,55,69,,55,48,58,53,54,48,50,58,38,37,53,33,83,82,58,41,49,48,58,46,,,59,56,65,51,35,52,31,67,57,64,67,60,64,60,30,,43,38,30,39,65,70,65,39,56,18,,19,18,32,52,,36,29,29,40,33,32,,30,66,61,59,82,85,102,50,36,113,102,108,162,318,82,80,93,109,103,56,51,51,139,150,133,179,,49,63,63,65,79,75,85,88,109,106,104,119,70,86,74,52,55,34,30,62,43,95,70,98,90,75,55,67,70,51,51,69,33,39,63,51,159,80,112,53,35,70,34,,,88,89,64,142,147,98,37,38,27,35,39,47,16,69,65,35,62,81,57,,47,28,50,26,114,91,108,84,70,77,68,64,53,61,70,67,48,,46,64,18,60,49,55,70,,67,64,87,103,47,53,26,44,81,102,95,89,65,43,28,32,117,67,70,85,93,48,53,47,69,9,25,23,22,37,35,,29,59,65,62,30,40,35,35,30,48,108,119,91,97,103,97,85,79,76,29,54,50,55,48,21,29,19,32,41,32,31,36,33,84,84,93,103,80,28,22,24,22,25,33,42,42,35,215,97,75,74,55,52,55,133,97,104,110,26,30,27,19,44,26,22,30,,55,57,31,87,84,105,94,38,22,30,48,54,,73,59,33,22,18,29,24,28,22,26,35,49,58,33,35,39,47,30,33,49,48,55,41,42,39,31,32,44,57,57,51,57,53,54,67,84,56,74,78,75,83,22,59,93,66,64,55,31,58,45,40,89,73,63,,80,46,36,46,31,35,,50,36,52,79,11,24,25,,54,55,50,70,70,59,77,79,79,88,66,74,77,59,51,65,109,130,,57,68,102,92,83,74,108,110,22,26,28,29,47,25,20,38,19,20,18,19,26,14,13,17,27,39,38,41,21,25,28,,31,40,16,20,54,23,16,82,9,28,30,10,13,10,26,34,24,28,28,53,54,47,49,50,20,15,20,31,21,23,17,29,37,13,30,29,29,36,26,53,23,33,41,37,25,,65,,37,39,31,29,25,15,61,81,57,53,65,65,79,95,113,83,74,94,158,42,43,39,54,27,15,26,23,35,29,103,55,56,53,,65,33,19,29,18,20,,47,18,74,75,77,90,12,,14,31,24,33,45,33,22,32,30,29,68,45,34,37,35,54,25,,20,35,46,17,,40,49,46,70,57,79,117,62,58,67,66,64,66,73,61,66,72,94,73,292,120,144,165,32,53,56,58,112,67,112,133,159,409,407,87,93,30,22,63,16,32,33,24,47,64,62,57,22,58
20160416,4,PM2.5,16,27,15,19,14,11,16,,14,23,19,23,,21,17,16,22,31,24,,10,60,43,20,89,31,,20,22,9,7,10,23,20,134,135,136,138,155,158,32,51,53,57,45,38,2,54,45,32,46,38,35,34,42,112,180,51,61,57,18,39,45,35,29,10,28,18,9,55,43,47,45,96,90,30,37,27,29,11,,5,32,13,14,8,16,16,,27,22,28,45,29,48,43,56,52,58,,54,67,64,70,66,,64,38,32,34,38,30,37,34,28,46,27,46,61,45,47,44,35,37,47,32,45,35,39,38,,45,40,36,40,28,40,57,23,34,35,29,30,28,33,36,36,32,31,28,23,34,38,24,22,41,21,25,24,33,21,26,25,21,20,39,38,49,38,38,34,33,34,33,85,57,80,,67,64,40,30,41,47,31,22,23,30,25,30,28,25,33,22,20,22,26,23,18,,29,24,25,19,20,22,35,55,54,49,57,56,20,35,14,25,66,68,48,58,26,18,17,29,15,20,23,,32,16,19,17,13,13,12,,12,15,14,47,36,40,27,13,10,17,,21,,20,21,,51,41,49,14,,,17,23,26,64,53,38,11,12,26,33,27,29,39,33,36,38,34,33,35,10,67,43,38,41,39,,32,35,23,44,8,26,13,19,16,27,19,55,60,46,54,58,,67,48,20,29,28,29,29,36,35,35,44,18,26,18,27,22,17,40,28,11,32,40,42,32,44,43,43,35,44,96,40,28,43,38,47,33,40,45,39,13,36,39,,36,43,46,41,39,32,47,20,33,36,35,38,30,33,38,32,29,32,39,37,40,24,17,32,39,31,36,25,20,34,36,33,23,24,34,,26,23,23,34,29,39,31,40,38,32,35,30,33,19,20,28,,57,49,52,53,52,52,65,61,39,36,52,47,36,5,8,7,15,4,19,10,6,14,9,15,10,14,14,7,10,20,26,31,32,25,29,,24,5,,9,8,13,5,8,5,13,6,31,25,23,28,30,31,25,8,6,,13,88,15,37,26,30,20,32,22,34,8,20,17,,20,26,19,29,23,39,14,4,22,28,45,24,84,49,39,38,29,,26,67,22,27,19,23,46,49,44,45,42,49,59,47,45,47,14,37,60,72,49,56,56,42,58,39,27,29,21,23,26,45,44,48,44,26,32,29,31,52,70,53,72,50,50,55,38,45,32,20,92,64,58,51,55,62,50,,63,59,71,,136,61,76,76,44,52,47,,56,,44,69,55,63,46,34,33,41,32,27,34,43,,37,,35,57,63,62,36,49,62,39,40,,32,25,24,60,45,55,,27,29,30,34,14,33,29,16,37,24,23,36,35,32,32,32,32,18,33,30,24,44,14,22,47,35,38,24,18,19,17,27,25,33,40,45,42,39,43,36,38,36,41,32,20,23,26,40,44,67,65,68,19,26,16,37,22,39,22,14,,16,6,3,8,12,12,5,12,25,3,9,7,,1,41,25,64,27,42,44,45,48,48,43,,62,36,58,52,30,48,36,39,51,37,33,31,84,64,62,70,76,40,35,47,41,43,,42,18,59,12,21,21,35,37,40,62,52,78,27,38,43,39,11,16,17,20,30,21,27,23,21,29,30,26,21,22,31,22,4,25,38,34,32,46,29,27,37,45,58,53,68,41,61,,78,53,78,31,92,10,18,12,4,17,22,33,15,25,27,22,34,15,32,30,27,36,46,30,20,43,35,7,12,22,26,,19,29,13,17,65,95,71,102,32,27,27,35,80,73,73,64,80,72,24,32,24,32,34,27,5,6,7,6,5,5,42,16,29,16,10,6,5,15,27,14,5,1,18,45,21,26,8,21,13,30,23,18,4,11,24,,23,22,26,15,12,13,27,14,13,16,18,19,20,12,26,13,14,18,10,7,29,16,14,20,20,15,31,38,22,27,14,,15,50,46,34,18,9,37,14,5,26,34,28,51,56,62,56,38,47,29,34,21,21,27,31,,45,33,26,25,29,34,33,20,31,28,22,20,15,21,31,31,25,31,,29,25,39,,,27,16,28,37,27,18,27,41,19,18,21,19,61,60,25,17,21,21,27,23,,,42,38,39,14,18,15,15,48,40,46,48,31,46,38,20,,30,26,11,27,47,44,47,27,39,7,,4,3,16,16,,11,10,4,17,8,10,,21,17,28,24,43,49,76,35,24,46,37,30,51,62,60,59,69,19,10,22,27,25,106,109,101,135,,26,31,36,28,47,48,47,65,35,43,31,34,51,61,54,36,39,14,17,44,30,48,50,73,67,55,39,48,51,34,35,37,23,27,37,31,121,59,84,37,19,17,19,,,65,66,45,108,112,73,21,26,14,24,20,28,11,50,32,20,30,48,27,,3,19,20,8,22,33,61,34,50,48,47,41,3,27,51,48,33,,32,46,1,38,34,39,49,,39,36,51,77,24,17,15,24,57,76,71,59,24,30,16,22,88,48,51,63,69,33,37,30,50,6,17,16,15,24,20,,12,42,47,44,14,23,24,21,21,19,81,90,59,72,60,50,63,54,52,20,37,35,39,33,11,20,13,22,16,22,21,25,23,54,56,69,77,59,19,15,11,15,17,22,29,29,22,165,48,49,54,39,36,39,60,51,78,62,18,18,11,11,12,18,15,9,,39,9,10,42,40,43,45,26,11,21,23,38,,53,26,1,15,12,3,2,2,2,2,24,24,41,20,14,8,7,15,19,23,22,21,20,23,27,15,15,21,40,40,35,40,36,33,48,62,36,54,57,55,61,,24,69,37,46,39,,19,20,28,66,53,42,,59,32,17,32,8,24,,35,25,35,58,3,14,17,,38,39,35,51,51,37,56,58,58,65,41,54,56,42,31,47,82,99,,28,49,76,68,61,54,81,83,5,7,9,5,17,11,12,10,13,6,11,11,18,5,8,8,10,27,15,19,14,11,10,,17,5,11,14,31,5,9,17,4,19,2,4,5,3,9,20,12,19,16,28,31,31,34,9,7,9,9,10,6,8,2,5,4,4,4,3,12,,18,15,2,3,11,15,11,,47,,14,12,13,12,17,10,43,53,35,21,47,47,58,71,85,61,52,45,120,29,30,24,,15,7,18,16,9,15,17,,27,37,,27,23,6,13,9,8,,20,9,18,22,18,17,7,,8,12,12,21,20,23,15,21,7,6,26,23,12,17,21,12,11,,10,22,30,6,,17,34,22,22,34,,48,14,20,41,34,24,41,22,17,22,26,25,20,56,76,23,34,7,13,18,16,36,39,74,60,107,226,169,56,69,7,10,44,11,12,2,5,16,45,31,40,7,41
20160416,4,PM2.5_24h,56,44,67,60,56,58,50,,41,47,57,59,,107,111,105,110,116,106,,106,121,139,120,121,112,,67,62,77,55,54,69,58,114,113,119,126,130,127,38,61,59,57,55,60,58,64,78,65,81,68,64,60,70,55,46,44,41,40,29,38,36,34,24,34,49,52,42,93,85,96,77,81,78,87,61,62,64,34,,27,33,22,40,30,44,47,28,32,25,23,39,21,30,24,39,39,46,,45,45,43,47,47,,51,39,35,38,32,30,40,39,29,39,34,47,47,40,41,41,34,40,39,33,40,54,53,50,,62,60,57,63,48,53,62,44,60,61,55,57,55,55,51,57,56,50,43,49,47,45,35,40,52,36,45,43,57,42,48,46,45,41,45,46,55,49,45,61,62,57,73,71,53,72,,63,61,72,51,62,54,45,50,61,62,52,58,58,54,65,48,43,47,56,44,51,,41,42,48,49,48,54,66,53,57,55,57,58,21,40,24,33,52,63,51,66,37,27,18,36,27,35,33,,46,25,25,28,37,29,35,,28,35,36,36,36,40,36,18,21,28,,40,,40,28,,36,53,46,26,,,25,25,32,30,30,23,15,19,22,47,49,44,46,50,49,51,49,45,45,26,41,36,34,34,31,,36,56,26,35,14,29,16,31,25,29,20,75,80,65,62,84,,93,67,21,32,39,33,43,36,45,46,38,59,70,69,69,73,73,65,63,72,31,36,34,33,37,36,36,32,37,75,35,35,37,39,31,37,38,37,38,35,31,34,,32,34,34,39,38,26,42,22,21,25,25,27,19,19,27,22,21,20,23,25,34,24,15,25,28,24,23,25,25,34,38,33,22,25,20,31,28,23,34,28,26,31,27,34,22,19,19,26,21,34,39,60,,57,53,52,53,52,54,56,62,32,38,46,36,34,10,36,21,29,26,39,30,31,32,31,42,29,35,35,26,36,41,36,29,32,31,35,,29,17,27,48,44,48,34,39,42,41,39,29,27,21,24,29,27,26,24,16,,30,107,21,45,33,36,27,40,31,51,21,44,33,,33,37,21,31,20,30,15,12,30,25,26,18,55,50,37,44,44,,25,43,20,18,28,10,32,33,31,33,30,31,32,30,33,32,37,26,41,76,33,39,34,33,39,26,25,27,23,26,24,40,40,49,41,34,40,40,39,45,80,59,54,40,46,48,38,37,35,20,111,92,81,85,86,98,66,,88,76,86,,104,73,84,90,63,69,62,,75,,70,98,96,89,74,33,33,31,25,24,26,72,,62,,70,64,67,67,60,70,77,59,54,,30,29,27,72,58,65,,28,29,38,42,36,33,28,28,38,31,37,38,38,32,32,36,34,26,39,32,29,15,15,18,32,28,27,16,16,20,22,30,29,33,39,39,42,38,44,40,46,46,54,50,32,38,28,40,38,58,76,86,34,35,23,32,29,40,71,46,,59,55,36,50,38,31,20,45,54,42,71,61,36,29,38,31,39,26,39,42,44,49,53,41,,42,30,36,42,18,46,36,40,51,38,32,31,86,56,63,64,67,36,29,42,34,38,,32,37,55,32,43,53,41,44,54,57,50,84,45,49,72,50,31,20,27,41,43,38,46,39,52,26,27,24,19,23,30,25,7,92,137,119,136,120,110,115,68,68,104,93,86,86,92,,90,104,146,105,134,71,63,70,58,54,63,80,50,60,62,56,46,62,43,44,46,52,61,59,38,60,53,59,74,73,68,,49,65,30,25,47,65,57,72,58,45,48,58,77,70,73,67,75,74,23,32,15,18,20,18,33,24,28,28,27,15,28,18,24,18,25,44,33,35,29,27,21,19,13,28,22,29,15,32,24,40,37,36,14,18,35,,45,30,29,37,45,48,52,31,33,39,40,28,31,29,43,20,23,21,21,16,40,24,24,54,48,39,54,16,10,15,21,,19,22,29,32,15,6,23,17,9,33,31,22,68,75,100,78,45,34,38,49,32,37,31,33,31,45,36,40,28,32,42,53,42,38,33,24,22,21,39,53,45,48,56,,52,56,68,,,42,37,44,71,60,67,33,49,25,27,39,40,73,72,27,25,18,20,32,24,,,50,51,28,38,32,33,37,54,51,54,53,47,47,48,86,,77,81,82,80,51,51,47,45,41,43,,40,47,34,35,,26,31,96,73,48,26,,25,32,30,28,52,65,62,28,23,45,44,40,40,37,63,77,73,71,70,29,29,32,126,64,63,75,,58,28,41,27,38,37,37,40,53,44,47,40,44,53,44,39,40,33,34,62,58,44,42,88,90,41,49,42,40,33,28,28,28,34,69,41,90,68,81,49,23,25,19,,,87,59,60,114,114,85,19,20,19,53,49,21,18,84,63,64,64,88,68,,47,46,36,23,22,51,98,56,43,44,41,44,32,41,54,46,41,,26,39,11,84,75,90,66,,50,56,87,100,48,42,37,50,60,65,51,60,28,44,31,32,57,46,38,40,102,27,30,32,30,6,24,24,22,22,18,,16,33,35,35,23,32,29,27,31,7,56,52,36,46,52,45,54,49,48,25,31,35,33,32,16,29,26,35,32,30,33,30,35,44,44,61,66,48,38,28,24,29,26,22,33,32,28,99,63,60,73,82,77,91,58,64,63,48,50,56,52,61,63,63,63,38,,76,44,36,71,68,44,78,57,54,55,24,34,,47,29,29,35,48,33,32,37,40,30,26,28,45,43,35,49,26,19,27,29,26,27,23,24,29,29,29,32,50,48,38,36,35,31,42,52,37,43,47,47,47,77,52,81,69,76,41,33,28,26,34,63,42,45,,51,52,49,52,50,61,,51,39,57,55,31,48,52,,49,57,53,41,38,30,51,39,46,70,49,60,65,52,40,52,92,94,,39,52,77,69,56,51,78,79,7,6,8,7,18,17,14,15,12,11,17,12,23,21,22,22,21,31,20,26,20,27,27,,28,15,26,30,32,20,21,22,17,22,7,10,15,9,8,22,23,18,16,30,38,21,34,23,13,13,13,13,17,29,39,42,32,39,22,26,32,21,29,45,22,21,19,18,33,,45,,18,24,19,17,15,15,51,55,43,29,27,30,62,69,74,66,63,45,80,25,22,31,,16,12,14,16,20,26,26,39,23,25,,57,19,22,18,17,15,,17,16,25,30,27,26,17,,19,32,31,23,16,25,18,23,21,15,29,26,13,19,26,19,15,,15,22,19,7,,20,31,20,22,27,,36,42,22,41,21,24,27,24,33,31,33,27,22,34,57,19,15,8,14,16,13,22,27,45,47,92,152,151,131,53,20,17,28,10,7,6,6,20,18,20,43,46,34
20160416,4,PM10,20,46,31,30,30,36,,40,33,45,36,,,37,37,38,45,,25,,75,61,,,,36,,,26,9,12,,,,264,253,281,231,266,257,73,103,125,172,107,55,45,79,72,65,,47,53,46,54,175,564,239,801,235,78,95,82,83,79,45,46,45,43,58,73,53,111,113,104,38,57,54,38,46,,22,76,34,31,26,56,44,,237,223,328,238,374,287,295,94,121,104,,120,126,122,120,143,,126,105,75,74,93,85,92,72,72,100,51,102,88,70,75,62,70,62,81,60,98,58,61,76,,49,60,48,72,45,61,68,45,47,,41,53,35,,50,46,43,83,66,74,65,47,65,76,88,67,42,51,53,30,45,38,40,38,68,71,79,75,67,78,76,77,52,152,105,133,,141,140,117,56,68,70,62,44,61,46,46,33,56,47,47,47,40,63,56,50,67,,50,40,48,51,61,64,63,89,99,95,94,88,30,54,52,43,96,94,89,103,38,31,27,47,27,53,48,,56,27,32,49,27,30,30,,20,26,45,68,75,75,45,28,30,43,,51,,31,37,,93,88,72,38,,,21,29,26,69,81,50,20,33,56,,85,67,44,56,58,78,49,,,,71,45,40,51,68,,,61,40,68,31,26,47,50,23,40,53,114,135,111,113,119,,89,132,63,67,53,60,50,58,59,76,51,23,28,18,32,23,22,41,34,21,38,46,68,41,68,54,54,46,59,,112,54,75,64,72,75,71,92,41,40,,43,,37,68,50,71,,52,59,52,55,,60,64,59,43,61,78,47,58,59,71,69,45,27,40,58,57,66,59,37,48,78,35,38,36,43,23,52,40,48,45,47,55,48,49,62,64,65,57,44,29,43,40,,85,72,80,80,68,105,137,80,54,54,54,116,58,14,20,19,16,15,30,25,17,24,22,25,17,19,21,19,32,27,52,51,44,46,47,,46,6,42,48,37,30,69,78,53,58,95,46,54,64,52,61,123,46,49,54,,36,220,39,58,40,40,38,46,42,,27,35,23,,20,47,35,55,43,51,33,7,31,34,63,86,124,94,119,82,77,,140,73,46,79,75,74,70,87,71,80,63,61,63,71,67,60,85,55,128,86,246,293,333,222,269,267,152,134,127,121,152,133,97,99,94,48,52,47,44,100,105,124,122,130,115,128,52,59,34,34,130,114,92,102,93,94,87,,129,136,234,,275,144,127,132,76,94,95,,95,,119,104,130,123,100,57,54,,57,38,61,79,,81,,88,123,101,118,91,99,94,75,80,,45,60,53,96,91,103,,36,43,46,45,42,45,42,26,,27,38,,43,44,48,32,36,42,40,39,49,,21,31,59,39,50,26,27,33,38,46,38,53,51,58,44,56,58,38,39,42,45,,,42,47,71,74,151,147,173,82,61,55,47,61,54,44,22,,76,21,15,35,,,17,18,,13,,46,15,,231,233,230,178,78,84,84,102,97,77,,112,111,86,111,81,71,61,89,103,57,73,60,115,115,97,125,115,59,53,64,62,66,,57,43,66,33,35,,66,78,49,87,,,39,44,54,,31,22,17,24,60,59,56,60,34,88,74,58,35,40,46,42,15,51,,62,46,,,28,37,,74,,,,,,,71,,47,,57,78,32,10,25,28,38,29,37,49,,45,,65,48,42,59,56,48,45,64,41,21,38,,,,35,,17,,87,163,115,154,44,55,63,64,90,99,88,91,108,101,47,49,38,50,55,44,8,14,13,10,12,8,59,33,104,43,,22,16,,28,,31,18,64,150,,45,22,24,25,53,,25,47,,,,37,58,57,25,37,34,,18,30,21,19,32,29,27,37,18,26,46,24,26,45,54,34,24,32,39,36,203,229,243,39,,49,114,159,88,18,18,55,23,24,111,123,162,99,92,91,118,96,61,50,66,43,55,40,65,86,59,62,61,59,76,84,101,54,54,52,43,54,55,55,47,53,68,59,,49,52,57,88,,60,48,66,56,58,48,50,50,38,37,55,33,65,66,65,41,49,48,65,46,,,54,62,80,51,35,54,31,60,49,58,,70,47,70,30,,38,34,21,,,90,66,,61,11,,8,12,32,53,,36,29,19,,15,32,,23,81,72,67,114,120,149,,36,176,154,165,274,434,,68,74,168,156,62,51,52,191,249,162,180,,49,75,75,79,107,100,119,119,168,162,158,188,67,122,90,47,57,32,30,64,39,139,89,78,79,58,53,61,58,52,52,87,26,30,76,52,194,70,88,51,35,89,34,,,,,78,112,,89,37,28,27,32,39,47,16,57,80,35,73,112,63,,47,27,50,26,178,131,166,117,90,103,86,77,56,72,77,66,,,37,,18,70,48,,89,,83,77,123,123,47,55,26,44,112,,131,127,80,,28,,,,53,,,42,52,47,50,6,20,20,20,37,35,,29,44,61,48,30,40,35,35,29,48,119,95,103,112,156,144,102,107,101,27,57,48,45,47,16,26,17,26,41,23,31,34,24,117,117,106,101,103,21,22,24,17,20,33,,,35,,144,99,,,45,57,216,144,156,169,26,30,27,16,21,,18,15,,,63,,123,118,159,138,33,15,,48,54,,,67,9,,17,9,13,25,7,10,33,49,64,33,35,39,47,30,33,49,48,60,41,42,38,31,32,44,63,51,52,61,55,58,61,67,62,79,74,73,79,,67,82,82,64,,31,65,45,37,91,73,76,,80,,36,,31,,,40,31,53,69,11,24,25,,56,43,40,83,67,67,77,79,80,78,82,70,97,59,51,74,119,159,,64,80,115,109,106,81,99,127,22,21,11,13,47,25,20,38,18,20,12,11,25,10,10,17,27,37,38,41,21,25,28,,31,40,16,16,58,23,16,31,,,6,10,13,9,26,34,24,22,28,56,57,47,40,50,15,15,13,31,15,11,17,13,12,9,9,4,,36,25,55,3,9,41,25,14,,69,,37,39,,23,21,10,72,111,64,56,54,57,81,106,151,96,98,137,150,34,42,39,58,27,15,23,,35,,155,60,61,47,,80,,19,29,,20,,47,18,98,99,104,130,12,,11,22,21,33,45,,22,32,7,16,85,45,34,37,35,57,25,,20,35,46,17,,40,,46,89,63,107,183,74,65,83,82,78,82,95,72,81,93,137,95,414,190,237,279,12,55,62,65,174,83,174,215,268,509,507,123,131,30,22,76,,,7,24,47,78,73,,15,42
20160416,4,PM10_24h,117,88,105,102,93,112,,94,77,82,110,,,173,184,170,164,198,167,,200,196,243,197,179,167,,116,140,145,122,112,141,204,229,223,264,229,246,237,87,112,120,135,139,127,138,182,164,119,162,143,196,175,159,160,156,174,195,159,73,93,76,104,68,111,101,111,101,163,170,158,188,173,148,135,132,146,87,112,,74,91,75,91,88,150,131,125,121,119,116,114,141,110,98,63,88,86,,100,87,85,81,100,,116,119,77,72,70,72,87,69,72,81,56,94,84,70,74,66,58,64,66,62,85,81,80,85,,82,94,87,93,69,82,96,78,93,84,98,97,90,104,84,98,91,149,126,137,136,115,106,139,157,117,98,105,109,88,107,115,95,86,87,98,112,98,97,125,122,107,123,190,135,156,,163,175,190,115,125,126,129,106,164,107,121,108,124,133,125,127,130,147,142,115,138,,117,125,121,125,129,146,154,114,126,124,113,128,51,91,66,67,122,113,118,107,59,45,24,66,44,74,62,,96,44,43,72,63,65,69,,43,60,83,60,74,73,61,37,46,54,,93,,85,53,,84,84,74,53,,,44,44,49,53,46,33,28,32,42,97,127,101,94,115,85,117,110,99,117,49,65,55,62,57,63,,52,77,52,56,47,36,50,53,44,43,53,180,252,205,201,221,,190,211,66,77,55,70,57,65,65,91,119,155,156,149,133,142,136,155,143,133,53,62,72,62,70,60,67,71,75,49,58,40,43,52,38,57,56,49,46,55,47,48,,51,53,39,63,48,39,52,39,37,34,37,43,35,27,46,42,37,35,39,42,57,37,29,33,43,44,44,42,42,47,64,37,36,31,32,36,46,40,47,39,37,41,40,43,34,32,30,39,37,55,61,80,,87,82,91,89,85,102,113,109,48,69,69,67,60,45,43,37,36,37,49,44,42,51,57,52,41,48,45,40,58,47,63,46,43,43,48,,48,25,85,106,104,83,97,85,86,95,105,52,58,49,53,61,73,55,91,75,,64,176,58,102,77,71,70,98,91,134,121,60,96,,83,91,54,64,41,61,43,20,54,42,49,51,109,117,114,101,95,,77,89,50,82,76,49,52,59,47,49,43,43,46,50,47,47,83,36,110,91,139,168,177,151,154,131,114,100,110,103,105,109,81,89,76,62,66,65,57,100,99,89,96,112,105,114,57,58,48,37,247,195,189,170,145,172,127,,225,203,243,,221,196,185,206,125,159,162,,173,,189,155,183,166,152,122,104,81,68,64,77,134,,132,,163,157,130,179,158,164,164,90,90,,66,83,85,226,157,253,,43,40,46,45,44,51,49,38,43,45,55,56,50,56,50,52,47,49,58,45,58,14,21,27,43,37,39,18,20,24,38,46,45,52,50,56,53,53,53,52,52,54,62,61,40,63,51,79,77,170,189,202,118,93,104,98,82,86,114,123,,133,119,81,144,69,85,64,57,139,117,205,159,66,57,191,167,157,121,70,75,82,98,99,70,,84,88,66,79,54,79,58,81,94,65,59,57,115,120,116,119,114,57,42,67,56,51,,43,71,71,71,76,57,75,74,95,111,61,100,70,71,101,75,55,37,54,70,87,92,103,101,86,63,53,46,32,43,55,42,12,198,310,235,165,210,251,236,136,75,198,120,92,149,136,,131,204,228,209,199,147,142,151,126,112,134,241,114,96,102,92,75,100,83,82,71,86,84,90,65,85,60,91,141,89,114,,77,95,46,35,65,101,86,117,79,76,79,91,103,120,96,101,124,100,51,48,30,31,33,28,41,40,41,41,46,25,78,39,75,38,45,62,49,38,45,52,44,37,43,59,39,51,31,43,38,59,47,44,70,24,53,,62,74,86,79,96,100,111,71,68,75,85,66,57,64,99,34,36,55,38,49,55,61,48,118,72,101,134,70,80,73,72,,84,79,159,112,26,19,59,39,33,133,121,125,171,178,183,212,123,90,63,74,64,67,84,83,128,80,101,114,93,99,143,160,79,81,66,47,42,51,116,101,113,109,124,,96,124,116,143,,130,92,117,135,134,146,84,77,61,65,87,88,92,90,72,72,47,46,61,57,,,77,88,46,74,55,65,67,122,108,119,107,82,75,71,125,,119,139,145,131,80,137,112,73,77,78,,67,95,72,63,,83,68,92,83,96,47,,54,128,107,113,142,142,161,65,57,153,155,164,127,130,86,107,94,477,393,74,69,66,159,157,124,164,,45,70,69,85,90,79,99,90,127,104,109,123,73,122,94,54,58,59,63,102,84,103,68,118,120,68,68,64,53,58,53,51,39,42,93,56,151,89,106,58,34,53,34,,,104,64,110,143,171,101,35,26,38,81,83,41,25,126,160,100,136,222,126,,76,84,65,74,88,135,189,144,89,107,82,92,57,72,96,74,62,,34,43,31,140,121,137,109,,115,106,148,147,95,103,80,94,162,109,110,104,71,67,43,42,59,46,66,47,46,41,44,48,42,8,36,29,33,28,30,,25,43,56,52,39,59,46,55,38,30,85,68,65,73,81,91,76,91,84,33,49,50,47,51,25,44,43,49,40,27,46,36,40,81,89,84,85,75,50,37,37,36,30,34,35,37,39,152,138,155,157,181,165,173,202,185,206,215,105,117,103,124,133,136,128,88,,143,146,89,146,150,132,177,112,105,128,50,56,,56,64,48,76,90,58,57,65,53,55,43,55,76,75,74,76,78,46,51,47,54,46,49,49,42,50,44,61,79,65,51,56,68,44,58,58,59,60,61,61,63,,79,129,111,113,45,51,61,49,49,91,64,76,,77,74,83,89,90,74,,58,83,80,78,55,75,90,,70,64,65,76,58,62,79,72,73,97,90,82,97,66,58,83,143,134,,66,81,113,113,98,101,101,127,29,24,15,20,34,32,25,30,24,20,23,21,38,33,31,36,33,42,40,49,35,43,53,,46,52,36,38,55,46,55,44,34,42,12,17,23,14,24,36,38,39,37,47,51,70,70,86,25,24,25,31,42,57,113,92,95,61,46,44,51,54,77,106,40,41,52,68,51,,80,,34,73,61,32,26,15,87,119,64,58,52,56,92,114,184,107,109,143,128,38,51,49,60,26,21,27,26,63,,220,57,48,44,,181,40,42,44,,25,,26,26,80,85,80,86,40,,34,87,60,48,50,21,28,36,30,29,53,50,33,40,69,69,39,,37,41,30,12,,50,49,46,57,61,85,127,68,74,122,68,81,69,94,93,86,138,133,109,171,215,81,67,25,62,58,62,100,105,138,192,271,332,309,162,171,50,36,67,28,16,14,25,55,42,50,59,94,51
20160416,4,SO2,2,2,2,2,2,2,2,3,2,2,3,2,,6,11,2,16,9,9,,11,11,9,14,13,13,,5,8,4,13,9,7,20,118,98,101,91,112,123,17,21,13,15,12,14,10,12,413,13,9,8,3,5,8,5,5,9,3,7,10,11,17,12,13,7,4,4,2,23,12,20,13,31,11,5,8,21,39,8,,6,50,9,6,6,7,14,9,5,4,14,5,1,8,7,7,47,21,,30,19,15,16,21,,10,6,15,7,4,5,10,4,13,16,4,22,9,6,6,8,7,12,8,17,12,18,22,25,,10,29,29,21,22,11,12,13,12,11,11,10,10,10,10,11,18,18,21,22,19,20,6,22,21,10,20,11,17,12,10,21,10,12,17,18,27,18,12,19,18,22,20,28,27,22,,40,18,122,14,31,63,28,13,18,19,11,8,17,11,16,13,13,34,29,17,20,,25,23,31,6,7,19,21,27,18,13,13,13,5,18,11,7,41,35,14,27,4,5,9,23,3,4,6,,15,4,4,6,7,8,7,,6,9,8,5,4,6,9,7,5,,,21,,11,10,,8,3,2,5,,,9,13,6,12,13,15,3,4,22,10,15,35,12,13,19,14,14,6,12,3,5,8,4,2,5,,4,10,11,5,4,3,16,21,21,18,17,24,20,15,20,33,,26,26,20,10,22,7,32,17,12,12,8,18,14,15,12,8,17,11,20,11,7,5,5,7,11,8,5,6,8,9,9,23,10,9,17,18,13,20,13,6,3,5,,9,15,13,22,4,6,17,7,5,3,5,4,5,7,14,3,5,3,10,6,10,1,2,12,7,13,3,38,6,6,6,9,10,14,11,9,11,6,17,2,4,4,3,9,8,5,5,8,2,7,10,9,,8,10,8,10,5,10,7,8,6,2,3,3,8,6,5,23,6,4,4,12,10,5,4,4,6,6,7,7,17,16,4,10,11,7,6,,11,10,5,1,2,3,3,1,15,9,1,15,9,124,11,9,12,9,4,10,,5,9,6,17,7,7,35,5,14,9,10,13,3,,8,9,5,6,5,13,4,4,10,11,5,18,39,11,10,58,16,,2,14,10,10,3,18,21,16,27,49,27,10,196,16,8,36,10,8,36,11,8,6,5,6,6,7,42,18,13,8,13,15,17,11,7,21,7,13,6,22,22,10,8,8,10,13,13,11,5,12,25,20,16,6,15,21,9,,11,18,21,,24,140,116,85,16,25,23,,25,,18,10,24,17,30,12,9,5,8,4,17,22,,12,,10,69,102,67,37,18,33,11,7,,11,7,10,33,62,36,,15,14,8,14,9,15,9,1,7,5,12,2,11,9,3,12,8,10,3,3,4,3,2,7,8,8,10,4,7,10,2,2,3,7,5,8,15,16,5,6,7,4,6,22,24,2,13,36,67,24,42,37,12,16,13,14,12,10,14,17,,21,10,6,7,5,2,8,19,4,2,15,21,32,6,11,10,7,12,6,12,16,16,19,9,,37,27,13,21,14,29,14,33,111,21,11,9,42,75,19,45,48,12,10,13,10,10,,9,7,7,15,4,11,13,41,35,18,5,7,12,8,8,11,6,8,23,8,10,4,10,8,10,7,10,9,9,26,27,66,6,29,7,14,30,8,17,2,10,12,15,16,7,11,11,,12,32,24,5,26,12,20,6,8,15,12,11,11,5,9,3,20,11,13,9,40,5,23,13,3,2,32,12,12,3,10,,3,5,3,3,23,46,32,18,7,5,8,8,9,10,13,10,23,8,1,2,15,13,18,8,5,14,16,4,13,16,88,15,62,11,6,6,5,8,7,5,6,5,8,7,14,6,6,4,5,33,45,5,2,2,2,,1,16,105,9,5,7,2,4,6,8,10,6,2,4,6,2,2,3,1,5,3,2,2,17,3,9,12,6,5,5,18,,7,74,188,91,3,17,2,2,1,4,2,4,14,19,25,24,5,6,6,1,9,11,5,8,15,6,9,12,13,20,15,11,4,16,12,12,2,17,10,13,12,12,14,,13,16,12,29,,11,9,17,30,20,16,25,19,9,13,9,7,10,13,18,1,7,9,15,12,,,4,3,12,10,11,8,5,13,10,20,11,5,9,5,9,,11,11,3,6,44,91,52,14,55,13,,15,10,3,8,,13,10,8,22,7,11,,13,5,1,10,14,18,11,2,3,21,27,27,25,36,7,6,53,18,6,20,3,6,39,42,33,49,,5,7,5,11,22,15,16,15,20,9,21,8,19,19,15,15,11,3,5,32,4,13,10,7,2,6,8,4,7,11,31,7,5,3,4,2,5,7,9,3,1,2,19,,,5,9,3,15,16,26,13,18,37,12,8,12,14,18,21,26,9,37,12,,25,13,26,32,17,7,40,31,17,15,24,27,124,74,25,5,5,,26,15,4,8,5,8,,,42,16,40,19,11,5,10,10,33,6,28,9,8,17,14,11,9,4,5,19,3,14,16,13,19,3,3,9,6,5,9,,7,1,4,5,1,3,4,1,1,7,31,47,46,66,45,27,55,39,41,3,103,117,71,56,11,6,3,23,4,2,17,30,16,14,12,10,25,42,8,6,4,3,8,21,45,45,57,19,17,21,17,16,32,25,14,12,9,12,25,27,13,9,132,21,12,23,,39,18,6,50,40,47,28,25,19,17,2,2,,8,2,10,7,13,17,5,2,12,15,11,38,17,22,17,11,4,4,5,4,8,9,2,4,1,2,1,5,5,3,16,11,11,9,9,7,6,30,26,34,30,5,55,9,16,9,3,3,3,3,12,10,36,11,,45,,2,3,6,6,,16,64,20,30,4,7,9,,3,1,4,9,3,3,10,10,18,37,18,3,16,17,63,90,9,17,,10,4,5,9,39,13,8,19,5,10,8,2,9,10,4,7,3,9,2,3,15,6,4,16,1,16,26,25,18,27,28,,14,12,5,32,5,2,5,4,6,4,2,5,6,1,15,17,7,19,27,10,2,10,6,18,11,14,2,8,17,9,5,14,10,5,22,11,8,3,13,3,10,10,28,6,4,,9,,1,3,10,9,13,3,3,14,5,9,13,16,18,20,45,15,14,5,9,4,19,3,3,13,7,17,2,3,9,5,5,16,5,,22,8,8,9,6,21,,6,7,2,3,2,3,5,,4,2,2,6,4,10,12,13,3,4,11,14,5,3,13,8,2,,2,3,10,4,,9,19,13,15,21,10,7,19,1,25,7,1,25,4,3,3,6,8,6,3,5,1,3,,5,5,8,10,3,4,2,8,14,11,4,14,3,8,11,5,2,3,11,8,17,103,12,27,12
20160416,4,SO2_24h,16,9,16,16,20,14,15,16,10,10,18,12,,31,38,32,37,27,43,,33,30,31,36,21,32,,44,34,38,44,40,27,40,99,85,83,90,100,105,24,31,15,23,24,42,31,41,104,28,36,34,32,32,41,13,9,17,11,12,18,15,21,24,20,32,32,34,30,80,17,49,35,48,34,38,30,62,61,18,,17,19,23,15,17,23,27,19,15,11,20,9,5,12,11,11,42,24,,25,25,24,18,29,,22,9,25,11,9,10,14,8,19,24,8,22,11,12,8,12,9,14,11,19,14,22,23,26,,16,38,30,28,31,16,48,19,14,13,12,13,9,12,13,13,20,22,21,22,21,22,7,20,14,12,15,10,18,14,9,15,12,13,19,25,31,17,15,19,18,24,31,29,27,19,,37,18,139,19,36,70,34,17,17,26,16,11,16,18,21,21,18,34,24,24,22,,27,30,29,9,15,23,28,21,24,10,11,14,7,13,13,8,40,26,10,19,9,7,10,20,8,10,13,,21,8,7,12,13,16,13,,11,14,16,10,9,11,13,7,9,7,,28,,19,14,,12,15,8,10,,,12,14,8,13,10,14,3,5,11,22,16,37,14,17,16,15,15,13,21,4,4,8,6,4,5,,5,8,7,4,6,6,12,15,8,11,6,24,28,22,27,40,,32,27,22,11,20,8,25,17,10,12,16,24,21,25,18,12,24,18,23,21,10,10,10,13,13,14,9,13,13,21,8,14,8,6,11,16,9,13,10,6,5,7,,11,12,13,23,5,5,20,7,5,4,5,4,17,7,13,3,6,5,10,6,8,4,3,13,7,10,5,15,7,7,5,5,2,12,10,7,8,5,12,4,4,6,4,7,7,3,5,6,2,17,35,11,,7,10,8,9,6,10,7,9,5,4,5,5,11,5,5,10,8,4,6,8,13,8,9,9,8,9,8,5,10,14,4,9,8,7,6,,9,9,7,7,6,6,6,6,15,8,7,23,9,36,18,13,19,20,4,6,,6,12,7,17,9,5,9,5,9,12,11,15,5,,6,11,3,4,5,5,4,7,16,13,6,9,28,13,15,23,13,,3,15,10,12,7,8,53,20,33,49,36,10,19,13,8,33,13,4,68,11,9,9,7,9,12,9,17,9,9,4,8,20,19,14,11,24,15,18,15,23,23,17,11,14,11,21,10,8,6,6,39,29,28,6,15,23,10,,31,36,35,,34,64,49,46,22,40,25,,26,,17,17,18,14,36,15,11,7,9,8,26,29,,10,,16,28,48,35,48,20,35,10,5,,20,10,13,30,69,37,,34,10,10,11,13,18,8,3,8,8,21,2,9,9,4,11,8,11,3,3,5,3,3,8,8,9,10,4,3,7,3,2,3,8,6,9,14,13,9,7,8,4,9,24,26,7,16,28,33,26,37,40,21,26,21,19,24,20,19,14,,20,12,15,7,10,2,10,12,34,28,38,36,53,25,15,12,11,11,9,14,20,29,27,14,,32,21,8,16,7,46,12,27,87,32,11,11,55,90,33,49,62,13,9,15,11,10,,8,11,52,28,7,17,11,29,16,17,6,10,15,10,8,15,9,6,41,14,13,5,14,13,11,35,36,36,35,51,35,69,31,48,45,57,51,46,48,41,37,47,47,35,44,20,18,,19,43,41,23,49,24,40,18,23,45,39,39,34,11,12,5,20,12,23,20,49,12,13,44,11,11,42,18,21,9,15,,3,11,3,3,26,33,29,19,14,6,9,10,15,15,17,18,25,13,1,2,11,10,11,5,9,18,13,15,18,8,69,15,43,8,5,10,10,9,11,7,6,6,7,4,9,5,6,4,7,8,19,5,5,3,2,,4,16,24,8,11,13,9,11,14,14,19,7,3,7,10,2,3,3,6,6,5,2,3,21,8,13,15,4,5,2,25,,10,15,72,40,2,14,1,4,1,7,4,5,22,31,30,40,22,13,6,5,10,12,6,10,14,11,12,9,15,21,17,20,6,21,16,13,3,18,15,12,15,14,17,,16,17,21,41,,11,9,15,24,20,24,20,15,11,16,14,14,13,16,11,5,9,8,15,14,,,8,7,7,17,14,14,15,25,19,47,23,8,10,5,45,,38,54,49,21,34,51,31,24,31,19,,21,11,8,13,,19,18,30,49,38,21,,27,22,4,9,24,24,36,3,2,9,12,11,24,31,11,15,19,13,12,25,4,7,30,34,31,40,,6,8,8,13,21,12,14,14,25,12,25,10,14,15,14,24,11,7,14,45,26,12,7,9,6,10,12,8,11,12,34,12,8,7,8,3,7,16,13,3,6,5,16,,,9,13,6,11,20,28,16,22,40,19,10,20,23,20,17,30,10,36,13,,23,12,19,25,19,12,35,31,12,23,29,43,24,14,32,11,6,,28,8,6,12,12,14,21,,18,19,22,15,17,13,19,13,27,8,25,8,21,16,15,12,5,4,10,12,26,11,14,12,13,2,2,11,6,7,9,,8,2,6,6,1,4,4,9,2,7,14,24,27,26,37,22,44,34,39,3,39,101,43,30,15,21,14,25,20,29,13,21,21,10,10,10,29,35,19,11,4,11,12,15,32,34,39,57,42,47,31,40,48,42,30,30,44,25,19,23,21,23,110,45,30,30,,45,26,18,36,36,40,27,20,27,27,20,2,,11,1,13,8,25,21,12,9,11,7,12,42,43,29,25,26,9,11,12,14,19,13,4,6,4,8,5,7,10,8,11,10,12,10,11,7,8,22,25,50,27,6,55,24,30,35,14,10,13,7,22,32,15,39,,19,,8,12,20,37,,12,59,27,12,6,9,9,,18,4,5,12,3,4,17,19,16,22,17,12,16,17,44,61,12,12,,14,6,9,13,19,37,9,12,9,12,5,5,4,10,4,8,6,10,4,4,9,11,11,12,2,10,21,7,26,22,14,,15,13,5,29,9,7,6,4,6,4,2,5,6,2,14,20,9,24,29,5,28,10,9,19,8,9,25,14,21,7,7,19,8,6,13,11,7,10,14,36,15,13,29,6,6,,17,,2,9,19,8,12,3,3,15,7,11,24,21,15,14,24,12,10,6,9,7,10,6,6,14,7,16,5,5,8,4,6,13,5,,22,6,15,11,7,14,,6,5,5,8,7,5,4,,6,9,18,7,4,10,9,9,4,5,10,17,7,5,18,10,2,,3,5,10,5,,9,16,13,8,21,11,6,13,2,31,6,2,22,4,17,7,7,7,7,2,8,2,3,,6,7,10,13,8,7,2,11,14,9,9,6,7,12,6,6,3,6,13,8,14,46,13,14,14
20160416,4,NO2,13,28,20,26,25,19,27,27,8,52,28,14,,26,14,9,14,11,23,,17,21,18,24,20,18,,15,14,14,7,13,6,8,107,131,71,105,113,119,13,24,55,42,34,39,45,27,52,15,10,57,15,16,14,13,10,3,5,18,35,18,26,16,12,23,18,22,19,37,41,26,33,28,33,29,24,24,27,27,,5,43,24,25,3,38,59,5,11,10,6,9,23,13,4,23,21,33,,19,59,25,29,26,,19,24,21,4,12,14,15,17,12,23,11,38,20,64,25,30,16,18,12,18,42,34,25,34,,76,74,48,31,63,27,22,22,30,21,19,21,29,11,22,8,4,30,39,43,58,36,57,67,41,34,30,28,23,24,29,36,19,24,22,21,13,29,25,21,24,15,25,46,37,27,,40,52,32,31,31,29,37,24,43,21,17,41,55,18,43,24,15,52,29,12,32,,39,28,26,30,17,33,28,20,56,29,18,43,16,18,19,17,41,65,34,32,40,38,10,51,12,38,67,,44,20,30,2,7,8,12,,5,13,10,60,43,62,23,19,2,,,33,,14,25,,57,21,16,12,,,30,25,20,46,43,51,25,27,44,20,36,11,25,27,47,44,26,9,22,27,51,54,64,48,65,,27,46,33,30,31,1,37,52,14,33,24,31,22,25,28,9,,33,13,18,12,5,20,2,7,5,6,19,38,46,24,18,25,16,18,24,13,25,27,49,26,42,41,21,30,48,,18,23,11,17,19,27,22,27,18,19,28,26,,30,44,31,40,25,17,2,21,7,16,18,13,3,4,24,6,11,11,19,18,31,14,6,40,44,54,16,28,5,32,38,6,2,4,12,20,10,14,8,18,11,23,20,21,12,9,17,6,12,9,12,11,,32,9,30,7,19,58,74,22,5,8,11,7,16,7,26,16,14,12,11,29,14,7,37,4,17,17,5,13,21,39,31,28,38,32,36,,28,10,7,14,1,13,11,8,7,27,8,35,13,24,31,6,20,11,14,24,,9,43,29,38,25,47,28,27,35,42,23,32,21,,21,48,42,29,16,27,31,17,20,31,16,12,26,49,54,39,54,,57,79,74,89,46,22,33,28,35,33,34,22,35,32,17,8,6,13,30,17,9,1,6,6,7,10,11,10,13,8,10,18,,,11,7,5,12,2,18,25,14,7,31,20,34,44,53,60,22,32,32,30,31,23,30,47,,13,20,30,,24,47,30,29,24,78,41,,46,,13,23,74,36,10,12,11,6,5,8,5,14,,27,,19,27,27,33,15,11,22,14,5,,13,6,11,30,18,30,,11,16,20,26,25,8,12,8,14,9,11,8,5,9,6,15,4,1,7,2,1,33,31,27,8,11,11,13,6,9,4,2,1,22,37,37,8,13,8,10,14,13,11,2,2,9,19,38,50,29,27,58,10,10,4,9,4,4,19,33,,36,22,3,16,10,21,2,5,43,61,19,34,19,20,3,6,4,10,11,10,12,17,23,12,,33,26,17,20,27,34,15,38,61,9,9,6,31,33,33,31,34,13,8,18,9,10,,8,12,9,17,12,3,14,,23,27,16,21,15,12,5,13,39,29,10,8,24,15,17,14,44,35,35,33,20,5,39,17,2,42,3,1,33,22,9,9,15,23,19,20,44,18,18,,26,44,32,24,11,19,18,17,14,18,19,18,11,7,11,9,13,9,8,8,5,22,17,1,26,13,24,6,3,4,10,,11,5,11,3,8,51,36,42,11,8,11,18,11,16,22,9,25,13,4,2,37,27,43,31,7,8,13,7,4,8,51,10,49,38,2,1,8,7,11,8,8,10,41,33,56,35,5,17,6,39,21,8,11,32,7,,22,12,13,14,27,21,51,17,29,23,15,11,27,48,49,6,18,24,35,28,27,30,43,14,49,45,31,8,13,6,22,,4,36,46,55,12,3,1,8,21,64,21,23,18,31,25,35,12,11,7,,16,23,12,9,17,25,7,22,25,7,9,3,5,12,2,6,6,7,32,45,37,17,15,,20,21,18,17,,22,20,28,25,22,27,27,25,22,17,54,29,10,9,16,36,25,20,39,34,,,16,16,21,9,8,8,10,12,11,14,15,22,34,31,2,,12,8,8,9,52,37,28,32,60,9,,12,18,18,4,,5,2,12,9,14,27,,19,8,6,9,14,27,19,7,7,18,17,16,5,12,17,14,37,7,11,4,5,3,29,38,37,39,,4,7,12,12,36,34,19,35,12,10,14,19,21,24,24,26,24,9,17,25,22,23,15,18,8,28,23,20,5,13,14,7,2,8,2,28,17,31,57,18,13,6,8,,,26,25,18,9,22,37,6,13,8,16,21,10,5,66,4,25,24,28,21,,42,30,20,32,8,20,31,15,34,36,46,29,51,65,21,2,26,,32,26,10,29,45,33,,,11,17,71,26,11,20,16,29,32,15,70,53,60,12,44,31,34,20,28,14,36,25,26,25,17,2,10,12,5,22,41,,14,21,35,50,3,3,2,12,8,2,23,12,25,20,26,20,36,28,24,6,26,21,21,21,5,5,2,3,5,3,4,4,7,25,12,2,20,20,7,13,8,10,7,25,21,41,30,30,17,26,16,42,14,20,22,29,24,20,23,30,32,17,15,41,14,10,,9,6,10,33,30,66,34,18,9,31,43,38,,10,26,5,10,4,6,8,9,11,11,33,22,40,22,19,20,38,18,14,14,7,3,2,8,5,2,12,3,18,16,28,31,30,26,31,25,3,21,18,19,17,7,9,9,15,16,8,6,8,1,11,8,31,12,,27,4,12,8,4,1,,15,15,4,27,4,2,16,,13,30,14,33,10,14,10,13,21,6,19,24,28,10,11,19,11,41,,13,20,33,52,8,9,12,12,25,20,14,27,14,17,11,16,6,13,15,5,37,27,19,26,7,27,17,15,8,22,19,,17,11,30,33,41,15,7,43,7,7,2,15,23,20,6,6,6,7,9,9,8,17,25,16,11,11,4,11,8,11,9,25,17,25,6,5,4,10,14,12,11,6,6,6,1,,32,,4,2,5,1,1,5,15,43,15,2,43,56,14,35,23,15,31,41,20,14,12,40,49,6,5,,14,11,15,17,12,14,3,,20,10,4,13,11,14,,42,28,31,40,26,24,8,,6,5,12,20,18,4,38,30,13,5,14,18,33,29,20,51,4,,2,29,83,32,,4,6,10,30,8,3,18,12,13,15,52,32,88,10,7,9,15,52,19,22,19,2,2,4,47,53,5,37,7,13,18,58,66,72,17,24,17,23,,6,2,3,17,8,34,52,35,12,51
20160416,4,NO2_24h,39,36,46,52,57,51,67,57,35,61,43,50,,74,74,47,72,68,75,,82,103,65,72,61,72,,61,43,45,59,47,31,27,90,105,73,102,104,97,34,48,73,62,53,54,57,43,64,49,42,82,46,46,61,30,31,27,27,35,28,24,26,27,16,71,59,58,62,77,73,63,41,49,37,60,50,60,47,27,,15,21,24,29,14,35,41,16,30,19,23,20,36,27,16,26,30,36,,28,72,34,42,45,,33,30,37,19,18,27,28,29,18,39,24,56,37,39,40,43,19,21,24,23,42,33,34,31,,83,81,51,29,71,29,54,31,55,45,45,44,49,39,38,31,27,33,38,37,46,34,46,55,28,30,36,48,39,50,46,42,45,57,22,24,20,30,31,24,28,16,38,37,36,21,,33,41,28,33,36,29,36,52,59,49,44,61,64,50,44,52,31,59,46,28,44,,45,46,36,40,23,47,47,16,46,24,12,39,23,22,26,23,38,57,29,21,40,45,12,54,23,43,53,,52,33,47,35,26,39,43,,15,36,38,60,57,85,54,19,15,36,,35,,32,36,,40,29,27,26,,,38,28,24,39,24,27,23,20,24,54,47,23,29,49,72,42,38,10,49,40,50,49,56,45,52,,42,48,33,23,23,8,23,45,13,33,24,19,29,38,46,39,,45,5,22,21,12,32,16,24,15,15,31,49,65,45,47,31,42,46,38,35,20,45,39,24,32,33,27,25,42,35,19,44,12,31,16,50,43,25,30,19,52,42,,40,42,37,54,50,27,50,36,23,33,27,42,30,14,58,9,14,23,29,27,39,36,13,54,50,53,41,35,14,47,49,17,11,11,9,23,22,20,12,30,29,36,39,38,13,20,21,11,12,38,30,32,,27,13,41,13,22,39,36,35,6,12,18,11,27,15,39,20,22,23,29,25,28,21,46,28,24,41,21,22,32,57,30,37,43,43,41,,27,18,15,46,16,23,17,29,36,52,23,31,16,10,16,6,29,20,14,29,,10,42,14,49,36,45,42,40,48,46,17,31,37,,23,49,27,29,13,26,31,23,21,30,12,3,21,24,27,30,26,,42,35,44,45,37,13,30,33,36,24,34,28,34,34,20,14,6,11,36,19,17,13,13,14,14,17,18,13,11,8,12,32,30,21,21,16,16,28,17,24,26,19,19,35,39,38,36,43,45,17,39,38,38,30,19,31,31,,33,36,31,,35,46,32,34,37,47,31,,45,,15,22,31,14,9,25,30,13,11,18,14,16,,17,,20,22,25,29,21,20,28,22,8,,24,12,21,44,25,31,,28,27,31,20,40,23,21,16,20,19,25,9,6,10,7,18,5,3,10,4,4,14,28,35,9,16,13,24,17,16,6,4,6,37,54,50,13,18,22,28,26,27,24,16,15,24,17,32,37,21,26,29,25,40,27,26,22,29,25,38,,47,31,10,31,17,30,8,6,60,51,57,52,37,32,9,13,9,12,16,18,23,37,25,17,,30,36,18,27,12,38,26,36,53,26,14,18,38,49,40,41,46,29,19,34,22,26,,10,27,38,26,20,11,14,57,25,42,18,26,27,21,14,24,21,22,18,12,33,22,23,24,46,20,27,20,12,7,36,12,3,57,52,40,50,42,49,49,32,42,36,44,55,27,18,,30,45,44,51,21,34,35,34,34,29,31,26,23,40,53,50,36,45,45,36,26,38,29,15,11,23,22,16,16,10,26,,22,21,23,6,8,46,25,45,13,11,16,18,14,25,23,23,30,18,8,7,17,21,22,17,19,16,26,22,24,10,39,12,36,25,8,6,23,24,14,18,13,21,20,17,33,16,11,23,25,31,18,19,33,41,23,,30,13,8,21,31,34,44,14,30,28,30,11,38,46,56,10,24,38,39,27,36,37,46,32,50,46,34,9,14,6,16,,7,14,22,17,14,6,3,13,11,28,22,18,25,37,21,26,24,26,11,3,32,27,12,14,23,35,14,22,28,11,20,12,9,24,10,13,11,14,43,49,35,49,47,,36,37,52,32,,52,29,24,41,37,51,28,23,35,34,41,33,15,13,22,45,36,28,49,56,,,30,28,13,18,12,17,21,27,18,27,20,39,35,25,21,,24,28,31,17,25,32,18,21,22,16,,21,31,22,5,,8,3,42,33,45,24,,19,10,9,7,23,31,26,12,10,21,24,21,25,31,26,25,29,7,5,6,8,4,32,40,32,50,,6,12,22,18,28,38,14,29,20,16,22,24,31,31,33,30,34,27,30,34,41,36,21,30,20,37,37,27,10,16,22,9,2,14,2,35,16,31,36,16,22,12,17,,,43,31,17,12,34,46,25,21,13,31,22,12,11,69,4,46,28,26,19,,27,30,19,29,9,23,26,39,22,31,47,35,32,24,70,11,53,,33,24,11,30,43,35,35,,24,18,49,23,16,25,22,33,19,17,43,28,31,26,34,32,40,17,38,17,23,21,23,24,17,2,16,18,13,35,51,,24,23,48,42,3,6,3,18,10,3,16,8,14,11,14,16,32,31,21,9,23,19,24,21,6,13,13,13,17,19,19,25,22,24,19,4,30,26,14,14,12,15,10,17,16,33,29,58,49,62,30,54,25,33,34,43,35,31,24,34,33,24,33,50,21,25,,19,20,25,22,24,47,24,27,18,37,35,23,,11,22,7,19,19,18,16,21,21,16,21,21,38,25,29,32,46,23,19,16,12,3,5,11,9,11,16,8,28,20,24,20,35,20,32,29,6,14,12,22,17,16,32,28,23,39,12,18,20,10,21,16,26,26,,34,3,14,14,12,3,,11,13,12,18,4,12,24,,14,29,17,29,8,15,19,19,18,15,10,21,25,12,15,21,13,26,,18,16,29,35,11,19,15,20,17,31,18,29,12,17,10,25,12,17,19,11,17,25,21,18,9,23,18,18,5,26,18,,19,21,34,34,37,29,15,45,17,12,3,24,34,29,5,6,13,10,12,8,9,17,34,27,7,12,10,12,22,13,19,22,21,24,20,13,13,11,11,17,17,13,13,14,24,,29,,8,6,14,7,10,13,22,32,13,3,22,28,12,10,16,20,22,38,22,15,10,38,36,8,7,,24,9,13,15,15,20,10,,18,8,16,17,12,13,,28,23,25,37,27,28,8,,7,18,20,19,10,4,29,23,18,9,12,12,22,27,14,34,7,,9,18,55,21,,7,7,8,23,9,4,7,10,14,17,24,26,44,8,15,13,15,21,23,11,15,5,4,3,38,33,9,28,40,47,20,54,52,47,24,35,35,22,29,12,3,11,24,18,14,26,51,19,63
20160416,4,O3,47,38,49,31,42,46,,32,27,17,26,73,,64,85,25,80,83,84,,69,68,72,71,41,76,,79,19,9,80,69,41,93,19,12,34,16,13,17,120,101,104,111,121,51,43,52,52,69,56,66,50,60,38,78,84,84,84,71,56,77,84,71,47,55,66,55,75,46,56,56,40,47,45,73,57,65,43,27,,53,2,25,24,48,24,14,79,94,100,70,71,78,72,79,69,109,91,,125,56,106,99,102,,122,122,122,126,128,139,128,127,141,122,89,104,95,49,96,78,93,112,104,94,87,61,48,64,,30,25,41,36,40,53,39,59,98,103,92,114,75,103,96,116,106,45,41,63,37,62,52,30,45,69,60,58,75,72,69,64,85,74,75,78,75,20,74,124,122,101,125,56,64,57,,45,52,64,14,42,43,52,84,76,63,101,55,63,106,42,82,71,68,58,64,56,,47,63,15,62,35,69,70,75,42,54,59,53,100,95,95,109,54,34,64,43,49,23,44,57,,38,20,,60,70,9,112,105,123,115,,129,110,102,6,21,8,44,73,79,,,57,,86,80,,20,40,40,90,,,41,44,40,16,61,19,44,30,16,59,27,44,60,52,45,36,76,71,62,34,20,18,37,18,4,,49,25,16,15,19,35,,1,47,21,62,82,92,104,97,118,,90,93,132,137,114,110,131,146,97,120,147,71,40,74,54,56,34,56,48,91,37,13,4,22,7,26,18,20,4,,24,42,35,39,27,34,33,27,40,29,21,18,,10,3,18,11,25,37,11,36,83,81,99,76,72,60,66,40,85,84,62,72,32,48,50,17,18,7,35,17,36,13,9,146,43,40,43,27,28,20,30,42,48,43,43,44,61,58,62,65,68,44,46,41,,67,88,50,81,81,52,36,69,99,87,51,53,57,68,56,48,57,62,51,40,52,47,36,66,57,68,68,68,51,73,21,32,31,21,29,,23,76,97,97,99,81,93,102,102,105,106,91,103,82,76,95,112,85,91,92,,111,55,85,24,32,18,38,24,22,24,45,16,48,,31,15,42,45,123,45,41,65,40,49,61,72,41,7,10,49,8,,,,5,2,32,20,17,13,17,14,17,26,25,36,24,33,110,35,18,34,85,81,86,72,85,95,66,62,46,71,70,124,99,113,104,122,142,120,122,104,118,128,131,82,66,99,11,2,4,30,84,81,101,51,60,76,63,,79,88,46,,61,27,17,24,25,40,63,,31,,70,92,70,51,100,99,115,122,112,112,115,88,,90,,85,68,59,68,106,101,96,104,132,,94,146,125,95,101,82,,51,41,13,33,40,52,70,80,69,87,75,52,36,46,62,60,24,63,57,46,58,2,6,20,70,66,68,49,51,49,52,38,53,23,18,15,68,56,64,46,39,41,70,41,11,49,43,8,13,80,51,36,62,69,66,69,83,60,49,64,,61,32,73,46,29,47,69,16,33,20,63,39,67,79,91,94,56,71,106,84,102,104,111,118,,114,123,142,98,133,108,128,97,63,113,148,141,104,118,108,112,118,148,139,137,148,135,,159,56,57,43,76,76,22,26,27,10,34,46,72,75,87,92,6,51,57,39,62,31,59,69,59,17,13,19,19,38,24,57,66,24,47,55,28,30,72,44,101,78,96,52,55,64,62,,50,34,45,19,82,70,79,41,79,57,13,58,57,74,50,60,45,68,86,89,74,46,35,68,21,44,48,57,49,55,60,,24,63,41,82,25,7,3,1,18,47,60,31,98,77,53,79,74,73,72,82,12,13,6,11,40,42,48,80,71,64,25,55,29,45,83,59,78,66,5,45,62,58,12,19,11,1,68,5,5,14,42,60,83,105,81,,74,112,93,64,20,43,12,20,8,40,52,20,25,7,18,82,31,9,7,14,7,18,1,42,16,25,21,89,96,61,61,,82,68,35,32,81,89,52,103,30,26,52,70,79,100,83,79,77,79,145,2,117,114,133,142,127,109,155,113,128,145,130,94,77,99,118,120,93,111,59,56,56,77,88,,81,,87,75,,84,34,5,67,64,83,61,112,59,27,32,45,,84,45,60,39,42,29,58,,,88,57,20,73,78,79,74,76,79,86,72,36,8,67,19,,33,17,93,74,14,41,43,27,4,57,,59,56,28,35,,22,18,90,125,104,5,,17,80,77,70,47,33,72,84,93,73,71,63,83,42,54,77,58,84,78,39,102,100,70,115,69,67,,148,131,95,104,138,90,94,113,71,68,49,36,92,75,94,95,122,108,90,49,51,87,79,55,59,25,55,22,64,32,64,65,69,67,61,63,29,27,25,7,68,81,11,,,52,24,32,49,60,73,43,58,,40,23,24,47,49,66,87,84,49,83,,32,52,,37,40,72,79,90,82,8,61,34,70,15,16,2,5,,60,44,46,86,31,67,15,,19,77,102,31,69,59,76,74,81,38,102,7,12,39,49,44,15,22,23,46,10,13,16,2,17,,51,65,65,24,20,,34,27,25,3,27,65,85,74,87,60,8,15,8,10,12,7,6,13,7,16,43,45,52,48,67,64,60,62,64,65,46,46,41,12,12,,28,25,55,46,43,47,48,40,38,31,38,37,62,65,70,73,85,67,62,70,62,84,60,52,52,60,62,52,52,95,,83,80,99,69,84,81,74,63,68,69,6,39,,22,30,104,33,55,91,75,88,68,82,44,50,25,53,58,42,54,43,44,51,62,45,52,47,48,64,66,66,28,14,,5,9,11,7,8,13,14,17,19,19,68,52,58,41,57,69,61,68,60,59,28,18,31,,34,56,56,57,60,61,,29,20,21,15,23,22,31,,22,30,51,51,27,12,74,104,72,40,28,37,34,37,42,34,30,9,,28,37,9,45,87,18,66,89,60,83,88,90,21,56,33,61,59,56,55,58,16,29,39,33,49,20,38,35,56,46,53,,48,9,6,26,42,58,5,185,5,69,96,31,15,1,54,56,69,52,68,27,41,36,16,60,64,48,63,49,67,71,27,92,117,2,96,91,90,68,8,22,73,103,121,117,80,,37,,64,92,99,90,62,,24,53,20,,44,41,69,33,65,58,48,7,51,75,50,5,6,55,22,68,42,88,90,65,91,85,100,,27,18,43,64,55,42,,3,8,28,35,25,59,29,,29,98,74,88,47,34,13,11,94,92,51,68,22,30,73,65,55,,63,25,6,32,,81,70,65,49,101,81,63,74,10,44,4,28,2,30,72,43,28,8,65,106,114,52,50,101,17,17,39,3,86,149,79,44,9,,78,60,68,65,,45,101,105,70,96,22,19,32,69,7
20160416,4,O3_24h,146,94,149,168,158,136,,98,84,62,144,126,,155,171,53,196,191,197,,171,128,190,130,106,206,,156,114,165,138,130,91,188,146,149,132,139,148,149,184,172,201,178,213,217,168,206,211,168,146,157,140,159,99,133,151,127,146,99,182,162,200,167,185,112,164,198,203,179,242,233,204,222,203,216,167,193,155,112,,90,117,110,104,117,114,164,103,95,118,70,89,92,90,88,94,153,152,,177,81,156,144,137,,175,150,138,138,143,159,158,154,150,141,127,134,115,108,137,112,127,145,133,122,151,110,152,116,,63,43,67,80,73,82,64,98,134,134,140,176,133,140,163,155,141,162,138,202,170,216,175,151,177,155,140,120,145,126,147,149,146,136,140,139,122,37,127,198,191,143,188,195,184,189,,120,187,161,199,121,133,151,132,165,140,181,118,173,172,100,148,143,159,121,137,121,,106,123,68,107,137,134,135,194,116,144,156,132,147,141,142,142,116,83,142,115,136,118,131,165,148,139,130,,181,142,120,123,127,136,135,,146,137,104,79,78,53,82,109,130,82,,180,,158,153,,152,128,142,115,,,100,105,113,104,126,103,125,127,96,116,121,107,170,140,127,123,114,165,133,115,64,106,141,118,124,,103,159,83,110,94,124,89,72,80,79,127,176,202,203,170,219,,187,209,132,141,116,111,133,150,98,120,148,235,144,237,195,210,148,165,161,250,96,121,112,103,114,138,99,121,108,64,63,111,96,89,80,82,77,77,86,100,21,18,,10,21,22,11,25,43,11,36,87,97,99,85,93,81,77,91,124,128,77,87,52,57,57,17,18,9,40,23,45,13,14,146,46,53,51,37,46,32,30,51,49,51,52,47,97,71,79,97,118,44,46,43,,99,121,60,88,117,126,137,111,113,157,75,96,101,69,93,70,101,71,86,110,113,69,78,83,104,75,116,99,68,118,93,89,95,80,85,,78,93,160,138,160,143,160,146,143,149,152,119,118,132,137,129,129,103,148,178,,166,164,161,96,128,128,85,110,92,109,72,56,64,,93,91,103,103,135,100,96,99,117,83,124,371,99,86,125,96,84,,20,42,90,49,109,40,82,60,73,90,102,82,94,90,74,84,183,77,77,52,115,104,118,96,111,128,96,100,89,108,110,168,152,158,152,131,166,135,136,175,222,215,152,131,88,152,121,127,97,76,206,202,210,134,147,182,172,,242,261,148,,219,154,90,149,120,236,181,,136,,144,205,171,170,218,162,149,182,137,178,119,187,,214,,190,192,158,189,233,215,247,123,157,,109,159,158,252,228,235,,98,90,19,91,78,104,134,138,137,138,112,94,67,119,108,111,112,78,89,76,89,69,60,66,128,126,128,55,53,56,73,54,75,23,18,16,113,75,108,89,90,89,123,58,12,94,134,65,91,138,158,169,121,100,91,107,137,92,142,189,,174,126,108,83,73,77,116,60,139,127,129,159,155,157,137,128,83,126,164,113,154,134,167,171,,152,136,160,110,163,140,177,142,129,127,173,189,157,143,196,178,169,148,139,139,148,145,,170,107,74,107,139,135,94,98,93,77,129,100,114,124,108,127,129,106,101,93,161,91,151,174,133,67,45,77,53,69,77,99,92,133,136,165,125,166,179,131,210,208,181,93,208,191,177,,168,162,244,128,219,167,167,87,176,131,146,132,137,74,57,62,55,68,86,89,74,104,100,129,132,139,140,96,75,76,86,,37,76,75,118,52,81,79,72,101,140,238,115,156,131,105,134,133,134,82,93,99,78,78,76,49,58,57,98,73,96,71,107,138,137,130,101,108,70,39,55,104,77,57,94,66,41,76,57,58,55,79,80,83,106,81,,83,145,131,113,65,68,70,119,129,90,125,99,85,97,98,99,74,66,65,94,83,90,75,65,90,82,158,113,119,89,99,,118,125,116,115,150,109,70,138,62,91,88,117,167,236,224,352,109,89,150,155,117,119,144,143,182,184,185,143,179,199,199,144,84,103,124,126,100,118,126,146,143,148,155,,128,,126,84,,138,85,16,147,123,136,166,245,135,90,150,129,,144,79,129,120,105,75,104,,,121,77,77,164,161,186,199,168,172,179,180,76,94,107,87,,94,62,220,196,149,148,139,129,144,160,,158,161,73,72,,67,52,136,168,141,91,,52,122,118,99,111,106,142,90,94,124,123,104,101,60,94,110,116,136,125,42,130,117,115,132,93,77,,183,167,134,134,219,117,123,183,130,139,87,55,134,108,121,133,148,116,115,125,72,94,98,108,125,98,98,106,80,40,98,102,107,105,97,112,84,64,82,116,84,106,85,,,113,102,112,61,124,152,82,96,,106,75,88,86,337,90,110,196,200,200,,144,133,109,167,156,155,210,210,88,92,110,62,113,113,32,45,20,,88,82,94,158,118,154,91,,78,142,256,91,106,106,174,85,181,141,200,97,74,89,70,61,108,103,140,131,76,84,84,81,80,,114,134,106,47,59,,65,74,101,69,129,85,115,108,114,60,70,67,83,45,106,52,59,80,67,75,82,88,88,84,91,90,92,94,101,119,61,61,43,51,31,,56,61,58,60,70,72,66,94,117,88,93,176,182,172,196,187,218,174,144,191,146,205,214,165,179,160,181,159,177,146,,141,146,169,177,181,181,194,149,169,176,95,112,,41,98,145,69,105,145,119,132,116,134,129,123,113,92,92,75,95,135,129,164,196,96,110,101,104,109,130,129,52,46,67,64,57,71,64,36,72,69,74,63,64,104,83,98,72,84,79,108,127,90,125,74,64,53,,65,85,97,65,72,72,,83,85,83,80,42,61,96,,94,117,137,97,45,43,115,120,111,102,111,108,130,111,107,105,142,150,,58,97,102,168,140,249,149,144,100,96,108,128,38,87,47,89,104,98,101,102,83,87,93,88,91,104,78,83,96,73,83,,75,69,62,70,94,62,38,185,19,83,221,74,46,59,77,84,86,78,87,66,219,111,28,91,151,144,138,142,138,117,47,134,169,18,156,135,136,119,41,81,107,142,150,153,100,,90,,121,131,145,94,170,5,81,172,46,63,103,132,146,163,156,164,156,98,190,98,91,148,176,103,70,103,80,149,157,101,130,121,130,,87,28,70,135,124,78,,79,80,117,123,63,119,56,,97,117,127,118,79,99,90,82,108,101,79,121,95,93,110,113,71,,89,103,94,91,,109,101,139,116,146,112,142,118,60,86,102,85,82,64,105,72,60,50,103,157,176,59,57,134,45,48,118,111,133,200,135,152,84,166,123,71,98,117,94,113,107,107,156,150,84,81,93,160,7
20160416,4,O3_8h,64,67,67,64,64,57,,50,50,39,54,78,,51,63,24,64,68,59,,47,45,62,64,31,53,,77,27,41,75,73,45,117,62,54,68,48,47,63,134,112,131,143,149,59,56,66,61,80,61,72,63,68,48,53,60,62,70,41,92,101,114,99,95,47,54,59,69,49,55,47,76,50,81,69,60,63,45,46,,57,39,45,33,53,51,61,75,89,101,61,70,82,76,77,83,118,103,,122,62,117,98,108,,132,136,123,125,133,143,143,130,145,128,108,118,107,95,121,101,110,128,116,104,109,36,52,53,,30,25,47,46,47,54,38,65,95,98,91,120,76,102,106,116,103,73,60,95,69,92,80,61,78,86,66,63,79,73,75,70,86,80,82,82,78,22,78,132,132,113,131,91,90,89,,60,79,80,33,62,65,73,87,81,61,103,58,74,94,48,75,76,78,57,71,64,,64,75,29,67,39,77,74,105,61,76,84,77,113,110,107,121,73,46,81,34,66,37,48,75,42,57,50,,74,72,20,93,103,114,107,,120,103,93,20,32,9,42,84,84,60,,72,,74,71,,42,50,53,92,,,47,59,46,33,80,45,83,65,50,66,28,50,74,57,51,37,71,76,72,34,25,33,48,26,9,,55,55,21,24,45,70,3,8,47,39,78,109,118,134,121,141,,110,121,125,137,114,104,126,145,94,104,135,100,56,88,66,78,39,69,64,76,27,20,20,23,17,39,21,34,11,49,31,46,39,30,41,29,35,37,30,29,10,9,,6,1,15,5,14,40,4,30,82,88,79,77,70,67,67,53,99,97,66,78,45,48,53,8,10,5,21,15,36,7,4,48,39,44,45,32,26,17,26,42,40,44,42,36,70,60,68,72,78,31,39,22,,70,84,46,74,83,58,70,48,90,69,42,46,44,66,55,56,52,65,42,37,44,45,36,55,52,59,58,63,47,67,21,22,18,17,24,,20,58,84,60,79,63,89,82,77,71,67,89,102,103,106,91,108,76,99,89,,120,56,125,31,33,22,41,27,23,35,54,24,56,,40,21,51,49,126,52,48,60,40,57,67,84,34,29,33,44,30,,2,12,21,14,26,26,32,27,25,35,21,33,21,35,29,35,110,18,15,29,83,80,84,69,85,94,73,71,57,83,84,132,117,128,115,115,131,109,114,110,131,127,128,104,68,124,30,28,21,33,103,102,124,50,62,80,70,,115,123,82,,121,40,25,38,51,110,113,,46,,67,106,91,75,113,102,107,120,105,113,114,98,,114,,105,93,79,100,125,117,129,84,122,,91,150,131,98,104,88,,43,31,9,33,33,50,70,79,72,85,66,43,29,45,52,51,14,56,53,43,50,26,15,15,78,70,72,50,46,49,55,39,54,19,13,8,65,44,57,33,34,30,48,41,10,44,51,15,19,107,112,115,57,64,59,74,75,56,62,78,,78,38,57,34,22,34,49,25,56,51,73,69,82,91,96,98,59,67,135,97,128,113,143,147,,119,108,145,95,139,112,154,111,77,119,161,171,126,117,150,140,144,132,129,127,135,128,,154,65,64,50,84,88,25,20,34,5,47,55,78,78,92,95,6,50,80,41,75,36,73,81,70,15,16,28,24,42,32,67,70,38,49,58,37,37,76,43,94,82,89,44,61,97,89,,76,53,82,23,87,79,88,44,79,56,13,57,66,21,18,20,18,48,27,27,29,53,47,72,60,63,76,32,39,40,39,,23,56,16,80,17,10,5,2,32,59,82,43,111,86,63,82,78,91,77,88,19,16,16,18,43,40,47,75,71,64,40,75,81,79,83,61,79,64,6,46,61,55,9,22,10,5,65,10,6,18,41,57,52,77,60,,54,110,100,50,24,34,22,33,17,55,45,39,30,13,33,62,16,6,6,19,9,11,6,47,34,40,27,101,107,79,74,,82,97,53,57,97,82,44,93,48,59,65,94,76,99,129,113,75,77,142,2,101,98,130,137,117,100,147,105,126,141,138,106,80,99,119,122,93,112,60,58,55,82,93,,85,,86,72,,84,42,6,85,76,90,71,124,64,33,46,47,,96,41,67,38,54,45,69,,,90,59,40,68,78,75,72,85,90,91,88,11,16,62,20,,36,21,91,80,53,53,75,60,42,71,,78,78,35,40,,28,24,85,107,88,32,,24,79,67,75,78,64,110,83,90,74,71,62,70,34,48,70,54,93,86,38,111,109,71,116,79,68,,164,142,100,117,193,93,116,151,95,90,67,38,108,90,99,111,115,108,98,41,35,51,60,49,55,36,58,30,64,34,67,58,70,68,53,32,28,29,42,31,63,67,7,,,38,23,42,43,49,83,41,52,,49,35,24,44,82,71,94,117,79,126,,76,85,36,84,89,97,115,123,62,6,42,29,59,21,16,7,6,,55,41,49,99,50,84,27,,26,107,117,44,75,65,96,79,53,52,116,11,16,46,51,46,25,31,12,56,20,24,24,16,26,,50,61,57,14,12,,36,39,32,23,39,69,90,85,95,30,29,27,28,20,36,14,18,26,19,31,51,53,52,57,60,63,63,62,66,29,31,21,18,18,10,,25,22,39,51,49,52,51,55,59,41,49,43,34,35,59,87,75,72,84,106,83,116,82,69,69,82,84,71,74,93,,78,75,91,90,101,99,98,85,93,98,23,54,,23,44,99,34,56,87,67,80,65,82,65,61,29,47,46,33,42,46,46,59,73,48,61,56,57,68,77,75,5,4,10,18,12,21,13,8,23,30,32,26,30,74,36,36,33,38,63,63,69,61,60,14,8,10,,10,56,47,48,46,55,,35,31,23,25,22,23,26,,22,44,61,47,25,12,55,63,70,46,53,53,62,47,44,36,42,47,,35,45,39,60,106,16,86,106,86,83,95,94,19,58,27,49,67,60,58,62,50,52,58,56,50,42,44,43,75,58,66,,59,36,36,58,71,59,6,177,6,76,90,21,7,6,57,60,73,59,70,35,52,47,18,57,79,67,78,64,83,100,27,83,122,2,92,89,87,70,14,30,68,98,118,125,36,,50,,76,92,97,91,59,,25,65,24,5,82,89,82,90,73,67,83,16,53,82,66,26,53,63,27,61,35,110,111,66,93,79,86,,34,12,48,71,65,42,,21,20,19,37,25,59,45,,53,95,72,74,55,31,20,33,103,97,55,82,17,15,93,93,43,,63,35,28,44,,79,71,70,56,102,85,101,99,12,51,20,24,16,22,60,31,23,16,28,128,141,52,50,89,23,26,66,34,32,94,79,44,17,30,62,50,60,72,,45,100,98,57,79,43,44,33,77,3
20160416,4,O3_8h_24h,105,83,106,115,109,91,80,76,59,55,95,108,,102,118,37,116,121,127,,117,103,153,91,68,154,,122,86,139,115,103,71,159,132,120,113,113,117,128,166,132,159,164,172,181,139,174,175,143,126,129,116,131,85,115,117,105,114,89,155,142,174,150,164,77,103,116,131,148,205,196,185,189,180,172,127,150,120,80,,78,95,93,73,98,101,128,88,89,102,61,83,82,76,82,88,139,133,,160,65,137,129,123,,156,139,123,131,140,151,148,141,145,130,108,118,107,95,121,101,112,128,116,108,112,69,101,110,,58,39,59,75,64,75,52,87,118,120,116,140,118,126,138,145,131,152,131,187,158,196,161,143,165,145,125,100,123,110,127,126,131,124,135,135,114,34,117,175,171,134,166,182,171,177,,113,171,145,91,112,120,131,125,153,119,170,103,156,158,91,135,130,148,111,125,113,,103,113,60,89,95,112,115,192,104,129,139,118,141,136,135,139,108,70,133,93,119,104,117,143,123,122,114,,147,126,100,106,115,114,119,,134,121,94,63,63,55,66,109,116,74,,151,,129,136,,124,112,111,107,,,78,89,85,86,116,91,105,113,85,113,108,99,153,123,113,111,99,150,126,128,65,107,144,119,128,,91,132,64,103,84,117,75,63,76,76,116,167,184,186,156,184,,174,197,125,137,114,104,126,145,94,113,135,213,131,214,178,185,131,152,146,225,82,101,97,84,99,115,88,99,100,64,49,84,77,68,67,60,56,64,70,75,10,9,,8,9,15,5,14,41,4,30,82,92,79,77,71,78,67,78,117,111,68,81,47,48,53,8,10,6,21,15,39,7,7,48,39,44,45,32,26,27,26,42,40,44,42,36,89,68,75,88,108,31,39,22,,90,101,53,82,102,103,115,95,102,143,66,88,84,66,57,56,70,65,58,80,70,45,53,56,74,59,67,67,51,87,63,72,70,59,67,,61,66,132,122,144,123,146,131,120,132,107,111,111,126,123,121,120,94,141,162,,161,151,153,70,116,128,74,97,63,94,70,59,74,,93,119,89,76,131,92,89,86,63,78,116,174,93,80,117,83,79,,15,39,74,43,95,38,66,46,56,75,80,63,67,64,57,69,173,58,55,44,106,90,108,89,101,121,91,95,83,106,105,157,142,151,136,126,156,127,129,157,189,202,136,122,75,140,105,105,83,72,182,179,180,122,129,162,157,,195,208,138,,204,128,75,125,91,211,164,,113,,129,184,148,150,189,133,127,151,114,147,114,156,,182,,162,174,141,172,206,187,210,112,150,,96,150,141,196,190,195,,59,54,16,77,42,95,118,120,124,122,103,79,56,70,94,93,42,73,79,69,81,60,54,55,117,111,118,53,46,51,67,48,66,19,13,11,107,68,98,79,84,83,111,50,11,72,117,58,81,138,151,162,108,88,83,92,125,76,137,175,,156,119,92,97,83,76,102,52,85,85,96,114,109,125,125,119,79,104,139,102,129,115,151,156,,140,129,153,106,155,137,161,136,104,121,166,176,139,127,171,150,153,132,129,127,135,128,,154,91,66,92,122,120,83,80,73,64,114,92,104,113,104,114,68,102,84,79,149,80,145,161,125,64,42,69,53,69,61,90,85,87,99,114,84,113,134,87,179,177,157,79,171,171,161,,149,149,226,118,200,145,151,77,155,109,131,125,122,54,53,65,50,54,69,67,57,83,79,116,112,114,124,108,84,58,72,,31,70,46,113,48,67,68,54,84,122,179,106,138,106,90,108,109,117,77,88,85,64,70,69,44,48,47,81,71,79,60,105,122,134,98,74,79,64,29,46,91,64,45,87,55,36,66,34,35,46,68,74,55,77,60,,59,136,126,91,51,61,60,105,112,84,97,90,80,90,90,104,63,51,54,84,71,69,54,54,51,53,156,110,116,85,90,,109,121,108,111,134,105,63,127,59,77,77,108,149,200,204,214,92,78,142,147,110,113,136,137,168,161,179,138,160,178,190,138,80,99,119,122,93,112,111,127,130,117,120,,110,38,99,84,,111,78,13,133,114,124,150,224,117,79,132,112,,138,71,122,66,83,53,82,,,109,72,73,139,136,158,155,155,161,167,167,63,76,100,62,,86,61,157,179,123,120,119,110,123,132,,134,136,110,69,,86,53,114,141,123,84,,46,118,113,97,105,95,136,86,90,118,116,99,97,53,83,96,104,132,119,41,125,116,83,120,84,71,,174,153,118,122,208,110,120,167,119,105,79,52,118,95,109,117,139,111,102,91,44,79,88,96,111,87,89,94,77,37,91,93,94,95,82,108,77,60,82,110,80,91,81,,,105,89,112,58,117,141,78,91,,87,64,84,78,292,71,98,178,172,187,,135,126,99,151,142,119,183,182,82,63,90,65,111,117,27,37,16,,80,76,89,145,94,147,81,,71,142,184,74,86,96,158,80,139,112,181,88,41,74,63,59,93,91,127,126,61,80,81,78,77,,114,131,112,30,45,,51,89,132,94,106,85,116,108,121,47,72,61,77,42,92,39,52,69,59,66,83,91,89,86,60,63,63,62,66,119,46,47,36,46,29,,55,54,62,58,59,60,58,87,112,87,91,148,146,146,170,162,190,150,128,170,129,182,204,155,160,150,169,147,161,138,,130,134,155,155,158,163,169,139,159,167,83,103,,38,90,145,60,94,129,105,116,102,120,118,111,95,77,76,65,80,122,114,104,130,88,100,90,94,98,122,119,42,39,53,50,42,57,47,25,64,61,66,54,56,96,72,83,65,78,63,89,101,78,120,55,55,39,,56,77,74,58,54,65,,89,91,87,82,26,42,79,,64,108,128,85,42,38,104,109,101,93,104,99,117,99,93,88,118,130,,54,80,82,143,121,165,133,130,99,88,102,124,34,72,41,77,86,81,83,88,61,58,65,66,71,79,65,71,82,59,68,,60,44,38,61,73,59,26,177,16,77,107,60,37,42,69,77,77,70,82,63,119,105,25,67,144,140,128,136,130,109,44,98,158,14,140,128,125,107,30,77,85,116,141,143,68,,67,,116,128,142,91,80,5,74,161,42,56,96,115,142,159,153,160,147,89,165,98,87,119,148,98,55,96,67,142,153,98,122,115,125,,85,25,62,126,113,67,,70,69,103,111,50,108,52,,84,96,108,122,76,95,90,90,103,97,71,112,89,88,103,106,77,,90,95,85,88,,102,96,135,110,138,109,138,109,44,75,95,78,76,51,103,64,56,45,98,149,167,56,55,123,40,44,109,101,126,187,122,140,76,153,102,65,84,109,86,105,102,104,129,127,78,78,69,151,4
20160416,4,CO,0.3,0.3,0.7,0.4,0.3,0.3,0.3,0.3,0.3,0.3,0.4,0.2,,0.123,0.225,0.748,0.677,0.315,0.648,,0.675,0.95,0.348,0.462,0.561,0.467,,0.248,0.627,0.252,0.358,0.489,0.184,0.521,5.445,5.124,4.928,4.804,5.93,5.402,0.637,0.732,0.603,0.725,0.759,0.946,0.697,0.871,0.84,0.487,0.501,0.468,0.541,0.297,0.714,0.056,0.276,0.237,0.433,0.57,0.414,0.528,0.432,0.507,0.486,0.145,0.046,0.388,0.339,0.962,0.809,0.65,1.095,0.959,1.001,0.65,0.54,0.745,0.831,0.44,,0.258,1.002,1.174,0.406,0.949,0.669,1.282,0.605,0.286,0.739,0.773,0.223,0.264,0.46,1.246,0.951,0.563,0.86,,1.041,0.758,1.036,0.886,0.903,,0.858,0.634,1.131,0.741,0.758,0.907,0.596,0.803,0.66,1.024,0.328,0.767,0.645,0.9,0.622,0.734,0.584,0.918,0.598,0.615,0.828,1.129,1.865,0.782,,1.043,1.023,0.586,1.822,1.196,0.922,0.746,0.507,0.247,0.36,0.554,0.252,0.752,0.262,0.306,0.524,0.531,1.36,0.602,0.348,0.418,0.804,0.949,0.694,0.31,0.63,0.401,0.657,0.491,0.648,0.472,0.536,0.755,0.768,0.573,0.625,0.559,0.71,0.326,0.737,0.763,0.784,0.66,0.941,1.279,1.316,,1.299,1.123,1.153,1.752,0.55,0.774,1.098,0.906,1.236,1.299,0.677,1.598,0.758,0.375,2.118,0.533,0.508,1.747,0.813,0.556,1.162,,0.613,0.443,0.52,0.855,1.028,0.775,0.508,1.327,1.825,0.686,1.793,1.125,0.514,0.575,0.745,0.724,1.646,1.225,1.843,1.79,0.48,0.689,0.296,0.439,,0.566,0.672,,0.64,0.672,1.012,0.437,0.41,0.495,0.466,,0.402,0.488,0.6,0.815,0.787,0.851,0.637,0.419,0.226,,,0.675,,1.184,0.517,,1.14,0.742,1.038,0.35,,,0.564,0.574,1.178,0.657,0.533,0.759,0.474,0.206,0.494,0.594,0.742,0.673,0.592,0.759,0.808,1.447,0.784,0.887,1.582,0.665,0.44,0.928,0.859,0.861,1.038,,0.763,0.66,0.855,0.668,1.108,,0.885,1.102,0.88,1.097,1.026,0.656,0.791,0.344,0.734,0.593,,0.525,0.653,0.688,0.657,0.691,0.531,0.393,0.424,0.233,0.904,0.537,1.464,1.188,1.587,0.851,1.112,1.343,1.176,0.848,1.019,1.349,0.824,1.234,0.395,1.244,1.07,1.136,0.953,1.199,0.958,0.655,1.418,0.843,0.992,0.922,0.832,0.795,0.72,1.111,1.013,0.774,1.13,,0.604,0.793,0.841,1.082,0.608,0.685,0.618,0.835,0.35,0.627,0.61,0.924,0.539,0.674,0.558,0.668,0.671,0.841,0.721,0.648,0.683,0.584,0.54,0.329,0.836,0.846,0.534,0.654,0.38,0.517,0.709,0.342,0.484,0.488,0.694,0.546,0.566,0.519,0.386,0.632,0.517,0.743,0.576,0.584,0.698,0.605,0.676,0.584,0.307,0.636,0.561,0.364,,1.026,0.849,1.023,1.043,1.128,0.98,0.807,0.865,0.391,0.572,0.496,0.393,0.54,0.149,0.225,0.133,,0.426,0.437,,0.532,0.736,0.358,0.422,0.012,0.186,,0.075,0.692,0.347,0.639,0.827,0.447,0.595,0.844,,0.514,0.482,5.255,0.576,0.221,0.112,0.41,0.395,0.745,0.355,0.198,1.205,0.451,0.325,0.736,1.574,0.42,0.978,0.222,0.414,,0.158,0.406,0.541,1.476,0.837,1.564,0.711,1.1,0.891,2.532,0.799,0.722,0.485,,1.488,,0.677,0.251,0.8,0.751,0.564,0.445,0.525,0.963,1.898,0.739,0.691,0.668,0.842,0.731,1.211,,1.006,0.838,0.844,1.141,0.386,0.418,1.224,1.088,1.388,2.187,1.184,0.981,1.448,0.854,0.781,0.74,0.335,0.632,1.134,1.151,0.644,0.531,0.451,0.569,0.67,0.79,0.678,0.616,0.177,0.469,0.71,1.428,0.737,0.625,0.549,1.474,0.818,0.321,1.93,0.927,0.565,0.432,0.851,1.261,0.809,0.762,0.98,0.801,0.675,0.637,1.313,0.806,0.766,1.45,1.163,1.026,1.359,,0.911,1.418,1.887,,1.569,1.28,1.051,1.008,0.689,0.97,1.225,,1.116,,0.838,0.443,0.48,0.842,0.762,0.509,0.187,0.577,0.498,0.416,0.573,0.563,,1.243,,0.354,1.303,1.376,0.98,0.562,1.727,0.495,0.439,0.34,,0.389,0.808,0.512,0.849,0.75,0.656,,0.861,1.005,0.343,1.424,0.559,0.767,0.894,0.557,0.574,0.644,0.794,0.59,0.737,1.093,0.557,1.305,1.585,0.499,0.444,0.67,0.465,1.441,0.857,1.232,0.949,0.65,0.643,0.719,0.562,0.728,0.543,0.547,0.654,0.612,0.706,0.626,0.855,0.805,0.502,0.48,0.73,0.666,0.632,0.666,0.995,0.455,1.144,3.484,3.078,1.368,1.374,1.282,1.129,1.742,0.32,0.624,0.361,0.38,0.995,2.825,,1.598,0.695,0.951,1.441,1.594,3.024,1.775,3.768,1.64,0.446,0.715,0.676,0.289,0.317,0.491,0.628,1.911,0.541,0.934,0.655,0.76,0.867,0.874,0.601,,1.349,2.356,0.861,2.192,0.95,1.094,1.303,2.119,3.218,0.916,1.09,0.531,0.79,0.9,0.801,1.028,1.1,0.687,0.605,0.584,0.692,0.615,,0.541,0.825,1.016,0.196,0.588,0.472,1.201,0.372,0.666,0.555,0.489,0.828,0.463,0.532,0.623,0.68,0.473,0.473,1.461,0.472,0.536,0.5,0.565,0.43,1.038,0.869,0.677,0.939,0.555,0.557,0.85,2.118,0.875,1.002,2.026,2.228,0.318,1.355,1.768,1.966,0.586,0.493,1.351,1.062,1.16,1.466,2.018,,1.444,1.952,1.6,1.239,1.768,0.642,0.55,0.693,0.287,0.961,1.349,0.957,0.714,0.579,0.287,0.418,0.845,0.494,0.727,0.674,0.873,1.041,0.674,0.906,1.073,0.984,0.678,1.272,0.776,1.658,0.578,,0.585,1.733,1.807,1.224,1.543,2.254,1.635,2.182,0.694,1.152,0.655,0.981,1.055,1.146,1.359,1.137,1.45,0.974,0.722,0.521,0.602,0.747,0.61,0.572,0.458,0.33,0.294,0.502,0.254,0.503,2.125,1.047,1.453,2.385,,0.272,0.114,,0.431,0.226,0.384,0.194,0.987,1.04,0.729,0.89,0.32,0.299,0.785,0.298,0.949,0.443,0.466,0.62,0.443,,0.359,0.657,1.855,0.357,0.687,0.564,1.022,0.345,0.437,0.486,0.512,1.489,1.416,0.622,1.096,0.418,0.369,0.623,0.461,0.511,0.45,0.797,0.457,0.618,0.624,0.674,0.607,0.42,0.228,1.102,1.259,,0.498,0.581,1.624,0.784,0.847,0.712,0.942,0.378,0.37,0.558,0.502,0.644,0.631,0.534,1.164,1.205,0.433,0.306,0.407,0.036,0.535,0.329,0.422,0.318,0.804,0.101,1.458,2.625,1.151,0.361,1.203,0.614,0.56,0.426,0.781,0.745,1.196,0.767,0.424,0.884,0.641,0.622,0.572,,0.43,0.383,0.493,0.734,,0.684,0.577,0.932,0.681,0.349,0.465,1.062,1.88,0.648,1.523,0.312,0.59,0.504,0.356,0.582,0.495,0.569,0.76,0.488,0.728,,,0.015,0.387,0.751,0.666,0.674,0.444,0.581,1.022,0.774,0.7,0.834,0.61,0.97,0.728,1.1,,1.841,1.622,0.747,0.213,1.162,1.146,1.02,0.484,0.931,1.028,,0.669,0.526,2.04,1.66,,1.791,1.859,0.744,0.338,0.479,1.455,,1.248,0.395,0.315,0.248,4.23,3.013,0.895,0.287,0.278,0.316,0.538,0.47,0.419,0.093,0.564,0.542,0.825,0.434,0.574,0.316,0.536,0.162,4.251,2.075,2.884,1.64,,1.178,0.979,1.351,0.626,0.826,0.716,1.789,0.721,1.566,,1.927,2.683,1.284,0.902,1.891,0.937,0.996,0.707,0.855,0.963,1.247,1.037,0.935,0.417,0.712,1.514,0.961,1.01,0.764,1.249,1.049,0.374,1.193,1.99,,0.649,0.85,1.29,1.016,0.933,0.58,0.607,0.219,,,0.718,1.466,1.151,1.038,0.513,0.906,0.087,0.182,0.358,0.249,0.323,,0.494,0.528,0.52,0.478,0.423,0.553,0.639,,0.665,0.337,0.561,0.865,0.517,0.815,1.253,1.213,0.868,1.067,1.46,1.928,0.703,0.975,0.435,0.61,0.411,,0.302,0.56,0.408,0.5,0.488,0.528,0.85,,0.613,0.705,0.573,0.326,0.454,0.326,1.158,0.625,0.633,0.315,0.981,1.492,0.75,0.273,0.667,0.181,1.108,0.275,0.912,0.448,1.187,1.024,0.748,1.3,0.703,0.196,0.941,1.22,0.812,0.953,1.43,,0.78,0.599,0.923,0.646,0.663,0.539,0.508,0.566,0.534,1.03,7.104,1.181,9.095,0.978,0.89,0.745,0.69,1.068,0.603,0.515,1.09,0.753,0.908,0.78,1.398,0.944,1.354,0.731,1.075,0.062,0.851,0.76,0.532,0.841,0.673,0.687,1.136,0.709,1.248,0.95,1.331,1.632,2.264,0.884,0.345,0.457,0.413,0.804,1.419,1.422,0.883,0.177,0.723,1.017,1.42,1.298,1.048,0.941,1.728,1.672,1.904,0.882,0.669,1.29,0.886,0.48,,0.562,0.67,0.508,0.729,0.469,0.383,0.531,0.573,0.474,0.625,1.486,1.128,,0.981,1.523,0.656,1.146,0.977,0.976,0.42,0.547,0.694,0.505,1.144,1.187,1.176,0.689,0.471,0.639,0.566,1.209,1.243,1.8,0.808,0.573,0.625,0.815,0.743,0.602,0.691,0.689,0.511,0.532,1.198,1.478,1.273,1.162,1.413,1.561,0.796,1.309,1.173,0.896,1.145,0.125,0.272,0.126,0.721,0.177,0.729,1.158,0.808,1.184,0.971,0.631,0.884,0.861,,1.051,1.512,0.553,0.968,1.215,1.829,,0.505,1.523,0.858,2.61,0.195,0.118,0.635,,0.698,0.857,0.507,1.103,1.01,0.636,1.228,1.164,1.369,1.052,1.663,1.015,1.299,0.801,0.952,1.713,0.589,1.427,,0.566,1.062,1.161,1.191,1.232,0.775,1.198,1.096,0.436,0.08,0.912,0.664,1.448,0.64,0.814,0.687,0.253,0.128,0.372,0.336,0.626,0.536,0.549,0.712,0.317,0.319,0.346,0.329,0.238,0.388,0.695,,0.368,0.298,0.63,0.523,0.586,0.246,,2.015,0.84,0.172,,0.616,0.519,0.623,0.3,0.186,0.328,0.241,0.274,0.235,0.743,0.042,0.978,0.337,1.389,0.464,0.302,0.619,0.529,0.376,0.438,1.453,0.433,0.306,0.537,0.471,0.303,0.383,0.125,0.761,0.264,0.442,0.525,0.337,0.488,,0.801,,0.565,0.278,0.208,1.067,0.126,0.269,0.544,0.292,0.341,1.004,0.542,0.645,0.865,0.715,0.985,0.315,0.733,1.529,1.347,0.519,0.557,1.447,0.956,0.126,0.025,0.559,,1.726,1.331,0.836,0.654,0.306,0.279,,2.084,0.641,0.354,0.216,0.411,1.557,,0.954,0.631,1.151,0.333,0.92,0.988,0.297,,1.304,0.858,0.779,0.429,0.471,0.408,0.7,0.444,0.75,0.92,0.823,0.409,0.894,1.069,0.442,0.382,0.285,,0.357,0.622,0.704,0.846,,0.879,1.118,0.771,1.324,0.532,0.273,0.379,0.676,1.1,0.33,0.712,0.301,1.373,0.324,0.575,0.282,0.134,0.758,0.148,1.098,0.569,0.27,0.227,0.562,0.625,1.776,0.932,0.301,0.242,0.243,1.677,2.215,2.779,1.7,0.065,0.722,0.853,0.714,0.925,0.39,0.793,0.193,0.681,1.077,0.752,2.377,0.643,0.686,0.783
20160416,4,CO_24h,0.947,0.675,1.145,1.09,1.03,0.965,0.82,0.945,0.76,0.84,0.99,0.79,,1.403,1.87,2.149,2.165,1.773,2.133,,2.205,1.546,1.36,1.797,1.144,1.526,,1.004,1.228,0.832,1.091,1.114,0.71,0.817,3.008,3.266,3.482,3.703,3.701,3.221,0.791,0.935,1.01,1.033,1.096,1.196,0.916,1.087,1.054,0.921,0.871,0.896,0.877,0.723,1.285,0.419,0.629,0.589,0.761,0.883,0.625,0.725,0.535,0.923,0.63,1.585,1.534,1.7,1.622,1.534,1.291,1.163,0.827,0.721,0.811,0.911,0.781,0.965,1.139,0.617,,0.484,0.531,1.253,0.653,1.255,0.946,1.444,0.587,0.55,0.774,0.326,0.333,0.375,0.603,1.346,0.853,0.641,0.876,,1.239,0.734,0.914,0.807,0.779,,0.865,0.657,1.261,0.835,0.809,0.946,0.675,0.882,0.704,1.048,0.398,0.826,0.671,0.826,0.688,0.764,0.617,0.918,0.62,0.731,0.78,1.308,2.013,0.686,,1.177,1.059,0.712,2.157,1.373,1.542,0.833,0.613,0.434,0.46,0.588,0.44,0.773,0.371,0.434,0.626,0.645,1.442,0.633,0.363,0.564,0.849,0.949,0.678,0.36,0.681,0.443,0.659,0.784,0.588,0.55,0.581,0.853,0.872,0.615,0.675,0.625,0.745,0.454,0.947,0.964,1.025,1.074,0.926,1.333,1.25,,1.291,1.039,1.252,1.281,0.648,0.894,0.966,1.008,0.943,1.748,0.737,1.744,0.869,0.543,2.302,0.931,0.757,1.133,0.681,0.792,0.774,,0.621,0.633,0.819,1.008,1.079,1.317,0.735,1.299,1.849,0.687,1.772,1.13,0.637,0.709,0.86,0.854,1.609,1.23,1.838,1.558,0.526,0.504,0.302,0.453,0.385,0.629,0.666,,0.698,0.637,1.015,0.528,0.548,0.695,0.602,,0.457,0.607,0.784,0.859,1.002,0.955,0.78,0.355,0.301,0.25,,0.699,,1.331,0.613,,0.707,0.636,1.008,0.436,,,0.652,0.595,1.2,0.613,0.417,0.633,0.298,0.188,0.477,0.78,0.753,0.635,0.527,0.815,0.802,1.297,0.764,0.937,1.579,0.599,0.309,0.805,0.789,0.8,0.847,,0.858,0.727,0.795,0.602,0.741,0.446,0.735,0.855,0.79,1.089,0.646,0.724,0.959,0.603,0.999,0.959,,0.782,0.663,0.737,0.735,0.768,0.666,0.561,0.529,0.402,0.999,0.843,1.622,1.377,1.826,1.002,1.18,1.52,1.347,1.027,1.213,0.696,0.732,0.865,0.742,0.933,1,0.885,0.792,0.824,0.874,0.584,1.408,0.772,0.948,0.845,0.804,0.848,0.66,1.008,0.933,0.977,1.356,,0.796,0.923,0.977,1.301,0.914,0.783,1.283,0.993,0.424,0.796,0.815,1.042,0.444,0.721,0.74,0.71,0.709,0.86,0.788,0.643,0.847,0.658,0.627,0.428,0.731,0.942,0.58,0.779,0.471,0.758,0.878,0.846,0.527,0.702,0.936,0.608,0.768,0.588,0.614,0.779,0.671,0.866,0.676,0.757,0.745,0.674,0.711,0.708,0.378,1.056,0.968,0.887,,1.047,0.905,1.09,1.05,1.043,0.983,0.8,0.911,0.358,0.615,0.527,0.524,0.612,0.37,0.632,0.379,1.22,0.732,0.772,0.372,0.843,1.042,0.7,0.73,0.313,0.468,0.359,0.275,1.088,0.674,0.778,0.965,0.63,0.726,0.989,,0.699,0.559,1.698,0.876,0.524,0.415,0.568,0.68,0.946,0.612,0.69,1.28,0.483,0.115,0.761,1.712,0.522,1.127,0.361,0.891,,0.18,0.427,0.529,1.556,0.941,1.463,0.854,1.202,1.058,2.499,1.049,0.905,0.696,,1.618,,0.658,0.209,0.744,0.726,0.596,0.53,0.584,0.981,0.887,0.673,0.58,0.576,0.724,0.593,0.746,,0.722,0.776,0.644,0.702,0.472,0.356,0.784,0.713,0.934,0.954,0.872,0.861,0.783,0.732,0.822,0.715,0.509,0.465,1.01,1.086,0.708,0.638,0.447,0.636,0.739,1.246,0.64,0.506,0.25,0.38,0.618,1.509,0.808,0.946,0.581,1.602,0.936,0.518,2.102,0.924,0.742,0.407,0.825,1.215,0.895,0.864,0.888,0.656,0.612,0.771,1.534,1.244,1.152,1.287,1.013,0.903,1.261,,1.131,1.643,1.55,,1.294,1.337,1.068,1.096,1.185,1.049,1.362,,1.283,,0.874,0.587,0.651,0.874,0.774,0.545,0.446,0.611,0.592,0.511,0.667,0.68,,0.799,,0.721,1.026,1.151,0.842,0.949,1.887,0.645,0.594,0.47,,0.431,0.829,0.605,0.999,0.916,0.878,,1.271,1.337,0.856,1.129,1.221,1.145,1.117,0.758,0.834,0.811,1.095,0.626,0.755,1.161,0.579,1.333,1.63,0.548,0.623,0.771,0.519,1.082,1.027,1.332,1.05,0.717,0.704,0.974,0.952,0.879,0.592,0.848,0.997,0.882,1.027,0.772,1.273,1.299,0.959,1.032,1.06,1.1,1.055,1.089,1.538,0.615,0.912,2.978,2.47,1.112,1.472,1.508,1.35,1.697,0.683,0.868,0.63,0.738,1.157,3.059,,1.891,1.095,1.327,1.957,1.943,3.229,1.96,3.376,2.522,1.076,1.245,1.147,0.912,0.998,0.594,0.782,2.039,0.801,0.938,0.656,0.799,1.29,0.931,0.614,,0.803,1.966,0.594,1.806,0.656,1.579,1.262,1.857,2.961,0.922,1.066,0.528,0.843,0.674,0.912,1.082,1.147,0.634,0.528,0.639,0.63,0.566,,0.454,0.981,1.287,0.335,0.638,0.7,1.317,0.521,0.788,0.828,0.482,0.952,0.718,0.684,0.823,0.87,0.53,0.532,1.475,0.515,0.571,0.571,0.735,0.454,1.117,0.798,0.631,0.81,0.844,0.599,0.759,1.691,0.636,1.699,2.843,2.933,1.718,2.04,3.173,2.821,0.74,0.729,1.432,1.209,1.391,1.775,2.182,,1.645,1.973,1.784,0.785,2.203,1.054,0.958,1.115,0.725,1.48,1.718,1.428,1.133,0.95,0.761,0.84,1.105,0.916,1.066,1.067,1.146,1.269,0.817,1.067,1.092,0.986,0.711,1.347,0.895,1.709,0.544,,0.505,1.868,1.234,1.102,1.486,1.378,1.049,1.714,0.951,1.33,0.848,0.976,1.055,1.2,1.366,1.323,1.471,1.069,0.757,0.561,0.572,0.9,0.563,0.54,0.719,0.536,0.486,0.785,0.517,0.629,2.414,1.011,1.208,1.723,0.132,0.505,0.327,0.251,0.567,0.447,0.516,0.408,0.987,1.065,0.741,0.884,0.563,0.487,0.916,0.412,0.881,0.84,1.128,0.982,0.827,,0.728,0.656,0.724,0.589,0.816,0.884,1.144,0.588,0.632,0.75,0.767,1.551,1.541,0.793,1.333,0.494,0.479,0.777,0.666,0.582,0.504,0.974,0.685,0.866,0.881,0.865,0.749,0.356,0.299,1.096,1.152,,0.493,0.315,0.481,0.375,0.814,0.74,1.003,0.36,0.43,0.674,0.563,0.618,0.792,0.735,0.992,1.116,1.023,0.483,0.521,0.324,0.672,0.456,0.46,0.402,0.708,0.226,1.54,2.668,1.199,0.44,1.311,0.775,0.684,0.527,0.857,0.82,1.321,0.814,0.458,0.96,0.712,0.778,0.68,,0.4,0.629,0.81,0.846,,0.789,0.665,0.994,0.863,0.668,1.026,1.105,1.89,0.475,0.748,0.415,0.463,0.632,0.466,0.586,0.57,0.571,0.662,0.55,0.831,,,0.032,0.536,0.562,0.626,0.531,0.385,0.668,1.153,0.896,0.775,0.917,0.679,0.925,0.718,2.054,,1.892,2.03,1.355,0.747,0.952,1.332,0.876,0.602,1.007,1.016,,0.912,0.7,2.29,1.942,,2.053,2.121,1.214,0.697,0.811,1.542,,1.554,0.311,0.329,0.253,0.825,1.036,0.843,0.346,0.278,0.428,0.547,0.456,0.578,0.345,0.767,0.801,0.931,0.374,0.469,0.301,0.627,0.217,3.885,1.779,2.479,1.361,,1.194,0.973,1.338,0.626,0.718,0.594,1.621,0.636,2.107,0.479,2.469,3.087,1.009,0.777,1.507,0.971,0.978,0.93,1.301,1.193,1.349,0.901,0.843,0.641,0.903,1.42,1.036,0.984,0.737,1.702,1.258,0.477,1.419,1.719,,0.642,0.945,1.124,1.131,0.875,0.702,0.41,0.318,,,0.877,1.226,1.209,1.329,0.826,0.969,0.252,0.276,0.332,0.477,0.515,,0.581,0.635,0.721,0.721,0.494,0.605,0.806,,0.67,0.509,0.615,0.982,0.574,0.917,1.41,1.329,0.588,1.99,1.179,2.304,0.327,0.634,0.448,0.654,0.362,,0.225,0.563,0.598,0.789,0.744,0.768,0.725,,0.566,0.682,0.734,0.489,0.563,0.379,0.949,0.709,0.793,0.518,0.776,1.315,0.447,0.307,0.79,0.226,0.897,0.123,0.914,0.301,0.975,1.039,0.808,0.982,0.707,0.226,1.072,1.327,0.931,1.172,1.469,,0.929,0.659,1.061,0.734,0.663,0.604,0.51,0.651,0.414,1.019,1.626,0.903,1.539,1.314,0.663,0.581,0.577,1.156,0.372,0.585,0.709,0.653,0.852,0.672,1.467,1.169,1.596,0.984,1.266,0.062,1.29,1.014,0.784,0.799,0.749,0.735,1.23,0.84,1.336,1.162,1.468,1.673,2.29,0.989,0.534,0.448,0.423,1.496,1.255,1.396,0.924,1.026,0.908,1.181,1.355,1.242,0.904,0.874,1.703,1.72,1.9,0.997,0.853,1.545,0.986,0.793,,0.736,0.948,0.694,0.84,0.623,0.465,0.772,1,0.695,1.032,1.445,0.944,,0.875,1.285,0.802,1.397,1.222,1.253,0.713,0.936,0.986,0.772,0.97,1.105,2.014,1.006,0.763,0.918,0.763,1.292,1.352,1.752,0.96,0.496,0.58,0.753,0.654,0.843,0.876,0.816,0.726,0.961,1.044,1.154,1.171,1.009,1.217,1.417,0.804,1.084,1.017,0.947,1.105,0.125,0.585,0.19,0.791,0.498,1.078,1.217,1.112,1.337,1.166,0.625,0.798,1.131,,1.259,1.521,0.833,1.105,1.294,1.811,,0.507,1.434,1.318,1.585,0.178,0.394,0.736,,0.736,0.876,0.577,1.072,0.938,0.509,1.41,1.021,0.87,1.233,1.117,1.361,1.797,0.948,1.059,0.925,0.647,0.973,,0.816,1.112,1.277,1.232,1.174,0.987,1.222,1.117,0.257,0.11,0.885,0.669,1.465,0.768,1.007,0.619,0.402,0.253,0.531,0.454,0.578,0.658,0.656,0.745,0.4,0.422,0.492,0.449,0.45,0.65,0.876,,0.598,0.501,0.723,0.701,0.757,0.622,,2.119,1.103,0.308,0.165,0.875,0.874,0.938,0.47,0.276,0.477,0.393,0.41,0.373,1.363,0.074,1.272,0.531,1.391,0.442,0.424,0.601,0.813,0.419,0.626,0.797,0.763,0.477,0.849,0.652,0.499,0.649,0.167,0.867,0.622,0.638,0.658,0.561,0.748,,0.886,,0.621,0.413,0.393,1.079,0.176,0.324,0.656,0.39,0.413,0.894,0.604,0.72,0.804,0.376,0.646,0.331,0.864,1.523,1.082,0.551,0.672,1.33,0.904,0.126,0.09,0.784,,1.766,1.399,0.86,0.725,0.236,0.322,,1.893,0.508,0.409,0.275,0.479,1.609,,0.868,0.754,1.291,0.439,1.172,1.198,0.371,,1.352,1.156,1.003,0.424,0.402,0.542,0.721,0.429,0.844,0.926,0.52,0.408,0.746,1.139,0.43,0.327,0.333,,0.441,0.73,0.362,1.388,,0.942,1.052,0.705,0.887,0.599,0.343,0.363,1.016,1.124,0.517,0.349,0.258,1.377,0.33,0.711,0.47,0.133,0.587,0.173,1.11,0.637,0.403,0.378,0.574,0.764,1.299,0.973,0.365,0.59,0.778,1.484,2.275,2.725,1.063,0.776,1.945,1.077,0.821,0.954,0.561,0.81,0.232,0.698,1.087,0.498,1.377,0.822,0.842,1.02
20160416,5,AQI,36,64,43,39,39,51,30,15,30,39,38,60,,36,42,30,47,45,32,,24,45,39,31,70,35,,26,23,16,24,20,35,30,198,186,198,218,219,247,62,72,74,84,81,40,43,59,90,49,49,43,48,48,44,500,252,500,500,500,57,73,59,64,66,46,44,51,45,54,55,51,69,94,112,46,45,42,45,43,,23,51,31,38,27,52,36,175,109,91,172,107,152,136,152,78,89,78,,83,82,76,80,87,,94,85,73,68,88,70,80,67,67,76,45,83,75,59,65,65,58,53,70,53,79,60,80,58,,73,64,60,63,51,55,73,53,44,33,40,48,42,40,40,45,40,61,56,62,59,48,55,61,70,60,37,44,52,29,41,32,40,35,52,52,56,57,49,66,65,62,61,102,77,100,,95,92,81,54,60,65,57,39,55,39,35,35,53,42,47,45,40,52,47,39,52,,50,35,41,55,56,56,59,88,74,75,73,76,33,53,49,45,80,84,69,72,36,31,31,43,27,52,45,,49,23,33,45,34,38,35,,40,33,39,63,52,62,43,34,29,26,,45,,40,38,,66,61,62,40,,,25,34,33,90,87,69,29,33,42,53,67,62,52,59,60,60,72,57,52,20,98,63,53,55,71,,49,56,50,56,30,46,50,65,30,40,44,80,90,78,74,75,,87,88,56,58,40,56,46,53,56,67,101,39,48,36,49,43,36,52,40,31,52,70,64,53,77,60,62,53,52,77,26,26,29,21,18,36,16,40,21,19,53,54,,48,59,57,61,52,55,59,49,54,54,55,58,52,50,55,64,46,53,59,52,59,41,27,46,54,51,52,49,36,46,62,46,33,38,50,23,33,37,37,52,47,50,48,58,57,54,54,52,54,29,38,45,,79,74,74,77,72,84,93,102,55,54,73,84,54,20,20,22,19,20,26,36,18,23,24,26,22,23,20,23,26,33,52,49,40,44,45,,41,23,25,31,30,27,38,32,32,35,42,51,53,61,65,57,86,44,52,45,,37,93,43,63,36,40,38,42,45,53,32,36,36,,32,42,43,52,45,46,32,21,32,50,54,64,89,87,63,63,72,,75,67,45,70,57,77,58,69,51,61,45,56,75,64,61,59,49,56,88,74,133,160,151,113,142,136,149,127,120,100,138,89,75,74,71,49,49,44,43,78,92,82,105,87,82,84,91,96,51,31,118,89,78,76,72,83,71,,123,144,159,,121,83,97,98,75,109,90,,79,,89,92,92,85,79,55,44,60,53,43,57,69,,65,,76,86,82,94,74,78,95,64,64,,51,48,47,88,72,80,,38,43,42,49,45,40,40,28,40,35,32,54,52,50,50,49,48,42,45,39,46,45,27,35,55,45,50,45,42,42,35,39,38,53,54,59,58,54,58,43,50,45,50,45,26,39,46,78,66,86,93,103,96,87,94,78,86,80,32,30,,72,15,20,30,20,31,19,,40,30,18,54,20,24,148,144,144,117,64,67,67,77,74,64,,75,73,84,72,67,69,55,65,73,54,56,54,114,97,93,95,99,52,45,58,55,54,,52,35,80,36,30,38,59,60,67,102,58,99,45,44,55,50,15,26,33,27,46,41,49,45,41,39,30,38,29,35,46,48,22,56,55,47,50,73,58,43,32,48,62,57,64,92,112,,134,74,107,44,46,43,54,19,,31,35,46,25,20,28,18,33,28,39,38,32,58,64,48,44,58,52,15,40,30,30,,51,42,43,32,82,123,103,128,49,57,53,58,108,102,99,85,103,95,45,49,41,51,51,47,12,12,15,23,20,19,59,44,103,42,20,27,21,22,20,18,22,18,40,81,46,58,32,26,23,57,35,32,46,33,27,,38,55,59,39,32,37,43,20,27,29,25,40,30,25,43,26,25,52,29,26,48,43,21,33,29,41,38,116,126,113,48,,52,66,142,90,27,30,48,34,44,83,91,105,74,82,84,89,61,57,46,59,40,49,59,57,70,60,57,47,57,65,72,72,54,52,54,50,53,52,45,40,53,56,48,,46,53,48,,,53,46,57,57,52,53,47,57,33,33,43,47,65,70,58,53,51,52,57,45,,,59,54,62,28,24,32,23,46,59,46,42,56,69,56,28,,21,39,30,26,67,62,67,32,63,14,,17,15,38,58,,37,31,30,34,29,31,,27,86,96,109,85,143,109,46,37,97,105,105,129,158,75,82,93,79,72,59,53,46,166,149,148,190,,53,61,61,63,79,77,85,83,108,111,108,112,74,84,80,57,60,38,37,62,42,99,70,85,80,60,57,65,63,58,53,55,29,38,53,49,129,89,114,50,31,36,31,,,87,84,68,113,133,94,29,26,32,33,54,44,15,84,52,50,58,82,49,,55,26,30,31,39,86,117,79,72,75,60,84,89,62,72,60,60,,42,59,16,62,57,59,64,,69,67,81,88,36,52,34,42,94,94,84,78,62,40,25,40,118,72,67,99,87,52,49,55,47,10,26,32,21,26,25,,21,57,69,63,31,39,32,30,35,54,122,127,87,102,107,105,85,88,83,29,46,57,49,42,18,29,19,39,41,26,25,30,28,80,78,87,94,75,25,22,25,25,23,33,45,48,36,143,64,62,78,65,58,100,73,59,77,79,26,33,29,22,33,30,25,26,,55,52,25,77,86,96,99,26,24,32,45,48,,68,65,34,23,23,31,23,28,22,27,39,49,59,22,22,28,29,29,28,44,75,45,40,45,41,25,26,30,65,57,55,68,59,57,72,88,52,65,59,61,63,23,55,70,52,46,53,33,52,49,53,88,72,57,,78,30,26,39,19,30,,59,53,54,95,9,23,23,,54,55,57,69,69,56,80,79,70,93,64,88,73,54,47,69,109,128,,53,70,100,89,77,75,112,110,22,23,16,23,33,25,18,37,26,18,22,23,23,24,14,19,30,40,50,42,22,25,27,,32,30,25,42,63,19,34,77,16,26,30,10,10,9,21,33,42,31,27,48,49,52,48,19,20,15,19,25,20,22,19,51,39,19,30,26,28,34,37,53,25,34,42,30,26,,42,,31,33,32,29,20,23,64,78,55,40,58,52,77,129,113,82,74,98,163,36,42,39,54,23,15,23,23,36,29,129,54,57,64,,68,28,15,26,16,21,49,34,19,78,78,83,88,9,,16,31,25,38,46,28,20,30,25,24,62,67,33,36,35,52,28,,26,34,48,20,,42,50,67,58,58,85,125,67,56,72,67,63,70,58,58,60,67,91,71,137,93,147,148,29,53,56,50,93,166,186,123,142,260,325,79,79,27,30,,15,32,32,25,39,87,66,59,20,52
20160416,5,PM2.5,25,41,30,27,27,29,21,,18,22,19,27,,20,18,21,21,31,19,,11,31,27,17,51,24,,10,16,6,4,12,24,12,148,140,148,168,169,197,33,52,49,42,41,28,,42,24,24,34,28,28,22,26,82,142,93,59,50,12,27,39,34,28,9,14,15,5,38,31,35,41,70,84,32,29,21,31,10,,7,25,14,22,9,16,12,38,23,11,16,42,19,24,13,57,55,57,,61,60,51,59,56,,70,49,45,41,45,32,52,41,37,49,31,51,55,33,47,47,32,33,51,32,52,39,59,34,,53,46,41,41,29,39,53,26,30,23,25,28,29,28,24,30,27,30,24,25,34,31,22,26,39,27,22,23,30,20,24,22,20,19,29,25,36,31,27,38,36,37,38,76,56,75,,71,62,52,36,43,36,30,21,36,27,24,24,25,20,31,18,19,20,26,21,15,,29,24,23,21,25,24,33,53,50,47,53,54,19,34,13,22,59,62,47,52,25,17,18,25,16,20,23,,32,14,19,15,12,12,10,,9,16,12,45,24,41,28,16,13,18,,20,,19,22,,43,33,44,14,,,17,20,23,67,64,50,20,21,29,28,31,31,31,36,39,40,52,35,24,9,73,45,37,39,43,,34,37,21,28,9,30,23,47,21,28,10,46,63,43,51,55,,64,62,19,30,28,24,32,30,37,28,34,27,33,25,27,30,25,36,28,15,36,51,42,37,56,43,44,33,36,56,18,17,20,9,11,25,11,28,8,13,37,38,,33,38,40,40,36,36,42,18,32,38,34,39,29,33,39,30,28,30,42,29,42,20,15,32,38,30,28,26,20,32,34,32,23,26,35,,23,25,21,36,29,35,32,41,34,29,33,29,33,20,21,31,,58,54,54,56,52,62,62,76,39,38,53,62,35,7,9,15,11,9,18,12,12,15,8,15,13,13,11,7,18,23,30,31,28,24,30,,22,4,,14,5,14,3,5,6,7,1,30,26,24,29,29,30,24,10,2,,15,69,17,45,22,28,20,26,21,37,10,20,14,,22,27,25,33,25,32,21,9,22,35,38,26,27,52,39,39,40,,27,30,20,30,27,31,28,29,28,37,24,37,27,35,40,37,8,34,31,54,46,49,51,37,57,31,40,49,29,23,41,43,44,48,44,26,29,26,30,54,68,49,79,54,54,55,43,51,35,20,89,66,57,49,52,61,39,,93,110,121,,89,56,72,73,55,82,53,,58,,52,68,68,60,46,37,29,43,30,24,33,45,,44,,45,53,60,60,41,55,71,41,37,,33,33,25,65,52,57,,26,28,29,34,14,28,28,19,28,24,22,38,36,35,35,34,33,27,31,27,24,31,15,24,39,31,35,31,29,29,19,27,25,33,38,42,41,38,41,30,35,31,35,31,18,23,24,41,44,63,69,77,24,32,21,33,30,46,19,11,,18,7,3,8,14,10,5,,28,8,10,14,6,3,42,41,40,29,42,44,45,48,48,44,,50,38,62,52,31,50,39,34,43,34,31,29,86,72,69,71,74,35,30,41,39,38,,36,24,59,13,20,26,41,37,41,76,41,74,31,24,39,35,3,15,11,18,28,21,28,29,20,24,21,26,20,24,32,33,5,30,39,28,33,53,41,28,22,33,44,40,46,68,84,,102,54,80,22,32,16,20,13,,18,22,32,16,7,9,2,14,6,21,14,22,41,46,32,20,41,36,10,28,21,21,,22,29,9,21,60,93,77,97,34,22,27,33,81,76,74,63,77,71,24,34,22,30,32,29,5,5,8,5,4,4,42,23,34,17,8,14,9,15,14,9,11,5,6,27,29,22,3,18,12,40,24,18,3,13,18,,26,18,28,4,15,16,30,14,13,16,17,17,16,13,26,13,15,17,12,8,33,15,13,23,17,9,23,16,16,5,19,,16,21,32,39,10,3,33,13,8,24,20,20,54,60,62,55,33,32,24,34,23,21,32,33,,43,36,30,27,32,30,35,25,28,30,23,20,18,22,24,37,22,28,,27,26,33,,,26,18,26,35,30,30,25,40,22,20,12,22,47,51,25,18,23,23,28,23,,,42,38,23,9,10,9,8,32,42,32,29,39,50,38,4,,9,27,6,18,48,44,48,22,45,9,,2,7,15,17,,9,11,9,10,7,12,,14,22,24,,53,109,82,32,20,45,38,34,40,47,55,60,69,12,8,16,33,22,126,110,113,143,,27,30,37,26,56,56,53,61,31,42,30,30,54,62,59,40,43,14,18,44,29,48,48,63,59,43,40,47,45,41,37,37,20,26,37,34,98,66,86,35,19,13,15,,,64,62,45,85,101,70,20,18,17,23,26,19,10,62,31,22,26,51,23,,23,2,19,10,22,33,79,34,52,55,43,62,66,41,52,43,38,,29,42,4,44,31,42,46,,43,48,47,65,25,27,21,25,46,70,62,54,19,28,17,28,89,52,48,74,64,36,34,25,25,7,18,22,14,18,17,,12,40,50,45,10,24,22,17,24,23,92,96,61,76,61,54,63,50,50,20,31,40,34,28,8,20,11,27,20,18,17,15,19,49,50,64,70,55,17,15,15,17,16,22,31,33,24,109,46,44,57,47,41,75,43,39,56,42,16,20,9,15,23,21,17,5,,39,1,9,51,38,38,51,14,7,22,23,33,,49,27,3,16,16,5,3,2,3,3,20,27,40,14,13,14,5,11,16,26,10,25,19,21,25,6,7,12,47,40,39,49,42,37,52,65,20,43,42,40,43,16,12,51,24,32,37,,22,28,29,65,52,40,,57,21,12,27,2,5,,42,23,38,71,2,8,16,,38,39,40,50,50,35,59,58,51,69,40,65,53,38,26,50,82,97,,30,51,75,66,56,55,84,83,1,8,8,2,11,5,12,11,18,5,15,16,16,13,9,10,8,26,10,20,10,17,6,,22,2,17,23,38,10,11,14,5,18,3,4,3,4,12,22,16,12,12,31,30,31,33,13,8,9,3,8,8,4,5,2,6,10,4,6,13,1,15,24,3,4,13,15,9,,22,,13,8,21,13,10,16,46,57,32,22,41,36,56,98,81,60,47,45,124,25,29,17,,16,10,11,16,8,6,30,,28,46,,31,19,8,15,11,10,34,20,8,18,21,18,17,5,,11,12,12,22,14,19,14,21,8,7,26,31,14,16,20,18,10,,10,20,27,6,,18,35,13,22,28,,46,24,17,36,31,29,42,22,19,20,35,24,20,53,53,24,26,2,14,17,13,22,46,53,44,88,166,155,43,42,15,11,,10,14,8,7,14,64,32,42,8,36
20160416,5,PM2.5_24h,54,45,66,58,55,58,49,,41,47,56,55,,105,108,104,108,115,104,,103,120,132,117,121,112,,65,61,73,54,52,67,57,118,117,122,129,134,132,38,63,58,56,54,59,59,64,74,64,81,67,63,59,69,57,51,47,42,41,28,39,37,35,25,34,47,51,41,92,85,95,77,82,81,86,61,62,64,32,,26,33,20,38,28,43,45,28,31,24,23,39,21,30,24,40,39,45,,44,45,42,46,47,,51,39,35,38,32,30,40,39,29,39,34,47,48,40,41,41,34,39,39,32,41,53,52,47,,61,58,55,60,47,51,62,42,55,56,50,53,50,51,49,53,53,48,41,47,45,43,33,39,51,34,42,40,53,39,44,43,41,38,42,43,51,46,42,60,59,56,70,69,51,70,,61,59,67,49,58,51,42,47,58,58,49,54,54,51,61,43,39,42,51,40,46,,38,38,43,46,46,51,63,51,55,54,56,56,21,39,24,32,51,61,49,62,36,27,18,35,26,34,32,,45,24,24,25,34,26,31,,27,32,33,35,34,39,35,18,19,26,,37,,37,28,,38,54,48,25,,,25,24,31,32,32,24,15,19,22,45,47,42,44,48,47,49,47,43,43,24,44,36,35,35,32,,36,55,26,35,14,29,16,31,26,29,19,73,78,63,61,82,,91,66,21,32,39,33,42,35,44,45,39,56,67,65,66,70,70,63,60,68,31,37,34,34,38,36,36,32,37,76,34,33,36,36,30,35,36,36,35,33,31,34,,31,34,35,38,37,27,42,22,22,26,26,28,20,21,28,23,22,21,25,26,34,24,15,25,28,25,23,25,24,34,39,33,22,25,20,32,28,23,33,28,26,31,28,35,23,20,20,27,22,33,38,58,,58,53,52,54,52,54,56,63,32,38,46,37,33,10,34,21,28,25,38,29,30,31,30,41,28,34,33,25,35,40,35,28,31,30,34,,28,16,27,46,42,46,33,38,41,40,37,29,26,21,24,28,27,26,23,16,,30,108,20,45,32,35,26,39,30,51,19,42,31,,31,37,20,29,19,29,14,11,29,26,27,18,52,49,37,43,42,,25,41,20,19,27,10,32,33,31,33,30,32,32,30,33,33,35,26,41,75,33,40,35,33,40,26,26,28,23,26,25,38,39,46,39,34,39,40,39,45,79,58,55,41,46,49,39,38,35,20,110,90,79,82,84,96,64,,91,79,87,,103,72,83,89,61,69,61,,75,,68,95,93,86,71,33,33,32,25,24,26,72,,62,,69,61,65,66,58,68,75,57,53,,30,29,27,72,59,65,,27,28,36,42,35,32,28,27,37,31,36,38,38,33,32,36,34,27,38,32,29,16,15,17,34,29,28,16,15,19,22,30,29,33,39,39,42,38,44,40,45,45,53,48,31,36,28,40,38,59,74,84,33,34,23,32,29,40,69,44,,58,53,34,48,37,29,20,,53,39,67,58,34,27,39,32,39,26,39,42,44,48,52,41,,42,30,36,43,19,44,36,38,49,37,31,30,86,56,63,65,68,35,28,40,33,37,,31,36,57,32,44,53,39,44,53,57,50,84,45,48,71,51,28,20,26,38,41,36,42,37,50,26,27,24,19,23,30,25,7,88,132,114,131,116,106,110,67,66,103,90,85,82,89,,87,102,143,101,130,67,59,65,,51,60,75,47,57,60,55,45,60,42,43,45,50,60,57,36,58,52,57,72,70,66,,46,62,29,24,48,67,59,75,58,44,47,58,79,72,74,67,76,75,23,32,15,18,20,18,30,23,27,26,25,14,29,17,24,18,24,42,31,34,29,27,21,19,12,27,22,29,14,31,23,40,35,35,14,19,35,,45,30,28,35,42,46,50,30,32,38,38,28,30,28,42,19,22,20,20,15,38,23,23,52,45,37,51,16,10,15,22,,18,19,28,31,15,6,23,17,9,32,30,21,68,76,99,75,44,34,38,48,32,36,31,33,30,46,37,40,27,32,43,53,40,37,32,23,22,20,36,48,43,43,52,,50,52,63,,,37,34,42,66,54,62,32,46,24,26,36,37,69,68,25,23,18,19,32,24,,,49,50,28,37,30,31,35,52,50,51,51,47,47,49,79,,72,76,77,77,51,51,47,43,41,42,,38,45,33,34,,25,31,93,71,46,25,,24,30,28,26,52,66,62,28,23,45,43,39,39,37,64,78,75,71,69,27,28,30,126,66,66,78,,53,28,40,27,38,38,38,42,52,45,46,40,43,53,44,39,39,32,33,61,58,44,42,87,90,42,47,42,40,34,29,28,28,34,69,41,89,68,82,48,22,24,19,,,84,56,59,112,115,85,19,19,19,52,49,20,18,81,61,62,59,83,63,,46,44,34,23,22,48,95,52,43,44,41,45,33,42,56,46,41,,26,39,10,81,72,88,64,,50,51,84,96,46,41,36,48,57,64,52,61,27,42,30,31,59,46,38,42,103,28,31,32,30,6,24,25,21,22,18,,16,34,36,36,22,32,29,27,30,7,57,55,37,47,52,46,55,50,48,25,31,35,33,31,16,29,26,35,31,29,32,29,34,45,45,61,66,49,37,27,23,28,25,22,32,32,28,99,62,59,71,80,74,89,56,62,61,46,46,52,48,58,60,60,60,36,,74,42,34,68,64,39,75,52,49,52,23,34,,48,29,27,34,45,31,29,35,37,28,25,28,45,41,33,46,24,18,27,29,24,27,24,24,29,28,28,31,49,47,38,36,35,30,41,52,36,42,46,46,47,74,49,79,67,74,40,33,28,26,34,64,43,45,,52,50,47,50,47,58,,51,39,57,55,30,45,50,,48,56,52,42,39,30,52,40,47,70,49,60,65,51,38,51,90,94,,39,52,77,70,56,52,77,78,7,6,8,6,17,16,14,15,13,11,17,12,23,21,21,21,20,31,20,26,20,27,25,,27,14,25,29,32,19,21,22,17,22,7,9,14,9,8,21,23,18,16,31,37,22,35,23,13,12,12,13,17,26,36,38,30,36,20,24,30,19,28,43,21,20,19,17,33,,46,,17,23,19,17,15,14,50,55,43,29,28,30,62,70,74,65,62,45,82,25,22,30,,15,11,14,16,20,26,27,39,23,27,,57,20,22,18,17,14,22,16,15,24,30,26,26,16,,19,31,30,22,16,24,17,23,21,15,28,27,13,19,26,19,15,,14,23,20,8,,20,30,20,21,27,,37,42,22,41,22,24,27,23,32,29,32,26,22,36,58,20,16,8,13,15,13,22,28,46,46,90,152,152,133,52,19,16,,10,8,6,6,19,19,21,43,44,33
20160416,5,PM10,29,77,40,,28,52,23,,30,39,38,70,,36,42,27,47,33,32,,12,35,,31,,,,,23,16,7,,24,12,271,274,283,246,240,293,74,86,97,118,111,30,43,50,53,49,36,43,48,48,44,772,386,833,659,717,63,96,68,77,81,46,44,51,45,47,60,52,87,92,88,33,45,42,,43,,23,52,31,38,27,53,36,300,167,132,294,163,254,221,253,95,127,106,,108,112,101,104,123,,110,119,95,86,125,90,109,84,84,102,40,115,83,67,68,52,65,56,84,55,108,70,68,65,,67,71,70,75,51,55,58,56,44,29,40,48,34,30,40,45,40,71,62,73,68,48,59,71,89,69,37,44,53,27,41,27,40,35,54,53,61,64,49,81,80,73,72,151,93,129,,133,133,111,58,66,80,64,39,59,38,33,34,55,42,47,45,40,53,47,39,54,,50,33,41,59,61,62,67,125,98,100,96,101,32,56,49,45,105,91,88,82,35,31,31,43,27,53,45,,49,23,33,45,23,28,26,,13,26,39,68,53,73,43,34,29,18,,45,,40,38,,81,71,62,40,,,,34,28,74,100,66,23,33,38,56,83,73,53,68,69,70,53,63,53,20,86,49,50,51,91,,35,62,50,62,30,46,50,48,26,39,44,110,129,106,97,92,,100,126,62,66,28,61,46,55,62,84,152,35,39,28,49,37,27,44,39,31,50,65,78,51,75,46,66,55,,,,,,,,,,,,,,47,,37,67,52,72,38,59,53,49,57,,60,66,53,50,57,77,46,56,58,54,,41,27,40,52,52,53,49,36,41,73,,27,26,38,23,,37,37,48,47,49,48,42,63,58,57,53,57,29,38,44,,87,79,82,80,67,107,136,109,53,57,54,107,57,17,15,22,12,18,26,36,17,23,24,26,22,23,18,23,26,29,53,49,40,44,45,,41,5,16,18,5,21,38,15,24,35,42,51,56,71,80,63,122,44,53,45,,37,100,43,63,36,37,38,42,45,,32,36,36,,25,42,43,53,45,45,32,11,31,44,55,78,128,124,75,75,93,,100,84,45,89,63,103,66,87,52,71,45,62,100,78,71,67,49,62,126,70,216,270,251,175,233,221,248,203,190,149,226,127,99,98,91,49,49,44,42,106,108,114,126,123,113,118,131,141,52,31,115,99,95,102,88,95,92,,129,132,175,,192,115,125,139,75,118,130,,100,,127,109,133,119,107,59,44,,55,43,64,88,,79,,101,121,112,138,97,106,111,77,78,,51,48,47,110,92,109,,38,43,42,45,45,32,38,27,28,,24,45,40,49,48,45,44,42,34,35,46,33,27,30,49,39,42,31,30,42,35,36,38,56,52,52,53,57,49,30,40,36,,33,26,39,46,106,81,121,122,128,142,123,138,106,121,110,32,27,,94,15,13,30,14,,13,,,30,18,58,20,,246,237,238,184,77,84,83,104,97,77,,100,95,87,88,84,79,57,80,95,57,62,58,103,131,107,117,108,53,45,60,59,54,,48,32,66,36,30,,67,70,83,137,42,82,38,44,46,40,15,26,24,27,46,41,49,45,41,39,,,29,35,34,44,13,62,,47,50,55,43,43,27,,48,,,,,,,89,,44,42,43,57,17,,31,35,46,25,20,28,18,33,28,39,38,25,63,58,48,44,49,40,12,28,23,22,,52,,43,,86,138,114,128,45,64,56,66,84,94,91,88,105,90,45,44,41,51,51,47,8,12,14,9,13,6,67,44,156,42,13,27,18,,20,18,22,10,40,111,46,65,32,19,23,61,,32,46,,,,33,60,67,39,32,37,,17,27,29,22,40,30,18,43,25,25,54,29,26,36,43,21,29,29,41,38,181,202,176,48,,53,81,234,130,,15,,22,44,115,132,160,94,97,115,127,71,64,46,68,40,49,68,63,90,58,63,47,63,80,94,94,58,54,58,50,56,53,45,40,44,62,48,,46,56,45,,,56,46,63,64,53,55,47,44,33,33,43,47,62,64,65,55,52,54,63,45,,,54,52,74,28,18,32,18,43,44,37,35,61,75,61,28,,21,,22,,,71,69,22,64,12,,5,13,38,66,,37,31,17,,14,31,,27,122,142,168,120,118,124,,37,144,160,160,207,266,58,63,77,107,93,68,55,46,225,248,164,187,,55,72,72,76,107,98,120,115,166,172,166,174,68,118,91,54,62,32,27,59,39,147,89,71,68,55,50,56,49,52,48,59,23,28,44,46,139,73,107,46,31,36,31,,,67,,86,88,,80,,18,32,32,57,44,15,,53,50,65,113,49,,60,26,30,31,39,122,184,108,86,96,43,88,,74,71,57,69,,,,11,64,63,51,71,,87,71,112,111,33,54,34,42,138,,83,105,74,,,,,,,,,47,38,59,47,8,22,,21,20,20,,21,,68,,31,39,32,30,26,57,104,111,123,132,164,160,108,125,115,24,46,57,44,42,17,26,17,27,41,18,20,30,20,109,105,96,90,89,18,20,25,20,22,33,31,,36,,66,55,99,73,57,,95,67,66,108,26,33,29,16,23,24,24,11,,,53,,103,121,142,147,26,16,,45,46,,,80,6,,21,11,11,6,10,15,39,49,68,22,22,28,29,29,28,44,100,45,40,45,41,19,19,30,49,40,53,73,63,63,81,67,53,80,65,71,75,,59,,53,33,40,33,54,49,55,78,75,53,,70,21,26,,19,30,,55,55,40,130,9,23,22,,58,58,57,75,66,62,76,77,75,75,77,77,89,49,47,70,112,138,,55,77,107,109,96,78,94,131,22,18,14,21,33,25,18,37,,16,18,18,22,24,14,19,30,40,50,42,22,25,27,,31,30,25,42,75,19,34,25,16,,8,10,10,9,21,33,42,31,27,48,49,53,41,14,15,15,8,25,20,,19,51,14,19,7,10,,34,37,56,4,10,42,28,12,,42,,31,33,,26,20,,67,94,59,40,66,53,88,155,176,81,98,146,140,35,41,39,57,20,14,23,16,36,,207,57,63,48,,85,27,14,26,,21,,34,19,106,106,115,125,9,,,20,23,38,46,,17,26,12,,74,83,33,36,35,54,28,,26,34,48,20,,42,,84,65,65,119,200,84,61,93,83,76,89,65,65,69,83,132,92,223,136,244,245,10,56,62,50,135,282,322,195,233,392,440,108,108,27,24,,,,,14,39,95,82,42,15,42
20160416,5,PM10_24h,111,90,101,,92,112,108,,78,82,109,115,,171,180,169,162,188,164,,196,196,243,194,184,172,,117,135,136,117,113,133,196,234,227,268,230,248,242,85,113,119,133,132,121,135,176,159,118,158,141,194,172,156,190,170,206,218,187,75,95,78,105,70,110,100,108,100,162,169,157,187,173,149,129,130,143,89,106,,70,87,70,86,82,144,124,133,127,122,124,119,147,116,105,64,89,86,,100,88,85,81,101,,116,120,78,72,72,73,87,71,73,80,55,95,85,71,74,66,58,62,67,63,86,80,79,84,,82,93,86,90,68,80,96,76,90,80,95,94,83,99,82,95,88,146,123,135,134,111,105,135,154,113,95,102,105,84,102,110,91,83,84,95,108,95,94,120,118,104,120,188,133,155,,161,174,176,113,122,121,126,103,158,102,116,104,119,128,119,122,124,142,136,109,133,,115,118,114,122,126,142,151,115,125,123,112,127,50,90,65,67,122,112,116,106,57,43,24,64,43,71,61,,94,43,43,68,59,60,63,,41,55,78,58,70,71,59,36,44,52,,90,,82,52,,85,86,75,51,,,44,43,48,54,48,35,27,31,41,93,124,100,90,113,83,115,106,96,112,47,67,55,62,57,66,,51,77,52,58,47,37,51,53,43,44,53,176,248,199,196,216,,186,206,66,77,54,70,56,64,64,91,119,145,145,139,126,133,126,146,135,125,52,62,72,62,70,59,67,69,75,50,58,40,43,51,38,56,56,49,46,55,46,46,,49,53,39,63,46,40,51,39,38,34,40,44,36,29,48,45,37,37,40,42,58,37,30,33,44,44,44,43,41,46,65,37,36,31,33,35,46,40,46,38,37,41,41,43,36,33,31,41,38,53,59,75,,88,83,92,89,84,103,116,111,48,69,69,69,60,43,42,36,34,37,48,44,41,50,56,51,41,47,43,39,57,46,62,45,43,42,47,,46,23,83,100,102,82,96,83,86,94,104,52,58,49,54,61,77,55,90,75,,63,175,57,99,74,68,68,95,88,138,107,58,92,,78,87,43,54,36,51,33,20,54,43,51,49,110,114,111,95,91,,76,82,49,82,76,52,51,59,47,50,44,44,50,51,48,48,81,37,112,89,143,173,182,151,159,136,124,107,116,107,112,107,80,88,74,61,65,65,56,101,99,89,98,115,106,116,62,62,49,36,242,191,185,167,143,169,124,,225,205,241,,219,193,183,203,118,154,160,,170,,184,152,179,162,148,122,104,81,69,63,77,133,,131,,161,153,127,175,155,159,159,89,90,,66,83,84,226,156,252,,41,39,43,45,43,50,46,37,43,44,53,56,50,56,49,52,47,49,56,44,58,15,21,27,44,37,40,18,21,23,39,46,45,52,49,55,54,54,53,51,52,53,62,59,39,61,51,80,77,166,184,197,118,92,104,97,80,86,110,118,,130,114,77,136,64,85,60,,137,108,192,148,64,56,199,173,164,126,71,77,83,98,98,71,,85,87,67,80,56,77,59,79,92,65,59,56,115,121,117,121,116,56,41,65,56,51,,42,71,71,71,75,60,73,74,94,110,60,100,69,71,99,75,53,36,52,65,85,89,100,98,84,61,51,46,32,43,54,43,12,191,314,223,156,201,236,224,129,75,190,119,91,146,133,,128,197,226,197,191,136,133,137,,105,125,208,107,93,100,90,74,96,81,79,68,83,82,86,62,82,57,89,137,85,110,,74,94,46,33,67,105,89,121,79,77,79,89,104,121,97,101,124,101,50,47,30,32,34,29,38,39,40,39,44,24,79,39,79,38,43,60,46,38,43,52,42,35,42,61,40,47,31,41,36,59,47,42,70,25,53,,62,74,85,76,88,95,104,67,65,71,79,64,56,60,93,33,35,53,37,46,52,58,45,106,63,95,126,78,87,80,73,,76,69,142,102,26,19,59,39,34,134,123,129,170,178,178,206,121,89,62,73,63,66,84,83,129,81,101,113,94,100,145,160,77,79,64,46,42,52,111,96,108,103,119,,94,120,109,143,,123,90,115,128,127,138,82,75,59,63,84,85,89,87,72,70,46,45,61,57,,,76,86,48,73,53,64,65,118,104,114,103,81,73,70,113,,109,132,135,131,79,134,107,68,76,73,,61,88,70,60,,81,65,87,85,92,45,,52,120,102,108,144,143,161,67,57,150,151,161,131,136,86,108,96,476,393,70,65,61,167,163,128,167,,45,71,70,85,91,81,102,94,130,110,115,129,73,123,93,54,58,58,62,100,83,107,70,117,119,68,65,64,53,59,53,51,38,42,92,56,149,89,106,56,34,52,34,,,101,60,108,141,179,101,35,26,38,79,83,41,26,123,157,97,131,215,122,,73,82,62,72,85,135,186,142,89,108,81,94,58,73,98,75,64,,34,42,29,127,119,133,107,,114,100,147,145,91,100,76,90,158,103,112,108,66,65,42,42,59,46,67,47,44,43,45,49,43,8,36,29,33,28,30,,25,44,57,52,39,57,46,54,38,30,86,71,69,76,86,95,79,94,86,33,49,51,47,50,25,44,42,48,40,26,44,35,38,83,90,85,87,77,49,36,36,35,29,34,35,37,39,149,133,149,149,170,155,169,193,177,200,207,99,108,97,117,124,129,120,82,,141,139,87,141,145,127,173,106,98,127,50,56,,57,65,45,76,86,56,55,62,51,52,43,54,75,72,71,73,75,46,50,47,56,46,48,50,43,49,43,59,77,64,51,55,66,44,59,59,59,60,61,62,63,,78,128,108,109,46,51,61,49,50,92,66,76,,74,71,79,88,86,70,,58,82,78,80,52,72,86,,68,64,63,76,59,62,79,72,73,96,79,82,97,66,56,82,141,135,,66,82,114,114,98,99,100,125,29,24,14,19,33,31,25,30,24,20,23,21,37,32,31,35,34,42,40,49,34,42,51,,45,51,36,38,56,45,55,44,32,42,11,16,22,13,24,36,37,38,37,47,51,72,68,82,24,24,24,31,41,56,108,88,91,58,43,40,48,52,75,104,39,39,52,64,51,,80,,34,73,64,32,26,15,87,118,64,57,53,57,93,115,185,105,108,143,130,38,51,49,60,25,19,27,25,62,,230,58,49,45,,181,40,41,45,,24,35,26,26,81,87,83,89,39,,35,82,56,43,44,21,27,35,29,29,54,52,33,40,69,69,37,,36,41,31,13,,47,43,48,58,62,88,133,66,74,124,65,77,67,84,85,80,132,134,108,179,210,90,77,24,61,57,62,103,115,147,187,268,335,313,158,168,48,35,,29,16,14,24,54,44,52,59,90,50
20160416,5,SO2,2,3,2,2,2,2,2,4,2,2,3,2,,4,10,1,15,6,8,,9,7,6,12,11,11,,4,8,3,13,8,7,19,91,79,79,80,94,108,15,20,13,13,11,14,10,11,430,13,8,8,1,5,8,4,4,9,3,6,10,12,16,12,13,6,4,4,1,24,11,21,11,28,9,4,8,19,37,10,,9,30,11,5,5,7,16,10,6,4,16,5,1,8,8,8,50,38,,28,21,30,27,30,,14,4,13,7,5,4,9,1,15,20,3,27,13,7,6,8,7,9,8,18,19,14,20,25,,10,79,30,20,24,10,12,16,12,11,11,10,10,10,10,11,18,19,20,22,18,20,5,23,20,15,16,12,17,13,10,21,10,11,22,21,27,23,13,18,18,24,24,30,27,25,,42,23,122,13,25,61,28,13,19,17,11,8,21,11,15,13,13,30,27,16,18,,24,22,33,6,8,18,22,30,19,12,13,14,5,10,11,7,41,32,15,25,4,6,9,21,3,4,7,,16,4,3,6,7,8,7,,6,9,8,4,4,5,12,6,4,,,21,,11,14,,7,3,2,4,,,10,18,6,12,14,17,9,7,10,10,14,31,10,10,13,11,12,7,12,3,4,9,4,2,5,,6,12,13,7,17,3,16,16,23,17,16,21,18,13,19,32,,25,25,20,10,22,8,32,17,13,11,8,19,15,15,16,7,17,13,18,11,5,5,5,6,10,8,4,6,8,7,7,7,7,4,9,16,5,10,6,6,4,6,,9,13,16,22,4,6,18,7,5,3,6,4,6,7,13,3,4,3,11,6,6,1,2,11,8,11,3,37,6,6,5,5,2,13,5,8,8,6,13,2,3,4,4,11,8,4,6,7,2,8,32,10,,8,11,8,10,5,9,7,8,6,2,4,3,10,7,5,19,7,4,5,9,9,5,4,4,7,5,7,6,18,19,4,11,11,7,6,,12,11,4,3,1,6,4,2,5,5,2,12,11,167,19,8,15,8,5,7,,5,10,7,19,7,10,27,6,14,9,10,11,4,,18,11,8,11,5,6,4,3,10,13,6,19,43,11,17,60,27,,2,12,7,9,3,16,16,17,19,32,17,66,22,32,42,75,11,18,25,9,5,5,5,6,8,7,15,13,8,6,14,13,18,10,10,22,8,13,6,22,27,10,7,7,9,14,37,31,13,11,29,23,26,6,15,19,9,,11,26,18,,19,118,123,60,17,38,40,,28,,19,10,24,18,34,12,10,5,8,4,16,25,,12,,9,57,98,66,49,18,75,10,6,,15,7,9,42,56,72,,18,13,8,10,8,14,8,2,8,8,13,2,10,9,3,12,8,11,4,3,5,2,3,7,8,8,10,5,6,9,2,2,3,6,5,7,13,14,6,8,5,5,3,22,24,3,14,61,45,23,31,37,10,18,12,16,14,9,18,18,,23,12,6,8,5,1,8,,4,3,17,18,29,11,11,14,7,11,6,12,16,13,20,10,,41,26,17,20,14,29,11,29,115,22,10,8,35,160,23,34,50,11,9,12,10,9,,9,8,10,15,4,13,13,38,40,16,4,8,11,7,3,12,9,8,29,10,5,4,5,3,4,6,9,6,9,49,28,58,6,32,11,27,36,16,23,3,10,11,14,15,6,11,10,,12,32,16,6,24,15,20,8,,21,12,22,11,5,8,3,20,11,12,8,38,5,23,12,3,2,25,12,11,4,10,,3,5,3,3,19,40,33,24,6,5,10,17,9,12,15,10,19,8,1,2,12,13,16,7,5,13,14,3,8,16,142,19,78,14,3,8,6,12,10,7,8,5,8,7,10,5,8,4,8,29,32,7,2,2,3,,1,20,118,8,7,7,2,4,6,7,10,6,2,4,6,2,2,4,2,6,6,1,2,17,3,9,12,4,4,1,15,,8,24,86,36,3,16,2,2,2,3,2,4,14,19,54,23,6,6,6,1,8,10,4,7,15,6,9,10,12,20,13,11,4,18,14,10,2,17,9,11,14,11,14,,13,16,12,,,11,9,15,30,18,15,23,15,10,13,8,4,10,13,21,2,11,10,15,16,,,5,4,11,14,11,9,5,12,9,17,11,5,13,6,8,,8,10,3,9,31,39,50,33,47,14,,16,10,3,7,,12,10,16,41,23,11,,13,1,3,15,12,35,8,3,3,33,10,14,22,38,6,6,40,12,4,24,4,6,41,38,40,50,,5,6,5,10,15,7,8,8,23,10,16,8,19,17,19,25,13,2,4,18,4,10,9,7,2,9,7,4,6,11,31,7,4,3,6,2,5,7,7,3,1,3,12,,,4,9,2,15,19,27,12,20,37,12,8,6,15,21,25,27,14,47,14,,19,15,28,32,17,7,23,43,105,42,84,17,124,52,9,5,8,,19,13,10,10,11,9,,,12,14,25,19,11,4,10,10,27,8,36,12,10,24,24,25,9,6,6,19,3,23,14,13,16,3,3,19,6,6,9,,7,1,4,4,1,5,4,4,1,7,31,44,40,57,43,25,42,29,41,3,50,163,42,25,9,6,3,17,4,1,11,27,18,10,9,8,18,20,8,9,7,6,8,19,55,43,52,20,15,19,15,13,31,20,10,9,6,10,23,25,10,9,54,21,11,23,,38,20,5,34,39,45,17,14,18,38,5,2,,10,3,10,8,16,18,3,2,14,8,11,41,14,25,18,10,9,3,4,3,4,7,2,4,3,2,1,6,4,2,9,11,9,11,13,6,7,58,23,40,40,5,63,8,12,8,3,3,3,3,12,3,16,5,,22,,2,2,5,7,,19,63,13,30,4,7,8,,4,1,4,13,3,3,15,14,13,51,21,23,16,10,49,115,10,12,,10,2,5,8,17,15,8,14,4,20,14,1,8,8,3,7,3,9,1,3,11,8,10,16,3,17,16,23,20,47,29,,9,15,7,29,6,2,8,6,8,4,2,5,7,1,33,17,7,20,28,11,2,11,10,17,15,10,1,8,15,9,7,9,7,6,17,21,23,1,33,1,10,11,30,6,4,,7,,3,5,10,8,14,3,3,14,4,8,18,20,17,19,29,15,11,8,8,4,10,3,3,13,7,18,1,3,9,5,7,11,3,,23,6,8,10,7,10,8,5,3,2,4,3,1,10,,6,2,2,6,4,9,12,9,3,4,10,15,6,4,13,8,2,,3,4,11,5,,9,19,11,16,23,11,7,19,1,30,8,2,26,4,5,2,5,9,6,1,5,1,3,,5,5,9,9,2,3,2,13,19,13,2,13,1,6,,4,2,3,10,6,15,73,13,16,11
20160416,5,SO2_24h,15,9,16,15,19,13,15,16,10,10,18,11,,29,37,31,36,27,42,,33,30,29,36,21,32,,42,34,36,43,39,26,40,97,83,80,89,98,103,23,30,15,22,22,41,31,40,123,27,35,33,31,31,40,12,9,16,10,12,17,15,20,24,20,31,31,33,29,78,17,48,34,47,33,36,29,61,60,18,,17,19,20,15,15,23,25,19,14,11,19,8,5,12,11,11,43,25,,24,25,24,19,29,,21,8,25,11,9,9,14,7,19,23,8,22,11,12,8,12,10,14,11,19,14,22,23,27,,16,40,30,28,31,16,48,19,14,13,12,13,9,11,13,13,20,22,20,22,20,21,6,20,14,11,15,10,18,13,9,15,11,13,19,24,31,17,15,19,18,24,31,29,27,20,,37,18,136,19,35,69,34,16,16,25,14,11,16,17,19,19,17,32,22,22,21,,27,28,29,9,14,24,28,22,24,11,12,14,7,13,13,8,40,27,11,20,9,7,10,20,8,10,13,,21,8,7,11,12,14,12,,10,13,16,9,8,11,13,7,9,7,,26,,18,14,,12,15,8,10,,,12,14,8,13,10,15,3,5,11,21,16,36,14,17,17,14,15,12,20,4,4,8,6,4,5,,5,8,7,4,7,6,12,15,9,12,7,23,28,21,26,40,,31,26,22,11,20,8,26,17,10,12,16,23,20,23,17,11,23,16,21,19,10,9,9,12,13,14,9,12,12,20,8,13,8,6,11,16,9,13,10,7,4,6,,10,12,13,22,5,5,19,7,5,4,5,4,17,7,13,3,6,5,10,6,8,4,3,13,7,10,4,16,7,7,5,5,2,12,10,7,8,5,12,3,4,5,4,7,7,3,5,6,2,17,35,11,,7,10,8,9,6,10,7,9,5,4,5,5,11,6,5,10,8,5,6,9,12,8,9,8,8,9,8,6,10,14,4,9,8,7,6,,9,9,7,7,6,7,6,6,15,8,7,20,9,42,18,13,19,20,4,6,,6,12,7,17,9,5,10,5,9,12,11,14,5,,7,11,4,5,5,5,4,7,16,13,6,10,29,13,16,26,14,,3,15,10,12,7,8,53,20,33,49,36,13,20,14,9,34,13,5,68,11,9,9,7,9,12,9,17,9,9,4,8,20,19,14,11,23,15,18,15,22,22,14,11,13,11,21,11,9,6,6,38,28,27,6,15,23,10,,30,36,34,,33,65,51,46,21,39,26,,26,,17,17,18,15,36,15,11,7,9,7,25,28,,10,,15,30,50,36,48,19,36,10,5,,19,10,12,31,67,38,,34,11,10,11,12,18,8,3,8,8,21,2,10,9,4,11,8,11,3,3,5,3,3,8,8,9,10,4,3,7,3,2,3,8,6,9,14,14,9,8,8,4,9,23,26,7,16,30,32,26,36,39,21,26,20,19,24,19,19,14,,20,12,14,7,9,2,10,,32,27,37,36,50,23,15,11,11,11,9,14,20,28,27,14,,33,22,9,16,8,41,12,28,92,29,11,11,54,95,33,49,58,13,9,15,11,10,,9,11,44,27,7,16,11,29,17,17,6,10,15,10,7,15,9,6,40,14,12,5,14,12,10,35,36,36,34,52,36,70,31,47,43,54,48,43,47,39,36,45,45,34,42,20,17,,18,42,40,21,48,24,38,17,,42,36,37,32,11,12,5,20,12,24,20,49,13,14,43,11,11,41,18,21,9,15,,3,10,3,3,25,34,30,19,14,6,9,10,15,15,16,18,24,13,1,2,11,10,12,5,9,18,13,14,17,8,75,14,46,9,5,9,10,9,10,7,6,6,7,4,10,5,6,4,7,9,18,5,5,3,2,,4,16,28,8,10,13,9,10,13,13,18,7,3,7,10,2,3,3,6,5,5,2,3,21,8,12,14,4,5,2,26,,9,15,73,41,2,14,2,4,1,7,4,5,22,31,30,39,22,12,6,5,10,12,6,9,14,10,12,9,15,21,17,20,6,21,15,12,3,18,14,12,15,13,16,,16,17,21,41,,11,9,15,24,19,23,20,15,11,16,14,13,13,16,11,4,10,8,15,14,,,8,7,7,17,14,14,15,25,19,44,23,8,10,5,41,,34,46,45,20,34,50,32,25,31,19,,21,11,7,12,,19,17,30,49,38,20,,25,22,4,10,24,25,36,3,2,10,13,11,24,31,10,14,21,13,12,25,4,7,31,33,31,39,,6,8,8,13,21,12,14,14,26,12,25,10,14,15,14,23,11,7,13,43,26,12,7,9,6,10,12,9,10,12,34,12,8,7,8,3,6,16,13,3,6,5,16,,,9,12,6,11,21,28,16,22,40,19,10,19,23,20,17,30,10,37,13,,23,12,18,26,19,12,34,31,15,24,31,43,28,16,31,10,6,,26,9,6,11,11,13,20,,17,20,22,16,16,12,18,12,26,8,26,9,19,16,15,12,5,4,10,13,26,12,14,12,13,2,2,12,6,7,9,,7,2,6,6,1,4,4,9,2,7,15,25,28,27,36,22,44,33,39,3,39,105,43,30,15,20,14,24,20,27,13,21,21,10,10,10,28,35,19,10,4,10,11,15,33,35,40,53,40,46,29,37,47,40,28,28,39,23,20,22,20,23,104,43,29,30,,45,25,17,36,37,41,26,20,26,28,18,2,,11,2,13,8,24,21,11,9,11,7,12,42,41,29,23,26,9,11,12,14,19,12,4,6,4,7,5,7,10,8,11,10,11,10,10,7,8,24,25,51,28,6,55,24,29,34,13,10,13,7,22,32,16,38,,19,,8,11,20,37,,13,59,27,13,6,9,9,,17,3,5,12,3,4,17,15,16,23,17,13,16,17,45,64,12,12,,14,6,9,12,19,37,9,11,8,12,5,4,4,10,4,8,5,10,4,4,9,11,11,12,2,10,21,8,26,24,15,,15,13,5,29,9,6,6,4,6,4,2,5,6,2,15,20,9,24,29,5,27,10,9,19,8,9,24,13,21,8,7,19,8,6,12,11,8,9,15,35,15,13,29,6,6,,17,,2,8,19,8,12,3,3,15,7,11,24,21,15,14,24,13,10,6,9,7,10,6,5,14,7,16,5,5,8,4,6,12,5,,22,6,14,11,7,14,4,6,5,5,8,7,5,4,,6,9,17,7,4,10,9,9,4,5,10,16,7,5,18,10,2,,3,5,10,5,,9,16,13,9,21,11,6,14,2,31,6,2,22,4,17,7,7,7,7,2,8,2,3,,6,7,10,13,8,7,2,11,14,9,9,7,7,12,,6,3,6,13,8,14,49,13,14,13
20160416,5,NO2,18,25,20,30,40,32,54,20,,24,28,19,,15,14,9,11,9,16,,12,20,12,18,19,14,,13,15,15,7,14,6,6,104,120,73,92,101,109,12,27,49,34,26,32,38,17,46,10,5,57,12,14,10,10,9,3,1,19,20,15,20,16,11,28,25,18,19,22,32,19,30,27,32,25,27,23,20,33,,6,36,22,35,5,28,33,8,11,7,6,7,22,14,5,26,30,33,,26,62,30,31,29,,22,25,20,7,11,15,14,16,14,30,9,61,38,74,22,36,15,10,25,16,69,37,21,19,,78,96,51,29,68,17,23,38,24,21,20,22,31,12,16,9,5,22,39,37,57,36,52,70,37,38,26,29,23,27,29,33,21,25,25,22,15,35,26,21,24,16,27,44,38,28,,41,52,33,30,28,20,36,22,44,19,15,42,59,17,44,22,15,43,33,11,31,,39,28,25,30,17,34,26,20,49,26,18,38,16,16,16,16,42,64,35,35,54,37,8,51,11,43,62,,42,20,30,1,7,8,15,,5,17,10,58,30,66,28,18,1,,,33,,14,22,,43,15,21,7,,,38,24,21,42,40,47,35,25,38,25,33,16,18,31,40,35,29,10,20,35,51,49,59,45,57,,32,45,38,38,40,1,36,43,15,37,23,35,44,33,43,13,,35,37,17,10,3,25,2,6,14,5,16,33,37,25,21,22,23,31,27,11,19,36,49,27,51,47,17,36,34,,18,9,11,9,12,21,17,15,12,14,31,30,,26,43,40,37,27,17,27,21,8,19,16,14,9,5,25,7,10,9,22,19,14,11,6,33,29,44,12,26,5,31,34,,2,3,3,17,7,10,7,24,9,24,24,25,12,8,15,6,13,12,12,12,,36,27,34,11,20,52,60,68,5,9,10,8,16,8,20,16,14,11,10,23,12,6,39,3,17,16,8,12,19,37,36,23,41,25,35,,23,11,6,12,2,8,10,9,8,26,8,32,20,24,33,6,24,9,10,21,,9,37,28,40,24,36,29,29,37,43,28,36,18,,20,43,36,30,11,28,28,16,22,26,16,14,21,47,51,35,59,,55,66,46,85,34,38,19,23,19,21,18,28,29,38,24,15,5,18,26,7,8,2,12,8,5,13,8,10,8,7,12,21,30,14,11,7,5,12,3,21,27,14,7,29,17,32,60,59,58,19,28,44,27,27,19,31,38,,25,38,25,,23,49,32,33,51,109,73,,61,,13,34,81,65,10,12,9,7,5,8,6,16,,21,,18,28,37,38,26,13,26,11,4,,18,6,9,33,19,33,,11,15,19,20,22,6,11,8,12,10,12,7,5,9,7,16,4,2,6,1,2,23,34,33,6,10,11,13,7,9,4,2,2,19,33,35,8,12,6,10,13,13,10,2,2,8,18,39,62,41,31,52,7,10,4,17,4,3,22,33,,31,23,5,15,10,21,3,,37,48,24,55,21,21,6,9,3,12,12,10,12,20,14,12,,29,26,26,19,20,38,17,27,61,9,8,7,34,41,41,37,40,12,9,13,12,11,,9,14,10,18,12,5,14,55,26,28,18,19,17,14,6,15,27,22,20,11,15,11,12,10,45,15,20,22,16,10,28,31,2,32,6,1,36,29,12,11,14,22,18,20,34,15,18,,23,39,31,37,12,19,18,17,,20,28,29,24,8,14,17,11,11,11,9,7,22,11,1,9,9,13,10,2,4,12,,11,8,6,3,7,50,33,42,11,10,11,16,11,14,15,10,20,12,6,4,35,30,41,34,12,10,13,8,5,8,60,19,53,35,2,1,10,9,15,13,15,18,26,20,34,22,11,28,15,35,17,16,10,31,7,,21,15,12,16,34,24,45,17,28,23,21,11,27,49,55,6,11,25,29,28,21,25,41,18,34,39,32,6,13,5,36,,6,30,14,17,9,4,1,6,15,53,30,34,19,36,44,43,8,10,8,,14,22,12,9,14,24,10,22,25,7,9,4,5,15,6,7,7,8,27,36,46,17,14,,20,23,18,,,23,20,21,25,23,26,28,25,23,15,48,48,11,10,19,37,32,25,39,37,,,18,15,20,14,8,8,12,14,15,17,17,23,32,36,2,,8,3,7,6,30,20,33,44,34,11,,16,22,19,4,,5,2,10,18,19,27,,19,2,2,7,9,22,18,7,5,19,19,19,4,16,17,15,33,6,2,10,6,3,30,34,38,38,,4,5,12,10,45,35,18,32,10,11,8,19,24,32,27,22,18,4,14,24,30,23,16,19,8,27,21,18,7,13,14,6,1,8,2,29,12,31,31,20,13,4,15,,,20,25,14,3,22,37,10,15,6,22,21,9,4,71,4,37,28,36,21,,30,30,23,34,11,18,24,14,38,38,41,47,49,26,19,2,18,,29,24,10,33,44,37,,,8,20,57,17,12,22,16,28,35,18,62,42,43,29,24,36,33,22,19,26,33,32,31,25,16,3,11,16,6,17,24,,11,22,31,36,3,3,3,14,10,2,15,11,17,22,24,22,33,19,21,5,25,23,35,20,5,2,3,2,4,6,2,3,5,23,16,3,35,15,6,7,10,13,5,26,26,47,31,42,13,21,11,34,15,18,18,21,19,16,19,26,29,15,8,38,11,15,,18,9,14,25,25,56,21,12,6,29,62,55,,19,65,6,10,7,6,8,8,11,8,32,18,17,25,24,22,47,7,4,9,3,2,2,7,12,2,11,3,8,9,16,28,21,22,27,22,3,10,7,9,6,13,8,12,10,16,10,7,8,1,10,9,15,9,,20,4,17,9,4,1,,30,14,2,28,2,4,15,,10,42,28,31,7,13,18,19,13,14,17,30,29,10,16,26,15,33,,12,17,31,57,1,10,9,12,27,46,31,30,14,14,11,22,5,10,13,11,36,18,16,19,6,30,16,8,6,24,14,,16,16,23,5,42,13,15,32,16,11,2,11,15,18,8,6,7,8,10,9,6,17,34,30,11,12,4,9,15,13,13,15,19,25,8,6,5,9,13,10,10,6,7,15,1,,21,,2,2,3,2,1,5,13,30,15,2,51,58,15,31,20,23,26,48,20,17,13,41,45,6,6,,12,14,11,16,22,16,4,,22,5,6,15,9,13,17,41,10,19,31,16,20,13,,11,6,7,22,8,4,34,30,17,8,8,9,32,24,20,65,5,,4,45,83,29,,5,7,12,26,7,3,31,12,13,12,45,45,81,2,8,7,17,53,55,28,18,2,2,3,46,34,8,26,7,12,21,69,66,64,13,21,27,10,,6,2,4,12,6,64,44,34,16,41
20160416,5,NO2_24h,37,35,44,50,55,50,65,56,,60,42,46,,71,71,45,69,65,73,,79,100,62,70,60,67,,58,41,42,54,44,29,27,89,104,72,101,103,96,30,45,71,59,50,52,55,41,63,46,39,81,44,44,58,29,30,27,26,35,27,24,25,26,16,67,56,54,58,74,70,61,39,47,36,57,48,57,45,27,,14,21,22,28,12,34,39,15,30,18,21,20,35,27,15,26,29,34,,27,71,32,41,43,,31,29,37,19,17,26,28,28,18,36,23,56,37,41,39,43,19,20,24,22,44,33,34,30,,82,83,51,29,72,29,54,30,54,44,44,43,47,37,37,30,27,32,38,37,46,33,46,54,28,30,35,46,37,48,44,42,43,53,22,24,20,30,31,24,28,16,38,37,36,22,,33,41,27,33,35,28,36,49,55,43,41,58,61,46,42,47,29,54,42,25,41,,44,44,35,40,24,47,47,17,46,24,12,39,23,22,26,23,39,58,30,22,40,46,12,52,23,42,52,,49,32,48,29,22,35,40,,14,31,35,59,55,85,53,19,14,36,,35,,30,35,,41,29,27,25,,,38,28,23,40,25,28,23,20,25,51,46,22,28,49,71,42,38,9,46,41,52,50,59,47,54,,43,50,34,25,25,8,25,46,13,34,25,20,30,36,45,34,,46,6,22,21,12,32,16,23,16,15,30,47,62,42,42,29,38,44,36,31,20,44,40,25,33,33,27,25,42,35,19,43,13,30,16,48,42,25,29,19,51,42,,40,43,38,54,50,26,50,36,23,32,27,40,29,14,58,9,14,23,29,27,38,35,13,54,51,54,41,36,13,47,49,17,11,11,8,22,21,20,12,29,28,36,38,38,13,20,21,11,12,36,29,31,,28,14,42,13,22,41,37,36,6,12,18,11,27,14,37,20,22,22,28,25,27,20,46,26,24,39,20,21,31,56,31,37,43,42,42,,28,18,15,45,16,22,16,29,35,52,21,31,16,10,17,6,29,21,14,30,,10,41,15,49,37,46,42,41,48,46,17,31,36,,23,49,29,29,14,27,32,23,21,30,12,4,22,26,29,31,28,,42,35,43,47,37,14,29,33,36,23,34,28,34,35,20,14,6,12,36,19,17,13,13,14,14,17,18,13,11,8,12,31,29,20,20,15,15,27,16,24,24,18,18,35,35,38,39,44,47,18,38,38,37,30,19,31,31,,31,34,31,,35,45,31,33,35,47,33,,43,,15,23,34,17,9,25,29,13,10,17,13,16,,17,,20,22,25,30,22,20,29,22,7,,24,11,20,44,25,31,,27,27,31,19,39,23,21,16,20,19,25,9,6,10,7,18,5,3,10,4,4,15,28,35,9,16,14,22,16,15,6,4,6,36,53,49,13,18,22,29,26,28,24,14,14,22,18,31,38,23,27,30,24,37,26,26,21,28,25,38,,47,31,10,30,16,29,7,,57,50,54,50,34,31,9,13,9,12,16,18,23,36,23,16,,30,35,18,27,13,36,24,35,53,23,13,15,36,47,39,41,45,28,18,32,22,25,,10,26,36,25,20,10,15,59,25,42,18,26,26,21,13,24,21,22,18,12,32,21,22,23,46,20,27,21,12,8,36,13,3,55,47,38,49,40,46,46,31,40,34,42,53,26,18,,29,43,41,44,21,31,32,32,,29,31,26,23,40,53,51,36,45,44,35,25,37,28,14,11,22,20,16,15,9,25,,22,20,23,6,8,47,26,46,12,11,16,18,14,24,23,23,30,17,8,7,18,22,24,18,17,16,25,21,23,9,41,12,36,26,7,5,22,23,14,18,13,21,21,18,35,17,11,24,24,32,18,19,33,41,23,,30,13,8,20,30,33,42,14,28,27,27,11,38,44,54,10,22,37,39,27,35,36,45,30,48,45,34,9,14,6,18,,7,15,22,17,14,6,3,13,11,29,22,19,25,36,21,27,23,24,10,3,30,27,12,14,23,33,14,22,28,11,20,12,8,24,9,12,10,13,41,48,36,46,43,,35,36,50,32,,49,28,23,39,35,48,28,23,34,32,41,33,14,13,22,44,36,28,49,56,,,30,27,13,18,12,17,20,26,18,26,20,39,36,27,18,,21,23,26,16,25,32,19,22,23,15,,20,29,22,6,,8,3,39,30,43,23,,18,10,9,7,23,32,26,11,10,21,24,21,24,31,26,25,30,7,5,6,8,4,32,40,33,50,,6,11,21,17,29,38,14,30,20,16,22,24,31,31,32,29,33,26,29,33,40,36,21,30,20,38,36,27,10,16,22,9,2,14,2,35,15,32,36,16,22,12,17,,,41,30,17,12,34,46,25,21,13,31,23,11,11,67,4,44,28,27,19,,26,30,19,29,9,23,26,38,23,33,47,36,34,25,67,10,52,,33,24,10,29,41,34,35,,24,18,51,23,16,24,22,32,19,17,45,30,32,25,33,31,41,18,38,18,24,23,24,25,17,2,16,18,13,35,51,,24,23,49,43,3,6,3,18,10,3,16,8,15,12,14,16,32,31,21,9,24,20,25,21,6,13,13,13,17,18,19,25,22,24,19,4,31,25,14,14,12,15,10,17,17,34,29,55,45,58,27,51,24,31,33,42,34,30,23,31,33,24,31,49,20,24,,19,19,24,22,25,49,24,25,18,37,34,24,,11,24,7,19,18,17,16,20,21,16,21,21,37,26,29,32,47,23,19,15,12,3,5,11,9,10,16,7,28,21,24,21,34,20,33,30,6,15,12,22,17,16,32,28,23,39,12,18,19,10,20,16,26,26,,34,3,14,13,12,3,,12,13,12,19,4,12,24,,14,30,17,30,8,15,19,19,18,15,10,21,25,12,15,21,13,26,,17,16,29,36,10,19,14,18,17,31,19,29,12,17,10,25,12,17,19,11,18,25,21,19,9,24,18,17,5,26,18,,19,21,33,33,37,29,15,44,17,12,3,24,35,29,5,6,13,10,12,8,9,17,35,27,8,11,10,11,22,12,18,21,21,24,20,13,13,11,12,17,16,13,13,13,24,,29,,8,5,13,7,10,13,22,30,14,3,24,30,12,12,16,20,22,38,22,15,11,38,36,8,7,,24,9,13,15,16,20,10,,19,8,15,18,12,13,21,28,23,25,37,27,27,8,,7,17,19,19,10,4,30,23,18,9,12,12,23,25,14,36,7,,9,20,57,22,,7,7,9,24,9,4,8,10,14,17,26,28,48,8,15,13,16,23,25,12,16,5,4,4,37,32,9,28,39,45,21,54,52,47,24,34,33,20,,12,3,11,24,17,16,27,53,19,62
20160416,5,O3,44,58,54,38,42,42,18,46,26,29,37,63,,75,84,26,85,85,93,,75,70,77,78,42,83,,81,18,9,76,64,41,95,,10,23,19,16,16,131,93,123,130,137,57,46,59,57,81,70,73,55,65,44,80,85,83,87,69,71,77,86,77,65,52,52,55,73,59,69,69,45,48,48,72,52,63,46,18,,47,8,26,11,43,27,45,76,90,99,58,68,74,68,74,64,89,87,,104,53,98,98,99,,120,119,118,123,126,138,128,126,129,108,106,73,73,26,95,71,94,134,77,94,60,41,44,75,,16,11,37,34,35,53,39,40,101,102,87,112,73,100,108,114,103,59,36,68,38,54,57,27,47,65,64,55,73,68,67,69,80,70,68,74,68,17,71,119,116,95,117,57,63,54,,44,49,59,14,44,52,51,86,70,62,103,51,59,105,39,80,68,74,53,63,56,,44,61,12,64,34,64,68,71,43,52,54,52,103,101,100,116,49,29,58,39,38,19,47,50,30,28,22,,57,68,7,110,106,120,111,,126,104,101,6,33,3,36,69,76,,,54,,83,82,,33,44,31,97,,,39,48,36,13,66,18,24,30,15,50,26,34,59,38,41,40,53,52,62,29,22,18,44,21,4,,45,21,9,3,17,28,,2,40,14,64,66,56,88,71,81,,80,52,127,139,115,102,124,148,87,119,146,69,40,66,47,53,28,42,42,85,24,9,1,18,5,16,8,12,10,,24,81,38,66,55,47,51,63,65,45,19,15,,14,2,11,12,23,33,,32,59,71,70,66,65,53,76,48,98,85,55,54,34,52,47,20,24,12,35,15,37,12,10,43,38,42,39,25,31,27,29,33,47,38,36,36,57,54,62,61,62,38,43,44,,60,60,44,69,77,46,45,24,96,79,52,51,56,64,62,44,58,63,51,45,55,49,33,68,57,70,62,66,53,76,17,37,23,26,27,,26,73,79,98,96,84,96,102,100,105,102,97,94,81,69,95,105,84,97,93,,110,64,78,21,32,27,35,23,19,21,35,14,54,,30,18,43,41,118,41,44,66,39,50,60,71,43,8,14,49,1,,,4,23,2,45,10,51,43,55,50,71,28,44,41,22,38,113,30,40,52,82,80,77,68,83,93,70,67,49,70,70,121,102,111,100,122,146,120,124,97,117,118,130,90,71,106,6,1,8,34,85,69,99,54,66,85,75,,66,52,37,,44,23,18,19,4,4,41,,21,,66,73,59,29,95,101,116,121,112,114,114,93,,108,,88,57,41,54,87,91,99,97,128,,89,150,128,88,94,74,,49,40,15,42,41,54,71,76,68,82,69,56,39,44,65,62,26,67,61,51,61,6,1,9,72,64,66,48,48,45,51,35,51,25,22,16,68,53,63,48,39,44,68,38,9,49,37,10,4,71,53,48,68,69,68,55,80,63,46,67,,69,31,63,42,27,40,54,,32,22,56,12,56,76,85,86,56,62,103,84,102,101,123,120,,109,116,124,96,135,96,117,104,60,110,146,138,94,111,90,95,99,143,131,135,130,129,,154,58,60,45,73,77,28,21,17,9,18,42,69,72,84,88,7,51,104,33,63,31,58,67,47,29,24,26,21,30,35,32,70,30,45,46,27,25,65,42,89,66,81,44,58,83,76,,64,29,37,14,72,71,80,41,,51,11,43,42,62,45,47,47,59,81,83,71,39,47,59,59,72,58,39,47,47,48,,24,56,49,100,35,11,16,,16,40,78,32,95,80,62,75,76,72,68,76,9,11,6,7,38,38,46,73,62,59,17,42,18,44,61,56,65,62,7,40,51,57,18,34,23,8,67,11,6,25,43,62,83,103,84,,80,104,94,58,15,34,14,19,7,38,39,18,18,5,10,83,43,9,14,16,13,26,5,38,32,31,19,87,90,62,37,,75,75,71,54,84,93,56,107,30,30,36,50,74,77,53,55,85,85,144,2,117,117,131,141,124,111,150,109,128,143,125,90,70,91,111,116,89,108,63,65,43,78,88,,78,,84,,,83,33,4,63,58,80,57,106,53,24,33,22,,78,43,74,26,46,22,51,,,86,55,43,72,74,78,73,50,54,57,50,13,10,70,21,,38,21,93,77,40,52,39,32,28,44,,52,45,29,34,,22,18,93,106,91,1,,17,97,83,71,46,32,64,85,93,70,70,62,78,38,57,79,64,75,66,37,96,97,67,114,69,66,,142,132,92,101,111,68,83,107,70,66,51,35,83,67,80,113,144,120,118,43,33,78,94,60,65,44,50,23,54,32,55,55,67,69,60,60,32,21,43,4,65,78,7,,,56,19,45,49,67,68,40,55,,38,23,20,47,40,76,85,68,30,76,,38,50,,33,29,68,68,83,62,9,33,24,70,37,11,10,54,,66,45,49,79,28,68,5,,15,65,89,35,68,55,70,76,18,33,81,17,17,47,48,37,14,20,37,22,11,6,10,13,27,,52,50,62,32,42,,37,22,24,11,27,63,83,58,82,76,15,13,15,8,12,8,13,17,9,30,39,41,36,46,56,61,60,58,59,64,59,66,49,13,4,,6,31,52,46,45,46,47,39,31,23,33,26,61,65,75,81,86,73,68,84,65,86,65,53,54,63,67,56,56,81,,56,73,77,75,89,98,87,73,74,77,,6,,20,4,108,36,56,97,73,87,68,86,40,48,39,47,51,36,45,67,63,53,67,46,49,44,45,77,83,87,46,28,17,12,23,19,15,13,41,36,34,45,48,58,54,57,42,51,62,55,61,56,57,80,91,72,,63,47,40,55,53,60,,36,40,47,22,18,18,28,,22,5,18,53,31,13,65,69,82,29,28,27,36,34,35,30,22,16,,28,35,5,27,106,15,65,79,65,43,42,71,19,54,31,50,55,56,54,46,16,27,39,33,37,14,33,39,62,42,54,,44,10,15,73,63,60,7,181,7,75,93,32,19,5,45,48,61,47,56,27,43,34,13,59,64,46,60,45,57,69,29,94,122,4,96,81,89,69,8,24,80,108,112,93,81,,52,,60,85,101,90,63,,25,65,19,,34,33,62,32,59,45,49,3,47,67,51,7,,51,18,72,46,78,91,64,79,83,94,,27,17,46,54,51,33,21,1,26,43,45,32,61,14,,29,98,80,78,59,37,14,9,77,76,64,93,23,33,71,55,56,,66,11,4,33,,78,67,52,56,112,80,46,74,10,43,8,10,2,51,73,43,23,6,11,84,106,52,50,91,14,21,33,10,84,153,77,18,5,,85,63,59,95,,46,101,101,79,102,5,19,26,62,13
20160416,5,O3_24h,146,94,149,168,158,136,126,98,84,62,144,126,,155,171,53,196,191,197,,171,128,190,130,106,206,,156,114,165,138,130,91,188,146,149,132,139,148,149,184,172,201,178,213,217,168,206,211,168,146,157,140,159,99,133,151,127,146,99,182,162,200,167,185,112,164,198,203,179,242,233,204,222,203,216,167,193,155,112,,90,117,110,104,117,114,164,103,95,118,70,89,92,90,88,94,153,152,,177,81,156,144,137,,175,150,138,138,143,159,158,154,150,141,127,134,115,108,137,112,127,145,133,122,151,110,152,116,,63,43,67,80,73,82,64,98,134,134,140,176,133,140,163,155,141,162,138,202,170,216,175,151,177,155,140,120,145,126,147,149,146,136,140,139,122,37,127,198,191,143,188,195,184,189,,120,187,161,199,121,133,151,132,165,140,181,118,173,172,100,148,143,159,121,137,121,,106,123,68,107,137,134,135,194,116,144,156,132,147,141,142,142,116,83,142,115,136,118,131,165,148,139,130,,181,142,120,123,127,136,135,,146,137,104,79,78,53,82,109,130,82,,180,,158,153,,152,128,142,115,,,100,105,113,104,126,103,125,127,96,116,121,107,170,140,127,123,114,165,133,108,61,92,141,118,124,,103,159,75,101,91,120,82,67,72,76,118,176,202,203,170,219,,187,209,132,141,116,111,133,150,98,120,148,235,144,237,195,210,148,165,161,250,96,121,112,103,114,138,99,121,108,64,63,111,96,89,80,82,77,77,86,100,21,18,,14,21,22,12,25,43,11,36,87,97,99,85,93,81,77,91,124,128,77,87,52,57,57,20,24,12,40,23,45,13,14,146,46,53,51,37,46,32,30,51,49,51,52,47,97,71,79,97,118,44,46,44,,99,121,60,88,117,126,137,111,113,157,75,96,101,69,93,70,101,71,86,110,113,69,78,83,104,75,116,99,68,118,93,89,95,80,85,,78,93,160,138,160,143,160,146,143,149,152,119,118,132,137,129,129,103,148,178,,166,164,161,87,121,122,81,104,92,73,72,56,64,,93,66,103,103,135,98,91,99,117,83,124,371,99,86,125,96,84,,20,42,90,49,109,40,82,60,73,90,102,82,94,90,74,84,183,77,77,52,115,104,118,96,111,128,96,100,89,108,110,168,152,158,152,131,166,135,136,175,222,215,152,131,88,152,115,119,88,76,206,202,210,134,147,182,172,,242,261,148,,219,154,90,149,120,236,181,,136,,144,205,171,170,218,162,149,182,137,178,119,187,,214,,190,192,158,189,233,215,247,123,157,,109,159,158,252,228,235,,98,90,19,91,78,104,134,138,137,138,112,94,67,119,108,111,112,78,89,76,89,69,60,66,128,126,128,55,53,56,73,54,75,25,22,16,112,75,105,89,90,89,123,58,12,94,134,65,91,138,158,169,121,100,91,107,137,92,142,189,,174,126,108,83,73,77,116,,139,127,129,159,155,157,137,128,83,126,164,113,154,134,167,171,,152,136,160,110,163,140,177,142,129,127,173,189,157,143,196,178,169,148,139,139,148,145,,170,107,74,107,139,135,94,98,93,77,129,100,114,124,108,127,129,106,104,93,161,91,151,174,133,62,45,71,46,69,77,98,92,133,136,165,125,166,179,131,210,208,181,93,208,191,177,,168,162,244,128,219,167,167,87,,131,146,132,137,74,57,62,55,68,86,89,74,104,100,129,132,139,140,78,68,76,86,,37,76,75,118,52,81,79,72,101,140,238,115,156,131,105,134,133,134,82,93,99,78,78,76,49,58,57,98,73,96,71,107,138,137,130,101,108,70,39,55,104,77,57,94,66,41,76,57,58,55,79,80,83,106,84,,83,145,131,98,65,65,70,119,129,90,125,99,85,97,98,99,74,66,65,94,83,90,75,65,90,82,158,113,119,89,99,,118,125,116,115,150,109,70,138,62,91,88,117,167,236,224,352,109,89,150,155,117,119,144,143,182,184,185,143,179,199,199,144,84,103,124,126,100,118,126,146,143,148,155,,128,,126,84,,138,85,16,147,123,136,166,245,135,90,150,129,,144,79,129,120,105,75,104,,,121,77,68,164,161,186,199,168,172,179,180,76,94,107,87,,94,62,220,196,149,148,139,129,144,160,,158,161,73,72,,64,52,136,168,141,91,,52,122,118,99,106,100,139,90,94,124,123,104,101,60,94,110,116,136,125,42,123,116,115,132,93,77,,183,167,134,134,219,117,123,183,130,139,87,55,134,108,121,133,148,120,118,125,72,94,98,108,125,98,98,106,80,40,98,102,107,105,97,112,84,64,82,116,84,106,85,,,113,102,112,61,124,152,82,96,,106,75,88,86,337,90,110,196,200,200,,144,133,109,167,156,155,210,210,88,92,110,60,113,113,32,37,54,,88,82,94,158,118,154,91,,78,142,256,91,106,106,174,85,181,141,200,97,74,89,70,61,100,103,129,124,76,84,84,81,80,,114,129,106,47,59,,65,74,92,69,129,85,113,108,114,76,70,67,83,45,106,52,59,80,67,75,80,88,88,84,91,90,92,94,101,119,61,66,49,51,31,,56,61,56,59,70,72,66,94,117,88,93,176,182,172,196,187,218,174,144,191,146,205,214,165,179,160,181,159,177,146,,141,146,169,177,181,181,194,149,169,176,95,112,,41,98,145,69,105,145,119,132,116,134,129,123,113,92,92,75,95,135,129,164,196,96,110,101,104,109,130,129,52,46,67,64,57,71,64,36,72,69,74,63,64,104,83,98,72,83,79,108,127,90,125,80,91,72,,65,85,97,65,72,72,,79,83,77,75,42,61,88,,94,117,137,97,45,43,115,120,111,102,111,108,130,111,107,105,142,150,,58,97,102,168,140,249,149,144,100,96,108,128,38,87,47,89,104,98,101,102,83,87,93,88,91,104,78,83,96,73,83,,75,69,62,73,94,62,38,185,19,83,221,74,46,59,77,84,86,78,87,66,219,111,28,91,151,144,138,142,138,117,47,134,169,18,156,135,136,119,41,81,107,142,150,153,100,,90,,121,131,145,94,170,5,81,172,46,63,101,130,146,163,156,164,156,98,190,97,91,148,176,102,70,103,80,149,157,101,130,121,130,,87,25,70,135,124,78,81,79,80,117,123,63,119,56,,97,117,127,118,78,99,86,82,108,101,79,121,95,93,110,113,71,,89,103,94,91,,109,101,139,116,146,112,142,118,60,86,102,85,82,64,105,72,60,50,103,157,176,59,57,134,45,48,118,111,133,200,135,152,84,166,120,71,98,117,,113,107,107,156,150,84,81,93,160,13
20160416,5,O3_8h,62,66,65,61,61,56,45,49,47,38,52,76,,54,66,24,67,70,64,,50,48,64,65,33,57,,77,26,37,75,72,44,114,62,48,63,44,43,57,133,110,130,142,148,59,55,66,61,80,62,72,62,68,48,56,63,64,72,45,89,98,110,96,91,47,54,59,70,51,57,50,72,50,77,70,59,63,45,43,,56,36,43,30,52,48,59,76,89,101,60,69,81,75,76,81,112,98,,118,60,114,96,106,,129,134,123,125,132,143,141,129,143,126,108,112,102,87,118,97,108,129,111,103,103,36,51,56,,28,23,46,44,46,54,38,62,96,99,90,119,75,102,106,115,103,71,57,92,65,88,78,57,74,84,66,62,78,73,74,70,85,78,80,81,76,22,77,130,130,110,129,87,87,85,,58,75,77,31,60,64,70,86,80,61,103,57,72,96,47,75,75,77,56,70,63,,61,73,27,67,38,75,74,101,59,73,81,74,112,108,106,120,70,44,78,36,62,35,48,72,40,53,47,,72,71,18,95,103,115,107,,120,103,94,19,32,8,41,82,83,58,,67,,75,73,,41,49,50,92,,,46,57,45,30,78,42,75,61,46,64,28,48,72,54,50,37,69,73,71,34,24,32,47,25,8,,54,51,20,21,43,65,2,7,46,36,76,104,110,128,115,134,,106,112,125,137,114,104,126,145,93,106,136,96,54,85,64,75,37,66,61,77,27,18,18,22,16,36,19,31,11,49,30,51,39,35,43,32,37,40,34,31,11,10,,7,1,15,6,15,39,4,30,79,86,78,76,70,65,68,53,99,96,64,75,44,48,52,9,12,6,23,15,36,8,5,48,39,44,45,31,26,19,26,41,41,43,42,36,68,60,67,71,76,32,40,24,,69,81,46,73,82,56,67,45,91,71,44,46,45,66,56,54,52,64,43,38,45,45,35,56,52,61,58,64,48,68,20,24,19,18,24,,21,60,83,65,81,66,90,84,80,75,72,90,101,100,102,91,108,77,99,90,,118,57,119,29,33,23,40,26,23,33,52,23,56,,38,20,50,48,125,51,48,60,40,56,66,83,36,26,30,44,26,,2,11,21,12,28,24,35,29,29,37,27,32,24,36,28,35,111,19,18,32,83,80,83,69,84,94,73,71,54,81,80,131,115,126,113,116,133,111,115,108,129,126,128,102,68,122,27,22,19,33,101,98,121,50,62,80,70,,109,114,73,,107,38,24,35,46,96,104,,43,,67,102,87,69,110,102,108,120,106,113,114,96,,112,,100,89,75,95,120,114,125,85,123,,91,150,131,97,103,86,,44,32,10,34,34,50,70,79,72,85,66,44,30,45,54,53,15,58,54,44,51,23,13,14,78,70,71,50,46,48,55,38,54,20,14,9,65,45,57,34,34,31,50,41,10,44,49,15,17,103,105,107,58,65,61,70,76,57,57,74,,74,36,58,35,23,34,50,,53,47,71,62,78,89,95,96,59,67,131,96,125,112,140,144,,118,109,143,95,138,110,150,110,75,118,159,167,122,116,143,134,138,134,129,128,134,128,,154,64,64,49,83,87,25,20,32,6,43,53,77,78,91,94,6,50,83,40,73,35,71,80,68,17,17,28,24,40,32,63,70,37,49,57,36,35,75,42,93,80,88,44,60,96,88,,74,50,76,22,85,78,87,44,,56,12,55,63,26,21,23,22,50,34,34,34,51,47,71,60,64,74,33,40,41,40,,23,56,20,83,19,10,6,2,26,57,82,42,109,85,63,81,78,88,76,86,18,15,15,16,42,39,47,75,70,63,37,70,72,75,80,60,77,63,6,46,61,57,10,23,12,5,65,10,6,19,41,58,56,80,63,,57,109,100,51,22,34,21,31,16,53,44,36,29,12,30,64,20,6,7,18,9,13,6,46,34,39,26,99,105,77,70,,81,94,55,56,95,84,45,94,46,55,62,89,76,96,120,106,76,78,142,2,103,101,130,137,118,102,147,106,126,142,137,104,79,98,118,122,93,111,60,59,54,82,92,,84,,86,72,,84,41,6,82,73,89,69,122,63,32,44,44,,94,42,68,37,53,42,66,,,90,59,40,69,77,76,72,81,85,87,83,12,15,63,20,,36,21,91,80,48,50,70,55,36,66,,73,72,34,38,,26,23,86,108,88,24,,22,79,67,72,72,58,100,84,90,72,69,60,71,36,47,70,54,91,83,38,110,108,71,116,78,68,,162,141,99,115,183,90,112,146,92,87,65,38,106,89,100,114,125,109,98,43,39,54,64,50,56,37,57,29,63,34,64,58,69,65,54,36,27,27,41,23,63,68,7,,,40,22,40,44,51,81,42,50,,46,32,23,46,74,73,92,107,72,114,,65,77,28,71,77,93,110,118,62,6,40,29,59,18,16,8,12,,56,42,49,96,45,78,22,,24,100,114,41,75,63,90,78,49,50,112,12,16,46,51,45,21,28,16,50,19,22,22,15,26,,50,60,57,17,16,,36,37,31,21,38,68,89,82,93,36,27,25,26,18,33,14,17,25,18,31,49,52,50,55,59,62,63,62,65,33,34,26,22,18,9,,22,23,41,50,49,51,51,53,56,39,47,41,37,39,61,86,76,72,82,103,81,112,80,67,68,79,82,69,72,92,,76,74,89,88,99,99,97,83,91,95,20,48,,22,39,100,34,56,88,68,83,66,83,62,60,30,47,46,33,42,45,45,56,71,46,58,53,55,69,78,77,10,6,9,16,12,19,12,8,25,30,30,28,32,72,38,39,34,40,67,61,67,60,60,22,19,18,,17,54,47,49,47,55,,34,32,25,24,24,23,28,,22,39,56,47,26,12,56,64,71,44,47,47,58,46,43,36,39,43,,34,44,34,56,106,16,84,102,83,78,88,91,19,57,28,49,63,58,56,58,46,49,55,53,49,38,43,42,72,56,64,,57,33,33,60,70,59,6,178,5,76,90,22,9,6,56,59,71,58,68,34,50,45,17,56,77,65,76,61,80,96,27,85,122,2,90,86,86,67,13,31,72,100,118,122,42,,50,,72,94,99,92,58,,25,65,22,1,74,80,79,83,71,59,76,12,53,80,60,21,42,60,26,61,35,105,107,65,91,78,85,,28,13,47,66,62,37,16,12,17,22,38,26,59,40,,47,95,73,71,53,32,19,30,100,94,55,82,16,16,89,86,44,,64,32,25,38,,79,71,62,53,101,83,90,96,10,48,19,23,14,26,59,30,23,15,26,121,134,52,50,89,20,23,56,23,38,101,79,30,9,12,65,52,60,75,,46,100,99,60,82,38,40,32,72,5
20160416,5,O3_8h_24h,105,83,106,115,109,91,80,76,59,55,95,108,,102,118,37,116,121,127,,117,103,153,91,68,154,,122,86,139,115,103,71,159,132,120,113,113,117,128,166,132,159,164,172,181,139,174,175,143,126,129,116,131,85,111,115,102,114,86,155,142,174,150,164,77,103,116,131,148,205,196,185,189,180,172,127,150,120,80,,78,95,93,73,98,101,128,88,89,102,61,83,82,76,82,88,139,133,,160,65,137,129,123,,156,139,123,131,140,151,148,141,145,130,108,118,107,95,121,101,112,129,116,108,112,69,101,110,,58,39,59,75,64,75,52,87,118,120,116,140,118,126,138,145,131,152,131,187,158,196,161,143,165,145,125,100,123,110,127,126,131,124,135,135,114,34,117,175,171,134,166,182,171,177,,113,171,145,91,112,120,131,125,153,119,170,103,156,158,91,135,130,148,111,125,113,,103,113,60,89,95,112,115,192,104,129,139,118,141,136,135,139,108,70,133,93,119,104,117,143,123,122,114,,147,126,100,106,115,115,119,,134,121,94,63,63,47,66,109,116,74,,151,,129,136,,124,112,111,107,,,78,89,85,86,116,91,105,113,85,113,108,99,153,123,113,111,99,150,126,126,65,107,144,119,128,,91,132,64,103,84,117,75,63,75,76,116,167,184,186,156,184,,174,197,125,137,114,104,126,145,94,113,136,213,131,214,178,185,131,152,146,225,82,101,97,84,99,115,88,99,100,64,49,84,77,68,67,60,56,64,70,75,11,10,,8,9,15,6,15,41,4,30,82,92,79,77,71,78,68,78,117,111,68,81,47,48,53,9,12,6,23,15,39,8,7,48,39,44,45,32,26,27,26,42,41,44,42,36,89,68,75,88,108,32,40,24,,90,101,53,82,102,103,115,95,102,143,66,88,84,66,57,56,70,65,58,80,70,45,53,56,74,61,67,67,51,87,63,72,70,59,67,,61,66,132,122,144,123,146,131,120,132,107,111,111,126,123,121,120,94,141,162,,161,151,153,70,116,128,74,97,63,91,70,57,68,,93,111,89,76,131,92,89,86,63,78,116,174,93,80,117,83,79,,15,39,74,43,95,38,66,46,56,75,80,63,67,64,57,69,173,58,55,44,106,90,108,89,101,121,90,95,83,106,105,157,142,151,136,126,156,127,129,157,189,202,136,122,75,140,104,105,83,72,182,179,180,118,129,162,157,,195,208,138,,204,128,75,125,91,211,164,,113,,129,184,148,150,186,133,127,151,114,147,114,156,,182,,162,174,141,172,206,187,210,112,150,,96,150,141,196,190,195,,59,54,16,77,42,95,118,120,124,122,103,79,56,70,94,93,42,73,79,69,81,59,54,55,117,111,118,53,46,51,67,48,66,20,14,11,107,68,98,79,84,83,111,50,11,72,117,58,81,138,151,162,108,88,83,92,125,76,137,175,,156,119,92,90,78,76,99,,85,85,96,114,109,125,125,119,79,104,139,102,129,115,151,156,,140,129,153,106,155,137,161,136,104,121,166,176,139,127,171,150,153,134,129,128,135,128,,154,91,66,92,122,120,83,80,73,64,114,92,104,113,104,114,68,102,84,79,149,80,145,161,125,64,42,69,52,69,61,90,82,87,99,114,84,113,134,87,179,177,157,79,171,171,161,,149,149,226,118,200,145,151,77,,108,125,118,119,53,53,65,50,54,69,66,55,83,79,116,112,114,124,104,80,58,72,,31,70,46,113,47,67,68,54,84,122,179,106,138,106,90,108,109,117,77,88,85,64,70,69,44,48,47,81,71,79,60,105,122,134,98,74,79,64,29,46,91,64,45,85,55,36,66,34,35,46,68,74,56,80,63,,59,136,126,91,51,61,60,105,112,84,97,90,80,90,90,99,63,51,54,84,71,69,54,54,51,53,156,110,116,85,90,,109,121,108,111,134,105,63,127,59,77,77,108,149,200,204,214,92,78,142,147,110,113,136,137,168,161,179,138,160,178,190,138,80,99,119,122,93,112,111,127,130,117,120,,110,,99,84,,111,78,13,133,114,124,150,224,117,79,132,112,,138,71,122,66,83,53,82,,,109,72,70,139,136,158,155,155,161,167,167,63,76,100,62,,86,56,157,179,123,120,119,110,123,132,,134,136,93,68,,81,52,114,141,123,84,,46,118,113,97,105,95,136,86,90,118,116,99,97,53,83,96,104,132,119,41,123,114,83,120,84,71,,174,153,118,122,208,110,120,167,119,105,79,52,118,95,109,117,139,111,102,91,44,79,88,96,111,87,89,94,77,37,91,93,94,95,82,108,77,60,82,110,80,91,81,,,105,89,112,58,117,141,78,91,,87,64,84,78,292,73,98,178,172,187,,135,126,99,151,142,119,183,182,82,63,90,65,110,114,27,37,16,,80,76,89,145,94,147,81,,71,142,184,74,86,96,158,80,139,112,181,88,41,74,63,59,93,91,127,126,61,80,81,78,77,,114,131,112,30,45,,51,82,122,88,106,84,114,106,117,47,72,58,76,42,92,39,52,69,59,66,81,88,87,84,60,63,63,62,66,119,46,47,36,46,28,,52,51,58,57,57,60,58,84,107,86,91,148,146,146,170,162,190,150,128,170,129,182,204,155,160,150,169,147,161,138,,130,134,155,155,158,163,169,139,159,167,83,103,,38,90,145,60,94,129,105,116,102,120,118,111,95,77,76,65,80,122,114,104,130,88,100,90,94,98,122,119,42,39,53,50,42,57,47,25,64,61,66,54,56,96,72,83,65,78,67,89,101,78,120,55,55,39,,56,77,74,58,54,65,,89,91,87,82,26,42,79,,64,108,128,85,42,38,104,109,101,93,104,99,117,99,93,88,118,130,,54,80,82,143,121,165,133,130,99,88,102,124,34,72,41,77,86,81,83,88,61,58,65,66,71,79,65,71,82,59,68,,60,44,38,61,73,59,26,178,16,77,107,60,37,42,69,77,77,70,82,63,119,105,25,67,144,140,128,136,130,109,44,98,158,14,140,128,125,107,30,77,85,116,141,143,68,,67,,116,128,142,92,80,5,74,161,42,56,96,115,142,159,153,160,147,89,165,96,87,119,148,98,55,96,67,142,153,98,122,115,125,,85,25,61,126,113,67,74,70,69,103,111,50,108,52,,84,96,108,122,76,95,88,84,103,97,71,112,89,88,102,106,75,,88,95,85,87,,102,96,135,104,138,109,138,109,44,75,95,78,76,51,103,64,56,45,98,149,167,56,55,123,40,44,109,101,126,187,122,140,76,153,102,65,84,109,,105,102,104,129,127,78,78,69,151,5
20160416,5,CO,0.3,0.5,0.7,0.4,0.3,0.3,0.3,0.3,0.3,0.4,0.3,0.3,,0.104,0.288,0.727,0.66,0.287,0.635,,0.649,0.849,0.359,0.414,0.413,0.449,,0.24,0.413,0.231,0.362,0.504,0.139,0.465,4.384,3.385,4.903,4.353,4.845,5.144,0.62,0.678,0.564,0.655,0.653,1.04,0.592,0.948,0.645,0.403,0.425,0.364,0.45,0.204,0.641,0.045,0.265,0.226,0.395,0.572,0.472,0.658,0.417,0.513,0.481,0.149,0.071,0.383,0.342,0.78,0.586,0.432,0.849,0.872,0.863,0.65,0.566,0.717,0.834,0.489,,0.3,0.622,1.182,0.454,0.981,0.747,1.19,0.594,0.277,0.746,0.848,0.228,0.257,0.462,1.254,1.027,0.875,1.326,,1.238,0.746,1.086,0.94,0.815,,0.942,0.628,1.129,0.745,0.749,0.902,0.588,0.827,0.668,1.017,0.352,0.883,0.787,0.946,0.624,0.775,0.56,0.678,0.648,0.605,0.857,0.672,2.078,0.73,,1.095,1.112,0.633,1.754,1.272,0.847,0.664,0.516,0.25,0.373,0.581,0.271,0.754,0.271,0.261,0.52,0.526,1.329,0.627,0.364,0.37,0.839,0.946,0.682,0.28,0.626,0.387,0.647,0.476,0.695,0.479,0.524,0.759,0.783,0.542,0.583,0.522,0.657,0.279,0.694,0.73,0.798,0.741,0.897,1.27,1.28,,1.301,1.108,1.153,1.392,0.471,0.652,1.167,0.901,1.257,1.289,0.653,1.609,0.801,0.377,2.125,0.531,0.506,1.212,1.16,0.558,1.13,,0.617,0.427,0.519,0.906,1.057,0.84,0.464,1.303,1.804,0.651,1.768,1.112,0.535,0.609,0.779,0.752,1.663,1.225,1.85,1.792,0.476,0.685,0.31,0.415,0.423,0.582,0.657,,0.643,0.551,1.022,0.454,0.406,0.52,0.486,,0.414,0.505,0.618,0.831,0.724,0.947,0.752,0.434,0.232,,,0.683,,1.198,0.529,,1.044,0.662,1.053,0.346,,,0.649,0.728,1.169,0.724,0.601,0.793,0.593,0.213,0.487,0.652,0.855,0.74,0.562,0.856,0.911,1.586,0.923,1.147,1.569,0.717,0.452,0.938,0.861,0.877,1.007,,0.778,0.7,0.964,0.832,1.045,0.082,0.904,0.935,0.876,1.048,0.989,0.681,0.852,0.358,0.81,0.727,,0.535,0.832,0.685,0.659,0.677,0.522,0.413,0.399,0.232,0.881,0.541,1.478,1.198,1.589,0.817,1.076,1.344,1.241,0.848,0.993,0.639,1.017,1.322,0.765,1.315,1.248,1.142,0.947,1.173,1.103,0.647,1.286,0.856,0.909,0.854,0.804,0.796,0.626,1.024,0.981,0.761,1.117,,0.528,0.77,0.83,1.053,0.591,0.681,0.589,0.822,0.351,0.589,0.597,0.926,0.536,0.682,0.559,0.654,0.667,0.841,0.738,0.615,0.651,0.558,0.534,0.357,0.828,0.83,0.515,0.656,0.374,0.516,0.693,0.535,0.435,0.666,0.567,0.543,0.593,0.649,0.388,0.65,0.511,0.73,0.568,0.594,0.678,0.586,0.647,0.594,0.308,0.652,0.577,0.362,,1.003,0.914,1.034,1.098,1.168,1.003,0.787,1.004,0.396,0.592,0.514,0.35,0.54,0.169,0.215,0.14,,0.43,0.456,,0.524,0.637,0.391,0.415,0.017,0.185,,0.042,0.689,0.343,0.669,0.81,0.382,0.581,0.871,,0.543,0.493,0.091,0.449,0.19,0.524,0.33,0.335,0.389,0.298,0.279,1.13,0.463,0.512,0.776,1.573,0.421,0.964,0.218,0.317,,0.154,0.365,0.546,1.522,0.73,1.444,0.715,1.081,0.858,2.53,0.844,0.742,0.445,,1.499,,0.713,0.509,0.801,0.634,0.649,0.38,0.47,0.77,2.288,0.756,0.744,0.646,0.86,0.833,1.506,,0.938,0.663,0.72,1.282,0.379,0.422,0.919,0.787,1.032,1.126,0.807,1.068,0.745,0.845,0.94,0.824,0.28,0.685,0.987,0.939,0.622,0.525,0.444,0.555,0.661,0.763,0.537,0.404,0.166,0.435,0.507,1.436,0.752,0.642,0.555,1.468,0.803,0.278,1.936,0.934,0.584,0.418,0.881,1.242,0.884,0.806,1.102,0.927,0.7,0.682,1.28,0.773,0.896,1.069,0.895,0.866,0.831,,1.508,2.228,1.513,,1.465,1.286,1.094,1.04,0.984,1.191,1.419,,1.164,,0.904,0.547,0.714,0.925,0.68,0.517,0.195,0.57,0.5,0.406,0.602,0.865,,1.465,,0.358,1.348,1.457,1.12,0.618,1.766,0.603,0.427,0.338,,0.406,0.81,0.509,0.843,0.761,0.77,,0.85,0.989,0.338,1.174,0.534,0.722,0.847,0.572,0.581,0.68,0.816,0.611,0.777,1.116,0.575,1.319,1.599,0.501,0.448,0.62,0.47,1.194,0.849,1.282,0.934,0.642,0.642,0.719,0.577,0.734,0.546,0.556,0.632,0.577,0.674,0.593,0.807,0.791,0.508,0.479,0.788,0.627,0.623,0.67,0.981,0.442,1.316,4.13,3.271,1.462,1.374,1.38,1.053,1.758,0.304,0.681,0.39,0.36,1.001,2.959,,1.688,0.764,1.03,1.55,1.722,3.086,1.854,,1.677,0.404,0.703,0.706,0.354,0.307,0.552,0.689,1.904,0.545,0.937,0.655,0.764,0.888,0.783,0.61,,1.165,2.396,0.857,2.124,0.962,1.342,1.335,1.774,2.945,0.891,1.07,0.51,0.788,1.182,0.877,1.04,1.079,0.653,0.564,0.551,0.723,0.565,,0.513,0.832,1.022,0.191,0.603,0.472,1.187,0.229,0.738,0.572,0.519,0.815,0.452,0.522,0.613,0.675,0.527,0.515,1.553,0.515,0.513,0.505,0.6,0.448,1.074,0.811,0.633,0.93,0.687,0.644,0.798,2.264,0.846,1.066,2.122,2.32,0.481,1.419,1.877,2.058,0.533,0.414,1.328,1.025,1.147,1.65,2.216,,1.601,1.905,1.53,1.24,1.759,0.614,0.529,0.672,,0.999,1.659,1.006,0.766,0.602,0.335,0.438,0.82,0.555,0.682,0.63,0.822,1.108,0.722,0.971,0.982,0.881,0.689,1.452,0.76,1.614,0.842,,0.571,1.804,1.77,1.108,1.517,1.616,1.257,1.942,0.704,1.154,0.714,0.906,1.05,1.112,1.315,1.097,1.405,0.959,0.69,0.536,0.621,0.781,0.901,0.606,0.461,0.347,0.348,0.506,0.266,0.524,2.414,1.267,1.56,2.525,,0.274,0.121,,0.428,0.189,0.368,0.192,0.958,0.923,0.64,0.786,0.318,0.243,0.774,0.28,0.96,0.422,0.398,0.609,0.412,,0.297,0.658,2.117,0.361,0.809,0.638,1.179,0.417,0.46,0.516,0.537,1.484,1.406,0.621,1.114,0.408,0.366,0.632,0.498,0.514,0.715,0.796,0.448,0.647,0.563,0.659,0.612,0.449,0.21,0.984,1.261,,0.504,0.465,0.651,0.634,0.825,0.73,0.936,0.357,0.375,0.647,0.534,0.618,0.625,0.552,1.508,1.434,0.416,0.325,0.406,0.032,0.516,0.31,0.412,0.294,0.808,0.088,1.507,2.646,1.14,0.355,1.179,0.594,0.557,0.427,0.794,0.75,1.201,0.764,0.414,0.874,0.649,0.629,0.559,,0.446,0.37,0.484,,,0.694,0.53,0.919,0.668,0.392,0.477,1.071,1.896,0.955,1.706,0.357,0.632,0.476,0.341,0.57,0.52,0.582,0.852,0.527,0.825,,,0.046,0.388,0.702,0.666,0.6,0.376,0.581,1.198,0.932,0.863,0.994,0.614,0.97,0.758,0.352,,0.839,0.788,0.687,0.25,0.885,0.842,0.963,0.566,0.638,0.797,,0.686,0.525,2.057,1.656,,1.795,1.859,0.732,0.354,0.517,1.427,,1.271,0.202,0.224,0.278,0.533,0.926,0.872,0.307,0.327,0.322,0.532,0.447,0.442,0.174,0.561,0.533,0.836,0.487,0.584,0.334,0.639,0.186,4.46,2.034,2.992,1.63,,1.165,0.955,1.344,0.565,0.883,0.762,1.763,0.759,1.622,0.041,1.927,2.705,1.334,1.047,1.902,0.981,1.065,0.718,0.673,1.082,1.331,1.064,0.947,0.407,0.706,1.471,0.973,0.998,0.768,1.142,0.994,0.391,1.196,2.008,,0.645,0.712,1.335,0.982,0.966,0.549,0.534,0.263,,,0.654,1.325,1.12,0.968,0.44,0.902,0.133,0.187,0.299,0.224,0.382,,0.54,0.675,0.533,0.589,0.553,0.644,0.77,,0.607,0.369,0.608,0.943,0.531,0.825,1.185,1.193,0.965,1.247,1.607,2.319,0.774,0.797,0.446,0.618,0.346,,0.289,0.57,0.411,0.522,0.726,0.606,1.038,,0.662,0.715,0.599,0.336,0.464,0.338,1.188,0.656,0.636,0.367,1.019,1.522,0.765,0.334,0.714,0.24,1.107,0.256,0.977,0.63,1.133,2.65,1.345,1.592,0.755,0.21,0.967,1.46,0.821,0.815,1.035,,0.726,0.602,1.02,0.654,0.672,0.585,0.601,0.545,0.546,0.979,1.418,1.298,1.395,3.199,0.929,0.768,0.971,1.18,2.21,0.593,0.848,1.038,0.846,0.677,1.329,0.918,1.352,0.699,1.049,0.062,0.776,0.721,0.517,0.877,0.736,0.624,1.269,0.762,1.239,0.924,1.347,1.637,2.256,0.963,0.406,0.36,0.342,0.707,0.573,0.527,0.868,0.72,0.817,1.055,1.223,1.104,0.844,0.79,1.428,1.628,1.805,0.788,0.572,1.249,0.807,0.571,,0.576,0.665,0.569,0.768,0.498,0.383,0.513,0.538,0.45,0.587,1.645,1.472,,1.209,1.791,0.637,1.126,0.959,0.96,0.439,0.557,0.763,0.504,1.165,1.143,1.43,0.661,0.421,0.61,0.525,0.912,0.943,1.772,0.748,0.57,0.644,0.841,0.759,0.635,0.754,0.755,0.461,0.479,1.043,1.453,1.106,1.094,1.389,1.424,0.744,1.141,1.034,0.762,0.919,0.124,0.315,0.124,0.578,0.218,0.746,1.091,0.773,1.177,0.957,0.488,0.508,0.737,,0.926,1.54,0.587,0.924,1.208,1.848,,3.064,2.412,0.996,2.428,0.13,0.113,0.638,,0.819,0.886,0.459,1.062,0.944,0.633,1.425,1.199,0.876,1.084,0.929,1.537,1.526,0.751,0.927,0.919,0.584,1.33,,0.589,1.031,1.111,1.188,1.063,0.79,1.232,1.1,0.672,0.247,0.606,0.668,1.443,0.632,0.713,0.686,0.28,0.148,0.369,0.345,0.594,0.477,0.537,0.68,0.304,0.396,0.309,0.284,0.221,0.47,0.741,,0.364,0.276,0.509,0.269,0.617,0.207,,2.004,0.834,0.169,,0.636,0.465,0.627,0.405,0.194,0.345,0.281,0.308,0.216,0.712,0.026,1.423,0.374,1.402,0.48,0.295,0.602,0.552,0.347,0.415,0.734,0.385,0.292,0.49,0.478,0.296,0.333,0.123,0.747,0.243,0.43,0.494,0.404,0.43,,0.36,,0.566,0.302,0.293,1.169,0.124,0.258,0.504,0.287,0.357,0.996,0.57,0.625,0.859,0.659,0.762,0.194,0.782,1.691,1.41,0.516,0.445,1.413,0.717,0.125,0.02,0.559,,1.731,1.308,0.839,0.727,0.337,0.308,,2.108,0.568,0.315,0.231,0.403,1.548,1.851,1.039,0.564,1.129,0.34,0.912,0.981,0.316,,1.312,0.852,0.785,0.215,0.437,0.381,0.666,0.474,0.826,0.972,0.683,0.209,0.6,1.166,0.469,0.473,0.262,,0.367,0.831,0.678,0.9,,0.9,1.206,0.814,0.891,0.518,0.248,0.365,0.522,1.086,0.272,0.787,0.43,1.29,0.351,0.541,0.257,0.167,0.911,0.171,1.25,0.525,0.27,0.246,0.494,0.729,1.959,0.962,0.159,0.253,0.243,1.661,2.34,2.852,1.32,0.119,0.621,0.969,0.477,,0.356,0.782,0.229,0.691,1.045,0.961,1.796,0.668,0.803,0.695
20160416,5,CO_24h,0.906,0.68,1.13,1.035,0.985,0.94,0.805,0.925,0.755,0.825,0.945,0.77,,1.321,1.676,2.093,2.107,1.723,2.016,,2.157,1.542,1.297,1.752,1.117,1.516,,0.981,1.221,0.817,1.067,1.106,0.689,0.819,2.939,3.206,3.351,3.683,3.705,3.215,0.755,0.913,0.978,0.992,1.038,1.196,0.9,1.091,1.034,0.905,0.858,0.881,0.868,0.703,1.265,0.399,0.61,0.571,0.744,0.864,0.605,0.722,0.522,0.909,0.626,1.492,1.441,1.614,1.542,1.511,1.282,1.151,0.842,0.741,0.828,0.908,0.785,0.966,1.137,0.61,,0.474,0.533,1.245,0.644,1.216,0.942,1.426,0.574,0.526,0.766,0.36,0.323,0.363,0.597,1.332,0.869,0.642,0.88,,1.211,0.725,0.906,0.811,0.768,,0.839,0.661,1.256,0.834,0.805,0.945,0.673,0.884,0.702,1.041,0.387,0.836,0.684,0.839,0.691,0.771,0.616,0.88,0.624,0.719,0.784,1.303,2.007,0.683,,1.164,1.052,0.706,2.146,1.372,1.509,0.845,0.616,0.421,0.45,0.58,0.429,0.757,0.359,0.423,0.615,0.635,1.43,0.618,0.353,0.551,0.832,0.945,0.672,0.346,0.669,0.431,0.642,0.744,0.577,0.532,0.57,0.839,0.851,0.607,0.664,0.615,0.735,0.442,0.911,0.936,1.009,1.052,0.912,1.315,1.238,,1.28,1.026,1.229,1.282,0.631,0.869,0.967,0.988,0.968,1.703,0.72,1.728,0.848,0.524,2.274,0.89,0.714,1.122,0.672,0.775,0.762,,0.61,0.601,0.78,1.002,1.089,1.31,0.726,1.285,1.841,0.675,1.764,1.12,0.627,0.7,0.852,0.847,1.602,1.22,1.828,1.56,0.516,0.509,0.299,0.45,0.382,0.622,0.66,,0.693,0.629,1.013,0.509,0.525,0.665,0.579,,0.449,0.582,0.758,0.851,0.974,0.951,0.778,0.362,0.292,0.25,,0.682,,1.314,0.608,,0.74,0.646,1.021,0.43,,,0.653,0.599,1.197,0.623,0.428,0.642,0.306,0.192,0.475,0.765,0.754,0.635,0.522,0.813,0.797,1.303,0.762,0.941,1.574,0.618,0.325,0.822,0.801,0.809,0.865,,0.865,0.733,0.816,0.62,0.76,0.428,0.755,0.878,0.801,1.097,0.674,0.711,0.949,0.588,0.984,0.897,,0.769,0.661,0.739,0.731,0.76,0.659,0.555,0.519,0.392,0.989,0.822,1.589,1.343,1.793,0.972,1.164,1.489,1.307,1.009,1.205,0.701,0.739,0.889,0.74,0.953,1.008,0.901,0.783,0.844,0.891,0.591,1.404,0.778,0.941,0.849,0.804,0.85,0.66,1.004,0.939,0.96,1.331,,0.77,0.907,0.973,1.285,0.893,0.776,1.267,0.986,0.426,0.782,0.803,1.035,0.452,0.72,0.738,0.71,0.708,0.858,0.786,0.641,0.838,0.654,0.628,0.429,0.745,0.943,0.579,0.781,0.465,0.751,0.876,0.845,0.527,0.701,0.94,0.604,0.764,0.615,0.612,0.759,0.661,0.855,0.67,0.75,0.744,0.67,0.708,0.706,0.374,1.027,0.942,0.849,,1.049,0.909,1.087,1.057,1.051,0.988,0.804,0.911,0.358,0.611,0.524,0.516,0.608,0.354,0.601,0.363,1.261,0.715,0.75,0.353,0.821,1.021,0.683,0.711,0.295,0.454,0.354,0.255,1.07,0.654,0.772,0.958,0.612,0.721,0.985,,0.693,0.557,1.682,0.86,0.503,0.421,0.55,0.661,0.929,0.599,0.666,1.263,0.482,0.127,0.767,1.711,0.521,1.127,0.351,0.874,,0.177,0.416,0.528,1.56,0.945,1.484,0.853,1.206,1.055,2.509,1.029,0.898,0.685,,1.616,,0.67,0.234,0.75,0.731,0.61,0.503,0.558,0.978,0.956,0.677,0.6,0.581,0.736,0.605,0.797,,0.728,0.732,0.622,0.734,0.46,0.344,0.8,0.728,0.951,0.977,0.878,0.884,0.793,0.745,0.838,0.734,0.489,0.482,1.023,1.085,0.709,0.638,0.45,0.636,0.739,1.22,0.634,0.502,0.245,0.378,0.615,1.496,0.785,0.918,0.572,1.585,0.937,0.51,2.095,0.913,0.714,0.406,0.827,1.221,0.893,0.861,0.907,0.68,0.623,0.769,1.512,1.198,1.122,1.283,1.011,0.902,1.233,,1.159,1.682,1.549,,1.293,1.338,1.07,1.094,0.985,1.029,1.359,,1.278,,0.855,0.574,0.64,0.867,0.76,0.548,0.442,0.61,0.588,0.504,0.662,0.69,,0.833,,0.675,1.026,1.147,0.84,0.9,1.884,0.628,0.58,0.458,,0.427,0.826,0.599,0.989,0.912,0.87,,1.25,1.323,0.804,1.145,1.194,1.15,1.115,0.754,0.832,0.809,1.092,0.626,0.755,1.162,0.58,1.332,1.631,0.547,0.616,0.768,0.518,1.09,1.022,1.325,1.05,0.718,0.705,0.95,0.916,0.857,0.59,0.851,0.996,0.874,1.019,0.764,1.273,1.296,0.957,1.032,1.066,1.096,1.053,1.049,1.511,0.596,0.932,3.019,2.484,1.137,1.445,1.483,1.337,1.703,0.666,0.859,0.616,0.724,1.156,3.061,,1.886,1.083,1.307,1.937,1.923,3.221,1.951,,2.493,1.037,1.222,1.12,0.871,0.968,0.583,0.77,2.022,0.772,0.939,0.658,0.799,1.278,0.905,0.614,,0.829,1.997,0.608,1.829,0.675,1.475,1.269,1.844,2.991,0.916,1.063,0.523,0.841,0.698,0.911,1.086,1.151,0.634,0.531,0.624,0.634,0.568,,0.456,0.977,1.249,0.331,0.651,0.699,1.303,0.506,0.77,0.79,0.485,0.945,0.709,0.673,0.813,0.864,0.519,0.531,1.471,0.502,0.556,0.559,0.677,0.462,1.117,0.81,0.642,0.82,0.848,0.603,0.765,1.725,0.651,1.668,2.804,2.906,1.643,1.998,3.103,2.772,0.731,0.694,1.429,1.202,1.377,1.744,2.166,,1.637,1.953,1.762,0.83,2.107,1.001,0.91,1.065,,1.445,1.7,1.396,1.105,0.941,0.754,0.837,1.101,0.907,1.053,1.048,1.132,1.252,0.812,1.054,1.078,0.982,0.7,1.366,0.893,1.674,0.569,,0.51,1.854,1.313,1.101,1.497,1.417,1.077,1.75,0.947,1.32,0.848,0.984,1.059,1.206,1.373,1.319,1.478,1.066,0.753,0.558,0.573,0.903,0.582,0.542,0.7,0.529,0.477,0.77,0.5,0.621,2.491,1.017,1.234,1.79,0.117,0.482,0.332,0.228,0.555,0.438,0.509,0.4,0.987,1.065,0.739,0.881,0.546,0.473,0.909,0.408,0.888,0.803,1.102,0.968,0.814,,0.714,0.656,0.792,0.58,0.808,0.882,1.147,0.569,0.622,0.738,0.75,1.547,1.533,0.784,1.319,0.486,0.47,0.758,0.655,0.571,0.503,0.964,0.667,0.854,0.863,0.85,0.74,0.368,0.303,1.104,1.195,,0.495,0.328,0.501,0.392,0.822,0.744,1.007,0.364,0.43,0.684,0.563,0.613,0.789,0.729,1.005,1.114,0.998,0.472,0.51,0.299,0.663,0.45,0.46,0.397,0.707,0.216,1.544,2.674,1.2,0.437,1.315,0.769,0.667,0.517,0.847,0.811,1.313,0.809,0.447,0.948,0.699,0.747,0.655,,0.402,0.602,0.791,0.846,,0.753,0.647,0.98,0.805,0.607,0.934,1.095,1.883,0.492,0.78,0.412,0.468,0.618,0.454,0.58,0.56,0.567,0.667,0.551,0.837,,,0.033,0.521,0.579,0.629,0.536,0.385,0.657,1.15,0.893,0.774,0.917,0.685,0.946,0.725,1.977,,1.818,1.955,1.322,0.723,0.948,1.311,0.877,0.594,1.001,0.997,,0.899,0.682,2.286,1.933,,2.043,2.113,1.197,0.681,0.8,1.53,,1.535,0.312,0.329,0.256,0.816,1.039,0.848,0.335,0.278,0.424,0.552,0.457,0.568,0.339,0.765,0.799,0.931,0.376,0.486,0.304,0.629,0.211,3.917,1.786,2.501,1.363,,1.195,0.969,1.338,0.62,0.735,0.612,1.633,0.654,2.102,0.477,2.463,3.082,1.034,0.798,1.586,0.971,0.984,0.902,1.25,1.193,1.361,0.91,0.85,0.632,0.897,1.431,1.017,0.99,0.737,1.693,1.23,0.473,1.417,1.753,,0.638,0.904,1.139,1.122,0.878,0.695,0.418,0.318,,,0.854,1.217,1.207,1.336,0.814,0.966,0.25,0.276,0.331,0.477,0.515,,0.576,0.612,0.7,0.698,0.47,0.586,0.787,,0.666,0.492,0.605,0.979,0.566,0.891,1.38,1.306,0.611,1.925,1.208,2.342,0.35,0.67,0.452,0.656,0.365,,0.228,0.563,0.564,0.754,0.723,0.736,0.732,,0.563,0.652,0.712,0.46,0.555,0.372,0.955,0.704,0.761,0.489,0.797,1.341,0.469,0.299,0.778,0.218,0.937,0.133,0.928,0.321,1.004,1.124,0.839,1.023,0.712,0.224,1.071,1.337,0.928,1.168,1.471,,0.922,0.659,1.071,0.735,0.665,0.605,0.522,0.651,0.436,1.021,1.65,0.934,1.597,1.407,0.676,0.597,0.599,1.165,0.465,0.586,0.726,0.68,0.854,0.671,1.46,1.16,1.586,0.973,1.259,0.062,1.274,1.005,0.778,0.811,0.761,0.74,1.244,0.842,1.336,1.152,1.468,1.673,2.29,0.992,0.534,0.447,0.422,1.41,1.207,1.348,0.906,0.966,0.887,1.162,1.334,1.222,0.888,0.857,1.675,1.694,1.889,0.983,0.833,1.525,0.959,0.784,,0.725,0.936,0.687,0.824,0.605,0.438,0.749,0.97,0.666,1.002,1.427,0.978,,0.898,1.318,0.795,1.384,1.206,1.239,0.695,0.92,0.977,0.755,0.982,1.111,1.989,0.993,0.725,0.9,0.752,1.291,1.353,1.762,0.939,0.504,0.587,0.762,0.662,0.837,0.872,0.817,0.718,0.953,1.049,1.165,1.174,1.01,1.227,1.423,0.788,1.083,1.013,0.928,1.091,0.125,0.58,0.191,0.798,0.496,1.045,1.21,1.096,1.329,1.136,0.631,0.801,1.125,,1.26,1.521,0.814,1.098,1.293,1.816,,0.627,1.475,1.319,1.634,0.181,0.383,0.732,,0.744,0.887,0.572,1.076,0.94,0.511,1.424,1.026,0.872,1.235,1.114,1.341,1.792,0.944,1.063,0.923,0.646,1.001,,0.804,1.113,1.272,1.227,1.165,0.972,1.22,1.114,0.284,0.118,0.88,0.672,1.463,0.764,0.993,0.629,0.398,0.25,0.522,0.448,0.579,0.649,0.654,0.744,0.393,0.423,0.488,0.447,0.438,0.641,0.868,,0.587,0.488,0.712,0.683,0.755,0.606,,2.112,1.1,0.304,0.153,0.866,0.863,0.932,0.463,0.272,0.472,0.388,0.403,0.355,1.324,0.073,1.266,0.528,1.393,0.44,0.415,0.581,0.811,0.403,0.604,0.792,0.738,0.462,0.821,0.637,0.481,0.619,0.167,0.865,0.603,0.626,0.661,0.554,0.743,,0.854,,0.622,0.403,0.386,1.084,0.177,0.327,0.649,0.384,0.415,0.902,0.614,0.729,0.812,0.392,0.655,0.316,0.853,1.528,1.102,0.552,0.649,1.33,0.906,0.125,0.086,0.783,,1.767,1.398,0.858,0.726,0.241,0.327,,1.926,0.513,0.395,0.271,0.474,1.607,1.065,0.871,0.745,1.273,0.445,1.164,1.19,0.37,,1.352,1.142,0.994,0.423,0.408,0.527,0.725,0.427,0.851,0.934,0.534,0.411,0.726,1.132,0.441,0.335,0.324,,0.435,0.749,0.38,1.394,,0.948,1.09,0.715,0.898,0.594,0.342,0.363,1.02,1.125,0.484,0.376,0.27,1.374,0.333,0.712,0.466,0.141,0.61,0.175,1.116,0.635,0.401,0.364,0.575,0.721,1.31,0.971,0.364,0.578,0.761,1.492,2.279,2.744,1.078,0.696,1.84,1.059,0.767,,0.541,0.812,0.233,0.702,1.088,0.518,1.422,0.826,0.844,0.998
20160416,6,AQI,39,138,,39,30,52,38,16,28,136,51,36,,37,47,26,44,40,33,,24,46,29,30,43,28,,25,22,13,25,21,26,30,89,71,96,100,81,94,67,79,81,98,78,43,43,53,85,40,43,43,44,52,40,500,119,483,200,437,63,68,67,79,71,43,44,49,49,49,52,50,46,68,40,40,40,37,32,40,,23,50,31,30,29,51,51,136,81,82,129,82,116,101,118,77,82,76,,80,73,74,78,82,,81,84,78,73,94,74,80,75,67,74,45,86,87,67,68,65,56,55,65,54,85,67,87,56,,76,82,70,74,59,57,75,49,43,33,40,46,40,39,40,45,41,51,56,55,56,45,42,60,64,57,38,40,48,31,42,30,39,38,43,52,53,50,44,62,63,62,65,100,77,107,,92,94,114,56,57,58,55,35,52,39,33,46,53,35,48,36,41,44,54,39,52,,56,38,38,52,56,57,61,85,68,67,68,73,31,58,42,51,67,75,66,65,42,32,31,41,27,52,50,,48,25,33,41,30,38,32,,39,33,38,59,63,59,45,23,27,19,,39,,34,38,,73,47,65,48,,,30,36,49,88,84,80,42,46,58,45,64,65,52,69,70,67,67,60,49,31,85,62,53,53,64,,45,68,33,52,42,36,45,42,40,40,63,83,100,83,90,85,,93,111,56,58,34,56,49,54,59,68,93,37,39,38,33,40,42,36,33,26,46,51,65,49,70,25,52,29,40,28,25,24,25,21,18,33,16,38,15,23,49,49,,46,58,52,55,48,55,54,48,52,49,54,54,51,46,55,61,43,54,56,38,43,44,35,43,49,45,36,46,38,46,76,57,33,36,50,23,33,35,32,57,43,53,46,57,52,48,49,43,48,42,36,42,,78,79,78,77,77,92,96,98,52,57,74,100,52,27,20,26,17,21,23,35,24,20,23,28,19,28,25,28,32,35,55,52,50,52,44,,40,22,19,30,28,22,29,30,30,32,30,47,52,58,51,58,55,48,47,38,,41,68,48,62,38,38,41,40,44,55,35,37,44,,37,38,48,57,42,52,33,21,31,43,60,97,104,93,90,79,92,,61,52,38,67,51,71,23,42,30,43,25,49,28,52,54,35,35,54,57,40,112,133,127,93,121,110,150,128,155,131,138,79,76,64,69,56,51,51,49,82,84,87,119,85,83,87,97,94,68,28,120,100,83,84,69,75,65,,93,102,117,,99,83,92,90,68,98,130,,90,,86,102,93,88,78,53,60,62,51,52,57,73,,67,,79,81,79,91,82,105,117,57,63,,55,56,55,99,74,90,,37,39,48,43,42,38,36,23,38,35,29,57,54,52,52,49,49,39,54,38,49,48,27,30,43,40,48,46,46,42,35,40,39,48,53,60,55,54,57,35,48,42,39,48,29,50,46,75,66,95,104,115,161,129,145,109,122,121,42,29,,73,20,14,38,25,34,21,,29,31,22,48,16,22,151,144,147,111,64,66,67,77,74,65,,63,64,70,69,64,68,54,62,77,52,56,54,124,94,103,95,102,50,42,55,52,52,,52,44,80,32,35,42,63,66,69,76,44,107,38,42,54,45,25,21,32,33,39,32,48,45,51,50,34,39,36,38,41,45,24,57,55,62,52,68,60,59,27,29,45,45,36,77,103,,114,65,103,49,42,37,36,26,,33,35,45,30,20,23,19,16,22,24,25,26,51,64,43,43,45,45,35,44,50,51,,61,30,30,35,79,112,95,112,,55,57,55,107,94,94,84,95,89,49,49,44,50,50,47,12,11,17,18,20,14,58,52,91,55,13,31,20,28,39,36,19,26,48,74,32,40,22,43,19,54,43,38,38,34,29,,39,54,59,25,41,36,48,19,30,28,31,32,25,30,40,31,32,61,32,25,49,23,35,30,25,36,39,91,101,101,48,,63,88,124,130,25,30,18,33,30,74,100,129,76,75,100,90,57,56,46,57,40,48,46,55,65,53,61,51,57,63,69,76,57,54,56,47,52,52,46,38,49,52,43,,39,52,46,,,54,44,52,53,49,52,48,54,44,40,38,53,67,60,51,42,51,48,52,43,,,60,60,23,22,23,24,22,54,65,53,80,69,68,51,23,,15,28,28,39,48,57,74,58,55,20,,21,18,36,55,,36,30,27,34,28,25,,28,106,107,188,87,113,103,46,33,93,102,105,54,121,77,83,79,68,62,62,54,43,160,154,149,202,,52,61,60,63,84,84,77,85,88,93,89,82,73,89,75,58,62,32,37,63,43,94,71,79,78,49,57,55,74,54,52,61,32,32,52,46,103,79,113,50,31,31,22,,,80,63,62,112,119,89,28,22,23,36,53,52,23,74,69,45,56,75,55,,63,34,,40,39,84,78,74,74,87,59,89,67,52,87,70,63,,47,54,15,85,43,63,83,,70,68,77,88,58,51,28,46,83,100,100,77,64,53,33,36,110,75,77,115,78,40,35,33,23,9,22,25,20,26,23,,24,53,67,65,35,38,33,32,39,59,119,138,88,112,99,93,85,89,77,29,43,52,52,42,18,34,22,36,41,26,20,23,19,77,76,83,90,67,25,29,25,23,25,32,49,46,35,89,62,55,54,82,73,102,40,49,42,57,32,35,23,26,36,25,23,21,,50,49,20,79,81,82,96,23,23,30,50,45,,65,63,35,18,33,29,22,26,22,26,38,45,60,22,21,25,26,23,22,40,74,38,49,46,39,18,22,24,48,57,68,77,64,59,74,80,31,40,44,41,42,26,51,53,24,38,54,42,60,55,48,79,63,51,,72,30,21,30,30,20,,55,58,46,80,8,26,25,,53,57,53,67,65,58,83,82,70,168,56,78,74,59,36,64,108,122,,53,72,105,92,75,89,113,113,48,27,26,22,32,28,18,40,24,20,26,28,21,19,16,23,28,53,48,39,22,21,24,,30,32,22,30,65,19,30,83,15,23,30,10,12,11,29,40,35,34,24,47,45,51,43,31,17,15,18,27,27,21,18,32,32,28,27,22,25,32,35,48,24,32,43,29,28,,25,,31,30,31,28,28,16,62,72,56,33,58,54,69,102,108,80,75,93,149,35,40,42,51,27,18,26,23,37,33,80,34,60,59,,70,30,14,25,16,28,45,30,16,78,86,82,91,9,,23,31,27,34,44,30,20,28,19,17,62,55,37,42,51,55,33,,32,42,47,17,,43,50,56,56,56,84,115,107,54,62,67,78,64,64,58,54,70,93,80,111,77,191,139,27,55,57,49,73,192,329,118,154,211,189,70,78,32,30,,13,32,33,25,44,95,69,55,25,48
20160416,6,PM2.5,27,105,,24,21,26,20,,19,66,24,25,,22,16,18,23,28,23,,7,32,20,15,30,18,,15,14,9,5,10,18,7,55,29,56,75,52,54,28,58,47,42,41,30,,37,19,22,30,24,26,16,22,35,90,58,51,40,30,15,38,28,24,9,13,11,7,34,24,35,31,49,26,28,21,20,22,8,,9,25,15,17,10,16,26,24,20,12,12,31,10,22,26,56,51,54,,58,50,50,57,52,,55,50,52,47,50,36,55,50,39,48,31,55,64,48,49,47,31,32,47,37,59,40,64,38,,53,50,51,50,33,40,55,30,29,23,28,27,28,27,23,31,23,20,29,23,32,31,17,26,28,27,19,20,26,18,22,21,18,19,26,21,31,28,22,39,38,42,41,75,56,80,,65,60,86,35,40,33,24,18,25,27,14,32,28,19,30,20,20,19,25,19,13,,29,26,26,18,23,25,39,49,47,46,47,53,18,31,12,23,48,55,43,46,27,17,18,26,15,20,25,,33,14,19,14,10,7,11,,7,15,13,42,34,38,30,11,13,13,,15,,19,22,,53,22,47,18,,,21,25,34,65,62,59,26,32,41,31,46,41,33,50,51,48,45,43,31,9,63,44,37,35,34,,31,49,11,34,3,25,28,26,28,22,25,48,62,45,49,63,,69,66,21,36,22,20,34,23,33,30,47,21,27,26,18,27,29,25,20,18,32,32,47,34,51,17,32,20,28,19,17,16,17,9,9,23,10,26,9,11,34,34,,32,33,36,35,33,35,38,19,32,34,32,33,28,32,39,25,30,33,39,18,30,24,15,30,34,28,25,32,19,32,34,40,22,25,35,,23,24,22,40,30,37,31,40,31,30,29,30,33,20,22,29,,57,58,57,56,56,68,68,70,36,40,54,75,36,5,13,11,7,13,14,16,15,9,14,14,10,11,15,6,21,23,33,34,34,31,29,,21,5,,11,5,15,,4,5,3,1,30,28,25,26,28,29,24,11,9,,14,46,20,42,21,26,21,26,22,39,10,19,15,,23,23,27,40,20,27,20,6,19,30,43,22,78,55,43,34,44,,19,28,20,15,18,17,15,15,21,30,17,10,14,17,23,24,3,16,12,28,31,39,37,25,43,23,37,39,43,44,42,35,46,38,43,32,31,28,32,60,62,54,90,14,59,64,46,50,40,19,91,75,60,51,44,55,36,,69,68,88,,74,58,68,67,49,73,62,,67,,51,76,69,64,57,37,27,44,27,25,31,48,,46,,55,53,58,56,53,60,88,36,29,,31,34,27,74,52,67,,25,27,29,30,14,26,25,16,26,24,20,40,38,36,36,34,34,27,38,26,25,33,14,17,30,28,33,32,32,27,19,27,26,32,37,43,39,35,40,24,33,29,27,33,20,28,27,44,47,71,78,87,31,43,28,35,42,51,21,12,,21,8,6,13,12,11,4,,20,11,15,19,8,8,48,53,29,28,43,45,44,49,50,47,,44,38,47,50,25,49,37,31,51,36,33,28,94,70,77,71,76,34,29,39,35,36,,36,19,59,17,24,29,43,42,50,54,29,80,26,29,38,31,1,14,14,23,27,22,33,31,28,24,23,26,21,22,27,31,8,35,35,18,36,49,43,42,18,20,31,31,25,56,77,,86,47,77,34,29,9,13,12,,20,24,31,17,6,11,5,10,4,7,15,18,31,46,25,21,31,31,19,20,35,20,,10,21,21,24,58,84,71,84,,28,32,39,80,70,70,62,71,66,23,34,20,28,29,29,5,6,10,5,5,5,38,28,37,21,5,15,14,19,27,7,13,5,8,54,22,28,12,30,13,38,30,18,5,19,20,,27,27,31,5,28,16,33,13,14,17,17,17,16,21,23,14,15,18,17,6,34,16,16,21,15,16,27,25,15,35,24,,20,27,25,36,5,4,2,11,9,27,17,57,55,55,72,56,31,31,22,34,20,21,28,35,,37,39,27,27,30,32,38,33,28,36,27,21,17,18,26,22,19,23,,27,26,32,,,25,23,23,34,30,32,25,38,23,21,18,19,48,43,29,15,21,20,27,23,,,43,43,14,9,6,6,4,38,47,37,59,37,49,33,6,,8,11,,27,33,30,52,41,39,14,,7,12,17,15,,8,14,13,9,8,13,,9,18,24,,64,85,77,32,21,37,40,23,30,45,56,61,58,11,12,23,30,25,122,113,114,152,,29,32,38,28,62,62,56,63,31,38,27,29,53,66,55,41,44,16,13,45,30,55,49,58,57,34,40,39,54,38,36,36,22,22,36,32,77,58,85,35,13,12,15,,,59,45,37,84,90,66,19,15,12,21,22,22,16,54,23,20,23,49,24,,27,10,,11,22,34,50,35,54,64,40,66,48,36,64,51,45,,26,38,5,63,30,45,61,,43,49,43,65,41,24,16,26,46,75,52,38,24,37,23,25,83,55,56,87,57,26,22,23,16,6,15,9,12,18,16,,12,37,48,47,11,25,23,18,27,28,90,105,64,84,58,42,63,55,43,20,30,36,36,28,12,22,13,25,21,18,14,12,13,50,46,61,67,48,17,20,14,16,17,22,34,32,24,66,44,39,38,60,53,76,25,34,29,27,20,24,16,18,21,17,15,2,,35,11,5,52,48,45,59,14,4,21,23,31,,47,24,5,12,23,6,3,2,7,3,16,26,43,13,12,8,3,11,12,22,16,19,17,18,27,3,3,8,33,40,49,56,46,42,54,59,9,22,25,23,29,18,9,37,15,26,38,,19,28,17,58,45,35,,52,21,7,20,2,12,,37,26,30,59,2,11,14,,36,40,37,48,47,33,61,60,51,127,38,57,54,42,18,46,81,92,,37,52,79,68,55,66,85,85,9,9,18,10,12,10,11,12,12,7,12,19,13,8,10,11,9,29,6,27,15,11,7,,21,6,15,21,40,9,4,5,10,14,4,4,4,4,10,11,24,1,10,26,31,28,30,9,8,9,4,9,13,12,10,22,3,19,5,3,11,1,14,19,3,4,17,18,8,,11,,11,16,14,10,19,11,44,52,37,11,41,38,50,76,81,59,48,45,114,20,18,29,,17,12,18,16,9,23,25,,33,42,,32,21,7,12,10,13,31,14,10,18,21,18,18,6,,16,13,15,20,15,21,14,19,13,9,28,32,11,14,31,21,10,,10,15,26,8,,22,35,17,22,20,,44,80,16,29,25,41,42,24,19,19,27,25,21,49,56,30,27,4,15,15,10,21,43,91,57,107,161,142,32,42,14,8,,7,7,7,12,15,67,34,39,17,33
20160416,6,PM2.5_24h,53,49,,57,54,57,49,,41,49,55,54,,102,105,102,105,112,101,,100,120,125,114,119,110,,62,59,70,52,51,65,55,116,114,120,127,131,131,37,64,58,56,53,58,61,64,71,63,80,66,62,57,68,57,54,49,43,41,29,39,37,35,25,33,45,49,39,92,84,95,77,83,80,85,60,61,64,30,,25,32,19,36,27,41,43,27,31,23,23,38,20,30,25,40,38,45,,44,44,42,45,46,,50,39,36,38,33,30,40,38,29,39,33,47,49,40,41,41,33,38,38,32,42,51,51,46,,60,56,53,57,44,49,61,39,52,52,46,49,44,46,46,49,50,45,38,45,43,40,32,37,48,32,38,35,49,35,39,39,36,35,40,40,48,42,39,58,57,54,67,67,50,68,,60,57,64,46,55,48,39,44,53,53,45,50,49,47,56,39,34,37,45,36,41,,36,35,39,43,44,49,60,49,53,52,54,55,21,38,25,32,50,59,47,59,35,26,17,34,25,33,31,,44,23,24,23,31,23,27,,25,30,30,35,33,38,35,17,18,25,,33,,34,27,,39,54,49,23,,,24,24,30,34,34,26,15,19,21,43,45,40,42,46,45,48,46,42,41,23,46,37,36,36,32,,36,54,25,34,13,28,17,31,26,28,19,71,76,61,59,79,,89,65,22,32,38,32,41,34,43,44,39,53,63,62,61,67,66,59,57,63,31,37,34,34,38,36,36,31,36,75,33,31,35,34,29,33,34,35,32,31,31,33,,30,33,35,38,37,27,41,21,23,27,27,28,21,22,29,23,22,22,26,26,35,24,15,26,29,25,24,26,24,34,38,34,22,25,21,32,28,23,32,29,27,32,28,35,24,20,20,28,22,32,36,56,,58,54,53,54,52,55,57,63,32,38,46,39,33,10,33,20,27,25,37,28,29,30,28,40,27,33,32,24,35,40,34,28,31,28,32,,27,16,26,45,40,45,32,36,40,38,35,29,26,21,24,28,27,25,23,15,,29,107,20,45,32,35,26,39,29,50,18,40,30,,31,35,19,28,19,28,13,11,29,26,29,18,53,48,38,42,42,,24,39,19,19,26,10,31,32,30,33,29,31,32,29,32,32,33,25,40,72,33,39,36,32,40,26,27,29,24,27,26,36,37,43,37,34,39,40,39,44,78,57,56,40,46,49,39,39,35,20,108,88,77,79,80,93,61,,92,81,86,,101,71,82,88,59,69,60,,74,,65,91,90,83,67,34,33,33,25,24,27,72,,62,,69,59,63,64,56,66,74,54,51,,29,30,26,73,59,66,,26,26,35,42,34,32,28,25,36,31,35,38,38,33,33,36,34,27,38,32,29,17,14,17,34,29,29,17,16,20,22,30,29,33,39,39,42,37,44,39,45,44,52,46,29,35,27,40,39,60,72,81,33,34,23,32,29,40,67,43,,56,51,32,46,36,28,19,,52,37,64,55,32,26,40,33,39,26,40,42,44,49,51,42,,41,31,35,43,19,43,35,36,47,36,31,29,86,56,64,65,68,35,27,38,32,36,,31,37,59,32,44,53,38,43,52,56,49,84,44,48,70,51,26,19,24,34,39,33,39,34,48,26,27,25,20,23,30,25,7,84,126,110,125,113,102,106,65,64,100,87,82,77,84,,81,100,139,96,126,62,54,60,,48,57,71,44,55,59,53,44,58,40,41,43,48,59,54,34,57,50,55,71,68,64,,45,59,28,23,49,69,60,77,,43,47,58,80,73,75,66,77,76,23,32,14,18,21,18,28,22,26,25,24,13,29,17,24,18,23,40,30,32,29,27,20,19,12,28,22,28,14,30,22,40,34,33,14,19,34,,45,29,27,33,40,44,48,28,31,36,37,27,30,27,40,18,21,19,19,13,35,22,21,50,42,35,49,16,10,16,22,,18,19,27,29,15,6,21,16,9,31,30,23,68,76,97,73,42,33,36,46,31,36,31,33,30,46,37,40,27,32,44,54,39,35,31,23,21,20,33,44,39,38,47,,49,47,59,,,33,32,39,59,48,56,30,44,22,24,33,36,65,63,24,22,17,18,31,24,,,48,48,27,36,29,30,34,49,48,49,50,46,47,47,73,,67,71,71,73,49,50,47,42,40,41,,36,43,32,33,,24,30,90,68,44,24,,23,29,26,24,52,67,63,28,23,43,41,37,38,38,65,79,76,70,69,26,27,29,125,69,68,82,,50,28,39,27,39,39,39,43,50,45,46,40,44,53,44,39,39,31,32,60,57,44,42,86,89,42,45,42,41,34,29,29,28,34,68,41,86,68,82,47,22,23,19,,,82,52,58,113,115,84,19,19,19,51,49,20,18,77,58,58,55,78,58,,43,42,,22,22,45,91,49,44,45,41,47,34,41,58,48,42,,26,38,9,74,68,82,64,,50,49,81,93,44,39,34,45,55,64,53,58,26,41,28,30,60,46,40,45,104,28,31,32,30,6,24,24,21,22,18,,15,34,37,36,21,31,28,26,30,8,59,57,39,50,53,46,56,50,47,25,31,35,33,31,16,29,25,34,31,28,30,27,32,45,45,62,67,49,36,26,22,26,24,22,32,32,28,97,61,59,68,78,72,88,53,60,57,44,43,47,44,55,56,56,56,34,,71,39,32,65,61,35,72,48,45,49,23,35,,48,29,26,33,43,30,27,33,34,26,25,28,44,39,31,43,23,18,27,28,23,27,24,24,30,26,26,30,48,47,38,36,35,30,41,51,34,41,44,45,46,71,47,77,65,71,40,33,28,26,34,65,43,46,,53,49,45,49,45,55,,49,38,56,55,28,43,48,,46,54,50,42,39,31,52,40,47,73,48,60,64,51,37,51,89,94,,38,53,76,70,56,54,77,78,7,6,8,6,17,16,13,14,13,11,17,12,22,20,21,21,20,31,18,26,20,26,24,,27,14,23,28,31,19,20,22,17,22,6,8,13,8,8,21,23,17,15,31,37,23,35,23,12,12,12,13,17,24,33,36,27,34,18,22,28,17,27,42,20,19,18,17,32,,45,,17,24,20,17,15,14,49,54,42,28,29,31,62,70,74,63,61,45,84,25,22,31,,15,11,15,16,20,26,27,39,24,28,,57,20,22,19,17,14,22,16,15,23,29,25,25,16,,19,30,28,22,15,23,17,22,21,14,29,27,12,19,26,19,14,,14,22,20,8,,19,30,20,21,27,,37,43,22,41,22,25,28,23,31,28,31,26,21,37,59,20,16,8,13,14,13,22,29,48,47,91,153,151,122,51,19,16,,10,8,6,6,19,20,22,43,43,32
20160416,6,PM10,39,,,39,29,54,,,27,221,51,36,,37,47,23,44,,31,,24,,,30,43,19,,19,22,13,15,20,25,16,127,92,142,147,112,137,84,104,112,145,105,34,43,47,47,40,38,43,44,54,40,606,181,583,349,537,75,86,83,107,91,43,44,49,49,43,54,48,46,,40,33,40,37,,40,,23,50,31,30,29,51,52,222,111,114,207,114,182,152,185,92,113,101,,110,96,98,99,113,,112,117,105,95,138,97,109,100,84,98,43,122,99,70,66,55,62,60,79,58,119,83,80,61,,102,114,80,97,67,45,57,49,43,30,39,46,34,30,40,44,41,52,62,60,61,41,42,69,77,63,38,40,48,31,42,30,39,38,43,54,56,50,44,74,75,74,80,143,93,129,,133,138,114,61,58,66,59,35,53,39,33,39,55,35,48,36,41,44,57,39,53,,61,,36,54,62,64,72,119,85,84,85,87,29,65,42,51,81,85,81,79,42,32,31,41,27,54,50,,48,25,33,41,19,18,27,,9,22,38,60,75,67,45,23,27,,,39,,34,38,,88,47,67,48,,,21,,,101,99,78,42,34,47,43,71,79,53,53,70,68,,,49,31,74,53,39,55,77,,34,77,33,54,42,36,45,42,35,40,75,115,149,116,129,117,,105,172,62,66,34,62,45,58,67,85,135,37,30,34,33,40,31,36,33,20,,51,59,37,,18,53,25,,,,,,,,,,,,23,40,44,,39,65,49,59,35,60,49,48,54,,58,58,51,45,54,71,42,58,61,38,,44,35,35,46,45,36,43,38,42,102,,33,32,37,23,25,34,32,51,42,51,46,47,53,48,49,41,38,42,36,42,,90,107,89,85,72,114,142,145,51,46,,98,47,27,16,26,13,21,23,35,24,20,23,28,19,28,25,28,32,35,60,53,50,54,44,,40,6,14,12,13,21,29,12,12,29,30,47,54,65,51,66,59,48,47,38,,41,85,48,73,38,32,41,40,44,,35,37,44,,37,38,48,63,42,53,33,8,31,38,60,144,,136,129,108,133,,72,53,38,83,52,91,18,42,,,,49,28,53,58,,26,58,63,,174,215,203,135,191,169,249,205,259,212,226,107,102,78,88,62,51,51,49,106,112,124,127,120,116,116,144,138,85,24,121,111,116,118,87,95,80,,130,154,121,,135,116,121,121,70,126,210,,102,,121,109,129,125,105,56,69,,52,53,64,95,,84,,108,111,100,131,114,160,136,63,76,,59,62,59,109,97,120,,37,39,48,36,42,,33,21,26,27,20,46,,43,49,37,42,38,,27,49,,27,30,38,30,35,32,32,42,35,40,39,48,54,58,52,58,50,26,35,37,,39,28,50,46,99,81,114,129,132,272,207,239,167,193,191,42,28,,96,20,7,38,17,,15,,,26,18,48,13,,252,238,244,171,78,82,84,103,97,78,,76,77,90,82,78,86,58,73,104,47,61,58,110,120,108,114,109,50,42,57,53,50,,48,44,66,32,32,,76,82,86,102,44,,34,39,43,38,25,18,32,,32,27,,31,52,50,34,39,36,38,41,,17,64,59,73,43,62,55,53,,,,,,91,,,,77,,38,36,37,36,26,,33,34,40,30,11,23,,15,,18,25,,52,52,43,43,,36,35,44,35,52,,71,,25,,82,108,100,127,,60,64,60,82,96,86,77,96,76,49,46,44,50,50,47,7,10,17,8,11,8,65,53,132,60,7,31,,,37,36,,26,48,74,,40,22,,15,52,,38,38,,21,,39,57,68,25,41,36,35,14,30,28,31,32,25,24,40,31,32,71,32,25,45,23,35,28,25,36,,132,152,152,48,,75,126,198,209,11,16,8,16,30,98,150,208,102,88,149,130,64,61,46,64,40,48,46,60,80,54,72,52,63,75,87,102,63,57,62,47,53,53,46,35,49,53,43,,39,53,34,,,57,44,54,56,49,54,48,45,44,40,38,55,51,57,52,42,52,48,54,43,,,60,61,23,20,18,22,12,,,,,88,77,51,23,,15,28,26,,,64,98,,54,16,,9,14,36,60,,36,30,19,15,18,25,,28,161,164,325,120,116,111,,33,135,153,160,57,192,60,69,73,85,73,74,57,43,206,258,182,183,,54,71,69,76,95,82,100,97,126,135,128,113,71,123,100,61,66,29,36,60,36,138,91,69,68,47,51,50,61,52,46,72,22,25,53,46,109,70,127,50,31,31,15,,,,45,73,84,,74,26,17,23,36,55,53,,,88,45,61,100,59,,75,34,,40,39,117,106,97,76,89,68,105,,39,70,63,52,,47,39,15,85,43,62,81,,89,70,104,113,61,52,28,46,116,,150,104,77,47,26,,,,,,,40,35,33,17,,22,22,19,,18,,24,43,53,57,35,38,29,32,,68,128,109,125,150,147,135,112,128,104,20,41,48,47,42,18,34,22,29,41,22,17,19,17,103,101,89,90,73,17,23,25,20,20,32,,,32,70,,,57,84,90,97,40,,35,63,32,31,20,23,24,20,23,14,,,49,,108,112,114,141,20,20,23,50,45,,,75,13,12,,15,6,10,13,9,38,45,62,22,19,25,26,20,22,40,97,38,49,46,37,16,12,24,41,,66,78,78,64,71,62,31,40,44,41,32,,52,,24,27,45,42,70,60,48,73,59,52,,65,30,21,30,30,20,,60,66,46,93,8,26,25,,56,52,49,71,59,65,75,75,66,,62,95,84,48,36,65,112,125,,56,66,103,107,82,112,94,130,48,19,18,22,32,28,18,40,24,20,26,,21,19,16,23,28,55,48,34,21,21,24,,30,32,22,,79,16,30,19,,,9,10,12,8,29,40,27,34,24,47,42,52,40,31,16,15,9,27,27,13,18,27,14,,10,4,,32,35,48,5,11,43,29,13,,21,,31,30,,28,25,11,70,92,61,33,59,43,78,120,156,86,100,135,151,35,40,,51,27,16,19,16,37,,109,34,70,46,,90,27,11,25,,28,,30,16,106,122,113,131,9,,17,24,20,30,44,,20,28,17,14,74,59,37,42,52,60,33,,32,42,47,15,,43,,62,62,61,117,179,,58,74,83,106,77,78,66,58,90,136,110,171,,332,227,5,60,63,49,96,334,443,186,257,309,277,89,105,32,30,,12,12,,14,44,140,87,,24,41
20160416,6,PM10_24h,106,92,,102,90,112,,,77,91,107,114,,167,176,166,158,193,160,,192,202,243,190,181,169,,112,130,129,112,110,126,189,232,223,265,228,244,239,85,115,118,134,128,116,130,169,152,115,154,138,192,165,153,212,175,227,228,206,76,98,80,107,73,106,98,106,98,161,169,156,185,177,145,124,127,139,90,100,,67,83,64,80,76,137,117,141,130,124,129,122,154,121,110,65,89,86,,99,88,86,81,101,,116,121,80,73,75,73,88,71,74,81,54,97,87,71,74,66,58,61,67,63,88,79,79,83,,82,92,84,87,67,78,94,74,87,77,92,91,75,95,79,92,86,142,119,132,131,106,102,132,150,108,91,98,100,80,97,104,86,79,81,92,105,90,91,115,114,102,115,186,131,154,,160,172,160,109,119,116,122,98,152,97,111,99,113,122,113,114,118,135,129,103,124,,113,115,108,119,123,137,147,114,123,121,110,124,49,89,64,67,120,110,114,104,55,42,24,62,42,69,59,,92,41,42,64,54,55,56,,39,50,73,57,68,69,58,35,43,51,,86,,78,52,,87,86,77,49,,,41,42,47,56,51,37,26,30,41,90,121,98,87,109,81,112,105,95,108,46,70,55,61,59,68,,51,77,51,57,48,37,52,54,43,44,54,172,244,194,193,205,,182,203,66,77,53,70,56,64,64,91,122,136,131,128,117,125,116,136,126,116,52,61,72,60,70,57,66,67,76,47,59,40,43,50,38,55,57,49,46,53,44,45,,48,53,39,62,44,41,49,40,39,34,43,45,38,30,50,47,39,39,41,42,60,38,30,33,44,45,44,44,41,47,67,37,36,31,34,34,45,40,45,40,38,42,41,44,37,34,33,43,39,52,57,70,,89,85,93,89,84,105,119,113,48,68,69,71,59,42,41,36,33,37,47,43,40,48,55,50,40,46,41,39,56,46,61,44,42,42,45,,45,22,81,96,99,80,94,82,84,93,101,52,57,49,54,61,77,55,89,74,,62,170,56,97,71,65,65,92,85,141,96,56,85,,74,81,41,46,30,49,31,19,53,44,53,52,107,112,111,92,91,,76,78,48,82,75,49,49,58,47,50,44,45,50,51,49,49,79,38,111,87,144,175,186,150,160,139,133,115,125,115,120,105,79,85,72,62,65,65,56,101,99,91,100,117,108,118,67,66,51,35,236,187,180,165,139,166,121,,227,207,237,,216,190,179,200,111,152,162,,168,,179,148,176,159,143,122,104,81,68,63,77,133,,131,,159,149,123,172,153,158,158,86,89,,65,83,83,224,156,252,,39,37,41,44,41,49,44,34,41,43,51,56,50,55,49,52,47,48,56,43,58,15,21,27,45,38,40,19,21,24,39,46,45,51,49,55,54,54,53,51,51,52,62,56,38,59,50,80,76,163,179,191,124,94,107,99,83,89,107,114,,128,110,71,128,60,85,56,,134,100,180,138,62,56,205,179,171,131,72,78,84,100,97,72,,85,87,69,82,59,74,59,77,91,64,59,56,115,122,118,122,117,55,41,62,54,50,,42,71,72,70,76,60,73,74,92,108,59,100,68,69,97,74,51,35,49,62,82,85,98,95,82,61,51,46,32,43,54,43,12,183,296,213,147,192,225,213,128,74,188,118,90,137,128,,128,186,223,186,181,125,124,125,,99,117,193,99,91,99,93,73,99,78,75,68,81,80,82,59,81,55,88,135,82,106,,73,93,45,31,68,108,92,125,,77,79,88,104,121,98,101,125,101,50,47,30,33,35,29,35,37,38,37,41,23,79,37,81,39,40,57,45,38,43,52,42,36,42,62,41,47,30,41,34,59,47,41,69,27,51,,62,73,85,73,82,90,91,60,62,68,74,61,54,56,85,31,34,51,36,43,50,55,43,98,53,88,124,81,93,86,74,,71,67,135,101,25,20,57,38,34,134,127,136,169,177,176,200,119,88,59,73,62,66,81,82,130,82,103,112,94,101,146,161,74,78,63,45,43,52,105,91,103,96,113,,91,115,101,143,,118,87,111,120,119,130,80,73,57,61,80,83,84,82,70,67,45,44,61,56,,,74,83,48,72,52,62,63,118,103,113,103,79,73,68,102,,99,122,124,131,78,131,103,66,74,68,,57,80,68,56,,79,63,81,80,87,43,,49,116,100,112,146,145,162,69,56,139,143,153,129,138,87,107,97,474,392,69,63,58,170,170,133,169,,45,72,70,86,92,83,104,96,137,114,118,132,73,124,94,54,58,56,60,99,82,110,71,115,117,67,61,63,54,59,53,52,38,42,90,56,145,87,108,55,33,51,34,,,99,53,107,141,183,100,35,25,38,78,82,42,26,122,154,93,127,208,117,,73,78,,70,83,136,182,141,89,108,80,96,58,71,100,76,65,,35,42,28,125,113,127,106,,114,96,144,142,89,96,73,86,152,98,114,108,65,63,38,42,60,46,68,47,41,44,45,48,43,8,35,29,32,28,29,,25,44,57,53,38,56,45,53,38,31,89,73,72,80,89,98,81,97,87,32,49,51,48,50,24,43,41,46,41,25,42,34,36,85,91,86,88,77,47,34,35,34,28,34,35,37,38,140,131,147,139,161,147,160,183,175,192,198,94,102,91,110,117,122,114,77,,139,133,86,137,140,122,169,99,91,119,50,56,,58,66,43,73,84,54,52,59,50,50,42,54,75,70,67,70,73,46,50,47,57,47,48,50,43,48,42,58,75,64,51,55,66,45,59,59,58,59,59,61,62,,77,127,105,105,46,52,62,49,50,93,67,76,,75,70,76,86,84,67,,58,80,78,80,49,69,83,,66,62,61,77,59,63,79,72,73,97,78,83,97,66,53,82,140,135,,65,82,113,114,98,101,99,125,30,23,14,19,33,30,24,30,25,20,23,21,37,32,30,35,33,43,41,49,33,41,50,,44,50,35,37,57,43,54,43,32,42,10,15,21,13,24,36,36,37,36,47,51,73,67,80,23,23,23,31,41,53,104,84,86,57,40,37,46,51,73,101,37,37,52,61,50,,80,,34,73,62,32,26,15,87,118,64,56,54,57,93,116,186,104,106,143,131,38,50,49,59,24,19,27,25,62,,223,59,51,46,,180,39,41,46,,23,35,26,25,81,89,85,91,39,,34,76,51,39,40,21,26,35,29,28,56,52,33,40,69,69,36,,34,39,32,13,,43,39,50,59,63,91,139,64,74,125,66,79,68,81,82,76,121,127,102,186,210,103,85,24,59,55,61,104,127,163,185,269,336,314,153,165,48,35,,28,17,14,23,54,48,54,60,87,49
20160416,6,SO2,2,2,,2,2,2,2,3,2,3,4,2,,3,9,1,15,5,7,,8,4,5,11,9,10,,4,7,2,12,7,7,18,59,53,44,50,56,77,13,18,12,12,12,14,9,10,391,13,8,8,1,4,7,4,3,9,3,5,10,11,26,11,13,5,4,3,2,18,11,25,9,26,9,3,7,18,35,9,,10,25,11,5,6,7,13,10,7,4,16,5,3,6,8,8,46,23,,36,26,25,25,46,,26,5,14,7,5,4,10,1,19,14,3,28,16,9,11,10,7,9,8,18,16,28,15,26,,10,64,30,25,38,24,12,15,11,11,10,10,9,10,9,11,18,18,17,19,15,17,4,20,15,12,17,10,16,11,9,20,9,11,22,21,27,25,14,17,15,23,25,33,27,40,,53,22,167,14,33,62,29,12,15,13,9,6,15,9,13,9,10,21,17,13,12,,20,22,35,5,8,17,23,33,18,11,13,16,6,3,11,7,40,31,12,25,4,6,9,22,3,5,6,,21,5,4,6,8,8,8,,6,9,16,4,4,7,15,5,4,,,20,,11,10,,9,3,3,4,,,13,30,7,14,14,17,26,17,17,8,12,24,8,6,10,7,8,,12,2,4,7,4,2,5,,6,18,9,6,11,3,16,17,16,15,16,21,16,17,15,30,,24,21,20,10,24,7,32,18,14,11,6,16,13,15,10,5,16,11,15,10,3,4,5,6,6,7,4,6,9,6,7,7,6,4,9,16,6,8,6,5,4,5,,9,11,13,21,4,6,,8,5,4,7,4,6,7,13,3,6,5,10,7,4,3,1,11,3,10,3,30,6,8,6,4,2,12,4,7,9,6,12,7,3,6,4,9,8,4,6,7,2,14,28,8,,8,11,8,10,5,8,7,8,6,3,3,4,10,7,5,11,7,5,10,6,11,5,5,7,7,8,7,5,9,11,4,10,10,6,6,,10,18,3,1,2,7,5,5,5,4,2,12,10,158,7,10,14,8,6,12,,5,13,7,18,7,11,26,4,13,10,10,14,4,,12,14,7,22,5,5,2,4,10,12,5,18,44,10,28,53,51,,1,10,5,6,3,2,7,15,12,30,11,21,31,10,48,,8,4,12,8,6,6,4,6,6,7,13,13,8,5,10,12,31,17,16,25,11,31,15,22,22,9,8,10,10,15,39,38,19,8,51,36,48,6,12,17,8,,10,35,15,,15,51,47,39,19,45,70,,26,,18,12,26,23,33,11,10,5,15,4,16,23,,7,,10,32,59,44,105,17,178,10,6,,11,8,8,75,68,49,,28,9,8,8,5,14,7,2,8,8,13,2,9,9,3,11,8,11,3,3,6,2,2,7,8,8,10,5,5,8,3,2,3,7,7,11,12,14,7,5,7,8,2,22,24,3,15,38,46,18,30,24,10,18,11,15,14,9,20,23,,26,15,6,8,5,1,7,,6,4,19,17,35,7,12,10,6,15,7,11,16,12,17,9,,57,23,12,18,9,29,12,22,138,22,9,9,75,79,30,35,61,12,10,13,10,9,,9,9,10,16,4,12,10,43,43,24,4,8,12,7,4,13,6,5,25,,5,4,4,3,6,6,9,7,11,30,39,66,5,40,20,34,31,20,33,3,9,11,15,15,18,10,9,,10,28,13,7,23,14,22,7,,32,11,24,11,4,8,3,20,11,11,9,34,5,26,11,1,1,27,12,11,4,11,,1,5,3,3,15,40,26,23,,6,20,10,9,17,18,11,22,8,1,2,11,12,14,6,5,13,16,3,14,8,52,16,93,19,2,8,4,9,14,8,5,5,8,6,8,5,6,4,7,29,52,5,3,3,1,,1,39,60,8,7,7,3,4,6,6,11,6,2,5,6,3,2,4,2,5,14,3,2,17,4,8,11,4,3,7,12,,16,45,84,48,3,15,2,2,2,3,2,4,14,19,41,26,5,5,6,1,8,11,4,6,15,6,10,9,13,20,10,11,5,20,13,10,2,17,8,12,11,11,14,,13,16,12,,,14,7,11,29,18,15,18,10,5,8,5,3,10,13,35,2,11,14,17,14,,,6,3,4,16,11,10,6,11,8,17,10,4,15,10,10,,13,10,10,8,24,53,23,25,24,14,,18,10,3,10,,13,10,26,54,30,14,,15,2,3,32,11,34,7,2,3,76,21,28,22,40,7,8,51,15,9,25,5,5,35,23,36,39,,5,6,5,10,17,6,12,12,17,8,14,9,13,15,11,26,17,1,8,18,6,10,8,7,2,14,9,5,6,10,32,8,4,5,4,2,5,7,9,3,3,2,16,,,3,8,3,15,18,28,13,24,36,16,8,10,14,33,34,29,15,38,16,,28,17,,37,19,7,18,31,94,162,151,16,76,33,34,5,10,,18,8,5,10,9,10,,,12,14,10,19,20,4,10,7,21,7,15,15,6,19,19,20,7,5,8,23,3,13,17,13,10,2,3,8,5,6,13,,7,1,3,5,1,6,5,5,3,7,29,34,34,38,35,16,70,128,78,3,41,140,68,25,9,6,4,15,5,2,5,9,21,10,7,9,14,21,6,15,5,10,4,39,56,49,63,20,15,18,14,13,31,19,9,7,4,8,19,16,13,9,108,20,11,23,,38,20,6,34,35,39,12,13,19,25,5,1,,12,3,10,5,12,20,4,3,10,10,11,41,14,22,16,8,8,3,3,2,3,8,2,4,4,1,1,5,4,3,35,11,9,10,8,5,6,19,12,9,21,7,69,11,14,10,3,3,3,3,12,3,14,9,,22,,2,13,7,13,,29,64,10,15,5,8,8,,6,3,7,18,3,3,16,20,18,172,16,10,16,12,32,40,9,14,,10,3,5,6,13,115,7,11,5,14,11,18,8,8,4,7,4,10,5,3,7,3,7,8,3,18,6,11,23,31,20,,6,11,5,31,8,2,6,5,5,3,2,5,7,2,51,15,8,21,29,11,1,11,5,16,13,8,1,8,18,11,5,14,6,5,39,6,15,4,24,2,10,15,41,7,5,,7,,3,6,11,8,13,3,3,14,4,9,21,18,15,24,22,24,15,6,8,7,16,4,4,14,6,18,2,3,8,5,6,11,3,,15,5,8,9,7,6,8,4,8,2,6,2,2,5,,8,2,2,8,6,9,13,11,3,3,10,14,6,7,13,9,2,,4,5,10,4,,10,19,12,24,22,11,6,20,1,34,13,1,27,4,10,2,7,11,7,1,5,1,3,,3,3,10,9,2,4,2,7,14,12,2,13,1,6,,4,2,3,9,3,13,81,16,16,12
20160416,6,SO2_24h,14,9,,15,18,13,15,15,10,10,17,11,,28,36,30,36,27,40,,32,30,28,35,21,32,,40,33,34,42,37,25,39,92,78,76,87,94,98,23,29,15,22,20,39,29,38,138,27,34,32,30,30,38,12,9,16,10,11,17,15,20,24,20,28,29,30,27,75,16,48,31,46,31,34,28,59,59,17,,17,19,19,14,14,22,24,18,13,10,18,8,4,11,11,11,44,25,,23,24,22,20,30,,20,8,24,10,8,8,13,6,19,23,8,21,12,12,8,12,10,13,11,19,14,23,23,27,,14,40,30,27,31,16,48,18,14,13,11,12,9,11,12,13,20,21,20,21,20,21,6,20,14,11,16,10,18,13,9,16,11,12,19,24,31,17,15,19,18,24,31,29,27,21,,38,19,136,18,35,68,34,15,16,24,13,10,15,16,18,17,16,30,21,20,20,,27,28,28,9,14,24,28,23,23,11,12,14,7,13,13,8,41,27,11,21,9,8,10,19,8,10,13,,21,8,7,10,11,13,11,,10,12,15,9,8,10,12,7,9,7,,25,,18,14,,12,14,8,10,,,12,15,8,13,10,15,4,5,12,20,16,36,13,16,16,14,15,12,19,4,4,8,5,4,5,,5,8,7,5,7,6,13,16,10,12,8,23,28,21,26,39,,31,26,21,11,20,8,28,18,11,12,16,22,18,22,15,10,22,15,20,18,10,9,9,12,11,13,9,12,12,20,8,13,8,6,11,16,9,13,10,7,4,6,,10,12,12,22,5,5,19,7,5,4,5,4,17,7,13,3,6,5,10,6,7,4,2,13,7,10,4,17,7,7,5,5,2,12,10,7,8,5,12,3,4,5,4,7,7,3,5,6,2,17,35,11,,7,10,8,9,5,10,7,9,5,4,5,5,11,6,5,11,8,5,6,9,11,8,8,8,8,9,8,6,11,14,4,9,8,7,6,,9,9,7,7,6,7,6,6,15,9,7,20,9,44,18,13,20,19,4,7,,6,12,7,17,8,6,11,5,9,12,11,13,4,,7,11,4,6,5,5,4,7,16,13,6,10,30,13,17,28,16,,3,15,10,12,7,7,53,20,33,46,36,13,20,14,11,35,12,5,68,11,9,9,6,8,12,9,17,10,9,4,8,20,19,14,12,24,15,18,14,22,21,13,11,13,11,21,12,10,7,6,37,28,27,6,16,23,10,,29,35,32,,31,63,50,45,20,38,28,,26,,17,16,19,15,37,14,11,7,9,6,24,26,,10,,15,30,51,36,51,19,42,10,5,,17,9,12,34,67,39,,34,11,9,11,11,18,8,3,8,8,21,2,10,9,4,11,8,11,3,3,5,3,3,8,8,9,10,4,3,7,3,2,3,8,6,9,14,14,9,8,8,4,9,23,26,6,15,29,31,26,35,37,20,26,20,19,23,19,19,15,,21,12,14,7,8,2,9,,31,27,36,36,48,21,15,11,10,11,9,14,20,28,26,14,,35,22,9,17,8,33,12,27,97,26,11,11,55,96,33,48,57,13,9,15,11,10,,9,10,37,26,7,16,11,30,18,18,6,10,15,10,7,14,8,6,39,14,11,5,13,11,10,35,36,36,35,51,37,72,31,46,40,51,45,40,45,36,34,42,42,33,40,20,16,,17,40,37,19,46,23,36,16,,39,34,35,30,11,12,5,20,13,24,19,49,11,15,40,11,11,40,18,21,8,15,,3,10,3,3,25,35,31,20,,6,10,10,14,14,15,17,23,12,1,2,11,10,12,5,9,18,13,13,17,8,77,14,49,9,5,9,10,8,10,7,6,6,7,4,9,5,6,4,7,11,18,5,5,3,2,,4,17,30,8,10,12,9,9,13,13,17,6,3,7,9,2,3,3,6,5,5,2,2,20,7,12,14,4,4,3,26,,10,17,75,42,2,14,2,4,1,7,4,5,21,30,30,37,22,11,6,5,10,12,6,8,13,10,12,9,15,21,17,20,6,21,15,12,3,18,14,12,15,13,16,,16,17,19,41,,11,9,15,23,19,22,20,14,10,15,13,12,13,16,13,4,10,8,15,14,,,7,7,7,17,14,13,14,24,19,40,23,8,10,5,38,,32,42,42,19,32,49,31,24,30,19,,21,11,7,11,,18,17,30,49,37,20,,23,22,4,11,24,26,35,3,2,13,13,12,24,31,10,13,23,13,12,25,4,7,31,32,32,39,,6,8,8,13,21,12,14,14,25,12,25,10,14,15,14,23,11,6,13,41,26,12,7,9,6,11,11,9,10,11,34,12,8,6,7,3,6,16,12,3,5,5,15,,,9,11,6,12,21,28,16,22,39,19,10,18,23,20,18,30,10,37,13,,23,12,,25,18,12,33,31,19,30,37,36,31,18,32,10,6,,25,9,6,11,10,13,19,,17,20,21,16,16,11,17,12,26,8,26,9,17,16,15,12,5,5,10,13,26,12,14,12,13,2,3,12,6,7,9,,7,2,6,6,1,4,4,9,2,7,16,25,28,27,36,22,45,38,41,3,40,109,45,30,15,19,14,24,20,25,12,21,20,10,10,10,27,34,18,10,4,9,11,17,35,37,42,49,37,42,28,33,45,38,25,26,37,22,20,21,20,22,100,41,29,29,,45,25,16,36,37,42,26,20,25,28,17,2,,11,2,12,8,23,21,11,8,11,7,11,42,38,29,21,25,9,11,12,13,19,12,4,6,4,6,5,7,10,8,12,10,11,10,10,7,8,24,24,49,28,6,55,23,27,32,13,10,12,7,21,31,16,37,,20,,8,11,19,37,,13,60,27,13,6,9,9,,16,3,5,12,3,4,17,14,16,29,17,13,16,17,46,63,11,12,,13,6,9,12,19,42,9,12,8,12,5,4,5,10,4,8,5,10,5,4,9,11,11,12,2,11,21,8,26,24,15,,15,13,5,29,8,6,6,5,6,4,2,5,6,2,17,19,9,24,29,5,25,10,9,19,8,8,24,12,21,8,7,19,8,6,14,11,8,9,15,34,14,13,29,6,7,,17,,2,8,18,8,12,3,3,15,7,11,25,22,15,15,24,13,11,6,9,7,10,5,5,14,7,16,5,5,8,4,6,12,5,,22,6,14,11,7,15,5,6,5,4,8,6,5,4,,7,8,16,7,4,10,9,9,4,5,10,16,6,5,18,10,2,,3,5,10,5,,9,16,13,9,21,11,6,15,2,31,6,2,23,4,17,7,7,7,7,2,8,2,3,,6,7,10,13,8,7,2,11,14,9,8,7,6,12,,6,3,6,13,8,14,52,13,14,13
20160416,6,NO2,34,11,,51,45,54,75,31,8,32,31,35,,17,14,8,14,8,20,,13,16,12,16,22,12,,17,16,15,9,15,7,10,39,38,39,66,44,57,12,73,55,39,41,31,34,19,45,10,6,78,13,11,11,8,10,4,1,20,34,17,27,17,9,33,34,19,26,21,29,16,7,2,8,22,29,22,16,31,,7,32,30,28,16,17,26,8,13,12,7,8,22,17,4,31,31,28,,44,56,33,37,36,,31,26,22,10,23,16,15,16,16,23,9,96,60,103,37,51,16,10,32,28,49,44,30,17,,80,96,61,35,92,28,30,38,28,26,21,26,33,15,15,10,6,33,34,33,52,34,49,65,35,32,27,32,25,30,30,35,21,28,23,21,16,34,28,19,24,15,30,41,42,31,,44,49,51,28,29,20,35,22,39,23,14,48,47,20,47,28,18,30,37,11,22,,34,29,26,32,17,35,25,19,48,25,17,44,19,18,18,16,40,66,33,35,54,35,9,54,11,57,77,,52,23,29,1,15,9,21,,5,16,16,52,46,65,35,18,2,,,35,,15,24,,65,9,26,11,,,38,33,31,37,33,43,36,29,36,26,34,13,21,31,40,26,33,,30,10,55,49,49,43,63,,29,38,36,38,28,1,34,48,14,41,29,36,30,37,27,12,,43,22,16,11,6,30,12,13,11,5,17,35,36,23,16,21,18,21,17,11,18,23,37,35,39,33,17,39,10,,19,12,15,9,13,21,26,20,21,8,34,32,,26,44,34,34,30,19,30,23,9,21,16,18,8,7,34,8,12,9,25,19,13,13,5,35,26,36,8,23,4,36,36,,,2,3,17,7,10,6,32,7,30,23,28,10,10,15,6,13,15,14,10,,45,39,54,24,44,49,78,72,5,9,11,8,16,9,20,19,18,12,13,30,12,6,42,11,17,22,9,14,16,37,40,45,50,26,32,,20,12,10,17,6,12,13,12,11,30,14,34,19,15,17,5,17,9,10,18,,7,59,25,46,27,44,35,31,41,48,30,37,20,,22,39,26,25,8,12,11,16,18,22,14,9,24,47,56,44,54,,50,63,36,75,35,12,16,18,13,16,18,21,27,28,21,,6,14,24,10,12,2,13,10,8,16,10,20,9,6,12,20,36,21,20,13,7,25,10,29,30,14,7,41,25,41,58,58,66,16,36,53,29,27,19,24,37,,29,38,28,,23,42,35,29,50,103,83,,46,,13,38,67,56,9,14,18,8,8,11,8,11,,9,,21,45,33,37,35,20,35,12,4,,14,9,15,40,26,33,,10,10,11,22,19,7,9,9,16,12,13,7,5,9,6,15,4,2,7,2,3,27,33,36,5,8,9,15,7,10,5,3,1,18,34,35,9,12,8,9,16,15,11,4,1,25,18,41,58,28,30,32,6,11,5,12,5,3,17,29,,26,20,7,20,20,25,9,,56,62,24,45,31,18,7,9,4,21,12,11,16,36,15,15,,33,31,13,21,10,41,23,15,76,9,9,5,41,62,47,45,46,18,11,23,10,16,,9,17,13,18,12,4,12,58,32,35,19,20,18,14,5,16,23,15,18,,16,10,14,16,31,15,26,31,15,4,30,18,3,39,20,1,46,27,16,16,16,26,22,28,60,13,17,,21,41,32,41,11,21,19,15,,23,32,28,19,11,16,9,12,12,15,15,7,32,4,2,4,9,8,7,4,4,10,,16,12,8,3,6,26,14,31,,11,12,16,10,34,11,10,14,9,7,6,28,29,40,32,12,13,15,10,6,8,53,20,54,45,2,2,9,15,19,17,12,18,25,17,30,20,11,16,18,36,22,19,14,31,8,,20,16,12,17,33,29,48,16,26,11,18,11,28,46,60,9,15,26,32,26,23,30,40,16,29,24,25,6,13,19,22,,5,17,18,11,6,4,2,7,8,54,26,15,22,37,45,51,8,11,8,,17,22,12,9,15,34,18,23,26,9,11,5,7,18,8,11,8,9,26,50,24,17,16,,22,23,18,,,23,24,27,27,25,32,33,29,26,16,42,34,14,13,30,39,31,22,40,43,,,19,17,12,15,8,9,12,15,19,19,17,26,31,39,2,,10,2,12,7,19,19,14,12,22,20,,12,21,21,5,,6,5,12,15,19,26,,18,2,2,13,8,24,16,9,6,16,27,21,5,9,18,17,38,7,7,10,10,3,35,48,36,51,,4,7,13,13,32,59,15,51,12,10,10,21,25,38,33,15,15,22,13,28,36,22,16,23,12,33,27,21,6,13,16,6,1,10,2,26,11,42,31,20,14,4,12,,,19,26,13,2,15,40,15,18,6,33,27,14,3,105,25,41,29,27,20,,31,31,,35,18,27,24,14,41,51,56,57,53,22,25,2,31,,31,24,10,35,49,40,,,23,16,50,31,29,36,18,27,28,17,46,46,49,34,29,38,29,22,29,31,25,30,27,34,18,2,7,5,7,15,20,,10,23,32,42,4,2,3,14,10,2,19,12,20,16,24,15,39,40,23,4,23,21,37,24,3,3,3,2,5,4,2,2,5,23,15,3,25,22,7,9,9,14,6,33,26,41,33,33,14,23,6,33,21,21,14,17,16,14,20,26,33,17,13,40,13,14,,18,12,15,24,26,54,21,13,7,27,67,53,,24,48,6,8,7,9,10,11,10,9,32,17,39,12,9,12,33,8,5,10,6,4,3,6,11,4,10,1,6,8,30,17,15,10,12,10,3,3,6,7,4,14,8,11,8,17,11,8,8,1,10,7,14,14,,20,9,13,15,16,1,,64,18,2,12,5,2,15,,15,43,29,26,7,12,16,28,17,17,19,21,28,16,11,19,7,26,,13,19,27,44,2,13,7,12,25,53,32,40,18,16,12,44,12,12,20,22,25,18,19,19,6,26,10,6,7,24,13,,16,21,18,5,44,14,16,35,16,13,2,8,15,22,13,5,9,9,13,8,6,16,32,29,12,13,5,11,24,15,18,21,28,35,16,16,13,11,16,12,10,8,16,22,3,,11,,2,1,3,4,2,5,14,48,16,2,47,49,13,36,17,32,21,41,20,16,20,46,48,7,6,,12,13,9,16,18,15,6,,18,3,7,16,10,15,26,30,25,11,25,14,18,12,,10,6,6,8,9,4,31,30,26,13,8,9,35,25,34,70,4,,5,41,83,33,,6,6,16,35,8,4,15,13,13,16,34,43,75,2,8,5,16,43,63,28,31,2,2,2,40,38,11,22,9,13,13,36,43,45,9,27,24,17,,6,3,7,9,6,63,40,37,12,36
20160416,6,NO2_24h,37,35,,49,53,50,65,53,35,58,41,44,,68,67,43,66,61,70,,76,97,59,67,59,63,,55,39,40,49,42,27,27,86,100,70,99,100,93,26,43,70,57,47,50,53,38,62,44,36,81,42,42,55,29,30,26,25,34,26,23,24,25,15,63,53,50,55,71,67,58,36,44,33,55,46,55,43,26,,14,21,21,26,10,32,37,14,29,18,20,19,35,26,14,26,28,32,,26,70,31,40,42,,30,28,35,17,17,24,26,26,17,35,21,58,39,44,38,44,19,19,24,22,44,34,33,30,,82,83,51,29,72,29,54,30,53,43,43,42,45,36,36,29,26,32,37,37,46,32,46,54,28,30,34,45,36,46,42,41,40,48,23,25,20,31,31,24,28,16,37,37,36,22,,33,41,27,33,35,28,36,44,52,39,36,56,58,42,41,43,25,50,38,22,38,,44,42,33,40,24,48,47,17,47,25,13,40,23,22,26,23,40,58,30,23,40,46,12,50,23,42,53,,47,31,48,24,18,30,35,,14,27,33,59,55,84,52,19,13,36,,34,,29,35,,43,27,27,25,,,38,28,24,41,26,29,23,20,25,47,44,22,28,48,69,41,37,9,44,40,54,51,60,48,57,,45,51,35,26,25,8,26,47,14,35,26,21,30,32,42,30,,41,7,21,20,12,33,15,23,16,15,28,44,57,39,37,27,36,41,34,28,19,42,40,27,33,32,26,25,41,34,19,41,13,29,15,47,42,25,28,19,51,42,,39,44,38,53,49,26,49,36,23,31,27,39,29,14,59,9,14,23,30,26,37,34,12,54,50,54,41,36,13,47,49,18,12,11,8,22,20,19,11,29,28,36,37,38,13,20,20,11,12,35,28,30,,29,16,43,14,22,42,39,37,6,12,17,11,27,14,36,19,21,21,27,25,26,19,45,25,24,38,19,20,30,55,32,37,43,42,42,,28,18,15,44,15,22,15,28,35,52,20,31,16,10,18,6,30,21,14,30,,10,42,15,49,37,48,42,41,48,46,17,32,34,,23,48,30,30,13,27,32,22,21,29,12,4,23,27,32,33,30,,43,35,42,49,37,12,28,32,35,23,33,28,34,35,20,14,6,12,35,19,17,13,13,13,14,17,18,14,11,8,12,30,28,19,19,15,15,27,14,23,23,18,18,34,34,37,41,46,49,18,37,38,35,30,19,31,32,,30,33,30,,34,43,30,32,33,50,36,,41,,15,23,36,19,9,24,28,12,10,16,13,16,,17,,19,23,26,30,23,20,29,21,7,,22,11,20,44,24,30,,27,27,30,19,38,23,21,16,21,19,25,9,6,10,7,17,5,3,10,4,4,16,28,35,9,17,14,22,15,14,6,4,6,35,52,49,14,18,22,29,27,28,24,13,13,21,18,30,38,23,27,30,23,35,25,26,20,26,24,38,,45,30,10,29,17,29,8,,56,50,52,48,32,30,9,13,9,12,16,17,23,35,21,16,,30,35,18,27,13,34,22,32,53,19,13,12,35,48,39,40,45,27,18,31,21,24,,10,25,33,24,20,10,15,59,25,41,19,26,26,21,13,23,21,21,18,11,30,20,21,22,46,20,27,22,12,8,37,13,3,52,44,35,48,38,42,42,29,38,32,40,52,25,19,,29,42,39,41,20,29,29,30,,28,31,26,22,40,53,50,36,45,44,34,24,36,27,12,11,21,19,16,15,9,25,,21,20,23,6,8,48,26,46,,11,16,17,14,24,22,22,29,17,8,7,19,23,25,19,16,16,24,20,21,9,43,12,37,27,6,5,22,22,14,18,13,21,22,18,36,18,11,24,23,33,19,19,33,41,23,,30,14,8,20,30,32,42,14,27,26,26,10,37,43,51,10,21,36,38,26,33,35,44,27,46,43,33,9,14,7,18,,7,16,23,18,14,6,3,13,11,31,21,19,25,35,22,27,21,20,10,3,29,27,12,13,22,33,14,22,28,10,18,11,8,23,9,12,10,12,40,48,35,41,39,,34,36,49,32,,46,27,22,38,34,46,28,23,33,29,41,33,15,13,23,44,35,27,48,55,,,29,26,13,18,12,16,18,26,17,24,20,39,37,28,15,,19,18,22,16,25,30,19,22,23,15,,19,28,22,6,,8,3,36,29,40,22,,17,10,9,7,23,32,26,10,9,21,24,21,23,30,26,25,31,7,4,7,9,4,32,40,34,50,,5,11,21,17,29,40,14,31,20,16,21,23,31,31,32,28,32,25,29,33,41,36,21,29,19,38,35,27,10,16,21,8,2,14,2,35,15,32,36,17,21,12,16,,,40,29,17,11,32,46,25,21,13,32,23,10,11,68,5,43,28,28,18,,26,30,,29,9,22,26,37,24,34,47,37,35,26,67,10,52,,34,24,10,29,41,34,34,,24,18,53,24,17,24,21,32,20,17,47,31,34,24,34,31,41,18,39,19,25,24,25,26,18,2,16,18,13,35,51,,24,24,50,44,3,6,3,18,10,3,17,8,15,13,15,16,33,32,21,8,24,20,26,22,6,13,13,13,17,17,18,24,22,24,19,4,31,25,13,14,12,15,10,18,18,35,30,51,42,54,24,47,22,28,32,40,33,30,22,30,33,23,29,48,20,23,,19,18,23,22,25,51,24,24,17,36,36,26,,12,25,7,18,17,17,16,20,21,16,21,21,35,26,27,31,47,23,18,15,11,3,5,11,9,10,15,7,27,20,25,21,34,20,32,29,6,14,12,22,17,16,32,28,23,39,11,17,18,9,19,16,26,26,,34,3,14,14,13,3,,14,14,12,19,4,12,24,,14,30,17,30,8,15,19,19,18,16,11,21,26,13,15,21,12,26,,17,16,29,37,10,18,13,18,17,31,20,29,13,17,11,26,13,18,19,11,18,25,21,19,9,24,19,17,5,26,18,,19,21,33,32,38,29,15,44,17,12,3,24,35,30,6,6,13,10,12,8,8,17,35,28,8,11,9,11,22,12,18,21,20,24,20,14,13,12,12,17,16,13,12,12,24,,29,,7,5,13,7,10,13,22,31,14,3,26,32,13,13,17,21,22,38,22,15,12,37,35,8,7,,24,10,13,15,16,20,10,,19,8,15,18,12,13,22,29,23,24,37,27,27,9,,8,16,18,20,10,4,31,23,19,10,12,12,23,25,16,38,6,,9,22,58,23,,7,7,9,25,9,4,8,10,14,17,27,30,52,8,16,13,16,25,28,12,16,5,4,4,37,31,9,29,38,43,21,53,51,47,23,33,31,20,,12,3,11,23,17,17,28,54,18,62
20160416,6,O3,29,73,,26,33,19,2,38,25,44,23,44,,73,83,26,83,86,85,,72,68,77,77,35,88,,77,18,10,77,67,41,96,91,83,68,47,64,58,130,56,104,117,115,59,47,59,59,80,66,66,55,66,42,80,82,79,83,66,54,84,76,72,49,49,42,59,65,64,77,76,81,91,86,74,53,68,50,18,,42,3,17,17,27,27,51,70,83,83,50,64,69,61,72,50,86,95,,81,60,95,92,94,,113,110,113,117,100,127,127,128,120,112,109,29,43,6,72,56,91,133,60,73,81,53,23,79,,9,7,26,25,22,43,37,34,99,98,88,107,72,99,108,113,101,45,42,70,36,54,58,29,46,71,63,48,69,62,63,63,78,66,69,74,68,18,68,117,113,92,108,61,60,49,,42,52,39,13,42,49,51,83,74,60,96,42,64,97,34,65,58,80,47,61,60,,47,57,12,60,32,58,65,66,40,48,50,43,98,96,97,111,45,29,54,35,33,16,43,49,24,16,10,,49,63,6,109,94,119,102,,124,104,90,4,11,2,27,70,74,,,49,,78,77,,8,58,25,93,,,31,34,15,11,60,16,24,27,19,41,15,32,27,35,26,15,173,49,47,67,19,18,49,15,4,,42,25,6,1,31,22,,,41,9,53,65,70,77,77,77,,67,61,127,133,108,95,116,136,85,119,125,65,42,68,51,51,28,52,50,79,18,24,21,12,12,36,12,6,43,,26,75,33,65,55,57,49,56,45,54,15,11,,13,1,12,14,20,29,10,28,60,65,56,54,68,45,50,49,81,74,46,72,37,53,48,16,24,14,36,16,38,8,7,39,40,45,40,26,32,28,28,21,47,30,34,30,56,50,58,58,60,33,39,46,,45,28,26,43,41,36,14,15,98,81,54,54,65,64,64,38,52,61,47,39,52,43,32,55,55,58,59,61,57,68,9,13,9,23,25,,26,70,58,95,87,70,76,96,93,100,82,92,94,97,94,101,112,83,94,97,,108,36,79,12,28,19,27,17,14,18,29,12,55,,20,21,49,47,129,59,64,65,39,54,57,78,36,7,14,37,1,,2,2,27,7,47,18,72,59,62,75,78,57,71,70,47,,110,62,60,40,77,76,74,62,78,83,71,67,53,79,74,125,96,107,90,108,145,110,113,90,109,119,129,84,69,98,6,2,,38,72,58,92,48,64,93,79,,40,35,31,,35,26,16,22,4,5,31,,32,,64,63,63,33,95,98,103,119,101,107,112,107,,127,,83,26,36,46,69,72,84,94,128,,85,148,110,79,78,69,,51,40,24,36,45,52,73,69,56,78,65,58,39,44,67,65,27,68,58,51,61,3,1,7,76,72,74,42,46,42,50,35,51,25,20,17,60,46,54,47,38,41,65,36,9,29,41,8,3,69,46,49,71,68,72,63,79,63,55,78,,77,37,44,36,14,27,24,,20,4,51,17,36,69,90,82,55,50,103,79,98,89,124,109,,109,107,138,97,130,93,104,114,44,111,148,141,88,94,84,87,97,130,120,118,134,117,,151,60,61,51,78,85,27,14,13,3,14,43,66,71,86,76,9,66,98,,58,29,50,54,34,23,18,18,17,38,31,47,76,21,33,39,21,30,58,36,86,63,75,37,28,89,80,,70,29,31,11,66,66,74,40,,41,10,41,40,64,43,58,49,69,75,66,67,76,87,114,90,98,97,47,46,50,50,,18,45,31,91,45,33,42,7,,38,103,32,98,86,69,80,92,80,66,68,8,12,7,6,38,34,45,57,64,44,18,36,13,33,39,51,57,50,8,45,25,47,15,36,24,8,62,14,8,30,41,61,81,107,86,,93,99,82,34,9,21,9,23,9,64,52,20,14,6,6,72,27,8,12,20,12,16,3,43,44,47,29,91,96,41,48,,75,64,68,66,77,94,56,105,39,26,37,80,69,77,49,35,84,78,145,1,111,106,132,141,121,99,135,106,124,141,118,85,66,85,103,101,86,104,64,51,73,77,87,,75,,80,,,81,28,4,54,52,75,46,95,47,21,35,31,,74,32,53,32,65,23,47,,,85,54,68,70,73,76,70,42,42,48,45,8,8,62,44,,37,22,88,80,45,46,61,58,36,16,,67,51,29,34,,23,16,86,106,87,1,,15,99,83,66,43,23,62,80,91,67,57,56,84,42,59,79,61,85,73,37,98,103,56,65,62,46,,136,128,90,97,145,38,89,93,64,72,49,31,73,61,68,118,133,100,117,31,28,67,87,59,61,47,47,47,54,31,54,48,71,67,58,67,33,16,56,4,66,86,5,,,31,11,24,45,74,71,39,50,,31,21,11,50,18,50,82,62,40,66,,35,44,,28,15,55,59,68,54,3,57,19,62,40,8,23,46,,64,48,48,74,30,66,14,,15,58,85,29,42,38,61,82,45,33,36,13,20,42,43,36,14,17,15,15,15,11,16,14,30,,65,80,64,32,45,,34,15,18,5,24,58,76,57,79,77,8,12,8,12,12,26,71,23,30,62,38,41,33,40,55,59,59,57,57,64,60,73,50,27,12,,26,26,49,44,43,44,46,38,27,25,27,24,46,50,69,65,60,54,69,81,64,82,59,50,45,60,66,54,54,67,,50,55,62,55,71,87,72,72,73,77,,19,,11,18,110,40,52,92,68,81,68,82,42,47,17,62,65,45,64,71,67,50,59,44,48,43,42,56,68,66,46,25,20,32,46,43,47,34,54,67,60,65,69,66,52,55,39,52,59,56,62,57,57,61,99,45,,85,50,41,39,32,56,,31,45,59,45,23,22,60,,22,2,15,64,32,12,63,50,69,29,23,32,38,36,44,38,34,13,,28,19,4,39,107,15,70,77,67,27,26,45,13,43,25,23,38,45,41,35,19,20,25,25,24,29,37,42,52,40,53,,41,9,23,74,69,59,8,186,8,72,94,32,17,1,33,31,58,43,50,25,39,33,14,41,53,38,57,39,45,65,12,88,101,7,85,70,78,61,8,15,75,102,93,83,87,,79,,64,84,98,85,62,,25,46,19,,27,28,64,23,64,36,55,4,44,61,40,1,,40,15,72,47,73,90,64,79,82,79,,33,20,42,51,51,23,5,3,6,55,52,33,62,15,,34,98,85,108,65,32,16,10,53,54,61,93,21,32,52,45,54,,65,10,5,28,,76,67,49,40,101,80,68,64,11,42,17,4,2,50,83,51,26,11,1,79,79,53,51,86,17,20,28,12,80,149,79,70,17,32,92,54,62,77,,39,100,104,77,85,2,19,26,72,15
20160416,6,O3_24h,146,94,,168,158,136,126,98,84,62,144,126,,155,171,53,196,191,197,,171,128,190,130,106,206,,156,114,165,138,130,91,188,146,149,132,139,148,149,184,172,201,178,213,217,168,206,211,168,146,157,140,159,99,133,151,127,146,99,182,162,200,167,185,112,164,198,203,179,242,233,204,222,203,216,167,193,155,112,,90,117,110,104,117,114,164,103,95,118,70,89,92,90,88,94,153,152,,177,81,156,144,137,,175,150,138,138,143,159,158,154,150,141,127,134,115,108,137,112,127,145,133,122,151,110,152,116,,63,43,67,80,73,82,64,98,134,134,140,176,133,140,163,155,141,162,138,202,170,216,175,151,177,155,140,120,145,126,147,149,146,136,140,139,122,37,127,198,191,143,188,195,184,189,,120,187,161,199,121,133,151,132,165,140,181,118,173,172,100,148,143,159,121,137,121,,106,123,68,107,137,134,135,194,116,144,156,132,147,141,142,142,116,83,142,115,136,118,131,165,148,139,130,,181,142,120,123,127,136,135,,146,137,104,79,78,53,82,109,130,82,,180,,158,153,,152,128,142,115,,,100,105,113,104,126,103,125,127,96,116,121,107,170,140,127,123,173,165,133,108,54,92,122,107,106,,92,150,62,83,80,114,77,60,72,72,105,176,202,203,170,219,,187,209,132,141,116,111,133,150,98,120,148,235,144,237,195,210,148,165,161,250,96,121,112,103,114,138,99,121,108,64,63,111,96,89,80,82,77,77,86,100,21,18,,14,21,22,14,25,43,11,36,87,97,99,85,93,81,77,91,124,128,77,87,52,57,57,20,24,14,40,23,45,13,13,146,46,53,51,37,46,32,30,51,49,51,52,47,97,71,79,97,118,44,46,46,,99,121,60,88,117,126,137,111,113,157,75,96,101,69,93,70,101,71,86,110,113,69,78,83,104,75,116,99,68,118,93,89,95,80,85,,78,93,160,138,160,143,160,146,143,149,152,119,118,132,137,129,129,103,148,178,,166,164,161,73,100,116,81,58,73,71,72,56,64,,93,66,103,103,135,87,84,99,117,83,124,371,99,86,125,96,84,,20,42,90,49,109,40,82,60,73,90,102,82,94,90,74,84,183,77,77,52,115,104,118,96,111,128,96,100,89,108,110,168,152,158,152,131,166,135,136,175,222,215,152,131,88,152,109,108,85,76,206,202,210,134,147,182,172,,242,261,148,,219,154,90,149,120,236,181,,136,,144,205,171,170,218,162,149,182,137,178,119,187,,214,,190,192,158,189,233,215,247,123,157,,109,159,158,252,228,235,,98,90,24,91,78,104,134,138,137,138,112,94,67,119,108,111,112,78,89,76,89,69,60,66,128,126,128,55,53,56,73,54,75,25,22,17,108,70,105,89,90,89,123,58,12,94,134,65,91,138,158,169,121,100,91,107,137,92,142,189,,174,126,108,83,73,77,116,,139,127,129,159,155,157,137,128,83,126,164,113,154,134,167,171,,152,136,160,110,163,140,177,142,129,127,173,189,157,143,196,178,169,148,139,139,148,145,,170,107,74,107,139,135,94,98,93,77,129,100,114,124,108,127,129,106,104,93,161,91,151,174,133,62,45,66,45,65,77,87,92,133,136,165,125,166,179,131,210,208,181,93,208,191,177,,168,162,244,128,219,167,167,87,,131,146,132,137,74,52,62,55,69,86,89,74,104,100,129,132,139,140,78,68,68,80,,37,76,75,118,52,81,79,72,,140,238,115,156,131,105,134,133,134,82,93,99,78,78,76,49,58,57,98,73,96,71,107,138,137,130,101,108,70,39,55,104,77,57,94,66,41,76,57,58,55,79,80,83,107,86,,93,145,131,98,65,62,70,119,129,90,125,99,85,97,98,99,74,66,65,94,83,90,75,65,90,82,158,113,119,89,99,,118,125,116,115,150,109,70,138,62,91,88,117,167,236,224,352,109,89,150,155,117,119,144,143,182,184,185,143,179,199,199,144,84,103,124,126,100,118,126,146,143,148,155,,128,,126,84,,138,85,16,147,123,136,166,245,135,90,150,129,,144,79,129,120,105,75,104,,,121,77,68,164,161,186,199,168,172,179,180,72,94,103,87,,94,62,220,196,149,148,139,129,144,160,,158,161,73,72,,63,52,136,168,141,91,,52,122,118,99,95,99,136,90,94,124,123,104,101,60,94,110,116,136,125,42,123,116,115,132,93,77,,183,167,134,134,219,117,123,183,130,139,87,55,134,108,121,133,148,120,118,125,72,94,98,108,125,98,98,106,80,40,98,102,107,105,97,112,84,64,82,116,84,106,85,,,113,102,112,61,124,152,82,96,,106,75,88,86,337,90,110,196,200,200,,144,133,,167,156,155,210,210,88,92,110,60,113,113,32,37,54,,88,82,94,158,118,154,91,,78,142,256,91,106,106,174,85,181,141,200,97,74,89,70,61,94,103,111,107,76,84,83,80,78,,114,127,106,47,59,,65,74,92,69,129,83,111,104,114,77,67,67,83,45,106,52,71,80,67,75,80,88,88,84,91,90,92,94,101,119,61,73,50,51,31,,56,61,56,59,70,72,66,94,117,88,86,176,182,172,196,187,218,174,144,191,146,205,214,165,179,160,181,159,177,146,,141,146,169,177,181,181,194,149,169,176,95,112,,41,98,141,69,105,145,119,132,116,134,129,123,113,92,92,75,95,135,129,164,196,96,110,101,104,109,130,129,52,46,67,64,57,71,64,36,72,69,74,65,69,104,83,98,72,83,79,108,127,90,123,80,99,72,,85,85,97,65,72,72,,79,83,67,75,42,54,87,,94,117,137,97,45,43,115,120,111,102,111,108,130,111,107,105,142,150,,58,97,102,168,140,249,149,144,100,96,108,128,38,87,47,89,104,98,101,102,83,87,93,88,91,104,78,83,96,73,83,,75,69,62,74,94,62,38,186,19,83,221,74,46,59,77,84,86,78,87,66,219,111,28,91,151,144,138,142,138,117,47,134,169,18,156,135,136,119,41,81,107,142,150,153,100,,90,,121,131,145,94,170,5,81,172,46,63,101,130,146,163,156,164,156,98,190,96,91,148,176,102,69,103,80,149,157,101,130,121,130,,87,25,70,135,124,78,81,79,80,117,123,63,119,56,,97,117,127,118,78,99,86,82,108,101,79,121,95,93,110,113,61,,89,99,94,91,,109,101,139,116,146,112,142,118,60,86,102,85,82,64,105,72,59,50,103,157,176,59,57,134,45,48,118,111,133,200,135,152,84,166,120,71,98,117,,113,107,107,156,150,84,81,71,160,15
20160416,6,O3_8h,57,65,,56,57,50,34,47,46,36,46,69,,58,71,25,72,75,68,,58,54,63,69,31,61,,76,22,28,73,70,43,107,59,46,55,37,41,48,130,107,129,135,146,54,50,58,56,77,62,68,57,63,46,58,65,66,74,47,82,94,103,91,82,50,58,62,75,56,62,55,63,44,69,70,58,64,46,38,,54,28,38,28,48,40,56,75,89,98,61,70,78,73,75,75,107,93,,112,59,109,94,102,,126,131,122,124,128,141,137,128,140,124,106,101,93,75,110,90,104,128,102,97,94,39,48,62,,25,21,45,42,43,53,38,58,97,99,90,119,73,102,105,116,104,64,52,84,57,78,70,49,66,79,64,59,76,71,72,68,83,75,77,80,75,21,75,129,128,108,128,78,79,75,,53,66,68,28,56,60,66,86,76,60,101,53,68,95,44,70,69,73,52,66,59,,57,68,22,66,38,75,73,92,54,67,73,67,108,106,103,117,64,40,73,36,56,28,46,66,33,44,38,,68,68,12,98,102,118,108,,123,104,95,16,29,8,40,79,81,53,,64,,77,74,,33,48,45,91,,,43,55,38,25,74,36,66,53,39,60,27,46,64,51,46,34,83,67,66,37,23,28,46,22,6,,52,46,16,19,41,56,,6,46,34,74,96,102,118,108,122,,98,101,128,137,114,105,126,145,92,112,137,84,49,75,57,68,33,60,54,79,25,18,16,20,13,34,16,27,13,48,28,53,37,38,43,36,38,42,36,32,13,11,,8,1,15,8,16,38,5,30,77,85,76,75,74,61,67,52,94,92,64,75,44,50,51,10,14,7,23,15,36,8,6,50,39,44,44,30,28,20,27,40,43,42,42,38,66,59,66,69,73,34,42,30,,66,74,44,70,77,53,58,42,93,73,47,49,49,67,58,53,55,65,46,39,47,46,35,59,54,63,60,66,51,70,19,24,19,20,26,,23,62,80,75,86,68,85,88,87,83,76,89,100,97,101,92,110,80,96,89,,116,53,111,25,32,20,37,24,21,28,47,19,55,,34,18,47,46,126,49,48,61,40,55,62,81,35,24,23,45,20,,1,7,20,10,27,22,40,33,35,40,34,35,28,39,30,36,106,24,24,34,82,78,82,68,83,92,72,69,53,79,76,129,110,122,109,115,134,110,114,104,124,122,128,98,69,118,21,16,14,34,94,89,114,50,62,82,71,,99,103,64,,92,34,22,31,37,77,91,,38,,65,94,81,62,106,102,109,121,106,112,114,97,,112,,95,75,66,84,109,106,115,87,124,,90,149,127,93,98,82,,46,34,12,34,36,49,69,76,71,83,68,47,32,45,56,55,18,60,55,45,53,19,11,12,77,70,71,48,46,48,54,38,53,20,15,10,63,45,56,37,36,34,54,40,10,42,44,14,10,95,93,94,58,65,63,68,76,57,56,74,,73,36,55,36,22,34,47,,49,42,69,55,74,84,94,94,58,66,123,92,118,106,135,136,,117,107,141,94,136,105,140,108,69,116,156,162,117,112,134,127,132,138,131,132,136,131,,156,62,63,49,82,86,24,18,32,5,39,50,76,78,91,93,6,51,87,40,68,32,65,73,61,15,14,24,21,40,30,59,69,34,46,54,33,33,72,42,90,76,86,43,52,90,82,,69,45,68,20,81,73,82,43,,53,11,53,58,34,25,29,27,53,43,42,42,57,49,74,62,65,74,38,42,43,42,,22,56,23,83,22,13,11,2,,51,77,37,107,86,64,82,80,86,75,84,14,14,13,16,41,39,47,74,69,60,34,63,59,69,74,59,74,62,6,46,56,56,10,24,12,4,66,10,6,18,38,58,66,89,71,,68,108,97,48,18,34,16,28,15,55,44,30,24,8,24,66,21,7,8,18,8,14,2,45,33,38,24,96,102,71,66,,81,88,56,53,87,83,46,95,44,55,63,92,74,93,106,92,79,79,145,2,108,104,132,139,120,103,144,105,128,143,134,101,77,97,116,119,93,111,60,57,54,80,92,,81,,85,74,,84,37,5,75,67,84,64,115,59,28,40,40,,88,41,66,36,55,37,61,,,90,58,42,66,76,75,72,74,77,80,75,12,14,64,23,,35,21,88,77,45,46,67,54,32,58,,71,68,32,37,,25,21,86,107,87,16,,20,80,68,70,67,51,92,83,90,70,67,59,75,39,49,72,55,89,81,38,109,108,69,108,74,64,,156,137,95,111,174,82,108,137,84,81,60,37,105,87,100,116,125,110,102,43,42,57,68,52,56,35,55,26,61,33,61,55,70,65,56,42,25,26,41,17,62,70,6,,,41,18,38,45,56,77,43,50,,44,30,22,47,64,70,91,98,63,103,,56,68,,58,63,85,99,107,62,6,44,29,60,21,15,10,17,,58,43,48,91,41,74,21,,22,92,108,37,71,59,84,78,45,47,100,12,16,45,47,42,20,26,17,42,17,19,19,11,23,,50,62,59,20,21,,35,34,28,18,34,66,87,78,90,44,23,22,22,16,28,14,22,24,18,33,48,50,46,52,60,64,64,62,65,39,40,33,27,18,9,,21,22,44,48,48,50,50,49,50,35,42,36,37,38,60,81,72,68,79,98,79,109,70,58,59,72,74,62,64,89,,74,73,86,80,92,94,90,78,82,86,15,43,,20,34,102,34,55,89,70,86,66,84,57,57,29,52,50,36,47,48,47,54,68,45,56,52,53,66,74,72,15,8,9,17,16,20,14,11,27,33,32,32,36,71,40,43,33,42,66,60,67,59,59,29,30,24,,26,52,47,48,46,55,,33,33,27,26,27,25,35,,22,31,49,49,27,12,56,63,72,41,42,44,53,42,42,34,38,34,,32,40,27,51,109,16,81,96,80,71,80,82,16,54,26,44,58,55,54,53,41,44,50,48,42,36,42,42,68,54,62,,54,31,32,61,68,59,6,180,6,76,91,22,9,4,52,55,69,55,66,31,48,41,16,56,69,56,70,55,72,92,23,87,117,3,88,82,83,64,12,26,74,102,116,117,51,,54,,70,95,101,91,59,,24,61,21,1,66,71,76,71,68,52,71,11,51,76,55,14,33,57,25,62,36,99,102,65,89,81,88,,26,14,46,62,59,34,14,7,13,24,36,26,57,36,,43,97,76,72,53,31,17,27,94,88,56,82,14,18,83,80,46,,64,25,18,35,,79,70,60,48,99,83,82,90,10,47,13,20,10,29,62,31,23,14,18,116,126,53,51,90,18,22,47,16,41,106,75,29,8,4,69,53,61,74,,43,100,101,61,83,31,34,30,72,6
20160416,6,O3_8h_24h,105,83,,115,109,91,80,76,59,55,95,108,,102,118,37,116,121,127,,117,103,153,91,68,154,,122,86,139,115,103,71,159,132,120,113,113,117,128,166,132,159,164,172,181,139,174,175,143,126,129,116,131,85,111,115,101,114,81,155,142,174,150,164,77,103,116,131,148,205,196,185,189,180,172,127,150,120,80,,78,95,93,73,98,101,128,88,89,102,61,83,82,76,82,88,139,133,,160,65,137,129,123,,156,139,123,131,140,151,148,141,145,130,108,118,107,95,121,101,112,129,116,108,112,69,101,110,,58,39,59,75,64,75,52,87,118,120,116,140,118,126,138,145,131,152,131,187,158,196,161,143,165,145,125,100,123,110,127,126,131,124,135,135,114,34,117,175,171,134,166,182,171,177,,113,171,145,91,112,120,131,125,153,119,170,103,156,158,91,135,130,148,111,125,113,,103,113,60,89,95,112,115,192,104,129,139,118,141,136,135,139,108,70,133,93,119,104,117,143,123,122,114,,147,126,100,106,115,118,119,,134,121,95,63,63,39,66,109,116,74,,151,,129,136,,124,112,111,107,,,78,89,85,86,116,91,105,113,85,113,108,99,153,123,113,111,99,150,126,121,64,107,143,118,127,,91,132,64,101,84,117,75,63,75,75,115,167,184,186,156,184,,174,197,128,137,114,105,126,145,94,113,137,213,131,214,178,185,131,152,146,225,82,101,97,84,99,115,88,99,100,64,49,84,77,68,67,60,56,64,70,75,13,11,,8,9,15,8,16,41,5,30,82,92,79,77,74,78,68,78,117,111,68,81,47,50,53,10,14,7,23,15,39,8,7,50,39,44,45,32,28,27,27,42,43,44,42,38,89,68,75,88,108,34,42,30,,90,101,53,82,102,103,115,95,102,143,66,88,84,67,58,56,70,65,58,80,70,46,53,59,74,63,67,67,51,87,63,72,70,59,67,,61,66,132,122,144,123,146,131,120,132,107,111,111,126,123,121,120,94,141,162,,161,151,153,70,115,128,74,94,63,87,70,55,63,,93,102,89,76,131,92,89,86,63,78,116,174,93,80,117,83,79,,15,39,74,43,95,38,66,46,56,75,80,63,67,64,57,69,173,58,55,44,106,90,108,89,101,121,89,95,82,105,105,157,142,151,136,126,156,127,129,157,189,202,136,122,75,140,103,104,83,72,182,179,180,118,129,162,157,,195,208,138,,204,128,75,125,91,211,164,,113,,129,184,148,150,186,133,127,151,114,147,114,156,,182,,162,174,141,172,206,187,210,112,150,,96,150,141,196,190,195,,59,54,16,77,42,95,118,120,124,122,103,79,56,70,94,93,42,73,79,69,81,59,54,55,117,111,118,53,46,51,67,48,66,20,15,11,107,68,98,79,84,83,111,50,11,72,117,58,81,138,151,162,108,88,83,92,125,76,137,175,,156,119,92,84,72,76,99,,85,85,96,114,109,125,125,119,79,104,139,102,129,115,151,156,,140,129,153,106,155,137,161,136,104,121,166,176,139,127,171,150,153,138,131,132,136,131,,156,91,66,92,122,120,83,80,73,64,114,92,104,113,104,114,68,102,87,79,149,80,145,161,125,64,42,69,51,69,61,90,82,87,99,114,84,113,134,87,179,177,157,79,171,171,161,,149,149,226,118,200,145,151,77,,108,125,118,119,53,51,62,47,54,65,60,51,83,79,116,112,114,124,96,76,57,72,,31,70,46,113,45,67,68,54,,122,179,106,138,106,90,108,109,117,77,88,85,64,70,69,44,48,47,81,71,79,60,105,122,134,98,74,79,64,29,46,91,64,45,83,55,36,66,34,35,46,68,74,66,89,71,,68,136,126,91,51,61,60,105,112,84,97,90,80,90,90,96,63,51,54,84,71,69,54,54,51,53,156,110,116,85,90,,109,121,108,111,134,105,63,127,59,77,77,108,149,200,204,214,92,79,145,147,110,113,136,139,168,161,179,138,160,178,190,138,80,99,119,122,93,112,111,127,130,117,120,,110,,99,84,,111,78,13,133,114,124,150,224,117,79,132,112,,138,71,122,66,83,53,82,,,109,72,68,139,136,158,155,155,161,167,167,63,76,99,62,,86,56,157,179,123,120,119,110,123,132,,134,136,74,68,,72,50,114,141,123,84,,46,118,113,97,104,95,136,86,90,118,116,99,97,53,83,96,104,132,119,41,123,114,83,120,84,71,,174,153,118,122,208,110,120,167,119,105,79,52,118,95,109,117,139,111,102,91,44,79,88,96,111,87,89,94,77,37,91,93,94,95,82,108,77,60,82,110,80,91,81,,,105,89,112,58,117,141,78,91,,87,64,84,78,292,73,98,178,172,187,,135,126,,151,142,119,183,182,82,63,90,65,108,110,27,37,17,,80,76,89,145,94,147,81,,71,142,184,74,86,96,158,80,139,112,181,88,41,74,63,59,93,91,127,126,61,80,81,78,77,,114,131,112,30,45,,51,74,112,78,106,82,112,104,115,47,71,57,75,41,92,39,52,69,59,66,79,85,84,81,60,64,64,62,66,119,46,47,36,46,26,,49,51,56,56,57,60,58,82,104,83,90,148,146,146,170,162,190,150,128,170,129,182,204,155,160,150,169,147,161,138,,130,134,155,155,158,163,169,139,159,167,83,103,,38,90,145,60,94,129,105,116,102,120,118,111,95,76,75,65,77,122,114,104,130,88,100,90,94,98,122,119,42,39,53,50,42,57,47,25,64,61,66,54,56,96,72,83,65,78,67,89,101,78,120,55,55,39,,56,77,74,58,54,65,,89,91,87,82,27,42,79,,64,108,128,85,42,38,104,109,101,93,104,99,117,99,93,88,118,130,,54,80,82,143,121,165,133,130,99,88,102,124,34,72,41,77,86,81,83,88,61,58,65,66,71,79,65,71,82,59,68,,60,44,38,61,73,59,26,180,16,77,107,60,37,42,69,77,77,70,82,63,119,105,25,67,144,140,128,136,130,109,44,98,158,14,140,128,125,107,30,77,85,116,141,143,68,,67,,116,128,142,92,80,5,74,161,42,56,96,115,142,159,153,160,147,89,165,95,86,119,148,98,55,96,67,142,153,98,122,115,125,,85,25,61,126,113,67,74,70,69,103,108,50,104,52,,84,97,108,116,75,95,84,80,103,97,71,112,89,88,101,106,72,,88,95,85,86,,102,96,135,99,138,109,138,109,44,75,95,78,76,51,103,64,56,45,98,149,167,56,55,123,40,44,109,101,126,187,122,140,76,153,102,65,84,109,,105,102,104,129,127,78,78,69,151,6
20160416,6,CO,0.4,0.3,,0.5,0.4,0.4,0.4,0.3,0.3,0.4,0.3,0.4,,0.105,0.292,0.729,0.673,0.287,0.651,,0.73,0.813,0.196,0.43,0.319,0.463,,0.27,0.316,0.22,0.372,0.581,0.13,0.318,1.207,0.644,1.809,2.395,1.464,2.134,0.659,0.619,0.519,0.677,0.702,0.876,0.619,0.863,0.654,0.4,0.412,0.388,0.398,0.19,0.767,0.036,0.269,0.234,0.383,0.578,0.485,0.574,0.403,0.532,0.439,0.184,0.074,0.36,0.365,0.647,0.46,0.375,0.291,0.256,0.355,0.637,0.519,0.674,0.807,0.451,,0.332,0.571,1.145,0.413,1.058,0.834,1.176,0.589,0.285,0.764,0.85,0.232,0.261,0.467,1.258,1.281,1.112,1.36,,1.884,0.849,1.351,1.052,1.098,,0.922,0.624,1.147,0.729,0.766,0.893,0.582,0.792,0.69,1.004,0.339,1.064,0.934,1.211,0.7,0.868,0.556,0.711,0.637,0.69,0.929,0.419,2.115,0.792,,1.308,1.231,0.778,1.793,1.377,0.991,0.743,0.545,0.26,0.373,0.572,0.289,0.744,0.279,0.278,0.519,0.536,1.348,0.644,0.396,0.328,0.892,0.964,0.665,0.291,0.608,0.415,0.675,0.522,0.745,0.486,0.531,0.757,0.797,0.531,0.587,0.514,0.644,0.283,0.666,0.713,0.82,0.781,0.871,1.278,1.299,,1.292,1.055,1.237,1.707,0.448,0.656,0.997,0.915,1.241,1.317,0.651,1.627,0.776,0.432,2.173,0.544,0.527,0.736,1.421,0.573,0.502,,0.613,0.464,0.617,1.503,1.059,0.848,0.472,1.314,1.774,0.64,1.804,1.134,0.556,0.62,0.777,0.726,1.672,1.252,1.843,1.798,0.55,0.693,0.307,0.397,0.421,0.661,0.74,,0.711,0.548,1.046,0.467,0.42,0.518,0.506,,0.421,0.526,0.624,0.867,0.817,1.034,0.747,0.457,0.244,,,0.68,,1.234,0.548,,1.201,0.586,1.249,0.346,,,0.746,0.93,1.265,1.01,0.737,0.895,0.606,0.185,0.594,0.816,0.994,0.831,0.659,0.954,1.025,1.735,1.048,1.174,1.739,0.515,0.457,0.894,0.801,0.87,1.009,,0.827,0.743,0.909,0.89,0.976,,0.887,0.854,0.842,1.16,1.296,0.827,0.879,0.609,0.879,0.883,,0.719,0.794,0.672,0.656,0.693,0.539,0.431,0.421,0.24,0.878,0.488,1.423,1.106,1.589,0.706,1.041,1.325,1.191,0.84,0.974,0.667,0.821,1.138,0.751,1.027,1.117,1.02,0.966,0.522,0.804,0.643,1.297,0.863,0.96,0.874,0.8,0.898,0.637,1.068,0.973,0.746,1.108,,0.526,0.733,0.825,1.034,0.591,0.682,0.576,0.818,0.338,0.894,0.593,0.924,0.53,0.676,0.552,0.616,0.656,0.852,0.76,0.599,0.645,0.565,0.543,0.405,0.83,0.857,0.5,0.654,0.358,0.525,0.701,0.538,0.426,0.666,0.537,0.549,0.623,0.548,0.418,0.688,0.505,0.762,0.572,0.594,0.64,0.598,0.676,0.585,0.304,0.735,0.576,0.358,,1.144,0.975,1.068,1.149,1.218,1.043,0.861,0.987,0.385,0.621,0.541,0.35,0.576,0.171,0.207,0.154,,0.431,0.447,,0.534,0.648,0.404,0.432,0.057,0.158,,0.242,0.697,0.343,0.704,0.872,0.393,0.612,0.887,,0.573,0.584,0.072,0.449,0.203,0.536,0.354,0.323,0.465,0.272,0.297,1.107,0.474,0.298,0.682,1.561,0.426,0.978,0.245,0.32,,0.171,0.527,0.538,1.547,0.697,1.453,0.745,1.26,0.92,2.472,0.864,0.724,0.455,,1.544,,0.674,0.503,0.757,0.63,0.529,0.338,0.423,0.806,1.891,0.736,0.888,0.613,1.276,0.888,1.437,,0.703,0.866,0.653,0.884,0.329,0.376,0.7,0.595,0.906,1.169,0.674,0.908,0.802,0.726,0.924,,0.279,0.544,0.848,0.983,0.658,0.55,0.496,0.587,0.675,0.767,0.52,0.42,0.129,0.379,0.425,1.416,0.975,0.634,0.594,1.63,0.822,0.318,2.013,0.976,0.645,0.429,0.916,1.432,1.035,0.873,1.155,0.902,0.85,0.662,1.293,0.813,0.78,0.895,0.74,0.604,0.619,,1.385,1.918,1.83,,1.35,1.304,1.127,1.01,1.091,1.152,1.691,,1.17,,0.87,0.763,0.818,0.874,0.61,0.509,0.221,0.582,0.515,0.428,0.598,0.539,,0.702,,0.392,1.362,1.443,1.143,0.708,1.88,0.671,0.412,0.314,,0.415,0.832,0.539,0.987,0.749,0.752,,0.858,0.819,0.122,1.142,0.484,0.707,0.812,0.625,0.613,0.63,0.822,0.639,0.801,1.13,0.588,1.35,1.613,0.508,0.438,0.613,0.477,1.28,0.806,1.288,0.916,0.612,0.62,0.755,0.572,0.733,0.549,0.584,0.655,0.572,0.679,0.598,0.826,0.82,0.545,0.523,0.788,0.664,0.612,0.703,1.044,0.472,1.311,3.919,3.283,1.54,1.433,1.434,1.018,1.783,0.307,0.704,0.395,0.38,0.924,2.806,,1.537,0.728,1.24,1.744,2.474,3.311,2.088,,1.849,0.595,0.697,0.738,0.354,0.261,0.577,0.711,1.91,0.616,0.939,0.655,0.771,0.972,0.846,0.61,,0.852,2.203,0.656,1.963,0.821,1.295,1.351,1.502,3.354,0.889,1.057,0.515,1.05,0.752,1.026,1.1,1.126,0.664,0.563,0.579,0.766,0.581,,0.517,0.827,1.022,0.211,0.609,0.452,1.217,0.432,0.856,0.524,0.491,0.787,0.46,0.574,0.595,0.706,0.619,0.541,1.55,0.545,0.575,0.54,0.673,0.511,1.066,0.87,0.657,0.891,0.689,0.481,0.815,2.107,0.856,1.161,2.483,2.476,0.641,1.45,2.199,2.185,0.465,0.575,1.246,0.948,1.294,1.567,2.167,,1.515,1.739,1.528,1.201,1.903,0.606,0.561,0.644,,1.078,1.738,1.058,0.758,0.561,0.314,0.401,0.75,0.492,0.698,0.718,0.813,0.931,0.526,0.785,0.823,0.632,0.547,1.288,0.81,1.809,0.732,,0.605,1.904,1.781,1.066,1.479,1.099,0.926,1.559,,1.197,0.83,0.756,0.996,0.991,1.22,1.088,1.356,0.943,0.673,0.548,0.608,0.803,0.851,0.69,0.469,0.425,0.396,0.528,0.273,0.51,2.141,1.431,1.922,2.706,,0.29,0.132,,0.444,0.251,0.407,0.239,1.01,0.925,0.635,0.779,0.321,0.319,0.777,0.366,1.008,0.419,0.376,0.599,0.405,,0.258,0.864,1.057,0.421,0.971,0.834,1.229,0.397,0.564,0.444,0.542,1.482,1.452,0.695,1.172,0.409,0.383,0.7,0.562,0.489,1.171,0.848,0.493,0.635,0.608,0.554,0.583,0.485,0.161,1.122,1.232,,0.642,0.599,0.53,0.349,0.805,0.756,0.943,0.35,0.353,1.238,0.458,0.606,0.678,0.546,1.547,1.51,0.441,0.312,0.405,0.029,0.515,0.299,0.429,0.305,0.8,0.107,1.502,2.671,1.164,0.361,1.129,0.839,0.574,0.441,0.806,0.762,1.242,0.777,0.396,0.874,0.642,0.628,0.572,,0.472,0.392,0.492,,,0.682,0.562,0.959,0.779,0.416,0.581,1.087,1.92,0.727,0.976,0.339,0.543,0.457,0.337,0.718,0.505,0.617,0.923,0.533,0.87,,,0.087,0.432,0.591,0.635,0.538,0.348,0.586,1.232,0.966,0.897,1.013,0.673,0.959,0.823,0.405,,0.992,0.689,0.929,0.186,0.807,0.839,0.62,0.324,0.441,0.909,,0.615,0.448,2.067,1.651,,1.796,1.867,0.748,0.373,0.519,1.502,,1.229,0.214,0.202,0.402,0.462,0.934,0.84,0.33,0.31,0.407,0.659,0.475,0.465,0.131,0.562,0.555,0.8,0.507,0.639,0.327,0.637,0.194,4.457,2.102,3.004,1.732,,1.172,0.968,1.354,0.592,0.851,0.798,1.889,0.87,1.668,0.064,1.988,2.726,1.247,1.055,1.825,1.075,1.182,0.776,0.696,1.282,1.392,1.088,0.92,0.43,0.785,1.416,1.001,1.004,0.671,1.156,1.039,0.192,1.175,2.057,,0.639,0.599,1.455,0.911,0.973,0.547,0.535,0.292,,,0.65,1.273,1.106,0.798,0.496,0.881,0.174,0.237,0.297,0.288,0.495,,0.555,0.647,0.595,0.837,0.509,0.581,0.882,,0.664,0.416,,1.062,0.533,0.855,1.186,1.259,0.95,1.731,1.533,2.289,0.778,0.614,0.416,0.678,0.492,,0.278,0.569,0.415,0.548,0.637,0.642,1.33,,0.589,0.726,0.6,0.345,0.474,0.357,1.214,0.661,0.62,0.447,0.948,1.455,0.698,0.349,0.71,0.254,1.169,0.229,1.088,0.727,1.044,2.093,1.441,2.091,0.887,0.205,0.945,1.209,0.853,0.784,1.015,,0.693,0.629,1.028,0.686,0.672,0.643,0.781,0.589,0.556,0.95,1.788,1.132,1.416,1.383,0.816,0.52,2.183,3.042,2.011,0.643,0.852,0.982,1.074,0.669,1.317,0.926,1.376,0.701,1.062,0.062,0.743,0.834,0.582,0.778,0.649,0.716,1.081,0.8,1.248,0.925,1.318,1.66,2.254,1.072,0.463,0.354,0.337,1.026,0.726,0.673,0.705,0.403,0.834,1,1.081,0.982,0.649,0.685,1.992,1.618,1.884,0.802,0.603,1.271,0.88,0.598,,0.559,0.735,0.586,0.869,0.613,0.476,0.606,0.515,0.436,0.568,1.788,1.337,,1.299,1.751,0.627,1.089,0.98,0.958,0.534,0.588,0.742,0.536,1.129,1.144,1.25,0.599,0.362,0.567,0.43,1.03,1.056,1.821,0.759,0.572,0.654,0.867,0.787,0.55,0.662,0.633,0.455,0.562,1.054,1.265,1.177,1.121,1.135,1.244,0.724,0.927,0.909,0.642,0.788,0.126,0.332,0.111,0.467,0.248,0.735,1.1,0.808,1.174,0.939,0.422,0.543,0.927,,0.864,1.588,0.561,1.014,1.458,1.852,,2.272,2.922,1.029,1.966,0.108,0.002,0.535,,0.739,0.934,0.495,1.011,0.897,0.611,1.448,1.313,0.881,1.431,0.852,1.448,1.353,0.819,0.782,0.652,0.553,1.277,,0.638,1.015,1.165,1.224,0.984,1.079,1.233,1.12,0.73,0.294,0.511,0.668,1.456,0.689,0.811,0.747,0.392,0.211,0.431,0.389,0.48,0.496,0.537,0.658,0.298,0.42,0.339,0.272,0.24,0.4,0.711,,0.355,0.309,0.46,0.247,0.652,0.208,,2.003,0.821,0.172,,0.635,0.494,0.692,0.504,0.195,0.364,0.29,0.352,0.214,0.643,0.038,0.742,0.357,1.461,0.489,0.305,0.683,0.686,0.327,0.439,0.555,0.463,0.262,0.501,0.491,0.326,0.341,0.123,0.786,0.253,0.454,0.476,0.437,0.386,,,,0.564,0.279,0.262,1.271,0.127,0.255,0.504,0.287,0.368,0.984,0.693,0.598,0.808,0.803,0.602,0.339,0.822,1.59,1.406,0.523,0.529,1.406,0.729,0.127,0.015,0.608,,1.719,1.297,0.843,0.717,0.344,0.38,,2.143,0.427,0.347,0.226,0.405,1.573,1.021,0.896,0.808,1.131,0.381,0.914,1.007,0.295,,1.331,0.855,0.777,0.198,0.372,0.366,0.75,0.502,0.901,1.204,0.709,0.374,0.653,1.277,0.496,0.385,0.258,,0.389,0.793,0.558,0.929,,0.9,1.206,0.871,0.725,0.53,0.289,0.339,0.515,1.077,0.293,0.692,0.588,1.422,0.357,0.571,0.283,0.152,1.018,0.286,1.155,0.519,0.274,0.257,0.484,0.595,1.805,1.046,0.155,0.266,0.254,1.608,1.791,2.276,0.916,0.17,0.635,0.928,0.512,,0.475,0.804,0.193,0.647,1.027,1.165,1.547,0.707,0.628,0.675
20160416,6,CO_24h,0.876,0.67,,0.98,0.93,0.915,0.795,0.895,0.75,0.805,0.895,0.755,,1.25,1.559,2.009,2.007,1.64,1.878,,2.071,1.519,1.233,1.658,1.083,1.493,,0.957,1.208,0.802,1.041,1.101,0.66,0.811,2.699,2.848,3.056,3.581,3.505,3.013,0.724,0.881,0.925,0.928,0.989,1.148,0.841,1.064,1.016,0.885,0.843,0.865,0.855,0.679,1.244,0.374,0.592,0.554,0.728,0.846,0.587,0.714,0.509,0.897,0.619,1.345,1.321,1.481,1.415,1.491,1.264,1.134,0.831,0.731,0.814,0.904,0.78,0.956,1.131,0.601,,0.465,0.532,1.223,0.632,1.191,0.935,1.404,0.559,0.502,0.763,0.386,0.315,0.354,0.588,1.318,0.892,0.642,0.887,,1.193,0.715,0.906,0.813,0.766,,0.818,0.663,1.252,0.831,0.802,0.943,0.669,0.882,0.699,1.039,0.378,0.853,0.703,0.864,0.696,0.783,0.614,0.85,0.628,0.712,0.793,1.288,2.001,0.683,,1.156,1.042,0.706,2.142,1.375,1.469,0.864,0.62,0.407,0.441,0.572,0.418,0.743,0.348,0.413,0.605,0.626,1.417,0.602,0.345,0.539,0.82,0.946,0.665,0.334,0.658,0.418,0.631,0.709,0.568,0.513,0.559,0.824,0.828,0.595,0.654,0.605,0.723,0.43,0.891,0.922,0.994,1.026,0.896,1.298,1.228,,1.271,1.011,1.211,1.293,0.614,0.844,0.957,0.959,0.988,1.658,0.693,1.706,0.821,0.502,2.245,0.851,0.67,1.097,0.679,0.755,0.708,,0.6,0.571,0.744,1.025,1.099,1.297,0.717,1.27,1.828,0.662,1.754,1.108,0.617,0.689,0.843,0.838,1.594,1.21,1.816,1.561,0.51,0.515,0.296,0.443,0.38,0.618,0.658,,0.686,0.619,1.011,0.499,0.503,0.626,0.555,,0.442,0.56,0.731,0.847,0.948,0.95,0.779,0.37,0.288,0.25,,0.669,,1.3,0.605,,0.779,0.648,1.029,0.424,,,0.65,0.611,1.196,0.646,0.447,0.656,0.32,0.191,0.476,0.756,0.76,0.637,0.52,0.812,0.789,1.314,0.763,0.945,1.576,0.627,0.342,0.835,0.811,0.819,0.887,,0.876,0.741,0.833,0.639,0.776,0.404,0.775,0.897,0.811,1.113,0.715,0.706,0.938,0.571,0.941,0.85,,0.736,0.658,0.737,0.724,0.753,0.651,0.548,0.509,0.38,0.979,0.797,1.557,1.298,1.758,0.934,1.142,1.46,1.263,0.989,1.194,0.708,0.74,0.904,0.74,0.955,1.008,0.909,0.783,0.836,0.884,0.599,1.403,0.786,0.938,0.854,0.805,0.855,0.663,1.005,0.944,0.943,1.312,,0.748,0.893,0.966,1.273,0.873,0.771,1.253,0.978,0.428,0.789,0.792,1.029,0.461,0.721,0.735,0.705,0.708,0.86,0.787,0.639,0.827,0.652,0.629,0.433,0.759,0.944,0.578,0.783,0.46,0.75,0.876,0.843,0.525,0.699,0.942,0.6,0.759,0.636,0.612,0.753,0.655,0.852,0.665,0.74,0.742,0.668,0.706,0.707,0.372,1.009,0.924,0.807,,1.058,0.916,1.088,1.066,1.06,0.996,0.811,0.916,0.356,0.607,0.522,0.507,0.604,0.338,0.568,0.347,1.326,0.697,0.727,0.332,0.798,0.999,0.663,0.69,0.278,0.437,0.351,0.246,1.051,0.635,0.766,0.953,0.603,0.715,0.981,,0.687,0.56,1.665,0.845,0.478,0.428,0.531,0.642,0.912,0.585,0.638,1.257,0.485,0.134,0.771,1.713,0.522,1.129,0.343,0.858,,0.176,0.422,0.526,1.564,0.948,1.506,0.854,1.216,1.055,2.507,1.011,0.886,0.668,,1.616,,0.679,0.257,0.754,0.744,0.616,0.486,0.516,0.962,1.008,0.68,0.625,0.587,0.766,0.619,0.843,,0.726,0.702,0.606,0.742,0.448,0.334,0.808,0.737,0.963,1,0.881,0.899,0.806,0.754,0.851,0.749,0.469,0.491,1.031,1.086,0.712,0.64,0.453,0.635,0.739,1.198,0.628,0.498,0.241,0.378,0.609,1.481,0.775,0.883,0.566,1.592,0.939,0.5,2.087,0.903,0.691,0.404,0.831,1.238,0.9,0.858,0.929,0.704,0.642,0.766,1.479,1.142,1.079,1.273,1.001,0.887,1.195,,1.168,1.695,1.548,,1.284,1.338,1.071,1.089,0.869,1.021,1.363,,1.265,,0.83,0.566,0.631,0.856,0.738,0.547,0.437,0.61,0.584,0.494,0.655,0.686,,0.83,,0.649,1.025,1.141,0.837,0.85,1.881,0.609,0.563,0.443,,0.421,0.825,0.596,0.988,0.904,0.868,,1.228,1.299,0.742,1.158,1.161,1.153,1.112,0.751,0.83,0.804,1.089,0.627,0.756,1.162,0.581,1.332,1.632,0.545,0.607,0.765,0.517,1.104,1.017,1.32,1.048,0.719,0.705,0.937,0.888,0.851,0.589,0.853,0.995,0.862,1.008,0.756,1.273,1.295,0.957,1.03,1.071,1.095,1.049,1.015,1.487,0.581,0.949,3.026,2.507,1.164,1.415,1.448,1.322,1.707,0.634,0.849,0.602,0.709,1.15,3.026,,1.859,1.044,1.299,1.927,1.948,3.226,1.956,,2.452,1.011,1.196,1.081,0.832,0.936,0.574,0.76,2.009,0.752,0.94,0.66,0.8,1.281,0.891,0.614,,0.835,2.018,0.613,1.845,0.687,1.214,1.273,1.824,3.03,0.907,1.064,0.519,0.853,0.703,0.921,1.09,1.152,0.635,0.532,0.602,0.632,0.567,,0.459,0.97,1.227,0.321,0.662,0.698,1.297,0.506,0.745,0.776,0.487,0.935,0.696,0.669,0.804,0.858,0.508,0.532,1.465,0.484,0.543,0.548,0.659,0.473,1.115,0.819,0.654,0.826,0.852,0.597,0.771,1.753,0.665,1.628,2.77,2.876,1.549,1.937,3.036,2.715,0.718,0.673,1.413,1.189,1.358,1.713,2.137,,1.615,1.927,1.74,0.868,2.081,0.943,0.862,1.013,,1.403,1.683,1.37,1.076,0.929,0.746,0.829,1.095,0.896,1.036,1.02,1.114,1.221,0.795,1.033,1.059,0.966,0.684,1.369,0.891,1.662,0.585,,0.517,1.853,1.394,1.097,1.504,1.43,1.089,1.765,,1.31,0.851,0.976,1.06,1.206,1.376,1.311,1.481,1.062,0.749,0.555,0.574,0.907,0.597,0.549,0.68,0.525,0.469,0.754,0.483,0.612,2.56,1.03,1.274,1.864,0.102,0.457,0.339,0.206,0.534,0.417,0.5,0.394,0.988,1.063,0.737,0.877,0.529,0.467,0.902,0.407,0.897,0.764,1.075,0.953,0.8,,0.698,0.664,0.81,0.568,0.815,0.88,1.151,0.544,0.613,0.718,0.736,1.542,1.529,0.778,1.297,0.478,0.462,0.744,0.645,0.555,0.523,0.952,0.654,0.838,0.839,0.827,0.729,0.38,0.306,1.105,1.236,,0.503,0.343,0.512,0.396,0.828,0.749,1.011,0.368,0.428,0.717,0.556,0.609,0.784,0.72,1.009,1.073,0.974,0.458,0.497,0.273,0.654,0.441,0.459,0.392,0.706,0.208,1.547,2.679,1.201,0.433,1.299,0.773,0.646,0.506,0.828,0.8,1.305,0.803,0.435,0.935,0.686,0.718,0.631,,0.406,0.58,0.769,0.846,,0.731,0.632,0.967,0.759,0.575,0.832,1.085,1.878,0.496,0.781,0.407,0.468,0.598,0.44,0.578,0.547,0.568,0.676,0.552,0.839,,,0.037,0.509,0.588,0.628,0.538,0.373,0.628,1.15,0.892,0.774,0.917,0.696,0.966,0.735,1.882,,1.752,1.874,1.267,0.697,0.938,1.276,0.861,0.574,0.981,0.983,,0.881,0.658,2.281,1.924,,2.032,2.104,1.175,0.662,0.786,1.519,,1.51,0.313,0.329,0.264,0.806,1.039,0.853,0.326,0.276,0.423,0.561,0.458,0.562,0.333,0.762,0.793,0.928,0.38,0.509,0.307,0.63,0.206,3.946,1.796,2.527,1.38,,1.199,0.97,1.337,0.619,0.751,0.629,1.65,0.673,2.097,0.477,2.454,3.078,1.054,0.816,1.662,0.975,0.993,0.871,1.185,1.182,1.368,0.921,0.855,0.625,0.894,1.441,1.005,0.992,0.737,1.686,1.194,0.46,1.41,1.787,,0.636,0.834,1.154,1.109,0.881,0.688,0.425,0.318,,,0.831,1.209,1.203,1.302,0.799,0.961,0.242,0.275,0.329,0.477,0.517,,0.577,0.59,0.678,0.68,0.445,0.563,0.769,,0.658,0.483,,0.96,0.557,0.863,1.353,1.285,0.631,1.877,1.231,2.324,0.371,0.698,0.452,0.661,0.377,,0.231,0.563,0.53,0.717,0.693,0.705,0.748,,0.552,0.626,0.69,0.433,0.547,0.364,0.96,0.7,0.73,0.454,0.817,1.365,0.489,0.291,0.767,0.209,0.98,0.143,0.944,0.346,1.026,1.18,0.875,1.088,0.721,0.223,1.067,1.331,0.926,1.161,1.477,,0.91,0.657,1.082,0.737,0.669,0.607,0.536,0.655,0.459,1.022,1.691,0.943,1.655,1.421,0.686,0.602,0.68,1.262,0.548,0.589,0.741,0.704,0.867,0.678,1.452,1.15,1.578,0.963,1.253,0.062,1.249,1.005,0.772,0.816,0.767,0.746,1.246,0.849,1.336,1.142,1.465,1.671,2.289,1.003,0.538,0.447,0.422,1.336,1.171,1.304,0.88,0.874,0.865,1.13,1.307,1.195,0.863,0.836,1.667,1.677,1.879,0.962,0.811,1.481,0.931,0.774,,0.716,0.922,0.677,0.81,0.59,0.41,0.722,0.907,0.639,0.943,1.445,1.003,,0.924,1.348,0.786,1.365,1.189,1.223,0.681,0.902,0.964,0.74,0.987,1.112,1.83,0.971,0.694,0.874,0.734,1.296,1.357,1.766,0.914,0.512,0.595,0.772,0.672,0.825,0.862,0.808,0.71,0.944,1.049,1.169,1.178,1.019,1.229,1.42,0.774,1.068,1.006,0.906,1.069,0.125,0.576,0.19,0.791,0.493,1.008,1.207,1.084,1.319,1.108,0.63,0.804,1.123,,1.256,1.524,0.796,1.094,1.301,1.823,,0.715,1.536,1.287,1.664,0.182,0.373,0.723,,0.749,0.902,0.566,1.077,0.937,0.512,1.432,1.039,0.873,1.251,1.111,1.317,1.774,0.944,1.057,0.908,0.644,1.025,,0.791,1.112,1.267,1.224,1.154,0.969,1.224,1.115,0.314,0.127,0.866,0.672,1.461,0.763,0.998,0.642,0.397,0.25,0.516,0.444,0.573,0.642,0.651,0.74,0.387,0.416,0.487,0.445,0.427,0.632,0.86,,0.576,0.48,0.698,0.664,0.754,0.588,,2.105,1.094,0.3,0.141,0.857,0.854,0.927,0.46,0.267,0.467,0.384,0.397,0.337,1.286,0.072,1.248,0.523,1.396,0.412,0.391,0.568,0.809,0.387,0.584,0.775,0.707,0.445,0.793,0.622,0.465,0.591,0.166,0.865,0.578,0.614,0.658,0.544,0.736,,0.839,,0.62,0.39,0.375,1.094,0.177,0.33,0.645,0.379,0.417,0.91,0.624,0.735,0.82,0.414,0.658,0.31,0.841,1.529,1.121,0.554,0.631,1.334,0.905,0.125,0.086,0.783,,1.768,1.398,0.856,0.728,0.245,0.333,,1.95,0.505,0.388,0.266,0.468,1.605,1.06,0.868,0.744,1.253,0.454,1.151,1.181,0.367,,1.353,1.123,0.984,0.42,0.41,0.511,0.727,0.431,0.862,0.949,0.549,0.413,0.713,1.136,0.451,0.335,0.316,,0.43,0.766,0.389,1.4,,0.953,1.121,0.726,0.899,0.59,0.342,0.362,1.028,1.127,0.454,0.401,0.289,1.38,0.336,0.714,0.461,0.149,0.642,0.185,1.117,0.63,0.401,0.352,0.574,0.693,1.315,0.975,0.348,0.57,0.742,1.5,2.261,2.744,1.089,0.652,1.743,1.042,0.709,,0.522,0.815,0.232,0.702,1.086,0.537,1.449,0.834,0.831,0.977
20160416,7,AQI,,,,,,,,,,,,,,,,,,,,,,,,,,,,,,,,,,,,,,,,,,,,,,,,,,,,,,,,,,,,,,,,,,,,,,,,,,,,,,,,,,,,,,,,,,,,,,,,,,,,,,,,,,,,,,,,,,,,,,,,,,,,,,,,,,,,,,,,,,,,,,,,,,,,,,,,,,,,,,,,,,,,,,,,,,,,,,,,,,,,,,,,,,,,,,,,,,,,,,,,,,,,,,,,,,,,,,,,,,,,,,,,,,,,,,,,,,,,,,,,,,,,,,24,,,,,,,,,,,,,,,,,,,,,,,,,,,,,,,,,,,,,,,,,,,27,,,,,,,,,,,,,,,,,,,,,,,,,,,,,,,,,,,,,,,,,,,,,,,,,,,,,,,,,,,,,,,,,,,,,,,,,,,,,,,,,,,,,,,,,,,,,,,,,,,,,,,,,,,,,,,,,,,,,,,,,,,,,,,,,,,,,,,,,,,,,,,,,,,,,,,,,,,,,,,,,,,,,,,,,,,,,,,,,,,,,,,,,,,,,,,,,,,,,,,,,,,,,,,,,,,,,,,,,,,,,,,,,,112,,109,,,,,,,,,,,,,,,,,96,,,,,,,,,,,,,,,,,,,,,,,,,,,,,,,,,,,,,,,,,,,,,,,,,,,,,,,,,,,,,,,,,,,,,,,,,,,,,,,,,,,,,,,,,,,,,,,,,,,,,,,,,,,,,226,165,183,,146,150,,,,,,,,,,,,,,,,,,,,,,,,,,,,,,,,,,,,,,,,,,,,,,,,,,,,,,,,,,,,,,,,,,,,,,,,,,,,,,,,,,,,,,,,,,,,,,,,,,,,,,,,,,,,,,,,,,,,,,,,,,,,,,,,,,,,,,,,,,,,,,,,,,,,,,,,,,,,,,,,,,,,97,,,,,,49,25,27,25,,,,,,,,,,,,,,,,,,,,,,,,,,,,,,,,,,,,,,,,,,,,,,,,,,,,,,,,,,,,,,,,,,,,,,,,,,,,,,,,,,,,,,,,,,,,,,,,,,,,,,,,,,,,,,,,,,,,,,,,,,,,,,,,,,,,,,,,,,32,69,85,54,62,31,,21,26,38,42,,32,28,30,34,27,23,,32,88,69,110,89,114,108,,,103,108,100,48,53,82,89,78,,,,,,,,,,,,,,,,,,,,,,,73,91,82,60,68,31,43,68,52,,,,,,,,60,57,45,53,28,26,60,53,105,93,134,50,,,,,,49,53,56,110,,,33,33,19,43,52,,22,84,39,50,53,69,59,,18,30,,53,32,,,,69,97,64,64,96,43,,,,,,,,,56,68,92,,62,132,69,73,63,52,25,48,,,,,,,,,120,70,77,117,89,,,,,,,,,,,,,,,,,,,,,,,,,,,,,,,,,,,,,,,,,,,,,,,,,,,,,,,,,,,,,,,,,,,,,,,,,,,,,,,,,,,,,,,,,,,,,,,13,36,30,20,21,55,23,,,,,,,,27,25,36,72,32,40,44,38,,,,39,57,57,59,42,55,51,54,26,35,33,36,40,,,,,,54,44,56,56,46,,,,,,29,26,38,46,39,,70,42,29,54,8,25,28,,,,,,,,,,,,58,83,74,,,,,,,,,,,,,,,,,,,,,,,29,26,36,25,,,,,,,,,,,,,,,,,,,34,82,12,21,,,,,,,,,,,,,46,45,,,,,,,,,,,26,24,25,30,25,38,21,30,38,32,25,,,,38,28,19,33,27,25,,,60,32,57,58,,,,84,72,96,,40,50,25,54,23,16,23,23,43,26,69,29,57,48,,72,28,15,26,18,26,59,18,25,,,,,10,,22,,,37,45,,,,,,57,54,42,47,64,69,,,30,,,22,,,,57,63,57,90,106,90,54,86,,,,73,79,65,,,,106,109,223,132,,55,56,46,61,,,,145,160,188,,,,,,,,,,,,,,,
20160416,7,PM2.5,,,,,,,,,,,,,,,,,,,,,,,,,,,,,,,,,,,,,,,,,,,,,,,,,,,,,,,,,,,,,,,,,,,,,,,,,,,,,,,,,,,,,,,,,,,,,,,,,,,,,,,,,,,,,,,,,,,,,,,,,,,,,,,,,,,,,,,,,,,,,,,,,,,,,,,,,,,,,,,,,,,,,,,,,,,,,,,,,,,,,,,,,,,,,,,,,,,,,,,,,,,,,,,,,,,,,,,,,,,,,,,,,,,,,,,,,,,,,,,,,,,,,,10,,,,,,,,,,,,,,,,,,,,,,,,,,,,,,,,,,,,,,,,,,,10,,,,,,,,,,,,,,,,,,,,,,,,,,,,,,,,,,,,,,,,,,,,,,,,,,,,,,,,,,,,,,,,,,,,,,,,,,,,,,,,,,,,,,,,,,,,,,,,,,,,,,,,,,,,,,,,,,,,,,,,,,,,,,,,,,,,,,,,,,,,,,,,,,,,,,,,,,,,,,,,,,,,,,,,,,,,,,,,,,,,,,,,,,,,,,,,,,,,,,,,,,,,,,,,,,,,,,,,,,,,,,,,,,25,,29,,,,,,,,,,,,,,,,,52,,,,,,,,,,,,,,,,,,,,,,,,,,,,,,,,,,,,,,,,,,,,,,,,,,,,,,,,,,,,,,,,,,,,,,,,,,,,,,,,,,,,,,,,,,,,,,,,,,,,,,,,,,,,,36,47,29,,43,46,,,,,,,,,,,,,,,,,,,,,,,,,,,,,,,,,,,,,,,,,,,,,,,,,,,,,,,,,,,,,,,,,,,,,,,,,,,,,,,,,,,,,,,,,,,,,,,,,,,,,,,,,,,,,,,,,,,,,,,,,,,,,,,,,,,,,,,,,,,,,,,,,,,,,,,,,,,,,,,,,,,,40,,,,,,31,17,9,8,,,,,,,,,,,,,,,,,,,,,,,,,,,,,,,,,,,,,,,,,,,,,,,,,,,,,,,,,,,,,,,,,,,,,,,,,,,,,,,,,,,,,,,,,,,,,,,,,,,,,,,,,,,,,,,,,,,,,,,,,,,,,,,,,,,,,,,,,,22,,33,32,22,17,,6,18,16,16,,7,17,21,7,15,13,,6,18,22,,66,86,81,,,40,41,35,27,23,60,66,57,,,,,,,,,,,,,,,,,,,,,,,53,66,60,43,49,14,16,49,36,,,,,,,,43,40,31,32,19,18,43,37,79,69,102,35,,,,,,34,37,35,83,,,22,23,10,23,23,,15,62,27,35,28,44,31,,12,3,,28,22,,,,50,72,46,46,36,30,,,,,,,,,38,49,68,,39,100,40,50,21,20,17,33,,,,,,,,,91,51,56,88,66,,,,,,,,,,,,,,,,,,,,,,,,,,,,,,,,,,,,,,,,,,,,,,,,,,,,,,,,,,,,,,,,,,,,,,,,,,,,,,,,,,,,,,,,,,,,,,,8,25,10,3,3,9,5,,,,,,,,8,3,25,20,22,20,18,24,,,,27,40,24,27,28,30,33,35,16,24,23,25,28,,,,,,38,,24,27,32,,,,,,20,14,18,17,27,,49,24,19,37,3,11,19,,,,,,,,,,,,41,54,54,,,,,,,,,,,,,,,,,,,,,,,11,8,20,17,,,,,,,,,,,,,,,,,,,13,4,8,5,,,,,,,,,,,,,32,1,,,,,,,,,,,4,5,11,2,17,16,2,4,11,15,9,,,,15,15,13,14,11,17,,,42,14,40,41,,,,62,50,45,,23,20,17,,12,11,16,16,11,11,17,,34,28,,33,19,7,16,12,10,42,12,14,,,,,7,,15,,,19,12,,,,,,32,36,12,15,29,23,,,10,,,6,,,,21,22,21,,48,67,17,27,,,,21,21,23,,,,53,82,36,30,,17,16,12,18,,,,73,122,141,,,,,,,,,,,,,,,
20160416,7,PM2.5_24h,,,,,,,,,,,,,,,,,,,,,,,,,,,,,,,,,,,,,,,,,,,,,,,,,,,,,,,,,,,,,,,,,,,,,,,,,,,,,,,,,,,,,,,,,,,,,,,,,,,,,,,,,,,,,,,,,,,,,,,,,,,,,,,,,,,,,,,,,,,,,,,,,,,,,,,,,,,,,,,,,,,,,,,,,,,,,,,,,,,,,,,,,,,,,,,,,,,,,,,,,,,,,,,,,,,,,,,,,,,,,,,,,,,,,,,,,,,,,,,,,,,,,,23,,,,,,,,,,,,,,,,,,,,,,,,,,,,,,,,,,,,,,,,,,,13,,,,,,,,,,,,,,,,,,,,,,,,,,,,,,,,,,,,,,,,,,,,,,,,,,,,,,,,,,,,,,,,,,,,,,,,,,,,,,,,,,,,,,,,,,,,,,,,,,,,,,,,,,,,,,,,,,,,,,,,,,,,,,,,,,,,,,,,,,,,,,,,,,,,,,,,,,,,,,,,,,,,,,,,,,,,,,,,,,,,,,,,,,,,,,,,,,,,,,,,,,,,,,,,,,,,,,,,,,,,,,,,,,24,,26,,,,,,,,,,,,,,,,,40,,,,,,,,,,,,,,,,,,,,,,,,,,,,,,,,,,,,,,,,,,,,,,,,,,,,,,,,,,,,,,,,,,,,,,,,,,,,,,,,,,,,,,,,,,,,,,,,,,,,,,,,,,,,,33,35,23,,30,40,,,,,,,,,,,,,,,,,,,,,,,,,,,,,,,,,,,,,,,,,,,,,,,,,,,,,,,,,,,,,,,,,,,,,,,,,,,,,,,,,,,,,,,,,,,,,,,,,,,,,,,,,,,,,,,,,,,,,,,,,,,,,,,,,,,,,,,,,,,,,,,,,,,,,,,,,,,,,,,,,,,,24,,,,,,28,25,20,18,,,,,,,,,,,,,,,,,,,,,,,,,,,,,,,,,,,,,,,,,,,,,,,,,,,,,,,,,,,,,,,,,,,,,,,,,,,,,,,,,,,,,,,,,,,,,,,,,,,,,,,,,,,,,,,,,,,,,,,,,,,,,,,,,,,,,,,,,,48,49,45,41,38,39,,35,42,31,32,,24,30,88,65,42,23,,21,27,25,23,53,68,64,,,43,40,36,37,37,67,79,77,,,,,,,,,,,,,,,,,,,,,,,44,54,44,39,39,30,31,59,57,,,,,,,,41,34,29,29,28,33,66,41,82,67,83,45,,,,,,78,48,57,111,,,19,19,19,51,48,,18,73,55,54,50,73,53,,41,39,,22,22,,,,44,46,41,46,33,40,,,,,,,,,62,76,63,,48,51,78,89,42,37,32,43,,,,,,,,,62,46,41,47,106,,,,,,,,,,,,,,,,,,,,,,,,,,,,,,,,,,,,,,,,,,,,,,,,,,,,,,,,,,,,,,,,,,,,,,,,,,,,,,,,,,,,,,,,,,,,,,,31,41,28,25,30,31,25,,,,,,,,18,26,28,23,27,23,24,29,,,,46,46,36,36,34,30,40,50,33,40,43,44,45,,,,,,40,34,28,27,34,,,,,,49,45,48,44,54,,50,36,55,55,27,41,46,,,,,,,,,,,,47,60,64,,,,,,,,,,,,,,,,,,,,,,,13,11,17,13,,,,,,,,,,,,,,,,,,,19,21,17,21,,,,,,,,,,,,,36,23,,,,,,,,,,,16,19,26,15,26,40,18,17,18,17,32,,,,17,23,20,16,15,14,,,42,28,29,32,,,,62,60,45,,25,22,30,,15,11,15,16,19,25,27,39,25,28,,56,20,21,19,17,13,23,15,15,,,,,16,,19,,,22,15,,,,,,29,28,12,18,26,19,,,13,,,8,,,,20,21,27,,38,44,22,40,,,,23,31,28,,,,39,61,21,17,,12,13,13,22,,,,90,153,150,,,,,,,,,,,,,,,
20160416,7,PM10,,,,,,,,,,,,,,,,,,,,,,,,,,,,,,,,,,,,,,,,,,,,,,,,,,,,,,,,,,,,,,,,,,,,,,,,,,,,,,,,,,,,,,,,,,,,,,,,,,,,,,,,,,,,,,,,,,,,,,,,,,,,,,,,,,,,,,,,,,,,,,,,,,,,,,,,,,,,,,,,,,,,,,,,,,,,,,,,,,,,,,,,,,,,,,,,,,,,,,,,,,,,,,,,,,,,,,,,,,,,,,,,,,,,,,,,,,,,,,,,,,,,,,24,,,,,,,,,,,,,,,,,,,,,,,,,,,,,,,,,,,,,,,,,,,27,,,,,,,,,,,,,,,,,,,,,,,,,,,,,,,,,,,,,,,,,,,,,,,,,,,,,,,,,,,,,,,,,,,,,,,,,,,,,,,,,,,,,,,,,,,,,,,,,,,,,,,,,,,,,,,,,,,,,,,,,,,,,,,,,,,,,,,,,,,,,,,,,,,,,,,,,,,,,,,,,,,,,,,,,,,,,,,,,,,,,,,,,,,,,,,,,,,,,,,,,,,,,,,,,,,,,,,,,,,,,,,,,,173,,168,,,,,,,,,,,,,,,,,142,,,,,,,,,,,,,,,,,,,,,,,,,,,,,,,,,,,,,,,,,,,,,,,,,,,,,,,,,,,,,,,,,,,,,,,,,,,,,,,,,,,,,,,,,,,,,,,,,,,,,,,,,,,,,368,280,316,,241,250,,,,,,,,,,,,,,,,,,,,,,,,,,,,,,,,,,,,,,,,,,,,,,,,,,,,,,,,,,,,,,,,,,,,,,,,,,,,,,,,,,,,,,,,,,,,,,,,,,,,,,,,,,,,,,,,,,,,,,,,,,,,,,,,,,,,,,,,,,,,,,,,,,,,,,,,,,,,,,,,,,,,144,,,,,,49,,27,25,,,,,,,,,,,,,,,,,,,,,,,,,,,,,,,,,,,,,,,,,,,,,,,,,,,,,,,,,,,,,,,,,,,,,,,,,,,,,,,,,,,,,,,,,,,,,,,,,,,,,,,,,,,,,,,,,,,,,,,,,,,,,,,,,,,,,,,,,,32,87,120,57,73,31,,6,21,38,42,,32,28,21,16,25,23,,32,125,88,170,126,120,115,,,156,166,149,48,56,,77,72,,,,,,,,,,,,,,,,,,,,,,,74,131,102,66,78,31,43,68,42,,,,,,,,,48,45,55,19,20,,41,113,85,124,46,,,,,,43,38,62,,,,33,,19,43,53,,16,67,,36,56,87,67,,,30,,55,,,,,80,110,62,59,37,34,,,,,,,,,62,71,75,,74,,87,96,75,53,24,45,,,,,,,,,,51,,,,,,,,,,,,,,,,,,,,,,,,,,,,,,,,,,,,,,,,,,,,,,,,,,,,,,,,,,,,,,,,,,,,,,,,,,,,,,,,,,,,,,,,,,,,,,,,,,13,,21,10,5,60,9,,,,,,,,20,10,35,93,28,40,44,38,,,,35,,63,67,42,59,52,57,26,25,28,36,32,,,,,,43,44,62,62,,,,,,,26,26,38,46,30,,89,42,29,57,8,25,27,,,,,,,,,,,,58,115,82,,,,,,,,,,,,,,,,,,,,,,,29,26,36,,,,,,,,,,,,,,,,,,,,34,15,,,,,,,,,,,,,,,36,45,,,,,,,,,,,7,9,,30,21,38,4,12,38,32,14,,,,38,28,14,33,27,,,,70,32,64,54,,,,81,94,141,,40,50,21,58,23,16,19,,43,,88,29,64,48,,94,,8,26,,26,,14,25,,,,,9,,19,,,37,45,,,,,,63,57,42,47,77,87,,,30,,,16,,,,64,76,63,129,161,81,58,121,,,,95,108,80,,,,162,,366,213,,59,61,46,71,,,,240,246,256,,,,,,,,,,,,,,,
20160416,7,PM10_24h,,,,,,,,,,,,,,,,,,,,,,,,,,,,,,,,,,,,,,,,,,,,,,,,,,,,,,,,,,,,,,,,,,,,,,,,,,,,,,,,,,,,,,,,,,,,,,,,,,,,,,,,,,,,,,,,,,,,,,,,,,,,,,,,,,,,,,,,,,,,,,,,,,,,,,,,,,,,,,,,,,,,,,,,,,,,,,,,,,,,,,,,,,,,,,,,,,,,,,,,,,,,,,,,,,,,,,,,,,,,,,,,,,,,,,,,,,,,,,,,,,,,,,49,,,,,,,,,,,,,,,,,,,,,,,,,,,,,,,,,,,,,,,,,,,48,,,,,,,,,,,,,,,,,,,,,,,,,,,,,,,,,,,,,,,,,,,,,,,,,,,,,,,,,,,,,,,,,,,,,,,,,,,,,,,,,,,,,,,,,,,,,,,,,,,,,,,,,,,,,,,,,,,,,,,,,,,,,,,,,,,,,,,,,,,,,,,,,,,,,,,,,,,,,,,,,,,,,,,,,,,,,,,,,,,,,,,,,,,,,,,,,,,,,,,,,,,,,,,,,,,,,,,,,,,,,,,,,,127,,125,,,,,,,,,,,,,,,,,70,,,,,,,,,,,,,,,,,,,,,,,,,,,,,,,,,,,,,,,,,,,,,,,,,,,,,,,,,,,,,,,,,,,,,,,,,,,,,,,,,,,,,,,,,,,,,,,,,,,,,,,,,,,,,134,99,115,,88,95,,,,,,,,,,,,,,,,,,,,,,,,,,,,,,,,,,,,,,,,,,,,,,,,,,,,,,,,,,,,,,,,,,,,,,,,,,,,,,,,,,,,,,,,,,,,,,,,,,,,,,,,,,,,,,,,,,,,,,,,,,,,,,,,,,,,,,,,,,,,,,,,,,,,,,,,,,,,,,,,,,,,83,,,,,,42,51,40,35,,,,,,,,,,,,,,,,,,,,,,,,,,,,,,,,,,,,,,,,,,,,,,,,,,,,,,,,,,,,,,,,,,,,,,,,,,,,,,,,,,,,,,,,,,,,,,,,,,,,,,,,,,,,,,,,,,,,,,,,,,,,,,,,,,,,,,,,,,73,115,100,63,72,64,,52,74,66,51,,77,60,74,76,83,41,,45,110,96,109,148,147,163,,,135,137,147,129,137,89,106,97,,,,,,,,,,,,,,,,,,,,,,,75,127,95,55,60,55,59,97,82,,,,,,,,54,58,52,52,38,41,89,56,136,86,109,54,,,,,,94,47,105,140,,,35,25,38,78,82,,26,117,134,91,122,199,113,,71,75,,69,82,,,,88,109,80,95,57,70,,,,,,,,,106,120,103,,110,94,141,140,86,92,69,81,,,,,,,,,60,46,69,48,39,,,,,,,,,,,,,,,,,,,,,,,,,,,,,,,,,,,,,,,,,,,,,,,,,,,,,,,,,,,,,,,,,,,,,,,,,,,,,,,,,,,,,,,,,,,,,,,70,83,52,49,57,50,48,,,,,,,,45,49,46,58,47,48,51,43,,,,72,64,52,55,66,45,59,59,56,58,58,60,61,,,,,,46,51,63,50,50,,,,,,69,75,84,82,66,,61,78,77,80,47,66,80,,,,,,,,,,,,77,85,97,,,,,,,,,,,,,,,,,,,,,,,25,20,24,21,,,,,,,,,,,,,,,,,,,53,42,32,42,,,,,,,,,,,,,66,82,,,,,,,,,,,37,34,44,49,71,98,35,34,51,59,50,,,,33,72,60,33,25,15,,,64,55,55,57,,,,103,104,143,,38,50,48,59,24,19,27,25,62,,227,59,53,46,,178,41,40,45,,22,35,26,25,,,,,38,,34,,,39,41,,,,,,57,53,33,38,70,69,,,33,,,14,,,,50,61,64,94,144,60,74,128,,,,83,86,77,,,,191,210,118,91,,57,54,61,105,,,,268,336,318,,,,,,,,,,,,,,,
20160416,7,SO2,,,,,,,,,,,,,,,,,,,,,,,,,,,,,,,,,,,,,,,,,,,,,,,,,,,,,,,,,,,,,,,,,,,,,,,,,,,,,,,,,,,,,,,,,,,,,,,,,,,,,,,,,,,,,,,,,,,,,,,,,,,,,,,,,,,,,,,,,,,,,,,,,,,,,,,,,,,,,,,,,,,,,,,,,,,,,,,,,,,,,,,,,,,,,,,,,,,,,,,,,,,,,,,,,,,,,,,,,,,,,,,,,,,,,,,,,,,,,,,,,,,,,,,,,,,,,,,,,,,,,,,,,,,,,,,,,,,,,,,,,,,,,,,,,5,,,,,,,,,,,,,,,,,,,,,,,,,,,,,,,,,,,,,,,,,,,,,,,,,,,,,,,,,,,,,,,,,,,,,,,,,,,,,,,,,,,,,,,,,,,,,,,,,,,,,,,,,,,,,,,,,,,,,,,,,,,,,,,,,,,,,,,,,,,,,,,,,,,,,,,,,,,,,,,,,,,,,,,,,,,,,,,,,,,,,,,,,,,,,,,,,,,,,,,,,,,,,,,,,,,,,,,,,,,,,,,,,,8,,17,,,,,,,,,,,,,,,,,41,,,,,,,,,,,,,,,,,,,,,,,,,,,,,,,,,,,,,,,,,,,,,,,,,,,,,,,,,,,,,,,,,,,,,,,,,,,,,,,,,,,,,,,,,,,,,,,,,,,,,,,,,,,,,12,22,12,,14,13,,,,,,,,,,,,,,,,,,,,,,,,,,,,,,,,,,,,,,,,,,,,,,,,,,,,,,,,,,,,,,,,,,,,,,,,,,,,,,,,,,,,,,,,,,,,,,,,,,,,,,,,,,,,,,,,,,,,,,,,,,,,,,,,,,,,,,,,,,,,,,,,,,,,,,,,,,,,,,,,,,,,86,,,,,,6,6,6,10,,,,,,,,,,,,,,,,,,,,,,,,,,,,,,,,,,,,,,,,,,,,,,,,,,,,,,,,,,,,,,,,,,,,,,,,,,,,,,,,,,,,,,,,,,,,,,,,,,,,,,,,,,,,,,,,,,,,,,,,,,,,,,,,,,,,,,,,,,30,65,38,34,32,16,,23,10,3,10,,13,10,16,47,31,12,,14,2,3,27,31,17,11,,,37,45,32,22,38,7,7,37,,,,,,,,,,,,,,,,,,,,,,,16,14,12,34,17,2,18,23,9,,,,,,,,7,13,35,8,4,5,3,2,5,7,8,3,,,,,,4,7,4,15,,,13,25,36,20,7,,13,22,29,25,11,39,17,,18,17,,33,21,,,,238,139,166,8,466,78,,,,,,,,,29,14,,,13,13,8,22,17,4,10,6,,,,,,,,,6,6,15,36,3,,,,,,,,,,,,,,,,,,,,,,,,,,,,,,,,,,,,,,,,,,,,,,,,,,,,,,,,,,,,,,,,,,,,,,,,,,,,,,,,,,,,,,,,,,,,,,,6,14,18,5,3,6,5,,,,,,,,4,3,2,2,9,2,5,7,,,,4,2,22,10,11,14,7,5,5,12,9,11,19,,,,,,1,4,4,3,12,,,,,,,2,13,10,9,,22,63,8,11,4,8,7,,,,,,,,,,,,15,4,14,,,,,,,,,,,,,,,,,,,,,,,9,15,18,6,,,,,,,,,,,,,,,,,,,6,5,5,4,,,,,,,,,,,,,10,21,,,,,,,,,,,10,18,31,8,20,2,11,15,43,10,4,,,,3,5,29,9,14,4,,,5,11,46,21,,,,20,16,5,,7,12,5,5,14,7,20,4,3,9,4,4,9,5,,22,8,7,8,7,5,4,3,3,,,,,4,,10,,,7,3,,,,,,11,15,7,9,20,9,,,4,,,4,,,,13,27,20,10,6,20,1,33,,,,4,15,2,,,,4,11,1,3,,3,3,9,9,,,,5,12,11,,,,,,,,,,,,,,,
20160416,7,SO2_24h,,,,,,,,,,,,,,,,,,,,,,,,,,,,,,,,,,,,,,,,,,,,,,,,,,,,,,,,,,,,,,,,,,,,,,,,,,,,,,,,,,,,,,,,,,,,,,,,,,,,,,,,,,,,,,,,,,,,,,,,,,,,,,,,,,,,,,,,,,,,,,,,,,,,,,,,,,,,,,,,,,,,,,,,,,,,,,,,,,,,,,,,,,,,,,,,,,,,,,,,,,,,,,,,,,,,,,,,,,,,,,,,,,,,,,,,,,,,,,,,,,,,,,7,,,,,,,,,,,,,,,,,,,,,,,,,,,,,,,,,,,,,,,,,,,7,,,,,,,,,,,,,,,,,,,,,,,,,,,,,,,,,,,,,,,,,,,,,,,,,,,,,,,,,,,,,,,,,,,,,,,,,,,,,,,,,,,,,,,,,,,,,,,,,,,,,,,,,,,,,,,,,,,,,,,,,,,,,,,,,,,,,,,,,,,,,,,,,,,,,,,,,,,,,,,,,,,,,,,,,,,,,,,,,,,,,,,,,,,,,,,,,,,,,,,,,,,,,,,,,,,,,,,,,,,,,,,,,,9,,9,,,,,,,,,,,,,,,,,11,,,,,,,,,,,,,,,,,,,,,,,,,,,,,,,,,,,,,,,,,,,,,,,,,,,,,,,,,,,,,,,,,,,,,,,,,,,,,,,,,,,,,,,,,,,,,,,,,,,,,,,,,,,,,19,25,19,,23,18,,,,,,,,,,,,,,,,,,,,,,,,,,,,,,,,,,,,,,,,,,,,,,,,,,,,,,,,,,,,,,,,,,,,,,,,,,,,,,,,,,,,,,,,,,,,,,,,,,,,,,,,,,,,,,,,,,,,,,,,,,,,,,,,,,,,,,,,,,,,,,,,,,,,,,,,,,,,,,,,,,,,51,,,,,,9,7,6,6,,,,,,,,,,,,,,,,,,,,,,,,,,,,,,,,,,,,,,,,,,,,,,,,,,,,,,,,,,,,,,,,,,,,,,,,,,,,,,,,,,,,,,,,,,,,,,,,,,,,,,,,,,,,,,,,,,,,,,,,,,,,,,,,,,,,,,,,,,31,47,30,23,28,18,,21,11,6,11,,18,16,29,49,36,19,,23,22,4,11,24,26,35,,,14,13,13,25,31,10,12,24,,,,,,,,,,,,,,,,,,,,,,,15,15,14,23,11,6,13,39,25,,,,,,,,10,11,33,12,8,6,6,3,6,15,12,3,,,,,,8,10,6,12,,,15,21,39,19,10,,22,20,19,30,10,38,13,,23,12,,25,18,,,,29,35,44,30,50,21,,,,,,,,,11,12,19,,16,20,20,17,16,10,17,11,,,,,,,,,5,5,10,15,26,,,,,,,,,,,,,,,,,,,,,,,,,,,,,,,,,,,,,,,,,,,,,,,,,,,,,,,,,,,,,,,,,,,,,,,,,,,,,,,,,,,,,,,,,,,,,,,8,22,21,11,8,11,7,,,,,,,,11,12,13,18,11,3,6,4,,,,10,8,13,10,11,11,10,7,9,23,24,46,27,,,,,,11,9,12,7,19,,,,,,,8,12,19,37,,14,60,27,13,6,9,9,,,,,,,,,,,,17,13,16,,,,,,,,,,,,,,,,,,,,,,,6,10,5,4,,,,,,,,,,,,,,,,,,,6,5,6,4,,,,,,,,,,,,,9,19,,,,,,,,,,,14,11,10,9,15,28,14,13,28,6,7,,,,2,8,18,9,13,3,,,5,10,26,22,,,,13,11,6,,6,10,5,5,14,7,17,5,5,8,4,6,12,5,,22,6,13,11,7,15,5,6,5,,,,,4,,7,,,7,4,,,,,,10,16,6,5,18,10,,,3,,,5,,,,13,10,21,11,6,15,2,31,,,,4,18,6,,,,2,8,2,3,,6,7,10,13,,,,11,14,10,,,,,,,,,,,,,,,
20160416,7,NO2,,,,,,,,,,,,,,,,,,,,,,,,,,,,,,,,,,,,,,,,,,,,,,,,,,,,,,,,,,,,,,,,,,,,,,,,,,,,,,,,,,,,,,,,,,,,,,,,,,,,,,,,,,,,,,,,,,,,,,,,,,,,,,,,,,,,,,,,,,,,,,,,,,,,,,,,,,,,,,,,,,,,,,,,,,,,,,,,,,,,,,,,,,,,,,,,,,,,,,,,,,,,,,,,,,,,,,,,,,,,,,,,,,,,,,,,,,,,,,,,,,,,,,,,,,,,,,,,,,,,,,,,,,,,,,,,,,,,,,,,,,,,,,,,,20,,,,,,,,,,,,,,,,,,,,,,,,,,,,,,,,,,,,,,,,,,,,,,,,,,,,,,,,,,,,,,,,,,,,,,,,,,,,,,,,,,,,,,,,,,,,,,,,,,,,,,,,,,,,,,,,,,,,,,,,,,,,,,,,,,,,,,,,,,,,,,,,,,,,,,,,,,,,,,,,,,,,,,,,,,,,,,,,,,,,,,,,,,,,,,,,,,,,,,,,,,,,,,,,,,,,,,,,,,,,,,,,,,10,,15,,,,,,,,,,,,,,,,,55,,,,,,,,,,,,,,,,,,,,,,,,,,,,,,,,,,,,,,,,,,,,,,,,,,,,,,,,,,,,,,,,,,,,,,,,,,,,,,,,,,,,,,,,,,,,,,,,,,,,,,,,,,,,,8,15,9,,7,9,,,,,,,,,,,,,,,,,,,,,,,,,,,,,,,,,,,,,,,,,,,,,,,,,,,,,,,,,,,,,,,,,,,,,,,,,,,,,,,,,,,,,,,,,,,,,,,,,,,,,,,,,,,,,,,,,,,,,,,,,,,,,,,,,,,,,,,,,,,,,,,,,,,,,,,,,,,,,,,,,,,,57,,,,,,18,20,25,25,,,,,,,,,,,,,,,,,,,,,,,,,,,,,,,,,,,,,,,,,,,,,,,,,,,,,,,,,,,,,,,,,,,,,,,,,,,,,,,,,,,,,,,,,,,,,,,,,,,,,,,,,,,,,,,,,,,,,,,,,,,,,,,,,,,,,,,,,,26,23,12,11,36,15,,14,23,22,8,,8,3,11,14,19,22,,15,1,17,15,14,26,19,,,22,27,19,6,13,19,19,33,,,,,,,,,,,,,,,,,,,,,,,44,75,52,25,26,33,38,39,41,,,,,,,,9,16,16,6,1,9,2,25,11,45,28,19,,,,,,20,24,15,6,,,20,20,6,32,22,,,88,7,38,30,37,23,,34,37,,46,12,,,,35,49,45,30,47,39,,,,,,,,,62,53,,,23,18,53,25,17,40,37,28,,,,,,,,,39,23,39,20,30,,,,,,,,,,,,,,,,,,,,,,,,,,,,,,,,,,,,,,,,,,,,,,,,,,,,,,,,,,,,,,,,,,,,,,,,,,,,,,,,,,,,,,,,,,,,,,,11,12,12,17,24,12,13,,,,,,,,9,5,13,7,3,3,14,14,,,,15,5,17,17,21,16,17,15,4,9,9,10,7,,,,,,12,8,8,1,11,,,,,,4,10,18,12,2,,29,18,2,12,8,5,16,,,,,,,,,,,,16,21,32,,,,,,,,,,,,,,,,,,,,,,,25,22,23,15,,,,,,,,,,,,,,,,,,,19,44,20,18,,,,,,,,,,,,,45,29,,,,,,,,,,,14,9,10,7,18,13,15,9,24,27,7,,,,2,2,25,6,5,15,,,18,2,64,66,,,,32,21,42,,17,26,48,43,8,6,,13,15,11,12,13,17,5,,24,8,6,19,10,12,28,26,29,,,,,8,,11,,,15,8,,,,,,15,11,38,40,39,62,,,7,,,43,,,,15,42,10,3,12,15,13,16,,,,2,8,5,,,,29,38,1,2,,44,47,8,18,,,,20,25,29,,,,,,,,,,,,,,,
20160416,7,NO2_24h,,,,,,,,,,,,,,,,,,,,,,,,,,,,,,,,,,,,,,,,,,,,,,,,,,,,,,,,,,,,,,,,,,,,,,,,,,,,,,,,,,,,,,,,,,,,,,,,,,,,,,,,,,,,,,,,,,,,,,,,,,,,,,,,,,,,,,,,,,,,,,,,,,,,,,,,,,,,,,,,,,,,,,,,,,,,,,,,,,,,,,,,,,,,,,,,,,,,,,,,,,,,,,,,,,,,,,,,,,,,,,,,,,,,,,,,,,,,,,,,,,,,,,36,,,,,,,,,,,,,,,,,,,,,,,,,,,,,,,,,,,,,,,,,,,25,,,,,,,,,,,,,,,,,,,,,,,,,,,,,,,,,,,,,,,,,,,,,,,,,,,,,,,,,,,,,,,,,,,,,,,,,,,,,,,,,,,,,,,,,,,,,,,,,,,,,,,,,,,,,,,,,,,,,,,,,,,,,,,,,,,,,,,,,,,,,,,,,,,,,,,,,,,,,,,,,,,,,,,,,,,,,,,,,,,,,,,,,,,,,,,,,,,,,,,,,,,,,,,,,,,,,,,,,,,,,,,,,,11,,12,,,,,,,,,,,,,,,,,47,,,,,,,,,,,,,,,,,,,,,,,,,,,,,,,,,,,,,,,,,,,,,,,,,,,,,,,,,,,,,,,,,,,,,,,,,,,,,,,,,,,,,,,,,,,,,,,,,,,,,,,,,,,,,21,32,24,,19,24,,,,,,,,,,,,,,,,,,,,,,,,,,,,,,,,,,,,,,,,,,,,,,,,,,,,,,,,,,,,,,,,,,,,,,,,,,,,,,,,,,,,,,,,,,,,,,,,,,,,,,,,,,,,,,,,,,,,,,,,,,,,,,,,,,,,,,,,,,,,,,,,,,,,,,,,,,,,,,,,,,,,37,,,,,,14,18,14,20,,,,,,,,,,,,,,,,,,,,,,,,,,,,,,,,,,,,,,,,,,,,,,,,,,,,,,,,,,,,,,,,,,,,,,,,,,,,,,,,,,,,,,,,,,,,,,,,,,,,,,,,,,,,,,,,,,,,,,,,,,,,,,,,,,,,,,,,,,25,28,18,21,23,14,,18,26,22,6,,8,3,34,27,38,21,,16,10,10,8,22,31,26,,,21,24,21,22,29,25,24,31,,,,,,,,,,,,,,,,,,,,,,,31,33,33,27,31,25,29,34,41,,,,,,,,10,16,20,8,2,13,2,35,14,32,35,17,,,,,,38,28,17,11,,,25,21,12,32,23,,11,68,5,41,27,29,18,,25,30,,29,9,,,,26,36,48,37,37,27,,,,,,,,,41,34,33,,24,19,53,24,16,24,20,30,,,,,,,,,41,19,40,19,26,,,,,,,,,,,,,,,,,,,,,,,,,,,,,,,,,,,,,,,,,,,,,,,,,,,,,,,,,,,,,,,,,,,,,,,,,,,,,,,,,,,,,,,,,,,,,,,18,16,16,16,20,20,16,,,,,,,,23,18,14,11,3,4,11,9,,,,27,20,25,21,34,20,32,29,5,14,12,22,17,,,,,,11,16,17,8,18,,,,,,3,15,14,13,3,,16,14,12,19,5,12,24,,,,,,,,,,,,11,21,26,,,,,,,,,,,,,,,,,,,,,,,13,18,20,12,,,,,,,,,,,,,,,,,,,15,44,17,12,,,,,,,,,,,,,36,28,,,,,,,,,,,20,14,13,12,13,17,15,12,12,11,24,,,,6,4,13,7,10,14,,,14,3,27,34,,,,21,22,38,,15,13,37,35,8,7,,24,10,13,16,16,20,10,,19,8,14,19,12,13,22,29,23,,,,,9,,8,,,20,11,,,,,,12,12,24,26,17,39,,,9,,,24,,,,10,26,9,4,9,11,14,17,,,,8,16,13,,,,13,16,5,4,,37,31,9,29,,,,51,51,47,,,,,,,,,,,,,,,
20160416,7,O3,,,,,,,,,,,,,,,,,,,,,,,,,,,,,,,,,,,,,,,,,,,,,,,,,,,,,,,,,,,,,,,,,,,,,,,,,,,,,,,,,,,,,,,,,,,,,,,,,,,,,,,,,,,,,,,,,,,,,,,,,,,,,,,,,,,,,,,,,,,,,,,,,,,,,,,,,,,,,,,,,,,,,,,,,,,,,,,,,,,,,,,,,,,,,,,,,,,,,,,,,,,,,,,,,,,,,,,,,,,,,,,,,,,,,,,,,,,,,,,,,,,,,,,,,,,,,,,,,,,,,,,,,,,,,,,,,,,,,,,,,,,,,,,,,38,,,,,,,,,,,,,,,,,,,,,,,,,,,,,,,,,,,,,,,,,,,,,,,,,,,,,,,,,,,,,,,,,,,,,,,,,,,,,,,,,,,,,,,,,,,,,,,,,,,,,,,,,,,,,,,,,,,,,,,,,,,,,,,,,,,,,,,,,,,,,,,,,,,,,,,,,,,,,,,,,,,,,,,,,,,,,,,,,,,,,,,,,,,,,,,,,,,,,,,,,,,,,,,,,,,,,,,,,,,,,,,,,,55,,73,,,,,,,,,,,,,,,,,2,,,,,,,,,,,,,,,,,,,,,,,,,,,,,,,,,,,,,,,,,,,,,,,,,,,,,,,,,,,,,,,,,,,,,,,,,,,,,,,,,,,,,,,,,,,,,,,,,,,,,,,,,,,,,71,59,65,,73,52,,,,,,,,,,,,,,,,,,,,,,,,,,,,,,,,,,,,,,,,,,,,,,,,,,,,,,,,,,,,,,,,,,,,,,,,,,,,,,,,,,,,,,,,,,,,,,,,,,,,,,,,,,,,,,,,,,,,,,,,,,,,,,,,,,,,,,,,,,,,,,,,,,,,,,,,,,,,,,,,,,,,8,,,,,,8,42,17,32,,,,,,,,,,,,,,,,,,,,,,,,,,,,,,,,,,,,,,,,,,,,,,,,,,,,,,,,,,,,,,,,,,,,,,,,,,,,,,,,,,,,,,,,,,,,,,,,,,,,,,,,,,,,,,,,,,,,,,,,,,,,,,,,,,,,,,,,,,38,45,64,58,23,29,,66,62,28,32,,21,16,88,107,84,3,,16,95,65,66,34,23,58,,,59,56,53,87,46,56,78,64,,,,,,,,,,,,,,,,,,,,,,,57,33,44,110,123,89,93,21,21,,,,,,,,48,32,52,43,70,68,60,69,36,33,67,6,,,,,,26,9,14,43,,,39,51,,32,30,,49,25,65,86,61,22,60,,28,34,,12,23,,,,115,2,48,36,106,33,,,,,,,,,39,59,20,,18,50,36,18,71,32,43,90,,,,,,,,,5,10,7,36,11,,,,,,,,,,,,,,,,,,,,,,,,,,,,,,,,,,,,,,,,,,,,,,,,,,,,,,,,,,,,,,,,,,,,,,,,,,,,,,,,,,,,,,,,,,,,,,,38,53,93,62,65,62,73,,,,,,,,86,79,47,57,38,41,32,35,,,,23,20,64,38,49,53,51,38,59,56,58,61,62,,,,,,58,57,63,56,57,,,,,,58,41,35,33,42,,42,27,41,37,17,22,35,,,,,,,,,,,,31,39,32,,,,,,,,,,,,,,,,,,,,,,,29,36,31,38,,,,,,,,,,,,,,,,,,,8,185,8,67,,,,,,,,,,,,,12,22,,,,,,,,,,,81,74,78,57,7,13,65,93,65,64,80,,,,59,85,59,72,58,,,,19,,17,12,,,,34,56,2,,56,35,1,,30,12,70,51,64,81,66,85,78,89,,33,17,46,41,46,19,4,4,2,,,,,19,,30,,,97,66,,,,,,55,90,20,20,31,43,,,64,,,17,,,,47,29,90,76,69,62,10,41,,,,57,86,52,,,,72,61,52,50,,13,14,33,17,,,,98,32,73,,,,,,,,,,,,,,,
20160416,7,O3_24h,,,,,,,,,,,,,,,,,,,,,,,,,,,,,,,,,,,,,,,,,,,,,,,,,,,,,,,,,,,,,,,,,,,,,,,,,,,,,,,,,,,,,,,,,,,,,,,,,,,,,,,,,,,,,,,,,,,,,,,,,,,,,,,,,,,,,,,,,,,,,,,,,,,,,,,,,,,,,,,,,,,,,,,,,,,,,,,,,,,,,,,,,,,,,,,,,,,,,,,,,,,,,,,,,,,,,,,,,,,,,,,,,,,,,,,,,,,,,,,,,,,,,,82,,,,,,,,,,,,,,,,,,,,,,,,,,,,,,,,,,,,,,,,,,,73,,,,,,,,,,,,,,,,,,,,,,,,,,,,,,,,,,,,,,,,,,,,,,,,,,,,,,,,,,,,,,,,,,,,,,,,,,,,,,,,,,,,,,,,,,,,,,,,,,,,,,,,,,,,,,,,,,,,,,,,,,,,,,,,,,,,,,,,,,,,,,,,,,,,,,,,,,,,,,,,,,,,,,,,,,,,,,,,,,,,,,,,,,,,,,,,,,,,,,,,,,,,,,,,,,,,,,,,,,,,,,,,,,89,,110,,,,,,,,,,,,,,,,,91,,,,,,,,,,,,,,,,,,,,,,,,,,,,,,,,,,,,,,,,,,,,,,,,,,,,,,,,,,,,,,,,,,,,,,,,,,,,,,,,,,,,,,,,,,,,,,,,,,,,,,,,,,,,,121,100,91,,125,92,,,,,,,,,,,,,,,,,,,,,,,,,,,,,,,,,,,,,,,,,,,,,,,,,,,,,,,,,,,,,,,,,,,,,,,,,,,,,,,,,,,,,,,,,,,,,,,,,,,,,,,,,,,,,,,,,,,,,,,,,,,,,,,,,,,,,,,,,,,,,,,,,,,,,,,,,,,,,,,,,,,,138,,,,,,39,55,104,77,,,,,,,,,,,,,,,,,,,,,,,,,,,,,,,,,,,,,,,,,,,,,,,,,,,,,,,,,,,,,,,,,,,,,,,,,,,,,,,,,,,,,,,,,,,,,,,,,,,,,,,,,,,,,,,,,,,,,,,,,,,,,,,,,,,,,,,,,,149,148,139,129,144,160,,158,161,73,72,,63,52,136,168,141,91,,52,122,118,99,95,99,136,,,124,123,104,101,60,94,110,116,,,,,,,,,,,,,,,,,,,,,,,134,108,121,133,148,120,118,125,72,,,,,,,,80,40,98,102,107,105,97,112,84,64,82,116,,,,,,113,102,112,61,,,82,96,,106,75,,86,337,90,110,196,200,200,,144,133,,167,156,,,,115,92,110,60,113,113,,,,,,,,,118,154,91,,78,142,256,91,99,106,174,90,,,,,,,,,94,103,99,99,76,,,,,,,,,,,,,,,,,,,,,,,,,,,,,,,,,,,,,,,,,,,,,,,,,,,,,,,,,,,,,,,,,,,,,,,,,,,,,,,,,,,,,,,,,,,,,,,69,105,145,119,132,116,134,,,,,,,,135,129,164,196,96,110,101,104,,,,52,46,67,64,57,71,64,38,72,69,74,65,69,,,,,,79,108,127,90,85,,,,,,85,97,65,72,72,,79,83,60,75,42,54,70,,,,,,,,,,,,111,108,130,,,,,,,,,,,,,,,,,,,,,,,104,98,101,102,,,,,,,,,,,,,,,,,,,38,186,19,83,,,,,,,,,,,,,28,91,,,,,,,,,,,156,135,136,119,41,81,107,142,150,153,100,,,,121,131,145,94,170,5,,,46,63,101,130,,,,164,156,98,,96,91,148,176,101,64,103,80,149,157,101,130,121,130,,87,22,70,135,124,78,81,79,80,,,,,56,,97,,,118,78,,,,,,79,121,95,93,110,113,,,77,,,91,,,,139,116,146,112,142,118,60,86,,,,64,105,72,,,,157,176,59,57,,45,48,118,111,,,,152,84,166,,,,,,,,,,,,,,,
20160416,7,O3_8h,,,,,,,,,,,,,,,,,,,,,,,,,,,,,,,,,,,,,,,,,,,,,,,,,,,,,,,,,,,,,,,,,,,,,,,,,,,,,,,,,,,,,,,,,,,,,,,,,,,,,,,,,,,,,,,,,,,,,,,,,,,,,,,,,,,,,,,,,,,,,,,,,,,,,,,,,,,,,,,,,,,,,,,,,,,,,,,,,,,,,,,,,,,,,,,,,,,,,,,,,,,,,,,,,,,,,,,,,,,,,,,,,,,,,,,,,,,,,,,,,,,,,,,,,,,,,,,,,,,,,,,,,,,,,,,,,,,,,,,,,,,,,,,,,38,,,,,,,,,,,,,,,,,,,,,,,,,,,,,,,,,,,,,,,,,,,,,,,,,,,,,,,,,,,,,,,,,,,,,,,,,,,,,,,,,,,,,,,,,,,,,,,,,,,,,,,,,,,,,,,,,,,,,,,,,,,,,,,,,,,,,,,,,,,,,,,,,,,,,,,,,,,,,,,,,,,,,,,,,,,,,,,,,,,,,,,,,,,,,,,,,,,,,,,,,,,,,,,,,,,,,,,,,,,,,,,,,,52,,74,,,,,,,,,,,,,,,,,11,,,,,,,,,,,,,,,,,,,,,,,,,,,,,,,,,,,,,,,,,,,,,,,,,,,,,,,,,,,,,,,,,,,,,,,,,,,,,,,,,,,,,,,,,,,,,,,,,,,,,,,,,,,,,58,64,64,,74,57,,,,,,,,,,,,,,,,,,,,,,,,,,,,,,,,,,,,,,,,,,,,,,,,,,,,,,,,,,,,,,,,,,,,,,,,,,,,,,,,,,,,,,,,,,,,,,,,,,,,,,,,,,,,,,,,,,,,,,,,,,,,,,,,,,,,,,,,,,,,,,,,,,,,,,,,,,,,,,,,,,,,46,,,,,,6,44,51,54,,,,,,,,,,,,,,,,,,,,,,,,,,,,,,,,,,,,,,,,,,,,,,,,,,,,,,,,,,,,,,,,,,,,,,,,,,,,,,,,,,,,,,,,,,,,,,,,,,,,,,,,,,,,,,,,,,,,,,,,,,,,,,,,,,,,,,,,,,42,44,65,51,26,51,,69,64,31,36,,24,20,86,107,88,10,,18,81,67,70,61,46,84,,,70,68,60,82,41,50,72,56,,,,,,,,,,,,,,,,,,,,,,,97,78,93,114,122,108,103,42,42,,,,,,,,59,32,58,53,71,68,59,48,26,27,44,14,,,,,,41,16,34,45,,,42,52,,42,28,,48,55,70,90,89,53,92,,47,58,,45,51,,,,71,6,44,30,65,26,,,,,,,,,39,71,21,,21,83,97,34,70,55,76,79,,,,,,,,,18,23,16,39,15,,,,,,,,,,,,,,,,,,,,,,,,,,,,,,,,,,,,,,,,,,,,,,,,,,,,,,,,,,,,,,,,,,,,,,,,,,,,,,,,,,,,,,,,,,,,,,,35,54,90,70,84,67,84,,,,,,,,54,52,52,65,45,54,50,50,,,,18,11,15,18,20,24,17,14,31,35,33,36,39,,,,,,66,60,68,59,60,,,,,,53,47,46,45,54,,35,32,28,28,28,26,38,,,,,,,,,,,,37,41,47,,,,,,,,,,,,,,,,,,,,,,,52,52,50,49,,,,,,,,,,,,,,,,,,,6,182,6,74,,,,,,,,,,,,,16,53,,,,,,,,,,,86,79,81,63,10,24,73,101,109,109,58,,,,67,94,97,88,59,,,,21,,57,60,,,,44,66,9,,71,50,10,28,52,22,64,39,91,98,65,86,81,92,,26,15,45,58,57,32,12,4,9,,,,,33,,39,,,76,55,,,,,,55,82,14,20,75,72,,,64,,,29,,,,58,44,96,82,76,84,10,46,,,,34,66,34,,,,107,114,53,51,,16,20,42,10,,,,39,10,13,,,,,,,,,,,,,,,
20160416,7,O3_8h_24h,,,,,,,,,,,,,,,,,,,,,,,,,,,,,,,,,,,,,,,,,,,,,,,,,,,,,,,,,,,,,,,,,,,,,,,,,,,,,,,,,,,,,,,,,,,,,,,,,,,,,,,,,,,,,,,,,,,,,,,,,,,,,,,,,,,,,,,,,,,,,,,,,,,,,,,,,,,,,,,,,,,,,,,,,,,,,,,,,,,,,,,,,,,,,,,,,,,,,,,,,,,,,,,,,,,,,,,,,,,,,,,,,,,,,,,,,,,,,,,,,,,,,,74,,,,,,,,,,,,,,,,,,,,,,,,,,,,,,,,,,,,,,,,,,,84,,,,,,,,,,,,,,,,,,,,,,,,,,,,,,,,,,,,,,,,,,,,,,,,,,,,,,,,,,,,,,,,,,,,,,,,,,,,,,,,,,,,,,,,,,,,,,,,,,,,,,,,,,,,,,,,,,,,,,,,,,,,,,,,,,,,,,,,,,,,,,,,,,,,,,,,,,,,,,,,,,,,,,,,,,,,,,,,,,,,,,,,,,,,,,,,,,,,,,,,,,,,,,,,,,,,,,,,,,,,,,,,,,82,,105,,,,,,,,,,,,,,,,,103,,,,,,,,,,,,,,,,,,,,,,,,,,,,,,,,,,,,,,,,,,,,,,,,,,,,,,,,,,,,,,,,,,,,,,,,,,,,,,,,,,,,,,,,,,,,,,,,,,,,,,,,,,,,,108,88,83,,125,76,,,,,,,,,,,,,,,,,,,,,,,,,,,,,,,,,,,,,,,,,,,,,,,,,,,,,,,,,,,,,,,,,,,,,,,,,,,,,,,,,,,,,,,,,,,,,,,,,,,,,,,,,,,,,,,,,,,,,,,,,,,,,,,,,,,,,,,,,,,,,,,,,,,,,,,,,,,,,,,,,,,,122,,,,,,29,46,91,64,,,,,,,,,,,,,,,,,,,,,,,,,,,,,,,,,,,,,,,,,,,,,,,,,,,,,,,,,,,,,,,,,,,,,,,,,,,,,,,,,,,,,,,,,,,,,,,,,,,,,,,,,,,,,,,,,,,,,,,,,,,,,,,,,,,,,,,,,,123,120,119,110,123,132,,134,136,73,68,,69,49,114,141,123,84,,46,118,113,97,101,94,134,,,118,116,99,97,53,83,96,104,,,,,,,,,,,,,,,,,,,,,,,118,95,109,117,139,111,103,91,44,,,,,,,,77,37,91,93,94,95,82,108,77,60,82,110,,,,,,105,89,112,58,,,78,91,,87,64,,78,292,73,98,178,172,187,,135,126,,151,142,,,,82,63,90,62,107,104,,,,,,,,,94,147,81,,71,142,184,74,86,96,158,80,,,,,,,,,89,91,127,124,61,,,,,,,,,,,,,,,,,,,,,,,,,,,,,,,,,,,,,,,,,,,,,,,,,,,,,,,,,,,,,,,,,,,,,,,,,,,,,,,,,,,,,,,,,,,,,,,60,94,129,105,116,102,120,,,,,,,,122,114,104,130,88,100,90,94,,,,42,39,53,50,42,57,47,25,64,61,66,54,56,,,,,,67,89,101,78,117,,,,,,77,74,58,54,65,,84,85,82,78,28,42,79,,,,,,,,,,,,104,99,117,,,,,,,,,,,,,,,,,,,,,,,86,81,83,88,,,,,,,,,,,,,,,,,,,26,182,16,77,,,,,,,,,,,,,25,67,,,,,,,,,,,140,128,125,107,30,77,85,116,141,143,68,,,,116,128,142,92,80,5,,,42,56,96,115,,,,160,147,89,,92,86,119,148,98,55,96,65,142,153,98,122,115,125,,85,24,61,126,113,67,74,70,69,,,,,52,,84,,,112,75,,,,,,71,112,89,88,101,106,,,85,,,86,,,,135,90,138,109,138,109,44,75,,,,51,103,64,,,,149,167,56,55,,40,44,109,101,,,,140,76,153,,,,,,,,,,,,,,,
20160416,7,CO,,,,,,,,,,,,,,,,,,,,,,,,,,,,,,,,,,,,,,,,,,,,,,,,,,,,,,,,,,,,,,,,,,,,,,,,,,,,,,,,,,,,,,,,,,,,,,,,,,,,,,,,,,,,,,,,,,,,,,,,,,,,,,,,,,,,,,,,,,,,,,,,,,,,,,,,,,,,,,,,,,,,,,,,,,,,,,,,,,,,,,,,,,,,,,,,,,,,,,,,,,,,,,,,,,,,,,,,,,,,,,,,,,,,,,,,,,,,,,,,,,,,,,,,,,,,,,,,,,,,,,,,,,,,,,,,,,,,,,,,,,,,,,,,,0.88,,,,,,,,,,,,,,,,,,,,,,,,,,,,,,,,,,,,,,,,,,,,,,,,,,,,,,,,,,,,,,,,,,,,,,,,,,,,,,,,,,,,,,,,,,,,,,,,,,,,,,,,,,,,,,,,,,,,,,,,,,,,,,,,,,,,,,,,,,,,,,,,,,,,,,,,,,,,,,,,,,,,,,,,,,,,,,,,,,,,,,,,,,,,,,,,,,,,,,,,,,,,,,,,,,,,,,,,,,,,,,,,,,0.18,,0.522,,,,,,,,,,,,,,,,,1.086,,,,,,,,,,,,,,,,,,,,,,,,,,,,,,,,,,,,,,,,,,,,,,,,,,,,,,,,,,,,,,,,,,,,,,,,,,,,,,,,,,,,,,,,,,,,,,,,,,,,,,,,,,,,,1.022,1.858,0.368,,0.41,0.472,,,,,,,,,,,,,,,,,,,,,,,,,,,,,,,,,,,,,,,,,,,,,,,,,,,,,,,,,,,,,,,,,,,,,,,,,,,,,,,,,,,,,,,,,,,,,,,,,,,,,,,,,,,,,,,,,,,,,,,,,,,,,,,,,,,,,,,,,,,,,,,,,,,,,,,,,,,,,,,,,,,,1.957,,,,,,0.549,0.248,0.53,0.433,,,,,,,,,,,,,,,,,,,,,,,,,,,,,,,,,,,,,,,,,,,,,,,,,,,,,,,,,,,,,,,,,,,,,,,,,,,,,,,,,,,,,,,,,,,,,,,,,,,,,,,,,,,,,,,,,,,,,,,,,,,,,,,,,,,,,,,,,,0.854,0.985,0.567,0.279,0.642,0.897,,0.86,0.425,2.103,1.685,,1.87,1.876,0.824,0.399,0.554,1.239,,1.251,0.243,0.265,0.391,0.472,0.922,0.891,,,0.348,0.724,0.484,0.447,0.231,0.558,0.552,0.78,,,,,,,,,,,,,,,,,,,,,,,1.374,1.426,1.946,1.212,1.26,0.78,0.861,1.718,1.537,,,,,,,,0.676,1.128,1.144,0.252,1.191,1.793,,0.62,0.569,1.306,1.036,1.03,,,,,,0.658,1.286,1.118,0.792,,,0.26,0.275,0.276,0.412,0.464,,0.623,0.612,0.657,0.785,0.511,0.621,0.887,,0.632,0.479,,0.968,0.524,,,,0.82,1.127,1.353,1.798,0.55,0.926,,,,,,,,,0.858,0.816,0.807,,0.655,0.768,0.666,0.383,0.492,0.386,1.349,0.783,,,,,,,,,1.229,0.27,1.107,0.62,1.082,,,,,,,,,,,,,,,,,,,,,,,,,,,,,,,,,,,,,,,,,,,,,,,,,,,,,,,,,,,,,,,,,,,,,,,,,,,,,,,,,,,,,,,,,,,,,,,1.106,0.971,1,0.531,0.607,0.753,0.552,,,,,,,,1.061,1.093,1.848,0.785,0.579,0.672,0.969,0.815,,,,0.546,0.458,0.875,1.22,1.154,1.25,1.052,1.257,0.695,0.967,0.871,0.641,0.809,,,,,,0.733,1.099,0.801,1.16,0.961,,,,,,1.576,0.594,1.116,1.39,1.996,,1.005,2.6,1.079,1.962,0.111,0.054,0.71,,,,,,,,,,,,1.185,1.17,1.305,,,,,,,,,,,,,,,,,,,,,,,0.44,0.284,0.513,0.37,,,,,,,,,,,,,,,,,,,,2.016,0.84,0.174,,,,,,,,,,,,,1.34,0.404,,,,,,,,,,,0.536,0.578,0.404,0.349,0.125,0.816,0.315,0.482,0.741,0.576,0.374,,,,0.569,0.282,0.441,1.201,0.118,0.404,,,0.404,1.053,0.973,0.657,,,,0.321,0.86,1.595,,0.532,0.541,1.508,0.873,0.125,0.047,0.615,,1.737,1.341,0.85,0.678,0.359,0.321,,2.033,0.572,0.31,0.285,0.438,1.538,1.16,0.879,0.71,,,,,0.322,,1.345,,,0.247,0.367,,,,,,0.811,0.385,0.511,1.55,0.719,0.472,,,0.469,,,0.945,,,,0.904,0.931,0.525,0.266,0.336,0.572,1.09,0.315,,,,0.361,0.781,0.333,,,,1.2,0.755,0.288,0.258,,0.762,1.851,0.979,0.036,,,,1.593,2.142,0.684,,,,,,,,,,,,,,,
20160416,7,CO_24h,,,,,,,,,,,,,,,,,,,,,,,,,,,,,,,,,,,,,,,,,,,,,,,,,,,,,,,,,,,,,,,,,,,,,,,,,,,,,,,,,,,,,,,,,,,,,,,,,,,,,,,,,,,,,,,,,,,,,,,,,,,,,,,,,,,,,,,,,,,,,,,,,,,,,,,,,,,,,,,,,,,,,,,,,,,,,,,,,,,,,,,,,,,,,,,,,,,,,,,,,,,,,,,,,,,,,,,,,,,,,,,,,,,,,,,,,,,,,,,,,,,,,,0.25,,,,,,,,,,,,,,,,,,,,,,,,,,,,,,,,,,,,,,,,,,,0.787,,,,,,,,,,,,,,,,,,,,,,,,,,,,,,,,,,,,,,,,,,,,,,,,,,,,,,,,,,,,,,,,,,,,,,,,,,,,,,,,,,,,,,,,,,,,,,,,,,,,,,,,,,,,,,,,,,,,,,,,,,,,,,,,,,,,,,,,,,,,,,,,,,,,,,,,,,,,,,,,,,,,,,,,,,,,,,,,,,,,,,,,,,,,,,,,,,,,,,,,,,,,,,,,,,,,,,,,,,,,,,,,,,0.238,,0.606,,,,,,,,,,,,,,,,,0.735,,,,,,,,,,,,,,,,,,,,,,,,,,,,,,,,,,,,,,,,,,,,,,,,,,,,,,,,,,,,,,,,,,,,,,,,,,,,,,,,,,,,,,,,,,,,,,,,,,,,,,,,,,,,,1.3,1.695,0.61,,0.589,0.685,,,,,,,,,,,,,,,,,,,,,,,,,,,,,,,,,,,,,,,,,,,,,,,,,,,,,,,,,,,,,,,,,,,,,,,,,,,,,,,,,,,,,,,,,,,,,,,,,,,,,,,,,,,,,,,,,,,,,,,,,,,,,,,,,,,,,,,,,,,,,,,,,,,,,,,,,,,,,,,,,,,,1.311,,,,,,0.521,0.392,0.497,0.389,,,,,,,,,,,,,,,,,,,,,,,,,,,,,,,,,,,,,,,,,,,,,,,,,,,,,,,,,,,,,,,,,,,,,,,,,,,,,,,,,,,,,,,,,,,,,,,,,,,,,,,,,,,,,,,,,,,,,,,,,,,,,,,,,,,,,,,,,,0.928,1.244,0.841,0.547,0.967,0.959,,0.863,0.622,2.276,1.915,,2.021,2.093,1.161,0.643,0.768,1.486,,1.483,0.314,0.331,0.272,0.785,1.031,0.854,,,0.421,0.572,0.461,0.553,0.33,0.754,0.783,0.92,,,,,,,,,,,,,,,,,,,,,,,1.078,0.844,1.743,0.98,1,0.843,1.128,1.182,1.372,,,,,,,,0.737,1.679,1.159,0.45,1.407,1.811,,0.639,0.751,1.144,1.105,0.884,,,,,,0.807,1.203,1.197,1.237,,,0.239,0.275,0.325,0.475,0.514,,0.576,0.568,0.656,0.659,0.419,0.545,0.751,,0.643,0.472,,0.932,0.547,,,,0.643,1.799,1.246,2.228,0.381,0.74,,,,,,,,,0.669,0.678,0.743,,0.542,0.603,0.67,0.406,0.539,0.356,0.97,0.698,,,,,,,,,1.026,0.154,0.958,0.366,1.052,,,,,,,,,,,,,,,,,,,,,,,,,,,,,,,,,,,,,,,,,,,,,,,,,,,,,,,,,,,,,,,,,,,,,,,,,,,,,,,,,,,,,,,,,,,,,,,1.346,1.169,1.204,0.665,0.883,0.948,0.723,,,,,,,,1.299,1.361,1.763,0.885,0.519,0.603,0.784,0.681,,,,0.707,0.933,1.046,1.177,1.185,1.033,1.229,1.417,0.76,1.056,0.992,0.885,1.05,,,,,,0.973,1.201,1.065,1.307,1.088,,,,,,1.526,0.779,1.096,1.303,1.836,,0.744,1.579,1.267,1.692,0.184,0.358,0.717,,,,,,,,,,,,1.11,1.291,1.732,,,,,,,,,,,,,,,,,,,,,,,0.395,0.25,0.511,0.439,,,,,,,,,,,,,,,,,,,,2.099,1.085,0.297,,,,,,,,,,,,,1.23,0.515,,,,,,,,,,,0.767,0.61,0.452,0.562,0.166,0.865,0.55,0.602,0.662,0.531,0.728,,,,0.615,0.375,0.359,1.103,0.176,0.338,,,0.415,0.918,0.637,0.739,,,,0.29,0.827,1.53,,0.552,0.612,1.341,0.902,0.126,0.088,0.782,,1.769,1.399,0.855,0.727,0.251,0.335,,1.951,0.513,0.38,0.263,0.463,1.6,1.054,0.862,0.738,,,,,0.365,,1.355,,,0.417,0.409,,,,,,0.566,0.413,0.706,1.16,0.47,0.343,,,0.429,,,1.406,,,,0.739,0.917,0.578,0.338,0.362,1.031,1.131,0.426,,,,0.34,0.724,0.457,,,,1.121,0.63,0.4,0.34,,0.69,1.333,0.975,0.336,,,,2.235,2.756,1.097,,,,,,,,,,,,,,,
20160416,8,AQI,111,194,146,105,83,182,190,26,56,384,154,202,,56,59,45,64,52,39,,52,50,29,33,10,39,,29,22,12,18,25,29,33,82,73,79,74,80,73,68,81,79,89,95,32,65,51,59,53,66,45,46,55,65,67,70,65,56,63,78,106,82,105,89,53,53,55,56,46,50,53,52,46,48,46,40,42,25,45,,23,58,38,34,31,50,49,93,64,57,73,55,66,59,78,62,83,76,,71,71,74,75,79,,76,78,72,68,79,64,73,68,69,69,37,95,109,89,114,89,74,66,124,74,98,75,99,58,,84,79,87,113,87,79,88,84,57,40,45,51,45,46,49,52,38,52,45,39,39,42,36,46,55,51,42,46,44,37,48,29,37,39,41,40,44,44,33,59,69,63,62,102,77,98,,99,95,113,58,55,59,54,39,53,46,37,43,52,41,46,43,37,39,38,36,47,,35,38,39,55,56,51,53,67,70,69,69,73,38,58,49,53,69,75,69,75,52,32,31,37,29,61,66,,51,36,42,41,29,33,26,,37,28,33,51,56,78,44,21,34,57,,36,,31,42,,89,51,42,35,,,36,39,49,77,83,59,46,58,62,40,57,50,57,52,55,60,58,50,38,18,92,55,52,43,61,45,43,80,25,29,14,23,29,22,12,32,33,114,166,143,129,166,,178,112,57,51,42,52,48,56,56,60,64,37,32,33,30,45,54,35,25,25,20,20,16,35,16,23,26,13,23,19,26,25,26,23,16,32,18,33,19,25,45,47,,45,53,48,53,41,56,49,46,55,38,37,30,48,42,43,58,33,47,58,28,40,42,30,38,42,49,40,44,29,45,51,62,30,36,45,28,38,31,31,54,45,55,46,53,48,41,43,35,40,47,42,42,,89,83,85,85,83,87,110,108,49,57,72,104,54,27,30,28,32,23,42,34,27,22,33,45,26,25,30,27,38,45,77,48,53,45,45,,42,22,18,26,26,20,44,25,26,27,38,52,58,50,58,53,68,56,56,54,,31,109,43,51,42,49,30,45,44,51,37,32,36,,32,43,41,46,46,52,29,19,42,50,58,72,127,93,105,94,83,,67,102,41,55,54,40,23,29,29,38,23,18,30,37,26,42,32,22,41,30,89,89,100,71,88,79,107,78,82,81,92,97,100,75,58,64,59,56,57,89,81,65,150,92,95,125,88,78,65,23,125,100,105,72,67,79,87,,43,41,119,,112,73,102,,69,85,104,,85,,84,102,92,93,76,60,65,62,49,55,51,88,,70,,100,76,79,79,76,122,92,58,61,,62,57,58,97,76,84,,33,33,33,35,23,32,32,22,33,32,23,60,59,53,57,55,52,37,57,42,49,62,28,36,35,36,40,35,40,35,35,45,48,40,49,54,50,47,45,30,42,40,40,46,30,46,52,82,77,92,68,84,203,168,174,,137,148,44,52,,53,25,49,67,40,35,54,,38,33,25,38,29,16,169,164,165,110,64,67,66,75,70,68,,66,80,55,79,58,57,59,68,83,63,55,55,179,97,119,107,110,65,49,84,57,60,,49,39,80,31,32,38,57,120,74,99,49,97,24,39,42,32,29,25,21,35,38,39,38,46,35,19,22,32,25,32,23,52,35,58,47,76,56,59,68,77,25,20,33,32,26,29,46,,39,59,118,47,52,32,20,35,,37,49,53,23,16,25,30,13,22,22,23,19,52,64,34,30,31,31,25,21,22,58,,44,72,24,40,90,92,94,99,,59,59,53,97,114,97,84,100,92,47,48,36,52,52,54,12,23,24,26,26,14,73,69,92,65,12,37,22,26,44,47,40,37,53,59,41,63,27,28,26,57,45,36,51,31,29,,48,51,55,23,56,49,63,20,44,37,28,61,51,40,54,24,41,55,57,29,57,53,50,36,51,42,65,76,74,91,56,,93,120,117,98,29,29,57,32,12,63,68,58,87,86,125,119,59,52,47,54,44,45,78,65,65,55,66,61,58,64,66,73,56,55,59,54,57,57,37,35,40,38,50,,49,47,48,,,53,38,44,47,46,52,,50,26,28,36,36,58,54,67,56,60,59,52,42,,,62,62,19,23,25,25,23,39,59,40,38,74,64,69,27,,17,40,29,26,42,68,120,73,75,28,,21,38,30,33,,32,28,41,31,41,24,,33,63,68,89,93,118,113,63,39,103,116,113,39,47,69,99,84,38,32,60,54,50,178,148,122,176,,52,62,59,65,89,77,79,78,82,80,79,89,79,99,85,68,72,32,52,78,62,85,73,84,83,65,73,73,47,50,49,56,26,20,64,49,105,114,140,52,28,38,36,,,50,57,61,97,118,90,26,32,26,49,47,73,18,63,67,35,45,77,52,,48,27,,48,34,96,82,80,51,58,69,40,45,33,77,72,54,,29,58,9,64,52,64,105,,86,68,59,83,57,56,32,49,,130,48,66,26,72,40,50,120,65,74,83,100,33,33,38,35,9,22,19,19,26,22,,24,30,40,42,34,41,43,39,44,27,62,79,42,76,52,34,55,69,103,39,62,57,51,51,29,39,34,38,41,30,36,26,40,67,67,64,78,57,30,30,28,28,24,34,52,49,42,82,39,54,26,77,68,72,55,54,39,52,36,35,29,30,36,35,31,25,,40,54,19,108,86,82,110,23,30,25,52,63,,67,51,34,15,35,27,18,22,33,20,30,30,60,20,18,16,27,27,25,31,35,25,58,35,33,19,23,26,42,57,47,32,42,42,45,48,33,32,35,35,36,38,29,30,26,32,60,28,59,63,41,,49,51,,68,33,33,46,48,58,,59,61,35,48,9,25,32,,57,69,62,72,70,56,78,70,75,77,68,119,79,59,47,68,105,119,,54,58,129,107,75,74,124,109,44,35,31,44,31,30,24,46,29,27,36,25,30,24,26,20,22,38,33,40,26,36,33,,26,48,37,34,62,33,47,85,12,22,23,16,18,10,35,38,32,52,30,53,40,65,49,52,23,20,17,41,38,29,30,67,29,19,25,23,22,28,41,45,22,25,51,46,27,,22,,33,26,28,31,26,26,61,84,63,37,67,65,78,95,113,78,75,100,166,46,51,32,54,22,36,25,23,51,53,55,38,58,56,,108,28,15,29,25,17,67,20,25,79,92,83,91,10,,16,37,34,33,34,36,32,32,35,42,54,54,40,52,55,59,35,,43,47,54,21,,49,58,56,80,59,85,100,140,60,78,81,80,84,61,87,77,82,107,112,109,112,350,329,33,57,59,53,55,180,233,94,121,202,311,63,70,45,31,42,12,31,30,24,45,68,64,68,25,43
20160416,8,PM2.5,53,62,62,58,47,89,143,,24,98,73,152,,29,23,31,26,36,18,,5,35,20,23,,24,,20,15,7,7,6,15,11,43,36,37,45,37,42,29,50,52,53,43,22,47,28,21,24,26,11,24,21,24,17,45,32,21,16,26,26,38,43,33,13,12,15,9,25,21,30,10,28,33,32,20,17,17,15,,10,31,18,17,14,19,17,13,24,8,6,19,5,13,23,44,52,54,,44,50,47,55,49,,53,47,47,44,44,33,48,46,45,44,24,64,82,66,86,66,50,45,94,54,73,55,74,38,,62,58,64,85,64,58,65,62,28,28,25,25,31,25,22,36,26,36,23,26,27,29,18,18,34,21,20,16,24,15,16,19,15,16,17,16,21,21,16,42,40,35,36,76,55,71,,57,56,85,41,39,36,36,19,32,32,21,30,23,23,32,15,23,17,25,20,16,,22,26,26,21,24,30,37,47,46,45,41,52,18,34,16,21,50,55,50,55,29,20,19,24,17,24,42,,31,17,20,18,6,6,10,,5,10,10,35,30,44,29,8,19,33,,15,,17,24,,66,23,29,12,,,25,27,34,56,61,42,24,41,33,28,40,35,40,36,38,43,41,35,26,9,68,39,36,30,35,31,30,59,9,13,1,4,20,3,2,22,2,86,126,109,98,126,,134,84,23,30,29,20,28,29,33,32,32,21,22,23,17,31,38,24,17,17,1,9,8,24,11,5,18,5,3,13,18,14,18,10,11,22,10,23,13,7,31,29,,30,32,33,31,28,31,34,19,29,26,19,19,26,29,30,26,23,27,37,11,28,23,16,26,29,27,16,26,20,31,32,44,21,25,31,,26,21,21,38,28,39,32,37,33,28,26,22,28,28,27,21,,66,61,63,63,61,64,74,79,34,40,52,78,32,12,21,14,22,8,29,19,18,15,21,31,14,17,21,12,17,31,56,32,37,28,30,,24,5,4,11,3,14,8,6,6,7,6,36,34,25,36,30,43,31,17,10,,16,63,13,33,21,34,15,23,20,33,7,13,15,,19,22,21,32,20,32,19,9,29,34,41,17,96,27,51,39,57,,23,76,20,15,14,10,16,17,20,26,16,9,14,23,18,29,3,15,15,21,9,21,22,28,23,18,25,22,12,26,22,53,75,53,32,44,42,34,39,59,58,35,115,68,65,95,51,54,47,16,95,75,69,45,48,58,64,,21,26,90,,84,53,76,,50,63,78,,63,,25,76,64,69,55,39,30,44,20,22,24,65,,51,,74,53,58,58,47,43,66,41,37,,38,32,26,72,54,62,,23,23,23,24,13,22,22,14,23,22,16,43,42,37,40,38,36,23,40,29,28,44,19,25,24,25,28,24,28,24,22,30,33,28,34,38,34,32,31,21,29,25,28,32,21,27,28,51,49,68,49,62,33,46,27,,40,46,21,12,,26,16,14,24,17,14,12,,26,9,6,18,4,7,59,59,72,30,41,45,43,49,46,49,,43,33,33,58,15,35,42,38,60,45,35,27,135,72,90,80,83,47,34,62,40,43,,34,20,59,21,22,24,38,91,54,74,34,72,16,27,29,21,9,13,14,24,26,27,26,32,24,13,12,22,17,22,16,36,5,34,28,44,39,42,49,56,16,14,23,22,18,17,32,,27,42,89,32,36,21,12,24,,18,22,30,14,3,6,5,7,6,5,15,10,3,46,9,11,13,15,13,12,5,4,,17,52,10,28,67,68,70,68,,31,38,34,72,86,72,62,75,68,22,31,19,28,27,32,8,9,16,9,12,8,45,50,31,34,8,18,15,18,18,3,17,18,13,16,18,45,12,19,12,40,31,25,10,12,20,,33,25,27,16,34,21,45,14,18,16,17,27,19,17,27,14,24,18,40,12,40,19,23,25,18,15,27,22,21,13,24,,22,36,37,41,7,11,40,12,3,23,18,15,55,60,95,90,27,33,27,38,17,24,31,39,,39,44,39,27,35,37,41,21,31,28,29,21,18,16,21,26,13,21,,28,29,33,,,20,26,24,31,27,36,,35,18,19,25,25,41,38,36,18,27,27,27,27,,,44,44,13,12,7,10,6,27,42,28,26,43,46,36,10,,9,15,5,18,29,41,51,45,41,18,,14,26,15,18,,7,18,27,11,21,14,,11,17,24,,69,89,85,45,27,43,46,42,23,19,50,74,62,12,9,30,34,24,134,113,92,133,,28,32,36,28,66,56,55,57,46,48,44,40,58,74,63,49,52,16,15,57,44,60,53,62,61,47,53,53,30,33,26,36,18,13,35,34,79,86,107,36,19,19,,,,35,40,42,72,89,67,12,22,12,34,21,53,12,45,14,23,25,48,30,,12,6,,13,22,55,55,52,35,29,35,22,31,23,56,52,38,,20,41,6,46,36,46,79,,61,49,42,61,27,28,17,34,,99,25,16,14,52,27,35,91,47,54,61,75,23,19,21,24,6,15,12,12,18,15,,11,21,28,29,16,25,30,26,28,5,44,58,29,28,25,17,34,37,77,21,31,30,25,21,20,27,23,26,20,21,25,18,28,37,36,46,57,37,21,21,16,19,15,19,36,34,29,60,27,38,18,56,49,52,28,37,27,22,20,24,20,21,25,24,21,6,,28,13,10,81,60,60,83,13,15,11,20,36,,48,25,5,8,24,12,4,4,14,7,10,19,43,8,7,7,3,4,,20,14,15,15,19,23,4,5,9,29,40,25,22,29,29,31,33,18,22,23,24,25,16,7,20,11,22,43,,26,22,24,,34,34,,49,23,11,20,19,41,,42,22,24,33,6,15,17,,40,50,44,52,51,35,57,51,55,56,46,54,58,42,26,49,79,90,,34,41,98,80,55,54,94,82,6,7,14,7,11,14,14,24,8,13,20,17,10,10,18,11,9,17,17,20,18,17,13,,16,2,23,20,38,14,19,10,6,6,11,8,8,6,8,17,22,5,11,30,20,18,34,21,13,13,7,19,19,12,9,41,7,9,7,10,11,3,13,16,2,6,11,24,10,,5,,15,13,19,11,16,18,39,52,45,15,48,47,57,71,68,57,55,45,126,32,18,22,,12,18,17,16,15,37,24,,33,28,,73,19,7,18,17,10,48,14,17,22,29,22,22,5,,10,13,16,23,18,25,19,22,23,18,35,35,12,18,32,23,12,,13,28,21,6,,24,41,20,33,25,,50,107,21,28,39,42,56,18,19,26,34,39,29,52,84,68,69,,18,18,13,30,76,94,26,58,152,261,28,31,4,12,7,8,20,7,7,14,40,29,49,17,30
20160416,8,PM2.5_24h,53,52,68,58,54,59,55,,42,53,55,61,,98,103,100,102,108,98,,97,119,119,111,118,109,,60,57,67,50,50,64,54,115,113,120,126,130,130,37,65,57,55,52,57,61,63,68,61,79,66,61,56,67,56,55,49,44,41,29,39,38,36,27,31,44,47,38,89,86,95,71,83,79,86,61,61,64,28,,23,31,17,34,24,38,38,25,31,23,22,36,20,30,26,40,39,45,,42,44,43,45,46,,50,39,35,36,33,28,39,38,30,38,31,47,50,41,43,41,33,37,40,33,44,49,49,43,,57,54,49,53,42,46,56,36,45,46,39,43,35,39,45,44,45,41,34,42,39,36,30,33,45,28,29,27,41,26,29,30,26,26,34,34,41,36,33,54,53,48,59,61,46,62,,55,52,57,41,48,41,33,38,44,44,38,41,40,40,48,28,25,28,34,27,32,,28,27,29,37,39,44,56,43,48,47,49,51,21,36,26,30,48,54,42,52,34,25,16,31,24,31,30,,39,22,23,20,27,19,22,,22,26,26,35,32,37,34,16,18,23,,26,,29,27,,42,54,50,19,,,21,22,28,35,35,27,14,19,20,41,41,38,38,42,40,44,42,38,37,22,49,38,37,37,34,34,36,55,24,32,13,27,18,31,27,29,18,69,76,60,58,78,,89,63,21,31,36,31,39,32,41,41,38,47,56,55,53,60,59,53,50,56,29,35,33,33,37,34,35,30,35,77,32,29,34,33,28,31,34,34,31,28,30,33,,30,33,35,38,36,28,40,21,25,27,28,28,22,24,31,23,22,23,28,26,36,25,15,26,29,25,24,26,23,35,39,34,22,25,21,31,28,23,31,32,28,34,28,36,26,21,21,30,23,31,35,52,,58,54,53,54,52,57,58,64,31,37,44,41,32,10,32,20,25,24,35,27,27,28,26,38,25,32,29,22,34,40,33,26,28,25,29,,25,14,25,44,39,44,30,35,38,37,33,29,26,21,24,28,28,25,22,15,,29,107,19,44,30,35,25,37,28,47,16,36,25,,29,31,18,28,17,28,11,10,27,24,31,16,53,45,37,41,40,,24,39,19,19,24,10,30,31,29,32,29,30,31,29,32,33,29,25,40,67,31,37,36,31,39,25,27,29,23,26,26,35,38,41,35,33,36,33,38,43,78,56,58,42,47,52,41,40,36,19,103,81,72,72,75,88,57,,89,82,82,,100,69,79,,52,65,58,,71,,57,85,82,76,60,34,33,35,24,24,26,71,,62,,69,56,59,60,51,61,69,50,47,,28,30,26,74,59,67,,25,26,34,41,35,30,27,23,34,30,34,37,38,33,33,36,34,26,37,31,28,20,14,16,34,30,30,16,16,20,22,29,29,31,38,41,41,37,43,39,45,42,51,43,27,32,28,40,38,60,63,72,33,35,23,,30,40,63,39,,52,46,30,43,34,28,18,,50,34,60,52,29,24,43,35,42,27,40,43,44,49,50,42,,40,30,34,43,19,39,35,34,47,36,32,28,89,57,66,66,70,33,27,34,29,35,,30,38,60,33,46,54,36,43,47,57,47,83,43,47,67,50,22,19,21,26,36,29,34,31,43,25,26,25,19,23,29,25,6,77,118,103,118,108,96,102,62,61,98,82,79,66,73,,68,95,134,89,123,54,46,52,,44,51,66,39,54,58,52,44,56,37,37,40,44,58,50,32,54,46,54,67,66,63,,41,58,26,22,52,72,63,79,,44,47,57,82,76,76,66,78,76,23,32,14,19,21,18,23,21,24,23,22,13,30,18,23,17,21,37,28,29,28,24,19,18,11,28,22,28,14,30,21,39,33,31,14,20,34,,46,28,25,30,38,41,46,25,28,33,34,26,29,25,36,16,20,18,18,11,30,21,19,46,38,32,46,17,11,17,23,,18,20,27,29,16,6,22,16,9,30,30,24,69,76,95,70,40,32,33,43,28,33,30,33,31,47,39,42,27,32,45,53,33,32,29,22,20,20,25,35,31,30,39,,48,39,53,,,27,27,33,49,37,45,,39,17,20,30,33,60,57,23,19,16,17,30,23,,,45,45,27,34,27,28,30,44,45,45,45,46,48,46,60,,55,63,62,69,46,46,44,40,37,38,,34,39,30,32,,23,30,85,61,41,22,,19,26,24,22,54,69,64,29,23,43,40,36,37,36,67,79,77,70,69,25,25,26,126,72,71,87,,45,29,38,27,41,41,41,45,50,48,47,43,45,55,45,39,39,28,30,58,56,44,41,83,87,40,38,42,40,35,28,29,28,32,63,40,78,65,84,44,21,22,19,,,75,47,55,107,111,82,18,19,19,50,47,20,18,69,50,48,45,68,48,,37,36,,22,22,42,84,43,43,45,40,45,32,39,60,50,44,,26,38,8,61,56,70,62,,48,51,75,85,39,35,30,41,,65,53,57,25,37,23,27,63,47,42,48,109,29,31,33,31,6,24,23,20,21,18,,15,34,37,34,21,30,28,26,29,8,60,57,40,51,53,46,56,50,48,25,31,35,33,30,16,29,25,33,31,28,29,25,31,46,45,61,67,49,34,24,20,24,22,22,32,31,29,93,58,57,61,75,67,84,47,53,51,38,37,41,38,49,51,50,51,30,,67,36,30,60,53,37,66,41,39,42,22,35,,49,28,24,29,39,27,22,28,28,23,23,27,43,37,29,39,21,17,25,27,22,27,23,23,29,25,25,28,45,45,35,35,33,29,40,48,32,39,42,43,44,68,45,74,62,69,40,34,29,27,34,,44,46,,53,48,43,47,43,54,,49,36,53,54,25,39,44,,44,52,48,43,39,31,51,40,46,71,47,59,64,51,34,51,87,93,,37,54,79,72,55,57,78,77,7,6,9,6,14,14,13,14,13,11,17,13,22,20,21,21,18,29,17,26,19,25,22,,25,13,22,26,31,17,19,20,16,21,6,8,11,8,9,20,23,16,14,32,36,24,36,23,12,12,11,13,17,21,29,32,22,29,14,18,24,13,25,38,17,16,17,17,32,,46,,16,22,21,16,15,14,48,52,42,27,29,32,63,69,74,60,59,45,85,25,22,31,,15,11,15,16,19,26,27,39,26,27,,54,21,21,20,17,12,24,15,14,20,27,23,23,15,,18,27,25,22,15,22,16,21,23,15,30,29,12,18,26,19,12,,13,21,20,8,,19,29,20,21,27,,39,46,22,40,22,25,29,23,31,28,29,26,21,40,63,24,19,8,12,13,13,23,32,50,47,89,155,158,124,51,17,15,26,11,9,6,6,19,21,20,44,40,32
20160416,8,PM10,171,338,241,160,115,314,215,,62,487,258,168,,62,67,,77,37,39,,53,,,23,6,39,,25,22,8,11,25,29,29,114,95,108,97,110,96,86,112,107,128,140,,,52,37,56,82,45,46,59,80,84,90,80,61,76,106,162,113,159,127,56,56,59,62,46,50,55,53,46,45,,40,42,18,45,,23,66,38,34,31,50,49,136,77,64,95,59,82,68,106,74,116,101,,92,91,98,99,107,,101,105,94,85,107,78,96,85,87,87,,140,133,113,102,84,98,82,138,93,141,81,87,65,,79,86,88,114,83,72,68,74,64,,45,51,31,46,49,46,34,50,45,39,37,32,36,46,59,52,42,46,44,37,48,29,37,39,41,40,44,44,33,65,88,75,73,151,104,145,,148,140,136,52,52,67,58,39,56,45,37,39,54,41,40,43,37,39,38,36,47,,35,28,39,60,61,51,55,84,89,88,87,95,38,65,49,55,87,92,85,86,53,32,31,37,29,72,82,,52,36,42,41,13,17,26,,5,12,33,52,61,106,44,21,34,63,,36,,31,42,,103,52,36,35,,,26,35,45,88,95,58,46,62,73,29,42,,54,41,60,49,,,37,12,90,54,48,42,71,43,42,88,25,29,5,23,24,15,11,,33,152,232,195,172,185,,154,149,64,51,,53,48,62,61,69,77,37,28,30,30,36,,29,22,20,20,12,11,,14,12,,8,11,,,15,,11,12,,,,17,,39,47,,45,55,48,56,41,62,46,46,59,,37,30,48,39,39,66,28,47,66,28,,42,30,38,41,49,40,44,29,39,51,,29,30,31,28,34,31,31,53,45,50,44,46,42,41,43,35,,47,42,42,,110,91,110,96,88,122,169,165,47,56,68,84,57,27,21,28,24,23,,34,27,22,33,,17,24,23,27,38,39,99,48,54,45,45,,42,7,11,18,13,18,44,15,9,27,38,54,65,50,66,56,86,62,61,57,,31,168,43,51,42,48,30,45,44,51,37,32,36,,32,43,41,44,46,53,29,13,42,50,59,93,147,135,160,138,116,,84,127,41,59,58,40,21,29,,,,,30,28,,,21,,41,,127,128,149,91,125,107,163,106,114,112,134,144,144,100,65,78,61,62,64,127,112,79,134,,139,160,125,106,66,,155,125,159,93,78,83,79,,43,41,106,,123,93,115,,84,95,146,,110,,118,120,134,130,102,70,80,,49,60,52,96,,89,,149,101,80,97,101,193,134,64,72,,73,63,65,121,101,116,,29,24,,,23,26,22,22,27,24,19,58,,44,53,59,48,37,41,36,49,,24,,31,30,33,25,28,34,35,45,43,38,39,47,50,47,32,27,38,40,30,41,23,46,53,114,103,69,68,64,352,286,298,,224,246,44,54,,56,25,49,84,40,26,57,,29,33,25,38,29,11,288,278,279,170,78,83,82,100,89,78,,81,110,59,106,66,64,61,85,116,54,60,59,141,112,146,123,114,57,47,66,57,59,,44,39,66,31,28,38,63,104,62,125,36,78,24,35,32,32,21,16,21,24,27,34,29,,35,19,22,27,,26,,,,66,47,101,62,68,49,66,18,15,27,24,23,18,,,,65,,47,,32,20,33,,37,49,56,23,8,18,30,7,22,15,16,14,53,,30,26,15,20,23,19,20,65,,44,,24,32,90,90,80,147,,68,67,56,92,115,87,82,119,78,47,48,36,53,53,57,12,23,24,16,26,14,95,81,133,80,,37,15,19,44,47,40,37,55,68,41,,27,25,26,58,43,29,51,,29,,43,51,60,,61,49,56,20,44,37,28,71,51,40,58,24,41,60,58,29,54,56,50,35,52,42,80,102,98,131,61,,135,189,183,146,14,16,,16,9,76,86,65,124,121,148,173,68,53,42,57,44,45,105,80,80,50,81,72,66,78,81,96,62,59,68,58,64,64,37,35,40,38,50,,49,47,35,,,56,33,44,47,46,46,,41,24,24,31,30,53,53,84,61,69,68,54,42,,,62,63,19,15,16,12,15,30,,,,98,75,87,22,,17,40,29,,42,86,189,95,100,28,,,28,30,33,,32,28,41,24,41,24,,33,75,86,128,110,120,117,,34,156,181,176,39,47,54,,80,38,32,70,57,50,214,242,122,169,,54,74,68,80,100,95,107,99,114,109,107,127,78,139,104,71,82,32,53,83,51,120,77,67,73,54,54,77,47,50,49,61,18,13,78,34,116,99,122,45,21,38,36,,,47,44,72,,,71,26,26,26,40,47,93,14,50,83,35,45,104,54,,48,27,,48,34,142,114,109,51,66,70,40,43,,69,57,58,,,43,,74,53,65,110,,121,,68,66,63,62,32,45,,,35,82,20,,40,,,,,,,,33,38,35,,16,,15,18,18,,24,,,,34,41,35,39,44,27,44,,,102,54,34,60,87,,39,74,63,51,52,24,39,34,33,41,26,30,20,,83,83,76,72,64,24,29,28,24,21,34,,39,42,,27,,20,74,60,,59,57,34,53,36,32,28,23,30,25,31,9,,34,57,,116,121,86,128,23,30,25,54,76,,,51,27,15,24,27,8,10,33,19,30,30,50,20,18,16,27,16,5,31,35,25,66,35,32,18,14,26,37,,47,25,29,34,31,,33,31,35,33,29,,29,20,23,,,28,68,75,41,,45,51,,53,24,33,46,48,42,,66,72,34,44,7,25,32,,57,65,63,73,64,62,67,63,60,66,86,187,74,52,47,52,106,120,,58,66,112,122,83,80,,109,44,35,31,44,31,30,24,46,29,27,36,,30,24,26,20,22,38,33,40,23,36,33,,26,48,37,34,73,33,47,34,,,20,16,18,10,35,38,,54,30,56,40,79,46,53,23,20,14,41,38,29,30,75,23,19,15,19,14,28,41,45,5,15,52,46,21,,22,,33,26,,31,26,,72,118,64,37,69,60,94,115,176,83,95,149,162,42,52,,58,22,36,19,18,51,,60,38,66,62,,166,25,13,29,,16,,14,22,108,133,116,132,10,,16,37,34,31,34,,32,30,35,42,58,58,40,54,59,68,35,,43,47,57,21,,49,,62,110,67,120,149,,69,105,111,110,117,72,124,103,113,163,173,168,111,460,443,1,63,67,55,59,310,373,137,192,264,264,76,89,45,31,42,,,,24,45,86,78,63,23,41
20160416,8,PM10_24h,110,110,114,102,93,124,115,,79,115,118,118,,162,173,170,154,189,156,,187,213,243,186,180,168,,105,123,121,106,106,116,179,235,223,264,225,241,238,88,116,118,134,130,113,126,160,141,113,153,138,189,154,152,212,178,227,229,207,80,106,86,114,79,103,88,102,94,156,171,158,176,175,143,125,123,133,87,89,,61,74,52,71,66,126,101,146,135,128,134,125,162,125,113,67,92,88,,98,89,88,82,103,,116,123,80,70,77,72,87,72,77,81,54,100,91,74,76,67,59,61,71,66,92,77,77,83,,79,86,80,86,64,75,89,69,86,77,89,89,69,91,78,89,83,138,113,127,128,100,100,128,147,104,85,92,92,73,90,93,78,70,75,88,100,83,87,108,108,95,104,185,131,153,,158,171,147,104,113,108,117,91,141,89,101,90,104,114,104,102,107,123,117,90,114,,105,105,96,115,118,129,140,108,119,117,106,121,48,88,62,67,118,107,112,102,54,41,23,56,41,67,59,,85,39,42,59,48,46,49,,33,44,65,56,66,69,57,34,42,50,,80,,74,51,,90,88,77,45,,,37,40,44,57,54,39,25,31,42,81,113,95,82,100,78,105,97,90,99,43,72,55,60,59,69,42,51,78,50,58,46,37,52,53,42,44,54,169,239,186,184,197,,172,197,65,75,48,69,55,60,63,87,119,121,114,108,101,109,105,122,112,104,50,60,69,60,67,55,66,64,72,,61,38,43,50,37,56,59,50,45,51,43,44,,46,53,41,61,43,43,48,40,41,34,46,44,39,32,52,49,38,40,44,42,62,40,30,34,45,45,46,45,40,47,69,37,37,32,34,33,47,40,43,44,40,43,41,45,40,37,35,46,39,49,56,63,,92,86,95,90,86,107,124,117,47,67,69,73,59,41,40,36,31,36,44,42,38,47,52,49,36,45,38,38,56,45,59,41,40,39,43,,43,19,80,91,98,79,94,81,84,92,100,51,58,50,55,61,79,55,89,74,,63,177,56,92,66,61,62,77,80,125,79,51,74,,67,70,35,45,29,48,30,19,53,43,57,55,104,108,110,89,89,,78,75,48,81,76,50,46,59,48,52,45,46,50,52,51,50,75,38,113,84,144,175,187,150,160,141,140,119,124,114,127,106,83,85,71,61,60,58,56,103,101,91,105,120,113,123,72,72,52,33,219,176,168,160,134,160,116,,220,205,226,,208,184,174,,94,142,157,,159,,170,144,170,152,135,125,109,81,68,63,75,132,,130,,159,142,118,164,147,155,154,80,84,,64,85,85,226,156,256,,39,34,41,43,38,47,41,31,38,40,49,55,50,55,48,52,47,47,55,42,58,16,20,25,45,38,40,19,21,25,39,46,45,48,48,54,53,53,52,50,51,52,60,51,37,57,50,79,75,157,165,178,143,105,121,,93,102,100,106,,120,99,65,117,55,76,52,,120,89,156,123,62,53,218,192,181,140,74,81,85,102,96,74,,84,88,69,85,61,67,60,74,91,63,61,55,118,126,124,126,121,54,40,58,51,49,,41,70,73,70,75,64,69,72,85,109,57,99,65,68,93,71,47,34,45,53,79,81,93,96,77,59,51,45,32,41,54,42,12,169,280,196,132,175,211,198,119,68,173,110,81,115,120,,119,170,217,167,178,101,106,104,,86,104,173,87,90,99,93,73,96,75,69,64,75,78,74,56,76,50,84,129,80,107,,68,90,44,28,72,111,97,126,,78,79,85,106,123,99,102,125,100,50,46,31,34,36,31,30,37,35,34,40,22,81,38,84,38,34,50,42,36,41,48,39,35,42,63,40,44,29,39,33,57,46,40,70,29,53,,64,72,86,71,73,82,80,49,55,61,63,56,54,48,68,28,32,47,35,40,43,53,40,79,35,76,115,82,98,94,76,,74,73,131,97,25,21,60,37,33,137,132,141,170,178,168,192,117,83,53,70,61,64,74,80,131,81,108,116,97,103,149,159,66,73,61,45,43,52,95,84,93,87,105,,89,107,93,134,,112,78,100,107,106,118,,71,51,56,77,80,79,77,68,62,44,44,60,54,,,70,76,48,71,50,59,56,111,99,110,99,81,73,68,79,,81,104,108,131,67,101,99,62,70,59,,50,66,64,46,,71,58,68,72,79,38,,42,105,94,107,148,147,164,69,56,138,139,148,128,136,87,106,96,478,394,68,61,56,174,179,139,175,,46,74,70,89,96,86,109,101,135,122,124,141,76,129,97,56,61,53,59,96,81,112,72,112,115,66,58,64,54,58,50,53,37,40,87,55,125,84,109,52,31,51,34,,,89,47,102,135,178,98,35,25,37,76,80,42,25,114,131,88,117,192,108,,68,72,,67,79,140,180,140,86,106,80,91,56,70,104,79,68,,35,41,27,122,104,113,103,,109,94,137,135,83,88,65,76,,89,113,111,64,60,38,40,59,46,68,48,38,46,47,50,43,8,35,29,32,28,29,,25,45,58,53,38,56,45,53,37,30,86,73,77,84,90,97,82,97,89,32,50,52,48,50,24,43,40,44,41,26,40,32,34,86,91,86,89,77,45,32,33,31,27,34,35,37,38,133,120,139,122,145,133,149,169,163,181,186,87,94,83,100,107,112,104,69,,127,122,82,130,131,121,160,88,80,106,49,58,,59,65,41,67,79,50,45,54,48,46,40,52,73,67,63,64,70,44,47,45,56,46,49,50,42,45,41,55,70,63,52,54,65,45,58,59,55,57,57,59,59,,73,120,101,104,46,49,63,51,49,,67,77,,75,67,73,84,82,64,,61,77,75,79,44,63,77,,63,59,59,78,60,64,79,71,73,96,77,89,95,66,53,83,140,135,,65,83,115,116,97,100,99,125,30,24,14,21,30,29,23,30,25,21,24,21,37,32,30,35,33,42,41,49,31,39,47,,41,49,34,37,57,43,52,42,32,42,10,14,19,12,26,36,36,37,35,50,50,77,66,83,22,22,22,32,42,51,97,81,79,52,35,32,41,48,69,96,33,33,51,56,50,,82,,32,71,61,33,25,15,87,119,63,54,53,56,94,117,188,101,103,142,135,38,50,49,59,24,20,27,24,62,,216,59,55,46,,173,41,39,45,,21,35,25,24,80,89,86,93,37,,34,65,44,39,40,21,25,33,30,30,58,54,31,36,70,70,34,,33,36,33,14,,41,34,53,64,65,97,149,51,74,130,68,81,70,85,87,80,66,98,86,197,204,136,108,24,55,53,62,105,142,178,181,266,339,322,156,165,47,36,64,31,17,15,23,56,48,52,61,80,48
20160416,8,SO2,3,2,2,3,2,4,4,2,2,2,6,2,,3,8,1,15,4,9,,8,2,4,10,5,10,,8,8,4,13,8,8,17,31,29,25,34,35,46,15,26,13,14,17,12,9,7,207,14,10,8,3,5,10,4,3,10,3,5,8,14,16,10,14,5,4,4,2,17,11,23,8,24,8,3,6,16,34,10,,8,25,20,7,12,8,27,12,10,6,14,6,1,8,8,8,69,26,,21,29,21,42,21,,21,21,12,7,5,4,9,1,10,10,2,42,16,13,8,10,7,9,10,17,12,25,17,27,,15,42,30,15,38,12,13,19,11,10,16,10,9,10,8,10,18,12,10,12,12,13,3,14,7,4,16,10,15,12,9,23,8,10,17,17,24,18,11,17,15,45,24,50,31,117,,55,24,166,10,26,56,25,14,13,17,11,8,13,12,15,10,10,26,21,15,13,,16,16,36,4,5,13,20,31,20,12,14,22,8,1,12,7,37,33,14,20,5,6,9,22,3,8,8,,17,5,5,7,7,8,9,,6,9,22,5,4,9,10,5,11,,,20,,8,9,,15,8,11,5,,,17,30,9,16,15,19,28,23,27,7,11,17,7,5,9,2,6,5,10,2,4,7,5,2,5,3,8,20,4,3,2,1,11,8,5,13,11,20,14,24,15,30,,25,20,20,10,25,7,32,18,13,11,5,14,12,15,9,2,16,11,14,11,3,2,4,7,2,7,4,6,8,5,6,7,6,4,9,16,7,9,7,5,3,4,,12,10,13,21,4,7,21,9,6,3,6,4,6,8,13,3,6,6,11,6,3,4,4,13,8,10,3,17,6,10,7,5,2,12,3,6,11,5,13,4,4,6,4,7,8,4,6,6,1,9,11,14,,8,12,8,10,5,10,8,8,5,2,3,4,9,7,6,8,8,6,11,11,16,6,14,14,7,10,8,6,8,14,6,11,12,7,6,,10,17,3,7,4,24,43,3,8,8,6,33,12,89,115,12,15,21,13,14,,6,12,7,31,14,13,21,13,16,15,9,12,5,,9,15,3,2,5,4,2,5,10,16,7,67,17,12,22,14,14,,2,16,6,9,2,12,9,17,16,26,12,4,19,40,7,,24,3,11,9,7,8,9,7,10,11,27,8,8,6,10,14,50,12,31,32,17,22,27,32,26,10,32,17,10,23,42,40,18,7,25,18,18,5,13,17,6,,8,14,13,,13,26,24,,19,40,80,,23,,13,12,22,19,30,11,11,5,17,5,15,24,,10,,10,19,37,21,24,6,33,11,5,,11,7,8,37,55,27,,16,11,8,6,7,15,6,2,7,9,10,3,10,9,5,13,8,11,4,5,22,3,4,8,8,8,10,5,5,8,3,2,3,6,6,7,8,11,5,3,8,3,8,23,24,2,16,53,76,12,11,14,13,21,14,,16,15,28,27,,25,23,12,10,12,2,13,,21,13,24,22,35,10,17,9,7,17,7,11,17,12,18,10,,62,24,8,22,7,15,16,18,127,22,9,8,89,74,32,98,105,14,10,17,11,11,,8,7,8,15,4,12,13,53,23,26,7,9,13,8,5,18,7,8,,,3,4,3,3,7,5,9,7,8,16,63,28,8,46,50,41,37,28,50,9,9,12,19,14,30,9,8,,10,28,22,7,26,17,27,10,,24,10,24,14,5,9,3,20,13,10,10,30,5,25,14,3,1,24,5,8,3,9,,4,7,4,3,15,16,19,15,,7,10,10,12,20,25,16,29,9,2,2,14,13,16,6,13,52,16,10,10,13,59,15,68,21,3,6,6,8,7,7,9,8,12,9,13,6,7,5,7,27,16,5,6,3,1,,2,51,18,9,10,12,13,4,12,6,11,6,2,8,6,3,3,6,5,5,48,6,4,19,8,11,11,12,6,39,7,,7,97,172,70,3,14,2,2,2,3,2,4,13,19,34,27,5,6,5,1,9,10,5,7,16,6,10,6,13,19,9,9,7,21,13,11,2,17,11,12,13,11,14,,10,16,12,,,10,7,12,25,14,14,,11,7,9,9,3,8,12,32,3,13,15,20,18,,,4,3,5,11,10,8,5,11,8,16,10,13,15,12,28,,29,12,10,12,59,77,74,50,65,21,,22,9,2,16,,17,12,14,40,48,12,,14,2,2,26,29,11,6,3,3,9,42,20,17,34,7,7,13,24,5,21,5,5,28,25,16,76,,5,7,5,9,37,21,27,29,20,12,15,9,13,12,21,26,15,2,6,31,17,12,10,8,2,15,18,10,11,11,38,12,4,3,3,2,5,7,8,3,3,3,27,,,4,7,5,15,20,27,13,22,36,24,8,42,17,31,35,31,9,40,14,,23,13,,31,21,8,19,34,154,138,282,18,123,59,7,4,6,,19,21,,13,22,10,,,5,12,12,19,11,4,10,8,,6,32,7,3,13,25,7,7,7,20,18,4,14,13,18,15,2,3,8,5,11,13,,9,3,5,5,3,5,3,3,4,10,15,23,28,29,11,6,14,50,36,3,51,75,32,20,10,9,5,26,7,1,4,5,7,6,4,7,5,9,6,14,4,9,4,51,41,59,57,25,57,41,12,14,31,18,7,7,3,7,23,18,14,10,97,22,11,36,,43,23,12,30,29,32,10,28,19,18,4,1,,6,2,11,5,22,18,5,4,7,5,19,39,15,23,14,4,4,4,3,3,3,20,2,5,5,1,1,5,5,4,23,9,10,50,6,5,10,24,15,14,17,3,74,6,14,11,1,5,5,4,12,,19,4,,19,,9,47,19,12,,18,66,11,27,9,7,10,,13,13,7,12,3,3,12,9,19,23,14,6,14,16,27,50,8,9,,11,3,7,15,20,10,6,10,14,19,14,15,8,9,4,8,11,13,21,4,4,3,5,7,3,35,10,14,33,29,31,,11,10,7,32,7,2,7,4,7,4,2,5,8,2,24,19,12,45,33,10,1,11,10,19,13,9,2,8,19,10,10,31,10,10,45,36,30,2,17,24,14,20,34,15,6,,13,,3,8,29,10,15,3,3,14,7,16,93,38,27,30,29,20,17,6,7,6,11,6,6,14,6,19,3,3,9,4,5,12,6,,31,7,12,9,7,4,3,2,1,4,9,6,6,3,,8,3,2,6,3,11,19,10,7,4,12,19,13,12,19,11,3,,7,12,14,4,,17,21,16,30,19,10,8,24,1,32,12,1,34,4,8,2,10,37,11,2,8,1,3,,5,4,8,9,3,5,2,7,14,11,3,13,7,10,5,4,1,3,15,12,8,43,19,5,14
20160416,8,SO2_24h,14,9,14,15,16,12,14,14,11,10,16,11,,26,33,28,35,26,36,,32,30,27,35,21,32,,38,33,34,41,37,24,39,84,71,69,81,86,91,24,29,15,21,19,34,25,32,148,24,33,31,27,30,35,11,8,15,10,10,17,15,21,24,20,23,23,23,23,71,16,47,28,45,27,30,25,55,56,16,,16,18,15,13,12,21,21,18,12,9,17,8,4,11,10,11,45,25,,22,23,21,20,28,,17,8,22,9,7,7,12,5,18,21,7,22,12,13,8,11,9,12,11,19,14,23,23,28,,14,36,30,26,30,16,44,17,13,12,11,11,9,11,11,12,19,20,18,19,19,19,6,19,13,10,16,10,18,12,9,16,10,12,18,23,30,17,15,19,18,25,30,31,28,26,,39,20,138,17,35,66,33,14,15,24,11,8,14,14,16,15,13,28,18,15,17,,27,25,28,9,14,25,29,25,22,12,12,15,7,13,14,9,43,29,12,22,9,8,10,18,8,10,13,,20,7,7,9,10,11,10,,9,11,15,8,7,9,12,7,9,7,,24,,17,14,,12,13,8,10,,,11,14,8,13,10,15,5,6,13,18,16,34,13,14,16,12,14,10,18,4,4,7,5,4,5,2,5,9,7,5,7,6,13,16,10,13,8,22,27,20,22,35,,29,25,21,11,21,8,30,18,11,11,17,20,17,21,13,9,21,14,19,17,9,7,8,11,10,12,8,11,11,20,8,13,8,6,11,17,8,13,10,7,4,5,,10,11,12,22,4,5,19,7,5,4,5,4,17,7,13,3,6,5,10,6,7,4,3,13,7,10,5,17,7,7,5,5,2,12,10,7,8,5,12,4,4,5,4,7,7,3,5,7,2,18,33,12,,7,10,8,9,5,10,7,9,5,4,5,5,11,6,5,11,8,5,7,9,11,8,7,7,8,9,8,6,11,14,4,9,8,7,6,,9,10,7,7,6,8,7,6,16,9,7,17,8,47,18,13,20,18,5,7,,6,12,7,17,8,5,12,5,9,11,11,11,4,,7,10,4,6,5,6,4,7,16,12,6,13,30,14,16,29,17,,3,16,10,12,7,7,38,20,33,39,37,12,21,15,12,35,13,5,72,11,8,9,6,8,12,9,16,10,9,4,9,19,20,14,13,23,14,18,13,22,21,13,12,14,11,20,14,13,7,6,30,25,23,6,16,23,11,,26,33,29,,28,59,47,,18,31,30,,23,,18,17,19,16,36,14,11,7,10,5,20,23,,10,,15,29,50,36,50,17,41,10,5,,15,9,10,34,64,38,,33,11,9,10,11,18,8,3,9,8,21,2,11,9,4,11,8,11,3,3,6,3,3,8,8,9,10,4,3,7,3,3,3,7,5,9,13,14,10,8,8,5,10,23,26,6,16,27,26,25,32,32,18,23,18,,22,18,19,15,,21,13,12,7,8,2,9,,27,26,34,35,43,19,14,10,10,11,9,14,20,28,25,14,,37,23,9,18,8,23,11,24,101,22,11,9,52,98,33,47,56,13,9,14,11,10,,9,9,31,24,6,15,10,31,18,17,6,10,15,10,7,15,8,6,38,13,9,5,12,10,8,36,37,37,36,49,37,72,33,42,35,46,38,33,40,31,31,34,34,29,35,18,15,,16,36,32,14,43,18,30,12,,34,28,30,25,11,12,5,20,13,24,19,50,9,16,36,11,10,38,17,18,9,15,,3,10,4,3,26,36,32,20,,6,10,10,13,14,14,16,21,12,1,2,12,11,12,6,9,19,12,11,16,9,83,14,53,9,5,8,9,8,8,7,6,6,8,5,10,5,6,4,7,12,18,5,5,3,2,,4,19,29,8,7,10,8,8,12,11,15,6,3,6,7,2,3,3,6,5,7,2,2,20,6,10,13,5,5,4,27,,10,21,85,46,2,15,2,4,2,7,4,5,20,29,28,36,22,6,6,5,10,12,6,7,13,9,12,9,15,21,15,14,5,20,15,12,3,18,13,12,15,12,14,,16,17,17,32,,10,8,14,22,18,20,,14,7,12,13,11,13,15,13,4,10,9,15,14,,,7,6,7,16,14,13,14,24,19,37,22,9,10,6,26,,25,24,30,16,31,47,31,23,28,18,,21,11,6,11,,18,16,27,47,33,18,,22,22,4,12,24,26,35,3,2,15,13,13,25,31,10,12,24,13,12,24,4,7,31,32,31,41,,6,7,7,13,22,13,16,16,25,12,25,10,15,15,14,23,11,6,12,37,24,12,8,9,5,10,10,9,10,10,33,12,8,6,6,3,5,15,12,3,5,5,16,,,8,10,6,12,19,28,15,21,39,20,10,18,21,20,20,29,10,38,13,,23,12,,25,18,11,31,31,34,40,53,23,53,23,31,11,6,,25,10,6,10,10,11,19,,16,20,19,17,15,9,16,11,,8,26,9,13,16,16,11,5,5,10,15,26,13,15,13,14,2,3,11,6,7,9,,7,2,6,6,1,5,4,10,2,7,16,26,29,28,35,20,44,38,40,3,42,112,45,29,15,19,13,24,20,23,10,19,18,10,10,10,25,32,18,10,4,7,10,19,36,39,45,41,32,35,26,28,44,35,23,23,31,20,20,21,19,19,90,36,27,28,,44,24,15,36,37,41,26,18,24,25,17,2,,11,2,12,8,21,21,11,8,11,7,11,42,36,30,19,24,9,11,12,12,18,11,3,6,4,6,5,7,9,8,13,10,11,13,10,7,9,24,25,45,27,6,55,23,26,30,10,9,11,6,18,,16,37,,18,,8,13,19,36,,14,60,27,14,6,9,9,,17,3,5,12,3,4,15,13,16,29,17,13,16,18,48,67,10,12,,12,6,9,11,19,42,10,12,7,12,6,4,5,10,4,9,6,11,6,4,10,11,11,13,2,12,22,9,26,24,16,,14,13,5,30,7,5,6,5,6,4,2,5,6,2,19,19,9,23,29,5,24,10,9,19,9,7,24,10,22,8,6,19,7,6,16,12,11,9,16,25,14,13,27,6,7,,17,,2,7,18,9,13,3,3,16,5,10,26,22,16,15,26,13,11,6,9,6,10,5,5,14,7,17,5,5,8,4,6,12,5,,21,7,13,11,7,14,4,6,5,3,7,5,4,4,,7,6,15,7,4,10,9,9,4,5,10,17,7,5,18,10,2,,3,5,10,5,,10,17,14,11,21,11,7,16,1,32,6,2,23,4,18,6,7,9,7,2,7,2,3,,6,7,10,13,8,7,2,11,14,10,8,8,6,12,6,6,3,7,14,9,12,55,14,14,13
20160416,8,NO2,39,6,20,49,49,46,35,51,16,31,24,18,,20,22,11,22,14,20,,26,24,20,16,15,12,,33,32,23,25,31,15,1,37,32,40,65,41,43,18,88,71,57,68,27,30,14,37,28,23,79,27,18,38,9,17,12,8,18,38,50,20,25,14,68,58,36,57,28,29,23,17,6,22,23,29,21,21,19,,6,25,23,20,14,17,26,17,28,12,7,8,27,18,9,24,53,32,,30,70,32,59,38,,34,42,29,7,26,16,16,18,15,29,7,79,63,77,51,63,24,16,36,36,50,39,63,16,,84,91,52,26,105,24,52,35,45,38,49,29,36,25,20,18,7,43,44,50,58,45,56,56,44,59,42,51,45,51,56,52,38,47,27,29,23,44,37,19,25,33,33,62,59,38,,40,49,45,33,35,27,37,31,65,44,25,65,72,38,41,34,24,55,41,24,40,,37,30,28,33,21,46,29,25,61,38,20,60,30,25,28,25,43,76,47,43,75,41,10,63,11,67,83,,54,52,34,15,17,13,40,,6,27,31,57,57,69,59,28,35,,,32,,25,36,,63,37,35,20,,,58,42,30,47,46,49,40,40,44,42,42,24,33,48,82,44,31,14,45,7,52,46,52,29,53,11,39,41,39,27,28,17,25,43,12,28,37,47,44,71,42,14,,60,21,18,18,4,23,25,8,18,12,22,44,41,35,18,16,18,34,33,15,21,8,29,23,25,16,3,25,10,,18,12,16,9,19,21,35,23,11,7,44,36,,31,38,22,42,42,23,41,35,34,39,32,25,10,31,53,10,16,39,23,21,3,20,6,38,40,36,26,29,3,38,38,20,2,5,3,13,20,16,10,39,26,45,36,36,39,29,29,10,12,32,22,15,,76,21,90,30,55,69,68,60,6,14,19,18,30,9,52,33,52,21,15,36,17,8,63,25,51,39,41,35,30,59,42,43,51,45,48,,30,17,11,52,10,26,20,25,20,44,27,34,23,16,22,7,68,58,19,44,,16,62,36,41,35,45,38,38,35,40,30,17,18,,28,48,14,14,13,6,25,37,31,48,17,6,17,23,19,15,19,,58,70,49,65,33,20,46,27,28,31,31,36,38,74,43,,11,12,49,12,15,5,13,11,13,23,24,13,13,12,17,30,42,23,23,23,20,39,53,47,41,14,31,54,64,61,59,52,49,16,47,39,50,31,24,31,39,,9,13,27,,25,42,36,,39,59,81,,56,,15,35,82,39,13,22,36,15,16,22,17,19,,33,,28,53,61,71,52,52,72,23,6,,28,24,38,54,30,34,,19,23,25,12,27,27,23,15,24,15,14,13,7,11,14,20,10,2,14,7,10,27,26,32,7,11,10,21,9,12,6,3,6,26,46,34,10,14,12,23,27,17,18,4,5,10,20,38,47,16,13,17,9,15,9,,7,14,22,39,,26,21,11,36,17,32,10,,60,30,41,47,21,30,13,19,16,35,18,15,27,42,16,20,,21,29,13,42,7,25,53,24,72,14,8,6,64,61,62,53,57,65,33,65,25,48,,12,18,33,24,15,12,21,94,35,49,31,27,18,17,9,18,58,50,,,36,23,19,27,24,29,36,42,19,9,46,36,2,53,45,1,61,41,27,38,21,29,26,33,47,12,11,,19,48,55,29,14,28,29,20,,33,54,42,23,30,49,39,20,42,23,16,12,26,12,5,2,10,8,4,1,4,13,,17,24,38,4,5,38,28,26,,11,18,19,12,23,21,12,30,11,10,10,34,29,44,32,23,29,27,51,19,13,58,25,36,64,23,15,21,35,29,22,24,32,31,22,43,23,20,28,25,54,28,22,45,32,11,,22,23,10,21,38,36,40,13,29,13,16,12,31,41,54,11,27,27,40,26,23,29,35,29,52,38,40,14,17,26,21,,4,31,58,29,7,5,2,8,24,42,11,9,29,36,50,57,24,22,7,,27,25,15,14,32,44,40,31,29,11,25,16,9,35,21,22,12,15,38,55,38,32,30,,33,35,35,,,37,25,32,35,31,44,,38,36,18,63,51,24,24,45,52,50,38,51,66,,,26,18,23,13,7,12,13,14,21,19,15,35,32,34,20,,18,4,23,8,28,27,18,23,36,13,,16,22,22,12,,9,7,20,13,20,25,,15,6,12,18,18,31,18,10,14,14,25,16,5,16,21,21,21,12,10,9,11,4,61,58,34,70,,7,16,16,35,32,53,18,42,24,24,23,27,38,53,61,21,37,50,47,47,52,28,18,26,17,47,39,24,14,27,16,7,2,10,2,25,17,39,30,24,28,18,18,,,27,24,18,10,42,38,32,24,10,32,21,33,9,96,20,53,36,46,24,,48,46,,50,11,41,37,17,38,45,63,55,39,30,25,8,24,,39,31,,58,65,59,,,35,21,58,26,25,52,47,42,,16,75,54,51,49,60,22,43,31,29,17,38,38,32,45,21,2,19,16,6,24,24,,8,23,50,36,3,14,2,19,28,7,26,24,29,25,4,17,17,33,12,3,22,22,11,7,6,10,5,3,16,4,6,6,9,11,10,3,8,16,11,13,8,37,12,36,40,38,33,9,22,33,18,42,20,26,22,25,21,18,19,23,33,23,19,49,21,49,,35,29,37,21,23,52,16,18,9,27,34,42,,28,41,6,15,21,24,23,19,18,17,42,33,34,28,31,16,54,6,6,19,10,3,9,18,16,8,11,3,21,14,31,50,38,34,35,41,5,23,15,11,7,4,15,7,10,14,12,9,10,1,9,,17,17,,30,11,10,25,28,6,,31,14,3,39,10,19,30,,14,43,28,37,8,12,14,24,18,14,19,26,25,8,24,23,8,21,,14,7,39,56,8,17,14,11,28,61,40,46,20,24,20,45,41,25,25,11,30,28,26,28,7,33,33,30,12,29,24,,24,26,44,54,56,20,25,56,24,17,4,15,25,18,12,14,26,15,24,13,9,29,48,44,14,25,7,17,38,16,17,68,58,31,16,14,19,8,32,14,15,15,23,20,13,,24,,11,4,24,13,17,26,29,42,22,3,72,73,30,38,35,45,43,38,27,21,40,50,42,8,7,,18,17,20,17,19,24,7,,31,5,10,23,14,12,25,26,27,18,40,30,29,11,,6,11,18,42,14,5,36,24,41,24,31,33,39,42,17,66,6,,22,33,83,41,,12,11,23,43,11,5,27,22,14,28,35,29,60,3,14,9,34,53,58,23,40,1,4,1,57,65,6,21,9,11,10,21,25,31,11,43,23,9,,9,2,13,19,15,35,42,37,20,52
20160416,8,NO2_24h,37,34,39,47,50,47,62,51,35,57,38,40,,65,62,40,62,57,66,,72,96,57,64,58,59,,51,36,36,44,39,25,26,83,96,69,97,96,90,24,42,68,53,45,46,49,34,60,41,34,81,40,39,53,27,28,24,23,33,24,22,22,24,15,58,49,45,51,67,64,55,32,40,30,52,43,52,40,24,,13,19,18,24,7,29,33,13,27,16,18,18,33,24,12,25,27,30,,26,67,29,38,38,,27,28,33,14,16,21,23,23,17,34,19,58,39,46,37,44,19,17,24,23,44,34,33,30,,82,84,50,29,71,28,51,28,50,41,40,40,43,32,33,26,22,31,36,36,46,31,46,53,28,30,32,42,33,42,39,39,35,42,23,25,20,32,31,24,28,16,36,37,38,23,,33,40,27,32,35,27,36,37,49,34,29,53,55,37,40,39,22,48,36,19,35,,41,40,31,41,25,49,48,18,47,25,13,41,23,22,26,23,41,60,31,25,40,45,12,47,23,41,52,,45,29,48,17,16,23,31,,12,24,29,60,56,85,53,20,12,36,,32,,29,35,,44,26,26,25,,,37,28,24,40,26,30,22,20,24,43,43,20,26,45,68,41,37,9,40,41,56,52,62,49,59,7,47,54,36,27,26,8,27,49,14,35,26,23,25,25,37,21,,33,9,20,18,12,34,17,24,17,14,25,41,52,34,29,23,31,38,30,24,19,37,40,27,32,31,24,25,39,36,19,39,12,28,15,45,41,25,28,19,51,42,,39,45,39,54,50,26,50,36,24,32,28,38,29,15,61,9,15,24,30,27,35,33,12,55,51,54,42,36,12,48,50,19,13,11,8,22,20,19,11,31,29,37,37,39,14,20,21,12,12,34,28,30,,31,16,44,13,23,44,41,37,6,11,16,11,26,14,35,19,21,20,26,26,24,19,44,24,23,37,18,19,30,54,32,37,42,42,43,,30,18,15,45,14,23,14,26,34,52,19,31,16,10,17,6,30,20,14,30,,10,42,17,47,37,50,42,38,45,46,18,31,29,,24,46,30,29,14,27,32,20,21,27,12,4,24,29,32,34,32,,43,35,41,50,36,13,28,32,34,22,33,28,34,36,22,14,7,12,36,18,16,12,12,13,13,16,17,13,11,8,12,29,27,18,19,14,11,25,13,23,23,18,19,35,33,37,44,48,50,18,31,32,28,31,20,31,33,,26,28,28,,29,40,29,,28,42,36,,35,,14,23,40,21,9,21,28,12,9,12,11,15,,16,,19,24,27,32,23,20,30,20,7,,19,10,18,42,23,29,,27,27,30,19,37,25,21,16,22,19,25,9,6,10,7,18,5,3,10,4,4,18,28,34,10,17,14,20,14,13,6,4,5,35,52,48,14,19,22,30,28,30,25,10,11,18,18,29,37,23,25,29,18,29,21,,18,22,20,35,,36,26,9,29,17,29,8,,55,46,47,44,29,30,9,13,9,13,15,16,20,33,18,15,,27,34,18,26,12,29,17,27,53,15,12,6,37,49,40,41,45,27,18,28,19,24,,10,23,32,24,20,10,15,62,25,41,19,25,25,20,12,23,23,23,19,10,29,19,21,22,46,21,28,23,13,8,37,14,3,49,38,28,46,35,36,38,27,34,29,37,49,22,20,,27,40,37,34,19,26,26,28,,26,29,26,20,41,54,50,37,46,42,33,24,34,27,11,10,18,17,15,14,9,24,,20,19,24,6,8,49,28,46,,10,15,16,14,24,22,20,29,15,8,6,21,24,26,20,13,17,24,20,20,9,44,12,35,24,5,4,21,22,15,18,14,20,24,19,38,18,10,23,23,35,19,19,34,41,22,,30,13,8,19,29,32,42,13,26,25,22,7,37,40,44,10,20,35,38,24,31,34,42,22,44,40,32,9,14,8,18,,8,17,25,20,15,7,3,13,10,32,20,19,23,33,22,29,18,16,8,3,28,27,12,12,22,32,15,22,28,10,14,7,6,21,8,10,9,11,38,47,34,35,34,,34,36,48,26,,41,24,20,36,32,42,,23,28,24,42,32,15,13,24,45,35,27,47,54,,,27,24,14,17,11,13,14,25,17,23,19,40,39,31,10,,16,10,15,15,24,27,18,21,24,14,,17,24,22,6,,8,3,32,25,35,20,,15,10,10,8,21,31,26,9,9,21,24,21,21,29,24,24,31,7,4,7,9,4,34,41,34,51,,5,11,19,17,30,41,15,32,19,16,21,24,31,33,34,26,30,25,29,34,42,34,21,28,18,39,33,28,10,16,19,8,2,13,2,34,14,31,35,17,21,12,16,,,37,28,18,11,28,45,24,20,12,31,22,10,10,68,5,41,28,30,17,,24,30,,30,9,21,25,35,26,36,50,38,37,28,67,9,48,,34,25,10,29,41,33,31,,24,19,54,24,16,24,19,30,,16,51,34,36,22,35,29,41,20,40,19,29,25,26,28,18,2,17,18,14,35,52,,24,26,51,44,3,7,3,18,11,3,17,10,16,14,15,17,33,33,21,8,25,21,26,22,6,13,13,13,17,16,18,24,22,24,19,3,30,25,13,14,12,16,10,19,19,36,31,42,37,48,20,42,19,23,31,39,31,28,21,29,32,21,25,47,18,21,,18,17,20,22,25,51,23,21,15,33,37,27,,13,27,7,17,15,16,16,20,19,15,22,21,35,26,25,28,46,22,18,14,11,3,4,11,9,9,14,5,27,20,25,22,34,21,32,29,5,14,12,21,16,15,32,29,23,39,11,15,16,7,17,,26,25,,33,4,15,15,13,3,,16,14,12,20,5,12,24,,14,29,16,29,8,14,18,18,18,16,11,21,26,12,15,21,12,25,,17,15,30,39,9,17,12,16,16,31,20,28,13,18,12,28,14,18,20,11,20,26,22,20,9,24,21,19,6,26,18,,19,21,32,32,39,28,15,45,17,12,3,24,34,30,6,7,13,10,12,8,9,17,36,29,8,11,8,9,21,12,15,22,17,25,20,13,13,11,14,17,15,12,12,10,23,,31,,6,4,12,7,9,14,22,30,14,3,26,34,13,13,17,21,22,38,22,15,14,37,35,8,7,,24,11,13,16,16,20,10,,18,7,13,19,13,13,22,29,23,24,37,26,26,9,,8,14,16,21,11,4,31,24,20,10,13,13,25,27,17,41,6,,9,24,60,25,,8,8,11,27,9,4,10,11,14,18,29,30,52,8,16,13,18,28,32,13,17,4,4,4,37,32,9,29,37,42,22,49,50,47,24,34,28,19,27,12,3,12,24,16,18,27,55,16,63
20160416,8,O3,24,79,48,35,35,24,40,23,30,54,42,58,,70,77,26,76,85,87,,62,57,70,83,32,89,,69,14,8,55,48,32,103,72,77,59,41,59,66,121,24,95,102,94,73,65,74,76,69,61,67,47,55,39,83,76,75,80,73,58,46,92,65,48,30,20,43,32,62,79,72,70,82,69,76,57,70,50,30,,42,6,15,23,28,52,63,58,62,79,46,69,68,64,69,69,75,95,,115,53,101,71,97,,119,90,98,123,95,130,131,125,114,103,116,42,37,28,55,44,71,112,59,67,73,52,8,100,,23,14,58,50,22,54,28,51,89,85,67,105,74,91,105,108,103,18,22,36,22,26,33,24,32,46,47,36,55,45,46,44,67,51,67,71,65,15,58,114,110,71,104,33,42,42,,42,51,41,9,31,37,45,72,47,39,83,26,40,73,38,59,49,51,42,48,40,,41,49,1,56,28,38,55,54,29,34,45,29,71,74,67,85,33,19,33,24,9,11,45,46,9,12,8,,45,33,3,83,91,104,79,,116,88,75,3,5,4,7,63,42,,,57,,65,65,,8,38,36,88,,,19,28,22,11,57,11,12,14,19,26,8,28,19,20,11,32,115,53,36,55,24,27,42,30,11,26,36,18,3,12,34,21,2,,38,19,47,35,30,21,35,35,,34,43,129,128,115,107,112,148,83,116,119,56,38,44,50,80,42,39,35,67,27,64,49,39,24,72,36,31,73,,39,80,48,73,47,68,50,46,59,77,5,5,,8,3,16,7,10,23,4,14,23,39,32,31,54,21,59,44,62,40,35,46,52,31,57,10,9,8,14,9,42,6,4,17,35,41,39,33,22,25,21,10,22,11,10,12,26,30,34,49,56,20,31,33,,18,51,6,36,16,14,11,4,95,85,49,43,56,63,34,10,16,50,45,26,52,47,14,44,20,42,22,35,44,40,10,22,11,17,14,,18,68,56,50,83,55,63,77,83,86,62,85,89,97,92,93,52,31,83,64,,90,19,65,21,23,23,32,20,23,20,42,41,54,,21,10,84,72,127,89,78,45,34,31,55,77,47,40,58,58,37,,,,17,8,43,18,27,39,39,47,37,44,41,34,28,,100,53,20,42,70,70,70,59,70,75,68,73,53,79,81,106,80,102,101,96,126,86,65,87,102,130,104,89,48,87,7,2,13,34,58,62,78,43,57,82,65,,76,71,53,,66,22,15,,14,48,29,,23,,54,66,47,41,78,83,78,104,82,92,98,87,,89,,73,14,11,11,37,31,26,86,128,,65,112,69,64,78,71,,35,29,9,44,34,28,55,64,35,71,64,48,34,57,61,57,20,64,56,47,48,7,10,16,70,68,71,35,42,37,52,41,54,16,8,17,57,42,51,30,25,35,50,37,9,54,33,9,13,75,56,59,76,62,63,,74,46,60,70,,76,38,36,21,16,25,35,,21,32,39,19,49,50,72,67,44,29,97,74,89,87,124,103,,126,118,135,74,138,120,77,109,53,112,150,140,71,99,90,92,98,74,93,72,110,79,,130,69,53,54,88,87,5,8,16,4,19,46,65,71,82,74,10,56,,,39,19,47,47,11,14,12,7,15,21,7,20,112,13,23,29,11,19,53,28,77,63,75,38,47,91,83,,65,30,26,23,68,53,57,32,,33,10,29,39,50,28,35,40,53,69,71,60,69,74,106,94,99,98,77,67,69,73,,20,40,20,87,58,83,55,58,,38,42,29,99,69,58,80,72,80,61,61,7,6,6,5,30,21,33,13,41,28,11,31,42,20,22,32,31,27,11,49,16,27,18,30,16,8,54,18,11,12,14,37,38,97,89,,87,67,68,33,9,19,17,22,16,70,68,24,18,10,12,52,9,11,8,18,10,14,7,41,26,39,18,83,93,31,64,,73,53,38,55,91,92,59,100,21,40,60,106,70,92,27,21,69,67,148,2,103,105,122,131,108,85,103,87,118,140,100,70,63,71,80,81,79,95,54,45,54,69,76,,60,,61,,,73,23,4,46,41,62,,81,33,27,15,12,,65,21,65,22,47,21,30,,,83,55,45,72,79,79,73,54,48,61,56,19,7,61,84,,30,22,77,83,40,39,60,52,25,42,,66,60,27,33,,22,17,76,99,74,7,,17,94,77,61,31,22,64,86,89,72,61,59,87,43,51,72,69,89,73,35,107,106,29,55,45,26,,130,113,89,73,162,78,102,122,61,59,45,30,69,54,44,116,106,79,89,20,14,56,72,62,61,37,44,62,42,35,50,31,65,64,55,70,31,42,68,44,55,62,19,,,19,14,13,36,44,82,43,51,,33,30,31,50,20,55,72,51,19,57,,16,22,,7,22,34,36,46,63,3,56,21,72,33,11,23,11,,51,40,,52,27,53,20,,21,37,91,18,64,19,32,82,,10,153,8,13,43,33,49,9,6,27,53,8,10,15,3,20,,51,59,59,22,37,,36,34,17,17,18,39,57,50,48,64,40,37,40,39,106,32,110,72,63,97,44,44,81,87,51,47,51,49,45,57,58,57,42,76,33,,76,70,51,49,55,40,46,30,16,27,28,42,35,37,54,51,62,48,47,48,45,58,67,59,55,53,58,45,45,39,,27,41,35,59,77,78,60,63,66,73,23,13,,8,18,107,35,50,86,56,68,55,64,28,34,25,47,48,42,49,84,77,39,51,41,44,40,46,60,72,70,21,25,47,22,40,35,38,24,59,42,50,55,59,119,87,93,83,97,55,60,66,57,60,,77,66,,62,40,39,30,22,43,,47,49,56,33,23,15,25,,22,3,20,65,36,23,73,62,83,38,28,31,47,38,27,32,29,18,,26,37,7,30,79,12,58,80,49,13,10,25,9,23,15,24,18,32,36,50,3,11,12,11,28,4,11,12,41,28,40,,28,11,12,13,64,54,10,188,11,68,72,23,10,4,23,19,20,13,36,20,34,21,12,27,48,28,52,33,31,72,22,130,91,8,80,71,70,57,6,13,70,77,62,72,85,,43,,48,72,58,67,48,,18,49,18,,12,15,56,31,55,30,36,8,28,50,30,4,1,34,8,72,49,59,64,64,82,69,84,,32,18,48,38,36,15,11,8,9,47,35,21,47,12,,43,92,72,62,61,26,13,31,45,59,45,63,20,24,61,65,55,,53,25,18,20,,74,60,36,27,98,68,46,59,10,33,9,8,7,64,81,48,14,14,11,91,62,52,49,104,4,6,32,10,82,151,80,99,43,74,78,37,66,87,,35,98,93,71,78,14,20,28,67,3
20160416,8,O3_24h,146,94,149,168,158,136,126,98,84,62,144,126,,155,171,53,196,191,197,,171,128,190,130,106,206,,156,114,165,138,130,91,188,146,149,132,139,148,149,184,172,201,178,213,217,168,206,211,168,146,157,140,159,99,133,151,127,146,99,182,162,200,167,185,112,164,198,203,179,242,233,204,222,203,216,167,193,155,112,,90,117,110,104,117,114,164,103,95,118,70,89,92,90,88,94,153,152,,177,81,156,144,137,,175,150,138,138,143,159,158,154,150,141,127,134,115,108,137,112,127,145,133,122,151,110,152,116,,63,43,67,80,73,82,64,98,134,134,140,176,133,140,163,155,141,162,138,202,170,216,175,151,177,155,140,120,145,126,147,149,146,136,140,139,122,37,127,198,191,143,188,195,184,189,,120,187,161,199,121,133,151,132,165,140,181,118,173,172,100,148,143,159,121,137,121,,106,123,68,107,137,134,135,194,116,144,156,132,147,141,142,142,116,83,142,115,136,118,131,165,148,139,130,,181,142,120,123,127,136,135,,146,137,104,79,78,53,82,109,130,82,,180,,158,153,,152,128,142,115,,,100,105,113,104,126,103,125,127,96,116,121,107,170,140,127,123,173,165,133,67,47,91,122,100,106,94,78,81,57,83,70,113,56,41,71,72,104,176,202,203,170,219,,187,209,132,141,116,111,133,150,98,120,148,235,144,237,195,210,148,165,161,250,96,121,112,103,114,138,99,121,108,64,63,111,96,89,80,82,77,77,86,100,21,18,,14,21,22,14,25,43,11,36,87,97,99,85,93,81,77,91,124,128,77,87,52,57,57,20,24,14,40,23,45,13,13,146,46,53,51,37,46,32,30,51,49,51,52,47,97,71,79,97,118,44,46,46,,99,121,60,88,117,126,137,111,113,157,75,96,101,69,93,70,101,71,86,110,113,69,78,83,104,75,116,99,68,118,93,89,95,80,85,,78,93,160,138,160,143,160,146,143,149,152,119,118,132,137,129,129,103,148,178,,166,164,161,55,56,89,60,56,48,71,72,56,64,,73,66,103,103,135,89,84,99,117,83,124,371,99,86,125,96,84,,20,42,90,49,109,40,82,60,73,90,102,82,94,90,74,84,183,77,77,52,115,104,118,96,111,128,96,100,89,108,110,168,152,158,152,131,166,135,136,175,222,215,152,131,88,152,68,80,51,74,206,202,210,134,147,182,172,,242,261,148,,219,154,90,,120,236,181,,136,,144,205,171,170,218,162,149,182,137,178,119,187,,214,,190,192,158,189,233,215,247,123,157,,109,159,158,252,228,235,,61,62,24,88,45,104,134,118,120,127,101,94,67,119,108,111,112,78,89,76,89,69,60,66,128,126,128,55,53,56,73,54,75,25,22,17,105,70,93,78,90,83,109,58,12,94,134,65,91,138,158,169,121,100,91,,125,92,142,189,,174,126,108,83,73,77,116,,139,127,129,159,155,157,137,128,83,126,164,113,154,134,167,171,,152,136,160,110,163,140,177,142,129,127,173,189,157,143,196,178,169,148,139,139,148,145,,170,107,74,107,139,135,94,98,93,77,129,100,114,124,108,127,129,106,104,93,161,91,151,174,133,62,45,66,44,60,77,87,112,133,136,165,125,166,179,131,210,208,181,93,208,191,177,,168,162,244,128,219,167,167,87,,131,146,132,137,74,52,62,55,69,86,89,74,104,100,129,132,139,140,78,68,69,73,,37,76,75,115,58,83,79,72,,140,238,115,156,131,105,134,133,134,82,93,99,78,78,76,49,58,57,98,73,96,71,107,138,137,130,101,108,70,39,55,104,77,57,94,66,41,76,57,58,55,79,80,83,107,89,,93,145,131,98,65,62,70,119,129,90,125,99,85,97,98,99,74,66,65,94,83,90,75,65,90,82,158,113,119,89,99,,118,125,116,115,150,109,70,138,62,91,88,117,167,236,224,352,109,89,150,155,117,119,144,143,182,184,185,143,179,199,199,144,84,103,124,126,100,118,126,146,143,148,155,,128,,126,75,,138,85,16,147,123,136,,245,135,90,150,129,,144,79,129,120,105,75,104,,,121,77,68,164,161,186,199,168,172,179,180,59,66,103,87,,94,62,220,196,149,148,139,129,144,160,,158,161,73,72,,63,52,136,168,141,91,,52,122,118,99,95,99,136,90,94,124,123,104,101,60,94,110,116,136,125,42,123,116,115,132,93,77,,183,167,134,134,219,117,123,183,130,139,87,55,134,108,121,133,148,120,118,125,72,94,98,108,125,98,98,106,80,40,98,102,107,105,97,112,84,64,82,116,84,106,85,,,113,102,112,61,124,152,82,96,,106,75,88,86,337,90,110,196,200,200,,144,133,,167,156,155,210,210,115,92,110,60,113,113,32,37,54,,88,82,94,158,118,154,91,,78,142,256,91,84,106,174,90,,141,200,97,74,89,70,61,94,103,99,97,76,84,83,78,78,,112,127,99,47,59,,65,74,92,69,129,81,111,104,114,77,67,67,83,45,106,52,110,80,67,97,80,88,88,87,91,90,92,94,101,119,61,73,50,76,33,,76,70,56,59,70,72,66,94,117,88,86,176,182,172,196,187,218,174,144,191,146,205,214,165,179,160,181,159,177,146,,141,146,169,177,181,181,194,149,169,176,95,112,,41,98,127,69,105,145,119,132,116,134,129,123,113,92,92,75,95,135,129,164,196,96,110,101,104,109,130,129,52,46,67,64,57,71,64,38,72,69,74,65,69,119,87,98,83,97,79,108,127,90,81,,99,72,,85,83,97,65,72,72,,79,83,60,75,42,54,70,,94,117,137,97,45,43,115,120,111,102,111,108,130,111,107,105,142,150,,58,97,102,168,140,249,149,144,100,96,108,128,38,87,47,89,104,98,101,102,83,87,93,88,91,104,78,83,96,73,83,,75,69,62,74,94,62,38,188,19,83,221,74,46,59,77,84,86,78,87,66,219,111,28,91,151,144,138,142,138,117,47,134,169,18,156,135,136,119,41,81,107,142,150,153,100,,90,,121,131,145,94,170,5,81,172,46,63,101,130,146,163,156,164,156,98,190,96,91,148,176,95,54,103,80,149,157,101,130,121,130,,87,22,70,135,124,78,81,79,80,117,123,63,119,56,,97,117,127,118,78,99,86,82,108,101,79,121,95,93,110,113,57,,77,99,94,91,,109,101,139,116,146,112,142,112,60,86,102,85,82,64,105,72,57,45,103,157,176,59,57,134,45,48,118,111,133,200,135,152,84,166,120,71,98,117,94,113,107,107,156,150,84,81,52,160,15
20160416,8,O3_8h,46,59,57,46,48,40,24,36,33,33,37,60,,60,72,25,74,79,72,,63,55,67,69,30,75,,76,19,9,69,66,41,98,46,37,42,28,31,36,124,91,116,124,130,55,50,57,56,71,59,66,50,59,41,65,70,70,73,54,71,81,95,81,65,49,54,59,70,53,59,57,56,48,61,73,58,67,46,33,,52,16,31,25,41,29,54,73,87,96,60,70,75,70,75,70,96,91,,108,54,105,91,100,,122,121,116,121,120,136,131,127,135,117,105,84,81,60,95,79,94,124,90,89,87,43,41,69,,25,19,47,43,38,52,37,53,96,98,86,120,71,100,105,114,103,50,42,69,43,62,57,38,52,69,61,55,72,66,66,63,79,70,75,79,73,20,72,123,122,100,125,63,67,60,,46,54,60,18,46,49,56,83,73,57,97,49,63,97,43,73,65,66,51,63,52,,48,58,15,65,37,66,71,76,45,55,60,54,99,97,95,110,55,34,62,33,46,18,44,59,26,33,27,,59,62,7,102,100,118,107,,124,103,92,10,23,7,35,71,72,,,58,,78,75,,23,44,39,90,,,37,48,32,17,68,27,49,38,25,52,22,40,51,44,38,30,91,61,59,44,22,25,42,23,5,26,48,38,11,21,36,39,,4,40,25,65,79,81,96,89,101,,82,80,128,136,114,106,125,146,91,117,138,73,44,68,58,63,32,52,48,78,24,24,18,22,12,38,17,23,21,52,28,58,36,46,42,41,39,41,40,41,14,13,,9,2,17,9,18,35,6,29,69,77,70,68,75,52,66,45,86,82,57,69,44,49,52,12,15,9,28,15,37,9,6,53,42,44,43,29,27,21,26,36,43,38,39,37,57,54,60,65,69,35,42,37,,57,69,39,65,67,44,44,38,95,77,51,51,53,66,54,44,50,62,48,39,51,46,32,59,51,61,57,61,51,68,18,28,21,22,28,,25,68,81,84,92,74,82,93,97,96,77,88,97,92,98,98,102,75,94,84,,109,44,97,21,30,19,35,22,20,21,42,20,53,,29,19,49,50,126,53,52,60,39,50,60,77,39,27,23,49,19,,,2,18,7,29,19,38,34,37,41,41,37,33,40,30,35,100,32,27,37,80,77,80,67,80,90,69,68,52,77,74,122,100,114,103,112,136,109,108,97,114,120,123,92,65,109,14,8,10,34,83,79,101,48,62,83,69,,86,89,52,,70,28,19,,33,52,71,,33,,63,86,70,52,97,99,108,118,104,108,111,96,,108,,86,56,49,65,92,89,95,89,126,,87,143,116,87,94,79,,47,35,13,31,37,47,68,75,65,81,68,50,34,47,59,58,20,63,56,46,54,9,6,14,74,71,72,45,46,45,52,37,52,21,15,13,64,49,57,41,38,42,61,39,10,45,40,11,9,86,77,77,62,64,64,,73,56,57,76,,75,36,53,34,20,33,43,,41,34,62,40,65,76,88,89,55,65,111,85,106,100,125,124,,118,106,138,89,132,103,122,102,61,113,151,152,108,107,119,119,124,132,127,126,135,126,,155,62,61,49,80,84,20,19,28,6,32,48,73,77,88,88,6,49,87,38,60,29,58,64,50,14,14,15,18,36,23,49,75,30,43,50,29,31,68,40,90,69,84,44,47,77,72,,56,36,48,19,71,69,77,41,,48,11,47,52,44,31,36,32,56,54,56,50,59,52,81,64,72,77,51,49,52,53,,23,56,27,85,29,24,19,10,,46,69,33,102,84,62,81,81,81,71,78,14,13,8,13,39,37,45,66,65,56,32,52,40,50,63,55,66,57,6,45,46,50,12,25,13,4,66,9,6,15,35,57,71,99,82,,81,102,92,48,16,34,13,25,12,59,47,24,19,7,18,69,21,8,9,17,9,16,3,42,30,35,19,93,99,61,63,,80,80,56,51,83,83,51,101,39,48,58,88,73,92,84,72,84,79,147,2,111,108,131,139,121,103,141,104,127,144,124,92,74,92,110,112,92,110,60,53,57,78,88,,79,,79,74,,82,32,5,66,60,78,,108,54,27,31,36,,83,37,64,33,53,30,53,,,88,57,40,67,74,76,70,65,66,72,67,13,14,63,32,,34,21,87,77,38,42,61,48,25,46,,66,60,30,35,,23,19,87,107,87,8,,17,81,70,68,54,40,77,83,91,70,68,60,83,41,51,73,59,86,77,37,109,107,60,93,67,56,,145,129,93,100,161,79,103,127,72,70,53,34,89,72,83,114,118,104,101,41,38,66,72,52,55,34,53,29,56,32,55,51,71,70,60,54,27,29,49,15,62,71,9,,,38,15,30,45,58,75,42,54,,39,28,23,48,46,68,87,79,44,82,,38,49,,35,40,69,79,90,71,5,50,28,68,30,14,12,19,,60,44,47,82,35,67,19,,20,73,92,32,68,48,68,79,,38,102,10,16,45,44,42,16,19,17,39,13,13,17,5,19,,51,62,60,22,24,,31,29,24,16,30,61,81,71,82,55,22,20,20,18,32,15,34,29,22,41,46,47,49,55,62,64,64,63,64,48,49,43,35,26,12,,27,29,49,47,46,46,47,42,39,30,36,34,42,42,68,76,72,67,70,86,71,96,60,51,50,61,63,53,53,81,,67,69,81,68,84,87,76,68,71,74,11,32,,18,28,105,35,53,89,69,82,66,82,49,52,26,55,55,40,53,59,56,50,62,44,52,48,49,61,69,68,20,14,20,18,23,25,21,16,35,35,35,39,42,77,54,56,47,57,65,61,68,59,60,,42,36,,37,53,47,45,43,53,,36,33,32,28,26,24,35,,22,24,40,53,28,13,61,64,79,36,33,38,44,38,39,33,34,20,,28,37,16,44,102,15,71,88,71,59,65,69,14,50,25,36,47,48,46,48,30,35,40,38,37,28,37,38,57,45,53,,44,24,23,54,63,59,6,182,6,72,90,23,11,2,48,49,62,48,61,27,44,36,15,48,61,47,63,47,61,84,22,92,112,4,84,76,78,61,8,21,73,99,103,102,67,,53,,62,90,91,85,58,,23,55,20,,47,49,73,55,68,40,59,8,49,67,46,10,19,48,19,66,41,83,89,64,85,82,92,,28,15,45,56,54,29,10,4,10,28,34,26,56,28,,36,97,78,78,57,31,15,21,84,83,53,80,16,22,71,68,49,,63,19,11,27,,77,68,56,41,97,80,68,78,10,43,8,20,11,40,71,38,22,12,20,102,103,52,50,94,14,16,38,8,57,117,75,50,14,22,76,53,64,75,,40,100,103,72,91,23,23,28,72,7
20160416,8,O3_8h_24h,105,83,106,115,109,91,80,76,59,55,95,108,,102,118,37,116,121,127,,117,103,153,91,68,154,,122,86,139,115,103,71,159,132,120,113,113,117,128,166,132,159,164,172,181,139,174,175,143,126,129,116,131,85,111,115,101,114,81,155,142,174,150,164,77,103,116,131,148,205,196,185,189,180,172,127,150,120,80,,78,95,93,73,98,101,128,88,89,102,61,83,82,76,82,88,139,133,,160,65,137,129,123,,156,139,123,131,140,151,148,141,145,130,108,118,107,95,121,101,112,129,116,108,112,69,101,110,,58,39,59,75,64,75,52,87,118,120,116,140,118,126,138,145,131,152,131,187,158,196,161,143,165,145,125,100,123,110,127,126,131,124,135,135,114,34,117,175,171,134,166,182,171,177,,113,171,145,91,112,120,131,125,153,119,170,103,156,158,91,135,130,148,111,125,113,,103,113,60,89,95,112,115,192,104,129,139,118,141,136,135,139,108,70,133,93,119,104,117,143,123,122,114,,147,126,100,106,115,118,119,,134,121,95,63,63,39,66,109,116,74,,151,,129,136,,124,112,111,107,,,78,89,85,86,116,91,105,113,85,113,108,99,153,123,113,111,99,150,126,106,58,99,130,108,114,112,88,132,63,92,84,117,73,60,75,69,111,167,184,186,156,184,,174,197,128,137,114,106,126,146,94,117,138,213,131,214,178,185,131,152,146,225,82,101,97,84,99,115,88,99,100,64,49,84,77,68,67,60,56,64,70,75,14,13,,9,9,17,9,18,41,6,30,82,92,79,77,75,78,68,78,117,111,68,81,47,50,53,12,15,9,28,15,39,9,7,53,42,44,45,32,28,27,27,42,43,44,42,38,89,68,75,88,108,35,42,37,,90,101,53,82,102,103,115,95,102,143,66,88,84,67,58,56,70,65,58,80,70,46,53,59,74,63,67,67,51,87,63,72,70,59,67,,61,68,132,122,144,123,146,131,120,132,107,111,111,126,123,121,120,94,141,162,,161,151,153,70,102,119,74,80,63,85,70,53,57,,93,78,84,76,131,85,80,86,63,78,116,174,90,80,117,82,79,,15,39,74,43,95,38,66,46,56,75,80,63,67,64,57,69,173,58,55,44,106,90,108,89,101,121,85,95,82,104,105,157,142,151,136,126,156,127,129,157,189,202,136,122,75,140,101,103,82,72,182,179,180,118,129,162,157,,195,208,138,,204,128,75,,91,211,164,,113,,129,184,148,150,186,133,127,151,114,147,114,156,,182,,162,174,141,172,206,187,210,112,150,,96,150,141,196,190,195,,59,54,16,77,42,95,118,120,124,122,103,79,56,70,94,93,42,73,79,69,81,59,54,55,117,111,118,53,46,51,67,48,66,21,15,13,107,68,98,79,84,83,111,50,11,72,117,58,81,138,151,162,108,88,83,,125,76,137,175,,156,119,92,73,65,76,99,,85,85,96,114,109,125,125,119,79,104,139,102,129,115,151,156,,140,129,153,106,155,137,161,136,104,121,166,176,139,127,171,150,153,138,131,132,136,131,,156,91,66,92,122,120,83,80,73,64,114,92,104,113,104,114,68,102,87,79,149,80,145,161,125,58,41,66,47,65,61,90,82,87,99,114,84,113,134,87,179,177,157,79,171,171,161,,149,149,226,118,200,145,151,77,,108,125,118,119,53,38,50,41,56,54,56,50,83,79,116,112,114,124,73,62,57,66,,31,70,46,113,45,66,68,54,,122,179,106,138,106,90,108,109,117,77,88,85,64,70,69,44,48,47,81,71,79,60,105,122,134,98,74,79,64,29,46,91,64,45,80,55,36,66,34,35,46,68,74,71,99,82,,81,136,126,91,51,61,60,105,112,84,97,90,80,90,90,95,63,51,54,84,71,69,54,54,51,53,156,110,116,85,90,,109,119,108,111,134,105,63,127,59,77,77,108,149,200,204,214,92,79,147,147,111,113,136,139,168,161,179,138,160,178,190,138,80,99,119,122,93,112,111,127,130,117,120,,110,,99,84,,111,78,13,133,114,124,,224,117,79,132,112,,138,71,122,66,83,53,82,,,109,72,64,139,136,158,155,155,161,167,167,63,76,97,62,,86,56,157,179,123,120,119,110,123,132,,134,136,73,68,,66,47,114,141,123,84,,46,118,113,97,97,93,131,86,91,118,116,99,97,53,83,96,104,132,119,41,121,113,83,120,84,71,,174,153,118,122,208,110,120,167,119,105,79,52,118,95,109,117,139,111,103,91,44,79,88,96,111,87,89,94,77,37,91,93,94,95,82,108,77,60,82,110,80,91,81,,,105,89,112,58,117,141,78,91,,87,64,84,78,292,73,98,178,172,187,,135,126,,151,142,119,183,182,82,63,90,59,104,102,27,36,19,,80,76,89,145,94,147,81,,71,142,184,74,86,96,158,80,,112,181,88,41,74,63,59,84,91,120,122,61,80,81,78,77,,112,128,106,30,45,,51,59,78,57,106,81,112,103,114,55,61,55,67,38,92,39,52,68,59,66,75,80,80,77,62,64,64,63,66,119,49,47,36,46,26,,48,51,53,55,57,60,58,82,102,81,82,148,146,146,170,162,190,150,128,170,129,182,204,155,160,150,169,147,161,138,,130,134,155,155,158,163,169,139,159,167,83,103,,38,90,137,60,94,129,105,116,102,120,118,111,95,76,75,65,72,122,114,104,130,88,100,90,94,98,122,119,42,39,53,50,42,57,47,25,64,61,66,54,56,96,72,83,65,78,67,89,101,78,106,,55,39,,56,77,74,58,53,65,,76,77,75,71,28,42,79,,64,108,128,85,42,38,104,109,101,93,104,99,117,99,93,88,118,130,,54,80,82,143,121,165,133,130,99,88,102,124,34,72,41,77,86,81,83,88,61,58,65,66,71,79,65,71,82,59,68,,60,44,38,61,73,59,26,182,16,77,107,60,37,42,69,77,77,70,82,63,119,105,25,67,144,140,128,136,130,109,44,98,158,14,140,128,125,107,30,77,85,116,141,143,68,,67,,116,128,142,92,80,5,74,161,42,56,96,115,142,159,153,160,147,89,165,92,86,119,148,98,55,96,62,142,153,98,122,115,125,,85,24,61,126,113,67,74,70,69,103,101,50,101,52,,84,97,108,108,75,95,78,72,103,97,71,112,89,88,101,106,59,,82,93,85,86,,102,96,135,84,138,109,138,99,44,75,95,78,76,51,103,64,56,45,98,149,167,56,55,123,40,44,109,101,126,187,122,140,76,153,102,65,84,109,86,105,102,103,129,127,78,78,65,151,7
20160416,8,CO,0.5,0.2,0.8,0.5,0.4,0.4,0.4,0.4,0.4,0.3,0.3,0.4,,0.182,0.302,0.752,0.762,0.307,0.686,,1.253,0.837,0.177,0.413,0.358,0.447,,0.357,0.526,0.271,0.467,0.736,0.208,0.258,1.12,0.73,1.618,2.59,1.484,1.494,0.699,0.899,0.682,0.776,0.876,0.73,0.616,0.76,0.486,0.43,0.446,0.477,0.398,0.198,0.6,0.117,0.359,0.34,0.456,0.607,0.381,0.699,0.243,0.477,0.48,0.391,0.134,0.465,0.51,0.666,0.48,0.358,0.286,0.209,0.363,0.443,0.376,0.536,0.643,0.493,,0.313,0.658,1.263,0.458,1.209,0.666,1.167,0.717,0.378,0.854,0.861,0.235,0.275,0.518,1.28,0.89,1.753,1.224,,1.068,0.99,1.199,1.549,0.907,,0.927,0.722,1.303,3.383,0.818,0.881,0.579,0.77,0.682,1.029,0.331,1.195,1.083,1.288,1.044,1.101,0.755,0.975,1,0.97,1.046,0.433,2.445,0.892,,1.419,1.361,0.926,1.911,1.578,1.386,0.85,0.657,0.329,0.411,0.691,0.341,0.749,0.325,0.324,0.565,0.549,1.45,0.774,0.56,0.251,1.062,1.06,0.682,0.414,0.73,0.544,0.72,0.639,0.758,0.541,0.566,0.787,0.858,0.54,0.625,0.518,0.691,0.298,0.681,0.749,0.772,0.644,0.979,1.361,1.524,,1.262,1.033,1.253,1.435,0.44,0.714,0.889,0.959,1.321,1.507,0.703,1.683,0.828,0.5,2.204,0.617,0.572,1.359,0.997,0.646,0.89,,0.596,0.551,0.639,0.947,0.997,0.973,0.538,1.301,1.938,0.714,1.823,1.138,0.625,0.655,0.844,0.788,1.659,1.314,1.92,1.73,0.704,0.854,0.322,0.494,0.489,0.751,0.93,,0.694,0.709,1.255,0.537,0.442,0.552,0.579,,0.451,0.592,0.696,1.17,0.975,1.211,0.968,0.514,0.397,,,0.722,,1.343,0.641,,1.46,0.823,1.272,0.376,,,0.889,0.883,1.323,1.031,0.971,0.91,0.784,0.505,0.762,0.919,1.061,0.853,0.815,1.04,1.328,1.634,0.901,1.06,1.82,0.478,0.525,0.936,0.888,0.876,1.028,0.652,0.934,0.872,0.978,0.823,0.897,0.469,0.769,0.729,0.837,1.142,1.049,1.825,1.849,2.278,1.781,1.769,,1.747,1.627,0.644,0.665,0.679,0.555,0.45,0.423,0.251,0.863,0.434,1.47,1.116,1.612,0.744,1.117,1.433,1.175,0.814,0.944,0.493,0.548,0.873,0.686,0.684,0.926,0.754,0.62,0.613,0.735,0.526,1.036,0.807,0.796,0.841,0.6,0.781,0.596,0.958,0.704,0.825,1.18,,0.573,0.749,0.978,1.066,0.648,0.726,0.641,0.84,0.455,0.566,0.561,0.855,0.514,0.696,0.635,0.588,0.627,0.822,0.781,0.609,0.638,0.557,0.597,0.414,0.926,0.901,0.556,0.963,0.357,0.699,0.804,0.92,0.507,0.662,0.52,0.586,0.869,0.636,0.691,0.779,0.581,0.85,0.653,0.68,0.787,0.787,0.668,0.628,0.303,1.158,0.673,0.475,,1.275,1.031,1.198,1.295,1.253,1.186,1.113,1.112,0.374,0.656,0.599,0.372,0.638,0.17,0.37,0.448,,0.513,0.479,,0.6,0.68,0.556,0.479,0.214,0.202,,0.38,0.823,0.5,0.787,1.013,0.529,0.73,1.134,,0.778,0.51,0.046,0.876,0.226,0.578,0.441,0.405,0.655,0.28,0.353,1.471,0.61,0.329,0.92,1.666,0.817,1.31,0.666,2.351,,0.177,0.74,0.576,1.576,0.831,1.691,0.766,1.271,0.936,2.444,0.882,0.575,0.462,,1.53,,0.58,0.292,0.773,0.535,0.505,0.746,0.574,1.179,2.071,0.832,0.558,0.573,0.878,0.329,0.936,,0.544,1.165,0.969,0.739,0.333,0.412,0.888,0.788,1.101,1.172,0.761,1.035,0.823,1.076,1.049,,0.342,0.639,0.961,0.965,0.703,0.605,0.532,0.612,0.738,3.354,0.718,0.413,0.181,0.44,0.302,1.513,1.731,0.856,0.589,1.674,1.078,0.523,2.27,1.204,0.714,0.379,1.15,1.555,1.286,1.227,1.336,1.131,0.791,0.622,1.509,1.353,1.153,0.93,0.724,0.676,0.896,,0.748,1.406,1.625,,1.329,1.292,1.125,,1.103,1.54,2.878,,1.257,,0.941,0.792,0.852,1.12,0.712,0.598,0.363,0.618,0.59,0.558,0.711,0.644,,1.468,,0.488,1.402,1.598,1.238,0.901,1.985,0.824,0.465,0.308,,0.513,0.911,0.631,1.1,0.744,0.693,,0.851,1.003,0.324,0.962,0.545,1.145,1.06,0.8,0.82,0.713,0.89,0.696,0.837,1.17,0.632,1.386,1.659,0.557,0.635,0.826,0.595,1.35,1.048,1.261,0.947,0.658,0.701,0.832,0.614,0.826,0.598,0.803,1.117,0.696,1.087,0.632,0.926,0.942,0.632,0.919,1.105,0.817,0.962,0.727,1.377,0.424,1.287,4.728,4.665,1.439,1.364,1.3,1.028,1.879,0.407,,0.433,0.576,0.889,3.012,,1.789,0.877,1.663,2.417,2.079,3.476,2.025,,2.241,0.496,0.926,0.838,0.441,0.281,0.653,0.744,1.999,0.821,0.942,0.68,0.803,1.005,0.772,0.641,,0.738,2.039,0.577,1.941,0.666,0.777,1.419,1.67,4.134,0.916,1.027,0.493,1.021,0.775,1.047,1.362,1.363,0.967,0.716,0.945,0.98,0.856,,0.523,0.864,1.146,0.224,0.666,0.447,1.626,0.923,1.081,1.015,0.656,0.757,0.469,0.558,0.614,0.681,0.756,0.585,1.597,0.596,0.632,0.569,0.679,0.65,1.095,1.114,0.808,1.011,0.867,0.579,0.846,2.436,0.751,1.383,2.596,2.625,0.802,1.726,1.95,2.226,0.515,1.276,1.691,1.319,2.414,1.382,1.966,,1.347,1.831,1.651,1.126,1.641,0.731,0.737,0.762,,1.153,1.742,1.455,0.803,0.713,0.48,0.559,0.807,0.815,0.762,0.7,0.873,0.82,0.497,0.696,0.76,0.544,0.451,0.846,0.456,1.481,0.24,,0.83,2.125,2.086,1.056,1.453,0.998,0.997,1.404,,1.296,0.97,0.964,1.026,1.169,1.318,1.195,1.658,1.02,0.69,0.569,0.768,1.208,1.524,0.731,0.738,0.542,0.582,0.857,0.4,0.605,2.67,1.377,1.453,2.89,0.135,0.489,0.375,0.09,0.661,0.455,0.626,0.428,0.97,1.112,0.758,0.869,0.344,0.77,0.959,1.128,1.018,0.608,0.54,0.609,0.44,,0.265,0.776,0.684,0.549,1.07,1.246,1.428,0.44,0.736,0.464,0.565,1.587,1.542,0.783,1.411,0.431,0.586,0.798,1.069,0.639,1.842,1.13,0.785,0.828,0.859,0.688,0.624,0.667,0.234,1.462,1.24,,0.498,0.889,1.146,0.825,0.82,0.816,0.949,0.343,0.415,0.572,0.482,0.585,0.753,0.576,1.731,1.982,0.549,0.333,0.383,0.028,0.551,0.304,0.475,0.356,0.84,0.295,1.693,2.802,1.284,0.428,1.253,0.755,0.588,0.507,0.901,0.833,1.366,0.809,0.458,0.955,0.687,0.684,0.617,,0.555,0.432,0.562,,,0.757,0.65,0.981,0.904,0.5,0.796,,1.988,0.874,1.093,0.588,0.867,0.521,0.396,0.805,0.588,0.704,1.058,0.67,0.927,,,0.042,0.412,0.678,0.512,0.471,0.316,0.474,1.234,0.945,0.867,0.983,0.998,1.195,0.961,0.349,,0.87,0.453,0.638,0.137,1.037,1.153,0.739,0.491,0.588,0.796,,0.578,0.43,2.154,1.762,,1.922,1.888,0.774,0.392,0.556,1.325,,1.266,0.244,0.194,0.38,0.526,1.003,0.92,0.351,0.308,0.329,0.624,0.469,0.454,0.172,0.555,0.56,0.77,0.553,0.744,0.295,0.562,0.183,4.467,2.139,2.772,1.675,,1.189,1.007,1.34,0.634,1.343,0.979,2.076,1.295,1.968,0.559,2.574,2.852,1.321,1.297,1.827,1.233,1.342,0.866,0.877,2.198,1.684,1.087,1.02,0.481,0.837,1.584,1.107,1.094,0.75,1.352,1.185,0.449,1.252,1.583,,0.615,0.786,1.036,1.064,1.136,0.664,0.612,0.315,,,0.832,1.36,1.18,0.829,0.478,0.776,0.346,0.304,0.287,0.298,0.484,,0.61,0.726,0.689,1.522,0.572,0.628,0.876,,0.73,0.575,,1.01,0.539,1.104,1.275,1.33,0.88,1.181,1.482,2.425,0.64,0.983,0.613,0.867,0.751,,0.299,0.715,0.449,0.798,0.868,0.89,0.734,,0.588,0.85,0.747,0.414,0.549,0.46,1.335,0.94,,0.76,0.99,1.531,0.713,0.546,0.788,0.428,1.179,0.417,1.029,0.403,1.228,2.226,1.602,2.725,1.173,0.157,1.091,1.346,0.858,0.957,0.994,,0.64,0.582,1.137,0.814,0.859,0.788,0.786,0.693,0.696,1.181,1.768,0.821,1.725,1.168,0.679,1.363,0.608,4.41,1.185,0.648,0.898,0.663,0.688,0.594,1.322,0.999,1.42,0.723,1.114,0.062,0.845,0.794,0.61,0.687,0.665,0.611,0.992,0.776,1.395,1.044,1.382,1.766,2.317,1.068,0.57,0.492,0.365,0.509,0.794,0.721,0.844,0.521,0.813,1.018,1.142,1.07,0.632,0.673,2.348,1.66,1.937,0.868,0.662,1.355,0.938,0.95,,0.874,1.071,1.166,0.882,0.617,0.556,0.669,0.543,0.443,0.585,1.26,1.311,,1.181,1.507,0.628,1.138,0.995,1.051,0.547,0.595,0.912,0.656,1.335,1.378,1.243,0.604,0.421,0.564,0.457,0.974,1,1.923,0.825,0.625,0.701,0.973,0.828,0.514,0.6,0.554,0.58,0.503,1.012,1.512,1.298,1.645,1.26,1.296,0.705,1.009,0.929,0.656,0.816,0.126,0.156,0.126,0.336,0.125,0.767,1.129,0.826,1.165,0.929,,0.536,0.656,,0.921,1.756,0.69,1.178,1.708,2.084,,0.673,1.927,0.91,3.291,0.125,0.528,0.879,,0.684,0.854,0.537,1.145,0.974,0.569,1.384,1.214,0.883,1.075,1.561,1.303,1.281,0.85,0.984,0.948,0.55,1.293,,0.752,0.941,1.688,1.741,1.186,0.779,1.303,1.119,0.535,0.483,0.751,0.945,1.492,0.99,0.79,1.272,0.684,0.313,0.557,0.412,0.626,0.69,0.705,0.855,0.376,0.738,0.811,0.666,0.347,0.527,0.845,,0.464,0.536,0.764,0.748,0.829,0.273,,2.051,0.923,0.192,0.064,0.729,0.66,0.685,0.487,0.417,0.738,0.443,0.491,0.262,0.835,0.094,1.526,0.681,1.568,0.584,0.356,0.803,0.858,0.311,0.531,6.624,0.655,1.163,0.637,0.626,0.513,0.378,0.105,0.956,0.424,0.58,0.416,0.695,0.359,,0.519,,0.773,0.357,0.376,1.195,0.114,0.396,0.682,0.454,0.454,1.147,1.076,1.025,1.106,0.858,0.869,0.803,1.054,1.721,1.444,0.569,0.6,1.686,1.039,0.126,0.073,0.629,,1.781,1.587,0.875,0.708,0.397,0.392,,2.57,0.467,0.331,0.292,0.499,1.637,1.28,1.048,0.773,1.204,0.581,1.085,1.181,0.428,,1.317,0.905,0.82,0.353,0.427,0.361,0.991,0.456,1.264,1.28,0.965,0.737,0.515,1.558,0.441,0.476,0.272,,0.602,1.049,0.486,1.105,,1.016,1.483,1.106,0.92,0.519,0.489,0.528,0.666,1.153,0.534,1.635,0.549,1.872,0.368,0.781,0.355,0.552,1.412,0.698,1.19,0.79,0.273,0.308,0.502,1.064,2.222,0.908,0.062,0.194,0.288,1.491,1.714,2.238,0.647,0.264,0.929,0.863,0.469,0.71,0.559,0.804,0.238,0.682,1.066,0.733,1.398,0.896,0.563,0.692
20160416,8,CO_24h,0.856,0.668,1.067,0.884,0.826,0.874,0.774,0.847,0.753,0.784,0.816,0.726,,1.191,1.356,1.837,1.795,1.451,1.657,,1.891,1.493,1.174,1.467,1.038,1.436,,0.907,1.204,0.795,1.005,1.11,0.637,0.788,2.54,2.605,2.865,3.397,3.113,2.87,0.771,0.846,0.832,0.865,0.955,1.099,0.811,0.972,0.959,0.85,0.824,0.851,0.833,0.651,1.205,0.339,0.563,0.529,0.708,0.817,0.549,0.69,0.466,0.891,0.61,1.086,1.074,1.22,1.169,1.447,1.236,1.087,0.814,0.718,0.807,0.893,0.757,0.929,1.113,0.58,,0.447,0.518,1.19,0.608,1.123,0.916,1.35,0.549,0.447,0.752,0.431,0.301,0.338,0.578,1.307,0.913,0.679,0.878,,1.137,0.675,0.9,0.813,0.734,,0.771,0.675,1.248,0.93,0.801,0.934,0.649,0.88,0.701,1.038,0.364,0.867,0.725,0.891,0.701,0.794,0.618,0.789,0.643,0.7,0.808,1.301,1.995,0.673,,1.115,1.01,0.693,2.228,1.366,1.419,0.892,0.63,0.387,0.419,0.555,0.402,0.726,0.324,0.401,0.587,0.606,1.377,0.571,0.307,0.505,0.785,0.931,0.653,0.303,0.629,0.386,0.597,0.641,0.541,0.48,0.537,0.794,0.779,0.568,0.631,0.581,0.69,0.405,0.863,0.9,0.955,0.941,0.865,1.27,1.205,,1.244,0.977,1.182,1.268,0.561,0.786,0.908,0.908,0.994,1.563,0.643,1.638,0.737,0.438,2.172,0.784,0.603,1.098,0.647,0.567,0.648,,0.552,0.51,0.661,1.013,1.11,1.29,0.706,1.231,1.782,0.63,1.73,1.082,0.597,0.671,0.83,0.821,1.571,1.187,1.791,1.534,0.507,0.525,0.293,0.424,0.373,0.606,0.655,,0.655,0.612,1.01,0.481,0.484,0.571,0.527,,0.43,0.536,0.704,0.865,0.923,0.95,0.793,0.381,0.286,0.25,,0.641,,1.274,0.607,,0.831,0.653,1.029,0.41,,,0.634,0.603,1.188,0.649,0.475,0.671,0.334,0.206,0.485,0.722,0.732,0.614,0.503,0.782,0.776,1.288,0.727,0.917,1.562,0.65,0.372,0.86,0.833,0.833,0.917,0.541,0.898,0.762,0.863,0.658,0.797,0.396,0.802,0.928,0.828,1.107,0.755,0.737,0.876,0.544,0.881,0.795,,0.688,0.684,0.723,0.704,0.735,0.637,0.528,0.49,0.36,0.96,0.744,1.521,1.238,1.699,0.857,1.109,1.416,1.213,0.951,1.175,0.701,0.705,0.913,0.712,0.938,1,0.906,0.755,0.831,0.883,0.607,1.395,0.791,0.928,0.864,0.794,0.848,0.671,1.009,0.938,0.937,1.307,,0.741,0.877,0.961,1.266,0.855,0.771,1.264,0.972,0.437,0.776,0.78,1.019,0.474,0.725,0.739,0.693,0.699,0.857,0.793,0.639,0.806,0.651,0.629,0.44,0.784,0.95,0.582,0.793,0.456,0.756,0.884,0.851,0.528,0.698,0.968,0.598,0.758,0.614,0.617,0.754,0.655,0.856,0.664,0.743,0.754,0.673,0.704,0.713,0.366,0.992,0.9,0.754,,1.071,0.928,1.097,1.08,1.071,1.013,0.825,0.928,0.348,0.594,0.512,0.489,0.59,0.315,0.518,0.327,,0.672,0.696,0.302,0.765,0.972,0.632,0.655,0.249,0.403,0.336,0.23,1.022,0.606,0.747,0.948,0.587,0.708,0.983,,0.691,0.557,1.725,0.829,0.429,0.44,0.497,0.606,0.87,0.565,0.573,1.246,0.498,0.146,0.768,1.712,0.534,1.125,0.338,0.913,,0.173,0.42,0.525,1.564,0.944,1.547,0.858,1.201,1.043,2.49,0.968,0.854,0.629,,1.619,,0.674,0.273,0.761,0.759,0.615,0.458,0.488,0.92,1.078,0.686,0.637,0.594,0.773,0.606,0.875,,0.725,0.67,0.603,0.742,0.432,0.332,0.823,0.753,0.998,1.026,0.9,0.923,0.824,0.784,0.866,0.771,0.44,0.514,1.061,1.088,0.714,0.642,0.458,0.634,0.743,1.177,0.615,0.489,0.234,0.385,0.589,1.467,0.804,0.829,0.565,1.568,0.918,0.431,2.074,0.894,0.659,0.396,0.849,1.265,0.902,0.862,0.969,0.763,0.662,0.767,1.362,1.023,0.956,1.26,0.983,0.859,1.145,,1.098,1.646,1.517,,1.235,1.324,1.064,,0.664,0.956,1.401,,1.207,,0.773,0.528,0.584,0.841,0.699,0.536,0.439,0.613,0.572,0.47,0.638,0.672,,0.851,,0.63,1.001,1.119,0.818,0.743,1.835,0.559,0.531,0.414,,0.409,0.821,0.588,0.979,0.869,0.855,,1.209,1.291,0.72,1.177,1.115,1.176,1.125,0.763,0.847,0.8,1.092,0.627,0.755,1.165,0.583,1.334,1.635,0.54,0.58,0.758,0.514,1.127,1.021,1.302,1.048,0.723,0.708,0.901,0.838,0.832,0.586,0.813,0.986,0.852,1.022,0.743,1.279,1.288,0.969,1.067,1.106,1.115,1.083,0.961,1.432,0.557,0.97,2.977,2.573,1.181,1.311,1.328,1.259,1.668,0.568,,0.573,0.657,1.107,2.959,,1.78,0.938,1.305,1.944,1.95,3.239,1.955,,2.42,0.97,1.138,1.015,0.769,0.904,0.563,0.747,1.999,0.731,0.942,0.66,0.794,1.296,0.848,0.607,,0.817,2.026,0.614,1.857,0.699,0.938,1.273,1.737,3.027,0.887,1.066,0.499,0.859,0.715,0.94,1.103,1.167,0.639,0.539,0.565,0.618,0.574,,0.463,0.955,1.22,0.312,0.666,0.694,1.292,0.517,0.726,0.766,0.482,0.926,0.668,0.661,0.787,0.847,0.49,0.534,1.448,0.448,0.525,0.532,0.582,0.49,1.11,0.837,0.674,0.823,0.865,0.593,0.772,1.799,0.677,1.549,2.69,2.813,1.398,1.817,2.889,2.622,0.698,0.681,1.408,1.182,1.382,1.546,2.074,,1.474,1.874,1.687,0.902,2.001,0.87,0.801,0.936,,1.343,1.624,1.331,1.019,0.923,0.73,0.815,1.097,0.897,1.003,0.984,1.087,1.176,0.765,1,1.002,0.937,0.657,1.334,0.866,1.585,0.582,,0.53,1.864,1.535,1.098,1.518,1.46,1.118,1.783,,1.301,0.849,0.957,1.062,1.209,1.383,1.289,1.497,1.049,0.742,0.55,0.576,0.921,0.643,0.556,0.658,0.523,0.454,0.738,0.454,0.606,2.727,1.046,1.315,1.945,0.088,0.432,0.374,0.177,0.52,0.376,0.496,0.38,0.985,1.065,0.734,0.868,0.501,0.475,0.897,0.436,0.9,0.708,1.048,0.935,0.785,,0.674,0.659,0.815,0.544,0.805,0.872,1.146,0.498,0.585,0.68,0.688,1.528,1.53,0.747,1.234,0.461,0.447,0.717,0.65,0.538,0.546,0.938,0.635,0.819,0.775,0.79,0.708,0.4,0.301,1.127,1.282,,0.505,0.371,0.565,0.426,0.842,0.76,1.021,0.378,0.42,0.725,0.553,0.596,0.764,0.702,0.974,1.043,0.945,0.428,0.467,0.231,0.637,0.424,0.451,0.38,0.701,0.214,1.559,2.697,1.202,0.428,1.261,0.741,0.59,0.47,0.804,0.779,1.274,0.785,0.417,0.915,0.663,0.656,0.579,,0.413,0.544,0.666,0.846,,0.7,0.578,0.921,0.627,0.459,0.663,,1.866,0.45,0.775,0.405,0.461,0.574,0.424,0.568,0.527,0.565,0.68,0.547,0.831,,,0.036,0.481,0.606,0.596,0.538,0.345,0.556,1.131,0.875,0.759,0.905,0.728,1.019,0.763,1.618,,1.494,1.576,1.134,0.626,0.919,1.222,0.823,0.527,0.946,0.926,,0.835,0.593,2.272,1.905,,2.012,2.079,1.14,0.618,0.748,1.443,,1.45,0.313,0.33,0.28,0.758,1.022,0.853,0.315,0.283,0.417,0.578,0.462,0.546,0.324,0.738,0.769,0.912,0.386,0.552,0.303,0.618,0.194,3.972,1.824,2.555,1.41,,1.198,0.971,1.335,0.622,0.799,0.669,1.68,0.729,2.094,0.516,2.475,3.108,1.099,0.87,1.82,0.98,1.008,0.819,1.079,1.211,1.383,0.935,0.866,0.589,0.882,1.436,0.955,1,0.737,1.673,1.143,0.45,1.404,1.835,,0.64,0.711,1.13,1.103,0.891,0.676,0.433,0.32,,,0.797,1.211,1.193,1.161,0.622,0.936,0.236,0.276,0.323,0.463,0.508,,0.566,0.553,0.635,0.666,0.401,0.53,0.736,,0.627,0.461,,0.91,0.532,0.813,1.31,1.245,0.656,1.72,1.264,2.11,0.393,0.785,0.467,0.674,0.399,,0.235,0.564,0.456,0.653,0.642,0.654,0.736,,0.532,0.619,0.651,0.379,0.532,0.352,0.978,0.704,,0.41,0.855,1.415,0.525,0.282,0.746,0.193,1.07,0.172,0.96,0.377,1.092,1.248,0.921,1.2,0.742,0.22,1.072,1.321,0.927,1.177,1.486,,0.888,0.655,1.076,0.74,0.672,0.619,0.556,0.668,0.5,1.038,1.717,0.957,1.735,1.402,0.696,0.659,0.694,1.436,0.603,0.592,0.765,0.714,0.86,0.675,1.441,1.142,1.56,0.951,1.247,0.062,1.216,0.995,0.759,0.822,0.776,0.75,1.247,0.844,1.341,1.112,1.454,1.667,2.288,1.024,0.553,0.458,0.421,1.097,1.047,1.172,0.826,0.691,0.808,1.065,1.244,1.139,0.801,0.777,1.679,1.66,1.867,0.922,0.767,1.418,0.869,0.735,,0.684,0.902,0.65,0.773,0.544,0.418,0.655,0.744,0.596,0.815,1.458,1.038,,0.956,1.38,0.779,1.327,1.15,1.184,0.644,0.859,0.941,0.704,0.997,1.118,1.748,0.934,0.646,0.809,0.701,1.297,1.357,1.764,0.858,0.525,0.611,0.795,0.69,0.774,0.838,0.783,0.699,0.915,1.05,1.198,1.194,1.06,1.234,1.417,0.746,1.041,0.974,0.861,1.026,0.125,0.563,0.199,0.788,0.478,0.942,1.194,1.048,1.295,1.077,,0.799,1.109,,1.251,1.535,0.765,1.1,1.316,1.852,,0.745,1.585,1.254,1.767,0.183,0.348,0.711,,0.728,0.829,0.551,1.063,0.918,0.508,1.411,1.036,0.869,1.237,1.121,1.273,1.687,0.944,1.061,0.91,0.642,1.054,,0.784,1.113,1.259,1.233,1.139,0.932,1.235,1.116,0.337,0.146,0.86,0.676,1.458,0.772,0.991,0.692,0.399,0.245,0.504,0.432,0.574,0.638,0.651,0.739,0.378,0.417,0.507,0.456,0.397,0.61,0.852,,0.557,0.471,0.689,0.653,0.753,0.552,,2.095,1.072,0.293,0.124,0.836,0.827,0.889,0.442,0.262,0.468,0.382,0.39,0.305,1.263,0.068,1.216,0.512,1.401,0.425,0.354,0.495,0.808,0.362,0.511,1.061,0.464,0.466,0.744,0.597,0.444,0.533,0.166,0.871,0.522,0.59,0.648,0.49,0.717,,0.872,,0.62,0.358,0.34,1.091,0.17,0.343,0.644,0.37,0.417,0.929,0.641,0.741,0.83,0.426,0.666,0.276,0.809,1.531,1.137,0.553,0.593,1.35,0.892,0.126,0.091,0.771,,1.77,1.398,0.853,0.724,0.256,0.312,,1.954,0.513,0.368,0.26,0.461,1.599,1.054,0.854,0.732,1.207,0.472,1.123,1.162,0.366,,1.354,1.073,0.97,0.416,0.41,0.482,0.707,0.434,0.883,0.961,0.59,0.43,0.7,1.187,0.478,0.349,0.298,,0.432,0.8,0.394,1.419,,0.955,1.181,0.756,0.922,0.564,0.339,0.369,1.038,1.137,0.405,0.474,0.304,1.399,0.343,0.73,0.45,0.184,0.708,0.223,1.123,0.632,0.399,0.328,0.577,0.708,1.366,0.972,0.324,0.551,0.744,1.515,2.219,2.724,1.098,0.603,1.624,0.983,0.664,0.903,0.506,0.821,0.237,0.702,1.081,0.528,1.477,0.849,0.809,0.962
20160416,9,AQI,334,79,,345,285,387,242,77,65,155,365,213,,58,69,59,61,67,57,,48,39,28,33,14,57,,33,25,16,20,30,32,39,77,67,93,77,86,83,73,91,78,78,83,29,49,52,42,55,64,54,51,66,58,55,43,57,44,51,91,116,94,118,90,56,56,58,57,51,52,51,52,51,49,49,45,39,32,48,,28,56,74,42,37,52,53,78,31,33,61,41,43,48,64,62,84,71,,65,72,72,75,80,,74,66,66,60,65,54,65,65,60,57,35,86,92,82,103,79,76,82,104,65,84,84,88,53,,88,88,94,125,94,84,102,94,56,39,42,52,25,37,49,45,33,40,38,38,39,42,32,44,56,42,55,51,61,51,54,51,36,45,33,40,32,49,30,61,72,60,61,103,82,106,,91,91,103,50,54,64,51,34,56,44,,45,52,43,50,42,47,43,42,30,54,,34,38,42,54,62,55,65,66,70,,68,81,39,63,54,51,70,78,74,82,60,46,32,38,35,55,53,,53,51,41,42,28,31,25,,35,26,33,32,39,82,38,47,48,61,,41,,43,38,,69,51,28,29,,,47,39,57,67,58,46,36,58,67,42,40,35,52,49,59,58,45,33,40,19,88,66,60,51,82,57,55,87,17,29,18,33,21,26,28,24,24,189,182,198,166,213,,232,160,43,40,40,48,39,45,51,61,52,28,33,36,33,42,52,57,26,28,16,25,22,35,17,34,23,18,25,18,20,31,26,28,24,28,24,29,26,23,45,52,,100,61,53,55,50,57,51,51,55,,30,30,46,40,38,53,32,51,59,28,36,28,31,40,51,51,44,52,35,48,68,59,32,,40,42,46,38,42,58,47,54,50,46,54,41,44,40,52,53,52,48,,95,87,89,89,93,92,116,105,48,56,68,97,53,26,25,33,38,17,39,40,25,19,35,39,23,34,33,,33,42,61,54,60,33,60,,42,16,25,37,27,29,40,26,29,30,43,53,62,52,64,61,65,61,79,71,,64,117,54,57,64,60,38,48,50,55,39,36,39,95,31,57,34,43,41,40,24,19,46,57,68,,98,102,74,106,88,,82,94,47,59,43,97,22,19,23,35,27,18,20,40,23,29,33,23,25,52,89,80,89,66,80,74,73,76,78,74,62,77,82,60,57,59,53,61,59,81,87,61,104,103,105,119,83,77,62,22,144,100,150,99,98,92,115,,46,42,103,,90,78,108,,70,84,112,,93,,87,105,89,99,80,59,54,58,55,56,49,89,,77,,82,68,74,78,74,98,80,60,66,,61,59,59,97,74,90,,32,32,30,38,26,45,33,24,33,30,26,63,60,55,54,57,50,52,55,55,61,53,34,40,33,32,36,42,45,44,38,47,54,35,50,52,50,59,46,36,48,41,42,46,29,43,53,100,77,82,67,82,156,141,141,111,107,121,43,56,,60,39,52,73,30,37,44,,35,37,54,38,29,20,191,189,187,128,72,68,68,73,70,65,,62,75,56,78,54,59,63,64,74,58,49,57,168,98,115,112,118,65,53,83,65,65,,50,30,,26,36,40,69,108,107,124,59,105,36,36,54,29,32,23,19,26,36,36,29,46,48,42,41,56,30,68,42,53,30,60,67,71,59,80,69,57,26,21,28,26,23,38,58,,60,62,103,54,69,43,22,40,,51,56,72,39,19,23,28,33,46,20,21,18,52,64,34,31,31,32,27,20,22,33,,35,32,20,39,55,64,60,70,,60,61,63,108,97,108,78,112,99,45,47,32,54,53,56,13,16,18,19,17,15,76,64,92,71,20,29,27,20,38,48,51,44,46,52,45,48,26,33,26,68,44,43,47,34,30,,49,35,41,38,64,61,72,33,57,60,51,70,63,52,72,27,45,45,52,33,55,55,50,51,61,54,39,64,66,98,31,,86,120,125,81,23,27,30,22,30,66,83,108,82,87,162,142,57,50,49,51,41,37,52,55,69,57,59,68,60,68,67,73,55,55,61,55,43,49,31,38,34,35,52,,41,46,46,56,,55,37,39,45,46,45,,52,33,38,40,51,45,48,67,56,79,68,51,45,,,54,53,20,23,24,24,23,46,48,45,55,78,70,66,27,,26,32,36,40,60,81,160,96,85,26,,29,38,33,31,,31,28,68,53,64,30,,41,68,53,76,128,127,142,57,43,113,124,105,34,38,64,84,77,30,25,68,56,49,123,103,94,105,,44,57,57,63,74,92,83,72,99,92,91,102,87,97,95,78,75,48,57,94,69,86,77,80,90,64,87,60,57,44,49,49,26,22,52,40,143,89,130,63,32,42,28,,,78,75,69,74,112,82,21,28,34,42,42,59,40,80,53,43,54,78,55,,68,27,,55,51,98,68,87,54,57,60,39,42,48,75,57,57,,49,70,8,59,45,63,87,,72,49,62,80,55,54,45,52,,214,133,57,29,55,49,42,118,77,68,83,110,53,45,55,38,9,23,23,19,22,22,,19,33,52,29,31,43,40,40,44,20,21,23,20,23,28,33,51,76,103,25,26,23,22,22,32,52,38,40,41,32,40,30,42,45,54,52,60,50,32,32,32,32,25,37,49,49,43,53,46,35,24,60,72,67,50,49,33,45,33,27,29,33,48,28,26,22,,35,55,27,120,81,91,122,33,29,28,43,64,68,59,51,35,18,28,34,22,25,40,22,24,33,55,23,20,16,50,26,24,29,42,33,,34,37,19,21,24,32,,48,49,48,53,52,59,26,29,33,33,33,33,27,28,25,29,57,36,52,59,46,,40,43,,62,42,41,53,44,36,,108,50,35,63,15,32,39,,58,72,65,74,69,55,74,65,74,80,62,69,77,58,42,65,112,130,,56,48,124,94,70,79,130,127,37,46,37,57,61,32,28,53,24,29,29,18,30,23,35,21,30,45,41,51,25,41,32,,33,56,49,53,72,23,46,82,12,18,25,17,24,13,38,52,37,61,54,51,45,71,66,69,21,19,24,45,45,23,34,78,31,46,30,22,24,26,29,45,21,25,53,53,27,,19,,53,27,28,38,30,16,78,112,64,44,79,74,89,117,120,83,79,123,165,45,48,27,62,28,38,23,26,59,55,87,72,63,60,,144,20,40,38,30,18,85,42,32,119,112,106,116,11,25,16,44,38,33,36,39,33,35,56,64,59,56,45,66,42,54,47,,51,54,65,21,,52,59,64,98,57,113,112,94,63,84,75,81,78,51,78,67,84,148,88,122,137,141,138,36,64,63,33,55,146,173,95,130,232,230,67,78,49,37,33,12,31,25,24,50,63,60,73,22,50
20160416,9,PM2.5,99,20,,113,99,125,192,,42,55,105,163,,23,30,22,25,35,26,,10,27,19,19,,37,,23,13,11,5,13,22,15,45,40,36,44,49,49,28,61,57,54,52,20,34,24,17,25,31,15,27,20,20,21,30,11,12,19,30,25,44,45,35,14,18,24,14,18,20,29,8,26,34,34,21,17,22,16,,12,31,54,19,25,21,18,13,13,6,9,20,6,2,24,43,52,51,,43,52,48,55,50,,53,36,43,38,35,24,41,44,37,33,18,56,68,60,77,58,48,60,78,40,58,62,65,37,,65,65,70,95,70,62,76,70,26,27,24,23,15,20,19,21,16,28,20,26,27,29,22,16,37,13,22,15,21,17,16,18,13,14,15,15,19,34,16,42,42,31,36,72,52,68,,55,54,77,35,38,27,29,18,26,27,,31,25,26,35,17,26,17,29,19,19,,23,26,29,26,28,28,30,46,41,,41,48,18,40,19,29,50,57,54,60,33,25,21,20,21,22,29,,31,22,21,19,8,8,8,,7,12,10,21,18,42,25,19,30,43,,20,,18,23,,48,25,19,7,,,29,27,40,48,41,31,24,41,21,29,28,24,36,34,42,40,31,23,28,13,65,47,34,31,45,40,35,64,7,20,9,23,5,3,,7,1,142,137,148,126,163,,182,122,17,15,28,22,17,24,31,27,29,19,23,25,20,29,36,40,18,19,5,9,6,24,8,4,16,3,17,12,14,12,14,6,8,19,8,20,6,6,31,29,,75,31,31,33,35,31,32,19,29,,15,18,29,28,26,19,22,30,38,13,25,14,17,28,29,28,28,30,21,33,32,42,20,,28,29,24,23,18,41,30,38,32,26,32,28,26,24,26,29,28,33,,71,64,66,66,69,68,84,79,33,39,49,72,34,7,17,15,26,10,27,20,17,12,12,27,16,15,19,,23,29,42,38,43,23,43,,24,6,2,18,5,20,8,7,7,7,4,36,35,25,32,37,41,34,36,22,,28,66,22,35,18,31,18,25,20,30,11,20,13,71,19,40,20,29,22,28,16,13,24,40,49,,32,40,44,36,38,,28,70,24,10,15,22,12,13,16,24,15,8,11,18,16,20,7,16,10,24,14,20,18,43,27,18,25,21,16,23,12,33,57,37,30,38,36,40,42,51,64,33,78,77,66,90,55,56,44,15,110,75,77,74,73,68,87,,24,19,77,,58,56,81,,48,62,84,,69,,32,79,65,74,59,41,31,41,32,30,20,66,,56,,60,49,54,57,45,42,59,43,37,,34,37,27,72,52,67,,22,22,21,26,12,31,23,14,23,21,16,45,43,38,38,40,35,36,39,39,37,37,19,19,23,22,25,29,31,28,26,32,37,24,32,36,35,32,32,23,28,26,29,32,20,28,37,52,49,60,48,60,21,29,20,23,27,37,20,12,,25,17,19,34,21,18,15,,15,16,23,26,16,7,69,62,81,39,52,47,45,48,48,47,,40,36,33,57,17,35,45,35,49,41,33,34,127,73,87,84,89,47,37,61,47,47,,35,21,,18,18,28,49,81,80,94,42,79,19,25,38,20,22,12,11,18,25,25,20,32,24,16,15,24,17,21,21,27,4,32,45,41,39,59,50,34,10,12,19,18,16,26,41,,43,44,77,36,50,15,14,28,,22,24,29,18,5,8,6,17,7,8,7,12,2,46,7,4,12,11,7,10,8,7,,10,22,10,27,39,39,36,36,,36,39,45,81,72,81,57,84,74,24,29,21,29,28,35,9,11,11,12,10,8,55,35,68,43,14,17,13,14,26,20,18,16,17,16,31,17,8,23,13,49,28,30,6,12,21,,32,24,20,26,46,30,52,15,20,14,18,30,26,21,31,14,20,17,19,12,30,18,21,28,22,14,22,26,25,25,14,,21,40,31,27,2,8,21,10,4,35,21,24,59,64,123,108,32,28,28,28,18,25,36,35,,40,39,35,34,35,36,44,23,29,31,24,21,18,17,19,23,11,21,,26,31,32,,,17,24,23,30,31,31,,36,21,19,22,24,31,33,39,29,41,34,26,27,,,38,37,12,12,8,6,12,32,33,31,39,52,44,44,15,,7,14,10,28,40,54,70,67,45,18,,20,26,15,19,,7,18,49,37,34,20,,16,17,21,,97,96,108,40,30,42,40,41,16,15,46,62,56,13,8,29,27,24,93,75,70,79,,28,30,34,27,54,68,52,52,48,49,41,38,64,72,71,57,55,20,23,70,50,59,56,59,67,46,64,43,40,25,34,33,18,15,36,28,109,66,99,45,22,21,15,,,57,55,47,54,84,60,6,19,8,29,18,42,20,59,37,19,25,46,30,,14,10,,31,22,73,49,64,38,40,36,24,18,33,55,40,40,,34,51,5,36,30,45,64,,47,32,39,59,26,31,24,33,,164,26,11,20,39,30,29,89,56,49,61,83,30,27,24,24,6,16,16,12,15,14,,9,23,26,20,20,30,28,26,29,3,11,16,5,16,10,18,21,32,77,13,15,16,10,7,22,36,23,28,25,22,28,21,29,21,27,36,43,26,22,22,18,22,17,25,34,34,30,37,32,24,13,43,52,48,25,34,23,20,14,17,16,23,23,18,18,9,,24,18,17,91,58,58,92,23,13,15,13,36,49,42,23,7,9,19,14,5,5,7,7,9,23,39,10,4,9,2,3,,20,13,23,,18,17,6,7,8,22,,33,34,33,29,36,42,9,20,20,17,23,12,8,13,17,12,40,,28,14,22,,28,28,,44,24,14,22,29,25,,25,26,17,40,10,15,20,,41,52,47,54,50,37,54,47,54,59,40,50,56,41,29,47,84,99,,39,33,94,70,51,58,99,96,6,12,13,6,19,13,13,32,7,11,15,12,15,13,24,13,9,31,17,26,17,19,17,,18,5,24,34,47,14,16,11,5,7,13,9,11,9,5,15,16,20,11,27,22,18,38,36,13,12,13,21,23,12,9,39,6,32,8,8,11,3,16,21,5,7,17,32,9,,6,,16,17,13,17,12,11,33,47,33,17,58,54,52,88,70,55,53,45,125,31,24,13,,16,18,12,16,20,39,28,,37,27,,102,14,26,22,21,12,63,29,20,29,42,33,29,7,17,9,14,18,20,14,27,12,21,24,15,42,32,12,21,29,21,13,,17,33,29,10,,31,42,29,37,29,,57,15,24,41,30,41,44,18,21,23,30,41,23,64,104,63,57,,21,23,12,20,68,78,37,73,182,180,27,43,15,8,16,6,6,2,8,17,45,26,53,12,29
20160416,9,PM2.5_24h,56,50,,62,56,63,62,,42,53,58,67,,95,99,96,98,105,94,,93,114,114,107,113,105,,58,55,64,48,48,62,52,112,109,116,122,126,126,37,65,57,55,52,55,60,62,66,59,77,63,59,54,64,54,54,47,42,40,29,39,38,36,27,30,43,46,37,86,83,92,68,80,77,83,59,59,62,26,,22,30,18,32,23,35,36,24,30,22,21,35,19,29,25,40,39,46,,43,45,43,46,47,,50,39,35,36,33,28,39,38,30,38,30,48,51,42,44,42,34,38,42,33,44,49,50,43,,58,54,51,56,44,47,56,38,44,45,39,42,34,38,44,43,43,40,33,41,39,36,30,32,44,27,29,26,40,26,29,29,26,25,33,33,40,36,32,54,53,47,58,61,46,62,,54,51,59,41,48,41,33,36,42,42,,40,38,39,46,28,25,27,34,27,31,,28,27,29,37,38,43,54,44,48,,49,51,21,36,26,30,48,54,43,53,34,24,16,30,23,30,29,,38,21,22,20,26,19,22,,21,25,25,34,31,37,34,16,19,23,,23,,29,27,,43,53,48,19,,,22,23,29,35,35,27,15,20,20,40,40,37,38,42,40,44,42,37,37,21,50,38,37,37,34,34,36,55,23,32,13,27,17,29,26,28,17,71,78,63,61,80,,92,64,21,30,35,30,38,32,41,40,38,46,55,53,51,58,58,53,49,54,27,34,32,32,35,33,34,29,34,71,31,28,33,32,27,31,32,33,30,27,30,32,,32,33,35,37,36,28,40,20,25,,28,28,22,24,31,23,22,24,29,25,35,24,15,26,29,25,25,27,23,35,38,35,22,,22,31,28,23,30,32,28,34,28,35,26,22,22,29,23,30,34,51,,59,55,54,54,53,57,59,65,31,38,44,42,32,9,31,19,24,22,34,26,27,27,25,37,25,30,28,,33,38,33,26,29,24,30,,25,14,23,42,37,43,29,33,36,36,32,29,27,21,24,29,29,26,23,15,,28,101,19,42,29,34,24,35,27,45,15,33,24,33,28,30,19,29,17,28,12,10,27,25,32,,52,44,37,40,40,,24,40,19,18,23,10,29,31,29,32,28,29,30,29,31,32,28,24,39,65,30,37,35,32,38,25,27,29,22,26,25,35,39,41,35,33,36,34,38,43,77,55,59,44,48,53,42,41,36,19,103,80,72,72,75,87,59,,83,76,80,,97,67,78,,52,64,60,,70,,55,85,81,76,60,34,33,35,25,24,26,71,,62,,68,55,59,60,51,60,68,49,45,,28,30,26,73,59,66,,25,25,34,41,34,30,27,23,33,29,33,38,38,33,33,36,34,26,37,32,29,20,14,16,33,29,30,17,17,20,22,30,29,31,38,40,41,37,42,39,44,41,50,43,26,32,28,41,39,60,62,71,32,34,23,31,30,40,60,37,,50,43,29,43,33,26,17,,48,34,58,51,28,23,44,37,44,27,41,44,44,49,51,43,,40,30,34,44,19,39,35,34,47,36,32,28,91,57,67,67,70,34,27,35,30,35,,30,37,,33,45,52,37,45,49,59,47,82,42,46,65,49,22,19,21,26,36,29,34,31,42,25,26,25,19,23,29,25,6,75,115,100,114,106,94,99,60,59,95,79,76,65,71,,66,93,132,86,119,52,43,50,,43,50,64,38,52,56,50,42,54,36,36,39,42,57,48,30,52,44,51,63,64,60,,39,56,25,22,51,70,62,77,,43,46,57,82,76,76,66,78,76,23,31,14,19,21,19,22,20,23,22,22,12,31,18,24,18,20,36,27,28,28,23,19,17,11,28,22,27,14,29,21,39,32,31,14,20,34,,45,28,25,28,37,39,45,24,27,31,33,25,28,25,35,16,20,18,19,11,31,21,19,43,35,30,43,17,12,17,22,,18,21,28,29,16,6,23,16,8,30,29,23,68,76,96,72,40,32,33,43,28,33,30,33,31,47,39,41,27,32,44,53,33,32,29,22,20,20,25,34,30,29,38,,46,38,52,,,26,27,33,48,37,45,,38,18,20,30,32,59,56,23,19,17,18,29,23,,,45,45,26,33,26,27,29,43,44,44,45,47,48,46,59,,54,60,60,67,44,45,44,39,36,36,,32,36,29,31,,22,29,83,60,39,21,,18,25,23,21,55,69,66,30,23,42,40,36,36,34,67,79,77,68,66,25,25,26,125,74,73,90,,42,29,37,27,42,42,41,46,50,48,47,42,46,56,47,39,40,27,29,57,55,44,42,82,86,41,39,42,41,35,28,29,27,32,59,40,77,63,85,43,21,22,19,,,72,48,53,102,109,81,18,19,18,49,46,21,16,65,49,43,41,62,44,,33,32,,22,22,43,83,44,42,43,39,43,31,38,60,50,43,,26,38,8,59,50,64,61,,47,50,71,79,37,33,28,39,,71,52,54,25,37,23,27,65,47,43,50,114,29,31,32,30,6,23,22,20,21,18,,14,33,36,33,21,30,28,26,29,8,58,55,39,49,51,44,55,49,49,24,30,34,32,29,16,29,25,33,30,27,29,25,31,45,44,60,66,48,34,24,20,24,22,22,32,32,29,90,57,55,59,73,67,82,46,52,50,37,36,40,37,47,50,49,49,28,,63,34,28,62,53,38,67,40,37,41,21,35,54,49,28,23,27,37,26,21,27,26,22,22,26,43,36,28,37,20,16,24,27,21,27,,23,28,24,24,27,43,,34,34,33,29,39,47,31,38,41,41,43,65,43,71,60,66,40,34,28,26,33,,43,45,,54,46,42,46,42,53,,48,35,51,53,24,37,42,,44,52,48,43,40,31,52,40,46,71,46,58,63,50,33,50,87,94,,37,53,80,72,55,57,79,78,7,6,9,6,14,14,13,15,12,11,17,12,22,20,21,20,18,29,17,26,19,24,22,,24,12,22,26,31,17,19,20,16,21,6,8,11,8,8,20,23,16,14,32,35,24,36,24,12,12,11,13,17,20,28,32,21,29,13,16,22,11,24,37,16,15,17,18,31,,44,,16,22,21,16,15,14,47,51,42,26,29,32,62,71,75,59,58,45,87,25,21,31,,15,12,15,16,19,26,27,39,26,27,,50,21,21,20,18,11,26,15,14,20,27,23,23,15,35,18,25,23,22,15,21,16,21,22,15,30,29,11,18,26,19,12,,13,22,21,9,,19,30,21,22,27,,40,44,22,41,23,26,29,23,31,28,30,28,22,42,65,26,21,8,12,13,13,23,34,52,45,89,154,162,113,50,16,15,26,10,8,6,6,19,23,21,45,37,32
20160416,9,PM10,447,108,,456,409,489,340,103,79,259,472,293,,65,87,67,72,83,63,,48,27,26,33,1,64,,25,25,11,6,30,30,39,104,84,135,104,121,115,95,131,105,106,116,,,53,42,59,77,57,52,81,65,60,39,63,44,51,132,182,138,186,130,62,61,65,64,51,53,52,53,51,40,,45,39,22,48,,28,62,70,42,37,53,56,106,31,33,71,41,43,48,77,73,118,92,,79,94,94,97,109,,98,82,81,69,80,57,79,79,70,63,,121,121,104,102,91,101,98,123,79,118,87,95,55,,76,108,95,128,83,70,,85,61,27,42,53,20,37,49,45,30,39,38,31,30,,29,44,61,42,59,51,72,52,57,51,36,45,33,40,32,38,30,72,93,70,72,155,114,162,,132,132,134,40,48,77,51,34,62,44,,35,54,43,49,42,47,43,41,30,58,,34,35,32,57,74,59,79,82,90,,85,112,39,75,57,52,89,81,85,71,69,46,32,38,35,59,56,,56,51,41,42,16,20,23,,9,17,33,32,39,113,38,47,48,71,,41,,43,38,,87,51,22,23,,,47,39,44,74,61,46,36,53,84,,31,31,,,,66,,,,17,96,81,70,51,113,52,59,92,17,,,,21,26,28,24,24,221,253,242,201,201,,214,185,35,35,,48,28,,51,72,53,26,25,,33,38,,,24,28,9,,,,11,34,,8,,,,,,,,,,,9,9,45,53,,91,72,56,59,43,63,52,52,60,,30,30,46,33,33,56,29,52,67,28,,28,31,40,52,52,44,54,35,44,86,,32,,,38,46,38,42,59,47,51,50,46,57,41,44,40,54,55,53,47,,113,83,98,93,95,129,182,160,45,62,65,88,55,26,21,33,30,17,,40,22,19,35,29,22,34,33,,29,38,72,58,64,33,65,,42,9,12,37,12,27,40,15,19,30,43,56,74,53,77,72,79,72,107,92,,78,183,57,64,78,70,38,48,50,59,39,36,39,,31,,34,43,38,34,24,18,46,60,72,,146,153,97,162,126,,113,135,47,68,43,143,,15,,,,12,13,40,17,,32,,25,53,127,110,127,82,110,97,95,101,106,97,74,103,114,70,63,67,55,72,68,112,118,72,157,86,160,160,116,102,61,,155,103,249,128,110,96,107,,46,42,99,,130,105,122,,90,91,131,,112,,123,115,128,139,107,67,57,,60,62,49,97,,99,,99,85,78,99,98,146,88,65,81,,71,68,68,121,98,118,,,24,,30,26,41,,24,30,,26,63,,59,52,55,47,48,52,47,72,,34,40,25,27,27,34,36,44,34,47,57,35,50,39,50,67,38,36,48,41,37,37,28,43,44,127,104,67,68,,261,231,232,172,164,191,43,61,,70,39,53,96,23,19,44,,35,37,57,33,29,15,331,328,323,206,90,86,85,95,90,78,,73,99,62,96,57,68,62,78,98,52,49,63,141,111,126,134,125,59,52,66,63,66,,46,25,,26,36,,87,119,100,150,,84,36,34,41,27,,23,19,18,25,31,20,,48,42,41,62,30,85,42,56,8,70,83,91,68,72,51,64,14,,21,,22,26,,,,66,,58,,43,22,,,51,61,94,39,19,23,28,33,46,17,19,14,54,,28,19,17,,27,18,,33,,35,26,20,,48,78,70,90,,69,72,63,103,118,101,85,137,85,45,47,32,58,55,62,13,16,18,19,15,15,102,77,121,91,,29,27,17,35,48,52,44,46,54,,48,26,33,26,72,44,34,47,13,21,,49,34,41,,78,72,,33,64,70,52,89,75,53,94,27,45,45,54,33,59,60,50,51,71,57,39,78,81,146,31,,122,189,200,112,14,13,22,12,30,81,115,165,114,102,179,181,64,50,44,51,41,34,40,60,88,51,68,86,69,85,84,96,60,60,72,59,43,49,31,38,34,35,54,,41,46,41,62,,59,37,39,45,46,44,,41,33,38,40,51,35,47,84,62,108,85,52,45,,,44,56,,20,9,14,,,,,,106,90,81,23,,26,32,36,,69,112,270,141,119,22,,20,32,33,31,,31,28,83,45,77,30,,41,85,55,101,135,133,129,,30,175,198,159,34,38,51,70,68,26,22,85,62,49,138,155,103,154,,41,64,64,75,97,85,115,92,148,134,131,154,78,135,98,75,86,48,63,100,62,121,76,89,76,57,72,54,49,44,40,49,,,38,31,166,84,119,57,28,42,28,,,60,,87,66,102,64,21,25,34,32,42,68,,75,,43,57,105,59,,86,26,,59,52,133,86,83,58,58,69,39,40,45,99,51,42,,,,,68,45,,71,,94,49,74,87,60,57,45,53,,,52,63,28,,49,,,57,,,,55,45,60,38,,19,21,19,15,22,,19,,53,,31,42,39,40,44,14,,17,13,,23,33,51,101,,22,22,,,16,28,42,38,35,41,,33,26,,45,57,51,44,50,26,31,32,25,25,37,36,38,37,,,,24,61,,,50,42,27,45,28,25,25,30,24,23,24,22,,34,59,,,112,131,126,27,29,28,43,77,71,,52,31,18,26,34,22,25,40,22,24,26,44,23,20,16,50,21,2,28,42,31,,34,37,18,13,24,,,42,,45,56,36,,26,29,33,33,28,,24,15,22,25,,36,54,67,46,,38,43,,47,42,41,56,44,36,,165,50,35,75,12,32,39,,58,65,65,80,62,59,76,61,57,77,74,65,69,46,37,,98,125,,61,44,164,122,79,88,99,118,37,46,37,64,72,32,28,56,24,29,29,14,30,23,29,21,30,45,41,51,22,41,32,,33,61,49,56,94,23,46,30,7,,25,17,24,12,38,54,37,71,57,51,45,91,82,88,21,19,24,45,45,,34,106,25,44,30,16,17,26,29,45,8,21,56,56,22,,19,,56,27,20,38,30,11,105,173,77,44,94,79,127,175,189,115,108,196,168,37,48,21,74,28,38,20,26,67,,124,93,75,69,,238,16,40,38,,14,,,32,187,174,161,181,11,22,9,44,38,33,36,,33,35,62,77,65,62,45,81,29,58,47,,51,57,79,21,,53,49,78,146,63,175,174,138,76,118,100,112,106,51,105,84,118,246,126,194,134,231,225,9,77,75,33,59,242,296,139,210,344,245,84,106,49,37,33,12,,5,16,50,70,70,77,17,50
20160416,9,PM10_24h,127,109,,124,108,142,132,104,80,123,136,129,,157,169,165,150,182,151,,181,202,228,178,170,163,,100,118,115,101,102,112,171,229,217,258,219,235,232,88,116,117,133,130,113,126,154,137,110,149,134,183,151,148,205,171,219,219,200,83,109,88,117,82,101,86,101,93,151,165,153,170,169,138,125,119,129,83,84,,57,70,51,67,62,118,94,144,130,123,131,121,155,121,112,67,94,89,,99,90,90,84,104,,116,121,80,70,77,71,86,72,77,81,54,101,92,76,77,68,61,63,73,67,93,77,77,81,,79,88,81,90,66,74,88,70,84,74,87,87,67,87,77,87,81,133,110,123,123,100,96,124,143,101,84,90,91,72,88,91,76,69,73,86,97,81,84,107,108,93,102,181,128,152,,156,167,145,101,110,106,113,86,134,85,,87,99,109,100,100,104,120,113,87,111,,101,101,93,112,116,126,137,107,116,,104,118,48,88,61,66,117,106,110,99,54,40,24,54,39,66,58,,82,39,41,58,46,45,48,,32,43,64,55,65,71,56,35,43,49,,77,,72,50,,90,86,74,45,,,38,40,44,58,54,39,26,32,44,81,109,91,82,100,78,103,97,90,99,42,74,56,61,58,71,43,51,79,49,58,46,37,50,52,42,43,53,168,235,186,182,196,,172,192,63,73,48,68,54,60,63,87,116,116,110,108,98,106,105,122,108,100,48,60,69,60,65,54,66,61,72,,61,38,43,50,37,56,59,50,43,49,43,45,,48,54,42,61,43,44,48,41,43,,46,44,41,33,52,51,37,41,46,41,62,39,30,34,45,45,45,45,40,47,70,38,37,,33,33,47,40,43,45,41,43,42,45,40,37,35,46,40,50,56,63,,93,86,95,90,87,108,126,119,47,67,69,73,59,39,38,36,30,34,43,42,37,44,49,46,35,43,37,,54,44,59,42,41,38,44,,43,19,76,89,94,77,91,78,81,89,97,52,59,50,56,62,79,56,93,74,,60,176,54,89,64,60,59,70,74,113,77,48,69,86,62,67,35,47,30,48,30,19,53,45,58,,105,111,108,93,93,,77,80,47,79,73,54,46,57,48,52,45,44,48,51,49,50,73,38,109,82,143,172,184,146,157,139,138,118,122,113,125,106,84,84,71,62,60,58,56,104,102,90,108,118,115,125,74,74,52,33,216,173,172,158,133,157,115,,206,194,219,,204,178,170,,94,137,155,,153,,168,142,168,151,134,122,106,81,68,63,74,130,,129,,156,139,116,161,145,154,151,78,82,,64,84,84,218,153,241,,39,34,41,41,38,47,41,31,37,40,48,55,50,55,49,52,47,47,55,42,59,16,21,26,44,37,40,19,22,26,39,46,46,47,48,53,53,53,51,49,50,51,59,50,37,56,50,80,76,152,160,178,146,108,125,100,95,105,95,102,,115,93,62,112,48,64,50,,114,87,151,119,60,50,223,198,188,143,76,82,86,103,96,75,,83,88,69,85,60,67,60,75,91,63,60,55,119,125,124,126,121,54,41,59,52,50,,41,67,,66,72,64,70,74,86,111,57,98,63,66,90,68,47,34,43,51,76,79,89,96,75,59,51,46,32,43,53,43,12,164,264,191,128,170,201,191,114,68,165,110,76,107,115,,119,165,217,162,178,96,98,101,,84,102,166,84,87,95,90,71,93,72,66,62,74,78,72,54,73,50,80,123,82,106,,66,87,43,28,71,109,96,124,,78,79,85,106,123,99,101,126,99,50,46,31,35,37,33,29,35,34,34,38,21,82,40,82,41,34,49,41,35,40,47,39,34,42,63,40,44,29,39,32,58,45,40,70,29,52,,63,71,84,69,70,78,77,44,54,60,60,55,54,47,68,28,33,47,37,38,44,54,40,74,37,72,103,79,95,98,71,,80,82,136,101,25,20,60,35,33,136,127,136,167,175,168,191,114,81,53,69,60,62,72,80,129,79,106,115,95,102,146,156,66,72,61,46,43,52,92,82,90,84,103,,86,103,91,120,,109,76,97,104,103,115,,69,50,55,75,79,77,76,69,62,47,46,59,54,,,69,75,48,68,48,57,56,111,99,110,99,82,74,68,78,,79,98,111,131,64,88,102,63,68,53,,45,59,62,45,,65,56,65,71,76,36,,39,103,92,107,149,148,165,69,54,140,143,150,127,135,85,104,96,456,376,69,61,56,172,183,137,175,,45,74,70,88,96,86,109,100,136,122,125,142,77,132,98,57,62,51,58,94,80,113,72,111,113,65,58,64,54,57,49,53,37,40,81,54,123,81,110,52,31,50,34,,,85,47,101,126,170,97,35,26,38,74,78,43,25,112,131,85,113,185,105,,65,69,,66,77,140,176,137,84,104,78,88,54,68,103,77,66,,35,41,27,120,101,109,100,,107,90,132,131,80,84,61,72,,89,110,108,62,60,39,40,57,48,68,48,38,46,47,50,43,8,34,28,31,27,29,,24,45,58,53,38,55,44,52,38,29,86,70,73,84,87,94,80,97,89,32,49,52,48,49,24,43,40,43,41,26,39,32,34,84,90,84,87,76,44,32,33,30,27,34,35,37,38,133,120,139,118,140,133,149,163,157,174,179,84,91,80,96,103,107,100,65,,116,118,82,130,130,121,158,85,77,102,49,59,108,59,64,40,64,76,48,42,52,47,45,39,51,71,65,61,62,69,44,46,44,56,46,,50,42,44,39,53,70,,51,54,64,45,57,59,54,56,56,58,58,,71,115,97,100,46,48,62,52,49,,67,76,,75,65,71,83,81,63,,66,75,73,78,41,61,74,,63,60,59,78,60,64,78,71,72,95,76,88,94,65,52,83,138,135,,64,81,118,116,96,100,99,125,31,25,16,23,32,29,23,32,25,22,24,21,36,31,30,34,33,43,41,49,30,39,46,,41,49,35,38,59,42,52,42,31,42,10,15,19,12,27,37,36,39,36,50,50,78,68,86,22,22,22,32,42,51,94,82,76,52,34,30,39,46,66,93,32,31,51,53,50,,79,,33,69,59,33,25,14,87,120,64,54,51,55,95,121,186,101,102,144,137,37,50,48,59,24,21,27,25,62,,210,61,55,45,,166,40,40,45,,20,35,25,24,85,92,89,96,34,57,31,61,43,39,41,21,25,33,32,32,60,55,30,37,70,68,35,,33,37,36,15,,42,35,55,69,65,102,154,60,73,130,70,84,72,87,90,82,69,106,89,204,200,144,116,24,56,54,62,105,151,189,177,263,337,324,149,155,46,35,64,30,16,14,22,55,52,53,63,74,48
20160416,9,SO2,3,2,,3,2,3,3,3,2,2,7,2,,4,11,2,14,4,14,,7,2,5,10,7,10,,9,10,7,15,15,14,17,28,24,23,28,32,42,13,25,13,12,18,12,8,7,3,14,12,11,7,9,9,4,4,10,3,5,7,13,15,8,14,6,4,6,3,18,11,21,9,24,8,2,7,16,35,8,,9,28,24,8,12,13,24,11,9,5,14,6,1,9,8,8,73,18,,19,34,18,41,26,,25,20,10,7,4,3,8,2,10,9,2,45,19,13,8,11,6,7,10,15,14,13,18,27,,15,31,32,15,22,8,14,15,12,11,16,10,8,10,8,11,18,11,10,12,12,12,3,12,8,6,15,12,17,12,10,19,8,11,21,19,25,20,12,17,15,39,23,42,26,43,,51,21,141,9,26,56,24,9,11,11,,5,10,8,10,8,9,18,12,12,11,,15,16,38,3,5,15,23,24,15,,11,13,8,1,12,8,33,24,8,16,6,7,9,24,4,6,8,,16,6,5,8,8,8,9,,6,8,14,6,6,21,11,12,17,,,12,,9,10,,13,10,8,5,,,20,31,10,16,18,18,22,21,64,7,10,15,6,5,5,3,6,,10,3,7,8,5,2,5,5,9,29,4,4,10,13,11,10,5,16,14,20,13,21,14,30,,23,20,19,10,25,7,32,17,14,11,4,13,11,14,7,3,16,9,12,10,3,2,4,6,1,6,5,6,8,5,5,6,6,3,8,14,5,8,5,4,4,5,,12,13,9,22,5,7,21,10,6,,3,4,43,8,11,1,11,4,11,10,3,3,6,14,6,11,1,17,7,12,10,4,2,,3,6,12,5,14,7,4,6,4,7,9,5,7,6,1,10,12,11,,8,13,8,10,5,11,8,8,6,3,7,4,10,7,7,9,9,9,21,15,16,7,15,25,9,12,10,,9,18,10,11,14,9,10,,12,12,5,6,5,15,43,8,10,10,11,48,14,80,61,19,18,47,11,12,,6,13,8,43,23,16,22,24,22,18,10,13,7,17,8,25,3,2,5,4,2,7,11,19,8,,17,7,11,12,9,,2,19,6,8,3,26,7,17,14,26,11,7,9,37,7,,20,13,8,9,7,8,6,7,7,11,29,12,8,4,11,12,41,22,18,26,14,24,19,33,36,11,17,18,10,31,41,36,14,6,28,18,17,5,14,17,7,,7,12,13,,13,22,20,,18,39,59,,32,,13,13,24,19,30,11,11,6,19,4,15,25,,8,,10,22,34,22,26,6,25,11,5,,10,6,8,25,48,18,,17,11,8,17,10,26,6,2,5,7,8,3,9,9,4,12,8,12,5,2,12,4,5,10,7,8,10,5,5,10,3,3,3,8,7,10,8,10,12,4,6,2,10,23,24,1,33,64,86,11,11,13,15,19,13,15,14,12,31,43,,32,24,34,10,27,3,20,,31,21,25,30,39,16,15,8,6,10,7,12,17,16,18,11,,51,33,7,24,6,14,20,18,104,23,8,11,79,85,36,108,111,17,11,24,13,12,,8,7,,15,4,11,8,29,18,30,8,11,16,8,8,18,8,8,,,2,4,3,3,7,8,9,9,7,53,81,27,7,58,61,51,39,33,50,23,9,13,18,14,25,9,8,,10,24,19,12,26,19,31,13,,42,10,37,26,8,10,1,20,15,11,15,28,6,20,18,3,3,20,5,9,4,10,,16,16,7,3,11,11,9,10,,6,10,12,28,24,25,21,29,13,2,2,15,14,19,6,11,32,22,10,20,21,61,21,69,23,12,50,12,7,12,7,17,14,12,13,15,11,6,7,7,33,20,4,8,3,2,,2,55,18,9,13,17,13,5,26,6,14,8,3,10,10,2,3,9,5,6,28,7,5,24,13,14,12,7,7,21,16,,8,144,153,33,2,13,2,2,2,3,3,4,13,19,31,24,7,5,5,2,8,10,7,8,17,6,11,8,14,20,8,8,6,21,13,10,2,17,10,9,14,11,14,,11,15,12,26,,10,7,11,24,14,13,,5,6,7,8,2,9,13,17,5,11,16,19,17,,,4,3,4,11,10,8,4,11,8,16,10,9,23,12,18,,13,12,13,8,24,34,21,21,55,16,,24,9,4,18,,19,15,11,38,37,17,,19,21,3,62,45,10,6,3,1,23,21,22,17,33,6,6,9,19,3,26,6,6,37,26,25,40,,6,8,6,12,39,21,26,39,20,10,16,8,16,14,12,30,17,3,5,32,35,13,9,13,3,21,15,10,10,11,37,17,4,4,3,2,5,7,8,3,3,3,30,,,4,7,4,12,20,26,12,19,38,28,9,7,119,31,54,29,6,32,12,,24,12,,21,15,8,18,38,104,80,126,10,126,80,7,4,7,,18,12,,8,14,6,,,14,10,16,19,9,5,10,6,,6,34,,3,10,27,7,5,7,19,13,4,23,19,27,13,3,7,12,5,8,11,,10,1,6,7,2,4,3,6,2,6,12,20,25,19,22,11,15,54,39,3,14,47,17,18,10,12,6,23,8,1,6,5,12,5,3,6,2,10,3,7,4,6,7,57,28,48,53,21,35,29,13,17,28,18,7,7,3,7,25,41,11,9,143,21,12,31,,43,24,14,30,29,31,10,28,19,16,4,1,17,9,1,12,5,22,19,4,3,8,9,14,55,6,23,14,9,5,3,3,3,3,18,,4,3,1,1,5,10,,11,8,11,21,5,4,32,18,16,10,12,2,76,7,17,9,2,5,6,4,12,,4,4,,11,,13,33,30,25,,20,66,11,30,9,9,13,,20,37,11,16,3,3,11,7,20,16,13,7,16,12,22,33,10,9,,11,6,13,18,13,78,7,12,30,29,20,30,14,15,5,27,15,14,17,6,4,8,8,11,1,12,8,4,40,22,32,,12,16,5,32,7,2,7,4,7,6,2,4,8,4,46,40,18,67,44,9,1,12,12,18,19,9,4,9,29,9,12,54,9,16,16,9,16,36,18,57,20,30,45,12,6,,13,,13,6,37,9,16,3,3,15,11,16,186,158,33,38,31,20,29,8,10,6,14,10,6,14,7,18,6,3,10,4,4,12,5,,36,6,23,8,7,4,4,2,2,15,17,13,12,3,27,7,4,2,5,2,13,16,10,6,6,14,18,14,19,14,10,4,,6,8,13,5,,26,22,27,23,20,11,20,27,1,33,26,2,39,4,7,2,11,46,11,3,10,2,3,,7,7,8,9,3,5,1,5,13,9,7,13,10,15,4,4,2,2,16,9,11,39,13,7,14
20160416,9,SO2_24h,13,8,,14,15,12,13,14,10,9,15,10,,25,32,27,34,25,35,,30,29,25,34,20,31,,37,32,32,40,36,24,38,82,69,67,78,84,88,23,28,15,21,19,33,24,31,141,24,32,30,26,29,34,10,8,15,10,10,17,15,21,23,20,22,22,22,22,68,16,46,27,44,26,28,24,53,55,15,,15,18,15,12,11,20,21,17,12,9,17,8,4,11,10,11,46,24,,21,22,21,21,27,,17,8,22,9,7,7,12,5,17,20,6,23,12,13,8,11,9,12,11,19,14,24,22,28,,14,38,30,27,31,16,45,19,13,12,11,11,9,11,11,12,19,19,18,19,18,19,5,19,13,10,16,10,18,12,9,16,10,12,18,23,29,17,15,19,18,26,30,32,28,28,,40,20,139,16,34,66,33,13,14,23,,8,14,14,16,14,13,28,18,15,16,,26,25,28,9,13,24,29,25,21,,12,15,7,13,14,8,42,29,12,21,9,8,9,19,7,9,12,,19,7,7,9,10,11,10,,9,11,15,8,7,10,11,7,9,7,,22,,17,13,,12,13,8,10,,,12,15,8,13,11,15,6,7,15,17,15,34,12,14,15,12,14,10,17,4,5,7,5,4,5,3,5,10,7,5,7,6,13,16,10,13,8,22,26,19,21,35,,28,24,21,11,21,8,30,18,11,11,16,20,16,20,12,8,21,13,18,16,9,7,8,10,10,12,8,10,11,19,8,13,8,6,11,16,8,13,9,6,4,5,,10,11,12,22,4,5,19,7,5,,5,4,19,7,13,3,6,5,10,6,7,4,3,13,7,10,4,17,7,7,5,5,2,,9,7,8,5,12,4,4,5,4,7,7,3,5,6,2,17,32,12,,7,10,8,9,5,10,7,9,5,4,5,5,11,6,5,10,8,5,7,9,12,8,7,8,8,9,8,,10,13,4,9,9,7,6,,9,10,7,7,6,8,9,6,15,9,7,19,9,48,20,13,20,19,5,8,,6,12,7,18,8,6,12,6,10,11,10,11,4,12,7,11,4,6,5,5,3,7,16,12,6,,30,13,16,28,16,,3,15,9,11,7,8,36,20,32,39,36,12,21,16,12,35,14,5,68,11,8,9,6,8,11,9,16,10,9,4,8,19,21,14,13,23,14,18,13,23,21,13,12,14,11,21,15,14,8,6,30,24,23,6,16,23,10,,24,31,28,,27,56,45,,18,32,35,,23,,17,17,19,16,36,14,11,7,10,5,20,21,,10,,14,29,49,35,48,16,41,10,5,,15,8,10,34,63,36,,33,11,9,10,11,18,8,3,8,7,20,2,11,9,4,11,8,11,3,3,6,3,3,8,8,9,10,4,3,7,3,3,3,7,6,9,13,13,10,8,8,5,10,23,25,6,16,28,29,24,31,31,17,23,18,18,20,17,18,16,,21,13,12,7,8,2,9,,27,26,34,34,43,18,14,10,10,11,9,13,19,27,24,13,,38,23,9,18,8,23,12,24,101,22,11,9,53,97,33,50,59,13,9,14,11,10,,9,9,,23,6,15,10,31,18,18,6,10,15,10,7,15,8,6,38,13,9,5,11,10,8,34,36,36,35,50,39,70,32,42,36,46,38,33,41,30,30,33,34,29,35,17,14,,16,36,31,14,42,18,30,12,,34,27,31,25,11,12,5,20,13,23,18,49,9,17,35,11,10,37,16,17,8,14,,4,10,4,3,25,35,31,20,,6,10,9,13,14,15,16,21,12,1,2,12,11,13,6,9,20,13,11,16,9,82,14,53,10,5,10,9,8,8,7,6,6,8,5,10,6,6,4,7,13,19,5,5,3,2,,4,20,29,8,8,10,8,8,12,10,15,6,3,6,7,2,3,3,6,5,9,2,3,20,6,10,13,5,5,5,26,,9,28,88,44,2,15,2,3,2,7,4,5,20,29,29,35,21,6,6,5,10,11,6,7,13,9,12,9,14,21,15,14,5,20,15,12,3,18,13,12,15,12,14,,15,16,17,31,,10,8,14,22,18,20,,13,7,11,12,11,13,15,14,4,10,9,15,14,,,7,6,7,15,13,12,13,23,18,36,22,9,10,6,25,,25,22,28,15,30,45,30,21,28,17,,21,11,6,11,,17,15,25,44,30,15,,19,22,4,14,25,25,34,3,2,15,13,14,25,32,9,12,24,14,11,24,4,7,31,31,31,41,,6,7,7,13,23,13,16,17,25,12,25,10,15,15,14,23,11,5,11,36,24,12,8,9,5,11,10,9,10,10,33,12,8,6,5,3,5,14,12,3,5,5,17,,,8,10,5,12,19,28,15,21,39,20,9,17,24,19,22,29,10,38,13,,24,12,,25,18,11,30,32,37,42,57,19,57,26,31,14,6,,25,10,6,10,10,10,18,,15,19,18,18,15,9,15,10,,7,27,9,13,16,16,11,5,5,10,15,26,13,15,13,14,2,3,11,6,7,10,,7,2,6,6,1,4,4,10,2,7,16,26,29,27,34,20,42,39,40,3,41,109,44,29,15,18,13,24,20,22,10,19,18,9,9,9,24,30,18,9,4,7,10,21,36,39,45,40,32,35,25,27,43,34,22,23,30,19,20,22,19,19,92,35,26,28,,45,24,16,35,36,41,25,19,24,25,16,2,9,10,2,12,8,19,21,11,8,11,7,11,43,35,29,19,23,9,11,12,12,17,11,,5,4,6,4,7,9,,13,10,11,13,10,7,10,24,25,42,27,6,56,22,25,29,10,8,10,6,18,,16,35,,17,,8,14,19,36,,15,61,26,15,6,9,9,,16,5,5,12,3,4,15,13,16,28,16,13,16,17,47,65,10,12,,12,6,10,12,19,43,10,12,8,13,6,6,5,10,4,10,6,11,6,4,9,11,11,13,2,12,22,9,27,24,17,,14,13,5,30,7,5,6,5,6,4,2,5,6,2,20,20,9,25,29,5,23,10,9,19,9,7,23,10,22,8,6,20,7,7,16,13,11,10,16,26,14,14,28,6,7,,17,,3,6,16,9,13,3,3,15,6,10,31,26,17,16,26,13,12,6,9,6,10,6,5,14,7,17,5,5,8,4,6,12,5,,21,7,12,11,7,14,4,6,5,4,7,6,4,4,20,8,6,13,7,4,10,10,9,4,5,10,17,7,6,18,10,2,,3,5,10,4,,10,18,14,11,21,11,7,17,1,32,7,2,24,4,18,6,7,12,8,2,7,2,3,,6,6,10,13,7,6,2,10,14,10,8,8,6,11,5,6,3,8,13,8,12,54,14,13,13
20160416,9,NO2,17,9,,29,29,24,22,42,11,29,17,13,,20,36,15,21,20,22,,26,25,29,15,14,18,,33,24,17,27,29,19,5,37,32,42,61,44,57,18,38,68,46,49,30,34,19,32,31,27,76,24,19,55,10,16,11,8,18,34,46,30,20,17,61,52,44,54,26,30,24,17,9,26,27,22,26,24,9,,7,20,12,10,7,5,20,16,18,10,7,9,29,15,8,22,44,23,,24,74,27,49,42,,33,26,27,8,39,16,14,18,13,22,7,67,57,65,40,61,21,26,30,20,34,28,45,16,,85,95,61,31,91,16,62,34,45,37,46,28,32,27,21,18,8,36,45,47,54,47,48,53,45,47,44,51,44,50,52,50,39,47,36,38,28,56,45,22,29,25,37,60,62,34,,44,51,43,33,41,31,41,30,54,33,,63,65,36,60,45,38,57,44,25,45,,35,29,28,41,28,54,43,27,61,,22,65,30,36,31,26,41,64,42,36,80,46,11,65,28,68,78,,65,59,34,26,15,15,40,,6,27,24,62,52,81,58,55,42,,,44,,32,39,,55,34,16,17,,,67,52,35,54,52,58,46,46,60,37,47,31,28,59,82,48,40,,41,15,54,50,57,35,57,16,47,48,29,26,35,23,23,33,13,35,28,49,46,63,44,14,,57,25,20,20,10,35,21,10,18,14,37,43,39,37,38,27,27,35,34,19,17,11,27,19,21,15,2,23,12,26,12,9,6,7,14,22,25,16,10,7,47,38,,31,35,20,47,45,25,41,42,43,,31,31,35,36,44,9,22,52,28,24,5,18,12,42,43,43,31,29,4,42,42,3,2,,2,14,15,15,11,43,25,43,40,21,25,36,31,15,14,36,20,15,,70,37,79,23,45,81,76,47,6,13,20,24,28,12,50,28,39,22,18,32,15,12,59,24,40,37,34,,28,56,44,51,48,39,62,,42,20,15,30,9,17,23,22,16,47,17,36,37,15,19,7,58,41,25,57,,22,58,42,38,36,37,30,37,34,37,22,19,17,,24,28,25,19,13,9,38,38,26,41,13,,13,16,8,10,14,,54,74,50,66,24,36,14,27,21,18,10,28,26,47,30,,10,17,24,9,15,7,9,10,12,18,17,11,6,5,10,24,34,24,17,17,10,32,15,43,43,15,20,79,60,66,59,54,48,13,41,33,44,42,26,41,40,,8,12,31,,26,37,31,,42,64,79,,63,,14,42,81,33,15,26,41,19,22,24,22,28,,29,,26,36,39,47,51,75,66,27,9,,24,28,33,69,29,47,,17,23,23,31,26,36,32,22,25,20,25,10,7,11,8,17,7,7,16,8,9,40,22,27,9,13,13,26,14,16,12,7,20,31,49,39,19,20,24,24,24,18,23,2,5,19,24,41,50,20,17,17,10,12,7,9,6,10,24,40,,31,20,8,32,14,33,9,,43,24,29,55,19,23,10,16,16,23,20,19,30,34,19,18,,22,30,12,25,7,23,52,15,54,17,15,16,62,51,70,63,62,78,42,70,34,70,,10,19,,26,15,13,21,93,37,57,35,24,18,18,9,16,39,44,,,32,11,18,21,25,30,45,41,19,15,41,28,3,49,36,1,52,35,23,28,22,30,28,32,44,17,16,,24,40,40,47,16,27,32,21,,28,54,40,30,36,37,44,25,37,32,18,15,29,20,10,3,11,8,7,3,2,18,,22,18,39,4,5,40,24,10,,12,13,22,19,27,23,16,36,20,9,8,32,29,40,32,17,32,30,32,17,22,56,25,45,59,24,16,33,38,26,24,29,33,18,21,45,25,26,40,37,60,26,34,36,33,16,,20,21,9,18,38,39,31,16,38,11,33,13,36,43,60,10,23,24,35,23,28,26,32,27,32,31,25,9,14,9,37,,4,34,42,13,13,8,2,21,45,23,18,10,22,33,53,67,38,15,7,,17,24,16,17,31,34,23,24,33,18,41,17,9,31,22,21,11,15,43,54,41,36,37,,35,40,44,40,,39,23,21,59,43,66,,43,45,21,57,45,27,24,27,53,58,45,59,83,,,29,18,17,14,7,13,11,17,12,19,16,38,34,39,18,,14,4,19,10,19,23,13,18,20,10,,18,22,26,16,,8,3,17,10,20,29,,16,18,7,14,19,27,17,9,17,17,25,21,5,10,20,19,20,9,8,12,11,4,35,46,36,52,,6,14,17,28,37,39,18,35,27,24,29,27,47,56,46,24,27,55,44,55,66,25,13,27,18,53,52,23,16,37,16,8,2,12,2,24,11,32,28,23,30,18,26,,,26,25,16,13,43,36,36,26,11,33,20,12,38,100,53,55,43,44,33,,49,53,,44,13,51,40,18,48,49,63,48,55,39,25,4,37,,46,37,,54,64,55,,,42,20,59,34,19,36,32,40,,,84,,44,45,43,18,40,29,23,22,36,47,47,47,25,2,30,27,28,14,27,,7,24,42,25,3,20,7,26,31,2,22,20,39,20,19,24,26,34,21,6,13,16,13,11,6,11,8,4,16,5,9,11,10,10,12,3,10,19,11,15,11,19,23,35,41,41,40,8,21,32,18,37,21,20,24,23,25,19,18,20,19,25,27,55,24,44,,41,32,54,22,27,50,18,21,12,30,29,45,46,23,42,6,15,19,24,19,16,16,20,38,44,8,11,16,17,40,11,6,16,9,3,,14,12,10,13,3,19,,13,43,31,22,28,20,3,12,10,8,6,6,16,10,13,16,10,7,9,1,9,,16,26,,26,8,15,23,25,18,,29,14,3,18,13,27,47,,14,46,32,38,8,12,14,14,20,11,16,28,20,9,20,21,9,20,,19,10,57,49,7,25,17,22,47,43,34,55,17,28,21,34,38,24,23,22,30,27,27,28,14,25,34,31,11,31,23,,23,25,38,51,49,24,26,54,24,9,7,13,29,23,16,20,29,17,21,15,10,22,61,52,15,13,15,20,44,20,19,59,54,54,26,19,17,9,34,15,21,23,24,15,14,,23,,31,1,13,10,11,19,55,55,28,2,65,64,38,44,48,35,42,51,32,21,18,53,37,10,8,,24,43,25,25,30,37,15,,54,5,19,31,18,10,23,28,24,11,33,20,28,10,15,5,11,14,35,15,5,35,18,20,11,32,17,43,47,12,61,8,,21,20,67,30,,14,11,18,31,9,7,40,18,14,21,31,37,42,6,12,9,24,63,34,31,53,5,6,1,66,66,8,27,28,24,17,19,27,26,25,64,51,18,,17,2,28,47,36,42,35,38,18,53
20160416,9,NO2_24h,40,30,,50,51,50,62,53,34,53,39,40,,63,61,39,60,55,63,,70,92,55,62,55,57,,50,36,35,43,39,25,25,81,93,67,96,94,88,23,42,68,53,45,45,48,33,58,41,34,81,39,38,53,26,27,23,22,33,25,23,22,24,15,59,50,45,51,65,63,54,31,39,29,51,42,51,40,23,,12,19,18,23,7,26,33,13,27,16,17,17,33,24,12,25,28,30,,25,66,28,38,38,,26,28,32,14,17,21,23,23,17,33,18,59,40,47,37,45,19,17,24,23,43,35,35,29,,82,86,52,30,75,28,53,30,50,41,40,40,42,32,32,26,22,31,36,37,46,31,47,53,29,31,33,42,33,42,40,39,35,42,24,26,21,33,31,24,28,17,36,38,39,24,,34,41,29,32,36,27,36,36,49,34,,54,56,36,41,39,23,49,37,19,36,,41,40,31,41,25,49,47,18,48,,14,42,23,23,26,23,41,60,32,26,43,44,11,48,22,42,54,,46,30,47,17,16,23,32,,12,24,29,60,55,85,53,22,14,36,,32,,29,35,,44,26,26,24,,,39,29,24,41,27,31,24,21,26,42,43,20,26,46,69,41,37,9,40,40,56,52,62,48,59,8,47,54,35,27,26,9,27,48,14,35,27,24,26,27,37,20,,34,9,20,18,12,34,17,23,17,14,25,41,51,34,29,23,30,37,31,24,19,35,39,26,32,30,23,25,38,34,19,37,12,27,15,44,40,24,27,19,50,42,,39,44,38,53,49,26,49,36,25,,28,37,30,16,59,9,15,26,30,27,34,33,12,54,51,54,41,36,12,47,49,18,12,,8,21,19,19,11,32,29,38,37,38,15,21,21,12,12,34,28,29,,33,17,46,13,24,46,42,38,6,11,17,11,26,14,35,19,22,19,26,27,24,18,45,24,24,37,19,,29,54,33,38,43,42,44,,30,18,15,44,14,23,15,26,33,52,19,31,17,11,17,6,31,21,16,34,,11,45,18,46,37,50,41,37,44,45,19,30,28,22,24,45,28,28,14,25,32,21,21,28,12,,24,28,30,33,31,,43,37,41,50,35,14,27,31,34,22,32,28,33,37,22,14,7,12,35,18,16,12,12,13,13,17,17,13,11,8,11,28,28,19,19,14,11,25,13,24,24,18,19,37,35,39,45,49,50,18,31,32,28,31,20,32,34,,25,27,28,,27,40,29,,31,44,40,,37,,14,24,42,21,9,21,28,12,10,12,12,15,,16,,19,25,27,32,24,23,32,21,7,,20,11,19,43,23,30,,27,27,30,20,37,25,22,17,22,19,25,9,6,10,7,18,5,3,10,4,5,19,28,34,10,17,14,20,14,13,6,4,6,35,52,48,14,19,23,30,28,29,25,10,10,18,19,30,38,23,25,28,17,26,19,24,16,20,18,33,,33,24,9,28,17,29,8,,54,45,46,45,28,29,9,14,9,13,15,16,21,33,18,15,,27,34,18,26,12,29,19,26,53,15,13,7,38,49,41,42,46,29,19,30,19,26,,10,22,,24,19,10,15,63,25,42,20,25,24,20,12,22,23,24,19,10,30,19,21,22,45,21,29,24,13,8,37,15,3,49,38,27,46,35,35,37,26,34,29,37,49,22,20,,26,40,37,35,19,26,26,27,,27,30,27,20,40,53,50,37,46,41,33,23,34,27,11,9,18,17,14,13,8,23,,20,19,25,6,8,48,27,44,,11,15,17,14,24,22,19,29,16,8,6,22,24,26,21,14,18,24,21,20,10,44,12,34,26,6,5,21,22,15,18,15,21,24,19,38,19,11,24,23,36,20,19,34,41,22,,30,14,8,19,29,33,41,13,28,24,22,8,37,41,45,9,20,35,39,25,31,34,42,22,43,39,32,9,14,9,19,,7,18,27,19,15,6,3,13,12,34,21,19,23,33,24,30,19,16,8,3,27,26,13,13,22,32,15,22,29,10,15,8,7,22,9,11,9,11,39,48,35,35,34,,34,36,48,29,,41,24,20,37,32,44,,24,29,23,42,33,16,14,24,45,36,27,48,55,,,27,24,14,16,11,13,14,24,17,23,19,40,39,31,10,,16,10,16,14,23,26,17,20,24,13,,16,23,23,7,,8,3,29,23,32,20,,14,10,10,9,21,31,25,9,9,20,23,20,20,28,23,23,30,7,4,7,9,4,35,43,35,52,,5,11,19,18,30,41,15,32,19,16,21,24,32,34,34,24,28,24,29,35,43,34,20,28,18,40,34,27,10,16,19,8,2,12,2,34,13,32,35,17,21,12,17,,,36,28,17,10,29,44,24,21,12,30,21,10,11,66,8,40,28,31,18,,24,31,,30,9,22,26,34,28,37,52,39,38,28,65,10,47,,35,26,10,30,41,33,30,,25,19,55,24,16,24,19,30,,17,53,34,37,23,35,28,39,21,40,19,30,26,27,29,18,2,17,18,14,34,50,,23,26,50,43,3,8,3,19,12,3,18,10,17,14,15,17,33,33,21,8,24,21,26,21,6,13,12,13,17,15,18,23,21,23,19,3,29,25,13,14,12,16,10,20,20,36,32,40,36,47,20,42,19,23,31,38,31,28,21,29,31,22,25,47,19,23,,20,18,22,22,25,51,22,21,15,33,36,28,21,13,27,7,17,13,15,16,19,18,15,23,22,33,25,24,27,46,22,18,14,11,3,,11,8,9,14,5,27,,25,23,33,20,32,29,5,14,12,20,15,15,31,28,23,38,11,14,15,5,16,,26,26,,33,4,15,15,13,4,,17,14,12,20,5,12,25,,14,30,18,29,8,14,18,18,18,16,10,21,25,12,15,21,12,24,,16,15,32,39,9,17,12,17,17,32,21,29,14,18,12,29,14,18,19,11,20,26,22,20,9,24,22,19,5,26,17,,19,21,33,33,40,28,15,45,17,12,3,23,34,29,6,7,14,11,13,9,9,17,36,29,9,11,9,10,22,12,15,24,19,27,20,14,14,11,15,17,14,12,12,10,23,,30,,7,3,11,7,9,14,24,30,15,3,25,33,14,15,19,21,22,38,24,15,13,38,34,8,7,,23,12,13,16,17,20,9,,19,7,12,19,13,12,22,28,22,24,37,26,26,9,19,8,13,15,22,11,4,33,25,20,11,14,13,27,29,17,41,6,,10,23,60,25,,8,8,11,26,9,4,11,12,14,18,29,31,53,8,16,13,19,31,33,14,18,4,4,4,38,33,9,28,35,39,21,48,49,46,24,34,29,18,27,12,3,14,24,17,20,28,54,15,62
20160416,9,O3,55,76,,51,46,49,59,30,41,53,52,70,,70,62,25,76,73,86,,61,60,61,78,42,84,,72,22,12,64,58,33,100,62,75,52,44,52,50,117,89,98,122,115,65,52,64,65,63,56,64,46,53,25,86,84,82,85,75,64,49,79,68,34,34,22,34,38,65,79,74,67,75,62,72,62,65,49,47,,50,30,34,39,41,80,68,66,86,97,65,72,71,71,75,72,91,116,,130,52,112,86,97,,122,105,100,117,86,123,123,118,116,109,111,57,44,42,68,49,74,87,67,84,97,43,27,102,,29,14,51,43,30,58,24,53,90,88,71,108,79,91,102,101,103,30,21,40,28,28,45,24,32,54,45,36,55,47,48,47,68,53,58,62,62,14,52,102,97,85,95,36,33,41,,38,46,36,4,23,27,37,68,51,49,,30,42,69,20,44,29,46,35,46,28,,44,49,2,47,25,25,42,45,27,,37,23,63,55,59,77,32,23,35,26,8,11,43,42,10,14,12,,36,20,16,67,88,98,77,,109,83,76,5,30,9,27,38,36,,,34,,52,60,,30,36,76,92,,,13,22,17,8,58,10,10,13,21,29,5,23,33,14,20,31,99,52,37,48,22,29,47,32,9,23,40,14,17,24,28,17,12,17,50,25,38,24,26,21,29,28,,29,31,136,127,117,100,122,144,89,118,99,59,40,49,28,58,31,39,34,52,51,78,68,62,53,78,56,57,71,,54,99,83,88,75,77,75,74,81,73,4,4,,8,4,15,4,9,21,2,7,18,,43,23,23,14,60,40,53,29,31,51,51,40,53,7,8,4,15,13,39,5,3,36,37,,44,35,30,25,24,10,21,16,6,27,38,25,34,40,51,15,32,32,,30,39,17,51,39,23,22,30,92,92,53,41,62,55,37,24,34,51,48,42,61,44,21,49,33,51,35,,52,68,14,11,9,40,9,,14,50,77,84,86,78,70,83,92,84,88,84,81,100,101,93,72,50,75,53,,83,30,56,33,33,42,42,30,29,32,52,40,55,33,36,34,75,74,129,84,67,47,36,39,66,,55,52,83,65,51,,2,4,22,11,55,12,70,51,60,67,85,55,63,52,44,,104,48,67,55,72,70,77,61,71,81,79,77,59,89,84,126,99,112,108,102,144,102,108,95,104,135,110,62,51,90,8,3,14,38,63,66,83,32,48,68,57,,86,85,37,,48,30,21,,10,39,17,,15,,56,54,45,40,72,79,72,101,66,89,89,67,,81,,75,29,25,31,47,19,35,83,123,,70,97,77,53,78,60,,38,28,10,25,33,20,43,60,40,65,51,54,35,52,68,66,25,57,61,59,66,10,24,31,71,69,71,32,35,32,46,35,39,13,6,14,47,36,40,31,29,33,52,45,11,47,43,22,27,61,43,47,79,72,71,76,82,59,59,70,,77,41,51,32,22,31,42,,42,41,55,18,57,61,75,75,51,43,99,82,89,97,124,120,,132,122,140,101,142,125,87,123,80,113,144,133,79,104,83,83,98,66,89,67,104,59,,135,69,,54,93,88,13,17,22,1,16,56,68,75,88,82,12,46,,,45,27,51,52,11,13,6,11,16,20,15,28,96,19,32,34,19,29,61,39,81,67,77,38,57,74,67,,51,31,42,15,65,54,55,33,,45,13,37,44,41,35,35,37,58,63,65,56,71,65,106,97,98,102,71,64,68,71,,23,59,27,83,72,92,90,83,,47,65,29,97,73,66,78,72,71,65,67,7,7,13,6,33,24,33,44,53,41,18,41,38,38,39,33,33,24,11,35,19,32,18,25,11,4,24,25,12,32,23,37,59,107,85,,94,73,73,50,16,26,32,45,28,86,45,33,24,15,17,52,20,19,16,26,17,23,18,48,51,49,35,100,106,53,57,,81,56,59,72,73,85,56,69,13,72,66,109,80,92,21,10,52,76,154,2,122,117,122,129,107,93,136,106,98,124,80,65,64,78,81,85,80,95,46,42,48,66,69,,63,,50,47,,73,23,3,21,29,45,,70,25,50,21,14,,65,28,64,24,41,21,19,,,78,54,61,73,76,74,73,61,71,67,67,15,11,66,86,,36,22,82,79,56,53,74,65,49,59,,61,59,26,33,,23,22,79,103,78,10,,19,82,86,61,35,24,65,89,88,75,72,64,88,46,43,63,64,96,78,35,110,108,54,81,49,39,,138,123,92,85,174,96,107,140,58,55,41,31,68,53,66,121,125,77,98,13,8,49,56,63,64,41,36,66,40,36,52,29,68,64,55,74,52,47,70,75,56,66,53,,,21,13,16,33,37,84,54,60,,38,34,84,46,32,80,79,39,17,43,,18,13,,10,28,20,33,36,62,2,87,25,66,22,13,3,11,,83,47,,52,28,50,14,,18,36,96,11,62,34,42,87,,7,265,11,12,60,41,49,17,14,40,46,14,4,5,3,19,,34,46,31,33,33,,47,36,35,34,46,29,44,46,40,63,65,49,45,47,88,27,70,81,77,77,81,67,70,68,46,47,50,48,45,90,77,83,69,88,38,,91,80,72,71,79,71,56,34,19,20,20,48,50,52,62,64,68,61,48,55,43,63,104,86,91,55,56,45,47,46,,15,43,20,48,58,70,52,56,57,63,20,14,20,14,22,110,38,51,88,65,79,61,64,42,39,67,64,61,43,60,81,75,66,81,76,,73,78,58,67,66,26,,52,26,47,55,46,37,70,55,62,66,62,105,84,89,76,91,61,69,75,61,63,,89,65,,77,51,42,40,31,45,,65,60,76,59,23,17,27,,22,7,29,59,36,16,80,83,87,50,32,34,59,48,36,36,38,30,,25,45,9,51,86,9,59,73,16,25,29,31,14,32,17,39,28,40,54,57,6,14,12,13,24,12,9,5,51,42,46,,37,15,13,18,70,54,12,185,11,57,52,33,14,11,30,30,46,32,44,22,39,31,12,47,53,51,45,35,24,72,25,71,99,12,75,70,75,63,6,17,67,77,70,80,86,,59,,25,82,87,68,47,,13,51,16,,31,49,66,58,56,51,53,5,34,55,49,2,1,35,5,73,46,61,57,55,70,64,81,,27,19,37,31,34,16,19,12,17,69,66,36,62,16,43,49,93,78,75,65,29,19,38,91,86,48,92,23,31,79,69,45,,49,69,53,36,,70,60,59,55,107,71,42,72,10,46,40,29,28,52,89,55,26,13,53,83,58,48,47,114,5,6,29,4,69,146,99,109,49,101,58,59,46,85,,33,98,78,37,40,13,32,38,70,3
20160416,9,O3_24h,146,96,,168,158,136,126,98,84,68,144,126,,155,171,53,196,191,197,,171,128,190,130,106,206,,156,114,165,138,130,91,188,146,149,132,139,148,149,184,172,201,178,213,217,168,206,211,168,146,157,140,159,99,133,151,127,146,99,182,162,200,167,185,112,164,198,203,179,242,233,204,222,203,216,167,193,155,112,,90,117,110,104,117,114,164,103,95,118,70,89,92,90,88,94,153,152,,177,81,156,144,137,,175,150,138,138,143,159,158,154,150,141,127,134,115,108,137,112,127,145,133,122,151,110,152,116,,63,43,67,80,73,82,64,98,134,134,140,176,133,140,163,155,141,162,138,202,170,216,175,151,177,155,140,120,145,126,147,149,146,136,140,139,122,37,127,198,191,143,188,195,184,189,,120,187,161,199,121,133,151,132,165,140,,118,173,172,100,148,143,159,121,137,121,,106,123,68,107,137,134,135,194,116,,156,132,147,141,142,142,116,83,142,115,136,118,131,165,148,139,130,,181,142,120,123,127,136,135,,146,137,104,79,78,53,82,109,130,82,,180,,158,153,,152,128,142,115,,,100,105,113,104,126,103,125,127,96,116,121,107,170,140,127,123,173,165,133,67,47,91,122,100,106,94,78,81,57,83,70,113,56,41,71,72,104,176,202,203,170,219,,187,209,136,141,117,111,133,150,98,120,148,235,144,237,195,210,148,165,161,250,96,121,112,103,114,138,99,121,108,64,63,111,96,89,80,82,77,77,86,100,21,18,,14,21,22,14,25,43,11,36,87,,99,85,93,81,77,91,124,128,77,87,52,57,57,20,24,14,40,23,45,13,13,146,46,,51,37,46,32,30,51,49,51,52,47,97,71,79,97,118,44,46,46,,99,121,60,88,117,126,137,111,113,157,75,96,101,69,93,70,101,71,86,110,113,69,78,83,104,75,116,,68,118,93,89,95,80,85,,78,93,160,138,160,143,160,146,143,149,152,119,118,132,137,129,129,103,148,178,,166,164,161,55,56,89,60,56,48,71,72,56,64,76,73,66,103,103,135,89,84,99,117,83,124,,99,86,125,96,84,,20,42,90,49,109,40,82,60,73,90,102,82,94,90,74,84,183,77,77,55,115,104,118,96,111,128,96,100,89,108,110,168,152,158,152,131,166,135,136,175,222,215,152,131,88,152,68,80,51,74,206,202,210,134,147,182,172,,242,261,148,,219,154,90,,120,236,181,,136,,144,205,171,170,218,162,149,182,137,178,119,187,,214,,190,192,158,189,233,215,247,123,157,,109,159,158,252,228,235,,61,62,24,88,45,104,134,118,120,127,101,94,67,119,108,111,112,78,89,76,89,69,60,66,128,126,128,55,53,56,73,54,75,25,22,17,105,70,93,78,90,83,109,58,12,94,134,65,91,138,158,169,121,100,91,107,125,92,142,189,,174,126,108,83,73,77,116,,139,127,129,159,155,157,137,128,83,126,164,113,154,134,167,171,,152,136,160,110,163,140,177,142,129,127,173,189,157,143,196,178,169,148,139,139,148,145,,170,107,,107,139,135,94,98,93,77,129,100,114,124,108,127,129,106,104,93,161,91,151,174,133,62,45,66,44,60,77,87,112,133,136,165,125,166,179,131,210,208,181,93,208,191,177,,168,162,244,128,219,167,167,87,,131,146,132,137,74,52,62,55,69,86,89,74,104,100,129,132,139,140,78,68,70,75,,37,76,75,115,72,92,90,83,,140,262,115,156,131,105,134,133,134,82,93,99,78,78,76,49,58,57,98,73,96,71,107,138,137,130,101,108,70,39,55,104,77,57,94,66,41,76,57,58,55,79,80,83,107,91,,94,145,131,98,65,62,70,119,129,90,125,99,85,97,98,99,74,66,65,94,83,90,75,65,90,82,158,113,119,89,99,,118,125,116,115,150,109,70,138,62,91,88,117,167,236,224,352,109,89,154,155,122,119,144,143,182,184,185,143,179,199,199,144,84,103,124,126,100,118,126,146,143,148,155,,128,,126,75,,138,85,16,147,123,136,,245,135,90,150,129,,144,79,129,120,105,75,104,,,121,77,68,164,161,186,199,168,172,179,180,59,66,103,88,,94,62,220,196,149,148,139,129,144,160,,158,161,73,72,,63,52,136,168,141,91,,52,122,118,99,95,99,136,90,94,124,123,104,101,60,94,110,116,136,125,42,123,116,115,132,93,77,,183,167,134,134,219,117,123,183,130,139,87,55,134,108,121,133,148,120,118,125,72,94,98,108,125,98,98,106,80,40,98,102,107,105,97,112,84,64,82,116,84,106,85,,,113,102,112,61,124,152,82,96,,106,75,88,86,337,90,110,196,200,200,,144,133,,167,156,155,210,210,115,92,110,60,113,113,32,37,54,,88,82,94,158,118,154,91,,78,142,256,91,84,106,174,90,,141,265,97,74,89,70,61,94,103,99,97,26,84,83,78,78,,112,127,99,47,59,,65,74,92,69,129,81,111,104,114,77,67,67,83,47,106,52,110,81,77,97,81,88,88,87,91,90,92,94,101,119,77,83,69,88,38,,91,80,72,71,79,72,66,94,117,88,86,176,182,172,196,187,218,174,144,191,146,205,214,165,179,160,181,159,177,146,,141,146,169,177,181,181,194,149,169,176,95,112,129,41,98,127,69,105,145,119,132,116,134,129,123,113,92,92,75,95,135,129,164,196,96,,101,104,109,130,129,52,,67,64,57,71,64,38,72,69,74,66,69,119,87,98,83,97,79,108,127,90,81,,99,72,,85,78,97,65,72,72,,79,83,76,75,42,54,70,,94,117,137,97,45,43,115,120,111,102,111,108,130,111,107,105,142,150,,58,97,102,168,140,249,149,144,100,96,108,128,38,87,47,89,104,98,101,102,83,87,93,88,91,104,78,83,96,73,83,,75,69,62,74,94,62,38,188,19,83,221,74,46,59,77,84,86,78,87,66,219,111,28,91,151,144,138,142,138,117,47,134,169,18,156,135,136,119,41,81,107,142,150,153,100,,90,,121,131,145,94,170,5,81,172,46,63,101,130,146,163,156,164,156,98,190,96,91,148,176,93,51,103,80,149,157,101,130,121,130,,87,22,70,135,124,78,81,79,80,117,123,63,119,56,86,97,117,127,118,78,99,86,82,108,101,79,121,95,93,110,113,58,,77,99,94,91,,109,101,139,116,146,112,142,112,60,86,102,85,82,64,105,72,57,45,103,157,176,59,57,134,45,48,118,111,133,200,135,152,84,166,120,71,98,117,94,113,107,107,156,150,84,81,52,160,15
20160416,9,O3_8h,42,61,,43,44,36,28,36,30,36,36,59,,66,74,25,76,79,81,,63,57,70,71,32,77,,77,19,10,71,65,40,97,48,41,43,28,35,38,124,85,110,121,125,56,48,58,57,71,60,67,50,59,38,72,74,75,77,60,66,72,90,75,53,46,48,54,64,54,66,63,57,55,60,73,58,68,47,30,,50,11,26,24,39,34,47,71,86,95,60,70,74,69,75,67,94,95,,110,54,105,90,99,,121,116,112,121,114,133,129,125,131,115,104,76,72,51,88,72,89,118,84,87,87,47,36,77,,25,18,45,39,33,52,34,48,96,96,82,119,72,98,104,111,103,44,37,61,38,53,53,32,45,65,58,51,69,63,63,61,78,66,72,76,71,19,69,118,115,95,118,54,59,52,,42,50,52,13,39,43,49,80,68,55,,42,58,92,38,70,60,64,50,60,50,,46,55,12,60,33,57,64,66,39,,53,45,92,89,87,104,49,31,55,32,34,16,44,54,20,25,20,,53,56,8,100,98,115,102,,122,101,92,9,22,6,32,64,66,,,54,,76,74,,22,44,43,90,,,32,40,27,13,63,21,39,29,19,47,19,36,45,37,33,30,94,58,54,46,21,23,42,23,6,24,45,33,11,18,34,29,2,4,41,22,59,64,66,75,72,82,,69,72,129,135,114,105,124,145,90,118,132,70,43,66,53,62,33,49,45,77,27,32,24,28,17,43,21,26,30,52,31,66,42,55,46,47,45,47,48,48,14,12,,9,2,17,9,18,32,6,26,57,,64,56,65,45,63,44,77,70,49,64,44,47,52,12,15,8,29,16,37,8,6,51,40,,42,29,28,23,26,31,40,34,33,34,52,48,55,60,65,32,40,41,,51,62,35,62,61,40,36,37,96,82,51,50,56,64,51,36,46,60,48,39,53,45,29,57,47,58,51,,51,66,18,25,20,24,24,,22,68,80,86,93,75,82,93,96,97,89,89,94,92,96,98,96,71,91,81,,104,40,84,21,28,22,34,21,20,21,41,24,53,33,28,17,56,55,126,60,56,58,38,48,59,,41,28,32,52,22,,1,2,15,6,35,17,43,37,41,45,49,40,40,44,32,36,105,38,35,40,79,76,79,66,79,88,71,69,52,77,75,121,99,112,102,113,138,108,109,95,111,121,121,87,63,106,11,5,10,34,80,77,96,45,60,81,66,,78,79,47,,61,27,18,,24,42,53,,30,,65,79,63,47,92,95,102,115,98,104,108,92,,104,,83,51,46,55,81,76,82,93,126,,84,135,109,81,91,74,,46,35,13,31,37,44,64,73,61,80,66,51,35,48,62,60,22,63,58,49,57,5,8,17,73,70,72,43,45,43,51,37,51,20,14,14,62,49,55,43,37,41,62,40,10,46,39,11,10,78,65,65,68,64,64,63,75,54,56,74,,74,36,50,33,19,31,39,,39,32,59,32,62,72,85,86,54,60,104,82,99,96,121,118,,119,110,136,91,134,105,112,104,61,112,148,146,100,106,107,111,116,121,120,115,130,113,,150,62,,50,81,84,19,19,25,6,29,48,71,75,88,86,8,48,86,39,56,28,55,61,42,15,13,13,18,33,22,43,78,27,40,45,25,29,66,40,91,69,84,43,49,77,71,,56,33,43,18,70,66,72,39,,46,11,45,49,50,35,40,36,59,61,63,55,59,52,83,67,77,79,60,55,58,61,,22,55,30,86,37,36,30,22,,44,65,31,100,80,62,80,78,77,68,75,12,12,8,11,37,34,43,61,62,52,27,47,32,44,57,51,59,51,7,44,41,47,13,26,13,4,60,12,7,18,34,54,70,103,84,,85,97,88,46,14,31,14,26,13,63,52,23,18,8,15,67,22,10,10,19,10,17,5,43,32,36,23,91,98,53,60,,78,71,54,55,81,86,53,100,33,44,54,87,74,91,66,57,80,79,148,2,114,110,130,138,120,102,140,106,123,141,116,86,71,89,104,107,89,107,58,50,59,75,84,,75,,74,65,,81,30,4,58,55,73,,101,49,30,29,32,,79,36,66,30,50,27,47,,,86,56,43,69,73,76,69,63,65,71,64,14,11,64,48,,35,21,88,79,38,45,60,46,27,44,,65,58,29,34,,22,18,86,108,87,6,,17,84,75,67,47,35,71,84,91,70,68,61,84,42,51,73,61,87,76,37,108,106,54,86,61,50,,142,127,92,96,156,81,100,123,66,65,49,33,82,66,76,114,119,100,99,36,32,71,75,55,57,35,50,35,53,33,55,50,69,68,60,62,32,30,52,21,62,71,16,,,37,15,25,44,56,75,43,55,,38,27,31,48,41,69,86,70,38,73,,32,41,,27,34,58,67,77,70,5,58,26,70,30,14,13,20,,62,45,47,75,33,63,17,,19,64,89,28,67,44,61,80,,30,124,10,15,47,43,43,15,17,21,38,12,11,14,5,20,,49,62,56,25,28,,32,29,25,16,30,55,74,65,74,61,27,24,22,21,40,17,41,35,30,47,49,49,53,56,60,62,63,62,62,59,55,54,44,36,16,,37,38,53,50,50,49,48,40,33,27,32,38,49,50,70,76,76,68,64,76,64,86,65,56,54,60,62,52,52,71,,56,61,68,64,78,84,71,65,68,72,14,27,45,16,26,106,36,52,89,68,81,64,78,46,49,33,59,58,43,57,64,61,51,64,48,,50,52,62,69,69,24,,26,19,28,30,26,20,40,38,40,43,45,81,62,66,56,66,65,63,70,60,61,,58,45,,50,54,47,45,43,53,,39,37,40,32,24,22,34,,22,17,33,55,30,14,69,69,82,37,31,36,44,39,39,34,32,19,,27,36,11,42,97,14,67,84,61,51,56,61,14,47,24,38,42,46,47,48,23,28,33,31,35,22,31,31,54,41,50,,41,17,20,47,62,58,7,183,7,70,84,28,12,4,43,45,58,44,57,26,41,34,15,47,59,45,59,44,53,79,23,89,110,6,85,77,79,62,8,20,72,96,96,96,75,,51,,55,87,89,82,57,,22,54,19,,42,44,72,50,67,42,54,7,44,64,45,8,9,45,16,68,43,77,83,63,83,80,91,,29,17,44,50,50,26,11,4,11,39,41,28,57,24,36,36,96,78,80,59,31,15,20,76,75,54,82,19,26,68,64,50,,62,25,15,28,,76,67,53,42,99,78,62,74,10,42,14,18,10,43,76,41,22,12,24,96,92,52,50,98,12,14,34,8,68,130,78,63,20,35,78,56,61,78,,38,100,99,68,84,16,21,29,70,7
20160416,9,O3_8h_24h,105,83,,115,109,91,80,76,59,55,95,108,,102,118,37,116,121,127,,117,103,153,91,68,154,,122,86,139,115,103,71,159,132,120,113,113,117,128,166,132,159,164,172,181,139,174,175,143,126,129,116,131,85,111,115,101,114,81,155,142,174,150,164,77,103,116,131,148,205,196,185,189,180,172,127,150,120,80,,78,95,93,73,98,101,128,88,89,102,61,83,82,76,82,88,139,133,,160,65,137,129,123,,156,139,123,131,140,151,148,141,145,130,108,118,107,95,121,101,112,129,116,108,112,69,101,110,,58,39,59,75,64,75,52,87,118,120,116,140,118,126,138,145,131,152,131,187,158,196,161,143,165,145,125,100,123,110,127,126,131,124,135,135,114,34,117,175,171,134,166,182,171,177,,113,171,145,91,112,120,131,125,153,119,,103,156,158,91,135,130,148,111,125,113,,103,113,60,89,95,112,115,192,104,,139,118,141,136,135,139,108,70,133,93,119,104,117,143,123,122,114,,147,126,100,106,115,118,119,,134,121,95,63,63,39,66,109,116,74,,151,,129,136,,124,112,111,107,,,78,89,85,86,116,91,105,113,85,113,108,99,153,123,113,111,99,150,126,106,58,99,130,108,114,112,88,132,63,92,84,117,73,60,75,69,111,167,184,186,156,184,,174,197,129,137,114,106,126,146,94,118,138,213,131,214,178,185,131,152,146,225,82,101,97,84,99,115,88,99,100,64,49,84,77,68,67,60,56,64,70,75,14,13,,9,9,17,9,18,41,6,30,82,,79,77,75,78,68,78,117,111,68,81,47,50,53,12,15,9,29,16,39,9,7,53,42,,45,32,28,27,27,42,43,44,42,38,89,68,75,88,108,35,42,41,,90,101,53,82,102,103,115,95,102,143,66,88,84,67,59,56,70,65,58,80,70,46,53,59,74,63,67,,52,87,63,72,70,59,67,,61,68,132,122,144,123,146,131,120,132,107,111,111,126,123,121,120,94,141,162,,161,151,153,70,102,119,74,80,63,85,70,53,57,76,93,78,84,76,131,85,80,86,63,78,116,,90,80,118,82,79,,15,39,75,45,96,38,66,46,56,75,80,63,67,64,57,69,173,58,55,44,106,90,108,89,101,121,85,95,82,104,105,157,142,151,136,126,156,127,129,157,189,202,136,122,75,140,101,101,82,72,182,179,180,118,129,162,157,,195,208,138,,204,128,75,,91,211,164,,113,,129,184,148,150,186,133,127,151,114,147,114,156,,182,,162,174,141,172,206,187,210,112,150,,96,150,141,196,190,195,,59,54,16,77,42,95,118,120,124,122,103,79,56,70,94,93,42,73,79,69,81,59,54,55,117,111,118,53,46,51,67,48,66,21,15,14,107,68,98,79,84,83,111,50,11,72,117,58,81,138,151,162,108,88,83,92,125,76,137,175,,156,119,92,73,65,76,99,,85,85,96,114,109,125,125,119,79,104,139,102,129,115,151,156,,140,129,153,106,155,137,161,136,104,121,166,176,139,127,171,150,153,138,131,132,136,131,,156,91,,92,122,120,83,80,73,64,114,92,104,113,104,114,68,102,87,79,149,80,145,161,125,58,41,66,47,65,61,90,82,87,99,114,84,113,134,87,179,177,157,79,171,171,161,,149,149,226,118,200,145,151,80,,108,125,118,119,53,38,50,41,59,61,63,55,83,79,116,112,114,124,73,62,58,66,,31,70,46,113,45,66,68,54,,123,182,106,138,106,90,108,109,117,77,88,85,64,70,69,44,48,47,81,71,79,60,105,122,134,98,74,79,64,29,46,91,64,45,80,55,36,66,34,35,46,68,74,71,103,84,,85,136,126,91,51,61,61,105,112,84,97,90,80,90,90,95,63,51,54,84,71,69,54,54,51,53,156,110,116,85,92,,109,119,108,111,134,105,65,130,59,77,77,108,149,200,204,214,92,79,148,147,114,113,136,139,168,161,179,138,160,178,190,138,80,99,119,122,93,112,111,127,130,117,120,,110,,99,84,,111,78,13,133,114,124,,224,117,79,132,112,,138,71,122,66,83,53,82,,,109,72,64,139,136,158,155,155,161,167,167,63,76,97,62,,86,56,157,179,123,120,119,110,123,132,,134,136,71,68,,64,47,114,141,123,84,,46,118,113,97,94,93,130,86,91,118,116,99,97,53,83,96,104,132,119,41,121,113,83,120,84,71,,174,153,118,122,208,110,120,167,119,105,79,52,118,95,109,117,139,111,103,91,44,79,88,96,111,87,89,94,77,37,91,93,94,95,82,108,77,60,82,110,80,91,81,,,105,89,112,58,117,141,78,91,,87,64,84,78,292,73,98,178,172,187,,135,126,,151,142,119,183,182,82,63,90,56,103,102,27,36,20,,80,76,89,145,94,147,81,,71,142,184,74,86,96,158,80,,112,181,88,41,74,63,59,82,91,112,115,24,80,81,78,77,,112,128,106,30,45,,51,59,78,57,106,81,112,103,114,61,61,55,67,38,92,39,52,68,59,66,75,80,80,77,62,64,64,63,66,119,55,54,44,46,26,,48,51,53,55,57,60,58,82,102,81,82,148,146,146,170,162,190,150,128,170,129,182,204,155,160,150,169,147,161,138,,130,134,155,155,158,163,169,139,159,167,83,103,115,38,90,137,60,94,129,105,116,102,120,118,111,95,76,75,65,72,122,114,104,130,88,,90,94,98,122,119,42,,53,50,42,57,47,25,64,61,66,54,56,96,72,83,65,78,67,89,101,78,95,,58,45,,56,77,74,58,53,65,,71,70,67,66,28,42,79,,64,108,128,85,42,38,104,109,101,93,104,99,117,99,93,88,118,130,,54,80,82,143,121,165,133,130,99,88,102,124,34,72,41,77,86,81,83,88,61,58,65,66,71,79,65,71,82,59,68,,60,44,38,61,73,59,26,183,16,77,107,60,37,42,69,77,77,70,82,63,119,105,25,67,144,140,128,136,130,109,44,98,158,14,140,128,125,107,30,77,85,116,141,143,75,,67,,116,128,142,92,80,5,74,161,42,56,96,115,142,159,153,160,147,89,165,92,86,119,148,98,55,96,62,142,153,98,122,115,125,,85,24,61,126,113,67,74,70,69,103,101,50,101,52,70,84,98,108,108,75,95,78,72,103,97,71,112,89,88,101,106,59,,78,93,85,86,,102,96,135,84,138,109,138,99,44,75,95,78,76,51,103,64,56,45,98,149,167,56,55,123,40,44,109,101,128,190,124,140,76,153,102,66,89,109,94,105,102,103,132,129,79,78,65,151,7
20160416,9,CO,0.4,0.2,,0.5,0.3,0.4,0.4,0.4,0.3,0.3,0.4,0.3,,0.651,1.172,1.165,0.809,0.546,0.732,,0.764,0.882,0.607,0.432,0.452,0.538,,0.387,0.418,0.277,0.501,1.536,0.284,0.33,1.183,0.777,1.981,2.415,1.874,2.045,0.668,0.691,0.687,0.759,0.796,0.745,0.454,0.682,0.473,0.554,0.514,0.437,0.464,0.214,0.742,0.076,0.321,0.346,0.458,0.585,0.327,0.732,0.281,0.383,0.529,0.355,0.147,0.503,0.513,0.664,0.459,0.405,0.302,0.233,0.387,0.42,0.317,0.546,0.594,0.409,,0.295,0.637,1.284,0.4,1.218,0.65,1.158,0.691,0.335,0.858,0.817,0.237,0.282,0.507,1.279,0.856,1.465,0.894,,1.047,0.88,1.005,1.509,0.845,,0.876,0.682,1.303,0.731,0.801,0.878,0.58,0.761,0.679,1,0.323,1.03,0.914,1.123,0.933,1.004,0.767,1.109,0.849,0.757,0.884,0.389,2.354,0.858,,1.465,1.428,1.071,1.901,1.653,1.574,0.735,0.749,0.357,0.44,0.687,0.373,0.736,0.335,0.345,0.555,0.564,1.441,0.844,0.583,0.239,1.058,1.022,0.677,0.423,0.739,0.565,0.813,0.652,0.755,0.574,0.577,0.802,0.889,0.571,0.646,0.551,0.737,0.288,0.782,0.853,0.751,0.669,1.281,1.405,1.744,,1.352,1.03,1.334,1.582,0.538,0.794,0.901,0.988,1.292,1.371,,1.767,0.849,0.524,2.444,0.682,0.689,0.827,0.834,0.674,0.758,,0.535,0.561,0.654,1.047,1.076,0.983,0.689,1.344,1.927,,1.854,1.215,0.632,0.672,0.84,0.803,1.66,1.264,1.884,1.731,0.713,0.962,0.34,0.501,0.566,0.843,0.941,,0.783,0.813,1.22,0.605,0.46,0.589,0.644,,0.476,0.619,0.714,1.268,0.875,1.309,0.921,0.71,0.49,,,0.734,,1.414,0.645,,1.41,0.876,0.857,0.376,,,1.051,1.008,1.396,1.008,0.857,0.957,0.991,0.701,0.69,0.907,1.056,0.842,0.832,1.062,1.164,1.66,0.98,1.149,1.811,0.546,0.528,0.989,0.959,0.88,1.17,0.754,1.05,0.942,0.781,0.76,1.163,0.974,0.729,0.7,0.846,1.128,0.853,1.842,1.958,1.68,1.842,1.663,,1.593,1.648,0.632,0.654,0.662,0.565,0.42,0.429,0.239,0.868,0.534,1.557,1.176,1.72,0.832,1.216,1.523,1.211,0.819,0.96,0.522,0.493,0.798,0.66,0.689,0.797,0.713,0.675,0.493,0.601,0.36,0.763,0.617,0.625,0.608,0.458,0.473,0.357,0.698,0.662,0.919,1.312,,0.673,0.722,1.108,1.158,0.766,0.748,0.725,0.867,0.566,,0.555,0.905,0.566,0.784,0.631,0.573,0.628,0.893,0.812,0.61,0.637,0.533,0.712,0.475,1.018,1.072,0.744,1.019,0.38,0.925,1.006,0.733,0.547,,0.499,0.615,0.747,0.635,0.675,0.902,0.586,0.894,0.682,0.601,0.758,0.781,0.709,0.691,0.289,1.114,0.661,0.479,,1.3,1.107,1.249,1.226,1.29,1.299,1.179,1.057,0.363,0.659,0.621,0.37,0.664,0.244,0.431,0.431,,0.622,0.486,,0.582,0.606,0.559,0.502,0.202,0.227,,,0.808,0.452,0.812,1.151,0.884,0.758,1.464,,0.98,0.508,0.139,0.441,0.208,0.264,0.424,0.447,0.459,0.317,0.325,1.536,0.646,0.331,0.854,1.956,0.736,1.561,0.577,2.149,,0.232,0.668,0.654,1.588,0.825,1.513,0.744,1.23,0.915,2.481,0.85,0.66,0.457,3.499,1.528,,0.659,0.289,0.759,0.576,0.637,0.726,0.525,0.878,1.91,,0.518,0.54,0.682,0.124,0.778,,0.566,1.46,0.77,0.987,0.336,0.491,0.525,0.45,0.69,0.734,0.439,0.853,0.551,0.81,0.812,,0.294,0.584,0.664,0.704,0.728,0.603,0.538,0.607,0.71,0.934,0.682,0.421,0.266,0.36,0.326,1.417,1.668,0.806,0.497,1.666,0.926,0.772,2.211,1.384,1.63,0.353,0.983,1.674,1.294,1.15,1.342,1.05,0.818,0.557,1.884,1.852,1.546,1.553,1.303,0.963,1.445,,0.663,1.291,1.609,,1.246,1.506,1.277,,1.327,1.48,2.184,,1.614,,0.869,0.863,0.776,1.26,0.762,0.623,0.38,0.639,0.617,0.562,0.747,1.132,,1.124,,0.428,1.286,1.362,1.026,0.984,2.155,0.793,0.484,0.342,,0.437,0.92,0.596,1.184,0.64,0.648,,0.839,1.009,0.33,1.74,0.584,1.592,1.449,0.955,1.056,0.749,0.945,0.672,0.852,1.155,0.631,1.345,1.67,0.664,0.691,0.866,0.632,1.64,0.936,1.159,1.03,0.75,0.786,1.014,0.782,0.975,0.925,1.151,1.781,0.83,1.202,0.654,1.36,1.472,1.1,1.359,1.272,1.375,1.39,0.71,1.25,0.441,1.66,9.952,6.297,1.436,1.444,1.307,1.044,1.839,0.377,0.687,0.397,0.515,1.031,3.098,,2.017,1.044,1.68,2.483,2.437,3.62,2.181,,1.972,0.583,0.845,0.945,0.435,0.31,0.605,0.735,2.007,0.672,0.941,0.68,0.808,0.957,0.763,0.608,,0.668,2.028,0.571,1.847,0.661,0.754,1.399,1.456,2.956,0.901,1.045,0.528,0.999,0.824,1.025,1.396,1.407,1.09,0.772,0.99,1.037,0.983,,0.531,0.889,,0.239,0.633,0.456,1.64,0.997,0.961,1.2,0.824,0.735,0.501,0.526,0.69,0.685,0.691,0.73,1.612,0.617,0.68,0.557,0.659,0.533,1.219,1.203,1.009,1.16,0.896,0.739,0.902,2.202,0.73,1.29,2.311,2.744,0.845,1.725,1.99,2.148,0.383,1.097,1.495,1.099,1.576,1.43,2.009,,1.404,1.816,1.616,1.237,1.694,0.736,0.79,0.767,,1.118,1.674,1.429,0.83,0.826,0.41,0.594,0.806,0.783,0.802,0.778,0.881,0.861,0.501,0.703,0.758,0.553,0.443,0.904,0.378,1.521,0.278,,0.755,1.969,1.944,0.973,1.137,0.886,0.821,1.203,,1.306,0.836,1.096,1.291,1.219,1.381,1.27,1.78,1.099,0.73,0.541,0.866,1.24,0.94,0.699,0.583,0.623,0.628,0.801,0.39,0.635,2.526,1.36,1.434,2.893,0.063,0.43,0.443,0.109,0.689,0.593,0.608,0.467,1.074,1.264,0.839,1.128,0.542,0.859,1.154,0.974,0.986,0.857,0.379,0.568,0.437,,0.228,0.789,0.687,0.637,1.128,1.538,1.266,0.437,1.014,0.415,0.675,1.617,1.602,0.869,1.575,0.448,0.455,0.77,0.774,0.601,0.783,1.192,0.819,0.797,0.738,0.672,0.602,0.569,0.189,1.013,1.693,,0.5,1.008,1.092,0.454,0.878,0.855,0.928,0.371,0.53,0.65,0.528,0.56,0.697,0.618,1.826,2.13,0.696,0.277,0.374,0.032,0.526,0.294,0.483,0.358,0.898,0.19,1.618,2.773,1.361,0.431,1.31,0.693,0.581,0.464,0.878,0.819,1.329,0.789,0.502,1.035,0.735,0.722,0.643,,0.584,0.461,0.667,0.976,,0.762,0.665,0.967,0.854,0.564,0.708,,2.088,0.944,0.966,0.675,0.819,0.505,0.383,0.788,0.632,0.782,1.172,0.783,1.109,,,0.051,0.395,0.466,0.505,0.447,0.315,0.445,1.181,0.882,0.843,0.995,1.143,1.413,1.064,0.32,,0.734,0.602,0.622,0.184,0.888,0.755,0.635,0.391,0.592,0.719,,0.651,0.537,2.148,1.819,,1.905,1.882,0.85,0.429,0.532,1.338,,1.319,0.411,0.258,0.539,0.533,1,0.893,0.312,0.271,0.403,0.59,0.541,0.478,0.172,0.51,0.518,0.688,0.554,0.768,0.358,0.56,0.215,4.191,1.796,2.696,1.404,,1.16,0.98,1.336,0.61,1.194,0.837,2.018,1.304,1.889,0.822,3.069,2.76,1.345,1.355,1.763,1.258,1.271,0.899,0.876,2.678,1.944,1.088,0.941,0.468,0.825,1.703,1.398,1.055,0.784,1.566,0.989,0.338,1.089,1.686,,0.635,0.552,0.89,0.88,0.955,0.758,0.622,0.275,,,0.872,1.442,1.19,0.87,0.463,0.756,0.214,0.313,0.308,0.454,0.432,,0.521,0.739,0.756,0.93,0.53,0.584,0.929,,0.791,0.639,,1.026,0.6,1.263,1.286,1.534,1.02,1.518,1.521,1.961,0.66,0.96,1.035,1.631,1.171,,0.329,0.812,0.456,0.874,0.927,1.096,0.808,,0.578,0.82,0.828,0.497,0.587,0.463,1.296,0.794,,0.793,1.046,1.587,0.713,0.558,0.88,0.549,1.274,0.328,1.033,0.41,1.142,5.145,3.22,3.236,1.457,0.129,1.287,1.47,1.104,0.74,1.204,,0.545,0.645,1.058,0.674,0.713,0.935,0.788,1.013,0.775,1.076,1.442,0.676,1.741,0.933,1.451,1.455,0.763,3.982,1.219,0.597,0.776,0.647,0.622,0.595,1.344,1.045,1.42,0.718,1.08,0.062,1.2,0.853,0.65,0.703,0.788,0.643,0.897,0.822,1.491,1.201,1.452,1.806,2.41,1.04,0.652,0.51,0.358,0.343,0.759,0.752,0.715,0.212,0.658,0.875,1.192,1.068,0.686,0.678,1.671,1.603,1.795,0.968,0.812,1.473,0.989,0.987,,0.97,1.115,1.135,0.9,0.687,0.62,0.682,0.616,0.512,0.636,1.39,1.396,2.625,1.176,1.671,0.627,1.13,1.02,1.023,0.487,0.555,0.794,0.639,1.409,2.37,1.144,0.6,0.34,0.57,0.446,0.912,0.918,1.897,0.843,0.579,,0.909,0.82,0.514,0.614,0.569,0.53,,0.963,1.33,1.166,1.145,1.047,1.226,0.685,0.997,0.879,0.595,0.803,0.126,0.17,0.124,0.341,0.115,0.778,1.112,0.785,1.16,0.93,,0.448,0.815,,0.796,1.626,0.709,1.231,1.752,2.242,,0.786,1.805,0.647,1.78,0.22,0.699,0.951,,1.967,2.107,0.687,1.155,0.938,0.59,1.383,1.025,0.864,1.053,0.966,1.226,1.286,0.85,0.889,0.933,0.58,1.342,,0.702,0.863,1.666,1.557,1.075,0.935,1.313,1.203,0.731,0.358,0.612,0.96,1.557,1.014,0.682,1.047,0.758,0.392,0.579,0.456,0.7,0.759,0.871,1.01,0.432,0.466,0.837,0.712,0.314,0.431,0.795,,0.433,0.577,0.6,0.753,0.845,0.322,,2.104,0.938,0.179,0.202,0.717,0.786,0.978,0.537,0.53,0.661,0.425,0.499,0.25,0.889,0.14,1.308,0.841,1.566,0.541,0.459,0.768,0.855,0.339,0.597,3.82,0.697,1.101,0.545,0.538,0.425,0.378,0.252,0.923,0.598,0.622,0.554,0.638,0.376,,0.413,,1.136,0.377,0.394,1.112,0.123,0.382,0.955,0.579,0.594,1.203,1.058,1.09,1.274,1.096,1.131,0.634,1.364,2.046,1.7,0.551,0.553,1.716,1.107,0.119,0.174,0.691,,1.916,1.815,0.94,0.789,0.447,0.435,,2.444,0.423,0.493,0.38,0.55,1.639,1.353,1.23,0.79,1.24,0.522,1.107,1.239,0.359,0.961,1.306,0.92,0.818,0.312,0.36,0.407,0.946,0.53,0.975,1.017,1.019,0.473,0.728,1.848,0.38,0.436,0.296,,0.578,0.627,0.43,0.963,,1.022,1.53,0.998,0.879,0.632,0.53,0.956,0.588,1.186,0.433,1.025,0.398,1.39,0.38,0.908,0.335,0.302,1.407,0.324,1.306,1.161,0.299,0.38,0.701,0.928,2.667,0.925,0.243,0.375,0.386,1.445,1.543,1.938,0.524,0.384,2.733,1.194,0.522,0.797,0.58,0.798,0.382,1.174,1.261,0.811,1.24,0.988,0.962,0.836
20160416,9,CO_24h,0.852,0.609,,0.882,0.809,0.859,0.768,0.836,0.736,0.727,0.8,0.718,,1.162,1.347,1.805,1.748,1.408,1.613,,1.837,1.464,1.144,1.417,1.01,1.394,,0.883,1.166,0.77,0.981,1.131,0.621,0.767,2.476,2.518,2.823,3.35,3.054,2.83,0.766,0.839,0.825,0.86,0.947,1.082,0.794,0.958,0.936,0.836,0.81,0.831,0.815,0.63,1.183,0.326,0.552,0.52,0.696,0.806,0.539,0.692,0.457,0.866,0.606,1.051,1.03,1.186,1.137,1.41,1.199,1.055,0.79,0.695,0.787,0.87,0.736,0.911,1.088,0.566,,0.433,0.519,1.191,0.602,1.126,0.877,1.348,0.556,0.442,0.757,0.449,0.298,0.336,0.575,1.306,0.901,0.707,0.869,,1.127,0.666,0.896,0.832,0.729,,0.758,0.675,1.251,0.92,0.801,0.931,0.645,0.875,0.7,1.037,0.362,0.875,0.734,0.902,0.712,0.804,0.625,0.805,0.652,0.702,0.812,1.242,2.031,0.696,,1.159,1.051,0.728,2.212,1.39,1.504,0.919,0.635,0.386,0.42,0.561,0.4,0.727,0.324,0.398,0.585,0.604,1.38,0.584,0.32,0.492,0.798,0.936,0.654,0.309,0.634,0.395,0.608,0.642,0.551,0.485,0.538,0.794,0.784,0.568,0.632,0.58,0.692,0.399,0.859,0.897,0.945,0.928,0.887,1.275,1.228,,1.249,0.979,1.192,1.283,0.56,0.786,0.907,0.913,1.026,1.538,,1.642,0.746,0.441,2.183,0.779,0.608,1.085,0.656,0.572,0.654,,0.551,0.513,0.661,1.014,1.109,1.275,0.705,1.244,1.792,,1.739,1.092,0.599,0.671,0.83,0.82,1.575,1.191,1.796,1.549,0.518,0.547,0.296,0.423,0.381,0.618,0.672,,0.66,0.624,1.022,0.487,0.483,0.572,0.532,,0.432,0.54,0.704,0.884,0.92,0.968,0.799,0.405,0.295,0.25,,0.632,,1.281,0.608,,0.859,0.663,1.021,0.41,,,0.653,0.622,1.198,0.666,0.493,0.685,0.365,0.23,0.495,0.73,0.747,0.625,0.519,0.795,0.794,1.306,0.739,0.929,1.574,0.645,0.379,0.866,0.839,0.835,0.929,0.557,0.907,0.771,0.859,0.663,0.818,0.423,0.799,0.917,0.829,1.108,0.76,0.798,0.945,0.624,0.941,0.849,,0.743,0.732,0.719,0.701,0.732,0.634,0.523,0.487,0.354,0.956,0.734,1.522,1.235,1.7,0.856,1.114,1.421,1.213,0.945,1.165,0.693,0.695,0.907,0.709,0.926,0.99,0.897,0.751,0.815,0.859,0.595,1.365,0.783,0.914,0.852,0.778,0.83,0.656,0.994,0.925,0.936,1.307,,0.737,0.87,0.968,1.261,0.851,0.77,1.239,0.967,0.44,,0.761,1.01,0.483,0.726,0.729,0.684,0.693,0.857,0.794,0.638,0.798,0.645,0.633,0.442,0.795,0.956,0.589,0.804,0.452,0.764,0.89,0.844,0.525,,0.956,0.599,0.757,0.615,0.62,0.764,0.652,0.858,0.665,0.736,0.754,0.678,0.704,0.712,0.363,0.993,0.885,0.735,,1.082,0.936,1.105,1.087,1.082,1.027,0.842,0.934,0.348,0.597,0.517,0.483,0.594,0.304,0.502,0.324,,0.658,0.68,0.281,0.753,0.942,0.623,0.642,0.243,0.385,0.335,,1.001,0.596,0.75,0.958,0.601,0.71,1.006,,0.705,0.554,1.632,0.81,0.418,0.432,0.493,0.598,0.85,0.554,0.558,1.26,0.505,0.154,0.772,1.724,0.544,1.146,0.353,0.982,,0.179,0.456,0.529,1.558,0.925,1.547,0.85,1.206,1.021,2.483,0.952,0.825,0.611,3.265,1.608,,0.668,0.275,0.761,0.736,0.61,0.482,0.483,0.918,1.127,,0.636,0.6,0.784,0.586,0.876,,0.701,0.712,0.605,0.742,0.415,0.338,0.809,0.739,0.983,1.012,0.878,0.919,0.811,0.785,0.863,0.771,0.433,0.517,1.042,1.07,0.715,0.64,0.462,0.633,0.741,1.165,0.618,0.486,0.237,0.384,0.579,1.465,0.845,0.827,0.562,1.573,0.919,0.448,2.08,0.917,0.705,0.394,0.855,1.284,0.921,0.876,0.987,0.786,0.67,0.757,1.387,1.063,0.984,1.274,0.998,0.864,1.159,,1.058,1.616,1.501,,1.207,1.319,1.07,,0.737,1.012,1.459,,1.226,,0.778,0.544,0.593,0.861,0.702,0.54,0.436,0.614,0.574,0.474,0.643,0.682,,0.857,,0.613,1.015,1.13,0.828,0.755,1.85,0.57,0.524,0.406,,0.41,0.826,0.588,0.989,0.849,0.837,,1.191,1.278,0.7,1.204,1.09,1.196,1.14,0.772,0.857,0.798,1.085,0.629,0.76,1.165,0.586,1.334,1.636,0.546,0.585,0.764,0.519,1.151,1.017,1.295,1.047,0.724,0.712,0.907,0.835,0.839,0.602,0.829,1.024,0.851,1.031,0.739,1.283,1.297,0.975,1.081,1.114,1.128,1.098,0.949,1.424,0.551,1.013,3.297,2.759,1.196,1.317,1.327,1.228,1.654,0.541,0.8,0.539,0.625,1.055,2.924,,1.75,0.897,1.331,1.952,1.995,3.272,1.971,,2.399,0.952,1.124,1.011,0.753,0.874,0.565,0.747,1.999,0.728,0.944,0.664,0.796,1.306,0.843,0.611,,0.81,2.026,0.612,1.857,0.697,0.929,1.279,1.724,3.023,0.887,1.065,0.501,0.866,0.72,0.944,1.117,1.178,0.661,0.55,0.585,0.638,0.593,,0.466,0.943,,0.303,0.665,0.675,1.309,0.539,0.738,0.787,0.499,0.917,0.66,0.654,0.782,0.839,0.499,0.545,1.455,0.456,0.533,0.534,0.585,0.492,1.116,0.855,0.69,0.839,0.867,0.6,0.778,1.818,0.68,1.537,2.672,2.81,1.372,1.813,2.846,2.6,0.683,0.701,1.413,1.178,1.391,1.536,2.07,,1.464,1.871,1.683,0.918,1.986,0.858,0.798,0.921,,1.332,1.627,1.336,1.01,0.918,0.715,0.804,1.083,0.892,0.993,0.972,1.077,1.161,0.753,0.986,0.99,0.919,0.647,1.309,0.837,1.584,0.556,,0.541,1.869,1.564,1.092,1.5,1.432,1.103,1.755,,1.303,0.856,0.953,1.072,1.21,1.383,1.288,1.511,1.051,0.742,0.549,0.59,0.936,0.657,0.563,0.654,0.527,0.462,0.741,0.451,0.607,2.717,1.061,1.303,1.99,0.087,0.432,0.378,0.174,0.52,0.364,0.493,0.373,0.989,1.075,0.739,0.88,0.503,0.493,0.909,0.461,0.905,0.715,1.013,0.913,0.763,,0.649,0.666,0.809,0.543,0.816,0.899,1.151,0.483,0.604,0.658,0.677,1.53,1.537,0.763,1.249,0.457,0.449,0.73,0.681,0.548,0.606,0.954,0.641,0.806,0.762,0.771,0.69,0.418,0.29,1.13,1.306,,0.503,0.421,0.6,0.431,0.843,0.762,1.011,0.378,0.425,0.73,0.556,0.597,0.761,0.698,1.015,1.095,0.933,0.421,0.462,0.222,0.632,0.418,0.453,0.379,0.71,0.212,1.562,2.701,1.209,0.428,1.263,0.739,0.59,0.47,0.808,0.781,1.276,0.785,0.421,0.921,0.667,0.659,0.582,,0.419,0.536,0.666,0.872,,0.704,0.583,0.923,0.638,0.464,0.665,,1.876,0.474,0.784,0.418,0.478,0.57,0.422,0.578,0.532,0.575,0.703,0.558,0.845,,,0.037,0.477,0.599,0.591,0.533,0.344,0.551,1.133,0.876,0.763,0.909,0.747,1.037,0.777,1.54,,1.452,1.516,1.102,0.598,0.899,1.153,0.802,0.502,0.925,0.9,,0.81,0.567,2.268,1.896,,2,2.062,1.103,0.593,0.727,1.418,,1.42,0.317,0.33,0.293,0.734,1.016,0.849,0.315,0.283,0.415,0.579,0.465,0.544,0.321,0.707,0.731,0.894,0.394,0.562,0.306,0.615,0.195,4.009,1.845,2.584,1.432,,1.195,0.972,1.335,0.621,0.818,0.677,1.696,0.756,2.084,0.531,2.503,3.091,1.116,0.9,1.886,0.98,1.011,0.798,1.027,1.266,1.401,0.942,0.869,0.584,0.879,1.449,0.976,1.003,0.741,1.66,1.128,0.446,1.393,1.853,,0.643,0.695,1.133,1.092,0.892,0.68,0.442,0.318,,,0.787,1.221,1.187,1.112,0.615,0.928,0.235,0.28,0.323,0.455,0.495,,0.561,0.546,0.618,0.652,0.388,0.523,0.73,,0.616,0.455,,0.897,0.518,0.835,1.309,1.259,0.675,1.655,1.284,1.905,0.406,0.828,0.494,0.72,0.434,,0.24,0.576,0.456,0.664,0.617,0.635,0.728,,0.519,0.632,0.636,0.358,0.527,0.351,0.985,0.704,,0.435,0.864,1.424,0.534,0.295,0.752,0.21,1.082,0.185,0.961,0.389,1.128,1.434,1.03,1.297,0.778,0.215,1.082,1.328,0.935,1.174,1.485,,0.864,0.655,1.075,0.736,0.674,0.634,0.567,0.684,0.513,1.04,1.704,0.944,1.735,1.38,0.732,0.697,0.697,1.557,0.634,0.592,0.765,0.711,0.849,0.671,1.437,1.137,1.553,0.94,1.239,0.062,1.215,0.989,0.754,0.816,0.777,0.745,1.231,0.843,1.348,1.116,1.454,1.673,2.293,1.024,0.558,0.46,0.418,1.061,1.033,1.152,0.82,0.668,0.801,1.056,1.242,1.135,0.796,0.772,1.678,1.658,1.863,0.924,0.769,1.421,0.875,0.745,,0.696,0.923,0.671,0.779,0.551,0.428,0.657,0.738,0.592,0.807,1.455,1.055,1.821,0.966,1.394,0.772,1.306,1.126,1.161,0.629,0.839,0.933,0.695,1.017,1.178,1.719,0.918,0.631,0.797,0.689,1.294,1.352,1.769,0.831,0.532,,0.803,0.697,0.761,0.827,0.773,0.687,,1.053,1.207,1.194,1.064,1.228,1.414,0.734,1.025,0.952,0.835,0.995,0.125,0.544,0.196,0.766,0.46,0.913,1.182,1.019,1.281,1.055,,0.798,1.122,,1.243,1.539,0.751,1.104,1.331,1.875,,0.747,1.587,1.225,1.777,0.186,0.358,0.707,,0.778,0.89,0.557,1.068,0.919,0.512,1.41,1.036,0.869,1.229,1.096,1.235,1.628,0.94,1.053,0.911,0.639,1.068,,0.775,1.101,1.278,1.248,1.136,0.933,1.239,1.12,0.356,0.156,0.848,0.689,1.463,0.783,0.976,0.709,0.406,0.246,0.496,0.422,0.58,0.644,0.662,0.752,0.38,0.42,0.523,0.468,0.381,0.59,0.844,,0.545,0.476,0.685,0.658,0.757,0.541,,2.091,1.061,0.29,0.127,0.83,0.825,0.893,0.447,0.275,0.477,0.384,0.396,0.302,1.244,0.071,1.186,0.507,1.409,0.431,0.359,0.508,0.811,0.361,0.515,1.192,0.475,0.498,0.717,0.583,0.432,0.502,0.171,0.873,0.503,0.579,0.649,0.459,0.702,,0.85,,0.641,0.343,0.303,1.068,0.167,0.346,0.666,0.374,0.424,0.944,0.616,0.731,0.848,0.462,0.687,0.265,0.796,1.538,1.189,0.553,0.566,1.351,0.893,0.125,0.096,0.767,,1.771,1.401,0.854,0.723,0.253,0.303,,1.938,0.512,0.361,0.26,0.457,1.599,1.06,0.854,0.723,1.215,0.479,1.12,1.166,0.364,1.146,1.351,1.054,0.951,0.413,0.409,0.476,0.742,0.46,0.897,0.987,0.613,0.431,0.7,1.225,0.483,0.352,0.298,,0.436,0.793,0.394,1.426,,0.959,1.21,0.767,0.912,0.564,0.346,0.393,1.006,1.14,0.379,0.512,0.326,1.402,0.348,0.739,0.442,0.195,0.765,0.246,1.127,0.643,0.399,0.321,0.593,0.721,1.424,0.968,0.295,0.516,0.691,1.507,2.168,2.668,1.073,0.567,1.658,0.987,0.646,0.884,0.508,0.82,0.247,0.716,1.085,0.551,1.465,0.856,0.802,0.956
20160416,10,AQI,124,66,150,138,150,128,85,101,99,87,135,92,,63,66,55,66,55,53,,54,44,39,51,15,61,,35,36,19,73,32,36,49,83,81,88,90,76,87,62,84,77,73,83,35,36,51,52,58,73,65,53,81,87,46,36,54,36,34,97,120,105,114,94,107,83,120,85,54,55,56,53,53,46,43,41,49,25,52,,35,37,58,47,58,56,59,26,30,33,42,32,27,31,46,65,79,68,,68,71,67,68,76,,80,59,63,51,64,49,53,60,47,56,34,78,78,67,93,73,84,75,113,64,88,87,98,55,,92,95,93,125,88,80,112,95,58,35,43,50,20,47,42,43,31,30,30,33,32,43,27,43,53,38,31,48,49,32,34,29,29,32,37,43,44,39,48,58,64,60,69,112,76,100,93,86,85,102,49,57,69,47,28,39,36,,39,41,38,49,47,41,35,43,33,47,,40,36,41,55,61,59,72,63,65,,66,68,36,63,53,52,59,67,70,77,52,55,33,50,49,61,63,,60,63,35,39,26,31,25,,33,23,35,,53,71,39,,52,56,,30,,60,37,,55,24,28,26,,,49,61,58,72,60,53,47,54,53,28,36,25,30,27,43,46,30,15,27,30,70,69,75,75,91,68,49,88,30,55,16,33,39,40,39,28,34,188,149,144,156,192,,207,153,43,41,37,39,38,47,44,58,38,32,36,39,35,35,46,62,29,36,16,23,18,35,16,25,20,19,24,19,19,30,23,26,20,25,22,26,25,23,45,51,,49,56,51,54,46,54,48,45,59,36,27,28,46,32,32,46,32,42,65,29,38,,33,44,52,55,46,52,36,51,55,59,36,,36,42,50,48,40,59,53,55,49,41,43,47,45,39,43,47,48,45,,100,95,102,113,102,105,111,107,52,58,63,92,55,34,25,38,30,22,28,45,22,17,32,35,25,31,35,,25,33,54,54,55,38,51,,50,28,36,28,30,35,41,30,32,37,50,49,62,53,51,60,58,58,104,93,,77,110,68,62,58,59,39,52,56,61,42,37,47,90,38,78,33,38,43,33,23,26,57,60,70,69,111,101,79,92,85,,90,71,43,68,58,63,25,18,20,33,27,21,21,23,21,28,35,20,27,43,89,75,77,60,74,68,58,57,69,63,54,75,71,61,57,45,50,54,55,92,90,61,82,106,169,95,82,85,58,23,170,104,141,118,105,110,117,,55,58,78,,57,87,132,,69,89,124,,113,,88,110,93,104,89,63,56,55,48,45,44,75,,75,,66,69,72,87,69,91,84,65,63,,58,64,61,84,70,84,,32,29,29,36,27,59,39,30,43,36,29,60,58,56,49,64,52,57,64,57,56,,30,36,36,29,34,40,43,43,51,54,58,39,53,53,54,53,58,52,50,37,40,48,28,43,66,82,88,74,59,67,97,101,105,79,72,90,53,64,,70,51,52,68,40,37,53,38,52,56,71,71,41,25,198,205,190,154,61,62,63,70,65,61,,59,61,57,64,54,59,55,61,70,50,51,54,140,80,104,109,125,64,59,80,67,70,,53,28,,32,30,46,68,119,94,113,105,92,41,41,62,42,22,25,34,32,33,19,22,29,70,42,19,30,30,29,29,31,33,59,67,81,68,82,83,64,26,25,33,33,29,28,67,,45,67,112,70,73,39,72,49,,56,56,85,48,19,27,44,38,38,21,23,19,32,54,35,30,32,32,23,28,21,23,,11,23,18,26,50,58,60,70,,49,57,63,113,90,97,77,110,98,53,47,33,56,55,59,18,20,18,23,21,16,98,92,86,61,21,28,26,25,70,62,47,54,41,52,26,82,29,49,43,72,47,53,47,36,29,,34,51,29,35,65,76,59,70,73,65,63,76,81,80,96,30,42,52,39,47,49,55,51,61,54,56,53,62,64,56,36,,80,108,92,62,28,30,18,29,64,91,101,107,82,95,173,155,56,27,47,58,38,39,93,55,66,50,58,59,56,68,70,72,57,55,58,52,50,51,44,35,39,34,49,,38,49,55,57,53,58,39,50,50,54,55,,32,31,30,43,31,36,45,60,59,90,77,52,54,,,48,46,22,22,23,22,21,79,65,70,75,80,67,75,30,,34,38,48,36,69,89,157,105,92,39,,29,40,31,29,,34,30,107,85,90,41,,50,74,48,81,133,189,123,55,36,102,83,96,38,36,58,78,72,63,27,60,56,45,130,99,79,102,,49,58,63,62,97,71,82,70,108,92,94,106,93,104,94,78,77,54,61,122,83,92,72,117,92,67,80,59,68,45,46,53,26,28,49,32,93,84,125,69,42,39,23,85,,92,89,72,92,104,73,25,29,47,54,42,29,28,79,53,41,84,72,53,,48,41,39,29,43,125,87,134,57,77,45,42,54,50,84,67,50,,45,52,6,62,49,57,49,,45,,61,88,61,53,31,54,,249,59,60,17,53,30,48,122,80,63,113,115,59,59,61,50,11,27,23,22,20,19,44,20,22,28,22,32,51,46,52,45,28,27,21,21,19,35,36,41,69,102,35,23,22,26,29,33,52,40,45,41,35,39,33,45,26,34,38,43,35,32,32,29,35,28,46,57,52,48,40,36,26,22,48,53,58,31,38,28,30,32,32,30,38,38,40,43,31,,50,53,33,109,107,104,119,34,38,24,36,64,53,54,46,,21,33,40,35,34,32,35,27,39,39,26,21,24,50,26,24,28,48,32,,33,32,19,21,23,33,,49,54,46,47,54,60,31,29,26,27,28,32,37,27,26,27,62,39,63,62,56,,33,41,,45,51,32,47,52,52,,27,32,23,45,20,47,64,69,60,74,70,74,67,68,83,62,74,92,54,70,73,55,50,62,102,103,,56,48,85,74,75,85,109,118,45,53,33,61,61,36,30,54,34,23,29,24,48,28,38,35,27,59,51,68,23,47,38,,34,59,45,58,61,29,54,79,10,18,21,17,39,29,45,62,35,58,57,43,43,56,58,83,22,29,32,49,44,26,29,65,38,51,24,24,25,25,35,58,21,26,55,48,30,,42,54,74,28,32,24,23,26,82,114,75,55,67,69,80,125,153,110,107,121,186,42,46,46,68,41,37,23,34,66,43,50,70,76,64,,221,29,40,51,30,22,77,55,44,119,128,125,133,13,26,17,54,51,41,33,29,35,37,90,62,56,54,45,57,45,54,53,,59,50,54,17,,55,64,47,82,60,107,122,104,65,78,67,82,69,55,66,66,69,136,75,125,103,102,103,42,71,72,37,62,115,124,129,200,203,183,74,33,56,46,35,15,31,22,37,92,108,63,60,26,52
20160416,10,PM2.5,55,9,53,63,56,62,56,,61,41,64,68,,34,34,24,32,39,32,,17,27,23,27,,32,,24,18,6,3,16,14,25,36,39,38,44,46,52,30,62,49,51,49,24,25,18,15,26,39,19,24,17,18,17,25,5,7,15,48,22,51,86,33,23,19,32,18,34,20,28,22,20,32,30,20,10,11,16,,12,16,36,16,41,21,19,,9,5,11,22,4,4,29,43,46,45,,46,50,43,47,46,,55,25,39,27,31,19,27,41,24,33,20,49,57,46,69,53,57,54,85,46,65,64,73,39,,68,71,69,95,65,59,84,71,23,18,18,16,4,20,18,25,12,21,21,22,22,30,11,17,30,12,21,20,19,20,19,18,15,17,16,17,22,18,18,37,37,32,40,84,51,75,69,60,58,76,34,40,36,29,17,27,25,,27,25,26,34,19,20,20,30,22,19,,23,25,28,28,27,31,46,45,46,,46,49,20,43,16,32,42,48,51,56,17,29,21,27,28,26,37,,32,29,20,18,10,10,9,,9,14,11,,24,36,26,,33,28,,18,,18,21,,23,6,15,10,,,28,27,32,42,43,31,20,27,23,19,24,14,21,17,22,29,21,10,17,11,51,44,40,44,45,49,32,65,21,39,10,23,7,5,7,7,6,141,96,110,119,144,,157,117,12,14,21,15,7,19,25,17,15,20,25,27,24,24,32,44,20,25,5,9,5,24,6,5,14,3,7,13,13,10,13,6,8,17,8,18,6,6,31,29,,17,27,30,31,32,28,30,23,22,25,13,18,32,22,22,17,22,29,37,16,26,,18,29,29,27,29,28,21,30,33,42,21,,25,29,26,24,21,42,30,39,33,19,26,23,23,24,26,27,29,28,,75,71,76,85,76,79,80,80,32,41,45,68,34,5,15,8,21,15,19,15,15,8,14,24,13,16,21,,17,23,33,37,38,26,34,,28,19,8,15,,24,8,10,6,8,6,29,31,25,26,33,29,28,44,35,,28,63,31,34,22,29,19,26,19,29,11,23,16,67,19,57,18,24,15,17,8,18,33,42,51,26,35,27,36,35,32,,31,40,22,12,13,23,11,12,14,23,13,6,10,16,14,19,5,13,10,25,18,20,14,42,21,15,11,15,14,25,12,32,44,40,31,24,29,30,38,62,62,33,54,78,128,62,60,56,39,16,129,78,92,89,79,83,88,,21,27,57,,20,64,100,,48,66,94,,85,,26,83,69,78,66,45,31,39,26,23,23,55,,55,,42,50,52,64,42,49,62,40,32,,35,38,32,51,51,62,,22,20,20,25,13,42,27,21,30,25,20,43,41,37,33,46,36,40,46,40,36,,16,15,25,20,23,28,30,27,34,35,39,27,37,37,38,36,41,35,35,24,28,33,19,30,47,59,52,54,42,48,10,12,10,14,19,35,24,17,,28,21,16,39,23,19,14,16,28,12,23,25,17,10,68,61,93,47,38,41,41,44,41,42,,38,33,35,42,18,37,36,32,44,35,29,31,107,59,78,82,95,46,42,59,48,51,,37,18,,17,19,32,46,90,70,85,79,68,18,22,44,29,15,17,19,22,23,13,15,20,51,15,13,21,17,20,18,21,4,32,48,44,42,60,61,46,18,17,23,23,20,19,48,,31,48,84,40,53,26,10,34,,21,23,28,18,12,9,9,13,10,7,7,12,6,38,8,2,10,3,3,9,10,4,,4,12,8,14,35,41,43,51,,32,40,45,85,60,72,56,83,73,24,28,23,32,30,36,9,9,10,8,9,8,49,68,37,37,14,17,15,14,51,44,22,22,24,36,17,60,6,30,21,52,32,29,3,20,20,,23,20,15,23,42,49,42,14,20,14,19,26,30,25,28,14,21,18,13,9,26,17,22,29,15,15,23,2,2,8,17,,21,33,29,16,4,5,8,9,9,44,27,35,58,71,131,118,34,8,29,33,11,15,30,31,,35,39,35,30,36,37,41,30,28,29,23,19,18,23,23,23,12,24,,25,22,39,,17,22,25,26,32,38,39,,22,20,20,28,16,25,31,37,37,48,40,25,35,,,33,32,12,12,6,10,7,58,47,51,55,47,38,55,12,,18,13,8,25,41,50,63,46,48,20,,20,25,18,17,,7,16,75,63,42,25,,24,14,14,,101,142,93,39,24,44,41,35,11,19,41,57,52,17,7,24,22,30,99,72,58,75,,27,26,34,24,48,47,49,46,43,47,40,36,69,78,70,57,56,22,24,92,61,60,52,88,68,48,59,42,49,26,32,36,18,19,34,22,69,62,95,50,29,26,,63,,68,66,44,68,78,53,8,20,23,38,28,10,18,58,37,5,62,52,32,,33,20,27,3,22,95,64,102,32,56,31,22,38,30,62,48,35,,31,36,2,44,34,40,34,,19,,42,65,31,33,18,34,,199,34,22,9,32,21,33,92,59,45,85,87,31,30,29,33,6,17,16,12,14,13,9,9,15,19,15,22,34,32,24,31,7,12,4,14,9,13,16,12,31,76,14,14,15,10,7,23,36,26,31,27,24,27,23,31,14,18,26,30,18,22,22,16,24,19,32,40,36,33,28,25,18,11,33,37,41,14,26,8,10,20,22,21,26,26,28,30,12,,35,13,23,82,80,78,90,15,10,11,11,38,31,38,21,,9,19,14,6,6,7,8,10,27,27,16,5,7,1,5,,10,10,14,,18,15,8,5,8,23,,31,36,32,29,38,43,7,16,15,12,18,12,8,14,11,17,44,,29,31,33,,23,22,,31,18,17,19,21,36,,12,22,8,31,12,24,29,50,43,54,51,54,48,37,61,44,54,68,38,51,53,39,35,44,76,77,,39,29,33,41,55,63,82,89,5,13,3,9,24,21,12,31,4,8,14,5,33,18,26,23,12,42,30,49,15,14,15,,21,15,27,29,32,8,11,18,5,6,10,8,18,12,11,25,15,22,26,23,26,19,41,36,14,18,17,22,24,14,20,47,9,29,8,6,11,3,14,29,6,7,11,11,9,,10,14,20,19,22,14,16,13,37,48,38,24,48,50,59,86,92,83,80,45,140,20,28,12,,24,11,16,16,28,30,35,,37,35,,171,20,28,20,21,15,56,39,19,21,46,29,26,9,18,9,15,17,17,17,20,11,17,67,15,33,25,10,23,31,21,12,,13,23,21,10,,34,46,29,37,28,,61,78,24,43,22,26,27,19,19,20,27,23,19,34,75,56,55,12,24,30,12,27,54,48,43,60,110,111,35,11,14,13,10,9,3,6,13,35,81,29,43,17,29
20160416,10,PM2.5_24h,57,49,67,63,57,64,63,,44,54,57,68,,92,96,93,96,103,91,,90,109,108,104,107,101,,56,55,61,45,46,60,49,100,103,111,115,120,122,39,67,60,57,54,53,58,58,62,58,77,62,57,53,63,52,52,45,40,39,30,38,40,40,28,31,40,45,36,83,80,90,66,77,70,79,57,57,59,24,,20,28,18,30,22,34,30,24,29,20,22,33,18,26,25,40,40,46,,43,46,43,46,47,,51,39,35,36,33,27,38,39,31,38,30,48,52,43,46,43,34,39,45,34,46,48,49,41,,57,53,50,55,43,46,56,37,41,42,35,39,30,36,43,41,41,37,31,38,36,35,27,30,42,24,26,24,36,23,26,26,23,23,31,30,37,35,29,50,50,42,53,57,44,58,71,51,48,55,38,44,38,31,33,37,37,,36,34,35,43,24,23,24,29,23,28,,25,24,27,33,36,40,51,44,45,,46,49,20,36,26,30,45,51,40,49,31,23,16,29,18,29,27,,37,19,21,19,23,16,20,,19,23,23,,32,38,34,,18,23,,20,,28,27,,43,50,47,18,,,23,23,29,36,36,28,15,20,20,39,38,35,37,40,38,43,40,34,34,20,50,39,38,38,35,34,36,57,23,32,13,27,17,29,25,26,16,71,76,62,61,79,,87,65,20,29,34,29,35,30,39,39,36,42,50,49,47,54,54,49,44,49,26,32,30,32,34,31,33,28,32,63,30,27,32,30,26,29,31,32,29,25,31,33,,32,33,35,37,36,28,40,21,24,27,27,26,22,23,31,22,22,23,29,24,35,,16,26,29,26,25,27,24,35,38,35,22,,22,31,28,23,29,32,29,34,28,34,26,22,22,30,23,30,34,49,,59,55,55,55,53,58,60,65,30,37,43,42,32,9,30,19,26,23,33,25,26,26,24,37,24,30,27,,34,37,31,26,28,24,27,,23,14,21,40,33,40,26,30,33,33,28,29,26,21,24,29,28,25,23,15,,28,95,18,41,26,33,23,32,26,39,14,31,21,28,27,30,19,29,16,28,11,10,27,26,32,17,50,43,35,40,40,,25,38,18,18,22,11,28,29,28,31,27,27,29,28,30,31,25,23,36,59,30,36,34,32,38,24,26,27,21,26,25,36,40,42,35,34,36,33,38,46,82,57,60,45,52,55,43,42,37,19,101,77,70,71,74,85,58,,80,74,77,,91,66,77,,53,63,59,,68,,48,79,74,70,56,35,33,37,25,25,26,69,,61,,65,53,57,58,48,58,65,47,44,,28,30,26,72,59,67,,25,25,33,39,31,30,26,22,32,29,33,38,38,33,33,36,34,26,36,31,28,,14,16,33,29,29,17,17,19,22,30,29,31,38,41,41,37,42,38,43,40,49,41,26,32,28,41,39,63,59,66,30,32,22,30,29,39,57,34,,47,40,28,43,33,27,18,45,46,32,54,48,28,23,46,39,47,29,42,44,44,49,50,43,,40,31,35,44,19,39,36,35,47,37,32,27,93,58,68,68,73,34,27,35,31,35,,30,37,,33,44,51,36,45,49,61,46,78,41,45,62,47,21,19,21,24,35,28,34,31,42,24,24,24,19,23,28,25,6,68,104,92,104,88,88,92,54,55,89,74,72,62,66,,61,90,127,83,116,51,41,48,,41,48,62,36,50,54,49,41,52,34,33,37,39,55,44,29,48,41,50,62,62,59,,35,53,23,23,51,70,62,77,,42,46,55,83,76,76,65,79,75,24,32,15,19,21,20,18,18,21,19,19,11,32,20,24,18,20,34,26,27,28,24,19,16,12,29,21,28,14,27,19,39,32,29,13,21,33,,45,27,24,26,35,38,43,22,25,29,31,24,26,22,33,15,19,18,19,10,29,20,19,41,31,28,41,16,12,16,22,,18,22,28,29,15,6,22,15,8,31,29,24,66,74,95,76,39,31,32,41,27,31,31,33,30,46,42,41,28,33,45,52,31,30,28,22,20,20,23,30,27,25,33,,45,36,50,,20,24,23,28,44,33,40,,35,16,18,28,30,56,54,24,19,18,18,28,22,,,44,44,25,30,26,25,28,42,43,42,43,46,48,45,59,,49,54,54,64,42,44,44,38,36,34,,31,35,28,30,,21,29,83,59,38,21,,17,24,22,20,57,73,67,30,23,42,40,36,35,34,65,77,76,65,63,24,24,26,130,74,72,89,,38,29,37,28,43,43,42,46,50,49,48,43,47,57,48,40,40,25,27,57,53,44,41,82,84,40,38,44,42,35,29,31,27,31,58,40,76,63,86,43,21,22,17,63,,69,48,50,98,104,78,18,20,19,47,44,22,16,63,43,40,40,58,41,,28,29,31,20,22,43,78,44,42,43,38,42,30,36,61,51,43,,25,37,6,55,46,60,58,,44,,67,75,35,32,26,37,,74,49,51,24,36,22,26,67,48,44,52,109,29,31,32,30,6,23,22,19,21,18,15,14,32,34,31,20,30,28,26,29,9,57,57,39,49,50,43,54,50,50,23,30,33,32,28,16,30,25,33,31,28,27,23,29,43,44,59,65,47,33,23,19,23,21,22,33,32,29,87,54,53,52,68,63,77,40,48,43,35,34,38,34,45,46,47,46,27,,60,32,27,61,52,42,66,36,35,37,21,35,54,49,28,,25,35,24,20,25,25,21,21,27,42,34,26,34,19,16,22,26,20,27,,23,28,22,22,25,42,,34,33,32,28,38,46,29,37,40,40,42,63,40,67,57,63,40,32,29,26,33,,43,45,,53,45,40,45,41,51,,46,34,49,51,22,36,41,51,43,50,47,43,39,31,52,40,46,69,45,58,62,50,34,50,84,92,,36,53,78,71,55,56,78,76,7,6,9,7,14,14,12,15,12,11,17,12,22,19,21,20,18,30,18,27,18,24,21,,24,12,21,24,31,15,18,20,16,21,5,7,10,7,8,19,21,15,15,32,34,24,36,24,11,12,11,13,17,18,25,31,19,28,12,15,21,10,23,36,15,14,16,18,31,,43,11,16,21,21,16,15,14,46,49,41,26,29,32,60,70,74,58,58,45,87,24,21,31,,16,12,15,16,20,25,27,39,26,26,,52,20,19,20,18,11,27,15,13,20,26,22,21,15,33,17,22,20,22,15,20,15,20,25,15,30,29,11,17,26,19,12,,12,20,19,9,,19,30,21,22,28,,42,46,21,41,22,26,29,23,31,28,30,27,21,43,66,28,23,8,12,13,13,23,34,52,45,87,152,160,109,45,14,14,23,10,8,6,6,19,25,20,45,35,32
20160416,10,PM10,197,82,250,226,250,206,119,152,148,124,220,83,,76,81,59,82,44,56,,57,44,39,51,8,72,,26,36,19,95,32,36,49,116,112,126,130,102,123,73,100,104,95,116,,26,52,53,65,96,79,56,112,124,46,,57,36,34,144,189,160,,138,163,115,189,119,57,59,62,55,56,46,31,41,49,25,54,,35,37,66,47,45,61,68,,23,30,42,27,27,31,46,79,108,85,,86,91,84,85,101,,109,68,75,52,77,49,55,70,47,61,,105,105,84,95,84,118,100,131,76,123,70,80,50,,69,96,84,124,82,65,,80,66,35,43,50,6,47,42,43,31,29,29,33,28,,15,43,55,38,31,48,49,30,34,29,29,28,37,43,44,39,48,65,78,70,87,147,102,137,136,122,120,130,44,50,88,47,28,32,30,,30,41,37,37,47,41,35,36,33,47,,40,33,41,59,71,68,94,75,80,,82,86,36,76,56,54,67,57,,,54,59,33,50,49,72,75,,70,75,35,39,19,26,25,,11,23,35,,55,92,39,,53,61,,30,,69,37,,60,13,19,26,,,49,72,66,94,65,55,47,57,56,,36,25,28,23,43,46,,,27,30,83,87,100,99,131,61,49,89,,,13,23,39,40,39,28,34,211,247,198,202,180,,171,176,36,25,23,39,33,,44,65,,32,,33,33,,,,27,35,16,,12,,16,6,,,11,,18,,,12,,,11,,11,11,44,52,,49,61,52,58,45,58,48,45,68,,27,28,44,25,31,46,28,42,79,29,,,33,44,54,59,46,53,36,52,60,,36,,28,31,50,48,40,59,55,56,49,41,43,47,45,39,43,47,48,45,,140,91,118,117,100,145,171,116,54,65,63,106,59,34,23,38,29,18,,45,17,17,32,28,25,31,35,,21,32,58,58,59,37,51,,50,25,36,28,27,29,41,20,23,37,50,49,74,55,51,69,65,66,158,136,,104,170,86,73,66,67,39,54,61,71,42,37,47,74,38,,33,38,29,33,23,26,63,69,84,88,172,151,107,133,120,,129,92,43,86,66,75,,16,,,,15,10,19,21,,31,,27,43,127,100,104,70,98,86,65,64,88,75,57,99,91,72,64,45,50,58,60,134,129,71,114,161,143,139,108,119,65,,132,106,231,180,141,140,130,,59,66,,,64,99,130,,87,119,143,,113,,125,117,128,127,116,76,62,,48,45,44,83,,92,,82,84,70,101,87,131,84,80,75,,66,77,71,117,83,113,,,24,22,27,27,63,29,,30,35,26,65,62,62,49,54,48,63,72,56,62,,30,36,29,29,34,37,37,43,51,57,66,33,48,39,47,56,51,54,40,37,37,38,,31,81,113,125,63,60,,143,151,159,108,94,130,55,77,,89,51,54,85,40,26,56,,54,61,92,92,41,25,346,353,329,258,71,73,76,89,80,71,,68,71,64,77,58,67,60,71,89,48,51,57,128,109,140,144,174,60,58,68,66,73,,49,28,,32,26,,86,,93,163,79,82,41,41,50,,20,25,20,23,24,18,22,21,66,42,16,25,30,28,29,31,6,68,69,111,86,87,,70,,,23,,20,23,,,,77,,90,,39,93,42,,62,61,120,48,19,19,44,38,38,15,16,16,32,,29,14,18,11,15,28,10,8,,11,18,18,26,39,,,59,,49,59,66,104,129,94,90,137,97,56,47,32,62,59,68,13,20,18,14,21,14,146,86,122,71,,28,26,25,,,47,57,41,,23,85,29,49,42,81,47,55,47,,26,,34,52,29,35,80,102,54,90,95,80,76,101,111,110,142,30,42,54,39,47,49,59,51,71,58,61,56,74,78,62,36,,109,165,133,73,10,12,,23,77,132,152,164,113,103,178,188,61,23,47,66,23,26,135,60,82,40,66,68,62,85,89,94,63,59,66,53,50,51,44,35,39,34,49,,38,49,,63,56,66,39,50,50,50,46,,31,31,30,43,31,36,43,69,68,130,103,54,56,,,,34,19,14,,14,11,,57,51,59,110,83,85,30,,34,38,48,,88,127,263,159,134,39,,,40,31,29,,34,30,163,78,129,41,,50,97,48,111,149,146,119,,36,154,116,141,38,36,55,78,65,76,19,70,62,45,151,148,106,154,,49,65,75,74,94,92,114,90,165,134,138,162,80,136,108,78,83,57,72,126,71,134,84,110,94,61,60,46,72,45,46,56,19,,44,28,83,87,99,63,36,39,16,65,,68,66,94,78,147,57,25,26,47,49,42,,28,75,,41,87,93,56,,44,41,,29,43,166,83,124,64,81,40,42,,50,80,52,38,,42,,6,51,36,40,45,,45,,71,66,71,56,31,57,,,68,70,16,55,22,,,60,,,,68,68,72,50,11,27,19,22,17,19,44,20,,21,,29,52,39,54,,15,,15,,,22,36,41,88,,,,,,,26,42,40,32,41,25,31,27,,25,34,35,,35,28,29,27,,23,45,42,45,43,30,,,22,46,45,,31,32,28,30,32,24,26,32,35,32,30,31,,,55,,103,109,123,128,34,38,24,36,78,56,,46,,21,33,40,35,34,32,35,27,30,36,26,21,24,50,9,10,28,48,32,,33,32,19,14,23,28,,49,57,37,47,,,31,29,26,22,20,,37,,26,22,56,39,76,74,61,,32,41,,42,52,32,47,54,,,25,32,15,38,20,47,78,68,64,74,77,77,64,85,83,58,65,86,45,67,,52,42,45,106,116,,61,48,120,97,84,109,94,129,45,56,33,72,72,36,30,58,34,23,29,24,43,28,31,35,27,53,52,78,23,47,38,,34,67,45,65,72,29,58,32,,,21,17,39,29,45,74,35,65,63,43,43,62,65,115,21,29,32,49,44,,27,77,25,52,24,15,20,25,35,65,11,24,60,48,20,,42,58,98,21,,24,21,26,113,178,99,60,84,78,93,199,255,146,147,192,190,42,46,46,85,41,37,21,34,82,,49,89,101,77,,351,29,31,52,,21,93,40,44,188,206,199,215,11,22,12,58,52,41,33,,35,37,75,74,62,58,45,63,,57,56,,68,50,58,17,,59,58,47,113,69,163,194,121,80,106,83,113,87,60,81,81,88,222,100,200,156,154,156,,91,94,37,73,180,198,207,350,352,315,97,33,61,46,35,15,10,19,37,134,103,75,58,26,53
20160416,10,PM10_24h,131,109,125,129,115,146,132,107,85,123,139,130,,152,166,165,149,185,149,,179,202,217,183,159,166,,92,114,113,82,96,106,161,222,210,252,215,227,226,93,119,122,137,137,109,123,148,128,109,149,133,172,148,147,198,166,212,202,194,87,115,95,121,89,108,90,108,92,148,161,149,162,161,131,122,116,126,78,78,,54,65,48,62,58,113,87,141,120,120,126,114,151,115,108,69,96,90,,99,91,91,86,106,,113,120,81,70,80,71,86,74,78,81,53,103,94,77,79,71,64,65,78,70,96,74,75,78,,76,86,79,90,64,71,86,68,80,72,85,86,63,86,79,83,80,128,105,120,117,99,93,120,134,97,82,89,91,69,86,84,75,64,72,84,94,79,83,100,101,84,93,182,129,154,209,155,167,146,97,106,102,110,82,129,81,,84,95,106,98,91,101,115,107,81,101,,99,94,88,108,112,123,134,108,113,,102,116,46,87,60,65,119,103,109,99,50,39,24,52,37,62,54,,80,37,39,55,43,41,45,,29,40,61,,68,74,56,,42,48,,74,,73,50,,90,81,72,43,,,38,41,44,60,56,40,27,35,44,83,105,87,78,92,76,100,96,87,97,37,70,58,63,61,73,44,50,80,48,56,45,35,50,52,42,42,51,170,234,179,178,177,,167,192,61,70,48,65,51,58,61,86,106,110,105,103,89,106,102,115,98,90,48,60,66,61,63,51,66,63,67,,57,38,39,49,38,52,56,50,41,46,45,46,,49,54,43,61,45,45,49,41,41,34,43,42,39,32,50,49,36,39,47,40,63,,30,35,46,46,45,45,41,47,71,38,37,,33,33,46,40,43,45,42,44,41,44,40,37,36,46,41,49,57,61,,94,87,97,91,88,112,128,122,46,65,67,74,58,39,38,37,31,35,43,43,36,44,48,46,34,43,38,,54,44,57,41,40,38,41,,41,19,70,89,91,73,89,73,77,86,92,52,60,49,55,61,78,54,97,75,,60,172,56,85,59,56,55,62,66,75,73,46,55,64,57,60,35,46,29,47,30,20,54,47,60,59,108,114,101,94,94,,78,77,46,79,73,56,46,55,49,50,44,41,46,49,47,49,69,39,105,76,142,169,177,141,154,134,132,113,119,108,123,108,88,86,72,62,60,58,56,108,106,91,110,121,117,127,79,75,53,32,206,165,171,156,131,150,115,,199,187,217,,195,173,165,,99,135,151,,147,,161,138,162,147,129,112,98,80,66,63,73,126,,126,,150,135,114,158,140,156,149,76,81,,65,86,85,216,153,236,,37,33,38,37,36,46,40,29,35,40,46,56,50,55,49,53,47,47,54,42,58,,21,26,42,37,38,20,23,26,39,46,47,47,47,52,51,53,52,48,49,51,55,47,35,55,54,80,77,154,150,171,143,108,125,105,94,106,89,97,,109,86,61,108,47,63,49,56,99,78,129,109,60,47,234,210,197,150,77,83,87,103,96,76,,85,88,72,84,62,68,60,75,92,63,60,56,122,125,127,129,125,53,41,58,52,50,,41,65,,64,69,61,70,72,86,112,57,96,64,64,89,71,42,34,43,48,75,76,85,91,77,55,48,45,32,43,52,42,12,152,226,178,116,156,192,173,111,69,157,107,68,98,112,,113,158,216,153,169,93,99,97,,80,95,157,81,84,92,87,69,94,68,63,58,69,75,66,52,68,47,78,120,78,103,,62,81,39,27,70,111,97,125,,76,77,83,106,122,98,100,126,97,49,47,30,37,38,35,25,32,31,29,34,19,85,40,81,41,31,46,38,33,40,44,38,34,43,62,37,44,28,37,31,57,44,39,69,28,50,,62,71,83,64,64,73,67,43,51,56,55,54,54,48,66,27,32,46,36,31,42,50,37,68,39,65,93,80,94,97,70,,84,88,139,102,25,21,60,35,33,137,130,140,162,170,167,188,109,76,51,67,59,60,76,79,127,77,105,109,94,102,149,150,62,70,60,45,44,52,87,78,85,81,98,,85,101,90,128,124,107,75,95,101,98,112,,66,48,55,73,76,74,73,68,61,50,47,58,52,,,71,75,46,58,48,52,55,107,93,103,95,83,75,68,76,,72,89,101,127,60,89,103,63,68,48,,41,52,59,43,,59,53,65,73,75,34,,37,103,90,108,150,148,165,70,54,143,142,151,126,134,81,102,95,428,354,70,63,57,171,183,142,179,,46,75,71,88,99,88,111,102,137,125,127,144,78,134,100,57,62,50,58,92,78,114,73,111,113,66,56,64,54,56,49,53,36,40,77,54,120,81,111,52,31,49,31,65,,80,48,98,117,140,93,35,26,38,70,75,47,25,110,125,82,111,180,101,,61,66,57,63,74,145,170,138,82,102,76,81,54,65,104,79,66,,33,41,23,120,96,103,95,,101,,127,128,77,80,57,69,,85,110,106,59,55,37,37,55,48,67,47,34,46,47,51,43,8,34,27,30,27,29,29,24,44,54,51,37,56,44,53,38,31,79,70,75,87,85,93,80,99,87,32,50,53,48,49,24,44,40,44,41,25,37,30,33,83,88,81,87,74,42,31,32,30,26,34,35,37,38,121,113,134,105,125,124,140,149,142,167,168,80,85,76,92,94,98,93,60,,108,111,76,124,125,126,154,79,72,92,49,59,105,59,64,,60,70,46,41,52,45,44,38,50,70,62,57,58,67,42,44,43,55,45,,49,41,41,37,50,67,,51,54,63,44,57,59,53,55,55,56,57,,68,115,93,96,48,47,63,53,48,,66,75,,73,62,68,80,79,62,,64,70,71,76,39,59,73,62,62,59,59,77,59,64,77,70,72,98,73,87,93,65,52,81,132,133,,63,82,117,115,93,99,100,124,33,27,17,27,33,29,22,33,25,22,24,21,37,31,30,34,32,43,43,51,29,39,45,,40,48,34,37,58,39,51,41,28,34,10,13,18,12,27,37,36,39,36,51,48,78,68,87,22,23,22,32,41,50,87,80,74,51,32,28,36,45,64,91,30,29,51,51,49,,77,40,36,68,58,32,25,15,87,117,67,54,49,53,92,121,185,100,102,144,138,36,48,47,60,25,22,27,23,62,,201,62,54,46,,169,35,34,46,,20,41,25,24,88,94,91,98,33,54,30,53,39,38,39,22,24,32,35,35,60,55,29,37,70,67,33,,32,35,34,15,,44,35,56,73,66,107,161,66,73,129,71,85,73,89,92,84,69,109,89,210,190,148,121,24,56,55,61,103,150,188,177,265,336,317,146,142,42,34,60,29,16,14,23,58,54,52,60,69,51
20160416,10,SO2,2,2,2,2,2,2,2,2,2,3,6,2,,4,11,1,15,4,11,,7,1,6,9,7,10,,13,19,16,17,17,20,20,27,23,20,22,29,40,11,24,13,12,11,14,9,8,7,14,14,15,15,17,11,4,3,10,3,4,8,14,17,7,17,8,4,8,6,12,12,23,9,25,8,6,10,23,37,8,,9,8,11,7,6,14,18,11,7,5,14,6,1,9,8,7,63,38,,28,33,32,21,35,,22,5,7,7,4,2,7,3,10,9,2,36,18,14,8,12,7,8,10,15,15,12,18,28,,15,29,32,14,23,8,14,15,11,10,12,9,7,9,9,11,18,10,10,11,12,12,3,12,6,3,11,9,12,8,8,12,7,9,18,17,24,17,11,15,12,36,23,39,28,41,8,44,19,123,11,20,59,26,9,9,9,,4,8,7,9,9,10,18,20,12,11,,18,19,39,3,4,14,21,20,13,,11,9,12,2,14,10,28,17,4,15,5,7,9,16,4,6,7,,16,6,4,8,8,9,9,,6,9,13,,8,21,12,,17,,,10,,7,11,,7,7,5,4,,,20,31,9,16,20,19,19,19,38,7,10,16,6,6,7,4,6,,10,3,6,9,6,3,5,5,7,33,9,11,37,27,19,22,6,18,30,18,12,20,11,29,,21,18,18,10,24,6,33,18,14,11,4,13,11,14,5,2,16,7,12,10,3,2,3,6,1,7,4,6,7,6,5,10,6,4,8,14,6,8,7,5,4,6,,10,11,10,22,5,6,20,11,7,4,4,5,17,7,16,3,12,3,11,7,4,,3,19,10,12,5,12,6,16,13,4,2,,3,8,22,7,13,6,5,7,4,12,9,5,7,6,2,14,29,10,,8,14,8,10,5,14,8,9,6,6,8,4,9,8,11,9,12,7,20,15,19,9,16,26,12,17,13,,9,16,11,12,18,9,10,,14,11,8,6,6,7,13,7,32,14,6,30,11,87,9,28,14,26,9,11,,6,14,7,34,25,20,19,16,26,16,10,12,7,18,8,22,3,2,5,5,2,8,13,19,8,52,17,9,10,11,8,,2,18,5,8,6,10,6,14,16,20,11,11,6,11,5,,19,2,8,9,7,7,9,7,11,7,16,10,10,3,10,11,26,15,14,23,20,19,19,42,32,11,13,13,12,24,27,26,13,9,41,36,33,6,17,18,8,,7,11,11,,11,23,21,,19,93,60,,31,,13,13,24,15,36,11,11,6,14,4,15,26,,7,,8,28,33,12,15,6,18,11,5,,10,7,8,13,44,13,,18,14,8,7,12,23,6,2,4,5,9,2,8,9,3,10,9,11,4,1,6,,4,11,8,8,10,5,4,8,4,4,4,9,7,9,13,13,18,6,11,5,9,23,24,2,64,76,91,11,11,13,26,18,10,14,15,11,52,48,,31,24,46,12,26,5,20,26,27,23,22,24,32,17,12,8,7,7,7,11,17,14,18,11,,,29,6,16,5,16,18,17,88,23,10,12,52,40,27,48,62,15,12,18,13,16,,9,7,,15,4,11,7,23,15,23,7,15,18,10,11,21,9,10,36,,1,4,2,3,8,8,10,9,8,23,41,24,6,50,55,65,55,48,50,45,8,13,17,13,28,9,7,,10,27,20,13,28,20,32,16,,39,11,30,27,9,12,4,22,14,17,21,28,12,25,13,1,3,24,4,10,3,8,,6,17,8,3,9,12,13,13,,6,10,12,14,15,14,18,26,12,2,2,17,15,29,8,12,20,24,9,24,17,69,122,68,21,9,25,9,8,9,8,7,6,14,15,17,14,7,8,8,16,21,5,7,3,2,,1,48,23,9,14,17,11,5,22,6,14,8,4,9,11,3,3,11,4,7,15,4,6,39,14,15,16,4,4,2,34,,9,107,159,4,1,12,2,2,4,7,3,5,13,19,42,26,4,4,5,1,8,10,6,6,16,5,11,7,13,20,9,8,6,22,14,10,2,17,11,8,11,9,11,,10,14,12,25,10,7,7,11,24,13,10,,6,6,7,6,3,9,12,12,14,10,17,18,17,,,4,3,4,12,10,8,6,12,8,17,11,22,23,18,17,,11,12,13,10,14,28,14,13,16,14,,24,8,7,16,,19,19,5,24,21,16,,19,18,25,58,19,18,7,2,1,10,7,18,25,34,5,5,8,16,4,23,7,6,40,25,18,39,,6,8,7,11,38,21,24,30,20,9,17,8,19,17,12,28,17,3,4,42,33,13,6,10,3,16,14,10,11,10,34,18,4,4,3,2,5,8,7,3,3,3,20,7,,4,10,4,15,22,27,14,19,38,22,10,12,51,12,38,25,3,33,9,,11,,15,19,12,8,21,41,26,33,88,9,28,50,16,4,8,,16,17,,13,9,6,,,,,13,23,15,7,10,8,,,26,7,3,12,9,8,6,8,11,19,4,24,25,25,22,3,5,9,5,8,10,6,9,1,7,7,1,10,7,12,2,6,12,21,25,10,18,8,14,36,46,3,11,45,15,11,10,11,6,16,8,1,5,5,13,4,2,6,1,12,2,8,4,5,14,18,21,33,49,19,20,22,14,27,29,19,6,6,2,7,39,12,9,9,25,20,11,32,,47,38,13,29,29,29,9,15,19,20,3,2,13,7,2,,6,32,17,4,3,25,12,9,51,3,30,12,21,8,1,3,1,2,14,,4,8,1,1,5,14,,21,10,12,15,8,4,23,15,12,5,9,3,79,7,17,7,1,4,5,4,13,,17,7,,26,,11,26,25,15,,16,60,11,12,11,16,20,14,18,15,13,12,3,3,12,8,22,37,13,2,16,13,57,45,10,8,,14,12,22,21,12,17,9,12,38,36,18,33,11,16,4,50,30,25,39,12,25,35,23,44,1,16,7,11,39,17,16,,10,16,3,33,5,3,8,6,8,6,2,5,10,5,51,32,25,42,39,8,3,11,10,17,24,18,14,16,44,9,13,61,9,20,24,10,17,20,36,70,22,25,58,12,5,,15,11,20,5,37,9,15,4,3,16,11,18,98,68,68,60,68,34,34,12,11,5,16,12,9,14,7,18,6,3,10,5,8,10,5,,8,6,19,10,7,6,7,2,5,4,22,18,22,4,33,6,3,2,5,3,13,16,10,8,7,13,19,12,16,11,7,6,,6,7,11,6,,33,22,33,16,20,11,35,64,1,35,33,7,47,4,11,2,8,30,9,2,10,1,3,,6,10,9,14,6,6,1,6,15,7,17,19,8,50,3,7,2,19,17,14,44,41,12,24,13
20160416,10,SO2_24h,14,8,14,14,15,12,13,14,10,9,15,10,,24,31,26,33,23,33,,29,28,24,32,19,29,,33,30,32,37,34,23,36,77,64,62,70,76,84,25,30,15,21,20,27,20,25,137,23,30,29,23,28,32,9,7,14,8,9,17,16,22,23,20,20,20,21,19,62,15,44,23,41,23,25,21,48,52,14,,14,17,13,11,10,18,19,17,12,8,17,7,4,11,10,11,46,24,,22,22,21,21,27,,17,8,20,9,7,6,12,5,17,19,5,25,13,13,8,12,9,11,10,19,14,24,22,28,,13,37,31,26,31,16,41,18,12,11,11,11,9,10,11,12,19,18,17,18,17,18,5,18,12,9,15,10,17,12,9,16,10,11,18,21,28,17,14,19,17,25,29,32,28,28,10,40,20,147,16,33,64,32,13,13,16,,7,12,13,14,12,12,26,17,14,15,,26,23,27,9,14,24,29,24,21,,12,14,7,12,14,9,42,29,12,21,7,7,10,18,6,8,11,,19,6,6,9,9,10,9,,9,10,14,,6,10,11,,9,7,,21,,17,13,,11,12,8,9,,,12,16,8,13,11,15,8,8,16,17,15,33,12,13,15,11,14,10,17,3,4,7,5,4,5,3,5,12,7,5,8,7,13,16,10,13,10,21,23,19,18,33,,27,23,21,11,22,8,32,18,11,12,30,19,16,19,11,7,20,13,17,16,8,7,7,10,9,12,7,10,11,19,8,13,8,5,10,16,8,13,10,6,4,5,,10,12,12,22,4,5,19,7,6,4,5,4,22,7,13,3,6,5,10,6,7,,3,13,7,10,4,17,7,8,5,5,2,,9,7,9,5,12,4,4,5,4,7,8,4,5,6,2,17,32,12,,7,11,8,9,5,10,8,9,5,4,5,5,11,6,6,10,8,6,8,10,12,8,8,9,9,9,8,,10,13,5,9,9,7,6,,9,10,7,7,6,8,9,6,15,9,6,19,9,52,18,13,18,17,6,8,,6,11,7,18,9,6,13,5,11,10,10,10,4,11,7,11,4,6,5,5,3,6,16,13,6,15,28,13,15,27,16,,3,15,9,11,6,9,26,19,30,35,33,12,25,17,11,35,14,5,62,11,8,9,6,8,11,9,16,10,9,4,8,19,22,14,14,24,15,18,13,24,22,12,12,14,11,21,17,15,8,7,29,23,24,6,16,22,10,,23,30,26,,25,53,43,,18,32,35,,23,,17,15,20,16,35,14,11,7,10,5,19,19,,9,,13,28,47,33,43,14,38,10,5,,15,8,10,33,62,37,,30,11,9,10,11,18,8,3,8,8,20,2,11,9,4,11,8,11,3,3,6,,3,8,8,9,10,4,3,7,3,3,3,7,5,8,13,13,10,8,8,5,10,23,25,5,18,28,30,23,28,29,17,21,15,17,19,16,19,17,,21,13,13,7,9,2,10,14,24,22,32,32,43,18,14,10,9,11,9,14,19,27,24,13,,39,24,9,18,8,22,12,23,104,23,11,9,56,93,35,49,59,13,9,14,11,11,,9,9,,22,6,15,9,31,17,18,6,11,15,10,6,15,8,7,37,13,8,5,11,9,8,31,33,32,31,46,37,70,27,40,33,42,36,30,38,26,27,29,29,25,33,16,14,,15,35,29,13,40,18,29,12,,32,23,29,22,11,12,5,20,13,23,19,49,7,18,31,10,9,36,16,17,8,14,,4,10,4,3,24,34,30,19,,6,10,9,12,14,13,15,20,11,1,2,12,11,13,6,8,20,12,9,14,10,80,16,55,10,5,9,9,8,8,7,6,6,8,6,10,6,6,4,6,13,18,5,5,3,2,,3,21,27,8,7,9,7,7,12,9,14,6,2,6,7,2,3,4,6,5,9,3,3,20,5,10,13,5,5,5,27,,9,32,90,42,2,20,2,3,2,7,4,5,17,26,32,33,19,6,6,4,10,11,5,6,13,8,12,9,14,20,14,13,5,20,14,11,3,18,13,12,14,11,14,,15,16,17,32,10,9,7,13,20,16,18,,13,6,11,12,10,12,15,14,4,10,9,15,14,,,7,5,7,14,13,12,13,22,17,34,21,9,11,7,19,,22,18,22,13,28,43,28,20,27,17,,20,11,5,11,,17,15,22,41,27,14,,18,23,5,16,25,25,33,3,2,16,13,14,26,32,8,11,24,14,11,24,4,6,32,31,30,41,,6,7,7,13,24,14,16,17,25,12,25,10,16,15,15,23,11,4,10,34,24,13,8,9,5,10,12,9,10,10,33,9,8,5,5,3,5,13,12,3,4,5,17,7,,8,10,5,12,20,29,15,21,39,19,9,19,26,18,23,28,10,38,13,,24,12,18,25,17,10,30,31,38,41,59,14,57,27,30,13,6,,22,10,5,10,9,9,18,,15,,18,18,15,8,15,10,,7,26,9,10,15,15,10,5,5,10,16,24,14,15,14,14,2,3,12,6,7,9,7,7,2,5,6,1,5,4,9,2,8,16,26,28,27,33,19,42,40,40,3,45,107,43,28,14,17,11,23,16,18,10,18,17,9,9,9,22,29,18,9,4,7,9,22,36,39,46,35,28,30,23,24,40,32,19,20,26,18,21,20,18,17,88,32,25,28,,44,24,16,34,36,40,24,18,24,25,14,2,9,11,2,,7,17,20,11,8,12,8,11,43,34,29,18,24,8,11,12,11,16,11,,5,5,5,4,7,10,,14,10,11,13,9,7,10,24,24,38,27,5,55,21,24,28,9,7,9,5,17,,15,34,,18,,8,15,19,35,,15,61,26,15,6,9,9,3,17,5,5,11,3,4,14,13,16,28,11,13,16,17,47,63,10,11,,11,5,10,11,17,40,10,12,9,14,7,7,6,10,4,11,7,12,8,4,10,11,11,13,2,12,19,8,27,24,16,,14,13,4,31,6,5,6,5,6,4,2,5,6,2,22,20,10,25,30,5,19,10,9,19,10,8,20,10,22,8,6,22,7,7,17,12,12,10,17,27,14,14,29,7,7,,18,6,3,5,15,9,13,3,3,15,6,10,33,27,19,18,27,14,12,6,9,6,10,6,5,14,7,17,5,5,8,4,6,12,5,,20,7,11,11,7,14,4,6,4,3,7,6,4,4,20,8,4,10,7,4,11,10,9,5,5,10,17,7,6,18,10,2,,3,5,10,4,,11,18,15,11,21,11,8,20,1,32,8,2,25,4,19,6,7,12,8,2,8,2,3,,5,6,10,13,6,6,2,10,14,10,8,9,6,12,5,6,3,8,13,8,14,51,14,14,13
20160416,10,NO2,11,11,2,20,22,17,19,18,9,36,11,10,,22,32,16,22,29,20,,28,21,29,14,9,22,,37,22,15,29,34,17,15,38,36,45,49,46,53,20,28,60,38,38,33,38,20,28,27,23,74,17,15,46,10,16,13,7,18,31,29,32,13,21,49,34,32,41,29,36,39,17,11,27,21,26,34,17,8,,8,1,12,8,2,3,19,10,23,9,4,8,25,16,9,22,28,24,,30,60,26,30,39,,35,27,41,7,36,16,17,20,12,24,8,61,45,56,34,49,22,21,23,20,27,36,37,16,,84,97,49,26,106,20,69,33,43,37,43,28,40,29,20,20,9,37,43,50,52,40,54,60,37,49,45,65,55,63,67,56,58,64,46,53,51,60,59,25,32,40,39,69,80,49,48,64,64,54,35,37,31,43,36,50,25,,48,53,38,49,42,30,52,54,22,44,,35,34,30,38,24,41,34,26,62,,26,66,32,42,34,26,38,66,36,34,86,44,11,82,49,85,89,,82,78,46,29,18,14,38,,8,39,30,,56,69,55,,48,,,52,,38,53,,20,15,11,20,,,68,58,40,53,56,59,42,44,49,40,46,30,25,54,73,48,39,,43,7,59,58,63,50,59,18,55,49,32,26,31,23,27,37,13,34,30,51,40,63,41,13,,56,11,21,18,2,42,20,12,10,16,26,49,52,38,50,33,30,45,35,30,17,11,31,26,25,20,8,24,11,25,16,13,10,9,19,26,29,19,13,8,47,38,,35,34,16,49,44,27,42,44,36,46,30,29,33,26,42,12,24,37,34,25,9,,12,46,42,46,31,23,3,40,42,5,1,,2,14,16,17,10,44,32,46,42,28,29,31,27,15,15,30,18,11,,55,40,74,35,36,73,24,22,6,28,20,17,34,18,50,23,41,21,21,29,12,18,59,22,39,37,36,,21,48,42,51,56,56,59,,49,26,14,29,7,14,21,19,14,36,16,34,19,13,13,6,30,21,20,54,,16,39,42,33,32,31,23,28,28,33,19,22,20,,17,36,28,27,12,40,38,34,29,35,14,8,12,18,6,10,12,,55,60,48,68,36,14,14,27,26,16,10,24,29,34,26,,12,16,19,8,12,7,9,8,11,14,15,9,5,5,9,23,27,20,13,14,10,25,13,48,37,20,9,39,21,39,62,62,57,17,53,42,58,45,30,48,50,,9,11,22,,18,42,34,,43,57,73,,57,,13,55,66,30,13,30,40,22,17,23,23,28,,29,,24,34,35,26,25,66,60,28,9,,23,35,39,45,24,26,,19,22,24,13,31,33,43,23,28,31,31,9,5,10,7,16,5,5,15,6,9,,23,22,10,14,14,26,16,15,17,14,23,34,52,39,28,31,33,27,27,20,23,4,4,18,42,44,53,22,17,19,9,12,6,7,6,9,30,40,,26,20,7,31,11,34,9,5,34,18,22,30,9,20,7,13,13,14,14,14,27,33,16,14,,19,29,11,21,6,22,24,16,49,11,10,9,51,56,48,67,76,50,40,45,27,49,,12,20,,27,14,12,23,86,39,67,41,22,18,20,9,16,22,50,25,,31,12,16,19,21,28,25,34,22,22,25,36,2,35,25,1,47,35,22,26,23,35,30,30,46,19,19,,27,37,29,26,19,36,36,25,,27,35,35,25,38,54,32,34,26,31,16,14,24,12,10,5,11,10,8,4,2,16,,14,9,26,7,5,33,25,44,,9,8,21,15,21,16,12,27,14,8,6,38,32,44,36,35,19,24,13,11,23,48,42,41,47,22,17,25,39,17,22,37,31,39,28,51,21,26,43,86,62,22,19,24,33,12,,19,23,15,8,32,31,31,4,39,17,23,8,38,40,50,9,21,27,23,13,27,20,30,26,30,27,16,8,16,5,29,,5,29,40,7,15,4,2,18,39,19,11,11,42,44,54,69,12,12,7,,19,23,15,14,22,28,22,24,38,20,32,19,10,30,21,21,13,16,54,64,45,47,48,,37,45,50,39,36,41,21,26,64,59,60,,39,40,23,47,30,39,34,36,69,61,49,64,108,,,28,17,18,14,8,15,14,19,13,20,17,37,35,37,18,,12,4,11,9,8,14,10,14,8,7,,9,12,22,13,,7,4,15,7,13,20,,14,10,13,13,11,27,16,10,10,21,19,20,5,7,17,17,18,9,2,7,9,5,31,40,23,57,,6,10,18,19,29,32,20,27,22,19,25,23,44,54,42,20,21,61,44,74,73,21,12,26,17,56,41,23,15,37,16,7,2,10,2,25,9,30,24,22,27,18,22,6,,30,26,17,13,45,35,36,22,14,38,24,8,17,80,99,52,40,56,26,,49,,7,39,10,52,38,18,49,51,76,27,54,50,66,2,90,,41,27,,59,61,55,,,,,53,32,13,22,18,33,,,60,46,34,55,45,13,44,27,25,31,37,51,50,48,33,2,25,23,15,16,17,11,6,18,39,30,2,33,30,44,21,2,10,7,27,3,15,28,36,41,27,5,15,16,13,10,6,11,6,4,13,7,16,16,16,13,12,3,12,19,7,16,8,18,28,25,35,45,36,7,23,35,14,46,18,20,15,14,17,11,21,22,23,18,17,50,21,50,,34,38,47,28,29,59,24,21,14,31,16,24,18,15,16,,13,19,18,21,19,20,21,28,30,6,17,9,17,46,9,6,13,5,3,,15,12,13,14,5,12,,12,28,35,22,30,21,3,6,7,5,3,15,15,10,12,20,7,11,14,5,13,,18,24,,34,13,14,15,19,5,,2,12,11,10,13,25,44,29,17,44,29,32,10,15,15,14,22,7,8,23,16,10,16,21,8,12,,20,12,30,25,6,20,10,30,45,43,29,51,24,23,20,31,23,37,27,18,29,27,25,28,8,25,29,31,11,28,20,,21,21,31,40,38,18,20,47,20,9,11,12,40,39,19,21,23,21,21,11,10,19,51,54,15,24,17,30,36,32,29,81,40,51,38,20,20,8,39,15,25,24,18,9,10,,40,50,54,1,13,7,12,19,56,48,32,6,46,51,13,14,26,42,45,46,36,21,19,55,43,9,7,,26,65,22,22,21,25,18,,80,9,16,31,21,11,21,28,19,2,24,12,19,11,16,5,10,9,23,11,5,33,13,19,8,16,18,29,32,11,42,6,,11,16,55,21,,19,13,14,26,9,6,36,34,14,27,22,27,32,3,9,6,12,26,11,10,33,3,6,1,69,67,15,44,31,34,18,21,41,36,91,53,29,38,,30,2,36,47,42,56,24,45,14,53
20160416,10,NO2_24h,39,31,40,48,50,48,61,52,35,53,37,39,,61,60,36,57,53,62,,69,85,52,59,53,53,,47,33,34,39,36,23,23,77,88,65,90,88,85,24,47,70,53,47,42,46,30,55,39,33,79,36,36,51,24,25,21,20,30,26,24,24,24,16,58,51,45,53,66,60,54,27,35,27,50,42,50,38,21,,11,17,18,21,7,24,31,13,27,15,16,16,32,23,13,24,28,29,,26,64,28,37,37,,26,29,33,13,18,20,22,23,16,32,17,59,42,49,37,46,19,17,24,24,42,35,35,28,,82,87,52,29,75,28,52,29,49,39,39,38,41,31,31,24,21,31,36,36,46,31,46,52,29,31,32,42,33,42,40,39,35,41,25,27,22,35,33,24,28,17,35,39,40,24,26,34,41,34,33,36,27,37,34,48,32,,52,54,35,41,37,22,47,35,17,35,,40,39,30,42,27,52,48,18,48,,14,43,23,24,26,23,42,61,32,27,43,45,12,49,22,42,54,,47,31,46,16,17,21,32,,11,25,29,,59,87,56,,14,36,,32,,29,36,,43,24,25,24,,,42,31,25,43,30,34,24,22,26,42,44,21,26,46,70,42,37,9,40,37,57,53,63,49,60,9,49,54,35,26,26,9,27,48,15,34,27,25,25,27,35,15,,32,9,20,18,11,36,19,22,17,15,24,41,51,33,30,23,30,37,30,23,19,31,38,28,31,29,21,25,36,33,19,34,12,25,16,43,40,25,26,17,51,43,,40,45,37,53,50,26,50,37,26,33,28,39,34,17,59,9,16,27,31,26,32,,12,55,51,54,41,36,12,48,50,17,12,,7,20,19,18,11,34,30,39,38,39,16,22,22,12,12,34,28,28,,33,18,47,15,24,47,42,38,6,11,16,11,26,14,35,19,21,19,27,27,24,18,45,23,24,36,19,,29,54,34,39,44,41,44,,30,19,13,45,14,23,15,26,33,51,18,31,17,11,17,6,31,21,16,34,,11,43,18,43,35,49,38,34,40,44,18,29,26,21,23,43,28,28,14,24,31,21,21,28,12,5,23,28,28,31,30,,43,38,40,50,35,14,27,31,33,21,31,27,33,37,22,14,7,12,35,17,16,12,12,13,13,17,17,13,11,8,11,29,28,19,19,14,11,25,13,26,25,17,17,37,34,39,45,49,50,18,31,31,30,32,21,32,35,,24,25,27,,25,38,28,,31,43,41,,36,,13,25,44,22,9,21,29,13,10,13,12,15,,16,,19,26,28,33,24,24,34,20,7,,20,12,19,42,23,29,,25,27,29,19,35,26,22,17,22,20,26,9,6,10,7,17,5,3,10,4,5,,28,35,10,18,14,20,14,13,6,4,6,34,52,47,16,20,24,29,29,30,25,7,9,18,19,28,37,22,24,27,16,24,17,22,14,18,16,32,,31,23,9,28,17,30,8,6,55,44,44,43,28,30,9,14,10,14,15,16,21,34,19,15,,26,33,17,26,12,29,20,25,54,15,12,7,39,49,42,44,48,30,19,32,20,27,,10,22,,24,19,10,15,64,26,43,21,25,23,20,11,22,24,25,19,11,30,18,21,22,43,21,27,24,14,9,35,17,3,46,35,22,45,33,32,34,26,33,28,34,48,21,21,,26,41,37,35,18,26,26,27,,27,30,28,20,41,52,47,37,45,42,34,23,36,25,10,10,17,16,13,13,7,22,,19,18,25,6,8,47,27,44,,10,14,17,14,23,20,18,29,14,8,6,22,25,28,22,13,18,24,21,19,10,45,12,33,27,6,5,20,22,15,18,16,21,25,20,38,19,12,25,24,36,20,19,33,41,21,,29,14,8,17,29,32,40,12,28,22,21,6,34,38,41,9,21,35,40,25,31,34,43,22,42,38,31,9,14,9,20,,7,18,27,19,14,6,2,13,12,32,20,19,22,31,24,31,18,16,8,4,27,26,13,13,22,33,16,23,29,10,16,8,7,22,9,11,10,12,38,48,34,33,33,,35,36,49,41,40,38,23,20,37,31,43,,24,28,21,43,32,17,15,25,46,37,29,47,56,,,27,24,14,15,10,13,14,24,17,22,19,40,39,33,8,,15,8,14,13,22,25,17,19,23,13,,16,22,23,7,,8,3,27,21,30,20,,14,10,10,9,20,31,25,9,10,20,23,20,19,27,22,22,29,7,4,8,9,4,35,41,34,53,,6,11,18,18,29,41,15,33,19,17,22,24,32,35,35,23,27,24,29,36,44,33,20,28,18,40,34,28,10,17,19,7,2,12,2,34,13,32,34,17,21,12,17,6,,35,28,17,10,30,49,24,21,12,30,21,11,11,64,11,40,28,33,19,,25,31,18,31,9,22,27,33,29,38,53,39,39,30,65,10,49,,35,26,10,31,42,33,29,,25,,56,24,15,24,18,30,,17,55,35,37,24,35,27,40,21,39,20,31,28,28,30,19,2,18,19,14,34,49,46,22,25,48,42,3,9,4,20,13,3,17,10,18,14,15,18,32,33,21,8,24,21,25,21,6,13,11,11,16,14,17,23,20,23,19,3,28,24,13,14,11,16,11,20,21,36,31,34,34,44,19,41,18,22,29,36,29,26,21,29,32,21,24,47,19,23,,19,18,22,22,25,50,22,21,14,32,35,28,20,14,29,,16,12,15,16,19,18,15,23,22,33,26,24,27,46,22,17,14,10,3,,11,8,9,14,5,26,,25,22,33,20,31,28,5,14,12,19,14,14,31,28,23,38,11,13,15,5,15,,25,26,,33,4,14,15,13,4,,16,14,12,19,6,12,25,19,15,30,18,28,7,14,17,18,18,16,10,21,24,12,15,21,12,24,,15,15,30,38,8,16,12,17,17,32,21,28,14,18,12,29,15,19,20,11,21,26,22,20,9,24,22,20,6,26,17,,18,21,32,33,40,27,15,45,17,12,3,22,32,28,7,8,14,11,13,9,9,17,36,30,9,12,9,10,22,13,16,27,20,27,21,14,14,11,16,17,14,12,12,10,22,,31,12,9,3,10,7,8,14,24,28,16,3,24,32,13,14,17,21,21,38,24,15,13,38,34,8,7,,23,14,13,16,17,19,9,,23,6,9,20,13,12,21,28,22,22,35,24,25,9,18,8,12,15,22,12,4,33,24,20,11,14,13,28,29,17,41,6,,10,23,60,25,,8,8,11,26,9,4,13,13,14,18,28,30,52,8,16,13,19,31,32,13,17,4,4,4,40,35,9,28,33,38,20,47,49,45,25,34,26,17,27,12,3,14,24,17,21,26,53,14,63
20160416,10,O3,69,74,70,65,57,62,70,57,52,47,69,77,,67,64,24,72,57,84,,59,65,59,70,46,80,,70,27,10,69,62,38,84,56,64,47,54,49,51,114,108,115,133,125,60,47,62,63,72,61,72,53,63,30,88,85,81,87,76,67,78,75,71,66,37,42,45,53,62,74,60,64,73,59,84,62,58,56,51,,55,59,50,44,54,86,71,82,93,103,71,75,74,74,78,81,118,121,,128,68,119,115,106,,122,98,78,112,80,118,114,111,116,104,108,67,64,54,73,60,88,89,76,94,116,36,30,111,,30,12,74,51,24,59,19,55,90,84,71,102,58,85,99,96,97,32,28,40,34,37,41,19,43,55,38,19,41,29,30,37,44,35,39,44,43,12,38,93,85,59,87,17,14,18,36,22,26,27,5,27,29,38,58,54,53,,46,53,65,29,47,42,51,28,50,35,,45,47,5,46,24,43,47,38,23,,30,18,53,43,51,70,32,21,40,28,7,10,44,20,6,3,8,,20,2,11,63,81,98,76,,103,68,66,,28,24,36,,31,,,20,,40,40,,86,74,87,79,,,12,15,13,12,53,11,28,28,34,20,7,28,34,20,24,30,89,42,32,51,25,32,67,35,14,27,31,18,31,42,32,53,21,28,66,42,54,20,29,21,27,26,,31,38,136,130,118,99,121,148,100,111,119,58,31,54,15,47,27,28,34,44,49,73,55,54,49,77,46,58,75,,48,96,72,83,64,70,69,65,77,73,5,4,,7,3,20,4,10,18,2,6,21,29,33,28,25,23,69,48,56,41,28,51,50,,55,8,10,5,22,22,42,7,4,35,35,,44,37,31,26,27,11,15,13,6,21,35,30,41,37,46,19,33,44,,51,52,28,46,59,43,89,71,92,87,61,55,67,57,45,46,36,57,56,49,70,39,26,63,41,63,37,,67,90,25,23,22,29,26,,30,30,91,88,96,88,81,95,100,101,100,100,107,108,115,102,111,80,83,60,,94,64,65,44,46,55,51,44,36,48,60,41,57,43,48,48,71,67,135,63,67,50,33,45,67,82,58,53,90,68,57,,6,13,29,16,51,21,77,56,63,76,85,66,67,73,57,,109,64,72,56,82,74,84,71,80,93,81,80,62,94,86,124,109,114,114,114,154,114,115,91,114,136,128,95,60,120,8,3,13,35,48,55,67,27,41,53,40,,83,82,45,,68,31,21,,15,61,23,,18,,52,37,51,35,69,72,68,92,78,86,88,60,,73,,75,38,37,44,86,29,44,80,122,,71,92,70,78,89,83,,35,30,10,42,27,19,30,56,43,42,45,60,43,61,78,72,33,64,62,58,62,,30,37,66,62,64,33,35,36,42,29,36,9,4,15,43,36,38,34,32,41,57,48,11,55,56,38,48,53,40,42,87,80,79,86,89,67,57,72,,82,42,62,34,32,37,51,31,52,56,64,56,80,73,93,81,54,53,107,88,93,100,129,128,,141,129,143,110,145,131,128,129,92,124,158,152,93,103,107,81,84,97,88,96,111,82,,130,66,,52,94,88,10,19,20,1,17,64,72,80,91,87,13,59,107,,42,24,48,48,14,18,15,11,15,16,31,25,103,33,39,43,27,33,65,43,69,57,68,35,51,65,56,,44,41,62,30,62,44,51,28,,54,18,47,57,48,28,49,40,65,65,72,59,74,80,109,94,102,100,72,63,66,72,,32,73,56,79,71,95,85,62,,64,103,39,110,88,80,90,88,85,68,74,9,9,14,7,26,37,42,73,63,49,37,43,63,72,66,43,54,35,13,32,31,46,13,24,16,12,43,33,44,22,35,49,81,113,91,,98,86,75,81,30,39,41,108,81,86,71,66,47,40,45,61,35,26,32,52,25,36,29,57,64,61,55,107,105,80,66,,84,71,69,85,87,94,55,91,28,73,76,106,35,55,23,12,90,86,143,2,120,122,123,133,108,100,134,104,100,125,79,57,63,81,83,89,76,94,33,25,39,50,52,,49,,40,47,71,64,24,4,18,22,46,,80,32,,29,23,,54,27,60,22,46,20,6,,,84,58,69,68,72,69,67,59,65,67,65,19,18,64,86,,37,23,98,79,78,74,85,72,72,69,,75,78,33,37,,29,25,80,111,89,33,,27,88,79,72,46,29,71,87,90,84,87,72,89,46,47,70,71,106,84,40,121,117,64,92,60,39,,146,134,96,101,197,110,108,156,64,57,43,32,81,64,74,129,141,78,98,8,5,43,48,60,62,51,53,70,42,36,54,30,69,67,61,79,55,50,74,81,65,73,73,18,,19,15,18,36,43,83,64,71,,42,44,90,70,25,115,80,35,8,44,,14,19,,11,28,12,27,12,52,2,68,36,73,20,26,2,16,,58,86,,55,23,59,19,,20,,124,13,60,52,59,94,,19,111,18,21,51,43,50,12,24,37,35,16,5,6,4,14,,37,44,43,32,44,39,50,50,53,35,62,20,31,29,62,88,86,66,66,58,110,26,53,82,73,111,73,66,83,90,48,49,53,49,50,79,72,83,63,82,40,,97,84,91,76,91,81,62,58,42,32,40,58,53,56,64,61,70,60,72,86,68,92,90,76,80,79,79,66,66,38,,28,36,30,23,30,33,26,55,55,59,59,62,84,29,63,,49,57,100,60,74,61,67,73,73,81,57,67,43,59,83,76,76,97,81,,72,82,56,65,63,50,,57,36,42,57,42,30,85,81,83,86,87,101,82,86,73,85,94,64,80,62,64,,94,66,,76,58,56,54,49,65,,84,87,73,79,51,38,46,107,22,23,46,67,39,18,83,92,86,65,58,50,78,53,56,53,61,54,,26,56,49,104,88,13,83,80,31,39,45,48,24,54,24,50,67,48,57,60,15,22,21,24,54,16,15,18,63,54,58,,48,51,16,39,90,59,22,183,13,55,47,49,22,20,45,51,65,50,53,32,52,48,14,53,68,54,51,41,50,81,29,88,119,11,71,74,78,69,6,30,67,82,88,103,94,,19,28,16,87,94,76,47,,22,94,17,1,62,75,127,133,123,92,90,23,59,59,53,9,14,53,20,69,47,76,76,58,72,80,91,,28,17,37,43,37,22,30,17,25,93,87,48,86,18,42,53,106,93,96,70,40,30,50,97,92,63,94,56,65,90,102,45,,66,84,72,51,,65,63,84,70,107,80,69,82,9,54,61,53,53,37,97,63,38,33,79,112,92,48,47,133,10,14,25,2,67,137,101,101,45,92,23,40,67,72,,40,99,70,41,36,21,51,35,77,3
20160416,10,O3_24h,146,96,149,168,158,136,130,101,84,68,144,137,,155,171,53,196,191,197,,171,128,190,142,106,206,,156,114,165,139,130,91,188,146,150,132,144,157,149,188,172,201,194,213,229,178,220,215,178,146,161,141,159,99,133,151,127,146,99,182,162,200,168,185,112,164,198,203,184,246,238,208,222,203,216,167,194,155,112,,90,117,110,104,117,114,164,155,95,118,71,89,92,90,88,94,153,152,,177,81,156,144,137,,175,150,138,138,143,159,158,154,150,141,127,134,115,108,137,113,131,151,135,128,151,110,152,116,,63,43,74,81,73,82,64,98,134,134,140,176,134,140,163,155,141,162,138,202,170,216,175,151,177,155,140,120,145,126,147,149,146,136,140,139,122,37,127,198,191,143,188,195,186,190,171,120,187,163,199,121,133,151,132,165,140,,118,173,172,100,148,143,164,124,137,125,,106,123,74,107,137,134,135,195,120,,159,134,147,141,142,142,116,83,144,115,136,118,131,165,148,139,130,,181,142,120,123,127,136,135,,146,137,104,,78,47,82,,130,82,,180,,158,158,,152,128,142,115,,,100,105,113,104,126,103,125,127,96,116,121,107,170,140,127,123,173,165,133,67,47,91,122,100,106,94,78,79,57,83,70,131,56,41,72,73,104,176,202,203,170,219,,187,209,137,141,118,111,133,150,100,120,148,237,144,239,195,210,150,166,161,254,96,121,112,103,114,138,100,122,108,64,63,111,96,89,80,82,77,77,86,100,21,18,,14,21,22,14,25,43,11,36,87,97,99,85,93,81,77,91,124,128,77,87,52,,60,20,24,14,40,23,45,13,13,146,46,,51,37,46,32,30,51,49,51,52,47,97,71,79,97,118,44,46,46,,104,124,66,88,117,126,137,111,113,157,75,96,101,69,93,70,101,71,86,110,113,69,78,92,104,81,116,,74,118,93,89,95,80,85,,78,93,160,138,160,145,165,148,146,160,152,119,118,132,137,129,129,103,148,178,,166,164,161,56,57,64,63,56,48,57,74,56,64,70,63,65,103,103,135,90,84,99,117,83,124,371,99,87,125,96,84,,20,42,90,49,109,40,82,60,73,90,102,82,94,90,74,86,183,77,77,56,118,107,118,98,112,128,96,100,89,108,110,168,152,158,152,131,166,135,136,176,222,215,152,131,88,152,68,80,51,69,206,202,210,134,147,182,172,,243,261,148,,219,156,90,,120,236,181,,136,,147,206,174,170,218,162,149,182,137,178,119,187,,214,,190,192,158,193,233,215,247,123,155,,109,159,158,252,228,235,,61,57,24,88,45,94,124,118,120,115,97,94,67,119,108,111,112,78,89,76,89,,60,66,128,126,128,56,53,56,73,54,75,25,22,18,105,70,93,78,90,83,109,58,12,94,134,65,91,138,158,169,121,100,91,107,115,92,142,189,,174,126,108,83,73,77,116,60,139,127,129,159,155,157,137,131,85,126,164,113,154,134,167,171,,153,141,165,114,163,141,177,142,129,127,173,189,157,143,196,178,169,148,139,139,148,145,,170,107,,107,139,135,94,98,93,77,129,102,114,124,112,127,130,106,113,93,161,91,151,174,133,66,46,64,47,59,77,87,112,149,136,170,125,166,179,131,210,208,181,93,208,191,177,,168,162,244,128,219,167,167,87,,131,146,132,137,75,52,62,55,69,86,89,74,104,100,134,132,139,140,78,68,70,127,,40,78,75,110,72,95,90,83,,140,262,115,156,131,105,134,133,134,82,93,101,86,83,85,49,58,57,98,76,96,71,107,138,137,132,101,116,75,39,55,104,77,57,94,66,41,76,57,58,55,88,84,83,113,91,,98,145,131,90,61,61,70,119,127,91,125,99,85,97,98,99,69,61,60,90,83,90,62,61,80,78,159,113,119,89,99,,118,126,116,115,150,109,70,138,62,91,88,117,167,236,224,352,109,89,154,155,122,122,144,143,182,184,185,143,179,199,199,144,84,103,124,126,100,118,126,146,143,148,155,,128,,126,75,151,138,85,16,163,137,136,,245,135,100,150,129,,144,79,129,120,105,75,104,,,121,77,69,164,161,186,199,168,172,179,180,59,63,103,88,,99,64,220,198,149,148,139,129,144,160,,158,161,73,72,,63,52,136,168,141,85,,49,122,118,99,95,99,136,90,94,124,123,104,101,60,94,110,116,136,125,42,125,117,115,141,98,77,,183,167,134,134,219,117,123,189,130,139,87,55,134,108,121,133,148,120,118,125,72,94,98,108,125,98,98,106,80,40,98,102,107,105,97,112,84,64,82,116,84,106,85,18,,113,102,112,61,124,166,82,96,,106,75,90,86,337,115,110,196,200,200,,144,133,109,167,156,155,210,210,115,92,110,60,113,113,31,37,54,,88,86,94,223,118,154,91,,78,,256,91,84,106,174,94,,141,265,97,75,89,70,61,94,103,99,97,26,78,79,76,78,,105,127,99,47,59,62,65,76,92,69,133,81,110,100,112,88,86,67,83,58,110,52,117,82,77,111,81,88,88,90,91,90,92,94,101,119,77,83,69,88,40,,97,84,91,76,91,81,66,94,117,88,86,176,182,172,196,187,218,174,144,191,146,205,269,170,179,161,185,159,177,146,,141,146,169,177,181,181,194,149,169,176,95,112,129,41,98,,69,105,145,119,132,116,134,129,123,113,92,92,75,95,135,129,164,196,96,,101,104,109,130,129,52,,67,64,57,71,64,38,85,81,83,86,87,119,92,106,83,97,94,108,127,90,81,,99,72,,85,77,97,65,72,72,,84,87,76,79,51,54,60,208,94,117,160,97,45,47,115,120,111,103,111,108,130,111,107,105,144,150,,58,97,102,168,140,262,149,144,101,98,108,128,38,87,47,89,104,98,101,102,88,87,95,93,91,104,102,83,96,73,83,,75,69,62,74,94,62,38,188,19,83,221,74,46,59,80,84,86,78,87,66,219,111,28,91,151,146,138,142,138,117,47,134,169,18,156,135,136,119,41,81,107,142,150,153,100,,90,141,121,131,145,94,72,5,89,172,46,63,101,130,146,163,156,164,156,98,190,96,91,148,176,93,48,103,80,149,157,101,130,121,130,,87,22,70,135,124,77,81,79,80,117,123,63,119,56,86,97,117,127,118,78,99,86,84,108,101,79,121,95,93,110,113,58,,77,99,94,91,,109,101,139,116,146,112,142,112,60,86,102,85,82,64,105,72,57,45,103,157,176,59,57,134,45,48,118,111,133,200,135,152,84,166,124,71,98,117,94,113,107,107,156,150,84,81,54,160,15
20160416,10,O3_8h,44,64,56,43,43,38,35,38,33,38,40,61,,68,76,25,77,79,82,,66,62,69,74,36,82,,75,19,10,70,62,38,97,58,52,49,39,44,44,123,74,102,118,119,60,51,60,61,72,60,67,50,60,37,79,79,78,81,68,63,70,84,71,52,45,43,52,59,58,70,66,61,65,63,73,58,66,48,31,,48,15,27,25,39,41,46,71,83,92,59,70,72,68,74,67,94,100,,113,56,105,91,99,,120,111,106,121,106,130,126,123,125,112,105,66,62,41,79,63,86,111,76,82,88,49,32,84,,24,15,47,39,30,52,32,48,95,94,79,108,71,95,103,109,102,39,34,56,34,46,48,28,42,62,53,44,63,56,56,55,72,60,65,68,65,17,61,114,110,88,109,46,50,45,36,39,46,47,10,36,40,46,77,64,55,,41,55,88,35,64,56,61,47,57,48,,45,54,9,57,31,53,60,60,35,,48,39,84,80,80,97,42,27,49,31,27,15,44,47,18,20,15,,46,48,8,94,95,112,96,,119,95,86,,19,7,31,,61,,,48,,70,69,,27,48,43,89,,,27,33,24,12,59,15,28,25,20,38,15,31,38,31,28,29,95,54,48,48,21,22,47,25,7,26,41,24,13,20,30,29,4,6,43,22,54,54,56,62,60,68,,60,61,131,133,114,104,122,144,91,117,128,69,41,64,46,61,34,45,43,71,31,40,30,32,23,50,26,29,42,45,33,72,46,62,50,53,50,50,54,55,12,10,,9,3,17,9,16,28,6,22,49,62,59,50,56,40,63,45,72,63,45,59,45,,52,12,15,8,28,16,39,8,6,50,39,,42,30,29,24,26,24,36,28,26,30,47,44,50,55,60,30,38,41,,46,54,29,53,54,37,35,36,95,85,54,50,59,63,49,35,44,58,49,40,56,45,28,57,45,58,48,,53,68,16,22,18,25,23,,23,63,75,84,91,75,79,92,95,97,89,92,95,95,92,99,95,68,89,80,,102,42,77,24,30,27,36,24,22,24,44,27,54,38,30,21,60,57,127,64,59,57,37,46,60,75,44,28,39,54,26,,2,3,18,7,41,17,49,40,47,52,57,46,47,50,37,37,107,48,42,43,78,75,77,65,78,86,70,70,53,79,76,121,96,112,102,110,140,109,107,91,109,124,124,86,63,103,9,3,9,34,70,68,87,44,57,78,63,,74,73,44,,56,27,18,,19,45,42,,26,,62,69,58,42,88,91,96,111,94,101,105,87,,99,,80,39,38,46,76,63,66,91,126,,80,126,99,79,89,74,,44,35,13,36,37,40,60,69,54,73,64,54,37,50,66,62,25,64,60,52,60,,11,18,72,68,70,41,44,42,50,36,49,19,13,15,60,47,53,40,35,39,60,41,10,46,41,14,16,73,56,56,72,67,67,67,79,57,56,73,,75,37,53,34,21,32,42,20,34,29,55,29,57,69,82,80,53,52,102,82,96,95,120,116,,122,115,137,92,137,110,106,110,62,113,149,143,91,104,94,92,101,114,113,108,124,105,,146,63,,50,82,84,18,18,21,6,23,49,69,74,86,84,9,54,90,40,52,27,52,57,31,17,14,15,18,28,24,35,83,24,37,41,21,27,63,39,85,66,79,41,49,78,71,,57,34,41,18,71,62,68,37,,45,13,44,48,58,38,47,41,63,68,69,60,60,61,90,73,84,82,63,57,60,64,,22,54,35,86,46,48,43,28,,45,70,32,101,81,64,81,79,78,67,72,10,10,8,8,35,32,42,55,60,48,23,41,32,42,53,48,56,46,8,42,36,45,14,28,16,6,56,16,12,20,32,52,71,105,86,,87,91,82,51,16,31,18,36,21,64,56,28,22,12,18,67,25,12,13,23,12,20,8,45,37,40,28,92,97,54,57,,78,66,54,58,82,89,55,98,30,43,54,87,68,86,50,43,78,78,146,2,114,112,128,136,118,101,133,102,119,138,110,80,68,85,98,100,86,103,55,48,54,71,79,,70,,69,61,71,78,28,4,48,47,68,,96,45,29,27,27,,72,34,64,28,48,23,38,,,84,55,49,70,75,74,70,59,61,66,61,16,10,64,56,,36,21,90,79,43,48,61,49,31,48,,64,59,29,34,,23,19,85,109,88,8,,18,87,77,67,43,30,67,84,91,71,69,62,85,43,52,74,63,89,76,37,108,107,54,85,59,47,,139,126,91,93,156,81,98,119,64,62,47,33,79,62,72,115,127,95,100,30,28,65,75,58,60,36,46,42,50,33,55,46,69,67,59,68,37,33,56,29,62,74,24,18,,34,16,23,43,56,75,46,57,,37,29,37,51,35,74,83,62,32,66,,28,36,,22,30,47,56,62,68,4,60,28,72,29,15,13,21,,61,50,45,69,31,62,16,,19,,90,24,64,43,58,82,,26,120,11,16,48,43,44,13,17,25,36,12,9,12,6,20,,51,60,55,27,32,39,35,29,26,17,32,49,66,56,69,63,34,29,26,25,56,22,56,46,41,64,51,48,55,58,58,59,60,59,59,65,61,63,50,47,23,,52,51,60,52,55,52,49,39,30,27,31,39,50,53,68,68,74,62,62,72,60,80,70,60,56,61,64,52,53,64,,48,56,60,58,71,77,65,64,66,70,17,26,49,17,26,,38,53,91,67,79,64,76,46,50,38,56,60,42,56,69,65,55,67,52,,51,55,61,70,69,30,,32,22,33,36,31,23,49,46,48,52,53,84,68,73,60,72,67,62,69,59,60,,69,52,,59,54,49,47,44,56,,45,44,48,39,26,22,35,107,22,15,31,60,33,16,72,71,80,41,33,37,46,40,39,37,35,21,,27,36,13,46,93,14,68,82,50,41,43,53,15,44,24,37,44,46,47,50,15,23,27,26,36,15,27,28,54,42,50,,41,17,14,41,62,57,10,184,8,67,79,30,15,5,41,40,54,41,52,25,41,34,14,46,57,45,56,41,49,74,23,84,109,7,84,77,80,64,7,20,72,93,92,93,83,,45,28,47,86,87,80,56,,22,58,19,,39,42,76,53,72,49,56,7,44,62,45,4,8,45,15,69,45,74,80,62,81,79,90,,29,18,43,48,46,26,15,6,13,50,49,31,61,21,38,38,98,80,84,61,32,16,23,75,74,55,84,25,32,68,66,52,,61,33,22,31,,75,65,56,46,101,77,60,71,10,43,20,21,13,44,82,47,24,14,33,93,87,51,49,102,12,14,32,7,75,138,83,73,25,46,72,53,62,79,,39,100,95,65,77,14,23,31,70,7
20160416,10,O3_8h_24h,105,83,106,115,109,91,80,76,59,55,95,108,,102,118,37,116,121,127,,117,103,155,91,68,154,,122,86,139,115,103,71,159,132,121,113,117,117,128,166,132,159,164,172,181,139,174,175,143,126,130,116,131,86,111,115,101,114,81,155,143,174,150,164,77,103,116,131,148,205,196,188,193,180,172,127,150,120,80,,79,97,93,73,98,101,128,99,89,102,61,83,82,76,82,88,139,133,,160,65,137,129,123,,156,139,123,131,140,151,148,141,145,130,108,118,107,95,121,101,112,129,116,108,112,69,101,110,,58,39,60,76,64,76,53,88,118,120,116,140,118,126,138,145,131,152,131,187,158,196,161,143,165,145,125,100,123,110,127,126,131,124,135,135,114,34,117,175,171,134,166,182,171,177,114,113,171,145,91,112,120,131,125,153,119,,103,156,158,91,135,130,148,111,125,113,,103,113,60,89,96,114,115,192,104,,139,118,141,136,135,139,108,70,133,93,119,104,118,145,123,122,114,,150,126,102,106,116,118,121,,135,122,95,,63,39,68,,116,74,,151,,134,139,,124,112,111,107,,,81,91,85,86,116,91,105,113,85,113,108,99,153,123,113,111,99,150,126,95,52,92,125,103,107,104,87,125,57,84,79,112,68,54,73,59,104,168,187,187,156,184,,174,198,131,137,114,106,126,146,94,118,138,213,131,214,178,185,131,152,146,225,82,101,97,84,99,115,88,99,100,64,49,84,77,68,67,60,56,64,70,75,14,13,,9,9,17,9,18,41,6,30,82,92,79,77,75,78,68,78,118,112,68,81,47,,53,12,16,9,29,16,39,9,7,53,42,,45,32,29,27,27,42,44,44,42,38,89,68,75,88,109,35,42,41,,91,102,53,82,102,103,115,95,102,143,66,90,86,67,59,56,70,65,62,83,72,46,53,59,74,63,67,,53,87,64,72,70,59,67,,61,68,132,122,144,123,148,131,120,132,111,111,111,126,123,121,120,94,141,162,,161,151,153,68,84,105,66,66,53,78,70,53,57,68,81,66,84,77,131,79,76,86,63,78,116,174,90,80,118,82,79,,15,39,75,45,96,38,66,46,56,75,80,63,67,64,57,69,173,58,55,44,106,90,108,89,101,121,85,95,82,105,105,157,142,151,136,126,156,127,129,157,189,202,136,122,75,140,91,92,73,73,182,179,180,118,129,162,157,,195,208,138,,204,131,77,,99,212,164,,113,,129,184,148,150,186,133,127,151,114,147,114,156,,182,,162,174,141,172,207,190,212,112,150,,96,150,141,196,190,195,,59,55,16,77,42,95,118,121,124,125,103,79,56,70,94,93,42,73,80,69,81,,54,55,117,111,118,53,47,51,67,48,67,21,15,15,106,67,97,79,84,83,111,50,11,72,117,58,81,138,151,162,108,88,83,92,121,76,137,175,,156,119,92,73,65,76,99,52,85,91,96,114,111,125,125,119,80,104,139,102,129,115,151,156,,140,129,153,106,155,137,161,136,104,121,166,176,139,127,171,150,153,138,131,132,136,131,,156,93,,95,124,122,83,82,76,64,116,92,104,114,105,114,68,102,90,79,149,80,145,161,125,58,41,65,46,64,63,89,83,87,99,114,84,113,134,87,179,177,157,79,171,172,161,,150,149,226,118,200,145,151,80,,108,129,118,119,58,38,47,41,63,68,69,60,83,79,118,112,114,125,64,60,60,66,,31,70,55,114,46,66,68,54,,123,182,106,140,107,90,108,110,118,77,88,85,64,70,69,44,48,47,81,71,79,60,105,122,134,98,75,79,64,29,46,91,64,45,80,55,36,66,37,36,46,68,74,71,105,86,,87,136,126,91,51,61,61,105,112,84,97,90,80,90,90,95,64,54,55,84,75,71,56,54,53,54,156,110,116,85,92,,109,119,108,111,134,105,65,130,59,77,77,108,149,200,204,214,92,80,148,147,114,113,136,139,168,164,179,138,160,178,192,140,80,99,119,122,93,112,111,127,130,117,120,,110,,104,84,122,111,78,13,133,114,124,,224,117,79,132,112,,138,72,122,67,84,53,82,,,110,72,63,139,136,158,155,155,161,167,167,64,75,96,62,,86,56,170,179,123,120,119,110,123,132,,134,136,69,68,,63,47,114,141,123,84,,46,118,113,97,92,90,128,86,91,118,116,99,97,53,83,96,104,132,119,41,118,112,86,124,86,72,,174,153,118,122,208,110,120,167,121,105,80,52,118,95,109,117,139,111,103,91,44,81,88,96,111,87,89,94,77,37,91,93,94,95,82,108,77,60,82,110,80,91,81,18,,105,89,112,58,117,142,78,91,,87,64,84,78,292,74,98,178,172,187,,135,126,99,151,142,119,183,182,82,63,90,56,103,102,27,35,21,,80,76,89,154,94,147,81,,71,,184,74,86,96,158,82,,112,181,88,43,74,63,59,82,91,106,108,24,80,80,78,77,,110,126,102,30,42,40,51,56,68,53,109,81,111,103,113,63,57,56,68,39,92,40,56,71,61,67,73,78,78,75,62,64,64,63,66,119,61,63,50,47,28,,52,51,60,55,57,60,58,82,102,81,79,148,146,146,170,162,190,150,128,170,129,187,204,155,160,150,169,147,161,138,,130,134,155,155,158,163,169,139,159,167,84,105,116,38,91,,60,94,129,105,116,102,120,120,112,95,76,75,65,72,122,114,104,130,88,,90,94,98,122,119,42,,53,50,42,57,47,25,64,61,66,54,56,97,72,83,65,73,67,89,101,78,84,,69,52,,59,77,74,57,53,64,,67,67,63,63,28,40,73,167,69,108,128,85,42,38,104,109,101,93,104,99,117,99,93,88,118,130,,54,80,83,143,121,200,133,130,99,88,102,124,34,72,41,77,86,81,83,88,62,60,65,66,72,79,66,71,82,59,68,,60,44,38,61,73,59,26,184,16,77,106,60,37,42,71,77,78,70,82,63,119,105,25,67,144,140,128,136,130,109,44,98,158,15,140,128,125,107,30,76,85,116,141,143,83,,68,136,116,128,142,92,78,5,74,161,42,56,96,115,142,159,153,160,147,89,165,92,86,119,148,98,55,96,62,142,153,98,122,115,125,,85,23,61,126,113,67,76,70,69,104,101,51,103,52,70,84,98,108,108,75,95,76,73,103,97,71,112,89,88,101,106,55,,75,93,85,86,,102,96,135,84,138,109,138,99,44,75,95,78,76,51,103,64,56,45,98,149,167,56,55,123,40,44,109,101,128,190,124,140,76,153,102,66,89,109,94,105,102,103,132,129,79,78,62,151,7
20160416,10,CO,0.3,0.2,0.7,0.4,0.3,0.4,0.3,0.3,0.2,0.4,0.3,0.3,,0.429,0.71,0.876,0.774,0.412,0.691,,0.756,0.887,0.731,0.447,0.606,0.506,,0.391,0.455,0.278,0.515,1.733,0.262,0.518,1.339,1,1.793,1.503,1.603,1.965,0.594,0.644,0.634,0.718,0.77,0.789,0.412,0.704,0.429,0.503,0.507,0.403,0.451,0.213,0.614,0.06,0.318,0.325,0.459,0.559,0.32,0.49,0.275,0.336,0.475,0.285,0.106,0.426,0.446,0.802,0.579,0.525,0.324,0.252,0.399,0.364,0.308,0.564,0.52,0.382,,0.296,0.276,1.088,0.448,0.984,0.617,1.145,0.617,0.279,0.862,0.78,0.236,0.304,0.513,1.288,0.82,0.959,0.91,,1.322,0.733,0.935,0.796,0.762,,0.932,0.584,1.175,0.729,1.022,0.871,0.573,0.754,0.673,0.995,0.306,0.906,0.805,1.04,0.901,0.883,0.848,1.034,0.925,0.78,0.888,0.402,2.472,0.885,,1.507,1.491,0.97,1.825,1.841,1.549,0.975,0.757,0.38,0.458,0.642,0.385,0.75,0.379,0.328,0.562,0.57,1.457,0.831,0.662,0.208,1.094,1.116,0.733,0.446,0.749,0.636,0.991,0.759,0.926,0.712,0.628,0.927,0.988,0.62,0.722,0.629,0.881,0.406,0.796,0.87,0.768,0.85,2.13,2.666,2.536,1.211,2.136,1.697,1.657,1.356,0.657,1.055,0.951,1.033,1.317,1.405,,1.738,0.868,0.57,2.381,0.697,0.661,0.858,2.452,0.692,0.631,,0.559,0.56,0.73,1.132,1.122,1.112,0.743,1.354,2.055,,1.873,1.214,0.674,0.726,0.892,0.798,1.628,1.272,1.851,1.707,0.801,0.904,0.345,0.548,0.624,0.918,0.992,,0.928,0.917,1.169,0.628,0.494,0.61,0.786,,0.503,0.678,0.765,,0.964,1.028,0.892,,0.604,,,0.736,,1.44,0.678,,0.622,0.568,0.813,0.365,,,1.068,1.057,1.43,0.839,0.955,1.165,0.811,0.783,0.649,0.976,1.095,0.935,0.809,1.212,1.223,1.718,1.033,1.182,1.815,0.474,0.527,1.084,1.093,1.146,1.198,0.783,1.104,1.041,0.81,0.723,1.016,0.933,0.802,0.764,0.886,1.105,0.824,1.758,1.567,1.621,1.556,1.695,,1.484,1.22,0.637,0.659,0.665,0.598,0.434,0.445,0.223,0.878,0.498,1.643,1.275,1.775,0.958,1.244,1.522,1.142,0.836,0.953,0.527,0.427,0.756,0.627,0.704,0.81,0.672,0.65,0.494,0.624,0.376,0.76,0.622,0.648,0.626,0.488,0.48,0.357,0.697,0.671,1.047,1.441,,0.769,0.738,1.056,1.194,0.95,0.748,0.808,0.921,0.469,0.719,0.586,0.911,0.557,0.752,0.598,0.643,0.608,0.816,0.811,0.63,0.641,,0.7,0.636,1.115,1.173,0.767,0.883,0.374,0.815,0.95,0.788,0.617,,0.498,0.604,0.751,0.554,0.593,0.969,0.688,1.013,0.76,0.553,0.759,0.772,0.688,0.69,0.289,0.934,0.719,0.426,,1.269,1.144,1.296,1.273,1.238,1.262,0.935,1.011,0.36,0.657,0.639,0.352,0.686,0.292,0.435,0.286,,0.582,0.5,,0.547,0.675,0.603,0.508,0.188,0.158,,,0.741,0.413,0.78,1.175,0.839,0.885,1.242,,0.915,0.672,0.126,0.39,0.179,0.203,0.313,0.417,0.592,0.307,0.271,1.32,0.558,0.263,0.705,1.865,0.514,1.193,0.409,1.757,,0.165,0.442,0.653,1.744,0.806,1.414,0.726,1.255,0.826,2.426,0.851,0.726,0.529,3.397,1.529,,0.704,0.303,0.743,0.943,0.705,0.493,0.528,0.752,1.579,0.903,0.492,0.573,0.66,0.085,0.723,,0.562,1.346,0.689,0.93,0.354,0.624,0.41,0.337,0.539,0.538,0.381,0.679,0.417,0.488,0.585,,0.305,0.309,0.569,0.71,0.693,0.622,0.53,0.558,0.707,1.156,0.647,0.376,0.268,0.36,0.303,1.418,1.406,0.827,0.496,1.522,0.915,0.385,2.181,2.023,1.385,0.342,0.842,1.431,1.167,0.96,1.559,1.457,0.854,0.622,1.465,1.714,1.572,1.72,1.402,1.44,1.589,,0.615,1.277,1.294,,0.869,1.727,1.436,,1.415,1.616,2.212,,1.618,,0.886,0.858,0.739,1.413,0.762,0.653,0.4,0.647,0.591,0.501,0.721,0.719,,0.716,,0.397,1.216,1.241,0.655,0.974,2.111,0.74,0.472,0.329,,0.419,0.922,0.61,1.067,0.606,0.541,,0.853,1.025,0.346,0.859,0.614,1.567,1.692,1.022,1.317,0.959,1.057,0.661,0.826,1.134,0.618,1.331,1.663,0.571,0.599,0.802,0.602,,0.975,1.126,0.979,0.718,0.755,0.905,0.788,0.813,1.037,1.469,1.578,1.029,2.063,0.645,1.85,2.085,1.417,1.773,1.745,1.647,1.497,0.756,1.2,0.45,2.341,6.396,7.456,1.417,1.428,1.287,1.008,1.83,0.358,0.683,0.397,0.491,1.083,2.884,,1.762,0.873,1.966,3.091,2.51,3.698,2.22,3.73,1.832,0.492,0.758,0.669,0.295,0.336,0.577,0.699,1.987,0.551,0.895,0.628,0.766,0.917,0.683,0.564,,0.743,1.979,0.566,1.753,0.656,0.741,1.276,1.432,3.568,0.872,1.034,0.506,0.866,0.72,0.934,1.28,1.312,0.967,0.844,0.871,1.008,0.939,,0.546,0.877,,0.249,0.618,0.471,1.738,1.209,1.014,1.285,0.86,0.72,0.491,0.534,0.765,0.68,0.728,0.69,1.632,0.644,0.648,0.555,0.657,0.564,1.15,1.139,0.77,1.144,0.905,0.697,0.819,2.327,0.71,1.237,2.981,2.617,0.843,1.702,1.965,2.147,0.346,0.987,1.337,0.897,1.393,1.437,1.988,,1.403,1.879,1.556,1.351,1.715,0.778,0.78,0.803,,1.119,1.668,1.357,0.843,0.822,0.544,0.504,0.899,0.711,0.833,0.78,0.857,0.841,0.456,0.708,0.734,0.515,0.442,1.052,0.453,1.596,0.249,,0.404,1.758,1.579,0.904,0.678,1.048,0.91,1.412,,1.314,0.735,0.995,1.093,1.156,1.344,1.246,1.504,1.039,0.741,0.515,0.86,1.12,0.796,0.699,0.607,0.461,0.463,0.614,0.338,0.621,1.689,2.771,1.223,2.609,0.077,0.519,0.356,0.164,0.522,0.416,0.613,0.389,1.188,1.508,0.912,0.953,0.647,1.056,1.143,0.577,0.845,0.804,0.274,0.537,0.382,,0.207,0.773,0.795,0.449,1.021,1.12,1.267,0.244,0.706,0.461,0.604,1.505,1.624,0.959,1.363,0.469,0.517,0.789,0.534,0.456,0.594,0.972,0.775,0.756,0.654,0.61,0.512,0.554,0.197,1.185,1.598,,0.644,0.848,1.072,0.253,0.912,0.81,0.983,0.36,0.479,0.489,0.465,0.578,0.99,0.857,1.935,2.925,0.408,0.264,0.386,0.021,0.525,0.281,0.474,0.327,0.917,0.108,1.62,2.741,1.335,0.423,1.265,0.751,0.541,0.417,0.855,0.79,1.29,0.779,0.567,1.168,0.836,0.782,0.704,,0.63,0.488,0.755,1.109,0.806,0.812,0.703,1.078,0.97,0.803,0.749,,2.05,0.935,0.812,0.561,0.719,0.63,0.455,0.782,0.844,0.93,1.235,0.795,1.505,,,0.047,0.353,0.367,0.497,0.45,0.309,0.423,1.225,0.982,0.888,1.081,1.022,1.582,1.056,0.264,,0.679,0.408,0.605,0.174,0.734,0.622,0.558,0.303,0.347,0.644,,0.481,0.342,2.142,1.782,,1.867,1.876,0.91,0.4,0.525,1.208,,1.332,0.319,0.358,0.62,0.502,0.996,0.878,0.301,0.205,0.393,0.509,0.536,0.477,0.157,0.464,0.46,0.656,0.505,0.784,0.32,0.432,0.213,4.134,1.725,2.537,1.361,,1.121,0.929,1.319,0.566,0.945,0.803,2.187,0.723,1.789,0.313,2.229,2.72,1.421,1.373,1.723,1.18,1.234,0.908,0.877,3.096,2.187,0.99,0.832,0.436,0.793,1.806,1.251,1.101,0.788,1.667,0.869,0.357,0.354,1.7,,0.647,0.47,0.795,0.868,0.911,0.756,0.632,0.292,1.034,,0.905,1.528,1.223,0.848,0.406,0.748,0.236,0.274,0.333,0.616,0.606,,0.493,0.762,0.81,0.765,0.58,0.699,0.887,,0.879,0.569,0.865,1.143,0.677,1.748,1.761,2.529,1.206,1.726,1.752,1.965,0.655,0.91,1.099,1.762,1.909,,0.36,0.732,0.468,1.295,1.328,1.464,0.804,,0.593,,0.802,0.514,0.601,0.425,1.313,0.755,,0.604,0.964,1.574,0.712,0.585,0.961,0.465,1.393,0.322,1.128,0.462,1.153,4.095,2.843,3.127,2.087,0.086,1.292,1.402,0.959,0.734,0.801,0.578,0.538,0.681,1.227,1.305,0.818,1.163,1.32,1.175,0.745,0.909,1.266,0.569,1.551,0.742,1.008,1.181,0.734,2.531,0.421,0.716,0.768,0.64,0.593,0.56,1.316,1,1.386,0.672,1.015,0.062,0.908,0.95,0.744,0.762,0.725,0.53,0.876,0.841,1.321,1.227,1.395,1.755,2.336,0.822,0.515,0.349,0.388,0.3,0.764,0.702,0.638,0.278,0.718,0.885,0.778,0.707,0.28,0.36,2.449,1.603,1.866,0.926,0.727,1.448,1.022,0.962,,0.924,1.23,0.932,1.08,0.9,0.842,0.913,0.688,0.575,0.703,1.405,1.229,2.271,1.033,1.641,,1.11,0.961,0.959,0.498,0.556,0.794,0.608,1.356,1.812,1.103,0.817,0.303,0.622,0.613,0.942,0.96,1.883,0.865,0.494,,0.826,0.78,0.534,0.619,0.58,0.491,,0.949,1.253,1.257,1.112,1.13,1.38,0.621,0.862,0.803,0.518,0.687,0.125,0.183,0.126,0.336,0.102,0.812,1.197,0.851,1.228,0.954,,0.498,0.852,,0.947,1.594,0.658,1.051,1.411,2.075,,0.416,1.316,0.8,1.246,0.194,0.809,0.761,2.553,1.208,1.282,0.856,1.137,0.96,0.575,1.405,1.148,0.877,1.127,0.88,1.144,1.309,0.846,0.999,0.763,0.563,1.3,,0.765,0.816,0.785,0.99,1.01,0.804,1.202,1.158,0.62,0.445,0.563,1.002,1.548,0.801,0.683,1.004,0.415,0.379,0.506,0.392,0.721,0.727,0.777,0.914,0.341,0.514,0.794,0.798,0.31,0.396,0.708,,0.414,0.262,0.587,0.631,0.655,0.323,,2.114,0.895,0.267,0.227,0.675,1.104,1.373,0.485,0.35,0.476,0.408,0.546,0.247,0.725,0.09,1.043,0.593,1.569,0.655,0.491,0.812,0.851,0.39,0.584,1.979,0.598,1.069,0.63,0.545,0.474,0.36,0.437,0.844,0.585,0.567,0.788,0.463,0.358,,1.996,0.314,1.55,0.395,0.485,1.101,0.126,0.403,0.973,0.431,0.638,1.295,0.893,0.898,1.024,0.519,0.928,0.734,1.338,2.052,1.799,0.556,0.559,1.741,1.094,0.031,0.112,0.828,,2.007,1.681,0.96,0.85,0.403,0.422,,2.896,0.468,0.438,0.393,0.647,1.656,1.303,1.132,0.82,1.127,0.45,1.103,1.154,0.351,1,1.311,0.882,0.764,0.245,0.341,0.423,0.965,0.383,0.954,0.969,0.779,0.416,0.479,1.359,0.277,0.288,0.282,,0.441,0.618,0.45,1.026,,1.356,1.485,0.842,0.789,0.667,0.541,0.729,0.979,1.226,0.522,0.755,0.279,1.12,0.403,0.888,0.298,0.149,0.644,0.135,1.096,0.892,0.289,0.321,0.653,0.882,2.177,1.02,0.527,0.471,0.436,1.402,1.567,2.156,0.47,1.117,0.871,0.96,1.216,0.735,0.962,0.809,0.68,0.961,1.363,1.127,1.025,1.02,1.009,1
20160416,10,CO_24h,0.883,0.621,1.081,0.867,0.788,0.85,0.758,0.838,0.729,0.738,0.783,0.717,,1.106,1.28,1.677,1.626,1.29,1.574,,1.782,1.429,1.088,1.307,0.956,1.289,,0.832,1.149,0.764,0.925,1.149,0.589,0.736,2.33,2.344,2.663,3.027,2.791,2.694,0.809,0.88,0.83,1.193,0.977,1.017,0.761,0.904,0.847,0.808,0.787,0.801,0.786,0.595,1.141,0.275,0.504,0.474,0.635,0.756,0.58,0.701,0.499,0.844,0.627,1.006,0.97,1.139,1.088,1.398,1.169,1.029,0.732,0.651,0.741,0.848,0.713,0.893,1.063,0.535,,0.414,0.496,1.176,0.574,1.115,0.849,1.316,0.534,0.409,0.756,0.481,0.287,0.328,0.556,1.308,0.897,0.726,0.88,,1.142,0.658,0.906,0.836,0.733,,0.759,0.678,1.248,0.936,0.81,0.924,0.638,0.872,0.706,1.035,0.355,0.881,0.748,0.926,0.721,0.813,0.63,0.819,0.67,0.7,0.82,1.259,1.992,0.693,,1.141,1.03,0.728,2.207,1.391,1.536,0.935,0.632,0.379,0.41,0.555,0.384,0.718,0.315,0.401,0.574,0.599,1.361,0.578,0.322,0.473,0.8,0.936,0.654,0.294,0.612,0.392,0.612,0.621,0.554,0.482,0.527,0.789,0.766,0.565,0.627,0.572,0.693,0.39,0.838,0.882,0.905,0.9,0.919,1.312,1.262,0.942,1.272,0.987,1.149,1.297,0.533,0.765,0.877,0.896,1.044,1.478,,1.618,0.716,0.415,2.169,0.69,0.572,1.064,0.684,0.547,0.63,,0.515,0.478,0.624,1.014,1.117,1.285,0.708,1.249,1.769,,1.727,1.076,0.599,0.67,0.833,0.815,1.554,1.178,1.781,1.542,0.513,0.547,0.296,0.42,0.375,0.612,0.667,,0.667,0.617,1.015,0.486,0.474,0.554,0.537,,0.433,0.541,0.698,,0.912,0.985,0.814,,0.306,0.25,,0.63,,1.285,0.613,,0.855,0.657,1.021,0.405,,,0.679,0.644,1.207,0.702,0.527,0.714,0.382,0.241,0.503,0.739,0.771,0.639,0.526,0.815,0.814,1.328,0.753,0.943,1.586,0.643,0.394,0.883,0.862,0.862,0.95,0.579,0.931,0.792,0.853,0.668,0.831,0.436,0.809,0.936,0.835,1.075,0.767,0.82,0.94,0.643,0.926,0.821,,0.739,0.732,0.705,0.694,0.722,0.627,0.508,0.479,0.339,0.948,0.671,1.513,1.219,1.689,0.842,1.106,1.411,1.188,0.924,1.146,0.683,0.658,0.898,0.703,0.902,0.978,0.874,0.757,0.784,0.85,0.593,1.321,0.777,0.896,0.857,0.768,0.824,0.65,0.992,0.915,0.944,1.315,,0.742,0.875,0.965,1.254,0.848,0.767,1.187,0.966,0.441,0.767,0.748,1.019,0.486,0.726,0.725,0.679,0.688,0.854,0.797,0.632,0.774,,0.633,0.45,0.81,0.968,0.596,0.807,0.449,0.766,0.894,0.846,0.529,,0.968,0.599,0.749,0.595,0.622,0.788,0.661,0.867,0.678,0.733,0.762,0.684,0.703,0.712,0.355,0.983,0.877,0.725,,1.092,0.948,1.114,1.096,1.084,1.042,0.839,0.932,0.343,0.59,0.512,0.467,0.588,0.299,0.481,0.308,,0.647,0.677,0.267,0.75,0.933,0.621,0.63,0.233,0.361,0.32,,0.986,0.588,0.749,0.957,0.595,0.706,1.002,,0.701,0.555,1.453,0.757,0.373,0.412,0.464,0.554,0.793,0.512,0.503,1.255,0.515,0.158,0.763,1.714,0.529,1.132,0.343,0.958,,0.178,0.441,0.528,1.548,0.894,1.529,0.825,1.179,0.977,2.46,0.928,0.801,0.582,3.257,1.598,,0.674,0.279,0.762,0.745,0.608,0.465,0.46,0.893,1.129,0.697,0.621,0.592,0.765,0.545,0.866,,0.677,0.724,0.598,0.736,0.404,0.359,0.795,0.751,0.974,0.991,0.862,0.903,0.804,0.785,0.85,0.778,0.409,0.515,1.022,1.062,0.713,0.641,0.474,0.634,0.74,1.138,0.627,0.482,0.24,0.377,0.434,1.464,0.909,0.778,0.554,1.573,0.925,0.425,2.081,0.972,0.726,0.391,0.857,1.296,0.933,0.882,1.004,0.816,0.681,0.745,1.366,1.031,0.988,1.31,1.021,0.874,1.189,,1.025,1.586,1.472,,1.168,1.312,1.062,,0.723,1,1.458,,1.217,,0.737,0.539,0.586,0.868,0.674,0.551,0.455,0.621,0.575,0.478,0.647,0.674,,0.846,,0.58,1.008,1.12,0.807,0.694,1.836,0.554,0.512,0.394,,0.412,0.833,0.592,0.982,0.832,0.814,,1.134,1.247,0.665,1.154,0.979,1.195,1.152,0.768,0.885,0.802,1.083,0.627,0.758,1.162,0.58,1.333,1.636,0.543,0.566,0.757,0.516,,1.017,1.292,1.042,0.731,0.715,0.893,0.817,0.83,0.617,0.863,1.037,0.825,1.062,0.727,1.324,1.349,1.003,1.103,1.158,1.168,1.13,0.864,1.379,0.542,1.059,3.325,2.858,1.222,1.272,1.289,1.207,1.648,0.515,0.775,0.513,0.601,1.008,2.9,,1.725,0.862,1.359,2.006,2.017,3.286,1.98,3.384,2.383,0.938,1.098,0.986,0.739,0.873,0.551,0.743,1.995,0.707,0.946,0.665,0.799,1.324,0.844,0.612,,0.803,2.029,0.616,1.852,0.705,0.901,1.287,1.688,3.193,0.889,1.065,0.503,0.89,0.723,0.967,1.138,1.198,0.673,0.56,0.598,0.664,0.596,,0.469,0.94,,0.299,0.66,0.665,1.324,0.574,0.761,0.814,0.516,0.908,0.651,0.656,0.772,0.834,0.516,0.551,1.466,0.467,0.539,0.536,0.597,0.518,1.11,0.863,0.688,0.833,0.863,0.598,0.782,1.858,0.677,1.481,2.633,2.748,1.25,1.759,2.693,2.493,0.657,0.719,1.388,1.154,1.376,1.505,2.047,,1.421,1.858,1.666,0.961,1.953,0.846,0.788,0.907,,1.313,1.619,1.337,0.989,0.922,0.682,0.77,1.075,0.868,0.996,0.97,1.066,1.132,0.719,0.953,0.982,0.877,0.632,1.294,0.817,1.594,0.528,,0.534,1.863,1.681,1.09,1.469,1.42,1.098,1.743,,1.297,0.834,0.954,1.074,1.201,1.363,1.265,1.512,1.038,0.745,0.551,0.589,0.916,0.717,0.571,0.635,0.52,0.45,0.728,0.429,0.6,2.743,1.121,1.304,2.047,0.078,0.429,0.395,0.159,0.515,0.344,0.494,0.365,0.989,1.075,0.735,0.876,0.487,0.49,0.899,0.442,0.871,0.664,0.987,0.903,0.749,,0.629,0.673,0.792,0.514,0.798,0.885,1.136,0.446,0.588,0.624,0.654,1.508,1.516,0.735,1.194,0.456,0.452,0.734,0.675,0.547,0.601,0.957,0.652,0.787,0.738,0.743,0.665,0.426,0.281,1.133,1.326,,0.508,0.426,0.615,0.42,0.838,0.759,1.008,0.378,0.414,0.712,0.546,0.588,0.737,0.675,1.115,1.11,0.878,0.404,0.452,0.182,0.625,0.403,0.456,0.377,0.719,0.197,1.575,2.717,1.216,0.429,1.252,0.725,0.582,0.465,0.81,0.775,1.28,0.785,0.417,0.922,0.663,0.642,0.569,,0.423,0.527,0.682,0.915,0.564,0.687,0.556,0.897,0.626,0.446,0.655,,1.87,0.481,0.794,0.377,0.477,0.564,0.421,0.585,0.54,0.578,0.724,0.546,0.853,,,0.038,0.479,0.596,0.576,0.525,0.335,0.538,1.133,0.876,0.764,0.911,0.772,1.073,0.816,1.428,,1.303,1.336,1.034,0.542,0.882,1.072,0.781,0.476,0.893,0.881,,0.787,0.543,2.262,1.886,,1.987,2.043,1.072,0.566,0.704,1.384,,1.399,0.317,0.333,0.309,0.715,1.014,0.851,0.314,0.289,0.415,0.581,0.47,0.539,0.312,0.67,0.692,0.879,0.399,0.589,0.309,0.605,0.193,4.018,1.843,2.583,1.439,,1.188,0.971,1.338,0.621,0.834,0.703,1.728,0.758,2.084,0.543,2.516,3.096,1.142,0.933,1.939,0.985,1.018,0.778,0.979,1.344,1.431,0.94,0.87,0.584,0.885,1.459,0.979,1.018,0.745,1.656,1.112,0.459,1.351,1.868,,0.645,0.69,1.137,1.07,0.891,0.674,0.448,0.318,1.034,,0.78,1.234,1.181,1.088,0.634,0.971,0.234,0.283,0.324,0.453,0.488,,0.558,0.547,0.608,0.645,0.384,0.524,0.728,,0.618,0.451,0.603,0.894,0.511,0.84,1.311,1.292,0.702,1.599,1.314,1.769,0.419,0.708,0.521,0.768,0.501,,0.242,0.582,0.407,0.639,0.634,0.651,0.723,,0.513,,0.626,0.348,0.523,0.352,1.011,0.7,,0.425,0.878,1.442,0.557,0.304,0.754,0.214,1.101,0.197,0.973,0.401,1.13,1.555,1.124,1.393,0.838,0.211,1.1,1.331,0.937,1.17,1.471,1.092,0.846,0.653,1.041,0.757,0.682,0.658,0.603,0.714,0.523,1.054,1.675,0.958,1.741,1.279,0.741,0.716,0.69,1.577,0.584,0.599,0.785,0.716,0.853,0.676,1.434,1.131,1.531,0.909,1.222,0.062,1.188,1.008,0.753,0.818,0.785,0.74,1.2,0.828,1.35,1.105,1.442,1.681,2.29,1.029,0.565,0.461,0.415,0.924,0.881,0.988,0.77,0.532,0.76,1.016,1.174,1.072,0.736,0.739,1.697,1.651,1.856,0.911,0.749,1.406,0.863,0.743,,0.69,0.922,0.676,0.777,0.547,0.446,0.646,0.74,0.576,0.796,1.426,1.075,1.85,0.976,1.419,,1.283,1.107,1.139,0.616,0.822,0.927,0.687,1.033,1.201,1.753,0.91,0.616,0.786,0.675,1.293,1.348,1.774,0.808,0.535,,0.808,0.705,0.744,0.813,0.767,0.672,,1.052,1.214,1.194,1.07,1.226,1.409,0.725,1.018,0.946,0.811,0.969,0.125,0.519,0.209,0.737,0.427,0.883,1.179,1.001,1.273,1.034,,0.785,1.118,,1.232,1.541,0.733,1.101,1.338,1.889,,0.74,1.573,1.217,1.765,0.19,0.374,0.7,2.24,0.791,0.897,0.577,1.061,0.906,0.518,1.394,1.029,0.863,1.203,1.087,1.224,1.592,0.938,1.049,0.874,0.635,1.07,,0.745,1.095,1.217,1.232,1.122,0.905,1.247,1.122,0.37,0.173,0.825,0.682,1.464,0.786,0.972,0.733,0.406,0.25,0.492,0.412,0.579,0.63,0.653,0.745,0.371,0.419,0.516,0.47,0.369,0.568,0.829,,0.531,0.462,0.67,0.632,0.742,0.499,,2.087,1.053,0.29,0.115,0.802,0.787,0.874,0.438,0.274,0.468,0.376,0.395,0.284,1.158,0.067,1.154,0.499,1.416,0.462,0.353,0.513,0.777,0.352,0.464,1.367,0.475,0.509,0.696,0.57,0.422,0.476,0.185,0.873,0.49,0.568,0.662,0.46,0.683,,0.902,0.18,0.678,0.336,0.286,1.067,0.108,0.349,0.651,0.36,0.436,0.963,0.607,0.713,0.837,0.452,0.683,0.266,0.786,1.547,1.178,0.552,0.545,1.356,0.896,0.121,0.098,0.764,,1.774,1.399,0.853,0.723,0.258,0.306,,1.973,0.512,0.349,0.261,0.458,1.605,1.052,0.862,0.711,1.202,0.477,1.101,1.147,0.361,1.1,1.346,1.022,0.93,0.405,0.407,0.473,0.744,0.456,0.897,0.984,0.625,0.445,0.69,1.241,0.481,0.348,0.291,,0.434,0.782,0.41,1.449,,0.967,1.235,0.772,0.887,0.565,0.353,0.409,1.004,1.142,0.352,0.515,0.319,1.371,0.352,0.745,0.432,0.192,0.753,0.242,1.123,0.637,0.391,0.303,0.593,0.73,1.461,0.968,0.298,0.489,0.664,1.508,2.137,2.631,1.008,0.581,1.587,0.928,0.629,0.866,0.501,0.824,0.263,0.725,1.094,0.582,1.425,0.867,0.797,0.96
20160416,11,AQI,77,64,79,82,77,76,80,60,82,62,89,70,,78,80,58,71,67,75,,59,54,46,50,43,56,,42,50,18,34,74,50,74,88,80,84,93,82,83,60,89,70,77,71,40,46,73,69,68,87,103,53,122,84,37,28,51,41,38,91,124,99,84,101,146,122,128,107,54,55,56,54,52,48,43,48,56,27,54,,51,42,57,51,68,60,61,28,36,50,36,30,24,30,39,67,75,68,,71,69,68,69,78,,78,65,59,53,63,52,55,55,52,57,32,94,97,82,97,88,86,87,104,70,90,87,117,55,,88,92,85,110,92,74,114,90,51,45,38,40,30,28,48,29,25,39,31,35,23,42,27,42,44,38,35,43,51,35,34,29,41,37,37,28,36,32,34,58,61,65,66,107,89,105,103,90,83,113,55,65,68,46,25,33,35,,35,36,30,33,51,35,37,52,33,43,,41,39,49,54,54,52,62,67,69,,67,70,41,65,52,52,54,54,148,77,56,52,32,52,38,67,65,,59,78,53,32,28,45,28,,32,27,34,,56,57,53,58,51,44,,31,,71,34,,52,22,26,27,,,46,53,52,63,58,48,41,40,52,54,29,25,28,30,30,43,35,30,30,27,61,67,83,76,89,80,51,105,42,23,34,38,27,19,31,21,24,153,105,120,109,158,,166,100,40,38,34,38,34,42,36,54,32,34,39,39,48,33,38,69,33,72,20,24,19,35,17,24,22,19,24,29,20,32,26,28,24,25,26,24,26,24,48,54,,50,49,51,56,51,57,53,49,23,28,26,28,59,28,34,45,35,43,68,33,40,,30,49,58,56,52,52,39,36,66,60,38,39,45,42,54,54,,64,53,57,57,37,51,54,53,47,33,41,42,48,,107,102,107,112,112,105,114,105,42,60,63,,56,27,29,29,39,24,33,41,25,22,32,29,32,28,39,,23,33,36,40,33,27,35,,38,39,53,34,32,33,41,35,35,41,46,54,52,59,52,68,50,43,106,90,,71,120,72,63,79,58,44,59,55,69,48,42,58,90,28,93,35,36,44,38,21,34,67,65,84,68,100,93,86,85,80,,48,48,29,76,33,50,24,19,21,33,27,19,20,33,23,25,42,20,27,35,89,69,74,62,70,64,59,55,38,48,51,65,55,52,53,40,55,43,40,89,82,59,74,98,207,87,90,98,61,26,170,115,128,110,94,104,119,,61,60,39,,51,105,127,127,64,83,135,,119,130,86,118,105,110,82,64,39,48,38,26,59,52,,65,,61,68,70,84,67,97,88,70,69,,60,64,64,87,61,68,,35,30,33,35,27,80,54,39,64,56,47,59,59,55,49,62,53,52,63,58,55,,35,28,51,34,35,42,45,43,49,49,51,52,57,57,63,61,62,60,53,44,43,48,29,46,67,79,80,59,43,39,73,69,72,56,49,69,55,58,,73,54,53,67,36,36,51,67,62,64,86,84,33,40,169,176,159,189,56,54,60,68,57,55,,58,66,57,62,54,58,51,52,60,47,47,49,122,72,89,110,119,67,55,77,67,70,,58,43,,33,28,49,60,109,110,128,95,90,36,42,58,29,29,25,28,29,32,23,22,38,16,39,42,29,29,38,25,29,26,61,80,81,60,93,59,88,26,32,44,42,35,25,59,,22,65,118,55,108,43,52,46,,57,49,90,34,28,37,21,98,23,23,27,23,42,38,35,32,34,33,25,20,23,19,,13,38,28,28,62,72,65,76,,55,57,64,117,110,98,88,109,104,57,42,41,59,60,62,13,25,21,25,23,20,79,103,83,62,28,25,25,26,63,65,44,39,54,92,52,73,47,57,57,58,41,46,36,35,31,,32,61,35,32,67,74,72,71,72,72,64,81,82,84,93,38,52,52,44,56,53,45,51,64,61,61,43,57,60,53,27,,83,88,93,58,29,30,27,40,60,68,74,78,99,112,178,159,33,26,42,54,34,35,38,52,62,36,63,58,54,65,78,64,56,49,67,52,33,34,42,34,35,38,40,,31,38,50,,39,50,21,40,50,52,52,50,25,25,29,32,21,39,45,67,63,86,72,58,59,,,49,50,21,20,23,21,22,50,52,49,49,69,72,90,36,,26,47,50,42,75,117,150,104,85,73,,46,73,41,30,,36,31,133,83,113,49,,59,69,63,82,114,143,127,46,35,60,66,75,33,25,54,70,60,69,27,61,62,46,102,98,94,110,,46,58,59,61,100,70,90,69,101,88,90,98,92,100,90,82,77,62,61,145,100,96,71,83,89,65,50,60,58,51,43,46,26,32,52,39,82,62,97,73,38,50,35,103,,104,110,79,82,170,63,35,27,48,66,61,30,26,54,78,52,58,85,45,,51,39,79,27,36,108,108,112,60,75,55,27,26,41,62,65,52,59,40,58,23,90,52,69,74,,49,49,62,79,31,32,30,44,,76,52,53,18,60,29,36,114,77,60,119,94,65,67,46,59,14,26,26,18,22,24,16,17,44,39,34,30,56,50,55,42,27,24,22,25,26,31,51,46,74,54,39,32,31,36,36,29,50,43,39,35,35,33,30,42,32,37,39,42,28,29,30,28,26,28,48,53,48,48,58,33,38,34,50,43,58,36,37,28,31,26,28,26,39,46,43,50,40,,46,63,29,140,137,113,162,32,35,37,27,45,44,54,42,,25,44,48,41,40,45,42,34,43,35,28,25,26,56,23,22,25,42,29,,33,31,19,22,28,38,36,30,40,32,33,42,35,31,31,32,31,31,33,36,28,25,29,48,40,59,59,63,,34,41,14,43,47,65,37,53,58,,30,30,29,29,27,55,77,72,62,77,72,72,63,71,72,64,74,83,54,69,73,59,48,58,108,93,68,59,36,46,63,80,89,94,110,55,58,25,65,48,39,32,56,28,29,38,27,27,29,38,46,25,72,62,60,32,41,42,,25,56,36,44,57,47,72,47,10,23,31,23,41,28,51,59,37,53,70,48,40,71,57,66,30,31,26,36,42,40,57,59,43,46,28,28,29,25,33,65,23,30,56,41,31,,33,80,97,32,34,43,26,33,84,168,81,57,66,59,65,72,103,95,82,127,180,43,55,57,68,22,33,24,38,59,32,82,59,86,80,,94,38,66,60,45,29,90,54,39,88,96,96,107,16,25,18,68,61,39,43,25,34,35,94,61,53,56,40,53,49,49,48,,51,43,50,19,,67,65,53,75,64,111,119,101,66,67,,75,69,49,60,58,76,82,68,108,93,76,77,45,71,72,34,75,99,109,131,178,305,227,104,139,53,45,48,53,31,28,30,80,102,65,57,32,55
20160416,11,PM2.5,35,12,22,29,24,36,31,,58,12,43,51,,45,39,40,29,48,55,,18,36,32,35,16,24,,29,21,8,8,13,18,39,43,33,38,50,47,56,40,66,44,38,39,21,19,20,12,23,28,30,21,26,19,16,14,5,5,9,41,14,44,62,36,31,17,31,20,33,15,29,21,19,26,30,19,12,6,14,,16,16,31,15,49,20,17,13,6,2,13,12,13,2,23,45,39,45,,48,48,44,47,48,,57,31,31,27,30,20,25,35,28,34,22,65,72,60,72,65,61,64,78,51,67,64,88,39,,65,68,63,83,68,54,86,67,28,31,17,20,1,19,13,20,17,27,17,24,16,29,17,16,23,16,22,24,21,22,19,17,19,22,17,14,17,22,15,41,43,35,45,80,66,79,77,65,60,85,39,47,43,29,17,23,24,,24,20,17,23,20,24,22,32,21,24,,25,27,34,31,36,31,44,48,50,,46,51,23,47,20,33,38,38,52,56,15,30,21,28,21,29,40,,32,43,24,13,11,20,11,,10,13,11,,29,26,37,34,33,26,,17,,17,20,,22,12,18,6,,,32,34,29,39,41,29,22,28,33,15,20,17,19,20,16,30,16,14,19,13,36,39,32,38,41,59,27,79,15,16,1,26,2,4,4,4,1,117,50,91,82,120,,126,75,7,12,16,18,8,16,19,24,9,20,27,27,30,23,26,50,23,29,2,8,10,24,4,6,12,4,7,12,14,10,13,6,8,16,8,16,7,7,33,30,,16,24,32,30,33,28,29,20,16,19,12,19,42,19,23,20,24,30,36,19,28,,18,25,27,26,18,22,23,25,27,43,22,27,25,29,28,26,,37,20,35,31,17,25,26,23,25,23,26,29,28,,80,76,80,84,84,79,86,79,29,42,39,,37,5,15,8,27,15,23,12,16,15,11,20,22,14,20,,14,14,21,25,19,18,23,,21,27,8,14,8,16,7,6,11,9,6,27,30,26,22,49,26,24,40,34,,19,91,28,31,23,28,19,25,19,32,9,29,20,67,17,69,24,22,17,21,11,23,44,45,62,24,75,35,35,34,21,,33,32,18,17,15,22,10,12,13,23,13,8,11,15,14,17,4,12,11,24,11,21,10,44,21,13,8,13,8,11,9,24,30,31,27,20,18,20,24,58,60,31,42,59,157,46,63,59,35,18,129,87,97,83,69,78,90,,19,24,23,,23,79,96,96,44,61,103,,90,99,32,89,79,83,59,39,27,33,23,17,32,36,,47,,41,48,51,62,35,60,65,51,42,,28,38,29,64,42,49,,24,21,20,24,14,59,36,27,46,31,29,42,42,35,34,44,37,27,45,41,39,,16,15,30,23,24,29,31,30,27,33,34,30,37,40,45,43,44,39,37,26,30,33,20,32,33,49,42,42,26,27,7,2,7,9,15,20,26,20,,24,18,34,45,25,23,15,19,27,15,23,25,16,11,51,46,92,50,31,35,37,41,33,34,,41,32,38,41,18,39,25,23,31,24,21,23,92,49,66,83,90,48,39,56,48,51,,41,19,,17,19,34,43,82,76,97,71,67,18,29,41,20,20,11,19,20,22,16,15,26,8,15,13,20,16,20,14,15,4,24,59,44,27,69,32,65,17,22,29,29,24,9,42,,14,47,89,39,81,27,18,32,,17,21,26,15,11,19,10,45,16,10,14,12,12,26,14,,6,6,8,4,12,2,,6,13,3,9,44,52,47,54,,36,40,46,88,83,73,65,82,78,25,27,28,33,34,38,7,9,11,9,9,8,44,77,36,37,7,14,10,18,45,47,24,19,20,68,36,53,11,40,25,38,26,32,2,15,17,,13,25,18,14,38,42,52,12,18,15,20,23,29,21,25,14,20,17,14,10,29,16,21,32,17,10,27,17,7,8,14,,24,23,34,16,2,2,14,8,15,30,30,21,74,84,134,121,10,9,24,32,15,13,16,30,,22,45,38,28,34,43,40,24,21,33,20,16,18,23,22,23,16,23,,14,26,35,,20,24,7,28,35,36,36,26,16,17,20,18,11,27,31,48,33,48,38,27,42,,,34,35,11,7,7,6,7,34,34,34,34,42,38,67,19,,11,16,8,29,34,38,49,42,37,23,,17,28,19,17,,9,13,101,61,52,34,,42,17,9,,86,109,96,32,18,31,40,40,9,10,38,51,43,20,6,22,24,27,76,69,65,66,,26,22,31,22,49,46,47,48,38,46,37,35,68,75,67,60,56,21,28,111,75,58,51,61,66,47,34,43,41,33,22,32,18,22,36,23,60,44,72,53,26,28,24,77,,78,83,49,60,65,45,5,15,28,46,28,8,16,38,37,36,41,63,31,,35,25,36,18,22,81,81,84,43,55,39,7,13,25,44,47,36,42,25,41,4,67,36,50,54,,34,32,43,58,16,19,9,22,,,11,3,10,43,20,25,86,56,43,90,70,38,36,25,32,7,18,18,11,15,13,10,11,26,22,16,21,37,33,26,29,4,16,6,4,18,16,12,15,35,22,13,15,15,12,8,20,35,30,27,24,24,23,21,29,20,22,27,29,18,18,21,15,17,19,33,37,33,33,41,23,26,10,35,30,41,15,25,10,11,16,19,18,27,32,30,35,11,,26,17,19,107,104,85,123,13,9,2,8,31,19,38,14,,8,19,16,8,7,11,9,13,27,24,8,3,6,1,7,,13,7,16,,13,11,8,10,10,20,2,21,23,22,23,26,24,,11,9,8,14,12,3,11,12,10,33,4,27,42,24,,21,19,,30,24,16,19,20,41,,15,14,10,12,16,32,40,52,44,56,52,52,45,37,52,46,54,61,38,50,53,42,33,41,81,69,49,40,23,23,28,59,66,70,83,4,11,10,20,19,24,14,22,6,5,7,4,16,20,26,27,7,52,44,43,15,12,18,,11,19,22,25,21,17,52,18,5,16,13,8,16,11,14,30,13,23,27,33,24,19,31,30,14,18,14,16,23,25,26,42,14,32,8,9,10,3,17,28,6,9,16,13,10,,10,30,27,19,17,13,14,16,46,47,40,22,42,42,47,40,64,70,55,45,136,20,24,28,,15,16,16,16,22,22,33,25,43,59,,45,25,36,39,31,14,67,38,22,16,24,21,19,8,17,10,15,16,17,13,17,7,14,70,14,30,29,8,21,34,23,9,,11,14,17,6,,37,47,31,36,29,,65,36,23,39,,23,28,21,22,21,34,15,18,36,54,49,49,3,25,30,13,21,47,48,37,49,143,177,47,75,10,14,10,17,8,7,6,33,76,28,40,18,29
20160416,11,PM2.5_24h,56,49,64,61,56,63,62,,45,53,57,67,,88,93,91,91,101,89,,88,105,105,101,104,98,,55,53,58,42,44,57,47,98,101,109,113,118,120,40,69,60,58,54,51,54,56,58,56,75,62,56,52,62,51,51,44,38,38,31,38,41,42,30,30,39,44,34,81,79,88,63,74,68,77,55,55,57,22,,18,27,17,28,22,31,30,23,28,20,22,32,17,24,26,41,41,47,,44,46,44,47,48,,51,39,35,35,33,26,38,39,31,38,29,49,54,44,48,44,36,40,47,35,47,48,49,41,,56,53,49,54,42,45,55,37,40,41,34,38,27,34,42,39,40,36,29,37,34,33,26,29,40,22,24,23,34,22,24,24,21,22,31,29,36,34,29,49,48,39,50,56,43,56,67,50,46,55,36,42,36,30,30,34,33,,33,31,32,41,23,22,23,28,22,26,,24,23,26,31,34,38,49,43,44,,45,47,20,36,26,30,44,50,39,48,29,22,16,27,18,27,25,,36,19,21,18,22,16,19,,18,22,22,,32,38,34,17,19,23,,19,,27,26,,43,48,46,17,,,23,23,29,37,37,28,15,20,20,38,37,34,35,38,37,42,39,33,34,19,50,40,38,38,36,35,36,58,21,32,12,27,17,27,24,24,16,72,74,62,60,77,,89,64,19,28,33,28,33,29,37,37,34,39,47,46,43,50,51,47,41,45,25,31,29,31,33,30,32,27,31,60,29,26,31,29,25,28,30,31,28,24,31,33,,32,33,35,38,36,29,40,21,24,26,26,26,23,23,31,22,22,24,29,24,35,,16,27,29,26,25,27,24,34,38,35,22,25,22,31,28,23,,33,28,35,28,33,26,22,22,30,23,30,33,47,,60,56,55,56,54,59,61,65,30,37,43,,32,7,29,18,26,22,32,24,25,25,23,35,23,28,26,,33,35,30,25,27,23,26,,22,14,18,38,29,38,24,28,31,31,25,29,26,21,24,29,28,25,23,15,,28,95,18,40,23,30,21,29,25,39,11,29,19,31,26,29,19,30,16,28,11,11,27,27,33,18,52,43,35,40,39,,25,37,18,18,21,12,26,28,27,30,26,27,28,27,29,31,23,23,35,55,29,36,33,33,37,24,24,26,21,25,24,37,41,42,36,34,35,33,38,47,82,57,60,46,57,55,44,43,37,19,101,75,70,70,72,82,58,,75,70,72,,87,65,76,81,51,61,60,,66,81,43,76,70,67,54,36,34,37,25,25,26,67,,60,,63,52,56,58,47,57,63,46,43,,28,31,26,71,58,66,,25,25,33,38,28,31,27,21,32,29,33,38,38,33,33,37,34,25,36,31,28,,14,16,33,29,29,17,17,19,23,30,30,32,38,42,41,38,42,38,43,39,48,40,25,31,28,41,39,60,56,63,28,29,20,29,28,38,54,32,,43,37,27,42,32,26,17,44,44,30,51,45,26,22,46,40,50,30,42,44,44,50,50,44,,41,31,36,45,19,39,36,35,47,37,32,27,95,58,70,70,74,34,28,36,32,36,,31,37,,32,43,50,36,46,49,63,46,78,40,44,60,46,20,19,20,24,34,28,33,30,39,24,24,24,19,22,28,25,6,63,98,86,97,88,82,88,50,52,86,69,67,58,63,,58,86,123,79,112,47,39,45,,38,45,58,33,49,52,47,41,50,32,32,35,36,53,41,29,45,39,48,59,61,57,,33,50,21,22,52,70,62,77,,41,45,54,84,76,76,65,80,74,24,32,15,20,22,21,16,17,19,17,17,10,32,22,24,19,19,32,24,26,28,24,19,16,12,30,22,29,14,27,19,38,31,28,13,21,33,,44,26,23,24,34,35,41,21,23,27,29,22,25,21,31,14,19,18,18,10,29,20,18,39,28,25,38,17,12,15,22,,18,22,29,29,14,6,23,15,8,31,29,24,65,73,93,76,37,30,31,40,26,30,30,33,28,45,42,41,29,33,44,51,30,29,28,22,20,20,21,28,26,24,31,,43,34,47,,18,24,19,26,42,31,38,23,32,16,18,27,28,54,53,25,20,19,19,28,23,,,44,44,25,28,25,24,26,40,41,41,41,45,48,47,51,,46,48,49,60,40,42,43,37,35,33,,30,33,27,29,,20,28,84,59,36,20,,18,24,21,20,58,75,68,31,23,42,40,36,34,33,63,75,74,61,62,24,24,26,128,74,73,90,,37,29,37,28,44,44,43,47,50,49,48,43,49,58,50,40,40,24,26,58,53,45,42,81,83,41,38,44,41,35,29,31,27,31,57,40,76,62,85,42,21,22,17,70,,67,50,47,96,104,77,17,20,19,44,41,22,16,60,43,37,39,56,39,,28,28,31,19,22,44,69,44,41,44,37,39,29,34,60,51,44,45,24,37,5,53,44,56,57,,42,48,63,71,33,31,24,36,,74,48,46,23,35,21,26,69,49,44,55,106,30,32,32,30,6,23,22,19,21,18,15,13,31,33,31,20,30,28,26,29,9,57,57,38,49,49,43,53,50,50,23,30,33,31,27,17,30,25,32,31,28,26,23,28,43,44,58,64,46,32,22,18,22,20,23,33,32,29,84,51,50,48,64,61,73,37,45,39,32,31,35,31,42,44,44,44,25,,57,30,26,61,52,45,67,34,33,35,20,35,53,49,27,,23,33,23,19,24,24,20,20,27,42,32,25,32,18,16,21,25,19,26,,22,27,21,21,24,41,42,33,32,31,27,37,44,28,36,39,38,40,60,39,65,55,61,42,30,29,27,32,,42,44,31,52,44,38,43,39,49,,44,33,47,49,21,34,40,49,42,49,47,44,40,32,51,41,47,68,44,57,61,49,33,49,84,91,49,35,52,76,70,55,56,77,76,7,6,8,8,14,14,12,15,11,10,16,12,22,19,21,20,18,30,19,28,18,23,20,,23,11,20,23,30,14,19,20,16,21,5,6,9,6,8,19,20,15,15,32,34,24,36,24,11,12,11,13,17,18,24,30,18,27,11,14,20,9,23,35,14,13,16,18,30,,42,13,16,21,20,15,15,14,46,48,41,26,29,32,57,69,73,56,57,45,89,24,22,31,,16,11,15,16,19,25,27,39,26,27,,51,19,18,21,18,11,29,16,13,19,25,21,20,14,32,17,20,18,22,15,20,14,19,27,15,30,30,11,17,27,19,11,,12,19,19,8,,20,30,22,22,28,,43,46,21,41,,26,29,23,30,28,30,27,21,43,67,30,25,7,13,14,13,22,34,52,45,85,151,156,99,45,13,13,22,10,8,6,6,19,28,20,45,32,32
20160416,11,PM10,103,78,108,113,104,102,109,69,113,73,127,85,,105,109,65,91,69,100,,68,57,38,48,43,62,,38,50,18,34,98,50,97,126,109,118,136,113,115,69,98,90,104,92,40,46,96,88,86,124,155,56,193,117,37,27,52,41,38,132,197,148,,152,242,194,206,164,57,59,61,58,53,48,41,48,61,27,57,,51,42,64,52,52,70,71,28,36,30,36,30,22,30,39,83,100,85,,92,88,86,87,105,,101,80,68,55,76,53,60,59,54,64,26,137,118,92,93,86,122,102,124,83,125,77,92,49,,65,96,84,107,73,55,,76,51,,38,40,25,19,48,29,23,32,31,35,23,,23,42,44,38,35,43,51,35,34,29,41,35,37,26,36,31,34,61,72,80,81,140,106,144,128,130,116,114,50,58,86,46,23,26,31,,27,36,30,27,51,34,37,54,33,43,,41,33,40,57,57,54,54,66,70,,83,79,41,76,54,54,49,55,245,,62,53,32,53,38,83,80,,67,106,55,32,20,45,28,,14,20,34,,61,63,50,66,52,44,,31,,91,34,,54,21,22,21,,,42,55,54,75,61,48,41,40,53,58,26,,,30,,,35,30,27,27,72,83,115,102,127,72,51,100,42,,34,26,27,19,31,15,22,169,160,173,148,148,,132,112,18,25,,37,15,,36,57,,29,30,,48,28,29,,25,93,20,,10,,16,20,22,17,16,15,20,13,,14,10,,11,21,16,9,42,58,,50,49,51,61,52,64,55,49,17,,26,27,62,24,34,45,29,37,85,33,,,30,49,66,62,54,54,39,27,81,43,38,36,45,,58,57,,78,56,63,63,37,52,57,56,47,,41,34,48,,118,109,138,142,132,154,119,111,40,69,75,,62,27,22,29,39,20,,41,,20,32,27,26,28,39,,18,26,36,40,33,27,35,,38,36,55,34,27,33,41,35,35,41,46,58,54,67,53,57,50,43,162,129,,91,106,93,76,107,65,44,67,59,88,48,41,65,77,28,,34,36,27,38,20,34,84,79,110,85,127,136,121,120,110,,40,48,29,102,33,50,14,19,,,,17,19,33,23,,42,15,27,30,127,88,97,58,89,78,67,60,38,48,51,79,60,54,55,35,38,43,33,127,111,67,97,146,,123,130,146,72,23,151,116,193,167,138,153,138,,71,69,39,,51,141,136,116,77,97,144,,107,,121,126,135,129,113,77,,,38,25,68,45,,70,,72,85,63,111,83,143,79,81,88,,69,77,77,98,71,82,,28,25,33,27,27,87,57,33,49,62,47,61,64,59,47,61,49,53,64,50,59,,35,28,52,34,34,32,42,39,49,49,52,53,63,48,61,71,64,70,42,44,41,38,,40,83,107,110,50,43,30,95,88,94,62,49,87,59,66,,96,58,55,84,29,32,52,84,73,78,122,117,33,40,287,302,267,328,62,58,70,86,63,59,,65,82,64,73,58,66,52,54,69,47,43,49,104,93,120,132,132,63,58,69,67,73,,54,43,,33,22,38,68,,170,172,71,84,36,40,44,29,,22,27,,,19,,,16,39,42,22,29,38,25,29,,71,80,111,70,89,67,87,25,22,44,30,28,24,,,22,75,92,53,,43,53,36,,64,49,129,34,28,37,21,145,22,17,24,20,42,,20,13,10,8,,18,23,,,7,38,6,24,63,70,53,101,,60,64,64,114,116,97,82,138,99,63,42,41,67,70,73,12,25,21,17,23,12,108,109,116,73,,25,21,22,55,66,44,39,58,,47,59,47,64,63,65,41,43,36,,18,,22,72,35,27,83,97,58,91,94,93,77,111,114,118,135,38,54,53,44,61,56,45,51,77,71,72,43,63,70,56,19,,115,125,135,66,5,11,27,26,70,85,97,106,125,115,176,179,33,15,38,58,22,,,53,73,23,70,66,58,80,106,77,62,49,84,54,33,32,42,34,35,38,40,,31,37,38,,39,50,21,32,46,47,49,50,24,25,29,32,21,34,36,66,75,122,93,65,68,,,,,15,12,7,8,19,50,53,45,40,87,94,92,36,,26,47,50,,99,184,249,158,120,95,,46,95,41,30,,36,31,187,106,176,47,,57,88,75,114,138,137,133,32,35,70,82,100,33,25,49,68,53,88,19,71,74,46,114,146,138,169,,43,66,67,72,83,90,130,88,151,126,130,145,82,129,108,105,82,74,72,149,85,141,91,89,83,54,50,48,49,51,43,35,21,,,39,80,65,84,61,36,50,24,80,,84,86,107,72,289,54,35,26,48,82,72,,22,58,86,37,59,92,43,,52,39,108,27,36,96,94,98,66,75,52,26,26,41,61,65,51,,40,,7,70,52,,,,46,49,73,63,31,32,30,44,,102,53,55,18,,,31,,59,55,,,79,83,46,67,14,19,22,18,18,24,16,15,44,39,34,30,62,50,60,,15,16,22,11,,25,52,46,98,58,,,,,,25,42,41,36,,27,29,28,,32,37,35,32,21,22,22,21,,26,40,41,,39,,24,,34,49,42,,36,37,28,31,26,26,21,27,46,36,,40,,46,75,29,,142,152,137,32,35,27,27,45,44,,42,,25,44,48,41,40,45,42,34,43,32,28,25,26,61,13,8,25,42,29,,33,31,19,17,28,38,36,29,40,25,29,42,32,27,21,17,21,14,,36,18,25,26,46,40,67,65,76,,34,41,,36,47,79,37,56,,,17,29,29,29,24,59,103,74,70,59,79,79,61,91,79,66,60,89,46,68,64,58,43,51,110,118,68,68,36,46,75,88,84,75,113,59,65,25,79,48,39,32,62,28,22,22,17,27,29,32,46,25,79,62,70,32,41,42,,25,61,36,44,64,47,,26,,,31,23,41,28,52,68,37,56,68,41,40,91,63,81,23,31,26,36,42,40,63,63,38,42,26,23,21,23,33,79,10,27,62,41,25,,33,109,144,32,,43,26,33,118,286,111,64,81,62,77,94,156,139,114,203,217,43,59,63,86,22,33,23,38,68,,113,67,121,79,,138,38,81,70,,29,69,57,39,125,141,141,164,16,24,16,85,72,39,43,,34,35,,72,55,61,40,55,,49,48,,52,43,50,18,,83,76,56,99,77,172,187,152,82,83,,100,87,49,69,65,101,114,85,165,136,102,104,,92,93,34,99,148,168,211,306,424,316,158,228,55,45,48,55,9,22,30,109,140,80,64,32,60
20160416,11,PM10_24h,132,110,127,130,115,146,133,108,87,123,141,129,,153,165,163,149,179,149,,176,196,207,181,154,163,,87,110,106,77,92,101,154,221,207,248,212,223,223,94,121,124,138,139,103,115,141,124,109,149,135,169,148,147,192,163,207,196,189,91,123,100,124,94,115,95,113,96,144,157,145,155,155,127,116,112,124,75,71,,50,60,46,57,55,107,80,140,120,119,125,113,149,113,108,70,99,91,,100,93,92,88,107,,114,119,81,69,81,70,85,74,78,81,52,106,96,79,80,72,67,67,80,71,98,72,74,77,,75,85,77,90,63,68,84,65,82,74,82,85,60,81,77,82,78,122,100,115,111,96,89,115,127,93,78,85,89,65,81,79,73,61,71,81,91,77,80,97,98,78,87,179,128,152,191,152,163,143,94,103,100,105,77,122,76,,80,90,100,94,87,95,109,102,77,94,,96,88,84,104,107,119,128,105,110,,101,112,45,86,59,64,116,101,114,98,48,37,24,50,33,60,52,,78,38,38,53,41,39,44,,28,38,58,,68,75,55,36,42,47,,71,,74,50,,89,78,69,41,,,38,41,44,60,56,41,27,35,43,82,101,88,77,89,76,99,92,84,93,34,68,59,66,63,76,46,49,81,46,57,44,35,49,51,42,40,50,169,226,174,172,176,,161,186,58,67,48,63,51,56,59,84,106,102,97,98,84,100,94,110,90,85,46,61,63,61,60,49,64,61,64,8,56,35,41,48,35,54,54,49,41,45,46,47,,50,56,44,61,46,46,50,41,41,34,43,41,40,32,50,50,36,39,49,40,64,,30,36,47,47,46,45,41,47,73,38,37,33,34,33,47,41,,47,43,46,43,44,41,38,37,46,40,48,55,61,,95,89,99,93,91,114,129,122,46,65,66,,58,39,37,36,31,34,42,43,35,42,47,44,32,42,37,,51,42,54,41,40,37,39,,39,19,66,86,86,71,87,71,74,83,88,52,59,49,55,60,77,52,98,75,,59,170,57,79,56,52,49,53,58,76,69,43,56,65,49,53,35,46,30,46,30,21,55,49,62,61,110,116,101,96,95,,77,77,44,80,70,56,44,53,49,50,45,40,45,48,46,50,67,38,103,71,142,166,174,137,152,131,128,109,114,104,118,110,89,87,73,62,59,58,56,110,108,91,111,123,119,128,81,78,53,30,201,159,171,153,129,146,114,,191,178,201,,185,167,159,182,94,133,147,,140,218,153,135,157,143,125,110,98,80,64,61,72,120,,121,,143,132,112,156,137,155,144,74,80,,64,85,85,184,149,197,,38,33,38,38,36,48,41,29,36,41,47,56,51,55,49,53,47,47,53,42,58,,22,26,43,36,38,20,24,26,40,46,47,47,48,53,53,54,53,49,49,50,54,45,34,54,54,79,77,147,144,162,138,106,123,102,91,105,84,92,,103,80,58,102,44,58,47,57,92,72,120,102,59,45,239,217,202,160,77,84,87,104,96,76,,85,88,72,84,63,69,61,75,92,63,61,56,123,124,128,131,126,54,42,58,53,51,,42,63,,61,65,59,68,71,89,115,57,94,62,63,85,68,38,33,42,44,73,73,83,87,73,55,48,44,31,43,51,42,11,142,208,166,107,145,178,161,103,65,145,100,65,91,109,,104,151,207,145,164,87,95,90,,75,87,146,74,82,90,85,73,90,65,60,56,65,74,62,52,63,44,79,116,75,101,,57,78,35,27,71,111,97,127,,74,76,83,107,121,97,99,126,97,50,47,30,39,40,38,22,30,28,27,33,18,84,42,82,42,31,43,36,31,40,44,37,33,43,63,36,45,29,38,31,56,44,38,67,29,48,,60,69,82,59,59,68,60,42,50,54,51,54,54,48,65,26,31,45,35,31,42,47,36,62,39,61,84,81,95,98,68,,87,92,143,102,24,21,59,34,34,137,131,143,157,164,164,185,105,73,50,66,56,59,76,78,124,74,101,102,92,101,144,142,61,69,61,45,44,50,83,74,80,79,93,,82,98,85,128,114,103,73,92,97,93,107,75,64,47,53,70,73,72,72,68,61,52,49,58,52,,,72,75,45,52,45,50,52,101,89,95,89,83,76,70,77,,67,83,93,124,60,90,106,65,69,48,,39,52,58,42,,57,49,67,73,75,32,,35,103,91,110,151,148,163,67,53,141,141,148,125,132,80,99,93,404,342,71,64,58,167,185,145,181,,45,75,71,89,99,89,113,103,141,128,130,146,79,136,102,59,63,49,56,92,77,116,74,110,111,64,56,64,54,56,49,54,35,39,75,54,119,81,108,52,31,49,30,73,,77,50,95,113,151,91,35,27,39,68,72,48,25,108,123,78,108,176,99,,56,61,56,61,70,146,169,136,81,99,75,79,52,62,102,78,67,70,33,40,20,115,92,103,93,,96,86,124,124,74,75,54,66,,87,109,105,58,54,36,36,55,48,65,46,34,48,49,51,44,9,33,27,29,27,29,28,23,43,53,50,36,56,44,52,38,31,79,69,75,89,84,92,80,100,88,31,51,54,48,48,24,43,39,43,41,25,36,30,32,82,87,80,85,73,41,29,30,29,25,34,35,37,38,118,106,129,98,117,115,136,140,134,159,159,75,79,72,85,88,92,89,55,,99,104,69,122,123,132,151,75,68,85,48,59,103,60,64,,57,66,44,40,51,45,43,38,49,68,59,54,55,66,41,42,41,54,44,,48,41,39,35,49,65,59,50,53,58,43,56,57,52,54,53,55,55,,66,110,90,93,49,47,63,55,49,,64,74,43,72,60,68,77,77,61,,62,67,69,75,36,58,73,62,61,60,60,77,59,64,77,70,72,98,72,86,92,65,52,80,131,133,68,63,81,113,114,92,98,99,123,35,29,17,30,33,30,22,34,25,22,24,20,36,31,30,35,32,45,43,51,28,38,43,,39,47,32,36,58,37,50,40,29,36,10,13,18,12,28,39,35,39,37,51,49,80,67,87,22,23,22,33,41,49,85,80,73,50,31,28,35,44,62,89,28,28,51,49,48,,76,48,41,65,57,32,25,16,87,119,69,55,49,52,90,120,181,99,100,146,141,37,50,47,60,25,21,26,24,61,,196,63,57,47,,167,32,35,48,,20,43,26,24,90,97,93,101,32,50,29,50,38,39,41,21,23,32,35,37,59,56,29,38,70,65,30,,30,35,34,14,,45,37,57,75,67,112,166,74,73,126,,88,75,90,94,86,72,112,92,215,194,150,125,24,57,56,60,102,150,190,178,268,338,309,138,141,41,34,58,30,16,14,23,60,59,52,61,64,52
20160416,11,SO2,2,2,2,2,2,3,2,2,2,2,5,2,,4,11,1,15,4,11,,7,1,4,10,6,10,,18,27,20,20,15,16,24,25,22,17,39,27,51,9,21,13,12,9,19,12,13,12,14,16,13,17,13,11,4,3,10,3,4,8,12,13,7,16,6,2,4,4,10,11,20,10,26,11,5,10,30,37,9,,10,6,9,10,5,14,15,10,8,149,13,7,2,9,8,8,57,22,,30,30,18,25,25,,18,4,8,7,7,3,7,1,9,10,2,31,17,15,15,14,8,9,12,18,17,13,18,28,,13,30,32,14,23,9,15,16,11,10,8,9,8,9,9,11,18,10,10,11,12,12,3,12,8,5,10,9,12,10,9,11,9,9,19,19,23,16,11,16,13,41,24,41,53,41,11,63,21,120,12,30,59,27,8,8,8,,4,8,7,9,8,10,18,14,13,12,,16,18,40,3,4,15,22,19,13,,12,8,14,6,16,13,28,17,3,15,5,7,9,9,3,5,7,,12,7,4,7,8,9,8,,6,10,10,,11,15,19,23,21,,,9,,5,7,,7,6,4,3,,,21,38,8,24,18,18,26,24,84,9,10,16,5,6,6,4,6,3,10,4,21,10,6,3,8,7,4,37,8,11,50,31,15,17,6,21,18,17,12,19,10,27,,20,17,18,10,26,7,32,19,15,12,4,14,11,15,6,3,16,7,12,11,3,1,3,6,1,7,4,6,7,2,6,8,6,4,9,15,7,9,7,6,5,7,,11,8,11,23,6,7,21,11,6,4,7,5,25,8,17,4,10,3,11,9,3,,3,21,13,15,3,10,6,12,9,5,3,14,3,7,14,7,,7,7,8,5,11,8,4,7,6,1,18,57,11,,8,13,8,10,5,12,8,9,6,8,6,,10,9,11,9,14,5,16,14,15,11,14,18,13,17,14,,21,12,12,14,19,14,12,,16,11,41,29,5,5,10,7,39,32,7,34,9,87,8,20,13,22,8,10,,5,35,7,31,33,18,16,15,21,13,10,10,9,18,8,16,4,3,5,5,3,8,15,16,8,43,55,6,13,9,11,,2,10,4,5,4,12,7,14,15,21,14,45,5,10,6,,18,2,8,10,6,7,8,7,6,8,16,11,8,3,10,13,19,21,13,20,14,16,16,36,30,12,10,11,10,24,31,32,18,13,47,36,31,6,20,20,14,,7,14,11,,11,17,15,10,22,67,57,,31,1,8,4,18,13,29,16,10,6,11,5,15,25,,5,,8,23,30,32,13,5,14,10,5,,10,2,8,11,43,12,,21,14,8,9,9,39,11,2,12,5,13,2,8,9,3,10,9,11,5,1,7,,4,8,8,8,11,3,3,7,3,3,3,10,8,13,20,23,22,8,20,6,10,23,24,4,39,39,41,10,10,12,12,16,10,15,16,11,44,36,,33,26,35,9,20,3,15,30,11,22,13,9,24,12,10,9,7,8,6,11,16,13,17,10,,,22,8,14,5,16,16,19,85,22,9,10,52,33,40,28,42,16,12,17,12,14,,9,9,,15,4,13,10,46,15,28,7,14,18,10,7,17,9,9,37,8,2,3,2,3,8,7,9,8,10,19,26,19,6,43,39,52,51,50,52,61,9,12,13,13,38,8,8,,10,26,20,14,30,24,32,19,,21,14,20,19,12,14,4,23,14,22,14,26,9,25,20,1,3,29,10,28,9,14,,1,13,5,3,10,14,11,14,,6,9,13,15,10,8,16,18,10,2,2,18,17,32,7,12,17,13,9,21,34,46,184,65,64,5,15,12,7,12,8,7,7,25,20,32,22,7,7,6,7,17,6,8,3,2,,2,34,36,7,14,14,8,5,8,7,10,8,5,8,10,4,4,13,4,7,14,3,7,42,11,13,19,3,3,1,5,,13,56,188,22,1,14,2,4,2,18,2,5,11,17,27,23,4,4,5,1,8,9,5,5,12,5,10,7,12,19,8,6,5,21,13,10,2,17,16,10,18,10,12,,10,15,12,,10,7,6,13,24,12,10,,6,3,5,7,3,10,12,10,5,13,16,21,21,,,3,2,5,13,10,8,6,15,8,16,10,15,21,12,19,,11,22,15,10,9,26,16,13,10,14,,16,7,8,17,,19,21,5,26,25,13,,16,14,13,24,12,24,7,2,3,6,6,14,21,34,5,5,7,13,5,20,6,6,35,30,23,31,,5,6,7,10,26,20,20,20,19,9,15,8,23,18,16,26,17,3,5,46,40,11,6,9,4,16,12,9,19,9,38,19,5,4,3,2,4,8,7,3,1,4,11,8,,4,9,4,13,25,26,16,17,36,20,8,17,32,10,44,34,3,27,8,,30,6,8,17,13,9,38,45,33,37,63,8,13,11,16,4,8,26,21,6,7,14,16,6,27,,,11,13,18,11,3,10,9,,9,21,10,3,11,12,7,7,8,10,23,5,15,25,27,18,3,4,15,5,8,8,5,7,4,7,6,1,12,8,6,4,7,15,21,24,12,13,5,9,36,13,3,10,44,15,13,9,9,5,14,6,5,5,7,12,3,3,6,1,13,1,7,4,5,10,5,14,17,40,19,18,20,14,15,30,18,5,6,3,6,25,15,22,9,,22,11,36,,58,37,20,27,28,27,8,7,16,109,4,2,50,4,2,,12,18,18,4,3,57,6,8,50,2,30,23,13,15,4,2,1,1,13,,5,3,1,1,5,10,,18,11,16,12,10,5,12,10,6,2,6,2,80,4,12,,3,4,3,3,11,,15,4,15,10,,7,17,13,7,,11,58,11,7,6,18,12,11,20,10,14,14,3,3,13,9,17,19,12,3,16,23,38,23,10,14,21,23,2,20,33,13,35,10,12,28,13,24,11,17,17,4,22,51,86,112,80,57,62,64,119,1,18,18,20,38,14,9,,8,13,2,32,6,5,5,6,8,3,3,5,11,4,32,34,28,36,285,8,2,12,8,16,31,22,32,20,94,9,12,33,7,12,28,22,23,12,54,19,20,20,70,36,6,,12,12,28,7,24,9,14,5,3,16,13,21,62,66,44,56,54,35,28,9,14,5,13,22,16,14,7,18,5,3,9,6,10,13,4,,17,6,17,12,7,14,6,3,4,2,4,3,2,4,16,7,2,1,5,3,12,11,8,6,7,17,21,13,12,16,10,10,,6,6,8,6,,25,23,15,14,21,12,10,34,1,29,,6,56,4,11,3,10,12,11,3,9,1,3,,5,7,14,15,5,6,3,7,15,6,18,20,8,24,3,6,3,5,13,6,43,43,11,24,14
20160416,11,SO2_24h,12,8,12,12,13,11,12,13,10,9,14,10,,24,30,25,32,22,31,,28,26,23,31,18,27,,31,29,30,35,32,22,35,75,63,61,66,74,83,24,30,14,21,19,23,17,21,133,22,30,28,22,26,31,8,7,13,7,8,16,16,22,22,20,19,18,19,17,59,14,42,21,39,20,22,19,45,50,12,,12,16,12,10,9,16,18,16,11,14,17,7,3,11,10,11,47,25,,22,23,22,22,27,,17,8,20,8,7,6,11,5,17,19,5,26,13,13,9,12,9,11,10,19,15,24,21,28,,13,36,31,25,30,15,36,18,12,11,10,11,9,10,11,11,18,17,16,18,17,18,4,18,12,9,15,10,16,11,9,16,9,10,18,20,27,17,14,19,17,25,29,32,29,29,10,41,20,146,15,32,63,31,12,12,15,,6,12,12,13,11,11,25,16,13,15,,24,21,28,9,13,24,28,24,20,,12,13,8,12,14,9,42,28,12,21,6,6,10,17,5,6,9,,18,5,5,8,9,10,9,,8,10,14,,6,10,11,8,10,7,,20,,16,13,,11,11,7,9,,,12,17,8,13,12,15,8,8,19,16,14,32,11,13,15,11,13,10,17,3,5,7,5,4,5,3,5,13,7,5,10,8,13,16,10,13,10,21,21,18,17,31,,26,22,21,11,22,8,33,18,12,12,30,18,15,19,11,7,20,12,17,15,8,6,7,10,8,11,7,10,10,18,8,13,7,5,10,16,8,12,10,6,4,5,,11,12,12,22,4,5,19,7,6,4,5,4,22,7,13,3,7,5,10,7,7,,3,14,8,11,4,17,7,8,5,5,2,13,9,7,9,5,,4,4,6,4,8,8,4,5,6,2,17,33,12,,7,11,8,9,5,10,8,9,5,4,5,,11,6,6,10,9,6,8,10,12,7,8,9,9,9,8,,10,13,5,9,10,7,6,,10,10,8,7,6,8,9,5,16,10,6,20,9,55,17,13,17,17,6,8,,6,12,7,18,9,7,13,5,11,10,10,9,4,11,7,10,4,5,5,5,3,6,16,13,6,17,29,12,15,26,16,,3,14,8,10,6,9,17,17,27,31,33,13,25,16,11,36,14,5,62,11,8,9,6,8,11,9,17,10,9,4,8,19,22,15,14,23,14,17,13,24,22,12,12,14,11,21,17,16,9,7,30,23,24,6,16,22,10,,21,28,25,,24,51,41,39,18,33,35,,22,25,16,14,20,16,35,14,11,7,10,5,19,18,,9,,12,27,46,32,40,13,37,10,5,,15,8,9,31,60,35,,28,11,9,10,10,19,8,3,8,8,20,2,11,9,4,11,8,11,3,3,6,,3,8,8,9,10,4,3,7,3,3,3,7,6,8,13,14,11,8,9,5,10,23,25,5,18,29,30,22,27,27,16,20,14,16,18,15,19,18,,22,13,14,7,9,2,10,15,20,20,28,30,40,16,13,10,9,11,9,13,19,26,24,13,,40,25,9,18,8,21,12,23,104,23,11,9,56,93,35,48,59,13,10,14,11,11,,9,9,,21,6,14,9,32,17,18,6,11,15,10,6,15,8,7,37,13,8,4,10,9,8,31,33,32,32,47,37,70,27,37,31,41,35,26,36,25,25,26,26,23,32,15,13,,14,33,28,12,39,17,29,11,,30,21,27,21,11,12,5,21,13,23,19,48,7,18,27,10,8,34,15,16,8,14,,4,10,4,3,22,33,29,19,,6,10,9,12,13,13,14,20,10,1,2,12,11,14,6,8,19,12,8,14,10,77,23,52,13,5,9,9,8,8,7,6,6,9,6,11,7,6,4,6,14,19,5,5,3,2,,3,22,28,8,6,9,7,6,10,8,13,6,2,6,7,2,3,4,6,5,9,3,3,21,5,9,13,4,4,5,27,,10,34,97,42,2,20,2,3,2,8,4,5,17,24,31,32,7,6,6,4,10,11,5,6,13,7,11,9,14,20,14,13,5,20,14,11,3,17,12,11,14,11,13,,14,16,16,32,9,9,7,13,19,15,17,18,12,6,10,11,9,12,15,14,4,10,10,15,13,,,6,5,7,13,13,12,12,22,17,32,20,8,12,7,17,,21,16,19,12,27,42,27,19,26,17,,20,10,5,11,,17,15,20,38,25,13,,17,23,6,17,24,25,32,3,2,16,13,14,26,32,8,10,24,14,6,23,4,6,32,31,30,41,,6,7,7,13,24,14,17,17,25,12,25,10,16,16,15,23,12,4,8,32,24,12,8,9,5,10,12,9,10,10,34,9,7,5,4,3,5,12,11,3,4,5,16,8,,7,10,4,12,20,29,15,21,39,19,9,19,26,17,24,28,10,38,12,,24,12,17,24,17,10,30,31,38,39,60,14,53,26,29,13,6,31,22,10,5,10,9,9,18,,15,19,18,18,14,8,12,10,,7,26,9,9,15,16,10,5,5,10,16,23,14,16,15,14,2,3,12,6,7,9,7,7,2,5,6,1,5,4,5,2,8,16,26,29,27,33,19,41,40,39,3,44,106,42,27,13,14,9,22,15,17,9,18,16,9,9,9,22,29,17,9,4,6,8,22,35,39,46,31,25,27,22,22,39,31,18,19,25,17,21,19,18,16,86,31,24,28,,45,24,16,33,35,39,23,18,23,29,13,2,11,10,2,,7,16,20,11,8,14,8,11,43,32,29,18,24,8,11,11,4,7,11,,5,5,5,4,7,10,7,14,10,11,13,9,7,11,23,24,35,26,5,55,21,23,26,8,6,8,5,16,,15,32,9,18,,8,15,19,33,,15,61,25,14,6,10,9,5,18,5,6,11,3,3,14,12,16,28,11,12,16,18,48,61,10,11,19,11,4,10,11,16,40,10,12,10,14,7,7,6,10,4,12,9,15,12,8,11,13,13,18,2,12,20,9,27,23,15,,13,12,4,31,6,5,6,5,6,4,2,5,7,2,23,21,10,26,40,5,19,11,9,19,11,8,21,10,25,8,7,22,7,7,17,13,12,10,18,25,14,14,31,8,7,,18,7,4,5,16,9,13,3,3,15,6,11,35,29,20,20,29,15,13,6,9,6,10,6,6,14,7,17,5,5,8,4,6,12,5,,21,6,10,11,7,15,4,6,4,3,7,5,4,5,20,8,3,9,7,4,11,10,9,5,5,11,17,8,7,18,10,3,8,3,5,10,4,,12,19,15,11,21,11,8,21,1,32,,3,26,4,19,6,8,13,8,2,8,2,3,,5,6,10,13,4,6,2,10,14,10,9,10,6,12,5,6,3,8,13,8,15,50,14,14,13
20160416,11,NO2,11,8,2,16,19,16,16,15,8,29,10,12,,20,25,15,24,22,23,,28,25,17,16,16,20,,50,27,13,40,33,19,21,37,39,37,71,45,58,17,25,57,35,35,32,34,20,30,26,19,68,18,12,34,9,15,13,8,18,23,27,38,8,12,28,17,15,22,26,46,33,17,10,26,17,30,37,15,9,,10,1,10,11,2,3,17,7,19,6,4,7,27,14,7,23,24,23,,28,64,27,35,41,,35,24,36,7,57,15,13,22,12,23,8,60,43,68,32,46,22,20,27,22,30,42,65,15,,81,90,51,25,97,16,65,36,63,48,47,42,59,41,32,38,23,37,45,43,46,43,53,56,39,46,45,64,55,62,63,51,76,73,42,56,43,63,63,25,31,47,46,63,89,43,63,67,68,68,33,40,32,40,29,41,22,,44,44,31,50,39,32,51,47,19,45,,39,33,29,40,30,46,39,23,57,,22,52,33,39,35,30,40,72,38,36,91,42,11,92,32,82,89,,86,84,59,12,13,14,32,,9,25,22,,48,56,67,79,48,,,52,,34,54,,22,18,14,13,,,53,57,38,46,47,44,48,47,61,53,44,24,20,41,60,62,46,27,59,11,58,64,63,52,71,23,65,56,29,25,34,19,23,30,12,24,24,42,31,47,38,12,,52,6,23,21,2,75,29,14,10,24,36,67,60,56,40,38,33,50,45,37,20,12,31,22,26,18,7,25,12,16,12,12,8,9,15,22,24,16,12,9,47,38,,29,30,18,47,44,32,42,38,17,34,30,23,43,21,40,3,24,43,41,26,9,,6,45,46,43,20,21,2,27,32,11,4,4,2,16,18,20,,45,21,44,36,17,20,31,32,16,14,19,16,11,,33,19,66,28,36,39,28,15,6,29,15,,31,19,58,21,46,16,21,32,13,19,58,18,41,36,39,,23,42,24,44,47,52,42,,30,36,16,29,8,15,17,21,17,42,20,34,15,12,10,4,27,15,15,42,,8,50,30,26,30,30,21,26,28,32,16,25,21,17,15,38,26,28,9,46,41,23,26,27,16,8,28,20,7,12,13,,36,44,47,35,17,13,14,29,24,21,10,29,33,41,27,,14,15,20,11,10,9,8,6,9,13,11,10,6,3,8,24,22,20,12,12,8,19,9,41,36,18,10,30,30,33,67,69,62,27,63,44,54,42,34,53,44,,8,14,19,,13,37,30,22,31,42,71,,45,7,19,47,68,36,14,31,37,21,18,26,33,34,,34,,26,30,29,42,32,57,61,33,10,,27,19,40,40,18,18,,19,23,24,17,26,45,49,30,29,30,35,8,5,10,5,17,3,6,14,6,5,,16,24,19,22,19,31,19,18,8,5,8,36,53,44,24,29,34,35,28,28,24,5,4,17,28,33,44,19,17,17,8,13,6,13,6,11,20,35,,25,20,6,32,11,33,8,5,24,13,12,11,4,13,8,13,13,11,19,16,28,38,12,14,,17,29,15,18,6,24,16,18,40,12,10,9,37,52,46,67,70,59,26,46,24,50,,14,19,,28,17,12,27,111,38,73,42,20,17,20,8,14,22,34,19,9,26,13,14,24,22,27,30,28,19,21,32,33,4,33,14,1,32,18,25,32,14,25,20,23,48,15,14,,22,30,27,21,22,42,35,32,,18,26,24,15,24,57,36,24,28,22,13,10,18,8,11,2,11,9,9,7,8,32,,9,6,8,6,5,29,17,17,,10,7,16,13,18,11,10,21,8,8,4,37,38,43,38,26,18,24,17,15,14,39,63,36,31,14,21,29,42,20,21,28,30,30,23,43,16,16,26,35,42,28,17,24,32,10,,19,30,17,6,25,26,28,5,14,11,13,2,23,22,34,9,16,29,25,11,25,16,30,19,30,25,19,8,15,6,8,,5,20,45,8,15,4,2,10,11,11,6,7,41,51,48,58,9,13,8,,25,24,16,14,18,28,28,26,40,18,28,15,10,32,21,21,11,14,58,60,54,51,44,,38,56,47,,40,50,20,23,54,53,62,,41,40,24,40,24,45,38,37,64,64,50,75,116,,,29,18,19,16,8,15,13,12,12,17,15,37,37,26,17,,11,10,14,8,5,9,9,11,6,8,,8,12,22,11,,7,5,17,8,13,16,,11,6,9,10,12,26,16,8,10,18,16,13,4,10,18,16,15,9,2,5,7,4,27,39,30,45,,5,9,21,18,27,29,26,28,15,21,19,22,45,53,44,17,21,21,41,89,67,21,13,25,16,60,34,26,14,38,16,6,1,11,2,25,9,29,24,19,26,16,22,8,,32,26,19,8,32,34,34,11,5,41,26,7,11,86,155,66,46,39,42,,43,48,15,36,12,38,43,27,54,54,71,51,34,40,72,2,92,57,42,27,12,52,51,50,57,,,7,58,37,12,26,44,25,,19,44,28,25,41,48,40,47,31,37,35,28,48,51,50,33,2,20,26,19,18,20,8,6,33,45,27,7,26,11,19,47,2,11,8,16,5,16,18,31,43,16,5,12,16,11,7,5,11,6,4,14,10,16,12,15,13,11,3,11,18,6,14,8,16,19,5,4,35,37,10,26,38,10,32,13,14,15,14,18,9,21,23,25,18,19,49,20,50,,32,46,44,22,25,52,18,18,11,35,17,24,38,13,12,,16,11,13,19,17,23,19,28,24,6,16,19,11,51,11,6,13,5,3,,16,5,13,13,4,7,,4,11,27,14,16,18,2,4,3,4,3,8,20,11,12,17,7,5,13,12,14,,13,17,12,26,2,10,10,8,1,,3,12,4,9,2,3,4,20,15,38,22,29,8,16,16,13,17,12,4,14,12,15,13,18,7,10,8,18,8,19,15,5,18,7,24,33,30,25,50,18,20,22,30,26,26,19,13,20,36,34,30,7,29,20,27,10,27,16,,17,16,16,23,28,13,15,20,20,12,23,23,36,26,13,17,23,16,19,9,10,19,22,18,15,24,16,20,32,24,22,54,31,29,30,17,18,7,25,11,24,21,19,11,15,,30,56,67,1,10,7,11,18,56,23,45,16,29,38,11,5,19,25,26,44,39,22,25,58,45,7,8,,24,106,21,8,14,13,10,,10,5,14,38,24,11,23,18,18,2,16,5,14,9,14,7,9,8,18,10,6,17,16,20,8,7,8,10,10,10,34,5,,10,7,42,20,,14,10,4,23,8,7,16,19,15,15,,25,31,2,7,4,14,11,10,7,16,3,4,1,55,41,17,22,14,22,26,22,16,35,58,49,29,42,,16,2,22,23,17,47,21,49,12,52
20160416,11,NO2_24h,37,30,37,45,48,46,58,50,34,52,35,36,,60,57,35,55,51,60,,67,80,51,56,51,52,,44,32,32,36,33,21,22,75,86,64,89,86,85,24,47,69,53,47,40,44,28,52,38,32,78,34,34,50,22,23,20,18,28,26,25,24,23,16,56,49,44,52,64,60,53,26,34,26,48,40,49,36,19,,11,17,18,20,7,22,30,13,27,15,15,16,31,21,13,24,28,30,,26,63,28,38,38,,27,29,33,13,20,20,22,23,16,31,16,59,42,51,37,46,19,17,25,24,42,35,36,28,,82,87,52,29,76,27,50,30,49,39,39,38,41,31,31,24,20,31,36,36,46,31,46,52,29,31,32,42,33,42,40,39,36,41,26,29,24,36,35,24,29,18,35,40,42,25,34,36,42,36,33,36,27,36,32,46,30,,50,53,33,41,36,22,46,34,16,35,,39,37,29,42,27,52,48,18,49,,14,43,23,24,26,23,42,61,33,28,44,44,12,51,21,44,55,,49,32,46,15,16,19,32,,11,24,28,,58,86,56,25,15,34,,34,,30,37,,41,23,24,23,,,43,32,26,44,31,35,25,23,27,42,45,22,25,45,70,43,38,9,41,35,57,54,64,50,62,10,50,54,34,26,27,10,27,48,15,33,27,26,25,28,34,12,,33,9,20,18,10,38,20,20,17,16,24,42,51,34,29,24,30,37,30,23,19,29,38,29,31,29,20,25,35,31,19,32,12,24,16,42,39,24,25,17,51,43,,40,45,37,53,50,26,50,36,25,33,28,37,35,18,58,9,16,27,31,26,30,,11,55,51,54,41,35,11,47,49,17,12,11,7,20,18,17,,34,30,39,38,38,16,22,22,12,12,33,27,27,,33,18,48,15,25,47,41,37,6,12,16,,25,14,35,18,22,18,27,28,24,17,46,23,25,35,19,,29,53,34,39,44,42,44,,30,20,12,45,13,23,15,26,31,51,18,31,17,11,17,6,31,21,16,34,,11,44,18,41,33,46,34,33,37,43,18,28,25,19,21,44,29,28,14,25,32,22,21,29,12,5,24,28,28,31,30,,44,39,41,50,34,15,26,30,32,20,30,27,33,37,22,14,8,13,34,17,16,12,12,13,13,16,17,13,11,8,11,29,29,19,19,14,10,24,13,27,26,17,17,37,33,39,46,50,50,19,32,31,31,32,21,33,35,,23,24,27,,24,37,27,26,31,43,42,,35,22,13,26,46,23,10,21,29,13,10,13,13,16,,17,,19,26,28,33,23,25,35,21,7,,20,12,19,41,22,28,,25,26,30,19,34,26,24,17,23,21,27,9,6,10,7,17,5,3,10,4,5,,28,35,10,18,14,20,14,13,6,4,6,34,52,47,16,20,24,30,29,30,25,6,8,17,18,28,37,22,24,26,15,22,15,21,13,17,16,31,,29,22,9,28,16,30,8,6,52,41,39,40,26,28,8,14,10,14,16,16,21,34,18,15,,26,33,17,26,12,28,20,25,54,15,12,7,39,50,43,46,49,32,19,32,20,28,,10,22,,24,19,10,16,67,26,44,22,25,22,20,10,21,24,26,19,11,30,18,21,22,42,21,27,24,14,10,35,18,3,44,32,19,43,31,29,32,25,32,27,32,48,20,21,,25,41,36,34,18,26,26,26,,26,29,28,19,41,52,45,36,44,41,33,22,35,24,9,10,16,15,12,12,7,22,,19,18,24,5,7,47,27,43,,10,14,17,13,22,19,16,28,12,8,6,24,26,29,24,14,18,23,21,18,10,45,14,33,27,6,5,19,22,15,18,16,21,26,20,39,19,11,25,23,36,20,19,32,40,20,,28,15,9,16,28,31,38,12,28,20,20,6,33,37,41,10,21,35,40,25,32,35,42,21,42,37,30,9,14,9,20,,7,19,29,18,14,6,2,13,12,31,19,18,22,32,25,33,18,16,8,4,27,26,13,13,22,32,16,23,29,11,17,8,7,23,10,11,10,12,38,48,35,33,32,,34,37,49,41,37,38,22,19,37,31,43,27,25,28,20,43,32,18,16,26,48,38,29,47,57,,,27,23,15,15,10,13,14,23,17,22,19,39,39,33,7,,14,8,14,13,21,24,16,19,23,13,,16,22,23,8,,8,3,24,19,28,20,,14,10,11,9,20,31,25,9,10,20,23,20,18,26,22,21,29,7,4,8,9,4,35,41,35,53,,5,11,18,18,29,41,16,33,19,17,22,24,33,36,35,22,26,22,29,38,45,32,19,28,18,40,34,28,10,18,19,7,2,11,2,34,13,32,34,17,21,12,17,7,,35,28,17,10,30,49,24,21,12,30,21,11,12,63,18,41,29,34,20,,26,31,18,31,9,22,27,32,31,39,54,40,39,31,65,9,51,32,36,26,10,32,43,34,32,,24,18,57,26,15,24,19,30,,17,56,36,38,24,36,27,40,22,39,20,31,29,30,31,19,2,19,19,15,33,48,42,21,26,47,42,3,9,5,20,14,3,17,10,18,13,15,18,32,33,21,8,24,20,25,20,6,12,10,10,15,14,17,22,20,23,19,3,27,24,13,14,11,16,11,20,20,37,32,31,32,43,19,40,18,21,28,35,29,26,21,28,31,21,23,47,19,24,,20,19,23,22,25,52,22,20,14,32,35,29,21,14,28,,16,12,14,16,19,18,15,24,22,32,25,24,26,45,21,17,14,10,3,,11,8,9,14,5,26,19,23,22,33,20,30,27,5,13,11,18,14,14,31,27,23,37,12,13,14,4,14,,25,25,35,33,4,15,14,13,4,,16,14,12,19,5,11,24,18,15,30,18,28,7,13,17,18,18,15,10,21,24,12,15,20,11,23,11,14,14,29,38,8,16,12,16,16,31,20,28,15,18,12,29,15,19,20,11,21,26,22,20,9,24,22,20,6,26,16,,18,21,30,32,38,25,16,44,17,12,4,22,32,27,7,8,15,11,13,9,9,17,35,28,9,13,9,11,22,14,16,29,21,27,22,14,14,11,17,16,14,12,13,10,21,,32,16,11,3,10,6,8,14,25,28,17,4,24,32,13,14,18,21,21,39,24,15,13,38,33,8,7,,23,17,13,16,17,19,9,,23,6,7,21,14,13,21,28,21,22,34,23,24,9,17,7,11,14,23,12,4,33,24,20,11,13,13,28,29,17,41,6,,10,22,60,25,,8,8,11,26,9,4,13,14,14,18,,30,52,7,16,13,19,31,32,13,17,4,4,3,41,36,9,28,32,38,20,45,47,44,26,35,26,18,24,12,3,14,24,17,23,26,53,14,63
20160416,11,O3,73,78,73,72,65,67,76,61,57,58,75,78,,67,68,23,67,66,79,,56,64,72,66,47,81,,55,28,9,54,60,37,75,56,60,59,27,49,40,116,108,113,133,126,66,54,66,68,75,68,81,60,74,40,91,89,83,88,76,77,76,75,84,88,51,60,62,76,63,63,62,67,77,62,87,60,55,58,53,,53,63,56,44,56,93,77,85,90,104,80,75,74,76,81,89,133,130,,136,66,125,113,108,,121,105,85,113,82,122,122,104,110,104,100,83,77,59,100,81,98,108,88,108,122,34,16,119,,41,20,84,59,29,69,19,59,69,65,62,79,41,66,78,71,74,23,24,44,36,31,36,24,39,58,35,18,40,29,32,38,26,26,41,39,48,11,33,91,87,47,79,26,14,27,24,22,24,21,7,28,29,41,68,65,60,,50,63,75,30,53,40,51,39,52,33,,43,46,4,47,21,42,45,40,24,,33,22,50,43,47,60,32,20,37,27,5,9,44,8,17,2,7,,12,2,3,86,88,99,81,,102,84,77,,38,36,25,17,30,,,22,,42,38,,86,70,81,84,,,23,15,19,25,70,25,27,28,26,12,8,31,43,31,34,25,50,29,29,46,27,33,60,35,13,38,36,16,50,66,45,77,41,50,68,67,76,24,28,33,22,27,,27,36,126,120,107,68,107,134,96,91,101,36,25,24,26,42,30,20,23,34,49,74,60,60,53,76,51,60,74,91,55,100,81,88,76,80,81,74,81,75,8,10,,11,5,23,6,13,14,4,9,38,45,38,38,28,33,69,29,55,34,22,53,50,,66,14,15,14,38,30,51,23,19,39,44,51,46,38,34,28,,15,26,19,20,33,45,30,37,33,44,35,42,43,,91,106,47,63,67,95,107,98,94,88,62,,76,48,50,60,44,76,65,63,77,54,35,75,46,76,43,,71,103,65,55,55,47,69,,65,26,97,93,100,91,98,101,105,100,104,110,119,116,128,122,123,95,98,82,,115,69,85,56,56,62,59,53,42,60,75,47,65,62,61,59,77,69,139,58,65,61,37,55,70,88,47,52,91,69,58,,12,28,43,39,86,29,76,55,67,72,86,59,64,67,56,,115,64,74,54,88,80,87,75,85,98,83,81,62,96,88,128,117,118,119,125,164,128,128,100,119,144,123,107,65,134,10,4,15,29,38,54,69,30,42,46,45,,84,81,54,,80,33,23,,30,75,29,,32,38,37,30,46,26,71,69,67,92,69,81,69,50,,67,,69,47,46,61,74,37,42,72,116,,64,,69,85,94,92,,34,29,10,39,33,20,30,47,39,44,41,67,47,59,81,78,38,61,70,63,74,,38,39,57,50,57,29,32,34,55,40,57,8,4,10,50,35,52,43,50,50,77,52,10,61,110,55,65,60,42,48,92,81,85,86,90,69,68,83,,86,47,74,47,42,45,64,39,66,71,75,87,97,84,88,80,55,55,102,84,92,87,128,124,,148,131,152,120,148,131,138,128,94,121,150,152,110,102,113,79,92,86,100,94,111,77,,132,68,,53,87,91,4,2,26,5,22,70,76,79,95,87,14,79,84,27,47,23,53,44,14,19,13,20,17,19,27,32,81,46,50,66,48,62,72,45,81,69,76,39,50,78,68,,55,46,70,32,60,40,47,20,,82,20,73,82,67,37,50,55,69,73,86,71,83,87,110,100,106,105,77,63,60,60,,40,82,87,87,72,109,103,104,,77,109,56,129,102,86,103,110,106,69,77,12,10,17,9,37,41,45,77,65,63,52,44,87,107,88,56,77,42,52,26,60,53,28,45,30,23,69,50,110,37,44,62,86,110,98,,102,94,88,101,47,54,53,112,144,110,101,96,81,79,77,77,58,40,48,76,42,55,46,67,75,72,62,108,107,84,86,,87,85,72,88,92,95,52,125,49,79,79,108,34,37,29,22,88,81,134,2,108,112,121,133,112,114,117,91,104,129,88,62,62,78,81,88,87,107,31,30,27,42,53,,48,,43,,61,53,26,4,26,25,54,38,77,31,,35,28,,47,29,68,24,40,10,4,,,78,53,66,64,71,67,68,65,68,72,70,37,28,58,91,,39,58,98,83,89,86,93,80,82,82,,84,83,40,43,,36,30,86,117,95,54,,35,99,84,74,54,38,79,97,98,96,97,83,92,49,55,78,80,102,84,41,122,116,64,94,60,48,,145,132,93,101,200,117,105,156,69,59,48,33,83,66,74,135,145,112,95,12,23,55,58,62,64,55,69,73,46,35,54,34,71,69,63,81,52,50,73,84,67,77,80,19,,22,16,19,38,50,80,71,86,,42,34,94,81,21,118,102,27,22,19,,17,12,,17,32,25,32,39,66,2,97,31,69,26,21,3,21,16,75,46,73,77,20,66,15,,18,25,115,12,69,69,79,88,,64,91,23,30,68,39,46,14,26,28,40,20,8,7,5,14,,41,42,40,28,42,44,52,37,43,37,70,37,68,79,41,84,75,62,80,53,99,29,56,56,68,124,102,98,114,114,47,49,53,49,47,76,72,91,65,87,43,,97,89,92,79,87,82,70,117,125,77,82,55,43,46,75,77,85,71,72,86,69,98,68,60,58,84,85,73,75,50,,40,32,36,25,31,34,31,76,80,72,64,67,65,32,72,,56,72,111,73,89,67,78,78,84,85,66,72,50,61,73,70,80,100,76,,72,77,58,69,68,72,59,84,66,65,78,74,46,98,97,101,99,98,105,82,88,77,90,110,97,100,68,72,,98,73,44,85,88,75,75,73,76,,95,93,81,87,84,71,115,123,22,43,66,80,47,21,93,102,100,73,86,87,101,72,77,71,94,82,39,31,70,65,134,103,12,105,98,61,78,76,74,30,69,31,64,73,67,78,78,41,40,34,41,78,39,61,56,78,68,74,,64,84,39,70,116,70,36,149,13,59,58,53,35,42,61,68,76,68,68,50,82,79,21,49,93,71,73,73,80,99,37,46,137,11,88,88,92,80,8,63,73,94,100,110,99,,51,51,26,97,107,83,53,,30,145,18,4,82,99,140,160,147,136,120,46,120,61,52,29,41,58,20,75,50,91,95,73,82,99,106,,50,19,43,47,40,38,39,37,35,105,103,59,103,29,52,56,118,105,97,71,57,54,52,94,91,72,109,100,102,92,111,51,,73,98,93,58,,67,67,106,77,113,84,95,112,18,65,,63,65,42,100,64,42,39,85,122,127,49,48,142,23,31,49,62,88,152,91,101,56,97,35,33,70,67,,64,99,88,76,79,39,60,20,77,6
20160416,11,O3_24h,146,96,149,168,158,136,130,101,84,68,144,137,,155,171,53,196,191,197,,171,128,190,142,106,206,,156,114,165,139,130,91,188,146,150,132,144,157,149,188,172,201,194,213,229,178,220,215,178,146,161,141,159,99,133,151,127,146,99,182,162,200,168,185,112,164,198,203,184,246,238,208,222,203,216,167,194,155,112,,90,117,110,104,117,114,164,155,95,118,80,89,92,90,88,94,153,152,,177,81,156,144,137,,175,150,138,138,143,159,158,154,150,141,127,134,115,108,137,113,131,151,135,128,151,110,152,119,,63,43,84,81,73,82,64,98,134,134,140,176,134,140,163,155,141,162,138,202,170,216,175,151,177,155,140,120,145,126,147,149,146,136,140,139,122,37,127,198,191,143,188,195,186,190,171,120,187,163,199,121,133,132,132,165,140,,118,173,172,100,148,143,164,124,137,125,,106,123,74,107,137,134,135,195,120,,159,134,147,141,142,142,116,83,144,115,136,118,131,165,148,139,130,,181,142,120,123,127,136,135,,146,137,104,,78,46,82,115,130,82,,180,,158,158,,152,128,142,115,,,100,105,113,104,126,103,125,127,96,116,121,107,170,140,127,123,173,165,133,67,47,84,114,95,93,94,60,78,57,83,70,131,56,50,72,73,104,175,202,200,170,219,,187,209,137,141,118,111,133,150,100,120,148,237,144,239,195,210,150,166,161,254,96,121,112,103,114,138,100,122,108,91,63,111,96,89,80,82,81,77,86,100,21,18,,14,21,23,14,25,43,11,36,87,97,99,85,93,81,77,91,124,128,77,87,52,,66,20,24,14,40,30,51,23,19,146,46,53,51,38,46,32,,51,49,51,52,47,97,71,79,97,118,44,46,46,,104,124,66,88,117,126,137,111,113,157,75,,101,69,93,70,101,76,86,110,113,69,78,92,104,81,116,,74,118,93,89,95,80,85,,78,93,160,138,160,145,165,148,146,160,152,119,119,132,137,129,129,103,148,178,,166,164,161,56,57,64,63,56,48,60,75,52,65,70,63,65,103,103,139,90,84,99,117,83,124,371,99,87,125,96,84,,20,42,90,49,109,40,82,60,73,90,102,82,94,90,74,86,183,77,77,56,118,107,118,98,112,128,96,100,89,108,110,168,152,158,152,131,166,135,136,176,222,215,152,131,88,152,68,80,51,65,206,202,192,134,147,182,172,,243,261,148,,219,156,90,149,120,236,181,,136,186,147,206,174,170,218,162,149,182,137,178,119,187,,214,,190,192,158,193,233,215,247,123,144,,109,159,158,252,228,235,,58,48,24,88,45,92,120,118,118,115,93,94,67,119,108,111,112,78,89,76,89,,60,66,123,115,128,56,53,56,73,54,75,25,22,18,104,60,93,73,86,61,104,58,12,94,134,65,91,138,158,169,121,100,91,107,115,92,142,189,,174,126,108,83,68,77,115,57,139,127,129,159,155,157,137,131,85,126,164,113,154,134,167,171,,153,141,165,120,163,141,177,142,129,127,173,189,157,143,196,178,169,148,139,139,148,145,,170,107,,107,139,135,94,98,93,77,129,102,114,124,112,127,130,106,113,93,161,91,151,174,133,66,46,64,47,59,77,87,112,149,136,170,125,166,179,131,210,208,181,93,208,191,177,,168,162,244,128,219,167,167,87,,131,146,132,137,75,52,62,55,69,86,89,74,104,100,134,132,139,140,78,68,70,127,,40,82,87,110,72,109,103,104,,140,262,115,156,131,105,134,133,134,82,93,101,86,83,85,49,58,57,98,76,96,71,107,138,137,132,101,116,75,52,55,104,77,57,94,66,41,76,57,110,55,88,84,86,113,98,,102,145,131,101,61,61,70,112,144,110,101,99,85,97,98,99,68,61,60,90,83,90,62,67,75,72,159,113,119,89,99,,118,126,116,115,150,109,70,138,62,91,88,117,167,236,224,352,109,89,154,151,122,122,144,143,182,184,185,143,179,199,192,142,84,103,124,126,100,118,126,146,143,148,155,,128,,126,75,151,138,85,16,163,137,136,166,245,135,100,150,129,,144,79,129,120,105,75,104,,,121,77,69,164,161,186,199,168,172,179,180,56,63,103,91,,99,64,220,198,149,148,139,129,144,160,,158,161,73,72,,63,52,136,168,141,84,,47,122,118,99,95,99,136,97,98,124,123,104,101,60,94,110,116,136,125,42,125,117,115,141,98,77,,183,167,134,134,219,117,123,189,130,139,87,55,134,108,121,135,148,120,118,125,72,94,98,108,125,98,98,106,80,40,98,102,107,105,97,112,84,64,82,113,84,106,85,19,,113,102,110,61,124,166,82,96,,106,75,94,86,337,118,110,196,200,200,,144,133,109,167,156,155,210,210,115,92,110,60,113,113,31,37,54,49,88,86,94,223,118,154,91,,78,142,256,91,84,106,174,94,,141,265,97,75,89,70,61,77,97,99,97,26,77,74,74,78,,104,125,98,47,59,62,65,76,92,69,133,81,108,99,110,88,86,67,83,58,110,46,117,82,77,124,102,98,114,114,91,90,92,94,101,119,77,91,69,88,43,,97,89,92,79,91,82,70,117,125,88,86,176,182,172,196,187,218,174,144,191,146,205,269,170,179,161,185,159,177,146,,141,146,169,177,181,181,194,149,169,176,95,112,129,41,98,,69,105,145,119,132,116,134,129,123,113,92,92,75,95,135,129,164,196,96,,101,104,109,130,129,72,59,84,66,65,78,74,46,98,97,101,99,98,119,92,106,83,97,110,108,127,90,81,,99,73,59,85,88,75,75,73,76,,95,93,81,87,84,71,115,208,83,117,160,97,47,47,115,120,111,103,111,108,130,111,107,105,144,150,90,58,97,102,168,140,262,149,144,101,98,108,128,38,87,47,89,104,98,101,102,88,87,95,93,91,104,102,83,96,73,83,,75,84,62,74,116,70,38,188,19,83,96,74,46,59,80,84,86,78,87,66,219,111,28,91,151,146,138,142,138,117,47,134,169,18,156,135,136,119,41,81,107,142,150,153,100,,90,141,121,131,145,94,72,5,89,172,46,63,101,130,145,162,156,164,156,98,190,96,91,148,176,93,48,103,80,149,157,101,130,121,130,,87,22,70,135,124,72,81,79,80,117,123,63,119,56,86,97,118,114,118,78,97,86,84,108,101,79,121,100,102,110,113,58,,77,99,94,91,,109,101,139,116,146,112,142,112,60,86,,85,82,64,105,72,57,45,103,157,176,59,57,142,45,48,118,111,133,200,135,152,84,166,124,71,98,117,94,113,107,107,156,150,84,81,54,157,15
20160416,11,O3_8h,45,70,59,44,44,40,41,42,36,44,44,64,,69,75,25,77,78,83,,66,64,70,75,39,84,,70,20,10,67,60,37,94,63,57,54,40,48,47,122,74,102,118,116,62,52,63,64,73,62,70,52,62,37,83,83,80,85,72,63,71,81,71,57,44,42,52,58,60,71,68,64,73,64,76,57,64,50,32,,48,22,30,27,41,52,50,72,83,92,60,70,72,68,74,70,96,104,,114,58,108,94,100,,120,108,102,119,100,128,125,120,120,110,106,62,58,36,77,60,86,110,73,84,89,48,26,92,,23,14,51,41,28,54,30,48,91,90,77,104,68,91,100,104,98,36,31,53,32,41,46,26,40,60,50,39,58,50,50,51,65,54,60,63,61,15,55,109,105,80,102,42,43,42,30,37,43,41,9,34,39,45,75,62,55,,41,54,84,33,61,51,60,44,55,45,,44,54,7,55,29,49,56,56,32,,44,34,78,73,74,91,39,25,45,31,20,14,45,40,16,16,12,,41,39,8,91,92,109,91,,116,92,83,,21,11,28,56,54,,,44,,65,64,,35,50,48,89,,,25,30,23,13,60,15,23,24,21,32,12,30,37,29,27,28,94,50,43,49,22,24,49,26,8,28,40,19,17,25,30,34,10,12,48,26,55,46,48,51,51,56,,51,53,131,130,113,99,119,143,91,114,122,62,37,57,40,58,33,40,39,65,35,48,37,37,29,55,32,33,50,91,37,79,53,70,56,60,56,55,61,61,11,9,,10,3,17,8,15,25,6,19,43,56,54,44,49,36,63,44,69,55,40,56,44,,54,13,16,9,28,17,41,10,8,48,39,44,42,31,30,26,,20,33,24,22,29,45,40,46,50,56,29,38,41,,49,56,28,51,51,42,42,40,95,87,55,,62,60,49,37,41,60,51,42,59,46,28,58,44,59,45,,56,71,21,26,22,28,28,,28,57,76,84,92,76,79,92,95,97,89,94,97,98,93,101,97,70,89,78,,102,46,74,28,34,33,39,28,25,30,47,31,55,46,33,27,64,59,129,64,62,57,37,46,61,77,47,32,49,57,30,,3,6,23,12,50,19,55,44,52,58,64,48,53,53,40,36,108,52,48,46,78,75,78,66,78,87,72,72,55,81,78,122,98,112,104,110,144,111,107,92,109,129,123,87,62,103,8,2,9,35,64,63,83,41,55,74,62,,72,69,43,,56,27,18,20,13,37,33,,26,38,57,60,54,37,84,87,90,108,88,98,99,82,,94,,77,37,34,43,72,55,57,88,126,,76,122,92,77,88,75,,42,34,13,39,36,36,55,65,50,67,59,56,39,51,69,65,27,64,61,54,62,,15,21,70,65,68,38,42,40,50,37,50,18,12,15,57,44,52,40,36,40,62,42,10,47,50,19,22,69,49,49,76,70,71,71,81,60,57,73,,76,38,54,36,24,34,44,29,35,32,56,34,58,69,82,79,52,49,102,82,95,93,123,116,,124,118,139,96,139,114,108,115,66,114,149,143,91,104,93,86,96,106,109,102,120,98,,142,64,,50,84,84,15,14,20,5,19,51,69,74,87,82,10,60,90,33,50,26,51,54,25,19,15,17,17,26,26,33,87,25,37,42,23,31,63,39,81,65,77,40,47,81,73,,59,35,43,20,68,58,64,34,,49,14,46,51,60,39,49,45,63,72,74,64,65,69,98,80,90,88,65,58,61,64,,25,57,43,88,54,60,56,41,,48,75,35,104,83,67,83,82,82,66,71,9,9,9,7,35,32,42,54,59,47,23,39,37,48,54,46,56,43,14,39,35,44,17,32,20,9,56,21,26,23,32,52,71,106,88,,90,88,80,57,19,32,23,46,38,71,62,37,30,21,24,68,30,16,18,30,16,25,14,48,42,46,33,93,98,55,58,,78,66,57,64,84,92,55,101,30,46,56,89,64,78,41,34,78,78,145,2,113,112,127,135,116,101,129,100,116,136,104,75,66,82,94,96,84,102,52,46,50,66,74,,65,,64,56,66,74,27,4,42,42,64,51,90,41,28,27,25,,66,32,63,27,46,20,31,,,82,55,53,70,75,75,71,57,59,64,60,20,12,64,65,,36,26,90,80,50,54,65,56,40,50,,66,62,30,35,,25,20,85,109,88,14,,20,92,79,68,42,28,67,86,92,74,71,64,86,44,53,74,66,91,76,38,109,107,55,85,58,46,,139,126,92,93,160,82,98,120,64,62,46,33,76,59,68,117,130,95,100,25,23,60,70,60,62,41,48,49,49,34,54,42,69,67,59,70,40,36,60,38,63,76,32,18,,31,15,23,41,55,76,49,60,,37,30,46,55,29,78,84,53,26,56,,25,31,,19,27,41,48,54,70,4,63,28,74,28,16,13,23,16,64,49,51,68,28,61,15,,18,50,92,21,63,45,58,84,,28,116,13,18,50,42,44,12,17,27,37,13,8,11,7,20,,49,57,54,29,37,42,41,30,28,19,37,45,64,56,63,69,40,34,34,30,65,24,62,51,48,77,57,54,64,66,53,54,55,53,53,69,63,70,53,56,27,,62,60,65,56,60,56,52,48,39,33,37,41,48,52,66,65,72,60,62,72,59,80,72,62,59,64,67,55,56,59,,43,50,52,52,65,71,59,66,68,71,22,28,51,19,29,,41,56,95,66,79,64,74,48,53,46,56,61,43,55,74,69,58,72,56,,53,57,61,70,70,39,28,43,30,40,44,40,29,60,56,58,62,63,88,70,75,61,75,71,65,72,60,61,,81,59,44,69,56,49,48,44,56,,54,53,57,47,33,28,46,115,22,14,33,64,36,17,75,76,82,46,39,42,53,44,44,42,42,30,39,27,40,20,56,94,13,72,82,48,41,40,51,17,45,24,42,46,48,51,53,15,22,25,25,40,17,30,29,56,44,52,,43,25,17,43,70,59,14,180,10,65,75,34,18,10,41,41,54,42,52,28,46,38,14,45,61,46,57,44,50,74,25,82,111,8,84,77,81,66,7,25,71,92,89,90,86,,48,40,45,86,88,79,55,,23,71,18,1,39,44,83,64,81,60,63,12,52,60,45,7,8,44,15,71,47,74,80,64,80,80,90,,32,18,43,46,44,26,18,11,16,61,57,35,67,19,42,40,100,84,88,63,36,21,27,73,73,57,88,36,42,69,69,52,,62,43,32,34,,74,65,62,50,104,78,62,75,11,46,,25,20,48,85,52,26,17,38,94,87,51,49,108,13,16,34,15,79,148,85,80,32,59,68,50,63,79,,42,99,92,65,75,15,28,29,70,7
20160416,11,O3_8h_24h,105,83,106,115,109,91,80,76,59,55,95,108,,102,118,37,116,121,127,,117,103,155,91,68,154,,122,86,139,115,103,71,159,132,121,113,117,117,128,166,132,159,164,172,181,139,174,175,143,126,130,116,131,86,111,115,101,114,81,155,143,174,150,164,77,103,116,131,148,205,196,188,193,180,172,127,150,120,80,,79,97,93,73,98,101,128,99,89,102,61,83,82,76,82,88,139,133,,160,65,137,129,123,,156,139,123,131,140,151,148,141,145,130,108,118,107,95,121,101,112,129,116,108,112,69,101,110,,58,39,60,76,64,76,53,88,118,120,116,140,118,126,138,145,131,152,131,187,158,196,161,143,165,145,125,100,123,110,127,126,131,124,135,135,114,34,117,175,171,134,166,182,171,177,114,113,171,145,91,112,120,131,125,153,119,,103,156,158,91,135,130,148,111,125,113,,103,113,60,89,96,114,115,192,104,,139,118,141,136,135,139,108,70,133,93,119,104,118,145,123,122,114,,150,126,102,106,116,118,121,,135,122,95,,63,39,68,115,116,74,,151,,134,139,,124,112,111,107,,,81,91,85,86,116,91,105,113,85,113,108,99,153,123,113,111,99,150,126,87,49,90,121,102,104,97,80,119,54,80,74,108,65,50,70,59,101,168,187,187,156,184,,174,198,131,137,114,106,126,146,94,118,138,213,131,214,178,185,131,152,146,225,82,101,97,84,99,115,88,99,100,91,49,84,77,70,67,60,56,64,70,75,14,13,,10,9,17,9,18,41,6,30,82,92,79,77,75,78,68,78,118,112,68,81,47,,54,13,16,9,29,17,41,10,8,53,42,44,45,32,30,27,,42,44,44,42,38,89,68,75,88,109,35,42,41,,91,102,53,82,102,103,115,95,102,143,66,,86,67,59,56,70,65,62,83,72,46,53,59,74,63,67,,56,87,64,72,70,59,67,,61,68,132,122,144,123,148,131,120,132,111,111,111,126,123,121,120,94,141,162,,161,151,153,60,73,87,57,55,48,68,70,52,57,58,69,58,84,77,131,79,76,86,63,78,116,174,90,80,118,82,79,,15,39,75,45,96,38,66,46,56,75,80,63,67,64,57,69,173,58,55,46,106,90,108,89,101,121,85,95,82,105,105,157,142,151,136,126,156,127,129,157,189,202,136,122,75,140,83,82,67,72,182,179,180,118,129,162,157,,195,208,138,,204,131,77,127,99,212,164,,113,170,129,184,148,150,186,133,127,151,114,147,114,156,,182,,162,174,141,172,207,190,212,112,150,,96,150,141,196,190,195,,59,54,16,77,42,93,118,119,124,122,100,79,56,70,94,93,42,73,80,69,81,,54,55,117,111,118,53,47,51,67,48,67,21,15,15,106,67,96,79,84,82,111,50,11,72,117,58,81,138,151,162,108,88,83,92,119,76,137,175,,156,119,92,73,65,76,99,52,85,91,96,114,111,125,125,119,80,104,139,102,129,115,151,156,,140,129,153,106,155,137,161,136,104,121,166,176,139,127,171,150,153,138,131,132,136,131,,156,93,,95,124,122,83,82,76,64,116,92,104,114,105,114,68,102,90,79,149,80,145,161,125,58,41,63,45,63,63,88,87,87,99,114,84,113,134,87,179,177,157,79,171,172,161,,150,149,226,118,200,145,151,80,,108,129,118,119,60,39,49,45,63,72,74,64,83,79,118,112,114,125,65,60,61,66,,31,70,55,113,54,66,68,54,,123,182,106,140,107,90,108,110,118,77,88,85,64,70,69,44,48,47,81,71,79,60,105,122,134,98,75,79,64,29,46,91,64,45,80,55,36,66,37,36,46,68,74,71,106,88,,90,136,126,89,51,59,61,105,112,84,97,90,80,90,90,95,64,54,55,84,75,71,56,54,51,54,156,110,116,85,92,,109,119,108,111,134,105,65,130,59,77,77,108,149,200,204,214,92,80,148,147,114,113,136,139,168,164,179,138,160,178,192,140,80,99,119,122,93,112,111,127,130,117,120,,110,,104,84,122,111,78,13,133,114,124,150,224,117,79,132,112,,138,72,122,67,84,53,82,,,110,72,63,139,136,158,155,155,161,167,167,63,73,96,65,,86,56,170,179,123,120,119,110,123,132,,134,136,69,68,,62,47,114,141,123,84,,46,118,113,97,90,88,127,86,92,118,116,99,97,53,83,96,104,132,119,41,118,112,86,124,86,72,,174,153,118,122,208,110,120,167,121,105,80,52,118,95,109,117,139,111,103,91,44,81,88,96,111,87,89,94,77,37,91,93,94,95,82,108,77,60,82,110,80,91,81,18,,105,89,111,58,117,142,78,91,,87,64,84,78,292,78,98,178,172,187,,135,126,99,151,142,119,183,182,82,63,90,56,103,102,27,34,23,29,80,76,89,154,94,147,81,,71,142,184,74,86,96,158,84,,112,181,88,43,74,63,59,77,91,98,103,24,79,80,77,77,,109,124,102,30,41,42,51,56,68,53,109,81,111,102,112,69,57,56,68,39,92,40,62,71,61,77,72,78,78,74,62,64,64,63,66,119,63,70,53,56,28,,62,60,65,56,60,60,58,82,102,81,79,148,146,146,170,162,190,150,128,170,129,187,204,155,160,150,169,147,161,138,,130,134,155,155,158,163,169,139,159,167,84,105,116,38,91,,60,94,129,105,116,102,120,120,112,95,76,75,65,72,122,114,104,130,88,,90,94,98,122,119,42,39,53,50,42,57,47,29,64,61,66,62,63,97,72,83,65,75,71,89,101,78,75,,81,59,50,69,77,74,57,52,64,,67,67,59,63,33,40,65,167,69,108,128,85,42,38,104,109,101,93,104,99,117,99,93,88,118,130,64,54,80,83,143,121,200,133,130,99,88,102,124,34,72,41,77,86,81,83,88,62,60,65,66,72,79,66,71,82,59,68,,60,44,38,61,73,59,26,184,16,77,106,60,37,42,71,77,78,70,82,63,119,105,25,67,144,140,128,136,130,109,44,98,158,15,140,128,125,107,30,76,85,116,141,143,86,,68,136,116,128,142,92,76,5,74,161,42,56,96,115,142,159,153,160,147,89,165,92,86,119,148,97,55,96,62,142,153,98,122,115,125,,85,23,61,126,113,67,76,70,69,104,101,51,103,52,70,84,100,108,108,75,95,74,73,103,97,71,112,89,88,101,106,55,70,73,93,85,86,,102,96,135,84,138,109,138,99,44,75,,78,76,51,103,64,56,45,98,149,167,56,55,123,40,44,109,101,128,190,124,140,76,153,102,66,89,109,94,105,102,103,132,129,79,78,60,151,7
20160416,11,CO,0.3,0.2,0.7,0.4,0.3,0.4,0.3,0.2,0.2,0.3,0.4,0.3,,0.415,0.383,0.855,0.81,0.414,0.698,,0.787,1.011,0.177,0.493,0.791,0.52,,0.567,0.775,0.284,0.613,0.958,0.242,0.574,1.235,1.146,1.432,5.533,1.364,1.879,0.565,0.581,0.566,0.678,0.711,0.699,0.372,0.674,0.444,0.446,0.434,0.359,0.457,0.166,0.533,0.046,0.315,0.342,0.493,0.552,0.319,0.487,0.296,0.315,0.383,0.225,0.048,0.344,0.379,0.791,0.621,0.534,0.328,0.26,0.409,0.33,0.306,0.561,0.478,0.409,,0.334,0.272,1.057,0.499,0.931,0.568,1.153,0.602,0.298,2.168,0.759,0.24,0.388,0.501,1.284,0.864,0.643,0.998,,1.37,0.823,0.986,0.896,0.903,,1.042,0.686,1.149,0.724,1.113,0.877,0.556,0.824,0.674,1,0.334,1.053,0.909,1.329,0.86,1.017,0.867,1.055,0.905,0.908,0.974,0.298,2.676,0.966,,1.408,1.426,0.962,1.756,1.931,1.444,1.052,0.847,0.456,0.566,0.674,0.474,0.855,0.506,0.423,0.665,0.649,1.5,0.948,0.68,0.253,1.131,1.088,0.695,0.533,0.775,0.648,1.053,0.841,0.927,0.731,0.668,1.057,1.108,0.849,0.878,0.757,0.998,0.513,0.769,0.834,0.768,0.756,2.155,3.769,2.559,2.087,3.012,2.105,3.427,1.156,0.709,1.014,0.943,1.064,1.29,1.447,,1.739,0.852,0.545,2.373,0.702,0.704,0.904,0.573,0.714,0.697,,0.595,0.598,0.75,1.13,1.174,1.263,0.805,1.326,1.901,,1.883,1.189,0.786,0.78,0.976,0.853,1.625,1.274,1.897,1.675,0.927,1.052,0.33,0.618,0.572,1.066,1.169,,1.079,1.039,1.248,0.598,0.487,0.625,0.681,,0.529,0.632,0.746,,0.891,0.843,1.011,0.812,0.614,,,0.781,,1.445,0.701,,0.67,0.576,0.888,0.402,,,0.926,1.218,1.448,0.869,0.794,0.952,0.607,0.368,0.627,0.905,1.022,0.894,0.67,1.108,1.143,1.81,1.111,1.236,1.723,0.522,0.472,1.111,1.019,1.131,1.258,0.769,1.098,1.105,0.779,0.676,1.063,0.753,0.787,0.706,0.895,1.039,0.78,1.312,1.076,1.379,1.075,1.181,,1.09,0.889,0.643,0.679,0.693,0.661,0.484,0.458,0.247,0.943,0.58,1.712,1.374,1.844,0.957,1.207,1.464,1.237,0.848,0.954,0.533,0.443,0.735,0.607,0.694,0.793,0.708,0.63,0.481,0.559,0.355,0.767,0.622,0.632,0.595,0.43,0.454,0.34,0.692,0.659,1.124,1.468,,0.74,0.715,1.024,1.251,0.999,0.825,0.889,0.913,0.282,0.72,0.592,0.884,0.664,0.71,0.598,0.643,0.612,0.839,0.869,0.658,0.656,,0.712,0.596,1.118,1.123,0.657,0.802,0.373,0.716,0.868,0.771,0.583,0.717,0.549,0.599,0.759,0.695,,0.913,0.563,1.006,0.612,0.514,0.721,0.726,0.726,0.706,0.275,0.774,0.79,0.468,,1.238,1.09,1.373,1.261,1.235,1.127,1.02,0.964,0.336,0.676,0.633,,0.689,0.383,0.468,0.244,,0.478,0.488,,0.525,0.736,0.604,0.488,0.201,0.129,,,0.758,0.383,0.647,1.032,0.538,0.742,1.012,,0.738,0.729,0.224,0.451,0.151,0.2,0.252,0.445,0.761,0.38,0.276,1.258,0.563,0.229,0.636,1.693,0.46,1.045,0.369,0.987,,0.161,0.591,0.593,1.442,0.796,1.469,0.716,1.314,0.821,2.455,0.806,0.764,0.506,3.263,1.481,,0.697,0.312,0.73,0.972,0.744,0.423,0.505,0.745,1.068,0.813,1.18,0.652,0.685,0.06,0.728,,0.534,0.657,0.588,0.555,0.345,0.744,0.41,0.34,0.531,0.556,0.375,0.656,0.443,0.497,0.557,,0.333,0.275,0.572,0.709,0.682,0.638,0.509,0.537,0.689,1.259,0.73,0.468,0.197,0.391,0.371,1.39,0.937,0.835,0.466,1.426,0.723,0.173,1.99,1.571,1.071,0.334,0.79,1.278,,0.878,1.559,1.507,0.733,0.73,1.079,1.474,1.274,1.614,1.378,1.522,1.392,,0.527,1.326,1.234,,0.78,1.576,1.331,1.168,1.148,1.608,2.254,,1.435,2.244,0.937,0.781,0.689,1.42,0.658,0.669,0.368,0.639,0.712,0.455,0.742,0.661,,0.675,,0.403,1.152,1.193,4.377,1.147,2.257,0.835,0.504,0.351,,0.438,0.831,0.584,0.903,0.591,0.51,,0.865,1.025,0.348,1.026,0.635,1.549,1.758,1.08,1.106,0.976,1.164,0.657,0.837,1.146,0.639,1.342,1.66,0.547,0.63,0.844,0.566,,0.827,1.074,1.339,0.952,0.833,0.967,0.736,0.794,0.628,0.844,0.981,1.39,2.178,0.759,1.435,1.494,1.442,2.05,1.757,1.783,1.406,0.806,1.407,0.543,1.647,4.163,3.846,1.305,1.328,1.187,1.011,1.834,0.357,0.694,0.396,0.474,0.828,2.853,,1.679,0.831,1.478,2.473,2.215,3.566,2.072,3.582,1.485,0.341,0.6,0.503,0.161,0.24,0.552,0.732,2.007,0.51,0.879,0.587,0.739,0.887,0.626,0.52,,0.671,1.969,0.568,1.751,0.667,0.762,1.212,1.479,3.189,0.846,1.005,0.471,0.849,0.608,0.925,1.253,1.241,1.085,0.754,0.84,1.082,0.933,,0.574,0.89,,0.259,0.634,0.483,2.067,2.21,1.08,1.238,0.857,0.723,0.513,0.543,0.688,0.679,0.768,0.671,1.624,0.617,0.649,0.578,0.655,0.609,1.105,1.065,0.778,1.059,0.965,0.614,0.821,2.144,0.769,1.311,2,2.532,0.632,1.436,2.029,2.321,0.303,0.61,1.013,0.751,1.059,1.277,1.84,,1.255,1.818,1.56,1.317,1.934,0.841,0.737,0.884,,1.038,1.686,1.184,0.811,0.677,0.531,0.481,0.821,0.654,0.829,0.635,0.802,0.798,0.435,0.691,0.711,0.509,0.416,0.868,0.492,1.752,0.496,,0.182,1.667,1.29,0.835,0.73,0.954,0.835,1.235,,1.32,0.744,0.947,1.158,1.126,1.271,1.231,1.436,1.003,0.775,0.507,0.847,1.243,0.813,0.767,0.584,0.455,0.427,0.628,0.339,0.534,1.133,4.476,1.028,2.533,0.005,0.592,0.393,0.187,0.568,0.364,0.507,0.35,0.998,1.251,0.76,0.844,0.513,0.582,0.877,0.372,0.872,0.646,0.29,0.537,0.33,,0.189,0.879,0.836,0.386,0.864,0.936,1.217,0.232,0.355,0.417,0.486,1.427,1.426,0.746,1.16,0.483,0.482,0.771,0.544,0.432,0.563,0.931,0.751,0.704,0.651,0.568,0.503,0.587,0.248,1.092,1.039,,0.707,0.6,1.051,0.312,0.91,0.808,0.983,0.368,0.346,0.403,0.429,0.494,0.967,1.039,2.333,2.158,0.378,0.277,0.395,0.012,0.533,0.283,0.453,0.3,0.707,0.079,1.686,2.812,1.279,0.406,1.217,0.699,0.54,0.419,0.891,0.793,1.28,0.758,0.569,1.149,0.894,0.855,0.734,,0.672,0.586,0.71,,0.86,0.836,0.674,0.975,0.867,0.844,,2.408,2.032,0.627,0.85,0.58,0.58,0.614,0.437,0.913,0.856,1.011,1.148,0.963,1.643,,,0.059,0.381,0.374,0.511,0.448,0.314,0.46,1.239,0.979,0.914,1.046,0.922,1.576,0.975,0.311,,0.717,0.717,0.805,0.179,0.626,0.519,0.512,0.241,0.338,0.606,,0.42,0.347,2.149,1.815,,1.918,1.915,0.917,0.386,0.503,1.181,,1.309,0.304,0.38,0.441,0.484,0.955,0.83,0.256,0.146,0.348,0.446,0.456,0.453,0.168,0.443,0.432,0.652,0.457,0.772,0.316,0.406,0.18,3.903,1.664,2.667,1.219,,1.084,0.898,1.288,0.527,0.727,0.769,1.967,0.682,1.679,0.147,2.063,2.722,1.478,1.44,1.776,1.126,1.237,0.752,0.893,3.215,2.095,0.83,0.843,0.435,0.754,1.751,1.034,1.143,0.809,1.683,0.849,0.117,0.352,1.728,,0.681,0.417,0.803,0.902,0.841,0.743,0.611,0.278,1.035,,0.992,1.528,1.224,0.768,0.404,0.722,0.214,0.162,0.276,0.654,0.641,,0.477,0.891,0.856,0.799,0.622,0.664,0.971,,0.744,0.605,0.823,1.09,0.688,1.636,2.488,2.045,1.332,1.754,1.699,2.656,0.592,0.886,1.018,1.434,1.877,0.772,0.367,0.815,0.507,1.561,1.382,1.534,0.964,,0.706,0.995,0.887,0.542,0.6,0.402,1.37,0.742,,0.49,0.97,1.669,0.644,0.569,0.966,0.438,1.436,0.383,1.179,0.517,1.098,3.819,3.681,2.919,2.558,0.063,1.232,1.484,1.039,0.755,0.818,0.487,0.499,1,1.903,1.126,0.883,1.116,0.907,0.885,1.107,0.95,1.362,0.425,1.347,0.822,1.072,0.891,0.843,2.222,0.302,0.55,0.613,0.638,0.688,0.524,1.284,0.988,1.361,0.663,1.018,0.334,1.025,0.9,0.762,0.77,0.689,0.571,0.877,0.845,1.312,1.209,1.386,1.76,2.305,0.612,0.358,0.395,0.376,0.309,0.634,0.675,0.466,0.11,0.596,0.784,0.74,0.656,0.248,0.325,2.209,1.63,1.95,0.919,0.764,1.455,0.967,1.067,,0.854,1.408,0.885,1.192,1.027,0.929,1.004,0.724,0.599,0.729,1.358,1.172,2.875,1.016,1.376,,1.061,0.874,0.911,0.527,0.516,0.849,0.511,1.264,1.641,1.14,0.569,0.388,0.447,0.469,0.915,0.858,1.793,0.793,0.451,,0.78,0.751,0.574,0.642,0.58,0.401,0.403,0.836,1.029,1.048,0.957,0.942,1.246,0.55,0.726,0.661,0.404,0.558,0.125,0.188,0.124,0.276,0.126,0.747,1.14,0.923,1.263,1.005,,0.515,0.723,0.803,0.773,1.012,0.44,0.854,0.931,1.659,,0.545,1.266,0.696,1.056,0.004,,0.085,2.134,0.773,0.779,0.746,1.11,0.946,0.57,1.391,1.16,0.864,1.097,0.85,1.081,1.404,0.954,0.837,0.697,0.594,1.34,0.902,0.585,0.755,0.672,0.842,1.038,0.779,1.135,1.101,0.524,0.11,0.672,0.878,1.544,0.657,0.754,0.946,0.412,0.287,0.478,0.424,0.638,0.728,0.819,0.903,0.219,0.564,0.489,0.562,0.275,0.377,0.662,,0.404,0.24,0.406,0.423,0.509,0.304,,2.065,0.871,0.283,0.335,0.776,0.981,1.026,0.403,0.321,0.528,0.376,0.435,0.192,0.683,0.109,0.639,0.366,1.557,0.634,0.471,0.685,0.905,0.393,0.601,1.182,0.582,0.633,0.639,0.558,0.463,0.351,0.119,0.705,0.519,0.558,1.008,0.643,0.376,,0.869,0.139,1.472,0.409,0.342,1.111,0.122,0.44,0.887,0.285,0.833,1.424,0.645,0.854,0.874,0.434,0.738,0.279,0.743,1.992,1.929,0.57,0.552,1.549,1.073,0.037,0.112,0.861,,1.92,1.588,0.91,0.803,0.335,0.376,,1.611,0.408,0.447,0.381,0.776,1.836,1.129,0.943,0.803,1.102,0.31,0.897,0.995,0.346,0.931,1.355,0.822,0.687,0.221,0.347,0.453,0.672,0.39,0.885,0.934,0.656,0.277,0.31,0.853,0.237,0.292,0.221,,0.417,0.515,0.541,1.117,,1.176,1.277,0.7,0.813,0.63,0.481,0.413,0.784,1.198,0.388,,0.209,0.884,0.405,0.647,0.306,0.146,0.374,0.117,1.083,0.691,0.287,0.355,0.465,0.398,1.42,1.047,0.042,0.357,0.358,1.471,1.577,2.047,0.508,0.418,0.307,0.975,1.288,0.737,0.419,0.838,0.373,0.759,1.135,1.103,0.975,1.029,0.8,1.057
20160416,11,CO_24h,0.817,0.596,1.033,0.808,0.738,0.804,0.721,0.8,0.704,0.713,0.738,0.688,,1.077,1.214,1.613,1.558,1.216,1.497,,1.723,1.402,1.05,1.256,0.925,1.234,,0.793,1.125,0.728,0.884,1.101,0.541,0.72,2.295,2.319,2.629,3.047,2.747,2.674,0.816,0.882,0.827,1.194,0.976,0.992,0.738,0.882,0.806,0.786,0.766,0.775,0.764,0.566,1.107,0.244,0.471,0.448,0.598,0.724,0.572,0.694,0.492,0.796,0.609,0.931,0.877,1.057,1.006,1.373,1.144,1.007,0.704,0.628,0.719,0.827,0.698,0.881,1.037,0.506,,0.395,0.483,1.169,0.554,1.104,0.792,1.298,0.531,0.39,0.815,0.512,0.281,0.325,0.542,1.305,0.899,0.737,0.898,,1.165,0.663,0.922,0.852,0.751,,0.772,0.681,1.245,0.93,0.822,0.92,0.634,0.872,0.708,1.034,0.351,0.891,0.759,0.95,0.73,0.824,0.643,0.824,0.684,0.702,0.831,1.256,1.998,0.702,,1.142,1.036,0.735,2.167,1.401,1.556,0.951,0.633,0.378,0.415,0.557,0.39,0.72,0.319,0.404,0.577,0.601,1.356,0.584,0.329,0.452,0.804,0.934,0.65,0.295,0.608,0.396,0.626,0.609,0.57,0.485,0.526,0.797,0.767,0.577,0.636,0.577,0.708,0.394,0.832,0.876,0.881,0.861,0.963,1.408,1.312,1.161,1.341,1.026,1.24,1.264,0.522,0.759,0.863,0.888,1.072,1.436,,1.607,0.706,0.408,2.168,0.674,0.556,1.052,0.678,0.547,0.629,,0.497,0.46,0.611,1.013,1.114,1.283,0.704,1.244,1.765,,1.726,1.069,0.603,0.671,0.836,0.814,1.548,1.174,1.777,1.538,0.523,0.565,0.299,0.422,0.371,0.623,0.683,,0.682,0.632,1.017,0.488,0.467,0.545,0.539,,0.435,0.541,0.695,,0.901,0.984,0.827,0.423,0.321,0.249,,0.635,,1.295,0.618,,0.847,0.657,1.013,0.401,,,0.694,0.675,1.221,0.716,0.544,0.727,0.395,0.248,0.504,0.743,0.787,0.65,0.534,0.83,0.831,1.354,0.77,0.955,1.594,0.644,0.403,0.903,0.882,0.882,0.977,0.597,0.947,0.807,0.859,0.675,0.847,0.443,0.818,0.94,0.844,1.068,0.778,0.834,0.937,0.668,0.917,0.814,,0.75,0.729,0.697,0.689,0.717,0.624,0.498,0.473,0.327,0.946,0.65,1.511,1.216,1.687,0.836,1.103,1.405,1.182,0.909,1.13,0.673,0.646,0.892,0.702,0.897,0.973,0.864,0.756,0.766,0.832,0.588,1.29,0.77,0.884,0.851,0.76,0.81,0.639,0.981,0.907,0.951,1.322,,0.745,0.874,0.968,1.255,0.85,0.767,1.191,0.962,0.432,0.76,0.727,1.005,0.496,0.722,0.716,0.675,0.683,0.852,0.798,0.632,0.756,,0.634,0.456,0.827,0.976,0.599,0.804,0.441,0.759,0.891,0.833,0.532,0.701,0.97,0.599,0.745,0.599,,0.79,0.656,0.872,0.675,0.722,0.761,0.686,0.702,0.712,0.35,0.965,0.853,0.705,,1.092,0.952,1.124,1.102,1.087,1.044,0.841,0.929,0.34,0.586,0.509,,0.583,0.292,0.463,0.291,,0.623,0.664,0.248,0.733,0.915,0.608,0.613,0.221,0.336,0.306,,0.962,0.57,0.739,0.957,0.586,0.703,0.997,,0.697,0.559,1.434,0.739,0.345,0.39,0.45,0.53,0.773,0.496,0.487,1.254,0.519,0.166,0.754,1.712,0.522,1.13,0.339,0.919,,0.179,0.45,0.529,1.53,0.862,1.51,0.789,1.169,0.934,2.444,0.891,0.784,0.561,3.246,1.574,,0.677,0.28,0.761,0.748,0.613,0.471,0.445,0.888,1.139,0.703,0.646,0.595,0.763,0.515,0.873,,0.667,0.727,0.592,0.726,0.389,0.379,0.774,0.726,0.96,0.974,0.847,0.894,0.797,0.78,0.837,0.781,0.397,0.512,1.014,1.051,0.713,0.643,0.477,0.634,0.739,1.132,0.632,0.485,0.24,0.378,0.429,1.464,0.925,0.744,0.554,1.569,0.916,0.411,2.079,1.007,0.734,0.39,0.859,1.308,0.939,0.892,1.021,0.836,0.685,0.629,1.351,1.036,0.997,1.327,1.037,0.89,1.203,,0.984,1.556,1.451,,1.139,1.3,1.055,1.019,0.759,1.019,1.468,,1.201,1.232,0.723,0.539,0.58,0.884,0.676,0.56,0.456,0.625,0.581,0.479,0.651,0.666,,0.83,,0.546,1.008,1.116,0.951,0.643,1.841,0.547,0.5,0.382,,0.412,0.833,0.59,0.96,0.802,0.79,,1.085,1.202,0.618,1.157,0.899,1.216,1.184,0.78,0.898,0.807,1.087,0.625,0.757,1.159,0.58,1.33,1.635,0.54,0.559,0.756,0.516,,1.01,1.285,1.056,0.742,0.721,0.887,0.803,0.822,0.618,0.864,1.032,0.84,1.113,0.726,1.338,1.366,1.028,1.16,1.199,1.205,1.157,0.82,1.368,0.54,1.061,3.376,2.926,1.207,1.249,1.267,1.187,1.652,0.493,0.757,0.496,0.581,1.003,2.887,,1.691,0.845,1.363,2.03,2.026,3.303,1.985,3.395,2.32,0.894,1.053,0.95,0.698,0.829,0.527,0.739,1.99,0.683,0.949,0.667,0.802,1.307,0.843,0.613,,0.794,2.03,0.619,1.848,0.71,0.894,1.289,1.693,3.215,0.89,1.065,0.505,0.9,0.726,0.977,1.156,1.213,0.698,0.571,0.61,0.688,0.613,,0.477,0.932,,0.293,0.662,0.652,1.357,0.65,0.778,0.84,0.534,0.895,0.637,0.648,0.763,0.823,0.53,0.557,1.475,0.477,0.543,0.536,0.601,0.524,1.1,0.877,0.694,0.842,0.868,0.598,0.787,1.88,0.684,1.434,2.559,2.693,1.173,1.722,2.565,2.444,0.629,0.711,1.358,1.126,1.347,1.48,2.03,,1.402,1.848,1.655,1.008,1.938,0.834,0.774,0.893,,1.281,1.598,1.312,0.962,0.915,0.662,0.755,1.058,0.847,0.985,0.943,1.049,1.108,0.685,0.933,0.972,0.853,0.618,1.279,0.798,1.612,0.53,,0.52,1.852,1.705,1.082,1.439,1.416,1.097,1.732,,1.292,0.826,0.951,1.079,1.193,1.349,1.252,1.512,1.028,0.748,0.55,0.597,0.925,0.724,0.579,0.622,0.51,0.441,0.713,0.413,0.593,2.689,1.264,1.241,2.109,0.07,0.429,0.402,0.15,0.513,0.336,0.489,0.357,0.988,1.081,0.733,0.87,0.476,0.483,0.889,0.428,0.869,0.636,0.95,0.882,0.727,,0.604,0.685,0.801,0.488,0.773,0.869,1.123,0.417,0.565,0.592,0.635,1.493,1.496,0.717,1.18,0.457,0.454,0.742,0.676,0.544,0.61,0.963,0.659,0.772,0.717,0.716,0.641,0.438,0.265,1.135,1.323,,0.517,0.439,0.651,0.419,0.841,0.762,1.006,0.379,0.41,0.702,0.54,0.58,0.734,0.677,1.148,1.128,0.542,0.392,0.445,0.162,0.614,0.391,0.457,0.373,0.722,0.191,1.58,2.724,1.217,0.425,1.247,0.719,0.577,0.461,0.812,0.773,1.28,0.784,0.42,0.928,0.669,0.642,0.569,,0.428,0.52,0.683,0.915,0.555,0.683,0.554,0.889,0.624,0.439,0.644,1.103,1.871,0.489,0.805,0.384,0.48,0.563,0.421,0.601,0.554,0.591,0.744,0.554,0.872,,,0.037,0.478,0.589,0.564,0.522,0.326,0.526,1.131,0.872,0.763,0.91,0.786,1.103,0.829,1.389,,1.253,1.282,1.001,0.5,0.866,0.988,0.758,0.456,0.864,0.86,,0.762,0.526,2.247,1.875,,1.973,2.027,1.047,0.539,0.681,1.359,,1.38,0.321,0.34,0.319,0.702,1.014,0.85,0.312,0.289,0.415,0.582,0.473,0.531,0.303,0.65,0.657,0.856,0.405,0.615,0.31,0.601,0.19,4.029,1.847,2.6,1.446,,1.185,0.971,1.339,0.619,0.835,0.713,1.744,0.761,2.08,0.542,2.514,3.089,1.17,0.968,1.982,0.992,1.029,0.755,0.941,1.436,1.476,0.936,0.869,0.578,0.88,1.472,0.985,1.029,0.751,1.65,1.09,0.459,1.308,1.88,,0.648,0.682,1.136,1.073,0.9,0.674,0.458,0.316,1.034,,0.781,1.247,1.174,1.081,0.641,0.968,0.232,0.281,0.324,0.444,0.482,,0.556,0.56,0.605,0.635,0.388,0.527,0.736,,0.618,0.455,0.605,0.896,0.513,0.863,1.348,1.318,0.733,1.544,1.341,1.796,0.429,0.697,0.547,0.804,0.574,0.544,0.249,0.597,0.389,0.653,0.661,0.681,0.729,,0.516,0.653,0.629,0.344,0.521,0.354,1.044,0.7,,0.421,0.894,1.47,0.571,0.31,0.755,0.218,1.125,0.213,0.986,0.414,1.128,1.672,1.244,1.479,0.913,0.205,1.107,1.341,0.945,1.161,1.463,1.063,0.832,0.663,1.069,0.771,0.684,0.682,0.624,0.724,0.55,1.054,1.672,0.958,1.772,1.262,0.762,0.732,0.701,1.623,0.586,0.598,0.784,0.722,0.85,0.671,1.424,1.12,1.513,0.879,1.208,0.076,1.176,1.018,0.755,0.82,0.789,0.738,1.181,0.822,1.351,1.098,1.43,1.687,2.29,1.017,0.56,0.461,0.416,0.841,0.799,0.918,0.739,0.453,0.736,0.989,1.132,1.032,0.694,0.703,1.704,1.645,1.856,0.905,0.742,1.401,0.889,0.752,,0.689,0.941,0.685,0.79,0.562,0.478,0.656,0.736,0.571,0.788,1.42,1.087,1.908,0.986,1.426,,1.261,1.088,1.119,0.61,0.803,0.922,0.678,1.051,1.228,1.729,0.889,0.602,0.769,0.66,1.287,1.339,1.791,0.758,0.535,,0.81,0.711,0.736,0.809,0.759,0.656,0.898,1.041,1.213,1.186,1.069,1.209,1.395,0.723,1.01,0.936,0.788,0.944,0.125,0.508,0.211,0.717,0.41,0.85,1.175,0.983,1.266,1.016,,0.777,1.107,0.862,1.22,1.52,0.704,1.088,1.326,1.883,,0.742,1.561,1.196,1.749,0.186,0.352,0.664,2.228,0.792,0.887,0.587,1.06,0.906,0.527,1.383,1.013,0.862,1.188,1.087,1.218,1.579,0.938,1.039,0.854,0.634,1.092,0.968,0.677,1.081,1.177,1.213,1.114,0.887,1.244,1.12,0.376,0.17,0.812,0.673,1.463,0.779,0.967,0.741,0.404,0.248,0.486,0.406,0.582,0.627,0.658,0.749,0.361,0.42,0.507,0.468,0.358,0.546,0.81,,0.517,0.427,0.648,0.6,0.721,0.479,,2.082,1.041,0.289,0.115,0.789,0.772,0.853,0.43,0.273,0.466,0.373,0.391,0.272,1.148,0.069,1.12,0.474,1.423,0.474,0.358,0.524,0.762,0.353,0.454,1.395,0.481,0.516,0.682,0.562,0.414,0.456,0.185,0.865,0.48,0.56,0.683,0.469,0.665,,0.891,0.182,0.707,0.339,0.293,1.071,0.108,0.354,0.653,0.343,0.456,0.988,0.611,0.721,0.846,0.459,0.694,0.265,0.77,1.566,1.205,0.55,0.525,1.356,0.888,0.118,0.098,0.772,,1.771,1.393,0.852,0.722,0.262,0.309,,1.977,0.497,0.341,0.266,0.47,1.618,1.042,0.866,0.696,1.195,0.471,1.077,1.126,0.357,1.059,1.345,0.992,0.91,0.398,0.406,0.471,0.745,0.46,0.894,0.983,0.631,0.456,0.678,1.238,0.476,0.347,0.287,0.71,0.432,0.768,0.429,1.488,,0.97,1.247,0.774,0.87,0.564,0.358,0.412,0.99,1.14,0.323,,0.318,1.354,0.356,0.745,0.424,0.194,0.751,0.243,1.123,0.64,0.38,0.303,0.59,0.725,1.465,0.967,0.289,0.471,0.658,1.513,2.086,2.603,0.969,0.552,1.495,0.908,0.634,0.837,0.494,0.825,0.258,0.732,1.101,0.614,1.395,0.877,0.798,0.966
20160416,12,AQI,60,59,67,65,61,66,86,85,63,45,60,69,,77,88,66,67,57,75,,53,66,55,59,65,58,,51,79,22,49,67,68,87,77,74,93,77,72,86,57,89,64,70,67,34,51,74,60,109,120,118,114,157,114,41,30,53,36,38,85,108,88,105,97,111,81,85,77,49,50,56,56,56,51,46,52,52,30,59,,58,49,61,57,58,65,69,31,42,45,36,30,51,30,38,70,73,63,,73,69,67,66,77,,74,68,57,55,57,51,53,51,56,55,38,95,105,87,95,88,85,85,97,74,87,85,107,58,,89,89,84,108,99,72,100,80,35,31,38,42,35,53,25,35,50,48,26,32,25,42,26,27,42,39,31,42,52,35,39,26,46,38,33,30,25,44,35,58,60,61,59,85,63,88,102,83,84,91,54,70,64,49,29,39,42,27,32,32,36,40,49,48,38,47,33,55,,45,39,53,51,51,55,79,70,75,,73,75,42,68,56,54,58,57,73,63,56,33,26,51,38,63,57,,57,73,66,30,27,33,31,,32,28,35,,56,58,43,72,54,53,,31,,46,35,,51,25,28,27,,,68,68,65,54,55,48,50,64,53,52,30,36,46,42,43,42,46,28,48,31,65,64,77,74,87,58,33,102,34,32,25,30,32,34,25,28,30,105,74,100,64,105,,117,64,42,35,33,39,32,40,32,57,38,52,47,45,53,41,36,46,43,50,17,25,21,36,17,27,35,23,27,27,20,33,29,29,26,27,28,25,27,26,46,55,,43,35,44,58,55,59,52,45,26,26,28,30,48,28,35,34,38,50,58,33,42,,30,41,54,53,45,52,37,39,46,52,39,43,39,46,51,46,,50,46,47,46,33,51,47,47,53,55,46,47,49,,112,103,105,114,109,100,113,102,43,62,63,,65,33,28,28,43,30,29,38,25,23,33,28,32,27,36,,29,36,32,26,25,25,32,,30,30,55,40,34,34,40,44,36,50,55,53,55,56,46,57,51,52,94,86,,52,150,67,67,74,63,52,68,62,57,52,42,69,75,52,25,29,39,45,47,23,34,69,62,80,68,101,101,107,79,79,,32,62,35,64,71,26,26,25,24,33,29,22,25,32,26,22,46,22,24,36,89,63,72,55,65,69,64,57,36,47,56,63,49,58,61,41,54,40,41,85,78,55,62,86,199,82,100,115,73,26,189,133,142,114,85,99,108,,65,65,51,,43,98,108,117,63,88,139,,117,119,82,109,95,107,78,55,51,55,45,28,58,34,,46,,31,75,87,94,56,83,83,75,70,,47,55,52,87,65,78,,36,32,34,36,32,87,58,93,72,57,59,57,57,55,48,59,52,53,62,53,61,28,29,32,71,39,44,45,43,43,36,46,43,45,56,62,57,60,57,59,53,52,59,53,35,58,54,59,54,40,46,44,48,53,56,43,30,57,58,61,,80,56,53,72,33,36,49,65,64,86,90,95,33,53,121,127,110,196,53,51,58,60,54,50,,62,66,67,64,56,60,40,53,61,39,47,49,97,67,75,89,90,64,57,77,65,69,,55,32,,33,29,50,86,149,113,188,95,90,51,52,60,35,30,19,28,26,35,33,32,48,38,12,15,25,20,22,14,22,15,56,62,74,56,63,61,60,39,36,63,52,39,27,52,,25,62,123,64,143,43,43,50,,52,52,60,45,33,37,68,89,29,30,31,26,28,37,41,35,36,37,27,33,22,24,34,22,28,29,30,57,62,58,91,,63,56,77,125,107,97,84,107,100,52,44,46,60,63,62,14,36,18,27,27,24,70,66,74,57,36,29,35,21,57,52,57,32,54,53,43,58,41,49,39,65,52,42,43,34,32,,34,66,52,37,67,71,67,66,63,75,75,78,81,90,95,56,62,60,56,62,57,62,57,81,75,71,75,35,55,49,25,,85,65,108,64,29,30,18,39,38,78,69,72,102,119,173,152,25,24,38,55,28,33,141,41,36,39,68,54,55,60,59,62,51,45,55,39,31,39,33,32,46,38,55,,31,43,43,,38,41,24,33,43,42,40,60,30,28,32,27,20,43,43,77,67,65,54,65,58,,,55,52,24,20,22,21,21,40,43,43,45,64,70,69,66,,35,51,51,33,71,29,112,89,78,72,,54,73,46,31,,38,36,140,83,120,59,,89,68,58,71,102,137,125,41,37,58,44,69,30,29,49,69,57,71,29,62,52,53,93,94,100,114,,44,54,56,58,95,70,90,74,93,88,89,91,95,103,88,78,78,56,55,148,114,96,74,79,83,58,52,50,85,50,41,55,28,32,50,42,85,62,93,59,33,43,26,99,,104,113,89,73,152,57,24,28,12,73,65,30,26,75,186,64,47,74,72,,69,52,59,54,55,74,99,87,105,85,47,26,39,33,68,64,74,65,25,45,25,70,59,75,78,,57,74,65,100,55,48,35,54,,12,23,46,45,55,20,39,70,67,59,88,39,48,59,35,62,13,29,23,20,22,22,25,21,46,51,44,33,55,50,54,49,22,38,37,37,63,40,48,28,55,46,53,31,29,33,32,27,40,46,36,35,36,35,31,40,40,42,50,43,32,26,22,25,22,24,42,46,45,49,52,32,33,43,48,43,43,53,51,57,61,28,32,27,40,50,45,42,52,,55,52,44,119,108,97,124,35,35,52,24,38,62,52,30,,31,53,54,59,56,55,46,51,39,33,33,35,35,46,26,25,24,31,26,,28,27,22,26,35,37,36,29,35,41,26,27,23,33,33,34,32,32,40,28,30,26,21,43,44,37,50,43,,34,30,17,30,31,46,32,47,30,,30,32,32,28,31,52,75,73,68,75,74,69,59,70,72,65,74,83,58,73,75,57,48,63,94,87,64,59,33,45,60,85,88,92,107,61,66,38,69,55,36,33,52,29,28,30,32,26,26,26,25,26,74,57,58,32,41,51,,39,53,43,41,59,52,67,30,10,23,29,25,29,21,49,53,33,52,33,50,34,65,52,53,36,33,31,41,52,,65,45,51,33,37,34,34,28,38,58,27,37,54,44,34,,36,91,76,36,39,49,22,22,73,72,84,68,59,53,63,62,111,74,63,127,205,44,57,79,63,25,49,29,52,59,41,111,49,67,67,,124,35,25,57,40,40,93,45,55,68,75,75,87,23,,34,69,61,37,38,28,35,42,57,58,54,53,37,50,43,47,47,42,41,35,37,23,,64,65,55,66,60,106,117,86,70,52,,72,71,52,62,53,72,73,63,111,86,67,64,42,64,69,47,75,77,90,132,169,191,230,122,137,59,45,56,29,32,32,34,63,82,63,48,38,54
20160416,12,PM2.5,20,13,18,17,30,33,40,63,44,18,35,50,,37,39,36,33,30,47,,19,40,29,42,47,32,,23,24,4,13,23,25,32,33,31,34,56,44,47,31,66,40,39,36,13,16,22,15,32,26,37,34,30,21,14,9,5,3,7,36,9,46,43,30,32,21,27,10,27,20,26,11,19,20,30,20,14,5,16,,20,15,34,17,41,19,20,11,19,1,7,10,6,8,15,47,39,41,,42,48,43,46,46,,54,37,27,27,24,18,22,29,30,30,21,64,79,64,71,65,60,63,72,48,64,63,80,41,,66,66,62,81,74,52,75,59,24,18,26,29,23,37,17,24,35,33,17,22,17,29,17,11,27,13,20,24,23,23,19,18,20,24,20,14,17,24,15,41,43,39,42,63,45,65,76,54,62,64,37,51,40,33,18,27,29,18,22,18,25,28,16,20,20,32,21,25,,31,27,37,28,29,35,36,51,55,,53,55,26,49,20,29,41,40,53,45,16,22,18,25,22,28,31,,29,41,32,12,15,15,13,,12,14,14,,28,28,30,50,38,31,,19,,17,21,,22,10,17,5,,,49,47,47,30,39,29,33,41,27,36,21,25,32,29,30,29,25,19,33,17,30,36,33,35,43,41,17,76,22,20,3,21,3,22,13,13,4,79,35,75,46,79,,88,46,7,9,17,10,9,8,10,27,9,24,29,31,36,21,25,,27,35,3,8,14,25,7,5,11,4,18,12,13,9,12,5,8,16,10,15,6,7,32,30,,14,24,29,37,34,30,29,19,18,18,16,20,32,18,21,18,26,35,28,18,29,,19,24,25,28,19,26,25,27,26,36,22,30,26,26,29,27,,23,18,23,28,20,22,24,22,24,23,32,28,33,,84,77,79,86,82,75,85,76,28,44,41,,42,8,18,11,26,21,20,9,11,9,11,17,22,11,25,,20,17,18,13,11,9,16,,15,21,7,19,10,19,8,11,19,16,9,24,29,24,20,37,24,21,37,22,,15,115,21,30,23,25,21,24,19,32,12,29,24,,18,,15,24,10,24,9,21,42,38,56,24,70,27,39,33,13,,22,29,12,18,18,18,10,12,12,23,12,7,11,14,14,15,4,12,12,19,6,19,12,39,15,9,10,13,6,9,6,23,24,37,36,16,15,16,20,48,51,28,44,43,149,38,54,56,37,18,142,101,108,69,63,74,81,,30,29,23,,17,73,81,88,45,65,106,,88,90,30,82,71,80,57,39,34,39,26,19,32,23,,32,,10,55,64,70,36,59,61,55,46,,25,12,19,64,47,57,,25,22,21,25,16,64,41,69,52,36,41,40,40,36,33,42,36,22,44,37,37,19,18,17,25,19,24,31,30,28,25,32,30,31,35,44,40,40,40,37,37,24,42,37,24,34,28,39,29,23,16,21,5,7,3,4,10,16,28,24,,30,24,28,32,23,25,14,19,17,14,24,27,12,7,23,30,72,46,27,31,35,32,29,28,,44,28,48,39,20,41,21,25,33,26,22,22,72,46,45,66,67,46,40,56,47,50,,39,21,,18,18,35,57,114,85,141,71,67,15,24,43,24,5,13,11,18,24,23,22,33,26,8,6,17,14,15,9,8,4,14,44,34,15,45,29,38,15,25,30,36,27,9,36,,17,40,93,42,109,21,26,35,,15,19,26,13,7,18,10,35,9,11,18,8,16,18,13,3,2,4,14,11,9,14,,15,12,13,12,40,44,41,50,,40,39,56,95,80,72,62,80,75,21,26,28,35,37,36,7,8,9,9,9,6,35,39,31,34,4,16,5,10,40,20,40,22,21,25,11,41,20,32,20,47,36,29,1,11,19,,22,25,25,20,38,33,48,12,17,17,21,21,28,20,25,14,20,14,14,17,27,18,20,30,17,19,21,17,4,7,7,,22,21,32,22,7,3,1,8,11,26,30,13,76,90,131,116,6,14,24,29,10,8,12,16,,,49,32,39,31,34,30,21,19,24,17,15,18,21,22,19,17,22,,14,30,30,,21,23,7,23,30,28,28,43,21,18,22,16,12,30,30,56,33,32,24,36,36,,,37,36,11,12,13,8,8,28,30,30,31,46,39,50,26,,24,18,23,23,19,13,41,29,23,17,,15,26,18,17,,10,14,107,51,52,26,,66,20,10,,76,104,95,27,22,23,29,31,13,15,34,50,40,22,5,24,24,22,69,64,62,62,,27,23,29,20,53,50,50,53,38,44,36,31,71,77,65,56,57,23,26,113,86,60,54,58,61,41,36,35,45,33,28,33,19,22,35,25,63,44,69,42,23,22,15,74,,78,85,66,53,62,40,6,8,7,53,47,6,3,55,46,46,31,54,52,,50,36,19,22,23,54,74,64,79,63,28,10,14,23,49,46,54,47,17,31,7,51,42,55,57,,40,54,47,75,38,33,22,28,,,10,20,31,39,9,27,51,48,42,65,27,33,37,21,23,7,20,16,10,14,14,10,11,32,25,18,21,32,34,26,34,11,25,10,17,14,18,12,14,29,16,37,15,15,11,8,17,28,30,25,24,25,24,20,28,23,22,27,30,22,15,15,12,14,14,29,32,31,34,36,22,23,13,25,20,30,15,24,10,11,18,21,18,28,34,31,28,9,,28,16,11,90,81,72,94,24,16,36,4,26,37,36,17,,7,19,14,9,8,11,12,11,22,23,5,3,11,1,6,2,10,4,12,,13,14,9,12,10,17,2,11,10,12,14,17,11,,10,7,7,14,18,2,15,11,10,30,21,21,29,18,,17,16,,19,18,7,13,11,13,,13,8,13,11,10,28,31,53,49,55,54,50,42,33,52,47,54,61,41,53,55,40,33,45,70,59,46,29,22,20,25,63,65,68,80,11,2,14,27,17,25,15,14,9,8,4,3,4,6,10,8,7,54,40,30,17,14,17,,10,7,18,16,31,4,33,17,7,16,9,7,10,6,8,30,18,26,23,24,15,11,24,23,13,19,17,19,26,,27,24,20,23,7,8,9,5,16,31,7,9,17,18,9,,14,37,39,19,22,10,13,13,40,33,53,35,33,33,41,35,64,51,28,45,155,19,34,58,,17,26,14,16,31,14,25,30,41,48,,40,24,17,30,28,14,69,30,27,12,17,17,15,8,,13,15,13,16,11,12,9,19,36,19,27,26,5,18,30,21,8,11,8,8,9,4,,42,47,23,30,30,,63,44,20,24,,22,25,21,21,22,17,13,16,41,62,40,43,2,22,28,19,27,37,44,42,58,119,180,45,50,11,9,9,14,7,3,6,24,28,29,29,20,28
20160416,12,PM2.5_24h,54,47,61,59,54,61,61,95,45,52,56,67,,90,90,89,86,98,87,,85,101,103,99,102,96,,52,51,53,39,41,54,46,96,100,107,111,116,120,41,70,61,58,54,47,50,53,55,55,74,61,55,51,61,50,49,42,36,37,32,38,42,43,31,30,39,43,33,78,76,85,59,71,65,76,54,54,55,20,,17,25,17,27,22,29,27,23,28,18,21,32,17,23,26,42,41,47,,44,47,45,48,48,,52,40,35,34,33,26,37,38,31,38,28,50,56,46,50,45,37,41,49,36,49,47,49,40,,56,53,49,55,43,45,55,37,39,40,33,38,25,34,42,38,39,34,27,35,32,32,24,27,38,20,24,22,32,21,23,23,20,21,30,29,36,34,28,47,46,37,47,55,43,56,66,50,46,54,35,41,35,29,27,32,31,27,31,28,30,39,22,22,23,28,22,25,,23,22,25,30,33,37,47,43,44,,45,47,21,37,26,30,44,49,39,47,28,20,17,26,17,26,24,,35,20,21,17,21,15,18,,17,21,20,,32,37,34,19,19,23,,19,,27,26,,42,46,45,16,,,24,24,30,37,37,28,15,21,20,38,36,33,35,38,37,41,38,32,33,18,50,40,38,39,37,34,35,58,20,31,11,26,16,27,24,23,15,72,70,62,59,76,,87,62,19,26,31,26,31,27,35,36,32,37,44,43,40,47,47,46,38,42,24,31,28,31,32,29,31,26,30,57,28,25,30,28,25,28,28,31,27,23,31,33,,32,34,35,38,36,29,40,20,24,26,26,26,24,23,30,23,22,25,29,24,35,,16,27,29,26,25,27,24,34,37,35,22,26,22,31,28,23,,32,28,34,28,33,26,22,22,30,23,29,32,46,,60,56,56,57,55,59,61,65,30,37,43,,32,6,28,17,25,22,31,23,24,24,21,34,23,27,25,,32,34,28,23,26,21,24,,20,14,15,36,27,36,22,26,30,29,23,28,26,21,24,30,28,25,23,15,,26,93,18,38,21,27,18,26,23,35,9,27,17,28,24,27,19,29,16,28,11,12,27,28,33,18,53,42,35,40,38,,25,37,18,18,20,13,25,27,26,30,25,26,27,26,28,30,21,23,34,52,28,35,33,34,36,23,24,26,20,25,23,37,41,42,36,33,35,33,37,47,83,57,60,47,62,56,44,44,37,19,102,75,71,69,70,80,59,,70,66,68,,83,63,73,79,50,61,61,,65,82,38,74,68,65,54,36,34,38,25,25,27,63,,57,,59,52,56,58,45,55,62,46,42,,28,30,25,69,57,65,,25,25,32,36,24,32,27,23,33,29,33,38,38,33,33,37,34,25,36,31,28,22,15,17,33,29,30,18,18,20,23,29,29,32,38,43,41,38,41,38,42,38,47,39,25,31,28,41,39,58,53,60,26,28,19,27,26,37,51,30,,40,34,26,40,31,25,17,42,40,27,47,43,25,20,44,41,52,31,42,44,44,49,49,43,,41,32,37,45,20,40,36,35,47,37,32,27,96,58,70,71,76,35,29,38,33,37,,32,36,,31,41,48,37,49,49,66,47,77,39,43,57,44,18,18,20,23,33,27,32,30,38,23,23,24,19,22,27,24,5,58,91,80,88,80,76,80,45,49,82,65,64,55,60,,54,82,120,76,109,42,37,43,,35,41,55,30,47,51,46,41,48,31,31,33,34,50,38,29,42,36,47,57,59,55,64,32,47,19,21,52,70,62,77,,39,43,53,85,76,76,65,80,74,24,32,16,21,23,22,14,15,18,16,16,10,33,23,24,19,17,30,22,25,28,23,19,15,12,30,22,29,14,26,18,38,30,26,13,20,32,,43,26,23,21,31,32,39,19,22,25,27,22,24,20,30,14,19,18,18,10,28,19,18,37,25,24,35,17,12,15,22,,19,22,29,29,13,6,22,15,7,31,29,25,64,72,91,76,36,29,30,38,24,28,30,32,27,45,43,40,29,33,43,50,29,28,28,22,20,19,21,27,25,23,29,,42,33,45,,17,24,18,24,41,30,36,23,31,16,18,25,26,53,52,26,21,20,19,28,23,,,44,43,24,26,24,23,25,39,40,40,40,45,48,48,50,,44,45,45,56,39,40,42,36,34,32,,28,32,26,28,,19,27,85,58,35,20,,19,23,21,20,59,77,69,31,24,42,40,37,34,32,62,74,73,59,60,24,24,25,125,75,73,91,,36,29,36,28,45,46,44,47,50,50,48,43,50,59,51,41,41,23,25,59,53,45,42,80,82,41,38,44,41,36,29,32,26,30,56,39,75,61,84,40,20,22,16,71,,64,53,46,95,104,75,17,20,19,41,39,22,16,60,42,36,38,56,40,,29,28,32,19,22,44,67,44,42,44,36,38,28,33,60,51,44,45,23,36,5,52,43,56,56,,41,49,60,69,33,30,23,35,,75,47,42,23,34,20,25,70,49,44,56,101,30,32,32,30,6,22,21,18,21,17,14,13,31,33,30,20,30,28,27,29,9,56,57,38,49,48,42,53,50,49,23,29,32,30,26,17,30,25,32,30,28,26,22,28,42,43,58,63,46,30,21,17,21,19,23,33,32,29,81,49,48,44,61,57,70,34,42,36,29,30,33,29,40,42,42,42,24,,54,28,24,61,52,48,67,31,31,35,19,34,53,49,26,,21,30,22,18,23,23,20,20,27,41,31,23,30,17,16,20,25,19,26,,22,26,20,20,23,40,39,31,31,29,27,36,42,29,35,38,37,39,57,37,62,53,58,43,29,28,27,32,,42,42,28,51,41,35,41,37,47,,42,32,45,48,20,33,38,49,42,49,47,44,40,32,51,41,47,67,44,56,60,49,33,49,82,88,48,34,51,74,68,55,56,77,76,7,6,8,8,14,14,12,15,11,10,15,12,21,19,20,20,17,32,21,28,17,22,19,,22,10,19,22,29,13,19,19,15,20,5,6,9,6,8,19,20,15,15,32,33,24,35,21,11,12,11,13,18,,24,30,18,27,11,13,19,9,22,34,13,12,16,18,29,,41,16,17,20,20,15,15,14,45,47,42,26,29,32,57,68,74,56,52,45,92,24,22,31,,16,12,15,16,18,24,26,36,27,28,,51,19,18,22,19,10,30,16,12,19,23,19,18,13,,16,18,16,21,15,19,13,18,26,15,30,29,10,17,27,19,11,16,11,19,18,7,,20,31,22,22,29,,45,46,21,40,,26,29,24,30,28,30,27,21,44,68,31,26,7,13,14,13,22,34,52,44,81,148,155,91,45,13,12,22,10,8,5,7,19,29,20,45,30,32
20160416,12,PM10,69,68,84,80,72,81,121,,75,45,69,80,,103,126,82,83,64,99,,56,81,59,60,71,66,,51,108,22,49,84,85,123,103,97,135,97,93,122,64,98,77,90,84,34,52,97,69,167,189,185,177,264,177,41,30,56,36,38,119,166,126,160,143,171,111,120,104,49,50,61,61,62,51,46,54,54,30,67,,66,49,72,63,63,79,87,31,42,39,36,30,51,30,38,90,95,76,,95,87,83,82,103,,96,86,64,59,63,51,56,52,61,59,38,140,138,121,101,100,119,102,117,97,121,79,96,48,,,91,75,100,79,60,,79,35,31,26,,35,,,,,36,26,32,,,18,27,42,39,31,42,54,35,39,22,46,38,33,30,25,44,25,65,70,71,68,112,71,122,122,115,106,132,57,59,77,49,29,33,,24,27,32,35,32,49,48,38,47,33,60,,42,37,48,52,52,60,107,70,75,,87,79,42,71,61,57,63,56,76,47,62,33,25,52,38,75,63,,63,96,81,30,24,33,31,,17,23,35,,62,65,43,94,58,56,,31,,46,35,,52,18,21,19,,,70,86,71,58,55,48,50,78,56,,30,,,30,,35,46,,39,31,79,77,104,98,124,52,33,95,34,32,24,28,32,34,25,28,30,110,97,133,46,102,,,62,42,21,,28,22,,32,63,38,53,47,44,55,41,26,46,43,,17,,,,15,16,35,23,,,,,,5,,,16,,9,,43,60,,43,35,44,65,59,68,53,45,26,,28,30,48,28,35,34,29,40,66,33,,,30,41,57,56,45,53,37,38,46,38,39,38,39,46,52,46,,50,46,47,46,33,52,47,47,56,60,37,47,49,,110,119,144,140,146,126,140,113,43,70,75,,79,33,27,28,43,,28,38,15,13,33,24,30,22,36,,22,24,32,24,22,16,27,,28,29,59,40,31,34,40,44,36,50,59,55,59,61,46,64,51,53,137,121,,54,162,83,83,98,75,53,86,73,63,53,42,88,100,53,,29,39,25,47,23,34,88,73,109,85,151,152,164,107,108,,22,74,35,77,91,26,12,25,12,,12,21,14,32,26,,46,17,20,36,127,76,94,44,80,87,78,64,36,47,62,75,49,65,72,29,35,34,26,119,106,60,71,122,,113,150,179,95,26,,106,208,178,114,123,138,,79,79,52,,43,97,115,103,72,79,132,,99,126,114,111,113,127,104,51,52,,45,23,66,34,,36,,28,84,76,102,62,116,94,89,90,,47,60,53,87,65,84,,30,32,34,28,32,98,65,,55,64,67,59,63,60,46,63,48,55,67,54,71,,29,32,91,39,44,37,42,43,,42,39,44,61,58,55,70,59,67,50,54,62,51,,66,58,68,58,40,46,44,48,56,61,43,27,64,65,72,,109,62,56,93,32,,49,80,78,81,130,140,29,55,192,203,169,342,55,51,65,70,58,50,,69,82,79,77,61,69,34,55,72,33,40,47,90,84,100,122,129,64,59,71,67,74,,51,32,,33,23,,122,,,205,71,93,52,53,58,31,18,18,28,,,,23,,,,8,,,17,,12,,61,74,98,61,70,72,69,39,28,75,45,36,21,,,24,74,95,78,,43,43,44,,54,54,70,45,28,37,85,128,9,16,22,23,23,37,21,16,16,13,18,33,18,,,,25,,,,69,63,132,,75,62,74,118,94,93,80,99,95,53,44,46,70,75,73,12,36,17,16,27,11,90,81,98,63,7,21,12,17,58,53,43,31,58,56,43,63,41,49,33,59,39,32,43,,,,,82,54,32,84,92,52,82,75,100,100,106,111,130,139,62,73,69,61,74,63,73,63,111,100,91,99,33,60,49,,,120,79,166,77,15,15,18,27,38,106,87,94,84,100,154,166,21,14,33,59,15,16,232,,36,5,73,58,55,69,67,73,52,45,60,39,15,,33,28,46,38,60,,31,35,31,,38,41,24,33,35,42,35,,26,28,29,27,20,35,42,70,83,80,57,80,66,,,59,51,21,12,,13,19,33,,,,58,90,64,81,,,51,52,23,92,,173,128,106,93,,57,95,46,31,,38,36,170,115,189,68,,,86,66,91,125,158,126,41,37,66,44,88,29,29,44,79,47,92,21,74,53,56,107,137,149,178,,38,58,62,66,91,89,129,97,135,125,128,132,81,134,111,106,81,62,60,159,99,141,97,85,77,62,,43,120,50,41,59,24,,39,42,,62,89,48,33,43,19,81,,92,,114,71,254,49,24,14,11,90,74,6,14,73,321,,47,75,66,,,,68,57,59,,103,,141,108,47,26,19,24,55,51,79,56,25,38,,65,56,65,,,58,55,72,,59,48,35,58,,,23,46,32,43,18,,84,76,57,,,47,67,35,73,13,25,20,20,22,22,25,21,42,52,44,33,60,50,58,38,22,38,37,37,75,19,48,25,59,46,,,15,,8,27,35,46,32,,27,32,26,,40,42,50,34,26,24,21,13,16,22,34,,,41,,28,28,43,48,43,41,56,52,63,72,28,32,27,38,50,42,42,54,,60,53,44,,124,74,111,28,35,36,24,31,73,,30,,31,56,57,67,62,59,46,52,39,28,33,35,35,46,6,9,20,26,24,,28,24,21,18,35,37,36,19,35,41,21,27,23,21,15,20,18,,,20,,26,21,31,44,37,50,43,,29,30,,29,31,46,32,47,30,,21,28,32,22,20,53,99,78,74,73,71,82,59,90,83,70,66,68,56,64,,63,43,50,106,124,71,68,33,45,70,105,99,80,118,71,81,38,88,60,36,33,54,21,19,12,9,8,9,11,12,13,69,49,65,24,41,51,,39,55,43,41,68,53,83,30,,,24,25,29,13,49,55,33,54,,50,33,80,53,55,22,33,31,41,54,,79,45,52,23,21,19,19,24,38,66,13,26,57,44,24,,36,131,102,34,22,49,22,22,96,94,118,86,68,55,76,70,172,97,76,203,235,44,64,75,76,24,49,29,54,65,,172,49,84,48,,198,32,,64,,40,,45,60,85,99,99,123,23,,34,87,72,36,38,,35,42,64,66,57,55,37,50,,47,47,42,41,35,37,13,,77,74,60,81,70,162,183,122,90,54,,93,91,54,73,55,93,95,76,172,122,83,78,,77,87,47,100,103,130,214,287,331,305,193,223,68,45,61,29,13,10,34,76,113,76,48,38,57
20160416,12,PM10_24h,130,111,126,129,113,145,135,,87,122,139,127,,157,164,162,146,173,148,,173,190,202,179,150,162,,82,106,98,73,88,97,147,219,204,246,208,220,221,96,122,125,140,139,95,108,134,117,111,151,137,162,150,150,186,158,202,189,183,95,127,104,128,98,119,97,115,96,139,151,140,148,149,121,111,109,119,71,67,,48,57,45,54,52,101,75,138,120,118,124,112,149,112,108,73,100,92,,101,94,93,89,108,,114,118,81,69,81,70,84,75,78,81,52,109,99,82,82,74,70,69,83,74,101,70,74,76,,73,84,76,90,63,67,80,64,80,73,79,85,59,78,77,82,77,117,95,110,108,93,84,109,121,90,75,82,86,62,79,77,69,58,70,79,89,76,77,94,95,75,82,175,124,149,177,148,160,141,91,100,97,101,72,112,74,86,75,85,94,89,83,91,103,98,73,93,,93,84,81,101,104,115,126,103,107,,99,108,44,86,59,64,114,99,112,94,48,35,24,48,31,59,51,,76,40,39,52,39,37,42,,26,36,55,,69,75,55,39,43,47,,68,,72,49,,88,75,67,40,,,39,44,45,60,56,42,27,37,43,82,97,88,77,86,77,96,90,84,89,30,67,60,68,64,79,46,48,81,44,55,43,35,48,50,41,39,49,165,215,171,162,164,,160,179,56,64,48,61,49,55,57,83,97,95,91,92,79,93,87,102,84,81,45,62,63,61,57,47,62,59,64,8,56,34,42,45,36,55,51,50,39,46,47,48,,50,56,45,62,47,48,51,41,42,36,43,41,41,32,50,51,37,40,50,40,66,,30,36,47,48,46,45,41,46,69,38,38,34,34,34,47,41,,47,43,46,43,44,42,39,38,47,41,48,54,60,,95,90,100,95,93,115,130,122,46,64,66,,58,34,36,35,31,33,41,43,34,40,42,42,31,39,36,,49,40,52,38,38,35,37,,37,19,62,82,82,68,84,68,70,80,85,51,57,49,53,60,74,51,99,76,,58,170,56,75,53,48,43,49,52,64,64,41,49,57,41,43,35,46,30,47,30,22,56,50,64,63,113,118,105,97,95,,76,78,44,79,70,56,42,51,48,51,43,39,43,48,45,50,65,37,100,69,141,160,168,132,147,128,126,107,110,102,115,110,89,86,74,61,58,57,55,112,109,92,111,123,120,129,83,81,54,29,195,153,172,150,124,141,114,,181,170,194,,176,160,153,173,91,130,143,,139,210,147,132,152,139,124,101,92,80,62,60,70,114,,115,,135,129,111,154,133,151,139,73,79,,63,83,83,177,144,157,,37,33,37,37,36,50,42,28,36,42,48,55,51,55,49,53,47,47,53,42,57,17,22,26,45,37,39,21,25,28,40,45,47,48,49,54,54,55,53,50,49,51,54,44,33,54,53,79,77,142,138,156,132,102,119,98,88,102,79,88,,100,75,54,98,41,58,45,58,83,66,108,98,54,43,239,220,204,171,78,84,87,104,95,76,,86,89,74,84,64,69,61,75,93,63,61,56,123,123,127,131,127,54,43,58,54,52,,43,60,,58,61,54,71,71,88,119,57,92,60,61,82,66,36,31,40,40,72,72,77,85,71,54,45,44,31,42,49,40,11,132,190,155,98,134,164,145,95,63,134,93,63,83,106,,96,143,198,138,161,85,91,85,,68,79,132,67,80,87,83,75,86,62,57,54,62,69,58,53,58,42,76,112,72,101,69,56,75,35,27,73,111,97,129,,73,75,82,106,117,97,97,123,95,50,47,31,41,42,40,20,29,26,24,31,17,84,44,83,43,29,40,34,29,40,44,35,32,43,62,36,46,29,37,29,55,42,36,65,30,48,,59,68,79,56,54,63,52,40,48,53,49,55,55,50,67,26,32,46,35,32,42,47,36,59,42,57,78,81,95,97,69,,90,94,147,104,24,21,58,34,34,138,133,144,151,158,161,180,99,69,48,64,53,56,85,77,118,70,97,97,88,98,135,134,60,67,61,45,43,50,79,70,77,78,88,,79,94,82,128,103,98,71,89,93,89,103,73,61,45,51,68,69,70,70,68,62,54,49,59,52,,,72,73,45,49,45,47,51,94,87,92,87,82,75,70,76,,67,80,89,112,60,89,106,66,69,48,,37,54,55,41,,55,46,68,74,77,32,,34,102,90,112,150,148,163,64,52,138,138,146,123,130,77,97,89,381,333,72,64,58,164,187,147,182,,44,75,71,89,99,90,115,104,142,130,132,147,80,138,103,61,64,47,55,92,77,117,76,109,109,64,55,63,58,56,49,56,35,39,74,54,119,80,107,50,30,48,29,75,,74,53,91,111,162,89,35,27,39,65,68,48,25,106,133,76,105,171,97,,56,61,51,60,68,149,166,136,81,97,73,75,50,59,100,76,67,69,32,39,18,110,88,96,91,,93,84,120,124,71,72,52,64,,86,106,102,57,52,35,34,56,51,57,46,34,48,49,50,45,9,32,26,28,26,28,27,23,43,52,49,35,55,43,52,38,32,77,69,73,91,82,92,79,100,87,31,50,52,48,46,25,43,39,42,41,26,36,29,32,82,87,79,83,73,39,28,28,27,24,34,35,37,39,115,98,119,91,109,107,127,133,128,155,153,70,74,66,79,83,87,83,53,,92,98,65,119,121,135,146,70,64,81,47,58,101,60,63,,54,62,42,41,52,45,43,38,49,66,57,52,52,63,40,40,42,53,43,,47,40,38,34,48,64,56,49,53,55,43,55,56,52,53,53,53,56,,63,109,87,89,49,47,62,55,50,,63,73,40,70,58,65,74,74,57,,59,64,68,73,34,56,72,64,62,60,61,77,59,63,77,70,72,97,72,86,92,65,51,79,130,133,66,61,79,110,113,92,98,99,123,37,31,18,33,35,30,22,35,25,22,24,19,35,30,29,34,31,46,44,52,27,37,41,,38,46,31,35,57,36,50,39,29,36,10,13,18,12,29,40,35,39,37,51,48,81,65,86,22,23,22,33,42,,84,79,72,49,31,27,34,43,60,87,27,28,51,49,46,,75,57,44,63,55,33,25,17,87,115,72,56,50,51,89,118,179,99,96,148,144,38,52,48,60,25,22,26,25,58,,195,62,58,47,,170,30,35,49,,20,42,27,24,88,96,93,102,31,,28,47,37,39,42,21,23,32,37,40,58,57,30,39,69,63,29,27,29,35,34,14,,46,39,57,76,68,116,172,78,73,124,,89,78,92,96,87,75,114,94,219,198,151,126,25,58,57,59,100,149,190,178,264,335,305,141,143,42,34,58,29,17,14,24,61,63,53,60,60,52
20160416,12,SO2,2,2,2,2,2,2,2,2,2,2,3,2,,7,9,2,14,4,11,,7,1,4,9,6,11,,13,21,13,18,14,12,25,23,21,16,27,25,27,6,12,12,12,7,22,14,15,18,12,11,9,5,5,7,4,3,10,3,4,6,8,9,7,13,4,2,3,2,10,11,21,11,27,12,7,10,34,39,14,,12,8,10,8,7,13,18,10,7,4,12,7,2,8,8,11,54,15,,25,28,13,15,24,,13,4,9,8,5,3,8,2,8,11,3,31,18,15,14,14,9,11,13,16,17,13,19,29,,14,30,32,15,24,10,14,16,12,10,8,9,7,9,9,11,17,11,10,11,13,12,3,12,10,4,12,10,13,11,10,15,13,11,23,22,26,17,12,16,11,26,22,30,22,20,24,41,40,120,11,23,58,27,9,8,8,5,4,8,7,8,8,10,17,12,12,13,,16,16,41,3,6,19,24,19,12,,12,8,14,11,18,12,28,19,4,14,5,6,9,10,3,4,6,,10,6,7,7,8,10,8,,7,9,10,,8,14,13,20,17,,,9,,3,4,,6,5,3,2,,,20,35,8,23,19,20,26,25,28,8,11,13,6,6,7,5,6,3,11,4,4,8,7,3,6,7,4,16,13,16,35,21,20,19,7,18,20,16,11,17,9,27,,18,17,17,10,27,7,33,19,15,12,5,15,12,15,6,5,16,6,13,12,3,2,4,6,2,8,4,6,8,3,5,7,6,3,8,14,6,8,6,5,6,8,,12,8,11,28,7,9,22,11,5,3,5,6,41,7,18,4,16,10,10,8,4,,5,20,14,13,1,8,7,9,6,5,3,13,4,8,9,6,,5,6,7,5,8,7,4,6,6,2,16,31,9,,8,11,8,10,5,11,10,8,6,10,8,,12,9,9,13,11,7,14,17,12,10,11,11,11,18,14,,27,14,10,16,15,14,13,,17,14,16,14,5,14,9,8,34,32,10,26,11,51,8,16,14,10,6,8,,6,35,8,30,27,17,20,11,18,12,10,8,8,16,9,14,4,4,5,5,3,7,15,13,6,45,18,6,14,11,8,,2,14,5,4,3,2,6,14,12,20,12,19,5,10,6,,16,3,8,9,6,7,6,7,6,8,14,12,12,6,12,18,19,14,9,19,13,15,12,28,23,11,7,12,12,18,35,37,20,10,38,30,23,6,16,19,13,,7,15,11,,11,17,14,13,20,52,47,,29,56,7,2,18,14,28,16,10,6,10,3,16,25,,5,,7,18,30,15,12,5,12,11,1,,9,3,7,10,42,13,,41,15,8,8,12,81,29,7,10,8,25,2,15,9,4,10,9,12,3,3,5,5,3,8,8,8,10,5,4,6,4,3,3,8,9,15,16,19,15,10,20,3,11,24,24,7,22,13,12,10,10,12,11,15,12,12,15,10,43,29,,33,22,22,8,17,5,12,34,9,401,11,10,24,8,9,8,6,8,6,10,16,11,17,9,,,25,11,18,7,21,13,19,86,20,8,10,36,66,25,25,39,17,11,18,13,14,,8,11,,30,6,19,8,34,14,32,9,11,17,10,4,16,8,6,37,8,2,4,3,2,6,6,9,7,11,16,14,16,7,27,149,34,36,33,36,45,10,14,14,13,44,8,7,,9,27,21,18,27,29,49,20,,20,19,20,18,6,9,2,22,13,19,15,23,8,25,26,3,1,22,11,27,14,21,57,3,9,4,3,11,13,11,11,,6,9,6,20,9,7,17,16,10,1,2,19,19,30,8,12,42,19,30,12,19,37,104,60,53,4,8,10,8,8,9,7,6,38,28,47,27,6,4,12,4,10,4,7,3,2,,2,28,34,7,10,12,6,5,7,8,10,9,5,9,11,6,6,12,5,8,13,6,9,30,9,24,17,3,3,1,35,,29,30,146,79,2,17,2,4,1,25,3,5,11,16,23,21,3,3,5,3,8,10,5,5,4,4,9,8,15,19,7,6,5,20,12,9,2,17,20,16,22,12,13,,11,15,12,,11,8,6,11,25,13,10,14,9,3,6,7,4,10,14,13,3,9,8,35,28,,,3,3,6,15,12,10,6,11,8,16,10,7,18,9,18,,12,26,15,10,8,22,22,12,6,11,,17,8,6,16,,18,20,7,20,13,8,,10,16,19,17,16,18,7,2,3,5,6,10,19,32,5,5,7,11,4,20,6,6,28,22,20,30,,4,5,6,8,25,17,18,24,17,7,14,8,22,22,17,21,15,3,4,25,34,9,8,9,4,15,10,7,18,9,35,16,4,4,3,2,6,7,6,3,1,4,8,6,,4,8,4,13,26,26,11,15,35,18,8,20,30,9,51,29,3,25,7,,16,6,6,13,14,9,20,34,49,71,11,10,21,34,20,4,7,26,24,7,5,8,11,5,29,,,20,22,42,9,4,12,9,,8,18,5,6,13,9,8,7,7,11,19,2,18,47,27,28,3,4,10,6,7,8,6,8,6,7,6,1,11,6,6,5,9,18,24,24,14,20,5,8,19,10,3,10,44,16,16,11,10,6,26,6,10,8,10,14,6,4,7,5,14,1,7,4,4,13,4,11,10,26,19,16,18,12,13,27,17,6,10,3,7,32,30,21,10,24,21,12,34,,45,23,22,27,27,26,7,9,17,70,3,2,50,4,1,,9,18,18,4,3,38,8,10,64,2,22,15,9,9,7,5,2,2,11,,5,1,2,2,7,5,,4,9,11,6,6,5,6,7,3,4,3,3,80,6,19,16,4,4,5,4,11,,3,6,5,4,,5,10,8,8,,9,58,12,6,4,12,9,8,18,8,9,10,3,3,13,11,15,16,15,25,16,13,15,17,10,16,20,26,8,19,25,73,154,9,12,14,6,15,4,16,19,4,14,31,33,13,24,4,5,10,11,1,14,11,18,40,11,7,,6,15,2,32,5,5,22,5,7,4,3,6,9,3,22,26,20,22,7,7,1,10,7,17,24,18,31,22,83,,10,30,7,9,25,20,17,6,31,18,17,15,49,24,6,,14,8,12,8,20,9,13,5,3,18,14,17,29,32,36,45,44,18,13,9,14,5,14,25,22,15,8,15,8,3,8,5,7,15,3,,17,5,8,10,8,20,6,6,5,2,3,1,3,6,,8,4,1,5,3,12,9,11,8,7,14,18,14,11,9,7,11,7,4,5,7,5,,12,23,11,12,21,12,9,23,1,26,,17,70,4,11,4,12,9,9,2,7,4,1,,5,1,15,13,4,6,3,5,14,7,16,18,6,14,1,5,3,4,10,5,17,47,12,13,14
20160416,12,SO2_24h,11,7,11,11,12,10,11,12,9,8,13,9,,23,29,24,31,21,30,,27,24,22,30,16,26,,29,28,28,33,29,20,33,73,61,60,63,72,81,24,30,14,20,19,21,15,18,130,21,28,27,19,24,29,8,6,12,6,7,15,15,21,21,20,17,16,17,15,55,14,40,19,37,18,20,18,42,48,11,,11,15,12,9,8,14,17,16,11,13,16,7,3,10,10,11,48,25,,23,23,22,22,28,,17,8,19,8,7,6,11,4,17,18,5,27,14,13,9,12,9,10,10,19,15,24,21,28,,13,36,31,25,30,15,34,18,12,11,10,11,9,10,11,11,18,17,16,17,16,17,4,17,12,8,15,10,16,11,9,16,9,10,18,20,27,17,13,19,17,25,28,32,29,29,12,42,21,145,14,31,62,30,12,12,15,10,6,11,12,13,11,11,24,16,13,14,,24,20,28,8,12,24,28,24,19,,12,13,8,12,14,9,41,28,11,20,5,5,9,16,4,5,8,,17,5,5,8,8,9,9,,8,10,13,,6,10,11,8,10,6,,20,,15,13,,10,9,6,9,,,13,18,8,13,12,15,9,9,20,15,14,31,11,13,14,11,13,10,17,3,5,7,5,4,5,3,5,13,8,6,11,8,14,17,10,13,11,20,19,18,16,30,,25,22,21,11,22,8,33,18,12,12,30,18,15,18,10,6,19,11,16,15,8,6,6,9,7,11,6,9,10,17,8,13,7,5,10,16,7,12,10,6,4,5,,11,12,12,22,5,6,19,8,6,4,5,4,24,7,13,3,7,5,10,7,6,,3,14,8,11,4,16,7,8,6,5,2,13,9,7,9,5,,4,4,6,4,8,8,4,5,6,2,17,33,12,,7,11,8,10,5,10,8,9,5,5,5,,11,7,6,10,9,6,8,10,12,7,8,9,9,9,8,,10,13,5,9,10,7,6,,10,11,8,7,6,8,10,5,17,11,6,20,9,56,17,13,17,17,6,8,,6,13,7,19,10,7,13,6,12,10,10,9,4,11,7,10,4,5,5,5,3,7,16,13,6,18,28,11,15,24,15,,3,14,7,9,5,9,14,16,23,29,31,13,25,16,11,36,14,5,61,11,8,9,6,8,11,9,17,10,9,4,9,19,23,15,14,23,14,17,13,25,22,12,11,14,11,20,18,17,9,7,30,23,24,6,16,22,10,,20,27,24,,23,48,39,37,18,33,36,,22,25,15,13,20,16,35,14,11,7,11,5,19,18,,8,,12,27,45,31,39,12,36,10,5,,14,8,9,30,59,33,,28,12,9,10,10,22,9,3,9,8,21,2,12,9,4,11,8,11,3,3,6,3,3,8,8,9,10,4,4,7,3,3,3,7,6,9,13,14,11,8,10,5,10,23,25,5,19,29,31,21,26,26,15,19,13,15,16,13,20,18,,22,14,14,7,9,2,10,17,18,34,26,28,39,14,13,10,9,11,9,13,19,25,24,13,,41,25,9,18,8,22,13,23,104,23,10,10,56,94,35,48,58,13,10,14,11,11,,9,9,,20,6,14,9,33,17,19,6,11,15,10,6,15,8,7,38,12,7,4,10,8,8,30,33,32,32,47,36,70,27,35,33,39,33,24,33,23,23,24,24,21,31,14,12,,14,32,27,11,38,17,29,11,,27,20,25,19,11,12,5,21,13,23,18,47,7,19,25,9,8,33,15,16,8,14,16,3,10,4,3,22,32,28,19,,6,10,9,12,12,12,13,19,9,1,2,13,12,15,6,8,20,12,9,13,11,77,27,53,15,5,9,8,7,8,7,6,6,10,7,13,7,6,4,6,14,19,5,5,3,2,,3,23,29,8,6,9,7,5,10,7,12,6,2,6,7,3,3,5,6,5,10,3,3,21,4,9,13,4,4,5,28,,10,34,102,45,2,20,2,3,2,9,4,5,16,22,30,32,7,6,6,4,10,11,5,6,12,7,11,9,14,20,13,12,5,20,14,11,2,17,13,12,15,11,13,,13,16,16,32,9,9,7,13,19,14,16,18,11,6,10,11,8,12,15,14,4,10,10,15,14,,,6,5,7,13,13,12,12,20,15,31,19,8,12,7,16,,20,16,18,12,26,41,27,19,25,16,,19,10,5,10,,16,15,18,36,23,11,,14,7,6,18,25,25,31,3,2,16,13,14,26,32,8,9,24,14,6,23,4,6,33,31,30,41,,6,7,7,12,25,15,17,18,25,12,25,10,16,16,15,23,12,3,7,29,23,12,8,9,4,10,12,9,11,10,34,10,7,5,4,2,5,12,11,3,4,5,15,7,,7,10,4,12,21,29,15,21,39,19,9,20,27,16,25,28,7,37,12,,24,12,17,24,17,10,29,31,39,40,59,13,53,27,27,12,6,30,22,10,5,10,9,9,21,,15,19,18,20,14,8,12,10,,7,26,9,8,14,15,10,5,5,9,16,22,14,18,15,15,2,3,12,6,7,9,7,7,2,5,5,1,5,5,4,3,8,16,26,28,27,32,19,41,40,39,3,44,104,41,26,13,12,8,22,11,17,10,17,16,9,9,9,21,29,16,9,4,6,9,21,35,38,46,31,24,26,21,21,38,29,17,19,24,16,21,19,17,14,81,30,23,28,,45,24,16,34,35,38,22,17,22,31,13,2,13,10,2,,7,15,19,11,7,16,8,11,44,31,29,18,23,8,10,11,4,7,11,,5,5,5,4,7,9,7,14,10,11,12,9,7,11,23,23,34,25,5,55,20,22,25,4,6,7,5,15,,15,31,9,17,,7,15,18,33,,14,61,25,14,6,10,9,6,18,5,6,11,3,3,14,12,16,28,10,13,16,18,46,60,10,12,19,11,4,11,11,18,46,10,12,10,13,8,7,7,11,4,11,10,15,12,8,11,12,13,17,2,13,13,9,27,21,14,,10,12,4,32,6,4,7,5,6,3,2,5,7,2,24,21,11,25,39,5,19,11,9,19,12,9,6,11,28,,7,23,7,7,17,13,13,10,19,22,14,14,32,9,7,,17,8,5,5,16,9,13,3,3,15,7,11,35,30,21,21,30,15,13,6,9,6,11,7,6,14,7,17,5,5,8,4,6,12,5,,21,6,10,11,7,15,4,6,4,3,6,5,4,5,,7,3,3,7,4,11,11,9,5,5,11,17,8,7,18,10,3,8,4,5,10,4,,12,19,15,11,21,11,8,21,1,32,,3,28,4,19,6,8,13,8,2,7,2,3,,5,5,10,13,4,6,2,9,14,9,9,10,6,12,5,6,3,7,12,7,15,50,14,15,13
20160416,12,NO2,10,5,2,14,16,15,16,11,6,21,8,10,,20,20,14,20,16,15,,19,27,17,13,20,19,,24,20,11,20,23,11,22,29,39,33,55,42,58,17,42,57,41,52,29,24,16,34,16,5,56,14,8,20,9,14,11,6,18,11,11,6,6,6,26,16,11,19,25,34,25,12,10,20,20,26,25,17,11,,10,3,9,8,2,3,21,9,21,7,3,7,26,12,7,27,24,20,,22,59,23,27,35,,31,18,30,8,20,14,14,19,13,22,9,63,46,62,28,43,23,18,20,20,34,40,62,15,,81,86,53,29,102,20,53,36,65,58,58,47,49,47,26,42,26,32,41,46,40,37,52,48,33,38,43,60,55,55,59,48,78,69,47,56,39,65,70,30,35,20,80,52,69,26,52,50,64,41,33,37,29,38,32,40,20,23,38,37,26,53,34,29,51,46,20,43,,41,34,29,45,35,65,45,22,56,,24,51,30,38,32,27,39,73,36,35,80,38,9,85,40,79,80,,2,80,73,11,14,23,32,,12,22,24,,46,46,53,72,54,,,44,,28,46,,25,13,10,15,,,38,44,29,36,36,37,57,54,55,42,31,14,17,26,36,33,39,19,31,17,59,74,78,64,86,18,43,41,28,22,20,16,22,31,11,23,24,29,26,31,31,11,,42,1,23,24,,78,30,15,9,23,51,56,57,50,32,25,29,48,39,34,16,7,27,20,23,14,6,20,10,8,11,11,6,9,15,22,25,17,12,9,45,34,,24,31,12,49,45,36,38,29,18,26,23,20,34,16,19,5,25,33,37,20,3,,4,36,42,43,17,18,3,28,29,10,4,5,3,15,11,11,,25,13,23,20,10,19,31,30,15,15,14,13,11,,27,8,47,25,30,15,23,13,6,17,36,,36,14,55,19,40,17,22,41,20,16,52,20,41,37,47,,26,44,20,27,35,31,30,,14,27,21,32,9,15,17,22,21,50,19,32,13,10,8,4,30,12,13,33,,6,50,17,26,29,29,21,26,23,31,15,21,21,,15,31,32,40,10,45,38,21,22,22,16,7,26,22,9,12,11,,20,31,25,11,39,4,10,26,19,16,9,26,27,34,22,,13,16,20,12,10,9,7,6,9,12,10,10,8,5,8,31,20,15,26,10,9,20,9,32,31,14,8,28,36,35,56,66,58,22,50,45,54,48,50,72,45,,11,15,21,,15,33,27,21,29,44,70,,47,52,14,31,73,32,14,37,49,29,16,26,37,31,,29,,19,29,39,45,28,50,53,38,20,,29,19,25,35,15,18,,18,20,23,11,28,42,50,53,26,25,24,8,5,9,5,19,3,4,10,4,4,13,20,18,16,13,14,31,20,19,5,2,5,33,53,43,17,24,31,30,17,20,27,5,4,23,17,14,12,12,10,10,8,12,6,40,6,8,18,29,,20,18,5,29,11,31,8,2,17,21,9,8,3,9,5,10,10,11,14,17,29,33,18,15,,22,29,14,23,8,26,20,28,43,12,12,6,34,54,39,50,54,37,31,46,21,48,,10,15,,23,15,10,29,78,37,79,44,20,19,22,7,14,59,36,23,16,21,13,14,22,12,20,29,17,17,14,26,14,15,16,19,1,16,9,14,18,12,26,19,26,44,12,10,,19,32,28,23,22,40,40,39,,15,17,19,12,11,23,32,16,18,15,10,7,22,8,8,1,9,8,6,3,2,24,5,8,6,7,6,8,26,9,19,,12,8,8,15,14,8,8,15,7,7,3,38,40,39,37,21,12,19,16,17,12,25,39,21,19,12,6,22,31,12,13,14,14,31,24,45,19,10,11,16,29,18,10,19,32,9,,17,26,13,7,18,22,22,6,10,11,11,2,16,18,21,11,11,16,19,16,14,18,27,18,29,28,17,6,14,6,19,,5,16,34,15,16,4,2,10,4,11,5,7,31,43,43,51,15,16,15,26,38,24,20,14,21,23,35,23,40,20,27,18,9,25,20,22,9,9,55,58,56,43,42,,37,52,49,,43,49,19,22,52,39,59,50,41,45,22,41,32,37,31,30,54,56,39,95,94,,,26,14,15,16,9,15,14,14,14,19,16,27,40,21,12,,10,13,12,10,4,8,9,13,4,8,,7,12,20,10,,5,2,14,6,12,7,,9,7,12,11,12,22,16,8,11,16,15,12,5,11,17,16,14,7,2,4,6,4,25,34,23,47,,7,12,29,16,29,37,26,39,14,15,15,18,40,44,41,16,18,22,36,37,64,23,13,24,14,46,25,16,15,38,22,9,1,10,2,25,9,26,22,21,24,14,13,6,,31,28,21,5,39,33,18,10,5,53,31,4,12,71,143,59,47,21,25,,39,38,21,32,18,30,30,31,61,47,50,43,78,51,79,2,93,77,42,32,8,53,49,56,57,,,7,68,45,11,26,66,25,,14,42,24,30,40,40,40,35,34,36,22,15,48,50,38,31,2,22,16,20,13,22,12,8,42,51,35,16,21,2,18,40,4,10,5,16,4,12,14,16,12,10,5,14,16,12,10,4,10,5,4,16,14,14,11,10,14,10,2,12,17,6,17,12,24,38,3,2,33,26,11,21,34,9,27,8,11,20,12,17,10,23,25,31,23,19,53,23,32,,18,31,35,19,18,50,16,19,13,30,14,27,28,14,12,,13,10,14,15,13,17,12,30,49,12,9,11,8,41,11,6,18,7,3,,16,9,12,14,3,4,,2,8,23,10,18,20,1,3,2,5,4,4,20,13,14,23,18,23,16,9,13,,11,25,26,27,2,9,7,4,1,,2,11,6,9,2,3,3,12,20,29,10,24,8,15,15,17,15,7,5,13,21,7,10,14,7,4,4,12,6,17,14,8,16,7,32,10,27,19,24,14,17,18,21,19,19,15,8,7,15,14,12,8,12,12,10,7,27,15,,16,10,5,9,21,7,13,25,9,11,10,28,17,10,8,11,15,8,14,9,9,18,15,10,14,19,19,21,37,,17,48,24,24,19,12,13,9,9,8,21,16,19,12,17,,40,35,33,1,9,6,11,18,25,10,37,18,17,23,7,4,12,3,9,35,31,14,29,61,39,14,10,,31,118,11,11,11,17,8,,1,5,6,22,22,10,18,15,21,2,12,4,9,9,,9,9,7,13,8,5,17,19,25,17,4,5,12,9,6,30,5,1,4,7,42,15,,8,10,2,25,8,5,9,13,14,19,,22,29,2,6,2,7,9,8,6,10,3,3,2,46,31,15,15,11,15,16,13,13,17,30,27,27,33,,6,2,15,14,10,17,15,31,15,47
20160416,12,NO2_24h,35,29,34,43,45,44,55,48,32,51,33,33,,57,55,33,52,48,58,,64,76,50,54,50,50,,41,30,30,33,32,19,21,74,85,63,87,85,84,23,48,69,52,48,37,41,26,50,36,30,76,33,32,47,20,22,18,16,26,26,24,24,22,15,55,48,42,50,64,59,53,25,33,26,46,39,48,35,18,,10,16,18,20,7,20,30,12,26,14,14,16,31,20,13,24,28,30,,26,63,28,38,38,,27,28,33,13,20,20,22,23,16,31,15,60,43,53,37,46,19,17,25,24,42,35,37,28,,82,88,52,29,78,27,49,30,50,40,39,38,41,31,30,24,20,31,36,37,46,31,46,52,30,32,32,43,33,42,41,39,37,41,28,31,25,39,37,24,29,18,36,41,44,26,40,37,43,38,33,36,27,36,31,46,29,23,49,52,32,41,36,22,46,35,16,35,,38,36,28,42,28,53,49,19,49,,15,43,24,25,27,23,43,62,33,28,46,43,12,53,20,45,56,,48,34,47,15,16,18,32,,10,24,27,,58,85,56,28,17,35,,35,,30,38,,41,22,23,22,,,43,33,26,45,32,36,27,24,29,42,45,22,25,45,69,44,38,10,41,33,57,56,66,51,65,11,50,53,34,27,26,10,27,47,15,32,27,26,25,29,34,12,,34,9,20,18,10,39,21,17,17,16,25,43,51,34,29,24,29,38,30,23,19,27,38,29,31,29,19,25,34,28,19,30,11,23,16,41,38,24,25,17,51,42,,39,45,36,53,50,25,50,36,25,32,28,36,35,17,56,9,17,28,31,26,28,,10,54,51,54,40,34,10,46,49,16,11,10,7,19,17,16,,34,29,38,37,37,17,22,23,12,12,32,26,26,,33,18,47,16,25,46,41,36,6,12,17,,25,14,35,18,23,17,27,29,24,16,46,22,26,34,20,,29,52,34,39,44,42,43,,30,20,12,45,13,22,15,26,31,51,19,31,17,11,17,6,31,21,16,35,,11,45,18,38,32,44,32,31,35,41,18,27,24,17,20,42,29,28,13,25,32,22,21,29,12,5,24,28,28,30,30,,43,40,41,48,35,15,25,30,31,19,29,27,33,37,22,13,8,13,34,17,15,11,12,12,13,16,16,13,11,8,11,29,28,19,19,14,10,24,13,28,26,17,16,37,33,39,47,50,50,19,33,32,32,33,22,34,36,,22,24,27,,24,36,27,25,31,44,44,,36,25,13,27,48,24,10,22,30,14,11,14,14,16,,17,,19,27,29,34,23,26,36,22,7,,21,13,19,40,21,28,,24,25,29,19,32,26,24,19,23,21,26,9,6,10,7,17,5,3,10,4,5,20,28,34,11,18,14,21,14,13,6,4,6,34,52,47,16,20,25,30,29,29,25,5,7,17,18,29,38,21,24,26,14,21,14,21,12,16,17,31,,29,22,8,28,16,30,8,6,50,40,36,38,24,26,8,13,10,14,16,16,22,34,18,15,,26,33,17,26,12,29,20,26,54,15,12,7,40,50,43,46,50,32,20,33,20,29,,10,21,,24,19,10,17,68,27,46,23,24,21,20,10,20,26,26,19,11,29,18,20,22,41,22,28,24,15,10,34,18,4,42,29,15,41,30,26,29,24,31,25,31,47,20,20,,25,41,35,34,17,27,27,26,,25,28,28,18,40,49,43,35,44,40,31,21,35,23,10,10,16,15,12,12,7,22,3,18,17,23,5,8,46,27,42,,10,14,17,13,20,17,15,26,11,8,6,25,28,30,25,14,18,23,20,17,10,45,16,33,27,7,5,19,22,15,18,17,21,27,21,40,19,11,25,22,36,20,19,31,40,19,,27,16,9,14,27,29,36,11,27,19,19,6,32,38,41,10,21,35,40,24,32,35,42,20,40,35,29,9,14,9,19,,7,19,30,18,14,7,2,13,12,30,19,18,23,32,26,34,18,16,9,6,28,26,13,13,22,32,17,23,30,11,17,8,7,23,10,12,10,12,39,48,36,32,31,,33,36,49,41,36,38,22,20,37,32,43,28,26,28,18,44,33,19,17,27,48,39,30,48,57,,,27,23,15,15,9,13,14,22,17,22,19,38,39,33,8,,14,8,14,13,20,23,16,19,22,12,,15,21,23,8,,8,3,23,17,26,19,,14,10,11,10,20,31,24,9,10,20,23,20,17,25,21,21,28,7,4,8,9,4,35,41,34,53,,6,11,18,18,29,42,17,34,19,18,22,24,33,37,36,21,26,21,28,38,46,32,19,28,18,41,34,28,11,19,19,7,2,11,2,34,13,32,33,18,22,13,17,7,,35,28,17,10,31,49,24,21,12,31,21,11,12,63,24,42,30,34,21,,26,32,18,32,10,23,28,31,33,40,55,41,42,32,66,9,53,35,36,26,11,33,44,35,35,,23,18,58,27,15,25,21,29,,17,57,36,38,25,36,28,40,23,39,20,30,30,31,32,20,2,19,20,15,32,47,39,20,26,47,42,4,10,5,20,15,3,17,10,18,13,15,18,32,32,21,7,23,20,24,19,5,12,9,9,14,14,17,22,20,23,19,3,27,24,12,13,10,16,11,19,20,36,31,29,32,43,18,39,17,21,28,33,28,25,21,28,32,21,22,48,19,24,,20,19,23,22,25,54,22,20,14,32,34,29,22,14,28,,16,11,14,16,19,18,15,24,23,31,25,24,25,45,21,17,14,9,3,,12,9,9,14,5,25,19,22,21,32,19,29,26,5,13,11,17,13,14,31,27,23,37,12,13,14,4,13,,24,25,35,33,4,14,14,12,3,,16,14,12,19,5,10,22,16,15,31,17,28,7,13,17,18,18,15,10,21,24,12,15,20,11,23,10,14,14,28,38,8,16,12,17,15,30,20,27,15,18,12,29,15,18,19,11,21,25,22,20,9,24,23,20,6,26,16,,18,21,28,29,36,24,16,43,17,12,4,22,31,25,7,8,14,11,13,9,9,16,34,27,10,13,9,11,22,,16,30,21,27,22,14,14,11,17,16,15,12,13,10,21,,32,17,12,3,10,6,8,14,25,27,18,4,25,33,14,14,18,21,21,39,25,15,14,38,33,8,7,,23,21,14,16,17,19,10,,23,5,7,22,14,13,21,28,20,22,32,21,23,9,,7,10,13,23,12,4,32,24,21,12,13,13,28,29,16,41,6,7,9,22,60,25,,8,8,11,26,9,5,13,14,14,18,,31,53,7,16,13,19,31,32,13,17,4,4,3,41,36,9,28,32,38,20,43,45,43,27,35,26,18,24,12,2,13,25,17,23,25,53,14,63
20160416,12,O3,79,84,79,79,74,72,79,66,60,65,82,81,,65,73,22,69,70,87,,63,61,73,71,44,77,,74,37,10,75,65,42,75,73,62,58,41,49,39,115,81,104,115,96,72,66,74,65,89,85,94,67,86,48,93,91,87,92,78,82,87,98,86,95,59,67,71,89,69,81,75,75,82,71,85,62,70,57,52,,54,63,57,48,56,97,73,86,94,142,81,78,77,78,81,85,139,137,,156,74,133,128,117,,128,113,94,113,99,124,123,112,105,104,95,84,77,65,108,86,101,124,101,108,121,36,19,122,,34,24,83,55,28,67,24,60,65,54,52,71,53,60,76,67,68,28,28,43,44,38,39,34,43,68,42,24,41,35,41,45,25,32,49,43,54,11,25,75,74,84,50,40,28,44,36,32,30,41,6,31,35,43,69,68,63,85,58,73,87,28,60,47,54,37,54,36,,40,44,3,41,21,25,40,42,21,,31,20,54,48,54,65,30,17,43,30,12,24,46,21,25,7,14,,24,5,10,90,85,90,80,,101,87,71,,36,42,37,27,31,,,35,,51,49,,77,77,88,84,,,21,23,17,37,81,37,16,22,21,21,20,35,53,40,45,36,58,39,45,46,27,25,34,24,25,56,46,46,59,81,80,90,49,53,78,76,87,31,39,37,32,34,,29,52,124,112,103,63,102,127,92,88,77,49,29,32,36,69,32,21,30,41,54,80,67,64,54,86,54,67,84,85,61,105,90,92,82,85,87,80,85,82,20,22,,19,13,35,8,19,20,11,24,41,52,50,42,31,38,81,34,65,41,32,61,56,,81,27,30,22,45,36,55,34,35,42,50,56,55,43,46,40,,36,42,41,40,47,54,36,43,34,41,51,54,49,,123,149,84,89,107,140,150,129,98,110,45,,72,62,74,76,59,88,75,66,80,73,53,88,57,86,51,,80,113,81,83,78,77,101,,93,60,102,101,106,102,107,108,110,101,115,120,129,125,139,132,128,105,113,105,,128,85,109,69,71,78,70,66,59,76,88,58,75,90,77,79,73,67,144,64,66,68,44,65,78,92,72,53,96,74,65,,25,35,66,48,68,36,82,62,74,82,91,69,80,80,67,,132,68,76,56,93,82,91,78,89,100,86,80,62,96,89,123,122,126,101,129,163,128,131,104,121,155,116,104,57,121,26,14,18,31,50,52,67,28,19,35,45,,78,78,52,,77,37,27,35,35,85,29,,37,43,49,64,39,30,73,52,48,70,67,78,69,57,,75,,99,50,38,30,77,46,54,63,96,,61,11,83,91,101,94,,39,34,13,47,33,37,67,38,57,53,52,71,52,56,83,81,44,60,75,67,79,36,35,43,57,59,62,28,30,32,67,50,68,12,9,11,83,65,82,63,77,68,91,76,11,60,130,68,91,80,66,72,95,83,88,82,93,74,75,96,,98,58,86,69,51,55,73,56,80,84,84,95,105,98,81,78,56,47,104,78,90,88,118,117,,152,141,164,117,156,142,128,119,93,122,149,156,110,94,115,99,108,109,92,89,116,76,,130,74,,64,90,97,16,32,29,7,19,79,78,80,84,95,17,45,68,30,49,23,54,46,25,38,17,46,26,23,44,65,47,78,69,100,72,86,102,71,93,74,81,37,60,85,76,,61,46,68,31,59,41,41,15,,100,37,93,100,104,75,67,76,92,96,97,83,89,95,129,111,114,118,86,72,68,75,107,43,88,91,94,82,122,117,109,,86,125,86,157,123,95,123,133,135,67,75,31,20,39,22,42,53,55,85,77,75,68,75,126,133,114,91,110,67,21,16,79,72,45,74,52,39,82,65,123,49,64,76,96,108,102,,106,126,117,118,66,74,71,115,155,114,111,109,105,93,105,86,88,77,78,88,73,78,66,76,86,80,78,111,110,86,78,,93,93,89,91,90,96,53,122,59,78,78,108,53,51,31,24,78,75,119,73,87,103,112,130,114,122,100,82,97,121,89,60,63,83,85,87,98,122,34,36,27,49,53,,57,,44,,59,52,26,4,25,30,49,30,79,27,10,40,25,,59,30,57,28,61,7,22,,,84,59,75,64,68,66,66,53,61,65,62,52,44,74,97,,41,107,104,84,97,91,98,84,89,94,,91,92,48,48,,44,35,91,127,105,78,,39,102,88,79,63,50,89,101,103,103,104,89,93,50,61,81,85,112,91,42,126,118,68,97,61,45,,138,124,81,98,196,105,102,143,71,62,52,37,78,73,77,132,141,110,106,110,51,62,69,68,70,66,75,81,44,39,51,34,74,76,68,84,58,50,72,76,71,79,81,24,,33,16,32,38,45,82,76,88,,31,31,93,81,22,127,90,28,32,33,,29,24,,29,40,30,46,44,64,8,49,31,57,29,27,2,27,17,62,49,80,84,28,62,18,,19,27,106,14,79,81,87,91,,37,70,21,31,53,38,36,24,20,32,46,38,19,14,18,30,,45,51,40,35,39,40,48,26,35,28,49,52,85,83,55,70,89,68,85,55,125,45,89,120,96,86,97,90,103,102,46,48,53,49,45,82,80,99,73,86,40,,86,80,82,68,78,68,48,117,125,77,89,61,49,50,81,87,97,78,69,87,71,99,65,60,51,67,69,57,58,88,,83,69,69,35,36,34,32,75,78,78,71,71,70,32,77,,67,77,114,88,108,84,104,76,56,81,88,86,63,81,83,77,74,99,81,,74,84,69,82,83,86,71,92,72,74,83,78,47,104,103,108,102,101,128,87,93,80,,92,78,91,69,73,,106,67,54,93,95,84,86,81,85,,94,102,92,88,97,83,119,167,22,78,116,88,47,33,105,107,107,96,108,108,119,95,91,86,120,122,56,48,78,71,151,124,74,122,110,98,90,102,112,38,95,44,91,91,88,96,100,81,81,81,77,83,84,79,78,101,81,93,,81,97,55,87,123,78,25,82,15,60,90,69,54,67,82,96,105,99,102,62,108,102,22,47,113,92,84,83,90,,42,66,150,14,116,108,108,88,20,86,84,116,123,129,106,,38,106,82,115,122,89,59,,56,170,20,19,100,123,149,169,156,158,140,83,182,70,51,48,73,40,14,84,57,119,131,80,96,95,105,,82,17,49,67,50,52,57,58,48,113,114,65,115,35,,64,125,113,117,76,88,65,57,90,82,77,115,106,105,96,108,46,83,90,106,97,72,,80,74,123,78,115,99,113,120,43,66,,71,67,20,101,61,55,42,96,131,145,49,49,133,33,40,71,79,94,160,101,113,60,119,77,60,77,84,,89,101,100,99,101,71,75,40,84,15
20160416,12,O3_24h,146,96,149,168,158,136,130,101,84,68,144,137,,155,171,53,196,191,197,,171,128,190,142,106,206,,156,114,165,139,130,91,188,146,150,132,144,157,149,188,172,201,194,213,229,178,220,215,178,146,161,141,159,99,133,151,127,146,99,182,162,200,168,185,112,164,198,203,184,246,238,208,222,203,216,167,194,155,112,,90,117,110,104,117,114,164,155,95,142,81,89,92,90,88,94,153,152,,177,81,156,144,137,,175,150,138,138,143,159,158,154,150,141,127,134,115,108,137,113,131,151,135,128,151,110,152,122,,63,43,84,81,73,82,64,98,134,134,140,176,134,140,163,155,141,162,138,202,170,216,175,151,177,155,140,120,145,126,147,149,146,136,140,139,122,37,127,198,191,143,188,195,186,190,171,120,187,163,199,121,133,132,132,165,140,181,118,173,172,100,148,143,164,124,137,125,,106,123,74,107,137,134,135,195,120,,159,134,147,141,142,142,116,83,144,115,136,118,131,165,148,139,130,,181,142,120,123,127,136,135,,146,137,104,,78,46,82,115,130,82,,180,,158,158,,152,128,142,115,,,100,105,113,104,126,103,125,127,96,116,121,107,170,140,127,123,173,165,133,67,47,76,114,91,66,94,60,72,59,83,80,131,56,53,78,76,104,171,201,194,167,218,,183,206,137,141,118,111,133,150,100,120,148,237,144,239,195,210,150,166,161,254,96,121,112,103,114,138,100,122,108,91,63,111,96,92,82,85,87,80,86,100,21,22,,19,21,35,14,25,43,11,36,87,97,99,85,93,81,81,91,122,128,77,87,56,,81,27,30,22,45,36,55,34,35,146,50,56,55,43,46,40,,51,49,51,52,47,97,71,79,97,118,51,54,49,,123,149,84,89,117,140,150,129,109,157,72,,101,69,93,76,101,88,86,110,113,73,78,92,104,86,116,,80,118,93,89,95,80,101,,93,93,160,138,160,145,165,148,146,160,152,120,129,127,139,132,128,105,148,178,,166,164,161,69,71,78,70,66,59,76,88,58,75,90,77,79,103,103,144,90,84,99,117,83,124,95,99,87,125,96,84,,25,42,90,49,109,40,82,62,74,90,102,82,94,90,74,86,183,77,77,56,118,107,118,98,112,128,89,100,85,106,110,168,152,158,152,131,166,135,136,176,222,215,152,131,88,152,68,80,51,63,206,202,192,134,147,182,172,,243,261,148,,219,156,90,149,120,233,179,,136,186,147,206,174,170,218,162,149,182,137,178,119,187,,214,,190,192,158,193,233,215,247,116,140,,109,159,158,252,228,235,,52,41,24,78,45,92,120,115,112,113,93,94,67,67,108,111,112,78,88,75,89,76,60,66,116,106,128,56,53,56,73,54,75,25,22,18,104,65,93,64,77,68,98,76,12,94,134,68,91,138,158,169,121,100,91,107,115,92,138,177,,162,126,100,73,59,74,101,56,139,127,129,159,155,157,137,131,85,126,164,113,154,134,167,171,,153,141,165,120,163,142,177,142,129,127,173,189,157,143,196,178,169,148,139,139,148,145,,170,107,,107,139,135,92,98,93,77,124,102,114,124,112,127,130,106,113,93,161,91,151,174,133,66,46,64,47,59,77,87,112,149,136,170,125,166,179,131,210,208,181,93,208,191,177,,168,162,244,128,219,167,167,87,,131,146,132,137,104,75,67,76,92,96,97,83,104,100,134,132,139,140,86,72,70,127,107,43,88,91,105,82,122,117,109,,140,262,115,157,131,105,134,133,135,82,93,101,86,83,85,49,58,57,98,77,96,70,107,138,137,132,101,116,75,52,55,104,77,57,94,66,41,82,65,123,55,88,84,96,113,102,,106,145,131,118,66,74,71,115,155,114,111,109,105,93,105,99,88,77,78,90,83,78,66,76,86,80,159,113,119,89,99,,118,126,116,115,150,109,70,138,62,91,88,117,167,236,220,352,109,89,154,150,122,122,144,143,182,184,185,143,179,199,189,139,84,103,124,126,100,122,126,146,143,148,155,,128,,126,75,151,138,85,16,163,137,136,166,245,135,100,150,129,,144,79,129,120,105,75,104,,,121,77,75,164,161,186,199,168,172,179,180,52,63,103,97,,99,107,220,198,149,148,139,129,144,160,,158,161,70,72,,60,47,136,168,141,84,,46,122,118,99,95,99,136,101,103,124,123,104,101,60,94,110,116,136,125,42,126,118,115,141,98,77,,183,167,134,134,219,117,123,189,130,139,87,55,134,108,121,135,148,120,118,125,72,94,98,108,125,97,97,106,80,40,98,102,107,105,97,110,84,61,82,113,84,102,85,24,,112,102,108,61,124,166,82,96,,106,75,94,86,337,127,110,196,200,200,,144,133,109,167,156,155,210,210,115,92,110,60,113,113,31,37,54,34,86,86,94,223,118,154,91,,78,142,256,91,84,105,170,94,,141,265,97,75,89,70,61,77,94,99,97,38,77,74,74,78,,104,125,97,47,59,62,65,76,92,69,133,81,108,99,110,88,89,68,85,58,125,46,117,120,96,124,102,98,114,114,91,90,92,94,101,119,80,99,73,88,43,,97,89,92,79,91,82,70,117,125,88,89,176,182,172,196,187,218,174,144,191,146,205,269,170,179,161,185,159,177,146,,141,146,169,177,181,181,194,149,169,176,95,112,129,41,98,,69,105,145,119,132,116,134,129,123,113,92,92,75,95,135,129,103,133,96,,101,104,109,130,129,86,71,92,72,74,83,78,47,104,103,108,102,101,128,92,106,83,97,110,108,127,90,81,,106,73,59,93,95,84,86,81,85,,95,102,92,88,97,83,119,208,83,117,160,97,47,47,115,120,111,103,111,108,130,111,107,105,144,150,90,58,97,102,168,140,262,149,144,101,98,108,128,38,95,47,91,104,98,101,102,88,87,95,93,91,104,102,83,101,81,93,,81,97,62,87,123,78,36,188,19,83,96,74,54,67,82,96,105,99,102,66,219,111,28,91,151,146,138,142,138,,47,134,169,18,156,135,136,119,41,86,107,142,150,153,106,,90,141,121,131,145,94,72,,89,170,46,63,101,130,149,169,156,164,156,98,190,96,91,148,176,93,48,103,80,149,157,101,130,121,130,,87,20,70,135,124,72,81,78,80,117,123,65,119,56,,97,125,113,118,78,95,86,84,108,101,79,121,106,105,110,113,58,83,90,106,97,91,,109,101,139,116,146,112,142,120,60,86,,85,82,64,105,72,57,45,103,157,176,59,57,142,45,48,118,111,133,200,135,152,84,166,124,71,98,117,94,113,107,107,156,150,84,81,54,150,15
20160416,12,O3_8h,49,75,65,50,48,43,46,47,40,50,51,65,,69,74,25,76,76,84,,65,64,70,75,40,84,,70,23,10,66,60,37,92,71,64,56,44,53,50,121,71,102,119,113,65,55,66,66,75,66,73,54,65,39,85,84,81,86,73,66,72,82,73,63,45,43,54,60,63,74,70,68,77,67,78,58,65,52,36,,48,29,34,30,42,61,57,73,83,97,62,71,72,69,74,72,100,110,,118,61,111,98,102,,120,107,98,118,96,127,124,119,116,107,107,60,56,38,79,61,87,112,73,86,94,45,22,100,,24,14,56,43,26,56,28,48,87,84,72,98,65,85,98,98,94,34,30,50,33,38,44,27,40,60,48,35,54,46,47,49,58,48,56,58,59,14,49,103,99,78,93,40,39,40,32,35,41,38,8,33,38,44,73,61,55,92,41,55,82,32,58,48,59,42,54,43,,44,51,6,52,27,43,53,52,30,,41,30,72,68,69,85,36,23,43,29,15,14,45,36,17,12,11,,37,31,8,88,90,105,86,,113,89,80,,23,15,27,49,48,,,41,,60,60,,42,55,54,88,,,23,27,20,16,62,17,19,23,22,28,12,29,36,27,27,28,91,46,41,50,23,25,49,27,11,33,39,22,22,34,38,41,16,19,52,33,58,39,41,43,43,46,,44,48,130,127,112,93,115,140,90,110,113,59,36,52,38,59,33,36,37,59,37,57,45,42,35,63,37,39,60,88,42,87,60,77,63,66,63,62,66,68,10,10,,11,4,19,8,14,23,6,17,38,51,48,40,44,33,65,43,66,50,36,55,47,,58,14,18,11,29,19,43,13,11,36,40,46,44,33,32,28,,19,32,24,22,29,44,37,44,46,53,30,39,42,,56,64,32,52,54,53,56,47,95,90,54,,64,60,52,40,42,63,54,46,62,49,30,61,44,61,42,,59,76,28,32,28,35,37,,37,55,76,85,92,79,81,93,96,96,90,98,100,103,101,106,99,72,92,80,,104,50,77,34,39,40,43,34,30,36,52,36,59,57,39,35,68,62,132,66,65,57,38,48,63,80,51,38,60,60,37,,6,11,30,17,54,21,63,50,59,67,73,54,60,58,45,38,111,56,55,49,80,75,78,66,78,88,75,74,57,84,81,122,101,114,103,111,147,113,108,92,109,132,121,90,61,106,10,4,11,35,59,60,78,38,50,69,60,,72,68,44,,58,28,19,23,15,43,28,,27,40,54,57,51,34,80,81,81,101,83,94,93,78,,92,,79,34,32,38,68,48,52,83,121,,72,103,87,77,88,77,,40,33,13,41,35,34,54,59,48,63,56,58,41,52,72,68,30,64,64,57,64,11,19,24,68,64,68,36,39,38,52,38,51,16,11,15,59,45,55,42,40,43,64,46,10,49,60,27,32,69,51,53,80,72,74,73,82,62,60,77,,80,41,56,38,27,35,45,42,41,40,58,40,63,71,80,77,52,46,102,81,93,91,124,116,,129,120,142,98,142,119,108,118,70,116,149,145,92,101,94,85,94,101,103,96,116,90,,138,66,,53,86,87,15,15,20,4,17,55,70,75,86,83,11,59,92,30,49,25,50,51,21,22,15,20,18,24,28,34,84,32,40,48,29,38,66,42,80,64,75,38,48,83,75,,61,37,46,21,65,54,59,31,,54,17,50,56,64,42,50,49,66,73,75,66,70,77,105,91,98,96,68,61,62,66,107,27,60,50,89,61,75,70,55,,53,83,42,112,89,72,89,90,90,66,70,11,10,14,8,35,34,42,55,60,49,28,42,49,59,58,50,60,43,16,36,37,46,21,38,25,14,58,29,40,28,35,54,73,106,91,,94,90,84,63,25,36,31,58,56,80,69,48,40,32,35,68,37,25,27,39,25,33,22,52,51,52,40,96,100,58,60,,80,69,64,72,85,93,56,103,34,52,60,94,61,72,34,27,78,78,141,11,109,110,124,134,114,102,122,96,112,134,99,71,64,80,89,92,84,103,48,44,46,63,70,,62,,58,47,64,70,26,4,37,37,60,45,86,37,26,28,22,,63,30,63,26,48,17,26,,,82,55,60,69,74,73,70,54,57,62,58,22,17,65,75,,37,37,92,81,60,61,72,63,50,54,,70,66,32,37,,28,22,85,110,88,23,,23,94,81,69,44,30,69,88,93,78,76,67,87,45,54,75,70,94,78,38,112,110,55,83,57,43,,138,125,90,92,168,84,99,124,64,61,47,33,74,59,66,122,132,96,102,32,23,57,69,62,64,46,51,56,46,34,53,38,69,68,60,73,44,39,65,47,63,75,41,20,,28,14,23,40,53,77,53,64,,36,31,54,59,25,86,84,46,24,50,,24,27,,18,27,36,44,48,67,4,62,28,72,30,17,13,26,16,64,50,58,67,28,60,16,,18,43,93,19,64,48,59,86,,28,112,15,20,52,41,43,14,17,28,37,17,9,11,9,22,,49,56,50,30,39,41,42,30,30,22,40,44,64,57,59,70,50,40,44,36,79,29,72,65,60,86,64,60,70,73,50,52,54,52,50,71,67,77,57,66,31,,69,67,68,59,65,59,52,58,50,39,43,44,47,50,67,67,73,61,63,74,60,82,73,62,59,65,68,56,56,58,,43,48,48,48,59,65,54,68,69,72,30,32,55,20,35,,45,58,98,68,81,66,77,52,54,53,60,65,46,59,78,73,61,76,60,,56,61,62,72,72,46,38,54,38,48,53,49,34,71,67,70,72,73,96,74,79,66,77,74,67,75,61,63,,92,63,49,76,61,52,52,47,59,,62,63,66,56,42,36,57,132,22,20,41,68,38,20,79,77,86,53,49,51,64,51,50,48,53,44,48,30,45,27,70,98,20,79,84,53,42,42,54,20,50,26,45,50,52,56,58,23,29,30,30,45,25,35,35,62,48,57,,47,36,23,50,80,61,16,167,11,64,74,39,23,19,45,46,59,48,56,32,54,47,15,43,68,52,59,48,53,,27,79,116,10,86,80,84,68,9,33,73,94,89,92,90,,48,62,48,88,91,79,55,,27,86,18,3,46,54,93,81,92,73,75,22,69,60,45,13,16,43,14,73,49,78,86,66,81,81,91,,39,18,44,46,43,27,23,18,21,72,67,40,74,20,,45,103,88,91,67,42,28,33,73,72,61,94,46,52,72,75,51,83,66,53,44,39,,73,65,70,54,105,80,68,81,15,49,,30,28,47,89,55,30,21,42,97,91,50,49,112,15,19,38,24,80,149,88,89,38,74,67,50,64,81,,48,99,92,69,76,22,35,30,72,8
20160416,12,O3_8h_24h,105,83,106,115,109,91,80,76,59,55,95,108,,102,118,37,116,121,127,,117,103,155,91,68,154,,122,86,139,115,103,71,159,132,121,113,117,117,128,166,132,159,164,172,181,139,174,175,143,126,130,116,131,86,111,115,101,114,81,155,143,174,150,164,77,103,116,131,148,205,196,188,193,180,172,127,150,120,80,,79,97,93,73,98,101,128,99,89,102,62,83,82,76,82,88,139,133,,160,65,137,129,123,,156,139,123,131,140,151,148,141,145,130,108,118,107,95,121,101,112,129,116,108,112,69,101,110,,58,39,60,76,64,76,53,88,118,120,116,140,118,126,138,145,131,152,131,187,158,196,161,143,165,145,125,100,123,110,127,126,131,124,135,135,114,34,117,175,171,134,166,182,171,177,114,113,171,145,91,112,120,131,125,153,119,170,103,156,158,91,135,130,148,111,125,113,,103,113,60,89,96,114,115,192,104,,139,118,141,136,135,139,108,70,133,93,119,104,118,145,123,122,114,,150,126,102,106,116,118,121,,135,122,95,,63,39,68,115,116,74,,151,,134,139,,124,112,111,107,,,81,91,85,86,116,91,105,113,85,113,108,99,153,123,113,111,99,150,126,78,47,86,118,99,96,89,80,105,52,75,71,105,60,44,69,59,96,168,187,187,156,184,,174,198,131,137,114,106,126,146,94,118,138,213,131,214,178,185,131,152,146,225,82,101,97,84,99,115,88,99,100,91,49,87,77,77,67,66,63,64,70,75,14,13,,11,9,19,9,18,41,6,30,82,90,79,77,75,78,68,78,118,112,68,81,47,,58,14,18,11,29,19,43,13,11,53,42,46,45,33,32,28,,42,44,44,42,38,89,68,75,88,109,35,42,42,,91,102,53,82,102,103,115,95,102,143,66,,86,67,59,56,70,65,62,83,72,49,53,61,74,63,67,,59,87,64,72,70,59,67,,61,68,132,122,144,123,148,131,120,132,111,111,111,126,123,121,120,94,141,162,,161,151,153,51,60,73,52,46,45,57,70,51,59,58,61,58,84,77,132,79,76,86,63,78,116,165,90,80,118,82,79,,15,39,75,45,96,38,66,50,59,75,80,63,67,64,57,69,173,58,55,49,106,90,108,89,101,121,85,95,82,105,105,157,142,151,136,126,156,127,129,157,189,202,136,122,75,140,75,76,60,70,182,179,180,118,129,162,157,,195,208,138,,204,131,77,127,99,212,164,,113,170,129,184,148,150,186,133,127,151,114,147,114,156,,182,,162,174,141,172,207,190,212,112,150,,96,150,141,196,190,195,,59,54,16,77,42,91,117,118,122,121,98,79,56,70,94,93,42,73,80,69,81,62,54,55,117,111,118,53,47,51,67,48,67,21,15,15,105,66,94,77,82,77,109,50,11,72,117,58,81,138,151,162,108,88,83,92,117,76,137,175,,156,119,92,73,64,76,98,52,85,91,96,114,111,125,125,119,80,104,139,102,129,115,151,156,,140,129,153,106,155,137,161,136,104,121,166,176,139,127,171,150,153,138,131,132,136,131,,156,93,,95,124,122,83,82,76,64,116,92,104,114,105,114,68,102,92,79,149,80,145,161,125,58,41,60,43,62,63,86,87,87,99,114,84,113,134,87,179,177,157,79,171,172,161,,150,149,226,118,200,145,151,80,,108,129,118,119,64,42,50,49,66,73,75,66,83,79,118,112,114,125,68,61,62,66,107,31,70,55,112,61,75,70,55,,123,182,106,140,107,90,108,110,118,77,88,85,64,70,69,44,48,47,81,71,79,60,105,122,134,98,75,79,64,29,46,91,64,45,80,55,36,66,37,40,46,68,74,73,106,91,,94,136,126,83,51,55,61,103,112,84,97,90,80,90,90,95,64,54,55,84,75,71,56,54,51,54,156,110,116,85,92,,109,119,108,111,134,105,65,130,59,77,77,108,149,200,204,214,92,80,148,147,114,113,136,139,168,164,179,138,160,178,192,140,80,99,119,122,93,112,111,127,130,117,120,,110,,104,84,122,111,78,13,133,114,124,150,224,117,79,132,112,,138,72,122,67,84,53,82,,,110,72,63,139,136,158,155,155,161,167,167,60,71,96,75,,86,56,170,179,123,120,119,110,123,132,,134,136,69,68,,61,47,114,141,123,84,,46,118,113,97,90,88,125,88,93,118,116,99,97,53,83,96,104,132,119,41,118,112,86,124,86,72,,174,153,118,122,208,110,120,167,121,105,80,52,118,95,109,122,139,111,103,91,44,81,88,96,111,87,89,94,77,37,91,93,94,95,82,108,77,60,82,110,80,91,81,20,,105,89,108,58,117,142,78,91,,87,64,84,78,292,86,98,178,172,187,,135,126,99,151,142,119,183,182,82,63,90,56,103,102,27,32,26,29,80,76,89,154,94,147,81,,71,142,184,74,85,96,158,86,,112,181,88,43,74,63,59,73,91,93,98,24,79,79,77,76,,106,123,99,30,41,42,51,56,68,53,109,79,108,100,111,70,57,56,68,39,92,40,72,71,61,86,70,75,77,74,62,64,64,63,66,119,67,77,57,66,31,,69,67,68,59,65,60,58,82,102,81,79,148,146,146,170,162,190,150,128,170,129,187,204,155,160,150,169,147,161,138,,130,134,155,155,158,163,169,139,159,167,84,105,116,38,91,,60,94,129,105,116,102,120,120,112,95,76,75,65,72,122,114,104,130,88,,90,94,98,122,119,46,39,54,50,48,57,49,34,71,67,70,72,73,97,74,83,66,77,74,89,101,78,72,,92,63,50,76,77,74,57,52,64,,67,67,66,63,42,40,60,167,69,108,128,85,42,38,104,109,101,93,104,99,117,99,93,88,118,130,64,54,80,83,143,121,200,133,130,99,88,102,124,34,72,41,77,86,81,83,88,62,60,65,66,72,79,66,71,82,59,68,,60,44,38,61,80,61,26,184,16,77,106,60,37,42,71,77,78,70,82,63,119,105,25,67,144,140,128,136,130,,44,98,158,15,140,128,125,107,30,76,85,116,141,143,90,,68,136,116,128,142,92,74,5,74,161,42,56,96,115,142,159,153,160,147,89,165,92,86,119,148,96,55,96,62,142,153,98,122,115,125,,85,22,61,126,113,67,76,70,69,104,101,51,103,52,,84,103,103,108,75,95,74,73,103,97,71,112,89,88,101,106,55,83,73,93,85,86,,102,96,135,84,138,109,138,99,44,75,,78,76,51,103,64,54,45,98,149,167,56,55,123,40,44,109,101,128,190,124,140,76,153,102,66,89,109,94,105,102,103,132,129,79,78,54,151,8
20160416,12,CO,0.3,0.2,0.7,0.3,0.3,0.4,0.3,0.2,0.2,0.3,0.3,0.3,,0.537,0.352,1.231,0.817,0.523,0.603,,0.788,1.208,0.184,0.514,0.955,0.52,,0.386,0.339,0.262,0.429,0.705,0.205,0.518,0.753,0.937,1.624,2.433,1.391,2.313,0.57,0.564,0.54,0.72,0.836,0.566,0.333,0.514,0.519,0.342,0.366,0.331,0.402,0.167,0.471,0.028,0.288,0.279,0.44,0.546,0.274,0.429,0.186,0.31,0.327,0.214,0.044,0.346,0.398,0.808,0.738,0.665,0.35,0.277,0.411,0.343,0.295,0.508,0.5,0.59,,0.312,0.372,1,0.36,0.926,0.546,1.346,0.6,0.301,1.086,0.749,0.239,0.353,0.494,1.28,0.989,0.809,0.81,,1.115,0.675,0.796,0.784,0.639,,0.671,0.715,1.134,0.711,0.742,0.861,0.553,0.759,0.672,0.987,0.363,1.098,0.935,1.216,0.857,1.033,0.927,1.069,0.851,0.877,1.001,0.279,2.564,0.941,,1.286,1.299,0.934,1.795,1.821,1.241,0.884,0.877,0.524,0.685,0.777,0.486,0.878,0.577,0.399,0.701,0.677,1.426,0.953,0.703,0.149,1.112,1.103,0.712,0.56,0.788,0.632,1.029,0.827,0.952,0.741,0.655,1.043,1.169,0.695,0.721,0.706,0.849,0.517,0.86,0.828,0.801,0.85,1.182,1.797,1.456,2.056,1.562,2.378,1.64,1.696,0.708,0.935,1.046,1.142,1.342,1.548,0.796,1.792,0.878,0.574,2.477,0.68,0.69,0.917,0.769,0.711,0.693,,0.689,0.598,0.801,1.417,1.493,1.293,1.145,1.33,1.835,,1.934,1.153,0.865,0.937,1.103,0.961,1.811,1.334,2.128,1.695,0.886,0.86,0.325,0.638,0.605,1.024,1.151,,1.057,1.113,1.34,0.629,0.499,0.654,0.691,,0.563,0.615,0.801,,0.819,0.828,0.84,0.841,0.637,,,0.796,,1.465,0.737,,0.73,0.558,0.851,0.427,,,0.824,0.913,1.433,1.072,1.022,1.209,0.903,0.578,0.672,0.813,0.813,0.788,0.649,0.928,0.9,1.581,0.935,1.099,1.716,0.549,0.7,1.145,1.147,1.154,1.312,0.572,0.89,1.064,0.818,0.692,1,0.785,0.808,0.77,0.882,1.101,0.821,0.903,0.85,0.811,0.846,0.881,,0.789,0.528,0.647,0.706,0.716,0.725,0.487,0.502,0.233,0.961,0.695,1.731,1.372,1.843,0.966,1.049,1.406,1.298,0.875,0.969,0.458,0.338,0.68,0.586,0.606,0.76,0.643,0.554,0.465,0.438,0.323,0.763,0.609,0.638,0.578,0.406,0.425,0.333,0.705,0.634,1.028,1.392,,0.655,0.709,0.985,1.391,0.919,0.86,0.83,0.938,0.298,0.559,0.582,0.874,0.581,0.657,0.596,0.588,0.607,0.817,0.795,0.639,0.67,,0.767,0.5,1.023,1.091,0.609,0.748,0.391,0.686,0.838,0.762,0.56,0.707,0.574,0.61,0.665,0.571,,0.726,0.494,0.743,0.505,0.504,0.885,0.737,0.673,0.743,0.268,0.774,0.762,0.489,,1.202,1.062,1.337,1.258,1.228,1.081,1.002,0.961,0.329,0.663,0.665,,0.725,0.335,0.397,0.263,,0.485,0.47,,0.534,0.739,0.545,0.459,0.183,0.197,0.192,,0.697,0.386,0.579,0.821,0.413,0.541,0.839,,0.53,0.593,0.152,0.378,0.173,0.241,0.248,0.513,0.781,0.376,0.242,1.222,0.56,0.113,0.638,1.637,0.473,0.965,0.424,0.764,,0.197,0.816,0.574,1.441,0.744,1.445,0.705,1.156,0.788,2.403,0.796,0.729,0.47,2.984,1.459,,0.718,0.527,0.753,1.014,0.778,0.386,0.469,0.852,0.961,0.653,0.477,0.551,0.711,0.067,0.717,,0.361,0.552,0.386,0.354,0.388,0.262,0.404,0.356,0.527,0.55,0.382,0.644,0.377,0.465,0.489,,0.319,0.334,0.57,0.658,0.697,0.636,0.495,0.572,0.687,1.319,0.654,0.447,0.25,0.475,0.412,1.397,0.784,0.796,0.519,1.38,0.718,0.108,1.934,1.012,0.694,0.282,0.781,1.268,,0.824,1.192,1.411,0.773,0.606,1.077,1.66,1.402,1.461,1.252,1.398,1.129,,0.521,1.226,1.221,,0.785,1.386,1.171,1.093,1.347,1.472,2.175,,1.456,2.014,1.002,0.686,0.736,1.148,0.793,0.685,0.486,0.76,0.838,0.502,0.767,0.632,,0.688,,0.331,1.442,1.61,1.256,1.318,2.85,0.912,0.561,0.424,,0.429,,0.574,0.791,0.561,0.526,,0.881,1.026,0.34,0.889,0.643,1.459,1.707,1.893,0.993,0.938,1.025,0.641,0.821,1.145,0.66,1.338,1.655,0.533,0.607,0.817,0.539,1.444,0.924,1.037,1.32,0.76,0.719,0.995,0.804,0.812,0.612,0.741,1.014,1.277,2.169,0.842,1.721,1.603,1.382,1.269,1.233,1.506,1.322,0.865,1.384,0.577,1.077,2.556,2.069,1.048,0.938,0.854,0.985,1.819,0.354,0.725,0.371,0.453,0.974,2.849,,1.567,0.71,1.17,1.816,2.062,3.391,2.008,3.174,1.356,0.289,0.562,0.501,0.095,0.102,0.539,0.7,2.016,0.501,0.874,0.575,0.752,0.848,0.699,0.503,,0.762,1.99,0.598,1.781,0.674,0.915,1.21,1.721,2.665,0.84,1,0.455,0.733,0.598,0.763,1.119,1.113,0.907,0.774,0.817,0.976,0.933,,0.562,0.859,,0.233,0.69,0.45,1.884,1.001,0.949,1.352,1.082,0.735,0.543,0.571,0.702,0.673,0.75,0.689,1.671,0.642,0.677,0.668,0.716,0.667,1.11,1.067,0.836,0.944,0.948,0.649,0.839,2.143,0.901,1.056,1.71,2.258,0.359,1.144,1.678,2.022,0.275,0.634,0.944,0.745,1.017,1.21,1.747,,1.154,1.848,1.584,1.446,2.008,0.957,0.926,1.055,,1.059,1.633,1.157,0.798,0.443,0.172,0.352,0.624,0.506,0.613,0.581,0.755,0.757,0.388,0.621,0.667,0.493,0.373,0.741,0.436,1.64,0.358,0.869,0.092,1.664,1.325,0.804,0.72,0.834,0.68,1.202,,1.363,0.744,0.845,1.276,1.057,1.223,1.201,1.365,1.007,0.658,0.49,0.816,1.262,0.635,0.736,0.616,0.341,0.347,0.606,0.339,0.5,1.056,2.51,1.019,2.35,,0.266,0.282,0.072,0.411,0.2,0.349,0.27,0.987,1.116,0.742,0.823,0.441,0.285,0.794,0.307,0.731,0.54,0.221,0.54,0.326,,0.183,0.835,0.891,0.332,0.706,0.767,1.058,0.229,0.302,0.426,0.485,1.428,1.353,0.684,1.07,0.502,0.445,0.535,0.469,0.516,0.429,0.912,0.649,0.65,0.609,0.604,0.505,0.553,0.261,0.956,1.321,,0.605,0.425,0.8,0.496,0.928,0.806,1.005,0.399,0.337,0.434,0.454,0.467,0.936,1.007,1.613,1.533,0.446,0.302,0.436,0.487,0.603,0.288,0.567,0.321,0.513,0.073,1.718,2.712,1.357,0.465,1.257,0.762,0.549,0.43,0.878,0.804,1.346,0.763,0.576,1.096,0.89,0.83,0.728,,0.673,0.594,0.749,,0.852,0.833,0.697,0.984,1.075,0.719,,1.437,2.092,0.627,0.848,0.648,0.762,0.608,0.446,0.899,0.779,1.004,1.091,1.43,1.315,,,0.058,0.37,0.35,0.529,0.476,0.336,0.465,1.109,0.934,0.872,1.037,0.794,1.539,0.949,0.273,,0.7,0.438,0.7,0.165,0.609,0.494,0.548,0.251,0.374,0.573,,0.664,0.352,2.092,1.726,,1.78,1.867,0.905,0.379,0.486,0.885,,1.176,0.32,0.395,0.406,0.494,0.876,0.835,0.258,0.163,0.322,0.429,0.435,0.435,0.189,0.425,0.425,0.648,0.408,0.742,0.344,0.353,0.232,3.853,1.629,2.564,1.208,,1.105,0.902,1.271,0.514,0.805,0.766,1.866,0.898,1.673,0.106,2.008,2.681,1.605,1.415,1.863,1.138,1.242,0.706,0.719,1.28,1.706,0.828,0.803,0.392,0.735,1.681,0.988,1.023,0.831,1.646,0.926,0.22,0.402,1.715,,0.693,0.37,0.776,0.857,0.848,0.703,0.629,0.254,1.035,,0.924,1.515,1.23,0.758,0.324,0.72,0.151,0.157,0.272,0.637,0.618,,0.481,0.768,0.873,0.614,0.568,0.64,0.835,,0.723,0.516,0.753,0.99,0.684,1.417,1.788,1.657,1.573,2.514,1.462,1.822,1.209,1.327,0.919,1.193,1.526,0.877,0.371,1.035,0.49,1.502,1.223,1.423,0.95,,0.699,1.606,1.494,1.04,0.585,0.411,1.424,0.738,,0.608,1.07,1.601,0.805,0.605,1.026,0.453,1.234,0.565,1.226,0.448,1.605,3.111,3.149,1.957,2.215,0.078,1.398,1.394,1.185,0.62,0.784,0.56,0.562,1.159,1.755,1.17,0.954,0.927,0.794,0.901,1.007,0.988,1.271,0.359,1.29,0.743,0.94,0.879,0.46,1.255,0.399,0.087,0.69,0.701,0.937,0.543,1.293,0.997,1.387,0.683,1.046,0.337,0.911,0.956,0.745,0.699,0.686,0.697,0.887,0.898,1.382,1.328,1.422,1.855,2.355,0.561,0.351,0.369,0.389,0.298,0.527,0.614,0.432,,0.5,0.65,0.759,0.649,0.159,0.351,1.976,1.687,1.302,1.052,0.826,1.564,1.076,0.789,,0.68,1.22,0.706,1.047,0.807,0.74,0.872,0.795,0.674,0.799,1.216,1.074,2.794,1.027,1.35,,1.066,0.864,0.913,0.502,0.478,0.714,0.48,1.233,2.696,1.159,0.504,0.251,0.375,0.357,0.894,0.871,1.954,0.876,0.451,,,0.703,0.646,0.719,0.684,0.319,0.239,0.617,0.859,0.751,0.742,0.82,1.068,0.451,0.616,0.564,0.357,0.49,0.125,0.25,0.124,0.438,0.59,0.843,1.224,0.994,1.284,1.103,,0.353,0.799,0.664,0.629,0.961,0.276,0.728,0.847,1.544,,0.569,1.206,0.982,0.952,,,,2.093,0.783,0.587,0.598,1.04,0.915,0.546,1.383,1.262,0.856,1.091,0.914,1.19,1.686,0.876,0.785,0.702,0.554,1.239,0.798,0.705,0.738,0.615,0.761,1.101,0.836,1.13,1.109,0.411,0.067,0.617,0.725,1.546,0.615,0.807,0.879,0.368,0.266,0.393,0.427,0.333,0.416,0.474,0.583,0.203,0.28,0.336,0.337,0.258,0.366,0.614,,0.386,0.243,0.364,0.302,0.394,0.192,,2.06,0.942,0.269,0.139,0.75,0.612,0.599,0.355,0.333,0.416,0.285,0.335,0.125,0.639,0.117,0.563,0.283,1.5,0.621,0.524,0.727,0.925,,0.577,1.09,0.539,0.532,0.596,0.526,0.418,0.383,0.127,0.647,0.436,0.48,0.978,0.622,0.388,,1.569,0.151,0.892,0.395,0.345,1.108,0.125,0.395,0.576,0.178,0.78,1.338,0.546,0.7,0.696,0.333,0.518,,0.481,1.93,1.859,0.554,0.632,1.411,0.853,0.065,0.214,0.83,,1.824,1.405,0.916,0.777,0.35,0.374,,1.314,0.402,0.372,0.27,0.65,1.846,1.059,0.87,0.829,1.085,0.284,0.893,0.958,0.381,,1.465,0.799,0.637,0.275,0.324,0.423,0.626,0.429,0.914,1.053,0.62,0.254,0.343,0.857,0.03,0.241,0.22,0.564,0.35,0.479,0.677,1.15,,1.019,1.315,0.632,1.068,0.629,0.338,0.379,0.544,1.323,0.353,,0.201,0.755,0.42,0.619,0.343,0.067,0.338,0.106,1.086,0.605,0.403,0.508,0.472,0.398,1.315,1.003,0.025,0.328,0.289,1.48,1.519,1.938,0.459,0.342,0.137,1.001,1.702,0.754,0.308,0.886,0.366,0.698,1.122,0.622,1.003,0.763,0.708,0.883
20160416,12,CO_24h,0.754,0.571,0.995,0.75,0.688,0.75,0.679,0.763,0.679,0.688,0.683,0.646,,1.021,1.157,1.574,1.497,1.166,1.436,,1.674,1.392,1.019,1.217,0.916,1.196,,0.737,1.101,0.677,0.839,1.049,0.497,0.706,2.237,2.287,2.597,2.995,2.729,2.668,0.821,0.883,0.826,1.192,0.981,0.963,0.711,0.858,0.783,0.763,0.744,0.747,0.743,0.541,1.068,0.209,0.435,0.41,0.556,0.692,0.562,0.683,0.481,0.758,0.597,0.874,0.801,0.986,0.937,1.345,1.123,0.988,0.676,0.603,0.696,0.808,0.683,0.868,1.014,0.499,,0.375,0.478,1.16,0.543,1.094,0.737,1.294,0.528,0.372,0.831,0.543,0.277,0.325,0.534,1.303,0.908,0.756,0.908,,1.179,0.67,0.929,0.862,0.757,,0.776,0.684,1.242,0.924,0.818,0.914,0.628,0.87,0.711,1.032,0.349,0.908,0.774,0.972,0.741,0.836,0.659,0.834,0.698,0.701,0.844,1.253,2.008,0.716,,1.145,1.047,0.748,2.118,1.418,1.575,0.961,0.636,0.38,0.429,0.569,0.4,0.726,0.332,0.409,0.585,0.607,1.358,0.597,0.346,0.435,0.817,0.942,0.65,0.3,0.611,0.406,0.645,0.604,0.586,0.494,0.528,0.805,0.774,0.587,0.644,0.585,0.72,0.4,0.829,0.872,0.865,0.834,0.977,1.43,1.324,1.391,1.355,1.085,1.26,1.282,0.514,0.748,0.857,0.897,1.112,1.446,0.622,1.608,0.713,0.414,2.173,0.676,0.561,1.047,0.689,0.555,0.629,,0.492,0.456,0.6,1.028,1.132,1.277,0.719,1.248,1.767,,1.735,1.069,0.613,0.681,0.846,0.818,1.555,1.178,1.789,1.544,0.537,0.576,0.302,0.427,0.376,0.637,0.701,,0.695,0.656,1.029,0.494,0.46,0.54,0.544,,0.437,0.544,0.694,,0.884,0.978,0.831,0.445,0.336,0.254,,0.644,,1.307,0.626,,0.852,0.654,1.008,0.401,,,0.704,0.689,1.234,0.738,0.57,0.753,0.421,0.264,0.51,0.748,0.797,0.661,0.545,0.841,0.844,1.375,0.785,0.969,1.604,0.644,0.421,0.922,0.906,0.902,1.003,0.6,0.945,0.819,0.866,0.684,0.861,0.454,0.828,0.946,0.851,1.065,0.789,0.839,0.933,0.672,0.914,0.821,,0.755,0.713,0.689,0.685,0.713,0.624,0.49,0.47,0.313,0.945,0.632,1.512,1.215,1.687,0.832,1.095,1.398,1.182,0.897,1.114,0.669,0.631,0.884,0.7,0.886,0.966,0.858,0.75,0.757,0.809,0.582,1.26,0.765,0.872,0.841,0.75,0.793,0.627,0.973,0.9,0.953,1.324,,0.745,0.872,0.967,1.257,0.843,0.768,1.192,0.959,0.424,0.75,0.706,0.99,0.503,0.717,0.705,0.667,0.678,0.85,0.795,0.631,0.739,,0.634,0.456,0.84,0.983,0.601,0.8,0.433,0.746,0.881,0.821,0.531,0.702,0.973,0.599,0.737,0.588,,0.787,0.647,0.867,0.669,0.711,0.766,0.69,0.7,0.712,0.344,0.955,0.835,0.682,,1.091,0.953,1.13,1.106,1.09,1.045,0.841,0.928,0.338,0.583,0.511,,0.582,0.284,0.442,0.28,,0.603,0.646,0.231,0.717,0.889,0.595,0.594,0.211,0.308,0.29,,0.936,0.552,0.728,0.947,0.57,0.692,0.983,,0.684,0.558,1.427,0.722,0.334,0.385,0.44,0.513,0.761,0.486,0.479,1.256,0.523,0.171,0.753,1.711,0.522,1.127,0.338,0.882,,0.18,0.47,0.53,1.506,0.812,1.475,0.759,1.136,0.896,2.419,0.857,0.762,0.535,3.199,1.541,,0.678,0.29,0.762,0.752,0.621,0.474,0.45,0.893,1.146,0.7,0.643,0.594,0.764,0.485,0.878,,0.649,0.734,0.575,0.7,0.374,0.379,0.754,0.709,0.943,0.962,0.827,0.883,0.787,0.77,0.827,0.782,0.389,0.511,1.003,1.037,0.712,0.64,0.48,0.636,0.736,1.125,0.634,0.487,0.242,0.381,0.435,1.46,0.931,0.705,0.559,1.563,0.913,0.4,2.075,1.018,0.728,0.388,0.859,1.317,0.949,0.898,1.02,0.861,0.688,0.633,1.338,1.06,1.013,1.339,1.052,0.911,1.213,,0.942,1.522,1.437,,1.117,1.277,1.04,0.998,0.806,1.034,1.497,,1.201,1.247,0.729,0.543,0.581,0.89,0.687,0.567,0.461,0.631,0.591,0.481,0.655,0.654,,0.813,,0.5,1.026,1.134,0.97,0.659,1.87,0.549,0.492,0.376,,0.412,0.834,0.587,0.944,0.771,0.767,,1.016,1.157,0.576,1.157,0.793,1.223,1.199,0.83,0.906,0.812,1.08,0.621,0.755,1.147,0.579,1.327,1.633,0.538,0.551,0.754,0.514,1.184,1.009,1.279,1.065,0.743,0.723,0.889,0.803,0.82,0.618,0.848,1.026,0.857,1.164,0.731,1.35,1.373,1.045,1.182,1.216,1.225,1.178,0.799,1.356,0.539,1.076,3.39,2.93,1.2,1.22,1.238,1.166,1.654,0.473,0.739,0.478,0.56,1.009,2.892,,1.691,0.843,1.352,2.026,2.023,3.312,1.986,3.383,2.271,0.852,1.013,0.923,0.662,0.779,0.516,0.732,1.985,0.623,0.95,0.666,0.804,1.3,0.845,0.612,,0.798,2.038,0.625,1.85,0.717,0.897,1.289,1.705,3.21,0.889,1.062,0.505,0.907,0.728,0.981,1.17,1.224,0.715,0.583,0.624,0.708,0.632,,0.484,0.922,,0.285,0.666,0.639,1.386,0.68,0.794,0.876,0.564,0.884,0.626,0.639,0.754,0.813,0.544,0.564,1.486,0.488,0.548,0.541,0.607,0.526,1.094,0.889,0.702,0.845,0.873,0.601,0.794,1.903,0.697,1.373,2.465,2.633,1.061,1.673,2.439,2.391,0.601,0.701,1.327,1.096,1.324,1.456,2.012,,1.387,1.842,1.648,1.06,1.929,0.827,0.769,0.884,,1.247,1.574,1.287,0.932,0.9,0.629,0.73,1.032,0.837,0.962,0.91,1.027,1.088,0.657,0.912,0.96,0.832,0.604,1.266,0.78,1.631,0.536,0.062,0.501,1.844,1.725,1.074,1.414,1.408,1.093,1.722,,1.291,0.819,0.943,1.086,1.175,1.331,1.233,1.502,1.021,0.748,0.55,0.605,0.94,0.723,0.586,0.614,0.495,0.431,0.701,0.398,0.586,2.693,1.332,1.243,2.163,0.063,0.412,0.381,0.136,0.506,0.326,0.48,0.346,0.986,1.082,0.731,0.867,0.461,0.464,0.878,0.415,0.857,0.602,0.906,0.861,0.681,,0.578,0.695,0.814,0.455,0.746,0.814,1.096,0.387,0.537,0.562,0.612,1.488,1.491,0.713,1.179,0.46,0.453,0.739,0.668,0.541,0.616,0.968,0.662,0.735,0.685,0.688,0.611,0.447,0.252,1.121,1.321,,0.522,0.448,0.678,0.428,0.846,0.766,1.006,0.382,0.407,0.689,0.534,0.572,0.73,0.675,1.165,1.145,0.531,0.382,0.439,0.162,0.608,0.38,0.463,0.368,0.714,0.186,1.579,2.72,1.221,0.424,1.246,0.718,0.572,0.457,0.815,0.773,1.283,0.784,0.425,0.934,0.676,0.649,0.575,,0.432,0.511,0.686,0.915,0.584,0.691,0.558,0.886,0.638,0.441,0.639,1.114,1.877,0.5,0.82,0.397,0.494,0.566,0.424,0.617,0.565,0.61,0.765,0.588,0.885,,,0.037,0.474,0.582,0.556,0.52,0.32,0.512,1.124,0.871,0.765,0.913,0.796,1.129,0.843,1.317,,1.227,1.244,0.977,0.486,0.851,0.916,0.741,0.438,0.833,0.839,,0.746,0.51,2.189,1.859,,1.955,2.006,1.022,0.51,0.655,1.331,,1.36,0.326,0.347,0.327,0.705,1.015,0.855,0.31,0.29,0.412,0.583,0.474,0.514,0.296,0.635,0.637,0.838,0.409,0.614,0.312,0.597,0.188,4.04,1.851,2.615,1.455,,1.181,0.97,1.339,0.618,0.844,0.727,1.762,0.777,2.073,0.538,2.507,3.078,1.19,0.997,2.007,1.006,1.047,0.733,0.874,1.453,1.502,0.934,0.866,0.568,0.873,1.485,0.989,1.035,0.758,1.641,1.083,0.446,1.273,1.89,,0.65,0.671,1.132,1.064,0.908,0.673,0.471,0.313,1.035,,0.785,1.236,1.174,1.081,0.645,0.966,0.232,0.28,0.324,0.444,0.48,,0.554,0.562,0.608,0.622,0.402,0.532,0.737,,0.623,0.457,0.612,0.9,0.517,0.881,1.36,1.33,0.777,1.523,1.361,1.803,0.467,0.732,0.566,0.825,0.633,0.574,0.258,0.623,0.395,0.676,0.684,0.71,0.739,,0.522,0.706,0.66,0.366,0.52,0.356,1.073,0.702,,0.422,0.915,1.481,0.591,0.323,0.761,0.231,1.131,0.236,0.999,0.424,1.156,1.755,1.339,1.523,0.972,0.201,1.122,1.349,0.958,1.141,1.439,1.028,0.819,0.682,1.095,0.785,0.699,0.695,0.638,0.737,0.571,1.054,1.664,0.956,1.776,1.269,0.775,0.744,0.696,1.628,0.59,0.58,0.784,0.723,0.861,0.667,1.415,1.106,1.5,0.859,1.19,0.088,1.168,1.029,0.754,0.818,0.792,0.742,1.166,0.822,1.35,1.094,1.424,1.692,2.287,1.002,0.553,0.458,0.419,0.759,0.763,0.875,0.713,0.378,0.711,0.959,1.099,0.997,0.654,0.675,1.702,1.645,1.828,0.908,0.743,1.405,0.914,0.754,,0.688,0.957,0.692,0.797,0.569,0.484,0.663,0.737,0.572,0.786,1.417,1.088,1.959,0.994,1.424,,1.245,1.072,1.102,0.603,0.785,0.913,0.669,1.066,1.292,1.701,0.867,0.583,0.751,0.643,1.261,1.311,1.765,0.768,0.535,,0.812,0.716,0.733,0.808,0.758,0.635,0.875,1.01,1.204,1.167,1.059,1.194,1.377,0.714,0.997,0.924,0.77,0.923,0.125,0.494,0.211,0.714,0.414,0.824,1.175,0.976,1.261,1.006,,0.765,1.104,0.863,1.206,1.499,0.649,1.069,1.308,1.874,,0.745,1.548,1.196,1.733,0.179,0.337,0.627,2.195,0.796,0.88,0.59,1.06,0.904,0.528,1.373,1.017,0.861,1.181,1.09,1.218,1.576,0.93,1.015,0.848,0.63,1.108,0.929,0.678,1.065,1.157,1.193,1.11,0.88,1.246,1.122,0.386,0.166,0.796,0.669,1.463,0.771,0.959,0.743,0.401,0.232,0.474,0.402,0.571,0.613,0.648,0.739,0.349,0.41,0.487,0.456,0.344,0.528,0.792,,0.501,0.414,0.624,0.564,0.69,0.454,,2.077,1.026,0.282,0.107,0.777,0.753,0.821,0.419,0.272,0.456,0.364,0.385,0.258,1.138,0.068,1.091,0.455,1.427,0.485,0.365,0.541,0.766,,0.455,1.42,0.486,0.522,0.672,0.559,0.412,0.441,0.185,0.857,0.477,0.557,0.699,0.479,0.648,,0.891,0.184,0.711,0.344,0.301,1.069,0.111,0.355,0.648,0.331,0.471,1,0.614,0.726,0.848,0.463,0.697,0.265,0.769,1.585,1.233,0.546,0.509,1.352,0.874,0.115,0.102,0.779,,1.772,1.393,0.852,0.72,0.267,0.312,,1.98,0.494,0.338,0.266,0.477,1.631,1.03,0.867,0.685,1.192,0.459,1.052,1.098,0.354,,1.346,0.964,0.888,0.391,0.405,0.468,0.737,0.464,0.895,0.99,0.64,0.466,0.67,1.236,0.461,0.343,0.285,0.7,0.429,0.755,0.447,1.518,,0.965,1.252,0.772,0.883,0.564,0.358,0.414,0.964,1.147,0.3,,0.32,1.335,0.356,0.743,0.418,0.194,0.746,0.243,1.123,0.64,0.36,0.314,0.586,0.722,1.463,0.965,0.287,0.46,0.65,1.515,2.052,2.584,0.956,0.528,1.406,0.912,0.676,0.82,0.495,0.825,0.258,0.738,1.107,0.627,1.383,0.876,0.798,0.963
20160416,13,AQI,54,29,75,54,59,53,55,186,54,31,43,50,,71,80,59,72,62,68,,63,55,53,60,65,59,,56,89,75,64,69,78,101,81,67,78,69,70,72,56,92,62,70,72,52,55,72,61,99,123,114,130,162,127,30,30,40,31,53,59,59,41,66,42,68,58,90,59,50,55,53,82,88,76,50,54,50,33,63,,64,58,64,60,61,70,78,41,33,35,40,26,47,28,39,66,66,58,,74,68,63,61,74,,72,62,54,55,59,52,53,55,52,54,32,96,97,84,79,77,75,83,76,77,82,89,99,58,,94,93,90,105,94,72,94,79,58,49,26,30,36,52,24,52,43,43,26,33,25,36,26,28,39,28,25,46,43,33,32,27,41,33,29,36,32,34,36,63,62,52,46,79,58,84,82,104,71,74,55,68,66,50,33,35,39,26,42,35,34,40,62,33,39,45,32,53,,45,46,46,64,64,60,77,63,63,,70,68,39,64,53,56,57,59,73,67,53,43,25,61,39,67,54,,64,72,63,30,31,35,42,,34,32,37,,55,61,44,71,55,65,,31,,54,34,,48,23,27,27,,,72,68,77,29,35,28,56,75,50,38,70,59,68,74,62,75,107,38,73,39,68,76,86,72,102,62,23,77,33,42,31,35,36,26,37,33,35,56,66,64,44,53,,73,45,38,27,26,30,24,37,26,27,33,54,51,50,54,43,48,54,51,51,19,28,23,36,27,32,38,28,39,35,23,40,34,34,29,30,31,29,32,30,45,55,,47,52,45,67,52,65,52,43,32,32,27,32,39,33,36,32,32,48,48,37,40,24,35,38,52,54,39,43,52,42,64,58,37,43,38,35,41,48,,45,55,39,45,46,52,48,48,66,59,54,43,53,,123,123,115,123,112,105,104,110,48,62,69,,79,33,29,31,35,34,31,41,32,30,36,32,33,32,29,,32,41,31,32,32,31,35,,41,33,59,51,43,45,55,45,40,59,58,51,59,53,50,52,50,40,83,78,,56,150,65,87,79,78,55,77,73,52,55,46,76,70,55,65,29,41,47,46,26,38,70,67,85,68,90,88,78,78,75,,19,70,25,53,67,52,29,25,27,33,32,27,30,28,27,,48,26,42,34,89,59,70,60,61,72,64,60,53,54,59,83,67,68,65,41,59,42,43,78,69,54,110,68,205,74,70,77,82,36,193,139,140,94,78,95,73,,67,64,60,,60,93,117,108,70,85,139,,118,109,70,105,94,97,90,54,32,28,40,23,42,25,,30,,28,75,88,76,53,65,73,79,72,,31,100,40,82,52,72,,35,31,45,32,32,75,65,97,69,51,65,57,57,59,53,59,52,54,,55,59,42,25,20,55,23,40,49,46,45,38,46,55,48,62,58,52,55,66,56,58,52,59,55,39,63,49,50,40,43,49,52,43,51,43,69,30,51,66,59,,76,62,52,74,42,33,55,62,67,67,87,82,38,56,88,89,76,168,55,51,57,59,55,49,,62,71,72,71,54,60,41,54,62,45,50,58,107,72,75,88,89,70,60,75,73,74,,62,33,,32,38,45,78,78,92,162,112,98,48,56,55,40,37,25,35,36,45,54,60,78,38,,16,33,19,20,17,23,19,58,63,63,53,68,59,59,48,32,65,51,35,33,35,,36,68,120,67,65,50,53,54,,56,63,85,55,35,45,41,60,34,35,33,30,31,36,45,38,40,40,30,24,26,26,8,53,30,32,37,42,48,46,70,75,55,59,64,124,87,83,70,95,88,49,42,43,58,58,61,17,30,20,32,29,29,70,56,56,53,36,36,42,30,37,49,54,39,66,62,51,59,33,47,44,64,45,40,38,38,33,,42,,55,61,69,85,53,,56,68,68,64,69,79,79,62,68,66,73,73,65,74,62,79,79,80,66,52,57,43,28,,80,65,86,78,28,33,74,42,28,82,89,98,84,92,117,112,23,23,32,38,26,30,43,37,37,38,55,51,52,57,42,56,44,30,34,31,31,38,33,30,38,39,38,,39,41,50,,37,39,27,25,48,31,35,71,38,33,35,30,30,30,39,62,58,56,47,61,58,,,49,50,28,23,29,29,26,32,36,36,36,59,71,68,58,22,30,55,56,49,56,67,77,73,58,64,,58,69,52,34,,43,37,142,76,109,71,,85,67,53,40,97,113,114,33,40,54,37,55,30,33,41,62,49,46,30,53,47,45,69,92,93,100,,44,50,48,51,80,73,85,77,83,83,80,88,92,98,92,78,80,54,51,120,103,93,74,80,77,46,51,46,59,55,51,56,24,35,68,39,46,49,95,54,31,38,34,94,,112,108,90,78,93,54,25,28,12,77,78,30,26,85,66,50,48,202,58,,30,35,50,43,46,72,98,84,77,64,49,28,42,60,58,60,64,82,39,68,25,58,57,74,63,,60,76,82,149,55,54,35,58,,9,45,87,33,55,25,32,52,49,60,60,45,54,60,33,54,21,26,20,32,22,24,22,24,46,39,42,42,47,47,42,51,25,45,32,34,28,50,34,30,53,32,80,26,26,26,26,29,42,44,35,35,32,33,32,33,36,42,49,49,30,26,24,27,24,24,35,37,33,40,43,45,42,52,47,43,41,66,58,58,69,44,32,39,46,40,39,42,43,,53,31,45,77,42,80,65,43,33,48,23,29,69,52,30,,39,56,55,56,70,54,58,50,40,32,44,45,37,54,30,27,25,31,30,,29,28,25,29,35,34,30,32,25,24,30,29,16,,33,34,32,33,41,31,32,29,36,39,32,53,48,33,,36,29,33,33,33,48,30,30,29,,30,34,29,29,33,40,56,104,60,75,70,67,56,67,73,61,72,84,65,80,84,59,49,69,83,81,65,61,38,40,59,83,88,93,103,65,66,43,70,56,37,32,51,34,33,35,35,28,28,29,27,27,50,42,44,37,43,46,,33,56,32,43,55,43,70,33,12,22,32,28,30,25,44,53,38,48,38,46,39,56,44,59,43,40,33,39,52,,61,64,55,30,41,38,38,32,43,55,30,40,57,54,37,,36,89,65,39,42,51,35,32,67,75,82,72,57,49,66,84,99,52,51,137,206,41,64,68,61,42,44,35,61,52,45,87,39,61,45,,102,54,16,43,25,39,60,43,57,43,54,44,56,36,30,39,60,59,39,43,30,28,53,65,53,53,51,35,46,40,36,43,44,41,35,35,28,,55,58,62,72,59,92,78,66,75,79,,67,68,57,53,52,61,65,57,120,96,64,65,41,55,58,58,71,92,104,115,165,200,187,100,95,54,53,36,42,32,32,40,65,49,59,28,48,51
20160416,13,PM2.5,20,7,12,13,16,23,25,140,35,15,19,35,,45,37,40,43,35,42,,24,39,34,38,47,42,,17,31,15,17,20,21,34,39,34,37,50,48,33,36,68,43,40,43,16,11,23,15,32,29,43,33,34,19,9,11,7,3,7,20,10,28,24,15,19,12,19,5,22,23,26,7,33,27,21,20,31,3,16,,19,18,34,17,36,19,23,10,23,3,5,7,4,4,6,41,33,36,,39,47,39,39,44,,52,31,24,28,26,20,23,31,25,30,22,59,72,60,58,56,44,61,51,42,54,66,74,41,,70,69,67,79,70,52,70,58,41,34,15,21,18,36,13,36,30,30,15,17,17,25,7,17,26,9,17,22,21,21,17,18,19,23,16,16,20,20,18,45,44,36,28,58,41,62,60,53,51,54,39,49,35,34,23,24,27,15,29,23,21,28,20,22,22,30,21,25,,31,32,32,46,45,43,55,43,43,,45,41,27,46,23,35,40,42,53,48,17,28,17,36,23,29,31,,35,43,32,14,20,16,19,,16,18,16,,30,32,30,51,37,47,,19,,17,22,,20,9,16,10,,,52,49,56,16,24,15,38,42,27,26,51,42,49,54,44,55,39,26,53,17,29,39,33,31,47,44,15,56,12,29,7,24,17,13,25,9,11,37,30,46,22,37,,53,31,6,16,14,12,11,16,14,11,23,31,29,35,35,25,33,,28,33,4,10,8,25,13,5,11,5,2,11,13,9,10,6,8,16,12,15,6,8,31,31,,13,25,31,43,35,32,31,18,22,22,16,22,27,21,20,19,22,33,27,21,28,12,19,24,26,28,21,22,30,29,25,30,22,30,25,24,28,27,,22,22,23,29,23,27,24,20,24,27,38,29,32,,93,86,87,93,84,79,78,83,28,44,44,,36,8,14,12,20,16,13,9,11,6,12,15,16,14,19,,14,11,17,14,17,11,19,,22,23,17,19,9,25,10,14,17,19,10,23,25,22,18,31,19,18,37,22,,22,115,24,28,20,20,21,20,19,21,13,30,29,,19,47,10,25,16,30,9,21,39,39,60,23,54,33,30,29,8,,13,38,5,18,21,5,9,11,11,23,10,6,10,12,15,,6,11,10,21,12,16,10,43,12,8,14,16,11,12,8,38,41,47,39,16,15,15,20,41,45,28,83,36,155,47,34,33,46,15,145,106,107,58,57,71,53,,27,28,28,,42,69,88,81,51,63,106,,89,82,33,79,70,72,67,20,22,19,21,16,25,17,,19,,15,51,65,50,37,47,53,58,52,,18,39,18,60,36,52,,24,21,18,22,16,55,41,72,50,33,44,38,40,36,32,40,36,29,,39,34,21,17,14,19,16,21,34,32,31,26,32,27,33,38,41,36,36,47,36,41,29,36,39,27,43,21,33,25,19,22,27,6,12,3,2,9,9,27,27,,31,24,32,38,17,23,13,22,26,19,26,20,10,4,9,16,50,32,32,31,35,34,31,28,,36,24,37,35,25,33,26,28,35,31,26,18,80,52,55,65,66,51,43,55,53,54,,44,22,,20,19,31,57,57,57,123,84,73,11,24,35,21,11,17,15,25,31,38,43,57,26,,4,16,13,14,8,11,4,14,45,14,13,34,41,40,16,22,26,30,24,9,24,,17,44,91,48,,27,37,38,,16,21,26,15,10,1,15,16,9,11,14,9,8,21,16,9,4,5,11,8,10,13,3,37,1,9,8,29,33,32,37,55,31,42,46,94,64,61,51,71,65,20,27,28,39,30,31,6,9,10,9,8,7,49,30,32,30,3,9,3,5,16,34,19,16,26,24,33,42,23,23,17,46,31,28,1,12,17,,29,,32,16,32,31,32,,18,18,21,18,25,18,23,15,20,13,15,18,26,18,19,29,17,17,30,9,3,10,19,,19,21,23,23,6,5,54,12,2,16,22,41,62,68,88,84,8,6,22,26,6,6,15,14,,,34,34,33,33,25,26,18,17,20,11,12,17,19,21,16,18,25,,24,26,35,,18,19,10,15,33,21,24,39,18,23,24,20,21,21,24,38,24,25,21,33,40,,,34,35,10,16,20,14,8,22,25,25,25,34,30,49,28,11,20,20,21,34,16,48,34,13,8,15,,18,24,19,17,,8,16,108,37,47,22,,63,26,7,,72,85,86,22,13,25,25,36,13,7,27,44,34,19,8,21,16,19,50,60,59,55,,27,23,23,19,59,53,51,56,33,42,33,30,68,73,68,57,59,24,22,91,77,58,53,59,56,32,34,32,42,39,33,34,15,24,37,24,26,34,71,38,20,26,,70,,84,81,67,57,62,38,5,5,3,56,57,6,7,63,36,22,33,152,41,,21,21,35,12,32,52,73,62,53,33,22,17,29,43,41,43,46,60,24,49,6,41,40,54,45,,43,24,60,114,35,38,24,36,,,11,64,11,39,13,22,36,20,36,43,20,22,21,14,16,7,15,12,8,15,14,11,12,32,27,23,26,27,32,22,33,7,31,11,10,19,20,13,16,22,16,59,16,18,13,11,17,29,26,24,24,22,23,20,23,25,23,34,34,21,16,14,14,16,14,18,25,23,28,20,22,29,21,22,30,25,16,24,11,12,19,22,21,32,27,27,29,15,,31,,17,56,29,59,47,30,23,33,3,20,48,36,16,,8,15,14,10,9,10,12,11,20,22,4,2,20,1,4,7,16,10,15,,16,16,8,10,11,18,10,9,7,10,11,17,9,,11,9,8,14,19,3,17,11,16,24,21,28,17,23,,12,15,,15,12,8,15,3,16,,10,7,11,10,12,17,19,49,42,55,51,48,39,32,53,42,52,62,47,59,62,42,34,50,55,40,47,39,19,18,23,61,65,69,77,8,7,15,27,15,21,13,11,5,5,3,3,3,4,9,6,4,32,29,21,13,13,17,,21,6,20,9,25,16,41,9,8,6,9,7,9,6,6,21,11,18,23,22,15,5,20,22,14,16,18,20,28,,20,5,20,21,7,7,10,6,14,20,7,10,12,23,10,,12,45,39,16,16,13,18,12,33,29,56,34,33,30,29,43,57,35,18,45,156,21,33,48,,21,20,14,16,23,16,23,27,37,31,,28,28,,18,13,14,35,25,24,9,12,15,11,9,17,15,14,12,16,9,15,7,19,47,20,24,31,2,21,28,16,8,11,8,5,5,2,,36,41,22,33,21,,44,26,16,30,,22,24,20,18,22,12,15,14,47,65,28,30,,17,18,19,22,29,40,47,44,96,78,33,32,15,22,12,9,4,8,12,23,6,26,15,20,28
20160416,13,PM2.5_24h,52,46,57,56,51,59,59,99,45,51,54,65,,91,87,87,80,98,85,,82,99,100,97,100,95,,49,48,49,37,39,51,44,94,97,105,110,113,118,42,72,62,59,55,44,47,50,51,53,71,59,54,50,58,48,49,40,34,35,33,37,43,44,31,29,38,42,32,76,73,82,56,68,62,73,52,52,52,18,,15,24,18,25,22,27,25,22,28,17,21,31,17,22,26,42,42,47,,45,48,45,48,48,,53,40,35,34,33,26,36,38,31,37,28,51,57,47,51,46,38,42,50,37,50,48,50,40,,56,53,49,55,44,45,55,38,39,40,32,37,25,34,41,39,39,33,26,34,31,32,23,26,37,19,23,22,31,20,22,22,20,21,30,29,36,34,28,44,44,36,44,55,42,56,65,50,46,54,34,41,33,29,26,31,31,26,30,28,29,37,22,21,22,28,22,25,,23,22,25,30,33,36,46,43,45,,46,48,21,38,25,30,44,49,40,47,27,20,17,27,17,26,24,,34,21,21,17,20,15,18,,16,20,20,,32,37,34,21,20,24,,19,,26,26,,42,44,43,16,,,25,25,31,37,37,28,16,22,21,38,37,34,36,39,37,42,38,31,34,17,50,40,38,39,38,34,34,58,19,31,11,26,16,26,24,22,15,71,68,61,57,74,,85,60,17,25,29,25,29,26,33,34,31,35,42,41,37,45,45,44,36,39,23,30,27,30,31,28,30,25,29,54,28,24,29,28,24,27,27,30,27,23,32,33,,31,34,35,38,36,30,39,20,25,27,26,26,24,23,30,23,22,25,29,24,35,25,16,26,29,26,25,27,24,34,37,35,22,26,23,31,28,23,,32,28,34,28,32,27,23,22,31,24,30,32,45,,61,57,56,58,56,59,62,65,30,37,43,,32,6,26,16,25,21,30,23,23,23,20,32,22,25,24,,30,32,28,22,24,19,23,,19,14,15,34,26,35,21,24,28,28,23,28,26,21,24,30,27,25,24,15,,23,91,18,37,20,24,17,24,22,30,8,25,16,26,22,26,19,29,17,28,11,12,27,29,34,18,54,43,34,39,37,,24,38,17,18,20,12,24,26,25,30,24,25,26,26,28,,20,22,33,49,28,34,32,35,35,23,23,26,20,24,23,38,42,43,37,33,35,32,37,48,83,55,62,47,66,56,44,44,38,19,102,75,72,67,69,78,59,,65,63,65,,80,61,73,77,50,60,63,,65,81,36,73,65,64,56,35,34,38,25,24,27,60,,54,,55,51,56,58,45,54,60,45,40,,27,30,25,67,55,64,,25,25,30,35,22,33,27,26,34,29,34,38,38,33,33,36,34,25,,31,28,23,15,17,33,28,30,19,19,20,23,29,29,32,39,44,41,37,41,38,42,37,47,38,25,32,28,40,38,56,52,58,25,26,18,25,25,35,49,29,,38,32,25,39,30,24,16,41,38,24,46,41,23,18,42,41,53,32,42,44,44,49,49,43,,42,32,38,45,20,40,36,35,47,37,32,27,97,59,71,72,77,36,30,39,34,38,,33,34,,30,39,46,37,50,49,70,48,76,36,42,55,43,17,18,20,23,33,27,32,31,37,,22,24,18,22,26,24,5,52,84,73,79,75,70,73,41,45,78,60,59,53,58,,52,79,116,72,107,40,36,41,,31,37,51,26,46,49,45,40,47,29,30,32,32,48,36,29,38,34,46,55,56,54,60,31,44,18,19,52,70,62,77,55,38,42,52,85,75,74,64,79,73,24,32,17,22,24,23,13,14,16,14,14,9,34,24,25,20,16,28,20,23,27,23,18,15,13,29,22,30,14,25,17,37,30,25,13,20,31,,42,,23,18,29,29,36,,20,23,26,21,23,19,29,14,18,17,18,10,28,19,18,33,21,21,32,16,12,15,22,,19,23,30,29,13,6,24,14,7,30,29,26,63,70,89,76,34,27,29,37,23,26,29,32,25,45,43,39,29,33,42,48,28,28,28,22,19,19,21,27,24,23,29,,39,31,44,,17,24,17,23,40,29,35,23,29,16,18,24,25,52,51,27,21,20,20,28,24,,,44,43,24,25,23,22,23,38,39,39,39,44,47,48,48,73,42,43,44,55,37,39,41,34,32,30,,27,30,25,27,,18,27,84,56,34,20,,21,23,20,20,61,79,71,31,24,42,39,37,33,31,60,73,71,56,57,24,24,25,122,76,74,91,,35,30,36,27,47,47,45,48,50,50,48,43,52,61,52,42,42,22,24,60,54,46,43,80,81,41,38,44,42,37,30,32,26,30,55,39,73,60,84,39,20,21,16,71,,64,57,46,96,104,75,17,20,19,40,38,22,15,60,41,35,38,60,39,,28,27,32,18,22,44,66,45,41,43,35,37,28,32,59,50,44,45,23,36,5,50,42,55,54,,40,47,58,69,32,29,22,34,,77,45,41,22,34,19,25,70,49,45,57,96,30,32,31,30,6,22,21,17,21,17,14,13,30,32,29,20,30,28,26,29,9,57,58,37,49,47,41,52,49,48,24,28,32,29,25,17,29,24,31,29,28,26,22,28,42,43,57,63,46,29,20,16,20,18,23,32,32,29,78,46,46,41,56,54,65,32,40,34,28,28,31,28,39,40,41,41,23,,52,26,23,60,51,49,67,31,30,34,19,34,53,49,25,,19,29,20,18,23,22,19,20,26,40,30,22,30,17,15,19,25,20,26,,22,26,19,20,22,39,37,30,30,28,26,35,40,,35,37,36,38,54,35,59,50,55,42,28,28,27,31,,42,41,25,50,39,33,39,34,44,,40,30,44,46,19,31,36,49,42,49,47,44,40,32,51,41,47,67,43,56,60,48,33,49,79,85,46,35,50,72,66,55,56,77,76,7,7,9,9,14,14,11,15,11,10,14,11,20,17,20,19,17,32,21,28,16,20,19,,21,10,18,20,28,12,19,19,14,19,5,5,8,5,8,19,19,15,15,31,32,24,35,20,11,13,11,14,18,,24,28,18,27,11,13,18,8,21,33,13,12,15,18,28,,39,19,18,20,20,15,15,14,43,45,43,26,30,32,56,67,74,55,50,45,95,24,23,31,,16,12,15,16,18,23,26,35,28,30,,51,19,15,21,19,10,31,16,13,18,22,19,17,12,28,14,16,14,21,15,19,13,18,26,15,30,30,10,17,28,19,10,15,11,18,18,7,,21,32,22,22,28,,46,45,21,40,,26,29,24,30,28,30,27,21,46,69,31,27,7,13,15,13,22,34,52,44,78,144,153,79,45,13,12,21,10,8,5,7,19,28,21,44,28,32
20160416,13,PM10,58,29,99,57,68,56,59,,57,31,43,,,92,110,68,93,73,85,,75,56,55,69,66,68,,62,128,99,77,88,106,152,111,84,105,79,89,94,62,96,74,90,94,54,60,93,72,148,195,177,210,273,204,24,19,40,31,55,67,68,41,81,42,86,65,129,67,50,59,55,113,125,102,50,57,50,33,75,,77,65,78,70,71,90,106,41,30,25,40,22,47,28,39,81,81,66,,97,85,75,72,98,,94,73,57,59,67,53,55,59,53,58,27,141,134,118,104,92,100,96,101,103,114,72,90,46,,75,95,76,108,85,60,,72,,41,22,24,36,,18,,,43,26,33,,,12,26,39,28,24,46,43,33,32,27,41,30,29,36,32,34,33,67,70,40,46,86,48,85,113,157,92,88,44,59,82,50,32,34,30,21,,35,34,31,73,33,39,45,32,55,,31,,45,73,77,69,104,75,75,,89,85,39,78,55,62,60,59,68,64,56,43,23,72,39,84,58,,78,93,75,30,31,35,42,,23,32,37,,60,71,44,91,60,79,,31,,58,34,,48,15,18,21,,,61,71,57,29,30,28,61,99,50,,,,,,,,,,,39,86,102,121,93,154,53,23,67,33,42,31,,36,26,37,33,21,62,81,73,44,53,,57,44,24,23,20,30,11,,26,27,,58,52,47,58,43,,57,51,52,18,24,21,,27,18,38,28,39,,,,,9,15,,28,,10,12,43,60,,47,53,42,83,54,79,53,43,31,,27,32,35,33,36,32,23,36,48,37,29,,35,38,53,57,39,43,53,36,77,65,37,39,38,,41,48,,45,59,39,45,46,54,48,48,81,68,42,43,55,,119,196,136,131,138,103,132,122,48,71,87,,108,33,29,26,35,17,31,41,15,11,36,23,33,26,29,,21,20,31,26,32,18,31,,41,31,68,52,43,45,60,45,36,68,66,52,67,56,50,53,50,40,115,105,,62,191,80,124,108,106,60,104,95,54,59,46,102,89,60,67,23,41,31,46,26,38,90,83,120,85,129,125,106,106,100,,,89,25,55,83,53,10,25,,,,19,20,26,27,,48,16,42,34,127,68,90,,71,94,77,70,55,58,68,115,84,85,79,29,35,33,25,105,87,58,,86,,98,90,104,113,36,,108,215,137,99,105,79,,83,78,69,,70,116,105,96,73,102,165,,98,112,90,,108,111,121,57,,,40,,42,20,,21,,20,99,104,102,52,70,74,105,89,,31,39,40,89,54,71,,33,31,45,31,32,98,79,104,60,52,79,64,41,67,56,67,42,57,,49,67,42,23,17,59,23,40,44,39,40,32,44,59,37,73,63,51,59,81,61,60,53,68,59,33,75,49,50,40,43,49,54,43,52,43,27,27,51,81,67,,102,74,53,97,42,30,60,74,83,84,124,113,38,62,125,127,102,285,60,51,64,68,60,49,,73,91,94,91,58,69,33,58,73,33,33,45,82,70,84,95,96,67,61,73,71,75,,59,33,,32,38,,104,58,134,215,98,103,48,62,60,40,37,19,35,,36,,,,29,,16,33,,17,12,23,,66,66,75,55,85,67,68,48,24,80,51,34,33,27,,36,86,,67,80,50,45,46,,61,75,120,59,35,45,41,69,,28,26,27,29,36,38,24,18,21,17,20,17,,4,,20,16,37,29,42,38,89,72,60,65,73,110,79,80,64,84,87,49,42,43,66,66,71,10,30,17,16,29,11,90,61,62,55,19,12,9,9,37,,57,39,82,73,52,,,47,43,64,41,35,38,,,,,,59,72,87,119,56,,61,86,86,77,88,107,107,74,85,82,95,95,79,97,74,107,108,109,81,53,64,43,22,,109,80,122,106,24,21,,42,28,113,127,146,80,70,113,115,18,11,25,37,13,13,43,16,20,2,59,52,53,64,42,62,44,28,34,19,13,,33,22,38,39,38,,39,41,,,37,39,27,25,38,31,34,92,38,29,32,30,,23,39,73,66,61,47,72,66,,,,48,28,18,,29,26,30,28,,,68,91,82,66,,30,59,61,39,62,,103,96,66,77,,65,88,54,34,,43,37,166,102,167,91,,,84,55,40,133,125,132,32,40,57,37,60,24,33,41,,39,46,23,56,47,45,80,134,136,149,,38,50,48,51,104,94,119,104,116,116,110,125,78,131,102,104,80,57,51,140,109,135,97,81,73,41,51,36,,47,51,61,20,,85,39,46,47,,39,31,36,34,72,,101,,98,61,135,46,23,8,12,76,73,,15,79,72,50,34,,42,,26,35,43,43,37,,,,103,78,49,28,37,63,51,47,63,79,39,,,,54,,55,,58,102,95,,60,42,30,66,,,45,,33,40,25,,,49,70,43,,58,70,33,57,21,26,15,32,18,24,22,24,42,36,42,42,47,47,42,51,16,,32,34,,23,34,25,56,30,,22,26,14,16,27,37,44,33,24,22,30,24,,36,42,47,34,28,21,24,16,21,22,22,,,35,43,45,39,53,47,40,41,82,66,65,88,44,31,39,32,40,34,34,43,,55,1,45,61,39,,66,30,33,37,20,24,88,,30,,39,62,59,61,90,58,65,50,40,27,44,45,37,57,17,11,18,21,30,,29,23,22,20,35,34,30,,20,18,,29,10,,15,23,20,16,,11,,24,22,39,32,55,48,32,,24,29,,24,25,48,29,30,21,,10,22,20,16,16,40,61,70,69,71,70,77,62,83,81,72,68,80,69,72,71,58,47,52,115,112,67,72,38,40,55,101,93,76,122,80,81,43,90,61,37,32,52,25,19,6,17,7,8,9,9,7,50,33,44,23,43,46,,30,61,32,43,59,43,89,29,,8,25,28,30,14,44,56,25,48,,46,31,62,44,67,25,27,33,39,53,,71,77,60,,18,15,21,23,43,60,13,28,63,57,24,,36,127,79,27,,52,35,32,84,63,114,93,63,49,82,72,147,49,52,223,226,41,77,85,72,42,44,35,72,54,,123,34,71,42,,154,57,3,43,,39,69,43,63,43,57,44,61,36,30,39,70,68,38,43,20,28,55,52,56,56,52,32,46,,36,43,44,41,25,30,7,,60,66,74,93,67,133,106,81,100,108,,84,86,63,56,54,71,80,64,189,142,78,79,5,60,66,66,92,134,158,179,280,349,324,150,139,57,55,36,42,9,,17,79,49,67,28,48,52
20160416,13,PM10_24h,128,109,126,127,112,142,134,,87,120,136,,,156,162,158,142,175,146,,169,184,194,174,145,160,,78,104,93,71,84,94,141,215,199,241,205,215,217,97,123,125,140,140,89,102,128,112,111,152,138,162,155,152,179,152,195,184,177,97,128,104,129,98,119,96,117,96,134,146,135,143,145,117,103,104,114,68,63,,45,54,43,51,50,95,72,137,119,116,123,111,149,110,107,74,101,92,,103,95,94,90,109,,115,116,81,69,82,70,83,75,78,80,51,112,102,85,85,76,72,71,86,76,103,70,74,74,,73,84,75,90,63,66,78,63,81,70,76,82,59,75,75,82,75,110,89,103,103,91,79,103,113,85,72,80,85,59,76,71,66,56,68,77,85,75,75,90,92,72,77,169,119,146,160,148,156,137,87,96,95,97,68,102,69,81,73,80,89,85,81,85,98,93,71,91,,89,82,77,99,102,111,123,102,105,,98,106,44,86,59,64,112,97,109,94,48,35,25,49,31,60,51,,74,43,41,51,37,37,41,,25,36,54,,69,76,54,42,43,49,,65,,71,49,,87,72,63,40,,,39,44,45,59,56,42,29,41,43,82,97,88,77,85,78,96,91,81,89,27,68,61,70,65,82,45,46,80,43,53,42,34,47,49,41,38,48,156,201,166,154,155,,154,172,55,61,46,59,46,54,54,80,96,89,85,85,75,88,83,94,78,75,43,60,60,61,56,46,61,57,63,8,56,34,44,44,36,55,50,51,38,44,47,49,,50,57,45,63,47,49,51,41,42,38,42,42,41,33,49,52,36,41,51,41,65,41,31,36,47,48,47,46,41,46,70,41,38,34,35,34,46,42,,47,44,46,43,44,43,40,39,50,44,47,53,60,,95,94,100,96,95,114,129,122,46,63,66,,59,25,34,33,30,31,40,43,32,37,41,40,31,37,35,,46,38,51,36,37,32,36,,36,18,62,80,78,65,82,66,68,78,84,50,56,48,52,58,70,50,100,77,,57,171,57,75,52,47,40,48,51,55,59,39,47,56,37,39,35,46,31,47,30,23,57,52,66,65,116,119,106,97,95,,74,79,42,77,71,56,41,48,47,51,43,38,43,47,44,,64,36,97,65,140,154,162,133,142,126,124,105,107,99,113,112,90,87,76,59,58,56,54,113,110,90,113,122,121,129,83,83,56,29,188,148,173,147,121,137,113,,172,163,188,,170,153,148,164,89,126,140,,134,185,142,130,147,136,124,95,91,83,60,57,68,107,,108,,126,128,111,151,129,147,135,74,78,,61,79,81,169,136,149,,36,33,38,36,36,53,43,32,38,43,49,55,50,54,49,53,47,46,,42,57,20,22,26,47,36,39,23,26,29,40,45,47,47,51,55,54,55,54,50,50,50,55,43,33,54,53,79,75,138,132,147,128,99,115,94,85,99,77,85,,97,71,51,93,38,51,44,59,77,62,100,97,52,40,236,220,204,180,78,83,87,103,95,76,,86,91,76,85,65,70,60,76,93,62,60,56,123,121,125,131,127,55,44,59,55,54,,44,56,,55,58,54,72,70,91,125,59,92,58,61,79,63,33,30,39,39,70,70,76,84,70,,43,42,31,40,46,39,11,121,169,143,87,124,150,131,90,61,125,86,61,78,100,,89,137,195,131,151,80,87,79,,62,73,123,60,78,84,81,75,85,60,56,52,58,65,55,53,54,41,74,108,70,103,62,56,71,34,27,72,110,96,129,78,72,73,82,104,113,95,95,119,94,50,47,32,43,44,43,19,28,24,22,29,16,86,45,83,44,28,37,32,27,40,43,36,32,45,64,37,45,29,36,29,53,41,35,64,31,46,,58,,75,52,52,61,48,,46,52,48,54,55,51,68,29,35,47,37,33,43,48,38,55,45,54,72,82,96,97,67,,93,95,148,106,24,21,61,34,34,138,135,148,145,152,156,175,93,65,46,62,49,53,83,72,111,65,92,91,84,94,132,126,58,65,60,44,42,50,75,66,73,77,84,,75,90,80,128,92,94,68,87,90,85,97,73,59,44,50,65,68,68,69,68,62,55,50,59,52,,,72,73,44,46,43,45,47,88,82,90,85,81,75,71,75,116,65,79,87,104,58,89,106,67,68,47,,36,53,53,40,,53,42,74,73,78,33,,32,104,90,111,149,147,162,59,51,138,136,145,121,128,75,96,85,362,319,72,64,59,165,189,149,181,,44,74,70,88,100,91,117,105,143,132,134,148,81,139,105,63,65,45,53,92,77,119,77,108,108,62,55,62,58,56,49,56,34,39,74,53,116,79,107,49,30,48,29,75,,75,56,90,110,165,88,35,26,39,62,65,50,24,104,128,74,102,166,94,,55,57,50,58,67,148,168,136,80,94,71,73,48,57,98,75,67,70,32,39,16,106,86,92,88,,91,85,118,123,69,69,49,62,,80,104,102,56,47,33,30,56,52,57,45,34,48,50,49,45,10,31,25,28,26,28,27,22,42,51,48,35,54,43,51,39,32,80,69,71,94,81,91,78,100,86,31,49,51,47,45,25,41,38,41,40,25,36,29,32,82,87,79,80,72,38,27,27,25,23,33,35,38,38,106,93,112,86,101,100,118,128,123,150,148,66,70,62,74,79,82,78,50,,88,92,63,113,117,134,140,66,61,77,45,57,101,60,61,,51,58,41,41,54,46,43,39,48,64,55,51,51,62,39,39,42,53,43,,46,39,37,33,47,62,54,48,52,52,43,54,53,,52,52,52,54,,60,108,83,85,48,46,62,56,49,,61,70,36,68,55,65,70,70,55,,57,60,66,71,32,54,70,66,62,61,61,77,59,64,76,70,71,97,72,86,91,64,51,78,127,131,63,61,77,108,111,92,98,100,124,38,34,19,36,37,30,22,36,26,22,23,19,34,28,28,32,29,46,43,51,26,37,40,,36,45,30,34,56,35,51,38,27,33,10,13,18,12,30,41,34,40,37,52,47,79,62,84,21,23,22,33,42,,81,79,70,50,30,27,34,42,58,85,27,27,52,48,44,,73,66,46,61,55,33,25,17,86,114,74,57,50,51,89,115,178,98,94,151,148,38,53,49,61,25,23,26,28,57,,191,62,59,48,,169,32,33,48,,21,42,27,25,84,92,88,99,30,44,27,44,35,40,43,20,23,33,38,41,58,56,31,40,69,61,29,27,29,35,35,14,,47,42,58,78,68,120,173,78,74,123,,91,79,90,97,88,75,117,93,226,203,153,128,24,58,58,59,100,149,192,177,264,336,308,142,142,43,35,58,30,16,14,24,62,64,55,59,57,52
20160416,13,SO2,2,2,2,2,2,2,2,2,2,2,4,2,,6,11,2,14,5,12,,7,3,4,9,6,11,,6,14,7,13,10,7,24,26,19,19,18,33,12,4,10,13,10,8,26,15,19,24,9,8,7,2,3,5,4,3,9,,4,5,8,8,6,13,3,1,2,1,9,11,23,12,28,13,6,12,37,41,17,,13,9,10,8,7,14,17,9,7,4,12,7,2,8,8,10,48,20,,24,24,12,18,14,,11,6,9,8,4,3,8,3,9,12,3,26,15,15,11,13,9,12,12,16,17,14,18,30,,14,32,33,15,26,14,14,15,12,11,8,9,8,9,9,12,17,10,10,11,13,11,3,14,10,2,14,11,15,12,11,14,14,14,22,33,29,17,14,16,13,17,19,26,16,16,13,34,17,118,10,28,58,28,9,8,11,6,4,7,7,9,8,9,16,13,11,11,,16,18,43,2,7,14,30,21,11,,10,8,13,9,17,10,26,16,3,9,5,6,9,17,3,5,6,,10,6,7,7,8,10,7,,6,9,10,,9,16,13,21,14,,,12,,3,5,,5,4,3,2,,,17,32,7,9,7,15,19,17,20,8,10,10,8,5,12,3,7,5,9,4,4,9,7,2,6,10,3,10,14,10,29,14,16,11,6,17,12,14,11,16,9,25,,17,16,18,11,26,7,33,20,15,12,4,16,15,17,9,5,17,10,20,15,3,2,4,7,2,8,4,6,8,7,5,9,6,4,9,14,8,9,7,5,5,7,,11,8,9,28,6,10,21,9,6,3,7,5,42,8,17,4,15,15,10,20,3,3,3,12,10,10,3,6,8,8,5,5,2,13,3,8,17,5,,4,5,6,5,8,8,4,6,6,3,12,15,8,,8,11,9,10,5,10,10,9,6,14,9,,16,10,8,8,10,4,12,13,14,10,10,11,9,14,12,,17,15,11,16,15,14,13,,17,9,9,6,4,6,10,8,25,16,5,22,8,21,7,10,12,7,6,7,,6,22,8,19,12,11,14,8,13,8,10,7,9,13,13,11,4,2,6,5,3,6,13,13,6,32,28,12,17,19,11,,1,24,2,5,4,2,5,15,12,24,11,4,3,10,6,,12,3,8,10,5,10,6,6,6,8,13,13,11,7,12,15,17,12,8,19,9,14,10,22,18,8,12,15,10,16,26,27,24,9,36,28,21,6,14,16,12,,237,12,11,,12,24,23,16,19,40,38,,34,39,9,1,18,20,28,13,10,8,9,2,15,28,,5,,8,15,33,9,12,4,11,12,6,,9,1,7,9,42,12,,36,11,10,11,15,49,31,11,12,8,42,2,13,9,4,10,9,12,,3,5,3,3,8,8,8,10,4,3,6,3,3,3,8,9,18,15,16,18,19,9,6,9,23,24,5,13,5,8,10,10,12,11,13,10,14,10,9,34,16,,24,13,17,7,10,3,10,36,5,163,7,8,22,6,6,8,7,8,6,11,15,10,15,8,,,18,7,15,10,22,15,18,71,19,8,9,47,85,23,39,44,18,12,19,15,15,,9,13,,41,9,22,9,36,19,34,9,13,15,9,4,14,12,9,38,8,5,4,8,9,6,,10,8,10,14,10,16,6,19,28,20,28,17,25,22,12,19,16,13,41,8,9,,9,28,24,25,28,30,39,26,,23,20,22,18,5,8,3,21,11,16,16,24,8,26,24,1,1,20,14,22,24,31,20,3,8,3,3,16,15,15,11,2,5,9,5,20,9,116,16,16,10,1,2,19,19,14,8,13,34,12,12,21,9,99,57,54,26,7,9,7,6,11,10,7,5,18,12,21,12,7,4,6,4,7,4,8,3,2,,1,,18,7,5,9,1,,7,8,9,9,5,9,8,7,7,8,6,10,11,7,8,20,7,10,14,2,3,1,7,,84,35,70,65,2,16,2,6,1,19,4,5,11,17,20,19,3,3,6,4,8,9,4,5,5,4,8,11,36,50,7,6,4,19,12,9,2,17,15,14,22,12,12,,12,15,12,,11,8,7,13,26,13,9,15,10,4,7,7,3,11,13,8,3,7,7,23,24,,,3,4,6,13,13,11,8,10,7,15,10,19,15,7,17,51,11,21,13,10,8,23,15,8,7,10,,17,5,5,15,,18,20,10,22,13,8,,11,17,11,18,12,14,6,2,1,3,5,8,20,34,5,5,5,11,5,23,7,6,16,23,18,26,,4,5,6,7,27,17,20,24,17,7,14,8,22,21,14,24,120,3,3,14,24,8,8,9,4,11,9,7,22,10,29,14,4,3,3,2,5,7,7,3,3,3,10,6,,4,10,4,13,24,25,12,15,34,15,8,20,26,6,51,29,2,24,7,,16,,4,11,12,8,17,35,11,108,26,8,42,11,36,4,7,16,23,10,6,7,4,4,27,,6,10,7,25,30,4,11,8,,7,15,12,23,13,10,5,7,6,13,17,3,37,28,21,28,3,3,6,5,7,7,6,9,4,8,13,2,9,7,6,1,8,19,25,29,15,7,4,8,12,8,5,11,44,16,30,9,14,7,26,5,1,9,13,29,5,4,8,4,13,2,13,4,11,18,7,10,14,42,21,19,21,12,10,32,23,7,10,5,8,36,23,20,11,28,23,13,26,,39,20,13,26,26,26,5,19,20,30,1,2,30,3,2,,15,12,19,3,4,17,6,11,34,2,19,14,5,6,5,4,4,4,9,,5,1,3,3,7,5,,3,7,7,5,5,5,,9,10,6,5,4,75,5,16,13,6,6,9,4,11,,2,5,2,4,,4,5,7,7,,9,58,9,7,5,12,8,9,4,7,7,12,3,3,17,8,14,14,12,63,17,10,16,15,10,10,19,11,8,25,25,45,83,9,11,15,7,18,8,11,15,4,18,5,11,5,4,3,4,6,5,1,9,4,6,39,9,7,,5,20,2,30,5,6,5,5,7,5,3,5,8,1,15,19,12,16,13,6,1,9,6,23,21,16,13,22,43,,7,18,8,7,12,9,11,5,30,5,16,16,45,21,5,,15,3,10,5,19,9,12,4,3,19,8,16,20,14,39,63,50,13,8,7,13,11,14,14,15,16,7,15,6,3,8,5,7,12,4,,25,5,6,15,7,18,8,7,7,2,2,1,3,7,16,9,3,1,5,3,11,10,10,12,10,11,14,10,7,10,8,12,8,5,4,7,5,,10,23,9,11,23,11,8,18,1,27,,26,65,4,7,3,11,8,8,2,7,2,3,,6,4,18,14,2,5,2,5,10,7,10,16,4,12,1,6,3,3,8,4,2,27,14,11,15
20160416,13,SO2_24h,9,7,9,10,11,8,11,11,8,7,11,8,,22,28,23,30,20,29,,26,23,20,28,15,24,,26,25,25,31,26,18,32,71,59,58,61,70,79,23,29,14,20,19,19,14,17,128,20,24,24,17,21,23,7,6,12,5,7,15,15,21,19,19,16,15,16,14,53,14,39,17,36,17,18,16,40,46,11,,10,15,11,9,8,12,17,16,10,13,15,7,3,10,9,11,49,26,,23,24,22,22,27,,17,8,19,8,6,6,11,4,17,18,4,27,14,13,9,12,9,10,11,19,15,24,21,28,,13,37,31,25,30,15,32,18,12,11,10,10,9,10,11,11,18,16,16,17,16,17,4,17,12,8,15,10,17,11,9,16,10,11,18,21,28,17,13,18,17,25,27,32,29,29,13,42,21,144,13,30,62,29,12,12,15,10,6,11,12,12,11,11,24,16,13,14,,23,20,28,8,12,23,28,24,19,,12,13,8,11,14,9,41,28,11,20,5,5,9,16,4,5,7,,16,5,5,8,8,9,9,,8,10,13,,6,10,11,9,10,6,,19,,15,12,,9,8,6,8,,,13,18,7,13,12,15,10,10,20,15,14,30,11,12,14,10,13,10,16,3,5,7,5,2,5,4,5,13,8,6,12,9,14,17,9,13,11,20,19,17,16,30,,25,21,20,11,23,8,33,18,12,12,30,17,14,17,10,6,19,11,16,14,8,5,6,9,7,11,6,9,10,16,8,13,7,5,10,16,7,12,10,6,4,5,,11,12,12,23,5,6,20,8,6,4,5,4,24,7,13,3,7,6,10,7,6,4,3,14,8,11,4,16,7,8,6,5,2,13,9,7,10,5,,4,4,6,4,8,8,4,6,6,2,17,32,12,,7,11,8,10,5,10,8,9,5,5,5,,11,7,6,10,9,5,8,11,12,7,7,9,9,9,8,,10,13,6,10,10,8,7,,10,10,8,7,6,8,10,5,17,11,6,20,9,56,17,13,17,17,6,8,,6,14,7,19,10,7,14,6,12,10,10,8,4,12,8,10,4,5,5,5,3,7,16,13,5,19,28,11,15,24,15,,2,14,6,9,4,9,13,16,21,29,27,13,24,16,11,,14,5,57,11,7,8,6,8,10,9,17,10,9,4,9,19,23,15,14,23,14,17,13,25,22,12,11,14,11,20,19,18,10,7,30,23,24,6,16,21,10,,28,26,24,,22,47,39,36,17,33,36,,22,25,15,13,20,16,33,14,11,7,11,5,18,19,,8,,11,27,45,30,38,11,35,10,5,,14,7,9,29,58,32,,27,12,9,10,10,23,10,3,9,8,21,2,12,9,4,11,8,11,,3,6,3,3,8,8,9,10,4,4,7,3,3,3,7,6,9,13,14,12,9,10,5,10,23,25,6,19,29,31,21,25,26,14,18,12,14,15,12,21,19,,22,14,13,7,9,2,10,18,16,38,24,27,38,13,13,10,8,11,9,13,19,25,24,13,,43,25,9,18,8,22,13,23,104,22,10,9,56,96,35,48,58,14,10,15,11,11,,9,9,,21,6,15,10,33,18,20,6,11,14,10,6,15,8,7,38,12,7,4,9,8,8,,33,32,32,46,35,69,27,33,31,37,32,22,31,20,22,21,21,20,29,13,12,,13,32,26,11,37,18,29,11,,26,18,24,18,10,12,5,21,13,22,18,45,6,20,23,8,7,32,14,16,8,14,16,3,9,4,3,22,32,28,18,15,6,9,9,11,11,16,12,18,9,1,2,13,12,16,6,8,20,12,8,12,11,81,29,55,15,5,8,8,7,8,8,6,6,11,8,13,8,6,4,6,14,18,5,5,3,2,,3,,30,8,6,9,7,,9,7,12,7,3,6,7,3,3,5,6,5,10,3,3,21,5,9,13,4,4,5,26,,13,35,104,48,2,20,2,3,2,9,4,5,15,21,30,31,6,6,6,4,10,11,5,6,12,7,11,9,15,21,13,11,5,20,14,11,2,17,13,12,15,11,13,,13,16,16,32,10,9,7,13,19,14,16,17,11,6,10,11,8,12,15,14,4,10,10,15,14,,,6,5,7,13,12,11,12,19,14,30,17,9,12,7,16,26,19,16,16,11,25,41,27,18,25,16,,19,10,4,10,,16,15,16,33,21,11,,14,8,7,18,25,25,30,3,2,16,13,14,25,32,7,9,23,14,6,23,4,6,33,31,30,42,,6,7,7,12,25,15,17,18,25,12,24,10,17,16,15,23,17,3,6,28,20,12,8,9,4,10,12,9,12,10,34,10,7,5,3,2,5,11,11,3,4,5,14,7,,7,10,4,12,21,29,15,21,39,19,8,20,28,15,27,28,6,37,12,,22,12,16,24,17,9,29,31,39,43,59,12,54,27,27,12,6,28,22,10,5,10,9,9,23,,15,18,17,20,15,8,12,10,,7,25,9,7,15,15,10,5,5,9,17,21,15,18,16,16,2,3,12,6,7,9,6,7,2,5,6,1,5,5,4,3,8,16,26,28,27,31,18,40,40,39,3,43,103,40,27,12,11,7,21,9,16,9,17,17,9,9,9,20,29,16,9,4,6,9,21,34,38,46,30,23,25,20,20,37,29,16,18,23,15,22,19,16,14,77,30,23,28,,44,24,16,34,34,38,21,17,22,31,12,2,14,10,2,,8,15,19,10,7,16,8,11,43,29,28,17,23,8,9,10,4,7,10,,5,4,5,4,7,9,7,13,10,10,12,8,6,,23,23,33,24,5,54,20,21,23,4,6,7,4,14,,14,30,9,17,,7,15,18,32,,14,61,24,14,5,10,9,8,17,5,6,11,3,3,14,12,16,28,11,15,16,17,44,58,10,12,18,11,4,11,11,19,49,10,12,10,13,8,7,7,11,4,10,10,15,12,8,10,11,12,16,2,13,9,9,27,20,14,,9,12,4,32,6,4,7,5,6,3,2,5,7,2,24,21,11,25,39,6,19,11,9,19,12,9,6,11,28,,7,23,7,7,17,13,13,9,19,21,14,14,33,9,7,,17,8,5,5,16,9,13,3,3,15,7,11,35,30,23,24,32,15,13,6,9,6,11,7,7,14,7,17,5,5,8,4,6,12,5,,21,6,9,11,7,16,5,7,4,3,6,5,4,4,16,7,3,2,7,4,11,11,9,5,6,11,17,8,7,17,9,4,8,4,5,10,4,,12,19,15,12,21,11,9,21,1,30,,4,30,4,19,6,8,13,8,2,7,1,3,,5,5,10,13,4,6,2,9,14,9,9,11,5,12,5,6,3,7,12,7,15,51,14,15,13
20160416,13,NO2,10,2,2,15,12,14,17,9,6,19,6,11,,16,20,11,19,17,13,,20,24,20,12,18,15,,16,19,9,15,17,5,26,61,37,38,33,65,40,35,54,69,56,74,34,26,20,39,16,3,38,9,5,12,9,14,7,6,18,6,11,5,5,5,24,12,9,17,21,31,30,13,9,22,19,29,26,23,11,,9,4,9,7,2,4,20,8,18,9,3,6,25,11,6,24,26,23,,23,66,22,27,32,,24,32,29,12,27,17,19,22,13,24,10,62,43,68,28,45,19,16,18,21,27,40,52,16,,88,97,63,41,109,24,45,40,64,58,52,44,37,49,27,41,22,36,38,45,37,38,51,55,31,38,28,48,45,47,41,40,66,59,41,72,46,51,72,32,32,14,38,48,49,20,44,43,48,30,33,34,29,43,35,39,23,32,36,35,32,35,37,28,44,33,20,42,,36,38,30,48,39,58,53,21,55,,21,36,31,36,30,25,39,66,36,36,66,39,15,93,25,70,70,,82,76,72,16,16,23,35,,12,23,23,,60,61,70,63,45,,,36,,20,33,,23,16,10,18,,,44,46,36,27,16,26,64,56,50,29,27,16,19,29,33,29,35,20,38,17,64,85,82,65,89,29,17,19,23,17,17,13,21,17,9,15,17,25,22,26,30,11,,38,2,24,54,,57,48,19,13,18,43,42,45,38,28,21,32,36,31,25,14,7,26,15,21,13,2,17,11,8,8,5,5,9,15,20,27,18,9,8,39,31,,25,29,8,47,47,40,36,24,14,22,19,24,25,14,18,4,14,32,22,29,2,11,3,21,31,21,14,13,5,21,19,5,1,1,2,10,4,11,,21,13,21,14,8,19,29,26,11,12,14,15,10,,20,10,57,17,23,9,22,12,5,13,33,,37,15,47,15,47,16,25,29,13,13,51,20,42,36,37,,19,40,17,17,31,23,24,,12,22,16,30,4,13,18,25,15,41,16,33,9,4,7,2,23,9,17,16,,8,24,26,18,22,23,16,18,20,21,13,20,24,17,12,26,20,16,9,21,36,21,24,25,14,6,22,19,9,10,10,,15,29,23,25,43,3,12,24,14,14,9,20,24,25,18,,10,13,20,8,8,12,6,6,7,10,11,11,6,5,7,45,33,32,33,11,9,18,8,22,22,12,13,32,39,39,34,34,70,16,56,51,60,48,42,67,39,,10,11,20,,16,31,25,22,34,49,59,,38,49,19,28,72,31,15,22,43,38,14,29,33,32,,30,,20,28,39,30,29,12,41,37,46,,34,18,28,33,13,18,,17,20,24,13,29,29,52,56,26,19,26,7,5,10,5,14,3,3,,2,3,18,12,19,13,9,10,37,21,28,4,2,1,28,48,44,11,17,28,20,19,16,21,3,3,11,6,7,8,10,10,10,8,10,5,137,5,7,14,26,,15,16,5,29,8,27,4,2,15,12,8,6,2,7,6,11,10,11,12,22,33,34,16,18,,31,27,14,25,11,29,24,21,39,10,10,5,36,39,52,40,47,45,25,37,20,43,,11,16,,23,14,6,22,64,25,77,39,18,18,17,6,14,64,43,24,22,36,30,32,41,40,,23,22,14,10,33,18,11,13,17,1,13,6,7,12,12,25,17,24,36,11,6,,17,32,26,22,20,38,41,41,,16,16,20,13,10,16,13,9,17,12,10,7,15,8,7,2,9,7,5,3,2,22,1,6,5,4,4,6,16,4,15,,5,7,5,14,13,5,8,15,6,7,4,39,36,19,41,12,10,15,14,13,8,43,20,25,16,19,3,16,17,9,8,9,11,19,17,22,11,8,13,11,13,14,10,20,32,10,,10,,5,8,18,21,13,,10,11,11,2,12,13,14,12,10,13,18,16,13,5,17,14,22,19,15,6,13,5,9,,6,18,16,15,15,3,2,10,5,13,5,7,21,32,36,42,17,15,24,42,36,25,16,19,22,19,21,19,42,24,21,11,8,18,14,18,9,9,43,43,45,39,30,,42,56,48,,30,33,20,24,49,35,54,49,45,47,28,36,20,35,28,19,41,50,34,58,61,,,24,15,15,15,9,15,13,16,16,20,17,32,32,24,10,2,10,10,9,12,6,8,8,10,5,6,,7,11,20,8,,5,2,13,6,15,6,,5,9,9,10,7,20,15,9,10,17,14,11,3,8,16,17,13,6,2,4,6,4,17,36,28,39,,6,10,32,14,35,44,31,44,12,13,13,18,47,49,48,21,22,20,31,22,40,18,11,22,12,24,21,13,19,36,24,8,2,8,2,25,9,26,21,18,16,9,9,7,,34,27,15,1,45,33,12,11,5,39,20,3,11,55,132,64,34,13,23,,33,,27,34,16,19,23,30,45,38,51,33,54,25,74,2,50,39,32,27,8,41,50,58,49,,32,10,57,34,48,24,23,27,,17,56,39,45,47,33,32,33,17,31,18,14,28,34,24,23,2,14,5,16,19,24,12,8,40,55,41,14,16,3,16,26,1,8,3,16,3,4,10,13,7,4,6,15,17,15,16,5,9,10,8,10,10,15,10,11,9,7,3,6,14,6,15,8,17,23,2,3,30,31,14,20,31,8,31,13,18,15,12,16,9,23,24,27,23,22,51,23,12,,11,9,17,14,15,43,13,21,13,28,15,23,26,12,12,,18,11,13,13,13,12,10,27,44,9,8,9,5,35,11,5,17,8,4,,17,11,12,14,1,2,,2,5,28,7,14,22,,4,4,7,6,5,18,13,11,17,10,17,22,3,17,,11,13,24,25,3,8,5,3,1,,3,11,3,8,2,3,4,12,22,22,7,20,8,14,20,11,16,6,2,13,11,7,8,9,6,2,8,4,6,17,13,3,12,5,10,11,20,14,23,18,14,10,19,15,12,11,9,8,15,14,7,8,7,5,1,6,23,13,,13,10,5,10,15,10,20,29,8,9,6,15,10,6,4,5,12,5,9,5,7,13,13,11,14,13,17,18,31,,15,27,30,18,11,8,11,6,4,7,18,13,15,10,15,,35,19,23,2,8,7,9,18,16,8,20,3,9,12,7,5,10,2,6,30,22,15,18,58,23,12,7,,35,22,8,5,5,14,4,,11,5,2,13,11,9,15,16,17,2,11,3,7,8,14,9,9,6,12,7,5,13,18,18,12,3,5,7,7,8,27,5,1,4,7,39,11,,5,7,2,21,14,4,14,10,15,15,,21,28,1,5,2,7,8,7,5,9,2,2,2,40,25,11,12,6,12,13,12,4,14,13,21,23,21,,6,4,15,10,7,1,12,27,10,51
20160416,13,NO2_24h,33,27,31,40,42,41,52,46,31,50,31,30,,54,52,31,50,46,55,,62,73,50,51,47,49,,39,28,28,31,30,18,20,73,82,62,85,84,83,24,49,69,52,49,37,41,25,48,35,28,73,31,30,45,18,20,16,14,25,25,24,23,21,15,53,46,40,49,63,59,52,24,32,25,44,38,47,33,18,,9,16,18,19,7,18,30,12,26,14,13,15,31,18,12,24,29,30,,27,64,28,38,37,,27,28,33,13,21,19,22,23,16,31,15,61,43,54,37,47,19,17,25,24,42,36,38,28,,82,89,53,30,80,28,48,31,51,41,40,39,41,32,30,25,20,31,36,37,46,32,47,53,31,32,33,43,34,42,41,40,38,42,29,33,26,40,39,24,29,18,36,42,45,26,45,38,44,39,33,36,27,37,31,46,29,23,48,52,32,40,36,22,46,34,16,35,,38,36,28,43,29,54,49,19,50,,16,44,24,26,27,23,43,63,34,29,47,43,12,55,20,47,58,,49,36,49,15,16,18,32,,10,24,27,,59,83,57,30,18,37,,35,,29,38,,40,22,22,22,,,43,34,27,45,32,36,29,26,31,41,44,22,25,44,69,44,38,10,41,31,59,57,68,52,66,12,48,51,33,26,26,10,27,46,14,31,26,27,25,29,34,12,,35,9,20,19,9,40,22,16,16,17,26,43,50,34,29,24,30,38,30,23,19,25,37,30,31,28,18,25,33,26,18,28,11,23,16,41,37,24,25,17,50,42,,39,45,35,53,50,25,49,35,24,31,28,35,34,17,54,8,17,28,31,26,27,28,10,53,50,53,39,33,10,45,47,15,9,9,6,19,16,16,,33,29,38,36,36,17,23,23,12,12,30,25,25,,32,17,47,16,25,45,40,36,6,12,18,,26,14,34,18,24,16,26,30,24,15,46,21,27,33,21,,28,51,34,38,44,41,42,,29,20,12,45,13,22,16,26,30,51,19,31,17,11,17,6,31,21,16,34,,11,45,19,37,31,42,30,29,34,39,19,26,22,16,19,40,29,27,13,25,33,22,21,29,12,5,25,28,27,30,29,,42,40,41,48,35,14,25,30,30,19,28,27,33,37,22,,8,13,34,16,15,10,12,12,12,16,16,13,11,8,11,29,29,20,20,14,10,24,13,28,26,17,15,37,33,39,47,50,51,19,35,33,34,34,23,36,37,,22,23,27,,23,36,27,25,31,45,45,,37,28,14,27,51,25,10,22,30,15,11,15,14,17,,18,,19,27,30,35,24,26,36,22,9,,22,13,19,40,21,28,,23,24,29,19,32,26,25,21,23,21,26,9,6,10,7,17,5,3,,4,5,20,28,34,11,18,14,21,15,14,6,4,6,34,52,47,16,20,25,29,29,28,25,4,7,17,18,29,38,21,23,26,14,20,13,26,12,15,17,31,,29,22,8,27,15,29,8,6,48,38,33,37,23,24,8,13,10,14,15,16,22,35,18,15,,27,33,17,26,12,29,20,25,54,14,12,7,40,50,44,47,50,33,20,34,20,30,,10,20,,24,18,10,17,70,28,48,25,24,21,20,10,20,28,27,19,12,29,18,21,22,40,,28,25,15,10,34,18,4,39,26,12,39,28,23,27,24,31,25,31,47,20,19,,24,41,35,33,17,27,27,27,,25,26,27,17,38,46,41,33,43,39,31,21,34,22,10,10,15,14,12,12,6,22,3,17,16,21,5,8,45,26,41,13,10,13,17,12,19,16,14,25,10,8,6,27,29,31,27,14,17,22,20,16,11,46,16,33,27,7,5,18,21,15,18,17,21,27,21,40,20,11,25,22,36,20,19,31,40,19,,26,,9,14,26,29,35,,26,18,18,6,31,38,40,10,20,34,40,24,32,35,41,19,37,33,28,9,14,9,19,,7,19,30,19,14,7,2,12,12,29,19,17,23,32,27,35,18,16,9,10,28,26,13,13,22,32,17,23,30,12,17,9,7,23,10,12,10,12,39,49,37,33,31,,33,36,49,41,36,38,21,20,37,31,43,29,27,29,19,44,32,20,18,28,49,41,31,49,57,,,28,23,15,15,9,13,14,22,17,22,19,37,39,34,8,16,14,8,14,13,20,23,16,19,22,12,,15,21,23,8,,8,3,21,15,24,19,,14,10,11,10,19,31,24,9,10,20,23,20,16,24,21,21,28,7,4,8,9,4,35,40,35,53,,6,11,19,18,27,42,18,34,19,18,21,23,34,38,37,22,26,20,28,37,46,32,19,28,18,40,34,28,11,20,20,8,2,11,2,34,13,33,33,18,22,13,17,7,,35,28,18,10,33,49,23,21,12,31,21,11,12,63,29,43,30,34,21,,27,32,18,32,10,22,28,30,35,41,56,41,43,33,68,9,54,35,36,27,11,34,44,36,38,,23,17,57,28,16,25,22,29,,17,59,38,39,27,37,29,40,24,39,20,29,31,32,32,20,2,19,19,15,31,46,37,20,26,47,41,4,10,5,20,16,3,16,10,19,13,15,18,32,31,20,7,22,20,24,19,5,11,8,8,13,13,17,22,19,23,19,3,26,24,12,13,10,15,12,18,19,37,31,29,32,43,18,39,17,21,27,33,28,24,22,28,32,21,21,48,19,24,,20,20,24,23,25,55,22,21,14,32,34,29,22,14,28,,16,11,14,16,19,18,16,25,24,31,24,23,25,44,20,16,14,9,3,,12,9,9,14,5,24,19,21,21,32,19,28,26,,12,11,17,12,13,31,27,22,36,12,12,13,3,13,,24,25,34,33,4,14,13,12,3,,16,14,11,19,5,10,21,16,16,30,17,28,7,13,17,18,18,15,10,21,24,12,15,20,11,22,10,13,14,28,38,8,15,12,17,16,30,20,27,15,18,12,28,16,18,19,11,20,25,21,19,9,23,22,19,6,25,16,,17,20,25,27,35,22,17,42,17,12,4,22,29,24,7,8,14,11,13,8,8,16,33,27,10,13,9,12,23,,16,31,22,27,21,13,14,11,17,16,15,13,13,10,20,,32,17,12,3,10,6,8,15,26,27,18,4,25,33,14,14,18,21,21,39,26,15,15,39,33,8,7,,23,22,14,16,17,19,10,,23,5,6,22,14,12,20,28,21,22,32,21,22,9,16,7,9,12,23,12,5,32,24,21,12,13,13,28,29,16,40,6,6,9,22,60,25,,8,8,11,26,9,4,14,13,14,18,,31,53,7,16,13,19,31,32,13,17,4,4,3,42,36,10,28,32,37,19,42,44,42,26,34,25,19,,12,2,13,25,17,23,25,51,14,63
20160416,13,O3,82,86,86,80,81,75,81,71,63,68,89,84,,71,75,24,74,71,95,,64,65,71,83,46,82,,88,39,71,86,72,49,57,34,63,53,64,32,58,92,70,81,91,71,67,67,70,62,99,97,110,80,94,61,96,95,92,96,79,87,87,99,87,94,62,76,78,96,73,87,73,77,86,71,86,61,69,53,55,,57,63,60,52,60,100,77,89,100,110,79,82,82,80,86,99,128,124,,154,71,134,124,122,,149,94,92,104,82,119,115,107,107,97,97,78,73,51,101,77,101,145,99,99,119,32,9,116,,14,20,60,36,26,62,28,54,65,54,59,73,67,59,75,70,69,28,34,46,50,40,48,25,52,68,64,45,56,51,68,58,45,45,48,36,50,15,30,81,85,101,101,50,47,56,46,37,47,55,9,34,33,42,74,76,66,83,69,89,85,46,57,47,60,49,56,39,,44,44,2,40,17,30,38,46,23,,33,28,59,57,60,75,32,20,44,30,23,20,48,19,37,12,16,,20,10,12,86,81,94,73,,107,84,68,,22,28,21,43,36,,,46,,62,59,,79,73,86,86,,,25,35,20,61,109,65,20,22,28,51,37,44,56,49,47,50,214,62,51,42,21,19,34,18,2,79,53,102,71,99,92,105,60,76,86,96,109,42,50,48,38,44,,39,60,119,84,83,73,49,116,79,85,85,76,56,71,58,75,32,50,54,78,58,88,73,75,58,100,63,76,92,111,72,127,107,108,92,96,97,90,102,93,38,36,,23,17,50,10,26,31,19,36,47,64,54,47,17,45,91,32,67,36,50,50,71,23,78,45,53,49,60,48,70,52,58,53,55,62,60,55,61,42,,44,49,50,53,56,58,43,53,39,44,70,68,66,,162,185,87,120,160,157,193,159,98,126,55,,74,77,87,99,67,108,90,92,100,94,65,102,70,101,76,,101,131,87,101,93,97,110,,96,59,117,111,118,114,118,115,126,121,126,127,137,136,140,136,133,105,121,129,,132,110,109,95,96,101,91,91,78,110,104,69,80,121,99,100,90,86,150,90,79,70,45,63,80,50,88,70,105,90,74,,24,43,70,45,65,38,91,73,86,91,102,85,93,89,77,,152,83,86,60,93,80,94,77,90,105,89,82,64,98,92,100,101,99,86,130,167,132,136,116,134,150,108,105,58,118,44,38,18,34,42,42,61,29,30,37,55,,77,79,52,,77,40,29,35,33,65,35,,49,49,44,62,48,34,78,68,53,64,71,71,70,72,,95,,88,41,28,38,62,44,54,52,56,,54,200,80,97,112,99,,41,37,14,49,36,70,125,65,106,80,70,77,55,56,88,92,45,60,,62,74,37,49,48,56,58,63,26,32,21,68,52,70,22,18,22,124,101,134,76,89,100,101,80,18,100,137,74,92,86,72,79,100,86,91,74,95,77,91,112,,109,72,98,83,66,64,92,71,91,99,91,105,113,105,84,78,54,41,98,57,84,82,111,103,,137,145,160,110,161,134,129,130,101,129,158,166,99,105,97,111,111,102,104,104,124,81,,136,86,,74,100,111,49,59,52,17,78,79,76,84,95,96,16,44,65,34,37,15,37,30,42,,22,43,32,25,54,66,60,92,,117,85,103,122,87,95,77,85,40,70,99,90,,71,56,82,42,70,48,51,19,,105,46,98,109,110,87,93,92,106,109,105,94,99,104,144,121,126,127,95,76,81,83,24,46,93,100,101,82,130,132,129,179,96,124,96,183,146,101,143,146,158,62,69,64,49,73,47,54,62,62,100,91,90,66,98,138,146,114,113,133,96,30,21,89,81,85,147,120,82,84,87,139,61,78,80,107,119,103,,110,,140,128,90,90,103,,156,119,119,118,119,108,125,106,109,105,101,128,104,118,115,89,107,102,92,111,112,86,85,,103,100,106,95,87,103,56,124,60,80,79,109,72,75,41,37,73,71,102,81,82,96,112,117,117,120,106,77,96,110,92,65,68,93,96,97,97,120,49,60,46,58,73,,53,,44,,72,69,26,4,26,33,63,27,67,27,9,46,31,,64,37,78,26,64,27,52,,,90,60,86,66,70,67,66,49,52,52,52,53,56,84,104,70,44,116,112,88,97,94,101,86,90,97,,95,98,56,55,,52,42,95,131,104,84,,41,106,94,87,74,59,100,103,106,107,107,93,94,50,60,78,81,115,94,43,126,117,68,92,59,48,,138,124,78,95,183,95,96,138,76,65,54,37,79,69,72,119,124,107,107,139,78,74,80,72,77,87,79,91,40,38,51,32,76,74,69,86,55,49,69,79,81,88,81,28,,31,22,59,40,29,84,77,89,,32,34,93,81,28,129,86,37,42,37,,34,32,3,38,47,41,55,52,58,10,47,33,68,45,21,2,16,16,83,61,79,85,21,59,27,,30,44,121,21,38,78,94,89,,14,82,19,18,37,44,45,29,44,42,53,141,39,34,43,42,,49,62,47,28,37,36,43,27,24,22,75,64,94,94,92,79,109,83,98,65,159,55,94,133,101,82,81,73,83,81,90,88,75,77,95,80,82,101,72,97,48,,98,88,83,72,84,74,54,112,116,85,86,61,57,58,81,82,89,69,71,86,71,98,79,69,62,65,71,58,58,116,,105,99,115,34,39,41,39,66,67,72,72,75,84,34,76,,64,80,119,96,117,99,122,76,74,85,107,102,73,97,94,86,78,99,78,,78,88,78,90,88,97,73,102,80,76,96,87,49,,104,106,101,103,129,97,101,91,102,113,88,84,71,67,,114,77,103,103,104,92,95,89,91,,95,107,92,92,105,90,123,208,22,110,147,88,47,39,106,117,107,119,121,128,149,107,104,103,137,142,79,54,85,77,167,142,131,141,146,100,103,114,121,49,113,57,110,106,105,112,110,87,88,92,86,85,99,102,103,118,102,109,,103,127,66,93,130,81,30,104,15,68,100,81,65,80,103,114,120,118,120,76,124,122,24,50,135,127,99,103,113,,42,156,149,14,130,119,120,101,29,102,94,127,148,152,117,,58,130,115,124,134,92,67,,70,180,29,71,105,127,158,187,167,161,144,108,225,72,61,91,129,60,29,78,49,130,144,86,105,99,107,,81,13,50,92,80,70,82,78,73,121,123,69,123,48,77,77,129,118,122,80,93,87,76,103,93,78,115,110,110,97,110,52,84,92,109,110,87,,94,90,132,88,111,105,123,126,26,65,,70,69,22,104,65,59,43,106,139,153,52,51,129,37,44,87,89,105,167,111,117,70,128,97,67,81,100,,99,100,102,125,122,80,84,41,87,20
20160416,13,O3_24h,146,96,149,168,158,136,130,101,84,68,144,137,,155,171,53,196,191,197,,171,128,190,142,106,206,,156,114,165,139,130,91,188,146,150,132,144,157,149,188,172,201,194,213,229,178,220,215,178,146,161,141,159,99,133,151,127,146,99,182,162,200,168,185,112,164,198,203,184,246,238,208,222,203,216,167,194,155,98,,90,113,104,98,109,114,154,155,100,142,81,89,92,90,88,99,153,152,,177,81,156,144,137,,175,150,138,138,143,159,158,154,150,141,127,134,115,108,137,113,131,151,135,128,151,110,152,122,,63,43,84,81,73,82,64,98,124,127,125,176,134,136,163,152,141,162,138,202,170,216,175,151,177,155,140,120,145,126,147,149,146,136,140,139,122,37,127,198,191,143,188,195,186,190,171,120,187,163,199,121,133,132,132,165,140,181,118,173,172,100,148,143,164,124,137,125,,106,123,74,107,137,134,135,195,120,,159,134,147,141,142,142,116,83,144,115,136,118,131,165,148,139,130,,181,142,115,123,127,136,135,,146,135,103,,75,42,74,115,128,82,,180,,158,158,,152,128,142,114,,,100,105,113,101,126,101,125,127,91,116,121,107,170,140,127,123,214,165,133,67,37,74,101,72,63,94,60,102,71,99,92,131,60,76,86,96,109,171,194,187,166,189,,180,206,137,141,118,111,133,150,100,120,148,237,144,239,190,210,150,166,161,254,96,121,112,103,114,138,100,122,108,111,72,127,107,108,92,96,97,90,102,100,38,36,,23,21,50,14,26,43,19,36,87,97,99,85,93,81,91,91,119,116,77,87,71,57,81,45,53,49,60,48,70,52,58,146,55,62,60,55,61,42,,51,49,51,53,56,97,71,78,97,118,70,68,66,,162,185,87,120,160,157,193,159,99,157,64,,101,77,93,99,101,108,90,110,113,94,78,102,104,101,116,,101,131,93,101,95,97,110,,96,93,160,138,160,145,165,148,146,160,152,127,137,136,140,136,133,105,148,178,,166,164,161,95,96,101,91,91,78,110,104,69,80,121,99,100,103,103,150,90,79,99,117,83,124,95,99,87,125,96,84,,25,43,90,49,109,40,91,73,86,91,102,85,94,90,77,,183,83,86,60,118,107,118,98,112,128,89,100,85,106,110,168,152,158,152,131,167,135,136,176,222,215,152,131,88,152,65,60,49,63,189,190,179,134,147,182,172,,243,261,148,,219,156,90,149,95,222,167,,126,186,147,206,174,170,188,162,149,182,137,178,119,187,,214,,190,192,158,193,219,210,228,108,133,,109,200,158,252,228,235,,52,41,24,67,45,92,125,101,106,101,93,94,67,67,108,111,112,73,,71,85,76,60,66,107,88,118,56,53,56,72,52,74,25,22,22,124,101,134,76,89,100,101,80,18,100,137,74,92,138,158,169,119,99,91,107,115,92,138,176,,160,126,98,83,66,64,101,71,139,127,129,157,155,157,137,131,85,116,164,113,154,134,167,171,,153,145,165,120,163,142,177,142,129,129,173,189,157,143,196,178,169,148,139,139,148,145,,170,100,,99,135,125,89,90,87,72,116,102,114,124,112,127,130,106,113,88,161,91,151,174,133,,46,64,47,57,77,87,112,149,136,170,125,166,179,131,210,208,181,93,208,178,164,,152,162,244,128,219,167,167,87,,131,146,132,137,110,87,93,92,106,109,105,94,104,104,144,132,139,140,95,76,81,127,107,46,93,100,101,82,130,132,129,179,140,262,115,183,146,105,143,146,158,82,93,101,86,83,85,54,62,62,100,91,96,68,106,138,146,132,113,133,96,52,55,104,81,85,147,120,82,84,87,139,61,88,84,107,119,103,,110,,140,128,90,90,103,,156,119,119,118,119,108,125,106,109,105,101,128,104,118,115,89,107,102,159,113,119,89,99,,118,126,116,115,150,109,70,138,62,91,88,117,167,236,209,352,109,89,154,143,122,122,144,142,181,177,185,143,179,199,189,139,84,103,124,126,100,122,119,146,143,148,155,,128,,126,75,151,138,85,16,163,137,136,166,245,135,100,150,129,,143,79,129,120,105,75,104,,,118,74,86,164,161,186,199,168,172,179,180,53,63,98,104,204,99,116,220,198,148,148,139,129,142,160,,154,161,61,58,,52,47,136,168,141,84,,46,122,118,99,95,99,136,103,106,124,123,104,101,60,94,110,116,136,125,43,126,118,115,141,98,77,,183,167,134,134,219,117,123,189,130,139,87,55,134,108,121,135,148,120,118,139,78,94,98,108,125,95,91,100,80,40,95,102,101,105,97,110,84,60,82,113,81,97,85,28,,112,102,108,61,124,166,82,96,,94,68,94,86,337,129,102,196,200,200,,144,133,109,167,155,155,210,210,115,92,110,60,113,113,31,37,54,28,83,86,92,223,118,151,91,,78,142,256,91,84,99,162,94,,141,265,94,75,83,70,60,68,94,66,87,141,74,72,68,78,,104,116,97,47,59,62,65,76,92,69,133,81,108,99,110,88,109,83,98,65,159,55,117,133,101,124,102,98,114,114,91,90,92,94,101,119,82,101,73,97,48,,98,89,92,79,91,82,70,117,125,87,89,169,164,166,196,187,218,174,139,180,144,205,269,170,179,161,185,159,177,146,,141,146,169,177,181,181,194,149,169,176,95,112,129,41,98,,69,105,145,119,132,116,134,129,123,113,107,102,74,97,130,121,103,133,96,,101,104,109,130,129,97,73,102,80,76,96,87,49,,104,108,102,103,129,97,106,91,102,113,108,127,90,81,,114,77,103,103,104,92,95,89,91,,95,107,92,92,105,90,123,208,22,117,160,88,47,47,114,117,111,119,121,128,149,111,107,105,144,150,90,58,97,102,168,142,262,149,146,101,103,114,128,49,113,57,110,106,105,112,110,88,88,95,93,91,104,102,103,118,102,109,,103,127,66,93,130,81,36,188,19,83,100,81,65,80,103,114,120,118,120,76,219,122,28,91,151,146,138,142,138,,47,156,169,18,156,135,136,119,41,102,107,142,150,153,117,,90,141,121,131,145,94,72,,89,180,46,71,105,130,158,187,167,164,156,108,225,96,91,148,176,90,48,103,80,149,157,101,130,121,130,,87,20,70,135,124,72,82,78,80,121,123,69,123,56,86,97,129,118,122,80,93,87,84,108,101,79,121,110,110,110,113,58,84,92,109,110,91,,109,101,139,116,143,112,142,126,60,76,,85,82,64,105,72,59,45,106,157,176,59,57,142,45,48,118,111,133,200,135,152,84,166,124,71,98,117,94,113,107,107,156,150,84,84,54,149,20
20160416,13,O3_8h,54,79,71,56,53,47,54,50,45,55,57,68,,68,73,24,74,74,84,,64,63,70,76,40,84,,71,25,17,67,61,38,87,66,70,60,49,55,55,116,68,96,114,105,66,58,67,66,77,69,78,57,69,41,87,85,82,87,74,68,73,84,74,66,46,46,56,63,65,76,71,72,82,70,79,59,66,53,40,,49,36,38,35,44,70,61,75,84,98,64,73,73,71,76,76,105,115,,124,63,116,101,105,,124,104,95,115,91,124,122,116,113,106,106,60,56,41,79,62,88,113,76,86,101,44,18,105,,24,16,59,43,25,57,27,50,83,78,69,93,64,80,94,92,89,30,29,47,35,36,43,27,40,60,48,34,52,44,47,48,53,45,54,54,56,14,44,98,95,79,91,39,37,40,36,34,40,38,8,32,36,43,71,62,55,88,44,59,79,32,55,46,57,41,53,40,,44,49,4,49,25,39,49,48,27,,38,27,66,62,64,80,34,22,41,28,14,14,45,32,18,10,10,,32,24,8,85,87,102,82,,110,86,75,,22,18,25,46,44,,,40,,58,58,,48,59,61,87,,,21,25,18,22,68,23,19,22,23,28,13,30,36,28,28,29,114,47,40,52,23,25,48,26,11,39,40,32,30,46,48,50,23,28,58,44,64,36,40,38,39,41,,39,48,129,120,108,89,106,136,89,106,106,60,38,53,40,62,34,37,38,58,42,67,54,50,41,73,44,47,71,96,48,93,68,82,67,73,69,65,71,74,13,12,,12,6,24,8,15,23,8,18,36,50,46,38,38,32,67,41,63,44,35,54,52,35,61,17,21,16,32,23,47,18,17,37,42,50,46,37,36,30,,20,32,25,24,32,44,36,43,43,50,34,42,45,,69,80,38,59,65,67,75,64,95,96,55,,66,61,55,47,43,69,59,51,68,55,34,65,45,65,44,,65,83,37,40,36,44,47,,46,53,81,86,95,83,84,94,100,98,93,101,106,110,110,111,103,75,95,84,,107,55,81,43,47,49,50,42,37,47,61,43,62,70,48,45,73,67,136,72,69,58,38,50,66,77,56,46,71,65,46,,9,16,36,23,57,24,68,54,62,72,77,61,66,64,52,,116,62,61,50,81,75,80,68,79,89,77,76,59,88,83,119,101,112,101,112,149,114,110,94,111,136,118,91,60,107,15,8,12,35,54,56,74,35,45,63,57,,73,71,46,,62,31,21,27,18,50,28,,31,43,52,56,49,35,78,77,73,94,78,88,88,76,,91,,79,32,30,36,65,42,46,78,112,,68,110,81,78,90,80,,39,33,13,42,34,36,61,58,53,63,56,61,43,54,75,71,32,63,,58,66,16,25,28,66,64,67,33,37,34,54,40,54,16,10,16,66,51,64,45,46,50,68,52,11,55,73,35,43,71,53,57,84,74,77,76,84,63,66,83,,85,46,60,44,32,38,50,49,48,50,63,52,70,75,80,76,52,43,101,77,91,89,122,114,,133,124,146,100,145,124,109,121,75,118,150,148,92,100,95,87,96,96,99,93,115,84,,136,69,,57,89,91,17,20,25,5,24,60,70,76,88,84,12,58,84,30,46,23,48,46,20,,15,22,19,23,30,38,83,40,39,57,36,48,74,48,81,66,76,37,49,85,77,,62,40,51,25,65,52,55,28,,61,21,57,64,70,47,55,55,72,77,78,68,78,84,116,99,105,105,75,64,66,70,66,30,65,56,89,67,90,84,71,179,60,89,50,122,97,77,97,99,101,65,70,18,15,22,13,37,37,44,58,63,52,35,49,64,71,65,58,68,48,19,33,42,49,30,52,37,23,60,38,57,32,39,56,76,108,93,,97,,89,72,34,43,42,,75,90,79,61,53,45,49,71,45,37,38,53,36,44,36,58,61,61,50,99,102,61,66,,83,72,68,77,86,94,56,105,38,58,65,101,60,71,33,24,76,76,136,20,105,108,122,131,113,104,117,92,108,129,95,68,64,80,88,90,86,105,47,43,46,60,68,,59,,54,47,66,68,25,4,32,34,58,39,81,34,23,30,23,,62,29,63,26,50,18,26,,,82,56,66,68,73,72,70,54,57,61,59,27,22,66,85,70,38,49,94,82,68,66,80,69,58,61,,76,73,36,39,,31,25,85,113,90,34,,26,96,82,71,48,34,74,90,95,83,80,71,89,46,54,75,72,100,81,39,116,112,55,80,56,40,,137,124,88,92,176,88,100,128,65,61,47,33,74,59,65,122,130,94,100,44,28,57,67,63,65,51,54,65,44,35,52,35,70,69,61,76,46,42,69,56,65,76,50,22,,25,14,24,39,48,79,58,68,,35,32,64,64,24,92,85,42,25,45,,24,25,2,19,29,32,43,45,67,4,64,29,72,31,18,12,21,16,66,52,64,68,27,59,18,,20,40,97,17,61,50,62,88,,26,113,15,20,50,40,44,16,20,28,40,33,13,14,12,24,,48,57,48,30,38,40,43,30,30,24,46,44,66,62,60,70,62,49,54,43,98,35,82,79,71,92,69,64,76,78,54,55,56,54,55,73,70,81,60,76,36,,81,74,72,62,70,62,53,67,61,46,50,48,46,49,68,67,74,60,64,75,61,83,74,64,60,65,68,56,57,62,,49,52,52,42,53,58,48,67,68,71,39,40,60,22,44,,48,62,100,71,85,70,82,57,57,59,68,71,50,65,82,76,64,80,64,,60,66,62,73,72,53,46,65,46,55,62,58,38,,76,78,79,80,104,80,85,72,84,80,71,78,63,64,,95,64,67,81,68,59,57,51,63,,69,71,71,65,53,45,69,151,22,33,57,73,40,23,84,83,90,64,61,64,78,60,58,57,67,59,58,33,51,36,87,103,35,88,93,57,49,51,60,23,57,29,53,56,58,63,66,32,36,37,37,51,36,43,43,69,56,64,,54,51,29,53,88,64,19,158,12,63,75,45,29,28,52,54,66,57,64,39,64,58,16,42,76,62,64,55,60,,28,86,119,11,91,84,87,72,11,42,74,96,94,99,94,,48,79,54,93,95,79,55,,32,100,20,12,54,66,105,100,106,87,87,35,91,60,46,23,32,44,15,74,50,84,92,68,84,83,93,,46,18,44,51,47,32,31,27,27,81,77,45,82,24,49,51,107,93,97,69,49,37,42,76,74,62,96,57,61,75,82,50,84,69,65,57,46,,75,68,80,58,105,83,78,87,17,52,,38,37,43,93,57,34,26,54,104,97,50,49,116,18,22,44,34,83,151,92,101,46,90,69,51,66,82,,54,99,92,75,78,31,44,32,75,9
20160416,13,O3_8h_24h,105,83,106,115,109,91,80,76,59,55,95,108,,102,118,37,116,121,127,,117,103,155,91,68,154,,122,86,139,115,103,71,159,132,121,113,117,117,128,166,132,159,164,172,181,139,174,175,143,126,130,116,131,86,111,115,101,114,81,155,143,174,150,164,77,103,116,131,148,205,196,188,193,180,172,127,150,120,80,,79,97,93,73,98,101,128,99,89,102,64,83,82,76,82,88,139,133,,160,65,137,129,123,,156,139,123,131,140,151,148,141,145,130,108,118,107,95,121,101,112,129,116,108,112,69,101,110,,58,39,60,76,64,76,53,88,118,120,116,140,118,126,138,145,131,152,131,187,158,196,161,143,165,145,125,100,123,110,127,126,131,124,135,135,114,34,117,175,171,134,166,182,171,177,114,113,171,145,91,112,120,131,125,153,119,170,103,156,158,91,135,130,148,111,125,113,,103,113,60,89,96,114,115,192,104,,139,118,141,136,135,139,108,70,133,93,119,104,118,145,123,122,114,,150,126,102,106,116,118,121,,135,122,95,,63,39,68,115,116,74,,151,,134,139,,124,112,111,107,,,81,91,85,86,116,91,105,113,85,113,108,99,153,123,113,111,114,150,126,70,44,82,112,92,88,82,60,84,52,74,68,102,56,40,69,59,96,168,187,187,156,184,,174,198,131,137,114,106,126,146,94,118,138,213,131,214,178,185,131,152,146,225,82,101,97,84,99,115,88,99,100,96,49,93,77,82,67,73,69,65,71,75,14,13,,12,9,24,9,18,41,8,30,82,90,79,77,75,78,68,78,118,112,68,81,52,50,61,17,21,16,32,23,47,18,17,53,42,50,46,37,36,30,,42,44,44,42,38,89,68,75,88,109,35,42,45,,91,102,53,82,102,103,115,95,102,143,66,,86,67,59,56,70,69,62,83,72,55,53,65,74,65,67,,65,87,64,72,70,59,67,,61,68,132,122,144,123,148,131,120,132,111,111,111,126,123,121,120,94,141,162,,161,151,153,48,50,63,52,46,45,54,70,51,62,70,57,58,84,77,136,79,76,86,63,78,116,156,90,80,118,82,79,,15,39,75,45,96,38,68,54,62,75,80,63,67,64,57,,173,62,61,50,106,90,108,89,101,121,85,95,82,105,105,157,142,151,136,126,156,127,129,157,189,202,136,122,75,140,68,69,54,68,182,179,180,118,129,162,157,,195,208,138,,204,131,77,127,99,212,164,,113,170,129,184,148,150,186,133,127,151,114,147,114,156,,182,,162,174,141,172,207,190,212,112,148,,96,150,141,196,190,195,,59,54,16,77,42,89,117,116,119,119,96,79,56,70,94,93,42,73,,69,81,62,54,55,117,109,118,53,47,51,67,48,67,21,15,16,101,60,90,74,78,73,106,52,11,72,117,58,81,138,151,162,108,88,83,92,115,76,137,175,,156,119,91,69,61,70,95,50,85,91,96,114,111,125,125,119,80,104,139,102,129,115,151,156,,140,129,153,106,155,137,161,136,104,121,166,176,139,127,171,150,153,138,131,132,136,131,,156,93,,95,124,122,83,82,76,64,116,92,104,114,105,114,68,95,92,79,149,80,145,161,125,,41,59,43,59,63,83,87,87,99,114,84,113,134,87,179,177,157,79,171,172,161,,150,149,226,118,200,145,151,80,,108,129,118,119,70,47,55,55,72,77,78,68,83,84,118,112,114,125,75,64,66,70,107,31,70,56,110,67,90,84,71,179,123,182,106,140,107,90,108,110,118,77,88,85,64,70,69,44,48,47,81,71,79,60,105,122,134,98,75,79,64,29,46,91,64,45,80,55,36,66,38,57,46,68,74,76,108,93,,97,,126,80,49,52,61,,112,90,97,90,80,90,90,95,64,54,55,84,75,71,56,58,61,61,156,110,116,85,92,,109,119,108,111,134,105,65,130,59,77,77,108,149,200,204,214,92,80,148,147,114,113,136,139,168,164,179,138,160,178,192,140,80,99,119,122,93,112,111,127,130,117,120,,110,,104,84,122,111,78,13,133,114,124,150,224,117,79,132,112,,138,72,122,67,84,53,82,,,110,72,66,139,136,158,155,155,161,167,167,53,67,92,85,182,86,56,170,179,123,120,119,110,123,132,,134,136,69,67,,60,47,114,141,123,84,,46,118,113,97,90,88,125,90,95,118,116,99,97,53,83,96,104,132,119,41,118,112,86,124,86,72,,174,153,118,122,208,110,120,167,121,105,80,52,118,95,109,122,139,111,103,91,44,81,88,96,111,87,89,94,77,37,91,93,94,95,82,108,77,60,82,110,80,91,81,22,,105,89,108,58,117,142,78,91,,87,64,84,78,292,92,98,178,172,187,,135,126,99,151,142,119,183,182,82,63,89,56,103,102,27,32,26,29,80,76,89,154,94,147,81,,71,142,184,74,82,96,158,88,,112,181,88,43,74,63,59,70,91,85,94,33,78,77,75,76,,105,121,98,30,41,42,51,56,68,53,109,75,106,97,109,70,62,56,68,43,98,40,82,79,71,92,69,75,77,78,62,64,64,63,66,119,70,81,60,76,36,,81,74,72,62,70,62,58,82,102,81,79,148,146,146,170,162,190,150,128,170,129,187,204,155,160,150,169,147,161,138,,130,134,155,155,158,163,169,139,159,167,84,105,116,38,91,,60,94,129,105,116,102,120,120,112,95,76,75,65,72,122,114,104,130,88,,90,94,98,122,119,53,46,65,50,55,62,58,38,,76,78,79,80,104,80,85,72,84,80,89,101,78,72,,95,64,67,81,75,72,57,51,63,,69,71,71,65,53,45,69,167,69,108,128,85,42,38,104,109,101,93,104,99,117,99,93,88,118,130,64,54,80,83,143,121,200,133,130,99,88,102,124,34,72,41,77,86,81,83,88,62,60,65,66,72,79,66,71,82,59,68,,60,51,38,61,88,64,26,184,16,77,106,60,37,42,71,77,78,70,82,63,119,105,25,67,144,140,128,136,130,,44,98,158,15,140,128,125,107,30,76,85,116,141,143,94,,68,136,116,128,142,92,74,5,74,161,42,56,96,115,142,159,153,160,147,89,165,92,86,119,148,94,52,96,62,142,153,98,122,115,125,,85,21,61,126,113,67,76,70,69,104,101,51,103,52,70,84,107,97,108,75,95,74,73,103,97,71,112,89,88,101,106,55,84,73,93,85,86,,102,96,135,84,138,109,138,99,44,75,,78,76,51,103,64,54,44,98,149,167,56,55,123,40,44,109,101,128,190,124,140,76,153,102,66,89,109,94,105,102,103,132,129,79,78,45,151,9
20160416,13,CO,0.3,0.2,0.7,0.3,0.2,0.4,0.3,0.2,0.2,0.3,0.3,0.3,,0.443,0.624,0.868,0.857,0.515,0.788,,0.841,1.256,0.305,0.55,1.145,0.537,,0.29,0.297,0.194,0.348,0.6,0.158,0.326,2.621,0.52,2.536,0.877,2.968,0.85,0.636,0.659,0.57,0.788,0.859,0.567,0.339,0.536,0.5,0.28,0.399,0.274,0.333,0.15,0.237,0.026,0.27,0.249,0.432,0.557,0.257,0.425,0.199,0.303,0.325,0.171,0.017,0.292,0.49,0.76,0.711,0.52,0.335,0.275,0.403,0.349,0.322,0.53,0.56,0.638,,0.291,0.384,0.996,0.344,0.912,0.538,1.287,0.599,0.285,0.796,0.767,0.239,0.371,0.479,1.284,0.904,0.735,0.77,,1.181,0.628,0.785,0.735,0.619,,0.666,0.634,1.147,0.762,0.819,0.869,0.567,0.76,0.676,1.067,0.34,0.984,0.803,1.167,0.828,0.921,0.732,1.047,0.684,0.72,0.824,0.365,2.571,0.989,,1.375,1.357,1.037,2.119,1.914,1.069,0.812,0.962,0.56,0.721,0.765,0.527,0.853,0.625,0.432,0.721,0.703,1.367,0.852,0.679,0.038,1.086,1.099,0.973,0.514,0.782,0.591,0.959,0.798,0.891,0.677,0.667,0.996,1.125,0.622,0.78,0.67,0.788,0.411,0.883,0.828,1.11,0.957,1.058,1.543,1.37,1.254,1.416,1.341,1.379,1.556,0.725,0.978,1.067,1.196,1.372,1.556,0.902,1.842,0.905,0.639,2.432,0.7,0.689,0.891,0.571,0.764,0.625,,0.919,0.67,0.794,1.404,1.435,1.088,0.996,1.317,1.768,,1.857,1.091,0.801,0.916,1.034,1.021,2.095,1.79,2.114,2.007,0.787,0.851,0.375,0.71,0.557,0.827,0.913,,,1.06,1.346,0.656,0.532,0.672,0.72,,0.578,0.648,0.816,,0.901,0.937,0.997,0.866,0.612,,,0.717,,1.455,0.719,,0.668,0.554,0.894,0.439,,,0.809,0.935,1.475,0.844,0.758,0.974,0.964,0.729,0.717,0.78,0.751,0.758,0.656,0.903,0.856,1.573,0.917,1.072,1.787,0.54,0.772,1.366,1.277,1.225,1.725,0.645,0.718,0.744,0.761,0.689,0.976,0.7,0.808,0.708,0.859,1.037,0.812,0.616,0.721,0.465,0.706,0.608,,0.509,0.476,0.665,0.822,0.789,0.711,0.537,0.532,0.256,0.94,0.729,1.594,1.301,1.789,0.941,1.015,1.426,1.21,0.899,1.037,0.454,0.384,0.644,0.56,0.584,0.772,0.625,0.549,0.5,0.59,0.272,0.653,0.549,0.554,0.565,0.344,0.411,0.337,0.637,0.564,0.924,1.327,,0.666,0.715,0.982,1.419,0.903,0.854,0.827,0.877,0.289,0.563,0.564,0.857,0.484,0.645,0.556,0.594,0.606,0.735,0.728,0.641,0.67,2.348,0.619,0.415,0.935,0.902,0.612,0.738,0.426,0.626,0.754,0.729,0.564,0.665,0.539,0.621,0.59,0.552,,0.654,0.491,0.729,0.495,0.518,0.991,0.679,0.656,0.664,0.262,0.803,0.774,0.518,,1.204,1.097,1.299,1.261,1.228,1.115,0.937,0.986,0.325,0.653,0.652,,0.7,0.305,0.27,0.184,,0.443,0.49,,0.471,0.692,0.498,0.449,0.172,0.155,0.248,,0.667,0.352,0.567,0.798,0.411,0.523,0.839,,0.575,0.574,0.14,0.46,0.145,0.2,0.38,0.416,0.44,0.302,0.324,1.218,0.47,,0.632,1.541,0.403,0.925,0.593,0.434,,0.249,0.414,0.643,1.315,0.548,1.3,0.631,0.901,0.701,2.18,0.763,0.699,0.5,2.73,1.391,,0.644,0.234,0.747,0.758,0.736,0.411,0.526,0.731,0.963,0.583,0.588,0.556,0.705,0.082,0.823,,0.304,0.633,0.36,0.425,0.392,0.229,0.412,0.34,0.515,0.542,0.386,0.522,0.362,0.418,0.407,,0.29,0.259,0.586,0.602,0.684,0.663,0.477,0.59,0.688,1.225,0.633,0.496,0.3,0.444,0.425,1.429,0.81,0.547,0.528,1.393,0.701,0.056,1.916,0.875,0.525,0.241,0.919,1.335,,0.86,0.745,0.668,0.976,0.585,1.278,1.955,1.531,1.314,1.116,1.26,0.978,,0.546,1.207,1.102,,0.754,1.273,1.101,1.032,1.138,1.334,2.052,,1.303,1.499,0.999,0.773,0.751,1.114,1.037,0.537,0.319,0.744,0.549,0.486,0.695,0.587,,0.632,,0.337,1.468,1.728,1.059,1.602,2.126,1.245,0.626,0.511,,0.443,0.257,0.583,0.92,0.519,0.512,,0.887,1.008,0.344,0.949,0.676,1.213,1.548,1.628,1.076,0.918,1.143,0.656,0.82,1.153,0.656,1.343,1.664,0.53,,0.775,0.5,1.204,0.796,1.003,1.217,0.726,0.672,1.303,0.883,1.115,0.611,0.779,0.927,0.906,1.403,0.836,1.427,1.235,1.541,0.964,1.145,1.282,1.133,0.842,1.298,0.633,0.642,2.107,1.89,1.012,0.913,0.856,0.967,1.806,0.336,0.783,0.363,0.433,0.756,2.655,,1.398,0.642,1.158,1.669,1.678,3.216,1.882,2.97,1.223,0.345,0.481,0.494,0.05,0.025,0.504,0.681,2.037,0.452,0.885,0.613,0.795,0.877,0.667,0.543,,0.916,1.97,0.554,1.787,0.686,1.035,1.223,1.714,2.143,0.836,0.999,0.442,0.864,0.775,0.901,1.14,1.14,1.007,0.798,0.811,1.025,0.937,,0.604,0.849,,0.206,0.645,0.405,1.495,0.844,0.806,1.147,0.697,0.752,0.526,0.553,0.682,0.657,0.68,0.721,1.771,0.666,0.825,0.798,0.979,0.775,1.233,,0.74,0.892,0.807,0.632,0.781,2.197,0.791,0.896,1.461,2.07,0.221,0.925,1.271,1.822,0.278,0.574,0.867,0.718,0.975,1.2,1.693,,1.111,1.849,1.567,1.403,2.009,1.017,0.947,1.179,,1.043,1.585,1.162,0.786,0.365,0.111,0.17,0.56,0.415,0.653,0.568,0.755,0.723,0.38,0.608,0.685,0.462,0.375,0.7,0.417,1.549,0.363,0.416,0.036,1.634,1.272,0.772,0.619,0.755,0.58,1.106,1.088,1.354,0.74,0.834,1.211,0.994,1.165,1.087,1.323,0.922,0.649,0.501,0.797,1.044,0.492,0.696,0.503,0.305,0.307,0.57,0.315,0.487,2.508,1.604,1.165,2.224,,0.217,0.235,,0.362,0.19,0.309,0.232,0.906,1.041,0.628,0.831,0.399,0.261,0.793,0.193,0.663,0.498,0.095,0.534,0.335,,0.147,,0.652,0.296,0.508,0.53,0.933,,0.29,0.45,0.5,1.414,1.328,0.625,0.975,0.506,0.432,0.442,0.44,0.472,0.348,0.759,0.461,0.584,0.565,0.519,0.421,0.553,0.208,1.165,1.069,,0.684,0.474,0.531,0.499,0.958,0.776,1.016,0.406,0.35,0.491,0.437,0.409,0.799,0.844,1.476,1.472,0.492,0.298,0.489,0.78,0.658,0.324,0.546,0.354,0.567,0.048,1.533,2.625,1.316,0.488,1.178,0.65,0.545,0.423,0.839,0.794,1.29,0.762,0.554,1.067,0.866,0.862,0.743,,0.732,0.668,0.759,,0.862,0.833,0.727,1.019,1.01,0.725,,1.358,2.193,0.662,0.916,0.574,0.604,0.564,0.382,0.748,0.643,1.006,0.936,0.818,1.096,,,0.041,0.366,0.327,0.53,0.505,0.333,0.44,1.094,0.818,0.792,0.928,0.748,1.224,0.966,0.276,1.084,0.671,0.34,0.569,0.221,0.611,0.465,0.526,0.214,0.404,0.567,,0.426,0.357,2.081,1.653,,1.776,1.797,0.913,0.394,0.492,0.833,,1.119,0.291,0.31,0.35,0.418,0.84,0.777,0.272,0.186,0.332,0.414,0.427,0.454,0.196,0.41,0.46,0.656,0.367,0.634,0.352,0.556,0.231,3.549,1.597,2.557,1.174,,1.096,0.899,1.292,0.522,0.915,0.817,1.963,0.929,1.652,0.071,1.994,2.677,1.783,1.548,2.162,1.266,1.319,0.706,0.704,1.127,1.458,0.793,0.783,0.375,0.709,1.484,0.981,1.023,0.926,1.582,0.76,0.265,1.028,1.607,,0.556,0.389,0.769,0.843,0.879,0.62,0.594,0.252,1.014,,0.898,1.466,1.184,0.687,0.412,0.714,0.075,0.173,0.234,0.506,0.606,,0.466,0.729,0.856,0.747,0.563,0.658,0.892,,1.149,0.682,0.976,1.368,0.945,1.326,1.62,1.577,0.973,1.488,1.318,1.891,1.042,0.756,0.737,0.797,0.781,0.648,0.299,0.755,0.488,1.403,1.17,1.259,0.838,,0.579,1.154,1.245,1.094,0.638,0.478,1.424,0.804,,0.768,1.45,2.01,1.177,0.69,1.046,0.359,1.194,0.181,1.084,0.333,0.739,4.339,1.717,1.077,1.475,0.082,1.147,1.187,1.104,0.815,0.972,0.574,0.629,1.302,1.749,1.274,0.94,0.84,0.78,1.061,0.892,0.827,1.265,0.139,1.198,0.503,0.61,0.902,0.412,1.301,0.338,0.291,0.675,0.703,0.633,0.522,1.397,1.004,1.439,0.776,1.077,0.062,1.244,0.956,0.746,0.588,0.477,0.426,0.721,0.749,1.319,1.177,1.349,1.77,2.353,0.583,0.441,0.402,0.37,0.323,0.448,0.61,0.503,,0.6,0.809,0.753,0.644,0.195,0.359,2.181,1.636,1.32,1.024,0.834,1.54,1.032,0.505,,0.608,0.786,0.575,0.88,0.619,0.485,0.629,0.796,0.681,0.794,1.219,1.039,2.23,0.895,1.294,,1.078,0.865,0.904,0.44,0.483,0.614,0.42,1.039,1.946,0.964,0.479,0.182,0.303,0.292,0.927,0.919,1.681,0.697,0.471,,,0.696,0.655,0.732,0.641,0.25,0.2,0.562,0.76,0.684,0.624,0.856,1.027,,0.64,0.613,0.406,0.504,0.122,0.218,0.126,0.31,3.549,0.816,1.275,1.069,1.248,1.156,,0.307,0.627,0.751,0.564,0.857,0.183,0.608,0.861,1.545,,0.655,1.119,0.675,0.784,,,,2.091,0.634,0.87,0.5,1.031,0.889,0.508,1.56,0.977,0.854,1.094,0.891,1.256,1.781,0.897,0.85,0.722,0.494,1.042,0.819,0.771,0.717,0.639,0.699,1.024,0.81,1.124,1.1,0.411,0.066,0.604,0.769,1.524,0.636,0.675,0.909,0.296,0.13,0.291,0.33,0.304,0.352,0.369,0.499,0.208,0.184,0.216,0.227,0.243,0.311,0.587,,0.336,0.241,0.356,0.3,0.33,0.213,,2.058,0.999,0.265,0.08,0.637,0.444,0.481,0.274,0.345,0.332,0.214,0.302,0.047,0.591,0.123,0.603,0.315,1.613,0.654,0.599,0.781,1.172,,0.503,0.755,0.517,0.431,0.558,0.504,0.397,0.392,0.124,0.642,0.367,0.49,0.873,0.558,0.347,,1.026,0.141,0.882,0.327,0.303,0.997,0.125,0.379,0.488,0.207,0.541,1.416,0.523,0.586,0.739,0.465,0.541,,0.427,1.761,1.563,0.574,0.701,1.145,0.761,0.037,0.108,0.835,,1.738,1.376,0.872,0.781,0.322,0.38,,1.217,0.418,0.288,0.268,0.534,1.628,0.963,0.862,0.734,1.07,0.255,0.852,0.931,0.321,0.996,1.47,0.808,0.613,0.221,0.309,0.4,0.47,0.392,0.888,0.975,0.604,0.133,0.265,0.794,0.371,0.255,0.214,0.519,0.282,0.452,0.454,1.435,,0.935,1.315,0.573,0.856,0.589,0.336,0.319,0.442,1.54,0.264,,0.243,0.643,0.411,0.592,0.321,0.041,0.356,0.078,1.067,0.59,0.256,0.32,0.479,0.414,1.314,0.965,0.025,0.319,0.265,1.493,1.517,1.776,0.443,0.364,,1.069,1.334,0.818,0.361,0.897,0.257,0.669,1.053,0.294,0.937,0.671,0.612,0.92
20160416,13,CO_24h,0.692,0.546,0.957,0.692,0.629,0.696,0.633,0.717,0.65,0.658,0.629,0.596,,0.965,1.119,1.535,1.451,1.131,1.389,,1.633,1.374,0.991,1.183,0.927,1.151,,0.697,1.073,0.642,0.803,1.009,0.465,0.68,2.173,2.11,2.519,2.888,2.665,2.573,0.815,0.886,0.825,1.195,0.985,0.937,0.686,0.836,0.763,0.726,0.717,0.714,0.714,0.509,1.012,0.175,0.404,0.38,0.522,0.661,0.551,0.675,0.47,0.666,0.584,0.818,0.74,0.93,0.896,1.316,1.1,0.964,0.647,0.578,0.67,0.785,0.667,0.852,0.994,0.5,,0.355,0.474,1.151,0.535,1.084,0.696,1.287,0.526,0.354,0.835,0.575,0.273,0.324,0.524,1.301,0.917,0.771,0.913,,1.195,0.677,0.933,0.867,0.761,,0.781,0.683,1.241,0.922,0.818,0.91,0.625,0.866,0.714,1.034,0.347,0.92,0.784,0.991,0.752,0.847,0.666,0.848,0.704,0.706,0.849,1.221,2.028,0.738,,1.157,1.066,0.77,2.074,1.44,1.601,0.978,0.643,0.387,0.447,0.584,0.415,0.737,0.35,0.411,0.595,0.614,1.358,0.611,0.364,0.411,0.833,0.952,0.663,0.309,0.619,0.417,0.664,0.601,0.602,0.504,0.534,0.814,0.794,0.595,0.657,0.594,0.73,0.404,0.808,0.854,0.865,0.813,0.984,1.442,1.333,1.472,1.364,1.102,1.271,1.287,0.507,0.746,0.853,0.913,1.164,1.406,0.641,1.618,0.725,0.426,2.183,0.683,0.569,1.055,0.696,0.564,0.634,,0.509,0.462,0.599,1.041,1.144,1.266,0.726,1.251,1.774,,1.745,1.076,0.622,0.692,0.855,0.826,1.579,1.206,1.806,1.576,0.552,0.595,0.307,0.439,0.387,0.649,0.717,,0.663,0.682,1.047,0.503,0.459,0.546,0.552,,0.442,0.549,0.696,,0.87,0.978,0.84,0.466,0.357,0.273,,0.651,,1.317,0.632,,0.856,0.655,1.006,0.404,,,0.713,0.703,1.246,0.751,0.587,0.771,0.454,0.288,0.523,0.752,0.803,0.672,0.56,0.852,0.857,1.396,0.802,0.984,1.62,0.64,0.444,0.949,0.932,0.926,1.043,0.605,0.938,0.82,0.872,0.692,0.873,0.462,0.838,0.948,0.857,1.062,0.8,0.837,0.928,0.671,0.911,0.819,,0.751,0.708,0.683,0.687,0.713,0.624,0.487,0.471,0.299,0.944,0.616,1.509,1.214,1.688,0.83,1.09,1.397,1.179,0.886,1.101,0.664,0.616,0.878,0.694,0.881,0.96,0.855,0.744,0.75,0.797,0.572,1.228,0.758,0.861,0.829,0.734,0.777,0.616,0.962,0.889,0.952,1.324,,0.744,0.869,0.967,1.259,0.839,0.769,1.192,0.956,0.415,0.744,0.687,0.979,0.507,0.713,0.694,0.66,0.673,0.844,0.789,0.631,0.724,0.702,0.632,0.453,0.848,0.98,0.602,0.797,0.427,0.733,0.868,0.809,0.527,0.699,0.973,0.598,0.725,0.591,,0.781,0.638,0.862,0.663,0.7,0.772,0.691,0.697,0.707,0.338,0.94,0.823,0.667,,1.09,0.953,1.133,1.109,1.092,1.046,0.837,0.927,0.336,0.583,0.514,,0.584,0.275,0.419,0.267,,0.582,0.629,0.216,0.7,0.855,0.584,0.577,0.203,0.282,0.279,,0.912,0.536,0.719,0.937,0.552,0.681,0.974,,0.675,0.556,1.363,0.712,0.325,0.38,0.433,0.501,0.748,0.477,0.471,1.258,0.523,0.171,0.751,1.708,0.52,1.124,0.348,0.844,,0.183,0.479,0.535,1.487,0.776,1.452,0.739,1.109,0.872,2.384,0.84,0.735,0.506,3.123,1.519,,0.677,0.285,0.761,0.754,0.627,0.478,0.456,0.891,1.156,0.694,0.646,0.595,0.763,0.458,0.885,,0.622,0.74,0.566,0.681,0.368,0.377,0.74,0.696,0.927,0.951,0.804,0.876,0.776,0.76,0.823,,0.384,0.506,0.985,1.017,0.7,0.621,0.481,0.631,0.721,1.116,0.636,0.489,0.246,0.385,0.438,1.459,0.934,0.707,0.563,1.556,0.909,0.388,2.07,1.022,0.715,0.381,0.865,1.325,0.95,0.904,1.011,0.865,0.705,0.634,1.336,1.102,1.038,1.349,1.066,0.93,1.222,,0.904,1.49,1.427,,1.101,1.257,1.031,0.978,0.847,1.048,1.519,,1.202,1.243,0.738,0.55,0.586,0.903,0.695,0.565,0.454,0.637,0.588,0.477,0.656,0.641,,0.797,,0.465,1.048,1.163,0.984,0.699,1.89,0.577,0.489,0.376,,0.415,0.809,0.586,0.936,0.751,0.752,,0.969,1.117,0.524,1.159,0.777,1.224,1.202,0.868,0.917,0.815,1.075,0.619,0.755,1.139,0.579,1.325,1.631,0.536,,0.752,0.512,1.194,0.999,1.272,1.071,0.745,0.724,0.903,0.801,0.832,0.618,0.845,1.014,0.856,1.179,0.735,1.355,1.372,1.071,1.177,1.226,1.234,1.192,0.789,1.342,0.54,1.073,3.385,2.927,1.192,1.201,1.22,1.145,1.658,0.451,0.726,0.461,0.541,1.009,2.891,,1.687,0.841,1.341,2.005,2.01,3.312,1.978,3.36,2.206,0.819,0.978,0.899,0.631,0.73,0.513,0.726,1.982,0.615,0.947,0.664,0.804,1.297,0.846,0.609,,0.811,2.039,0.626,1.849,0.719,0.913,1.29,1.705,3.199,0.888,1.06,0.504,0.919,0.738,0.992,1.185,1.236,0.732,0.598,0.638,0.731,0.651,,0.493,0.912,,0.274,0.668,0.621,1.401,0.705,0.808,0.907,0.58,0.874,0.616,0.633,0.748,0.803,0.552,0.572,1.497,0.5,0.56,0.551,0.623,0.537,1.093,,0.705,0.844,0.871,0.602,0.797,1.929,0.707,1.321,2.368,2.557,0.953,1.62,2.299,2.332,0.575,0.686,1.292,1.066,1.302,1.439,1.997,,1.374,1.839,1.64,1.114,1.927,0.824,0.767,0.884,,1.214,1.546,1.261,0.901,0.871,0.593,0.698,0.999,0.816,0.947,0.895,1.012,1.071,0.636,0.896,0.951,0.809,0.595,1.246,0.763,1.642,0.534,0.092,0.479,1.834,1.742,1.063,1.383,1.398,1.087,1.709,0.926,1.29,0.807,0.936,1.089,1.149,1.309,1.219,1.481,1.014,0.747,0.55,0.611,0.946,0.717,0.591,0.602,0.481,0.422,0.689,0.385,0.579,2.762,1.362,1.266,2.215,0.056,0.398,0.36,0.12,0.497,0.314,0.471,0.336,0.98,1.08,0.724,0.863,0.445,0.443,0.868,0.393,0.842,0.567,0.859,0.84,0.657,,0.552,,0.818,0.429,0.728,0.775,1.077,,0.512,0.541,0.593,1.484,1.484,0.712,1.175,0.463,0.451,0.729,0.66,0.535,0.617,0.965,0.655,0.702,0.653,0.656,0.58,0.456,0.246,1.122,1.295,,0.528,0.456,0.695,0.438,0.852,0.769,1.005,0.384,0.406,0.671,0.529,0.564,0.718,0.659,1.192,1.172,0.522,0.371,0.437,0.175,0.604,0.371,0.466,0.364,0.708,0.179,1.577,2.716,1.226,0.426,1.244,0.715,0.569,0.454,0.817,0.773,1.287,0.784,0.432,0.943,0.687,0.661,0.586,,0.444,0.51,0.689,0.915,0.619,0.701,0.563,0.886,0.654,0.448,0.629,1.125,1.888,0.515,0.842,0.406,0.503,0.567,0.424,0.629,0.573,0.633,0.783,0.606,0.902,,,0.035,0.472,0.574,0.551,0.507,0.319,0.502,1.121,0.865,0.767,0.912,0.795,1.139,0.856,1.246,1.194,1.202,1.201,0.951,0.473,0.841,0.888,0.725,0.423,0.801,0.819,,0.723,0.494,2.16,1.84,,1.936,1.981,0.997,0.484,0.631,1.293,,1.325,0.33,0.351,0.334,0.709,1.016,0.859,0.31,0.289,0.41,0.584,0.476,0.513,0.29,0.619,0.624,0.824,0.413,0.615,0.314,0.593,0.185,4.039,1.857,2.631,1.463,,1.177,0.968,1.339,0.611,0.853,0.742,1.783,0.797,2.063,0.531,2.497,3.067,1.216,1.029,2.028,1.027,1.07,0.726,0.836,1.463,1.52,0.932,0.865,0.558,0.865,1.493,0.993,1.043,0.772,1.625,1.072,0.447,1.266,1.894,,0.651,0.668,1.125,1.054,0.915,0.67,0.483,0.309,1.03,,0.796,1.248,1.177,1.079,0.65,0.963,0.231,0.281,0.322,0.435,0.479,,0.551,0.561,0.613,0.623,0.405,0.536,0.74,,0.648,0.466,0.633,0.922,0.534,0.907,1.367,1.341,0.798,1.463,1.377,1.796,0.5,0.744,0.576,0.829,0.66,0.588,0.264,0.637,0.401,0.703,0.705,0.738,0.747,,0.526,0.73,0.683,0.393,0.522,0.36,1.096,0.709,,0.437,0.951,1.512,0.628,0.344,0.773,0.241,1.138,0.244,1.011,0.43,1.132,1.894,1.375,1.531,1.004,0.197,1.122,1.35,0.966,1.125,1.429,1,0.805,0.703,1.122,0.802,0.71,0.701,0.646,0.753,0.589,1.047,1.656,0.95,1.752,1.271,0.774,0.755,0.692,1.637,0.593,0.566,0.783,0.73,0.855,0.66,1.408,1.083,1.476,0.835,1.171,0.087,1.169,1.03,0.757,0.812,0.789,0.735,1.15,0.816,1.348,1.087,1.415,1.696,2.287,0.989,0.55,0.458,0.42,0.709,0.741,0.85,0.692,0.325,0.695,0.943,1.072,0.971,0.624,0.652,1.72,1.643,1.804,0.913,0.746,1.409,0.919,0.745,,0.687,0.956,0.695,0.805,0.575,0.486,0.664,0.741,0.574,0.788,1.416,1.094,1.976,0.993,1.423,,1.231,1.057,1.084,0.595,0.769,0.902,0.66,1.071,1.322,1.667,0.844,0.562,0.731,0.625,1.244,1.294,1.771,0.769,0.536,,0.816,0.72,0.73,0.807,0.755,0.614,0.837,0.98,1.187,1.148,1.045,1.184,1.361,,0.985,0.913,0.754,0.9,0.125,0.478,0.212,0.701,0.536,0.821,1.178,0.967,1.252,1.002,,0.754,1.09,0.869,1.191,1.471,0.627,1.044,1.291,1.855,,0.752,1.539,1.148,1.713,0.171,0.321,0.6,2.186,0.805,0.86,0.59,1.062,0.905,0.528,1.38,1.017,0.86,1.175,1.092,1.225,1.578,0.917,1.003,0.841,0.623,1.115,0.879,0.686,1.048,1.14,1.172,1.106,0.876,1.247,1.124,0.4,0.164,0.789,0.679,1.46,0.763,0.944,0.749,0.395,0.221,0.458,0.393,0.555,0.597,0.633,0.724,0.337,0.397,0.466,0.441,0.33,0.51,0.774,,0.485,0.402,0.6,0.534,0.657,0.422,,2.072,1.014,0.275,0.096,0.762,0.73,0.788,0.406,0.271,0.444,0.352,0.377,0.244,1.126,0.069,1.073,0.443,1.435,0.497,0.375,0.56,0.779,,0.46,1.431,0.491,0.522,0.666,0.556,0.41,0.428,0.185,0.851,0.474,0.557,0.714,0.486,0.626,,0.881,0.184,0.716,0.346,0.307,1.084,0.113,0.354,0.644,0.325,0.467,1.015,0.614,0.725,0.852,0.474,0.701,0.265,0.767,1.6,1.251,0.546,0.496,1.347,0.876,0.111,0.103,0.787,,1.772,1.396,0.851,0.722,0.273,0.318,,1.981,0.493,0.336,0.266,0.481,1.623,1.021,0.865,0.683,1.188,0.47,1.047,1.094,0.344,1.019,1.346,0.941,0.861,0.382,0.403,0.464,0.719,0.461,0.897,0.994,0.644,0.472,0.658,1.231,0.459,0.34,0.283,0.688,0.423,0.742,0.456,1.561,,0.962,1.25,0.77,0.892,0.562,0.352,0.413,0.935,1.158,0.311,,0.323,1.311,0.357,0.741,0.412,0.187,0.743,0.242,1.124,0.64,0.34,0.29,0.581,0.714,1.457,0.964,0.287,0.456,0.645,1.514,2.038,2.568,0.951,0.496,1.311,0.922,0.7,0.809,0.498,0.826,0.257,0.743,1.112,0.626,1.387,0.868,0.796,0.962
20160416,14,AQI,41,107,65,26,63,46,36,,39,45,29,44,,76,86,69,78,65,74,,68,64,58,59,69,65,,57,84,58,55,77,74,112,66,68,70,55,69,71,60,74,62,64,64,57,66,86,78,82,93,81,106,120,87,30,30,39,29,25,40,54,41,63,44,74,59,71,57,56,64,54,102,88,88,73,56,69,33,64,,63,64,61,59,62,72,82,34,32,44,39,26,36,25,30,55,55,56,,63,62,56,55,67,,70,63,53,54,61,51,56,58,52,58,38,104,116,106,105,92,71,74,79,98,87,100,90,58,,94,102,94,119,92,80,89,85,53,54,30,30,38,45,30,54,45,46,31,36,36,55,29,46,36,35,29,43,39,28,33,26,33,33,29,37,43,38,38,87,84,108,88,75,57,80,82,78,67,74,58,68,68,53,45,46,55,49,39,46,49,40,65,40,43,39,35,60,,45,43,45,70,61,60,63,53,53,,62,51,40,67,54,52,54,64,58,59,52,34,23,59,33,65,55,,50,62,55,31,35,52,47,,36,40,36,,66,56,47,58,50,54,,37,,38,35,,44,25,30,29,,,59,60,64,28,33,22,57,68,39,20,26,29,28,32,23,35,62,19,31,26,56,57,56,71,84,68,25,50,52,21,25,25,21,32,22,27,23,56,57,55,44,49,,21,58,36,26,20,41,34,27,27,45,32,63,58,56,63,58,55,67,55,46,20,35,25,36,27,35,27,32,34,37,25,43,37,38,32,34,38,31,35,33,50,55,,41,45,51,76,58,59,57,42,45,35,29,33,33,39,38,30,29,42,59,39,33,22,36,39,56,52,49,52,59,43,51,72,46,42,36,39,62,44,,42,55,47,52,48,47,52,41,43,40,57,54,52,,123,123,124,122,114,107,123,117,51,60,69,,63,40,35,35,41,40,36,37,35,34,37,36,,35,31,,37,45,30,36,35,34,40,,36,41,54,45,40,39,57,49,81,56,57,42,54,51,46,45,42,72,185,109,,97,103,81,82,81,80,56,84,79,72,59,45,76,87,62,54,30,36,48,51,30,40,,70,91,69,67,79,60,62,64,31,49,57,25,39,82,63,35,28,32,36,38,33,37,35,32,,59,33,33,23,89,58,64,73,58,68,67,64,51,51,58,83,93,79,62,42,65,43,43,63,66,59,75,67,215,74,38,35,57,31,188,119,129,80,79,87,75,,80,73,80,,74,95,105,104,67,83,138,,98,103,135,98,90,88,119,33,26,21,23,21,25,43,,33,,36,50,58,42,49,53,48,67,76,,23,33,42,64,52,63,,42,39,52,36,52,78,73,68,94,52,74,54,57,56,54,58,52,53,,47,54,47,25,31,38,22,26,42,43,43,53,53,55,54,60,71,50,55,62,55,55,63,49,58,42,64,48,58,54,47,62,61,37,46,47,46,30,47,75,66,,80,68,54,80,38,34,50,57,58,62,81,81,38,53,78,76,66,118,57,55,60,62,58,52,,55,63,60,59,58,52,45,55,66,50,49,54,119,77,89,103,100,74,75,93,82,85,,64,47,,28,35,46,63,68,70,90,62,99,55,56,55,37,37,45,38,32,40,33,38,49,48,,19,26,20,43,21,26,23,67,73,77,61,72,65,65,52,34,71,56,38,40,41,,36,59,133,52,105,49,52,52,,67,69,93,64,39,41,57,31,37,39,38,32,33,52,97,40,43,43,34,27,30,32,10,26,32,31,32,39,50,48,64,107,60,57,58,112,80,87,53,85,80,40,39,42,55,50,55,18,29,22,34,31,31,74,51,62,50,45,41,50,36,53,37,37,32,66,54,53,61,43,47,47,59,52,46,37,38,34,,36,63,55,50,78,88,53,58,54,63,65,60,62,71,69,63,62,62,68,66,64,75,68,91,85,90,88,37,49,38,27,,82,61,73,61,34,35,19,45,20,102,89,76,79,84,117,108,22,22,30,54,24,28,86,35,38,36,39,35,39,57,33,38,36,31,33,35,29,35,28,30,29,40,45,,54,51,55,,38,35,32,34,52,41,45,71,36,32,29,20,22,50,42,51,43,49,40,60,56,,,49,50,35,25,26,25,25,29,33,38,29,52,60,74,58,37,35,70,74,54,35,50,63,56,35,59,,58,62,53,49,,51,40,110,67,91,76,,63,52,40,41,92,117,84,33,38,51,42,56,30,29,38,55,48,43,29,51,51,43,63,85,94,107,,45,52,45,53,94,83,86,79,80,77,79,84,93,99,98,77,82,42,48,85,85,90,75,70,69,47,45,54,63,52,49,56,28,35,55,41,53,48,84,49,26,35,26,70,51,95,83,57,70,100,50,25,29,12,62,80,30,25,79,75,50,43,103,55,,99,47,47,40,57,73,97,85,57,77,38,48,82,40,57,40,36,48,29,59,26,53,29,48,60,,54,64,67,103,55,49,33,63,,6,49,59,42,48,25,25,54,44,49,43,19,83,51,30,45,20,46,26,37,20,23,20,20,43,54,35,40,38,39,29,53,28,40,31,41,30,50,19,32,44,33,82,25,26,28,39,32,43,39,40,42,26,34,30,25,33,45,55,48,33,28,33,29,36,32,32,29,35,35,49,54,54,56,51,44,51,66,73,71,69,65,43,49,49,43,49,37,44,,54,98,46,64,58,58,59,42,33,36,24,32,70,46,34,,46,56,54,54,55,49,49,51,38,41,55,54,52,59,34,31,25,32,29,,29,31,28,34,32,33,29,32,27,27,31,32,23,,33,35,51,38,37,35,35,33,36,36,46,57,52,45,,38,27,34,35,33,39,35,31,30,,31,34,31,30,34,29,41,110,62,79,73,63,54,67,75,57,67,87,72,84,85,60,50,73,62,67,63,59,30,37,,87,84,94,99,71,59,49,72,48,38,27,39,36,37,39,39,28,29,31,27,29,35,40,35,41,41,52,,42,59,32,44,54,47,57,41,26,26,34,28,27,28,37,54,41,40,41,46,41,57,50,56,48,45,38,40,43,36,58,52,68,40,44,40,40,35,38,51,31,40,52,52,37,,47,85,64,42,46,54,37,40,64,77,81,99,55,46,64,93,98,59,46,120,176,40,55,59,59,27,26,41,67,52,46,29,55,206,140,,93,56,17,47,30,46,54,48,58,42,48,42,40,28,43,36,54,55,53,40,33,33,55,128,50,54,56,36,48,32,35,44,46,43,35,35,32,,56,54,43,71,64,85,76,62,73,53,,71,66,64,54,55,59,56,48,115,139,54,53,39,52,55,64,63,102,132,143,461,500,353,115,112,51,53,32,74,32,33,41,65,28,60,25,58,54
20160416,14,PM2.5,18,14,47,,20,22,15,,27,9,16,26,,36,37,50,46,46,42,,20,44,37,35,50,42,,21,23,9,17,21,28,25,38,28,26,39,41,37,43,54,38,43,42,11,12,25,13,27,23,33,31,27,16,11,8,5,19,9,19,12,16,13,9,10,13,13,7,15,25,31,20,33,33,25,18,20,13,14,,14,18,29,16,30,18,21,7,11,2,5,11,6,9,2,32,25,37,,31,40,33,33,39,,47,33,26,28,27,20,29,37,27,34,26,54,65,64,50,52,32,51,41,43,52,75,67,41,,70,76,70,90,68,59,66,63,37,38,21,21,26,31,21,38,31,32,18,25,25,39,20,23,24,10,20,20,20,19,17,18,17,19,20,25,30,26,26,64,62,81,65,55,40,59,60,57,48,54,41,49,22,37,31,32,39,34,27,32,34,28,18,28,22,22,21,43,,31,30,31,51,37,36,45,22,26,,31,25,24,48,23,31,35,39,41,42,18,22,16,33,21,30,34,,35,36,29,16,23,25,22,,19,22,17,,41,29,32,33,32,27,,12,,18,22,,18,9,17,12,,,42,43,46,8,17,9,40,44,25,14,18,20,19,22,16,24,23,13,18,16,18,31,32,27,39,49,15,35,20,12,,14,1,11,8,2,6,37,30,34,21,31,,,36,4,16,12,11,21,15,18,19,22,36,31,39,34,37,39,,32,32,3,12,5,25,8,8,10,6,21,10,13,8,10,6,8,16,10,15,7,10,35,33,,13,26,35,43,41,25,36,20,24,24,16,23,23,24,23,21,20,29,28,21,23,15,20,27,28,31,27,19,33,30,27,29,22,29,25,27,29,26,,27,25,24,30,24,22,24,22,24,28,40,31,35,,93,93,94,92,86,80,84,88,28,42,43,,35,6,11,6,23,15,17,7,8,5,14,9,,12,11,,9,6,17,13,16,11,19,,18,28,15,24,8,19,13,15,17,18,9,19,23,22,17,30,19,18,49,24,,51,77,22,27,18,15,21,18,18,18,13,24,21,64,19,38,15,25,9,20,9,21,,43,66,15,29,21,30,24,18,14,10,40,5,13,22,,8,10,11,22,10,5,10,11,12,,9,10,11,16,11,17,12,53,13,9,10,16,6,11,10,41,67,58,36,17,15,16,21,36,42,34,55,39,165,48,26,24,27,17,141,90,98,56,58,64,55,,40,38,36,,32,71,79,78,44,61,105,,73,77,37,73,67,65,90,13,18,13,10,8,17,23,,9,,25,35,41,29,34,37,33,44,43,,16,23,18,38,35,45,,29,23,23,25,21,49,39,49,70,28,39,36,40,35,32,41,36,24,,30,30,24,15,16,12,13,18,29,30,28,29,35,30,34,35,40,35,38,38,34,38,29,34,41,28,46,22,32,25,30,21,31,6,8,3,3,5,10,26,24,,35,32,12,35,14,20,15,18,16,17,21,16,8,2,7,10,36,20,35,36,40,39,35,32,,28,18,32,29,15,23,30,30,43,35,29,20,90,56,66,77,75,54,55,69,60,63,,46,20,,19,20,32,45,49,51,67,44,74,16,25,39,19,14,17,23,20,24,22,26,34,33,,12,18,14,17,8,18,3,16,53,19,15,52,41,25,13,19,23,27,23,10,21,,14,41,101,35,79,31,36,36,,18,23,27,17,9,7,10,15,9,12,15,9,12,22,13,12,4,5,6,4,19,19,7,18,5,11,6,27,35,33,31,,38,37,41,84,59,54,36,63,59,20,27,29,37,28,26,6,9,10,8,8,7,39,25,34,28,3,5,2,3,29,23,15,14,23,36,24,29,19,19,25,42,34,32,1,15,11,,20,28,32,17,26,28,28,12,18,18,22,16,23,16,22,15,20,12,14,17,24,18,17,27,13,18,27,5,11,4,7,,21,17,17,14,3,4,12,14,6,61,24,21,58,62,88,81,9,6,14,38,7,8,13,16,,2,27,24,27,28,23,26,15,18,12,13,11,18,19,21,18,19,30,,26,33,39,,16,24,15,15,36,28,31,42,25,13,14,14,7,35,29,23,18,19,17,30,35,,,34,35,9,17,17,15,13,18,23,22,20,26,23,54,33,11,20,24,27,38,21,35,25,10,11,14,,20,24,17,16,,7,19,83,29,40,10,,45,14,4,,68,88,62,22,13,19,24,33,10,14,26,39,33,30,5,15,11,20,43,51,42,51,,31,29,21,22,56,61,57,58,31,39,31,30,69,74,73,56,60,24,22,63,63,54,55,51,50,29,31,38,45,36,33,33,19,24,39,24,34,33,62,34,18,24,14,51,24,71,61,40,51,75,35,3,3,1,44,59,8,11,58,34,35,30,77,39,,74,16,26,6,40,53,72,63,33,41,26,33,60,28,39,28,25,32,3,42,8,37,20,33,43,,36,41,48,77,31,34,21,45,,,26,31,9,33,8,17,32,21,16,29,13,22,19,15,15,7,15,15,9,13,16,12,12,30,29,22,26,26,27,20,37,2,18,10,14,21,16,10,17,19,12,60,17,18,14,14,19,30,21,28,29,16,21,19,17,18,23,31,33,23,19,20,15,25,22,16,19,24,24,18,23,32,23,29,23,34,17,23,12,13,25,29,31,34,30,34,25,12,,29,6,11,46,41,41,42,29,23,20,5,22,51,32,16,,9,16,13,9,10,10,12,12,26,23,4,2,14,4,4,6,16,11,18,,16,10,8,11,12,17,14,9,10,10,11,16,8,,13,11,10,16,15,1,12,17,18,21,32,29,21,31,,12,12,2,12,11,2,17,9,11,,8,5,11,11,4,5,8,52,44,58,53,45,37,32,55,40,48,64,52,62,63,43,35,53,25,28,45,42,18,15,,64,62,70,74,15,9,11,24,17,19,10,12,3,3,7,3,3,4,10,6,8,24,28,11,12,13,17,,22,10,15,15,24,8,18,9,18,6,8,6,7,5,5,15,14,10,11,26,23,6,23,17,11,19,15,17,20,25,14,26,21,28,7,9,11,8,18,18,7,10,18,17,10,,11,46,46,18,13,13,10,14,28,18,49,74,33,31,35,48,54,29,17,66,133,28,33,38,,11,16,16,16,13,23,18,39,156,107,,25,24,3,15,11,13,24,31,18,11,13,15,11,10,16,12,14,10,37,10,19,4,20,97,14,30,34,3,16,20,14,7,11,8,3,3,5,,26,33,19,23,30,,36,17,16,35,,21,23,13,18,22,13,12,15,43,106,19,23,,13,16,16,22,32,46,51,102,142,98,23,37,12,17,10,11,6,10,6,14,6,27,9,19,28
20160416,14,PM2.5_24h,49,44,55,,49,57,57,,44,49,51,63,,88,84,86,77,99,83,,79,97,97,95,99,93,,47,46,46,35,37,48,42,93,96,102,108,111,117,43,73,62,60,55,42,44,48,48,52,69,57,53,51,57,46,47,38,33,34,33,37,43,43,31,28,37,41,30,73,71,79,52,65,60,69,49,50,49,16,,14,23,17,23,21,24,23,22,27,17,21,30,17,21,26,42,42,47,,45,48,45,48,49,,53,39,35,33,33,25,36,38,32,37,27,52,59,49,51,47,38,43,50,38,51,49,51,40,,56,54,50,57,45,46,56,39,39,40,32,37,25,34,40,39,39,33,25,33,30,32,22,25,36,18,23,22,31,21,22,22,20,21,31,29,36,35,29,43,43,37,43,56,42,57,68,51,47,54,34,40,32,29,26,31,31,26,30,28,29,36,22,22,22,28,22,25,,23,22,25,30,33,36,45,42,44,,45,47,21,39,25,30,45,49,41,48,26,20,17,27,17,26,25,,34,22,21,17,19,15,18,,16,20,19,,33,37,34,21,21,24,,19,,25,26,,41,42,41,16,,,26,25,31,36,37,28,18,23,21,37,36,33,35,38,36,41,38,31,34,16,49,40,39,39,38,35,33,57,20,30,11,25,16,25,23,21,14,70,65,60,55,72,,84,59,16,24,28,24,28,24,32,33,30,34,40,40,35,43,44,43,34,38,22,29,26,30,31,27,29,24,29,52,27,23,28,27,24,26,27,30,26,22,32,33,,31,34,35,39,37,30,39,20,25,27,26,26,25,24,30,24,23,26,30,25,35,25,17,27,29,27,25,27,24,33,36,36,22,26,23,31,28,23,,32,27,34,28,32,27,23,22,31,24,30,31,44,,61,57,57,59,56,59,62,66,30,37,43,,33,6,24,15,24,21,28,22,22,21,19,30,,24,23,,29,31,26,21,23,18,22,,18,13,13,33,24,33,20,23,27,27,22,28,26,21,24,30,27,24,25,15,,23,89,18,36,19,23,17,23,22,29,8,23,16,30,22,26,19,29,17,28,11,13,,30,36,18,54,42,34,39,35,22,23,38,16,18,20,12,24,25,24,30,24,25,26,25,27,,19,22,31,47,28,34,31,36,35,22,23,25,19,24,22,38,43,44,37,32,34,32,36,48,83,55,63,47,72,57,43,43,37,18,104,75,73,66,67,77,59,,62,59,64,,76,60,72,77,49,60,65,,64,81,36,73,64,63,57,34,33,37,25,23,26,55,,51,,52,50,55,56,44,53,59,44,39,,27,30,25,65,53,62,,25,25,29,34,20,34,28,26,36,29,34,37,38,33,33,36,34,25,,31,28,24,15,17,32,28,29,20,20,21,23,29,29,32,39,44,40,37,41,37,41,36,46,38,25,32,28,40,38,55,51,57,23,24,16,23,24,34,48,28,,37,31,24,37,29,23,16,40,37,23,45,38,21,16,40,41,53,32,41,44,44,49,48,43,,42,32,38,45,20,39,36,35,48,37,32,27,99,60,73,74,78,37,31,41,36,39,,34,32,,29,37,43,38,51,49,71,48,76,35,41,53,42,15,18,20,23,32,27,31,31,36,,22,23,18,21,25,23,5,46,77,66,70,70,63,66,37,41,65,56,54,52,56,,50,76,113,68,105,38,34,39,,27,33,47,23,44,46,43,38,44,28,30,30,30,45,33,28,36,32,44,52,53,51,56,30,41,17,18,51,69,61,76,53,37,41,51,85,73,73,63,78,72,24,32,17,23,25,23,12,13,15,13,13,9,35,25,26,21,15,26,18,21,26,22,18,14,13,30,22,30,14,24,16,36,29,24,12,21,31,,41,26,24,17,28,27,34,16,19,22,24,20,22,18,28,14,18,17,18,11,28,19,18,30,18,17,29,16,12,14,21,,19,23,30,29,12,6,23,14,7,32,29,26,60,67,84,76,32,26,27,36,22,25,28,31,21,42,42,38,29,33,41,46,26,27,27,21,19,19,21,27,24,23,29,,36,31,43,,17,24,17,22,39,28,34,24,28,16,18,23,24,52,51,28,21,21,20,28,25,,,44,43,24,24,22,21,23,37,38,38,37,43,46,47,46,69,41,42,42,54,35,39,40,32,31,28,,26,29,24,26,,17,26,81,54,32,19,,22,23,20,21,62,81,72,31,24,41,39,38,32,30,58,72,69,55,55,23,23,24,118,77,74,92,,35,30,35,27,48,48,46,49,49,50,48,43,53,62,54,43,43,21,23,61,55,47,43,79,80,41,38,45,43,37,30,32,26,30,54,39,72,59,83,37,20,21,16,67,24,64,59,46,96,105,74,17,20,19,38,37,22,15,59,41,34,37,60,39,,30,25,32,17,23,45,65,46,41,43,35,36,28,32,58,49,43,43,22,36,6,49,40,54,54,,40,47,54,69,31,29,21,34,,78,44,37,21,35,18,25,69,48,44,57,91,30,31,30,29,6,21,21,17,21,17,14,13,30,32,29,20,30,28,26,30,9,56,58,37,48,45,39,51,49,47,26,28,31,29,25,17,28,23,29,27,27,26,22,27,42,43,57,62,45,28,19,16,20,18,22,32,32,29,75,44,43,38,53,51,61,31,39,32,27,28,31,27,38,39,39,40,22,,50,25,22,60,51,50,66,30,29,34,18,33,52,49,25,,18,27,19,17,22,22,19,20,27,39,29,21,28,16,14,19,25,20,26,,21,25,18,19,21,37,36,28,29,27,25,34,39,,34,36,35,38,50,32,56,47,52,41,28,27,27,32,,41,39,23,49,37,31,37,32,41,,39,29,43,45,17,29,34,49,42,49,47,45,41,32,51,41,47,67,44,56,60,47,33,49,76,82,44,35,48,70,,56,57,77,76,7,7,9,10,14,14,11,15,10,10,14,11,19,16,18,17,16,31,21,27,16,19,18,,20,9,18,19,28,11,19,18,14,18,5,5,8,5,7,18,17,13,15,31,31,24,34,20,11,13,12,14,18,17,23,28,18,26,11,13,18,8,21,31,13,12,15,18,26,,37,22,20,20,20,15,15,14,42,44,43,27,30,33,55,67,74,55,49,46,97,24,24,31,,15,13,15,16,17,21,25,30,33,34,,51,19,15,21,18,11,32,17,13,17,22,19,17,11,25,13,14,12,22,15,19,13,18,29,15,30,30,10,17,28,19,10,14,11,18,17,6,,21,32,22,23,29,,46,43,20,40,,26,29,24,30,28,30,27,21,47,72,30,27,6,13,15,13,22,35,53,44,79,145,151,67,45,12,13,20,10,7,6,7,19,28,21,41,28,33
20160416,14,PM10,41,163,65,,76,46,36,,38,45,29,44,,101,122,77,106,79,97,,86,78,66,68,50,79,,64,117,66,59,104,97,174,82,85,90,59,88,91,62,74,73,77,78,63,81,121,106,113,135,111,161,190,124,25,11,39,29,17,40,58,41,76,44,97,67,92,64,61,77,57,153,125,125,95,61,88,33,77,,76,78,71,67,73,94,114,34,25,44,39,18,36,21,30,60,60,61,,76,73,61,59,84,,89,76,56,58,71,52,61,66,54,65,35,157,181,161,160,133,92,97,108,145,124,96,73,53,,70,105,91,98,81,74,,76,,,25,24,,,24,,,39,31,34,,,22,46,36,35,28,43,39,27,33,24,33,33,29,36,38,30,33,100,81,,,77,52,65,87,,75,74,47,54,86,53,41,36,39,43,,36,40,33,79,40,43,39,35,59,,31,,39,72,72,70,55,56,56,,73,52,40,73,58,54,58,77,56,52,53,34,21,68,33,79,59,,48,73,60,31,35,54,47,,28,40,36,,81,62,47,65,50,57,,37,,38,35,,44,17,18,27,,,,70,53,22,20,21,53,85,39,19,24,,19,24,17,,30,18,31,26,62,63,62,92,117,63,25,44,53,19,24,,21,32,,21,19,61,64,59,44,49,,,66,21,22,18,23,,,27,26,,75,65,62,76,65,47,83,60,38,20,35,25,,27,,27,32,23,,14,,,15,,,17,,15,12,40,59,,41,45,52,102,49,68,64,42,45,,29,32,31,39,38,28,22,32,68,39,32,,36,35,61,54,49,53,68,34,51,93,46,36,33,,73,44,,42,60,47,53,48,47,53,41,43,33,50,57,54,,116,126,151,129,128,110,130,172,52,69,87,,75,40,29,23,41,22,36,37,20,20,37,18,,33,28,,25,16,30,26,31,18,32,,35,41,57,45,40,37,63,49,111,62,63,42,57,51,46,45,39,93,320,168,,144,109,112,114,111,109,62,117,107,93,67,45,102,104,73,47,27,34,28,51,29,40,,90,131,87,84,107,69,73,77,31,49,55,25,39,114,76,13,16,,,,12,18,21,29,,43,,30,,127,65,77,,65,85,83,78,52,52,65,116,136,104,74,30,35,35,26,76,82,68,81,83,,97,,31,64,31,,120,196,110,83,105,71,,109,95,109,,98,86,116,90,84,87,129,,87,91,220,83,100,109,137,33,,,20,,25,43,,22,,30,,,40,40,56,37,84,101,,23,29,42,78,54,57,,37,39,54,31,54,105,95,71,74,53,97,57,54,62,57,59,45,55,,47,58,47,25,31,38,22,23,37,41,43,55,56,59,58,69,92,48,59,73,59,60,76,48,61,42,58,48,65,58,47,73,71,37,46,47,26,24,47,100,81,,109,86,57,109,38,34,50,64,66,73,111,111,24,55,105,101,81,186,63,60,70,73,65,54,,60,75,70,67,66,53,41,60,81,48,49,47,,56,84,113,96,71,74,84,78,88,,61,47,,27,28,34,71,,80,125,,111,59,61,45,37,37,19,38,32,40,33,37,49,,,19,18,,43,9,18,,84,86,104,72,91,79,79,53,34,91,61,38,40,41,,36,68,,54,,49,46,45,,83,88,136,78,39,41,63,29,,35,30,25,30,54,143,25,32,28,9,12,21,,8,,14,19,16,33,47,46,77,33,70,64,51,93,64,72,56,80,82,40,38,41,60,50,59,10,29,17,16,22,11,97,52,74,50,17,14,8,5,55,37,37,32,81,53,56,72,43,47,39,65,54,42,37,,14,,23,75,59,50,105,125,56,65,58,75,79,69,74,91,87,75,74,73,85,82,78,100,85,132,120,130,126,37,49,38,7,,114,71,96,72,26,21,,45,14,154,127,101,60,,114,124,13,10,22,38,14,18,122,,8,18,37,35,38,63,,37,36,,17,,,,25,,29,40,45,,57,51,41,,38,25,32,34,46,41,41,91,31,32,29,17,22,,36,51,43,49,40,69,62,,,,46,16,23,,24,21,29,,38,23,53,70,84,66,,35,89,97,47,35,,75,61,35,67,,65,73,56,49,,51,40,153,83,132,102,,57,54,40,41,117,116,111,,38,51,42,62,21,29,32,48,36,42,29,51,52,43,75,120,138,164,,35,53,45,55,103,92,121,97,109,103,108,118,78,133,106,79,87,42,48,103,105,129,96,66,74,47,44,48,55,45,49,61,24,,43,41,56,36,65,37,19,26,24,51,51,77,,51,58,,42,21,5,9,61,62,,,92,63,39,36,,39,,,47,47,40,,,,,64,103,28,,,29,64,34,,48,18,42,11,,27,,51,,58,77,77,,60,41,28,45,,,49,68,42,43,25,17,58,44,49,43,19,60,51,30,45,20,46,26,37,20,23,20,20,38,58,35,40,38,36,29,39,14,27,29,17,26,21,18,27,44,28,,22,23,16,24,26,37,39,34,32,23,34,24,,33,45,59,,31,28,33,24,25,26,16,,,30,49,57,57,62,51,44,52,81,95,92,87,80,43,49,,31,38,37,44,,58,145,46,47,42,,52,,29,36,24,27,84,,34,,46,62,57,57,59,49,49,51,38,41,59,58,54,68,12,14,17,19,29,,28,18,25,18,32,32,29,16,22,19,14,32,23,,31,35,51,38,,9,,32,28,34,39,64,53,,,16,26,2,24,12,39,22,28,25,,12,21,19,,15,28,32,66,68,68,75,76,58,84,86,64,80,97,77,74,80,60,46,60,73,84,65,66,29,37,,101,93,82,96,91,68,49,94,48,34,27,37,22,10,13,9,8,9,,9,,29,,26,28,41,54,,42,66,32,44,58,47,64,28,,,26,28,27,16,37,58,26,34,27,46,28,64,50,62,22,29,29,34,41,31,66,53,62,,20,19,22,23,38,52,14,31,53,53,25,,47,120,76,,26,58,37,40,77,76,112,121,60,46,78,95,145,42,45,189,194,34,59,68,67,27,26,41,84,54,,,,215,204,,135,61,,47,,46,57,48,65,42,48,42,40,28,43,36,58,60,39,40,32,31,59,,50,58,61,27,48,,29,44,46,43,26,26,5,,61,58,19,92,78,120,101,73,95,55,,91,81,77,58,59,67,62,48,180,146,57,56,2,53,59,78,76,154,213,235,561,634,462,180,173,51,56,32,98,7,,17,79,28,69,25,65,57
20160416,14,PM10_24h,124,112,124,,110,138,130,,85,117,131,121,,152,159,154,136,169,144,,164,178,187,165,140,158,,75,102,87,69,82,92,135,212,197,237,201,211,215,97,122,124,139,139,84,98,123,109,111,151,136,160,163,151,172,147,187,180,170,97,128,104,126,98,119,96,117,95,130,143,131,139,140,114,99,98,109,65,59,,43,51,42,49,48,89,69,136,119,116,122,110,147,109,106,75,101,91,,103,96,93,90,110,,113,114,80,69,82,69,83,75,78,80,50,115,108,90,89,79,75,73,88,81,105,71,74,74,,73,85,76,92,64,67,78,64,81,68,73,78,58,72,72,81,75,104,85,97,100,88,75,98,107,81,69,77,82,57,73,62,63,54,66,74,82,72,72,86,89,72,73,163,112,141,117,146,148,133,83,92,93,93,65,97,66,77,71,76,84,80,79,82,93,88,67,84,,84,80,72,96,99,107,118,100,102,,97,103,43,85,59,63,106,94,103,84,48,35,25,49,31,62,52,,70,45,42,50,36,37,41,,25,36,52,,70,76,53,43,44,47,,64,,68,48,,85,70,60,39,,,38,44,44,58,56,42,30,43,44,78,93,90,74,82,76,96,88,78,86,25,68,60,66,65,83,46,45,78,43,51,41,34,46,48,41,37,46,149,188,159,146,148,,151,165,52,58,45,56,46,53,53,77,94,85,79,80,72,84,78,90,74,70,42,58,58,61,54,46,59,55,61,8,54,35,46,42,36,54,48,52,37,42,47,49,,51,58,46,65,48,51,52,41,43,40,42,42,42,34,50,52,35,42,53,41,65,42,31,36,48,49,47,47,42,45,70,45,39,34,35,34,48,43,,47,45,47,44,44,44,41,40,50,44,47,53,60,,95,95,101,96,95,114,129,124,46,63,67,,60,25,33,32,31,29,39,43,31,34,40,38,,36,34,,44,36,49,35,35,31,35,,35,18,58,78,76,63,81,65,68,76,83,51,55,48,52,58,70,52,109,80,,61,165,58,76,53,48,39,50,51,58,55,38,47,58,37,36,35,46,31,47,30,23,,54,69,67,116,118,105,97,94,44,73,79,41,75,72,58,40,47,47,52,42,38,42,46,44,,63,37,94,64,141,151,160,137,140,126,122,104,105,97,111,113,93,88,76,58,57,55,52,112,109,89,113,122,123,130,84,81,57,28,182,145,170,143,117,132,111,,164,156,184,,162,147,145,156,87,121,137,,129,171,143,126,143,133,123,88,91,79,56,55,64,101,,101,,119,127,110,142,124,143,129,73,78,,58,76,78,161,131,142,,36,33,39,36,37,56,46,34,40,43,50,55,50,54,49,53,47,46,,41,57,24,23,27,47,36,39,24,28,31,41,45,47,48,52,57,53,55,55,51,50,51,55,44,34,55,53,79,75,130,127,139,123,96,110,88,82,95,78,84,,96,69,48,89,35,44,42,58,73,58,94,95,50,38,233,219,203,184,77,82,86,102,93,75,,86,91,77,85,65,69,60,75,93,61,60,56,125,118,125,131,127,56,46,60,57,56,,46,52,,51,54,44,72,71,91,128,59,93,57,61,77,61,32,28,38,39,67,67,72,80,68,,42,40,31,39,44,37,11,106,152,133,78,114,136,119,85,56,124,81,60,74,95,,80,130,193,122,149,75,84,75,,57,66,114,55,75,80,80,72,85,58,55,50,56,61,57,52,52,40,67,103,66,100,58,55,67,32,25,71,110,94,130,74,72,72,80,102,109,92,92,116,93,50,47,33,45,46,44,17,27,23,21,27,15,87,46,85,45,27,34,30,24,40,42,36,31,47,63,38,47,29,36,28,52,41,34,62,32,44,,56,63,71,50,52,61,46,37,45,50,48,53,54,51,67,33,38,49,39,36,45,51,40,54,48,54,71,81,96,96,64,,94,96,148,106,25,21,62,34,34,139,138,149,138,146,152,168,86,61,44,60,46,50,84,70,103,63,88,87,79,90,128,119,57,64,57,44,42,50,71,64,69,76,80,,72,86,77,128,83,89,66,84,86,81,93,73,57,43,49,62,65,67,67,67,61,56,50,60,53,,,72,71,44,42,42,42,44,83,81,86,81,81,74,71,74,115,63,77,87,100,55,88,103,67,67,46,,35,51,50,39,,51,39,78,71,77,36,,32,98,87,107,147,144,157,57,49,137,134,144,118,127,73,94,82,346,303,71,64,58,160,189,149,181,,43,71,67,85,100,92,118,105,143,132,133,147,82,139,106,65,67,43,51,92,79,120,78,106,106,62,54,62,59,56,49,58,33,39,72,53,114,78,106,47,29,47,28,70,51,75,59,89,109,170,87,34,26,37,60,62,51,25,102,122,71,97,161,90,,55,53,50,56,68,147,168,135,78,95,69,73,48,57,95,73,68,69,31,39,16,105,84,89,86,,89,85,116,123,68,66,46,60,,77,101,100,55,46,30,28,57,51,58,45,30,49,51,49,45,11,32,25,28,25,27,26,22,40,50,46,35,53,42,49,38,32,79,69,71,93,78,89,78,99,83,30,48,50,46,43,25,40,37,39,40,25,36,29,32,82,87,80,80,72,37,26,26,24,22,33,35,38,38,98,89,107,82,96,94,110,122,118,145,144,64,66,59,72,75,73,74,49,,84,91,61,108,113,134,135,66,59,75,45,56,100,63,61,,49,56,40,41,54,46,44,39,48,63,54,50,50,61,37,37,41,53,42,,45,38,36,32,45,60,52,46,50,50,42,54,52,,51,51,53,54,,57,106,79,80,47,46,61,56,49,,59,68,32,66,52,62,65,67,54,,55,58,64,72,30,51,67,68,63,61,62,77,60,65,76,70,72,97,72,86,92,63,51,77,123,128,61,60,75,105,,93,99,100,123,41,36,21,39,38,30,23,37,26,21,22,18,31,26,27,30,28,45,43,49,25,36,39,,35,45,29,33,56,34,50,37,26,31,11,14,18,12,30,41,33,39,37,53,47,79,60,81,21,23,22,33,41,45,78,78,68,50,30,26,34,41,56,83,27,27,51,47,42,,71,73,48,61,53,34,26,19,86,113,76,59,51,51,89,115,177,96,91,152,151,38,54,50,62,25,24,26,31,56,,195,62,67,56,,168,32,33,48,,22,44,29,27,80,88,84,94,27,40,25,42,34,41,44,22,24,35,38,42,57,56,31,41,69,59,29,28,29,35,35,13,,48,44,58,79,70,123,172,78,75,122,,92,81,90,98,90,77,119,91,232,200,153,129,23,58,59,60,100,153,196,178,279,350,317,143,130,43,36,57,34,16,14,23,63,64,56,54,56,52
20160416,14,SO2,2,2,2,2,2,2,2,,2,2,2,2,,6,12,2,14,5,14,,8,3,7,9,6,12,,4,8,3,11,9,6,23,25,20,18,18,29,15,3,10,13,9,6,32,18,25,28,9,8,6,3,3,3,3,3,9,3,4,5,8,7,6,13,1,1,1,3,11,10,26,12,27,13,8,14,39,40,18,,10,9,9,8,6,14,17,9,6,4,12,7,2,8,8,8,41,41,,15,21,16,25,19,,11,14,8,7,7,3,8,3,9,13,4,25,13,15,11,11,8,11,11,15,16,18,17,32,,12,26,34,19,29,20,13,18,12,11,9,10,11,9,10,12,18,10,12,14,15,11,3,14,18,9,14,11,18,13,10,10,13,13,22,24,31,17,17,17,12,16,19,24,14,14,8,46,12,116,12,31,60,29,10,8,8,6,4,7,7,8,8,10,15,10,15,12,,17,22,44,3,8,13,23,19,11,,11,7,10,9,17,10,25,16,2,9,5,6,9,11,4,6,7,,8,5,6,7,9,12,8,,6,10,9,,19,18,17,17,10,,,12,,5,8,,5,5,3,2,,,19,29,7,6,8,15,13,11,8,7,11,6,6,5,12,3,7,5,12,4,3,7,7,3,5,10,4,9,9,6,9,8,11,10,6,12,8,14,11,15,8,24,,17,16,18,11,29,7,33,21,17,18,4,19,18,22,13,4,17,13,23,17,3,3,4,7,2,8,5,6,9,8,6,10,6,4,9,14,5,10,8,5,4,7,,10,9,9,29,6,11,19,9,5,3,6,5,49,9,20,4,15,14,9,5,3,12,6,10,10,8,3,8,6,7,3,5,3,13,3,9,16,5,,3,4,5,4,7,8,3,5,6,4,11,20,9,,7,12,10,10,5,8,9,10,5,7,8,,14,10,7,8,9,4,13,13,15,10,9,12,,11,10,,12,17,10,10,13,12,13,,16,9,8,4,4,11,11,6,14,12,5,11,12,16,11,7,14,7,6,6,,6,8,7,17,10,6,13,8,14,7,10,4,7,10,8,9,4,2,6,5,3,5,,12,15,25,24,14,18,22,12,7,2,16,3,6,5,2,5,15,12,23,11,3,4,12,5,,12,2,10,10,5,7,4,6,5,7,16,9,9,5,9,14,19,13,7,19,10,14,12,16,13,11,8,11,12,20,12,11,14,9,29,22,21,6,13,16,12,,9,12,13,,13,19,20,12,18,27,35,,40,29,24,2,17,32,27,11,11,8,8,3,14,29,,5,,7,13,30,6,9,3,9,11,7,,10,3,7,9,42,9,,32,12,10,10,21,29,18,7,13,7,24,2,10,9,4,10,8,11,,3,7,3,4,8,8,8,10,3,3,7,4,2,3,8,18,46,16,16,14,13,8,9,6,23,24,2,16,5,7,10,12,14,10,14,9,14,11,9,25,13,,21,10,16,7,9,4,10,40,3,95,5,4,19,5,6,8,6,7,7,11,15,9,15,8,,,15,6,14,6,25,9,17,88,21,8,8,44,150,27,50,48,19,14,22,16,17,,9,11,,44,10,22,11,37,19,27,8,10,14,7,8,13,10,20,43,12,10,4,18,16,6,,11,8,9,13,10,15,5,21,24,13,21,12,27,16,12,22,18,14,43,9,9,,10,30,25,26,30,26,34,24,,19,19,21,18,4,8,1,22,11,17,14,24,9,17,19,3,1,20,10,21,16,21,19,3,6,5,3,15,18,15,13,2,5,9,4,23,8,407,15,18,9,1,2,15,12,10,6,10,28,14,10,10,9,97,14,91,18,3,9,8,6,6,9,6,4,16,9,17,9,5,3,4,3,7,4,7,3,2,,1,17,19,9,3,9,3,4,6,9,9,7,4,8,7,7,8,5,5,9,7,6,6,18,5,9,12,2,2,3,13,,75,30,48,14,2,18,2,6,4,5,9,5,11,17,15,17,3,3,6,6,9,10,5,5,6,4,7,11,29,39,8,6,4,16,12,9,2,17,18,15,19,12,15,,15,15,12,,12,9,6,13,25,13,9,17,9,4,7,5,3,12,15,7,3,6,7,19,19,,,3,4,6,14,15,13,10,10,8,16,11,10,10,6,24,23,12,28,13,16,10,23,11,7,8,10,,18,5,4,8,,17,15,8,20,11,8,,10,9,9,12,9,11,4,2,2,2,4,8,20,37,5,6,4,11,5,24,7,7,10,17,13,20,,4,5,5,7,20,16,18,17,19,9,18,8,18,16,12,21,66,2,3,16,19,8,7,8,4,9,9,6,16,12,30,15,4,3,3,2,4,7,6,3,5,4,8,6,1,4,6,2,16,18,25,11,14,34,17,8,12,44,7,113,33,2,25,8,,12,5,7,9,15,8,17,22,5,10,25,7,159,7,58,4,6,15,24,6,8,7,5,,25,,7,5,13,22,8,3,10,5,,11,,9,3,15,12,4,7,6,10,14,4,90,48,18,23,4,3,12,5,8,10,6,10,4,13,11,1,7,6,6,6,8,12,27,20,17,6,3,7,8,6,4,13,46,16,116,9,7,5,21,4,4,9,12,18,4,5,7,2,12,2,11,5,10,16,10,6,17,28,23,22,23,14,17,34,31,8,12,5,8,24,15,18,14,3,25,17,25,,39,22,8,26,25,23,1,11,20,100,4,2,11,3,1,,12,12,19,3,4,4,3,10,29,5,19,12,5,4,6,4,2,3,9,,5,1,5,5,8,5,,3,7,6,6,4,7,,16,15,15,15,4,48,4,9,10,9,7,8,5,13,,3,7,3,4,,6,5,8,3,,9,59,7,7,4,11,9,10,7,7,9,10,3,3,14,10,13,15,10,100,18,10,14,12,8,8,18,9,7,20,,37,56,8,10,15,7,16,7,9,9,4,11,6,12,7,5,4,3,4,5,2,6,2,4,39,5,4,,3,19,3,30,5,10,7,2,4,2,2,5,9,2,14,19,8,11,21,5,1,9,7,20,21,20,11,20,40,9,8,10,8,6,13,8,8,6,30,32,16,17,35,16,6,,11,3,11,7,22,9,12,3,3,17,5,10,22,13,52,71,60,11,6,6,12,10,13,10,9,16,7,15,8,7,8,5,7,11,6,,39,5,7,12,7,10,8,7,9,4,4,3,1,5,14,8,2,1,4,2,12,10,11,12,11,9,10,8,5,15,9,3,8,4,4,6,8,,9,22,8,7,20,10,8,18,1,29,,11,49,4,4,5,10,5,7,2,7,2,3,,4,4,25,13,2,4,2,4,7,5,8,14,3,9,3,6,3,2,8,5,3,35,10,11,14
20160416,14,SO2_24h,8,6,8,8,9,7,9,,8,7,10,7,,21,27,21,29,18,28,,24,21,19,27,15,22,,23,23,23,28,23,17,30,69,57,57,60,69,76,22,28,14,18,18,19,14,16,128,19,22,21,16,19,22,6,5,11,5,6,14,15,20,16,19,15,14,15,13,50,13,38,16,34,16,15,14,37,44,11,,9,14,11,8,7,10,16,11,10,13,15,7,3,10,9,11,49,27,,23,24,22,23,27,,17,8,19,8,6,5,10,4,16,18,4,28,14,14,9,12,9,10,11,19,15,24,21,29,,14,37,31,25,31,15,32,19,12,11,10,10,9,10,10,11,18,16,16,17,16,17,4,17,12,8,15,10,17,12,9,16,10,11,19,21,28,17,14,18,16,24,25,32,29,29,13,42,21,142,13,30,61,29,12,12,15,9,6,11,11,12,11,11,23,16,13,14,,23,20,29,7,12,22,28,23,18,,12,12,8,11,14,9,40,27,11,19,5,5,9,16,4,5,7,,15,5,5,8,8,9,8,,7,10,13,,6,10,11,9,9,5,,19,,14,12,,9,7,5,8,,,13,18,7,13,12,15,10,10,20,14,14,29,11,12,14,10,13,10,16,3,5,7,5,2,5,4,5,13,8,6,12,9,14,17,9,13,11,20,18,17,16,30,,25,21,20,10,23,8,33,18,12,12,30,17,14,17,10,6,18,11,16,14,7,5,6,9,7,11,6,9,9,16,8,13,7,5,10,16,7,12,10,6,4,5,,11,12,12,23,5,6,20,8,6,4,5,4,24,7,14,3,8,6,10,7,6,4,3,14,8,11,4,16,7,8,6,5,2,13,9,7,10,5,,4,4,6,4,8,8,4,6,6,2,16,31,12,,7,11,9,10,5,10,8,9,5,5,6,,11,7,6,9,9,5,8,11,12,7,7,9,,9,9,,10,13,6,10,10,8,7,,11,10,9,7,5,8,10,5,18,11,6,20,9,56,18,13,17,17,6,8,6,6,14,7,19,10,7,14,6,12,10,10,8,4,12,8,11,4,5,5,5,3,7,,13,6,20,28,11,15,24,14,8,2,14,6,8,4,9,12,16,21,29,26,13,24,16,11,,14,5,51,10,7,7,6,7,9,8,18,11,9,4,9,19,23,15,14,23,14,17,13,24,22,12,11,14,11,20,19,18,11,7,30,23,24,6,16,21,10,,27,24,23,,22,46,38,35,17,33,37,,23,25,15,13,20,17,32,13,11,7,10,5,18,19,,7,,10,26,45,29,38,11,35,10,5,,14,7,9,27,58,31,,27,12,9,10,10,23,10,3,9,8,21,2,12,9,4,11,8,11,,3,6,3,3,8,8,9,10,4,4,7,3,3,3,7,6,11,14,14,12,9,10,5,10,23,25,6,19,29,31,20,25,25,13,17,11,13,15,12,22,19,,22,14,13,7,8,3,10,20,14,41,23,26,37,12,12,9,8,11,8,13,18,25,23,12,,44,25,9,18,8,22,13,22,106,22,10,9,55,101,36,48,58,14,10,15,12,11,,9,9,,21,6,15,10,34,18,21,6,10,14,10,6,15,8,7,38,12,7,4,10,8,8,,33,32,32,46,33,69,27,32,30,35,31,20,29,18,21,20,20,19,29,12,12,,13,31,24,11,36,18,29,12,,24,16,22,16,10,11,4,21,13,21,17,43,6,20,21,7,6,31,14,15,8,14,17,3,9,4,3,21,32,27,18,14,6,9,8,12,10,32,12,18,9,1,2,13,13,16,6,8,21,12,8,12,11,83,29,58,16,5,8,8,7,8,8,6,6,11,8,14,8,6,4,6,14,18,5,5,3,2,,3,23,30,8,6,9,7,5,9,7,11,7,3,6,7,3,3,5,7,6,10,3,4,20,4,9,13,4,4,5,25,,16,36,106,48,2,21,2,3,2,9,4,5,15,20,30,31,6,6,6,5,10,11,5,6,12,7,11,9,15,22,12,11,5,20,14,11,2,17,13,12,16,11,13,,13,16,15,32,10,10,7,13,19,14,15,17,11,6,9,10,7,12,15,14,4,9,10,16,14,,,6,4,7,13,12,11,12,18,13,28,17,9,12,7,16,26,18,17,15,11,24,40,26,17,24,15,,19,10,4,9,,16,14,15,31,19,11,,13,8,7,18,24,24,30,3,2,16,13,14,24,32,7,8,23,14,6,23,5,6,32,31,30,41,,6,7,7,11,25,15,18,19,25,12,24,10,17,17,15,23,19,3,6,28,19,12,8,9,4,10,12,9,12,11,34,10,6,4,3,2,5,10,11,3,4,5,14,7,1,7,10,4,12,21,29,15,21,39,19,8,20,29,15,31,28,6,37,12,,21,12,16,23,17,9,28,31,39,43,59,11,60,27,28,12,6,26,22,10,5,10,9,9,24,,14,17,17,21,14,7,12,10,,8,26,10,6,15,15,10,6,5,9,17,20,19,20,16,16,2,3,12,6,7,9,6,7,2,5,6,1,5,5,4,3,8,16,27,28,26,29,17,39,39,37,3,42,102,40,30,11,10,6,21,7,15,9,17,17,9,9,9,19,28,15,9,4,6,9,21,34,38,46,30,22,24,20,19,36,28,16,18,23,15,22,19,16,14,73,29,22,28,,44,24,16,33,34,38,20,17,21,34,11,2,14,9,2,,8,15,19,10,7,16,8,11,43,27,28,17,22,7,9,10,4,6,10,,5,4,5,4,7,9,7,13,10,10,11,8,6,,22,22,33,23,5,52,19,20,20,4,5,6,4,13,,14,30,9,16,,7,14,17,29,,14,61,20,14,5,10,9,9,13,5,6,11,3,3,14,12,16,28,11,18,16,16,43,57,10,12,18,11,4,11,,20,51,9,12,10,13,9,7,7,11,4,10,10,15,12,8,9,10,11,15,2,13,9,9,27,20,14,,9,12,4,32,6,5,7,5,6,3,2,5,7,2,24,20,11,25,38,6,19,10,9,19,13,10,7,11,29,9,7,23,7,7,17,13,13,9,20,20,14,14,33,10,7,,17,7,5,5,17,9,13,3,3,15,7,11,35,30,25,26,34,15,14,6,9,6,11,7,7,14,7,17,5,5,8,5,6,12,5,,21,6,9,11,7,15,5,7,4,3,6,5,4,4,15,6,2,2,7,4,11,11,9,5,6,11,17,8,7,17,9,4,8,4,5,10,4,,12,19,15,12,21,11,9,21,1,30,,5,31,4,19,6,8,13,8,2,7,1,3,,5,4,11,13,4,6,2,9,14,9,9,11,5,12,5,6,3,7,12,7,14,52,14,15,13
20160416,14,NO2,9,6,2,16,12,14,17,,7,22,6,11,,16,21,12,20,16,11,,20,29,22,15,23,18,,15,15,8,14,14,4,26,37,34,30,38,42,50,38,32,71,58,61,38,36,23,36,15,5,31,9,4,12,8,13,7,6,18,5,10,4,5,5,19,9,6,14,22,31,29,13,11,20,22,31,26,19,12,,7,4,8,7,6,7,20,8,15,8,2,6,22,11,6,22,30,33,,22,74,28,36,32,,23,48,32,14,45,19,31,35,16,36,14,55,40,64,26,44,14,11,16,19,28,43,40,18,,88,108,51,38,111,31,47,37,59,59,48,43,29,50,25,37,18,39,44,51,50,44,57,47,43,40,22,41,30,31,38,32,44,35,44,74,52,58,63,31,33,21,61,46,38,15,35,43,42,20,36,29,24,42,42,34,27,40,42,45,38,45,45,32,53,35,31,42,,37,39,29,45,39,45,37,17,44,,19,35,28,44,33,28,42,66,36,42,57,33,21,84,16,65,67,,67,59,64,14,17,21,37,,11,30,23,,57,49,51,48,33,,,29,,16,26,,20,12,7,17,,,50,46,34,18,22,25,72,63,61,27,31,16,21,32,44,34,35,30,46,16,52,74,75,55,78,25,11,22,27,15,14,8,15,25,10,16,17,26,24,27,34,10,,42,2,24,51,,82,68,40,28,89,38,37,41,31,19,26,31,24,28,19,14,2,28,18,16,14,2,15,10,8,7,7,4,8,14,19,21,16,9,7,32,23,,23,29,4,44,37,30,25,22,14,27,22,22,31,19,25,6,15,32,20,11,3,17,6,20,32,17,10,11,2,12,11,8,1,1,2,9,7,8,,15,6,14,10,5,15,20,26,10,18,15,14,11,,19,9,47,15,19,17,22,13,5,8,35,,30,12,40,17,36,14,25,31,13,14,54,22,,38,32,,19,39,15,13,26,19,20,,7,16,11,26,5,11,15,20,13,41,16,36,10,4,7,2,22,9,12,17,,6,11,17,16,17,16,14,21,17,20,12,11,17,14,10,21,22,20,14,20,28,22,,24,16,6,21,18,9,11,11,49,22,18,31,27,51,3,11,24,14,12,9,19,23,24,14,,9,13,20,10,8,10,5,6,6,9,12,9,5,3,5,39,49,21,14,13,9,17,11,16,23,17,11,42,47,46,21,18,45,19,56,53,53,58,38,58,47,,11,13,17,,16,32,26,21,31,44,61,,39,44,14,28,70,28,14,21,44,37,13,41,31,21,,21,,10,19,29,23,25,22,31,27,37,,39,20,31,25,10,10,,16,18,24,15,34,20,41,42,28,12,25,6,,9,5,13,2,4,,2,2,17,5,22,4,6,7,31,19,21,4,2,3,22,39,44,8,14,19,15,14,15,14,4,1,8,6,7,8,12,10,10,7,9,5,92,5,8,12,22,,14,16,4,30,8,24,4,2,17,5,6,6,1,7,4,9,9,10,18,23,40,50,19,24,,34,30,18,26,14,30,14,18,51,14,12,3,50,53,54,60,61,36,37,32,23,28,,13,15,,23,14,8,13,40,21,41,21,18,17,18,6,13,26,90,26,21,32,23,31,31,24,,24,19,11,12,29,14,6,14,12,1,10,4,10,10,12,22,17,22,33,10,5,,16,35,23,15,19,31,28,36,,15,14,22,15,11,21,12,8,15,11,11,6,11,14,5,2,9,7,4,6,4,12,1,7,5,9,5,4,10,6,16,2,5,7,5,14,11,100,6,13,5,7,4,17,2,6,20,11,9,12,13,11,7,39,7,36,10,7,1,16,13,10,9,8,12,21,15,23,9,8,17,12,8,11,9,20,31,9,,12,13,5,8,14,21,10,7,10,13,12,2,16,10,15,9,6,12,14,11,9,3,14,7,15,12,10,6,13,4,10,,7,12,12,7,12,3,2,10,4,7,6,6,16,27,29,32,20,16,28,26,37,29,17,17,16,19,25,20,38,19,20,12,6,16,12,14,10,11,38,40,38,39,36,,46,61,36,,30,32,18,23,41,31,49,,49,31,23,29,19,36,29,13,32,42,25,40,47,,,30,16,13,13,9,14,12,10,12,14,12,25,22,17,11,4,10,12,10,10,3,6,6,4,2,6,,6,12,20,6,,6,7,15,9,17,5,,5,2,7,6,6,19,15,9,9,17,13,9,2,8,17,20,14,7,3,4,6,3,13,24,7,36,,8,17,41,19,27,35,35,34,16,16,14,19,32,41,42,26,27,14,36,20,43,19,11,24,13,25,21,19,17,36,15,8,2,13,2,25,9,28,21,16,20,16,8,5,14,28,28,13,4,31,33,11,11,5,28,11,5,16,56,149,73,39,20,33,,27,36,24,29,11,24,24,43,14,17,25,16,21,15,36,2,35,20,30,22,8,30,45,,50,,25,12,51,27,18,22,26,28,,10,,23,27,16,22,21,45,19,10,17,10,32,41,19,20,4,16,11,16,23,32,17,8,32,52,35,5,8,2,19,38,3,18,3,11,5,4,8,11,6,5,4,14,18,11,14,5,15,9,10,13,10,14,12,11,8,6,3,7,12,5,8,5,9,14,6,23,33,35,14,17,29,8,32,11,18,16,13,17,9,18,23,25,18,18,48,20,10,,10,7,7,11,12,42,10,18,13,35,18,25,19,15,14,,15,9,15,12,13,12,9,29,33,8,7,8,5,30,6,5,12,5,3,,13,4,12,13,1,3,,3,5,21,8,13,19,,3,3,11,8,3,12,8,4,10,9,8,9,1,10,,10,13,22,24,5,10,5,4,1,,2,11,4,8,2,3,6,9,23,19,6,19,6,12,17,14,16,5,2,12,10,7,7,10,3,,7,4,6,15,,2,10,6,10,11,18,9,18,14,14,7,16,15,8,9,5,8,13,12,7,10,4,1,2,7,20,11,,12,9,7,7,12,9,10,25,8,11,5,15,8,6,5,4,9,4,8,4,7,10,13,9,13,14,14,14,26,16,14,12,25,13,11,8,10,7,2,7,16,14,12,8,24,,53,14,19,2,11,8,10,16,13,7,8,2,9,13,6,4,10,2,6,20,17,11,13,48,16,8,7,,42,1,8,4,2,11,7,,19,4,2,9,9,7,15,19,14,2,11,3,7,8,14,7,9,7,10,7,4,9,11,13,6,4,3,7,8,6,26,4,1,3,7,38,9,,4,8,2,17,7,6,55,9,17,12,,18,21,1,4,4,8,8,7,4,6,2,3,2,34,18,9,11,6,11,8,11,2,10,10,19,21,16,,5,4,11,8,6,1,16,13,15,51
20160416,14,NO2_24h,31,26,28,38,39,39,49,,29,48,29,28,,53,50,30,49,44,53,,61,72,49,50,46,47,,38,27,26,29,29,17,19,72,80,61,84,83,83,24,49,68,52,50,38,41,26,47,35,27,71,30,29,44,16,20,15,14,24,25,24,22,19,14,53,45,38,48,63,59,52,23,31,25,42,37,46,32,18,,8,16,18,19,6,16,30,12,25,14,13,15,30,18,12,24,29,30,,27,65,28,38,37,,27,29,33,12,22,19,22,23,16,31,14,62,44,56,37,48,19,17,25,24,42,37,38,28,,82,91,54,31,82,29,48,32,51,41,41,39,41,32,29,26,20,32,37,39,47,34,48,53,32,33,33,43,34,42,42,40,39,42,30,36,28,41,41,24,29,19,36,43,46,26,48,39,45,39,33,36,27,37,31,46,29,24,48,53,33,41,37,23,46,35,17,35,,37,36,28,43,30,54,47,19,51,,16,44,24,27,27,24,44,64,34,31,48,42,12,57,20,48,59,,51,38,50,15,16,18,32,,10,25,27,,59,81,56,30,19,40,,35,,29,38,,39,22,22,21,,,44,34,27,44,33,36,31,29,33,41,44,22,26,44,68,45,38,11,41,30,59,58,69,53,67,14,46,48,33,26,26,10,27,46,14,31,26,27,25,30,34,11,,36,9,20,20,9,42,24,15,16,20,26,43,50,34,28,25,30,38,31,23,19,23,37,30,31,28,17,25,32,25,18,28,11,22,16,39,37,24,25,16,49,41,,38,44,33,53,49,25,48,33,23,31,27,33,33,17,51,8,16,28,30,25,26,28,10,51,49,52,37,32,9,43,45,14,8,8,5,18,15,16,,32,28,36,34,34,17,22,23,12,13,29,24,24,,31,16,46,16,25,44,40,35,6,13,19,,26,13,34,18,25,16,26,31,24,13,47,21,,33,22,,27,51,34,38,44,41,42,,29,20,12,45,13,22,16,26,29,51,18,32,17,11,17,6,31,21,16,34,22,11,45,19,37,30,41,30,29,34,39,19,25,21,16,19,40,29,26,13,25,32,23,,28,13,5,25,28,27,30,29,35,42,40,41,48,36,14,25,29,30,20,28,27,33,37,22,,8,13,33,16,14,10,11,11,12,16,16,13,10,8,11,30,30,20,20,14,10,24,13,28,27,17,15,37,34,40,47,49,50,19,36,35,35,35,24,38,38,,21,22,27,,23,37,27,26,32,46,47,,38,31,14,28,54,26,11,22,31,16,11,16,15,17,,18,,18,27,30,35,24,26,37,23,10,,23,13,20,39,21,27,,22,24,28,19,32,26,26,21,23,20,26,9,6,10,7,17,5,3,,4,5,21,27,34,11,17,14,21,15,14,6,4,6,33,51,47,16,20,24,28,28,28,24,4,6,17,18,28,38,21,23,25,13,19,12,29,11,14,18,32,,29,22,7,27,14,29,7,5,48,38,32,36,22,23,8,12,10,14,15,16,23,36,19,15,,27,33,17,26,12,29,20,25,55,14,12,7,41,51,45,48,51,33,21,34,21,30,,10,19,,24,18,10,17,70,28,49,25,23,21,20,9,19,29,30,20,12,29,18,21,23,39,,28,25,15,10,35,19,4,38,24,10,38,26,21,25,23,31,25,31,47,19,19,,24,41,34,33,17,28,27,27,,24,25,27,17,36,45,39,31,40,38,30,20,34,21,10,10,15,14,12,11,6,21,3,17,16,20,5,8,45,26,41,13,10,13,16,12,18,19,13,24,10,8,6,27,29,31,27,14,17,22,20,15,11,47,16,34,27,8,5,18,20,15,18,17,21,28,21,40,19,11,25,22,35,20,19,30,39,18,,25,16,9,14,26,29,35,11,26,17,18,6,31,38,40,10,20,34,40,24,32,34,40,18,35,31,27,9,14,9,18,,7,19,31,19,14,6,2,12,12,29,18,17,23,32,28,36,18,16,10,13,28,26,13,13,22,31,18,23,31,12,18,9,7,22,11,13,10,12,39,49,38,33,32,,33,37,48,41,36,38,21,20,37,31,43,29,28,29,19,44,32,21,18,28,49,42,31,49,57,,,28,22,15,15,9,13,14,21,17,22,18,36,39,34,8,16,14,8,14,13,20,22,15,19,22,12,,14,20,22,8,,8,3,20,14,22,18,,13,10,11,10,19,30,24,9,10,20,23,20,15,24,21,20,28,7,4,8,9,4,34,41,34,52,,6,11,20,18,27,43,18,35,19,18,21,23,34,38,37,22,27,20,29,37,47,32,18,27,17,39,33,28,11,21,20,8,2,11,2,34,13,33,33,18,22,13,17,6,14,36,28,18,10,33,49,23,21,12,31,21,11,13,63,35,45,31,34,22,,28,33,18,32,10,22,28,29,35,41,56,41,44,33,67,8,53,35,36,27,11,35,45,37,41,,22,17,57,29,17,25,22,30,,17,60,38,38,27,37,29,40,24,38,20,28,31,33,32,20,2,19,20,16,30,45,37,19,26,47,41,4,9,5,19,17,3,16,10,18,13,14,17,31,30,20,7,22,20,23,18,5,11,6,7,12,13,17,22,19,22,18,3,25,24,11,13,9,15,11,18,20,37,32,28,31,42,19,38,17,21,27,32,27,24,22,28,32,21,21,48,20,24,,20,19,24,23,25,55,22,21,14,32,34,30,22,14,28,,16,11,14,17,19,19,16,25,24,30,23,23,24,43,19,16,14,9,3,,12,9,10,15,5,23,20,20,20,31,19,28,26,,12,11,16,12,12,31,27,22,35,11,12,13,3,12,,24,25,33,33,4,14,13,12,3,,16,14,10,19,5,9,21,15,16,30,17,29,7,13,17,18,18,14,10,21,24,12,15,20,11,23,10,12,14,28,,8,15,12,17,16,30,20,27,15,18,12,28,16,18,18,11,19,24,21,19,9,23,21,18,6,25,16,,17,19,24,25,34,19,17,41,17,12,4,21,28,23,7,8,14,11,13,8,8,16,33,26,10,14,10,12,23,15,16,31,23,26,21,13,14,11,17,16,15,13,13,10,20,,32,18,13,3,10,6,8,15,26,27,18,4,25,33,14,14,19,21,21,40,26,15,15,39,33,8,7,,24,22,14,16,16,19,10,,24,5,6,22,14,12,21,28,21,22,32,21,22,9,16,7,8,11,23,12,4,31,23,20,12,13,13,28,29,16,40,6,6,9,22,59,25,,7,8,11,26,9,5,16,13,14,18,,31,53,7,16,13,19,31,32,13,17,3,4,3,42,36,10,28,32,37,19,41,42,41,26,34,25,19,,12,2,13,25,17,23,26,48,15,62
20160416,14,O3,86,83,88,81,82,78,84,,64,66,89,86,,74,76,25,76,78,99,,69,61,67,78,42,84,,100,47,100,99,80,54,42,52,65,65,61,50,48,89,95,76,89,80,66,58,70,71,103,101,113,83,97,65,96,95,93,83,80,88,87,98,88,92,69,82,84,105,69,83,71,85,92,78,88,61,74,57,56,,64,66,63,56,64,101,81,89,100,109,82,83,84,80,86,79,108,96,,138,61,111,101,110,,149,72,83,96,62,114,101,83,95,87,95,75,69,48,93,70,98,139,92,93,110,22,13,115,,12,8,57,32,25,64,26,59,70,53,68,74,85,62,82,65,76,26,24,37,41,37,39,32,42,70,68,54,73,70,72,75,77,67,42,38,46,13,37,75,75,76,65,58,65,70,64,41,63,70,6,38,39,44,66,88,67,77,69,80,83,41,44,38,51,40,41,38,,47,42,,43,21,45,46,55,30,,38,30,59,47,59,73,36,29,55,34,34,38,42,23,52,12,21,,19,24,16,93,86,101,75,,113,80,71,,29,45,38,56,48,,,60,,73,69,,80,78,93,91,,,28,41,30,87,105,70,5,12,35,55,36,46,63,52,51,44,169,60,51,44,18,24,40,31,1,74,53,99,50,67,77,77,55,58,70,85,73,43,54,50,39,47,,39,73,113,81,61,49,19,85,75,16,90,102,72,104,91,82,39,82,70,114,62,99,75,76,72,111,71,83,106,118,79,136,117,121,102,106,120,99,110,104,63,62,,24,21,68,19,53,52,40,50,50,57,41,47,9,42,86,41,74,38,54,66,54,51,81,66,72,71,68,55,85,82,94,55,58,62,58,68,63,51,,48,52,50,52,56,62,53,58,44,40,95,98,95,,175,225,117,148,200,178,246,178,95,139,59,,94,91,109,109,90,125,106,109,109,106,73,115,,112,98,,118,143,96,115,109,106,128,,114,71,130,127,127,123,135,132,137,127,139,125,138,137,139,138,132,108,114,118,,125,117,113,109,112,119,103,101,94,123,118,84,95,150,111,118,95,86,151,99,94,73,,64,91,119,97,80,115,94,77,56,20,51,69,43,64,38,111,89,101,115,120,104,117,112,102,,167,104,104,63,93,83,95,79,90,106,91,90,67,104,98,105,73,106,108,133,172,137,136,117,125,133,103,81,49,102,48,45,31,34,37,37,66,29,38,54,52,,129,81,54,,81,41,29,38,32,66,36,,54,62,43,58,49,42,74,72,51,65,73,59,71,85,,103,,105,46,32,42,60,44,48,56,58,,54,20,81,119,127,120,,53,43,15,63,37,101,119,86,144,87,82,76,56,55,87,95,46,60,,61,72,42,54,47,54,58,61,34,38,31,66,49,66,36,35,32,152,131,149,77,92,108,108,80,16,106,136,69,95,89,81,84,101,86,93,80,95,78,98,118,,115,80,109,90,73,69,95,78,95,104,97,112,119,109,89,83,56,36,67,48,74,63,100,98,,115,122,136,90,140,118,143,133,88,125,154,163,81,94,95,85,97,118,101,121,125,108,,137,87,,74,110,109,79,93,62,46,117,73,78,85,92,100,20,51,55,37,38,16,33,35,36,,25,54,42,26,67,81,73,99,116,126,94,113,134,97,101,85,87,42,74,99,92,,75,63,101,54,81,66,78,34,,123,57,110,121,119,92,109,99,117,122,121,102,103,102,157,125,135,135,106,84,93,101,29,51,101,97,100,89,159,151,130,214,101,129,100,206,153,145,148,155,170,61,68,113,120,119,95,57,67,69,106,98,97,69,109,132,155,144,129,158,115,22,11,94,86,96,163,138,81,88,88,149,60,84,82,104,120,107,,114,164,154,136,108,98,121,118,156,125,124,121,119,117,127,120,123,117,113,146,129,128,132,100,122,117,105,113,115,89,85,,107,112,109,106,107,112,58,137,63,84,80,113,92,100,50,51,69,68,94,72,75,87,101,112,120,115,101,71,101,120,102,72,72,98,103,111,92,112,60,66,62,60,68,,51,,63,,77,73,26,4,31,37,63,22,63,45,12,55,33,,66,31,88,37,62,44,68,,,86,59,109,75,81,78,78,68,70,73,74,62,65,77,112,117,48,124,119,100,103,100,107,93,98,99,,98,102,64,64,,60,50,94,129,102,84,,41,116,99,92,81,68,109,105,110,110,110,95,95,51,57,73,76,114,89,42,127,117,67,99,64,49,,130,112,68,87,195,100,90,142,73,72,53,36,86,77,82,110,115,113,105,131,79,73,81,72,76,86,83,81,40,39,51,30,76,73,69,87,54,42,62,70,75,78,82,31,41,33,22,58,34,40,83,77,90,,38,37,94,80,20,120,100,42,47,36,,50,42,14,52,67,46,66,66,82,34,62,54,95,67,21,2,23,33,90,71,82,129,34,,16,,20,54,88,25,81,88,103,92,,14,,34,32,61,50,48,23,41,51,57,38,38,31,52,42,,43,58,31,23,26,30,42,36,33,29,101,64,87,88,74,87,125,99,131,77,157,59,100,137,103,85,76,69,87,82,102,97,94,101,106,82,79,96,71,103,52,,103,96,86,87,90,84,66,101,92,73,75,61,64,65,81,84,91,70,71,88,70,97,95,79,76,88,88,74,76,121,,110,108,125,45,53,52,52,78,80,79,71,76,99,31,76,,72,84,121,99,120,110,135,74,82,85,118,115,82,110,107,98,80,102,83,,92,99,87,106,102,103,78,100,84,85,99,92,53,,105,106,100,103,117,109,112,105,113,115,110,113,81,76,,120,85,107,110,105,101,109,97,96,,98,108,97,96,108,92,129,219,23,132,178,87,45,43,109,118,106,139,142,151,169,124,118,112,120,147,91,56,93,88,,153,137,159,158,107,110,129,137,57,121,62,123,113,116,123,124,87,92,98,86,92,109,112,112,131,113,123,,110,167,73,102,130,82,21,130,18,82,107,88,70,87,110,121,131,126,129,81,129,130,25,51,153,144,121,125,137,106,48,139,174,17,140,128,128,109,34,113,98,127,151,154,118,,67,140,132,132,146,90,68,,86,181,48,75,102,121,168,194,174,167,147,125,241,94,68,117,157,66,32,89,42,137,145,90,115,90,98,,82,13,52,110,96,83,93,98,93,122,122,70,127,66,94,95,131,119,128,80,103,104,99,117,107,70,106,113,109,100,109,58,87,94,112,109,101,,108,103,135,91,127,112,109,125,21,67,,77,75,87,103,61,58,43,106,146,166,54,52,124,42,46,105,99,108,172,119,119,75,133,101,61,93,116,,104,100,104,131,127,83,88,46,92,20
20160416,14,O3_24h,146,96,149,168,158,136,130,,84,68,144,137,,155,171,53,196,191,197,,171,127,190,142,106,206,,156,114,165,139,130,91,188,146,150,132,144,157,149,188,172,201,194,213,229,178,220,215,178,146,161,141,144,99,129,136,123,140,89,182,162,200,168,185,112,164,198,203,184,246,238,208,222,203,216,167,194,155,85,,90,86,78,82,93,112,106,155,100,142,82,89,89,81,86,99,153,152,,177,81,156,144,137,,175,150,138,138,143,159,158,154,150,141,127,134,115,108,137,113,131,151,135,128,151,86,98,122,,63,42,84,81,68,78,62,91,122,121,121,176,134,130,163,152,141,162,138,202,170,216,175,151,177,155,136,118,144,126,143,144,146,136,140,138,116,37,127,197,174,143,184,195,186,190,64,120,187,163,199,121,128,132,132,164,140,179,118,173,168,100,146,143,164,124,137,125,,105,118,74,92,115,126,125,195,120,,159,134,147,141,142,142,116,83,144,103,127,117,127,162,135,134,122,,177,136,106,118,123,128,133,,142,132,102,,48,45,67,115,127,64,,180,,158,158,,152,126,124,114,,,100,105,113,87,121,96,118,122,91,116,121,107,170,140,127,123,214,165,133,67,32,74,101,71,58,94,60,102,71,99,92,131,60,76,86,96,109,171,194,176,166,189,,180,196,137,141,118,111,133,150,100,120,148,237,144,239,190,210,150,166,161,254,96,121,112,103,114,138,100,122,108,118,79,136,117,121,102,106,120,99,110,104,63,62,,24,21,68,19,53,52,40,50,87,97,99,85,93,81,91,91,119,113,77,87,71,57,81,66,72,71,68,55,85,82,94,146,58,62,60,68,63,51,,51,52,51,53,56,93,71,77,89,115,95,98,95,,175,225,117,148,200,178,246,178,99,157,62,,94,91,109,109,97,125,106,109,109,106,73,115,,112,116,,118,143,96,115,109,106,128,,114,93,160,138,160,145,165,148,146,160,152,127,138,137,140,138,133,108,148,178,150,166,164,160,109,112,119,103,101,94,123,118,84,95,150,111,118,95,91,151,99,94,99,,83,124,119,99,87,125,96,84,78,25,51,90,49,109,40,111,89,101,115,120,104,117,112,102,,183,104,104,63,118,107,118,98,112,128,91,100,85,104,110,168,149,158,152,133,172,137,136,176,222,215,152,131,88,152,54,52,49,53,171,167,167,134,147,182,172,,243,261,148,,219,156,90,149,95,208,145,,118,168,147,206,174,170,188,162,149,182,137,178,119,187,,214,,190,192,158,193,205,187,206,104,132,,109,200,158,240,228,235,,53,43,24,63,45,101,125,101,144,95,93,94,67,66,98,111,112,70,,67,79,76,60,66,96,88,108,56,53,56,69,52,70,36,35,32,152,131,149,77,92,108,108,80,18,106,137,74,95,135,152,162,108,92,93,94,102,78,138,175,,158,126,109,90,73,69,101,78,95,104,106,116,119,142,137,131,85,113,164,113,154,130,167,171,,153,145,165,120,163,142,177,142,117,129,173,189,157,143,196,178,169,148,139,139,148,145,,170,94,,92,123,125,89,93,81,72,117,102,114,124,112,127,130,106,113,87,161,91,151,174,133,,46,64,47,57,77,87,112,149,136,170,125,166,179,131,206,205,178,91,196,173,161,,147,160,244,123,219,167,167,87,,123,132,124,125,119,92,109,99,117,122,121,102,104,104,157,132,139,140,106,84,93,127,107,51,101,100,101,89,159,151,130,214,140,262,114,206,153,145,148,155,170,82,93,113,120,119,95,57,67,69,106,98,97,69,109,138,155,144,129,158,115,52,55,104,86,96,163,138,82,88,88,149,61,88,84,107,120,107,,114,164,154,136,108,98,121,118,156,125,124,121,119,117,127,120,123,117,113,146,129,128,132,100,122,117,159,113,119,89,99,,118,126,116,115,150,112,70,138,63,91,88,117,165,229,209,352,109,89,154,118,122,122,141,142,181,176,185,143,177,197,189,139,84,103,124,126,100,122,119,146,143,134,135,,128,,126,75,144,131,85,16,163,137,136,166,245,124,100,150,129,,143,78,128,63,100,75,104,,,113,74,109,162,161,186,199,168,172,178,180,62,65,98,112,204,99,124,220,198,122,119,118,107,110,139,,133,141,64,64,,60,50,124,159,133,84,,44,122,117,99,95,99,136,105,110,124,123,104,101,58,94,110,116,132,125,43,127,118,115,141,98,77,,183,164,122,134,219,117,123,189,130,139,87,55,134,108,121,135,148,120,118,139,79,94,98,108,124,95,84,91,78,40,94,102,100,100,87,110,82,58,76,109,81,88,85,31,41,112,94,105,61,124,166,82,96,,88,67,94,86,329,129,102,189,192,188,,141,130,104,151,152,155,210,210,115,92,110,60,112,113,27,37,54,33,90,86,90,223,93,148,91,,78,142,256,91,84,91,151,94,,141,265,94,75,83,70,59,68,83,64,83,141,69,69,68,78,,87,102,76,47,59,48,63,76,92,69,133,81,108,99,110,88,125,99,131,77,159,59,117,137,103,124,102,98,114,114,102,97,94,101,106,119,82,101,73,103,52,,103,96,92,87,91,84,70,117,125,87,89,169,162,166,195,183,218,174,130,174,131,193,269,170,179,161,185,159,174,146,,141,146,168,177,181,181,194,149,169,176,95,110,129,41,98,,72,105,145,119,126,112,135,129,123,113,118,115,82,110,130,120,103,133,96,,101,104,106,125,124,103,78,102,84,85,99,92,53,,105,108,102,103,129,109,112,105,113,115,110,127,90,81,,120,85,107,110,105,101,109,97,96,,98,108,97,96,108,92,129,219,23,132,178,88,47,47,111,118,107,139,142,151,169,124,118,112,144,150,91,58,97,102,,153,262,159,158,107,110,129,137,57,121,62,123,113,116,123,124,88,92,98,93,92,109,112,112,131,113,123,,110,167,73,102,130,82,36,188,19,83,107,88,70,87,110,121,131,126,129,81,219,130,28,91,153,146,138,142,138,117,48,156,174,18,156,135,136,119,41,113,107,141,151,154,118,,90,141,132,132,146,94,72,,89,181,48,75,105,130,168,194,174,167,156,125,241,96,91,148,176,85,48,103,80,149,157,101,130,119,129,,87,20,66,135,124,83,93,98,93,122,123,70,127,66,94,97,131,119,128,80,103,104,99,117,107,79,121,113,110,110,113,58,87,94,112,110,101,,109,103,139,116,141,112,141,126,60,76,,85,82,87,105,72,59,45,106,157,176,59,57,142,45,48,118,111,133,200,135,152,84,166,124,71,98,117,,113,107,107,156,150,84,88,54,149,20
20160416,14,O3_8h,61,80,74,63,59,55,64,,50,58,66,73,,68,72,24,74,73,86,,63,62,68,76,41,84,,74,29,29,70,63,40,80,62,68,60,51,53,54,111,73,93,110,101,67,59,68,68,80,73,84,61,73,44,89,87,84,87,76,73,74,87,76,72,49,51,60,68,66,77,70,73,82,69,81,60,66,54,45,,52,44,44,40,48,79,65,77,86,102,68,75,74,73,78,80,108,115,,131,63,118,102,107,,129,99,92,112,86,123,119,111,110,103,104,66,59,46,82,64,89,114,80,89,105,40,17,109,,24,16,63,44,25,60,25,53,79,72,66,89,66,76,90,86,86,28,27,43,36,34,41,27,40,60,48,34,52,45,48,49,53,45,50,49,54,13,40,93,91,77,86,38,37,43,41,34,42,42,7,31,34,42,69,64,56,84,47,61,77,33,53,43,53,40,50,38,,44,47,3,47,24,37,47,47,26,,37,26,61,56,60,76,32,22,41,28,14,17,45,29,22,9,12,,28,19,10,83,86,99,78,,109,84,73,,24,24,26,44,40,,,42,,57,56,,57,61,70,86,,,20,26,20,31,73,30,16,20,25,29,16,32,40,31,31,33,113,48,40,49,23,26,46,28,10,44,42,41,36,54,53,57,30,36,61,53,66,34,38,35,34,37,,35,50,128,114,102,84,94,130,88,93,101,65,42,57,45,66,35,41,41,62,47,76,60,58,49,83,51,57,78,101,54,100,79,89,73,79,78,70,79,80,19,19,,13,9,31,8,19,26,11,20,35,49,44,37,30,32,72,40,62,39,36,54,54,35,66,24,27,23,36,28,53,27,28,39,44,52,49,42,40,33,,24,33,28,26,35,45,36,43,41,48,42,50,51,,85,104,49,72,84,85,104,85,94,103,55,,70,64,60,56,48,77,66,60,75,63,39,73,,72,49,,73,92,48,53,49,54,60,,57,53,90,90,100,89,91,99,105,102,100,105,111,115,116,116,105,78,97,87,,109,65,85,55,57,62,60,52,47,60,72,52,67,83,59,57,79,72,139,77,73,59,,51,70,83,64,55,84,72,56,56,11,22,42,27,59,27,73,58,67,77,82,67,72,70,59,,123,68,67,53,83,76,83,70,81,92,80,79,60,91,86,116,98,112,104,115,153,118,113,97,113,138,115,91,57,108,20,14,16,34,50,54,70,33,42,58,54,,84,77,48,,68,32,22,31,22,58,28,,33,48,49,55,48,36,76,74,67,87,74,82,82,73,,88,,81,35,29,36,64,38,41,73,103,,64,92,77,83,96,86,,40,33,12,45,33,42,67,60,64,64,59,63,45,55,77,75,34,62,,59,67,23,31,34,63,62,66,32,36,33,56,42,56,17,12,17,77,62,75,49,53,58,74,57,12,65,85,42,55,73,57,62,88,76,79,78,86,65,71,88,,90,52,68,50,39,43,58,55,58,62,68,64,81,80,80,76,52,41,97,74,88,86,119,112,,134,126,146,99,146,127,114,123,80,120,151,151,91,100,96,86,96,95,97,93,114,83,,134,73,,60,93,94,24,30,31,11,37,64,72,78,88,87,14,56,76,32,43,21,45,44,20,,16,27,22,22,35,43,83,49,51,68,45,58,83,56,83,68,77,38,55,87,78,,62,44,60,30,67,52,56,27,,72,27,66,75,77,53,62,61,78,83,85,73,81,86,121,103,110,110,83,69,72,76,53,34,72,64,90,72,106,98,86,196,68,92,58,136,106,86,106,106,112,64,70,31,28,36,24,39,41,47,65,67,59,41,58,79,87,78,67,81,56,21,29,51,54,40,68,51,32,63,48,74,36,45,59,79,110,96,,100,98,98,85,47,53,56,78,93,98,88,73,66,58,64,77,57,50,50,69,51,58,52,66,70,70,59,102,105,67,71,,87,78,73,82,89,97,56,109,41,66,70,106,63,74,33,26,74,75,130,29,100,105,118,127,113,106,112,88,105,127,93,66,65,82,88,91,86,106,46,45,45,58,66,,56,,51,47,68,67,25,4,30,32,56,34,77,34,22,32,24,,61,29,68,26,50,20,29,,,82,56,71,69,74,72,70,57,60,64,62,34,30,68,94,94,39,62,98,85,75,73,85,74,66,71,,80,79,40,43,,36,30,86,116,91,44,,29,98,84,74,52,39,79,94,97,88,87,76,91,48,54,74,74,103,83,39,119,114,56,84,56,41,,137,122,86,90,183,96,100,134,66,61,48,34,75,61,67,122,128,96,99,57,35,58,66,65,67,56,59,69,43,36,52,33,71,69,62,79,49,45,69,64,66,76,60,24,41,26,16,29,37,44,80,63,73,,36,34,74,67,24,101,87,40,26,41,,26,25,6,22,36,31,44,44,70,8,64,33,76,34,20,9,18,20,69,55,71,75,28,58,19,,20,39,97,16,66,57,67,89,,23,124,18,22,53,41,46,17,23,33,46,36,17,16,17,25,,46,54,44,28,36,38,44,33,32,27,55,44,67,66,60,72,77,60,70,51,116,39,86,93,80,95,74,68,82,83,60,60,61,60,61,75,72,84,63,86,41,,90,83,76,68,76,68,56,75,69,52,56,53,48,51,70,70,78,62,64,76,62,85,79,68,64,68,71,58,60,69,,56,58,60,41,50,54,45,67,69,72,48,48,65,24,51,,52,66,104,75,90,75,88,61,61,67,75,77,55,71,86,80,68,86,69,,67,74,66,78,76,60,54,75,53,60,70,64,40,,80,84,84,84,111,87,92,80,93,87,78,84,66,66,,97,69,77,84,75,66,66,59,68,,78,79,76,71,64,54,77,165,22,50,77,76,42,27,90,91,94,78,76,78,94,72,68,66,78,76,66,36,60,47,,109,50,100,103,62,59,64,72,29,67,34,65,66,66,73,77,40,46,46,44,59,46,53,51,78,65,73,,63,70,35,56,96,67,20,151,13,64,76,52,36,39,62,65,75,67,74,46,76,70,18,43,89,75,72,66,72,82,33,93,128,12,98,92,94,78,14,55,77,99,101,108,98,,47,91,63,99,101,80,56,,40,117,23,21,64,78,118,122,120,104,98,50,116,65,50,38,52,47,18,76,49,92,99,72,88,84,95,,52,17,45,59,52,39,42,39,38,90,86,49,90,30,56,58,111,98,99,71,58,48,53,84,80,64,98,68,71,81,90,51,85,73,78,70,55,,79,72,90,64,108,87,83,95,18,55,,47,46,48,95,59,38,30,67,112,108,50,49,121,21,25,54,45,86,154,97,107,54,102,70,52,70,87,,63,99,92,81,84,41,52,35,78,10
20160416,14,O3_8h_24h,105,83,106,115,109,91,80,,59,58,95,108,,102,118,37,116,121,127,,117,103,155,91,68,154,,122,86,139,115,103,71,159,132,121,113,117,117,128,166,132,159,164,172,181,139,174,175,143,126,130,116,131,86,111,115,101,114,81,155,143,174,150,164,77,103,116,131,148,205,196,188,193,180,172,127,150,120,80,,79,97,93,73,98,101,128,99,89,102,68,83,82,76,82,88,139,133,,160,65,137,129,123,,156,139,123,131,140,151,148,141,145,130,108,118,107,95,121,101,112,129,116,108,112,69,101,110,,58,39,63,76,64,76,53,88,118,120,116,140,118,126,138,145,131,152,131,187,158,196,161,143,165,145,125,100,123,110,127,126,131,124,135,135,114,34,117,175,171,134,166,182,171,177,41,113,171,145,91,112,120,131,125,153,119,170,103,156,158,91,135,130,148,111,125,113,,103,113,60,89,96,114,115,192,104,,139,118,141,136,135,139,108,70,133,93,119,104,118,145,123,122,114,,150,126,102,106,116,118,121,,135,122,95,,63,39,68,115,116,74,,151,,134,139,,124,112,111,107,,,81,91,85,86,116,91,105,113,85,113,108,99,153,123,113,111,114,150,126,64,40,80,109,87,81,79,60,66,52,74,67,102,53,37,69,59,96,168,187,187,156,184,,174,198,131,137,114,106,126,146,94,118,138,213,131,214,178,185,131,152,146,225,82,101,97,84,99,115,88,99,100,101,54,100,79,89,73,79,78,70,79,80,19,19,,13,9,31,9,19,41,11,30,82,90,79,77,75,78,72,78,118,112,68,81,54,50,66,24,27,23,36,28,53,27,28,53,44,52,49,42,40,33,,42,44,44,42,38,89,68,75,88,109,42,50,51,,91,104,53,82,102,103,115,95,102,143,66,,86,67,60,56,70,77,66,83,75,63,53,73,,72,67,,73,92,64,72,70,59,67,,61,68,132,122,144,123,148,131,120,132,111,111,111,126,123,121,120,94,141,162,144,161,151,153,55,57,62,60,52,47,60,72,52,67,83,59,58,84,77,139,79,76,86,,78,116,148,90,80,118,82,79,56,15,39,75,45,96,38,73,58,67,77,82,67,72,70,59,,173,68,67,53,106,90,108,89,101,121,85,95,82,105,105,157,142,151,136,126,156,127,129,157,189,202,136,122,75,140,60,61,47,66,182,179,180,118,129,162,157,,195,208,138,,204,131,77,127,99,212,164,,113,170,129,184,148,150,186,133,127,151,114,147,114,156,,182,,162,174,141,172,207,190,212,112,145,,96,150,141,196,190,195,,57,51,15,77,41,89,116,112,114,114,95,79,56,70,94,93,42,73,,69,81,62,54,55,114,106,118,53,47,51,67,48,67,21,15,17,95,62,83,72,73,69,103,57,12,72,117,58,81,134,151,162,108,88,83,92,111,76,137,175,,156,119,90,66,59,68,95,55,85,91,96,114,111,125,125,119,80,104,139,102,129,115,151,156,,140,129,153,106,155,137,161,136,104,121,166,176,139,127,171,150,153,138,131,132,136,131,,156,93,,95,124,122,83,82,76,64,116,92,104,114,105,114,68,95,92,79,149,80,145,161,125,,41,59,43,58,63,83,87,87,99,114,84,113,134,87,179,177,157,79,171,172,161,,150,149,226,118,200,145,151,80,,108,129,118,119,77,53,62,61,78,83,85,73,83,86,121,112,114,125,83,69,72,76,107,34,72,64,106,72,106,98,86,196,123,182,106,140,107,90,108,110,118,77,88,85,64,70,69,44,48,47,81,71,79,60,105,122,134,98,75,81,64,29,46,91,64,45,80,55,36,66,48,74,46,68,74,79,110,96,,100,136,126,85,49,53,61,100,112,98,97,90,80,90,90,95,64,54,55,84,75,71,56,66,70,70,156,110,116,85,92,,109,119,108,111,134,105,65,130,59,77,77,108,149,200,204,214,92,80,148,144,114,113,136,139,168,164,179,138,160,178,192,140,80,99,119,122,93,112,111,127,130,117,120,,110,,104,74,122,111,78,13,133,114,124,150,224,117,79,132,112,,138,72,122,67,84,53,82,,,110,72,71,139,136,158,155,155,161,167,167,46,62,92,94,182,86,62,170,179,123,120,119,110,123,132,,134,136,67,64,,56,47,114,141,123,84,,46,118,113,97,90,88,125,94,97,118,116,99,97,53,83,96,104,132,119,41,119,114,86,124,86,72,,174,153,118,122,208,110,120,167,121,105,80,52,118,95,109,122,139,111,103,91,44,81,88,96,111,87,89,94,77,37,91,93,94,95,82,108,77,60,78,110,80,91,81,24,41,105,89,107,58,117,142,78,91,,87,64,84,78,292,101,98,178,172,187,,135,126,99,151,142,119,183,182,82,63,84,56,103,102,27,32,26,29,80,76,89,154,94,147,81,,71,142,184,74,78,96,158,89,,112,181,88,43,74,63,59,70,91,79,90,36,76,75,73,76,,101,119,94,30,41,42,51,56,68,53,109,74,103,93,104,72,77,60,70,51,116,40,86,93,80,95,74,75,82,83,62,64,64,63,66,119,72,84,63,86,41,,90,83,76,68,76,68,58,82,102,81,79,148,146,146,170,162,190,150,128,170,129,187,204,155,160,150,169,147,161,138,,130,134,155,155,158,163,169,139,159,167,84,105,116,38,91,,60,94,129,105,116,102,120,120,112,95,76,77,65,72,122,114,104,130,88,,90,94,98,122,119,60,54,75,53,60,70,64,40,,80,84,84,84,111,87,92,80,93,87,89,101,78,72,,97,69,77,84,75,69,66,59,68,,78,79,76,71,64,54,77,167,69,108,128,85,42,38,104,109,101,93,104,99,117,99,93,88,118,130,66,54,80,83,,121,200,133,130,99,88,102,124,34,72,41,77,86,81,83,88,62,60,65,66,72,79,66,71,82,65,73,,63,70,38,61,96,67,26,184,16,77,105,60,37,42,71,77,78,70,82,63,119,105,25,67,144,140,128,136,130,109,44,98,158,15,140,128,125,107,30,76,85,116,141,143,98,,68,136,116,128,142,92,74,5,74,161,42,56,96,115,142,159,153,160,147,89,165,92,86,119,148,92,48,96,62,142,153,98,122,115,125,,85,20,61,126,113,67,76,70,69,104,101,51,103,52,70,84,111,98,108,75,95,74,73,103,97,71,112,89,88,101,106,55,85,73,93,85,86,,102,96,135,84,138,109,138,99,44,75,,78,76,48,103,64,54,43,98,149,167,56,55,123,40,44,109,101,128,190,124,140,76,153,102,66,89,109,94,105,102,103,132,129,79,78,43,151,10
20160416,14,CO,0.3,0.2,0.7,0.3,0.2,0.4,0.2,,0.2,0.3,0.3,0.3,,0.996,0.566,0.847,0.856,0.545,0.638,,0.848,1.384,0.558,0.781,1.005,0.568,,0.263,0.25,0.135,0.292,0.522,0.155,0.367,1.156,0.792,1.388,1.359,1.482,1.56,0.638,0.68,0.592,0.803,0.834,0.751,0.365,0.642,0.575,0.27,0.367,0.266,0.291,0.152,0.152,0.021,0.262,0.243,0.424,0.552,0.266,0.434,0.197,0.3,0.326,0.103,,0.26,0.433,0.823,0.77,0.594,0.34,0.285,0.389,0.372,0.319,0.519,0.502,0.648,,0.26,0.345,0.963,0.331,0.625,0.553,1.257,0.594,0.287,0.819,0.754,0.236,0.354,0.477,1.282,0.897,0.725,1.089,,1.101,0.601,0.855,0.86,0.55,,0.64,0.72,1.183,0.765,1.113,0.885,0.625,0.835,0.694,1.049,0.356,0.832,0.673,1.021,0.56,0.764,0.465,0.71,0.518,0.54,0.771,0.355,2.344,0.894,,1.151,1.454,0.945,2.348,1.779,0.984,0.773,1.034,0.567,0.734,0.744,0.506,0.885,0.631,0.451,0.701,0.718,1.488,0.971,0.807,0.382,1.357,1.28,0.865,0.908,0.963,0.584,0.949,0.731,0.825,0.692,0.663,0.947,1.078,0.703,0.769,0.706,0.935,0.563,1.384,1.353,1.787,1.929,0.997,1.417,1.294,1.152,1.527,1.249,1.302,1.925,0.634,0.903,1.057,1.209,1.374,1.548,0.954,1.895,0.961,0.662,2.482,0.772,0.796,1.102,0.571,0.867,0.885,,0.83,0.631,0.794,1.108,1.285,1.09,0.742,1.281,1.691,,1.8,1.07,0.762,0.955,1.012,0.968,2.008,1.557,2.111,1.975,0.794,0.852,0.438,0.716,0.601,0.882,0.932,,0.902,0.899,1.319,0.654,0.563,0.69,0.734,,0.607,0.737,0.836,,0.953,0.884,0.829,0.784,0.558,,,0.668,,1.388,0.692,,0.648,0.597,0.905,0.464,,,0.972,0.939,1.556,0.7,0.664,0.975,1.422,0.964,0.833,0.922,0.849,0.807,0.84,1.036,0.975,1.628,1.046,1.228,1.983,0.519,0.694,1.137,1.122,1.112,1.597,0.505,0.676,0.71,0.689,0.564,0.914,0.551,0.707,0.702,0.835,0.949,0.696,0.685,0.706,0.471,0.754,0.672,,0.592,0.476,0.684,0.759,0.92,0.801,0.576,0.485,0.388,1.006,0.745,1.543,1.257,1.718,0.845,1.105,1.418,1.063,0.913,1.042,0.483,0.361,0.641,0.55,0.698,0.797,0.651,0.557,0.538,0.65,0.233,0.593,0.527,0.459,0.575,0.252,0.293,0.27,0.601,0.523,0.881,1.266,,0.614,0.707,0.929,1.324,0.806,0.744,0.766,0.85,0.278,0.534,0.591,0.866,0.479,0.653,0.558,0.624,0.607,0.714,0.708,0.631,0.683,1.922,0.804,0.408,0.914,0.901,0.604,0.712,0.424,0.568,0.748,0.704,0.538,0.679,0.541,0.623,0.616,0.445,,0.615,0.442,0.693,0.476,0.515,0.869,0.685,0.608,0.674,0.266,0.847,0.796,0.566,,1.229,1.1,1.305,1.273,1.212,1.13,0.933,0.998,0.308,0.632,0.632,,0.66,0.284,0.204,0.223,,0.414,0.471,,0.465,0.732,0.498,0.461,,0.12,0.182,,0.648,0.344,0.535,0.78,0.375,0.489,0.795,,0.497,0.592,0.074,0.364,0.144,0.165,0.352,0.355,0.502,0.276,0.376,1.064,0.458,,0.632,1.508,0.405,0.937,0.432,0.351,,0.253,0.3,0.606,1.264,0.455,1.147,0.576,0.823,0.645,2.128,0.708,0.49,0.316,2.582,1.326,,0.662,0.317,0.757,0.728,0.688,0.401,,0.629,1.076,0.653,0.491,0.556,0.69,0.105,0.792,0.565,0.389,0.476,0.416,0.444,0.382,0.234,0.364,0.291,0.428,0.477,0.338,0.458,0.313,0.385,0.23,,0.298,0.212,0.566,0.377,0.663,0.636,0.467,0.595,0.644,1.096,0.745,0.396,0.252,0.323,0.351,1.438,0.965,0.633,0.484,1.39,0.67,0.049,1.936,0.815,0.458,0.274,0.811,1.559,1.449,0.867,0.585,0.465,0.661,0.654,1.467,2.227,1.695,1.333,1.077,1.099,1.037,,6.687,1.29,1.06,,0.741,1.289,1.11,1.061,1.015,1.292,2.037,,1.2,1.259,0.759,0.607,0.989,1.078,1.052,0.476,0.313,0.689,0.542,0.466,0.665,0.548,,0.591,,0.302,0.975,1.144,0.649,1.178,1.132,0.851,0.57,0.505,,0.453,0.277,0.598,0.958,0.459,0.432,,0.905,1.015,0.344,0.937,0.755,1.156,1.137,1.103,1.153,0.767,1.159,0.649,0.8,1.148,0.635,1.34,1.662,0.531,,0.724,0.483,1.169,0.581,1.109,0.952,0.6,0.614,1.126,0.928,0.959,0.599,0.756,1.024,0.82,1.029,0.822,1.333,1.16,1.205,0.818,1.024,1.156,0.973,0.844,1.25,0.639,0.637,2.143,1.9,0.966,0.861,0.837,0.95,1.818,0.323,0.751,0.359,0.42,1.063,2.565,,1.34,0.585,1.068,1.685,1.551,3.146,1.84,2.902,1.133,0.318,0.411,0.484,,,0.474,0.69,2.017,0.418,0.922,0.654,0.821,0.968,0.725,0.549,,1.003,1.947,0.506,1.771,0.588,1.133,1.194,1.435,2.754,0.859,1.005,0.429,0.889,0.911,0.978,1.378,1.302,1.002,0.94,0.878,1.108,0.959,,0.618,0.842,,0.207,0.613,0.393,1.365,0.449,0.737,0.617,0.547,0.754,0.49,0.527,0.648,0.65,0.868,0.793,1.781,0.812,1.016,0.837,1.37,1.666,1.43,,0.728,0.842,0.833,0.532,0.748,2.114,0.749,0.878,1.269,1.977,0.098,0.838,1.273,1.774,0.286,0.584,0.825,0.69,0.932,1.129,1.665,,1.086,1.72,1.33,1.202,1.902,0.928,0.811,0.954,,1.047,1.427,1.174,0.789,0.33,0.116,0.156,0.562,0.366,0.631,0.577,0.73,0.753,0.411,0.631,0.684,0.458,0.41,0.618,0.374,1.489,0.122,0.004,,1.612,1.131,0.757,0.586,0.745,0.578,1.068,1.003,1.348,0.731,0.823,1.162,0.928,1.136,1.026,1.292,0.87,0.63,0.487,0.494,0.985,0.287,0.441,0.447,0.284,0.283,0.567,0.298,0.478,2.409,0.98,1.819,2.146,,0.184,0.234,,0.359,0.155,0.328,0.217,0.916,0.94,0.594,0.738,0.403,0.239,0.774,0.112,0.6,0.451,0.091,0.519,0.362,,0.148,0.634,0.609,0.293,0.379,0.389,0.877,0.216,0.297,0.465,0.515,1.398,1.326,0.582,0.96,0.445,0.368,0.363,0.366,0.381,0.26,0.722,0.353,0.525,0.527,0.457,0.358,0.568,0.162,1.134,1.104,,0.685,0.373,0.354,0.301,0.952,0.742,1.092,0.417,0.36,0.487,0.455,0.394,0.647,0.77,1.309,1.421,0.5,0.3,0.505,0.768,0.705,0.406,0.478,0.304,0.564,0.047,1.509,2.606,1.254,0.405,1.19,0.663,0.552,0.421,0.825,0.784,1.253,0.758,0.602,1.121,0.873,0.854,0.768,,0.799,0.648,0.717,,0.896,0.877,0.702,1.014,0.833,0.668,,1.433,2.28,0.594,0.858,0.518,0.603,0.597,0.396,0.705,0.585,0.932,0.895,0.725,0.98,,,0.049,0.372,0.264,0.521,0.498,0.312,0.45,0.885,0.65,0.603,0.724,0.648,1.013,0.913,0.506,0.661,0.781,0.483,0.518,0.413,0.599,0.44,0.48,0.185,0.422,0.534,,0.475,0.355,2.066,1.515,,1.755,1.691,0.919,0.386,0.497,0.79,,1.084,0.252,0.396,0.279,0.363,0.8,0.763,0.26,0.189,0.334,0.399,0.403,0.452,0.19,0.434,0.498,0.686,0.377,0.645,0.341,0.572,0.231,3.417,1.424,2.268,1.069,,1.103,0.946,1.302,0.54,0.842,0.922,2.037,0.761,1.71,0.087,1.974,2.693,1.211,1.228,1.803,1.35,1.344,0.631,0.698,1.173,1.44,0.803,0.78,0.367,0.697,1.466,0.964,1.11,0.808,1.675,0.797,0.166,1.242,1.672,,0.544,0.382,0.808,0.828,0.913,0.585,0.585,0.383,0.975,0.383,0.806,1.385,1.144,0.759,0.383,0.717,0.07,0.188,0.227,0.38,0.474,,0.436,1.029,0.888,1.317,0.837,0.97,1.454,,0.947,0.822,0.982,1.307,0.823,1.269,1.543,1.529,0.778,0.751,1.15,1.636,0.534,0.679,0.644,0.671,0.726,0.548,0.263,0.705,0.498,1.195,0.827,0.857,1.056,,0.766,0.979,0.983,0.801,0.66,0.47,1.391,0.82,,0.526,0.85,1.44,0.543,0.478,1.03,0.286,1.464,0.19,0.764,0.292,0.74,8.237,3.043,0.857,1.048,0.124,1.101,1.313,0.984,0.824,1.35,0.587,0.605,1.317,1.844,1.326,0.863,0.848,0.864,1.025,1.013,0.795,1.148,0.245,1.142,0.852,0.512,0.793,0.102,0.97,0.23,0.775,0.64,0.603,0.071,0.522,1.426,1.146,1.518,0.854,1.207,0.062,1.24,1.009,0.723,0.535,0.381,0.459,0.704,0.545,1.272,0.967,1.339,1.7,2.314,0.703,0.605,0.432,0.408,0.408,0.481,0.682,0.543,,0.556,0.812,0.72,0.636,0.135,0.339,1.772,1.596,1.318,0.921,0.775,1.478,0.976,0.444,,0.554,0.722,0.487,0.69,0.446,0.277,0.44,0.784,0.67,0.801,1.195,0.965,1.916,0.955,1.215,,1.045,0.84,0.886,0.411,0.5,0.572,0.388,0.983,1.703,0.91,0.498,0.16,0.275,0.31,0.941,0.957,1.605,0.679,0.454,,,0.71,0.706,0.746,0.626,0.218,0.134,0.568,0.736,0.645,0.609,0.713,0.967,,0.684,0.649,0.469,0.606,0.125,0.064,0.125,0.026,0.109,0.85,1.181,0.886,1.178,1.007,,0.259,0.628,0.694,0.535,0.775,0.119,0.552,0.884,1.518,,0.555,1.112,0.184,0.604,,,,2.032,0.545,0.731,0.482,0.986,0.854,0.49,1.447,1.14,0.84,1.153,1.025,1.25,1.904,0.917,0.85,0.73,0.343,0.824,0.708,0.714,0.676,0.545,,1.001,0.791,1.131,1.104,0.41,0.06,0.597,0.72,1.507,0.57,0.634,0.959,0.303,0.095,0.264,0.308,0.302,0.359,0.349,0.496,0.234,0.13,0.167,0.172,0.257,0.276,0.541,,0.315,0.246,0.375,0.341,0.301,0.357,,2.064,0.921,0.272,0.048,0.558,0.406,0.461,0.267,0.324,0.299,0.202,0.287,,0.557,0.079,0.556,0.294,1.614,0.817,0.598,0.781,1.223,,0.469,0.479,0.475,0.4,0.569,0.505,0.4,0.392,0.126,0.636,0.331,0.452,0.769,0.529,0.372,,1.155,0.172,0.876,0.333,0.335,0.946,0.125,0.368,0.477,0.254,0.405,1.084,0.516,0.624,0.755,0.451,0.566,,0.414,1.457,1.256,0.576,0.643,1.02,0.582,0.092,0.088,0.809,,1.737,1.371,0.849,0.739,0.291,0.372,,1.218,0.415,0.295,0.25,0.492,1.436,0.92,0.779,0.64,1.075,0.27,0.842,0.92,0.237,1.02,1.386,0.787,0.586,0.188,0.299,0.366,0.247,0.353,0.776,0.83,0.601,0.217,0.445,0.805,0.438,0.263,0.214,0.507,0.274,0.428,0.417,0.903,,0.903,1.376,0.582,0.616,0.523,0.306,0.301,0.45,1.559,0.166,,0.197,0.502,0.374,0.558,0.36,0.051,0.316,0.078,1.047,0.564,0.273,0.294,0.493,0.31,1.209,0.951,0.08,0.338,0.271,1.492,1.484,1.774,0.367,0.316,,0.986,0.883,0.802,0.345,0.88,0.262,0.622,1.025,0.295,1.139,0.529,0.574,0.892
20160416,14,CO_24h,0.638,0.517,0.924,0.642,0.571,0.642,0.575,,0.617,0.625,0.575,0.542,,0.963,1.089,1.493,1.389,1.082,1.347,,1.587,1.372,0.972,1.155,0.941,1.087,,0.667,1.048,0.588,0.773,0.972,0.439,0.655,2.168,2.071,2.497,2.845,2.638,2.558,0.802,0.886,0.822,1.195,0.984,0.923,0.667,0.822,0.751,0.701,0.693,0.679,0.687,0.485,0.966,0.147,0.383,0.356,0.504,0.635,0.54,0.665,0.457,0.581,0.57,0.779,0.686,0.883,0.864,1.293,1.082,0.946,0.62,0.552,0.645,0.761,0.645,0.833,0.965,0.499,,0.336,0.465,1.138,0.524,1.059,0.665,1.275,0.525,0.347,0.842,0.607,0.271,0.326,0.522,1.301,0.926,0.782,0.93,,1.206,0.682,0.94,0.876,0.76,,0.786,0.686,1.24,0.919,0.83,0.906,0.623,0.861,0.716,1.035,0.346,0.926,0.789,1.004,0.752,0.853,0.663,0.85,0.704,0.707,0.853,1.171,2.043,0.762,,1.166,1.096,0.793,2.035,1.46,1.634,0.991,0.654,0.397,0.463,0.599,0.427,0.75,0.369,0.412,0.603,0.621,1.367,0.632,0.39,0.408,0.863,0.972,0.673,0.337,0.635,0.43,0.687,0.597,0.619,0.518,0.543,0.825,0.814,0.609,0.672,0.607,0.75,0.416,0.812,0.86,0.896,0.831,0.993,1.454,1.342,1.552,1.38,1.122,1.28,1.32,0.505,0.748,0.857,0.93,1.216,1.366,0.664,1.633,0.741,0.442,2.201,0.698,0.583,1.076,0.706,0.582,0.651,,0.524,0.47,0.605,1.041,1.145,1.254,0.717,1.252,1.779,,1.754,1.085,0.634,0.707,0.867,0.832,1.609,1.232,1.83,1.621,0.567,0.616,0.313,0.45,0.402,0.665,0.736,,0.675,0.704,1.065,0.514,0.462,0.558,0.564,,0.45,0.559,0.701,,0.858,0.978,0.84,0.481,0.375,0.304,,0.656,,1.323,0.635,,0.862,0.659,1.007,0.408,,,0.727,0.715,1.262,0.758,0.602,0.79,0.506,0.325,0.54,0.764,0.815,0.688,0.582,0.87,0.876,1.421,0.824,1.006,1.646,0.633,0.463,0.962,0.952,0.949,1.078,0.608,0.927,0.814,0.875,0.696,0.883,0.464,0.844,0.947,0.861,1.063,0.809,0.84,0.924,0.674,0.913,0.825,,0.752,0.702,0.68,0.687,0.719,0.629,0.484,0.47,0.295,0.945,0.536,1.508,1.214,1.689,0.828,1.09,1.397,1.173,0.878,1.09,0.662,0.6,0.871,0.689,0.88,0.955,0.852,0.741,0.744,0.789,0.56,1.203,0.749,0.848,0.818,0.714,0.756,0.604,0.95,0.874,0.946,1.318,,0.741,0.866,0.961,1.262,0.832,0.763,1.19,0.949,0.406,0.727,0.669,0.969,0.511,0.71,0.682,0.655,0.668,0.837,0.785,0.63,0.715,0.763,0.639,0.451,0.856,0.978,0.599,0.791,0.421,0.72,0.857,0.793,0.523,0.694,0.972,0.598,0.716,0.6,,0.774,0.628,0.851,0.649,0.686,0.776,0.69,0.693,0.704,0.332,0.928,0.808,0.652,,1.089,0.953,1.135,1.113,1.094,1.045,0.836,0.926,0.334,0.583,0.519,,0.586,0.266,0.399,0.256,,0.559,0.612,0.203,0.682,0.827,0.572,0.563,,0.264,0.266,,0.887,0.52,0.71,0.929,0.538,0.672,0.964,,0.665,0.555,1.351,0.704,0.318,0.379,0.435,0.496,0.741,0.474,0.467,1.255,0.522,0.171,0.749,1.703,0.518,1.12,0.35,0.812,0.354,0.186,0.484,0.54,1.481,0.765,1.452,0.733,1.104,0.862,2.374,0.831,0.701,0.486,3.087,1.509,,0.676,0.286,0.759,0.752,0.626,0.481,,0.885,1.173,0.691,0.648,0.598,0.764,0.437,0.886,0.543,0.604,0.738,0.562,0.669,0.366,0.376,0.727,0.682,0.912,0.939,0.782,0.867,0.758,0.747,0.812,,0.381,0.498,0.961,0.995,0.684,0.608,0.476,0.622,0.707,1.104,0.644,0.487,0.253,0.385,0.438,1.459,0.947,0.709,0.565,1.548,0.903,0.374,2.063,1.025,0.7,0.377,0.868,1.342,0.984,0.911,0.997,0.856,0.709,0.638,1.346,1.16,1.076,1.361,1.079,0.942,1.233,,1.125,1.462,1.415,,1.09,1.256,1.034,0.977,0.889,1.068,1.549,,1.209,1.219,0.745,0.556,0.608,0.919,0.715,0.558,0.441,0.638,0.581,0.471,0.653,0.629,,0.781,,0.445,1.052,1.17,0.981,0.728,1.875,0.595,0.487,0.377,,0.418,0.785,0.586,0.929,0.736,0.737,,0.957,1.103,0.505,1.16,0.781,1.236,1.209,0.871,0.931,0.81,1.073,0.618,0.755,1.134,0.579,1.324,1.63,0.536,,0.751,0.511,1.202,0.977,1.274,1.064,0.741,0.722,0.917,0.812,0.84,0.618,0.835,1.017,0.854,1.18,0.739,1.358,1.364,1.08,1.166,1.223,1.242,1.192,0.776,1.328,0.537,1.069,3.381,2.923,1.188,1.187,1.206,1.132,1.667,0.434,0.718,0.449,0.525,1.024,2.888,,1.683,0.84,1.324,1.974,1.975,3.308,1.967,3.319,2.143,0.797,0.948,0.873,0.601,0.692,0.514,0.721,1.981,0.604,0.941,0.66,0.801,1.299,0.846,0.601,,0.831,2.042,0.62,1.849,0.714,0.933,1.29,1.69,3.229,0.887,1.059,0.502,0.931,0.755,1.004,1.207,1.252,0.75,0.618,0.656,0.758,0.672,,0.502,0.902,,0.267,0.668,0.605,1.411,0.713,0.821,0.911,0.589,0.864,0.605,0.628,0.741,0.794,0.567,0.581,1.509,0.516,0.578,0.561,0.654,0.583,1.1,,0.709,0.849,0.87,0.599,0.799,1.952,0.715,1.26,2.288,2.513,0.869,1.574,2.205,2.287,0.55,0.681,1.265,1.04,1.283,1.428,1.985,,1.366,1.829,1.618,1.162,1.921,0.819,0.76,0.878,,1.18,1.511,1.233,0.87,0.843,0.569,0.67,0.973,0.788,0.93,0.881,0.996,1.063,0.622,0.886,0.941,0.792,0.589,1.216,0.745,1.655,0.525,0.092,0.463,1.823,1.761,1.05,1.35,1.391,1.079,1.7,0.923,1.291,0.798,0.928,1.091,1.136,1.298,1.208,1.47,1.006,0.746,0.548,0.605,0.953,0.706,0.587,0.59,0.468,0.413,0.679,0.373,0.571,2.762,1.366,1.31,2.266,0.044,0.385,0.345,0.104,0.488,0.303,0.462,0.326,0.975,1.074,0.717,0.856,0.428,0.428,0.858,0.375,0.826,0.531,0.812,0.818,0.638,,0.523,0.701,0.82,0.423,0.72,0.763,1.074,0.339,0.491,0.522,0.573,1.481,1.48,0.711,1.171,0.463,0.448,0.72,0.651,0.532,0.616,0.96,0.645,0.671,0.623,0.622,0.546,0.463,0.242,1.123,1.282,,0.533,0.462,0.704,0.44,0.858,0.772,1.008,0.387,0.405,0.674,0.528,0.556,0.712,0.66,1.216,1.203,0.518,0.363,0.437,0.189,0.602,0.366,0.468,0.359,0.704,0.174,1.575,2.713,1.226,0.422,1.241,0.713,0.566,0.452,0.82,0.774,1.29,0.785,0.444,0.956,0.702,0.675,0.598,,0.461,0.515,0.69,0.915,0.661,0.713,0.577,0.894,0.667,0.456,0.618,1.142,1.906,0.53,0.863,0.413,0.512,0.572,0.426,0.642,0.58,0.654,0.802,0.621,0.915,,,0.034,0.469,0.563,0.549,0.496,0.317,0.491,1.109,0.855,0.759,0.905,0.792,1.144,0.865,1.186,1.171,1.184,1.164,0.927,0.466,0.821,0.852,0.699,0.4,0.762,0.799,,0.704,0.476,2.145,1.807,,1.913,1.951,0.976,0.459,0.609,1.268,,1.304,0.333,0.357,0.339,0.709,1.015,0.863,0.309,0.287,0.408,0.584,0.477,0.515,0.283,0.606,0.614,0.811,0.418,0.621,0.316,0.594,0.184,4.033,1.855,2.634,1.461,,1.173,0.962,1.336,0.601,0.861,0.759,1.806,0.807,2.054,0.524,2.483,3.054,1.223,1.052,2.02,1.049,1.092,0.727,0.807,1.476,1.537,0.932,0.864,0.547,0.856,1.498,0.999,1.055,0.78,1.613,1.066,0.445,1.266,1.906,,0.652,0.656,1.119,1.047,0.919,0.666,0.493,0.311,1.019,0.383,0.807,1.269,1.181,1.079,0.652,0.96,0.233,0.281,0.32,0.427,0.477,,0.546,0.58,0.62,0.656,0.424,0.556,0.772,,0.665,0.484,0.657,0.943,0.548,0.931,1.37,1.352,0.811,1.377,1.388,1.805,0.514,0.754,0.587,0.829,0.678,0.592,0.269,0.648,0.408,0.728,0.718,0.752,0.766,,0.537,0.742,0.695,0.406,0.526,0.366,1.118,0.717,,0.445,0.96,1.518,0.64,0.356,0.78,0.247,1.152,0.252,1.011,0.433,1.112,2.197,1.468,1.527,1.018,0.192,1.126,1.354,0.972,1.113,1.439,0.974,0.791,0.718,1.15,0.823,0.718,0.697,0.654,0.767,0.613,1.039,1.623,0.949,1.731,1.279,0.768,0.761,0.673,1.632,0.593,0.572,0.778,0.734,0.818,0.652,1.401,1.069,1.451,0.813,1.156,0.086,1.17,1.032,0.76,0.806,0.783,0.728,1.134,0.806,1.346,1.074,1.407,1.698,2.284,0.982,0.553,0.46,0.42,0.682,0.719,0.821,0.678,0.301,0.681,0.93,1.057,0.955,0.599,0.634,1.721,1.644,1.786,0.915,0.749,1.413,0.92,0.734,,0.684,0.952,0.694,0.805,0.574,0.482,0.659,0.743,0.58,0.786,1.409,1.097,1.983,0.995,1.421,,1.217,1.04,1.067,0.587,0.755,0.89,0.648,1.077,1.348,1.638,0.819,0.538,0.71,0.606,1.222,1.269,1.772,0.771,0.535,,0.821,0.725,0.732,0.807,0.752,0.595,0.811,0.957,1.174,1.132,1.032,1.173,1.348,,0.976,0.903,0.74,0.885,0.125,0.463,0.212,0.675,0.52,0.818,1.175,0.946,1.241,0.998,,0.743,1.079,0.874,1.173,1.442,0.604,1.018,1.274,1.833,,0.758,1.535,1.031,1.688,0.165,0.301,0.572,2.172,0.816,0.858,0.58,1.063,0.906,0.529,1.387,1.027,0.86,1.174,1.094,1.232,1.588,0.908,0.996,0.839,0.611,1.115,0.838,0.692,1.03,1.12,,1.105,0.872,1.248,1.127,0.412,0.161,0.781,0.687,1.457,0.754,0.921,0.756,0.389,0.209,0.441,0.382,0.54,0.584,0.62,0.711,0.326,0.383,0.445,0.427,0.318,0.491,0.757,,0.468,0.389,0.582,0.513,0.629,0.386,,2.068,1.003,0.271,0.082,0.743,0.709,0.761,0.391,0.27,0.43,0.341,0.369,0.229,1.116,0.07,1.058,0.437,1.442,0.516,0.387,0.58,0.798,0.337,0.466,1.434,0.495,0.52,0.661,0.554,0.409,0.417,0.184,0.844,0.474,0.559,0.727,0.49,0.608,,0.882,0.185,0.729,0.348,0.317,1.103,0.113,0.355,0.643,0.323,0.468,1.027,0.615,0.726,0.858,0.482,0.705,0.265,0.762,1.606,1.26,0.547,0.481,1.342,0.871,0.11,0.102,0.795,,1.773,1.401,0.852,0.724,0.28,0.326,,1.981,0.493,0.335,0.267,0.481,1.608,1.032,0.87,0.687,1.186,0.453,1.043,1.09,0.331,1.009,1.344,0.915,0.833,0.372,0.402,0.458,0.692,0.457,0.89,0.992,0.648,0.481,0.656,1.225,0.45,0.333,0.282,0.678,0.419,0.733,0.464,1.575,,0.96,1.255,0.768,0.9,0.558,0.35,0.411,0.909,1.175,0.309,,0.326,1.286,0.355,0.736,0.408,0.187,0.739,0.241,1.122,0.638,0.328,0.291,0.577,0.703,1.454,0.963,0.289,0.454,0.645,1.513,2.028,2.559,0.937,0.469,1.22,0.934,0.711,0.807,0.501,0.83,0.26,0.747,1.115,0.622,1.402,0.85,0.792,0.961
20160416,15,AQI,,,,,,,,,,,,,,77,89,73,78,78,83,,56,57,59,52,49,71,,56,93,56,55,79,81,95,62,60,59,72,60,66,57,65,61,64,75,57,72,93,81,44,42,52,73,102,46,52,29,41,31,26,51,59,46,58,51,51,53,59,50,58,66,69,91,31,80,61,58,114,37,64,,65,66,55,57,62,74,77,28,31,35,39,26,32,26,27,51,62,63,,48,54,53,55,63,,63,65,56,55,63,52,61,54,53,56,39,114,130,127,123,111,78,87,88,114,94,87,82,67,,89,95,94,129,107,84,94,99,54,45,38,42,42,52,36,55,43,48,46,46,43,20,38,31,57,35,36,38,33,39,33,32,43,47,48,55,56,49,52,93,72,80,74,79,58,83,80,74,68,74,58,,72,51,49,38,58,48,45,49,39,49,52,47,40,29,34,58,,51,45,38,59,56,56,72,42,46,,46,50,39,59,52,50,42,51,53,39,36,29,23,51,26,49,33,,52,42,29,30,36,53,49,,36,41,36,,65,79,48,47,43,52,,30,,33,52,,42,24,29,29,,,48,46,39,27,31,25,52,52,44,23,35,33,39,46,32,39,39,46,39,38,69,61,93,67,82,48,27,53,28,32,30,34,21,48,30,24,29,53,51,60,42,53,,68,46,32,35,24,31,28,31,25,53,33,68,59,60,60,69,59,64,57,48,35,32,25,38,31,36,33,32,35,42,27,45,39,41,35,35,40,33,36,57,54,58,,41,54,54,67,60,56,59,47,38,33,30,33,34,38,42,32,32,40,57,42,40,26,34,45,57,53,51,48,61,46,49,54,41,40,38,43,46,53,,42,52,38,43,42,44,49,40,49,40,105,54,63,,123,122,120,117,112,114,124,119,48,65,64,,67,46,37,40,38,44,39,35,38,34,32,40,,38,35,,43,49,37,39,35,36,45,,40,34,56,45,42,43,58,45,47,52,61,48,61,51,52,53,46,61,158,82,64,95,73,72,76,73,71,55,75,73,54,64,49,77,80,61,69,32,34,48,51,38,39,,70,87,83,59,55,59,67,74,51,62,49,47,33,49,60,38,31,35,40,41,37,40,40,37,,69,36,48,25,89,58,65,50,53,56,61,54,56,58,57,89,87,89,66,41,50,,42,55,59,58,70,67,216,64,39,36,32,33,145,92,114,85,78,87,83,,115,103,115,,76,89,110,107,59,77,119,,92,102,53,100,88,112,120,22,22,23,21,20,26,56,,35,,41,48,58,40,48,50,40,51,59,,19,40,25,49,45,55,,49,42,56,48,54,65,63,52,83,56,36,54,59,54,52,59,53,53,,42,55,48,29,45,26,19,29,39,45,39,50,66,50,55,63,96,54,60,67,52,59,53,57,62,40,69,45,62,52,56,70,71,39,44,44,37,30,47,84,67,,84,73,56,78,39,42,63,54,57,57,77,69,,,71,69,60,86,62,59,62,66,62,55,,52,55,68,53,48,38,49,56,67,54,51,50,115,75,79,97,98,80,77,97,92,88,,63,44,,33,42,34,58,57,86,55,45,83,54,55,46,37,15,22,23,32,32,19,34,54,45,,19,26,20,27,24,40,,66,66,72,68,64,68,72,57,34,76,59,43,54,50,,50,73,58,54,120,44,33,49,,74,73,101,68,39,46,59,38,56,42,42,34,41,42,99,42,45,43,36,29,31,34,13,16,33,41,31,32,49,49,57,107,60,60,60,113,75,79,49,82,74,38,40,49,58,46,51,18,23,22,35,33,32,59,49,66,48,46,39,47,33,42,39,37,45,58,70,53,41,31,44,46,60,42,50,48,37,35,,37,57,53,44,71,82,41,53,50,62,62,54,62,63,66,59,61,62,62,71,54,72,70,91,85,86,81,55,60,46,30,,76,49,56,43,33,37,28,52,21,91,93,97,35,40,107,90,21,19,30,42,,32,111,36,,,36,27,36,45,40,45,23,31,32,35,28,35,36,40,36,37,45,,53,55,54,58,33,33,14,34,68,40,50,66,52,18,13,25,18,46,48,57,40,39,33,59,56,,,50,52,36,33,31,34,33,52,53,65,52,55,59,63,59,38,46,62,50,59,34,65,85,40,32,58,,56,63,55,61,,53,43,102,60,79,68,,54,42,36,35,86,93,84,32,35,44,45,64,30,29,43,55,48,53,41,49,52,44,,87,100,115,,72,52,50,51,85,84,83,73,81,78,79,82,83,94,90,79,83,43,46,63,75,90,73,67,69,40,44,51,52,46,35,52,29,43,72,51,74,50,83,46,23,38,26,69,52,74,63,44,60,104,50,23,28,21,32,29,30,25,102,88,80,54,103,93,,78,62,92,44,69,68,92,82,38,35,56,19,32,42,58,29,53,28,28,24,26,37,36,29,63,,55,65,59,79,52,41,38,46,,6,35,59,23,25,25,28,51,36,38,47,19,66,42,37,,20,27,21,37,25,29,24,26,39,30,,38,38,38,30,50,30,40,36,41,30,48,21,33,52,,80,27,26,30,35,34,39,30,40,40,52,29,34,25,35,43,51,45,34,32,36,32,39,38,30,29,35,36,55,59,57,60,54,54,55,75,80,78,,69,59,51,51,48,53,55,50,,61,88,51,64,53,42,59,46,32,33,25,37,67,42,37,,47,55,49,53,56,57,53,42,47,42,54,58,56,63,36,33,26,32,30,,33,34,30,36,35,35,30,32,28,28,32,31,21,,35,36,42,34,35,35,36,33,37,36,52,53,40,25,,40,28,35,36,36,38,36,33,32,,34,38,34,33,35,30,42,112,59,82,89,60,53,59,67,58,63,90,70,82,90,62,51,65,51,57,62,57,28,34,,84,75,97,97,67,54,49,71,45,42,22,42,36,36,39,39,30,30,31,28,31,36,38,37,45,41,51,,38,59,33,42,56,52,49,40,16,29,36,31,30,30,36,53,42,41,43,49,41,56,58,55,50,47,41,43,44,33,75,41,50,,47,42,43,36,21,52,30,38,48,50,42,,43,79,62,45,47,55,43,40,64,75,70,89,59,42,64,78,98,65,48,104,129,47,47,55,73,27,49,46,49,42,45,28,66,120,59,,73,88,26,36,31,49,52,59,53,58,55,52,53,49,45,44,52,52,58,52,40,33,56,152,47,51,65,36,45,32,33,43,47,40,35,36,32,,53,53,62,69,49,94,84,68,124,55,,69,62,33,63,63,63,61,54,97,100,43,39,40,51,54,71,63,169,252,500,500,500,,143,159,41,49,32,69,32,34,45,59,35,58,17,65,53
20160416,15,PM2.5,,,,,,,,,,,,,,36,42,40,48,38,40,,24,39,41,36,34,49,,21,25,10,10,18,25,35,44,34,25,52,41,33,36,43,35,46,41,15,10,23,14,20,13,25,22,20,15,9,6,2,16,15,20,18,13,17,9,6,8,7,4,19,28,35,27,,34,16,18,22,14,12,,13,16,24,14,32,18,16,4,8,1,8,15,3,11,2,29,32,45,,33,35,33,36,35,,41,37,33,33,29,23,40,33,30,35,27,57,77,78,53,56,37,47,44,47,57,64,60,48,,66,71,70,98,80,62,70,74,38,31,26,29,29,36,25,39,30,31,31,32,30,14,26,20,40,10,25,26,23,26,23,22,21,25,33,25,33,30,26,69,42,59,54,58,41,61,59,54,49,54,41,,30,32,34,26,41,33,31,28,27,34,17,21,25,16,19,39,,31,31,25,42,34,29,37,29,32,,27,35,19,33,16,34,29,35,37,27,15,18,16,27,14,24,18,,36,23,20,15,23,26,22,,18,22,18,,45,53,33,20,25,24,,11,,23,34,,18,13,19,14,,,28,32,27,8,12,6,30,31,28,15,24,23,27,32,22,27,27,14,27,16,22,29,33,23,36,33,16,37,6,4,10,19,3,33,1,14,9,36,26,35,27,37,,49,20,3,18,15,20,18,11,14,22,23,38,33,41,33,37,39,,34,33,9,13,10,26,14,9,10,8,16,12,13,8,11,7,8,16,9,15,7,10,38,35,,15,31,37,48,43,21,35,25,26,23,16,23,23,26,26,22,22,28,29,24,28,18,20,30,32,33,19,27,43,32,28,31,21,28,26,30,29,27,,27,24,26,30,24,20,25,23,24,24,42,33,45,,93,91,91,88,84,84,82,90,27,41,44,,38,9,13,11,24,12,23,5,9,5,11,9,,14,17,,7,5,18,8,9,7,13,,14,21,12,19,8,18,14,19,21,11,10,18,24,22,18,37,19,17,,10,29,71,36,22,26,19,14,18,17,18,15,12,25,18,59,19,34,22,20,9,18,12,17,,41,59,11,42,14,24,19,19,15,7,34,16,15,28,9,9,10,11,22,10,6,10,10,11,,9,10,10,17,10,20,10,8,14,8,15,9,8,10,11,47,62,57,40,20,20,,23,39,42,32,51,45,166,46,27,24,20,17,111,68,84,58,57,64,61,,54,43,34,,43,66,83,80,39,56,90,,68,76,37,75,65,84,91,10,15,14,12,9,16,22,,19,,25,33,41,28,33,35,28,31,16,,13,14,17,31,24,34,,34,28,29,27,21,32,36,24,61,28,17,37,42,36,36,42,37,31,,29,31,24,20,20,13,13,19,27,31,27,30,32,32,39,37,46,34,37,36,35,37,24,36,44,28,50,25,32,25,36,25,34,2,2,3,4,7,8,27,23,,30,26,20,42,16,17,13,17,33,11,19,19,,,9,9,33,11,44,40,43,46,42,37,,31,21,49,35,18,25,34,31,44,38,32,20,87,55,58,72,73,59,56,72,68,65,,45,17,,17,22,19,35,40,48,39,31,61,12,31,32,17,3,12,15,18,19,7,9,15,31,,13,18,14,17,10,19,,16,43,31,12,39,48,34,11,20,22,28,28,9,19,,11,53,,38,91,30,20,26,,18,23,26,17,8,10,9,14,14,7,10,12,8,25,14,10,2,6,9,8,14,11,9,,9,23,13,22,29,29,25,73,38,43,42,81,55,58,25,60,54,20,28,25,26,22,18,5,8,8,7,7,6,29,25,32,27,2,2,2,2,27,25,9,19,20,12,37,14,21,23,20,43,29,33,1,8,11,,17,26,29,24,23,25,24,13,18,17,22,15,20,14,23,16,20,12,14,17,24,19,18,27,14,13,26,10,4,,7,,19,9,11,11,2,5,19,17,8,48,29,19,24,28,80,67,10,7,16,29,,10,4,7,,,22,15,11,13,28,29,8,15,9,8,10,17,25,28,25,18,31,,31,39,38,,17,23,8,17,35,28,35,44,29,8,9,14,12,32,33,15,16,13,13,30,32,,,35,36,8,13,9,8,7,13,17,18,14,36,19,31,27,9,22,24,17,42,14,47,17,6,6,23,,18,27,18,18,,6,18,76,32,30,9,,21,15,2,,58,69,62,17,12,20,16,25,10,12,30,39,33,29,4,15,13,15,,48,43,44,,52,26,22,25,61,62,57,53,33,40,34,31,61,70,67,58,61,20,23,42,50,48,48,48,48,24,26,34,36,32,24,34,20,30,47,29,54,35,61,32,16,26,9,50,12,54,45,27,43,78,35,2,2,8,14,20,6,8,76,65,59,38,77,69,,57,44,68,14,50,49,68,60,18,24,11,13,17,12,41,20,37,19,3,13,4,18,25,20,45,,31,47,42,58,35,25,16,32,,,15,5,16,17,3,19,21,16,17,15,10,21,16,16,,7,18,14,9,16,15,12,13,27,21,,26,26,26,17,35,3,17,5,7,10,15,7,16,15,,59,16,17,13,13,16,27,16,28,27,10,19,15,15,15,19,32,31,21,22,23,17,27,26,17,20,24,25,25,27,24,27,30,31,32,17,23,12,,24,28,27,24,33,30,29,14,,33,8,5,46,37,29,42,32,16,11,8,21,48,29,15,,11,17,11,11,12,13,16,12,28,18,3,1,9,5,3,6,18,13,16,,16,7,10,7,12,21,15,9,11,10,11,15,8,,14,11,12,15,13,1,12,17,12,23,21,17,25,15,,12,11,6,11,10,8,16,7,18,,13,6,11,16,8,6,9,50,41,60,47,43,37,31,48,41,45,67,51,60,67,44,35,47,19,23,44,33,17,14,,62,55,72,72,5,4,10,21,19,20,9,12,2,1,4,2,3,4,10,7,9,18,18,6,15,16,15,,21,4,19,23,27,18,12,11,11,13,9,6,8,8,6,12,13,8,13,21,18,14,20,9,13,17,13,15,17,23,23,2,15,,8,9,11,8,11,30,8,11,13,13,10,,15,32,44,9,8,17,14,12,32,18,46,66,32,29,36,50,55,19,12,76,98,16,18,29,,15,16,11,16,4,14,15,25,91,42,,7,29,18,12,7,14,17,30,17,11,13,11,12,11,16,12,13,9,41,11,17,7,16,116,11,27,34,4,13,17,11,7,10,7,2,2,9,,18,34,10,22,21,,30,25,36,35,,20,22,15,23,26,18,14,15,29,75,14,16,,13,12,13,18,38,53,685,319,433,,35,35,17,14,19,13,3,3,6,17,6,27,9,21,28
20160416,15,PM2.5_24h,,,,,,,,,,,,,,85,81,83,74,95,80,,76,94,94,92,96,90,,45,44,42,33,35,46,40,93,95,100,107,109,115,43,73,61,60,55,40,41,45,45,50,66,56,51,51,55,45,46,36,32,33,34,36,43,43,31,27,36,40,29,71,68,77,49,60,57,66,46,47,46,15,,13,20,17,22,20,22,20,21,27,16,20,30,16,21,26,42,41,47,,44,48,45,48,48,,53,39,35,33,33,25,35,38,32,37,27,53,60,51,52,48,39,44,51,39,52,50,52,41,,57,55,52,60,47,47,57,42,40,39,32,37,25,34,39,39,38,33,25,33,30,31,22,24,35,18,24,22,30,21,23,23,20,22,32,30,37,36,30,43,43,38,43,56,43,58,67,52,48,54,33,,32,29,27,31,31,26,30,28,28,33,22,22,22,27,22,25,,24,22,25,31,33,35,44,43,45,,45,47,21,39,25,30,45,49,42,48,25,20,17,26,17,26,24,,34,23,21,17,19,16,18,,15,20,19,,33,38,33,21,22,24,,18,,25,26,,40,41,39,16,,,26,26,31,36,37,28,18,24,22,37,35,33,35,38,36,41,38,31,34,15,48,40,39,39,39,35,32,56,19,28,10,25,15,25,21,20,13,69,62,58,54,70,,83,57,15,24,27,23,27,23,30,32,29,33,39,39,34,41,42,41,33,36,21,28,25,29,30,26,28,23,29,49,26,22,28,26,23,25,26,29,25,21,33,33,,31,34,35,39,37,29,40,20,26,28,26,27,25,25,31,24,23,27,30,25,34,25,17,27,30,28,25,27,25,33,35,36,23,27,23,30,28,24,,32,27,33,28,32,28,24,23,31,25,30,31,43,,62,58,58,59,57,60,63,66,30,38,44,,33,6,23,14,24,19,27,21,21,19,18,28,,22,22,,27,29,26,20,22,17,21,,18,12,13,32,23,33,20,23,26,26,21,28,26,21,23,30,27,24,24,15,22,24,83,17,35,19,22,17,22,21,28,8,22,16,33,21,27,19,28,17,28,11,13,,31,37,18,54,41,33,38,33,17,21,39,16,18,20,12,23,25,24,29,23,24,25,25,27,,18,21,30,46,28,34,30,36,35,22,22,24,18,23,22,39,44,45,38,31,33,,35,48,82,53,64,48,77,57,42,43,37,18,105,75,74,65,65,75,59,,59,56,62,,71,59,72,77,48,60,66,,64,80,36,73,65,64,58,32,32,35,24,22,26,52,,48,,50,49,54,54,44,52,58,43,37,,27,30,25,62,51,60,,26,25,28,33,18,35,29,27,37,28,33,37,38,33,33,36,34,25,,31,28,25,15,17,32,27,29,21,21,22,23,29,29,33,39,45,40,37,40,37,40,35,45,38,25,33,27,40,38,54,50,57,22,23,15,22,23,32,47,28,,36,31,23,36,27,22,15,37,36,22,40,36,,,39,40,54,31,42,44,44,49,48,43,,41,32,39,45,20,39,36,35,48,37,32,27,100,60,74,75,80,38,33,43,38,41,,35,30,,27,35,41,38,52,49,70,48,75,34,40,52,40,14,17,19,23,31,25,30,29,35,,21,23,18,21,25,23,,40,69,60,62,65,58,60,34,39,58,52,51,49,54,,49,72,111,64,103,36,32,37,,23,29,43,19,42,44,41,36,42,27,29,29,29,43,31,27,34,31,42,49,50,48,52,30,39,16,17,51,68,61,74,53,37,40,50,84,72,72,61,77,71,24,32,18,23,25,24,11,13,14,12,12,8,36,25,27,22,14,24,17,19,26,21,18,13,14,29,23,30,13,24,16,35,29,23,12,20,30,,39,25,23,16,27,26,33,15,18,20,23,19,21,18,27,14,18,17,18,11,28,19,18,26,15,15,26,16,11,14,21,,19,23,29,28,12,7,23,14,7,32,29,26,58,63,84,76,30,24,27,36,,24,27,30,,,42,37,28,31,40,45,25,26,26,21,19,19,21,27,25,23,29,,34,31,43,,18,24,16,22,38,28,33,25,29,16,17,22,23,51,51,28,21,21,20,28,26,,,43,43,23,23,20,20,21,35,36,36,36,42,45,47,44,64,38,41,40,53,33,38,38,30,29,27,,24,27,22,25,,15,26,79,53,30,18,,21,22,19,21,63,82,73,30,24,41,39,38,30,29,57,71,67,55,53,23,23,24,,77,75,92,,36,29,34,27,49,50,47,50,49,51,48,43,54,63,56,44,45,20,23,60,55,47,44,78,78,41,38,45,43,38,31,32,25,30,54,39,70,58,83,36,19,22,16,64,18,65,61,46,95,105,74,17,20,19,37,36,22,16,60,41,35,37,61,40,,32,24,35,18,24,45,64,46,40,42,34,35,28,31,58,48,43,41,21,35,6,48,41,53,53,,39,47,52,69,30,28,20,33,,80,44,36,20,34,17,24,69,48,44,56,86,30,31,30,,6,21,20,17,20,17,14,13,30,32,,20,29,27,25,30,9,55,58,37,48,43,38,50,48,,27,27,30,28,24,16,27,20,27,24,26,26,21,27,41,43,57,62,45,27,19,16,19,18,22,32,31,29,72,41,40,36,51,48,57,30,38,32,,27,30,26,37,38,38,37,21,,49,23,21,60,51,50,65,30,28,33,18,32,52,49,25,,17,26,18,17,22,22,19,19,27,39,28,20,27,15,14,18,25,19,25,,21,25,17,19,21,36,34,27,28,27,25,33,38,,33,35,34,37,46,30,53,45,49,40,28,27,27,30,,40,37,20,47,35,29,35,30,38,,37,27,38,44,16,27,32,51,43,50,47,45,41,32,51,42,47,67,44,57,60,47,32,49,72,79,44,35,47,67,,56,57,77,77,7,6,9,10,13,15,11,15,10,9,13,10,17,14,17,16,15,30,20,26,15,17,16,,19,8,17,18,27,10,18,17,13,17,5,5,8,5,7,18,16,13,15,31,31,24,34,19,11,13,11,14,18,17,23,27,18,,11,12,17,8,19,31,13,12,14,18,25,,35,24,21,19,20,15,14,14,41,43,44,28,31,34,55,67,74,53,48,47,99,25,24,30,,15,13,15,16,16,21,25,29,36,36,,50,20,15,20,18,11,32,18,13,17,21,18,17,10,23,12,13,11,23,15,18,13,18,32,15,30,30,10,17,28,19,10,14,11,18,17,6,,21,33,22,24,28,,46,42,21,40,,27,30,24,30,28,30,27,21,48,74,30,28,6,14,15,13,22,36,54,70,90,158,,56,45,12,13,20,10,8,5,7,19,28,22,39,28,33
20160416,15,PM10,,,,,,,,,,,,,,103,128,96,106,106,115,,62,63,67,54,44,92,,61,135,62,60,108,111,140,69,70,68,82,70,82,63,79,72,70,100,63,93,135,112,44,42,53,95,154,46,54,7,41,29,19,51,68,46,66,51,52,56,67,50,66,81,88,132,,110,72,66,178,37,78,,80,82,60,64,73,97,103,27,25,27,39,,32,20,24,51,73,64,,48,58,56,59,75,,75,79,62,60,75,53,71,58,55,62,38,177,210,204,196,172,106,124,126,178,138,,,69,,,91,83,110,94,85,,86,,,,,,,30,,,48,46,43,41,,26,31,57,35,30,36,,39,32,,43,47,42,59,61,49,53,101,94,79,96,76,42,70,87,,75,75,57,,94,51,43,31,,35,,49,37,,54,47,40,29,34,65,,51,,38,55,62,61,93,32,39,,46,,39,67,54,50,40,52,48,38,36,29,20,51,26,49,33,,36,42,27,29,36,56,49,,27,41,36,,80,107,47,47,43,53,,30,,27,54,,42,23,21,29,,,48,42,37,27,13,12,53,53,44,20,33,,,,26,34,38,46,,38,87,72,136,84,113,44,27,44,28,26,,,7,,3,22,20,56,51,69,42,49,,77,46,15,35,23,25,18,,23,55,,85,67,69,70,87,68,78,64,47,35,22,12,27,31,28,33,32,24,,22,12,,18,,22,17,,20,63,45,65,,41,57,58,82,55,62,67,47,32,,30,30,34,37,42,27,23,32,64,42,35,18,34,45,63,56,52,48,71,35,49,57,41,34,37,43,46,56,,42,54,34,41,42,44,49,40,49,40,160,58,62,,115,127,152,139,133,115,145,163,48,79,78,,84,46,31,33,38,26,32,30,21,24,32,20,,37,34,,26,19,33,17,20,12,24,,28,34,61,42,33,43,66,45,47,54,71,48,72,52,54,51,46,71,266,113,78,119,95,94,101,95,91,59,99,96,57,78,49,104,91,72,87,31,34,33,51,38,39,,89,124,116,68,59,67,83,97,52,74,37,47,33,49,69,24,21,16,,15,20,17,20,21,,48,,48,,127,66,80,50,56,62,72,57,62,66,64,127,124,128,81,36,41,,29,51,56,66,61,83,,69,32,36,32,33,,98,177,120,92,106,87,,180,155,180,,102,92,106,82,68,76,121,,70,91,,83,99,97,126,18,,,19,,26,61,,25,,41,,,37,,,,52,68,,16,,23,49,45,60,,47,42,61,48,57,80,76,54,84,62,36,58,47,57,53,59,46,55,,39,59,48,24,45,26,18,29,35,45,34,50,81,50,55,75,142,58,69,83,53,68,56,64,74,29,72,45,73,53,62,90,91,39,44,44,29,21,47,118,84,,117,96,62,106,39,42,75,57,64,63,104,87,,,91,88,70,122,72,68,73,82,74,59,,53,59,56,56,48,34,49,62,83,,52,47,103,75,71,110,86,75,76,88,85,89,,61,44,,33,42,29,65,52,121,51,42,105,57,60,40,37,15,18,23,32,32,19,34,57,36,,17,,,27,16,40,,81,82,94,86,77,86,94,64,34,102,67,43,58,50,,50,72,66,56,,44,33,49,,97,95,151,86,39,46,68,38,62,42,42,32,41,42,147,30,33,27,23,24,,,,6,16,41,18,24,42,40,63,,70,68,69,98,96,76,49,91,70,38,33,42,58,37,52,9,23,15,14,23,11,68,49,82,48,10,10,14,3,42,39,37,45,65,62,,41,29,44,34,55,42,50,48,,17,,,63,56,,91,114,41,55,50,74,74,57,74,76,82,67,71,74,74,92,57,94,89,132,119,121,112,60,69,46,9,,102,49,62,43,12,23,27,54,11,132,135,143,35,31,103,109,13,8,,35,,,172,10,,,36,27,11,28,39,45,23,,15,,,,26,,29,37,38,,55,51,,65,33,32,14,34,86,40,49,82,53,11,11,25,14,,33,63,40,39,33,68,62,,,50,42,18,27,,19,16,53,56,79,54,59,68,75,68,,46,73,50,48,14,63,119,40,18,66,,62,76,60,72,,55,43,124,70,107,85,,57,42,36,35,122,104,103,28,31,44,45,77,21,29,33,50,34,56,41,49,53,44,,123,150,180,,,53,50,52,91,90,116,93,112,106,107,113,82,138,110,78,90,43,46,76,99,130,95,75,87,40,44,51,38,33,35,53,25,,94,51,,43,67,36,,31,17,53,54,57,45,44,59,,43,22,3,21,32,24,,13,95,,,42,87,74,,,52,,44,58,,,,38,,62,18,22,42,,27,,,17,20,5,,,,48,,59,58,59,,54,41,27,43,,,35,68,22,22,25,24,52,36,38,47,19,82,42,37,,20,27,21,37,25,29,24,26,32,29,,37,35,38,30,46,19,27,18,16,30,22,15,27,53,,,21,26,15,24,22,37,30,29,40,53,29,20,19,27,43,51,,31,28,36,32,29,31,18,24,,28,60,67,63,70,57,57,60,99,109,105,,88,67,51,52,45,55,59,50,,72,126,52,47,47,29,47,,30,25,25,37,81,,37,,47,59,49,55,62,64,55,42,47,42,58,65,62,75,21,18,,19,25,,31,20,28,21,31,35,30,,24,13,16,31,21,,24,19,42,28,,11,17,27,25,28,54,55,40,23,,14,21,6,21,27,38,35,33,19,,,16,,,19,27,34,65,68,,72,65,54,68,75,66,71,94,83,79,85,59,52,58,52,64,62,64,26,34,,94,87,78,109,84,57,49,91,45,33,22,32,16,6,20,17,9,9,10,10,13,19,,18,25,41,52,,32,68,33,42,62,53,49,29,,,29,31,30,12,24,56,38,38,21,49,34,62,65,59,27,26,27,30,39,31,100,41,46,,22,21,23,24,21,53,15,34,46,50,26,,43,107,66,18,25,59,43,40,77,78,90,94,67,42,78,105,146,39,46,157,158,47,47,60,63,27,49,46,49,30,,,82,146,,,95,126,24,36,,49,53,68,56,65,60,53,56,49,45,44,54,53,46,54,40,26,61,,47,52,80,29,45,,29,43,47,40,26,24,16,,55,55,74,87,49,137,118,85,198,60,,87,73,33,76,76,75,72,58,143,118,43,39,4,51,58,91,75,287,386,,1862,2002,,235,268,41,49,32,87,16,11,18,67,35,66,17,79,56
20160416,15,PM10_24h,,,,,,,,,,,,,,148,156,148,130,163,141,,158,171,178,157,134,153,,73,100,82,67,81,91,128,209,193,232,198,207,212,97,123,123,137,138,81,96,120,106,107,146,130,158,163,136,167,140,181,177,164,97,128,104,123,99,116,94,115,94,126,139,128,135,130,111,94,94,109,61,57,,43,48,40,47,46,85,65,134,118,115,121,112,146,108,104,74,100,90,,101,94,92,89,109,,109,111,80,68,83,69,82,75,78,80,50,120,114,96,95,85,77,76,91,86,108,72,73,75,,74,85,77,94,66,69,77,65,82,69,72,77,56,71,68,80,73,99,81,92,95,85,71,92,101,78,64,74,81,54,69,58,60,52,65,72,80,70,69,85,87,73,72,154,105,135,112,143,141,131,79,,91,88,63,91,64,73,69,72,79,76,75,77,87,82,63,77,,79,78,68,92,96,103,114,96,99,,94,101,43,84,59,61,101,91,98,77,48,35,25,48,31,62,52,,67,46,42,49,36,38,42,,24,36,51,,71,78,53,43,44,47,,60,,66,48,,83,68,57,39,,,38,43,43,57,55,41,30,44,44,76,90,92,74,82,75,93,85,76,85,25,69,60,71,67,85,47,44,76,43,49,41,33,44,48,38,36,44,141,178,152,138,138,,146,152,50,56,42,54,43,52,51,75,92,81,75,76,70,82,76,86,71,67,41,56,56,58,52,44,57,53,58,8,53,34,46,41,37,52,47,52,36,41,48,51,,51,58,46,66,48,52,54,42,42,44,42,42,43,35,50,53,35,43,55,42,63,42,31,37,50,50,48,47,43,44,69,47,38,35,35,34,49,43,,47,46,47,44,45,45,42,41,50,45,52,53,60,,95,95,102,97,97,113,131,126,46,63,67,,61,24,31,30,31,28,38,43,30,32,38,36,,35,33,,42,35,48,35,34,30,34,,34,17,58,76,72,61,79,63,66,75,82,50,54,48,51,55,65,53,116,83,73,64,162,54,76,54,49,39,52,52,58,53,37,48,60,38,37,36,45,32,47,31,24,,56,73,69,114,117,105,97,95,43,72,79,41,72,73,58,39,46,47,53,41,37,41,45,44,,62,37,88,64,144,151,160,137,140,126,121,103,105,97,110,115,95,91,78,56,56,,51,109,107,89,112,121,126,129,82,80,56,28,175,140,165,139,113,127,107,,160,151,180,,153,142,141,149,85,117,134,,124,155,141,122,139,130,120,81,93,76,53,53,60,95,,95,,111,123,108,132,120,143,127,72,76,,54,74,73,152,126,137,,37,34,39,37,37,58,48,35,42,44,49,55,49,54,50,53,46,46,,41,56,28,23,28,47,35,39,25,28,32,41,47,46,49,54,61,54,55,56,50,50,51,55,45,34,55,52,79,74,123,123,133,119,94,106,84,79,93,79,84,,96,69,45,83,32,39,40,55,68,54,88,90,,,232,219,202,185,77,81,85,102,93,74,,85,90,76,83,65,67,60,75,94,61,60,55,125,117,124,131,126,57,48,62,59,59,,47,50,,48,51,35,73,72,94,128,59,93,56,61,74,60,32,27,36,38,64,62,68,76,64,,41,41,32,39,42,37,,94,134,122,71,105,123,108,81,53,119,79,57,71,91,,78,123,176,114,145,72,78,70,,52,60,104,49,73,78,78,70,83,57,54,48,54,58,60,51,51,40,64,98,64,97,55,52,63,31,24,70,108,92,129,72,72,70,78,101,108,91,90,114,92,50,47,33,46,46,46,16,26,22,20,25,14,86,47,86,47,25,33,28,23,39,41,36,31,48,64,38,48,29,36,28,52,41,34,61,34,43,,55,61,66,46,53,62,45,38,46,50,48,51,53,50,67,35,40,51,41,39,46,53,43,54,49,54,69,82,96,96,63,,94,94,147,103,24,21,63,35,33,141,140,151,130,134,146,159,80,58,44,57,,48,89,65,,,84,82,73,85,119,113,55,63,55,44,43,50,67,63,66,75,76,,69,81,74,114,74,85,62,80,84,76,87,73,56,41,46,59,61,66,65,67,60,56,51,60,53,,,69,69,44,40,41,39,41,79,78,83,78,79,74,70,71,114,60,75,84,96,51,83,101,65,65,45,,33,50,49,40,,49,37,81,68,75,37,,33,93,83,101,145,142,153,53,47,133,130,141,112,125,70,91,78,334,290,69,61,57,,190,150,182,,43,68,66,82,100,92,117,105,142,133,133,146,83,139,106,67,69,42,50,92,80,120,79,105,105,60,54,62,59,56,49,58,33,39,72,53,112,76,105,46,29,47,27,67,52,76,62,88,108,177,86,34,26,38,57,59,53,25,101,120,70,92,152,88,,55,53,49,54,68,146,162,133,76,95,68,71,46,56,97,70,68,69,31,38,15,103,81,87,84,,87,84,114,123,66,63,44,58,,81,100,97,53,44,30,27,57,51,57,45,28,51,50,48,,12,31,25,28,26,28,27,23,40,49,,35,51,41,46,39,33,76,68,70,93,76,86,76,98,,30,46,49,45,42,24,38,34,36,40,27,36,29,31,81,86,80,80,71,36,25,25,23,22,32,34,38,38,93,86,101,78,91,89,103,116,112,140,,62,64,57,69,72,70,71,48,,83,91,61,105,110,130,131,65,57,72,44,55,99,64,60,,48,55,39,42,55,47,44,39,47,62,53,50,50,60,36,35,41,52,42,,44,37,35,31,44,58,51,45,49,48,41,53,51,,50,50,52,53,,54,99,75,75,46,46,61,55,48,,57,66,28,64,49,59,62,64,52,,55,56,60,70,29,49,64,70,65,62,63,76,60,65,76,70,72,97,72,87,93,62,50,76,119,125,61,60,73,102,,93,99,100,123,43,37,22,42,39,30,23,37,25,20,22,18,28,24,25,27,27,43,41,47,25,36,38,,34,46,28,33,56,33,49,37,25,31,12,15,19,12,30,42,33,39,36,54,47,78,59,79,21,23,21,33,40,41,77,76,65,,29,26,33,40,54,81,26,28,51,47,39,,69,80,49,59,51,35,27,21,86,113,77,61,53,52,89,115,178,95,90,153,152,39,55,50,62,26,25,26,32,54,,200,63,70,57,,166,37,33,47,,23,45,31,29,80,88,83,93,25,38,24,41,34,42,45,25,25,36,38,43,57,57,32,41,69,57,30,29,29,36,36,13,,48,47,59,81,69,127,173,78,79,116,,94,82,89,97,91,79,120,92,236,204,153,129,22,58,59,61,100,162,207,178,346,421,,148,136,43,36,55,37,15,13,23,64,64,57,49,55,53
20160416,15,SO2,,,,,,,,,,,,,,7,14,2,14,5,16,,8,1,8,9,7,11,,2,8,3,9,8,6,20,26,23,17,22,27,21,2,9,13,9,5,27,17,22,25,8,6,7,3,3,3,4,3,9,1,4,5,7,6,6,13,1,1,1,3,9,10,28,12,26,13,10,13,36,42,16,,10,8,9,7,7,14,15,10,6,4,11,6,2,7,8,6,36,16,,14,19,12,16,21,,9,17,18,8,9,3,18,3,11,11,3,21,14,14,10,10,7,9,9,15,15,13,16,36,,9,18,34,16,24,18,13,13,14,13,11,10,12,11,11,12,19,11,10,12,14,12,3,11,11,1,14,13,17,13,12,11,14,14,21,20,29,17,15,13,10,15,18,23,13,14,6,86,16,114,9,,57,25,9,8,8,6,4,8,8,9,8,10,17,9,13,11,,17,17,43,2,8,13,30,17,10,,13,6,8,7,15,8,24,17,2,9,5,6,10,11,5,4,7,,7,6,5,6,8,12,8,,6,11,8,,27,42,15,11,9,8,,12,,10,18,,5,6,2,4,,,21,30,7,8,5,12,9,10,14,8,12,3,5,5,6,4,7,4,10,4,2,7,7,3,5,9,4,7,5,2,1,7,8,6,5,11,9,13,11,15,8,23,,17,17,19,12,29,24,33,23,17,16,4,19,19,21,14,4,18,18,27,19,3,3,5,7,2,8,5,6,9,7,5,9,6,4,9,14,5,9,8,6,5,6,,10,8,9,29,5,10,19,8,5,3,6,5,18,7,19,6,24,24,10,4,3,7,2,9,8,8,3,7,8,5,1,5,4,14,5,8,7,5,,3,6,6,4,9,8,4,6,6,5,11,18,9,,7,11,10,14,5,9,9,11,5,7,7,,13,10,7,8,8,3,15,12,13,12,9,12,,11,10,,10,18,9,9,7,9,9,,12,9,6,3,5,16,15,6,6,7,5,12,15,10,8,8,15,11,5,8,7,7,8,7,20,12,7,8,10,10,7,10,5,7,10,6,11,3,2,6,5,2,5,,11,11,22,25,13,19,24,15,10,2,9,7,8,6,2,6,15,14,24,12,2,4,9,5,,14,3,9,10,5,6,4,6,6,7,13,6,8,3,6,12,15,16,9,29,11,,12,14,12,8,7,9,12,15,15,13,10,8,22,16,15,7,14,18,12,,12,15,12,,12,17,18,9,17,23,36,,24,39,16,3,17,21,26,10,11,5,8,3,13,28,,4,,6,13,32,6,8,3,8,12,6,,9,2,6,9,41,11,,34,14,10,4,16,21,11,3,9,7,26,3,11,9,5,13,8,11,,3,8,3,4,8,8,8,10,5,4,8,3,3,3,11,10,13,14,17,11,18,8,7,11,24,23,2,14,5,8,12,13,16,9,14,9,13,12,8,19,10,,18,10,14,7,10,5,10,43,4,139,6,3,,,7,8,6,7,7,11,16,11,15,8,,,18,10,19,8,13,8,16,70,24,8,7,35,161,26,34,44,20,15,21,17,17,,9,10,,46,10,20,8,28,16,21,7,11,14,8,7,16,4,9,45,8,9,4,21,15,4,,10,9,9,13,9,14,,25,28,16,19,10,28,21,13,25,18,15,33,9,10,,11,28,23,23,33,20,28,17,,16,16,19,16,5,8,3,22,11,16,14,23,8,20,9,3,1,22,8,12,11,15,17,3,6,3,3,13,14,11,10,5,6,9,4,22,8,8,14,19,9,1,2,15,11,9,6,10,24,10,12,11,8,14,9,55,16,2,2,5,5,5,9,5,4,16,12,18,12,4,3,3,3,7,3,13,3,2,,2,15,16,9,3,9,3,5,8,8,9,7,3,6,6,7,7,5,4,8,6,5,5,18,6,10,12,3,4,5,5,,43,11,23,4,2,19,2,5,5,4,7,8,10,15,14,18,4,8,6,6,,8,4,5,,,8,12,25,31,7,6,5,20,11,8,2,17,18,15,19,14,17,,15,15,12,28,12,9,7,14,25,13,9,12,7,2,7,7,3,12,15,6,2,6,7,26,24,,,4,3,7,12,12,11,8,11,8,16,11,12,9,5,32,19,16,31,10,20,10,24,8,5,8,9,,14,5,5,3,,18,11,7,21,7,8,,10,10,10,9,10,9,4,5,2,3,6,11,20,39,5,5,4,11,3,24,7,6,,9,12,52,,5,5,4,9,16,13,14,12,16,7,17,8,16,16,13,69,17,2,3,23,23,7,6,8,4,10,9,7,10,11,32,14,4,3,3,2,5,7,7,3,6,4,15,6,2,3,5,3,15,16,25,12,15,34,17,8,12,45,7,44,32,3,24,7,,10,5,8,19,14,8,19,21,17,4,12,6,95,18,12,5,4,15,23,8,4,10,2,5,,,6,6,10,22,9,2,10,5,,9,14,10,4,8,8,7,8,6,8,9,5,84,16,15,,2,3,13,6,8,9,7,9,6,11,,1,3,3,6,2,10,13,20,18,11,1,2,5,6,,4,13,46,16,103,9,9,4,20,7,3,12,12,15,3,4,6,3,10,2,7,5,7,10,9,12,20,63,25,21,22,16,21,36,31,8,11,6,,20,119,19,15,,25,21,25,,40,22,9,26,24,22,3,8,19,98,5,2,5,5,1,,9,9,18,3,4,3,3,6,6,3,20,16,8,7,5,4,1,2,9,,7,1,6,5,8,4,,3,7,6,5,3,9,,16,15,13,13,3,16,4,7,10,7,7,11,8,17,,3,4,3,4,,6,6,7,3,,8,59,6,6,4,10,8,9,2,4,7,7,3,3,15,8,17,22,11,116,19,10,16,12,7,7,17,9,6,13,,32,20,9,13,13,6,13,10,9,6,4,11,4,11,6,3,3,3,4,5,2,7,3,5,38,4,2,,3,21,4,29,5,11,3,3,8,1,3,6,8,2,14,144,9,13,21,4,3,9,7,20,22,15,8,17,28,7,7,11,4,,17,11,9,16,32,12,17,19,31,13,8,,16,3,4,9,24,9,12,4,3,17,5,12,26,11,38,42,54,11,8,6,11,7,10,9,7,16,8,15,8,8,7,3,12,12,4,,53,6,9,12,7,8,6,9,10,2,3,2,3,5,13,6,2,3,5,3,12,9,10,4,4,8,11,10,7,12,13,3,7,3,4,7,9,,10,22,9,5,18,10,11,19,1,26,,4,42,4,13,10,9,5,6,2,7,5,2,,2,2,14,13,1,4,2,4,6,,7,14,1,8,3,6,3,1,9,6,3,41,10,10,14
20160416,15,SO2_24h,,,,,,,,,,,,,,19,25,19,27,17,27,,23,20,18,25,14,21,,20,20,20,25,21,15,28,68,56,56,59,68,75,20,27,14,17,18,19,14,16,128,18,21,20,14,18,20,6,5,11,4,5,14,14,19,13,18,14,13,14,12,48,13,38,15,33,15,14,14,36,43,11,,8,14,10,8,7,10,16,11,9,13,14,7,3,10,9,11,49,27,,23,23,22,23,27,,17,8,18,8,6,5,11,4,16,18,4,28,14,14,10,12,9,10,11,19,16,23,21,29,,14,37,31,25,31,16,31,19,12,11,10,10,9,10,10,11,18,16,15,17,16,16,4,17,12,8,15,11,18,12,9,17,10,11,19,21,29,17,14,18,16,24,25,32,28,29,12,45,21,141,13,,61,28,12,12,15,9,6,11,11,12,11,11,23,16,13,14,,22,19,30,7,11,22,27,23,16,,12,12,8,11,14,9,39,27,10,18,5,5,9,16,4,5,7,,15,5,5,7,8,9,8,,7,10,13,,7,12,12,9,9,6,,19,,14,12,,8,7,5,7,,,13,19,7,13,12,15,11,10,21,14,14,28,11,12,14,10,13,9,16,3,4,7,5,2,5,5,5,13,8,6,12,9,14,16,9,13,11,19,17,17,15,30,,24,21,20,10,23,9,33,19,13,12,30,17,14,17,10,5,18,11,16,14,7,5,6,8,6,10,6,8,9,15,7,12,7,5,10,16,7,12,9,6,4,6,,11,12,12,23,5,6,20,8,6,4,5,4,22,7,14,3,8,7,10,7,6,4,3,14,8,11,4,16,7,8,5,5,3,13,9,7,10,5,,4,4,6,4,8,8,4,6,6,2,16,30,12,,7,11,9,10,5,10,8,9,5,5,6,,11,7,6,9,9,5,9,11,12,7,8,9,,9,9,,10,13,6,10,10,8,7,,11,10,8,7,5,8,10,5,18,11,6,20,10,56,17,13,17,17,6,8,6,6,14,7,19,10,8,14,6,12,10,10,8,4,12,8,11,4,4,5,5,3,7,,13,6,20,28,11,15,24,14,9,2,14,6,8,4,7,12,16,21,29,25,13,24,16,11,,14,5,50,10,6,7,5,7,8,8,18,11,9,5,9,19,23,15,14,23,14,,13,24,22,11,11,14,11,20,19,18,11,7,30,23,25,6,16,21,10,,26,23,22,,21,45,38,34,17,34,38,,24,25,15,13,20,17,31,13,11,6,10,4,18,20,,7,,10,26,44,28,38,10,35,10,5,,14,7,9,26,57,29,,26,12,9,10,10,23,11,3,9,8,21,2,13,9,4,11,8,11,,3,6,3,3,8,8,9,10,4,4,8,3,3,3,7,6,11,14,14,12,10,10,5,10,23,25,3,18,29,31,20,25,25,13,17,11,13,15,11,22,19,,23,14,13,7,8,3,9,22,13,45,22,24,,,12,9,8,11,8,13,18,24,23,12,,46,24,9,18,8,22,13,22,105,22,10,9,54,105,36,47,58,14,10,16,12,12,,9,9,,21,6,15,10,35,19,21,6,10,14,10,6,15,8,7,39,11,7,4,10,8,8,,33,32,32,46,32,69,,31,28,33,29,19,29,17,20,20,20,18,29,12,11,,13,30,23,12,35,18,28,12,,22,14,20,15,9,11,4,21,12,20,17,41,6,21,20,7,6,31,13,15,8,14,17,3,8,4,3,21,31,27,18,14,6,9,8,12,10,32,12,18,9,1,2,14,13,16,6,8,21,12,8,12,11,80,30,59,16,5,8,8,7,8,8,6,6,11,9,14,8,6,4,6,14,18,5,5,3,2,,2,23,30,8,6,9,7,5,9,7,11,7,3,6,7,3,3,5,3,6,10,3,4,20,5,9,13,4,4,5,24,,17,36,107,48,2,21,2,3,2,8,4,5,15,20,29,31,6,6,6,5,,11,5,6,,,10,9,16,23,12,10,5,20,14,11,2,17,13,12,16,11,14,,12,16,14,33,11,10,7,13,20,14,15,17,11,6,9,10,7,12,15,14,4,9,10,16,15,,,5,4,7,13,12,11,11,17,13,27,16,9,12,7,17,25,18,17,13,11,24,39,25,16,23,15,,18,9,4,9,,16,14,14,28,17,10,,13,9,7,19,24,24,28,3,2,16,13,15,23,33,7,8,23,14,6,23,5,6,,30,30,43,,6,7,6,11,25,15,18,19,24,12,24,10,17,17,15,26,20,3,6,28,19,12,7,9,4,10,12,9,12,11,35,11,6,4,3,2,5,10,10,3,4,4,14,6,2,7,10,4,13,21,29,15,21,39,18,8,20,30,15,33,29,6,36,12,,20,12,16,23,17,8,28,31,40,43,59,11,63,28,28,11,6,25,22,10,5,10,9,9,24,,14,17,17,21,14,7,12,9,,8,24,10,6,15,15,10,6,6,9,17,19,22,20,16,,2,3,12,6,7,9,6,7,2,5,,1,5,5,4,3,8,16,27,28,26,26,17,38,38,,3,42,101,39,34,10,9,6,21,7,15,9,17,17,9,9,9,19,28,14,9,4,6,9,21,33,38,48,29,22,23,19,19,36,28,15,18,23,,21,23,16,14,71,29,22,28,,44,23,16,33,34,37,19,17,21,37,10,2,13,8,2,,8,15,18,10,7,16,7,11,41,26,28,17,21,7,8,9,4,6,10,,5,4,5,4,7,8,7,12,10,10,11,8,6,,22,22,32,23,5,51,19,19,18,3,5,6,4,13,,13,29,9,16,,6,14,17,28,,14,61,18,14,5,10,9,10,9,5,6,11,3,3,14,12,16,28,11,22,16,15,42,57,10,11,18,11,5,11,,21,51,9,12,11,12,9,8,7,11,4,11,9,15,12,8,9,10,11,15,2,13,8,9,28,19,13,,8,13,4,32,6,4,7,5,6,3,2,5,7,2,25,26,11,24,38,6,19,10,8,19,13,10,7,12,30,9,7,22,7,,17,13,13,9,21,20,14,15,34,10,7,,17,7,5,5,17,9,13,3,3,15,7,11,36,30,26,28,35,16,14,6,10,6,11,7,7,14,7,17,5,5,8,5,6,12,5,,22,6,9,11,7,15,5,7,5,3,6,5,4,4,14,6,2,2,7,4,11,11,9,5,6,11,16,9,7,16,9,4,8,4,5,10,4,,12,19,15,12,20,11,9,21,1,30,,5,32,4,19,6,8,13,8,2,7,2,3,,4,4,11,13,4,6,2,9,13,,8,12,4,11,5,6,3,7,12,7,13,53,14,15,14
20160416,15,NO2,,,,,,,,,,,,,,21,29,16,24,21,18,,24,38,27,18,23,21,,12,16,6,12,11,3,11,47,48,31,44,46,66,30,45,66,51,47,31,26,19,37,15,6,29,10,4,13,10,17,10,6,18,6,10,4,6,5,19,11,8,16,23,34,35,14,11,22,27,26,24,26,11,,8,4,9,7,7,6,19,10,19,7,2,7,23,10,6,22,36,35,,27,66,28,40,38,,28,57,54,37,44,28,57,31,18,34,15,59,44,65,28,48,15,10,17,20,30,36,25,21,,86,86,52,36,91,34,35,42,55,54,37,40,25,38,24,35,17,21,31,34,35,33,45,36,26,50,27,35,39,33,35,36,42,36,50,68,57,69,68,29,32,17,49,48,41,20,39,46,48,23,36,,27,37,50,44,43,56,49,58,58,59,59,35,64,51,35,46,,38,31,29,52,38,52,53,17,43,,22,30,34,40,38,29,40,63,33,39,28,26,18,55,8,46,36,,60,35,28,10,14,21,33,,9,31,23,,57,83,54,26,15,24,,26,,26,39,,18,12,7,23,,,44,41,30,30,22,19,51,36,36,26,32,15,18,30,45,36,32,20,40,17,56,72,74,50,77,18,15,27,18,9,6,5,12,19,8,18,14,26,20,29,32,10,,40,2,28,50,,61,55,32,34,52,44,39,42,31,18,23,26,22,24,15,13,5,35,21,18,17,3,15,10,8,9,11,5,9,13,21,24,16,10,8,39,29,,25,27,14,44,48,23,40,21,15,23,25,17,31,12,25,10,27,44,28,16,4,15,3,21,37,19,11,12,2,13,11,6,2,1,2,10,11,8,,14,11,16,10,11,14,23,26,17,19,18,17,12,,20,9,44,14,19,19,22,19,6,7,23,,36,13,45,16,30,13,24,35,14,27,61,22,,43,36,,17,41,15,11,30,18,17,,3,13,10,18,6,15,15,26,14,33,12,25,12,4,8,3,25,10,14,29,10,14,27,16,14,18,19,14,15,15,19,11,13,15,14,9,24,24,24,15,14,33,23,,25,12,6,17,15,11,10,13,44,30,10,32,17,29,3,11,24,15,13,9,19,24,23,15,,7,15,19,12,7,7,5,7,7,10,12,8,5,4,4,38,32,34,28,15,20,,18,25,22,14,10,38,33,38,29,22,28,22,41,36,42,64,37,56,49,,15,17,17,,15,31,25,21,26,40,55,,26,44,17,35,70,24,12,24,43,33,19,35,28,11,,19,,8,15,29,20,20,20,28,28,34,,36,20,40,24,9,7,,17,19,27,8,28,10,27,18,27,9,9,6,,9,6,14,4,8,,2,4,13,22,41,3,5,7,30,26,17,4,1,4,25,46,38,3,12,16,18,16,9,16,3,1,9,7,7,9,11,12,11,7,10,5,74,4,8,11,26,,12,15,4,30,8,20,3,1,16,20,7,7,,,6,13,11,8,31,28,56,60,20,45,,22,44,34,37,18,24,17,21,46,19,14,5,70,60,58,55,63,31,32,27,29,20,,10,16,,23,16,8,10,49,21,38,17,19,16,23,5,13,8,43,22,16,42,24,36,40,31,,24,19,11,14,26,14,,17,13,1,11,6,12,13,12,23,16,25,30,9,3,,14,29,20,13,18,28,20,31,,16,13,22,12,19,21,7,7,16,12,10,7,15,11,2,2,8,6,4,5,4,13,2,9,5,10,6,4,11,9,,2,6,10,6,15,13,7,6,15,5,9,7,13,4,6,14,8,9,12,12,10,8,11,5,34,14,7,2,14,12,7,8,8,13,23,16,29,13,7,14,12,9,8,8,24,29,11,,16,11,4,11,9,19,11,9,14,13,12,2,13,8,15,8,6,16,16,11,10,6,13,8,14,13,8,8,14,4,5,,5,6,8,4,11,2,2,9,3,6,7,7,12,25,30,33,20,23,27,2,,25,16,17,,,23,18,36,13,18,9,6,17,13,13,12,13,34,35,33,31,27,,35,48,33,36,23,23,16,21,52,47,59,,45,19,16,24,14,30,24,8,32,25,15,42,53,,,29,26,13,12,9,13,11,6,6,10,8,29,21,16,15,7,11,17,10,12,3,5,6,3,2,6,,6,12,20,5,,6,4,15,8,13,5,,5,5,9,6,8,22,15,12,9,17,13,16,4,7,19,19,15,23,3,4,6,3,,17,8,16,,32,19,15,23,24,31,26,26,15,13,18,20,43,40,56,42,30,21,31,20,53,18,11,23,15,24,22,22,14,36,17,8,1,11,2,25,8,29,27,17,25,17,8,4,14,28,30,8,8,29,35,14,11,5,26,11,6,19,59,142,72,37,19,24,,21,36,24,28,9,22,22,30,11,19,27,11,29,21,19,2,20,8,31,21,12,26,29,25,,,33,13,50,31,15,21,19,16,,7,56,27,23,19,21,22,37,12,14,9,6,39,27,18,,2,22,15,16,28,28,22,9,32,46,,4,6,3,19,26,2,15,2,13,2,4,4,11,7,,3,11,16,9,11,5,18,13,15,18,3,8,11,9,9,5,3,6,12,6,5,2,9,7,14,25,46,44,13,17,30,13,31,13,18,16,13,16,,15,22,24,17,14,47,18,13,,14,9,10,9,10,38,7,16,8,25,17,22,11,14,14,,14,9,14,14,17,15,11,24,17,3,10,10,6,35,10,5,12,5,2,,9,8,11,11,2,2,,2,6,21,9,12,22,,5,4,11,9,5,11,7,3,10,8,8,8,1,9,,10,17,21,25,7,10,6,4,1,,3,11,3,8,2,2,4,8,24,21,5,16,5,12,16,11,17,8,2,11,11,9,9,9,2,,4,5,6,14,,2,8,7,10,11,17,8,14,16,13,6,14,16,10,9,5,7,15,16,8,8,3,2,2,7,20,10,,13,8,9,10,9,8,6,21,29,7,6,16,14,6,4,4,11,5,9,4,6,12,13,10,15,14,11,11,26,17,10,8,21,,14,10,8,9,2,7,21,19,13,8,15,,36,6,7,1,12,10,10,17,13,7,6,2,11,14,6,4,9,2,6,11,11,10,7,39,13,14,9,,33,3,9,4,6,18,6,,46,3,2,9,9,6,9,14,8,2,10,3,6,8,14,5,9,8,14,8,6,11,8,21,7,6,4,9,8,7,28,4,2,3,6,40,8,,5,9,2,17,5,7,67,10,14,12,,13,20,1,13,9,7,8,8,4,6,3,2,2,31,15,6,11,4,10,6,9,1,,10,19,18,15,,4,3,11,9,7,1,18,17,9,55
20160416,15,NO2_24h,,,,,,,,,,,,,,50,49,29,48,43,51,,60,71,49,48,44,46,,36,26,24,27,28,16,18,72,80,60,83,83,83,24,49,67,51,50,38,41,26,46,34,26,69,29,27,42,15,19,14,13,23,24,23,21,18,14,51,44,37,47,62,59,52,22,30,25,40,37,45,31,17,,7,15,17,19,6,15,29,12,25,13,12,15,30,18,12,24,29,30,,27,66,28,39,37,,28,30,34,13,23,19,22,23,16,32,14,62,45,57,37,48,19,17,25,24,42,38,38,28,,83,92,54,32,84,29,48,33,52,42,41,39,40,33,28,26,19,32,37,39,47,34,48,53,32,35,33,43,35,42,42,41,40,42,32,38,30,43,43,25,29,19,37,44,47,26,47,40,46,38,33,,27,37,32,46,30,25,49,54,34,42,38,23,47,36,18,35,,36,35,28,43,30,54,47,19,51,,17,44,25,27,28,24,44,64,35,32,48,41,12,58,20,49,60,,52,38,49,15,16,18,33,,10,25,26,,58,80,56,30,19,37,,35,,29,38,,38,21,22,20,,,44,34,27,44,33,36,33,30,34,39,44,22,26,44,68,45,38,12,41,28,58,59,71,53,68,15,45,45,33,26,25,10,27,45,14,31,26,27,26,31,33,11,,37,9,21,21,8,43,25,16,17,22,27,44,50,35,28,25,30,37,31,23,19,21,37,30,31,27,16,24,31,23,18,27,11,22,16,39,36,24,24,16,48,40,,38,44,32,52,49,24,48,32,22,30,26,31,30,17,49,8,16,29,30,24,25,28,9,49,48,50,34,31,8,42,43,14,7,7,5,17,16,15,,31,26,35,33,32,17,22,23,12,13,28,23,24,,31,16,46,16,25,44,40,35,6,13,19,,27,13,35,17,26,15,25,32,22,13,46,20,,32,23,,26,50,34,38,44,40,41,,28,20,12,44,12,22,16,26,29,51,18,31,17,11,17,6,31,21,17,35,22,11,46,20,36,30,41,30,29,33,38,20,24,21,17,19,40,29,26,13,25,33,23,,28,13,5,26,29,28,30,29,39,42,40,42,47,37,14,24,29,30,20,27,27,33,37,22,,9,13,33,15,14,9,11,11,11,15,16,13,10,8,11,30,30,21,20,14,11,,13,28,27,17,14,37,33,40,47,48,49,20,37,35,36,37,25,39,39,,21,22,26,,23,37,28,26,32,48,48,,39,33,15,29,56,26,11,22,31,16,11,17,16,17,,18,,18,27,31,34,25,27,37,23,11,,24,14,21,39,20,27,,21,23,28,19,31,25,26,21,23,19,25,9,6,10,7,17,5,3,,4,5,21,27,34,10,16,13,22,15,14,6,3,6,32,50,46,16,20,23,28,26,27,24,3,6,16,18,28,38,21,22,25,13,19,12,29,11,14,18,32,,29,22,7,27,14,28,7,4,45,37,30,34,,,7,13,10,14,16,16,24,37,19,16,,27,34,17,26,11,29,20,25,55,14,12,7,42,51,45,48,52,34,22,34,21,30,,10,19,,24,17,9,17,70,29,50,25,23,20,20,9,18,29,31,20,13,30,19,22,24,38,,28,25,15,11,35,19,,36,22,8,36,25,20,23,23,31,25,31,47,19,18,,24,40,34,32,17,28,26,27,,23,23,27,16,35,44,38,30,38,37,29,19,34,20,10,9,15,14,11,10,5,21,3,16,15,20,5,7,44,25,41,12,10,13,16,12,18,19,13,24,10,8,6,27,29,31,28,14,17,22,20,15,11,46,17,35,28,8,5,18,20,15,18,17,21,29,22,41,20,11,24,22,35,20,19,30,39,18,,25,16,9,14,26,29,35,11,26,16,17,6,30,37,40,10,19,33,39,24,31,33,39,17,34,31,26,9,14,9,18,,7,19,31,19,14,6,2,12,12,29,18,17,23,33,28,36,18,16,11,13,,26,14,14,,,18,22,31,12,18,9,7,22,11,13,10,12,39,49,38,33,31,,32,36,46,44,36,38,21,21,38,32,43,29,29,29,19,44,32,22,19,28,49,42,32,49,57,,,28,22,14,15,9,13,14,20,16,22,18,36,38,34,9,15,14,9,14,13,19,21,15,18,21,12,,14,20,21,7,,7,3,19,13,21,18,,13,10,12,10,18,30,23,9,10,20,23,21,14,23,21,20,28,8,4,8,8,4,,40,33,51,,7,11,20,18,27,42,18,34,19,18,21,23,34,38,39,23,27,20,30,37,47,32,18,27,17,38,33,27,12,22,20,8,2,11,2,34,13,33,32,18,22,14,17,6,14,37,28,18,10,34,48,23,21,12,31,20,11,13,64,41,46,31,34,23,,28,33,18,32,10,22,28,29,35,41,56,40,44,34,66,7,52,33,36,27,11,35,45,37,41,,22,17,58,29,17,25,23,29,,17,62,39,39,27,36,29,40,24,37,19,27,32,33,31,,2,19,20,16,30,45,35,19,26,47,,4,9,4,18,17,3,16,10,18,12,14,17,30,29,,6,21,20,23,18,5,10,5,6,12,13,17,21,19,22,18,3,24,23,11,12,8,15,11,18,20,38,32,28,31,43,19,38,17,21,27,31,27,,22,28,32,21,20,48,20,24,,20,19,23,23,25,56,22,21,14,32,34,30,22,14,28,,16,12,14,17,19,19,16,25,24,29,22,21,23,43,19,15,14,9,3,,12,9,10,15,5,22,21,19,20,31,19,28,25,,12,10,16,12,12,31,27,21,34,11,12,13,3,12,,24,25,33,34,4,13,12,11,2,,16,14,9,19,5,9,20,15,17,30,17,28,7,13,18,18,18,14,10,21,24,12,14,19,11,23,9,12,14,28,,8,15,12,17,16,30,19,28,15,18,12,28,16,17,18,11,19,24,21,18,9,22,20,17,6,24,16,,17,18,22,24,33,18,17,40,18,12,4,21,28,22,7,8,14,11,13,8,8,16,32,25,11,14,10,12,23,16,17,31,23,,21,13,14,11,17,16,15,13,14,10,19,,32,18,13,3,11,6,9,15,26,27,18,4,25,33,14,14,19,21,21,40,26,15,15,40,33,9,7,,25,22,14,15,16,19,10,,26,5,6,22,14,12,20,28,21,22,31,21,22,9,16,7,8,10,23,12,5,30,23,20,12,13,13,28,29,15,40,6,6,9,22,59,25,,7,9,11,26,9,5,18,13,14,18,,31,53,7,16,13,19,31,32,13,17,3,4,3,42,36,10,28,32,37,19,41,42,,26,34,26,19,,12,2,14,25,17,23,26,46,15,62
20160416,15,O3,,,,,,,,,,,,,,71,71,24,74,73,92,,66,51,65,69,43,82,,106,51,106,106,87,58,69,51,55,62,54,51,35,91,72,94,103,90,78,72,78,69,106,103,115,84,102,70,97,92,91,98,81,85,87,98,87,94,68,84,86,105,70,81,66,92,98,84,87,68,81,55,60,,66,69,65,58,66,104,86,87,97,109,83,82,83,83,85,78,91,89,,121,56,103,90,92,,123,58,45,68,62,97,63,87,91,85,84,69,63,45,88,63,97,128,88,92,108,33,21,112,,14,7,34,20,17,38,32,28,81,67,86,87,88,85,88,79,86,39,34,47,45,37,42,45,51,51,69,63,73,74,78,74,78,69,33,38,40,11,23,78,79,80,66,53,59,63,62,39,56,62,2,,34,43,57,78,47,58,55,62,52,29,30,33,35,27,35,33,,41,50,,38,21,33,34,82,47,,53,54,33,34,39,57,51,39,68,46,79,58,46,49,77,30,53,,19,56,63,94,95,102,89,,114,85,80,,32,34,38,88,81,64,,62,,62,58,,82,76,91,82,,,49,52,46,67,99,80,32,45,42,71,44,53,80,63,65,50,76,76,68,43,21,25,37,34,,74,60,68,73,101,93,106,67,64,94,76,91,54,65,56,49,58,,50,73,102,79,75,62,20,99,79,49,84,114,84,118,109,100,52,105,90,147,67,100,77,78,73,115,71,87,112,133,84,142,124,129,110,110,126,105,115,105,69,56,,24,38,61,36,45,62,28,68,49,60,45,51,7,48,82,46,58,35,49,65,58,51,76,72,77,80,74,56,97,91,109,57,61,66,65,68,62,52,,50,54,55,58,56,64,50,58,34,41,114,113,114,,210,243,137,158,215,227,248,210,86,130,82,,86,104,116,128,108,139,122,109,119,107,80,126,,121,111,,136,154,117,124,110,114,142,,128,95,135,142,133,124,145,139,142,137,151,128,134,135,137,140,132,109,108,102,117,116,97,113,117,116,122,108,108,100,132,126,84,103,156,122,126,93,84,151,104,94,65,,62,103,130,108,88,121,98,82,71,12,46,84,52,107,40,120,97,112,125,129,118,128,126,116,,175,114,116,68,95,87,94,79,92,105,96,96,68,106,106,98,88,91,84,131,160,,132,100,117,134,106,81,51,108,39,39,35,26,61,64,80,27,39,56,54,,81,80,58,,85,47,32,42,36,76,45,,67,63,42,43,49,49,80,70,56,72,67,64,76,101,,112,,115,67,45,62,75,55,60,49,56,,60,125,74,118,127,125,,71,60,19,96,63,72,99,87,110,82,41,78,57,64,94,94,46,56,,61,70,37,44,34,49,49,55,42,36,43,65,47,65,63,63,69,139,125,117,71,81,86,103,87,19,109,134,66,95,88,80,84,100,86,92,76,95,77,104,124,,123,89,116,96,82,76,108,88,95,102,98,115,,,88,80,56,49,52,53,56,52,101,74,,126,101,113,79,129,121,137,125,90,117,150,160,62,88,80,88,94,132,105,131,122,126,,138,86,,75,107,108,82,86,64,47,120,72,83,82,96,103,20,29,62,36,24,18,24,25,31,,25,54,45,32,76,84,,107,120,138,97,120,144,107,106,89,93,41,82,106,99,,82,79,121,65,99,101,104,51,,130,63,116,131,123,98,114,109,123,125,127,106,110,108,165,132,141,136,114,90,99,108,29,50,103,87,98,90,154,155,124,214,115,128,98,226,169,152,152,169,172,59,65,156,166,145,121,56,70,69,112,104,100,78,109,130,148,147,123,149,103,28,8,100,91,99,176,140,87,98,93,147,60,89,87,101,117,110,,117,164,150,140,118,106,117,117,152,131,132,122,121,119,124,125,125,114,113,145,127,127,133,105,127,125,111,118,122,91,93,,114,122,111,110,103,118,63,146,66,90,87,121,111,118,56,53,66,59,94,79,,100,104,115,,,109,79,113,141,108,77,72,97,101,110,87,110,58,68,64,73,84,,66,,69,59,91,92,27,5,23,31,59,33,76,57,26,62,39,,75,50,92,46,72,48,67,,,83,51,115,104,98,106,104,94,96,99,96,63,65,83,113,121,49,125,123,104,107,106,111,97,100,102,,102,105,69,65,,66,52,98,138,115,86,,40,114,99,92,85,72,113,102,109,111,110,94,95,51,54,71,76,102,89,42,125,116,,98,59,57,,93,113,98,76,188,99,92,151,70,69,48,34,86,81,85,93,101,110,112,128,63,76,87,75,80,95,87,87,42,36,50,32,82,76,74,89,52,43,55,62,72,77,82,34,45,38,23,78,33,46,80,73,89,,38,38,93,78,31,136,107,53,55,52,,66,57,31,73,87,49,74,63,77,35,48,53,91,70,34,6,19,30,87,76,81,118,31,69,16,,18,65,119,30,70,96,119,86,,19,81,46,52,54,49,45,25,54,55,60,40,30,36,51,,,40,64,43,18,32,24,41,41,48,,93,61,84,84,74,93,126,113,131,84,151,66,103,136,,84,84,76,95,86,106,99,93,90,102,92,88,107,80,110,60,,113,106,88,93,97,91,78,96,91,66,65,67,66,66,80,94,97,78,75,92,76,,118,91,86,103,104,90,94,124,,110,111,132,65,72,73,75,96,100,104,72,79,109,32,75,,74,86,125,104,128,116,140,81,95,91,123,126,89,111,113,104,78,100,95,,105,106,93,113,110,107,79,101,87,89,102,97,53,,112,115,108,107,112,111,114,104,116,115,111,116,85,79,,125,87,111,114,115,106,115,100,100,,106,119,106,104,112,95,134,223,22,138,191,85,43,39,112,119,101,144,155,156,175,138,120,117,117,144,97,58,89,95,,160,140,182,181,116,120,141,150,61,132,64,133,115,114,122,122,93,93,98,89,98,115,120,118,141,120,131,,119,150,85,105,105,83,19,125,18,92,115,93,72,95,113,107,134,129,135,81,131,131,25,45,160,149,131,135,138,98,49,105,159,,150,134,136,114,35,120,96,121,153,153,134,,75,158,138,142,150,87,68,,81,180,55,71,99,116,158,175,179,172,151,111,210,100,78,144,178,53,25,94,47,134,143,89,117,84,93,,80,15,56,110,99,87,110,110,104,122,121,69,127,76,107,111,134,120,118,76,107,105,106,113,111,69,104,113,111,102,104,57,85,92,112,114,102,,114,110,137,92,132,110,85,124,31,70,,84,81,78,97,59,60,42,106,152,171,55,54,125,43,47,120,109,111,178,114,118,72,,105,60,102,122,,107,100,106,142,139,86,88,42,103,16
20160416,15,O3_24h,,,,,,,,,,,,,,155,171,53,196,191,197,,171,127,190,142,106,206,,156,114,165,139,130,91,188,146,150,132,144,157,149,188,172,201,194,213,229,178,220,215,178,146,161,141,144,99,115,115,102,115,85,182,162,200,168,185,112,164,198,203,184,246,238,208,213,201,216,167,194,155,76,,75,86,77,63,73,104,102,155,100,142,83,88,89,83,86,99,144,138,,169,78,151,140,134,,175,150,138,138,143,159,158,154,150,141,127,134,115,108,137,113,131,151,135,128,151,69,96,122,,61,41,84,81,63,73,60,91,122,121,116,176,134,125,163,152,141,162,138,202,170,216,175,151,177,155,135,118,140,117,140,144,139,131,140,138,115,37,124,188,169,137,184,195,186,190,64,120,187,163,199,,117,132,132,164,133,179,113,162,168,99,138,130,164,124,130,125,,105,118,74,85,64,99,108,195,120,,159,134,144,136,139,138,116,82,144,98,120,117,126,140,135,125,111,,147,131,106,112,120,123,125,,135,120,102,,44,45,59,115,110,64,,176,,154,158,,141,122,124,114,,,77,92,88,87,116,86,101,116,91,116,121,107,170,140,127,123,214,165,133,67,32,60,67,61,42,84,60,102,73,101,93,131,67,76,94,96,109,160,184,170,154,189,,170,176,137,141,118,111,133,150,100,120,148,237,138,239,190,210,150,166,159,254,96,121,112,103,114,138,100,122,112,133,84,142,124,129,110,110,126,105,115,105,69,62,,24,38,68,36,53,62,40,68,87,97,99,85,93,81,91,91,119,113,77,87,71,57,81,72,77,80,74,56,97,91,109,146,61,66,65,68,63,52,,51,54,55,58,56,89,70,74,86,105,114,113,114,,210,243,137,158,215,227,248,210,99,157,82,,94,104,116,128,108,139,122,109,119,107,80,126,,121,111,,136,154,117,124,110,114,142,,128,95,160,142,160,145,165,148,146,160,152,128,138,137,140,140,133,109,148,177,150,166,161,156,117,116,122,108,108,100,132,126,84,103,156,122,126,95,86,151,104,94,99,,83,124,130,108,88,125,98,84,78,25,51,90,52,109,40,120,97,112,125,129,118,128,126,116,,183,114,116,68,118,107,118,98,112,128,96,100,69,106,108,168,149,158,152,133,172,,136,176,222,215,152,131,88,152,54,52,49,47,171,167,167,125,141,174,168,,243,256,139,,208,156,88,148,95,199,142,,111,150,147,206,174,165,188,159,140,164,116,156,117,178,,205,,182,186,155,193,198,180,199,104,132,,95,200,158,218,224,225,,71,60,24,96,63,101,125,101,144,95,82,85,60,66,97,105,112,68,,67,79,76,60,66,96,78,96,56,53,56,68,52,70,63,63,69,152,131,149,77,92,108,108,87,19,109,137,74,95,135,152,162,107,86,93,94,97,78,136,174,,155,126,116,96,82,76,108,88,95,104,98,115,,,137,131,85,106,164,113,154,130,167,171,,153,145,165,120,163,142,177,136,117,129,173,189,157,143,196,178,169,148,139,139,148,145,,170,92,,90,115,125,82,93,81,66,120,102,114,124,112,127,130,106,113,87,161,91,151,174,133,,46,64,47,57,76,86,,149,135,170,125,159,177,127,189,198,174,91,191,171,158,,147,160,244,123,215,157,162,85,,130,115,116,131,123,98,114,109,123,125,127,106,110,108,165,132,141,140,114,90,99,127,107,51,103,100,101,90,159,155,130,214,140,262,111,226,169,152,152,169,172,82,93,156,166,145,121,57,70,69,112,104,100,78,109,138,155,147,129,158,115,52,55,100,91,99,176,140,87,98,93,149,61,89,87,107,120,110,,117,164,154,140,118,106,121,118,156,131,132,122,121,119,127,125,125,117,113,146,129,128,133,105,127,125,159,118,122,91,99,,118,126,116,115,150,118,70,146,66,91,88,121,159,210,209,352,109,89,154,102,,122,135,142,,,183,143,167,192,186,134,84,103,124,126,100,122,117,140,142,125,126,,128,,103,75,137,119,85,16,163,137,134,153,229,124,100,150,129,,143,73,128,57,82,67,96,,,109,73,115,158,158,174,199,164,168,174,173,63,65,84,113,204,99,125,151,198,107,106,111,97,100,105,,102,108,69,65,,66,52,115,151,128,86,,42,122,116,99,95,99,136,105,110,124,123,104,101,58,94,110,116,132,125,43,127,118,,141,98,77,,183,160,122,134,219,117,123,189,130,139,84,54,134,108,121,135,148,120,118,139,79,89,98,101,113,95,87,91,78,40,93,102,99,93,87,110,72,56,76,109,81,88,85,34,45,102,90,100,60,115,166,82,96,,83,61,94,86,312,136,107,184,179,188,,135,125,96,149,127,155,208,205,115,92,110,60,109,112,34,37,54,33,90,86,90,223,93,148,89,,71,142,256,91,84,96,151,94,,141,265,82,75,83,70,59,55,82,59,83,141,69,69,68,,,87,98,71,39,45,44,58,76,77,,133,81,108,99,110,93,126,113,131,84,159,66,117,137,,124,102,98,114,114,106,99,94,101,106,119,88,107,80,110,60,,113,106,92,93,97,91,78,117,125,87,89,165,153,158,173,177,196,156,125,166,127,,269,170,178,161,185,159,174,146,,139,144,168,177,181,181,194,149,169,176,93,110,118,38,88,,74,100,145,111,128,116,140,127,120,113,123,126,89,111,130,120,103,133,96,,105,106,97,121,121,107,79,102,87,89,102,97,53,,112,115,108,107,129,111,114,105,116,115,111,125,90,81,,125,87,111,114,115,106,115,100,100,,106,119,106,104,112,95,134,223,23,138,191,88,47,47,112,119,107,144,155,156,175,138,120,117,144,149,97,58,97,102,,160,262,182,181,116,120,141,150,61,132,64,133,115,116,123,124,93,93,98,93,98,115,120,118,141,120,131,,119,167,85,105,130,83,36,188,18,92,115,93,72,95,113,121,134,129,135,81,219,131,28,76,160,149,131,135,138,117,49,156,174,,150,135,136,118,41,120,98,127,153,154,134,,90,158,138,142,150,94,72,,89,181,55,75,105,130,168,194,179,172,156,125,241,100,91,148,178,85,48,103,80,149,157,101,130,119,127,,87,20,61,135,124,87,110,110,104,122,123,70,127,76,107,111,134,120,128,80,107,105,106,117,111,79,121,113,111,110,113,58,87,94,112,114,102,,114,110,139,94,138,112,140,126,60,76,,85,82,87,105,72,60,44,106,157,176,59,57,142,45,48,120,111,133,200,135,152,84,,124,71,102,122,,113,107,107,156,150,86,88,54,148,20
20160416,15,O3_8h,,,,,,,,,,,,,,69,71,24,73,72,89,,62,60,67,75,43,82,,79,33,41,76,66,43,76,57,65,57,48,49,48,107,81,97,111,100,68,60,70,67,84,79,90,65,78,47,91,88,86,89,77,76,75,89,80,76,51,57,63,74,67,78,69,75,83,70,83,62,68,54,50,,55,52,50,46,53,89,74,80,90,107,73,77,77,76,80,82,110,114,,135,63,117,104,106,,129,92,84,106,81,118,112,106,107,99,101,69,63,49,86,66,91,116,84,93,108,36,18,112,,25,15,63,43,25,59,25,52,77,69,67,87,68,75,88,82,84,28,27,42,38,34,40,28,42,59,51,37,54,48,52,52,54,47,47,46,51,13,37,89,86,75,81,39,38,45,45,34,43,44,6,,33,42,66,66,56,77,50,63,74,33,49,41,50,37,48,35,,43,46,2,45,22,35,43,50,28,,38,28,55,50,54,70,35,24,44,31,22,23,45,28,29,12,17,,24,19,17,83,87,98,79,,108,82,73,,28,28,29,47,42,64,,42,,56,55,,66,65,80,86,,,24,29,23,38,79,39,19,23,28,36,21,36,48,36,37,37,109,52,44,47,23,27,45,30,9,50,44,48,44,62,60,68,38,43,69,61,72,34,40,36,34,37,,35,51,123,108,97,78,82,125,87,84,97,69,47,62,52,69,36,48,46,72,52,82,66,64,54,89,56,65,86,108,62,111,90,98,81,86,88,79,89,85,26,25,,16,13,36,12,23,30,14,27,36,49,42,38,24,33,75,39,61,37,38,55,55,39,68,31,34,32,42,34,60,38,41,42,47,56,51,47,44,36,,28,35,32,31,38,48,37,45,39,45,52,59,60,,108,131,65,89,108,110,133,110,94,107,58,,73,70,69,69,57,87,76,70,84,70,46,83,,82,59,,84,105,62,67,61,66,75,,70,57,101,100,106,97,102,106,112,107,111,110,117,119,124,120,110,85,99,89,117,110,74,89,68,69,75,70,64,58,75,83,58,73,94,72,72,82,76,141,81,76,60,,53,76,91,72,61,95,77,63,64,13,28,50,33,67,29,82,65,75,84,92,75,82,79,68,,132,75,77,57,86,78,86,72,83,95,84,82,62,95,90,114,99,108,103,120,156,,119,101,117,140,112,90,55,110,24,18,20,33,50,54,71,31,39,54,52,,87,80,51,,73,35,25,38,26,64,30,,37,51,47,52,47,37,74,71,62,82,72,78,79,72,,87,,87,42,33,40,65,38,45,68,94,,62,94,75,88,101,93,,43,36,12,51,37,46,71,63,72,66,56,66,47,58,80,79,37,60,,60,68,28,36,37,60,59,63,32,35,33,58,43,57,22,18,24,87,71,83,53,59,65,80,63,13,74,97,50,66,74,60,64,91,80,83,80,89,68,76,93,,96,58,79,59,48,50,70,60,68,74,75,76,,,84,78,53,44,91,70,83,82,117,108,,135,126,143,100,145,128,121,124,86,120,152,153,88,99,98,90,98,98,96,97,115,86,,134,76,,62,96,97,32,40,36,16,51,67,74,80,90,90,15,51,74,33,40,21,43,41,23,,17,31,26,23,40,50,,61,64,82,57,71,94,65,88,73,80,39,61,87,79,,63,49,72,36,70,56,60,29,,84,33,75,85,83,60,69,68,85,90,93,79,87,89,128,109,115,115,87,72,76,80,47,38,80,71,91,77,118,111,100,202,78,103,67,151,115,98,115,118,122,64,70,50,48,53,39,42,47,51,76,74,68,50,69,94,102,92,78,93,64,24,25,61,61,50,86,65,42,68,57,92,42,54,64,84,111,98,,104,111,108,98,60,63,69,91,111,105,96,86,79,73,79,85,71,64,64,85,66,72,68,73,82,81,70,106,109,75,77,,93,86,82,88,91,99,56,114,45,74,76,110,68,78,35,29,73,73,124,39,,105,115,125,,,113,87,103,126,92,66,66,85,89,94,87,107,46,46,46,58,66,,56,,52,51,72,69,25,4,27,31,55,30,74,35,22,38,26,,62,32,72,29,54,25,34,,,83,56,78,73,77,76,74,63,66,70,68,40,37,71,97,103,40,75,102,88,83,80,91,79,76,80,,84,85,45,47,,42,34,87,119,95,54,,32,100,88,77,59,45,86,96,99,95,94,81,92,48,54,73,75,104,85,40,120,114,,88,57,44,,132,122,87,90,187,100,100,144,68,62,48,34,79,67,72,119,125,98,101,70,40,61,69,67,69,65,66,76,42,37,52,32,73,70,64,81,51,47,68,71,68,75,69,26,43,27,18,37,36,42,82,67,78,,37,35,84,71,25,110,90,39,30,40,,30,28,12,30,44,32,46,45,66,12,64,36,74,39,22,5,18,22,74,60,79,82,26,60,18,,20,41,108,18,65,65,77,89,,23,122,22,26,53,42,46,19,29,39,49,39,19,18,22,,,42,53,42,27,36,36,45,36,36,,64,46,69,69,61,78,89,72,84,60,124,42,84,102,,93,80,73,90,89,67,66,65,64,67,80,76,90,67,91,44,,95,87,81,74,83,74,60,83,78,57,61,57,52,54,72,75,82,67,66,78,64,,86,72,70,74,76,64,65,78,,65,67,70,42,50,52,46,71,73,75,56,57,76,26,60,,57,70,108,80,98,82,97,66,67,75,84,85,61,78,90,83,71,91,76,,76,82,70,83,81,70,64,79,59,65,76,69,42,,87,91,90,90,114,92,97,86,99,94,85,91,69,69,,103,73,84,90,82,74,76,68,75,,86,91,84,80,75,63,90,174,22,67,99,77,42,29,95,100,97,90,91,93,112,84,79,76,90,92,72,40,69,58,,117,66,114,116,72,72,81,87,35,80,39,79,76,76,85,88,52,55,56,53,68,60,64,63,90,76,84,,74,88,45,66,104,70,22,143,14,68,80,61,43,51,71,76,87,79,86,53,87,83,19,46,103,90,82,78,83,88,37,100,135,,106,99,101,85,18,68,81,103,112,119,105,,51,102,73,106,112,82,57,,47,131,28,30,74,91,128,138,132,121,110,64,137,70,55,56,74,50,19,79,48,101,107,74,92,85,96,,58,16,46,67,59,48,55,52,50,99,96,55,99,38,69,68,116,102,102,72,68,60,64,94,90,65,100,80,82,90,97,51,85,76,89,83,66,,84,78,102,72,114,91,85,102,21,58,,57,56,50,96,60,44,34,80,122,122,51,50,126,25,29,65,57,90,158,102,110,59,,72,52,75,92,,71,99,93,90,90,51,62,36,82,11
20160416,15,O3_8h_24h,,,,,,,,,,,,,,102,118,37,116,121,127,,117,103,155,91,68,154,,122,86,139,115,103,71,159,132,121,113,117,117,128,166,132,159,164,172,181,139,174,175,143,126,130,116,131,86,111,115,101,114,81,155,143,174,150,164,77,103,116,131,148,205,196,188,193,180,172,127,150,120,80,,79,97,93,73,98,101,128,99,90,107,73,83,82,76,82,88,139,133,,160,65,137,129,123,,156,139,123,131,140,151,148,141,145,130,108,118,107,95,121,101,112,129,116,108,112,69,101,112,,58,39,63,76,64,76,53,88,118,120,116,140,118,126,138,145,131,152,131,187,158,196,161,143,165,145,125,100,123,110,127,126,131,124,135,135,114,34,117,175,171,134,166,182,171,177,45,113,171,145,91,,120,131,125,153,119,170,103,156,158,91,135,130,148,111,125,113,,103,113,60,89,96,114,115,192,104,,139,118,141,136,135,139,108,70,133,93,119,104,118,145,123,122,114,,150,126,102,106,116,118,121,,135,122,95,,63,39,68,115,116,74,,151,,134,139,,124,112,111,107,,,81,91,85,86,116,91,105,113,85,113,108,99,153,123,113,111,114,150,126,56,37,76,104,84,75,75,60,57,52,74,67,102,52,43,69,61,96,168,187,187,156,184,,174,198,131,137,114,106,126,146,94,118,138,213,131,214,178,185,131,152,146,225,82,101,97,84,99,115,88,99,100,108,62,111,90,98,81,86,88,79,89,85,26,25,,16,13,36,12,23,41,14,30,82,88,79,77,75,78,75,78,118,112,68,81,55,50,68,31,34,32,42,34,60,38,41,53,47,56,51,47,44,36,,42,44,44,42,38,89,68,75,88,109,52,59,60,,108,131,65,89,108,110,133,110,102,143,66,,86,70,69,69,70,87,76,83,84,70,53,83,,82,67,,84,105,64,72,70,66,75,,70,68,132,122,144,123,148,131,120,132,111,111,117,124,124,121,120,94,141,162,144,161,151,153,68,69,75,70,64,58,75,83,58,73,94,72,72,84,77,141,81,76,86,,78,116,141,90,80,118,82,79,64,15,39,75,45,96,38,82,65,75,84,92,75,82,79,68,,173,75,77,57,106,90,108,89,101,121,85,95,82,105,105,157,142,151,136,126,156,,129,157,189,202,136,122,75,140,53,53,45,62,182,179,180,118,129,162,157,,195,208,138,,204,131,77,127,99,212,164,,113,170,129,184,148,150,186,133,127,151,114,147,114,156,,182,,162,174,141,172,207,190,212,112,140,,96,150,141,196,190,195,,48,42,14,72,37,86,114,107,108,108,90,79,56,70,94,93,42,72,,69,81,62,54,55,111,100,116,53,47,51,67,48,67,22,18,24,90,71,83,68,69,65,97,63,13,74,117,58,81,133,151,162,108,88,83,92,108,76,137,175,,156,119,90,62,55,65,95,60,85,91,96,114,,,125,119,80,104,139,102,129,115,151,156,,140,129,153,106,155,137,161,136,104,121,166,176,139,127,171,150,153,138,131,132,136,131,,156,93,,95,124,122,83,82,76,64,116,92,104,114,105,114,68,95,92,79,149,80,145,161,125,,41,59,43,57,63,83,,87,99,114,84,113,134,87,179,177,157,79,171,172,161,,150,149,226,118,200,145,151,80,,106,129,118,119,83,60,69,68,85,90,93,79,87,89,128,112,115,125,87,72,76,80,107,38,80,71,102,77,118,111,100,202,123,182,106,151,115,98,115,118,122,77,88,85,64,70,69,44,48,51,81,74,79,60,105,122,134,98,78,93,64,29,46,91,64,50,86,65,42,68,57,92,46,68,74,84,111,98,,104,136,126,98,60,63,69,99,112,105,97,90,80,90,90,95,71,64,64,85,75,72,68,73,82,81,156,110,116,85,92,,109,119,108,111,134,105,65,130,59,77,77,110,149,200,204,214,92,80,148,138,,113,136,139,,,179,138,160,178,192,140,80,99,119,122,93,112,111,127,130,117,120,,110,,104,74,122,111,78,13,133,114,124,150,224,117,79,132,112,,138,72,122,67,84,53,82,,,110,72,78,139,136,158,155,155,161,167,167,41,57,91,97,182,86,75,170,179,123,120,116,110,121,132,,134,136,63,62,,53,47,114,141,123,84,,46,118,113,97,90,88,125,96,99,118,116,99,97,53,83,96,104,132,119,41,120,114,,124,86,72,,174,153,118,122,208,110,120,167,121,105,80,52,118,95,109,122,139,111,103,91,44,81,88,96,111,87,89,94,77,37,91,93,94,95,82,108,77,60,76,110,80,91,81,26,43,105,88,106,58,117,142,78,91,,87,64,84,78,292,110,98,178,172,187,,135,126,99,151,142,119,183,182,82,63,82,56,103,102,27,32,26,29,80,76,89,154,94,147,81,,71,142,184,74,76,96,158,89,,112,181,88,43,74,63,59,70,91,75,86,39,75,73,72,,,97,117,89,30,41,42,51,56,68,,109,74,103,93,104,78,89,72,84,60,124,42,86,102,,95,80,75,90,89,67,66,65,64,67,119,76,90,67,91,44,,95,87,81,74,83,74,60,83,102,81,79,148,146,146,170,162,190,150,128,170,129,,204,155,160,150,169,147,161,138,,130,134,155,155,158,163,169,139,159,167,84,105,116,38,91,,60,94,129,105,116,102,120,120,112,95,84,85,65,78,122,114,104,130,88,,90,94,98,122,119,70,64,79,59,65,76,69,42,,87,91,90,90,114,92,97,86,99,94,89,101,78,72,,103,73,84,90,82,74,76,68,75,,86,91,84,80,75,63,90,174,69,108,128,85,42,38,104,109,101,93,104,99,117,99,93,88,118,130,72,54,80,83,,121,200,133,130,99,88,102,124,35,80,41,79,86,81,85,88,62,60,65,66,72,79,66,71,90,76,84,,74,88,45,66,104,70,26,184,16,77,105,61,43,51,71,77,87,79,86,63,119,105,25,67,144,140,128,136,130,109,44,100,158,,140,128,125,107,30,72,85,116,141,143,105,,68,136,116,128,142,92,74,5,74,161,42,56,96,115,142,159,153,160,147,89,165,92,86,119,148,90,46,96,62,142,153,98,122,115,125,,85,20,61,126,113,67,76,70,69,104,101,55,103,52,70,84,116,102,108,75,95,74,73,103,97,71,112,89,88,101,106,55,85,76,93,85,86,,102,96,135,84,138,109,138,102,44,75,,78,76,50,103,64,54,43,97,149,167,56,55,126,40,44,109,101,128,190,124,140,76,,102,66,89,109,94,105,102,103,132,129,79,78,41,151,11
20160416,15,CO,,,,,,,,,,,,,,0.795,0.857,0.825,0.893,0.57,0.923,,1.032,1.447,0.86,0.881,0.914,0.578,,0.205,0.245,0.153,0.225,0.492,0.148,0.246,1.031,1.065,1.301,1.603,0.996,2.087,0.597,0.607,0.6,0.784,0.803,0.534,0.34,0.504,0.39,0.268,0.358,0.278,0.269,0.147,0.176,0.029,0.278,0.258,0.425,0.556,0.269,0.427,0.184,0.301,0.32,0.09,,0.251,0.43,0.871,0.73,0.588,0.347,0.294,0.388,0.405,0.31,0.528,0.561,0.578,,0.258,0.324,0.966,0.328,0.507,0.553,1.161,0.595,0.297,0.815,0.747,0.232,0.346,0.471,1.281,0.826,0.678,0.786,,1.085,0.596,0.8,0.785,0.595,,0.568,0.759,1.256,0.966,1.007,0.994,0.796,0.827,0.916,1.334,0.313,0.82,0.701,0.993,0.533,0.737,0.504,0.622,0.497,0.588,0.819,0.36,2.217,1.037,,1.075,1.171,0.903,2.551,1.675,1.045,0.736,1.103,0.601,0.706,0.671,0.503,0.863,0.511,0.467,0.702,0.714,1.429,0.858,0.585,0.144,1.12,1.108,0.69,0.488,1.193,0.647,0.938,0.823,0.868,0.708,0.699,0.984,1.13,0.728,0.95,0.881,0.947,0.495,1.022,1.033,1.035,0.97,1.167,1.546,1.415,1.167,1.744,1.306,1.428,1.457,,0.932,0.981,1.311,1.347,1.628,0.905,1.946,0.985,0.679,2.526,1.02,0.959,1.4,0.725,0.949,0.886,,0.791,0.587,0.785,1.383,1.37,1.278,1.052,1.404,1.768,,1.843,1.198,0.765,0.875,1.039,0.97,1.865,1.439,2.019,1.869,0.689,0.82,0.387,0.615,0.591,0.793,0.788,,0.919,0.873,1.201,0.608,0.568,0.683,0.733,,0.604,0.73,0.843,,0.921,1.153,0.867,0.728,0.468,0.373,,0.667,,1.426,0.762,,0.68,0.667,0.919,0.465,,,1.065,1.056,1.636,0.716,0.606,0.899,1.004,0.55,0.812,0.912,0.932,0.818,0.872,1.074,1.083,1.716,1.062,1.197,1.897,0.526,0.742,1.13,1.187,1.06,1.677,0.427,0.72,0.667,0.586,0.501,0.862,0.4,0.64,0.644,0.787,0.912,0.614,0.654,0.614,0.685,0.656,0.739,,0.616,0.434,0.795,0.854,0.849,0.762,0.578,0.475,0.392,1.049,0.656,1.56,1.22,1.69,0.752,1.036,1.325,0.969,0.918,1.034,0.527,0.408,0.902,0.563,0.715,0.833,0.699,0.596,0.576,0.674,0.226,0.549,0.524,0.43,0.566,0.26,0.278,0.225,0.562,0.528,0.873,1.27,,0.601,0.742,1.004,1.307,0.825,0.651,0.789,0.857,0.285,0.532,0.58,0.854,0.498,0.656,0.562,0.628,0.599,0.796,0.704,1.139,0.704,1.791,0.644,0.447,0.949,0.898,0.629,0.742,0.438,0.598,0.776,0.736,0.574,0.741,0.633,0.617,0.642,0.444,,0.606,0.456,0.706,0.472,0.523,0.631,0.67,0.586,0.756,0.28,0.886,0.839,0.614,,1.208,1.08,1.312,1.269,1.206,1.119,0.871,0.992,0.286,0.611,0.618,,0.667,0.287,0.212,0.228,,0.399,0.452,,0.468,0.747,0.504,0.454,,0.113,0.151,,0.641,0.345,0.533,0.66,0.31,0.428,0.738,,0.463,0.528,0.062,0.305,0.167,0.256,0.429,0.37,0.585,0.224,0.358,1.138,0.472,,0.677,1.557,0.443,0.977,0.355,0.493,0.831,0.3,0.344,0.587,1.236,0.452,1.166,0.562,0.791,0.602,2.095,0.691,0.484,0.257,2.452,1.293,,0.652,0.334,0.772,0.61,0.63,0.411,,0.572,0.855,0.641,0.489,0.521,0.694,0.087,0.751,0.546,0.47,0.299,0.465,0.426,0.387,0.235,0.359,0.24,0.367,0.452,0.323,0.405,0.269,0.32,0.137,,0.312,0.19,0.528,0.256,0.654,0.575,0.465,0.609,0.656,0.996,0.67,0.332,0.219,0.282,0.287,1.424,0.931,0.761,0.502,1.405,0.758,,1.968,0.857,0.449,0.269,0.775,1.381,1.035,0.828,0.622,0.488,0.456,0.613,1.286,1.871,1.691,1.493,1.189,1.21,1.172,,0.811,1.467,1.049,,0.74,1.202,1.051,1.013,0.921,1.149,1.905,,0.755,1.263,1.036,0.864,0.926,1.265,0.93,0.479,0.276,0.662,0.571,0.561,0.676,0.466,,0.572,,0.292,0.872,1.083,0.587,0.956,0.935,0.721,0.664,0.556,,0.456,0.234,0.618,0.594,0.389,0.363,,0.894,1.03,0.373,0.751,0.714,0.904,0.894,0.717,1.097,0.69,0.806,0.647,0.804,1.148,0.639,1.339,1.668,0.551,,0.74,0.492,1.119,1.13,1.191,0.965,0.629,0.605,1.216,1.313,0.896,0.603,0.795,1.008,0.781,0.97,0.809,1.161,1.12,1.1,0.962,1.013,1.082,1.445,0.816,1.317,0.65,0.665,2.185,1.945,0.942,0.89,0.842,0.94,1.808,0.317,0.766,0.358,0.428,1.025,2.581,,1.314,0.556,1.134,1.802,1.704,3.214,1.886,3.072,1.537,0.205,0.447,0.475,,,0.399,0.707,2.019,0.407,1.03,0.729,0.955,1.172,0.776,0.736,,0.72,2.194,0.632,1.997,0.688,0.796,1.215,1.438,2.183,0.898,1.016,0.436,0.813,0.731,0.884,1.297,1.264,1,0.924,0.87,1.184,0.899,,0.618,0.845,,0.226,0.608,0.367,1.385,0.503,0.716,0.684,0.579,0.742,0.506,0.507,0.653,0.658,0.976,0.76,1.74,0.783,1.457,0.758,1.476,1.834,1.307,,0.628,0.71,0.695,0.549,0.686,2.023,,0.87,1.295,1.944,0.515,0.766,1.352,2.018,0.269,0.65,0.842,0.712,1.247,1.089,1.622,,1.057,1.601,1.241,1.092,1.774,0.785,0.714,0.85,,1.001,1.312,1.095,0.73,0.351,0.095,0.104,0.542,0.382,0.589,0.552,0.718,0.796,0.412,0.632,0.715,0.487,0.422,0.567,0.323,1.393,0.139,,0.01,1.612,0.869,0.833,0.521,0.697,0.551,0.972,0.927,1.362,0.721,0.798,1.12,0.912,1.126,0.999,1.261,0.831,0.651,0.509,0.474,0.745,0.392,0.49,0.447,0.257,0.268,0.546,0.297,0.48,0.847,0.903,1.309,2.161,,0.138,0.213,,0.359,0.164,0.342,0.218,0.903,0.924,0.603,0.765,0.424,0.239,0.779,0.144,0.59,0.443,0.141,2.608,0.36,,0.183,0.548,0.506,0.301,0.362,0.336,0.841,0.224,0.289,0.453,0.519,1.395,1.295,0.548,0.955,0.43,0.356,0.398,0.36,0.377,0.27,0.732,0.339,0.49,0.48,0.46,0.339,0.598,0.155,0.923,1.031,,0.602,0.222,0.24,0.231,0.956,0.713,1.15,0.429,0.366,0.44,0.473,0.409,0.516,0.611,1.405,1.54,0.511,0.352,0.501,0.706,,0.371,0.453,0.297,,,1.463,2.548,1.162,0.327,1.114,0.571,0.536,0.411,0.814,0.784,1.272,0.765,0.602,1.13,0.878,0.828,0.757,,0.798,0.592,0.701,1.118,0.881,0.875,0.733,1.015,0.962,0.918,,1.549,2.478,0.467,0.692,0.48,0.558,0.633,0.409,0.663,0.591,0.785,0.831,0.752,1.004,,,0.047,0.456,0.236,0.531,0.497,0.334,0.44,0.76,0.531,0.475,0.601,0.667,0.928,0.84,0.647,0.547,0.887,0.674,0.5,0.692,0.609,0.43,0.469,0.161,0.419,0.517,,0.427,0.343,2.064,1.424,,1.766,1.651,0.906,0.38,0.493,0.81,,1.078,0.331,0.566,0.311,0.355,0.797,0.754,0.256,0.192,0.328,0.411,0.403,0.422,0.147,0.451,0.484,0.675,0.414,0.727,0.327,0.612,0.245,,1.299,2.276,0.89,,1.188,1.045,1.32,0.626,0.757,0.782,1.913,0.682,1.634,0.067,2.027,2.706,1.552,1.217,2.161,1.468,1.408,0.648,0.639,1.253,1.473,0.796,0.824,0.386,0.721,1.418,0.9,1.086,0.742,1.633,1.044,0.113,1.26,1.678,,0.57,0.391,0.774,0.863,0.949,0.592,0.596,0.398,0.966,0.452,0.785,1.382,1.081,0.794,0.387,0.725,0.083,0.195,0.229,0.318,0.439,,0.433,1.077,1.035,0.954,0.932,0.907,1.15,,0.824,0.674,0.818,1.099,0.705,1.245,1.576,1.619,0.782,0.769,1.235,1.73,0.535,0.783,0.477,0.547,0.268,0.378,0.256,0.672,0.534,0.991,0.691,0.78,0.973,,0.701,0.932,0.884,0.707,0.648,0.422,1.353,0.767,,0.327,0.751,1.328,0.476,0.588,1.043,0.431,1.213,0.027,0.766,0.251,0.696,4.91,0.979,0.84,,0.117,1.186,1.394,1.041,1.082,1.041,0.647,0.637,1.089,1.491,,0.953,0.906,0.886,1.12,0.89,0.82,1.099,0.338,0.999,0.764,0.458,0.717,0.001,0.884,,0.739,0.647,0.597,0.665,0.515,1.482,1.195,1.529,0.938,1.26,0.062,1.185,1.074,0.726,0.521,0.452,0.501,0.69,0.428,1.273,0.856,1.312,1.71,2.303,0.79,0.59,0.381,0.321,0.393,0.248,0.434,0.625,0.102,0.624,0.846,0.738,0.643,0.226,,1.257,1.511,1.219,0.875,0.757,1.431,0.937,0.451,,0.585,0.723,0.44,0.641,0.409,0.263,0.396,0.658,0.568,0.682,1.16,0.971,1.749,0.863,1.31,,1.046,0.831,0.87,0.392,0.499,0.536,0.368,0.974,1.187,1.033,0.555,0.192,0.266,0.377,0.976,0.983,1.665,0.717,0.513,,,0.752,0.6,0.669,0.56,0.122,0.163,0.541,0.727,0.63,0.595,0.66,0.948,,0.705,0.658,0.494,0.628,0.125,0.08,0.125,0.124,0.126,0.882,1.2,0.838,1.2,0.963,,0.25,0.677,0.698,0.601,0.732,0.034,0.479,0.909,1.5,,0.597,0.893,0.364,0.501,,,,2.007,0.579,0.801,0.508,0.979,0.848,0.48,1.298,0.997,0.836,1.133,0.98,1.199,1.948,0.959,0.88,0.734,0.298,0.729,0.781,0.764,0.674,0.479,,0.957,0.776,1.12,1.084,0.416,0.049,0.623,0.701,1.488,0.518,0.716,0.934,0.265,0.1,0.253,0.3,0.301,0.371,0.345,0.502,0.222,0.138,0.17,0.17,0.247,0.267,0.505,,0.296,0.247,0.385,0.347,0.306,0.255,,2.039,0.864,0.237,0.063,0.574,0.47,0.474,0.302,0.322,0.311,0.221,0.291,,0.555,0.074,0.571,0.307,1.712,0.69,0.459,0.683,1.056,0.326,0.45,0.437,0.447,,0.581,0.514,0.353,0.39,0.127,0.636,0.28,0.428,0.688,0.467,0.362,,0.868,0.166,0.709,0.354,0.29,0.956,0.123,0.387,0.496,0.261,0.344,1.054,0.616,0.633,0.66,0.268,0.521,,0.419,1.096,0.861,0.576,0.59,1.017,0.58,0.124,0.133,0.757,,1.74,1.35,0.851,0.722,0.315,0.296,,1.194,0.409,0.281,0.247,0.455,1.391,0.732,0.733,0.586,1.082,0.274,0.842,0.925,0.221,0.96,1.31,0.765,0.558,0.255,0.338,0.412,0.202,0.319,0.778,0.798,0.605,0.169,0.463,0.798,0.411,0.313,0.21,0.528,0.271,0.406,0.535,0.772,,0.932,1.389,0.583,0.428,0.553,0.355,0.32,0.477,1.314,0.141,,0.235,0.428,0.358,0.654,0.386,0.065,0.314,0.089,1.034,0.567,0.238,0.265,0.496,0.161,1.129,0.87,0.217,0.314,0.239,1.502,1.482,1.768,,0.338,0.029,0.904,0.736,0.747,0.343,0.884,0.228,0.64,1.049,0.29,1.258,0.462,0.539,0.849
20160416,15,CO_24h,,,,,,,,,,,,,,0.943,1.065,1.449,1.333,1.046,1.318,,1.564,1.372,0.964,1.143,0.949,1.038,,0.64,1.019,0.544,0.743,0.944,0.42,0.626,2.163,2.074,2.483,2.857,2.633,2.573,0.784,0.88,0.816,1.19,0.978,0.902,0.646,0.805,0.733,0.676,0.67,0.652,0.66,0.458,0.921,0.122,0.364,0.336,0.488,0.608,0.526,0.653,0.441,0.52,0.544,0.704,0.645,0.846,0.838,1.271,1.064,0.929,0.596,0.527,0.623,0.738,0.625,0.814,0.941,0.496,,0.326,0.45,1.125,0.513,1.027,0.648,1.257,0.531,0.344,0.846,0.632,0.269,0.327,0.515,1.299,0.93,0.786,0.93,,1.212,0.687,0.94,0.879,0.76,,0.786,0.689,1.241,0.924,0.838,0.907,0.627,0.859,0.727,1.049,0.344,0.931,0.795,1.015,0.75,0.857,0.663,0.849,0.703,0.71,0.86,1.119,2.071,0.793,,1.177,1.12,0.807,2.015,1.47,1.595,1.013,0.672,0.414,0.478,0.611,0.439,0.761,0.381,0.414,0.612,0.626,1.371,0.65,0.406,0.39,0.883,0.982,0.677,0.349,0.667,0.448,0.71,0.598,0.643,0.535,0.551,0.838,0.84,0.623,0.695,0.626,0.769,0.424,0.815,0.86,0.898,0.83,1.014,1.473,1.359,1.488,1.407,1.145,1.287,1.352,,0.755,0.867,0.953,1.232,1.365,0.684,1.651,0.76,0.459,2.223,0.719,0.605,1.111,0.722,0.603,0.671,,0.539,0.479,0.61,1.046,1.144,1.259,0.719,1.267,1.786,,1.765,1.098,0.638,0.711,0.872,0.832,1.633,1.253,1.849,1.66,0.582,0.638,0.318,0.457,0.419,0.679,0.749,,0.686,0.726,1.079,0.523,0.466,0.569,0.576,,0.458,0.57,0.708,,0.866,0.982,0.841,0.492,0.373,0.317,,0.66,,1.329,0.641,,0.871,0.667,1.01,0.41,,,0.746,0.735,1.282,0.761,0.611,0.803,0.542,0.346,0.557,0.775,0.829,0.705,0.607,0.891,0.9,1.45,0.847,1.026,1.667,0.627,0.481,0.977,0.974,0.962,1.114,0.607,0.918,0.805,0.875,0.695,0.888,0.459,0.846,0.943,0.864,1.066,0.812,0.84,0.917,0.689,0.907,0.832,,0.754,0.696,0.683,0.693,0.723,0.633,0.482,0.47,0.294,0.948,0.533,1.509,1.213,1.69,0.823,1.087,1.396,1.163,0.872,1.079,0.664,0.588,0.876,0.686,0.884,0.95,0.853,0.738,0.741,0.783,0.547,1.177,0.74,0.833,0.805,0.696,0.733,0.588,0.932,0.858,0.937,1.311,,0.737,0.863,0.956,1.264,0.828,0.755,1.19,0.94,0.395,0.712,0.65,0.957,0.513,0.705,0.67,0.649,0.663,0.832,0.78,0.651,0.711,0.82,0.638,0.449,0.865,0.973,0.594,0.784,0.415,0.708,0.847,0.777,0.521,0.691,0.96,0.596,0.714,0.61,,0.763,0.614,0.841,0.634,0.672,0.772,0.688,0.688,0.703,0.327,0.921,0.796,0.638,,1.089,0.953,1.137,1.116,1.096,1.043,0.835,0.924,0.333,0.584,0.525,,0.589,0.258,0.38,0.246,,0.536,0.591,0.184,0.661,0.803,0.555,0.547,,0.246,0.252,,0.858,0.503,0.701,0.916,0.524,0.66,0.954,,0.654,0.552,1.319,0.694,0.312,0.383,0.441,0.493,0.742,0.471,0.462,1.255,0.521,0.171,0.748,1.701,0.517,1.118,0.35,0.795,0.407,0.192,0.49,0.545,1.473,0.755,1.453,0.728,1.099,0.854,2.365,0.822,0.677,0.475,3.048,1.5,,0.67,0.293,0.76,0.74,0.627,0.484,,0.88,1.181,0.689,0.652,0.601,0.769,0.417,0.888,0.534,0.595,0.735,0.564,0.659,0.366,0.364,0.712,0.665,0.893,0.924,0.759,0.852,0.737,0.732,0.796,,0.38,0.487,0.945,0.971,0.68,0.604,0.47,0.622,0.697,1.091,0.648,0.482,0.222,0.383,0.435,1.455,0.953,0.714,0.566,1.539,0.898,,2.058,1.026,0.686,0.371,0.869,1.354,0.997,0.918,0.987,0.846,0.701,0.638,1.354,1.215,1.122,1.378,1.095,0.957,1.247,,1.105,1.443,1.406,,1.083,1.253,1.037,0.978,0.927,1.09,1.582,,1.198,1.217,0.77,0.579,0.632,0.945,0.732,0.551,0.419,0.636,0.576,0.47,0.649,0.614,,0.766,,0.425,1.049,1.17,0.971,0.75,1.86,0.613,0.489,0.381,,0.419,0.758,0.585,0.91,0.712,0.717,,0.946,1.093,0.491,1.158,0.766,1.226,1.199,0.867,0.939,0.8,1.064,0.617,0.756,1.13,0.581,1.322,1.63,0.537,,0.748,0.511,1.21,0.977,1.273,1.051,0.736,0.717,0.931,0.83,0.843,0.618,0.827,1.014,0.844,1.167,0.74,1.349,1.34,1.06,1.168,1.216,1.247,1.218,0.766,1.317,0.533,1.068,3.379,2.922,1.19,1.183,1.197,1.125,1.681,0.422,0.709,0.441,0.513,1.037,2.885,,1.677,0.836,1.313,1.972,1.961,3.305,1.963,3.287,2.077,0.757,0.915,0.841,,,0.512,0.718,1.98,0.595,0.944,0.661,0.806,1.284,0.848,0.606,,0.837,2.055,0.619,1.858,0.709,0.937,1.29,1.684,3.183,0.888,1.058,0.5,0.938,0.763,1.011,1.225,1.266,0.768,0.637,0.674,0.788,0.69,,0.512,0.896,,0.263,0.669,0.59,1.426,0.725,0.833,0.923,0.602,0.853,0.597,0.623,0.734,0.783,0.586,0.587,1.519,0.53,0.614,0.567,0.688,0.631,1.104,,0.708,0.849,0.863,0.595,0.798,1.971,,1.218,2.225,2.477,0.81,1.532,2.127,2.254,0.528,0.68,1.241,1.016,1.285,1.417,1.974,,1.343,1.815,1.595,1.207,1.907,0.809,0.75,0.866,,1.136,1.47,1.2,0.835,0.818,0.548,0.646,0.95,0.758,0.91,0.867,0.977,1.055,0.614,0.878,0.93,0.777,0.582,1.185,0.725,1.66,0.518,0.092,0.445,1.816,1.766,1.038,1.314,1.376,1.066,1.684,0.918,1.293,0.792,0.919,1.092,1.125,1.291,1.198,1.46,0.997,0.745,0.548,0.604,0.955,0.702,0.588,0.58,0.456,0.405,0.67,0.363,0.564,2.69,1.368,1.326,2.316,0.035,0.366,0.328,0.089,0.479,0.291,0.454,0.316,0.971,1.068,0.711,0.852,0.414,0.416,0.851,0.363,0.814,0.527,0.767,0.882,0.617,,0.498,0.698,0.818,0.42,0.712,0.749,1.07,0.316,0.481,0.504,0.556,1.479,1.475,0.705,1.168,0.462,0.444,0.709,0.641,0.529,0.615,0.951,0.629,0.655,0.613,0.611,0.535,0.472,0.236,1.116,1.26,,0.537,0.46,0.709,0.44,0.865,0.773,1.015,0.39,0.405,0.675,0.528,0.548,0.708,0.661,1.25,1.247,0.513,0.357,0.439,0.204,,0.362,0.468,0.353,,,1.57,2.707,1.222,0.415,1.233,0.703,0.565,0.451,0.825,0.776,1.292,0.786,0.456,0.97,0.717,0.688,0.612,,0.472,0.509,0.693,0.938,0.708,0.728,0.594,0.906,0.688,0.477,0.608,1.17,1.937,0.539,0.878,0.422,0.525,0.576,0.43,0.655,0.59,0.669,0.818,0.635,0.928,,,0.034,0.467,0.549,0.546,0.488,0.316,0.479,1.092,0.84,0.747,0.892,0.792,1.146,0.871,1.13,1.135,1.167,1.131,0.902,0.47,0.803,0.816,0.686,0.375,0.721,0.77,,0.675,0.457,2.127,1.765,,1.884,1.916,0.952,0.436,0.587,1.241,,1.283,0.339,0.369,0.345,0.704,1.015,0.864,0.307,0.283,0.406,0.585,0.477,0.512,0.284,0.594,0.604,0.8,0.423,0.632,0.318,0.598,0.183,,1.843,2.637,1.449,,1.174,0.964,1.336,0.596,0.867,0.768,1.823,0.812,2.039,0.515,2.466,3.039,1.244,1.071,2.019,1.077,1.116,0.74,0.777,1.491,1.554,0.933,0.862,0.534,0.846,1.501,1.001,1.065,0.786,1.603,1.072,0.439,1.267,1.914,,0.654,0.653,1.115,1.036,0.926,0.664,0.505,0.313,1.01,0.418,0.82,1.293,1.179,1.082,0.653,0.947,0.236,0.281,0.319,0.423,0.477,,0.543,0.604,0.636,0.676,0.452,0.575,0.794,,0.679,0.497,0.68,0.964,0.561,0.956,1.374,1.366,0.826,1.29,1.404,1.819,0.528,0.768,0.593,0.825,0.678,0.583,0.273,0.656,0.416,0.748,0.726,0.765,0.779,,0.544,0.751,0.702,0.419,0.531,0.368,1.136,0.721,,0.445,0.964,1.521,0.647,0.371,0.786,0.26,1.161,0.249,1.008,0.429,1.091,2.358,1.472,1.525,,0.188,1.131,1.359,0.979,1.109,1.426,0.951,0.78,0.732,1.174,,0.732,0.706,0.662,0.769,0.624,1.032,1.614,0.952,1.724,1.295,0.76,0.762,0.649,1.62,,0.575,0.773,0.733,0.81,0.644,1.395,1.055,1.436,0.796,1.148,0.085,1.171,1.03,0.764,0.794,0.772,0.716,1.115,0.793,1.343,1.052,1.396,1.698,2.281,0.976,0.555,0.46,0.42,0.659,0.692,0.785,0.673,0.28,0.676,0.923,1.048,0.944,0.581,,1.707,1.643,1.765,0.917,0.752,1.416,0.92,0.723,,0.682,0.948,0.691,0.803,0.572,0.477,0.653,0.735,0.582,0.775,1.406,1.099,1.981,0.991,1.423,,1.203,1.025,1.052,0.578,0.739,0.875,0.635,1.08,1.352,1.617,0.798,0.513,0.681,0.592,1.197,1.241,1.774,0.773,0.536,,0.826,0.731,0.73,0.805,0.747,0.575,0.787,0.931,1.161,1.114,1.018,1.16,1.334,,0.968,0.894,0.727,0.876,0.125,0.455,0.213,0.652,0.509,0.812,1.176,0.927,1.236,0.998,,0.731,1.068,0.881,1.156,1.41,0.577,0.991,1.255,1.817,,0.763,1.515,0.979,1.656,0.158,0.282,0.544,2.152,0.807,0.859,0.573,1.064,0.908,0.53,1.391,1.029,0.862,1.173,1.091,1.235,1.598,0.903,0.988,0.838,0.596,1.111,0.832,0.694,1.011,1.096,,1.101,0.863,1.249,1.129,0.423,0.158,0.773,0.694,1.453,0.745,0.907,0.762,0.374,0.199,0.425,0.373,0.527,0.573,0.609,0.701,0.314,0.368,0.425,0.414,0.308,0.47,0.739,,0.452,0.376,0.564,0.497,0.609,0.368,,2.065,0.991,0.265,0.071,0.727,0.691,0.734,0.379,0.268,0.419,0.331,0.362,0.215,1.106,0.07,1.031,0.433,1.455,0.529,0.392,0.595,0.808,0.339,0.47,1.432,0.498,,0.657,0.552,0.406,0.406,0.185,0.837,0.472,0.559,0.735,0.493,0.588,,0.87,0.183,0.736,0.35,0.324,1.126,0.113,0.356,0.643,0.321,0.467,1.039,0.622,0.729,0.86,0.484,0.708,0.265,0.755,1.62,1.274,0.547,0.464,1.337,0.865,0.11,0.102,0.8,,1.774,1.406,0.854,0.726,0.287,0.33,,1.982,0.493,0.334,0.269,0.485,1.595,1.038,0.872,0.689,1.182,0.449,1.038,1.084,0.317,0.995,1.339,0.894,0.806,0.368,0.403,0.455,0.671,0.459,0.885,0.987,0.655,0.488,0.654,1.216,0.437,0.329,0.28,0.669,0.416,0.723,0.473,1.549,,0.96,1.264,0.767,0.901,0.556,0.35,0.41,0.888,1.184,0.302,,0.328,1.261,0.352,0.741,0.407,0.187,0.739,0.241,1.12,0.636,0.326,0.294,0.574,0.688,1.452,0.96,0.297,0.455,0.643,1.512,2.028,2.559,,0.445,1.134,0.943,0.72,0.805,0.504,0.833,0.263,0.752,1.12,0.608,1.402,0.826,0.787,0.954
20160416,16,AQI,33,65,53,38,70,29,28,24,45,41,29,45,,83,91,70,98,73,78,,74,54,51,50,47,72,,55,57,53,57,57,59,73,72,59,86,71,78,74,53,68,62,64,67,64,77,89,90,38,38,51,51,60,45,66,30,46,52,26,36,59,39,53,51,64,48,55,45,67,69,66,30,46,85,68,75,76,37,65,,63,59,54,56,90,73,78,35,41,38,41,26,31,26,27,53,70,73,,53,58,58,65,67,,60,68,63,58,73,,58,54,50,58,40,122,137,127,135,116,81,85,96,111,98,88,79,69,,89,90,99,130,98,89,83,102,33,48,43,52,28,45,41,38,36,23,18,22,20,26,20,27,23,35,46,39,54,55,54,50,53,59,42,32,36,38,30,93,57,63,55,83,62,85,88,78,72,85,53,,53,35,39,46,54,36,53,53,51,50,38,40,39,26,19,64,,45,71,35,65,57,62,60,52,54,,53,54,36,54,43,22,49,62,62,54,32,26,22,32,29,35,26,,72,29,26,29,37,54,48,,33,38,39,,83,74,62,40,44,44,,31,,40,58,,41,30,32,24,,,50,57,53,26,30,25,33,35,45,45,43,42,53,46,49,57,53,46,50,33,92,59,90,76,81,36,33,52,27,37,34,37,26,24,33,74,31,55,57,73,43,59,,95,65,31,29,29,29,20,33,33,39,29,75,67,66,64,63,64,69,69,49,28,35,39,38,25,37,35,31,37,44,28,46,40,42,36,35,42,34,38,35,54,56,,41,56,60,67,53,62,58,51,38,32,31,35,38,39,42,38,36,36,53,49,48,29,38,46,59,54,51,60,67,56,46,46,45,43,42,49,40,42,,43,52,49,45,44,42,53,53,42,42,59,69,58,,115,122,110,113,103,130,122,120,41,65,69,,68,44,36,44,36,74,42,41,39,31,39,44,,44,43,,43,48,39,41,36,37,47,,41,31,45,48,46,51,52,48,47,48,56,45,64,54,54,56,49,61,72,61,56,65,63,50,70,68,68,54,75,72,70,68,50,68,79,58,58,35,48,48,47,36,35,,69,69,79,86,71,67,65,61,63,55,51,53,51,99,51,39,32,56,41,42,39,41,40,37,,79,38,39,39,89,55,58,51,51,48,55,41,59,55,47,89,79,80,63,43,47,54,38,58,58,55,94,68,185,65,39,36,32,36,149,100,113,78,89,93,87,,121,126,76,,86,92,99,102,53,75,108,,57,95,72,114,94,102,119,24,28,,21,24,25,56,,38,,40,45,55,57,68,63,54,39,43,,23,31,25,42,39,41,,55,53,61,52,53,53,55,53,67,53,23,54,60,53,54,58,52,52,,48,55,28,46,44,30,28,39,38,43,46,45,45,51,68,65,70,52,60,60,60,63,51,70,64,51,75,47,47,51,64,95,92,44,47,50,60,30,51,82,67,,83,95,57,86,59,47,55,56,59,60,68,73,37,49,59,56,52,74,58,62,62,64,64,53,,46,43,92,50,54,45,52,61,69,58,55,49,120,60,80,90,92,77,70,93,85,85,,60,45,80,46,46,50,65,50,121,58,58,90,52,45,49,35,35,23,19,25,34,19,30,30,31,31,30,26,23,30,25,39,24,62,67,70,69,62,59,65,66,43,82,63,52,61,59,,59,72,66,55,103,45,38,45,54,75,74,104,66,53,53,54,55,70,46,42,37,38,44,91,43,48,46,38,30,33,35,10,55,32,41,30,36,45,45,55,97,62,62,63,107,77,73,60,82,69,39,40,73,72,63,47,19,29,23,38,34,33,54,52,57,54,46,39,47,34,46,32,34,33,55,59,62,49,39,49,49,68,43,43,39,42,36,,35,82,65,50,69,75,55,65,64,60,60,53,58,58,67,61,63,63,61,81,57,83,59,91,85,86,74,66,69,72,32,,64,39,49,47,36,39,55,52,22,84,74,65,45,45,104,95,21,18,32,27,29,32,36,41,41,38,43,31,38,43,54,55,21,28,29,33,22,30,52,41,50,45,45,,45,48,50,58,46,57,11,18,39,39,43,58,32,13,10,25,19,45,40,40,41,39,32,59,55,,,52,53,38,37,34,39,37,60,68,85,63,63,41,53,65,40,54,65,55,58,35,52,104,34,33,59,,55,64,58,70,,56,49,77,56,70,58,,53,38,34,35,83,110,88,34,34,46,50,59,31,29,45,50,46,75,53,48,51,46,,91,106,132,92,44,46,35,52,88,72,77,82,86,86,83,89,84,93,87,77,77,41,42,58,69,88,71,67,69,47,40,52,45,39,32,32,31,26,67,53,63,46,82,40,22,35,34,73,50,67,63,43,67,90,45,24,29,19,23,29,30,23,93,95,80,55,92,68,,60,68,85,30,54,68,65,79,34,39,44,21,55,35,19,27,23,16,27,30,31,42,59,39,43,,53,67,65,98,56,46,39,54,,10,31,70,19,30,26,35,56,40,54,31,26,54,29,26,30,12,25,27,25,23,24,27,20,50,47,39,35,43,40,35,49,33,43,38,46,27,49,29,33,52,38,82,26,26,31,30,34,36,30,36,35,52,33,36,27,37,41,47,38,36,31,30,33,33,39,31,35,35,38,54,59,61,63,55,57,68,89,32,84,80,65,63,56,60,61,63,68,52,,63,84,50,68,47,43,52,45,35,72,29,41,64,39,38,,45,55,45,57,59,54,56,37,35,43,55,59,59,63,38,35,29,33,32,,35,35,30,37,36,34,35,33,29,29,34,32,27,33,36,37,37,36,39,36,38,23,37,38,45,44,47,37,36,38,28,33,37,55,34,40,33,32,,35,38,35,34,35,30,42,112,67,78,89,62,55,58,72,59,64,90,73,83,97,59,49,63,52,57,65,57,36,41,,85,73,97,98,65,56,45,67,61,41,19,44,37,38,40,41,34,32,35,32,31,40,43,42,48,40,52,,49,57,41,36,55,51,,38,27,31,37,33,34,30,36,46,43,42,44,40,42,55,55,57,45,43,41,43,42,36,85,55,54,32,47,43,43,37,27,53,33,40,48,56,43,,48,84,57,44,46,57,33,40,60,75,70,85,52,40,59,82,92,69,50,80,98,46,53,61,88,30,27,42,35,42,45,170,500,55,45,,80,34,39,34,30,47,56,43,55,58,56,52,55,51,46,48,46,46,48,46,42,34,51,150,59,45,48,36,42,31,35,37,34,35,35,35,30,,54,53,45,67,73,88,136,68,87,118,,61,58,46,56,58,57,57,55,73,73,40,34,40,49,53,65,61,195,288,375,500,500,,159,168,36,44,28,53,32,32,47,57,32,55,19,72,53
20160416,16,PM2.5,7,10,7,25,21,14,17,,31,8,15,31,,41,54,41,47,44,38,,22,38,32,30,27,48,,17,22,9,7,13,16,26,37,33,33,41,37,25,31,45,42,44,40,12,11,15,16,16,8,20,20,13,10,18,7,,19,11,12,19,20,18,13,4,6,4,8,21,28,42,,32,38,12,16,21,15,13,,8,15,22,14,67,16,18,3,21,1,9,8,6,9,4,35,38,53,,37,41,40,47,42,,43,45,45,38,36,,40,34,30,39,28,62,86,79,58,60,38,47,51,48,59,65,58,50,,66,67,74,99,73,66,61,76,23,33,30,36,19,31,28,26,25,9,2,14,5,18,8,,11,13,24,25,25,27,26,22,25,27,20,16,19,26,17,69,40,45,39,61,44,63,65,57,52,63,37,,22,24,27,32,38,23,37,37,29,35,10,9,9,11,9,14,,31,27,8,47,27,35,43,35,38,,37,38,13,16,15,15,34,44,44,28,14,15,15,14,13,21,14,,26,14,18,15,25,28,24,,19,22,18,,61,49,44,18,23,17,,10,,28,41,,18,21,22,9,,,19,37,30,5,11,7,23,24,24,29,30,29,37,32,34,40,37,30,23,16,42,26,36,22,34,25,17,36,10,13,9,17,13,5,2,54,9,25,30,53,29,42,,46,36,6,9,20,10,11,10,23,10,19,40,36,41,31,37,40,,38,32,17,14,27,26,11,11,11,10,16,13,12,8,11,8,8,16,10,15,7,12,36,32,,17,35,37,48,37,27,31,27,26,22,18,24,25,27,24,26,25,25,30,28,33,20,20,30,32,35,23,43,46,39,32,32,21,29,26,34,28,29,,25,24,27,31,27,19,26,24,22,21,42,36,34,,87,82,83,85,77,89,79,91,27,37,42,,35,6,12,12,20,7,21,5,6,9,9,12,,8,19,,5,4,16,10,8,8,10,,11,14,12,22,9,19,14,19,10,10,10,18,24,23,18,35,20,17,39,14,26,47,26,18,26,18,14,19,15,17,14,11,23,18,58,18,30,20,25,16,21,12,17,,36,34,16,40,23,26,24,11,25,16,22,25,14,34,4,9,10,11,22,10,6,11,10,11,,8,10,9,27,5,18,11,7,15,6,10,10,6,13,11,49,54,44,41,23,20,25,26,41,41,29,70,49,139,47,27,24,21,17,114,75,85,56,66,69,64,,55,59,35,,39,68,74,76,37,55,81,,40,71,37,86,70,76,90,11,11,,8,9,14,23,,18,,20,31,39,28,49,45,38,27,22,,16,8,16,17,24,26,,37,32,35,28,22,29,32,33,48,30,16,37,43,34,36,41,36,26,,29,24,19,27,20,13,13,20,26,30,32,27,31,33,47,41,51,36,38,42,40,42,27,44,46,29,55,26,32,26,31,35,38,,,3,8,10,11,23,19,,24,26,21,25,18,18,13,18,26,5,15,17,5,6,9,8,23,10,38,43,44,43,46,37,,32,24,68,35,38,31,36,37,49,41,34,22,91,43,59,67,68,56,51,69,63,63,,43,16,59,14,22,35,40,35,52,41,41,67,13,29,34,16,24,9,3,17,20,13,20,16,14,18,21,18,16,18,15,18,5,18,33,21,13,44,30,7,12,21,22,30,29,10,20,,11,52,,31,77,23,25,13,6,18,23,27,17,10,12,11,13,11,11,18,14,8,24,11,4,2,9,1,7,7,5,5,39,10,14,16,21,23,25,26,48,38,41,45,80,56,53,24,60,50,20,28,23,24,19,17,5,9,10,9,8,6,29,,27,30,2,2,1,2,27,22,15,14,19,16,26,32,19,25,19,49,30,30,1,8,12,,22,24,21,21,21,26,22,17,20,17,22,16,20,14,23,16,20,12,14,19,23,20,18,28,10,16,28,8,6,4,2,,19,9,10,11,3,2,7,16,12,49,31,7,31,31,78,71,11,6,8,18,5,5,6,3,,10,17,12,6,6,23,29,8,12,7,7,11,17,23,25,24,21,29,,31,33,35,,20,25,6,12,27,27,30,14,5,3,4,12,9,31,28,15,11,11,13,30,30,,,36,37,8,7,10,5,5,11,16,16,11,30,17,25,32,19,21,27,23,41,7,36,10,3,3,25,,15,23,18,19,,5,20,56,32,23,5,,21,8,1,,61,83,65,19,16,16,22,20,13,12,31,35,32,28,3,18,17,20,,48,45,46,42,,32,19,34,53,52,54,60,37,43,40,39,62,69,64,56,56,18,21,35,47,45,50,44,50,25,26,33,31,27,22,22,21,,48,37,45,32,60,27,15,24,,53,30,48,45,18,48,67,31,5,5,6,16,18,6,5,69,71,59,39,68,49,,43,49,63,21,38,49,47,58,9,27,18,2,35,24,6,15,16,6,6,21,8,29,23,27,30,,32,48,47,73,35,32,21,38,,,18,51,13,21,18,24,18,17,19,13,10,20,14,14,16,8,14,10,9,16,15,14,13,30,21,17,20,25,28,21,34,5,21,12,5,13,11,8,15,15,6,60,14,14,11,10,14,25,20,25,23,14,15,11,18,12,13,29,26,20,21,18,17,23,27,20,24,24,26,22,22,16,31,33,31,27,18,22,13,14,23,28,26,34,36,38,39,16,,29,14,11,49,27,28,36,24,15,18,5,24,42,27,16,,14,18,11,11,12,12,17,13,23,17,2,1,11,2,5,5,20,12,15,,12,14,11,15,13,18,19,9,11,10,11,14,8,,13,9,11,15,16,1,16,12,18,26,27,18,26,14,16,11,9,7,10,39,9,22,8,15,,10,7,12,18,6,9,10,52,48,57,48,43,36,30,52,40,46,67,53,61,72,42,34,45,19,19,47,40,17,14,,63,53,72,73,13,20,8,19,14,18,11,14,2,6,8,6,4,4,11,8,7,15,10,5,16,12,12,,24,8,26,20,28,21,,19,10,18,9,6,10,7,5,25,17,11,15,21,20,21,12,9,13,14,11,14,15,10,27,13,12,22,9,10,12,10,17,10,16,13,16,22,10,,16,39,37,5,5,24,21,15,32,17,47,63,30,28,41,47,61,15,17,51,52,17,21,39,,18,17,12,16,7,12,51,,23,,,8,22,27,12,6,14,13,12,14,12,14,11,12,13,15,13,13,9,32,11,18,4,17,115,11,21,27,4,13,9,12,6,10,7,4,1,8,,25,31,12,21,16,,33,38,20,39,,20,22,16,39,24,17,15,15,20,53,10,12,,12,8,14,12,49,79,303,378,452,,55,56,16,10,16,11,3,6,2,15,6,23,11,19,31
20160416,16,PM2.5_24h,45,40,52,52,44,52,52,,41,44,47,60,,81,77,80,71,91,77,,73,90,90,88,92,87,,43,43,38,30,33,43,39,92,93,99,106,107,112,43,73,60,60,55,38,39,43,43,48,64,54,50,50,53,43,45,35,31,32,33,35,42,42,31,26,35,37,29,68,66,75,46,58,59,64,44,44,44,14,,12,19,17,21,22,21,19,20,27,16,20,29,16,21,26,42,42,48,,44,48,44,49,48,,53,39,35,33,33,,35,38,32,37,27,54,62,52,53,50,40,44,52,40,53,51,53,41,,58,56,53,62,49,48,58,44,39,39,32,37,25,35,38,39,38,32,24,32,28,30,22,23,34,18,24,23,30,22,23,23,20,22,32,30,37,36,30,44,42,38,42,58,43,59,67,53,49,55,33,,32,28,26,31,32,26,30,28,28,33,21,21,22,27,21,25,,24,23,25,31,32,35,43,43,45,,45,47,21,38,24,29,45,50,42,48,25,20,17,25,17,25,24,,33,23,21,17,19,17,18,,15,20,19,,34,38,34,22,22,25,,18,,24,26,,40,39,38,16,,,25,26,31,35,36,27,19,24,22,36,36,33,36,38,36,41,38,31,34,15,48,39,39,39,39,36,31,54,19,27,9,24,15,24,19,22,13,68,61,59,53,70,,81,56,15,23,25,22,25,22,29,30,28,32,37,38,32,40,41,40,32,35,21,27,25,29,29,25,27,22,28,48,26,21,27,25,23,25,25,28,23,20,33,34,,30,34,36,40,37,29,39,20,27,29,27,27,26,26,31,25,24,27,31,25,35,26,17,27,30,28,25,28,25,33,35,36,23,27,24,30,28,24,,32,27,34,29,32,28,24,24,31,25,30,30,43,,63,59,59,61,58,61,64,67,30,38,44,,33,6,21,12,23,18,26,20,19,17,17,27,,21,21,,25,27,25,20,21,17,21,,18,11,12,32,22,32,19,22,25,25,21,28,27,21,24,31,27,24,25,15,22,24,80,17,35,19,22,17,22,21,27,8,22,16,37,20,27,19,28,17,28,12,13,,31,38,18,54,41,33,37,31,18,20,39,16,18,21,12,22,24,23,29,22,24,25,25,26,,18,21,30,44,27,33,30,35,34,22,22,24,18,23,21,40,45,45,38,31,32,31,34,48,78,51,65,48,82,58,42,42,36,18,107,76,75,65,64,73,59,,56,53,61,,67,59,72,76,47,59,68,,64,79,36,74,66,66,60,30,31,,23,21,25,49,,45,,47,48,53,53,44,51,58,41,35,,26,29,24,58,49,57,,26,25,28,31,18,35,29,27,38,28,31,37,38,33,33,36,35,25,,31,28,26,16,18,31,27,29,22,22,23,23,29,29,33,39,46,39,36,38,37,40,34,45,38,25,33,27,40,37,53,50,57,20,22,14,21,22,31,46,27,,36,31,21,33,26,21,14,34,35,20,36,34,19,13,38,40,54,30,41,44,44,49,48,42,,41,31,41,45,21,39,36,35,48,37,32,27,101,60,75,76,81,39,34,45,40,42,,36,28,59,26,33,39,39,52,50,70,48,75,33,40,51,39,13,17,17,22,30,24,28,29,33,23,22,23,18,21,24,23,5,35,68,53,54,60,52,54,32,36,55,50,47,46,53,,48,69,108,60,98,34,30,35,35,19,25,38,16,40,42,39,35,40,26,28,27,28,42,30,26,33,30,39,46,46,44,48,29,37,14,16,50,67,59,73,52,36,39,49,83,71,71,59,76,70,24,32,18,24,25,24,11,12,14,11,11,8,36,26,27,23,13,22,16,17,26,21,17,13,15,29,24,30,13,23,16,36,29,23,11,20,29,,38,25,23,16,27,25,32,15,18,20,22,19,21,17,26,14,18,17,18,12,29,19,18,26,15,15,26,16,11,14,20,,19,22,29,28,12,6,22,14,7,33,29,25,57,61,84,71,29,23,26,34,20,22,25,29,15,38,41,36,26,30,38,43,25,26,26,21,18,19,21,28,25,23,29,,32,31,42,,18,25,16,22,38,28,33,25,28,16,17,21,22,50,50,28,21,21,20,28,27,,,43,42,23,22,19,19,19,34,35,35,35,42,43,46,41,59,36,39,38,52,30,36,36,27,26,25,,21,25,21,23,,13,25,76,43,28,17,,21,21,19,22,64,82,74,30,24,40,38,37,29,28,56,69,65,54,51,23,23,24,,77,75,92,42,36,30,33,27,50,51,48,51,48,51,48,43,55,64,57,46,46,20,23,60,55,48,44,77,77,41,38,45,43,38,31,33,25,30,54,39,69,57,83,36,19,22,15,63,22,65,62,45,95,105,73,17,20,19,36,35,22,16,60,42,36,37,61,40,,33,25,37,18,25,45,62,47,39,42,33,33,28,30,56,46,42,38,21,35,6,47,40,51,52,,39,47,50,68,29,27,20,32,,83,44,37,19,34,17,25,68,47,43,55,82,29,30,29,28,6,20,19,16,20,17,14,13,30,32,29,20,29,28,24,30,9,54,57,36,47,41,36,48,46,46,28,27,30,27,23,16,25,19,25,22,25,26,21,27,41,43,57,61,45,27,18,15,18,18,22,32,31,28,68,39,38,36,49,47,54,30,37,31,26,26,29,26,36,38,38,36,20,,48,22,19,60,50,50,64,30,27,32,17,32,51,48,24,,16,24,16,17,21,21,19,19,26,38,26,19,26,14,13,17,25,18,25,,21,24,16,18,20,34,34,26,27,26,24,33,37,27,32,34,33,36,42,28,50,42,46,36,27,26,27,29,67,39,36,18,46,34,26,34,28,36,,36,26,35,43,15,26,31,51,44,51,47,45,41,32,51,42,48,67,44,57,61,46,32,48,69,76,45,35,45,64,,56,57,78,77,7,7,9,11,13,15,11,15,9,9,13,10,16,13,16,15,14,29,19,24,15,16,15,,19,7,17,18,27,10,,17,13,16,5,5,8,5,7,19,17,12,15,31,31,24,33,19,11,13,11,14,17,16,23,26,17,25,10,12,17,8,19,30,13,12,14,18,24,,34,26,22,19,20,15,15,14,41,43,44,29,32,34,55,67,74,52,47,47,99,25,25,30,,15,13,15,16,16,20,26,26,36,35,,50,21,16,20,17,11,33,18,14,17,21,18,17,9,21,11,13,11,23,15,18,13,19,35,14,30,30,10,17,27,19,10,14,11,18,17,7,,22,34,22,24,28,,45,42,21,38,,27,30,23,31,28,30,27,21,48,75,29,28,5,14,15,14,22,37,56,81,103,173,,49,46,12,13,20,10,7,5,7,19,28,23,37,27,33
20160416,16,PM10,33,80,55,38,89,29,28,19,,41,19,,,116,131,90,146,95,105,,97,53,51,50,47,94,,59,64,55,64,64,67,96,94,67,122,91,106,98,56,86,73,77,83,77,103,128,130,38,38,51,52,69,45,81,15,46,53,22,36,67,39,55,51,78,48,60,45,84,88,82,,,120,86,100,101,37,79,,75,68,58,61,71,96,105,35,41,38,41,20,31,16,23,56,89,70,,47,62,66,69,83,,66,86,73,66,95,,65,57,50,65,35,193,223,204,219,181,112,119,141,172,145,,,85,,,78,86,112,76,73,,78,,,,,,39,41,29,35,19,15,20,10,19,11,27,14,35,46,39,57,60,57,50,56,67,42,32,36,35,28,,58,46,,74,45,73,84,,83,76,,,55,33,39,37,39,36,,52,51,38,38,40,39,26,19,77,,,92,35,69,63,73,47,53,44,,43,52,36,58,43,21,43,54,46,58,32,26,19,32,24,35,26,,93,25,22,29,37,57,48,,26,38,39,,109,97,58,40,44,44,,31,,31,63,,41,28,27,24,,,50,64,55,26,12,11,27,,45,45,41,32,,36,,,48,46,50,33,133,68,129,101,111,35,33,46,17,17,,32,20,12,3,,29,59,64,93,43,60,,140,79,7,22,25,29,20,,25,39,,100,83,81,77,75,77,87,87,49,28,19,,,25,33,35,31,26,,28,21,20,28,17,16,19,34,26,23,58,61,,41,61,69,80,56,74,66,52,31,,31,32,38,37,42,,27,31,55,49,33,22,38,46,68,58,52,46,84,61,40,45,45,43,42,,40,42,,43,54,49,42,44,42,56,56,42,42,65,87,66,,131,129,144,165,133,137,142,169,41,79,88,,86,44,30,29,36,24,32,33,16,26,39,23,,38,43,,26,12,30,20,18,15,19,,24,24,45,34,41,52,54,48,35,44,61,45,78,58,57,61,49,72,93,72,62,69,76,50,89,85,85,57,99,93,90,85,50,85,90,66,66,35,48,42,47,36,35,,88,87,107,121,92,84,80,72,76,59,51,55,52,147,51,22,24,61,,12,19,25,28,15,,55,15,39,,127,59,66,51,52,48,59,41,68,59,47,128,108,109,75,43,43,58,38,,46,60,,71,,70,29,36,32,36,,83,104,106,89,106,76,,192,201,101,,122,103,107,86,46,75,106,,44,96,93,,86,87,138,13,,,12,,17,62,,27,,32,,42,63,,,,34,43,,,,19,42,33,41,,59,56,72,53,56,55,59,56,64,55,23,58,57,56,57,58,52,53,,48,59,,46,44,30,28,39,33,42,44,45,45,52,86,79,71,52,70,69,69,76,52,90,72,51,82,47,47,52,77,140,134,44,47,50,37,18,52,114,84,,116,140,64,121,67,47,60,62,68,70,86,96,28,49,67,62,53,98,65,73,74,77,75,56,,38,43,,44,57,35,45,71,87,58,59,49,101,49,70,88,76,75,69,88,82,90,,60,45,66,46,46,,80,38,191,62,46,94,54,45,45,35,,16,17,17,34,,30,30,31,31,,,20,30,25,39,8,74,84,89,87,69,68,79,81,43,113,75,54,72,68,,67,90,82,59,,45,29,45,58,100,98,158,81,55,55,57,59,89,46,42,37,38,44,132,25,38,20,19,19,10,,6,,32,41,20,36,32,38,60,72,74,74,65,109,92,72,70,94,74,39,36,42,56,35,45,10,29,17,19,26,13,57,53,64,57,11,12,11,2,46,30,33,33,59,38,73,49,39,49,36,58,32,40,39,14,16,,,75,60,50,88,100,59,79,78,69,70,56,65,66,84,72,76,76,71,111,64,115,68,132,120,122,97,82,88,94,17,,77,30,49,47,6,21,60,53,14,117,98,79,41,31,112,118,11,11,10,25,10,,,6,12,,30,24,,13,58,60,17,,13,,,,53,41,50,45,45,,37,47,,65,46,63,,,31,37,37,65,30,10,7,25,19,33,37,40,41,39,32,68,60,,,40,49,22,28,,22,20,70,85,119,76,76,41,55,80,,57,80,59,57,15,43,157,34,19,67,,59,78,65,89,,62,49,102,62,90,66,,55,38,31,35,111,126,108,34,34,46,50,68,25,29,,45,,100,56,48,52,46,,131,161,214,133,44,44,35,54,91,88,103,109,122,122,116,128,84,135,109,82,90,41,42,66,87,125,91,83,87,47,40,54,,28,30,29,31,26,,47,57,44,69,40,17,28,34,55,50,52,,43,58,,42,20,,19,23,29,7,8,,,,40,74,,,,,77,27,40,,52,,34,,44,21,,,19,27,20,16,22,26,,41,68,31,41,,55,58,61,,62,45,29,44,,,26,74,18,23,25,,61,40,57,31,26,57,26,24,24,,15,16,18,23,24,27,20,50,47,39,29,43,38,33,44,30,,,12,21,18,29,25,54,38,,15,17,23,20,22,31,30,26,35,53,27,23,23,27,41,47,,28,26,29,31,32,31,,26,,,57,68,71,75,60,63,86,128,,117,109,80,75,61,69,71,76,86,53,,75,118,50,,47,43,48,45,28,94,29,41,78,,38,,45,59,45,63,67,58,62,37,35,43,60,67,68,76,18,18,,19,24,,31,24,30,22,35,33,35,,27,21,19,26,27,8,24,25,37,26,,27,22,23,21,29,45,44,47,37,20,13,18,14,21,,33,40,33,19,,13,8,14,,16,24,30,66,67,73,81,74,60,66,81,67,71,108,75,83,106,68,41,57,53,63,60,60,34,41,,92,78,89,133,79,62,45,84,72,27,19,27,17,11,20,15,10,11,12,11,7,16,11,17,28,39,53,,49,63,41,36,59,52,,38,13,,30,33,34,12,25,38,20,37,26,40,34,60,59,63,30,23,26,30,36,36,119,59,58,,22,22,24,25,27,55,33,38,46,62,28,,48,118,63,24,32,64,33,40,70,100,90,92,54,30,68,113,133,88,48,110,110,46,56,71,72,30,27,42,35,32,,290,743,60,45,,109,34,,34,,47,61,43,60,65,61,54,59,51,46,48,46,46,48,46,42,28,51,,67,45,48,28,42,19,29,37,34,35,26,27,23,,58,56,45,83,96,126,222,86,124,185,,72,65,46,62,65,64,64,59,96,73,40,34,,49,56,79,71,340,411,480,1915,1988,,267,286,36,44,28,56,11,11,27,63,32,60,19,94,55
20160416,16,PM10_24h,115,109,119,123,108,130,122,105,,114,123,,,144,153,142,128,158,136,,154,161,169,149,128,148,,70,95,77,65,75,86,119,205,189,228,194,203,209,95,122,121,135,135,79,92,116,104,103,140,125,153,158,131,164,135,177,173,156,95,127,102,118,98,112,91,112,95,123,135,125,126,126,109,91,92,106,58,56,,43,47,40,46,45,82,65,134,118,114,120,111,140,106,104,74,100,89,,96,92,90,88,107,,107,110,80,68,84,,81,75,77,80,49,125,121,103,102,90,80,79,95,92,112,72,73,77,,75,86,78,95,67,70,76,66,83,67,71,76,54,67,64,77,69,91,76,84,85,76,66,86,97,73,60,70,77,52,65,55,58,52,63,69,77,67,65,84,86,72,72,145,100,128,108,140,135,122,75,,87,82,59,85,61,68,65,69,74,71,72,73,81,75,59,77,,76,76,63,89,92,99,107,93,95,,91,97,42,81,58,59,97,89,95,72,47,35,25,47,31,61,51,,66,46,41,47,35,39,42,,24,36,50,,73,79,53,44,45,47,,56,,61,48,,81,65,55,39,,,37,43,42,55,53,40,30,43,45,72,87,89,75,79,77,93,82,74,82,25,72,61,73,68,87,47,42,74,42,48,38,33,43,47,36,36,44,133,164,145,131,132,,144,146,47,53,41,52,41,52,48,73,91,78,71,72,68,78,73,82,68,63,40,53,55,57,50,43,56,51,55,8,52,33,45,41,35,51,46,51,34,39,49,52,,51,59,47,67,49,53,54,43,43,48,43,43,44,36,51,55,34,43,56,43,63,42,32,38,51,51,49,48,44,45,67,47,38,35,36,33,48,44,,48,46,47,45,45,46,44,43,49,45,52,54,60,,97,96,103,100,98,113,132,128,46,64,68,,61,24,30,29,31,25,36,41,28,30,37,33,,34,33,,40,34,47,34,34,29,34,,34,17,56,74,69,59,76,61,63,74,81,49,53,49,52,55,65,55,114,83,60,65,159,50,76,55,50,40,54,54,61,53,38,51,63,40,38,35,46,34,48,31,24,,58,74,70,115,117,106,98,95,53,73,80,42,71,77,58,39,45,48,55,41,36,41,46,43,,61,36,88,63,147,150,161,136,140,127,121,103,107,97,109,117,96,93,78,55,55,55,49,109,102,88,114,120,127,128,80,79,55,28,168,133,159,135,110,122,104,,157,149,171,,146,138,138,143,81,110,130,,118,135,137,120,133,126,120,78,95,,49,50,55,89,,88,,104,119,102,124,119,141,124,70,73,,53,71,68,144,118,129,,39,35,41,38,38,59,49,37,44,44,48,55,50,54,50,52,47,46,,41,56,30,24,29,46,35,39,25,29,32,41,47,46,50,55,63,53,55,54,51,51,51,57,46,34,55,49,77,72,116,123,132,116,92,103,78,76,91,80,84,,97,71,43,82,32,35,39,52,64,53,84,87,45,35,229,217,201,184,77,81,85,100,92,74,,83,88,75,81,64,65,59,75,94,60,59,55,125,114,123,130,125,58,50,64,60,61,,49,48,66,46,49,35,74,71,97,128,59,92,56,61,73,57,31,25,33,35,58,60,63,70,60,54,41,41,32,38,42,37,10,82,119,112,65,96,111,97,80,50,114,77,56,69,88,,77,117,163,107,138,67,71,66,82,48,53,97,41,71,76,77,69,82,55,52,47,54,56,63,49,50,39,60,94,61,95,47,52,60,31,23,68,106,90,128,70,71,70,77,100,107,90,89,113,91,50,47,34,48,47,46,16,25,21,19,25,13,85,49,87,48,23,32,26,22,40,40,36,31,49,63,40,49,29,36,28,53,40,34,60,32,41,,53,60,62,46,55,63,46,41,48,52,50,51,52,49,67,37,42,53,43,43,48,56,44,58,52,57,71,84,98,98,61,,94,91,142,101,23,21,62,35,33,140,140,150,122,126,141,154,75,54,42,55,40,46,89,59,93,61,79,77,69,79,106,107,54,61,54,44,43,49,64,59,63,74,73,,66,77,72,100,66,82,58,76,78,71,81,72,55,38,42,56,57,64,64,66,59,57,51,61,54,,,66,66,43,36,39,36,36,77,77,84,76,80,73,71,68,113,56,72,81,92,48,78,101,64,62,43,,32,49,47,41,,48,35,80,65,72,38,,33,90,81,98,141,139,148,49,45,130,126,138,109,119,70,89,77,325,279,67,60,55,,189,148,181,133,43,67,64,79,98,92,117,103,142,133,134,146,83,139,107,68,71,42,49,91,81,121,79,103,103,59,54,62,60,56,48,57,32,38,72,53,109,75,104,45,29,46,28,65,52,77,64,86,106,187,85,34,27,38,55,57,52,25,99,115,68,85,143,86,,56,54,54,52,69,144,155,131,74,96,66,68,46,55,93,67,65,61,31,38,15,97,77,82,82,,84,82,111,121,64,60,42,56,,81,98,95,53,44,30,27,59,51,58,43,28,51,49,47,45,12,30,24,27,26,28,28,23,41,50,46,35,49,41,44,39,33,78,69,68,91,73,83,75,96,82,30,45,47,44,41,23,35,31,32,39,28,36,29,31,80,86,80,82,71,35,25,25,22,22,32,34,39,38,88,81,96,76,85,85,98,114,110,136,134,59,62,55,67,71,69,69,47,,81,90,60,105,107,126,127,63,55,72,43,55,98,64,58,,47,55,38,43,56,47,44,39,46,61,52,50,50,60,35,34,41,51,41,,44,37,34,30,43,56,51,45,48,47,41,53,50,49,49,49,51,52,,51,93,70,70,45,46,59,55,47,98,55,64,25,63,48,56,59,61,49,,53,55,56,71,27,47,61,70,66,63,65,77,60,65,76,70,72,97,72,87,93,62,49,75,115,122,61,60,70,99,,93,98,100,124,44,38,24,44,40,30,23,37,24,19,22,18,26,22,23,25,25,42,39,45,25,35,37,,33,46,28,33,56,32,,36,24,32,13,16,20,12,30,43,33,39,36,53,48,77,58,76,21,23,21,33,39,38,75,75,61,48,29,26,33,39,52,80,27,27,50,46,37,,68,88,51,57,48,36,27,22,86,114,79,62,54,53,89,116,176,96,88,154,151,40,56,52,63,26,26,27,33,53,,204,93,71,57,,163,38,34,46,,24,49,33,31,81,88,83,93,23,36,23,42,35,42,45,29,26,37,38,44,57,57,33,42,65,56,31,30,30,36,37,14,,49,49,60,83,70,131,179,79,82,104,,94,82,87,96,90,80,121,93,238,206,153,130,23,58,60,62,101,173,220,192,417,493,,153,142,43,37,54,38,14,13,24,65,64,59,47,56,53
20160416,16,SO2,2,2,2,2,2,2,2,2,2,2,3,2,,8,14,4,15,6,17,,8,1,8,9,7,11,,3,8,4,9,10,6,20,28,25,20,28,30,27,1,8,13,8,6,20,14,17,18,8,6,7,3,2,2,3,3,9,1,4,6,7,6,5,13,1,1,1,3,9,10,30,11,26,13,7,11,30,41,17,,7,8,8,7,6,13,17,9,7,4,11,7,2,7,8,5,31,13,,13,16,9,9,18,,8,7,16,12,8,,19,3,9,11,5,19,14,13,10,10,7,8,8,13,14,13,16,38,,8,14,35,18,17,16,14,16,13,12,11,11,13,11,12,13,20,11,9,10,13,11,3,11,7,6,13,11,17,13,11,12,12,14,21,16,26,16,16,14,9,14,18,23,12,12,6,89,29,115,6,,53,22,9,8,7,6,5,7,9,12,6,9,15,8,11,11,,15,14,40,3,8,14,22,16,10,,12,6,10,6,14,7,24,17,3,10,6,7,9,10,4,4,9,,6,5,6,6,10,14,8,,6,11,9,,42,59,29,12,9,7,,11,,12,14,,6,6,3,4,,,15,27,7,6,5,13,6,8,14,8,11,1,5,5,4,3,7,3,9,3,4,7,7,4,5,9,4,13,3,1,3,6,8,4,5,7,12,12,11,16,8,23,,17,17,19,11,29,18,34,21,17,16,3,19,18,19,18,5,18,17,23,21,3,3,4,7,2,8,5,6,8,7,6,9,6,4,9,15,5,8,7,7,5,6,,10,10,9,27,5,10,20,10,5,3,4,6,30,7,15,5,20,16,9,4,3,4,1,10,8,7,3,6,8,10,2,5,3,13,5,7,7,6,,4,6,7,4,8,8,4,7,6,4,12,27,10,,7,11,11,12,5,10,14,11,5,6,7,,12,10,8,7,8,5,10,10,12,13,8,11,,13,10,,12,18,7,9,5,8,5,,9,8,6,3,5,15,14,6,6,7,5,11,7,12,9,10,16,12,4,8,,6,9,6,15,9,6,8,7,8,11,10,4,6,12,6,13,3,2,5,4,2,5,,12,7,20,29,13,23,25,16,13,2,10,8,14,5,1,6,13,11,23,12,3,5,10,5,,16,4,8,10,5,6,4,6,6,7,9,6,8,3,4,10,11,13,13,28,10,22,13,15,12,8,8,8,11,13,11,11,9,8,17,12,15,7,15,19,12,,12,16,12,,12,16,14,8,16,21,50,,20,36,15,3,17,14,26,9,13,,8,2,13,27,,5,,6,15,38,7,7,3,8,12,7,,9,2,6,9,41,11,,33,14,10,5,10,17,8,3,6,7,22,2,10,9,4,14,8,11,,3,4,3,4,16,8,8,10,4,2,6,4,3,4,12,11,11,17,19,11,9,3,7,13,24,23,3,18,6,8,13,14,16,10,13,9,12,12,8,13,11,,17,10,5,7,3,2,6,45,4,7,7,10,18,6,7,8,6,8,7,11,17,12,15,9,,,24,19,20,16,14,9,16,50,25,8,8,25,39,24,27,46,18,13,18,15,16,,8,8,9,44,9,18,9,25,15,19,7,10,15,7,5,16,7,7,45,8,19,7,31,23,4,5,10,8,11,13,9,14,4,24,29,21,,16,27,19,12,22,18,15,25,10,10,,11,27,22,23,31,19,28,15,25,17,15,17,17,6,9,1,22,12,14,15,24,5,30,10,3,5,20,8,12,10,14,18,3,7,4,3,12,10,9,9,12,8,8,6,13,8,7,13,15,9,1,2,17,15,9,6,8,22,11,18,14,8,23,10,22,45,2,1,6,4,8,9,6,6,12,12,14,13,4,3,6,5,7,4,14,22,3,,4,17,17,9,2,10,4,10,11,9,10,7,4,5,7,6,6,5,4,7,5,5,5,18,7,10,14,4,4,8,6,,34,10,16,4,3,19,2,4,5,4,3,7,8,15,16,18,4,10,7,6,9,8,4,4,7,4,7,12,25,28,7,5,5,20,11,8,2,17,15,11,16,17,19,,14,16,12,27,14,10,7,11,24,13,8,7,5,1,7,9,2,12,15,4,3,5,7,21,23,,,3,3,7,12,11,10,7,11,125,16,12,7,8,7,32,22,30,26,14,23,11,24,6,7,9,10,,16,4,3,5,,16,9,7,16,7,8,,10,6,4,7,8,8,4,2,1,2,4,10,23,40,5,6,4,13,3,24,7,5,,8,11,185,18,6,8,5,10,13,9,11,9,18,6,18,11,15,13,8,142,19,3,4,19,24,8,6,8,3,9,8,8,9,10,32,12,4,3,3,2,4,7,7,3,5,3,8,5,3,3,7,4,15,15,25,12,16,34,15,7,12,61,5,49,30,3,24,9,,59,5,5,13,13,9,14,36,13,7,14,9,181,13,17,3,8,15,22,6,4,4,4,5,,,6,6,11,17,9,2,7,9,,10,12,5,4,6,12,10,7,5,10,8,6,16,10,11,7,2,3,7,5,9,9,9,8,7,8,7,2,2,1,6,1,11,10,13,19,9,3,2,5,7,8,3,11,44,16,25,15,12,5,19,10,2,9,8,10,5,3,7,1,9,4,5,4,4,6,4,8,10,47,34,23,23,17,19,36,27,8,10,6,9,19,17,19,15,19,23,19,26,,42,24,10,27,26,23,3,8,20,55,4,2,3,6,1,,9,8,17,3,4,4,3,6,2,3,20,25,9,7,5,5,1,1,9,,7,1,7,7,9,4,,4,6,5,6,2,14,11,16,13,11,14,6,3,4,4,10,7,6,11,7,29,16,3,4,3,6,,5,6,9,3,,8,54,7,6,6,10,7,6,7,3,5,13,3,3,12,10,13,22,9,103,19,10,12,13,7,6,17,9,10,17,,28,20,9,18,13,4,10,15,8,8,4,16,3,11,7,4,4,4,5,5,1,11,8,8,38,3,2,,2,19,4,29,4,17,,6,12,1,3,5,9,2,15,20,9,14,24,4,1,9,7,20,15,8,5,11,28,8,7,10,6,7,13,10,8,15,40,9,17,20,27,11,10,,18,3,2,8,16,9,13,4,4,17,6,12,18,12,12,13,24,13,8,6,11,7,8,11,9,17,8,16,7,5,7,3,5,10,5,,58,6,7,12,7,7,4,4,8,2,2,1,3,5,10,5,2,3,5,3,12,8,10,3,3,9,12,10,7,18,18,3,6,3,4,8,10,,8,22,8,8,18,9,12,18,1,24,,2,33,4,25,8,8,6,7,1,6,5,1,,3,2,13,17,2,4,2,4,7,,7,12,1,7,3,6,3,1,10,10,4,29,9,8,13
20160416,16,SO2_24h,6,5,7,7,7,6,7,8,6,5,8,5,,18,23,17,26,15,25,,21,18,17,24,13,20,,17,18,17,23,18,14,26,67,55,55,59,67,73,18,26,13,16,17,19,13,15,127,17,20,18,13,16,18,5,5,10,3,5,13,14,18,12,18,12,11,12,11,46,13,37,14,33,14,13,13,35,43,11,,8,13,10,8,7,10,16,11,9,12,14,7,3,9,9,11,49,27,,23,23,22,23,27,,17,8,18,8,6,,11,4,16,17,4,29,15,14,10,12,8,10,10,18,16,23,21,30,,14,37,31,25,31,16,30,19,12,11,10,10,9,10,10,11,18,16,15,16,15,16,4,17,12,8,15,11,18,12,9,17,11,11,19,21,29,18,14,17,16,24,24,32,28,29,11,47,21,132,12,,60,28,12,12,15,9,6,11,11,12,11,11,23,16,13,14,,22,19,31,6,10,21,26,23,16,,12,12,8,11,14,9,38,27,10,18,5,5,9,15,4,5,7,,15,5,5,7,8,9,8,,7,10,13,,9,13,12,10,9,6,,18,,13,12,,8,6,5,7,,,13,19,7,13,12,15,11,10,21,13,14,27,10,11,14,10,13,9,16,3,5,8,6,2,5,5,5,13,8,6,11,9,14,16,9,13,12,19,17,17,15,30,,24,21,20,10,24,9,33,19,13,13,14,17,14,17,10,5,18,11,16,14,7,4,5,8,6,10,5,8,9,15,7,12,7,5,10,16,7,11,8,6,4,6,,11,12,12,23,5,7,20,8,6,4,5,4,20,7,14,3,9,8,10,7,6,4,3,14,8,11,4,16,7,8,5,5,3,13,10,7,10,5,,4,5,6,4,8,8,4,6,6,2,16,30,12,,7,11,9,10,5,10,8,9,5,5,6,,11,7,6,9,8,4,9,11,12,7,8,9,,10,8,,10,13,6,10,10,8,7,,11,10,8,7,5,9,11,5,17,11,6,20,10,56,17,13,18,17,7,9,6,6,14,7,19,11,8,14,7,12,10,10,8,5,12,8,11,4,4,5,5,3,7,,13,6,21,28,12,16,25,14,10,2,14,6,8,4,7,11,16,21,28,25,13,24,16,11,,15,5,48,10,6,7,5,7,8,8,18,11,9,5,9,18,22,15,14,23,13,17,13,24,21,11,11,13,11,20,19,18,11,8,30,23,25,6,16,21,10,,25,22,22,,21,45,38,34,17,34,39,,24,26,15,13,20,17,31,13,11,,10,4,17,20,,7,,9,25,44,27,38,10,35,10,5,,14,6,8,25,56,26,,26,12,9,10,10,23,11,3,9,8,21,2,13,9,4,11,8,11,,3,6,3,3,8,8,9,10,4,4,8,3,3,3,7,7,11,14,15,11,10,10,6,11,23,25,3,18,29,31,20,25,25,12,17,11,13,15,11,22,19,,23,14,12,7,8,3,9,23,11,44,20,22,34,11,12,9,7,10,8,12,18,22,23,12,,48,24,10,17,8,22,13,21,104,22,10,9,53,105,36,46,58,14,11,16,12,12,,9,9,15,21,6,14,10,35,19,22,6,10,14,10,6,15,8,7,39,11,7,4,11,9,7,34,33,32,32,45,31,68,28,30,28,33,29,18,28,16,19,19,19,17,29,11,11,,13,30,23,12,34,18,28,12,12,21,13,19,15,9,10,4,21,12,19,16,38,6,21,20,6,5,31,13,15,8,14,18,3,8,4,3,20,31,26,17,14,6,9,8,13,10,32,12,18,9,1,2,14,13,16,7,8,21,12,9,12,11,78,30,59,18,4,8,7,7,8,8,6,6,12,9,14,9,6,4,6,13,18,5,6,4,2,,2,23,30,8,6,9,7,5,9,7,11,7,3,6,7,3,3,5,3,6,10,3,4,20,5,9,13,4,4,5,23,,18,36,107,49,2,16,2,3,2,8,4,5,14,20,24,31,5,6,6,5,9,11,5,6,12,6,10,9,16,23,12,10,5,20,14,11,2,17,13,13,17,11,14,,12,15,14,32,11,10,7,13,20,14,14,17,11,6,9,10,6,12,15,14,4,9,10,16,15,,,5,4,7,12,12,11,11,16,17,26,15,9,12,7,17,24,18,17,12,11,24,39,25,16,23,14,,18,9,4,9,,15,14,13,27,16,10,,12,9,7,19,24,24,25,3,2,16,13,15,23,34,7,8,23,14,6,23,5,6,,29,29,49,18,6,7,6,11,25,15,18,19,24,12,23,10,17,17,14,31,20,3,6,28,18,11,7,8,4,10,12,9,12,11,35,11,6,4,3,2,5,10,10,3,4,4,14,6,2,7,10,4,13,21,29,15,21,39,18,8,19,32,14,35,29,6,36,12,,21,11,16,23,17,8,27,31,39,43,60,11,71,28,28,10,6,24,22,10,5,10,9,9,27,,13,16,17,21,13,6,11,9,,8,24,10,6,15,15,10,6,6,9,17,18,22,20,16,16,2,3,12,6,7,9,7,7,2,6,6,1,5,4,4,3,8,16,26,27,26,25,16,36,37,37,3,40,99,38,34,10,9,5,20,7,15,10,17,17,9,9,9,18,27,14,8,4,6,9,21,33,37,49,29,22,23,19,19,36,28,15,18,23,14,21,22,16,14,67,28,22,28,,44,23,16,33,33,36,18,16,21,38,10,2,13,8,2,,8,15,18,10,6,16,7,10,39,24,28,17,20,7,8,8,3,6,10,,5,4,5,4,7,8,7,12,10,9,11,8,7,11,22,22,31,23,5,50,18,17,16,3,5,6,4,14,33,13,28,9,16,,6,14,16,27,,14,61,17,13,5,10,9,10,8,5,6,11,3,3,14,12,16,29,11,25,16,15,42,56,9,11,18,11,5,11,,22,51,9,12,11,12,9,8,8,10,4,11,9,15,12,8,9,10,11,15,2,13,8,10,28,19,13,,8,13,4,32,6,4,,5,6,3,2,5,7,2,25,26,11,24,38,6,19,10,8,19,13,10,7,12,30,9,7,22,7,7,17,13,13,9,22,19,14,15,34,10,7,,17,6,6,5,17,9,13,3,3,15,6,11,36,30,27,28,36,16,14,7,10,6,11,7,7,14,7,17,5,4,8,5,6,12,5,,23,7,9,11,7,14,5,7,5,3,6,5,4,4,13,6,2,2,7,4,11,11,10,5,5,11,16,9,7,16,9,4,8,4,5,10,4,,12,19,15,12,20,11,9,21,1,30,,5,33,4,20,6,8,13,8,2,7,2,3,,4,4,11,13,4,6,2,9,13,,8,12,4,11,5,6,3,7,12,8,12,53,13,14,14
20160416,16,NO2,9,3,2,18,12,15,14,8,6,18,5,10,,24,28,17,28,26,20,,26,42,27,19,23,25,,14,18,6,12,13,2,4,53,49,38,51,55,68,19,49,67,47,53,19,18,11,24,17,8,27,11,3,13,9,15,9,7,17,6,11,4,5,5,20,12,6,16,26,36,37,16,11,25,25,26,19,24,15,,6,5,11,9,8,7,23,9,18,8,2,7,23,10,7,23,40,35,,33,62,34,38,45,,32,54,54,49,65,,67,36,16,28,16,63,46,64,29,46,16,12,19,17,34,31,17,32,,84,79,49,32,69,50,29,59,55,42,35,46,32,30,30,44,26,11,23,27,32,30,38,31,18,27,32,42,56,44,45,42,55,52,33,37,31,52,59,31,36,17,44,44,36,17,37,37,48,22,24,,18,25,39,51,35,45,62,64,42,62,39,22,38,34,20,27,,35,35,33,44,33,46,33,21,47,,23,41,26,28,28,22,40,66,33,46,18,25,17,26,4,25,26,,27,21,16,11,18,26,37,,12,34,29,,76,68,71,24,12,18,,23,,32,47,,21,12,11,27,,,31,45,31,19,21,18,40,29,44,23,27,12,14,26,46,30,31,19,34,12,74,69,74,55,77,19,11,42,18,9,5,5,12,19,9,17,17,19,18,20,23,10,,33,2,26,30,,50,32,19,33,30,24,47,58,34,21,22,32,21,34,18,15,4,35,24,28,20,8,19,11,9,10,14,5,9,14,22,25,15,10,8,58,48,,19,34,19,50,57,30,54,29,17,25,21,22,34,8,20,7,30,40,24,20,5,13,2,28,42,34,16,16,3,32,20,5,5,2,1,11,9,14,,17,14,21,11,9,16,24,30,14,10,17,14,12,,20,8,37,15,18,21,22,34,6,6,19,,33,15,54,17,47,21,19,24,17,39,49,23,,36,36,,23,38,15,13,26,20,16,,4,10,12,21,5,12,14,27,16,33,12,36,12,4,9,3,27,11,15,21,18,8,23,15,12,20,19,13,23,16,19,12,14,16,15,11,24,26,25,18,12,29,27,,30,8,6,18,14,12,9,11,39,27,9,26,17,59,3,12,24,15,15,8,21,24,23,14,,7,17,16,10,8,4,5,7,7,10,9,8,5,3,4,36,24,25,28,21,27,22,40,27,25,12,13,33,37,28,25,28,27,22,30,27,28,68,41,56,50,,15,19,17,,16,31,25,19,26,40,50,,26,43,18,24,72,21,14,20,55,,22,26,28,12,,15,,7,12,29,15,17,17,25,31,32,,32,25,36,22,9,7,,16,18,28,9,24,8,22,16,25,11,8,7,,10,6,17,4,13,,3,4,7,30,31,3,7,8,20,23,16,5,4,7,32,48,31,10,18,27,21,33,22,23,3,1,10,8,8,9,9,12,11,8,9,5,119,4,10,9,25,,14,14,5,32,7,24,2,1,18,16,9,10,3,7,8,14,12,9,34,38,62,65,33,41,,24,45,55,43,31,30,21,49,28,32,27,16,52,56,53,66,58,31,29,32,25,29,,11,15,38,22,15,8,10,49,19,31,16,19,20,22,8,14,21,32,19,21,49,24,37,39,34,16,24,18,12,12,28,13,10,19,17,1,15,9,11,14,13,21,15,22,28,8,4,,15,24,20,15,19,20,20,28,15,16,14,23,16,21,26,7,18,18,12,13,7,16,5,3,2,9,7,3,6,4,13,1,12,5,8,7,4,14,8,,2,6,13,10,15,14,8,8,14,4,10,6,14,4,9,15,9,10,11,16,13,8,16,10,27,32,7,2,13,11,10,10,8,14,12,19,20,13,9,12,13,10,9,11,29,18,15,,23,13,6,10,12,22,11,20,24,14,12,2,14,11,16,9,8,11,19,14,12,12,11,6,15,12,9,6,12,3,4,,4,6,7,3,11,3,2,10,3,6,7,9,12,19,33,36,15,20,23,2,18,21,14,13,16,20,11,18,32,16,11,6,8,21,16,15,16,19,36,38,34,36,33,,,38,46,39,25,25,22,23,61,63,72,,20,26,19,29,19,39,33,7,31,21,11,51,58,,,35,25,16,13,8,12,10,6,6,9,8,24,17,15,17,11,21,21,12,13,4,5,6,5,3,6,,7,14,20,6,,6,1,15,9,12,6,,5,3,6,4,9,22,15,10,9,18,14,20,3,9,19,27,16,20,2,4,6,4,,14,9,21,23,26,51,29,40,19,25,18,24,14,8,22,27,39,42,55,54,31,29,43,26,45,21,15,26,17,32,26,26,15,36,17,8,2,12,2,26,8,28,25,18,29,20,10,6,15,36,33,9,10,23,34,13,13,7,25,12,7,26,54,142,59,32,13,14,,17,27,24,18,9,18,18,23,13,21,39,11,26,20,20,2,27,7,30,22,16,19,24,25,,,34,11,46,25,14,17,16,19,,11,42,12,19,28,40,27,44,11,23,10,8,11,17,19,10,2,12,11,11,28,30,30,9,39,57,39,5,7,2,18,24,1,12,2,11,2,2,8,12,8,10,5,10,15,10,10,7,22,12,10,20,4,6,6,6,8,6,3,6,12,6,4,3,8,7,7,9,22,21,18,19,32,12,27,16,23,16,12,15,8,15,22,23,16,14,45,18,12,,15,11,10,5,6,36,3,17,8,27,16,19,5,16,15,,15,11,17,16,16,18,12,26,16,4,10,15,6,36,12,5,12,6,3,,10,10,12,11,2,3,,3,6,22,10,12,24,2,4,5,12,9,4,13,6,2,11,12,9,7,1,13,8,11,15,23,27,10,7,5,3,1,,2,10,3,8,2,2,4,8,23,20,5,27,6,13,14,12,14,10,2,13,19,10,9,10,3,,11,6,8,16,,2,13,8,14,9,14,14,16,13,13,7,11,18,7,11,2,7,19,17,8,8,5,1,2,5,21,10,,13,12,7,7,12,14,,23,36,8,6,21,14,7,4,5,11,5,9,6,6,9,13,11,15,10,9,6,22,14,9,9,20,20,13,9,9,10,2,7,20,18,11,8,17,,35,5,4,2,10,11,15,18,13,8,8,2,9,14,4,3,7,5,7,10,7,11,7,31,15,13,8,,34,2,7,4,3,14,4,,2,4,3,15,10,6,6,6,6,2,10,3,6,8,11,7,10,8,16,9,6,10,16,17,7,6,6,8,8,13,27,4,1,4,8,41,16,,4,11,3,19,5,4,74,9,13,10,,11,16,2,13,9,8,9,8,4,7,3,2,2,28,15,5,10,5,8,6,6,2,,7,18,18,11,,5,4,9,8,5,2,15,25,10,58
20160416,16,NO2_24h,29,21,25,37,37,37,46,43,24,44,27,26,,49,47,28,47,42,50,,59,69,48,47,42,46,,35,26,23,26,27,15,17,72,80,59,83,83,83,23,50,66,50,50,38,40,26,45,33,25,67,28,26,40,14,18,14,12,22,23,23,20,17,13,50,43,35,46,61,59,53,22,30,25,39,36,44,31,17,,7,15,16,18,6,15,29,12,24,13,11,14,29,17,11,24,30,31,,28,65,29,39,37,,28,30,35,14,25,,24,23,16,31,14,63,46,59,37,49,19,17,25,24,42,38,38,29,,83,92,55,32,84,31,48,35,52,42,40,39,40,33,27,27,19,31,37,39,47,35,49,53,32,35,33,44,37,42,43,41,40,43,33,39,31,45,45,25,29,19,38,45,47,27,45,41,47,34,32,,26,36,32,47,31,26,50,55,34,44,38,23,48,36,18,35,,35,34,29,43,29,53,45,19,51,,17,44,25,28,28,23,44,65,35,34,48,40,12,57,20,49,59,,52,38,48,15,16,18,33,,10,25,26,,57,77,55,31,19,33,,35,,29,39,,38,21,21,20,,,43,35,27,41,32,36,34,31,36,38,44,22,25,43,67,46,38,12,40,27,57,59,71,53,69,15,41,43,32,26,24,10,27,44,14,31,26,28,26,31,32,11,,37,9,21,22,7,43,24,15,17,23,27,44,50,35,28,26,30,36,31,23,19,19,37,30,31,27,16,25,31,22,18,27,11,21,16,38,35,23,24,15,48,40,,37,43,31,52,49,24,48,31,21,29,26,30,28,16,46,8,17,29,29,24,23,27,8,48,48,49,32,29,6,41,42,12,6,6,4,17,15,15,,30,25,34,31,30,17,22,23,12,13,28,22,23,,31,15,46,16,25,43,40,36,6,13,20,,27,12,36,17,27,15,24,32,21,14,46,19,,32,24,,24,48,33,38,44,40,41,,28,19,12,43,12,22,16,26,28,50,18,31,16,11,17,5,32,21,17,36,23,11,47,20,36,30,41,30,30,33,38,20,24,21,17,19,40,28,26,13,25,33,24,,28,13,6,26,29,28,30,29,44,42,41,42,47,39,14,24,28,29,20,27,27,33,37,22,,9,14,32,15,13,9,10,10,11,15,16,13,10,7,10,30,30,21,21,14,11,24,14,28,27,17,14,37,33,40,46,47,48,20,38,36,37,38,26,40,40,,21,22,26,,23,38,28,26,32,49,49,,39,35,15,29,58,27,11,22,32,,12,18,16,17,,18,,17,27,31,34,25,27,37,24,12,,24,14,22,38,20,26,,21,23,27,19,31,24,26,21,23,18,24,9,6,10,7,17,5,4,,4,5,21,26,33,10,15,13,21,15,14,6,4,6,31,50,45,14,19,21,27,26,26,24,3,5,16,18,28,38,21,22,25,13,19,11,31,11,13,18,32,,29,22,7,27,13,27,6,4,42,36,27,32,20,21,7,12,10,14,17,17,26,38,19,17,,27,34,19,26,12,29,21,26,55,15,12,7,42,52,46,49,52,34,22,34,22,30,,10,18,27,23,17,9,17,71,29,50,25,23,20,20,9,18,29,32,20,13,30,19,22,24,37,24,29,25,15,11,35,19,5,35,20,6,35,24,18,22,23,31,25,31,47,18,18,,24,40,33,32,17,27,26,26,24,21,22,25,15,34,43,36,28,36,35,27,18,33,19,10,8,14,14,11,10,5,20,3,16,15,20,5,7,43,25,41,12,10,13,16,13,18,19,13,23,10,8,6,28,29,31,28,14,17,21,20,14,11,45,17,35,29,8,5,17,19,15,18,16,21,29,22,41,20,11,23,22,35,20,19,30,38,18,,24,16,9,14,26,29,35,11,26,16,17,6,30,37,40,11,19,32,38,24,31,32,37,17,33,30,26,9,14,8,17,,7,19,31,19,14,6,2,12,12,29,18,17,23,33,29,37,18,16,12,12,28,26,14,13,22,31,18,22,31,13,18,9,7,22,11,13,10,12,39,49,39,33,31,,31,36,45,39,35,37,21,21,39,33,44,30,29,30,19,44,32,23,20,27,49,42,31,49,58,,,28,22,15,15,9,13,14,20,16,21,18,34,38,34,9,15,14,9,14,12,18,20,14,18,21,11,,13,19,21,7,,7,3,18,12,19,18,,13,10,12,10,17,30,22,9,10,20,22,21,14,23,21,21,28,9,4,8,8,4,,41,32,49,23,8,12,21,18,27,42,18,35,19,18,21,23,35,39,40,24,28,21,30,37,47,31,18,27,16,38,32,27,12,23,20,8,2,11,2,33,13,34,33,18,22,14,18,6,14,37,29,17,10,34,47,23,21,12,31,20,11,14,64,47,47,32,34,23,,29,33,19,32,10,22,28,28,36,42,56,40,45,34,63,6,50,30,36,27,11,35,45,37,43,,22,16,58,30,17,25,22,29,,17,62,38,39,27,37,29,40,24,36,19,26,32,33,31,20,2,18,19,16,30,44,34,18,27,47,41,5,9,4,18,18,3,16,10,18,12,13,16,29,28,19,6,21,20,22,18,5,10,5,5,11,13,17,20,18,21,17,3,23,23,11,12,8,14,11,18,20,38,32,28,31,43,19,38,18,22,27,30,27,24,22,28,32,21,19,49,20,24,,20,20,23,22,24,56,22,20,14,32,34,31,21,15,27,,15,12,14,17,19,19,16,26,24,28,21,20,22,42,18,14,14,9,3,,12,9,10,15,5,21,22,19,20,31,19,28,25,4,12,10,15,12,12,30,26,20,33,11,11,12,3,12,17,24,24,33,34,5,13,12,10,2,,16,14,8,18,5,8,19,14,17,30,17,29,7,13,18,18,18,14,10,20,24,12,14,19,11,24,9,12,14,27,,8,15,12,17,16,30,19,28,15,18,12,27,16,17,18,10,19,24,21,18,9,21,19,16,6,24,15,,17,18,20,22,32,16,,39,19,12,5,21,28,21,8,8,14,10,13,8,8,16,32,25,11,14,10,12,23,16,17,31,23,26,20,12,13,11,16,15,15,13,14,11,18,,32,18,13,3,11,6,9,15,26,27,18,4,25,33,14,14,19,21,20,39,26,15,15,40,32,9,7,,25,21,14,15,16,19,10,,26,5,6,23,14,12,20,28,21,22,31,20,22,9,15,7,8,10,23,12,5,30,23,20,11,13,13,28,29,15,39,6,6,9,22,59,25,,7,9,12,26,9,5,21,13,14,18,,31,53,7,17,14,19,31,32,13,17,3,4,3,42,36,10,28,31,37,19,41,42,,26,34,26,19,,12,2,14,25,17,23,26,44,15,61
20160416,16,O3,86,87,88,79,83,76,87,74,66,69,90,88,,65,68,22,66,63,86,,59,51,62,63,43,80,,110,54,112,112,89,61,90,38,48,48,48,38,32,98,55,71,93,75,100,83,95,89,104,102,115,88,105,73,99,96,92,99,82,88,89,100,89,97,68,84,85,103,66,78,64,93,99,84,99,75,95,63,58,,73,70,64,58,66,105,85,89,100,110,79,82,84,83,84,73,84,90,,104,53,99,92,88,,118,56,42,51,35,,52,84,94,90,96,64,61,45,86,66,98,122,85,93,102,40,30,93,,16,9,28,16,19,20,38,13,88,87,85,88,78,94,83,79,84,71,56,69,63,57,62,64,72,86,56,52,56,58,63,62,62,57,53,68,64,14,44,84,78,89,84,51,58,60,58,38,49,61,8,,42,48,64,60,57,64,39,53,67,22,48,46,56,44,51,44,,40,40,,39,16,32,35,94,53,,75,62,57,60,56,70,44,41,57,38,101,70,53,97,90,63,73,,60,92,80,86,85,90,80,,105,80,71,,28,45,33,99,93,70,,63,,53,53,,83,80,85,71,,,63,48,42,75,94,78,38,45,40,89,69,67,94,84,82,65,84,102,82,47,22,28,35,31,7,71,61,50,84,116,108,116,82,76,103,88,99,61,69,75,59,71,,61,73,98,92,74,68,22,103,75,68,91,121,78,119,122,112,53,114,91,153,68,110,87,83,71,116,73,82,118,140,85,147,126,133,114,112,132,108,119,110,25,13,,36,37,53,51,21,65,11,61,42,57,43,43,1,48,88,53,57,37,46,63,60,50,75,59,67,58,68,51,91,76,106,55,58,61,62,62,57,45,,50,53,52,59,60,69,56,58,38,47,108,108,113,,209,243,144,162,206,260,243,220,81,142,89,,79,110,115,139,104,179,134,130,122,98,97,140,,140,120,,137,152,123,129,113,118,150,,131,98,141,152,145,136,157,150,148,153,163,125,126,135,139,137,131,107,107,110,109,123,101,112,122,118,127,112,107,108,135,127,87,103,159,124,131,88,79,151,103,94,67,,100,111,137,110,91,125,100,85,93,23,44,94,62,74,41,122,101,114,129,133,123,131,126,117,,183,120,114,69,97,91,95,81,95,105,102,100,70,110,110,95,94,94,83,126,150,129,110,101,116,134,104,83,52,111,40,30,34,22,79,78,101,26,35,54,52,,83,81,56,,79,52,34,49,42,76,53,,72,67,40,48,46,46,62,75,48,,65,76,80,104,,119,,125,87,58,82,98,75,80,50,58,,64,98,78,115,123,121,,91,77,29,113,94,63,74,85,81,71,39,77,55,61,89,92,44,54,,62,72,45,43,41,51,50,55,53,43,52,61,44,61,92,92,123,130,117,102,73,88,76,95,,20,106,135,65,97,87,80,83,100,88,94,78,96,78,113,132,,129,97,94,94,76,62,92,77,94,99,96,111,118,112,94,84,56,46,76,53,59,61,92,88,,124,106,93,81,120,110,132,91,99,104,128,143,78,93,83,64,86,123,100,115,118,105,,141,89,62,81,111,111,83,82,70,55,119,74,83,87,100,105,19,73,60,30,36,25,42,44,45,52,25,56,42,39,76,83,75,111,125,145,103,129,147,108,108,95,96,42,85,109,101,,80,90,131,71,103,124,120,68,124,138,63,122,133,120,95,112,105,124,130,130,114,111,121,165,135,152,145,120,95,104,112,29,41,98,91,96,94,141,141,123,197,120,134,95,214,171,163,158,182,174,59,67,178,177,170,150,59,72,71,119,108,104,69,105,120,134,147,123,149,106,35,17,106,83,100,167,137,90,101,96,156,60,91,86,112,134,115,,112,185,172,149,118,107,117,117,146,137,140,122,121,116,122,126,122,118,112,133,124,115,131,104,129,122,115,106,117,78,100,,117,122,112,112,115,122,66,142,68,93,92,126,112,125,47,43,65,57,100,85,90,102,115,130,130,120,135,98,121,137,112,80,67,87,91,103,68,96,54,61,58,60,73,,70,,53,55,84,84,27,6,16,19,61,60,102,37,24,40,32,,64,58,92,61,88,42,66,,,73,50,120,117,106,122,116,98,96,103,102,63,67,78,117,125,98,124,132,111,111,109,115,99,104,102,,104,103,73,66,,71,52,99,140,120,82,,41,118,106,95,82,73,111,104,108,112,110,89,97,52,54,64,77,101,90,42,124,112,,97,52,52,63,98,76,74,59,190,99,95,147,66,63,43,32,88,75,83,79,99,102,95,113,71,78,78,76,79,90,89,83,44,35,51,31,83,81,76,92,53,41,61,59,66,68,86,37,59,41,26,71,34,53,78,74,90,,36,37,94,72,41,125,106,64,74,75,,76,79,48,87,86,47,70,61,83,41,41,48,103,80,32,2,17,25,84,70,99,101,39,104,16,,17,63,117,33,65,99,123,75,,32,99,66,58,53,42,42,18,36,47,57,32,91,90,83,94,,78,86,80,16,26,15,43,33,29,27,112,77,102,111,94,103,137,121,145,86,154,71,105,139,107,102,83,83,98,93,107,92,95,88,102,98,103,115,86,118,62,,121,113,99,95,103,93,85,99,105,82,81,65,70,70,89,105,95,76,80,99,81,110,128,91,97,108,114,98,103,123,,110,110,128,86,95,91,98,104,110,116,73,79,108,30,75,,76,88,125,110,134,122,147,85,101,97,124,122,90,109,121,112,85,104,100,,112,112,93,116,115,107,80,105,92,92,106,101,57,103,115,116,110,114,122,113,119,69,118,109,109,115,85,77,115,120,89,105,116,107,108,119,103,102,,111,121,110,108,112,96,133,224,22,148,191,74,42,38,105,112,101,152,165,172,190,140,118,117,119,142,100,60,113,112,,166,147,194,171,124,125,133,156,62,131,52,138,116,119,125,129,106,102,111,101,98,128,135,133,151,126,134,,124,155,82,110,105,85,,22,85,99,117,93,72,95,113,147,137,133,138,80,134,137,25,30,144,136,130,136,134,99,48,69,155,14,150,135,137,117,35,115,99,127,153,152,136,,70,153,140,139,146,75,62,,81,180,62,76,103,118,144,162,151,172,159,108,198,102,78,153,190,60,29,90,47,133,143,85,108,90,96,,78,17,59,106,96,91,122,120,119,124,121,69,130,84,116,121,135,123,116,78,110,108,99,116,106,70,104,114,110,98,110,50,86,91,111,109,94,,118,112,133,97,132,114,72,123,33,72,,87,87,45,98,57,58,41,105,157,175,56,55,127,45,48,128,113,115,183,114,126,75,,107,60,103,127,,112,101,102,150,145,87,76,36,112,20
20160416,16,O3_24h,146,96,149,168,158,136,126,98,84,69,144,126,,155,171,53,196,191,197,,171,117,190,130,106,206,,156,114,165,138,130,91,188,146,136,132,144,138,149,188,172,201,194,213,206,156,196,197,168,146,157,140,140,97,114,112,102,111,85,182,162,200,167,185,112,164,198,203,179,242,233,198,199,191,216,167,193,155,73,,73,79,77,58,73,105,102,89,100,142,83,83,89,83,86,99,140,138,,163,78,138,128,123,,159,150,138,138,143,,158,154,150,141,127,134,115,108,137,113,131,151,135,128,151,62,90,122,,57,39,84,73,60,69,50,83,113,121,105,176,119,117,163,152,141,162,138,202,170,216,175,151,177,155,133,108,133,116,134,135,139,130,140,138,115,37,124,170,169,135,173,195,181,189,64,120,187,161,199,,117,132,132,158,129,179,111,161,163,99,135,127,158,121,128,120,,105,118,61,85,60,99,104,194,115,,152,132,144,135,139,138,116,82,142,98,112,112,119,124,128,111,102,,125,123,96,112,111,123,118,,129,113,102,,44,45,55,109,107,70,,162,,120,130,,120,115,110,114,,,63,76,73,87,113,85,100,115,87,116,121,107,170,140,127,123,214,165,133,67,32,51,67,49,31,79,61,102,84,116,108,116,82,76,103,96,109,142,159,168,154,167,,156,170,137,141,118,111,133,150,100,120,148,218,134,217,190,190,129,156,154,237,96,121,112,103,114,138,99,121,118,140,85,147,126,133,114,112,132,108,119,110,69,62,,36,38,68,51,53,65,40,68,87,97,99,85,93,81,91,91,119,108,77,87,71,57,81,72,77,80,74,56,97,91,109,146,61,66,65,68,63,52,,51,54,55,59,60,89,70,74,82,101,114,113,114,,210,243,144,162,215,260,248,220,99,157,89,,94,110,116,139,108,179,134,130,122,107,97,140,,140,120,,137,154,123,129,113,118,150,,131,98,160,152,160,143,160,150,148,153,163,128,138,137,140,140,133,109,146,175,150,164,154,154,122,118,127,112,108,108,135,127,87,103,159,124,131,95,86,151,104,94,99,,100,124,137,110,91,125,100,85,93,25,51,94,62,109,41,122,101,114,129,133,123,131,126,117,,183,120,116,69,115,104,118,96,111,128,102,100,70,110,110,168,149,158,152,133,172,137,136,175,222,215,152,131,88,152,54,52,49,47,167,166,167,120,137,164,164,,213,225,139,,205,122,70,121,76,186,142,,106,150,143,198,156,155,188,132,134,,112,136,115,146,,172,,158,180,144,178,187,162,183,104,132,,95,200,153,174,188,207,,91,77,29,113,94,101,125,99,144,95,82,78,57,64,94,95,112,68,,67,79,60,60,66,96,78,89,56,53,56,68,52,70,92,92,123,152,131,149,77,92,108,108,87,20,109,137,74,97,135,152,161,107,88,94,94,97,78,135,173,,155,119,116,96,82,76,108,88,95,104,98,115,119,124,137,127,82,100,164,113,154,130,167,171,,152,145,164,120,163,142,177,136,113,129,173,189,157,143,196,178,169,148,139,139,148,145,,170,89,68,81,111,111,83,93,70,66,120,100,106,118,104,127,90,106,107,87,161,91,151,174,133,62,45,64,45,57,76,84,112,125,125,145,105,143,154,108,182,188,161,86,181,154,148,,134,160,244,123,215,151,157,83,167,138,78,122,133,123,98,114,109,124,130,130,114,111,121,165,135,152,145,120,95,104,112,107,51,103,100,101,94,159,155,130,214,140,262,111,226,171,163,158,182,174,82,93,178,177,170,150,59,72,71,119,108,104,78,109,138,155,147,129,158,115,52,55,106,91,100,176,140,90,101,96,156,61,91,87,112,134,115,,117,185,172,149,118,107,121,118,156,137,140,122,121,119,127,126,125,118,113,146,129,128,133,105,129,125,156,118,122,91,100,,118,125,116,115,150,122,70,146,68,93,92,126,152,203,209,352,109,89,154,102,122,122,135,142,166,140,183,143,157,179,173,120,84,103,124,126,100,122,113,133,135,116,120,,128,,100,75,122,109,85,16,147,123,134,153,228,124,90,150,129,,143,66,128,61,88,67,87,,,100,71,120,132,147,154,199,157,168,169,170,63,67,84,117,201,98,125,151,196,111,109,115,99,104,102,,104,105,73,66,,71,52,114,140,128,86,,41,122,115,99,95,99,136,105,110,124,123,99,100,58,91,95,116,132,125,43,127,118,,132,91,77,63,183,160,122,134,219,117,123,183,130,139,84,54,134,108,121,135,148,120,118,139,79,89,98,88,102,95,89,91,78,40,84,91,95,92,76,104,72,56,76,109,81,88,86,37,59,99,90,96,57,115,166,79,93,,60,51,94,81,298,136,107,173,167,188,,131,121,96,145,127,155,196,191,115,92,110,56,106,104,34,37,54,33,90,86,99,137,93,148,76,,71,142,214,91,84,99,151,94,,141,265,66,58,78,70,59,49,62,57,83,141,91,90,83,94,,87,86,80,39,45,44,54,61,77,56,112,81,108,111,110,103,137,121,145,86,159,71,117,139,107,124,102,98,114,114,107,99,95,101,106,119,103,115,86,118,62,,121,113,99,95,103,93,85,117,125,85,89,156,140,147,157,157,184,142,114,154,118,161,214,165,161,160,181,159,174,139,,129,137,163,177,181,181,194,149,169,176,80,93,113,37,87,,76,100,130,110,134,122,147,117,111,113,124,126,90,111,130,120,98,123,100,,112,112,93,118,121,107,80,105,92,92,106,101,57,104,115,116,110,114,129,113,119,105,118,115,111,119,87,79,115,125,89,111,116,115,108,119,103,102,,111,121,110,108,112,96,134,224,23,148,191,88,47,43,112,119,107,152,165,172,190,140,120,117,137,147,100,60,113,112,,166,147,194,181,124,125,141,156,62,132,64,138,116,119,125,129,106,102,111,101,98,128,135,133,151,126,134,,124,167,85,110,130,85,,188,85,99,117,93,72,95,113,147,137,133,138,81,219,137,27,70,160,149,131,136,138,117,49,156,174,17,150,135,137,117,35,120,99,127,153,154,136,,90,158,140,142,150,94,72,,86,181,62,76,105,130,168,194,179,172,159,125,241,102,91,153,190,85,48,103,80,149,157,101,130,117,124,,87,20,59,135,124,91,122,120,119,124,123,70,130,84,116,121,135,123,128,80,110,108,106,117,111,78,115,114,111,110,113,58,87,94,112,114,102,,118,112,139,97,134,114,138,126,60,76,,87,87,87,105,72,60,43,106,157,175,59,57,142,45,48,128,113,133,200,135,152,84,,120,71,103,127,,113,107,107,156,150,87,88,54,147,20
20160416,16,O3_8h,76,81,81,72,70,68,77,60,58,61,78,81,,69,70,24,72,69,88,,62,60,66,72,44,81,,84,38,54,83,72,46,74,53,62,56,49,46,44,104,85,94,110,97,72,62,72,69,89,84,96,70,84,52,93,91,88,91,78,80,80,90,82,82,56,65,68,83,67,78,68,78,85,71,86,64,71,56,54,,59,60,56,50,58,96,77,84,95,110,78,79,79,78,82,82,112,113,,133,63,117,106,105,,129,88,77,97,74,,102,101,104,98,98,72,66,51,90,69,94,118,87,96,112,34,21,111,,24,14,59,39,25,55,26,48,77,69,69,85,69,75,85,78,82,35,31,46,43,38,44,33,47,64,52,39,54,49,54,54,53,48,45,46,51,13,35,85,82,78,78,41,40,47,47,34,43,47,6,,34,42,66,68,58,73,52,64,73,31,48,40,50,37,48,36,,43,45,2,43,21,34,41,55,31,,41,32,54,48,53,68,36,26,47,32,34,30,46,35,39,18,26,,26,26,26,83,86,96,79,,107,81,72,,30,33,32,53,48,67,,43,,54,53,,75,70,86,84,,,29,31,26,46,84,47,22,27,31,44,28,41,57,44,46,41,105,58,49,46,23,27,44,30,9,55,48,52,54,74,69,80,48,53,77,69,78,37,45,43,37,42,,38,54,119,103,92,73,70,120,86,78,93,77,52,71,61,73,37,57,53,83,57,88,70,69,60,95,61,71,92,113,67,119,100,105,89,92,98,87,96,89,29,26,,19,17,41,17,24,35,15,33,38,52,43,40,18,36,78,40,61,36,39,58,56,43,71,37,42,38,49,39,66,46,54,46,50,60,54,51,48,39,,33,39,37,37,44,53,40,48,37,44,63,68,70,,131,155,83,105,132,140,162,137,92,114,63,,76,76,79,85,68,103,87,82,92,77,56,95,,94,71,,95,119,76,80,74,78,92,,84,61,111,112,114,107,114,115,120,116,123,115,121,124,130,125,120,95,102,95,113,114,84,95,81,81,88,80,75,68,90,94,64,79,102,85,87,83,76,144,83,78,63,,62,83,100,79,67,103,82,69,73,16,33,60,40,71,32,94,73,85,95,104,85,93,91,80,,142,83,89,60,89,81,90,75,86,99,88,86,64,99,94,112,100,108,100,124,159,124,124,103,119,140,112,90,55,113,28,22,22,31,52,56,74,28,36,50,50,,88,81,51,,74,39,27,40,29,68,33,,43,54,45,50,47,38,72,70,58,,70,76,76,74,,91,,94,51,39,49,72,44,52,63,86,,62,92,76,94,106,99,,50,42,15,59,44,50,73,66,78,66,53,70,50,58,84,84,40,59,,62,71,34,40,40,58,57,61,35,35,35,59,43,58,32,29,37,96,81,89,58,67,70,86,67,14,80,110,57,76,76,63,67,94,83,87,80,92,72,83,101,,102,66,86,68,56,55,77,63,77,82,82,87,98,92,86,80,55,46,88,68,80,79,113,106,,134,125,138,101,143,126,128,122,92,119,149,153,89,98,97,86,96,104,97,102,116,89,,135,78,62,66,99,100,42,49,43,22,64,71,77,82,93,94,16,53,72,32,40,21,43,40,27,28,18,37,29,25,49,58,76,73,79,96,68,84,106,75,92,77,83,39,66,89,81,,65,56,85,42,75,65,68,34,124,97,40,87,97,92,68,79,77,94,98,100,86,92,95,136,114,122,121,93,76,80,85,44,41,87,80,92,82,125,122,108,201,88,115,75,165,128,111,124,132,134,64,70,71,70,74,57,46,53,56,90,82,77,57,78,104,117,107,89,108,74,26,21,72,68,60,103,80,52,74,67,110,48,64,70,93,116,101,,107,127,121,113,74,74,82,105,127,114,105,98,92,86,93,94,85,77,77,99,80,85,84,81,95,91,82,109,112,81,81,,98,95,91,95,94,103,57,120,51,81,80,112,74,82,37,32,73,72,118,50,98,105,114,125,115,112,117,88,104,126,94,67,66,87,90,96,86,107,46,48,46,57,66,,57,,51,52,74,70,26,4,23,28,55,35,77,35,22,41,28,,62,36,75,34,59,27,38,,,82,56,88,79,80,81,80,68,72,75,74,46,44,73,101,108,49,87,108,91,92,89,98,84,86,88,,89,90,51,51,,48,38,90,124,101,64,,35,103,92,82,65,52,92,98,102,100,100,85,93,49,54,72,76,106,87,41,123,115,,94,58,47,63,128,117,85,88,190,103,99,147,68,63,48,34,81,70,77,115,124,101,102,82,47,64,70,68,72,71,71,79,42,37,52,32,75,72,67,84,54,46,67,73,69,76,77,27,48,30,19,44,36,43,82,71,83,,37,36,92,74,28,119,94,41,37,42,,38,35,19,40,52,34,50,47,68,17,62,39,78,45,24,3,19,23,78,63,82,88,28,67,18,,20,45,111,20,66,75,88,88,,26,114,30,32,55,43,45,20,32,42,49,42,29,28,32,36,,46,57,44,27,35,33,46,36,38,30,76,50,74,77,66,83,102,83,98,66,130,47,84,110,89,94,85,78,92,90,74,71,71,69,74,85,82,97,72,96,48,,101,92,87,80,89,80,65,92,89,64,67,60,56,58,77,82,86,70,70,85,69,94,93,76,75,81,83,70,72,88,,75,76,82,45,52,54,51,76,78,80,63,65,80,29,67,,62,74,113,87,106,90,107,73,76,84,93,94,67,86,94,87,77,98,84,,85,91,74,88,87,81,73,87,68,71,84,77,46,92,96,100,96,97,115,96,100,84,102,101,91,97,73,71,115,108,76,87,97,90,83,87,78,82,,94,100,91,89,86,73,103,182,22,85,120,78,43,31,99,106,99,105,108,111,130,97,90,87,101,108,77,45,79,71,,128,83,131,127,82,86,96,104,42,93,44,94,89,87,96,98,64,66,68,65,76,75,79,78,104,88,96,,86,106,54,78,109,74,,122,24,72,86,70,50,62,82,92,102,94,99,60,100,98,21,46,115,103,92,91,96,92,40,92,143,13,115,107,109,93,22,81,85,109,123,129,111,,55,109,84,115,123,82,59,,55,148,33,40,86,104,139,155,144,139,126,76,159,77,61,74,98,53,22,82,48,110,117,77,96,88,97,,64,16,48,76,66,57,69,66,64,109,107,61,109,46,76,78,121,109,109,74,78,72,72,103,96,68,105,92,93,94,103,50,85,81,100,95,75,,90,85,114,81,118,97,88,110,24,63,,67,66,48,99,61,50,37,92,130,136,51,50,128,30,34,77,70,95,162,106,113,63,,75,55,80,97,,81,100,94,100,99,60,69,37,88,13
20160416,16,O3_8h_24h,105,83,106,115,109,91,80,76,59,61,95,108,,102,118,37,116,121,127,,117,103,155,91,68,154,,122,86,139,115,103,71,159,132,121,113,117,117,128,166,132,159,164,172,181,139,174,175,143,126,130,116,131,86,111,115,101,114,81,155,143,174,150,164,77,103,116,131,148,205,196,188,193,180,172,127,150,120,80,,78,95,93,73,98,101,128,88,95,110,78,83,82,78,82,88,139,133,,160,65,137,129,123,,156,139,123,131,140,,148,141,145,130,108,118,107,95,121,101,112,129,116,108,112,69,101,112,,58,39,63,75,64,75,52,87,118,120,116,140,118,126,138,145,131,152,131,187,158,196,161,143,165,145,125,100,123,110,127,126,131,124,135,135,114,34,117,175,171,134,166,182,171,177,47,113,171,145,91,,120,131,125,153,119,170,103,156,158,91,135,130,148,111,125,113,,103,113,60,89,95,112,115,192,104,,139,118,141,136,135,139,108,70,133,93,119,104,117,143,123,122,114,,147,126,100,106,115,118,119,,134,121,95,,63,39,66,109,116,74,,151,,129,135,,124,112,111,107,,,78,89,85,86,116,91,105,113,85,113,108,99,153,123,113,111,114,150,126,55,37,74,102,81,73,74,60,57,54,74,69,102,52,53,77,69,96,165,184,186,156,184,,174,197,131,137,114,106,126,146,94,118,138,213,131,214,178,185,131,152,146,225,82,101,97,84,99,115,88,99,100,113,67,119,100,105,89,92,98,87,96,89,29,26,,19,17,41,17,24,41,15,33,82,88,79,77,75,78,78,78,117,111,68,81,56,50,71,37,42,38,49,39,66,46,54,53,50,60,54,51,48,39,,42,44,44,42,44,89,68,75,88,108,63,68,70,,131,155,83,105,132,140,162,137,101,143,66,,84,76,79,85,70,103,87,82,92,77,56,95,,94,71,,95,119,76,80,74,78,92,,84,68,132,122,144,123,148,131,120,132,123,115,121,124,130,125,120,95,141,162,144,161,151,153,81,81,88,80,75,68,90,94,64,79,102,85,87,84,76,144,83,78,86,,78,116,141,90,80,118,82,79,73,16,39,75,45,96,38,94,73,85,95,104,85,93,91,80,,173,83,89,60,106,90,108,89,101,121,88,95,80,104,105,157,142,151,136,126,159,127,129,157,189,202,136,122,75,140,52,47,45,62,182,179,180,118,129,162,157,,195,208,138,,204,128,75,125,91,211,164,,113,170,129,184,148,150,186,133,127,,114,147,114,156,,182,,162,174,141,172,206,187,210,111,139,,96,150,141,196,190,195,,50,42,15,70,44,86,113,107,106,108,90,79,56,70,94,93,42,71,,68,80,59,54,55,109,99,115,53,47,51,67,48,66,32,29,37,96,81,89,65,67,70,95,67,14,80,117,58,81,133,151,162,108,88,87,92,106,76,137,175,,156,119,87,68,56,62,91,63,85,85,96,114,109,125,125,119,79,104,139,102,129,115,151,156,,140,129,153,106,155,137,161,136,104,121,166,176,139,127,171,150,153,138,131,132,136,131,,156,91,66,92,122,120,83,80,73,64,114,92,104,113,104,114,68,95,92,79,149,80,145,161,125,58,41,59,42,57,61,82,87,87,99,114,84,113,134,87,179,177,157,79,171,171,161,,149,149,226,118,200,145,151,80,155,104,123,113,115,92,68,79,77,94,98,100,86,92,95,136,114,122,125,93,76,80,85,107,41,87,80,102,82,125,122,108,202,123,182,106,165,128,111,124,132,134,77,88,85,70,74,69,46,53,56,90,82,79,60,105,122,134,107,89,108,74,29,46,91,68,60,103,80,52,74,67,110,48,68,74,93,116,101,,107,136,126,113,74,74,82,105,127,114,105,98,92,90,93,95,85,77,77,99,80,85,84,81,95,91,156,110,116,85,92,,109,119,108,111,134,105,65,130,59,81,80,112,149,200,204,214,92,80,148,138,114,113,136,139,168,161,179,138,160,178,190,138,80,99,119,122,93,112,111,127,130,117,120,,110,,99,74,122,111,78,13,133,114,124,150,224,117,79,132,112,,138,71,122,66,83,53,82,,,109,72,88,139,136,158,155,155,161,167,167,46,56,91,101,182,86,87,157,179,123,120,113,110,118,132,,133,136,59,59,,49,46,114,141,123,83,,45,118,113,97,90,88,125,98,102,118,116,99,97,53,83,96,104,132,119,41,123,115,,120,84,71,63,174,153,118,122,208,110,120,167,121,105,80,52,118,95,109,122,139,111,103,91,47,79,88,96,111,87,89,94,77,37,91,93,94,95,82,108,77,60,76,110,80,91,81,27,48,105,88,105,58,117,141,78,91,,87,64,92,78,292,119,98,178,172,187,,135,126,99,151,142,119,183,182,82,63,81,56,103,102,26,32,26,28,80,76,89,145,94,147,81,,71,142,184,74,76,96,158,89,,112,181,85,41,74,63,59,70,88,72,83,42,74,73,70,74,,97,115,87,30,41,42,50,56,68,53,106,74,103,93,104,83,102,83,98,66,130,47,86,110,89,95,85,78,92,90,74,71,71,69,74,119,82,97,72,96,48,,101,92,87,80,89,80,65,92,102,81,79,148,146,146,170,162,190,150,128,170,129,182,204,155,160,150,169,147,161,138,,130,134,155,155,158,163,169,139,159,167,83,103,115,38,90,,62,94,129,105,116,102,120,118,111,95,93,94,67,86,122,114,104,130,88,,90,94,98,122,119,81,73,87,68,71,84,77,46,92,96,100,96,97,115,96,100,86,102,101,91,101,78,72,115,108,76,87,97,90,83,87,78,82,,94,100,91,89,86,73,103,182,61,108,128,85,43,38,104,109,101,105,108,111,130,99,93,88,118,130,77,54,80,83,,128,164,133,130,99,88,102,124,42,93,44,94,89,87,96,98,64,66,68,66,76,79,79,78,104,88,96,,86,106,54,78,109,74,,184,24,77,105,70,50,62,82,92,102,94,99,63,119,105,25,67,144,140,128,136,130,109,44,100,158,14,140,128,125,107,30,81,85,116,141,143,111,,68,136,116,128,142,92,74,5,74,161,42,56,96,115,142,159,153,160,147,89,165,92,86,119,148,88,45,96,62,142,153,98,122,115,125,,85,19,61,126,113,67,76,70,69,109,107,61,109,52,76,84,121,109,109,75,95,74,72,103,97,71,112,92,93,101,106,55,85,81,100,95,86,,102,96,135,84,138,109,138,110,44,75,,78,76,50,103,64,54,42,96,149,167,56,55,128,40,44,109,101,128,190,124,140,76,,102,66,89,109,94,105,102,103,132,129,79,78,40,151,13
20160416,16,CO,0.2,0.2,0.6,0.3,0.2,0.3,0.2,0.2,0.2,0.3,0.2,0.3,,0.919,0.633,1.006,1.014,0.72,0.698,,1.02,1.573,0.535,0.824,0.902,0.651,,0.213,0.231,0.148,0.224,0.567,0.155,0.195,1.172,0.963,1.52,1.752,1.463,1.858,0.54,0.567,0.575,0.709,0.782,0.513,0.353,0.499,0.351,0.272,0.364,0.284,0.255,0.136,0.257,0.037,0.278,0.27,0.442,0.587,0.268,0.422,0.188,0.305,0.322,0.079,,0.247,0.423,0.966,0.789,0.638,0.351,0.306,0.406,0.402,0.342,0.535,0.625,0.672,,0.234,0.308,0.959,0.33,0.513,0.552,1.238,0.577,0.285,0.809,0.752,0.228,0.342,0.483,1.277,0.839,0.431,0.789,,1.012,0.633,0.847,0.618,0.752,,0.793,0.809,1.289,0.947,1.004,,0.831,0.836,0.784,1.37,0.429,0.892,0.769,1.041,0.581,0.779,0.533,0.78,0.515,0.546,0.847,0.229,2.176,0.994,,1.086,1.045,1.034,2.828,1.493,1.007,0.686,1.079,0.63,0.616,0.688,0.55,0.924,0.498,0.491,0.734,0.769,1.503,0.82,0.577,0.228,1.066,1.077,0.596,0.505,0.877,0.65,0.94,0.891,0.958,0.762,0.708,1.032,1.189,0.755,0.819,0.746,0.902,0.489,1.015,1.044,1,0.845,1.369,1.768,1.632,1.39,1.755,1.64,1.637,1.089,,0.887,0.97,1.192,1.416,1.541,0.93,1.983,1.026,0.692,2.607,0.896,0.775,1.024,0.771,0.929,0.697,,0.839,0.61,0.778,1.127,1.222,1.017,0.7,1.65,2.013,,2.068,1.392,0.688,0.746,0.921,0.882,1.996,1.571,2.164,1.998,0.646,0.795,0.387,0.507,0.562,0.712,0.731,,0.778,0.757,1.205,0.617,0.574,0.692,0.739,,0.613,0.72,0.87,,1.124,1.223,1.005,0.718,0.471,0.383,,0.715,,1.546,0.851,,0.728,0.681,1.004,0.455,,,0.913,1.115,1.705,0.727,0.648,0.884,0.772,0.459,0.846,0.805,0.845,0.772,0.741,0.961,0.96,1.66,0.929,1.082,1.733,0.517,1.005,1.089,1.332,1.141,1.629,0.418,0.651,0.586,0.412,0.449,0.818,0.311,0.592,0.599,0.74,0.789,0.55,0.462,0.588,0.338,0.561,0.5,,0.383,0.408,0.762,0.754,0.835,0.715,0.508,0.479,0.422,1.002,0.56,1.525,1.275,1.65,0.687,0.982,1.316,0.828,0.911,1.022,0.577,0.436,0.946,0.581,0.721,0.854,0.731,0.642,0.615,0.704,0.201,0.538,0.524,0.431,0.556,0.227,0.283,0.198,0.525,0.508,0.945,1.317,,0.599,0.773,1.028,1.314,0.844,0.681,0.805,0.888,0.279,0.55,0.614,0.858,0.482,0.64,0.554,0.631,0.591,0.816,0.689,0.696,0.726,1.762,0.598,0.464,0.945,0.965,0.643,0.776,0.423,0.714,0.834,0.677,0.52,0.687,0.573,0.604,0.634,0.458,,0.616,0.486,0.724,0.475,0.542,0.635,0.601,0.622,0.72,0.273,0.885,0.837,0.615,,1.179,1.026,1.298,1.233,1.168,1.089,0.868,1.04,0.279,0.567,0.585,,0.63,0.272,0.266,0.195,0.426,0.491,0.391,,0.471,0.766,0.428,0.449,,0.037,0.138,,0.633,0.346,0.508,0.668,0.293,0.427,0.703,,0.458,0.458,0.093,0.325,0.179,0.231,0.4,0.39,0.664,0.216,0.32,1.176,0.482,,0.738,1.624,0.493,1.033,0.34,0.381,0.318,0.232,0.314,0.579,1.198,0.439,1.158,0.538,0.744,0.58,2.082,0.678,0.481,0.248,2.415,1.307,,0.647,0.286,0.758,0.549,0.532,0.397,,0.532,0.74,0.608,0.494,0.496,0.705,0.082,0.715,0.566,0.472,0.289,0.441,0.519,0.357,0.23,0.317,0.171,0.309,0.429,0.299,0.387,0.231,0.265,0.059,,0.312,0.189,0.473,0.123,0.657,0.562,0.461,0.633,0.65,0.919,0.549,0.309,0.232,0.269,0.232,1.463,0.887,0.871,0.505,1.473,0.743,0.068,2.113,0.907,0.473,0.262,0.887,1.291,0.832,0.783,0.554,0.507,0.447,0.714,1.077,1.492,1.361,1.641,1.439,1.418,1.354,,0.807,1.52,1.088,,0.802,1.191,1.052,1.045,0.898,1.247,1.807,,0.634,1.333,1.227,0.708,0.988,1.067,1.044,0.46,0.251,,0.582,0.466,0.645,0.411,,0.529,,0.233,0.764,0.975,0.455,0.92,0.997,0.768,0.664,0.583,,0.469,0.259,0.622,0.51,0.358,0.314,,0.92,1.055,0.388,0.873,0.715,0.89,0.743,0.744,0.964,0.672,0.799,0.623,0.805,1.156,0.616,1.334,1.67,0.568,,0.726,0.504,1.007,1.09,1.027,0.978,0.638,0.59,0.891,1.037,0.815,0.612,0.84,1.052,0.878,1.034,0.754,1.439,1.334,2.211,1.107,1.293,1.245,1.851,0.768,1.298,0.638,0.689,2.215,1.964,0.909,0.841,0.818,0.933,1.802,0.312,0.76,0.346,0.448,1.07,2.635,,1.364,0.587,0.811,1.671,1.316,3.003,1.707,2.603,1.777,0.169,0.45,0.479,,,0.46,0.688,2.008,0.337,1.323,1.168,1.305,1.414,0.87,0.881,,0.727,2.089,1.004,1.877,0.909,0.865,1.237,1.838,1.803,0.959,1.062,0.487,0.833,0.574,0.894,1.168,1.093,0.933,0.865,0.843,1.124,0.926,,0.616,0.828,1.141,0.199,0.605,0.346,1.383,0.572,0.717,0.725,0.637,0.755,0.543,0.541,0.659,0.643,0.813,1.183,1.737,0.766,1.711,0.761,1.893,1.279,1.23,0.878,0.629,0.687,0.667,0.48,0.714,1.984,0.823,0.884,1.43,1.947,0.792,0.811,1.201,1.97,0.256,0.565,0.802,0.707,0.946,1.085,1.633,,1.076,1.521,1.12,1.015,1.75,0.739,0.662,0.785,0.451,0.995,1.302,1.07,0.733,0.389,0.104,0.098,0.575,0.449,0.577,0.569,0.725,0.805,0.432,0.663,0.76,0.54,0.475,0.592,0.298,1.508,0.132,,0.206,1.735,0.894,0.916,0.502,0.614,0.503,0.953,0.921,1.355,0.753,0.828,0.961,0.914,1.124,1.033,1.19,0.795,0.664,0.509,0.51,0.573,0.39,0.566,0.445,0.268,0.276,0.575,0.3,0.488,1.116,0.923,0.814,2.712,,0.139,0.201,,0.321,0.153,0.317,0.177,0.791,0.912,0.531,0.752,0.421,0.229,0.771,0.088,0.586,0.432,0.201,0.766,0.447,,0.299,0.624,0.585,0.285,0.382,0.388,0.835,0.337,0.364,0.47,0.531,1.4,1.303,0.608,0.973,0.414,0.351,0.376,0.37,0.392,0.264,2.762,0.316,0.482,0.482,0.46,0.346,0.608,0.213,0.953,1.01,,0.575,0.228,0.211,0.214,0.963,0.709,1.137,0.423,0.362,0.417,0.492,0.4,0.461,0.343,1.476,1.737,0.464,0.35,0.493,0.711,0.591,0.321,0.398,0.267,0.557,0.077,1.412,2.492,1.056,0.259,1.044,0.534,0.546,0.429,0.842,0.775,1.373,0.838,0.625,1.141,0.895,0.843,0.783,,0.94,0.563,0.917,1.156,0.892,0.894,0.755,1.073,1.268,1.153,,1.321,2.189,0.585,0.86,0.508,0.69,0.668,0.451,0.663,0.604,0.665,0.814,0.772,1.097,,,0.075,0.439,0.213,0.59,0.441,0.276,0.381,0.683,0.5,0.408,0.529,0.732,0.855,0.836,0.583,0.48,0.898,0.577,0.46,0.447,0.607,0.426,0.464,0.154,0.423,0.563,,0.73,0.366,2.049,1.48,,1.731,1.645,0.906,0.372,0.458,0.841,,1.08,0.275,0.487,0.247,0.341,0.758,0.735,0.242,0.191,0.321,0.423,0.408,0.419,0.149,0.45,0.499,0.663,0.427,0.73,0.325,0.63,0.233,,1.284,2.282,0.973,1.816,1.509,1.536,1.487,1.223,0.716,0.688,1.902,0.669,1.669,0.043,2.054,2.823,1.456,1.148,2.013,1.53,1.38,0.677,0.824,1.354,1.289,0.86,0.874,0.41,0.75,1.457,0.928,1.07,0.764,1.607,1.095,0.166,1.249,1.711,,0.54,0.4,0.855,0.886,0.989,0.643,0.655,0.394,0.968,0.457,0.859,1.468,1.083,0.815,0.348,0.709,0.073,0.215,0.248,0.345,0.431,,0.419,0.888,1.055,0.788,0.712,0.732,0.975,,0.791,0.568,0.749,1.086,0.726,1.248,1.666,1.671,0.786,0.808,1.25,1.684,0.564,0.807,0.33,0.5,0.203,0.332,0.267,0.687,0.609,0.929,0.874,0.94,0.859,,0.61,1.03,0.899,0.692,0.624,0.427,1.313,0.734,,0.316,0.768,1.27,0.476,0.724,1.084,0.604,1.238,0.081,0.84,0.278,0.671,1.543,0.951,0.78,0.68,0.113,1.023,1.302,0.918,1.058,0.937,0.64,0.613,1.068,1.578,1.119,0.947,0.883,0.902,1.175,0.877,0.864,0.945,0.173,0.97,0.492,0.29,0.718,,0.907,0.207,1.036,0.703,0.632,0.838,0.609,1.545,1.227,1.501,0.939,1.283,0.487,1.153,1.001,0.71,0.532,0.453,0.612,0.828,0.663,1.237,0.777,1.337,1.668,2.328,0.734,0.512,0.377,0.322,0.586,0.597,0.732,0.566,0.106,0.625,0.877,0.734,0.642,0.24,0.347,1.186,1.293,1.122,0.82,0.666,1.339,0.859,0.474,,0.598,0.798,0.468,0.555,0.305,0.166,0.287,0.635,0.561,0.685,1.105,0.933,1.785,0.879,1.334,,1.046,0.833,0.876,0.385,0.51,0.533,0.364,0.976,1.129,1.154,0.548,0.208,0.229,0.342,0.959,0.949,1.668,0.734,0.53,,,0.792,0.577,0.621,0.518,0.1,0.16,0.561,0.732,0.639,0.599,0.661,0.929,0.765,0.663,0.612,0.474,0.588,0.124,0.124,0.126,0.152,0.125,0.844,1.152,0.859,1.18,0.972,0.591,0.374,0.762,0.864,0.795,0.784,0.042,0.46,0.897,1.495,,0.397,0.62,0.624,0.341,,0.137,,2.11,0.672,0.812,0.567,1.021,0.846,0.47,1.163,0.945,0.824,1.054,1.026,1.233,2.057,0.977,0.911,0.744,0.307,0.676,0.761,0.655,0.667,0.498,,1.015,0.819,1.085,1.086,0.482,0.056,0.709,0.707,1.482,0.519,0.616,0.927,0.252,0.083,0.256,0.277,0.296,0.386,0.342,0.499,0.205,0.185,0.227,0.204,0.239,0.26,0.49,,0.283,0.327,0.469,0.369,0.314,0.518,,2.032,0.829,0.237,0.048,0.556,0.461,0.472,0.308,0.38,0.312,0.219,0.292,,0.56,0.049,0.63,0.317,1.526,0.386,0.287,0.424,0.774,0.328,0.409,0.454,0.425,0.421,0.552,0.502,0.352,0.404,0.125,0.617,0.281,0.423,0.68,0.468,0.334,,0.852,0.132,0.686,0.323,0.198,0.927,0.127,0.423,0.527,0.294,0.403,1.048,0.521,0.607,0.589,0.181,0.428,,0.418,0.828,0.638,0.595,0.599,1.032,0.587,0.124,0.109,0.779,,1.748,1.295,0.843,0.73,0.241,0.268,,1.151,0.408,0.268,0.25,0.465,1.348,0.619,0.53,0.495,1.087,0.274,0.84,0.935,0.219,0.835,1.325,0.78,0.545,0.23,0.333,0.404,0.155,0.354,0.716,0.785,0.605,0.082,0.408,0.802,0.514,0.328,0.212,0.504,0.265,0.401,0.613,0.755,,0.839,1.463,0.61,0.544,0.561,0.314,0.325,0.514,1.216,0.155,,0.241,0.389,0.363,0.698,0.397,0.047,0.321,0.084,1.024,0.525,0.269,0.26,0.502,0.159,1.113,0.875,0.501,0.301,0.202,1.457,1.453,1.715,,0.281,,0.95,0.559,0.772,0.309,0.898,0.194,0.616,0.997,0.295,1.096,0.444,0.581,0.846
20160416,16,CO_24h,0.57,0.448,0.885,0.587,0.504,0.578,0.504,0.595,0.552,0.552,0.504,0.478,,0.936,1.031,1.43,1.306,1.033,1.274,,1.534,1.375,0.94,1.135,0.949,1.024,,0.614,0.991,0.501,0.715,0.922,0.399,0.599,2.143,2.054,2.461,2.853,2.627,2.554,0.762,0.87,0.806,1.179,0.968,0.878,0.622,0.786,0.712,0.653,0.648,0.627,0.636,0.437,0.88,0.118,0.359,0.331,0.483,0.607,0.509,0.638,0.423,0.498,0.523,0.632,0.565,0.767,0.773,1.253,1.049,0.914,0.579,0.512,0.607,0.719,0.609,0.798,0.922,0.502,,0.319,0.443,1.119,0.506,0.999,0.639,1.252,0.548,0.341,0.848,0.659,0.266,0.328,0.508,1.296,0.935,0.784,0.933,,1.216,0.692,0.941,0.876,0.763,,0.794,0.693,1.242,0.929,0.846,,0.634,0.858,0.732,1.063,0.347,0.939,0.804,1.03,0.749,0.863,0.663,0.853,0.703,0.711,0.866,1.064,2.126,0.81,,1.193,1.143,0.82,2.027,1.478,1.543,1.004,0.692,0.43,0.489,0.622,0.453,0.774,0.393,0.413,0.621,0.635,1.379,0.666,0.421,0.371,0.898,0.989,0.677,0.361,0.686,0.465,0.734,0.603,0.671,0.553,0.565,0.852,0.867,0.64,0.713,0.641,0.788,0.433,0.821,0.86,0.899,0.832,1.039,1.501,1.385,1.474,1.433,1.182,1.355,1.353,,0.758,0.878,0.97,1.252,1.387,0.705,1.672,0.781,0.478,2.249,0.731,0.614,1.132,0.742,0.624,0.686,,0.559,0.493,0.622,1.041,1.14,1.244,0.705,1.293,1.805,,1.786,1.118,0.639,0.711,0.872,0.829,1.661,1.278,1.872,1.704,0.595,0.66,0.322,0.46,0.436,0.691,0.76,,0.694,0.743,1.093,0.529,0.471,0.578,0.588,,0.466,0.58,0.717,,0.879,0.986,0.847,0.514,0.382,0.328,,0.665,,1.342,0.652,,0.882,0.674,1.016,0.41,,,0.755,0.758,1.302,0.753,0.617,0.812,0.564,0.362,0.575,0.778,0.838,0.72,0.626,0.906,0.92,1.477,0.864,1.04,1.681,0.619,0.508,0.988,0.993,0.974,1.144,0.603,0.901,0.793,0.864,0.692,0.892,0.452,0.843,0.922,0.863,1.061,0.814,0.835,0.913,0.688,0.899,0.828,,0.746,0.695,0.686,0.695,0.726,0.634,0.479,0.47,0.293,0.951,0.543,1.51,1.216,1.692,0.816,1.083,1.393,1.149,0.867,1.069,0.665,0.579,0.884,0.682,0.882,0.948,0.856,0.733,0.74,0.779,0.531,1.145,0.731,0.815,0.789,0.677,0.708,0.567,0.911,0.842,0.935,1.308,,0.732,0.853,0.959,1.269,0.826,0.748,1.19,0.933,0.385,0.695,0.638,0.947,0.515,0.699,0.658,0.646,0.657,0.829,0.772,0.654,0.708,0.875,0.634,0.446,0.874,0.969,0.592,0.777,0.405,0.701,0.842,0.76,0.519,0.686,0.933,0.594,0.709,0.623,,0.751,0.602,0.833,0.618,0.658,0.769,0.683,0.683,0.698,0.322,0.915,0.786,0.628,,1.09,0.953,1.14,1.118,1.1,1.041,0.833,0.927,0.332,0.583,0.529,,0.591,0.252,0.365,0.238,0.426,0.522,0.568,0.166,0.637,0.783,0.538,0.532,,0.23,0.238,,0.828,0.484,0.69,0.905,0.512,0.648,0.944,,0.646,0.547,1.291,0.683,0.307,0.386,0.445,0.492,0.746,0.468,0.455,1.253,0.518,0.167,0.749,1.698,0.518,1.117,0.352,0.781,0.411,0.194,0.495,0.549,1.465,0.746,1.454,0.723,1.093,0.846,2.357,0.812,0.667,0.464,3.006,1.492,,0.666,0.297,0.759,0.727,0.625,0.489,,0.873,1.184,0.686,0.656,0.604,0.775,0.409,0.891,0.559,0.59,0.731,0.568,0.659,0.367,0.354,0.692,0.642,0.869,0.905,0.733,0.836,0.715,0.713,0.77,,0.38,0.477,0.925,0.941,0.682,0.606,0.467,0.624,0.694,1.078,0.648,0.473,0.213,0.381,0.43,1.456,0.954,0.727,0.567,1.534,0.893,0.362,2.058,1.027,0.681,0.367,0.872,1.362,0.999,0.92,0.973,0.83,0.69,0.641,1.352,1.252,1.146,1.402,1.121,0.986,1.27,,1.09,1.437,1.402,,1.08,1.248,1.04,0.98,0.957,1.117,1.614,,1.185,1.279,0.803,0.595,0.658,0.963,0.755,0.544,0.385,,0.574,0.467,0.645,0.6,,0.751,,0.408,1.044,1.166,0.958,0.772,1.844,0.633,0.493,0.388,,0.423,0.732,0.581,0.885,0.684,0.692,,0.937,1.084,0.476,1.161,0.752,1.215,1.183,0.866,0.941,0.791,1.044,0.617,0.759,1.129,0.584,1.32,1.63,0.538,,0.748,0.512,1.216,0.972,1.264,1.045,0.729,0.711,0.926,0.833,0.841,0.62,0.824,1.012,0.835,1.163,0.74,1.318,1.302,1.07,1.179,1.228,1.253,1.261,0.76,1.307,0.531,1.052,3.377,2.919,1.191,1.178,1.186,1.121,1.704,0.418,0.711,0.438,0.51,1.05,2.883,,1.671,0.833,1.287,1.952,1.93,3.298,1.952,3.234,2.017,0.696,0.87,0.803,0.539,0.61,0.509,0.712,1.979,0.582,0.96,0.683,0.827,1.251,0.85,0.617,,0.843,2.061,0.632,1.86,0.715,0.945,1.29,1.69,3.064,0.892,1.059,0.501,0.943,0.762,1.016,1.234,1.269,0.782,0.655,0.69,0.815,0.709,,0.521,0.889,1.145,0.257,0.67,0.574,1.439,0.737,0.847,0.936,0.619,0.842,0.593,0.618,0.731,0.774,0.599,0.612,1.529,0.542,0.663,0.574,0.741,0.658,1.107,0.921,0.708,0.852,0.857,0.588,0.8,1.989,0.732,1.172,2.16,2.433,0.751,1.483,2.038,2.223,0.508,0.679,1.223,0.996,1.275,1.403,1.964,,1.333,1.801,1.574,1.25,1.894,0.8,0.741,0.856,0.489,1.09,1.434,1.157,0.803,0.797,0.525,0.622,0.928,0.736,0.885,0.838,0.959,1.045,0.604,0.868,0.915,0.762,0.575,1.157,0.701,1.663,0.514,0.092,0.437,1.815,1.772,1.03,1.276,1.357,1.049,1.665,0.914,1.295,0.791,0.913,1.086,1.113,1.283,1.189,1.447,0.987,0.744,0.547,0.609,0.957,0.704,0.592,0.569,0.445,0.398,0.662,0.356,0.557,2.648,1.371,1.326,2.386,0.027,0.346,0.31,0.076,0.466,0.277,0.445,0.304,0.965,1.066,0.706,0.849,0.412,0.413,0.85,0.358,0.811,0.523,0.722,0.866,0.597,,0.476,0.698,0.817,0.418,0.706,0.736,1.067,0.317,0.48,0.503,0.552,1.478,1.47,0.703,1.165,0.461,0.44,0.701,0.635,0.525,0.613,1.028,0.614,0.649,0.609,0.604,0.527,0.481,0.233,1.104,1.25,,0.542,0.461,0.712,0.44,0.872,0.774,1.022,0.392,0.404,0.674,0.529,0.542,0.707,0.655,1.179,1.3,0.511,0.352,0.44,0.227,0.594,0.356,0.467,0.347,0.701,0.165,1.565,2.7,1.214,0.405,1.221,0.691,0.566,0.454,0.829,0.778,1.299,0.79,0.468,0.983,0.732,0.702,0.625,,0.492,0.506,0.697,1.014,0.755,0.742,0.612,0.921,0.725,0.51,0.598,1.188,1.958,0.554,0.9,0.435,0.543,0.581,0.433,0.668,0.601,0.679,0.83,0.65,0.944,,,0.036,0.464,0.534,0.545,0.479,0.312,0.467,1.075,0.824,0.734,0.878,0.789,1.143,0.873,1.069,1.089,1.148,1.091,0.878,0.461,0.797,0.788,0.68,0.358,0.69,0.75,,0.657,0.437,2.113,1.731,,1.858,1.882,0.936,0.421,0.569,1.211,,1.263,0.343,0.376,0.349,0.697,1.014,0.863,0.304,0.277,0.403,0.586,0.478,0.511,0.283,0.583,0.595,0.791,0.428,0.641,0.319,0.605,0.183,,1.829,2.638,1.435,1.816,1.189,0.99,1.343,0.621,0.871,0.774,1.839,0.817,2.028,0.505,2.457,3.03,1.26,1.084,2.008,1.104,1.135,0.743,0.775,1.509,1.559,0.936,0.86,0.52,0.834,1.511,1.007,1.075,0.795,1.594,1.08,0.435,1.265,1.913,,0.651,0.659,1.117,1.027,0.939,0.664,0.52,0.315,1.004,0.431,0.832,1.314,1.177,1.083,0.648,0.938,0.239,0.282,0.319,0.41,0.472,,0.539,0.622,0.656,0.691,0.47,0.588,0.808,,0.692,0.506,0.698,0.983,0.574,0.985,1.381,1.382,0.842,1.208,1.42,1.834,0.543,0.783,0.591,0.818,0.671,0.559,0.279,0.664,0.428,0.768,0.743,0.784,0.788,,0.548,0.764,0.715,0.432,0.533,0.37,1.151,0.725,,0.444,0.968,1.522,0.651,0.391,0.795,0.28,1.173,0.251,1.008,0.423,1.071,2.381,1.478,1.522,1.033,0.184,1.127,1.36,0.979,1.1,1.406,0.918,0.768,0.74,1.202,0.852,0.746,0.718,0.679,0.787,0.647,1.027,1.601,0.931,1.715,1.303,0.745,0.765,0.624,1.606,0.602,0.591,0.771,0.734,0.807,0.643,1.39,1.043,1.425,0.786,1.141,0.102,1.176,1.029,0.762,0.781,0.753,0.707,1.097,0.78,1.338,1.033,1.391,1.696,2.284,0.963,0.55,0.455,0.417,0.645,0.686,0.763,0.671,0.272,0.676,0.922,1.038,0.934,0.566,0.621,1.699,1.632,1.74,0.917,0.753,1.415,0.923,0.712,,0.679,0.945,0.686,0.798,0.567,0.469,0.644,0.715,0.582,0.762,1.401,1.098,1.981,0.989,1.422,,1.19,1.01,1.038,0.567,0.723,0.858,0.621,1.08,1.352,1.6,0.777,0.489,0.652,0.576,1.175,1.217,1.77,0.772,0.538,,0.83,0.739,0.727,0.801,0.741,0.552,0.763,0.917,1.15,1.099,1.007,1.147,1.321,0.719,0.959,0.885,0.713,0.864,0.125,0.449,0.209,0.633,0.509,0.806,1.172,0.91,1.23,0.997,0.693,0.722,1.052,0.897,1.149,1.38,0.55,0.959,1.234,1.803,,0.76,1.487,0.908,1.614,0.153,0.267,0.513,2.146,0.807,0.862,0.568,1.068,0.91,0.531,1.379,1.03,0.864,1.17,1.091,1.24,1.613,0.901,0.986,0.836,0.582,1.108,0.833,0.689,0.991,1.072,,1.101,0.86,1.246,1.13,0.435,0.155,0.769,0.7,1.449,0.735,0.893,0.772,0.362,0.191,0.41,0.364,0.514,0.561,0.595,0.691,0.301,0.355,0.417,0.4,0.297,0.449,0.719,,0.435,0.366,0.549,0.478,0.591,0.359,,2.061,0.977,0.26,0.066,0.716,0.684,0.721,0.371,0.269,0.409,0.32,0.355,0.203,1.109,0.069,1.021,0.432,1.458,0.526,0.39,0.598,0.812,0.339,0.473,1.432,0.499,0.516,0.652,0.548,0.404,0.397,0.182,0.825,0.465,0.555,0.742,0.493,0.567,,0.861,0.18,0.74,0.351,0.328,1.14,0.113,0.358,0.648,0.32,0.467,1.052,0.627,0.732,0.858,0.482,0.705,0.265,0.747,1.626,1.281,0.548,0.47,1.333,0.858,0.11,0.102,0.806,,1.777,1.408,0.856,0.728,0.291,0.334,,1.981,0.493,0.333,0.272,0.489,1.583,1.038,0.865,0.687,1.179,0.445,1.033,1.079,0.307,0.97,1.334,0.883,0.788,0.364,0.403,0.451,0.655,0.465,0.878,0.983,0.66,0.483,0.653,1.213,0.429,0.328,0.277,0.66,0.412,0.715,0.484,1.487,,0.959,1.274,0.768,0.906,0.556,0.35,0.409,0.87,1.188,0.298,,0.331,1.236,0.352,0.748,0.407,0.186,0.742,0.24,1.117,0.634,0.326,0.298,0.571,0.671,1.454,0.958,0.309,0.459,0.642,1.512,2.024,2.563,,0.418,1.053,0.954,0.721,0.807,0.506,0.837,0.262,0.751,1.119,0.6,1.406,0.802,0.783,0.95
20160416,17,AQI,,,,,,,,,,,,,,87,84,69,100,74,88,,86,54,53,65,63,70,,47,55,42,47,65,55,71,89,78,89,88,81,93,50,68,61,66,64,65,81,99,84,35,48,160,53,58,119,41,31,44,64,26,34,47,32,34,48,51,48,66,48,74,77,73,96,98,91,78,81,144,48,60,,66,37,57,52,58,68,58,34,33,35,39,25,26,26,26,59,75,70,,60,65,63,72,71,,65,63,62,56,67,57,52,36,45,46,46,119,126,122,131,108,81,81,98,108,96,77,67,80,,95,98,105,138,100,105,65,118,48,43,45,50,53,56,52,50,50,31,26,30,30,46,26,37,33,33,38,37,60,41,50,33,37,59,33,36,33,42,31,93,68,72,64,64,48,65,71,59,66,67,40,,50,30,28,45,45,39,48,43,36,52,31,20,34,18,18,41,,45,67,18,41,42,48,35,53,55,,55,55,34,46,28,31,49,63,64,54,31,23,20,31,34,29,25,,74,30,28,29,36,48,46,,31,38,40,,88,86,60,34,41,29,,38,,56,36,,48,45,36,26,,,30,46,35,24,33,23,42,52,42,62,58,56,63,55,70,62,68,62,68,25,100,63,88,79,88,45,26,52,27,39,36,39,25,24,34,30,41,62,74,68,69,89,,99,70,29,33,24,25,18,36,26,23,33,83,82,71,70,71,74,73,78,57,31,34,30,38,33,39,34,39,40,45,39,48,40,42,35,36,39,35,38,39,53,66,,45,68,55,68,54,63,54,52,36,35,33,38,40,36,45,36,36,36,55,51,46,32,40,42,58,54,52,52,61,59,52,47,46,40,38,50,48,48,,42,51,45,45,48,49,51,51,49,38,55,58,59,,104,118,103,102,95,130,102,109,45,63,66,98,63,41,41,49,43,64,42,42,37,32,40,45,25,46,48,,40,48,39,38,34,35,46,,41,35,57,59,49,49,63,52,49,55,73,54,67,56,57,63,60,57,65,54,51,58,61,49,66,66,67,58,72,71,61,69,48,70,79,59,69,33,51,48,41,39,40,,70,71,69,60,69,79,56,60,64,62,56,56,68,56,67,38,31,36,40,41,37,40,40,37,,75,38,51,48,85,53,51,44,52,51,53,47,48,52,41,91,93,86,66,40,47,57,36,70,62,54,145,74,268,80,45,89,38,36,156,112,114,86,92,87,103,,124,124,93,,119,89,94,90,64,83,109,,53,97,73,77,84,98,105,25,28,,24,26,27,55,,40,,40,67,63,75,56,52,55,36,41,,20,31,25,33,39,36,,59,55,62,53,59,52,52,54,67,51,30,54,62,58,61,57,50,51,105,48,56,30,48,42,28,23,33,36,52,43,41,49,48,75,67,73,59,63,67,69,72,65,69,67,52,78,52,53,54,85,116,92,39,45,49,36,31,51,72,61,,80,101,59,71,42,53,53,58,49,68,68,73,37,53,51,46,36,64,56,64,64,63,60,57,,52,51,64,53,58,46,64,70,74,70,63,54,112,74,90,90,102,68,57,73,72,72,,50,41,80,47,44,54,61,58,108,70,68,70,52,49,53,34,24,24,24,20,54,42,60,53,25,34,36,25,32,41,37,43,23,64,74,70,67,71,57,68,72,49,83,63,55,68,63,,61,73,73,68,115,41,39,47,40,74,73,102,68,57,57,55,78,60,51,53,43,38,39,57,42,48,47,39,30,35,37,19,13,39,29,31,46,48,43,65,75,67,64,67,94,75,87,63,82,75,41,45,62,51,65,47,18,36,22,34,52,31,54,56,54,45,50,39,43,32,57,42,30,38,52,60,50,53,44,46,47,57,52,48,42,48,44,,42,69,57,47,69,77,52,66,66,61,62,54,58,60,67,60,59,61,65,73,63,57,59,86,81,80,77,168,171,129,32,,66,39,47,37,36,38,52,46,26,81,60,58,42,39,120,128,24,20,31,32,30,34,72,44,42,,42,32,37,43,38,49,19,26,22,25,20,26,59,42,71,44,51,,51,53,58,,53,53,16,11,49,48,39,32,29,16,10,22,13,48,53,36,37,38,34,56,51,,,46,53,38,35,34,38,36,71,72,82,68,54,54,64,65,43,63,70,56,64,35,38,85,35,34,60,,57,63,57,69,,53,47,79,51,62,56,,50,43,35,37,87,88,83,40,34,50,46,59,31,34,43,49,46,85,60,51,42,45,,97,105,134,95,39,60,48,54,79,99,82,73,99,97,99,101,82,92,79,74,75,46,53,58,66,90,76,68,67,52,47,54,36,35,42,42,30,29,79,52,58,41,84,46,26,30,27,73,46,62,63,47,68,84,45,24,29,16,23,22,30,29,85,64,36,58,93,67,,31,60,68,45,59,57,89,59,60,40,53,32,62,43,30,25,35,24,28,28,29,64,50,62,47,,39,60,69,98,67,60,46,63,,348,49,30,25,32,25,25,58,41,44,31,25,33,30,40,29,12,31,32,28,36,33,28,23,43,51,57,38,48,49,41,50,34,45,38,43,28,47,38,33,57,34,74,31,31,33,34,33,33,30,30,38,50,33,37,29,38,35,46,43,37,30,29,31,30,30,29,33,35,35,57,66,62,62,51,65,66,87,81,85,92,67,61,60,65,68,67,72,52,,60,76,48,63,55,69,54,52,39,55,28,40,62,42,33,,43,56,42,55,53,52,52,32,33,35,53,60,59,62,39,35,29,35,29,,34,34,31,38,39,35,33,33,30,30,35,32,23,62,35,36,39,34,38,43,39,29,37,35,33,39,44,50,35,36,28,34,36,40,55,39,39,32,,36,40,36,35,35,32,42,114,63,78,102,71,59,56,68,66,69,90,73,87,94,59,51,63,60,56,63,64,37,42,,78,71,100,98,60,50,43,68,35,38,18,43,37,38,40,38,35,35,37,33,33,40,43,43,46,40,49,,50,58,38,44,60,57,,45,29,29,38,34,30,31,36,40,44,43,44,64,42,57,49,35,42,41,39,41,40,53,91,70,57,38,45,40,40,34,33,43,40,41,50,53,36,,46,82,57,42,43,56,36,36,65,82,72,74,56,39,62,73,84,50,57,81,92,49,54,56,75,36,38,39,29,42,50,170,151,47,51,,108,36,28,33,29,43,46,44,55,59,62,53,57,53,51,48,53,50,43,32,44,34,54,70,91,37,39,37,40,39,40,39,37,35,34,33,29,,65,55,52,82,125,60,283,64,64,165,52,59,55,58,61,58,56,63,54,55,75,41,34,41,44,49,64,59,171,178,500,500,500,,127,154,35,40,51,43,30,33,46,52,38,53,22,71,50
20160416,17,PM2.5,,,,,,,,,,,,,,44,61,41,50,45,47,,22,38,34,32,25,49,,9,25,16,4,7,18,15,29,33,33,42,40,37,27,39,30,33,30,15,12,26,18,17,8,14,16,12,12,16,5,,24,7,7,23,12,12,9,6,3,12,9,26,31,41,54,27,35,17,12,27,20,9,,7,9,15,13,,13,6,3,7,2,5,7,5,7,10,42,42,51,,43,47,45,52,50,,47,42,44,39,34,30,36,24,28,27,32,63,85,76,59,60,36,47,52,49,57,56,48,59,,71,73,79,105,75,79,47,89,33,30,31,35,37,34,31,35,35,19,2,19,13,32,12,12,21,10,15,12,18,10,13,9,13,13,23,22,23,29,16,69,49,52,46,43,33,45,47,42,37,48,28,,12,21,18,26,31,27,33,27,24,36,5,5,5,9,6,5,,31,30,12,20,26,22,24,37,39,,39,38,17,32,7,20,34,45,46,29,15,12,13,9,7,18,10,,20,13,16,16,24,25,24,,19,22,19,,65,63,43,17,22,20,,2,,19,21,,19,31,25,10,,,18,22,20,3,10,9,29,35,24,41,40,36,45,,51,44,49,39,49,15,51,28,38,26,37,31,18,36,7,10,5,26,9,8,13,13,8,25,38,28,29,34,,38,36,4,11,11,13,8,10,9,12,7,38,37,41,28,37,46,,40,29,12,16,20,26,14,12,11,13,18,14,13,9,12,10,8,17,12,15,7,13,36,34,,19,36,39,40,38,26,32,28,25,24,21,26,27,25,24,25,25,25,31,30,32,22,20,29,31,35,29,29,37,42,32,31,21,28,26,35,33,28,,29,28,31,31,28,23,28,24,23,24,36,33,41,,78,78,77,76,71,86,76,82,28,36,40,73,33,5,8,11,15,10,15,8,4,14,6,12,,8,14,,6,4,12,10,7,7,10,,10,21,11,21,17,19,17,16,10,10,10,20,26,23,21,37,25,19,44,17,,24,20,15,24,17,12,24,14,17,14,10,18,18,58,17,5,18,23,16,22,6,21,,36,28,22,25,25,24,17,23,28,17,19,17,12,34,,9,10,11,22,10,7,12,10,10,,9,10,10,33,5,12,10,6,10,5,10,9,7,14,10,52,69,50,46,21,19,30,25,51,44,29,111,54,218,59,31,39,24,18,119,84,86,59,68,64,77,,54,51,42,,46,66,70,67,46,61,82,,37,72,47,56,62,73,79,10,10,,14,10,11,18,,22,,18,32,37,28,37,36,34,21,13,,7,15,3,16,16,19,,42,38,41,30,24,30,33,33,48,34,16,37,44,34,37,39,35,25,44,28,31,21,27,24,15,16,23,25,29,30,26,33,33,55,46,53,39,44,48,50,39,37,50,48,28,57,29,32,27,33,37,38,,2,5,2,9,12,25,17,,25,23,19,36,12,12,8,18,19,10,10,22,4,4,7,9,16,9,36,46,46,45,43,40,,36,25,46,37,34,32,46,44,54,51,41,32,84,54,67,67,76,49,40,53,52,52,,35,14,59,13,20,38,34,41,54,45,49,51,28,34,37,10,10,15,15,14,25,29,43,30,17,20,19,17,16,17,18,18,4,16,54,48,14,23,37,27,13,21,21,30,28,10,21,,9,53,1,31,87,20,15,18,13,19,23,27,18,14,13,11,19,10,13,12,17,3,24,12,2,4,12,4,4,24,3,13,9,16,12,7,23,25,22,29,55,39,42,48,70,50,64,26,60,55,22,31,22,24,21,20,7,14,12,12,11,7,25,23,25,24,1,6,1,2,33,24,14,15,29,5,10,22,10,27,16,40,36,33,1,5,10,,26,24,22,20,22,26,19,19,21,17,23,18,23,15,25,18,21,12,15,17,24,21,19,26,9,13,25,20,6,4,5,,20,10,10,11,5,3,12,13,12,36,25,14,20,19,91,97,9,7,7,22,2,1,4,1,,,19,11,4,5,18,15,5,7,7,9,10,16,12,13,13,20,30,,32,37,41,,24,30,3,5,34,33,27,11,4,4,4,10,6,33,37,11,8,11,14,25,18,,,32,37,8,11,16,7,6,10,15,16,11,23,18,46,33,17,24,19,28,46,16,23,16,4,8,22,,16,18,19,19,,1,19,58,30,17,8,,19,10,2,,54,65,61,19,22,26,21,23,12,6,30,34,32,20,6,13,16,31,,50,46,53,44,,36,23,32,58,74,60,46,42,47,48,38,60,68,58,54,55,18,20,33,41,51,52,49,47,28,28,35,21,24,29,24,21,2,50,36,41,26,62,32,18,21,4,53,32,44,45,18,49,62,31,6,10,6,16,12,5,9,63,45,20,41,69,48,,17,43,49,25,42,40,66,42,43,28,25,22,28,30,21,17,24,8,7,19,6,46,35,44,29,,26,30,50,73,48,43,32,45,,236,12,19,7,22,17,17,17,21,18,18,10,23,17,17,17,8,13,10,9,17,17,15,13,30,24,21,24,29,34,27,34,8,22,12,3,17,12,12,11,10,12,54,12,12,11,8,14,20,18,20,22,16,10,12,20,15,13,32,30,15,21,14,20,19,21,17,23,24,24,25,19,12,35,35,45,37,18,22,14,15,26,29,28,35,44,44,39,17,,31,13,14,45,24,20,29,30,23,14,5,22,38,29,17,,12,17,10,11,12,12,18,11,18,22,2,1,17,6,7,10,20,14,11,,13,22,13,14,14,16,21,9,10,9,10,14,7,,12,8,10,14,15,3,18,13,11,19,18,15,27,29,18,15,10,8,15,28,12,23,7,6,,14,7,9,10,10,12,13,52,45,57,51,45,35,31,49,37,50,67,53,64,70,42,33,45,23,23,45,46,15,16,,57,49,75,73,10,11,6,10,10,18,12,11,6,7,9,6,4,4,13,8,4,9,6,14,17,17,19,,12,15,15,16,30,27,,18,13,20,9,7,8,6,10,11,15,8,12,26,21,25,14,6,10,16,13,16,17,9,26,51,15,26,10,11,12,10,19,17,24,13,18,17,11,,15,27,36,9,4,17,23,17,27,23,52,54,33,27,32,45,56,18,26,40,48,23,28,28,,14,18,16,16,18,35,56,55,17,2,,16,21,19,14,16,14,13,13,13,10,12,10,11,14,15,13,14,9,30,10,17,8,12,20,11,17,24,4,14,7,9,7,10,7,8,2,6,,22,28,8,28,32,,53,23,13,41,18,20,27,20,28,30,20,16,16,17,40,10,8,,10,7,12,4,57,71,149,332,444,,47,47,8,8,,7,3,8,6,12,5,20,13,21,32
20160416,17,PM2.5_24h,,,,,,,,,,,,,,78,74,77,73,88,74,,70,86,86,85,86,84,,40,41,35,27,30,40,36,88,89,95,104,104,108,42,72,58,57,54,36,36,41,40,46,60,51,48,48,50,42,44,33,31,31,32,34,42,40,31,25,32,33,27,66,64,73,46,56,56,60,41,42,42,13,,12,18,17,20,22,20,18,20,27,15,19,28,16,21,26,43,42,48,,44,48,45,49,48,,53,39,36,33,33,25,35,38,32,37,27,55,64,54,54,51,40,45,53,41,54,52,54,42,,59,57,55,66,52,50,58,47,39,38,32,36,25,35,36,38,37,31,22,31,27,30,21,22,33,18,24,22,29,21,23,22,20,22,32,31,37,36,30,45,42,39,42,58,43,59,64,53,49,55,32,,31,28,26,31,32,26,31,28,28,33,20,21,22,27,21,24,,25,23,24,31,31,33,42,44,45,,46,47,21,37,22,29,45,50,43,47,24,20,17,25,17,25,24,,32,23,21,17,20,17,18,,15,20,19,,35,40,34,22,23,25,,17,,24,26,,39,37,36,16,,,25,26,31,33,35,26,19,25,22,33,36,34,37,39,37,41,39,31,35,14,48,39,39,38,39,36,30,52,19,26,8,24,15,24,18,22,13,67,60,58,52,68,,79,55,14,22,24,21,24,20,27,29,27,31,37,37,31,38,41,39,32,33,20,26,25,28,29,24,26,22,28,46,25,21,26,25,22,24,25,28,22,20,33,34,,30,34,36,40,37,29,39,21,28,29,27,28,26,26,32,26,24,28,32,26,35,26,17,28,30,29,25,29,26,33,34,37,23,28,24,30,28,24,,32,28,34,29,32,29,25,24,30,26,30,30,42,,64,60,60,62,59,62,65,68,30,37,45,47,34,6,19,12,22,16,24,18,17,15,15,25,18,19,20,,22,24,25,20,21,17,20,,17,12,11,31,21,31,19,22,24,24,19,28,27,21,24,31,27,24,26,15,21,24,77,17,34,19,22,17,22,20,27,8,22,16,41,20,27,19,27,18,28,12,13,,31,38,18,54,40,33,36,31,20,20,39,16,18,21,12,22,23,23,29,22,23,24,24,26,,17,20,29,43,26,33,30,34,33,21,22,24,18,23,21,41,46,45,39,30,31,30,34,49,75,49,68,49,89,59,41,42,36,18,108,76,76,64,64,72,60,,54,51,60,,64,58,72,76,47,59,69,,63,80,37,75,67,68,62,29,30,,23,20,25,45,,43,,45,47,53,52,44,51,57,40,34,,26,28,23,56,46,54,,27,26,27,31,16,35,29,27,39,28,30,37,38,33,33,36,34,25,36,30,28,26,16,18,30,27,29,23,23,24,23,30,30,34,39,47,38,36,38,36,39,34,44,38,25,34,28,40,37,52,50,56,19,21,14,20,22,30,44,27,,36,30,20,32,24,20,13,28,33,18,32,32,17,11,38,39,54,29,41,44,44,48,48,42,,41,31,41,45,21,38,37,35,49,38,33,27,101,61,75,76,82,40,35,47,41,43,,37,27,59,24,32,38,40,52,51,71,49,74,32,39,50,38,12,16,16,21,29,24,28,28,32,23,22,23,18,21,24,23,5,30,62,47,47,56,47,48,31,35,51,48,45,44,52,,47,66,100,56,95,31,28,33,32,17,23,35,15,38,40,37,34,38,25,26,26,27,41,29,24,31,29,36,43,43,41,43,26,35,14,15,49,65,58,71,51,36,39,48,83,70,70,57,75,69,24,32,19,25,26,25,10,11,13,11,10,7,37,27,28,23,12,20,15,16,26,21,17,13,16,27,24,30,14,23,16,37,29,24,10,19,28,,37,25,22,16,27,25,32,15,18,19,22,19,21,17,26,14,18,17,18,13,29,19,18,26,15,15,25,16,11,13,19,,19,22,28,27,11,6,22,14,7,33,29,25,55,59,83,72,27,22,24,33,18,21,24,28,12,,40,35,25,28,37,41,24,26,25,20,18,18,21,28,25,23,30,,31,31,42,,19,25,16,21,37,28,32,25,28,16,17,21,21,49,50,28,21,22,21,28,27,,,42,42,22,21,18,17,17,33,34,34,34,41,42,46,37,54,33,37,35,50,29,36,35,26,25,24,,20,24,19,21,,11,22,74,36,26,16,,21,20,19,22,65,83,75,30,23,39,38,37,28,27,55,67,64,54,50,23,23,24,,78,75,92,43,36,30,33,27,51,52,49,51,48,51,48,42,56,65,58,47,47,20,23,59,55,48,45,76,75,41,38,46,43,38,31,33,25,28,53,39,70,58,83,36,19,22,15,61,24,66,63,45,94,104,71,17,20,19,35,33,22,16,60,42,35,37,62,41,,32,26,38,19,26,45,63,47,40,42,34,33,29,30,54,45,41,34,21,34,6,46,39,50,51,,38,46,50,69,30,27,20,32,,93,44,37,19,33,17,24,66,46,42,53,79,29,29,28,28,6,19,19,15,20,18,14,13,30,32,30,20,28,28,24,30,9,53,56,35,46,39,34,46,44,44,30,26,29,27,23,15,24,18,24,21,24,25,21,27,41,42,56,60,44,26,18,15,18,18,22,31,31,28,65,36,36,35,48,45,53,30,36,31,26,26,28,25,35,37,38,36,19,,46,21,19,60,49,50,63,30,26,31,16,31,49,46,23,,15,23,15,16,20,21,18,19,26,37,24,17,25,13,13,16,24,18,24,,21,24,16,18,19,33,33,25,26,26,24,32,36,25,31,33,32,35,39,26,47,39,43,35,26,24,27,29,64,38,35,16,44,33,24,32,25,33,,34,25,33,41,14,25,29,51,44,52,48,46,41,33,52,42,48,68,45,57,61,46,32,48,67,74,45,36,43,62,,56,57,78,77,7,8,9,12,13,15,11,15,9,9,13,10,14,11,15,13,13,27,18,23,15,15,14,,17,7,16,17,27,10,,16,12,16,5,6,8,5,7,19,17,11,15,31,31,24,32,18,10,13,11,13,17,15,22,28,16,25,10,12,16,8,18,29,12,11,14,19,22,,33,28,23,19,19,15,15,14,40,43,46,31,32,35,55,67,74,52,46,47,99,25,26,30,,15,14,15,16,16,21,27,30,37,33,,50,21,16,20,17,11,33,19,14,17,21,18,16,8,19,10,13,11,24,14,18,13,19,35,14,29,30,10,17,26,18,10,14,11,18,17,7,,22,35,22,25,28,,46,41,21,38,25,27,30,23,31,28,29,27,21,48,75,28,28,5,14,15,14,22,39,58,86,115,188,,44,46,12,13,19,10,7,5,8,19,28,23,35,27,33
20160416,17,PM10,,,,,,,,,,,,,,123,117,87,150,97,126,,122,54,55,80,75,89,,47,60,42,47,79,59,91,127,106,128,126,112,135,50,85,72,81,77,80,111,147,118,33,48,270,55,66,187,41,22,44,78,24,34,47,29,34,48,52,48,81,48,97,103,95,142,145,132,106,112,238,48,69,,81,37,63,54,66,85,65,34,33,24,39,23,,25,21,62,99,65,,52,70,69,81,92,,59,75,68,62,84,63,54,36,45,46,,188,202,194,212,165,112,112,145,166,141,,50,86,,,73,83,107,,,,,,,39,39,49,61,54,,45,31,18,23,16,,15,37,27,32,38,37,69,41,50,33,37,68,30,36,32,37,28,,71,,61,78,40,79,91,,81,83,,,50,26,28,45,36,33,,43,36,46,31,20,34,18,18,41,,,83,14,41,42,48,,53,53,,54,59,34,,23,28,47,49,54,57,31,23,18,20,34,29,25,,97,29,18,29,36,48,46,,25,38,40,,121,121,59,34,41,21,,38,,61,36,,48,35,35,26,,,30,46,35,20,11,13,37,53,42,73,65,62,51,59,52,67,68,73,64,25,149,75,126,107,126,41,,47,15,,,,21,18,,14,41,74,97,86,88,127,,147,89,6,24,,25,18,,21,23,,116,113,91,90,91,98,96,105,64,31,28,30,30,33,27,34,39,30,14,39,35,30,35,19,28,31,30,34,39,56,81,,45,85,60,86,50,76,58,54,35,,33,34,40,36,45,27,29,32,59,52,34,24,40,37,66,57,53,53,72,53,54,47,46,38,34,46,48,48,,41,52,43,36,48,49,52,51,49,38,60,65,68,,135,137,152,145,134,149,148,166,45,75,81,73,76,38,33,28,43,31,38,41,16,28,40,25,,34,48,,22,10,24,21,16,14,19,,21,35,64,34,49,49,61,53,35,53,65,58,83,62,63,76,70,63,79,58,52,65,72,49,82,81,83,65,94,91,72,87,48,89,104,68,88,26,51,38,41,39,40,,90,91,87,69,87,107,62,69,78,74,62,61,86,61,84,27,30,36,25,21,27,22,39,22,,43,18,51,36,119,55,51,44,54,51,56,47,48,54,41,132,134,121,81,40,42,64,35,,53,58,,80,,78,38,127,38,36,,101,134,121,100,98,85,,198,198,135,,188,85,93,89,59,78,105,,56,116,96,59,104,86,108,18,,,19,15,21,59,,38,,28,83,75,99,62,44,59,36,41,,11,,9,26,24,28,,58,60,73,56,68,54,54,57,59,52,30,58,73,65,72,64,47,51,57,48,61,26,48,42,28,22,27,35,53,42,41,49,48,75,83,80,68,75,77,76,93,79,85,72,54,88,53,55,57,119,181,134,39,45,49,36,26,51,94,72,,110,151,68,92,42,55,56,65,49,86,85,95,28,55,51,46,36,78,62,75,77,76,70,59,,41,52,67,49,66,,54,89,94,64,75,58,91,,,86,91,72,61,82,76,78,,50,41,66,47,44,45,71,45,166,89,52,63,54,46,52,30,24,24,16,17,57,,49,56,,34,36,24,32,41,37,43,8,78,70,89,83,92,64,86,94,49,115,76,59,85,75,,72,70,95,86,,37,32,47,34,98,95,154,85,63,63,60,106,69,52,55,43,38,28,32,23,36,13,17,18,,,,13,39,16,8,46,35,31,80,80,83,78,68,104,100,83,76,100,75,41,41,39,51,38,45,13,36,22,26,54,15,58,61,57,45,6,15,15,,63,42,14,38,54,55,50,55,44,46,42,63,36,37,42,10,25,,34,87,63,21,88,103,53,82,82,72,73,58,66,70,83,70,68,71,80,96,76,63,67,122,111,109,104,285,292,207,24,,81,39,47,37,24,25,53,46,26,112,70,65,42,27,157,168,11,14,10,,10,8,94,5,17,,32,24,6,11,,49,14,15,15,,,,67,42,47,44,51,,51,52,,,56,55,16,10,38,42,37,32,12,9,7,22,9,41,39,36,37,38,34,61,51,,,,,29,21,,20,25,92,93,113,85,58,57,60,80,40,76,89,61,56,17,38,119,35,24,69,,63,76,64,88,,56,47,87,52,73,62,,50,43,26,37,124,120,113,40,34,50,46,67,26,34,,41,,120,69,51,42,42,,143,159,218,140,39,70,48,57,90,81,106,96,148,143,147,152,82,132,104,82,87,46,56,65,82,129,101,78,84,54,47,58,36,31,38,42,25,29,107,53,,41,88,40,,27,23,58,46,46,,47,59,,37,23,,16,22,22,8,29,87,,24,45,78,,,31,49,76,45,53,,,,50,32,56,,39,37,,23,,24,16,,14,50,46,,47,,39,69,67,,,49,,54,,458,49,30,25,27,25,20,66,41,44,31,25,23,22,40,23,,,,12,36,33,28,23,42,52,63,34,48,41,41,50,28,,22,10,19,19,38,18,63,34,,,14,13,8,23,30,28,,38,50,22,23,22,26,35,38,,24,28,23,26,30,30,17,,,27,63,81,73,74,52,80,82,124,112,120,134,83,72,70,80,85,84,94,53,,69,102,48,51,59,87,58,54,39,59,28,40,73,32,33,,43,62,42,59,55,54,53,32,29,35,56,69,67,74,21,15,22,25,26,,34,29,31,26,39,35,33,21,15,19,16,27,23,73,21,27,39,27,,43,21,22,22,23,28,39,44,50,27,20,25,25,25,32,59,39,39,29,,,16,18,17,20,26,31,66,71,75,79,92,67,61,77,82,77,107,80,75,107,64,52,65,70,61,59,64,36,42,,103,92,92,137,70,50,38,85,35,25,18,26,24,13,24,20,11,13,14,12,11,18,13,23,36,39,49,,50,65,38,44,70,63,,45,13,,31,34,30,12,32,24,43,37,27,78,37,63,49,35,27,27,28,31,38,55,131,55,64,27,26,23,25,26,33,43,40,37,50,55,31,,46,113,64,34,43,62,36,36,79,61,82,95,61,39,74,95,118,43,64,112,97,49,58,62,72,36,38,39,29,40,,290,252,47,52,,166,36,,33,,43,46,44,60,68,73,56,64,56,51,48,55,50,,32,44,26,57,89,132,37,39,24,40,39,40,39,37,35,28,31,29,,80,60,53,113,199,69,408,77,77,279,54,68,59,65,72,66,62,75,57,59,51,41,34,,44,49,77,68,291,305,617,1593,1733,,204,258,35,39,52,43,22,,19,54,38,55,22,92,50
20160416,17,PM10_24h,,,,,,,,,,,,,,141,148,137,135,153,132,,152,149,162,141,120,143,,67,87,71,63,72,82,112,201,186,223,192,199,204,92,121,118,130,132,76,90,113,103,99,134,129,149,152,131,159,132,168,169,149,92,122,99,114,96,108,87,108,92,120,132,122,123,123,110,89,90,108,55,56,,44,46,41,45,45,79,63,133,117,112,119,110,145,105,103,74,101,89,,94,91,89,89,106,,102,107,80,68,85,69,80,74,76,79,48,129,127,109,108,95,83,81,99,96,115,72,73,80,,76,86,79,97,68,71,77,67,82,65,68,72,51,63,60,74,65,83,69,77,74,71,60,75,86,68,55,65,73,49,61,51,55,51,61,66,71,65,62,84,84,73,72,138,96,124,106,137,130,120,72,,84,75,55,78,58,63,62,68,68,66,68,67,74,69,53,75,,73,73,58,84,87,94,104,90,92,,89,94,42,80,56,57,93,86,92,68,47,34,25,47,31,60,50,,66,47,41,46,35,39,42,,23,36,48,,76,81,52,44,44,46,,53,,58,47,,79,62,52,38,,,35,43,41,54,52,39,31,43,45,72,84,86,72,75,74,89,80,72,78,24,76,62,76,70,89,48,42,71,41,48,37,33,42,45,34,35,44,128,158,140,127,129,,142,137,45,51,41,50,39,51,46,69,87,76,69,69,67,76,71,79,66,60,39,50,53,55,48,42,54,49,53,10,52,33,42,41,34,49,45,49,33,38,50,54,,51,61,49,69,49,55,55,44,43,54,44,44,45,38,51,55,35,44,57,44,62,42,33,38,52,52,50,49,44,45,67,48,39,35,36,33,48,45,,47,47,48,45,46,47,46,44,49,44,53,54,60,,98,98,105,102,100,115,132,130,46,63,69,77,62,24,29,27,30,24,35,39,26,28,36,31,26,33,32,,37,32,47,34,33,29,33,,34,18,54,71,66,57,74,60,61,72,79,49,56,50,53,57,66,56,110,81,59,61,157,50,75,56,51,41,57,56,63,54,38,52,68,42,40,35,45,35,48,31,25,,59,74,70,114,117,106,98,95,59,73,80,43,71,77,60,38,45,48,53,40,37,40,46,43,,60,35,86,61,150,149,161,133,139,127,122,103,106,97,109,118,98,94,79,54,53,54,48,108,98,87,115,118,127,127,79,82,54,28,161,128,154,132,107,118,102,,154,148,164,,143,133,134,138,79,106,127,,113,126,134,115,130,124,118,71,94,,46,47,52,85,,82,,97,115,98,119,112,135,115,68,71,,50,67,63,135,110,119,,37,36,43,39,39,59,50,38,45,45,46,54,51,54,50,52,46,46,50,41,56,30,26,30,46,35,39,27,30,34,41,47,45,51,56,64,53,55,54,52,53,52,58,47,35,56,50,77,72,115,124,131,114,91,101,73,75,88,81,84,,97,73,41,79,30,34,38,53,59,52,78,82,42,35,224,215,198,183,76,80,84,99,91,73,,82,86,73,79,64,65,59,76,95,60,60,56,124,114,124,129,124,59,51,65,62,63,,50,46,66,45,47,36,75,71,97,129,60,91,56,60,72,56,29,24,30,31,55,56,59,65,59,52,40,39,31,38,41,37,10,73,106,102,60,89,98,88,80,49,112,76,55,68,86,,76,110,150,101,132,63,67,59,71,45,50,97,39,69,74,75,70,80,54,50,45,53,54,62,47,49,38,57,88,59,92,44,50,57,30,22,67,103,88,127,67,71,71,76,99,106,89,88,111,89,50,47,35,49,48,46,14,25,20,18,24,13,86,50,89,50,21,30,25,21,41,40,35,31,50,62,42,49,30,37,30,54,40,34,58,30,39,,51,60,59,45,56,64,47,43,50,54,51,52,53,50,69,39,44,55,46,46,49,57,46,61,55,59,72,94,108,103,60,,94,90,139,99,22,21,61,36,33,140,138,147,113,119,139,152,69,48,40,54,36,43,84,54,86,,75,72,63,72,101,102,52,57,52,45,44,47,61,56,59,73,70,,63,73,69,100,59,78,53,69,74,66,76,69,52,36,38,53,52,62,62,65,59,57,51,61,53,,,63,63,43,33,36,33,34,76,77,84,76,79,72,70,64,100,51,68,77,87,45,74,103,63,60,43,,33,49,46,43,,46,33,80,64,70,39,,33,87,79,95,139,137,144,47,43,127,123,134,107,117,69,85,76,318,271,66,58,53,,189,146,181,136,43,67,64,78,97,90,113,101,143,134,135,146,83,139,108,70,73,43,49,91,82,120,79,101,100,60,54,62,60,55,48,57,31,37,74,53,113,76,105,46,29,46,28,64,50,78,65,85,105,187,82,34,27,38,53,54,51,26,96,112,58,82,136,84,,56,52,57,51,70,142,154,130,74,95,65,68,45,55,92,64,64,54,30,37,16,92,73,80,80,,81,82,105,121,64,58,40,55,,157,97,91,51,42,29,26,60,50,58,41,27,50,48,46,43,12,29,24,26,26,28,28,23,41,50,47,35,49,40,43,39,33,78,67,67,89,70,80,72,95,80,31,45,46,42,39,22,33,29,30,39,29,35,29,31,79,85,79,83,69,34,25,25,22,22,32,34,40,38,83,79,93,74,81,82,94,112,108,129,131,58,60,54,66,70,68,68,46,,78,89,58,103,106,124,124,62,54,70,43,54,96,61,57,,46,54,37,42,56,47,44,39,45,60,52,50,50,60,33,32,41,50,40,,43,37,33,30,42,55,50,44,47,46,41,53,48,49,48,48,50,51,,50,88,65,65,43,44,58,54,46,94,53,62,23,61,45,54,55,57,47,,53,52,53,68,26,45,59,69,66,63,66,78,60,65,76,70,72,98,73,87,94,61,49,74,112,119,62,61,68,96,,93,98,100,125,45,39,24,46,41,30,23,37,24,19,22,18,24,20,21,23,24,40,37,42,25,34,37,,32,46,28,33,56,31,,36,22,32,14,17,21,12,31,43,33,38,36,55,48,75,58,71,21,23,21,32,38,37,75,71,57,45,28,25,31,38,50,77,26,26,50,45,36,,66,95,53,54,44,37,27,24,86,113,80,65,55,53,88,116,174,94,88,155,152,41,57,53,64,26,27,27,33,53,,209,102,73,58,,163,39,34,45,,26,52,34,34,83,89,84,94,22,34,23,43,36,42,44,31,27,39,40,49,55,56,33,43,64,55,32,33,31,37,38,15,,50,53,61,86,74,131,192,79,82,110,81,94,82,85,93,87,80,121,93,238,199,148,129,20,58,60,63,102,182,230,212,476,556,,155,149,43,38,52,40,15,14,23,65,65,60,45,57,53
20160416,17,SO2,,,,,,,,,,,,,,8,12,5,15,8,17,,8,2,8,9,8,12,,3,8,3,9,8,6,15,36,28,20,18,32,20,3,8,13,8,6,21,13,17,20,8,7,6,3,2,2,3,2,9,3,4,5,7,7,5,13,1,3,1,3,9,10,31,9,23,9,7,9,27,38,16,,6,2,8,7,7,9,8,10,7,4,11,7,1,7,8,5,29,13,,10,16,10,9,20,,7,3,8,9,10,6,8,3,10,9,4,16,13,10,10,9,6,7,7,12,11,12,15,37,,9,14,36,14,14,14,14,20,14,13,12,13,14,12,15,13,21,9,9,10,12,11,3,12,5,9,11,8,12,8,9,10,7,10,20,16,24,18,14,14,9,15,17,23,11,11,5,73,20,114,6,,52,21,8,9,8,6,6,8,8,14,6,8,13,7,11,9,,13,14,35,4,2,8,17,15,11,,14,6,7,6,13,7,24,17,3,10,5,7,9,6,4,3,8,,5,5,6,6,9,13,9,,7,12,10,,39,77,24,10,8,6,,8,,9,10,,6,8,5,4,,,13,26,6,4,3,13,8,9,15,8,11,3,5,6,4,3,7,3,8,3,5,7,7,4,6,8,4,13,2,3,3,5,7,4,4,5,6,13,11,16,7,22,,16,17,21,11,29,13,34,21,17,16,3,19,17,19,17,18,18,15,20,23,3,3,4,7,2,8,5,6,9,7,6,11,7,5,10,16,8,9,8,7,4,7,,11,12,9,25,4,9,19,13,6,3,5,8,29,7,16,5,20,19,9,8,3,5,2,9,7,7,3,8,7,8,1,4,2,12,4,6,8,5,,4,5,6,4,7,8,4,7,7,5,12,19,13,,7,11,12,11,5,10,10,10,5,6,6,5,14,10,9,7,8,4,5,9,9,14,6,7,3,10,9,,11,14,5,8,5,7,4,,8,9,7,4,6,11,13,8,9,8,6,10,7,10,10,11,15,13,6,7,7,7,12,7,14,7,6,8,5,8,9,9,5,4,12,6,11,3,2,5,4,2,5,,12,3,20,34,14,25,24,15,12,3,8,8,13,6,1,5,11,13,24,12,4,4,10,5,,13,5,7,11,5,7,7,6,8,7,10,5,8,3,4,12,11,11,8,26,9,15,15,16,13,9,20,19,11,18,13,45,9,8,15,10,10,7,16,20,13,,11,15,13,,13,12,11,8,16,21,36,,17,47,13,2,17,18,25,9,12,,8,1,13,27,,5,,5,19,37,8,6,2,8,13,5,,8,3,6,12,41,11,,30,18,10,3,11,17,8,4,6,8,18,3,9,10,4,11,8,10,6,3,3,4,5,11,8,8,10,3,3,8,3,3,3,12,11,13,18,23,14,6,2,15,16,25,23,4,13,6,7,14,13,15,10,14,9,12,13,8,19,15,,22,10,2,5,2,3,5,48,5,10,8,16,19,6,9,8,6,9,7,11,17,10,15,8,,,25,15,22,18,16,9,14,29,24,13,9,23,51,22,24,34,16,12,16,12,14,,8,7,7,39,7,13,9,23,14,16,6,19,14,7,5,18,6,6,48,9,21,8,34,20,4,7,10,8,10,13,11,14,8,18,23,15,20,12,23,12,12,20,17,14,19,11,11,,12,26,21,24,31,16,27,13,20,16,14,16,16,8,12,2,25,14,13,22,24,8,31,10,3,2,21,7,10,8,13,19,1,9,3,3,11,10,8,9,7,6,9,3,9,8,7,12,14,8,1,2,16,13,11,7,7,25,9,13,16,6,25,12,20,11,4,3,7,5,9,10,6,5,10,8,13,7,6,4,5,4,8,4,10,1,5,,4,16,14,9,1,10,8,10,12,10,11,8,4,7,8,6,6,5,4,6,6,5,6,20,8,9,17,3,3,6,5,,31,11,18,5,2,19,2,4,4,3,3,6,8,16,15,18,4,9,7,4,10,9,4,4,6,,7,12,24,29,7,5,4,20,13,9,1,17,11,9,13,14,17,,,15,12,,16,13,6,12,24,13,9,5,3,1,6,6,2,14,18,4,1,5,6,20,21,,,3,3,7,13,12,13,9,11,9,16,12,10,8,6,36,30,35,31,28,36,10,26,5,4,8,11,,15,4,3,7,,16,21,5,17,4,8,,11,2,3,6,9,8,4,3,2,3,5,10,19,37,5,5,6,15,4,24,6,6,,123,10,19,19,7,10,5,10,10,9,10,8,20,9,22,11,14,11,3,101,16,2,3,10,5,6,5,8,4,8,11,13,7,11,33,10,4,5,2,2,5,7,7,3,3,9,13,4,3,4,7,4,17,15,24,13,16,34,14,7,18,76,6,44,29,5,25,10,,51,5,4,11,11,9,15,31,10,5,10,9,234,6,10,3,7,16,23,7,6,6,5,6,27,,7,5,9,24,7,3,8,9,,6,15,6,3,15,13,15,9,6,10,9,7,12,8,11,12,3,2,5,5,8,9,8,7,3,8,7,2,2,1,5,1,12,9,12,18,8,1,2,5,6,12,2,9,42,16,11,29,11,8,21,8,1,4,5,6,4,3,6,1,14,6,7,4,12,7,4,2,6,33,64,18,21,22,27,38,28,8,9,6,9,20,21,18,12,,22,17,28,,44,28,14,29,26,22,3,8,20,79,2,1,1,5,1,,10,18,17,4,4,5,4,6,6,4,19,29,8,7,5,6,1,1,8,,6,1,9,8,11,7,9,6,6,6,6,3,18,9,14,9,11,12,2,3,5,,11,7,6,11,7,22,3,5,2,3,11,,12,9,9,5,,9,53,13,7,7,8,7,7,7,2,4,12,3,3,12,14,14,16,6,90,17,10,20,13,7,8,17,13,7,23,,24,14,11,22,13,6,11,17,8,13,4,10,3,11,6,4,4,5,5,6,2,8,5,6,32,4,3,,3,17,4,29,5,12,,6,11,3,3,5,9,1,16,22,11,17,23,4,3,9,7,18,8,6,5,10,30,8,8,12,6,7,13,7,3,9,42,10,18,18,25,10,10,,17,3,2,7,15,9,12,4,4,15,7,11,20,20,5,12,21,9,8,6,12,9,8,8,6,17,8,15,14,6,7,3,6,9,4,,58,6,8,10,7,7,5,4,8,1,1,1,3,5,11,4,2,1,20,7,13,7,9,5,5,9,12,10,7,20,9,4,6,3,4,8,10,,8,21,9,10,20,9,11,18,1,26,13,2,28,6,37,20,8,6,7,1,5,3,3,,2,1,14,12,2,4,2,4,8,,6,14,1,7,3,6,3,1,14,12,7,9,9,5,13
20160416,17,SO2_24h,,,,,,,,,,,,,,17,22,17,25,15,24,,20,15,17,23,12,20,,15,16,15,21,17,13,24,66,54,54,57,66,71,16,25,13,15,16,19,13,15,127,16,18,17,12,15,17,5,5,10,3,5,13,13,17,11,16,11,9,10,9,44,13,37,14,32,14,12,13,33,42,11,,8,13,10,8,6,10,16,11,9,12,14,7,2,9,9,11,49,27,,23,23,22,22,27,,16,8,18,8,7,5,11,3,16,16,4,29,15,14,10,12,8,10,10,18,16,23,21,30,,14,36,31,25,30,15,29,19,12,11,11,10,10,10,10,11,19,15,15,16,15,16,4,16,12,8,15,11,18,12,9,17,11,12,19,21,29,18,14,17,16,24,24,32,27,28,10,49,21,129,12,,60,27,12,12,15,9,6,11,11,12,11,11,23,16,13,14,,22,19,31,6,10,20,26,23,15,,12,12,8,10,14,8,37,27,9,17,5,5,9,15,3,5,7,,14,5,5,7,8,10,8,,7,10,13,,10,16,13,10,9,6,,18,,13,12,,8,6,4,7,,,13,20,7,13,12,15,11,10,22,13,14,25,10,11,14,10,12,9,15,3,5,8,6,2,5,6,5,13,8,6,11,9,14,15,9,13,12,19,17,17,15,29,,23,20,20,10,24,9,33,19,13,13,8,17,14,17,10,6,18,11,17,14,7,4,5,8,6,9,5,8,9,15,7,11,7,5,10,16,7,11,8,6,4,6,,11,12,12,24,5,7,20,8,6,3,5,4,19,7,14,3,9,8,10,7,6,5,3,14,8,11,4,16,7,8,5,5,3,13,10,7,10,5,,4,5,6,4,8,8,4,6,7,2,16,29,12,,7,11,9,10,5,10,8,9,5,5,6,5,11,7,6,9,8,4,9,11,12,8,8,9,8,10,8,,11,13,6,10,10,8,7,,11,10,8,7,5,9,11,5,18,11,6,20,10,56,17,13,18,17,7,9,6,6,15,7,19,11,8,14,7,12,10,10,8,5,13,8,11,4,4,5,5,3,7,,13,6,21,29,12,17,25,15,10,2,14,6,8,4,7,11,16,20,28,24,13,23,16,11,,15,5,44,10,6,7,5,7,8,8,18,11,9,4,9,18,22,15,14,23,12,17,13,23,21,11,11,13,11,20,20,20,11,8,30,23,25,6,16,20,10,,24,21,21,,20,44,38,33,18,34,40,,24,30,15,13,20,17,30,12,11,,10,4,17,21,,7,,9,25,44,26,37,10,34,10,5,,14,6,8,25,55,25,,26,12,9,10,11,23,10,3,9,8,21,2,13,9,4,11,8,11,3,3,6,3,3,8,8,8,10,4,4,8,3,3,3,7,7,11,14,15,11,10,9,6,11,23,24,3,19,28,30,20,25,25,12,16,11,13,15,11,22,19,,23,14,11,7,8,3,9,25,10,43,19,21,32,10,12,9,7,10,8,12,18,21,22,12,,50,25,10,18,8,22,13,21,102,22,10,9,51,103,35,45,56,15,11,16,12,12,,9,9,10,21,6,14,10,36,19,22,6,11,14,10,6,15,8,7,40,10,8,4,11,9,7,34,33,32,32,44,31,62,28,29,28,28,28,17,28,15,19,19,19,17,29,11,11,,13,29,22,13,33,17,28,12,12,21,13,19,15,8,10,3,21,12,17,15,36,6,22,19,5,5,30,12,15,8,14,18,3,8,4,3,19,31,26,17,14,6,9,8,13,10,32,13,18,9,1,2,14,13,16,7,8,22,12,9,12,11,77,30,59,18,4,8,7,7,8,8,6,6,12,9,15,9,6,4,6,13,18,5,6,4,2,,2,24,30,9,6,9,7,5,9,7,11,7,3,6,7,4,4,5,3,6,10,4,4,20,5,10,13,4,4,5,23,,19,36,108,49,2,16,2,3,2,8,3,5,14,20,24,29,5,6,6,2,10,11,5,6,12,,10,9,16,23,11,10,5,20,14,11,2,17,13,12,17,12,14,,12,15,14,32,12,10,7,13,21,14,14,17,10,6,9,10,6,12,15,14,4,9,10,17,16,,,5,4,7,12,12,11,7,16,16,25,14,9,12,7,18,24,17,18,13,12,23,39,24,16,23,14,,18,9,4,9,,15,14,12,27,16,10,,12,9,7,19,23,22,23,3,2,16,13,15,23,34,7,7,23,15,6,23,5,6,,33,28,48,18,6,7,6,11,24,15,17,19,24,12,23,10,17,17,14,34,20,3,5,28,18,11,7,8,4,11,12,9,12,11,35,11,6,4,3,2,5,9,9,3,3,5,14,6,2,7,10,4,13,21,29,15,21,39,18,8,19,34,13,36,29,6,36,12,,22,11,15,23,16,7,26,31,40,43,60,11,80,28,28,10,6,22,22,10,5,10,9,8,27,,13,16,17,21,13,5,11,9,,8,23,10,6,15,15,10,6,6,9,16,18,22,20,16,16,2,3,12,6,7,9,7,7,2,6,6,1,5,4,4,3,8,16,26,27,25,24,15,34,36,36,3,39,97,38,33,11,9,5,20,7,3,9,16,16,9,8,9,17,26,13,8,4,6,9,21,32,36,49,31,22,23,19,19,37,28,15,18,22,14,21,23,15,13,69,28,22,28,,44,24,16,33,33,36,17,16,21,40,9,2,12,7,2,,8,15,18,9,6,16,7,10,38,23,27,17,20,7,7,8,3,6,11,,5,4,5,4,8,7,8,12,10,9,11,8,7,11,22,21,31,22,5,49,17,16,15,3,5,6,4,14,32,13,25,9,16,,6,14,16,26,,14,60,17,13,5,9,9,9,8,5,6,11,3,3,14,12,16,29,11,28,16,15,42,56,9,11,18,11,5,11,,22,51,9,12,11,12,10,9,8,11,4,11,9,16,12,8,9,10,11,15,2,13,8,10,28,18,13,,8,13,4,32,6,5,,5,6,3,2,5,7,2,22,26,11,24,38,6,2,10,8,19,13,10,7,12,31,9,7,22,7,8,17,13,13,9,23,18,14,15,34,10,7,,16,6,6,6,17,9,13,3,3,15,6,11,36,30,27,28,36,16,14,7,10,6,11,8,7,14,7,17,6,4,8,4,6,12,5,,24,7,9,11,7,12,5,6,5,3,6,5,4,4,14,6,2,2,8,4,11,11,10,5,5,11,16,9,7,15,9,4,8,4,5,9,5,,12,20,15,12,21,11,9,21,1,30,10,5,34,4,22,6,8,13,8,2,7,2,3,,4,4,11,13,4,6,2,9,13,,8,12,4,11,5,6,3,7,12,8,12,53,13,14,14
20160416,17,NO2,,,,,,,,,,,,,,28,24,19,30,25,27,,30,35,32,24,34,27,,15,22,9,15,13,3,4,68,73,36,49,58,53,19,41,67,56,57,26,21,13,31,15,8,18,10,3,17,9,14,9,6,18,8,10,5,6,5,19,11,6,15,29,39,40,14,11,25,26,23,23,21,14,,4,2,14,10,11,5,14,8,20,8,2,8,23,9,8,29,38,33,,32,56,45,44,52,,41,37,40,38,51,68,43,19,17,26,16,71,57,79,32,49,16,12,18,19,33,25,34,46,,85,74,45,30,65,63,26,51,57,49,42,47,42,45,38,41,30,8,23,28,29,31,38,31,15,29,31,34,34,33,35,32,44,36,43,56,47,53,62,41,47,21,56,36,28,14,29,23,35,17,21,,19,19,32,49,21,34,45,42,32,42,34,22,38,30,23,30,,33,32,36,42,17,30,17,18,42,,24,33,24,29,26,22,40,65,35,41,23,28,14,23,4,21,24,,2,19,14,24,21,31,48,,12,40,33,,79,98,70,23,14,19,,20,,25,35,,18,19,17,29,,,29,27,18,11,10,18,54,35,31,23,29,13,13,24,48,29,32,17,29,8,82,75,76,60,81,20,17,39,18,8,5,4,15,21,9,18,17,22,18,18,25,9,,38,2,23,23,,40,14,15,19,25,19,49,71,44,24,23,45,44,47,21,17,14,32,27,29,20,2,20,10,9,12,13,6,11,17,22,36,16,12,8,60,51,,26,51,10,45,59,39,57,33,22,30,21,25,32,12,24,7,28,47,26,25,6,15,4,26,57,34,14,21,2,28,29,7,6,1,2,11,9,12,,15,10,18,15,10,22,26,30,15,18,18,11,13,,17,13,44,12,18,36,34,15,6,13,18,21,34,18,46,18,44,28,14,14,20,43,39,17,10,32,23,,19,41,15,14,25,22,,,6,14,19,24,14,14,14,32,27,33,16,33,15,4,11,4,24,14,20,16,7,17,31,22,16,18,20,17,27,17,21,12,13,16,17,11,24,10,18,18,8,23,26,,30,8,6,16,13,11,8,11,39,24,9,27,18,25,3,12,25,15,15,9,22,23,25,17,,7,18,16,14,9,5,7,7,8,11,14,8,4,3,5,53,35,33,19,19,25,20,33,36,51,18,38,77,71,52,40,35,31,26,31,29,24,64,38,56,54,,16,19,19,,17,30,23,18,30,40,43,,21,43,14,20,60,25,10,19,24,,19,21,30,12,,13,,6,11,21,15,10,11,20,26,24,,35,29,35,27,11,10,,17,18,28,7,26,11,22,16,28,15,8,7,,10,6,15,4,10,2,6,7,8,33,32,6,9,12,16,22,13,5,5,8,32,50,34,21,33,44,36,35,38,27,3,3,11,8,9,9,9,12,12,8,9,6,64,4,9,13,27,,23,16,7,28,6,22,2,1,22,15,9,14,4,7,9,15,10,9,29,36,62,75,38,34,,32,50,39,42,35,36,51,67,36,47,40,27,37,77,45,69,56,32,27,31,26,23,,11,20,43,24,18,7,11,58,33,48,17,18,20,21,6,16,20,28,17,23,43,20,39,35,38,20,25,18,13,11,23,13,12,21,19,1,17,8,12,17,13,20,12,19,25,10,6,,15,23,21,16,18,21,23,21,18,17,14,26,12,17,27,10,11,18,14,16,6,19,6,4,2,9,8,3,8,4,10,2,10,5,9,6,4,9,8,,5,8,15,8,16,16,9,9,16,6,12,8,11,12,11,18,13,13,16,25,22,8,18,17,25,16,12,2,19,14,13,13,10,19,8,13,13,6,13,16,16,10,12,17,27,11,13,,28,12,5,13,8,27,14,21,27,15,14,2,15,11,18,10,9,16,23,17,21,13,17,8,19,14,13,7,13,3,4,,4,9,8,5,9,4,2,12,2,6,8,7,14,20,35,34,12,16,23,2,21,23,11,11,14,,13,17,30,20,9,6,10,22,30,30,14,19,28,28,141,45,42,,,42,47,,41,44,16,21,40,35,45,,26,23,19,29,25,50,40,8,29,27,16,36,47,,,25,18,17,14,8,14,11,7,6,10,9,36,24,23,23,15,25,23,15,16,5,6,6,5,4,8,,8,15,20,10,,7,4,14,7,6,7,,7,2,3,4,9,19,16,14,12,18,15,27,3,8,25,28,18,10,2,4,8,4,,24,9,35,34,40,62,42,40,21,34,26,29,20,21,29,24,38,47,69,48,51,24,30,13,14,31,21,28,22,41,32,35,16,35,22,7,2,14,2,25,9,33,25,19,31,24,15,6,20,46,32,10,12,15,33,12,14,8,28,12,5,30,55,128,64,27,8,11,,17,27,21,25,6,12,15,31,10,20,34,14,24,19,19,2,21,9,31,19,12,16,22,24,42,,28,15,48,18,16,19,16,22,,17,50,22,25,40,41,43,49,29,19,13,11,16,23,36,13,2,10,13,11,29,38,26,8,34,62,51,3,5,3,19,24,2,12,2,16,1,2,6,14,9,6,12,10,15,14,13,6,12,23,13,24,3,8,8,7,9,7,2,6,12,8,8,5,9,6,2,6,15,38,37,20,29,9,39,15,22,21,11,16,9,17,25,25,14,12,44,18,11,,14,12,12,5,7,33,4,18,8,26,16,21,12,16,14,,17,12,19,16,16,18,12,29,19,6,12,19,6,44,11,5,14,7,2,,11,14,14,12,1,2,8,6,8,26,10,15,22,3,4,3,11,8,4,10,7,13,12,8,8,8,2,10,12,12,17,23,25,4,15,5,3,1,,2,10,3,8,2,3,8,9,21,20,4,29,6,13,15,19,16,20,2,12,19,8,11,11,5,2,18,8,12,19,,1,12,10,14,10,19,15,17,14,14,7,9,25,8,10,8,8,17,18,12,8,7,2,2,3,21,10,,11,14,8,10,15,9,,24,34,13,6,23,11,7,4,5,10,5,9,6,5,11,13,9,8,14,11,7,27,21,15,10,25,20,11,9,10,9,2,6,22,16,10,8,21,,37,5,4,2,14,8,12,19,14,8,8,2,10,15,6,3,5,1,13,12,14,12,5,23,14,9,7,,37,5,7,5,7,13,5,,2,5,2,14,14,7,12,8,11,2,10,3,7,9,12,7,11,8,19,12,5,13,12,15,9,6,6,8,9,16,21,5,1,4,10,43,13,,4,9,5,19,6,5,54,10,13,10,6,12,109,4,16,11,10,9,9,4,6,2,2,2,28,15,6,10,4,8,7,8,4,,8,16,17,11,,6,3,10,7,5,3,8,35,11,70
20160416,17,NO2_24h,,,,,,,,,,,,,,48,46,28,47,42,49,,59,65,48,45,42,46,,34,26,21,25,27,14,16,71,79,57,81,82,81,22,50,66,49,49,38,40,25,44,32,24,65,28,25,38,14,18,14,12,22,23,22,19,16,13,49,41,33,45,60,58,53,21,29,25,39,36,42,30,17,,7,14,17,18,6,15,28,11,23,12,10,14,28,16,11,24,30,31,,28,65,29,39,37,,28,30,35,14,26,20,24,22,16,30,13,63,46,61,36,49,19,17,25,24,42,39,38,30,,83,91,54,33,84,33,47,36,52,42,40,39,40,33,27,27,19,30,37,39,47,35,49,53,32,35,34,44,37,42,43,41,41,43,34,41,32,46,47,26,30,19,39,45,47,27,43,41,48,34,31,,26,36,32,48,31,27,50,55,34,44,38,23,48,36,18,36,,35,34,29,42,28,51,42,20,52,,18,44,25,28,27,23,43,65,35,36,47,38,12,57,19,49,58,,50,38,47,15,16,18,33,,10,26,26,,57,77,54,31,19,31,,34,,28,38,,37,21,21,20,,,42,35,27,39,31,35,35,32,36,36,43,22,25,42,66,46,38,13,40,25,57,59,70,52,69,16,38,41,32,25,24,10,27,43,13,30,25,28,26,31,32,11,,38,9,21,22,6,42,23,15,16,23,27,44,50,35,28,26,30,36,32,23,20,18,37,30,32,27,15,25,29,21,17,26,11,21,16,37,35,23,23,15,48,40,,36,42,29,51,49,25,48,31,21,27,25,29,26,15,44,8,17,30,28,23,21,25,8,47,48,48,30,28,6,39,40,12,5,6,4,16,15,15,,30,24,32,30,28,17,22,23,12,13,26,21,22,,30,15,46,16,25,43,40,36,6,12,20,12,27,12,36,18,28,16,23,31,20,15,46,19,27,32,24,,23,47,33,38,44,40,42,,28,19,13,42,12,22,16,26,27,49,19,31,16,11,17,5,32,21,18,36,23,12,48,20,35,30,41,29,30,33,37,20,24,20,17,19,40,28,26,13,25,33,25,,28,13,6,26,29,28,30,29,43,42,41,43,47,40,14,23,28,28,20,26,27,32,37,22,,9,14,32,15,13,9,10,10,11,15,16,13,9,7,10,31,30,21,21,14,12,23,15,29,28,17,14,39,34,40,45,45,48,21,38,36,37,40,27,41,41,,21,22,26,,23,38,29,27,33,50,50,,40,37,15,29,59,27,11,22,31,,12,18,17,17,,18,,17,27,31,33,25,27,37,24,13,,25,15,23,38,19,26,,20,22,27,18,30,23,26,21,23,17,22,9,6,10,7,17,5,4,10,4,5,21,26,33,9,14,13,21,15,14,6,4,6,30,49,44,14,19,22,27,26,25,24,3,5,16,18,28,37,20,22,25,13,18,11,33,10,13,18,32,,29,21,7,26,13,27,6,3,39,33,24,29,18,20,7,12,9,14,17,17,27,39,20,18,,27,34,19,27,13,29,22,28,55,16,14,8,42,52,46,49,52,34,23,34,22,29,,10,17,24,23,16,9,18,71,29,51,25,22,20,20,9,17,29,32,20,13,31,19,23,24,37,25,29,25,16,11,35,19,5,34,18,3,34,23,17,20,23,30,25,31,47,18,17,,24,39,33,31,17,27,26,26,23,20,21,25,14,33,41,35,27,34,33,26,17,33,18,10,8,14,14,11,9,5,19,3,16,14,19,5,7,42,25,41,12,10,13,16,13,18,19,13,23,10,8,6,28,29,31,29,13,17,21,20,14,11,45,17,35,29,8,5,17,19,15,18,16,21,29,23,41,20,12,23,22,35,20,19,29,37,17,,24,16,9,14,25,29,34,12,27,16,18,6,30,37,40,11,18,31,37,24,31,31,36,16,33,30,26,8,14,8,17,,7,19,31,19,14,6,3,12,12,29,18,17,23,33,30,38,18,15,12,11,28,26,14,13,22,,18,22,31,13,18,9,7,22,12,14,10,12,39,49,43,34,32,,31,36,44,39,36,38,21,22,39,33,44,30,30,30,19,44,32,25,21,27,49,41,30,47,56,,,27,21,15,15,9,14,14,19,16,21,17,34,37,33,10,15,14,10,14,12,18,20,14,17,20,11,,12,18,20,6,,6,3,18,12,18,17,,13,10,12,10,17,29,21,9,9,20,22,21,13,22,21,20,27,9,4,8,8,4,,40,31,48,28,9,14,22,19,27,42,18,35,19,18,21,23,35,39,41,25,29,21,30,37,46,31,18,26,16,39,32,28,12,24,20,9,2,12,2,33,13,34,33,19,23,15,17,6,16,38,29,17,10,34,47,22,21,12,29,19,10,15,63,52,48,32,33,23,,29,33,18,33,10,22,28,28,36,42,56,39,45,35,61,5,47,28,36,27,11,35,44,37,45,,22,16,58,29,17,25,22,28,,17,62,38,39,28,36,30,40,24,35,18,25,31,33,32,20,2,18,19,15,29,43,32,17,27,47,42,4,9,4,18,18,3,16,9,18,11,13,16,28,27,18,6,20,20,22,17,5,10,6,5,12,13,16,19,18,20,16,3,21,22,10,11,8,14,11,18,20,37,32,29,31,43,19,37,18,22,26,29,26,23,22,27,32,21,18,49,21,24,,20,20,23,22,24,56,21,20,13,32,34,30,21,15,27,,15,12,14,17,18,18,15,26,24,27,20,20,21,42,18,14,14,9,3,,12,10,10,15,5,20,21,18,20,31,19,27,25,4,12,10,15,12,11,29,26,19,33,11,11,12,3,12,17,24,24,32,34,5,13,11,10,2,,16,14,8,18,5,7,19,13,17,30,17,30,7,13,18,19,18,15,10,20,23,11,14,19,11,23,10,12,14,27,,8,15,12,17,16,30,20,28,15,18,12,27,17,17,18,10,18,23,21,18,9,20,18,15,6,24,15,,16,18,18,20,30,15,,38,20,12,5,21,27,20,8,8,14,10,13,8,8,16,31,24,11,14,10,12,23,17,17,30,24,26,20,12,13,11,15,14,16,13,14,11,18,,31,18,13,3,11,6,9,15,26,27,18,4,25,33,14,14,19,21,20,39,26,15,15,40,32,9,7,,26,22,14,15,16,19,10,,26,6,6,23,14,12,20,27,20,21,31,20,21,9,14,7,8,10,23,13,5,30,23,20,11,13,13,28,29,15,39,6,5,9,22,60,25,,7,9,12,26,9,5,23,13,14,18,36,31,57,7,17,14,19,31,32,13,17,3,4,3,42,36,10,28,31,37,19,41,42,,26,33,26,19,,12,2,14,25,17,23,26,42,15,61
20160416,17,O3,,,,,,,,,,,,,,60,70,23,60,65,75,,56,55,58,54,31,72,,110,55,110,110,90,62,118,25,24,49,42,35,42,96,53,56,64,56,95,85,95,86,110,107,123,89,106,71,98,97,92,100,82,89,94,102,92,102,67,82,87,101,64,78,62,99,100,86,103,81,90,68,61,,75,80,61,57,63,113,104,89,97,111,78,80,83,82,82,65,87,93,,104,47,81,85,74,,103,78,63,68,59,55,79,108,96,100,103,57,50,28,81,62,94,105,82,82,98,55,34,33,,14,13,34,16,20,10,43,8,82,72,76,88,67,72,83,82,81,91,82,96,96,89,83,87,104,103,42,44,52,50,52,52,50,49,41,42,44,13,31,63,65,77,70,54,60,60,61,37,54,55,24,,55,78,44,37,22,47,36,46,54,25,45,43,49,35,41,40,,46,54,2,49,29,60,63,95,54,,76,64,87,84,87,99,43,37,55,40,91,63,64,99,88,71,78,,88,95,89,69,77,79,64,,98,67,60,,24,30,33,102,90,69,,59,,56,62,,85,70,73,66,,,61,73,58,76,105,73,20,39,49,107,80,76,107,100,100,78,72,108,102,50,23,21,40,24,7,58,57,57,84,122,113,122,80,76,108,93,100,59,73,77,58,70,,56,70,92,104,75,73,28,114,82,73,105,124,71,112,120,119,55,94,81,155,77,108,96,88,92,123,91,94,126,141,84,151,127,132,112,114,124,109,119,114,16,14,,26,12,57,49,19,40,15,54,36,48,43,36,,41,73,51,65,32,44,58,51,47,71,53,40,48,60,40,75,70,85,50,54,57,60,56,49,43,,53,56,56,56,58,62,57,63,36,40,87,89,95,,174,235,122,136,162,259,180,182,80,129,86,85,74,130,131,156,110,171,134,134,118,102,112,143,80,145,144,,128,153,124,121,108,112,147,,130,95,147,167,153,147,170,154,154,164,178,119,118,131,132,127,130,100,99,117,107,114,95,105,123,120,126,109,112,110,135,131,87,102,156,125,132,104,84,152,105,96,69,,68,113,139,115,93,128,100,87,100,26,44,93,60,105,40,121,98,114,127,131,118,128,128,117,,180,121,111,71,96,89,93,80,95,106,102,100,73,113,111,77,76,84,88,128,148,125,114,92,92,123,76,40,29,78,29,28,35,25,69,68,103,24,34,54,40,,84,86,59,,86,47,33,44,40,84,62,,76,67,36,58,36,35,56,77,87,,76,83,84,109,,126,,126,82,61,77,110,86,99,63,77,,61,98,77,104,122,115,,107,90,31,121,104,49,64,80,61,56,36,73,51,62,86,87,40,54,209,60,67,47,41,36,50,49,50,63,52,62,61,43,58,134,126,133,108,88,91,58,62,64,87,,18,93,137,66,96,91,83,88,100,90,93,82,98,80,111,131,,129,97,91,94,84,63,96,81,92,98,96,108,117,111,98,88,58,54,81,60,62,58,87,87,,108,92,110,68,116,106,83,66,79,81,97,98,90,66,89,57,80,110,95,105,105,98,,143,82,58,79,109,114,73,68,49,38,108,76,85,89,95,106,16,63,74,32,66,40,65,73,58,50,32,56,40,42,76,82,73,106,123,138,98,131,149,107,112,98,99,46,93,108,100,,82,97,130,78,107,131,123,79,127,137,65,120,138,112,91,110,106,117,137,130,122,110,122,165,134,151,148,122,94,103,116,29,39,87,91,97,94,152,137,125,79,128,123,96,177,158,151,156,172,163,61,66,169,155,172,148,56,68,66,107,102,99,63,97,116,129,159,123,137,100,34,24,96,78,101,168,138,86,98,91,149,61,84,85,131,151,138,,134,172,161,148,123,105,116,122,148,141,142,130,127,121,128,123,122,111,106,130,113,123,124,101,127,126,114,106,115,83,102,,116,119,108,113,113,121,67,146,68,93,91,126,108,122,40,45,76,63,98,91,96,106,123,139,133,,133,100,118,135,119,84,60,83,69,79,64,81,52,61,,44,52,,,,39,,60,60,43,7,23,22,33,42,91,49,30,48,34,,52,75,86,54,83,61,83,,,85,54,120,111,107,120,115,95,94,100,99,50,60,79,116,137,125,120,145,105,112,112,116,97,106,99,,100,103,74,67,,72,51,106,150,136,79,,39,123,110,95,80,71,109,98,104,107,106,79,99,53,49,64,75,106,85,42,123,113,,72,47,36,48,81,76,66,66,178,89,84,133,58,53,38,32,81,70,70,84,87,100,106,131,100,45,52,70,71,79,80,74,41,38,43,32,82,73,71,92,49,39,58,60,61,58,86,40,70,48,35,69,31,58,75,76,91,,36,36,94,61,59,126,114,88,99,100,,56,73,19,49,50,57,80,75,92,47,55,55,119,95,40,52,14,24,88,71,92,115,54,110,26,,21,68,106,35,74,91,106,72,,90,120,64,52,47,49,38,18,18,41,51,33,97,96,78,90,,98,100,88,9,18,23,38,23,23,13,121,83,113,111,100,106,141,121,137,87,150,63,103,141,107,95,99,99,103,106,105,104,95,96,105,99,104,116,87,119,64,,124,116,95,91,99,92,88,91,99,83,75,57,70,74,94,86,100,79,78,105,82,112,131,94,102,114,120,104,108,123,,108,111,128,89,97,99,101,107,114,119,77,84,115,33,83,,76,89,128,113,135,121,147,88,105,100,123,118,87,101,123,111,88,110,90,,103,107,96,119,117,104,87,105,94,93,111,102,60,105,110,113,104,108,120,116,123,91,118,111,103,106,82,72,111,115,87,108,114,106,117,115,105,102,,113,127,114,109,111,101,132,228,22,144,203,76,39,30,100,94,102,153,164,175,194,132,113,113,127,145,93,59,117,118,,165,141,188,167,124,119,135,151,60,119,50,137,117,120,125,121,112,112,117,105,103,127,136,136,147,126,136,,126,144,95,113,103,84,,21,91,92,119,91,75,97,114,127,140,136,140,82,134,133,25,19,134,130,124,131,125,99,48,79,157,11,144,126,127,106,34,113,94,130,152,148,115,,60,151,137,132,135,84,63,,88,185,56,80,101,116,142,161,154,157,149,110,193,102,81,142,180,67,33,88,45,133,143,84,104,93,99,,78,16,60,102,92,90,116,119,109,121,119,68,126,85,118,121,134,124,113,74,110,107,102,104,94,70,106,116,107,105,126,57,90,92,106,105,92,,118,113,130,102,133,112,80,122,32,80,110,89,87,82,98,59,57,41,102,160,180,56,54,131,46,49,132,122,119,185,112,124,67,,106,69,105,127,,116,96,103,146,141,87,75,31,116,17
20160416,17,O3_24h,,,,,,,,,,,,,,155,171,48,185,169,197,,159,113,158,83,95,202,,142,106,161,134,130,87,170,146,121,132,144,122,149,188,172,201,194,213,175,130,171,167,146,132,141,121,139,88,104,100,93,100,82,182,146,200,167,185,88,95,136,146,145,227,219,185,188,176,206,150,171,144,68,,75,80,69,58,67,113,104,89,100,142,83,83,89,83,86,99,139,137,,156,78,134,128,123,,149,150,138,138,143,159,158,154,150,141,127,134,115,108,137,113,131,151,135,128,151,62,85,122,,49,36,84,65,53,69,43,77,109,121,102,176,110,117,147,152,134,162,138,202,168,216,175,151,174,155,121,99,112,115,129,126,135,130,140,138,115,37,124,160,160,134,158,192,178,189,64,118,179,150,110,,116,130,132,158,120,179,106,156,152,95,130,126,150,113,122,115,,104,111,61,85,60,99,104,180,107,,138,121,139,130,134,138,111,82,132,46,108,99,88,106,107,101,96,,96,116,89,112,108,123,118,,129,110,102,,44,45,55,102,106,70,,134,,103,102,,116,109,93,114,,,63,76,65,87,111,81,100,105,87,116,121,107,170,136,117,123,214,163,133,67,32,51,67,49,31,79,61,102,84,122,113,122,82,76,108,96,109,139,145,168,144,166,,148,164,137,141,118,111,133,150,100,120,148,199,115,194,168,176,115,144,136,209,90,110,105,88,107,124,91,110,126,141,85,151,127,133,114,114,132,109,119,114,69,62,,36,38,68,51,53,65,40,68,87,97,99,85,93,81,91,91,119,108,77,87,71,57,81,72,77,80,74,56,97,91,109,146,61,66,65,68,63,52,,53,56,56,59,60,89,67,74,82,101,114,113,114,,210,243,144,162,215,260,248,220,99,142,89,85,94,130,131,156,110,179,134,134,122,107,112,143,80,145,144,,137,154,124,129,113,118,150,,131,98,148,167,155,147,170,154,154,164,178,128,138,137,140,140,133,109,145,166,145,163,153,152,123,120,127,112,112,110,135,131,87,103,159,125,132,104,86,152,105,96,92,,100,123,139,115,93,128,100,87,100,26,51,94,62,109,41,122,101,114,129,133,123,131,128,117,,183,121,116,71,102,91,113,86,104,124,102,100,73,113,111,168,149,158,138,133,172,137,136,175,222,215,152,131,88,152,54,52,49,42,160,159,167,118,110,154,150,,178,190,138,,197,92,55,89,76,180,139,,101,144,131,184,141,145,184,116,120,,112,127,115,124,,141,,135,168,133,164,172,150,175,104,132,,95,200,145,149,173,144,,107,90,31,121,104,101,125,91,144,95,82,78,57,64,94,95,112,68,209,67,79,59,60,59,96,78,86,63,53,62,68,52,70,134,126,133,152,131,149,77,92,108,108,87,20,109,137,74,97,135,148,161,101,90,94,89,98,80,135,173,,155,119,116,96,84,76,108,88,95,104,98,115,119,124,112,112,72,100,164,113,154,130,167,171,,152,145,164,120,161,142,177,136,101,129,173,189,157,143,196,178,169,148,139,139,148,145,,170,89,68,81,111,114,83,93,70,55,120,89,100,101,100,113,54,85,107,87,159,91,151,174,130,58,42,56,45,54,76,84,112,111,125,145,103,131,149,108,154,169,150,79,164,149,144,,127,160,237,118,202,135,147,81,154,138,78,122,138,123,98,114,109,124,137,130,122,111,122,165,135,152,148,122,95,104,116,107,51,103,100,101,94,159,155,130,214,140,262,111,226,171,163,158,182,174,82,93,178,177,172,150,59,72,71,119,108,104,78,109,138,155,159,129,158,115,52,55,106,91,101,176,140,90,101,96,156,61,91,87,131,151,138,,134,185,172,149,123,107,121,122,156,141,142,130,127,121,128,126,125,118,113,146,129,128,133,105,129,126,152,118,122,91,102,,118,123,115,113,143,122,70,146,68,93,92,126,130,171,185,352,109,89,154,91,122,122,134,142,146,,176,138,134,153,165,120,84,103,124,126,100,122,104,120,128,104,99,,126,,100,75,108,92,85,15,138,115,122,148,222,124,88,136,116,,136,75,95,61,88,67,87,,,97,68,120,117,125,128,123,153,156,166,167,63,67,84,117,189,125,125,151,189,112,112,116,99,106,102,,104,105,74,67,,72,52,106,150,136,86,,41,123,115,99,95,99,136,105,110,120,122,95,99,53,79,88,99,132,125,43,127,118,,132,91,77,63,183,160,122,134,217,117,123,176,130,139,84,54,134,108,121,135,148,120,118,139,100,89,98,85,98,95,89,91,78,39,84,75,83,88,76,92,72,53,74,102,81,88,86,40,70,79,61,89,51,108,166,77,91,,59,47,94,81,112,136,114,159,149,188,,131,121,90,145,127,155,187,183,115,92,110,55,119,96,40,52,54,33,90,86,99,137,93,148,71,,70,142,187,91,84,99,151,94,,110,265,66,58,73,70,59,45,54,55,83,141,97,96,83,94,,98,100,88,35,45,44,54,60,70,40,121,83,113,111,107,106,141,121,145,87,159,71,117,141,107,124,102,99,114,114,107,104,95,101,106,99,104,116,87,119,64,,124,116,99,95,103,93,88,117,125,85,89,143,111,117,145,150,168,136,112,148,110,146,203,156,153,154,175,152,166,124,,121,113,132,177,181,179,194,149,164,173,77,84,115,34,83,,76,89,128,113,135,122,147,106,105,100,124,126,90,111,123,112,88,110,100,,112,112,96,119,121,107,87,105,94,93,111,102,60,105,115,116,110,114,129,116,123,105,118,115,111,116,85,79,115,125,89,111,116,115,117,119,105,102,,113,127,114,109,112,101,134,228,23,148,203,88,47,43,112,119,107,153,165,175,194,140,120,117,137,147,100,60,117,118,,166,147,194,181,124,125,141,156,62,132,64,138,117,120,125,129,112,112,117,105,103,128,136,136,151,126,136,,126,167,95,113,130,85,,188,91,99,119,93,75,97,114,147,140,136,140,82,134,137,27,70,160,149,131,136,138,117,49,156,174,17,150,135,137,117,35,120,99,130,153,154,136,,90,158,140,142,150,94,72,,88,185,62,80,105,130,168,194,179,172,159,125,241,102,91,153,190,84,46,95,80,149,155,101,127,111,122,,87,20,60,135,124,91,122,120,119,124,123,70,130,85,118,121,135,124,128,80,110,108,106,117,111,78,115,116,111,105,126,58,90,94,112,114,102,,118,113,139,102,133,114,137,126,60,80,110,89,87,87,104,72,60,43,106,160,180,58,56,142,46,49,132,122,133,200,135,152,84,,117,71,105,127,,116,107,107,156,150,87,88,54,146,20
20160416,17,O3_8h,,,,,,,,,,,,,,68,71,23,70,68,87,,62,59,66,69,43,80,,89,42,66,89,76,50,76,48,55,55,49,44,43,101,80,89,103,90,76,66,76,72,95,90,103,76,91,57,95,92,89,93,79,83,86,93,86,91,60,72,75,91,67,78,67,82,88,74,90,66,74,58,56,,62,67,60,52,61,100,82,87,96,112,79,80,80,80,83,81,111,110,,130,62,113,106,102,,127,84,73,91,70,107,96,100,102,96,97,72,67,49,91,71,97,120,89,96,112,36,22,103,,22,14,57,36,24,49,29,42,76,67,70,83,67,73,83,76,79,42,39,53,51,46,49,41,56,70,52,40,54,50,54,55,51,48,43,44,49,12,33,80,78,77,75,44,43,50,48,34,44,49,8,,37,47,62,66,54,69,53,65,71,31,48,42,51,37,48,37,,43,46,2,43,21,39,44,62,34,,46,37,56,52,57,71,38,28,50,34,44,36,48,42,49,25,34,,33,36,36,83,85,94,77,,105,79,70,,30,36,33,62,55,68,,46,,55,54,,82,75,86,80,,,35,38,31,55,90,55,23,30,34,53,38,48,66,55,56,47,102,65,58,46,23,26,43,29,9,60,50,57,63,87,80,93,57,60,84,78,86,42,51,50,40,47,,42,59,114,100,87,69,58,116,85,73,94,85,56,79,72,81,40,64,59,96,60,92,74,72,65,100,65,76,98,117,71,126,106,111,94,97,104,91,101,94,30,27,,21,18,46,23,26,38,16,38,40,52,43,42,15,40,80,42,62,37,41,58,56,44,73,43,46,43,54,42,71,54,64,48,52,59,56,53,50,41,,38,43,42,43,48,56,44,51,37,43,72,76,77,,149,180,96,115,147,170,182,156,90,119,67,70,78,85,91,102,77,118,98,94,99,84,68,106,59,106,85,,105,130,90,94,86,88,109,,98,67,120,123,122,116,126,124,128,126,134,119,126,128,134,129,128,101,105,103,111,118,92,101,92,92,99,88,85,78,102,104,70,85,117,96,99,86,78,147,86,82,65,,65,89,105,87,72,109,87,73,80,18,38,68,46,78,35,100,79,91,102,110,93,101,100,89,,152,92,94,62,92,83,92,78,90,102,91,89,66,102,98,106,98,104,98,127,160,128,125,103,117,139,108,87,53,112,30,25,25,30,53,56,77,28,35,49,48,,87,81,54,,79,41,28,40,33,74,39,,51,56,43,50,46,37,70,69,60,,71,75,76,80,,96,,100,57,43,54,80,52,60,61,80,,61,92,76,101,112,106,,59,50,18,71,53,54,76,68,80,64,51,72,52,59,86,86,42,59,104,62,71,41,42,41,55,54,58,38,37,39,61,44,60,47,44,52,104,87,96,62,71,74,90,70,15,86,122,63,85,79,68,72,97,85,89,80,94,75,90,108,,109,73,91,76,63,59,84,65,83,89,88,99,107,99,89,82,56,48,86,65,76,74,108,102,,131,121,134,97,139,124,127,115,92,115,143,149,90,93,97,83,94,110,98,107,116,94,,136,80,60,69,101,104,50,55,46,27,75,73,79,83,94,97,17,55,72,32,42,23,44,43,33,35,22,42,32,28,56,65,73,84,92,109,78,97,117,83,96,80,86,40,71,94,85,,69,65,96,50,80,74,77,39,126,109,46,97,109,100,75,88,85,102,107,108,94,97,102,143,119,128,127,99,80,84,91,41,43,91,88,94,84,133,128,113,177,98,122,83,175,139,122,134,144,145,63,70,92,88,94,75,48,59,60,97,88,85,63,85,114,128,122,100,121,83,29,19,82,74,71,120,96,62,83,75,127,51,71,76,102,122,108,,112,142,132,125,88,84,92,116,142,120,118,110,105,99,107,103,98,88,88,112,92,98,97,87,105,101,92,110,113,85,87,,103,103,97,100,99,108,59,129,58,84,83,115,77,85,40,36,76,70,110,61,94,104,114,126,119,,117,88,106,127,99,70,66,88,89,96,84,105,46,51,46,54,64,,56,,49,54,72,68,28,5,24,27,54,36,79,38,18,44,31,,60,42,78,37,64,32,46,,,83,56,95,84,84,87,85,73,75,79,78,50,50,75,104,114,60,100,116,94,99,96,103,88,93,93,,94,96,57,56,,54,42,94,130,108,72,,38,108,95,86,71,58,98,100,104,104,104,87,94,50,55,72,78,107,88,42,124,116,,93,58,47,56,121,111,82,85,191,102,96,146,68,62,47,34,83,72,77,110,119,104,103,96,59,63,69,69,72,76,77,80,42,37,51,32,77,74,69,86,54,46,66,71,70,75,81,29,54,33,22,50,36,46,81,74,87,,37,36,93,76,31,124,98,47,47,50,,43,42,19,44,55,38,56,52,72,22,58,43,84,54,28,9,19,23,78,66,84,96,31,76,19,,20,49,112,23,67,82,96,86,,36,93,36,37,53,44,44,20,33,42,50,45,41,39,42,47,,54,63,52,24,33,31,45,34,36,27,85,57,83,85,74,89,111,92,109,71,138,52,88,118,94,96,87,82,96,94,81,78,76,75,82,86,85,101,75,100,51,,105,96,90,83,91,83,69,99,99,72,74,61,59,61,81,84,90,73,74,91,74,101,97,78,76,88,91,78,80,98,,87,84,95,50,57,57,57,82,86,87,70,74,92,32,75,,67,79,118,93,113,98,118,79,84,88,101,101,72,91,100,92,80,101,86,,88,94,79,95,93,91,75,93,76,77,92,84,49,99,103,106,101,103,117,100,104,86,106,107,95,101,75,72,113,112,79,90,101,97,92,96,87,90,,100,108,96,95,98,83,116,187,22,102,142,81,44,33,102,108,101,118,125,128,147,108,100,96,112,122,79,49,88,84,,138,99,147,139,95,98,109,119,48,104,48,106,100,97,105,106,78,79,82,76,86,90,95,94,116,99,107,,97,122,64,90,113,78,,102,34,76,94,77,58,73,93,104,114,107,111,68,112,110,23,43,125,113,102,103,108,97,43,94,150,13,124,114,116,98,25,93,88,116,134,138,115,,55,115,98,121,129,84,61,,64,164,38,50,94,112,148,168,156,152,138,89,178,82,65,92,120,57,25,83,48,119,128,81,100,91,99,,70,16,51,85,74,67,81,80,76,115,114,65,117,55,87,87,126,114,113,76,88,82,80,104,97,71,107,104,102,98,110,52,86,86,105,101,82,,96,92,122,87,121,102,93,117,27,67,86,74,73,52,100,61,53,40,98,140,151,52,51,130,35,40,90,84,101,167,108,115,65,,81,56,87,102,,91,100,97,114,111,69,75,36,94,15
20160416,17,O3_8h_24h,,,,,,,,,,,,,,102,118,37,116,121,127,,117,103,155,91,68,154,,122,86,139,115,103,71,159,132,121,113,117,117,128,166,132,159,164,172,181,139,174,175,143,126,130,116,131,86,111,115,101,114,81,155,143,174,150,164,77,103,116,131,148,205,196,188,193,180,172,127,150,120,80,,78,95,91,73,96,101,128,88,96,112,79,83,82,80,83,88,139,133,,160,65,137,129,123,,156,139,123,131,140,151,148,141,145,130,108,118,107,95,121,101,112,129,116,108,112,69,101,112,,58,39,63,75,64,74,52,86,118,120,116,140,118,126,138,145,131,152,131,187,158,196,161,143,165,145,125,100,123,110,127,126,131,124,135,135,114,34,117,175,171,134,166,182,171,177,48,113,171,145,91,,120,131,125,153,119,170,103,156,158,91,135,130,148,111,125,113,,103,113,60,89,95,108,115,188,104,,139,118,141,136,135,139,108,70,133,36,119,104,117,142,123,122,114,,145,126,100,106,114,118,119,,133,121,95,,60,36,66,106,116,73,,151,,129,130,,124,112,111,107,,,76,89,85,86,116,91,105,113,85,113,108,99,153,123,113,111,114,150,126,54,35,68,93,74,62,74,55,57,63,87,80,102,57,60,84,78,96,162,183,185,156,184,,174,194,131,137,114,106,126,146,94,118,138,213,131,214,178,185,131,152,146,225,82,101,97,84,99,115,88,99,100,117,71,126,106,111,94,97,104,91,101,94,30,27,,21,18,46,23,26,41,16,38,82,88,79,77,75,78,80,78,116,107,68,81,56,50,73,43,46,43,54,42,71,54,64,53,52,60,56,53,50,41,,42,44,44,43,48,89,68,75,88,108,72,76,77,,149,180,96,115,147,170,182,156,98,143,67,86,80,85,91,102,77,118,98,94,99,84,68,106,74,106,85,,105,130,90,94,86,88,109,,98,68,132,123,144,123,148,131,128,132,134,119,126,128,134,129,128,101,141,162,144,161,151,153,92,92,99,88,85,78,102,104,70,85,117,96,99,86,78,147,86,82,86,,78,116,134,90,80,118,87,79,80,18,39,75,46,96,38,100,79,91,102,110,93,101,100,89,,173,92,94,62,105,90,108,88,101,121,91,95,78,102,105,157,142,151,136,127,160,128,129,157,189,202,136,122,75,140,47,43,45,57,182,179,177,118,129,162,157,,195,208,138,,204,128,75,125,83,211,160,,113,170,129,184,148,150,186,133,127,,114,147,114,156,,182,,162,174,141,172,206,187,210,106,131,,96,150,141,196,190,195,,59,50,18,71,53,79,107,102,102,102,84,79,56,70,94,93,42,68,104,65,76,57,54,55,102,92,111,53,47,51,67,47,66,47,44,52,104,87,96,62,71,74,90,70,15,86,122,63,85,133,151,162,108,88,89,92,102,75,137,175,,156,119,91,76,63,59,84,65,85,89,96,114,109,125,124,119,79,104,139,102,129,115,151,156,,140,129,153,106,155,137,161,136,104,121,166,176,139,127,171,150,153,138,131,132,136,131,,156,89,66,87,120,119,83,77,71,64,110,92,104,113,103,114,68,94,92,79,149,80,145,161,125,58,41,58,42,56,60,81,87,87,99,114,84,113,134,87,179,177,157,79,171,171,161,,149,149,226,118,200,145,151,80,155,109,114,103,109,100,75,88,85,102,107,108,94,97,102,143,119,128,127,99,80,84,91,107,43,91,88,97,84,133,128,113,202,123,182,106,175,139,122,134,144,145,77,88,92,88,94,75,48,59,60,97,88,85,63,105,122,134,122,100,121,83,29,46,91,74,71,120,96,62,83,75,127,51,71,76,102,122,108,,112,142,132,125,88,84,92,116,142,120,118,110,105,99,107,103,98,88,88,112,92,98,97,87,105,101,155,110,116,85,92,,109,119,108,111,134,108,65,130,59,84,83,115,149,200,204,214,92,80,148,130,114,112,136,139,168,,179,138,160,178,184,134,80,99,119,122,93,112,111,127,130,117,120,,110,,91,74,122,111,78,13,133,114,124,150,224,117,79,132,112,,138,69,120,65,83,53,82,,,109,72,95,139,136,158,155,155,161,167,167,50,50,87,104,182,86,100,151,179,119,119,110,108,115,125,,126,132,57,57,,54,44,114,141,123,80,,43,118,113,97,90,88,125,100,104,118,116,99,97,53,83,96,104,132,119,42,124,116,,119,83,69,63,174,153,118,122,208,110,120,167,121,105,80,52,118,95,109,122,139,111,103,96,59,79,88,96,111,87,87,94,77,37,91,93,94,95,82,106,77,59,74,109,80,87,81,29,54,105,85,103,58,117,138,78,91,,83,63,93,78,281,124,98,178,172,187,,135,126,99,151,142,119,183,182,82,63,81,56,103,102,28,32,26,27,80,76,89,145,94,147,81,,71,142,184,74,76,96,158,89,,112,179,82,41,74,63,59,65,82,67,81,45,71,70,68,72,,94,105,82,30,39,42,50,56,68,53,102,74,102,93,104,89,111,92,109,71,138,52,88,118,94,96,87,82,96,94,81,78,76,75,82,86,85,101,75,100,51,,105,96,90,83,91,83,69,99,102,81,79,148,146,146,170,162,190,150,128,170,129,182,204,155,160,150,169,147,161,138,,130,134,155,155,158,163,169,139,159,167,81,101,114,37,90,,67,94,129,105,116,102,120,118,110,95,101,101,72,91,122,114,104,130,88,,90,94,98,122,119,91,75,93,76,77,92,84,49,99,103,106,101,103,117,100,104,86,106,107,95,101,78,72,115,112,79,90,101,97,92,96,87,90,,100,108,96,95,98,83,116,187,54,106,142,85,44,38,104,109,101,118,125,128,147,108,100,96,118,130,79,54,88,84,,138,161,147,139,99,98,109,124,48,104,48,106,100,97,105,106,78,79,82,76,86,90,95,94,116,99,107,,97,122,64,90,113,78,,184,34,77,105,77,58,73,93,104,114,107,111,68,119,110,25,67,144,140,128,136,130,109,44,100,158,14,140,128,125,107,29,93,88,116,141,143,115,,68,136,116,128,142,92,64,5,74,164,42,56,96,115,148,168,156,160,147,89,178,92,86,119,148,87,45,96,62,142,153,98,122,115,125,,85,18,61,126,113,67,81,80,76,115,114,65,117,55,87,87,126,114,113,76,94,82,80,104,97,71,112,104,102,101,110,55,86,86,105,101,86,,102,96,135,87,138,109,138,117,44,75,95,78,76,52,103,64,54,42,98,149,167,56,55,130,40,44,109,101,128,190,124,140,76,,102,66,89,109,94,105,102,103,132,129,79,78,38,151,15
20160416,17,CO,,,,,,,,,,,,,,0.642,0.419,0.989,1.055,0.721,0.807,,0.981,1.225,0.756,0.924,1.574,0.705,,0.224,0.251,0.138,0.23,0.606,0.145,0.178,1.772,1.082,1.326,1.364,1.437,1.269,0.535,0.535,0.571,0.703,0.678,0.561,0.386,0.548,0.43,0.253,0.369,0.256,0.236,0.121,0.176,0.027,0.244,0.237,0.403,0.583,0.283,0.442,0.203,0.311,0.328,0.069,,0.248,0.422,0.925,0.719,0.591,0.268,0.249,0.338,0.368,0.296,0.494,0.562,0.56,,0.222,0.204,0.98,0.349,0.526,0.536,1.019,0.578,0.291,0.818,0.747,0.226,0.344,0.47,1.282,0.738,0.466,0.773,,0.897,0.875,1.008,0.914,0.88,,1.004,0.732,1.293,1.036,0.994,1.067,0.745,0.798,0.883,1.168,0.49,0.953,0.857,1.118,0.571,0.734,0.519,0.773,0.547,0.589,0.829,0.211,2.06,1.02,,1.199,1.084,0.874,2.737,1.441,1.123,0.506,1.079,0.702,0.634,0.74,0.574,0.989,0.571,0.602,0.768,0.872,1.4,0.848,0.629,0.321,1.203,1.109,0.6,0.505,1.019,0.74,0.987,0.918,1.02,0.81,0.749,1.091,1.202,1.437,1.037,0.871,1.081,0.944,1.219,1.044,1.093,0.984,1.073,1.531,1.35,1.181,1.492,1.28,1.447,1.093,,0.95,0.962,1.44,1.618,1.675,1.164,2.097,1.114,0.794,3.309,0.864,0.826,1.006,0.716,0.861,0.752,,0.689,0.634,0.799,1.075,1.163,0.989,0.689,1.61,2,,2.046,1.371,0.773,0.887,1.002,0.982,2.137,1.695,2.299,2.141,0.71,0.809,0.409,0.497,0.592,0.725,0.738,,0.633,0.75,1.204,0.69,0.586,0.72,0.787,,0.62,0.742,0.916,,1.199,1.362,1.07,0.769,0.497,0.401,,0.818,,1.571,0.861,,0.73,0.752,1.228,0.439,,,0.837,0.973,1.442,0.626,0.583,0.905,1.202,0.59,0.863,0.738,0.77,0.711,0.634,0.89,0.964,1.57,0.823,1.006,1.725,0.495,1.188,1.364,1.486,1.259,1.966,0.421,0.632,0.572,0.277,0.409,0.791,0.202,0.578,0.567,0.751,0.69,0.521,0.494,0.638,0.196,0.594,0.481,,0.381,0.472,0.723,0.703,0.8,0.688,0.417,0.435,0.325,0.954,0.439,1.481,1.277,1.678,0.631,0.948,1.347,0.903,0.903,1.005,0.589,0.494,0.911,0.592,0.748,0.886,0.739,0.682,0.625,0.721,0.213,0.554,0.499,0.432,0.58,0.214,0.349,0.19,0.538,0.503,0.956,1.319,,0.62,0.814,0.943,1.258,0.855,0.723,0.815,0.928,0.297,0.54,0.61,0.878,0.498,0.64,0.554,0.642,0.586,0.853,0.674,0.7,0.732,0.986,0.601,0.425,0.996,0.972,0.65,0.777,0.373,0.729,0.852,0.708,0.518,0.678,0.528,0.599,0.646,0.467,,0.65,0.495,0.762,0.495,0.534,0.692,0.784,0.62,0.723,0.299,0.872,0.687,0.581,,1.18,1.032,1.278,1.209,1.181,1.137,0.872,1.011,0.283,0.546,0.564,2.315,0.609,0.269,0.208,0.193,0.374,0.506,0.364,,0.465,0.775,0.325,0.38,0.202,0.016,0.082,,0.6,0.354,0.479,0.71,0.324,0.423,0.698,,0.455,0.469,0.276,0.514,0.225,0.228,0.452,0.466,0.591,0.287,0.368,1.193,0.517,,0.783,1.672,0.526,1.082,0.418,0.315,0.567,0.312,0.384,0.581,1.202,0.395,1.133,0.556,0.736,0.584,2.087,0.67,0.44,0.256,2.418,1.266,,0.542,0.315,0.761,0.514,0.484,0.415,,0.579,0.621,0.622,0.494,0.493,0.709,0.085,0.708,0.542,0.462,0.297,0.465,0.44,0.316,0.225,0.302,0.141,0.293,0.383,0.298,0.363,0.22,0.234,0.081,,0.324,0.147,0.457,0.104,0.66,0.572,0.46,0.644,0.672,0.872,0.579,0.311,0.185,0.277,0.231,1.524,1.001,0.744,0.666,1.427,0.726,0.044,2.048,1.027,0.593,0.28,1.129,1.586,1.167,0.967,0.636,0.541,0.455,0.681,1.184,1.69,1.326,1.953,1.715,1.729,1.628,,0.785,1.475,1.2,,0.841,1.183,1.057,1.008,1.052,1.251,1.865,,0.568,1.446,0.971,0.566,0.811,1.157,0.783,0.462,0.181,,0.651,0.491,0.7,0.384,,0.479,,0.229,0.69,0.811,0.392,0.341,0.785,0.356,0.63,0.494,,0.478,0.316,0.62,0.564,0.366,0.317,,0.936,1.087,0.399,0.786,0.744,0.971,0.738,0.731,1.079,0.704,0.817,0.642,0.795,1.169,0.594,1.324,1.672,0.592,1.93,0.722,0.514,0.926,1.207,0.968,1.057,0.612,0.6,0.785,0.99,0.759,0.61,0.806,1.083,0.908,1.049,0.788,1.658,1.799,3.055,1.771,1.234,1.727,1.627,0.736,1.378,0.63,0.706,2.228,1.955,0.87,0.819,0.808,0.926,1.795,0.304,0.762,0.334,0.419,1.128,2.692,,1.595,0.603,0.771,1.295,1.234,2.987,1.678,2.546,1.805,0.393,0.483,0.502,,,0.579,0.716,2.018,0.399,1.582,1.202,1.199,1.38,0.893,0.889,,0.731,2.16,0.855,1.985,1.043,0.758,1.452,1.508,1.619,1.126,1.326,0.623,0.828,0.631,0.903,1.134,1.136,0.86,0.721,0.711,1.019,0.777,,0.573,0.874,1.272,0.227,0.626,0.328,1.459,0.642,0.836,0.908,0.737,0.755,0.529,0.562,0.645,0.687,0.91,1.137,1.87,0.826,1.736,0.796,1.59,1.174,1.323,0.93,0.635,0.68,0.603,0.501,0.732,2,0.879,0.856,1.417,1.956,0.685,0.75,1.15,2.045,0.219,0.566,0.775,0.689,0.817,1.116,1.665,,1.064,1.461,1.141,0.967,1.689,0.705,0.626,0.774,0.433,0.994,1.32,1.075,0.708,0.383,0.115,0.087,0.609,0.455,0.607,0.644,0.743,0.85,0.452,0.686,0.768,0.574,0.464,0.667,0.3,1.42,0.021,,0.179,1.805,0.717,0.976,0.525,0.627,0.521,0.964,0.879,1.357,0.789,0.88,0.853,0.955,1.199,1.059,1.212,0.838,0.689,0.539,0.481,0.566,0.456,0.568,0.468,0.28,0.309,0.612,0.322,0.487,0.845,1.216,0.877,2.181,,0.153,0.271,,0.301,0.168,0.32,0.162,0.758,0.812,0.465,0.668,0.408,0.211,0.772,0.26,0.581,0.415,0.221,0.951,0.406,,0.314,0.555,0.579,0.278,0.371,0.448,0.87,0.362,0.399,0.48,0.554,1.42,1.312,0.635,0.994,0.427,0.349,0.404,0.394,0.421,0.328,0.782,0.355,0.487,0.555,0.476,0.4,0.61,0.211,1.022,0.975,,0.569,0.273,0.202,0.23,0.966,0.686,1.11,0.44,0.355,0.43,0.448,0.369,0.485,0.394,1.512,1.412,0.397,0.288,0.509,0.71,0.587,0.356,0.342,0.201,0.529,,1.473,2.503,1.126,0.307,0.988,0.496,0.617,0.467,0.943,0.811,1.35,0.835,0.651,1.17,1.17,0.919,0.889,,,0.577,1.19,,0.999,0.986,0.695,1.075,0.964,0.788,,1.368,2.227,0.547,0.837,0.497,0.629,0.76,0.525,0.716,0.668,0.63,0.884,0.795,1.12,,,0.049,0.426,0.2,0.636,0.382,0.428,0.497,0.663,0.508,0.395,0.513,0.843,0.949,0.923,0.578,0.437,0.803,0.57,0.46,0.9,0.622,0.421,0.458,0.156,0.444,0.563,,0.447,0.394,2.057,1.582,,1.743,1.669,0.892,0.365,0.412,0.878,,1.099,0.181,0.241,0.218,0.316,0.751,0.74,0.276,0.235,0.327,0.449,0.402,0.44,0.138,0.454,0.522,0.68,0.451,0.723,0.337,0.624,0.212,,1.373,2.31,0.986,1.842,1.953,1.883,1.804,1.408,0.732,0.725,1.983,0.687,1.702,0.149,2.135,2.743,1.308,1.147,1.958,1.356,1.458,0.634,0.626,0.843,0.852,0.912,0.932,0.407,0.805,1.53,0.965,1.076,0.806,1.663,1.208,0.115,1.171,1.756,,0.592,0.476,0.901,0.763,0.945,0.692,0.684,0.408,1.02,0.46,0.908,1.502,1.084,0.865,0.333,0.731,0.112,0.234,0.254,0.262,0.407,,0.411,0.804,1.004,0.7,0.587,0.668,0.871,,0.924,0.622,0.891,1.239,0.795,1.173,1.46,1.499,0.748,0.758,1.171,1.655,0.53,0.757,0.308,0.46,0.162,0.301,0.321,0.773,0.621,0.971,0.944,1.043,0.771,,0.556,1.051,0.952,0.75,0.654,0.51,1.399,0.839,,0.267,0.775,1.259,0.494,0.816,1.138,0.75,1.431,0.332,0.86,0.291,0.729,2.492,0.905,1.031,0.72,0.116,0.985,1.284,0.896,0.905,1.108,0.704,0.565,1.077,1.928,1.41,0.982,0.857,0.847,1.004,0.899,0.929,0.909,0.033,0.95,0.403,0.255,0.496,,0.952,0.276,0.608,0.683,0.555,0.918,0.606,1.558,1.139,1.594,0.939,1.372,0.668,1.015,0.965,0.672,0.523,0.472,0.693,0.935,0.347,1.303,0.731,1.353,1.606,2.313,0.611,0.467,0.432,0.34,0.751,0.454,0.853,0.515,0.348,0.65,0.875,0.756,0.638,0.256,0.353,1.316,1.141,1.096,0.767,0.607,1.278,0.825,0.486,,0.635,0.772,0.57,0.497,0.272,0.101,0.231,0.637,0.546,0.657,1.108,0.943,1.74,0.892,1.315,,1.058,0.83,0.877,0.39,0.53,0.563,0.381,1.006,1.247,1.142,0.574,0.258,0.216,0.356,0.916,0.886,1.71,0.759,0.642,,,0.822,0.611,0.632,0.541,0.065,0.179,0.588,0.746,0.673,0.608,0.696,0.927,0.562,0.628,0.576,0.438,0.547,0.126,0.124,0.125,0.067,0.126,0.762,1.101,0.8,1.163,0.958,0.702,0.38,0.749,0.897,0.731,0.829,0.111,0.476,0.894,1.516,,0.491,0.67,0.421,0.3,,0.084,,2.181,0.692,0.87,0.623,1.058,0.84,0.509,1.164,0.949,0.831,1.102,1.017,1.232,2.111,0.966,0.976,0.764,0.34,0.717,0.82,0.73,0.629,0.562,,0.964,0.779,1.096,1.073,0.423,0.044,0.692,0.724,1.486,0.564,0.74,0.933,0.254,0.099,0.255,0.297,0.324,0.392,0.369,0.513,0.203,0.182,0.204,0.194,0.205,0.256,0.491,,0.275,0.418,0.431,0.411,0.352,0.339,,2.014,0.755,0.185,0.044,0.537,0.449,0.46,0.289,0.334,0.346,0.223,0.296,,0.572,0.056,0.606,0.327,1.277,0.412,0.327,0.434,0.866,0.337,0.438,0.456,0.476,0.438,0.54,0.499,0.337,0.418,0.123,0.606,0.36,0.467,0.714,0.474,0.337,,0.993,0.185,0.697,0.324,0.196,0.909,0.125,0.421,0.586,0.302,0.378,1.048,0.518,0.621,0.635,0.188,0.44,,0.458,0.908,0.752,0.626,0.639,1.09,0.619,0.125,0.059,0.805,,1.811,1.293,0.826,0.682,0.224,0.243,,1.112,0.523,0.284,0.24,0.528,1.337,0.724,0.589,0.524,1.067,0.267,0.832,0.93,0.184,0.862,1.263,0.786,0.547,0.334,0.362,0.387,0.439,0.358,0.762,0.904,0.603,0.112,0.308,0.81,0.617,0.184,0.218,0.508,0.285,0.47,0.488,0.47,,0.841,1.476,0.641,0.636,0.564,0.294,0.345,0.456,1.157,0.107,0.28,0.23,0.482,0.352,0.779,0.437,0.049,0.332,0.091,1.016,0.503,0.227,0.268,0.514,0.387,1.112,0.913,0.672,0.271,0.192,1.46,1.468,1.752,,0.293,,0.887,0.498,0.733,0.293,0.889,0.224,0.609,0.999,0.291,0.853,0.495,0.593,0.927
20160416,17,CO_24h,,,,,,,,,,,,,,0.926,1.002,1.417,1.295,1.027,1.24,,1.518,1.357,0.932,1.112,0.961,1,,0.592,0.968,0.469,0.689,0.907,0.382,0.566,2.154,2.04,2.424,2.816,2.614,2.511,0.739,0.853,0.792,1.162,0.947,0.86,0.606,0.772,0.697,0.628,0.627,0.6,0.611,0.414,0.837,0.118,0.356,0.329,0.482,0.609,0.498,0.613,0.41,0.481,0.491,0.597,0.481,0.728,0.749,1.232,1.028,0.897,0.562,0.496,0.591,0.698,0.589,0.778,0.899,0.503,,0.312,0.431,1.116,0.498,0.974,0.632,1.239,0.561,0.335,0.847,0.686,0.263,0.327,0.504,1.295,0.937,0.783,0.938,,1.217,0.707,0.954,0.889,0.776,,0.806,0.693,1.242,0.938,0.852,0.911,0.638,0.855,0.739,1.066,0.352,0.946,0.812,1.046,0.74,0.862,0.663,0.857,0.703,0.712,0.871,1.01,2.185,0.842,,1.218,1.167,0.823,2.059,1.49,1.507,0.982,0.715,0.445,0.497,0.635,0.461,0.787,0.406,0.413,0.627,0.64,1.38,0.681,0.438,0.358,0.919,0.997,0.675,0.373,0.709,0.486,0.758,0.608,0.7,0.571,0.58,0.866,0.893,0.683,0.737,0.658,0.812,0.458,0.832,0.863,0.903,0.838,1.053,1.517,1.397,1.437,1.447,1.2,1.369,1.361,,0.771,0.891,0.998,1.278,1.411,0.736,1.697,0.806,0.499,2.304,0.746,0.629,1.152,0.76,0.642,0.704,,0.572,0.506,0.628,1.046,1.145,1.217,0.703,1.316,1.821,,1.805,1.136,0.642,0.715,0.875,0.825,1.694,1.301,1.899,1.755,0.61,0.683,0.326,0.468,0.454,0.703,0.771,,0.695,0.759,1.108,0.538,0.476,0.586,0.601,,0.475,0.591,0.728,,0.893,1.002,0.852,0.538,0.393,0.339,,0.673,,1.354,0.664,,0.889,0.679,1.028,0.409,,,0.762,0.775,1.315,0.744,0.62,0.82,0.602,0.381,0.593,0.767,0.841,0.729,0.639,0.916,0.933,1.495,0.874,1.05,1.694,0.611,0.543,1.008,1.016,0.988,1.187,0.595,0.879,0.778,0.844,0.686,0.894,0.442,0.837,0.905,0.863,1.044,0.813,0.831,0.912,0.682,0.894,0.827,,0.741,0.696,0.69,0.695,0.728,0.635,0.472,0.468,0.289,0.953,0.544,1.51,1.22,1.692,0.81,1.078,1.394,1.141,0.863,1.058,0.665,0.576,0.891,0.676,0.882,0.946,0.856,0.732,0.739,0.777,0.516,1.11,0.72,0.795,0.776,0.653,0.684,0.545,0.888,0.824,0.935,1.307,,0.729,0.845,0.958,1.269,0.827,0.743,1.191,0.927,0.378,0.674,0.632,0.94,0.518,0.694,0.644,0.643,0.651,0.827,0.765,0.657,0.705,0.889,0.63,0.444,0.886,0.965,0.592,0.775,0.4,0.698,0.837,0.746,0.519,0.68,0.899,0.593,0.701,0.625,,0.747,0.589,0.826,0.608,0.64,0.766,0.686,0.677,0.695,0.319,0.905,0.77,0.613,,1.091,0.953,1.143,1.122,1.108,1.042,0.833,0.929,0.332,0.583,0.534,0.539,0.592,0.243,0.348,0.229,0.4,0.51,0.547,0.149,0.616,0.77,0.521,0.516,0.177,0.212,0.222,,0.803,0.467,0.678,0.897,0.5,0.638,0.935,,0.638,0.542,1.295,0.677,0.304,0.383,0.447,0.49,0.743,0.464,0.469,1.251,0.518,0.166,0.747,1.695,0.517,1.112,0.363,0.768,0.44,0.2,0.503,0.553,1.458,0.734,1.451,0.717,1.085,0.838,2.35,0.804,0.657,0.453,2.963,1.483,,0.665,0.294,0.76,0.719,0.622,0.495,,0.867,1.184,0.685,0.659,0.606,0.78,0.411,0.898,0.555,0.588,0.73,0.573,0.655,0.367,0.352,0.673,0.616,0.839,0.878,0.705,0.816,0.674,0.691,0.739,,0.377,0.46,0.897,0.91,0.683,0.608,0.469,0.624,0.693,1.067,0.647,0.464,0.207,0.368,0.425,1.457,0.96,0.729,0.573,1.525,0.884,0.345,2.054,1.033,0.682,0.361,0.884,1.37,1.001,0.919,0.958,0.819,0.683,0.645,1.353,1.296,1.173,1.44,1.161,1.028,1.302,,1.084,1.438,1.402,,1.074,1.256,1.054,0.986,0.97,1.144,1.648,,1.168,1.37,0.824,0.608,0.677,0.986,0.768,0.539,0.345,,0.576,0.466,0.642,0.591,,0.745,,0.4,1.043,1.163,0.948,0.773,1.817,0.638,0.496,0.39,,0.429,0.71,0.577,0.878,0.668,0.622,,0.928,1.08,0.464,1.143,0.731,1.191,1.162,0.862,0.943,0.783,1.027,0.62,0.763,1.129,0.587,1.32,1.632,0.539,0.604,0.746,0.512,1.214,0.973,1.26,1.035,0.719,0.705,0.918,0.836,0.839,0.62,0.807,1.01,0.834,1.162,0.742,1.319,1.299,1.144,1.2,1.227,1.269,1.29,0.756,1.298,0.53,1.051,3.361,2.914,1.19,1.17,1.171,1.117,1.728,0.414,0.716,0.435,0.506,1.062,2.883,,1.675,0.83,1.25,1.898,1.892,3.279,1.934,3.187,1.971,0.642,0.824,0.77,0.485,0.541,0.508,0.706,1.976,0.571,0.984,0.704,0.841,1.237,0.837,0.628,,0.843,2.066,0.639,1.864,0.727,0.941,1.299,1.694,3.01,0.902,1.07,0.506,0.943,0.761,1.015,1.237,1.271,0.793,0.664,0.698,0.834,0.719,,0.529,0.877,1.129,0.247,0.67,0.55,1.457,0.744,0.862,0.958,0.638,0.832,0.59,0.612,0.724,0.769,0.617,0.635,1.548,0.559,0.712,0.584,0.783,0.68,1.115,0.93,0.708,0.857,0.847,0.579,0.8,2.005,0.744,1.133,2.086,2.381,0.683,1.424,1.926,2.177,0.493,0.681,1.205,0.981,1.261,1.393,1.958,,1.327,1.786,1.561,1.271,1.882,0.792,0.733,0.846,0.475,1.062,1.413,1.129,0.779,0.772,0.5,0.594,0.908,0.715,0.87,0.815,0.945,1.035,0.594,0.858,0.901,0.748,0.569,1.131,0.679,1.65,0.496,0.092,0.426,1.815,1.713,1.027,1.238,1.335,1.034,1.643,0.91,1.297,0.791,0.91,1.075,1.103,1.277,1.181,1.434,0.978,0.744,0.548,0.614,0.958,0.709,0.595,0.559,0.428,0.39,0.653,0.347,0.549,2.608,1.385,1.328,2.391,0.024,0.333,0.292,0.064,0.455,0.267,0.437,0.291,0.964,1.064,0.703,0.848,0.41,0.409,0.848,0.361,0.807,0.52,0.676,0.857,0.573,,0.456,0.695,0.815,0.416,0.699,0.726,1.065,0.32,0.48,0.503,0.552,1.477,1.466,0.703,1.165,0.459,0.436,0.689,0.626,0.523,0.609,1.021,0.599,0.642,0.609,0.598,0.522,0.49,0.232,1.099,1.239,,0.547,0.462,0.715,0.44,0.879,0.764,1.027,0.395,0.403,0.67,0.527,0.538,0.704,0.653,1.211,1.338,0.506,0.344,0.442,0.225,0.591,0.353,0.463,0.339,0.698,,1.56,2.693,1.207,0.397,1.213,0.685,0.571,0.459,0.838,0.782,1.303,0.793,0.482,0.996,0.756,0.717,0.644,,0.501,0.509,0.712,1.014,0.813,0.76,0.627,0.938,0.752,0.528,0.601,1.207,1.979,0.567,0.921,0.444,0.556,0.586,0.435,0.681,0.611,0.687,0.845,0.657,0.956,,,0.037,0.457,0.517,0.543,0.472,0.317,0.47,1.056,0.808,0.721,0.864,0.788,1.14,0.879,1.003,1.035,1.116,1.045,0.848,0.467,0.794,0.766,0.676,0.348,0.662,0.734,,0.64,0.431,2.09,1.691,,1.822,1.85,0.919,0.409,0.552,1.192,,1.246,0.342,0.377,0.35,0.688,1.011,0.86,0.302,0.272,0.401,0.588,0.478,0.51,0.275,0.572,0.586,0.784,0.434,0.646,0.322,0.605,0.185,,1.816,2.642,1.421,1.829,1.222,1.031,1.362,0.656,0.87,0.777,1.851,0.818,2.017,0.499,2.451,3.017,1.272,1.098,1.995,1.12,1.153,0.736,0.763,1.512,1.552,0.94,0.863,0.508,0.825,1.524,1.013,1.085,0.802,1.586,1.101,0.436,1.253,1.905,,0.647,0.668,1.115,1.033,0.947,0.664,0.537,0.318,1.006,0.438,0.848,1.342,1.178,1.084,0.646,0.934,0.239,0.283,0.318,0.387,0.457,,0.534,0.637,0.675,0.701,0.484,0.599,0.819,,0.711,0.514,0.722,1.006,0.59,1.007,1.381,1.391,0.856,1.124,1.433,1.848,0.557,0.796,0.586,0.808,0.661,0.53,0.286,0.673,0.44,0.789,0.763,0.807,0.796,,0.556,0.776,0.731,0.445,0.537,0.377,1.17,0.734,,0.442,0.972,1.523,0.654,0.415,0.808,0.305,1.188,0.257,1.009,0.418,1.056,2.442,1.484,1.528,1.033,0.179,1.124,1.358,0.975,1.09,1.394,0.887,0.754,0.758,1.246,0.881,0.76,0.731,0.695,0.795,0.68,1.025,1.587,0.887,1.705,1.016,0.73,0.763,0.595,1.588,0.601,0.59,0.771,0.73,0.813,0.642,1.394,1.043,1.429,0.787,1.145,0.128,1.171,1.027,0.756,0.766,0.73,0.688,1.066,0.752,1.337,1.013,1.387,1.692,2.286,0.941,0.542,0.449,0.409,0.643,0.682,0.76,0.667,0.274,0.677,0.923,1.031,0.926,0.557,0.612,1.705,1.613,1.713,0.913,0.75,1.412,0.924,0.698,,0.676,0.938,0.682,0.791,0.56,0.459,0.63,0.709,0.58,0.752,1.39,1.097,1.979,0.988,1.423,,1.178,0.996,1.024,0.555,0.704,0.842,0.607,1.079,1.356,1.602,0.753,0.468,0.625,0.561,1.155,1.193,1.767,0.771,0.545,,0.834,0.747,0.722,0.797,0.735,0.528,0.74,0.902,1.138,1.086,0.995,1.134,1.307,0.714,0.949,0.873,0.699,0.851,0.125,0.438,0.21,0.605,0.504,0.798,1.166,0.894,1.224,0.995,0.703,0.714,1.04,0.916,1.136,1.352,0.528,0.931,1.217,1.79,,0.756,1.467,0.885,1.567,0.142,0.245,0.484,2.15,0.811,0.865,0.568,1.073,0.911,0.532,1.38,1.034,0.866,1.17,1.092,1.244,1.63,0.899,0.986,0.836,0.571,1.113,0.83,0.688,0.968,1.05,,1.097,0.852,1.244,1.128,0.446,0.152,0.762,0.707,1.448,0.724,0.874,0.785,0.353,0.184,0.394,0.355,0.5,0.544,0.58,0.681,0.289,0.343,0.397,0.384,0.285,0.43,0.7,,0.418,0.362,0.533,0.458,0.575,0.345,,2.057,0.955,0.252,0.063,0.707,0.677,0.708,0.363,0.268,0.4,0.308,0.348,0.192,0.903,0.069,0.998,0.428,1.451,0.527,0.381,0.594,0.812,0.338,0.477,1.425,0.503,0.513,0.646,0.546,0.403,0.4,0.171,0.809,0.456,0.544,0.747,0.492,0.547,,0.852,0.18,0.745,0.351,0.329,1.114,0.113,0.36,0.655,0.322,0.467,1.063,0.631,0.735,0.858,0.48,0.703,0.264,0.739,1.638,1.296,0.552,0.484,1.333,0.855,0.11,0.102,0.815,,1.783,1.409,0.857,0.729,0.296,0.338,,1.98,0.498,0.333,0.275,0.497,1.572,1.042,0.859,0.686,1.175,0.438,1.022,1.07,0.296,0.953,1.328,0.874,0.77,0.363,0.404,0.446,0.653,0.468,0.87,0.983,0.667,0.455,0.649,1.21,0.428,0.319,0.276,0.65,0.408,0.708,0.488,1.4,,0.958,1.284,0.772,0.915,0.554,0.348,0.41,0.851,1.19,0.293,0.666,0.334,1.215,0.352,0.759,0.363,0.184,0.743,0.239,1.116,0.632,0.317,0.302,0.57,0.658,1.457,0.955,0.317,0.464,0.641,1.516,2.024,2.568,,0.387,0.974,0.963,0.723,0.808,0.507,0.84,0.263,0.747,1.113,0.599,1.407,0.784,0.779,0.949
20160416,18,AQI,,,,,,,,,,,,,,88,79,67,100,63,64,,87,69,80,74,71,73,,39,55,35,41,34,53,71,95,85,105,84,88,88,53,58,61,57,48,71,80,100,92,49,53,130,85,58,66,30,33,39,46,31,29,51,34,30,37,74,46,56,50,66,74,72,77,79,71,100,84,76,55,56,,68,37,37,44,59,64,70,36,29,35,37,26,26,25,25,64,65,68,,64,73,67,72,74,,74,58,55,50,60,49,45,41,42,39,48,172,123,111,123,103,84,84,99,93,100,70,77,88,,88,87,94,113,85,119,55,98,58,53,55,54,53,59,54,55,54,36,38,40,42,48,34,40,46,39,27,17,22,38,17,19,20,46,17,19,19,28,19,93,69,74,70,61,38,53,63,93,62,59,38,,45,35,18,33,29,23,28,31,21,39,20,27,24,22,19,21,,45,65,29,22,27,31,44,53,58,55,57,57,39,55,41,36,62,74,77,59,27,17,31,25,28,24,22,,35,25,26,30,38,55,53,,26,40,45,,88,69,63,27,39,52,,15,,42,18,,52,52,42,37,,,34,45,35,24,35,25,48,49,48,73,77,72,72,67,75,92,73,79,73,28,105,60,72,77,84,42,35,57,34,38,38,38,28,25,34,28,42,78,106,72,78,72,,100,90,30,36,29,27,22,39,30,26,34,93,86,81,79,74,80,93,88,69,31,35,46,38,50,41,40,45,40,44,51,47,39,43,35,50,38,38,38,54,52,61,,51,61,61,67,53,58,54,54,41,39,38,43,44,36,51,32,35,38,56,53,43,32,42,51,64,60,53,55,54,57,65,49,42,40,39,55,58,46,,50,47,53,52,48,52,53,55,48,43,55,53,61,,92,95,95,92,92,102,103,98,48,61,67,85,61,50,37,44,51,50,41,44,35,41,44,45,39,44,47,,36,44,37,37,37,34,40,,36,36,74,68,58,49,60,55,50,62,84,58,64,55,54,60,67,59,64,52,60,70,91,52,65,66,69,53,84,67,68,66,51,72,96,59,71,32,46,45,50,39,40,81,70,84,56,64,74,67,65,59,67,80,58,58,73,99,55,37,38,37,38,40,35,38,38,34,,68,38,58,45,69,52,55,35,54,53,46,41,36,41,43,86,90,85,79,37,46,54,35,104,75,57,118,89,270,62,49,53,40,36,149,112,111,68,89,80,87,,132,119,99,,101,83,54,57,61,75,99,,36,104,64,62,84,104,75,28,30,,27,28,30,43,,38,,40,86,82,85,84,70,78,25,32,,21,36,31,67,34,34,,65,62,68,50,62,51,51,52,72,48,28,59,63,59,57,54,54,53,24,52,58,42,57,56,30,28,38,39,53,53,47,51,53,80,90,79,64,69,79,65,65,68,63,68,55,74,56,84,58,107,112,112,38,43,52,38,33,52,70,60,,72,102,59,75,49,52,54,54,52,60,67,68,36,46,43,38,26,57,65,64,70,64,84,75,,49,52,107,60,58,50,70,71,87,85,65,54,87,95,80,67,77,64,54,73,62,78,,47,50,55,46,45,40,79,68,103,81,69,74,53,55,50,33,53,28,23,30,51,43,64,43,59,46,44,34,38,36,43,33,25,67,55,85,69,78,66,63,71,48,90,65,53,65,69,74,63,68,81,69,97,51,46,51,49,70,74,102,71,57,64,71,96,68,54,53,49,35,40,54,43,45,47,37,36,32,35,25,26,37,27,53,57,46,42,61,67,66,70,63,92,79,83,63,82,82,52,52,48,46,47,47,18,29,30,32,57,30,51,85,57,55,47,37,40,30,54,53,35,47,65,58,43,27,44,48,44,122,62,36,52,41,42,,62,72,58,42,70,75,42,63,64,64,70,63,64,66,75,59,65,67,66,71,67,60,68,82,79,76,86,471,412,304,32,,62,42,52,36,38,39,57,60,38,82,62,60,34,36,130,115,25,21,30,30,31,35,41,46,45,,42,33,40,46,36,41,18,25,25,24,26,31,32,18,35,17,48,,43,39,64,,53,56,40,36,30,29,31,26,34,22,12,20,16,63,55,33,46,25,22,56,51,,,43,49,36,33,33,36,35,65,64,72,64,69,58,63,73,47,70,79,64,72,34,33,77,31,33,58,,53,59,58,64,,56,45,60,49,51,62,,49,42,34,38,81,80,82,44,40,56,49,61,30,,40,49,49,101,70,49,50,51,,106,103,128,90,43,55,54,53,74,79,78,59,113,106,109,105,84,98,82,74,77,40,53,56,57,96,88,77,74,55,49,56,40,43,43,32,33,26,73,54,63,57,83,59,25,28,26,68,48,57,64,56,73,89,43,31,29,25,21,19,30,37,115,79,58,64,99,72,,52,65,,40,40,78,51,59,55,50,48,52,63,58,33,26,26,32,27,23,29,57,65,74,52,,52,98,73,110,64,54,46,59,,348,45,54,37,49,29,40,63,54,41,37,36,75,33,43,30,12,28,35,29,40,40,25,22,22,37,39,42,53,55,52,53,39,45,46,46,28,50,35,33,50,35,72,35,36,38,38,32,31,32,30,32,30,28,35,29,38,32,38,45,36,32,30,31,31,31,33,33,28,29,64,59,61,65,77,71,65,91,89,92,97,66,75,64,65,67,65,69,51,,62,78,52,63,62,103,70,54,48,55,28,35,61,46,35,,40,55,40,50,52,53,54,30,36,38,55,57,58,64,39,36,38,38,29,,36,35,32,38,42,32,33,33,33,52,37,34,34,59,35,36,36,33,41,37,39,99,37,36,32,45,32,31,37,36,30,34,35,34,67,34,42,32,,35,38,36,34,37,32,42,113,68,83,97,66,56,60,64,64,72,90,69,82,100,62,52,70,64,68,67,59,40,53,,75,75,99,103,59,42,31,67,28,37,19,38,31,37,39,36,35,28,35,32,35,41,43,42,46,48,50,,42,67,51,55,60,52,42,38,25,28,38,40,39,28,36,42,41,42,44,39,41,63,32,21,44,44,39,41,49,56,100,58,57,46,44,40,40,32,43,41,30,41,49,48,35,,49,74,54,42,52,55,31,34,80,98,77,66,48,40,67,76,102,51,64,86,84,52,56,69,73,22,36,37,27,42,44,137,78,40,32,,89,62,20,46,26,48,54,37,60,50,49,45,50,58,42,47,55,55,39,36,47,34,48,50,50,29,33,35,41,31,51,43,38,37,39,46,42,,67,55,50,82,99,59,500,71,88,190,50,50,53,58,68,60,64,64,56,50,69,41,25,41,40,51,64,59,165,206,500,500,500,,125,139,33,40,48,44,31,32,45,53,44,54,26,69,48
20160416,18,PM2.5,,,,,,,,,,,,,,39,54,40,41,40,46,,25,42,39,37,35,46,,6,13,9,2,7,21,11,32,38,31,43,39,42,27,34,20,29,18,20,19,25,29,15,17,22,23,15,19,16,4,7,18,10,6,20,8,8,8,4,3,7,4,30,30,45,39,34,35,14,19,29,24,5,,6,9,7,10,42,11,6,3,8,1,5,15,5,9,4,46,35,49,,46,53,48,52,54,,54,35,39,32,30,24,29,20,27,23,33,119,90,71,62,62,37,55,59,57,60,51,44,65,,65,64,70,85,63,90,39,73,41,34,34,38,37,41,37,38,38,22,23,23,29,33,19,25,26,21,9,5,15,5,7,7,7,8,7,4,7,8,5,69,48,54,51,30,26,34,36,34,41,38,26,,17,24,12,23,10,15,19,9,14,25,9,10,8,12,11,12,,31,29,20,5,9,8,16,37,41,39,40,40,18,27,13,25,44,54,56,38,14,9,10,3,2,16,6,,19,4,14,17,24,31,30,,18,23,25,,63,45,45,10,17,20,,6,,14,9,,22,36,29,20,,,14,18,19,5,11,8,33,34,27,52,56,52,52,,55,68,53,58,53,15,62,28,35,29,35,29,24,40,15,20,3,19,3,6,8,8,29,30,44,27,34,42,,45,46,3,10,9,8,7,9,13,10,6,37,38,41,41,35,43,,41,44,14,14,17,26,20,11,13,15,21,12,13,10,13,12,10,17,15,15,8,13,36,35,,21,33,40,39,37,24,34,26,27,27,22,30,30,25,30,22,24,26,33,33,30,22,21,33,35,36,32,21,32,40,36,33,21,28,26,39,37,27,,35,31,37,32,31,31,28,30,24,28,31,33,38,,68,71,71,68,58,71,68,73,30,32,38,63,27,13,9,10,19,12,16,9,9,14,11,15,,13,14,,11,8,11,10,9,8,10,,11,21,20,22,22,25,17,22,16,15,16,22,27,23,23,36,26,21,46,12,,37,35,12,24,17,12,19,19,17,15,9,18,19,59,17,6,17,14,15,24,5,20,43,38,22,18,13,23,25,,18,26,28,22,18,13,26,5,10,11,11,23,11,9,13,10,12,,10,11,10,31,10,8,8,5,10,5,10,6,4,13,12,50,67,52,58,19,17,20,24,78,55,32,89,66,220,44,34,36,26,20,114,84,83,49,66,59,64,,29,41,44,,44,61,38,40,43,55,74,,25,78,36,44,62,78,55,16,12,,10,18,11,13,,13,,17,34,40,31,39,36,29,11,13,,11,14,,48,10,12,,47,43,47,31,28,23,33,34,52,33,16,39,45,35,40,38,38,32,10,36,27,25,40,36,19,19,26,27,32,37,29,34,35,59,67,58,46,45,58,44,33,34,44,49,31,54,26,32,28,39,35,45,,4,3,4,6,8,26,16,,30,27,14,42,9,8,8,16,18,8,14,25,7,4,5,6,12,11,47,46,51,46,62,55,,34,33,80,43,28,35,51,44,64,63,47,36,64,71,59,48,46,46,36,53,44,57,,24,18,39,15,16,28,42,49,56,48,50,54,37,39,35,15,20,19,16,21,27,30,46,30,42,19,19,17,16,17,17,18,4,20,15,24,16,57,37,32,14,22,22,33,28,11,22,20,9,49,1,27,72,19,17,24,20,19,24,28,18,8,15,14,34,12,29,24,19,4,21,12,4,7,11,2,9,15,8,17,3,16,18,37,23,27,24,31,48,39,41,42,68,54,61,23,60,60,28,36,19,23,24,22,9,18,17,15,20,13,27,63,27,31,3,12,4,1,28,13,17,14,11,41,19,13,19,33,13,92,44,24,10,4,20,,34,27,24,21,18,25,21,21,23,18,23,19,23,17,26,18,21,14,18,21,25,22,25,27,14,16,24,71,68,50,7,,17,9,10,11,11,2,12,15,7,22,14,29,12,19,99,87,6,3,8,10,6,12,4,4,,,20,12,12,5,16,13,4,10,8,9,10,17,6,5,5,5,28,,30,27,36,,10,11,14,10,21,20,14,18,9,7,8,11,4,45,39,8,5,6,6,23,19,,,30,34,9,6,21,11,6,13,17,17,12,33,20,45,43,27,31,23,29,52,6,15,8,7,10,18,,16,18,20,19,,1,14,43,30,15,10,,19,9,5,,52,34,60,20,26,23,15,26,10,,28,34,34,18,10,18,19,28,,58,53,65,53,,39,30,35,54,58,52,42,50,50,63,45,62,73,60,54,56,17,15,31,30,57,65,56,54,37,34,37,28,24,30,19,23,2,53,38,45,40,61,42,11,19,,49,29,40,46,30,53,66,30,9,12,11,11,13,5,13,87,37,17,46,74,52,,36,47,,28,28,38,23,42,32,35,33,36,39,41,23,14,18,22,15,16,7,40,47,54,36,,27,73,53,83,46,32,32,42,,205,29,14,23,34,20,28,14,24,16,14,9,25,19,17,20,8,15,11,10,18,21,14,12,15,6,4,27,32,39,36,37,9,19,23,12,19,8,14,11,11,18,52,13,12,12,9,18,20,20,21,22,21,10,11,20,14,14,26,31,14,20,16,20,18,18,16,23,19,20,30,16,9,33,48,49,45,19,22,15,15,26,32,31,32,37,38,33,20,,27,16,15,45,22,20,33,24,24,24,9,24,36,32,19,,10,20,11,12,14,13,21,16,20,26,1,4,6,10,8,12,26,17,15,,15,24,14,17,16,16,19,9,11,11,10,14,8,,13,8,11,14,15,2,16,18,20,18,18,20,20,20,21,17,12,14,14,22,4,17,7,7,,18,10,10,13,9,12,17,57,49,61,58,44,36,33,46,35,52,67,47,60,75,44,36,51,31,33,48,37,16,29,,53,50,74,77,8,6,7,18,17,19,11,11,9,21,17,8,4,5,15,10,9,5,9,11,17,18,20,,18,27,20,32,30,18,15,16,17,17,11,8,12,11,12,15,13,5,13,27,27,30,22,4,13,19,17,21,23,20,30,20,11,21,13,14,15,13,18,15,12,14,14,15,12,,19,29,31,11,8,12,14,22,39,30,56,32,28,28,45,47,56,24,30,50,50,23,16,28,,13,12,10,16,10,21,17,31,15,6,,13,44,8,12,16,15,15,14,15,9,11,9,10,17,16,14,14,11,27,10,24,4,6,17,11,20,17,8,16,,8,7,12,8,20,13,21,,25,27,4,15,42,,103,34,65,40,17,18,19,21,31,32,24,18,17,18,46,7,10,3,10,4,8,15,57,99,215,329,453,,48,66,13,12,10,8,5,7,4,10,5,22,15,21,33
20160416,18,PM2.5_24h,,,,,,,,,,,,,,75,72,74,75,85,71,,66,81,83,81,80,82,,36,38,30,24,28,38,33,84,86,91,100,99,104,41,70,55,55,51,34,34,40,38,44,57,48,45,46,47,41,42,32,30,29,31,33,40,38,29,23,30,31,25,63,61,70,45,55,56,57,39,39,39,12,,11,18,17,18,23,19,16,19,26,14,19,28,15,20,25,43,42,49,,45,49,45,50,49,,53,39,36,33,33,25,35,37,32,36,27,58,66,56,55,52,40,46,54,41,54,52,55,44,,60,58,57,68,53,52,59,49,38,37,32,35,26,35,35,38,35,30,22,29,27,30,20,22,32,18,23,22,28,21,22,22,20,21,31,30,36,35,29,46,42,39,42,57,43,59,61,53,49,55,32,,31,28,25,31,31,25,30,27,27,33,20,20,21,26,21,24,,25,24,24,30,30,32,41,44,46,46,46,48,20,37,21,28,46,51,45,47,24,19,17,24,16,24,24,,32,23,21,17,20,18,18,,15,20,19,,37,40,34,22,23,25,,16,,23,25,,38,34,34,15,,,25,26,31,32,34,25,20,26,23,33,36,34,37,39,38,42,39,32,36,14,49,38,38,37,39,36,29,50,18,26,7,23,14,24,16,21,14,66,59,57,52,68,,78,55,13,22,23,20,23,20,26,27,25,31,35,37,30,37,40,38,31,32,20,26,25,28,28,23,25,21,27,45,25,20,26,24,22,24,24,27,22,19,34,34,,30,34,37,40,38,29,39,21,28,29,27,29,27,27,32,26,25,28,33,26,34,26,17,28,31,29,26,28,26,33,34,36,23,28,25,30,28,24,,33,28,34,29,33,30,26,25,30,26,30,29,41,,65,61,62,63,60,63,66,69,31,37,45,49,34,6,17,11,21,15,23,17,16,14,14,23,16,18,19,,20,22,24,20,21,17,20,,18,13,11,30,21,30,19,21,23,24,18,28,27,22,24,32,28,24,27,16,19,24,75,17,33,19,21,18,22,20,27,9,21,16,45,20,26,19,27,18,28,12,13,27,32,37,18,53,40,33,35,31,22,20,39,17,18,21,12,21,23,22,29,21,23,24,24,25,,17,20,28,42,25,32,29,33,32,21,22,23,17,22,21,41,48,46,40,29,30,29,32,50,71,46,69,50,96,58,41,42,35,18,109,77,77,63,63,70,60,,52,50,59,,61,59,72,75,47,59,70,,63,81,38,75,68,69,62,28,28,,22,20,24,43,,40,,44,47,52,51,44,50,57,38,32,,25,27,22,56,45,52,,28,27,27,30,16,35,29,28,39,28,29,38,38,33,34,36,33,25,35,31,28,27,18,19,30,26,29,24,24,25,23,30,30,35,40,47,38,36,39,37,39,34,44,38,25,35,28,40,37,52,50,56,19,20,13,19,21,29,42,27,,36,30,18,31,23,18,12,23,31,16,29,30,15,10,37,39,53,29,41,44,44,48,48,43,,41,32,43,45,21,38,37,36,49,39,33,28,100,61,75,76,81,41,36,48,42,45,,37,25,58,23,30,36,41,54,51,72,50,73,32,39,49,37,12,16,16,21,28,23,28,28,31,23,21,22,18,20,23,23,5,25,54,41,38,52,42,43,30,34,49,47,43,42,51,58,45,64,92,52,91,30,27,32,29,17,23,34,15,35,37,35,33,36,24,25,25,26,40,28,22,30,28,34,40,41,38,38,24,33,14,16,48,64,57,70,50,35,39,48,82,69,70,55,74,68,25,32,19,25,26,25,9,10,12,10,10,7,37,29,28,24,11,18,13,14,26,20,17,13,16,28,23,30,14,24,16,39,30,24,10,18,27,,37,25,22,16,26,25,32,15,18,19,22,19,21,17,26,14,19,18,18,13,29,19,19,26,15,15,25,18,13,15,19,,19,22,28,26,11,6,21,14,7,32,28,25,53,58,83,73,26,21,23,31,17,20,23,26,10,,39,33,24,27,35,40,24,26,25,20,18,18,20,27,25,23,30,,31,31,41,,18,25,16,21,36,27,31,25,27,16,16,20,19,48,48,28,20,21,21,28,27,,,41,41,22,19,18,16,15,32,33,33,32,40,41,46,34,47,30,34,32,47,29,35,34,25,25,19,,18,22,18,19,,10,19,70,35,25,15,,21,20,19,23,65,81,75,29,23,38,37,36,27,,54,65,63,52,48,23,22,24,,78,75,92,46,36,31,32,28,51,52,49,51,48,51,48,43,58,66,59,47,48,20,22,59,54,49,46,74,74,41,38,46,43,36,32,33,24,27,52,38,71,58,84,37,19,21,15,60,25,65,63,44,93,105,70,17,20,18,32,30,22,16,61,41,33,37,63,41,,33,28,,19,26,45,60,47,40,43,34,33,29,31,52,43,40,32,22,34,6,46,39,49,51,,38,46,49,69,30,27,19,32,,102,44,34,18,33,17,24,65,45,41,52,76,29,29,27,27,7,19,18,15,20,18,14,13,29,31,29,20,28,29,24,31,10,51,55,34,45,37,33,44,42,43,31,26,28,26,22,15,23,18,23,21,25,24,21,26,40,40,55,59,43,25,17,16,18,18,22,31,30,28,62,34,34,35,47,45,52,29,35,31,26,25,28,25,35,37,37,35,18,,44,19,18,60,48,49,62,30,26,30,16,31,48,45,23,,14,22,14,14,17,19,17,18,25,37,23,16,23,12,13,15,24,18,23,,21,24,16,18,19,32,32,24,25,25,23,31,35,24,30,31,30,34,36,24,45,37,40,35,25,25,27,28,61,37,33,14,43,32,23,30,24,31,,33,23,32,39,13,23,28,52,44,52,48,46,42,33,52,43,48,68,45,58,62,45,31,48,65,73,46,36,42,60,,56,57,79,78,7,8,9,12,14,15,11,15,9,9,13,10,12,9,14,11,12,26,17,22,15,14,14,,17,7,15,17,26,10,16,16,12,15,6,6,9,6,7,18,16,11,15,30,30,24,32,18,10,13,12,14,17,15,22,27,16,24,10,12,16,8,17,28,12,10,14,19,21,,32,30,23,18,18,15,15,15,41,43,46,31,33,35,55,66,74,51,45,47,100,25,26,30,,15,14,15,16,16,20,27,32,36,34,,49,23,15,19,17,11,33,19,14,17,21,17,16,8,18,10,13,11,24,14,18,14,18,34,13,29,30,10,17,26,17,10,14,11,19,18,7,,23,36,21,26,29,,49,41,23,38,25,27,30,23,30,28,29,27,21,48,75,27,28,5,14,15,14,22,41,61,94,127,204,,41,47,13,13,19,10,7,5,8,19,28,24,34,27,33
20160416,18,PM10,,,,,,,,,,,,,,125,108,84,150,75,68,,124,88,109,97,92,96,,39,59,35,41,34,55,91,140,119,159,118,125,126,55,66,71,64,48,92,109,150,134,49,55,210,120,66,81,29,33,39,46,31,29,51,21,27,37,97,46,62,50,81,97,93,103,108,91,150,118,101,60,62,,86,37,37,44,58,78,89,36,27,18,37,17,,25,22,65,80,62,,59,78,73,79,97,,58,65,59,50,70,49,45,28,42,39,,293,196,171,196,155,117,118,147,136,149,,45,82,,,73,80,107,64,99,,83,58,55,60,49,,67,57,59,55,36,38,40,,,24,40,46,39,27,,,38,,,20,46,17,19,19,13,14,,88,,60,72,35,55,76,135,74,67,,,45,26,15,29,29,23,,31,,39,18,27,24,22,18,21,,,80,,17,27,22,44,56,54,55,56,59,39,60,41,,53,62,58,67,22,17,12,9,28,24,16,,35,6,,30,38,60,56,,25,40,45,,125,88,67,22,39,54,,,,42,12,,54,43,36,37,,,34,45,35,19,14,12,47,,48,96,83,86,70,83,71,76,78,82,80,28,160,69,94,103,118,40,34,56,34,,3,,26,20,14,19,38,106,162,94,105,94,,150,130,12,31,10,24,22,,20,26,,136,122,111,108,97,110,136,125,88,31,22,46,35,50,36,40,45,31,18,51,33,31,39,21,50,35,38,37,57,49,72,,51,71,72,84,51,66,58,58,41,,38,37,44,35,52,32,30,35,61,55,38,26,42,51,78,70,56,59,57,64,80,49,42,38,39,,66,46,,50,47,53,53,48,54,55,59,48,43,59,55,71,,121,133,130,125,133,154,155,121,48,72,84,88,72,50,36,36,51,37,41,44,26,41,44,32,1,38,47,,30,19,24,23,21,16,20,,21,36,97,49,66,48,63,54,47,50,74,66,78,59,57,69,84,67,78,54,54,89,132,53,79,81,87,56,118,83,85,82,51,94,141,67,91,32,46,42,50,39,40,111,89,118,61,77,97,84,79,67,84,109,66,65,95,147,60,28,38,37,27,28,21,32,37,31,,53,21,66,,87,53,59,35,58,56,46,41,36,41,43,121,122,120,99,37,46,58,32,,63,63,99,102,,74,46,55,40,36,123,123,171,79,98,79,70,,213,188,148,,152,75,56,,71,91,97,,32,123,78,50,79,95,89,23,13,,17,,27,43,,31,,33,121,114,119,117,90,106,22,22,,12,15,7,,25,23,,66,73,86,50,73,51,51,54,63,45,28,68,56,68,64,55,58,55,24,54,66,42,64,61,30,27,33,38,55,54,47,52,55,99,91,99,70,87,92,80,80,86,76,59,60,79,62,118,65,163,174,174,38,43,54,38,33,53,90,70,,94,154,67,99,49,53,57,58,53,69,83,85,26,46,43,38,26,64,73,74,84,76,90,75,,38,53,,50,65,37,57,92,106,,58,58,90,84,84,83,103,72,58,85,72,93,,36,50,44,46,45,,108,,156,112,62,56,47,47,,26,55,21,,27,51,30,50,40,52,46,44,34,38,36,43,33,12,83,59,119,88,70,82,76,92,48,130,80,56,79,88,97,75,81,111,87,76,52,46,51,49,90,98,153,92,63,78,92,141,85,57,55,49,30,28,22,21,29,16,25,36,22,,17,26,37,19,,63,38,42,71,68,81,89,76,115,107,83,75,113,87,53,41,32,46,42,47,16,29,30,32,64,28,51,77,63,60,5,22,24,6,58,55,35,47,79,46,43,25,44,48,44,111,46,36,54,8,37,,74,94,66,39,89,100,42,76,77,77,89,76,77,82,100,68,80,84,81,91,84,70,86,113,108,101,121,571,512,423,31,,74,42,53,36,27,29,63,70,38,114,73,69,24,29,157,152,10,10,8,18,14,,5,5,9,,29,27,18,14,28,41,12,16,24,9,,,32,14,32,14,48,,43,36,78,,55,62,40,36,28,28,31,,16,10,,18,9,,54,33,46,25,22,61,52,,,,,35,31,25,34,29,80,77,94,78,87,66,54,95,47,90,107,78,65,23,24,104,31,33,65,,56,67,65,78,,62,45,66,41,52,73,,49,42,25,38,112,110,102,44,40,62,49,71,27,,28,41,,152,89,49,50,52,,162,155,205,130,43,51,57,55,77,77,106,45,175,162,167,159,79,118,101,85,86,40,56,61,64,141,110,74,95,59,48,61,,43,41,32,29,26,,52,62,48,89,45,,26,16,54,48,53,,62,,,34,31,,25,21,16,7,37,,107,66,52,80,,,,,,31,36,106,52,56,60,44,41,,,46,,26,,,17,19,9,60,62,,51,,53,82,71,,67,57,36,53,,458,45,58,37,39,25,,75,57,41,37,36,31,22,43,30,8,15,14,14,40,40,25,22,,16,39,42,55,42,44,43,39,26,46,16,,17,35,17,50,35,,16,18,18,10,27,30,32,,31,,22,28,22,31,32,36,,25,28,26,26,28,26,18,,22,28,78,68,72,79,104,92,80,131,128,134,143,81,100,77,80,84,79,87,52,,74,105,54,60,73,155,89,58,48,59,28,34,72,38,35,,40,60,40,50,54,55,57,25,28,36,59,63,65,78,19,,26,27,29,,36,33,32,29,42,31,33,23,32,54,19,26,34,67,18,22,36,26,,37,29,32,27,21,32,45,32,31,37,28,30,25,26,,84,34,42,26,,18,,17,22,18,29,35,67,72,72,84,82,61,69,75,77,88,129,87,84,113,64,52,68,77,85,60,67,40,56,,100,99,94,134,68,42,31,84,28,28,19,27,21,22,29,29,11,17,17,15,12,26,22,29,43,48,50,,42,84,51,60,70,53,42,38,,,33,40,39,19,31,42,21,39,28,32,41,76,32,21,33,31,34,40,49,62,150,66,64,46,33,28,39,26,43,41,22,41,49,48,35,,49,98,57,42,54,59,31,34,110,84,78,82,48,37,84,102,153,52,77,122,110,54,62,88,75,22,36,37,27,33,,223,105,40,31,,128,59,,46,,48,57,37,70,50,49,45,50,65,42,47,60,59,33,36,47,29,48,50,50,26,32,29,41,,51,43,38,37,39,46,42,,83,60,50,114,147,68,641,91,109,329,50,50,56,65,85,70,78,78,62,48,,41,25,9,40,51,77,67,279,354,866,1582,1719,,199,227,31,37,48,44,21,8,16,56,44,58,26,87,46
20160416,18,PM10_24h,,,,,,,,,,,,,,137,144,132,141,146,126,,149,139,151,131,112,139,,62,82,63,57,68,77,103,197,180,218,189,193,200,89,119,114,125,125,74,90,112,103,95,127,130,141,147,126,156,127,164,163,144,90,118,95,109,93,105,84,104,88,116,128,119,118,119,108,90,89,105,54,56,,45,44,40,45,44,76,62,132,115,110,118,109,150,103,101,74,100,88,,92,91,89,89,106,,99,104,79,68,84,69,79,73,74,77,48,138,132,114,114,99,86,84,103,99,117,73,73,81,,78,86,80,99,69,74,77,69,77,62,64,68,48,60,58,71,62,76,64,70,68,66,55,69,79,63,51,61,69,46,58,48,51,49,58,62,67,62,58,83,84,73,71,133,91,119,103,136,126,116,68,,80,69,51,73,54,58,58,64,64,61,62,60,67,63,49,67,,69,70,54,79,82,87,99,87,88,100,87,91,41,79,55,55,90,83,89,68,46,34,24,45,31,59,50,,63,46,41,45,35,40,42,,23,36,48,,78,83,53,44,44,47,,51,,55,45,,77,58,49,37,,,35,43,42,53,50,38,32,44,46,70,80,83,70,72,71,85,76,70,75,24,82,62,77,72,90,48,40,69,40,48,35,33,41,43,32,33,43,125,154,134,124,124,,138,133,43,49,39,48,37,53,44,66,88,76,68,69,66,75,70,78,66,58,38,47,51,52,47,40,52,47,49,12,53,33,41,40,33,50,44,48,33,38,49,55,,51,61,51,70,50,56,55,46,44,54,45,45,46,39,52,55,36,45,59,45,61,42,33,39,54,53,50,50,45,46,68,48,39,36,36,33,48,45,,48,48,49,46,45,49,47,46,49,45,52,53,59,,99,99,107,103,100,117,133,129,46,63,70,78,62,25,27,27,31,24,33,38,25,27,35,29,24,32,31,,34,29,46,35,34,29,33,,34,18,53,68,63,55,71,58,59,69,77,51,58,51,54,59,68,57,110,82,60,62,158,51,75,58,54,42,61,58,65,56,39,54,76,43,44,34,46,36,48,32,25,57,59,76,69,113,118,106,99,95,64,75,82,44,72,82,62,38,44,48,53,40,36,40,46,43,,59,35,85,60,150,147,160,130,138,128,122,103,105,96,109,118,100,95,80,52,52,54,46,107,97,85,114,117,126,123,79,82,54,29,150,122,153,128,105,114,98,,154,146,161,,140,129,130,136,78,104,124,,108,118,131,109,126,122,116,65,86,,43,46,50,79,,76,,89,114,97,116,108,130,110,66,68,,49,62,58,124,98,106,,39,38,45,40,41,59,50,39,45,44,45,54,50,54,50,52,45,46,47,41,55,31,28,32,45,34,39,28,32,36,41,47,46,54,58,66,54,56,55,53,54,53,58,47,36,56,50,81,72,116,125,131,113,91,100,69,75,87,82,84,,97,75,41,77,32,36,39,54,56,50,74,80,39,33,218,212,195,181,76,80,84,98,90,73,,80,84,72,78,63,63,59,77,95,60,60,56,122,111,122,126,123,60,52,66,63,65,,50,43,65,41,45,36,78,72,100,132,62,89,55,59,70,54,29,23,30,29,52,51,56,60,55,52,39,38,32,37,40,36,10,66,91,94,61,81,82,78,79,49,111,76,54,66,85,147,75,105,138,96,119,59,64,56,63,48,53,101,42,67,71,73,73,78,52,49,44,52,52,61,44,48,37,55,84,55,89,41,46,55,29,22,67,100,86,125,66,70,72,76,99,106,88,86,111,88,50,47,35,49,49,48,13,23,19,17,25,12,85,53,90,51,18,28,24,19,42,40,35,32,51,63,42,48,31,38,31,57,40,35,57,28,37,,51,62,57,44,58,66,47,46,51,55,53,54,55,53,71,41,45,58,48,49,52,59,48,64,58,62,63,116,126,119,60,,94,88,136,96,21,21,61,37,34,138,136,144,106,111,138,150,64,43,38,52,34,42,79,49,76,,70,67,57,66,96,97,50,54,51,43,44,46,57,51,55,70,66,,60,68,67,100,52,74,49,64,68,62,67,66,49,34,36,50,49,60,61,63,58,57,51,60,53,,,62,61,43,31,32,31,31,74,76,83,74,78,72,69,60,87,50,64,72,80,44,74,106,63,58,44,,34,49,45,45,,45,34,79,63,68,41,,34,85,76,92,137,135,140,45,41,123,118,130,106,,66,80,75,308,258,65,58,53,,189,146,181,134,43,66,63,78,93,88,109,97,144,137,137,147,83,137,107,71,74,43,49,91,82,121,80,98,98,60,54,63,61,53,48,57,31,36,74,52,111,75,107,46,29,45,27,63,50,77,66,84,106,187,80,34,28,38,50,50,50,26,94,110,56,79,131,83,,55,51,,48,71,139,147,125,74,94,65,69,46,52,91,62,63,49,30,36,16,86,68,76,78,,80,79,102,118,63,56,38,53,,230,95,88,50,40,28,26,62,51,57,40,28,49,47,46,42,12,28,23,25,27,29,28,23,41,49,47,35,49,40,43,40,34,76,66,65,91,68,77,69,93,77,31,43,45,40,37,22,32,29,29,39,31,35,29,30,78,83,78,84,67,33,25,25,22,22,31,34,38,37,81,78,91,73,80,81,92,112,107,115,123,57,60,53,64,69,67,67,45,,76,87,57,101,103,124,122,60,52,67,42,53,95,57,55,,46,54,37,42,54,46,43,38,44,59,51,50,50,61,32,31,40,49,40,,43,37,33,29,42,54,50,43,46,46,40,50,48,50,47,47,48,50,,50,84,62,62,40,42,59,52,46,90,52,60,21,59,44,55,53,55,45,,51,51,51,65,25,43,56,69,66,64,66,78,60,66,76,70,73,99,74,87,94,60,48,73,110,118,63,62,66,93,,93,98,100,125,46,39,25,48,42,31,23,37,23,19,22,19,21,18,19,20,23,38,36,41,25,35,36,,33,47,28,34,56,31,46,36,20,29,15,18,22,13,31,42,32,39,35,54,47,74,57,65,21,23,21,33,37,39,75,67,53,43,27,24,30,37,48,73,25,25,50,45,35,,62,100,54,52,43,38,27,24,87,114,81,67,56,52,88,115,174,92,87,157,153,42,58,55,65,26,28,28,33,52,,211,105,73,59,,161,40,34,45,,27,55,34,36,84,89,84,95,24,35,24,44,37,41,44,33,28,40,40,49,54,55,34,44,66,54,32,33,32,38,40,17,,52,53,62,88,76,130,215,80,83,120,79,92,81,81,91,84,81,122,93,231,202,144,129,19,58,60,64,103,191,241,243,535,618,,157,155,43,39,52,41,15,12,24,65,65,61,43,58,53
20160416,18,SO2,,,,,,,,,,,,,,10,10,5,16,9,16,,9,3,21,9,9,11,,2,8,3,8,9,5,17,32,29,22,17,31,20,3,7,13,8,6,21,14,19,20,7,6,6,2,2,2,4,2,9,3,4,5,7,7,5,13,1,3,1,3,12,11,28,8,22,9,10,7,24,37,13,,7,3,4,3,3,6,7,9,7,4,11,6,3,8,8,4,29,11,,9,18,12,9,14,,10,2,9,9,8,3,8,3,11,9,5,15,11,10,9,8,6,7,13,11,9,13,21,34,,13,16,36,13,11,13,15,21,13,12,10,11,7,11,15,13,21,9,10,10,12,10,3,11,5,10,9,7,10,6,6,9,5,9,17,13,23,17,11,16,12,15,18,23,11,10,5,133,18,113,6,,51,20,8,10,7,5,6,9,8,12,5,8,12,6,15,10,,12,14,30,4,1,7,16,16,13,5,15,7,9,5,12,7,29,19,7,11,4,7,9,5,3,3,6,,5,3,5,6,8,16,10,,8,10,9,,31,38,18,7,6,6,,9,,6,5,,6,8,7,4,,,15,26,7,3,5,12,9,9,13,8,11,3,4,6,4,2,9,7,10,2,5,7,8,4,5,6,4,6,2,3,3,5,7,3,4,4,13,13,12,17,9,22,,17,18,20,11,30,10,33,20,16,17,3,19,17,20,14,22,18,11,19,17,3,4,4,7,3,9,4,6,9,8,6,10,7,4,11,16,10,12,9,7,5,7,,11,11,11,25,5,9,20,16,6,3,6,8,125,7,20,4,13,23,9,15,3,8,1,16,10,10,3,11,6,11,5,4,2,13,5,7,14,5,,4,5,6,4,7,9,4,6,7,5,10,12,11,,7,10,12,11,5,11,9,11,5,6,5,4,11,10,7,8,7,3,6,9,9,12,6,6,3,8,9,,7,13,4,9,7,9,4,,8,11,9,5,7,9,13,7,11,9,8,13,5,14,7,10,15,14,6,9,7,8,24,7,13,7,6,7,7,8,8,10,5,4,11,6,9,3,1,5,4,2,6,12,13,3,14,29,14,21,25,12,12,1,7,8,12,5,1,5,12,17,25,13,4,4,10,5,,12,5,8,11,5,7,4,6,6,9,11,5,7,2,4,11,12,12,12,44,8,21,14,21,14,19,41,21,12,18,17,15,9,9,13,8,8,7,16,21,15,,9,11,13,,12,13,13,8,16,21,23,,17,31,16,4,19,15,25,9,12,,7,1,13,28,,4,,6,17,38,9,6,2,7,11,6,,8,2,6,14,42,14,,22,13,10,2,11,18,9,5,5,6,15,4,8,9,5,12,8,11,3,3,3,3,5,10,8,8,10,3,3,6,3,3,4,13,12,12,20,21,15,13,1,40,22,24,23,4,13,6,6,13,12,14,10,14,10,10,12,9,21,15,,20,10,1,4,2,4,6,50,6,12,10,47,20,7,12,9,7,9,7,10,19,9,15,8,,,29,14,22,14,18,8,13,24,31,11,9,20,29,19,18,21,16,10,14,11,15,,7,9,8,37,7,15,6,24,13,15,6,187,13,7,18,21,6,6,46,9,21,5,44,17,3,8,10,9,9,14,13,15,8,16,22,12,17,10,22,15,13,20,16,14,17,11,11,35,13,26,20,22,32,26,34,21,24,15,13,18,15,8,11,3,25,13,12,17,24,9,33,15,3,2,20,8,11,8,13,20,1,8,3,3,10,11,8,10,3,6,9,11,8,8,7,12,15,8,1,2,14,11,9,6,6,16,8,9,14,7,9,107,14,11,4,4,10,5,8,7,6,6,10,6,10,7,6,4,5,4,8,4,9,3,4,,4,16,13,8,8,12,8,11,15,10,11,7,4,8,7,6,5,5,5,8,6,6,10,19,11,9,14,3,3,4,4,,16,10,12,4,3,19,2,5,3,3,2,6,10,16,14,17,4,11,6,4,10,9,3,4,6,,7,12,27,28,7,5,4,20,21,17,1,17,5,6,9,9,12,,,14,11,,12,8,6,11,22,15,9,5,3,1,6,6,2,13,21,6,2,4,4,18,18,,,2,2,8,11,12,11,9,12,8,16,12,8,12,7,46,35,31,37,32,46,12,24,8,5,10,12,,25,5,3,6,,17,17,3,12,3,8,,11,2,1,6,7,8,4,7,4,3,6,9,43,,5,5,10,14,5,23,6,7,,44,13,33,24,6,8,5,9,9,7,8,7,23,14,25,10,13,9,8,28,14,4,3,10,4,5,4,8,3,11,22,11,6,12,33,10,4,5,1,2,5,7,7,3,6,9,22,4,1,4,5,5,17,14,22,13,17,35,15,6,12,71,7,41,25,6,25,8,,46,6,,12,12,9,17,31,6,5,9,9,237,8,28,3,7,16,26,9,5,5,5,6,25,,7,5,10,21,10,3,8,8,,8,15,5,4,14,13,13,9,8,10,9,8,51,38,15,21,3,2,5,5,7,8,5,7,2,4,5,2,3,1,5,3,12,10,14,21,7,1,2,6,7,11,3,11,45,15,10,29,17,13,30,8,4,4,8,6,4,4,6,1,11,2,6,4,3,5,5,15,10,33,66,16,18,19,27,38,29,8,9,6,9,22,21,22,11,45,21,15,29,,49,29,17,28,27,21,3,9,20,81,1,1,1,6,3,,6,10,15,4,4,5,4,6,2,3,20,21,9,8,7,5,1,1,6,,6,1,10,10,11,5,6,12,8,7,7,5,20,11,13,8,16,11,2,3,6,9,11,11,8,10,6,16,4,4,2,3,6,,11,6,12,82,,10,54,13,9,6,11,11,8,2,3,7,10,3,3,15,13,29,17,6,68,16,11,44,22,8,9,17,17,4,23,,17,22,12,23,17,13,13,13,8,14,4,7,4,11,7,3,5,6,6,7,2,6,3,4,30,7,7,,6,26,3,30,5,10,6,5,9,2,3,5,8,3,15,15,11,17,24,4,1,10,8,17,9,9,9,16,38,8,8,14,7,6,29,10,9,16,42,30,17,18,28,10,6,,19,3,2,10,14,9,13,4,4,19,5,10,19,16,5,8,22,8,5,8,11,7,8,8,6,17,7,15,9,9,8,3,4,12,4,,4,6,6,11,7,6,8,5,11,1,2,1,3,5,12,5,2,1,6,3,13,6,9,2,3,9,12,10,6,27,7,5,8,5,4,8,10,,8,21,8,8,23,9,10,19,1,27,11,1,29,7,30,25,9,7,7,1,5,2,3,,2,1,14,11,1,4,2,4,9,,7,15,2,7,3,6,3,2,19,12,5,4,9,6,14
20160416,18,SO2_24h,,,,,,,,,,,,,,17,22,16,25,14,23,,20,13,16,21,11,19,,13,14,12,19,15,12,23,64,53,52,55,65,68,15,23,13,14,15,19,13,15,127,15,17,16,11,13,15,5,4,10,3,5,12,12,16,11,16,10,8,9,8,42,13,36,14,32,14,12,12,32,42,11,,8,13,9,8,6,9,15,10,8,11,13,7,2,9,9,11,48,26,,23,23,20,22,26,,16,8,17,8,7,5,10,3,15,14,4,29,15,14,10,12,8,10,11,18,15,23,21,30,,14,35,31,25,29,15,26,19,12,11,11,10,10,10,11,11,19,15,14,16,15,16,4,16,12,8,15,11,14,12,9,16,10,12,20,21,28,18,14,17,15,24,24,31,26,28,10,53,21,128,12,,60,27,11,12,15,9,6,11,11,13,10,11,23,16,13,14,,21,19,32,6,9,19,25,23,15,11,12,11,8,10,14,8,36,26,9,17,5,5,9,15,3,5,7,,13,5,5,7,8,10,8,,7,10,13,,11,17,13,10,9,6,,17,,12,12,,7,5,4,7,,,13,21,7,12,11,15,12,11,22,12,13,24,10,11,13,9,12,8,15,3,5,8,6,2,5,6,5,13,8,6,11,9,14,15,9,13,12,19,16,17,15,29,,23,20,19,10,24,9,33,19,13,13,7,17,14,17,11,6,17,11,17,14,7,4,5,8,6,9,5,8,9,14,7,10,7,5,10,16,7,11,8,6,4,6,,11,12,12,24,5,7,20,9,6,3,5,5,24,7,14,3,10,9,10,7,5,5,3,14,8,11,4,16,7,8,5,5,3,13,10,7,11,5,,4,5,6,4,8,8,4,6,7,3,16,28,12,,7,11,9,10,5,10,8,9,5,5,6,5,11,7,6,9,8,4,9,10,12,8,8,9,8,10,9,,11,13,6,10,10,8,7,,11,10,8,7,5,9,11,5,18,11,6,20,10,56,17,13,17,17,7,9,6,6,15,7,19,11,8,14,7,12,10,10,7,5,13,8,11,4,4,5,5,3,7,16,13,6,22,29,12,17,26,15,11,2,14,6,8,4,7,10,15,19,28,24,12,23,16,11,,15,5,39,10,6,7,5,7,8,8,18,10,9,4,9,18,22,14,14,24,12,18,13,23,21,11,12,13,11,19,20,20,11,8,30,23,24,6,16,20,10,,24,21,21,,20,44,38,33,18,34,40,,25,31,16,13,20,17,30,12,11,,10,4,16,22,,6,,9,25,44,26,37,10,34,11,5,,14,6,8,25,54,26,,25,13,9,10,11,23,10,3,8,7,21,2,13,9,4,11,8,11,4,3,6,3,3,8,8,8,10,4,4,8,3,3,3,8,7,12,14,15,11,10,9,7,11,23,24,3,19,28,30,20,24,25,12,16,11,13,15,11,23,19,,23,14,11,7,7,3,9,27,9,42,18,21,30,9,11,9,7,10,8,12,18,21,20,11,,52,25,10,18,9,22,12,21,98,22,10,9,50,92,35,44,55,15,11,16,12,12,,9,8,9,22,6,14,10,36,19,22,6,18,14,10,6,15,8,7,40,10,8,4,13,9,7,34,33,32,32,44,31,60,28,29,28,22,27,17,27,15,18,19,19,16,29,11,11,27,13,29,22,13,33,18,28,12,13,21,13,19,15,8,10,3,21,12,16,14,35,7,22,19,4,5,27,12,15,8,14,18,3,8,4,3,18,31,26,17,13,6,9,8,12,11,32,13,18,9,1,2,14,14,16,7,8,22,12,9,12,11,76,34,59,18,4,8,7,7,8,8,6,6,12,9,15,9,6,4,6,13,18,5,6,3,2,,2,24,30,9,6,9,7,5,10,7,11,7,3,7,7,4,4,5,3,6,10,4,4,20,5,10,13,4,4,6,23,,19,36,107,48,2,16,2,3,2,7,3,5,14,20,24,23,5,6,6,2,10,11,5,6,12,,10,9,17,23,11,9,5,20,15,11,2,17,13,12,16,12,14,,12,15,13,32,12,10,7,13,21,14,13,16,10,6,9,10,5,11,15,14,4,9,10,17,16,,,5,4,7,12,12,11,7,15,16,24,14,9,13,8,19,24,17,18,14,13,23,39,24,16,23,14,,18,9,4,9,,15,14,11,26,15,10,,12,9,7,19,23,22,22,3,2,16,14,15,24,,6,7,23,15,6,23,5,6,,34,27,48,20,6,7,6,11,23,15,17,18,24,13,23,10,17,17,14,34,20,3,5,28,18,10,7,8,3,11,13,9,12,11,35,11,6,4,3,2,5,9,9,3,3,4,15,6,2,6,10,4,14,21,28,15,21,39,17,8,19,37,13,37,29,6,36,12,,23,11,,23,16,7,26,32,39,43,59,11,89,28,28,10,6,20,22,10,5,9,9,8,27,,13,15,17,21,12,4,10,8,,8,23,10,6,15,15,10,6,6,9,16,17,24,21,16,16,2,3,11,6,7,9,7,7,2,6,6,1,5,4,4,3,8,16,25,27,25,24,15,33,35,35,3,38,95,37,33,12,9,5,20,7,3,9,15,16,8,8,8,15,25,13,8,4,6,9,20,32,35,48,32,22,23,19,19,37,28,15,17,22,13,22,23,15,13,69,27,21,28,,44,24,16,32,33,35,16,16,21,42,8,2,12,7,2,,8,15,18,8,6,15,7,10,36,22,27,17,19,7,6,7,3,5,10,,5,4,5,5,8,7,8,12,10,9,11,7,8,11,21,21,30,22,5,47,16,15,13,4,5,6,4,14,26,13,21,9,16,,7,13,15,25,,14,60,17,13,5,9,9,9,8,6,6,12,3,3,14,13,17,29,11,29,16,15,42,56,9,11,18,12,5,12,,22,52,9,13,12,12,10,9,8,11,4,11,9,16,13,8,8,9,10,14,2,13,8,10,28,19,13,,8,14,4,31,6,5,7,5,7,3,2,5,8,2,22,25,11,23,37,6,2,10,8,19,14,10,7,12,31,9,7,21,7,8,18,13,13,10,24,18,15,15,34,11,7,,16,5,5,6,17,9,13,3,3,16,7,11,36,30,27,28,36,16,14,7,10,6,11,8,7,14,7,17,6,4,8,4,6,12,5,,24,7,9,10,7,11,5,6,6,3,6,4,4,4,14,6,2,2,8,4,11,11,10,5,5,11,16,9,7,15,9,4,8,4,5,9,5,,12,20,15,12,21,11,9,21,1,29,11,5,34,4,23,7,8,13,8,2,7,2,3,,4,4,12,13,4,6,2,8,13,,8,13,4,11,5,6,3,7,12,8,12,53,12,14,14
20160416,18,NO2,,,,,,,,,,,,,,43,33,22,37,33,31,,39,48,55,23,29,28,,18,21,11,16,13,4,3,72,83,52,67,72,73,36,39,62,50,50,31,29,20,36,15,12,12,12,3,16,8,13,12,8,18,8,11,3,7,5,20,12,7,16,33,44,29,16,20,29,38,24,30,20,8,,5,1,12,6,10,4,17,8,25,8,4,8,24,12,10,28,33,39,,35,52,51,44,59,,43,21,31,22,49,36,23,14,21,23,15,87,58,91,53,53,18,14,34,32,38,22,154,42,,85,81,43,28,67,60,27,44,56,53,46,45,30,47,50,45,38,7,23,26,28,34,34,28,14,36,30,33,34,36,33,37,40,37,27,29,20,56,22,42,,23,63,36,26,11,26,23,32,13,23,,18,20,29,52,26,29,48,48,29,43,33,23,38,30,21,31,,28,30,33,38,15,26,15,21,50,28,21,42,26,29,25,24,43,70,37,46,22,30,10,31,14,25,26,,5,23,15,27,28,48,76,,15,41,43,,91,80,88,28,14,22,,26,,16,28,,34,32,21,36,,,24,23,16,17,14,17,59,38,48,32,34,16,13,26,48,31,34,17,36,8,86,77,68,57,75,20,49,32,23,11,6,7,16,22,10,29,19,24,20,18,27,9,,32,2,20,19,,38,14,12,15,27,18,58,73,49,53,24,49,61,47,43,19,14,37,33,50,19,15,23,14,9,13,19,8,12,19,25,41,18,15,9,62,52,,33,48,28,52,58,40,58,37,29,36,28,29,41,16,35,8,22,52,26,41,9,17,5,59,66,63,15,30,2,31,38,4,8,2,3,15,18,12,,22,15,29,20,10,27,28,39,19,27,21,14,10,,16,10,41,10,17,30,33,12,7,11,27,29,35,18,65,25,50,28,32,18,23,38,43,27,29,43,18,,27,49,17,12,19,26,,,13,13,17,28,21,14,16,28,38,39,16,37,16,4,11,4,24,15,15,29,17,16,27,22,28,20,33,18,31,38,30,18,15,23,24,15,33,11,14,17,6,19,31,31,32,9,4,15,14,10,11,15,43,17,8,24,22,58,3,11,29,15,16,10,29,26,30,25,,6,19,18,16,12,12,6,8,9,14,17,8,6,4,5,56,42,47,41,27,28,22,51,53,65,58,50,69,72,34,56,42,41,30,34,31,35,62,33,46,51,,13,15,24,,20,23,18,17,30,38,42,,34,50,11,18,51,16,9,15,19,,15,20,22,14,,18,,7,13,26,20,12,12,25,20,14,,34,24,23,29,18,15,,24,23,30,6,28,19,37,19,29,14,8,9,,11,7,16,6,9,19,6,6,13,54,42,14,14,13,20,26,14,5,6,13,43,101,47,19,23,33,41,34,45,28,3,3,11,8,10,10,11,14,14,9,9,6,57,5,9,16,27,,20,17,5,25,7,20,2,1,26,21,12,14,4,9,10,18,15,10,41,26,76,76,61,31,,26,62,39,44,30,36,47,34,44,83,64,49,29,65,20,31,27,48,33,43,23,51,,9,27,52,26,18,8,13,70,36,44,18,20,18,19,6,17,36,27,16,21,47,20,48,34,44,20,29,19,14,15,41,17,13,26,22,,23,10,17,18,13,23,13,20,27,12,9,2,18,28,30,28,19,32,32,28,19,21,18,31,15,19,40,15,16,21,16,16,9,21,6,5,2,12,9,3,6,4,10,3,11,6,12,7,4,12,14,,8,9,20,19,34,19,13,12,23,10,7,5,14,10,13,22,17,20,22,38,52,10,20,39,34,25,12,3,25,20,18,21,13,31,9,15,16,5,16,25,20,16,14,22,33,17,18,,27,15,6,20,12,33,16,26,34,20,18,2,16,15,21,10,14,37,29,25,36,15,36,14,25,19,14,7,13,4,4,,2,8,2,5,9,3,2,13,2,7,7,8,14,26,30,31,12,14,25,2,19,20,10,9,9,,14,20,30,15,13,7,9,22,50,48,13,17,33,35,69,34,33,,,34,32,,35,38,16,23,36,30,41,27,22,22,18,29,23,38,29,14,35,25,17,32,48,,,22,19,20,18,9,16,12,11,7,12,9,36,27,23,25,24,26,29,19,16,6,7,8,7,6,9,,10,16,23,12,,9,8,13,5,8,9,,8,2,4,4,12,17,18,23,18,18,16,21,12,,20,23,20,9,2,4,11,5,,46,23,47,26,44,72,65,47,26,39,31,33,23,17,36,25,49,45,63,40,61,24,45,24,19,28,21,27,20,45,43,31,16,35,21,7,2,15,2,26,8,33,23,22,49,19,22,5,12,44,32,15,9,13,31,13,18,11,26,10,5,28,58,132,67,28,8,14,,16,30,,34,6,9,16,34,11,22,26,18,24,18,22,2,20,11,29,23,11,15,20,29,34,,31,17,49,22,17,19,16,26,,23,46,20,31,45,39,48,55,34,20,14,23,36,54,45,27,3,21,9,8,31,47,20,8,13,11,12,11,3,3,21,26,5,14,3,15,2,2,9,15,12,6,10,11,14,14,12,4,13,21,16,32,16,19,15,11,9,8,2,8,17,8,11,6,10,4,5,4,22,26,36,22,27,7,36,12,22,24,14,19,12,22,33,33,15,12,45,19,14,,15,15,14,8,9,36,4,22,13,31,16,26,15,18,19,,15,14,23,16,19,21,12,36,23,5,14,16,8,44,13,6,16,8,2,,17,17,17,15,2,3,8,11,10,38,12,23,24,5,4,4,13,10,3,18,7,21,14,8,14,7,2,10,12,13,17,23,22,6,14,5,5,1,,2,11,4,8,4,3,12,16,15,22,8,25,7,13,16,20,27,16,1,12,33,14,16,17,8,2,11,14,13,26,,2,13,13,17,11,39,30,39,15,16,8,13,32,9,12,13,9,42,23,20,6,6,2,1,4,21,11,,12,19,8,16,23,13,16,28,45,10,6,27,28,19,6,6,16,7,10,5,7,11,13,8,9,10,14,10,37,20,19,10,29,22,18,10,16,14,3,10,21,17,12,9,28,,21,5,5,4,18,7,14,23,16,13,7,2,9,15,9,6,11,8,18,13,21,12,11,16,17,8,6,,37,5,7,5,10,14,6,,2,12,3,22,12,8,17,24,22,2,12,4,7,9,16,9,11,11,17,6,6,15,8,13,12,7,10,9,13,20,18,6,2,7,8,45,15,,5,12,2,19,6,6,27,9,13,9,8,11,12,4,16,12,13,12,11,3,6,2,2,3,28,15,8,10,7,11,6,9,4,,8,14,18,13,,6,4,17,8,3,3,15,32,13,70
20160416,18,NO2_24h,,,,,,,,,,,,,,48,46,28,47,42,48,,59,61,47,41,40,46,,33,25,20,24,26,14,14,70,77,55,79,80,80,23,50,65,48,49,38,40,26,44,30,23,62,26,23,36,14,18,14,11,21,22,21,18,15,12,47,38,31,43,59,59,53,21,29,25,39,36,41,30,17,,7,14,16,17,6,14,27,11,23,11,9,13,28,16,10,25,31,31,,29,63,30,40,38,,29,29,34,14,27,20,23,22,16,27,13,64,46,63,35,48,19,16,25,24,40,39,44,31,,84,92,54,33,85,34,45,37,52,42,39,38,39,32,28,28,19,29,37,38,46,36,49,52,32,36,34,43,37,41,42,41,41,42,34,41,32,47,46,26,30,20,40,46,47,26,41,41,48,33,31,,25,35,32,48,31,27,49,55,34,45,37,23,48,36,19,36,,34,33,29,41,28,49,40,20,52,27,19,44,25,28,27,23,43,66,36,36,47,38,12,56,19,48,58,,48,38,45,15,16,19,35,,10,26,25,,58,76,55,31,19,30,,34,,27,37,,37,21,20,21,,,41,34,26,37,30,34,37,32,38,35,42,21,25,41,64,45,38,13,39,24,58,58,68,52,68,17,36,39,31,24,23,10,26,42,13,29,25,28,26,31,32,11,,38,9,21,21,6,41,22,14,16,24,26,45,51,36,29,26,31,37,32,24,20,18,37,30,33,27,14,25,28,20,17,24,11,20,16,36,34,22,22,14,48,40,,35,42,28,51,49,25,47,31,20,28,25,27,26,15,41,8,17,30,27,23,19,24,7,46,48,48,28,28,5,38,39,11,5,5,4,16,15,15,,28,22,31,28,26,17,22,24,12,13,25,19,20,,30,15,46,16,25,43,40,35,6,12,20,13,27,12,38,18,30,16,23,31,19,16,46,19,28,32,24,,23,47,32,38,44,40,43,,28,19,12,41,12,21,16,25,27,48,19,32,17,11,17,5,31,21,18,36,24,12,48,21,35,29,40,29,30,34,37,20,23,20,18,19,40,28,25,13,24,32,25,23,29,13,6,26,29,28,29,29,43,41,41,43,48,42,14,22,27,27,19,25,26,32,37,22,,9,14,31,15,13,8,10,10,10,15,15,12,9,7,10,32,31,22,21,14,12,23,16,30,30,19,16,40,36,40,45,44,48,21,38,36,38,41,28,42,42,,20,22,26,,23,38,29,26,33,50,50,,40,39,15,29,60,27,11,21,30,,12,18,17,17,,19,,17,27,32,33,25,26,37,24,13,,26,16,23,37,19,26,,19,22,27,18,29,22,27,20,23,17,20,9,6,10,7,17,5,4,10,4,5,21,27,33,9,13,13,21,16,14,6,4,6,30,50,44,14,19,21,27,26,25,23,3,4,16,18,28,37,20,21,24,13,18,11,35,10,12,18,32,,28,21,6,26,12,27,6,3,36,30,22,27,16,18,7,12,9,13,18,18,29,41,21,19,,27,35,20,27,14,29,24,28,54,18,16,10,41,53,44,48,50,34,23,35,22,30,,10,17,24,22,16,8,18,70,29,51,25,22,20,20,8,17,30,32,20,14,31,19,24,25,37,25,29,25,16,12,35,19,5,31,17,1,32,21,15,18,22,30,24,30,46,18,17,33,24,39,33,31,17,27,26,26,23,20,20,25,14,31,39,33,26,33,32,24,16,33,17,9,8,14,13,10,9,5,18,2,15,13,19,5,7,40,24,41,11,10,13,16,14,18,19,13,23,10,8,6,29,29,31,30,13,17,21,20,14,11,44,19,35,29,8,5,17,19,15,18,16,21,29,23,41,20,12,23,22,35,20,19,29,35,16,,24,16,9,15,25,30,34,13,28,17,18,6,29,37,40,11,18,31,36,24,30,29,34,16,33,29,25,8,14,8,17,,7,19,31,19,14,6,3,12,12,28,18,17,23,33,31,39,18,15,13,11,27,25,14,13,21,,17,22,30,13,18,9,7,22,14,15,10,12,38,48,45,33,31,,31,36,42,39,36,37,21,22,39,33,44,30,30,29,19,44,31,25,22,26,48,39,30,45,55,,,26,20,16,15,8,14,14,18,15,21,17,32,36,33,11,15,15,10,15,12,18,20,14,17,20,10,,11,17,20,6,,6,3,17,11,17,17,,13,10,11,10,16,28,21,10,10,20,22,21,13,,20,20,27,9,4,8,8,4,,40,30,46,28,11,17,24,20,27,41,19,34,18,18,22,23,36,40,43,26,30,21,30,37,45,30,17,26,16,39,32,27,12,25,19,8,2,12,2,32,13,34,32,19,24,14,17,6,15,38,29,17,10,34,46,22,21,12,28,18,10,16,64,57,48,32,33,23,,29,33,,33,10,22,27,27,36,42,56,39,46,35,56,4,44,24,36,27,11,34,44,38,45,,22,16,58,30,17,25,22,27,,17,61,38,39,29,36,31,40,24,34,18,25,32,34,32,20,2,18,18,14,29,42,30,16,26,45,40,5,9,4,18,19,3,15,9,18,11,12,15,27,25,17,7,20,19,21,17,5,10,6,6,12,13,16,18,17,20,15,3,19,21,10,11,8,14,11,18,19,37,32,30,31,43,19,37,18,22,26,27,26,22,22,28,32,21,18,49,21,23,,20,19,23,22,23,55,21,21,13,32,33,30,21,15,27,,15,11,14,16,18,18,14,27,24,26,19,20,20,42,17,13,14,8,3,,12,10,10,15,5,19,21,18,19,31,19,27,25,4,11,10,14,12,10,28,26,19,31,10,11,11,3,12,17,24,23,32,34,5,13,11,9,2,,16,14,8,18,4,7,18,14,17,30,16,30,7,13,18,19,19,15,10,20,24,11,14,19,11,22,10,12,14,27,,7,15,12,17,17,30,20,29,16,18,13,27,18,17,18,11,17,23,20,18,8,20,17,14,6,24,15,,16,18,18,20,30,14,18,37,21,11,5,22,28,20,8,8,13,10,13,8,9,16,30,24,11,15,10,12,23,17,17,30,24,26,20,12,13,11,14,14,16,13,14,11,17,,31,19,13,3,11,6,9,15,26,28,18,4,25,33,14,14,19,21,21,39,27,15,15,39,32,9,7,,27,22,14,15,16,19,10,,26,6,6,23,14,11,20,27,21,21,30,19,20,9,14,7,8,10,23,12,5,30,23,19,11,12,13,28,29,15,38,6,5,8,22,59,25,,7,9,12,26,9,5,24,12,14,18,36,31,57,7,18,14,19,31,32,13,17,3,4,3,43,36,10,28,31,37,19,41,42,,26,33,26,19,,12,2,14,25,17,23,26,40,15,61
20160416,18,O3,,,,,,,,,,,,,,47,63,20,54,57,69,,47,37,31,53,30,67,,104,57,105,106,89,60,121,17,15,22,23,18,23,68,56,64,60,56,98,83,94,88,109,105,121,86,103,73,96,94,88,96,79,92,95,106,93,104,66,80,84,103,62,72,71,108,103,90,87,77,84,68,70,,73,78,65,63,64,115,99,88,91,109,75,81,83,79,80,62,98,82,,80,42,73,71,72,,87,109,89,94,64,97,118,131,99,111,105,30,39,15,50,47,70,106,62,71,88,64,49,30,,20,13,42,24,23,8,43,17,70,45,55,70,53,51,62,65,60,106,89,119,106,104,108,98,114,109,36,36,42,38,43,39,42,39,45,52,52,10,60,70,65,74,62,63,67,76,70,47,64,65,28,,75,85,57,44,40,66,38,47,67,27,64,62,65,48,58,52,,76,77,24,68,46,99,96,88,49,61,79,58,93,91,95,101,38,31,50,31,85,47,99,80,79,69,68,,79,80,83,64,65,57,34,,79,61,42,,8,33,14,86,82,58,,48,,53,55,,63,54,66,60,,,58,66,56,76,110,77,17,37,26,83,70,71,90,93,89,79,72,101,70,52,22,19,34,19,6,46,43,63,82,119,120,119,88,79,106,89,102,56,70,77,58,73,,62,67,94,115,90,86,27,124,93,76,108,112,70,109,89,116,57,75,81,113,84,109,85,88,73,130,78,103,125,140,85,148,124,136,110,114,120,108,120,114,13,10,,18,6,33,41,19,36,12,46,28,40,35,30,4,34,68,45,55,21,36,39,45,41,62,29,30,24,48,24,62,53,59,46,48,52,53,47,39,42,,44,49,41,48,53,50,45,45,30,31,61,66,66,,133,167,85,109,130,172,149,144,80,101,67,66,64,133,116,140,93,157,114,131,109,99,107,141,123,140,145,,113,138,117,117,117,106,125,,114,103,157,174,158,155,168,164,157,169,187,113,110,129,128,124,125,97,113,112,114,122,108,108,112,111,111,107,96,86,125,124,80,90,139,118,121,102,86,144,107,97,65,42,63,114,140,113,90,127,97,82,93,31,42,88,57,79,40,117,89,112,121,127,110,121,119,107,,174,119,103,72,93,83,96,80,94,104,99,100,72,111,110,80,81,72,64,110,134,112,86,71,64,74,59,38,24,96,20,25,26,25,50,51,69,27,44,62,45,,89,87,57,,81,63,40,55,52,95,57,,63,61,45,78,46,47,67,89,96,,86,87,94,103,,119,,127,79,57,69,97,78,87,79,102,,65,115,98,99,106,106,,102,73,31,104,102,25,41,67,56,44,35,64,48,59,80,80,34,51,57,55,63,35,22,22,47,45,49,57,43,56,60,41,52,114,66,96,96,79,71,45,43,36,83,,20,82,133,62,92,89,82,84,97,88,93,82,98,76,108,127,,121,95,100,100,86,65,98,84,84,94,91,106,113,107,94,86,57,53,69,71,50,55,59,86,,116,73,91,63,108,102,72,87,62,43,49,69,87,60,102,84,101,83,82,83,100,63,,148,71,43,72,107,105,77,60,46,45,105,71,88,92,104,105,12,54,71,36,72,44,67,82,79,48,30,54,37,41,60,76,77,104,118,135,97,129,146,140,110,99,98,44,93,106,98,43,79,82,115,59,103,106,106,60,131,129,62,110,132,110,75,100,98,113,134,133,118,109,125,163,137,141,150,116,95,100,112,29,38,85,85,94,82,146,130,120,71,129,114,87,147,153,139,154,154,151,76,79,152,139,148,130,55,60,60,97,65,96,62,76,102,115,148,118,126,93,23,12,94,75,101,162,136,85,98,84,136,64,84,87,126,131,133,,137,153,145,133,114,98,111,118,139,133,139,127,125,121,127,114,108,87,102,125,95,124,105,91,121,120,111,106,115,80,102,,116,122,110,108,119,122,65,154,70,93,93,127,107,113,47,49,78,67,95,94,99,110,130,146,144,,133,104,128,147,115,82,56,78,56,65,81,98,37,41,27,31,36,,,,51,,44,40,50,8,43,39,48,56,108,68,38,62,51,,41,57,77,59,65,61,75,,,96,59,115,104,104,115,111,88,92,97,94,39,47,99,118,126,109,121,140,106,106,105,110,93,99,93,,96,98,71,66,,70,47,107,156,136,76,,39,120,107,94,75,71,104,89,95,100,97,80,94,,54,69,76,109,85,42,121,112,,45,39,25,55,73,63,52,60,160,74,74,124,53,54,33,33,65,67,45,91,61,96,84,110,93,43,48,70,70,77,69,72,37,40,40,33,80,70,67,93,51,37,60,54,37,63,83,52,76,51,29,58,33,62,76,78,91,,40,39,95,56,56,126,102,82,86,78,,41,45,,38,51,67,90,85,94,48,76,52,128,104,28,,11,23,85,67,90,116,61,108,43,,33,75,123,34,90,82,103,71,,61,116,67,52,50,56,38,10,20,36,50,16,78,65,57,78,,89,111,92,5,8,30,45,54,116,84,103,81,110,109,95,95,141,117,145,89,158,63,104,137,107,104,109,114,119,120,101,97,84,91,94,87,87,112,81,119,65,,123,114,101,93,98,97,97,104,101,78,72,59,67,74,97,93,106,82,74,102,79,108,120,85,89,111,119,103,108,118,,107,108,126,83,91,92,96,104,109,116,83,84,126,34,82,,83,88,123,114,132,118,141,95,115,116,121,122,86,97,122,113,97,119,77,,95,102,94,119,120,102,88,104,104,93,117,106,62,115,109,113,102,104,129,111,124,199,118,114,101,111,85,74,112,114,86,108,111,107,110,105,97,101,,111,121,113,108,118,102,133,226,22,142,197,78,36,25,92,87,90,132,135,144,157,115,110,111,130,140,83,55,113,115,,163,141,171,162,115,101,85,116,54,116,51,119,99,118,122,114,110,89,112,100,109,131,136,133,146,118,130,,122,110,81,102,79,91,40,23,42,88,120,92,69,87,114,126,129,134,138,78,129,131,24,25,139,140,123,131,122,102,51,65,164,8,140,127,125,100,31,99,94,124,146,143,104,,81,150,136,120,124,84,61,,92,198,55,80,100,116,145,162,153,150,137,104,187,103,80,143,178,66,34,87,41,133,140,84,106,93,100,,82,14,62,96,83,79,103,97,87,118,112,65,124,87,117,119,138,124,113,77,104,107,107,105,93,69,103,112,104,97,128,67,91,92,110,103,85,,119,114,133,98,132,111,107,124,26,95,109,88,85,67,101,61,53,39,99,158,175,56,55,130,46,51,135,121,118,182,113,122,67,,106,73,105,128,,114,97,102,144,144,88,68,35,110,12
20160416,18,O3_24h,,,,,,,,,,,,,,98,126,36,125,105,99,,98,70,158,83,55,179,,110,81,117,112,106,68,161,135,121,132,144,117,128,188,172,201,194,213,150,118,143,149,134,127,123,111,121,82,99,97,93,100,82,163,146,183,167,185,69,84,87,105,105,191,176,183,188,169,177,124,103,122,70,,75,80,65,63,67,115,104,89,100,142,83,83,89,83,86,99,139,137,,156,78,134,128,123,,149,150,138,138,143,159,158,154,150,141,127,134,115,108,137,113,131,151,135,128,151,64,74,122,,43,31,84,60,53,69,43,77,101,112,95,176,101,117,140,137,123,161,130,195,153,203,169,144,161,152,110,76,108,95,105,113,110,108,140,138,115,37,124,148,145,128,144,181,167,178,70,111,168,141,59,,101,111,124,142,101,167,94,136,152,88,130,126,140,105,119,108,,103,104,57,80,52,99,96,158,87,114,130,106,135,129,127,138,105,73,124,46,101,91,99,99,98,92,80,,90,105,89,112,108,123,118,,129,110,102,,44,45,55,102,94,70,,111,,86,91,,101,93,93,100,,,63,76,65,87,111,81,100,105,87,116,121,102,161,127,103,114,214,163,133,67,32,51,67,39,31,79,61,102,84,122,120,122,88,79,108,96,109,136,145,161,139,165,,143,155,137,141,118,111,133,150,100,120,148,178,109,177,146,147,115,121,115,179,84,110,96,88,92,130,91,103,126,141,85,151,127,136,114,114,132,109,120,114,69,62,,36,38,68,51,53,65,40,68,87,97,99,85,93,76,91,85,119,108,77,87,71,57,81,72,77,80,74,56,97,91,109,146,61,66,65,68,63,52,,53,56,56,59,60,85,65,73,74,101,114,113,114,,210,243,144,162,215,260,248,220,99,142,89,85,94,133,131,156,110,179,134,134,122,107,112,143,123,145,145,,137,154,124,129,117,118,150,,131,103,157,174,158,155,170,164,157,169,187,128,138,137,140,140,133,109,141,162,145,163,152,150,123,120,127,112,112,110,135,131,87,103,159,125,132,104,86,152,107,97,77,50,100,114,140,115,93,128,100,87,100,31,51,94,62,107,41,122,101,114,129,133,123,131,128,117,,183,121,116,72,97,91,104,81,95,108,102,100,73,113,111,168,136,158,137,133,172,137,136,175,207,211,138,129,82,149,54,52,49,39,155,154,164,102,110,130,122,,152,161,127,,184,79,48,73,76,175,139,,95,144,106,171,132,142,175,111,117,,112,127,115,119,,141,,128,159,127,162,168,141,175,104,132,,95,200,141,140,143,135,,107,90,31,121,104,101,125,91,144,95,82,78,57,64,94,95,46,68,209,67,79,59,54,48,96,78,79,63,53,62,68,52,70,134,126,133,152,131,149,77,92,108,108,87,20,109,137,74,97,135,148,161,101,90,94,89,98,80,127,173,,155,119,116,100,86,76,108,88,95,104,98,115,119,124,111,102,63,100,164,113,154,130,167,171,,152,145,164,120,161,142,177,135,101,129,173,189,157,143,196,178,169,148,139,139,148,145,,170,89,68,81,111,114,83,93,70,55,120,79,90,92,104,106,21,82,107,82,146,83,147,159,123,52,38,56,45,54,76,84,112,111,125,145,103,131,149,140,132,142,130,65,139,149,135,125,124,145,210,118,195,135,143,79,131,138,78,122,138,123,98,114,109,124,137,133,122,111,125,165,137,152,150,122,95,104,116,107,51,103,100,101,94,159,155,130,214,131,262,108,226,171,163,158,182,174,82,93,178,177,172,150,59,72,71,119,108,104,78,109,138,155,159,129,158,115,52,55,106,91,101,176,140,90,101,96,156,64,91,87,131,151,138,,137,185,172,149,123,107,121,122,156,141,142,130,127,121,128,126,125,118,113,146,129,128,133,105,129,126,115,118,122,91,102,,117,122,112,113,143,122,68,154,70,93,93,127,112,137,172,159,109,89,154,94,122,122,134,146,144,,176,132,133,149,153,120,84,103,124,126,100,122,92,94,106,97,99,,106,,100,75,99,92,85,14,138,115,122,126,195,117,88,118,105,,134,75,92,61,88,67,87,,,97,67,120,117,107,122,116,132,140,149,145,63,67,99,118,164,125,125,151,169,112,112,116,99,106,102,,104,105,74,67,,72,52,107,156,136,86,,41,123,110,97,95,99,136,105,110,112,110,95,99,,68,84,97,125,112,43,127,118,,132,91,77,63,183,160,122,134,217,117,123,176,130,139,84,53,134,108,121,135,148,120,118,139,100,89,98,80,93,95,89,91,70,40,79,75,83,88,76,93,68,50,74,96,81,88,86,52,76,65,49,78,50,82,166,78,91,,59,47,95,81,112,136,114,157,108,176,,131,121,,137,127,155,170,176,115,48,97,55,128,104,40,52,54,33,90,86,99,137,80,148,68,,56,130,166,87,90,99,143,94,,98,265,67,58,73,70,59,41,54,55,83,141,97,96,83,94,,98,111,92,35,45,44,54,60,116,84,121,83,113,111,105,106,141,121,145,89,159,71,117,141,107,124,109,114,119,120,107,104,95,101,106,99,104,116,87,119,65,,124,116,101,95,103,97,97,117,125,85,89,116,89,98,127,129,151,118,98,136,99,146,193,156,142,136,150,142,146,124,,117,113,132,158,151,161,167,130,157,166,83,84,126,34,83,,83,89,128,114,135,122,147,95,115,116,124,126,90,111,123,113,97,119,100,,112,112,96,119,121,107,88,105,104,93,117,106,62,115,115,116,110,114,129,116,124,199,118,115,111,116,85,79,115,125,89,111,116,115,117,119,105,102,,113,127,114,109,118,102,134,228,23,148,203,88,47,43,112,119,107,153,165,175,194,140,120,117,137,147,100,60,117,118,,166,147,194,181,124,125,141,156,62,132,64,138,117,120,125,129,112,112,117,105,109,131,136,136,151,126,136,,126,167,95,113,130,91,40,188,91,99,120,93,75,97,114,147,140,136,140,82,134,137,25,70,160,149,131,136,138,117,51,156,174,17,150,135,137,117,35,120,99,130,153,154,136,,90,158,140,142,150,94,72,,92,198,62,80,105,130,168,194,179,172,159,125,241,103,91,153,190,77,42,94,62,144,155,99,117,111,122,,87,20,62,127,111,91,122,120,119,124,123,70,130,87,118,121,138,124,128,80,110,108,107,117,111,78,115,116,111,105,128,67,91,94,112,114,102,,119,114,137,102,133,114,137,126,60,95,110,89,87,87,104,70,60,43,106,160,180,57,55,142,46,51,135,122,133,197,135,150,84,,107,73,105,128,,116,107,107,150,145,88,88,54,144,20
20160416,18,O3_8h,,,,,,,,,,,,,,65,70,23,68,68,85,,60,56,62,67,41,78,,93,46,78,94,79,53,81,43,49,52,45,40,40,96,74,82,94,81,80,71,80,75,99,96,109,80,96,63,96,94,90,94,80,86,88,97,88,96,64,77,80,97,67,78,68,87,92,78,90,68,77,60,58,,64,69,61,54,62,104,85,88,96,113,80,80,81,80,83,79,108,105,,124,59,107,100,98,,122,86,74,88,68,104,97,102,100,97,97,68,64,44,88,69,95,122,87,93,108,40,24,92,,21,14,53,32,23,42,32,37,74,62,68,79,66,69,78,72,75,52,46,63,60,54,57,51,65,77,52,42,54,51,56,55,51,48,44,44,50,12,35,77,76,78,72,49,50,57,53,37,48,54,11,,43,53,62,64,53,69,52,64,71,31,50,44,53,40,48,39,,47,50,4,46,24,46,50,68,38,61,52,42,62,58,62,75,38,29,51,34,54,41,55,50,58,33,41,,40,46,44,84,83,89,72,,102,78,68,,27,37,30,65,61,65,,49,,56,55,,79,72,83,78,,,41,44,36,63,97,63,22,31,33,61,46,53,73,64,64,53,99,72,62,46,23,24,39,27,8,62,51,63,69,96,91,102,65,66,89,84,92,46,56,57,44,53,,45,63,108,98,84,68,47,113,84,68,93,92,61,86,81,89,44,70,65,104,65,96,78,76,68,107,69,82,105,120,76,132,112,117,100,102,111,97,106,100,32,28,,23,19,48,28,27,40,18,44,41,53,44,42,12,41,80,41,62,34,42,57,56,44,74,46,48,46,58,42,73,60,71,50,54,58,57,55,51,43,,42,48,46,48,52,58,46,52,36,41,78,80,80,,160,194,103,123,156,186,190,165,89,121,68,76,77,94,100,113,84,130,105,104,104,92,78,116,75,115,98,,110,136,101,106,98,97,122,,109,76,128,133,130,124,137,133,135,134,145,121,126,130,135,132,129,103,109,109,112,122,98,107,100,100,106,95,92,85,112,112,74,89,129,105,108,90,80,148,91,86,67,42,68,95,112,94,77,114,90,76,83,22,42,76,51,81,38,105,83,98,108,115,98,108,106,95,,160,99,98,64,94,84,93,79,91,104,94,91,67,104,100,101,94,99,92,126,157,127,122,100,111,131,99,80,48,108,32,28,26,28,53,56,77,28,35,50,48,,88,82,55,,81,45,31,43,38,78,43,,56,56,42,55,45,39,70,72,63,,72,75,77,85,,102,,107,62,46,58,82,58,66,60,77,,60,95,80,104,114,109,,67,55,20,79,63,55,77,69,82,65,50,73,53,59,86,87,42,57,103,61,71,40,41,39,53,52,56,42,38,41,63,46,62,60,52,62,110,93,100,63,73,74,93,75,16,90,132,66,90,84,73,78,98,86,91,80,95,76,96,115,,114,79,96,84,70,62,90,72,87,94,91,105,112,104,90,82,56,48,81,63,71,68,100,97,,128,114,127,91,135,120,120,110,88,105,129,138,90,88,97,83,96,108,97,105,115,92,,138,80,54,72,103,106,58,60,50,32,86,74,81,85,95,100,17,55,67,33,46,26,47,47,41,41,24,48,35,31,60,71,69,93,103,121,87,109,127,95,101,86,89,41,76,99,90,43,73,70,102,54,85,82,84,43,127,118,52,105,118,108,81,94,92,108,116,116,101,102,108,150,124,133,133,104,84,88,96,39,44,92,91,96,86,139,133,120,159,106,123,89,180,147,129,142,153,154,64,71,109,104,110,90,52,62,62,100,89,90,66,89,119,133,133,110,130,90,31,17,90,77,82,138,111,72,90,82,139,56,77,81,108,124,113,,116,151,141,132,98,92,101,117,150,126,126,118,115,109,117,110,107,96,97,121,101,108,106,92,112,108,98,110,114,85,91,,107,109,102,103,103,111,60,137,63,86,85,117,86,93,43,40,74,68,104,72,91,102,115,128,124,,117,88,110,130,103,73,65,87,85,92,84,106,47,53,44,52,62,,58,,51,57,68,65,31,5,27,30,54,38,83,43,21,48,34,,58,46,80,42,67,38,55,,,84,56,101,88,88,93,90,76,79,83,81,52,54,79,108,116,69,112,122,98,103,100,106,91,96,96,,96,98,62,59,,59,45,97,136,114,78,,39,112,98,88,74,63,102,100,104,106,105,88,95,,56,72,78,108,88,42,124,115,,87,55,45,55,112,102,76,80,186,97,92,142,67,62,46,34,81,72,74,105,109,106,101,109,70,63,69,71,73,79,79,80,42,38,49,32,78,74,70,88,53,44,64,68,66,74,83,33,58,37,24,56,35,48,80,75,89,,37,36,94,74,35,126,101,53,57,54,,46,46,,48,58,45,64,61,77,28,59,45,91,64,28,10,18,23,82,64,84,103,36,83,22,,22,53,112,26,71,86,102,83,,41,94,42,41,53,46,42,20,32,42,52,45,50,47,48,56,,60,72,58,20,28,30,44,35,44,34,90,65,93,95,78,90,118,98,119,74,144,56,94,125,98,95,91,88,100,98,88,84,80,80,87,87,87,105,77,105,54,,108,100,91,85,92,85,73,105,107,78,78,61,61,63,85,88,95,75,74,93,75,103,100,79,78,92,96,82,85,108,,97,94,107,58,64,64,66,88,92,94,73,77,97,32,77,,71,83,121,100,120,105,127,82,89,92,109,108,78,96,104,96,82,104,85,,91,97,84,102,100,97,77,99,85,83,99,92,53,105,107,110,103,105,120,103,109,102,111,110,100,104,78,74,113,114,81,92,106,103,99,102,93,94,,103,112,101,99,106,91,127,202,22,117,161,82,43,34,103,107,102,126,134,140,157,115,106,104,120,133,80,53,95,93,,147,115,158,149,106,106,114,127,51,112,51,114,104,106,113,112,90,87,93,86,93,104,110,109,127,107,116,,106,129,72,98,111,82,28,82,37,80,103,82,64,81,101,113,122,118,121,74,121,121,24,40,134,124,111,115,117,100,46,91,156,13,132,121,122,102,28,101,92,121,141,143,116,,62,130,113,125,133,86,63,,73,177,43,60,99,117,150,171,160,159,143,99,194,88,69,108,141,59,27,86,47,126,136,84,104,93,100,,77,16,54,91,80,74,90,90,84,118,117,67,122,64,97,96,130,118,116,76,96,92,87,105,97,72,108,110,107,98,113,55,87,90,108,105,86,,102,98,129,90,124,106,98,122,29,72,110,79,77,55,100,61,55,41,101,146,162,53,52,130,39,44,103,99,107,172,109,118,68,,92,60,92,109,,101,99,101,127,125,78,77,36,98,16
20160416,18,O3_8h_24h,,,,,,,,,,,,,,102,118,37,116,121,127,,117,103,155,91,68,154,,122,86,139,115,103,71,159,132,121,113,117,117,128,166,132,159,164,172,181,139,174,175,143,126,130,116,131,86,111,115,101,114,81,155,143,174,150,164,77,103,116,128,148,205,196,188,193,180,172,127,150,120,80,,75,92,85,73,91,104,121,88,96,113,80,83,82,80,83,88,139,132,,159,65,137,127,123,,156,139,123,131,140,151,148,141,145,130,108,118,107,95,121,101,112,129,116,108,112,69,99,112,,56,38,63,72,61,72,51,83,117,120,116,140,118,124,138,145,131,152,131,187,158,196,161,143,165,145,125,100,123,110,127,126,131,124,135,135,113,34,117,173,169,134,166,182,171,177,53,113,171,145,91,,120,125,125,153,119,170,103,156,158,91,135,129,148,111,125,113,,103,113,60,89,88,101,114,180,104,129,139,118,141,136,135,139,108,70,133,36,119,101,114,135,119,119,108,,140,126,96,106,111,118,114,,131,118,95,,54,37,64,104,116,73,,150,,124,126,,124,112,111,107,,,71,85,83,85,116,91,105,113,85,113,108,99,153,123,113,111,114,150,126,52,33,61,83,64,51,74,55,63,69,96,91,102,65,66,89,84,96,156,176,179,156,184,,168,186,131,137,114,106,126,146,94,118,138,213,131,214,178,184,131,152,146,225,82,97,97,83,96,115,87,99,105,120,76,132,112,117,100,102,111,97,106,100,32,28,,23,19,48,28,27,41,18,44,82,88,79,77,75,78,80,78,116,103,68,81,56,50,74,46,48,46,58,42,73,60,71,53,54,60,57,55,51,43,,42,48,46,48,52,89,68,75,86,106,78,80,80,,160,194,103,123,156,186,190,165,96,137,68,81,78,94,100,113,84,130,105,104,104,92,78,116,75,115,98,,110,136,101,106,98,97,122,,109,76,132,133,144,124,148,133,135,134,145,121,126,130,135,132,129,103,141,162,144,161,151,153,100,100,106,95,92,85,112,112,74,89,129,105,108,90,80,148,91,86,86,63,78,116,127,94,80,118,90,79,83,22,42,76,51,96,38,105,83,98,108,115,98,108,106,95,,173,99,98,64,102,90,108,86,99,120,94,95,74,104,104,157,142,151,136,127,160,128,129,157,189,202,136,122,75,140,46,43,44,52,178,176,170,118,129,162,156,,195,208,137,,203,124,73,121,79,206,155,,113,166,129,184,148,150,186,133,127,,114,147,114,156,,180,,160,174,141,172,202,181,205,99,126,,96,150,141,196,190,193,,67,55,20,79,63,73,101,99,94,97,77,76,55,70,91,91,42,65,104,62,71,55,53,53,95,84,105,53,47,51,67,47,66,60,52,62,110,93,100,63,73,74,93,75,16,90,132,66,90,133,151,162,105,87,91,90,100,76,135,175,,156,119,96,84,70,62,90,72,87,94,96,114,112,125,123,116,77,104,139,102,129,115,151,156,,140,129,153,106,155,137,161,136,104,121,166,176,139,127,171,150,153,138,131,132,136,131,,156,84,66,79,115,113,78,70,67,60,96,92,103,110,100,114,68,92,92,79,149,80,145,161,125,57,41,56,42,56,60,80,87,93,103,121,87,113,134,95,179,177,157,79,171,169,158,140,145,149,226,118,200,145,151,80,155,118,108,105,118,108,81,94,92,108,116,116,101,102,108,150,124,133,133,104,84,88,96,107,44,92,91,96,86,139,133,120,202,123,182,106,180,147,129,142,153,154,77,88,109,104,110,90,52,62,62,100,89,90,66,105,122,134,133,110,130,90,31,46,91,77,82,138,111,72,90,82,139,56,77,81,108,124,113,,116,151,141,132,98,92,101,117,150,126,126,118,115,109,117,110,107,96,97,121,101,108,106,92,112,108,138,110,116,85,92,,109,119,108,111,134,111,65,137,63,86,85,117,145,197,200,209,92,80,148,108,114,112,134,139,164,,179,138,156,174,176,130,80,99,119,122,93,112,111,127,130,117,120,,110,,86,74,122,111,78,13,133,114,124,150,224,117,79,132,112,,138,66,114,65,83,53,82,,,106,71,101,137,136,153,151,155,161,167,167,52,54,85,108,182,86,112,139,179,113,114,106,103,106,119,,118,125,62,59,,59,45,114,141,123,78,,42,118,113,97,90,88,125,100,104,117,116,98,96,,83,96,104,131,119,42,124,116,,117,80,68,63,174,153,118,122,208,108,120,167,121,105,80,52,118,95,109,122,139,111,103,109,70,78,88,94,110,84,84,85,76,38,88,91,93,94,82,101,77,56,72,107,77,77,83,33,58,99,80,96,56,112,132,78,91,,78,60,94,78,264,126,101,178,169,187,,135,126,,150,139,119,183,182,82,63,81,53,102,102,28,32,26,25,82,76,89,145,93,147,81,,70,136,184,74,76,93,156,89,,112,179,48,41,74,63,59,58,75,61,80,45,67,67,64,70,,90,93,76,30,39,42,50,56,68,49,98,74,100,95,104,90,118,98,119,74,144,56,94,125,98,96,91,88,100,98,88,84,80,80,87,87,87,105,77,105,54,,108,100,91,85,92,85,73,105,107,81,79,148,143,145,169,162,190,150,124,165,125,175,204,155,160,150,169,147,161,136,,130,133,154,155,158,163,169,139,159,167,79,96,111,36,87,,71,94,129,105,120,105,127,114,108,92,109,108,78,96,121,114,104,130,88,,91,97,98,122,119,97,77,99,85,83,99,92,53,105,107,110,103,105,120,103,109,102,111,110,100,104,78,74,115,114,81,92,106,103,99,102,93,94,,103,112,101,99,106,91,127,202,42,117,161,83,44,38,103,108,102,126,134,140,157,115,106,104,120,133,80,54,95,93,,147,140,158,149,106,106,114,127,51,112,51,114,104,106,113,112,90,87,93,86,93,104,110,109,127,107,116,,106,129,72,98,113,82,28,184,37,80,103,82,64,81,101,113,122,118,121,74,121,121,25,67,144,140,128,136,130,109,46,100,158,13,140,128,125,107,28,101,92,121,141,143,116,,68,136,116,128,142,92,64,5,74,177,43,60,99,117,150,171,160,160,147,99,194,92,86,119,148,86,44,96,62,142,153,98,122,115,125,,85,18,61,126,113,74,90,90,84,118,117,67,122,64,97,96,130,118,116,76,96,92,87,105,97,72,112,110,107,101,113,55,87,90,108,105,86,,102,98,135,90,138,109,138,122,44,75,110,79,77,55,103,64,55,42,101,149,167,56,55,130,40,44,109,101,128,190,124,140,76,,102,66,92,109,94,105,102,103,132,129,79,78,37,149,16
20160416,18,CO,,,,,,,,,,,,,,0.662,0.428,0.968,0.869,0.74,0.746,,1.038,1.759,2.207,0.902,1.63,0.614,,0.252,0.253,0.147,0.22,0.668,0.145,0.162,1.133,0.96,1.477,1.432,1.217,1.456,0.672,0.424,0.464,1.591,0.745,0.591,0.413,0.577,0.461,0.252,0.372,0.26,0.222,0.114,,0.052,0.267,0.246,0.449,0.592,0.27,0.445,0.199,0.328,0.326,0.062,,0.266,0.419,0.927,0.736,0.571,0.27,0.258,0.354,0.354,0.273,0.473,0.513,0.271,,0.233,0.219,0.927,0.291,0.529,0.517,1.01,0.573,0.305,0.839,0.76,0.226,0.345,0.496,1.287,0.703,0.421,0.759,,1.007,0.892,1.077,0.837,0.971,,1.027,0.61,1.229,1,0.911,0.999,0.625,0.772,0.969,1.075,0.538,1.18,0.868,1.422,0.705,0.825,0.541,0.81,0.736,0.728,0.853,0.095,2.324,1.083,,1.146,1.111,0.817,2.417,1.421,1.392,0.561,0.978,0.794,0.717,0.853,0.654,1.034,0.631,0.718,0.899,0.943,1.411,0.904,0.654,0.401,1.221,1.102,0.566,0.43,1.481,0.851,1.092,0.96,1.109,0.904,0.815,1.133,1.324,0.828,0.921,0.816,0.951,0.542,1.425,1.453,1.15,1.134,1.002,1.448,1.276,1.107,1.614,1.165,1.39,1.924,,0.886,0.966,1.319,1.696,1.817,1.027,2.198,1.293,0.782,2.687,0.905,0.847,1.063,0.796,0.893,0.846,,0.636,0.581,0.781,1.082,1.153,0.925,0.717,1.725,2.105,1.065,2.231,1.492,0.78,0.872,0.996,0.97,2.344,1.897,2.532,2.276,0.704,0.872,0.501,0.575,0.653,0.778,0.808,,0.686,0.817,1.233,0.734,0.606,0.811,0.992,,0.615,0.779,1.042,,1.327,1.05,1.275,0.762,0.519,0.403,,0.823,,1.624,0.914,,0.935,0.868,1.276,0.49,,,0.854,0.988,1.469,0.695,0.647,0.968,1.312,0.591,0.968,0.822,0.832,0.766,0.73,0.97,1.03,1.577,0.844,1.063,1.808,0.484,1.248,1.344,1.439,1.23,1.764,0.43,0.864,0.593,0.26,0.39,0.731,0.139,0.583,0.59,0.744,0.688,0.479,0.598,0.747,0.216,0.698,0.538,,0.437,0.5,0.651,0.656,0.74,0.608,0.369,0.395,0.252,0.956,0.362,1.456,1.24,1.713,0.803,0.928,1.322,0.992,0.891,0.994,0.615,0.494,0.906,0.61,0.819,0.889,0.798,0.703,0.628,0.718,0.229,0.591,0.508,0.456,0.58,0.207,0.39,0.197,0.56,0.529,0.95,1.406,,0.686,0.792,1.066,1.295,0.823,0.723,0.819,0.931,0.347,0.628,0.624,0.922,0.53,0.638,0.588,0.656,0.585,0.882,0.685,0.696,0.757,0.585,0.638,0.54,1.046,1.147,0.661,0.879,0.343,0.711,0.918,0.733,0.54,0.685,0.562,0.606,0.773,0.457,,0.666,0.515,0.798,0.528,0.559,0.842,0.687,0.64,0.792,0.342,0.858,0.673,0.513,,1.151,1.05,1.259,1.178,1.107,1.113,0.821,0.971,0.313,0.511,0.547,2.761,0.562,0.263,0.29,0.245,0.376,0.497,0.56,,0.487,0.834,0.352,0.409,0.327,0.151,0.047,,0.614,0.38,0.476,0.737,0.347,0.452,0.732,,0.492,0.463,0.292,0.586,0.288,0.235,0.49,0.496,0.763,0.325,0.319,1.255,0.538,,0.75,1.632,0.519,1.071,0.448,0.503,5.941,0.31,0.451,0.581,1.229,0.426,1.224,0.553,0.98,0.655,2.146,0.76,0.429,0.355,2.461,1.262,,0.531,0.302,0.747,0.506,0.486,0.496,0.487,0.627,0.632,0.61,0.492,0.515,0.695,0.102,0.785,0.55,0.362,0.28,0.409,0.466,0.322,0.221,0.29,0.18,0.308,0.394,0.293,0.413,0.201,0.237,0.182,,0.292,0.124,0.468,0.169,0.688,0.615,0.416,0.659,0.678,0.831,0.625,0.327,0.202,0.289,0.238,1.576,1.109,0.963,0.822,1.408,0.701,0.04,2.142,1.125,0.746,0.307,1.141,1.455,1.19,0.836,0.753,0.635,0.533,0.682,1.255,1.827,1.613,1.917,1.553,1.563,1.713,,0.584,1.253,1.387,,0.808,0.987,0.901,0.952,1.067,1.253,1.962,,0.533,1.674,0.869,0.493,0.63,0.974,0.763,0.487,0.214,,0.6,0.517,0.731,0.398,,0.506,,0.238,0.676,0.868,0.417,0.261,0.361,0.174,0.422,0.349,,0.536,0.395,0.659,0.691,0.469,0.445,,1.028,1.147,0.496,0.778,0.819,1.08,0.866,0.742,1.33,0.721,0.837,0.609,0.767,1.144,0.557,1.318,1.656,0.617,0.687,0.777,0.537,1.12,1.777,1.08,1.272,0.727,0.694,0.905,1.159,0.859,0.63,1.026,1.358,1.172,2.585,0.944,1.793,1.486,1.861,1.981,1.302,1.617,1.328,0.724,1.492,0.601,0.727,2.251,1.98,0.858,0.838,0.856,0.927,1.814,0.309,0.735,0.338,0.449,1.111,2.638,,1.362,0.587,0.762,1.261,1.268,3.005,1.679,2.524,1.857,0.358,0.546,0.494,0.055,,0.625,0.759,2.059,0.363,1.351,0.88,1.333,1.392,1.21,0.845,,0.635,2.232,0.98,2.019,0.994,0.793,1.427,1.489,1.624,1.307,1.302,0.632,0.645,0.829,0.828,0.828,0.811,0.891,0.707,0.746,0.927,0.909,,0.461,0.888,1.291,0.237,0.643,0.331,1.455,0.817,0.943,0.78,0.796,0.746,0.497,0.555,0.654,0.678,1.216,1.047,1.974,0.93,1.623,0.809,1.531,1.032,1.299,0.98,0.684,0.721,0.601,0.451,0.773,2.037,0.861,0.888,1.464,1.98,0.772,0.773,1.289,1.839,0.235,0.578,0.795,0.697,0.834,1.142,1.703,3.506,1.099,1.592,1.402,1.131,1.765,0.876,0.789,0.95,0.412,0.978,1.361,1.237,0.742,0.389,0.17,0.112,0.601,0.521,0.632,0.624,0.784,0.897,0.494,0.722,0.844,0.576,0.487,0.547,0.305,1.418,0.074,,0.194,1.818,0.71,1.049,0.552,0.683,0.59,0.993,0.852,1.386,0.874,0.931,0.885,1.018,1.272,1.118,1.335,0.891,0.743,0.546,0.488,0.561,0.416,0.568,0.558,0.339,0.366,0.669,0.374,0.542,0.77,2.408,0.821,2.31,,0.192,0.329,,0.352,0.238,0.384,0.277,0.796,0.859,0.51,0.678,0.395,0.204,0.773,0.737,0.596,0.413,0.272,0.73,0.419,,0.302,0.564,0.593,0.323,0.456,0.442,0.895,0.431,0.518,0.502,0.571,1.42,1.316,0.664,1.02,0.44,0.382,0.483,0.479,0.482,0.381,0.821,0.463,0.509,0.611,0.5,0.419,0.656,0.217,1.06,0.97,,0.49,0.255,0.159,0.231,0.959,0.678,1.124,0.445,0.349,0.42,0.493,0.344,0.455,0.687,1.267,1.209,0.341,0.245,0.55,0.703,0.529,0.263,0.346,0.209,0.497,,1.503,2.515,1.111,0.336,1.018,0.519,0.69,0.522,0.925,0.841,1.374,0.861,0.725,1.269,1.736,1.056,1.013,,,0.661,1.048,,1.124,1.157,0.772,1.058,1.06,0.786,,1.381,2.231,0.571,0.841,0.537,0.624,0.876,0.621,0.86,0.769,0.659,0.915,0.744,1.116,,,0.047,0.47,0.198,0.611,0.451,0.341,0.438,0.692,0.513,0.404,0.515,0.98,1.037,0.955,0.653,0.52,0.799,0.664,0.478,0.626,0.627,0.408,0.479,0.165,0.464,0.582,,0.602,0.385,2.095,1.612,,1.78,1.677,0.877,0.374,0.419,0.905,,1.075,0.198,0.229,0.194,0.319,0.704,0.808,0.388,0.304,0.327,0.466,0.414,0.46,,0.439,0.54,0.671,0.432,0.738,0.321,0.682,0.144,,1.523,2.465,1.191,1.982,1.942,1.753,1.756,1.178,0.774,0.819,1.932,0.553,1.722,0.146,2.198,2.81,1.3,1.141,1.86,1.293,1.532,0.583,0.63,1.046,0.898,0.871,0.921,0.43,0.816,1.658,1.048,1.077,0.79,1.763,1.222,0.106,1.29,1.768,,0.578,0.45,0.832,0.736,0.936,0.789,0.737,0.386,0.995,0.402,0.958,1.435,1.164,0.873,0.416,0.711,0.126,0.288,0.259,0.288,0.418,,0.425,0.879,0.979,0.821,0.655,0.741,0.973,,0.876,0.678,,1.18,0.749,1.145,1.581,1.538,0.729,0.763,1.156,1.631,0.489,0.704,0.316,0.452,0.141,0.317,0.351,0.836,0.612,0.925,0.816,0.949,0.626,,0.433,0.985,0.813,0.715,0.714,0.571,1.45,0.898,,0.159,0.785,1.24,0.52,0.86,1.215,0.772,1.548,0.422,0.878,0.276,0.985,7.486,3.269,1.047,1.457,0.139,1.121,1.266,0.919,0.885,1.537,0.785,0.543,0.703,0.784,0.724,1.077,0.883,0.865,0.941,0.911,0.892,1.041,,1.05,0.424,0.214,0.424,,1.03,0.245,0.656,0.66,0.525,1.045,0.521,1.597,1.208,1.64,0.999,1.489,0.686,1.026,0.834,0.617,0.503,0.441,0.763,0.958,0.269,1.299,0.776,1.326,1.534,2.213,0.53,0.364,0.363,0.343,0.563,0.406,0.629,0.489,0.328,0.61,0.881,0.786,0.665,0.242,0.382,1.17,1.246,1.185,0.746,0.592,1.281,0.801,0.512,,0.665,0.82,0.573,0.468,0.246,0.097,0.208,0.682,0.575,0.69,1.156,1.034,1.775,0.907,1.536,,1.076,0.849,0.918,0.399,0.556,0.593,0.397,1.051,1.288,1.106,0.604,0.189,0.24,0.404,0.956,0.787,1.787,0.802,0.691,,,0.843,0.688,0.686,0.57,0.086,0.33,0.645,0.802,0.738,0.651,0.799,0.95,0.582,0.634,0.582,0.462,0.557,0.125,0.074,0.125,0.802,0.125,0.72,1.054,0.737,1.121,0.912,0.573,0.368,0.682,0.909,0.677,0.91,0.101,0.493,0.882,1.531,,0.609,0.747,0.409,0.281,,0.097,,2.771,1.64,0.856,0.679,1.099,0.844,0.502,1.165,0.928,0.841,1.177,1.02,1.217,2.078,1.007,1.277,0.825,0.41,0.782,0.902,0.652,0.676,0.662,,0.966,0.79,1.194,1.108,0.473,0.211,0.62,0.78,1.473,0.596,0.816,0.968,0.383,0.12,0.305,0.341,0.338,0.499,0.459,0.558,0.213,0.186,0.185,0.182,0.211,0.294,0.516,,0.306,0.389,0.511,0.393,0.355,0.336,,2.007,0.958,0.25,0.033,0.584,0.605,0.659,0.282,0.378,0.418,0.249,0.312,,0.639,0.082,0.651,0.34,1.347,0.428,0.435,0.523,1.348,0.371,0.465,0.501,0.512,0.449,0.598,0.509,0.385,0.477,0.126,0.642,0.366,0.458,0.743,0.495,0.364,,0.322,0.199,0.706,0.334,0.199,0.913,0.125,0.477,0.691,0.456,0.32,1.05,0.501,0.63,0.653,0.266,0.51,,0.523,0.977,0.861,0.605,0.707,1.09,0.625,0.125,0.035,0.846,,1.764,1.308,0.8,0.653,0.228,0.26,,1.143,0.921,0.265,0.276,0.563,1.338,0.862,0.626,0.627,1.067,0.286,0.845,0.943,0.141,1.016,1.286,0.799,0.574,0.294,0.309,0.402,0.369,0.387,0.768,0.96,0.625,0.213,0.285,0.836,0.711,0.152,0.208,0.542,0.298,0.438,0.49,0.188,,0.877,1.422,0.539,0.658,0.57,0.279,0.371,0.458,1.152,0.048,0.24,0.226,0.487,0.359,0.79,0.472,0.059,0.373,0.108,1.014,0.527,0.257,0.29,0.578,0.641,1.136,0.894,0.723,0.285,0.204,1.441,1.477,1.806,,0.301,,0.901,0.482,0.73,0.264,0.881,0.242,0.651,1.012,0.297,0.83,0.527,0.63,0.948
20160416,18,CO_24h,,,,,,,,,,,,,,0.925,0.983,1.4,1.274,1.015,1.215,,1.501,1.355,0.958,1.058,0.973,0.982,,0.567,0.94,0.441,0.656,0.895,0.361,0.529,2.138,1.998,2.404,2.786,2.579,2.498,0.722,0.819,0.766,1.18,0.911,0.846,0.596,0.763,0.686,0.598,0.603,0.57,0.584,0.39,0.778,0.118,0.352,0.32,0.478,0.611,0.484,0.588,0.396,0.464,0.474,0.552,0.402,0.674,0.703,1.206,1.01,0.878,0.549,0.485,0.579,0.675,0.568,0.757,0.872,0.49,,0.304,0.422,1.104,0.477,0.944,0.624,1.221,0.573,0.327,0.845,0.715,0.257,0.326,0.498,1.292,0.929,0.778,0.94,,1.215,0.724,0.968,0.897,0.793,,0.826,0.688,1.237,0.945,0.854,0.913,0.634,0.851,0.745,1.059,0.358,0.958,0.816,1.069,0.735,0.861,0.659,0.857,0.708,0.714,0.868,0.955,2.246,0.874,,1.232,1.192,0.83,2.102,1.497,1.477,0.951,0.735,0.454,0.505,0.648,0.469,0.801,0.416,0.419,0.635,0.646,1.383,0.7,0.458,0.348,0.942,1.008,0.672,0.382,0.747,0.509,0.782,0.633,0.728,0.592,0.595,0.88,0.92,0.695,0.752,0.669,0.825,0.464,0.851,0.878,0.908,0.85,1.062,1.527,1.404,1.401,1.465,1.213,1.381,1.399,,0.777,0.904,1.02,1.308,1.438,0.759,1.725,0.836,0.518,2.331,0.754,0.642,1.173,0.779,0.66,0.724,,0.584,0.518,0.63,1.058,1.156,1.165,0.709,1.343,1.84,0.68,1.831,1.158,0.645,0.719,0.877,0.825,1.732,1.336,1.935,1.787,0.624,0.707,0.333,0.48,0.472,0.715,0.784,,0.699,0.776,1.122,0.547,0.481,0.594,0.621,,0.483,0.6,0.74,,0.91,1.002,0.866,0.56,0.404,0.347,,0.681,,1.367,0.675,,0.898,0.688,1.033,0.41,,,0.767,0.789,1.327,0.745,0.626,0.831,0.641,0.399,0.616,0.771,0.845,0.739,0.653,0.922,0.941,1.511,0.881,1.058,1.705,0.602,0.578,1.023,1.033,1.002,1.219,0.588,0.858,0.764,0.826,0.68,0.893,0.431,0.834,0.894,0.863,1.012,0.808,0.835,0.913,0.673,0.894,0.824,,0.732,0.698,0.689,0.693,0.729,0.631,0.462,0.463,0.284,0.953,0.54,1.51,1.221,1.696,0.811,1.074,1.396,1.137,0.861,1.048,0.665,0.572,0.896,0.671,0.885,0.946,0.858,0.731,0.734,0.774,0.498,1.075,0.708,0.777,0.762,0.628,0.661,0.523,0.869,0.807,0.934,1.307,,0.726,0.833,0.958,1.265,0.822,0.739,1.192,0.922,0.372,0.672,0.625,0.933,0.522,0.69,0.632,0.641,0.646,0.827,0.759,0.659,0.703,0.885,0.626,0.448,0.898,0.97,0.589,0.775,0.393,0.689,0.835,0.735,0.518,0.675,0.862,0.593,0.694,0.611,,0.736,0.58,0.819,0.601,0.625,0.761,0.685,0.674,0.693,0.316,0.887,0.747,0.592,,1.097,0.958,1.146,1.131,1.115,1.044,0.836,0.929,0.333,0.582,0.539,0.666,0.594,0.238,0.335,0.224,0.392,0.499,0.534,0.133,0.599,0.762,0.506,0.502,0.176,0.193,0.201,,0.782,0.453,0.665,0.896,0.494,0.633,0.93,,0.635,0.538,1.297,0.668,0.301,0.376,0.45,0.488,0.739,0.457,0.439,1.253,0.518,0.166,0.744,1.692,0.513,1.11,0.37,0.766,1.002,0.207,0.513,0.556,1.45,0.719,1.447,0.71,1.086,0.83,2.344,0.803,0.647,0.445,2.912,1.473,,0.661,0.302,0.76,0.707,0.615,0.503,0.47,0.848,1.184,0.683,0.661,0.608,0.785,0.402,0.908,0.554,0.582,0.732,0.577,0.653,0.369,0.352,0.653,0.591,0.808,0.851,0.677,0.789,0.643,0.666,0.7,,0.374,0.441,0.871,0.882,0.683,0.608,0.469,0.622,0.693,1.057,0.644,0.451,0.201,0.362,0.42,1.46,0.973,0.723,0.586,1.515,0.872,0.327,2.053,1.04,0.687,0.356,0.892,1.372,1.008,0.909,0.944,0.814,0.678,0.65,1.356,1.34,1.208,1.473,1.19,1.063,1.329,,1.07,1.43,1.404,,1.063,1.258,1.063,0.995,0.985,1.169,1.683,,1.149,1.486,0.84,0.617,0.688,1.001,0.778,0.533,0.318,,0.577,0.464,0.645,0.586,,0.74,,0.39,1.04,1.163,0.94,0.77,1.752,0.635,0.49,0.387,,0.437,0.694,0.573,0.876,0.657,0.624,,0.918,1.078,0.453,1.142,0.707,1.17,1.138,0.838,0.946,0.77,1.007,0.62,0.765,1.129,0.589,1.321,1.632,0.539,0.608,0.744,0.512,1.213,1,1.25,1.034,0.715,0.7,0.913,0.845,0.84,0.62,0.809,1.007,0.84,1.203,0.745,1.315,1.287,1.141,1.22,1.229,1.277,1.295,0.753,1.285,0.527,1.043,3.355,2.9,1.185,1.16,1.155,1.114,1.75,0.408,0.719,0.433,0.501,1.068,2.878,,1.667,0.824,1.213,1.848,1.851,3.259,1.916,3.139,1.927,0.598,0.779,0.733,0.427,0.473,0.512,0.703,1.975,0.552,0.999,0.712,0.861,1.243,0.826,0.637,,0.839,2.075,0.654,1.872,0.74,0.936,1.305,1.697,2.937,0.919,1.079,0.509,0.93,0.765,1.006,1.219,1.251,0.802,0.671,0.704,0.85,0.733,,0.532,0.863,1.11,0.233,0.66,0.518,1.472,0.75,0.875,0.971,0.656,0.821,0.581,0.604,0.716,0.761,0.65,0.657,1.572,0.581,0.758,0.595,0.823,0.701,1.122,0.939,0.708,0.858,0.835,0.574,0.8,2.024,0.753,1.089,2.015,2.332,0.617,1.352,1.836,2.119,0.481,0.686,1.191,0.969,1.252,1.381,1.948,2.377,1.319,1.778,1.55,1.261,1.867,0.788,0.731,0.845,0.463,1.051,1.409,1.127,0.77,0.745,0.477,0.564,0.887,0.695,0.853,0.795,0.929,1.024,0.584,0.843,0.892,0.733,0.562,1.089,0.654,1.63,0.461,0.092,0.413,1.81,1.661,1.025,1.199,1.312,1.02,1.616,0.906,1.3,0.791,0.907,1.066,1.095,1.274,1.173,1.426,0.97,0.743,0.548,0.62,0.959,0.71,0.602,0.548,0.414,0.382,0.643,0.337,0.542,2.483,1.448,1.326,2.4,0.018,0.32,0.278,0.053,0.445,0.258,0.43,0.282,0.965,1.061,0.7,0.844,0.408,0.403,0.847,0.385,0.803,0.518,0.631,0.839,0.549,,0.436,0.691,0.815,0.416,0.696,0.719,1.062,0.325,0.485,0.499,0.552,1.475,1.459,0.703,1.166,0.459,0.432,0.679,0.615,0.521,0.606,1.008,0.579,0.636,0.612,0.594,0.518,0.5,0.226,1.095,1.23,,0.55,0.463,0.716,0.44,0.886,0.764,1.032,0.397,0.401,0.669,0.527,0.533,0.697,0.656,1.237,1.36,0.495,0.333,0.445,0.231,0.583,0.347,0.459,0.331,0.697,,1.552,2.68,1.201,0.392,1.203,0.677,0.578,0.463,0.845,0.787,1.305,0.797,0.497,1.012,0.803,0.736,0.664,,0.512,0.517,0.718,1.014,0.883,0.784,0.638,0.952,0.781,0.549,0.594,1.226,1.998,0.579,0.939,0.453,0.566,0.596,0.439,0.692,0.619,0.694,0.86,0.658,0.962,,,0.038,0.452,0.501,0.545,0.474,0.32,0.469,1.038,0.794,0.708,0.848,0.783,1.128,0.883,0.94,0.981,1.094,1,0.82,0.462,0.794,0.754,0.666,0.337,0.64,0.714,,0.618,0.406,2.079,1.663,,1.801,1.826,0.897,0.395,0.533,1.181,,1.232,0.342,0.377,0.349,0.678,1.008,0.86,0.303,0.27,0.396,0.589,0.479,0.508,,0.559,0.574,0.775,0.437,0.651,0.325,0.6,0.185,,1.806,2.651,1.412,1.88,1.252,1.065,1.38,0.682,0.867,0.784,1.865,0.814,2.004,0.492,2.445,3.006,1.284,1.106,1.975,1.132,1.173,0.727,0.746,1.516,1.528,0.941,0.867,0.496,0.818,1.535,1.015,1.088,0.808,1.591,1.104,0.395,1.245,1.897,,0.641,0.671,1.111,1.025,0.949,0.666,0.552,0.318,1.005,0.431,0.855,1.359,1.179,1.08,0.646,0.928,0.24,0.285,0.317,0.366,0.449,,0.532,0.656,0.694,0.716,0.5,0.612,0.833,,0.723,0.52,,1.022,0.604,1.026,1.39,1.402,0.867,1.139,1.442,1.859,0.569,0.805,0.578,0.797,0.643,0.505,0.293,0.684,0.452,0.808,0.776,0.826,0.803,,0.559,0.819,0.744,0.468,0.544,0.384,1.189,0.739,,0.437,0.969,1.523,0.655,0.439,0.827,0.33,1.212,0.263,1.008,0.415,1.052,2.706,1.585,1.534,1.063,0.175,1.125,1.352,0.967,1.072,1.374,0.855,0.737,0.758,1.237,0.881,0.773,0.741,0.707,0.801,0.696,1.021,1.574,0.832,1.697,0.977,0.714,0.756,0.56,1.57,0.598,0.593,0.77,0.723,0.834,0.638,1.402,1.044,1.435,0.791,1.154,0.154,1.161,1.013,0.747,0.751,0.702,0.679,1.039,0.723,1.332,0.996,1.378,1.685,2.283,0.916,0.53,0.442,0.403,0.636,0.68,0.757,0.661,0.272,0.676,0.921,1.021,0.917,0.544,0.601,1.698,1.597,1.688,0.907,0.746,1.407,0.922,0.679,,0.673,0.926,0.675,0.78,0.55,0.445,0.612,0.704,0.577,0.74,1.37,1.098,1.977,0.988,1.434,,1.166,0.982,1.01,0.54,0.678,0.821,0.588,1.083,1.363,1.563,0.73,0.446,0.599,0.544,1.137,1.165,1.768,0.772,0.551,,0.836,0.754,0.72,0.793,0.73,0.505,0.725,0.887,1.126,1.072,0.984,1.118,1.293,0.708,0.937,0.861,0.684,0.837,0.125,0.419,0.214,0.605,0.501,0.789,1.157,0.862,1.215,0.99,0.702,0.705,1.018,0.935,1.121,1.327,0.503,0.903,1.195,1.776,,0.758,1.447,0.862,1.515,0.132,0.232,0.455,2.219,0.843,0.871,0.572,1.077,0.912,0.535,1.382,1.037,0.868,1.173,1.094,1.242,1.644,0.899,0.996,0.836,0.565,1.126,0.831,0.681,0.947,1.024,,1.088,0.849,1.242,1.125,0.454,0.157,0.75,0.715,1.449,0.717,0.865,0.802,0.347,0.177,0.381,0.348,0.485,0.528,0.563,0.668,0.278,0.332,0.379,0.371,0.274,0.413,0.684,,0.404,0.358,0.521,0.443,0.555,0.332,,2.051,0.927,0.24,0.061,0.703,0.677,0.703,0.356,0.271,0.395,0.297,0.341,0.182,0.717,0.07,0.986,0.426,1.448,0.53,0.382,0.599,0.826,0.34,0.481,1.422,0.505,0.51,0.644,0.547,0.405,0.407,0.165,0.797,0.448,0.532,0.753,0.491,0.522,,0.827,0.183,0.751,0.35,0.331,1.096,0.113,0.363,0.662,0.329,0.467,1.075,0.631,0.737,0.855,0.48,0.701,0.259,0.732,1.648,1.311,0.555,0.501,1.33,0.85,0.11,0.099,0.822,,1.788,1.409,0.858,0.729,0.299,0.342,,1.981,0.519,0.332,0.28,0.506,1.553,1.053,0.853,0.688,1.17,0.425,1.005,1.055,0.286,0.954,1.325,0.866,0.755,0.357,0.403,0.441,0.654,0.471,0.86,0.983,0.673,0.434,0.642,1.206,0.421,0.309,0.274,0.639,0.403,0.696,0.492,1.299,,0.959,1.29,0.771,0.92,0.555,0.35,0.41,0.834,1.196,0.286,0.672,0.334,1.189,0.353,0.767,0.371,0.182,0.745,0.237,1.115,0.63,0.3,0.305,0.571,0.652,1.464,0.953,0.332,0.471,0.641,1.521,2.025,2.575,,0.344,0.89,0.974,0.725,0.809,0.507,0.843,0.266,0.747,1.11,0.599,1.412,0.762,0.776,0.945
20160416,19,AQI,33,35,40,24,24,37,26,24,22,27,27,30,,58,73,49,74,62,43,,86,79,99,71,84,43,,41,52,32,43,35,47,54,98,83,109,94,95,107,57,53,58,56,75,70,98,103,95,48,36,152,59,58,114,32,30,34,44,45,28,31,33,30,32,51,49,58,48,64,74,65,58,69,63,78,68,79,52,55,,69,48,35,54,53,64,61,34,30,35,36,25,31,25,25,69,68,85,,72,79,72,82,98,,89,50,58,47,47,41,53,35,,41,36,166,113,100,113,92,89,80,105,90,103,58,57,83,,78,72,88,88,67,89,40,79,33,32,29,30,21,52,36,38,36,52,45,52,48,67,46,53,55,50,25,17,25,49,20,22,27,40,22,25,25,28,32,93,83,63,64,58,42,54,61,90,56,60,40,,50,42,26,32,26,30,25,35,31,36,29,28,30,32,34,35,,45,30,39,51,52,45,58,68,70,65,64,70,40,50,36,42,59,70,72,52,25,23,37,23,25,31,20,,30,23,21,34,42,54,52,,39,51,48,,91,71,73,20,34,49,,18,,23,17,,55,52,43,39,,,35,48,38,30,36,28,68,77,50,68,78,70,62,51,75,80,78,79,65,35,117,66,74,78,89,55,51,58,36,36,35,35,43,35,29,43,42,92,106,85,90,80,,100,100,30,36,29,27,15,39,31,39,35,92,92,85,97,74,79,92,94,75,39,35,52,41,57,37,49,61,43,40,56,45,36,52,36,59,39,32,37,56,57,66,,54,60,66,69,57,60,58,55,47,,41,42,43,43,54,39,38,43,59,54,38,36,39,53,65,59,56,56,46,60,52,49,39,63,42,57,55,58,,55,54,57,51,53,64,51,64,55,40,56,58,53,,80,81,86,80,71,92,100,79,45,56,72,85,63,45,47,38,47,43,45,43,29,52,43,39,32,41,48,,37,34,34,36,35,33,38,,33,36,81,54,69,56,61,59,56,60,63,60,60,55,60,62,67,64,80,61,60,77,101,58,65,61,70,55,65,70,80,66,52,76,95,72,59,46,54,49,76,74,35,76,68,134,65,76,77,76,68,66,74,98,58,62,72,65,59,39,40,38,39,38,32,36,40,46,,57,34,54,39,76,50,64,30,53,57,46,40,41,41,46,95,94,91,79,37,44,55,32,88,90,67,73,83,199,72,53,58,43,30,122,93,102,79,102,82,92,,117,112,98,,124,49,72,72,58,67,96,,36,109,62,65,67,85,65,36,31,,31,32,32,57,,38,,59,100,99,107,99,103,104,30,36,,27,41,36,88,50,62,,58,57,60,42,62,55,49,35,79,38,,59,59,59,56,59,53,54,35,53,60,36,75,56,42,32,40,55,53,54,51,52,54,74,87,78,67,63,85,76,65,70,83,69,52,75,56,76,59,105,112,112,40,43,52,39,40,52,67,59,,67,85,61,80,43,48,51,43,49,47,63,58,34,35,39,38,26,52,72,59,67,67,88,53,,63,55,89,64,56,65,74,76,85,95,70,59,75,67,73,77,80,67,56,88,60,84,,44,53,32,42,45,29,69,80,84,75,69,67,30,52,30,32,48,30,37,43,50,54,78,59,53,56,56,44,31,51,47,31,26,80,74,79,72,72,75,81,73,49,94,66,56,72,77,35,69,84,96,86,144,55,65,67,48,77,81,118,78,53,56,69,52,64,52,53,47,35,39,50,38,42,45,39,37,29,33,23,51,34,28,31,46,43,40,66,60,67,75,69,94,84,87,64,88,110,55,53,41,41,41,47,34,38,39,38,42,41,55,75,70,55,42,38,41,26,57,53,37,57,56,48,42,33,48,44,47,123,52,48,56,39,52,,57,,62,77,70,74,54,74,72,66,66,64,73,74,75,58,79,74,70,76,72,74,70,82,81,80,71,238,203,177,32,,63,37,55,49,36,38,57,67,33,76,68,70,29,32,93,81,25,22,34,30,33,35,42,46,46,43,45,40,41,46,39,38,22,26,29,31,30,35,19,21,25,17,37,,31,29,173,,31,54,44,53,32,33,26,32,41,24,20,26,22,42,36,39,34,19,19,54,48,,,38,40,40,35,42,47,42,69,67,73,65,69,84,58,75,68,77,71,74,65,32,35,60,32,37,54,,54,58,56,61,,77,42,46,48,40,61,,50,45,36,42,76,83,80,46,41,64,54,58,30,,35,54,46,110,80,63,54,63,,103,96,122,88,47,72,60,68,75,79,77,78,134,102,121,109,79,94,84,77,88,32,53,52,44,96,99,67,75,67,53,77,38,35,34,33,32,32,73,58,61,47,89,54,23,30,25,55,34,54,54,57,63,80,45,46,28,30,15,22,28,29,107,87,57,67,99,69,,36,55,,42,45,67,77,55,73,59,54,39,80,54,45,45,36,23,26,32,31,80,54,69,54,,49,85,68,98,68,67,49,67,,70,44,26,25,55,45,52,72,58,48,42,55,80,41,37,53,13,28,36,31,45,53,42,22,20,38,25,50,54,52,58,62,22,39,56,42,27,52,33,32,45,37,75,34,35,35,35,29,36,34,40,41,24,27,32,26,35,32,46,43,31,32,30,30,32,30,26,31,35,26,64,66,62,64,73,77,70,85,88,88,88,66,79,70,62,63,68,69,54,,65,81,53,80,81,90,86,70,55,64,30,35,61,50,41,,39,51,41,51,58,61,59,35,78,52,55,59,60,69,35,33,40,38,32,31,40,36,34,36,44,31,30,35,35,30,39,45,34,47,33,35,38,32,55,34,37,30,34,34,30,36,39,34,47,35,31,11,39,35,62,43,51,28,,35,38,35,32,24,34,45,104,78,95,83,72,57,60,69,65,68,88,67,77,97,75,55,77,69,68,68,73,42,64,,80,83,97,108,56,51,54,75,48,35,24,37,32,37,32,40,31,26,31,30,37,39,39,37,44,49,52,,48,73,50,49,56,61,41,37,32,27,46,66,56,40,33,38,33,41,41,41,42,59,32,44,42,43,38,43,48,57,84,62,63,57,41,38,50,32,43,46,29,44,47,53,40,,52,77,60,54,59,53,32,33,80,89,83,61,52,53,70,92,113,66,60,86,103,53,59,72,59,28,31,34,23,40,40,65,93,36,40,,83,66,29,33,26,46,53,55,69,56,57,50,53,56,61,55,58,54,35,34,50,28,38,32,30,33,32,33,46,52,65,38,42,39,46,53,38,,70,70,53,73,183,139,449,67,158,500,56,62,53,66,72,66,63,70,60,53,65,44,39,42,40,49,67,58,164,222,500,500,500,,121,124,33,42,25,34,31,31,45,60,47,61,25,62,57
20160416,19,PM2.5,12,9,6,,3,15,14,10,15,6,7,21,,34,53,33,46,44,30,,25,43,53,44,43,30,,6,15,17,2,4,20,10,33,41,40,49,42,47,39,21,24,16,27,24,23,31,35,14,25,17,21,31,23,15,3,5,22,6,6,11,11,6,4,2,2,8,4,30,33,47,36,23,30,27,22,20,29,7,,7,11,7,10,23,11,9,5,9,2,5,17,3,13,4,50,38,63,,52,58,52,60,73,,66,25,41,30,21,21,35,15,,14,23,114,85,74,71,68,42,41,65,64,61,41,30,61,,57,52,65,65,48,66,28,58,23,22,20,21,2,23,25,26,25,36,31,36,33,48,24,37,39,29,11,7,17,9,9,10,10,11,13,14,15,13,15,69,61,45,46,24,21,29,29,32,23,28,28,,12,29,10,19,18,11,17,15,17,21,18,19,19,22,19,24,,31,18,27,32,36,31,34,49,51,47,46,51,22,35,14,29,42,51,52,34,17,11,7,5,5,17,10,,21,6,13,15,15,15,18,,14,16,16,,63,47,53,8,13,13,,10,,16,10,,28,36,30,18,,,13,16,17,6,10,7,49,51,28,49,57,51,44,,55,59,57,58,47,16,69,32,38,33,38,39,25,41,2,21,4,10,6,15,18,30,16,36,43,31,37,47,,51,51,3,16,11,10,9,8,17,15,7,31,37,38,49,30,40,,38,43,21,14,21,26,22,12,14,25,12,15,15,10,14,17,11,17,17,15,10,14,40,38,,24,32,40,38,40,25,35,27,32,,23,29,28,26,32,22,26,30,37,38,23,25,21,32,36,32,24,29,32,43,31,34,24,29,25,40,39,32,,33,30,37,33,31,36,29,33,27,28,36,37,35,,56,54,54,50,45,57,59,58,31,34,40,63,33,15,14,18,19,9,17,9,15,12,11,19,3,13,16,,9,13,16,14,12,10,12,,15,21,23,26,22,21,23,22,21,17,17,27,29,24,25,37,27,25,,12,10,56,32,14,25,19,22,20,18,19,19,22,19,24,63,24,10,32,19,22,41,22,16,40,35,38,27,15,36,25,2,23,27,25,19,20,11,19,14,11,12,12,23,12,13,16,11,15,,11,12,12,27,10,11,7,5,15,8,6,15,3,14,9,62,70,60,58,17,12,19,22,65,67,45,31,61,149,33,37,41,29,20,92,69,71,58,76,60,68,,33,26,50,,61,34,52,52,41,48,67,,25,82,25,47,42,63,47,25,13,,14,8,11,32,,15,,42,36,43,33,42,37,33,21,25,,9,10,2,65,35,44,,41,36,39,29,31,24,31,23,58,26,,42,42,37,39,38,31,30,17,33,30,21,52,31,23,22,27,39,36,38,27,36,36,53,64,57,48,44,63,48,43,49,56,50,30,55,27,32,30,41,38,43,2,7,4,4,6,10,26,18,,36,26,18,57,6,6,8,12,18,5,14,16,7,6,6,7,10,15,52,41,48,48,65,37,,45,39,66,46,29,47,54,52,63,71,51,39,44,40,49,41,56,48,37,65,40,62,,28,19,11,14,16,19,41,59,62,51,50,48,18,34,21,10,22,21,21,30,32,38,57,42,37,19,19,17,16,18,21,18,5,29,54,30,20,48,43,44,15,23,24,38,26,12,24,24,11,57,1,49,110,28,33,32,27,21,25,30,20,15,13,18,23,11,22,19,22,11,22,13,3,16,6,27,4,9,6,16,4,7,19,19,23,30,26,38,43,43,44,50,70,62,64,34,61,83,30,37,17,21,21,22,20,26,24,18,25,21,39,47,34,29,12,20,12,4,36,34,25,20,13,19,6,21,17,30,20,93,36,33,12,27,23,,36,,29,20,20,24,21,25,26,19,25,18,23,19,28,20,28,15,26,30,32,22,25,33,11,15,27,59,38,32,9,,19,10,11,12,6,3,40,15,12,40,17,16,18,20,69,52,6,10,18,19,4,10,11,7,,9,17,18,9,7,11,16,15,11,13,7,10,17,9,7,6,7,21,,16,15,23,,10,11,20,14,22,23,14,22,16,14,14,10,14,29,25,9,5,4,5,21,15,,,26,28,10,16,29,17,16,14,18,18,13,26,28,41,50,30,40,34,33,47,5,24,9,10,11,16,,17,22,20,19,,5,9,32,27,13,11,,19,20,10,,51,50,59,19,20,23,21,27,6,,24,38,32,20,12,25,30,25,,56,55,60,60,,52,42,49,55,58,56,57,62,52,68,50,58,70,62,56,65,16,16,28,20,69,74,48,55,48,37,56,26,24,21,17,22,2,53,41,41,32,66,38,16,20,5,39,17,38,38,39,45,59,31,11,14,18,10,15,5,12,80,64,40,48,74,50,,10,10,,16,31,31,56,36,53,30,34,25,59,38,31,31,25,16,4,22,6,59,38,50,30,,23,63,49,73,49,48,34,48,,51,23,6,17,39,31,36,12,25,19,10,11,21,19,23,27,9,16,13,12,24,25,20,13,10,6,5,34,37,36,41,44,5,25,31,5,11,10,12,16,10,15,55,13,13,14,11,20,24,21,28,27,16,13,14,18,17,20,30,30,16,21,21,20,22,18,15,20,24,17,46,16,15,23,48,46,51,20,22,17,17,27,31,33,33,37,34,35,25,,39,24,25,40,26,30,34,28,29,36,17,24,42,35,21,,8,21,13,15,17,18,28,22,28,36,10,7,11,15,8,15,28,20,22,2,19,25,16,16,15,12,20,10,16,13,11,19,10,,14,9,11,15,13,4,18,19,21,21,11,19,10,14,30,17,14,4,27,24,11,14,10,12,,15,15,14,18,9,15,20,64,57,71,61,44,37,33,50,38,48,63,45,56,72,55,37,56,37,38,49,53,17,44,,59,59,72,81,11,15,8,16,17,17,10,14,14,25,20,14,6,6,17,16,18,12,7,22,21,11,25,,16,23,32,24,35,21,15,17,16,15,15,16,22,23,13,18,16,,12,24,28,26,20,1,15,20,18,23,23,28,29,42,23,40,16,19,19,22,15,16,16,15,18,17,13,,21,20,34,15,6,17,18,21,50,45,61,30,31,37,46,57,76,25,35,43,77,31,21,33,,14,14,14,16,9,13,16,60,17,28,,20,46,20,11,18,16,19,19,23,10,13,11,10,20,18,20,16,14,24,11,23,5,9,18,11,23,17,11,17,,13,8,13,9,25,19,13,,30,27,8,16,57,,102,36,120,54,18,19,20,37,25,26,28,24,21,19,38,7,12,10,9,8,8,10,60,119,191,339,483,,48,73,13,11,11,9,5,2,2,18,8,29,17,24,36
20160416,19,PM2.5_24h,39,32,43,,37,44,46,96,35,36,41,53,,72,69,71,77,81,67,,63,76,78,76,74,78,,32,34,26,20,25,34,30,81,83,88,96,96,100,40,67,52,52,48,33,33,39,37,41,53,45,43,43,44,39,40,30,30,28,30,31,38,35,28,21,27,28,22,60,58,67,44,53,55,49,37,37,37,12,,10,17,17,17,23,17,15,18,25,13,19,27,14,20,23,44,42,49,,45,50,46,50,50,,54,39,36,33,33,25,35,36,,35,26,61,67,57,56,53,40,46,55,43,54,52,56,45,,60,58,58,69,54,54,59,50,37,35,31,33,24,34,33,36,34,30,22,27,27,30,20,22,32,18,23,21,27,20,22,21,19,21,29,28,34,33,27,47,42,39,42,57,42,59,58,52,49,54,32,,30,28,24,30,31,25,30,26,27,32,20,20,21,26,21,24,,26,24,25,31,30,32,41,45,46,47,46,48,20,36,20,27,47,52,46,46,23,19,16,24,16,24,24,,31,22,21,17,19,18,18,,15,20,18,,38,40,35,21,22,24,,16,,22,24,,38,33,34,15,,,24,26,30,32,33,25,22,27,24,33,37,34,37,38,38,42,39,33,36,13,50,38,38,37,39,37,28,48,17,26,7,23,14,22,16,21,14,65,58,56,52,67,,78,55,13,22,22,19,22,20,25,26,24,31,34,36,30,36,40,37,31,32,20,25,24,28,28,22,25,21,25,43,24,19,25,23,21,23,24,27,21,19,34,34,,29,34,37,40,38,29,39,22,29,,27,29,27,28,33,25,25,29,33,27,34,27,18,28,31,30,26,28,26,34,34,36,23,28,25,31,29,25,,33,28,35,30,33,30,26,26,29,27,30,29,39,,65,61,62,63,60,63,67,69,31,37,45,51,34,6,16,11,20,14,21,15,15,13,13,21,14,16,18,,18,20,24,20,21,17,21,,18,13,10,30,20,29,18,21,23,23,18,28,28,22,24,32,28,24,28,16,19,25,73,17,33,19,21,18,22,20,27,9,21,17,50,20,26,20,27,18,28,13,13,28,32,38,19,53,40,33,34,30,23,20,39,17,17,21,12,21,22,22,28,21,22,24,23,25,,16,20,28,40,25,31,28,31,31,20,22,23,17,22,21,42,49,46,40,27,29,28,31,51,68,44,68,51,100,57,41,42,35,18,110,76,77,63,63,69,60,,51,49,58,,60,59,72,76,47,59,71,,62,81,38,74,67,70,63,28,27,,22,19,24,42,,39,,43,46,52,50,44,50,56,38,32,,25,27,20,56,44,51,,29,28,28,30,17,34,30,28,40,28,,38,38,34,34,36,33,25,34,31,29,27,19,20,29,26,29,25,25,27,23,30,30,36,41,48,38,36,40,37,39,35,44,38,25,35,29,40,38,52,49,55,18,20,13,18,21,28,41,26,,36,29,17,31,18,16,11,19,29,14,25,28,13,8,35,38,52,28,42,43,44,48,48,42,,42,32,45,45,22,39,38,36,50,40,34,28,97,60,73,74,80,42,36,49,43,46,,37,23,55,21,28,32,41,55,53,73,51,72,31,39,47,35,12,16,16,21,28,24,29,28,31,23,21,22,18,20,23,22,5,20,49,36,28,48,38,38,29,34,47,46,42,39,49,54,43,61,84,50,89,28,26,31,27,18,23,33,15,33,35,33,31,33,22,23,24,25,39,27,20,28,27,32,37,38,35,34,22,31,15,16,46,62,55,68,50,35,39,47,81,68,70,54,73,69,25,33,20,26,27,26,8,10,11,9,9,7,38,31,29,25,10,17,12,13,27,20,17,13,16,28,23,30,14,24,17,42,31,25,10,18,26,,36,,23,16,27,25,32,15,18,18,21,19,21,17,26,14,19,18,18,14,29,19,19,26,15,14,25,20,14,16,18,,19,21,28,26,10,6,22,14,7,32,28,24,51,56,83,72,25,20,23,30,16,19,22,25,8,33,37,32,23,25,34,38,23,25,25,20,17,18,20,26,24,22,30,,30,30,40,,17,24,16,21,35,27,30,25,27,16,16,19,18,46,47,27,20,21,20,28,27,,,40,40,21,18,17,14,14,31,32,32,31,38,40,46,31,41,27,31,28,45,28,34,34,25,25,18,,17,21,17,18,,9,15,66,35,23,15,,21,19,19,24,65,81,75,29,22,37,36,36,26,,52,63,60,49,44,23,23,24,,78,74,92,50,36,32,33,29,52,53,50,52,49,51,49,43,59,67,60,48,50,20,22,58,53,50,48,73,72,42,38,46,43,36,32,33,24,25,52,37,71,57,84,37,19,21,15,58,24,64,62,44,92,103,69,17,20,19,29,27,21,16,62,41,33,37,63,41,,32,27,,19,27,45,60,47,41,43,35,33,31,31,51,42,38,30,21,34,6,46,38,49,51,,37,46,49,69,30,27,19,33,,102,43,33,18,33,18,25,63,44,40,51,73,28,28,27,27,7,18,17,14,20,18,14,13,28,30,28,21,29,30,24,31,10,51,55,33,44,35,31,41,40,41,32,25,27,25,21,15,23,18,23,21,25,23,21,26,39,39,53,57,41,24,18,16,18,18,21,30,30,27,60,33,32,34,46,44,51,29,34,30,26,25,27,25,34,36,36,34,18,,42,18,18,59,47,49,61,29,26,29,15,31,47,44,22,,13,21,14,13,15,18,16,18,25,36,21,15,22,11,12,15,24,17,23,23,21,24,15,18,18,31,31,24,25,24,23,30,33,23,29,30,29,32,33,22,43,35,38,34,23,25,25,27,58,36,32,14,42,30,21,28,22,29,,31,22,30,37,12,22,27,53,44,53,49,46,42,33,52,43,49,68,45,58,63,45,31,48,65,72,47,37,40,58,,56,57,79,78,8,8,9,13,14,15,11,15,10,10,12,10,10,8,12,10,12,25,16,21,15,14,14,,17,8,16,17,27,11,16,15,11,14,6,7,9,7,7,18,16,10,15,30,30,24,31,17,11,14,12,14,17,16,22,28,16,24,10,12,16,9,17,27,10,9,15,19,20,,31,30,24,18,17,15,15,15,41,43,47,32,33,35,54,66,74,49,45,47,102,26,27,31,,15,14,14,16,15,20,27,35,37,35,,49,24,15,19,17,12,34,19,15,16,20,17,16,8,18,11,13,11,24,14,19,14,18,34,13,29,29,10,17,25,17,10,14,11,20,18,8,,24,37,21,26,29,,52,41,27,38,25,27,30,23,30,28,29,27,21,47,75,26,28,5,14,15,13,22,44,65,101,139,220,,42,49,13,13,20,10,7,5,7,19,28,25,32,26,33
20160416,19,PM10,33,35,40,,23,37,25,24,21,27,24,29,,66,56,49,98,,,,121,107,147,92,117,40,,41,53,23,43,35,47,57,146,115,167,137,139,164,63,56,66,61,99,89,146,155,140,48,,253,67,66,178,32,26,34,44,45,19,31,20,29,30,51,49,65,48,78,97,78,66,87,76,105,85,107,53,60,,87,48,35,57,56,77,71,34,29,25,36,21,31,25,25,68,85,83,,66,83,78,87,127,,69,50,61,47,47,41,55,18,,26,,281,165,150,176,132,128,110,160,130,156,,63,,,,55,73,103,66,80,,62,,,28,,,53,,,,47,37,45,36,,46,46,48,50,25,,23,49,18,22,27,40,14,,,,,73,109,47,61,66,42,57,72,129,62,70,,,50,29,15,31,23,16,,35,22,36,29,25,28,23,34,31,,,30,,51,51,38,65,60,59,62,61,61,40,45,36,32,56,58,62,54,24,23,8,12,13,31,20,,,8,13,34,42,58,54,,39,51,48,,132,91,81,16,34,49,,,,,17,,60,47,40,39,,,35,48,38,27,14,12,73,104,50,54,58,54,,51,,,63,,49,35,183,82,98,106,128,51,52,57,36,29,12,13,43,35,23,,42,134,162,120,129,110,,150,150,22,21,13,27,15,,19,39,16,133,134,119,143,98,107,134,137,100,39,35,54,41,63,26,49,71,43,35,62,25,31,54,36,67,36,29,37,61,55,82,,58,70,81,88,64,70,66,60,47,,41,37,43,43,58,39,34,39,68,57,38,29,39,55,80,68,62,62,43,54,54,44,39,75,42,41,59,65,,59,57,63,51,55,77,51,77,60,35,61,65,55,,110,111,122,109,92,133,149,108,45,62,93,118,76,45,47,38,47,43,45,43,26,53,43,38,24,41,48,,37,34,34,31,27,20,24,,30,35,111,57,87,61,71,67,61,69,75,70,69,60,69,73,83,77,109,72,69,82,152,65,79,72,90,60,79,90,109,81,54,102,139,93,68,32,58,49,102,98,35,102,85,217,80,102,104,101,85,81,98,146,65,74,94,79,68,39,40,38,39,34,30,36,40,46,,42,34,58,,101,50,78,30,55,63,46,40,41,41,46,139,126,132,93,32,31,59,29,92,77,83,95,109,,94,50,63,43,30,97,98,154,102,105,83,,,184,173,145,,198,43,,,41,63,142,,30,126,74,57,83,86,74,29,19,,24,26,27,63,,29,,52,149,148,163,147,156,157,29,26,,13,16,14,91,46,69,,64,64,69,,74,60,49,35,85,35,,64,53,68,61,67,55,57,35,55,70,36,100,61,42,29,40,47,56,58,52,54,58,97,98,87,67,75,91,101,80,90,115,54,54,98,61,102,68,159,173,174,40,43,54,39,40,53,84,68,,84,119,71,109,43,48,52,43,49,47,76,65,28,35,39,38,26,53,73,67,78,75,89,55,,46,60,80,57,61,,,101,109,,59,67,100,83,95,103,109,76,62,94,70,106,,43,56,25,42,45,28,88,,107,99,61,59,30,54,23,31,48,27,37,31,50,,,,54,61,62,44,31,51,47,31,18,110,90,107,94,94,99,112,95,49,138,81,62,93,103,,87,118,142,121,,60,79,84,48,104,112,186,106,55,61,88,53,78,53,55,47,35,,22,24,25,18,,37,25,,,52,34,25,31,46,33,40,82,66,84,99,80,134,115,89,77,126,106,60,49,31,41,41,47,34,26,39,38,42,41,52,99,89,59,19,35,41,10,63,56,37,64,62,44,42,33,48,44,47,132,,,62,30,54,,64,,74,104,90,97,57,97,94,82,82,77,96,97,99,66,108,98,89,101,94,97,90,114,111,109,92,376,352,304,27,,76,37,60,49,25,33,,84,33,101,85,90,29,26,107,111,7,,,25,13,,14,8,16,,33,40,13,16,37,38,18,,24,,,,14,8,,17,37,,31,29,295,,31,57,44,55,31,31,20,,17,14,18,23,,,27,39,27,19,18,58,48,,,,,40,35,34,47,42,87,84,95,80,87,118,59,99,86,104,92,98,66,24,30,70,32,37,58,,58,66,62,71,,103,42,45,31,37,71,,50,45,36,42,101,115,109,46,41,77,58,65,26,,32,46,,169,110,76,57,75,,155,141,193,125,47,61,70,71,,64,62,60,217,154,191,167,78,111,102,78,95,32,56,53,44,141,110,73,88,63,48,56,30,33,34,33,28,32,,54,72,47,81,41,19,30,20,44,34,43,38,64,,,34,46,15,30,15,15,5,29,88,,48,57,79,53,,36,59,,42,37,84,64,60,59,67,57,39,,43,,35,,,18,23,,59,,,57,,49,76,68,,57,52,41,58,,60,28,26,18,,,,94,65,48,42,60,40,41,37,55,9,20,,22,45,55,42,22,13,12,14,50,58,42,51,52,22,39,62,31,24,18,33,17,45,37,,20,20,27,22,28,36,34,36,41,18,23,25,19,30,32,46,,26,32,30,29,26,25,20,20,,26,70,81,73,77,96,104,87,119,125,125,125,82,108,90,74,76,85,88,58,,79,112,56,110,112,130,121,89,59,78,30,34,72,42,41,,39,52,41,52,66,71,68,35,106,41,60,68,69,88,20,,29,32,31,3,40,32,34,36,44,31,30,29,35,24,28,45,34,47,27,18,38,27,,33,30,30,31,,27,36,39,34,47,34,31,7,33,27,74,43,52,28,,24,,19,27,23,34,45,76,84,99,104,94,64,69,74,79,86,126,84,86,116,71,60,82,87,85,63,75,42,78,,105,116,106,144,62,51,58,99,48,33,24,29,27,37,32,40,14,19,22,24,18,26,14,31,44,49,54,,48,95,50,49,62,72,41,37,32,18,46,82,62,40,33,27,27,39,33,41,42,68,32,44,32,33,36,43,48,64,118,73,74,56,38,37,50,29,43,46,29,44,46,55,40,,53,104,70,58,67,56,32,33,109,114,76,72,53,39,90,134,175,81,70,121,150,56,67,93,44,28,31,34,19,38,,80,136,36,30,,115,81,,33,,46,55,59,87,61,64,50,55,61,71,60,66,58,33,34,50,27,38,27,29,31,29,33,46,53,80,38,42,39,46,55,38,,89,90,56,95,315,228,549,83,148,672,61,73,56,81,93,82,76,89,70,56,55,44,39,42,40,49,84,65,277,365,876,1601,1771,,192,197,29,33,25,34,15,7,21,70,47,72,25,74,64
20160416,19,PM10_24h,101,92,108,,97,119,116,88,70,106,111,100,,131,135,126,146,144,118,,143,128,143,122,106,132,,55,74,54,50,60,68,92,193,176,214,185,190,197,86,113,109,120,120,74,91,112,102,90,123,132,125,141,124,151,116,159,158,139,86,114,91,104,90,100,81,99,84,111,124,116,110,109,101,91,86,101,51,55,,46,44,40,45,44,74,61,131,113,108,117,108,144,102,100,75,100,87,,91,91,88,89,107,,98,100,78,67,83,68,77,70,,74,48,145,135,117,118,102,89,86,107,102,119,74,73,83,,79,86,80,100,70,75,75,69,76,60,59,66,45,57,56,69,60,69,58,64,61,61,50,64,74,59,47,58,63,43,53,42,48,47,54,60,64,60,56,81,84,72,70,128,88,115,100,135,121,113,65,,77,64,47,65,50,52,54,59,58,57,58,54,61,57,45,65,,65,62,51,75,78,81,94,85,85,96,85,88,40,76,53,52,88,81,88,67,45,34,24,44,31,59,49,,61,45,40,44,34,40,42,,23,36,47,,81,83,54,43,44,47,,47,,53,43,,75,56,48,36,,,35,43,42,52,49,37,34,48,47,66,75,78,66,66,68,81,71,66,70,24,88,63,78,73,92,50,39,67,40,46,33,31,41,41,30,32,42,122,150,131,121,122,,136,130,42,46,38,46,36,54,43,64,83,76,69,68,67,74,70,77,66,56,36,44,49,49,45,37,51,46,47,16,53,32,40,40,33,53,42,47,33,38,49,56,,52,62,53,71,50,58,56,47,45,,45,45,46,40,52,55,36,45,61,46,57,42,34,40,55,54,51,50,45,46,66,48,39,38,37,34,48,46,,48,49,50,47,46,50,48,48,50,46,51,53,57,,100,100,108,104,99,119,134,128,46,62,71,81,62,27,27,27,31,24,33,38,23,27,34,27,23,31,31,,32,27,46,35,34,29,34,,34,19,52,65,61,53,68,57,57,67,75,52,60,52,55,60,70,59,113,82,62,63,161,53,75,59,56,43,63,60,71,54,39,57,85,46,46,34,47,37,51,34,24,57,59,82,70,114,118,108,101,95,70,80,83,45,73,83,63,38,44,48,52,39,36,39,45,43,,57,34,84,59,150,144,159,124,135,127,121,102,105,96,108,119,102,97,80,50,50,53,45,105,96,85,113,116,126,120,79,82,54,29,142,119,152,124,103,110,96,,152,144,158,,140,124,129,135,76,101,125,,100,110,128,106,123,120,113,60,75,,42,44,48,76,,71,,84,113,97,113,108,129,110,64,66,,47,59,53,117,90,105,,41,39,46,40,42,58,49,39,47,43,,54,50,55,51,52,45,46,46,42,56,33,31,34,45,34,39,30,34,38,41,47,46,56,60,67,55,57,57,56,56,55,62,48,36,58,51,83,73,117,125,130,111,91,100,68,75,86,82,83,,97,75,40,76,32,37,39,53,53,48,71,76,36,32,210,208,191,178,76,79,83,97,89,72,,79,84,72,78,63,63,58,78,95,60,60,56,119,107,119,124,121,61,53,68,64,68,,51,41,62,37,42,35,79,73,97,133,62,86,53,58,66,52,29,22,29,28,49,48,52,56,52,52,39,37,32,37,39,35,11,60,81,86,62,75,73,71,79,48,111,77,54,66,87,151,75,101,131,91,105,57,62,55,58,51,56,106,44,63,68,70,71,75,50,46,42,51,51,59,41,47,36,52,79,51,87,37,44,53,29,23,65,97,83,124,65,70,72,76,100,105,88,85,110,88,50,47,36,50,50,49,12,22,18,16,24,13,84,56,92,53,16,27,22,18,43,40,34,33,52,65,43,47,32,37,32,61,40,35,56,27,36,,50,,56,46,61,69,48,49,53,56,54,56,59,56,74,42,48,61,51,52,54,61,51,67,61,64,64,130,139,128,60,,94,87,133,93,21,22,60,38,34,135,133,142,99,102,135,147,59,41,38,50,31,40,77,45,67,46,65,63,52,61,91,93,48,54,50,43,44,46,53,46,53,66,63,,57,63,76,100,43,71,46,59,63,57,59,64,45,32,34,46,45,58,58,62,56,56,50,60,53,,,59,60,42,29,31,29,30,73,75,82,74,77,73,69,57,80,49,61,69,73,44,74,107,63,58,44,,36,49,44,46,,47,34,78,62,66,42,,35,81,74,90,135,134,136,43,40,121,115,127,105,,64,76,73,289,239,64,57,53,,189,146,182,132,44,66,63,77,93,86,106,94,148,139,140,148,82,135,106,72,75,42,49,91,80,122,82,95,95,59,52,62,61,52,48,57,30,35,72,50,111,74,106,46,28,43,27,61,47,74,63,83,106,187,79,34,28,38,46,46,49,26,92,110,54,76,125,79,,54,50,,47,63,135,142,118,75,93,64,69,46,52,90,60,61,45,30,36,16,82,63,71,77,,77,76,98,114,60,54,36,52,,229,92,85,49,39,28,26,66,52,55,40,32,48,46,45,43,12,25,22,24,27,29,28,23,39,47,46,35,49,41,43,40,34,75,65,63,88,66,75,66,90,74,31,41,43,39,35,22,32,29,29,39,31,33,29,29,75,80,75,83,65,32,25,25,22,23,30,33,38,37,78,78,89,71,78,79,90,110,105,108,120,57,59,52,63,66,66,65,43,,73,85,55,100,103,124,121,59,50,64,41,52,93,54,54,,45,53,36,41,53,46,42,38,46,57,50,49,50,61,31,29,39,48,39,48,42,36,33,30,41,53,49,42,44,43,39,48,46,49,45,45,47,48,,49,81,58,59,40,41,59,51,44,85,50,59,21,57,42,55,51,53,43,,49,49,49,61,23,41,54,70,66,65,67,79,60,67,76,71,73,99,74,87,94,60,48,73,108,117,64,62,64,90,,93,99,100,125,46,40,26,51,42,31,23,37,24,19,22,20,18,15,16,17,22,37,35,40,26,36,37,,34,49,29,34,57,33,44,35,17,21,17,22,25,14,32,42,32,39,34,52,47,72,55,59,21,23,21,33,37,41,75,63,51,43,27,24,30,35,46,70,23,24,49,44,34,,59,104,55,51,43,39,28,26,88,114,81,67,56,52,87,116,174,91,86,158,157,42,56,57,65,26,28,28,33,51,,204,109,74,59,,161,43,34,44,,28,60,35,39,84,90,84,95,26,39,25,47,38,40,43,35,29,41,39,48,53,53,34,44,66,56,33,34,33,39,42,18,,55,55,60,89,85,134,235,80,86,144,78,91,80,79,89,82,82,122,93,225,196,144,129,18,58,61,65,103,200,254,274,593,681,,159,157,44,39,51,42,14,10,23,66,66,63,40,58,54
20160416,19,SO2,2,2,2,2,2,2,2,2,2,2,2,2,,5,6,4,16,9,8,,9,5,18,9,10,8,,3,7,2,8,11,6,16,36,33,29,21,38,27,2,7,13,8,6,16,12,15,13,7,7,8,3,2,2,4,2,9,3,4,8,7,6,5,12,1,1,1,3,7,11,24,9,21,11,11,8,26,37,6,,7,4,4,3,2,7,11,9,7,4,12,7,1,8,8,4,28,11,,9,16,11,9,14,,14,1,9,9,7,4,8,3,,10,2,10,11,8,6,7,6,6,16,11,8,13,14,32,,13,21,36,12,12,10,15,22,11,11,8,9,6,9,10,11,18,8,9,11,11,11,3,10,6,11,8,6,10,7,6,8,7,10,15,11,19,14,9,18,16,17,18,22,11,10,5,149,18,112,7,,50,19,8,12,7,5,7,9,8,11,7,10,13,6,14,9,,12,13,31,4,2,7,17,16,16,5,13,7,10,6,12,9,34,24,9,13,4,7,9,5,4,4,6,,5,2,5,8,9,12,9,,7,9,9,,22,20,24,8,5,3,,10,,8,6,,6,8,6,4,,,12,18,6,6,2,10,9,9,11,8,11,3,5,5,4,1,7,3,7,3,6,8,8,3,6,5,4,5,2,1,3,7,8,3,4,4,14,13,12,17,9,22,,16,17,20,10,29,8,33,19,16,15,2,17,15,18,11,20,17,10,17,14,1,4,5,8,3,9,5,7,9,7,7,11,7,5,11,16,7,11,10,7,5,7,,12,13,12,28,5,9,21,16,6,,6,5,90,7,20,4,27,15,9,20,4,5,5,16,11,12,3,10,5,12,6,5,3,15,4,8,11,7,,4,4,6,4,7,10,5,7,7,5,9,16,11,,7,10,11,10,5,12,8,10,5,4,5,4,12,15,6,25,8,6,8,13,10,16,8,7,3,8,9,,8,13,6,11,9,9,6,,9,10,7,6,8,12,10,9,15,10,10,13,5,13,10,9,17,12,6,8,7,6,12,7,14,8,9,7,5,8,9,11,6,5,18,6,9,3,1,5,8,4,6,12,11,3,9,27,13,14,21,10,10,1,7,9,7,5,1,7,12,15,24,13,5,4,11,8,,11,5,9,10,6,7,5,6,6,7,12,5,6,1,4,12,11,11,10,31,8,16,21,18,14,18,76,12,11,15,19,15,9,10,14,9,7,7,15,22,17,,7,10,14,,18,11,10,6,16,21,24,,24,48,16,4,18,13,24,8,12,,7,1,13,28,,4,,10,14,29,9,6,2,7,10,5,,8,2,6,23,41,15,,28,9,11,1,10,18,8,4,5,5,,3,7,9,5,12,8,11,2,3,3,2,5,10,8,8,10,4,4,8,3,3,4,11,11,9,20,21,15,7,1,24,20,27,23,3,14,6,9,13,12,13,9,16,11,10,12,9,22,16,,22,9,3,4,5,4,5,52,7,54,11,11,25,16,13,18,9,8,5,9,21,9,15,8,,,27,13,30,15,17,7,12,20,33,10,8,15,23,17,9,20,16,10,16,10,18,,8,9,12,34,9,14,7,25,13,13,6,156,12,6,7,16,6,6,35,9,17,5,30,21,5,8,10,10,10,14,15,16,9,50,28,13,18,10,22,14,13,18,16,13,15,11,14,18,13,26,21,19,32,21,25,15,16,14,12,16,14,8,14,3,27,12,14,24,26,16,33,10,3,3,20,10,13,8,14,18,2,7,3,3,9,11,9,9,3,6,10,4,10,8,7,18,16,8,2,2,12,10,7,5,17,14,8,26,22,8,11,186,30,12,5,5,13,6,8,16,6,6,10,5,12,6,7,4,5,4,8,4,14,3,3,,6,,38,14,5,21,4,18,18,11,14,7,3,7,8,5,5,6,5,11,8,6,5,20,19,12,15,3,2,4,6,,18,10,22,6,2,20,2,10,1,3,2,6,11,16,14,16,4,8,6,6,8,8,4,5,6,3,7,12,25,29,7,5,4,20,13,12,2,17,5,6,18,10,13,,,15,12,,12,8,6,12,21,14,10,6,4,3,7,5,3,11,28,4,2,3,5,13,12,,,2,2,9,13,15,12,8,12,8,17,12,6,12,8,50,42,43,41,34,22,18,29,12,10,13,14,,23,5,4,10,,20,16,3,17,4,8,,13,2,1,5,12,8,3,5,3,5,9,10,20,,5,5,5,15,4,22,6,6,,38,20,77,33,6,7,6,12,7,6,6,6,21,10,25,9,9,8,7,43,9,4,3,13,6,4,4,8,2,9,11,14,6,12,35,9,4,5,3,2,5,7,7,3,6,7,12,5,1,3,7,5,17,13,23,20,18,37,14,7,20,34,5,41,24,6,23,7,,11,8,,11,12,9,16,31,4,19,10,10,125,17,36,5,6,17,22,7,6,4,5,5,26,,8,5,9,22,9,3,7,7,,8,16,5,4,15,17,7,5,6,8,13,8,33,22,17,14,3,2,5,5,6,10,11,7,1,3,5,2,3,1,10,1,9,12,24,20,11,3,3,6,6,7,3,9,41,16,11,22,27,17,42,9,2,7,10,7,4,3,7,3,14,2,5,3,2,3,4,32,7,37,38,13,16,15,19,33,31,8,18,6,8,20,18,20,19,36,26,17,31,,48,28,16,28,27,23,3,8,20,34,2,1,6,4,1,,8,18,16,3,4,7,4,6,2,1,20,13,14,13,9,6,1,1,14,6,6,2,9,8,9,7,5,10,9,9,8,8,15,8,17,12,13,17,5,3,7,11,14,11,10,13,6,16,2,23,3,3,4,,6,14,17,67,,13,55,12,10,7,15,12,5,2,3,5,11,3,3,32,11,18,15,5,39,17,14,48,52,8,16,17,12,2,15,,17,55,11,15,18,17,13,13,12,16,4,7,3,12,10,4,6,7,7,11,1,7,3,4,27,15,5,,8,24,2,31,5,8,8,5,9,2,3,6,10,3,15,2,10,20,24,4,1,12,8,18,9,10,7,13,42,8,22,15,8,7,14,10,9,39,43,9,22,31,27,13,5,,15,3,2,8,12,9,14,3,4,19,5,9,20,23,5,8,21,7,4,9,11,7,9,9,6,16,7,16,12,7,8,4,6,15,4,,3,6,10,12,7,6,19,5,11,2,2,3,3,6,16,8,2,6,4,5,13,9,10,3,4,11,14,9,8,8,6,8,9,5,5,9,10,,25,22,20,8,22,9,10,19,1,24,11,1,30,4,13,14,12,8,8,1,6,1,3,,2,3,14,11,1,4,2,4,9,,16,16,2,7,3,6,3,5,16,7,8,11,6,8,14
20160416,19,SO2_24h,4,3,4,5,5,4,5,6,4,3,6,4,,16,21,15,24,14,22,,19,11,15,20,10,18,,11,13,10,17,14,11,21,63,51,51,54,63,65,14,22,13,14,13,19,13,15,127,15,16,14,10,12,13,5,4,10,3,5,11,11,15,10,15,9,7,8,7,40,13,35,13,31,13,11,12,31,41,11,,8,13,9,7,6,9,15,10,7,11,13,6,2,9,8,11,48,24,,22,22,18,21,25,,16,7,17,8,7,5,10,3,,13,4,28,15,13,10,11,8,10,11,17,15,22,20,30,,13,35,32,25,28,14,21,19,12,11,11,10,10,10,10,11,19,14,14,15,15,15,4,16,12,8,15,11,15,12,9,16,10,12,20,20,28,18,14,17,15,25,24,31,26,28,9,57,21,127,11,,59,26,11,12,14,9,6,11,11,12,10,10,23,16,14,13,,20,19,32,6,9,17,25,22,15,11,12,11,9,10,13,8,36,26,9,17,5,6,9,15,3,5,7,,13,5,5,7,8,10,8,,7,10,13,,12,18,14,10,9,6,,17,,11,12,,7,5,4,6,,,13,21,7,12,11,15,12,11,23,11,13,22,9,10,12,9,12,8,14,3,5,8,6,3,5,6,5,13,8,6,11,9,13,14,8,12,13,19,16,17,14,29,,23,20,19,10,25,9,33,19,14,13,7,17,14,17,11,7,17,11,17,14,7,4,5,7,5,9,5,7,9,14,7,10,7,5,10,16,7,11,8,6,4,6,,11,12,12,24,5,7,20,9,6,,5,5,27,7,15,3,10,9,10,8,5,5,3,14,9,11,4,15,7,8,5,5,3,13,10,7,11,5,,4,5,6,4,8,8,4,6,7,3,15,26,11,,7,11,9,10,5,10,8,9,5,5,6,5,11,8,6,10,8,5,9,10,12,8,8,9,7,10,9,,11,13,6,10,10,8,7,,11,10,8,7,5,9,11,6,18,11,6,20,9,56,17,13,17,17,7,9,6,6,15,7,19,11,8,14,7,12,11,10,8,5,14,8,11,4,4,5,5,3,6,15,13,6,22,30,12,18,26,16,11,2,14,7,8,4,7,10,15,19,28,21,12,23,15,10,,15,5,37,10,6,7,5,6,8,8,18,10,9,4,9,17,21,14,13,25,12,18,13,23,21,11,15,13,11,19,21,21,11,8,30,23,24,6,16,20,11,,23,20,20,,19,44,38,33,18,34,40,,25,36,16,13,20,17,30,12,11,,10,3,16,22,,6,,9,25,44,25,37,10,34,11,5,,14,5,8,25,52,25,,25,13,9,9,11,23,10,3,8,7,,2,13,9,4,11,8,11,3,3,6,3,3,8,8,8,10,4,4,8,3,3,3,8,8,12,15,16,11,10,9,8,12,23,24,3,19,28,30,20,24,25,12,16,11,13,15,10,23,19,,23,14,11,7,8,3,9,29,9,43,17,20,29,9,12,10,7,10,8,12,18,20,19,11,,51,25,10,19,9,22,12,21,94,23,10,9,49,82,33,43,53,15,11,16,12,13,,9,8,9,23,6,14,10,36,19,22,6,24,14,9,6,15,8,7,40,10,8,4,13,10,7,34,33,32,32,44,31,60,28,30,28,22,27,16,27,15,17,18,19,16,29,11,11,27,12,28,22,13,32,18,28,12,14,20,13,18,15,8,10,3,21,12,15,14,34,7,23,18,4,5,26,12,15,8,13,19,3,8,4,3,17,30,25,17,9,6,9,8,13,11,32,13,18,9,1,2,14,14,17,7,8,22,12,9,13,11,75,42,59,19,4,8,7,7,8,8,6,6,12,10,15,9,6,4,6,13,18,4,7,3,2,,3,,31,9,6,10,7,6,10,7,11,7,3,7,7,4,4,5,3,6,10,4,4,20,6,10,13,4,4,6,23,,20,36,107,48,2,16,2,4,2,6,3,5,14,19,24,23,5,6,6,2,9,10,5,6,12,6,9,9,17,24,11,9,5,20,15,11,2,17,12,12,17,12,14,,12,15,13,32,12,10,7,13,22,14,13,16,10,6,9,9,5,11,15,14,4,8,9,17,16,,,4,3,7,13,12,11,7,15,15,23,13,8,13,8,20,24,18,19,14,13,23,39,23,16,22,14,,18,8,4,9,,15,14,10,26,15,10,,13,9,7,19,22,21,19,3,2,16,14,15,24,,6,6,23,15,6,24,5,6,,34,27,49,24,6,7,6,11,23,14,17,18,23,13,23,9,17,16,14,34,20,3,5,27,17,10,7,8,3,11,12,8,12,11,34,11,6,4,3,2,5,9,9,3,3,4,14,6,2,6,10,4,14,20,28,15,21,38,16,8,18,38,13,38,29,6,35,12,,22,11,,22,16,7,25,32,39,39,58,11,94,27,28,10,6,19,22,10,5,9,9,8,26,,13,15,17,22,12,4,10,8,,8,22,9,6,15,15,10,6,6,9,16,17,24,22,16,16,3,3,11,6,7,9,7,7,2,6,6,1,5,4,4,3,8,16,25,27,24,22,14,32,34,34,3,37,92,36,32,12,10,6,21,7,3,9,15,15,8,8,8,14,24,12,8,4,6,9,20,32,34,48,32,22,23,18,19,37,28,15,18,22,13,22,23,15,13,68,27,20,28,,44,24,15,32,32,34,15,15,20,43,7,2,12,7,2,,8,15,18,7,5,14,6,9,34,20,24,17,18,7,6,7,3,5,10,3,5,4,5,5,8,7,8,12,9,9,11,7,8,10,21,20,29,22,5,46,14,14,13,4,5,6,4,14,21,13,14,9,15,,7,13,14,23,,14,60,17,13,6,10,9,9,8,6,6,12,3,3,15,13,17,29,11,31,16,15,42,57,9,12,18,12,5,12,,22,54,9,13,12,12,10,10,8,11,4,11,9,16,13,8,8,8,9,13,2,13,8,10,29,19,13,,8,14,4,31,6,5,7,5,7,3,2,5,8,2,22,25,11,23,37,6,2,10,8,19,14,11,7,12,32,9,8,21,7,8,18,14,13,12,25,17,15,16,34,11,7,,15,5,6,6,18,9,13,3,3,16,7,11,36,30,26,28,35,16,14,7,10,6,11,8,7,14,7,17,7,5,8,5,6,12,5,,24,7,9,10,7,10,6,5,6,3,6,4,4,4,15,6,2,2,8,4,11,11,10,5,5,11,16,9,8,15,9,4,8,4,5,9,5,,13,20,15,12,21,11,10,20,1,29,11,5,34,4,23,7,8,14,8,2,7,2,3,,4,4,12,13,4,6,2,8,14,,9,13,4,11,5,6,3,7,12,8,13,54,12,14,14
20160416,19,NO2,12,2,2,20,17,20,18,16,6,18,10,16,,31,27,22,47,33,41,,51,48,61,39,31,21,,21,19,10,18,18,4,5,86,88,59,82,90,92,52,39,61,55,77,27,30,15,28,18,11,13,12,5,18,9,15,9,10,17,12,11,6,7,5,24,12,9,18,47,48,43,24,26,39,55,37,38,29,11,,5,3,13,9,9,6,21,13,23,8,5,9,24,13,13,32,51,51,,52,48,56,66,75,,54,18,29,20,38,33,19,11,,22,9,91,55,82,52,47,20,14,41,27,34,19,21,33,,83,78,43,25,60,40,25,43,48,48,45,41,27,41,44,43,32,8,23,26,30,35,33,28,12,29,22,30,32,33,30,32,42,34,25,25,12,55,16,52,,19,53,32,23,6,22,23,29,8,21,,18,20,24,63,22,23,50,42,25,50,31,26,34,24,16,25,,33,26,22,33,15,28,16,28,51,34,21,56,32,38,34,29,39,65,30,44,26,34,11,34,16,28,30,,6,25,19,33,32,45,44,,16,36,31,,94,96,104,36,23,25,,27,,21,32,,46,26,17,36,,,19,16,10,16,11,13,67,49,63,40,35,20,15,30,40,30,39,12,33,9,88,75,67,57,73,22,37,34,26,11,7,7,17,25,10,28,20,30,26,24,19,10,,42,8,17,21,,38,11,12,13,17,17,57,79,48,65,25,44,72,57,44,28,12,44,45,83,26,22,40,23,10,20,25,12,24,25,40,37,23,20,9,67,55,,41,41,40,72,65,37,64,45,41,,36,32,39,22,40,9,32,50,32,44,12,22,12,54,70,50,22,27,2,40,39,14,12,9,4,18,18,28,,25,29,35,23,16,31,50,42,25,35,20,16,13,,16,9,36,9,11,38,29,13,7,23,35,35,55,15,62,31,82,50,46,40,41,60,72,38,55,74,36,,54,65,26,20,27,30,28,,23,13,24,40,28,21,21,40,68,63,27,32,26,4,17,5,27,17,11,22,19,6,37,19,58,34,64,32,52,71,46,30,21,32,35,46,64,11,13,14,9,25,34,82,38,9,2,26,16,13,16,21,46,15,9,27,15,23,3,20,33,25,23,18,38,29,42,36,,6,18,25,13,15,15,7,10,12,15,24,11,7,6,7,59,55,44,33,16,17,19,35,42,58,44,28,24,44,22,54,45,39,31,31,28,33,48,27,36,39,,19,23,26,,40,25,17,13,31,41,42,,27,52,12,14,51,19,6,12,25,,11,15,17,16,,16,,13,20,34,31,16,25,31,16,12,,22,18,12,32,20,16,,24,20,30,9,33,19,45,16,49,12,,13,,11,7,20,5,6,17,7,7,10,70,44,16,17,14,51,27,30,7,6,13,44,89,54,22,26,36,79,52,67,59,5,4,17,11,12,15,19,18,22,10,12,8,23,5,11,17,36,,22,18,10,23,12,21,1,2,34,12,17,23,8,14,13,24,15,10,33,29,60,62,75,31,,38,58,48,61,42,44,45,38,55,73,66,57,28,22,16,28,26,55,61,55,26,58,,9,32,64,28,20,13,10,52,29,52,17,18,17,15,6,15,33,33,17,31,49,22,44,46,45,25,29,29,15,14,37,20,11,60,24,,34,17,24,26,15,31,19,25,37,19,19,15,26,36,39,31,31,34,33,29,30,36,33,49,35,27,39,17,21,30,28,24,13,28,6,5,5,16,11,6,9,2,15,2,11,7,14,7,5,47,23,,15,18,24,11,31,25,16,17,28,16,10,6,10,3,8,26,64,20,27,55,72,13,32,68,39,37,15,1,39,28,25,26,16,40,7,14,22,5,20,20,29,31,25,27,77,24,29,,35,,11,34,35,46,21,29,41,24,30,1,30,16,34,10,31,48,66,42,71,33,36,20,47,43,27,7,13,8,5,,5,12,9,6,9,4,2,15,3,8,8,9,19,27,26,29,11,13,19,2,16,17,11,11,8,14,9,17,28,14,9,5,7,24,20,36,9,12,25,30,37,30,29,,,30,32,,30,37,16,23,31,25,42,,23,22,18,26,20,22,20,12,32,27,18,21,38,,,15,17,27,19,14,18,24,17,8,16,11,49,57,20,33,32,33,38,24,14,9,9,11,8,8,12,,13,19,33,25,,14,12,14,8,10,11,,14,4,7,4,8,25,16,20,16,18,19,21,4,,20,20,17,10,2,4,10,5,,31,30,34,41,38,83,87,43,26,31,30,34,32,14,31,29,21,46,31,40,22,24,19,14,11,21,18,25,16,41,35,41,9,33,17,7,2,13,2,25,9,30,28,20,39,20,28,4,9,35,29,14,7,13,31,24,22,17,21,9,7,21,59,135,55,32,10,12,,17,31,,24,7,8,16,31,23,27,26,14,31,35,22,2,25,11,29,26,10,18,23,35,45,,22,16,41,14,16,18,18,31,,26,50,18,32,36,32,39,48,22,33,23,32,34,42,60,30,3,21,8,6,30,50,44,7,5,6,15,8,2,2,25,27,1,22,8,20,2,3,6,16,19,8,8,10,14,18,16,5,16,30,25,43,22,23,20,13,8,11,2,9,22,9,11,7,10,3,6,9,24,33,33,27,30,19,37,14,22,29,25,27,20,27,36,44,28,25,51,24,18,,17,17,16,14,21,42,13,29,20,31,19,27,11,26,21,,26,29,32,21,22,26,7,40,29,8,30,35,20,68,16,8,20,7,2,16,20,16,26,20,10,3,8,13,17,43,17,32,26,4,6,5,16,11,7,22,12,31,24,13,19,12,3,14,11,11,16,22,20,7,24,12,14,7,,2,11,3,9,6,2,25,21,17,34,26,29,7,15,19,28,19,20,4,16,19,20,21,29,14,6,2,13,17,37,,5,22,14,21,11,76,39,31,13,23,14,19,24,15,23,25,15,51,29,24,5,9,8,8,6,27,20,,19,30,23,25,47,43,13,65,42,16,20,81,56,43,12,7,30,8,12,5,11,18,13,9,8,13,15,10,33,23,27,12,26,20,23,13,20,16,29,28,26,28,12,9,35,,10,6,7,3,17,11,21,33,19,14,5,2,9,21,10,10,18,7,25,21,29,14,13,16,23,9,7,,40,8,15,6,11,15,7,,42,11,1,30,14,9,31,49,41,2,18,8,11,12,24,26,14,17,12,4,6,32,27,17,13,8,13,15,20,8,17,11,5,13,12,51,24,,13,14,9,27,7,4,13,9,15,8,10,17,27,2,10,10,18,18,16,8,10,2,4,7,30,15,8,11,7,11,7,8,4,,13,14,22,12,,9,4,17,10,4,6,29,35,18,71
20160416,19,NO2_24h,26,13,22,36,34,34,41,36,15,35,24,22,,45,44,27,45,39,44,,56,55,45,37,36,46,,31,23,18,22,25,12,12,70,77,54,77,80,79,24,50,64,48,49,37,39,25,43,28,21,58,24,21,33,14,18,13,11,21,21,20,18,14,12,43,36,28,39,56,58,52,20,29,26,39,36,39,30,16,,6,13,16,17,6,13,26,11,21,10,9,12,27,15,10,25,32,32,,30,62,31,40,40,,30,29,33,14,28,21,22,21,,24,12,64,45,64,34,47,19,15,24,24,37,38,43,32,,84,91,53,33,84,34,43,37,50,41,39,37,38,32,28,28,18,28,36,38,46,36,48,51,31,36,33,41,37,40,42,41,40,41,34,41,32,48,45,27,29,20,40,46,46,26,40,40,47,33,30,,25,34,31,49,30,27,49,54,33,45,37,24,48,36,18,35,,35,33,28,41,27,46,38,21,52,28,19,44,25,28,27,23,42,66,35,37,46,37,12,55,19,47,56,,46,38,43,15,16,20,34,,10,26,24,,58,75,57,32,20,30,,34,,26,37,,38,21,20,21,,,40,33,26,37,29,34,38,34,40,33,42,21,24,39,60,45,38,13,37,22,59,58,67,50,68,18,34,38,31,24,21,10,26,41,13,29,24,29,26,30,31,11,,38,9,21,21,6,41,21,14,16,23,26,45,52,37,30,26,31,38,33,24,20,18,37,30,34,27,14,25,27,20,17,23,11,19,16,35,33,22,22,14,48,40,,35,41,28,51,48,25,47,31,21,,25,26,26,15,39,7,18,30,27,24,18,24,7,46,48,47,27,27,5,37,38,10,5,5,4,16,14,16,,27,21,30,27,24,18,23,24,12,14,24,18,18,,30,15,46,16,24,43,40,35,6,13,20,15,28,12,39,19,33,18,23,32,20,17,48,20,29,34,24,,24,47,32,38,44,40,42,,28,19,13,40,13,20,16,26,27,48,19,32,17,10,16,6,31,21,18,37,24,12,50,21,35,29,41,29,31,35,37,20,23,20,20,20,42,27,25,13,23,32,26,26,29,13,6,26,28,29,29,29,43,41,41,43,48,42,14,22,27,27,19,25,27,32,37,22,,9,14,31,15,12,8,10,10,10,15,15,12,8,6,10,33,31,22,22,14,13,22,17,30,32,20,16,39,36,38,45,44,48,21,38,36,38,42,28,42,42,,20,22,26,,23,38,29,26,33,51,51,,41,43,15,29,60,27,11,20,30,,12,18,17,17,,18,,16,27,32,33,25,26,37,24,14,,26,16,22,37,19,25,,18,21,26,17,29,21,27,20,23,16,,9,6,10,7,17,5,4,10,4,5,20,29,34,9,13,12,22,16,15,6,4,6,30,51,43,13,19,21,27,26,27,24,3,4,16,18,28,37,20,20,24,12,17,10,35,10,12,18,32,,28,20,6,25,12,26,5,3,35,30,21,26,15,18,7,12,9,13,19,18,30,41,22,19,,28,36,21,29,15,30,25,29,54,20,18,12,40,51,43,47,49,35,24,35,22,31,,10,17,25,22,15,8,17,68,28,51,25,21,19,19,8,16,30,33,20,15,31,19,24,25,36,26,30,25,16,12,34,19,6,31,16,1,30,20,15,17,22,30,24,30,46,18,17,32,24,39,32,31,17,26,26,26,22,21,21,26,15,29,38,31,24,30,31,23,16,32,16,9,7,14,13,10,8,4,17,2,14,12,19,5,7,39,24,40,11,10,13,16,14,18,18,13,23,10,8,6,29,28,31,30,15,16,19,21,16,11,43,22,36,31,9,5,17,19,16,18,16,22,28,22,40,19,12,23,22,36,21,19,30,34,16,,24,,9,16,26,31,34,14,29,17,18,6,29,37,40,11,18,30,35,24,31,28,34,16,33,30,25,8,14,8,17,,7,19,31,19,13,6,3,12,12,28,17,17,23,33,31,39,17,14,14,11,26,25,14,13,20,29,17,22,30,13,17,9,7,22,14,16,10,12,37,47,45,32,30,,30,36,39,39,33,36,21,23,38,33,44,30,30,29,19,43,31,26,22,24,46,39,29,43,54,,,25,19,16,15,9,14,14,17,15,20,17,31,35,31,12,16,15,11,15,12,17,19,13,16,19,10,,11,17,20,7,,6,4,16,11,16,18,,13,10,11,10,15,28,20,10,10,20,22,21,12,,20,19,27,9,4,8,8,4,,39,29,45,31,12,20,26,21,27,40,19,34,19,18,22,23,35,40,42,27,31,22,29,37,42,29,17,25,15,38,32,26,12,26,18,8,2,12,2,31,13,34,31,19,24,13,17,6,14,38,29,17,10,33,45,22,21,12,27,18,10,17,64,62,49,32,31,23,,29,33,,33,10,22,27,26,36,42,55,36,46,36,52,4,42,23,36,27,11,34,43,38,47,,22,17,58,30,17,24,22,27,,17,61,37,39,30,36,32,39,23,33,18,25,32,35,34,21,2,18,16,14,28,41,28,14,24,43,38,5,8,4,18,20,3,15,9,18,10,12,15,26,24,16,7,19,19,21,17,5,10,8,7,14,13,16,17,16,19,14,3,18,21,10,10,8,13,10,17,19,36,32,29,31,42,19,37,18,22,26,26,26,21,22,28,33,21,18,49,21,23,,20,19,22,21,23,54,20,20,13,31,32,30,20,16,27,,15,12,15,16,18,17,14,27,25,25,19,19,19,42,16,12,14,8,3,5,13,10,11,15,5,17,20,18,19,31,19,26,25,4,11,10,14,11,9,27,25,19,30,10,11,11,3,12,16,24,22,33,34,5,13,10,9,2,,15,13,7,17,4,7,18,14,17,30,16,30,8,13,18,20,19,15,10,19,23,11,15,19,11,20,8,12,14,27,,7,15,12,16,17,32,21,30,16,18,13,27,18,17,18,11,16,22,19,17,8,20,16,14,6,24,15,,16,18,17,20,30,15,17,38,21,11,6,25,28,21,8,8,14,9,13,8,8,16,29,24,11,15,10,12,23,17,17,29,25,26,19,12,13,11,14,14,17,14,14,11,17,,30,19,13,3,12,6,10,16,25,28,18,4,25,33,13,14,19,20,21,39,28,15,16,39,32,9,7,,27,22,14,15,15,19,10,,28,6,6,23,14,11,21,28,22,20,29,18,19,9,15,8,8,10,22,11,5,30,23,19,11,12,12,28,29,15,37,6,5,8,22,60,26,,8,10,12,27,9,5,24,12,14,17,37,31,56,7,18,14,19,31,32,13,17,3,3,3,43,36,10,28,31,37,19,40,41,,26,33,27,20,,12,3,14,25,17,23,27,38,15,61
20160416,19,O3,81,89,80,76,76,72,82,66,64,70,84,80,,58,69,21,44,59,59,,35,35,23,40,26,72,,95,57,100,101,82,56,116,6,10,11,10,5,7,40,53,50,53,25,100,78,101,94,99,100,113,82,91,72,96,93,90,93,80,87,93,103,93,101,62,78,80,96,48,65,56,96,96,78,71,65,64,60,65,,71,75,63,59,66,108,92,87,93,109,72,80,81,79,77,50,76,68,,46,33,69,57,52,,60,131,102,110,92,110,137,112,,130,113,23,41,26,52,49,63,95,55,77,88,82,44,39,,27,16,54,34,29,21,40,24,52,32,41,45,65,38,32,42,34,108,86,113,104,101,103,94,115,112,58,54,62,54,64,66,56,54,70,80,80,16,100,41,35,85,75,79,83,94,86,55,80,80,33,,81,93,83,58,66,95,54,77,98,36,83,70,95,77,82,79,,75,93,98,74,50,97,99,71,42,49,67,45,80,75,80,90,39,39,52,33,77,49,118,72,77,63,63,,78,72,65,74,72,71,75,,94,77,69,,3,7,5,61,64,48,,56,,52,51,,42,60,69,60,,,62,72,61,95,115,88,,15,28,48,42,45,66,59,59,61,65,66,53,53,19,20,38,16,6,36,46,54,74,113,112,111,84,74,91,86,95,51,59,71,66,70,,54,55,96,115,91,86,29,123,99,85,109,102,56,103,67,102,60,54,60,87,72,109,71,76,41,118,69,75,111,127,77,141,114,119,102,101,123,102,113,110,6,4,,8,3,12,17,10,32,3,28,19,,26,22,6,27,61,40,55,21,26,36,48,46,52,23,16,23,37,23,60,32,38,35,41,43,42,40,34,24,,34,30,31,36,41,39,20,30,21,19,53,60,57,,110,128,69,98,116,121,126,116,75,73,43,43,38,115,119,101,61,122,105,106,92,69,76,122,101,98,114,,81,101,107,114,111,103,121,,103,114,138,162,151,138,144,140,118,149,168,109,100,129,118,115,119,92,124,128,122,139,104,120,83,95,70,92,75,54,102,101,71,82,109,61,87,97,81,134,100,85,58,103,60,116,144,97,84,118,89,75,76,37,40,79,55,99,39,106,83,101,111,119,100,111,106,90,,165,89,90,66,90,81,94,78,90,102,89,93,68,103,105,64,54,71,66,117,139,110,98,70,69,75,65,70,28,94,21,22,26,24,54,54,71,47,61,85,65,,79,71,53,,55,59,40,57,43,76,51,,64,55,54,87,57,50,92,100,97,,97,102,100,102,,121,,120,66,45,53,93,64,75,87,110,,85,131,114,90,104,103,,79,63,35,99,90,22,21,55,29,34,,58,43,55,75,72,29,52,62,50,55,27,5,11,40,37,42,27,39,36,55,39,50,89,69,62,71,57,49,11,23,9,42,59,16,67,126,59,88,78,75,71,92,83,87,83,94,73,102,114,,118,90,82,98,79,63,96,79,75,94,86,95,106,102,90,79,56,55,65,67,63,62,46,97,,88,70,72,46,84,80,58,65,32,45,24,48,81,89,99,80,94,69,51,62,91,48,,138,58,29,64,96,90,78,76,50,36,111,78,87,95,95,102,11,35,84,41,60,38,58,62,79,42,28,47,39,41,59,74,82,67,111,121,85,113,127,73,103,87,87,41,81,95,80,77,65,65,87,48,67,88,93,54,102,102,54,85,98,99,77,96,90,106,114,119,105,102,124,160,121,132,142,105,90,91,105,26,36,82,76,90,68,106,104,87,56,121,97,91,148,138,129,138,131,114,71,80,130,125,126,97,32,56,54,73,46,76,55,45,97,97,132,121,98,81,23,13,92,62,88,153,117,79,95,81,145,49,70,81,66,116,105,,98,,118,110,72,80,106,111,126,127,122,117,103,112,106,102,57,70,59,101,50,96,94,82,82,86,91,105,114,76,101,,107,114,100,104,114,121,66,156,69,91,91,124,91,102,52,51,79,68,106,95,104,111,132,147,147,135,144,110,131,145,123,88,55,81,91,97,95,111,60,67,70,46,55,,,,80,,54,48,55,8,69,68,81,69,129,76,47,81,68,,68,63,108,51,59,66,79,,,116,67,100,101,96,109,93,82,84,91,89,26,14,94,112,110,81,112,126,112,100,102,102,87,91,86,,86,89,60,58,,62,43,106,151,128,70,,35,112,99,91,76,60,103,89,96,92,91,77,96,,57,73,80,106,88,40,119,111,,57,33,32,36,74,48,35,47,148,74,66,99,43,52,34,30,75,56,69,87,98,96,110,120,99,46,53,70,74,67,75,54,48,36,45,41,82,78,75,94,50,39,57,46,37,55,78,56,82,64,22,62,39,64,72,70,88,,46,44,89,61,45,121,100,65,69,77,,52,48,,63,64,71,92,89,92,45,47,61,103,93,27,,10,21,83,75,98,111,45,99,39,,33,85,121,41,96,81,98,80,,42,138,72,53,53,58,42,6,16,19,43,15,72,62,31,51,,87,113,97,2,3,7,48,62,121,79,93,77,105,97,88,68,120,107,133,86,161,72,100,126,102,105,106,109,110,112,81,79,66,72,64,76,86,102,78,109,53,,112,99,98,92,96,98,96,83,98,74,67,55,56,68,75,87,95,77,68,85,71,96,105,77,66,91,102,89,94,109,,99,98,116,70,72,78,77,94,102,113,84,95,129,31,88,,67,73,104,99,113,86,113,88,107,103,99,94,76,75,109,103,85,120,79,99,93,97,87,113,103,99,74,110,105,96,122,108,71,106,103,109,94,100,164,107,118,96,108,108,93,106,86,75,110,112,84,32,107,89,81,91,81,87,,112,119,110,102,74,88,111,207,22,118,149,70,34,20,83,73,93,106,110,118,137,102,97,92,112,121,71,55,90,101,,151,134,155,140,108,37,64,94,51,112,46,117,102,107,101,99,97,76,97,93,117,122,123,118,139,106,118,,104,71,55,83,18,65,11,25,70,85,106,38,45,48,105,120,105,130,131,79,123,120,23,39,134,135,120,126,124,104,45,106,170,7,130,119,112,97,28,57,89,116,148,144,95,,98,148,132,119,124,78,54,,94,191,63,73,101,114,142,162,142,150,130,91,163,105,80,130,167,60,28,85,43,125,125,80,98,92,100,,82,16,60,92,78,64,84,68,62,114,104,62,117,84,97,91,133,115,111,76,85,89,87,102,93,70,101,105,96,49,126,71,86,88,103,94,74,,119,117,125,88,120,109,121,123,22,99,101,78,75,25,105,65,52,37,94,152,172,56,54,114,45,49,131,118,115,182,114,125,69,,100,73,105,132,,106,97,98,142,141,86,57,26,100,3
20160416,19,O3_24h,86,96,88,84,83,78,87,74,84,70,90,99,,75,93,31,85,89,99,,75,70,158,83,55,102,,110,57,112,112,90,62,161,132,121,132,144,110,128,188,142,201,194,213,131,93,123,128,113,111,123,91,106,76,99,97,93,100,82,146,146,172,150,165,69,84,87,105,76,135,102,183,188,169,131,92,95,92,70,,75,80,65,63,66,115,104,89,100,142,83,83,89,83,86,99,139,137,,156,78,134,128,123,,149,150,138,135,141,156,158,153,,141,127,134,115,108,137,113,131,151,135,128,151,82,72,122,,43,31,84,60,53,69,43,77,101,107,93,176,95,107,130,128,116,141,112,174,134,180,150,122,141,143,90,73,94,88,94,98,106,106,114,109,98,30,107,148,145,128,144,163,155,161,86,101,156,132,59,,91,102,115,127,96,151,89,116,150,73,128,121,138,105,112,101,,96,100,98,80,50,99,99,152,83,108,126,100,131,123,126,138,103,68,118,46,101,91,118,99,98,92,80,,90,104,89,112,108,123,118,,129,110,102,,44,45,49,102,93,70,,95,,86,82,,101,93,93,100,,,63,76,65,95,115,88,100,105,85,116,89,84,143,100,100,97,214,128,133,67,32,51,67,39,31,79,61,102,84,122,120,122,88,79,108,96,109,134,145,160,139,165,,138,153,137,141,118,111,133,150,100,120,148,166,95,157,122,135,94,114,110,155,84,110,96,88,92,130,91,103,126,141,85,151,127,136,114,114,132,109,120,114,69,62,,36,38,68,51,53,65,40,68,87,,99,85,93,76,91,76,119,108,77,87,71,57,81,72,77,80,74,56,97,91,109,146,61,66,65,68,63,52,,53,56,56,59,60,85,65,72,74,101,114,113,114,,210,243,144,162,215,260,248,220,99,142,89,85,94,133,131,156,110,179,134,134,122,107,112,143,123,145,145,,137,154,124,129,117,118,150,,131,114,157,174,158,155,170,164,157,169,187,128,138,137,140,140,133,109,130,138,145,156,120,147,123,120,127,112,112,110,135,131,87,103,159,125,132,104,86,152,107,97,73,103,100,116,144,115,93,128,100,87,100,37,51,94,62,107,41,122,101,114,129,133,123,131,128,117,,183,121,116,72,97,91,99,81,95,106,102,100,73,113,111,154,136,158,129,133,172,137,136,137,155,178,138,122,74,146,54,52,49,39,148,146,158,77,87,114,85,,135,152,111,,166,63,40,58,76,172,139,,87,67,96,147,130,132,160,111,117,,112,127,115,119,,141,,128,151,127,158,167,137,175,104,132,,95,200,141,119,127,125,,107,90,35,121,104,101,125,91,144,95,,78,57,64,94,95,46,68,209,67,79,59,54,48,96,78,78,63,53,62,68,52,70,134,126,133,152,131,149,77,92,108,108,87,20,109,137,74,97,134,146,160,101,90,94,89,98,80,113,151,,130,97,116,100,86,76,108,88,95,104,98,115,119,123,111,102,63,87,164,113,154,130,167,171,,152,145,164,120,161,142,177,133,101,129,173,189,157,130,196,178,169,148,139,139,148,145,,170,89,68,81,111,114,83,93,70,55,120,79,88,95,104,106,20,80,107,58,128,73,130,143,109,52,38,56,45,53,76,84,112,111,125,145,103,131,149,140,126,128,113,56,128,141,125,113,124,103,160,78,143,135,143,79,131,138,78,122,138,123,98,114,109,124,137,133,122,111,125,165,137,152,150,122,95,104,116,107,51,103,100,101,94,159,155,130,214,129,262,100,226,171,163,158,182,174,82,93,178,177,172,150,59,72,71,119,108,104,78,109,138,155,159,129,158,115,52,55,106,91,101,176,140,90,101,96,156,64,91,87,131,151,138,,137,,172,149,123,107,121,122,156,141,142,130,127,121,128,126,125,118,113,146,129,128,133,105,129,126,115,118,122,91,102,,117,122,112,113,139,122,68,156,70,93,93,127,112,125,172,159,109,89,154,95,122,122,134,147,147,135,172,124,133,149,153,120,84,103,124,126,100,122,76,91,100,95,99,,106,,100,75,91,92,78,13,138,115,120,104,167,101,85,97,91,,118,75,108,61,88,67,87,,,116,67,120,117,107,122,116,129,124,134,137,63,67,99,118,164,125,125,151,145,112,112,116,99,106,102,,104,105,74,67,,72,52,107,156,136,86,,41,123,110,95,95,99,136,105,110,112,110,95,99,,62,84,85,115,103,43,127,118,,132,91,77,63,183,160,122,134,217,117,123,176,130,139,84,49,134,108,121,135,148,120,118,139,100,89,98,76,86,95,89,91,70,40,79,75,83,88,76,94,58,50,74,88,81,88,86,56,82,64,45,78,50,74,166,78,91,,59,47,95,81,112,136,114,157,108,173,,121,118,,132,127,138,157,162,115,48,97,61,128,104,40,52,54,33,90,86,99,133,77,142,57,,43,126,153,72,96,99,131,94,,90,265,72,58,73,70,59,41,54,55,83,141,97,96,83,94,,98,113,97,35,45,44,54,62,121,84,121,83,113,111,105,106,141,121,145,89,161,72,117,141,107,124,109,114,119,120,107,104,95,101,106,99,104,116,87,119,65,,124,116,101,95,103,98,97,117,125,85,89,78,76,77,111,116,132,103,98,136,99,146,169,136,123,127,135,127,132,124,,110,111,132,149,144,150,150,126,157,158,84,95,129,34,88,,83,89,128,114,135,122,147,95,115,116,124,126,90,111,123,113,97,120,100,99,112,112,96,119,121,107,88,110,105,96,122,108,71,115,115,116,110,114,164,116,124,199,118,115,111,116,86,79,115,125,89,111,116,115,117,119,105,102,,113,127,114,109,118,102,134,228,23,148,203,88,47,43,112,119,107,153,165,175,194,140,120,117,137,147,100,60,117,118,,166,147,194,181,124,125,141,156,62,132,64,138,117,120,125,129,112,112,117,105,117,131,136,136,151,126,136,,126,167,95,113,130,91,40,188,91,99,120,93,75,97,114,147,140,136,140,82,134,137,25,70,160,149,131,136,138,117,51,156,174,17,150,135,137,117,35,120,99,130,153,154,136,,98,158,140,142,150,94,72,,94,198,63,80,105,130,168,194,179,172,159,125,241,105,91,153,190,73,35,94,57,140,154,93,117,108,119,,82,20,62,110,99,91,122,120,119,124,123,70,130,87,118,121,138,124,128,80,110,108,107,117,111,78,115,116,111,105,128,71,91,94,112,114,102,,119,117,137,102,133,114,136,126,60,99,110,89,87,87,105,67,60,43,106,160,180,56,55,142,46,51,135,122,133,189,135,149,84,,107,73,105,132,,116,107,107,150,145,88,88,54,118,20
20160416,19,O3_8h,83,86,84,79,79,75,83,69,63,68,87,84,,64,71,23,65,67,83,,57,52,56,64,38,77,,98,50,89,99,82,55,86,37,43,46,43,35,36,86,67,74,84,69,84,74,85,78,102,100,113,82,98,67,96,94,91,95,80,87,90,100,89,97,65,79,82,100,65,78,67,91,94,80,88,69,78,60,60,,67,70,62,56,63,105,87,88,96,114,79,81,82,80,83,74,101,97,,113,55,100,94,91,,115,89,76,88,69,102,98,103,,100,98,60,59,40,82,65,90,120,83,89,104,46,27,82,,19,14,49,29,23,36,34,33,72,58,65,74,70,65,73,69,70,62,54,71,69,63,66,60,74,83,54,46,57,54,60,59,54,52,48,50,54,13,44,71,70,83,72,56,58,65,60,41,55,61,14,,49,60,64,64,54,72,52,66,74,32,54,48,58,45,52,45,,51,56,16,49,28,53,56,72,40,55,56,45,65,62,66,79,39,32,53,35,63,46,64,58,66,41,48,,48,54,52,82,81,86,71,,101,78,66,,23,33,27,70,66,62,,54,,58,57,,74,71,81,75,,,46,51,41,72,102,71,18,30,34,66,50,55,76,68,67,58,101,77,65,47,22,23,36,25,7,62,52,67,72,102,99,106,71,70,92,86,94,50,60,61,50,58,,49,65,105,98,82,70,37,111,84,68,94,100,64,96,86,97,48,74,70,111,68,100,79,78,67,112,71,83,109,124,78,137,116,121,103,105,116,100,110,104,31,27,,22,18,46,29,26,42,17,46,39,,42,40,9,40,79,43,62,33,42,55,55,44,72,47,48,47,58,42,74,61,73,49,53,57,57,55,51,42,,45,48,47,50,53,57,45,51,34,38,80,82,82,,162,197,106,128,162,189,192,167,87,119,66,65,73,103,108,118,86,136,110,110,106,94,83,122,86,118,107,,112,136,106,113,105,104,128,,114,87,133,142,136,130,143,138,136,140,153,121,124,132,134,131,129,103,112,115,114,125,102,111,104,105,107,99,94,86,117,115,78,91,135,105,112,93,82,147,96,88,67,58,68,101,119,100,81,117,93,78,82,25,43,80,53,83,39,109,86,102,113,119,103,114,111,99,,166,102,100,66,94,84,94,79,92,104,94,93,68,105,103,93,86,93,85,126,154,125,118,96,105,122,92,75,44,104,33,30,28,28,55,56,77,30,38,55,51,,88,80,55,,78,48,33,44,39,78,46,,60,58,44,62,46,42,73,75,67,,75,78,80,92,,109,,113,65,46,57,84,62,70,62,77,,63,100,86,104,115,110,,73,60,23,86,70,55,76,70,80,63,,72,52,58,85,87,41,56,101,60,69,38,37,35,50,51,55,41,39,42,63,46,61,70,60,68,113,95,99,59,69,68,89,76,17,90,134,66,93,86,77,81,98,86,91,80,96,77,100,119,,118,85,97,90,75,65,94,77,88,97,92,106,113,106,90,82,56,48,76,61,67,65,89,94,,121,106,117,82,127,114,110,102,80,96,114,125,86,86,95,84,96,106,91,101,113,88,,139,79,48,73,104,106,67,70,53,36,97,75,82,87,95,102,16,49,67,34,48,27,48,50,49,46,26,51,38,34,64,76,70,96,112,128,91,116,134,99,104,88,91,42,80,101,92,60,74,72,104,56,86,88,90,48,121,120,56,107,120,112,86,100,97,112,121,120,106,104,113,156,127,136,138,108,87,92,102,38,43,92,90,96,85,139,133,118,144,112,122,94,182,151,134,146,155,155,64,71,124,119,124,101,51,64,63,100,86,92,66,89,120,132,138,118,132,95,27,15,94,78,89,151,122,79,93,86,143,58,80,83,105,124,114,,116,,145,133,101,95,108,117,147,128,129,121,118,113,120,113,107,100,98,124,102,114,112,94,113,110,102,110,115,84,93,,109,113,106,105,106,114,62,141,65,88,86,119,93,101,46,44,73,66,101,84,90,102,116,130,129,122,120,90,113,132,108,76,64,88,86,94,85,106,50,58,51,53,62,,59,,55,57,68,65,35,6,32,35,57,42,89,48,24,54,39,,61,50,85,45,69,44,64,,,89,57,105,93,91,98,94,78,81,85,84,51,52,84,111,115,74,119,125,101,104,102,108,92,97,96,,96,99,64,61,,62,46,100,140,118,80,,39,114,100,91,77,66,105,99,104,105,104,87,95,,56,72,78,108,89,42,124,114,,82,52,43,50,103,92,69,74,180,92,87,135,64,61,44,34,80,71,73,99,103,104,103,123,79,62,68,72,75,81,80,78,42,38,48,33,79,75,71,90,53,42,62,63,62,71,82,38,62,42,24,61,35,50,79,75,90,,37,37,93,71,38,126,101,57,63,61,,50,50,,54,62,51,72,67,80,34,53,48,96,73,29,11,17,24,83,68,88,107,39,87,25,,24,60,113,29,74,87,104,82,,39,101,49,44,51,48,42,19,31,40,52,44,58,54,52,61,,66,81,65,17,24,26,44,38,54,40,93,70,98,97,84,88,124,104,126,79,152,62,100,134,103,93,92,89,100,98,92,88,82,83,89,87,89,106,78,108,56,,110,102,92,86,93,87,76,100,103,77,76,61,62,66,85,90,96,76,73,93,75,103,105,81,79,93,98,84,87,115,,104,102,117,63,69,70,71,90,95,100,75,80,105,32,79,,72,83,120,103,123,107,131,83,92,95,113,111,81,98,109,100,83,107,85,99,94,99,87,107,105,101,79,102,90,87,104,96,56,107,108,111,103,105,128,106,113,104,113,110,99,105,80,74,112,116,83,91,108,104,100,104,94,96,,105,116,104,101,105,93,127,213,22,126,172,81,42,33,102,103,101,130,138,144,161,119,109,106,123,138,84,56,97,97,,153,131,164,154,112,101,113,130,54,117,53,121,107,111,116,115,97,92,101,92,98,114,118,116,134,112,122,,111,128,74,99,99,81,24,66,44,83,109,81,65,82,107,120,125,126,129,77,126,126,24,38,139,132,116,121,123,101,47,98,160,12,138,124,124,104,31,101,94,124,147,147,116,,68,142,126,128,135,85,63,,81,183,48,68,101,119,151,172,160,161,145,105,200,94,72,121,156,59,28,87,46,130,139,85,106,92,100,,81,15,56,97,84,77,96,94,87,119,117,67,124,71,104,100,132,120,117,77,100,96,92,106,97,72,107,111,106,93,115,57,86,91,109,105,88,,109,104,131,92,125,109,101,123,29,77,107,80,78,53,101,61,56,41,102,149,167,54,53,127,42,47,114,106,111,176,112,120,69,,100,65,96,117,,106,99,102,135,132,84,76,37,100,15
20160416,19,O3_8h_24h,105,86,106,113,109,91,83,69,63,68,95,108,,101,117,37,115,119,122,,111,103,155,91,68,154,,122,85,139,115,103,71,159,132,121,113,117,116,128,166,132,159,164,172,181,139,174,175,143,126,130,116,129,86,110,111,99,112,80,155,143,174,150,164,76,101,116,120,139,202,189,188,193,180,172,127,146,120,78,,73,86,79,68,84,105,109,88,96,114,80,81,82,80,83,88,138,132,,157,65,137,125,123,,155,139,123,131,140,151,148,141,,130,108,118,107,95,121,101,112,129,116,108,112,67,96,112,,51,35,63,64,55,68,48,78,113,119,110,137,116,122,138,143,128,152,129,187,155,195,161,141,162,145,123,99,123,110,126,126,131,124,132,131,112,34,117,169,164,134,162,182,171,177,60,113,171,145,89,,116,124,125,153,119,170,103,153,158,91,135,129,148,111,125,112,,103,113,60,88,80,89,109,175,102,127,139,117,140,134,133,138,108,70,133,36,116,94,107,124,115,114,102,,128,124,91,103,107,118,108,,127,113,95,,44,37,56,102,111,73,,145,,117,119,,124,112,109,104,,,67,78,79,80,115,88,104,113,85,113,106,98,153,122,111,110,114,149,126,52,31,56,75,56,41,74,55,67,72,102,99,106,71,70,92,86,96,150,167,173,151,173,,160,178,131,137,114,106,126,146,94,118,138,206,125,206,171,178,127,144,141,214,78,100,93,79,88,112,83,95,109,124,78,137,116,121,103,105,116,100,110,104,32,28,,23,19,48,29,27,42,18,46,82,,79,77,75,77,80,76,112,101,68,81,56,50,74,47,48,47,58,42,74,61,73,53,54,60,57,55,51,43,,45,48,47,50,53,89,67,75,84,105,80,82,82,,162,197,106,128,162,189,192,167,96,127,68,76,78,103,108,118,86,136,110,110,106,94,83,122,86,118,107,,112,136,106,113,105,104,128,,114,87,133,142,140,130,148,138,136,140,153,121,126,132,135,132,129,103,141,162,144,161,151,153,104,105,107,99,94,86,117,115,78,91,135,105,112,93,82,148,96,88,86,63,76,116,119,100,81,118,93,78,83,25,43,80,53,96,39,109,86,102,113,119,103,114,111,99,,173,102,100,66,100,90,107,85,98,117,94,94,72,105,104,157,140,151,136,127,160,128,128,157,189,202,136,122,75,140,45,43,44,47,169,168,169,114,124,156,147,,189,205,135,,199,115,68,112,68,197,149,,110,58,126,182,148,150,186,132,127,,112,147,114,152,,176,,158,172,140,171,191,171,195,93,126,,95,150,141,187,182,183,,73,60,23,86,70,70,98,95,88,93,,73,53,60,87,87,42,64,104,62,71,55,51,51,91,78,98,53,47,51,66,47,65,70,60,68,113,95,100,63,73,74,93,76,17,90,134,66,93,133,151,162,98,86,91,89,96,77,131,170,,150,115,97,90,75,65,94,77,88,97,96,107,113,125,120,114,75,99,139,102,129,114,151,156,,140,128,153,106,155,137,161,136,103,121,166,176,139,127,171,150,153,138,131,132,136,131,,156,80,66,73,107,106,69,70,58,51,97,91,100,108,98,111,66,89,92,74,149,80,145,161,125,56,40,55,42,55,64,78,87,96,112,128,91,116,134,99,173,176,155,79,171,162,151,134,139,146,222,113,198,145,151,80,152,120,100,107,120,112,86,100,97,112,121,120,106,104,113,156,127,136,138,108,87,92,102,107,44,92,91,96,86,139,133,120,202,123,182,106,182,151,134,146,155,155,77,88,124,119,124,101,52,64,63,100,89,92,66,105,120,134,138,118,132,95,31,46,94,78,89,151,122,79,93,86,143,58,80,83,108,124,114,,116,,145,133,101,95,108,117,150,128,129,121,118,113,120,113,107,100,98,124,102,114,112,94,113,110,122,110,116,85,93,,109,119,107,111,134,114,65,141,65,88,86,119,138,186,192,201,87,80,148,87,114,112,132,139,158,144,179,136,149,168,165,124,80,99,119,122,93,112,106,124,128,117,119,,110,,86,74,74,108,78,13,133,114,124,142,215,117,79,130,111,,136,63,107,63,81,53,82,,,105,71,105,131,133,146,144,152,157,163,164,52,54,84,111,182,85,119,135,176,106,107,108,96,97,112,,111,118,64,61,,62,46,112,141,122,80,,40,118,113,97,90,88,125,100,104,116,114,97,95,,82,95,102,128,117,42,124,116,,116,79,68,63,174,153,118,122,208,103,120,167,121,105,80,52,118,95,109,122,139,111,103,123,79,74,87,91,107,81,81,80,74,38,84,89,90,91,76,93,73,54,70,104,73,76,83,38,62,92,75,92,54,103,131,77,91,,72,56,94,76,242,126,101,175,160,186,,134,125,,148,135,119,183,182,82,61,79,48,99,99,29,29,26,24,83,73,88,144,89,147,78,,67,132,179,74,76,89,150,89,,111,178,49,44,74,63,58,53,68,58,79,45,63,64,62,68,,85,82,69,30,39,42,49,56,66,44,93,74,99,97,104,90,124,104,126,79,152,62,100,134,103,96,92,89,100,98,92,88,82,83,89,87,89,106,78,108,56,,110,102,92,86,93,87,76,105,107,81,79,143,132,134,160,156,182,144,118,157,119,166,201,154,156,148,165,146,159,132,,125,127,148,155,158,163,167,139,159,167,75,91,106,35,83,,72,90,124,103,123,107,131,111,104,95,113,111,81,98,118,112,93,117,87,100,94,99,97,121,119,101,79,102,90,87,104,96,56,107,108,111,103,105,128,106,113,104,113,110,100,105,80,74,115,116,83,92,108,104,100,104,94,96,,105,116,104,101,106,93,127,213,32,126,172,82,44,37,103,108,102,130,138,144,161,119,109,106,123,138,84,56,97,97,,153,131,164,154,112,106,114,130,54,117,53,121,107,111,116,115,97,92,101,92,98,114,118,116,134,112,122,,111,129,74,99,113,82,28,184,44,83,109,82,65,82,107,120,125,126,129,77,126,126,25,67,144,138,128,134,129,109,47,100,160,13,138,126,124,106,31,101,94,124,147,147,116,,68,142,126,128,140,92,64,,81,183,48,68,101,119,151,172,160,161,147,105,200,94,86,121,156,84,42,95,60,142,153,98,122,115,125,,84,18,60,126,113,77,96,94,87,119,117,67,124,71,104,100,132,120,117,77,100,96,92,106,97,72,111,111,107,101,115,57,87,91,109,105,88,,109,104,135,92,136,109,138,123,44,77,110,80,78,55,102,64,56,41,102,149,167,56,55,130,42,47,114,106,128,190,124,140,76,,102,66,96,117,94,106,102,103,135,132,84,78,37,144,16
20160416,19,CO,0.2,0.2,0.7,0.3,0.2,0.3,0.2,0.2,0.2,0.3,0.2,0.3,,0.134,0.342,0.814,0.7,0.59,0.591,,1.183,1.487,1.508,0.817,1.068,0.411,,0.272,0.245,0.171,0.236,0.638,0.168,0.165,1.716,1.257,2.35,1.877,1.686,2.281,0.924,0.459,0.452,0.795,1.06,0.569,0.39,0.559,0.382,0.274,0.392,0.283,0.215,0.104,,0.06,0.296,0.271,0.459,0.59,0.302,0.441,0.212,0.336,0.321,0.066,,0.299,0.439,1.027,0.73,0.602,0.292,0.257,0.384,0.39,0.379,0.552,0.587,0.289,,0.237,0.24,0.919,0.309,0.514,0.546,1.057,0.582,0.321,0.867,0.79,0.229,0.356,0.496,1.301,0.731,0.54,1.056,,1.268,0.918,1.171,0.957,1.068,,1.073,0.564,1.187,0.835,0.843,0.99,0.575,0.736,,0.948,0.353,1.209,0.761,1.288,0.67,0.746,0.622,0.793,0.756,0.793,0.744,0.474,1.982,1.053,,1.066,1.025,0.82,2.139,1.465,1.084,0.546,0.981,0.86,0.779,0.945,0.756,1.02,0.694,0.796,1,1.031,1.396,0.868,0.633,0.425,1.238,1.082,0.481,0.417,1.124,0.806,1.069,0.894,1.096,0.856,0.804,1.136,1.267,0.792,0.887,0.775,0.915,0.532,1.82,1.971,1.075,1.095,0.748,1.212,1.037,0.886,1.468,0.949,1.152,1.57,,0.912,0.988,1.275,1.917,1.678,0.983,2.29,1.191,0.737,2.686,0.834,0.816,0.99,0.678,0.801,0.708,,0.631,0.564,0.791,1.126,1.242,0.989,0.776,1.879,2.257,1.214,2.239,1.686,0.956,1.065,1.196,1.133,2.355,1.917,2.411,2.342,0.744,0.9,0.508,0.609,0.679,0.805,0.867,,0.672,0.843,1.27,0.917,0.703,0.816,0.923,,0.671,0.833,1.036,,1.653,1.414,1.568,0.839,0.589,0.378,,0.828,,1.6,0.896,,1.162,0.797,1.071,0.543,,,0.83,0.888,1.454,0.769,0.705,0.995,2.475,1.069,0.988,0.995,0.966,0.871,0.86,1.159,1.208,1.707,1.012,1.222,1.889,0.505,1.4,1.527,1.597,1.378,2.061,0.446,0.847,0.585,0.389,0.369,0.676,0.171,0.594,0.612,0.734,0.728,0.483,0.636,0.781,0.336,0.65,0.573,,0.509,0.652,0.597,0.673,0.7,0.571,0.331,0.365,0.221,0.897,0.344,1.446,1.256,1.613,0.872,0.875,1.26,1.093,0.874,0.991,0.645,0.482,0.905,0.628,0.942,0.9,0.823,0.909,0.617,0.729,0.268,0.613,0.516,0.581,0.54,0.265,0.367,0.241,0.624,0.571,1.058,1.5,,0.713,0.768,1.216,1.406,0.94,0.762,0.91,0.942,0.441,,0.627,0.935,0.54,0.655,0.602,0.64,0.575,0.936,0.731,0.72,0.766,0.577,0.83,0.566,1.064,1.092,0.733,0.95,0.34,0.862,0.889,0.821,0.591,0.757,0.595,0.632,0.839,0.894,,0.684,0.601,0.848,0.545,0.6,0.885,0.834,0.706,0.968,0.395,0.912,0.742,0.583,,1.013,0.978,1.216,1.042,0.968,1.082,0.701,0.847,0.322,0.542,0.592,,0.706,0.199,0.341,0.216,0.526,0.616,0.586,,0.617,0.927,0.497,0.462,0.133,0.322,0.083,,0.701,0.465,0.564,0.797,0.403,0.508,0.751,,0.554,0.449,0.335,0.715,0.328,0.142,0.481,0.544,1.028,0.435,0.373,1.257,0.57,,0.791,1.694,0.529,1.125,0.405,0.362,0.334,0.198,0.428,0.565,1.32,0.556,1.58,0.639,0.925,0.825,2.265,1.133,0.479,0.464,2.652,1.443,,0.531,0.212,0.758,0.543,0.55,0.48,1.016,0.655,0.644,0.555,0.56,0.527,0.656,0.33,1.068,0.52,0.36,0.27,0.409,0.392,0.281,0.217,0.305,0.182,0.376,0.419,0.274,0.479,0.222,0.283,0.337,,0.306,0.235,0.474,0.325,0.708,0.69,0.426,0.672,0.716,0.817,0.676,0.384,0.148,0.268,0.251,1.638,1.203,1.022,0.974,1.367,0.616,0.018,2.075,1.058,0.722,0.397,0.712,1.234,0.859,0.684,0.772,0.773,0.613,0.688,1.119,1.545,1.319,1.669,1.356,1.349,1.53,,0.564,1.256,1.16,,0.935,1.315,1.126,1.1,1.144,1.375,1.737,,0.562,1.603,0.777,0.343,0.578,0.914,0.509,0.51,0.248,,0.611,0.516,0.709,0.477,,0.545,,0.365,0.732,0.938,0.468,0.313,0.681,0.233,0.273,0.313,,0.507,0.394,0.622,0.865,0.576,0.535,,1.213,1.223,0.604,0.725,1.006,1.053,1.008,0.697,2.584,0.791,,0.638,0.746,1.137,0.554,1.332,1.639,0.604,0.565,0.811,0.559,1.13,3.468,1.213,1.276,0.902,0.796,1.767,1.164,1.156,0.662,0.952,1.42,1.073,2.397,0.963,1.942,1.696,2,4.079,2.273,3.982,1.836,0.784,1.421,0.583,0.786,2.313,2.086,0.915,0.903,0.887,0.952,1.834,0.346,0.712,0.343,0.478,1.13,2.73,,1.367,0.613,0.82,1.318,1.414,3.047,1.696,2.545,1.658,0.492,0.512,0.512,0.153,,0.631,0.884,2.095,0.364,1.215,0.902,1.208,1.792,1.243,0.876,,0.776,2.252,1.056,1.976,1.117,0.965,1.458,1.584,1.747,1.326,1.35,0.738,0.554,0.514,0.866,0.735,0.745,0.893,0.847,0.906,0.922,1.005,,0.515,0.92,1.353,0.275,0.698,0.366,1.448,0.653,0.992,0.92,0.806,0.747,0.481,0.536,0.646,0.698,0.928,0.9,1.858,0.905,1.349,0.849,1.483,1.101,1.309,1.02,0.687,0.7,0.606,0.511,0.79,2.058,0.78,1.01,1.53,2.076,0.913,0.902,1.444,1.997,0.25,0.643,0.826,0.749,0.933,1.166,1.797,2.698,1.165,1.604,1.592,1.19,2.303,0.92,0.816,0.989,0.511,1.081,1.549,1.532,0.97,0.474,0.201,0.159,0.689,0.59,0.747,0.684,0.808,1.048,0.543,0.793,0.922,0.644,0.524,0.537,0.343,1.508,0.089,,0.216,1.816,0.717,0.99,0.588,1.017,0.727,1.228,0.892,1.504,0.976,0.886,0.935,1.078,1.354,1.247,1.43,1.062,0.819,0.572,0.482,0.604,0.348,0.594,0.732,0.426,0.397,0.833,0.473,0.629,0.928,3.282,0.927,2.374,,0.233,0.429,,0.375,0.318,0.396,0.363,0.787,0.922,0.539,0.703,0.388,0.315,0.79,0.174,0.696,0.42,0.874,0.653,0.416,,0.586,,0.702,0.413,0.91,0.588,0.92,0.865,0.642,0.539,0.639,1.415,1.38,0.691,1.079,0.474,0.597,0.643,0.821,0.705,0.554,1.008,0.497,0.56,0.698,0.611,0.479,0.661,0.232,1.24,0.974,,0.523,0.264,0.201,0.256,0.959,0.698,1.162,0.444,0.354,0.386,0.49,0.326,0.492,0.38,1.128,1.077,0.39,0.258,0.437,0.634,0.522,0.236,0.365,0.257,0.434,0.018,1.434,2.5,1.091,0.358,1.037,0.527,0.615,0.512,0.955,0.878,1.296,0.836,0.707,1.22,2.499,1.026,0.963,,,0.722,1.273,,1.115,1.166,0.895,1.173,0.918,0.664,,1.361,2.199,0.56,0.869,0.546,0.584,0.732,0.536,0.845,0.76,0.736,0.946,0.604,0.942,,,0.026,0.399,0.249,0.55,0.77,0.294,0.498,0.79,0.53,0.432,0.596,1.281,1.756,1.198,0.622,0.665,1.088,0.6,0.545,0.376,0.623,0.409,0.504,0.208,0.355,0.619,,0.639,0.414,2.172,1.725,,1.829,1.729,0.908,0.38,0.429,1.007,,1.098,0.231,0.171,0.176,0.277,0.723,0.701,0.387,0.306,0.372,0.526,0.45,0.462,,0.412,0.523,0.684,0.421,0.764,0.299,0.736,0.178,,1.717,2.569,1.368,2.227,1.747,1.726,2.126,1.347,0.76,0.779,1.882,0.806,1.838,0.123,2.37,2.914,0.983,0.974,1.27,1.399,1.331,0.575,0.522,0.923,0.857,0.956,0.856,0.455,0.791,1.623,1.068,1.269,0.763,1.602,1.282,0.166,1.299,1.606,,0.555,0.394,0.833,1.06,0.9,0.869,0.826,0.391,0.976,0.386,0.801,1.451,1.182,0.845,0.404,0.688,0.264,0.345,0.309,0.182,0.37,,0.465,0.89,1.01,0.799,0.718,0.754,0.966,,0.764,0.636,,1.056,0.687,1.018,1.359,1.344,0.76,0.773,1.141,1.603,0.504,0.711,0.313,0.526,0.244,0.391,0.33,0.765,0.596,0.895,0.832,0.945,0.706,,0.458,0.957,0.925,0.73,0.758,0.62,1.424,0.892,,0.234,0.779,1.24,0.49,0.838,1.275,0.738,1.517,0.23,0.875,0.287,0.995,7.906,1.567,1.306,1.659,0.188,1.233,1.281,0.932,0.985,2.384,1.627,0.576,0.524,0.713,0.811,1.056,0.883,0.894,0.928,0.914,0.811,1.364,0.04,1.178,0.701,0.353,0.368,0.037,1.14,0.104,0.534,0.658,0.478,0.818,0.541,1.535,1.386,1.734,1.188,1.648,0.874,1.031,1.05,0.686,0.458,0.475,0.701,0.904,0.452,1.231,0.836,1.295,1.482,2.178,0.442,0.335,0.331,0.411,0.528,0.254,0.542,0.507,0.215,0.606,0.868,0.853,0.752,0.243,0.464,1.583,1.296,1.241,0.806,0.705,1.444,0.86,0.589,,0.729,0.891,0.556,0.49,0.325,0.161,0.32,0.784,0.596,0.736,1.162,1.004,1.885,0.958,1.416,,1.3,0.953,1.029,0.441,0.622,0.776,0.578,1.039,1.226,1.106,0.842,0.292,0.402,0.565,1.084,0.84,1.858,0.825,0.645,0.935,,0.857,0.757,0.744,0.626,0.103,0.123,0.643,0.892,0.796,0.693,0.895,1.013,0.468,0.607,0.54,0.434,0.528,0.123,0.114,0.123,0.177,0.081,0.725,1.076,0.811,1.095,0.933,0.483,0.345,0.615,0.42,0.628,1.114,0.224,0.598,0.99,1.61,,0.649,0.682,0.177,0.299,0.008,0.38,,2.809,0.812,1.327,0.735,1.078,0.852,0.54,1.226,0.933,0.853,1.101,1.056,1.3,2.101,1.107,1.379,0.947,0.497,0.896,1.284,0.72,0.719,0.799,,1.068,0.941,1.216,1.207,0.5,0.302,0.827,0.721,1.492,0.658,0.785,0.98,0.38,0.168,0.457,0.447,0.397,0.561,0.536,0.632,0.223,0.198,0.254,0.245,0.221,0.379,0.571,,0.391,0.426,0.726,0.467,0.451,0.398,,2.029,1.025,0.332,0.118,1.119,0.785,0.873,0.344,0.421,0.428,0.3,0.371,,0.652,0.112,0.661,0.37,1.335,0.457,0.393,0.537,1.149,0.403,0.482,0.507,0.523,0.44,0.61,0.519,0.409,0.593,0.269,0.886,0.424,0.508,0.729,0.552,0.368,,,0.122,0.718,0.343,0.21,0.95,0.079,0.569,0.771,0.489,0.27,1.106,0.535,0.737,0.672,0.32,0.538,,0.598,1.255,1.048,0.589,0.776,1.185,0.668,0.125,0.095,0.987,,1.829,1.49,0.816,0.699,0.248,0.257,,1.189,0.801,0.245,0.337,0.596,1.367,1.169,0.879,0.906,1.07,0.303,0.88,0.977,0.139,1.31,1.46,0.859,0.701,0.205,0.325,0.451,0.565,0.717,0.799,0.949,0.691,0.161,0.38,0.879,2.643,0.141,0.23,0.555,0.37,0.544,0.512,0.159,,1.042,1.37,0.667,0.963,0.532,0.28,0.361,0.493,1.225,0.037,0.281,0.23,0.563,0.349,0.682,0.388,0.097,0.392,0.138,1.05,0.712,0.323,0.306,1.367,0.558,1.151,0.899,0.453,0.219,0.212,1.436,1.463,1.74,,0.341,,0.997,0.552,0.781,0.266,0.875,0.367,0.652,1.01,0.325,0.924,0.544,0.613,1.061
20160416,19,CO_24h,0.495,0.305,0.833,0.529,0.429,0.5,0.419,0.435,0.419,0.405,0.429,0.4,,0.886,0.955,1.372,1.241,0.989,1.164,,1.451,1.336,0.952,0.987,0.965,0.955,,0.508,0.904,0.399,0.61,0.879,0.331,0.491,2.16,2.002,2.433,2.767,2.587,2.457,0.716,0.784,0.735,1.164,0.884,0.829,0.582,0.751,0.668,0.565,0.579,0.535,0.554,0.361,0.714,0.115,0.345,0.311,0.471,0.608,0.458,0.564,0.374,0.44,0.454,0.476,0.329,0.592,0.637,1.174,0.982,0.853,0.536,0.475,0.568,0.65,0.55,0.734,0.844,0.475,,0.295,0.412,1.079,0.46,0.913,0.615,1.204,0.577,0.319,0.843,0.727,0.25,0.325,0.489,1.29,0.928,0.771,0.951,,1.219,0.741,0.984,0.901,0.814,,0.845,0.681,1.228,0.946,0.855,0.915,0.629,0.843,,1.048,0.357,0.963,0.807,1.08,0.723,0.852,0.656,0.851,0.71,0.719,0.857,0.919,2.272,0.899,,1.233,1.208,0.843,2.127,1.506,1.419,0.92,0.755,0.465,0.515,0.662,0.483,0.811,0.428,0.429,0.647,0.658,1.387,0.716,0.475,0.339,0.964,1.017,0.665,0.388,0.77,0.529,0.801,0.652,0.754,0.608,0.609,0.893,0.941,0.698,0.755,0.673,0.827,0.462,0.885,0.913,0.913,0.858,1.057,1.527,1.399,1.349,1.476,1.216,1.383,1.419,,0.79,0.92,1.039,1.343,1.454,0.778,1.757,0.859,0.534,2.357,0.769,0.655,1.188,0.791,0.673,0.736,,0.597,0.527,0.639,1.072,1.167,1.119,0.717,1.369,1.862,0.721,1.854,1.182,0.656,0.728,0.888,0.836,1.771,1.374,1.966,1.82,0.636,0.728,0.341,0.49,0.488,0.725,0.794,,0.701,0.793,1.135,0.564,0.49,0.603,0.633,,0.493,0.611,0.752,,0.942,1.017,0.895,0.586,0.416,0.35,,0.692,,1.377,0.683,,0.914,0.694,1.034,0.414,,,0.768,0.8,1.334,0.753,0.637,0.846,0.728,0.435,0.64,0.781,0.855,0.751,0.67,0.933,0.956,1.531,0.893,1.071,1.715,0.594,0.619,1.044,1.056,1.019,1.265,0.583,0.84,0.749,0.815,0.674,0.89,0.42,0.83,0.88,0.861,1.003,0.803,0.839,0.918,0.669,0.892,0.821,,0.727,0.705,0.684,0.692,0.728,0.624,0.454,0.456,0.277,0.948,0.531,1.511,1.225,1.695,0.814,1.068,1.395,1.136,0.859,1.039,0.668,0.568,0.9,0.664,0.887,0.938,0.861,0.734,0.725,0.772,0.48,1.036,0.695,0.761,0.746,0.6,0.636,0.502,0.851,0.788,0.936,1.31,,0.714,0.817,0.966,1.265,0.821,0.738,1.191,0.917,0.369,,0.62,0.927,0.525,0.686,0.62,0.639,0.64,0.829,0.756,0.663,0.699,0.884,0.628,0.452,0.909,0.969,0.592,0.771,0.391,0.688,0.831,0.725,0.516,0.673,0.824,0.593,0.689,0.615,,0.725,0.574,0.812,0.592,0.615,0.756,0.689,0.673,0.696,0.316,0.871,0.727,0.573,,1.098,0.962,1.151,1.134,1.116,1.048,0.833,0.931,0.333,0.583,0.546,0.677,0.601,0.233,0.325,0.22,0.426,0.495,0.521,0.116,0.588,0.756,0.495,0.491,0.163,0.18,0.182,,0.762,0.443,0.657,0.897,0.492,0.631,0.926,,0.634,0.535,1.303,0.666,0.301,0.363,0.453,0.489,0.742,0.453,0.44,1.255,0.519,0.165,0.744,1.691,0.513,1.111,0.378,0.761,1.002,0.208,0.521,0.559,1.443,0.706,1.452,0.704,1.083,0.828,2.343,0.817,0.64,0.442,2.884,1.469,,0.655,0.306,0.76,0.687,0.61,0.5,0.487,0.831,1.185,0.679,0.661,0.607,0.787,0.399,0.925,0.548,0.577,0.734,0.582,0.653,0.371,0.351,0.632,0.568,0.781,0.827,0.645,0.768,0.616,0.643,0.666,,0.371,0.425,0.839,0.852,0.682,0.611,0.469,0.618,0.691,1.048,0.645,0.444,0.201,0.353,0.414,1.467,0.991,0.727,0.604,1.503,0.856,0.301,2.049,1.044,0.691,0.356,0.885,1.366,1,0.893,0.94,0.82,0.675,0.652,1.351,1.371,1.23,1.489,1.206,1.092,1.344,,1.059,1.422,1.39,,1.052,1.274,1.08,1.012,1.002,1.199,1.707,,1.127,1.593,0.843,0.619,0.692,1.014,0.776,0.528,0.303,,0.577,0.463,0.65,0.58,,0.73,,0.384,1.04,1.165,0.932,0.768,1.707,0.632,0.476,0.383,,0.443,0.679,0.569,0.874,0.649,0.614,,0.919,1.077,0.447,1.127,0.693,1.14,1.116,0.829,0.996,0.76,,0.621,0.767,1.129,0.59,1.322,1.631,0.54,0.606,0.744,0.512,1.215,1.095,1.237,1.038,0.715,0.698,0.943,0.848,0.85,0.621,0.807,1.016,0.843,1.237,0.75,1.325,1.289,1.171,1.337,1.269,1.385,1.318,0.754,1.278,0.525,1.042,3.352,2.899,1.179,1.15,1.136,1.103,1.773,0.401,0.717,0.431,0.493,1.078,2.874,,1.655,0.816,1.175,1.801,1.807,3.235,1.898,3.075,1.863,0.571,0.737,0.707,0.384,0.415,0.519,0.708,1.978,0.537,1.01,0.72,0.876,1.273,0.82,0.646,,0.843,2.086,0.673,1.882,0.758,0.945,1.312,1.701,2.878,0.936,1.088,0.516,0.907,0.749,0.986,1.191,1.221,0.813,0.685,0.717,0.859,0.752,,0.537,0.858,1.113,0.227,0.646,0.491,1.471,0.745,0.885,0.954,0.664,0.812,0.564,0.592,0.694,0.738,0.671,0.671,1.59,0.602,0.792,0.608,0.861,0.724,1.132,0.949,0.706,0.855,0.823,0.566,0.802,2.043,0.761,1.049,1.946,2.28,0.568,1.283,1.761,2.069,0.467,0.693,1.181,0.96,1.247,1.37,1.939,2.531,1.311,1.772,1.548,1.253,1.876,0.785,0.727,0.844,0.454,1.048,1.419,1.14,0.774,0.711,0.454,0.532,0.866,0.673,0.837,0.779,0.914,1.015,0.575,0.832,0.887,0.718,0.555,1.047,0.626,1.617,0.426,0.092,0.397,1.804,1.613,1.019,1.158,1.295,1.01,1.585,0.896,1.305,0.791,0.903,1.059,1.086,1.273,1.171,1.419,0.969,0.743,0.549,0.625,0.959,0.709,0.61,0.541,0.401,0.368,0.634,0.327,0.535,2.368,1.548,1.325,2.411,0.014,0.31,0.27,0.043,0.439,0.254,0.426,0.28,0.96,1.046,0.691,0.839,0.406,0.4,0.847,0.384,0.802,0.515,0.613,0.82,0.527,,0.426,,0.818,0.418,0.708,0.713,1.06,0.35,0.495,0.493,0.555,1.475,1.456,0.703,1.168,0.461,0.436,0.669,0.614,0.523,0.605,1,0.568,0.631,0.616,0.593,0.516,0.512,0.219,1.094,1.224,,0.554,0.463,0.711,0.435,0.891,0.764,1.038,0.398,0.399,0.664,0.526,0.526,0.686,0.644,1.262,1.383,0.483,0.324,0.443,0.254,0.575,0.338,0.453,0.323,0.695,0.139,1.538,2.662,1.194,0.388,1.192,0.668,0.579,0.463,0.851,0.792,1.301,0.798,0.509,1.024,0.878,0.751,0.681,,0.524,0.526,0.725,1.014,0.929,0.803,0.647,0.968,0.802,0.564,0.6,1.242,2.015,0.59,0.958,0.463,0.574,0.601,0.441,0.701,0.624,0.704,0.873,0.657,0.965,,,0.039,0.441,0.487,0.548,0.492,0.323,0.472,1.022,0.782,0.694,0.835,0.788,1.144,0.892,0.873,0.923,1.074,0.952,0.787,0.444,0.791,0.747,0.654,0.332,0.613,0.7,,0.607,0.398,2.076,1.655,,1.793,1.814,0.882,0.388,0.522,1.175,,1.223,0.343,0.376,0.349,0.665,1.005,0.853,0.305,0.267,0.396,0.589,0.48,0.5,,0.544,0.561,0.766,0.438,0.657,0.328,0.597,0.186,,1.804,2.661,1.409,1.967,1.274,1.097,1.412,0.715,0.862,0.782,1.872,0.811,1.977,0.478,2.429,2.994,1.276,1.107,1.931,1.144,1.185,0.719,0.731,1.514,1.476,0.946,0.872,0.483,0.808,1.54,1.016,1.092,0.804,1.583,1.093,0.367,1.228,1.873,,0.633,0.671,1.102,1.025,0.935,0.671,0.566,0.32,1.002,0.423,0.844,1.372,1.177,1.074,0.637,0.92,0.243,0.287,0.316,0.352,0.442,,0.531,0.677,0.715,0.729,0.518,0.623,0.846,,0.728,0.524,,1.028,0.614,1.038,1.394,1.409,0.876,1.138,1.445,1.86,0.579,0.812,0.568,0.789,0.632,0.496,0.299,0.69,0.462,0.825,0.788,0.843,0.811,,0.562,0.833,0.761,0.491,0.551,0.393,1.209,0.734,,0.432,0.966,1.509,0.656,0.464,0.852,0.354,1.23,0.262,1.003,0.411,1.05,2.985,1.615,1.551,1.103,0.173,1.129,1.341,0.96,1.045,1.368,0.855,0.724,0.754,1.216,0.881,0.789,0.751,0.722,0.807,0.711,1.013,1.576,0.754,1.693,0.961,0.698,0.749,0.535,1.563,0.595,0.593,0.765,0.712,0.834,0.634,1.404,1.053,1.444,0.802,1.17,0.188,1.136,1.002,0.74,0.731,0.679,0.672,1.016,0.705,1.323,0.989,1.369,1.673,2.28,0.885,0.517,0.431,0.396,0.622,0.669,0.749,0.658,0.261,0.676,0.918,1.012,0.91,0.525,0.591,1.702,1.582,1.664,0.9,0.729,1.407,0.919,0.67,,0.676,0.914,0.662,0.768,0.538,0.429,0.595,0.699,0.573,0.728,1.363,1.097,1.979,0.99,1.439,,1.157,0.969,0.999,0.527,0.657,0.806,0.578,1.086,1.369,1.524,0.718,0.426,0.575,0.531,1.11,1.124,1.771,0.776,0.555,0.671,0.836,0.76,0.719,0.789,0.725,0.477,0.693,0.876,1.115,1.056,0.972,1.105,1.279,0.695,0.921,0.847,0.668,0.816,0.125,0.399,0.214,0.579,0.488,0.782,1.15,0.849,1.205,0.985,0.693,0.691,0.99,0.944,1.098,1.311,0.476,0.879,1.179,1.766,,0.76,1.416,0.828,1.463,0.121,0.239,0.43,2.278,0.843,0.892,0.573,1.08,0.912,0.539,1.386,1.04,0.87,1.165,1.097,1.244,1.654,0.898,0.999,0.839,0.559,1.141,0.864,0.677,0.928,0.996,,1.081,0.852,1.236,1.123,0.462,0.167,0.744,0.72,1.453,0.71,0.852,0.819,0.348,0.177,0.383,0.352,0.465,0.502,0.54,0.649,0.271,0.322,0.368,0.363,0.266,0.4,0.67,,0.394,0.351,0.518,0.43,0.536,0.321,,2.046,0.912,0.234,0.063,0.724,0.679,0.71,0.354,0.279,0.391,0.287,0.337,0.171,0.712,0.07,0.948,0.424,1.444,0.533,0.382,0.605,0.82,0.344,0.486,1.417,0.507,0.508,0.638,0.545,0.405,0.417,0.167,0.794,0.433,0.523,0.756,0.495,0.501,,0.798,0.176,0.757,0.35,0.33,1.081,0.112,0.368,0.669,0.337,0.466,1.089,0.632,0.738,0.846,0.477,0.693,0.246,0.724,1.666,1.329,0.557,0.521,1.332,0.846,0.11,0.098,0.828,,1.795,1.417,0.86,0.728,0.304,0.346,,1.983,0.535,0.33,0.286,0.514,1.532,1.079,0.861,0.703,1.163,0.414,0.996,1.047,0.279,0.985,1.332,0.862,0.747,0.342,0.396,0.436,0.663,0.48,0.853,0.983,0.676,0.407,0.638,1.201,0.5,0.3,0.273,0.623,0.399,0.685,0.499,1.197,,0.965,1.296,0.773,0.938,0.554,0.348,0.41,0.82,1.202,0.281,0.675,0.334,1.157,0.354,0.768,0.375,0.181,0.746,0.236,1.111,0.634,0.284,0.302,0.6,0.645,1.469,0.951,0.343,0.473,0.642,1.523,2.024,2.579,,0.326,0.803,0.982,0.729,0.814,0.507,0.847,0.271,0.748,1.108,0.601,1.42,0.73,0.772,0.936
20160416,20,AQI,27,28,37,27,28,30,26,22,21,33,27,36,,60,59,18,50,33,30,,93,96,110,106,96,51,,45,52,36,38,35,50,55,101,135,108,96,97,110,57,48,64,64,76,65,85,110,100,48,68,52,57,73,202,51,28,34,36,27,29,30,34,35,34,47,44,50,39,67,54,58,70,69,63,65,76,93,53,63,,67,62,42,48,55,66,70,28,27,32,34,35,25,25,25,88,83,107,,79,102,82,112,113,,104,43,39,39,35,40,49,46,,45,38,149,116,112,112,100,88,81,112,97,105,48,45,77,,70,60,62,72,49,65,39,53,24,40,29,26,29,55,22,30,26,57,59,59,58,55,52,50,64,54,32,28,32,47,32,31,30,44,43,50,49,43,48,114,84,38,49,68,63,59,67,76,62,59,43,,54,53,34,45,32,39,48,36,40,43,36,38,39,40,42,45,,45,42,59,51,66,49,55,89,88,82,73,85,42,59,52,45,57,63,58,52,32,31,39,27,29,40,32,,32,28,22,32,19,36,21,,23,21,42,,108,89,87,19,35,16,,23,,27,28,,57,53,52,19,,,26,25,28,34,35,27,63,87,52,52,68,58,54,49,59,73,74,58,50,35,118,66,80,78,93,57,62,50,35,32,35,34,42,35,25,52,42,92,105,85,85,86,,119,107,30,36,30,29,18,40,32,27,35,89,92,85,93,76,72,95,87,75,49,47,55,50,58,54,53,67,56,37,61,43,51,52,47,62,52,56,46,65,58,78,,58,60,65,74,60,61,64,51,48,,48,46,49,52,54,38,40,48,65,51,38,40,46,51,61,64,59,53,45,65,54,52,44,51,37,53,55,52,,52,55,56,51,50,62,53,63,58,42,55,57,58,,77,74,83,68,66,82,95,84,48,69,65,82,69,51,52,40,57,53,51,54,36,81,53,48,44,63,52,,50,49,55,43,36,28,33,,39,37,57,61,71,58,62,59,64,70,71,65,63,56,55,63,72,67,72,40,51,64,106,53,67,67,86,63,60,78,97,66,53,71,104,90,72,35,86,85,68,29,83,154,93,118,58,70,72,68,69,69,74,87,53,58,87,64,33,44,54,43,45,38,35,41,57,53,,54,34,67,43,74,50,78,30,49,56,52,46,34,33,50,101,89,108,84,36,41,44,31,63,69,66,88,74,152,73,58,64,50,30,107,83,85,87,100,78,90,,100,94,102,,119,59,79,88,58,68,94,,49,104,61,68,66,67,72,33,47,,31,35,37,47,,35,,62,99,96,122,97,114,104,29,37,,29,46,40,97,59,73,,54,43,51,40,58,48,56,47,78,38,,57,54,54,53,54,43,48,49,46,57,113,78,51,45,42,43,62,57,59,40,51,55,68,77,75,65,63,93,100,87,98,105,69,48,75,60,62,52,113,124,121,43,44,49,32,36,50,69,60,,64,79,66,80,44,52,47,39,38,41,60,60,32,43,35,39,34,41,85,77,92,87,148,67,,62,51,92,62,58,67,89,75,88,104,75,69,87,79,85,85,87,67,55,105,62,82,,42,54,47,41,49,46,68,69,83,79,56,54,33,41,36,30,49,38,50,45,54,65,97,75,58,51,36,53,32,38,40,45,26,82,79,82,77,77,73,80,77,52,102,73,59,78,93,60,80,103,96,85,162,60,73,62,54,84,92,134,93,53,61,69,53,59,50,52,48,38,33,45,34,33,38,28,44,26,29,23,51,40,23,32,58,65,56,97,73,80,82,70,98,107,97,85,94,107,57,53,32,43,38,48,36,42,37,44,47,49,58,80,75,59,38,38,69,23,54,56,51,51,48,41,33,68,36,54,72,68,57,49,51,54,100,,65,76,69,67,89,80,54,96,69,66,76,74,83,82,95,54,65,79,81,102,93,82,75,89,88,93,80,32,41,23,31,,96,56,57,58,37,38,61,69,24,87,79,74,39,35,80,80,26,22,40,38,38,38,41,45,45,41,47,35,42,45,35,44,16,27,37,38,32,37,28,30,29,33,35,,39,36,53,,34,29,55,59,49,46,42,30,46,32,32,35,32,30,49,29,30,27,25,50,43,,,39,32,46,51,52,52,72,75,68,77,71,64,112,62,82,68,87,77,76,63,28,47,64,34,35,46,,44,56,59,59,,78,48,51,40,35,63,,52,55,50,44,78,86,86,54,48,58,56,73,33,,33,50,45,121,86,91,112,139,,98,89,113,84,65,84,72,74,68,88,85,87,129,111,113,115,73,88,80,75,87,26,35,43,28,85,87,72,77,62,59,70,35,28,22,35,30,33,78,58,52,53,104,49,25,35,17,57,36,48,58,53,73,79,43,52,36,48,18,17,26,36,85,82,80,59,80,57,,40,26,,45,43,72,70,70,92,63,55,58,49,68,35,45,38,38,25,33,31,74,65,74,55,,48,72,73,88,58,52,40,53,,74,47,55,26,50,38,45,74,51,50,46,53,40,31,41,55,13,30,33,26,50,57,54,35,20,38,24,57,55,45,59,69,27,53,59,52,41,48,31,31,,34,79,33,33,45,33,36,45,40,49,52,26,24,30,23,28,32,45,38,35,33,32,34,30,30,27,33,29,29,72,64,63,68,77,74,78,88,101,95,96,72,78,80,72,71,72,74,56,,67,85,53,92,89,107,102,70,65,70,36,42,73,57,52,,42,44,47,61,74,53,45,46,83,52,60,60,62,72,33,28,45,40,38,67,45,35,40,38,48,35,35,34,44,52,36,57,50,32,30,34,44,30,39,38,34,40,39,33,24,39,33,42,54,38,38,13,38,39,62,45,56,56,,35,58,39,41,26,38,59,92,89,102,88,70,58,53,70,66,65,84,70,78,84,82,67,92,80,81,77,75,36,60,,84,92,90,100,60,62,53,69,61,37,30,36,35,37,43,45,32,29,28,29,39,33,34,36,40,53,55,,52,78,55,56,79,74,21,57,46,33,47,90,83,48,33,34,50,50,42,65,50,61,42,34,52,38,39,49,53,59,94,64,77,52,45,42,52,38,59,61,34,51,47,51,51,,47,74,58,75,55,56,32,37,84,88,69,60,54,54,73,123,130,66,73,116,114,56,54,78,62,22,23,35,37,37,77,43,60,68,69,,87,65,19,30,25,49,54,65,73,54,54,51,53,53,64,59,68,61,37,49,42,38,54,30,30,36,39,35,49,42,45,40,43,52,48,45,32,,75,76,45,83,54,300,500,75,49,194,67,64,58,105,73,79,66,74,64,62,61,51,39,57,39,53,70,60,180,249,500,500,500,,147,126,31,40,23,173,30,28,41,60,51,62,39,61,59
20160416,20,PM2.5,10,9,10,,7,9,12,,11,10,6,25,,16,13,12,25,23,14,,33,42,48,58,37,15,,5,16,25,7,9,23,21,46,102,38,51,48,50,36,19,43,27,39,26,25,33,44,14,28,25,24,32,22,15,12,5,20,18,16,7,16,15,4,2,2,6,15,38,24,41,29,29,32,22,36,27,28,14,,7,13,8,12,26,15,18,6,12,5,6,24,1,17,2,65,54,80,,58,76,60,84,85,,78,20,13,15,16,15,12,13,,13,19,96,86,73,83,75,45,46,73,57,59,33,25,56,,51,43,44,52,34,47,27,37,15,28,11,18,5,19,15,21,18,40,42,42,41,39,36,32,46,38,19,15,22,19,17,18,18,20,30,35,34,30,33,86,62,26,34,23,20,27,25,30,21,24,30,,37,37,12,26,22,12,33,20,25,30,25,26,27,28,29,31,,31,25,42,32,34,30,39,66,65,60,53,63,26,42,19,31,38,45,41,28,20,18,7,10,16,17,18,,22,10,15,11,8,16,10,,6,10,12,,78,65,64,10,14,8,,16,,16,11,,29,37,36,1,,,8,12,13,7,14,12,40,55,17,36,49,41,38,,42,53,54,41,35,17,68,32,45,33,42,40,38,35,15,20,8,14,10,19,6,36,17,43,48,34,40,45,,45,55,6,18,11,9,12,7,18,14,11,31,35,34,46,29,36,,34,42,22,18,25,27,31,14,16,30,21,14,17,10,15,18,14,18,21,16,14,15,40,41,,30,33,43,36,43,27,38,28,32,,29,32,31,27,31,26,28,33,41,32,24,28,21,31,34,32,33,29,31,47,32,36,26,31,25,37,39,31,,33,34,38,33,31,44,27,31,30,29,38,40,41,,56,44,48,46,46,54,71,53,33,39,44,60,49,17,20,21,27,29,18,14,17,32,18,23,11,18,22,,18,24,27,19,16,13,16,,19,21,18,30,25,30,22,23,25,27,22,31,33,25,27,39,30,29,45,,31,46,35,14,27,28,38,26,22,20,26,31,21,20,72,24,17,24,32,25,49,20,8,37,46,29,21,38,45,30,50,28,26,26,15,16,18,15,4,12,13,12,23,13,20,17,14,17,,10,13,15,30,11,14,13,6,21,10,5,17,4,11,13,70,60,75,62,15,13,15,20,45,50,40,37,36,116,23,41,46,35,19,80,61,60,64,75,57,67,,32,27,48,,77,42,58,65,41,49,70,,34,78,30,41,42,48,51,23,15,,21,20,10,30,,24,,44,39,48,36,44,38,33,19,21,,7,16,4,72,42,53,,34,30,33,28,23,27,31,23,57,26,,40,38,34,37,36,30,33,32,32,30,85,52,29,27,25,30,44,40,42,24,33,35,45,56,55,47,45,69,56,52,65,79,50,33,55,29,37,34,53,50,67,,8,4,11,9,16,26,22,,30,24,16,44,7,8,9,12,26,6,18,17,6,8,8,6,11,16,63,56,68,64,113,48,,44,35,68,44,30,48,66,50,65,78,55,50,61,55,63,48,47,48,38,79,44,60,,20,21,28,16,20,32,39,50,61,57,39,38,11,23,25,6,34,26,33,31,38,47,72,55,41,21,19,19,15,18,21,22,4,29,53,36,26,50,47,46,22,27,26,41,28,19,36,33,19,77,1,59,123,35,47,44,28,23,27,32,24,20,17,11,19,11,19,18,19,16,23,11,9,13,6,12,10,18,11,10,9,10,14,22,30,45,30,60,53,45,53,51,73,80,72,47,64,80,31,37,17,20,19,22,22,29,23,22,24,28,33,59,41,33,26,20,24,10,17,32,31,26,8,12,23,49,14,31,19,49,40,34,24,38,31,,40,38,32,36,40,29,24,30,29,21,28,23,37,26,37,19,40,19,42,65,60,34,37,28,12,18,24,9,10,9,12,,21,13,11,14,8,4,,19,7,35,20,22,23,21,59,55,7,7,21,26,6,15,11,14,,22,16,16,13,12,15,21,11,7,15,7,10,17,19,18,15,16,23,,27,21,37,,16,17,29,26,34,32,29,12,27,22,22,24,22,21,34,14,10,6,6,20,8,,,22,22,12,25,25,22,28,23,19,23,19,46,44,44,49,36,64,33,36,45,9,25,17,13,7,9,,16,25,22,19,,9,7,25,25,12,9,,21,16,15,,57,57,52,24,23,16,21,28,14,,23,35,31,15,13,29,37,38,,53,51,53,55,,62,52,54,49,65,63,64,84,72,70,52,53,65,59,55,64,11,12,28,13,59,64,52,56,44,42,51,24,19,15,16,21,8,57,41,36,37,78,34,17,19,5,40,19,33,41,30,53,58,30,19,25,31,8,11,5,12,63,60,59,42,59,40,,28,11,,24,16,26,51,32,68,43,39,41,34,49,24,31,26,26,10,23,2,54,47,54,37,,31,52,53,65,38,32,28,37,,54,26,7,18,32,26,31,15,27,22,17,11,28,18,24,29,9,21,23,12,23,27,29,16,11,7,6,40,37,31,42,50,7,23,42,21,25,9,12,17,,11,58,14,13,19,16,25,31,27,34,36,18,16,14,16,15,16,31,26,24,23,21,22,17,18,18,23,20,19,52,21,18,20,47,39,57,22,25,26,25,32,29,35,28,37,45,38,25,,47,26,19,45,29,37,39,36,34,51,23,29,53,40,29,,16,23,13,20,20,22,30,32,35,36,14,10,29,17,10,16,31,27,24,10,25,20,20,21,17,6,18,14,17,16,13,24,12,,18,14,11,16,15,10,13,17,22,23,14,12,10,7,38,20,19,,26,27,26,17,9,31,,13,15,27,20,12,17,24,68,66,76,65,44,38,32,51,45,45,59,47,57,62,60,48,68,47,43,56,55,17,28,,62,61,67,75,11,12,20,21,24,17,10,17,14,24,28,14,8,10,19,18,19,23,5,17,24,13,22,,21,22,36,33,45,33,5,25,21,23,16,34,46,33,12,17,35,11,14,45,35,32,29,1,29,24,20,26,29,38,44,28,32,36,21,22,22,26,22,28,20,20,12,17,17,,21,29,34,26,6,32,13,17,56,53,50,28,34,38,53,93,77,29,38,55,82,37,22,48,,10,12,17,16,7,56,30,32,24,43,,23,39,13,12,13,18,23,26,33,10,15,12,11,19,23,19,21,18,25,14,22,12,15,16,10,19,18,11,17,18,11,10,21,18,29,23,12,,44,44,16,27,36,,91,29,11,55,17,18,19,79,28,26,39,24,25,20,43,6,10,13,9,9,12,16,60,119,203,285,401,,61,81,5,16,7,21,6,5,4,14,6,31,25,28,39
20160416,20,PM2.5_24h,35,29,37,,33,40,43,,33,32,37,50,,67,64,67,74,77,62,,58,73,74,71,69,74,,27,30,21,17,21,30,28,79,83,84,93,94,96,39,62,49,50,46,32,31,38,36,38,49,42,40,40,40,37,39,28,30,27,29,29,36,34,26,19,24,25,19,57,54,62,43,51,53,47,36,34,35,11,,9,16,17,15,23,16,14,18,24,12,18,27,14,20,23,45,42,51,,46,51,46,52,52,,56,38,36,32,32,25,34,35,,34,25,62,68,58,57,54,41,46,56,44,55,52,55,45,,60,58,57,69,53,54,58,50,35,34,29,32,23,33,31,35,32,30,22,27,27,30,20,22,32,18,22,20,26,19,21,21,18,20,29,27,33,32,26,48,43,39,41,56,41,58,55,52,49,53,32,,30,28,23,30,30,24,29,26,26,32,20,21,21,27,21,24,,27,25,26,31,31,32,41,46,47,48,46,48,21,36,19,27,47,52,47,45,23,19,16,23,16,23,24,,30,22,21,17,18,17,18,,14,19,17,,40,41,36,21,22,23,,16,,21,23,,37,33,34,14,,,24,25,29,31,33,24,23,29,24,33,37,34,37,37,37,42,39,33,36,13,51,37,38,36,39,38,28,47,17,25,6,22,14,21,14,21,13,65,58,55,52,66,,77,55,12,21,21,18,21,19,25,24,23,30,33,36,30,35,39,36,30,31,20,24,24,28,27,21,24,20,24,40,24,19,24,23,20,23,23,26,20,18,35,35,,29,34,38,40,38,29,39,22,29,,27,29,28,28,33,25,26,29,34,27,33,26,18,29,32,30,26,29,26,34,34,36,23,28,26,32,29,25,,33,29,35,30,33,30,27,27,27,27,30,29,37,,65,61,62,63,60,63,67,69,31,38,46,52,34,7,15,11,20,14,20,14,14,13,12,20,13,16,18,,17,19,25,21,21,17,21,,18,14,10,29,19,29,18,20,22,22,18,28,28,22,24,33,28,25,29,15,20,26,72,17,33,19,22,19,22,20,27,10,21,17,55,20,26,20,27,18,28,13,13,28,33,39,19,53,40,33,35,30,23,21,40,17,17,21,12,20,22,21,28,20,22,23,23,24,,15,19,27,39,24,30,27,29,30,20,21,23,16,22,20,43,50,47,41,26,27,26,30,51,64,42,67,50,103,56,41,42,34,18,109,76,76,61,63,67,59,,48,47,56,,60,59,72,76,46,59,72,,61,80,38,74,66,71,63,27,26,,21,19,23,41,,38,,42,46,52,50,43,49,55,36,31,,25,27,19,56,43,50,,29,28,28,29,17,34,30,28,41,28,,38,38,34,34,36,33,26,34,31,29,30,21,20,29,25,29,26,26,28,23,30,30,37,42,48,38,37,41,38,40,36,45,38,25,36,29,40,38,52,48,55,17,19,12,18,20,28,38,25,,35,29,16,30,14,15,10,17,27,12,23,26,11,8,34,36,51,27,43,44,45,48,50,42,,42,32,46,45,22,39,39,37,50,42,35,29,95,60,72,73,78,43,37,52,43,47,,37,21,53,19,26,31,42,56,53,72,50,71,29,38,42,30,13,16,17,22,28,24,30,29,30,22,20,22,18,20,23,22,4,21,44,30,25,44,38,33,29,33,45,45,41,35,47,50,41,60,77,47,86,27,26,31,25,18,23,32,16,31,32,30,29,30,21,22,23,23,38,25,18,27,25,29,34,35,32,31,21,29,15,16,45,61,54,67,49,34,39,47,81,69,70,52,73,69,25,33,20,27,27,26,8,10,11,9,10,8,38,33,30,25,10,16,11,12,26,21,18,13,16,27,23,31,14,25,17,43,31,25,10,18,26,,35,25,24,17,27,25,32,16,18,18,21,19,22,17,26,15,19,18,19,16,30,19,20,25,14,14,25,19,14,14,17,,19,21,26,25,10,6,20,14,8,33,28,25,50,54,84,73,23,19,22,29,15,18,21,24,8,33,35,30,22,25,32,37,23,24,25,19,17,18,19,26,23,21,29,,29,30,39,,17,24,17,21,34,28,30,25,27,16,17,19,18,45,46,26,19,21,20,27,26,,,39,39,20,18,17,14,14,30,31,32,30,38,39,46,28,35,25,28,25,41,27,34,33,24,24,17,,16,21,17,18,,8,13,55,34,22,14,,22,19,19,24,65,82,74,28,22,36,35,35,25,,50,60,58,44,38,23,24,25,,78,74,91,51,36,33,33,30,52,54,51,53,50,52,49,43,59,67,60,49,51,19,21,58,51,51,49,71,70,42,38,46,42,35,31,32,23,24,51,36,71,56,85,37,19,20,14,56,23,61,60,44,91,102,68,17,20,19,27,26,20,16,62,42,34,37,64,41,,31,25,,19,26,45,60,48,42,44,35,33,32,32,49,41,37,30,21,33,5,45,37,48,51,,38,46,50,69,29,27,19,32,,100,41,32,18,33,18,25,61,42,40,50,67,28,28,26,27,7,18,16,13,20,18,15,13,28,29,27,21,29,30,25,32,10,48,53,32,42,33,29,39,,39,33,24,26,25,20,16,24,18,24,21,25,22,20,25,37,37,51,54,39,23,18,16,18,18,21,30,29,26,58,32,32,34,46,44,51,29,33,30,26,24,27,24,33,35,36,33,17,,42,17,18,59,46,48,60,29,25,29,15,31,46,43,22,,12,20,13,12,14,17,15,18,25,35,20,14,21,11,12,14,24,17,22,22,20,23,15,17,18,29,30,23,24,24,22,30,32,22,28,29,28,31,30,21,40,32,36,33,21,24,24,25,55,34,31,14,40,30,20,27,21,28,,30,20,29,35,11,20,26,54,45,54,49,47,42,33,53,44,49,68,44,57,62,45,32,48,64,71,48,38,38,56,,57,58,78,78,8,8,10,13,15,16,11,15,9,10,13,10,9,7,12,10,12,25,16,21,16,14,14,,17,9,17,18,28,12,15,15,11,14,7,8,11,8,8,18,17,10,15,30,29,24,30,16,11,14,12,14,18,17,22,28,16,24,11,12,16,9,17,26,10,9,14,18,19,,30,32,25,18,16,16,15,15,41,44,47,32,34,35,53,66,73,48,43,48,103,26,27,32,,15,14,15,16,15,21,27,36,37,36,,49,25,14,19,16,12,33,20,16,16,20,17,16,9,18,11,14,12,24,14,19,13,18,33,12,28,29,10,17,24,16,10,14,11,20,18,8,,25,37,21,26,29,,55,42,27,39,25,27,30,25,29,28,29,27,21,44,67,26,28,4,14,15,13,23,46,69,107,149,234,,42,51,12,14,20,11,8,5,7,19,28,25,31,26,34
20160416,20,PM10,27,28,37,27,28,30,26,,,33,27,,,69,68,,50,,30,,135,142,169,161,141,51,,45,53,28,38,35,50,59,152,219,165,141,143,170,63,48,77,77,101,80,120,170,150,48,86,53,64,95,351,52,27,34,36,27,,28,16,35,24,47,44,50,39,83,58,53,90,88,76,79,101,135,56,75,,83,73,42,48,60,82,90,28,27,20,34,,18,,25,86,115,104,,84,107,87,112,138,,,41,25,27,35,29,24,15,,24,,248,181,173,174,138,125,111,173,144,159,,45,56,,,57,55,79,49,52,,50,,,29,,,60,18,,,52,58,49,49,43,44,50,52,58,32,15,,47,24,,30,44,,,34,33,,,106,33,49,85,75,68,84,102,73,68,39,,58,40,17,45,,31,,27,26,36,30,37,33,32,33,44,,32,42,,51,81,49,47,73,72,77,68,80,42,53,53,35,63,61,66,53,32,31,,19,22,40,32,,23,16,20,32,18,36,20,,11,15,42,,165,127,95,19,35,11,,20,,20,20,,64,50,42,15,,,26,25,28,34,20,15,75,124,53,44,51,49,43,49,,,,48,41,35,186,82,110,105,135,53,73,50,35,32,,19,42,35,18,,42,133,160,120,119,122,,188,163,23,28,22,21,15,,19,26,,127,134,119,135,102,94,140,123,99,49,47,59,50,66,58,56,83,61,25,72,39,51,53,47,73,53,61,46,79,65,105,,66,69,80,98,64,72,77,51,48,,48,42,49,53,58,36,35,39,79,51,38,31,46,51,72,77,67,55,34,66,58,47,44,51,37,43,58,53,,54,59,61,51,50,68,56,75,65,,60,58,60,,94,98,115,85,82,113,131,118,48,87,80,92,87,51,53,40,64,56,51,57,36,112,55,48,44,76,54,,50,48,60,43,36,28,33,,39,35,63,72,92,66,73,67,77,90,92,80,75,61,60,75,94,84,93,5,51,53,161,56,84,83,122,76,70,106,144,81,56,92,157,130,93,,122,120,,29,115,257,136,186,66,89,94,85,85,87,97,124,56,65,123,78,33,44,57,43,45,38,35,41,64,55,,43,34,83,36,98,50,105,30,49,61,53,46,34,33,50,152,127,166,95,28,31,44,26,69,85,82,125,98,,95,59,73,47,30,116,116,119,121,116,102,82,,150,138,154,,188,62,,,49,61,137,,36,158,72,86,81,74,93,32,47,,31,35,37,47,,35,,50,148,142,194,143,178,157,27,33,,19,36,19,91,67,88,,57,41,51,,65,48,61,47,99,38,,60,55,58,44,57,42,48,49,45,64,,106,51,45,42,35,54,55,58,40,52,59,85,92,77,69,73,90,149,124,146,150,,48,79,69,74,53,176,197,192,43,44,49,32,36,50,87,70,,78,107,81,109,44,53,47,39,38,41,70,70,30,43,35,39,34,41,82,90,112,92,141,66,,45,51,68,50,65,,,99,112,,,70,124,108,120,119,123,81,60,103,74,104,,40,58,47,41,49,,86,,88,108,61,41,33,41,31,29,45,,50,37,51,,,59,60,51,36,55,32,38,40,45,14,113,108,114,103,104,95,110,104,53,153,95,67,106,135,69,109,143,142,119,,70,95,69,58,118,134,218,136,55,71,88,55,68,50,53,48,38,24,26,28,27,19,28,44,26,,23,52,40,18,,65,70,62,144,69,109,113,67,134,150,97,119,138,135,64,54,32,43,38,48,36,30,37,44,47,49,65,98,99,68,30,38,87,15,58,61,51,51,48,41,,,36,57,46,64,,40,,46,149,,79,102,87,84,128,110,57,142,88,82,102,98,115,114,139,58,79,108,112,154,136,114,99,128,126,135,109,29,41,22,27,,141,61,63,65,18,31,72,87,24,124,107,98,39,35,105,109,7,13,,,16,,13,,28,,29,34,,16,19,44,,10,25,8,16,,20,18,,33,35,,34,36,41,,34,29,60,68,42,39,36,30,,27,22,28,,,35,29,24,27,22,50,43,,,,,46,52,53,53,93,99,86,104,91,76,173,62,113,86,105,104,102,65,28,47,78,34,35,46,,44,61,68,68,,106,48,51,27,32,75,,53,59,50,44,102,121,121,57,48,66,62,95,33,,24,43,32,192,122,132,174,227,,145,127,176,118,80,75,92,98,83,74,,80,208,172,175,179,81,117,104,78,87,25,35,43,28,119,89,68,69,56,49,61,,28,21,35,28,33,,51,45,47,103,41,21,35,16,46,36,37,43,56,,,32,53,32,48,18,16,10,36,70,,,,77,40,,33,26,,45,43,93,73,89,77,75,59,,39,52,34,34,33,,21,29,25,63,51,57,59,,48,91,74,70,66,54,39,43,,54,47,60,24,50,,,98,51,50,46,56,36,31,41,60,,30,,17,50,63,57,35,14,14,24,56,59,43,53,55,27,55,58,53,41,17,31,18,,34,,22,23,45,27,29,44,40,42,54,21,23,24,19,28,32,43,26,32,31,32,34,28,24,23,,29,29,86,78,76,86,104,97,96,126,151,140,141,94,105,110,93,92,93,97,61,,84,120,56,134,128,164,153,89,80,69,36,40,84,52,54,,42,44,47,72,97,55,45,44,115,51,69,69,73,94,33,25,36,40,38,84,45,35,40,38,48,35,35,34,44,54,35,63,50,28,26,34,44,30,,38,34,40,39,,24,39,33,42,56,38,38,,34,36,74,45,62,62,,30,65,36,41,26,38,67,86,89,110,85,89,66,56,80,82,79,118,89,87,118,90,67,101,110,111,71,79,36,69,,116,134,102,146,70,74,56,88,72,37,30,36,34,37,43,45,16,28,26,27,23,32,24,36,32,56,59,,54,105,60,62,107,97,21,63,46,33,47,129,116,46,33,24,,50,42,80,47,72,36,34,53,38,39,49,56,67,137,77,103,52,45,42,54,32,67,71,34,52,47,51,51,,47,98,66,99,60,61,32,37,118,111,82,70,57,51,87,139,210,82,96,181,177,62,57,105,74,22,23,35,37,36,,,70,85,87,,123,79,,23,,49,57,80,96,58,57,52,55,55,78,68,85,71,33,49,42,38,57,28,30,36,39,35,49,,45,40,43,53,48,45,32,,99,102,45,116,57,420,636,99,49,337,83,77,66,,96,108,82,98,77,74,71,51,39,64,39,56,90,70,310,384,829,1343,1501,,243,202,31,32,23,296,12,12,24,69,52,74,39,71,67
20160416,20,PM10_24h,95,85,99,114,92,111,108,,,98,103,,,120,125,121,142,133,107,,132,122,139,115,103,125,,51,66,44,46,54,62,79,188,176,208,179,184,191,83,108,104,114,114,72,91,111,102,85,116,124,109,137,130,147,111,154,152,134,85,109,87,98,87,95,77,94,79,104,117,107,103,104,96,87,84,99,49,55,,47,46,40,44,44,71,61,129,111,106,116,110,138,104,99,76,100,88,,90,92,88,90,108,,98,96,75,66,81,66,75,67,,72,47,149,138,120,121,104,92,87,111,104,121,75,73,83,,79,85,79,99,69,75,73,69,74,58,55,63,43,54,52,66,57,62,55,59,57,56,46,60,69,56,44,53,58,42,48,39,45,45,52,57,60,56,53,80,84,70,68,125,86,112,98,133,117,110,60,,74,59,43,60,47,47,50,55,52,53,54,49,56,53,42,63,,60,57,48,72,76,76,89,83,83,94,83,87,39,72,52,51,83,79,86,66,45,34,24,43,31,58,49,,58,45,40,42,33,39,40,,22,34,45,,84,85,55,42,43,44,,42,,49,41,,74,56,47,35,,,35,43,41,52,48,36,36,53,48,60,70,71,60,61,64,76,66,60,64,25,95,64,80,74,95,51,40,65,39,45,32,30,40,39,27,32,40,121,148,129,119,120,,135,129,41,44,37,44,34,55,42,61,84,75,69,68,68,73,69,77,66,55,36,42,48,47,44,36,50,45,45,18,54,33,41,40,34,54,41,48,32,39,49,58,,51,62,54,73,51,59,57,48,45,,46,45,47,40,52,54,36,45,62,47,54,42,34,41,56,55,52,50,45,47,66,48,38,38,37,35,49,47,,49,50,50,47,47,52,49,50,51,46,51,53,56,,100,100,109,104,99,118,134,129,46,63,71,82,63,28,27,27,32,25,33,38,23,30,34,27,23,32,32,,31,27,47,36,35,30,34,,35,20,52,63,57,51,66,55,56,66,74,53,61,53,56,61,71,60,114,81,64,63,165,54,77,62,60,45,65,63,78,52,40,59,95,52,49,34,50,41,50,34,27,65,62,86,70,113,117,108,100,95,74,84,83,47,75,84,63,38,44,47,52,39,35,38,46,42,,55,34,83,57,148,139,156,117,131,124,120,101,104,95,108,119,103,98,81,48,48,51,42,102,95,84,114,114,127,118,79,82,54,29,137,115,151,123,103,108,94,,149,141,151,,140,120,128,134,74,98,125,,95,115,124,104,120,118,112,55,61,,40,43,48,72,,65,,80,113,98,113,107,129,110,62,65,,46,57,50,110,85,99,,42,39,47,40,43,58,50,40,50,43,,54,50,55,50,52,45,47,47,42,56,33,35,36,45,34,39,32,36,40,41,46,46,58,62,68,56,58,59,60,60,60,66,48,37,58,53,85,74,117,126,131,110,91,100,67,75,86,82,83,,96,75,41,74,33,37,39,52,52,47,70,75,34,32,200,200,185,174,76,79,84,96,90,71,,77,83,72,77,63,64,59,79,96,60,60,57,117,105,117,121,119,62,54,70,65,71,,51,40,61,36,39,35,78,71,97,129,60,83,50,56,59,44,30,22,29,27,47,44,48,53,50,52,38,36,32,36,38,34,11,60,73,80,60,70,65,66,78,49,111,77,54,68,88,144,75,98,126,88,89,54,62,52,56,55,60,113,49,59,66,68,68,69,48,45,41,50,48,57,38,45,34,49,74,47,81,32,42,50,29,23,64,94,82,124,63,70,73,74,102,106,88,85,111,90,50,47,36,51,50,50,12,21,19,17,24,14,83,59,94,55,16,26,24,16,43,40,35,33,53,65,44,48,32,38,33,62,40,35,54,28,41,,50,64,57,48,65,71,49,54,55,59,57,58,61,60,77,43,50,64,54,58,59,64,54,70,65,68,67,129,138,126,43,,95,86,130,92,20,22,60,40,34,135,134,143,90,92,132,144,53,39,37,50,30,39,74,43,63,45,60,59,50,58,84,89,48,51,49,42,43,47,49,42,50,61,59,,55,59,72,100,42,66,44,56,60,54,55,61,43,31,32,43,42,57,56,60,54,56,50,60,52,,,58,57,42,30,31,30,32,72,73,82,73,76,77,68,55,71,46,59,66,67,43,75,108,62,57,44,,36,49,44,47,,48,35,77,60,65,45,,36,79,72,88,133,132,134,42,40,117,111,124,104,,59,72,69,264,215,67,62,59,,188,146,182,129,45,67,65,78,93,86,107,94,149,140,141,149,81,132,105,73,76,42,48,90,77,123,83,91,92,58,52,60,60,50,46,56,29,35,73,48,110,73,105,46,28,40,26,60,46,72,60,81,107,193,77,35,28,37,42,43,47,27,89,108,53,73,119,75,,52,48,,45,62,131,134,114,74,93,64,69,45,52,86,57,58,43,30,35,16,77,60,67,76,,76,75,96,109,58,51,34,50,,200,89,84,48,38,28,25,69,52,55,40,34,48,46,45,43,12,25,21,23,28,30,30,23,37,45,44,36,49,41,43,41,33,73,64,62,85,63,72,62,,70,30,39,41,38,34,23,32,30,30,40,31,32,28,28,72,77,73,79,62,31,26,25,23,23,30,33,38,36,76,77,88,71,77,78,89,109,104,106,119,57,58,52,61,65,65,64,42,,71,83,53,101,103,124,120,58,49,62,40,51,90,52,53,,43,49,36,41,52,45,40,38,48,56,49,49,50,61,29,28,38,48,39,50,42,35,33,30,41,51,48,41,44,43,38,47,45,47,44,44,46,46,,48,76,55,56,39,40,58,50,44,81,49,56,21,55,42,55,50,52,43,,48,49,47,59,22,39,53,71,67,66,67,80,61,67,76,72,73,99,74,86,94,60,48,73,106,116,65,63,61,88,,94,101,99,125,48,42,28,54,44,31,24,37,24,20,23,20,17,15,16,17,21,37,34,39,27,37,38,,34,52,31,36,61,35,42,35,17,19,19,27,29,16,32,41,31,40,34,53,46,71,53,56,23,23,22,33,36,42,75,62,51,42,27,24,30,34,44,68,17,25,48,43,34,,57,108,57,53,43,40,28,26,89,115,81,67,57,51,85,114,171,90,86,162,160,43,54,60,66,26,28,29,33,50,,204,109,76,62,,160,45,34,42,,30,59,38,42,85,90,84,95,27,42,28,49,39,40,43,36,29,42,38,47,52,53,34,45,67,55,34,35,35,40,42,19,,57,59,60,88,85,146,257,85,85,151,79,91,80,78,89,82,83,123,93,199,175,144,130,19,57,61,67,103,210,266,304,642,735,,152,162,44,40,50,55,13,10,24,67,67,65,40,58,54
20160416,20,SO2,2,2,2,2,2,2,2,2,2,2,2,2,,1,5,3,11,4,6,,8,5,13,10,9,7,,4,8,5,10,13,9,15,33,30,27,17,33,29,4,9,15,9,6,16,13,16,15,7,7,8,3,2,4,5,2,8,3,6,8,7,6,5,12,3,1,2,3,8,10,18,16,23,12,14,12,28,41,10,,7,8,5,5,5,7,17,10,6,5,13,7,2,8,8,5,30,12,,12,16,14,12,15,,4,1,6,8,6,3,7,3,,9,2,12,12,6,5,6,6,6,10,10,7,14,15,31,,11,26,36,11,10,9,15,21,12,11,9,10,6,10,10,11,18,9,9,10,13,10,3,11,6,4,8,6,8,6,5,9,5,13,15,20,18,12,8,20,17,16,18,22,13,11,6,138,19,113,11,,50,19,7,12,6,5,6,8,7,11,7,11,14,7,11,12,,13,13,37,4,1,8,16,18,29,6,14,8,9,7,13,11,27,22,6,13,4,7,9,5,5,4,7,,6,2,5,8,7,13,6,,7,8,8,,18,27,30,7,6,5,,12,,6,12,,5,7,8,2,,,13,17,6,3,4,10,7,8,5,8,10,3,5,6,5,3,6,4,7,3,7,8,8,4,6,3,4,4,3,1,3,8,6,4,5,4,11,13,12,16,8,21,,16,17,20,10,28,8,33,20,16,15,3,15,14,17,11,19,17,13,15,12,3,4,4,8,2,10,4,7,9,7,7,11,8,6,11,16,8,12,10,7,6,9,,11,12,12,30,6,8,22,15,6,,7,5,24,7,20,4,30,10,10,16,3,7,7,18,10,12,3,8,6,11,6,5,4,14,4,5,9,8,,3,5,7,4,6,9,5,9,7,5,13,35,15,,7,11,11,11,5,10,8,9,5,3,5,4,9,19,6,23,12,10,14,14,19,13,25,13,3,10,11,,13,18,6,11,8,9,6,,9,10,7,11,10,6,11,13,22,12,12,13,6,22,10,11,17,19,6,7,7,6,10,7,19,10,10,9,6,9,10,11,6,8,19,6,11,3,1,5,4,1,6,18,10,3,9,14,4,6,7,3,10,1,8,7,3,4,1,8,13,16,23,12,6,5,27,12,,11,3,10,9,6,9,5,7,8,8,12,6,6,2,4,10,10,9,8,30,7,13,13,16,13,11,162,13,11,15,19,17,9,9,15,10,7,7,14,21,17,,7,10,13,,15,9,9,5,16,23,37,,17,59,14,4,16,14,23,8,13,,7,1,13,30,,5,,10,19,35,13,7,3,8,9,4,,8,2,6,20,40,13,,15,9,10,1,9,18,9,5,7,6,,3,7,9,5,12,8,11,3,3,3,2,5,9,8,8,10,5,4,8,3,3,4,10,9,12,21,24,15,5,2,11,27,33,23,9,16,8,11,12,13,15,12,20,12,12,12,11,25,23,,25,17,4,5,6,3,6,54,7,45,13,10,25,12,13,18,12,8,7,10,23,10,18,9,,,18,17,16,16,12,6,12,18,37,9,8,15,41,16,8,21,13,9,15,10,14,,7,8,14,31,8,21,7,24,13,15,6,30,12,8,4,17,5,5,20,8,9,5,38,11,14,10,10,14,14,16,18,20,8,57,34,28,26,19,24,16,11,19,16,13,13,12,15,14,20,26,20,16,31,20,26,14,11,14,12,17,14,9,11,1,30,15,16,27,32,12,19,19,3,2,33,10,14,8,17,30,2,7,3,3,11,15,8,10,3,6,10,4,12,8,7,24,19,8,1,2,11,9,10,5,9,14,7,10,15,12,20,208,24,15,5,5,14,8,8,12,10,6,9,5,12,5,8,4,4,3,10,4,25,2,4,,9,74,21,17,21,18,4,23,22,13,17,8,5,8,10,5,5,8,3,8,9,10,7,21,12,14,16,3,3,3,5,,5,10,41,11,3,19,2,10,1,3,3,5,13,17,12,16,4,8,6,5,9,7,5,7,7,3,7,21,18,51,8,6,4,19,12,9,1,17,5,6,16,11,14,,,15,12,,12,9,6,12,20,14,10,6,4,4,9,10,3,13,34,4,2,4,6,10,7,,,2,2,9,12,12,12,9,15,8,18,12,11,15,14,68,41,113,59,31,14,58,31,22,20,16,13,,23,4,10,12,,23,15,8,23,6,10,,20,2,1,5,12,7,3,7,10,7,10,14,19,,5,6,5,18,4,21,5,5,,32,17,41,30,6,20,6,18,6,6,6,4,19,11,20,8,8,6,7,96,9,3,5,7,5,4,4,8,2,7,8,23,7,11,37,9,5,5,1,2,5,6,7,3,8,8,15,4,2,4,6,5,13,12,23,24,24,41,15,7,13,44,5,49,24,5,23,7,,6,7,,12,12,9,18,24,5,17,10,10,62,99,17,4,6,16,22,7,5,4,5,4,28,,6,6,15,17,12,3,8,9,,5,17,5,4,13,11,8,6,6,8,17,8,15,12,15,10,3,2,9,5,6,11,20,10,1,3,5,1,4,2,11,2,6,11,23,20,15,5,2,5,,2,3,8,40,17,14,15,22,28,69,34,4,4,18,11,7,5,7,3,28,6,8,4,2,3,4,49,10,25,29,14,16,17,15,29,85,8,27,5,9,19,12,16,34,83,82,33,32,,45,27,14,30,27,23,1,18,23,24,3,1,12,11,2,,13,57,16,4,5,7,5,7,1,1,28,12,32,20,9,7,3,2,18,3,5,11,8,7,8,14,5,20,10,11,10,10,12,11,23,23,10,18,7,23,10,9,18,13,12,16,7,17,2,12,3,3,4,,5,25,20,79,,13,56,16,8,5,21,12,4,5,2,5,11,3,3,46,13,16,17,8,39,20,21,97,44,10,10,17,14,3,12,,19,42,13,9,16,18,17,14,15,17,4,10,4,12,8,5,8,10,8,11,1,8,4,4,26,47,4,,15,30,3,30,6,8,3,4,6,1,4,7,12,4,14,3,10,15,23,4,3,11,8,20,10,12,10,17,64,8,11,15,7,7,30,9,9,53,38,6,20,23,27,13,7,,11,3,2,7,15,9,14,4,4,19,5,10,27,26,5,7,22,8,4,12,12,6,8,8,7,16,7,15,12,3,8,2,5,13,5,,12,7,11,11,7,6,16,6,11,2,4,4,1,21,22,5,19,3,4,6,12,9,12,3,5,12,17,8,7,16,7,4,12,7,5,7,10,,18,21,11,6,20,9,8,20,2,20,7,2,21,4,3,4,11,11,10,1,8,2,3,,2,3,13,11,1,4,2,4,6,,11,16,3,7,3,6,1,12,13,5,3,14,10,9,14
20160416,20,SO2_24h,3,2,3,4,4,3,4,5,3,3,5,3,,14,19,14,23,13,20,,17,9,14,18,10,17,,9,12,9,16,12,10,20,61,51,50,52,62,63,13,21,13,13,12,19,13,14,126,14,14,13,9,10,12,5,4,10,3,5,10,11,14,9,15,8,6,6,6,33,12,32,13,31,13,11,12,29,41,11,,8,13,9,7,6,9,15,10,7,10,13,6,2,8,8,11,47,24,,22,22,18,21,25,,15,7,16,8,6,4,10,3,,12,4,26,15,13,10,11,8,9,11,17,15,21,20,30,,12,34,32,23,26,14,19,19,12,11,11,10,9,10,10,11,19,14,14,15,14,15,4,15,12,8,15,10,14,12,9,16,10,12,19,20,27,18,13,17,15,24,23,31,25,27,9,61,21,127,11,,58,26,11,12,13,9,6,11,10,12,10,10,22,15,13,13,,19,18,33,5,8,16,24,22,16,11,12,11,9,9,13,8,35,26,9,16,5,6,9,14,4,5,7,,12,5,5,7,8,10,8,,7,10,12,,12,19,15,10,9,6,,16,,10,11,,7,5,4,6,,,14,21,7,12,11,15,12,11,23,11,13,21,9,9,12,9,11,8,13,3,5,8,6,3,5,6,5,13,8,6,11,9,13,14,8,12,13,19,16,17,14,28,,22,20,19,10,25,9,33,19,14,13,6,17,14,17,11,7,17,11,17,14,7,4,5,7,5,9,5,7,9,9,7,10,7,5,10,16,7,11,8,6,5,6,,11,12,12,24,5,7,20,9,6,,6,5,28,7,15,3,12,9,10,8,5,5,3,14,9,11,4,15,7,8,5,5,3,13,10,7,11,5,,4,5,6,4,8,8,4,6,7,3,15,25,11,,7,11,9,10,5,10,8,9,5,5,6,5,11,8,6,10,8,5,9,11,12,8,9,9,7,10,9,,11,14,6,10,11,8,7,,11,10,8,7,5,9,12,6,19,11,6,20,9,56,17,13,17,17,7,9,6,6,16,7,20,11,8,14,7,12,11,10,8,5,14,8,12,4,4,5,5,3,5,13,13,6,22,29,12,18,26,15,11,2,15,7,8,4,7,10,15,19,27,17,12,23,16,10,,15,4,37,10,6,7,5,6,8,8,18,10,9,4,9,17,21,13,13,25,11,17,13,23,20,11,21,13,11,18,21,21,11,8,30,23,23,7,15,20,11,,23,19,20,,19,43,38,33,18,35,41,,25,38,15,12,20,17,30,12,11,,10,3,16,23,,6,,9,25,44,24,37,9,34,11,5,,14,5,8,25,50,24,,25,12,9,9,11,23,10,3,8,7,,2,13,9,4,11,8,11,3,3,6,3,4,9,8,8,10,4,4,8,3,3,3,8,8,12,15,16,12,10,8,9,12,24,24,4,19,28,30,19,24,24,12,16,11,13,14,10,23,20,,23,14,11,7,8,3,9,31,9,45,16,19,28,9,12,10,7,10,8,12,18,19,19,11,,46,25,11,19,9,22,12,21,89,23,10,9,48,80,31,41,52,15,11,16,12,13,,9,8,9,24,6,15,10,36,19,22,6,24,14,9,6,15,8,7,39,9,8,4,14,9,7,34,33,32,32,44,31,58,28,31,29,23,28,17,27,15,15,18,18,16,27,11,11,26,13,28,21,14,32,18,28,12,12,20,13,18,15,7,10,3,22,12,14,14,33,7,23,18,4,5,26,11,14,8,14,20,3,8,4,3,16,30,24,16,8,6,9,8,13,11,32,13,18,9,1,2,14,14,17,7,8,22,13,9,13,11,72,50,58,19,4,8,8,7,8,9,7,6,12,10,15,9,6,4,6,13,18,4,7,3,2,,3,27,31,9,7,10,7,7,11,8,11,7,3,7,7,4,4,6,3,6,10,4,5,21,7,10,13,4,4,6,23,,20,36,108,48,2,17,2,4,2,6,3,5,14,19,24,22,5,6,6,2,9,10,5,6,12,6,9,10,18,25,10,9,5,20,14,11,2,17,12,12,17,12,14,,12,15,13,32,12,10,7,13,22,14,13,15,9,5,9,8,4,11,16,14,4,8,9,17,16,,,4,3,7,13,12,11,7,14,15,22,13,9,13,8,22,25,21,20,14,13,25,39,24,16,22,14,,18,8,4,9,,16,14,10,26,15,10,,13,9,7,18,21,21,16,3,3,16,13,15,23,,6,6,21,15,6,24,5,6,,34,26,49,25,6,7,6,11,22,14,16,17,23,12,22,9,16,16,13,37,20,3,5,27,16,10,7,8,3,11,12,8,11,11,34,11,5,4,3,2,5,8,8,3,3,4,15,6,2,6,9,4,14,20,28,15,21,37,16,8,17,38,13,38,28,6,34,11,,21,10,,21,16,8,24,32,39,40,58,11,96,31,28,9,6,18,22,10,5,9,9,8,26,,13,13,17,22,12,4,9,8,,8,22,9,6,15,15,10,6,6,9,16,16,24,22,16,15,3,3,11,6,7,9,8,8,2,5,6,1,5,4,5,3,8,16,25,27,23,21,14,30,,32,3,36,86,35,32,12,11,7,23,8,3,8,15,15,8,7,8,13,24,11,8,4,6,9,19,33,34,48,31,22,22,18,19,37,30,14,18,21,13,22,23,15,14,67,29,20,28,,44,23,13,32,32,33,14,15,20,43,6,2,12,7,2,,8,17,18,6,5,14,6,9,32,17,22,17,14,8,6,7,3,5,11,3,5,4,5,5,8,7,7,12,10,9,11,7,8,10,21,20,28,20,6,46,13,13,13,5,6,7,4,14,16,13,11,9,15,,6,13,14,20,,14,60,17,13,6,10,10,8,7,6,6,12,3,3,16,13,17,29,11,32,16,15,44,55,9,11,18,12,5,12,,22,54,9,13,13,13,11,10,9,11,4,11,9,16,13,8,8,8,9,13,2,13,8,10,29,20,13,,8,15,4,31,6,5,7,5,7,3,2,5,8,2,22,24,11,23,37,6,2,10,8,19,14,11,7,12,33,9,8,21,7,8,19,13,13,13,26,16,15,17,34,11,7,,15,5,6,6,18,9,13,4,3,16,7,11,36,30,25,27,35,16,14,7,10,6,11,8,7,15,7,17,7,4,8,4,6,12,5,,24,7,10,10,7,10,7,5,6,3,5,4,4,5,16,6,3,2,8,4,11,11,10,5,5,11,16,9,8,14,8,4,8,4,5,9,6,,13,20,15,12,21,11,10,21,1,29,11,5,34,4,23,7,8,14,8,2,7,2,3,,4,4,12,13,4,6,2,8,14,,9,14,4,11,5,6,3,5,12,8,13,54,12,13,14
20160416,20,NO2,15,2,2,22,16,26,25,11,6,13,9,16,,19,24,16,33,22,25,,59,74,79,80,39,14,,29,30,16,28,29,11,10,84,87,60,78,83,96,54,89,77,77,72,36,39,26,39,21,15,18,13,8,33,9,18,8,12,23,10,12,5,7,4,28,13,11,24,49,42,34,51,63,63,62,74,67,47,26,,6,19,21,17,16,11,30,13,32,12,6,12,27,15,14,36,67,62,,58,54,52,64,73,,24,17,24,14,46,29,14,11,,14,9,75,38,61,56,44,22,16,49,16,32,17,24,36,,81,82,39,21,49,28,26,27,42,44,43,37,22,36,39,38,27,14,25,30,34,37,40,29,13,30,17,23,21,22,21,28,31,24,20,31,11,54,14,46,,12,38,34,25,6,21,27,27,7,21,,17,18,19,39,13,17,36,31,18,38,27,24,29,19,13,24,,38,27,25,32,13,30,14,28,60,34,23,53,30,34,32,28,33,60,26,35,22,35,12,35,15,29,33,,5,23,17,27,28,32,33,,26,30,29,,95,97,106,36,20,23,,26,,15,23,,53,30,21,22,,,25,19,13,15,20,19,58,55,27,45,31,20,16,31,45,30,36,13,21,10,88,74,66,52,70,21,66,36,29,15,7,7,18,29,10,27,21,44,38,33,30,10,,47,35,14,21,,31,12,10,12,15,17,64,81,51,70,31,42,61,52,46,25,38,45,58,70,36,34,47,69,10,22,28,16,22,31,73,49,31,35,11,62,52,,40,41,39,77,61,40,61,50,38,,48,38,34,26,45,15,36,41,46,40,12,34,15,55,58,51,22,28,2,55,52,20,14,10,5,18,22,24,,28,33,40,28,14,30,43,35,31,28,22,17,11,,19,9,36,8,18,30,41,24,8,32,35,20,49,15,100,27,106,67,30,46,50,53,106,72,73,104,58,,55,98,50,47,39,54,46,,27,15,43,79,66,18,42,49,117,102,32,32,32,7,16,6,29,18,12,29,18,4,9,12,79,76,63,68,92,122,86,74,27,35,68,59,128,15,14,10,13,15,20,104,25,8,3,21,14,6,9,14,42,16,11,28,10,25,3,29,38,30,31,27,55,33,69,45,,6,15,47,13,19,17,9,12,14,18,26,13,7,9,6,46,33,32,27,15,18,15,30,15,26,21,27,23,34,24,51,50,36,24,28,26,36,40,23,34,30,,21,26,39,,67,24,18,16,29,38,55,,30,62,8,17,38,17,5,11,37,,10,13,13,15,,17,,10,29,58,43,16,33,37,16,8,,24,17,9,30,17,17,,22,16,29,10,26,30,50,22,56,14,,10,,11,6,16,6,3,17,5,7,12,56,36,16,15,12,40,26,23,7,5,10,39,72,50,22,31,48,90,78,71,66,6,5,20,14,21,20,35,31,33,15,14,10,11,5,13,22,38,,31,22,10,29,16,27,5,6,41,47,31,32,12,14,15,23,16,8,34,38,55,80,85,39,,34,34,43,34,35,43,47,41,55,65,57,62,29,29,20,31,29,38,62,49,26,66,,8,45,65,35,21,20,9,46,24,55,16,18,17,16,6,16,57,42,38,54,34,19,27,37,38,23,24,33,15,15,22,33,12,65,29,,63,38,55,35,24,43,32,28,46,40,34,39,39,32,39,33,34,41,33,34,27,39,38,54,47,45,52,33,25,30,46,38,29,32,12,5,7,27,13,9,19,7,21,1,11,7,17,5,10,130,40,,20,22,40,16,37,49,18,28,46,29,10,7,16,39,26,44,54,19,25,59,69,18,31,77,40,44,17,4,72,35,24,31,32,73,8,16,35,6,16,44,143,59,74,21,101,32,64,,53,27,20,47,51,70,42,45,69,42,63,18,73,57,92,8,36,77,69,72,85,58,70,17,42,35,23,11,14,9,6,,2,6,11,7,9,4,3,15,4,11,10,10,13,26,25,29,8,12,12,2,9,14,11,13,6,14,7,9,25,14,10,8,6,21,7,44,8,11,21,27,24,30,29,,,25,25,,24,30,14,20,33,29,42,,19,22,13,28,17,18,15,12,30,35,17,16,25,,,14,11,28,29,15,36,71,36,23,36,26,55,61,29,60,41,51,47,41,15,23,24,17,20,21,13,,14,17,39,38,,21,15,27,19,18,27,,29,4,8,4,7,20,15,35,28,18,21,16,5,,19,17,14,9,2,4,8,5,,30,26,31,42,53,44,47,52,16,24,18,25,40,26,40,31,14,29,24,53,25,28,16,11,16,18,16,22,14,39,35,47,8,32,14,6,2,10,2,24,9,21,25,23,35,17,33,5,8,30,29,9,8,12,30,44,30,31,16,8,7,29,50,134,45,26,8,13,,11,28,,19,8,7,17,37,20,45,25,34,27,41,31,2,37,16,32,32,11,15,17,26,69,,30,16,41,22,16,18,18,34,,36,48,29,29,33,33,31,54,19,34,27,29,50,32,56,28,2,37,27,6,28,44,44,20,8,10,27,7,3,3,23,28,2,36,23,23,19,3,10,14,,6,8,10,13,17,19,3,23,31,37,42,15,21,19,17,15,18,3,11,30,9,11,7,9,4,5,3,23,32,39,49,54,49,42,28,31,44,66,57,61,43,49,56,47,43,75,38,26,,23,26,22,21,30,67,27,58,30,56,22,37,23,37,22,,61,31,28,13,24,26,7,35,29,19,42,34,28,68,26,16,18,6,3,16,33,48,39,24,15,16,20,28,20,43,21,45,30,4,10,10,17,16,13,25,21,35,36,15,35,17,3,12,11,10,12,25,20,6,41,30,32,20,,2,15,2,9,5,10,52,27,12,36,20,26,6,15,19,25,21,25,8,18,23,26,30,42,26,32,13,17,18,32,,2,24,13,15,16,98,46,36,12,32,13,32,17,15,22,28,12,57,39,22,2,18,14,20,7,35,38,,28,49,107,72,99,70,32,59,50,28,23,85,100,75,7,8,35,12,15,5,7,9,17,11,16,30,20,18,45,17,33,21,27,22,31,16,21,18,55,33,34,32,13,9,53,,8,8,5,2,17,9,30,37,22,22,16,2,13,27,13,10,24,10,21,45,42,15,8,18,30,8,8,,41,14,21,6,10,18,8,,12,10,4,18,17,13,41,75,58,12,26,18,19,8,54,17,21,31,10,4,6,32,28,20,12,13,13,19,27,13,17,11,11,41,18,51,25,,8,12,7,16,8,5,9,9,15,8,9,20,24,2,6,5,25,21,20,9,18,5,5,4,30,17,10,12,11,14,9,20,4,,19,15,34,17,,10,4,26,14,6,5,29,60,29,67
20160416,20,NO2_24h,22,11,16,31,29,30,36,30,13,30,20,18,,41,40,23,40,34,41,,50,49,45,36,34,41,,29,22,16,21,23,11,11,70,76,53,76,78,79,25,51,64,48,49,37,38,25,42,26,20,55,22,19,31,13,17,12,10,21,20,19,16,13,11,40,33,26,35,53,57,50,22,31,28,38,37,37,30,16,,6,13,15,16,7,13,25,11,21,10,7,11,26,14,9,26,33,34,,31,62,32,41,41,,30,28,32,14,29,21,21,20,,24,11,62,44,62,33,45,19,15,24,23,37,37,43,32,,84,90,52,31,81,34,41,36,49,41,38,37,36,32,28,28,18,27,36,38,45,36,48,50,31,37,32,40,36,39,40,40,40,40,33,40,31,48,44,28,29,20,40,46,45,25,38,40,47,32,30,,24,33,31,48,29,26,48,53,32,45,37,24,47,36,18,35,,35,32,28,40,26,43,36,21,52,29,20,45,25,28,27,23,42,66,35,37,46,37,12,54,19,47,55,,43,38,41,16,16,20,33,,10,26,23,,58,75,57,33,20,27,,33,,24,35,,39,22,19,20,,,39,33,25,36,29,34,40,36,41,33,41,20,23,37,58,44,37,14,36,21,59,59,65,49,68,19,33,37,31,24,20,10,26,39,12,29,24,30,27,31,31,10,,39,11,20,21,5,40,20,13,16,22,25,46,52,37,31,26,31,38,33,25,20,19,37,31,35,26,14,26,28,19,16,22,11,19,17,35,33,22,22,13,48,40,,34,40,27,51,48,26,47,31,21,,25,25,27,15,37,8,19,30,28,24,16,24,7,45,48,46,26,26,4,37,38,10,5,4,4,16,14,16,,27,20,30,25,23,19,23,25,13,15,22,17,17,,30,15,46,16,25,42,40,35,6,14,21,15,29,12,42,19,36,20,22,32,21,19,50,21,31,36,26,,25,49,32,38,44,40,42,,28,18,14,38,14,19,17,26,28,48,19,32,18,11,16,6,31,21,18,37,25,12,48,22,37,31,42,29,33,39,39,23,24,21,24,21,46,26,24,13,22,31,25,30,28,13,6,26,28,29,27,29,43,41,41,44,48,43,13,21,27,26,20,24,27,32,38,23,,9,15,31,14,12,8,10,9,10,14,15,12,8,6,9,33,32,23,21,14,13,21,18,30,32,20,16,39,36,38,45,45,47,21,38,36,39,42,28,42,42,,19,22,26,,25,37,28,25,33,52,52,,41,45,15,28,60,28,11,20,30,,12,18,17,17,,19,,16,28,33,33,24,26,37,23,14,,26,16,21,36,19,25,,18,20,26,16,28,21,28,20,25,16,,9,6,10,7,17,5,4,10,4,5,20,31,34,9,13,12,23,16,15,6,4,6,30,52,43,14,19,22,29,28,28,26,3,4,16,17,28,36,21,20,24,12,16,9,35,9,11,18,33,,27,20,6,25,12,26,5,3,34,30,20,26,15,17,8,13,10,13,19,19,32,43,25,20,,28,36,22,30,16,31,26,30,54,22,19,14,40,50,42,46,48,35,26,35,21,33,,10,18,27,23,15,8,17,66,27,51,24,21,18,19,7,16,31,34,21,17,31,19,24,25,36,26,30,26,16,12,33,20,6,32,16,1,31,20,16,18,21,30,24,30,46,18,17,33,24,39,32,30,18,27,26,25,21,22,22,27,17,28,37,29,23,28,30,23,16,31,15,8,7,14,13,9,8,4,17,2,14,12,19,5,7,42,25,39,11,10,14,15,15,19,18,13,23,11,8,5,29,28,31,31,16,16,19,22,18,12,42,25,36,32,9,5,19,20,16,18,16,24,28,22,39,19,13,24,27,37,23,18,32,33,17,,25,17,10,18,27,33,34,16,31,17,20,7,30,38,42,11,19,31,35,26,32,28,35,16,33,30,24,8,14,8,16,,7,18,31,19,13,5,3,12,12,27,16,15,22,32,32,39,16,14,14,11,24,24,14,13,19,28,17,21,30,13,17,8,7,22,14,17,10,12,36,46,45,32,29,,30,35,37,39,32,35,20,23,38,33,44,31,30,29,19,43,31,25,22,23,45,39,29,43,53,,,24,19,17,16,9,15,17,18,15,20,17,32,35,31,14,17,17,13,16,12,17,19,13,16,19,10,,11,16,21,9,,7,4,16,11,16,18,,14,10,11,10,14,27,19,11,10,20,22,21,11,,19,19,26,9,4,8,8,4,,38,28,44,33,14,21,28,23,27,39,19,34,20,18,22,24,34,40,42,27,31,22,29,36,40,28,17,24,15,37,32,27,12,26,18,8,2,11,2,30,12,33,31,20,24,13,17,6,13,37,29,16,9,31,44,21,21,12,27,18,10,16,65,68,49,32,30,22,,29,33,,32,10,22,27,26,36,41,52,35,46,36,49,4,42,24,35,27,11,33,42,38,50,,23,16,57,30,17,24,22,27,,17,61,37,39,30,36,32,40,23,33,19,26,32,35,35,21,2,19,16,13,27,39,26,14,24,41,36,5,8,4,19,20,3,16,9,19,11,11,15,25,,16,7,18,19,21,16,5,10,9,8,15,13,15,16,16,18,14,3,17,20,10,10,7,13,10,17,18,36,32,28,31,43,20,36,18,22,26,26,26,22,22,28,33,22,19,50,21,23,,20,19,22,21,22,54,20,22,13,32,32,31,20,17,27,,16,12,15,16,17,17,12,28,25,23,19,19,19,43,16,11,15,8,3,6,13,12,12,15,5,16,19,18,19,31,18,26,25,4,10,10,14,11,9,25,23,19,29,11,11,11,3,12,15,22,21,32,32,5,14,11,10,3,,14,13,7,17,5,7,19,16,17,31,16,31,8,14,18,20,19,15,10,20,23,12,15,20,11,19,9,12,14,27,,6,15,12,16,17,35,22,31,16,19,13,27,18,17,18,12,16,23,20,17,8,20,16,14,6,24,16,,17,19,21,22,33,17,17,39,22,12,7,28,31,23,8,8,15,9,13,8,8,16,28,24,11,15,10,12,24,17,18,29,25,26,19,12,13,11,16,14,17,14,14,11,18,,29,19,13,3,12,6,10,16,25,28,18,4,25,32,13,14,19,19,21,40,28,15,16,39,32,9,7,,27,22,15,15,15,19,10,,28,6,6,23,14,11,22,30,24,19,28,18,19,9,18,9,9,11,21,11,5,31,22,19,11,12,13,28,28,14,37,6,5,9,22,60,26,,8,10,12,26,9,5,24,13,14,17,34,31,55,7,17,14,19,31,32,13,17,3,3,3,43,37,10,28,31,36,19,41,41,,26,33,28,20,,12,3,14,25,17,23,28,37,16,60
20160416,20,O3,77,85,76,71,76,63,73,69,66,68,82,80,,68,69,23,55,73,74,,27,14,6,5,15,76,,82,49,87,84,65,46,108,4,6,9,8,4,6,28,7,10,18,32,78,65,80,74,91,92,98,75,82,56,94,89,89,91,68,91,94,106,96,106,57,74,75,87,43,69,57,60,49,50,57,34,31,41,44,,67,54,53,47,56,93,80,85,81,101,66,77,78,76,76,48,54,53,,47,33,64,55,34,,90,137,123,122,85,126,154,146,,143,121,28,53,36,42,51,66,81,41,83,83,101,123,33,,34,18,63,41,37,34,39,39,74,55,58,68,92,62,45,40,56,85,79,103,89,87,87,83,102,102,85,89,100,88,101,97,95,89,97,92,94,22,112,48,45,109,93,66,75,82,79,48,75,75,33,,75,89,107,97,94,122,88,115,127,59,94,78,107,86,91,86,,73,92,92,73,49,92,97,56,31,41,50,38,77,75,78,89,42,39,57,37,93,63,123,86,92,75,71,,91,87,70,65,60,63,67,,72,65,56,,3,4,3,59,67,51,,69,,86,87,,18,43,52,59,,,64,74,65,99,111,84,,2,45,39,37,36,62,49,50,49,67,57,59,51,23,22,33,23,6,17,36,40,67,89,110,107,78,65,79,83,88,33,34,58,47,59,,45,24,94,114,94,91,22,126,100,85,110,81,46,85,49,79,54,55,56,46,71,71,65,58,43,90,51,60,46,117,69,135,100,108,90,63,103,92,91,88,4,3,,6,1,8,4,9,19,1,12,18,,19,15,,20,60,31,40,18,10,41,50,35,48,10,11,9,29,18,58,8,16,24,33,35,32,33,23,19,,22,17,18,22,34,21,13,26,11,23,45,50,54,,86,103,53,86,93,100,92,83,76,62,32,31,27,111,74,97,43,85,132,104,92,83,53,82,88,58,93,,86,50,73,80,98,77,100,,102,116,94,91,98,99,103,100,40,87,137,107,93,122,115,111,114,89,126,127,129,148,141,134,59,38,54,59,42,14,55,44,64,76,18,34,19,88,78,113,91,87,70,224,67,106,137,95,81,117,88,76,76,36,38,72,53,92,39,91,70,93,96,103,72,97,79,71,,163,53,57,52,83,74,90,74,86,96,77,85,67,90,99,60,61,62,65,113,130,111,99,82,92,94,61,64,31,89,21,13,29,26,58,57,68,48,56,73,74,,76,69,37,,16,54,36,46,43,76,33,,55,39,63,75,70,63,94,105,83,,99,110,106,91,,110,,111,49,17,34,92,56,67,90,118,,92,147,128,82,89,88,,82,59,36,86,86,8,10,36,10,31,,51,35,46,65,68,20,54,57,50,53,21,2,8,36,37,42,32,34,36,49,36,47,59,49,43,55,37,23,,,2,33,57,14,62,122,52,81,51,56,52,79,77,81,78,89,65,91,102,,102,74,76,77,71,57,81,67,71,66,76,85,100,101,88,75,55,64,64,57,56,42,19,81,,79,88,64,67,81,69,48,55,42,42,29,32,73,78,85,75,88,86,47,63,82,36,,132,33,25,49,90,73,79,76,53,37,104,76,85,90,95,95,11,42,63,33,71,38,70,67,61,41,28,39,40,39,72,59,83,56,95,90,56,84,95,81,79,66,69,38,65,67,51,54,44,60,73,39,51,68,84,39,89,90,53,74,74,80,66,79,85,108,82,85,77,88,102,143,107,103,120,88,70,73,90,25,36,81,73,90,57,27,81,11,42,113,86,80,119,87,110,114,94,87,66,76,94,83,95,62,33,51,53,57,42,64,55,33,88,82,102,114,31,73,37,18,65,29,81,128,87,64,91,45,76,33,17,66,13,89,60,,55,105,99,86,42,52,86,80,79,101,83,75,47,48,39,106,41,26,22,33,11,45,36,80,93,90,89,101,109,71,98,,101,113,95,98,116,120,63,141,67,88,90,125,96,100,50,46,82,70,127,100,120,121,130,142,144,131,150,110,134,144,111,76,51,86,118,119,101,116,84,94,91,61,75,,,,96,,91,81,54,9,71,70,87,89,145,76,52,84,72,,99,64,95,40,77,67,87,,,122,76,93,70,82,71,32,58,61,62,56,19,5,69,83,94,59,99,102,103,77,76,88,70,70,82,,83,88,52,49,,50,38,88,125,110,43,,23,108,93,88,72,57,97,64,78,89,85,74,93,,52,79,86,109,95,41,119,108,,61,33,34,31,73,88,53,39,143,72,65,100,31,40,26,28,60,49,58,88,106,82,106,115,84,43,46,69,72,74,69,47,54,35,50,44,81,82,73,87,46,43,59,42,42,59,47,58,78,70,22,65,34,68,75,54,74,,52,52,81,55,55,124,119,77,82,81,,67,61,,76,68,69,85,81,98,36,46,48,100,78,33,,10,19,78,63,98,115,50,104,27,,22,82,94,39,106,79,97,86,,21,129,58,51,58,56,45,3,11,18,41,11,35,58,19,36,,46,67,82,1,1,2,18,64,120,63,86,72,101,94,82,60,83,69,119,54,152,57,98,,98,109,104,104,106,103,77,55,54,49,53,78,75,94,66,76,37,,101,79,93,91,96,96,95,86,105,81,80,46,38,42,35,70,68,58,48,47,33,45,73,60,47,61,75,62,67,96,,91,84,105,58,58,47,58,53,87,74,73,84,109,24,82,,16,61,88,86,90,81,108,90,103,85,77,87,64,67,87,88,88,117,81,83,52,58,63,96,88,67,48,98,98,90,113,92,73,102,94,99,92,92,123,102,108,89,92,97,72,97,87,78,106,110,83,4,100,85,41,67,47,58,,110,93,101,97,41,50,45,187,22,88,121,68,34,18,75,69,87,83,90,98,114,81,80,70,55,76,68,53,65,87,,151,122,134,133,103,10,40,75,26,105,54,105,110,110,106,94,100,64,82,91,122,98,107,95,127,86,85,,85,30,15,37,11,37,17,28,36,65,98,16,6,9,105,108,93,113,116,78,124,130,22,39,111,111,110,116,115,105,43,56,169,7,115,108,103,90,17,24,60,93,139,135,64,,106,143,134,112,116,81,43,,65,190,52,56,97,106,128,147,124,152,140,64,137,103,84,116,158,56,21,78,43,118,118,78,95,86,98,,80,20,60,95,80,51,65,31,33,94,89,53,100,87,41,68,116,84,117,73,54,80,83,95,93,70,105,99,80,105,121,68,78,66,95,67,69,,109,105,129,102,115,102,121,124,17,89,95,75,74,13,106,69,43,36,89,148,159,54,53,79,41,46,131,119,111,180,111,111,66,,94,76,94,125,,96,94,87,131,136,83,57,20,78,2
20160416,20,O3_24h,86,96,88,84,83,78,87,74,84,70,90,99,,75,93,31,85,89,99,,75,70,147,83,55,91,,110,57,112,112,90,62,161,132,121,132,144,110,128,188,129,162,194,179,111,89,115,118,111,107,123,89,106,73,99,97,93,100,82,123,133,146,134,150,69,84,87,105,76,90,76,180,174,165,103,81,95,68,70,,75,80,65,63,66,115,104,89,100,142,83,83,89,83,86,99,139,137,,156,78,134,128,123,,149,150,138,133,141,152,158,148,,143,127,134,115,108,137,113,131,151,135,128,151,101,123,122,,43,31,84,60,53,69,43,77,101,107,93,176,95,107,116,124,109,124,99,155,122,160,132,110,133,125,85,89,100,88,101,97,98,97,97,92,94,26,112,148,145,128,144,149,141,146,86,92,139,121,59,,88,99,107,118,94,129,88,115,130,67,120,116,123,95,99,101,,86,100,98,80,50,99,99,147,83,106,120,97,131,122,126,138,96,61,104,46,101,91,123,99,98,90,80,,91,95,89,112,108,123,118,,129,110,102,,44,45,49,102,93,70,,91,,86,87,,86,80,93,100,,,64,76,65,99,115,88,100,105,85,107,80,76,107,100,100,79,214,108,112,67,32,46,67,39,31,79,61,102,84,122,120,122,88,79,108,96,109,134,145,157,137,165,,138,153,137,141,118,111,133,150,100,120,148,163,89,157,122,119,80,114,110,155,84,110,96,88,92,130,91,103,126,141,85,151,127,136,114,114,132,109,120,114,69,62,,36,38,68,51,53,65,40,68,87,,99,85,93,76,91,76,119,108,77,87,71,57,81,72,77,80,74,56,97,91,109,146,61,66,65,68,63,52,,53,56,56,59,60,82,65,72,74,92,114,113,114,,210,243,144,162,215,260,248,220,99,142,89,85,94,133,131,156,110,179,134,134,122,107,112,143,123,145,145,,137,154,124,129,117,118,150,,131,116,157,174,158,155,170,164,157,169,187,128,138,137,140,140,133,109,126,129,129,148,141,147,123,120,127,112,112,110,135,131,87,103,159,125,132,104,86,152,107,97,73,224,100,116,144,115,93,128,100,87,100,37,51,94,62,107,41,122,101,114,129,133,123,131,128,117,,183,121,116,72,97,91,96,81,95,106,102,100,73,113,111,144,136,142,129,133,172,137,136,131,151,155,135,119,74,143,54,52,49,39,146,142,147,54,66,94,79,,135,139,106,,158,63,40,57,76,162,137,,76,67,86,131,123,107,149,111,117,,112,117,115,109,,129,,128,149,118,149,167,137,175,104,132,,95,200,141,119,127,125,,107,90,36,121,104,101,125,89,144,95,,78,57,64,94,95,46,68,209,67,79,59,54,48,87,78,78,63,53,62,68,52,70,134,126,133,152,131,149,77,92,108,108,87,20,109,137,74,97,131,143,156,101,90,94,89,98,80,113,132,,129,97,116,100,86,76,108,88,95,104,98,115,119,112,111,102,63,87,164,113,154,130,167,171,,152,145,164,120,161,142,177,133,101,129,173,189,151,128,169,178,168,148,139,139,148,145,,170,89,68,81,111,114,83,93,70,55,120,79,88,95,104,106,20,79,107,57,115,62,111,124,99,52,38,56,45,46,76,84,112,111,125,145,103,131,149,140,119,114,102,52,116,141,123,110,117,97,133,78,114,135,142,79,131,138,78,122,138,123,98,114,109,124,137,133,122,111,125,165,137,152,150,122,95,104,116,107,51,103,100,101,94,159,155,130,214,129,262,100,226,171,163,158,182,174,82,93,178,177,172,150,59,72,71,119,108,104,78,109,138,155,159,129,158,115,52,55,106,91,101,176,140,90,101,96,156,64,91,87,131,151,138,,137,185,172,149,123,107,121,122,156,141,142,130,127,121,128,126,125,118,113,146,129,128,133,105,129,126,115,118,122,91,102,,117,122,112,113,139,122,68,156,70,93,93,127,112,125,170,155,109,89,154,100,122,122,134,147,147,135,170,116,134,149,153,120,84,103,124,126,101,122,84,94,91,93,99,,103,,100,75,91,92,65,11,120,105,114,92,152,86,54,85,78,,114,75,108,61,88,67,87,,,122,76,120,117,107,122,116,117,106,129,124,63,67,99,118,144,125,125,145,135,112,112,116,99,106,102,,104,105,74,67,,72,52,107,156,136,86,,41,123,110,95,95,81,136,105,110,112,110,95,99,,61,81,86,115,98,43,127,118,,132,91,77,63,183,160,122,134,217,117,123,176,128,126,84,48,134,108,121,135,148,120,118,139,100,89,98,76,80,95,89,91,70,40,79,70,83,88,76,94,58,50,74,84,81,88,86,58,82,70,39,78,50,74,166,78,91,,59,52,95,81,105,136,119,148,108,168,,121,117,,132,127,129,148,160,115,48,97,61,128,104,40,52,54,33,90,86,99,129,68,123,43,,35,126,137,64,106,99,123,94,,90,265,72,58,73,70,59,41,54,55,73,141,97,96,83,94,,98,113,97,35,45,44,54,64,121,84,121,83,113,111,104,106,141,121,145,89,161,72,117,,107,124,109,114,119,120,107,104,95,101,106,99,104,116,87,119,65,,124,116,101,95,103,98,97,117,125,85,89,69,70,74,97,116,116,98,98,136,99,146,156,123,116,127,135,126,127,124,,110,111,132,140,141,144,150,124,157,156,84,95,129,34,88,,83,89,128,114,135,122,147,95,115,116,124,126,90,111,123,113,97,120,100,99,112,112,96,119,120,107,88,110,105,96,122,108,73,115,115,116,110,114,164,116,124,199,118,115,111,116,87,79,115,125,89,111,116,115,117,119,105,102,,113,127,114,109,118,102,134,228,23,148,203,88,47,43,112,119,107,153,165,175,194,140,120,117,137,147,100,60,117,118,,166,147,194,181,124,125,141,156,62,132,64,138,117,120,125,129,112,112,117,105,122,131,136,136,151,126,136,,126,167,95,113,130,91,40,188,91,99,120,93,75,97,114,147,140,136,140,82,134,137,25,70,160,149,131,136,138,117,51,156,174,17,150,135,137,117,35,120,99,130,153,154,136,,106,158,140,142,150,94,72,,94,198,63,80,105,127,168,194,179,172,159,125,241,105,91,153,190,68,35,94,57,137,145,90,117,99,107,,82,20,62,110,99,91,122,120,119,124,123,70,130,87,118,121,138,124,128,80,110,108,107,117,111,78,115,116,111,105,128,71,91,94,112,114,102,,119,117,137,102,133,114,133,126,43,99,110,89,87,87,106,69,60,43,106,160,180,56,55,142,46,51,135,122,121,185,129,131,75,,107,76,105,132,,116,104,107,150,145,88,88,54,116,20
20160416,20,O3_8h,82,86,84,77,80,73,81,70,65,68,87,84,,64,70,23,63,67,81,,53,46,48,56,34,77,,99,51,99,100,82,56,90,28,36,40,39,29,31,75,58,63,71,61,85,74,85,79,103,101,114,83,98,68,96,94,91,94,79,88,91,102,91,99,65,80,82,100,62,77,65,89,90,78,85,65,74,58,59,,68,69,62,56,63,105,88,88,95,108,77,81,82,80,82,69,91,87,,99,50,92,84,80,,110,92,80,89,68,103,102,107,,105,102,53,56,37,74,61,86,115,76,86,100,54,40,71,,19,13,46,27,24,32,36,30,73,58,66,74,74,65,69,65,68,69,60,79,74,69,72,66,82,88,60,55,64,60,68,65,63,59,54,56,59,14,55,68,66,86,77,59,64,70,66,43,61,65,18,,54,65,69,67,57,76,56,71,79,36,58,52,65,51,57,51,,55,62,27,53,31,61,64,73,41,50,59,47,68,65,69,82,41,34,55,36,73,51,74,66,74,49,55,,57,64,60,79,78,82,70,,98,75,65,,19,28,23,74,70,60,,58,,62,62,,66,67,77,72,,,51,58,47,80,106,77,16,27,37,68,52,55,77,69,68,60,102,79,67,48,21,22,36,24,4,57,51,67,73,103,103,108,74,71,92,87,95,50,59,64,52,62,,51,62,101,98,80,74,27,111,85,67,98,104,67,103,88,98,50,79,73,112,70,99,79,78,65,113,71,82,104,128,79,141,117,123,104,102,118,102,111,105,29,25,,21,17,43,28,25,42,16,44,36,,38,36,6,38,76,42,59,30,39,52,55,43,68,45,46,45,56,39,75,58,71,47,51,55,54,54,48,40,,43,45,44,48,52,53,42,49,32,36,79,82,82,,157,191,102,127,160,184,185,162,84,113,64,56,67,109,108,121,84,136,117,114,108,95,83,121,92,114,113,,112,128,106,113,107,104,128,,115,94,132,141,135,130,142,137,128,138,156,119,120,132,131,128,127,101,114,118,116,127,109,114,102,101,104,98,92,80,115,109,78,91,126,99,104,95,83,143,100,91,67,104,68,104,124,103,85,120,94,80,81,26,44,81,53,86,39,110,88,104,114,120,104,116,111,100,,170,100,98,65,92,84,94,78,92,104,93,93,69,104,104,85,78,85,80,124,150,122,114,94,101,115,85,70,40,100,33,30,29,27,56,56,77,32,42,59,55,,87,79,53,,70,50,34,46,40,77,46,,62,58,46,64,50,46,75,82,71,,79,82,85,96,,113,,115,65,43,57,86,63,71,66,79,,67,117,91,103,114,110,,78,63,26,91,76,51,69,70,75,61,,69,50,57,83,85,38,55,96,58,66,36,32,31,48,48,52,42,40,42,61,44,59,76,65,72,109,92,92,51,60,60,82,73,18,91,132,64,92,82,76,78,96,86,90,79,95,76,102,120,,118,87,96,92,77,65,95,78,87,94,91,105,112,107,91,82,56,50,72,58,63,59,77,89,,112,100,105,76,117,105,100,94,74,86,99,110,81,84,91,80,94,103,86,98,108,83,,139,74,43,71,104,103,75,75,56,40,108,75,83,88,96,102,16,49,67,35,50,29,50,52,54,47,27,50,40,36,68,76,75,93,115,126,89,115,133,100,102,87,89,42,80,99,89,58,72,74,105,57,85,92,95,50,115,119,58,104,117,109,85,102,98,114,119,119,105,104,114,158,126,135,138,108,87,93,103,28,42,91,88,96,82,127,129,106,132,115,117,93,178,147,136,145,150,149,64,71,132,127,131,106,50,63,63,96,82,91,65,84,115,126,137,120,123,96,29,16,92,73,94,158,127,82,94,83,137,56,75,82,95,122,109,,110,157,142,129,98,92,110,112,138,127,125,116,110,108,112,115,101,94,91,118,94,110,109,94,114,111,104,108,115,82,96,,110,116,106,106,109,117,63,143,66,89,88,121,99,107,48,47,74,65,102,87,95,104,118,131,134,124,126,94,118,135,110,78,63,88,91,98,86,106,57,65,60,54,64,,60,,62,57,72,68,38,6,38,40,62,50,98,54,30,60,45,,66,54,90,47,71,52,72,,,94,60,107,94,93,98,89,79,81,85,83,47,47,83,109,112,77,118,125,104,102,100,106,90,95,95,,96,98,65,61,,63,47,99,140,119,76,,37,115,101,92,78,66,106,94,101,104,102,85,95,,55,71,78,108,89,42,123,113,,78,48,42,47,95,88,66,66,173,88,83,129,59,58,41,33,78,68,70,94,99,101,103,123,83,60,66,72,75,82,79,74,43,37,48,34,80,76,72,90,51,42,60,59,59,68,78,42,64,47,25,65,35,52,78,72,88,,40,40,92,68,42,126,104,64,69,67,,55,55,,60,65,56,76,72,84,37,53,50,101,79,30,13,15,24,85,69,90,111,42,93,26,,24,67,111,32,78,87,105,81,,37,109,53,46,52,50,43,16,30,39,52,41,60,59,52,62,,66,83,70,13,19,21,40,42,64,45,98,72,100,98,87,86,123,104,130,78,155,63,101,,104,96,93,91,100,98,96,89,82,83,90,86,88,105,78,106,55,,112,101,93,89,95,91,82,96,101,78,75,59,61,65,79,88,93,74,71,88,70,95,106,81,78,93,99,85,88,116,,105,104,122,66,72,72,74,88,96,99,76,82,110,31,80,,66,81,117,103,121,107,132,85,98,95,112,111,81,96,110,102,85,109,85,91,91,96,86,109,105,98,76,103,93,89,108,98,60,106,106,110,101,104,127,108,115,106,111,110,98,106,83,75,111,116,85,85,109,102,94,102,90,92,,107,114,105,102,98,89,118,215,22,128,172,78,40,32,98,99,98,128,135,143,161,117,108,104,115,132,85,56,96,99,,156,137,166,157,112,91,105,125,52,119,54,123,110,114,117,114,99,90,101,94,103,116,121,118,138,112,121,,112,119,69,93,85,76,23,60,47,84,110,74,59,75,110,121,124,127,131,79,128,129,24,37,139,134,120,125,126,102,47,97,162,11,137,124,124,104,30,93,90,121,149,148,110,,77,147,133,128,134,84,61,,82,186,52,73,101,117,148,169,156,160,145,103,194,98,76,130,167,61,29,86,45,130,138,84,106,91,99,,80,16,57,100,88,77,97,90,85,117,114,66,122,77,96,100,131,116,117,77,96,98,95,107,99,71,106,110,103,94,117,60,86,88,107,101,88,,112,108,132,95,125,109,102,124,26,80,104,81,79,52,102,62,55,40,101,152,169,55,54,120,43,48,121,111,113,179,114,120,70,,102,67,98,122,,107,98,100,139,137,85,74,35,100,14
20160416,20,O3_8h_24h,105,86,106,113,109,91,83,70,65,68,95,108,,97,111,36,113,114,114,,102,88,155,87,68,154,,118,82,132,115,103,70,159,132,121,113,117,116,128,166,132,159,164,172,172,129,162,168,141,124,130,115,125,86,102,101,93,102,80,155,143,174,150,164,73,92,110,108,120,186,168,188,193,180,166,126,131,117,70,,70,79,72,59,76,105,98,88,96,114,80,81,82,80,83,88,136,132,,154,65,137,123,123,,154,139,123,131,140,151,148,141,,130,108,118,107,95,121,101,112,129,116,108,112,62,91,112,,45,32,63,57,51,63,45,73,107,115,102,133,111,117,138,138,124,147,124,182,149,190,156,136,156,143,116,95,118,107,120,120,126,120,126,125,108,32,115,161,156,133,153,180,168,175,66,111,169,143,88,,110,119,122,147,114,165,102,146,155,88,133,128,146,110,121,111,,100,110,60,83,73,77,102,170,100,125,138,115,138,131,132,138,107,67,128,36,110,92,99,115,110,107,95,,114,116,83,102,103,118,108,,124,105,95,,34,37,48,100,104,68,,138,,108,110,,113,106,101,102,,,59,72,75,80,113,82,100,111,83,110,97,94,148,116,106,104,114,143,125,52,28,52,67,48,36,74,55,67,73,103,103,108,74,71,92,87,95,146,159,168,146,166,,154,169,131,137,114,106,126,146,94,118,138,196,117,195,159,166,117,135,134,189,72,100,85,78,80,113,76,89,109,128,79,141,117,123,104,105,118,102,111,105,32,28,,23,19,48,29,27,42,18,46,82,,79,77,75,76,80,74,111,98,68,81,56,50,74,47,48,47,58,42,75,61,73,53,54,60,57,55,51,43,,45,48,47,50,53,88,65,74,81,103,80,82,82,,162,197,106,128,162,189,192,167,96,121,68,76,78,109,108,121,86,136,117,114,108,95,83,122,92,118,113,,112,136,106,113,107,104,128,,115,94,133,142,136,130,148,138,136,140,156,121,126,132,135,132,129,103,137,154,140,160,138,153,104,105,107,99,94,86,117,115,78,91,135,105,112,95,83,148,100,91,83,104,76,115,124,103,85,120,94,80,83,26,44,81,53,96,39,110,88,104,114,120,104,116,111,100,,173,102,100,66,98,90,105,83,98,116,94,93,70,105,104,154,139,149,135,127,160,128,127,157,189,193,136,122,75,140,43,39,44,43,161,159,162,104,114,145,134,,177,194,131,,194,103,60,98,60,185,143,,100,58,120,176,144,144,176,128,124,,106,140,114,144,,167,,153,169,137,169,182,160,185,93,126,,93,150,141,167,169,166,,78,63,26,91,76,69,98,91,82,90,,73,53,59,86,87,42,64,104,62,71,52,48,47,87,72,90,53,47,51,64,46,62,76,65,72,113,95,100,63,73,74,93,76,18,91,134,66,93,132,148,160,98,86,91,86,96,77,125,161,,142,106,97,92,77,65,95,78,88,97,92,106,113,123,117,111,72,89,139,102,129,114,151,156,,138,127,153,106,155,137,161,136,101,121,166,176,139,127,171,150,153,138,131,132,136,131,,156,80,66,73,104,106,75,75,56,42,108,88,95,102,96,105,60,85,92,69,145,79,141,158,121,56,40,54,42,53,68,77,87,96,115,128,91,116,134,100,161,165,145,74,162,153,142,126,131,135,209,101,182,144,151,80,148,120,92,107,120,112,86,102,98,114,121,120,106,104,114,158,127,136,138,108,87,93,103,107,44,92,91,96,86,139,133,120,202,123,182,103,182,151,136,146,155,155,77,88,132,127,131,106,52,64,63,100,89,92,66,105,120,133,138,120,132,96,31,46,94,78,94,158,127,82,94,86,143,58,80,83,108,124,114,,116,157,145,133,101,95,110,117,150,128,129,121,118,113,120,115,107,100,98,124,102,114,112,94,114,111,106,110,116,85,96,,110,119,106,111,134,117,65,143,66,89,88,121,130,174,185,193,84,80,148,87,114,112,132,139,148,129,177,133,142,160,161,120,80,99,119,122,93,112,99,114,120,112,114,,110,,86,74,74,102,77,13,133,114,124,135,206,115,77,125,108,,131,60,101,58,75,52,80,,,100,69,107,120,126,134,133,146,147,158,157,52,54,84,111,176,80,119,126,171,104,102,108,92,97,103,,103,111,65,61,,63,47,107,140,119,80,,39,117,110,97,90,87,125,100,104,112,110,94,95,,78,93,98,124,114,42,124,116,,116,79,68,63,174,153,117,122,208,103,120,166,121,105,80,51,116,94,105,122,132,111,103,123,83,71,83,85,100,82,80,80,71,38,82,84,86,89,72,90,68,50,69,98,72,76,83,42,64,83,70,86,52,92,131,75,90,,66,52,94,76,213,126,104,169,147,182,,131,123,,144,130,119,181,182,84,56,72,50,101,93,30,29,26,24,85,69,90,139,86,143,73,,62,128,169,74,78,87,144,89,,106,169,53,46,72,63,58,48,63,47,76,45,60,59,58,65,,79,83,70,30,39,42,47,56,64,45,98,74,100,98,104,90,124,104,130,79,155,63,101,,104,96,93,91,100,98,96,89,82,83,90,87,89,106,78,108,56,,112,102,93,89,95,91,82,105,107,78,78,127,115,119,145,148,169,135,111,149,112,156,195,151,150,145,161,144,155,126,,117,118,140,155,156,161,166,137,159,166,76,84,110,33,80,,72,86,121,103,123,107,132,106,99,95,113,111,81,98,111,104,89,112,86,99,94,99,96,119,118,101,79,103,93,89,108,98,60,107,108,111,103,105,128,108,115,106,113,110,100,106,83,75,115,116,85,92,109,104,100,104,94,96,,107,116,105,102,106,93,127,215,22,128,172,82,44,34,103,108,102,130,138,144,161,119,109,106,123,138,85,56,97,99,,156,137,166,157,112,106,114,130,54,119,54,123,110,114,117,115,99,92,101,94,103,116,121,118,138,112,122,,112,129,74,99,113,82,28,184,47,84,110,82,65,82,110,121,125,127,131,79,128,129,25,67,142,134,126,129,126,109,47,100,162,13,138,124,124,104,31,101,94,124,149,148,116,,77,147,133,128,135,92,64,,82,186,52,73,101,119,151,172,160,161,145,105,200,98,86,130,167,80,40,92,59,141,151,95,120,112,122,,83,18,58,124,109,77,97,94,87,119,117,67,124,77,104,100,132,120,117,77,100,98,95,107,99,72,109,111,107,100,117,60,87,91,109,105,88,,112,108,132,95,134,109,137,124,42,80,110,81,79,55,102,64,56,41,102,152,169,56,55,130,43,48,121,111,128,190,124,140,76,,102,67,98,122,94,107,102,103,139,137,85,78,37,138,16
20160416,20,CO,0.3,0.2,0.7,0.3,0.2,0.3,0.3,0.2,0.2,0.4,0.2,0.3,,0.066,0.319,0.573,0.435,0.349,0.525,,1.214,1.335,1.802,0.913,0.755,0.415,,0.315,0.33,0.203,0.317,1.157,0.24,0.185,1.48,1.721,1.917,1.974,1.695,2.578,1.056,0.77,0.966,0.953,1.122,0.575,0.44,0.704,0.551,0.292,0.404,0.29,0.225,0.096,,0.087,0.299,0.267,0.478,0.723,0.278,0.427,0.203,0.322,0.319,0.075,,0.31,0.441,1.042,0.609,0.501,0.411,0.377,0.605,0.532,0.589,0.607,0.821,0.381,,0.234,0.324,0.939,0.357,0.589,0.562,1.123,0.604,0.336,0.928,0.855,0.23,0.382,0.491,1.31,1.025,0.83,1.34,,1.437,0.985,1.134,1.029,1.083,,0.943,0.535,1.16,0.788,0.859,0.92,0.566,0.733,,0.931,0.342,1.047,0.578,0.994,0.734,0.752,0.543,0.871,0.798,0.532,0.662,0.625,1.936,1.113,,1.003,1.037,0.818,1.865,1.413,0.897,0.678,0.918,0.817,0.789,0.944,0.75,0.975,0.68,0.758,1.036,1.007,1.344,0.862,0.606,0.524,1.24,1.07,0.411,0.431,0.862,0.8,0.942,0.825,0.971,0.779,0.801,1.014,1.133,0.802,0.931,0.792,0.892,0.568,1.74,1.898,0.856,0.766,0.599,0.978,0.865,0.681,1.273,0.764,0.929,1.69,,1.059,1.153,1.226,1.491,1.545,0.936,2.057,1.028,0.664,2.536,0.792,0.787,0.946,0.634,0.79,0.73,,0.7,0.666,0.924,1.112,1.249,1.027,0.782,2.062,2.456,1.39,2.624,1.816,1.105,1.187,1.352,1.284,1.962,1.609,2.118,1.989,0.733,0.895,0.536,0.61,0.678,0.806,0.863,,0.676,0.84,1.282,0.866,0.761,0.868,0.821,,0.804,0.84,0.987,,1.875,2.124,1.621,0.863,0.583,0.343,,0.849,,1.501,0.812,,1.182,0.887,1.362,0.718,,,0.746,0.842,1.382,0.757,0.745,1.014,1.749,1.513,0.722,0.98,0.947,0.878,0.84,1.176,1.22,1.723,1.042,1.233,1.84,0.511,1.484,1.512,1.863,1.512,2.273,0.486,1.117,0.6,0.507,0.408,0.665,0.17,0.592,0.626,0.771,0.704,0.482,0.687,0.982,0.424,0.731,0.641,,0.529,0.687,0.572,0.742,0.713,0.56,0.383,0.407,0.259,0.921,0.459,1.427,1.242,1.592,0.902,0.867,1.227,1.049,0.863,0.979,0.674,0.573,0.908,0.643,0.933,0.941,0.84,0.827,0.911,0.715,0.302,0.705,0.567,0.706,0.58,0.359,0.43,0.318,0.723,0.688,1.11,1.577,,0.792,0.774,1.235,1.378,0.946,0.833,1.004,0.955,0.425,,0.708,0.998,0.556,0.67,0.64,0.686,0.576,0.885,0.814,0.682,0.763,0.596,0.894,0.601,1.063,1.167,0.693,0.953,0.339,1.005,0.987,0.816,0.624,0.778,0.594,0.646,0.801,0.776,,0.71,0.609,0.906,0.564,0.595,0.843,0.846,0.707,0.967,0.316,0.877,0.809,0.521,,0.992,0.911,1.149,1.017,0.921,1.026,0.768,0.852,0.339,0.658,0.569,,0.676,0.151,0.514,0.206,0.645,0.656,0.541,0.545,0.779,0.964,0.731,0.63,0.233,0.506,0.14,,0.802,0.567,0.737,0.888,0.474,0.602,0.832,,0.56,0.446,0.45,0.951,0.53,0.286,0.674,0.611,1.461,0.623,0.368,1.237,0.587,0.071,0.8,1.75,0.585,1.097,0.346,0.358,0.305,0.166,0.242,0.515,1.481,1.02,2.065,0.832,1.209,1.198,2.442,1.379,0.538,0.38,2.992,1.525,,0.552,0.179,0.71,0.59,0.447,0.292,1.276,0.626,0.662,0.561,0.442,0.452,0.572,0.256,0.966,0.466,0.366,0.286,0.404,0.308,0.29,0.213,0.313,0.267,0.415,0.488,0.257,0.678,0.287,0.425,0.509,,0.315,0.29,0.539,0.574,0.744,0.752,0.452,0.683,0.721,0.817,0.628,0.462,0.128,0.252,0.256,1.676,1.155,1.04,0.923,1.351,0.614,,2.03,0.849,0.472,0.247,1.163,1.214,0.564,0.587,0.791,0.854,0.618,0.7,1.156,1.639,1.338,1.528,1.232,1.221,1.403,,0.609,1.262,1.33,,1.302,1.212,1.076,0.979,1.221,1.449,1.84,,0.759,1.88,0.606,0.302,0.386,0.829,0.3,0.511,0.195,,0.599,0.49,0.636,0.457,,0.539,,0.366,0.834,1.167,0.559,0.347,0.879,0.264,0.247,0.298,,0.471,0.344,0.577,1.024,0.699,0.737,,1.164,1.213,0.547,0.726,0.689,1.577,1.026,0.691,2.602,0.804,,0.638,0.75,1.155,0.561,1.314,1.636,0.568,0.548,0.73,0.517,1.188,2.37,1.157,1.132,0.747,0.686,1.42,1.04,1.095,0.646,1.023,1.284,0.982,1.827,0.882,1.483,1.613,2.971,6.138,4.228,5.497,2.162,0.785,1.361,0.556,0.837,2.517,2.171,1.143,1.123,1.044,0.991,1.861,0.377,0.709,0.344,0.506,1.257,2.836,,1.446,0.702,0.926,1.627,1.541,3.15,1.759,2.602,1.234,0.555,0.559,0.539,0.181,,0.66,0.876,2.131,0.311,1.49,1.117,1.667,2.098,2.771,0.89,,0.73,2.102,1.017,1.828,1.131,1.011,1.622,1.563,1.731,1.284,1.363,0.805,1.048,0.74,0.849,0.85,0.869,0.672,0.83,1.01,1.057,0.958,,0.519,1.027,1.383,0.441,0.767,0.634,1.355,0.621,0.875,0.813,0.867,0.742,0.462,0.529,0.611,0.783,0.812,0.865,1.818,0.845,1.004,0.795,1.208,1.023,1.661,1.038,0.657,0.77,0.635,0.494,0.76,2.119,0.78,0.95,1.601,2.345,1.086,1.197,1.664,2.133,0.344,0.879,0.943,0.762,0.983,1.371,1.951,2.73,1.241,1.599,1.605,1.151,2.313,0.974,0.834,1.111,0.531,1.139,1.678,1.56,1.364,0.606,0.291,0.221,0.743,0.605,0.954,0.83,0.978,1.09,0.608,0.81,0.924,0.679,0.557,0.745,0.339,1.766,0.205,,0.215,1.805,0.686,0.992,0.699,1.878,0.887,1.675,0.957,1.612,1.108,0.927,0.997,1.28,1.442,1.386,1.59,1.191,0.845,0.585,0.494,0.836,0.456,0.674,0.661,0.432,0.396,0.795,0.448,0.717,0.948,3.435,0.99,2.405,,0.308,0.618,,0.426,0.436,0.554,0.893,0.789,0.985,0.594,0.711,0.405,0.794,1.048,0.361,1.238,0.48,1.356,0.804,0.501,,0.748,1.395,0.774,0.572,1.717,0.786,0.997,0.599,0.841,0.614,0.727,1.546,1.82,0.75,1.515,0.444,0.605,0.967,0.91,0.916,0.82,1.483,0.729,0.593,0.661,0.623,0.482,0.696,0.236,1.08,0.975,,0.421,0.223,0.216,0.305,0.964,0.684,1.283,0.464,0.376,0.626,0.5,0.358,0.527,0.422,1.034,0.921,0.41,0.285,0.374,0.591,0.499,0.222,0.353,0.271,0.453,0.07,1.33,2.51,1.149,0.408,1.084,0.601,0.605,0.483,0.889,0.869,1.314,0.851,0.64,1.146,2.679,1.028,0.917,,,0.66,1.012,,1.043,1.078,0.764,1.142,0.963,0.747,,1.333,2.189,0.673,0.906,0.568,0.587,0.707,0.518,0.886,0.762,0.788,0.963,0.618,0.887,,,0.024,0.32,0.304,0.728,0.771,0.518,1.026,1.126,0.662,0.593,0.921,2.008,2.502,1.608,0.809,0.858,1.737,0.687,0.665,0.263,0.726,0.459,0.636,0.355,0.317,0.647,,0.473,0.41,2.278,1.856,,1.929,1.822,0.984,0.408,0.467,1.557,,1.325,0.253,0.109,0.137,0.27,0.685,0.654,0.719,0.444,0.39,0.58,0.494,0.481,,0.412,0.487,0.679,0.46,0.759,0.289,0.806,0.153,,1.513,2.465,1.086,2.1,1.613,1.591,2.167,1.67,0.586,0.726,1.922,0.64,2.133,0.389,2.343,2.915,0.908,0.838,0.965,1.461,1.325,0.648,0.572,0.881,0.879,0.972,0.757,0.426,0.772,1.711,1.138,1.289,0.773,1.432,1.325,0.139,1.311,1.625,,0.517,0.41,0.693,0.86,0.964,0.869,0.777,0.437,0.963,0.402,0.758,1.45,1.117,0.864,0.349,0.685,0.518,0.413,0.404,0.152,0.311,,0.577,0.832,1.048,0.757,0.653,0.721,0.94,,0.685,0.546,,0.927,0.609,0.862,1.089,1.157,0.739,0.778,1.138,1.633,0.511,0.679,0.381,0.626,0.319,0.404,0.313,0.785,0.602,0.879,0.782,0.85,0.997,,0.578,0.791,0.837,0.658,0.765,0.58,1.382,0.861,,0.457,0.769,1.271,0.49,0.774,1.263,0.708,2.387,0.191,0.851,0.259,0.965,1.617,1.08,1.241,1.751,0.201,1.626,1.554,0.948,1.036,1.54,2.388,0.856,0.536,0.795,0.842,0.977,0.859,0.802,0.933,0.936,0.745,1.239,0.189,0.983,0.88,0.282,0.342,0.154,,0.017,0.525,0.651,0.44,0.609,0.543,1.488,1.299,1.776,1.303,1.654,0.862,1.259,1.084,0.735,0.494,0.627,0.632,0.724,0.445,1.191,0.955,1.231,1.45,2.136,0.328,0.317,0.35,0.413,0.558,0.413,0.607,0.566,0.315,0.528,0.849,1.089,0.802,0.629,0.856,2.213,1.367,1.313,0.893,0.734,1.48,0.831,0.639,,0.762,0.959,0.571,0.624,0.417,0.52,0.531,1.058,0.838,1.01,1.177,1,2.019,1.36,1.325,,2.17,0.995,1.047,0.536,0.747,0.824,0.598,1.003,1.178,1.16,0.894,0.348,0.482,0.625,1.374,0.997,1.875,0.844,0.657,0.919,,0.94,1.003,0.888,0.701,0.15,0.278,0.812,0.814,0.79,0.656,0.933,1.015,0.41,0.6,0.536,0.378,0.516,0.125,0.19,0.122,0.102,0.182,0.73,1.125,0.846,1.122,0.964,0.493,0.304,0.525,0.341,0.582,1.193,0.539,0.819,1.285,1.782,,0.664,0.781,0.114,0.299,,0.449,0.167,2.621,1.486,1.062,0.704,1.098,0.858,0.569,1.256,0.929,0.864,1.173,1.045,1.439,2.086,1.19,1.379,0.976,0.662,1.053,1.456,0.652,0.727,0.725,,1.13,1.033,1.219,1.182,0.501,0.255,0.852,0.691,1.592,0.696,0.839,1.146,0.351,0.163,0.402,0.443,0.395,0.656,0.58,0.656,0.235,0.297,0.319,0.373,0.26,0.484,0.628,,0.439,0.687,1.598,1.027,0.728,0.569,,2.051,1.287,0.366,0.187,1.365,1.572,1.218,0.338,0.391,0.477,0.35,0.394,0.041,0.642,0.057,0.702,0.369,1.615,0.55,0.463,0.65,1.501,0.43,0.547,0.606,0.497,0.534,0.681,0.556,0.443,0.605,0.612,0.812,0.536,0.554,0.74,0.592,0.443,,,0.162,0.705,0.354,0.292,1,0.176,0.607,0.987,0.732,0.453,1.353,0.709,0.811,0.746,0.336,0.659,,0.614,1.774,1.196,0.636,0.727,1.3,0.76,0.124,0.177,1.143,,1.847,1.702,0.815,0.74,0.284,0.264,,1.254,0.66,0.25,0.304,0.641,1.42,1.333,1.182,0.992,1.088,0.358,0.949,1.05,0.071,1.751,1.375,1.145,0.763,0.172,0.307,0.45,0.631,0.661,0.834,0.951,0.726,0.2,0.486,0.927,4.197,0.16,0.287,0.678,0.516,0.636,0.344,0.09,,0.891,1.234,0.686,0.419,0.504,0.367,0.37,0.525,1.263,0.012,0.299,0.214,0.595,0.341,0.611,0.3,0.151,0.453,0.175,1.061,1.026,0.295,0.342,0.642,0.619,1.16,0.881,0.124,0.24,0.236,1.445,1.507,1.747,,0.426,,1.044,0.589,0.75,0.253,0.918,0.329,0.63,1.006,0.304,0.944,0.836,0.794,1.119
20160416,20,CO_24h,0.438,0.267,0.772,0.467,0.367,0.438,0.367,0.37,0.371,0.352,0.362,0.357,,0.832,0.885,1.302,1.153,0.916,1.099,,1.291,1.317,0.97,0.935,0.949,0.915,,0.44,0.781,0.333,0.532,0.857,0.269,0.442,2.131,2.011,2.416,2.729,2.572,2.434,0.714,0.761,0.724,1.151,0.867,0.811,0.566,0.743,0.653,0.529,0.554,0.5,0.521,0.326,0.65,0.111,0.336,0.3,0.466,0.612,0.415,0.533,0.335,0.41,0.428,0.391,0.257,0.516,0.571,1.142,0.945,0.809,0.527,0.467,0.566,0.627,0.538,0.712,0.825,0.463,,0.287,0.407,1.057,0.445,0.878,0.603,1.19,0.577,0.311,0.846,0.733,0.242,0.323,0.481,1.286,0.94,0.782,0.965,,1.228,0.755,0.989,0.91,0.826,,0.856,0.674,1.22,0.945,0.857,0.914,0.624,0.834,,1.043,0.355,0.954,0.788,1.065,0.715,0.839,0.649,0.85,0.705,0.711,0.847,0.882,2.259,0.915,,1.208,1.215,0.846,2.111,1.502,1.333,0.887,0.767,0.47,0.529,0.676,0.498,0.82,0.439,0.438,0.663,0.67,1.388,0.73,0.491,0.336,0.985,1.024,0.655,0.395,0.784,0.545,0.814,0.666,0.774,0.619,0.62,0.898,0.955,0.7,0.757,0.675,0.828,0.459,0.923,0.951,0.91,0.855,1.044,1.517,1.388,1.288,1.479,1.211,1.371,1.455,,0.808,0.944,1.055,1.359,1.462,0.793,1.778,0.874,0.548,2.373,0.782,0.668,1.186,0.804,0.685,0.749,,0.611,0.539,0.656,1.082,1.174,1.05,0.719,1.401,1.891,0.771,1.891,1.21,0.675,0.749,0.909,0.858,1.794,1.396,1.984,1.829,0.649,0.747,0.351,0.5,0.504,0.737,0.804,,0.698,0.801,1.148,0.58,0.501,0.614,0.642,,0.507,0.62,0.759,,0.973,1.059,0.921,0.61,0.425,0.357,,0.702,,1.383,0.687,,0.935,0.708,1.037,0.425,,,0.771,0.81,1.341,0.76,0.651,0.862,0.79,0.493,0.654,0.793,0.864,0.763,0.684,0.944,0.973,1.553,0.905,1.087,1.727,0.587,0.663,1.069,1.089,1.042,1.318,0.578,0.839,0.738,0.806,0.667,0.886,0.406,0.815,0.856,0.858,0.992,0.796,0.845,0.929,0.671,0.893,0.82,,0.723,0.714,0.678,0.693,0.728,0.62,0.449,0.451,0.273,0.944,0.527,1.512,1.225,1.693,0.819,1.062,1.391,1.132,0.858,1.03,0.666,0.566,0.905,0.66,0.884,0.933,0.86,0.735,0.728,0.802,0.461,1.004,0.687,0.752,0.732,0.576,0.617,0.484,0.836,0.773,0.936,1.311,,0.704,0.804,0.976,1.262,0.818,0.74,1.191,0.912,0.366,,0.617,0.922,0.528,0.682,0.609,0.64,0.635,0.829,0.755,0.665,0.696,0.879,0.636,0.456,0.918,0.973,0.598,0.773,0.388,0.692,0.832,0.721,0.519,0.676,0.783,0.594,0.687,0.611,,0.718,0.566,0.807,0.581,0.607,0.755,0.694,0.672,0.701,0.314,0.857,0.718,0.551,,1.099,0.966,1.155,1.136,1.117,1.05,0.833,0.934,0.334,0.589,0.552,0.687,0.607,0.227,0.325,0.217,0.469,0.494,0.509,0.12,0.583,0.753,0.495,0.487,0.157,0.18,0.168,,0.748,0.435,0.655,0.899,0.495,0.631,0.921,,0.631,0.532,1.262,0.654,0.308,0.352,0.461,0.49,0.752,0.45,0.441,1.254,0.522,0.168,0.743,1.692,0.514,1.11,0.38,0.753,1.007,0.207,0.517,0.56,1.444,0.713,1.47,0.704,1.086,0.843,2.346,0.841,0.637,0.435,2.872,1.466,,0.646,0.303,0.759,0.667,0.599,0.485,0.522,0.81,1.185,0.676,0.657,0.603,0.785,0.388,0.933,0.536,0.574,0.737,0.588,0.65,0.374,0.35,0.61,0.549,0.752,0.81,0.609,0.755,0.599,0.626,0.639,,0.366,0.413,0.819,0.818,0.682,0.616,0.47,0.617,0.69,1.042,0.648,0.441,0.205,0.347,0.41,1.475,1.008,0.742,0.595,1.491,0.839,0.268,2.039,1.042,0.686,0.351,0.899,1.361,0.985,0.879,0.934,0.827,0.674,0.653,1.343,1.4,1.253,1.491,1.208,1.115,1.324,,1.05,1.415,1.388,,1.062,1.28,1.085,1.016,1.023,1.23,1.736,,1.111,1.622,0.835,0.615,0.685,1.019,0.764,0.524,0.289,,0.577,0.464,0.652,0.573,,0.722,,0.376,1.044,1.177,0.928,0.76,1.665,0.624,0.463,0.379,,0.446,0.662,0.568,0.873,0.648,0.613,,0.923,1.072,0.44,1.084,0.68,1.15,1.11,0.83,1.062,0.759,,0.623,0.769,1.13,0.592,1.321,1.631,0.541,0.604,0.742,0.512,1.214,1.145,1.224,1.044,0.712,0.693,0.96,0.846,0.857,0.623,0.812,1.025,0.847,1.264,0.753,1.337,1.301,1.244,1.534,1.391,1.554,1.335,0.754,1.277,0.526,1.044,3.36,2.902,1.18,1.145,1.124,1.083,1.79,0.387,0.715,0.421,0.484,1.091,2.869,,1.639,0.804,1.17,1.796,1.801,3.235,1.895,3.042,1.796,0.545,0.702,0.681,0.35,0.362,0.53,0.715,1.985,0.523,1.032,0.737,0.91,1.302,0.9,0.655,,0.843,2.093,0.691,1.886,0.776,0.956,1.325,1.699,2.813,0.952,1.1,0.527,0.907,0.752,0.968,1.169,1.197,0.815,0.7,0.736,0.877,0.771,,0.542,0.862,1.129,0.233,0.643,0.484,1.46,0.743,0.878,0.923,0.678,0.802,0.531,0.582,0.668,0.716,0.686,0.687,1.608,0.621,0.81,0.619,0.888,0.745,1.156,0.963,0.705,0.86,0.812,0.564,0.801,2.063,0.769,1.038,1.914,2.267,0.577,1.25,1.728,2.055,0.454,0.709,1.173,0.949,1.243,1.365,1.932,2.67,1.304,1.763,1.546,1.245,1.885,0.785,0.725,0.848,0.44,1.05,1.437,1.159,0.798,0.689,0.436,0.504,0.845,0.648,0.818,0.764,0.905,1.006,0.567,0.822,0.882,0.705,0.55,1.015,0.596,1.617,0.404,0.092,0.388,1.801,1.569,1.014,1.116,1.303,1.003,1.568,0.888,1.312,0.794,0.897,1.055,1.087,1.275,1.171,1.42,0.974,0.743,0.548,0.628,0.967,0.711,0.618,0.541,0.392,0.365,0.633,0.326,0.539,2.16,1.654,1.302,2.422,0.012,0.304,0.274,0.034,0.435,0.259,0.43,0.302,0.956,1.041,0.685,0.834,0.404,0.414,0.855,0.388,0.821,0.515,0.606,0.804,0.507,,0.42,0.725,0.822,0.424,0.75,0.712,1.06,0.364,0.515,0.487,0.562,1.478,1.464,0.705,1.183,0.462,0.439,0.671,0.607,0.531,0.62,1.014,0.572,0.628,0.618,0.592,0.513,0.528,0.216,1.088,1.217,,0.554,0.458,0.709,0.437,0.896,0.763,1.05,0.4,0.397,0.538,0.518,0.516,0.678,0.631,1.284,1.398,0.475,0.317,0.438,0.277,0.567,0.328,0.445,0.315,0.693,0.133,1.521,2.645,1.191,0.386,1.186,0.664,0.579,0.46,0.851,0.796,1.297,0.798,0.516,1.029,0.959,0.766,0.694,,0.536,0.531,0.721,1.014,0.939,0.817,0.658,0.982,0.825,0.581,0.594,1.258,2.031,0.605,0.971,0.472,0.586,0.604,0.442,0.709,0.632,0.715,0.889,0.665,0.971,,,0.039,0.429,0.475,0.558,0.509,0.335,0.497,1.02,0.772,0.687,0.832,0.836,1.193,0.923,0.804,0.881,1.051,0.908,0.76,0.419,0.792,0.739,0.646,0.328,0.586,0.685,,0.585,0.392,2.083,1.66,,1.795,1.809,0.877,0.388,0.516,1.193,,1.224,0.343,0.371,0.347,0.646,0.996,0.842,0.321,0.272,0.394,0.587,0.48,0.482,,0.529,0.548,0.755,0.44,0.665,0.33,0.595,0.186,,1.791,2.664,1.396,1.993,1.289,1.122,1.446,0.761,0.853,0.778,1.882,0.807,1.963,0.463,2.378,2.972,1.267,1.104,1.877,1.158,1.197,0.715,0.72,1.492,1.417,0.95,0.875,0.467,0.797,1.544,1.022,1.101,0.805,1.568,1.086,0.343,1.206,1.848,,0.625,0.657,1.08,1.017,0.931,0.676,0.58,0.322,0.998,0.42,0.838,1.386,1.165,1.044,0.614,0.902,0.255,0.291,0.318,0.345,0.437,,0.518,0.695,0.738,0.742,0.534,0.633,0.859,,0.73,0.523,,1.021,0.62,1.045,1.392,1.414,0.884,1.131,1.444,1.865,0.589,0.815,0.563,0.788,0.632,0.49,0.303,0.698,0.473,0.841,0.799,0.854,0.829,,0.571,0.841,0.776,0.511,0.561,0.404,1.228,0.734,,0.437,0.964,1.498,0.66,0.486,0.875,0.378,1.285,0.259,0.997,0.41,1.03,3.008,1.625,1.565,1.149,0.172,1.148,1.344,0.954,1,1.349,0.936,0.719,0.754,1.201,0.876,0.805,0.762,0.735,0.815,0.729,1.001,1.57,0.694,1.682,0.946,0.682,0.736,0.517,,0.587,0.592,0.76,0.695,0.82,0.629,1.406,1.06,1.456,0.82,1.188,0.221,1.109,0.991,0.732,0.713,0.67,0.667,1.001,0.693,1.314,0.989,1.358,1.664,2.275,0.85,0.504,0.426,0.396,0.612,0.66,0.741,0.659,0.262,0.674,0.914,1.011,0.901,0.521,0.595,1.714,1.567,1.64,0.896,0.723,1.404,0.915,0.663,,0.677,0.907,0.655,0.76,0.529,0.427,0.583,0.705,0.579,0.73,1.356,1.099,1.991,1.009,1.441,,1.181,0.954,0.984,0.514,0.639,0.793,0.567,1.09,1.375,1.488,0.708,0.409,0.557,0.523,1.103,1.098,1.779,0.781,0.559,0.689,0.837,0.77,0.721,0.786,0.717,0.454,0.628,0.872,1.099,1.04,0.957,1.088,1.265,0.681,0.9,0.83,0.653,0.795,0.125,0.38,0.198,0.546,0.467,0.778,1.147,0.845,1.197,0.982,0.674,0.651,0.95,0.893,1.042,1.297,0.461,0.868,1.178,1.764,,0.766,1.389,0.796,1.403,0.11,0.246,0.41,2.309,0.867,0.908,0.577,1.084,0.912,0.542,1.393,1.043,0.872,1.162,1.094,1.251,1.666,0.904,1.004,0.844,0.552,1.157,0.923,0.67,0.907,0.981,,1.072,0.856,1.219,1.121,0.47,0.175,0.74,0.724,1.461,0.703,0.847,0.842,0.345,0.178,0.386,0.356,0.457,0.504,0.532,0.644,0.269,0.322,0.366,0.363,0.262,0.395,0.66,,0.387,0.361,0.557,0.448,0.528,0.322,,2.042,0.914,0.236,0.068,0.754,0.715,0.726,0.354,0.288,0.397,0.288,0.34,0.163,0.707,0.07,0.912,0.42,1.453,0.538,0.385,0.614,0.835,0.348,0.491,1.421,0.508,0.51,0.631,0.544,0.406,0.425,0.171,0.782,0.412,0.517,0.746,0.5,0.486,,0.78,0.171,0.762,0.35,0.332,1.073,0.116,0.376,0.682,0.355,0.467,1.11,0.636,0.729,0.839,0.476,0.692,0.228,0.712,1.684,1.334,0.56,0.539,1.336,0.842,0.11,0.096,0.838,,1.8,1.432,0.86,0.729,0.31,0.35,,1.983,0.542,0.329,0.287,0.523,1.527,1.091,0.879,0.72,1.156,0.405,0.987,1.041,0.27,1.049,1.335,0.869,0.742,0.33,0.392,0.432,0.673,0.482,0.846,0.982,0.683,0.383,0.623,1.188,0.652,0.294,0.271,0.615,0.4,0.68,0.501,1.094,,0.961,1.295,0.775,0.91,0.553,0.349,0.41,0.842,1.211,0.274,0.672,0.333,1.124,0.355,0.763,0.373,0.179,0.747,0.233,1.108,0.654,0.285,0.302,0.597,0.645,1.475,0.949,0.345,0.476,0.643,1.527,2.023,2.582,,0.333,0.718,0.991,0.735,0.816,0.504,0.851,0.272,0.749,1.108,0.601,1.43,0.721,0.774,0.927
20160416,21,AQI,,,,,,,,,,,,,,53,56,13,57,38,50,,42,107,91,65,92,45,,45,52,32,38,36,50,58,122,134,118,96,108,123,57,55,74,79,78,98,83,128,181,35,55,53,57,73,104,38,32,34,33,85,30,32,35,52,34,47,38,49,36,65,55,45,102,71,73,84,89,125,55,63,,65,84,55,51,57,66,68,29,26,31,31,40,25,25,29,88,96,104,,84,94,92,127,109,,71,42,34,36,33,38,46,43,,46,41,132,117,116,120,102,95,66,112,104,103,42,40,73,,60,52,50,59,40,55,33,40,34,49,35,36,36,56,29,30,32,72,54,57,63,63,50,53,70,55,45,35,43,53,38,39,39,46,53,60,60,53,57,51,63,37,36,89,84,72,79,91,73,79,58,,68,57,34,45,48,39,45,46,40,50,54,58,59,55,58,64,,48,51,74,52,70,55,57,83,87,79,74,74,45,67,56,55,46,53,47,50,38,34,38,30,31,48,44,,35,31,23,34,32,41,34,,25,29,48,,121,104,98,26,40,23,,30,,35,35,,59,59,64,27,,,23,26,54,29,33,25,55,64,29,55,54,53,43,25,50,60,62,63,50,38,117,59,81,85,100,58,63,59,38,30,34,35,44,31,42,27,47,92,103,80,85,71,,98,107,30,39,32,30,35,43,46,45,51,95,84,82,88,76,75,89,85,80,48,65,49,54,53,56,54,68,65,35,50,39,52,45,55,61,55,64,51,54,56,61,,60,59,62,73,59,59,60,48,51,,45,53,53,55,53,50,41,49,64,52,39,36,46,53,60,60,58,55,43,64,58,62,46,46,35,48,53,56,,53,54,57,51,40,60,44,53,54,55,52,54,51,,74,69,71,69,71,81,76,90,46,68,64,79,61,44,69,43,76,55,53,55,53,73,76,53,53,64,64,70,55,66,56,47,52,46,46,,41,40,64,83,93,48,80,65,86,92,68,61,64,49,55,64,63,65,68,46,40,47,93,44,75,76,86,72,69,89,96,71,63,67,168,91,86,36,53,38,54,35,46,73,63,56,81,105,74,121,112,113,78,82,61,59,87,69,52,47,55,44,45,38,51,41,64,57,,48,31,65,46,39,51,67,34,45,54,50,51,25,29,50,85,84,95,83,37,43,36,36,83,82,62,83,75,148,75,64,63,55,41,103,84,95,80,77,66,70,,83,73,106,,134,69,79,70,65,78,103,,59,95,64,89,72,68,82,48,33,,32,37,38,69,,43,,112,110,119,121,86,106,95,32,38,,30,44,39,100,63,72,,49,45,52,39,51,61,54,28,75,45,,53,53,47,49,48,40,42,59,45,55,117,77,49,35,33,43,72,63,69,46,46,48,55,63,72,72,67,94,100,100,92,94,65,43,74,60,66,65,117,128,132,52,52,42,27,30,42,65,61,,63,77,74,91,55,46,61,29,31,61,56,62,30,31,39,37,39,35,114,108,95,123,94,92,,70,53,82,70,54,70,83,69,77,97,72,69,78,85,122,83,80,70,82,82,72,77,,48,53,52,52,45,70,61,67,87,63,49,52,38,36,30,29,57,48,49,58,55,73,109,80,77,44,32,50,29,38,34,37,25,77,80,84,88,85,72,73,77,57,104,69,64,91,102,99,95,97,92,89,175,86,68,74,50,91,79,123,83,64,58,63,46,62,51,58,51,55,32,42,38,33,35,45,48,36,30,12,34,41,27,45,57,85,55,135,69,64,78,71,99,114,99,84,116,98,58,54,36,49,38,56,57,46,51,49,49,58,67,74,80,70,36,51,87,25,57,63,54,72,38,52,27,30,43,74,69,63,68,58,47,46,136,,78,80,73,80,97,91,57,78,82,81,96,84,102,82,114,51,65,84,71,178,112,95,91,78,81,85,81,32,34,24,29,,38,86,64,63,31,34,51,61,33,87,73,73,59,72,74,75,27,24,41,43,38,39,42,45,44,,46,33,38,40,49,53,17,19,42,67,32,40,42,46,35,48,40,,35,43,68,58,45,42,56,61,54,49,43,31,57,39,39,29,32,50,50,31,42,35,27,46,41,,,39,30,50,73,54,70,69,101,75,77,90,80,122,73,83,72,67,72,79,56,36,54,66,45,27,46,,40,55,59,60,,79,53,53,36,30,62,,55,83,87,66,70,80,69,74,55,57,63,67,34,,40,52,50,113,77,84,118,139,,96,90,100,77,64,77,65,69,93,78,72,90,118,110,110,98,70,91,81,77,83,26,33,38,25,68,60,70,72,49,50,72,38,26,29,39,30,35,75,54,65,36,75,42,25,33,17,52,34,55,54,53,74,69,40,57,46,63,16,19,20,37,83,77,73,52,80,55,,46,51,,48,45,81,68,85,80,72,62,62,58,88,60,50,35,38,26,45,26,82,68,79,77,,68,88,68,99,60,62,34,57,,100,52,89,25,69,39,50,72,48,53,53,47,52,29,45,,10,36,36,30,47,55,59,42,19,33,24,59,54,43,57,64,25,54,57,53,55,47,41,27,48,34,83,31,32,32,30,35,50,46,54,60,27,26,31,32,28,46,48,39,41,36,33,32,30,29,30,36,40,29,67,65,71,84,76,80,71,93,97,115,115,77,76,77,85,78,81,80,59,,69,87,56,98,112,134,121,111,71,94,43,50,88,70,57,37,54,44,52,44,39,48,42,52,85,58,64,60,61,71,46,31,54,46,41,77,51,42,42,44,50,48,41,52,49,31,38,56,48,30,32,30,33,29,38,29,41,44,43,33,26,33,35,38,53,36,42,25,38,29,80,69,59,66,,38,50,62,40,34,51,68,98,97,103,92,64,52,56,74,69,65,89,69,84,85,85,78,84,84,84,82,72,37,53,,93,94,85,94,61,72,60,65,73,41,34,43,50,40,48,45,34,51,45,28,32,39,35,49,39,56,61,,51,105,94,92,101,117,51,54,58,46,40,97,87,54,41,46,54,52,47,55,53,57,30,39,45,40,40,51,57,68,81,59,69,,39,39,47,32,64,81,21,50,49,48,58,,41,75,54,59,49,61,40,40,125,115,83,61,55,57,82,102,147,69,64,124,133,64,51,84,64,25,25,31,37,51,48,84,51,74,59,,71,60,33,29,33,50,63,77,74,54,45,42,51,53,71,49,69,57,85,102,41,45,71,30,29,45,36,41,68,54,43,52,61,67,60,27,25,,115,161,53,100,56,500,84,75,51,457,126,88,76,500,500,500,,73,65,65,90,36,39,52,41,52,67,64,171,240,500,500,500,,323,263,35,43,23,160,36,23,38,54,42,64,40,64,57
20160416,21,PM2.5,,,,,,,,,,,,,,18,12,7,10,18,10,,29,45,52,47,32,11,,6,11,19,5,10,29,18,89,99,50,52,60,78,40,31,51,39,50,43,33,38,54,16,27,30,27,31,25,20,9,2,23,22,9,21,16,15,6,1,4,6,11,43,12,31,76,39,39,41,35,37,29,15,,7,20,14,14,28,14,17,9,10,5,6,28,6,10,6,65,66,78,,62,70,68,96,82,,51,20,13,14,15,16,11,17,,14,14,77,75,80,80,74,52,44,70,62,57,29,23,53,,43,36,35,33,26,39,23,28,21,34,19,21,12,22,20,21,22,52,38,40,45,45,35,32,51,36,27,24,28,30,26,26,27,30,37,43,43,37,40,33,40,21,25,27,22,29,31,32,24,26,40,,27,40,23,29,33,27,31,32,28,35,38,41,42,39,41,46,,31,34,54,27,28,31,39,61,64,58,54,54,28,48,22,39,32,37,31,23,25,21,8,13,20,19,23,,23,14,15,14,17,19,17,,14,16,16,,87,78,73,13,18,12,,21,,20,18,,31,42,46,9,,,4,8,10,9,15,14,37,46,19,39,38,37,30,,35,43,44,45,35,18,75,32,48,36,47,41,38,42,16,15,3,19,8,5,29,10,22,43,44,33,44,46,,61,55,18,27,17,17,24,19,32,21,13,32,36,35,46,31,36,,38,48,30,25,25,29,37,17,19,34,24,15,16,11,15,15,15,18,22,16,16,17,37,39,,32,34,40,38,42,26,39,27,31,,30,37,33,38,31,28,27,34,38,35,27,25,23,31,36,34,32,36,30,46,41,37,26,32,24,33,37,27,,37,38,39,32,28,43,26,32,27,32,36,38,35,,54,41,44,46,47,44,55,49,32,37,46,58,42,15,27,20,40,34,27,18,25,41,27,32,18,17,23,43,25,41,26,21,21,16,22,,21,23,32,50,45,31,34,37,49,41,27,35,37,22,27,41,29,33,18,7,26,29,16,10,33,30,49,30,32,21,31,22,41,20,84,45,19,25,31,17,38,24,9,20,16,9,19,38,25,34,51,15,26,20,21,8,25,15,2,12,15,13,23,13,19,18,16,19,,17,14,20,32,6,19,19,8,18,12,6,21,7,13,11,56,44,64,61,14,12,9,18,35,36,30,35,32,113,22,42,45,39,19,77,62,70,52,56,47,51,,31,32,55,,84,50,58,51,47,57,77,,42,71,34,49,37,46,33,21,11,,18,21,8,50,,28,,84,43,49,36,44,38,33,22,22,,12,18,13,75,42,52,,32,31,33,27,22,32,30,19,55,28,,37,37,31,34,33,28,26,42,31,31,88,56,34,24,23,30,52,45,50,24,32,32,39,45,52,52,48,70,58,60,58,68,47,30,54,33,40,36,63,61,64,2,11,4,7,13,26,29,26,,30,28,18,41,10,6,10,14,13,12,19,13,15,6,10,5,13,17,86,81,71,93,70,68,,51,37,60,51,24,51,61,45,56,72,52,50,47,46,92,42,39,51,60,60,52,56,,17,23,30,18,24,51,33,48,64,45,32,36,26,20,15,4,40,33,34,41,39,53,82,59,56,20,22,21,16,18,21,25,4,28,58,54,25,63,33,25,27,35,36,50,42,30,37,48,21,72,,66,132,39,49,54,33,28,28,33,29,20,21,18,17,15,12,15,25,21,22,12,8,21,10,12,16,10,21,2,9,6,18,31,35,46,35,67,50,44,57,47,74,71,74,50,80,73,31,38,16,23,21,26,40,32,30,26,29,37,43,54,34,45,25,28,,13,37,42,35,46,14,22,9,21,24,46,18,45,49,41,,32,40,,51,43,39,37,39,42,32,31,33,28,32,27,41,26,43,18,37,23,46,94,65,36,41,28,17,20,28,7,5,12,14,,26,16,14,19,4,5,2,18,9,24,28,9,42,52,54,51,15,10,20,30,13,10,10,11,,,18,12,22,20,29,29,2,4,11,8,11,18,29,32,24,27,28,,24,27,49,,25,29,39,35,38,34,30,17,40,27,27,20,22,35,35,20,14,9,9,20,5,,,21,21,13,34,35,29,37,27,27,25,32,58,57,53,34,41,41,36,44,38,25,18,28,22,9,12,,18,24,22,19,,15,9,23,18,13,12,,20,20,31,,51,59,47,33,27,24,28,30,23,,28,36,35,18,6,34,46,38,,52,46,51,47,,56,47,41,42,38,46,44,51,51,48,25,51,60,58,56,61,10,7,26,13,47,43,51,52,34,35,52,26,18,18,19,21,15,55,38,47,25,55,29,17,20,4,36,21,39,38,25,54,50,28,32,31,44,9,11,8,17,61,56,53,36,59,39,,23,26,,21,31,25,46,34,59,52,44,44,41,53,28,35,24,26,3,31,11,60,49,58,56,,39,65,49,74,42,44,21,40,,75,36,66,17,50,27,35,17,30,26,37,12,27,19,24,,7,23,25,15,26,33,36,18,12,7,7,42,38,30,40,46,4,34,40,17,28,12,10,17,16,10,61,16,16,19,21,24,35,32,38,43,18,18,16,22,19,20,32,27,26,25,23,22,21,20,16,25,28,19,44,18,15,20,55,43,50,40,24,32,39,32,24,34,31,40,39,33,26,,44,28,25,52,37,45,54,79,42,51,25,35,65,51,32,8,32,25,16,19,20,24,29,36,40,41,22,14,18,19,11,19,38,31,26,17,28,29,22,24,16,10,24,17,19,21,14,24,14,,19,17,15,16,21,10,14,17,25,23,18,13,13,26,36,17,21,,26,20,34,23,26,30,,20,19,44,22,15,25,32,73,72,77,68,46,36,33,54,47,47,60,48,62,63,63,57,62,46,48,60,52,18,33,,69,63,63,70,12,9,28,13,27,18,13,22,19,21,25,27,7,23,31,19,14,27,16,11,21,24,22,,24,49,58,68,65,46,9,22,19,30,14,46,54,38,10,13,38,21,16,39,37,31,21,10,24,23,21,28,31,49,55,15,26,,18,20,21,20,26,27,14,19,13,17,20,,23,29,27,34,12,35,12,16,95,87,61,14,27,29,60,76,95,42,45,55,101,46,30,58,10,16,15,17,16,14,33,29,24,23,42,,30,30,21,12,23,17,30,39,31,10,16,12,11,19,28,20,23,23,45,35,26,14,22,18,11,22,25,15,18,11,16,21,29,15,43,3,10,,41,76,23,31,23,,28,31,13,55,25,20,22,328,215,209,,26,24,31,67,7,7,14,7,15,17,8,61,95,211,286,372,,120,146,10,14,4,18,8,11,2,17,7,32,22,31,37
20160416,21,PM2.5_24h,,,,,,,,,,,,,,61,59,61,67,70,57,,51,69,70,65,64,69,,24,26,21,13,18,28,26,83,82,79,88,90,91,38,58,47,47,43,31,30,37,36,35,45,38,38,37,37,36,37,25,28,26,27,29,34,32,25,16,21,22,15,53,49,58,43,49,52,45,35,33,33,11,,9,17,17,15,23,16,14,17,23,12,16,27,13,19,22,46,43,52,,47,52,48,54,53,,56,37,35,32,32,24,33,34,,33,25,63,69,59,59,55,41,46,57,45,55,51,54,45,,59,57,56,67,52,53,57,49,34,33,28,30,21,32,29,34,31,30,22,26,27,31,20,22,33,19,22,20,26,19,20,20,18,20,28,27,32,31,26,48,42,38,41,56,41,58,53,52,48,53,33,,29,29,23,30,30,24,29,26,26,32,21,21,22,27,22,25,,27,26,27,31,30,31,41,46,48,48,46,49,21,37,19,28,47,52,47,44,23,19,16,23,16,23,24,,30,22,20,17,17,17,17,,14,19,17,,42,43,38,20,21,23,,16,,20,23,,37,32,34,13,,,23,25,29,30,32,24,24,31,25,33,36,33,36,36,37,41,39,33,35,13,52,37,38,35,39,39,28,46,16,24,6,21,14,20,14,20,13,65,57,54,52,66,,76,55,13,21,21,18,21,19,25,23,23,29,33,35,30,33,38,35,30,31,20,23,23,28,27,21,23,20,23,39,23,18,23,22,20,23,22,25,19,18,35,35,,29,34,38,40,38,29,38,22,29,,26,29,28,28,32,25,26,30,35,27,32,26,18,29,32,30,27,29,27,35,34,36,23,28,26,32,29,25,,33,29,35,31,33,31,27,27,27,28,30,29,36,,65,61,63,64,60,63,68,69,31,38,46,54,35,7,15,11,21,15,20,14,13,14,13,20,13,15,18,13,17,19,25,21,22,17,21,,19,15,12,29,20,28,18,20,22,22,17,29,29,22,25,33,28,25,28,15,22,27,69,17,33,20,24,19,23,20,27,11,22,17,61,21,26,20,27,18,29,13,13,27,32,38,19,53,40,34,35,29,23,21,40,18,18,21,11,19,21,21,28,20,21,22,22,24,,15,18,26,38,22,28,26,28,29,19,20,23,16,21,20,43,50,48,42,25,26,25,29,51,60,40,66,50,106,55,41,43,35,18,108,75,76,59,61,65,59,,46,46,56,,61,59,72,75,46,59,74,,61,80,37,73,64,71,62,27,25,,21,19,23,40,,36,,43,46,52,49,43,48,54,36,31,,25,27,19,56,43,50,,29,28,29,29,18,34,30,28,42,28,,38,39,34,34,36,33,26,34,31,29,33,23,21,29,25,29,28,28,29,24,30,30,37,42,48,39,37,42,39,41,37,45,39,25,37,29,40,38,53,48,55,16,19,12,18,20,28,36,25,,34,28,15,29,14,14,10,16,24,11,21,23,10,7,32,34,49,27,44,45,46,49,50,43,,42,32,47,46,23,40,40,37,51,44,36,30,92,59,72,71,76,44,39,53,44,49,,37,20,51,18,24,31,41,56,54,70,50,70,25,36,41,29,14,17,17,22,28,25,32,30,30,22,20,21,17,20,22,22,4,22,45,31,25,43,39,33,28,33,44,45,40,32,45,48,39,58,71,45,85,25,26,30,23,18,23,32,16,28,29,27,27,27,19,21,22,22,36,23,16,26,23,26,31,32,29,26,20,27,15,16,45,59,52,66,47,34,39,46,80,68,70,52,73,69,25,33,20,27,27,26,9,11,12,10,10,9,38,35,31,26,10,16,11,12,27,22,18,15,16,28,23,31,15,26,17,44,32,26,9,18,25,,35,26,25,18,28,25,32,16,19,18,22,19,23,18,27,15,20,18,20,19,32,20,21,26,14,14,25,19,14,14,17,,20,21,26,25,9,6,19,14,8,33,28,25,49,53,82,73,22,18,22,29,14,17,20,23,7,,32,28,22,24,32,36,21,23,24,18,16,18,19,26,23,21,29,,28,29,38,,18,24,17,21,34,28,30,25,27,17,17,19,17,43,44,26,19,21,20,27,26,,,38,38,19,18,17,14,14,29,31,31,30,38,39,46,24,30,22,26,22,38,27,33,32,23,23,16,,15,20,17,17,,8,13,49,33,22,14,,22,19,19,25,65,81,74,28,22,36,35,34,25,,48,58,55,39,31,24,25,25,,77,73,90,50,36,34,34,30,52,53,51,53,49,52,48,42,59,67,60,50,52,18,20,57,48,52,49,68,69,41,39,46,42,35,31,32,23,23,50,35,69,54,83,37,19,20,14,55,23,60,59,42,85,99,66,17,20,19,26,25,18,14,62,42,34,37,63,41,,30,23,,19,27,45,59,48,43,45,36,34,33,33,48,41,37,29,19,33,5,44,37,47,51,,38,48,50,70,30,28,19,32,,100,40,33,18,33,18,26,59,41,39,50,65,28,27,26,,7,18,16,13,20,19,16,13,27,28,26,22,29,30,25,32,9,46,52,30,41,31,27,36,37,37,35,23,25,24,20,16,24,19,25,22,24,22,20,25,35,35,48,52,38,22,18,17,18,18,20,29,29,26,57,30,30,33,46,43,51,29,32,30,26,24,26,23,31,34,34,32,17,,41,17,17,58,45,48,60,31,25,29,16,31,46,43,22,9,12,19,12,11,11,15,15,19,26,35,19,13,20,10,11,14,24,18,22,21,20,23,15,17,17,28,29,23,24,23,22,29,31,20,27,28,27,30,27,19,38,30,34,33,20,23,23,24,52,33,29,14,38,29,20,26,20,27,,28,19,28,33,11,20,25,56,46,54,49,47,42,34,53,44,49,67,44,57,62,45,33,49,63,69,49,39,36,53,,58,59,76,78,8,8,11,13,15,16,11,16,10,11,13,10,9,8,13,11,11,26,16,21,16,15,15,,18,11,19,20,30,14,15,15,10,14,7,10,13,9,8,18,17,11,15,30,29,24,29,15,12,15,12,15,18,19,23,27,16,,11,12,16,10,17,25,9,10,14,18,18,,29,31,25,19,16,16,15,15,43,46,47,31,34,35,53,66,73,47,43,48,105,27,27,33,2,15,14,15,16,15,21,27,33,38,38,,49,25,14,18,16,12,34,21,17,16,20,17,15,10,18,12,14,12,25,15,20,13,18,33,12,28,28,10,17,22,16,10,14,11,21,18,8,,26,39,21,26,29,,54,43,27,39,25,27,30,37,36,35,,26,21,43,65,25,27,4,14,15,13,22,48,72,114,159,246,,45,56,12,13,18,11,8,6,7,19,28,26,30,25,34
20160416,21,PM10,,,,,,,,,,,,,,56,61,13,64,38,50,,31,164,131,,134,45,,45,53,32,38,36,50,65,193,217,185,142,166,195,60,60,97,107,105,146,115,205,311,35,60,56,64,95,158,38,32,34,31,119,17,30,17,53,34,47,38,49,36,80,60,42,87,91,95,117,128,199,60,75,,79,117,59,51,63,81,86,29,20,20,31,,24,,29,85,142,96,,76,108,95,123,125,,92,40,26,26,33,29,23,25,,24,19,213,184,182,189,153,139,82,173,158,156,,40,,,,43,43,67,40,,23,34,,,35,,,62,23,,,54,46,51,64,,39,56,55,60,45,29,43,56,38,39,39,46,37,,,41,,51,76,,,127,118,93,107,131,96,107,65,,86,51,30,45,37,28,,42,31,39,,,43,42,52,55,,48,51,,53,89,60,64,86,84,87,82,92,45,50,61,41,33,53,47,50,38,34,8,26,28,48,44,,26,23,23,34,32,41,34,,24,29,48,,191,151,104,26,40,23,,24,,24,29,,67,55,63,27,,,16,19,57,24,24,16,59,64,29,,,39,,25,,,46,,44,38,183,68,112,119,149,56,76,59,38,30,8,34,44,31,,27,47,134,155,109,119,91,,146,163,21,39,32,21,,,,45,51,140,118,114,126,102,100,128,120,109,48,80,49,57,51,62,57,85,80,25,50,37,53,45,60,72,60,77,52,58,61,72,,69,68,74,96,56,68,69,48,52,,45,46,56,59,55,50,41,48,78,53,39,30,46,55,69,69,65,60,32,53,59,74,46,46,32,43,37,61,,54,56,63,51,40,70,44,55,58,59,51,55,52,,75,87,91,87,92,111,102,129,42,85,74,86,72,44,87,43,101,59,56,60,55,96,101,56,55,77,78,90,59,81,62,47,53,36,46,,41,40,77,116,135,48,109,79,122,134,85,72,78,49,59,78,75,80,85,46,39,30,135,32,100,102,121,94,87,127,142,91,76,84,285,131,121,,55,25,47,33,46,95,75,61,111,160,97,192,173,176,105,113,72,67,123,87,54,47,60,44,45,38,52,41,78,64,,46,31,80,46,39,51,83,34,45,57,50,52,25,29,50,120,118,139,91,26,28,28,19,115,113,73,116,99,,100,77,71,52,41,114,107,139,110,100,82,81,,116,96,161,,218,63,70,56,61,79,144,,49,125,78,128,93,85,113,48,33,,32,37,38,74,,43,,104,170,187,192,121,161,139,29,32,,23,41,26,97,75,89,,49,45,53,35,51,71,58,26,91,45,,50,41,47,46,47,37,42,50,39,59,,72,49,29,27,,57,53,60,46,44,48,60,60,76,60,82,91,150,150,133,138,,41,70,69,82,79,183,205,213,53,53,42,27,30,42,79,72,,76,104,98,132,60,46,72,29,31,72,61,73,30,28,39,37,39,35,101,127,110,125,92,86,,,54,,,58,54,,88,101,,,63,105,120,133,115,109,90,91,97,89,97,,48,56,53,54,45,65,72,,74,75,49,,26,36,22,28,,,43,46,48,,,,73,44,32,50,29,38,34,37,13,104,110,117,126,116,94,95,103,63,157,87,77,132,154,147,139,128,134,126,145,121,82,97,50,131,108,195,116,77,66,76,46,74,51,65,51,60,23,34,31,33,20,45,48,36,,12,34,41,27,31,64,120,60,220,73,78,81,91,115,178,100,117,182,117,66,55,36,49,38,62,59,32,51,49,49,65,83,79,109,89,35,51,124,25,63,75,58,93,38,53,27,,43,97,61,71,66,51,,44,222,,105,110,96,110,144,131,64,106,113,112,142,118,153,113,178,51,80,118,91,305,173,139,132,105,111,120,111,30,,17,27,,,122,77,76,29,27,52,72,33,124,96,95,62,58,96,100,16,24,21,32,24,16,15,14,40,,19,18,22,26,49,55,17,10,22,,,,,,,48,28,,33,43,52,66,45,39,62,72,45,49,41,31,,33,31,25,23,,41,31,42,35,27,46,41,,,,,50,95,57,90,88,152,99,103,129,110,193,57,116,93,84,94,107,62,26,58,81,45,27,46,,40,59,68,69,,108,55,55,24,30,74,,59,115,124,82,90,110,88,98,60,64,75,84,34,,,42,,176,103,117,186,227,,142,130,149,104,77,76,80,88,136,105,94,130,186,170,169,146,89,131,111,74,82,22,19,38,24,85,64,58,56,43,45,57,28,23,29,39,26,35,76,48,47,31,90,42,22,33,16,46,34,43,40,55,,,29,63,46,76,16,19,20,37,74,,,51,75,48,,46,51,,48,,112,86,119,81,86,60,57,49,,69,44,34,31,21,35,23,,51,,79,,85,83,79,79,69,55,34,50,,,,76,,60,,,93,48,55,47,47,53,29,45,,,36,29,30,47,60,67,42,19,20,24,59,55,40,50,67,25,58,47,56,60,18,41,22,48,34,,26,25,28,29,29,47,42,58,70,27,25,20,25,27,46,48,30,41,29,31,32,25,29,23,,28,29,84,79,92,118,101,110,91,135,143,180,179,104,101,103,119,105,111,110,67,,87,123,61,146,174,217,191,172,91,137,43,50,95,59,64,37,58,44,54,44,39,48,34,46,120,61,78,70,72,91,46,31,44,46,41,104,52,39,42,44,50,48,41,53,49,,38,62,48,28,32,27,33,26,,26,41,44,43,31,26,33,35,28,56,36,42,,33,21,110,88,68,82,,38,50,,40,34,51,86,95,93,,73,75,52,62,83,88,61,128,87,92,105,84,94,112,117,117,81,89,37,55,,120,138,94,122,71,93,69,80,95,41,34,43,50,40,48,45,14,52,45,28,27,36,35,49,37,61,72,,51,160,138,109,152,184,51,57,66,46,40,143,123,50,41,46,,53,47,,48,63,28,39,45,37,40,52,64,68,112,68,87,,39,39,47,32,78,112,21,50,49,48,66,,41,99,58,67,49,72,40,40,128,158,93,71,59,63,88,121,243,88,78,197,192,62,52,117,78,25,25,31,37,52,,117,51,97,46,,91,70,33,23,,50,76,104,98,58,45,42,51,55,92,49,87,64,119,154,41,45,92,22,20,45,36,41,85,58,43,54,72,84,59,3,25,,180,272,55,149,61,621,118,100,51,557,202,125,102,1412,1496,771,,96,79,80,73,36,39,54,41,54,84,77,292,378,844,1430,1420,,438,394,35,43,23,270,36,20,17,58,42,78,40,78,63
20160416,21,PM10_24h,,,,,,,,,,,,,,110,116,105,131,114,99,,117,116,134,105,100,115,,48,62,38,44,51,58,73,183,173,200,171,179,186,79,102,100,110,109,73,89,112,109,80,108,118,104,133,128,142,106,148,145,133,81,106,83,96,84,89,72,88,73,97,109,99,99,99,94,85,82,99,46,56,,49,50,42,44,45,71,63,127,107,99,114,111,132,105,98,76,102,89,,89,93,88,92,109,,97,92,73,64,79,64,72,64,,69,45,153,140,123,123,105,95,87,115,106,123,75,72,83,,78,83,77,97,68,75,67,66,71,54,50,60,41,51,49,63,53,58,51,55,54,51,43,57,65,54,42,49,55,41,45,37,43,43,49,54,58,54,51,78,82,69,68,123,86,110,99,132,115,109,59,,73,56,40,56,44,43,47,52,48,49,52,46,51,49,39,60,,57,52,45,68,74,72,84,82,82,93,82,86,39,70,52,50,76,76,84,65,45,34,24,43,31,58,49,,56,45,39,41,31,38,39,,21,33,44,,88,88,57,41,42,43,,40,,47,40,,73,56,47,33,,,34,42,42,51,48,35,38,53,49,57,66,68,58,57,61,73,64,58,58,25,102,65,81,77,99,52,42,65,39,44,30,30,39,37,25,30,40,120,147,127,116,117,,133,128,40,43,35,43,34,58,42,60,83,74,68,68,69,70,68,76,65,55,34,43,46,46,43,35,48,45,43,22,52,33,43,40,36,56,41,50,32,40,49,58,,51,63,56,74,50,61,58,48,45,,45,45,47,41,52,53,37,45,63,47,50,41,34,41,57,56,52,51,45,47,65,49,39,39,38,36,48,48,,49,50,51,48,47,53,50,51,51,47,51,52,54,,100,101,110,104,99,117,134,129,46,64,72,83,64,29,29,28,35,26,34,39,24,32,36,28,24,33,34,29,32,30,47,37,37,31,35,,36,22,53,61,55,49,65,54,56,66,72,54,63,54,56,62,71,60,109,79,63,63,162,55,78,65,63,48,68,67,83,52,42,62,114,55,54,33,50,41,50,34,27,66,62,87,73,116,116,113,104,98,78,87,84,48,78,86,64,38,44,47,52,38,35,38,47,42,,53,34,82,55,142,132,151,109,124,120,118,99,101,93,105,119,104,100,81,47,46,49,41,103,96,84,114,113,128,117,79,84,55,31,132,112,151,120,100,106,91,,145,135,147,,142,114,122,126,72,97,126,,91,116,120,104,117,115,111,52,60,,39,42,48,71,,62,,78,115,102,115,106,128,109,60,64,,45,56,47,103,80,95,,42,40,48,39,44,60,51,40,53,43,,54,51,54,51,52,44,47,47,42,56,33,37,36,44,33,39,34,38,42,41,46,47,59,63,68,56,60,61,64,64,63,69,48,38,59,53,86,74,118,128,133,108,91,99,65,74,86,81,81,,94,75,43,76,35,38,40,50,50,49,69,74,32,31,188,190,176,169,77,80,85,96,89,71,,74,82,72,78,63,63,58,80,96,60,60,57,116,105,115,119,117,64,57,72,66,73,,52,41,60,36,38,39,77,70,97,126,59,82,45,53,52,37,29,22,29,28,44,41,45,50,47,52,38,36,32,35,36,33,11,64,77,82,64,71,67,68,77,49,109,77,54,69,91,143,77,93,121,82,84,55,62,51,49,59,64,117,53,57,63,65,66,65,46,43,39,49,45,55,36,43,32,46,69,42,73,25,39,47,30,23,64,94,80,125,61,69,71,71,102,108,89,86,114,91,50,47,37,51,51,51,14,22,20,19,26,16,82,61,96,56,16,27,28,16,44,42,36,35,53,65,45,49,33,42,34,64,42,36,52,28,51,,52,67,59,50,70,75,50,59,57,61,60,62,65,63,81,43,52,68,56,69,65,68,58,73,68,71,71,129,141,123,42,,95,89,127,91,20,22,58,42,33,132,134,144,85,84,129,141,50,38,36,49,29,37,73,41,59,,56,54,47,55,79,85,46,48,48,43,43,47,47,40,48,57,54,,51,55,69,85,42,62,43,54,56,51,50,58,42,30,31,40,38,55,54,58,53,56,49,60,52,,,56,56,42,33,32,32,33,74,72,82,74,77,80,67,53,65,43,58,64,61,43,76,109,63,57,45,,36,51,45,48,,51,36,77,58,65,47,,38,80,72,87,128,129,130,44,40,113,108,122,102,,56,68,67,235,189,68,67,66,,186,146,182,125,48,67,65,78,95,87,107,96,150,141,141,149,80,131,104,73,77,41,46,88,72,122,84,87,88,56,51,58,58,48,45,56,29,34,72,47,106,70,104,46,27,38,25,59,44,70,57,79,100,200,74,35,28,35,41,42,43,25,87,108,51,70,113,72,,50,45,,45,62,128,128,112,75,92,64,68,45,52,83,55,56,42,29,35,16,73,58,64,75,,75,74,93,105,57,50,32,48,,200,86,83,47,39,28,25,73,52,55,42,37,48,45,45,,12,25,21,23,28,31,33,24,36,44,43,37,48,40,42,42,33,71,61,60,82,60,70,59,86,67,30,37,39,37,33,23,33,30,32,41,30,31,28,27,69,73,70,74,60,30,26,26,23,23,30,33,37,36,75,76,87,72,78,78,88,108,105,107,120,57,58,51,61,63,64,63,42,,70,81,52,101,105,126,119,61,48,63,39,51,89,52,53,22,39,45,35,40,49,44,39,38,50,55,49,49,49,62,28,26,37,47,38,54,41,35,32,30,41,50,47,41,44,42,38,46,44,46,42,42,45,44,,47,71,52,53,37,38,56,49,43,76,46,53,21,51,40,57,51,52,43,,45,46,46,57,21,38,52,73,68,66,68,80,61,68,77,72,73,99,74,86,93,61,50,74,105,115,66,65,58,86,,94,102,96,125,50,44,30,55,47,32,24,38,24,21,24,21,17,17,17,17,21,38,34,39,27,38,40,,35,57,36,39,66,42,44,33,21,22,20,32,34,17,33,42,30,40,35,53,46,71,50,54,23,24,23,34,38,44,75,61,51,,27,24,31,33,44,68,16,26,48,42,34,,55,107,57,53,43,41,28,28,90,117,80,67,58,51,85,114,174,89,85,163,162,43,54,63,66,26,28,29,34,49,,183,104,79,62,,158,44,33,40,,32,61,42,45,85,89,84,95,30,46,30,51,40,42,47,36,30,44,37,46,52,52,35,47,48,51,36,38,37,41,41,20,,63,70,61,89,85,165,257,90,84,167,87,92,81,134,147,110,,123,93,159,132,140,126,20,58,62,68,104,220,277,334,692,785,,162,176,44,41,48,67,15,11,23,67,67,67,40,58,53
20160416,21,SO2,,,,,,,,,,,,,,1,5,3,11,3,5,,5,4,9,13,8,7,,7,9,4,11,20,8,16,32,30,27,16,32,24,4,12,16,9,6,23,24,20,23,6,8,9,4,4,4,5,2,8,3,11,5,6,6,5,13,1,3,1,3,3,10,14,27,24,28,16,8,30,39,8,,7,14,10,5,6,8,13,10,7,5,12,7,1,7,9,4,29,14,,8,14,11,9,10,,2,1,11,7,6,2,6,3,,8,3,12,7,6,5,6,5,6,8,13,7,14,14,28,,9,18,36,10,10,8,15,18,12,11,9,10,6,9,10,11,18,7,10,11,12,10,3,11,7,5,8,6,8,6,5,10,6,10,17,21,19,13,8,17,19,13,19,22,14,14,12,88,17,113,13,,49,19,8,13,7,5,6,8,8,12,7,10,12,7,11,11,,14,14,23,4,1,9,16,18,30,6,14,8,10,8,14,13,25,20,5,11,4,7,9,6,4,4,7,,5,2,4,11,8,17,8,,8,9,10,,18,31,31,8,7,5,,14,,4,10,,6,7,7,2,,,15,12,7,2,7,12,7,8,6,9,10,3,5,6,4,3,7,4,6,3,7,8,8,4,6,3,3,4,4,2,3,7,7,4,4,4,14,12,11,18,8,20,,15,16,20,10,25,7,33,19,14,15,2,16,16,17,22,23,17,22,21,13,5,3,3,8,1,9,4,7,9,7,7,13,8,6,11,16,9,13,8,7,6,9,,11,14,13,30,6,8,22,15,6,,6,5,18,8,20,4,24,16,10,6,3,2,3,18,10,15,3,10,7,17,9,5,3,14,3,5,9,6,,3,6,6,3,7,10,9,8,7,4,12,60,11,,8,11,11,10,5,10,7,9,5,4,4,3,9,16,8,14,10,16,9,10,18,12,19,13,3,15,12,12,22,16,6,10,8,8,6,,9,13,8,11,13,7,10,10,21,15,13,18,8,34,10,12,15,17,8,11,7,6,6,7,18,12,14,9,7,9,10,10,19,8,16,8,12,3,1,4,4,1,19,21,10,3,9,13,3,6,7,3,17,1,8,9,9,5,1,8,15,18,23,14,8,5,22,20,,10,2,18,8,6,9,5,6,6,8,11,11,6,2,4,9,9,8,8,19,7,12,7,29,27,9,37,13,10,16,21,19,10,9,14,9,8,5,14,21,18,,8,10,13,,16,9,8,5,17,25,44,,17,39,19,6,16,26,24,8,13,,7,1,13,30,,6,,10,24,34,19,8,2,8,10,4,,8,2,7,16,39,14,,20,10,9,2,18,18,8,3,13,5,,3,6,9,4,12,8,11,3,3,8,2,4,9,8,8,9,4,7,12,3,3,3,12,12,17,19,20,14,4,2,10,27,31,23,14,18,11,14,13,14,19,11,16,12,14,13,11,24,19,,19,11,11,5,23,2,7,56,13,18,20,13,27,9,12,8,7,9,8,12,20,10,22,10,,,14,15,12,11,10,7,11,18,38,8,8,15,23,16,6,19,12,10,12,10,10,,8,9,17,28,8,21,6,19,13,14,6,20,12,7,12,14,5,7,25,14,6,5,50,14,28,8,10,16,12,17,18,21,9,42,20,30,55,52,19,15,12,22,18,13,14,11,14,14,20,27,17,14,26,20,30,15,10,16,12,19,14,10,12,2,32,15,40,35,35,12,9,20,2,2,26,10,15,8,16,22,2,7,2,3,30,21,20,14,3,5,8,5,13,9,7,19,19,7,1,2,11,13,15,7,9,15,8,25,18,14,29,107,18,17,4,9,24,8,72,5,20,5,9,4,12,6,10,4,4,3,9,4,21,1,4,,8,36,84,20,18,15,16,10,21,27,32,8,6,8,12,3,15,6,2,7,8,6,7,20,12,15,14,3,3,1,5,,5,11,29,12,1,19,2,8,2,4,3,7,27,25,12,16,4,8,6,4,9,9,10,18,8,,7,13,15,41,7,6,4,19,12,9,1,17,5,6,15,12,15,,,14,11,29,11,8,6,14,20,16,11,12,7,4,7,10,5,12,39,4,2,4,6,12,6,,,2,2,11,14,12,12,9,16,11,16,13,9,19,21,47,46,65,59,33,11,33,55,26,34,39,13,,35,9,7,30,,21,22,14,36,16,10,,18,1,3,5,15,6,3,11,6,14,12,12,25,,5,6,4,26,4,23,5,6,,23,15,37,24,11,31,5,11,4,4,5,3,20,9,21,16,8,6,4,98,8,3,5,10,4,3,3,7,1,6,7,11,6,11,35,9,4,4,7,2,5,6,6,3,4,5,7,5,1,4,9,6,16,12,25,26,40,63,15,6,13,42,6,43,25,6,23,7,,53,7,,11,11,9,17,24,6,67,6,7,5,411,19,4,6,20,77,6,5,5,4,6,,,9,9,19,24,10,3,10,7,,5,15,5,5,15,10,6,9,5,9,23,8,7,10,15,,3,2,15,5,7,13,21,9,3,4,6,1,4,3,6,2,6,19,17,21,13,9,23,13,8,3,3,8,40,15,14,14,35,33,55,45,12,7,15,15,9,5,7,10,33,3,5,4,3,16,4,33,11,29,25,18,18,28,12,30,45,8,24,5,9,23,11,13,17,108,28,17,30,,50,28,23,32,29,39,6,14,36,20,2,1,7,13,3,13,12,56,17,4,5,6,4,8,2,2,29,21,37,31,8,20,3,1,14,2,6,13,6,6,6,7,7,20,18,17,13,18,10,14,24,24,21,17,1,50,20,10,18,7,11,16,6,16,3,2,6,19,5,,5,16,29,52,,14,59,23,7,4,13,10,8,8,3,5,12,2,3,21,20,29,18,8,43,17,30,136,71,11,10,18,33,1,10,,17,18,8,9,20,18,17,11,10,16,4,10,16,13,8,5,6,13,11,16,1,8,4,4,38,42,13,,16,24,8,27,5,9,6,2,6,2,3,6,9,4,18,3,10,11,24,5,1,12,7,23,9,11,11,20,59,7,8,17,8,,31,28,6,38,32,2,14,16,28,11,10,,8,3,2,11,25,10,14,4,3,16,7,11,22,19,5,7,34,7,7,10,11,7,8,14,10,15,7,16,5,4,9,2,6,14,7,,11,9,7,12,7,6,9,5,13,2,3,4,1,8,21,4,10,7,3,4,11,24,14,4,4,16,15,10,9,19,6,13,29,5,6,6,11,,9,19,10,5,19,10,7,19,1,24,3,2,17,4,2,1,,12,7,3,10,4,3,,2,2,12,11,1,3,2,4,7,,13,18,9,8,3,6,2,9,11,2,2,18,7,11,14
20160416,21,SO2_24h,,,,,,,,,,,,,,13,17,12,22,12,18,,15,7,14,17,9,16,,8,11,8,15,12,10,20,59,49,48,49,61,60,12,19,13,12,10,19,13,14,126,13,13,12,7,8,10,5,4,10,3,5,8,10,12,8,14,6,5,5,5,30,12,30,14,30,13,10,11,27,40,11,,8,13,9,7,6,9,15,10,7,10,13,6,2,8,8,11,47,23,,21,22,18,20,25,,15,7,15,8,6,4,10,3,,12,4,25,14,12,9,11,8,9,11,17,14,20,19,29,,12,32,32,21,24,13,15,18,12,11,10,10,9,10,10,11,19,13,13,15,14,14,4,15,11,8,14,10,14,11,9,15,10,12,19,19,26,18,13,17,15,24,23,30,24,27,9,63,21,126,11,,57,25,11,12,13,8,6,11,10,12,10,10,22,15,13,13,,18,18,33,5,7,14,23,22,16,10,13,11,9,9,14,9,34,25,9,16,5,6,9,14,4,5,7,,11,5,5,7,8,10,8,,7,10,12,,13,20,16,10,9,6,,16,,9,11,,7,5,4,5,,,14,22,7,12,11,15,12,11,23,10,13,19,8,9,11,8,11,7,12,3,5,8,6,3,5,6,5,13,8,6,10,9,13,13,8,12,13,18,15,17,14,28,,22,20,19,10,25,9,33,19,14,13,6,17,14,17,11,8,17,11,17,13,7,4,5,7,4,9,5,7,8,8,7,10,7,5,10,16,7,11,8,6,5,6,,11,12,12,25,5,7,20,10,6,,6,5,27,7,15,3,12,9,10,8,5,5,3,14,9,11,4,15,7,9,6,5,3,13,10,7,11,6,,4,5,6,4,8,8,4,6,7,3,15,25,11,,8,11,9,10,5,10,8,9,5,5,6,5,11,9,6,11,8,5,9,11,12,9,9,10,7,10,9,6,12,14,6,11,11,9,7,,11,11,8,8,5,9,12,6,19,12,6,20,9,57,17,13,17,17,7,9,7,6,15,7,20,11,9,14,7,12,11,10,8,5,15,8,12,4,4,5,5,3,5,12,12,6,22,29,12,18,26,15,11,2,15,7,9,5,7,10,15,19,27,16,12,22,16,11,,15,4,37,10,6,7,5,6,8,8,18,11,9,4,9,16,21,13,12,25,11,17,13,23,20,11,22,13,11,18,22,21,12,8,29,22,23,6,15,20,11,,22,18,19,,18,41,37,31,18,35,42,,25,39,15,11,20,17,29,11,11,,10,3,16,24,,6,,9,25,43,24,36,9,34,11,5,,13,5,8,25,49,24,,25,12,9,9,11,23,11,3,8,7,,2,12,9,4,12,8,11,3,3,6,3,4,9,8,8,10,4,4,8,3,3,3,8,8,12,15,17,12,10,8,9,12,24,24,4,19,28,30,19,23,24,12,16,11,13,14,10,23,20,,23,14,11,7,9,3,9,33,9,45,15,18,28,9,12,10,7,10,8,12,18,18,18,10,,45,24,11,19,9,22,12,21,85,24,10,9,47,78,29,39,50,15,11,16,12,13,,9,8,9,24,6,15,10,36,19,22,6,25,14,8,6,15,8,7,39,10,8,4,16,10,7,34,33,33,32,44,30,53,29,32,29,24,29,18,27,15,14,18,18,15,25,11,11,25,13,28,21,14,31,18,28,13,12,20,13,18,15,7,10,3,22,12,15,15,32,7,23,17,3,4,26,11,14,8,14,20,3,8,4,3,17,29,23,16,7,6,9,8,13,11,32,14,18,9,1,2,15,14,17,7,8,22,13,10,14,12,69,54,57,19,4,8,8,7,11,9,7,6,12,10,15,9,6,4,6,13,19,4,8,3,2,,3,28,34,10,8,11,8,7,11,8,12,7,3,7,8,4,4,6,3,7,11,4,5,21,7,11,13,4,4,6,21,,20,36,108,48,2,17,2,4,2,6,3,5,14,19,24,22,5,6,6,3,9,10,5,6,11,,9,10,18,26,10,8,5,20,14,11,2,17,12,11,16,12,14,,12,15,12,30,12,10,7,13,23,14,12,15,9,5,8,8,4,11,17,14,4,8,9,17,16,,,4,3,8,13,12,11,7,14,15,21,13,9,13,9,23,27,23,22,14,13,25,40,24,17,23,13,,19,8,4,10,,16,14,10,27,15,11,,13,9,7,18,20,18,15,3,3,16,13,15,23,,6,6,20,15,6,24,5,6,,34,26,49,25,6,8,6,11,21,13,16,17,22,12,21,10,16,15,13,40,20,3,5,25,15,10,7,8,3,11,12,8,11,11,34,11,5,4,3,2,5,8,8,3,3,4,13,5,2,5,8,4,14,19,26,15,21,38,16,8,17,37,13,39,28,7,33,11,,23,10,,21,16,8,24,32,39,42,57,11,96,50,26,4,6,18,25,10,5,9,9,7,27,,12,12,17,22,12,4,9,8,,7,21,9,6,15,15,10,7,6,10,16,16,24,22,16,,3,3,11,6,7,10,9,8,3,5,6,1,5,4,5,3,8,16,25,27,23,20,14,27,33,29,3,30,83,34,31,12,12,8,25,9,3,8,15,15,8,7,8,12,24,9,8,4,6,9,19,32,32,47,30,22,22,18,18,36,30,14,18,20,12,22,23,15,14,69,28,18,28,,44,24,12,31,31,33,13,15,21,43,6,2,12,7,2,10,8,19,17,5,4,14,6,9,31,14,22,17,13,8,6,7,3,4,11,3,5,4,5,4,7,7,6,13,10,10,11,8,8,11,22,21,26,19,5,47,13,13,13,5,6,7,4,14,13,12,9,10,14,,6,13,14,20,,14,60,17,13,6,10,10,8,8,6,6,12,3,3,17,13,18,29,11,33,16,15,48,54,9,11,18,13,5,12,,22,54,9,13,13,13,12,10,9,12,4,12,10,16,14,8,8,9,9,14,2,13,8,10,29,21,13,,9,15,4,31,6,6,7,5,7,3,2,5,8,2,23,23,11,23,37,7,2,10,8,19,14,11,7,13,35,9,8,21,7,,20,14,13,14,27,15,15,17,34,12,7,,13,5,6,6,18,9,13,4,3,16,7,11,36,29,25,27,35,16,14,7,10,6,11,8,7,15,7,17,7,4,8,4,6,12,5,,24,7,10,10,7,9,7,5,7,3,5,4,4,5,18,6,3,2,7,4,11,11,10,5,5,11,15,9,8,15,8,5,9,4,5,9,6,,13,20,15,12,21,10,10,22,1,29,11,5,34,4,23,6,,14,8,2,7,2,3,,4,4,12,13,4,6,2,8,14,,9,14,4,11,5,6,2,4,12,7,13,55,11,13,14
20160416,21,NO2,,,,,,,,,,,,,,19,25,16,30,19,23,,32,84,71,25,38,17,,54,30,26,37,32,13,12,79,83,55,70,77,88,48,85,80,77,74,64,72,59,56,19,13,7,19,12,19,10,17,10,11,46,6,7,2,6,4,39,14,13,24,23,35,21,64,60,80,85,84,85,67,26,,6,35,37,26,20,18,32,12,28,14,6,10,26,13,10,23,54,52,,27,47,50,42,53,,13,18,31,19,33,31,15,12,,12,7,74,47,75,49,49,33,12,38,42,45,15,9,30,,77,75,28,20,45,18,24,21,33,35,42,28,18,28,31,37,19,13,28,28,34,35,42,29,13,34,15,20,19,20,18,29,28,18,21,28,10,63,15,25,,9,40,32,28,10,29,32,27,10,19,,14,16,18,34,14,17,30,27,19,33,27,21,30,19,15,24,,39,30,36,29,14,34,16,24,54,32,21,47,30,34,32,27,27,56,23,30,21,37,12,35,12,26,33,,2,22,17,28,27,29,31,,25,30,27,,85,94,101,32,21,22,,26,,11,19,,52,41,34,24,,,24,19,15,16,26,22,60,53,29,23,25,11,13,24,37,25,31,12,18,10,84,67,65,50,70,20,69,54,30,16,6,6,16,33,10,33,19,40,35,41,30,10,,40,33,12,15,,31,3,8,8,10,17,69,74,51,46,35,45,48,53,52,26,87,40,58,69,60,34,54,70,12,17,37,15,32,38,70,74,46,68,10,55,47,,38,39,35,70,53,42,54,48,38,,45,42,27,43,52,19,35,50,45,47,12,23,18,59,56,54,25,27,5,50,49,22,15,9,6,16,17,19,,35,37,45,30,16,25,33,31,23,21,19,18,10,,17,7,34,13,25,44,22,31,6,19,25,15,35,9,116,31,107,68,32,31,67,57,98,64,80,111,58,71,46,104,52,46,63,91,76,,36,26,59,60,78,29,32,41,82,104,33,29,37,7,19,7,37,47,24,40,21,5,5,7,137,55,70,104,128,113,126,54,87,56,75,76,120,13,13,12,20,19,26,39,36,6,2,14,11,4,6,12,52,20,20,45,32,47,4,41,50,41,47,43,58,34,90,57,,5,15,74,13,15,17,9,13,14,18,16,15,8,6,5,29,16,20,22,10,12,11,13,13,21,15,27,23,35,22,47,50,40,21,26,25,28,36,21,31,26,,32,30,55,,68,23,19,15,29,48,63,,27,69,12,24,29,16,4,13,24,,12,12,11,14,,15,,13,34,59,38,17,25,37,15,9,,25,15,9,34,17,19,,23,15,28,13,31,37,44,16,52,11,,9,,11,6,17,6,3,17,7,5,23,36,40,13,14,13,58,30,33,8,8,13,37,61,50,43,45,53,71,57,67,51,6,5,48,18,28,30,65,51,44,11,12,9,13,6,10,37,51,,36,29,15,33,41,35,17,19,52,78,32,57,15,13,15,21,15,9,36,34,46,60,27,35,,35,33,28,31,19,33,49,30,44,50,30,35,19,43,21,27,28,29,67,19,20,54,,16,55,63,39,33,22,9,38,30,50,18,17,17,18,5,14,40,36,43,58,27,20,70,33,28,27,24,30,15,14,16,32,12,54,21,1,56,46,19,32,26,55,69,38,61,48,49,42,47,33,33,22,24,56,39,35,23,62,22,52,28,35,64,32,49,29,50,40,29,32,14,7,6,36,13,10,10,2,20,2,13,6,12,4,15,106,23,,12,10,17,16,28,80,35,46,83,33,8,7,25,80,50,76,44,41,46,81,58,23,57,47,28,69,22,52,51,39,22,36,71,94,5,24,50,10,20,43,138,76,69,35,93,35,73,,57,40,23,66,53,102,63,39,56,81,97,32,90,80,111,6,45,81,46,54,77,69,72,21,64,34,24,12,14,7,12,,2,4,6,6,14,8,3,19,11,20,17,15,13,28,30,30,7,11,11,2,8,13,10,10,6,,8,8,25,17,9,7,7,31,4,133,8,9,19,23,20,23,24,,,22,24,36,18,23,15,19,32,28,42,,21,20,17,28,21,16,15,10,27,41,11,16,35,,,10,13,22,36,12,33,79,60,33,44,42,51,54,33,43,45,38,53,37,16,33,21,26,32,46,12,,27,23,41,48,,33,13,26,21,26,29,,24,2,4,2,6,11,13,29,21,19,22,16,11,,21,18,15,10,2,3,7,3,,33,29,31,37,22,26,32,24,9,15,4,13,24,19,32,22,11,28,24,47,28,25,11,21,16,15,12,20,11,29,24,29,10,31,12,5,1,12,2,27,8,22,20,20,26,11,34,5,15,31,29,13,7,10,31,36,43,54,20,9,7,31,54,133,49,25,10,12,,9,29,,14,7,10,14,35,10,26,21,25,19,29,35,2,39,38,36,29,12,11,15,17,,,30,18,44,21,15,17,17,33,,40,57,26,31,23,28,30,53,19,40,35,21,46,49,48,,2,44,31,18,26,41,42,29,8,22,35,3,2,2,16,27,2,34,20,23,31,2,19,21,31,8,8,10,12,16,18,4,30,41,45,44,12,14,13,15,17,29,3,21,51,9,9,5,11,4,6,4,19,36,35,64,81,59,50,32,33,57,76,76,83,47,47,61,38,43,66,36,27,,24,32,30,40,47,103,35,44,31,38,19,36,25,41,28,2,58,22,26,15,21,24,8,32,25,37,52,41,38,77,26,22,19,8,2,52,34,53,23,19,9,29,24,33,22,62,24,43,30,6,9,11,21,14,14,36,30,38,54,10,31,16,3,16,13,11,13,24,22,7,37,36,21,14,,3,12,6,10,4,7,41,35,6,36,40,27,6,16,21,27,34,33,9,25,25,30,29,37,33,25,2,17,23,38,,4,22,10,15,41,86,62,32,14,41,11,31,24,17,17,30,9,87,70,54,3,22,15,29,7,42,54,,24,39,107,107,81,90,35,67,44,30,9,70,79,71,6,14,33,19,17,4,7,8,25,22,11,19,20,15,46,18,36,29,43,,28,14,16,15,75,31,24,25,17,9,71,,29,7,4,3,35,34,21,31,29,41,18,2,18,28,14,14,39,19,27,26,59,13,5,23,53,7,6,,36,11,18,6,18,18,12,,8,10,3,17,23,13,67,96,57,21,29,21,19,8,42,10,19,24,7,4,5,47,36,19,9,28,20,34,81,22,22,25,15,31,9,39,30,,2,4,4,14,6,5,8,9,14,7,5,15,12,1,4,2,,18,16,20,63,24,15,3,33,25,10,16,18,22,12,30,8,,29,20,60,33,,6,8,34,20,7,10,31,44,29,61
20160416,21,NO2_24h,,,,,,,,,,,,,,37,36,21,37,30,37,,44,51,46,33,32,38,,28,22,16,21,22,10,11,69,75,52,75,76,78,26,50,64,49,49,38,39,25,43,24,19,53,21,17,30,13,16,11,9,22,18,17,14,12,9,37,29,22,31,46,53,45,23,33,30,37,36,36,29,16,,6,15,16,16,7,13,26,10,20,10,6,9,25,13,8,26,35,35,,31,61,33,42,42,,29,27,31,15,30,21,21,20,,23,11,63,44,63,34,45,19,15,25,24,37,35,42,32,,83,87,50,30,78,32,38,35,47,40,37,36,35,31,28,28,18,27,35,38,45,37,48,49,30,37,32,39,35,38,39,40,39,39,33,40,29,49,42,28,29,20,41,46,45,25,37,40,47,32,29,,24,32,30,47,28,26,47,52,32,44,37,24,46,35,18,34,,35,32,28,38,25,41,34,22,53,29,20,45,25,29,27,23,41,65,34,36,45,37,12,54,18,47,55,,42,38,40,16,16,19,32,,10,26,23,,58,74,58,33,20,26,,33,,23,34,,40,22,19,20,,,38,32,25,35,29,33,42,37,41,32,39,19,22,36,55,42,37,14,35,20,61,60,66,49,68,19,35,37,31,24,19,10,26,38,12,29,24,31,27,32,31,10,,39,12,20,21,5,39,19,13,15,21,25,46,53,37,31,26,31,37,34,25,20,22,37,31,37,27,14,27,29,18,15,21,11,18,18,35,33,22,22,13,47,39,,33,40,27,51,47,27,46,32,21,,26,25,25,16,36,8,19,31,28,25,14,22,7,45,48,46,25,26,4,37,38,9,5,4,4,16,14,16,,26,20,30,25,21,19,23,25,13,15,21,16,15,,30,15,46,16,25,42,40,34,6,14,21,15,29,12,46,20,40,22,22,32,22,21,53,23,34,40,27,21,26,50,32,38,44,42,43,,28,19,16,36,15,17,18,26,28,49,20,32,18,11,16,6,30,21,17,34,24,12,45,21,41,32,42,32,37,43,42,24,27,22,29,23,49,26,24,13,23,30,25,31,29,13,6,25,27,28,26,27,44,40,42,45,48,44,13,21,28,26,21,24,28,32,40,24,,9,15,32,14,12,8,9,9,10,14,15,12,8,6,9,33,31,23,21,14,13,20,18,30,31,19,17,38,36,37,46,45,48,20,38,36,39,42,28,42,41,,19,22,28,,27,36,28,24,33,52,53,,40,47,15,28,60,28,11,19,29,,12,18,17,17,,19,,16,28,35,34,24,26,38,23,14,,26,17,21,36,18,24,,18,20,26,16,28,22,29,20,26,15,,9,5,10,7,17,5,4,11,4,5,20,31,33,9,12,12,25,17,16,6,4,6,30,52,43,15,20,24,31,28,29,26,3,4,17,17,28,36,22,21,24,11,15,8,35,8,10,19,33,,27,20,7,26,13,26,6,4,33,31,20,27,14,17,8,13,10,13,20,20,33,44,25,21,,28,36,23,30,16,32,28,30,53,24,20,15,39,50,41,45,47,35,28,34,21,34,,10,20,29,23,16,9,16,65,27,50,24,20,18,18,7,15,31,34,22,20,31,19,26,26,35,27,30,27,17,13,31,20,7,33,17,1,32,21,16,18,21,31,26,30,47,19,18,33,25,38,32,29,18,28,26,26,20,23,23,28,18,26,36,28,23,26,28,22,16,30,15,8,7,15,12,9,7,4,17,2,13,11,17,5,7,43,24,37,10,10,14,15,16,21,19,13,25,12,8,6,29,29,31,32,18,17,20,24,20,12,41,26,35,34,10,7,20,21,16,18,18,26,27,22,39,19,13,24,31,39,25,18,33,32,19,,26,18,10,19,28,35,35,17,31,20,24,8,32,38,45,11,20,32,34,26,33,28,36,16,34,30,24,8,14,8,16,,7,18,30,19,13,6,3,13,12,25,15,14,22,32,33,40,16,14,13,11,23,23,14,12,18,,17,21,30,13,16,8,7,22,14,23,10,12,35,44,45,31,29,,30,35,35,35,31,34,20,23,38,33,44,31,30,28,19,42,31,25,21,22,43,38,27,42,53,,,23,18,17,17,9,16,19,19,15,21,17,32,35,30,15,18,17,14,16,12,18,19,14,16,21,10,,11,17,22,10,,8,5,16,11,17,19,,15,10,11,10,13,25,18,12,11,19,21,20,10,,19,19,25,9,4,7,8,4,,37,28,43,34,15,22,28,23,26,38,19,34,20,18,22,23,33,39,40,27,28,23,28,34,38,28,17,24,14,36,31,27,12,27,17,8,2,12,2,30,12,32,30,20,24,13,17,6,13,35,28,16,8,29,38,20,21,13,27,17,10,16,65,73,49,32,28,22,,29,33,,31,10,22,26,25,34,40,50,34,44,37,48,3,42,25,35,27,11,33,40,37,50,,23,16,56,30,17,24,23,28,,18,60,36,39,31,37,32,40,22,32,19,25,33,36,36,,2,19,16,12,25,38,24,15,23,40,35,5,8,4,19,21,3,17,10,19,11,11,15,24,23,15,6,17,18,20,16,5,11,10,10,16,12,15,15,15,17,14,3,17,21,9,10,7,13,10,17,18,35,33,27,32,44,21,37,19,23,27,28,28,24,23,29,33,22,19,50,21,23,,19,19,22,22,23,56,21,22,14,32,31,31,20,18,26,6,18,13,15,15,16,17,12,29,25,23,19,19,19,44,16,11,15,8,3,9,14,14,12,15,5,15,18,18,19,32,18,26,25,4,10,10,14,11,9,25,21,19,28,10,12,11,3,12,14,20,20,30,30,5,14,12,11,4,,13,13,7,16,5,7,19,17,16,31,17,31,7,14,19,20,20,15,10,19,22,13,15,20,11,19,8,13,14,28,,5,15,11,15,19,38,24,32,16,20,14,27,19,17,18,13,16,26,22,18,7,20,16,15,7,25,18,,17,19,25,25,35,20,17,39,22,13,7,30,33,24,8,9,15,10,13,8,8,16,28,23,12,16,11,13,25,17,18,29,26,,19,12,13,11,19,14,17,15,14,11,20,,30,18,14,2,12,7,11,17,25,30,18,4,25,32,14,15,21,20,21,38,29,15,16,39,33,9,7,,27,22,15,13,14,18,10,,28,7,6,22,14,11,25,33,25,18,28,17,19,9,20,9,9,11,21,11,5,30,21,19,10,13,13,27,29,15,37,7,5,10,22,60,27,,7,9,12,26,8,5,24,13,14,16,33,30,53,6,17,13,,30,31,13,19,3,4,3,43,37,10,28,31,35,19,41,40,,26,33,29,21,,11,3,14,25,17,23,29,37,17,59
20160416,21,O3,,,,,,,,,,,,,,66,65,23,57,75,75,,47,4,10,51,16,67,,51,44,71,68,61,41,100,4,5,8,9,5,6,32,4,5,17,23,38,33,35,45,89,88,98,68,71,62,92,87,86,90,33,96,100,110,95,107,46,72,72,80,64,74,69,47,51,31,24,10,18,22,42,,64,30,32,34,49,75,72,83,82,97,72,78,78,78,80,54,49,57,,75,39,55,63,43,,85,133,107,113,98,120,145,135,,147,130,25,39,16,42,35,52,94,45,45,59,107,47,40,,39,23,82,46,42,41,39,47,106,97,73,114,114,98,87,37,96,83,68,98,78,81,82,79,90,89,97,102,111,101,116,108,111,108,99,94,96,20,110,107,104,118,104,61,64,71,63,42,67,66,28,,75,85,107,107,98,122,99,124,126,65,91,77,105,87,85,81,,68,79,69,69,42,78,82,62,33,42,51,41,67,66,69,81,49,41,62,42,102,80,120,94,98,82,78,,110,97,60,58,69,69,76,,78,70,67,,3,2,3,69,74,57,,71,,112,112,,15,22,23,50,,,71,81,65,91,104,77,,3,32,73,51,52,79,67,66,51,69,79,62,48,23,21,42,18,,11,32,19,65,83,108,111,81,61,72,75,92,25,19,44,46,61,,48,10,96,120,101,94,27,135,105,95,111,66,44,73,63,62,47,59,47,44,59,15,72,52,45,62,49,45,43,109,70,124,96,85,77,54,68,73,42,76,4,2,,6,,8,3,8,8,1,6,15,,17,9,7,6,54,22,56,11,7,31,39,46,48,3,6,2,22,14,49,7,16,16,27,32,25,31,24,19,,10,7,9,9,28,19,13,23,14,22,43,45,51,,79,94,46,75,78,70,98,70,76,48,22,26,28,118,44,87,16,58,102,94,64,60,47,82,54,53,78,33,94,41,53,74,57,30,56,,85,105,60,95,53,76,107,108,36,62,121,92,87,118,107,99,103,49,113,114,126,148,147,140,12,51,45,23,19,17,8,50,25,55,1,7,15,86,76,120,82,83,62,59,59,101,132,96,82,115,82,73,63,24,32,57,40,65,36,69,43,74,69,78,60,93,56,51,,151,35,9,39,85,73,86,70,84,92,78,74,61,91,92,90,100,78,72,116,137,115,115,71,76,89,55,58,27,83,20,8,23,26,56,55,70,43,53,73,66,,64,62,19,,16,49,33,41,28,47,21,,54,26,50,63,58,61,91,96,97,,94,105,104,87,,105,,98,38,12,35,87,58,65,89,121,,96,139,122,67,77,72,,66,63,26,72,73,2,6,30,8,31,,47,29,46,59,58,16,51,52,44,51,12,6,5,35,34,36,9,24,18,45,30,39,35,30,24,26,10,13,1,,,28,49,12,29,115,46,69,17,28,42,83,78,78,73,86,67,67,76,,89,55,54,61,26,36,37,33,57,29,71,61,95,99,80,75,55,74,73,66,66,56,84,81,,64,81,76,59,100,73,56,91,53,56,86,49,74,55,75,73,83,93,32,94,81,48,,106,17,23,44,73,73,73,89,46,27,105,76,82,91,93,92,10,84,45,24,76,37,29,69,54,36,31,38,37,40,81,57,79,69,104,102,58,69,129,81,74,41,30,32,42,50,27,47,32,59,80,56,50,44,70,32,87,47,64,70,89,89,54,70,60,101,70,76,67,81,91,132,120,75,112,84,71,79,84,26,41,90,75,95,58,30,87,20,42,102,148,68,122,32,62,78,46,70,68,76,83,25,61,12,29,30,34,27,35,37,37,50,87,42,70,36,51,68,48,29,27,12,81,107,67,51,89,33,74,21,16,65,13,97,39,,47,80,87,51,38,23,59,60,59,54,40,43,13,14,10,106,26,12,38,37,7,11,20,75,66,87,85,100,108,74,90,,94,112,95,95,99,107,65,117,62,79,82,117,89,93,43,39,85,74,131,107,119,124,132,143,140,,146,103,120,126,101,70,30,59,132,119,102,125,93,106,102,85,97,,,,97,80,109,102,46,7,71,76,84,87,142,74,50,81,62,,104,73,100,39,79,64,74,,,122,71,92,47,76,62,18,25,49,50,36,19,5,64,81,77,44,82,90,88,62,73,70,53,40,85,,62,76,47,41,,34,36,85,114,83,32,,24,112,96,90,64,57,89,58,70,87,81,73,85,,48,74,81,109,94,40,120,111,,48,27,30,30,115,105,62,60,133,65,63,94,46,44,29,33,64,50,54,87,98,81,105,92,80,41,52,76,81,80,80,61,48,34,50,40,81,85,70,83,49,44,62,38,54,69,37,58,66,63,23,58,35,70,69,48,54,,51,47,59,43,57,122,127,82,85,93,,65,66,,79,63,62,80,57,90,43,85,51,88,72,32,4,9,14,78,63,82,116,45,103,22,,17,70,72,32,100,80,96,83,,12,118,58,40,60,54,46,1,6,9,33,7,26,27,15,,,28,43,53,1,2,2,5,45,104,53,69,70,97,96,80,53,80,66,102,30,148,53,84,97,95,99,97,100,102,96,62,42,42,36,45,80,78,98,65,60,23,,66,39,84,89,92,90,88,94,107,84,83,39,19,15,26,58,61,52,38,44,12,14,56,52,38,64,72,63,64,95,,84,72,88,31,25,9,38,57,76,81,66,67,83,16,66,115,4,60,78,82,91,79,98,91,101,65,52,76,50,48,88,86,84,110,50,20,35,38,76,92,91,37,33,83,88,66,106,88,69,93,94,94,85,91,119,92,100,89,74,101,65,93,87,74,105,106,82,77,96,80,30,52,47,51,,96,100,86,90,37,26,37,165,22,77,80,66,33,11,68,65,69,62,76,74,94,65,61,54,26,79,68,52,50,57,,137,115,126,122,54,11,14,68,34,82,49,96,101,109,115,93,108,20,35,59,101,81,99,73,122,74,62,,83,13,10,9,13,22,10,57,9,55,108,20,7,6,101,95,92,89,107,73,119,128,20,44,119,125,109,124,108,100,38,60,155,,105,98,97,81,9,14,53,77,119,130,38,,71,150,135,107,84,50,43,,58,158,42,53,88,96,120,132,99,148,139,67,89,103,91,93,99,58,28,76,39,116,115,78,91,85,92,,78,15,60,90,52,44,24,4,28,76,81,47,96,81,40,65,105,80,117,70,55,69,73,95,91,60,93,77,17,96,110,58,71,68,96,85,57,,102,95,126,103,112,114,119,127,14,83,92,72,72,17,103,64,,35,89,130,92,37,40,76,37,40,129,113,103,169,109,104,63,,84,74,72,105,,99,87,73,119,129,74,49,19,73,2
20160416,21,O3_24h,,,,,,,,,,,,,,75,93,31,85,89,99,,75,70,92,83,47,91,,110,57,112,112,90,62,152,132,121,132,106,105,128,155,129,157,170,179,100,89,115,100,110,107,123,89,106,73,99,97,93,100,82,113,118,136,114,123,69,84,87,105,76,90,76,155,144,146,103,81,95,68,70,,75,80,65,63,66,115,104,89,100,142,83,83,89,83,86,99,139,137,,156,78,134,128,123,,149,150,138,133,141,152,158,146,,147,130,134,115,108,137,112,127,145,133,122,151,107,123,122,,43,31,84,60,53,69,43,77,106,103,93,176,114,107,116,124,109,108,89,134,106,126,114,98,115,112,97,102,111,101,116,108,111,108,99,94,96,24,112,148,145,123,144,131,124,129,86,84,121,107,59,,88,93,107,107,98,122,99,124,127,65,109,106,111,87,91,87,,84,100,98,80,50,99,99,139,79,101,114,97,125,120,122,133,89,60,99,46,102,80,123,99,98,88,80,,110,97,89,112,108,123,118,,129,110,102,,44,45,49,102,93,70,,82,,112,112,,86,80,93,100,,,71,81,65,99,115,88,100,92,85,107,80,76,107,100,100,79,214,108,102,67,32,44,67,39,25,79,61,102,84,122,120,122,88,79,108,96,109,131,145,157,137,165,,132,153,137,141,118,111,133,150,105,120,148,163,84,146,122,119,61,114,105,155,84,110,96,88,92,130,91,103,126,141,85,151,127,136,114,114,132,109,120,114,69,62,,36,38,68,51,53,65,40,68,87,,99,85,93,76,91,76,119,108,77,87,71,57,81,72,77,80,74,56,97,91,109,146,61,66,65,68,63,52,,53,56,56,59,60,78,65,72,74,82,114,113,114,,210,243,144,162,215,260,248,220,99,142,89,85,94,133,131,156,110,179,134,134,122,107,112,143,123,145,145,68,137,154,124,129,117,118,150,,131,116,157,174,158,155,170,164,157,169,187,128,138,137,140,140,133,109,126,129,129,148,147,142,123,120,127,112,112,110,135,131,87,103,159,125,132,104,86,152,107,97,73,224,100,116,144,115,93,128,100,87,100,37,51,94,62,107,41,122,101,114,129,133,123,131,128,117,,183,121,116,72,97,91,96,81,95,106,102,100,73,113,111,144,135,142,129,133,172,137,136,128,151,155,135,118,74,137,52,48,47,39,131,131,146,54,66,93,79,,135,139,101,,150,63,40,57,76,162,133,,76,67,80,121,108,95,133,106,117,,112,117,115,109,,127,,127,136,105,130,158,136,164,104,132,,96,200,141,119,127,125,,107,90,36,121,104,101,125,88,144,94,,78,57,64,94,95,46,68,209,67,79,59,54,48,87,78,78,63,53,62,68,52,70,134,126,133,152,131,149,77,92,108,108,87,20,109,137,74,97,131,143,154,101,90,94,89,98,80,113,132,,129,97,116,100,86,76,108,88,95,104,98,115,119,112,106,102,63,87,164,113,154,130,167,171,,152,145,164,120,161,142,177,133,101,129,173,189,151,128,169,178,168,148,139,139,148,145,,170,89,68,81,111,114,83,93,70,55,120,79,88,95,104,106,20,84,107,48,98,52,96,107,85,52,38,56,45,46,81,84,112,111,125,145,103,131,149,140,113,99,99,52,94,141,123,110,117,97,131,78,114,131,123,79,131,138,65,122,138,123,98,114,109,124,137,133,122,111,125,165,137,152,150,122,95,104,116,107,51,103,100,101,94,159,155,130,214,129,148,100,226,171,163,158,182,174,82,93,178,177,172,150,59,72,71,119,108,104,78,109,138,155,159,129,158,115,52,55,106,91,101,176,140,90,101,96,156,64,91,87,131,151,138,,137,185,172,149,123,107,121,122,156,141,142,130,127,121,128,126,125,118,113,146,129,128,133,105,129,126,115,118,122,91,102,,117,122,112,113,139,122,67,156,70,93,93,127,112,125,158,146,109,89,154,107,122,124,134,147,147,,159,113,134,149,153,120,84,103,132,126,102,125,93,106,102,87,99,,99,,100,80,109,102,55,9,112,101,110,92,149,80,52,84,72,,114,75,108,61,88,67,87,,,122,76,120,117,107,122,116,102,106,108,108,63,67,99,118,137,125,125,145,112,112,112,116,99,106,102,,104,105,74,67,,72,52,107,156,136,86,,41,123,110,95,90,78,132,105,110,112,110,95,99,,61,81,86,115,95,43,127,118,,132,91,77,63,183,160,122,134,217,117,123,176,124,121,84,48,134,108,121,135,148,120,118,139,100,89,98,76,81,95,89,91,70,40,79,70,83,85,76,94,58,50,74,84,81,88,86,58,82,70,39,78,50,74,104,78,91,,52,52,95,81,99,136,127,139,108,157,,109,117,,129,127,123,144,153,115,48,97,61,128,104,40,52,54,33,90,86,99,129,62,110,43,,33,126,137,56,106,99,123,94,,90,265,72,58,68,70,58,29,54,55,72,141,97,96,83,,,98,113,97,35,45,44,54,64,121,84,121,83,113,111,103,106,141,121,145,89,161,72,117,141,107,124,109,114,119,120,107,104,95,101,106,99,104,116,87,119,65,,124,116,101,95,103,98,97,117,125,85,89,69,70,74,97,105,106,89,97,126,99,146,140,122,115,118,132,111,116,124,,110,111,132,124,124,128,132,115,141,146,84,95,129,34,88,115,83,89,128,114,135,122,147,95,115,116,124,126,90,111,123,113,97,120,100,99,112,112,96,119,120,107,88,110,105,96,122,108,73,115,115,116,110,114,164,116,124,199,118,115,111,116,87,79,115,125,89,111,116,115,117,119,105,102,,113,127,114,109,118,102,134,228,23,148,203,88,47,43,112,119,107,153,165,175,194,140,120,117,137,147,100,60,117,118,,166,147,194,181,124,125,141,156,62,132,64,138,117,120,125,129,112,112,117,105,122,131,136,136,151,126,136,,126,167,95,113,130,91,40,188,91,99,120,93,75,97,114,147,140,136,140,82,134,137,25,70,160,149,131,136,138,117,51,156,174,,150,135,137,117,35,120,99,130,153,154,136,,106,158,140,142,150,94,68,,94,198,63,80,105,127,168,194,179,172,159,125,241,105,91,153,190,68,35,94,57,137,145,90,117,99,107,,82,20,62,110,99,91,122,120,119,124,123,70,130,87,118,121,138,124,128,80,110,108,107,117,111,78,115,116,111,105,128,71,91,94,112,114,102,,119,117,137,103,133,114,129,127,43,99,110,89,87,87,106,69,,43,106,160,180,56,55,142,46,51,135,122,119,185,119,126,75,,107,76,105,132,,116,101,107,150,145,88,88,46,116,20
20160416,21,O3_8h,,,,,,,,,,,,,,64,69,23,61,68,79,,51,38,40,52,31,75,,95,52,99,98,80,55,96,25,28,34,32,26,25,68,49,53,62,55,82,70,81,77,101,100,112,82,95,68,96,93,90,94,73,90,92,103,92,100,63,80,82,98,61,75,64,85,86,73,77,59,67,54,57,,69,65,58,54,62,102,87,87,93,107,76,80,82,80,81,64,81,78,,89,46,82,77,71,,102,97,82,90,70,103,106,111,,112,106,46,52,32,67,55,80,109,69,80,92,63,45,62,,22,13,49,29,26,30,38,29,78,64,68,79,80,70,70,61,72,76,65,85,78,74,76,73,86,90,64,62,71,67,74,72,71,66,60,63,64,15,65,71,68,88,77,61,66,72,68,43,64,67,20,,60,71,73,71,61,81,60,76,84,38,62,56,70,56,60,57,,58,66,36,57,34,67,69,75,42,48,61,49,69,66,70,82,43,37,57,38,83,58,83,75,82,58,63,,68,75,66,75,76,79,70,,94,73,64,,16,25,21,78,75,60,,61,,68,68,,58,60,69,67,,,57,63,53,83,105,78,14,25,37,71,54,56,80,71,70,60,84,81,68,48,21,22,37,24,4,48,48,56,72,101,105,109,77,69,90,84,92,48,55,64,53,64,,52,56,98,102,83,76,24,114,88,68,101,103,65,103,89,96,52,80,72,107,70,90,78,75,64,108,69,79,98,128,79,140,116,120,102,97,114,100,104,103,25,20,,18,15,38,28,23,39,14,41,32,,34,32,5,33,72,41,58,27,34,50,51,46,64,39,40,39,51,35,72,52,65,42,48,51,50,51,44,37,,39,40,39,42,48,48,38,45,28,33,76,79,81,,147,180,97,122,150,173,173,150,81,103,60,50,61,114,103,120,78,130,119,115,103,90,81,119,89,108,113,33,112,116,101,109,103,96,121,,113,100,125,139,127,125,141,136,116,131,156,115,113,130,127,124,123,94,113,116,118,129,114,118,92,95,97,89,82,73,102,103,73,88,111,88,94,94,82,140,99,91,66,107,68,107,135,104,86,121,94,80,78,26,42,80,53,86,39,107,84,103,112,118,101,116,106,96,,170,94,88,62,92,83,93,78,91,102,92,92,68,104,104,84,78,82,79,122,146,120,111,88,94,107,79,64,36,95,30,26,30,26,58,58,78,34,45,64,56,,86,77,49,,62,52,35,46,40,74,45,,63,55,47,64,51,49,77,86,77,,82,86,89,98,,114,,116,64,41,57,89,64,73,70,88,,72,109,96,99,109,106,,81,66,28,94,81,43,54,66,62,54,,66,47,56,79,81,34,54,87,55,63,33,27,26,45,45,49,40,39,42,58,41,55,78,66,73,97,80,77,42,49,48,72,66,17,82,130,61,89,74,71,74,94,84,89,79,94,74,99,116,,116,85,90,89,72,61,88,73,83,86,89,99,110,106,90,81,56,54,68,59,61,56,74,86,,102,92,94,69,110,97,91,89,68,77,90,95,78,78,88,76,90,102,77,97,103,79,,135,65,40,67,100,98,78,79,55,41,111,74,84,89,96,101,15,54,64,34,55,32,48,57,55,45,28,50,40,38,71,74,77,90,114,124,86,111,134,99,99,82,82,41,77,92,81,55,67,74,105,59,83,91,97,52,110,112,60,101,114,106,81,99,94,114,114,115,101,102,112,156,126,129,136,107,86,93,104,28,42,91,84,95,79,114,123,92,114,116,120,89,170,133,131,137,138,138,65,72,134,124,130,102,47,59,60,87,75,84,61,78,109,113,131,111,112,92,31,16,84,64,93,153,120,78,95,76,129,51,67,80,83,119,101,,102,146,136,119,92,84,104,105,126,119,115,107,97,96,98,115,90,82,83,106,82,96,97,92,108,109,103,107,114,80,96,,109,117,105,106,111,118,64,142,67,89,88,122,101,109,48,47,75,66,106,90,100,108,121,134,137,,131,97,121,137,111,79,58,84,95,100,86,106,62,70,68,58,68,,62,,68,65,76,72,41,7,43,45,64,57,107,60,35,64,49,,71,59,92,48,73,57,75,,,98,61,108,91,94,98,83,76,80,84,81,43,41,80,106,113,77,113,122,104,97,98,102,86,88,94,,91,96,64,60,,61,46,98,138,116,69,,35,115,101,92,77,66,104,89,96,101,99,83,94,,53,71,78,107,89,41,122,112,,72,44,39,44,92,85,64,62,167,84,79,124,55,56,38,32,76,66,68,90,96,98,103,118,84,56,62,72,75,81,79,70,44,37,48,35,81,77,72,90,50,41,59,54,56,66,73,46,65,51,25,65,34,58,76,69,83,,42,41,87,63,46,125,109,69,75,74,,59,59,,65,67,58,80,72,88,41,58,53,103,82,31,13,14,24,84,70,90,115,45,100,26,,23,70,105,34,85,87,106,81,,36,114,58,49,54,52,43,13,25,34,49,24,58,58,48,,,64,80,71,9,14,17,35,45,74,50,97,73,100,99,86,83,119,102,130,74,154,63,100,130,103,98,95,94,102,100,93,83,78,78,84,86,88,105,77,102,52,,108,95,93,91,96,93,87,94,100,78,75,56,56,59,72,85,89,72,66,83,63,83,103,79,75,92,99,85,89,114,,102,100,118,66,70,68,74,87,97,100,75,81,110,29,78,115,58,79,112,101,118,104,129,86,101,93,105,108,78,90,109,102,86,110,82,67,86,90,86,109,106,91,71,101,94,88,110,98,62,104,105,108,99,102,126,108,115,105,107,109,96,107,85,76,110,115,85,82,108,99,87,97,85,87,,107,114,105,102,89,81,107,210,22,123,164,76,38,28,93,92,94,121,130,136,154,112,102,98,101,124,84,56,91,97,,156,135,164,154,106,79,93,118,51,115,54,121,109,114,117,112,102,81,94,90,105,114,121,115,138,109,115,,109,105,62,83,70,69,20,54,46,82,111,66,52,66,109,119,120,124,129,79,128,130,24,36,137,134,121,128,125,102,46,85,163,,134,122,121,102,28,82,85,114,145,145,100,,78,149,136,125,128,79,58,,81,183,54,70,99,113,143,162,147,158,144,98,177,102,80,130,163,61,29,86,43,129,134,84,104,89,97,,80,16,59,100,84,74,90,81,79,111,109,63,118,81,91,99,128,111,117,76,91,96,94,106,98,68,103,106,92,94,117,61,84,85,106,98,84,,113,109,131,97,125,110,102,124,24,82,101,81,80,52,101,62,,39,99,150,161,53,52,113,43,47,126,114,112,179,113,119,69,,100,68,97,123,,107,96,97,138,138,84,70,32,98,12
20160416,21,O3_8h_24h,,,,,,,,,,,,,,96,111,36,113,114,114,,98,82,147,82,68,154,,116,82,128,115,103,70,159,132,120,113,113,112,128,166,132,159,164,172,163,126,158,158,138,121,127,114,120,83,96,94,91,96,80,155,141,174,150,164,70,89,110,105,115,177,164,184,187,175,166,126,131,117,65,,69,73,66,56,70,105,88,88,96,114,80,81,82,80,83,88,136,131,,151,65,135,121,123,,152,139,123,131,140,151,148,141,,130,108,118,107,95,121,101,112,129,116,108,112,63,78,112,,44,32,63,56,48,61,43,70,104,111,99,129,107,112,138,135,122,143,120,179,145,185,154,132,153,141,111,90,113,103,115,113,122,117,123,121,105,32,114,154,150,130,147,176,165,172,68,109,165,138,88,,106,116,119,141,109,160,99,140,148,85,129,125,143,107,118,108,,98,108,58,79,62,77,95,169,98,124,136,114,136,130,131,137,105,65,126,38,104,85,92,107,100,102,90,,102,112,76,102,103,118,108,,124,104,95,,32,37,45,100,102,68,,128,,100,104,,109,100,94,101,,,57,67,71,83,109,79,97,105,81,107,93,91,146,112,101,99,114,142,121,52,28,49,61,45,30,71,55,67,73,103,105,109,77,71,92,87,95,142,152,164,146,166,,149,165,131,137,114,106,126,146,94,118,138,193,112,188,154,161,110,130,130,177,71,100,82,78,77,113,74,88,109,128,79,141,117,123,104,105,118,102,111,105,32,28,,23,19,48,29,27,42,18,46,82,,79,77,75,76,80,74,111,98,68,81,56,50,74,47,48,47,58,42,75,61,73,53,54,60,57,55,51,43,,45,48,47,50,53,85,64,73,78,98,80,82,82,,162,197,106,128,162,189,192,167,96,121,68,76,78,114,108,121,86,136,119,115,108,95,83,122,92,118,113,66,112,136,106,113,107,104,128,,115,100,133,142,136,130,144,138,136,140,156,121,126,132,135,132,129,103,137,154,136,157,136,151,104,105,107,99,94,86,117,115,78,91,135,105,112,95,83,148,100,91,81,107,73,112,135,104,86,121,94,80,83,26,44,81,53,95,39,110,88,104,114,120,104,116,111,100,,173,102,100,66,98,90,105,83,98,114,94,93,69,105,104,154,136,148,134,127,160,128,126,157,189,192,136,122,75,140,39,38,44,40,154,152,159,100,108,137,128,,170,185,126,,186,95,56,91,60,180,138,,96,58,117,171,140,140,171,120,120,,106,134,114,133,,156,,145,164,132,164,174,152,176,93,126,,91,150,141,154,160,156,,81,66,28,94,81,64,92,90,82,88,,73,53,59,86,87,42,64,104,62,71,52,45,44,82,72,85,53,46,51,63,46,62,78,66,73,113,95,100,63,73,74,93,76,18,91,134,66,93,132,147,159,98,86,91,83,96,77,116,148,,132,96,97,92,77,65,95,78,88,97,92,106,113,116,113,109,70,84,139,102,129,113,151,156,,136,126,153,106,155,136,161,136,98,121,166,176,139,127,171,150,153,138,131,132,136,131,,156,80,66,73,104,106,78,79,56,41,111,85,93,98,96,105,53,84,92,64,141,78,137,154,118,53,40,54,42,52,71,77,87,96,115,128,91,116,134,100,152,155,138,70,150,150,139,125,128,130,198,95,180,136,145,75,139,120,75,107,120,112,86,102,98,114,121,120,106,104,114,158,127,136,138,108,87,93,104,107,44,92,91,96,86,139,133,120,202,122,159,99,182,151,136,146,155,155,77,88,134,127,131,106,52,64,63,100,89,92,66,104,120,133,138,120,132,96,31,46,94,78,94,158,127,82,95,86,143,58,80,83,108,124,114,,116,157,145,133,101,95,110,117,150,128,129,121,118,113,120,115,107,100,98,124,102,114,112,94,114,111,104,110,116,85,96,,110,118,106,110,134,118,64,143,67,89,88,122,122,161,180,191,84,80,148,90,114,112,132,139,141,,174,131,135,154,157,117,80,99,119,122,93,112,95,108,114,106,106,,108,,86,74,76,97,77,13,133,114,124,132,201,110,75,120,104,,130,59,94,49,73,57,76,,,98,68,108,113,120,126,126,140,144,151,151,52,54,84,111,170,78,119,125,166,104,102,108,92,97,96,,96,101,65,61,,63,47,101,140,119,80,,39,115,104,95,90,86,125,100,104,108,105,90,95,,74,89,92,121,112,42,124,116,,116,79,68,63,174,152,115,122,208,103,120,166,119,105,79,50,113,94,100,122,132,110,103,123,84,71,81,80,95,82,80,80,70,38,80,80,81,85,72,90,63,47,69,90,70,76,83,46,65,73,62,78,50,86,119,75,90,,60,49,94,76,183,126,109,162,136,177,,127,121,,139,127,119,177,179,88,47,64,53,103,82,31,26,26,24,85,70,90,134,79,136,65,,57,127,168,74,85,87,137,89,,104,166,58,49,67,63,58,44,56,42,74,45,60,59,57,,,77,83,71,30,39,42,46,56,74,50,98,74,100,99,104,90,124,104,130,79,155,63,101,134,104,98,95,94,102,100,96,89,82,83,90,87,89,106,78,108,56,,112,102,93,91,96,93,87,105,107,78,78,120,104,110,136,140,158,126,106,142,104,142,189,150,146,142,158,141,150,122,,111,112,132,154,154,160,164,135,156,164,76,82,110,32,80,115,72,83,121,103,123,107,132,102,101,95,113,111,81,98,110,102,86,110,86,99,94,99,93,115,114,101,79,103,94,89,110,98,62,107,108,111,103,105,128,108,115,106,113,110,100,107,85,76,115,116,85,92,109,104,100,104,94,96,,107,116,105,102,106,93,127,215,22,128,172,82,44,34,103,108,102,130,138,144,161,119,109,106,123,138,85,56,97,99,,156,137,166,157,112,106,114,130,54,119,54,123,110,114,117,115,102,92,101,94,105,116,121,118,138,112,122,,112,129,74,99,113,82,28,184,47,84,111,82,65,82,110,121,125,127,131,79,128,130,24,63,140,134,123,128,126,109,47,100,163,,138,124,124,104,31,101,94,124,149,148,116,,78,149,136,128,135,92,64,,82,186,54,73,101,119,151,172,160,161,145,105,200,102,86,130,167,78,38,89,57,139,148,91,116,104,112,,81,18,59,118,105,77,97,94,87,119,117,67,124,81,104,100,132,120,117,77,100,98,95,107,99,72,108,111,107,100,117,61,87,91,109,105,88,,113,109,132,97,131,110,135,124,36,82,110,81,80,55,102,63,,41,102,152,169,56,54,130,43,48,126,114,118,181,122,136,73,,102,68,98,123,,107,102,103,139,138,85,77,37,128,16
20160416,21,CO,,,,,,,,,,,,,,0.061,0.317,0.55,0.375,0.227,0.501,,0.7,1.503,0.906,0.445,0.746,0.53,,0.38,0.301,0.234,0.322,1.572,0.234,0.213,1.821,2.27,2.072,1.925,1.871,1.921,0.98,1.001,1.451,1.238,1.124,0.949,0.966,0.997,1.047,0.283,0.411,0.266,0.239,0.109,,0.097,0.27,0.24,0.425,1.211,0.249,0.412,0.178,0.302,0.313,0.116,,0.308,0.448,0.712,0.559,0.41,0.398,0.416,0.7,0.697,0.618,0.809,1.003,0.376,,0.236,0.388,0.986,0.372,0.627,0.574,1.126,0.64,0.351,0.933,0.81,0.224,0.37,0.496,1.312,0.974,0.881,1.216,,1.229,0.681,1.204,1.008,1.057,,0.509,0.54,1.144,0.868,0.84,0.896,0.578,0.729,,0.936,0.3,0.956,0.587,1.139,0.659,0.76,0.642,0.823,0.682,0.6,0.66,0.664,1.939,1.099,,1.028,1.066,0.676,1.552,1.402,1.08,0.646,0.868,0.671,0.636,0.909,0.583,0.947,0.547,0.675,1.042,0.859,1.316,0.862,0.593,0.376,1.144,1.049,0.402,0.397,0.858,0.8,0.94,0.845,0.985,0.755,0.775,0.996,1.044,0.9,1.016,0.88,0.98,0.676,0.749,0.915,0.739,0.636,0.6,0.971,0.892,0.694,1.239,0.742,0.904,1.605,,1,1.102,1.323,1.497,1.624,1.032,2.022,1.065,0.754,2.527,0.876,0.897,1.016,0.683,0.939,0.774,,0.762,0.672,0.905,1.248,1.402,1.136,0.934,1.947,2.406,1.331,2.474,1.668,1.233,1.322,1.482,1.444,1.793,1.458,1.985,1.784,0.718,0.866,0.552,0.611,0.653,0.797,0.862,,0.638,0.808,1.304,0.838,0.744,0.828,0.809,,0.786,0.841,0.888,,1.976,2.196,1.57,0.851,0.591,0.327,,0.899,,1.45,0.774,,1.266,1.051,1.571,0.722,,,0.727,0.766,1.351,0.754,0.739,1.005,1.816,1.182,0.707,0.873,0.858,0.773,0.746,1.016,1.12,1.633,0.953,1.146,1.792,0.508,1.583,1.445,1.991,1.604,2.705,0.5,1.031,0.639,0.538,0.463,0.661,0.125,0.587,0.636,0.806,0.735,0.508,0.672,0.914,0.668,0.708,0.586,,0.459,0.767,0.57,0.658,0.692,0.574,0.403,0.427,0.255,0.934,0.407,1.44,1.163,1.581,0.895,0.877,1.212,1.044,0.848,0.987,0.693,0.749,0.914,0.668,0.927,0.977,0.869,0.847,0.942,0.709,0.334,0.82,0.602,0.771,0.648,0.445,0.522,0.438,0.781,0.78,1.068,1.468,,0.772,0.796,1.177,1.502,0.893,0.796,0.932,0.956,0.477,,0.688,1.026,0.588,0.77,0.648,0.674,0.569,0.907,0.853,0.697,0.759,0.57,0.828,0.676,1.168,1.278,0.712,0.906,0.362,0.871,1.083,0.959,0.669,0.79,0.981,0.659,0.764,0.649,,0.743,0.702,0.959,0.605,0.595,0.825,0.746,0.724,0.757,0.273,0.851,0.841,0.504,,0.98,0.895,1.102,1.068,0.954,0.993,0.686,0.827,0.338,0.6,0.524,2.505,0.61,0.117,0.543,0.192,0.582,0.739,0.451,0.371,0.755,1.087,0.646,0.618,0.121,0.488,0.132,0.527,0.838,0.708,0.798,0.956,0.554,0.818,0.97,,0.625,0.481,0.57,0.757,0.618,0.335,0.648,0.57,1.163,0.703,0.561,1.284,0.643,0.018,0.78,1.731,0.558,1.224,0.438,0.52,0.358,0.157,0.183,0.495,1.911,0.807,2.022,0.954,1.416,1.336,2.857,1.006,1.044,0.515,3.323,1.816,,0.533,0.181,0.709,0.59,0.448,0.387,0.621,0.658,0.655,0.584,0.422,0.424,0.544,0.234,0.731,0.504,0.372,0.45,0.548,0.476,0.326,0.22,0.369,0.477,0.469,0.617,0.301,0.738,0.289,0.604,0.785,,0.343,0.336,0.73,0.728,0.747,0.74,0.459,0.677,0.696,0.814,0.607,0.487,0.17,0.266,0.292,1.594,0.984,0.844,0.722,1.343,0.614,,1.894,0.688,0.309,0.122,0.976,1.169,0.464,0.632,0.707,0.771,0.667,0.709,1.071,1.473,1.212,1.217,0.891,0.892,1.175,,0.614,1.292,1.504,,1.407,1.214,1.094,0.999,1.483,1.74,1.992,,0.929,2.036,0.668,0.356,0.37,0.707,0.299,0.474,0.146,,0.566,0.527,0.654,0.5,,0.601,,0.574,0.937,1.219,0.623,0.348,0.597,0.259,0.259,0.299,,0.378,0.27,0.512,1.187,0.635,0.879,,1.21,1.21,0.629,0.755,0.697,3.815,1.745,1.025,2.472,0.778,,0.612,0.763,1.14,0.571,1.3,1.639,0.561,0.575,0.828,0.517,1.075,1.456,1.584,1.218,0.793,0.734,2.186,1.202,1.385,0.634,1.188,1.489,0.941,1.409,0.908,3.952,3.539,3.321,4.348,3.67,3.386,1.46,0.862,1.325,0.559,0.952,2.604,2.298,1.419,1.373,1.277,0.973,1.838,0.367,0.734,0.401,0.505,1.264,2.776,,1.399,0.755,1.09,1.834,1.778,3.243,1.889,2.754,1.447,0.596,0.68,0.58,0.196,,0.569,0.761,2.149,0.392,1.578,1.668,1.382,2.866,1.498,1.304,,0.914,2.152,0.944,1.938,0.882,1.166,1.589,1.583,1.646,1.298,1.285,0.797,0.738,0.619,0.95,0.816,0.801,0.642,1.027,0.684,0.941,0.821,,0.586,1.18,1.473,0.434,0.885,0.67,1.468,0.51,0.93,0.904,0.967,0.752,0.401,0.487,0.55,0.667,0.78,0.828,1.747,0.808,0.926,0.787,2.603,0.858,2.032,1.042,0.674,0.783,0.653,0.533,0.726,2.132,0.852,0.828,1.486,2.224,1.007,1.172,1.343,2.033,0.42,1.22,1.083,0.882,1.303,1.392,1.956,2.478,1.163,1.572,1.476,1.064,2.076,1.077,0.929,1.171,0.508,1.324,1.442,1.605,1.062,0.536,0.356,0.303,0.773,0.586,0.959,0.917,1.17,1.11,0.666,0.859,0.981,0.696,0.572,0.798,0.355,1.574,0.18,,0.157,1.781,0.687,0.941,0.73,1.717,0.728,1.804,0.873,1.518,0.9,0.851,0.98,1.464,1.607,1.458,1.822,1.139,0.846,0.611,0.577,1.323,0.608,0.701,0.805,0.906,0.509,1.103,0.63,0.878,1.398,1.906,0.917,2.726,0.221,0.884,0.468,0.045,0.699,1.078,0.985,1.598,0.759,1.089,0.648,0.792,0.418,1.176,1.032,0.33,1.144,0.527,1.262,0.646,0.544,,0.611,1.449,1.467,0.775,2.361,0.964,1.223,0.523,0.788,0.827,0.841,1.598,1.922,0.832,1.745,0.395,0.538,0.954,0.704,0.729,0.7,1.359,0.726,0.596,0.85,0.623,0.488,0.705,0.223,1.103,1.04,,0.425,0.231,0.186,0.308,0.966,0.711,1.255,0.465,0.418,0.478,0.538,0.393,0.61,0.572,1.102,0.983,0.401,0.279,0.418,0.605,0.549,0.27,0.346,0.265,0.54,,1.31,2.516,1.107,0.381,1.095,0.659,0.582,0.466,0.791,0.81,1.282,0.826,0.624,1.118,2.551,0.985,0.896,,,0.604,0.929,2.046,1.004,1.013,0.708,1.069,0.922,0.853,,1.431,2.277,0.593,0.867,0.577,0.673,0.791,0.612,0.821,0.712,0.858,0.914,0.644,0.972,,,0.019,0.342,0.317,0.793,0.748,0.517,1.174,1.09,0.847,0.575,1.343,2.264,3.025,1.689,0.497,0.776,1.271,0.557,0.629,0.154,0.726,0.566,0.681,0.609,0.327,0.656,,0.48,0.548,2.302,1.846,,2.106,1.833,0.986,0.431,0.521,1.453,,1.347,0.225,0.187,0.148,0.224,0.619,0.619,0.597,0.421,0.385,0.59,0.484,0.58,,0.44,0.468,0.696,0.496,0.753,0.286,0.606,0.217,,1.453,2.413,1.037,2.002,1.734,1.466,2.052,1.921,0.424,0.404,1.69,0.355,1.926,0.264,2.194,2.756,0.793,0.764,0.676,1.391,1.222,0.581,0.684,1.081,0.939,0.899,0.689,0.379,0.7,1.584,1.011,1.254,0.783,1.304,1.211,0.123,1.3,1.587,,0.552,0.388,0.817,0.889,0.89,0.765,0.735,0.474,0.944,0.387,0.807,1.407,1.112,0.838,0.409,0.741,0.889,0.538,0.534,0.161,0.334,,0.809,0.824,1.052,0.724,0.638,0.711,0.92,,0.655,0.511,,0.872,0.6,0.8,1.053,1.3,0.736,0.762,1.185,1.631,0.499,0.714,0.449,0.771,0.39,0.445,0.31,0.72,0.61,0.873,0.82,0.887,1.034,,0.562,0.641,0.672,0.614,0.741,0.481,1.303,0.819,,0.45,0.821,1.295,0.507,0.683,1.215,0.618,2.839,0.249,1.067,0.292,0.942,1.42,1.317,1.067,,0.202,1.772,1.578,1.088,1.117,2.014,2.421,1.092,0.549,0.973,0.884,0.941,0.889,0.807,0.833,0.844,0.702,1.128,0.239,0.978,0.936,0.35,0.332,0.373,1.073,0.041,0.595,0.656,0.476,0.784,0.572,1.55,1.271,1.74,1.258,1.391,0.636,1.866,1.026,0.669,0.511,0.904,0.698,0.881,0.732,1.189,1.071,1.172,1.462,2.152,0.442,0.326,0.363,0.418,0.54,0.521,0.829,0.48,0.17,0.494,0.785,1.182,1.052,0.806,1.238,2.057,1.246,1.293,0.797,1.151,1.358,0.922,0.586,,0.809,1.052,0.709,0.962,0.691,0.781,0.929,0.855,0.728,0.828,1.171,1.026,1.917,1.156,1.369,0.914,2.255,0.963,1.098,0.537,0.714,0.809,0.591,0.965,1.141,1.098,0.966,0.327,0.529,0.748,1.276,1.019,1.872,0.831,0.669,1.189,2.046,0.961,0.812,0.77,0.646,0.289,0.392,0.799,0.858,0.76,0.659,0.899,0.968,0.381,0.555,0.521,0.362,0.457,0.126,0.319,0.123,0.136,0.352,0.667,1.113,0.865,1.316,0.995,0.504,0.315,0.521,0.711,0.569,1.276,0.648,1.024,1.213,1.916,,0.828,1.014,0.197,0.326,0.01,0.14,0.369,2.728,2.528,0.677,0.752,1.181,0.832,0.572,1.284,1.005,0.883,,1.036,1.733,1.894,1.266,2.38,0.928,0.609,1.159,1.491,0.809,0.727,0.861,,1.206,1.019,1.199,1.123,0.661,0.162,0.798,0.644,1.688,0.83,0.726,1.118,0.475,0.183,0.368,0.452,0.349,1.103,0.883,0.897,0.291,0.397,0.339,0.441,0.301,0.514,0.735,,0.444,0.848,1.333,1.551,0.818,0.921,,2.082,1.143,0.446,0.035,1.044,1.185,1.441,0.351,0.404,0.5,0.597,0.465,0.166,0.771,0.074,0.764,0.454,1.402,0.484,0.507,0.637,1.361,0.431,0.551,0.694,0.604,,0.663,0.559,0.423,0.622,2.079,0.737,0.47,0.563,0.725,0.611,0.664,,,0.105,0.693,0.372,0.496,1.298,0.11,0.526,1.167,0.765,0.606,1.426,0.847,0.849,0.756,0.352,0.756,0.101,0.815,1.397,1.336,0.668,0.756,1.551,1.367,0.101,0.061,1.127,,1.879,1.631,0.812,0.77,0.3,0.335,,1.317,0.869,0.252,0.291,0.818,1.435,1.42,1.446,1.001,1.084,0.365,0.985,1.049,0.065,1.457,1.366,1.009,0.766,0.144,0.296,0.41,0.641,0.669,0.834,0.955,0.832,0.242,0.523,1.445,3.7,0.182,0.541,0.951,0.666,0.525,0.932,0.037,,0.784,1.195,0.644,0.376,0.826,0.294,0.369,0.445,1.348,0.017,0.284,0.185,0.591,0.309,0.565,0.264,,0.464,0.168,1.28,1.491,0.974,0.554,0.616,0.798,1.171,0.85,0.047,0.325,0.303,1.479,1.545,1.859,,0.384,,1.251,0.753,0.806,0.299,0.901,0.354,0.646,1.019,0.329,1.01,0.788,0.786,1.008
20160416,21,CO_24h,,,,,,,,,,,,,,0.764,0.802,1.241,1.083,0.85,0.979,,1.19,1.306,0.953,0.887,0.939,0.864,,0.406,0.679,0.292,0.484,0.851,0.24,0.42,2.117,2.007,2.414,2.725,2.556,2.432,0.71,0.73,0.73,0.836,0.844,0.806,0.573,0.746,0.661,0.493,0.529,0.467,0.487,0.296,0.59,0.104,0.326,0.293,0.461,0.635,0.351,0.5,0.273,0.376,0.397,0.3,0.179,0.441,0.503,1.073,0.889,0.753,0.516,0.459,0.566,0.608,0.524,0.697,0.807,0.458,,0.28,0.407,1.051,0.425,0.856,0.605,1.182,0.583,0.308,0.855,0.74,0.235,0.318,0.478,1.279,0.951,0.798,0.97,,1.225,0.756,0.995,0.919,0.833,,0.842,0.667,1.211,0.921,0.859,0.914,0.621,0.823,,1.039,0.351,0.955,0.781,1.071,0.712,0.835,0.646,0.853,0.704,0.706,0.841,0.838,2.246,0.929,,1.182,1.203,0.832,2.072,1.498,1.235,0.844,0.772,0.472,0.537,0.688,0.505,0.829,0.445,0.444,0.679,0.676,1.387,0.745,0.506,0.327,1.002,1.03,0.644,0.4,0.797,0.561,0.828,0.682,0.795,0.629,0.63,0.903,0.966,0.706,0.764,0.679,0.834,0.461,0.922,0.954,0.904,0.845,1.032,1.506,1.378,1.239,1.48,1.205,1.358,1.449,,0.824,0.963,1.073,1.374,1.472,0.811,1.796,0.89,0.564,2.39,0.8,0.686,1.174,0.813,0.703,0.76,,0.626,0.549,0.674,1.092,1.18,1.013,0.724,1.43,1.919,0.819,1.923,1.233,0.701,0.777,0.935,0.886,1.807,1.411,1.994,1.827,0.66,0.769,0.361,0.51,0.519,0.749,0.816,,0.7,0.805,1.161,0.594,0.511,0.626,0.651,,0.521,0.631,0.767,,1.012,1.113,0.948,0.63,0.434,0.358,,0.715,,1.388,0.69,,0.954,0.723,1.063,0.435,,,0.773,0.819,1.35,0.767,0.664,0.876,0.855,0.537,0.666,0.802,0.867,0.77,0.696,0.952,0.985,1.57,0.913,1.096,1.734,0.579,0.713,1.091,1.134,1.07,1.393,0.572,0.844,0.731,0.801,0.661,0.881,0.389,0.802,0.83,0.856,0.977,0.789,0.848,0.939,0.682,0.892,0.819,,0.719,0.727,0.671,0.692,0.728,0.616,0.447,0.448,0.27,0.94,0.522,1.512,1.222,1.688,0.823,1.054,1.385,1.127,0.857,1.022,0.646,0.567,0.905,0.655,0.884,0.928,0.849,0.735,0.734,0.788,0.445,0.98,0.68,0.745,0.72,0.556,0.6,0.471,0.824,0.765,0.933,1.311,,0.693,0.794,0.986,1.264,0.812,0.741,1.189,0.908,0.366,,0.613,0.919,0.53,0.684,0.603,0.639,0.629,0.833,0.755,0.668,0.694,0.873,0.646,0.466,0.935,0.985,0.605,0.777,0.386,0.692,0.836,0.72,0.526,0.681,0.757,0.596,0.687,0.598,,0.712,0.563,0.808,0.576,0.599,0.751,0.696,0.673,0.7,0.309,0.846,0.707,0.532,,1.101,0.969,1.159,1.14,1.119,1.051,0.834,0.934,0.335,0.593,0.556,0.813,0.61,0.221,0.327,0.215,0.488,0.499,0.495,0.119,0.578,0.759,0.494,0.483,0.148,0.184,0.155,0.168,0.74,0.433,0.653,0.901,0.497,0.639,0.922,,0.629,0.53,1.231,0.644,0.317,0.34,0.468,0.488,0.761,0.451,0.447,1.257,0.525,0.169,0.74,1.692,0.513,1.102,0.379,0.717,1.006,0.204,0.493,0.56,1.465,0.714,1.493,0.709,1.098,0.865,2.367,0.849,0.656,0.433,2.883,1.477,,0.642,0.302,0.757,0.667,0.594,0.474,0.534,0.797,1.184,0.674,0.646,0.592,0.783,0.372,0.927,0.532,0.57,0.743,0.597,0.654,0.378,0.349,0.59,0.539,0.727,0.8,0.585,0.746,0.581,0.619,0.631,,0.361,0.404,0.81,0.785,0.68,0.615,0.471,0.614,0.687,1.035,0.652,0.44,0.205,0.345,0.409,1.478,1.019,0.752,0.598,1.481,0.816,0.247,2.029,1.034,0.674,0.341,0.904,1.357,0.964,0.866,0.934,0.835,0.678,0.653,1.329,1.418,1.26,1.448,1.175,1.102,1.276,,1.04,1.409,1.396,,1.082,1.286,1.092,1.02,1.045,1.267,1.769,,1.1,1.659,0.831,0.607,0.678,1.011,0.751,0.524,0.278,,0.577,0.47,0.657,0.568,,0.717,,0.378,1.052,1.192,0.932,0.753,1.611,0.614,0.453,0.375,,0.443,0.637,0.566,0.879,0.643,0.617,,0.932,1.073,0.443,1.071,0.673,1.268,1.14,0.843,1.121,0.759,,0.624,0.773,1.131,0.594,1.322,1.632,0.542,0.606,0.746,0.512,1.208,1.161,1.228,1.052,0.708,0.693,1.014,0.856,0.878,0.624,0.821,1.04,0.854,1.276,0.758,1.443,1.392,1.343,1.658,1.479,1.621,1.318,0.757,1.273,0.528,1.049,3.37,2.907,1.191,1.151,1.124,1.064,1.8,0.377,0.715,0.414,0.48,1.085,2.848,,1.611,0.779,1.172,1.809,1.803,3.238,1.897,3.019,1.746,0.518,0.673,0.656,0.314,0.306,0.54,0.718,1.991,0.516,1.056,0.777,0.933,1.332,0.928,0.683,,0.856,2.101,0.706,1.896,0.784,0.974,1.338,1.699,2.728,0.97,1.109,0.539,0.894,0.748,0.962,1.147,1.172,0.816,0.722,0.738,0.884,0.784,,0.549,0.875,1.146,0.24,0.651,0.482,1.461,0.743,0.865,0.905,0.691,0.794,0.506,0.561,0.653,0.697,0.698,0.702,1.622,0.637,0.829,0.632,0.973,0.762,1.196,0.976,0.707,0.869,0.801,0.565,0.798,2.083,0.779,1.029,1.891,2.262,0.597,1.236,1.694,2.048,0.443,0.738,1.171,0.942,1.25,1.356,1.924,2.585,1.294,1.751,1.537,1.235,1.884,0.791,0.725,0.855,0.43,1.059,1.445,1.179,0.808,0.651,0.414,0.475,0.822,0.631,0.799,0.755,0.9,0.992,0.564,0.815,0.876,0.693,0.546,0.979,0.568,1.61,0.384,0.092,0.375,1.797,1.446,1.008,1.081,1.298,0.98,1.55,0.881,1.316,0.795,0.894,1.052,1.096,1.286,1.176,1.431,0.978,0.741,0.549,0.632,0.994,0.698,0.624,0.55,0.409,0.37,0.647,0.337,0.552,2.021,1.695,1.274,2.438,0.021,0.323,0.278,0.03,0.445,0.29,0.45,0.353,0.95,1.045,0.681,0.829,0.403,0.447,0.864,0.391,0.841,0.516,0.595,0.783,0.488,,0.406,0.759,0.855,0.434,0.825,0.721,1.069,0.373,0.524,0.492,0.572,1.482,1.478,0.71,1.207,0.461,0.44,0.671,0.592,0.534,0.629,1.026,0.577,0.624,0.629,0.592,0.511,0.54,0.215,1.088,1.195,,0.554,0.454,0.701,0.439,0.901,0.765,1.062,0.402,0.396,0.515,0.51,0.505,0.675,0.624,1.308,1.414,0.469,0.313,0.435,0.302,0.562,0.321,0.438,0.308,0.69,,1.504,2.631,1.188,0.384,1.178,0.66,0.577,0.456,0.847,0.796,1.29,0.797,0.524,1.035,1.035,0.778,0.706,,0.548,0.532,0.723,1.107,0.944,0.83,0.668,0.994,0.843,0.603,0.604,1.279,2.05,0.605,0.945,0.481,0.603,0.611,0.447,0.719,0.638,0.73,0.898,0.674,0.98,,,0.039,0.418,0.464,0.572,0.524,0.347,0.526,1.015,0.767,0.677,0.848,0.894,1.268,0.952,0.722,0.834,1.027,0.85,0.73,0.388,0.791,0.739,0.645,0.338,0.564,0.673,,0.57,0.387,2.094,1.663,,1.81,1.808,0.872,0.389,0.512,1.212,,1.227,0.339,0.365,0.345,0.626,0.977,0.831,0.334,0.277,0.387,0.581,0.478,0.483,,0.518,0.537,0.748,0.444,0.673,0.327,0.592,0.187,,1.77,2.65,1.374,1.995,1.311,1.142,1.476,0.817,0.839,0.766,1.885,0.795,1.936,0.424,2.33,2.934,1.251,1.093,1.81,1.171,1.205,0.708,0.722,1.467,1.369,0.951,0.874,0.453,0.784,1.545,1.027,1.11,0.799,1.539,1.081,0.319,1.186,1.819,,0.618,0.646,1.047,1.005,0.931,0.678,0.596,0.326,0.994,0.416,0.836,1.401,1.163,1.009,0.575,0.84,0.247,0.297,0.323,0.338,0.435,,0.52,0.712,0.761,0.753,0.549,0.642,0.872,,0.731,0.523,,1.012,0.624,1.05,1.393,1.427,0.887,1.128,1.448,1.869,0.596,0.819,0.56,0.789,0.636,0.49,0.306,0.703,0.483,0.856,0.811,0.868,0.847,,0.578,0.844,0.783,0.529,0.57,0.411,1.243,0.739,,0.442,0.96,1.49,0.653,0.506,0.896,0.399,1.36,0.26,0.999,0.407,1.02,3.023,1.645,1.571,,0.171,1.17,1.351,0.955,0.966,1.345,1,0.728,0.751,1.199,0.883,0.818,0.774,0.747,0.818,0.745,0.986,1.556,0.648,1.667,0.943,0.671,0.724,0.505,1.561,0.577,0.589,0.748,0.683,0.818,0.625,1.41,1.068,1.469,0.838,1.195,0.245,1.122,0.982,0.722,0.699,0.672,0.663,0.991,0.693,1.305,0.994,1.346,1.656,2.271,0.82,0.492,0.42,0.395,0.603,0.657,0.741,0.651,0.264,0.668,0.907,1.014,0.902,0.523,0.617,1.743,1.545,1.617,0.888,0.736,1.399,0.915,0.655,,0.683,0.903,0.654,0.769,0.536,0.441,0.594,0.704,0.582,0.726,1.353,1.103,2,1.021,1.445,0.691,1.217,0.946,0.98,0.5,0.617,0.777,0.553,1.092,1.38,1.39,0.7,0.387,0.542,0.518,1.099,1.079,1.784,0.784,0.563,0.727,0.92,0.78,0.711,0.772,0.701,0.435,0.59,0.864,1.084,1.018,0.941,1.072,1.246,0.663,0.874,0.813,0.635,0.769,0.125,0.358,0.183,0.516,0.453,0.772,1.145,0.843,1.199,0.982,0.648,0.606,0.888,0.889,0.986,1.286,0.453,0.866,1.174,1.767,,0.775,1.373,0.764,1.333,0.098,0.23,0.394,2.344,0.945,0.898,0.584,1.088,0.91,0.545,1.396,1.047,0.874,1.155,1.09,1.251,1.656,0.916,1.053,0.85,0.549,1.175,0.975,0.673,0.888,0.967,,1.071,0.857,1.202,1.116,0.484,0.179,0.734,0.726,1.475,0.706,0.83,0.863,0.354,0.181,0.386,0.362,0.454,0.53,0.546,0.656,0.272,0.329,0.369,0.369,0.26,0.394,0.657,,0.384,0.379,0.586,0.491,0.528,0.341,,2.039,0.911,0.24,0.068,0.763,0.733,0.755,0.356,0.298,0.403,0.301,0.347,0.159,0.701,0.072,0.896,0.414,1.455,0.54,0.394,0.624,0.867,0.353,0.495,1.425,0.513,,0.629,0.545,0.406,0.435,0.249,0.764,0.398,0.512,0.732,0.504,0.481,,0.759,0.166,0.765,0.343,0.333,1.076,0.117,0.381,0.694,0.373,0.464,1.129,0.648,0.733,0.836,0.476,0.695,0.224,0.716,1.648,1.327,0.565,0.558,1.342,0.854,0.109,0.09,0.838,,1.8,1.431,0.858,0.728,0.311,0.352,,1.977,0.552,0.327,0.288,0.528,1.532,1.114,0.911,0.734,1.144,0.396,0.978,1.032,0.262,1.089,1.339,0.871,0.738,0.319,0.388,0.427,0.655,0.476,0.846,0.982,0.696,0.359,0.608,1.193,0.789,0.291,0.279,0.626,0.406,0.672,0.529,0.992,,0.952,1.289,0.772,0.903,0.564,0.349,0.409,0.797,1.22,0.264,0.663,0.327,1.093,0.354,0.748,0.365,,0.734,0.228,1.112,0.688,0.315,0.311,0.585,0.65,1.481,0.945,0.346,0.479,0.641,1.531,2.015,2.571,,0.335,0.623,1.007,0.744,0.819,0.499,0.854,0.272,0.75,1.107,0.602,1.436,0.718,0.768,0.915
20160416,22,AQI,27,29,74,26,24,29,39,21,23,26,25,36,,43,54,30,53,47,51,,46,62,49,25,49,49,,52,52,36,39,48,50,61,102,125,134,95,126,122,59,57,74,78,75,92,111,130,186,28,51,52,53,51,53,30,35,32,53,73,28,30,34,44,37,43,38,53,35,42,53,37,90,64,64,87,100,102,55,68,,62,71,67,60,60,67,65,27,28,32,30,30,24,22,24,62,91,88,,77,72,67,85,75,,84,40,37,39,35,41,49,34,,40,40,127,118,118,123,104,99,68,114,105,104,36,23,65,,54,49,40,38,33,48,20,25,45,52,42,46,36,51,41,30,43,65,50,52,57,60,50,53,54,53,60,55,57,65,64,58,59,64,57,65,69,57,65,46,52,39,40,107,90,92,109,101,92,95,60,,63,54,50,55,52,50,45,46,54,57,68,70,74,75,60,78,,52,55,73,62,73,63,78,75,78,72,72,67,50,77,58,57,49,54,52,53,47,41,38,33,36,51,50,,35,31,25,35,31,50,40,,31,37,48,,123,120,103,31,43,22,,42,,38,40,,61,62,67,26,,,23,26,25,28,32,22,62,59,28,53,53,45,52,34,50,63,60,58,57,25,127,69,79,70,110,49,60,51,36,38,37,34,39,42,23,28,59,87,88,85,82,71,,89,109,80,59,58,33,75,55,57,59,39,98,93,87,86,85,77,89,89,76,50,59,51,52,61,66,53,64,71,33,44,52,36,45,58,71,49,78,78,33,53,61,,54,61,61,78,53,62,58,42,49,57,45,52,52,53,55,53,38,50,65,51,50,38,46,53,57,61,57,53,42,,53,68,39,48,29,51,60,45,,55,55,55,46,45,54,45,52,43,51,53,54,52,,77,68,64,67,69,75,75,78,45,54,72,77,55,49,71,49,66,55,52,54,67,79,76,56,57,73,72,61,58,68,66,57,58,55,59,,50,41,70,68,118,56,64,66,87,88,70,60,61,47,54,72,61,70,75,77,47,40,65,42,74,76,97,86,88,78,85,75,83,74,151,97,78,65,60,40,109,85,34,58,44,56,66,158,106,84,124,104,70,81,90,84,85,92,55,49,64,49,51,44,53,47,64,63,,47,38,87,45,37,53,61,30,41,48,56,52,29,30,50,84,93,88,68,35,41,34,34,93,90,67,86,80,127,84,71,70,59,31,94,84,88,91,79,71,72,,80,66,98,,127,65,95,,77,84,107,,73,95,82,103,84,72,101,36,35,,34,35,34,88,,63,,75,109,113,116,96,110,85,36,35,,30,42,37,114,62,98,,52,49,51,39,55,65,52,29,64,45,48,50,50,49,52,45,39,41,58,50,50,115,48,59,33,32,42,75,70,74,39,46,45,53,60,67,88,65,97,84,113,90,97,63,45,68,60,87,97,128,120,149,50,54,39,22,25,39,64,64,,75,73,73,97,61,53,70,47,47,83,59,78,32,32,45,34,26,32,97,97,82,112,103,79,,54,42,39,57,31,60,62,60,65,69,63,58,76,79,88,80,79,72,75,74,73,74,,61,58,65,46,53,43,59,53,78,67,48,52,25,29,30,29,60,50,42,67,52,67,90,70,73,38,40,46,33,37,34,43,26,85,82,96,88,89,69,74,83,60,127,87,71,90,96,98,95,94,100,77,152,76,64,73,50,98,81,122,70,70,62,78,54,77,55,62,57,46,34,43,41,35,37,37,43,40,27,18,35,50,38,31,42,58,50,74,67,60,64,85,100,124,105,90,119,87,55,54,47,55,46,70,80,52,59,60,64,44,83,85,75,69,50,79,61,31,105,93,84,76,25,32,44,45,44,81,56,72,78,57,104,47,118,,75,84,73,72,100,103,77,69,76,100,100,106,106,96,126,51,65,81,66,106,81,97,70,91,86,79,62,32,52,26,26,,131,85,93,72,35,28,63,62,44,91,93,82,77,82,85,80,25,27,40,51,36,39,39,42,51,42,42,28,37,37,53,59,36,15,40,38,32,37,62,79,60,55,49,,42,48,60,59,48,47,52,61,64,67,49,37,75,45,39,36,39,64,69,38,33,39,34,41,41,,,36,38,48,62,53,58,80,91,85,79,89,105,127,72,61,66,53,78,69,57,28,57,69,52,36,43,,43,49,63,60,,62,57,46,29,32,64,,57,115,141,188,65,67,70,74,57,55,61,69,36,,26,48,50,88,64,81,103,96,,94,87,102,67,52,63,60,59,97,84,89,101,60,54,64,52,74,99,89,75,69,28,32,35,25,55,46,58,59,39,45,58,49,37,30,35,25,31,78,48,62,39,72,46,19,23,20,55,38,50,54,19,52,67,36,58,54,80,17,19,34,50,85,69,44,59,87,67,,27,60,,52,52,151,78,87,70,67,62,52,89,99,60,46,39,60,22,36,25,75,67,87,72,,73,105,69,94,56,49,37,57,,108,44,82,36,54,49,49,81,53,59,67,45,35,33,42,48,10,44,35,46,45,65,63,43,18,25,24,54,54,43,53,62,19,50,56,52,46,44,40,55,53,28,87,29,30,32,32,33,52,46,54,69,,32,30,38,31,53,48,43,52,35,35,35,29,33,33,39,39,42,64,68,75,80,73,77,64,108,96,116,122,79,72,70,80,70,76,81,57,,77,90,55,120,122,183,137,80,76,71,50,59,94,73,59,64,70,49,53,41,30,46,42,62,55,60,69,57,60,70,50,32,63,50,42,92,42,45,42,40,51,55,50,40,51,48,42,53,48,31,30,35,37,28,36,31,49,47,43,29,30,36,27,26,50,35,37,32,43,30,66,59,63,67,,30,75,53,35,36,57,77,95,95,93,,67,52,53,70,72,74,94,67,89,88,80,60,73,73,70,85,73,38,67,,92,89,83,92,66,70,59,69,71,45,35,53,49,33,41,48,31,50,53,36,27,46,40,48,39,61,69,,51,100,87,99,79,139,54,62,53,49,38,57,70,38,37,52,46,61,38,45,50,56,37,36,36,40,37,49,54,46,59,64,81,55,44,33,45,31,90,96,21,41,45,40,65,,67,67,59,58,58,70,37,34,114,162,114,66,39,42,88,102,177,77,78,108,158,65,58,110,77,22,17,30,23,53,43,107,59,66,53,,74,58,19,26,29,45,72,96,72,41,47,43,49,71,65,41,70,60,171,307,41,65,66,34,30,71,36,52,67,41,51,67,63,57,60,54,33,,51,75,80,50,57,500,97,295,98,94,148,113,94,500,500,500,52,32,49,81,110,66,52,38,42,52,69,70,163,196,500,500,500,500,323,286,53,35,36,69,48,34,31,55,47,71,62,64,55
20160416,22,PM2.5,10,9,54,6,10,15,15,,11,14,9,25,,19,10,13,17,17,10,,5,44,34,17,34,17,,11,16,24,14,12,29,32,76,83,49,54,88,58,37,30,54,47,52,51,43,43,62,15,17,25,19,22,13,18,6,2,18,33,6,12,19,13,6,1,3,5,8,29,14,19,67,41,36,40,32,37,32,21,,7,16,23,21,31,15,11,12,17,,8,21,5,7,2,42,59,65,,56,47,48,63,54,,49,21,13,14,15,17,11,18,,21,13,71,81,89,81,75,57,44,70,59,57,25,16,47,,38,34,28,24,23,33,14,15,31,36,29,32,16,29,26,21,30,47,35,36,40,43,35,36,37,34,43,39,33,47,46,41,42,46,40,47,50,40,47,32,36,27,28,29,23,31,32,32,29,31,43,,25,38,35,39,36,35,31,29,38,40,49,51,54,55,43,57,,31,39,53,44,38,43,57,55,57,52,52,48,29,56,25,40,32,38,29,23,30,26,9,17,25,20,26,,24,18,15,17,17,23,22,,15,20,18,,87,91,77,19,20,13,,29,,26,25,,33,44,48,11,,,5,9,10,13,16,15,44,42,19,37,37,31,36,,35,45,43,41,40,17,71,34,53,41,53,31,33,34,22,26,3,22,14,29,16,,41,38,43,32,39,47,,52,50,59,38,23,23,55,39,40,35,27,36,38,40,43,32,38,42,37,47,35,27,34,30,31,38,23,36,27,20,16,11,14,14,15,18,17,16,23,17,35,39,,31,34,40,41,37,27,39,26,32,38,30,36,34,37,39,33,26,32,39,33,27,26,24,32,34,36,23,33,29,,37,41,27,33,20,35,38,25,,37,34,39,32,28,38,26,36,30,28,37,38,35,,56,44,46,48,46,43,53,51,31,36,52,56,35,14,33,20,36,33,33,24,30,44,31,34,23,29,35,40,26,49,34,29,26,28,33,,27,23,41,41,64,38,34,28,,47,31,38,37,24,27,43,26,33,34,28,26,11,15,10,33,27,56,41,36,22,28,18,61,36,51,32,16,29,38,26,43,36,9,23,14,7,18,54,32,36,49,21,27,10,34,22,13,20,11,14,16,14,23,14,24,22,18,23,,10,14,19,31,12,24,18,6,17,10,10,15,6,9,9,55,53,60,49,13,11,9,18,38,36,33,25,39,96,18,44,51,42,18,69,56,56,44,46,44,31,,29,22,58,,71,47,71,,52,62,80,,53,71,28,54,32,38,37,14,11,,11,13,8,65,,45,,55,43,50,38,49,43,37,25,23,,16,11,13,86,44,73,,34,33,33,27,25,32,28,16,46,31,29,35,35,32,31,31,27,22,41,35,29,87,33,35,21,22,29,55,51,54,23,32,31,35,43,40,50,47,72,56,85,67,72,45,29,49,36,64,72,64,57,77,2,10,4,10,11,24,35,33,,29,29,24,37,17,8,11,19,20,25,18,9,13,6,9,6,11,14,72,72,60,84,77,58,,38,29,25,40,14,43,44,35,42,50,45,41,43,33,40,38,37,50,55,52,52,54,,43,25,47,23,30,30,36,37,57,47,27,36,14,20,16,10,35,33,29,48,36,48,67,51,52,21,28,23,17,20,23,30,5,30,53,40,28,56,31,26,32,41,47,64,45,24,43,54,22,70,,56,116,44,46,52,29,59,34,36,22,20,19,24,13,19,18,22,30,25,21,14,14,14,15,24,30,28,15,,7,9,26,20,23,24,24,40,48,43,45,63,75,78,79,63,82,64,29,38,18,31,28,33,59,33,40,34,40,20,46,63,46,46,35,37,41,12,79,66,62,47,13,5,15,21,17,48,21,52,57,40,46,17,50,,49,45,50,47,47,42,40,29,35,32,36,29,33,28,47,21,27,31,42,74,38,28,34,30,20,23,30,2,3,9,9,,30,23,26,19,10,9,45,18,7,43,34,39,56,60,59,50,17,17,27,34,23,27,17,17,,29,29,19,20,24,21,31,25,4,11,12,10,16,44,58,43,37,31,,29,33,43,,33,31,33,37,46,48,34,20,55,31,27,25,27,46,50,26,19,14,14,20,4,,,25,26,12,33,31,26,33,23,24,26,26,64,65,47,27,41,34,33,33,24,18,18,23,31,19,9,,16,28,25,19,,21,12,32,13,16,15,,24,24,42,,47,48,43,36,28,25,29,36,25,,18,33,35,17,7,37,42,48,,50,41,46,42,,45,43,38,45,38,48,48,15,28,16,15,50,60,52,55,50,8,3,23,14,30,32,41,42,27,31,41,34,19,21,19,17,21,57,33,44,27,52,32,13,12,5,39,13,35,38,1,36,48,25,41,38,59,6,10,21,35,63,34,19,42,64,48,,13,18,,21,36,25,57,35,51,48,44,36,66,57,35,32,27,43,5,22,5,55,48,64,52,,38,79,50,70,36,34,22,40,,81,30,60,22,38,34,34,17,36,32,48,15,24,21,29,28,6,25,24,17,27,35,42,17,12,8,8,38,38,30,37,35,7,35,8,18,27,14,7,39,27,12,64,16,17,19,22,23,35,30,38,50,,22,20,26,17,20,32,30,30,24,24,24,20,23,19,27,27,25,41,16,20,20,49,33,46,37,27,38,41,34,28,34,35,41,46,43,28,,56,26,23,59,79,53,60,58,40,36,26,42,70,53,36,2,51,27,18,19,18,23,28,44,39,43,28,11,26,16,14,19,45,35,29,29,29,28,22,24,16,21,25,21,21,19,17,22,16,,21,15,14,16,13,8,19,17,28,16,21,13,4,18,35,16,19,2,30,12,36,23,22,31,,19,27,37,24,17,30,35,71,71,69,,45,36,32,51,42,54,70,48,66,65,59,40,53,50,43,63,53,19,39,,65,62,61,68,8,13,26,18,31,25,16,27,11,19,23,33,11,24,35,22,16,32,10,9,27,23,23,,24,64,55,73,52,59,21,23,23,31,14,20,40,26,12,23,32,34,16,31,35,30,25,9,16,26,19,27,30,32,37,46,38,39,20,18,22,17,26,26,14,17,10,16,26,,38,25,31,29,21,51,20,11,86,123,86,36,16,23,65,76,102,47,55,55,120,47,41,83,26,14,10,19,16,21,30,25,42,29,36,,36,41,2,6,20,17,34,43,36,10,13,11,10,19,27,20,22,22,44,42,27,21,25,11,8,28,25,22,27,14,24,26,44,21,43,38,7,,33,55,38,35,21,,28,86,27,42,21,18,20,311,164,225,27,22,24,52,83,20,,18,7,14,16,21,75,100,164,234,336,306,124,145,27,19,25,10,5,21,2,14,6,39,44,32,35
20160416,22,PM2.5_24h,30,26,33,35,28,35,39,,27,29,31,47,,53,52,53,59,62,50,,43,65,64,58,60,61,,21,24,18,12,16,26,24,80,79,74,83,87,86,37,53,45,46,41,31,31,37,36,32,40,35,35,34,32,34,35,23,27,26,26,25,33,31,23,14,18,19,12,48,43,52,43,47,50,42,33,31,31,11,,9,17,18,15,24,16,14,16,22,10,14,27,13,17,21,46,44,53,,47,52,48,55,54,,56,36,34,31,31,24,32,33,,33,24,63,70,60,60,56,42,47,59,45,56,50,52,45,,58,56,55,66,51,53,55,48,33,32,27,29,21,31,27,32,29,31,23,26,27,31,20,22,32,19,22,20,26,20,21,21,19,21,27,26,32,30,26,47,42,38,40,55,41,57,51,52,48,52,33,,29,30,23,30,30,24,29,25,26,32,22,23,23,29,22,26,,28,27,28,31,30,31,41,47,48,49,46,48,21,38,18,28,46,51,46,43,23,19,15,22,17,22,24,,30,22,20,17,17,17,17,,13,18,16,,44,45,40,20,21,22,,17,,20,23,,36,32,34,13,,,22,24,28,29,32,24,25,32,25,33,35,33,36,36,37,42,39,34,35,14,54,37,38,35,40,38,28,46,16,23,5,21,14,19,13,19,14,57,56,54,51,65,,75,56,14,22,20,18,22,20,25,24,23,29,32,34,30,32,36,34,29,30,19,23,23,28,26,20,22,20,23,36,22,17,22,21,19,22,21,24,19,17,35,35,,29,34,38,40,38,29,38,22,28,29,26,29,29,29,32,25,26,30,35,27,32,25,19,29,32,31,27,29,27,,34,36,23,28,26,32,29,26,,34,29,35,31,33,31,27,28,27,28,30,29,35,,66,61,63,64,61,63,68,69,31,38,46,55,35,8,16,12,22,15,21,14,14,15,13,20,13,15,18,15,17,20,25,22,22,18,22,,19,15,13,28,21,27,18,20,21,22,17,29,29,23,25,34,28,25,28,15,21,26,63,17,33,21,25,21,24,20,27,11,24,18,64,21,26,21,27,18,30,14,12,27,32,38,19,53,38,35,35,28,24,21,40,18,18,22,11,19,21,20,28,19,20,22,21,23,,14,18,25,37,20,27,24,26,27,17,20,22,15,21,19,44,51,48,42,25,25,24,28,51,56,38,64,49,108,53,41,43,35,18,107,75,75,58,59,64,58,,44,44,56,,61,59,72,,46,59,75,,60,79,37,72,63,69,62,26,25,,21,19,22,40,,35,,42,46,52,49,43,47,53,35,31,,24,27,19,58,43,51,,29,28,29,29,18,35,30,28,43,28,26,38,39,34,34,36,33,26,35,31,29,37,23,22,28,24,28,30,30,31,24,30,30,37,42,47,40,38,44,40,42,37,46,39,25,38,30,41,40,53,48,55,14,18,11,17,19,27,33,25,,32,26,16,28,14,13,10,16,23,11,18,21,9,6,31,32,46,26,45,46,46,50,51,43,,42,32,47,45,22,40,40,37,50,44,36,31,89,58,71,69,74,45,40,54,45,49,,38,20,51,18,23,31,41,57,54,68,49,68,22,33,38,26,16,17,18,24,28,26,34,32,31,22,20,21,17,20,22,22,4,22,46,33,26,45,39,32,27,33,42,45,40,29,44,47,37,57,66,44,84,25,25,29,21,20,24,31,17,25,26,24,25,25,18,20,21,20,34,21,14,24,21,24,28,29,25,23,19,24,16,17,44,56,49,62,46,35,39,45,80,69,70,51,73,69,25,33,21,28,28,27,11,12,13,11,12,10,39,37,32,27,11,16,11,11,30,24,20,16,16,27,24,31,15,27,17,45,33,27,10,17,25,,34,28,26,19,29,26,33,17,19,18,22,20,23,18,27,15,20,18,20,22,33,20,22,26,15,15,25,19,14,14,15,,20,21,25,25,9,6,21,14,8,33,27,26,48,52,82,73,21,18,22,29,14,16,20,22,5,31,31,26,22,24,31,35,21,22,23,18,16,18,20,27,24,21,28,,26,29,37,,19,24,18,21,34,29,30,25,29,18,18,19,17,42,43,26,19,21,20,27,25,,,37,37,18,17,17,13,14,28,30,30,29,39,40,45,23,23,22,23,18,34,27,32,32,23,24,15,,14,20,18,17,,8,13,44,31,22,14,,22,19,19,26,64,79,73,28,22,35,34,34,25,,45,55,52,33,25,24,26,26,,76,72,88,49,36,34,34,31,52,53,51,53,47,50,46,40,58,67,60,50,52,18,19,56,45,51,49,65,67,40,39,46,41,34,30,32,22,22,49,34,68,51,81,37,18,19,13,53,22,59,58,41,78,92,61,17,21,20,25,24,17,14,62,42,33,37,64,41,,29,22,,18,27,44,60,48,44,45,36,34,35,34,47,40,36,29,19,33,5,44,37,47,51,,38,49,50,70,30,28,20,32,,101,38,34,18,34,19,26,56,40,39,50,63,28,26,26,27,7,18,16,13,20,19,18,13,26,27,25,22,29,29,26,32,9,44,49,28,39,29,25,35,35,35,37,22,24,23,19,16,25,19,25,24,,21,20,24,33,34,47,49,36,22,18,17,18,19,20,29,29,26,56,29,30,31,46,42,50,29,32,30,26,23,25,23,30,33,33,31,17,,41,15,17,58,47,48,59,31,24,28,16,31,47,43,23,6,13,18,12,10,10,13,14,20,26,35,18,12,19,10,10,13,24,18,22,21,20,23,15,17,17,27,28,22,24,23,21,29,30,17,26,26,25,29,25,17,35,28,32,32,19,22,22,24,49,31,28,14,36,28,20,26,19,27,,26,19,28,32,10,19,24,57,46,55,,47,42,34,53,45,50,67,44,57,61,45,33,49,62,67,50,39,34,51,,58,60,75,78,8,8,11,13,16,16,12,16,9,11,13,11,10,9,14,11,11,26,16,20,17,15,15,,18,13,21,23,31,16,16,15,11,15,8,10,14,10,8,18,18,13,15,30,29,24,29,14,12,15,13,16,19,19,23,27,16,24,11,12,16,10,17,24,9,10,14,18,17,,27,31,26,19,15,18,15,15,45,49,48,32,34,35,53,67,74,47,44,49,106,27,27,35,7,15,14,15,16,15,21,26,35,37,38,,47,26,13,17,16,13,34,23,18,15,20,17,15,10,19,12,14,13,26,16,20,13,18,33,12,28,28,10,18,21,16,10,16,11,22,18,8,,27,39,22,26,28,,54,43,27,39,26,27,30,49,40,43,27,25,21,43,64,25,27,4,14,16,14,22,50,75,119,166,256,166,48,60,13,14,18,11,8,6,7,19,28,27,30,24,34
20160416,22,PM10,27,24,,26,19,29,39,,20,26,22,,,43,57,30,55,47,52,,46,,42,18,,49,,53,53,36,39,48,50,71,145,199,217,139,202,194,67,63,84,105,100,133,172,209,321,28,51,53,56,52,55,30,35,32,56,95,24,30,31,44,37,43,38,56,35,39,55,37,82,77,77,123,149,153,60,85,,74,92,84,70,70,83,80,25,20,24,30,23,22,8,20,73,132,86,,84,93,84,104,99,,118,38,25,23,33,29,23,25,,32,23,203,186,181,195,157,148,86,178,160,157,,17,,,,42,,38,27,,20,25,,,38,,22,51,41,,36,50,46,51,51,,41,56,57,56,48,39,64,57,51,51,45,49,40,,,,,40,41,,,164,129,133,168,151,133,140,51,,75,52,42,51,44,41,,46,45,51,50,55,,55,54,68,,53,56,54,65,95,75,90,81,86,78,86,78,50,61,65,62,49,52,53,56,47,41,13,33,32,52,50,,32,29,25,35,31,50,40,,24,37,48,,195,172,113,31,43,22,,,,29,40,,71,64,65,26,,,17,21,25,28,27,16,52,60,25,,,,,34,,,,,,23,204,87,107,90,169,49,69,52,36,34,14,34,39,31,17,24,67,124,126,120,114,91,,128,168,,67,66,32,,,,67,32,145,135,124,122,120,104,128,127,101,46,67,51,54,72,81,55,77,92,33,44,53,36,45,65,91,49,106,105,33,56,71,,57,71,71,106,52,73,65,42,49,63,45,46,53,51,57,56,38,50,79,52,50,30,46,55,64,71,64,55,32,,45,85,39,44,22,51,69,45,,60,60,59,46,45,48,45,47,42,52,47,52,54,,75,85,77,84,87,99,100,106,45,58,67,69,59,49,91,49,81,59,54,58,83,107,101,61,63,96,93,72,65,85,81,64,66,59,67,,50,41,90,85,185,62,77,81,124,126,89,69,72,47,57,94,72,90,99,103,47,26,80,16,98,102,143,122,126,105,119,99,95,97,251,144,106,80,70,29,167,120,34,65,44,62,82,266,161,118,197,158,89,112,129,118,120,133,60,49,78,49,52,44,55,47,78,75,,47,38,123,31,37,56,71,30,41,48,61,54,29,30,50,118,135,125,75,24,26,26,18,136,130,84,121,110,108,117,92,72,58,31,137,118,126,131,108,92,94,,110,82,146,,204,69,76,,104,109,136,,66,118,113,155,118,93,151,36,28,,19,25,26,115,,57,,83,167,175,181,142,169,120,25,32,,20,31,32,112,60,95,,53,49,51,36,60,80,53,29,76,40,48,43,,49,54,36,32,41,55,47,50,,43,68,33,27,34,74,68,65,39,45,43,56,50,84,126,79,83,118,142,115,105,45,45,70,70,105,115,205,189,248,50,57,39,22,24,39,78,78,,100,96,96,143,71,55,89,47,47,116,68,106,32,32,45,34,26,32,87,108,93,112,98,73,,52,38,39,44,30,46,,69,79,,,53,102,107,125,110,108,94,87,98,96,97,,72,65,75,46,56,37,67,,69,83,48,,21,28,21,19,69,50,40,,46,,,52,96,38,29,46,33,37,34,37,12,119,113,141,126,127,88,98,116,70,203,111,92,129,141,145,139,128,150,102,139,102,76,96,50,145,112,193,90,89,73,105,58,104,59,74,64,46,34,34,34,35,,37,40,36,,18,35,50,,,42,66,50,97,56,67,78,91,110,198,111,129,188,108,59,56,47,60,46,89,82,53,68,69,78,44,116,103,100,88,49,107,72,27,102,135,72,102,21,32,36,45,44,112,62,85,83,53,157,47,185,,99,118,95,93,149,155,104,87,102,150,149,162,161,141,201,51,80,112,81,162,112,144,90,131,121,107,74,22,54,25,24,,212,119,136,94,35,24,,73,44,131,135,114,75,66,119,109,21,27,40,52,33,32,19,24,51,,,,21,36,56,68,,13,23,22,10,,,,,59,49,,38,43,51,68,47,47,53,72,53,61,49,37,,,29,32,,,,37,27,39,32,41,41,,,26,29,48,73,55,66,110,132,119,108,127,160,204,93,72,82,55,106,88,63,28,64,88,54,36,43,,43,49,75,70,,73,63,42,29,32,77,,63,180,231,326,73,78,89,98,64,59,72,87,33,,19,,,125,78,111,156,141,,137,123,153,84,53,53,58,67,143,118,128,152,69,57,78,53,97,148,127,77,69,15,14,35,20,59,46,49,46,31,31,46,38,37,30,35,21,31,92,42,48,,80,39,17,23,20,42,38,40,38,16,,,26,63,52,106,13,19,34,50,,83,34,56,87,59,,27,70,,54,,251,100,124,62,64,,38,,,70,45,,,19,36,25,,60,,87,,95,98,87,105,62,47,37,53,,,44,69,36,38,,,112,55,67,,45,33,33,36,48,10,44,27,46,45,79,76,43,18,22,24,57,46,41,44,74,19,48,61,53,46,20,40,48,55,28,,28,26,24,32,31,53,46,55,73,,28,24,30,31,56,48,39,53,29,28,29,25,32,27,,30,36,78,86,99,110,95,103,74,166,142,181,193,108,93,89,109,90,101,112,64,,90,129,59,189,194,315,224,109,101,92,50,56,105,64,68,77,82,49,55,41,30,46,42,48,54,69,87,64,70,84,50,32,46,48,36,133,42,45,42,40,52,60,50,40,52,48,42,55,48,31,30,35,37,28,,26,49,47,43,29,30,36,25,22,50,28,37,2,34,30,81,68,75,84,,30,100,,,36,64,103,92,92,70,,84,50,56,85,93,83,121,74,106,107,92,70,91,95,90,90,92,38,83,,134,128,88,121,82,89,67,88,91,45,35,55,49,33,41,42,22,50,56,36,26,45,40,48,,71,88,,52,150,124,148,108,228,58,74,55,49,38,63,89,38,37,53,,71,38,33,47,61,37,36,34,40,37,49,58,33,68,58,111,46,44,33,45,31,130,141,21,41,45,38,80,,83,83,68,66,65,69,37,34,130,190,,82,39,42,108,118,303,103,105,166,213,61,57,126,104,22,17,30,,56,,164,57,81,55,,98,55,12,15,,45,94,141,93,41,47,43,49,92,79,41,90,70,292,425,41,80,82,19,17,91,34,53,84,41,51,83,76,63,47,45,33,,52,59,110,44,64,949,144,416,146,138,245,176,138,3452,2331,2720,53,,49,112,101,82,54,38,42,54,87,90,275,342,682,1070,1126,1081,438,410,56,35,35,87,48,34,26,59,47,91,70,77,59
20160416,22,PM10_24h,84,80,,98,82,100,92,,56,92,90,,,99,106,91,116,98,89,,101,108,120,93,93,103,,46,58,35,42,49,56,73,175,168,194,165,174,182,75,95,94,107,103,74,94,115,116,74,98,112,99,124,120,137,101,142,141,131,77,101,78,91,82,83,68,83,67,88,99,90,95,94,90,79,80,95,43,58,,50,54,45,46,47,71,65,123,101,94,110,105,127,100,96,77,104,89,,89,93,88,92,109,,98,88,70,62,77,63,69,62,,67,42,156,140,124,126,106,98,88,118,107,126,74,69,76,,78,79,76,94,66,74,63,64,67,49,47,57,38,48,47,60,50,55,48,51,51,48,40,54,61,52,40,46,54,40,44,36,41,43,47,51,55,52,48,76,80,68,67,123,86,110,104,133,114,109,57,,72,53,38,53,42,40,43,50,45,46,50,43,48,47,39,58,,53,50,43,65,73,69,81,81,81,90,82,85,39,69,52,51,73,74,82,65,44,34,23,42,31,58,49,,54,44,38,40,30,38,38,,21,32,43,,94,91,59,40,42,42,,39,,45,39,,73,55,48,32,,,34,42,42,50,47,34,40,55,49,53,62,63,53,52,59,67,59,54,54,26,110,67,84,79,103,53,44,64,38,41,27,30,39,35,24,29,40,120,145,126,115,115,,132,128,39,44,36,42,33,59,42,59,77,74,69,68,69,69,67,76,66,55,34,43,45,45,44,36,47,45,43,24,50,34,42,39,38,58,41,54,34,40,48,59,,50,64,57,76,50,62,58,48,46,57,44,44,47,42,51,53,36,46,64,48,49,40,35,42,58,57,53,51,44,,65,52,39,39,37,37,49,47,,50,51,51,48,47,53,50,52,51,47,50,51,53,,100,101,110,104,99,117,134,128,46,65,73,84,65,31,32,29,37,28,35,39,26,35,39,30,25,36,37,33,33,32,49,39,38,32,37,,37,23,55,59,57,47,63,53,57,66,71,56,64,55,56,64,71,62,108,79,58,62,151,54,79,68,68,52,73,71,85,54,45,64,131,60,58,36,51,40,55,37,28,65,62,87,75,122,118,111,108,101,79,89,84,50,80,88,65,38,45,47,52,39,36,38,48,43,,52,34,83,53,136,125,144,103,117,114,114,96,97,89,102,120,106,101,80,45,45,48,40,105,97,84,114,112,128,115,82,85,56,31,131,112,150,119,99,104,91,,134,130,146,,144,107,117,,73,96,127,,87,117,118,104,116,113,113,50,56,,38,41,47,71,,60,,77,116,104,118,108,130,109,59,63,,43,53,44,100,76,92,,43,40,48,39,45,63,52,40,55,43,41,54,51,54,52,51,44,47,48,43,56,34,38,38,44,33,39,36,40,44,41,47,47,60,63,69,59,62,62,67,67,66,71,48,39,59,54,87,77,119,129,136,106,91,97,64,72,85,79,76,,92,74,46,80,37,39,43,50,50,51,68,73,30,31,176,176,164,162,76,80,84,95,89,70,,72,80,71,77,61,63,58,79,96,59,60,57,114,104,116,117,116,66,59,74,68,75,,54,42,61,36,37,39,77,72,96,123,58,81,41,48,48,32,31,23,30,29,42,39,40,47,47,51,37,37,32,35,36,34,12,68,79,86,68,74,69,71,77,50,112,78,55,70,93,138,79,91,119,79,80,54,60,51,45,64,68,121,55,55,60,65,63,63,45,43,39,48,43,53,35,41,30,42,62,37,68,24,38,44,27,23,62,90,76,122,59,69,71,70,103,111,90,87,116,92,50,47,38,53,51,54,17,24,22,21,29,18,82,64,96,58,17,30,29,16,47,47,38,39,52,64,45,50,35,46,36,66,45,37,55,29,59,,53,70,61,54,75,79,55,60,60,67,66,68,71,68,86,43,54,70,58,74,67,71,61,77,72,74,71,127,140,121,33,,101,91,126,92,20,21,53,43,32,134,136,147,83,80,129,138,47,37,36,50,28,36,71,40,56,40,54,52,45,54,76,81,45,45,47,42,41,48,45,38,46,54,51,,49,52,64,70,43,58,42,53,53,50,47,55,40,29,29,38,36,53,52,57,51,55,49,59,52,,,52,53,42,34,33,33,35,74,72,81,75,81,86,68,54,59,43,60,61,56,43,78,111,63,57,45,,36,51,47,50,,51,37,76,55,65,49,,40,83,78,98,124,126,126,46,40,109,105,119,100,,51,66,67,208,164,70,71,69,,183,146,181,119,50,66,65,77,98,88,109,98,147,137,138,145,80,130,104,74,77,39,45,85,67,122,84,84,85,55,50,58,56,47,43,55,27,33,71,47,103,68,102,46,26,37,25,57,43,67,54,76,92,194,68,36,28,36,39,41,41,25,84,103,49,66,108,68,,48,44,,44,60,133,123,111,74,89,65,64,44,52,80,53,55,42,28,35,15,69,55,61,75,,75,75,91,103,57,49,32,48,,200,82,83,46,40,28,25,76,52,55,42,38,48,45,45,44,12,25,21,23,29,33,36,25,35,43,42,38,48,40,42,43,32,69,60,58,79,57,67,57,84,64,29,35,37,35,32,23,34,31,33,42,,30,27,27,65,71,67,70,57,29,26,26,23,24,29,33,36,35,74,75,86,72,78,77,87,109,106,109,122,58,56,51,60,61,62,62,42,,69,80,51,106,108,134,123,61,48,61,39,50,89,52,53,24,35,42,35,38,46,43,38,38,50,54,49,48,48,61,28,25,36,47,37,60,40,34,32,29,41,48,45,41,44,42,38,46,44,44,41,42,44,43,,44,65,50,50,36,37,55,48,42,72,44,50,21,49,39,56,51,52,44,,44,47,45,55,20,38,53,75,68,67,,81,61,68,78,73,72,98,74,86,92,62,51,74,103,114,68,66,56,84,,96,103,93,125,52,47,33,58,50,32,25,39,25,21,24,22,17,19,19,19,22,38,34,40,28,39,43,,36,62,41,45,69,51,45,34,25,26,22,34,37,19,33,42,30,42,35,51,45,69,49,52,24,25,23,35,39,43,74,60,53,38,27,25,31,32,45,68,15,27,48,42,35,,52,105,59,53,44,43,29,28,91,120,80,68,59,51,87,115,180,88,86,163,165,44,53,66,68,26,28,29,34,49,,165,101,80,60,,155,45,32,38,,33,63,47,48,85,89,83,95,35,48,30,53,42,53,63,36,32,44,36,45,53,51,36,49,42,50,38,41,39,41,42,20,,63,70,64,88,85,198,250,106,88,169,97,96,84,280,239,220,84,123,92,148,110,138,126,19,58,62,68,104,228,287,356,725,823,418,176,188,46,41,45,69,17,12,24,68,67,69,42,57,52
20160416,22,SO2,2,2,2,2,2,2,2,2,2,2,3,2,,1,5,1,11,4,6,,5,3,6,10,11,8,,8,10,8,11,13,7,16,30,28,26,15,32,24,3,9,17,10,7,28,21,19,31,8,9,12,2,4,6,4,2,9,3,10,5,7,6,5,12,1,3,1,3,3,10,13,17,23,15,37,11,38,85,11,,7,11,11,8,15,6,11,10,6,4,12,7,3,10,8,3,27,10,,7,14,7,7,7,,3,2,7,8,4,2,7,3,,9,2,11,8,6,5,7,5,6,7,11,6,13,13,26,,8,17,35,7,7,7,14,16,12,12,10,10,6,10,10,11,18,7,9,10,12,10,3,11,7,5,8,6,9,7,5,9,6,11,19,20,23,14,11,16,15,14,18,22,14,14,11,62,79,113,14,,49,19,8,14,8,6,6,8,8,15,7,12,13,7,11,12,,15,17,19,3,2,10,16,18,28,5,14,7,9,8,13,12,24,20,5,11,4,7,9,5,4,4,7,,6,2,4,13,8,18,9,,8,11,10,,19,31,26,9,7,5,,17,,6,7,,7,8,7,4,,,17,16,7,5,5,12,6,7,8,9,10,3,5,5,4,3,8,2,6,3,8,8,9,4,6,3,3,4,4,4,3,6,8,4,4,3,16,12,12,17,9,20,,14,15,20,9,26,7,33,17,14,15,2,23,20,20,24,30,20,20,26,11,7,4,3,10,3,10,4,6,11,8,6,12,7,5,11,16,7,13,8,6,6,10,,11,13,13,29,7,8,22,14,14,17,8,5,6,9,21,5,31,13,10,6,4,3,2,17,11,18,3,10,7,,10,6,3,14,3,8,11,5,,4,5,6,3,7,9,7,8,6,3,17,110,11,,8,12,11,11,5,12,8,9,5,5,5,4,12,17,10,23,9,18,7,8,14,12,12,9,3,11,9,11,21,20,5,11,9,9,8,,9,12,6,14,11,8,8,8,,18,8,20,16,38,7,14,12,15,11,21,9,7,8,7,17,17,11,9,9,9,13,10,16,8,15,7,11,3,1,4,4,1,47,20,9,3,9,14,3,5,8,2,19,1,12,10,7,3,1,10,16,17,22,14,15,6,14,20,,9,2,17,8,5,7,5,7,6,8,12,10,6,1,4,15,9,11,7,18,6,12,7,29,16,37,32,11,10,18,29,14,12,9,15,11,7,5,16,28,20,,17,9,13,,16,10,10,,18,39,53,,20,34,20,12,17,19,23,8,11,,7,1,18,32,,6,,9,28,32,13,8,2,8,11,6,,8,2,6,12,42,13,,17,10,9,2,13,17,9,3,13,5,67,2,7,9,4,12,8,12,3,3,6,4,3,9,8,8,10,7,9,12,3,3,3,13,12,15,17,20,13,4,2,26,20,27,23,9,24,44,25,13,23,22,13,17,12,11,17,14,21,23,,26,15,23,6,23,1,9,57,15,12,19,18,38,8,7,8,6,15,6,10,17,10,19,8,,,12,7,10,6,7,7,11,18,43,9,7,16,14,16,6,19,12,10,11,11,9,,7,10,25,27,8,19,8,17,14,12,6,14,12,7,34,13,6,6,37,14,9,6,25,21,21,9,9,18,12,19,18,22,10,56,22,27,65,70,20,14,12,24,22,13,18,12,16,26,17,34,26,12,25,22,33,14,11,23,12,20,13,10,13,2,29,15,48,21,44,15,20,22,1,3,35,8,13,7,13,19,2,7,2,3,25,16,30,18,4,5,8,5,10,10,7,21,17,7,1,2,12,11,14,7,15,21,19,29,24,9,85,76,44,18,4,10,41,9,30,5,17,13,8,5,12,6,11,4,6,3,9,5,16,1,4,,6,27,66,13,19,18,31,10,19,25,34,8,4,7,10,4,7,5,3,8,5,4,5,19,11,17,18,2,2,2,4,,5,9,54,7,3,19,2,8,2,9,5,10,31,26,12,17,3,9,6,4,9,8,6,8,9,3,7,8,13,28,7,5,4,20,11,8,1,17,5,6,15,13,16,,,14,11,30,12,8,6,17,24,18,11,10,11,1,6,8,20,23,40,4,1,4,6,9,10,,,2,3,9,16,11,14,37,28,13,19,20,15,19,18,35,33,34,43,23,12,17,81,22,20,26,48,,56,10,19,20,,22,21,19,39,11,13,,22,3,1,5,6,6,2,26,6,6,13,11,26,,5,5,4,17,4,23,4,5,,14,12,14,20,7,19,5,9,7,4,4,2,17,9,19,8,7,15,5,33,9,3,7,20,4,2,3,7,1,7,5,9,5,10,32,8,4,4,3,2,5,6,6,3,5,9,7,5,1,4,7,25,16,13,25,24,38,49,15,6,8,39,9,48,29,8,23,6,,38,8,,12,11,8,18,30,15,35,8,7,11,490,18,4,8,19,20,6,5,6,5,6,,,11,9,14,24,13,4,10,8,,6,16,5,4,12,17,9,10,5,9,14,8,10,9,15,7,3,3,14,5,7,20,18,12,3,4,5,1,6,4,6,2,6,16,20,29,14,11,9,5,9,5,3,8,38,14,12,14,81,31,67,73,,11,15,14,6,9,7,20,43,3,8,5,3,21,4,27,8,38,18,20,19,163,10,29,31,9,17,6,9,22,19,11,13,38,26,16,27,,45,26,16,30,30,30,8,31,32,18,2,1,6,5,2,11,10,61,17,11,6,6,5,8,2,2,34,23,69,286,5,9,3,1,11,3,6,9,5,4,8,12,12,29,20,18,22,15,11,14,26,26,18,20,6,61,23,15,19,9,10,11,6,14,35,2,38,10,7,,5,41,26,45,,14,61,18,8,4,11,12,10,4,3,,36,3,3,16,11,34,36,7,44,19,42,73,76,11,15,19,45,1,9,,33,10,7,8,16,18,20,10,8,14,4,14,19,13,8,4,22,11,10,13,3,14,3,4,29,18,36,,8,20,8,23,9,10,5,3,9,2,3,5,9,3,16,2,10,15,24,7,1,10,7,25,9,26,7,19,62,6,8,23,8,6,50,12,11,16,30,1,14,15,28,12,10,,5,1,3,19,43,9,13,4,4,17,4,8,15,24,7,7,22,8,7,11,10,6,7,11,11,15,7,16,2,6,9,3,5,16,7,,13,11,7,10,7,6,10,5,11,2,4,4,2,8,21,3,7,5,3,4,11,17,14,3,4,24,15,13,10,22,7,14,27,9,3,7,11,,8,16,10,4,18,10,10,18,1,25,3,2,17,4,1,3,6,4,5,7,13,5,3,,4,3,12,17,2,4,2,6,8,8,15,19,11,11,6,6,3,7,8,2,26,22,9,12,13
20160416,22,SO2_24h,2,2,2,2,3,2,3,3,2,2,4,2,,10,15,10,20,11,16,,14,6,13,16,9,15,,8,11,7,14,11,9,19,57,48,46,45,59,57,10,17,13,12,9,19,13,15,127,12,12,11,6,7,9,5,4,10,3,5,7,9,11,8,13,5,4,4,4,27,12,29,13,30,13,9,10,27,41,11,,8,13,9,7,7,9,15,10,7,10,13,6,2,8,8,10,47,23,,20,22,18,20,24,,14,7,14,8,6,4,10,3,,12,4,24,14,12,9,10,7,9,10,16,14,19,19,29,,11,31,32,19,23,12,14,17,12,11,10,10,9,10,10,11,19,13,13,14,14,14,3,14,11,7,14,10,14,11,9,15,10,12,19,19,25,17,12,17,15,23,22,30,23,27,9,64,23,126,11,,57,25,11,12,12,8,6,11,10,12,10,10,21,14,13,13,,17,18,33,5,6,13,22,22,17,10,13,10,9,9,13,9,33,25,8,16,5,6,9,14,4,5,7,,11,5,5,7,8,11,8,,7,10,12,,13,21,16,10,9,6,,15,,8,10,,7,6,4,5,,,14,22,7,11,11,15,12,11,23,9,12,18,8,8,10,8,10,7,11,3,5,8,6,3,5,6,5,13,7,6,10,9,13,13,8,12,14,18,15,18,13,28,,21,19,20,10,25,9,33,19,14,13,5,17,14,17,12,9,17,12,17,13,6,3,4,7,4,8,4,7,8,7,7,11,7,5,10,16,7,11,8,6,5,6,,11,12,12,25,5,7,20,10,6,4,6,5,26,7,16,4,13,10,10,8,5,5,3,15,9,11,4,15,7,,6,5,3,13,10,7,11,6,,4,5,6,4,8,8,4,6,7,3,14,27,10,,8,11,9,10,5,10,8,9,5,5,5,5,11,9,7,11,8,6,10,11,13,9,9,10,7,10,9,6,12,14,6,11,11,9,7,,11,11,8,8,5,9,12,6,19,12,6,21,10,58,16,13,15,17,7,9,7,6,14,7,20,12,9,15,8,12,11,10,9,5,15,9,12,4,4,5,5,3,7,13,12,6,22,29,12,18,25,15,12,2,15,7,9,5,6,9,15,18,27,16,12,22,16,11,,14,4,37,10,6,7,5,6,7,8,18,11,9,4,9,14,20,13,12,25,11,17,13,23,20,12,23,12,11,18,22,22,12,8,29,22,22,6,15,20,12,,21,17,18,,18,40,36,,18,35,44,,26,38,16,10,20,18,29,11,11,,10,3,16,25,,6,,9,25,42,23,36,9,33,11,5,,12,5,7,24,49,24,,24,12,9,8,11,23,11,3,8,7,21,2,11,9,4,12,8,11,3,3,6,3,4,9,8,8,10,4,4,8,3,3,3,9,8,13,15,17,12,9,8,10,12,24,24,4,19,30,30,18,23,24,12,16,11,13,14,10,23,21,,24,14,12,7,9,3,9,36,9,45,15,17,28,9,11,10,7,11,7,11,18,17,18,10,,48,23,11,18,9,22,12,20,81,25,10,9,45,77,28,37,48,15,11,16,12,13,,9,8,10,25,6,15,10,36,19,22,6,25,13,8,7,15,8,8,38,10,8,4,17,10,8,34,33,33,32,44,28,53,29,33,30,25,31,21,28,16,13,18,18,15,24,11,11,24,13,28,21,14,30,18,28,13,12,20,13,19,15,7,10,3,23,12,16,15,32,8,23,16,3,4,27,10,14,8,14,21,3,8,4,3,18,28,23,16,6,6,9,8,13,11,32,14,18,9,1,2,15,14,17,7,9,22,13,11,14,12,67,57,58,20,4,8,10,7,12,9,8,6,13,10,16,9,6,4,6,13,19,4,8,3,2,,3,28,36,10,8,11,8,7,12,9,13,7,3,7,8,4,5,6,3,7,11,4,5,21,7,11,14,4,4,6,18,,20,36,103,47,2,17,2,4,2,6,3,5,14,19,24,22,5,6,6,3,9,10,5,7,11,5,9,10,18,26,10,8,5,20,14,11,2,17,11,11,16,12,14,,12,15,12,28,12,10,7,13,23,15,12,15,9,5,8,8,5,11,18,13,4,8,9,17,16,,,4,3,8,13,12,11,8,14,15,20,13,9,14,9,24,28,23,23,15,14,25,42,24,17,24,15,,21,8,5,11,,16,15,11,27,15,11,,14,8,7,17,18,17,13,4,3,15,13,15,24,,6,6,19,15,6,24,5,6,,33,24,48,24,6,9,6,11,21,13,16,16,22,11,20,9,15,15,12,40,20,3,5,23,14,10,7,8,3,10,12,8,11,11,34,11,5,4,3,2,5,8,8,3,3,4,13,5,2,5,8,5,15,18,26,15,22,38,16,8,16,37,13,40,28,7,32,11,,24,10,,20,15,8,23,32,39,43,55,11,96,71,26,4,7,18,25,10,5,8,9,7,27,,11,11,17,22,12,4,9,8,,7,21,9,5,14,16,11,7,6,10,16,5,24,21,16,15,3,3,11,5,7,10,10,8,3,5,6,1,5,4,5,3,8,16,25,27,22,19,13,26,31,27,3,27,77,33,31,13,15,9,27,12,,8,14,15,8,7,8,12,24,9,8,4,6,9,18,31,29,47,29,22,22,24,18,35,29,13,18,12,12,23,23,15,14,68,27,17,28,,44,24,12,31,31,33,13,16,21,42,6,2,12,7,2,11,9,21,17,4,4,14,6,9,29,11,22,17,15,20,6,6,3,4,11,2,5,4,5,4,7,7,6,14,10,10,12,8,8,11,22,21,25,19,5,48,13,13,13,5,6,7,5,14,12,12,9,10,14,,6,14,14,21,,14,60,17,13,5,10,10,8,8,6,,13,3,3,17,13,19,30,11,34,17,17,50,54,9,11,18,14,4,12,,23,51,9,13,14,13,13,11,9,12,4,12,10,16,14,8,9,9,9,14,2,13,8,10,30,22,14,,9,16,4,31,6,6,7,5,7,3,3,5,8,2,23,23,11,23,37,7,2,10,8,19,14,12,8,13,37,9,9,21,7,8,22,14,14,15,28,14,15,17,34,12,7,,13,5,6,7,19,9,13,4,3,16,7,11,36,29,24,27,35,16,14,8,10,6,11,9,7,15,7,17,7,4,8,4,6,12,5,,24,7,10,10,7,9,7,5,7,3,5,4,4,6,18,6,4,2,7,4,11,12,10,5,5,12,15,9,8,15,8,5,11,4,5,9,6,,13,20,14,12,21,10,10,22,1,28,11,5,34,4,13,6,8,13,8,2,7,2,3,,4,4,12,13,4,6,2,8,14,10,10,14,4,11,5,6,2,4,12,7,14,55,11,13,14
20160416,22,NO2,22,2,2,26,17,32,65,17,5,17,10,13,,23,27,19,32,29,35,,33,39,31,19,27,17,,82,45,56,38,35,21,12,66,80,53,65,78,70,46,54,79,79,85,94,96,75,103,18,11,8,19,11,17,10,16,9,19,47,11,13,3,9,4,28,15,10,15,21,36,19,60,57,50,95,89,89,75,38,,6,26,54,47,33,26,28,14,21,10,8,11,27,20,12,14,30,28,,27,38,21,23,29,,11,15,24,10,19,21,7,12,,16,7,72,56,77,46,49,42,12,43,57,53,14,7,28,,73,63,22,15,36,16,20,15,32,36,36,28,20,29,23,37,16,7,23,22,30,33,34,27,11,23,16,21,20,22,19,29,31,18,23,24,13,68,18,24,,10,36,31,26,10,32,29,35,13,18,,14,16,19,34,12,18,28,31,20,34,26,22,29,20,16,26,,47,31,36,28,13,32,14,22,44,27,16,41,32,40,33,30,25,55,22,28,22,38,11,36,9,21,26,,2,22,20,20,23,28,30,,20,29,25,,78,91,92,31,20,22,,27,,30,23,,48,48,43,19,,,27,22,16,17,25,26,49,44,28,18,25,5,11,20,34,26,27,9,22,7,78,70,60,42,65,27,62,42,28,16,6,8,18,32,9,28,23,39,52,55,58,10,,44,26,12,12,,26,4,6,5,11,15,66,71,52,47,30,43,44,44,35,24,89,47,65,66,79,60,52,85,19,13,65,7,45,39,76,59,48,88,9,51,43,,35,36,31,62,48,44,50,46,49,59,43,42,19,44,51,20,32,44,46,31,33,24,22,53,50,52,40,26,6,,37,24,15,9,7,15,20,15,,38,36,41,29,16,19,33,33,21,17,21,19,10,,21,11,39,14,25,53,25,54,7,18,27,15,31,10,132,62,70,57,54,32,72,53,70,46,51,85,55,70,43,102,82,75,94,109,91,,68,33,60,66,65,34,32,68,,78,62,32,38,14,17,10,28,46,51,130,66,14,20,13,132,34,78,78,97,101,122,43,97,84,68,45,69,12,13,10,8,19,34,26,26,8,1,18,11,3,5,11,62,19,26,96,25,42,4,65,60,68,51,66,78,58,90,54,,5,14,80,13,14,7,9,10,11,19,13,13,12,6,4,21,15,15,15,11,13,11,12,16,19,51,26,23,39,20,51,37,47,23,26,24,31,28,24,38,24,,34,29,64,,66,34,22,,36,60,66,,41,53,15,27,17,17,7,11,12,,7,11,10,17,,18,,12,39,49,46,35,32,54,15,10,,17,15,9,39,22,24,,38,17,33,21,42,31,41,14,43,11,27,9,,10,5,17,5,3,15,6,4,21,29,39,14,13,12,56,37,36,6,5,9,38,63,56,34,42,45,58,67,69,50,8,7,24,16,47,38,52,39,72,11,15,9,14,10,15,36,47,,44,27,17,38,38,41,18,25,69,81,27,93,32,16,10,13,11,10,21,21,24,50,20,22,,21,29,11,26,22,23,34,12,38,38,28,12,16,37,11,17,23,33,46,16,15,41,,17,50,60,46,48,20,13,44,38,55,18,16,15,16,5,12,31,25,26,47,32,17,31,40,28,23,27,36,16,13,12,27,11,70,22,,51,36,19,37,64,66,80,54,81,44,45,46,47,42,41,25,28,75,71,41,38,83,55,48,16,61,63,34,38,26,34,23,17,26,12,6,6,33,15,7,6,3,20,2,11,9,10,4,9,39,11,,8,10,12,12,32,99,50,91,89,36,10,7,36,86,81,77,45,73,67,92,75,20,74,52,47,60,15,40,58,62,26,34,40,98,7,38,87,14,21,27,87,71,55,22,92,34,40,,63,36,36,71,39,91,89,46,64,62,89,32,76,72,104,15,47,76,47,53,52,56,68,22,54,47,27,11,14,3,15,,2,5,14,4,20,12,2,22,52,38,27,20,19,29,28,52,7,14,11,2,9,14,11,11,5,13,10,11,24,18,7,5,11,30,8,72,7,9,20,27,23,21,22,,,22,24,,19,25,18,22,38,34,46,,21,22,18,22,44,21,15,10,28,23,9,19,41,,,14,21,20,27,13,42,65,45,29,37,40,49,49,38,26,31,25,42,25,13,22,21,17,30,30,17,,24,25,52,53,,51,19,36,29,24,35,,28,2,4,2,2,10,12,30,19,19,21,24,11,,22,17,14,7,2,4,6,3,,29,18,29,25,13,18,22,18,10,28,5,12,11,12,15,17,16,31,27,24,11,18,10,20,17,13,11,21,10,19,20,17,7,31,10,5,2,11,2,27,8,19,17,18,24,22,32,3,16,28,28,12,1,14,31,25,44,25,16,6,6,21,59,137,61,27,11,12,,10,30,,24,10,8,17,42,19,40,39,42,20,33,44,26,48,40,31,37,11,10,14,15,,,27,17,47,15,15,20,17,31,,29,38,16,18,20,21,24,49,25,28,18,19,50,48,46,22,2,39,34,17,21,36,37,20,6,28,31,5,2,3,17,25,2,38,26,31,17,5,18,17,23,12,9,10,12,14,22,5,30,36,47,45,,11,13,14,32,50,2,37,41,11,9,4,9,6,8,4,20,84,33,73,94,55,37,27,31,72,98,70,72,31,45,42,40,55,77,33,34,,24,23,32,49,49,97,50,38,19,34,17,32,27,22,21,7,47,40,27,16,22,19,7,28,16,27,32,39,32,54,27,20,18,11,3,25,23,30,16,15,8,26,28,33,27,38,26,31,27,5,11,12,26,16,18,29,34,49,53,30,24,12,3,16,14,12,13,27,22,5,42,23,27,13,,11,13,5,22,4,3,51,49,4,35,,73,5,18,20,30,50,22,9,26,23,23,17,33,30,2,12,22,30,53,,8,28,12,22,30,84,65,28,16,54,15,56,29,20,21,29,17,80,82,66,4,34,44,55,7,45,45,,29,36,101,97,84,90,29,65,40,34,7,34,62,58,6,9,25,27,22,5,9,8,26,23,9,32,15,17,42,15,38,49,64,25,26,12,15,13,77,17,24,15,18,8,91,,54,6,5,6,30,24,15,22,36,58,10,2,19,35,23,12,38,28,52,48,44,12,4,26,50,6,6,,29,12,21,4,21,18,12,,9,7,4,18,17,14,73,78,55,20,34,24,23,7,34,9,19,18,8,6,4,65,55,13,10,38,18,38,52,20,24,22,24,42,12,42,26,,2,3,1,17,8,3,35,8,15,10,5,14,13,1,2,2,10,9,8,47,53,33,35,2,46,44,14,53,39,62,13,40,22,30,46,36,99,51,,5,2,52,28,21,9,48,59,26,56
20160416,22,NO2_24h,18,10,9,26,24,25,33,23,8,29,17,15,,33,32,19,33,27,34,,38,45,43,30,30,34,,29,22,16,21,22,10,11,68,74,52,74,74,77,26,47,63,50,49,40,41,27,45,23,17,50,20,16,27,12,16,11,9,23,17,17,13,11,8,33,24,19,26,40,48,40,25,34,31,37,37,36,29,18,,6,16,18,17,8,14,26,10,19,9,6,9,24,13,8,26,35,35,,31,60,33,41,42,,29,27,31,14,30,22,21,19,,23,11,63,44,64,35,45,20,15,26,25,38,34,40,30,,82,86,48,29,76,31,36,34,45,40,36,35,35,30,27,28,17,26,34,37,44,36,47,48,29,37,31,38,34,37,38,39,39,39,32,39,28,50,41,28,29,19,40,45,44,24,37,40,47,31,28,,23,31,29,46,27,25,47,50,31,44,37,24,46,35,19,34,,35,32,29,38,23,40,32,22,53,30,20,45,26,29,28,24,40,65,34,36,45,37,12,54,18,47,54,,40,37,38,16,17,20,32,,11,26,23,,59,74,59,34,21,25,,33,,23,33,,40,23,20,20,,,38,32,25,34,30,33,43,38,42,31,37,18,21,34,53,41,36,14,34,19,62,61,66,49,68,20,36,38,30,23,18,10,25,37,12,28,23,32,29,34,32,11,,40,13,19,21,5,39,19,13,15,20,24,47,52,38,31,26,31,37,35,25,20,25,37,32,38,29,16,28,30,17,15,22,11,19,19,35,33,23,24,13,47,39,,33,39,26,51,47,28,45,33,22,28,26,25,23,17,35,8,20,32,28,25,14,21,8,45,47,45,26,25,4,,37,10,6,4,4,16,14,15,,27,20,30,24,20,19,24,26,13,16,20,15,14,,30,16,46,16,25,42,40,34,6,14,21,15,29,12,50,22,42,24,22,32,24,22,54,24,35,41,29,25,26,52,33,38,45,43,43,,28,19,18,34,16,17,19,26,26,47,19,32,19,11,16,6,30,21,18,38,26,12,42,21,45,32,43,34,39,44,46,25,30,24,33,25,50,25,23,13,22,29,25,31,29,13,6,24,25,27,23,26,46,40,42,46,46,44,13,22,29,26,22,24,30,33,42,25,,9,15,33,13,12,7,9,9,9,14,15,12,8,6,9,32,31,23,21,14,13,20,18,29,31,21,17,38,36,36,46,45,48,20,38,36,39,42,28,42,41,,19,21,29,,28,36,28,,34,54,55,,41,47,15,28,60,28,11,19,29,,12,18,17,17,,19,,16,29,36,34,25,27,39,22,14,,25,17,21,36,18,24,,18,19,25,16,28,22,30,20,26,15,18,9,5,10,7,17,5,4,11,4,5,20,31,33,9,12,12,26,18,17,6,4,7,31,52,43,16,21,25,32,30,30,27,4,4,17,17,28,37,24,22,26,11,14,8,35,8,10,19,33,,27,20,7,26,14,27,6,5,34,33,19,29,14,16,8,13,10,13,20,20,33,44,26,22,,28,36,23,30,17,32,28,30,53,25,21,15,38,50,40,45,46,35,30,33,21,34,,11,21,32,24,17,9,16,64,27,50,23,20,17,18,7,15,30,35,22,22,31,19,27,27,35,27,31,27,17,13,31,21,7,35,17,1,34,22,17,19,23,32,28,30,48,19,18,34,26,37,31,27,18,30,28,26,21,26,24,30,18,26,36,27,22,25,27,21,14,28,14,7,7,16,12,8,7,4,16,2,13,10,17,5,7,42,23,36,10,10,14,15,17,24,21,16,28,13,8,6,30,31,33,34,19,19,22,27,23,13,42,28,37,35,10,8,22,23,17,18,19,29,25,23,41,19,13,24,33,41,27,18,35,31,18,,27,19,12,21,29,36,38,19,31,21,27,9,34,39,48,11,21,33,34,27,34,28,37,17,35,30,25,8,14,8,16,,6,17,28,18,13,6,3,13,13,24,13,12,22,32,33,41,15,14,13,10,21,23,14,12,17,26,17,21,30,14,16,8,7,22,14,25,10,12,35,43,44,30,28,,29,34,33,32,30,33,20,23,38,33,44,32,30,28,19,41,31,25,21,21,42,37,26,42,53,,,22,18,18,17,9,17,21,19,15,21,18,32,35,30,16,19,17,16,16,11,18,19,14,17,22,10,,12,17,24,13,,10,5,17,12,17,20,,15,9,10,10,11,24,18,13,11,19,20,20,9,,19,19,24,9,4,7,7,4,,36,27,42,33,15,22,29,23,26,38,19,33,20,18,22,23,31,39,39,27,28,23,28,33,36,27,17,24,14,36,30,27,12,27,17,7,2,11,2,29,12,31,30,20,24,13,17,5,14,33,28,16,7,28,36,20,22,13,26,17,9,16,65,79,50,32,27,22,,28,33,,31,10,22,26,24,32,40,48,33,43,36,46,3,42,27,34,27,11,32,39,37,50,,24,16,55,30,17,25,23,28,,18,59,35,39,31,36,32,40,22,30,20,24,34,36,37,22,2,20,17,12,24,36,25,14,22,39,35,5,8,4,19,22,3,18,10,20,12,11,15,23,22,14,7,17,18,20,16,5,12,12,11,18,,14,14,14,17,15,3,17,22,9,10,7,13,10,17,17,34,35,26,33,46,22,37,19,23,28,30,29,25,24,30,34,22,20,51,21,23,,19,18,22,23,24,58,22,22,14,32,31,31,20,18,26,6,20,14,16,15,15,17,11,29,25,21,19,19,18,44,16,11,15,8,3,10,14,14,12,14,5,15,18,19,19,32,18,27,24,4,10,10,14,11,10,23,20,20,27,11,13,11,3,12,13,19,18,29,29,5,15,13,11,4,,13,13,7,15,5,6,20,20,16,32,,32,7,14,19,20,21,15,10,19,22,13,15,21,12,19,8,13,14,29,,4,15,10,16,20,40,26,32,16,21,14,29,19,17,18,14,16,29,25,21,7,21,16,16,7,26,19,,18,20,29,29,38,23,17,40,23,13,7,30,33,26,8,9,16,10,13,8,8,16,28,23,12,16,11,13,26,17,19,30,28,26,19,12,13,11,22,14,18,15,14,11,23,,31,17,14,2,13,8,11,17,24,30,17,4,25,33,14,15,21,20,23,37,28,15,16,38,34,8,7,,27,22,15,12,14,17,9,,27,7,6,21,14,11,27,36,26,18,28,17,19,9,21,9,10,11,20,10,5,30,22,19,11,14,13,27,29,15,37,7,6,11,21,59,26,,7,9,11,26,8,5,26,13,14,15,32,28,50,6,14,12,18,29,30,14,21,5,5,3,44,37,10,29,29,34,19,39,36,51,26,32,30,23,,10,3,16,23,16,23,31,37,17,57
20160416,22,O3,64,90,75,65,74,53,23,67,71,74,80,82,,60,61,21,53,58,58,,45,40,45,59,27,65,,27,29,37,61,52,30,95,9,4,9,9,4,13,32,29,5,11,12,8,10,14,4,87,87,94,65,73,64,90,85,85,69,30,89,91,106,90,96,55,75,78,94,64,72,69,45,52,53,7,4,10,12,24,,64,40,8,9,28,48,73,84,88,102,72,73,76,69,76,56,62,68,,68,41,66,67,53,,82,128,117,123,112,129,154,108,,126,126,26,28,10,46,40,37,99,34,25,46,82,48,43,,44,23,91,58,42,47,40,62,111,99,92,122,114,101,113,37,108,83,72,99,77,78,84,74,88,99,88,95,105,95,106,97,102,105,93,92,86,18,100,101,98,107,99,54,61,65,55,41,52,58,23,,64,79,101,99,92,114,92,111,118,57,85,70,94,78,77,67,,56,68,63,69,41,77,80,61,36,42,54,42,53,47,55,66,51,36,60,43,99,79,121,93,77,100,93,,109,97,38,84,88,89,89,,99,83,79,,2,2,2,76,79,60,,69,,109,105,,14,10,3,74,,,72,82,68,83,102,69,,4,42,79,67,63,85,81,75,67,67,87,62,49,25,20,31,28,4,7,32,23,64,79,118,104,76,65,63,87,86,19,2,24,13,57,,36,11,101,120,97,95,29,132,107,91,111,62,44,63,51,64,43,53,50,27,56,11,53,40,40,30,25,42,26,90,65,93,99,70,63,36,71,64,11,88,3,2,,6,,8,3,8,2,1,3,8,15,22,8,23,6,57,19,62,18,6,39,32,37,33,4,6,2,6,10,43,,26,13,24,29,22,28,15,20,,5,4,7,3,24,20,9,17,13,24,36,41,45,,71,81,41,67,72,56,87,38,72,48,19,23,32,112,11,50,39,59,70,84,42,49,57,86,71,59,67,27,78,52,13,42,20,10,33,,46,94,38,72,57,66,93,73,,78,77,78,81,103,102,76,112,51,70,13,76,128,112,132,14,66,29,37,28,25,12,50,16,26,1,32,55,88,81,126,92,81,57,43,65,106,138,88,81,118,83,76,56,21,25,16,43,76,34,44,26,41,55,47,34,54,47,37,,145,27,8,33,84,77,83,73,84,87,77,73,55,88,89,94,93,86,81,111,129,106,108,65,77,43,51,53,23,81,13,14,14,24,56,58,69,46,48,59,67,,61,62,13,,12,32,24,,10,26,12,,37,33,45,48,52,53,71,103,109,,108,109,108,70,,87,,86,28,18,23,55,41,39,88,110,,94,133,116,53,61,59,,42,53,20,52,47,1,4,28,5,28,16,43,28,45,59,55,13,45,52,43,50,10,6,5,30,31,32,3,10,9,45,30,39,22,13,8,19,2,11,2,,,12,33,9,33,112,29,53,24,31,17,82,72,76,70,80,60,58,65,,73,46,41,49,20,26,27,13,32,13,67,22,61,88,92,87,57,70,85,69,79,53,79,95,,76,87,109,65,97,77,75,127,80,77,91,81,78,53,85,84,84,85,48,99,87,58,,114,20,26,35,47,72,60,63,27,21,93,77,79,90,93,92,7,90,58,20,56,32,50,49,48,41,30,33,35,42,86,63,82,50,102,110,61,79,129,72,26,26,11,23,19,51,26,41,30,51,71,52,40,11,26,13,66,8,40,52,91,42,47,64,66,80,80,91,74,93,96,137,131,74,116,93,83,77,85,27,47,97,77,99,68,82,98,62,47,84,85,65,109,7,30,16,25,62,66,77,58,18,35,9,21,5,15,4,6,33,27,38,54,41,58,38,29,33,31,35,51,9,78,70,30,42,92,31,71,21,20,72,11,93,63,,27,80,58,43,51,25,29,52,34,57,35,31,11,6,6,94,20,7,32,29,30,25,19,72,68,67,78,100,108,82,82,,99,117,82,98,78,87,57,98,31,61,68,105,77,85,42,18,80,69,122,98,114,120,123,132,139,125,123,83,117,118,103,72,20,40,125,121,101,118,90,95,93,89,102,,,,90,82,107,98,41,6,62,64,78,74,126,63,40,76,37,,96,69,105,58,107,66,73,,,101,59,86,51,62,37,20,39,55,51,42,15,6,70,85,78,44,77,89,87,64,67,76,56,51,58,,64,68,32,35,,15,31,72,92,84,10,,16,110,91,88,61,52,83,53,69,83,78,64,82,,41,73,80,114,96,42,121,110,,48,39,29,40,123,103,68,57,133,48,61,97,64,62,43,36,55,45,49,97,103,89,102,92,77,44,53,68,79,96,87,79,49,33,48,39,77,88,78,81,44,48,67,53,49,33,55,58,68,69,26,58,34,67,61,44,44,,53,55,45,44,52,130,138,78,73,84,,67,61,,74,71,60,70,53,79,25,72,43,82,54,24,2,6,12,69,52,74,117,49,104,20,,15,65,64,29,106,77,99,79,,10,105,72,47,58,64,47,1,4,19,45,4,13,15,9,23,,29,36,55,1,2,2,6,40,79,52,55,65,90,87,74,48,33,32,61,35,138,45,86,102,84,86,90,93,100,85,62,34,37,29,35,,74,93,68,25,8,,36,43,77,80,85,83,83,104,100,83,59,26,1,1,24,65,61,51,21,21,14,18,69,49,50,55,50,45,60,86,,82,82,89,15,22,7,17,64,87,83,56,54,66,23,68,106,4,43,69,84,90,80,93,94,104,71,77,68,49,68,79,77,81,100,34,43,44,39,80,94,90,31,20,80,75,81,95,90,68,84,89,91,75,89,115,97,91,78,75,64,68,96,85,73,100,110,81,101,99,82,15,56,31,47,,86,90,88,76,15,28,13,121,22,72,,26,34,11,63,55,47,55,69,59,85,55,55,42,30,97,60,47,40,33,,123,105,116,99,70,7,6,71,24,54,40,60,87,100,103,90,99,18,7,42,84,59,56,33,122,72,68,,75,12,8,7,9,17,14,47,7,46,109,50,12,10,104,92,98,75,99,63,92,104,20,56,113,110,112,112,106,87,34,78,118,2,97,95,93,78,7,31,47,82,116,125,14,,37,137,126,95,87,52,45,,60,124,68,76,76,74,108,146,91,133,112,49,105,106,88,74,82,56,29,80,46,108,107,77,79,83,91,,74,11,58,83,47,39,5,7,18,76,74,43,88,73,40,56,91,80,120,67,55,41,45,107,93,45,96,48,31,92,103,60,57,57,91,82,62,,100,89,130,93,116,114,108,127,11,77,94,71,70,17,103,63,44,39,104,99,86,27,18,79,28,31,113,63,76,126,105,85,53,103,65,63,27,63,,97,96,47,97,92,73,31,25,70,2
20160416,22,O3_24h,86,94,88,84,83,78,87,74,84,74,90,99,,75,93,31,85,89,99,,75,70,92,83,47,91,,110,57,112,112,90,62,145,132,121,132,92,105,128,151,129,157,160,179,100,85,101,94,110,107,123,89,106,73,99,97,93,100,82,108,114,123,114,123,69,84,87,105,76,90,76,108,103,114,103,81,95,68,70,,75,80,65,63,66,115,104,89,100,142,83,83,87,83,86,99,139,137,,156,78,134,128,122,,149,150,138,133,141,152,158,146,,147,130,134,113,108,137,107,125,145,124,110,122,107,123,122,,44,31,91,60,53,69,43,77,111,103,93,176,114,107,113,124,109,108,89,119,106,112,108,98,115,112,97,102,111,101,116,108,111,108,99,94,96,24,112,148,145,123,144,114,106,114,86,75,108,91,59,,88,93,107,107,98,122,99,124,127,65,94,82,107,87,91,86,,84,97,98,80,50,99,99,133,75,97,107,96,122,119,117,127,85,53,94,46,102,80,123,99,98,100,93,,110,97,89,112,108,123,118,,129,110,102,,44,45,49,102,93,70,,82,,112,112,,86,80,93,98,,,72,82,68,99,115,88,100,92,85,107,80,76,107,100,100,79,214,108,102,67,32,44,67,35,25,79,61,102,84,122,120,122,88,79,108,96,109,130,145,148,137,158,,126,149,137,141,118,111,133,150,107,120,148,124,84,119,122,119,60,114,91,155,84,110,96,88,92,130,91,103,126,141,85,151,127,136,114,114,132,109,120,114,69,62,,36,38,68,51,53,65,40,68,87,97,99,85,93,76,91,76,114,106,77,87,71,57,81,72,77,80,74,56,97,,109,146,61,66,65,68,63,52,,53,56,56,59,60,78,65,72,74,82,114,113,114,,210,243,144,162,215,260,248,220,99,142,89,85,94,133,131,156,110,179,134,134,122,107,112,143,123,145,145,68,137,154,124,129,117,118,150,,131,116,157,174,158,155,170,164,157,169,187,128,138,137,140,140,133,109,126,129,129,148,147,142,123,120,127,112,112,110,135,131,87,103,159,125,132,104,86,152,107,97,73,224,100,116,144,115,93,128,100,87,100,37,51,94,62,107,41,122,101,114,129,133,123,131,128,117,,183,121,116,72,97,91,96,81,95,106,102,100,73,113,111,144,131,142,129,133,172,137,136,123,151,155,135,118,74,137,48,45,35,39,113,113,143,54,66,93,79,,135,139,97,,147,63,40,,76,155,130,,76,67,74,110,103,90,124,106,117,,112,117,115,109,,127,,127,127,100,118,136,130,145,104,132,,96,200,141,119,127,125,,107,90,36,121,104,101,125,87,144,89,82,78,57,64,94,95,46,68,209,67,79,59,54,48,87,78,78,63,53,62,68,52,70,134,126,133,152,131,149,77,92,108,108,87,20,109,137,74,97,121,131,139,101,90,94,89,98,80,113,132,,129,97,116,100,86,76,108,88,95,104,98,115,119,112,106,102,62,87,157,109,147,122,167,164,,152,145,164,120,161,142,177,133,101,129,170,189,151,124,169,178,168,148,139,139,148,145,,170,89,68,81,111,114,83,93,70,55,120,79,88,95,104,106,20,90,107,48,88,44,85,96,79,52,32,56,45,46,86,84,112,111,125,145,103,131,149,140,112,99,99,52,93,141,121,96,115,97,131,78,114,131,123,79,131,138,65,122,138,123,98,114,109,124,137,133,122,111,125,165,137,152,150,122,95,104,116,107,51,103,100,101,94,159,155,130,214,129,148,100,226,171,163,158,182,174,82,93,178,177,172,150,59,72,71,119,108,104,78,109,138,155,159,129,158,115,52,55,106,91,101,176,140,90,101,96,156,64,91,87,131,151,138,,137,185,172,149,123,107,121,122,156,141,142,130,127,121,128,126,125,118,113,146,129,128,133,105,129,126,115,118,122,91,102,,117,122,112,113,119,122,67,156,70,93,93,127,112,125,150,131,109,89,154,107,122,124,134,147,147,135,155,113,134,149,153,120,84,103,132,126,102,125,93,106,102,89,102,,87,,100,82,109,102,55,9,98,91,101,89,145,76,52,84,72,,104,75,108,61,107,67,87,,,122,76,120,117,107,122,116,102,105,106,102,63,67,99,118,137,125,125,145,112,112,112,116,99,106,102,,104,105,74,67,,72,52,107,156,136,86,,41,123,110,95,90,73,122,105,110,112,110,95,99,,61,81,86,115,96,43,127,118,,132,91,77,63,183,156,116,130,217,117,123,176,119,108,78,48,134,108,121,135,148,120,118,139,100,89,98,76,81,96,89,91,66,40,77,65,83,88,78,94,58,50,74,84,81,88,86,58,82,70,35,78,50,74,93,78,91,,53,55,95,81,95,136,138,132,102,145,,101,110,,119,125,116,142,142,115,48,97,61,128,104,40,52,54,33,90,86,99,129,61,110,43,,33,121,132,45,106,99,123,94,,90,265,72,58,68,64,50,29,54,55,62,141,97,96,83,94,,98,113,97,35,45,44,54,64,121,84,121,83,113,111,100,106,141,121,145,89,161,72,117,141,107,124,109,114,119,120,107,104,95,101,106,,104,116,87,119,65,,124,116,101,95,103,98,97,117,125,85,89,69,70,74,97,105,106,89,97,122,99,146,131,94,103,115,124,104,110,124,,110,111,132,116,119,110,130,109,127,132,84,95,129,34,88,115,83,89,128,114,135,122,147,95,115,116,124,126,90,111,123,113,97,120,100,99,112,112,96,119,120,107,88,110,105,96,122,108,73,115,115,116,110,114,164,116,124,199,118,115,111,116,87,79,115,125,89,111,116,115,117,119,105,102,,113,127,114,109,118,102,134,228,23,148,,88,47,43,112,119,107,153,165,175,194,140,120,117,137,147,100,60,117,118,,166,147,194,181,124,125,141,156,62,132,64,138,117,120,125,129,112,112,117,105,122,131,136,136,151,126,136,,126,167,95,113,130,91,40,188,91,99,120,93,75,97,114,147,140,136,140,82,134,137,25,70,160,149,131,136,138,117,51,156,174,17,150,135,137,117,35,120,99,130,153,154,136,,106,158,140,142,150,94,68,,94,198,68,80,105,127,168,194,179,172,159,125,241,106,91,153,190,67,35,94,57,137,145,90,117,99,107,,82,20,62,110,99,91,122,120,119,124,123,70,130,87,118,121,138,124,128,80,110,108,107,117,111,78,115,116,111,105,128,71,91,94,112,114,102,,119,117,137,103,133,114,123,127,43,99,110,89,87,87,106,69,60,43,106,160,180,56,55,142,46,51,135,122,119,185,119,126,75,133,107,76,105,132,,116,101,107,150,145,88,88,46,116,20
20160416,22,O3_8h,77,88,80,73,77,66,66,69,67,70,84,82,,62,67,22,58,65,74,,48,36,38,49,29,73,,86,50,91,94,77,52,102,19,21,27,25,20,20,61,41,44,52,46,74,64,74,69,99,98,110,80,92,68,95,92,89,92,67,90,93,104,92,101,61,79,81,96,60,74,64,80,81,70,67,52,59,49,53,,69,62,51,48,57,95,86,86,91,106,75,79,81,79,80,61,75,75,,81,43,76,72,64,,94,104,86,94,76,105,113,114,,116,110,40,47,28,61,52,72,104,62,71,84,70,50,53,,26,15,54,32,29,27,39,30,83,69,71,85,84,75,74,58,76,83,71,93,82,79,81,78,92,94,66,67,75,70,78,74,74,71,66,70,70,16,72,74,71,92,82,60,66,71,67,43,62,65,22,,63,75,78,72,64,86,63,79,89,40,68,60,76,60,65,60,,59,69,44,60,37,71,73,76,43,47,63,50,68,66,70,82,45,38,58,39,91,64,93,84,85,69,72,,79,84,68,74,76,78,72,,92,74,66,,13,20,16,80,79,60,,62,,73,73,,50,52,58,65,,,62,68,58,83,105,78,13,24,38,74,58,58,83,74,73,62,72,84,70,49,22,22,36,24,4,40,46,47,74,103,110,112,80,70,90,85,94,45,49,60,50,65,,52,48,97,107,87,82,26,120,92,78,104,98,62,98,84,94,53,76,70,96,69,79,76,70,60,98,63,74,88,125,77,135,114,114,97,88,108,95,91,101,18,13,,16,12,30,26,17,33,9,35,27,44,31,27,7,29,68,38,56,24,28,46,48,44,58,32,32,31,43,30,67,,57,37,43,47,45,46,38,33,,34,34,34,36,44,43,33,40,25,31,68,72,74,,134,162,87,111,134,158,153,133,78,92,55,46,54,117,91,112,72,121,114,112,95,83,79,115,86,102,109,30,107,105,91,100,92,84,109,,105,102,114,132,118,118,136,128,114,125,148,109,106,125,122,116,121,87,108,103,112,130,113,120,80,89,86,81,73,64,88,94,64,80,92,78,86,93,81,136,98,90,64,94,68,109,137,103,86,121,92,80,78,26,39,73,53,87,39,99,76,95,104,108,92,108,98,88,,167,85,76,59,90,82,91,77,90,100,90,90,67,102,103,82,81,80,75,119,141,115,108,82,88,96,72,61,33,92,25,22,28,25,60,61,79,36,46,64,58,,77,75,44,,54,50,34,,37,70,42,,61,51,47,62,52,50,77,89,84,,86,92,94,96,,112,,114,62,39,54,88,64,72,74,94,,77,123,101,91,101,99,,80,67,28,93,82,30,40,58,45,47,33,61,43,55,76,76,30,52,82,53,60,29,21,20,42,42,45,36,35,39,55,39,51,76,64,70,80,64,60,33,37,34,60,57,16,73,127,56,84,66,64,65,92,83,87,78,92,72,94,109,,110,80,82,84,66,56,79,65,75,74,85,88,101,103,90,82,56,58,71,62,61,55,71,86,,98,87,91,66,104,92,83,88,67,71,82,85,78,73,87,76,89,98,70,94,98,73,,132,57,38,62,92,93,76,75,51,38,108,75,84,90,96,100,13,59,65,32,58,34,51,59,57,44,29,47,39,40,73,72,79,84,112,122,82,107,133,96,90,75,73,38,70,86,73,52,62,73,101,58,78,84,91,50,104,98,58,94,111,97,75,93,90,109,109,111,98,100,111,154,127,121,134,105,86,91,102,28,41,90,82,95,76,105,117,84,94,114,114,85,158,114,117,121,122,124,66,73,128,111,119,91,43,52,53,74,64,76,56,69,99,98,120,100,96,82,32,20,79,55,91,141,106,73,95,69,119,46,59,79,72,116,95,,91,134,124,108,84,74,93,97,110,110,104,96,84,82,83,112,78,68,73,92,70,83,83,89,102,103,99,105,114,79,96,,108,118,102,105,107,115,64,138,63,86,87,121,99,107,47,43,76,66,109,94,106,112,124,137,140,128,134,98,123,137,112,79,51,76,98,102,87,107,66,74,72,61,72,,68,,72,69,80,76,43,7,47,49,66,64,115,62,38,67,49,,75,64,94,51,79,59,76,,,100,61,105,88,91,93,76,72,78,82,77,37,34,80,103,108,76,108,118,102,92,94,98,82,83,88,,87,91,60,56,,55,44,95,133,114,60,,32,115,100,92,74,64,101,82,91,98,95,79,93,,51,71,79,107,90,41,122,112,,66,41,37,43,91,84,64,58,159,78,75,118,54,55,37,32,72,62,64,88,94,94,102,113,83,52,59,72,76,82,80,70,45,36,47,36,81,79,73,89,49,42,60,52,52,60,69,49,68,56,26,65,34,61,73,65,78,,44,44,81,59,50,126,114,74,78,80,,61,61,,67,68,60,80,70,88,40,59,51,102,81,31,13,12,21,82,67,89,114,47,100,26,,22,72,102,34,88,86,105,79,,36,113,63,51,54,54,43,10,21,30,48,20,55,56,43,62,,62,78,74,7,12,13,30,45,80,53,92,73,100,99,86,78,108,93,122,69,152,61,98,125,100,98,96,97,104,100,88,75,71,69,75,,87,105,76,92,46,,100,89,92,90,96,92,89,95,101,79,73,52,48,51,65,82,85,69,60,74,56,72,100,75,72,88,94,82,87,109,,99,97,114,62,66,62,70,85,98,101,73,78,106,28,77,110,50,74,105,99,114,100,123,89,104,91,100,102,74,84,105,99,86,110,76,61,80,82,85,108,104,82,64,98,93,88,109,98,64,101,103,106,96,101,126,106,112,102,102,102,90,105,85,75,108,114,85,81,107,96,76,90,76,81,,106,111,104,99,78,73,92,198,22,116,,68,37,24,87,84,86,111,120,124,143,104,94,90,90,118,80,55,85,90,,152,131,158,147,102,66,77,110,46,106,51,113,106,112,115,108,103,72,82,85,104,108,114,105,137,104,108,,105,86,54,71,55,60,18,44,45,78,112,62,45,56,109,115,116,117,126,77,123,127,23,37,132,130,120,126,122,99,44,77,156,8,129,118,116,98,24,72,79,109,141,141,88,,75,149,135,121,121,74,55,,77,176,57,71,96,107,136,156,137,154,140,88,160,103,82,124,154,60,28,85,44,125,129,82,100,88,96,,79,16,59,97,78,68,79,70,70,106,103,60,114,82,84,94,123,106,116,74,85,88,88,105,97,65,102,98,82,93,116,61,80,81,103,95,79,,112,107,130,97,124,111,102,124,23,83,100,80,79,43,101,62,52,39,98,144,151,50,48,108,41,45,127,110,108,173,112,114,66,103,96,68,89,116,,106,96,90,134,133,83,63,29,95,9
20160416,22,O3_8h_24h,100,88,102,107,103,86,83,70,67,70,91,104,,90,100,32,108,99,101,,82,70,134,76,65,130,,108,74,118,110,99,66,159,131,115,113,105,105,126,166,132,159,164,172,137,107,139,134,127,109,114,105,111,77,96,94,91,95,80,146,135,168,144,159,65,80,95,100,95,150,136,167,159,160,144,106,106,101,60,,69,70,62,56,65,105,88,88,96,114,80,81,82,80,83,88,133,127,,144,65,131,115,121,,148,139,123,131,140,151,148,141,,130,110,118,107,95,121,101,112,129,116,108,112,70,72,112,,38,29,63,49,47,60,39,68,99,106,94,124,99,108,134,131,119,136,112,169,136,174,146,124,144,135,100,81,103,94,104,104,112,108,116,113,100,30,106,144,144,124,138,163,152,160,68,102,153,130,83,,99,109,112,128,96,147,89,125,133,76,116,115,134,98,108,102,,95,105,54,73,47,77,84,159,91,116,128,109,132,126,126,134,102,61,118,39,95,75,93,94,86,92,80,,87,102,68,102,103,118,108,,124,104,95,,32,37,42,99,96,68,,115,,85,90,,94,90,86,101,,,62,68,60,83,106,78,94,100,80,101,82,85,138,103,92,90,114,133,115,52,28,43,55,38,22,62,55,67,74,103,110,112,80,71,92,87,95,135,144,160,141,161,,140,157,131,137,114,106,126,146,94,118,138,175,99,166,131,142,93,118,115,150,70,100,79,78,68,113,71,83,109,128,79,141,117,123,104,105,118,102,111,105,32,28,,23,19,48,29,27,42,18,46,82,88,79,77,75,76,80,74,111,98,68,81,56,50,74,47,48,47,58,42,75,,73,53,54,60,57,55,51,43,,45,48,47,50,53,83,62,72,76,92,80,82,82,,162,197,106,128,162,189,192,167,96,121,68,76,78,117,108,121,86,136,119,115,108,95,83,122,92,118,113,66,112,136,106,113,107,104,128,,115,102,133,142,136,130,143,138,136,140,156,121,126,132,135,132,129,103,130,140,129,152,120,146,104,105,107,99,94,86,117,115,78,91,135,105,112,95,83,148,100,91,76,107,72,109,137,104,86,121,94,80,83,26,44,81,53,87,39,110,88,104,114,120,104,116,111,100,,170,102,100,66,94,87,100,79,96,109,94,93,69,105,104,153,135,145,134,127,160,128,125,151,182,183,136,122,75,140,38,37,42,37,145,144,157,86,94,119,111,,153,165,119,,177,77,46,,53,172,136,,84,58,104,155,128,126,161,111,111,,106,124,114,123,,145,,135,154,123,152,162,142,166,93,126,,91,150,138,132,140,132,,81,67,28,94,82,58,84,87,82,88,68,73,53,59,86,87,42,64,104,62,71,48,42,41,82,72,78,53,46,51,63,46,62,78,66,73,113,95,100,63,73,74,93,76,18,91,134,66,93,130,144,155,98,86,91,83,96,77,105,134,,120,87,97,92,77,65,95,78,88,97,92,106,113,110,108,104,67,70,139,102,129,113,151,156,,135,126,152,106,155,133,161,133,94,121,166,176,139,127,171,150,153,138,131,132,136,131,,156,80,66,73,104,106,78,79,56,41,111,79,88,90,96,102,33,78,92,62,130,71,126,142,110,47,35,52,40,51,73,76,87,96,115,128,91,116,134,100,134,136,122,62,132,144,133,116,123,114,179,79,162,120,131,67,127,120,60,107,120,112,86,102,98,114,121,120,106,104,114,158,127,136,138,108,87,93,104,107,44,92,91,96,86,139,133,120,202,116,140,94,182,151,136,146,155,155,77,88,134,127,131,106,52,64,63,100,89,92,66,101,120,133,138,120,132,96,32,46,94,78,94,158,127,82,95,86,143,58,80,83,108,124,114,,116,157,145,133,101,95,110,117,150,128,129,121,118,113,120,115,107,100,98,124,102,114,112,94,114,111,104,110,116,85,96,,110,118,106,106,133,118,64,143,67,89,88,122,107,138,174,185,84,80,148,94,114,112,132,139,140,128,168,125,128,144,150,114,80,99,119,122,93,112,85,96,96,97,100,,107,,86,74,80,89,73,12,126,110,118,116,182,102,67,106,92,,125,64,94,51,79,59,76,,,100,65,108,97,106,107,110,129,133,139,137,52,54,84,111,153,77,119,125,148,104,102,108,92,97,96,,96,99,65,61,,63,47,100,140,119,80,,39,115,101,92,89,83,125,100,104,106,105,88,95,,69,84,86,116,107,42,124,116,,116,79,68,63,174,151,114,122,208,103,120,165,118,105,77,47,113,94,100,122,132,110,103,123,84,71,75,72,85,82,80,80,68,38,78,75,81,79,73,90,57,47,69,82,70,76,83,49,68,62,53,70,48,72,109,75,90,,56,46,94,76,154,126,114,155,125,172,,122,118,,135,124,119,166,168,88,41,64,53,103,82,31,26,26,24,85,70,90,126,75,128,56,,50,126,168,69,88,87,132,89,,92,153,63,51,62,62,56,38,50,42,72,45,60,59,52,62,,71,83,74,30,39,42,46,52,80,53,98,74,100,99,104,90,124,104,130,79,155,63,101,134,104,98,96,97,104,100,96,89,82,83,90,,89,106,78,108,56,,112,102,93,91,96,93,89,105,107,79,78,104,81,88,106,123,135,107,99,131,96,132,173,137,133,135,149,130,141,116,,105,104,122,148,149,152,159,130,150,158,76,82,110,32,80,115,72,83,121,103,123,107,132,92,104,95,113,111,81,98,110,102,86,110,86,99,94,99,89,111,110,101,79,103,94,89,110,98,64,107,108,111,103,105,128,108,115,106,113,110,100,107,85,76,115,116,85,92,109,104,100,104,94,96,,107,116,105,102,106,93,127,215,22,128,,82,44,34,103,108,102,130,138,144,161,119,109,106,123,138,85,56,97,99,,156,137,166,157,112,106,114,130,54,119,54,123,110,114,117,115,103,92,101,94,105,116,121,118,138,112,122,,112,129,74,99,113,82,28,184,47,84,112,82,65,82,110,121,125,127,131,79,128,130,24,57,139,134,121,128,126,109,47,100,163,13,138,124,124,104,31,101,94,124,149,148,116,,78,149,136,128,135,92,63,,82,186,57,73,101,119,151,172,160,161,145,105,200,103,85,130,167,75,37,87,54,137,143,87,113,99,104,,81,18,59,110,98,77,97,94,87,119,117,67,124,82,104,100,132,120,117,77,100,98,95,107,99,72,108,111,107,100,117,61,87,91,109,105,88,,113,109,132,97,127,111,132,124,31,83,110,81,80,55,102,62,56,41,102,152,169,55,54,130,43,48,127,114,113,179,116,121,70,131,102,68,98,123,,107,102,103,139,138,85,77,37,117,16
20160416,22,CO,0.3,0.2,0.7,0.3,0.2,0.3,0.3,0.2,0.2,0.4,0.2,0.3,,0.076,0.311,0.577,0.367,0.296,0.553,,0.67,0.826,0.13,0.486,0.59,0.612,,0.407,0.325,0.268,0.32,0.941,0.251,0.218,1.711,2.159,2.11,2.114,2.059,1.998,0.893,0.463,1.528,5.502,1.291,1.306,1.482,0.864,1.396,0.279,0.402,0.25,0.22,0.087,,0.11,0.26,0.241,0.517,1.275,0.254,0.457,0.177,0.313,0.315,0.087,,0.262,0.398,0.646,0.536,0.391,0.416,0.397,0.498,0.926,0.575,1.043,1.116,0.426,,0.244,0.348,1.046,0.469,0.705,0.597,1.091,0.634,0.368,0.894,0.904,0.243,0.379,0.513,1.329,0.608,0.584,0.903,,0.909,0.392,0.701,0.586,0.545,,0.435,0.524,1.129,0.845,0.807,0.87,0.545,0.747,,0.987,0.29,0.88,0.596,1.049,0.613,0.742,0.705,0.808,0.712,0.62,0.652,0.681,1.986,0.978,,1.018,1.032,0.642,1.399,1.356,1.142,0.614,0.775,0.637,0.672,0.873,0.597,0.964,0.597,0.646,1.042,0.858,1.321,0.869,0.599,0.346,1.023,1.044,0.386,0.444,0.834,0.839,1.051,0.946,1.137,0.877,0.834,1.186,1.163,0.921,1.023,0.97,1.168,0.773,0.739,0.773,0.741,0.561,0.626,0.972,0.903,0.718,1.179,1.072,0.967,1.641,,0.949,1.057,1.573,1.573,1.764,1.457,2.089,1.208,0.825,2.651,1.007,0.958,1.092,0.804,0.931,0.842,,0.766,0.68,0.955,1.194,1.361,1.106,0.858,1.772,2.123,1.075,2.262,1.463,1.24,1.316,1.48,1.445,1.669,1.371,1.826,1.666,0.703,0.864,0.538,0.626,0.654,0.721,0.803,,0.66,0.814,1.337,0.76,0.702,0.78,0.797,,0.726,0.833,0.856,,1.846,2.253,1.593,0.818,0.568,0.315,,0.923,,1.506,0.818,,1.304,1.194,1.762,0.655,,,0.724,0.834,1.35,0.759,0.719,1,2.085,0.956,0.741,0.792,0.726,0.658,0.641,0.886,0.976,1.445,0.808,1.027,1.731,0.507,1.645,1.757,2.242,1.644,2.809,0.605,1.124,0.613,0.597,0.492,0.67,0.154,0.618,0.647,0.818,0.705,0.511,0.714,1.021,0.574,0.928,0.653,,0.525,0.736,0.581,0.72,0.759,0.625,0.492,0.534,0.316,0.977,0.387,1.499,1.25,1.648,0.883,0.901,1.267,1.025,0.847,0.988,0.705,0.894,0.919,0.679,0.943,1.163,0.894,0.839,1.033,0.767,0.363,0.934,0.625,0.788,0.697,0.506,0.509,0.476,0.968,0.72,1.027,1.487,,0.743,0.819,1.179,1.492,0.833,0.785,0.895,0.963,0.69,0.832,0.7,1.063,0.695,0.882,0.73,0.673,0.573,0.882,0.883,0.693,0.887,0.55,0.749,0.67,1.116,1.337,0.77,0.9,0.376,,0.933,1,0.717,0.797,1.292,0.668,0.741,0.585,,0.842,0.697,0.935,0.645,0.595,0.766,0.75,0.706,0.74,0.248,0.856,0.861,0.513,,1.01,0.909,1.1,1.068,0.937,1.032,0.67,0.907,0.324,0.594,0.529,1.932,0.601,0.138,0.766,0.404,0.493,0.705,0.471,0.312,0.704,1.036,0.461,0.553,,0.293,0.125,0.526,0.761,0.696,1.079,1.017,0.684,0.979,1.088,,0.763,0.484,0.547,0.76,0.524,0.304,0.617,0.681,,0.652,0.798,1.354,0.694,0.335,0.771,1.811,0.529,1.228,0.711,1.786,0.677,0.233,0.326,0.52,1.831,0.664,2.105,0.876,1.315,1.176,2.714,0.937,1.144,0.743,3.478,1.646,,0.51,0.097,0.684,0.448,0.43,0.499,0.764,0.484,0.621,0.567,0.432,0.404,0.535,0.228,0.656,0.509,0.362,0.553,1.008,0.406,0.307,0.243,0.441,0.438,0.653,0.62,0.343,1.076,0.375,0.723,1.204,,0.329,0.318,0.688,0.795,0.703,0.672,0.493,0.663,0.673,0.821,0.561,0.526,0.18,0.283,0.309,1.509,0.889,0.778,0.655,1.346,0.612,,1.887,0.716,0.309,0.157,0.874,1.012,0.584,0.502,0.738,0.647,0.651,0.714,1.013,1.298,1.11,1.038,0.766,0.812,0.876,,0.593,1.243,1.488,,1.341,1.507,1.314,,2.183,2.775,2.291,,1.511,1.476,0.632,0.385,0.448,0.628,0.415,0.405,0.112,,0.497,0.464,0.52,0.918,,0.893,,0.588,1.008,1.134,0.603,0.446,0.568,0.363,0.285,0.324,,0.316,0.207,0.454,1.539,1.095,1.196,,1.334,1.262,0.662,0.735,1.002,3.768,1.445,0.844,2.311,0.881,1.186,0.588,0.755,1.123,0.583,1.287,1.633,0.554,0.52,0.817,0.519,1.177,1.165,1.783,1.306,0.805,0.75,2.801,1.531,1.433,0.63,1.077,1.295,0.808,1.558,0.757,2.498,3.503,3.003,2.225,3.972,2.661,1.5,0.997,1.305,0.607,0.96,2.804,2.522,1.304,1.336,1.629,0.997,1.908,0.42,0.774,0.447,0.53,1.201,2.809,,1.401,0.7,1.166,1.811,1.726,3.172,1.834,2.758,2.241,0.529,0.567,0.706,0.345,,0.522,0.728,2.049,0.604,1.294,1.143,1.12,1.696,1.233,0.862,,0.758,2.171,0.537,1.918,0.645,0.931,1.473,1.436,1.54,1.153,1.198,0.666,0.594,0.444,0.658,0.687,0.729,0.615,0.866,0.583,0.685,0.707,,0.529,1.14,1.371,0.423,1.136,0.51,1.503,0.585,1.2,1.114,1.038,0.763,0.354,0.47,0.526,0.578,0.765,0.792,1.753,0.768,1.146,0.834,1.369,1.354,1.745,1.082,0.714,0.786,0.685,0.523,0.731,2.178,0.801,0.824,1.434,2.089,0.902,0.999,1.322,1.898,0.508,1.285,1.293,1.01,1.398,1.343,1.981,2.729,1.127,1.893,1.568,1.089,2.551,1.338,1.177,1.262,0.539,1.42,1.63,1.553,0.783,0.711,0.375,0.351,0.799,0.651,0.856,0.801,1.06,1.105,0.729,0.89,1.011,0.727,0.623,0.823,0.373,1.529,0.091,,0.051,1.787,0.674,0.916,0.648,0.802,0.621,1.324,0.777,1.391,0.77,0.745,0.99,1.573,1.789,2.018,1.857,1.18,0.855,0.613,0.732,1.192,1.123,0.774,1.026,0.899,0.696,1.103,0.998,0.762,2.719,1.966,1.41,2.703,0.192,0.73,0.608,0.317,0.733,1.098,0.764,1.842,0.765,1.388,0.903,1.053,0.412,1.016,0.922,0.425,1.104,0.534,0.907,0.643,0.449,,0.573,1.142,1.326,0.791,0.819,1.073,1.353,0.516,0.84,0.796,0.976,1.582,1.59,0.859,1.795,0.486,0.459,1.034,0.693,0.741,0.508,0.963,0.744,0.584,0.878,0.702,0.566,0.724,0.172,0.897,1.054,,0.425,0.214,0.315,0.238,1,0.79,1.172,0.456,0.425,0.815,0.534,0.568,0.889,0.729,1.178,1.159,0.394,0.309,0.43,0.647,0.61,0.337,0.33,0.255,0.616,0.092,1.366,2.598,1.108,0.447,1.083,0.588,0.545,0.41,0.732,0.737,1.207,0.79,0.697,1.215,2.34,1.003,0.914,,,0.623,1.066,1.875,1.029,1.071,0.724,1.056,1.129,0.976,,1.475,2.376,0.629,0.927,0.587,0.958,0.861,0.641,0.753,0.711,0.849,0.868,0.661,0.967,,,0.041,0.458,0.38,0.64,0.767,0.427,0.869,0.925,0.677,0.584,1.008,2.057,3.304,1.487,0.329,0.515,0.887,0.36,0.518,0.132,0.782,0.619,0.596,0.355,0.165,0.735,,0.48,0.478,2.661,1.794,,2.948,1.853,0.921,0.422,0.507,1.472,,1.347,0.229,0.141,0.174,0.211,0.623,0.627,0.496,0.437,0.361,0.588,0.521,0.668,,0.426,0.467,0.705,0.463,0.723,0.26,0.589,0.222,,1.413,2.287,0.991,1.936,1.436,1.223,1.736,1.212,0.429,0.407,1.719,0.37,1.637,0.06,2.011,2.689,0.913,0.675,0.583,1.101,0.873,0.545,0.713,1.039,0.911,0.814,0.689,0.374,0.687,1.472,0.929,1.12,0.75,1.305,1.131,0.141,1.278,1.635,,0.532,0.386,0.788,0.78,0.872,0.757,0.949,0.444,0.929,0.369,0.748,1.373,1.132,0.746,0.428,0.736,0.638,0.578,0.441,0.205,0.316,,0.584,0.74,1.036,0.635,0.526,0.635,0.854,,0.648,0.525,,0.862,0.532,0.762,1.104,1.241,0.76,0.802,1.19,1.66,0.525,0.772,0.417,0.737,0.471,0.449,0.3,0.754,0.599,0.887,0.917,0.951,0.999,,0.587,0.563,0.722,0.62,0.719,0.471,1.225,0.737,,0.344,0.819,1.325,0.507,0.618,1.09,0.545,3.122,0.228,0.934,0.318,0.912,2.143,1.236,1.075,1.819,0.142,1.632,1.589,1.129,1.209,2.775,2.833,1.002,0.557,1.008,1.03,0.929,0.923,0.881,0.868,0.824,0.699,1.257,0.249,1.589,1.071,0.416,0.328,0.382,0.962,0.109,0.582,0.673,0.462,0.839,0.605,1.583,1.364,1.718,1.199,1.346,,2.292,0.948,0.676,0.621,1.246,0.631,1.185,0.362,1.221,1.109,1.148,1.458,1.972,0.345,0.307,0.381,0.355,0.499,0.75,1.003,0.419,0.005,0.458,0.749,1.184,1.085,0.658,1.135,1.423,1.222,1.211,0.898,0.866,1.462,0.909,0.652,,0.898,0.932,0.815,0.944,0.662,0.788,0.983,0.89,0.706,0.924,1.152,1.021,1.874,0.963,1.322,0.786,2.148,1.044,1.077,0.53,0.672,0.784,0.584,0.889,1.096,1.076,0.642,0.367,0.542,0.774,1.194,1.077,1.825,0.843,0.638,0.855,0.842,0.916,0.756,0.702,0.634,0.348,0.467,0.915,0.857,0.72,0.699,0.845,0.968,0.363,0.586,0.517,0.393,0.483,0.125,0.327,0.128,0.329,0.304,0.724,1.379,0.789,1.073,0.908,0.478,0.32,0.53,0.84,0.528,1.305,0.69,1.003,1.326,1.873,,0.863,0.905,0.187,0.322,0.014,0.275,0.626,3.344,1.715,0.811,,1.125,0.805,0.583,1.362,0.967,0.916,,1.024,1.879,1.849,1.34,1.85,0.836,0.655,0.937,1.563,0.682,0.739,1.07,,1.283,1.094,1.189,1.117,0.517,0.171,0.811,0.609,1.712,0.862,0.778,1.451,0.534,0.2,0.405,0.439,0.542,1.181,1.104,1.041,0.336,0.451,0.514,0.707,0.269,0.476,0.802,,0.455,0.583,0.98,1.205,0.832,1.158,,2.113,1.037,0.445,0.023,0.82,0.975,1.144,0.381,0.38,0.48,0.617,0.547,0.267,0.767,0.07,0.831,0.48,1.355,0.639,0.428,0.776,1.459,0.416,0.66,0.816,0.884,0.491,0.719,0.557,0.436,0.496,2.75,0.609,0.511,0.511,0.728,0.597,0.73,,,0.167,0.763,0.437,0.474,1.194,0.084,0.447,1.205,0.65,0.513,1.217,0.69,0.939,0.941,0.387,0.644,0.262,0.906,1.536,1.372,0.656,0.786,1.608,1.642,0.097,0.041,0.948,,1.883,1.558,0.818,0.877,0.303,0.36,,1.527,1.037,0.275,0.276,0.844,1.408,1.293,1.332,0.993,1.094,0.391,0.938,1.045,0.058,1.439,1.359,0.974,0.71,0.147,0.3,0.401,0.867,0.846,0.745,0.914,0.938,0.266,0.657,1.479,0.397,0.192,0.614,1.24,0.826,0.563,0.892,,,0.765,1.168,0.606,0.982,0.888,0.196,0.341,0.435,1.408,0.065,0.234,0.142,0.622,0.319,0.561,0.291,0.183,0.442,0.198,1.749,1.429,1.165,1.046,0.587,0.973,1.238,0.88,0.67,0.503,0.527,1.512,1.718,1.981,0.623,0.226,0.272,1.691,0.87,1.076,0.342,0.881,0.855,0.712,1.108,0.363,1.163,1.218,0.576,0.957
20160416,22,CO_24h,0.36,0.255,0.706,0.39,0.3,0.375,0.315,0.279,0.27,0.34,0.305,0.31,,0.657,0.704,1.176,1.012,0.787,0.88,,1.128,1.274,0.889,0.843,0.922,0.812,,0.387,0.635,0.267,0.455,0.835,0.225,0.398,2.114,2.027,2.416,2.723,2.54,2.43,0.706,0.674,0.735,1.023,0.831,0.821,0.614,0.754,0.688,0.457,0.502,0.432,0.453,0.264,0.525,0.097,0.318,0.288,0.46,0.661,0.313,0.478,0.246,0.364,0.376,0.214,0.108,0.373,0.441,1.016,0.834,0.703,0.503,0.447,0.556,0.596,0.506,0.687,0.792,0.458,,0.273,0.407,1.048,0.402,0.844,0.609,1.177,0.593,0.308,0.863,0.755,0.231,0.319,0.48,1.28,0.945,0.8,0.963,,1.207,0.744,0.981,0.912,0.821,,0.826,0.659,1.202,0.924,0.859,0.912,0.615,0.811,,1.039,0.348,0.953,0.775,1.075,0.708,0.832,0.646,0.858,0.704,0.7,0.835,0.787,2.227,0.927,,1.165,1.2,0.82,2.037,1.492,1.175,0.795,0.774,0.476,0.546,0.7,0.514,0.839,0.453,0.452,0.695,0.684,1.386,0.76,0.521,0.317,1.013,1.035,0.633,0.408,0.809,0.58,0.846,0.701,0.823,0.644,0.642,0.919,0.981,0.713,0.772,0.687,0.846,0.468,0.925,0.957,0.899,0.831,1.02,1.493,1.368,1.199,1.478,1.212,1.349,1.468,,0.836,0.98,1.1,1.386,1.485,0.847,1.817,0.911,0.578,2.41,0.822,0.706,1.169,0.811,0.72,0.763,,0.641,0.563,0.695,1.095,1.18,0.996,0.719,1.454,1.936,0.852,1.946,1.251,0.73,0.806,0.964,0.916,1.81,1.418,1.995,1.819,0.663,0.789,0.371,0.52,0.533,0.754,0.823,,0.702,0.814,1.175,0.606,0.522,0.633,0.661,,0.533,0.642,0.774,,1.058,1.165,0.978,0.65,0.443,0.359,,0.728,,1.394,0.696,,0.974,0.743,1.101,0.444,,,0.779,0.831,1.359,0.773,0.677,0.891,0.933,0.564,0.68,0.806,0.867,0.772,0.701,0.957,0.995,1.581,0.915,1.099,1.74,0.571,0.766,1.127,1.19,1.1,1.469,0.567,0.858,0.727,0.792,0.658,0.876,0.373,0.795,0.804,0.852,0.963,0.781,0.851,0.949,0.691,0.898,0.821,,0.717,0.731,0.663,0.695,0.73,0.615,0.448,0.45,0.27,0.938,0.518,1.516,1.222,1.685,0.83,1.048,1.38,1.121,0.857,1.014,0.636,0.575,0.905,0.652,0.882,0.932,0.838,0.735,0.736,0.777,0.435,0.959,0.675,0.738,0.711,0.537,0.585,0.461,0.822,0.755,0.932,1.316,,0.682,0.785,0.993,1.266,0.806,0.742,1.184,0.904,0.378,0.677,0.613,0.92,0.538,0.691,0.602,0.64,0.624,0.836,0.758,0.67,0.698,0.868,0.653,0.476,0.953,1,0.616,0.784,0.384,,0.836,0.724,0.536,0.687,0.742,0.598,0.69,0.581,,0.713,0.562,0.811,0.574,0.588,0.75,0.697,0.671,0.7,0.304,0.84,0.704,0.515,,1.106,0.974,1.164,1.145,1.12,1.056,0.836,0.937,0.336,0.597,0.559,0.903,0.614,0.215,0.338,0.221,0.489,0.503,0.484,0.114,0.573,0.766,0.487,0.479,0.132,0.183,0.146,0.193,0.729,0.433,0.669,0.9,0.497,0.645,0.92,,0.625,0.529,1.201,0.623,0.311,0.325,0.473,0.487,0.748,0.442,0.458,1.262,0.532,0.183,0.734,1.688,0.51,1.099,0.39,0.758,1.021,0.204,0.473,0.56,1.481,0.71,1.527,0.714,1.108,0.873,2.385,0.849,0.677,0.443,2.903,1.482,,0.636,0.296,0.755,0.655,0.587,0.471,0.554,0.782,1.178,0.673,0.624,0.582,0.774,0.351,0.918,0.53,0.562,0.74,0.619,0.649,0.379,0.342,0.577,0.526,0.711,0.791,0.562,0.753,0.566,0.615,0.643,,0.357,0.396,0.797,0.75,0.68,0.613,0.471,0.611,0.684,1.029,0.647,0.442,0.207,0.346,0.408,1.478,1.026,0.758,0.6,1.472,0.798,0.229,2.023,1.028,0.665,0.332,0.904,1.343,0.95,0.847,0.937,0.84,0.682,0.655,1.309,1.419,1.252,1.393,1.129,1.078,1.219,,1.024,1.397,1.406,,1.099,1.303,1.109,,1.104,1.347,1.812,,1.114,1.644,0.825,0.601,0.672,1,0.733,0.523,0.267,,0.574,0.475,0.654,0.583,,0.728,,0.381,1.06,1.198,0.933,0.756,1.562,0.616,0.445,0.371,,0.438,0.61,0.564,0.905,0.654,0.635,,0.946,1.075,0.433,1.063,0.677,1.374,1.152,0.85,1.17,0.763,0.943,0.625,0.776,1.132,0.595,1.322,1.633,0.544,0.606,0.748,0.513,1.215,1.158,1.244,1.062,0.709,0.692,1.099,0.886,0.901,0.626,0.834,1.047,0.855,1.293,0.756,1.481,1.475,1.425,1.695,1.58,1.656,1.305,0.767,1.262,0.532,1.058,3.379,2.923,1.202,1.159,1.143,1.05,1.811,0.373,0.717,0.411,0.48,1.085,2.842,,1.594,0.768,1.177,1.814,1.806,3.237,1.895,3.004,1.737,0.49,0.643,0.64,0.284,0.251,0.543,0.719,1.996,0.518,1.069,0.797,0.946,1.312,0.948,0.692,,0.861,2.108,0.705,1.902,0.784,0.981,1.345,1.691,2.677,0.981,1.114,0.546,0.869,0.74,0.947,1.117,1.14,0.814,0.737,0.737,0.889,0.791,,0.552,0.886,1.164,0.247,0.67,0.474,1.468,0.737,0.855,0.896,0.71,0.786,0.493,0.544,0.645,0.684,0.71,0.714,1.637,0.652,0.858,0.647,1.008,0.8,1.225,0.99,0.711,0.878,0.791,0.565,0.798,2.107,0.788,1.02,1.868,2.255,0.615,1.22,1.664,2.038,0.436,0.765,1.173,0.942,1.258,1.347,1.917,2.503,1.283,1.757,1.527,1.23,1.913,0.807,0.734,0.862,0.425,1.074,1.46,1.2,0.809,0.628,0.381,0.445,0.799,0.617,0.781,0.741,0.892,0.972,0.564,0.807,0.87,0.682,0.543,0.939,0.543,1.601,0.362,0.092,0.358,1.794,1.32,0.999,1.038,1.243,0.937,1.518,0.864,1.318,0.794,0.891,1.051,1.113,1.306,1.205,1.446,0.986,0.74,0.548,0.641,1.013,0.717,0.632,0.568,0.429,0.384,0.664,0.366,0.562,1.958,1.738,1.289,2.447,0.029,0.337,0.292,0.041,0.461,0.328,0.464,0.419,0.942,1.059,0.689,0.839,0.402,0.473,0.866,0.399,0.857,0.517,0.56,0.762,0.462,,0.387,0.779,0.884,0.444,0.835,0.734,1.083,0.381,0.532,0.501,0.589,1.484,1.478,0.715,1.228,0.457,0.44,0.673,0.586,0.54,0.633,1.019,0.579,0.62,0.642,0.596,0.511,0.554,0.215,1.078,1.16,,0.552,0.451,0.679,0.436,0.907,0.769,1.067,0.404,0.392,0.512,0.479,0.499,0.682,0.624,1.33,1.432,0.464,0.31,0.434,0.329,0.562,0.317,0.431,0.301,0.686,0.114,1.493,2.623,1.186,0.386,1.169,0.652,0.574,0.452,0.842,0.793,1.284,0.796,0.536,1.046,1.104,0.792,0.718,,0.562,0.533,0.742,1.22,0.951,0.844,0.682,1.006,0.872,0.629,0.619,1.303,2.074,0.611,0.945,0.489,0.63,0.621,0.454,0.723,0.641,0.741,0.905,0.684,0.99,,,0.04,0.414,0.455,0.579,0.539,0.353,0.543,1.006,0.759,0.669,0.85,0.944,1.36,0.973,0.645,0.783,1.006,0.793,0.699,0.358,0.793,0.736,0.639,0.344,0.536,0.676,,0.564,0.389,2.121,1.669,,1.862,1.807,0.869,0.39,0.509,1.225,,1.23,0.325,0.353,0.332,0.6,0.958,0.817,0.342,0.28,0.38,0.566,0.476,0.485,,0.508,0.529,0.742,0.448,0.681,0.323,0.588,0.191,,1.745,2.628,1.349,1.986,1.319,1.151,1.491,0.842,0.827,0.757,1.889,0.785,1.895,0.366,2.288,2.893,1.249,1.084,1.741,1.175,1.202,0.698,0.721,1.441,1.331,0.947,0.872,0.444,0.775,1.546,1.025,1.116,0.797,1.506,1.086,0.307,1.164,1.787,,0.612,0.639,1.005,0.985,0.931,0.68,0.619,0.33,0.989,0.411,0.826,1.41,1.159,0.967,0.534,0.815,0.241,0.298,0.322,0.329,0.433,,0.517,0.725,0.784,0.759,0.559,0.65,0.881,,0.733,0.526,,1.01,0.624,1.054,1.395,1.434,0.887,1.127,1.449,1.876,0.604,0.821,0.557,0.792,0.647,0.489,0.308,0.701,0.493,0.871,0.826,0.883,0.859,,0.584,0.843,0.792,0.547,0.581,0.419,1.258,0.745,,0.442,0.944,1.483,0.642,0.523,0.91,0.416,1.44,0.26,0.996,0.407,1.013,3.067,1.661,1.577,1.226,0.167,1.193,1.359,0.96,0.949,1.376,1.141,0.727,0.75,1.2,0.897,0.83,0.789,0.763,0.823,0.761,0.97,1.549,0.615,1.677,0.945,0.663,0.712,0.498,1.546,0.573,0.584,0.74,0.664,0.82,0.623,1.416,1.079,1.479,0.853,1.203,,1.143,0.964,0.705,0.69,0.687,0.658,0.993,0.676,1.296,0.999,1.335,1.649,2.26,0.787,0.479,0.414,0.391,0.595,0.661,0.748,0.638,0.245,0.659,0.896,1.012,0.902,0.522,0.634,1.742,1.527,1.59,0.884,0.739,1.395,0.914,0.65,,0.694,0.897,0.658,0.777,0.542,0.458,0.608,0.705,0.585,0.727,1.347,1.105,2.009,1.025,1.447,0.691,1.254,0.945,0.979,0.485,0.596,0.758,0.536,1.092,1.383,1.343,0.68,0.363,0.526,0.518,1.079,1.048,1.789,0.788,0.566,0.741,0.923,0.788,0.698,0.754,0.682,0.414,0.47,0.864,1.071,1.001,0.926,1.057,1.226,0.644,0.859,0.796,0.614,0.746,0.125,0.334,0.163,0.498,0.429,0.769,1.154,0.84,1.191,0.978,0.606,0.577,0.831,0.895,0.947,1.277,0.451,0.863,1.175,1.769,,0.785,1.351,0.727,1.265,0.089,0.217,0.388,2.421,0.981,0.9,,1.093,0.907,0.549,1.402,1.05,0.878,1.144,1.088,1.266,1.65,0.937,1.078,0.853,0.544,1.157,1.024,0.67,0.869,0.961,,1.073,0.864,1.186,1.114,0.49,0.182,0.729,0.727,1.491,0.703,0.811,0.897,0.366,0.184,0.386,0.368,0.459,0.56,0.572,0.676,0.277,0.337,0.375,0.383,0.259,0.393,0.658,,0.383,0.387,0.604,0.523,0.537,0.372,,2.041,0.916,0.247,0.069,0.763,0.737,0.768,0.357,0.304,0.408,0.314,0.357,0.159,0.7,0.072,0.896,0.415,1.456,0.548,0.398,0.637,0.901,0.356,0.502,1.433,0.528,0.51,0.629,0.546,0.409,0.438,0.358,0.747,0.393,0.505,0.72,0.509,0.479,,0.73,0.166,0.773,0.341,0.332,1.078,0.117,0.384,0.701,0.382,0.46,1.136,0.652,0.743,0.836,0.474,0.69,0.223,0.723,1.618,1.328,0.569,0.578,1.357,0.874,0.108,0.084,0.818,,1.796,1.437,0.854,0.733,0.305,0.334,,1.934,0.573,0.324,0.284,0.543,1.531,1.122,0.931,0.745,1.133,0.389,0.968,1.029,0.253,1.114,1.341,0.872,0.73,0.306,0.384,0.421,0.657,0.485,0.844,0.985,0.712,0.336,0.601,1.196,0.791,0.287,0.291,0.66,0.419,0.651,0.557,0.889,,0.942,1.282,0.757,0.89,0.579,0.337,0.408,0.647,1.229,0.251,0.652,0.318,1.043,0.354,0.722,0.359,0.168,0.705,0.225,1.133,0.715,0.352,0.341,0.584,0.652,1.487,0.942,0.371,0.479,0.632,1.533,2.002,2.535,1.164,0.33,0.52,1.022,0.755,0.825,0.484,0.854,0.301,0.745,1.099,0.594,1.449,0.738,0.755,0.904
20160416,23,AQI,22,30,32,36,21,28,21,31,22,38,25,48,,52,52,41,53,51,45,,35,31,54,28,28,40,,47,51,45,28,34,42,58,76,99,83,76,87,88,55,56,81,86,74,113,114,125,139,32,46,47,53,50,47,33,36,40,44,59,30,52,35,94,36,36,37,47,30,38,46,34,65,101,48,88,101,105,53,73,,60,60,53,62,60,73,65,26,33,27,31,30,25,21,24,63,86,68,,90,74,70,73,84,,89,43,34,33,51,35,42,33,,35,35,126,117,112,110,106,97,74,114,95,104,30,21,59,,52,43,40,33,24,43,15,25,55,52,50,52,42,50,49,49,48,65,54,55,62,58,50,53,62,49,73,65,56,77,82,69,74,72,75,85,93,77,87,70,73,42,43,107,95,,110,110,108,100,60,,64,53,50,75,67,55,58,63,67,74,70,60,65,77,57,69,,45,54,67,72,63,63,79,65,68,63,65,66,52,79,63,65,62,58,59,57,52,39,33,43,36,53,54,,35,37,26,37,43,49,47,,34,45,51,,129,127,94,44,43,28,,40,,43,53,,60,67,77,31,,,23,26,22,32,36,23,59,58,25,45,44,49,48,45,53,48,49,52,49,25,93,69,73,81,104,51,56,,52,48,34,32,48,,23,36,41,92,103,,89,73,,88,113,65,59,63,52,70,59,63,73,52,104,95,88,96,83,81,90,87,70,49,59,,51,60,62,41,63,64,44,37,38,31,31,35,53,36,44,61,28,52,58,,49,62,59,73,52,64,54,57,54,53,44,52,50,50,60,40,45,49,61,51,56,40,40,53,59,67,72,57,39,,64,98,46,49,23,58,60,55,,59,52,55,50,,53,46,51,42,38,54,55,51,,75,67,,80,63,72,74,81,46,53,79,77,54,51,68,56,53,56,48,51,57,66,60,56,54,51,64,57,56,72,76,54,51,56,52,,45,47,73,72,101,60,66,66,,78,78,67,55,38,50,80,61,63,115,124,80,56,101,43,75,65,86,68,72,82,100,77,73,104,105,71,96,65,126,70,106,95,41,57,51,69,70,68,72,86,65,76,73,85,58,84,87,105,31,54,64,53,49,48,56,46,60,58,,45,28,75,42,32,51,52,30,35,45,51,45,31,33,43,85,89,88,60,33,40,32,32,98,96,71,90,81,92,87,73,65,57,26,94,83,77,102,87,79,88,,78,59,114,,114,82,,,69,87,103,,103,97,91,108,97,78,107,32,33,,33,33,33,105,,74,,95,111,97,107,105,102,93,48,45,,31,44,38,113,94,108,,52,51,56,39,55,53,46,20,69,42,59,50,49,51,40,43,39,45,54,49,48,142,55,,36,36,46,72,70,69,42,43,45,48,57,65,59,67,97,87,120,92,102,59,46,84,63,84,76,126,,154,45,52,35,26,25,34,67,65,,86,77,68,91,63,59,68,53,49,67,59,79,35,30,49,34,20,33,92,97,77,90,87,82,,61,34,36,40,27,59,53,58,67,67,62,51,83,78,90,83,84,69,68,72,74,63,,59,62,73,55,63,54,59,67,80,100,57,39,24,29,30,29,53,42,46,60,45,58,70,52,75,45,55,38,33,33,46,52,29,85,82,96,92,99,73,82,105,68,130,95,72,85,96,105,89,112,96,80,155,102,75,82,67,103,100,98,69,70,65,83,57,68,53,57,58,45,36,37,39,33,28,39,31,53,24,58,17,53,33,43,30,37,42,51,62,66,63,79,110,116,114,103,116,82,43,49,52,61,,77,59,72,74,62,66,26,89,81,74,63,53,74,73,48,108,102,68,87,20,43,57,56,29,74,59,74,67,54,81,42,86,,84,90,87,68,102,109,85,65,75,85,100,94,107,90,132,54,46,84,62,91,78,68,74,76,80,79,70,33,45,26,26,,197,101,117,53,38,28,52,62,83,105,94,98,90,97,85,102,42,33,45,58,40,54,39,42,53,46,62,32,32,45,36,53,90,,40,42,33,39,60,88,64,,50,,54,55,78,,60,68,33,54,79,77,79,41,75,45,38,,52,74,68,46,44,51,39,37,36,,,38,43,41,61,55,59,73,80,79,73,80,99,111,72,71,65,55,52,,55,28,52,58,50,41,51,,43,51,66,61,,71,57,50,28,35,67,,61,59,62,83,59,62,63,61,56,51,59,81,38,,30,42,48,79,60,83,82,97,,91,84,107,68,45,55,59,73,104,93,97,103,51,43,42,40,76,104,93,68,62,28,32,36,22,47,43,53,58,39,43,54,30,24,25,32,25,29,70,41,55,25,77,48,20,35,17,48,39,46,45,51,46,67,38,54,59,59,18,17,40,47,102,94,65,65,87,58,,53,73,,52,45,64,79,89,65,75,57,55,72,97,61,43,45,49,27,40,17,73,73,75,75,,70,124,79,95,67,62,41,60,,82,54,67,31,73,35,52,73,60,57,62,48,41,39,54,44,9,59,54,51,41,60,68,32,18,31,25,52,50,46,42,58,21,54,87,54,56,39,35,54,54,34,90,27,27,30,35,33,55,48,57,69,,29,33,38,48,60,55,49,52,36,40,30,38,32,28,39,43,58,72,85,90,74,79,71,70,102,143,113,133,70,71,68,80,83,78,81,61,,73,92,60,103,,172,147,75,58,70,49,67,95,77,57,71,79,52,51,42,37,46,42,57,54,60,65,57,59,64,41,32,67,48,46,61,43,50,39,39,50,62,54,43,50,51,45,43,55,31,36,38,38,31,35,28,46,45,51,33,64,31,28,35,50,35,35,35,39,31,62,54,68,60,,39,66,45,38,34,60,82,94,95,87,,69,52,59,78,64,69,99,67,89,94,78,52,74,85,73,90,78,40,78,,86,80,82,92,58,70,63,66,60,48,37,57,52,36,39,39,33,52,60,51,33,65,50,,45,58,68,,45,77,93,100,107,109,51,58,47,52,39,57,64,32,32,54,25,58,49,,45,51,35,35,36,43,52,56,63,42,70,75,74,56,39,40,41,32,101,80,20,42,43,40,52,,70,63,54,64,41,59,30,36,143,122,75,69,32,40,96,112,198,77,80,107,150,60,57,112,73,25,19,30,23,48,45,39,45,59,53,,66,30,19,26,20,41,70,77,65,36,31,36,43,53,58,40,67,53,68,124,45,65,96,31,30,63,43,40,45,38,42,51,58,55,58,54,,,56,80,345,52,51,500,131,276,122,53,85,73,62,500,500,500,48,115,39,125,89,69,79,37,50,54,66,90,173,242,368,500,500,500,230,212,72,54,103,44,30,50,32,64,50,74,55,62,52
20160416,23,PM2.5,8,9,19,13,12,12,11,,12,10,8,33,,21,17,8,12,16,3,,6,18,15,19,19,12,,8,21,15,12,22,26,34,29,50,39,50,52,53,35,21,57,54,41,51,49,43,60,13,16,19,16,15,16,19,25,2,19,24,9,36,17,8,10,1,2,9,4,19,7,11,47,53,29,42,44,36,33,24,,7,13,14,21,30,21,13,10,11,5,18,21,3,4,2,41,48,49,,45,46,46,46,60,,56,27,23,22,24,22,12,21,,22,16,68,79,81,83,79,55,45,70,57,58,21,14,42,,36,30,28,23,16,30,9,17,39,36,35,36,29,35,34,34,33,47,38,39,44,41,35,36,44,32,53,47,38,56,60,50,54,52,55,63,69,56,64,51,53,29,30,32,30,,33,34,30,33,43,,40,37,35,55,48,39,41,45,48,54,51,43,47,56,40,50,,31,38,48,52,41,45,58,47,49,45,46,41,30,58,24,47,28,35,24,19,33,26,10,24,25,23,29,,24,22,15,18,25,24,28,,22,24,22,,89,96,70,25,23,19,,28,,30,37,,32,48,56,18,,,12,13,10,17,19,16,42,41,14,31,29,28,33,,37,33,34,36,34,17,51,38,53,50,58,29,34,,21,23,5,17,17,,7,19,14,44,47,,46,50,,56,54,47,33,45,30,51,42,45,53,34,38,39,42,48,38,46,44,37,42,34,36,,31,43,44,22,41,39,25,16,12,14,11,14,18,16,16,21,17,36,39,,30,36,39,44,36,36,38,27,38,37,28,36,32,35,43,28,29,33,37,33,28,28,24,36,41,40,37,29,27,,46,42,29,34,16,41,43,26,,42,35,34,32,,37,29,31,29,26,38,39,33,,55,46,,59,45,40,51,54,32,36,58,56,38,16,32,25,31,36,28,26,26,39,22,28,21,26,31,34,26,45,45,25,21,29,24,,24,27,42,40,52,39,27,33,,44,32,44,38,23,24,45,34,45,34,55,43,39,71,10,33,27,30,27,27,24,31,15,53,38,38,27,16,32,46,34,48,38,6,19,12,5,21,49,18,36,40,14,24,23,30,40,11,29,6,15,20,14,24,15,26,25,21,23,,11,14,18,29,11,24,16,5,13,7,8,15,4,11,8,54,49,58,40,14,12,9,20,43,39,35,21,38,31,19,43,47,40,18,60,49,47,43,44,39,25,,30,18,62,,61,60,,,50,55,77,,77,63,36,57,42,38,41,22,17,,6,13,10,79,,54,,71,43,51,39,51,40,41,33,31,,12,14,10,85,70,81,,35,34,36,26,28,27,27,14,50,26,29,35,34,29,28,30,27,31,38,34,21,108,39,,25,25,32,52,51,50,22,30,31,33,40,38,42,48,72,64,91,68,76,42,29,47,43,44,44,69,,75,4,12,5,13,8,20,38,29,,32,36,30,40,25,13,15,21,24,12,15,14,9,9,9,9,7,10,68,72,56,67,64,60,,26,20,25,28,16,34,37,34,48,48,44,34,39,33,29,35,33,45,49,48,50,43,,41,32,53,23,33,38,35,46,59,75,40,27,10,16,19,16,27,29,27,43,31,41,51,36,55,31,39,26,19,23,32,36,7,28,19,47,33,61,32,34,42,49,45,71,49,27,34,57,20,64,,49,118,54,46,59,33,35,36,34,25,35,33,25,22,22,23,27,31,31,25,16,11,21,19,5,12,37,5,41,4,24,23,19,20,21,20,30,44,41,42,58,83,78,86,74,76,60,24,29,21,31,,44,42,52,54,35,41,18,58,59,35,39,37,52,46,27,81,76,49,50,14,8,40,29,20,52,22,54,48,38,39,21,42,,53,50,57,49,40,52,62,28,33,29,36,27,32,30,58,19,25,29,32,36,57,26,40,28,19,17,28,18,2,7,12,,24,22,18,12,15,4,36,17,12,64,39,26,67,72,63,57,29,23,31,41,28,38,17,26,,32,44,22,21,28,25,37,67,,10,8,9,16,43,65,46,,35,,38,39,57,,43,49,22,38,58,56,58,22,55,31,26,,36,54,49,32,24,19,20,20,5,,,26,30,11,29,26,29,34,23,24,26,23,59,59,48,31,23,20,21,,17,18,19,20,15,11,15,,13,26,29,19,,29,16,35,13,17,19,,33,26,44,,38,41,39,37,24,23,36,28,26,,21,29,33,23,12,41,39,42,,51,49,57,49,,39,42,27,45,40,50,48,16,26,15,14,50,60,50,49,44,10,10,21,14,26,30,37,41,27,30,38,21,16,17,16,13,20,51,26,39,17,56,33,14,21,5,33,27,32,31,10,32,48,26,36,42,35,5,6,19,32,76,70,47,47,64,41,,20,53,,13,31,26,36,34,47,55,40,39,52,72,37,30,31,34,1,23,8,53,53,55,55,,47,94,58,71,48,44,28,43,,60,34,48,11,53,24,36,17,43,34,44,16,25,21,31,24,6,42,38,27,27,29,42,16,12,9,11,32,35,32,29,28,3,34,64,21,29,20,4,38,26,14,67,15,16,20,24,23,38,32,40,50,,20,23,26,24,28,38,34,28,25,28,21,26,22,18,27,30,26,52,23,23,22,46,26,42,29,29,40,38,36,35,37,41,48,46,44,27,,53,29,23,58,,63,59,50,33,42,26,48,71,56,38,,58,30,19,20,21,21,29,40,38,43,18,6,19,20,14,18,48,33,32,26,30,35,19,20,19,28,29,19,22,20,18,23,16,,22,20,16,18,13,10,14,13,32,16,46,12,15,24,35,20,17,18,27,15,31,23,31,36,,22,23,31,24,14,37,39,70,71,64,,42,36,32,57,41,48,74,48,66,70,57,33,54,61,53,67,57,21,35,,62,47,60,68,13,10,27,19,30,28,16,38,21,19,19,27,18,27,36,28,23,47,21,,31,20,34,,30,46,52,52,80,62,25,28,16,32,14,21,35,22,12,12,17,40,17,,31,23,24,15,18,29,30,31,45,29,47,55,52,39,18,22,20,20,32,12,14,18,18,11,21,,33,22,34,32,27,41,21,12,109,77,55,50,22,28,67,84,89,54,59,56,115,43,40,84,52,17,13,16,16,14,31,27,22,20,32,,30,21,6,13,14,17,37,49,33,11,11,10,9,26,26,20,22,23,26,16,31,23,37,19,8,32,30,24,31,10,13,15,22,16,41,38,,,29,59,45,36,22,,33,72,38,34,25,23,25,136,119,137,33,34,27,95,66,31,,12,11,16,16,34,67,108,125,221,295,230,113,126,35,25,37,11,4,18,11,20,9,41,39,30,35
20160416,23,PM2.5_24h,28,24,30,33,27,34,38,,26,27,29,46,,46,46,45,49,53,43,,35,59,57,50,55,52,,19,22,16,11,14,25,23,75,74,69,77,82,82,35,48,45,45,41,32,31,38,37,28,35,30,32,30,29,32,35,21,26,25,24,25,31,29,21,13,15,17,10,43,38,47,41,45,48,38,30,28,28,12,,9,18,18,15,25,17,15,15,21,9,12,26,12,16,19,46,45,53,,48,52,48,55,54,,56,35,33,30,30,24,31,32,,32,24,64,71,62,62,58,43,47,60,46,56,48,51,45,,57,55,54,65,49,52,54,48,32,31,27,29,21,30,27,31,29,31,23,26,27,32,21,22,32,20,23,21,26,22,23,22,21,22,27,27,32,31,26,48,43,38,39,55,41,,50,52,49,52,34,,30,30,23,30,30,24,29,26,27,32,23,23,24,30,23,27,,29,28,30,31,30,30,41,46,48,48,46,48,21,39,18,29,45,50,46,42,23,20,15,23,17,22,25,,29,22,20,16,17,17,17,,13,18,16,,47,47,41,20,21,22,,17,,20,23,,36,32,35,13,,,22,24,27,29,31,23,27,33,25,32,35,33,36,36,37,41,39,34,34,14,54,37,39,35,41,38,28,,16,23,5,20,13,,13,19,14,57,56,,51,64,,75,55,16,22,21,18,23,21,26,24,24,28,31,33,29,30,35,33,29,29,20,22,,28,26,20,22,20,23,34,21,16,21,19,18,22,20,23,18,16,35,35,,29,34,38,40,37,29,38,23,29,29,25,29,29,29,32,26,26,30,35,27,31,24,19,30,33,31,27,29,27,,34,36,23,29,26,33,30,25,,34,29,35,31,,32,27,28,27,28,30,30,33,,66,62,,65,61,63,68,69,32,38,47,57,35,8,16,12,22,15,21,14,14,16,14,20,13,15,19,17,17,21,26,22,23,19,22,,20,16,14,27,20,26,18,19,20,22,16,29,30,23,25,35,28,26,29,17,24,27,61,17,33,22,26,21,24,20,28,12,25,20,62,22,26,21,28,19,31,15,12,27,31,37,20,51,35,35,35,27,24,21,39,19,16,22,11,18,20,19,27,19,20,21,21,23,,13,17,24,35,19,26,23,25,26,16,19,21,15,20,19,44,51,49,42,24,24,23,28,51,54,38,63,49,107,51,42,44,35,18,105,74,74,57,58,62,57,,43,42,57,,61,60,,,47,60,75,,61,78,36,71,61,68,61,27,24,,20,19,22,41,,36,,43,46,52,48,43,47,53,35,31,,23,26,18,59,44,52,,30,28,29,29,19,35,30,28,44,28,26,38,39,34,34,37,33,27,35,32,29,41,24,,27,24,28,32,31,33,24,31,31,37,42,47,40,39,46,40,44,38,46,39,25,39,31,41,40,53,,56,13,17,11,17,19,26,31,24,,31,25,17,29,14,13,10,16,22,10,16,19,8,6,30,30,44,25,46,47,47,51,52,44,,42,32,46,45,22,40,40,37,50,44,36,31,86,57,68,67,71,45,41,54,46,50,,38,20,50,18,23,31,41,57,55,68,48,67,21,30,36,25,16,18,18,25,28,27,35,32,31,22,20,21,17,20,22,23,5,23,44,33,26,46,39,33,27,33,41,45,39,26,42,46,35,56,59,42,83,25,25,29,20,21,24,31,17,23,23,22,24,23,17,20,20,19,33,20,13,22,20,20,23,27,22,20,17,22,16,17,42,53,46,59,45,35,39,45,80,69,71,52,73,68,25,32,21,29,,28,13,14,15,12,13,10,39,39,33,28,11,16,12,12,32,26,21,18,16,27,24,32,15,29,18,46,34,28,10,17,25,,33,29,28,21,30,27,34,18,20,19,22,20,24,19,29,16,21,19,21,23,34,20,23,26,15,15,25,20,14,15,15,,20,21,24,24,8,6,22,14,8,34,27,26,48,53,80,73,21,18,22,29,14,16,20,22,3,30,31,25,22,24,29,34,22,,22,17,15,17,21,28,24,,28,,26,29,37,,21,25,18,22,34,30,30,25,30,18,18,,18,41,42,26,19,21,20,26,24,,,36,36,17,17,17,14,15,28,30,30,29,39,40,44,24,23,22,22,,34,26,32,32,23,23,15,,14,20,18,18,,9,13,43,30,22,14,,23,19,20,26,63,77,71,29,22,33,33,33,24,,43,53,50,28,20,24,27,27,,75,70,86,49,36,34,34,30,52,53,52,53,44,48,43,37,58,67,60,50,52,17,19,53,42,51,49,62,64,40,38,45,40,32,29,31,21,21,48,33,67,48,79,37,18,19,12,52,22,56,56,40,71,84,55,17,21,19,24,24,17,14,62,43,34,37,64,40,,28,24,,17,28,44,59,48,44,45,36,34,35,36,45,39,36,30,18,32,5,44,37,46,50,,39,51,50,70,32,30,21,33,,100,37,34,17,35,20,27,53,39,38,50,56,27,26,25,26,7,19,17,13,20,19,20,13,26,26,24,23,29,29,26,32,9,43,48,27,37,28,23,34,33,33,38,21,23,22,19,17,26,20,26,25,,21,19,24,31,32,45,47,34,21,19,17,19,19,21,28,29,26,55,29,29,30,46,41,49,29,31,30,27,23,24,22,29,32,32,30,16,,40,14,16,59,,48,59,31,23,28,16,32,48,43,23,4,14,18,11,9,9,11,13,20,26,34,16,11,18,9,10,12,25,18,21,20,20,22,14,16,16,26,27,22,23,23,21,29,29,15,25,25,24,28,22,15,32,26,31,31,20,21,21,23,46,29,26,15,35,27,19,25,19,26,,25,18,28,30,10,19,23,58,47,55,,47,42,34,54,45,50,67,44,58,61,46,33,49,61,65,51,40,32,49,,59,59,75,78,8,9,12,14,17,17,12,17,10,11,14,11,10,10,16,12,11,27,16,,17,15,15,,19,15,23,25,34,18,17,15,11,15,8,11,16,11,9,18,19,14,15,,28,24,29,14,13,16,13,17,20,19,24,27,18,25,11,13,16,10,17,23,9,10,14,17,16,,25,30,26,18,15,19,15,15,47,50,48,33,34,35,53,68,75,47,44,49,107,27,27,37,15,15,14,15,16,14,21,25,34,36,37,,45,26,13,17,16,13,34,24,19,15,20,16,15,11,19,13,15,14,26,16,21,13,18,33,12,28,27,11,18,20,15,11,17,11,22,19,,,27,40,22,26,28,,53,45,27,39,26,26,30,54,43,48,27,24,21,46,65,26,28,5,14,16,14,23,52,78,122,172,264,173,51,63,13,14,19,11,8,6,7,18,28,29,30,23,34
20160416,23,PM10,22,30,32,36,21,28,,31,,38,25,,,53,53,41,56,52,45,,35,31,57,23,,40,,47,52,45,28,34,42,65,102,147,115,101,123,125,59,62,111,121,98,175,177,200,227,32,46,47,56,50,47,33,29,40,44,67,29,41,30,137,36,36,37,47,30,38,46,34,74,151,48,125,151,159,55,95,,69,69,56,73,70,95,79,24,33,24,31,,22,17,20,75,121,82,,130,97,89,96,117,,128,43,34,32,52,35,23,29,,33,,201,184,174,166,161,144,97,178,139,158,,20,45,,,31,28,33,24,,15,17,,39,39,38,40,49,,38,38,57,49,53,53,,41,56,55,49,,,62,,,,,,,,,60,,,61,30,32,164,139,,169,169,165,150,55,,78,53,48,72,53,53,,56,54,66,57,68,64,60,53,70,,37,54,53,73,75,72,94,75,83,69,79,82,53,64,75,58,73,66,67,64,53,39,15,43,32,56,57,,33,37,26,37,43,49,47,,34,45,51,,207,186,108,44,43,22,,31,,39,55,,70,75,74,31,,,12,19,21,32,36,16,52,,25,43,44,49,39,45,,40,41,42,35,21,136,87,92,112,158,51,61,,53,48,11,30,48,,18,36,41,134,155,,128,95,,126,175,,67,58,53,,,61,82,54,158,139,126,141,116,112,129,123,90,41,67,,51,51,58,41,76,78,44,37,38,,31,35,56,36,44,71,24,53,66,,49,74,68,96,49,78,53,63,55,56,44,47,50,44,62,35,45,49,71,52,61,31,40,56,67,84,94,63,31,,,145,46,43,,58,55,59,,62,54,60,50,,47,46,52,37,27,52,55,52,,70,84,,81,73,94,98,111,40,56,70,65,49,52,86,61,55,61,48,51,64,81,69,61,57,51,77,63,62,94,101,57,51,62,53,,45,47,95,94,152,69,82,81,,105,105,84,60,35,50,109,72,62,180,197,110,62,152,33,99,79,121,86,94,113,150,103,87,158,160,92,142,80,201,90,161,140,41,63,52,87,90,56,94,122,80,101,95,120,66,118,123,160,31,58,78,55,49,48,62,46,70,66,,33,28,99,,32,52,53,30,35,45,51,45,31,31,43,120,128,125,70,25,26,26,21,146,142,92,130,111,133,124,96,71,59,25,137,115,103,153,123,108,125,,106,67,178,,177,96,,,79,123,146,,96,144,131,166,144,105,164,26,27,,13,32,21,126,,74,,109,172,144,164,159,154,136,40,38,,23,29,33,117,87,126,,54,52,62,39,59,55,46,19,80,42,68,44,35,51,31,42,37,41,50,37,48,,50,,28,,,66,62,67,42,39,45,48,57,79,63,84,88,119,161,109,115,45,46,118,75,117,102,202,,258,45,54,35,26,19,34,83,80,,122,104,85,132,75,67,85,55,49,84,68,108,35,30,49,34,16,33,87,112,93,99,92,76,,72,34,,,26,67,,66,83,,,52,115,106,130,115,118,87,79,93,97,76,,68,73,73,60,76,51,68,83,87,113,51,,14,19,22,,56,38,46,44,38,,,45,74,34,,35,33,27,38,,14,119,113,141,133,148,96,114,160,75,210,125,93,119,141,159,128,173,142,109,140,154,100,114,83,155,149,145,88,89,79,116,63,86,56,64,65,45,34,32,33,31,24,39,31,,,,16,56,29,43,30,37,42,52,63,81,76,86,140,181,120,155,182,94,43,49,53,71,,104,59,75,92,73,82,,127,111,97,75,54,98,96,48,112,126,63,123,,43,45,61,26,97,54,88,62,48,112,42,121,,118,130,123,84,153,168,120,80,100,119,149,138,164,130,214,58,46,117,73,132,91,86,98,101,109,107,90,25,45,19,24,,343,151,184,55,38,28,,73,115,159,138,146,97,87,120,154,34,31,41,57,38,,17,26,56,,,30,29,45,36,54,,,30,21,10,,,,49,,40,,46,56,57,,45,,33,41,76,69,61,41,,36,35,,,,,41,44,51,39,37,36,,,,,41,71,60,67,96,109,108,96,110,147,172,94,91,79,59,54,,60,28,54,65,50,41,51,,43,52,81,71,,92,64,36,28,35,83,,72,67,74,115,67,73,76,71,61,51,68,112,32,,,34,,107,69,115,114,143,,132,117,163,79,45,60,61,95,158,136,143,155,52,43,42,40,102,157,135,71,72,10,13,33,22,47,38,44,,,,53,28,24,21,32,17,28,51,41,46,24,68,,18,35,13,,33,,33,51,33,,27,58,60,68,13,16,40,47,,,65,67,96,58,,55,,,54,33,77,108,128,78,79,50,49,,,71,41,34,,23,40,17,,,,87,,89,120,108,112,58,48,41,47,,,57,78,31,,25,,96,61,63,55,48,41,39,57,44,,62,,52,41,70,86,32,16,29,25,53,43,40,40,65,21,58,66,58,61,27,35,51,58,34,,27,26,24,33,32,59,48,59,75,,29,,28,48,70,59,49,53,29,32,26,,29,24,,,36,86,120,130,97,108,91,90,154,236,175,216,90,92,85,109,116,106,112,71,,90,133,69,155,,293,243,99,66,90,49,56,109,60,64,91,101,53,52,42,37,46,41,44,57,67,80,64,68,78,41,32,,43,36,72,40,50,39,39,50,73,57,43,50,52,45,43,59,31,36,38,38,31,,26,46,45,51,33,,31,28,,48,28,35,18,35,31,74,57,85,69,,39,82,44,38,34,70,113,92,91,,,88,51,67,78,77,88,125,78,100,94,78,53,80,119,93,89,99,40,106,,122,110,81,118,66,90,76,82,70,48,37,63,54,36,39,35,33,53,69,51,31,53,50,,,66,85,,45,104,135,149,146,168,52,66,47,54,39,64,78,31,30,57,25,66,49,,37,51,33,35,36,43,54,61,60,33,90,72,98,61,39,40,41,32,151,109,20,42,43,40,53,,89,76,58,78,41,68,,36,148,194,65,57,25,28,141,136,345,104,99,164,173,57,48,113,95,22,19,30,,48,,,45,67,56,,81,,10,16,,41,90,103,80,36,31,36,43,56,65,40,83,56,86,198,38,80,141,19,14,76,41,40,,38,42,52,66,60,48,51,,,62,66,456,47,52,949,212,403,194,56,119,96,74,1564,671,1452,,180,34,160,99,88,107,37,50,58,81,129,296,379,474,883,1004,865,371,358,94,57,156,44,23,50,32,77,50,98,54,74,54
20160416,23,PM10_24h,80,78,82,93,78,96,,60,,90,86,,,90,97,78,103,82,80,,88,97,110,82,88,91,,44,57,34,39,49,53,73,168,163,186,157,166,175,72,89,94,106,102,79,96,119,120,69,88,104,93,114,113,131,97,137,136,127,73,96,74,89,78,76,64,78,61,79,89,82,90,92,86,78,79,94,40,60,,52,56,47,48,49,72,68,115,97,89,106,105,121,95,92,77,105,88,,90,93,88,92,110,,99,83,67,59,76,61,66,59,,65,40,160,142,127,128,108,101,90,122,109,128,74,66,66,,77,77,73,91,65,73,57,61,63,44,44,53,36,46,45,55,46,52,45,49,48,43,37,51,58,50,39,45,53,40,43,35,40,42,45,49,52,50,45,75,79,65,65,123,87,,109,135,115,109,55,,71,53,36,52,41,38,41,49,43,45,49,42,46,46,39,56,,45,49,42,63,70,66,78,79,80,87,80,84,40,68,53,51,71,72,80,65,44,35,23,42,31,57,49,,54,44,37,39,30,39,38,,21,31,43,,99,95,60,41,42,42,,36,,44,39,,72,54,48,32,,,33,42,41,50,47,33,41,57,49,51,56,56,49,47,54,61,53,51,51,26,114,69,86,81,107,52,45,,38,40,24,30,38,,23,29,40,121,144,,114,113,,131,128,38,44,36,42,33,60,43,60,73,76,70,69,69,68,67,78,66,55,33,43,,44,42,35,45,45,43,26,49,34,42,38,38,58,40,55,35,39,48,59,,49,64,58,77,50,64,58,49,46,58,43,44,47,42,50,52,36,45,65,48,48,38,35,43,59,59,55,52,44,,65,58,39,39,38,38,50,47,,51,52,52,49,,54,51,52,51,46,50,51,52,,100,102,,105,99,117,135,128,47,65,74,84,65,32,34,30,38,30,35,40,27,37,40,31,27,37,39,36,33,35,52,40,39,34,38,,37,24,57,54,57,45,62,51,53,64,69,57,65,55,56,66,72,62,111,84,62,63,148,54,80,71,72,55,74,73,89,57,47,70,133,61,64,38,58,43,59,42,29,67,63,88,78,119,113,113,105,103,80,92,82,52,82,91,65,38,46,47,53,38,36,37,48,43,,50,33,82,51,130,118,137,97,111,109,110,92,92,85,98,120,108,102,80,44,44,47,39,108,99,85,115,111,129,115,84,86,56,31,130,111,148,121,100,103,92,,129,123,143,,144,104,,,73,97,129,,86,119,118,106,117,112,114,48,54,,36,40,46,73,,59,,77,118,106,119,110,132,110,58,63,,42,50,43,98,75,91,,43,41,49,39,46,63,53,40,57,44,42,54,50,54,51,51,44,47,48,43,56,37,39,,43,32,38,39,43,46,41,47,48,60,63,70,60,64,64,70,72,68,73,48,40,62,56,89,78,120,,140,104,91,96,63,70,84,77,70,,91,74,49,84,40,41,45,50,50,53,68,74,28,31,166,164,153,153,76,81,84,94,89,70,,72,78,72,77,60,64,57,79,95,57,60,57,113,104,115,116,115,67,60,75,70,76,,55,43,61,37,39,41,77,74,95,123,57,81,39,44,45,32,33,24,31,30,42,39,39,46,48,49,36,37,32,35,36,34,12,72,81,90,72,78,73,73,78,51,114,80,56,70,94,136,80,92,117,76,87,55,59,51,49,70,72,122,58,54,57,65,62,62,43,43,38,47,42,50,33,39,28,38,53,32,59,24,35,42,25,25,60,84,71,116,59,70,72,70,105,115,91,89,119,92,50,47,40,54,,56,20,26,26,23,32,18,82,67,98,59,19,33,32,17,52,51,39,43,53,64,45,51,35,48,37,68,46,38,56,29,63,,55,73,64,56,81,85,59,61,62,69,72,73,77,72,94,45,55,73,59,78,70,73,64,80,76,77,74,126,140,120,32,,111,95,125,89,20,21,48,44,35,135,135,148,82,78,129,138,46,37,36,50,29,36,70,39,54,40,52,48,44,53,71,78,45,,46,41,40,50,43,37,45,,49,,47,50,62,70,43,56,40,51,51,49,45,54,39,29,29,,34,50,51,56,50,56,49,58,51,,,51,52,41,35,35,34,38,75,73,82,76,84,90,70,56,61,44,61,,54,42,79,112,64,57,47,,37,51,49,52,,53,39,76,53,66,52,,42,82,78,99,120,123,122,48,40,105,102,118,98,,50,64,67,183,140,72,73,72,,179,144,180,114,51,65,64,77,101,91,111,101,143,132,134,140,80,129,104,74,77,38,43,82,62,121,83,80,84,54,50,56,55,45,42,54,26,32,67,46,100,64,100,46,26,37,24,57,42,65,50,74,83,185,62,36,29,36,37,39,39,25,82,101,49,64,104,65,,48,41,,42,58,129,117,110,72,87,61,58,43,51,77,51,54,43,28,35,15,65,53,56,74,,75,76,89,102,57,49,33,49,,200,78,82,44,41,28,25,78,53,55,43,38,47,44,45,44,12,27,21,24,29,35,40,25,34,42,41,38,47,40,42,45,32,66,59,56,77,55,64,54,81,61,28,34,35,34,31,23,35,32,35,44,,29,27,27,63,69,66,66,54,28,27,26,24,24,29,33,35,35,73,77,87,71,77,77,85,109,110,109,123,57,56,50,59,60,60,60,42,,69,80,50,107,,142,127,61,47,61,39,50,89,51,53,28,35,41,36,37,44,41,37,39,50,53,49,48,48,61,27,24,36,46,36,61,39,34,32,28,40,48,44,41,44,43,38,46,44,42,40,41,43,41,,42,59,47,47,36,36,54,48,42,67,42,47,22,47,37,56,50,52,43,,43,47,42,53,20,38,54,76,69,67,,81,61,69,79,73,73,99,74,87,91,63,51,70,102,112,70,68,54,84,,98,100,91,125,54,50,35,61,52,32,25,41,26,22,25,22,18,20,22,20,22,39,35,,28,41,45,,37,65,46,51,74,57,45,35,27,30,23,37,39,20,34,43,30,44,36,,44,67,49,51,25,26,25,37,39,41,74,61,54,38,28,25,32,32,47,67,15,27,48,42,35,,50,103,60,52,43,45,29,29,93,122,80,67,58,50,89,118,186,88,87,162,165,45,53,69,69,26,28,29,33,48,,170,100,80,59,,149,45,31,36,,33,65,51,50,84,88,83,95,36,49,32,54,44,55,69,37,34,48,35,44,54,50,37,49,41,50,40,44,40,42,42,,,63,70,79,88,85,232,244,125,92,168,100,95,84,343,262,276,84,125,89,145,107,139,128,19,58,62,69,104,236,295,369,752,852,455,185,196,47,41,49,67,17,14,23,67,66,72,43,55,52
20160416,23,SO2,2,2,2,2,2,2,2,2,2,2,3,2,,1,5,1,11,4,6,,5,1,5,21,9,8,,8,11,5,11,10,11,16,30,28,22,14,31,22,3,8,17,11,7,32,20,28,36,8,9,12,3,1,7,6,2,8,3,6,5,6,6,6,13,1,3,1,3,3,8,14,14,26,11,9,23,33,98,14,,8,5,10,10,16,7,10,10,6,5,12,6,2,7,8,3,27,7,,6,13,7,6,6,,3,1,7,10,3,1,6,3,,11,2,18,9,5,6,9,5,5,8,12,6,12,13,26,,8,14,35,6,6,6,13,16,13,13,10,11,8,11,10,9,19,7,9,10,12,10,3,10,7,4,9,7,10,8,6,11,7,17,20,16,29,23,13,17,17,16,18,22,17,,11,54,56,119,16,,49,18,9,14,7,7,6,8,9,23,6,12,15,8,11,11,,16,15,18,4,1,23,16,17,30,6,12,7,7,8,12,11,25,19,7,12,4,6,9,5,3,3,7,,8,2,3,12,9,14,9,,9,11,11,,17,24,19,11,6,5,,16,,10,13,,9,11,9,4,,,20,21,8,6,8,10,6,6,4,8,10,,4,5,4,2,7,2,7,4,6,8,9,4,7,2,3,,9,8,3,8,8,,4,7,11,12,12,,9,21,,13,17,20,9,26,7,33,18,13,16,2,23,19,22,27,34,22,23,25,10,10,7,,12,6,14,4,7,12,8,6,9,7,4,9,15,5,10,8,5,6,8,,11,14,14,30,6,8,21,15,16,14,7,4,7,8,16,4,29,9,10,6,5,3,2,19,13,14,3,10,7,,10,5,3,13,3,9,13,5,,5,5,6,4,,10,5,8,6,3,17,53,16,,8,11,,10,6,11,8,9,5,9,7,4,16,13,13,21,7,15,9,8,13,10,7,7,3,9,8,9,12,15,5,9,8,9,6,,8,8,5,12,9,10,8,10,,15,10,21,22,20,7,13,64,11,5,18,12,7,29,8,17,13,11,17,8,9,12,9,20,11,15,13,9,2,2,5,4,1,17,38,10,3,9,13,3,5,7,1,18,1,9,10,8,1,1,10,17,16,20,15,14,7,17,19,,9,2,12,8,5,7,5,6,6,7,13,8,8,1,5,10,9,11,6,18,6,12,6,33,21,35,28,10,10,22,28,14,11,8,19,12,7,5,17,23,21,,25,9,12,,14,14,,,17,44,41,,27,34,25,21,23,14,25,8,10,,7,2,18,35,,9,,12,24,30,19,8,2,8,10,6,,8,2,6,16,41,14,,26,10,9,1,17,17,10,2,11,5,70,2,8,9,4,12,8,11,3,3,5,4,3,,8,8,9,9,7,12,3,2,4,18,13,16,13,32,13,5,1,22,30,24,23,7,21,40,22,12,,22,20,17,12,15,15,11,21,24,,30,13,18,14,16,1,10,58,19,18,17,21,44,12,7,8,6,9,5,10,16,11,24,7,,,10,5,9,5,5,6,11,17,42,8,7,14,16,15,3,17,11,10,10,10,9,,7,7,16,26,5,17,7,17,13,13,5,13,12,5,5,12,7,7,30,10,16,6,37,19,8,12,9,15,10,19,44,21,8,34,21,21,94,86,23,14,17,29,28,16,43,12,13,47,17,35,26,12,27,32,44,20,11,27,13,15,14,10,14,1,24,12,74,68,81,17,12,22,3,29,23,8,12,7,13,17,2,7,2,3,22,14,25,14,15,5,8,4,23,11,8,19,17,7,1,2,11,9,,6,14,38,42,14,36,8,80,81,42,21,3,13,26,12,14,6,10,14,10,8,11,8,9,4,6,19,19,6,16,3,9,,8,34,90,12,16,19,25,8,16,18,24,6,3,7,14,4,5,6,2,6,7,3,4,19,7,14,14,2,2,3,4,,4,9,72,8,2,19,2,6,2,16,5,5,28,51,11,17,3,8,7,5,8,9,4,5,9,3,7,8,12,22,7,6,4,,11,9,1,16,5,6,15,,17,,,15,14,,13,9,6,13,26,19,15,10,9,1,7,,15,21,26,6,1,4,7,10,14,,,2,3,8,12,12,18,22,19,22,16,14,11,23,24,41,39,37,41,,13,38,27,24,33,59,45,,51,7,15,15,,26,21,13,31,12,12,,20,1,3,5,6,7,2,6,5,9,11,16,22,,5,5,4,12,4,22,3,5,,11,10,,20,7,9,5,8,5,3,4,2,32,13,21,7,9,12,5,18,7,3,10,19,4,1,2,8,1,8,6,10,5,9,32,8,3,4,3,2,5,6,6,3,3,7,9,6,1,3,10,13,16,13,24,15,31,40,13,6,13,13,6,45,34,2,26,4,,64,23,,17,12,8,20,37,5,14,8,8,82,47,20,5,8,19,20,5,18,5,5,6,,,10,14,14,37,11,4,11,10,,8,15,5,5,13,21,10,10,6,10,17,8,8,9,14,6,3,3,16,5,7,13,15,8,3,3,7,1,7,6,6,3,6,15,24,32,23,27,9,13,11,14,3,8,40,14,10,12,43,28,52,40,,15,24,18,5,10,7,27,35,18,5,4,6,21,5,3,15,51,16,25,27,25,15,50,37,8,19,8,9,19,15,13,14,119,25,16,25,,41,23,13,25,,41,9,50,31,43,3,2,5,5,2,11,9,69,20,9,7,7,5,10,1,2,225,23,28,189,2,4,3,1,11,4,5,1,5,3,11,7,17,20,26,18,17,18,12,21,33,47,24,28,5,64,37,15,13,30,10,10,6,15,12,4,15,24,6,,12,38,43,59,,14,60,13,6,4,12,14,7,9,2,,31,2,3,15,10,21,43,7,27,16,50,82,63,12,22,21,37,2,8,,9,9,7,9,15,18,17,10,8,17,4,20,7,13,7,3,26,10,12,16,1,13,6,,34,48,45,,9,18,4,28,12,10,6,6,8,4,2,6,8,3,19,6,10,9,27,,3,10,8,30,13,46,8,27,46,6,10,45,10,6,31,18,10,51,26,2,13,14,29,20,7,,5,3,3,5,33,9,12,3,4,18,5,8,13,15,9,8,23,8,7,10,10,5,7,8,8,15,7,17,2,7,8,4,7,16,7,,10,9,6,7,8,5,9,6,11,3,3,2,3,13,14,3,7,2,4,3,11,8,11,3,3,15,16,5,3,22,7,4,9,5,3,8,,,7,13,9,4,17,10,13,19,1,24,3,1,16,4,1,1,7,4,6,9,10,6,3,,8,7,12,23,4,5,2,6,8,7,16,21,10,14,9,7,3,3,15,8,29,24,10,16,13
20160416,23,SO2_24h,2,2,2,2,2,2,3,3,2,2,4,2,,8,13,7,18,10,14,,12,6,12,15,9,14,,7,11,6,13,11,9,19,55,46,44,41,56,55,9,15,13,11,9,19,13,15,127,11,10,10,5,6,8,5,3,9,3,5,7,9,11,7,13,4,3,3,3,20,12,27,13,29,13,9,10,27,43,11,,8,13,9,7,7,9,15,10,7,10,13,6,2,8,8,8,46,21,,19,22,17,19,23,,14,6,13,8,6,4,9,3,,12,3,24,13,11,9,10,7,9,10,15,13,18,19,29,,11,30,32,17,22,12,14,17,12,11,10,10,9,10,10,11,18,12,12,14,14,13,3,14,11,7,14,10,14,11,9,15,9,12,19,19,25,18,12,17,15,22,21,29,22,,9,65,25,126,11,,56,24,10,12,12,8,6,11,10,13,9,11,21,14,13,13,,17,18,33,4,5,13,21,22,17,10,13,10,9,8,13,9,33,25,8,16,5,6,9,13,3,5,7,,11,4,5,7,8,11,8,,7,10,12,,14,21,17,10,9,6,,15,,8,10,,8,6,5,5,,,15,23,7,11,10,15,13,12,23,9,12,17,7,8,10,7,10,6,11,3,5,8,6,3,5,6,5,,8,6,10,9,13,,8,12,14,17,14,,13,27,,21,19,20,10,25,9,33,19,14,13,5,17,15,17,13,10,17,12,18,13,6,3,,7,4,9,4,6,9,7,7,10,7,5,10,16,7,11,8,6,5,6,,11,12,12,25,5,8,20,10,6,4,6,5,26,7,16,4,14,10,10,8,5,5,3,15,9,11,4,14,7,,6,5,3,13,10,7,11,6,,4,5,6,4,,8,4,6,7,3,14,28,11,,8,11,,10,5,10,8,9,5,5,5,4,11,10,7,12,8,6,10,11,13,9,10,10,6,10,9,6,13,15,6,11,11,9,7,,11,11,8,7,5,9,12,6,19,12,6,21,10,59,16,13,17,16,7,10,8,6,14,7,20,12,10,15,8,12,11,10,10,6,15,9,12,4,4,5,5,2,8,14,12,6,22,28,12,17,25,15,13,2,14,7,8,4,6,9,15,18,26,16,12,22,17,12,,14,4,36,10,6,7,5,6,7,8,17,10,9,4,9,14,20,13,12,25,10,17,13,24,20,13,24,12,11,18,23,22,12,8,28,21,21,6,15,20,12,,21,16,17,,17,37,,,18,36,45,,26,38,16,10,20,18,29,11,11,,10,3,16,25,,7,,9,25,42,23,31,8,33,11,5,,11,4,7,24,48,24,,24,12,9,8,11,23,11,3,8,7,22,2,11,9,4,12,8,11,3,3,6,3,4,,8,8,10,5,5,8,3,3,3,9,9,13,15,18,12,9,7,10,13,24,24,4,20,30,30,18,,22,12,17,11,13,15,10,24,21,,24,14,12,7,10,3,9,38,10,45,15,17,28,9,11,10,7,11,7,11,18,15,18,10,,49,23,11,18,9,21,11,20,78,26,10,9,43,74,27,35,46,15,11,16,12,13,,9,8,11,25,6,15,10,36,18,22,6,25,13,8,7,15,8,8,38,10,9,4,18,11,8,34,33,33,32,44,29,53,29,34,30,25,34,25,28,16,12,18,19,15,25,11,11,26,13,28,21,14,30,19,29,13,13,21,13,19,15,7,10,2,23,12,19,18,34,8,23,16,2,5,27,10,14,8,14,21,3,8,4,3,18,26,22,16,6,6,9,8,13,11,32,15,18,9,1,2,15,14,,7,9,23,15,12,16,12,58,60,56,20,4,9,11,8,12,9,8,7,13,10,16,9,7,4,6,14,19,5,9,3,3,,3,29,39,10,9,12,8,7,12,10,13,7,3,7,8,4,5,6,3,7,11,4,5,21,8,11,14,4,4,6,16,,20,36,101,42,2,17,2,4,2,7,3,5,15,20,23,22,5,6,6,3,9,10,5,6,11,5,9,10,18,26,10,8,5,,13,10,2,17,11,11,16,,14,,12,15,12,28,12,10,7,13,24,15,12,15,9,5,8,,5,12,18,13,4,7,9,17,16,,,4,3,8,13,12,11,9,14,15,20,12,9,14,10,25,30,24,24,,14,26,41,24,18,26,16,,22,8,5,11,,17,15,11,27,15,11,,14,7,6,17,16,16,10,4,3,14,12,14,23,,6,6,18,16,6,24,5,6,,31,23,47,23,6,9,6,11,20,13,15,16,22,10,20,9,15,14,12,40,20,3,5,23,14,9,7,8,3,10,11,9,10,11,33,11,4,4,3,2,5,7,8,3,3,4,13,6,2,4,8,5,15,18,26,15,21,38,16,7,16,36,13,41,28,6,31,10,,26,10,,20,15,8,22,32,39,44,53,11,99,73,25,4,7,18,24,10,6,8,9,7,27,,11,11,16,23,12,4,10,8,,7,21,8,5,14,16,10,7,6,10,17,5,24,20,16,15,3,3,11,5,7,10,10,8,3,5,6,1,5,4,5,3,8,16,25,27,22,18,12,24,29,25,3,25,72,31,30,13,16,10,28,13,,9,14,15,7,7,8,12,24,8,8,4,6,9,17,30,27,46,28,22,22,24,17,35,28,11,16,11,11,23,23,15,14,70,26,15,28,,44,24,12,31,,33,12,17,21,43,5,2,12,7,2,11,9,23,18,4,4,13,6,9,27,10,31,17,15,28,5,6,3,3,11,3,5,4,5,4,7,7,7,14,11,10,12,8,9,12,23,21,23,20,6,49,13,13,13,6,6,7,5,14,10,12,8,11,14,,6,15,15,23,,14,60,16,13,5,11,10,8,8,6,,14,3,3,17,13,19,31,11,35,17,18,53,53,9,12,18,16,4,13,,23,48,9,13,14,14,13,11,9,12,4,13,10,16,14,8,10,9,10,15,2,14,8,,30,23,16,,9,16,4,30,6,6,7,5,7,3,3,5,8,2,23,22,11,22,37,,2,10,8,20,14,14,8,14,39,8,9,22,7,8,22,15,14,17,28,13,15,17,34,13,7,,12,4,6,7,20,9,13,4,3,16,7,11,36,29,23,26,35,15,14,8,10,6,11,9,8,15,7,17,6,4,8,4,6,12,5,,23,7,10,10,7,9,7,5,7,3,5,4,4,6,18,6,4,2,6,4,11,11,10,5,5,12,15,9,8,15,8,5,11,4,5,9,,,13,20,14,12,21,10,10,22,1,28,11,4,34,4,11,6,8,13,8,2,7,2,3,,5,4,12,13,4,6,2,8,13,9,10,15,5,11,5,6,2,4,12,7,15,55,11,14,13
20160416,23,NO2,20,2,11,33,30,35,32,21,5,20,21,12,,21,27,21,26,30,28,,37,17,32,29,16,17,,76,48,39,42,32,15,15,57,69,43,59,68,59,30,42,79,79,79,93,99,73,100,15,11,4,12,6,13,12,14,9,12,28,7,6,2,12,4,36,14,12,23,21,40,17,51,84,49,94,92,75,66,50,,5,18,34,47,33,36,25,12,24,16,9,16,26,22,12,14,25,18,,16,33,23,21,31,,9,16,26,10,17,20,6,13,,19,10,36,62,68,43,52,41,10,34,48,73,14,5,34,,71,58,19,14,31,15,17,13,34,37,36,29,23,27,26,29,16,4,22,21,24,30,33,22,7,17,16,20,17,20,15,32,27,20,26,23,19,55,19,32,,11,34,30,27,,33,27,30,23,17,,14,13,19,38,11,19,29,29,22,42,26,20,29,20,17,24,,42,29,23,28,11,28,13,20,40,26,16,39,29,36,31,28,26,53,22,27,24,46,10,34,7,26,30,,2,29,22,18,22,21,28,,20,25,26,,70,83,77,32,18,22,,26,,36,31,,47,42,44,15,,,31,28,17,19,17,24,49,46,24,44,30,10,12,25,39,31,28,13,26,8,58,69,53,38,64,19,57,,33,17,8,8,20,,10,30,19,36,48,,64,15,,65,27,12,11,,23,3,7,4,11,16,61,79,57,46,32,46,58,48,28,24,74,,54,53,66,33,53,67,21,13,60,6,34,26,64,48,28,78,8,47,39,,32,33,28,56,44,45,43,43,46,55,39,40,15,39,49,15,36,40,36,30,45,31,20,51,47,51,41,31,4,,45,22,32,11,9,20,25,13,,36,34,38,25,,17,31,29,16,19,22,20,12,,20,10,,11,24,37,25,36,7,14,24,14,28,11,101,88,60,52,93,48,61,46,93,71,45,100,57,58,61,96,76,47,70,98,71,,34,28,51,95,64,48,26,61,,90,108,31,48,6,12,7,35,33,45,116,115,60,87,85,112,43,81,59,83,100,104,60,63,92,56,54,77,10,14,10,8,13,27,25,15,7,1,17,10,3,4,8,52,18,30,103,41,16,4,91,72,64,54,71,88,60,89,60,,5,12,78,20,12,4,10,12,9,20,15,10,8,4,6,18,11,10,11,11,10,13,11,17,18,49,29,25,37,21,52,35,49,27,21,20,21,37,27,34,26,,43,30,69,,71,35,,,41,79,69,,51,54,17,32,18,22,10,10,7,,6,9,12,16,,19,,14,41,45,50,43,38,64,15,10,,12,12,9,38,26,25,,25,17,29,29,48,22,39,11,43,12,28,10,,10,5,17,5,2,13,6,4,21,31,,24,8,8,53,39,35,4,2,4,43,58,48,21,38,54,60,64,60,57,8,9,30,21,31,33,42,,67,12,20,9,19,11,12,29,47,,38,26,17,49,37,43,18,22,88,79,32,96,47,18,6,8,7,11,16,22,19,69,28,21,,13,22,12,20,26,16,21,11,32,34,16,14,28,39,11,16,23,22,44,12,16,30,,15,33,47,42,35,15,13,53,35,74,21,17,17,11,4,12,16,20,20,31,35,18,44,34,48,22,26,29,15,14,42,21,6,40,31,,63,45,25,37,85,73,73,76,71,41,42,50,39,43,42,35,27,67,79,46,60,69,53,28,36,81,95,55,45,31,27,37,19,22,19,7,6,28,16,8,12,4,25,2,6,15,7,4,8,28,9,,11,8,11,10,55,91,65,88,80,39,6,5,24,46,,68,28,62,52,71,53,22,78,44,36,51,16,17,59,55,22,21,29,90,36,25,,9,14,18,117,110,57,31,87,41,37,,72,31,26,77,57,78,103,40,72,39,65,28,69,66,95,12,42,67,59,46,68,66,80,57,62,53,64,8,14,3,12,,2,4,16,4,22,11,1,29,72,42,26,20,26,42,32,51,5,12,12,2,9,16,10,10,5,14,10,12,24,18,9,5,5,,3,5,6,9,17,23,21,,21,,,22,30,,17,25,13,18,41,28,50,,18,20,18,,34,22,17,11,26,27,9,20,51,,,17,22,18,22,14,41,44,31,27,23,29,42,41,23,40,33,31,37,,20,37,24,25,43,60,19,,28,30,64,47,,47,21,34,38,24,36,,25,2,3,2,2,12,12,16,16,20,29,20,8,,19,15,16,10,2,3,6,3,,18,12,31,18,14,17,17,15,10,27,7,12,30,24,12,21,30,26,26,15,9,16,10,10,27,11,9,25,10,18,17,18,4,31,8,5,2,9,2,24,8,17,17,11,19,26,17,3,13,21,26,11,8,19,30,13,30,10,12,5,10,3,48,124,74,23,28,10,,8,32,,18,12,7,15,18,14,25,40,45,19,56,63,2,48,31,36,30,17,10,14,15,,,13,11,49,15,15,21,17,40,,59,32,12,17,18,18,28,44,23,32,18,16,37,46,43,21,2,28,27,23,22,33,31,15,6,10,49,3,2,7,17,30,2,39,35,44,29,6,13,29,28,36,9,11,12,13,24,5,32,27,30,36,,9,14,10,46,17,3,33,22,14,10,4,10,7,9,5,25,116,10,65,86,47,44,40,30,51,101,66,74,27,36,39,51,43,62,33,27,,21,18,25,58,,84,54,60,28,52,27,45,55,30,24,6,41,30,34,15,22,16,6,28,21,23,26,28,18,33,19,15,16,6,2,20,14,39,18,16,16,22,47,25,21,29,26,30,34,5,15,15,24,20,14,30,41,41,49,33,24,18,11,16,12,12,11,33,23,7,34,16,29,6,,24,17,2,29,4,4,24,34,11,24,,47,5,16,21,26,33,19,10,25,25,26,16,34,28,8,22,22,41,68,,8,13,12,31,22,79,61,36,12,31,14,39,4,9,13,14,37,83,70,75,4,38,59,,5,44,56,,26,32,88,87,81,86,17,62,33,51,7,42,60,58,6,7,29,29,24,,10,10,24,20,10,39,21,28,38,14,52,65,82,19,35,15,22,24,67,17,27,19,20,11,42,,67,15,5,2,11,5,9,14,25,47,13,2,11,22,28,17,40,38,33,39,41,11,2,28,21,7,6,,20,11,16,9,19,20,15,,13,7,5,13,15,12,63,73,47,40,28,19,15,17,28,9,21,21,13,8,4,8,12,17,9,38,35,7,7,17,24,8,6,11,4,40,,,2,3,2,25,6,4,22,8,14,8,4,12,13,1,2,2,11,14,14,113,73,31,55,2,53,38,19,80,73,91,17,52,19,27,50,36,69,60,,5,2,28,33,21,14,50,59,25,51
20160416,23,NO2_24h,18,9,9,26,25,26,33,23,8,28,17,15,,30,29,17,30,24,31,,34,41,41,28,28,28,,31,23,17,22,21,10,11,67,74,51,72,72,76,27,46,64,51,51,41,42,29,46,21,15,45,18,14,24,12,16,10,9,23,17,16,13,11,8,31,22,17,24,36,45,37,25,33,32,38,38,36,30,19,,6,16,19,18,10,16,26,10,19,9,5,8,24,13,8,25,36,34,,31,60,33,40,42,,28,27,31,14,30,22,21,19,,23,11,63,45,65,36,46,21,15,27,26,40,32,38,29,,82,84,45,28,75,30,35,34,44,39,36,34,34,30,27,28,17,25,34,36,43,36,47,47,28,36,30,37,34,36,37,39,39,38,32,38,27,50,40,28,29,19,40,45,44,,36,40,46,31,28,,23,31,29,46,25,25,46,49,30,44,36,24,46,35,19,34,,36,32,29,36,22,39,29,22,52,30,20,45,26,30,28,24,39,65,34,36,45,37,12,53,17,46,54,,38,38,37,16,17,20,32,,11,26,24,,60,73,60,35,21,22,,32,,23,33,,41,24,21,20,,,38,32,25,33,29,33,44,39,43,32,36,17,21,33,51,40,35,14,34,17,62,61,65,49,68,20,37,,30,21,18,10,24,,12,28,23,32,30,,33,11,,42,14,19,21,5,38,18,13,15,19,24,47,53,38,31,25,31,37,35,25,20,26,,33,39,30,17,29,31,16,15,23,10,18,19,35,34,23,26,12,46,38,,32,38,25,51,46,29,44,33,23,29,27,25,23,19,35,9,21,33,29,25,14,21,8,44,47,44,24,25,4,,36,10,7,4,4,16,14,15,,27,20,30,24,,19,24,26,14,16,19,15,13,,30,16,,16,26,42,40,33,6,14,21,16,29,12,54,25,43,25,25,32,25,24,56,26,36,45,31,28,28,53,35,36,45,44,43,,26,20,19,35,18,18,19,27,26,48,23,32,21,11,16,5,30,22,19,40,33,13,43,24,47,32,45,34,41,45,49,27,31,28,35,26,50,25,22,13,21,28,25,31,29,13,6,23,24,24,20,25,47,39,42,48,45,42,13,25,31,27,23,24,33,34,44,27,,9,15,34,13,12,7,9,9,9,14,15,11,8,6,9,32,30,22,21,14,13,19,18,29,31,22,18,38,37,36,47,45,48,20,37,35,38,42,28,42,40,,19,21,31,,30,36,,,34,56,57,,40,48,14,29,59,28,11,18,27,,12,18,18,18,,20,,16,30,37,35,26,28,40,22,14,,24,17,21,36,19,23,,18,19,25,17,29,22,31,20,27,15,18,9,5,10,6,16,5,4,11,4,5,21,31,,10,11,11,28,18,18,6,4,7,31,53,43,16,22,26,33,31,31,28,4,4,18,17,28,35,25,,28,11,14,8,36,8,10,19,33,,26,20,8,28,16,28,7,6,36,35,19,32,15,16,8,13,10,13,20,20,33,45,26,22,,27,36,23,30,18,31,29,29,52,26,21,16,38,49,39,44,45,35,31,32,21,34,,11,22,33,25,18,10,16,63,27,51,23,20,17,17,6,15,30,34,22,23,31,19,28,28,35,26,30,28,17,14,32,21,7,36,18,1,35,23,17,20,25,33,29,31,49,20,19,36,26,37,32,27,19,32,31,27,24,28,26,30,19,28,37,26,22,24,25,20,14,25,14,6,7,15,12,7,6,4,16,2,12,10,16,5,7,40,21,34,10,10,14,15,19,27,22,19,30,14,8,5,28,31,,35,20,21,23,30,24,13,42,30,37,36,11,9,24,24,17,18,20,32,25,22,41,18,13,24,37,44,28,18,37,31,18,,28,20,12,23,30,37,40,20,32,22,29,10,35,39,49,10,22,34,35,28,34,29,38,18,36,31,26,8,14,8,16,,5,16,27,17,13,6,2,13,15,25,13,12,22,32,34,42,14,14,13,9,20,22,13,12,16,25,17,20,30,14,16,8,7,,14,25,9,11,34,42,42,,28,,30,34,33,32,29,32,19,23,39,33,45,32,30,28,19,,31,26,22,20,40,37,25,42,54,,,22,18,18,17,10,18,22,19,16,21,18,32,35,29,17,20,18,17,,12,19,19,14,18,24,11,,13,17,26,14,,12,6,18,13,17,21,,16,8,9,9,10,22,17,13,12,19,19,19,7,,19,18,23,9,4,7,7,4,,35,26,41,31,15,23,29,24,25,37,19,32,20,17,21,23,31,39,39,27,28,23,27,32,35,25,17,24,14,35,30,26,11,28,17,7,2,11,2,28,12,30,28,19,24,14,17,5,14,31,28,15,7,26,35,20,21,12,26,17,9,16,65,84,51,32,27,21,,28,33,,31,10,22,25,24,31,38,47,33,41,35,45,3,43,28,34,27,11,31,38,36,50,,23,15,54,28,17,25,23,29,,20,57,34,37,31,35,32,41,23,30,20,24,35,36,38,23,2,20,17,13,23,35,25,14,22,38,35,5,8,4,19,23,3,19,12,21,12,10,15,23,22,15,7,16,17,19,17,5,13,13,12,19,,13,14,13,18,15,3,17,21,9,10,7,13,10,16,17,34,38,25,33,46,20,36,19,22,28,32,30,26,24,29,34,23,21,50,21,23,,19,18,22,24,,58,23,24,14,33,31,32,22,19,26,6,20,15,17,15,16,16,11,29,25,21,19,20,17,44,15,10,15,7,3,11,14,16,12,14,5,14,18,18,19,32,18,27,25,4,10,10,14,11,10,21,19,20,26,12,13,11,3,12,12,18,17,29,28,6,16,13,12,4,,12,13,7,15,5,6,20,21,16,31,,33,7,14,19,21,22,14,9,20,22,14,15,21,12,18,9,14,15,30,,4,15,10,16,21,42,28,33,16,22,14,29,19,16,17,14,17,32,27,23,7,21,18,,7,27,21,,18,20,32,32,40,27,17,41,23,15,7,31,34,27,8,9,17,11,14,,8,15,27,23,12,17,12,14,27,17,20,31,31,25,19,12,13,11,24,14,18,15,14,11,23,,32,17,14,2,13,8,11,17,24,30,17,4,25,33,14,15,21,21,23,36,28,15,15,38,33,8,7,,27,22,15,12,14,17,8,,26,7,6,20,14,11,28,38,27,18,27,16,18,9,22,9,10,12,19,10,5,29,22,19,11,15,14,25,28,15,36,7,6,11,20,59,,,7,9,10,26,8,5,26,12,14,15,31,26,46,5,13,11,17,27,28,18,23,6,7,3,44,37,10,30,27,34,17,36,33,47,26,30,32,24,,9,3,16,21,14,23,32,38,16,56
20160416,23,O3,66,89,63,55,60,50,66,61,69,71,64,84,,61,60,21,58,55,65,,42,64,43,47,39,65,,25,22,21,50,54,35,87,18,12,22,15,12,21,44,38,6,11,12,3,8,6,3,89,85,91,72,78,66,76,86,85,78,55,96,104,112,83,110,48,77,74,87,66,68,72,45,10,43,4,4,20,17,6,,63,50,32,5,25,31,77,82,80,84,58,69,77,65,76,53,56,72,,74,38,62,65,48,,83,101,85,103,90,109,134,104,,109,109,62,24,19,46,38,33,106,51,25,22,91,52,40,,42,27,87,56,43,47,44,60,107,94,92,117,104,101,104,79,105,92,76,102,92,85,85,90,101,105,84,89,100,91,102,86,99,95,79,84,76,18,92,69,71,100,97,50,55,,47,41,51,47,23,,69,84,93,87,85,104,85,104,108,45,76,64,85,71,71,62,,56,74,80,65,40,74,77,60,38,41,52,43,50,45,51,62,48,28,54,41,95,50,105,98,45,101,96,,111,86,32,103,91,111,97,,102,97,80,,2,2,3,78,74,55,,76,,81,74,,24,14,5,90,,,72,81,68,71,99,67,,3,40,49,52,51,74,63,68,59,60,75,57,53,24,22,39,27,7,7,33,,56,78,107,101,67,,73,75,90,20,2,,5,14,,11,7,104,123,97,97,28,130,108,87,107,62,31,47,40,58,34,33,41,17,52,15,,42,52,38,49,35,44,85,61,78,99,79,72,40,78,78,25,87,3,2,,6,1,8,3,8,,,2,12,15,22,8,35,4,54,21,56,19,7,39,29,41,37,4,7,2,,5,41,,18,13,7,24,12,20,7,19,,4,3,7,1,,19,8,19,16,20,33,35,36,,72,80,,69,74,68,84,53,75,55,21,23,34,110,22,7,45,57,29,60,43,44,32,53,60,37,54,31,51,47,23,79,47,20,60,,81,80,35,48,50,61,74,69,,60,4,54,72,120,87,78,90,57,64,10,23,74,34,55,24,55,16,44,32,25,21,32,32,13,,17,46,89,76,123,92,87,67,45,79,110,139,92,84,118,89,79,64,18,20,6,35,111,34,17,7,41,54,35,18,41,43,36,,144,24,11,26,86,78,81,70,85,85,74,72,55,104,85,90,88,86,75,104,127,102,100,58,71,41,47,49,22,80,10,12,9,13,65,64,82,34,39,59,62,,45,56,6,,4,21,,,4,14,6,,16,37,40,42,47,39,55,95,103,,104,105,104,68,,82,,74,27,19,19,35,25,23,81,104,,98,139,120,46,52,49,,50,52,17,35,28,4,4,29,1,24,12,37,24,41,50,50,8,43,50,38,45,7,1,,20,32,30,3,6,9,45,31,43,11,9,9,17,,3,,22,,2,24,9,17,86,36,50,28,,10,75,67,74,60,79,62,57,63,,70,46,35,26,20,19,23,13,12,12,61,3,36,84,95,93,58,56,72,56,62,29,57,76,,76,84,107,66,85,73,81,125,72,80,100,82,63,46,80,85,88,95,52,94,89,72,,116,21,29,36,48,78,66,62,13,4,70,76,74,90,93,90,7,74,58,29,52,30,37,54,51,49,34,44,36,45,63,72,91,71,89,96,46,64,114,70,4,14,10,10,20,47,24,31,36,45,60,38,41,13,8,2,39,16,34,61,57,4,16,31,29,63,92,74,75,85,85,116,122,104,89,80,69,73,76,26,54,93,73,107,70,93,100,82,42,79,84,67,63,11,6,8,29,52,59,69,79,64,,14,26,7,19,15,15,28,22,39,61,38,39,66,20,30,26,37,67,10,43,83,16,47,84,31,77,9,19,50,7,32,63,,12,73,71,19,24,17,13,49,23,72,50,25,7,6,5,96,23,9,19,32,6,13,2,38,51,59,23,103,109,83,83,,104,117,82,96,68,86,56,63,18,57,58,95,63,64,30,11,78,68,113,94,108,117,124,134,134,114,100,70,100,101,90,64,43,,125,132,103,122,92,99,95,,96,,,,74,,102,93,49,8,52,55,66,73,125,61,37,,40,,82,72,102,49,89,66,66,,,96,56,80,49,59,29,32,48,54,62,47,8,4,63,68,70,36,78,,80,46,61,61,37,15,45,,52,57,22,32,,15,25,72,75,79,1,,15,110,89,88,60,47,82,61,68,80,68,65,83,,40,72,67,110,97,41,115,103,,76,46,37,61,89,72,50,43,135,46,58,97,42,46,43,32,50,52,52,91,95,87,100,114,62,47,52,62,75,91,89,72,53,33,51,42,78,84,75,84,46,48,61,72,47,21,53,62,71,81,39,65,42,43,67,54,55,,56,53,30,63,54,128,146,71,40,74,,65,56,,71,60,56,67,50,76,36,48,41,94,51,41,2,6,14,84,49,54,113,52,106,11,,12,49,128,30,99,74,92,66,,4,96,71,41,59,59,44,,4,14,35,5,15,9,6,18,,30,36,33,1,2,2,7,38,99,18,38,60,77,83,65,43,24,21,22,20,123,47,66,82,68,75,83,86,93,78,46,26,42,39,42,,85,89,66,25,41,,62,72,72,76,81,77,76,87,91,71,41,44,4,2,28,62,47,53,34,6,16,8,71,56,52,37,64,57,55,90,,80,81,87,1,,8,11,34,69,65,49,46,19,25,64,106,5,38,61,85,88,84,93,90,99,71,82,79,58,81,81,78,81,104,26,41,52,41,69,88,70,40,6,77,68,77,86,76,49,94,78,79,74,81,110,87,75,75,69,60,49,85,81,75,109,112,88,112,93,75,36,62,24,53,,78,59,83,42,9,41,67,117,22,73,,39,32,12,60,52,63,54,62,55,77,37,47,34,20,83,53,43,34,9,,113,97,107,75,75,7,4,58,24,76,46,76,113,111,105,107,63,9,5,20,79,55,24,,122,80,54,,76,12,6,6,6,19,18,56,6,42,106,35,14,,100,76,77,69,92,,80,84,20,55,115,89,82,76,92,80,13,61,98,1,85,86,82,64,7,22,37,73,107,114,56,,18,102,111,110,108,63,46,,36,118,51,63,85,92,96,138,88,107,130,46,93,109,86,71,117,54,27,80,58,106,111,62,78,78,81,,76,11,58,81,48,41,7,3,21,45,78,45,97,47,42,52,81,68,114,72,61,92,80,98,93,30,66,97,93,94,100,60,77,82,98,84,,,100,86,119,78,119,110,114,125,11,76,96,74,75,20,103,64,62,34,90,12,49,24,4,81,21,33,81,33,40,88,98,72,52,102,55,58,32,43,,92,96,75,81,88,70,27,23,62,1
20160416,23,O3_24h,86,94,88,81,83,78,87,74,83,74,90,93,,75,93,31,85,89,99,,75,70,77,83,47,91,,110,57,112,112,90,62,128,91,83,86,76,83,76,141,129,157,154,170,100,85,101,94,110,107,123,89,106,73,99,97,93,100,82,108,114,123,114,123,69,84,87,105,76,90,76,108,103,90,103,81,95,68,70,,75,80,65,63,66,115,104,89,100,142,83,83,84,83,86,99,139,137,,156,74,134,128,122,,149,150,128,133,138,152,158,146,,147,130,134,108,106,133,105,122,145,121,108,122,107,123,122,,44,31,91,60,53,69,44,77,111,103,93,176,114,107,113,124,109,108,89,119,106,112,108,98,115,112,97,102,111,101,116,108,111,108,99,94,96,24,112,148,145,123,144,103,97,,86,70,94,81,59,,82,93,107,107,98,122,99,124,127,65,94,78,107,87,91,86,,78,93,98,80,50,99,99,121,70,89,97,89,119,119,113,125,79,48,88,46,102,80,123,99,98,101,96,,111,97,89,112,108,123,118,,129,110,102,,38,45,49,102,93,70,,82,,112,112,,86,80,93,97,,,72,82,68,99,115,88,95,84,85,107,80,76,107,100,100,79,214,108,102,67,27,44,67,35,25,79,61,,84,122,120,122,88,,108,96,109,117,132,,133,150,,118,142,137,141,118,111,133,150,108,120,148,124,84,119,122,119,60,114,91,155,84,110,,88,92,130,91,103,126,141,85,151,127,136,114,114,132,109,120,114,69,62,,36,38,68,51,53,65,40,68,87,97,99,85,93,71,91,67,103,98,77,87,71,57,81,72,77,80,74,56,97,,109,146,61,66,65,68,63,52,,53,56,56,59,,74,65,70,74,82,114,113,114,,210,243,,162,215,260,248,220,99,142,89,85,94,133,131,156,110,179,134,134,122,107,112,143,123,145,145,68,137,154,124,129,117,118,150,,131,116,157,174,158,155,170,164,157,169,187,128,138,137,140,140,133,109,126,129,129,148,147,142,123,120,127,112,112,110,135,131,87,103,159,125,132,104,86,152,107,97,73,224,100,116,144,115,93,128,100,87,100,37,51,94,62,111,41,122,101,114,129,133,123,131,128,117,,183,121,116,72,97,91,96,81,95,106,102,100,73,113,111,136,128,142,122,133,172,137,136,117,141,155,135,113,74,134,48,45,35,39,113,113,143,54,66,93,79,,135,138,93,,142,63,,,76,147,129,,76,67,74,107,103,82,119,106,117,,112,117,115,109,,127,,127,97,93,110,136,122,138,104,132,,98,200,133,119,127,125,,107,90,36,121,104,101,125,87,144,89,82,78,57,64,94,95,46,68,209,67,79,59,54,,83,78,78,63,53,62,68,52,70,134,126,133,152,131,149,77,92,108,108,87,20,109,137,74,97,116,,133,101,90,94,86,98,80,113,132,,129,97,116,100,86,76,108,88,95,104,98,115,119,112,106,102,60,87,150,104,140,117,161,158,,152,145,164,120,161,142,168,133,101,129,169,180,151,124,169,178,168,148,139,139,148,145,,170,89,68,81,111,114,83,93,70,55,120,79,88,95,104,106,20,90,107,48,80,44,80,86,79,52,34,56,45,46,86,84,112,111,125,145,103,131,149,140,112,99,99,52,93,129,119,82,110,97,131,78,107,131,123,79,131,138,65,122,138,123,98,114,109,124,137,133,122,111,125,165,137,152,150,122,95,104,116,107,54,103,100,107,94,159,155,130,214,129,148,100,226,171,163,158,182,174,81,93,178,177,,150,59,72,71,119,108,104,78,109,138,155,159,129,158,115,52,49,106,91,101,176,140,90,101,96,156,64,91,87,131,151,138,,137,185,172,149,123,107,121,122,156,141,142,130,127,121,128,126,125,118,113,146,129,128,133,105,129,126,115,118,122,91,102,,117,122,112,113,119,122,67,156,70,93,93,127,112,125,145,127,109,89,154,107,122,124,134,147,147,135,155,113,134,149,153,120,84,,132,132,103,125,93,106,102,,102,,87,,97,82,109,102,55,9,84,76,88,89,145,76,52,,72,,104,75,108,61,107,67,87,,,122,76,120,117,107,122,116,98,96,103,102,63,67,99,118,137,125,125,,112,112,112,116,99,106,102,,104,105,74,67,,72,52,107,156,136,86,,41,123,110,95,90,73,118,105,110,112,110,95,99,,61,81,86,115,97,43,127,118,,132,82,75,63,176,153,101,125,217,117,122,176,112,108,77,48,134,108,121,135,145,120,118,139,100,89,98,76,81,96,89,91,66,40,73,65,83,88,78,94,58,50,74,84,81,88,86,62,82,81,39,78,50,74,84,78,91,,56,55,95,81,90,136,146,126,99,134,,88,95,,89,105,110,130,134,115,48,97,61,128,104,41,52,54,33,90,86,99,129,61,110,43,,33,115,132,45,106,99,123,94,,90,265,72,58,68,64,50,29,54,55,60,141,97,96,83,94,,98,113,97,35,45,44,54,64,121,84,121,83,113,111,100,106,141,121,145,89,161,72,117,141,107,124,109,114,119,120,107,104,95,101,106,,104,116,87,119,65,,124,116,101,95,103,98,97,117,125,85,89,67,70,74,97,105,106,89,97,122,99,146,131,94,102,114,120,104,108,124,,110,111,132,101,,105,116,107,114,119,84,95,129,34,88,115,83,89,128,114,135,122,147,95,115,116,124,126,90,111,123,113,97,120,100,99,112,112,96,119,120,107,88,110,105,96,122,108,73,115,115,116,110,114,164,116,124,199,118,115,111,116,87,79,115,125,89,112,116,115,117,119,105,102,,113,127,114,109,118,102,134,228,23,148,,88,47,43,112,119,107,153,165,175,194,140,120,117,137,147,100,60,117,118,,166,147,194,181,124,125,141,156,62,132,64,138,117,120,125,129,112,112,117,105,122,131,136,,151,126,136,,126,167,95,113,130,91,40,188,91,99,120,93,75,97,114,147,140,136,140,,134,137,25,70,160,149,131,136,138,107,51,156,174,17,150,135,137,117,35,120,99,130,153,154,136,,106,158,140,142,150,94,68,,94,198,68,80,105,127,168,194,179,172,159,125,241,109,91,153,190,67,35,94,58,137,145,90,117,99,107,,82,20,62,110,99,91,122,120,119,124,123,70,130,87,118,121,138,124,128,80,110,108,107,117,111,78,115,116,111,105,128,71,91,94,112,114,,,119,117,137,103,133,114,123,127,43,99,110,89,87,87,106,69,62,43,106,160,180,56,55,142,46,51,135,122,119,185,119,126,75,133,107,76,105,132,,116,101,107,150,145,88,88,46,116,20
20160416,23,O3_8h,75,88,76,69,74,63,66,67,67,70,80,83,,61,66,22,56,63,70,,45,38,35,46,28,70,,76,46,80,86,73,49,104,15,16,22,20,15,19,55,37,33,41,36,65,56,65,60,97,96,107,78,89,67,93,91,88,90,64,91,95,106,91,103,59,78,79,94,60,72,65,74,70,64,56,44,52,44,46,,69,60,47,42,52,86,85,86,89,103,72,78,80,76,79,58,71,73,,75,41,71,69,58,,88,109,91,98,79,107,122,116,,120,113,39,42,24,56,48,64,101,57,63,73,78,53,44,,30,18,60,36,32,28,41,34,86,73,72,89,86,77,76,58,78,90,76,100,88,85,87,84,98,101,68,70,78,72,81,76,77,74,72,76,74,16,81,73,70,95,86,60,65,,65,44,62,63,25,,67,80,82,74,69,92,66,85,96,42,73,64,82,66,70,64,,61,72,54,63,39,76,79,73,42,46,63,49,70,68,71,82,44,36,56,38,93,63,100,90,81,78,78,,91,88,65,75,76,79,73,,91,75,66,,9,16,12,79,78,58,,64,,75,75,,43,44,47,66,,,65,72,60,83,105,77,9,18,38,71,58,58,82,74,74,64,70,84,68,50,23,22,36,23,5,32,42,,72,100,112,111,80,,87,84,94,40,41,,44,59,,47,40,97,113,90,86,26,123,96,82,106,91,55,89,75,89,50,67,63,80,67,68,,66,57,88,61,67,80,119,74,127,111,108,92,79,102,92,80,98,9,6,,14,8,23,21,13,25,6,26,22,35,28,21,11,23,64,35,56,22,23,43,44,43,53,23,23,21,34,23,60,,46,32,36,42,38,40,31,29,,28,27,28,29,,37,28,35,22,28,58,62,65,,117,141,,100,116,138,132,113,77,82,47,42,47,117,79,97,64,111,102,105,85,76,73,106,82,91,102,30,96,92,79,94,84,72,99,,99,101,101,120,108,110,127,120,109,115,129,100,98,123,116,108,116,80,102,91,101,124,105,113,69,82,72,73,64,55,74,82,58,68,73,65,76,93,80,133,96,89,64,86,70,110,138,101,86,121,91,79,78,27,36,63,51,88,38,86,65,86,95,97,79,97,88,78,,163,74,63,54,89,81,90,76,89,97,87,87,65,101,100,81,81,79,74,116,137,114,104,76,82,84,65,57,30,89,22,19,24,23,61,61,79,37,46,65,59,,73,72,38,,44,47,,,33,62,37,,55,48,47,62,52,49,74,92,90,,91,97,98,92,,109,,108,57,36,49,83,60,67,78,100,,82,125,107,82,92,89,,77,66,28,85,78,22,28,51,31,40,28,56,39,52,70,70,26,50,77,50,57,26,16,,39,39,42,31,31,35,53,37,49,70,57,62,65,49,45,24,30,23,48,44,15,61,121,52,78,58,,56,88,80,84,76,90,70,88,101,,104,75,72,75,58,49,69,56,65,63,80,74,93,100,91,83,56,59,73,62,62,52,65,86,,91,85,90,64,99,86,76,88,65,66,76,75,78,68,87,75,88,93,63,89,94,66,,130,49,37,58,85,90,74,72,44,33,102,76,83,90,96,98,12,64,64,31,61,36,52,62,59,45,30,46,38,41,72,71,80,79,108,117,76,100,130,92,77,66,62,34,62,79,63,49,56,69,93,55,70,73,79,43,96,83,54,87,102,82,65,83,80,102,105,105,94,97,108,148,126,116,128,101,83,88,98,27,42,89,80,96,74,97,110,79,72,110,109,81,137,95,99,103,104,109,66,74,118,98,,78,39,44,46,62,52,67,49,60,91,85,107,92,80,73,32,23,75,45,84,130,91,68,94,62,110,40,50,74,60,105,90,,78,121,114,92,73,63,80,89,94,103,94,84,69,68,68,108,65,55,61,78,54,69,66,80,92,95,88,103,112,78,95,,107,117,98,103,103,111,63,127,57,82,83,118,93,100,44,38,78,67,112,96,106,114,126,139,139,125,133,97,121,132,109,77,48,,101,104,89,108,70,78,77,,73,,70,,72,72,81,76,46,7,51,52,67,69,121,63,40,,50,,76,66,96,51,81,62,75,,,101,62,101,81,86,83,67,67,73,77,71,30,26,77,98,102,74,102,,99,85,88,92,74,72,81,,81,85,54,52,,49,40,92,125,110,49,,29,114,99,91,71,61,97,77,86,94,90,75,91,,49,71,78,108,91,41,120,110,,63,40,34,46,91,79,58,54,152,71,71,111,50,52,36,32,67,58,60,88,93,92,101,111,83,48,54,70,75,82,80,68,47,36,47,38,80,80,73,88,48,42,61,53,49,53,66,53,71,61,28,63,35,61,72,62,73,,46,45,73,57,52,125,119,76,76,83,,61,61,,67,64,61,79,69,88,40,59,50,102,78,32,12,10,19,81,64,86,113,49,105,26,,21,70,103,34,92,83,102,76,,34,115,66,49,55,55,43,7,14,25,44,15,53,53,37,56,,61,74,72,4,8,10,26,45,86,49,85,73,99,98,85,72,95,82,108,61,148,59,93,118,96,97,96,98,104,99,80,66,64,62,68,,86,102,75,81,44,,93,84,90,88,94,91,88,94,101,80,70,49,41,43,58,78,79,66,55,64,48,64,94,70,68,80,90,78,82,105,,95,93,108,54,,54,62,77,94,96,70,74,94,27,76,109,41,68,97,97,109,96,118,90,104,88,94,96,70,81,101,96,86,110,67,57,73,74,82,105,99,73,54,95,90,86,107,95,64,100,99,102,92,97,125,103,107,98,96,96,82,101,85,75,108,112,85,81,104,91,67,83,67,75,,102,104,101,92,65,66,84,184,22,108,,62,36,21,81,76,82,100,109,112,131,91,85,79,77,110,74,53,78,79,,146,125,149,134,97,52,60,99,42,99,48,106,106,112,113,106,99,61,71,76,102,100,102,,134,98,98,,99,68,44,58,43,52,18,35,43,72,110,54,38,44,107,111,109,110,120,,117,121,22,38,126,122,114,119,116,97,40,72,148,7,121,112,110,92,21,59,72,103,135,136,78,,68,142,131,117,116,71,52,,72,168,56,70,94,104,128,151,125,146,137,80,146,104,84,115,146,60,29,83,45,122,125,78,95,88,95,,78,15,60,93,72,62,66,56,60,96,97,56,110,78,76,87,117,100,115,73,79,87,84,103,94,60,97,96,80,92,116,61,80,80,101,91,,,111,104,128,95,122,111,105,124,21,84,100,79,78,36,102,63,53,38,96,127,136,46,42,102,39,43,122,100,100,162,110,109,64,102,90,68,80,106,,104,96,86,126,127,81,55,27,90,7
20160416,23,O3_8h_24h,96,88,98,103,99,83,83,70,67,70,88,103,,86,99,32,104,98,95,,78,69,116,76,60,114,,102,66,112,104,95,62,154,124,108,107,97,98,119,162,131,158,163,172,126,100,127,124,122,104,114,101,106,74,96,94,91,95,80,141,132,161,140,154,65,80,92,100,92,142,125,154,142,149,133,101,101,93,60,,69,70,62,56,65,105,88,88,96,114,80,81,82,80,83,88,127,121,,138,65,126,107,116,,142,139,123,131,140,151,148,139,,130,113,118,107,95,121,101,112,129,116,108,112,78,68,112,,36,27,63,49,47,60,41,68,99,106,94,123,96,108,130,130,117,129,106,161,128,165,139,116,137,129,95,79,100,91,100,99,109,104,110,107,96,29,101,144,144,123,138,154,144,,68,97,145,123,80,,96,106,109,119,91,141,83,115,124,72,105,107,125,89,101,97,,93,102,54,73,47,77,84,154,88,112,123,106,130,125,125,133,98,61,114,39,93,71,100,92,85,87,78,,91,97,68,102,103,118,108,,124,104,95,,32,37,42,98,95,68,,104,,83,86,,88,83,86,100,,,65,72,60,83,106,78,94,98,80,96,76,80,130,98,87,84,114,126,109,52,27,43,55,35,21,62,55,,74,103,112,112,80,,92,87,95,133,142,,140,160,,137,155,131,137,114,106,126,146,96,118,138,163,93,151,119,133,85,110,107,138,70,100,,78,68,113,71,83,109,128,79,141,117,123,104,105,118,102,111,105,32,28,,23,19,48,29,27,42,18,46,82,88,79,77,75,75,80,73,109,98,68,81,56,50,74,47,48,47,58,42,75,,73,53,54,60,57,55,51,43,,45,48,47,50,,82,62,72,76,91,80,82,82,,162,197,,128,162,189,192,167,96,121,68,76,78,117,108,121,86,136,119,115,108,95,83,122,92,118,113,66,112,136,106,113,107,104,128,,115,102,133,142,136,130,143,138,136,140,156,121,126,132,135,132,129,103,125,133,125,147,114,146,104,105,107,99,94,86,117,115,78,91,135,105,112,95,83,148,100,91,73,107,70,110,138,104,86,121,94,80,83,27,44,81,53,88,39,110,88,104,114,120,104,116,111,100,,170,102,100,66,94,86,98,79,94,106,94,93,69,105,104,151,134,145,132,127,160,128,125,146,176,175,136,121,75,139,38,37,39,36,140,139,155,82,89,114,107,,150,160,114,,169,73,,,53,168,135,,80,58,98,148,125,120,155,110,111,,106,123,114,113,,134,,125,145,118,146,158,139,162,93,126,,91,150,138,126,134,125,,81,67,28,94,82,56,82,84,82,86,68,73,53,59,86,87,42,64,104,62,71,48,42,,82,72,77,52,46,51,63,46,62,78,66,73,113,95,100,63,73,74,93,76,18,91,134,66,93,128,,152,98,86,91,83,96,77,102,122,,118,87,97,92,77,65,95,78,88,97,92,106,113,107,108,103,66,70,139,102,129,113,151,156,,135,126,152,104,154,130,161,133,93,121,166,176,139,126,171,150,153,138,131,132,136,131,,156,80,66,73,104,106,78,79,56,41,111,76,87,90,96,102,29,76,92,60,123,66,120,134,105,47,33,52,40,50,73,76,87,96,115,128,91,116,134,100,125,129,117,59,121,142,131,111,121,108,169,71,154,114,125,64,127,120,60,107,120,112,86,102,98,114,121,120,106,104,114,158,127,136,138,108,87,93,104,107,44,92,91,96,86,139,133,120,202,116,131,94,182,151,136,146,155,155,77,88,134,127,,106,52,64,63,100,89,92,66,99,120,133,138,120,132,96,32,46,94,78,94,158,127,82,95,86,143,58,80,83,108,124,114,,116,157,145,133,101,95,110,117,150,128,129,121,118,113,120,115,107,100,98,124,102,114,112,94,114,111,104,110,115,85,96,,110,118,106,106,129,118,64,143,67,89,88,122,102,132,169,176,84,80,148,96,114,114,132,139,140,128,162,121,128,144,150,114,80,,119,122,93,112,81,91,90,,100,,103,,86,74,81,88,69,12,120,104,114,109,173,96,61,,84,,119,66,96,51,81,62,76,,,101,65,108,94,103,102,105,123,128,132,131,52,54,84,111,143,77,119,,138,104,102,108,92,97,96,,96,99,65,61,,63,47,100,140,119,80,,39,115,101,92,89,81,125,100,104,106,105,88,95,,62,79,79,113,104,42,124,116,,116,79,68,63,174,151,110,122,208,103,120,165,117,105,77,47,113,94,100,122,132,110,103,123,84,71,75,72,81,82,80,80,67,38,75,68,81,80,73,90,54,47,69,73,70,76,83,53,71,61,46,65,45,67,105,75,90,,52,45,94,76,126,126,119,148,114,166,,116,114,,128,121,118,161,163,88,41,64,53,103,82,32,26,26,24,85,70,90,123,71,121,49,,45,125,153,65,92,87,126,89,,87,149,66,51,59,60,55,34,44,42,71,45,60,59,52,62,,68,83,74,30,39,42,46,52,86,53,98,74,100,99,104,90,124,104,130,79,155,63,101,134,104,98,96,98,104,100,96,89,82,83,90,,89,106,78,108,56,,112,102,93,91,96,93,89,105,107,80,78,93,71,77,97,118,124,101,99,130,96,132,161,128,124,128,140,123,132,116,,105,104,122,142,,145,153,126,144,152,76,82,110,32,80,115,72,83,121,103,123,107,132,90,104,95,113,111,81,98,110,102,86,110,86,99,94,99,87,109,106,101,79,103,94,89,110,98,64,107,108,111,103,105,128,108,115,106,113,110,100,107,85,76,115,116,85,92,109,104,100,104,94,96,,107,116,105,102,106,93,127,215,22,128,,82,44,34,103,108,102,130,138,144,161,119,109,106,123,138,85,56,97,99,,156,137,166,157,112,106,114,130,54,119,54,123,110,114,117,115,103,92,101,94,105,116,121,,138,112,122,,112,129,74,99,113,82,28,184,47,84,112,82,65,82,110,121,125,127,131,,128,130,24,57,139,134,121,128,126,109,47,100,163,13,138,124,124,104,31,101,94,124,149,148,116,,78,149,136,128,135,92,63,,82,186,57,73,101,119,151,172,160,161,145,105,200,104,84,130,167,73,36,87,50,134,140,85,109,93,100,,81,18,60,102,92,77,97,94,87,119,117,67,124,82,104,100,132,120,117,77,100,98,95,107,99,72,108,111,107,99,117,61,87,91,109,105,,,113,109,132,97,125,111,128,124,30,84,110,81,80,55,102,63,56,41,102,152,169,55,54,130,43,48,127,114,113,179,114,120,70,111,102,68,98,123,,107,102,103,139,138,85,77,37,108,16
20160416,23,CO,0.3,0.2,0.8,0.3,0.3,0.3,0.3,0.2,0.2,0.4,0.2,0.3,,0.076,0.293,0.578,0.364,0.291,0.521,,0.642,0.719,0.103,0.448,0.456,0.56,,0.368,0.451,0.245,0.366,0.587,0.235,0.226,1.112,1.186,1.406,1.507,1.356,1.371,0.699,0.432,1.374,3.788,1.194,1.777,1.743,0.819,1.502,0.261,0.613,0.248,0.191,0.08,0.226,0.265,0.229,0.217,0.486,0.825,0.246,0.39,0.173,0.349,0.308,0.102,,0.277,0.409,0.685,0.592,0.441,0.413,0.556,0.462,0.92,0.911,0.742,1.383,0.465,,0.264,0.265,0.997,0.47,0.674,0.622,1.078,0.638,0.415,1.112,0.908,0.27,0.369,0.53,1.325,0.547,0.294,0.653,,0.736,0.366,0.648,0.466,0.501,,0.446,0.619,1.204,0.853,0.905,0.937,0.654,0.744,,1.055,0.313,0.734,0.566,0.911,0.597,0.742,0.685,0.675,0.636,0.639,0.683,0.675,2.009,0.88,,1.02,1.002,0.65,1.309,1.221,1.144,0.661,0.706,0.669,0.747,0.898,0.656,1.041,0.661,0.71,0.999,0.925,1.391,0.919,0.681,0.472,1.074,1.1,0.463,0.534,0.928,0.856,1.068,0.94,1.168,0.888,0.845,1.152,1.309,1.055,1.108,1.023,1.888,0.832,0.945,1.096,0.744,0.544,0.661,1.031,,0.747,1.192,0.918,1.015,1.752,,1.013,1.131,1.392,1.56,1.939,1.14,2.084,1.285,1.136,3.557,0.984,0.919,1.042,0.801,0.937,0.769,,0.765,0.677,0.938,1.157,1.329,1.06,0.817,1.595,2.003,0.948,2.166,1.309,1.175,1.239,1.428,1.395,1.56,1.292,1.746,1.534,0.706,0.93,0.534,0.629,0.673,0.708,0.779,,0.654,0.823,1.328,0.736,0.719,0.784,0.78,,0.729,0.815,0.867,,1.958,2.068,1.912,0.799,0.584,0.331,,0.875,,1.607,0.935,,1.213,1.067,1.593,0.634,,,0.717,0.805,1.334,0.785,0.722,0.984,2.188,1.036,0.723,0.784,0.719,0.68,0.646,0.936,0.948,1.45,0.757,1.009,1.701,0.531,1.48,1.578,2.189,1.693,3.082,0.538,1.28,,0.616,0.496,0.695,0.164,0.637,,0.842,0.73,0.556,0.679,1.058,,1.056,0.899,,0.616,0.771,0.58,0.701,0.755,0.625,0.48,0.53,0.304,1.032,0.423,1.52,1.315,1.7,0.857,0.992,1.363,1.066,0.851,0.983,0.711,0.864,,0.696,0.884,1.343,0.863,0.818,1.015,0.913,0.388,0.995,0.635,0.748,0.691,0.461,0.555,0.448,0.987,0.736,1.059,1.539,,0.723,0.811,1.1,1.559,0.874,0.866,0.909,0.961,0.683,0.848,0.671,1.06,0.664,0.851,0.799,0.65,0.602,0.885,0.877,0.701,0.981,0.542,0.729,0.763,1.214,1.52,0.764,0.973,0.364,,1.089,0.912,0.694,0.756,1.45,0.672,0.759,0.549,,0.903,0.681,0.877,0.705,,0.738,0.737,0.687,0.667,0.25,0.837,0.792,0.524,,0.969,0.868,,1.033,0.876,0.945,0.651,0.856,0.325,0.615,0.556,1.11,0.623,0.156,0.549,0.579,0.496,0.587,0.598,0.306,0.645,0.938,0.452,0.573,,0.308,0.165,2.138,0.777,0.675,1.136,0.837,0.742,0.846,0.969,,0.553,0.513,0.521,0.969,0.528,0.421,0.627,0.686,,0.679,1.015,1.503,0.916,0.076,0.813,1.83,0.76,1.247,0.498,1.623,1.227,0.57,0.818,0.867,1.681,0.737,1.759,0.847,1.124,1.33,2.594,1.064,0.922,0.892,3.234,1.615,,0.48,0.118,0.672,1.035,0.407,0.172,0.701,0.336,0.63,0.549,0.403,0.395,0.523,0.219,0.562,0.455,0.363,0.451,1.007,0.481,0.229,0.254,0.492,0.49,0.684,0.599,0.41,1.22,0.455,0.753,1.17,,0.336,0.283,0.684,0.89,0.696,0.627,0.467,0.652,0.666,0.821,0.584,0.354,0.198,0.269,0.33,1.497,0.857,0.788,0.498,1.368,0.588,,1.893,0.756,0.342,0.167,0.874,1.122,0.688,0.535,0.769,0.592,0.62,0.779,1.004,1.273,1.053,1.028,0.71,0.709,0.814,,0.606,1.205,1.658,,1.332,1.615,,,1.828,2.108,2.303,,1.705,1.662,0.703,0.41,0.419,0.613,1.155,0.45,0.161,,0.511,0.406,0.537,0.88,,1.082,,0.663,0.9,0.998,0.569,0.512,0.607,0.414,0.307,0.334,,0.258,0.144,0.404,1.381,1.309,1.259,,1.228,1.257,0.693,0.755,1.514,2.205,1.025,0.634,3.362,0.891,1.494,0.592,0.753,1.11,0.587,1.284,1.627,0.522,0.005,0.813,0.511,1.218,1.248,,1.613,0.592,0.571,2.387,1.444,1.231,0.617,0.971,1.068,0.828,1.4,0.887,1.693,2.904,5.514,2.399,3.511,2.381,1.75,0.961,1.308,0.594,1.151,3.656,2.357,1.312,,1.737,0.972,1.842,0.334,0.82,0.355,0.443,1.16,2.738,,1.417,0.667,1.059,1.947,1.836,3.237,1.836,2.814,1.688,0.54,0.564,0.896,0.332,,0.468,0.68,1.989,0.485,1.149,0.9,0.926,3.216,1.416,0.826,,0.675,1.962,0.531,1.742,0.702,0.614,1.382,1.524,1.699,1.196,1.241,0.621,0.531,0.451,0.638,0.666,0.708,0.596,0.728,0.563,0.655,0.59,,0.501,0.971,1.328,0.401,1.035,0.432,1.448,0.656,1.653,1.701,1.13,0.764,0.328,0.448,0.494,0.56,0.993,0.973,1.837,0.847,1.379,0.87,1.39,1.094,1.287,1.076,0.706,0.737,0.67,0.607,0.801,2.177,0.809,0.823,1.491,2.13,0.949,1.044,1.375,1.888,0.562,1.627,1.308,1.276,1.697,1.361,1.856,2.576,1.118,1.798,1.526,1.167,3.901,1.21,1.271,1.329,0.656,1.229,1.582,1.116,0.888,1.003,0.557,0.481,0.903,0.622,0.883,0.888,1.05,1.106,0.762,0.901,1.068,0.967,0.627,0.792,0.375,1.549,0.155,,,1.77,0.621,0.858,0.635,0.749,0.603,1.196,1.133,1.344,0.773,0.758,1.249,1.6,2.138,2.001,1.911,1.04,0.749,0.547,0.547,0.824,,0.774,0.907,0.779,0.611,0.911,0.733,0.716,2.768,2.294,1.307,2.668,0.42,0.722,0.605,0.372,0.684,0.921,0.567,1.814,0.928,1.024,1.007,0.772,0.446,0.871,1.078,0.637,1.15,0.605,0.67,0.918,0.456,,0.652,1.286,0.909,0.772,0.992,1.062,1.429,0.492,0.719,0.694,0.903,1.544,1.594,0.861,1.852,0.446,0.412,0.908,0.682,0.597,0.689,0.958,0.874,0.612,0.721,0.734,0.592,0.7,0.203,1.064,1.021,,0.417,0.201,0.435,0.286,1.034,0.873,1.068,0.432,0.538,0.982,0.482,0.566,0.969,0.806,1.075,1.07,0.442,0.314,0.508,0.708,0.624,0.365,0.35,0.271,0.687,0.277,1.376,2.606,1.147,0.493,1.1,0.589,0.488,,0.693,0.693,1.141,0.744,0.698,1.2,2.12,,0.994,,,0.72,1.122,,1.109,1.146,0.708,1.04,1.3,0.932,,1.434,2.282,0.609,0.924,,0.797,1.087,0.933,0.788,0.711,0.831,0.88,0.667,1.049,,,0.085,0.602,0.396,0.647,0.678,0.371,0.682,0.963,0.669,0.556,0.863,1.486,2.522,1.222,0.399,0.908,1.07,0.298,,0.145,0.807,0.431,0.685,0.523,0.436,0.785,,0.601,0.43,2.718,1.813,,2.649,1.88,0.821,0.433,0.457,1.335,,1.384,0.21,0.103,0.154,0.206,0.63,0.618,0.486,0.456,0.406,0.672,0.559,0.624,,0.395,0.439,0.737,0.392,0.703,0.25,0.594,0.221,,1.393,2.353,1.174,1.947,1.396,1.068,1.539,0.544,0.418,0.399,1.746,0.36,2.183,0.225,2.015,2.697,0.861,0.554,0.386,0.899,0.809,0.484,0.753,0.885,1.015,0.729,0.678,0.346,0.672,1.451,0.904,1.102,0.707,1.29,1.098,0.08,1.247,1.639,,0.552,0.351,0.765,0.74,0.743,0.705,0.92,0.422,0.909,0.36,0.669,1.347,1.152,0.82,0.334,0.719,0.268,0.444,0.35,0.151,0.291,,0.439,0.601,0.954,0.436,0.478,0.564,0.81,,0.661,0.688,,0.823,0.548,0.736,1.09,1.206,0.754,0.771,1.207,1.722,0.513,0.831,0.461,0.718,0.443,0.439,0.296,0.76,0.61,0.921,0.967,0.964,1.105,,0.746,0.637,0.725,0.559,0.697,0.446,1.242,0.748,,0.508,0.83,1.299,0.526,0.661,1.011,0.605,3.052,0.312,0.925,0.371,0.89,1.236,1.178,1.08,1.805,0.151,1.502,1.602,1.169,1.112,2.194,3.229,0.882,0.559,0.896,1.128,0.901,0.971,0.899,0.833,0.867,0.712,1.237,0.261,1.101,1.827,0.409,0.357,0.498,0.951,0.069,0.479,0.673,0.498,0.994,0.637,1.515,1.32,1.815,1.193,1.184,,1.438,1.032,0.692,0.709,0.57,0.555,1.212,0.257,1.249,1.138,1.154,1.5,1.948,0.262,0.421,0.378,0.302,0.316,0.534,0.76,0.398,0.13,0.5,0.668,1.112,1.078,0.71,1.063,1.32,1.242,1.202,0.993,0.796,1.626,0.987,0.542,,0.889,0.883,0.686,1.153,,0.565,1.087,1.003,0.765,1.132,1.154,1.037,1.973,0.912,1.323,0.707,1.872,1.136,1.064,0.537,0.699,0.779,0.584,0.869,1.055,1.111,0.701,0.381,0.524,0.639,1.146,1.052,1.758,0.775,0.622,0.809,0.698,0.897,0.798,0.706,0.664,0.323,0.809,0.695,0.873,0.677,0.707,0.819,0.953,0.344,0.583,0.558,0.408,0.477,0.125,0.345,0.127,0.299,0.184,0.799,1.275,0.831,1.091,0.9,0.384,0.347,0.446,1.003,0.546,1.341,0.606,0.887,1.303,1.841,,0.814,1.201,0.398,0.382,0.015,0.238,0.464,2.53,0.609,0.823,,1.092,0.789,0.591,1.415,0.951,0.877,,1.058,1.431,1.75,1.19,1.72,0.813,0.903,1.127,1.525,0.659,0.772,1.141,,1.442,0.885,1.158,1.133,0.648,0.177,0.775,0.654,1.714,0.769,0.805,1.236,0.283,0.128,0.341,0.368,0.652,1.181,1.129,1.33,0.321,0.356,0.667,,0.265,0.471,0.838,,0.46,0.527,0.815,0.836,0.865,1.188,,2.124,1.111,0.419,0.034,0.841,0.895,0.95,0.392,0.306,0.571,0.627,0.594,,0.73,0.103,0.806,0.404,1.384,1.137,0.579,1.024,1.413,0.406,0.773,1.009,1.109,0.434,0.723,0.592,0.466,0.553,1.508,0.599,0.595,0.596,0.822,0.625,0.489,,,0.135,0.695,0.303,0.249,0.878,0.109,0.432,1.057,0.663,0.537,1.21,0.543,0.838,0.873,0.415,0.683,0.482,0.886,1.522,1.324,0.63,0.736,1.66,0.883,0.118,0.036,0.924,,1.833,1.371,0.888,0.829,0.335,0.441,,1.402,0.809,0.265,0.29,0.691,1.384,1.332,1.127,0.861,1.121,0.3,0.896,0.976,0.262,1.099,1.361,0.98,0.724,0.194,0.343,0.424,0.449,0.445,0.779,0.917,0.986,0.519,0.242,0.875,0.364,0.208,0.336,0.657,0.394,0.396,0.726,,,0.762,1.098,0.669,1.897,0.554,0.277,0.322,0.431,1.27,,0.227,0.14,0.71,0.317,0.563,0.296,0.295,0.509,0.226,3.099,1.015,1.496,2.09,0.566,1.157,1.247,0.893,1.157,0.786,0.919,1.545,1.699,2.01,0.695,0.249,0.324,1.601,1.106,1.176,0.408,0.956,0.55,0.856,1.213,0.422,1.148,1.071,0.562,0.915
20160416,23,CO_24h,0.35,0.245,0.706,0.38,0.295,0.365,0.315,0.268,0.265,0.335,0.295,0.31,,0.53,0.606,0.994,0.893,0.633,0.789,,1.049,1.24,0.839,0.787,0.899,0.712,,0.361,0.558,0.248,0.424,0.815,0.213,0.377,2.091,2.005,2.388,2.673,2.491,2.41,0.696,0.644,0.743,1.145,0.85,0.849,0.66,0.762,0.716,0.421,0.486,0.397,0.418,0.232,0.473,0.096,0.31,0.28,0.46,0.666,0.31,0.476,0.244,0.366,0.374,0.17,0.059,0.34,0.413,0.966,0.789,0.658,0.484,0.436,0.542,0.577,0.489,0.66,0.781,0.46,,0.272,0.406,1.042,0.392,0.832,0.616,1.173,0.604,0.311,0.878,0.778,0.231,0.32,0.484,1.28,0.909,0.787,0.952,,1.182,0.731,0.968,0.897,0.81,,0.812,0.655,1.196,0.925,0.861,0.912,0.614,0.799,,1.041,0.348,0.946,0.768,1.076,0.706,0.83,0.646,0.857,0.703,0.697,0.83,0.731,2.208,0.929,,1.154,1.191,0.811,1.996,1.483,1.144,0.759,0.777,0.489,0.558,0.712,0.526,0.852,0.466,0.466,0.712,0.7,1.387,0.777,0.538,0.319,1.028,1.044,0.628,0.421,0.826,0.6,0.865,0.721,0.853,0.661,0.655,0.934,1.004,0.727,0.785,0.699,0.889,0.48,0.938,0.975,0.896,0.821,1.015,1.478,,1.166,1.478,1.215,1.34,1.495,,0.855,0.997,1.12,1.393,1.507,0.869,1.838,0.934,0.602,2.464,0.786,0.716,1.172,0.821,0.736,0.777,,0.659,0.575,0.714,1.089,1.171,0.99,0.709,1.47,1.947,0.876,1.966,1.263,0.757,0.833,0.993,0.944,1.809,1.423,1.993,1.805,0.669,0.81,0.381,0.53,0.547,0.756,0.824,,0.703,0.825,1.188,0.617,0.533,0.641,0.673,,0.547,0.654,0.781,,1.109,1.213,1.025,0.67,0.452,0.362,,0.739,,1.404,0.707,,0.989,0.759,1.128,0.453,,,0.784,0.843,1.365,0.781,0.689,0.905,1.016,0.597,0.693,0.812,0.866,0.773,0.706,0.962,1.002,1.589,0.909,1.1,1.744,0.56,0.811,1.156,1.244,1.131,1.556,0.565,0.88,,0.778,0.651,0.873,0.355,0.788,,0.847,0.953,0.778,0.856,0.964,,0.914,0.835,,0.722,0.74,0.658,0.696,0.732,0.615,0.449,0.452,0.27,0.94,0.515,1.518,1.228,1.684,0.827,1.044,1.375,1.12,0.858,1.007,0.638,0.584,,0.65,0.875,0.943,0.833,0.736,0.738,0.772,0.424,0.94,0.668,0.729,0.702,0.521,0.573,0.451,0.822,0.744,0.93,1.32,,0.673,0.777,0.997,1.271,0.801,0.747,1.183,0.901,0.391,0.686,0.613,0.924,0.544,0.697,0.607,0.64,0.62,0.839,0.763,0.673,0.71,0.862,0.66,0.488,0.975,1.023,0.626,0.796,0.383,,0.845,0.726,0.542,0.692,0.733,0.601,0.694,0.577,,0.719,0.563,0.812,0.575,,0.751,0.699,0.671,0.699,0.299,0.834,0.709,0.503,,1.11,0.977,,1.147,1.117,1.059,0.838,0.939,0.337,0.601,0.562,0.941,0.618,0.214,0.344,0.239,0.49,0.507,0.481,0.109,0.568,0.771,0.481,0.478,0.124,0.189,0.143,0.364,0.723,0.435,0.687,0.883,0.496,0.637,0.917,,0.611,0.531,1.173,0.608,0.302,0.316,0.475,0.486,0.73,0.428,0.476,1.27,0.55,0.185,0.735,1.68,0.518,1.1,0.395,0.795,1.097,0.219,0.482,0.573,1.489,0.709,1.54,0.714,1.107,0.884,2.398,0.857,0.686,0.461,2.925,1.485,,0.629,0.288,0.753,0.669,0.576,0.456,0.575,0.754,1.165,0.67,0.603,0.569,0.758,0.327,0.903,0.522,0.552,0.711,0.632,0.641,0.367,0.343,0.566,0.518,0.699,0.777,0.538,0.768,0.552,0.612,0.652,,0.356,0.387,0.782,0.721,0.681,0.61,0.472,0.61,0.681,1.024,0.649,0.437,0.207,0.346,0.406,1.48,1.03,0.761,0.598,1.466,0.778,0.21,2.018,1.023,0.657,0.323,0.905,1.333,0.941,0.832,0.938,0.84,0.681,0.66,1.285,1.406,1.245,1.356,1.095,1.052,1.183,,1.014,1.389,1.42,,1.115,1.321,,,1.151,1.401,1.856,,1.131,1.645,0.823,0.595,0.665,0.988,0.743,0.523,0.26,,0.573,0.475,0.651,0.598,,0.748,,0.39,1.061,1.197,0.93,0.75,1.492,0.616,0.44,0.369,,0.431,0.58,0.561,0.928,0.673,0.654,,0.957,1.073,0.419,1.063,0.71,1.394,1.135,0.847,1.273,0.768,0.964,0.626,0.778,1.132,0.595,1.322,1.634,0.544,0.582,0.751,0.514,1.219,1.164,,1.089,0.702,0.683,1.165,0.911,0.918,0.628,0.84,1.053,0.856,1.31,0.759,1.489,1.532,1.614,1.718,1.656,1.683,1.289,0.773,1.253,0.536,1.069,3.424,2.922,1.213,,1.162,1.041,1.82,0.366,0.725,0.405,0.474,1.069,2.818,,1.564,0.744,1.179,1.83,1.818,3.244,1.896,2.992,1.721,0.464,0.617,0.638,0.261,0.202,0.545,0.72,1.999,0.512,1.078,0.808,0.952,1.368,0.977,0.702,,0.859,2.106,0.704,1.9,0.786,0.972,1.35,1.686,2.62,0.995,1.122,0.552,0.847,0.732,0.921,1.09,1.109,0.81,0.745,0.734,0.892,0.789,,0.553,0.891,1.177,0.254,0.686,0.464,1.469,0.714,0.884,0.926,0.735,0.778,0.482,0.535,0.638,0.674,0.73,0.73,1.656,0.668,0.898,0.663,1.045,0.829,1.237,1.002,0.713,0.886,0.778,0.568,0.8,2.132,0.798,1.011,1.847,2.249,0.632,1.204,1.637,2.031,0.433,0.806,1.172,0.949,1.276,1.34,1.903,2.597,1.271,1.753,1.52,1.23,2.002,0.825,0.756,0.883,0.436,1.083,1.473,1.205,0.814,0.624,0.356,0.41,0.783,0.602,0.773,0.734,0.888,0.954,0.564,0.8,0.868,0.681,0.54,0.902,0.517,1.584,0.334,0.092,0.339,1.79,1.288,0.988,0.998,1.196,0.899,1.487,0.857,1.321,0.796,0.891,1.061,1.133,1.339,1.239,1.462,0.988,0.736,0.545,0.637,0.925,,0.638,0.583,0.445,0.396,0.675,0.384,0.57,1.819,1.795,1.285,2.466,0.046,0.353,0.308,0.056,0.473,0.36,0.47,0.485,0.939,1.055,0.699,0.834,0.403,0.492,0.875,0.412,0.87,0.52,0.524,0.754,0.441,,0.37,0.807,0.895,0.451,0.849,0.744,1.099,0.389,0.541,0.504,0.602,1.485,1.479,0.721,1.251,0.449,0.439,0.678,0.586,0.542,0.638,1.014,0.584,0.619,0.647,0.601,0.514,0.567,0.214,1.078,1.148,,0.547,0.445,0.644,0.428,0.913,0.773,1.063,0.405,0.391,0.538,0.479,0.499,0.69,0.629,1.343,1.435,0.457,0.309,0.437,0.355,0.563,0.316,0.426,0.297,0.683,0.119,1.489,2.62,1.186,0.39,1.16,0.648,0.57,,0.836,0.789,1.278,0.793,0.547,1.058,1.164,,0.735,,0.574,0.538,0.768,1.22,0.962,0.861,0.692,1.018,0.906,0.653,0.633,1.323,2.093,0.62,0.963,,0.647,0.641,0.473,0.729,0.645,0.749,0.913,0.693,1.005,,,0.043,0.416,0.445,0.584,0.55,0.355,0.552,1.008,0.758,0.668,0.853,0.981,1.425,0.991,0.575,0.762,0.999,0.736,,0.332,0.797,0.711,0.638,0.35,0.519,0.685,,0.568,0.399,2.15,1.678,,1.901,1.81,0.865,0.39,0.504,1.229,,1.234,0.316,0.341,0.316,0.573,0.939,0.8,0.35,0.282,0.363,0.536,0.466,0.475,,0.495,0.518,0.737,0.449,0.689,0.32,0.585,0.194,,1.719,2.607,1.329,1.982,1.327,1.154,1.499,0.841,0.814,0.747,1.894,0.768,1.877,0.307,2.245,2.847,1.251,1.077,1.678,1.174,1.195,0.691,0.721,1.413,1.317,0.939,0.867,0.433,0.766,1.545,1.026,1.114,0.786,1.482,1.08,0.273,1.142,1.768,,0.608,0.614,0.976,0.944,0.922,0.679,0.637,0.332,0.983,0.406,0.812,1.416,1.156,0.938,0.494,0.794,0.237,0.294,0.319,0.325,0.432,,0.512,0.733,0.804,0.755,0.567,0.654,0.887,,0.738,0.538,,1.009,0.624,1.054,1.395,1.435,0.888,1.123,1.43,1.881,0.61,0.822,0.554,0.794,0.652,0.486,0.309,0.706,0.502,0.886,0.841,0.898,0.876,,0.595,0.843,0.799,0.56,0.591,0.426,1.274,0.752,,0.446,0.929,1.467,0.635,0.541,0.922,0.435,1.517,0.264,0.989,0.407,1.007,3.074,1.673,1.577,1.278,0.164,1.204,1.371,0.969,0.939,1.405,1.29,0.723,0.751,1.196,0.911,0.841,0.806,0.782,0.826,0.776,0.954,1.542,0.595,1.667,0.986,0.654,0.703,0.496,1.534,0.568,0.582,0.736,0.649,0.824,0.621,1.421,1.091,1.496,0.87,1.202,,1.136,0.953,0.695,0.684,0.672,0.648,0.989,0.652,1.289,1.005,1.325,1.643,2.248,0.75,0.471,0.409,0.386,0.582,0.65,0.745,0.615,0.225,0.647,0.877,1.008,0.9,0.519,0.645,1.732,1.506,1.561,0.888,0.74,1.4,0.918,0.641,,0.703,0.892,0.661,0.796,,0.464,0.629,0.709,0.59,0.735,1.344,1.11,2.022,1.024,1.45,0.689,1.282,0.949,0.98,0.475,0.583,0.741,0.518,1.087,1.383,1.295,0.67,0.351,0.508,0.511,1.065,1.028,1.789,0.787,0.567,0.751,0.914,0.796,0.684,0.736,0.663,0.395,0.436,0.852,1.061,0.981,0.913,1.043,1.207,0.623,0.84,0.776,0.589,0.725,0.125,0.298,0.151,0.442,0.388,0.77,1.16,0.84,1.185,0.975,0.556,0.553,0.769,0.885,0.904,1.269,0.446,0.855,1.174,1.771,,0.787,1.341,0.716,1.198,0.08,0.214,0.38,2.429,0.969,0.905,,1.093,0.903,0.551,1.402,1.055,0.881,1.133,1.091,1.275,1.661,0.954,1.108,0.856,0.549,1.15,1.062,0.666,0.853,0.956,,1.083,0.866,1.178,1.115,0.503,0.185,0.724,0.728,1.508,0.7,0.788,0.92,0.367,0.183,0.385,0.37,0.468,0.59,0.598,0.706,0.281,0.341,0.387,,0.258,0.395,0.663,,0.384,0.394,0.62,0.541,0.551,0.406,,2.044,0.927,0.256,0.07,0.763,0.736,0.775,0.358,0.308,0.415,0.327,0.368,,0.694,0.074,0.88,0.411,1.459,0.577,0.408,0.658,0.933,0.358,0.515,1.393,0.552,0.508,0.625,0.548,0.412,0.443,0.416,0.736,0.396,0.503,0.713,0.515,0.467,,0.67,0.164,0.777,0.335,0.321,1.068,0.118,0.389,0.716,0.393,0.462,1.144,0.652,0.75,0.829,0.472,0.682,0.233,0.732,1.588,1.327,0.573,0.595,1.372,0.86,0.107,0.081,0.805,,1.795,1.433,0.856,0.738,0.305,0.329,,1.881,0.584,0.322,0.283,0.55,1.529,1.117,0.943,0.748,1.127,0.377,0.945,1.021,0.253,1.113,1.343,0.874,0.72,0.293,0.382,0.417,0.637,0.491,0.845,0.982,0.732,0.326,0.577,1.152,0.795,0.285,0.291,0.659,0.416,0.624,0.578,,,0.934,1.275,0.746,0.928,0.579,0.33,0.405,0.559,1.23,0.244,0.636,0.301,0.982,0.354,0.71,0.353,0.17,0.674,0.217,1.216,0.735,0.403,0.415,0.584,0.65,1.494,0.937,0.415,0.466,0.626,1.533,1.944,2.444,1.094,0.317,0.465,1.041,0.773,0.842,0.455,0.857,0.312,0.73,1.092,0.594,1.45,0.752,0.731,0.894
