date,hour,type,1001A,1002A,1003A,1004A,1005A,1006A,1007A,1008A,1009A,1010A,1011A,1012A,1013A,1014A,1015A,1016A,1017A,1018A,1019A,1020A,1021A,1023A,1024A,1025A,1026A,1027A,1028A,1029A,1030A,1031A,1032A,1033A,1034A,1035A,1036A,1037A,1038A,1039A,1040A,1041A,1042A,1043A,1044A,1045A,1046A,1047A,1048A,1049A,1050A,1051A,1052A,1053A,1054A,1055A,1056A,1057A,1058A,1059A,1060A,1061A,1062A,1063A,1064A,1065A,1066A,1067A,1068A,1069A,1070A,1071A,1072A,1073A,1074A,1075A,1076A,1077A,1078A,1079A,1080A,1081A,1082A,1083A,1084A,1085A,1086A,1087A,1088A,1089A,1090A,1091A,1092A,1093A,1094A,1095A,1096A,1097A,1098A,1099A,1100A,1101A,1102A,1103A,1104A,1105A,1106A,1107A,1108A,1109A,1110A,1111A,1112A,1113A,1114A,1115A,1116A,1117A,1118A,1119A,1120A,1121A,1122A,1123A,1124A,1125A,1126A,1127A,1128A,1129A,1130A,1131A,1132A,1133A,1134A,1135A,1136A,1137A,1138A,1139A,1140A,1142A,1143A,1144A,1145A,1146A,1147A,1148A,1149A,1150A,1151A,1152A,1153A,1154A,1155A,1156A,1157A,1158A,1159A,1160A,1161A,1162A,1163A,1164A,1165A,1166A,1167A,1168A,1169A,1170A,1171A,1172A,1173A,1174A,1175A,1176A,1177A,1178A,1179A,1180A,1181A,1182A,1183A,1184A,1185A,1186A,1187A,1188A,1189A,1190A,1191A,1192A,1193A,1194A,1195A,1196A,1197A,1198A,1199A,1200A,1201A,1202A,1203A,1204A,1205A,1206A,1207A,1208A,1209A,1210A,1211A,1212A,1213A,1214A,1215A,1216A,1217A,1218A,1219A,1220A,1221A,1222A,1223A,1224A,1225A,1226A,1227A,1228A,1229A,1230A,1231A,1232A,1233A,1234A,1235A,1236A,1237A,1238A,1239A,1240A,1241A,1242A,1243A,1244A,1245A,1246A,1247A,1248A,1249A,1250A,1251A,1252A,1253A,1254A,1255A,1256A,1257A,1258A,1259A,1260A,1261A,1262A,1263A,1264A,1265A,1266A,1267A,1268A,1269A,1270A,1271A,1272A,1273A,1274A,1275A,1276A,1277A,1278A,1279A,1280A,1281A,1282A,1283A,1284A,1285A,1286A,1287A,1288A,1290A,1291A,1292A,1293A,1294A,1295A,1296A,1297A,1298A,1299A,1300A,1301A,1302A,1303A,1304A,1305A,1306A,1307A,1308A,1309A,1310A,1311A,1312A,1313A,1314A,1315A,1316A,1317A,1318A,1319A,1320A,1321A,1322A,1323A,1324A,1325A,1326A,1327A,1328A,1329A,1330A,1331A,1332A,1333A,1334A,1335A,1336A,1337A,1338A,1339A,1340A,1341A,1342A,1343A,1344A,1345A,1346A,1347A,1348A,1349A,1350A,1351A,1352A,1353A,1354A,1355A,1356A,1357A,1358A,1359A,1360A,1361A,1362A,1363A,1364A,1365A,1366A,1367A,1368A,1369A,1370A,1371A,1372A,1373A,1374A,1375A,1376A,1377A,1378A,1379A,1380A,1381A,1382A,1383A,1384A,1385A,1386A,1387A,1388A,1389A,1390A,1391A,1392A,1393A,1394A,1395A,1396A,1397A,1398A,1399A,1400A,1401A,1402A,1403A,1404A,1405A,1406A,1407A,1408A,1409A,1410A,1411A,1412A,1413A,1414A,1415A,1416A,1417A,1418A,1419A,1420A,1421A,1422A,1423A,1424A,1425A,1426A,1427A,1428A,1429A,1430A,1431A,1432A,1433A,1434A,1435A,1436A,1437A,1438A,1439A,1440A,1441A,1442A,1443A,1444A,1445A,1446A,1447A,1449A,1450A,1451A,1452A,1453A,1454A,1455A,1456A,1457A,1458A,1459A,1460A,1461A,1462A,1463A,1464A,1465A,1466A,1467A,1468A,1469A,1470A,1471A,1472A,1473A,1474A,1475A,1476A,1477A,1478A,1479A,1480A,1481A,1482A,1483A,1484A,1485A,1486A,1487A,1488A,1489A,1490A,1491A,1492A,1493A,1494A,1495A,1496A,1508A,1511A,1512A,1513A,1514A,1515A,1518A,1519A,1520A,1524A,1552A,1559A,1562A,1564A,1585A,1586A,1587A,1588A,1589A,1590A,1591A,1592A,1593A,1594A,1595A,1596A,1597A,1598A,1599A,1600A,1601A,1602A,1603A,1604A,1605A,1606A,1607A,1608A,1609A,1610A,1611A,1612A,1613A,1614A,1615A,1616A,1617A,1618A,1619A,1620A,1621A,1622A,1623A,1624A,1625A,1626A,1627A,1628A,1629A,1630A,1631A,1632A,1633A,1634A,1635A,1636A,1637A,1638A,1639A,1640A,1641A,1642A,1643A,1644A,1645A,1646A,1647A,1648A,1649A,1650A,1651A,1652A,1653A,1654A,1655A,1656A,1657A,1658A,1659A,1660A,1661A,1662A,1663A,1664A,1665A,1666A,1667A,1668A,1669A,1670A,1671A,1672A,1673A,1674A,1675A,1676A,1677A,1678A,1679A,1680A,1681A,1682A,1683A,1684A,1685A,1686A,1687A,1688A,1689A,1690A,1691A,1692A,1693A,1694A,1695A,1696A,1697A,1698A,1699A,1700A,1701A,1702A,1703A,1704A,1705A,1706A,1707A,1708A,1709A,1710A,1711A,1712A,1713A,1714A,1715A,1716A,1717A,1718A,1719A,1720A,1721A,1722A,1723A,1724A,1725A,1726A,1727A,1728A,1729A,1730A,1731A,1732A,1733A,1734A,1735A,1736A,1737A,1738A,1739A,1740A,1741A,1742A,1743A,1744A,1745A,1746A,1747A,1748A,1749A,1750A,1751A,1752A,1753A,1754A,1755A,1756A,1757A,1758A,1759A,1760A,1761A,1762A,1763A,1764A,1765A,1766A,1767A,1768A,1769A,1770A,1771A,1772A,1773A,1774A,1775A,1776A,1777A,1778A,1779A,1780A,1781A,1782A,1783A,1784A,1785A,1786A,1787A,1788A,1789A,1790A,1791A,1792A,1793A,1794A,1795A,1796A,1797A,1798A,1799A,1800A,1801A,1802A,1803A,1804A,1805A,1806A,1807A,1808A,1809A,1810A,1811A,1812A,1813A,1814A,1815A,1816A,1817A,1818A,1819A,1820A,1821A,1822A,1823A,1824A,1825A,1826A,1827A,1828A,1829A,1830A,1831A,1832A,1833A,1834A,1835A,1836A,1837A,1838A,1839A,1840A,1841A,1842A,1843A,1844A,1845A,1846A,1847A,1848A,1849A,1850A,1851A,1852A,1853A,1854A,1855A,1856A,1857A,1858A,1859A,1860A,1861A,1862A,1863A,1864A,1865A,1866A,1867A,1868A,1869A,1870A,1871A,1872A,1873A,1874A,1875A,1876A,1877A,1878A,1879A,1880A,1881A,1882A,1883A,1884A,1885A,1886A,1887A,1888A,1889A,1890A,1891A,1893A,1894A,1895A,1896A,1897A,1898A,1899A,1900A,1901A,1902A,1903A,1904A,1905A,1906A,1907A,1908A,1909A,1910A,1911A,1912A,1913A,1914A,1915A,1916A,1917A,1918A,1919A,1920A,1921A,1922A,1923A,1924A,1925A,1926A,1927A,1928A,1929A,1930A,1931A,1932A,1933A,1934A,1935A,1936A,1937A,1938A,1939A,1940A,1941A,1942A,1943A,1944A,1945A,1946A,1947A,1948A,1949A,1950A,1951A,1952A,1953A,1954A,1955A,1956A,1957A,1958A,1959A,1960A,1961A,1962A,1963A,1964A,1965A,1966A,1967A,1968A,1969A,1970A,1971A,1972A,1973A,1974A,1975A,1976A,1977A,1978A,1979A,1980A,1981A,1982A,1983A,1984A,1985A,1986A,1987A,1988A,1989A,1990A,1991A,1992A,1993A,1994A,1995A,1996A,1997A,1998A,1999A,2000A,2001A,2002A,2003A,2004A,2005A,2006A,2007A,2008A,2009A,2010A,2011A,2012A,2013A,2014A,2015A,2016A,2017A,2018A,2019A,2031A,2054A,2064A,2065A,2066A,2067A,2068A,2069A,2070A,2073A,2074A,2075A,2160A,2161A,2162A,2163A,2164A,2165A,2166A,2167A,2168A,2169A,2170A,2171A,2172A,2173A,2174A,2175A,2176A,2177A,2178A,2179A,2180A,2181A,2182A,2183A,2184A,2185A,2186A,2187A,2188A,2189A,2190A,2191A,2192A,2193A,2194A,2195A,2196A,2197A,2198A,2199A,2200A,2201A,2202A,2203A,2204A,2205A,2206A,2207A,2208A,2209A,2210A,2211A,2212A,2213A,2214A,2215A,2216A,2217A,2218A,2219A,2220A,2221A,2222A,2223A,2224A,2225A,2226A,2227A,2228A,2229A,2230A,2231A,2232A,2233A,2234A,2235A,2236A,2237A,2238A,2239A,2240A,2241A,2242A,2243A,2244A,2245A,2246A,2247A,2248A,2249A,2250A,2251A,2252A,2253A,2254A,2255A,2256A,2257A,2258A,2259A,2260A,2261A,2262A,2263A,2264A,2265A,2266A,2267A,2268A,2269A,2270A,2271A,2272A,2273A,2274A,2275A,2276A,2277A,2278A,2279A,2280A,2281A,2282A,2283A,2284A,2285A,2286A,2287A,2288A,2289A,2290A,2291A,2292A,2293A,2294A,2295A,2296A,2297A,2298A,2299A,2300A,2301A,2302A,2303A,2304A,2305A,2306A,2307A,2308A,2309A,2310A,2311A,2312A,2313A,2314A,2315A,2316A,2317A,2318A,2319A,2320A,2321A,2322A,2323A,2324A,2325A,2326A,2327A,2331A,2332A,2333A,2334A,2335A,2336A,2337A,2338A,2339A,2340A,2341A,2342A,2343A,2344A,2345A,2346A,2347A,2348A,2349A,2350A,2351A,2352A,2353A,2354A,2355A,2356A,2357A,2358A,2359A,2360A,2361A,2362A,2363A,2364A,2365A,2366A,2367A,2368A,2369A,2370A,2371A,2372A,2373A,2374A,2375A,2376A,2377A,2378A,2379A,2380A,2381A,2382A,2383A,2384A,2385A,2386A,2387A,2388A,2389A,2390A,2391A,2392A,2393A,2394A,2395A,2396A,2397A,2398A,2399A,2400A,2401A,2402A,2403A,2404A,2405A,2406A,2407A,2408A,2409A,2410A,2411A,2420A,2421A,2422A,2423A,2424A,2425A,2426A,2427A,2428A,2429A,2430A,2431A,2432A,2433A,2434A,2435A,2436A,2437A,2438A,2439A,2440A,2441A,2442A,2443A,2444A,2445A,2446A,2447A,2448A,2449A,2450A,2451A,2452A,2453A,2454A,2455A,2456A,2457A,2458A,2459A,2460A,2461A,2462A,2463A,2464A,2465A,2466A,2467A,2468A,2469A,2470A,2471A,2472A,2473A,2474A,2475A,2476A,2477A,2478A,2479A,2480A,2481A,2482A,2483A,2484A,2485A,2486A,2487A,2488A,2489A,2490A,2491A,2492A,2493A,2494A,2495A,2496A,2497A,2498A,2499A,2500A,2501A,2502A,2503A,2504A,2505A,2506A,2507A,2508A,2509A,2510A,2511A,2512A,2513A,2514A,2515A,2516A,2517A,2518A,2519A,2520A,2521A,2522A,2523A,2524A,2525A,2526A,2527A,2528A,2529A,2530A,2531A,2532A,2533A,2534A,2535A,2536A,2537A,2538A,2539A,2540A,2541A,2542A,2543A,2544A,2545A,2546A,2547A,2548A,2549A,2550A,2551A,2552A,2553A,2554A,2555A,2556A,2557A,2558A,2559A,2560A,2561A,2562A,2563A,2564A,2565A,2566A,2567A,2568A,2569A,2570A,2571A,2572A,2573A,2574A,2575A,2576A,2577A,2578A,2579A,2580A,2581A,2582A,2583A,2584A,2585A,2586A,2587A,2588A,2589A,2590A,2591A,2592A,2593A,2594A,2595A,2596A,2597A,2598A,2599A,2600A,2601A,2602A,2603A,2604A,2605A,2606A,2607A,2608A,2609A,2610A,2611A,2612A,2613A,2614A,2615A,2616A,2617A,2618A,2619A,2620A,2621A,2622A,2623A,2624A,2625A,2626A,2627A,2628A,2629A,2630A,2631A,2632A,2633A,2634A,2635A,2636A,2637A,2638A,2639A,2640A,2641A,2642A,2643A,2644A,2645A,2646A,2647A,2648A,2649A,2650A,2651A,2652A,2653A,2654A,2655A,2656A,2657A,2658A,2659A,2660A,2661A,2662A,2663A,2664A,2665A,2666A,2667A,2668A,2669A,2670A,2671A,2672A,2673A,2674A,2675A,2676A,2677A,2678A,2679A,2680A,2681A,2682A,2683A,2684A,2685A,2686A,2687A,2688A,2689A,2690A,2691A,2692A,2693A,2694A,2695A,2696A,2697A,2698A,2699A,2700A,2701A,2702A,2703A,2704A,2705A,2706A,2707A,2708A,2709A,2710A,2711A,2835A,2842A,2845A,2846A
20160203,0,AQI,85,25,35,87,38,40,50,36,65,20,38,124,,134,137,98,90,90,163,,85,75,85,145,73,148,,137,230,166,142,214,97,64,90,166,103,85,114,94,75,103,97,109,92,235,190,226,239,223,282,233,262,259,396,53,47,49,55,49,89,113,64,58,52,100,135,142,122,156,248,135,229,261,223,,124,225,192,107,,51,170,169,77,85,105,118,122,143,144,165,124,128,74,99,140,135,218,,229,256,,236,231,,245,63,77,82,72,57,63,95,36,100,39,120,123,115,186,134,105,137,233,198,130,128,138,193,,256,179,210,239,122,186,110,196,113,80,135,83,192,95,88,95,93,186,173,179,182,196,173,148,189,147,179,202,172,195,192,166,198,182,123,72,104,54,160,77,82,84,73,112,158,129,162,148,148,152,179,166,215,155,155,192,180,158,216,205,170,216,201,205,190,198,193,201,,153,156,201,200,162,216,234,175,224,152,205,140,86,70,78,58,229,227,214,218,108,79,58,109,90,117,114,109,125,120,70,107,130,132,112,,103,120,125,84,100,92,89,104,104,67,,98,,183,124,,87,105,95,105,118,114,112,78,88,,,100,79,100,80,133,69,128,113,143,175,139,117,138,127,27,29,22,29,25,26,43,40,33,132,90,77,134,109,130,45,130,117,165,200,147,162,159,,147,166,73,108,85,87,100,110,115,122,92,114,108,110,128,113,114,135,110,80,124,153,166,155,147,160,173,135,169,110,176,150,192,142,172,199,190,169,140,117,55,55,,52,49,50,55,50,54,53,46,39,42,43,52,26,43,50,26,32,32,50,40,46,40,58,46,53,46,53,64,42,58,72,41,42,50,39,43,57,40,20,62,60,46,36,49,50,46,55,38,32,33,58,30,,113,114,108,108,109,95,113,118,19,29,36,42,40,78,127,102,82,105,107,79,83,93,115,123,82,,90,90,112,87,82,87,79,77,75,,80,123,98,95,82,94,102,68,100,90,92,112,68,46,100,98,138,118,249,293,123,74,88,75,113,93,89,103,138,112,166,98,218,82,162,108,82,108,139,103,93,109,79,112,122,130,37,114,107,133,118,124,,323,422,296,459,209,369,165,166,168,163,,203,241,123,198,218,64,98,182,129,94,107,118,75,119,242,71,76,31,45,74,172,206,92,84,163,77,87,199,88,57,41,27,82,74,149,30,29,28,23,210,170,148,203,216,190,189,,272,300,205,,199,140,193,180,185,129,183,,160,201,247,207,318,419,231,79,53,,88,105,80,221,,190,,155,195,198,163,194,,357,221,142,,103,64,70,93,75,92,,58,59,65,60,67,31,43,35,29,37,30,39,36,39,49,38,38,54,43,50,40,53,29,,35,22,23,60,60,64,29,,29,69,50,75,18,20,22,32,25,36,30,39,30,40,57,54,55,220,180,199,134,80,75,77,112,103,162,224,,236,327,239,364,244,129,175,236,60,89,114,132,92,55,55,36,57,214,145,162,153,246,210,138,55,130,137,105,147,78,163,107,165,118,147,63,137,160,104,212,99,82,140,72,137,85,79,,74,58,64,52,52,73,165,158,199,243,85,109,59,62,69,50,102,138,93,115,128,127,109,118,128,99,69,127,85,93,68,195,28,128,94,124,153,170,107,169,176,175,125,180,221,90,86,124,114,72,53,179,63,109,110,110,117,63,92,95,75,173,153,212,247,188,119,135,119,128,149,132,147,59,108,109,114,183,148,132,218,153,64,73,115,112,134,112,,98,100,114,82,90,109,,103,92,18,18,69,93,97,77,192,156,180,155,144,147,80,82,64,83,152,120,113,115,144,156,145,142,63,89,103,78,104,142,125,127,148,147,92,72,74,,93,83,82,133,120,106,150,120,175,104,114,63,77,80,147,186,137,160,217,163,28,218,232,93,94,102,68,67,65,113,91,,107,103,153,127,93,138,162,180,115,128,126,117,168,,123,110,241,93,166,148,92,90,239,202,163,99,75,56,152,180,97,179,119,92,129,142,134,81,175,183,168,122,196,,168,206,190,,90,94,147,,186,190,200,139,153,160,173,117,119,,62,99,77,86,74,105,130,,,68,82,113,130,105,125,155,129,130,120,100,54,58,60,90,96,106,104,102,60,206,179,277,208,80,95,,99,117,199,212,,248,160,139,65,162,69,,99,272,188,,56,78,55,36,37,217,69,120,48,70,46,53,27,26,21,113,120,69,249,87,68,87,185,107,199,120,123,144,108,128,135,168,84,107,65,143,112,135,207,220,125,140,125,103,50,54,51,55,57,95,40,30,59,84,51,29,113,90,23,68,50,63,52,69,75,17,71,62,57,77,52,54,132,75,46,103,34,127,99,144,46,144,102,198,204,190,220,,225,158,140,64,93,109,144,118,78,85,83,106,94,102,169,145,109,110,99,94,72,258,213,253,130,,92,124,135,138,75,62,59,79,103,78,84,92,82,79,69,108,35,29,23,30,16,35,39,60,30,20,33,25,48,23,19,24,29,20,48,45,63,100,93,105,92,128,180,156,170,166,133,110,110,115,108,60,102,117,117,110,77,103,92,60,112,90,103,87,88,124,150,97,119,129,,88,97,80,92,69,83,89,87,143,90,97,180,245,129,135,135,178,153,192,78,94,138,118,108,115,114,123,,140,139,125,182,144,156,102,134,94,97,114,113,137,98,120,44,88,78,68,105,127,124,100,186,179,196,128,102,135,94,130,129,169,183,139,140,137,119,95,79,65,98,97,132,152,129,120,138,132,140,165,168,165,138,153,104,93,138,129,124,94,159,118,113,93,80,73,84,95,67,114,122,99,115,68,124,83,105,127,70,102,124,62,46,64,62,93,87,83,103,98,123,78,70,89,88,44,63,73,89,241,82,,95,144,120,66,53,90,95,103,119,165,185,117,100,88,102,87,120,87,85,160,199,165,150,89,93,78,78,65,78,92,,84,119,122,127,125,112,163,128,185,137,83,128,166,88,65,75,104,114,112,33,80,42,100,,58,69,118,107,113,60,83,75,84,129,88,105,105,97,64,69,78,80,40,47,82,,68,63,43,90,54,24,49,27,62,58,100,77,42,40,28,43,52,69,46,79,73,70,60,89,88,45,58,22,19,99,28,52,100,104,72,35,255,27,19,27,25,129,232,188,232,71,120,147,95,104,148,140,94,58,85,69,40,63,52,95,66,108,133,1,129,153,160,87,135,87,57,103,74,,179,114,69,82,43,127,59,85,74,62,195,137,170,84,162,143,72,96,77,107,128,64,58,27,195,428,84,99,92,105,97,189,229,244,122,156,122,109,133,43,28,49,128,213,384,67,38,56,53
20160203,0,PM2.5,63,10,21,64,21,21,35,25,47,12,26,94,,102,104,73,67,67,124,,63,55,59,111,29,113,,104,180,126,108,164,72,38,64,126,77,63,86,70,55,77,72,82,56,185,143,176,189,173,232,183,212,209,346,37,24,24,39,34,66,85,45,30,27,70,103,108,92,119,198,103,179,211,173,,94,175,144,80,,35,129,128,56,63,79,89,92,109,110,125,94,97,54,74,107,103,168,,179,206,,186,181,,195,45,56,60,52,34,45,71,25,75,20,91,93,87,140,102,79,104,183,148,99,97,105,145,,206,135,160,189,92,140,83,147,85,59,103,61,144,71,65,71,69,140,131,135,137,147,131,113,142,112,135,152,130,146,144,126,148,137,93,52,78,38,122,53,58,62,52,84,120,98,123,113,113,116,135,126,165,118,118,144,136,120,166,155,129,166,151,155,143,148,145,151,,117,119,151,150,123,166,184,132,174,116,155,107,51,41,57,38,179,177,164,168,81,58,41,82,67,88,86,82,95,91,51,80,99,100,84,,77,91,95,62,75,68,66,78,78,47,,73,,138,94,,64,79,71,79,89,86,84,57,65,,,75,58,75,59,101,50,97,85,109,132,106,88,105,96,18,20,15,20,17,15,30,28,20,100,67,56,102,82,99,31,99,88,125,150,112,123,121,,112,126,53,81,63,64,75,83,87,92,68,86,81,83,97,85,86,103,83,59,94,117,126,118,112,122,131,103,128,83,133,115,144,108,130,149,143,128,107,88,39,39,,36,34,35,39,35,38,37,32,27,29,30,36,13,30,35,18,22,22,35,27,30,28,33,32,37,32,37,46,29,41,52,22,29,35,22,21,40,15,5,44,43,32,25,34,35,32,39,25,22,23,41,19,,85,86,81,81,82,71,85,89,8,20,23,25,28,57,96,76,60,79,80,58,61,69,87,93,60,,67,67,84,64,60,64,58,56,55,,59,93,73,71,60,70,76,49,75,67,68,84,49,29,75,73,105,75,188,188,90,44,61,41,85,68,66,77,105,79,126,62,168,54,123,,52,81,106,77,69,82,58,84,92,99,24,86,80,101,89,94,,273,383,246,320,159,319,125,126,127,124,,153,191,93,148,168,46,73,137,98,70,80,89,43,90,192,50,49,21,31,54,130,156,68,62,124,56,64,149,65,40,27,15,60,54,114,21,20,19,16,160,129,113,153,166,143,142,,222,250,155,,149,107,145,136,139,87,138,,122,151,197,157,268,273,181,58,34,,65,79,59,171,,143,,118,146,148,124,143,,275,171,108,,77,46,51,69,55,68,,41,42,47,43,48,18,19,24,19,21,20,27,25,27,34,26,26,30,30,35,28,37,13,,24,15,16,43,43,46,20,,20,50,35,55,12,12,15,22,17,25,21,27,21,28,40,38,39,170,136,149,99,59,47,56,84,77,123,174,,186,277,189,314,194,98,132,186,43,44,83,100,58,27,21,21,17,164,111,123,117,196,160,105,39,99,96,79,112,55,124,80,125,89,112,45,104,122,78,162,74,60,107,52,104,63,58,,54,41,46,29,36,53,125,120,149,193,63,82,42,44,50,32,76,105,69,87,97,96,82,89,97,74,50,96,63,69,49,146,8,97,70,94,117,129,80,128,133,132,90,136,171,67,58,94,86,52,37,135,45,82,83,83,88,44,68,71,55,131,117,162,197,141,90,103,90,97,114,100,112,40,81,82,86,138,113,100,168,117,46,53,87,84,102,84,,73,75,86,60,67,82,,77,68,11,10,50,69,72,56,144,119,136,118,110,112,59,56,45,61,116,91,85,87,110,119,111,108,45,66,77,57,78,108,95,96,113,112,68,52,54,,69,61,60,101,17,36,115,91,132,78,86,45,56,51,112,140,104,120,167,124,,168,182,69,70,76,49,47,47,73,36,,80,77,75,96,37,105,123,136,87,84,76,58,127,,93,83,191,69,126,113,68,67,189,152,124,74,55,27,116,136,72,135,90,68,98,108,102,23,132,138,127,92,147,,127,156,143,,57,58,112,,140,143,150,106,117,122,131,88,90,,44,74,56,60,50,79,99,,,49,60,68,99,79,95,118,98,99,91,75,35,29,43,44,43,67,42,76,39,156,135,227,158,59,71,,74,88,149,162,,198,122,106,47,123,42,,54,222,141,,31,57,39,25,24,167,,91,33,51,32,37,16,18,11,85,91,50,199,64,49,64,139,80,149,91,93,110,81,97,103,127,62,80,47,109,84,103,157,170,95,107,95,77,29,37,30,39,39,71,28,20,42,62,35,20,46,67,16,49,35,45,33,50,55,10,40,35,40,56,32,38,100,55,32,77,,96,74,110,32,110,3,148,154,143,170,,175,120,107,45,69,82,110,89,57,63,61,62,70,76,128,111,82,83,74,70,52,208,163,203,99,,68,94,103,105,55,42,42,58,77,57,62,68,60,58,50,81,21,20,16,21,11,24,27,43,21,7,23,17,27,16,13,16,20,14,33,31,45,75,69,79,68,97,136,119,129,126,101,81,83,87,81,43,76,88,88,83,56,77,68,35,84,67,77,64,65,94,115,72,90,98,,64,72,49,41,50,61,66,64,109,67,72,136,195,98,103,103,121,117,144,48,70,105,89,81,87,86,93,,107,99,95,137,110,119,76,102,70,72,86,85,104,73,91,28,65,57,49,79,96,94,75,140,135,147,97,76,103,70,99,98,128,138,106,107,104,90,71,58,47,73,72,100,116,98,91,105,100,107,125,127,125,105,117,78,69,105,98,94,,121,89,85,69,59,51,62,71,35,86,92,74,87,49,94,61,79,96,51,76,94,44,32,46,44,69,64,61,77,73,93,57,51,66,65,21,39,53,66,191,60,,71,110,91,28,34,67,71,77,90,125,139,88,75,65,76,64,91,64,63,122,149,125,115,66,69,57,57,47,57,68,,62,90,92,96,95,84,124,97,139,104,61,97,126,65,47,55,78,86,84,23,59,29,75,,41,50,89,80,85,43,61,55,62,66,65,79,79,72,46,45,57,59,28,30,60,,49,37,30,67,38,15,34,13,44,41,75,56,29,28,19,30,28,50,32,39,53,51,43,64,65,31,41,15,13,74,19,19,31,38,42,,205,14,13,7,8,98,182,141,182,40,91,112,71,78,113,107,70,41,63,48,28,45,36,52,31,80,101,,98,117,80,64,103,64,20,77,54,,135,86,41,24,30,96,42,63,54,35,146,104,129,,123,109,52,67,56,80,97,34,30,9,142,381,54,74,68,65,38,142,179,194,70,119,92,82,101,18,5,34,97,163,334,48,26,35,37
20160203,0,PM2.5_24h,35,10,28,32,26,29,33,28,27,15,25,43,,39,38,26,26,32,37,,28,25,54,28,27,64,,47,57,51,50,59,49,21,46,63,39,44,54,53,36,65,45,38,37,114,130,169,105,134,166,127,147,152,185,20,17,15,21,22,36,43,29,36,17,32,24,34,28,92,117,71,118,139,132,,80,111,78,55,,25,64,69,35,38,46,65,62,58,61,100,74,40,62,43,87,115,91,,119,155,,128,96,,119,69,60,45,54,36,41,44,43,57,27,87,92,78,89,83,62,88,97,93,83,86,93,112,,141,115,134,145,91,104,88,126,95,92,96,76,101,90,76,85,83,115,104,118,109,125,112,98,113,106,110,114,91,114,102,95,113,103,99,91,103,95,100,70,77,76,73,117,122,123,120,133,122,112,85,101,108,83,100,99,130,103,120,105,101,117,109,114,120,111,120,122,,112,115,124,123,92,112,148,110,125,104,109,103,96,79,108,58,135,133,123,113,87,72,56,89,83,91,94,93,88,91,63,51,78,57,67,,66,66,73,60,67,58,60,76,83,61,,83,,97,85,,63,70,65,85,53,52,93,78,75,,,65,65,82,63,98,93,102,101,114,123,123,97,114,104,19,20,19,26,19,19,14,20,17,99,77,64,99,84,98,65,88,88,96,111,75,89,91,,84,84,41,80,70,59,72,78,73,73,70,74,76,74,64,86,73,66,65,55,111,115,119,111,116,121,121,107,116,94,117,100,120,114,111,128,122,122,113,118,23,20,,18,19,18,23,18,24,19,15,19,18,18,23,6,18,14,10,11,11,19,16,19,16,19,16,21,17,23,25,14,17,21,16,15,19,10,11,22,8,6,20,19,17,14,15,16,16,18,11,11,17,21,11,,59,62,59,59,55,54,59,63,4,15,16,16,20,42,62,51,47,56,54,36,46,55,51,54,47,,51,41,52,47,110,90,89,85,88,,89,87,80,83,66,83,76,71,84,74,76,43,28,15,38,40,49,34,42,40,24,21,30,21,70,40,72,59,45,58,75,64,103,46,87,,35,88,97,46,69,81,60,83,99,99,61,63,72,96,58,74,,196,308,218,191,221,266,111,116,113,118,,139,151,120,141,155,50,121,128,108,41,58,56,40,53,53,26,27,11,17,26,74,68,61,51,90,74,76,94,65,58,40,65,70,58,80,23,20,23,18,125,104,87,93,110,103,94,,160,159,140,,135,109,130,127,117,88,92,,116,119,160,190,176,175,150,55,48,,20,60,58,100,,87,,94,150,150,125,92,,137,95,70,,36,43,35,100,78,94,,26,23,30,26,30,12,15,17,18,16,14,19,16,19,21,20,15,15,16,17,13,15,9,,11,7,8,25,24,25,13,,14,22,15,19,7,7,8,13,13,11,14,16,13,17,22,24,26,168,153,160,30,45,38,43,51,69,96,100,,89,124,85,182,85,44,67,85,34,25,54,77,32,16,82,32,21,120,62,70,83,85,92,77,41,81,71,77,93,43,107,99,104,112,112,87,88,96,65,115,83,97,64,46,82,75,58,,39,39,38,39,42,72,82,72,101,119,63,82,68,36,32,37,78,103,81,104,99,94,110,87,103,92,61,101,81,90,94,106,17,65,49,44,75,68,47,51,126,106,82,101,122,115,120,114,106,60,45,99,62,104,93,88,73,39,40,50,37,110,117,122,111,122,87,92,97,81,80,91,86,33,89,77,93,110,108,93,80,89,56,53,65,67,75,65,,53,57,62,72,75,81,,77,84,8,7,85,98,94,94,108,110,120,105,91,98,37,43,32,47,85,93,70,87,109,114,105,109,74,94,101,96,86,102,96,104,109,106,70,62,72,,67,33,33,94,20,62,160,48,66,57,58,27,37,50,60,88,76,56,91,78,157,108,106,51,45,57,44,58,49,58,52,,78,101,44,55,33,73,91,88,83,72,58,47,113,,67,67,99,64,60,77,58,63,98,71,83,67,64,45,79,76,69,83,47,36,56,43,41,26,101,104,96,88,104,,98,154,105,,86,90,103,,113,109,112,95,118,107,111,95,99,,102,69,61,65,56,75,79,,,61,60,125,94,65,93,99,141,147,128,121,31,20,31,57,56,82,53,75,64,95,76,152,86,48,58,,67,83,100,110,,112,77,55,28,54,27,,48,152,128,,29,41,30,20,19,45,67,41,46,61,24,31,16,10,5,50,59,47,76,33,24,39,65,63,72,72,63,133,83,85,97,80,41,61,38,80,76,74,100,104,94,106,95,86,33,32,53,43,54,58,49,16,33,34,14,17,45,28,20,41,40,48,37,39,61,33,28,25,34,36,19,41,76,37,24,20,,71,77,47,25,100,98,126,132,135,142,,147,147,152,69,75,105,138,116,98,112,95,81,103,102,111,102,83,90,79,85,66,145,124,150,88,,96,112,120,113,58,48,48,60,83,82,51,56,45,70,58,90,20,27,23,26,17,16,17,18,19,7,18,16,18,9,7,9,10,20,25,21,63,76,72,72,73,56,110,105,101,104,79,57,59,90,46,68,66,74,74,71,48,59,64,34,66,68,68,56,62,70,81,71,65,79,,51,68,45,39,37,56,50,48,94,88,83,138,154,125,124,106,124,123,144,43,80,112,122,106,112,109,109,,119,93,97,150,148,156,115,130,88,99,100,100,111,89,104,15,40,49,34,106,95,92,79,114,115,123,75,74,91,63,67,69,93,90,97,97,96,80,103,83,63,63,65,108,106,102,99,107,109,89,96,90,91,86,85,66,75,63,85,75,152,96,85,87,55,52,44,56,64,78,83,75,79,82,55,81,36,69,83,48,76,89,28,23,34,29,48,46,44,60,63,65,64,51,60,75,12,20,27,48,63,41,,65,78,76,32,39,43,45,63,83,80,106,79,75,67,70,82,89,76,75,131,120,118,127,80,96,90,90,41,56,56,,56,85,95,96,93,96,106,73,90,85,72,88,112,57,40,60,68,75,88,15,31,28,41,,29,26,42,48,47,63,78,67,72,68,44,53,55,48,53,51,62,60,24,28,64,,50,51,66,44,28,33,33,23,36,37,62,48,41,44,91,76,104,46,27,30,51,58,52,78,84,29,44,15,17,38,34,31,20,21,25,,87,17,26,6,13,122,116,109,112,26,49,51,48,75,91,77,31,25,73,53,33,41,58,44,33,68,71,43,71,66,54,46,69,42,26,80,41,,91,56,32,21,49,85,39,38,18,22,128,85,109,,91,78,46,51,49,74,74,41,36,11,146,273,40,70,62,67,58,110,136,98,62,105,70,85,106,26,8,22,106,175,255,35,20,75,20
20160203,0,PM10,,12,,,,,50,,,13,32,95,,173,163,103,123,110,,,106,89,119,179,95,135,,185,207,227,145,224,113,78,130,168,103,98,122,92,100,128,95,163,134,287,189,245,343,239,304,222,252,294,423,46,47,49,51,44,,92,77,66,54,149,133,114,112,164,198,204,229,281,214,,160,226,197,124,,51,180,184,92,111,115,140,106,149,124,,121,,86,103,168,134,267,,276,292,,246,314,,266,57,76,69,81,63,69,100,35,102,29,167,137,137,153,108,104,131,230,,152,117,118,146,,234,165,191,204,117,164,89,163,89,,106,77,171,,,,,188,206,207,185,210,229,151,238,185,,165,163,177,176,204,153,164,110,84,115,55,160,103,113,73,95,165,179,193,203,202,192,197,270,257,287,185,151,213,167,147,202,223,164,218,191,176,176,205,190,224,,195,181,,225,232,224,212,175,180,174,281,187,122,89,86,66,202,203,215,211,116,83,45,134,84,144,129,121,177,139,71,114,137,147,117,,99,125,140,78,104,88,87,106,106,83,,84,,146,116,,118,96,,126,116,106,87,81,69,,,122,72,,71,,71,148,115,138,170,,88,,,27,26,18,21,,24,37,40,33,133,100,79,112,,,41,,128,147,218,185,216,176,,169,189,71,114,85,100,96,147,,163,121,143,117,110,123,138,123,110,110,86,,201,188,185,200,125,,195,238,,162,128,144,,148,,,,,,53,49,,,36,,46,48,40,39,,,,32,36,26,34,40,22,32,27,43,40,46,35,66,,40,34,,46,29,,,41,36,42,39,43,42,40,20,,,32,35,36,41,39,45,38,23,31,,30,,,104,105,116,90,90,130,111,12,24,36,42,31,60,106,,63,85,99,67,99,70,126,99,69,,84,75,110,85,79,83,80,73,64,,74,129,,85,87,76,104,69,89,97,104,114,79,46,145,114,177,186,384,415,196,98,126,99,128,136,100,137,143,174,206,145,225,114,198,166,114,149,148,120,97,121,81,122,130,141,37,93,122,130,127,,,368,420,290,559,194,459,182,227,194,172,,196,198,177,198,185,62,96,227,123,105,90,162,99,121,,92,101,31,40,79,206,215,95,85,180,90,93,181,67,51,41,27,107,78,172,23,26,21,21,238,158,195,245,218,248,205,,309,361,206,,222,148,152,197,235,208,261,,223,,257,168,271,519,232,77,55,,86,97,88,202,,202,,185,199,180,240,338,,465,231,172,,90,70,81,112,80,97,,,47,55,48,53,31,43,34,29,37,30,32,,33,,28,29,58,43,48,36,,29,,,19,22,,,,20,,21,,42,,13,20,21,32,19,28,28,36,28,35,49,52,49,219,188,191,217,90,99,67,113,77,171,204,,265,366,274,,,145,192,,,127,177,206,134,59,46,36,63,228,160,208,199,307,243,163,50,158,223,132,141,106,203,103,197,140,165,67,128,122,117,165,98,77,119,87,144,77,76,,68,61,71,53,40,,176,179,174,317,80,83,54,56,53,50,,114,79,158,115,117,112,146,111,109,78,134,,70,61,147,,155,116,184,175,147,86,,167,246,200,189,238,71,122,130,91,75,52,227,60,132,112,101,,76,122,126,76,185,158,,225,186,141,183,134,114,127,127,159,68,86,,131,147,,,294,126,51,56,,94,,100,,,80,,61,91,100,,98,89,14,15,58,86,86,71,167,,149,139,118,132,96,113,78,94,146,126,119,106,142,,,142,71,103,85,82,123,142,140,126,137,154,87,72,55,,,79,79,149,190,161,151,143,151,119,150,76,94,109,175,162,168,270,213,239,,249,234,98,118,95,73,84,70,175,132,,115,114,255,137,136,153,228,191,160,205,201,184,182,,133,121,263,,158,142,103,89,228,189,,89,76,62,144,170,129,182,107,81,114,140,171,111,174,180,176,133,197,,148,201,178,,130,137,,,173,197,191,,,149,161,121,125,,56,107,92,122,98,96,121,,,54,72,175,120,86,147,188,124,123,127,140,58,65,61,130,142,161,157,152,70,184,,290,188,85,106,,84,127,171,228,,281,205,192,53,144,88,,148,336,198,,62,78,40,36,37,207,,153,41,72,34,47,25,23,13,129,99,66,290,110,83,120,161,104,207,104,167,176,120,124,146,134,85,91,,142,97,129,183,191,142,200,125,92,50,57,51,53,63,79,29,30,64,97,52,24,176,87,22,72,45,49,53,79,64,17,91,74,48,72,53,,108,55,38,,34,138,88,146,42,122,154,168,179,158,196,,194,128,,77,84,117,156,107,72,81,77,162,78,114,,155,115,,87,89,76,264,169,229,126,,75,115,117,121,78,74,62,70,85,74,86,,65,97,84,115,35,,17,,15,31,35,,24,12,,,48,16,16,24,22,15,34,38,63,117,99,109,92,124,170,149,169,157,128,170,121,124,100,45,84,104,89,96,71,85,82,69,93,72,82,73,77,131,161,95,105,132,,126,128,110,134,82,87,111,110,145,,87,150,277,144,130,195,306,205,217,105,136,,140,115,135,135,162,,165,228,137,167,128,174,95,160,104,100,100,116,,89,112,44,85,73,67,98,104,,,159,184,197,132,126,111,125,172,155,167,176,140,157,169,142,83,73,80,94,83,,145,,,109,115,112,,134,150,127,,78,88,159,157,127,137,168,162,129,96,78,96,82,109,84,112,178,139,129,79,101,77,103,124,79,107,146,45,34,,45,71,70,64,89,,,,68,,,44,75,70,72,,67,,,165,111,81,56,71,71,132,134,,167,119,92,91,126,85,,71,69,144,176,181,160,,71,70,84,70,93,74,,97,117,113,126,143,115,182,163,228,183,87,153,152,83,78,91,101,130,126,26,62,39,,,48,60,133,98,118,51,88,97,95,,91,86,87,75,71,87,69,86,34,47,79,,68,76,34,90,52,23,,23,49,54,83,73,33,40,21,43,54,,41,108,88,,,127,74,,53,20,,125,,54,149,157,94,,288,27,,10,8,118,190,142,215,92,147,151,123,102,147,130,122,,78,87,34,54,47,140,82,166,155,,116,205,270,81,103,74,63,80,67,,184,171,88,113,41,124,54,117,84,74,,144,,118,,123,76,141,78,138,133,78,65,25,339,528,117,122,124,159,143,217,219,321,193,217,97,92,,43,5,34,159,269,390,76,30,60,45
20160203,0,PM10_24h,,19,,,,,41,,,28,37,55,,83,61,39,48,51,51,,63,55,97,50,62,84,,93,85,100,96,98,74,50,83,95,80,85,84,87,56,100,71,77,88,165,178,213,183,173,215,170,184,206,225,38,39,43,46,35,51,64,50,57,36,56,46,40,39,129,132,136,161,191,161,,125,148,120,64,,37,92,100,63,79,74,102,103,98,89,172,97,68,98,79,133,153,145,,183,212,,172,168,,144,85,81,63,86,72,58,89,58,80,46,157,131,127,115,105,80,119,130,116,134,105,114,129,,172,152,169,182,123,124,107,159,105,105,105,98,115,90,78,97,106,157,148,158,144,221,156,142,167,150,134,142,110,135,123,143,134,120,114,129,139,123,132,116,143,105,112,212,168,203,191,206,188,176,170,167,168,139,124,148,162,136,142,151,136,160,141,144,149,152,158,170,,151,157,140,174,184,164,167,138,167,154,171,159,145,120,140,110,151,167,161,175,114,92,66,118,100,121,122,119,137,124,85,73,108,86,95,,84,85,108,70,81,68,72,104,102,99,,104,,113,105,,106,79,,78,74,61,87,92,80,,,96,78,90,87,118,100,119,106,127,165,147,114,127,105,26,28,27,22,20,30,17,35,26,128,115,97,114,96,72,67,99,123,136,188,124,177,129,,139,146,60,117,104,102,101,139,118,116,118,138,123,120,117,132,118,111,107,86,121,140,151,145,146,145,126,144,156,,131,117,143,116,136,149,116,,142,115,29,30,,21,23,31,27,29,27,25,20,20,22,19,25,15,20,27,13,17,16,24,21,31,21,30,16,26,22,24,27,19,15,16,26,22,24,21,21,26,22,15,15,20,21,23,20,24,23,27,20,22,27,35,20,,57,66,76,76,62,61,74,100,11,21,23,25,25,57,74,68,56,72,68,50,59,63,64,62,52,,64,52,62,56,142,124,114,104,112,,114,129,87,88,92,82,100,88,82,102,114,67,45,31,68,65,74,67,137,114,83,65,89,62,111,82,93,94,88,132,112,131,144,96,160,115,74,163,142,96,110,117,87,123,143,151,88,96,110,147,80,103,,325,386,281,351,290,401,133,199,135,147,,172,167,155,176,163,68,139,200,125,60,79,105,93,74,74,51,46,23,30,54,116,88,88,70,133,108,115,135,85,79,64,118,119,97,140,34,33,31,29,181,156,149,162,166,170,163,,223,235,192,,193,172,165,178,171,148,159,,200,158,204,214,249,256,210,80,82,,32,83,115,156,,129,,154,193,201,200,162,,209,134,118,,54,70,64,139,114,143,,30,30,38,36,32,25,34,33,25,34,30,28,23,29,22,24,20,30,24,25,19,9,19,,14,11,12,22,23,24,18,,24,12,25,21,12,13,15,20,20,23,27,27,19,22,30,41,38,225,211,220,72,70,85,57,96,82,140,146,,129,179,164,236,90,91,107,98,46,60,115,148,83,38,130,53,37,181,98,115,136,140,141,123,56,107,152,132,123,94,161,121,173,178,159,143,105,121,96,152,123,141,80,74,132,77,77,,48,53,60,72,56,69,113,110,142,191,80,86,95,49,75,55,84,109,104,138,113,119,146,117,121,120,110,140,,101,126,113,25,101,71,100,120,101,65,76,147,187,154,165,187,166,184,156,118,91,68,154,105,151,124,116,88,75,75,101,70,151,154,115,133,159,128,146,128,115,92,110,120,197,104,85,121,121,158,93,126,111,63,64,59,62,74,77,,51,61,54,72,94,91,,93,100,16,14,88,129,127,133,129,,136,127,100,115,60,90,54,71,99,116,95,106,129,136,129,146,109,128,117,118,122,123,137,129,126,153,89,65,82,,73,54,68,120,196,134,156,80,82,78,80,49,59,84,104,107,120,163,131,148,,154,118,76,82,82,67,99,83,142,130,,132,147,106,77,91,107,176,128,163,159,153,150,162,,106,106,142,105,92,107,82,95,133,99,119,104,85,73,112,108,111,118,69,51,73,57,66,66,139,129,131,127,138,,112,206,139,158,141,139,113,,156,161,150,105,115,129,138,134,137,,115,115,104,114,96,97,99,,,91,100,154,119,76,150,136,177,163,144,170,44,41,46,154,137,149,157,129,115,107,89,191,119,69,87,,79,120,111,143,,152,133,101,31,65,57,,93,231,185,,68,71,47,30,26,64,110,69,66,84,49,48,26,19,11,75,81,58,140,65,48,86,94,100,124,91,126,169,114,118,124,58,53,75,49,95,91,97,120,123,145,206,123,110,58,53,66,65,68,61,42,24,45,53,24,26,84,44,22,55,50,59,48,62,87,37,71,59,43,48,36,54,85,40,29,23,27,110,101,64,38,123,147,153,162,149,158,,170,178,,101,95,143,159,125,123,134,125,118,128,137,131,132,106,82,83,95,96,184,142,185,106,,102,124,126,126,79,75,62,74,90,102,76,67,52,100,92,113,32,29,31,32,22,22,23,25,24,11,21,17,36,11,12,14,17,25,37,31,82,95,115,91,92,75,152,123,127,124,93,115,88,107,80,69,78,86,71,82,59,68,73,67,74,74,77,71,82,95,112,83,81,98,,93,101,90,101,61,68,76,80,133,113,100,192,204,172,183,195,260,223,216,137,141,124,181,154,169,169,171,,164,176,134,202,189,228,149,174,117,130,120,137,126,107,122,26,59,63,51,115,104,117,101,133,159,170,110,110,115,101,98,99,112,119,134,134,152,132,112,100,105,81,79,121,120,115,108,120,124,98,108,106,111,102,,79,92,110,121,104,120,118,135,114,78,67,82,69,92,99,108,121,123,106,77,94,85,84,102,78,102,141,31,25,48,39,59,54,52,68,67,76,66,64,72,68,27,39,37,53,60,48,,68,96,92,60,63,48,47,115,120,91,137,96,91,86,100,102,99,101,95,154,143,159,173,89,115,106,116,55,73,66,,79,108,113,115,139,125,152,126,140,133,104,130,130,74,80,92,97,112,115,34,42,43,42,,34,30,60,58,60,81,107,93,102,77,59,56,64,53,78,101,76,76,33,48,78,,59,80,56,63,48,42,42,36,55,133,79,71,52,61,119,109,162,59,40,75,68,60,60,99,92,39,60,20,30,71,,85,109,61,58,,126,35,29,19,15,85,140,128,142,54,94,79,79,98,110,92,54,,96,96,44,63,84,90,89,116,119,70,104,155,162,67,104,68,56,91,63,,130,112,52,92,79,120,68,77,53,51,134,121,136,98,111,101,88,115,78,135,124,101,83,29,345,383,94,130,137,190,152,183,178,174,223,216,82,107,101,40,22,30,156,280,406,55,32,88,26
20160203,0,SO2,25,8,13,19,11,12,27,8,13,8,24,45,,66,86,51,43,22,74,,31,26,38,68,8,108,,141,165,80,121,148,82,44,48,71,44,58,64,37,73,95,36,99,78,87,95,231,114,155,208,135,213,151,261,40,27,29,51,68,19,35,16,36,33,32,38,55,83,86,89,147,137,171,136,,133,300,183,68,,78,138,245,113,136,95,514,45,102,54,58,86,48,52,39,82,61,74,,190,249,,87,508,,337,108,89,44,86,106,21,53,43,100,8,136,70,53,28,82,23,15,19,11,50,48,38,39,,100,129,21,90,119,90,48,65,25,19,22,21,20,17,13,16,22,17,22,26,31,28,16,23,11,6,17,24,20,20,16,17,30,24,24,13,26,18,17,40,42,127,46,67,58,27,29,53,39,8,23,10,22,23,37,28,26,27,31,35,29,46,24,20,46,43,28,41,,19,30,19,20,22,19,41,33,24,28,46,57,20,12,19,18,45,34,34,25,6,8,7,9,5,9,10,11,22,6,7,21,10,28,22,,15,15,13,5,2,4,8,15,7,21,,10,,19,36,,9,8,10,14,15,6,8,9,6,,,7,4,7,3,27,23,22,20,22,6,18,32,7,40,6,11,5,7,6,5,3,5,4,18,16,16,19,22,19,6,27,29,41,81,38,85,91,,66,71,7,49,31,40,35,46,49,47,64,36,27,37,32,28,37,37,26,23,4,12,15,13,11,13,11,6,14,5,9,12,10,10,17,11,17,58,5,5,3,2,,11,3,4,4,2,5,4,6,5,5,5,5,9,8,5,4,7,1,6,7,12,11,6,6,7,6,4,6,3,7,8,6,5,10,8,7,6,6,13,7,7,12,4,9,6,4,3,4,7,2,5,8,,16,17,14,16,14,10,9,14,4,3,2,3,12,6,10,8,21,14,12,5,6,9,26,20,7,,16,14,10,17,11,6,14,7,5,,6,21,21,45,24,26,61,60,57,32,36,14,13,12,6,25,16,8,14,27,15,6,8,9,35,22,21,36,7,38,30,31,18,77,26,15,16,42,33,34,29,39,24,37,30,23,41,47,96,58,76,95,,7,12,23,25,17,8,27,17,27,23,,127,66,30,14,46,31,4,28,3,40,51,102,29,63,104,211,86,16,10,83,38,40,18,28,64,17,105,65,41,34,19,39,64,41,78,6,4,7,2,123,67,105,109,153,135,85,,128,106,72,,79,63,42,51,188,281,104,,142,126,158,54,68,24,54,22,47,,33,27,26,112,,87,,98,64,74,77,98,,128,108,56,,57,53,50,68,77,50,,20,8,8,7,11,13,14,21,8,5,8,5,3,11,7,10,5,10,9,9,11,5,2,,7,6,7,3,2,5,3,,6,7,8,13,7,8,3,1,1,3,3,70,17,16,9,8,8,51,46,65,56,264,114,52,275,300,329,314,,310,553,62,103,170,172,82,111,90,107,213,161,,48,184,64,29,172,262,133,81,133,86,94,30,89,87,37,39,26,121,99,148,87,196,51,23,108,113,62,143,272,79,30,70,40,23,,16,61,82,40,26,30,30,41,71,59,8,26,20,46,57,29,9,18,32,8,24,12,21,16,20,14,10,16,1,14,15,14,4,57,66,64,74,58,54,35,100,182,135,155,145,38,37,37,53,55,71,50,43,20,37,23,32,57,35,54,26,12,16,6,14,17,47,50,36,21,24,9,36,10,19,15,27,7,20,10,2,6,1,1,22,17,18,17,,8,11,8,6,13,20,,22,8,2,4,4,8,11,7,17,21,14,34,19,8,20,48,32,23,7,10,6,15,10,8,8,4,7,4,7,8,9,8,8,14,89,8,32,17,12,,32,14,24,7,31,16,9,45,79,25,32,33,40,38,176,26,9,20,20,18,25,32,17,12,27,28,14,16,11,36,8,,164,159,193,125,6,3,7,3,3,23,5,13,112,,39,38,215,78,51,36,36,26,183,71,65,35,66,59,12,30,48,73,12,20,17,24,33,40,35,15,50,25,22,,14,17,21,,19,21,25,,40,37,52,18,9,22,15,14,20,,8,9,1,6,7,9,11,,,41,153,4,8,6,44,18,34,35,37,32,7,9,9,222,183,134,211,194,101,184,313,493,236,119,51,,36,132,163,136,,289,299,98,53,27,63,,200,330,142,,21,122,6,6,1,61,277,43,24,48,25,19,6,49,30,50,67,37,219,157,149,197,106,42,99,50,152,113,47,68,66,253,48,51,37,49,54,36,37,66,61,142,107,80,6,21,12,11,16,19,1,34,26,40,21,12,11,46,8,30,26,27,22,22,26,8,19,24,10,35,19,2,,34,57,65,32,104,27,88,16,16,21,8,28,37,21,,6,11,25,25,9,38,35,46,22,10,7,10,8,12,59,2,53,43,7,3,9,8,18,13,37,,22,26,16,47,17,14,20,15,,22,8,8,5,15,9,20,2,2,3,5,1,9,47,6,4,,10,16,5,7,4,5,6,5,7,5,3,4,2,3,2,9,28,31,22,3,1,10,20,20,14,48,15,24,17,18,13,29,10,16,24,4,17,8,3,17,8,29,14,17,,13,12,11,10,6,17,23,18,57,72,52,80,113,56,103,48,55,45,48,41,32,32,41,76,83,42,69,,26,42,15,26,40,30,32,28,36,48,1,16,3,66,3,10,11,8,12,37,41,21,19,41,57,69,91,24,65,21,28,19,9,17,5,3,5,4,35,17,20,6,10,12,25,17,13,42,22,7,13,12,20,20,5,5,19,33,23,7,16,12,3,22,12,14,20,6,8,27,4,63,51,4,8,19,23,9,3,4,34,11,14,37,9,4,7,6,4,45,17,29,16,18,18,25,8,5,14,3,11,16,,4,10,10,18,11,8,12,13,24,14,14,10,10,6,18,8,3,20,17,12,15,13,13,3,8,7,3,27,9,7,,12,8,2,17,5,10,19,27,12,7,1,3,6,6,6,16,10,17,13,12,19,6,20,,4,15,20,15,29,9,10,6,16,29,74,75,75,87,18,9,18,13,24,10,22,,25,32,4,18,31,2,,5,3,11,6,2,15,10,6,8,12,3,4,3,7,5,13,7,4,1,6,14,4,8,7,8,10,12,4,64,1,13,8,9,7,14,16,14,27,28,138,185,117,16,42,25,41,24,26,16,20,35,24,32,91,52,52,3,38,60,11,19,95,20,22,43,16,,16,29,50,44,18,40,11,29,4,31,127,182,107,25,93,80,16,28,16,34,8,5,5,3,49,50,17,33,22,61,1,18,11,16,75,130,41,32,32,3,9,16,8,7,16,50,10,186,3
20160203,0,SO2_24h,19,8,13,17,13,13,24,10,9,10,17,27,,35,36,21,16,10,31,,15,16,35,25,4,39,,99,93,52,98,89,82,33,40,41,37,49,49,49,76,113,46,59,59,152,96,176,146,142,108,95,118,108,145,34,30,36,48,29,26,22,21,32,25,31,24,27,34,94,62,93,93,89,91,,118,176,114,49,,90,102,121,111,101,100,261,47,96,45,85,58,25,71,20,104,100,74,,122,215,,173,264,,125,72,93,96,115,127,41,88,39,95,11,155,104,87,85,142,30,41,39,22,60,56,51,46,,134,185,73,108,127,55,56,91,32,31,32,36,27,30,28,30,33,26,28,31,33,32,23,29,21,27,22,29,32,35,21,27,34,35,35,30,36,34,28,53,53,70,42,73,61,43,46,54,57,23,26,17,22,23,36,38,37,37,36,41,38,42,34,30,33,40,33,40,,34,38,46,24,31,25,42,35,45,33,42,61,24,19,33,34,42,39,41,37,19,16,15,16,12,21,22,22,30,16,14,20,25,27,22,,20,19,18,7,4,6,12,36,22,27,,20,,21,35,,16,16,11,14,12,9,14,19,13,,,14,12,15,12,31,24,24,17,27,11,24,29,4,36,5,10,5,5,5,4,2,4,3,25,20,19,21,25,19,15,25,23,40,90,41,77,71,,77,50,9,82,54,69,56,58,102,54,80,48,32,56,56,34,48,52,39,54,15,18,42,21,20,17,19,28,22,21,12,21,13,16,17,21,20,61,14,13,23,2,,11,33,4,3,2,5,4,33,5,5,5,5,9,8,5,4,6,2,7,6,8,8,3,7,8,7,3,5,7,6,7,5,3,10,7,6,5,4,12,4,4,10,2,11,5,3,3,4,7,3,4,7,,15,17,13,15,14,12,9,13,4,2,2,3,9,6,13,9,23,18,17,11,14,17,19,19,15,,20,17,14,16,21,11,20,11,14,,15,20,19,33,41,19,47,39,36,21,30,11,6,6,6,28,12,3,11,12,6,6,10,5,33,30,25,31,7,40,22,35,16,35,35,24,15,34,42,22,32,44,32,47,32,18,97,100,139,106,68,90,,8,11,22,22,21,8,24,17,26,27,,161,23,25,33,43,27,5,25,10,56,73,67,49,58,85,63,48,20,17,41,64,63,56,69,103,75,82,96,72,67,63,155,96,97,166,7,5,8,2,102,63,90,76,96,71,53,,89,85,59,,71,54,40,36,125,133,76,,110,81,104,82,90,53,59,29,60,,40,33,46,114,,98,,103,89,84,83,67,,102,60,39,,37,35,36,87,82,82,,15,8,7,5,10,16,14,10,8,6,8,4,3,8,6,10,4,9,4,6,7,5,1,,7,7,7,3,2,5,3,,5,4,6,12,6,8,3,2,3,8,6,44,16,29,8,6,7,57,51,63,38,131,97,56,180,173,250,241,,190,256,58,94,72,123,56,88,57,73,173,160,111,44,193,53,55,132,135,127,122,115,83,120,62,85,88,57,56,45,137,132,191,102,175,105,65,121,130,85,156,252,60,37,75,52,42,,17,54,92,62,19,62,36,51,77,62,17,47,27,27,48,24,27,29,40,7,34,27,30,25,12,40,41,41,8,42,30,22,28,72,60,61,83,68,66,37,109,151,86,113,156,59,82,60,75,71,84,61,85,31,32,29,27,61,42,73,44,16,18,12,20,20,57,72,51,25,34,29,38,37,19,22,28,17,29,11,5,13,9,3,20,17,18,18,,8,10,6,13,22,44,,49,15,3,4,6,10,14,10,25,38,22,29,19,10,30,127,41,120,15,19,10,15,11,7,12,7,8,25,10,8,9,7,7,10,25,6,34,23,20,,32,13,20,15,25,16,13,35,44,31,33,30,32,75,156,19,14,24,24,22,38,37,22,12,33,31,21,48,18,76,21,,189,270,116,70,4,5,5,2,8,22,4,14,94,,32,36,104,70,52,38,36,46,82,58,72,54,52,47,16,37,71,80,28,19,21,32,33,44,30,22,42,38,38,,40,18,31,39,43,25,35,,53,49,61,33,26,29,30,26,22,,21,13,7,13,13,18,17,,,81,155,21,19,18,45,22,37,39,37,37,8,7,6,226,195,122,174,201,149,200,222,330,222,120,64,,35,129,175,152,,196,241,42,60,36,70,,137,371,219,,38,41,16,8,5,29,190,23,30,57,37,16,8,36,18,38,42,33,93,80,53,97,61,49,71,55,93,136,63,87,77,160,37,73,39,77,73,76,64,57,86,131,106,109,36,20,24,28,24,41,11,22,33,29,13,11,16,34,9,41,24,31,20,16,26,9,24,19,5,28,9,6,,36,53,46,37,73,26,58,25,24,30,8,34,51,22,,5,29,26,27,6,46,46,55,64,36,34,45,40,50,53,2,36,47,14,11,15,7,26,24,54,,25,36,15,96,16,15,19,16,20,43,25,32,16,25,15,31,2,3,5,5,2,6,8,6,5,,14,16,7,6,4,5,6,5,8,5,8,9,12,11,9,8,12,35,19,4,2,11,18,19,16,49,15,23,18,17,16,20,16,17,19,7,19,15,12,15,8,6,27,28,,16,14,12,13,33,9,13,11,69,76,67,84,95,79,108,76,80,86,73,41,35,37,41,74,77,35,60,,26,44,24,38,47,46,54,28,51,49,40,24,9,84,9,11,8,25,20,92,58,32,29,43,36,40,47,30,54,29,26,21,15,19,6,7,10,9,34,35,32,7,14,18,19,18,17,17,15,19,30,24,28,25,3,7,36,39,44,16,17,19,5,26,17,16,24,13,11,22,24,36,48,29,31,23,24,10,9,7,17,18,11,38,8,6,4,3,2,21,9,17,17,17,19,26,8,3,11,6,12,16,,13,15,19,22,16,7,10,20,37,19,18,11,9,6,13,17,8,24,21,13,13,14,18,18,23,10,8,30,14,12,,16,8,4,13,6,22,12,24,12,6,4,4,7,8,5,21,13,22,21,12,14,4,12,,8,15,17,20,39,11,16,5,28,10,29,36,42,51,30,16,17,13,37,14,29,,22,33,8,16,72,2,,5,4,12,36,2,16,16,31,33,35,18,4,4,7,8,14,7,6,1,8,15,5,7,7,5,7,11,5,64,42,12,25,9,7,14,20,15,20,23,81,79,69,13,34,14,24,25,85,26,19,99,35,64,42,70,66,64,55,25,10,22,227,25,42,86,14,,22,37,39,34,24,28,15,39,4,33,184,141,188,25,154,58,21,31,14,20,17,8,7,2,29,49,19,33,17,29,3,11,11,11,40,66,43,36,35,6,34,58,10,11,15,31,9,208,3
20160203,0,NO2,82,5,70,91,75,79,81,28,35,27,70,71,,101,103,102,108,116,110,,101,101,84,114,79,121,,87,94,66,94,93,83,24,82,91,61,85,73,76,61,68,64,84,80,113,110,124,108,126,131,109,131,117,186,13,21,18,30,19,45,69,76,54,30,88,85,76,112,105,104,90,93,93,85,,86,104,93,40,,23,45,48,54,38,48,90,76,44,73,71,63,88,67,67,72,55,78,,77,106,,85,100,,97,42,74,69,57,41,56,67,15,75,6,97,82,89,67,92,18,26,72,59,84,41,49,78,,142,114,104,50,104,73,60,65,42,66,67,74,80,44,70,66,56,99,116,127,109,119,73,25,116,119,36,104,125,90,107,95,112,109,79,43,43,12,,45,18,26,56,86,138,87,120,100,87,87,78,23,29,108,52,108,84,51,104,90,69,108,101,88,103,107,68,78,,48,72,96,61,99,81,111,94,63,54,119,25,55,61,43,76,86,28,57,55,58,83,13,102,34,93,91,92,87,55,29,91,84,84,59,,26,89,81,20,23,66,26,45,46,50,,62,,74,35,,29,35,22,30,25,32,28,24,26,,,20,26,17,24,158,79,142,135,136,13,105,13,13,13,8,5,15,20,12,13,13,27,31,70,31,11,41,29,51,14,82,52,11,58,49,104,93,,41,65,22,37,46,23,27,20,99,2,81,93,71,49,66,46,51,59,66,46,81,117,131,109,109,104,123,118,92,12,75,100,59,32,81,66,97,65,55,11,37,22,,15,21,30,10,34,9,31,10,21,27,36,44,6,12,43,14,20,10,19,17,57,16,40,20,27,17,30,39,14,20,8,29,25,19,26,19,31,19,19,22,13,12,10,16,15,9,18,14,8,21,18,11,,33,47,80,26,28,37,30,54,4,13,8,19,2,12,66,42,66,52,85,40,43,52,84,83,55,,75,41,63,60,44,52,56,49,45,,70,38,13,27,16,13,29,43,31,18,36,40,46,,9,42,65,61,10,96,86,19,24,77,110,90,82,114,47,94,112,89,75,80,39,88,59,81,101,39,92,68,39,30,28,10,14,67,60,68,44,62,,99,100,117,125,104,58,73,41,68,56,,55,54,34,43,45,9,19,53,25,54,46,69,37,83,88,87,76,17,32,76,77,86,67,42,41,20,39,68,73,61,32,11,74,90,51,16,19,16,11,83,84,98,100,97,92,56,,103,90,43,,66,69,53,56,80,106,85,,64,74,76,58,67,54,35,36,36,,43,52,36,61,,68,,84,75,76,46,115,,115,100,92,,51,29,40,50,53,82,,10,10,11,9,17,15,24,37,13,13,19,18,15,10,16,7,16,28,23,23,7,17,8,,9,9,9,15,15,11,27,,27,12,20,15,10,12,13,11,12,21,16,36,35,19,17,28,19,48,35,40,36,65,56,24,58,52,79,45,,113,86,28,62,50,71,17,36,80,32,91,56,,14,35,32,8,79,87,82,83,98,78,79,23,74,62,55,62,55,81,78,63,65,79,68,40,82,93,52,73,82,86,52,67,33,36,,12,28,41,31,23,7,38,53,51,66,14,23,26,25,40,50,27,128,41,109,78,80,62,81,23,62,65,83,13,24,18,20,3,80,82,107,81,58,1,87,78,93,65,94,82,42,37,52,53,54,73,83,24,76,86,57,29,72,65,47,52,52,80,56,28,53,130,128,61,19,65,45,28,70,25,72,27,38,55,2,21,39,11,10,15,31,18,27,,14,11,17,10,38,21,,41,19,12,11,18,42,27,44,50,27,53,53,59,21,66,33,40,31,28,25,41,36,17,16,26,83,12,34,41,10,15,16,21,71,39,28,25,15,17,,31,32,23,80,93,108,114,71,75,37,39,38,60,41,103,46,35,72,60,79,56,63,84,31,61,67,66,20,9,23,34,,41,60,61,33,27,11,7,47,27,77,93,36,88,,24,23,103,90,67,87,175,46,86,89,74,46,40,35,54,14,83,68,17,22,53,65,26,44,40,80,64,74,93,,46,71,86,,73,71,47,,74,101,76,83,66,100,91,60,37,,11,38,56,47,34,30,30,,,47,73,40,53,20,64,76,46,37,30,23,31,39,51,85,75,75,74,70,35,64,71,68,40,60,24,,21,32,102,57,,81,160,46,20,18,30,,21,97,80,,18,29,13,18,12,66,97,56,34,84,25,11,5,12,42,54,59,11,54,55,46,51,44,37,69,49,79,75,50,45,72,48,39,31,36,81,43,61,50,53,72,75,61,50,12,16,14,5,34,65,15,9,46,31,15,7,12,42,19,19,21,23,13,46,35,24,28,78,26,47,8,9,22,13,14,36,8,67,32,59,8,31,102,9,55,97,96,,15,115,45,35,45,112,76,61,36,22,36,79,20,65,56,16,73,77,43,23,11,60,125,105,68,,47,60,49,22,29,41,26,12,,31,42,66,32,47,22,101,31,5,13,13,9,17,24,17,9,2,15,11,18,8,10,11,13,9,7,21,3,16,23,16,17,13,25,40,33,18,7,16,45,18,35,16,27,11,36,38,6,7,22,14,23,28,33,30,50,29,45,17,40,44,,51,47,56,63,7,15,46,19,84,86,96,31,99,59,48,45,147,55,44,50,44,55,43,51,42,47,82,,60,59,81,40,12,31,32,50,33,34,48,18,23,51,54,6,49,28,24,19,30,31,16,82,50,64,47,47,73,15,110,84,77,74,18,25,21,29,71,22,24,22,22,55,37,46,42,48,44,13,17,22,26,24,131,98,77,77,79,21,12,26,16,19,12,11,21,13,14,19,26,49,38,33,17,37,13,26,44,5,24,38,12,7,13,18,24,12,11,18,16,47,9,9,21,14,10,25,30,9,27,12,,23,51,56,42,26,15,17,74,62,59,66,7,36,25,45,13,12,23,39,39,74,67,51,7,23,9,20,8,37,34,,16,18,50,44,50,75,3,47,40,15,5,38,47,32,25,15,33,23,25,13,12,20,40,,10,26,38,36,75,12,14,16,19,52,43,30,31,33,20,9,33,21,11,14,28,,28,89,14,17,26,2,1,8,15,25,22,25,10,13,7,3,6,5,10,,37,4,11,26,17,2,11,2,21,28,25,35,39,7,5,23,70,6,2,3,6,27,61,71,54,66,96,107,85,25,39,47,39,26,31,19,5,23,56,35,71,49,42,2,53,72,65,21,33,23,44,54,21,,33,33,43,43,11,13,8,15,12,7,55,84,108,18,44,58,20,58,61,69,47,19,10,3,72,161,28,10,28,61,9,91,65,85,50,24,61,41,32,20,5,50,97,92,77,38,25,30,40
20160203,0,NO2_24h,52,5,51,62,54,61,63,31,29,34,49,55,,55,55,49,54,58,61,,58,54,60,57,42,56,,62,64,48,75,64,69,21,65,69,55,76,62,74,51,56,61,63,60,86,91,99,84,93,90,90,84,94,134,14,22,23,33,16,43,47,49,36,26,56,52,47,62,100,56,73,65,74,69,,70,81,71,28,,19,38,38,46,36,45,59,50,54,55,66,46,58,62,42,67,61,58,,61,95,,81,80,,61,53,68,52,51,45,37,40,21,57,9,81,68,78,61,77,18,28,56,46,57,40,48,94,,121,103,93,50,113,49,60,70,46,67,59,63,49,60,57,53,50,58,64,80,59,83,53,31,61,87,40,60,82,67,61,57,73,67,44,46,40,39,27,51,22,31,59,59,58,42,65,60,54,48,45,15,15,54,38,67,93,51,68,73,60,75,65,49,71,62,41,60,,41,55,60,32,58,48,66,35,36,44,51,16,37,44,37,49,55,26,55,55,45,48,18,50,29,50,53,52,48,47,23,46,48,41,47,,34,42,45,21,22,35,23,47,43,52,,42,,48,38,,27,31,20,29,21,24,34,30,23,,,12,29,21,19,100,68,75,59,84,15,70,22,18,17,8,10,19,20,15,16,8,23,23,44,24,16,24,32,39,17,42,34,29,65,49,95,82,,82,59,21,45,64,44,21,20,67,5,68,75,67,60,69,51,54,63,65,40,29,65,61,51,47,64,54,62,62,17,39,49,30,28,50,36,47,37,36,17,38,31,,18,23,27,13,42,7,29,10,31,37,33,34,10,17,43,14,22,14,18,22,39,18,31,17,25,13,27,28,13,21,6,30,22,16,22,15,27,8,16,19,15,14,13,16,16,10,14,16,9,19,19,10,,19,20,41,15,11,15,20,24,7,13,7,16,7,31,51,47,57,44,48,36,41,36,64,48,44,,64,45,46,47,57,56,53,51,58,,70,39,16,25,18,15,22,30,30,17,31,30,25,12,19,30,46,39,7,39,30,9,19,20,74,59,62,73,25,75,45,74,53,64,34,76,41,64,80,25,63,56,58,41,51,13,24,52,36,40,40,44,,88,78,104,108,92,39,41,39,43,49,,46,41,36,42,39,13,23,35,28,49,53,52,41,53,55,46,39,19,30,44,55,48,54,34,38,42,37,54,67,54,39,38,57,81,50,18,23,19,11,68,67,86,70,75,69,42,,59,62,58,,79,53,42,42,63,84,65,,60,58,54,53,48,43,36,45,63,,33,43,53,48,,69,,56,51,68,55,79,,87,66,65,,35,32,42,63,70,58,,16,13,12,8,17,15,21,18,14,13,18,16,14,9,14,7,15,18,16,17,5,16,9,,9,9,8,17,15,12,18,,23,13,20,16,11,11,14,6,12,16,17,22,19,18,11,20,17,58,45,54,24,51,43,27,37,42,63,42,,87,58,23,55,35,61,13,27,63,26,72,54,42,12,48,24,18,58,51,56,63,71,50,59,37,66,61,54,60,45,71,68,61,53,78,77,38,48,60,49,52,67,50,41,53,47,41,,10,38,56,35,30,18,26,43,39,60,14,34,44,29,49,44,50,73,50,47,53,55,50,50,32,32,36,39,17,24,27,15,4,55,50,51,71,44,5,32,67,77,54,74,70,65,57,67,65,60,47,53,36,46,53,48,31,61,45,56,41,40,46,45,18,38,59,62,40,13,32,43,21,21,18,43,23,25,34,2,26,26,12,12,11,26,14,21,,13,10,15,11,25,40,,27,17,16,12,28,52,43,47,40,24,40,41,31,19,34,40,23,31,31,30,34,46,19,19,29,66,18,36,48,19,34,19,26,59,36,32,29,21,19,,30,27,20,57,59,66,81,40,58,39,32,27,41,38,77,26,35,46,49,55,45,47,54,33,52,55,48,29,9,27,51,,23,53,32,19,38,19,10,46,30,47,53,31,71,,35,44,62,55,44,60,95,44,65,45,72,43,47,50,47,15,60,47,20,23,31,36,16,27,38,49,36,52,60,,43,73,69,77,57,43,39,,55,71,62,53,41,68,61,37,33,,23,24,56,37,24,22,31,,,46,45,37,38,22,39,47,43,55,36,25,27,26,29,67,59,55,51,53,34,53,56,48,35,47,23,,20,28,72,53,,57,114,38,15,14,25,,17,74,62,,32,43,27,19,14,29,57,28,40,63,32,19,15,10,12,32,34,13,35,31,18,36,27,41,52,40,55,58,44,42,56,38,24,30,33,63,50,52,46,47,62,67,47,51,26,16,25,17,33,41,17,9,46,32,10,10,24,22,15,23,24,31,14,37,31,21,34,32,21,38,7,15,31,11,32,19,10,51,30,39,14,34,39,18,60,43,45,,16,46,47,34,26,83,70,59,56,45,43,53,52,55,50,15,74,40,40,22,14,30,70,64,41,,38,55,40,14,41,21,27,17,44,33,35,57,20,56,33,61,25,9,17,11,11,11,11,13,10,3,15,12,13,9,14,14,14,12,10,15,8,6,11,14,17,12,14,30,22,13,6,13,14,21,26,27,26,10,24,24,8,10,27,16,23,21,21,22,23,16,30,18,29,29,,22,20,19,24,11,15,27,16,86,66,67,38,67,64,57,59,97,66,57,57,51,54,50,23,49,51,51,,36,40,56,40,29,52,42,56,40,50,27,18,30,34,32,7,28,29,31,39,46,46,26,48,40,38,41,47,49,22,50,34,42,43,19,23,24,27,51,23,33,20,21,26,26,46,25,36,35,12,22,19,26,22,32,46,28,51,53,20,21,32,22,27,10,11,23,12,16,12,18,16,17,14,18,39,12,10,26,6,24,21,12,10,16,21,22,10,11,16,12,28,10,7,18,12,9,19,20,7,17,14,,10,23,26,17,24,10,12,47,67,52,65,6,33,26,42,27,22,33,48,37,42,40,41,9,32,18,29,10,36,31,,21,25,43,47,40,64,7,41,44,18,16,40,48,40,13,14,27,19,21,8,14,16,25,,11,19,25,32,43,15,21,23,31,15,29,19,22,20,17,11,32,20,15,19,32,,20,49,14,15,20,7,3,15,15,23,10,17,18,25,22,19,25,11,12,,21,11,21,25,29,2,11,6,21,25,21,17,21,12,6,18,43,10,18,4,7,17,49,53,45,42,67,63,58,23,32,28,30,25,40,24,6,43,51,46,49,39,32,52,50,38,52,18,27,20,30,45,25,,40,34,28,41,17,9,13,16,12,9,45,51,95,18,34,34,26,36,39,51,47,16,13,3,77,96,24,11,31,42,13,47,38,38,31,19,54,52,32,26,13,44,68,69,71,20,19,34,36
20160203,0,O3,4,78,12,2,20,2,2,47,11,63,22,12,,3,2,8,6,2,5,,5,4,,8,2,4,,,7,7,2,2,14,80,16,6,15,21,17,18,12,12,4,6,9,8,31,30,52,11,6,5,22,3,4,64,65,66,63,49,27,7,10,31,61,12,18,20,3,9,7,4,16,21,8,,6,12,16,,,24,3,5,4,3,7,4,6,6,4,6,2,5,7,9,13,19,4,,7,7,,5,11,,6,54,24,10,9,53,6,14,71,19,122,12,31,2,19,16,70,41,8,10,22,38,41,43,,1,4,,14,23,51,29,32,59,48,44,58,36,69,38,49,45,4,5,9,4,6,12,101,2,29,39,3,9,2,4,10,7,4,10,69,58,91,20,46,57,52,55,44,7,16,22,12,17,8,16,12,18,21,36,13,6,31,4,6,29,6,8,8,19,10,69,15,,3,36,13,27,,7,18,12,6,50,4,26,38,39,48,37,55,53,33,38,36,10,84,4,32,6,7,6,18,29,28,15,6,17,44,,72,10,18,67,62,15,61,35,24,28,,10,,33,87,,51,52,70,77,97,39,50,67,44,,,55,49,53,24,5,17,2,5,8,5,21,9,23,52,69,76,67,32,57,82,25,14,37,28,100,95,65,92,55,58,45,56,78,34,59,17,20,,74,47,74,51,58,42,54,83,27,10,36,27,17,47,36,42,52,65,4,20,10,2,4,6,48,6,9,10,7,88,6,,6,51,2,9,26,12,6,59,34,42,,42,49,42,60,37,45,54,66,48,45,48,25,80,45,58,58,58,58,47,56,13,47,28,45,46,39,32,28,43,47,47,27,34,31,31,31,33,43,35,45,39,53,48,39,45,45,48,38,43,47,44,45,,31,27,,37,36,6,36,8,59,42,57,29,39,77,2,2,12,4,3,12,2,4,2,2,17,,9,2,4,3,29,28,30,25,37,,22,72,65,59,63,121,60,35,53,76,31,2,6,78,19,8,8,5,30,24,21,44,42,7,10,21,10,10,12,9,9,7,16,13,17,2,8,14,12,63,4,11,68,35,71,80,58,6,29,12,50,53,,2,1,3,4,4,10,9,21,13,23,,7,6,30,10,12,97,42,6,24,18,29,9,23,5,10,16,7,46,36,7,4,7,12,32,7,65,31,6,21,32,65,32,17,47,8,47,37,14,41,2,2,3,6,12,19,4,,4,2,47,,30,9,9,8,10,5,10,,6,10,26,43,17,62,48,37,65,,27,17,45,22,,21,,4,41,31,52,5,,8,5,4,,50,69,51,29,48,10,,71,66,68,68,62,24,23,10,24,27,20,25,30,27,31,18,32,14,20,17,24,21,35,,37,39,37,56,51,53,26,,16,65,52,63,38,27,20,14,19,9,25,1,5,25,29,13,21,56,88,111,12,10,17,48,10,9,10,16,,23,12,11,11,9,28,6,8,2,7,11,3,4,29,27,23,80,5,8,3,2,5,3,5,44,4,6,18,5,23,11,7,7,9,6,8,48,16,29,30,20,27,10,51,17,61,78,,106,45,28,30,37,53,7,4,16,23,104,59,50,55,27,32,29,16,82,22,3,3,17,55,6,6,2,1,27,36,55,56,89,9,5,23,13,7,43,14,10,15,10,10,3,38,55,83,63,32,12,2,59,15,15,30,79,6,6,24,,28,21,22,21,20,2,4,49,3,2,20,22,38,55,53,56,22,20,17,48,37,20,,70,94,92,83,,50,71,54,62,14,62,,42,30,55,57,41,28,24,32,18,23,18,34,11,20,5,17,4,21,47,38,15,29,14,7,6,18,72,41,31,25,16,7,7,9,10,27,51,73,61,,53,23,21,17,9,5,10,10,8,63,47,53,4,9,4,74,31,14,13,18,26,26,7,40,3,23,15,66,72,55,46,,21,32,3,16,97,85,38,39,31,8,4,36,7,,66,60,3,16,37,15,58,60,11,2,24,23,48,50,1,16,4,3,27,60,7,6,2,6,67,8,19,24,17,,21,,17,,32,23,12,,28,22,37,1,49,2,16,9,46,,66,104,84,26,59,35,65,,,25,6,3,31,60,22,9,46,74,20,66,23,14,16,35,12,11,10,14,33,5,2,11,7,5,1,,5,4,13,16,,25,8,14,29,2,4,,15,21,1,,56,29,81,62,71,5,11,7,44,13,55,77,84,72,41,29,33,74,7,12,23,17,8,30,,31,9,4,10,20,8,29,15,7,21,26,42,4,4,8,3,23,16,17,62,50,48,59,56,8,47,74,37,51,85,79,79,10,69,48,76,76,99,42,51,19,72,17,87,49,87,15,36,82,42,28,60,33,62,,42,25,16,61,86,3,15,,43,2,70,66,46,13,57,79,58,10,40,8,90,38,14,19,8,11,41,34,64,17,21,24,13,,25,77,7,140,20,44,64,16,,48,17,,9,117,58,42,35,45,69,70,49,25,17,32,20,61,32,44,8,39,52,48,43,48,62,45,71,21,26,35,51,33,5,3,6,3,39,42,19,53,41,21,46,50,29,22,50,67,69,74,68,32,64,60,17,24,4,28,20,8,,14,4,18,3,65,87,63,70,12,16,17,25,2,36,15,59,51,49,50,51,31,53,63,80,71,88,17,,9,26,27,55,92,66,75,64,88,76,13,58,50,8,32,86,7,38,53,77,37,49,55,4,27,28,79,63,27,75,6,3,6,38,23,25,14,37,36,38,49,18,10,8,22,25,26,24,24,48,57,64,58,65,23,18,32,15,17,34,46,55,63,31,79,85,57,91,81,58,15,18,18,21,67,80,68,64,31,15,16,3,64,133,52,52,56,51,47,60,68,49,70,54,27,65,53,47,30,25,35,51,,14,3,15,11,30,53,44,6,6,4,6,12,20,10,21,38,36,29,30,42,2,5,28,77,47,48,52,58,38,32,,24,7,6,8,12,14,25,1,118,6,49,1,1,2,37,27,22,25,34,34,41,42,19,,48,29,19,25,2,66,7,8,81,258,53,48,53,38,63,51,32,42,33,69,68,,71,62,70,57,76,74,48,84,30,33,33,47,64,71,43,39,49,60,55,3,14,75,52,26,53,34,4,61,50,11,37,22,34,84,82,1,2,6,55,84,78,17,5,8,9,2,2,,5,39,30,17,21,62,23,48,33,53,35,36,9,32,41,2,29,49,42,63,29,52,34,30,57,,14,35,14,45,62,45,58,46,9,4,28,10,16,30,47,12,29,15,31,18,25,24,31,86,23,54,67,17,51,53,55,5,13,,18,15,39,53,69,62,87,32,12,2,26,9,22,48,39
20160203,0,O3_24h,52,89,62,57,69,52,65,78,52,68,77,69,,52,48,91,69,66,71,,63,69,39,69,45,88,,68,86,80,68,68,71,97,88,86,86,89,100,85,36,91,40,87,34,83,86,73,125,102,76,83,69,75,65,92,90,84,91,77,80,84,79,86,86,61,70,67,55,82,82,84,96,101,77,,70,46,71,38,,52,58,44,38,27,80,62,72,65,72,60,39,68,60,84,55,67,77,,64,51,,62,55,,103,86,75,74,60,86,93,84,95,85,139,74,86,37,73,68,101,116,52,91,110,48,81,43,,24,27,56,53,63,92,46,76,88,79,84,102,87,89,90,100,90,119,102,131,127,105,144,123,114,57,90,89,89,60,91,92,90,89,100,101,87,107,55,99,107,70,105,118,112,90,91,43,107,108,102,105,110,136,93,102,59,95,89,88,125,64,63,89,92,81,123,86,,79,119,125,95,93,95,115,132,64,99,104,93,104,97,105,106,125,102,71,89,102,105,128,93,106,66,100,115,127,106,100,103,98,113,103,,123,102,99,68,68,70,68,90,91,67,,104,,105,127,,86,88,90,115,123,91,75,95,96,,,160,95,100,91,103,81,54,96,93,112,92,105,100,116,73,79,77,41,73,89,53,28,66,91,140,115,139,120,87,127,120,113,84,79,87,63,93,,86,92,91,92,83,58,92,116,77,53,93,100,66,134,74,72,221,77,36,124,125,107,92,105,156,106,99,146,81,110,75,115,93,107,81,105,99,79,105,104,65,50,,105,73,67,73,48,72,66,79,49,45,59,38,92,49,58,63,71,67,53,62,41,47,53,62,66,56,48,46,50,52,61,95,47,43,43,44,49,50,53,62,42,58,50,49,59,58,62,47,49,48,46,52,,60,64,30,57,69,68,67,68,64,52,57,39,53,83,55,33,55,62,55,70,40,61,27,62,61,,32,25,60,86,74,95,100,91,89,,99,85,75,82,73,125,109,54,74,104,55,47,48,78,47,50,40,39,100,95,100,153,79,88,70,82,76,50,75,62,102,64,48,42,103,59,82,77,95,104,81,81,86,45,72,102,61,57,82,123,105,103,,17,17,22,25,38,22,94,74,146,86,,39,76,78,57,54,108,53,45,71,71,57,84,54,75,94,42,88,73,96,93,97,109,99,77,47,104,81,79,91,105,108,37,86,119,81,65,52,63,59,36,58,23,93,70,110,94,,77,78,77,,58,50,36,60,104,101,75,,40,79,74,101,104,100,99,74,65,,89,76,65,107,,102,,71,106,85,97,75,,109,92,80,,72,85,82,109,92,98,,72,70,73,81,74,46,54,77,44,52,52,42,46,45,50,33,49,40,43,38,41,29,40,,43,48,43,65,60,58,51,,33,65,65,66,54,47,27,39,33,35,51,23,10,38,52,29,44,92,126,171,91,65,49,81,46,53,73,80,,90,88,62,58,69,88,59,38,59,58,85,84,52,36,29,38,99,83,77,38,66,64,45,58,68,72,52,70,41,60,74,41,48,43,28,104,88,91,85,102,97,92,106,92,119,108,122,,135,86,53,53,72,77,74,65,90,82,148,104,70,88,33,85,109,77,84,35,87,89,110,77,30,72,43,71,46,103,97,112,89,80,30,83,77,74,58,74,76,62,76,50,49,52,77,122,98,73,106,83,83,105,111,105,112,84,63,82,94,112,98,78,90,81,133,90,118,89,77,92,102,109,101,120,110,75,78,25,85,112,100,,71,109,102,94,,53,83,62,75,72,90,,88,78,69,65,90,84,46,82,43,32,40,68,67,66,87,51,71,80,100,79,75,59,116,21,23,47,102,510,283,247,33,22,23,20,45,41,64,82,83,,76,51,37,57,95,70,63,99,96,125,115,129,84,81,71,121,73,90,69,104,81,115,115,80,29,77,84,82,101,80,76,,106,84,90,97,99,88,43,102,48,55,57,77,77,,91,73,64,67,102,106,124,140,105,73,101,112,65,60,37,100,81,62,56,84,108,78,59,83,101,57,64,84,92,,75,,84,48,97,68,47,,91,95,102,92,155,72,72,90,91,,80,123,122,62,91,109,115,,,57,50,84,125,124,128,102,75,104,28,99,62,49,63,65,116,86,64,68,40,87,81,78,81,86,17,,44,56,58,43,,130,46,87,117,134,47,,32,74,69,,79,71,94,69,78,75,79,58,85,53,78,84,87,101,94,77,104,96,50,92,52,59,78,84,87,105,91,118,50,62,108,70,68,47,38,81,57,68,64,89,55,65,101,54,80,63,73,83,110,85,95,81,71,80,100,84,80,74,89,60,81,77,107,70,92,59,103,99,108,74,96,27,83,112,51,76,76,82,156,45,66,106,24,73,137,136,134,,115,78,114,86,110,77,128,154,59,29,75,25,99,77,52,23,31,32,178,76,207,30,57,72,61,,59,132,40,197,24,68,88,25,128,74,45,27,37,122,69,82,78,58,79,74,58,61,60,58,62,78,62,74,34,47,53,51,52,70,74,69,104,66,87,98,97,66,45,45,53,24,96,86,88,117,102,75,65,76,66,69,82,80,78,84,84,69,138,110,78,63,53,58,70,63,,74,73,76,70,77,114,110,95,58,50,54,75,74,89,51,68,72,63,67,88,49,112,105,121,115,141,118,,106,113,127,107,119,99,114,108,113,93,94,123,120,43,94,111,61,76,101,102,55,87,80,112,110,84,119,123,68,119,119,92,92,122,97,115,108,112,104,233,92,49,34,96,88,66,87,80,66,105,84,114,99,99,133,107,126,106,123,163,54,57,69,33,114,131,84,128,125,109,137,105,114,108,129,124,396,131,115,81,82,106,73,133,52,54,61,62,51,65,74,84,73,61,32,72,63,62,49,63,72,51,,88,79,108,83,70,70,62,63,51,64,45,31,50,20,53,95,91,73,76,61,69,71,64,126,95,94,95,82,68,76,,39,79,53,27,81,80,46,20,121,19,60,29,24,30,75,120,84,83,89,59,106,88,57,,85,65,63,65,76,103,39,28,107,258,66,60,61,55,114,121,60,68,37,69,88,,112,166,107,83,99,77,49,110,94,107,90,127,83,88,43,53,49,84,83,46,103,83,66,110,124,47,33,71,60,86,96,61,87,90,88,27,47,11,55,84,78,64,58,79,58,84,94,76,96,72,107,100,110,101,33,71,47,58,69,82,86,98,116,88,115,97,73,69,71,71,85,73,81,,38,109,82,75,106,90,102,111,32,5,79,56,70,44,74,50,44,43,93,53,59,43,42,116,30,95,94,30,67,86,71,79,48,53,62,69,64,62,91,103,94,67,62,59,80,35,42,84,65
20160203,0,O3_8h,14,81,20,14,24,11,10,26,17,50,24,27,,14,16,34,24,18,18,,15,14,7,17,14,54,,21,36,22,18,23,31,84,33,19,23,30,31,23,25,28,8,21,17,24,37,29,78,27,20,25,34,23,14,71,66,63,59,59,21,18,22,46,57,20,33,32,19,24,21,24,51,42,34,,17,19,29,9,,17,15,14,12,8,12,19,30,18,19,21,15,24,21,34,20,17,15,,30,18,,10,16,,32,32,22,36,11,44,49,50,57,32,124,17,35,5,18,22,73,54,14,29,43,40,43,29,,3,5,6,14,20,69,34,28,60,41,45,65,66,52,58,59,43,44,38,50,34,23,48,110,38,37,56,31,36,17,32,39,24,32,39,62,57,75,27,49,53,37,60,54,58,31,53,18,42,35,36,34,42,58,56,38,16,47,22,24,46,16,20,41,36,34,48,38,,22,43,58,51,27,31,41,52,24,58,39,41,60,50,58,52,54,66,40,32,51,38,102,50,50,20,35,42,51,48,55,45,38,59,53,,73,49,42,64,62,35,63,46,44,33,,38,,63,91,,65,66,79,57,85,49,60,76,69,,,90,67,71,47,26,21,21,42,35,19,43,42,74,60,68,69,56,33,53,76,40,15,42,40,108,93,96,81,52,76,66,72,72,20,49,19,23,,39,50,78,40,62,52,60,102,49,20,44,61,27,53,42,56,59,65,11,66,68,29,35,38,84,42,50,48,30,96,46,68,45,74,41,62,66,44,47,73,27,33,,43,50,46,63,29,60,55,66,36,31,46,27,81,43,54,60,64,63,47,56,28,41,35,51,52,43,33,28,44,43,49,24,36,34,30,36,34,47,40,45,37,47,44,35,50,49,53,39,45,44,41,46,,45,47,6,49,56,38,55,37,57,44,49,34,47,53,16,10,25,16,22,31,14,30,9,16,32,,12,7,22,21,38,52,57,47,54,,52,77,64,65,63,118,77,42,53,81,36,18,21,73,25,21,17,14,62,53,53,81,53,58,28,42,28,19,28,20,46,32,25,20,49,15,25,28,28,89,38,32,45,30,57,75,57,36,52,75,69,69,,3,7,7,8,10,15,42,26,31,39,,14,22,35,24,20,101,37,20,42,20,30,29,21,22,36,22,39,50,46,40,28,42,30,59,14,43,36,18,34,38,75,32,48,80,23,47,34,15,42,10,13,6,29,23,49,30,,26,22,43,,27,13,18,20,39,24,24,,11,26,39,45,46,66,58,31,38,,39,29,22,34,,22,,26,55,34,58,16,,24,24,24,,50,53,37,18,44,33,,64,65,63,68,60,24,32,52,30,39,26,31,35,33,38,23,39,26,29,28,32,24,34,,37,41,39,53,52,52,25,,18,61,53,64,42,32,20,17,20,11,26,8,6,15,42,16,25,60,93,108,31,23,29,54,24,24,28,28,,40,26,26,20,30,48,23,18,13,19,30,23,20,30,23,28,58,15,41,25,22,18,11,27,42,16,12,24,10,38,20,22,18,23,10,11,53,37,45,48,35,41,46,45,30,42,68,,118,30,14,42,47,62,14,10,25,26,107,58,53,70,28,49,37,28,77,25,29,33,46,28,18,25,15,29,25,52,59,77,86,32,16,44,28,26,44,55,32,22,24,23,11,30,46,79,70,37,42,31,71,56,65,60,90,21,26,31,34,71,68,51,66,47,66,48,75,33,40,44,43,80,74,86,79,42,47,18,57,64,47,,69,94,94,82,,50,75,58,66,28,67,,53,47,53,54,62,40,28,36,32,27,32,50,44,43,41,38,35,42,67,54,45,37,34,10,10,20,79,54,37,30,10,11,11,13,22,28,53,71,68,,58,25,23,28,43,35,26,40,32,61,66,74,28,28,19,105,45,53,36,57,30,62,60,45,11,39,38,65,83,64,64,,63,40,41,45,94,79,40,56,40,27,21,51,21,,50,39,17,42,66,41,74,54,40,29,35,34,46,55,9,45,20,13,29,64,31,26,23,32,86,31,51,35,34,,43,,31,11,43,34,27,,47,47,57,28,92,21,19,49,61,,60,109,95,34,74,57,73,,,38,21,31,59,84,48,36,53,81,22,73,35,29,35,49,38,41,32,34,34,32,30,34,27,31,4,,14,18,30,24,,60,19,31,47,35,11,,18,34,23,,33,16,61,58,66,42,38,18,64,21,26,42,52,79,72,46,60,76,16,26,31,19,24,36,17,58,25,27,14,24,29,40,29,12,28,34,34,13,20,26,7,9,32,15,56,54,37,52,54,22,44,68,28,36,88,67,57,23,71,50,75,65,97,53,59,33,66,52,84,53,87,12,28,90,30,46,53,54,76,9,37,39,18,57,99,62,49,,70,42,82,66,77,24,85,98,52,15,42,15,80,49,26,19,11,15,82,46,83,20,26,38,25,,30,66,18,140,21,56,70,16,23,51,24,,21,90,58,47,36,32,58,71,35,39,37,41,31,74,38,52,16,39,47,40,37,54,60,54,84,36,57,65,48,38,22,17,24,10,73,61,61,81,69,50,43,58,45,45,70,74,70,79,75,49,94,76,47,44,25,38,39,30,,35,29,37,28,66,95,81,75,18,27,40,32,18,34,17,49,49,41,43,56,33,77,71,94,88,103,50,,42,53,59,60,85,58,59,64,95,75,54,83,57,21,64,90,34,51,75,83,41,56,58,51,58,56,86,85,54,85,43,38,36,62,52,41,34,58,70,48,69,36,22,46,50,37,57,44,40,70,70,86,75,82,93,50,89,44,48,44,46,53,64,31,95,98,67,102,95,76,50,62,63,65,99,105,142,107,86,39,36,54,65,81,47,51,56,53,47,56,68,69,71,56,29,68,57,50,37,45,53,48,,45,35,52,43,45,62,54,14,9,7,15,22,31,13,32,50,52,45,43,21,15,14,20,97,62,62,60,67,49,52,,28,26,18,13,34,35,36,6,90,10,48,8,10,12,57,50,45,46,52,46,46,60,26,,62,42,29,38,22,66,21,11,78,139,54,51,54,44,78,73,35,45,33,65,55,,84,123,81,58,71,75,46,97,54,65,55,88,70,72,30,31,35,60,60,24,51,76,58,50,69,42,22,58,44,39,56,48,64,86,84,14,24,7,52,80,72,35,28,31,23,29,32,25,32,61,50,45,40,73,26,56,38,50,52,45,43,64,76,44,43,73,57,60,29,59,49,44,72,,18,65,57,53,81,67,62,74,19,4,40,30,29,32,57,30,36,28,72,30,37,33,34,101,19,70,80,19,51,68,60,48,32,30,39,43,43,51,77,64,78,37,36,32,39,24,22,65,43
20160203,0,O3_8h_24h,48,83,59,51,61,41,51,72,46,60,64,55,,48,44,83,63,58,61,,56,58,32,60,39,84,,56,72,64,62,59,60,88,70,66,64,59,76,59,32,76,30,64,28,42,52,43,95,68,56,62,52,54,43,85,78,73,76,69,84,68,89,72,90,54,64,57,49,64,67,68,82,76,62,,51,36,59,32,,47,37,32,31,20,50,44,63,50,55,41,37,57,47,71,41,51,55,,55,33,,34,35,,80,70,54,60,40,67,78,66,80,58,127,54,68,28,55,53,90,103,43,75,92,41,59,29,,16,18,36,40,40,85,40,57,76,63,73,93,81,72,83,88,79,94,82,108,96,74,99,114,77,52,75,76,77,52,76,80,72,66,74,81,74,78,50,88,93,58,88,96,98,72,82,37,79,93,86,88,92,113,83,80,59,83,68,70,83,46,50,73,77,68,96,68,,59,75,97,80,74,76,94,112,55,84,84,78,88,80,89,91,100,83,60,66,88,82,119,81,86,56,87,98,110,93,89,90,82,95,90,,105,88,85,64,64,56,64,76,77,57,,93,,92,111,,73,77,84,100,105,80,69,88,85,,,109,80,88,81,83,58,47,87,77,88,82,84,87,100,78,83,73,38,68,91,54,22,56,76,131,106,125,108,72,115,107,98,77,62,74,48,76,,75,78,85,81,72,53,78,108,68,43,79,84,40,70,58,65,101,68,24,104,104,77,70,77,129,79,85,105,92,100,67,103,81,94,64,92,85,68,96,96,43,43,,57,61,57,68,41,68,62,74,44,38,49,34,81,44,55,60,65,64,48,58,35,41,45,56,60,48,46,43,45,44,53,42,45,36,40,37,35,47,41,52,38,52,44,42,53,52,56,41,45,46,41,46,,56,60,26,55,67,63,64,61,57,46,49,34,47,53,38,17,34,39,42,46,23,48,18,50,40,,19,16,50,56,58,69,78,69,66,,71,80,67,71,69,118,98,52,63,95,47,28,32,73,36,34,23,22,90,84,90,93,72,84,51,64,62,34,56,40,82,47,41,36,79,42,65,47,69,96,63,48,62,35,67,86,58,48,63,105,94,88,,9,12,16,18,25,18,87,65,98,75,,32,62,66,48,45,104,49,42,66,52,46,67,43,58,77,35,76,61,77,84,71,92,80,72,34,86,68,59,72,83,95,34,72,107,66,64,50,57,60,29,44,19,75,55,84,76,,58,59,65,,46,37,33,53,83,79,64,,33,67,60,73,87,90,89,58,48,,58,60,55,87,,79,,54,87,66,80,53,,74,78,66,,67,84,77,53,71,84,,64,65,63,77,66,35,39,59,36,45,39,36,40,39,42,29,44,34,38,34,37,27,35,,40,44,41,58,55,54,35,,27,61,58,64,48,40,24,31,26,26,41,18,8,29,44,21,28,79,111,141,80,49,42,58,40,44,58,64,,79,68,46,41,54,77,45,30,48,51,75,66,47,35,24,34,85,60,56,34,49,47,35,40,62,48,40,59,31,52,50,31,34,33,21,30,69,71,75,82,70,65,89,78,94,88,107,,129,66,40,46,62,69,62,52,43,59,134,82,57,84,30,66,89,67,82,29,69,72,84,39,24,66,38,64,37,92,85,102,86,64,30,68,59,60,50,66,63,46,61,41,38,38,59,98,79,56,81,65,75,84,97,88,104,63,54,66,79,100,84,69,84,72,120,82,108,75,72,80,90,101,93,105,96,64,67,19,76,96,87,,69,103,99,90,,50,78,60,71,66,78,,80,72,53,54,78,64,37,52,36,28,35,55,51,64,61,44,56,61,83,64,59,43,61,17,18,37,96,126,84,67,31,18,18,18,34,49,58,72,71,,64,32,29,48,80,61,36,84,80,107,102,112,67,59,46,114,62,79,60,90,60,101,99,66,18,58,69,73,93,73,72,,89,66,79,82,94,79,40,82,43,42,46,64,63,,83,67,53,61,95,92,110,117,80,59,82,96,68,69,27,87,67,49,48,77,91,66,52,74,91,50,59,65,76,,58,,63,46,73,45,39,,70,77,78,73,132,55,58,74,75,,65,120,108,53,84,97,106,,,51,41,66,105,109,106,83,66,92,25,85,53,47,54,59,82,69,54,55,36,74,68,63,61,71,12,,29,42,48,36,,101,37,71,100,115,32,,28,58,58,,68,53,86,66,76,66,62,47,70,39,75,79,86,91,92,72,96,90,44,73,46,46,69,69,68,82,75,85,36,46,80,58,59,38,35,68,46,54,52,69,35,42,77,40,66,58,62,74,94,76,86,77,65,74,95,81,74,68,86,57,76,70,97,58,73,53,88,88,97,56,91,14,67,106,44,73,70,68,89,36,61,71,21,57,113,113,113,,95,64,102,78,98,57,108,125,54,25,60,20,89,67,35,19,21,25,118,70,136,24,48,64,53,,51,103,32,197,23,62,77,20,45,64,30,33,31,117,65,81,72,53,74,72,55,57,59,54,59,76,52,70,33,43,48,44,43,66,70,66,98,56,68,83,77,54,37,35,42,18,89,76,80,104,92,66,55,69,57,58,77,76,72,81,79,61,122,96,69,55,44,51,59,54,,65,66,68,64,68,105,97,86,46,42,43,53,49,64,35,60,61,52,57,72,39,95,91,109,102,123,101,,91,96,114,90,99,80,94,96,104,87,78,108,96,36,83,101,51,66,93,89,47,68,68,99,92,80,105,107,60,105,105,82,82,110,85,99,87,98,88,78,84,42,26,87,76,55,76,67,60,97,78,106,91,91,120,96,113,92,106,163,51,53,64,31,105,113,75,114,109,95,102,96,105,100,123,118,300,125,110,81,67,92,68,91,47,51,57,56,48,57,70,75,72,56,30,68,60,57,46,61,69,48,,82,73,100,77,63,67,59,74,34,46,48,38,39,16,41,68,66,55,60,40,39,38,35,106,67,66,63,70,54,58,,32,50,32,27,60,56,40,15,108,16,64,24,21,22,68,79,70,71,74,55,84,82,37,,77,63,64,61,65,97,25,18,104,139,58,55,56,48,96,98,56,61,33,65,83,,104,156,102,80,97,75,46,99,84,99,74,119,76,79,30,37,35,68,72,38,90,80,61,85,97,46,27,71,48,76,86,54,75,87,86,25,44,8,52,80,72,55,44,58,44,73,73,64,74,67,78,78,94,92,29,60,44,52,58,66,70,88,100,58,82,90,68,60,57,65,72,60,78,,31,96,73,58,101,84,91,102,24,4,61,43,50,40,66,43,41,38,87,46,50,38,38,109,24,79,83,29,60,85,62,63,40,45,53,54,51,62,77,85,92,54,54,48,67,30,49,76,57
20160203,0,CO,1.8,0.3,1,1.7,0.8,1,1.4,0.6,1.3,0.5,1,3.8,,2.269,3.062,2.552,1.765,2.553,3.671,,1.822,1.74,1.118,2.657,1.002,3.151,,2.465,3.457,3.936,2.079,3.076,1.167,0.819,1.525,3.284,1.377,1.244,1.823,1.522,2.573,5.172,2.922,2.586,2.468,4.897,5.242,6.856,5.487,5.358,6.055,3.656,3.186,4.261,12.481,0.738,0.753,0.494,0.727,0.552,1.126,1.828,1.58,1.731,0.641,2.025,2.094,3.445,2.324,3.374,5.492,3.504,3.257,4.681,3.368,,3.11,4.361,3.98,1.923,,1.431,3.082,3.763,3.8,3.752,3.148,3.004,1.95,2.898,1.468,4.174,2.434,2.819,1.259,2.099,1.393,1.483,2.495,,2.725,2.573,,2.318,2.899,,2.308,0.8,1.18,1.836,1.544,1.283,1.396,1.99,0.674,1.26,0.426,1.254,1.478,1.595,1.496,1.588,0.982,1.823,2.008,2.063,1.277,1.9,0.851,2.613,,3.511,0.787,1.449,1.313,2.36,2.492,1.257,1.183,1.22,0.829,1.188,0.694,1.445,0.876,0.844,1.361,0.675,2.277,1.915,3.633,2.028,2.947,2,1.708,1.72,1.964,1.348,1.947,2.452,2.432,2.308,1.47,2,2.218,1.708,0.89,0.743,0.372,1.031,1.532,1.231,0.809,1.097,1.933,3.247,1.72,2.037,2.044,2.315,1.829,3.134,1.82,2.397,2.552,1.192,1.942,2.278,2.036,3.227,2.022,1.867,1.915,2.975,1.773,1.475,1.739,1.674,1.59,,1.56,0.998,1.66,2.329,2.195,2.729,1.757,1.653,1.991,1.419,2.726,1.582,0.937,0.881,0.895,0.833,2.332,2.35,2.339,2.694,1.075,0.705,0.67,1.183,1.291,1.408,1.197,1.101,1.345,1.311,0.911,1.191,0.919,1.178,1.039,,0.86,1.219,0.936,0.912,1.126,1.364,0.966,1.003,0.827,1.235,,1.104,,1.219,1.244,,1.013,0.689,1.056,1.396,1.135,1.117,0.863,0.743,0.835,,,1.01,0.817,0.913,0.841,1.406,1.392,1.452,0.95,1.878,1.599,2.093,1.603,1.16,1.458,0.357,0.649,0.479,0.705,0.92,0.742,0.802,0.749,0.739,1.398,1.451,1.051,0.606,1.231,0.457,0.933,0.922,1.083,0.943,1.58,1.151,1.428,1.774,,1.004,1.737,0.952,1.12,1.061,1.316,1.534,1.369,2.264,1.271,1.41,1.586,1.529,1.201,1.102,1.18,1.221,1.246,1.63,1.847,1.228,1.924,2.624,1.917,3.068,1.874,2.045,1.966,3.132,0.615,1.261,2.694,1.442,1.392,2.056,2.031,2.165,1.287,1.741,1.282,0.652,0.975,,0.786,0.817,0.746,0.658,0.868,0.878,0.713,1.095,1.067,0.971,1.331,0.789,1.168,0.937,1.322,1.073,1.269,1.104,1.036,0.906,1.034,0.947,0.954,0.678,0.6,1.078,0.995,0.952,0.876,0.899,1.402,1.06,1.04,0.967,0.815,0.844,0.971,1.257,1.273,0.912,1.05,0.978,0.91,0.945,1.109,1.025,0.884,1.01,0.868,1.303,1.05,1.145,,1.405,1.151,1.349,1.416,1.521,1.204,1.455,1.612,0.803,0.868,1.126,1.055,1.169,1.064,1.617,1.536,1.327,1.418,1.526,0.946,1.607,1.427,1.419,1.519,1.214,,1.634,1.573,2.007,1.287,1.218,1.348,1.415,1.32,1.552,,1.852,1.281,0.542,1.289,0.627,0.805,0.911,1.194,1.618,0.963,0.922,1.882,0.904,1.103,3.014,2.221,3.011,3.115,2.94,3.65,2.111,0.572,0.428,0.908,1.597,2.895,2.324,2.299,1.588,3.473,2.475,4.577,4.133,3.41,1.69,2.441,2.742,3.367,2.1,1.679,1.58,2.003,1.452,1.827,1.145,1.96,0.701,2.892,2.832,2.391,1.635,2.149,,3.824,5.314,4.38,1.679,3.189,2.218,1.69,1.469,1.877,1.692,,1.632,1.765,1.407,1.746,1.334,0.6,1.027,1.649,1.803,1.32,2.092,4.325,1.481,2.857,6.051,4.975,1.636,0.347,0.608,1.907,2.522,3.242,1.268,1.083,4.431,1.39,1.822,2.865,1.307,1.112,0.825,0.857,3.195,2.207,2.921,0.601,0.676,0.678,0.606,2.262,2.538,3.241,2.363,2.446,2.214,4.28,,4.505,4.79,2.238,,2.322,2.564,3.257,3.254,1.816,2.856,2.773,,4.666,2.295,1.579,0.901,1.613,1.855,1.593,0.982,0.601,,1.033,1.753,1.529,2.337,,1.832,,1.818,1.336,1.738,1.431,2.38,,5.261,4.851,1.884,,0.968,0.884,1.219,0.809,0.873,0.989,,1.322,1.224,0.723,0.806,1.277,0.918,1.091,1.228,0.926,1.015,1.099,1.002,1.163,0.991,1.099,1.103,0.735,0.906,1.224,1.225,0.92,1.161,1.127,,1.324,1.283,1.249,0.97,0.898,0.875,1.003,,1.091,0.951,1.11,0.855,0.984,0.94,0.946,1.22,0.945,1.092,0.932,1.869,,0.949,1.35,2.238,2.051,1.631,1.758,1.735,3.552,3.209,2.351,1.442,2.655,3.394,5.343,4.077,,3.259,7.877,5.388,8.062,2.55,5.188,4.397,5.219,3.756,1.529,2.7,2.536,1.162,0.34,3.254,1.119,0.145,3.384,1.847,2.246,2.617,3.111,3.101,2.245,0.568,4.64,4.959,1.528,3.447,2.129,4.324,2.284,2.394,1.948,3.767,1.642,3.149,2.078,1.694,3.599,1.259,1.198,2.53,0.891,2.434,1.788,1.025,,0.949,0.511,1.136,0.623,0.853,0.295,3.07,2.723,1.546,3.617,1.165,0.837,0.6,0.886,0.956,1.063,1.178,1.584,1.531,1.197,2.767,1.653,1.354,2.362,2.78,2.29,0.723,1.292,1.063,1.468,0.275,1.982,0.306,2.992,2.728,5.032,3.943,2.895,2.022,2.292,3.662,9.994,3.662,5.865,5.85,1.455,1.036,1.325,1.744,1.376,3.332,2.711,1.222,1.641,2.121,2.133,1.114,2.187,3.508,3.757,1.36,1.262,1.577,1.102,1.9,1.34,2.184,2.708,1.642,1.759,1.386,1.707,1.565,1.107,0.986,1.223,1.547,1.08,1.388,0.751,3.194,1.841,1.07,0.593,1.021,1.109,1.146,1.375,,1.495,1.129,1.467,1.052,1.278,1.161,,1.339,1.132,1.105,0.927,2.232,1.454,1.171,1.227,1.843,1.478,1.263,1.809,1.477,1.254,2.837,1.12,1.714,1.054,1.03,1.032,0.904,0.897,1.365,1.324,1.234,1.735,1.249,1.825,1.299,1.508,,1.928,1.191,1.167,1.464,1.438,1.102,0.498,0.824,,1.152,1.498,1.655,2.018,2.668,2.043,2.827,1.686,2.499,1.732,1.122,2.015,1.892,1.529,3.368,1.406,1.305,4.482,2.373,1.542,2.515,2.11,2.026,0.97,2.334,2.11,1.783,1.243,0.223,1.937,,,1.108,1.394,2.913,1.31,1.377,2.213,1.789,1.013,1.37,2.021,1.795,1.166,2.554,,1.029,1.031,5.526,1.521,1.924,2.207,2.065,1.762,4.583,2.257,2.989,1.744,1.627,1.649,2.183,2.77,2.224,3.524,1.213,0.985,3.17,2.539,3.76,2.887,1.4,1.14,1.142,1.193,1.176,,1.579,1.78,1.443,,0.557,0.895,1.277,,1.508,1.566,1.435,2.068,1.897,1.61,2.042,1.035,0.93,,0.761,1.046,0.906,1.041,0.92,1.278,1.148,,,0.678,1.365,1.406,1.595,0.735,1.641,2.06,1.316,1.139,1.021,1.661,0.779,0.801,0.936,2.002,1.429,2.32,3.636,1.719,0.814,1.997,1.826,3.988,2.438,2.583,2.557,,1.913,2.511,5.854,3.496,,4.695,4.009,5.304,2.449,3.48,3.234,,4.33,6.436,2.188,,0.796,0.917,0.698,0.299,0.927,1.733,4.074,1.347,0.643,0.91,0.948,0.355,0.161,0.816,0.203,2.286,3.432,0.417,5.352,0.695,0.987,0.706,2.01,1.348,2.94,1.437,2.217,2.45,1.407,2.03,1.016,3.972,2.918,4.734,2.038,1.326,0.967,1.646,2.982,2.766,1.662,2.914,1.687,1.872,1.489,0.703,0.437,0.507,1.295,1.695,0.816,1.688,0.514,2.642,1.722,1.609,1.136,5.15,0.704,1.285,0.796,0.657,0.388,,1.344,0.291,1.739,2.192,1.114,0.908,0.845,0.833,1.197,1.271,1,0.987,0.378,1.798,0.918,1.82,0.547,1.477,2.434,1.384,1.512,1.266,1.609,,1.375,3.251,1.078,1.292,1.19,1.75,1.336,1.171,1.981,1.451,1.159,1.421,1.294,1.4,0.89,1.145,,0.736,0.224,0.626,0.229,1.94,1.895,1.829,1.633,,0.808,1.225,1.927,2.463,0.297,0.859,1.026,0.894,1.09,1.188,0.974,1.156,0.857,0.829,0.671,0.813,0.815,0.361,0.564,,0.499,1.19,0.894,1.199,0.708,0.676,1.123,0.448,1.166,0.856,1.007,1.005,0.897,0.657,0.629,0.738,0.012,0.884,0.879,0.818,0.737,1.721,2.941,1.926,1.983,2.273,1.185,0.892,2.215,1.619,2.324,0.9,1.012,0.88,0.86,0.953,1.341,1.24,1.414,0.759,1.078,0.819,1.737,0.97,1.043,1.981,2.097,1.088,1.618,2.233,,1.997,2.442,1.679,2.608,1.688,0.302,0.812,1.2,4.805,3.256,2.549,1.392,12.171,2.13,2.887,2.193,3.165,2.289,2.089,1.683,1.493,1.526,1.248,1.469,2.262,1.041,4.213,,2.879,4.052,4.047,0.957,0.719,0.826,1.236,0.96,1.074,1.17,1.374,2.394,1.871,1.692,1.693,1.31,1.688,1.408,0.718,1.036,1.271,1.002,0.706,2.129,1.774,1.905,1.036,0.917,1.464,0.797,5.295,2.805,2.987,1.467,0.927,1.008,1.219,0.901,1.317,1.253,1.508,0.145,0.64,1.211,1.805,1.397,1.607,1.604,1.71,1.176,1.221,1.248,1.229,1.19,1.749,2.648,1.547,3.422,1.741,2.025,0.596,1.023,0.773,1.528,0.68,0.921,0.771,1.37,0.975,1.08,0.859,1.239,0.956,1.532,0.659,1.625,1.868,0.06,1.526,0.029,0.18,0.544,0.632,0.672,2.411,0.655,1.16,0.97,1.061,1.762,1.376,1.451,0.957,1.288,1.931,0.554,1.392,1.656,1.717,0.752,0.982,0.829,,1.456,2.142,1.708,2.19,1.384,1.249,1.201,1.644,1.307,1.88,2.209,2.367,1.161,2.351,1.162,1.183,1.229,1.335,1.046,1.57,2.104,1.974,1.566,1.014,1.205,1.094,0.829,1.158,1.283,1.586,,1.367,1.638,1.692,2.014,1.513,1.799,1.107,2.062,1.694,1.338,1.199,1.525,2.986,1.472,1.178,1.247,1.567,1.281,1.278,0.835,1.051,0.958,1.601,,1.412,1.876,1.992,1.929,2.568,1.239,1.373,0.802,1.204,0.978,1.755,1.439,1.251,1.54,1.105,0.929,1.847,1.607,1.424,1.233,0.506,,0.405,1.317,,1.08,1.371,1.155,0.502,0.434,1.09,0.397,0.779,1.138,0.714,0.715,0.921,0.52,0.598,0.359,1.355,1.707,0.402,0.341,0.529,2.374,0.92,0.612,0.791,0.067,1.087,1.162,2.057,0.767,1.053,,,3.452,4.798,0.709,0.489,0.244,0.659,2.641,3.318,3.094,4.551,4.212,3.852,5.743,3.647,,1.939,1.415,3.703,2.052,1.016,0.658,0.821,1.703,2.594,2.065,1.45,1.95,2.037,,2.439,1.721,1.053,2.728,1.827,1.521,1.846,1.702,0.879,,2.338,3.035,1.663,1.42,0.717,1.29,0.41,0.782,1.656,1.16,0.638,0.972,1.334,0.587,1.918,1.035,1.893,1.195,1.144,0.841,1.431,1.259,0.59,0.471,2.565,3.974,1.699,1.894,0.794,1.135,1.24,4.495,2.387,4.012,1.945,2.877,3.581,1.597,2.324,0.556,1.114,1.27,2.804,3.759,2.268,2.177,0.697,1.615,1.31
20160203,0,CO_24h,1,0.367,0.854,0.971,0.812,0.996,1.073,0.717,0.743,0.621,0.954,1.462,,1.014,1.366,1.472,0.959,1.206,2.037,,0.78,1.401,1.162,1.197,0.799,1.667,,1.366,1.661,1.749,1.522,1.472,0.921,0.639,1.856,2.377,1.816,2.373,2.129,2.144,2.015,2.882,1.952,1.315,1.708,4.171,5.939,5.21,5.887,3.97,4.055,3.212,3.156,4.136,5.522,0.618,0.676,0.382,0.602,0.522,0.997,1.156,1.397,0.912,0.638,1.306,1.029,1.094,1.032,2.954,3.405,2.314,2.43,2.661,2.741,,2.823,4.305,2.649,1.563,,1.365,2.499,2.67,3.431,2.963,3.062,2.903,1.65,1.982,0.991,4.164,2.285,1.739,2.042,1.374,1.198,1.638,1.543,,1.676,1.918,,1.659,1.426,,1.361,0.88,0.986,1.544,1.491,1.275,1.347,1.408,0.878,1.119,0.614,1.169,1.216,1.348,1.126,1.237,0.863,1.687,1.419,1.291,0.998,1.286,0.977,3.552,,2.324,0.898,1.498,1.345,2.013,2.146,0.814,0.947,1.567,1.377,1.275,1.171,1.226,1.33,1.243,1.687,1.061,1.765,1.391,2.439,1.65,1.86,1.61,1.549,1.266,1.667,1.275,1.439,1.452,1.647,1.476,1.183,1.593,1.557,1.684,1.265,1.109,0.87,0.982,1.789,1.463,1.101,1.336,1.736,1.937,1.653,1.697,2.004,2.245,1.512,1.696,1.187,1.31,1.556,1.602,1.327,2.076,1.842,2.44,1.655,1.777,1.856,1.542,1.235,1.924,1.361,1.378,1.287,,1.116,1.056,1.324,1.474,1.706,1.953,1.146,1.227,1.577,1.28,2.197,1.344,1.015,1.085,1.145,0.992,2.2,2.162,2.253,2.563,0.931,0.711,0.799,0.928,1.273,1.332,1.049,1.116,1.123,1.34,1.018,1.082,0.975,0.935,0.994,,0.863,1.006,0.793,0.942,1.117,1.265,1.081,1.02,0.834,1.146,,1.215,,1.017,1.224,,1.082,0.675,1.031,1.174,0.959,0.879,0.997,0.919,1.731,,,1.053,0.933,0.99,0.882,1.172,1.29,0.938,0.918,1.29,1.295,1.796,1.394,1.126,1.379,0.517,0.779,0.565,0.64,0.917,0.802,0.768,0.772,0.772,1.055,0.796,1.034,0.711,1.248,0.949,0.971,0.824,1.162,1.147,1.985,1.206,1.596,1.598,,1.531,1.651,0.755,1.487,1.163,1.284,1.496,1.393,1.781,1.007,1.566,1.967,2.125,1.768,1.556,1.496,1.644,1.536,2.131,1.895,1.094,1.292,1.569,1.373,1.494,1.57,1.752,1.571,2.052,0.935,0.99,1.764,1.051,1.329,1.387,1.335,1.633,1.037,1.5,1.342,1.011,1.001,,0.7,1.087,0.702,0.905,0.916,0.82,1.123,1.109,1.043,0.96,1.276,0.713,1.118,1.021,1.272,0.973,1.203,1.06,0.959,0.841,0.89,0.892,0.839,0.733,0.8,1.081,0.924,0.955,0.82,1.006,1.232,1.047,1.007,0.886,0.761,0.787,0.967,1.219,1.199,0.867,0.956,0.993,0.871,0.893,1.069,0.996,0.886,0.97,0.829,1.252,1.102,1.108,,1.162,0.935,1.304,1.203,1.326,0.999,1.298,1.307,0.861,0.893,1.153,1.065,1.191,1.08,1.394,1.422,1.388,1.454,1.336,0.993,1.353,1.441,1.209,0.945,1.062,,1.589,1.524,1.364,0.925,1.358,1.458,1.6,1.394,1.653,,1.971,1.213,0.764,1.538,0.85,0.978,1.119,1.27,1.345,1.115,1.17,1.181,1.02,1.257,2.041,1.416,1.694,1.805,1.188,0.955,0.579,0.344,0.358,0.286,1.453,2.267,1.769,1.751,0.602,2.718,1.356,3.749,3.374,1.935,2.501,1.942,2.098,2.754,1.875,1.391,1.723,2.157,2.09,2.382,1.737,2.331,1.045,2.535,1.717,1.868,1.278,2.024,,2.907,4.361,3.798,3.089,3.041,2.021,1.079,1.165,1.452,1.352,,1.401,1.246,1.227,1.375,1.189,0.836,0.971,1.323,1.742,1.403,2.016,2.349,1.38,1.676,2.284,1.356,0.908,0.422,0.621,1.083,1.551,1.545,1.108,1.018,2.236,1.61,1.89,1.77,1.261,1.401,0.955,1.665,2.413,2.195,2.08,0.736,0.842,0.925,0.724,1.957,2.503,3.002,1.787,1.632,1.896,2.279,,2.711,3.029,2.602,,2.652,2.935,3.269,3.049,1.47,2.342,2.175,,3.553,1.936,1.549,1.18,1.253,1.408,1.601,1.245,1.019,,0.911,1.358,1.804,2.025,,2.023,,1.634,1.832,1.892,1.748,2.144,,2.891,2.265,1.498,,0.738,0.94,1.183,1.164,1.133,1.387,,1.45,1.375,0.848,0.842,1.361,0.903,1.049,1.052,0.949,0.702,1.023,0.966,1.129,0.958,1.056,1.088,0.721,0.871,1.09,1.106,0.868,1.068,1.134,,1.284,1.199,1.172,1.01,0.923,0.894,1.003,,1.345,0.997,1.139,0.85,1.021,1.198,0.938,1.038,0.86,0.936,0.992,1.859,,0.915,1.161,1.809,1.548,1.771,1.924,1.963,2.634,2.886,2.257,1.572,2.223,2.821,4.564,4.682,,3.014,3.752,4.97,7.458,2.16,4.575,3.724,4.986,2.792,1.126,2.012,2.211,0.705,0.316,2.941,0.77,0.406,2.381,1.779,2.191,2.023,2.26,2.176,2.355,0.889,3.983,3.857,1.295,3.005,1.896,3.602,2.955,2.154,2.429,3.76,3.011,2.731,1.395,1.453,2.337,1.226,1.755,1.577,0.836,2.144,1.553,1.002,,0.738,0.615,1.246,0.681,0.841,0.697,1.906,1.669,1.885,2.198,0.923,0.838,0.796,0.768,1.247,0.839,1.296,1.224,1.824,1.133,2.615,1.386,1.476,2.225,2.242,1.927,0.966,1.028,0.461,1.351,0.766,1.609,0.521,2.31,2.034,2.309,2.933,2.414,1.744,1.604,4.094,7.151,2.473,3.578,4.971,2.284,2.1,1.689,1.987,2.238,3.204,1.403,1.787,1.599,1.807,2.299,1.12,2.068,2.985,3.483,1.266,1.11,1.329,0.982,1.338,1.303,1.692,1.861,1.563,1.382,0.691,1.398,1.526,1.028,1.01,1.456,1.607,0.819,1.319,0.832,2.851,1.54,1.538,0.607,0.863,1.053,1.101,1.32,,1.438,1.088,1.348,1.248,1.406,1.852,,1.445,1.341,1.064,0.873,2.87,1.542,1.303,1.238,1.652,1.416,1.25,1.678,1.246,1.176,2.75,1.858,1.414,1.155,0.894,1.039,0.898,0.902,1.383,1.381,1.225,1.723,1.258,1.9,1.364,1.635,0.761,1.87,1.213,1.195,1.405,1.456,1.155,0.677,1.019,,1.305,1.312,1.579,1.717,2.472,1.792,1.695,1.222,2.254,1.477,0.824,1.566,1.265,1.507,1.775,1.06,1.093,1.94,1.694,1.245,1.819,1.732,1.517,0.882,1.841,2.099,1.435,1.193,1.74,2.169,0.244,,1.976,1.557,1.196,0.897,1.083,1.947,1.575,0.967,1.466,1.688,1.339,0.979,2.18,,1.123,1.187,2.692,1.387,1.197,1.526,1.636,1.867,2.325,1.62,2.352,1.628,1.506,1.826,2.09,2.113,1.921,2.271,0.759,0.725,1.463,1.585,1.145,1.974,1.355,0.929,0.953,1.456,1.394,,1.349,1.642,1.569,1.701,1.218,1.446,1.167,,1.38,1.41,1.241,1.696,1.737,1.156,1.641,0.874,0.94,,1.148,1.014,0.943,0.993,0.988,1.384,1.166,,,1.042,1.068,1.095,1.435,0.707,1.434,1.934,1.634,1.567,1.311,2.05,0.802,1.022,0.907,2.093,1.796,2.519,3.638,1.77,2.102,1.728,1.446,1.986,1.747,1.864,2.611,,1.995,3.07,4.603,3.438,,4.018,3.269,4.073,2.286,3.233,3.237,,4.251,3.909,2.763,,0.974,1.216,0.755,0.247,0.612,0.497,2.064,0.809,0.92,1.298,1.066,0.762,0.356,0.738,0.177,1.542,1.793,0.485,3.118,0.374,0.742,0.543,0.913,1.208,1.714,1.277,1.689,1.801,1.237,1.731,0.847,2.936,2.25,4.409,2.026,1.158,0.927,1.206,2.427,2.021,1.471,2.755,1.576,1.687,1.757,0.619,0.713,0.661,1.218,1.157,0.964,1.455,0.459,1.51,1.504,1.326,0.572,2.585,0.541,1.164,0.932,0.848,0.613,,0.931,0.35,1.421,1.346,1.049,1.114,0.778,0.894,1.024,0.725,0.7,0.321,0.246,1.317,0.917,1.101,0.634,1.482,1.684,1.362,1.415,1.273,1.28,,1.345,2.547,1.397,1.654,1.129,1.901,1.5,1.836,2.463,1.75,1.303,1.667,1.601,1.687,0.873,1.162,1.231,0.688,0.221,0.61,0.246,1.435,1.319,1.496,1.989,,1.186,1.477,1.968,2.145,0.422,0.871,1.148,1.025,1.43,1.559,1.143,1.322,0.956,1.06,0.839,0.953,0.844,0.529,0.805,0.169,0.681,1.161,0.855,1.048,0.859,0.68,1.18,0.559,1.193,0.858,1.036,1.029,0.872,0.783,0.734,0.695,0.026,0.97,0.584,0.793,0.851,1.554,1.964,1.63,1.507,1.969,1.003,0.671,1.67,1.242,1.625,0.956,0.958,0.831,0.863,0.928,1.33,1.279,1.373,0.718,1.022,0.807,0.879,0.855,0.965,1.119,1.136,0.633,1.172,1.053,,1.625,2.095,1.363,2.168,1.29,0.289,0.665,0.783,3.935,2.325,1.946,2.111,5.734,3.079,4.296,2.546,3.499,2.716,2.457,1.993,1.808,1.649,1.64,1.693,2.356,1.397,2.045,,2.054,1.948,2.188,1.222,1.102,1.296,1.723,1.395,1.193,1.425,1.619,2.615,2.191,1.683,1.949,1.196,1.278,1.268,0.61,1.312,1.523,1.232,0.812,1.835,1.732,1.696,1.127,0.96,1.163,0.886,2.525,1.38,2.191,1.312,1.293,1.257,1.355,1.149,1.503,1.393,1.959,0.308,0.703,1.121,1.62,1.307,1.28,1.383,1.459,1.028,1.18,1.106,1.062,1.117,1.101,1.866,1.122,2.029,1.574,2.003,1.247,1.015,0.695,1.504,0.903,0.848,1.036,1.239,1.049,1.342,0.652,0.913,0.778,1.244,0.727,1.487,1.882,0.062,1.282,0.074,0.23,0.648,0.688,0.689,2.648,0.576,1.076,0.747,0.901,1.569,1.304,1.312,1.013,1.237,1.733,0.596,1.297,1.493,1.48,0.655,0.715,1.035,,1.409,1.67,1.57,1.591,1.509,1.108,1.047,1.422,1.328,1.661,2.014,1.948,1.231,2.219,0.918,1.352,1.326,1.418,1.13,1.541,1.71,1.881,1.603,1.09,1.468,1.268,1.012,1.185,1.3,1.534,,1.319,1.575,1.921,2.126,1.546,1.966,0.978,1.941,1.278,1.183,1.232,1.423,2.786,1.416,1.071,1.195,1.38,1.194,1.228,0.876,0.84,0.911,1.107,,1.39,1.653,1.416,1.698,1.947,1.243,1.439,0.797,1.232,0.971,1.589,1.305,1.133,1.408,1.346,0.895,1.745,1.476,1.529,1.289,0.53,,0.647,1.304,0.474,0.997,1.382,1.265,0.681,0.531,1.696,0.424,0.431,1.019,0.851,0.961,1.343,0.819,1.151,0.505,1.344,1.062,0.253,0.474,0.746,2.042,1.148,0.285,0.786,0.139,1.072,1.787,2.038,0.734,0.997,0.077,0.054,1.64,2.326,0.573,0.601,0.223,0.711,2.177,2.698,2.547,3.21,3.936,2.54,2.687,2.645,0.103,1.985,1.127,3.151,1.852,1.263,0.859,0.624,1.937,1.747,2.715,0.645,1.381,1.548,1.571,1.641,1.108,0.773,2.612,1.727,1.404,1.643,1.677,0.276,,1.816,2.693,1.342,1.719,0.871,0.635,0.669,0.8,1.267,1.129,0.793,1.007,1.694,0.687,1.471,0.789,2.03,1.195,1.24,2.34,2.824,1.732,0.782,0.491,2.836,3.052,1.6,2.502,1.015,1.257,1.425,2.712,1.981,1.922,1.444,1.344,2.818,1.846,2.199,0.724,1.136,0.921,1.693,3.184,2.985,2.039,0.819,1.711,1.297
20160203,1,AQI,30,29,36,53,42,36,52,32,52,25,43,85,,139,153,97,100,104,176,,95,90,115,138,85,182,,168,210,118,142,185,128,53,90,124,97,105,123,127,83,119,132,112,96,211,180,259,221,236,247,228,266,271,327,52,38,44,46,48,59,62,59,66,39,134,153,138,110,193,247,183,180,280,251,,129,222,159,107,,49,135,240,79,87,122,267,102,137,211,153,120,119,82,103,130,156,208,,214,228,,232,218,,229,63,59,83,63,58,55,55,52,95,35,163,123,107,189,165,115,169,200,189,105,125,132,185,,220,175,204,240,118,189,132,172,99,74,103,77,180,77,74,82,82,175,160,182,178,203,158,148,172,156,175,202,165,196,196,168,210,195,114,57,74,42,143,84,105,98,92,107,148,125,166,128,138,149,193,163,218,179,165,193,180,175,217,193,163,213,232,234,195,201,183,244,,153,176,200,160,163,228,252,173,224,172,212,137,76,66,80,64,236,237,230,222,108,79,57,115,93,114,112,115,117,112,69,114,119,130,114,,104,122,120,80,94,90,85,109,110,80,,93,,172,130,,89,117,97,100,120,109,107,83,84,,,80,77,97,80,132,64,133,115,144,166,123,112,133,124,29,40,26,49,26,33,36,43,33,120,97,68,128,93,109,90,139,135,175,172,147,149,163,,144,166,68,104,97,95,102,112,124,114,121,127,115,117,130,122,119,135,115,89,112,148,168,130,198,169,137,134,201,114,169,150,190,145,173,183,201,175,129,117,54,57,,48,50,48,55,50,55,53,93,45,45,43,53,28,50,55,28,36,36,53,46,42,46,50,45,52,45,58,62,45,59,74,43,42,53,33,43,58,43,31,57,54,46,38,46,50,45,52,42,33,36,63,36,,109,138,105,103,99,92,112,115,42,28,68,39,72,72,109,87,89,127,92,72,80,98,95,118,79,,92,82,112,82,92,93,79,79,78,,82,132,90,95,79,98,93,75,104,88,88,105,72,42,103,103,136,116,121,168,112,58,86,90,118,87,88,93,165,126,252,97,192,84,159,94,88,115,144,75,88,99,83,112,127,137,43,107,155,128,97,142,,271,416,331,437,311,415,163,168,169,148,,183,230,103,170,207,51,82,169,118,78,102,134,63,107,64,122,65,41,42,62,193,143,153,152,113,67,89,123,90,53,45,32,100,72,129,29,29,23,23,202,165,130,217,230,203,192,,361,291,214,,218,135,162,169,206,126,175,,144,192,234,208,295,493,224,77,52,,93,98,70,209,,155,,139,182,172,169,176,,264,205,158,,87,67,67,176,74,87,,59,57,64,63,65,38,40,43,28,35,35,39,38,40,50,39,38,33,48,46,35,53,20,,40,31,26,62,60,63,38,,29,69,54,77,20,23,28,38,28,40,29,38,32,42,57,53,58,207,176,186,127,78,78,77,123,119,166,176,,223,355,224,384,210,108,163,206,102,116,135,112,96,53,57,41,51,242,156,147,135,205,185,123,55,138,127,105,150,74,150,102,185,104,138,58,139,289,110,198,118,104,120,67,117,87,77,,72,56,60,64,43,62,160,186,175,216,80,84,72,64,78,53,84,133,84,118,134,122,104,113,127,103,102,119,112,108,77,150,103,113,112,118,158,165,120,180,234,175,124,195,193,94,88,127,115,60,49,188,64,118,135,97,95,62,103,92,82,180,186,219,224,170,115,135,118,127,130,140,115,72,110,105,109,156,143,119,178,152,62,73,119,119,137,115,,99,93,117,83,87,104,,93,87,18,18,67,85,95,80,173,168,182,163,143,138,89,87,63,77,140,125,108,127,134,128,139,129,62,73,113,70,107,143,123,120,138,130,85,73,79,,87,82,79,178,117,111,250,122,156,94,112,59,69,74,142,183,125,167,200,179,35,212,216,92,95,85,77,84,76,85,95,,104,144,169,103,95,137,196,180,117,144,120,131,175,,135,124,240,115,144,156,89,83,215,170,201,100,68,55,125,159,108,135,113,92,168,104,87,79,172,172,186,93,130,,178,179,133,101,72,75,124,,204,198,196,137,138,182,170,133,125,,,89,72,84,74,92,115,,,45,85,120,109,98,100,98,142,133,114,97,53,56,58,87,79,104,100,94,66,129,145,372,178,90,89,,117,109,208,212,,249,158,147,69,169,61,,103,264,133,,51,58,46,38,30,156,231,99,52,68,38,38,28,35,22,104,92,67,202,108,72,112,149,85,165,110,134,123,107,124,118,163,79,102,54,130,104,120,185,211,125,137,124,99,47,52,39,49,54,85,48,27,64,63,29,26,52,94,23,61,48,57,52,72,87,18,71,76,40,77,51,40,103,74,63,77,23,120,109,138,31,137,99,183,202,196,225,,205,159,152,67,97,113,168,137,70,94,70,108,72,90,142,118,103,122,85,89,75,248,216,248,103,,85,109,134,129,78,68,60,78,90,75,68,83,80,65,63,114,28,28,30,36,18,39,39,55,30,19,32,25,38,26,20,23,26,27,52,50,60,94,95,100,93,123,134,92,163,80,117,113,109,110,104,67,92,110,113,113,77,87,83,58,104,92,99,93,89,124,155,98,120,143,,86,97,79,92,72,88,92,87,144,102,103,150,234,130,127,132,163,150,182,90,100,115,113,110,119,118,134,,138,148,150,166,147,155,99,122,107,84,109,104,128,100,117,42,93,75,60,99,118,132,99,189,173,186,130,100,148,94,155,137,159,168,133,129,122,108,95,77,67,103,102,129,138,137,130,140,138,138,173,170,156,148,166,110,99,134,115,114,95,150,109,99,90,83,70,84,93,70,102,122,101,118,74,132,88,108,119,68,114,125,60,46,65,63,90,82,79,112,98,105,77,65,79,89,40,55,62,98,96,79,,98,124,117,60,61,90,93,102,139,159,188,114,103,88,104,83,120,85,84,132,123,150,123,88,87,80,73,63,87,99,,90,115,119,122,115,115,178,134,190,144,72,123,162,87,65,83,103,112,119,32,62,27,74,,57,80,89,93,127,59,77,79,75,108,89,105,112,94,68,62,75,85,42,57,84,,68,68,38,84,49,27,32,28,65,54,93,94,52,40,29,36,48,60,39,84,77,70,57,92,74,49,52,20,25,60,18,69,134,72,56,22,124,13,32,27,25,139,222,220,227,70,132,149,84,132,149,144,75,67,84,71,48,55,60,83,63,86,102,55,108,150,133,93,155,97,57,103,69,,169,105,62,82,51,124,47,57,75,43,173,152,169,80,102,114,78,98,73,124,150,64,54,32,186,437,81,94,89,93,90,232,208,246,128,135,127,97,158,34,28,45,143,225,384,69,38,90,54
20160203,1,PM2.5,21,20,22,37,29,17,36,22,36,17,30,63,,106,117,72,75,76,133,,71,64,87,105,46,137,,127,160,89,108,139,97,37,67,94,72,79,93,96,61,90,100,84,57,161,136,209,171,186,197,178,216,221,277,28,24,22,31,33,42,,42,42,21,102,117,105,83,145,197,138,136,230,201,,98,172,121,80,,32,103,190,58,64,92,217,76,104,161,117,91,90,60,77,99,119,158,,164,178,,182,168,,179,45,42,61,45,37,39,39,36,71,24,124,93,80,142,125,87,128,150,142,79,95,100,139,,170,132,154,190,89,142,100,130,74,54,77,56,136,56,54,60,60,132,122,137,134,153,120,113,130,119,132,152,125,147,147,127,160,146,86,40,54,27,109,62,79,73,68,80,113,95,126,97,105,114,145,124,168,135,125,145,136,132,167,145,124,163,182,184,146,151,138,194,,117,133,150,122,124,178,202,131,174,130,162,104,53,43,59,36,186,187,180,172,81,58,40,87,69,86,84,87,88,84,50,86,90,99,86,,78,92,91,59,70,67,63,82,83,59,,69,,130,99,,66,88,72,75,91,82,80,61,62,,,56,56,72,59,100,46,101,87,110,126,93,84,101,94,20,28,18,34,18,23,25,27,21,91,72,49,97,69,82,67,106,103,132,130,112,114,124,,110,126,49,78,72,71,76,84,94,86,73,96,87,88,99,92,90,103,87,66,84,113,127,99,148,128,104,102,151,86,128,115,143,111,131,138,151,132,98,88,38,40,,33,35,33,39,35,39,37,32,31,31,30,37,14,35,39,19,25,25,37,29,21,32,33,31,36,31,41,44,31,42,54,20,29,37,23,22,41,15,7,40,38,32,26,32,35,31,36,29,23,25,45,25,,82,105,79,77,74,68,84,87,9,19,22,25,26,52,82,64,66,96,68,52,59,73,71,89,58,,68,60,84,60,68,69,58,58,57,,60,100,67,71,58,73,69,55,78,65,65,79,52,29,73,77,102,79,71,,,33,35,67,89,64,65,69,125,85,202,64,144,56,121,,51,87,110,55,65,74,61,84,96,104,27,80,118,97,72,108,,221,374,281,314,261,372,124,127,128,113,,138,180,77,129,157,35,60,128,89,57,76,102,43,80,,92,42,24,29,43,145,109,117,116,85,48,66,93,67,37,30,18,75,52,98,20,20,16,16,152,125,99,167,180,153,144,,311,241,164,,168,103,123,128,156,95,132,,110,144,184,158,245,285,174,56,34,,69,73,50,159,,118,,106,137,130,128,133,,214,155,120,,64,45,48,133,54,64,,42,40,46,45,47,18,20,24,19,20,20,27,26,28,35,27,26,23,33,32,23,37,14,,28,17,18,44,43,45,26,,20,50,38,56,14,16,17,26,19,28,20,26,22,29,40,37,41,157,133,140,91,57,49,56,93,90,126,133,,173,305,174,334,160,81,124,156,76,49,79,76,61,23,38,19,15,192,119,112,103,155,139,93,39,105,65,79,115,54,115,76,139,78,105,40,106,239,83,148,89,78,91,48,88,64,56,,52,39,43,34,30,44,122,140,132,166,59,62,52,46,57,37,62,101,62,89,102,92,78,85,96,73,51,90,69,70,56,115,8,85,84,85,120,125,91,136,184,132,94,146,145,70,60,96,87,43,33,141,46,89,103,72,71,44,77,68,60,136,140,169,174,129,87,103,89,96,99,107,87,52,83,79,82,119,109,90,134,116,44,53,90,90,104,87,,74,69,88,61,64,78,,69,64,9,10,48,63,71,59,131,127,137,124,109,105,66,57,42,56,107,95,81,96,102,97,106,98,36,39,85,51,80,109,93,91,105,99,63,53,58,,64,60,58,134,10,37,200,92,119,70,84,42,48,51,108,138,95,111,150,135,,162,166,68,71,63,56,62,52,49,39,,78,110,85,77,37,104,147,136,88,104,69,67,132,,103,94,190,87,110,119,66,61,165,129,151,73,49,28,95,121,81,103,85,68,127,78,59,54,130,130,140,69,99,,134,135,101,,46,48,94,,154,148,147,104,105,137,129,101,95,,,66,49,59,52,68,87,,,31,63,91,82,73,75,73,108,101,86,72,37,28,41,55,44,78,49,70,35,98,111,322,134,67,66,,88,82,158,162,,199,120,112,50,128,33,,62,214,101,,22,41,32,26,21,119,181,74,36,49,26,21,13,24,12,78,68,48,152,81,52,84,114,63,125,83,102,93,80,94,89,124,58,76,38,99,78,91,139,161,95,104,94,74,30,34,26,34,38,63,33,16,46,45,20,16,36,70,16,43,33,40,36,52,64,3,38,41,28,56,29,28,77,54,45,56,,91,82,105,19,104,12,138,152,147,175,,155,121,116,34,72,85,127,104,51,70,51,48,52,67,108,89,77,92,63,66,55,198,166,198,77,,63,82,102,98,57,46,43,57,67,55,49,61,59,46,45,86,19,19,21,25,11,24,27,39,21,6,22,17,26,18,14,16,18,15,36,35,43,70,71,75,69,93,102,68,124,53,88,77,82,83,78,48,68,83,85,85,56,64,61,35,78,68,74,69,66,94,118,73,91,109,,56,72,44,34,52,65,68,64,110,76,77,115,184,99,96,100,124,115,137,48,75,87,85,83,90,89,102,,105,109,115,126,112,118,74,92,80,62,82,78,97,75,88,29,69,55,43,74,89,100,74,142,131,140,99,75,113,70,118,104,121,127,101,98,92,81,71,56,48,77,76,98,105,104,99,107,105,105,131,129,119,113,126,83,74,102,87,86,71,115,82,74,67,61,51,62,69,46,76,92,74,89,54,100,65,81,90,49,86,95,43,32,47,45,67,60,58,84,73,79,56,47,58,66,21,36,44,73,70,58,,73,94,88,20,31,67,69,76,106,121,141,86,77,65,78,61,91,63,62,100,93,115,93,65,64,59,53,45,64,74,,67,87,90,92,87,87,134,102,143,110,52,93,123,64,47,61,77,84,90,22,44,15,54,,40,59,66,69,96,42,56,58,55,56,66,79,84,70,49,38,55,63,29,39,62,,49,47,26,62,31,14,22,14,47,32,69,70,26,27,20,25,33,43,27,48,56,51,40,68,54,34,36,11,17,40,5,22,31,26,23,,94,9,22,9,9,106,172,170,177,45,100,114,62,100,114,110,55,48,62,45,33,39,43,39,33,56,76,33,81,68,38,69,118,72,26,77,50,,128,79,44,18,27,94,21,40,55,30,131,116,128,,76,86,57,64,53,94,115,46,26,7,134,378,56,70,66,64,36,182,158,196,76,103,96,72,120,20,7,31,109,175,334,50,26,67,38
20160203,1,PM2.5_24h,35,11,29,33,26,29,34,28,27,15,26,45,,42,42,28,28,35,42,,30,27,53,32,27,65,,48,60,53,51,61,50,22,46,63,39,44,53,54,37,64,47,37,36,116,132,172,108,136,169,129,149,153,187,20,17,15,21,21,37,43,31,36,17,36,28,37,31,92,118,73,121,144,135,,80,111,78,58,,26,67,77,36,40,48,73,61,59,64,102,74,43,63,43,87,116,93,,120,156,,130,97,,119,69,60,47,55,37,42,44,44,59,27,88,91,78,91,84,64,90,98,94,84,87,94,113,,138,117,137,149,92,106,90,128,97,93,98,78,103,91,78,87,85,116,104,118,110,125,112,99,114,107,113,118,94,117,106,98,116,107,99,90,102,93,102,70,77,75,73,115,122,121,121,132,122,113,89,103,112,86,102,102,131,105,123,108,103,121,114,118,123,114,123,127,,114,118,128,124,95,116,152,112,127,105,112,102,95,78,107,57,139,137,127,117,86,71,55,89,82,91,93,92,88,90,62,54,79,59,67,,66,67,74,61,68,59,61,76,82,60,,82,,99,87,,63,70,66,84,56,54,93,78,75,,,65,65,82,64,100,91,102,101,114,124,122,98,114,104,20,20,19,26,19,20,15,21,17,99,71,64,99,83,98,65,90,89,97,109,75,88,92,,84,86,42,81,71,60,73,79,75,75,71,74,75,74,64,84,73,66,65,55,110,115,119,111,117,122,120,106,117,93,117,100,121,113,113,128,123,122,112,116,24,21,,19,20,19,25,19,25,21,16,20,18,19,23,7,19,16,10,12,12,20,17,20,16,19,17,22,18,24,26,15,18,23,17,16,20,11,11,23,9,6,21,20,18,14,16,17,16,19,12,11,18,22,11,,62,65,61,61,57,56,62,66,4,15,16,17,20,44,63,52,48,59,55,37,48,56,53,57,48,,53,43,54,48,109,89,87,83,87,,88,88,79,82,66,82,76,70,84,74,75,46,29,16,40,42,52,36,44,41,24,21,30,23,70,41,74,60,49,60,81,63,104,47,89,,36,89,97,46,70,82,61,84,100,100,59,63,73,95,58,74,,195,311,220,193,226,273,111,116,114,118,,138,152,119,141,155,49,119,127,107,42,60,59,40,55,54,30,28,12,18,27,78,72,64,55,92,74,77,95,67,58,40,62,69,57,81,24,21,24,18,124,103,87,96,113,105,95,,165,159,141,,136,110,131,128,115,86,92,,113,117,161,190,180,182,149,57,48,,23,62,59,103,,89,,95,151,150,126,94,,141,99,73,,39,44,37,104,77,93,,27,24,31,27,31,13,15,18,18,16,14,20,17,20,22,20,16,16,17,18,14,16,9,,12,7,8,27,26,27,13,,14,24,16,20,8,7,9,13,13,12,14,17,13,18,23,25,27,165,149,157,34,45,39,44,53,71,94,101,,92,132,89,189,89,45,69,89,36,26,56,78,33,16,82,31,21,126,65,72,85,90,96,78,41,81,70,77,95,43,108,99,104,112,112,86,88,98,65,113,82,94,64,46,82,75,58,,39,38,37,38,40,67,84,74,102,120,63,82,67,36,34,37,77,102,80,103,99,94,109,87,103,91,60,100,80,90,92,107,16,66,50,46,78,72,50,54,128,107,82,102,122,111,116,111,104,58,44,96,59,102,91,86,71,39,42,51,38,110,118,124,113,121,86,92,95,81,80,90,85,34,88,76,91,110,107,94,81,91,55,53,66,67,75,65,,55,59,64,72,75,81,,77,84,8,8,83,96,93,92,110,111,121,106,92,100,38,45,32,48,87,93,70,88,108,114,105,109,72,91,100,95,86,102,97,104,109,106,68,64,71,,66,35,35,95,19,59,162,51,68,58,60,28,38,50,61,90,78,58,94,80,157,110,108,53,47,59,45,57,48,57,51,,76,100,45,55,34,75,94,91,83,74,58,47,115,,67,66,106,66,63,79,59,63,103,75,87,68,64,46,80,78,70,84,50,38,61,45,42,27,104,106,99,88,105,,101,151,107,,85,90,104,,117,113,116,96,118,109,113,96,99,,,69,60,64,55,75,79,,,61,59,123,91,63,89,94,137,143,124,117,31,21,32,58,56,83,53,76,64,94,78,155,87,49,59,,69,84,104,112,,117,78,56,29,56,27,,47,158,127,,29,41,30,20,19,48,73,42,46,60,25,31,16,11,5,51,60,47,79,35,26,42,69,63,75,72,65,134,84,86,97,82,41,62,39,81,78,76,101,105,94,106,94,85,33,32,53,43,55,59,49,16,32,36,14,17,45,30,20,41,40,48,36,39,61,32,29,26,34,38,20,40,76,38,25,22,,72,77,48,23,102,94,128,134,137,144,,149,147,152,67,75,103,139,115,95,109,93,80,100,99,111,102,83,89,78,85,65,148,126,153,87,,93,111,120,113,57,48,47,60,82,80,52,57,46,69,57,90,21,27,23,26,17,16,18,20,19,7,19,16,19,9,8,9,11,19,25,21,63,76,72,72,73,58,111,106,104,104,80,58,60,91,49,67,65,74,74,71,48,60,65,34,67,68,68,57,62,71,82,70,66,80,,51,69,45,39,38,56,51,50,94,87,82,137,151,122,121,106,124,122,143,43,79,110,118,103,108,106,109,,118,94,97,147,145,153,112,126,86,95,98,98,110,88,104,15,41,49,34,106,96,92,77,116,116,125,76,75,92,63,68,70,94,92,97,97,95,79,101,82,62,64,66,107,107,103,99,108,109,89,97,91,92,87,86,66,75,64,85,76,153,100,86,88,56,52,45,56,64,76,82,76,79,83,55,82,39,68,83,48,76,89,29,23,35,30,50,48,46,61,64,66,63,52,61,74,13,21,28,49,65,42,,66,80,77,31,39,45,47,64,85,83,108,80,75,66,70,80,89,75,75,130,119,118,125,78,94,88,87,42,56,57,,57,85,94,95,92,94,108,75,93,87,71,89,113,58,39,59,68,75,87,15,31,27,41,,29,28,44,50,49,63,77,68,72,68,45,55,56,49,53,49,63,60,25,29,63,,49,51,63,44,28,32,32,23,36,37,62,49,40,42,90,75,102,46,27,30,50,58,51,76,82,28,43,15,17,38,33,31,19,20,25,,87,16,26,7,13,125,119,109,114,27,52,53,49,75,91,78,33,26,73,53,33,41,58,44,33,65,67,42,72,65,52,47,72,44,25,80,41,,93,56,32,20,49,85,38,38,20,23,126,88,110,,91,80,46,52,48,76,76,41,36,11,147,280,40,69,61,67,57,114,137,103,63,106,72,84,106,26,8,22,107,177,254,36,21,74,21
20160203,1,PM10,,24,23,,,18,53,,,,32,,,184,167,112,123,157,195,,129,129,133,167,120,150,,219,197,185,171,201,147,53,126,125,111,96,122,99,85,128,143,174,141,253,185,300,299,226,267,207,246,280,351,53,38,44,46,42,48,74,62,81,39,145,138,119,112,168,208,247,192,284,231,,132,206,171,124,,49,151,276,100,117,128,308,118,140,,,124,138,88,100,154,154,239,,282,248,,242,293,,227,56,60,78,71,65,59,55,47,98,32,222,137,142,145,136,112,138,190,157,127,114,110,157,,199,156,174,218,118,153,,163,,,,65,154,,,60,60,199,184,202,185,221,190,159,230,183,,171,152,169,174,194,160,169,98,62,77,42,137,108,143,77,102,146,172,168,198,177,176,182,295,227,313,194,158,215,157,168,195,209,159,218,215,212,181,216,181,218,,172,182,,177,230,234,210,168,215,169,243,166,101,81,81,78,224,210,247,258,114,83,45,140,90,142,123,125,143,129,69,119,126,145,118,,100,123,138,78,94,86,84,110,107,84,,106,,166,122,,117,106,,141,119,101,81,75,,,,110,63,,73,,68,138,87,111,151,,87,108,,29,36,25,,,33,32,43,33,129,110,80,108,,,,,116,153,192,171,193,154,,165,195,62,107,84,115,100,159,,154,192,162,134,116,123,145,131,103,112,101,88,192,185,142,239,,110,,161,,140,126,,,164,146,,136,,,53,47,,,36,,45,47,40,40,,,,32,37,28,36,44,23,36,30,43,46,42,39,50,,40,33,41,,31,,,43,37,51,27,43,41,43,31,,,,31,41,47,38,37,33,23,30,,32,,88,120,99,107,87,82,139,118,14,26,36,39,,60,96,77,69,,80,65,81,81,101,114,71,,,74,118,86,89,88,80,76,67,,73,131,73,77,82,82,97,73,83,101,103,114,89,31,156,98,221,182,192,286,173,65,122,130,151,118,118,134,212,201,259,144,197,118,197,138,126,143,153,98,98,100,82,118,130,145,43,,153,162,100,111,,340,394,339,537,331,495,200,199,190,182,,184,209,137,167,178,51,97,227,101,82,97,180,76,113,,133,79,41,41,74,229,147,163,161,119,81,92,106,72,44,45,32,120,84,140,20,23,16,20,235,150,182,256,245,242,224,,419,332,228,,270,169,127,201,222,201,227,,176,,242,195,340,593,208,75,53,,87,86,90,204,,156,,164,204,184,237,285,,385,248,202,,79,83,75,164,98,96,,54,47,56,52,55,38,40,43,28,35,35,29,36,33,,,31,30,41,32,35,,,,,31,25,,,,,,20,,47,,,,28,35,22,36,24,33,26,34,56,42,49,210,185,198,203,81,106,,121,97,188,178,,222,366,225,,,128,179,,,182,219,174,141,55,64,41,52,270,166,184,174,263,213,145,50,134,203,136,126,96,190,104,214,129,180,66,115,,137,172,99,87,109,78,130,76,72,,67,62,70,77,42,55,179,189,149,276,65,,77,59,64,56,,119,82,116,129,117,112,139,126,88,83,101,,,75,,,124,146,185,161,133,99,178,201,266,,259,253,,125,122,115,54,49,236,52,174,165,94,79,71,132,117,92,173,181,,214,164,138,211,130,135,135,135,122,63,89,89,95,123,159,,193,133,,57,,99,104,109,,,72,,,96,99,,99,81,,,61,84,84,70,153,,155,147,134,123,116,123,76,86,120,126,110,103,125,110,112,118,74,95,,69,117,137,141,122,143,147,82,68,,,,61,72,,184,172,241,162,146,98,122,66,88,97,177,168,150,284,217,254,,238,204,91,105,88,90,92,102,119,139,,112,114,288,129,140,153,264,290,162,238,190,212,179,,138,128,240,,154,150,97,87,207,149,,149,70,59,122,149,84,151,108,76,164,148,123,108,185,179,183,103,135,,148,179,139,151,94,99,98,,192,186,191,105,110,170,157,149,116,,,108,94,118,98,93,112,,,,,115,111,75,137,119,161,103,126,125,51,61,41,123,107,148,150,129,82,158,,376,175,76,82,,106,107,180,229,,287,208,202,57,150,71,,156,303,132,,52,44,40,30,28,164,270,105,47,63,35,38,17,26,16,110,85,62,203,135,84,120,185,85,165,116,215,137,113,117,132,,87,93,48,118,89,112,164,183,142,192,126,88,47,54,39,43,48,82,,27,54,56,26,19,,135,19,71,46,51,49,76,82,18,92,102,38,61,52,,,60,,57,23,132,90,115,31,120,148,,170,164,185,,179,154,,84,100,120,144,121,70,85,66,166,85,93,125,122,88,92,,74,81,251,176,217,94,,68,101,107,103,74,85,60,68,69,72,77,63,,80,71,107,25,20,,35,18,39,33,39,25,,,,27,,15,23,25,27,36,47,60,110,108,109,82,113,147,126,171,110,111,176,121,118,102,50,71,91,85,92,66,71,78,65,92,69,83,75,79,139,166,97,107,146,,121,125,108,133,85,93,114,115,119,,120,164,268,132,136,178,276,195,190,130,124,114,127,120,143,134,173,,163,245,163,164,134,151,87,141,84,65,102,107,98,85,110,42,94,70,61,89,106,103,,154,178,187,128,117,121,115,199,159,158,162,136,132,158,128,89,72,84,94,90,103,130,157,110,122,123,113,137,139,138,125,,96,104,156,135,119,136,167,147,113,94,76,90,76,113,89,96,159,151,138,65,111,74,106,112,78,107,145,44,35,,46,82,69,62,91,,90,,57,62,,40,59,58,85,141,63,,,143,121,70,71,76,74,143,137,,165,118,95,89,96,83,,71,,117,126,171,132,,77,63,69,65,90,81,,93,115,107,112,109,123,197,163,220,186,76,141,147,80,79,95,106,121,121,25,,27,,,47,70,100,83,135,62,76,77,78,59,90,90,96,75,58,73,67,89,33,63,84,,57,86,30,69,49,27,24,22,67,57,70,74,53,40,,30,46,,32,117,70,,,115,65,,46,20,,70,,88,218,94,62,,142,12,31,10,,135,187,179,197,90,150,145,117,119,,140,83,,77,92,34,47,57,115,76,122,116,59,108,250,215,103,,103,63,95,68,,167,142,67,113,51,122,47,60,84,30,152,144,,110,92,121,80,145,82,162,200,,58,32,321,537,112,118,93,136,130,251,206,272,205,208,,,,34,12,33,173,304,393,79,31,81,42
20160203,1,PM10_24h,,19,45,,,44,42,,,,38,,,88,66,43,53,57,59,,66,59,96,56,63,97,,94,88,103,98,100,76,50,84,95,80,84,83,86,57,100,72,78,86,169,181,219,189,177,218,172,186,207,228,38,38,43,46,34,53,65,52,58,36,61,50,44,43,128,136,141,165,195,165,,123,147,120,69,,38,95,111,64,81,76,112,103,99,88,177,98,72,99,78,135,154,147,,187,213,,175,170,,145,85,81,64,87,73,58,88,59,82,46,158,131,128,117,106,82,121,132,117,135,107,115,130,,170,154,171,186,125,126,109,161,109,109,111,100,118,96,81,99,108,159,150,159,145,221,158,144,170,152,134,155,113,142,128,147,138,125,115,128,138,120,135,116,144,104,111,212,169,204,195,208,190,178,178,172,177,144,127,152,161,139,147,156,139,165,147,148,153,157,162,175,,154,159,147,176,188,170,172,139,169,155,176,160,144,119,138,109,157,169,165,181,113,91,66,118,98,122,122,119,137,124,84,76,108,90,95,,84,86,109,71,82,70,73,103,101,98,,104,,117,107,,107,80,,83,78,65,84,91,80,,,97,78,90,87,118,99,120,105,128,164,147,111,124,105,26,29,27,22,21,30,18,36,27,130,114,97,115,96,72,67,103,124,134,185,123,174,128,,138,149,61,117,104,105,102,142,122,120,122,138,123,118,116,131,117,110,106,87,116,144,155,147,153,148,126,144,156,,132,119,143,116,140,148,116,136,142,115,31,31,,21,24,31,28,30,28,27,20,20,22,20,26,16,21,28,13,18,17,25,23,32,23,32,17,28,23,27,28,20,15,17,28,23,26,21,22,27,24,16,15,21,21,24,22,25,24,28,22,22,27,35,20,,59,69,77,78,68,64,80,104,11,21,24,26,25,58,75,69,57,74,69,51,62,64,65,65,54,,65,54,66,58,140,122,112,102,110,,113,130,86,88,92,82,99,88,82,101,113,71,48,32,73,66,81,73,142,123,88,66,91,65,113,83,95,97,94,136,120,133,145,98,162,118,77,164,143,95,111,116,88,124,144,151,86,95,111,146,80,103,,321,386,285,355,299,407,136,199,137,149,,173,169,155,177,164,68,138,201,123,62,80,111,94,76,75,57,48,23,31,55,123,93,93,75,136,108,116,136,87,80,64,114,119,96,141,34,33,30,29,182,155,150,164,169,173,165,,229,236,193,,196,174,166,180,169,148,157,,195,153,207,216,255,272,207,82,83,,36,85,116,159,,131,,156,195,201,203,168,,217,140,123,,57,72,66,142,113,141,,32,31,40,37,34,26,34,35,25,31,30,28,25,30,22,24,21,31,25,26,20,9,19,,14,12,13,22,24,24,18,,24,11,27,21,12,13,16,21,20,23,27,27,19,24,32,42,39,221,206,216,80,71,87,58,99,82,136,147,,132,187,168,238,92,93,111,97,45,65,121,148,86,39,130,53,39,188,102,119,140,147,146,125,56,107,155,134,124,94,163,121,170,178,161,141,106,115,97,148,119,137,80,73,133,77,76,,48,52,59,72,55,67,117,113,142,192,81,87,95,49,74,54,84,110,102,137,114,119,146,118,122,119,108,136,,102,124,113,26,102,75,104,125,104,67,80,149,190,153,169,187,163,180,153,115,89,66,152,102,149,123,113,85,75,78,102,71,151,154,110,135,159,126,148,124,115,93,109,119,189,102,85,119,121,161,93,128,111,63,64,59,65,80,79,,53,63,58,72,94,91,,94,100,16,14,86,127,125,131,131,,137,128,103,117,62,93,56,72,101,117,96,107,129,135,128,145,106,126,116,116,122,124,138,130,128,153,88,69,81,,72,55,72,120,195,134,163,84,84,80,83,50,60,85,106,109,123,164,135,150,,155,121,78,83,84,70,99,84,141,130,,130,143,111,77,94,110,182,136,163,163,156,154,164,,106,104,149,105,96,110,84,94,138,103,121,106,85,74,115,110,112,119,73,53,79,63,69,69,142,133,135,128,140,,115,201,142,164,141,140,114,,160,164,154,106,116,131,139,135,136,,,114,104,114,96,97,99,,,95,99,153,116,76,144,130,174,157,140,166,45,43,46,153,136,151,156,130,115,110,89,195,121,69,88,,82,121,115,147,,159,136,102,33,67,57,,94,238,184,,68,70,47,30,26,67,120,71,66,82,49,49,26,19,11,76,82,58,146,68,49,88,99,100,127,92,130,171,116,120,126,58,54,75,51,96,92,99,121,124,145,207,122,109,58,53,66,65,68,63,42,24,43,54,25,26,85,48,21,56,50,59,48,63,87,36,73,61,44,49,38,53,85,41,30,25,28,112,102,65,36,124,150,157,163,151,160,,171,178,,101,95,143,159,125,120,131,123,119,126,133,131,132,106,83,83,95,96,188,145,187,105,,98,124,125,126,78,75,62,73,87,99,77,68,53,100,91,113,32,28,32,33,22,24,24,26,24,11,21,17,36,12,12,15,17,25,36,32,81,96,116,92,92,79,151,126,132,123,94,119,89,108,81,66,77,85,72,81,60,69,74,67,75,74,76,70,82,96,114,83,82,100,,94,102,91,102,62,69,78,82,131,113,99,190,202,169,179,194,258,220,214,136,139,123,175,149,165,165,171,,165,179,134,199,183,224,146,169,113,125,118,135,125,106,122,27,59,64,51,115,105,115,98,135,161,172,111,111,115,102,101,101,115,122,135,133,152,130,109,98,104,81,79,120,121,118,108,120,124,99,109,107,113,103,,80,91,112,122,105,121,123,135,116,78,67,82,69,93,98,108,122,124,108,77,94,83,84,101,78,102,142,33,26,48,40,61,54,53,69,67,77,66,65,70,69,28,40,39,54,67,48,,68,98,95,61,64,51,49,117,122,92,139,97,91,85,99,101,99,98,95,151,141,158,171,86,113,103,114,55,74,67,,80,108,112,114,137,122,155,129,146,137,103,131,131,75,80,91,98,112,115,33,41,42,42,,34,33,63,60,64,80,107,94,102,76,60,58,66,54,77,100,76,77,34,49,77,,59,81,53,63,48,42,41,35,56,129,78,71,52,59,120,108,159,59,40,74,68,60,60,98,90,38,58,20,30,70,,83,107,60,59,,127,34,29,19,15,90,143,127,145,55,98,81,81,96,109,94,55,,96,96,44,62,83,90,85,111,113,69,105,156,162,69,106,70,56,91,64,,131,112,52,94,80,120,67,78,55,50,135,124,137,100,111,105,88,115,78,136,128,101,82,29,346,393,93,129,132,184,151,186,180,179,223,216,82,107,101,40,22,30,158,280,405,56,32,87,28
20160203,1,SO2,11,12,15,14,16,12,26,5,11,11,24,34,,66,72,55,42,32,77,,49,51,65,59,21,106,,158,144,49,126,118,109,35,57,88,55,62,76,51,55,107,37,104,73,83,90,181,124,129,157,116,169,144,201,25,21,22,42,33,16,25,15,25,26,28,47,52,69,106,127,174,110,153,127,,101,235,201,61,,65,139,211,110,175,104,379,53,89,57,47,64,46,57,29,68,56,59,,183,266,,87,602,,270,78,45,43,48,68,26,40,36,54,20,132,110,47,24,74,26,20,20,10,36,45,40,42,,81,105,21,52,95,78,43,43,20,18,20,21,26,16,13,19,21,13,21,23,45,28,15,19,15,9,17,20,19,22,17,18,35,28,22,12,26,16,15,37,36,57,35,61,48,21,25,44,33,12,23,8,20,19,40,24,30,27,33,28,30,34,27,24,35,37,25,35,,17,24,30,20,20,16,39,28,21,20,36,61,17,11,13,19,38,31,35,24,6,8,7,9,4,8,9,11,24,6,7,22,10,28,17,,15,16,13,5,2,3,8,14,9,43,,12,,17,34,,8,10,10,10,14,7,7,7,6,,,6,4,7,3,26,21,20,17,21,3,14,36,3,36,6,11,5,8,7,5,3,5,4,16,16,15,17,20,17,5,34,17,45,66,40,75,70,,73,34,7,49,33,41,31,48,52,63,61,37,28,34,31,27,37,35,27,21,4,10,12,12,8,11,9,6,13,4,8,13,9,9,16,10,20,62,4,4,2,2,,10,3,4,4,2,5,4,5,4,5,5,5,9,8,5,4,6,1,7,7,14,10,6,5,6,6,5,6,3,8,8,6,7,11,8,6,5,5,12,7,7,11,4,8,6,4,3,4,7,2,6,8,,14,18,13,15,15,10,9,13,4,2,3,4,10,6,8,8,20,19,10,7,7,10,25,19,7,,17,15,12,14,10,8,15,7,5,,6,22,21,53,26,39,58,59,64,33,39,16,10,15,5,26,14,7,5,11,8,6,8,8,34,20,17,33,7,37,25,34,16,74,35,14,14,38,26,46,30,35,22,39,26,23,45,45,101,55,76,79,,6,8,25,20,30,7,25,15,31,23,,49,33,24,13,36,30,7,23,3,35,52,73,25,59,104,158,68,17,8,55,31,38,37,26,55,13,40,140,38,37,19,32,88,32,63,6,5,7,2,65,44,78,105,126,97,68,,110,71,76,,87,59,36,39,163,260,84,,90,135,68,48,56,19,44,37,45,,47,20,20,100,,77,,78,34,25,70,78,,77,42,52,,80,66,74,84,114,44,,20,8,8,6,10,16,7,11,8,5,8,5,3,10,6,10,5,9,8,7,11,5,1,,7,6,7,3,2,5,3,,6,7,7,12,6,9,3,3,1,3,6,33,17,15,12,6,8,46,28,35,45,239,94,32,309,308,277,226,,269,467,33,96,121,127,41,115,89,114,195,173,,58,93,28,29,316,213,84,167,123,76,96,27,67,100,33,37,24,146,100,154,95,172,48,27,134,112,45,144,179,53,24,58,32,21,,16,56,41,39,27,28,31,45,66,53,8,21,18,35,54,32,6,10,34,8,18,13,15,17,25,509,504,507,534,522,16,520,508,92,69,55,70,44,53,31,117,177,173,168,191,45,37,34,42,51,67,46,45,25,87,43,102,54,31,58,20,10,11,5,13,13,37,53,45,11,14,10,35,17,16,19,25,6,20,8,3,6,1,1,20,18,18,18,,8,12,10,7,13,15,,18,8,3,4,4,8,10,7,13,23,14,45,16,12,18,65,31,16,6,10,6,13,5,5,9,4,6,4,12,8,10,6,6,29,69,5,28,17,10,,30,12,23,6,27,14,11,52,58,26,35,27,34,35,155,28,9,21,16,17,24,36,17,13,19,28,15,119,19,32,8,,129,169,228,145,5,4,6,3,4,24,4,14,96,,38,40,191,87,54,40,33,23,170,60,55,40,60,50,10,31,43,62,8,19,13,26,45,37,32,15,51,19,21,,12,16,16,20,15,25,25,,35,33,45,18,12,22,17,18,19,,,8,3,6,6,8,9,,,19,70,22,8,6,34,30,40,30,32,29,7,9,6,255,165,211,224,166,105,252,311,356,228,114,38,,32,126,122,164,,203,302,77,48,42,42,,183,236,107,,51,44,21,4,1,37,173,27,25,43,9,19,6,47,31,22,60,35,138,114,132,159,88,36,164,62,166,87,37,44,74,192,35,51,49,62,83,30,35,43,85,104,107,119,19,21,14,10,15,17,1,27,4,44,18,11,9,35,6,40,24,25,23,18,20,5,25,13,5,32,19,5,,35,52,68,30,206,65,25,16,26,19,5,25,40,21,,5,9,25,25,6,26,35,39,20,7,6,12,7,14,68,2,31,42,5,3,4,5,14,11,34,,20,24,16,47,19,11,18,17,,26,6,6,4,14,7,14,3,2,6,6,1,10,22,6,5,,10,16,4,8,4,5,6,4,7,5,2,3,3,3,1,7,35,25,27,3,2,8,15,22,14,39,12,21,16,15,13,26,10,8,20,5,17,7,4,20,8,26,11,23,,19,73,9,11,4,14,22,14,34,63,49,50,76,48,71,35,33,40,81,38,34,32,39,74,83,37,61,,23,35,18,34,59,30,52,26,37,63,2,12,3,49,1,10,14,6,11,39,41,22,20,20,20,55,55,21,43,21,22,17,6,10,3,3,4,5,24,24,16,5,14,10,12,20,18,26,21,5,18,13,17,18,2,4,17,27,20,6,15,12,2,22,10,12,16,12,10,36,4,21,74,3,7,48,23,4,4,4,42,10,13,37,9,3,6,8,5,46,13,23,15,17,18,25,8,4,13,2,15,16,,4,10,9,17,10,8,11,14,25,14,13,9,10,5,12,8,3,19,16,11,13,11,12,3,7,7,2,27,8,7,,10,6,2,13,4,10,19,36,13,6,1,3,6,6,6,15,11,17,15,13,15,4,25,,5,16,17,14,40,11,10,3,17,46,82,70,83,84,17,8,16,15,24,8,23,,22,38,4,20,26,2,,5,3,11,6,2,12,10,6,7,11,3,3,3,7,5,12,5,4,2,6,13,3,9,6,6,6,10,2,63,17,12,14,10,7,14,15,12,28,19,127,140,113,15,30,25,36,15,19,16,20,18,16,38,73,45,18,40,31,31,5,13,46,17,29,37,18,,13,20,49,39,24,23,8,25,4,29,96,189,111,22,70,59,17,25,9,28,28,7,5,3,39,50,16,34,16,30,1,14,14,15,53,149,43,34,36,3,8,13,12,8,10,42,11,187,3
20160203,1,SO2_24h,19,8,13,18,14,13,24,10,9,10,18,27,,36,38,23,18,11,33,,16,18,35,27,5,42,,100,94,52,98,89,84,34,41,43,37,50,49,49,77,114,46,59,60,151,97,176,142,143,109,96,120,108,146,33,30,36,47,29,26,23,21,33,26,31,25,29,35,92,65,96,96,91,93,,116,177,117,50,,92,105,128,113,106,101,272,48,96,46,85,59,26,72,21,102,97,73,,127,217,,169,277,,133,71,90,96,114,128,38,89,39,95,11,153,103,86,85,143,30,41,40,22,60,57,52,47,,135,183,71,108,127,57,56,91,32,31,32,35,28,30,28,30,33,26,28,31,34,32,23,29,20,26,22,29,32,35,21,27,35,35,35,30,36,34,28,52,53,71,42,73,61,42,46,54,57,23,27,17,22,23,36,38,37,36,36,41,38,42,34,29,33,40,32,40,,34,38,46,24,31,25,42,35,45,33,43,62,24,19,33,33,42,39,41,37,18,16,15,16,11,21,21,21,30,16,14,20,24,28,22,,19,19,17,7,4,6,12,36,21,27,,19,,21,35,,16,16,11,14,13,9,14,19,13,,,14,11,15,12,31,24,24,17,27,11,24,29,4,36,5,10,5,6,5,4,2,4,3,25,19,19,21,25,19,15,26,23,39,90,41,75,71,,78,50,9,80,53,68,55,57,100,56,80,47,32,56,56,33,48,52,38,54,14,18,41,21,20,17,19,27,21,21,12,21,13,16,17,20,21,61,14,12,23,2,,11,33,4,4,2,5,4,33,5,5,5,5,9,8,5,4,6,2,7,6,8,8,3,7,8,7,3,5,7,6,7,5,4,10,7,6,5,4,12,4,4,10,2,11,5,3,3,4,7,3,4,8,,15,17,13,15,14,12,9,13,4,2,2,3,9,6,13,9,23,18,17,11,13,17,20,20,15,,20,17,14,16,21,11,20,10,14,,15,20,19,34,41,20,48,40,38,21,31,12,6,7,6,28,12,4,11,13,6,6,10,5,33,30,25,32,8,40,22,36,16,36,34,24,15,34,42,23,32,44,32,47,32,18,95,96,130,105,68,89,,7,10,21,22,22,8,24,17,26,27,,152,25,25,33,43,27,6,26,10,56,74,68,49,59,83,66,50,20,17,42,64,63,56,69,104,74,82,101,72,67,61,152,97,97,167,7,5,8,2,101,62,89,77,96,73,53,,92,86,60,,72,55,41,36,123,134,76,,109,82,105,82,90,52,59,30,57,,41,33,46,115,,99,,102,87,82,81,68,,103,60,41,,40,37,39,86,83,81,,16,8,7,5,10,16,14,10,8,6,8,4,3,8,6,10,4,9,5,6,7,5,1,,7,7,7,3,2,5,3,,5,5,6,12,6,8,3,2,2,8,6,45,16,29,8,6,8,56,50,62,39,137,97,56,185,181,248,245,,197,266,58,93,75,124,56,90,58,75,175,161,111,45,191,53,55,137,138,124,121,116,83,120,60,85,89,56,56,45,139,131,191,103,174,104,65,121,132,84,157,249,60,37,75,52,41,,17,55,93,58,19,62,36,51,76,62,17,46,27,26,48,24,25,29,39,7,34,27,29,23,13,40,41,41,30,42,30,43,28,74,60,61,83,68,66,35,110,152,90,114,158,59,80,59,74,71,83,61,84,31,34,29,30,61,42,73,44,16,17,12,20,20,57,73,51,25,32,28,38,36,19,22,29,17,29,11,5,13,9,3,20,17,18,18,,8,10,7,12,22,42,,46,15,3,4,6,10,14,10,24,37,22,31,20,11,30,125,41,113,15,19,10,15,10,7,12,7,8,25,10,9,9,7,7,11,27,6,34,24,20,,32,13,21,14,25,16,14,37,45,31,34,30,33,75,154,19,14,24,23,22,38,37,21,13,33,32,21,52,19,76,21,,186,270,114,72,4,5,6,2,8,22,4,14,94,,32,35,111,72,53,38,36,44,87,59,73,54,53,48,16,36,71,80,27,20,21,32,34,44,30,22,43,39,38,,40,18,31,39,42,25,34,,53,48,61,32,26,29,29,26,22,,,13,7,13,12,18,17,,,79,153,21,19,18,45,23,37,38,36,37,8,7,6,224,188,124,173,198,149,202,225,331,223,120,64,,35,130,175,149,,198,243,44,60,37,70,,138,373,217,,40,42,17,8,4,30,192,23,30,56,36,16,8,38,19,37,43,33,96,82,58,101,64,47,72,55,93,136,64,87,77,161,37,73,40,78,75,77,64,58,87,131,106,108,36,20,24,28,24,40,10,22,32,30,13,11,16,34,9,40,24,31,20,16,26,9,25,19,5,28,9,6,,36,54,48,37,80,28,57,25,25,30,8,34,50,22,,5,29,26,27,6,45,46,55,64,35,33,45,40,50,54,2,36,47,13,11,14,7,26,23,54,,25,36,15,91,16,15,19,16,21,42,25,32,16,25,14,30,2,2,6,5,2,7,9,6,5,,14,16,7,6,4,5,6,5,9,5,8,9,12,11,8,8,13,35,20,4,2,11,18,19,16,48,15,23,18,17,16,21,16,17,19,7,20,15,12,15,8,7,25,28,,17,17,12,13,32,9,14,11,71,75,67,82,94,78,106,75,79,85,74,41,35,36,41,73,76,35,61,,26,44,24,38,48,46,54,28,51,50,40,22,9,86,9,11,9,25,20,93,58,32,29,43,36,42,48,30,54,28,26,21,15,19,6,7,10,9,34,34,32,7,13,18,19,19,17,18,16,18,30,23,28,24,3,8,35,39,42,15,17,19,5,26,17,16,24,12,11,22,23,36,49,28,31,24,23,10,9,6,18,17,12,38,8,6,4,3,2,22,9,18,17,17,19,27,8,3,11,5,12,16,,13,15,19,22,16,7,10,19,37,19,18,11,9,6,13,17,8,24,21,13,13,14,18,18,23,9,7,30,13,12,,16,8,4,13,6,22,12,25,12,6,4,4,7,8,5,20,13,22,21,12,14,4,13,,8,16,17,20,39,11,16,5,28,12,32,38,44,52,29,16,17,14,36,14,29,,22,33,8,17,66,2,,5,4,12,35,2,16,16,30,31,34,18,4,3,7,9,14,7,6,1,8,15,5,7,7,5,7,11,5,64,42,11,25,10,7,14,20,15,21,23,84,81,71,12,34,14,25,25,85,26,19,94,35,65,43,71,65,64,55,26,10,22,214,25,42,87,14,,22,37,39,34,24,29,15,39,4,33,184,145,188,25,154,60,20,31,14,21,18,8,7,2,28,49,19,33,17,29,3,12,11,11,41,67,44,36,36,6,34,58,10,11,15,32,9,207,3
20160203,1,NO2,54,10,72,82,73,72,84,18,28,25,76,61,,102,102,104,107,109,101,,97,100,90,109,90,116,,81,92,54,98,88,82,16,85,90,64,89,83,85,64,65,64,79,72,105,104,136,106,118,125,106,106,114,183,9,16,14,22,15,32,64,74,45,24,89,77,70,105,103,106,90,92,95,88,,83,92,91,39,,20,45,41,55,33,50,83,75,44,74,70,59,86,70,63,57,59,68,,72,99,,82,89,,84,30,56,66,35,40,32,40,20,77,8,85,83,80,70,80,19,23,64,56,70,39,41,77,,127,105,94,46,94,62,75,58,25,58,46,72,76,33,61,66,51,91,116,121,97,113,74,57,110,106,38,102,118,98,99,92,105,103,77,38,39,19,,47,20,20,47,66,113,70,125,87,85,92,76,19,28,107,41,99,78,45,98,51,64,106,99,96,103,108,58,79,,45,81,101,45,80,73,86,95,58,61,106,23,44,64,35,52,56,29,51,76,54,74,12,103,31,90,76,79,87,47,27,80,80,77,60,,24,77,82,19,17,42,21,32,39,46,,56,,72,40,,27,32,22,34,19,24,31,29,16,,,32,21,12,30,138,89,133,122,127,6,96,7,24,8,9,6,13,19,10,14,10,24,24,76,27,13,26,23,42,10,67,33,10,48,34,88,59,,46,22,19,39,41,24,23,21,118,2,84,91,73,54,71,48,55,56,70,49,84,109,130,102,96,99,117,110,93,17,59,92,43,46,70,54,109,66,50,11,27,21,,10,25,26,9,27,10,29,185,17,27,32,34,11,12,38,13,20,10,17,13,54,13,38,18,25,16,29,33,14,22,7,27,25,23,28,19,29,18,18,16,9,11,8,12,12,6,12,13,7,18,16,10,,37,57,62,35,21,33,34,45,5,12,11,17,1,12,62,35,55,56,70,32,47,58,78,81,35,,63,44,66,60,48,48,63,42,40,,64,37,12,33,15,14,28,42,32,20,35,36,41,8,8,37,57,55,4,65,58,8,35,73,106,71,78,106,49,91,101,83,63,73,47,80,56,82,84,33,86,69,39,33,38,11,14,67,53,55,47,57,,100,93,115,121,107,86,64,46,68,55,,44,50,27,32,44,8,18,49,23,53,35,64,29,75,89,84,63,13,19,75,70,78,80,78,33,19,30,68,81,45,37,15,61,89,48,18,17,13,12,65,69,93,97,92,81,55,,109,93,51,,61,68,54,56,66,89,69,,62,59,29,39,47,48,35,55,31,,45,46,29,56,,67,,70,54,37,55,105,,112,49,89,,47,26,34,62,60,70,,10,9,9,9,15,11,17,25,12,11,19,14,13,9,16,7,15,18,20,20,5,17,6,,8,8,9,13,13,9,28,,30,11,19,14,9,11,12,10,11,18,13,28,34,11,26,26,16,37,30,35,32,58,47,16,51,47,71,44,,128,80,27,62,46,71,17,32,80,32,89,53,,14,19,12,6,87,87,72,92,95,77,77,22,71,64,41,60,54,80,68,64,70,74,65,21,70,94,46,63,80,82,43,55,31,32,,12,25,19,26,29,10,37,50,49,65,14,20,22,23,39,28,11,116,44,94,63,81,68,78,29,56,58,73,20,24,18,22,2,77,73,97,88,53,5,74,84,84,64,89,76,40,32,46,50,60,67,77,23,80,93,64,50,69,56,38,40,57,53,52,23,42,125,118,50,20,56,54,20,40,26,69,13,27,32,2,15,26,11,10,15,26,17,25,,13,10,17,10,36,21,,35,40,8,8,18,34,27,38,39,49,60,51,57,19,59,30,32,28,25,20,38,39,17,9,37,88,12,32,47,12,17,9,19,59,38,33,24,15,16,,27,30,20,77,78,95,95,64,70,32,39,34,55,38,97,45,42,75,62,74,69,66,79,32,55,77,57,35,12,27,45,,22,78,65,33,28,11,9,45,27,74,69,38,81,,22,23,100,89,92,94,149,47,91,78,61,59,36,30,51,15,78,57,30,24,49,56,20,42,35,75,53,64,73,,42,59,64,76,63,55,47,,71,99,66,84,64,90,77,48,25,,,36,59,40,31,28,32,,,16,52,43,38,17,55,64,49,43,34,21,30,40,58,90,73,72,69,69,31,73,73,61,36,62,22,,20,29,70,59,,66,152,47,19,18,27,,19,86,65,,22,26,22,17,11,48,88,37,37,72,9,12,4,13,23,12,54,12,53,60,41,51,42,30,69,54,81,60,41,33,65,41,35,30,38,80,58,61,46,51,72,72,58,55,17,15,17,5,37,55,13,8,51,48,13,6,9,22,16,19,19,19,15,48,54,27,45,61,22,40,10,4,28,16,13,34,6,79,59,62,7,47,94,25,62,103,92,,11,91,29,41,36,116,72,104,84,55,66,63,74,41,77,11,92,100,43,19,4,47,81,95,38,,23,58,43,22,30,62,23,11,,35,53,50,32,75,51,90,18,6,16,11,10,16,21,12,13,3,10,10,17,9,10,10,11,8,8,19,3,13,18,17,16,10,27,37,30,11,6,29,45,20,51,15,24,14,38,44,7,6,22,12,18,18,38,23,26,29,44,19,34,42,,48,39,27,61,8,18,56,19,76,77,86,26,89,57,45,36,125,45,43,51,44,66,59,52,46,52,89,,54,48,76,26,11,27,20,47,34,45,62,18,21,39,74,5,46,21,26,15,30,30,16,61,26,71,69,52,82,12,95,77,56,40,17,14,17,16,34,38,17,20,28,52,33,61,46,48,50,11,20,21,23,25,115,70,61,64,80,21,12,23,8,24,16,10,27,14,15,24,36,23,31,32,16,110,14,17,41,5,32,32,10,7,10,13,22,10,10,18,14,44,9,5,16,10,10,22,24,8,30,7,,16,49,58,47,36,13,17,65,56,59,64,6,38,25,45,11,9,19,31,29,52,65,34,10,20,8,17,6,34,23,,15,13,48,40,47,72,5,67,34,10,5,32,41,28,11,9,33,18,26,11,10,15,32,,10,28,27,26,71,9,10,17,14,55,46,28,32,30,17,7,28,22,10,14,30,,22,98,8,16,20,2,1,6,14,21,25,25,8,12,7,3,5,6,9,,27,3,6,34,31,2,11,2,16,22,17,24,24,6,4,21,53,7,5,3,5,44,53,70,46,56,90,101,84,27,34,48,30,34,34,17,6,14,42,34,59,39,22,52,48,45,53,17,19,19,47,54,26,,42,28,43,39,20,9,6,12,12,2,33,72,104,20,30,37,26,50,51,72,64,28,22,3,62,148,30,10,28,42,8,77,79,74,49,28,59,41,36,29,4,53,81,90,64,38,25,29,32
20160203,1,NO2_24h,53,5,53,64,55,62,64,31,29,34,52,56,,58,57,52,57,61,63,,60,56,60,59,43,57,,62,64,48,75,64,68,21,65,69,55,77,63,74,51,56,61,63,60,87,92,100,85,94,90,90,85,94,135,14,22,22,32,16,44,48,51,37,26,58,53,48,64,99,58,73,66,74,69,,70,81,72,29,,19,38,38,46,36,45,60,50,53,55,65,46,59,63,42,67,61,58,,61,95,,81,80,,62,52,67,53,51,46,37,41,21,59,9,81,68,78,63,78,19,28,56,47,57,41,49,94,,122,103,93,50,113,50,61,69,47,68,60,65,51,60,59,55,52,59,67,82,61,84,53,32,64,88,40,62,84,68,64,58,75,69,46,46,40,37,28,51,22,30,58,60,61,44,68,62,56,51,46,15,15,57,38,68,91,50,70,72,60,76,67,51,72,65,42,61,,42,56,62,32,60,49,67,38,37,44,53,16,37,45,37,49,56,26,54,57,46,50,17,53,29,53,55,54,50,47,23,48,49,43,47,,33,44,47,21,22,36,23,46,42,52,,42,,49,38,,27,31,20,30,21,25,34,30,23,,,12,29,21,19,103,70,78,62,87,15,72,21,19,17,8,10,19,20,15,16,8,24,23,46,25,16,24,32,40,17,44,34,27,64,48,94,80,,79,58,21,45,63,43,22,20,69,5,70,76,67,60,68,50,54,62,65,40,32,67,65,54,50,66,58,64,65,17,40,51,31,29,51,38,50,38,37,16,38,31,,18,24,28,13,42,7,30,16,31,37,33,35,10,17,43,14,22,14,18,22,40,17,31,18,25,13,27,29,14,21,6,31,23,17,22,15,28,9,16,19,15,15,13,16,16,10,14,16,9,19,20,10,,20,22,42,16,11,16,21,25,7,13,7,16,7,31,52,47,57,44,49,36,41,36,65,49,43,,64,46,47,48,55,55,53,51,57,,70,40,16,26,18,15,22,31,30,18,32,31,26,11,19,30,48,40,7,40,32,10,19,23,74,59,63,75,26,76,49,74,53,65,34,76,42,66,81,25,63,56,58,41,52,13,24,52,36,41,39,45,,87,78,105,108,92,42,42,40,45,49,,46,41,36,42,39,12,23,36,28,50,53,53,41,53,56,47,39,19,30,45,56,49,56,37,38,42,38,55,69,55,39,36,57,80,50,18,23,19,11,68,67,85,71,76,68,42,,61,62,56,,77,53,42,42,63,84,65,,60,58,54,53,47,44,37,46,62,,34,44,53,49,,69,,56,52,67,54,80,,88,66,67,,36,33,43,64,69,58,,15,12,12,8,17,15,21,18,14,12,18,16,14,9,14,7,15,18,16,17,5,17,9,,9,9,8,17,15,12,19,,23,13,20,16,11,11,14,7,12,16,17,23,20,18,12,20,17,56,43,51,24,51,43,27,37,42,62,42,,90,58,23,56,36,62,13,27,63,26,71,54,41,12,48,24,17,60,53,57,64,73,51,60,37,66,61,54,60,45,71,68,61,54,78,77,39,48,60,48,52,68,51,41,53,47,41,,10,38,55,34,30,17,27,43,39,60,14,33,44,29,48,43,49,76,49,50,54,56,51,51,32,33,38,41,17,24,27,15,4,58,52,54,72,45,5,34,68,77,54,73,70,63,55,66,64,60,48,53,36,47,54,49,31,61,45,54,40,40,44,44,18,39,62,65,40,14,33,44,21,22,18,45,22,26,34,2,26,26,12,12,11,26,14,21,,13,10,15,11,26,38,,27,18,16,12,27,51,42,46,40,26,41,41,32,19,36,40,24,31,31,29,34,45,20,19,30,68,18,35,47,19,34,19,27,59,36,32,29,21,19,,31,28,20,57,60,67,81,41,58,40,32,27,41,38,78,26,35,47,49,55,47,47,54,34,52,56,49,29,9,27,52,,22,54,32,19,38,18,10,46,30,49,53,31,71,,35,43,65,57,47,62,99,44,66,46,72,43,47,50,47,15,61,47,20,23,33,38,17,28,37,50,37,54,61,,43,71,70,80,57,44,39,,57,74,63,54,42,69,62,38,32,,,25,56,37,24,23,32,,,46,45,37,38,22,40,47,43,54,35,25,27,27,31,67,59,55,50,53,34,53,56,48,35,47,23,,20,28,72,53,,58,115,38,15,14,25,,17,74,62,,32,43,27,19,14,29,58,29,40,63,32,20,15,11,13,31,35,13,35,33,19,37,28,40,53,40,55,59,45,42,57,38,25,30,33,64,51,53,46,47,63,67,47,51,26,16,25,17,34,42,17,9,47,33,10,10,24,23,15,22,24,31,14,38,33,21,35,33,21,38,7,14,32,11,32,20,10,53,32,40,14,34,42,18,58,44,47,,16,48,45,34,25,85,70,61,56,44,43,54,53,53,52,15,75,43,40,22,13,31,70,66,41,,37,56,40,15,40,22,27,17,46,32,34,56,21,57,34,63,25,9,18,11,11,11,11,13,11,3,15,12,14,9,14,14,14,11,10,15,8,7,11,14,17,11,15,30,22,13,6,13,15,21,27,26,25,11,24,25,8,9,27,16,23,21,22,22,23,17,31,18,29,30,,23,22,19,26,11,15,28,16,86,66,67,36,67,63,55,58,98,65,56,57,51,55,50,25,47,51,52,,36,41,56,39,28,51,41,55,40,49,29,18,30,34,34,7,29,29,31,37,45,43,25,49,40,40,43,47,50,22,52,36,44,44,18,23,23,26,50,23,31,20,22,28,27,47,26,37,36,12,22,19,27,22,36,48,29,52,54,20,20,32,22,27,11,11,23,12,16,12,19,17,18,15,18,41,13,11,27,6,24,21,12,10,16,21,22,10,11,16,12,28,10,7,18,12,9,20,20,7,17,14,,11,25,28,18,25,10,12,49,66,52,66,6,33,26,42,26,21,33,47,36,42,41,40,9,32,17,29,10,36,30,,20,25,44,46,42,64,7,42,44,18,16,40,47,39,13,13,27,19,22,8,14,16,26,,11,20,26,32,45,15,22,24,31,17,31,20,23,21,18,11,33,20,15,19,32,,20,52,14,15,20,7,3,15,15,23,11,17,17,24,21,18,24,11,12,,21,11,21,25,29,2,11,6,21,25,21,17,21,11,6,18,43,10,18,4,7,18,50,53,45,42,67,63,59,22,32,29,31,26,40,23,6,42,50,45,48,39,32,52,50,38,52,18,26,21,31,46,24,,40,34,28,42,17,9,12,16,12,9,44,52,94,18,34,35,26,36,39,52,49,16,13,3,76,99,24,11,31,41,13,48,40,40,32,19,55,50,33,27,13,45,69,68,70,21,19,33,36
20160203,1,O3,19,68,9,2,20,3,2,42,17,44,16,8,,3,2,8,6,3,4,,6,4,,8,3,3,,1,6,5,2,2,9,87,14,4,10,17,9,10,9,14,4,6,9,6,27,26,52,11,5,7,16,3,3,66,68,68,66,52,38,8,10,32,67,8,21,18,3,9,5,5,14,18,10,,6,11,16,,,26,2,5,4,3,5,8,5,5,3,6,3,4,5,9,21,10,4,,7,6,,5,10,,6,63,35,8,23,50,43,45,62,12,92,12,32,4,13,18,68,55,8,10,35,37,41,30,,1,6,,15,23,49,23,31,68,52,56,58,30,79,47,45,44,8,5,9,5,6,13,54,2,29,31,3,9,2,4,6,7,4,11,72,59,78,26,40,51,59,64,64,17,26,17,17,19,11,15,13,18,20,44,12,6,33,3,6,29,3,8,9,15,10,75,11,,2,13,16,38,10,7,34,7,6,21,3,28,46,30,53,58,84,54,39,24,31,12,79,4,33,9,10,5,21,34,25,27,6,19,40,,69,21,17,67,69,38,66,42,30,31,,19,,28,70,,51,57,69,62,107,58,37,45,52,,,39,54,57,26,14,4,2,4,10,4,19,9,5,43,66,75,68,32,61,86,25,14,41,21,101,96,79,66,49,42,53,68,79,43,72,26,54,,67,33,77,45,59,39,47,78,14,11,34,23,16,34,28,37,43,64,,15,8,2,3,7,47,7,9,10,5,66,18,,16,28,2,12,12,5,5,53,44,42,,50,42,44,62,44,44,55,44,53,42,49,34,66,40,60,57,56,55,47,61,17,46,30,47,49,41,29,29,41,41,48,25,29,23,25,29,33,39,34,53,44,54,50,44,49,49,52,39,42,47,44,45,,24,13,1,25,49,6,32,9,57,28,57,27,51,70,3,2,15,5,9,19,2,3,3,2,31,,14,2,4,3,23,28,20,27,39,,24,63,58,50,63,118,62,38,48,73,30,7,7,72,18,7,8,5,40,9,24,51,33,2,10,31,10,10,13,10,8,8,18,16,15,2,8,11,15,60,4,6,69,33,62,69,59,6,26,21,39,47,,2,1,3,4,3,2,8,9,14,17,,11,3,40,25,11,96,39,5,21,15,38,7,27,6,10,18,17,45,45,7,4,5,7,3,12,63,37,5,13,47,60,29,20,40,8,44,39,14,38,2,2,3,6,11,22,3,,5,1,38,,30,8,9,8,10,5,9,,8,10,22,58,47,63,46,20,66,,20,16,52,23,,21,,10,39,34,40,8,,7,4,5,,51,70,56,16,36,8,,72,73,71,72,37,20,25,20,20,28,18,28,31,28,31,16,31,25,21,20,27,19,35,,36,40,36,57,52,53,29,,15,66,50,64,38,28,19,14,18,11,25,6,5,29,18,13,22,62,90,113,12,10,21,55,10,9,9,16,,24,12,8,11,8,26,4,12,2,7,11,3,4,29,24,31,81,8,8,10,1,4,3,5,44,4,5,36,5,21,10,10,5,9,6,10,46,14,23,30,22,27,12,58,24,61,81,,107,40,39,31,28,43,4,7,16,21,101,62,51,60,27,53,20,23,76,20,3,3,4,13,3,6,5,1,21,37,44,57,88,9,2,22,12,6,33,17,8,14,10,10,3,40,59,87,60,24,12,2,60,8,6,10,60,8,8,30,5,12,22,18,29,22,5,4,52,3,7,22,19,59,44,53,67,28,37,17,40,44,18,,66,99,92,84,,50,71,54,63,14,60,,39,8,56,57,42,35,24,34,18,9,10,33,4,24,5,16,11,19,43,39,16,22,18,4,4,24,69,38,26,20,14,5,4,7,9,24,52,69,58,,57,23,22,15,8,6,10,14,7,67,44,53,3,7,3,69,22,8,9,19,9,23,6,38,3,15,12,48,66,48,42,,38,18,4,16,99,82,34,42,30,9,14,33,7,,70,59,3,17,15,7,64,55,9,2,32,14,51,54,1,24,4,5,5,55,8,13,13,5,69,9,25,28,30,,24,,28,21,40,29,12,,23,18,41,1,52,11,22,27,59,,,101,87,31,42,34,53,,,50,16,2,45,66,19,19,41,67,19,68,18,13,16,36,12,12,10,14,33,4,3,11,7,5,2,,5,4,18,16,,17,7,15,31,4,6,,15,15,,,48,33,64,63,72,20,4,18,36,12,81,80,88,71,69,57,39,77,4,3,24,13,8,37,,20,10,6,16,26,18,32,16,6,21,26,29,4,4,7,3,35,19,13,53,51,44,58,49,13,48,77,28,39,83,81,80,43,66,50,76,79,96,36,23,16,49,27,91,48,83,21,29,78,42,23,60,24,41,1,41,60,16,34,65,2,19,,44,12,80,58,60,1,62,18,35,6,16,6,51,28,18,21,5,10,173,38,61,9,26,23,28,,36,77,6,140,20,31,62,15,,41,8,,6,87,46,49,56,43,65,72,46,23,18,36,17,58,40,48,8,35,51,47,43,42,53,47,80,24,25,33,43,36,4,,5,5,31,22,11,31,17,26,43,55,27,15,52,66,64,74,69,35,47,55,27,21,2,26,11,8,,11,14,30,2,47,74,49,62,14,17,18,24,2,34,15,62,58,55,48,47,30,44,44,62,60,77,17,,7,27,25,69,91,68,86,59,81,60,,55,39,12,11,92,7,36,45,82,37,48,59,27,59,17,53,57,18,87,4,2,20,57,19,35,15,51,56,26,57,14,7,7,20,10,19,20,11,42,47,56,55,57,25,31,26,23,17,31,43,58,66,28,67,82,45,84,74,44,10,28,22,20,59,36,37,52,26,16,23,2,63,55,52,52,61,62,51,58,69,53,67,58,31,70,54,46,32,20,19,52,,17,4,9,3,12,51,43,8,5,4,5,12,17,9,20,38,35,29,30,50,31,1,41,70,48,48,51,59,36,39,,20,5,5,5,9,13,18,2,124,5,52,4,1,2,40,36,15,33,24,34,45,47,19,,52,25,27,34,3,72,12,9,78,216,46,46,47,40,57,51,35,40,34,65,60,,75,49,74,57,81,76,46,88,22,30,28,39,62,67,45,38,52,54,50,,18,77,61,12,23,33,4,60,49,12,41,29,46,86,82,4,4,7,52,84,77,8,5,5,6,2,2,,4,29,32,13,32,37,21,48,33,61,42,41,19,42,56,13,31,44,34,60,43,53,24,26,43,,11,34,18,47,64,55,60,45,9,4,37,13,17,26,50,24,24,18,35,12,16,20,20,84,28,58,68,16,51,70,53,16,5,,16,16,41,52,54,46,88,28,19,2,36,8,22,50,45
20160203,1,O3_24h,52,89,62,55,69,52,65,78,52,68,77,69,,52,48,91,69,66,71,,63,69,39,69,45,88,,68,86,80,68,68,71,97,88,86,86,89,100,85,36,91,40,87,34,83,86,73,125,102,76,83,69,75,65,92,90,84,91,77,80,84,79,86,86,61,70,67,55,82,82,84,96,101,77,,70,46,71,38,,52,58,44,38,27,80,62,72,65,72,60,39,68,60,84,55,67,77,,64,51,,62,55,,103,86,75,74,60,86,93,84,95,85,139,74,86,37,73,68,101,116,52,91,110,48,81,43,,24,27,56,53,63,92,46,76,88,79,84,102,87,89,90,100,90,119,102,131,127,105,144,123,114,57,90,89,89,60,91,92,90,89,100,101,87,107,55,99,107,70,105,118,112,90,91,43,107,108,102,105,110,136,93,102,59,95,89,88,125,64,63,89,92,81,123,86,,79,119,125,95,93,95,115,132,64,99,104,93,104,97,105,106,125,102,71,89,102,105,128,93,106,66,100,115,127,106,100,103,98,113,103,,123,102,99,68,69,70,68,90,91,67,,104,,105,127,,86,88,90,115,123,91,75,95,96,,,160,95,100,91,103,81,54,96,93,112,92,105,100,116,73,78,77,41,73,89,53,28,66,91,140,115,139,120,87,127,120,113,84,79,87,63,93,,86,92,91,92,83,58,92,116,77,53,93,100,66,134,74,72,221,77,36,124,125,107,92,105,156,106,99,146,81,110,75,115,93,107,81,105,99,79,105,104,65,50,,105,73,67,73,48,72,66,79,53,45,59,38,92,49,60,63,71,67,53,62,41,47,53,62,66,56,48,46,50,52,61,95,47,43,43,44,49,50,53,62,44,58,50,49,59,58,62,47,49,48,46,52,,60,64,30,57,69,68,67,68,64,52,57,39,53,83,55,33,55,62,55,70,40,61,27,62,61,,32,25,60,86,74,95,100,91,89,,99,85,75,82,73,125,109,54,74,104,55,47,48,78,47,50,40,39,100,95,100,153,79,81,70,82,76,50,75,62,102,64,48,42,103,59,82,77,95,104,81,81,86,45,72,102,61,57,82,123,105,103,,17,17,22,25,38,22,94,74,146,86,,39,76,78,57,54,108,53,45,71,71,57,84,54,75,94,42,88,73,96,93,97,109,99,77,47,104,81,79,91,105,108,37,86,119,81,64,52,63,58,36,58,23,93,70,110,94,,77,78,77,,58,50,36,60,104,101,75,,40,79,74,101,104,100,99,74,66,,89,76,65,107,,102,,71,106,85,97,75,,109,92,80,,72,84,82,109,92,98,,72,73,73,81,74,46,54,77,44,52,52,42,46,45,50,33,49,40,43,38,41,29,40,,43,48,43,65,60,58,51,,33,66,65,66,54,47,27,39,33,35,51,23,10,38,52,29,44,92,126,171,91,65,49,81,46,53,73,80,,90,88,62,58,69,88,59,38,59,58,85,84,52,36,29,38,99,83,77,38,66,64,45,58,65,72,52,70,41,60,74,41,48,43,28,104,88,91,85,102,97,92,106,92,119,108,122,,135,86,53,53,72,77,74,65,90,82,148,104,70,88,33,85,109,77,84,35,87,89,110,77,30,72,43,71,46,103,97,112,89,80,30,83,77,74,58,74,76,62,76,50,49,52,77,122,98,73,106,83,83,105,111,105,112,84,63,82,94,112,98,78,90,81,133,90,118,89,77,92,102,109,101,120,110,75,78,25,85,112,100,,71,109,102,94,,53,83,62,75,72,90,,88,78,69,65,90,84,46,82,43,32,40,68,67,66,87,51,71,80,100,79,75,59,116,21,23,47,102,510,283,247,25,22,23,20,45,41,64,82,83,,76,51,37,57,95,70,63,99,96,125,115,129,84,81,71,121,73,90,69,104,81,115,115,80,29,77,84,82,101,80,76,,106,84,90,97,99,88,43,102,48,55,57,77,77,,91,73,64,67,102,106,124,140,105,73,101,112,65,60,37,100,81,62,56,84,108,78,59,83,101,57,64,84,92,,75,,84,48,97,68,47,,91,95,102,92,155,72,72,90,91,,,123,122,62,91,109,115,,,57,50,84,125,124,128,102,75,104,28,99,62,49,63,65,116,86,64,68,40,87,81,78,81,86,17,,44,56,58,43,,130,46,87,117,134,47,,32,74,69,,79,71,94,69,78,75,79,58,85,53,81,84,88,96,93,77,104,96,50,92,52,59,78,84,87,105,91,118,50,62,108,70,68,47,38,81,57,68,64,89,55,65,101,54,80,63,73,83,110,85,95,81,71,80,100,84,80,74,89,60,81,79,107,70,92,59,103,99,108,74,96,27,83,112,51,76,76,82,156,45,66,106,24,73,137,136,134,,115,78,114,86,110,77,128,154,59,29,75,25,99,77,52,23,31,32,178,76,207,30,57,72,61,,59,132,40,197,24,68,88,25,128,74,45,27,37,122,69,82,76,58,72,74,58,61,60,58,62,78,62,74,34,47,53,51,52,70,74,69,104,66,87,98,97,66,45,45,53,24,96,86,88,117,102,75,65,76,66,69,82,80,78,84,84,69,138,110,78,63,53,58,70,63,,70,71,73,70,77,114,110,95,58,50,54,75,74,89,51,68,72,63,67,88,49,112,105,121,115,141,118,,106,113,127,107,119,99,114,108,113,93,94,123,120,43,94,111,61,76,101,102,55,87,80,112,110,84,119,123,68,119,119,92,92,122,97,115,108,112,104,233,92,49,34,96,88,66,87,80,66,105,84,114,99,99,133,107,126,106,123,163,54,58,69,33,114,131,84,128,125,109,137,105,114,108,129,124,396,131,115,81,82,106,73,133,52,54,61,62,51,65,74,84,73,61,32,72,63,62,49,63,72,52,,88,79,108,83,70,70,62,58,51,64,45,31,50,20,53,95,91,73,76,61,69,71,64,126,95,94,95,82,68,76,,39,79,53,27,81,80,46,20,124,19,60,29,24,30,75,120,84,83,89,59,106,88,57,,85,65,63,65,76,103,39,28,107,258,66,60,61,55,114,121,60,68,37,69,88,,112,166,107,83,99,77,49,110,94,107,90,127,83,88,45,53,52,84,83,46,103,83,66,110,124,47,33,71,60,86,96,61,87,90,88,27,47,11,55,84,78,64,58,79,58,84,94,76,96,72,107,100,110,101,33,71,47,61,69,82,86,98,116,88,115,97,73,69,71,71,85,73,81,,38,109,82,75,106,90,102,111,32,5,79,56,70,44,74,50,44,43,93,53,59,43,42,116,30,95,94,30,67,86,71,79,48,53,62,69,64,62,91,103,94,67,62,59,80,35,42,84,65
20160203,1,O3_8h,10,79,13,9,18,7,5,23,14,49,16,20,,8,10,24,16,11,10,,9,8,3,10,9,44,,14,28,13,11,16,26,84,25,10,16,22,22,16,22,20,8,15,15,15,30,23,69,17,12,16,28,14,8,68,63,62,56,56,18,10,15,41,56,13,27,26,13,17,12,16,41,32,26,,10,14,23,5,,18,10,10,8,6,9,13,22,12,12,15,10,16,14,26,19,11,7,,23,14,,8,15,,20,32,19,29,10,42,44,48,54,25,119,13,32,4,13,17,70,49,11,21,37,40,41,29,,2,5,2,12,19,65,31,27,59,40,42,61,60,52,54,54,39,30,26,36,21,12,36,102,25,34,49,21,27,10,23,28,15,22,29,60,54,72,27,42,47,39,57,49,47,25,44,15,32,23,26,23,32,45,50,27,15,40,12,15,34,10,15,33,28,26,43,29,,12,34,46,44,16,20,31,38,17,50,27,35,53,42,52,47,52,60,37,25,43,26,96,39,46,14,24,28,40,39,46,38,28,50,46,,68,42,34,65,63,34,63,40,37,29,,28,,53,84,,61,63,76,53,86,47,55,70,66,,,82,62,66,40,17,14,15,31,28,10,34,30,62,51,68,70,59,33,53,78,37,14,40,33,104,91,89,74,49,66,58,66,72,17,48,16,19,,38,45,76,35,60,51,55,98,41,16,37,52,23,49,37,52,55,63,9,53,53,19,25,26,72,31,38,34,21,90,38,54,36,64,32,50,57,35,34,67,28,33,,43,47,45,62,30,56,54,62,40,34,45,27,81,43,54,60,62,62,46,56,24,42,33,49,50,41,31,26,43,42,48,24,34,31,28,34,32,45,37,45,37,47,44,35,49,48,52,39,44,44,42,45,,41,41,4,45,54,31,51,30,57,42,51,34,48,58,10,6,20,10,19,25,9,23,6,9,28,,10,6,15,14,35,46,47,41,49,,46,74,62,61,62,117,72,40,50,77,33,13,16,74,22,15,13,10,54,42,44,77,48,49,21,37,20,15,21,14,36,27,22,17,38,8,16,21,21,84,29,23,46,29,58,71,57,30,48,62,62,63,,2,5,6,7,7,12,31,20,14,32,,12,15,33,22,16,100,35,15,36,14,29,20,19,14,26,19,31,47,40,29,20,32,21,50,11,40,31,13,27,34,70,31,42,72,16,46,34,14,41,6,8,4,19,16,39,19,,19,14,39,,25,10,15,14,28,13,17,,8,18,32,39,39,63,52,26,42,,37,23,22,26,,15,,19,47,28,52,10,,14,14,16,,48,52,35,17,40,24,,65,66,63,67,56,22,30,48,27,36,22,29,34,31,37,21,37,24,27,26,30,23,34,,37,41,38,52,51,51,24,,17,62,52,64,40,30,19,15,19,10,24,6,6,15,38,14,23,56,88,101,21,16,26,51,19,19,21,22,,32,19,19,15,23,40,16,15,8,13,22,15,14,29,23,27,58,8,33,22,14,11,7,23,42,10,8,20,6,35,15,20,13,20,8,11,50,30,40,41,30,37,36,44,22,38,65,,114,33,19,42,43,60,8,7,21,26,104,55,52,67,27,49,30,21,76,23,18,22,33,25,15,17,11,21,22,44,55,70,86,23,13,37,20,17,42,48,24,18,17,19,7,29,45,75,66,31,31,21,68,44,52,49,84,12,19,26,22,58,59,44,58,40,50,37,66,22,32,36,33,74,67,78,74,36,42,18,52,56,37,,68,93,94,81,,50,74,57,65,25,64,,47,38,55,57,57,36,26,35,29,24,28,46,37,41,30,34,27,35,60,50,37,32,25,9,9,19,76,52,36,29,10,9,9,12,17,28,51,70,64,,58,24,22,23,33,27,20,30,22,54,57,65,18,20,11,99,39,43,28,48,27,50,46,40,8,31,31,61,79,60,59,,55,33,30,35,96,80,40,50,38,23,17,46,15,,49,38,10,36,56,30,67,43,29,21,28,24,45,55,5,35,12,8,22,60,21,20,18,22,82,25,46,30,28,,37,,24,14,37,30,23,,38,37,50,18,80,16,16,42,58,,,106,90,31,69,48,66,,,38,18,23,51,78,36,26,49,77,22,70,30,26,31,46,28,33,26,29,33,21,21,26,18,21,3,,9,11,25,21,,46,14,23,38,21,8,,16,27,14,,30,14,58,59,68,35,29,17,58,16,29,43,54,76,70,44,53,74,11,18,29,16,16,31,9,49,16,13,10,19,19,37,23,8,26,28,32,7,14,20,2,12,24,13,55,53,36,52,51,16,40,70,24,33,87,67,60,21,68,49,76,68,98,49,52,29,61,46,84,52,86,14,27,86,30,41,52,48,72,5,34,35,17,56,90,46,35,,63,34,78,63,71,15,77,82,50,12,36,14,75,43,24,20,10,14,96,42,88,17,22,32,21,,27,60,15,140,21,51,67,15,20,48,20,,18,86,56,44,40,32,59,71,36,35,33,40,27,71,35,49,13,38,48,43,38,51,58,52,81,32,49,57,46,36,17,11,18,7,65,53,52,70,59,44,42,56,41,39,67,72,69,78,73,46,83,70,41,39,19,34,33,24,,30,24,34,22,62,90,73,71,14,23,36,26,10,28,12,49,48,42,42,51,30,69,64,88,81,96,39,,31,43,47,55,82,55,56,58,91,71,42,75,49,17,54,88,27,46,68,81,39,52,57,41,52,48,78,76,48,83,28,26,28,55,43,32,23,50,66,45,65,32,19,36,43,31,49,38,33,62,66,79,69,77,80,40,77,35,34,41,46,54,64,31,90,92,62,96,89,70,38,53,51,54,90,94,97,97,76,36,29,42,64,81,48,51,56,53,47,58,68,66,70,55,29,68,56,48,35,40,46,48,,36,26,41,34,38,60,51,11,7,6,12,20,27,13,28,45,48,41,38,19,10,5,17,90,57,57,56,64,45,48,,26,17,14,10,26,27,34,4,94,8,47,6,7,8,53,44,37,41,44,43,42,55,26,,58,39,28,36,18,67,20,11,78,151,52,50,52,43,71,69,34,44,33,65,52,,80,110,78,56,70,75,46,96,46,55,48,77,68,70,32,30,38,59,58,19,41,76,57,38,56,40,18,58,45,30,50,44,59,86,84,11,19,7,53,81,74,28,21,25,17,18,20,16,21,56,42,34,31,66,24,53,37,51,50,41,34,57,69,8,32,67,53,60,26,58,42,39,67,,15,56,49,49,76,63,58,65,16,4,35,24,22,29,54,27,34,25,65,25,32,30,31,97,19,66,77,19,49,66,58,40,27,23,34,37,41,51,75,56,80,34,32,26,34,21,22,60,40
20160203,1,O3_8h_24h,48,83,56,49,61,41,51,72,46,60,64,55,,48,44,83,63,58,61,,56,58,32,60,39,84,,56,72,64,62,59,60,88,70,66,64,59,76,59,32,76,30,64,28,42,52,43,95,68,56,62,52,54,43,85,78,73,76,69,79,68,82,72,87,54,64,57,49,64,67,68,82,76,62,,51,36,59,32,,47,37,32,31,20,50,44,63,50,55,41,37,57,47,71,41,51,55,,55,33,,34,35,,80,70,54,60,40,67,78,66,80,58,127,54,68,28,55,53,90,103,43,75,92,41,59,29,,16,18,36,40,40,85,40,57,76,63,73,93,81,72,83,87,79,94,82,108,96,74,99,114,77,52,75,76,77,52,76,80,72,66,74,81,74,78,50,88,93,58,88,96,98,72,82,37,79,93,86,88,92,113,83,80,59,83,68,70,83,46,50,73,77,68,96,68,,59,75,97,80,74,76,94,112,55,84,84,78,88,80,89,91,100,83,60,66,88,82,119,81,86,56,87,98,110,93,89,90,82,95,90,,105,88,85,65,64,56,64,76,77,57,,93,,92,111,,73,77,84,100,105,80,69,88,85,,,109,80,88,81,83,58,47,87,77,88,82,84,87,100,78,83,73,38,68,91,54,22,56,76,131,106,125,108,72,115,107,98,77,62,74,48,76,,75,78,85,81,72,53,78,108,68,43,79,84,40,70,58,65,101,68,24,104,102,70,70,77,129,79,85,105,86,100,67,103,81,94,64,92,85,68,96,96,43,43,,57,61,57,68,41,68,62,74,44,38,49,34,81,44,55,60,65,64,48,58,35,42,45,56,60,48,46,43,45,44,53,42,45,36,40,37,35,47,41,52,38,52,44,42,53,52,56,41,45,46,42,46,,56,60,26,55,67,63,64,61,57,46,51,34,48,58,38,17,34,39,42,46,23,48,18,50,40,,19,16,50,56,58,69,78,69,66,,71,79,67,71,69,118,98,52,63,95,47,28,32,74,35,34,23,22,90,84,90,93,72,82,51,64,62,34,56,40,82,47,41,36,79,42,65,47,69,96,63,48,62,35,66,86,58,48,63,105,94,88,,9,12,16,18,25,18,87,65,98,75,,32,62,66,48,45,104,49,42,66,52,46,67,43,58,77,35,76,61,77,84,71,92,80,72,34,86,68,59,72,83,95,34,72,107,66,64,50,56,60,29,44,19,75,55,84,76,,58,59,65,,46,37,33,53,83,79,64,,33,67,60,73,87,90,89,58,46,,57,60,55,87,,79,,54,87,66,80,53,,74,78,66,,67,84,77,53,71,84,,65,66,63,77,66,35,39,59,36,45,39,36,40,39,42,29,44,34,38,34,37,27,35,,40,44,41,58,55,54,35,,27,62,58,64,48,40,24,31,26,26,41,18,8,29,44,21,28,79,111,141,80,49,42,58,40,44,58,64,,79,68,46,41,54,77,45,30,48,51,75,66,47,34,24,34,85,60,56,34,49,47,35,40,62,48,40,59,31,52,50,31,34,33,21,30,69,71,75,82,70,65,89,78,94,88,107,,129,66,40,46,62,69,62,52,43,59,134,82,57,84,30,66,89,67,82,29,69,72,84,39,24,66,38,64,37,92,85,102,86,64,26,68,59,60,50,66,63,46,61,41,38,38,59,98,79,56,81,65,75,84,97,88,104,63,54,66,79,100,84,69,84,72,120,82,108,75,72,80,90,101,93,105,96,64,67,19,76,96,87,,69,103,99,90,,50,78,60,71,66,78,,80,72,55,57,78,64,37,52,36,28,35,55,51,64,61,44,56,61,83,64,59,43,61,17,18,37,91,126,84,67,31,18,18,17,34,46,58,72,71,,64,32,29,48,80,61,36,84,80,107,102,112,67,59,46,114,62,79,60,90,60,101,99,66,18,58,69,73,93,73,72,,89,66,79,82,96,80,40,80,43,42,46,64,63,,83,67,53,61,95,92,110,117,80,59,82,96,63,63,27,87,67,49,48,77,91,66,52,74,91,50,59,65,76,,58,,63,46,73,45,39,,70,71,78,73,132,55,58,74,75,,,119,108,53,84,97,106,,,51,41,66,105,109,106,83,66,92,25,85,53,47,54,59,82,69,54,55,36,74,68,63,61,71,12,,29,42,48,36,,101,37,71,100,115,32,,28,58,58,,68,53,86,66,76,66,62,47,70,39,75,79,86,91,92,72,96,90,44,73,46,46,69,69,68,82,75,85,36,46,80,58,59,38,35,68,46,54,52,69,35,42,77,40,66,58,62,74,94,76,86,77,65,74,95,81,74,68,86,57,76,70,98,58,73,53,88,88,97,56,91,14,67,106,44,73,70,68,89,36,61,71,21,57,113,113,113,,95,64,102,78,98,57,108,125,54,25,60,20,89,67,35,20,21,25,118,70,136,24,48,64,53,,51,103,32,197,23,62,77,20,45,64,30,27,31,117,65,81,72,53,74,72,55,57,59,54,59,76,52,70,33,43,48,44,43,66,70,66,98,56,68,83,77,54,37,35,42,18,89,76,80,104,92,66,55,69,57,58,77,76,72,81,79,61,122,96,69,55,44,51,59,54,,65,66,68,64,68,105,97,86,46,42,43,53,49,64,35,60,61,52,57,72,39,95,91,109,102,123,101,,91,96,114,90,99,80,94,96,104,87,78,108,96,36,83,101,51,66,93,89,47,68,68,99,92,77,105,107,60,105,105,82,82,108,85,99,87,98,88,78,84,42,26,87,76,55,76,67,60,97,78,106,91,91,120,96,113,92,106,163,51,54,64,31,105,113,75,114,109,95,102,96,105,100,123,118,300,125,110,81,67,92,68,91,48,51,57,56,48,58,70,75,72,56,30,68,60,57,46,61,69,48,,82,73,100,77,63,67,59,70,29,39,43,32,37,15,41,68,66,55,60,40,39,38,35,106,67,66,63,70,54,58,,32,50,32,20,60,56,40,15,108,16,61,20,16,22,68,79,70,71,74,55,84,82,37,,77,63,63,61,64,97,25,18,103,151,58,55,56,48,96,98,56,61,33,65,83,,104,156,102,78,97,75,46,99,84,99,74,119,76,79,32,37,38,68,72,38,90,80,61,85,97,46,27,69,48,76,86,53,74,87,84,25,44,8,53,81,74,55,44,58,44,73,73,64,74,67,78,78,94,92,29,60,44,52,58,66,70,88,100,58,82,90,68,60,57,65,72,60,78,,31,96,73,58,101,84,91,102,24,4,61,43,50,40,66,43,41,38,87,46,50,38,38,109,24,79,83,29,60,79,62,63,40,45,53,54,51,62,77,84,92,54,47,48,67,30,46,76,57
20160203,1,CO,0.8,0.5,1.2,1.2,1,1,2.1,1.6,1.1,0.6,1.2,2.4,,2.196,2.879,2.587,1.92,2.461,3.732,,1.968,3.786,1.33,2.8,1.27,2.788,,2.821,3.083,2.771,2.32,2.822,1.944,0.667,1.753,2.791,1.54,1.359,1.978,1.695,2.731,7.169,3.384,3.019,2.64,5.304,5.403,8.298,5.919,4.752,3.958,3.408,2.884,4.366,10.265,0.701,0.73,0.439,0.686,0.501,0.97,1.626,1.568,1.858,0.555,1.67,2.275,2.674,2.39,4.342,9.739,4.852,3.055,4.835,4.329,,2.701,4.667,3.834,1.924,,1.353,2.875,4.302,3.795,3.704,3.256,4.107,2.354,3.002,1.773,5.386,2.539,2.946,1.684,2.421,1.216,2.785,2.314,,2.85,2.445,,2.766,2.44,,2.174,0.856,1.148,2.078,1.431,1.275,1.478,1.355,0.816,1.355,0.445,1.734,1.312,1.44,1.794,1.732,1.065,1.91,1.877,2.159,1.183,1.932,0.783,2.976,,2.489,0.753,1.481,1.305,2.276,2.293,1.603,0.983,1.089,0.808,1.091,0.68,1.51,0.841,0.857,1.324,0.684,2.081,1.848,3.649,1.906,2.782,2.056,1.381,1.675,1.694,1.283,2.085,2.192,2.234,2.225,1.509,1.87,2.025,1.575,0.854,0.677,0.37,0.892,1.615,1.307,0.839,1.05,1.481,3.013,1.416,1.913,1.742,2.151,1.552,2.216,1.719,2.463,2.341,1.181,2.054,1.966,2.005,3.084,2.15,1.945,1.994,2.824,2.194,1.538,1.745,1.573,1.961,,1.424,1.544,1.547,2.162,1.928,2.642,1.485,1.613,2.164,1.689,3.01,1.547,0.878,0.952,0.806,0.759,2.224,2.319,2.339,2.806,1.031,0.731,0.57,1.393,1.27,1.456,1.07,1.051,1.292,1.221,0.894,1.202,0.884,1.145,1.033,,0.863,1.186,0.901,0.9,1.087,1.296,0.94,0.864,0.633,1.19,,1.075,,1.192,1.294,,1.02,0.644,1.056,1.338,1.124,1.023,0.853,0.779,0.798,,,1.033,0.784,0.71,0.857,1.208,1.561,1.667,0.939,1.299,1.683,2.996,1.64,1.411,1.383,0.394,0.693,0.507,0.842,0.983,0.782,0.783,0.725,0.733,1.374,1.442,0.939,0.549,0.908,0.964,0.666,0.829,0.963,0.987,1.529,1.157,1.131,1.149,,1.074,1.022,0.834,1.21,1.084,1.355,1.55,1.405,2.341,1.314,1.506,1.632,1.586,1.319,1.091,1.221,1.247,1.238,1.721,1.902,1.24,1.957,2.646,1.585,2.9,1.381,2.064,1.872,2.601,0.638,1.141,2.65,1.188,1.477,1.85,1.497,2.144,1.913,1.667,1.299,0.613,0.966,,0.739,0.824,0.744,0.639,0.84,0.902,0.698,1.084,1.07,0.975,1.309,0.761,1.176,0.954,1.309,1.035,1.275,1.103,1.024,0.871,0.965,0.931,0.899,0.647,0.568,1.052,1.015,0.926,0.864,0.945,1.41,1.073,1.076,1.011,0.827,0.764,0.888,1.254,1.166,0.863,0.973,0.956,0.884,0.893,1.091,1.002,0.847,0.986,0.87,1.29,1.041,1.132,,1.342,1.232,1.348,1.4,1.423,1.226,1.439,1.599,4.114,0.859,6.791,1.057,7.124,0.961,1.645,1.509,1.28,1.315,1.418,0.995,1.497,1.613,1.236,1.447,1.076,,1.589,1.526,1.713,1.2,1.233,1.354,1.423,1.303,1.502,,1.831,1.278,0.545,1.431,0.582,0.738,0.897,1.084,1.232,0.961,1.009,1.894,0.848,1.16,2.723,2.202,2.857,3.067,0.632,3.449,1.144,0.361,0.485,0.976,1.625,2.75,2.265,2.245,2.172,3.66,2.889,5.025,3.823,2.84,2.037,2.371,2.853,3.99,1.932,1.424,1.562,2.627,1.44,1.57,1.466,2.102,0.726,2.951,2.458,1.983,1.738,2.115,,2.992,4.872,4.865,1.686,3.028,2.507,1.522,1.234,2.015,1.68,,1.584,1.712,1.281,1.222,1.364,0.606,0.991,1.588,1.793,1.378,1.879,3.545,1.248,3.107,6.369,3.33,1.33,0.483,0.559,1.513,2.56,2.8,1.479,1.693,2.399,1.358,2.404,2.136,1.447,1.09,0.871,0.942,4.505,2.209,2.649,0.594,0.663,0.609,0.618,1.789,2.294,3.056,2.631,2.526,2.134,3.745,,6.213,3.244,2.366,,2.337,2.603,3.358,3.163,1.811,2.691,2.535,,4.026,2.125,0.701,0.893,1.167,1.822,1.603,1.024,0.616,,1.176,1.631,1.333,2.169,,1.793,,1.53,0.979,0.749,1.531,1.502,,4.269,2.757,1.748,,0.89,0.863,1.173,0.952,0.931,0.974,,1.304,1.196,0.688,0.78,1.206,0.769,1.028,1.17,0.903,0.97,1.075,1.004,1.112,0.978,1.106,1.11,0.744,0.794,1.18,1.193,0.892,1.164,1.091,,1.3,1.279,1.249,0.966,0.875,0.841,0.984,,1.086,0.907,1.099,0.826,0.979,0.905,0.918,1.123,0.906,1.038,0.875,1.85,,0.969,1.785,1.803,1.887,1.609,1.745,1.688,3.859,3.545,2.496,1.411,2.641,3.873,5.053,4.813,,4.408,8.407,4.67,9.509,2.344,4.589,3.753,6.33,3.754,1.497,2.619,3.022,0.961,0.348,2.406,0.7,0.119,5.518,1.771,2.132,2.52,3.112,3.213,2.203,0.514,4.368,3.99,1.337,3.424,2.169,4.173,2.2,2.678,2.237,3.555,1.506,3.162,3.905,1.764,3.243,1.412,1.592,2.247,0.807,2.09,1.741,0.955,,0.946,0.533,1.081,0.63,1.137,0.387,3.031,2.495,1.547,3.167,1.238,0.771,0.57,0.757,0.864,0.646,1.045,1.595,1.527,1.316,3.194,1.539,1.484,2.332,2.873,2.189,0.747,0.855,1.373,1.425,0.567,1.651,0.379,2.784,2.662,3.923,3.87,3.113,1.996,2.077,4.681,9.16,4.205,6.625,6.055,1.493,1.032,1.338,1.762,1.87,3.707,2.89,1.158,1.675,2.184,2.555,1.368,2.054,3.364,3.551,1.355,1.264,1.865,1.112,1.685,1.278,1.85,2.561,1.712,1.509,1.168,1.601,1.532,0.872,1.065,1.348,1.455,0.67,0.937,0.854,2.753,1.641,0.897,0.577,1.041,1.069,1.145,1.391,,1.484,1.113,1.44,1.04,1.371,1.178,,1.286,1.096,1.06,0.897,2.254,1.378,1.107,1.111,1.722,1.6,1.224,1.873,1.495,1.204,2.796,1.124,1.576,0.959,1.016,0.939,0.834,0.83,1.35,1.298,1.22,1.708,1.245,1.782,1.292,1.547,,1.981,1.162,1.112,1.462,1.428,0.986,0.475,0.978,,1.145,1.333,1.595,2.092,3.404,2.32,3.473,1.66,2.376,1.516,1.069,1.839,1.646,1.425,3.084,1.378,1.279,3.356,2.248,1.621,2.635,2.143,1.947,1.101,2.114,2.307,1.54,1.368,0.246,1.952,0.436,,1.185,1.852,2.276,1.3,1.366,2.222,1.841,0.963,1.407,2.067,1.67,1.203,2.683,,1.028,1.074,6.259,2.157,2.371,2.374,2.191,1.816,4.241,2.935,2.508,1.784,1.691,1.57,2.512,2.01,2.594,3.451,2.056,1.028,2.309,2.059,2.225,2.911,1.394,1.072,1.14,1.02,0.989,,1.545,1.648,1.221,1.239,0.483,0.848,1.268,,1.498,1.526,1.252,1.992,1.803,1.392,1.873,0.922,0.909,,,0.947,0.905,1.012,0.899,1.265,1.156,,,0.113,1.569,1.367,1.333,0.648,1.73,1.609,1.383,1.152,0.937,1.594,0.761,0.763,0.964,2.278,1.417,3.22,3.367,1.441,0.678,2.018,2.063,2.816,2.533,2.166,2.463,,1.83,2.442,4.754,4.502,,4.013,4.273,5.05,2.392,3.89,3.12,,4.352,5.1,2.59,,0.77,0.978,1.378,0.27,0.846,1.168,2.724,0.829,0.665,1.104,0.672,0.344,0.194,0.769,0.208,0.965,3.141,0.534,4.417,0.883,0.975,0.861,1.904,1.141,2.85,1.366,2.965,1.741,1.248,1.995,0.909,4.436,2.888,4.74,1.942,1.247,1.161,1.216,2.808,2.512,1.809,2.966,1.672,1.879,1.012,0.953,0.493,0.455,1.22,1.443,0.87,1.625,0.575,3.364,1.737,1.441,0.267,2.39,0.511,1.204,0.945,0.648,0.648,,1.086,0.323,2.444,2.146,1.195,0.859,0.882,0.804,1.382,1.24,0.736,1.285,0.375,1.791,1.197,1.34,0.559,1.338,2.26,1.234,1.541,1.688,1.445,,1.428,2.87,1.027,1.322,1.053,2.7,1.228,1.503,2.569,1.482,1.106,1.394,1.304,1.418,0.771,1.13,,0.669,0.215,0.478,0.218,1.713,1.524,1.959,1.471,,0.757,1.17,1.863,2.377,0.307,0.919,1.25,0.874,1.105,1.292,1.03,1.11,0.85,0.845,0.59,0.771,0.722,0.368,0.699,,0.504,1.191,0.866,1.023,0.712,0.7,1.033,0.429,1.142,0.869,1.001,0.992,0.877,0.667,0.65,0.766,0.012,1.038,0.894,0.904,0.789,1.548,3.697,2.008,2.479,2.148,1.312,1.08,2.32,1.903,3.01,0.858,0.971,0.795,0.882,0.963,1.311,1.252,1.428,0.722,1.018,1.056,1.411,0.881,1.022,1.881,1.982,1.118,1.571,2.138,,2.054,2.411,1.682,2.624,1.528,0.197,0.555,0.389,5.483,3.721,2.664,1.382,8.289,2.14,3.174,2.129,3.171,2.245,2.041,1.702,1.517,1.545,1.267,1.596,2.471,1.099,4.006,,2.274,4.059,4.761,0.816,0.714,0.751,1.024,1.196,1.591,2.116,1.414,2.393,1.884,1.781,1.772,1.308,1.672,1.338,0.787,0.999,1.228,1.035,0.674,1.743,1.494,1.975,1.232,0.939,1.267,0.763,5.465,3.658,2.118,1.145,0.924,0.934,1.146,0.845,1.07,1.348,1.481,0.253,0.754,1.236,1.842,1.575,1.893,1.787,2.133,1.15,1.308,1.302,1.237,1.218,1.71,2.314,1.554,2.67,1.726,2.002,0.635,1.006,0.727,1.521,0.949,0.911,1.08,1.21,1.113,1.117,0.877,0.944,0.995,2.056,0.684,2.015,1.97,0.035,1.572,0.054,0.357,0.498,0.675,0.495,2.273,0.421,1.097,0.913,1.019,1.755,1.375,1.422,1.03,1.253,1.661,0.495,1.404,1.608,1.622,0.746,0.861,1.045,,1.482,1.976,1.704,1.64,1.61,1.179,1.184,1.521,1.234,1.898,2.173,1.833,0.981,1.818,1.081,1.185,1.198,1.31,1.022,1.484,1.707,1.943,1.414,1.088,1.163,1.079,0.791,1.142,1.252,1.484,,1.397,1.584,1.65,1.994,1.489,1.837,1.13,2.111,1.605,1.419,1.164,1.401,2.965,1.447,1.136,1.192,1.449,1.179,1.307,0.758,0.76,0.907,1.833,,1.38,1.93,1.664,1.778,2.626,1.234,1.374,0.785,1.256,0.967,1.818,1.439,1.303,1.517,1.043,0.891,1.736,1.601,1.424,1.186,0.56,,0.606,1.4,,1.191,1.196,1.124,0.451,0.362,1.064,0.334,0.778,1.447,0.675,0.741,0.895,0.519,0.596,0.337,1.313,1.693,0.22,0.303,0.534,2.313,1.275,0.584,0.769,0.077,0.917,0.724,1.733,0.717,0.938,,,2.152,3.418,0.657,0.472,0.243,0.674,2.946,3.26,3.314,4.539,4.184,3.903,5.701,3.489,0.071,1.882,1.56,3.19,2.172,1.095,0.646,0.829,1.56,2.126,1.842,1.217,1.462,1.427,0.503,2.358,1.232,0.801,2.633,1.604,1.491,2.063,2.035,1.022,,2.476,3.126,1.669,1.452,1.065,0.827,0.405,0.667,1.731,1.025,0.668,1.047,1.593,0.589,1.304,0.702,1.946,1.087,0.915,1.445,2.367,1.266,1.452,0.479,2.444,3.505,1.635,1.965,1.167,0.932,1.269,3.531,3.628,4.634,1.64,4.152,3.05,1.524,2.719,1.112,1.129,1.597,2.03,4.063,1.738,2.201,0.699,1.549,1.315
20160203,1,CO_24h,1.017,0.367,0.879,1,0.829,1.004,1.145,0.767,0.739,0.617,0.979,1.529,,1.084,1.451,1.531,1.008,1.279,2.118,,0.856,1.515,1.138,1.263,0.816,1.691,,1.365,1.711,1.767,1.492,1.477,0.932,0.645,1.835,2.377,1.771,2.299,2.083,2.124,2.06,2.962,1.964,1.314,1.69,4.298,6.048,5.456,5.978,4.037,4.104,3.204,3.123,4.106,5.587,0.613,0.672,0.367,0.596,0.514,1.016,1.171,1.421,0.957,0.64,1.342,1.078,1.178,1.1,2.914,3.65,2.396,2.485,2.754,2.818,,2.774,4.328,2.644,1.594,,1.38,2.536,2.779,3.465,3.017,3.079,2.976,1.678,1.99,1.018,4.175,2.277,1.8,2.051,1.393,1.199,1.7,1.57,,1.726,1.96,,1.709,1.463,,1.381,0.886,0.997,1.586,1.495,1.292,1.367,1.404,0.892,1.146,0.614,1.169,1.209,1.356,1.159,1.244,0.879,1.706,1.424,1.305,1.006,1.3,0.969,3.525,,2.198,0.894,1.499,1.35,2.031,2.123,0.852,0.95,1.581,1.388,1.301,1.182,1.247,1.344,1.263,1.697,1.076,1.784,1.416,2.513,1.655,1.903,1.632,1.555,1.285,1.689,1.288,1.482,1.504,1.695,1.527,1.205,1.619,1.596,1.691,1.259,1.102,0.858,0.993,1.787,1.467,1.093,1.333,1.737,1.987,1.655,1.713,2.001,2.255,1.519,1.722,1.224,1.373,1.602,1.561,1.37,2.062,1.853,2.487,1.683,1.797,1.881,1.615,1.279,1.945,1.389,1.393,1.329,,1.143,1.087,1.346,1.517,1.729,2.003,1.174,1.253,1.601,1.299,2.246,1.358,1.015,1.084,1.14,0.985,2.217,2.182,2.267,2.59,0.933,0.708,0.797,0.943,1.271,1.337,1.053,1.114,1.132,1.334,1.01,1.1,0.961,0.954,0.989,,0.858,1.01,0.796,0.939,1.114,1.28,1.074,1.006,0.825,1.145,,1.209,,1.027,1.229,,1.08,0.673,1.033,1.2,0.984,0.905,0.99,0.912,1.681,,,1.047,0.938,0.982,0.883,1.178,1.312,0.972,0.923,1.3,1.318,1.864,1.411,1.142,1.38,0.508,0.774,0.56,0.646,0.917,0.799,0.77,0.771,0.772,1.069,0.828,1.034,0.7,1.248,0.95,0.974,0.83,1.158,1.109,1.964,1.185,1.553,1.549,,1.499,1.648,0.762,1.483,1.168,1.297,1.517,1.397,1.813,1.029,1.571,1.945,2.102,1.741,1.525,1.483,1.62,1.522,2.122,1.893,1.102,1.332,1.63,1.391,1.556,1.56,1.778,1.571,2.096,0.929,0.996,1.803,1.059,1.334,1.414,1.348,1.658,1.074,1.507,1.338,1.012,1.002,,0.708,1.09,0.708,0.899,0.918,0.825,1.125,1.111,1.049,0.964,1.279,0.719,1.123,1.016,1.277,0.98,1.21,1.065,0.967,0.843,0.895,0.897,0.846,0.729,0.783,1.081,0.93,0.959,0.824,1.006,1.245,1.056,1.014,0.896,0.768,0.79,0.967,1.222,1.197,0.871,0.961,0.996,0.876,0.897,1.073,1.001,0.89,0.978,0.836,1.258,1.104,1.11,,1.176,0.952,1.304,1.219,1.334,1.017,1.311,1.321,0.999,0.888,1.385,1.063,1.439,1.08,1.408,1.429,1.384,1.447,1.343,0.995,1.364,1.441,1.218,0.967,1.065,,1.591,1.545,1.378,0.942,1.35,1.452,1.593,1.386,1.645,,1.967,1.226,0.755,1.536,0.837,0.969,1.111,1.266,1.338,1.107,1.166,1.227,1.014,1.256,2.09,1.462,1.762,1.876,1.189,1.068,0.611,0.348,0.364,0.32,1.464,2.291,1.761,1.785,0.655,2.769,1.409,3.798,3.385,1.961,2.395,1.981,2.137,2.81,1.897,1.393,1.729,2.139,2.101,2.381,1.76,2.301,1.035,2.555,1.735,1.892,1.282,2.039,,2.891,4.392,3.871,2.966,3.042,2.056,1.1,1.171,1.478,1.368,,1.411,1.271,1.233,1.38,1.201,0.82,0.974,1.336,1.743,1.419,2.01,2.415,1.402,1.731,2.441,1.428,0.934,0.429,0.622,1.104,1.626,1.638,1.137,1.068,2.278,1.608,1.937,1.794,1.294,1.408,0.957,1.64,2.499,2.164,2.108,0.733,0.837,0.915,0.72,1.949,2.5,2.993,1.832,1.673,1.9,2.354,,2.864,3.054,2.542,,2.586,2.94,3.28,3.064,1.47,2.33,2.172,,3.506,1.915,1.555,1.173,1.256,1.446,1.595,1.256,1.027,,0.935,1.385,1.821,2.043,,2.029,,1.639,1.814,1.87,1.72,2.088,,2.929,2.329,1.533,,0.765,0.958,1.204,1.175,1.129,1.364,,1.441,1.362,0.842,0.84,1.357,0.904,1.053,1.057,0.952,0.726,1.03,0.969,1.13,0.96,1.061,1.089,0.722,0.867,1.097,1.11,0.868,1.076,1.138,,1.289,1.205,1.177,1.013,0.926,0.9,1.003,,1.335,0.995,1.141,0.849,1.018,1.179,0.942,1.05,0.862,0.944,0.99,1.862,,0.917,1.192,1.819,1.572,1.745,1.888,1.924,2.696,2.897,2.263,1.566,2.226,2.872,4.611,4.735,,3.104,3.927,4.958,7.571,2.153,4.574,3.725,5.051,2.836,1.147,2.059,2.235,0.72,0.319,2.897,0.77,0.401,2.477,1.751,2.136,2.038,2.289,2.211,2.349,0.902,3.998,3.855,1.298,3.028,1.906,3.618,2.94,2.148,2.455,3.784,3.005,2.761,1.434,1.452,2.309,1.217,1.725,1.582,0.828,2.14,1.569,0.999,,0.738,0.607,1.243,0.66,0.862,0.658,1.966,1.717,1.866,2.199,0.944,0.837,0.796,0.765,1.239,0.805,1.291,1.239,1.809,1.14,2.654,1.389,1.489,2.237,2.287,1.935,0.954,1.014,0.493,1.349,0.754,1.602,0.516,2.356,2.066,2.409,3.022,2.478,1.769,1.63,4.113,7.115,2.515,3.717,4.919,2.264,2.042,1.667,1.968,2.207,3.175,1.403,1.772,1.591,1.803,2.286,1.115,2.061,3.008,3.484,1.248,1.113,1.361,0.979,1.341,1.297,1.711,1.907,1.568,1.38,0.706,1.401,1.524,1.018,1.005,1.44,1.594,0.819,1.307,0.835,2.852,1.547,1.492,0.609,0.868,1.05,1.098,1.317,,1.445,1.095,1.362,1.242,1.407,1.811,,1.442,1.336,1.071,0.878,2.838,1.538,1.3,1.23,1.662,1.428,1.249,1.69,1.262,1.185,2.747,1.823,1.426,1.145,0.9,1.035,0.9,0.895,1.382,1.377,1.223,1.725,1.259,1.893,1.358,1.63,0.766,1.88,1.215,1.196,1.415,1.46,1.145,0.659,1.008,,1.292,1.324,1.589,1.74,2.494,1.815,1.736,1.252,2.287,1.483,0.839,1.572,1.277,1.497,1.884,1.074,1.109,2.005,1.72,1.26,1.882,1.745,1.536,0.901,1.856,2.131,1.456,1.211,1.648,2.151,0.259,,1.957,1.558,1.21,0.901,1.105,1.966,1.599,0.978,1.46,1.694,1.359,0.994,2.2,,1.121,1.156,2.9,1.421,1.261,1.562,1.645,1.854,2.428,1.695,2.376,1.627,1.515,1.818,2.131,2.105,1.948,2.263,0.829,0.747,1.531,1.625,1.208,2.009,1.364,0.945,0.967,1.452,1.388,,1.378,1.643,1.577,1.699,1.174,1.409,1.182,,1.393,1.429,1.256,1.695,1.734,1.177,1.665,0.884,0.945,,,1.013,0.942,0.996,0.985,1.377,1.164,,,1.029,1.083,1.106,1.427,0.7,1.424,1.901,1.617,1.543,1.283,2.025,0.804,1.002,0.912,2.121,1.781,2.575,3.596,1.768,2.091,1.735,1.473,2.006,1.74,1.867,2.605,,2.019,3.038,4.629,3.363,,4.053,3.296,4.097,2.289,3.26,3.242,,4.27,3.983,2.744,,0.97,1.221,0.786,0.255,0.642,0.521,2.137,0.802,0.918,1.23,1.065,0.761,0.356,0.735,0.179,1.524,1.862,0.49,3.16,0.401,0.755,0.567,0.975,1.2,1.757,1.267,1.713,1.819,1.259,1.748,0.857,3.006,2.278,4.419,2.054,1.164,0.958,1.219,2.441,2.03,1.495,2.778,1.572,1.694,1.754,0.615,0.715,0.661,1.231,1.184,0.965,1.469,0.462,1.596,1.508,1.336,0.575,2.625,0.539,1.176,0.932,0.844,0.614,,0.942,0.353,1.474,1.386,1.058,1.091,0.787,0.886,1.05,0.74,0.712,0.368,0.251,1.345,0.936,1.111,0.628,1.487,1.726,1.372,1.424,1.293,1.29,,1.355,2.568,1.384,1.645,1.122,1.95,1.501,1.834,2.448,1.737,1.289,1.655,1.592,1.67,0.868,1.16,1.219,0.679,0.222,0.611,0.243,1.457,1.336,1.528,1.955,,1.158,1.476,1.982,2.169,0.412,0.868,1.145,1.019,1.4,1.539,1.131,1.31,0.948,1.051,0.826,0.944,0.844,0.524,0.802,0.156,0.675,1.166,0.857,1.051,0.856,0.676,1.177,0.554,1.192,0.859,1.037,1.031,0.875,0.771,0.728,0.692,0.025,0.99,0.596,0.793,0.85,1.553,2.052,1.662,1.562,1.992,1.008,0.679,1.698,1.263,1.662,0.946,0.959,0.824,0.859,0.924,1.324,1.273,1.374,0.715,1.017,0.806,0.902,0.857,0.965,1.153,1.174,0.646,1.177,1.107,,1.656,2.121,1.387,2.197,1.332,0.289,0.665,0.784,4.035,2.385,1.938,2.068,5.775,3.007,4.071,2.521,3.479,2.689,2.432,1.987,1.787,1.638,1.609,1.672,2.348,1.37,2.122,,2.064,2.051,2.293,1.195,1.074,1.249,1.688,1.361,1.201,1.426,1.619,2.59,2.173,1.703,1.941,1.205,1.3,1.27,0.617,1.278,1.505,1.207,0.794,1.847,1.73,1.73,1.139,0.962,1.171,0.883,2.665,1.481,2.202,1.315,1.264,1.236,1.341,1.123,1.464,1.388,1.92,0.303,0.697,1.118,1.632,1.32,1.305,1.405,1.49,1.029,1.183,1.111,1.072,1.121,1.128,1.894,1.137,2.069,1.583,2.003,1.187,1.018,0.699,1.507,0.899,0.848,1.036,1.234,1.049,1.316,0.664,0.911,0.775,1.279,0.718,1.524,1.893,0.061,1.286,0.071,0.233,0.642,0.685,0.69,2.648,0.577,1.083,0.762,0.912,1.578,1.312,1.321,1.015,1.245,1.738,0.598,1.302,1.501,1.489,0.659,0.721,1.038,,1.413,1.689,1.579,1.608,1.528,1.119,1.058,1.43,1.326,1.676,2.027,1.955,1.231,2.225,0.93,1.334,1.322,1.416,1.127,1.537,1.713,1.874,1.588,1.085,1.457,1.256,1.002,1.186,1.293,1.531,,1.313,1.575,1.887,2.099,1.542,1.939,0.987,1.95,1.302,1.203,1.227,1.431,2.8,1.424,1.071,1.191,1.381,1.195,1.23,0.874,0.837,0.911,1.147,,1.392,1.675,1.44,1.702,1.994,1.246,1.444,0.794,1.237,0.974,1.607,1.316,1.143,1.416,1.335,0.891,1.756,1.485,1.527,1.283,0.526,,0.631,1.31,0.431,1.011,1.381,1.258,0.668,0.527,1.654,0.42,0.447,1.033,0.836,0.942,1.317,0.804,1.106,0.504,1.349,1.06,0.253,0.468,0.743,2.043,1.136,0.309,0.784,0.137,1.063,1.669,2.035,0.735,1.001,0.048,0.054,1.571,2.315,0.57,0.602,0.225,0.713,2.22,2.735,2.54,3.286,3.945,2.62,2.771,2.695,0.086,1.977,1.143,3.175,1.868,1.272,0.85,0.644,1.915,1.753,2.624,0.698,1.354,1.509,1.501,1.666,1.103,0.755,2.616,1.749,1.413,1.65,1.671,0.319,,1.829,2.695,1.344,1.724,0.883,0.633,0.658,0.799,1.288,1.132,0.759,1.014,1.691,0.691,1.449,0.799,2.016,1.2,1.211,2.257,2.764,1.722,0.755,0.491,2.818,3.068,1.598,2.483,1.007,1.217,1.422,2.756,2.06,2.041,1.456,1.456,2.853,1.806,2.237,0.752,1.146,0.929,1.725,3.219,2.882,2.049,0.814,1.693,1.301
20160203,2,AQI,29,30,34,49,36,36,52,32,63,36,53,88,,147,160,124,119,149,180,,163,108,127,152,97,169,,189,239,115,138,216,200,72,120,119,109,119,130,128,89,140,103,101,96,204,190,268,210,244,219,218,301,261,308,36,45,34,36,55,65,67,60,74,33,129,125,138,144,189,256,188,150,219,214,,113,200,134,85,,51,120,173,82,94,113,189,104,132,116,129,115,98,92,103,119,155,195,,192,231,,252,204,,228,67,58,52,64,55,54,50,58,72,41,160,140,119,189,153,114,137,189,165,78,115,134,155,,221,173,215,206,120,165,156,163,98,65,92,64,163,72,72,79,79,156,149,176,178,193,160,155,192,142,180,208,166,203,203,168,209,168,104,52,73,36,122,103,134,120,122,117,162,130,158,127,139,155,166,162,212,144,170,183,183,173,217,213,175,214,243,231,192,193,176,224,,152,190,198,109,166,229,195,176,183,152,216,143,89,62,67,52,243,247,238,230,107,82,58,112,95,114,112,110,113,113,68,135,118,132,114,,108,118,119,78,92,87,84,117,108,100,,102,,168,140,,93,119,99,98,124,109,104,77,84,,,77,75,94,80,120,60,127,112,152,166,139,127,139,118,32,43,35,67,32,43,38,40,30,128,95,73,152,103,144,78,102,87,186,168,149,147,163,,152,176,59,103,103,95,95,115,120,112,112,130,120,122,142,129,128,137,115,90,112,159,168,130,188,149,153,158,178,142,176,152,150,147,160,170,201,186,128,120,54,53,,46,49,48,53,50,55,54,46,48,48,39,58,32,54,57,22,42,40,52,50,46,48,49,43,53,43,59,60,48,60,75,39,42,53,38,43,58,46,31,53,52,48,36,43,49,43,46,43,40,38,65,37,,113,144,102,103,95,87,118,108,25,52,42,41,32,67,104,85,79,90,89,65,74,105,90,108,77,,89,80,103,87,95,104,87,87,83,,87,134,93,107,75,110,92,79,108,100,90,97,72,51,97,99,137,117,70,89,78,55,91,91,129,90,90,92,175,117,228,97,221,78,160,102,82,94,109,80,87,99,82,112,120,145,52,120,158,129,113,123,,264,414,345,378,345,419,100,160,168,117,,173,263,105,169,190,57,75,129,110,62,89,130,62,107,62,69,64,36,36,61,170,133,189,179,53,118,201,129,72,57,41,44,113,64,110,28,26,26,23,203,142,133,227,243,215,195,,338,270,222,,216,139,178,200,215,141,179,,155,173,233,201,225,367,216,83,55,,93,104,72,209,,148,,130,183,189,173,189,,227,175,160,,83,67,63,179,95,80,,60,58,65,63,64,37,38,40,28,30,35,39,46,40,49,39,38,33,42,45,32,52,23,,43,28,32,64,64,64,38,,29,65,55,74,20,26,27,49,28,39,29,39,45,40,52,53,60,176,183,173,117,100,71,68,120,156,142,114,,201,373,176,359,182,90,139,204,85,101,121,146,96,49,67,38,37,289,130,129,133,143,160,113,57,132,110,117,140,81,143,92,211,117,120,63,133,244,114,156,110,120,108,63,105,78,73,,65,55,58,56,58,74,175,140,158,178,87,70,68,64,74,51,79,128,94,149,130,123,92,110,132,97,74,117,95,95,89,145,28,127,122,115,183,143,129,153,208,173,129,205,179,97,90,125,124,69,51,203,60,134,162,137,97,65,93,99,70,175,196,226,196,162,100,136,125,133,125,139,98,77,118,110,100,120,123,113,,118,59,59,124,125,140,120,,95,100,115,82,88,97,,84,83,18,19,65,75,95,83,178,178,186,178,144,132,82,84,60,77,130,120,105,94,143,140,120,118,80,107,109,92,95,137,119,168,150,132,84,65,83,,79,73,80,186,123,114,328,123,137,89,110,63,71,78,138,179,125,161,192,163,31,204,210,87,90,84,70,109,79,85,97,,132,159,199,82,105,144,199,180,115,157,148,152,190,,137,130,250,138,203,150,78,80,218,160,65,104,55,40,132,137,119,125,185,93,139,99,94,82,175,172,180,73,93,,129,128,122,101,64,70,132,,180,192,192,134,137,169,173,125,118,,,87,77,82,73,90,112,,,57,68,120,102,83,98,93,135,139,120,92,49,56,64,83,81,104,107,87,62,143,133,238,183,83,83,,94,105,189,212,,207,149,155,68,179,56,,105,233,153,,50,65,63,36,33,84,149,87,58,69,26,28,28,29,24,57,95,70,123,124,72,110,122,85,128,89,136,115,100,133,123,178,72,115,48,115,103,115,152,193,103,133,128,102,44,48,42,50,49,87,53,28,59,61,37,26,49,68,28,65,53,52,58,75,85,20,75,76,48,74,54,52,105,73,54,83,24,138,127,60,27,128,97,153,204,199,208,,204,149,153,66,87,119,144,145,100,93,78,72,68,83,123,122,98,122,87,90,78,226,203,236,88,,73,123,132,132,89,70,63,80,98,93,70,90,79,72,67,104,26,28,37,39,17,35,39,54,30,19,33,23,43,28,23,28,30,26,57,57,59,92,94,89,87,114,149,88,166,85,105,111,107,98,103,69,90,105,109,102,73,82,74,56,104,90,103,89,90,117,156,94,115,140,,88,117,77,94,68,85,93,94,128,112,105,150,248,132,105,135,156,152,185,92,102,122,109,115,130,113,143,,139,144,203,99,155,137,89,89,83,88,109,98,119,93,117,43,94,72,57,103,119,122,95,169,152,190,122,117,152,90,137,138,149,142,110,114,110,98,95,78,65,104,103,132,129,138,166,149,152,132,188,163,160,148,156,113,100,118,109,108,100,149,104,114,89,80,74,83,92,72,103,117,89,114,56,140,90,112,127,60,142,105,59,48,65,62,90,83,79,103,97,108,75,65,78,84,37,54,54,97,72,79,,93,135,113,59,60,92,92,103,132,142,183,102,104,89,98,88,120,84,80,137,123,122,119,84,78,82,63,57,84,80,,87,109,110,114,117,117,166,130,165,143,63,120,148,85,63,92,104,105,122,22,45,32,100,,57,107,119,94,139,68,67,75,68,88,84,102,108,92,63,59,84,93,42,62,82,,65,77,36,74,43,28,32,31,67,49,88,79,38,39,18,25,45,59,40,77,73,70,54,76,82,50,54,19,23,42,15,95,129,51,34,20,67,12,27,27,25,117,222,210,208,71,110,113,107,125,147,135,70,64,83,69,50,50,59,80,53,77,71,53,97,120,113,93,144,92,55,119,68,,166,104,67,77,72,122,45,53,56,30,143,193,155,83,100,97,84,97,98,107,132,187,80,25,180,439,80,94,80,86,95,155,238,257,117,125,122,98,175,34,28,55,134,236,389,70,36,88,53
20160203,2,PM2.5,20,21,23,34,25,21,36,22,45,21,37,65,,112,122,94,90,114,136,,124,81,96,116,68,128,,142,189,87,105,166,150,52,91,90,82,90,99,97,66,107,77,70,60,154,143,218,160,194,169,168,251,211,258,21,21,19,23,39,47,48,43,54,19,98,95,105,110,142,206,141,115,169,164,,85,150,102,63,,34,91,131,60,70,85,142,78,100,72,98,87,73,68,77,90,118,146,,144,181,,202,154,,178,48,41,36,46,34,38,33,41,52,25,122,107,90,142,117,86,104,142,125,57,87,102,118,,171,131,165,156,91,125,119,124,73,47,68,46,124,52,52,58,58,119,114,133,134,145,122,118,144,108,136,158,126,153,153,127,159,127,78,30,53,25,92,77,102,91,92,88,123,99,120,96,106,118,126,123,162,110,129,138,138,131,167,163,132,164,193,181,144,145,133,174,,116,143,148,82,126,179,146,133,138,116,166,109,66,44,48,27,193,197,188,180,80,60,41,84,71,86,84,83,85,85,49,103,89,100,86,,81,89,90,57,68,64,62,88,81,75,,76,,127,107,,69,90,74,73,94,82,78,56,62,,,55,55,70,59,91,43,96,84,116,126,106,96,106,89,22,30,24,48,22,30,26,25,19,97,71,53,116,77,110,57,76,64,140,127,114,112,124,,116,133,42,77,77,71,71,87,91,84,84,99,91,92,108,98,97,104,87,67,84,121,127,99,141,114,117,120,134,108,133,116,115,112,122,129,151,140,97,91,38,37,,32,34,33,37,35,39,38,32,33,33,27,41,17,38,40,15,29,28,36,33,26,33,34,30,37,30,42,43,33,43,55,19,29,37,22,23,41,15,11,37,36,33,25,30,34,30,32,30,26,26,47,24,,85,110,76,77,71,64,89,81,9,18,22,26,22,48,78,63,58,67,66,47,54,79,67,81,56,,66,59,77,64,71,78,64,64,61,,64,102,69,80,55,83,68,58,81,75,67,72,52,28,72,74,104,80,21,43,37,16,41,53,98,63,36,68,132,88,178,65,171,53,122,,48,70,82,59,64,74,60,84,91,111,27,91,120,98,85,93,,214,371,295,275,295,370,53,122,127,88,,131,213,79,128,143,40,55,98,83,44,66,99,44,80,,45,46,21,22,38,129,101,142,135,37,89,151,98,52,40,27,28,85,46,83,19,18,18,16,153,108,101,177,193,165,146,,288,220,172,,166,106,134,150,165,99,135,,118,131,183,151,175,283,166,61,39,,69,78,52,159,,113,,99,138,142,131,142,,177,132,122,,61,48,41,135,71,59,,43,41,47,45,46,19,20,25,19,21,19,27,27,28,34,27,26,22,29,31,20,36,16,,30,19,22,46,46,46,26,,20,47,39,54,14,18,18,34,19,27,20,27,31,28,35,37,43,133,138,131,88,75,46,49,91,119,108,86,,151,323,133,309,137,67,106,154,63,53,71,49,59,25,48,6,15,239,99,98,101,109,122,85,40,100,66,88,107,50,109,68,161,88,91,45,101,194,86,119,83,91,81,45,79,57,53,,47,32,41,34,41,54,132,107,120,134,64,51,49,46,54,31,58,97,70,114,99,93,68,83,100,72,54,88,71,71,66,111,9,96,92,87,138,109,98,117,158,131,98,155,135,72,60,95,94,50,33,153,43,102,123,104,72,46,69,74,51,132,147,176,147,123,75,100,95,101,95,106,73,56,89,83,75,91,93,85,,89,42,42,94,95,107,91,,71,75,87,60,65,72,,62,61,8,10,47,55,71,61,134,134,140,134,110,100,58,62,43,56,99,91,79,70,109,107,91,89,59,80,82,68,71,104,90,127,115,100,62,47,61,,58,53,59,140,18,37,278,93,104,66,83,39,44,46,105,135,95,95,144,124,,154,160,64,67,62,51,82,49,39,41,,100,121,115,40,49,110,149,136,83,94,68,59,143,,104,99,200,105,153,115,57,59,168,122,,78,39,28,100,104,90,95,139,69,106,74,70,60,132,130,136,53,69,,98,97,92,,41,45,100,,136,144,144,102,104,128,131,95,89,,,64,56,59,50,67,84,,,40,49,91,76,61,73,69,103,106,91,66,33,28,46,49,41,76,46,60,34,109,101,188,138,61,61,,70,79,142,162,,157,114,118,49,135,28,,65,183,117,,19,47,39,25,20,62,114,64,41,50,15,13,13,20,9,40,71,51,93,94,52,83,92,63,97,66,102,87,75,101,93,134,52,87,33,87,77,87,116,145,77,101,97,76,27,32,29,35,27,64,37,19,42,43,19,15,34,49,19,47,37,36,41,55,63,1,36,49,33,54,26,36,79,53,38,61,,105,96,43,8,97,4,117,154,149,158,,154,114,117,33,64,90,110,111,75,69,57,52,49,61,93,92,73,92,64,67,57,176,153,186,65,,53,93,100,100,66,51,45,59,73,69,51,67,58,52,48,78,18,19,21,27,11,24,27,38,21,6,23,16,24,19,16,19,21,18,40,40,42,68,70,66,64,86,114,65,126,61,79,77,80,73,77,50,67,79,82,76,53,60,54,35,78,67,77,66,67,88,119,70,87,107,,52,88,40,32,49,63,69,70,97,84,79,115,198,100,79,103,119,116,139,50,76,92,82,87,99,85,109,,106,110,153,74,118,104,66,65,61,65,82,73,90,69,88,30,70,52,40,77,90,92,71,128,116,143,92,88,116,67,104,105,114,108,83,86,83,73,71,57,31,78,77,100,98,105,126,114,116,100,141,124,122,113,119,85,75,89,82,81,75,114,78,86,66,59,53,61,68,52,77,88,66,62,38,107,67,84,96,38,108,79,42,33,47,44,67,61,58,77,72,81,55,47,57,62,22,35,38,72,52,58,,69,103,85,16,24,68,68,77,100,108,138,76,78,66,73,65,91,62,59,104,93,92,90,62,57,60,45,39,62,59,,64,82,83,86,88,88,126,99,125,109,45,91,113,63,43,68,78,79,92,15,31,22,75,,40,80,90,70,106,49,48,55,49,49,62,76,81,68,45,37,62,69,26,44,60,,47,36,25,54,26,11,22,11,48,30,65,58,25,27,12,17,31,42,25,33,53,51,38,51,60,35,38,12,16,16,2,26,31,14,15,,48,8,7,8,7,88,172,160,158,51,83,85,80,95,112,103,51,46,61,43,35,35,42,32,33,56,51,37,72,67,41,69,110,68,25,90,49,,126,78,46,18,40,92,14,35,37,21,109,145,118,,75,72,62,72,73,80,100,49,40,8,125,385,52,70,59,57,56,118,188,207,64,95,92,73,132,22,7,39,102,186,339,51,25,65,37
20160203,2,PM2.5_24h,35,11,29,34,27,29,34,28,27,15,27,46,,46,46,31,32,39,47,,34,29,53,35,29,67,,48,64,53,52,64,53,24,48,65,40,45,54,56,37,65,48,38,35,117,134,173,111,139,171,131,156,155,190,19,16,15,20,21,39,42,32,37,18,39,31,41,34,94,121,76,122,145,137,,78,108,79,59,,27,69,79,38,42,49,77,61,61,66,102,75,44,63,44,88,117,95,,122,157,,134,98,,120,70,59,47,55,37,42,44,45,60,27,90,92,80,94,86,66,91,100,95,85,88,96,113,,137,120,139,151,93,107,93,129,99,94,100,79,105,92,79,88,86,116,105,119,111,127,112,101,115,107,116,122,97,121,110,100,120,109,99,88,101,91,103,70,78,76,73,114,122,120,121,130,122,113,91,105,116,88,104,105,131,108,127,112,106,125,119,122,125,117,124,130,,116,120,131,124,97,121,154,113,128,106,114,102,93,75,104,56,142,141,131,121,86,70,54,88,81,90,92,91,87,89,61,58,79,63,68,,67,69,75,61,69,60,62,76,81,60,,82,,102,89,,64,71,66,84,60,57,93,77,74,,,65,65,82,64,101,89,102,100,115,125,122,99,114,104,20,21,20,27,19,20,15,21,18,99,71,65,100,84,100,65,90,89,98,110,76,88,92,,85,88,43,81,72,62,75,80,77,77,73,74,75,73,65,83,72,67,65,55,109,115,120,110,118,122,120,106,118,94,118,101,121,113,113,128,124,123,111,115,25,22,,20,21,20,25,20,27,22,17,21,19,19,24,8,20,17,11,13,13,21,18,20,17,20,18,23,19,26,27,16,20,25,17,16,21,12,12,24,9,6,22,21,19,15,17,18,17,20,13,12,18,24,12,,64,68,63,63,58,57,64,68,4,15,16,18,21,45,65,53,50,60,57,38,49,58,55,59,49,,54,44,55,49,107,88,84,82,85,,87,89,78,82,65,82,75,69,84,73,74,47,31,17,42,45,56,38,43,42,25,22,31,25,71,43,73,62,54,62,86,63,107,48,90,,37,89,97,46,70,81,61,85,100,101,57,65,75,96,58,74,,194,314,223,196,231,280,109,117,114,117,,138,155,118,141,155,49,117,126,106,43,61,62,41,57,55,30,28,12,18,28,82,75,69,59,92,76,82,96,68,59,39,60,70,56,82,24,21,24,18,123,103,87,99,116,107,97,,168,158,142,,137,110,132,129,113,85,93,,111,115,163,190,180,189,149,58,48,,25,64,60,105,,91,,97,152,150,127,95,,145,102,76,,41,46,38,105,78,91,,29,26,33,29,33,13,15,18,18,16,14,20,17,20,23,21,16,17,18,18,14,18,9,,13,8,9,28,27,28,14,,15,26,17,22,8,8,9,14,14,13,14,17,14,19,24,26,28,162,145,153,37,47,39,44,55,73,93,99,,94,140,92,194,92,46,71,92,37,27,57,77,34,17,82,30,21,133,68,74,87,92,99,80,42,82,71,78,95,43,107,98,105,112,110,86,89,98,64,110,80,90,64,46,82,75,57,,38,37,37,37,39,66,87,76,103,118,64,82,67,36,36,36,76,101,78,102,99,93,108,87,103,90,60,100,80,89,91,107,15,68,51,47,82,74,52,56,129,108,81,103,121,107,111,109,102,58,43,96,56,100,90,83,69,40,44,52,38,111,118,125,113,121,85,92,94,81,80,90,84,36,86,76,90,109,106,94,,92,54,54,66,68,76,66,,57,61,66,71,75,80,,76,83,8,8,81,93,93,91,112,113,122,108,94,101,40,46,33,49,88,93,71,87,109,113,105,108,72,89,100,94,86,102,97,105,110,106,67,66,70,,65,36,36,97,19,56,164,53,70,59,61,29,38,51,63,93,80,59,96,81,157,112,109,55,48,61,46,58,49,57,49,,75,100,48,55,35,77,100,94,84,75,59,48,116,,68,65,112,68,68,81,58,62,107,78,87,69,64,46,82,79,73,85,55,40,64,47,44,29,106,109,102,88,104,,102,143,108,,84,89,104,,120,116,119,97,118,111,115,96,99,,,69,60,64,54,74,80,,,59,59,122,89,63,85,91,133,140,120,113,32,22,33,58,56,83,53,75,64,96,79,156,88,49,60,,70,85,106,112,,120,79,57,29,58,26,,47,161,128,,29,42,30,20,19,48,77,43,46,58,25,31,16,12,6,51,61,47,82,38,27,45,72,64,78,73,68,135,86,88,98,85,41,63,39,83,79,78,101,106,94,106,94,85,33,33,53,44,55,61,50,17,33,36,14,17,45,32,20,43,41,47,36,40,61,31,30,28,35,40,20,39,77,38,26,24,,74,79,49,23,104,91,129,136,139,146,,150,146,152,66,75,101,137,114,93,107,91,79,96,96,110,101,82,88,77,85,65,151,128,156,85,,89,111,120,113,57,47,47,59,80,78,52,58,47,68,57,90,21,27,23,26,17,17,19,21,20,7,19,16,19,10,8,10,11,19,26,22,62,75,72,72,72,60,113,106,107,104,80,59,61,91,51,65,65,73,73,71,49,60,65,34,68,67,68,57,61,71,83,69,68,81,,52,70,45,39,39,57,52,51,94,85,80,134,150,120,116,105,123,121,142,43,77,108,114,100,106,103,109,,117,94,98,143,142,149,109,120,83,91,97,97,109,88,102,16,42,49,35,105,96,90,75,118,117,126,78,76,93,64,69,71,96,93,98,97,94,78,98,80,61,65,66,107,106,103,100,108,109,89,99,92,94,89,87,67,74,65,85,77,147,102,88,90,56,52,45,56,64,75,82,76,78,82,54,83,42,68,82,47,77,89,30,24,36,31,51,49,48,62,65,68,62,52,62,72,13,22,29,50,65,44,,67,82,78,31,39,47,48,66,87,84,110,80,75,66,70,80,90,75,75,128,118,117,124,77,92,85,84,42,56,57,,58,84,93,94,91,92,109,76,95,88,70,89,114,58,39,59,68,74,86,15,31,27,43,,30,31,47,51,52,62,77,67,71,68,46,56,58,50,53,47,63,61,25,30,62,,48,50,60,45,27,32,32,22,36,36,62,48,39,40,86,73,100,46,28,29,50,57,51,73,81,28,42,15,17,37,33,31,19,19,25,,84,16,25,7,13,123,121,109,116,28,53,55,51,75,91,79,34,27,72,53,33,40,55,42,34,63,64,42,73,65,51,49,75,45,26,79,42,,93,56,32,20,50,84,37,38,21,23,124,89,109,,92,78,47,53,49,76,78,41,35,11,147,287,40,68,60,65,57,115,139,108,64,106,73,83,108,27,8,23,107,180,252,37,21,73,22
20160203,2,PM10,,,,,,21,39,,,36,,,,182,166,141,170,173,208,,169,131,145,171,143,135,,216,237,177,152,210,181,,133,122,122,143,122,112,120,143,96,151,141,232,199,325,292,225,214,193,280,278,305,36,45,34,36,,,52,56,68,33,158,132,130,129,187,208,273,154,210,183,,142,196,148,104,,51,123,194,102,125,120,210,121,139,182,147,120,120,88,116,140,154,218,,257,252,,273,272,,227,64,59,48,75,59,58,50,54,72,41,213,136,152,156,136,111,116,180,144,99,102,112,142,,175,153,169,207,121,162,125,164,,,,60,142,,,,,169,168,209,175,202,180,167,248,164,,168,147,170,165,196,,135,87,54,66,36,113,127,168,103,126,138,214,150,207,134,167,177,245,218,287,196,151,210,152,163,193,225,164,202,,250,182,208,177,263,,160,187,,118,220,236,190,160,202,185,244,165,94,69,72,54,231,243,265,249,111,83,48,138,93,142,121,117,135,129,67,134,124,144,123,,104,114,136,77,90,80,82,112,106,95,,107,,155,132,,117,107,,119,125,98,,77,70,,,103,73,,79,,58,140,93,126,151,,,,,32,36,31,,24,38,31,40,30,120,91,72,124,,,,82,121,159,200,176,183,138,,174,202,57,112,88,112,110,154,95,151,111,188,157,131,134,153,148,,131,112,,182,166,135,157,,,,183,,146,122,,,132,,,147,,,45,43,,,41,,44,39,40,41,41,,,29,41,32,38,44,18,41,33,41,50,46,37,44,,42,36,42,45,34,44,,39,40,42,38,43,43,46,31,,,41,28,37,42,39,35,41,40,,,37,,94,136,94,112,75,96,143,124,25,54,42,41,27,54,91,76,66,80,74,57,85,102,73,92,70,,69,77,101,85,89,91,84,81,70,,76,126,75,,73,90,97,72,95,108,109,,89,51,142,95,168,184,90,128,105,59,131,131,158,129,129,133,199,170,221,144,227,106,216,154,114,134,122,85,115,108,81,115,122,156,53,108,152,131,109,111,,355,445,309,482,310,519,149,204,183,144,,161,,120,154,150,58,83,202,86,56,84,176,66,112,,88,68,36,36,72,203,134,197,189,50,130,209,113,87,50,41,44,134,72,137,,,,16,200,131,166,257,254,244,245,,431,302,234,,251,172,187,220,246,231,212,,190,,226,184,263,473,215,84,60,,88,82,81,190,,144,,152,194,181,225,241,,329,229,198,,71,76,76,182,98,91,,49,46,61,56,53,37,38,40,26,29,35,31,46,,,28,28,33,36,38,32,,22,,,25,26,46,,50,29,,28,47,44,,17,20,27,41,27,33,27,27,,30,54,46,52,174,177,176,140,105,92,,124,124,171,132,,201,390,165,337,,111,118,154,,152,192,242,141,49,76,38,37,341,137,158,165,187,181,136,52,129,169,132,138,111,138,96,252,146,150,67,151,224,126,152,121,107,101,73,121,70,66,,59,59,56,61,,,186,172,160,227,80,64,66,56,63,52,,112,76,124,142,130,115,137,134,87,79,,,,80,,,129,167,175,191,132,106,144,213,279,,276,233,74,129,114,118,52,51,232,50,196,211,164,104,79,127,120,83,172,189,,180,148,125,221,128,137,127,130,101,80,94,88,94,102,192,,,112,,64,,99,109,114,,82,85,90,62,89,93,,76,72,,,60,83,82,66,155,139,159,155,140,121,114,116,70,85,,124,111,107,120,129,111,107,77,106,,84,110,134,137,152,138,143,69,65,62,,62,58,65,,196,177,301,131,137,92,126,75,92,105,170,169,142,271,198,240,,204,196,87,97,82,74,129,108,119,144,,133,142,348,113,159,157,283,205,180,263,245,253,184,,162,144,239,131,200,155,89,87,207,152,80,131,52,35,116,131,143,142,145,83,142,135,94,101,181,168,176,83,100,,107,130,108,151,78,90,100,,177,199,178,111,105,153,149,138,127,,,117,91,114,96,95,109,,,52,55,126,89,75,137,112,151,106,116,133,49,61,51,116,112,158,163,123,74,140,112,243,175,74,77,,,90,157,213,,225,193,209,53,161,62,,160,243,134,,50,,75,28,33,101,168,83,,63,24,28,13,29,15,52,94,67,108,155,91,117,147,92,164,95,221,129,112,119,141,,82,106,39,108,92,104,142,163,121,181,126,88,44,48,41,42,49,74,,24,63,72,37,18,34,50,21,55,47,48,51,77,67,20,100,102,48,62,58,37,,62,,,24,151,122,63,27,119,144,140,171,180,171,,179,135,,82,81,130,145,135,102,82,85,82,76,97,102,120,87,,,72,80,212,181,,72,,54,95,108,107,85,80,56,71,80,78,79,,,68,70,88,26,,37,35,17,24,35,,24,,,,43,24,22,23,,23,41,48,57,102,112,107,76,99,149,111,167,120,100,172,122,117,103,,72,81,85,83,66,67,71,61,86,69,88,78,74,141,164,98,106,150,,126,159,103,138,85,96,110,112,108,,98,166,230,125,138,167,256,202,182,134,139,127,126,126,142,136,184,,159,238,212,117,124,127,77,128,95,109,108,105,93,80,113,40,96,64,59,88,103,108,,145,162,190,125,119,134,113,178,163,145,141,120,115,142,116,86,74,79,95,92,119,132,133,150,129,125,113,146,146,148,136,,119,117,142,115,114,143,143,150,129,92,73,97,72,101,92,99,103,128,178,62,120,86,94,109,69,174,129,45,36,,,79,77,68,93,83,90,57,62,57,,37,57,45,84,93,61,,72,133,111,68,70,74,78,145,117,115,154,112,104,88,94,80,,72,,123,126,140,134,,,63,68,63,84,73,,84,106,99,98,141,124,194,172,221,183,65,132,133,80,75,97,101,121,120,21,37,,,,47,99,134,85,150,67,62,78,69,53,85,89,90,77,59,68,75,96,42,,82,,57,103,32,70,43,28,29,31,65,49,72,61,38,38,,24,33,,40,104,65,,,102,83,,47,18,16,42,,139,208,51,34,,81,10,27,14,,116,,170,197,91,146,135,110,120,,133,73,,83,87,39,36,60,109,56,99,91,48,88,189,176,98,,99,59,,75,,186,142,83,104,94,131,45,55,62,27,134,150,,116,83,98,92,117,84,162,211,323,110,25,309,539,110,124,92,122,140,167,233,292,183,199,,73,,34,,,169,279,377,81,27,,37
20160203,2,PM10_24h,,,,,,41,42,,,29,,,,95,71,48,59,64,69,,71,64,97,61,65,107,,94,93,104,97,104,78,50,85,97,80,85,83,85,60,100,73,79,86,172,184,223,194,180,220,174,193,210,232,37,39,42,46,33,53,64,53,60,36,66,54,48,48,131,138,147,166,195,166,,121,144,121,72,,39,96,115,67,85,78,118,105,100,92,178,99,74,100,79,135,156,149,,191,216,,181,173,,146,85,80,64,87,73,58,87,60,84,46,161,132,131,120,107,85,122,134,118,136,108,117,132,,167,156,174,190,127,129,112,163,112,113,116,101,121,102,86,102,111,160,151,162,147,219,159,146,174,153,134,156,116,149,134,152,138,128,115,126,137,118,136,117,146,104,111,210,171,202,197,205,191,179,183,176,185,148,129,156,160,141,151,161,142,169,147,154,156,161,164,181,,156,163,154,176,192,175,175,141,172,157,180,160,143,117,136,107,162,173,170,185,113,90,65,118,97,122,121,118,137,124,83,80,109,95,97,,85,88,110,73,84,72,75,103,100,96,,104,,121,109,,108,81,,88,83,68,84,90,80,,,97,78,90,87,122,96,121,104,128,163,152,111,124,105,26,29,28,22,21,31,19,37,28,130,114,97,116,96,72,67,105,126,134,186,124,173,128,,139,152,62,117,104,106,105,145,123,124,126,138,123,117,115,130,116,109,106,87,116,147,156,146,154,151,128,144,157,,134,120,143,116,139,148,116,142,142,115,32,32,,22,25,31,29,31,29,28,22,20,22,21,26,16,22,28,14,20,18,26,24,33,23,32,18,29,24,29,30,21,17,17,29,24,27,22,23,28,25,17,15,21,22,24,23,26,25,29,23,24,27,35,21,,62,74,79,81,73,66,86,108,11,23,25,27,25,58,76,69,59,76,69,52,64,67,67,68,56,,67,56,69,60,137,120,110,101,107,,111,131,85,88,91,82,99,86,83,102,113,74,51,34,78,70,86,80,143,126,90,66,94,68,114,86,99,100,101,139,127,136,149,101,165,122,80,165,143,95,112,116,88,125,144,152,85,96,112,147,79,103,,320,392,286,359,306,415,136,199,139,148,,173,170,154,177,163,67,137,202,122,63,82,116,95,79,76,60,50,24,31,56,128,97,99,81,135,110,123,137,89,80,61,110,120,94,142,35,33,31,28,181,153,149,168,172,175,168,,236,237,195,,198,175,169,182,168,147,157,,192,149,209,216,256,285,207,84,82,,39,85,118,162,,133,,158,196,200,203,172,,225,146,128,,59,75,68,144,113,137,,34,32,42,39,36,27,34,35,25,31,31,29,26,30,21,24,21,31,26,26,21,9,19,,14,13,14,24,25,27,19,,24,16,27,22,13,14,16,23,21,24,27,27,19,25,33,43,40,217,201,212,84,74,88,58,102,84,135,146,,135,196,169,247,95,94,111,100,45,69,125,148,88,39,130,53,39,199,104,123,143,151,151,127,57,107,155,135,126,94,161,121,170,179,161,140,108,115,97,144,117,133,81,74,134,77,76,,47,52,59,70,55,67,121,115,143,189,82,86,95,49,74,52,84,110,100,135,115,118,144,119,123,118,107,136,,102,122,113,26,104,79,108,130,107,70,82,151,192,151,172,187,156,176,150,112,87,65,152,100,149,124,112,84,75,80,103,71,151,155,110,136,159,126,150,122,114,93,109,117,182,100,84,118,120,154,95,,111,62,63,59,68,85,80,,57,65,64,71,95,91,,94,99,16,15,85,125,124,128,134,139,139,130,106,118,66,95,58,74,102,118,97,107,129,134,127,144,104,125,116,114,122,124,139,131,129,153,86,69,80,,70,56,71,117,194,135,176,87,87,82,86,52,62,86,108,111,125,167,137,151,,156,124,80,85,86,71,101,85,141,130,,127,142,118,77,98,113,188,141,164,168,162,160,165,,107,104,157,112,102,112,84,94,143,107,121,108,85,74,117,112,115,122,77,55,83,67,71,71,146,137,138,129,140,,117,191,143,170,140,139,114,,164,169,159,107,114,133,141,136,136,,,115,104,113,95,97,100,,,91,96,152,114,75,142,127,172,152,136,162,47,45,46,153,134,152,157,130,116,112,92,197,123,70,88,,83,120,118,146,,163,137,105,34,70,57,,95,242,183,,69,72,48,30,26,69,125,72,67,80,49,50,26,20,11,76,84,59,150,73,51,91,103,99,130,93,134,173,118,122,127,58,55,76,50,97,93,101,121,124,144,207,122,109,58,53,66,65,68,64,42,25,45,56,26,26,81,49,21,57,51,59,49,64,87,35,75,64,44,50,39,52,85,42,30,25,28,116,104,66,35,126,152,156,165,154,161,,171,178,,100,93,142,159,126,119,128,120,118,122,131,128,132,106,83,83,95,95,192,147,192,103,,94,123,125,125,78,75,61,73,85,97,78,70,54,99,91,113,32,29,32,33,22,24,25,27,25,11,21,17,36,12,12,16,17,24,37,32,80,97,118,93,93,81,155,128,137,126,95,122,91,109,82,65,76,84,73,81,61,69,75,68,75,74,77,70,81,98,116,83,82,102,,96,104,92,103,64,71,80,84,130,111,97,186,201,166,174,194,257,219,212,134,136,120,170,145,160,160,172,,164,182,136,194,178,218,142,163,110,121,117,133,123,106,121,28,61,64,51,114,106,113,98,136,163,174,113,112,116,103,104,103,117,123,134,132,151,128,107,96,101,82,79,119,121,120,110,121,124,100,112,108,115,106,,83,90,113,122,106,123,126,136,119,79,67,83,69,93,97,107,121,124,111,76,95,84,84,102,77,104,142,33,26,48,41,63,56,55,70,68,78,63,65,68,70,30,42,41,56,70,50,,69,102,98,62,64,53,51,120,122,93,141,98,91,85,99,100,99,96,95,150,140,157,168,84,114,101,112,56,75,68,,81,107,110,111,137,120,158,132,151,140,102,131,132,75,79,91,98,112,114,31,40,41,42,,35,36,67,61,68,79,106,94,101,74,62,59,68,55,76,98,77,79,35,49,77,,58,82,51,64,48,42,40,35,57,125,77,70,51,58,120,105,155,59,41,72,68,60,60,97,88,37,57,20,29,70,,81,106,59,59,,124,33,29,19,15,93,143,126,147,56,101,84,82,95,108,95,57,,95,97,44,60,78,90,80,107,109,68,107,156,161,71,108,72,55,90,64,,132,112,53,95,81,119,66,78,55,49,133,125,137,101,111,104,87,115,78,138,133,100,82,30,347,403,93,127,127,176,151,186,182,185,223,216,81,102,101,40,22,30,159,282,402,58,32,86,28
20160203,2,SO2,15,14,,8,10,13,29,18,11,30,17,32,,71,69,75,62,41,72,,61,51,60,66,29,83,,123,147,38,130,114,131,34,59,70,63,57,77,63,78,92,39,97,100,80,89,177,115,114,114,99,149,111,178,19,14,13,36,15,21,22,15,18,21,48,64,86,56,107,138,193,70,95,97,,96,198,163,47,,70,159,179,100,200,90,298,51,78,40,43,52,39,25,21,49,50,61,,151,299,,103,443,,350,128,38,28,40,51,50,31,35,40,22,137,181,29,22,59,29,25,21,9,32,51,36,38,,83,105,16,63,124,89,58,55,19,20,20,21,21,16,13,23,20,14,20,21,46,25,15,33,20,10,17,25,19,28,16,20,31,22,19,11,30,15,14,33,45,60,31,60,51,18,23,38,29,16,24,8,18,21,34,29,30,28,28,32,27,30,29,20,27,34,22,32,,16,26,37,18,16,14,29,27,24,20,28,62,25,10,12,20,36,32,32,23,5,8,7,8,4,7,9,10,19,6,6,25,11,26,19,,14,21,13,5,2,3,7,13,11,26,,12,,17,33,,9,10,9,9,15,7,6,7,5,,,5,4,7,3,24,19,19,14,16,7,15,29,3,32,6,11,5,7,7,5,3,5,4,17,15,2,12,19,29,6,5,11,48,84,43,70,68,,81,61,7,53,38,43,37,53,51,64,71,36,26,31,24,26,36,32,26,21,3,9,9,11,6,10,8,6,10,4,8,11,6,9,18,10,17,67,3,4,3,2,,9,3,4,3,2,5,4,8,4,5,5,5,8,8,6,4,6,2,7,6,14,11,8,5,7,5,5,6,3,8,9,9,9,14,11,5,3,3,12,6,6,10,3,8,6,4,3,4,7,2,5,8,,14,19,12,15,15,10,9,13,4,1,2,5,9,6,7,16,18,23,11,10,7,10,29,18,6,,16,16,15,14,9,10,16,7,7,,6,21,28,52,28,56,60,51,73,35,43,19,11,17,5,26,15,7,4,8,6,5,8,7,31,19,12,34,7,51,30,36,14,52,27,13,14,31,28,16,28,38,22,37,17,17,42,48,105,58,67,60,,7,11,40,20,32,12,21,14,32,22,,19,208,38,13,36,27,59,21,3,32,57,56,26,70,87,57,45,17,10,61,37,63,42,35,33,26,54,134,40,31,17,32,75,25,50,6,4,7,2,74,56,82,96,131,93,66,,108,80,74,,73,62,50,46,128,164,69,,90,87,113,44,41,19,48,50,62,,73,19,20,77,,61,,75,56,69,73,87,,72,57,40,,79,41,71,124,115,37,,18,9,7,7,10,17,7,10,9,5,8,6,3,9,6,10,5,9,7,3,10,5,2,,7,6,7,4,2,6,3,,6,7,7,13,7,8,3,1,2,3,6,24,15,9,12,9,8,44,40,51,41,207,111,32,272,332,228,390,,210,271,31,89,77,84,35,112,95,134,187,180,,68,90,24,19,263,126,123,135,99,62,81,27,57,84,26,33,18,146,76,138,98,185,41,28,176,73,36,112,115,34,21,45,28,18,,17,61,96,35,27,19,25,56,58,46,8,16,17,24,52,40,6,12,30,5,14,12,13,12,22,9,22,8,1,12,9,29,4,72,79,50,57,44,69,29,95,197,158,178,199,48,34,33,42,57,63,45,46,28,50,47,99,51,40,60,30,9,10,4,13,12,36,77,40,7,10,10,34,3,17,13,8,4,14,8,,5,3,1,20,16,18,17,,8,12,9,4,14,15,,18,8,2,4,4,6,9,7,12,24,14,24,17,7,22,42,29,13,5,9,7,10,6,5,10,4,5,3,11,8,7,5,5,24,59,5,23,14,9,,24,9,19,6,27,12,1,34,44,27,40,24,24,32,156,25,8,23,16,17,22,34,18,8,18,24,11,160,41,28,9,,193,181,248,58,6,4,6,3,5,23,4,13,88,,38,41,155,79,56,44,30,23,171,64,49,46,47,45,10,29,45,54,10,20,29,33,37,34,29,15,47,19,19,,12,16,12,20,13,28,25,,31,28,40,19,10,21,12,16,14,,,9,2,6,8,8,9,,,25,116,152,8,7,32,28,34,26,29,28,7,9,5,242,149,223,222,197,121,266,316,328,186,139,38,,27,122,91,157,,151,282,54,41,48,34,,168,168,122,,45,21,30,3,3,22,59,22,21,46,11,11,4,32,32,29,42,42,76,113,289,183,68,40,82,47,137,74,39,44,59,194,30,62,35,101,119,35,29,49,81,79,97,80,33,20,14,7,8,14,1,36,9,40,23,10,11,34,6,39,24,24,23,14,16,5,19,11,5,31,16,2,,34,68,36,33,253,121,36,16,5,16,5,27,40,18,,3,9,25,27,7,23,31,39,20,8,11,33,5,13,54,1,26,56,5,3,3,5,15,8,31,,17,23,13,47,17,11,16,16,,30,5,4,5,27,8,15,2,2,5,6,1,9,17,6,5,,9,16,4,8,4,5,6,4,8,6,3,3,3,4,3,5,31,23,25,2,2,7,13,24,15,40,11,20,16,13,13,31,9,14,41,5,16,16,3,20,8,39,13,38,,19,9,9,11,4,17,20,14,17,58,36,41,58,48,71,34,32,39,147,35,32,37,36,67,78,32,59,,21,34,18,45,58,32,61,27,47,50,1,9,3,38,2,11,9,5,10,37,37,23,20,13,16,45,64,22,36,21,16,13,5,10,3,3,4,4,17,24,13,4,11,12,10,14,27,22,14,3,36,10,16,17,1,3,16,29,18,7,14,11,2,22,11,10,13,10,7,28,3,60,39,2,7,44,27,4,5,4,12,8,14,40,8,3,9,8,5,51,12,24,16,17,17,24,8,4,12,4,10,16,,4,11,9,17,9,6,11,11,24,14,15,13,9,5,10,9,3,21,15,10,11,10,9,3,7,7,3,28,8,7,,10,7,3,15,4,9,17,23,11,5,1,2,6,6,4,15,10,15,15,12,14,4,27,,5,13,26,15,45,10,5,3,15,56,71,65,59,76,17,8,15,16,23,7,20,,17,35,5,9,20,2,,4,4,11,5,2,12,12,6,7,13,3,4,5,7,4,11,4,4,2,6,14,2,7,5,5,6,10,3,47,41,11,19,9,7,13,15,12,22,23,77,75,99,11,26,21,25,17,18,13,19,16,14,64,44,46,27,18,20,33,3,9,159,14,15,25,20,,10,18,40,43,27,14,6,20,3,30,73,128,104,21,51,55,17,23,5,21,22,8,6,3,29,49,19,34,15,27,2,14,17,9,61,152,38,29,36,3,8,12,16,13,11,30,10,235,3
20160203,2,SO2_24h,20,8,,18,14,14,24,11,9,11,18,28,,38,40,25,20,13,35,,19,19,35,29,6,44,,100,91,52,99,90,86,35,42,44,38,50,50,50,79,114,46,60,61,147,97,175,140,145,109,97,124,109,147,33,30,36,47,29,27,23,21,33,26,32,27,31,37,93,69,101,96,92,94,,114,173,119,51,,95,108,132,116,112,102,276,48,95,46,85,59,26,71,21,99,94,71,,130,220,,165,286,,143,74,89,96,114,128,39,89,38,95,12,152,107,86,86,143,31,42,40,22,60,58,52,48,,135,180,69,109,127,60,57,90,33,31,32,35,28,30,28,30,33,25,28,31,35,32,23,29,20,25,22,29,32,35,21,27,35,35,35,29,36,33,27,52,53,72,42,73,61,41,45,54,56,23,27,17,22,24,36,37,36,35,36,41,37,42,34,29,34,40,32,40,,33,38,46,24,30,25,41,35,45,33,43,62,25,19,33,33,43,39,41,37,18,16,15,16,11,20,21,21,29,15,14,21,24,28,22,,19,20,17,7,4,6,12,35,21,27,,18,,21,35,,15,16,11,14,13,9,14,19,13,,,14,11,14,12,31,24,24,17,27,10,24,29,4,36,5,10,5,6,5,4,2,4,3,25,20,19,21,25,19,14,26,23,40,91,42,74,72,,79,50,9,79,53,68,55,57,99,57,81,46,32,56,55,33,47,51,38,53,14,18,41,20,19,17,19,26,21,20,12,21,12,16,17,20,21,61,14,12,23,2,,11,33,4,4,2,5,4,33,5,5,5,5,9,8,5,4,6,2,7,6,9,8,3,7,8,7,4,5,6,6,7,5,4,10,8,6,5,4,12,4,4,10,2,10,5,3,3,4,7,3,4,8,,15,17,14,15,14,12,9,13,4,2,2,3,9,6,14,10,23,19,17,11,13,17,20,20,15,,21,17,14,16,21,11,20,10,14,,14,20,20,35,41,21,49,41,40,22,32,12,7,7,6,29,12,4,11,13,7,6,10,6,32,30,25,33,8,41,23,37,16,37,34,24,15,35,42,23,32,44,32,47,32,18,94,95,128,105,68,88,,7,10,22,22,22,8,24,17,26,27,,149,33,26,34,44,27,8,26,10,57,75,69,50,60,80,65,51,21,17,42,64,64,57,70,104,73,83,105,68,67,55,150,98,96,166,7,5,8,2,101,62,90,78,98,74,54,,94,86,62,,72,55,41,37,119,133,77,,108,82,106,82,90,52,59,31,58,,44,32,45,115,,98,,101,86,82,80,69,,103,61,41,,44,39,42,81,82,80,,16,8,7,6,10,16,14,10,8,6,8,4,3,8,6,10,4,9,5,6,7,5,2,,7,7,7,3,2,5,3,,5,5,6,12,6,8,3,2,2,8,5,45,17,29,9,6,8,55,49,61,39,141,99,56,189,186,246,254,,201,268,58,94,76,124,55,91,60,78,178,163,111,47,187,53,55,139,139,124,118,117,82,121,60,85,90,56,56,44,139,130,186,103,172,104,65,121,133,83,157,244,60,37,75,53,41,,17,57,96,53,20,61,36,52,76,62,17,46,27,25,48,25,23,28,38,7,33,26,29,22,14,39,41,40,30,42,29,43,28,75,62,61,83,67,66,33,109,155,94,116,158,59,79,58,72,72,83,61,82,31,35,30,33,61,43,73,44,16,17,12,20,20,57,75,51,25,31,27,37,34,19,22,29,17,29,11,,12,9,3,20,17,18,18,,8,11,7,12,22,39,,44,15,3,4,6,10,14,10,24,37,21,31,20,11,30,124,41,107,15,19,10,15,10,7,12,7,7,25,10,9,9,7,7,12,28,6,34,24,20,,32,13,21,14,25,15,14,38,46,31,34,31,33,75,155,19,14,24,23,22,39,37,21,13,33,32,21,58,20,76,21,,185,269,118,71,4,5,6,2,8,22,4,14,94,,33,35,113,72,54,39,36,43,92,59,73,55,54,46,16,35,71,81,27,20,22,32,35,45,30,22,43,39,38,,40,17,31,39,40,26,34,,53,48,61,32,25,29,28,26,21,,,13,7,13,12,17,16,,,78,156,26,20,17,45,24,37,37,36,37,8,8,6,221,183,128,173,195,149,205,224,334,225,122,63,,36,131,172,151,,200,244,45,60,39,71,,139,366,215,,41,42,17,7,4,30,192,23,30,57,37,16,8,38,19,37,43,34,97,84,69,107,66,46,69,54,92,137,64,88,76,165,38,74,40,80,78,77,63,58,88,131,106,107,37,20,24,27,23,39,10,23,32,31,14,11,16,34,9,35,24,31,20,17,26,9,25,19,5,29,10,6,,35,54,47,38,90,32,57,25,25,30,8,34,50,22,,5,26,27,27,6,44,46,54,63,35,33,45,40,49,54,2,36,47,13,10,14,7,26,23,54,,25,36,15,87,16,14,19,16,22,41,25,31,16,24,14,29,2,2,6,5,2,7,9,6,5,,14,16,7,6,4,5,6,5,9,5,8,9,11,11,8,8,15,35,20,4,2,11,18,20,17,48,15,23,18,17,15,22,16,16,20,7,20,15,11,15,8,8,24,29,,17,17,12,13,32,9,14,12,71,74,66,81,93,76,105,74,78,85,78,41,35,37,40,72,76,35,61,,26,44,24,39,48,46,55,28,52,51,40,22,9,87,9,11,9,25,19,93,58,32,28,43,36,44,50,30,54,29,25,20,15,19,6,6,10,9,34,34,32,7,12,18,19,19,18,18,16,18,30,23,27,24,3,7,34,39,41,15,17,18,5,26,17,16,24,12,11,22,22,38,48,28,30,25,24,9,9,6,18,17,12,38,8,6,4,3,2,23,10,18,17,17,19,27,8,3,11,5,12,16,,13,15,19,22,16,7,10,18,38,18,18,11,9,6,13,17,8,24,21,13,13,14,18,18,23,9,7,30,13,12,,16,8,4,14,6,21,13,26,12,6,3,4,7,8,5,20,13,22,20,12,14,4,13,,8,16,18,20,36,11,16,5,28,14,34,40,46,55,29,15,18,14,36,14,28,,22,33,8,17,62,2,,5,4,12,35,2,16,16,29,29,33,18,4,3,7,8,14,7,6,1,8,14,5,7,7,5,7,11,5,63,42,11,24,10,7,14,21,15,21,23,85,82,73,12,34,15,26,25,81,25,19,90,35,66,43,71,65,64,54,27,10,22,218,25,42,86,15,,22,37,39,35,24,29,15,39,4,33,184,148,188,26,152,61,20,31,14,21,18,8,7,2,28,49,19,33,17,29,3,12,11,11,43,70,45,35,37,6,34,58,11,11,15,33,9,197,3
20160203,2,NO2,51,9,67,82,41,71,78,14,21,34,56,61,,100,99,97,104,106,101,,94,96,86,106,94,110,,71,94,50,89,86,84,15,87,90,67,93,86,89,74,62,58,72,75,99,100,133,104,114,120,91,103,110,171,7,11,10,21,11,27,54,71,43,19,82,81,79,96,102,99,88,66,90,84,,78,85,85,36,,21,41,39,52,33,46,75,71,41,64,71,57,73,69,58,46,59,68,,67,95,,81,84,,90,48,46,38,30,29,26,40,30,56,9,80,75,67,64,68,20,22,62,55,45,34,39,81,,116,96,86,38,91,59,86,56,21,53,43,54,101,30,54,67,44,92,110,117,91,102,73,33,106,102,40,97,119,97,98,94,100,102,57,31,33,24,,51,17,22,50,69,129,59,128,92,81,94,73,21,26,100,38,97,75,41,93,71,65,101,94,81,114,103,57,81,,42,85,84,23,52,67,61,89,63,46,90,25,34,71,30,39,27,27,62,69,52,62,12,99,27,83,69,56,96,41,24,69,72,60,49,,26,40,56,15,16,32,19,28,33,40,,52,,77,50,,26,32,20,24,15,19,33,24,24,,,46,16,10,31,151,81,121,114,128,7,90,13,13,8,9,6,12,15,9,12,10,19,19,30,15,2,18,26,62,12,7,21,11,43,35,73,48,,56,40,19,38,59,26,23,25,105,2,98,95,75,65,103,54,55,69,65,48,67,109,114,99,85,92,115,107,83,18,51,91,36,65,57,51,100,66,47,12,25,15,,9,13,19,7,25,7,26,27,17,24,27,29,8,10,37,12,20,9,16,12,54,15,32,11,20,12,23,26,12,20,7,18,19,19,21,19,28,18,18,16,15,10,6,12,11,5,11,12,7,13,14,8,,45,50,47,22,20,29,44,50,6,10,9,14,2,13,56,40,38,56,60,27,56,57,75,75,23,,65,43,68,75,37,43,55,29,34,,44,33,14,30,20,16,29,35,25,16,29,26,38,7,7,32,51,52,3,59,38,6,26,58,98,58,71,95,47,83,100,77,64,63,41,79,52,77,55,19,85,67,43,24,19,11,13,60,55,44,53,51,,98,93,114,122,102,92,62,47,68,58,,39,59,28,36,36,7,21,53,21,37,37,55,24,73,82,59,37,14,28,65,63,75,72,80,8,32,55,67,87,43,30,24,56,75,44,16,15,12,11,73,83,90,92,90,81,54,,81,66,51,,62,68,47,48,79,106,78,,64,66,69,31,48,47,20,74,41,,44,40,25,54,,64,,62,64,37,46,80,,99,77,79,,42,26,33,80,74,63,,10,8,8,8,13,9,13,21,11,9,15,14,14,9,15,7,14,19,16,18,7,15,6,,6,8,8,12,12,8,23,,26,10,15,16,9,10,10,7,11,14,12,13,18,12,19,30,19,36,18,24,32,53,46,17,45,48,68,56,,109,71,26,64,37,58,17,30,79,31,89,52,,18,14,8,5,82,70,77,85,87,70,75,24,69,62,43,58,48,79,62,63,75,72,68,22,70,83,44,47,68,71,26,50,29,23,,10,34,44,34,30,15,31,47,48,63,15,21,20,19,43,30,23,119,53,104,55,78,64,72,27,39,35,46,17,20,27,24,13,73,72,94,78,55,1,72,76,80,66,86,72,35,29,45,52,70,62,73,22,77,85,67,85,68,60,39,46,50,45,55,18,30,48,113,53,20,32,59,20,55,23,46,12,15,22,1,,25,10,9,16,23,17,28,,13,9,14,14,33,6,,29,38,7,6,14,27,33,36,33,49,53,60,56,16,54,21,28,26,24,15,27,31,15,8,39,84,12,28,36,23,16,8,17,48,35,24,20,15,14,,26,12,9,56,80,83,87,50,63,32,40,28,49,38,90,38,45,66,59,68,62,67,76,26,66,60,68,19,13,21,49,,31,77,68,12,28,13,8,44,40,66,67,43,76,,19,21,94,79,74,84,140,52,94,78,60,57,26,27,46,15,66,55,22,24,27,53,21,35,48,78,71,49,66,,28,48,52,68,54,61,47,,67,92,67,81,48,84,79,38,46,,,35,56,32,28,24,26,,,46,36,59,24,14,57,66,41,47,38,20,33,42,52,81,70,70,65,69,35,70,73,56,30,59,20,,18,27,79,60,,63,139,44,19,20,25,,15,76,67,,21,37,22,12,8,47,64,21,27,98,8,6,3,8,19,32,37,10,43,55,55,54,41,52,60,41,75,53,39,31,56,39,26,35,32,93,82,65,46,50,69,71,54,42,18,16,18,6,27,38,21,10,69,45,14,5,16,11,14,18,20,19,16,49,55,29,35,26,19,40,10,6,25,16,14,11,5,71,68,64,6,27,80,24,52,97,69,,8,81,40,45,24,114,53,89,80,56,62,47,43,56,126,12,86,102,39,25,8,29,77,75,33,,21,49,36,22,30,50,22,9,,46,33,62,33,44,44,91,14,6,15,11,9,13,17,12,10,2,10,8,16,10,14,13,11,7,7,20,3,3,4,19,10,8,27,34,31,15,3,36,45,24,61,14,29,13,49,38,6,6,20,11,17,17,40,25,38,29,41,23,40,36,,35,42,30,52,17,36,62,26,69,67,76,15,87,62,63,34,106,44,39,54,41,66,46,52,51,53,88,,52,52,79,19,10,25,14,42,50,47,58,20,21,38,65,5,36,18,27,13,24,25,14,48,28,67,26,48,32,10,87,72,54,44,15,13,15,16,33,27,18,18,21,50,34,57,50,57,43,10,29,25,27,27,88,64,54,52,72,18,10,23,9,19,14,8,24,15,17,14,30,39,36,40,15,79,13,3,33,5,23,22,6,3,8,11,20,10,10,18,14,37,9,5,26,9,9,18,21,9,23,11,,15,44,40,43,41,16,15,67,55,57,59,7,33,26,41,13,12,20,28,26,48,44,36,10,15,8,14,5,32,16,,15,14,44,35,42,69,2,64,28,8,4,23,31,27,11,8,30,15,25,9,10,14,26,,10,23,49,26,72,8,8,11,17,34,45,28,30,28,13,8,26,21,9,13,33,,21,118,7,18,17,2,,4,9,25,20,21,8,13,5,2,5,4,7,,19,4,3,35,36,2,11,,15,17,13,22,24,6,4,21,40,6,5,2,5,26,44,62,39,53,72,76,92,24,28,47,25,38,38,16,5,16,41,39,41,35,24,49,39,37,41,15,24,15,40,41,21,,45,28,37,44,24,7,5,10,12,2,17,70,101,19,23,36,29,46,66,54,78,34,31,3,83,106,22,10,27,52,7,81,78,56,57,27,63,33,33,23,5,32,48,54,61,35,23,37,27
20160203,2,NO2_24h,54,5,54,66,56,62,65,31,29,34,53,56,,60,59,54,60,64,65,,62,59,61,61,45,60,,61,64,48,74,64,68,20,66,70,55,77,63,74,52,56,60,63,60,87,93,102,86,95,91,90,87,95,136,13,22,22,32,15,44,49,52,38,26,59,55,50,67,99,60,73,66,74,69,,71,80,72,30,,20,38,38,47,36,45,61,50,51,56,65,46,59,62,42,65,61,59,,61,96,,81,81,,63,52,66,53,51,46,37,41,22,60,9,82,68,78,64,78,19,29,57,47,57,41,50,94,,122,103,93,50,113,51,62,68,47,69,61,66,54,60,60,57,53,61,69,84,62,85,54,32,66,88,39,64,86,70,66,60,76,71,48,47,41,38,29,50,22,30,57,61,65,46,71,64,58,53,48,16,16,60,37,69,89,49,72,72,60,77,68,52,74,67,43,61,,42,58,63,32,60,50,67,41,39,44,55,16,37,47,37,49,56,26,55,58,47,51,17,55,29,56,57,55,52,47,23,50,51,44,48,,33,45,48,21,22,37,23,45,42,52,,42,,51,38,,27,31,20,31,22,25,34,29,23,,,13,29,20,20,105,71,80,64,91,15,73,21,19,17,9,10,19,20,15,16,8,24,24,47,25,16,24,32,42,17,44,35,25,63,47,93,78,,77,57,21,44,63,43,23,20,71,4,72,76,67,60,69,50,53,62,65,40,34,69,68,56,53,67,61,65,67,17,40,54,32,30,51,39,53,40,37,16,38,31,,18,24,28,12,42,7,30,16,31,37,33,35,10,17,44,14,22,14,18,22,42,17,32,18,25,13,28,29,13,21,6,31,23,17,23,16,28,9,16,19,15,15,13,17,16,10,14,16,9,19,20,10,,21,23,43,16,12,17,22,26,6,13,7,16,7,30,52,47,56,44,50,36,42,37,66,50,42,,64,46,48,49,54,53,53,50,56,,69,40,16,26,18,15,23,31,30,18,32,31,27,11,19,31,49,41,7,41,33,10,20,25,74,60,64,78,28,76,52,76,53,65,33,76,43,67,81,25,64,57,58,41,52,13,23,53,37,41,39,45,,87,78,105,109,92,46,44,41,47,50,,46,41,36,42,39,12,23,37,28,50,52,53,42,54,57,48,39,19,29,45,56,50,56,39,38,42,39,56,69,55,37,34,57,80,50,19,23,19,12,68,68,86,72,76,67,43,,63,63,55,,76,54,42,43,64,84,66,,60,58,55,52,48,45,36,48,62,,35,44,53,49,,69,,56,53,66,53,80,,88,67,68,,38,33,44,64,68,59,,15,12,12,8,17,15,21,19,14,12,18,16,14,9,14,7,15,18,17,17,6,17,9,,9,9,8,17,15,12,19,,24,13,20,16,11,11,14,7,12,16,17,23,20,18,12,21,18,54,42,50,25,51,44,27,37,42,62,43,,92,58,24,57,36,62,13,27,63,26,71,53,40,13,47,24,18,60,54,58,65,74,52,62,37,66,61,54,60,44,71,68,61,54,79,77,40,49,61,48,52,67,51,41,54,48,40,,10,38,57,35,31,17,28,44,40,60,14,33,43,28,49,41,47,79,49,53,54,56,51,51,31,34,38,42,17,24,28,16,4,60,53,57,73,46,5,35,67,77,54,73,70,62,53,65,64,60,48,54,35,48,55,49,32,61,46,53,40,40,44,44,18,38,61,67,41,14,33,45,22,24,18,45,22,26,35,2,,26,12,12,12,27,14,22,,13,10,15,11,27,35,,28,19,16,12,27,50,41,45,40,27,41,42,34,19,37,39,24,31,31,28,35,44,20,19,30,70,17,34,45,18,34,19,27,58,36,32,29,21,19,,31,28,20,57,60,67,80,41,59,40,33,27,42,38,78,27,36,48,49,56,49,48,55,34,52,57,49,29,10,26,52,,22,54,34,19,38,18,10,46,30,50,53,32,71,,35,43,66,58,49,63,102,45,68,48,71,44,47,49,48,16,62,48,21,23,33,39,17,29,37,51,38,54,63,,42,68,70,81,58,45,40,,58,76,64,55,42,70,63,38,32,,,26,56,38,25,23,31,,,45,46,38,37,22,41,48,43,53,35,25,28,28,32,67,59,55,50,53,35,53,56,48,35,47,23,,20,28,72,53,,59,116,38,16,14,25,,17,75,61,,33,44,28,19,15,30,59,29,40,64,32,20,15,10,13,32,36,13,36,35,22,39,30,40,53,40,55,60,46,43,57,38,25,31,33,66,54,53,46,47,64,67,47,50,26,16,25,17,35,43,17,9,49,35,10,10,23,23,15,21,23,30,14,39,34,22,35,34,22,38,7,14,32,11,33,19,10,55,34,40,14,34,45,18,57,47,48,,16,50,44,35,23,88,70,63,56,44,43,54,52,53,55,15,75,47,40,22,13,31,70,67,40,,36,57,40,16,40,22,26,17,48,33,33,55,22,57,34,64,25,9,18,11,11,11,12,13,11,3,15,12,14,9,14,14,14,11,10,16,7,7,11,14,17,11,16,31,23,13,6,14,16,22,28,25,25,11,25,25,8,9,27,16,23,21,23,22,24,17,31,18,30,30,,24,23,20,28,11,16,30,17,86,66,67,34,67,62,54,58,99,64,54,57,50,55,49,27,46,50,54,,36,41,56,38,27,49,40,54,40,48,30,18,30,35,35,7,30,29,31,35,43,42,24,49,40,42,43,47,49,22,55,39,45,45,18,22,23,25,49,23,29,20,21,29,27,48,27,39,37,12,22,20,27,23,39,49,31,52,55,20,19,31,21,26,11,11,23,12,16,12,20,18,19,16,18,41,13,11,27,6,24,22,12,10,15,21,22,10,11,16,12,28,9,7,19,12,9,20,20,7,18,14,,11,26,30,20,26,11,12,51,65,52,67,6,33,26,42,26,21,32,47,36,42,41,39,9,32,17,29,10,36,30,,20,26,46,45,43,64,7,42,43,18,15,40,46,38,13,13,27,18,21,9,14,16,26,,11,21,27,31,47,15,22,24,30,18,32,20,23,22,18,11,33,20,15,18,33,,20,56,14,15,20,7,3,15,15,23,11,17,17,23,21,17,23,11,12,,21,11,21,25,29,2,11,6,21,25,20,17,21,11,6,18,43,10,18,4,7,19,50,54,45,42,68,63,61,22,31,30,31,26,39,23,6,40,49,45,47,39,31,52,50,39,51,18,27,21,31,45,23,,41,34,28,42,17,9,12,16,12,9,42,52,93,18,34,34,25,36,39,51,50,15,13,3,75,100,24,11,31,41,13,49,42,40,33,20,56,49,34,28,13,45,68,67,68,22,20,33,36
20160203,2,O3,21,66,10,2,43,3,2,24,19,18,29,8,,3,2,8,6,3,4,,6,4,,6,3,3,,,6,5,2,2,12,87,14,5,9,14,6,7,8,12,3,6,9,6,30,26,54,10,4,13,17,5,3,66,72,72,69,53,49,14,11,29,71,14,18,14,8,9,5,5,37,18,15,,6,10,14,1,,25,2,4,3,3,5,4,5,6,2,6,3,5,3,10,31,5,3,,6,6,,5,9,,6,39,39,36,26,62,56,43,45,32,88,12,29,7,14,26,69,70,8,12,62,37,41,30,,1,7,,20,22,46,19,28,81,53,56,72,,80,51,42,47,4,5,9,4,6,13,83,2,29,31,3,9,2,4,5,6,4,25,74,60,61,33,32,68,55,58,52,7,29,12,15,17,10,15,12,18,20,44,12,6,35,2,6,22,3,8,8,4,9,73,8,,2,10,31,55,37,8,53,7,7,43,3,24,50,17,59,71,83,60,32,32,29,20,80,4,36,8,9,11,11,35,24,36,11,31,52,,60,60,38,63,66,51,66,44,42,35,,25,,18,50,,54,55,70,69,112,70,28,49,34,,,29,59,60,26,6,5,2,4,5,4,20,10,19,40,66,75,68,36,61,83,24,15,44,28,28,13,24,96,49,54,6,38,75,49,72,39,68,,58,70,81,52,51,36,52,69,17,19,27,14,14,13,,30,36,48,,13,18,1,2,7,44,7,9,10,5,59,18,,7,6,2,9,11,3,5,46,35,49,,52,37,48,53,46,39,56,60,49,38,50,38,69,42,57,61,52,56,43,57,18,41,28,54,53,46,32,31,41,41,49,27,32,25,29,29,33,40,33,52,37,53,50,43,50,51,54,39,40,54,45,47,,12,10,8,35,48,5,20,7,51,33,51,30,52,66,4,2,26,5,15,28,3,3,3,2,39,,10,2,4,6,32,31,26,39,44,,39,57,54,53,53,113,60,41,60,73,38,18,11,69,17,12,8,4,49,7,40,53,35,9,11,33,10,13,13,11,10,6,15,20,14,2,8,11,33,74,4,4,65,34,62,47,59,6,24,35,23,51,,2,2,3,4,3,1,7,6,8,14,,15,6,40,24,18,99,32,5,22,27,32,8,30,4,9,67,48,41,31,22,5,6,7,2,28,46,8,5,17,44,65,25,17,47,8,48,43,15,41,2,2,3,7,12,20,4,,3,1,38,,29,7,9,8,10,4,11,,9,8,23,65,35,63,75,4,53,,18,17,54,22,,22,,15,52,55,45,14,,7,5,10,,54,66,55,10,21,9,,72,76,73,72,71,21,25,18,19,29,20,28,30,28,30,17,32,21,22,22,27,21,36,,36,40,37,58,53,55,32,,17,65,52,61,37,26,19,16,18,13,24,19,8,28,28,9,19,61,89,113,10,9,18,50,11,7,9,20,,24,7,9,8,6,37,4,9,3,7,11,3,4,26,21,31,83,5,16,6,2,4,2,8,40,3,5,30,5,23,9,13,5,5,5,6,46,12,21,30,28,34,18,76,28,67,89,,109,28,19,19,22,35,14,8,15,19,98,60,49,62,26,52,22,18,74,17,3,3,3,22,8,11,5,5,17,32,37,58,89,9,1,28,12,6,33,14,8,14,10,9,2,44,63,89,58,9,8,2,61,8,5,10,29,4,7,29,2,11,24,9,22,27,83,3,52,3,24,22,23,30,41,71,51,31,38,17,,38,17,,64,101,89,79,,47,71,56,43,12,74,,40,17,57,58,44,39,17,34,17,6,10,14,5,18,4,27,11,17,36,41,29,26,36,5,4,31,58,37,26,8,14,5,4,8,12,28,52,68,55,,59,46,34,14,10,7,9,25,9,64,44,54,4,7,3,75,17,9,9,18,13,17,5,40,2,27,22,63,74,57,42,,21,15,3,31,95,82,35,51,23,12,17,30,7,,74,61,3,20,27,15,66,51,10,2,27,25,64,61,1,15,16,5,16,56,48,14,9,11,50,5,12,37,32,,34,,36,24,40,25,12,,24,18,35,2,62,13,18,35,32,,,106,78,32,58,37,57,,,29,29,3,62,89,14,10,44,62,18,67,18,9,16,35,12,11,9,14,32,4,2,13,7,5,2,,6,4,13,16,,17,6,13,28,3,8,,15,11,1,,44,20,58,68,76,18,8,31,40,4,83,84,89,76,76,42,47,85,3,4,18,11,7,10,,38,8,12,17,26,26,34,21,1,22,19,17,3,4,6,3,8,22,19,56,49,42,,56,26,36,69,16,32,81,81,80,55,65,49,74,79,94,30,8,14,63,70,92,49,82,15,33,67,39,53,65,32,32,1,36,15,15,58,81,1,23,,45,18,63,55,65,,71,27,34,6,15,13,62,16,15,17,5,11,158,32,90,9,14,27,24,,37,78,6,140,20,35,59,15,,31,8,,2,111,46,43,59,41,63,70,44,24,24,33,27,58,39,58,8,34,43,42,41,41,57,43,80,45,62,48,53,37,4,1,2,3,28,10,7,12,2,23,33,62,13,17,48,65,66,69,61,22,42,47,16,18,4,13,9,10,,14,3,21,1,44,45,43,52,14,18,15,31,2,24,5,60,55,51,48,43,29,39,51,56,54,73,17,,5,25,22,74,92,66,93,58,58,51,,30,43,14,14,97,9,33,41,83,39,53,63,40,51,20,100,63,45,80,2,2,18,47,30,34,15,47,43,29,50,14,8,7,16,8,14,5,11,28,35,43,43,49,34,33,29,34,16,35,43,56,67,30,64,75,46,75,65,54,7,12,14,17,60,34,45,68,27,18,7,7,65,55,53,53,65,59,43,52,68,60,70,59,25,68,55,49,34,16,13,51,,16,4,22,3,6,49,43,6,6,4,5,11,16,9,20,37,35,29,35,44,33,26,29,66,49,47,51,57,45,46,,20,5,5,5,19,11,22,2,83,4,57,14,1,2,33,34,16,33,25,33,45,44,18,,50,23,8,30,2,65,10,3,89,190,43,41,44,40,64,58,36,37,34,67,51,,74,22,68,53,84,78,46,91,29,21,29,40,54,57,47,41,48,52,49,,23,77,64,6,11,28,,60,49,17,42,31,47,88,78,5,5,9,51,85,78,16,9,4,7,2,1,,5,30,34,10,35,30,19,46,36,59,41,36,33,47,62,32,41,47,41,60,38,55,24,31,47,,10,31,27,39,64,69,62,48,9,4,42,9,16,24,55,27,21,17,3,20,9,15,9,78,15,65,79,16,55,57,54,10,2,2,8,17,37,56,53,53,88,45,49,38,40,7,24,41,51
20160203,2,O3_24h,52,89,62,55,69,52,65,78,52,68,77,69,,52,48,91,69,66,71,,63,69,39,69,45,88,,68,86,80,68,68,71,97,88,86,86,89,100,85,36,91,40,87,34,83,86,73,125,102,76,83,69,75,65,92,90,84,91,77,80,84,79,86,86,61,70,67,55,82,82,84,96,101,77,,70,46,71,38,,52,58,44,38,27,80,62,72,65,72,60,39,68,60,84,55,67,77,,64,51,,62,55,,103,86,75,74,60,86,93,84,95,85,139,74,86,37,73,68,101,116,52,91,110,47,81,43,,24,27,56,53,63,92,46,76,88,79,84,102,87,89,90,100,90,119,102,131,127,105,144,123,114,57,90,89,89,60,91,92,90,89,100,101,87,107,55,99,107,70,105,118,112,90,91,43,107,108,102,105,110,136,93,102,59,95,89,88,125,64,63,89,92,81,123,86,,79,119,125,95,93,95,115,132,64,99,104,93,104,97,105,106,125,102,71,89,102,105,128,93,106,66,100,115,127,106,100,103,98,113,103,,123,102,99,68,69,70,68,90,91,67,,104,,105,127,,86,88,90,115,123,91,75,95,96,,,160,95,100,91,103,81,54,96,93,112,92,105,100,116,73,78,77,41,73,89,53,28,66,91,140,115,139,120,87,127,120,113,84,79,87,63,93,,86,92,91,92,83,58,92,116,77,53,93,100,66,134,74,72,221,77,36,124,125,107,92,105,156,106,99,146,81,110,75,115,93,107,81,105,99,79,105,104,65,50,,105,73,67,73,48,72,66,79,53,45,59,38,92,49,60,63,71,67,53,62,41,47,53,62,66,56,48,46,50,52,61,95,47,43,43,44,49,50,53,62,44,58,50,49,59,58,62,47,49,54,46,52,,60,64,30,57,69,68,67,68,64,52,57,39,53,83,55,33,55,62,55,70,40,61,27,62,61,,32,25,60,86,74,95,100,91,89,,99,85,75,82,73,125,109,54,74,104,55,47,48,78,47,50,40,39,100,95,100,153,79,81,70,82,76,50,75,62,102,64,48,42,103,59,82,77,95,104,81,81,86,45,72,102,61,57,82,123,105,103,,17,17,22,25,38,22,94,74,146,86,,39,76,78,57,54,108,53,45,71,71,57,84,54,75,94,67,88,73,96,93,97,109,99,77,47,104,81,79,91,105,108,37,86,119,81,62,52,63,55,36,58,23,93,70,110,94,,77,78,77,,58,50,36,60,104,101,75,,40,79,74,101,104,100,99,74,66,,89,76,65,107,,102,,71,106,85,97,75,,109,92,80,,72,84,82,109,92,98,,72,76,73,81,74,46,54,77,44,52,52,42,46,45,50,33,49,40,43,38,41,29,40,,43,48,43,65,60,58,51,,33,66,65,66,54,47,27,39,33,35,51,23,10,38,52,29,44,92,126,171,91,65,49,81,46,53,73,80,,90,88,62,58,69,88,59,38,59,58,85,84,52,36,29,38,99,83,77,38,66,64,45,58,57,72,52,70,41,60,74,41,48,43,28,104,88,91,85,102,97,92,106,92,119,108,122,,135,86,53,53,72,77,74,65,90,82,148,104,70,88,33,85,109,77,84,35,87,89,110,55,30,72,43,71,46,103,97,112,89,80,30,83,77,74,58,74,76,62,76,50,49,52,77,122,98,73,106,83,83,105,111,105,112,84,63,82,94,112,98,78,90,81,133,90,118,89,77,92,102,109,101,120,110,75,78,25,,112,100,,71,109,102,94,,53,83,62,75,72,90,,88,78,69,65,90,84,46,82,43,32,40,68,67,66,87,51,71,80,100,79,75,59,116,21,23,47,102,510,283,247,19,22,23,20,45,41,64,82,83,,76,51,37,57,95,70,63,99,96,125,115,129,84,81,71,121,73,90,69,104,81,115,115,80,29,77,84,82,101,80,76,,106,84,90,97,99,88,43,102,48,55,57,77,77,,91,73,64,67,102,106,124,140,105,73,101,112,65,61,37,100,81,62,56,84,108,78,59,83,101,57,64,84,92,,75,,84,48,97,68,47,,91,95,102,92,155,72,72,90,91,,,123,122,62,91,109,115,,,57,50,84,125,124,128,102,75,104,28,99,62,49,63,65,116,86,64,68,40,87,81,78,81,86,17,,44,56,58,43,,130,46,87,117,134,47,,32,74,69,,79,71,94,69,78,75,79,58,85,53,83,84,89,96,93,77,104,96,50,92,52,59,78,84,87,105,91,118,50,62,108,70,68,47,38,81,57,68,64,89,55,65,101,54,80,63,73,83,110,85,95,81,71,80,100,84,80,74,89,60,81,79,107,70,92,59,103,99,108,74,96,27,83,112,51,76,76,82,156,45,66,106,24,73,137,136,134,,115,78,114,86,110,77,128,154,59,29,75,25,99,77,52,23,31,32,178,76,207,30,57,72,61,,59,132,40,197,24,68,88,25,128,74,45,27,37,122,69,82,71,54,72,74,56,61,60,58,62,78,62,74,34,47,53,51,52,70,74,69,104,66,87,98,97,66,45,45,53,24,96,86,88,117,102,75,65,76,66,69,82,80,78,84,84,69,138,110,78,63,53,58,65,63,,66,66,69,65,77,114,110,95,58,50,54,75,74,89,51,68,72,63,67,88,49,112,105,121,115,141,118,,106,113,127,107,119,99,114,108,113,93,94,123,120,43,94,111,61,76,101,102,55,87,80,112,110,84,119,123,68,119,119,92,92,122,97,115,108,112,104,233,92,49,34,96,88,66,87,80,66,105,84,114,99,99,133,107,126,106,123,163,54,58,69,33,114,131,84,128,125,109,137,105,114,108,129,124,396,131,115,81,82,106,73,133,53,54,65,62,51,65,74,84,73,61,32,72,63,62,49,63,72,52,,88,79,108,83,70,70,62,55,51,64,45,31,50,20,53,95,91,73,76,61,69,71,64,126,95,94,95,82,68,76,,39,79,53,27,81,80,46,20,124,19,60,29,24,30,75,120,84,83,89,59,106,88,57,,85,65,63,65,76,103,39,28,107,258,66,60,61,55,114,121,59,65,37,69,88,,112,166,107,83,99,78,49,110,94,107,90,127,83,88,47,53,52,84,83,46,103,83,66,110,124,47,33,71,60,86,96,61,87,90,88,27,47,11,55,85,78,64,58,79,58,84,94,76,96,72,107,100,110,101,33,71,47,61,69,82,86,98,116,88,115,97,73,69,71,71,85,73,81,,38,109,82,75,106,90,102,111,32,5,79,56,70,44,74,50,44,43,93,53,59,43,42,116,30,95,94,30,67,86,71,79,48,53,62,69,64,62,91,103,94,67,62,59,80,35,42,84,65
20160203,2,O3_8h,9,77,10,4,18,5,2,20,12,46,16,15,,4,6,16,10,7,6,,6,4,1,8,6,33,,8,21,8,6,9,20,85,19,6,11,18,15,12,19,14,6,11,13,8,29,22,62,12,7,10,23,8,5,65,63,63,56,54,23,9,12,42,57,10,22,22,10,15,7,10,34,28,20,,7,13,18,2,,19,7,7,6,4,7,8,14,9,5,9,6,10,8,20,19,10,6,,18,8,,6,13,,10,32,20,27,12,42,42,45,53,24,114,12,31,4,12,18,69,50,9,16,36,39,41,30,,2,5,,13,20,61,30,27,61,41,41,61,57,55,52,50,38,18,16,22,11,7,19,99,14,30,44,12,18,6,15,19,10,14,22,59,52,69,26,37,47,44,55,45,36,20,36,14,25,14,18,16,24,37,45,20,8,32,7,9,28,6,12,26,19,19,42,21,,5,26,39,41,11,12,28,26,12,46,18,29,50,36,49,50,52,57,34,24,36,18,92,28,41,9,14,17,28,31,40,32,21,43,43,,64,40,29,65,64,36,64,37,33,27,,19,,44,75,,58,60,76,51,90,47,50,65,61,,,73,58,62,33,10,11,10,21,18,5,26,21,53,44,68,71,61,33,54,80,34,14,40,28,91,79,75,72,47,60,45,58,72,20,52,18,21,,39,47,77,34,58,48,53,92,36,15,31,44,19,46,30,47,50,62,8,40,41,7,16,16,61,22,28,22,12,84,32,41,26,53,24,39,47,26,22,60,30,35,,43,44,44,60,33,53,54,60,43,37,45,27,79,43,54,59,60,61,45,56,22,41,32,48,50,40,30,26,42,42,48,24,33,29,26,33,32,44,36,46,38,47,45,36,49,48,51,38,43,46,42,44,,35,34,3,42,52,23,45,23,55,40,51,33,48,63,5,3,17,5,18,21,5,17,4,4,26,,8,4,8,9,32,42,40,38,48,,44,71,60,57,60,116,66,39,49,74,31,10,12,73,19,11,11,6,49,32,37,73,42,40,15,33,14,12,15,10,26,20,18,16,29,5,9,16,19,80,19,19,50,29,60,65,57,24,42,53,51,58,,2,3,4,5,4,10,21,15,11,25,,11,11,32,20,14,99,34,10,30,14,27,12,19,8,17,23,27,44,35,22,16,24,15,42,12,41,24,10,24,35,67,30,36,66,14,46,35,14,41,5,4,3,12,12,31,11,,14,8,36,,25,9,13,10,19,7,13,,7,13,28,40,33,60,51,20,43,,33,20,25,23,,13,,16,43,27,49,8,,12,8,12,,48,52,36,15,38,17,,67,66,64,67,56,21,28,43,26,34,20,28,32,30,36,19,36,23,25,24,28,23,35,,36,40,37,53,51,52,25,,16,64,52,64,39,28,19,15,18,10,24,7,6,15,35,12,20,54,86,98,13,13,23,47,16,15,14,18,,26,12,14,11,16,34,12,12,4,9,14,8,10,28,24,27,62,5,27,18,10,7,4,17,42,7,7,20,5,32,13,20,10,17,6,11,49,26,35,35,28,36,32,51,18,41,64,,112,35,21,39,39,56,6,6,19,24,104,56,51,64,27,50,26,17,75,22,10,13,25,23,14,9,7,13,20,35,48,65,87,18,11,33,14,11,41,42,18,15,12,16,4,30,47,74,62,23,21,12,66,35,40,38,74,6,13,22,12,47,52,37,50,34,46,27,60,12,25,30,24,65,61,72,68,31,39,18,,50,29,,68,92,92,80,,50,72,56,61,21,63,,42,31,58,59,53,33,23,34,26,21,25,40,29,35,23,31,21,28,52,45,32,29,24,8,8,20,72,47,32,25,11,8,8,11,15,28,50,68,62,,56,28,24,18,23,20,17,22,14,48,49,57,9,13,6,94,32,33,22,38,25,39,34,36,5,25,24,60,76,58,55,,44,26,20,27,95,82,40,49,34,19,14,43,10,,51,41,6,32,48,22,63,38,21,14,24,17,47,55,3,27,9,4,18,59,19,17,13,15,76,19,40,27,24,,34,,21,17,36,27,19,,31,29,44,10,72,13,14,38,53,,,105,88,29,64,41,61,,,36,18,17,47,76,26,18,47,73,21,68,26,21,27,44,23,25,20,24,33,12,12,19,9,11,2,,6,6,20,19,,35,11,16,29,7,5,,16,21,7,,30,15,58,60,69,28,23,15,55,12,38,50,62,75,70,40,47,74,8,14,27,15,11,29,3,47,14,9,8,19,12,37,19,4,25,25,32,4,9,16,2,12,20,14,56,53,38,52,50,12,39,72,23,34,86,69,63,20,66,48,76,72,98,49,47,26,64,46,86,52,86,14,27,82,31,40,53,46,66,1,31,28,16,57,88,31,26,,58,28,73,60,66,8,74,70,47,10,34,13,72,36,19,20,8,13,105,38,92,15,19,28,17,,26,59,12,140,20,48,64,14,15,45,16,,14,86,54,42,43,34,60,72,37,32,30,38,24,69,34,47,11,38,48,46,41,49,58,50,79,30,48,52,43,34,13,7,13,5,58,45,42,60,47,38,40,55,35,33,62,71,68,77,70,41,74,65,35,34,13,28,27,18,,26,19,30,16,59,82,66,66,14,20,32,24,4,23,9,50,48,44,43,48,30,61,60,82,76,91,30,,21,34,35,54,81,56,57,55,85,67,33,65,47,14,45,88,21,42,60,80,38,51,56,32,45,41,76,71,46,79,16,16,20,48,37,24,14,43,62,42,62,28,16,28,36,27,42,31,28,53,60,71,62,71,68,33,66,27,22,39,46,54,65,30,84,88,59,92,83,64,26,42,40,43,82,83,86,90,65,28,22,31,65,78,49,52,57,54,46,57,68,64,70,55,28,69,56,48,34,34,39,49,,29,18,32,24,30,57,49,9,6,4,11,18,24,11,26,41,43,37,34,22,11,6,18,84,51,51,50,62,42,45,,24,9,10,8,22,21,31,3,95,8,48,5,5,5,48,39,30,36,38,40,39,51,23,,54,34,24,33,14,67,19,9,80,160,50,48,50,41,66,64,34,43,33,66,50,,75,94,74,54,71,76,47,94,40,45,41,66,64,67,34,31,40,56,55,14,31,75,57,27,44,38,15,59,46,23,43,40,55,86,84,9,14,7,53,82,74,23,16,19,11,9,10,8,12,51,35,25,25,59,23,50,36,51,47,38,28,51,63,16,25,62,50,60,24,56,36,35,64,,12,46,43,47,70,62,54,58,14,4,32,19,17,28,53,24,32,23,54,21,26,27,27,92,17,62,75,18,48,63,56,31,21,17,27,31,40,50,75,56,82,34,31,24,29,18,21,56,40
20160203,2,O3_8h_24h,48,83,54,49,61,41,51,72,46,60,64,55,,48,44,83,63,58,61,,56,58,32,60,39,84,,56,72,64,62,59,60,88,70,66,64,59,76,59,32,76,30,64,28,42,52,43,95,68,56,62,52,54,43,85,78,73,76,69,75,68,77,72,86,54,64,57,49,64,67,68,82,76,62,,51,36,59,32,,47,37,32,31,20,50,44,63,50,55,41,37,57,47,71,41,51,55,,55,33,,34,35,,80,70,54,60,40,67,78,66,80,58,127,54,68,28,55,53,90,103,43,75,92,41,59,30,,16,18,36,40,40,85,40,57,76,63,73,89,81,72,81,85,76,94,82,108,96,74,99,114,77,52,75,76,77,52,76,80,72,66,74,81,74,78,50,88,93,58,88,96,98,72,82,37,79,93,86,88,92,113,83,80,59,83,68,70,83,46,50,73,77,68,96,68,,59,75,97,80,74,76,94,112,55,84,84,78,88,80,89,91,100,83,60,66,88,82,119,81,86,56,87,98,110,93,89,90,82,95,90,,105,88,85,65,64,56,64,76,77,57,,93,,92,111,,73,77,84,100,105,80,69,88,85,,,109,80,88,81,83,58,47,87,77,88,82,84,87,100,76,83,73,38,68,91,53,22,56,76,131,106,125,108,72,115,107,98,77,62,74,48,76,,75,78,85,81,72,53,78,108,68,43,79,84,40,70,58,65,101,68,24,104,102,70,70,77,129,79,85,105,80,100,67,103,81,94,64,92,85,68,96,96,43,43,,57,61,57,68,41,68,62,74,44,38,49,34,81,44,55,60,65,64,48,58,35,42,45,56,60,48,46,43,45,44,53,42,45,36,40,37,35,47,41,52,38,52,45,42,53,52,56,41,45,46,42,46,,56,60,26,55,67,63,64,61,57,46,51,34,48,63,38,17,34,39,42,46,23,48,18,50,40,,19,16,50,56,58,69,78,69,66,,71,78,67,71,69,118,98,52,63,95,47,28,32,74,35,34,23,22,90,84,90,93,72,78,51,64,62,34,56,40,82,47,41,36,79,42,65,47,69,96,63,48,58,35,63,86,58,48,63,105,94,88,,9,12,16,18,25,18,87,65,98,75,,32,62,66,48,45,104,49,42,66,52,46,67,43,58,77,35,76,61,77,84,71,92,80,72,34,86,68,59,72,83,95,34,72,107,66,64,50,56,60,29,44,19,75,55,84,76,,58,59,65,,46,37,33,53,83,79,64,,33,67,60,73,87,90,89,58,43,,55,60,55,87,,79,,54,87,66,80,53,,74,78,66,,67,84,77,53,71,84,,67,66,64,77,66,35,39,59,36,45,39,36,40,39,42,29,44,34,38,34,37,27,35,,40,44,41,58,55,54,35,,27,64,58,64,48,40,24,31,26,26,41,18,8,29,44,21,28,79,111,141,80,49,42,58,40,44,58,64,,79,68,46,41,54,77,45,30,48,51,75,66,47,33,24,34,85,60,56,34,49,47,35,40,61,48,40,59,31,52,50,31,34,33,21,30,69,71,75,82,70,65,89,78,94,88,107,,129,66,40,46,62,69,62,52,43,59,134,82,57,84,30,66,89,67,82,29,69,72,84,39,24,66,38,64,37,92,85,102,87,64,26,68,59,60,50,66,63,46,61,41,38,38,59,98,79,56,81,65,75,84,97,88,104,63,54,66,79,100,84,69,84,72,120,82,108,75,72,80,90,101,93,105,96,64,67,19,,96,87,,69,103,99,90,,50,78,60,71,66,78,,80,72,58,59,78,64,37,52,36,28,35,55,51,64,61,44,56,61,83,64,59,43,61,17,18,37,91,126,84,67,28,18,18,17,34,43,58,72,71,,64,32,29,48,80,61,36,84,80,107,102,112,67,59,46,114,62,79,60,90,60,101,99,66,18,58,69,73,93,73,72,,89,66,79,82,96,82,40,80,43,42,46,64,63,,83,67,53,61,95,92,110,117,80,59,82,96,59,58,27,87,67,49,47,77,91,66,52,74,91,50,59,65,76,,58,,63,46,73,45,39,,70,71,78,73,132,55,58,74,75,,,116,108,53,84,97,106,,,51,41,66,105,109,106,83,66,92,25,85,53,47,54,59,82,69,54,55,36,74,68,63,61,71,12,,29,42,48,36,,101,37,71,100,115,32,,28,58,58,,68,53,86,66,76,66,62,47,70,39,75,79,86,91,92,72,96,90,44,73,46,46,69,69,68,82,75,85,36,46,80,58,59,38,35,68,46,54,52,69,35,42,77,40,66,58,62,74,94,76,86,77,65,74,95,81,74,68,86,57,76,72,98,58,73,53,88,88,97,56,91,14,67,106,44,73,70,68,89,36,61,71,21,57,113,113,113,,95,64,102,78,98,57,108,125,54,25,60,20,89,67,35,20,21,25,118,70,136,24,48,64,53,,51,103,32,197,23,62,77,20,45,64,30,27,31,117,65,81,72,53,74,72,55,57,59,54,59,76,52,70,33,43,48,46,43,66,70,66,98,56,68,83,77,54,37,35,42,18,89,76,80,104,92,66,55,69,57,58,77,76,72,81,79,61,122,96,69,55,44,51,59,54,,65,66,68,64,68,105,97,86,46,42,43,53,49,64,35,60,61,52,57,72,39,95,91,109,102,123,101,,91,96,114,90,99,80,94,96,104,87,78,108,96,36,83,101,51,66,93,89,47,68,68,99,92,74,105,107,60,105,105,82,82,108,85,99,87,98,88,78,84,42,26,87,76,55,76,67,60,97,78,106,91,91,120,96,113,92,106,163,51,54,65,31,105,113,75,114,109,95,102,96,105,100,123,118,300,125,110,81,67,92,68,88,49,52,57,56,48,58,70,75,72,56,30,69,60,57,46,61,69,49,,82,73,100,77,63,67,59,66,26,33,41,28,37,14,41,68,66,55,60,40,39,38,35,106,67,66,63,70,54,58,,32,50,32,20,60,56,40,15,108,16,58,20,16,22,68,79,70,71,74,55,84,82,37,,77,63,62,61,64,97,25,18,102,160,58,55,56,48,96,98,56,61,33,66,83,,104,156,102,78,97,76,47,99,84,99,74,119,76,79,34,37,40,68,72,38,90,80,61,85,97,44,27,66,48,76,86,53,74,87,84,25,44,8,53,82,74,55,44,58,44,73,73,64,74,67,78,78,94,92,29,60,44,52,58,66,70,88,100,58,82,90,68,60,57,65,72,60,78,,31,96,73,58,101,84,91,102,24,4,61,43,50,40,66,43,41,38,87,46,50,38,38,109,24,79,83,29,60,74,62,63,40,45,53,54,51,62,77,82,92,54,47,48,67,30,45,76,57
20160203,2,CO,0.8,0.6,0.9,1.2,0.7,1.1,2.8,0.4,1.3,0.5,1,2.4,,2.552,2.932,3.593,2.965,3.052,4.297,,2.542,3.648,1.498,2.734,1.464,2.612,,2.665,4.071,2.482,2.321,2.989,2.395,0.656,2.081,2.831,1.804,1.658,2.24,1.965,3.966,5.016,3.457,2.781,2.89,5.754,5.566,9.368,6.336,5.077,3.227,2.993,3.319,4.09,9.105,0.711,0.71,0.435,0.653,0.501,0.8,1.52,1.739,1.372,0.518,2.315,2.171,2.245,2.66,4.837,8.69,6.078,2.66,3.295,3.744,,2.823,4.638,3.342,1.719,,1.372,2.883,3.823,3.762,3.708,3.143,3.819,2.917,3.195,0.978,5.52,3.199,2.22,1.665,2.168,1.13,3.671,2.239,,2.585,2.658,,2.616,2.685,,2.592,0.993,1.233,1.703,1.768,1.359,1.851,1.971,0.942,1.121,0.5,1.62,1.43,1.636,1.534,1.537,1.078,1.627,1.8,1.954,0.858,1.928,0.762,2.727,,2.352,0.72,1.634,0.94,2.114,2.241,1.762,0.941,1.121,0.754,1.119,0.666,1.594,0.907,0.815,1.276,0.653,2.046,1.796,3.588,1.858,2.556,2.164,1.358,1.617,1.718,1.342,1.875,1.628,2.071,2.079,1.527,1.707,1.739,1.355,0.775,0.632,0.375,0.734,1.682,1.367,0.883,1.127,1.662,3.624,1.356,1.78,1.702,2.3,1.557,3.556,1.804,2.434,2.392,1.194,1.932,2.011,2.002,2.795,1.913,2.047,2.071,2.547,2.139,1.704,1.706,1.552,1.822,,1.388,1.742,1.449,1.17,1.557,2.382,1.172,1.766,1.712,1.371,2.641,1.505,0.871,1.147,0.763,0.7,2.229,2.298,2.381,2.755,0.976,0.722,0.688,1.413,1.305,1.37,1.06,0.985,1.278,1.222,0.874,1.27,0.874,1.105,1.01,,0.867,1.028,0.749,0.851,1.068,1.239,0.917,0.863,0.725,1.103,,1.113,,1.174,1.362,,0.992,0.627,1.014,1.295,1.099,0.976,0.863,0.796,0.819,,,1.031,0.746,0.875,0.858,1.229,1.43,1.911,0.959,2.108,1.635,2.473,1.93,1.044,1.476,0.403,0.709,0.524,0.773,1.031,0.788,0.771,0.661,0.697,0.626,0.678,0.694,0.41,1.057,1.197,0.882,0.098,0.546,1.018,1.528,1.174,0.99,0.98,,1.157,1.638,0.654,1.267,1.157,1.387,1.618,1.53,2.122,1.265,1.671,1.71,1.65,1.397,1.376,1.27,1.258,1.422,1.88,1.915,1.108,1.887,2.397,1.45,1.651,1.388,2.068,1.847,2.829,0.652,1.22,2.858,1.167,1.741,1.582,1.392,2.064,2.301,1.658,1.304,0.454,0.931,,0.733,0.713,0.732,0.521,0.817,0.892,0.683,1.102,1.08,0.979,1.299,0.737,1.177,0.952,1.307,1.007,1.277,1.1,1.027,0.858,0.949,0.936,0.864,0.594,0.574,1.019,0.96,0.906,0.862,0.963,1.379,1.064,1.088,1.05,0.877,0.747,0.834,1.238,1.149,0.848,0.934,0.953,0.864,0.895,1.076,0.962,0.826,0.976,0.868,1.218,1.008,1.112,,1.448,1.307,1.3,1.361,1.384,1.229,1.493,1.62,0.738,0.875,0.958,1.039,1.025,0.954,1.503,1.531,1.105,1.283,1.403,0.999,1.279,1.665,1.205,1.226,1.018,,1.611,1.909,1.46,1.093,1.173,1.383,1.388,1.289,1.475,,1.758,1.249,0.553,1.39,0.593,0.737,0.882,0.972,1.14,0.928,0.91,1.9,0.829,1.218,2.679,2.198,2.7,3.035,0.449,3.012,0.692,0.338,0.379,0.835,1.651,2.823,2.092,1.914,2.881,2.641,2.339,4.728,4.111,2.366,2.051,2.478,2.589,3.3,1.446,1.403,1.502,2.491,1.27,1.47,1.184,2.596,0.702,2.772,2.555,2.007,1.887,1.912,,3.498,5.708,3.98,1.689,2.838,2.758,1.481,1.233,2.243,1.683,,1.5,1.615,1.3,1.215,1.267,0.599,1.04,1.582,1.792,1.267,2.284,2.642,1.319,3.203,6.103,1.778,1.045,0.484,0.706,1.291,2.407,1.955,1.855,2.011,1.354,2.006,4.191,2.232,1.277,1.17,0.804,0.885,4.536,2.159,2.51,0.547,0.603,0.581,0.566,2.219,2.068,3.071,2.541,2.868,2.204,3.539,,5.936,3.529,2.36,,2.406,2.827,3.637,3.137,1.858,2.464,2.506,,4.291,1.795,2.427,0.863,1.037,1.582,1.2,1.098,0.687,,1.183,1.682,1.312,2.165,,1.858,,1.419,1.52,1.414,1.53,1.462,,3.511,3.576,1.482,,0.772,0.96,1.16,1.19,1.189,0.897,,1.307,1.175,0.667,0.758,1.173,0.694,0.918,1.103,0.869,0.923,1.008,1.024,1.105,0.963,1.099,1.105,0.746,0.841,1.121,1.134,0.908,1.138,1.091,,1.273,1.276,1.237,0.942,0.852,0.819,0.953,,1.07,0.881,1.071,0.794,0.976,0.899,0.886,1.014,0.838,0.898,0.862,1.82,,0.949,1.78,1.81,1.917,1.654,1.704,1.644,3.717,3.227,2.729,1.546,2.32,3.515,4.887,10.594,,3.639,5.713,4.652,9.898,1.878,3.867,3.455,6.54,3.544,1.672,2.422,3.242,0.945,0.394,2.259,0.776,0.1,5.1,1.74,2.272,2.535,2.76,3.417,2.205,0.588,4.099,3.877,1.389,3.297,2.144,3.963,2.062,3.171,2.767,3.357,1.621,3.185,3.038,2.006,2.954,1.29,1.621,2.001,0.742,1.749,1.539,0.895,,0.881,0.53,1.279,0.709,1.046,0.728,2.218,2.15,1.374,2.638,1.208,0.737,0.514,0.683,0.773,0.621,1.192,1.563,1.581,1.298,2.818,1.661,1.728,2.413,2.852,1.981,0.843,0.795,2.04,3.184,0.895,1.667,0.407,2.699,2.699,4.043,3.457,3.263,2.15,1.979,5.038,9.918,4.633,6.37,5.805,1.548,1.016,1.282,1.801,2.913,4.025,2.388,1.073,1.635,2.038,2.365,1.62,2.269,3.399,3.577,1.367,1.263,2.029,1.111,1.528,1.14,1.406,3.037,1.564,1.353,0.963,1.486,1.56,1.065,1.053,0.96,1.451,0.441,0.887,1.032,,1.611,0.785,0.671,1.053,1.073,1.151,1.459,,1.463,1.114,1.419,1.093,1.276,0.938,,1.211,1.017,1.015,0.873,1.952,1.341,1.14,1.108,1.693,1.603,1.202,1.866,1.534,1.145,2.956,1.137,1.592,0.938,0.991,0.879,0.778,0.796,1.331,1.277,1.211,1.659,1.241,1.767,1.272,1.572,,1.829,1.146,1.079,1.394,1.402,0.946,0.466,0.984,,1.108,0.985,1.443,2.052,2.316,2.046,3.541,1.563,2.137,1.423,1.074,1.737,1.443,1.384,3.138,1.329,1.308,2.329,2.168,1.56,2.537,2.146,1.918,1.044,2.236,1.928,1.511,1.014,0.219,1.87,0.623,,1.637,2.366,2.475,0.834,1.358,2.22,1.809,0.967,1.424,1.986,1.829,1.104,2.598,,1.028,1.081,5.932,1.927,2.099,1.944,2.077,1.886,4.499,2.342,2.602,1.664,1.354,1.607,2.454,2.308,2.161,3.175,1.625,0.969,1.387,2.086,2.972,2.851,1.449,1.132,1.248,0.888,0.957,,1.018,1.26,1.01,1.266,0.534,0.814,1.407,,1.346,1.391,1.161,1.884,1.852,1.323,1.724,0.834,0.889,,,0.909,0.889,0.97,0.896,1.246,1.131,,,1.344,1.216,1.374,1.033,0.504,1.721,1.869,1.28,1.152,0.994,1.557,0.762,0.771,0.921,1.995,1.319,2.602,3.278,1.476,0.781,2.004,1.931,2.537,2.42,2.116,2.382,,1.766,2.668,5.428,4.203,,3.987,4.372,5.148,2.51,4.11,3.064,,4.448,4.807,3.034,,0.754,1,1.272,0.262,0.791,0.898,1.329,0.548,0.625,1.912,0.676,0.357,0.187,0.69,0.233,1.797,2.261,0.344,3.423,1.05,0.947,0.872,1.627,1.348,2.546,1.275,2.84,1.384,1.246,1.995,0.879,4.922,2.76,4.945,1.876,1.198,1.08,1.079,2.579,2.334,1.732,3.339,1.695,1.781,1.025,0.923,0.474,0.383,1.108,1.312,0.92,1.838,0.624,2.841,1.725,1.334,0.245,2.578,0.448,1.301,1.003,0.671,0.672,,0.781,0.537,2.077,1.64,1.201,0.929,0.877,0.788,1.106,1.407,0.66,0.481,0.354,1.702,1.264,1.098,0.613,1.351,2.227,1.295,1.453,2.023,1.308,,1.309,2.644,1.121,1.315,0.987,2.688,1.228,1.465,2.335,1.462,0.98,1.381,1.244,1.43,0.805,1.178,,0.678,0.177,0.488,0.217,1.579,1.41,1.746,1.663,,0.692,1.246,1.869,2.237,0.325,0.946,1.118,0.867,1.101,1.483,0.942,1.189,0.823,0.784,0.57,0.793,0.593,0.373,0.675,,0.52,1.143,0.834,1.077,0.694,0.703,1.017,0.372,1.123,0.871,1.012,0.994,0.877,0.692,0.667,0.766,0.012,0.724,0.543,0.887,0.734,1.471,3.356,1.95,2.318,2.147,1.356,1.262,2.349,2.173,2.995,0.86,0.994,0.735,1.067,0.946,1.317,1.252,1.347,0.675,1.056,1.004,1.354,0.98,1.101,1.843,1.967,1.095,1.987,1.789,,1.897,2.395,1.73,2.589,1.604,0.27,0.791,0.325,4.986,4.076,2.702,1.247,4.59,2.333,4.312,2.188,3.19,2.271,2.042,1.657,1.616,1.708,1.281,1.745,2.219,1.128,3.289,,2.634,4.084,4.158,0.73,0.625,0.687,0.919,1.234,2.25,2.024,1.464,2.385,1.859,1.465,1.814,1.332,1.48,1.312,0.665,1.027,1.188,1.005,0.652,1.634,1.506,2.432,0.961,0.876,0.666,0.753,4.298,3.465,1.949,1.166,0.958,0.904,1.098,0.867,1.123,1.381,1.496,0.248,0.743,1.287,1.779,1.625,1.895,1.963,2.127,1.129,1.434,1.305,1.284,1.249,1.61,2.217,1.296,2.5,1.654,1.969,0.733,1.071,0.78,1.559,0.918,0.917,0.986,1.223,1.138,1,0.872,1.104,1.12,1.736,0.698,1.822,1.798,0.11,1.677,0.023,0.15,0.409,0.791,0.694,2.192,0.602,1.072,0.915,0.977,1.535,1.359,1.413,1.111,1.223,1.551,0.511,1.389,1.578,1.599,0.729,0.755,1.198,,1.485,1.926,1.658,1.823,1.264,1.296,1.189,1.645,1.235,1.863,2.112,1.617,1.187,2.507,1.463,1.181,1.199,1.309,0.981,1.502,1.671,1.632,1.444,1.126,1.16,1.05,0.769,1.132,1.19,1.399,,1.358,1.438,1.556,1.775,1.449,1.738,1.183,2.098,1.512,1.363,1.135,1.361,2.793,1.489,1.111,1.22,1.341,1.13,1.236,0.735,0.605,0.88,1.563,,1.378,1.902,2.044,1.775,2.709,1.222,1.276,0.767,1.198,0.949,1.823,1.456,1.228,1.52,0.92,0.89,1.689,1.595,1.404,1.13,0.569,,0.597,1.449,,1.044,1.139,1.066,0.426,0.322,1.026,0.342,0.68,1.392,0.718,0.844,0.9,0.521,0.612,0.319,1.275,1.329,0.079,0.288,0.524,2.102,1.074,0.616,0.766,0.09,0.883,0.557,1.499,0.712,0.918,,,1.936,2.588,0.65,0.474,0.244,0.678,2.399,3.3,3.191,4.164,4.283,2.756,3.074,4.228,0.05,1.872,1.464,3.055,2.153,1.088,0.658,0.785,1.599,2.025,2.058,0.884,1.293,1.349,3.322,1.865,1.106,0.568,2.59,1.587,1.41,1.8,1.743,1.067,,2.424,3.194,1.682,1.56,1.189,0.683,0.389,0.793,1.701,0.997,0.586,1.465,1.715,0.614,1.243,0.611,2.03,1.793,1.702,1.177,3.158,1.33,2.495,0.473,3.171,3.572,1.557,2.083,0.884,1.55,1.318,3.823,4.862,3.328,2.074,3.561,3.025,1.447,3.077,0.984,1.149,1.138,1.274,2.738,1.839,2.232,0.664,1.594,1.281
20160203,2,CO_24h,1.033,0.375,0.887,1.029,0.833,1.013,1.245,0.763,0.77,0.608,0.996,1.579,,1.157,1.523,1.625,1.102,1.37,2.223,,0.957,1.623,1.126,1.337,0.842,1.72,,1.338,1.707,1.747,1.461,1.502,0.958,0.647,1.837,2.396,1.734,2.237,2.045,2.08,2.145,3.041,1.981,1.315,1.694,4.437,6.154,5.592,6.069,4.09,4.12,3.19,3.142,4.122,5.626,0.616,0.675,0.375,0.598,0.51,1.017,1.182,1.444,0.981,0.644,1.364,1.136,1.226,1.185,2.983,3.808,2.567,2.519,2.791,2.858,,2.705,4.305,2.655,1.616,,1.397,2.559,2.843,3.5,3.076,3.094,3.04,1.734,2.024,1.027,4.135,2.271,1.809,2.021,1.424,1.195,1.797,1.592,,1.769,2.018,,1.759,1.512,,1.423,0.887,1.005,1.606,1.509,1.308,1.39,1.421,0.911,1.161,0.612,1.185,1.22,1.384,1.18,1.25,0.895,1.718,1.436,1.314,1.006,1.312,0.966,3.507,,2.069,0.88,1.509,1.326,2.048,2.098,0.901,0.95,1.59,1.393,1.325,1.167,1.269,1.356,1.275,1.706,1.085,1.802,1.439,2.584,1.667,1.942,1.657,1.555,1.303,1.705,1.304,1.514,1.531,1.738,1.57,1.226,1.64,1.619,1.691,1.25,1.094,0.849,0.994,1.783,1.465,1.091,1.325,1.741,2.058,1.653,1.719,1.995,2.267,1.523,1.81,1.263,1.434,1.649,1.512,1.408,2.057,1.86,2.524,1.706,1.817,1.911,1.675,1.318,1.968,1.4,1.405,1.363,,1.17,1.124,1.362,1.522,1.741,2.042,1.193,1.286,1.621,1.307,2.282,1.374,1.012,1.088,1.129,0.973,2.236,2.204,2.287,2.618,0.931,0.703,0.794,0.96,1.268,1.336,1.055,1.109,1.142,1.327,1,1.124,0.947,0.976,0.994,,0.854,1.018,0.791,0.941,1.116,1.288,1.073,0.993,0.816,1.141,,1.2,,1.034,1.235,,1.076,0.671,1.034,1.225,1.008,0.928,0.984,0.906,1.632,,,1.043,0.937,0.98,0.884,1.181,1.329,1.016,0.928,1.344,1.339,1.912,1.439,1.13,1.384,0.5,0.769,0.555,0.648,0.918,0.795,0.77,0.768,0.77,1.071,0.84,1.035,0.697,1.245,0.95,0.966,0.833,1.154,1.084,1.951,1.175,1.516,1.502,,1.464,1.641,0.764,1.483,1.168,1.312,1.533,1.403,1.834,1.049,1.58,1.915,2.078,1.714,1.501,1.471,1.595,1.509,2.12,1.885,1.103,1.365,1.678,1.404,1.568,1.552,1.805,1.566,2.147,0.924,1.007,1.852,1.066,1.352,1.423,1.357,1.68,1.128,1.516,1.335,0.681,1.003,,0.716,0.803,0.713,0.718,0.919,0.83,0.946,1.113,1.056,0.969,1.282,0.724,1.127,1.013,1.282,0.987,1.217,1.07,0.974,0.846,0.898,0.902,0.852,0.726,0.767,1.081,0.936,0.963,0.828,1.007,1.25,1.065,1.022,0.907,0.777,0.793,0.967,1.225,1.195,0.875,0.964,0.998,0.881,0.901,1.077,1.005,0.894,0.986,0.841,1.261,1.104,1.11,,1.194,0.971,1.302,1.234,1.34,1.034,1.327,1.337,0.995,0.886,1.376,1.06,1.434,1.079,1.414,1.438,1.364,1.438,1.35,0.996,1.366,1.444,1.226,0.981,1.065,,1.597,1.581,1.382,0.954,1.344,1.448,1.586,1.381,1.637,,1.961,1.236,0.745,1.533,0.826,0.966,1.103,1.255,1.327,1.099,1.158,1.275,1.007,1.257,2.138,1.51,1.824,1.948,1.192,1.16,0.629,0.351,0.368,0.349,1.475,2.327,1.757,1.814,0.76,2.772,1.44,3.812,3.429,1.985,2.263,2.028,2.171,2.814,1.901,1.396,1.733,2.154,2.101,2.382,1.773,2.285,1.024,2.542,1.769,1.923,1.297,2.048,,2.901,4.455,3.908,2.831,3.023,2.103,1.12,1.179,1.514,1.385,,1.42,1.293,1.242,1.384,1.208,0.803,0.979,1.35,1.744,1.438,2.028,2.436,1.423,1.816,2.601,1.449,0.95,0.436,0.629,1.11,1.688,1.685,1.175,1.131,2.28,1.634,2.058,1.816,1.307,1.409,0.936,1.616,2.571,2.115,2.128,0.727,0.83,0.905,0.713,1.946,2.492,2.988,1.877,1.717,1.903,2.419,,2.998,3.117,2.462,,2.56,2.944,3.299,3.076,1.464,2.301,2.174,,3.494,1.897,1.608,1.16,1.264,1.472,1.564,1.263,1.03,,0.961,1.415,1.841,2.065,,2.041,,1.642,1.785,1.841,1.7,2.024,,2.933,2.391,1.548,,0.785,0.979,1.225,1.183,1.129,1.34,,1.435,1.349,0.837,0.839,1.352,0.907,1.056,1.062,0.955,0.76,1.038,0.974,1.131,0.962,1.065,1.09,0.722,0.868,1.103,1.112,0.87,1.082,1.143,,1.294,1.211,1.181,1.016,0.928,0.903,1.004,,1.325,0.992,1.143,0.847,1.015,1.159,0.946,1.06,0.866,0.95,0.99,1.864,,0.92,1.223,1.83,1.598,1.725,1.856,1.899,2.758,2.889,2.277,1.567,2.217,2.883,4.651,4.997,,3.157,3.975,4.925,7.703,2.116,4.528,3.688,5.093,2.872,1.178,2.115,2.27,0.731,0.324,2.802,0.77,0.396,2.538,1.754,2.139,2.049,2.314,2.269,2.365,0.919,4.005,3.877,1.31,3.046,1.913,3.62,2.914,2.174,2.478,3.8,3.008,2.797,1.438,1.439,2.266,1.198,1.664,1.594,0.82,2.135,1.579,0.991,,0.735,0.604,1.257,0.659,0.878,0.66,1.998,1.761,1.839,2.207,0.966,0.835,0.793,0.76,1.233,0.786,1.291,1.255,1.795,1.148,2.678,1.393,1.511,2.247,2.332,1.938,0.94,0.989,0.552,1.39,0.753,1.595,0.504,2.396,2.1,2.516,3.086,2.535,1.798,1.648,4.14,7.045,2.533,3.827,4.845,2.242,1.981,1.64,1.95,2.148,3.194,1.388,1.746,1.573,1.795,2.277,1.123,2.071,3.028,3.48,1.239,1.116,1.398,0.972,1.339,1.286,1.713,1.972,1.571,1.376,0.717,1.402,1.527,1.021,0.999,1.411,1.579,0.814,1.299,0.845,,1.552,1.442,0.614,0.872,1.047,1.094,1.317,,1.451,1.102,1.376,1.237,1.404,1.738,,1.436,1.326,1.078,0.883,2.796,1.532,1.294,1.223,1.67,1.439,1.245,1.699,1.278,1.189,2.752,1.795,1.44,1.138,0.905,1.023,0.9,0.89,1.38,1.373,1.222,1.726,1.259,1.884,1.347,1.623,0.77,1.881,1.216,1.193,1.42,1.462,1.135,0.649,0.998,,1.28,1.323,1.593,1.758,2.468,1.802,1.79,1.274,2.311,1.504,0.859,1.581,1.289,1.496,1.981,1.087,1.126,2.027,1.744,1.273,1.938,1.758,1.551,0.923,1.881,2.148,1.484,1.216,1.554,2.143,0.274,,1.947,1.577,1.26,0.896,1.127,1.984,1.625,0.989,1.427,1.708,1.386,1.008,2.206,,1.114,1.13,2.971,1.425,1.316,1.585,1.65,1.842,2.536,1.74,2.381,1.635,1.505,1.778,2.143,2.12,1.929,2.298,0.88,0.764,1.561,1.665,1.306,2.057,1.377,0.965,0.986,1.444,1.387,,1.374,1.588,1.574,1.704,1.147,1.38,1.202,,1.404,1.449,1.27,1.703,1.738,1.193,1.682,0.893,0.951,,,1.011,0.941,0.996,0.981,1.369,1.162,,,1.008,1.107,1.117,1.407,0.685,1.422,1.896,1.6,1.519,1.263,2.002,0.806,0.984,0.916,2.127,1.758,2.595,3.587,1.751,2.079,1.75,1.481,2.021,1.759,1.874,2.584,,2.03,2.988,4.64,3.392,,4.095,3.342,4.103,2.295,3.292,3.247,,4.289,4.043,2.686,,0.969,1.226,0.806,0.266,0.667,0.529,2.134,0.789,0.92,1.245,1.065,0.761,0.355,0.72,0.183,1.546,1.888,0.486,3.186,0.438,0.771,0.593,1.03,1.205,1.786,1.262,1.736,1.823,1.279,1.761,0.861,3.103,2.302,4.443,2.031,1.174,0.985,1.228,2.453,2.039,1.513,2.811,1.57,1.696,1.754,0.61,0.705,0.652,1.241,1.206,0.97,1.492,0.468,1.67,1.51,1.343,0.578,2.662,0.537,1.176,0.935,0.843,0.615,,0.962,0.357,1.515,1.406,1.068,1.077,0.797,0.882,1.06,0.762,0.724,0.379,0.257,1.371,0.962,1.112,0.629,1.495,1.767,1.385,1.429,1.328,1.299,,1.359,2.574,1.377,1.634,1.11,1.986,1.497,1.826,2.427,1.721,1.258,1.644,1.58,1.656,0.864,1.159,1.219,0.67,0.222,0.613,0.241,1.474,1.35,1.548,1.925,,1.124,1.474,1.992,2.184,0.402,0.864,1.142,1.012,1.368,1.53,1.113,1.298,0.939,1.038,0.813,0.935,0.839,0.518,0.798,0.144,0.668,1.169,0.858,1.056,0.852,0.672,1.16,0.547,1.191,0.86,1.039,1.033,0.877,0.759,0.723,0.689,0.025,0.981,0.592,0.793,0.846,1.546,2.118,1.691,1.598,2.014,1.013,0.696,1.726,1.29,1.703,0.937,0.961,0.821,0.863,0.921,1.318,1.266,1.372,0.709,1.016,0.808,0.917,0.866,0.97,1.184,1.212,0.664,1.207,1.14,,1.68,2.147,1.414,2.226,1.373,0.29,0.668,0.778,4.063,2.458,1.93,2.021,5.673,2.966,3.997,2.501,3.46,2.66,2.398,1.98,1.768,1.63,1.577,1.658,2.331,1.344,2.186,,2.092,2.147,2.354,1.165,1.039,1.202,1.651,1.339,1.234,1.438,1.617,2.566,2.152,1.709,1.923,1.215,1.313,1.272,0.621,1.262,1.485,1.182,0.78,1.852,1.729,1.78,1.136,0.955,1.15,0.882,2.759,1.576,2.206,1.319,1.238,1.216,1.326,1.096,1.454,1.385,1.874,0.297,0.665,1.117,1.641,1.336,1.33,1.436,1.521,1.028,1.194,1.114,1.086,1.127,1.151,1.919,1.141,2.101,1.588,2,1.131,1.023,0.707,1.513,0.896,0.85,1.034,1.231,1.053,1.286,0.675,0.916,0.777,1.296,0.716,1.545,1.883,0.063,1.295,0.066,0.227,0.63,0.688,0.687,2.648,0.582,1.089,0.776,0.921,1.576,1.319,1.33,1.024,1.252,1.74,0.6,1.307,1.508,1.498,0.663,0.723,1.047,,1.418,1.705,1.584,1.634,1.533,1.134,1.069,1.443,1.328,1.689,2.039,1.955,1.229,2.256,0.964,1.326,1.319,1.413,1.123,1.538,1.714,1.86,1.577,1.083,1.449,1.245,0.993,1.187,1.288,1.527,,1.311,1.569,1.852,2.069,1.542,1.908,0.998,1.959,1.324,1.22,1.223,1.437,2.811,1.436,1.071,1.192,1.379,1.188,1.224,0.873,0.832,0.911,1.176,,1.395,1.696,1.483,1.706,2.039,1.249,1.444,0.795,1.242,0.977,1.626,1.329,1.154,1.427,1.319,0.888,1.765,1.494,1.524,1.28,0.526,,0.616,1.319,0.395,1.016,1.379,1.248,0.658,0.522,1.613,0.416,0.465,1.049,0.824,0.93,1.3,0.793,1.065,0.504,1.352,1.049,0.246,0.462,0.741,2.04,1.118,0.335,0.784,0.134,1.063,1.558,2.031,0.735,1.003,0.048,0.054,1.501,2.229,0.574,0.596,0.226,0.712,2.243,2.755,2.534,3.342,3.96,2.653,2.809,2.78,0.074,1.973,1.159,3.194,1.882,1.254,0.846,0.662,1.897,1.763,2.524,0.737,1.339,1.492,1.587,1.685,1.103,0.74,2.617,1.772,1.416,1.66,1.664,0.363,,1.84,2.696,1.345,1.726,0.879,0.62,0.654,0.803,1.308,1.135,0.742,1.013,1.687,0.696,1.453,0.773,2.003,1.231,1.208,2.147,2.739,1.694,0.745,0.491,2.823,3.068,1.595,2.459,0.995,1.197,1.424,2.813,2.184,2.096,1.502,1.557,2.856,1.766,2.299,0.786,1.157,0.925,1.708,3.216,2.68,2.06,0.807,1.672,1.303
20160203,3,AQI,38,33,43,39,45,32,57,33,53,68,48,75,,155,172,155,163,169,199,,202,115,123,180,105,162,,163,226,122,104,160,145,53,125,138,148,122,140,172,93,103,67,95,80,205,242,265,192,185,203,217,309,250,267,29,47,29,36,49,48,74,55,70,31,166,140,152,133,243,299,189,160,227,189,,102,169,137,70,,44,97,145,78,87,103,83,119,124,77,122,124,75,82,77,112,142,213,,183,240,,284,212,,231,59,58,55,74,54,55,42,39,48,36,158,139,125,159,144,109,117,190,139,94,114,132,139,,210,159,195,208,109,150,139,128,89,64,85,58,153,69,67,78,77,170,147,176,165,185,168,159,190,138,178,210,170,193,207,173,178,133,74,49,65,46,90,112,138,140,125,114,132,132,159,130,147,159,192,165,207,144,162,192,185,175,212,206,185,205,231,253,200,201,170,206,,165,172,188,88,123,214,135,158,162,124,169,133,80,63,78,54,244,251,247,240,108,82,57,108,118,113,108,107,107,114,68,149,122,132,115,,112,123,120,75,88,84,84,112,110,93,,105,,175,143,,94,118,99,98,113,108,105,73,87,,,85,77,94,77,120,59,127,117,140,159,138,132,130,124,30,38,39,72,38,48,42,36,26,103,81,68,114,109,118,33,124,93,185,169,150,147,162,,152,170,60,103,94,85,107,112,112,114,120,132,123,127,163,152,135,139,117,99,108,138,153,139,149,160,162,147,190,112,149,152,119,148,69,168,188,178,127,129,53,50,,42,48,46,52,48,55,50,52,52,50,43,60,31,55,63,22,45,42,48,49,50,46,45,42,52,42,57,58,50,63,74,33,42,52,40,37,60,44,16,50,50,48,36,40,50,45,49,45,43,39,67,42,,112,148,104,100,108,90,105,103,19,45,40,38,32,65,94,92,85,95,94,63,75,124,90,92,74,,79,80,82,87,85,104,90,90,88,,89,138,93,113,83,129,92,65,117,92,84,97,60,49,120,83,130,105,62,87,70,52,85,70,135,81,85,104,153,117,203,78,235,72,159,98,76,94,94,83,87,109,82,109,118,143,46,98,127,123,112,109,,350,452,293,436,314,418,76,149,152,102,,180,238,97,169,206,53,87,120,104,65,75,118,62,100,232,53,78,36,42,55,127,156,140,159,69,97,205,128,70,67,37,80,99,69,88,26,26,28,23,180,138,124,232,235,219,215,,372,277,225,,219,188,214,213,,135,188,,169,209,287,195,214,298,199,83,55,,80,110,62,192,,146,,117,183,192,163,196,,212,158,139,,70,73,69,305,120,92,,60,60,67,64,67,30,28,33,28,29,29,39,39,40,33,39,38,36,43,38,33,48,29,,48,30,35,64,63,63,40,,32,65,55,74,22,28,26,40,32,38,35,40,48,45,52,55,60,168,172,172,100,125,76,60,107,172,122,158,,169,343,130,363,133,73,130,188,78,79,100,119,95,55,68,29,29,320,123,114,108,124,199,84,58,120,108,118,134,81,142,85,201,129,103,61,124,210,137,145,113,115,98,66,93,68,68,,63,51,59,62,57,79,113,123,132,147,80,70,62,57,64,50,84,129,90,149,129,123,95,110,125,105,75,120,95,99,94,149,21,108,117,128,152,129,150,153,205,172,133,193,169,97,84,125,130,74,48,155,68,120,147,127,113,67,102,103,83,186,170,224,168,143,98,126,132,125,107,133,84,100,113,98,108,118,117,145,,107,59,62,132,129,147,128,,90,99,114,83,80,82,,79,92,18,19,68,77,92,83,175,173,193,160,148,130,82,83,64,77,139,93,100,104,135,139,129,112,74,119,87,95,100,138,119,128,145,128,73,64,82,,75,64,67,153,119,106,340,118,128,85,107,63,61,70,114,186,124,150,183,159,26,185,213,89,82,94,65,82,72,84,93,,155,142,196,53,93,148,206,180,117,148,163,186,196,,142,124,236,129,150,140,73,74,217,156,67,127,58,48,123,118,88,112,137,85,99,79,77,74,176,180,185,62,93,,79,97,97,,59,66,128,,147,173,166,132,149,165,166,123,122,,,89,73,78,71,95,99,,,52,100,101,70,84,108,89,133,130,118,97,55,54,59,79,76,109,95,88,62,145,138,222,145,100,73,,92,95,176,212,,162,153,145,73,143,52,,108,195,158,,45,54,55,33,31,87,80,69,59,77,26,27,27,25,22,62,87,57,108,183,70,195,109,92,77,89,114,123,98,119,114,149,64,133,80,119,108,109,138,168,94,139,129,97,48,52,39,43,43,67,54,32,73,63,29,25,52,55,21,63,54,62,64,72,82,25,69,70,65,77,59,37,84,77,49,58,20,120,133,64,28,122,96,170,198,202,201,,183,142,163,67,90,125,153,144,78,99,88,108,114,88,128,123,103,135,83,87,73,213,210,224,85,,67,109,129,125,80,73,73,79,99,97,67,74,70,66,62,105,26,30,29,40,18,36,36,49,36,18,33,25,33,28,25,28,32,32,58,57,59,84,87,87,84,104,145,117,129,88,99,105,104,94,104,65,94,112,95,88,69,82,79,59,102,94,100,97,85,112,144,99,103,133,,89,107,78,92,69,88,87,87,104,114,102,163,200,128,137,134,155,148,183,86,104,127,107,107,117,105,155,,132,142,220,99,114,113,85,84,103,135,108,97,112,87,119,40,99,72,55,112,129,120,102,147,134,179,105,108,120,94,129,147,134,67,104,109,103,84,93,84,65,94,98,124,125,137,114,142,134,128,166,152,163,149,147,105,102,108,98,104,424,129,102,94,93,79,74,80,89,70,107,108,78,84,75,138,92,105,130,59,142,95,57,48,65,64,92,84,79,108,95,107,75,63,77,89,33,55,52,87,70,85,,93,128,114,58,55,92,95,102,144,139,189,93,99,88,99,87,120,90,88,127,105,107,110,85,82,82,58,55,77,79,,82,109,108,114,98,117,173,112,143,140,64,127,149,83,67,88,94,82,113,20,33,33,68,,55,107,122,89,140,46,58,70,58,93,69,83,90,79,67,61,85,92,40,60,80,,60,73,32,68,36,25,45,33,62,43,72,75,35,39,18,29,42,57,33,68,62,70,35,73,79,45,57,25,19,27,14,120,110,27,26,12,53,13,20,27,24,105,217,189,189,78,120,137,107,114,127,132,65,60,84,75,46,52,55,88,51,79,72,63,98,110,107,89,138,89,52,114,70,,160,99,67,78,112,125,38,103,54,33,132,247,147,82,118,95,95,109,100,101,139,102,98,30,173,441,82,95,75,82,95,153,261,168,107,138,92,87,159,50,28,28,99,202,392,72,35,93,46
20160203,3,PM2.5,26,23,30,26,31,22,40,23,37,49,33,55,,118,130,118,124,128,149,,152,87,93,136,79,123,,124,176,92,78,122,111,31,95,105,113,92,107,130,69,77,46,71,45,155,192,215,144,139,153,167,259,200,217,15,17,12,19,34,33,54,39,51,18,126,107,116,101,193,249,142,122,177,142,,76,128,104,49,,28,72,111,57,64,77,61,90,94,56,92,94,55,60,56,84,108,163,,138,190,,234,162,,181,42,41,39,54,34,39,28,27,33,25,120,106,95,121,110,82,88,143,106,70,86,100,106,,160,121,146,158,82,115,106,97,66,46,63,41,117,50,48,57,56,129,112,133,125,139,127,121,143,105,134,160,129,145,157,131,134,101,54,25,47,32,67,84,105,107,95,86,100,100,121,99,112,121,144,125,157,110,123,144,139,132,162,156,139,155,181,203,150,151,129,156,,125,130,141,65,93,164,103,120,123,94,128,101,59,43,57,27,194,201,197,190,81,60,40,81,89,85,81,80,80,86,49,114,92,100,87,,84,93,91,55,65,62,62,84,83,69,,79,,132,109,,70,89,74,73,85,81,79,53,64,,,63,56,70,56,91,42,96,88,107,121,105,100,99,94,21,26,27,52,26,33,29,24,15,77,57,49,86,82,89,17,94,69,139,128,115,112,123,,116,129,43,77,70,63,80,84,84,86,91,100,93,96,124,116,103,106,88,74,81,105,117,106,114,122,123,112,143,84,114,116,90,113,50,127,141,134,96,98,37,35,,29,33,32,36,33,39,35,32,36,35,30,43,17,39,45,15,31,29,33,34,25,32,31,29,36,29,40,41,35,45,54,21,29,36,23,22,43,14,11,35,35,33,25,28,35,31,34,31,28,27,48,25,,84,113,78,75,81,67,79,77,12,19,23,25,22,47,70,68,63,71,70,45,55,94,67,68,54,,58,59,60,64,63,78,67,67,65,,66,105,69,85,61,98,68,47,88,68,62,72,39,29,91,61,99,79,22,35,18,13,26,34,103,57,32,78,117,88,153,56,185,50,121,,48,70,70,61,64,82,60,82,89,109,25,73,96,93,84,82,,257,428,243,288,264,376,54,114,116,76,,136,188,72,128,156,36,64,91,78,47,55,89,44,75,182,35,57,24,29,31,96,119,107,121,50,72,155,97,36,48,25,59,74,50,65,18,18,19,16,136,105,94,182,185,169,165,,322,227,175,,169,141,164,163,,103,136,,128,159,237,146,164,248,149,61,37,,59,83,44,144,,110,,88,138,144,124,147,,162,120,106,,51,53,50,255,91,68,,43,43,48,46,48,17,19,23,19,20,20,27,27,28,23,27,26,24,30,26,23,33,17,,33,21,24,46,45,45,28,,22,47,39,54,15,19,18,27,21,26,24,28,33,31,34,39,43,127,130,130,75,95,51,43,80,130,92,120,,128,293,99,313,101,53,99,141,57,56,72,60,62,31,49,9,11,270,93,86,81,94,149,62,41,91,66,89,102,48,108,63,151,98,77,42,94,160,104,111,85,87,73,43,69,49,49,,45,35,42,40,40,58,85,93,100,112,59,51,44,40,46,28,62,98,67,114,98,93,71,83,95,79,55,91,71,74,70,114,7,81,88,97,116,98,115,117,155,130,101,145,128,72,60,95,99,54,33,118,49,91,112,96,85,48,76,77,61,140,129,174,127,109,73,90,100,95,80,101,62,75,85,73,81,89,88,111,,80,42,44,100,98,112,97,,67,74,86,61,59,60,,58,68,6,8,49,56,68,61,132,131,145,122,113,99,60,61,44,56,106,69,75,78,103,106,98,84,54,90,64,71,75,105,90,97,111,97,53,46,60,,55,46,48,117,13,34,290,89,97,63,80,37,42,42,86,140,94,88,138,121,,139,163,66,60,70,47,60,42,38,53,,118,108,117,20,54,113,156,136,88,89,71,75,147,,108,94,186,98,115,107,53,54,167,119,,96,41,29,93,89,65,84,104,63,74,58,48,54,133,136,139,44,69,,58,72,72,,39,41,97,,112,131,126,100,114,125,126,93,92,,,66,53,57,48,71,74,,,36,75,74,51,62,81,66,101,99,89,72,39,28,42,50,35,82,47,65,31,111,105,172,111,75,53,,68,71,133,162,,123,117,111,53,109,26,,81,146,120,,17,38,35,23,19,64,59,50,42,56,9,16,10,14,11,44,64,40,81,138,51,146,82,68,51,66,74,93,73,90,86,114,46,101,59,90,81,82,105,127,70,106,98,72,26,33,27,30,30,48,38,22,53,43,17,13,36,39,13,45,38,44,46,52,60,2,35,45,47,56,35,24,62,56,34,41,,91,101,46,18,92,8,129,148,152,151,,138,108,124,29,67,95,117,110,57,74,65,81,86,65,97,93,77,103,61,64,53,163,160,174,63,,48,82,98,95,59,53,53,58,74,72,48,54,51,39,44,79,18,21,20,28,12,25,25,34,25,6,23,17,23,19,17,19,22,22,41,40,42,62,64,64,62,78,111,88,98,62,74,70,78,70,78,47,70,84,71,65,50,60,58,35,76,70,75,72,63,84,110,74,77,101,,51,80,42,27,50,65,64,64,78,86,76,124,150,97,104,102,118,113,138,50,78,96,80,80,88,79,118,,100,105,170,74,86,85,63,62,77,103,81,72,84,64,90,28,74,52,39,84,98,91,76,112,102,135,79,81,91,70,98,112,102,48,78,82,77,62,69,62,29,70,73,94,95,104,86,108,102,97,126,116,124,114,112,79,76,81,73,78,386,98,73,70,69,58,54,59,66,51,80,81,54,62,55,105,68,79,99,34,108,71,40,33,47,46,68,62,58,81,71,80,55,45,56,66,23,33,36,64,51,63,,69,97,86,14,20,68,71,73,110,106,142,69,74,65,74,64,91,67,65,96,79,80,83,63,60,60,38,39,56,58,,60,82,81,86,73,88,131,84,109,107,46,96,114,61,44,65,70,59,85,12,23,23,49,,39,80,92,66,107,32,41,51,41,49,50,61,67,58,48,36,63,68,28,43,59,,43,38,22,49,22,12,31,17,44,28,52,55,24,26,12,20,29,40,20,24,44,51,24,40,58,31,40,17,13,10,4,32,32,15,7,,34,9,14,16,8,79,167,142,142,54,91,104,80,86,96,100,47,43,62,55,32,36,38,34,32,58,52,45,73,59,39,66,105,66,21,86,51,,122,66,48,17,84,95,19,77,35,22,100,197,112,,89,71,71,82,75,72,106,62,60,17,126,382,52,68,55,55,46,117,211,127,52,105,68,64,121,20,2,19,74,152,342,52,24,69,32
20160203,3,PM2.5_24h,36,11,30,35,27,29,35,29,28,16,28,47,,49,50,35,36,43,52,,40,32,53,40,30,69,,49,68,53,52,67,54,24,49,66,43,46,56,59,38,67,48,38,34,119,138,173,112,138,173,133,160,159,189,19,16,15,20,22,39,43,33,39,18,42,36,45,38,98,127,79,123,147,137,,78,107,81,61,,28,70,80,39,44,50,79,62,63,67,101,75,45,64,44,87,117,98,,123,161,,140,100,,121,69,59,47,56,37,42,44,45,59,27,92,95,82,96,88,67,91,102,96,86,89,97,114,,138,121,141,152,94,109,95,130,99,93,100,79,107,92,80,89,87,117,106,121,113,127,113,103,117,107,118,125,100,124,113,103,123,111,99,87,100,90,103,70,79,78,73,111,120,118,120,128,121,112,95,107,119,90,107,107,132,111,130,116,109,128,123,127,127,119,126,133,,117,121,133,123,98,125,152,114,128,106,116,103,90,73,102,54,146,146,136,125,85,68,54,87,80,89,90,89,87,88,60,62,80,66,69,,67,70,75,62,69,61,63,76,81,59,,82,,104,90,,64,72,67,83,63,60,93,76,74,,,65,65,82,64,101,86,102,100,115,125,121,100,113,103,20,21,20,27,19,21,16,22,18,99,71,64,99,85,100,64,91,88,99,111,76,89,92,,85,90,45,82,72,62,76,81,78,80,74,74,75,73,67,82,73,68,65,55,107,114,119,110,118,121,120,106,119,93,118,101,120,112,110,128,124,123,110,113,26,23,,21,23,21,26,21,28,23,18,22,20,20,25,8,21,18,11,14,14,22,19,20,18,21,19,24,20,27,28,17,21,27,17,17,22,12,13,25,9,6,23,22,20,16,18,19,18,21,14,13,19,25,13,,66,71,65,64,60,59,66,69,5,15,17,18,21,47,66,55,51,61,58,39,50,60,56,60,50,,56,45,57,51,105,87,83,81,84,,86,90,78,82,65,83,75,67,84,73,74,50,32,18,45,46,59,40,44,42,26,22,31,26,72,44,71,64,59,64,90,63,109,50,91,,38,89,97,47,70,81,62,86,101,101,56,64,75,97,58,74,,194,319,223,199,234,286,107,116,114,115,,138,157,117,141,155,48,115,125,105,44,61,65,43,58,62,31,30,13,18,28,84,78,72,63,92,76,86,98,66,59,36,59,71,55,82,24,21,24,18,123,103,87,102,118,109,98,,174,161,144,,138,112,133,130,,84,94,,110,115,166,188,181,194,149,58,49,,28,66,60,108,,92,,98,151,149,127,98,,148,102,79,,43,47,40,110,79,90,,30,27,34,30,34,13,16,19,18,17,14,21,18,20,23,21,17,17,19,19,15,19,10,,14,8,10,30,29,30,15,,15,27,19,24,9,8,10,15,15,14,15,18,15,20,25,27,29,158,142,150,39,49,40,45,57,76,92,100,,97,145,93,201,93,47,72,93,37,28,58,76,36,18,82,30,21,142,70,76,88,94,104,80,42,83,72,78,96,43,107,98,107,112,109,86,89,97,65,109,79,90,65,46,82,75,57,,38,36,37,36,39,66,88,77,103,117,65,81,66,35,38,34,75,100,78,102,99,93,106,87,102,89,60,99,79,88,90,107,15,70,55,50,85,75,55,59,129,108,80,104,120,104,106,106,100,58,43,93,54,97,88,81,68,41,45,53,39,112,118,126,113,121,85,92,94,81,79,89,82,38,85,75,89,108,105,95,,91,54,54,67,69,77,67,,59,62,68,71,74,79,,76,83,9,8,79,91,92,89,113,114,123,109,95,102,41,47,34,50,89,93,71,87,109,113,105,108,70,86,97,92,86,103,97,106,111,106,66,64,69,,64,38,38,98,18,53,168,54,72,61,63,29,39,50,64,95,81,60,99,83,157,113,111,56,50,62,47,58,49,57,49,,75,96,51,54,37,80,105,98,84,76,60,49,116,,70,66,115,70,73,83,58,62,112,81,87,71,64,46,83,80,73,86,58,41,66,49,45,30,109,112,105,88,104,,102,134,108,,83,87,105,,122,119,121,98,119,112,116,97,99,,,68,60,63,53,74,79,,,58,60,120,85,62,83,89,130,136,117,109,33,22,34,58,55,84,54,74,64,97,80,157,90,50,60,,71,82,108,111,,121,80,57,30,60,27,,47,162,128,,29,43,31,20,19,49,77,44,46,58,25,32,16,12,6,50,60,47,84,43,29,50,75,64,78,73,69,136,87,89,98,87,42,64,39,84,81,79,101,106,93,107,94,84,34,33,53,44,55,61,50,17,34,37,15,17,44,33,19,43,40,47,36,41,60,30,30,29,35,41,21,39,77,39,27,25,,75,81,49,23,104,87,130,138,142,148,,151,144,151,65,74,100,136,113,90,104,89,79,96,94,110,100,82,87,77,84,64,153,132,159,83,,85,109,119,112,56,47,46,58,79,77,53,59,48,66,56,89,21,27,23,26,17,18,19,22,20,7,19,16,20,11,8,10,12,19,26,22,61,75,72,72,72,62,114,107,108,104,79,60,62,91,54,64,64,73,72,70,49,61,65,35,69,67,68,58,61,71,83,69,69,82,,52,71,45,38,40,58,53,52,94,85,79,132,149,118,114,104,123,120,141,44,75,106,110,97,103,99,109,,116,94,101,138,138,144,105,116,80,90,97,95,108,88,101,17,43,49,35,104,96,88,74,118,117,128,79,76,94,65,70,72,97,91,100,96,94,77,96,79,59,65,66,106,106,103,100,108,108,89,100,93,95,89,88,67,74,66,84,77,155,105,88,91,56,53,45,56,64,73,81,76,77,80,55,83,45,68,82,46,77,88,31,25,37,32,53,51,49,63,65,69,61,53,62,72,14,23,30,51,65,45,,68,84,79,30,38,49,50,66,88,86,112,79,75,66,70,79,89,74,75,127,117,116,122,76,90,84,81,43,57,57,,58,84,91,93,90,91,110,77,97,90,69,90,114,59,39,59,67,73,85,15,30,26,43,,30,33,50,51,56,61,76,67,70,68,46,56,59,51,53,46,64,62,25,31,61,,47,49,58,45,27,31,32,22,36,36,62,48,37,39,85,72,97,46,28,28,50,57,49,71,80,28,42,15,17,37,33,31,19,19,26,,82,16,25,8,13,121,123,109,118,30,54,58,52,74,91,81,35,28,72,53,33,40,53,41,34,61,62,42,74,65,50,50,78,46,25,79,42,,95,56,33,20,49,84,36,40,22,23,124,92,108,,94,78,48,54,50,76,81,39,35,12,148,294,41,67,59,64,56,116,143,109,64,106,73,81,110,27,8,23,107,180,253,38,22,73,23
20160203,3,PM10,,26,,,,,40,,56,52,,,,199,195,128,137,157,202,,,141,122,168,141,144,,176,242,128,120,178,134,56,139,124,141,147,137,132,117,128,83,116,110,250,261,289,258,169,204,190,291,252,249,29,47,29,36,,,,52,,31,198,132,116,119,230,271,258,168,211,161,,121,152,140,90,,44,94,157,98,109,111,93,128,118,96,154,113,94,88,93,131,142,248,,226,264,,319,284,,234,54,58,52,87,57,60,42,37,47,36,204,127,146,139,121,107,101,178,130,118,100,112,126,,168,140,168,200,118,139,122,144,,,,52,134,,,,62,181,173,199,167,179,190,167,221,150,,170,161,162,164,194,,105,62,49,60,38,92,136,187,122,141,145,175,151,190,134,161,173,260,213,272,155,157,211,146,163,178,216,169,199,,229,183,190,169,230,,153,190,,94,156,213,147,156,159,133,230,161,100,75,78,58,222,230,247,248,112,81,45,124,,139,118,109,127,130,66,146,129,143,128,,107,118,135,75,85,77,80,110,107,96,,99,,145,137,,118,105,,121,115,93,,65,81,,,101,66,,70,,55,117,131,123,134,,,,,24,31,30,,,40,35,36,26,112,112,79,,,,33,,85,175,192,166,183,145,,166,196,69,116,87,105,97,147,,124,104,188,135,135,159,173,149,114,119,109,,132,140,139,,138,,,161,,,,,,54,,,,99,,42,44,,,41,,42,42,39,35,33,,,31,43,31,39,49,18,43,35,39,47,50,33,42,,38,32,42,,36,,56,33,37,36,40,37,,44,15,,35,40,31,36,43,42,37,40,43,31,,42,,101,135,91,100,,92,114,111,19,45,40,38,31,53,81,75,63,83,,54,63,111,81,73,64,,76,70,83,,79,92,86,82,73,,78,127,79,,85,100,95,64,99,101,104,,70,49,147,73,155,151,73,123,89,54,120,90,163,111,120,141,167,181,207,105,247,93,234,146,101,122,111,75,110,117,81,112,121,154,46,116,136,152,110,,,460,484,,536,,495,102,194,161,116,,155,256,124,161,,56,85,148,102,54,74,165,70,109,279,55,76,36,40,60,151,162,149,166,69,106,214,114,89,65,37,67,114,73,114,,18,19,16,176,115,154,243,255,265,230,,428,301,223,,226,199,211,229,,209,326,,206,,240,162,233,353,194,83,60,,75,85,70,171,,242,,134,175,184,200,235,,327,172,157,,61,84,75,302,127,98,,51,47,67,58,56,30,25,28,22,29,27,,,35,29,27,31,36,40,31,29,,29,,,26,26,47,,53,33,,31,,43,,17,22,20,40,32,31,33,28,37,,53,52,55,170,172,164,114,130,102,49,109,142,147,201,,167,373,151,,,81,,163,,108,149,188,140,59,71,29,17,376,130,141,128,164,228,106,53,115,165,137,126,112,149,94,235,160,126,71,97,219,130,134,128,103,94,81,111,64,59,,56,51,57,73,44,61,125,132,141,193,82,55,67,53,60,50,76,108,69,134,123,135,99,125,121,83,86,,,,80,,,115,148,187,143,133,115,159,217,258,,257,200,,118,106,110,87,46,185,,159,188,170,124,83,114,142,80,178,164,,166,139,113,202,122,147,114,130,89,84,98,73,90,104,148,,,96,,70,,101,113,114,,76,83,,62,80,68,,69,79,10,,62,83,77,68,152,132,165,144,131,119,103,114,77,83,109,113,92,102,109,117,115,105,98,,75,91,92,132,136,112,139,146,86,62,61,,58,,59,124,187,161,318,125,114,84,113,75,72,89,134,157,147,249,191,220,,213,187,90,91,77,70,96,94,117,136,,143,146,342,56,135,158,260,179,178,246,275,322,176,,174,143,220,115,152,138,83,90,200,124,84,132,52,48,101,122,107,117,142,95,100,108,104,88,184,166,183,72,83,,66,96,86,,68,81,106,,153,174,160,104,,144,141,120,120,,,103,84,106,92,99,99,,,,97,151,77,,127,98,138,115,108,112,41,57,46,107,101,136,139,110,74,113,109,206,149,,74,,,93,147,177,,170,206,216,,132,54,,153,205,150,,45,44,59,29,31,71,91,67,,66,21,20,12,24,11,63,84,62,90,222,82,,129,119,103,87,178,142,110,122,131,115,71,115,61,104,97,103,129,146,116,191,123,86,48,53,38,36,38,64,,27,70,76,29,21,47,43,20,56,53,46,58,79,62,25,87,89,49,59,68,37,,65,,42,20,148,124,62,28,113,141,135,168,179,162,,152,126,,83,84,137,142,138,97,96,74,113,,99,109,105,95,,61,73,76,187,171,,70,,54,89,,108,83,84,62,71,,84,60,72,,81,67,97,,,29,34,18,28,26,38,26,,,,31,20,24,24,25,24,48,53,55,84,99,101,71,93,150,128,149,125,93,160,124,108,100,,75,89,,73,62,66,71,67,80,,89,76,72,137,160,110,99,145,,127,157,105,133,84,100,108,110,102,,93,141,176,116,157,165,244,196,177,121,137,126,114,118,127,126,199,,166,233,234,109,87,139,67,113,103,123,112,103,88,74,112,34,91,61,57,93,109,99,,132,141,205,118,118,131,114,155,175,135,64,114,101,135,103,82,80,80,85,91,110,116,109,132,122,128,97,136,135,144,125,,138,109,133,107,115,,142,154,135,92,73,94,73,93,85,88,122,106,107,62,118,103,84,129,67,186,106,40,36,52,,84,76,69,88,76,88,60,62,57,67,32,60,40,84,73,,,,122,105,66,60,79,75,154,125,115,156,107,100,89,94,84,,,,116,107,122,125,,,,65,54,76,68,,84,98,94,97,137,111,194,159,182,176,65,138,133,77,83,84,105,114,106,20,28,28,50,,46,100,135,81,149,,59,75,63,57,70,72,72,71,59,71,76,96,36,52,78,,53,95,32,63,36,23,,33,47,43,60,62,27,39,14,21,36,,33,86,49,,33,96,68,35,40,,17,27,,189,169,22,26,,56,9,,,,98,171,,167,105,131,124,129,108,,119,69,,86,81,37,36,59,125,52,86,90,52,92,169,163,102,106,97,53,,80,,175,147,53,106,111,129,38,,57,33,113,212,113,114,,87,94,134,97,152,177,154,146,30,295,541,113,140,93,113,140,154,253,193,164,203,73,75,,50,5,20,125,231,373,82,,,37
20160203,3,PM10_24h,,19,,,,,43,,44,32,,,,103,76,53,64,70,78,,71,69,99,66,68,113,,93,98,102,96,107,79,51,88,98,83,87,85,87,62,102,74,80,85,176,190,224,196,178,223,176,197,214,231,37,39,42,46,33,55,64,54,61,36,72,58,52,53,136,144,153,168,195,167,,120,143,123,74,,40,98,116,69,88,79,121,108,102,94,177,100,75,101,80,135,156,154,,193,221,,189,177,,149,83,80,64,88,72,58,86,60,84,46,165,134,134,122,109,87,123,136,119,138,109,117,133,,166,158,176,191,128,130,115,165,115,115,120,101,123,107,91,103,111,162,153,165,149,216,161,148,177,154,134,158,120,155,139,156,138,129,115,125,136,117,137,118,148,106,112,206,170,199,198,202,190,179,189,180,191,150,132,160,159,144,155,166,145,173,147,159,158,164,166,186,,159,166,154,175,193,180,174,142,172,157,184,161,141,115,133,105,167,178,176,190,112,88,64,117,96,121,119,117,136,123,81,85,109,100,99,,86,90,111,74,86,73,76,103,100,95,,103,,125,112,,109,82,,93,87,71,84,89,80,,,97,77,90,87,122,93,122,106,129,161,152,111,125,105,26,29,28,22,22,31,20,38,28,130,114,96,116,98,72,66,105,125,135,186,126,173,128,,140,155,64,117,103,109,106,146,123,127,126,135,123,116,116,130,116,109,106,87,116,146,155,146,154,150,131,144,157,,134,120,143,116,129,148,116,142,120,115,33,33,,23,26,31,30,32,29,28,23,20,22,21,27,17,23,29,14,21,19,27,26,34,24,33,18,30,24,30,30,23,18,24,30,25,28,24,25,29,26,17,16,23,23,25,25,27,26,30,24,24,27,35,22,,66,78,80,83,73,69,87,108,12,24,26,28,26,59,77,70,61,78,69,52,64,69,69,69,58,,69,58,71,62,134,118,108,99,106,,110,132,85,88,91,83,99,85,84,101,113,77,53,35,83,73,92,84,143,127,91,66,97,70,116,89,103,104,107,144,132,138,152,103,169,126,83,164,143,93,113,117,89,126,144,152,84,96,113,147,78,102,,321,399,286,366,313,420,135,199,140,147,,173,175,154,178,163,66,135,200,121,64,82,121,96,81,87,60,52,25,32,56,132,102,103,87,135,111,129,139,89,81,57,107,121,92,141,35,34,31,28,179,152,150,171,175,178,170,,243,240,197,,199,176,170,184,,145,163,,192,144,211,214,257,292,206,85,83,,41,87,118,164,,139,,159,195,198,201,175,,234,150,131,,61,77,70,150,114,134,,35,34,44,41,37,27,34,34,25,31,31,29,27,31,21,25,22,32,27,27,22,9,20,,15,14,15,27,25,30,20,,25,17,29,22,13,14,17,24,22,25,28,28,20,25,35,43,41,212,196,208,88,77,90,59,100,87,134,149,,138,203,168,247,97,94,110,102,45,72,127,149,91,41,130,53,39,211,107,125,145,154,158,128,57,108,158,137,128,95,160,121,173,179,160,139,109,115,98,141,116,130,82,74,134,77,75,,47,51,59,71,54,67,123,118,143,188,84,85,95,48,73,51,82,110,99,135,116,118,143,119,123,117,107,136,,103,120,113,26,106,82,112,134,110,72,89,154,193,149,174,185,155,172,146,110,86,64,150,99,146,123,113,84,76,83,104,71,152,154,110,137,158,126,153,122,114,92,109,115,177,98,83,116,119,155,94,,110,62,64,59,70,89,82,,61,67,69,70,95,90,,94,97,16,15,83,123,121,125,135,136,140,131,108,119,69,97,59,76,102,118,97,108,128,135,126,143,102,123,112,112,122,126,139,131,131,154,86,69,79,,69,58,70,118,192,136,188,90,88,84,88,53,63,85,110,114,127,170,140,153,,159,126,82,87,88,73,101,86,140,130,,128,142,129,77,101,116,194,145,164,173,168,168,164,,110,105,161,115,106,115,84,93,148,109,120,111,84,73,118,114,116,123,81,58,86,71,74,73,149,140,142,128,139,,116,179,144,170,139,138,114,,165,172,161,107,114,134,143,136,136,,,115,104,112,95,97,100,,,91,96,152,111,75,140,125,169,151,132,159,46,47,47,152,133,152,159,128,116,113,93,198,124,70,88,,83,119,120,144,,165,139,107,34,72,58,,96,244,183,,70,72,49,30,26,70,126,72,67,80,50,50,26,21,11,76,84,60,147,81,53,93,107,99,131,93,137,174,121,123,128,62,55,78,51,99,95,103,122,125,144,209,121,108,59,54,66,64,68,65,43,25,46,58,26,25,79,50,21,57,51,58,49,65,86,34,77,66,45,51,40,51,85,43,30,26,28,118,106,66,35,128,154,155,166,157,163,,170,177,,99,92,142,158,126,117,125,118,118,122,130,126,131,105,83,82,94,94,194,150,192,100,,89,121,125,124,77,74,60,72,83,95,78,72,54,99,90,112,32,29,33,33,23,25,25,28,26,11,21,17,36,13,13,16,18,24,37,33,80,97,119,94,90,83,155,130,141,126,95,123,92,110,83,64,75,84,73,80,61,70,75,68,76,74,77,70,81,99,118,84,83,104,,98,107,93,105,65,73,82,86,129,110,95,183,198,162,172,192,257,218,210,133,134,119,164,139,155,155,173,,164,184,140,188,171,213,138,160,108,119,117,131,121,107,120,29,62,64,51,112,106,110,98,137,162,177,114,113,118,105,106,106,118,122,133,131,150,126,105,95,99,83,80,118,121,121,111,121,124,99,115,109,117,107,,86,90,115,121,107,123,129,139,121,79,67,84,69,93,95,106,121,123,110,76,95,86,84,103,76,108,141,34,27,48,41,65,58,56,71,69,78,62,66,66,72,31,44,41,58,70,50,,69,106,100,62,65,54,54,123,123,95,143,99,91,85,99,100,99,96,95,148,139,156,166,83,114,101,109,57,75,68,,82,106,109,110,137,118,160,134,155,144,100,132,133,76,78,90,98,111,114,30,40,40,43,,35,40,72,62,74,80,105,94,100,75,63,61,69,56,75,97,78,81,35,50,77,,56,83,50,65,47,41,40,35,57,121,76,70,49,56,116,103,151,59,41,72,67,60,59,96,87,36,56,20,29,69,,84,105,60,59,,122,32,29,19,15,96,144,124,148,58,103,87,85,94,109,96,59,,95,97,44,59,76,91,76,104,107,68,108,156,161,73,111,74,55,90,65,,133,112,51,96,80,118,65,79,56,49,131,128,135,103,112,104,87,115,78,138,137,98,83,30,348,414,92,126,124,169,152,186,186,186,220,216,80,99,101,41,21,30,158,282,397,60,32,84,30
20160203,3,SO2,11,12,11,8,11,7,32,7,8,19,15,29,,85,91,65,48,33,78,,53,79,50,65,30,61,,105,129,31,86,105,89,43,71,69,57,66,76,62,76,90,47,79,50,76,94,159,113,72,99,93,114,86,133,19,13,13,30,14,24,17,14,18,55,73,72,89,96,105,128,164,72,82,69,,82,190,163,36,,55,141,178,86,159,73,328,39,79,28,42,49,24,33,17,43,53,53,,137,363,,95,630,,347,100,28,28,37,45,64,28,32,54,15,136,170,59,33,55,30,26,16,13,36,56,36,41,,89,108,15,85,112,28,55,60,18,19,19,18,18,16,17,20,21,13,21,21,43,25,12,29,24,6,16,24,22,22,16,20,25,15,16,10,25,13,12,36,51,58,23,59,38,17,20,36,28,10,25,8,17,20,29,28,24,24,21,30,27,31,25,18,22,25,22,37,,16,34,20,16,13,13,26,19,22,24,30,60,22,8,14,19,32,30,30,19,5,8,7,7,4,6,8,11,17,5,6,26,14,25,21,,16,22,18,5,1,3,7,14,26,16,,10,,17,38,,10,11,10,13,13,8,6,7,6,,,6,4,7,3,30,18,17,17,13,10,13,33,4,19,6,11,6,7,7,5,4,4,3,23,27,10,10,21,37,5,16,13,46,81,41,66,64,,84,61,9,59,48,45,47,49,51,56,88,36,24,29,37,27,36,27,26,49,2,9,8,11,9,10,9,226,10,280,7,11,6,9,15,10,10,67,3,4,2,2,,11,3,3,4,2,5,4,162,5,6,4,5,9,8,6,4,8,1,6,10,14,13,10,5,6,6,3,5,3,8,8,8,7,14,13,5,3,3,11,5,4,11,4,8,5,4,3,4,7,2,6,8,,15,23,12,15,15,10,9,16,4,1,1,4,11,5,7,25,18,20,11,11,7,11,30,17,5,,15,16,16,13,9,7,15,7,8,,6,17,35,46,35,54,58,47,76,35,40,12,9,13,8,26,14,6,4,8,6,5,8,6,31,18,10,40,5,50,26,27,13,47,28,15,12,28,29,13,25,32,18,32,15,14,36,45,101,39,55,53,,6,14,38,18,44,38,19,14,19,20,,32,124,79,57,81,36,72,104,3,33,51,61,26,55,82,46,43,18,9,50,47,72,50,34,44,36,55,113,35,40,16,45,60,23,49,6,3,7,2,64,55,74,92,89,105,55,,102,72,53,,61,63,46,49,,145,80,,106,100,100,39,31,15,40,44,49,,33,16,20,61,,54,,60,55,64,69,107,,60,49,40,,70,30,45,180,130,49,,19,8,8,6,10,14,6,7,8,5,7,5,3,8,5,9,5,10,8,6,14,5,2,,7,6,7,4,2,6,3,,5,5,6,12,6,8,3,1,2,3,4,22,14,8,10,9,8,42,40,45,38,124,80,36,348,303,274,303,,207,223,36,75,60,71,37,100,102,137,186,171,,70,130,20,15,251,85,110,92,112,64,80,26,48,68,28,28,14,161,61,147,114,172,47,21,111,65,35,91,107,39,22,35,23,14,,17,42,68,9,13,9,23,52,58,37,8,12,16,21,42,45,9,9,26,7,12,8,20,8,15,2,24,7,3,4,7,18,4,56,96,50,46,39,54,25,98,204,128,224,173,45,36,34,44,59,65,57,61,24,55,42,65,58,29,38,20,8,10,3,12,12,39,53,38,8,10,9,32,3,15,5,5,3,11,8,,4,3,6,20,16,18,17,,8,11,8,5,14,11,,18,12,2,4,4,6,8,7,12,22,16,28,18,5,17,36,22,9,6,14,10,9,6,6,10,5,5,3,10,7,9,6,7,52,44,6,24,14,13,,28,9,17,16,23,11,1,29,32,26,40,19,18,27,125,23,7,25,14,16,24,28,19,8,14,26,12,184,24,24,13,,186,194,314,26,6,4,6,1,4,22,4,12,68,,40,45,135,76,48,47,26,21,165,66,53,53,39,64,9,45,52,57,15,22,38,44,33,34,25,16,32,17,19,,11,15,12,,10,25,23,,31,24,37,17,7,24,16,10,18,,,8,1,5,6,9,9,,,22,121,140,6,6,30,21,27,24,27,30,7,10,7,219,158,214,248,201,154,280,377,256,197,151,37,,28,106,92,155,,175,286,34,44,32,35,,162,254,129,,18,40,10,4,3,19,46,29,25,63,13,9,5,24,25,33,43,30,62,109,232,139,59,50,43,47,95,56,36,44,50,186,29,72,45,152,135,64,26,29,64,63,101,83,79,21,11,5,10,13,3,53,8,38,19,10,21,32,6,40,28,24,23,13,12,6,15,10,5,28,18,2,,41,36,30,34,184,84,32,16,6,17,6,22,37,27,,4,13,28,30,7,20,31,42,22,10,8,32,7,13,56,1,25,49,5,4,5,6,15,8,30,,16,28,13,47,15,12,14,13,,30,6,3,4,11,8,25,2,2,4,6,3,7,6,5,6,,10,15,5,6,4,5,6,4,7,6,3,4,4,4,2,3,25,24,23,3,1,7,13,16,7,41,11,21,16,11,11,24,18,17,31,4,16,25,1,21,9,9,13,32,,7,9,9,30,5,11,21,14,2,53,30,39,61,45,74,32,30,51,77,36,32,34,34,67,74,26,56,,21,33,18,27,46,31,31,24,42,44,1,11,3,30,4,10,7,3,10,51,49,28,21,14,22,33,60,23,36,22,14,14,4,10,2,2,3,5,18,15,15,3,10,9,9,11,16,11,11,3,34,6,13,16,9,2,17,20,20,7,13,10,2,23,10,10,11,12,7,19,3,93,28,2,7,34,24,1,6,4,9,8,12,39,7,3,8,8,5,61,11,26,16,16,15,24,8,3,12,10,11,19,,4,14,10,16,8,6,12,10,29,14,16,9,8,5,6,10,4,21,15,9,12,9,11,3,8,7,3,30,8,6,,10,8,8,16,5,12,11,26,9,5,3,3,6,5,4,15,9,17,14,12,12,3,29,,4,12,34,14,47,10,5,4,16,69,41,44,38,49,14,8,15,14,22,7,18,,15,32,4,7,17,2,,5,3,11,6,2,10,11,5,18,12,3,3,4,7,5,12,5,3,1,6,13,2,8,5,3,5,9,3,33,16,11,16,9,7,13,18,12,16,23,80,62,69,9,23,20,18,19,19,12,18,20,13,44,20,39,15,15,17,17,4,9,133,14,10,21,20,,9,16,34,30,30,10,8,21,3,29,72,108,78,22,51,58,15,16,5,21,17,9,8,1,18,49,38,33,21,18,2,11,12,5,79,162,39,22,40,3,7,11,15,14,27,28,10,221,3
20160203,3,SO2_24h,20,8,13,17,14,13,25,11,9,11,18,28,,40,42,27,21,14,37,,21,22,36,31,7,45,,99,91,52,98,91,86,36,43,45,39,51,51,52,81,114,47,61,61,143,96,174,139,144,110,98,125,110,147,33,30,36,48,29,27,23,21,33,28,34,29,34,40,94,73,105,97,92,93,,113,172,121,52,,96,110,135,118,117,103,287,49,96,46,85,59,27,69,21,95,92,69,,133,229,,161,299,,153,76,89,95,114,128,40,89,38,96,12,154,111,86,87,143,31,43,40,22,60,58,52,49,,135,179,66,109,128,60,58,90,33,31,32,36,28,30,28,30,33,25,28,31,36,32,23,29,21,25,22,29,31,34,21,27,35,34,35,29,36,33,26,52,53,73,42,73,60,41,45,54,56,23,27,17,22,24,35,37,35,35,36,40,37,42,34,28,33,40,31,41,,33,38,46,24,30,25,41,35,45,34,43,62,25,19,32,32,43,39,41,37,17,15,14,15,11,20,21,21,28,15,13,22,23,29,22,,19,20,18,7,4,6,12,34,21,27,,18,,21,36,,15,15,11,15,14,9,14,18,13,,,13,11,14,12,32,24,24,17,27,11,24,30,4,35,5,10,5,6,6,4,2,4,3,25,20,19,21,25,20,14,25,23,40,91,42,74,72,,80,51,9,78,53,67,55,56,97,58,82,45,32,55,52,32,47,49,37,51,14,18,25,20,19,17,19,25,21,20,12,21,12,15,17,20,20,62,13,12,23,2,,11,33,4,4,2,5,4,19,5,5,5,5,9,8,5,4,7,2,7,6,9,9,4,7,8,7,4,5,6,6,7,5,4,10,8,6,5,4,12,5,4,10,2,10,5,3,3,4,7,3,4,8,,15,18,14,15,14,12,9,14,4,2,2,3,9,6,14,11,23,19,17,12,13,17,21,20,15,,21,18,14,16,20,11,20,10,14,,14,20,21,36,42,23,50,42,42,23,33,12,7,8,6,29,12,4,11,13,7,6,10,6,31,30,26,34,8,42,24,37,16,39,34,25,16,35,41,23,32,44,32,47,32,18,92,94,128,104,67,86,,7,10,23,22,24,10,24,17,26,27,,133,38,29,35,46,28,11,29,9,57,76,70,50,61,79,65,50,21,17,42,64,65,58,71,105,73,83,108,63,65,50,148,98,95,165,7,5,8,2,101,63,91,79,99,76,55,,96,87,62,,72,55,42,37,,130,77,,106,82,102,80,88,52,59,32,58,,44,32,45,115,,98,,99,85,81,80,71,,104,61,41,,46,40,43,84,83,78,,16,8,7,6,10,16,14,10,8,6,8,4,3,8,6,10,4,9,5,6,7,5,2,,7,7,7,3,2,5,3,,5,5,6,12,6,8,3,2,2,8,6,44,17,29,9,6,8,54,48,60,40,143,100,56,195,191,242,259,,206,267,57,93,76,123,54,92,62,82,176,164,113,49,188,53,55,145,138,124,115,118,82,122,60,84,90,55,56,44,139,128,182,103,171,104,65,119,132,81,156,243,61,37,75,53,41,,17,59,98,52,20,58,36,53,76,62,17,45,27,24,47,27,22,28,37,7,33,26,29,20,14,39,42,40,30,41,28,43,28,75,64,61,82,67,67,33,108,157,96,120,158,58,78,57,72,72,82,61,81,31,36,30,34,61,43,72,43,15,17,12,20,20,57,75,51,25,29,24,37,32,19,21,28,17,29,11,,12,9,3,20,17,18,18,,8,11,7,11,22,37,,42,15,3,4,6,9,14,10,24,37,21,31,20,11,30,122,41,102,16,19,10,14,10,7,11,7,7,25,11,9,9,7,7,14,30,6,34,24,20,,32,13,21,14,25,15,14,38,46,32,35,31,33,75,155,20,14,24,23,22,39,37,21,13,33,32,21,65,21,76,21,,185,261,127,70,4,5,6,2,8,23,4,14,94,,33,36,115,73,54,40,36,42,97,60,74,56,54,45,16,36,72,82,27,20,23,33,36,45,31,22,43,38,38,,39,17,31,39,39,26,34,,52,47,60,31,24,29,28,25,21,,,13,7,12,12,17,16,,,77,160,30,20,17,45,24,37,37,35,37,8,8,6,218,177,129,174,191,147,209,225,332,226,124,63,,36,130,173,155,,204,247,45,60,39,71,,141,356,215,,40,43,18,7,4,30,191,24,30,57,37,16,8,39,20,37,43,34,99,86,79,109,67,46,67,54,91,136,65,88,75,170,38,74,40,82,80,79,63,59,89,131,106,107,40,21,24,27,23,38,10,24,31,32,14,11,16,35,9,35,24,30,20,17,26,9,25,19,5,28,10,5,,36,54,46,38,97,35,57,25,25,30,8,34,50,23,,5,25,27,27,6,44,46,53,63,35,33,46,40,49,56,2,36,47,13,10,13,7,25,22,53,,25,36,15,82,16,14,19,16,22,40,25,31,16,23,14,29,2,2,6,5,2,7,9,6,5,,14,16,7,6,4,5,6,5,9,5,7,9,11,10,8,7,16,36,21,4,2,11,19,20,17,48,15,23,18,17,15,22,16,16,21,7,20,15,11,15,8,8,23,29,,17,17,12,14,31,10,15,12,71,74,66,80,92,75,104,72,76,84,79,41,36,37,40,71,76,34,61,,26,45,24,38,48,46,54,29,48,51,39,21,9,88,9,11,9,25,19,94,58,31,27,43,37,45,51,30,54,29,25,20,15,19,6,6,9,9,34,34,32,7,12,17,19,19,18,18,16,17,30,22,27,24,3,7,33,38,40,14,17,18,5,26,17,16,23,12,11,22,21,40,48,27,29,25,24,9,9,6,18,17,12,38,8,6,4,3,2,25,10,18,17,17,19,27,8,3,11,5,12,16,,12,15,18,22,16,7,10,18,38,18,18,11,9,6,13,17,8,24,21,13,13,14,18,18,23,9,7,31,13,12,,16,8,4,14,6,20,13,26,12,6,3,4,7,8,5,19,13,22,19,12,14,4,14,,8,16,19,19,36,11,16,5,29,17,36,42,47,56,28,15,18,14,36,14,28,,21,33,8,16,58,2,,5,4,12,35,2,16,16,28,28,31,18,4,3,7,8,14,7,6,1,8,14,5,7,7,5,7,11,5,61,42,11,23,10,7,14,21,15,21,23,86,83,73,11,34,15,26,25,79,25,19,86,34,66,42,71,65,63,54,27,10,22,221,25,42,85,15,,22,37,40,35,24,29,14,39,4,33,183,149,187,26,151,62,20,31,13,21,18,8,7,2,26,49,20,33,18,29,3,12,12,11,45,74,45,34,38,6,34,58,11,12,15,33,9,193,3
20160203,3,NO2,58,11,72,77,41,55,76,11,19,75,41,57,,100,102,94,94,105,99,,93,95,80,102,91,117,,66,94,46,78,85,76,16,90,90,68,98,87,97,72,63,57,71,66,93,100,125,101,86,112,94,97,90,153,7,9,10,15,10,42,40,73,32,38,89,94,83,102,102,94,88,74,83,66,,71,82,81,33,,18,39,39,51,30,44,74,65,40,58,64,56,71,67,46,37,57,62,,66,92,,79,81,,86,37,54,52,29,29,27,32,21,38,8,81,70,75,44,63,19,25,61,53,62,34,35,80,,106,92,78,38,87,30,75,63,17,61,44,40,106,30,54,49,44,89,103,113,87,99,67,35,101,100,35,95,113,79,96,96,97,96,45,32,38,38,,62,20,34,48,83,95,58,125,81,85,96,68,19,22,95,38,93,73,39,81,102,65,99,82,75,108,90,55,88,,47,72,82,15,41,45,50,93,60,30,104,21,42,52,30,42,30,26,63,64,58,55,11,92,22,71,70,47,80,41,25,63,60,61,41,,29,32,35,11,14,32,18,31,31,36,,37,,82,58,,30,27,17,14,12,18,26,20,19,,,55,15,10,24,157,81,114,127,124,8,83,9,21,9,6,6,11,13,8,12,13,19,20,46,33,17,129,21,50,11,42,42,11,42,34,56,41,,58,42,18,35,59,24,21,30,86,2,108,98,76,76,138,76,65,94,80,53,68,95,116,94,69,87,96,85,78,22,48,89,25,69,43,49,68,55,43,15,25,12,,6,20,24,8,16,6,20,7,18,27,26,26,10,10,35,10,20,9,15,24,45,23,25,10,15,11,17,19,10,17,6,10,13,11,20,17,23,17,16,14,15,9,5,5,10,4,11,11,7,14,12,6,,34,46,56,17,29,29,22,33,8,9,13,13,2,12,49,45,36,52,49,26,53,57,72,69,20,,55,40,62,68,21,37,51,23,31,,40,35,20,22,27,16,32,34,31,17,25,22,25,9,16,25,48,48,4,55,27,4,23,26,85,40,68,85,41,80,98,67,59,57,45,83,47,80,45,22,81,62,57,31,19,10,12,61,53,28,47,51,,96,89,104,121,90,93,60,47,57,62,,44,56,29,32,40,8,33,54,17,34,38,60,27,63,74,27,26,15,19,40,51,70,63,75,19,36,58,60,60,56,23,66,56,92,45,14,14,11,10,71,79,88,91,90,86,48,,104,86,56,,54,66,54,57,,104,76,,69,68,68,41,54,43,21,57,29,,29,35,23,49,,68,,48,57,43,30,106,,109,73,80,,40,23,27,106,95,75,,8,9,8,10,14,7,10,14,8,8,16,15,14,9,11,7,14,17,15,17,5,10,6,,6,9,8,15,12,7,24,,27,10,11,17,8,9,9,4,10,13,15,12,11,2,19,29,30,38,26,30,31,53,41,17,38,47,73,51,,93,65,25,59,33,50,16,28,79,31,86,50,,20,24,6,3,76,66,69,74,89,70,59,21,66,58,37,54,45,82,56,65,74,74,62,22,58,76,42,38,60,60,19,41,24,19,,10,46,33,50,40,28,26,47,46,59,13,19,17,20,34,28,57,111,65,92,48,72,66,64,29,27,45,40,15,21,27,17,1,72,67,82,71,51,19,52,77,80,63,89,66,31,27,39,48,71,58,70,29,70,84,67,106,68,58,54,41,43,50,50,15,26,39,110,29,19,33,54,25,85,18,41,9,16,22,1,,19,10,10,16,23,17,21,,13,9,15,16,36,5,,24,30,5,5,16,28,23,35,36,44,46,46,49,14,48,21,29,23,36,15,31,27,19,7,34,81,15,18,26,11,16,8,19,53,33,20,20,14,13,,21,16,8,49,76,73,86,43,59,28,36,25,41,36,81,33,45,60,52,66,51,59,73,24,46,64,73,18,11,19,35,,33,53,65,6,26,11,7,43,57,62,67,32,73,,17,22,94,82,34,87,140,52,85,78,71,64,21,26,42,15,69,53,13,22,26,36,17,26,94,87,49,36,58,,21,36,52,,59,61,41,,67,87,71,59,42,70,73,45,36,,,26,49,28,25,24,24,,,27,65,58,24,13,56,65,44,49,34,23,37,43,58,73,67,68,61,68,46,70,74,50,30,63,19,,18,25,78,57,,62,133,44,24,18,22,,16,75,64,,14,24,18,7,9,27,47,18,25,130,8,5,3,7,14,35,34,10,41,55,47,55,38,50,43,45,64,53,36,30,48,37,22,36,37,97,82,72,45,46,69,67,55,42,25,18,15,5,20,26,16,14,41,38,13,6,27,20,12,24,23,19,17,37,28,20,28,72,18,33,11,4,46,16,9,7,6,60,53,55,6,62,65,26,51,92,34,,8,73,47,46,20,110,52,72,49,31,39,47,53,54,50,12,91,96,41,21,10,23,77,69,33,,24,44,31,22,27,31,20,11,,51,23,54,41,72,26,97,14,6,13,11,10,11,9,10,12,2,7,8,13,10,12,12,13,8,7,19,3,3,3,9,9,7,28,37,32,18,5,29,53,19,44,13,45,15,34,30,7,3,22,10,18,30,42,29,27,27,38,21,36,36,,32,34,32,47,11,24,55,24,55,60,66,18,92,57,67,33,89,37,39,54,39,53,41,51,47,45,77,,47,54,80,22,8,21,13,70,41,45,62,24,21,30,72,5,26,21,25,15,19,19,16,40,37,64,28,27,17,8,87,68,38,34,10,11,15,14,44,22,17,15,17,39,32,64,43,40,44,9,18,29,24,33,77,45,46,36,70,18,10,22,11,17,12,11,26,15,18,31,30,37,23,29,14,59,12,1,28,4,22,18,7,4,9,12,23,9,10,12,15,38,9,5,25,8,8,19,18,10,23,11,,16,40,50,39,37,22,16,65,65,55,60,7,28,29,40,10,9,22,30,26,37,30,24,9,16,7,13,4,29,18,,11,12,42,33,39,57,8,50,23,7,4,22,33,24,12,9,28,14,19,8,8,13,14,,10,20,50,25,69,9,10,14,20,40,30,21,23,22,15,7,24,19,8,11,28,,20,102,5,16,16,2,,5,15,17,21,18,8,11,6,4,4,4,6,,19,4,6,31,40,2,9,,14,13,11,21,23,5,2,19,32,6,2,3,7,14,44,54,35,49,65,67,80,20,23,44,23,34,38,14,5,26,38,32,22,30,18,46,40,23,38,14,25,14,27,37,22,,45,27,35,46,28,6,4,8,11,1,11,75,115,17,18,39,27,29,62,52,66,26,30,4,88,117,34,9,36,40,7,67,59,34,53,9,59,27,43,21,4,30,52,53,64,28,17,37,19
20160203,3,NO2_24h,54,5,56,68,55,62,66,31,28,36,53,56,,62,61,56,63,66,67,,64,61,62,64,47,62,,61,64,48,72,64,67,20,67,70,56,77,63,75,53,55,59,64,60,87,94,103,87,95,92,91,87,95,137,13,22,23,32,15,45,49,54,38,27,60,57,52,68,99,62,74,66,73,69,,71,80,72,31,,20,38,38,47,36,45,63,51,50,56,65,46,59,62,42,64,60,59,,62,96,,81,81,,64,51,66,53,52,46,36,42,23,60,9,82,69,80,65,78,19,29,58,47,57,41,50,95,,122,104,93,50,113,51,64,68,46,70,61,66,57,59,61,57,54,62,70,86,63,86,54,32,67,89,40,66,88,71,68,62,78,72,49,47,42,39,30,51,22,31,57,62,66,47,74,66,60,56,49,16,17,62,37,71,88,48,73,73,60,78,69,52,76,68,43,62,,42,60,65,32,60,50,67,45,40,43,58,17,37,47,37,49,57,26,56,60,48,52,17,57,29,57,58,56,53,47,24,51,52,45,48,,33,45,48,21,21,37,23,44,42,51,,41,,52,39,,27,31,20,32,22,26,34,29,23,,,15,28,20,20,107,73,83,66,94,15,74,21,19,17,9,10,19,20,15,16,8,24,24,46,25,16,28,32,42,17,45,35,23,62,46,92,76,,76,55,21,44,62,42,24,21,72,4,73,77,67,60,72,50,53,64,65,40,36,71,72,59,54,69,63,66,69,17,41,56,32,32,51,40,55,41,38,16,38,31,,18,24,28,12,42,7,30,16,31,37,33,35,11,17,44,14,22,14,18,22,42,18,32,18,25,14,28,30,13,21,6,32,23,17,23,16,28,10,16,19,16,15,13,17,16,10,14,16,9,19,20,10,,22,24,45,17,13,18,23,26,7,13,8,16,6,30,53,47,56,45,50,36,43,38,66,51,41,,64,46,49,49,53,52,52,49,55,,67,40,16,27,19,15,23,32,30,18,32,31,27,10,19,31,50,42,7,43,34,10,21,26,73,61,65,80,29,76,56,76,53,65,33,76,44,68,80,25,64,57,57,41,52,13,23,53,38,41,39,45,,87,78,105,109,91,49,45,42,48,51,,46,42,36,41,39,12,23,38,27,51,53,53,42,56,57,48,39,20,29,44,57,50,56,41,38,42,41,57,68,55,35,34,57,80,50,19,23,19,12,68,68,86,73,77,67,42,,65,64,54,,74,54,42,43,,85,65,,60,58,55,52,49,45,35,48,61,,36,44,53,49,,70,,55,54,65,52,81,,89,67,68,,39,34,44,65,68,59,,15,12,12,8,17,15,21,19,14,12,19,16,14,9,14,7,15,18,17,18,6,17,9,,9,9,8,17,15,12,19,,24,13,20,16,10,11,14,7,12,16,17,22,20,18,13,22,19,52,40,49,26,52,44,27,37,42,63,44,,93,58,24,58,36,61,14,28,63,26,72,53,39,13,47,24,18,61,55,58,65,76,54,63,37,66,62,53,60,44,71,68,61,54,79,77,40,49,62,48,52,68,52,40,54,47,40,,10,40,57,36,31,18,28,45,40,60,14,32,43,27,48,41,48,82,50,56,54,57,52,51,31,35,39,43,17,24,28,16,4,62,54,60,73,46,6,37,67,77,55,74,70,61,52,64,63,60,48,54,35,49,55,50,35,61,46,53,40,39,45,44,18,38,60,69,41,15,33,45,22,28,18,46,22,26,35,2,,26,12,12,12,27,14,22,,13,10,15,11,28,33,,27,20,16,12,26,49,39,44,40,28,41,43,35,19,39,38,25,31,32,27,35,44,20,19,31,72,16,33,43,18,32,19,28,58,36,32,29,21,19,,31,28,20,56,61,67,79,42,59,41,33,28,42,38,79,27,37,49,49,56,50,48,56,35,52,57,50,29,10,26,50,,22,54,35,19,38,18,10,46,31,52,53,33,71,,34,42,67,58,48,65,106,45,69,50,72,45,47,49,48,16,63,49,21,24,34,40,17,30,40,53,39,54,64,,41,64,71,81,58,46,40,,59,77,65,56,42,70,64,38,32,,,26,57,38,25,23,31,,,44,48,39,37,22,42,49,43,53,35,25,28,29,33,66,59,55,51,53,36,53,57,48,35,48,23,,20,28,73,53,,60,117,38,16,15,25,,17,75,61,,33,44,28,19,15,30,58,28,39,65,32,20,15,10,13,32,36,13,38,37,23,41,31,41,52,41,55,60,46,43,57,39,25,31,33,67,55,54,46,47,64,67,47,50,27,17,25,16,35,43,18,10,50,36,11,10,24,23,15,21,24,30,14,40,35,22,35,36,22,38,7,14,34,12,33,19,10,56,35,41,14,35,47,19,56,49,48,,16,51,43,37,22,90,70,64,55,43,42,54,51,52,56,15,76,50,41,23,13,32,71,68,40,,35,57,39,16,39,22,25,17,50,34,31,55,24,59,34,66,25,9,18,11,11,12,12,13,11,3,15,12,14,9,14,14,14,11,10,16,7,7,11,14,17,10,16,32,24,14,6,15,18,22,29,24,26,11,25,25,8,9,27,16,23,21,24,22,25,17,32,18,31,30,,25,24,21,29,11,16,31,17,86,66,67,33,68,61,54,57,100,63,53,57,49,54,48,28,44,49,55,,37,42,57,37,26,47,39,54,39,47,32,18,30,35,36,7,30,29,31,33,42,40,23,49,40,44,44,46,48,22,58,41,45,46,18,22,23,25,48,23,28,20,21,30,28,50,28,39,38,12,22,20,27,23,41,50,32,52,56,20,19,31,21,26,11,11,24,12,16,13,20,19,20,17,18,42,13,11,27,6,24,22,12,10,16,20,23,10,11,16,12,29,9,7,19,12,9,20,20,7,18,14,,11,27,31,21,27,11,12,52,65,52,67,6,33,26,42,26,21,32,46,36,43,41,39,9,32,17,29,10,36,29,,19,26,47,43,45,63,7,42,42,18,14,40,46,37,13,13,27,18,21,8,14,16,27,,11,21,29,31,50,15,22,23,30,20,32,21,24,22,18,10,33,20,15,18,34,,20,59,14,16,21,6,3,15,15,23,12,18,16,22,20,17,22,11,12,,21,11,21,25,29,2,10,6,21,25,20,17,21,11,6,18,43,9,17,4,7,19,50,54,45,42,67,63,62,21,31,31,32,26,39,23,6,39,48,44,46,38,31,52,50,38,50,18,28,21,31,44,23,,41,34,28,43,17,8,12,15,12,9,41,52,94,18,34,35,25,36,40,50,52,15,14,3,75,101,25,11,31,40,13,50,43,40,34,20,56,46,34,28,13,45,67,67,66,22,21,33,36
20160203,3,O3,11,57,3,2,43,16,2,30,19,9,41,8,,3,2,8,9,3,4,,6,4,,7,2,3,,,5,5,1,2,9,82,12,5,8,14,4,7,8,12,3,6,10,6,35,26,59,16,4,13,21,7,3,65,73,71,72,52,37,24,11,38,49,4,11,11,5,9,6,4,28,21,26,,6,10,12,2,,28,1,4,3,3,5,2,7,5,4,6,3,6,4,22,41,5,4,,6,6,,7,9,,6,47,30,19,27,57,51,51,58,55,100,12,36,5,33,29,68,60,8,16,44,36,39,22,,1,6,2,19,21,56,20,22,81,43,51,85,27,74,46,60,43,5,5,9,4,6,12,75,2,29,29,3,9,2,4,5,5,5,25,70,50,41,30,15,53,39,44,34,32,25,9,16,15,8,15,12,17,20,39,12,6,29,9,5,23,3,8,8,4,9,74,8,,4,20,14,60,55,31,48,4,11,66,3,35,41,33,54,65,75,63,29,32,23,23,78,4,43,9,8,19,24,30,23,39,23,29,61,,58,70,60,67,68,48,65,35,41,33,,30,,8,35,,52,63,77,98,109,75,36,57,41,,,20,58,59,28,3,4,2,5,3,3,21,10,7,26,73,78,72,33,62,85,24,16,42,37,95,71,,102,55,48,59,73,76,50,74,51,76,,57,67,86,57,42,36,45,58,24,28,21,9,14,,,16,20,20,,12,8,1,1,7,69,5,23,12,4,52,7,,23,1,3,8,10,3,4,41,48,54,,57,44,44,63,58,41,63,61,44,33,46,38,60,42,57,65,56,50,42,45,22,44,34,56,59,48,39,37,41,44,48,33,41,33,29,30,35,40,35,54,34,55,53,51,51,52,54,39,39,51,45,48,,26,9,3,40,38,5,40,9,40,29,58,27,43,68,6,3,26,5,21,32,3,3,3,2,38,,15,2,6,15,56,35,26,42,45,,41,43,46,63,47,109,53,43,50,76,40,23,34,61,16,22,7,3,48,8,41,53,34,35,12,44,12,15,11,9,6,12,15,21,14,3,11,8,40,71,4,4,40,29,58,48,60,7,22,46,26,48,,2,2,3,5,12,3,7,6,7,9,,12,7,36,27,15,93,21,5,23,29,31,7,28,8,7,139,59,41,32,51,13,7,13,2,21,44,4,7,34,27,66,11,15,36,9,52,45,15,43,1,2,3,7,10,17,4,,3,1,32,,30,7,9,8,,4,13,,7,13,19,51,9,67,67,18,66,,35,21,56,23,,14,,24,54,44,55,5,,6,5,7,,58,66,62,9,10,8,,76,66,75,73,68,22,26,19,21,26,17,27,29,27,35,17,31,20,24,24,29,24,35,,36,38,37,57,55,56,33,,26,61,57,59,36,26,17,16,19,12,18,19,8,38,25,7,9,55,87,116,9,8,20,47,11,8,10,17,,25,6,10,7,7,42,4,9,2,7,12,3,4,23,24,32,90,2,11,10,6,4,2,20,41,4,6,38,6,23,9,14,5,5,5,9,44,12,21,30,29,30,28,84,36,69,95,,112,15,23,4,7,17,14,12,14,18,103,61,51,58,27,51,24,18,70,27,2,2,4,28,7,11,3,10,12,13,34,31,66,9,,23,12,8,12,21,6,14,10,9,4,46,65,96,63,7,8,2,57,13,6,10,5,5,6,16,,12,16,10,23,27,84,7,76,3,28,21,11,4,44,69,42,26,36,17,,40,18,,62,97,88,84,,49,70,54,38,16,70,,44,42,57,58,40,37,20,28,15,8,16,30,12,18,7,24,4,15,16,38,21,29,13,5,4,30,49,40,27,19,13,6,6,6,15,24,52,70,58,,64,40,34,16,9,8,9,28,10,70,47,54,6,7,2,81,13,10,10,19,16,19,5,43,3,24,15,61,81,58,47,,12,28,3,34,97,88,39,25,12,14,15,33,7,,77,60,3,17,65,12,64,52,9,2,18,22,73,60,2,25,16,8,33,58,50,32,16,21,12,3,31,45,35,,42,,28,,32,23,11,,24,17,27,14,57,23,22,12,48,,,104,86,30,43,36,57,,,39,5,8,55,84,16,6,43,62,19,61,20,8,15,34,12,11,10,13,30,5,4,14,8,6,3,,6,5,12,16,,32,6,14,14,2,12,,15,15,1,,47,30,58,69,76,40,24,34,45,5,83,86,85,79,69,37,47,74,2,,20,7,10,14,9,30,7,8,16,28,34,29,27,,19,17,17,4,4,7,2,4,21,18,54,50,42,51,60,40,37,59,28,47,86,80,75,37,66,48,72,78,93,38,47,11,65,13,89,36,81,32,16,59,42,61,64,37,39,1,36,49,15,47,73,1,68,,49,16,47,44,60,1,71,48,47,7,24,13,51,23,19,21,9,10,179,34,75,14,16,25,22,,32,67,6,140,21,44,54,11,,32,12,,2,80,49,44,57,41,61,69,43,28,41,35,32,55,49,61,12,33,45,42,37,39,56,49,71,51,75,72,46,33,2,,2,3,28,5,5,16,3,21,11,38,13,16,47,66,62,73,60,15,29,37,23,22,7,13,17,10,,6,8,13,4,48,56,46,47,16,18,15,26,2,26,2,58,58,56,46,42,29,44,56,51,52,79,16,,5,22,17,68,95,72,92,27,63,46,,14,37,18,9,88,14,22,40,80,39,63,58,50,38,15,92,82,55,80,2,1,35,54,38,31,14,47,36,30,50,12,8,13,17,2,3,16,14,25,42,21,39,39,17,53,33,29,17,37,45,53,64,33,61,61,40,69,57,32,7,10,18,19,58,55,52,58,25,24,5,5,64,55,47,54,63,63,35,51,67,58,70,51,21,69,49,47,37,17,12,50,,15,3,10,3,6,36,41,6,6,4,6,11,17,6,20,36,37,30,33,48,53,47,49,64,45,43,50,58,43,39,,24,5,10,5,19,11,23,2,117,5,53,17,2,2,27,32,19,31,29,34,47,45,18,,49,24,6,28,2,72,12,7,84,194,53,47,51,42,54,55,34,36,33,67,52,,82,25,68,55,82,80,44,91,20,29,25,42,49,52,42,39,47,50,49,,18,75,58,5,1,22,3,60,52,25,43,32,42,85,56,8,7,10,51,84,75,31,8,7,8,2,1,,3,32,34,10,34,33,18,43,38,46,43,36,46,48,65,34,41,58,44,50,34,55,30,33,43,,10,30,26,22,64,67,66,47,9,4,44,2,7,25,59,24,19,19,2,22,10,17,15,84,12,63,53,15,41,61,54,4,8,10,7,18,37,56,34,45,89,45,47,42,39,10,25,42,60
20160203,3,O3_24h,52,89,62,55,69,52,65,78,52,68,77,69,,52,48,91,69,66,71,,63,69,39,69,45,88,,68,86,80,68,68,71,97,88,86,86,89,100,85,36,91,40,87,34,83,86,73,125,102,76,83,69,75,65,92,90,84,91,77,80,84,79,86,86,61,70,67,55,82,82,84,96,101,77,,70,46,71,38,,52,58,44,38,27,80,62,72,65,72,60,39,68,60,84,55,67,77,,64,51,,62,55,,103,86,75,74,60,86,93,84,95,85,139,74,86,37,73,68,101,116,52,91,110,43,81,43,,24,27,56,53,63,92,46,76,88,79,84,102,87,89,90,100,90,119,102,131,127,105,144,123,114,57,90,89,89,60,91,92,90,89,100,101,87,107,55,99,107,70,105,118,112,90,91,43,107,108,102,105,110,136,93,102,59,95,89,88,125,64,63,89,92,81,123,86,,79,119,125,95,93,95,115,132,64,99,104,93,104,97,105,106,125,102,71,89,102,105,128,93,106,66,100,115,127,106,100,103,98,113,103,,123,102,99,68,69,70,68,90,91,67,,104,,105,127,,86,88,90,115,123,91,75,95,96,,,160,95,100,91,103,81,54,96,93,112,92,105,100,116,73,78,77,41,73,89,53,28,66,91,140,115,139,120,87,127,120,113,84,79,87,63,93,,86,92,91,92,83,58,92,116,77,53,93,100,66,134,74,72,221,77,36,124,125,107,92,105,156,106,99,146,81,110,75,115,93,107,81,105,99,79,105,104,49,54,,105,73,67,73,58,72,66,79,53,45,59,38,92,49,60,65,71,67,53,62,41,47,53,62,66,56,48,46,50,52,61,95,47,43,43,44,49,50,53,62,44,58,53,51,59,58,62,47,49,54,46,52,,60,64,29,57,69,68,67,68,64,52,58,39,53,83,55,33,55,62,55,70,40,61,27,62,61,,32,25,60,86,74,95,100,91,89,,99,85,75,82,73,125,109,54,74,104,55,47,48,78,47,50,40,39,100,95,100,153,79,81,70,82,76,50,75,62,102,64,48,42,103,59,82,77,95,104,81,81,86,45,72,102,61,57,82,123,105,103,,17,17,22,25,38,22,94,74,146,86,,39,76,78,57,54,108,53,45,71,71,57,84,54,75,94,139,88,73,96,93,97,109,99,77,47,104,81,79,91,105,108,37,86,119,81,61,51,63,55,36,58,23,93,70,110,94,,77,78,77,,58,50,36,60,,101,75,,40,79,74,101,104,100,99,74,66,,89,76,65,107,,102,,71,106,85,97,75,,109,92,80,,72,84,82,109,92,98,,76,76,75,81,74,46,54,77,44,52,52,42,46,45,50,33,49,40,43,38,41,29,40,,43,48,43,65,60,58,51,,33,66,65,66,54,47,27,39,33,35,51,23,10,38,52,29,44,92,126,171,91,65,49,81,46,53,73,80,,90,88,62,58,69,88,59,38,59,58,85,84,52,36,29,38,99,83,77,38,66,64,45,58,57,72,52,70,41,60,74,41,48,43,28,104,88,91,85,102,97,92,106,92,119,108,122,,135,86,53,53,72,77,74,65,90,82,148,104,70,88,33,85,109,77,84,35,87,89,110,55,30,72,43,71,46,103,97,112,89,80,30,83,77,74,58,74,76,62,76,50,49,52,77,122,98,73,106,83,83,105,111,105,112,84,63,82,94,112,98,78,90,81,133,90,118,89,77,92,102,109,101,120,110,75,78,25,,112,100,,71,109,102,94,,53,83,62,75,72,90,,88,78,69,65,90,84,46,82,43,32,40,68,67,66,87,51,71,80,100,79,75,59,116,21,23,47,102,510,283,247,19,22,23,20,45,34,64,82,83,,76,51,37,57,95,70,63,99,96,125,115,129,84,81,71,121,73,90,69,104,81,115,115,80,29,77,84,82,101,80,76,,106,84,90,97,99,88,43,102,48,55,57,77,77,,91,73,64,67,102,106,124,140,105,73,101,112,73,61,37,100,81,62,56,84,108,78,59,83,101,57,64,84,92,,75,,84,48,97,68,47,,91,95,102,92,155,72,72,90,91,,,123,122,62,91,109,115,,,57,50,84,125,124,128,102,75,104,28,99,62,48,63,65,116,86,64,68,40,87,81,78,81,86,17,,44,56,58,43,,130,46,87,117,134,47,,32,74,69,,79,71,94,69,78,75,79,58,85,53,83,86,89,96,93,77,104,96,50,92,52,59,78,84,87,105,91,118,50,62,108,70,68,47,38,81,57,68,64,89,55,65,101,54,80,63,73,83,110,85,95,81,70,80,100,84,80,74,89,60,81,79,107,70,92,59,103,99,108,74,96,32,83,112,51,76,76,82,156,45,66,106,24,73,137,136,134,,115,78,114,86,110,77,128,154,59,29,75,25,99,77,52,23,31,32,179,76,207,30,57,72,61,,59,132,40,197,24,68,88,25,128,74,45,27,37,122,69,82,69,53,69,74,56,61,60,53,62,78,62,74,34,47,53,51,52,70,74,69,104,66,87,98,97,66,45,45,53,24,96,86,88,117,102,75,65,76,66,69,82,80,78,84,83,69,138,110,78,63,53,58,65,63,,58,60,66,63,77,114,110,95,58,50,54,75,74,89,51,68,72,63,67,88,49,112,105,121,115,141,118,,106,113,127,107,119,99,114,108,113,93,94,123,120,43,94,111,61,76,101,102,55,87,80,112,110,84,119,123,68,119,119,92,92,122,97,115,108,112,104,233,92,49,34,96,88,66,87,80,66,105,84,114,99,99,133,107,126,106,123,163,54,58,69,33,114,131,84,128,125,109,137,105,114,108,129,124,396,131,115,81,82,106,73,133,53,54,65,63,51,65,74,84,73,61,32,72,63,62,49,63,72,52,,88,79,108,83,70,70,62,49,51,64,45,31,50,20,53,95,91,73,76,61,69,71,64,126,95,94,95,82,68,76,,39,79,53,27,81,80,46,20,124,19,60,29,24,30,75,120,84,83,89,59,106,88,57,,85,65,63,65,76,103,39,23,107,258,66,60,61,55,114,121,59,63,37,69,88,,112,166,107,83,99,80,49,110,94,107,90,127,83,88,47,53,52,84,83,46,103,83,66,110,124,47,33,71,60,86,96,61,87,90,88,27,47,11,55,85,78,64,58,79,58,84,94,76,96,72,107,100,110,101,33,71,47,61,69,82,86,98,116,88,115,97,73,69,71,71,85,73,81,,38,109,82,75,106,90,102,111,32,5,79,56,70,44,74,50,44,43,93,53,59,43,42,116,30,95,94,30,67,86,71,79,48,53,62,69,64,62,91,103,93,67,62,59,80,35,42,84,65
20160203,3,O3_8h,9,75,8,2,21,5,2,23,13,44,19,12,,3,4,12,7,4,5,,6,4,,8,4,24,,4,16,7,4,5,16,84,17,6,11,16,10,10,16,13,4,9,12,7,29,22,58,12,6,8,22,5,4,64,65,64,58,54,26,10,11,45,58,10,18,20,7,14,6,8,27,26,19,,6,12,16,1,,20,7,5,4,3,5,6,9,7,3,7,4,7,4,17,21,9,4,,12,7,,6,12,,7,37,22,24,14,42,41,43,56,30,112,12,32,4,15,19,69,49,9,13,33,38,41,30,,2,5,,14,20,58,28,26,63,44,41,66,49,59,51,51,39,11,12,13,6,6,13,95,8,29,40,6,13,3,9,14,7,8,19,62,52,69,25,34,51,48,54,40,29,18,28,14,23,10,15,12,20,30,41,17,6,29,5,7,26,5,9,20,15,14,47,17,,3,24,31,40,13,12,29,16,11,47,13,28,48,35,50,50,57,57,33,26,29,16,87,19,39,7,10,11,21,27,36,29,18,37,43,,62,43,30,66,64,36,64,34,30,26,,17,,35,66,,56,60,75,55,94,49,46,61,56,,,63,57,59,29,7,8,6,14,12,4,22,20,43,37,69,73,63,34,55,81,32,14,40,26,88,77,68,74,45,55,42,56,74,26,57,23,29,,44,46,78,38,56,46,51,86,32,16,27,36,18,38,27,41,44,56,7,32,30,2,7,10,57,14,22,12,6,77,24,28,19,44,17,28,38,18,13,53,32,39,,45,44,43,59,37,50,56,60,46,39,45,29,76,43,55,60,59,59,44,55,20,41,31,49,50,41,31,27,42,43,48,25,34,30,26,32,33,43,36,47,37,48,46,38,49,48,52,38,42,46,42,45,,31,28,2,40,48,16,42,18,53,38,53,32,48,68,4,3,16,4,17,19,3,12,3,2,25,,8,3,5,8,33,40,34,37,47,,41,67,57,56,57,115,62,38,48,74,31,10,14,72,18,10,9,5,45,22,33,70,37,34,11,32,11,12,13,10,17,14,16,16,24,4,9,13,20,77,13,17,53,30,63,63,58,18,34,45,44,55,,2,2,3,4,5,8,15,12,10,19,,10,9,30,18,13,98,32,8,27,15,25,8,21,6,14,38,28,44,36,23,15,19,13,34,13,40,22,8,25,32,66,27,30,58,12,47,37,14,41,3,3,3,9,11,28,9,,10,6,37,,26,8,11,9,,6,11,,7,11,25,44,25,62,50,17,48,,31,18,31,23,,14,,14,42,29,48,8,,11,6,8,,49,55,40,14,34,13,,68,67,66,68,57,22,28,37,25,34,19,28,32,29,36,18,34,22,23,23,27,23,35,,36,40,37,54,51,52,26,,16,64,52,63,38,28,18,15,19,11,22,8,6,18,33,10,17,56,85,103,12,10,21,46,13,12,11,17,,25,10,13,10,11,30,8,11,3,8,11,4,7,27,24,29,66,5,23,14,10,5,3,13,42,6,7,23,5,30,12,17,8,15,6,12,48,22,31,32,26,34,26,57,20,48,67,,110,33,22,33,34,50,7,7,18,23,104,58,51,60,26,49,24,16,74,23,4,6,20,23,11,7,4,10,20,28,43,58,85,16,9,32,13,9,38,40,15,15,10,14,4,33,51,78,63,19,16,7,63,29,30,30,61,5,10,19,5,36,44,30,42,30,43,19,58,7,21,27,17,54,57,68,62,27,36,17,,46,24,,67,92,91,81,,49,72,56,57,17,62,,39,30,59,59,49,31,22,33,22,19,22,37,22,29,17,28,15,23,43,41,27,26,22,7,7,21,67,45,31,23,12,7,8,10,14,28,50,68,61,,56,26,24,16,15,14,16,19,11,47,45,54,5,9,4,89,27,26,16,30,21,29,24,37,4,23,19,59,75,55,52,,35,25,10,22,96,84,39,48,30,16,12,40,7,,59,47,4,27,45,19,60,41,16,8,22,16,51,55,2,21,10,4,20,58,20,16,11,11,67,13,36,28,24,,34,,21,19,34,25,16,,26,22,39,7,66,12,15,32,52,,,104,87,29,59,39,57,,,37,16,13,45,76,21,12,46,71,20,67,24,17,22,40,18,20,16,21,32,6,7,15,8,7,2,,5,4,16,17,,32,9,14,25,4,5,,15,17,4,,35,17,59,64,72,24,20,13,54,10,46,59,72,74,69,37,44,74,7,10,25,14,10,29,3,40,11,6,10,20,14,37,18,4,24,21,31,4,6,11,2,11,17,15,57,52,40,54,52,15,40,70,25,36,85,74,66,23,65,48,76,76,98,48,50,23,64,39,85,50,85,17,28,76,32,40,55,43,61,1,30,31,16,56,84,20,23,,54,25,68,58,63,6,71,65,47,10,34,13,70,30,18,20,8,12,115,35,83,14,17,27,15,,26,62,10,140,20,46,62,14,15,42,14,,10,84,52,42,46,36,61,72,39,29,29,37,24,67,35,49,10,37,48,46,42,47,58,50,76,32,50,53,43,34,9,5,10,4,51,37,34,51,37,34,36,52,31,28,58,69,67,76,68,36,66,60,31,30,8,24,21,15,,23,15,27,11,56,76,61,62,13,19,27,26,2,24,8,53,50,46,44,48,31,58,58,76,72,88,23,,14,28,26,56,85,60,64,51,81,64,25,56,44,13,37,88,17,37,55,80,38,52,57,30,42,34,76,69,44,77,8,8,17,45,32,20,12,41,58,39,59,24,13,22,31,22,35,28,25,47,56,60,57,65,54,33,59,24,19,36,45,55,65,31,79,83,55,87,79,59,19,32,31,34,74,76,77,82,56,24,16,20,65,76,50,53,58,55,45,56,67,63,70,54,27,69,54,47,33,29,33,49,,24,12,22,16,24,53,47,8,6,4,11,16,22,10,22,39,40,34,32,27,17,11,24,78,48,47,48,60,42,42,,24,8,9,7,20,16,28,2,105,7,49,6,4,3,43,34,25,34,33,38,39,47,21,,50,30,20,30,10,68,18,8,81,170,49,46,50,40,63,59,34,41,33,66,49,,73,79,71,54,73,76,47,93,34,37,36,57,61,65,38,33,43,54,52,9,24,75,57,18,34,35,11,59,47,19,38,37,50,85,80,7,10,7,53,83,75,21,13,14,8,4,3,1,6,46,33,19,22,53,22,48,36,50,46,35,26,46,59,20,25,60,46,60,25,56,33,34,60,,11,38,38,45,66,60,51,51,12,4,31,15,14,26,54,23,29,22,44,18,20,25,24,88,16,60,71,17,45,61,54,22,16,12,20,25,41,52,68,54,84,33,30,22,24,15,22,52,42
20160203,3,O3_8h_24h,48,83,53,49,61,41,51,72,46,59,64,55,,48,44,83,63,58,61,,56,58,32,60,39,84,,56,72,64,62,59,60,88,70,66,64,59,76,59,32,76,30,64,28,42,52,43,95,68,56,62,52,54,43,85,78,73,76,69,72,68,70,72,80,54,64,57,49,64,67,68,82,76,62,,51,36,59,32,,47,37,32,31,20,50,44,63,50,55,41,37,57,47,71,41,51,55,,55,33,,34,35,,80,70,54,60,40,67,78,66,80,58,127,54,68,28,55,53,90,103,43,75,92,41,59,30,,16,18,36,40,40,85,40,57,76,63,73,88,81,72,79,85,75,94,82,108,96,74,99,114,77,52,75,76,77,52,76,80,72,66,74,81,74,78,50,88,93,58,88,96,98,72,82,37,79,93,86,88,92,113,83,80,59,83,68,70,83,46,50,73,77,68,96,68,,59,75,97,80,74,76,94,112,55,84,84,78,88,80,89,91,100,83,60,66,88,82,119,81,86,56,87,98,110,93,89,90,82,95,90,,105,88,85,66,64,56,64,76,77,57,,93,,92,111,,73,77,84,100,105,80,69,88,85,,,109,80,88,81,83,58,47,87,77,88,82,84,87,100,74,82,73,38,68,90,52,22,56,76,131,106,125,108,72,115,107,98,77,62,74,48,76,,75,78,85,81,72,53,78,108,68,43,79,84,40,70,58,65,101,68,24,104,102,70,70,77,129,79,85,105,75,100,67,103,81,94,64,92,85,68,96,96,43,43,,57,61,57,68,41,68,62,74,46,39,49,34,81,44,55,60,65,64,48,58,35,42,45,56,60,48,46,43,45,44,53,42,45,36,40,37,35,47,41,52,38,52,46,42,53,52,56,41,45,46,42,46,,56,60,26,55,67,63,64,61,57,46,53,34,48,68,38,17,34,39,42,46,23,48,18,50,40,,19,16,50,56,58,69,78,69,66,,71,78,67,71,69,118,98,52,63,95,47,28,32,74,35,34,23,22,90,84,90,93,72,76,51,64,62,34,56,40,82,47,41,36,79,42,65,47,69,96,63,48,54,35,63,86,58,48,63,105,94,88,,9,12,16,18,25,18,87,65,98,75,,32,62,66,48,45,104,49,42,66,52,46,67,43,58,77,38,76,61,77,84,71,92,80,72,34,86,68,59,72,83,95,34,72,107,66,64,50,56,59,29,44,19,75,55,84,76,,58,59,65,,46,37,33,53,,79,64,,33,67,60,73,87,90,89,58,48,,52,60,55,87,,79,,54,87,66,80,53,,74,78,66,,67,82,77,53,71,84,,68,67,66,77,66,35,39,59,36,45,39,36,40,39,42,29,44,34,38,34,37,26,35,,40,44,41,58,55,54,35,,27,64,58,64,48,40,24,31,26,26,41,18,8,29,44,21,28,79,111,141,80,49,42,58,40,44,58,64,,79,68,46,41,54,77,45,30,48,51,75,66,47,32,24,34,85,60,56,34,49,47,35,40,60,48,40,59,31,52,50,31,34,33,21,30,69,71,75,82,70,65,89,78,94,88,107,,129,66,40,46,62,69,62,52,43,59,134,82,57,84,30,66,89,67,82,29,69,72,84,39,24,66,38,64,37,92,85,102,87,64,26,68,59,60,50,66,63,46,61,41,38,38,59,98,79,56,81,65,75,84,97,88,104,63,54,66,79,100,84,69,84,72,120,82,108,75,72,80,90,101,93,105,96,64,67,19,,96,87,,69,103,99,90,,50,78,60,71,66,78,,80,72,59,59,78,64,37,52,36,28,35,55,51,64,61,44,56,61,83,64,59,43,61,17,18,37,91,126,84,67,24,18,18,17,34,39,58,72,71,,64,32,29,48,80,61,36,84,80,107,102,112,67,59,46,114,62,79,60,90,60,101,99,66,18,58,69,73,93,73,72,,89,66,79,82,96,84,40,80,43,42,46,64,63,,83,67,53,61,95,92,110,117,80,59,82,96,59,58,27,87,67,49,46,77,91,66,52,74,91,50,59,65,76,,58,,63,46,73,45,39,,70,71,78,73,132,55,58,74,75,,,116,108,53,84,97,106,,,51,41,66,105,109,106,83,66,92,25,85,53,47,54,59,82,69,54,55,36,74,68,63,61,71,12,,29,42,48,36,,101,37,71,100,115,32,,28,58,58,,68,53,86,66,76,66,62,47,70,39,75,79,86,91,92,72,96,90,44,73,46,46,69,69,68,82,75,85,36,46,80,58,59,38,35,68,46,54,52,69,35,42,77,40,66,58,62,74,94,76,86,77,65,74,95,81,74,68,86,57,76,76,98,58,70,53,88,88,97,56,91,17,67,106,44,73,70,68,89,36,61,71,21,57,113,113,113,,95,64,102,78,98,57,108,125,54,25,60,20,89,67,35,20,21,25,118,70,136,24,48,64,53,,51,103,32,197,23,62,77,20,45,64,30,27,31,117,65,81,72,53,74,72,55,57,59,54,59,76,52,70,33,43,48,46,43,66,70,66,98,56,68,83,77,54,37,35,42,18,89,76,80,104,92,66,55,69,57,58,77,76,72,81,79,61,122,96,69,55,44,51,59,54,,65,66,68,64,68,105,97,86,46,42,43,53,49,64,35,60,61,52,57,72,39,95,91,109,102,123,101,,91,96,114,90,99,80,94,96,104,87,78,108,96,36,83,101,51,66,93,89,47,68,68,99,92,73,105,107,60,105,105,82,82,108,85,99,87,98,88,78,84,42,26,87,76,55,76,67,60,97,78,106,91,91,120,96,113,92,106,163,51,55,65,31,105,113,75,114,109,95,102,96,105,100,123,118,300,125,110,81,67,92,68,87,50,53,58,56,48,58,70,75,72,56,30,69,60,57,46,61,69,49,,82,73,100,77,63,67,59,63,24,33,38,28,37,14,41,68,66,55,60,40,39,38,35,106,67,66,63,70,54,58,,32,50,32,20,60,56,40,15,108,16,57,20,16,22,68,79,70,71,74,55,84,82,37,,77,63,61,61,64,97,25,18,102,170,58,55,56,48,96,98,56,61,33,66,83,,104,156,102,77,97,76,47,99,84,99,74,119,76,79,38,37,43,68,72,38,90,80,61,85,97,43,27,63,48,76,86,53,74,87,84,25,44,8,53,83,75,55,44,58,44,73,73,64,74,67,78,78,94,92,29,60,44,52,58,66,70,88,100,58,82,90,68,60,57,65,72,60,78,,31,96,73,58,101,84,91,102,24,4,61,43,50,40,66,43,41,38,87,46,50,38,38,109,24,79,83,29,60,74,62,63,40,45,53,54,51,62,77,80,92,54,47,48,67,30,41,76,57
20160203,3,CO,0.9,0.6,0.9,1,0.8,0.9,3.5,0.4,1.2,1.8,0.8,2.9,,3.172,3.772,3.531,2.743,2.958,4.176,,2.135,5.511,1.552,2.799,1.609,3.118,,2.219,3.988,2.43,1.728,2.484,1.801,0.681,3.331,3.02,2.14,2.057,2.628,2.383,4.504,5.175,2.745,2.624,2.863,6.389,6.06,8.365,6.921,3.286,3.024,3.204,3.404,3.872,7.445,0.73,0.715,0.46,0.672,0.487,0.824,1.299,1.578,1.153,0.637,3.796,2.665,3.093,2.806,6.117,8.065,5.69,2.973,3.186,2.936,,2.77,4.764,3.317,1.55,,1.296,2.773,3.885,3.754,3.555,3.099,2.681,1.814,3.045,0.871,4.947,3.457,1.678,1.29,1.291,1.08,2.821,2.996,,2.359,2.772,,2.516,2.963,,2.884,1.186,1.396,1.894,2.212,1.569,2.035,2.174,0.788,0.789,0.435,1.651,1.233,1.425,1.316,1.411,1.062,1.733,1.81,1.56,0.981,1.899,0.808,2.814,,2.105,0.66,1.581,0.896,1.951,2.204,1.579,0.76,1.14,0.695,1.144,0.556,1.356,0.933,0.721,1.217,0.614,2.022,1.753,3.327,1.81,2.366,1.953,1.361,1.526,1.823,1.316,1.833,1.462,2.165,1.996,1.558,1.536,1.489,1.318,0.749,0.646,0.386,0.7,1.859,1.754,1.018,1.144,1.989,2.019,1.381,1.816,1.788,2.391,1.519,3.247,1.846,2.112,3.22,1.2,1.82,2.061,1.99,2.37,1.417,2.079,1.844,2.291,2.192,1.845,1.738,1.492,1.786,,1.183,1.337,1.546,1.039,1.364,1.856,0.823,1.595,1.546,1.056,2.267,1.331,0.786,0.978,0.737,0.727,2.243,2.215,2.393,2.823,1.108,0.727,0.687,1.177,1.202,1.308,1.006,0.945,1.174,1.226,0.872,1.475,0.853,1.098,0.989,,0.882,1.03,0.719,0.849,1.042,1.206,0.895,0.928,0.75,1.088,,1.141,,1.193,1.381,,0.725,0.585,0.972,1.22,1.067,0.953,0.925,0.756,0.81,,,1.091,0.751,0.88,0.847,1.189,1.551,1.676,1.27,2.51,1.522,3.367,1.987,1.268,1.405,0.37,0.693,0.568,0.767,0.967,0.85,0.767,0.654,0.675,3.289,1.835,0.889,,1,1.13,0.832,0.791,3.337,1.028,1.537,1.177,0.94,0.984,,1.215,1.668,0.552,1.269,1.215,1.414,1.645,1.553,2.057,1.071,1.783,1.975,1.82,1.574,1.463,1.376,1.394,1.525,2.037,1.996,0.992,1.336,1.556,1.615,1.124,1.45,1.769,1.2,2.6,0.653,1.396,2.843,1.057,2.019,1.434,1.432,1.995,2.143,1.64,1.347,0.569,0.907,,0.712,0.824,0.702,0.634,0.779,0.875,0.658,1.104,1.086,0.985,1.301,0.724,1.19,0.941,1.301,1.007,1.267,1.115,1.026,0.873,0.982,0.925,0.884,0.585,0.543,1.003,0.867,0.895,0.865,0.931,1.353,0.995,1.027,1.001,0.883,0.736,0.816,1.229,1.113,0.822,0.908,0.936,0.857,0.874,1.065,0.934,0.812,0.961,0.865,1.24,0.995,1.107,,1.341,1.372,1.241,1.329,1.406,1.236,1.362,1.565,0.779,0.886,0.965,1.045,1.017,0.896,1.387,1.422,1.094,1.276,1.377,1.034,1.214,1.62,1.179,1.155,1.008,,1.537,1.728,1.365,1.103,1.038,1.422,1.403,1.277,1.501,,1.749,1.275,0.581,1.245,0.624,0.727,0.851,0.916,1.233,0.882,0.828,1.422,0.635,1.368,2.811,1.887,2.472,2.912,0.427,2.707,0.549,0.309,0.328,0.484,1.619,2.587,1.979,2.059,3.186,2.737,2.715,4.201,4.058,2.226,2.503,2.086,2.427,2.919,1.412,1.485,1.351,2.642,1.78,1.523,1.217,2.371,0.654,3.295,2.649,1.44,1.723,1.966,,4.181,6.439,2.997,1.69,2.35,2.896,1.394,1.352,1.941,1.552,,1.494,1.504,1.288,1.228,1.322,0.628,1.054,1.546,1.784,1.248,2.251,2.803,1.426,2.586,5.37,1.148,0.804,0.47,0.755,0.919,1.991,3.057,1.431,2.175,1.734,1.77,3.817,2.175,1.007,1.422,0.796,1.516,3.342,2.936,2.116,0.493,0.566,0.592,0.529,1.947,2.037,2.951,2.264,2.061,2.173,5.068,,4.995,3.867,2.446,,2.297,2.736,3.305,2.974,,1.99,2.305,,4.13,2.708,3.481,0.951,1.359,1.841,1.365,1.035,0.636,,1.017,1.556,1.134,2.058,,2.091,,1.51,1.501,1.561,1.416,1.557,,2.521,3.149,1.522,,0.726,1.002,1.157,1.793,1.304,1.134,,1.292,1.189,0.656,0.762,1.195,0.674,0.89,1.048,0.864,0.918,1.032,1.086,1.12,0.962,1.078,1.104,0.732,0.837,1.108,1.108,0.886,1.037,1.091,,1.276,1.277,1.231,0.927,0.826,0.801,0.934,,1.045,0.882,1.034,0.778,0.973,0.892,0.884,0.948,0.737,0.883,0.988,1.816,,0.943,1.635,1.756,1.631,1.728,1.286,1.163,3.69,2.531,2.522,1.562,2.404,2.933,5.98,7.458,,3.525,5.279,5.056,9.123,1.93,4.297,3.735,6.337,3.586,1.747,2.677,3.305,0.897,0.413,3.265,0.795,0.1,4.75,2.229,2.766,2.316,3.448,3.824,2.018,0.517,4.107,3.819,1.305,3.206,2.106,4.19,1.921,3.523,3.054,3.124,1.587,2.985,2.565,2.4,2.775,1.147,1.888,1.808,0.69,1.55,1.414,0.846,,0.835,0.731,1.207,1.06,1.519,0.968,2.26,1.9,1.46,2.499,1.098,0.706,0.43,0.698,0.693,0.565,1.934,1.605,1.755,1.248,2.552,1.619,2.276,2.462,2.804,1.8,0.617,0.484,1.146,1.137,0.818,1.441,0.307,2.604,2.505,4.041,2.774,3.578,2.427,1.942,5.771,10.167,4.541,7.231,4.406,1.485,0.998,1.208,1.809,4.146,4.611,2.396,1.162,1.528,1.837,2.289,1.621,2.202,3.439,3.878,1.391,1.191,1.878,1.078,1.412,1.099,1.518,2.65,1.317,1.34,0.968,1.499,1.568,1.19,1.012,0.934,1.526,0.492,0.92,1.122,,1.562,0.812,0.675,1.082,1.122,1.17,1.442,,1.456,1.104,1.405,1.114,1.281,0.915,,1.165,1.034,0.976,0.862,1.94,1.36,1.121,1.115,1.624,1.552,1.148,1.795,1.424,1.116,2.476,1.191,1.519,0.879,0.966,0.867,0.766,0.757,1.319,1.19,1.212,1.677,1.25,1.793,1.31,1.545,,1.749,1.107,1.055,1.378,1.386,0.947,0.453,0.976,,1.095,1.012,1.405,1.991,2.812,1.996,3.652,1.544,1.959,1.335,1.015,1.702,1.402,1.375,2.788,1.32,1.21,2.252,2.081,1.517,2.335,1.965,1.992,0.999,2.08,1.924,1.513,1.053,0.261,1.783,0.597,,2.063,1.274,2.398,0.553,1.325,2.199,1.818,1.009,1.417,2.149,1.945,1.029,2.514,,1.032,1.095,5.284,1.865,1.4,1.933,1.866,1.932,4.778,2.389,2.773,1.823,1.195,1.629,2.252,1.704,2.381,2.677,1.055,0.906,1.329,1.823,1.96,2.747,1.596,1.304,0.809,0.798,0.92,,0.826,1.042,1.017,,0.494,0.779,1.449,,1.403,1.387,1.213,1.806,1.903,1.233,1.74,0.872,0.799,,,0.875,0.843,0.891,0.843,1.282,1.098,,,0.204,2.888,1.336,1.027,0.508,1.441,2.218,1.237,1.079,0.975,1.554,0.754,0.729,0.903,2.294,1.354,2.694,3.624,1.408,0.719,2.655,2.48,2.493,1.784,3.336,2.337,,1.766,2.099,6.21,4.606,,6.816,4.261,4.434,2.755,4.183,3.063,,4.538,6.134,4.167,,0.803,0.96,1.606,0.212,0.845,0.486,1.219,0.604,0.538,2.237,0.664,0.355,0.222,0.737,0.197,2.341,2.285,0.494,3.112,1.901,0.914,1.723,1.418,1.752,1.58,1.329,2.189,1.646,1.187,1.956,0.784,4.594,2.451,5.603,2.342,1.056,0.915,0.825,2.479,2.172,2.016,3.503,1.676,1.855,0.943,0.817,0.336,0.309,1.138,1.093,0.893,2.313,0.546,2.636,1.583,1.352,0.269,2.785,0.411,1.424,0.967,0.667,0.676,,0.283,0.586,2.185,2.478,1.229,1.009,0.931,0.731,1.948,1.835,0.439,0.367,0.33,1.635,1.103,1.192,0.621,1.209,1.673,1.256,1.386,1.533,1.257,,1.067,2.556,1.168,1.324,1.006,2.355,1.241,1.34,2.19,1.421,0.955,1.426,1.198,1.359,0.7,0.952,,0.68,0.179,0.473,0.213,1.507,1.345,1.57,1.584,,0.701,1.49,1.928,2.424,0.335,0.976,1.093,0.88,1.134,1.447,0.929,1.118,0.811,0.748,0.598,0.9,0.595,0.384,0.676,,0.538,1.106,0.762,1.179,0.74,0.7,0.961,0.357,1.066,0.871,1.005,0.984,0.885,0.722,0.683,0.753,0.012,0.73,0.477,0.795,0.747,1.454,2.913,2.169,2.244,2.314,1.329,1.358,2.438,1.91,2.357,0.847,1.077,0.927,0.716,0.895,1.322,1.251,1.315,0.75,1.044,1.068,1.37,0.983,1.078,1.716,1.924,0.895,2.07,1.845,,1.931,2.378,1.816,2.511,1.588,0.289,0.834,0.324,3.924,3.955,2.353,1.211,4.998,2.178,4.24,2.151,3.181,2.239,2.031,1.729,1.679,1.764,1.114,1.669,2.102,0.953,3.223,,2.538,3.646,3.308,0.7,0.582,0.593,0.954,1.27,1.96,1.859,1.46,2.457,1.89,1.5,1.811,1.311,1.292,1.346,0.712,1.085,1.248,0.998,0.688,1.584,1.527,1.921,0.983,0.992,0.496,0.752,3.703,2.583,1.918,1.155,0.892,0.897,1.081,0.849,1.224,1.594,1.478,0.278,0.652,1.208,1.699,1.837,2.062,1.606,1.62,1.131,1.333,1.324,1.276,1.3,1.57,2.136,1.231,2.227,1.664,1.925,0.701,1.048,0.744,1.567,0.858,0.918,0.967,1.205,1.233,1.074,0.952,1.079,1.029,1.286,0.617,1.405,1.695,0.046,1.57,0.006,0.088,0.375,0.74,0.673,2.188,0.679,1.082,0.912,1.025,1.212,1.338,1.401,1.117,1.228,1.591,0.494,1.382,1.586,1.549,0.698,0.716,1.114,,1.473,1.882,1.708,1.761,1.2,1.274,1.218,1.725,1.427,1.852,2.184,1.599,1.126,2.416,1.478,1.138,1.187,1.287,0.954,1.458,1.498,1.474,1.322,1.134,1.21,1.05,0.797,1.132,1.175,1.393,,1.319,1.395,1.421,1.7,1.311,1.547,1.177,2.156,1.435,1.405,1.134,1.36,2.814,1.405,1.153,1.253,1.3,1.148,1.187,0.713,0.591,0.819,0.858,,1.377,1.845,2.056,1.735,2.6,1.217,1.281,0.767,1.218,0.947,1.554,1.305,1.089,1.4,0.897,0.893,1.677,1.602,1.325,1.108,0.521,,0.565,1.339,,1.03,1.133,1.025,0.403,0.291,1.014,0.323,0.628,1.308,0.745,0.839,0.913,0.581,0.61,0.304,1.24,1.131,0.062,0.274,0.549,2.01,0.955,0.613,0.74,0.124,0.768,0.373,1.395,0.714,0.96,,,1.188,2.341,0.615,0.424,0.252,0.706,2.247,3.789,2.895,3.934,4.412,2.515,2.802,3.551,,1.675,1.413,2.988,2.121,1.103,0.713,0.792,1.909,1.863,2.072,0.653,1.293,1.307,3.439,1.768,0.776,0.505,2.567,1.59,1.389,1.59,1.59,1.076,,2.475,3.165,1.637,1.911,1.378,0.616,0.379,0.647,1.681,0.961,0.607,2.438,1.82,0.638,1.347,0.565,2.186,1.875,1.849,1.126,3.191,1.595,3.174,0.536,4.48,3.376,1.638,2.156,1.628,1.426,1.263,4.147,4.366,2.019,2.874,6.91,3.362,1.446,3.585,0.607,1.116,1.293,1.584,3.126,2.068,2.181,0.63,1.598,1.24
20160203,3,CO_24h,1.046,0.383,0.892,1.046,0.825,1.021,1.373,0.762,0.788,0.662,1,1.642,,1.252,1.607,1.697,1.189,1.452,2.321,,1.039,1.805,1.128,1.415,0.873,1.768,,1.326,1.734,1.718,1.408,1.516,0.966,0.651,1.889,2.406,1.763,2.19,2.062,2.116,2.252,3.177,1.976,1.322,1.718,4.595,6.274,5.665,6.14,4.008,4.161,3.189,3.161,4.162,5.551,0.622,0.683,0.384,0.607,0.512,1.02,1.184,1.459,0.993,0.652,1.467,1.209,1.309,1.267,3.126,4.053,2.707,2.558,2.808,2.868,,2.673,4.276,2.677,1.632,,1.411,2.592,2.896,3.536,3.13,3.106,3.07,1.766,2.067,1.031,4.075,2.255,1.811,2.006,1.436,1.188,1.841,1.64,,1.801,2.084,,1.807,1.564,,1.483,0.883,1.021,1.63,1.531,1.327,1.406,1.452,0.919,1.161,0.598,1.222,1.243,1.411,1.197,1.261,0.911,1.73,1.454,1.316,1.01,1.323,0.961,3.501,,2.012,0.861,1.516,1.303,2.063,2.076,0.939,0.954,1.591,1.38,1.327,1.159,1.278,1.355,1.283,1.708,1.086,1.817,1.459,2.644,1.681,1.967,1.675,1.556,1.317,1.717,1.313,1.543,1.545,1.779,1.607,1.25,1.656,1.631,1.689,1.238,1.084,0.841,0.992,1.788,1.477,1.104,1.32,1.757,2.061,1.649,1.727,1.992,2.274,1.523,1.878,1.304,1.48,1.73,1.454,1.445,2.057,1.871,2.545,1.708,1.834,1.935,1.721,1.361,1.997,1.418,1.414,1.393,,1.184,1.142,1.379,1.519,1.744,2.057,1.195,1.314,1.637,1.306,2.296,1.387,1,1.08,1.114,0.959,2.256,2.225,2.308,2.649,0.933,0.695,0.789,0.967,1.26,1.331,1.054,1.101,1.147,1.319,0.987,1.157,0.932,0.999,0.992,,0.852,1.023,0.786,0.943,1.121,1.297,1.072,0.985,0.808,1.138,,1.189,,1.045,1.241,,1.074,0.668,1.034,1.246,1.031,0.95,0.981,0.897,1.582,,,1.042,0.934,0.976,0.885,1.185,1.349,1.052,0.945,1.401,1.355,1.993,1.469,1.128,1.385,0.49,0.762,0.55,0.65,0.916,0.793,0.77,0.765,0.767,1.085,0.841,1.029,0.659,1.239,0.947,0.93,0.835,1.127,1.053,1.936,1.169,1.479,1.453,,1.426,1.644,0.764,1.478,1.158,1.321,1.537,1.41,1.849,1.061,1.583,1.886,2.055,1.696,1.477,1.459,1.574,1.504,2.11,1.884,1.1,1.374,1.713,1.425,1.559,1.548,1.819,1.548,2.187,0.919,1.026,1.902,1.069,1.384,1.424,1.367,1.699,1.178,1.525,1.333,0.683,1.004,,0.723,0.806,0.718,0.717,0.919,0.834,0.728,1.116,1.063,0.974,1.286,0.728,1.133,1.009,1.287,0.994,1.223,1.076,0.982,0.849,0.904,0.907,0.86,0.721,0.751,1.082,0.939,0.966,0.833,1.008,1.255,1.062,1.027,0.915,0.785,0.794,0.965,1.227,1.198,0.877,0.967,1,0.886,0.903,1.081,1.007,0.897,0.994,0.846,1.265,1.104,1.111,,1.208,0.994,1.297,1.247,1.348,1.051,1.336,1.352,0.993,0.884,1.368,1.059,1.429,1.074,1.417,1.442,1.356,1.431,1.355,1.001,1.367,1.445,1.234,0.993,1.067,,1.601,1.582,1.384,0.966,1.331,1.445,1.58,1.375,1.633,,1.954,1.245,0.734,1.524,0.817,0.959,1.094,1.244,1.322,1.088,1.146,1.304,0.994,1.264,2.193,1.546,1.878,2.017,1.198,1.24,0.638,0.354,0.373,0.361,1.481,2.358,1.751,1.852,0.893,2.776,1.484,3.817,3.444,2.002,2.188,2.055,2.202,2.834,1.901,1.399,1.731,2.161,2.114,2.385,1.787,2.261,1.012,2.557,1.809,1.93,1.301,2.064,,2.919,4.528,3.888,2.695,2.985,2.152,1.137,1.193,1.539,1.399,,1.429,1.311,1.249,1.389,1.22,0.786,0.985,1.362,1.744,1.459,2.061,2.488,1.454,1.888,2.716,1.456,0.959,0.445,0.628,1.101,1.735,1.78,1.196,1.202,2.267,1.643,2.15,1.837,1.299,1.422,0.909,1.615,2.62,2.115,2.115,0.719,0.822,0.895,0.704,1.94,2.474,2.983,1.911,1.729,1.903,2.542,,3.119,3.201,2.414,,2.504,2.938,3.305,3.076,,2.269,2.178,,3.514,1.89,1.702,1.149,1.28,1.506,1.538,1.262,1.024,,0.978,1.43,1.845,2.078,,2.057,,1.639,1.758,1.821,1.681,1.975,,2.949,2.424,1.556,,0.798,1.002,1.247,1.205,1.118,1.302,,1.43,1.337,0.832,0.837,1.347,0.908,1.058,1.065,0.959,0.796,1.047,0.981,1.133,0.964,1.069,1.09,0.723,0.869,1.108,1.113,0.871,1.084,1.146,,1.299,1.217,1.186,1.017,0.929,0.904,1.004,,1.315,0.988,1.143,0.846,1.013,1.14,0.949,1.068,0.869,0.955,0.995,1.866,,0.922,1.248,1.839,1.612,1.712,1.84,1.882,2.803,2.852,2.291,1.569,2.212,2.883,4.737,5.118,,3.209,3.902,4.892,7.764,2.077,4.472,3.666,5.12,2.911,1.21,2.111,2.296,0.742,0.33,2.817,0.779,0.392,2.632,1.769,2.159,2.058,2.379,2.359,2.374,0.929,4.017,3.906,1.318,3.062,1.92,3.621,2.878,2.228,2.485,3.813,3.025,2.827,1.428,1.47,2.247,1.177,1.67,1.607,0.812,2.128,1.582,0.987,,0.734,0.615,1.27,0.685,0.915,0.67,2.028,1.787,1.8,2.236,0.979,0.832,0.786,0.755,1.219,0.776,1.319,1.273,1.781,1.151,2.686,1.394,1.559,2.257,2.373,1.941,0.931,0.974,0.571,1.387,0.749,1.575,0.499,2.432,2.127,2.619,3.121,2.593,1.837,1.668,4.17,6.927,2.573,3.889,4.778,2.208,1.914,1.612,1.933,2.183,3.204,1.385,1.69,1.555,1.78,2.257,1.133,2.086,3.05,3.473,1.24,1.117,1.427,0.966,1.339,1.279,1.715,2.017,1.564,1.371,0.73,1.404,1.532,1.03,0.992,1.381,1.57,0.815,1.294,0.857,,1.557,1.395,0.621,0.874,1.042,1.087,1.313,,1.457,1.108,1.386,1.232,1.399,1.687,,1.425,1.316,1.083,0.888,2.665,1.525,1.279,1.215,1.671,1.446,1.241,1.706,1.29,1.19,2.736,1.767,1.45,1.131,0.91,1.017,0.901,0.886,1.376,1.361,1.222,1.728,1.258,1.878,1.339,1.619,0.77,1.883,1.217,1.193,1.425,1.465,1.129,0.642,0.991,,1.268,1.324,1.596,1.765,2.459,1.795,1.868,1.292,2.332,1.505,0.878,1.591,1.3,1.501,2.039,1.102,1.14,2.055,1.765,1.286,1.987,1.764,1.57,0.939,1.9,2.163,1.508,1.228,1.465,2.118,0.281,,1.967,1.546,1.324,0.887,1.146,2.003,1.65,1.003,1.421,1.731,1.41,1.018,2.212,,1.112,1.122,3.023,1.404,1.32,1.615,1.649,1.836,2.664,1.79,2.402,1.658,1.488,1.741,2.126,2.111,1.94,2.327,0.906,0.783,1.587,1.696,1.364,2.104,1.395,0.991,0.986,1.422,1.379,,1.353,1.52,1.568,1.704,1.123,1.355,1.224,,1.417,1.456,1.284,1.715,1.746,1.207,1.702,0.901,0.951,,,1.009,0.938,0.993,0.975,1.362,1.159,,,0.976,1.205,1.129,1.39,0.675,1.408,1.9,1.579,1.495,1.239,1.979,0.809,0.966,0.92,2.139,1.732,2.599,3.574,1.719,2.035,1.794,1.508,2.037,1.725,1.94,2.583,,2.028,2.939,4.721,3.446,,4.266,3.392,4.095,2.308,3.331,3.253,,4.307,4.098,2.71,,0.972,1.234,0.841,0.274,0.693,0.527,2.11,0.778,0.898,1.244,1.064,0.761,0.357,0.71,0.185,1.589,1.903,0.487,3.215,0.511,0.786,0.653,1.075,1.23,1.771,1.267,1.744,1.838,1.297,1.769,0.86,3.189,2.32,4.497,2.034,1.179,1.002,1.234,2.466,2.048,1.533,2.837,1.563,1.701,1.752,0.602,0.691,0.635,1.249,1.221,0.976,1.534,0.472,1.742,1.507,1.356,0.581,2.697,0.531,1.179,0.937,0.839,0.616,,0.974,0.362,1.56,1.46,1.079,1.072,0.808,0.88,1.109,0.804,0.728,0.384,0.262,1.389,0.982,1.134,0.631,1.495,1.784,1.392,1.434,1.34,1.307,,1.35,2.582,1.368,1.619,1.098,2.018,1.488,1.807,2.404,1.703,1.235,1.633,1.566,1.641,0.856,1.148,1.207,0.663,0.221,0.613,0.239,1.49,1.362,1.567,1.897,,1.086,1.479,1.999,2.202,0.391,0.858,1.134,1.003,1.34,1.516,1.101,1.283,0.929,1.024,0.801,0.931,0.833,0.511,0.792,0.131,0.661,1.171,0.856,1.065,0.851,0.669,1.155,0.54,1.188,0.86,1.04,1.035,0.879,0.749,0.717,0.684,0.025,0.97,0.588,0.79,0.844,1.536,2.17,1.731,1.645,2.046,1.017,0.715,1.757,1.304,1.718,0.928,0.967,0.821,0.853,0.915,1.316,1.263,1.37,0.709,1.015,0.813,0.919,0.877,0.975,1.207,1.248,0.673,1.244,1.173,,1.704,2.17,1.443,2.25,1.406,0.289,0.671,0.759,4.035,2.525,1.923,1.946,5.442,2.906,3.964,2.48,3.437,2.636,2.373,1.965,1.747,1.622,1.538,1.642,2.307,1.305,2.253,,2.113,2.218,2.376,1.136,1.005,1.151,1.62,1.309,1.248,1.437,1.609,2.542,2.112,1.71,1.91,1.224,1.313,1.275,0.631,1.252,1.478,1.161,0.773,1.848,1.727,1.81,1.142,0.959,1.129,0.883,2.831,1.635,2.206,1.322,1.211,1.2,1.316,1.076,1.441,1.392,1.833,0.291,0.66,1.114,1.646,1.364,1.365,1.453,1.531,1.029,1.2,1.12,1.098,1.135,1.175,1.942,1.144,2.124,1.592,1.995,1.073,1.026,0.712,1.517,0.891,0.854,1.032,1.228,1.063,1.261,0.688,0.92,0.776,1.258,0.71,1.551,1.864,0.058,1.301,0.06,0.219,0.618,0.69,0.683,2.648,0.589,1.095,0.791,0.932,1.561,1.325,1.337,1.033,1.259,1.744,0.6,1.312,1.517,1.506,0.665,0.723,1.051,,1.42,1.72,1.59,1.655,1.535,1.148,1.081,1.459,1.343,1.704,2.057,1.954,1.227,2.272,0.998,1.324,1.314,1.407,1.118,1.538,1.713,1.842,1.563,1.082,1.443,1.236,0.988,1.186,1.286,1.527,,1.311,1.56,1.817,2.049,1.539,1.889,1.01,1.971,1.342,1.238,1.221,1.442,2.824,1.444,1.071,1.194,1.379,1.181,1.22,0.869,0.825,0.91,1.164,,1.4,1.714,1.525,1.708,2.091,1.251,1.447,0.796,1.247,0.979,1.635,1.335,1.159,1.433,1.302,0.886,1.772,1.504,1.518,1.276,0.526,,0.604,1.32,0.364,1.022,1.375,1.24,0.647,0.516,1.572,0.413,0.481,1.065,0.813,0.917,1.283,0.788,1.029,0.503,1.353,1.046,0.243,0.454,0.74,2.033,1.113,0.36,0.783,0.131,1.061,1.45,2.028,0.733,1.007,0.048,0.054,1.435,2.192,0.567,0.591,0.227,0.715,2.26,2.801,2.512,3.387,3.981,2.673,2.847,2.821,0.061,1.968,1.177,3.211,1.898,1.256,0.844,0.68,1.898,1.771,2.474,0.765,1.313,1.472,1.684,1.694,1.092,0.728,2.624,1.796,1.423,1.664,1.658,0.408,,1.854,2.698,1.345,1.755,0.885,0.612,0.651,0.802,1.32,1.139,0.743,1.051,1.689,0.699,1.468,0.76,2.006,1.234,1.212,2,2.702,1.654,0.843,0.488,2.882,3.055,1.603,2.424,1.007,1.185,1.424,2.888,2.268,2.108,1.577,1.805,2.856,1.734,2.38,0.805,1.165,0.923,1.725,3.249,2.552,2.068,0.8,1.665,1.304
20160203,4,AQI,39,46,48,38,43,33,58,25,42,109,42,67,,179,199,138,142,155,215,,160,124,128,175,112,170,,132,125,97,84,137,145,59,145,144,139,140,182,166,95,82,78,89,76,216,219,280,221,211,329,215,356,261,243,36,41,27,32,46,46,60,53,52,46,188,132,147,160,245,286,179,150,189,200,,90,168,133,66,,50,119,85,56,65,68,97,107,112,77,105,94,73,67,66,110,122,183,,178,232,,265,226,,228,64,60,52,56,51,58,51,36,55,42,152,145,134,140,142,102,120,170,114,98,117,128,130,,175,156,188,186,113,142,140,110,75,62,95,48,145,67,65,69,77,165,156,185,160,189,155,147,179,155,180,209,165,185,201,173,155,113,65,45,58,46,95,133,137,139,133,109,147,128,175,148,133,145,179,162,203,168,169,214,185,178,178,190,188,175,222,252,205,206,189,205,,185,158,188,72,82,134,110,149,155,130,165,127,79,58,75,55,240,257,250,243,109,77,55,108,90,112,107,104,108,113,68,158,135,149,130,,113,138,129,78,87,78,84,110,109,92,,102,,179,153,,95,120,99,98,102,104,110,84,84,,,82,80,93,75,118,60,119,135,143,160,137,130,127,112,35,39,43,63,40,50,42,35,23,79,88,65,110,84,107,75,98,92,192,186,153,148,170,,155,179,65,102,83,88,98,104,109,110,123,134,132,133,145,170,149,139,112,103,107,153,144,144,149,170,139,139,175,114,118,153,102,144,77,156,159,132,125,132,50,48,,42,43,46,54,46,53,50,48,55,54,48,63,38,55,60,29,49,48,50,57,54,46,40,43,50,43,55,55,53,64,72,35,45,53,36,40,59,40,22,50,52,49,38,43,49,46,52,46,49,43,67,57,,112,166,124,105,110,93,104,103,21,38,35,36,35,58,107,93,80,112,85,63,73,103,87,84,70,,78,75,84,85,102,105,93,92,92,,93,143,108,92,87,113,90,68,119,97,85,80,45,44,103,65,128,103,64,85,65,51,81,65,138,75,80,118,140,109,238,72,233,68,183,90,69,123,97,89,84,118,87,108,120,135,38,180,147,89,109,94,,429,464,261,500,271,397,75,122,122,99,,179,219,83,152,200,55,84,123,107,62,78,98,60,97,196,41,94,42,42,53,108,110,115,130,75,123,168,135,63,85,55,108,75,70,74,26,26,26,23,165,144,117,239,238,236,201,,386,298,231,,218,180,215,223,,140,199,,182,195,306,185,254,325,200,74,57,,79,100,61,183,,156,,132,188,189,156,209,,213,162,134,,64,88,70,269,143,100,,63,65,70,76,70,23,28,32,29,28,33,38,39,40,32,39,38,38,42,39,42,48,35,,49,32,36,64,65,64,43,,33,62,58,75,23,29,28,38,35,38,32,40,38,46,54,57,63,180,165,180,95,103,73,53,94,140,119,199,,166,308,123,337,119,62,108,202,83,79,114,113,88,56,55,19,25,325,95,88,95,120,182,89,58,114,102,113,132,77,153,88,178,137,115,58,115,138,134,90,113,102,84,57,83,63,69,,62,64,59,67,80,64,113,113,143,172,79,68,73,49,65,51,78,125,102,162,127,118,102,112,124,114,69,129,93,104,87,150,28,108,128,120,132,140,142,152,214,173,124,173,166,94,80,123,139,75,53,130,68,122,144,138,152,70,93,92,99,160,170,223,152,153,93,120,127,133,128,125,79,109,122,58,94,109,168,125,,104,60,64,135,135,152,129,,97,95,114,78,83,85,,77,92,18,18,73,84,89,88,192,180,209,155,155,127,83,78,63,74,103,147,98,133,127,129,127,120,87,70,128,105,103,127,120,129,139,127,75,65,82,,78,57,55,140,125,99,349,103,123,82,99,60,61,61,97,156,123,149,195,166,30,186,254,88,83,88,80,92,70,94,104,,190,137,253,41,84,148,193,180,128,159,156,174,188,,139,135,223,110,87,143,91,74,211,160,71,135,57,52,115,100,102,114,105,88,98,73,62,64,179,176,129,63,88,,55,77,75,,59,62,138,,158,160,165,137,155,156,155,118,117,,107,88,69,78,72,103,99,,,67,82,92,78,88,102,94,128,148,119,107,48,54,63,78,71,99,92,80,58,172,129,192,93,99,68,,99,88,185,212,,182,156,125,77,137,42,,104,231,133,,39,46,68,32,28,79,103,78,59,99,26,28,28,25,26,69,63,55,104,186,77,205,118,95,71,88,89,128,100,119,113,112,65,123,95,115,107,102,127,160,97,155,130,97,51,54,31,38,43,89,48,43,65,55,26,25,81,60,22,75,62,60,64,56,74,21,95,70,63,79,60,46,103,89,36,40,20,130,122,68,27,119,95,152,180,190,169,,172,152,150,68,83,117,140,130,95,108,85,103,66,89,113,117,90,130,87,92,75,214,204,228,83,,68,123,137,135,84,79,75,80,103,92,72,79,68,65,63,104,28,30,29,41,21,33,36,39,33,18,33,26,29,30,25,28,32,36,54,52,59,79,82,83,79,94,137,118,109,95,98,99,99,88,94,58,104,115,100,75,69,80,77,60,103,89,102,92,84,104,143,92,97,130,,82,96,79,83,67,84,85,93,102,110,92,149,159,139,118,132,152,148,186,81,99,122,102,105,113,102,150,,140,128,190,114,114,123,82,138,102,117,107,99,124,82,123,39,103,70,54,109,132,124,105,132,129,172,113,128,123,93,120,140,117,103,92,108,108,88,97,94,64,87,88,124,114,139,113,132,132,119,166,148,149,150,135,97,100,95,103,100,207,134,115,110,90,79,69,78,83,66,90,97,80,94,109,124,83,98,93,55,120,89,57,50,59,57,90,85,79,104,93,102,77,63,80,90,42,50,48,84,92,87,,95,132,113,53,51,92,99,101,153,140,190,88,94,87,92,88,120,90,92,119,103,105,110,87,88,79,57,57,80,73,,85,117,104,112,107,98,172,113,159,142,63,124,145,82,72,97,95,83,124,22,29,31,57,,57,102,129,73,135,49,60,85,56,84,58,70,80,65,53,53,80,85,41,52,79,,63,70,30,54,29,30,45,30,50,46,62,58,36,39,22,32,38,55,31,63,68,70,27,65,67,54,52,,19,24,14,157,135,28,18,17,50,15,92,27,24,170,180,219,176,68,104,133,100,102,127,132,63,59,80,66,49,43,53,75,53,75,69,64,97,103,108,93,118,93,45,102,77,,137,93,68,75,114,127,40,57,51,32,114,200,119,86,117,93,98,100,99,90,144,90,97,33,202,454,86,97,79,75,97,176,217,95,111,147,77,83,144,42,28,23,110,216,371,72,35,74,48
20160203,4,PM2.5,27,32,33,21,30,23,41,17,29,82,29,48,,135,149,105,108,118,165,,122,94,97,132,84,129,,100,95,68,57,104,111,19,111,110,106,107,137,126,71,59,57,66,41,166,169,230,171,161,279,165,306,211,193,20,17,10,22,32,32,43,37,36,19,141,100,112,122,195,236,135,115,142,150,,67,127,101,44,,34,90,63,35,44,49,67,80,84,56,79,70,53,48,46,83,92,138,,134,182,,215,176,,178,46,43,36,38,30,41,32,25,39,29,116,111,102,107,108,76,91,129,86,73,88,97,99,,132,119,141,140,85,108,107,83,55,44,71,33,111,48,47,50,56,125,119,139,122,142,118,112,135,118,136,159,125,139,151,131,118,85,47,26,41,32,71,101,104,106,101,82,112,97,132,113,101,111,135,123,153,127,128,164,139,134,134,143,141,132,172,202,155,156,142,155,,139,120,141,52,58,102,83,114,118,99,125,96,58,41,55,27,190,207,200,193,82,56,39,81,67,84,80,78,81,85,49,120,103,114,99,,85,105,98,57,64,57,62,83,82,68,,76,,135,117,,71,91,74,73,76,78,83,62,62,,,60,59,69,55,89,43,90,103,109,122,104,99,96,84,24,27,30,45,28,35,29,24,13,58,65,47,83,62,80,55,73,68,144,140,117,113,129,,118,135,47,76,61,65,73,78,82,83,93,102,100,101,111,129,114,106,84,77,80,117,110,110,114,129,106,106,132,80,89,117,76,110,56,119,121,100,95,100,35,33,,29,30,32,38,32,37,35,33,39,38,33,45,20,39,43,20,34,33,35,40,36,32,28,30,35,30,39,39,37,46,52,24,31,37,24,21,42,14,11,35,36,34,26,30,34,32,36,32,30,30,48,40,,84,126,94,79,83,69,78,77,14,19,22,25,24,41,80,69,59,84,63,45,53,77,64,62,51,,57,55,62,63,76,79,69,68,68,,69,109,81,68,64,85,67,49,90,72,63,59,31,28,77,47,97,77,15,32,8,17,29,27,105,54,33,89,107,82,188,51,183,47,138,,46,73,72,66,62,89,64,81,91,103,17,136,112,66,82,70,,296,445,211,308,221,347,55,92,92,74,,135,169,59,116,150,35,62,93,80,44,57,73,5,72,147,27,70,27,25,33,81,83,87,99,55,93,127,103,45,63,39,81,54,51,51,18,18,18,16,125,110,88,189,188,186,151,,336,248,181,,168,136,165,173,,107,149,,137,146,256,139,204,275,150,54,40,,58,75,42,138,,119,,100,141,142,119,159,,163,123,102,,46,65,51,219,109,75,,45,47,51,47,51,16,19,22,20,19,21,26,27,28,17,27,26,26,29,27,29,33,19,,34,22,25,46,47,46,30,,23,44,41,55,16,20,19,26,24,26,22,28,26,32,38,40,45,136,125,136,71,77,49,37,70,107,90,149,,126,258,93,287,90,41,81,152,61,58,71,70,62,30,39,13,7,275,71,65,71,91,137,66,41,86,74,85,100,45,117,65,134,104,87,39,87,105,102,67,85,76,62,40,61,45,50,,44,39,42,42,59,46,85,85,109,130,58,49,53,34,47,28,57,95,76,123,96,89,76,84,94,86,50,98,69,78,64,115,6,81,97,91,100,107,108,116,164,131,94,131,126,70,59,93,106,55,37,99,49,92,110,105,116,51,69,68,74,122,129,173,116,117,69,91,96,101,97,95,58,82,92,41,70,82,76,95,,78,43,46,103,103,116,98,,72,71,86,57,61,63,,56,68,5,7,53,62,66,65,144,136,159,118,118,96,61,56,43,54,77,112,73,101,96,98,96,91,64,27,97,79,77,96,91,98,106,96,55,47,60,,57,40,39,107,16,30,299,77,93,60,74,35,41,39,72,119,93,84,146,126,,140,204,65,61,65,59,68,51,47,44,,143,104,155,19,51,113,145,136,97,86,81,43,141,,106,103,173,83,64,109,53,54,161,122,,103,40,29,87,75,76,86,79,65,73,53,43,45,135,133,98,45,65,,39,56,55,,36,41,105,,120,122,125,104,118,119,118,89,88,,80,65,50,57,49,77,74,,,42,60,65,57,65,76,70,97,113,90,80,33,28,45,47,34,74,49,59,35,130,98,144,69,74,49,,74,65,139,162,,137,119,95,56,104,24,,78,181,101,,19,32,33,22,18,58,77,57,42,74,12,12,6,13,6,50,45,39,78,140,56,155,89,71,47,65,55,97,75,90,85,84,47,93,71,87,80,76,96,122,72,118,99,72,29,36,20,26,28,66,33,28,47,28,16,12,36,43,15,55,44,43,46,39,54,11,40,46,45,58,38,32,77,66,25,28,,99,92,49,14,90,6,116,136,143,128,,130,116,115,37,61,88,107,99,71,81,63,77,44,66,85,88,67,99,64,68,55,164,154,178,61,,49,93,104,103,62,58,55,59,77,68,52,58,49,36,41,78,19,21,20,28,13,23,25,27,23,6,23,18,20,21,17,19,22,25,38,36,42,58,60,61,58,70,104,89,82,71,73,67,74,65,70,41,78,87,75,55,50,59,56,35,77,66,76,68,62,78,109,68,72,99,,40,64,34,25,48,62,63,69,76,83,68,114,121,106,89,100,116,113,140,49,74,92,76,79,85,76,115,,107,97,143,86,86,93,60,105,76,88,80,74,94,60,93,27,77,51,38,82,100,94,79,100,98,130,85,97,93,69,91,107,88,77,68,81,81,65,72,70,31,64,65,94,86,106,85,100,100,90,126,113,114,115,103,68,75,71,77,75,157,102,85,83,67,58,50,57,61,34,67,72,59,52,82,94,61,73,65,28,91,66,40,35,42,40,67,63,58,78,69,76,56,45,59,67,24,33,33,62,68,64,,71,100,85,9,19,68,74,75,117,107,143,65,70,64,68,65,91,67,68,90,77,79,83,64,65,58,40,40,59,53,,63,88,78,84,80,73,130,85,121,108,45,94,111,60,50,72,71,57,94,11,20,19,40,,40,76,98,53,103,34,43,63,35,62,41,51,59,47,37,34,59,63,25,35,58,,45,43,21,38,17,21,31,18,35,32,44,36,25,27,15,22,26,39,19,23,49,51,15,42,48,38,36,,13,3,7,44,37,8,2,,22,10,20,,8,129,136,169,133,47,78,101,75,76,96,100,45,42,59,46,34,30,37,31,30,55,50,46,72,52,38,69,89,69,13,76,56,,104,61,49,15,86,96,28,40,29,22,86,150,90,,88,69,73,75,74,59,110,65,72,15,143,399,48,72,58,55,47,133,167,71,61,112,56,61,110,24,6,16,82,166,321,52,24,54,33
20160203,4,PM2.5_24h,36,12,30,35,28,29,36,29,28,19,28,48,,54,54,38,40,47,57,,45,35,54,45,33,71,,52,68,52,52,68,57,24,52,68,45,49,59,62,40,67,49,40,34,120,140,174,113,140,175,136,165,161,190,18,16,15,21,22,40,42,34,39,18,48,40,48,42,103,132,82,122,147,138,,78,109,83,62,,29,72,80,40,45,50,81,63,64,68,104,76,46,63,44,87,118,100,,123,163,,145,103,,123,69,59,46,55,37,42,44,45,59,26,95,97,85,98,90,69,93,104,97,87,89,98,115,,139,122,142,152,95,110,97,130,98,92,100,78,109,91,81,88,87,118,107,122,114,128,114,104,119,108,121,129,102,127,117,106,125,112,99,85,99,89,103,70,80,80,74,109,118,116,120,126,119,111,97,109,122,93,109,111,133,113,132,118,111,130,127,131,129,122,128,136,,118,121,134,120,97,126,148,115,129,106,117,103,88,71,99,53,149,150,140,129,83,67,53,86,78,88,88,88,86,87,58,66,80,70,71,,68,72,76,62,70,62,63,76,80,59,,81,,107,93,,64,72,67,82,66,63,92,75,73,,,64,65,81,64,102,83,101,100,115,125,120,101,112,102,20,21,20,28,20,21,17,22,18,97,71,63,99,84,99,65,91,87,101,112,77,90,94,,87,92,46,82,72,63,76,81,79,82,75,74,75,73,68,82,73,69,65,55,106,115,119,111,118,122,119,106,120,92,116,102,117,112,107,127,124,122,109,112,27,24,,22,24,22,27,22,29,24,19,23,21,20,26,9,22,20,11,15,15,22,20,21,19,22,19,25,21,29,30,18,23,29,18,18,23,13,13,27,10,6,25,23,21,16,18,20,19,23,15,14,19,27,14,,68,74,67,66,62,60,67,70,5,16,17,19,22,48,68,57,53,62,59,40,50,61,58,61,51,,57,47,58,52,103,86,81,80,83,,85,91,78,81,65,82,74,66,84,73,74,51,33,19,47,48,62,43,44,43,26,22,32,27,73,45,70,67,62,66,94,64,112,50,93,,39,89,97,48,70,82,62,87,102,102,54,66,76,96,57,73,,196,326,222,203,236,290,104,115,113,113,,138,158,115,140,155,47,112,123,103,45,62,67,42,60,66,31,32,14,19,28,86,81,74,66,92,78,90,99,65,59,34,59,71,55,82,24,21,24,18,122,103,86,105,121,112,99,,181,164,145,,140,111,133,130,,83,96,,110,115,170,185,183,199,148,59,49,,30,67,61,110,,94,,98,150,148,126,101,,152,104,80,,45,50,42,114,79,88,,31,28,36,32,35,14,16,19,18,17,15,21,18,21,22,21,18,18,19,19,16,20,10,,15,9,11,32,30,32,15,,16,29,20,26,9,9,11,16,16,15,15,19,16,21,26,28,30,155,138,148,42,50,41,45,57,77,92,103,,99,150,94,206,93,47,73,95,38,30,58,76,37,19,81,29,21,149,71,77,88,96,108,81,42,83,73,78,97,43,108,97,109,112,109,85,90,96,66,106,79,88,65,46,82,75,57,,38,36,37,36,40,66,89,78,103,119,66,80,67,35,39,34,74,100,77,103,99,93,105,87,103,89,59,99,78,87,88,106,15,72,57,52,87,78,58,63,130,109,79,103,119,100,101,103,98,57,42,91,51,95,87,79,67,41,47,54,41,112,118,127,113,120,84,92,94,81,79,88,80,40,84,73,87,107,103,94,,90,53,54,68,70,78,67,,61,64,70,71,74,77,,75,83,9,8,77,88,90,86,115,115,125,110,97,102,42,48,34,51,89,93,71,87,108,113,105,107,69,83,97,91,86,103,97,106,111,107,65,63,68,,63,39,38,98,18,50,173,56,74,62,64,30,40,51,65,97,83,62,102,85,157,115,116,58,51,64,49,60,49,57,48,,75,93,56,54,38,82,111,101,85,77,61,49,116,,71,67,118,70,73,85,57,61,116,84,82,74,64,46,83,81,74,88,61,43,68,50,46,31,112,114,106,87,104,,101,125,108,,82,87,105,,123,121,123,98,119,114,117,97,99,,103,68,59,62,52,74,79,,,57,61,118,83,61,81,87,126,133,113,106,33,23,34,58,54,84,54,74,63,99,80,158,91,51,60,,71,81,110,111,,122,82,58,31,62,27,,48,164,128,,29,43,31,20,19,50,78,44,45,59,25,32,16,12,6,51,60,47,86,48,30,55,77,65,78,74,70,135,89,89,98,88,42,66,40,86,82,81,102,107,93,107,94,83,34,34,53,44,55,63,51,17,35,38,15,17,45,34,19,43,40,47,36,41,60,30,31,30,36,42,22,39,78,40,28,26,,77,82,51,23,105,83,130,139,144,149,,150,143,149,63,73,99,134,111,89,102,87,79,93,92,108,99,80,86,76,84,64,155,134,161,81,,81,109,118,111,55,46,46,58,78,75,54,60,48,65,55,89,21,27,23,26,17,19,20,23,21,7,20,16,20,11,9,11,12,19,27,22,60,74,71,71,71,63,116,108,109,104,79,60,63,91,56,62,64,73,72,69,49,61,65,35,70,66,69,58,61,72,84,69,69,82,,52,71,45,38,41,58,53,53,93,84,78,130,145,116,113,103,122,119,141,44,73,103,105,94,99,96,109,,114,94,102,135,134,140,102,115,78,88,97,94,107,88,101,18,45,50,35,102,95,87,73,118,116,129,80,78,95,66,70,73,97,91,99,96,94,76,94,77,57,65,66,105,105,103,99,108,108,89,101,93,96,90,88,67,74,66,84,77,161,107,89,92,57,53,45,56,63,69,80,76,76,79,56,83,46,67,81,44,78,87,32,25,38,32,55,52,50,64,66,69,61,53,63,71,15,24,31,51,65,47,,69,86,80,30,38,51,52,67,91,88,114,79,75,65,70,78,90,74,74,125,116,115,121,76,90,82,80,43,57,57,,58,84,90,92,89,90,112,78,99,92,68,90,115,59,39,59,67,72,85,15,30,26,43,,31,36,54,52,60,60,75,67,69,69,47,57,60,52,52,45,65,62,26,32,61,,46,49,56,45,27,31,32,22,36,35,61,47,36,37,83,71,94,46,27,28,50,56,48,69,78,28,41,,17,37,33,33,20,19,26,,82,15,25,7,13,121,124,111,120,31,55,60,53,74,92,82,36,29,72,54,33,40,52,41,34,61,60,42,76,65,50,52,80,48,25,79,43,,95,56,34,19,50,84,36,40,23,24,122,91,106,,95,79,49,54,50,76,83,39,36,12,149,302,41,66,59,62,56,118,145,110,64,107,72,79,110,27,8,23,107,182,256,39,22,72,24
20160203,4,PM10,,,,,,,41,,,,,,,176,185,109,114,127,204,,,121,133,137,145,,,172,121,143,118,153,148,67,147,145,142,153,160,153,118,113,101,113,102,253,221,304,315,186,326,200,363,256,217,36,41,27,31,,,,51,37,46,233,124,123,130,243,,237,151,172,158,,113,152,129,82,,50,120,89,62,80,82,104,92,119,77,146,99,76,80,82,130,123,210,,212,252,,294,303,,230,59,62,47,61,51,60,51,35,53,32,197,136,146,125,120,100,121,160,108,122,103,114,120,,142,146,158,208,115,127,119,124,,45,72,44,124,,49,,60,173,166,185,157,178,162,174,212,148,,168,152,156,153,189,,,55,45,57,37,84,143,191,123,142,150,144,155,190,132,167,176,252,207,234,191,154,234,154,157,136,178,177,173,210,254,204,205,187,208,,153,194,,75,114,141,105,149,147,127,196,155,86,66,75,60,214,212,235,239,112,74,43,122,87,136,117,108,114,131,66,154,142,162,143,,109,139,142,75,83,70,80,104,104,94,,100,,136,146,,118,106,,120,105,89,,67,68,,,96,74,,77,,55,101,141,123,123,,,,,35,34,41,,,42,36,35,23,82,95,64,93,62,,,,97,162,204,164,175,149,,176,196,73,112,88,103,91,154,127,133,139,200,141,139,153,187,159,131,115,112,,,123,117,,,,,136,,,,,,56,,,,109,,40,42,,,41,,40,43,37,43,35,,,34,,38,,45,22,45,40,39,47,58,34,,,42,33,50,,,,56,32,33,39,36,40,43,40,22,37,,,32,33,40,38,42,42,49,34,,,,101,138,106,96,,90,95,91,21,38,35,27,31,55,,69,76,,69,55,68,95,70,76,61,,63,77,72,80,94,97,89,84,76,,84,129,93,70,91,95,92,58,101,101,95,65,42,44,143,50,151,139,77,120,80,51,111,80,161,99,110,152,132,161,233,94,247,86,253,129,88,195,98,93,85,112,87,111,123,144,38,172,158,91,105,80,,529,501,245,605,235,432,93,183,123,93,,162,197,115,162,172,60,95,158,90,57,68,126,70,100,212,40,93,42,42,55,128,111,121,136,76,129,183,122,71,82,57,101,99,87,97,19,20,19,18,147,134,140,241,237,258,218,,458,280,213,,229,207,200,237,,200,217,,223,,359,159,289,361,184,94,60,,73,79,71,165,,150,,139,171,170,172,255,,274,159,160,,55,78,66,271,186,130,,48,54,61,102,60,22,25,22,24,22,33,28,,33,32,,27,37,37,30,31,,35,,,27,26,47,,50,31,,29,45,44,,23,26,25,26,,30,31,29,27,34,53,54,59,174,173,164,124,105,95,46,94,128,135,226,,186,324,158,,,74,104,,,85,178,176,125,62,56,18,13,381,105,104,111,158,212,116,52,108,154,124,115,104,162,87,211,168,128,65,92,149,138,104,108,105,86,64,104,61,59,,54,77,51,84,,68,133,106,154,192,68,50,62,42,57,51,71,110,94,166,120,124,108,118,115,,56,,,,,,,112,148,185,120,143,117,133,230,222,,231,182,,110,106,,85,49,178,,144,161,135,138,89,112,121,82,164,152,,147,152,104,172,117,148,105,121,92,107,95,61,87,100,285,98,,84,,65,,,,108,,77,81,,59,73,70,,64,74,7,9,64,85,77,74,162,,177,138,124,113,96,105,75,81,110,122,83,104,111,105,115,117,120,90,,,117,125,128,101,123,145,73,60,62,,,41,48,,200,147,320,108,107,84,99,69,72,71,102,152,138,248,187,214,,192,,86,82,84,87,123,76,138,158,,149,166,387,41,118,161,243,265,188,268,262,297,168,,175,145,208,110,107,145,82,74,213,137,91,153,56,54,108,99,116,113,107,85,97,93,74,78,191,172,124,74,85,,48,75,75,,68,73,,,149,162,160,,,135,137,119,122,,85,94,81,103,93,99,99,,,83,70,133,82,,107,119,126,118,109,113,48,58,61,105,91,120,133,110,66,,129,184,123,102,71,,81,78,153,,,199,202,165,63,128,42,,143,249,148,,39,43,86,,28,67,91,80,,92,15,18,13,23,10,82,54,58,86,215,76,166,130,117,92,83,128,147,115,120,121,93,69,119,79,105,96,96,122,136,115,202,122,80,52,58,31,34,43,,,43,60,60,26,19,112,45,17,68,56,49,65,62,54,21,140,89,55,58,69,34,,72,,,14,149,119,66,27,104,140,123,158,161,153,,147,119,,85,87,139,149,132,,136,85,115,82,72,90,103,85,,,,71,181,156,,74,,,99,,,73,79,67,75,,85,75,60,,80,75,98,24,,29,41,21,25,30,27,25,6,,,29,22,20,21,25,27,49,45,52,74,82,88,67,94,137,130,130,133,97,148,121,108,94,,88,92,,,61,67,72,69,77,73,91,79,68,130,159,105,98,143,,114,142,108,115,80,106,108,107,76,,76,140,178,119,148,158,218,183,178,112,124,120,104,110,117,100,200,,185,204,207,118,94,144,66,116,105,112,116,104,,72,116,35,94,61,56,96,111,105,,117,130,197,114,118,122,116,144,167,128,96,107,99,125,97,77,88,78,80,85,110,105,125,107,114,105,93,,133,128,126,,144,112,108,100,116,,139,180,140,93,70,85,74,108,82,80,114,98,138,,104,77,89,136,60,176,96,40,35,50,42,83,72,67,86,80,87,60,64,62,,42,50,38,74,70,68,,,122,106,55,51,78,84,152,133,116,162,102,101,88,95,70,,77,,109,104,118,127,,,61,64,62,73,66,,91,96,93,99,109,94,203,163,193,178,65,134,128,75,93,99,100,116,117,22,23,31,,,48,96,142,65,142,46,58,71,62,,57,60,60,64,55,56,71,89,41,54,75,,54,90,30,55,29,24,,30,48,35,58,66,33,31,20,27,30,,31,75,52,,27,79,62,,38,,16,24,,264,220,,18,,50,11,133,12,,,160,,143,86,135,141,121,95,,113,60,,90,82,36,38,55,100,56,81,83,61,92,155,166,92,,95,45,,79,,161,135,52,100,117,119,38,41,51,29,105,189,106,122,,87,107,118,91,129,157,130,129,33,351,554,122,143,97,96,143,167,206,112,172,188,68,71,,42,7,,169,268,361,81,28,72,35
20160203,4,PM10_24h,,,,,,,44,,,,,,,107,82,55,66,73,87,,71,72,102,69,73,113,,96,97,100,94,108,81,52,91,100,86,88,88,90,64,104,76,82,87,179,193,227,199,181,226,179,203,216,231,37,40,43,47,33,57,64,55,61,36,80,62,57,58,142,146,157,167,194,167,,121,145,124,76,,42,101,116,70,89,79,124,107,104,96,175,102,77,101,81,134,156,157,,193,226,,196,182,,153,81,80,63,87,72,58,85,60,83,45,170,137,137,124,111,89,124,139,120,140,109,118,134,,167,160,177,193,129,132,115,166,116,112,117,99,125,111,91,104,110,163,155,167,151,213,163,150,181,155,134,159,124,155,140,161,138,132,115,124,135,115,137,117,149,109,113,202,167,197,197,199,189,179,194,184,195,154,134,166,158,146,156,169,148,175,152,165,162,168,169,189,,159,169,154,171,191,181,172,143,172,157,187,162,139,113,130,104,170,182,181,193,110,86,63,117,94,120,118,115,135,122,79,90,111,105,101,,87,92,113,75,87,74,77,103,99,95,,102,,128,114,,109,83,,97,91,74,84,88,79,,,97,77,90,87,122,91,122,109,128,159,152,111,124,105,27,29,29,22,22,32,21,39,29,128,114,95,113,96,72,66,105,125,135,186,127,174,128,,141,158,66,118,102,110,107,148,125,130,127,133,122,116,117,130,117,109,106,86,116,146,153,144,154,150,135,144,156,,134,120,143,116,122,148,116,142,117,115,35,34,,23,28,31,31,33,30,30,24,20,22,22,27,18,24,30,14,22,21,28,28,36,24,33,18,32,25,33,30,23,18,32,30,26,29,25,26,30,27,17,18,24,24,25,26,28,27,32,25,26,28,35,23,,69,83,83,86,73,71,88,107,12,25,27,28,27,59,77,70,63,78,69,53,64,72,71,71,59,,70,60,73,64,132,116,106,98,104,,108,132,85,87,91,84,99,84,85,101,112,79,54,37,89,74,98,89,144,130,92,66,101,71,117,91,104,108,111,147,133,140,156,104,174,130,85,165,143,93,113,117,89,127,145,152,82,98,113,147,77,101,,328,404,286,376,308,421,133,198,139,145,,172,177,153,177,165,66,133,198,119,65,83,124,98,83,95,59,54,27,33,56,135,105,106,91,135,114,134,140,87,81,54,106,122,91,141,35,34,31,28,178,152,149,174,177,181,171,,254,243,197,,200,176,170,184,,144,164,,192,140,217,212,260,299,204,86,83,,44,88,119,166,,140,,159,192,196,198,180,,241,151,133,,62,80,72,155,116,132,,37,36,46,45,39,27,33,34,25,31,31,29,27,31,22,25,23,33,28,27,23,9,20,,15,15,16,30,26,32,20,,25,22,30,23,14,15,18,24,22,26,28,29,21,27,37,44,43,209,193,204,92,79,91,59,100,89,133,154,,141,208,166,255,97,92,110,101,46,73,128,150,93,42,129,52,39,222,108,127,146,157,164,129,58,109,160,138,129,96,160,121,175,179,160,139,109,114,99,139,115,129,82,74,134,77,75,,47,52,60,71,56,67,125,119,144,190,85,83,94,47,73,51,81,110,98,136,116,118,140,119,123,117,105,136,,103,119,113,26,109,86,117,136,112,74,92,157,192,146,174,183,153,168,143,110,85,62,147,98,143,123,110,84,78,84,106,71,152,155,110,138,158,125,155,122,115,92,108,114,173,97,81,113,118,165,95,,109,63,64,59,70,89,83,,65,69,69,69,95,89,,93,95,16,15,82,121,119,122,137,136,142,131,111,119,71,99,61,77,104,118,98,107,127,134,125,142,103,119,111,111,123,126,139,131,131,154,85,69,78,,69,59,68,118,191,135,198,92,90,86,90,55,64,85,110,117,129,174,144,155,,161,127,84,89,90,75,103,87,141,131,,127,139,142,75,103,119,200,153,165,179,174,176,164,,112,107,164,118,107,118,84,93,153,112,120,115,85,73,118,115,117,125,84,61,89,73,76,74,153,143,144,128,140,,115,168,143,170,138,137,114,,167,174,163,107,114,136,144,136,135,,116,115,103,111,94,97,100,,,94,95,152,109,74,137,124,168,149,129,156,46,47,48,151,131,152,160,127,115,115,97,198,126,72,89,,84,118,121,142,,168,141,109,36,75,58,,97,247,182,,70,73,51,30,26,71,128,73,68,80,50,51,26,21,11,77,83,60,144,89,55,98,112,100,130,93,137,175,122,124,128,64,56,80,52,101,97,105,122,125,144,208,121,107,60,55,66,64,68,66,43,25,47,59,26,25,81,51,20,58,51,58,50,65,84,33,81,68,45,52,41,50,85,44,30,27,28,121,108,68,35,128,155,153,167,159,164,,169,175,,98,91,143,158,126,116,126,115,119,119,127,124,130,104,83,82,94,93,196,152,192,99,,86,121,125,124,76,73,59,71,82,93,79,74,54,98,89,113,33,29,33,34,23,25,25,29,26,10,21,17,36,14,13,16,18,24,38,33,78,97,119,95,87,84,154,133,141,129,96,125,94,110,84,64,75,85,73,79,61,70,76,69,76,74,78,70,80,100,120,85,83,106,,99,109,95,107,66,75,84,88,126,108,93,179,195,159,170,190,256,217,210,130,132,116,158,135,150,150,175,,165,185,142,182,165,208,135,157,105,116,118,130,122,106,119,30,62,64,52,111,106,109,98,136,162,179,116,115,119,107,108,108,119,121,132,130,149,124,102,94,97,83,80,118,121,121,111,121,123,99,115,110,118,108,,91,91,115,120,107,127,132,143,124,80,67,84,69,94,94,105,121,122,112,76,95,85,83,104,74,111,140,35,28,48,41,67,60,57,73,70,79,62,66,66,73,32,45,41,59,70,52,,69,109,102,62,65,55,57,125,125,96,146,99,92,85,99,98,100,96,95,146,138,155,164,83,114,99,107,57,76,69,,84,105,108,109,135,116,163,135,159,147,99,133,133,76,78,90,98,110,113,29,39,40,43,,36,43,77,62,79,79,104,94,100,75,64,62,69,58,75,94,78,82,36,50,76,,55,84,48,65,47,41,41,35,57,116,76,70,48,54,114,101,147,59,41,71,66,60,57,95,85,36,55,,28,69,,91,109,63,59,,121,31,36,19,15,98,146,123,150,59,104,90,87,94,110,98,60,,95,97,44,58,76,92,74,101,105,68,110,156,161,74,114,76,54,91,66,,134,113,51,97,79,117,65,78,57,48,129,128,133,105,114,105,88,115,78,138,140,99,86,30,352,424,93,125,121,163,153,187,190,185,217,216,78,96,103,42,21,31,159,285,394,61,32,82,30
20160203,4,SO2,11,15,11,6,11,6,30,5,7,23,12,23,,85,101,57,38,26,81,,51,92,47,59,25,92,,118,88,27,116,82,89,70,65,70,57,65,84,70,72,89,65,75,58,75,86,149,110,69,101,77,107,75,120,19,13,13,33,14,19,16,14,19,65,55,64,69,80,132,103,138,63,72,68,,74,157,161,32,,71,134,167,60,151,63,474,34,64,30,40,46,24,41,16,39,66,48,,135,366,,85,816,,414,70,79,31,35,54,27,45,51,39,15,150,241,72,27,68,41,24,18,18,47,50,47,49,,132,142,9,111,84,29,69,61,18,16,16,16,15,17,15,18,22,11,19,18,35,24,12,27,20,8,18,19,20,20,15,19,21,12,15,17,27,11,14,40,42,55,20,68,36,18,19,37,25,15,25,7,30,19,28,25,24,17,17,26,20,24,20,23,19,27,22,36,,21,37,20,16,12,18,28,21,20,23,29,59,21,9,12,21,32,27,29,16,5,7,7,6,4,6,8,11,17,5,6,26,13,28,23,,18,25,22,4,1,3,7,15,11,13,,9,,13,34,,11,10,11,14,12,8,6,6,5,,,5,4,7,3,23,18,16,15,14,14,11,24,5,8,6,12,6,7,7,5,3,5,3,24,21,12,10,19,30,5,15,29,43,98,38,66,62,,83,60,10,58,47,52,41,51,51,60,85,34,23,26,58,26,35,38,26,33,2,7,8,10,7,9,9,3,10,3,5,9,7,9,14,8,9,60,5,4,3,2,,10,3,3,4,2,5,5,6,5,4,5,6,9,8,5,5,8,2,6,8,12,13,9,5,6,5,3,5,4,9,8,7,6,15,14,6,3,3,11,6,5,11,3,8,4,3,3,4,7,2,5,8,,14,20,16,15,15,9,9,17,4,2,1,5,11,6,6,10,18,15,13,11,7,12,26,16,5,,13,15,18,14,9,6,14,7,6,,7,14,42,51,37,43,51,43,70,39,40,11,5,13,7,25,14,5,4,8,5,5,9,5,34,19,10,71,4,42,29,27,10,28,27,16,9,24,24,11,23,29,17,30,13,12,39,43,80,42,49,49,,6,10,36,11,48,33,22,14,19,25,,56,69,50,57,82,24,38,327,3,32,47,51,23,36,60,54,44,18,6,39,46,62,58,48,53,67,56,128,35,32,17,39,54,23,55,5,3,6,2,56,58,73,92,87,90,56,,98,64,67,,70,67,41,50,,127,93,,125,104,97,37,28,16,47,35,47,,31,19,21,54,,47,,62,56,72,82,115,,59,48,40,,61,28,39,193,171,47,,19,9,8,7,11,14,6,6,8,5,7,5,3,9,5,9,6,10,6,8,9,5,1,,7,6,7,4,3,6,3,,4,5,6,14,6,8,3,3,2,3,1,22,14,7,10,8,12,40,40,44,38,88,56,40,320,173,310,280,,234,193,39,67,55,78,37,98,106,149,225,169,,69,90,20,16,221,74,95,95,157,62,97,25,42,59,27,27,13,172,57,206,136,174,61,24,83,94,25,74,80,56,20,35,27,12,,16,15,40,9,12,9,29,58,60,42,7,10,17,26,37,27,10,8,21,6,12,6,31,8,11,4,17,13,2,6,7,20,3,102,91,56,45,37,51,43,86,179,110,203,152,37,99,32,65,60,74,59,83,22,50,40,137,57,30,45,17,7,10,3,12,12,31,40,37,12,10,9,31,7,14,3,4,3,11,8,,4,3,7,19,15,17,15,,8,11,8,7,18,12,,18,15,2,4,5,5,9,6,12,21,13,41,18,5,14,39,21,6,6,14,10,11,5,6,8,5,5,2,8,8,7,6,6,37,26,6,22,15,34,,31,10,17,9,17,10,1,25,26,24,34,17,15,21,94,18,6,27,15,22,21,27,19,9,15,24,13,102,14,23,24,,239,172,257,43,6,6,5,1,7,22,3,12,57,,42,47,128,79,45,44,49,20,170,65,58,42,52,54,8,107,47,49,10,23,37,45,22,31,18,17,28,14,19,,10,15,12,,10,21,23,,32,24,32,16,6,20,17,8,17,,8,11,1,6,9,9,8,,,78,168,80,5,4,28,15,25,23,26,30,8,10,9,207,171,198,223,229,149,323,275,328,173,160,34,,27,102,175,149,,188,242,21,35,35,42,,168,249,86,,25,50,11,7,1,15,55,28,26,57,12,6,5,22,18,29,35,29,52,108,115,118,51,60,46,55,70,85,28,52,62,165,28,88,55,222,128,135,30,27,56,59,118,72,39,23,12,5,12,15,1,30,4,31,23,9,24,30,5,41,31,30,22,12,13,7,20,9,5,30,16,6,,39,36,35,32,130,148,32,15,6,17,5,25,35,21,,4,21,30,29,5,22,49,55,16,8,6,29,6,10,52,1,26,51,6,3,6,6,13,8,30,,16,36,14,47,14,12,14,14,,28,6,3,5,9,7,18,2,2,4,6,1,6,5,5,4,,9,16,11,7,4,5,6,4,8,5,2,5,4,3,2,2,25,25,21,2,3,7,13,9,5,42,12,24,18,11,11,23,14,20,91,3,16,9,3,20,11,5,22,21,,5,13,4,18,4,9,18,12,2,47,25,36,58,40,74,29,27,66,71,40,34,38,31,59,68,26,54,,20,33,24,26,56,35,34,20,41,41,1,9,3,36,3,10,7,2,10,44,43,26,18,13,20,41,60,23,38,23,16,15,3,7,2,2,3,3,12,11,12,3,9,9,8,11,14,7,9,2,17,7,11,13,2,2,25,17,22,6,13,12,2,23,8,9,13,12,11,22,3,70,43,1,7,31,22,1,6,4,12,7,11,37,9,3,8,8,4,60,11,24,16,15,18,23,9,3,12,14,10,17,,5,13,11,16,8,8,10,11,31,16,18,13,14,5,10,9,5,22,16,9,9,8,10,3,7,8,4,30,7,5,,9,8,3,17,4,20,4,19,10,5,3,3,6,6,5,15,9,21,15,13,11,3,27,,5,11,27,11,41,10,5,5,12,69,23,29,26,36,28,9,14,14,20,6,15,,13,40,4,16,16,2,,4,3,11,6,2,10,11,6,37,11,3,2,3,6,6,11,5,3,1,6,,2,9,5,5,5,11,3,51,31,11,12,9,7,20,11,14,16,19,58,49,52,7,30,19,15,27,19,11,18,17,10,48,20,18,8,13,18,25,6,8,48,26,8,19,19,,8,12,29,19,33,10,8,23,3,29,64,70,66,24,45,43,25,13,4,14,11,8,8,1,22,50,39,33,15,19,1,6,6,4,74,120,31,18,24,3,6,10,18,16,26,22,10,226,3
20160203,4,SO2_24h,20,8,13,17,14,13,25,11,9,12,18,28,,43,45,29,23,14,39,,22,25,36,32,8,48,,100,90,51,98,91,86,38,44,47,40,52,53,53,79,113,48,62,62,140,95,172,135,144,110,99,126,110,147,33,31,36,48,29,27,23,22,33,29,36,31,36,42,97,76,107,96,91,93,,114,172,123,53,,99,113,139,119,122,103,300,49,95,47,84,60,27,68,21,92,90,68,,134,239,,156,322,,165,75,91,94,114,128,41,90,38,95,12,154,118,87,87,143,33,43,41,23,60,58,52,50,,134,180,62,111,129,60,59,91,33,31,32,36,28,30,29,30,33,25,28,30,36,32,23,28,21,24,22,29,31,34,21,27,35,34,35,29,36,32,26,52,53,74,42,73,59,40,44,53,54,23,27,17,23,24,35,37,34,34,35,40,36,42,33,28,33,40,31,41,,32,38,44,24,29,25,40,35,44,34,43,63,25,18,32,31,44,40,41,37,16,14,14,15,10,19,20,20,28,14,13,23,23,29,23,,19,21,18,7,4,6,12,33,20,26,,18,,21,36,,15,15,11,15,14,9,13,18,13,,,13,11,14,12,32,24,24,18,27,11,23,30,5,34,5,11,5,6,6,4,2,4,3,25,20,18,20,25,20,13,25,23,40,91,42,74,72,,80,52,9,77,53,67,55,56,94,59,83,45,32,54,51,32,46,46,36,51,13,17,25,20,19,16,19,24,21,20,11,20,12,15,17,19,20,61,13,11,16,2,,11,20,4,4,2,5,4,12,5,5,5,5,9,8,5,4,7,2,7,7,9,9,4,7,8,7,4,5,6,6,7,5,4,10,8,6,5,4,12,5,4,10,3,9,5,3,3,4,7,3,4,8,,15,18,14,15,14,12,10,14,4,2,2,3,9,6,14,11,23,20,18,12,13,18,22,20,16,,21,18,15,16,20,11,20,10,13,,14,20,22,38,42,24,52,43,43,24,34,12,7,8,6,29,12,4,11,13,7,6,10,6,32,30,26,36,8,42,25,37,16,39,34,25,16,35,40,23,32,44,32,48,32,18,90,93,127,103,65,84,,6,10,23,22,25,11,24,17,26,27,,132,40,30,37,48,28,12,42,9,58,77,70,51,62,80,65,49,22,17,42,65,66,59,72,105,75,84,112,60,61,44,147,98,94,165,7,5,8,2,102,64,92,80,99,76,55,,98,87,62,,73,55,42,38,,128,77,,106,83,98,76,84,52,59,33,59,,44,32,45,115,,97,,97,83,81,79,73,,105,62,42,,47,40,44,89,87,76,,16,8,7,6,10,16,14,10,8,6,8,4,3,8,6,10,4,9,5,6,7,5,2,,7,7,7,3,2,5,3,,5,5,6,12,6,8,3,2,2,8,5,43,17,30,9,7,8,53,47,59,40,143,99,56,198,187,244,260,,211,263,57,92,75,122,53,94,64,85,176,165,115,50,188,53,54,151,137,123,110,122,82,119,59,84,90,55,56,44,138,127,180,104,170,106,65,117,133,80,156,237,62,37,75,53,41,,17,59,99,44,19,55,36,54,76,62,17,44,27,25,46,27,21,27,36,7,32,26,30,20,14,39,42,40,30,41,27,42,28,77,66,61,82,67,67,34,108,159,97,123,158,57,79,56,71,71,83,61,81,30,37,31,39,62,43,72,43,15,17,12,20,20,57,75,51,24,28,22,37,31,18,21,28,17,29,11,,12,9,3,20,17,18,18,,8,11,7,11,21,34,,40,15,3,4,6,9,14,10,23,36,21,32,21,11,30,119,40,95,16,20,10,14,10,7,11,7,7,25,11,9,9,7,7,16,31,6,34,24,21,,33,13,22,14,25,15,14,39,47,32,36,31,33,75,153,20,14,24,23,23,39,37,21,13,33,33,21,69,21,76,22,,186,250,133,70,4,5,6,2,8,23,4,14,93,,34,37,118,74,54,40,37,42,101,61,75,56,54,45,16,39,71,82,26,20,23,33,36,45,31,22,44,38,38,,38,17,30,39,38,26,34,,51,46,59,31,24,28,27,24,21,,20,13,7,12,12,16,16,,,77,166,31,20,17,44,24,37,36,35,37,8,8,6,216,176,131,173,191,146,214,224,334,227,126,63,,36,129,178,157,,209,250,46,61,40,72,,142,345,214,,40,44,18,7,4,30,191,24,30,58,37,16,8,39,20,37,43,34,100,90,83,111,68,47,67,55,87,137,66,88,75,174,38,75,40,83,81,84,61,59,89,131,107,105,41,21,24,26,23,37,10,25,30,33,14,11,16,35,8,36,24,30,20,17,26,9,26,19,5,29,11,5,,36,55,46,38,102,40,57,25,25,29,7,34,50,23,,5,25,27,27,6,44,47,53,62,35,32,46,40,48,57,2,36,47,13,10,13,7,25,22,53,,25,36,15,78,16,14,18,16,23,39,25,31,16,23,14,28,2,2,6,5,2,7,9,6,5,,14,16,7,6,4,5,6,5,9,5,7,9,10,10,7,7,16,36,21,4,2,11,19,20,16,48,15,23,18,17,15,22,16,17,24,7,20,15,11,15,8,8,23,29,,17,17,12,14,31,10,15,12,71,74,65,71,92,75,103,69,73,83,79,42,36,37,39,70,75,34,61,,26,45,25,38,49,47,54,29,48,51,38,19,9,89,5,11,9,25,19,94,58,30,26,43,37,47,53,30,54,29,24,20,15,19,6,6,9,9,33,34,32,7,11,17,19,19,18,18,16,17,30,22,27,24,3,7,32,38,39,13,17,18,5,26,16,15,22,12,11,21,20,42,47,26,27,26,24,9,8,6,18,16,12,38,9,5,5,4,2,26,10,19,17,17,19,27,8,3,11,6,12,16,,12,15,18,22,16,7,10,17,37,17,19,11,10,6,13,16,8,25,21,13,14,14,18,18,21,9,7,31,13,12,,16,8,4,15,6,19,12,26,12,6,3,4,7,8,5,19,13,22,19,12,14,4,15,,8,16,20,19,37,11,16,5,28,20,37,43,47,57,28,14,18,14,36,13,27,,21,33,8,17,54,2,,5,4,12,34,2,15,15,26,27,30,18,4,3,7,8,14,7,6,1,8,,5,7,7,5,7,11,5,60,41,11,22,10,7,15,21,15,22,23,85,83,72,11,34,16,27,26,78,25,19,83,34,67,42,71,65,63,54,28,10,22,222,26,42,85,15,,22,37,40,35,25,29,14,39,4,33,183,149,185,27,151,62,20,31,13,21,18,8,7,2,26,49,21,33,18,29,3,12,12,11,47,77,45,32,37,6,34,58,11,12,16,33,9,196,3
20160203,4,NO2,57,16,,76,52,49,77,11,18,89,41,53,,94,98,95,88,105,98,,93,93,79,101,87,124,,68,74,44,77,75,74,24,94,97,70,99,91,96,73,70,62,72,69,91,94,114,101,98,111,88,91,95,146,7,10,9,16,9,30,39,61,28,56,87,94,84,102,108,90,94,56,71,64,,67,79,79,31,,21,33,38,39,31,45,73,58,38,58,61,53,68,64,42,38,58,60,,65,86,,74,81,,84,41,65,48,25,31,29,31,19,35,8,80,77,74,35,56,21,31,59,41,55,32,42,66,,103,88,71,41,92,28,72,63,12,81,94,44,89,43,82,39,69,81,97,108,80,95,66,64,88,103,36,88,104,75,90,95,93,89,41,34,40,45,,60,28,27,53,62,122,57,121,81,53,88,67,15,24,89,34,83,67,36,83,120,68,91,76,74,102,89,58,84,,48,77,86,11,30,41,42,90,58,30,100,17,37,43,26,53,28,27,57,61,60,53,11,83,23,66,58,40,68,40,19,51,45,54,35,,27,28,30,14,,22,17,31,32,33,,34,,81,65,,25,26,16,16,10,19,44,21,27,,,26,16,11,21,144,79,109,120,121,8,76,12,9,10,7,9,13,13,9,13,11,19,21,33,21,15,2,20,48,10,44,30,10,44,36,57,41,,55,42,20,39,62,28,20,27,74,2,112,96,79,77,95,74,75,90,70,52,52,92,112,78,65,87,75,78,80,20,36,90,21,64,39,43,62,54,44,14,18,8,,5,17,21,9,13,6,15,10,19,27,25,24,9,9,31,13,20,10,14,19,32,22,17,8,16,9,15,17,11,16,6,6,11,10,18,14,18,13,13,13,7,7,7,9,12,4,11,11,7,14,10,6,,43,42,56,15,27,28,26,30,7,11,10,12,2,12,46,35,31,43,37,26,48,53,64,64,18,,71,35,53,63,18,30,37,24,28,,41,41,19,20,19,14,29,32,24,15,25,19,14,18,14,20,47,42,4,55,31,3,17,16,83,43,68,71,37,76,96,66,54,59,43,83,41,82,47,26,78,60,64,37,19,9,13,57,45,24,51,48,,98,90,112,113,99,77,49,45,62,56,,38,48,31,29,38,9,39,55,17,33,34,55,29,44,73,30,25,14,19,65,40,62,,72,23,59,55,59,74,66,31,63,58,92,42,15,13,12,10,71,89,88,92,88,92,51,,112,84,48,,48,66,52,54,,103,84,,71,67,75,58,49,47,24,37,34,,26,39,21,40,,57,,58,54,44,24,101,,108,65,83,,41,22,23,102,119,72,,8,9,8,9,21,7,9,12,10,8,15,11,12,8,11,7,13,16,12,17,4,11,6,,6,8,8,16,11,7,23,,25,9,10,18,8,8,8,4,8,10,16,10,13,5,20,27,31,34,25,28,33,52,33,19,35,45,76,53,,116,56,25,51,38,50,16,27,80,32,84,48,,24,14,6,3,66,47,53,59,84,62,81,18,63,59,38,55,40,82,58,66,74,72,63,22,51,60,37,38,49,48,17,37,31,19,,10,41,33,41,51,27,30,,44,60,11,21,17,28,31,27,65,111,68,74,47,66,70,61,32,36,64,62,15,26,26,24,4,71,68,81,71,50,4,26,72,75,55,85,70,29,29,36,41,68,61,64,50,71,82,64,100,64,59,51,42,41,36,44,12,21,36,65,19,18,29,52,18,70,17,52,16,23,42,2,,21,9,11,16,22,18,21,,13,9,15,11,27,9,,19,18,6,4,18,30,28,37,37,40,37,31,57,14,46,28,25,20,29,19,29,27,18,8,28,78,17,17,25,9,18,7,15,39,30,17,18,13,14,,18,16,9,36,66,63,84,36,54,23,29,25,39,33,75,24,44,69,56,68,59,63,68,26,51,54,63,22,7,19,29,,36,54,64,8,27,12,8,45,64,46,31,20,67,,17,22,99,87,24,89,181,48,79,73,78,62,22,27,43,14,54,32,14,22,20,29,20,22,74,87,39,42,52,,18,31,58,,61,55,38,,67,88,70,48,46,73,65,43,26,,16,23,45,27,27,23,33,,,41,63,65,23,13,43,63,39,52,33,22,36,42,58,69,69,62,55,67,41,75,75,62,28,62,19,,17,21,80,55,,68,126,43,22,19,25,,15,69,54,,16,23,21,9,8,20,34,13,26,106,7,3,3,9,13,31,25,9,37,48,36,49,36,47,43,43,54,55,33,31,44,36,24,36,44,95,70,79,41,43,68,66,58,40,19,18,15,5,18,37,20,8,51,47,14,7,23,24,12,28,25,23,17,29,29,16,27,56,19,33,10,3,12,16,6,11,5,51,62,51,5,31,23,21,53,80,33,,8,50,67,54,42,89,56,23,31,24,25,56,54,49,36,12,72,81,42,20,10,21,50,55,40,,28,53,28,22,23,24,20,8,,45,32,51,42,54,20,96,13,5,22,12,9,6,8,6,9,2,6,7,7,10,12,10,12,8,5,16,3,2,3,8,8,6,29,37,31,20,7,27,37,23,33,12,47,16,31,22,6,2,19,15,19,35,40,24,31,27,31,16,30,27,,42,25,33,37,15,21,36,14,50,59,58,15,80,54,43,33,112,36,42,50,48,47,39,52,39,52,73,,51,51,79,24,18,27,25,89,46,52,55,27,19,32,71,5,20,19,36,15,17,18,20,37,34,63,34,33,19,9,84,69,30,24,12,11,13,16,35,22,19,14,16,37,47,52,46,44,46,7,22,34,21,24,47,31,33,25,61,16,7,20,9,16,12,11,24,13,28,38,23,34,24,20,15,79,10,3,35,4,23,17,6,4,8,11,21,8,10,13,14,24,9,5,21,9,10,16,17,9,,11,,20,38,44,37,27,16,19,62,61,56,68,6,29,25,38,10,10,22,29,21,35,24,22,9,23,8,14,4,26,15,,9,10,40,30,31,39,11,39,23,6,4,20,29,22,18,8,16,18,15,8,10,10,17,,10,19,50,17,59,8,11,14,13,39,18,14,16,16,13,6,24,18,7,11,24,,18,92,13,24,15,2,,4,9,26,15,15,7,11,5,6,4,3,5,,12,6,5,31,36,2,9,,13,10,9,19,26,6,2,19,27,7,2,3,6,24,27,55,30,50,59,62,74,17,29,46,24,43,36,22,6,14,20,22,21,23,19,49,43,20,36,16,11,18,20,43,29,,42,24,33,30,26,6,3,9,11,1,4,68,92,19,17,27,34,33,63,35,66,17,10,4,78,89,38,9,24,25,6,55,44,30,51,18,49,22,26,13,4,20,58,57,77,26,12,51,19
20160203,4,NO2_24h,55,6,,69,55,62,66,31,28,39,53,56,,64,62,59,65,68,68,,66,64,62,67,49,64,,61,64,48,71,63,66,21,68,71,57,78,64,76,53,55,59,64,60,88,94,104,88,96,93,91,88,96,137,14,23,23,33,15,45,49,55,38,29,62,59,53,71,100,65,75,65,72,68,,71,81,73,31,,21,38,38,47,36,45,64,51,48,57,65,46,59,62,42,62,60,59,,62,97,,81,82,,64,50,67,53,51,46,36,42,23,60,9,83,70,80,65,78,20,29,58,47,56,41,50,95,,122,104,93,50,113,51,64,68,45,71,63,66,59,59,63,58,55,63,72,87,64,87,55,34,69,90,40,68,90,72,70,65,79,73,50,47,42,40,31,51,22,31,56,63,69,49,77,67,60,58,51,17,17,64,37,71,86,48,74,75,60,79,69,53,77,70,44,63,,42,61,66,31,59,50,66,48,42,43,61,17,37,47,37,50,57,26,56,61,49,53,17,59,29,59,59,56,54,48,24,53,52,46,48,,33,45,48,21,21,38,23,44,41,51,,42,,54,41,,27,31,20,32,22,26,34,29,23,,,15,28,19,20,110,74,86,69,97,15,75,21,19,17,9,10,19,21,15,16,8,25,24,47,26,16,27,32,43,16,46,35,21,61,46,91,74,,74,54,21,44,62,41,24,21,72,4,75,77,67,61,73,50,53,64,65,40,38,72,76,61,56,70,65,67,71,18,41,58,32,34,50,41,56,43,39,16,38,31,,18,24,29,12,41,7,30,17,31,38,34,36,11,17,44,14,22,14,18,22,42,18,32,18,25,14,28,30,13,21,6,32,23,18,24,16,28,10,16,19,15,15,13,17,16,10,14,16,9,19,20,10,,23,25,47,17,14,18,23,27,7,13,8,16,6,29,53,47,56,45,50,36,43,38,67,53,39,,65,46,49,50,50,50,51,48,54,,66,41,17,27,19,15,24,33,30,18,33,31,27,11,19,31,51,43,7,44,35,10,21,26,74,61,65,81,30,77,60,77,53,65,33,77,44,70,80,25,65,57,57,42,52,12,22,53,38,40,40,46,,87,77,106,109,92,50,46,43,49,52,,46,43,35,41,40,12,24,40,27,52,53,53,43,57,58,48,39,20,30,45,56,51,56,44,38,44,42,58,68,55,33,35,57,80,50,19,23,19,12,68,69,86,73,77,67,43,,67,66,53,,73,55,43,44,,85,66,,61,58,56,52,49,46,35,48,60,,36,44,53,49,,69,,55,54,64,50,83,,89,67,69,,41,35,45,66,69,59,,15,11,12,8,17,15,21,19,14,12,19,16,14,9,14,7,15,19,17,18,6,16,9,,9,9,9,17,15,12,20,,24,13,20,16,10,11,14,7,12,16,17,22,20,18,14,23,20,51,39,47,26,52,43,27,37,42,63,44,,96,58,24,59,36,61,14,28,64,26,72,52,38,14,47,24,17,62,55,59,65,78,56,64,37,66,62,53,60,43,72,68,61,54,79,77,41,49,63,48,52,67,52,40,54,47,40,,10,41,58,36,32,19,29,45,40,61,15,32,42,28,48,41,48,84,50,58,54,57,53,51,31,35,41,45,16,24,29,16,4,64,56,62,73,46,6,37,67,77,55,75,70,59,50,62,62,61,49,54,35,49,56,50,37,61,46,53,39,39,45,44,18,38,59,69,40,15,34,46,22,30,18,46,22,27,36,2,,26,12,12,12,27,14,23,,14,10,16,11,28,31,,27,20,16,12,26,47,38,43,40,29,41,42,37,19,40,38,25,31,32,26,35,43,20,19,31,74,16,32,41,17,31,19,28,58,36,32,29,21,19,,31,28,20,56,61,66,79,42,59,41,34,28,42,38,79,27,37,51,50,57,52,49,56,35,52,56,50,29,10,25,47,,22,54,37,19,37,17,10,46,33,52,52,32,70,,33,40,69,60,47,67,111,46,70,51,73,46,47,49,48,16,63,49,21,24,34,41,18,30,42,55,39,55,64,,40,60,71,81,59,47,40,,60,78,65,56,43,71,65,38,31,,23,27,57,38,26,24,32,,,44,50,40,36,22,43,50,44,53,35,25,29,30,35,66,59,55,51,53,36,54,57,49,34,48,23,,20,28,73,53,,62,118,38,16,15,25,,17,75,61,,32,44,28,19,15,30,58,28,38,66,32,20,15,10,14,33,36,13,39,38,25,42,32,42,52,41,54,61,47,43,57,39,26,32,33,68,56,55,46,47,64,67,47,50,27,17,25,16,35,44,18,10,51,37,11,10,24,24,15,21,24,30,14,40,35,22,35,38,22,38,7,14,33,12,33,18,10,56,37,42,14,34,47,19,56,51,47,,16,51,42,38,22,92,70,62,53,41,41,54,50,51,56,15,78,53,41,23,13,32,70,68,41,,35,58,39,17,38,22,25,17,53,34,30,54,25,60,34,67,25,9,18,11,11,12,12,13,11,3,13,12,14,9,14,14,14,11,10,16,7,7,11,14,17,10,17,33,25,15,6,16,19,22,30,23,26,11,25,25,8,9,27,16,23,21,25,22,25,18,32,19,31,30,,27,25,22,30,10,16,31,18,86,66,66,32,68,60,53,56,100,62,53,57,48,52,46,30,43,48,57,,37,42,57,36,25,45,38,55,39,47,33,18,30,35,38,7,29,29,31,32,40,39,23,49,39,46,44,46,48,22,60,43,46,46,17,22,23,25,48,23,27,20,21,30,29,50,29,40,39,12,23,21,28,24,42,50,33,51,56,20,18,31,21,26,11,11,24,12,17,14,21,20,20,18,17,44,12,11,28,5,24,22,12,10,16,20,23,10,11,16,13,28,9,8,20,12,9,21,21,7,18,14,,12,29,33,22,28,12,13,54,64,52,68,6,33,26,41,26,21,32,45,36,43,41,39,9,31,17,29,10,36,29,,19,26,49,42,46,62,7,41,40,18,14,39,45,37,13,13,27,17,20,8,14,16,27,,11,22,31,30,52,15,22,23,29,21,33,21,24,22,18,10,33,21,15,18,34,,20,61,14,16,21,6,3,15,15,23,13,18,15,21,20,16,21,11,12,,21,11,20,25,29,2,10,,21,25,20,16,21,11,5,18,42,9,16,4,7,20,49,53,45,42,67,63,63,21,31,32,32,27,39,23,6,38,47,43,44,38,31,52,50,38,49,19,28,22,31,44,22,,41,34,28,43,17,8,12,15,12,9,40,53,94,18,34,35,25,35,40,48,52,16,14,3,75,102,26,11,31,40,13,51,43,40,35,20,56,44,34,28,13,45,68,67,66,23,21,34,37
20160203,4,O3,12,46,,2,31,21,2,39,24,3,,9,,3,2,7,14,2,4,,6,4,,6,3,3,,,4,4,1,2,8,69,13,5,8,14,5,6,8,11,3,6,9,6,28,25,55,13,6,16,16,6,3,64,72,71,71,51,42,25,13,41,31,2,9,8,3,9,4,4,42,31,29,,6,9,12,4,,20,2,3,7,3,4,3,11,5,5,6,3,8,4,26,40,5,3,,6,6,,5,9,,5,37,18,22,31,57,34,52,62,56,86,13,29,6,41,32,67,44,8,30,48,37,31,35,,2,6,9,16,19,52,18,21,84,15,11,78,27,57,13,72,20,7,5,9,5,6,13,43,1,28,33,3,9,2,4,5,6,5,26,66,44,27,47,16,19,46,33,57,6,23,6,15,49,13,15,12,18,20,40,10,5,23,5,5,18,3,8,9,5,9,72,8,,9,14,14,60,68,37,57,5,11,63,2,42,43,40,58,54,80,53,34,33,21,13,77,4,42,11,12,19,27,27,29,49,34,33,66,,61,70,66,67,71,60,63,31,29,31,,27,,8,26,,63,63,79,91,106,76,18,42,25,,,39,52,55,27,2,3,2,5,3,4,20,9,24,18,66,73,65,34,60,75,25,15,39,49,97,85,,100,56,55,57,72,78,48,71,51,73,,58,66,80,47,38,30,47,62,29,31,19,8,13,,,15,4,20,,11,25,1,1,10,57,3,20,115,3,227,21,,28,1,11,8,17,3,5,36,59,60,,60,52,49,60,62,43,69,58,39,32,49,38,63,43,57,58,52,49,45,50,32,29,39,58,58,52,42,40,40,44,45,35,43,35,32,34,41,46,40,57,43,58,49,48,50,53,53,42,40,51,47,47,,7,9,,42,38,6,36,11,47,31,53,30,42,67,8,2,27,4,31,30,4,10,5,2,38,,3,2,10,14,64,38,39,37,45,,40,32,53,65,54,115,61,43,56,74,39,29,49,46,17,32,9,3,46,7,35,53,41,51,12,44,11,18,11,9,8,12,14,19,15,4,17,8,31,60,4,4,20,25,57,51,59,7,19,54,18,43,,2,2,3,4,7,6,16,7,9,16,,16,13,35,29,16,94,14,6,22,29,34,16,24,19,7,130,61,41,32,23,20,6,22,3,20,21,3,9,22,11,55,10,14,34,8,50,44,14,44,1,3,3,4,10,9,3,,2,12,34,,29,7,9,8,,4,11,,6,9,17,35,8,66,56,33,55,,36,19,58,28,,20,,13,51,40,58,6,,7,5,4,,55,64,63,8,7,9,,75,67,76,71,60,21,25,19,19,25,16,30,30,28,35,17,31,20,30,26,30,22,34,,33,37,35,56,56,58,35,,32,63,57,58,35,25,19,16,18,14,18,20,9,35,19,9,7,58,63,85,8,10,24,44,12,8,11,16,,24,5,10,8,7,43,4,9,3,6,11,3,5,19,23,31,80,1,24,17,14,4,3,6,43,4,5,35,5,25,9,11,5,5,6,8,43,16,34,30,28,33,43,86,40,69,93,,110,14,21,11,,17,10,12,15,19,103,56,51,53,27,54,22,49,76,25,2,3,4,16,5,15,1,8,22,20,33,28,89,8,1,24,12,5,18,30,6,14,10,9,3,46,65,99,68,6,8,2,32,7,6,14,5,4,4,12,,9,33,9,23,28,77,38,79,2,26,19,18,14,43,47,32,20,13,18,,34,20,,59,96,82,81,,48,69,53,56,22,65,,46,72,55,57,33,31,14,20,15,10,17,44,7,15,5,13,6,13,25,28,23,25,31,5,5,32,44,37,24,18,9,6,7,11,15,26,57,72,58,,67,35,31,17,8,10,9,32,12,69,54,51,5,9,2,86,10,6,5,15,6,13,6,42,3,28,11,41,72,54,50,,13,24,5,30,90,85,36,1,15,26,24,41,7,,76,59,3,14,76,9,50,54,8,2,17,14,68,53,1,41,32,23,27,59,59,40,13,24,24,3,38,32,33,,46,,15,,23,11,11,,19,17,22,21,49,13,27,7,54,,41,109,84,29,49,36,36,,,30,10,4,55,76,26,6,45,59,18,65,12,7,13,34,12,11,9,14,31,5,3,10,10,7,2,,4,6,12,16,,38,5,12,17,1,4,,15,12,2,,44,27,53,69,75,45,38,40,40,5,83,88,88,79,81,37,60,84,4,,23,7,7,16,11,32,9,7,18,27,41,25,21,,15,18,20,7,4,8,2,4,20,19,57,50,44,51,65,26,32,73,21,29,81,77,72,32,66,49,69,74,89,45,40,9,65,31,88,80,81,51,52,54,43,52,62,41,33,1,41,60,19,38,81,3,67,,35,28,32,36,38,19,76,75,47,8,38,10,53,22,20,18,7,10,67,32,29,11,18,30,18,,28,57,6,140,22,46,50,12,,36,7,,1,90,50,46,58,40,51,68,46,41,41,41,38,55,53,65,31,33,45,44,39,37,61,48,60,45,70,72,44,35,,,1,1,32,14,12,16,8,22,7,33,19,15,49,63,63,61,58,21,25,32,17,21,17,10,21,19,,3,15,6,13,51,48,64,45,19,18,18,24,1,26,10,57,57,53,42,45,26,51,55,64,58,74,19,,6,22,19,65,79,69,65,10,54,38,3,10,35,16,8,85,18,22,28,75,37,60,53,58,42,14,86,72,57,84,2,1,38,53,35,24,13,45,28,28,39,10,4,12,1,3,2,17,11,25,32,15,41,38,33,64,56,33,17,37,57,60,68,33,51,61,38,65,42,16,6,10,17,22,52,28,44,52,13,26,4,5,63,55,47,52,63,64,36,54,64,70,68,50,23,67,35,49,38,17,10,49,,15,3,15,2,10,40,31,6,6,4,5,14,19,7,21,33,33,28,30,56,51,50,47,62,29,38,42,53,45,40,,26,5,6,6,26,20,22,3,102,5,53,18,2,2,14,30,36,18,34,31,43,47,21,,49,25,6,39,1,69,7,13,90,,65,56,57,48,52,48,33,36,34,65,55,,84,30,58,45,82,80,46,93,24,16,27,43,50,50,39,37,44,47,48,,22,70,56,2,,15,2,,57,30,44,32,37,87,55,7,8,9,50,84,76,20,17,4,7,1,1,,3,34,28,6,29,22,18,37,39,56,66,50,47,50,58,30,32,61,44,46,55,52,36,27,33,,11,31,29,30,65,60,64,41,9,4,46,2,12,24,56,31,15,15,2,34,7,25,30,84,14,66,47,15,48,74,56,4,11,13,9,16,43,58,61,57,89,54,31,31,21,8,22,29,59
20160203,4,O3_24h,52,89,,55,69,52,65,78,52,68,,69,,52,48,91,69,66,71,,63,69,39,69,45,88,,68,86,80,68,68,71,97,88,86,86,89,100,85,36,91,40,87,34,83,86,73,125,102,76,83,69,75,65,92,90,84,91,77,80,84,79,86,86,61,70,67,55,82,82,84,96,101,77,,70,46,71,38,,52,58,44,38,27,80,62,72,65,72,60,39,68,60,84,55,67,77,,64,51,,62,55,,103,86,75,74,60,86,93,84,95,85,139,74,86,37,73,68,101,116,52,91,110,43,81,43,,24,27,56,53,63,92,46,76,88,79,84,102,87,89,90,100,90,119,102,131,127,105,144,123,114,57,90,89,89,60,91,92,90,89,100,101,87,107,55,99,107,70,105,118,112,90,91,43,107,108,102,105,110,136,93,102,59,95,89,88,125,64,63,89,92,81,123,86,,79,119,125,95,93,95,115,132,64,99,104,93,104,97,105,106,125,102,71,89,102,105,128,93,106,66,100,115,127,106,100,103,98,113,103,,123,102,99,68,71,70,68,90,91,67,,104,,105,127,,86,88,90,115,123,91,75,95,96,,,160,95,100,91,103,81,54,96,93,112,92,105,100,116,73,78,77,41,73,88,53,28,66,91,140,115,139,120,87,127,120,113,84,79,87,63,93,,86,92,91,92,83,58,92,116,77,53,93,100,66,134,74,72,221,77,36,124,125,107,92,105,156,106,99,125,81,227,75,115,93,107,81,105,99,79,105,104,59,60,,105,73,67,73,62,72,69,79,53,45,56,38,92,49,60,65,71,67,53,62,41,47,53,62,66,56,48,46,50,52,61,38,47,43,43,44,49,50,53,62,44,58,53,51,59,58,62,47,49,54,47,52,,60,64,29,57,69,68,67,68,64,52,58,39,53,83,55,33,55,62,55,70,40,61,27,62,61,,32,25,60,86,74,95,100,91,89,,99,85,75,82,73,125,109,54,74,104,55,47,49,78,47,50,40,39,100,95,100,153,79,81,70,82,76,50,75,62,102,64,48,42,103,59,82,77,95,104,81,81,86,45,72,102,61,57,82,123,105,103,,17,17,22,25,38,22,94,74,146,86,,39,76,78,57,54,108,53,45,71,71,57,84,54,75,94,139,88,73,96,93,97,109,99,77,47,104,81,79,91,105,108,37,86,119,81,60,50,63,55,36,58,23,93,70,110,94,,77,78,77,,58,50,36,60,,101,75,,40,79,74,101,104,100,99,74,66,,89,76,65,107,,102,,71,106,85,97,75,,109,92,80,,72,84,82,109,92,98,,76,76,76,81,74,46,54,77,44,52,52,42,46,45,50,33,49,40,43,38,41,29,40,,43,48,43,65,60,58,51,,33,66,65,66,54,47,27,39,33,35,51,23,10,38,52,29,44,92,126,171,91,65,49,81,46,53,73,80,,90,88,62,58,69,88,59,38,59,58,85,84,52,36,29,38,99,83,77,38,66,64,45,58,56,72,52,70,41,60,74,41,48,43,28,104,88,91,85,102,97,92,106,92,119,108,122,,135,86,51,53,72,77,74,65,90,82,148,104,70,88,33,85,109,77,84,35,87,89,110,55,30,72,43,71,46,103,97,112,89,80,30,83,77,74,58,74,76,62,76,50,49,52,77,122,98,73,106,83,83,105,111,105,112,84,63,82,94,112,98,78,90,81,133,90,118,89,77,92,102,109,101,120,110,75,78,25,,112,100,,71,109,102,94,,53,83,62,75,72,90,,88,78,69,65,90,84,46,82,43,32,40,68,67,66,87,51,71,80,100,79,75,59,116,21,23,47,102,510,283,247,19,22,23,20,45,34,64,82,83,,76,51,37,57,95,70,63,99,96,125,115,129,84,81,71,121,73,90,69,104,81,115,115,80,29,77,84,82,101,80,76,,106,84,90,97,99,88,43,102,48,55,57,77,77,,91,73,64,67,102,106,124,140,105,73,101,112,73,61,37,100,81,62,56,84,108,78,59,83,101,57,64,84,92,,75,,84,48,97,68,47,,91,95,102,92,155,72,72,90,91,,80,123,122,62,91,109,115,,,57,50,84,125,124,128,102,75,104,28,99,62,48,63,65,116,86,64,68,40,87,81,78,81,86,17,,44,56,58,43,,130,46,87,117,134,47,,32,74,69,,79,71,94,69,78,75,79,58,85,53,83,88,89,96,93,77,104,96,50,92,52,59,78,84,87,105,91,118,50,62,108,70,68,47,38,81,57,68,64,89,55,65,101,54,80,63,73,83,110,85,95,81,69,80,100,84,80,74,89,60,81,79,107,70,92,59,103,99,108,80,96,51,83,112,51,76,76,82,156,45,66,106,24,73,137,136,134,,115,78,114,86,110,77,128,154,59,29,75,25,99,77,52,23,31,32,179,76,207,30,57,72,61,,59,132,40,197,24,68,88,25,128,74,45,27,37,122,69,82,69,53,69,74,56,61,60,53,62,78,62,74,34,47,53,51,52,70,74,69,104,66,87,98,97,66,45,45,53,24,96,86,88,117,102,75,65,76,66,69,82,80,75,84,83,69,138,110,78,63,53,58,65,63,,58,60,66,63,77,114,110,95,58,50,54,75,74,89,51,68,72,63,67,88,49,112,105,121,115,141,118,,106,113,127,107,119,99,114,108,113,93,94,123,120,43,94,111,61,76,101,102,55,87,80,112,110,84,119,123,68,119,119,92,92,122,97,115,108,112,104,233,92,49,34,96,88,66,87,80,66,105,84,114,99,99,133,107,126,106,123,163,57,60,69,33,114,131,84,128,125,109,137,105,114,108,129,124,396,131,115,81,82,106,73,133,53,54,65,64,51,65,74,84,73,61,32,72,63,62,49,63,72,52,,88,79,108,83,70,70,62,47,51,64,45,31,50,20,53,95,91,73,76,61,69,71,64,126,95,94,95,82,68,76,,39,79,53,27,81,80,46,20,124,19,60,29,24,30,75,120,84,83,89,59,106,88,57,,85,65,63,65,76,98,39,23,107,258,66,60,61,55,114,121,59,61,37,69,88,,112,166,107,83,99,80,49,110,94,107,90,127,83,88,47,53,52,84,83,46,103,83,66,110,124,47,33,,60,86,96,61,87,90,88,27,47,11,55,85,78,64,58,79,58,84,94,76,96,72,107,100,110,101,33,71,47,61,69,82,86,98,116,88,115,97,73,69,71,71,85,73,81,,38,109,82,75,106,90,102,111,32,5,79,56,70,44,74,50,44,43,93,53,59,43,42,116,30,95,94,28,67,86,71,79,48,53,62,69,64,62,91,103,93,67,62,59,80,35,40,84,65
20160203,4,O3_8h,10,72,,2,23,7,2,27,14,40,,11,,3,2,8,8,3,5,,6,4,,7,3,14,,2,9,6,2,3,14,82,16,6,11,16,10,8,13,13,4,8,10,7,29,23,56,12,5,10,21,5,3,63,66,65,62,53,31,12,11,45,56,10,17,18,6,12,5,6,27,24,19,,6,11,15,2,,22,6,4,4,3,5,6,7,6,3,7,4,5,4,17,24,9,4,,7,7,,6,10,,6,40,23,21,17,44,38,39,59,34,107,12,32,4,20,21,69,48,8,15,36,38,40,30,,2,5,1,14,20,55,26,27,66,45,38,71,42,63,48,56,39,7,10,9,5,6,13,88,6,29,39,4,10,2,6,10,6,4,18,65,51,69,26,31,49,50,53,44,22,19,21,14,27,9,15,12,18,26,38,12,6,28,5,6,25,4,8,14,11,11,52,14,,4,22,25,41,22,14,33,12,9,45,7,25,47,34,50,50,65,57,33,29,24,14,84,11,39,8,9,10,17,27,33,28,17,33,46,,62,46,34,66,65,38,64,34,30,27,,18,,29,59,,58,60,74,60,98,53,40,56,49,,,48,55,57,28,6,7,3,10,9,4,21,19,37,35,69,74,64,34,56,82,29,14,40,28,85,77,63,78,45,54,43,55,75,31,61,28,38,,51,49,78,41,52,43,51,80,30,16,26,28,16,29,20,37,38,49,6,26,26,2,3,7,54,8,16,24,5,93,20,18,14,34,12,21,30,12,6,49,36,43,,48,45,43,59,42,48,58,59,46,38,47,31,72,44,56,60,58,57,44,53,21,40,32,50,50,42,33,29,42,44,48,27,36,30,27,32,35,43,36,49,38,49,47,41,48,48,51,39,42,47,43,45,,26,24,2,39,46,11,39,13,52,36,54,31,47,70,4,3,18,4,15,20,3,10,3,2,28,,8,2,5,7,37,38,32,34,46,,38,60,56,57,56,115,60,39,49,74,32,12,18,69,18,13,9,5,46,18,30,57,36,31,11,32,11,12,12,9,10,10,16,17,19,3,10,12,20,72,7,11,54,32,65,63,58,14,29,42,39,51,,2,2,3,4,5,8,12,10,11,16,,10,9,30,18,12,97,30,7,24,18,27,9,23,7,12,51,31,46,36,23,12,16,12,25,14,41,16,8,22,29,65,25,24,51,9,48,39,14,42,2,2,3,7,11,24,8,,8,4,39,,28,8,10,8,,5,10,,7,11,23,43,23,62,53,20,51,,29,16,37,24,,15,,12,42,32,48,8,,10,5,5,,50,58,46,14,33,11,,70,67,68,69,58,21,26,30,23,32,18,28,31,28,35,17,33,21,23,22,27,23,35,,36,39,36,55,52,53,28,,18,64,53,62,38,27,19,15,19,11,21,10,6,21,30,10,16,56,82,104,11,10,20,47,12,11,11,17,,24,9,12,10,9,29,6,10,3,7,11,3,5,26,24,30,69,5,23,12,11,5,3,11,42,6,6,26,5,28,11,14,7,12,6,10,47,19,28,30,26,33,22,62,23,53,74,,110,31,24,28,28,43,8,8,17,23,104,58,51,58,26,48,24,21,75,23,3,4,15,23,9,8,3,8,20,26,40,55,85,13,8,31,13,8,34,36,12,15,10,12,4,37,56,84,64,18,14,4,58,22,21,25,51,5,6,18,1,25,40,24,34,25,40,16,60,5,17,25,14,46,51,63,56,24,30,17,,41,21,,66,94,89,81,,49,71,55,56,16,61,,38,34,59,59,45,31,20,31,20,17,20,36,18,24,12,23,10,20,38,38,23,25,24,6,6,22,62,42,30,22,12,6,7,9,14,28,51,68,60,,57,29,25,16,10,10,14,18,9,51,41,53,4,8,4,86,24,20,13,23,17,22,15,40,3,22,17,56,74,53,50,,29,25,4,21,95,85,38,42,26,16,13,39,7,,66,53,3,21,47,18,60,46,12,4,21,15,55,54,1,23,12,7,20,57,25,17,8,10,59,10,33,28,24,,35,,20,22,32,21,14,,24,19,37,6,62,11,18,27,52,,59,104,86,29,57,38,53,,,36,14,9,45,74,21,9,46,69,20,67,21,14,18,38,15,16,12,18,32,5,4,12,8,6,2,,5,4,14,16,,32,8,14,25,3,5,,15,16,2,,39,18,62,65,73,25,20,17,52,9,56,68,78,75,69,34,43,76,6,9,24,14,9,29,4,38,10,7,12,21,18,35,18,3,22,21,30,4,5,9,2,11,18,16,59,52,44,56,52,18,42,71,25,36,84,77,68,26,65,48,75,77,96,47,51,19,64,39,86,50,84,21,31,72,36,38,57,41,55,1,34,35,16,52,84,14,26,,50,22,64,56,58,7,70,63,47,9,35,12,70,26,17,20,8,12,107,33,66,12,18,26,16,,28,65,8,140,21,46,61,14,15,41,12,,7,87,51,43,47,38,60,71,41,29,29,37,26,64,37,49,12,36,48,46,42,46,59,49,73,34,54,54,43,33,6,4,7,3,45,30,26,42,29,29,32,48,28,24,55,67,66,73,65,33,58,55,27,26,8,21,19,15,,18,12,22,8,54,70,60,59,14,18,23,25,2,26,9,56,53,48,44,48,30,54,56,72,68,85,21,,9,25,22,60,88,63,71,45,76,60,19,46,42,12,29,88,14,34,48,79,37,53,57,33,41,28,78,69,44,77,5,5,18,41,29,22,13,43,51,36,54,21,11,17,24,17,28,25,22,40,50,51,53,60,45,36,55,26,18,37,47,56,65,31,73,79,52,83,72,50,16,24,25,28,67,66,68,74,45,21,14,13,64,71,50,53,59,57,44,55,67,62,70,54,27,69,52,47,34,27,28,50,,21,7,18,8,18,50,44,8,6,4,10,15,20,9,21,38,38,31,31,33,22,17,28,73,46,48,50,59,41,40,,23,6,8,7,19,16,26,2,110,6,50,7,2,2,37,32,26,31,32,35,41,45,20,,50,28,16,30,6,68,17,9,83,176,50,46,50,40,61,59,34,40,33,66,55,,72,67,68,54,75,77,47,92,31,34,32,50,58,62,41,36,45,54,51,6,20,74,57,12,26,31,8,,49,18,38,35,46,85,76,5,6,7,52,83,76,19,11,10,8,3,2,,5,42,34,14,23,48,21,48,36,51,48,36,26,42,56,22,28,57,43,58,30,56,33,32,54,,11,32,33,43,65,58,53,46,11,4,33,12,12,25,53,23,26,20,34,19,17,24,24,86,17,60,68,17,43,62,53,13,13,7,16,19,42,53,64,55,86,37,27,25,22,13,22,46,45
20160203,4,O3_8h_24h,48,83,53,49,61,41,51,72,46,59,64,55,,48,44,83,63,58,61,,56,58,32,60,39,84,,56,72,64,62,59,60,88,70,66,64,59,76,59,32,76,30,64,28,42,52,43,95,68,56,62,52,54,43,85,78,73,76,69,67,68,62,72,80,54,64,57,49,64,67,68,82,76,62,,51,36,59,32,,47,37,32,31,20,50,44,63,50,55,41,37,57,47,71,41,51,55,,55,33,,34,35,,80,70,54,60,40,67,78,66,80,58,127,54,68,28,55,53,90,103,43,75,92,41,59,30,,16,18,36,40,40,85,40,57,76,63,73,88,81,72,73,85,75,94,82,108,96,74,99,114,77,52,75,76,77,52,76,80,72,66,74,81,74,78,50,88,93,58,88,96,98,72,82,37,79,93,86,88,92,113,83,80,59,83,68,70,83,46,50,73,77,68,96,68,,59,75,97,80,74,76,94,112,55,84,84,78,88,80,89,91,100,83,60,66,88,82,119,81,86,56,87,98,110,93,89,90,82,95,90,,105,88,85,66,65,56,64,76,77,57,,93,,92,111,,73,77,84,100,105,80,69,88,85,,,109,80,88,81,83,58,47,87,77,88,82,84,87,100,72,80,73,38,68,89,51,22,56,76,131,106,125,108,72,115,107,98,77,62,74,48,76,,75,78,85,81,72,53,78,108,68,43,79,84,40,70,58,65,101,68,24,104,102,70,70,77,129,79,85,105,66,100,67,103,81,94,64,92,85,68,96,96,43,43,,57,61,57,68,42,68,62,74,46,39,49,34,81,44,56,60,65,64,48,58,35,42,45,56,60,48,46,43,45,44,53,42,45,36,40,37,35,47,41,52,38,52,47,42,53,52,56,41,45,47,43,46,,56,60,26,55,67,63,64,61,57,46,54,34,48,70,38,17,34,39,42,46,23,48,18,50,40,,19,16,50,56,58,69,78,69,66,,71,78,67,71,69,118,98,52,63,95,47,28,32,74,35,34,23,22,90,84,90,93,72,76,51,64,62,34,56,40,82,47,41,36,79,42,65,47,69,96,63,48,54,35,65,86,58,48,63,105,94,88,,9,12,16,18,25,18,87,65,98,75,,32,62,66,48,45,104,49,42,66,52,46,67,43,58,77,51,76,61,77,84,71,92,80,72,34,86,68,59,72,83,95,34,72,107,66,63,50,56,58,29,44,19,75,55,84,76,,58,59,65,,46,37,33,53,,79,64,,33,67,60,73,87,90,89,58,51,,49,60,55,87,,79,,54,87,66,80,53,,74,78,66,,67,79,74,53,71,84,,70,67,68,77,66,35,39,59,36,45,39,36,40,39,42,29,44,34,38,34,37,26,35,,40,44,41,58,55,54,35,,27,64,58,64,48,40,24,31,26,26,41,18,8,29,44,21,28,79,111,141,80,49,42,58,40,44,58,64,,79,68,46,41,54,77,45,30,48,51,75,66,47,32,24,34,85,60,56,34,49,47,35,40,58,48,40,59,31,52,50,31,34,33,21,30,69,71,75,82,70,65,89,78,94,88,107,,129,66,40,46,62,69,62,52,43,59,134,82,57,84,30,66,89,67,82,29,69,72,84,39,24,66,38,64,37,92,85,102,87,64,26,68,59,60,50,66,63,46,61,41,38,38,59,98,79,56,81,65,75,84,97,88,104,63,54,66,79,100,84,69,84,72,120,82,108,75,72,80,90,101,93,105,96,64,67,19,,96,87,,69,103,99,90,,50,78,60,71,66,78,,80,72,59,59,78,64,37,52,36,28,35,55,51,64,61,44,56,61,83,64,59,43,61,17,18,37,91,126,84,67,23,18,18,17,34,38,58,72,71,,64,32,29,48,80,61,36,84,80,107,102,112,67,59,46,114,62,79,60,90,60,101,99,66,18,58,69,73,93,73,72,,89,66,79,82,96,85,40,80,43,42,46,64,63,,83,67,53,61,95,92,110,117,80,59,82,96,59,58,27,87,67,49,46,77,91,66,52,74,91,50,59,65,76,,58,,63,46,73,45,39,,70,71,78,73,132,55,58,74,75,,65,116,108,53,84,97,106,,,51,41,66,105,109,106,83,66,92,25,85,53,47,54,59,82,69,54,55,36,74,68,63,61,71,12,,29,42,48,36,,101,37,71,100,115,32,,28,58,58,,68,53,86,66,76,66,62,47,70,39,74,79,85,91,92,72,96,90,44,73,46,46,69,69,68,82,75,85,36,46,80,58,59,38,35,68,46,54,52,69,35,42,77,40,66,58,62,74,94,76,86,77,65,74,95,81,74,68,86,57,76,77,98,58,68,53,88,88,97,56,91,21,67,106,44,73,70,68,89,36,61,71,21,57,113,113,113,,95,64,102,78,98,57,108,125,54,25,60,20,89,67,35,20,21,25,118,70,136,24,48,64,53,,51,103,32,197,23,62,77,20,45,64,30,27,31,117,65,81,72,53,73,72,55,57,59,54,59,76,52,70,33,43,48,46,43,66,70,66,98,56,68,83,77,54,37,35,42,18,89,76,80,104,92,66,55,69,57,58,77,76,72,81,79,61,122,96,69,55,44,51,58,54,,65,66,68,64,68,105,97,86,46,42,43,53,49,64,35,60,61,52,57,72,39,95,91,109,102,123,101,,91,96,114,90,99,80,94,96,104,87,78,108,96,36,83,101,51,66,93,89,47,68,68,99,92,73,105,107,60,105,105,82,82,108,85,99,87,98,88,78,84,42,26,87,76,55,76,67,60,97,78,106,91,91,120,96,113,92,106,163,51,56,65,31,105,113,75,114,109,95,102,96,105,100,123,118,300,125,110,81,67,92,68,87,50,53,59,57,48,58,70,75,72,56,30,69,60,57,46,61,69,50,,82,73,100,77,63,67,59,60,24,33,34,28,37,14,41,68,66,55,60,40,39,38,35,106,67,66,63,70,54,58,,32,50,32,20,60,56,40,15,110,16,56,20,16,22,68,79,70,71,74,55,84,82,37,,77,63,61,61,64,96,25,18,102,176,58,55,56,48,96,98,56,61,33,66,83,,104,156,102,77,97,77,47,99,84,99,74,119,76,79,41,37,45,68,72,38,90,80,61,85,97,43,27,,49,76,86,53,74,87,84,25,44,8,53,83,76,55,44,58,44,73,73,64,74,67,78,78,94,92,29,60,44,52,58,66,70,88,100,58,82,90,68,60,57,65,72,60,78,,31,96,73,58,101,84,91,102,24,4,61,43,50,40,66,43,41,38,87,46,50,38,38,109,24,79,83,28,60,74,62,63,40,45,53,54,51,62,77,78,92,54,47,48,67,30,39,76,57
20160203,4,CO,1,0.7,0.8,1.1,0.9,1,3.3,0.3,1,1.8,0.9,2.4,,3.556,3.904,3.221,2.354,2.678,4.582,,1.768,3.815,1.612,2.343,1.78,3.137,,2.162,2.249,2.363,1.649,2.009,1.72,0.764,2.472,3.279,2.498,2.466,3.042,2.681,3.468,3.671,2.921,2.591,3.078,7.15,6.587,9.701,7.558,3.415,7.435,3.956,4.007,4.234,6.399,0.703,0.731,0.406,0.656,0.463,0.843,1.356,1.661,1.2,0.62,4.319,2.253,2.789,3.13,6.931,6.797,4.395,2.492,2.59,3.012,,2.591,4.922,3.691,1.512,,1.407,3.212,3.146,3.23,3.5,2.894,3.134,1.412,2.454,0.914,5.299,2.782,1.703,1.405,1.166,1.109,2.63,3.686,,2.413,2.617,,2.501,2.857,,2.811,1.633,1.525,1.872,1.861,1.665,2.048,2.328,0.704,0.788,0.495,1.519,1.247,1.36,1.199,1.415,1.013,1.896,1.666,1.228,0.965,1.883,0.708,2.39,,1.544,0.611,1.588,0.83,1.67,2.07,1.532,0.573,1.091,0.8,1.466,0.543,1.245,0.779,0.831,1.115,0.658,1.995,1.771,3.59,1.815,2.18,1.985,1.382,1.44,2.077,1.305,1.918,1.437,2.107,1.934,1.606,1.405,1.341,1.269,0.752,0.681,0.428,0.488,2.005,1.944,1.015,1.176,2.039,2.334,1.471,1.83,2.072,2.313,1.404,2.153,1.924,2.016,2.505,1.222,1.656,2.006,1.983,2.274,1.328,2.053,1.807,2.202,2.158,1.94,1.773,1.601,1.7,,1.149,1.381,1.583,1.033,1.112,1.691,0.698,1.311,1.358,1.09,2.186,1.192,0.919,0.865,0.694,0.72,2.224,2.278,2.339,2.739,0.966,0.735,0.68,1.157,1.227,1.254,0.986,0.959,1.143,1.218,0.865,1.369,0.842,1.165,1.024,,0.871,1.081,0.738,0.862,1.032,1.159,0.897,0.912,0.737,1.079,,1.178,,1.195,1.399,,0.947,0.574,0.964,1.209,1.018,0.907,0.913,0.794,0.82,,,1.074,0.768,0.88,0.833,1.194,1.731,1.435,1.405,1.982,1.428,4.984,1.906,1.08,1.522,0.433,0.792,0.697,0.676,0.966,0.905,0.762,0.652,0.675,0.622,0.669,0.882,,0.956,1.075,0.781,0.785,0.788,1.008,1.53,1.17,0.995,1.212,,1.354,1.665,0.573,1.258,1.126,1.309,1.444,1.296,2.04,1.015,1.879,1.949,2.085,1.889,1.474,1.473,1.407,1.552,1.828,2.024,0.918,1.481,1.642,1.259,0.997,1.396,1.726,3.643,2.411,5.474,1.12,2.559,1.046,1.928,1.342,1.431,1.775,1.592,1.656,1.378,0.539,0.888,,0.699,0.785,0.682,0.639,0.765,0.847,0.635,1.167,1.088,0.987,1.31,0.717,1.198,0.93,1.292,1.039,1.265,1.126,1.02,0.857,0.957,0.932,0.84,0.579,0.542,0.986,0.794,0.872,0.886,0.891,1.453,0.961,1.008,0.977,0.811,0.715,0.782,1.22,1.086,0.811,0.903,0.929,0.861,0.866,1.055,0.929,0.807,0.933,0.868,1.261,0.987,1.108,,1.454,1.382,1.303,1.294,1.412,1.247,1.335,1.527,0.776,0.889,0.95,1.016,1.018,0.812,1.358,1.453,1.054,1.21,1.328,1.03,1.2,1.409,1.143,1.076,0.951,,1.892,1.632,1.276,1.193,1.038,1.371,1.4,1.307,1.499,,1.752,1.296,0.532,1.233,0.591,0.688,0.753,0.856,1.28,0.865,0.814,1.451,0.514,1.508,2.812,1.798,2.712,2.855,0.449,2.516,0.556,0.285,0.289,0.336,1.604,2.479,1.895,1.677,2.85,2.608,2.894,3.75,4.058,2.605,2.662,1.876,2.356,2.725,1.31,1.653,1.307,2.449,1.97,1.77,1.252,2.231,0.678,3.267,2.586,1.433,1.836,2.327,,4.851,7.008,3.919,1.655,2.886,2.483,1.404,1.24,1.954,1.613,,1.433,1.415,1.218,1.169,1.303,0.582,1.032,1.649,1.771,1.311,2.06,2.219,1.515,1.819,4.865,1.474,0.859,0.491,0.883,0.878,1.668,2.072,1.191,1.934,1.89,2.117,3.31,2.201,1.124,1.697,1.065,1.667,3.106,3.515,1.856,0.497,0.578,0.617,0.525,1.822,1.998,2.825,2.606,2.482,2.792,3.736,,7.538,3.216,2.381,,2.197,2.93,3.53,3.235,,2.324,2.894,,4.121,2.467,9.983,0.926,1.566,1.948,1.412,1.054,0.697,,1.008,1.565,0.989,1.861,,1.924,,1.995,1.539,1.6,1.348,1.746,,2.537,3.674,1.721,,0.733,1.008,1.178,1.977,1.734,1.206,,1.295,1.215,0.665,0.771,1.23,0.671,0.891,1.038,0.877,0.911,1.094,1.112,1.09,0.946,1.076,1.105,0.709,0.818,1.053,1.093,0.871,1.073,1.076,,1.248,1.273,1.223,0.926,0.81,0.79,0.891,,0.967,0.856,1.019,0.748,0.975,0.891,0.796,0.918,0.795,0.847,0.977,1.825,,0.94,1.653,1.911,1.652,1.668,1.635,1.539,3.279,2.464,2.386,1.639,2.295,3.026,7.626,8.553,,4.807,4.422,5.272,8.717,2.301,4.298,3.874,6.561,3.706,1.831,3.253,3.372,0.924,0.426,2.296,0.714,0.1,5.434,1.995,2.118,2.427,3.611,3.611,2.175,0.443,3.961,3.963,1.306,3.076,2.039,4.271,1.991,3.788,3.369,3.187,1.513,2.943,1.548,1.797,2.023,1.188,1.646,1.552,0.645,1.438,1.272,0.902,,0.832,0.832,1.221,0.962,0.865,1.656,2.507,2.11,1.653,2.306,1.104,0.722,0.423,0.713,0.675,0.601,1.613,1.504,1.752,1.018,2.454,1.57,2.521,2.339,3.348,1.929,0.729,0.888,1.411,1.579,0.771,1.81,0.388,2.584,2.436,3.771,2.511,3.175,2.165,1.829,6.019,8.951,4.069,6.476,4.776,1.388,0.89,1.194,1.78,4.951,3.695,2.74,1.433,1.6,1.75,2.219,1.784,2.19,3.194,3.71,1.66,1.169,1.554,1.043,1.33,1.044,1.304,1.819,1.321,1.38,0.956,1.472,1.515,1.035,1.005,1.262,1.577,0.483,2.058,1.216,,1.578,0.766,0.666,1.1,1.135,1.18,1.382,,1.455,1.069,1.399,1.001,1.216,0.968,,1.134,0.96,0.963,0.854,2.022,1.351,1.128,1.112,1.613,1.527,1.15,1.807,1.364,1.094,2.466,1.454,1.516,0.85,0.915,0.886,0.75,0.753,1.269,1.163,1.202,1.629,1.27,1.833,1.334,1.563,,1.67,1.084,1.037,1.301,1.361,0.903,0.432,0.961,,1.092,1.003,1.418,1.869,2.697,2.03,3.304,1.465,1.907,1.246,0.893,1.654,1.353,1.28,2.437,1.191,1.28,2.384,2.119,1.656,2.319,2.048,2.459,0.952,1.995,1.995,1.557,1.248,0.258,2.384,0.647,,2.768,1.275,2.318,0.623,1.359,2.223,1.8,1.118,2.247,2.2,1.372,0.972,2.081,,1.053,1.112,4.943,1.868,1.124,2.06,2.221,1.767,4.929,3.245,3.039,1.998,1.308,1.943,2.785,1.411,2.103,1.614,1.254,0.849,1.213,1.764,2.171,2.589,1.316,1.306,0.665,0.898,0.956,,0.753,0.876,1.078,,0.55,0.855,1.215,,1.618,1.472,1.251,1.822,1.93,1.415,1.712,0.933,0.795,,0.924,0.869,0.819,0.842,0.874,1.3,1.122,,,0.942,1.378,1.286,0.99,0.51,1.222,1.899,1.173,1.119,0.98,1.63,0.759,0.695,0.886,2.221,1.365,2.765,3.629,1.676,0.829,3.015,2.463,2.576,1.724,3.081,2.305,,2.041,1.78,5.744,4.693,,6.935,4.088,3.829,2.758,4.394,3.169,,4.815,4.81,2.743,,0.8,0.895,1.342,0.172,0.87,0.247,1.116,0.499,0.653,2.145,0.682,0.351,0.182,0.657,0.195,2.109,2.081,0.305,3.013,2.054,0.97,1.865,1.392,1.936,1.498,1.535,1.684,1.691,1.164,1.963,0.713,4.315,2.694,5.601,2.849,0.8,0.853,0.589,2.427,2.087,2.101,3.809,1.575,1.866,0.911,0.807,0.292,0.281,1.093,1.343,0.899,1.768,0.535,2.356,1.859,1.356,0.307,3.066,0.393,1.299,0.996,0.7,0.69,,,0.585,1.861,2.044,1.25,0.95,0.938,0.676,0.569,1.902,0.383,0.485,0.317,1.561,1.152,1.314,0.567,1.191,1.384,1.795,1.225,1.354,1.061,,1.075,2.299,1.111,1.333,1.021,1.481,1.219,1.144,1.992,1.391,0.8,1.472,1.165,1.354,0.687,0.918,,0.661,0.182,0.533,0.209,1.445,1.29,1.478,1.55,,0.768,1.585,2.107,2.688,0.33,0.969,1.286,0.891,1.123,1.31,0.905,1.096,0.785,0.697,0.554,0.824,0.614,0.401,0.668,,0.563,1.046,0.753,0.942,0.702,0.709,0.935,0.346,0.993,0.885,1.006,0.976,0.877,0.741,0.643,0.716,0.012,0.831,0.504,0.772,0.68,1.428,2.823,2.128,2.223,2.742,1.287,1.111,2.137,1.984,2.353,0.841,1.072,0.913,0.668,0.849,1.336,1.269,1.321,0.763,1.058,1.133,1.433,1.014,1.057,1.661,1.605,0.819,1.711,1.534,,1.86,2.33,1.742,2.439,1.97,0.298,0.804,0.366,3.471,3.911,2.072,1.218,6.583,2.27,3.212,2.2,3.152,2.252,2.114,1.763,1.559,1.661,1.11,1.272,1.847,0.91,2.46,,1.837,3.015,2.222,0.753,0.677,0.582,1.306,1.273,1.652,1.662,1.406,2.481,1.864,1.501,1.811,1.327,1.171,1.349,0.651,1.092,1.24,1.013,0.765,1.579,1.581,2.549,1.008,1.114,0.675,0.721,3.495,2.278,1.89,1.144,1.018,0.919,1.097,0.831,1.24,1.247,1.465,0.261,0.635,1.204,1.686,1.904,1.984,1.26,1.562,1.067,1.426,1.347,1.209,1.368,1.335,2.004,1.06,1.916,2.273,1.881,0.629,1.051,0.783,1.548,0.838,0.918,0.95,1.211,1.228,1.329,0.977,1.033,1.091,1.651,0.702,1.666,1.817,0.044,1.596,0.001,0.116,0.348,0.746,0.669,2.198,0.661,1.064,0.884,1.016,1.597,1.327,1.375,1.112,1.212,1.617,0.485,1.438,1.537,1.519,0.699,0.729,1.029,,1.471,1.816,1.704,1.502,1.152,1.278,1.238,1.714,1.451,1.888,2.224,1.575,1.029,2.162,1.522,1.094,1.176,1.288,0.951,1.389,1.567,1.438,1.321,1.148,1.181,1.071,0.823,1.173,1.169,1.404,,1.321,1.324,1.311,1.56,1.229,1.486,1.065,2.105,1.395,1.372,1.137,1.341,2.771,1.412,1.198,1.228,1.266,1.226,1.159,0.738,0.538,0.798,0.987,,1.386,1.781,2.047,1.55,2.453,1.226,1.253,0.763,1.122,0.933,1.358,1.177,0.987,1.269,0.83,0.906,1.675,1.593,1.299,1.077,0.466,,0.544,1.276,,1.338,1.144,0.948,0.374,0.271,0.943,0.346,0.56,1.32,0.711,0.848,0.94,0.739,0.622,0.293,1.218,1.008,,0.275,0.552,1.909,0.791,0.64,0.737,,0.676,0.285,1.316,0.718,1.007,,,1.242,1.845,0.608,0.418,0.25,0.695,2.697,2.481,3.244,3.708,4.139,2.202,2.595,2.871,,1.676,1.402,2.979,2.146,1.068,0.704,0.808,1.711,1.282,1.595,0.591,1.2,1.565,3.545,2.054,0.654,0.43,2.525,1.257,1.441,1.426,1.727,1.078,,2.316,3.167,1.569,1.902,1.367,0.774,0.377,0.652,1.648,0.968,0.347,2.078,1.36,0.618,1.451,0.517,2.366,1.543,1.755,0.462,3.253,1.79,0.959,0.544,3.575,3.458,1.584,2.185,1.558,0.829,1.271,4.121,2.55,1.757,3.64,4.504,3.475,1.34,3.023,0.297,1.093,0.87,2.051,3.157,3.853,2.174,0.628,2.03,1.231
20160203,4,CO_24h,1.058,0.396,0.896,1.062,0.825,1.033,1.486,0.762,0.808,0.712,0.996,1.692,,1.367,1.704,1.776,1.256,1.529,2.428,,1.105,1.92,1.14,1.472,0.909,1.808,,1.348,1.707,1.671,1.374,1.519,0.995,0.657,1.923,2.454,1.799,2.162,2.098,2.158,2.312,3.204,2.013,1.358,1.776,4.77,6.306,5.8,6.117,4.024,4.226,3.23,3.197,4.127,5.537,0.628,0.694,0.392,0.616,0.512,1.023,1.196,1.48,0.995,0.656,1.614,1.277,1.364,1.364,3.321,4.234,2.766,2.566,2.799,2.879,,2.656,4.289,2.704,1.642,,1.428,2.616,2.916,3.551,3.178,3.106,3.085,1.776,2.082,1.038,4.096,2.245,1.818,1.983,1.429,1.184,1.878,1.716,,1.808,2.139,,1.849,1.617,,1.533,0.899,1.037,1.652,1.534,1.345,1.436,1.493,0.915,1.154,0.583,1.253,1.264,1.438,1.208,1.274,0.927,1.744,1.465,1.312,1.021,1.332,0.947,3.475,,1.988,0.839,1.523,1.282,2.071,2.043,0.965,0.95,1.577,1.352,1.334,1.129,1.287,1.33,1.292,1.691,1.08,1.833,1.481,2.712,1.695,1.984,1.691,1.559,1.328,1.737,1.326,1.578,1.567,1.824,1.646,1.277,1.659,1.627,1.685,1.225,1.076,0.835,0.976,1.799,1.495,1.12,1.319,1.774,2.074,1.647,1.733,2,2.256,1.518,1.9,1.346,1.519,1.78,1.412,1.469,2.052,1.887,2.563,1.706,1.849,1.955,1.765,1.401,2.031,1.434,1.427,1.419,,1.195,1.159,1.396,1.514,1.733,2.062,1.19,1.33,1.647,1.308,2.317,1.399,0.996,1.071,1.098,0.947,2.274,2.243,2.325,2.67,0.929,0.689,0.781,0.973,1.252,1.324,1.053,1.093,1.149,1.311,0.972,1.184,0.92,1.022,0.994,,0.852,1.029,0.785,0.947,1.124,1.303,1.071,0.978,0.803,1.137,,1.183,,1.055,1.25,,1.069,0.664,1.033,1.266,1.051,0.97,0.978,0.892,1.534,,,1.04,0.931,0.971,0.884,1.19,1.375,1.077,0.968,1.429,1.367,2.142,1.495,1.083,1.391,0.479,0.757,0.551,0.649,0.915,0.795,0.77,0.763,0.765,1.074,0.839,1.023,0.617,1.229,0.94,0.927,0.834,1.12,1.029,1.923,1.163,1.446,1.409,,1.398,1.646,0.758,1.473,1.146,1.322,1.532,1.406,1.854,1.071,1.579,1.856,2.051,1.684,1.456,1.446,1.552,1.502,2.076,1.877,1.112,1.389,1.634,1.432,1.545,1.54,1.833,1.518,2.22,0.915,1.034,1.94,1.072,1.412,1.42,1.378,1.712,1.206,1.535,1.332,0.683,1.004,,0.73,0.809,0.722,0.716,0.92,0.837,0.73,1.122,1.07,0.979,1.29,0.733,1.139,1.004,1.291,1.002,1.23,1.082,0.991,0.852,0.91,0.91,0.866,0.716,0.735,1.083,0.941,0.968,0.84,1.007,1.267,1.081,1.037,0.936,0.798,0.796,0.963,1.229,1.198,0.879,0.97,1.001,0.891,0.906,1.084,1.01,0.899,1.002,0.851,1.268,1.103,1.113,,1.227,1.017,1.295,1.257,1.355,1.066,1.344,1.364,0.991,0.883,1.36,1.056,1.423,1.066,1.417,1.448,1.346,1.419,1.358,1.006,1.368,1.438,1.242,1.003,1.067,,1.622,1.577,1.384,0.982,1.315,1.44,1.574,1.368,1.629,,1.945,1.254,0.721,1.515,0.805,0.946,1.081,1.232,1.32,1.077,1.135,1.334,0.975,1.278,2.247,1.578,1.942,2.083,1.204,1.314,0.649,0.355,0.378,0.366,1.482,2.386,1.752,1.872,1.011,2.757,1.491,3.826,3.462,2.006,2.106,2.085,2.224,2.843,1.888,1.414,1.727,2.173,2.125,2.386,1.793,2.234,1,2.566,1.843,1.933,1.312,2.085,,2.964,4.618,3.902,2.541,2.985,2.172,1.154,1.204,1.567,1.416,,1.438,1.326,1.251,1.392,1.231,0.767,0.991,1.38,1.744,1.484,2.094,2.484,1.489,1.93,2.86,1.469,0.967,0.455,0.643,1.083,1.76,1.836,1.202,1.261,2.214,1.678,2.216,1.849,1.294,1.436,0.885,1.621,2.66,2.131,2.113,0.711,0.814,0.887,0.696,1.93,2.464,2.97,1.946,1.758,1.932,2.606,,3.335,3.25,2.372,,2.422,2.927,3.311,3.079,,2.242,2.198,,3.505,1.873,2.058,1.137,1.299,1.543,1.525,1.261,1.022,,0.984,1.446,1.843,2.085,,2.058,,1.643,1.72,1.798,1.657,1.924,,2.958,2.484,1.569,,0.808,1.022,1.266,1.235,1.129,1.273,,1.427,1.327,0.827,0.835,1.345,0.912,1.06,1.068,0.964,0.832,1.057,0.99,1.133,0.967,1.072,1.092,0.723,0.869,1.113,1.114,0.871,1.091,1.15,,1.304,1.223,1.191,1.019,0.93,0.904,1.005,,1.302,0.984,1.142,0.842,1.011,1.12,0.952,1.076,0.873,0.959,1.001,1.866,,0.923,1.273,1.855,1.627,1.705,1.817,1.86,2.818,2.806,2.295,1.576,2.21,2.889,4.894,5.276,,3.293,3.887,4.891,7.819,2.061,4.457,3.652,5.193,2.959,1.244,2.129,2.329,0.756,0.336,2.828,0.783,0.391,2.781,1.779,2.16,2.07,2.456,2.443,2.362,0.941,4.031,3.942,1.329,3.075,1.928,3.625,2.841,2.298,2.494,3.829,3.033,2.856,1.41,1.483,2.209,1.176,1.645,1.613,0.805,2.115,1.582,0.989,,0.732,0.634,1.287,0.704,0.918,0.717,2.069,1.827,1.766,2.245,0.988,0.83,0.775,0.753,1.198,0.77,1.333,1.281,1.774,1.142,2.68,1.393,1.615,2.261,2.438,1.94,0.916,0.962,0.6,1.379,0.743,1.569,0.493,2.462,2.149,2.707,3.129,2.615,1.862,1.683,4.216,6.853,2.586,3.904,4.741,2.16,1.841,1.583,1.913,2.253,3.168,1.399,1.662,1.542,1.764,2.252,1.151,2.101,3.049,3.486,1.253,1.117,1.438,0.959,1.337,1.27,1.712,2.028,1.552,1.369,0.744,1.407,1.535,1.031,0.985,1.365,1.566,0.811,1.335,0.873,,1.563,1.348,0.626,0.874,1.036,1.079,1.306,,1.462,1.112,1.396,1.22,1.389,1.631,,1.411,1.301,1.087,0.892,2.561,1.519,1.267,1.209,1.669,1.452,1.234,1.713,1.302,1.19,2.72,1.757,1.461,1.118,0.911,1.012,0.902,0.881,1.37,1.348,1.222,1.727,1.259,1.875,1.338,1.613,0.772,1.885,1.215,1.194,1.426,1.467,1.122,0.633,0.986,,1.261,1.325,1.599,1.763,2.463,1.792,1.933,1.311,2.355,1.504,0.894,1.6,1.309,1.496,2.065,1.113,1.152,2.094,1.79,1.303,2.023,1.781,1.613,0.944,1.92,2.177,1.526,1.216,1.376,2.138,0.304,,1.98,1.523,1.375,0.879,1.168,2.022,1.67,1.022,1.457,1.742,1.408,1.025,2.194,,1.112,1.12,3.091,1.4,1.306,1.651,1.668,1.82,2.776,1.871,2.432,1.68,1.486,1.738,2.162,2.094,1.956,2.315,0.941,0.798,1.603,1.722,1.431,2.141,1.404,1.02,0.984,1.402,1.368,,1.332,1.448,1.567,1.704,1.101,1.332,1.234,,1.44,1.467,1.302,1.73,1.758,1.228,1.718,0.912,0.952,,1.152,1.006,0.933,0.988,0.969,1.355,1.156,,,0.997,1.244,1.138,1.377,0.665,1.397,1.896,1.552,1.468,1.212,1.953,0.812,0.946,0.923,2.15,1.722,2.61,3.546,1.709,1.987,1.85,1.546,2.066,1.658,1.989,2.582,,2.037,2.904,4.797,3.466,,4.423,3.42,4.081,2.329,3.374,3.264,,4.324,4.09,2.673,,0.956,1.238,0.87,0.282,0.72,0.52,2.082,0.767,0.883,1.243,1.064,0.759,0.357,0.699,0.187,1.606,1.901,0.48,3.238,0.592,0.803,0.713,1.115,1.263,1.751,1.282,1.741,1.845,1.312,1.773,0.851,3.273,2.351,4.558,2.043,1.173,1.014,1.239,2.482,2.058,1.553,2.873,1.559,1.707,1.749,0.595,0.69,0.63,1.251,1.246,0.981,1.553,0.477,1.802,1.514,1.365,0.584,2.741,0.523,1.183,0.942,0.837,0.622,,0.955,0.366,1.593,1.497,1.092,1.063,0.818,0.881,1.086,0.849,0.732,0.396,0.268,1.407,1.002,1.159,0.633,1.492,1.783,1.418,1.431,1.343,1.305,,1.336,2.572,1.351,1.6,1.087,2.017,1.472,1.788,2.377,1.686,1.216,1.624,1.551,1.624,0.847,1.134,1.194,0.659,0.219,0.613,0.237,1.504,1.37,1.583,1.864,,1.054,1.488,2.012,2.23,0.378,0.851,1.124,0.992,1.307,1.493,1.088,1.269,0.916,1.009,0.788,0.923,0.827,0.505,0.785,0.118,0.654,1.17,0.854,1.065,0.848,0.666,1.148,0.532,1.183,0.86,1.041,1.036,0.88,0.74,0.71,0.678,0.025,0.963,0.582,0.786,0.838,1.525,2.222,1.769,1.693,2.095,1.02,0.725,1.777,1.322,1.734,0.918,0.971,0.821,0.845,0.907,1.315,1.262,1.37,0.709,1.017,0.82,0.944,0.888,0.979,1.232,1.27,0.68,1.261,1.193,,1.722,2.189,1.466,2.268,1.459,0.29,0.68,0.725,4.017,2.59,1.915,1.882,5.37,2.85,3.877,2.46,3.415,2.619,2.366,1.946,1.716,1.605,1.502,1.609,2.27,1.262,2.275,,2.107,2.245,2.357,1.111,0.972,1.107,1.606,1.279,1.261,1.423,1.599,2.525,2.09,1.709,1.882,1.234,1.308,1.282,0.635,1.234,1.468,1.145,0.769,1.844,1.727,1.865,1.153,0.97,1.113,0.886,2.895,1.682,2.204,1.322,1.186,1.188,1.308,1.057,1.425,1.383,1.794,0.284,0.654,1.111,1.653,1.395,1.395,1.456,1.538,1.028,1.208,1.126,1.107,1.144,1.186,1.959,1.14,2.133,1.628,1.987,1.012,1.031,0.72,1.521,0.887,0.86,1.03,1.227,1.073,1.247,0.701,0.923,0.776,1.274,0.706,1.574,1.86,0.05,1.305,0.055,0.212,0.606,0.693,0.681,2.647,0.595,1.101,0.805,0.943,1.57,1.329,1.344,1.039,1.266,1.75,0.601,1.32,1.525,1.513,0.668,0.724,1.053,,1.422,1.732,1.594,1.664,1.534,1.162,1.095,1.474,1.348,1.721,2.076,1.952,1.219,2.275,1.032,1.312,1.313,1.404,1.112,1.537,1.716,1.825,1.553,1.083,1.431,1.23,0.985,1.185,1.284,1.527,,1.314,1.547,1.781,2.028,1.533,1.876,1.019,1.981,1.359,1.255,1.219,1.447,2.837,1.45,1.072,1.197,1.379,1.181,1.215,0.865,0.818,0.908,1.151,,1.406,1.729,1.567,1.7,2.137,1.254,1.447,0.792,1.25,0.981,1.635,1.336,1.16,1.436,1.279,0.886,1.782,1.513,1.509,1.272,0.525,,0.594,1.318,0.338,1.041,1.374,1.227,0.635,0.509,1.53,0.412,0.494,1.086,0.801,0.905,1.276,0.791,1.019,0.501,1.353,1.041,0.238,0.447,0.734,2.03,1.108,0.385,0.782,,1.058,1.353,2.027,0.732,1.012,0.047,0.054,1.414,2.167,0.566,0.582,0.228,0.718,2.295,2.802,2.531,3.433,3.989,2.672,2.879,2.823,0.055,1.97,1.195,3.228,1.916,1.258,0.843,0.697,1.888,1.756,2.413,0.791,1.319,1.491,1.795,1.732,1.086,0.715,2.622,1.808,1.431,1.66,1.656,0.453,,1.862,2.702,1.348,1.781,0.899,0.615,0.648,0.801,1.333,1.142,0.719,1.039,1.674,0.702,1.485,0.752,2.017,1.232,1.208,1.829,2.64,1.622,0.872,0.488,2.895,3.072,1.605,2.371,1.023,1.17,1.426,2.933,2.274,2.103,1.684,1.953,2.887,1.698,2.436,0.777,1.172,0.896,1.769,3.289,2.537,2.075,0.794,1.675,1.305
20160203,5,AQI,33,57,26,39,38,33,55,18,22,48,30,59,,206,195,138,129,134,226,,149,119,133,168,105,172,,135,128,96,91,114,120,61,173,160,169,172,198,195,112,86,82,84,86,229,217,286,207,218,500,403,296,301,265,34,30,27,40,42,32,62,45,53,42,158,120,119,179,233,281,183,162,183,180,,107,128,118,66,,53,109,109,60,64,69,85,85,97,72,117,85,70,61,66,109,115,158,,175,221,,267,221,,225,78,73,53,54,49,57,76,43,73,49,148,162,127,129,134,97,119,150,100,92,114,124,130,,156,147,172,175,105,137,140,115,70,70,99,46,127,72,67,63,74,169,149,185,149,162,159,166,166,158,189,210,153,182,185,173,147,100,58,41,58,52,68,173,159,163,147,118,152,130,186,150,155,138,173,166,206,155,172,210,182,178,165,162,190,175,218,252,219,209,207,201,,186,166,192,70,71,133,112,152,207,165,166,148,84,58,82,58,241,266,250,232,108,77,55,107,89,107,105,103,110,115,68,166,148,160,140,,120,147,133,78,87,77,80,109,113,89,,102,,185,163,,92,119,99,103,102,109,104,84,83,,,79,79,94,74,128,58,118,147,133,158,134,132,139,123,38,42,43,55,39,48,33,38,23,89,69,57,102,82,100,48,122,89,169,185,159,156,170,,153,179,70,97,93,81,94,109,110,115,128,139,133,138,168,183,158,139,109,107,109,144,145,142,133,147,137,133,149,105,108,139,87,127,64,147,156,120,93,115,49,48,,43,43,46,52,46,53,50,45,55,53,50,55,42,54,54,43,49,46,50,53,51,46,48,42,50,43,54,53,52,64,94,35,45,53,35,41,55,38,28,53,53,50,39,43,50,46,53,46,45,46,69,65,,130,147,129,105,118,88,99,93,25,42,37,39,33,63,92,90,80,83,83,64,72,84,82,84,63,,88,68,77,90,114,97,94,99,98,,95,119,105,104,82,108,80,54,114,100,83,67,39,45,84,60,110,84,63,88,65,53,78,66,139,75,76,118,175,112,315,67,215,67,255,88,67,148,98,112,70,100,99,115,129,134,46,122,119,85,104,87,,420,474,283,500,290,365,73,118,109,99,,166,198,78,144,189,55,80,160,103,57,75,81,62,79,158,53,128,38,42,55,97,103,117,105,82,109,158,127,97,97,67,118,75,85,72,28,26,26,23,160,149,120,240,260,248,231,,345,247,226,,213,200,217,237,,139,209,,196,196,289,189,259,314,203,74,68,,75,95,62,158,,137,,162,189,183,144,212,,210,152,138,,64,77,73,231,183,107,,67,67,73,68,73,27,29,30,28,28,46,38,39,39,29,39,38,32,35,35,33,48,28,,48,32,38,67,67,72,52,,36,63,58,73,25,29,30,39,39,38,32,43,35,49,53,59,64,179,163,170,84,68,69,49,84,118,135,195,,153,243,120,292,110,66,94,196,80,70,132,108,85,57,46,25,25,310,73,82,83,100,98,79,58,112,110,182,128,70,158,83,172,152,108,61,114,155,123,92,124,75,92,58,135,67,68,,59,64,55,68,82,122,125,108,153,147,75,82,51,48,62,47,100,147,90,112,133,112,102,112,152,117,64,138,88,107,77,149,28,137,132,121,132,118,133,114,228,165,119,169,152,94,82,120,134,83,55,139,73,104,142,133,148,77,98,102,123,176,188,225,144,150,93,108,118,118,127,117,79,135,113,99,98,124,127,130,,97,63,77,138,139,153,137,,85,87,107,79,80,87,,75,93,18,19,80,89,93,99,188,190,209,153,170,123,78,83,60,77,130,97,90,109,112,118,127,117,88,100,120,95,108,120,110,114,127,118,73,60,84,,78,49,46,123,114,90,331,93,109,79,95,54,57,57,90,156,127,137,185,163,29,212,281,84,83,92,70,127,68,93,97,,227,196,180,40,90,147,196,184,126,147,150,173,144,,143,150,212,107,99,144,89,73,244,199,90,127,60,57,124,93,104,105,117,85,87,89,74,67,127,169,110,63,77,,55,63,83,,58,67,120,,159,153,155,134,143,162,152,127,117,,,83,69,78,71,110,92,,,87,102,85,77,80,89,88,135,142,124,99,58,55,48,84,79,112,102,94,56,169,114,175,75,100,59,,77,79,202,212,,240,158,108,82,138,46,,100,192,128,,42,41,57,28,32,67,85,67,57,97,26,26,28,27,31,73,55,52,95,139,75,155,114,92,70,84,85,110,109,127,100,78,70,85,87,114,99,90,122,142,114,169,128,90,54,62,36,35,39,74,42,26,53,73,29,25,60,53,28,72,68,63,65,56,67,25,83,69,59,87,59,39,72,102,24,40,20,112,110,87,22,110,86,143,153,188,155,,173,139,155,61,93,110,123,128,79,100,100,134,61,97,115,102,90,124,92,99,62,203,208,224,87,,72,109,139,155,80,70,67,79,97,88,65,73,63,67,61,104,26,30,30,40,22,35,36,42,35,16,33,28,29,30,26,29,33,40,55,49,58,75,75,79,82,80,109,139,80,133,97,96,94,88,87,55,95,107,90,78,69,82,90,62,102,92,90,95,78,102,133,92,90,122,,71,69,75,71,68,85,90,83,110,107,78,153,144,156,135,129,144,150,179,78,102,123,93,84,97,88,135,,130,115,142,115,109,127,88,140,98,115,107,102,123,83,127,38,98,77,57,102,128,128,109,122,134,166,100,137,123,89,113,128,112,147,94,99,99,85,100,98,70,87,79,113,108,132,112,137,130,115,152,138,142,149,122,82,98,88,102,95,206,142,119,118,84,83,70,82,79,80,85,85,71,89,88,132,79,92,108,52,88,83,55,52,64,59,90,84,78,102,88,92,79,63,75,82,35,51,50,78,99,90,,98,130,112,54,51,93,99,99,160,128,195,93,88,82,95,89,120,100,90,119,103,104,113,93,75,83,63,62,72,77,,83,100,99,108,102,95,166,117,165,137,78,125,150,80,72,95,98,82,118,13,29,31,58,,57,107,115,102,122,48,54,64,55,78,50,60,70,62,49,52,73,79,37,52,79,,63,,47,54,29,42,40,38,46,46,54,54,36,39,30,33,38,53,23,54,69,70,33,62,65,48,49,,18,14,15,184,235,29,19,17,57,10,16,27,24,227,192,216,172,65,88,92,97,97,137,125,60,60,77,66,49,38,48,78,54,74,73,62,107,95,99,99,114,92,43,90,69,,143,87,57,69,123,120,38,59,47,38,269,212,115,79,98,95,95,104,94,87,118,84,79,28,255,469,79,97,73,69,91,160,152,86,118,123,48,73,,30,28,19,150,233,371,72,33,63,45
20160203,5,PM2.5,23,40,17,27,26,23,39,12,15,33,21,42,,156,146,105,98,102,176,,114,90,101,127,79,130,,103,97,68,60,86,91,13,131,122,128,130,148,146,84,63,60,58,53,179,167,236,157,168,678,354,246,251,215,22,10,10,28,29,22,44,29,28,16,120,91,90,135,183,231,138,123,138,136,,80,97,89,44,,37,82,82,41,40,50,50,63,72,52,88,63,51,37,7,82,87,120,,132,171,,217,171,,175,57,53,37,36,29,40,40,30,53,32,113,123,96,98,102,72,90,115,75,68,86,94,99,,119,112,130,132,79,104,107,87,51,51,74,32,96,52,48,45,54,128,114,139,114,123,121,126,126,120,142,160,117,137,139,131,112,75,41,21,41,36,49,131,121,124,112,89,116,99,140,115,118,105,131,126,156,118,130,160,137,134,125,123,143,132,168,202,169,159,157,151,,140,126,144,51,44,101,84,116,157,125,126,113,62,41,60,28,191,216,200,182,81,56,39,80,66,80,79,77,83,87,49,126,113,122,107,,91,112,101,57,64,56,59,82,85,66,,76,,139,124,,68,90,74,77,76,82,78,62,61,,,58,58,70,54,97,41,89,112,101,120,102,100,106,93,26,29,30,39,27,33,23,24,12,66,50,37,76,60,75,33,92,66,128,139,121,119,129,,117,135,51,72,69,59,70,82,83,87,97,106,101,105,127,138,120,106,82,80,82,110,111,108,101,112,104,101,114,79,81,106,64,96,46,112,119,91,69,87,34,33,,30,30,32,36,32,37,35,31,39,37,35,39,22,38,38,30,34,32,35,37,31,32,33,29,35,30,38,37,36,46,53,24,31,37,24,20,39,14,12,37,37,35,27,30,35,32,37,32,31,32,50,47,,99,112,98,79,89,65,74,69,15,18,23,27,19,45,68,67,59,61,61,46,52,62,60,62,45,,65,49,56,67,86,72,70,74,73,,71,90,79,78,60,81,59,38,86,75,61,48,27,26,59,43,83,62,18,34,17,11,25,16,106,55,36,89,132,84,265,48,165,48,205,,45,85,73,84,51,75,74,87,98,102,25,92,90,63,78,64,,323,461,233,319,240,315,53,89,82,74,,126,148,54,110,142,37,59,122,77,40,55,57,9,58,120,32,97,26,18,33,72,77,88,79,60,82,120,96,72,72,48,89,55,63,51,19,18,18,16,122,114,91,190,210,198,181,,295,197,176,,163,150,167,187,,106,159,,147,147,239,142,209,264,153,54,49,,55,71,38,120,,104,,123,142,138,110,162,,160,116,105,,46,56,53,181,138,80,,48,48,53,49,53,17,20,21,19,19,32,26,27,27,20,27,26,22,24,24,23,33,19,,33,22,26,48,48,52,36,,25,45,41,53,17,20,21,27,27,26,22,30,24,34,37,42,46,135,124,129,62,49,43,34,60,89,103,146,,117,193,91,242,83,37,70,147,59,51,79,40,56,31,31,17,6,260,53,60,61,75,73,58,41,84,63,137,97,44,120,61,130,116,81,40,86,118,93,68,94,55,68,41,103,48,49,,42,46,39,46,60,92,95,81,117,112,55,60,29,33,44,26,75,112,67,84,101,84,76,84,116,88,46,105,65,80,56,114,7,104,100,86,100,89,101,86,178,125,90,128,116,70,58,91,102,61,39,106,53,78,108,101,113,56,73,76,93,133,141,175,110,115,69,81,89,89,96,88,58,103,85,74,73,94,96,99,,72,45,56,105,106,117,104,,63,64,80,58,59,64,,55,69,3,6,59,66,69,74,141,143,159,117,129,93,57,61,43,56,99,72,67,82,84,89,96,88,65,75,91,71,81,91,83,86,96,89,53,43,62,,57,29,32,93,16,28,281,69,82,58,71,33,39,40,67,119,96,71,139,124,,162,231,62,61,68,51,96,49,57,56,,177,147,77,18,54,112,147,136,95,103,66,54,110,,109,115,162,80,74,110,66,51,194,149,,96,43,30,94,69,78,79,88,63,64,66,54,48,96,128,83,45,56,,39,45,61,,41,43,91,,121,117,118,102,109,123,116,96,88,,,61,50,57,49,83,68,,,64,76,57,56,59,66,65,103,108,94,74,36,29,33,62,36,84,50,70,36,128,86,132,52,75,42,,56,58,152,162,,190,120,81,60,105,21,,75,144,97,,16,26,37,19,22,48,63,48,40,72,7,14,4,10,3,53,39,34,71,106,55,118,86,68,44,62,50,83,82,96,75,57,51,63,64,86,74,67,92,108,86,128,97,67,34,37,16,24,27,54,29,16,37,53,20,10,31,37,19,52,49,45,47,36,48,17,37,49,42,64,35,27,52,76,16,28,,84,83,64,10,83,9,109,117,141,118,,131,106,118,35,69,83,93,97,58,75,75,102,38,72,87,76,67,94,68,74,43,153,158,174,64,,52,82,106,118,59,51,48,58,72,65,47,53,45,48,42,78,18,21,21,28,13,24,25,29,24,6,23,19,20,21,18,20,23,28,39,34,41,55,55,58,60,59,82,106,50,101,72,63,70,65,64,39,71,80,67,57,50,60,67,35,76,68,67,71,57,76,101,68,67,92,,31,27,32,18,49,63,67,61,83,80,57,117,110,119,103,98,110,115,135,50,76,93,69,62,72,65,103,,99,87,108,87,82,96,65,107,73,87,80,76,93,61,96,26,73,56,40,76,97,97,82,92,102,126,75,104,93,66,85,97,84,112,70,74,74,63,75,73,51,64,58,85,81,100,84,104,99,87,116,105,108,114,92,60,73,65,76,71,156,108,90,89,62,61,51,60,51,59,63,63,49,62,65,100,57,68,81,27,65,61,39,36,46,42,67,62,57,76,65,68,58,45,55,60,24,32,35,57,74,67,,73,99,84,19,23,69,74,74,122,97,146,69,65,60,71,66,91,75,67,90,77,78,85,69,55,61,45,44,52,56,,61,75,74,81,76,71,126,88,125,104,57,95,115,59,52,71,73,59,89,8,20,16,41,,40,80,87,76,92,33,38,46,39,57,35,43,51,44,28,25,53,58,25,25,58,,45,,21,33,20,29,28,15,32,32,38,38,25,27,21,23,26,37,14,18,50,51,23,31,47,33,34,,11,3,2,47,62,2,,,36,7,8,13,8,177,144,166,130,47,65,68,72,72,104,95,43,43,56,44,34,26,33,28,28,54,53,44,80,48,34,74,86,68,16,67,50,,109,62,40,15,93,91,21,42,25,26,219,162,87,,73,71,71,78,70,60,89,59,58,13,159,408,46,72,53,50,42,122,116,63,83,93,31,53,,20,7,13,115,183,321,52,23,40,31
20160203,5,PM2.5_24h,36,14,30,35,28,29,36,29,28,20,28,49,,59,58,42,43,50,63,,48,38,56,49,34,73,,54,69,52,52,70,58,24,55,70,49,52,63,67,41,68,50,41,35,121,140,175,114,142,186,140,167,162,187,18,16,15,22,22,40,42,34,38,18,52,44,51,47,107,138,85,121,145,137,,78,108,84,63,,31,73,81,41,46,50,82,63,67,69,106,77,47,64,44,87,118,102,,124,164,,148,106,,125,69,59,46,53,36,43,44,45,60,26,97,100,87,99,91,71,94,106,97,89,90,99,116,,140,123,143,153,95,111,98,130,97,90,99,76,110,90,80,86,86,119,108,123,115,128,115,106,120,109,124,133,105,130,120,109,127,112,99,84,98,88,102,72,81,83,76,107,116,114,120,124,118,110,99,111,124,95,111,114,133,115,134,120,114,132,130,135,132,125,130,138,,119,122,134,117,95,127,146,115,131,108,118,104,86,68,97,51,150,152,143,132,82,65,51,85,76,86,86,86,85,85,57,71,82,74,73,,70,74,78,62,70,62,64,77,80,58,,80,,109,95,,64,73,67,82,69,66,92,74,72,,,64,64,81,64,102,79,101,100,114,125,118,101,111,102,20,20,21,27,20,21,18,23,18,95,70,62,97,83,98,62,90,87,102,114,79,91,95,,88,95,47,82,72,63,77,82,80,84,75,73,75,74,69,82,74,70,65,55,105,115,120,111,118,122,118,105,120,91,114,102,115,111,104,126,123,120,107,110,28,25,,23,24,23,28,23,30,25,20,24,22,21,27,10,23,21,12,16,16,23,21,22,19,23,20,26,21,30,31,19,24,31,18,19,24,14,14,28,10,7,26,24,22,17,19,22,20,24,16,15,20,28,16,,71,77,69,67,63,61,68,71,6,16,18,19,22,49,69,58,54,63,60,41,51,62,60,62,52,,59,48,58,54,102,85,79,80,82,,84,91,77,80,64,81,73,64,84,72,73,53,33,19,49,49,65,44,44,43,26,22,32,27,74,47,69,70,67,67,101,64,116,51,97,,40,90,96,49,70,82,63,88,102,103,53,68,75,96,57,73,,200,335,225,207,241,291,102,114,112,111,,137,157,112,139,155,46,110,123,102,47,63,67,42,61,70,32,35,15,19,28,86,80,76,68,92,80,92,101,65,60,34,60,72,54,82,25,21,24,18,122,104,86,108,124,116,102,,187,167,145,,141,112,134,130,,82,98,,111,114,172,182,184,203,148,59,49,,32,68,61,112,,95,,99,148,145,124,105,,155,106,82,,46,51,43,115,80,86,,33,30,37,33,37,14,16,19,18,17,16,21,19,21,23,22,19,19,20,20,17,21,10,,16,10,11,33,32,34,16,,16,30,21,28,10,10,12,17,16,16,16,20,17,23,27,29,31,152,136,146,43,51,41,45,57,78,92,106,,101,151,94,210,92,46,72,97,39,32,58,74,39,19,81,30,21,156,72,77,88,97,110,81,43,84,74,81,98,44,110,97,111,112,109,84,90,96,67,104,79,86,65,46,81,74,57,,38,36,38,37,41,68,90,80,104,119,66,79,64,34,41,33,73,99,77,101,99,93,103,87,103,88,58,98,77,86,85,106,15,74,61,54,89,80,61,66,130,109,78,103,118,96,95,100,96,57,41,89,49,92,86,78,68,42,48,56,42,113,119,129,114,120,84,92,94,81,79,87,79,43,84,73,86,107,103,94,,89,53,54,69,71,80,69,,62,65,72,70,73,75,,74,82,9,8,75,86,89,85,116,117,127,111,99,102,43,49,35,52,91,92,71,86,108,111,105,107,68,82,96,88,86,103,97,106,111,106,64,61,67,,62,39,39,97,17,47,177,57,75,63,65,31,41,50,67,100,85,63,105,87,157,119,122,60,53,66,50,62,49,58,48,,75,89,57,53,39,85,117,105,86,78,62,50,114,,73,69,119,71,74,88,58,61,121,88,82,76,65,46,85,81,76,89,63,45,70,52,47,32,113,116,107,87,104,,99,117,108,,82,86,105,,125,123,125,99,119,115,118,97,99,,,68,59,61,51,74,78,,,57,63,114,82,61,80,86,123,129,110,101,33,23,35,59,53,85,54,73,63,102,80,160,91,52,60,,72,81,112,112,,127,83,58,32,64,27,,49,165,127,,29,44,31,20,19,51,79,45,45,60,25,32,16,12,6,51,59,47,87,51,32,60,80,66,77,74,70,135,90,90,97,89,43,67,42,87,83,82,102,107,93,107,93,82,35,34,53,44,54,64,51,17,35,39,15,16,44,35,19,43,40,47,36,41,59,29,32,31,36,43,22,38,77,41,28,27,,78,84,53,23,105,79,129,139,145,149,,149,141,147,61,72,98,132,110,86,99,85,80,89,91,106,98,79,86,75,84,63,157,136,163,79,,77,107,117,111,54,45,45,57,76,72,54,61,49,63,55,89,21,27,23,26,17,20,21,24,21,7,20,16,20,12,10,12,13,18,27,22,59,73,71,71,71,64,116,109,109,106,79,61,64,91,58,60,64,72,71,68,49,61,65,35,70,65,69,59,61,72,85,69,69,83,,52,70,45,38,42,58,54,54,93,82,76,127,140,115,110,102,121,118,141,44,70,101,101,90,96,91,109,,113,93,102,132,130,136,100,112,76,85,96,93,107,87,100,19,46,50,36,97,94,86,72,117,117,130,81,79,96,67,71,74,97,92,99,96,93,76,93,76,56,66,66,104,103,103,98,108,107,89,102,94,97,91,89,67,74,65,84,76,152,109,90,93,57,53,45,56,63,67,79,75,74,77,56,83,47,67,81,43,77,85,33,26,39,33,56,54,51,65,66,70,61,54,64,70,15,25,32,52,66,49,,69,87,81,29,38,52,54,68,93,90,117,79,74,65,69,77,91,75,73,124,115,114,120,75,88,82,78,43,57,58,,59,84,89,91,88,89,114,79,102,93,67,91,115,60,39,58,67,70,85,14,29,25,43,,32,39,57,53,63,59,74,67,69,69,47,58,61,52,51,43,65,62,26,32,60,,45,,53,45,27,31,31,22,36,36,60,48,35,36,81,70,93,46,27,27,50,56,47,67,78,28,41,,17,37,32,34,22,19,26,,81,15,25,8,13,124,126,113,122,32,56,62,54,74,93,83,37,30,72,54,34,39,51,40,34,61,60,43,77,65,49,53,82,49,24,78,44,,96,56,34,19,51,83,36,40,24,24,122,93,104,,96,79,50,55,51,76,84,39,38,12,151,311,42,66,58,62,57,119,145,109,65,108,70,77,,27,8,23,108,185,265,39,22,71,26
20160203,5,PM10,,43,,,,,,,,35,,,,191,168,116,134,133,191,,130,114,125,150,131,133,,196,126,142,132,115,122,71,172,166,178,169,164,163,101,121,99,118,121,251,230,296,259,200,760,413,286,302,235,34,30,27,29,,,52,45,55,42,208,112,124,136,232,249,245,164,172,160,,114,101,126,81,,51,107,116,69,77,82,77,86,92,80,130,77,66,72,82,128,116,180,,208,237,,291,297,,234,82,71,51,57,49,59,66,43,71,49,194,158,133,117,116,96,136,144,115,116,100,116,111,,132,156,161,197,117,117,122,125,,56,,44,103,53,,,62,173,165,189,151,157,164,178,199,169,,162,139,158,139,190,,,41,41,57,47,66,170,194,131,154,141,168,153,204,165,153,153,227,205,235,185,156,208,152,156,130,159,170,164,197,239,196,206,203,207,,159,191,,74,91,129,96,141,,150,183,134,77,56,74,65,202,216,217,216,110,75,43,119,85,128,115,107,115,132,67,162,155,170,154,,118,149,145,75,82,69,76,108,106,95,,94,,,153,,114,104,,127,105,92,,63,64,,,103,64,,76,,58,90,130,110,,,,,,32,35,34,,,38,28,38,23,91,86,63,110,69,,,,87,162,201,162,183,153,,182,199,70,109,90,111,94,159,,128,145,217,151,146,170,179,171,116,108,113,,119,133,110,101,,,,146,,,,,96,53,,,,77,87,43,34,,,39,,41,40,38,36,33,,,35,39,42,,39,32,42,39,41,46,51,35,38,,,34,42,,38,,138,29,32,37,34,41,44,38,28,37,38,37,31,32,35,40,39,40,43,37,,,,116,151,136,94,,87,89,91,25,42,37,29,33,62,77,67,59,66,61,49,63,65,71,69,57,,104,79,70,69,100,88,88,95,81,,85,122,90,79,92,82,82,50,95,108,97,,39,45,118,,146,109,76,126,79,56,105,82,159,95,102,153,153,153,308,80,227,76,271,126,83,245,95,101,81,105,101,118,128,139,46,135,139,74,106,86,,520,473,257,630,,405,85,140,105,94,,157,173,106,141,158,60,80,186,80,60,68,112,74,83,165,56,121,35,42,60,115,103,120,108,84,116,174,111,89,99,72,116,88,109,94,26,22,22,19,150,157,137,239,246,266,197,,387,264,225,,203,237,209,252,,174,232,,234,,290,151,298,344,180,74,78,,69,81,74,138,,136,,184,169,156,165,242,,268,159,178,,57,87,73,229,186,128,,51,49,67,70,62,27,24,,19,19,46,,,,,,29,,30,30,27,,27,,33,28,28,49,,53,,,28,,44,,,,22,,,28,28,,,,51,54,62,175,162,164,81,67,87,46,73,98,158,256,,173,243,142,,,81,104,,,76,213,165,120,64,46,17,9,361,82,95,95,132,123,101,52,103,170,,98,89,172,84,204,188,137,72,98,131,127,89,115,72,89,64,142,62,60,,52,60,60,86,,96,134,133,160,203,69,73,51,43,52,47,,117,83,122,109,114,99,115,146,104,64,106,,85,63,,,132,143,191,126,135,,119,226,194,,205,181,,114,110,,104,57,184,79,153,156,131,114,91,105,118,,166,166,,134,138,98,145,101,152,102,118,83,126,91,,85,102,,,,84,,,,,,112,,70,76,81,60,69,70,,66,70,7,9,65,88,79,84,157,,178,136,,109,93,106,68,79,121,137,97,119,116,111,112,102,108,88,102,92,106,116,131,108,114,141,71,56,,,,49,38,103,177,130,292,97,94,75,87,57,64,63,89,120,140,224,196,213,,191,239,96,87,89,77,118,80,135,144,,,238,309,40,130,158,227,317,202,243,249,296,141,,168,145,207,107,114,140,96,96,218,179,130,129,55,64,118,94,140,104,105,81,82,92,80,69,144,165,113,76,76,,48,63,81,,64,83,,,150,162,152,103,114,171,137,127,126,,,90,75,103,91,95,93,,,84,101,120,78,64,108,91,127,133,109,115,66,59,39,115,107,149,154,114,61,,131,204,100,130,65,,,71,169,162,,256,207,,69,130,46,,144,214,123,,42,41,64,,26,63,84,74,44,78,11,,11,10,10,70,52,54,77,155,81,154,116,123,90,86,119,129,124,126,118,67,80,84,77,106,90,91,112,129,138,222,121,77,57,74,36,32,39,74,,26,50,80,29,21,70,53,19,66,61,57,64,61,55,19,115,88,57,69,67,38,,81,24,,13,140,115,82,22,94,121,115,141,162,132,,146,112,,71,82,135,132,123,79,124,146,158,72,80,128,92,76,,,,74,186,164,,72,,53,91,,128,69,74,56,74,73,92,61,62,57,72,71,89,23,,26,32,22,25,,,26,,,,,,21,25,23,,40,41,51,67,71,74,62,92,116,133,110,145,99,141,116,106,84,,77,84,,59,61,65,76,74,76,75,86,77,70,130,151,94,93,132,,92,87,99,92,83,101,107,105,,,61,137,144,135,131,145,211,174,187,106,118,105,99,88,94,97,183,,160,167,156,132,91,125,75,140,96,99,110,107,,70,113,34,87,65,55,87,105,101,,110,132,195,112,117,108,111,131,149,120,135,102,98,141,97,82,85,80,76,77,103,92,111,114,107,112,,117,129,120,117,,104,103,94,102,120,,162,180,146,81,76,81,79,107,85,65,116,91,127,68,116,108,87,125,53,110,88,,,,,75,75,63,77,71,73,64,54,62,75,35,52,40,75,84,67,,,118,98,57,51,77,82,148,146,121,176,98,91,87,94,78,,,,112,103,114,131,,58,61,67,52,64,67,,99,96,89,90,104,88,190,157,166,183,81,132,132,73,90,88,107,113,111,13,28,31,,,48,100,125,95,125,46,57,59,56,58,48,50,,60,49,54,63,81,37,54,74,,50,,47,57,28,,,38,32,38,56,56,31,31,,24,27,,23,57,,,27,73,57,,43,,15,14,,317,374,,19,,63,10,13,,,226,144,,142,71,113,103,114,85,,109,61,,73,82,,33,45,106,58,87,85,62,97,139,147,99,,92,43,78,57,,142,123,52,88,130,119,38,,47,31,,182,111,108,81,81,104,126,87,124,139,118,83,28,388,569,107,139,78,83,132,172,141,122,185,192,48,55,,30,11,,202,283,357,82,28,75,39
20160203,5,PM10_24h,,20,,,,,,,,35,,,,111,87,59,71,78,95,,74,73,105,74,75,116,,100,98,100,94,108,83,53,94,103,91,92,92,94,64,106,78,85,90,182,194,229,200,182,238,184,206,217,227,37,40,43,47,33,57,63,56,61,36,88,66,61,63,147,152,162,166,191,166,,121,143,124,78,,43,100,118,71,91,80,126,106,106,98,174,103,78,101,82,134,156,159,,194,227,,200,187,,155,81,81,63,82,71,58,84,59,84,45,172,141,140,125,113,91,126,141,122,142,110,120,133,,167,160,178,195,130,133,117,167,118,110,117,97,127,104,94,105,108,165,157,169,152,209,164,152,184,156,134,159,127,155,140,166,138,135,114,122,134,114,136,119,150,112,115,196,165,195,197,197,187,178,198,187,199,157,137,170,158,148,158,171,152,178,156,169,165,171,172,192,,159,171,154,166,187,181,168,144,174,158,190,163,136,111,128,102,171,185,184,195,109,85,61,116,92,119,116,114,134,121,77,95,113,111,104,,89,96,115,76,88,75,78,103,99,94,,101,,128,117,,110,84,,102,94,77,84,87,78,,,97,77,90,88,122,89,121,111,128,159,151,111,124,105,27,29,29,22,22,32,22,39,29,127,112,94,113,94,72,66,105,124,136,186,130,175,130,,144,161,68,119,103,111,107,150,128,132,128,134,123,117,118,130,118,108,105,86,116,144,152,142,150,150,140,144,156,,134,120,143,112,116,148,116,142,107,106,36,35,,24,29,31,32,34,30,31,25,20,22,23,28,20,24,30,15,24,22,29,29,37,25,34,18,33,26,35,30,25,19,47,31,27,29,25,27,32,28,17,21,26,25,26,27,29,29,32,26,27,29,35,24,,73,86,85,87,73,73,88,107,13,26,28,28,28,60,79,72,63,77,68,54,64,72,72,72,60,,73,62,73,66,129,114,105,98,102,,107,132,85,86,91,83,98,82,85,101,111,79,54,38,93,74,103,93,144,133,94,67,104,73,118,93,104,113,115,149,140,141,161,103,179,134,87,168,141,94,113,117,90,128,145,153,81,100,114,146,77,100,,337,413,285,387,308,420,131,196,138,143,,172,178,152,177,165,65,131,197,117,67,84,126,100,85,101,59,58,28,34,56,135,105,108,93,135,116,137,142,87,81,53,105,123,91,141,36,34,31,28,178,154,150,177,180,185,172,,261,246,198,,201,178,170,186,,144,166,,194,135,219,207,262,305,203,87,84,,46,89,120,167,,142,,160,189,192,195,184,,247,153,136,,63,82,74,158,117,130,,38,38,48,47,41,27,33,34,25,30,32,29,27,32,21,26,23,34,28,28,23,9,21,,17,16,17,32,28,35,21,,26,25,32,24,14,15,18,24,23,27,29,30,22,27,39,45,45,206,189,201,93,80,92,59,99,89,134,159,,144,210,164,265,97,92,109,101,45,74,131,152,96,43,128,53,39,232,109,128,146,159,166,130,58,111,163,139,128,97,162,121,177,179,161,139,109,113,101,136,115,126,83,74,134,77,75,,47,53,61,72,56,69,127,121,144,191,86,83,92,47,72,51,81,110,98,135,116,118,138,119,124,117,103,135,,101,115,113,26,113,90,121,138,114,75,98,161,191,144,174,183,151,164,140,110,85,61,145,97,142,122,109,84,79,85,107,72,152,155,110,138,158,124,155,121,116,92,108,112,171,96,81,111,118,161,95,,107,63,64,59,70,89,85,,66,70,71,69,94,87,,92,94,16,15,82,118,116,119,139,136,144,132,113,119,74,100,62,78,105,119,98,106,128,133,125,141,102,115,109,108,123,126,140,131,131,154,84,68,78,,69,60,66,116,188,134,205,94,92,88,92,56,65,84,111,119,131,178,148,158,,165,134,87,91,93,77,104,88,142,132,,124,133,149,75,105,122,204,162,168,183,179,183,162,,115,109,167,120,109,121,85,93,159,117,123,117,85,74,120,115,120,126,87,63,91,76,77,76,156,144,145,128,139,,113,157,143,170,137,137,115,,168,176,165,107,114,139,145,136,135,,,115,103,110,93,97,100,,,96,95,150,108,73,136,121,165,149,128,154,48,49,48,150,131,153,164,127,114,117,101,201,127,76,90,,85,118,124,143,,174,143,110,38,78,59,,99,249,181,,70,74,52,30,27,72,128,75,67,80,49,52,26,20,11,78,83,60,145,94,57,103,115,101,128,93,137,174,124,125,128,65,57,81,54,102,98,106,123,126,144,207,120,106,61,56,66,64,67,67,44,26,48,61,26,25,79,52,20,58,51,58,50,66,83,31,84,70,46,53,42,50,85,45,30,27,28,123,109,70,35,128,154,152,167,160,164,,168,172,,95,90,142,156,125,113,125,116,121,116,123,124,128,102,80,82,94,93,199,155,192,97,,85,119,125,124,75,72,59,71,79,91,80,75,54,97,89,112,33,29,32,33,23,25,26,29,27,10,21,17,36,14,14,17,19,23,38,33,77,96,119,94,83,86,152,133,139,132,96,126,95,111,84,62,75,85,73,78,61,70,76,69,76,74,78,71,80,102,121,85,83,108,,100,109,96,107,67,76,86,89,126,107,92,176,190,157,167,188,254,215,209,127,128,113,151,130,144,143,175,,164,184,143,177,160,203,131,155,103,113,118,129,123,106,118,30,63,65,52,110,106,108,98,135,160,182,117,116,120,109,109,110,120,122,131,129,149,123,101,93,95,83,80,117,120,120,111,120,123,99,115,112,119,109,,92,91,115,119,108,127,135,147,127,80,68,85,70,95,93,103,122,121,112,75,96,87,83,105,73,111,138,36,28,48,41,69,62,58,74,70,79,62,67,65,75,33,47,41,60,71,54,,69,109,102,63,65,58,59,127,126,98,149,98,92,85,99,97,102,97,94,146,137,154,164,83,111,97,105,57,76,70,,85,104,106,108,133,115,166,138,162,151,98,133,134,76,78,90,99,110,112,28,39,39,43,,37,47,81,64,83,78,104,94,99,73,64,63,69,59,74,92,78,82,36,52,76,,54,,48,66,48,41,42,35,56,111,75,70,47,53,116,99,144,59,41,70,66,60,55,94,84,35,55,,28,68,,102,120,63,59,,121,31,34,20,15,110,147,123,151,60,106,92,88,93,110,99,61,,94,98,44,57,75,94,73,101,105,69,111,156,161,76,118,77,54,91,66,,134,113,51,98,79,116,64,79,57,48,129,130,132,106,114,105,90,116,78,138,142,100,87,30,356,436,94,125,118,157,153,188,190,185,214,214,77,93,,42,21,32,162,290,390,63,32,82,31
20160203,5,SO2,8,32,6,4,8,5,29,4,7,22,9,22,,76,74,85,51,30,82,,48,91,53,54,39,85,,127,89,30,112,78,85,122,63,63,59,65,83,71,85,79,52,85,59,78,85,142,106,74,176,96,88,70,135,22,15,16,39,13,26,16,13,18,23,72,60,60,75,130,94,128,54,77,76,,70,146,156,37,,101,145,141,71,148,57,393,34,64,27,34,38,21,41,16,38,50,88,,145,436,,81,,,479,263,61,148,87,88,25,327,69,53,13,267,319,36,53,105,52,40,21,26,70,60,65,62,,142,186,10,123,111,45,86,78,17,15,15,15,13,15,14,16,23,11,18,23,37,21,13,36,15,4,19,16,18,19,14,18,18,11,15,28,25,12,16,38,27,58,20,65,34,26,17,33,27,5,24,10,21,19,26,21,25,14,17,24,15,19,19,24,18,29,30,33,,21,45,16,15,10,13,23,20,20,20,26,58,14,11,12,19,28,45,27,16,4,7,7,12,4,6,8,12,16,5,5,23,20,32,24,,20,26,23,4,1,3,7,14,15,12,,9,,11,32,,11,10,12,17,13,9,5,6,5,,,5,4,7,3,20,19,16,14,12,7,15,11,6,14,6,11,6,7,6,5,2,5,3,19,36,11,11,25,19,5,14,14,41,71,38,66,65,,83,57,12,63,46,50,41,52,47,51,81,32,23,26,107,24,34,35,34,30,3,6,8,8,7,9,10,3,10,2,4,7,8,9,15,9,9,59,7,3,2,2,,10,3,4,5,2,6,5,6,4,5,5,5,9,8,5,4,5,1,7,9,12,11,8,5,6,5,3,5,3,9,8,6,6,15,14,5,3,3,11,6,5,11,2,6,5,4,3,4,7,2,5,9,,15,15,15,15,14,9,10,13,5,1,3,4,11,5,7,8,17,16,15,12,6,11,27,17,4,,12,15,19,14,9,6,16,7,6,,6,13,37,53,36,35,41,37,59,42,38,12,8,15,6,25,12,4,5,7,6,5,11,5,43,19,8,47,3,42,34,25,10,36,25,15,8,21,25,27,21,31,18,29,17,10,43,47,75,37,41,49,,7,11,36,11,52,20,27,17,20,31,,64,63,45,40,71,20,24,420,3,32,44,46,22,35,52,71,46,18,7,42,42,108,40,64,59,73,83,104,39,45,15,44,50,21,49,6,3,6,2,59,61,77,86,92,91,40,,84,60,62,,65,63,38,54,,99,97,,112,87,70,39,24,13,39,31,37,,36,19,25,54,,53,,85,59,71,91,63,,57,49,39,,49,23,33,205,187,67,,20,9,10,7,12,14,6,6,8,5,7,4,3,9,6,9,6,10,6,8,14,5,1,,7,6,8,5,3,6,4,,4,6,6,14,6,8,3,1,2,3,3,21,15,7,9,11,9,41,42,47,49,97,53,41,387,125,267,266,,178,186,29,60,57,81,33,60,122,138,262,155,,71,93,33,37,182,59,105,82,138,79,132,26,42,59,30,30,13,191,58,201,122,196,57,25,74,112,21,81,77,37,20,45,23,14,,16,8,53,10,6,9,20,45,78,58,6,11,16,25,29,25,13,13,18,8,17,7,40,7,8,6,10,22,1,8,8,26,3,170,72,77,59,40,50,36,76,163,125,156,138,30,108,31,34,54,81,53,90,21,53,36,149,61,26,49,16,7,10,3,11,12,31,36,43,12,10,8,32,14,13,1,3,1,10,8,,4,3,4,19,14,16,15,,8,11,7,8,16,16,,24,15,2,4,4,5,9,6,12,23,10,47,16,4,13,30,21,5,7,20,10,15,8,9,8,5,4,2,10,7,8,9,8,13,13,6,22,13,30,,24,10,19,10,16,7,1,20,21,22,27,16,13,26,130,16,6,20,15,25,23,26,18,9,19,24,14,64,14,33,6,,213,275,170,33,6,5,5,2,6,21,3,12,56,,42,49,108,82,43,42,40,33,174,69,61,36,49,45,7,54,46,45,10,27,33,43,19,29,18,14,26,11,16,,11,15,13,,10,20,23,,33,23,34,15,4,17,13,6,15,,,6,1,11,10,9,8,,,51,182,39,5,2,28,11,20,22,24,25,9,10,8,201,283,206,272,314,146,255,285,370,176,150,33,,25,116,278,125,,163,277,20,47,13,41,,163,168,118,,49,57,8,7,4,17,76,24,28,53,15,11,6,28,14,24,25,11,47,105,230,119,47,56,50,63,75,98,29,70,81,147,28,62,49,192,122,127,51,30,65,111,139,71,31,24,12,4,9,15,3,28,20,32,22,9,34,33,6,19,37,38,29,12,21,9,27,14,6,76,19,11,,39,41,49,33,102,181,15,14,9,18,5,22,33,22,,5,18,31,28,6,20,38,48,17,8,5,12,10,13,38,2,32,34,10,4,7,9,15,8,32,,19,35,15,47,14,10,10,12,,26,8,3,5,15,7,15,2,2,5,7,3,9,5,5,5,,10,16,9,7,3,5,6,4,7,5,2,4,3,3,1,3,18,25,15,3,4,8,13,14,7,42,11,23,15,11,12,19,18,14,66,3,15,25,3,19,10,4,25,16,,5,13,6,6,5,8,18,13,2,40,22,35,58,41,73,41,27,39,43,41,36,38,29,55,68,24,55,,20,31,24,22,45,26,39,17,81,39,1,7,4,75,3,10,6,2,9,54,55,27,26,11,17,38,53,25,36,23,13,12,2,8,4,2,3,5,11,9,11,4,6,8,9,11,13,8,10,2,9,5,14,15,1,1,25,20,20,7,10,14,2,24,5,10,8,11,17,12,2,21,34,2,7,20,21,2,6,3,7,14,11,36,11,3,8,7,4,65,10,18,18,90,16,23,8,4,14,18,11,16,,5,11,12,18,7,8,11,12,30,17,17,10,10,5,6,7,5,23,15,8,8,7,10,3,6,11,3,27,7,5,,9,9,4,19,5,25,4,22,12,8,3,3,6,6,3,16,9,17,15,12,12,4,28,,5,12,26,20,24,9,6,6,10,69,15,26,19,41,14,8,13,14,20,7,14,,15,,5,12,17,2,,5,3,11,6,2,8,9,5,33,11,3,3,3,6,6,12,5,2,1,6,,2,7,5,4,5,10,3,49,33,9,15,7,7,25,14,10,14,16,51,46,47,6,38,20,13,35,26,11,17,15,11,51,18,31,21,13,16,28,7,10,40,16,9,14,18,,15,14,26,15,32,9,7,21,3,30,55,56,109,19,48,66,21,12,4,12,5,12,8,1,34,54,37,33,12,17,1,5,6,4,75,101,19,15,,3,5,8,17,17,20,17,10,226,3
20160203,5,SO2_24h,19,9,13,17,14,13,26,11,9,12,18,28,,45,46,32,24,15,41,,24,28,37,34,9,50,,101,89,51,98,90,85,41,45,48,41,53,54,55,78,111,49,64,62,137,92,170,132,143,112,100,126,110,147,33,31,36,48,29,28,24,22,33,29,37,33,38,45,99,78,109,94,90,91,,114,172,125,54,,102,114,141,120,127,103,310,50,95,47,84,61,28,67,22,89,87,67,,135,253,,154,324,,180,85,92,95,113,130,41,94,40,94,12,158,127,86,89,144,34,44,41,24,61,59,53,52,,135,180,57,113,130,61,60,91,33,31,32,35,28,30,29,30,33,25,27,30,37,32,22,29,20,24,23,29,31,33,21,26,35,32,34,29,35,32,26,51,53,76,42,73,58,40,42,53,53,22,27,17,23,24,35,36,33,33,34,39,36,41,33,27,33,39,31,41,,32,39,42,24,29,25,40,34,44,33,42,63,25,18,31,30,43,41,41,37,16,14,13,14,10,18,20,20,27,14,13,23,22,30,23,,19,21,18,7,4,5,12,32,20,26,,18,,21,36,,15,15,11,15,14,10,13,17,12,,,13,11,13,11,32,24,24,18,27,11,23,29,5,33,5,11,5,6,6,4,2,4,3,25,21,18,20,25,21,13,25,22,41,90,42,74,72,,81,53,9,77,53,66,55,56,91,59,84,44,32,53,52,32,45,45,35,51,13,17,24,19,18,16,18,23,21,20,11,20,12,15,17,19,20,61,13,11,3,2,,11,2,4,4,2,5,4,12,5,5,5,5,9,8,5,4,7,2,7,7,9,9,4,7,8,7,4,5,6,7,7,5,4,10,8,7,5,4,12,5,4,10,2,9,5,3,3,4,7,3,4,8,,15,18,14,15,14,12,10,14,4,2,2,3,9,6,14,11,23,20,18,12,13,18,22,20,15,,21,18,15,16,20,10,20,11,13,,14,19,23,39,42,25,52,43,44,26,35,12,7,9,6,29,12,4,11,13,7,6,10,6,32,30,26,38,8,43,26,38,16,40,34,26,16,35,39,24,32,44,31,48,31,18,88,92,124,102,63,82,,6,10,24,21,27,12,25,17,26,28,,129,42,31,39,50,28,13,59,8,59,77,70,51,62,79,66,50,22,17,42,65,69,60,74,106,77,85,103,57,60,40,146,98,93,164,8,5,8,2,102,66,94,81,99,77,55,,99,87,62,,73,54,42,39,,126,78,,106,84,94,71,79,51,59,33,58,,43,32,46,113,,96,,95,81,79,80,74,,105,62,42,,47,41,45,94,91,76,,17,8,8,6,11,16,13,10,8,6,8,4,3,8,6,10,4,9,5,6,8,5,2,,7,7,7,3,2,5,3,,5,5,6,12,6,8,3,2,2,8,5,43,17,30,9,7,8,52,47,59,41,143,98,56,200,183,246,261,,213,260,56,91,75,122,53,94,67,88,178,166,113,52,188,53,54,156,134,123,104,125,83,120,59,83,90,54,56,44,138,126,172,104,170,106,64,115,134,78,157,233,62,37,75,53,41,,17,59,99,42,19,54,36,54,76,62,17,43,26,25,44,28,20,26,36,7,32,25,30,19,14,39,41,39,30,40,26,42,28,82,66,62,82,66,67,34,108,160,98,126,156,56,80,56,65,70,83,61,80,30,37,32,44,63,43,72,42,15,17,12,19,20,57,75,51,23,28,21,36,30,18,20,28,17,28,11,,12,9,3,20,17,18,18,,8,11,7,11,21,32,,38,15,3,4,6,9,13,10,22,36,20,33,21,10,29,115,40,86,16,20,10,14,10,7,11,7,7,25,11,9,9,7,7,16,31,6,34,24,22,,33,13,22,14,25,15,13,39,47,32,36,31,34,76,154,20,14,25,23,23,39,37,21,13,33,33,21,70,22,77,22,,186,240,135,69,4,5,6,2,8,23,4,14,92,,35,38,119,75,54,41,38,41,106,62,76,56,55,44,16,40,71,81,26,21,24,34,37,46,30,22,43,37,37,,37,17,30,39,37,26,34,,50,46,59,30,23,28,27,23,21,,,13,7,12,11,16,15,,,70,171,31,19,16,44,24,37,36,35,36,8,8,6,210,178,133,177,195,145,216,224,340,229,127,63,,36,130,185,157,,212,252,46,61,39,72,,145,338,214,,41,43,18,8,4,31,191,25,30,58,36,16,8,39,20,37,44,34,99,94,92,114,68,47,68,56,87,137,66,88,74,173,39,76,40,85,81,86,61,59,89,133,108,105,42,21,24,26,23,36,10,25,29,33,15,11,17,35,8,35,24,31,20,17,25,9,26,19,6,32,11,6,,36,55,46,38,102,47,56,25,24,29,7,34,49,24,,5,24,28,27,6,44,47,52,62,34,31,46,40,47,57,2,36,47,13,9,13,7,24,21,52,,25,37,15,73,16,14,18,16,24,38,25,30,16,23,14,28,2,2,6,5,2,7,9,6,5,,11,16,7,6,4,5,6,5,9,5,7,8,10,10,7,7,17,36,22,4,2,11,19,20,16,48,15,23,18,17,15,22,16,17,26,7,20,15,11,15,8,8,24,29,,16,17,11,14,30,10,16,12,71,74,65,69,92,74,103,67,70,81,77,42,37,38,39,69,75,33,61,,26,45,25,37,49,46,54,29,50,51,33,18,9,92,3,11,9,25,19,91,58,30,27,43,38,48,54,31,54,29,24,20,15,19,6,6,9,9,33,34,32,7,11,16,18,19,18,17,15,16,29,21,26,24,3,7,32,37,38,13,16,18,5,26,16,15,22,12,11,21,19,42,47,25,26,26,23,9,8,5,18,16,12,38,9,5,5,4,3,28,10,19,17,20,20,27,8,3,12,6,12,16,,12,15,18,22,16,7,10,16,37,17,19,11,10,6,13,16,8,25,21,13,14,14,18,18,19,9,7,31,13,12,,16,8,4,15,5,19,12,26,12,6,3,4,7,8,5,19,13,21,18,12,14,4,15,,8,16,20,19,38,11,16,5,28,22,37,43,47,57,28,14,19,15,35,13,27,,21,,8,17,51,2,,5,4,12,34,2,15,15,25,27,29,18,4,3,7,8,14,7,6,1,8,,5,6,7,5,6,11,5,60,41,11,21,10,7,15,22,15,22,24,85,84,71,11,35,16,27,27,76,25,19,79,34,67,41,72,65,63,54,29,10,20,222,25,42,85,16,,22,37,39,35,25,29,14,39,4,33,183,149,186,27,151,64,20,31,13,21,17,8,7,2,25,49,23,33,18,29,2,12,12,11,49,79,45,31,,6,34,58,12,12,16,33,9,192,3
20160203,5,NO2,38,29,52,70,52,49,75,19,24,45,31,48,,92,92,97,103,101,100,,94,97,81,104,91,124,,69,72,45,77,72,73,38,94,96,70,95,88,98,75,72,58,72,76,92,90,106,99,102,132,112,86,92,143,9,10,10,19,9,38,44,57,31,20,93,98,85,103,111,88,88,44,53,47,,66,76,75,31,,23,37,35,46,31,42,69,54,38,57,59,52,64,63,45,39,53,61,,63,88,,72,81,,83,84,69,63,50,32,27,49,24,39,9,86,78,61,37,62,25,32,46,40,58,34,48,71,,100,91,76,40,91,39,81,72,13,87,88,53,73,65,90,32,79,83,95,108,73,89,65,25,87,98,48,82,100,66,87,90,88,84,40,36,44,63,,62,28,24,61,83,121,68,118,73,54,89,69,14,23,91,34,79,65,33,84,101,62,88,71,78,104,92,58,74,,47,87,69,11,31,39,37,78,60,50,94,17,37,29,28,59,26,27,52,52,47,42,10,76,23,61,50,46,74,36,21,58,39,44,38,,29,30,33,15,,21,12,32,37,33,,38,,69,64,,20,26,17,19,12,19,33,25,22,,,19,17,15,19,134,77,105,115,112,13,77,15,18,14,7,8,13,11,9,13,6,17,19,30,23,14,2,24,43,10,41,28,9,38,35,59,44,,55,38,22,45,68,38,19,24,70,2,116,92,79,76,112,72,79,85,83,52,51,88,108,73,55,82,68,71,80,19,32,74,20,59,38,53,52,49,60,32,19,10,,5,15,14,8,14,7,17,7,16,23,23,21,8,9,32,13,19,9,14,20,39,19,18,8,16,9,14,15,9,18,6,8,12,9,16,12,14,11,11,16,9,8,8,10,11,3,11,10,7,14,9,7,,49,34,51,16,37,27,47,27,7,10,6,13,2,14,41,35,29,43,28,25,41,45,58,56,17,,67,33,39,57,22,30,31,21,29,,29,33,14,19,15,13,26,22,20,13,22,14,17,25,23,25,44,38,4,42,37,3,12,13,73,42,64,61,38,66,97,57,52,48,39,79,39,80,33,31,75,56,67,39,20,7,13,56,44,29,42,46,,104,89,110,112,102,78,39,42,63,53,,34,40,39,35,34,9,37,54,14,32,31,52,25,38,68,33,33,13,19,40,37,61,47,54,29,51,54,55,93,78,39,55,58,85,45,16,15,12,9,72,89,87,91,86,89,44,,103,82,48,,58,64,51,54,,103,80,,70,67,69,59,45,45,29,33,51,,25,44,22,39,,60,,72,55,39,22,86,,104,60,81,,36,24,24,99,124,74,,9,8,8,12,13,7,10,12,8,8,18,9,12,7,11,8,12,14,11,15,5,10,5,,5,7,8,14,12,7,20,,21,8,10,18,8,9,8,4,8,9,14,9,15,6,22,28,30,34,23,28,28,53,29,19,38,45,65,52,,103,54,23,42,34,52,14,24,75,31,82,47,,22,16,9,3,64,32,61,44,66,63,72,16,61,55,38,53,38,80,54,67,75,73,58,22,49,58,34,41,33,53,22,38,31,22,,9,35,52,44,32,28,25,,39,62,9,21,21,25,20,50,80,105,43,71,46,64,72,56,38,41,59,47,16,23,37,26,2,72,67,78,68,47,1,20,64,72,52,80,65,32,28,38,33,55,58,60,44,67,75,60,94,62,51,49,33,34,33,39,12,20,38,88,30,17,23,50,14,45,19,44,21,17,36,2,,17,8,10,15,22,17,21,,12,9,15,11,21,5,,16,13,5,4,18,25,24,37,31,39,39,31,58,15,44,25,23,18,32,22,33,32,13,18,34,81,13,12,21,10,18,16,18,35,20,14,16,11,14,,16,14,9,52,59,59,82,27,46,27,25,24,36,34,71,25,43,59,55,64,57,56,64,38,46,45,45,23,8,25,20,,35,68,44,5,26,13,8,44,36,40,54,25,67,,17,29,100,98,32,89,155,54,73,62,79,56,29,31,40,13,52,36,13,24,19,38,23,21,67,74,40,50,50,,18,36,55,,83,74,34,,64,80,70,52,45,75,57,42,20,,,10,45,23,25,28,23,,,71,65,69,28,12,38,57,31,41,30,18,33,41,57,69,65,61,56,62,32,64,69,66,33,52,17,,17,20,85,52,,57,121,40,23,15,24,,14,58,58,,22,20,16,14,10,24,48,13,35,76,8,6,3,9,4,26,17,6,31,49,48,49,35,35,42,44,56,52,33,37,48,36,27,31,44,83,61,70,47,47,67,66,59,40,18,16,16,5,14,33,22,7,67,56,13,7,37,30,13,19,30,30,20,36,41,12,43,68,21,44,12,12,18,16,8,12,7,70,72,48,4,18,60,19,58,61,32,,11,55,75,59,43,75,93,23,37,19,21,61,46,51,45,14,48,87,40,20,12,27,39,56,32,,23,99,29,22,22,23,23,14,,33,42,66,42,38,17,66,11,5,25,14,7,7,8,7,13,2,5,7,6,10,11,11,11,9,5,13,3,5,2,8,7,4,18,39,20,23,8,37,34,23,37,14,38,16,22,15,6,3,22,17,18,27,39,30,27,20,28,16,25,27,,30,24,36,37,21,15,40,10,50,52,59,16,76,56,41,29,105,42,45,51,48,46,41,52,45,45,45,,35,34,57,23,21,28,28,78,49,61,37,24,27,38,68,5,19,21,28,16,18,24,32,32,29,58,37,43,45,5,79,62,25,24,11,9,13,18,36,27,25,15,15,34,43,45,44,40,37,7,25,27,16,19,48,45,28,27,56,13,7,20,10,18,14,21,25,17,24,36,1,31,22,25,14,53,9,3,29,4,17,17,6,3,5,9,21,8,10,14,13,20,9,9,16,10,9,15,30,8,23,11,,16,38,39,36,34,14,14,59,61,56,61,7,23,17,35,7,9,22,33,22,34,24,25,7,25,13,22,4,24,7,,8,20,40,30,33,21,16,23,18,13,4,19,29,20,13,10,13,16,14,7,9,10,12,,10,18,49,42,54,12,12,12,12,39,14,11,14,15,10,7,23,18,7,10,22,,18,,35,19,13,2,,8,5,13,15,13,6,8,5,6,4,3,5,,15,6,4,28,30,2,8,,12,6,6,18,25,5,2,19,21,3,2,2,5,34,38,54,30,49,57,64,69,15,34,36,21,51,26,14,6,10,18,30,33,29,28,50,45,26,35,18,10,14,21,35,40,,41,25,31,27,24,6,6,9,11,1,41,57,93,19,16,26,28,34,59,38,54,13,11,5,64,78,34,9,24,19,5,37,44,40,44,24,43,19,,14,3,25,63,42,72,22,10,63,16
20160203,5,NO2_24h,56,7,56,70,56,62,66,31,28,40,53,56,,66,63,61,68,71,70,,68,67,63,69,51,66,,60,63,48,70,63,65,21,69,72,57,79,65,77,53,55,60,65,61,88,94,105,88,96,95,92,88,97,138,14,23,23,33,15,46,50,55,38,28,65,62,55,73,101,67,76,64,71,67,,71,81,73,32,,21,38,38,48,36,45,65,51,47,57,64,46,59,61,42,61,60,59,,62,97,,82,82,,65,52,68,54,51,46,36,42,23,60,9,83,71,81,65,78,21,30,58,47,56,40,50,96,,122,104,92,50,112,51,64,68,44,73,64,66,60,60,65,57,57,64,73,89,65,87,55,32,69,91,40,70,91,72,72,66,80,74,51,48,43,42,33,51,22,32,56,64,72,51,80,68,61,61,53,17,18,67,37,72,84,47,75,77,60,80,70,54,79,71,45,63,,42,63,67,31,59,50,66,51,43,44,63,17,37,47,36,51,57,26,56,62,50,53,17,60,29,60,60,56,56,48,24,54,53,47,49,,33,45,48,21,21,38,23,43,41,50,,42,,55,42,,27,31,20,33,23,27,35,29,23,,,15,28,19,20,112,74,87,71,99,15,75,21,19,17,9,10,19,21,15,16,8,25,25,47,26,16,26,32,44,16,46,36,20,60,46,90,72,,72,53,22,44,61,41,24,21,72,4,77,78,68,61,75,51,54,65,65,40,39,74,79,63,58,71,67,67,72,18,41,60,32,36,50,42,57,44,41,16,38,30,,17,24,29,12,41,7,30,17,31,38,34,36,11,18,44,14,22,14,18,22,43,18,32,17,24,14,28,30,13,22,6,32,23,18,24,16,29,11,16,19,15,15,13,17,16,10,14,16,9,19,19,10,,25,26,48,17,15,19,25,27,7,13,8,16,6,28,53,47,55,45,50,35,44,39,68,54,38,,66,46,49,50,49,48,51,47,52,,64,41,17,27,19,16,24,33,29,18,33,30,28,12,20,31,52,43,7,45,36,10,21,25,74,61,66,81,31,77,63,77,54,65,33,78,44,72,79,25,65,58,57,42,52,12,22,53,39,40,40,46,,87,77,106,108,92,52,47,43,51,53,,46,44,36,41,40,12,24,41,26,52,53,53,43,57,59,48,40,20,30,45,56,52,57,45,39,45,43,58,68,55,32,35,57,80,50,19,23,19,12,69,70,87,74,77,66,42,,69,67,52,,72,55,43,44,,85,66,,61,58,56,52,49,46,35,47,61,,36,45,52,49,,69,,55,55,62,48,84,,90,67,69,,42,35,45,67,70,59,,15,11,12,9,17,15,21,18,14,12,19,15,15,9,14,7,15,19,17,18,6,16,9,,9,9,9,17,15,12,20,,24,12,20,16,10,11,14,7,12,16,17,22,21,18,14,24,21,49,37,46,26,53,43,27,37,42,64,45,,96,58,24,59,36,61,14,28,65,26,72,51,38,14,47,24,18,63,55,59,64,79,57,65,37,66,62,53,60,43,72,68,60,54,79,77,42,49,64,48,52,66,53,40,54,48,40,,10,42,59,36,32,19,30,47,40,61,15,31,41,28,46,42,49,86,49,60,54,57,54,51,31,37,42,45,16,24,29,17,4,65,57,65,74,47,6,37,66,77,55,75,71,58,48,61,60,60,49,53,35,50,57,51,40,61,47,53,39,39,45,43,18,38,59,69,39,15,33,48,22,31,18,47,22,27,37,2,,26,12,12,12,27,14,23,,14,10,16,11,28,28,,27,20,16,12,26,46,37,43,39,29,41,42,38,19,41,37,26,30,32,26,36,42,20,19,31,76,16,31,41,17,31,19,28,57,35,32,29,21,19,,31,28,20,56,61,67,79,42,60,42,34,29,43,39,80,27,37,52,50,58,54,49,57,34,51,56,50,28,10,25,45,,22,54,37,18,37,17,11,46,34,52,51,31,70,,33,39,70,61,45,69,115,46,70,51,74,47,47,49,49,16,64,49,21,24,35,41,18,30,43,56,39,55,64,,39,58,71,81,61,49,40,,61,79,66,56,43,72,65,38,31,,,27,57,38,26,24,32,,,45,52,42,36,21,43,51,43,52,34,25,30,31,37,66,59,55,51,53,36,55,57,50,34,48,23,,20,28,74,54,,62,118,38,17,15,25,,17,75,61,,32,44,28,20,15,30,58,28,37,67,32,20,15,11,14,33,36,13,39,40,26,43,33,42,51,42,54,61,47,43,56,40,26,32,34,68,56,55,45,47,64,68,47,50,27,17,25,16,35,44,19,10,53,39,11,10,25,24,15,21,24,30,14,41,35,22,36,40,23,38,8,13,33,12,33,18,11,56,38,43,15,33,49,19,55,51,47,,16,52,42,40,22,92,70,60,52,40,40,54,50,50,58,15,78,56,41,23,13,32,70,69,41,,34,60,39,17,38,23,25,17,55,35,30,54,26,60,33,67,25,9,19,12,11,12,13,13,11,3,13,12,14,9,14,14,14,11,10,16,7,7,11,14,16,9,18,34,25,15,6,17,21,23,31,22,27,11,25,25,8,9,27,17,23,22,26,23,25,18,32,19,31,30,,27,25,23,31,11,16,32,17,86,66,66,31,68,60,52,54,100,61,52,56,48,51,45,32,41,46,57,,37,41,57,36,24,44,38,55,40,46,34,19,31,36,39,7,29,29,32,29,39,39,24,49,39,48,45,46,48,22,63,45,45,46,17,22,23,24,47,23,26,20,21,31,30,51,30,41,40,12,23,22,28,24,43,52,33,51,56,19,17,30,21,26,12,12,25,13,18,15,20,21,21,18,17,45,12,10,28,5,24,22,12,9,15,19,23,10,11,16,13,28,9,8,20,12,9,21,21,7,18,14,,12,30,34,23,29,12,13,55,64,52,68,6,33,26,41,26,21,32,45,36,44,41,39,9,31,18,29,9,35,29,,19,26,50,41,46,60,8,40,39,18,13,39,45,36,12,13,27,17,20,8,14,16,27,,11,22,33,31,53,15,22,23,29,22,33,21,24,23,18,10,33,21,14,18,35,,20,,15,17,21,6,3,15,14,23,13,18,14,20,19,16,21,11,12,,21,11,20,25,29,2,10,,21,25,20,16,21,11,5,18,42,9,15,4,7,21,49,53,45,42,67,64,63,20,32,33,33,28,39,22,6,37,45,43,44,38,31,53,50,38,49,18,28,22,31,44,23,,42,33,28,43,18,8,11,15,12,9,40,53,93,18,34,35,24,35,40,48,51,15,14,3,74,102,27,11,31,39,13,50,44,41,36,20,57,42,,28,13,45,69,67,65,23,22,35,37
20160203,5,O3,31,42,20,2,31,20,2,39,24,21,48,10,,3,2,8,6,3,4,,5,3,,6,3,3,,,5,5,1,2,7,50,14,5,8,14,4,6,9,10,4,6,9,5,31,28,57,11,6,8,15,3,3,61,70,68,68,50,34,20,16,40,63,2,7,7,1,8,4,3,58,48,41,,7,9,11,2,,15,2,4,3,3,4,3,14,5,5,7,2,9,6,20,38,6,3,,6,6,,5,8,,5,,9,6,12,54,34,38,54,47,79,10,25,8,39,27,59,45,14,33,44,36,31,26,,2,5,3,14,18,46,15,15,79,9,12,66,33,28,8,79,10,7,6,9,4,6,13,90,2,29,22,3,9,2,3,5,7,3,31,65,38,16,47,14,12,50,23,28,5,12,6,16,42,11,14,12,18,19,38,10,6,21,2,6,15,3,8,9,6,9,59,8,,8,9,13,54,65,37,57,5,6,38,2,39,40,56,52,45,82,54,37,47,23,19,75,8,42,12,17,13,17,30,22,36,47,44,57,,62,62,60,66,71,58,65,30,29,30,,21,,16,27,,67,57,75,87,102,77,22,36,29,,,41,46,47,27,3,2,2,5,6,3,20,9,37,16,65,70,60,36,57,72,44,12,38,41,92,78,,87,56,51,57,74,78,53,72,49,70,,58,71,76,36,37,19,42,66,29,32,20,8,13,,,14,,20,,11,26,1,2,7,61,3,14,10,4,40,21,,29,2,16,10,22,8,3,9,56,58,,58,55,56,62,61,43,67,61,46,38,48,39,70,44,57,49,48,51,43,49,29,37,37,58,55,51,45,43,42,40,44,33,41,37,35,37,45,50,45,54,41,55,47,45,51,53,52,43,42,49,46,44,,7,8,,37,11,8,26,6,46,25,52,26,41,64,12,4,27,4,36,31,5,16,7,6,36,,3,2,19,13,56,34,44,38,40,,50,36,61,64,59,118,67,49,66,79,42,37,52,32,16,26,7,1,42,12,31,51,53,64,13,41,11,22,11,12,9,19,15,25,15,3,18,8,27,54,4,4,13,22,53,46,57,8,18,42,19,44,,3,2,2,4,7,3,27,8,14,18,,19,22,27,22,18,96,13,8,24,31,35,16,28,25,7,121,53,42,35,41,26,7,17,9,12,28,2,6,5,5,39,9,13,34,7,47,40,14,43,1,3,3,4,10,8,3,,4,5,33,,26,7,9,9,,7,17,,6,9,11,33,8,67,37,35,34,,37,12,57,29,,19,,5,48,42,58,5,,7,5,3,,56,60,59,8,8,9,,73,61,75,68,71,18,23,16,18,24,14,33,31,31,36,16,33,25,30,29,29,21,33,,35,36,34,57,54,54,42,,37,63,58,59,34,23,18,14,18,13,19,20,8,33,14,7,5,58,90,117,11,9,29,47,10,10,9,16,,23,5,9,10,7,39,4,8,3,7,12,3,5,19,18,30,80,2,38,15,25,12,5,12,44,5,6,36,5,25,9,13,5,5,5,10,42,18,35,31,24,49,32,80,41,69,90,,109,19,8,7,17,10,12,14,16,17,103,54,47,57,30,25,25,29,78,22,4,2,3,32,6,12,2,17,22,23,22,23,88,9,2,21,12,5,19,30,7,14,10,9,2,44,66,95,72,16,9,2,35,10,13,16,5,4,7,12,1,14,28,11,24,29,74,9,62,2,29,19,26,34,35,49,18,27,20,18,,35,18,,60,96,82,79,,50,67,50,64,27,74,,57,80,57,59,30,29,15,19,16,6,9,41,2,15,4,13,5,12,20,23,15,18,39,8,7,29,49,42,27,16,5,7,7,9,23,27,59,76,62,,72,33,28,13,8,8,9,41,18,65,57,51,7,7,2,78,9,7,5,14,7,11,6,29,3,32,14,44,60,45,59,,13,8,8,31,93,80,39,2,29,30,19,33,6,,76,55,3,9,62,5,52,27,8,2,17,11,58,41,1,15,31,20,28,56,59,25,3,24,29,3,34,21,26,,44,,23,,3,3,11,,25,19,25,12,44,5,26,7,56,,,114,92,31,48,26,44,,,,6,1,49,66,30,8,46,62,18,68,23,6,13,34,14,12,10,14,32,4,4,10,7,6,3,,4,4,13,16,,29,5,15,15,,5,,15,15,1,,36,27,56,67,74,37,29,40,27,5,82,81,87,84,97,40,71,89,8,,18,6,7,28,13,33,11,20,18,22,37,20,17,1,15,25,25,10,3,6,2,4,16,17,56,49,40,52,70,28,30,76,15,21,80,77,59,18,63,44,65,68,85,35,16,8,50,20,85,69,77,64,46,51,40,53,63,30,24,1,43,92,18,40,71,24,69,,26,20,29,29,34,24,62,61,43,11,40,12,58,17,12,18,10,11,149,38,11,31,26,32,22,,32,43,7,140,23,40,42,11,,41,8,,2,112,49,57,59,37,44,65,47,38,39,38,29,51,58,68,37,31,44,42,39,37,60,42,60,24,52,65,38,30,5,,9,,30,3,12,5,1,23,9,28,25,22,52,61,57,58,60,17,18,25,23,25,20,16,26,23,,13,15,10,10,38,47,44,41,21,16,17,20,2,22,8,60,60,46,40,41,26,51,52,51,51,77,51,,35,40,31,64,75,66,61,12,44,27,14,15,29,13,9,87,18,16,32,76,36,51,45,66,50,14,80,66,41,88,1,1,42,57,41,27,10,45,26,21,35,7,3,11,1,2,2,17,17,19,14,10,41,43,33,42,59,29,17,43,50,58,65,30,27,44,31,53,29,18,9,7,14,20,52,46,44,51,15,23,8,3,62,55,53,55,64,64,34,35,63,72,66,46,23,64,36,54,23,14,6,51,,19,5,19,10,2,43,35,6,6,4,3,20,23,9,20,34,32,28,27,43,43,42,39,62,31,31,28,51,43,45,,25,6,7,8,9,31,37,4,39,7,50,17,4,2,21,27,32,21,34,31,43,44,19,,46,24,6,14,1,70,9,8,93,,72,64,65,48,45,62,32,35,34,66,52,,81,,21,55,87,81,48,93,26,28,24,39,55,55,39,37,45,44,45,,15,67,58,4,2,11,2,,57,35,47,33,37,90,58,7,9,14,50,85,76,17,9,4,6,1,1,,3,37,22,16,28,12,21,43,40,64,67,37,30,33,40,25,31,54,45,56,56,54,33,22,21,,11,31,31,33,65,63,57,42,9,4,25,2,11,21,56,29,17,15,2,31,12,31,29,83,21,70,47,15,48,83,55,20,12,7,12,15,44,59,,61,88,48,28,47,20,8,20,18,62
20160203,5,O3_24h,52,89,62,55,69,52,65,78,52,68,77,69,,52,48,91,69,66,71,,63,69,39,69,45,88,,68,86,80,68,68,71,97,88,86,86,89,100,85,36,91,40,87,34,83,86,73,125,102,76,83,69,75,65,92,90,84,91,77,80,84,79,86,86,61,70,67,55,82,82,84,96,101,77,,70,46,71,38,,52,58,44,38,27,80,62,72,65,72,60,39,68,60,84,55,67,77,,64,51,,62,55,,103,86,75,74,60,86,93,84,95,85,139,74,86,37,73,68,101,116,52,91,110,43,81,43,,24,27,56,53,63,92,46,76,88,79,84,102,87,89,90,100,90,119,102,131,127,105,144,123,114,57,90,89,89,60,91,92,90,89,100,101,87,107,55,99,107,70,105,118,112,90,91,43,107,108,102,105,110,136,93,102,59,95,89,88,125,64,63,89,92,81,123,86,,79,119,125,95,93,95,115,132,64,99,104,93,104,97,105,106,125,102,71,89,102,105,128,93,106,66,100,115,127,106,100,103,98,113,103,,123,102,99,68,71,70,68,90,91,67,,104,,105,127,,86,88,90,115,123,91,75,95,96,,,160,95,100,91,103,81,54,96,93,112,92,105,100,116,73,78,74,41,73,88,53,28,66,91,140,115,139,120,87,127,120,113,84,79,87,63,93,,86,92,91,92,83,58,92,116,77,53,93,100,66,134,74,72,221,77,36,124,125,107,92,105,156,106,99,125,81,227,75,115,93,107,81,105,99,79,105,104,59,60,,105,73,67,73,62,72,69,79,53,45,56,39,92,49,60,65,71,67,53,62,41,47,53,62,66,56,48,44,50,52,61,36,46,43,43,44,49,50,53,62,44,58,53,51,59,58,62,47,49,54,47,52,,60,64,28,57,69,68,67,68,64,52,58,39,53,83,55,33,55,62,55,70,40,61,27,62,61,,32,25,60,86,74,95,100,91,89,,99,85,75,82,73,125,109,54,74,104,55,47,52,78,47,50,40,39,100,95,100,153,79,81,70,82,76,50,75,62,102,64,48,42,103,59,82,77,95,104,81,81,86,45,72,102,61,57,82,123,105,103,,17,17,22,25,38,22,94,69,146,86,,39,76,78,57,54,108,53,44,71,71,57,84,54,75,94,139,88,73,96,93,97,109,99,77,47,104,81,79,91,105,108,37,86,119,81,60,50,63,55,36,58,23,93,70,110,94,,77,78,77,,58,50,36,60,,101,75,,40,79,74,101,104,100,99,74,66,,89,76,65,107,,102,,71,106,85,97,75,,109,92,80,,72,84,82,109,92,98,,76,76,76,81,74,46,54,77,44,52,52,42,46,45,50,33,49,40,43,38,41,29,40,,43,48,43,65,60,58,51,,37,66,65,66,54,47,27,39,33,35,51,23,10,38,52,29,44,92,126,171,91,65,49,81,46,53,73,80,,90,88,62,58,69,88,59,38,59,58,85,84,52,36,29,38,99,83,77,38,66,64,45,58,56,72,52,70,41,60,74,41,48,43,28,104,88,91,85,102,97,92,106,92,119,108,122,,135,86,51,53,72,77,74,65,90,82,148,104,70,88,33,85,109,77,84,35,87,89,110,55,30,72,43,71,46,103,97,112,89,80,30,83,77,74,58,74,76,62,76,50,49,52,77,122,98,73,106,83,83,105,111,105,112,84,63,82,94,112,98,78,90,81,133,90,118,89,77,92,102,109,101,120,110,75,78,25,,112,100,,71,109,102,94,,53,83,62,75,72,90,,88,80,69,65,90,84,46,82,43,32,40,68,67,66,87,51,71,80,100,79,75,59,116,21,23,47,102,510,283,247,18,22,23,20,45,32,64,82,83,,76,51,37,57,95,70,63,99,96,125,115,129,84,81,71,121,73,90,69,104,81,115,115,80,29,77,84,82,101,80,76,,106,84,90,97,99,88,43,102,48,55,57,77,77,,91,73,64,67,102,106,124,140,105,73,101,112,73,61,37,100,81,62,56,84,108,78,59,83,101,57,64,84,92,,75,,84,48,97,68,47,,91,95,102,92,155,72,72,90,91,,,123,122,62,91,109,115,,,57,50,84,125,124,128,102,75,104,28,99,57,46,63,65,116,86,64,68,40,87,81,78,81,86,17,,44,56,58,43,,130,46,87,117,134,47,,32,74,69,,79,71,94,69,78,75,79,58,85,53,83,88,89,96,97,77,104,96,50,92,52,59,78,84,87,105,91,118,50,62,108,70,68,47,38,81,57,68,64,89,55,65,101,54,80,63,73,83,110,85,95,81,69,80,100,84,80,74,89,60,81,79,107,70,92,59,103,99,108,80,96,64,83,112,51,76,76,82,156,45,66,106,24,73,137,136,134,,115,78,114,86,110,77,128,154,59,29,75,25,99,77,52,23,31,32,179,76,207,31,57,72,61,,59,132,40,197,24,68,88,25,128,74,45,27,37,122,69,82,67,53,69,74,56,61,60,53,59,78,62,74,37,47,53,51,52,70,74,69,104,66,87,98,97,66,45,45,53,24,96,86,88,117,102,75,65,76,66,69,82,80,75,84,83,69,138,110,78,63,53,58,65,63,,58,60,66,60,77,114,110,95,58,50,54,75,74,89,51,68,72,63,67,88,49,112,105,121,115,141,118,,106,113,127,107,119,99,114,108,113,93,94,123,120,43,94,111,61,76,101,102,55,87,80,112,110,84,119,123,68,119,119,92,92,122,97,115,108,112,104,233,92,49,34,96,88,64,87,80,66,105,84,114,99,99,133,107,126,106,123,163,57,60,69,33,114,131,84,128,125,109,137,105,114,108,129,124,396,131,115,81,82,106,73,133,53,55,65,64,51,65,74,84,73,61,32,72,63,62,49,63,72,52,,88,79,108,83,70,70,62,42,51,64,45,31,50,20,53,95,91,73,76,61,69,71,64,126,95,94,95,82,68,76,,39,79,53,27,81,80,46,20,124,19,60,29,24,30,75,120,84,83,89,59,106,88,57,,85,65,63,65,76,96,39,23,107,258,72,64,65,55,114,121,55,61,37,69,86,,112,,107,83,99,81,49,110,94,107,90,127,83,88,47,53,52,84,83,46,103,83,66,110,124,47,33,,60,86,96,61,87,90,88,27,47,14,55,85,78,64,58,79,58,84,94,76,96,72,107,100,110,101,33,71,47,64,69,82,86,98,116,88,115,97,73,69,71,71,85,73,81,,38,109,82,75,106,90,102,111,32,5,79,56,70,44,74,50,44,43,93,53,59,43,42,116,30,95,94,25,67,84,71,79,48,53,62,69,63,62,,103,93,67,62,59,80,35,40,84,65
20160203,5,O3_8h,13,66,10,2,26,10,2,31,15,37,26,10,,3,2,8,7,3,4,,6,4,,7,3,10,,,7,5,2,2,12,77,15,6,10,16,9,8,11,12,4,7,9,7,30,25,55,12,5,10,20,4,3,64,68,67,64,52,33,14,11,40,57,10,16,16,5,9,5,4,28,25,19,,6,11,14,2,,22,5,4,4,3,5,5,8,5,4,6,3,6,4,18,27,9,4,,7,7,,6,10,,6,35,23,15,18,46,37,41,58,36,101,12,31,5,24,22,68,48,9,16,39,37,38,30,,2,5,2,15,20,52,23,26,70,40,34,70,38,64,38,59,35,6,6,9,5,6,13,85,2,29,35,3,9,2,4,7,6,4,20,66,49,62,29,28,44,50,46,44,18,19,16,14,28,10,15,12,18,24,38,12,6,28,4,6,24,4,8,12,10,10,57,12,,4,21,22,44,30,18,38,9,8,41,4,27,45,35,51,52,69,57,34,33,24,14,81,7,38,8,9,10,18,29,29,30,20,30,49,,64,48,38,66,66,40,64,33,30,29,,19,,25,53,,58,58,73,68,100,58,36,52,44,,,44,53,55,27,5,6,2,7,6,4,21,15,32,32,68,74,64,34,57,81,29,14,40,31,87,77,59,83,48,53,44,57,77,36,64,32,46,,58,54,77,43,50,38,50,76,30,18,26,22,16,22,15,32,31,45,5,21,22,1,2,7,53,6,13,24,5,86,16,7,15,26,9,14,24,8,5,43,40,47,,50,46,45,59,46,46,60,59,47,38,48,32,70,44,57,58,55,55,44,53,21,39,33,51,50,44,35,32,43,44,47,29,36,31,29,32,36,44,37,50,39,52,48,42,49,49,51,40,42,48,44,45,,22,19,2,38,39,8,35,10,51,33,54,29,46,71,5,2,19,4,16,21,3,9,3,3,29,,8,2,7,8,39,36,32,34,44,,37,55,57,58,56,116,60,40,53,75,34,16,23,64,18,15,9,4,45,16,31,50,38,31,11,32,11,14,12,10,8,10,16,18,18,3,11,11,22,69,4,7,50,31,63,63,59,10,25,39,34,49,,2,2,3,4,5,7,13,10,11,16,,12,10,30,20,13,96,29,6,24,20,29,10,26,10,10,64,35,44,37,22,11,13,12,18,14,42,14,7,18,26,61,22,19,45,8,48,40,14,42,2,2,3,6,11,19,4,,6,4,39,,28,8,9,8,,5,11,,7,10,21,43,21,64,52,23,52,,30,16,42,24,,17,,10,44,35,48,7,,9,5,5,,52,62,51,14,29,11,,71,67,70,70,60,20,22,22,21,29,18,29,30,29,34,17,33,21,23,23,27,22,35,,36,39,36,56,52,54,32,,21,64,54,62,37,26,19,15,18,12,21,11,7,24,27,10,14,56,84,107,11,9,21,49,10,9,10,17,,24,8,11,10,8,31,5,10,3,7,11,3,4,25,24,30,72,4,22,11,11,6,3,10,41,5,6,29,5,26,10,11,6,10,6,9,46,16,26,30,25,35,21,65,26,58,80,,110,29,22,23,24,36,9,9,16,21,103,58,51,58,27,44,24,22,75,22,3,3,9,25,7,9,2,9,20,25,37,50,85,9,6,28,12,7,31,31,10,14,10,11,3,40,60,87,65,17,13,3,54,17,16,22,43,5,6,18,1,18,34,18,27,24,43,9,60,5,16,24,17,39,46,58,50,23,27,17,,40,20,,65,96,89,82,,50,70,54,56,17,64,,42,40,57,58,42,32,19,29,18,14,17,35,12,20,10,20,7,19,34,35,20,25,25,6,5,23,60,41,29,20,12,6,7,9,15,28,52,69,60,,60,31,26,15,8,7,12,21,10,56,41,53,5,7,3,83,21,14,11,19,13,20,7,39,3,24,16,55,73,52,48,,23,23,4,23,95,84,38,34,26,17,13,37,7,,71,56,3,18,48,17,60,46,11,2,21,15,56,52,1,22,14,9,22,57,31,18,7,12,52,8,30,26,25,,35,,20,22,30,17,12,,24,18,35,7,58,10,19,21,52,,,105,87,29,55,34,52,,,32,11,5,47,72,22,9,46,67,19,67,20,12,16,35,12,12,10,15,32,4,3,11,8,6,2,,5,4,14,16,,31,7,14,24,3,6,,15,16,2,,42,22,63,65,74,24,20,22,46,8,66,76,84,76,71,34,49,80,6,8,22,13,8,28,5,36,10,8,13,22,22,32,18,3,20,22,29,5,4,8,2,11,18,17,58,51,44,56,54,20,40,71,25,34,83,79,70,28,65,48,73,76,94,44,43,16,61,39,85,52,83,28,32,68,39,39,60,36,48,1,37,42,17,50,81,10,34,,46,19,60,52,53,10,67,58,46,9,34,11,67,23,16,20,8,11,113,33,53,14,20,26,18,,30,63,7,140,21,44,58,14,,40,11,,6,91,50,46,49,39,59,70,44,29,29,36,26,61,41,50,15,35,47,46,41,45,60,48,72,34,53,55,42,33,4,2,6,2,40,23,20,33,20,26,28,45,25,22,53,66,64,70,64,29,49,49,24,25,9,19,18,13,,15,10,19,6,52,67,56,56,15,18,21,24,2,27,10,57,54,48,44,47,30,51,54,68,64,83,23,,10,27,23,63,88,64,75,41,70,56,15,38,40,12,22,88,12,30,44,78,37,53,55,38,40,25,79,68,43,80,4,3,22,45,28,25,12,43,45,33,49,17,9,12,19,12,21,22,20,35,44,42,49,54,36,37,52,26,17,38,47,56,65,31,65,74,48,78,65,44,13,17,21,23,62,58,60,66,34,20,13,6,63,68,50,53,61,58,42,53,67,62,69,53,26,68,49,48,32,25,24,50,,18,4,17,6,13,48,42,7,6,4,10,14,20,9,21,38,36,30,30,37,28,22,31,70,44,45,48,57,40,39,,23,6,7,6,17,16,26,2,100,6,51,9,2,2,33,32,26,27,31,34,42,44,19,,49,27,14,26,5,69,15,9,84,190,54,49,51,41,57,57,33,39,33,66,56,,74,,61,54,78,77,47,92,29,33,29,46,58,61,42,37,46,54,50,3,19,74,57,11,21,27,5,,51,19,40,34,46,87,73,5,6,8,52,84,76,19,10,8,7,2,2,,4,39,33,12,24,41,21,47,36,54,50,35,26,39,52,23,30,55,42,58,35,55,32,31,48,,11,32,29,40,65,57,57,44,9,4,33,9,12,25,52,24,24,18,25,21,15,24,24,85,18,61,64,16,44,66,54,10,11,4,13,17,41,54,,56,87,39,29,29,24,12,22,41,48
20160203,5,O3_8h_24h,48,83,53,49,61,41,51,72,46,59,64,55,,48,44,83,63,58,61,,56,58,32,60,39,84,,56,72,64,62,59,60,88,70,66,64,59,76,59,32,76,30,64,28,42,52,43,95,68,56,62,52,54,43,85,78,73,76,69,62,68,62,72,80,54,64,57,49,64,67,68,82,76,62,,51,36,59,32,,45,37,32,31,20,50,44,63,50,55,41,37,57,47,71,41,51,55,,55,33,,34,35,,80,70,54,60,40,67,78,66,80,58,127,54,68,28,55,53,90,103,43,75,92,41,59,30,,16,18,36,40,40,85,40,57,76,63,73,88,81,72,72,85,75,94,82,108,96,74,99,114,77,52,75,76,77,52,76,80,72,66,74,81,74,78,50,88,93,58,88,96,98,72,82,37,79,93,86,88,92,113,83,80,59,83,68,70,83,46,50,73,77,68,96,68,,59,75,97,80,74,76,94,112,55,84,84,78,88,80,89,91,100,83,60,66,88,82,119,81,86,56,87,98,110,93,89,90,82,95,90,,105,88,85,66,66,56,64,76,77,57,,93,,92,111,,73,77,84,100,105,80,69,88,85,,,109,80,88,81,83,58,47,87,77,88,82,84,87,100,70,79,73,38,67,86,51,22,56,76,131,106,125,108,72,115,107,98,77,62,74,48,76,,75,78,85,81,72,53,78,108,68,43,79,84,40,70,58,65,101,68,24,104,102,70,70,77,129,79,85,105,62,100,67,103,81,94,64,92,85,68,96,96,43,47,,57,61,57,68,46,68,62,74,47,39,49,34,81,44,57,60,65,64,48,58,35,42,45,56,60,48,46,43,45,44,53,42,45,36,40,37,36,47,41,52,39,52,48,42,53,52,56,41,45,48,44,46,,56,60,26,55,67,63,64,61,57,46,54,34,48,71,38,17,34,39,42,46,23,48,18,50,40,,19,16,50,56,58,69,78,69,66,,71,78,67,71,69,118,98,52,63,95,47,28,32,74,35,34,23,22,90,84,90,93,72,76,51,64,62,34,56,40,82,47,41,36,79,42,65,47,69,96,63,48,54,35,65,86,59,48,63,105,94,88,,9,12,16,18,25,18,87,65,98,75,,32,62,66,48,45,104,49,42,66,52,46,67,43,58,77,64,76,61,77,84,71,92,80,72,34,86,68,59,72,83,95,34,72,107,66,63,50,55,56,29,44,19,75,55,84,76,,58,59,65,,46,37,33,53,,79,64,,33,67,60,73,87,90,89,58,52,,49,60,55,87,,79,,54,87,66,80,53,,74,78,66,,67,75,69,53,71,84,,71,67,70,77,66,35,39,59,36,45,39,36,40,39,42,29,44,34,38,34,37,26,35,,40,44,41,58,55,54,35,,27,64,58,64,48,40,24,31,26,26,41,18,8,29,44,20,28,79,111,141,80,49,42,58,40,44,58,64,,79,68,46,41,54,77,45,30,48,51,75,66,47,32,24,34,85,60,56,34,49,47,35,40,56,48,40,59,31,52,50,31,34,33,21,30,69,71,75,82,70,65,89,78,94,88,107,,129,66,40,46,62,69,62,52,43,59,134,82,57,84,30,66,89,67,82,29,69,72,84,39,24,66,38,64,37,92,85,102,87,64,26,68,59,60,50,66,63,46,61,41,38,40,60,98,79,56,81,65,75,84,97,88,104,63,54,66,79,100,84,69,84,72,120,82,108,75,72,80,90,101,93,105,96,64,67,19,,96,87,,69,103,99,90,,50,78,60,71,66,78,,80,72,59,59,78,64,37,52,36,28,35,55,51,64,61,44,56,61,83,64,59,43,61,17,18,36,91,126,84,67,21,18,18,17,34,36,58,72,71,,64,31,29,48,80,61,36,84,80,107,102,112,67,59,46,114,62,79,60,90,60,101,99,66,18,58,69,73,93,73,72,,89,66,79,82,96,85,40,80,43,42,46,64,63,,83,67,53,61,95,92,110,117,80,59,82,96,59,58,27,87,67,49,46,77,91,66,52,74,91,50,59,65,76,,58,,63,46,73,45,39,,70,71,78,73,132,55,58,74,75,,,116,108,53,84,97,106,,,51,41,66,105,109,106,83,66,92,25,85,53,46,54,59,82,69,54,55,36,74,68,63,61,71,12,,29,42,48,36,,101,37,71,100,115,32,,28,58,58,,68,53,86,66,76,66,62,47,70,39,73,79,84,91,92,72,96,90,44,73,46,46,69,69,68,82,75,85,36,46,80,58,59,38,35,68,46,54,52,69,35,42,77,40,66,58,62,74,94,76,86,77,65,74,95,81,74,68,86,57,76,77,98,58,68,53,88,88,97,56,91,28,67,106,44,73,70,68,89,36,61,71,21,57,113,113,113,,95,64,102,78,98,57,108,125,54,25,60,20,89,67,35,20,21,25,118,70,136,24,48,64,53,,51,103,32,197,23,62,77,20,45,64,30,27,31,117,65,81,72,53,70,72,55,57,59,54,59,76,52,70,33,43,48,46,43,66,70,66,98,56,68,83,77,54,37,35,42,18,89,76,80,104,92,66,55,69,57,58,77,76,72,81,79,61,122,96,69,55,44,51,58,54,,64,65,67,63,68,105,97,86,46,42,43,53,49,64,35,60,61,52,57,72,39,95,91,109,102,123,101,,91,96,114,90,99,80,94,96,104,87,78,108,96,36,83,101,51,66,93,89,47,68,68,99,92,73,105,107,60,105,105,82,82,108,85,99,87,98,88,78,84,42,26,87,76,55,76,67,60,97,78,106,91,91,120,96,113,92,106,163,51,56,65,31,105,113,75,114,109,95,102,96,105,100,123,118,300,125,110,81,67,92,68,87,50,53,61,58,48,58,70,75,72,56,30,69,60,57,46,61,69,50,,82,73,100,77,63,67,59,56,24,33,30,28,37,14,41,68,66,55,60,40,39,38,35,106,67,66,63,70,54,58,,32,50,32,20,60,56,40,15,110,16,56,20,16,22,68,79,70,71,74,55,84,82,37,,77,63,61,61,64,96,25,18,102,190,58,55,56,48,96,98,56,61,33,66,83,,104,,102,77,97,77,47,99,84,99,74,119,76,79,42,37,46,68,72,38,90,80,61,85,97,43,27,,51,76,86,53,74,87,84,25,44,8,53,84,76,55,44,58,44,73,73,64,74,67,78,78,94,92,29,60,44,54,58,66,70,88,100,58,82,90,68,60,57,65,72,60,78,,31,96,73,58,101,84,91,102,24,4,61,43,50,40,66,43,41,38,87,46,50,38,38,109,24,79,83,28,60,74,62,63,40,45,53,54,51,62,,76,92,54,47,48,67,30,37,76,57
20160203,5,CO,0.8,0.9,0.8,1.2,0.9,1.1,2.7,0.3,0.7,0.9,0.8,2.2,,3.285,3.505,3.085,2.743,2.47,4.481,,1.988,3.789,1.46,2.432,2.163,3.383,,2.093,2.31,2.814,1.524,1.824,1.532,0.85,2.818,3.76,2.884,2.686,3.267,2.991,2.902,2.356,3.002,2.684,3.051,8.081,7.145,10.316,8.204,3.84,14.602,9.25,3.834,5.533,8.067,0.65,0.663,0.349,0.604,0.437,0.871,1.376,1.602,1.271,0.595,4.005,2.453,2.231,2.81,6.506,6.756,5.052,2.219,2.491,2.776,,2.552,4.487,3.658,1.566,,1.496,3.295,3.499,3.712,3.318,3.049,2.657,1.435,2.296,0.889,6.201,2.424,1.861,1.568,1.32,1.181,2.429,3.259,,2.9,2.522,,2.537,2.924,,2.757,2.072,1.761,2.064,1.94,1.793,2.161,2.11,0.888,0.791,0.755,1.392,1.291,1.517,1.147,1.311,0.997,2.204,1.524,1.069,0.91,1.956,0.66,2.403,,1.448,0.581,1.566,0.673,1.554,2.07,1.551,0.552,1.037,0.892,1.23,0.571,1.159,0.902,0.946,1.08,0.661,1.932,1.902,3.331,1.943,2.038,1.972,1.413,1.431,2.058,1.39,1.904,1.309,2.353,1.776,1.643,1.369,1.294,1.391,0.814,0.78,0.399,0.446,2.108,1.746,1.213,1.248,2.442,2.525,2.263,1.88,2.179,1.904,1.443,1.957,2.054,2.12,2.123,1.28,1.726,2.082,2.029,2.316,1.372,2.04,1.786,2.269,2.085,1.987,1.826,1.734,1.651,,1.148,1.615,1.616,1.026,1.046,1.581,0.667,1.159,1.731,1.7,2.138,1.271,0.779,0.757,0.724,0.716,2.185,2.24,2.302,2.631,1.006,0.641,0.682,1.118,1.226,1.216,0.893,1.025,1.167,1.193,0.87,1.436,0.868,1.211,1.09,,0.893,1.117,0.766,0.867,1.035,1.171,0.882,0.94,0.74,1.084,,1.183,,1.179,1.409,,0.913,0.569,1.003,1.248,1.024,0.925,0.885,0.803,0.813,,,1.091,0.795,0.886,0.819,1.192,1.781,1.417,1.384,1.52,1.435,3.561,1.803,1.105,1.532,0.6,0.836,0.627,0.623,0.948,0.855,0.724,0.645,0.679,0.731,0.783,0.898,,1.039,1.065,0.733,0.741,0.795,0.977,1.561,1.149,1.044,1.215,,1.207,1.643,0.645,1.223,1.014,1.282,1.376,1.27,1.968,1.006,2.053,2.246,2.283,1.895,1.646,1.58,1.453,1.541,1.912,2.103,0.871,1.415,1.746,1.367,0.994,1.417,1.797,1.252,2.28,0.637,1.132,2.249,1.042,1.8,1.287,1.454,1.748,1.326,1.775,1.487,0.541,0.884,,0.705,0.767,0.669,0.62,0.765,0.843,0.626,2.906,1.076,0.968,1.312,0.701,1.198,0.921,1.281,1.068,1.257,1.124,1.015,0.841,0.927,0.925,0.834,0.568,0.544,0.989,0.747,0.851,0.824,0.896,1.415,0.965,1.01,0.95,0.81,0.694,0.752,1.204,1.068,0.815,0.905,0.937,0.856,0.841,1.044,0.937,0.802,0.928,0.86,1.314,0.999,1.105,,1.688,1.393,1.452,1.296,1.557,1.246,1.304,1.504,0.778,0.85,0.918,1.023,1.001,0.868,1.311,1.356,1.036,1.158,1.316,1.011,1.189,1.207,1.091,0.955,0.93,,1.755,1.486,1.202,1.122,1.127,1.368,1.418,1.294,1.52,,1.725,1.276,0.482,1.218,0.553,0.641,0.68,0.771,1.271,0.825,0.787,1.125,0.417,1.853,2.562,1.745,2.58,2.61,0.492,2.318,0.643,0.271,0.239,0.28,1.617,2.48,1.722,1.711,2.402,2.473,3.401,3.925,4.113,2.289,2.959,1.848,2.288,2.545,1.113,1.651,1.186,2.252,2.177,2.018,1.407,2.321,0.725,3.442,2.41,1.484,2.093,2.089,,4.942,7.051,4.036,1.632,2.982,2.351,1.349,2.002,2.025,1.713,,1.366,1.316,1.209,1.161,1.228,0.569,1.003,1.669,1.758,1.357,1.935,2.341,1.207,1.663,4.996,1.474,0.869,0.468,0.647,0.881,1.412,1.991,1.178,1.738,2.659,1.977,3.134,2.314,1.356,1.736,1.177,1.959,2.409,2.695,1.893,0.537,0.594,0.626,0.53,1.916,2.147,2.938,2.817,2.994,3.029,4.558,,6.497,3.432,1.932,,2.154,2.967,3.55,3.312,,1.929,2.945,,3.944,2.388,,0.997,1.584,1.792,1.642,1.098,0.918,,0.911,1.666,0.971,1.728,,1.844,,2.554,1.547,1.561,1.278,1.969,,2.534,3.708,1.798,,0.741,1.046,1.207,2.018,2.124,1.54,,1.335,1.233,0.669,0.786,1.223,0.735,0.91,1.043,0.903,0.922,1.163,1.258,1.079,0.933,1.059,1.103,0.694,0.79,1.04,1.06,0.884,1.115,1.073,,1.224,1.261,1.212,0.908,0.805,0.791,0.858,,0.909,0.837,0.998,0.71,0.928,0.896,0.862,0.97,0.804,0.834,0.949,1.816,,0.932,1.595,1.862,1.66,1.634,1.617,1.508,3.187,2.593,2.235,1.59,2.633,2.74,6.377,9.374,,4.604,4.387,4.717,7.928,2.059,4.308,3.65,5.312,4.748,1.715,3.873,3.219,0.914,0.445,2.184,0.852,0.1,3.733,1.495,1.667,1.879,2.62,2.675,1.849,0.373,3.954,3.812,1.549,3.04,2.022,4.498,1.827,3.853,4.478,3.107,1.425,3.004,1.724,1.651,1.989,1.258,1.093,1.708,0.667,1.443,1.303,0.874,,0.8,0.791,1.685,1.12,0.724,1.007,2.04,1.647,1.379,2.177,0.981,0.713,0.505,0.736,0.729,0.93,1.324,1.154,1.684,0.997,2.613,1.455,2.85,2.36,3.887,1.917,0.536,0.791,1.72,1.617,0.746,1.769,0.48,2.831,2.393,3.636,2.971,3.328,2.005,1.907,6.256,9.256,3.625,6.631,4.151,1.455,0.881,1.147,1.756,2.574,3.958,2.302,1.805,1.624,1.659,2.287,1.792,2.37,3.251,4.092,2.479,1.099,1.047,0.951,1.244,0.994,1.339,2.184,1.385,1.288,1.012,1.447,1.395,0.936,1.003,1.045,1.628,0.417,1.285,1.295,,1.506,0.717,0.676,1.105,1.107,1.193,1.443,,1.453,1.05,1.401,0.977,1.041,0.844,,1.072,0.948,0.926,0.822,2.276,1.356,1.142,1.12,1.668,1.55,1.17,1.833,1.378,1.086,2.412,1.357,1.472,0.848,0.878,0.869,,0.769,1.267,1.146,1.187,1.598,1.29,1.77,1.281,1.592,,1.589,1.056,1.041,1.229,1.327,0.894,0.425,0.943,,1.044,1.05,1.406,1.856,2.784,2.126,3.263,1.32,1.696,1.896,0.842,1.674,1.335,1.356,2.396,1.198,1.376,1.963,2.128,1.694,2.688,2.28,2.778,1.483,1.931,2.018,1.41,1.146,0.328,2.841,0.377,,3.575,1.822,1.521,0.511,1.388,2.258,1.79,1.103,1.882,1.756,1.745,1.155,2.182,,1.065,1.141,4.649,1.862,1.14,1.927,1.988,1.641,4.219,3.212,3.038,2.04,1.319,2.228,2.536,2.273,2.1,1.878,1.18,0.855,1.239,1.933,2.942,2.589,1.26,1.308,0.656,0.882,0.985,,0.925,0.851,1.071,,0.564,1.095,1.384,,1.598,1.429,1.67,1.837,1.895,1.529,1.728,0.874,0.849,,,0.875,0.82,0.826,0.892,1.304,1.085,,,2.931,2.274,1.248,0.996,0.516,1.359,1.767,1.206,1.15,1.013,1.611,0.786,0.703,0.872,3.948,2.018,3.409,4.905,2.54,1.259,2.686,2.545,2.58,1.945,2.653,2.254,,2.004,2.438,5.572,4.443,,6.232,4.446,4.001,2.554,3.404,3.184,,5.077,3.166,3.763,,0.822,0.883,0.977,0.23,0.836,0.652,1.656,0.476,1.112,2.347,0.614,0.338,0.19,0.623,0.15,1.902,1.313,0.248,2.807,1.433,0.931,1.381,1.22,1.688,1.526,1.543,1.721,1.328,1.118,2,0.805,3.584,2.928,4.772,2.771,0.752,0.843,0.438,2.302,1.974,2.127,3.685,1.602,1.921,0.885,0.85,0.36,0.252,1.066,1.254,0.903,1.697,0.641,2.5,1.935,1.382,0.33,3.703,0.336,1.288,1.013,0.75,0.667,,0.679,0.574,1.831,2.085,1.177,0.781,0.956,0.752,0.719,2.021,0.427,0.411,0.289,1.505,1.196,1.175,0.535,0.97,1.738,1.687,1.249,1.047,1.005,,1.126,2.362,1.159,1.349,0.995,1.522,1.208,1.171,2.014,1.381,0.829,1.513,1.141,1.389,0.702,0.984,,0.639,0.202,0.481,0.214,1.933,1.304,1.572,1.459,,0.733,2.203,2.182,2.622,0.326,0.922,1.194,0.879,1.122,1.164,0.866,1.051,0.748,0.666,0.522,0.648,0.637,0.414,0.705,,0.577,1.053,0.749,0.929,0.733,0.668,0.924,0.348,0.903,0.875,1.007,0.982,0.877,0.768,0.65,0.73,0.012,1.021,0.524,0.772,0.687,1.369,2.303,2.345,1.63,2.735,1.345,1.093,1.96,2.201,2.53,0.849,1.017,0.848,0.874,0.867,1.328,1.294,1.355,0.73,1.098,1.239,1.455,1.088,1.04,1.427,1.475,0.813,1.489,1.576,,1.763,2.347,1.699,2.588,1.824,0.267,0.871,0.309,3.183,3.56,2.26,1.373,5.882,2.465,3.875,2.162,3.076,2.33,2.074,1.71,1.537,1.573,1.094,1.318,1.925,0.951,1.708,,1.391,2.222,1.748,0.868,0.636,0.531,1.403,1.586,1.354,1.381,1.356,2.505,1.845,1.968,1.809,1.327,1.144,1.465,0.653,1.11,1.259,1.092,0.882,1.564,1.595,2.652,1.07,1.208,1.118,0.717,3.544,2.349,1.852,1.107,0.956,0.906,1.097,0.818,1.624,1.268,1.485,0.276,0.602,1.197,1.729,1.964,2.005,1.298,1.55,1.04,1.4,1.331,1.222,1.392,1.288,2.111,1.023,2.012,1.887,1.861,0.581,1.089,0.728,1.609,0.77,0.948,1.052,1.186,1.214,1.176,0.945,0.929,0.796,1.831,0.615,1.318,1.618,0.083,1.727,0.003,,0.369,0.75,0.674,2.187,0.654,1.041,0.843,0.999,1.127,1.313,1.328,1.149,1.243,1.629,0.485,1.434,1.52,1.556,0.674,0.784,1.023,,1.494,1.788,1.701,1.448,1.129,1.374,1.254,1.652,1.465,1.949,2.186,1.593,1.089,2.426,1.54,1.061,1.129,1.267,0.915,1.416,1.556,1.473,1.42,1.136,1.141,1.105,0.825,1.208,1.164,1.388,,1.286,1.267,1.288,1.542,1.176,1.266,0.905,2.053,1.225,1.281,1.15,1.319,2.716,1.369,1.134,1.232,1.263,1.155,1.146,0.685,0.615,0.798,0.745,,1.395,1.805,1.886,1.995,2.331,1.212,1.222,0.708,1.111,0.946,1.2,1.067,0.87,1.193,0.779,0.932,1.717,1.598,1.308,1.08,0.455,,0.558,,,1.048,1.118,0.923,0.367,0.375,0.837,0.357,0.567,1.296,0.666,0.815,0.965,0.633,0.648,0.278,1.21,0.873,0.109,0.265,0.537,1.848,0.658,0.64,0.722,,0.757,0.227,1.267,0.72,0.986,,,1.421,1.892,0.418,0.44,0.252,0.702,2.909,3.301,3.205,4.046,4.098,2.192,2.426,2.837,,1.817,1.292,2.976,2.233,0.941,0.66,0.812,1.48,1.138,1.882,1.403,1.581,2.16,3.709,1.919,0.691,0.444,2.514,1.349,1.408,1.789,1.747,1.111,,2.176,3.101,1.392,1.941,1.274,0.613,0.415,0.667,1.568,0.892,1.914,2.425,1.574,0.607,1.25,0.552,2.235,1.895,1.723,0.555,2.475,1.816,0.523,0.516,2.713,3.021,1.538,2.232,0.987,0.783,1.253,2.726,2.237,2.03,4.764,4.936,3.841,1.53,,0.531,1.108,1.131,1.842,2.625,3.598,2.153,0.642,2.57,1.222
20160203,5,CO_24h,1.071,0.417,0.9,1.083,0.842,1.046,1.539,0.762,0.792,0.725,0.992,1.712,,1.474,1.782,1.849,1.335,1.596,2.533,,1.18,2.035,1.148,1.525,0.963,1.844,,1.378,1.688,1.684,1.361,1.521,1.017,0.668,1.972,2.505,1.859,2.149,2.148,2.216,2.359,3.209,2.073,1.421,1.845,4.948,6.277,5.97,6.128,3.997,4.473,3.472,3.201,4.029,5.493,0.632,0.701,0.4,0.622,0.512,1.029,1.214,1.499,1.002,0.649,1.76,1.355,1.413,1.444,3.488,4.381,2.866,2.542,2.76,2.863,,2.643,4.268,2.72,1.659,,1.447,2.598,2.957,3.583,3.199,3.11,3.095,1.769,2.11,1.043,4.109,2.248,1.795,1.843,1.419,1.184,1.902,1.774,,1.82,2.16,,1.873,1.67,,1.586,0.961,1.063,1.687,1.542,1.362,1.475,1.531,0.912,1.138,0.575,1.26,1.285,1.471,1.219,1.277,0.942,1.762,1.473,1.304,1.028,1.344,0.93,3.46,,1.958,0.817,1.525,1.254,2.074,2.014,0.995,0.936,1.554,1.327,1.329,1.092,1.291,1.31,1.285,1.664,1.057,1.847,1.512,2.771,1.714,1.995,1.709,1.563,1.337,1.757,1.336,1.604,1.563,1.869,1.673,1.296,1.666,1.625,1.683,1.212,1.069,0.824,0.957,1.806,1.496,1.144,1.324,1.802,2.094,1.676,1.738,2.002,2.233,1.514,1.916,1.392,1.563,1.814,1.371,1.497,2.055,1.902,2.577,1.696,1.861,1.953,1.812,1.438,2.065,1.46,1.449,1.444,,1.204,1.187,1.413,1.504,1.716,2.057,1.18,1.339,1.672,1.336,2.326,1.412,0.984,1.049,1.078,0.929,2.281,2.25,2.333,2.676,0.927,0.679,0.769,0.975,1.244,1.315,1.047,1.087,1.15,1.301,0.959,1.211,0.91,1.046,1.001,,0.856,1.038,0.785,0.949,1.127,1.308,1.068,0.972,0.798,1.138,,1.177,,1.068,1.263,,1.061,0.66,1.033,1.287,1.072,0.99,0.973,0.889,1.485,,,1.038,0.926,0.966,0.882,1.195,1.399,1.1,0.99,1.436,1.377,2.213,1.516,1.057,1.397,0.477,0.754,0.549,0.646,0.913,0.795,0.768,0.761,0.763,1.072,0.838,1.014,0.587,1.221,0.932,0.92,0.831,1.112,1.019,1.901,1.163,1.417,1.377,,1.372,1.649,0.753,1.473,1.134,1.319,1.521,1.395,1.853,1.078,1.56,1.845,2.044,1.676,1.44,1.437,1.53,1.479,2.041,1.874,1.104,1.41,1.664,1.443,1.531,1.532,1.854,1.496,2.25,0.911,1.041,1.966,1.074,1.435,1.414,1.391,1.722,1.224,1.55,1.337,0.683,1.004,,0.736,0.81,0.725,0.713,0.92,0.839,0.732,1.196,1.076,0.983,1.296,0.738,1.144,0.999,1.296,1.01,1.235,1.087,1,0.855,0.914,0.916,0.872,0.712,0.72,1.083,0.942,0.969,0.844,1.006,1.281,1.087,1.042,0.943,0.805,0.797,0.961,1.231,1.198,0.882,0.973,1.003,0.896,0.908,1.086,1.012,0.9,1.009,0.855,1.274,1.104,1.114,,1.256,1.041,1.3,1.269,1.369,1.081,1.351,1.375,0.988,0.882,1.352,1.054,1.418,1.058,1.415,1.452,1.334,1.404,1.359,1.009,1.37,1.424,1.247,1.009,1.067,,1.635,1.585,1.381,0.995,1.303,1.437,1.571,1.358,1.625,,1.934,1.263,0.711,1.506,0.791,0.931,1.065,1.217,1.318,1.064,1.122,1.349,0.952,1.306,2.29,1.606,1.999,2.138,1.212,1.383,0.661,0.356,0.38,0.368,1.48,2.414,1.748,1.874,1.112,2.738,1.554,3.817,3.511,2.01,2.021,2.108,2.232,2.836,1.867,1.43,1.717,2.176,2.135,2.392,1.803,2.222,0.991,2.585,1.864,1.938,1.328,2.091,,3.008,4.702,3.956,2.358,2.999,2.182,1.172,1.249,1.598,1.438,,1.445,1.337,1.254,1.395,1.24,0.747,0.996,1.399,1.744,1.512,2.1,2.481,1.509,1.958,3.02,1.497,0.981,0.463,0.649,1.063,1.754,1.841,1.209,1.305,2.226,1.705,2.258,1.885,1.288,1.45,0.877,1.641,2.67,2.128,2.125,0.704,0.807,0.876,0.687,1.929,2.469,2.964,1.986,1.808,1.964,2.702,,3.506,3.297,2.34,,2.356,2.916,3.316,3.084,,2.203,2.224,,3.502,1.856,2.084,1.123,1.312,1.569,1.518,1.255,1.032,,0.983,1.47,1.81,2.082,,2.042,,1.673,1.667,1.758,1.622,1.916,,2.93,2.545,1.589,,0.817,1.036,1.281,1.261,1.16,1.268,,1.423,1.314,0.823,0.833,1.342,0.917,1.064,1.073,0.968,0.868,1.069,1.005,1.133,0.968,1.075,1.093,0.722,0.869,1.117,1.115,0.873,1.103,1.152,,1.308,1.229,1.195,1.019,0.93,0.903,1.003,,1.288,0.979,1.14,0.836,1.007,1.1,0.956,1.084,0.878,0.963,1.006,1.867,,0.924,1.296,1.869,1.642,1.678,1.795,1.84,2.85,2.768,2.294,1.579,2.222,2.886,4.999,5.45,,3.305,3.832,4.854,7.852,2.036,4.448,3.634,5.198,3.049,1.273,2.18,2.354,0.768,0.343,2.834,0.787,0.388,2.866,1.771,2.157,2.076,2.489,2.485,2.353,0.947,4.048,3.974,1.35,3.089,1.937,3.611,2.797,2.382,2.554,3.84,3.029,2.887,1.407,1.491,2.166,1.181,1.6,1.622,0.8,2.102,1.587,0.993,,0.733,0.653,1.322,0.721,0.885,0.726,2.087,1.848,1.724,2.23,0.993,0.829,0.763,0.755,1.172,0.774,1.334,1.276,1.764,1.131,2.686,1.392,1.684,2.261,2.527,1.937,0.891,0.943,0.641,1.378,0.736,1.565,0.494,2.497,2.164,2.79,3.158,2.647,1.883,1.701,4.239,6.836,2.609,3.986,4.704,2.119,1.77,1.547,1.889,2.213,3.154,1.383,1.658,1.532,1.748,2.238,1.173,2.121,3.059,3.508,1.302,1.114,1.43,0.948,1.334,1.26,1.706,2.056,1.539,1.358,0.759,1.411,1.532,1.026,0.977,1.343,1.564,0.811,1.346,0.891,,1.568,1.298,0.631,0.877,1.027,1.07,1.299,,1.467,1.113,1.405,1.205,1.371,1.559,,1.395,1.284,1.088,0.893,2.501,1.513,1.262,1.204,1.669,1.458,1.234,1.725,1.314,1.189,2.701,1.716,1.469,1.102,0.911,1.001,0.909,0.877,1.365,1.337,1.222,1.725,1.26,1.869,1.338,1.606,0.778,1.884,1.214,1.196,1.426,1.468,1.116,0.624,0.982,,1.253,1.327,1.602,1.771,2.489,1.803,1.992,1.328,2.366,1.536,0.908,1.61,1.319,1.496,2.086,1.125,1.173,2.117,1.813,1.326,2.077,1.808,1.673,0.94,1.94,2.175,1.53,1.197,1.278,2.162,0.312,,1.995,1.461,1.374,0.865,1.191,2.042,1.687,1.04,1.483,1.695,1.423,1.038,2.176,,1.11,1.119,3.152,1.408,1.296,1.682,1.688,1.798,2.875,1.943,2.458,1.685,1.499,1.764,2.182,2.116,1.984,2.316,0.971,0.813,1.622,1.755,1.524,2.179,1.398,1.035,0.972,1.376,1.352,,1.325,1.389,1.561,1.704,1.075,1.317,1.251,,1.454,1.484,1.337,1.746,1.769,1.254,1.733,0.918,0.951,,,1,0.927,0.981,0.961,1.347,1.15,,,1.062,1.312,1.147,1.367,0.652,1.389,1.901,1.525,1.439,1.185,1.922,0.816,0.926,0.926,2.23,1.739,2.645,3.596,1.747,1.983,1.896,1.588,2.082,1.649,2.038,2.587,,2.038,2.833,4.826,3.499,,4.472,3.467,4.078,2.337,3.389,3.273,,4.345,4.074,2.715,,0.96,1.239,0.886,0.291,0.748,0.535,2.101,0.756,0.888,1.278,1.062,0.756,0.356,0.687,0.187,1.594,1.87,0.472,3.227,0.647,0.819,0.76,1.149,1.284,1.74,1.291,1.719,1.827,1.326,1.784,0.846,3.324,2.391,4.584,2.062,1.164,1.025,1.231,2.497,2.066,1.57,2.904,1.556,1.719,1.746,0.59,0.693,0.626,1.254,1.268,0.986,1.57,0.487,1.871,1.517,1.366,0.586,2.788,0.513,1.186,0.947,0.837,0.628,,0.943,0.366,1.627,1.537,1.102,1.044,0.821,0.887,1.083,0.9,0.737,0.406,0.273,1.409,1.021,1.182,0.635,1.473,1.794,1.435,1.429,1.33,1.3,,1.321,2.554,1.32,1.576,1.073,2.007,1.454,1.769,2.352,1.667,1.189,1.616,1.533,1.606,0.839,1.126,1.187,0.655,0.215,0.606,0.235,1.539,1.383,1.601,1.809,,1.026,1.521,2.028,2.255,0.364,0.843,1.117,0.981,1.263,1.464,1.072,1.255,0.901,0.993,0.774,0.908,0.822,0.498,0.779,0.104,0.648,1.169,0.851,1.065,0.846,0.66,1.143,0.525,1.173,0.86,1.042,1.037,0.881,0.73,0.703,0.671,0.025,0.96,0.574,0.782,0.831,1.514,2.259,1.818,1.718,2.147,1.024,0.733,1.791,1.35,1.757,0.91,0.972,0.819,0.845,0.901,1.315,1.261,1.372,0.71,1.022,0.834,0.974,0.901,0.982,1.251,1.291,0.688,1.272,1.221,,1.736,2.207,1.487,2.29,1.506,0.289,0.689,0.686,3.997,2.652,1.901,1.826,5.303,2.758,3.739,2.439,3.383,2.599,2.354,1.922,1.674,1.578,1.463,1.577,2.233,1.22,2.25,,2.073,2.236,2.323,1.088,0.936,1.055,1.589,1.243,1.267,1.383,1.559,2.519,2.072,1.731,1.846,1.244,1.302,1.296,0.642,1.213,1.455,1.136,0.772,1.841,1.726,1.921,1.162,0.982,1.114,0.886,2.959,1.731,2.201,1.319,1.161,1.175,1.299,1.03,1.414,1.371,1.764,0.277,0.648,1.108,1.661,1.426,1.428,1.463,1.545,1.024,1.216,1.13,1.117,1.156,1.194,1.981,1.136,2.144,1.641,1.979,0.948,1.037,0.724,1.529,0.883,0.866,1.034,1.228,1.083,1.227,0.713,0.921,0.764,1.299,0.699,1.575,1.84,0.05,1.318,0.05,0.2,0.594,0.697,0.681,2.645,0.601,1.105,0.816,0.952,1.559,1.333,1.348,1.048,1.274,1.756,0.601,1.329,1.533,1.522,0.669,0.727,1.055,,1.424,1.74,1.596,1.669,1.531,1.18,1.11,1.486,1.356,1.74,2.091,1.953,1.217,2.297,1.069,1.304,1.309,1.401,1.105,1.536,1.718,1.808,1.548,1.084,1.413,1.226,0.982,1.185,1.283,1.526,,1.315,1.531,1.748,2.003,1.52,1.857,1.024,1.989,1.369,1.268,1.219,1.45,2.848,1.456,1.072,1.2,1.38,1.176,1.211,0.859,0.815,0.908,1.136,,1.414,1.746,1.602,1.713,2.182,1.257,1.447,0.787,1.247,0.984,1.627,1.331,1.155,1.432,1.255,0.887,1.798,1.521,1.501,1.269,0.525,,0.586,,0.316,1.046,1.376,1.219,0.625,0.506,1.485,0.411,0.512,1.103,0.786,0.893,1.271,0.79,1.012,0.5,1.353,1.033,0.238,0.44,0.727,2.017,1.104,0.409,0.782,,1.059,1.266,2.028,0.732,1.017,0.045,0.054,1.419,2.13,0.567,0.572,0.23,0.721,2.338,2.839,2.551,3.497,3.994,2.674,2.907,2.824,0.047,1.985,1.209,3.245,1.937,1.257,0.841,0.714,1.869,1.732,2.375,0.851,1.346,1.542,1.912,1.759,1.086,0.711,2.619,1.82,1.436,1.671,1.654,0.499,,1.874,2.712,1.347,1.813,0.902,0.616,0.643,0.802,1.344,1.143,0.682,1.075,1.635,0.706,1.485,0.746,2.02,1.246,1.211,1.694,2.435,1.597,0.879,0.49,2.876,3.073,1.604,2.317,0.992,1.152,1.426,2.91,2.292,2.117,1.819,2.079,2.961,1.684,,0.775,1.182,0.897,1.815,3.318,2.504,2.082,0.787,1.71,1.305
20160203,6,AQI,30,59,30,42,30,26,54,19,23,52,28,59,,202,186,139,139,142,209,,144,130,139,172,122,183,,97,113,89,80,107,113,47,175,199,175,202,200,214,119,87,92,86,86,201,290,245,192,270,469,421,282,344,500,36,32,29,39,40,28,51,42,62,51,143,102,98,84,248,291,183,215,215,199,,102,129,128,65,,54,103,120,58,58,65,77,68,103,84,112,103,62,67,35,115,132,142,,188,252,,253,217,,214,113,87,58,83,51,61,81,52,77,52,137,159,134,123,124,92,113,133,87,93,119,125,115,,148,158,153,172,104,125,135,114,72,79,89,51,120,79,60,60,70,160,148,180,144,172,166,180,160,150,198,199,156,180,193,172,147,95,84,51,60,50,59,200,189,205,156,130,158,139,185,160,152,140,175,176,219,179,172,202,186,170,170,144,180,178,218,234,214,212,211,198,,193,163,201,77,69,110,98,168,233,175,163,170,94,67,87,52,242,295,255,250,107,75,53,99,92,107,107,102,110,112,68,152,159,162,132,,124,134,135,78,84,77,82,104,113,84,,100,,190,166,,92,117,102,119,123,128,98,80,83,,,74,79,94,70,137,69,127,139,140,152,120,129,142,118,39,40,40,50,38,45,19,42,24,99,90,72,104,108,120,67,100,75,163,195,155,152,165,,153,170,79,99,103,85,100,108,103,137,130,138,129,128,145,178,160,139,114,109,112,150,153,142,130,169,143,147,160,105,97,137,78,132,63,133,145,110,89,97,50,49,,42,42,46,53,48,54,53,43,55,54,52,55,42,54,57,40,50,45,52,52,50,48,49,45,49,45,53,52,49,63,73,35,45,54,34,36,54,33,23,54,54,52,39,45,52,49,55,48,47,49,69,45,,127,133,120,122,122,88,107,93,27,29,35,33,28,62,88,87,79,75,82,60,70,79,77,82,60,,87,64,69,89,98,95,98,93,88,,94,78,94,93,79,100,65,58,98,97,82,63,41,33,87,74,92,79,69,61,65,49,55,60,139,69,69,110,163,110,293,72,142,76,255,99,63,108,104,87,83,108,102,120,129,130,42,133,148,82,113,129,,377,457,277,500,309,360,70,119,100,107,,155,168,73,130,173,54,74,180,92,55,73,79,58,77,129,63,102,42,49,51,87,104,102,107,72,107,172,134,115,104,65,138,74,108,74,30,26,29,23,169,155,125,247,290,253,259,,283,234,223,,211,206,220,225,205,144,219,,214,190,290,189,270,314,198,73,78,,72,108,75,132,,122,,173,188,196,138,207,,210,159,148,,63,78,77,247,204,145,,67,68,73,69,74,28,29,30,28,28,53,36,38,38,40,39,38,27,40,36,38,46,30,,48,35,38,65,64,68,55,,40,62,59,68,25,29,30,38,39,39,32,45,36,52,54,63,65,180,160,162,62,66,59,59,77,82,135,176,,139,212,127,237,113,63,87,165,88,65,145,133,78,59,47,18,28,280,63,78,75,102,107,73,62,113,92,109,127,68,152,75,192,176,119,51,114,152,95,135,119,97,94,58,99,69,72,,58,65,63,76,78,93,109,95,147,130,75,83,56,48,62,53,94,127,88,128,129,114,100,110,163,89,63,115,82,105,80,150,28,138,105,121,150,119,113,99,204,153,124,210,137,105,78,120,130,59,59,142,83,135,139,134,158,77,97,113,85,165,166,217,138,140,94,105,110,122,127,112,85,128,115,79,100,133,122,135,,104,60,99,144,139,152,135,,85,80,103,83,78,84,,82,94,17,18,97,99,104,112,188,198,203,172,169,124,77,89,62,75,120,109,95,125,110,120,140,127,77,89,122,103,97,127,113,110,118,128,77,64,73,,69,48,46,119,104,92,335,83,99,74,92,52,55,57,75,165,124,134,178,160,28,188,262,97,98,94,67,94,59,84,95,,239,213,102,36,101,147,204,278,122,149,151,165,165,,143,149,218,108,95,149,95,92,224,195,97,129,77,57,117,98,113,124,100,79,84,78,64,69,125,172,107,65,73,,55,85,89,,64,62,120,,128,140,147,125,130,176,155,130,119,,129,77,70,84,71,103,93,,,107,112,76,87,75,108,89,138,139,127,113,60,56,52,122,82,115,124,98,67,148,152,170,82,93,59,,78,80,212,212,,266,153,82,73,104,44,,95,134,135,,41,43,54,23,29,69,102,63,64,89,,,,29,30,69,40,42,102,140,83,145,118,83,79,80,86,122,100,127,99,74,58,89,89,110,94,89,120,139,108,165,125,94,58,64,29,30,59,94,40,26,67,64,29,20,80,76,29,85,80,74,69,59,72,25,87,80,68,105,64,39,75,108,23,40,19,105,125,74,18,107,87,148,155,175,155,,176,140,144,64,89,109,152,124,72,92,88,147,83,110,123,108,97,117,89,94,60,226,213,215,80,,73,122,144,147,85,68,72,75,88,84,70,51,59,62,63,83,28,32,36,42,19,35,38,36,33,18,35,28,29,33,28,29,35,46,53,50,54,82,74,78,78,85,123,114,105,113,103,82,90,88,77,59,83,89,84,74,67,82,85,59,100,88,93,93,78,100,124,87,85,123,,61,60,67,64,68,84,93,88,107,103,75,155,153,129,149,129,139,148,172,82,108,123,98,88,89,93,123,,125,103,122,123,134,142,108,144,98,92,102,100,118,90,127,35,85,94,57,113,148,134,107,115,128,160,118,125,149,90,105,122,112,125,92,97,98,90,107,98,70,88,83,65,98,130,114,135,127,112,159,130,127,147,112,80,99,85,105,94,153,142,113,130,83,79,70,87,79,70,64,83,73,122,78,128,73,92,114,57,82,78,59,53,67,54,90,83,78,98,87,89,80,63,82,85,41,47,48,83,99,88,,100,119,110,56,51,95,98,103,156,137,183,108,89,82,94,84,120,89,75,114,98,94,104,97,77,82,72,62,73,77,,74,109,102,108,108,107,122,100,139,123,80,122,137,77,74,82,92,98,122,16,33,29,49,,57,117,114,118,117,46,56,63,50,69,46,55,64,57,51,51,70,78,39,53,78,,59,,44,51,29,26,53,42,40,50,63,47,33,35,26,26,32,50,23,56,58,70,35,53,67,48,48,,20,19,15,195,399,27,19,19,94,8,30,27,24,222,196,218,168,67,89,84,78,103,133,120,58,54,79,66,45,29,42,83,62,109,82,68,102,106,108,103,130,85,45,89,69,,144,90,57,71,107,114,45,41,47,28,228,153,130,76,105,103,122,92,99,97,122,99,69,27,246,448,73,93,64,65,82,108,142,87,130,99,78,69,,23,28,17,143,212,370,72,35,120,43
20160203,6,PM2.5,21,42,21,29,21,16,38,13,16,36,19,42,,152,140,106,106,108,159,,110,99,106,130,92,138,,72,85,66,58,80,85,21,132,149,132,152,150,164,90,64,64,62,57,151,240,195,144,220,453,381,232,294,538,21,14,7,25,28,19,32,29,37,15,109,76,73,62,198,241,138,165,165,149,,76,98,97,43,,38,77,91,40,34,46,49,49,77,62,84,77,44,48,24,87,100,108,,141,202,,203,167,,164,85,64,41,61,31,41,46,36,56,36,104,121,102,93,94,68,85,101,64,69,90,95,87,,113,120,117,130,78,95,103,86,52,58,66,33,91,58,43,43,51,122,113,136,110,130,126,136,122,115,148,149,119,136,145,130,112,71,62,34,43,35,42,150,142,155,119,99,120,106,139,122,116,107,132,133,169,135,130,152,140,129,129,110,136,134,168,184,164,162,161,148,,145,124,151,56,37,83,73,127,183,132,124,129,70,48,64,26,192,245,205,200,80,55,37,74,68,80,80,76,83,84,49,116,121,123,100,,94,102,103,57,62,56,60,78,85,62,,75,,143,126,,68,88,76,90,93,97,73,59,61,,,54,58,70,51,104,50,96,106,107,116,91,98,108,89,27,28,28,35,26,31,13,23,12,74,67,52,78,81,91,48,75,55,124,146,118,116,125,,117,129,58,74,77,63,75,81,77,104,99,105,98,97,111,134,122,106,86,82,84,115,117,108,99,128,109,112,122,79,72,104,57,100,45,101,111,83,66,72,35,34,,29,29,32,37,33,38,37,30,39,38,36,39,23,38,40,28,35,31,36,36,34,33,34,31,34,31,37,36,34,45,53,24,31,38,23,20,38,14,10,38,38,36,27,31,36,34,39,33,32,34,50,31,,96,101,91,92,92,65,80,69,15,20,24,23,16,44,65,64,58,55,60,43,51,58,56,60,43,,64,46,50,66,73,71,73,69,65,,70,51,70,69,58,75,47,41,73,72,60,45,27,21,64,54,68,58,18,16,18,13,20,18,106,50,40,83,124,83,243,52,108,54,205,,43,79,78,64,52,81,76,91,98,99,29,101,113,60,85,98,,314,435,227,323,259,310,51,90,75,80,,118,127,53,99,131,38,54,136,68,39,53,58,21,56,98,38,76,29,31,32,64,78,76,80,52,80,130,102,87,78,47,105,54,81,54,20,18,20,16,128,118,95,197,240,203,209,,233,184,173,,161,156,170,175,155,110,169,,164,143,240,142,220,264,148,53,54,,52,81,52,100,,92,,131,141,147,105,157,,160,121,113,,45,57,56,197,154,111,,48,49,53,50,54,19,20,21,19,19,31,25,26,26,28,27,26,17,28,25,26,32,20,,33,24,26,47,46,49,39,,28,44,42,49,17,20,21,26,27,27,22,31,25,36,38,45,47,136,122,123,43,33,34,42,56,60,103,133,,106,162,96,187,85,36,64,125,65,47,90,66,54,34,30,12,6,230,45,57,55,76,80,53,44,85,52,82,96,41,116,55,144,133,90,29,86,116,71,103,90,72,70,41,74,50,52,,41,47,44,51,57,69,82,71,112,99,55,61,27,33,44,37,70,96,65,97,98,86,75,83,124,66,45,87,60,79,59,115,6,105,79,82,115,90,85,74,154,117,94,160,104,79,57,91,99,42,42,108,61,103,106,102,120,55,72,75,63,125,126,167,105,107,70,79,83,92,96,84,63,97,87,58,75,101,92,103,,78,43,74,110,106,116,103,,63,59,77,61,57,62,,60,70,3,5,72,74,78,84,141,148,153,130,128,94,56,66,44,55,91,82,71,95,83,91,107,96,56,66,92,77,72,96,85,83,89,97,56,46,53,,50,33,32,90,14,26,285,61,74,54,68,34,38,40,55,125,94,83,134,122,,141,212,72,73,70,48,70,40,60,34,,189,163,76,19,60,112,154,136,92,93,63,57,125,,109,114,168,81,71,114,71,68,174,146,,98,56,37,88,73,85,94,75,58,62,57,41,38,95,130,80,46,53,,39,63,66,,46,44,91,,97,107,112,95,99,133,118,99,90,,98,56,51,62,51,77,69,,,80,84,47,64,55,81,66,105,106,96,85,43,30,36,92,41,87,55,73,38,113,116,129,60,67,42,,57,59,162,162,,216,117,60,53,78,23,,71,102,103,,23,26,31,16,20,50,76,45,46,66,,,,16,2,50,28,26,76,107,61,111,89,61,43,59,53,92,75,96,74,54,41,66,66,83,70,66,91,106,81,125,95,70,41,44,13,21,42,70,28,17,48,42,18,8,40,46,20,63,59,54,50,42,50,17,43,47,49,79,36,26,55,81,16,28,,79,95,54,10,80,8,113,118,132,118,,133,107,110,34,66,82,116,94,52,68,65,88,61,83,93,81,72,88,66,70,32,176,163,165,59,,53,92,110,112,63,49,52,55,65,62,51,23,42,44,45,61,19,22,25,29,13,24,26,25,23,6,24,19,20,23,19,20,24,32,37,35,38,60,54,57,57,63,93,86,79,85,77,60,67,65,56,42,61,66,62,54,48,60,63,35,75,65,69,69,57,75,94,64,63,93,,17,13,22,12,49,62,69,65,80,77,55,118,117,98,114,98,106,113,130,54,81,93,73,65,66,69,93,,95,77,92,93,102,108,81,110,73,68,76,75,89,67,96,24,63,70,40,85,113,102,80,87,97,122,89,95,114,67,79,92,84,95,68,72,72,67,80,73,51,65,61,47,73,99,86,103,96,84,121,99,96,112,84,59,74,63,79,70,117,108,85,99,61,58,50,64,58,51,44,61,53,88,57,97,53,68,86,29,60,57,42,37,48,38,67,61,57,73,64,66,59,45,60,63,24,31,33,61,74,65,,75,90,83,24,22,71,73,77,119,104,138,81,66,60,70,62,91,66,55,86,73,70,78,72,56,60,52,44,53,56,,54,82,76,81,81,80,92,75,106,93,59,92,104,56,54,60,68,73,92,11,23,14,34,,40,88,86,89,88,32,34,45,35,50,32,39,46,40,28,32,51,57,26,28,57,,42,,24,34,18,18,37,29,28,35,45,31,23,24,18,18,22,35,16,21,41,51,24,25,48,33,33,,14,4,5,43,77,4,,,70,5,21,14,8,172,147,168,127,48,66,62,57,77,101,91,41,38,58,44,31,20,29,29,27,82,60,49,76,45,35,77,99,63,17,66,50,,110,62,40,17,80,86,31,26,21,19,178,117,99,,79,77,92,68,74,72,92,51,50,15,156,397,45,64,46,47,42,81,108,64,99,69,57,50,,14,6,6,109,162,320,52,24,91,30
20160203,6,PM2.5_24h,37,15,31,36,28,29,37,30,28,21,28,50,,64,62,46,47,54,69,,52,42,57,54,37,74,,55,70,53,52,71,60,24,58,73,53,57,67,72,43,69,51,43,36,122,142,172,115,143,195,148,165,168,200,19,16,16,22,22,40,42,34,38,18,56,47,53,49,110,142,87,121,143,136,,79,106,84,64,,32,73,81,42,47,50,83,64,69,71,107,78,47,63,43,87,118,103,,125,165,,150,108,,126,69,60,46,52,36,43,45,45,59,26,98,103,89,101,93,72,95,107,97,90,90,99,116,,140,123,143,153,95,112,100,130,95,89,98,74,111,88,79,85,84,120,109,124,115,129,116,108,121,109,128,136,107,132,123,112,128,112,99,82,96,87,101,74,82,87,77,105,115,112,119,122,116,108,101,112,127,98,113,117,134,116,135,121,116,134,133,138,134,128,133,140,,121,123,136,115,93,126,144,116,134,109,118,105,84,66,95,49,151,156,146,135,81,63,49,83,75,85,84,84,84,84,56,74,84,78,75,,71,76,79,63,71,62,64,77,79,58,,79,,112,97,,64,73,68,83,72,69,91,74,72,,,63,64,80,63,103,76,100,100,113,125,116,102,109,101,20,20,21,27,20,21,18,23,19,94,69,61,96,81,96,60,90,85,104,115,81,93,96,,90,97,49,82,73,63,77,82,80,86,76,73,75,74,71,82,75,71,64,56,104,116,120,111,117,123,118,105,121,90,112,102,112,110,101,125,123,119,105,107,29,26,,24,25,24,30,24,31,26,21,25,24,22,28,10,25,22,13,17,17,24,22,23,20,24,21,27,22,31,32,20,26,32,19,20,25,14,15,29,10,7,27,25,23,18,20,23,21,25,17,16,21,30,17,,73,78,70,69,65,62,69,71,6,16,18,20,22,50,70,60,55,64,61,42,52,62,61,63,53,,60,49,59,56,100,83,78,78,81,,83,90,76,79,64,80,72,62,84,72,72,54,34,20,51,50,67,46,45,44,25,22,33,27,75,48,68,72,72,69,105,65,118,52,101,,41,90,96,50,70,82,63,89,102,104,51,69,76,94,56,74,,205,342,229,212,248,292,99,113,110,110,,136,156,110,138,154,45,107,123,100,48,64,68,43,63,73,33,38,16,20,29,86,78,76,69,93,81,93,103,67,61,33,60,72,55,81,25,22,23,18,122,104,87,111,129,119,106,,191,168,145,,141,113,134,130,106,82,100,,112,115,174,178,184,207,148,59,50,,34,70,61,112,,95,,99,146,143,122,109,,158,103,84,,47,52,45,116,81,85,,34,32,39,35,39,15,17,19,18,17,17,22,20,22,23,22,19,19,21,20,17,22,11,,18,11,12,35,34,35,17,,17,32,23,30,10,10,12,18,17,17,16,21,18,24,29,30,33,150,133,142,44,51,42,45,58,77,93,107,,102,152,94,211,91,46,71,99,41,33,59,73,40,20,81,30,21,162,71,77,88,97,111,81,43,85,74,79,99,44,111,95,113,111,109,83,90,94,68,103,80,84,66,46,81,74,57,,38,37,40,38,42,69,91,80,104,117,66,79,63,34,42,32,73,98,76,100,98,92,102,87,105,86,57,97,76,84,83,105,15,77,62,56,91,81,64,67,129,108,77,104,116,92,90,97,94,56,40,86,46,91,86,78,69,43,49,57,42,113,119,130,114,120,83,92,93,81,80,86,78,46,83,72,85,107,102,94,,87,52,55,70,72,81,70,,63,65,73,69,72,73,,73,81,9,9,74,84,88,84,118,118,129,112,102,102,44,50,36,52,92,91,71,86,107,111,106,106,67,78,95,86,86,103,97,106,111,106,63,60,67,,62,40,40,96,17,44,182,58,76,64,66,32,41,50,67,102,87,65,108,89,157,121,127,60,55,68,51,62,49,59,48,,78,91,58,53,41,87,122,108,87,77,62,50,114,,74,71,122,72,74,91,58,61,126,92,82,78,66,47,86,82,77,91,65,46,71,53,47,32,114,119,107,86,103,,98,112,107,,81,85,104,,126,124,126,99,118,117,119,98,98,,107,67,59,59,50,73,77,,,58,63,111,81,60,78,85,120,125,106,98,34,24,35,61,53,86,55,74,63,104,82,160,92,54,60,,72,81,115,115,,132,85,59,33,66,28,,50,165,127,,29,44,31,21,19,52,80,46,45,61,,,,12,6,51,58,46,87,55,34,64,83,66,76,73,70,135,92,92,97,89,43,67,43,88,83,82,102,107,92,105,93,81,36,35,53,44,53,64,51,18,36,40,15,16,45,36,19,43,40,48,37,41,57,27,33,32,36,46,23,38,77,43,28,28,,79,85,54,23,104,73,129,139,145,148,,148,139,144,59,71,96,130,108,84,96,83,80,86,88,105,96,78,86,74,83,61,160,139,165,77,,74,105,116,111,53,44,44,56,74,70,55,61,49,62,54,87,21,27,23,26,17,20,21,24,21,7,20,17,21,12,10,12,14,19,27,22,58,73,70,70,70,65,117,110,110,107,79,61,64,91,60,59,63,72,70,67,49,61,65,35,71,65,69,60,61,72,85,68,69,84,,50,68,44,37,42,58,55,54,93,81,74,124,135,112,108,101,119,117,139,45,68,98,96,86,92,87,108,,111,92,100,127,126,133,97,110,74,83,95,92,107,87,99,19,46,52,36,92,92,85,72,116,117,131,82,81,98,68,71,75,96,92,99,95,93,76,92,75,55,66,66,101,102,103,97,107,106,89,103,94,97,92,89,66,74,65,83,76,152,110,91,95,58,54,46,56,63,67,77,74,73,77,55,83,48,67,81,42,76,84,33,27,40,34,58,55,52,66,66,70,61,54,64,70,16,26,33,52,67,51,,70,88,81,29,37,54,56,68,95,92,119,79,74,64,69,76,91,74,72,124,113,113,118,74,86,80,77,44,57,58,,59,84,88,90,87,88,114,80,104,94,67,91,115,60,39,58,66,70,84,15,29,25,43,,33,42,59,54,66,58,73,66,68,69,48,58,61,53,50,43,65,62,27,33,60,,45,,51,45,27,30,32,22,36,36,60,48,34,35,80,69,91,46,27,26,50,56,46,65,77,28,40,,17,37,32,35,24,19,26,,82,15,25,8,13,126,129,116,124,33,57,63,54,74,94,85,38,31,71,54,34,38,50,40,34,62,61,44,79,65,49,54,84,50,24,78,44,,97,56,34,20,52,83,36,40,25,24,124,95,103,,98,80,50,56,51,77,85,39,38,12,153,319,43,66,57,60,57,119,145,109,67,107,71,75,,27,8,23,110,187,275,40,23,72,26
20160203,6,PM10,,,,,,,,,,49,,,,159,156,123,147,141,169,,123,122,164,143,122,147,,134,112,124,109,144,139,47,183,186,185,160,171,,108,102,133,122,122,228,319,277,208,252,526,456,260,372,596,36,32,29,39,,24,52,42,73,51,172,103,90,80,248,256,258,169,192,174,,113,126,122,79,,51,100,128,66,66,79,76,74,113,78,142,101,69,68,29,135,133,160,,215,277,,270,297,,231,130,85,60,94,52,72,73,53,75,40,176,179,146,113,112,90,130,128,104,116,105,117,102,,134,165,159,188,122,123,129,137,53,64,73,51,91,,51,46,67,171,171,193,151,152,169,192,190,161,,151,138,152,148,187,,,105,52,56,45,56,203,218,191,157,150,164,156,203,168,162,153,210,207,243,181,164,200,152,158,129,149,164,174,192,239,210,204,216,192,,167,206,,81,87,117,91,140,188,187,180,155,95,55,78,53,192,,230,238,109,74,46,115,88,127,116,107,113,127,68,152,164,173,141,,121,136,149,74,80,69,76,108,105,92,,89,,,154,,113,100,,145,126,107,,62,68,,,91,69,,69,,78,101,128,114,143,,,,,33,35,,,,35,17,42,24,86,91,72,96,,,,,74,156,200,162,183,144,,167,177,95,110,93,105,97,149,,125,126,198,161,146,172,183,164,116,123,106,,129,131,117,107,,,,156,,72,,,,57,,,,72,,38,42,,33,34,,41,36,41,,,,,36,39,42,38,42,31,41,36,42,48,50,36,37,,41,33,40,,34,,,29,34,41,34,36,,33,23,39,39,39,35,37,41,38,42,41,47,41,,39,,123,131,117,108,92,83,92,97,27,29,28,,28,58,73,,,67,,55,62,60,63,70,50,,82,67,66,70,84,89,92,90,73,,82,105,82,86,88,,73,53,78,100,93,45,41,33,90,55,122,83,88,72,79,49,59,70,152,88,87,145,158,156,293,91,157,101,261,148,76,166,104,86,115,114,104,122,128,135,41,156,156,75,110,,,481,456,229,616,297,400,82,155,106,98,,151,154,93,138,147,57,73,227,80,59,71,96,66,70,130,75,107,36,49,51,106,106,103,106,72,114,187,121,120,104,67,112,78,148,91,30,24,23,19,154,164,143,281,276,265,294,,364,257,209,,201,234,210,236,192,167,244,,272,,288,160,303,340,180,71,105,,66,86,99,137,,120,,192,166,167,144,220,,249,162,173,,61,82,70,249,208,177,,50,54,65,,63,27,,,20,21,55,,,29,,32,,27,,,26,,30,,,29,30,,,56,,,35,,42,,21,24,,,28,29,30,31,,,57,60,55,175,159,156,73,40,68,43,72,68,153,212,,177,194,135,,,76,93,,,74,240,215,106,67,47,17,11,334,72,87,85,134,135,90,56,108,134,153,110,85,183,86,218,216,127,52,98,134,104,,128,79,91,64,114,63,65,,51,51,76,102,,74,116,127,175,176,64,68,61,45,58,47,,,77,117,112,116,112,98,150,,,105,,,70,,,138,130,191,160,143,,90,208,197,,236,148,,106,107,,59,61,153,80,146,154,124,122,104,126,175,90,161,151,,122,133,99,129,96,130,102,114,83,129,88,80,95,107,,111,,93,43,,,,,116,,68,68,,61,71,69,,89,72,8,7,86,95,85,96,157,,171,152,139,107,92,109,72,78,99,114,116,106,109,97,127,131,101,104,,87,97,102,119,111,108,139,66,55,59,,,46,38,147,158,134,312,83,80,70,75,54,59,53,85,129,136,218,186,195,,232,248,104,99,99,61,98,68,118,139,,294,241,126,36,152,160,230,404,181,247,251,280,152,,164,153,219,111,114,149,101,99,199,178,144,138,61,64,100,100,97,118,92,79,76,97,78,88,138,159,110,79,69,,43,84,89,,66,74,95,,127,144,145,,104,150,133,132,114,,,89,73,112,92,97,95,,,114,110,102,81,68,116,120,127,119,104,110,52,61,50,152,92,137,197,124,78,137,126,233,94,135,67,,,76,182,188,,291,194,,55,96,44,,132,147,162,,41,43,58,,28,66,107,65,47,78,,,,17,14,69,39,42,84,152,81,129,118,89,107,78,122,142,122,137,124,66,66,75,72,100,89,89,110,121,136,221,120,83,59,78,29,30,,79,35,26,58,78,29,20,110,101,,65,78,66,67,63,93,21,124,109,56,83,78,39,,88,18,,13,149,131,72,18,,124,115,139,151,122,,169,124,,77,90,123,137,116,75,79,93,243,72,89,,95,73,,78,78,70,203,,,63,,55,96,110,112,74,78,67,62,74,77,56,51,44,64,74,74,23,22,30,35,17,26,,,26,,,,27,25,25,25,27,34,46,42,48,77,70,69,62,80,96,101,91,104,108,,108,106,77,,68,71,66,70,57,64,74,68,76,69,86,79,69,123,137,86,93,127,,71,69,84,77,82,91,106,107,104,,58,136,159,140,151,158,197,176,174,113,126,108,90,87,97,98,154,,144,144,130,137,138,156,94,141,97,89,104,109,,79,109,33,78,79,54,85,,112,,110,131,180,114,120,115,106,126,138,109,122,97,97,146,94,88,86,78,73,74,76,89,102,103,108,107,,,121,116,117,,,99,92,111,127,,159,130,139,76,78,90,81,102,82,77,93,90,193,70,128,88,81,109,64,98,84,,37,,45,76,70,59,78,66,67,61,60,,63,41,47,40,73,77,67,,,102,93,62,52,74,77,154,151,119,173,95,91,84,92,69,,80,,106,96,100,123,,62,,75,51,69,60,,85,94,87,88,106,88,147,150,165,175,83,127,119,70,87,98,94,112,113,,29,29,,,48,110,124,112,116,41,61,66,47,,44,45,,57,51,51,61,79,39,56,72,,56,,44,51,18,26,,,40,40,54,47,31,30,,25,29,,20,61,45,,25,55,49,,39,,19,19,,339,499,,14,,104,,25,,,255,157,,135,75,110,87,102,84,,93,57,,71,81,32,29,35,115,74,,97,82,86,161,166,99,,89,45,74,76,,129,130,58,92,137,117,37,41,47,28,190,182,126,101,79,87,104,117,89,123,131,147,55,25,382,548,96,136,71,75,113,134,140,120,199,147,,59,,23,10,8,166,252,357,82,30,103,39
20160203,6,PM10_24h,,,,,,,,,,37,,,,116,90,64,77,83,99,,79,78,108,79,77,120,,103,97,100,96,110,85,53,97,107,97,96,96,95,66,107,82,89,92,182,198,228,200,183,248,194,203,225,241,38,40,42,47,33,57,64,57,62,37,95,69,64,66,151,157,165,164,190,164,,121,140,125,81,,45,100,118,72,91,80,127,107,108,100,176,105,78,100,81,134,156,160,,195,230,,203,192,,159,85,81,63,81,70,59,84,59,83,45,174,144,142,127,114,93,128,142,122,143,110,120,132,,168,160,180,196,130,134,119,168,116,107,114,96,127,104,91,103,107,167,159,172,154,205,166,155,186,158,134,158,129,159,144,169,138,138,116,120,132,113,134,121,151,117,116,193,164,192,196,195,185,175,201,190,203,160,139,173,157,150,159,173,154,180,159,174,168,175,176,195,,159,173,154,163,184,180,166,144,176,160,191,164,134,108,125,99,172,186,188,197,108,83,59,115,90,118,114,112,133,120,75,100,116,115,106,,90,98,117,76,89,76,79,102,99,93,,101,,128,120,,110,84,,107,99,81,84,86,78,,,97,77,90,87,122,89,121,112,127,158,151,111,124,105,27,29,29,22,21,32,22,40,30,125,112,93,112,94,72,66,105,121,137,187,132,176,131,,146,164,71,120,103,111,108,152,132,134,128,135,124,117,120,130,119,108,104,86,116,147,151,141,147,153,144,145,156,,131,120,143,112,111,148,116,142,100,106,37,36,,26,30,31,34,35,32,32,26,20,22,24,29,21,26,31,16,25,23,30,31,38,25,35,19,33,27,37,30,26,20,53,31,27,30,26,28,33,29,18,24,28,27,27,29,30,29,34,27,28,30,35,26,,77,90,87,90,75,74,88,108,14,27,28,29,29,61,82,75,65,77,68,56,64,72,74,74,61,,75,64,74,67,127,112,104,96,101,,106,131,84,86,91,83,97,80,85,100,110,77,55,40,92,73,107,95,145,134,95,66,105,74,121,95,103,116,121,151,146,142,163,104,184,138,88,168,140,94,113,118,90,129,145,153,78,100,115,145,77,99,,343,418,282,397,308,419,129,194,137,141,,171,178,150,176,163,65,129,199,115,68,86,127,102,87,105,60,61,29,36,56,135,102,109,95,135,118,139,143,89,82,51,104,123,91,141,36,33,31,28,179,156,150,181,184,188,177,,268,248,196,,201,180,171,186,155,144,169,,196,129,221,203,263,310,202,87,85,,48,91,120,166,,141,,160,186,187,191,189,,252,153,139,,63,83,76,161,120,130,,40,39,49,48,43,28,33,34,24,30,34,29,27,32,21,26,24,35,29,28,23,9,22,,18,16,17,34,29,37,21,,26,25,32,24,14,16,19,24,24,28,29,30,22,27,41,46,45,204,187,198,95,80,92,59,98,89,135,163,,147,209,162,265,97,91,107,102,46,76,136,155,97,45,128,52,39,242,108,128,144,161,168,130,58,112,165,140,129,97,164,120,180,179,161,138,109,111,102,136,116,123,83,75,135,77,75,,47,54,63,74,56,70,127,123,145,190,86,83,91,47,71,50,81,110,97,134,116,118,136,118,126,117,102,132,,101,112,113,27,117,92,126,142,117,77,97,163,190,143,176,181,149,159,137,110,84,59,141,96,140,122,108,85,80,87,112,72,152,156,110,138,156,124,155,120,116,92,108,110,169,94,81,111,118,165,95,,107,60,65,59,70,89,86,,67,70,76,68,93,85,,92,92,16,15,82,116,114,116,140,136,145,133,117,120,76,102,64,79,106,118,100,106,128,132,125,140,102,113,108,106,123,126,140,131,131,154,83,67,76,,69,61,63,119,187,133,212,95,93,89,93,57,66,83,112,121,133,181,151,162,,169,141,87,93,95,77,104,87,141,133,,127,137,151,73,109,125,208,175,170,186,184,190,161,,118,111,171,123,109,125,86,93,164,122,126,120,86,74,121,116,120,128,90,65,92,77,79,78,157,147,146,127,139,,112,151,143,170,136,136,115,,169,177,167,107,112,141,146,137,134,,122,114,102,108,92,97,99,,,97,95,147,107,71,133,121,161,145,127,151,49,51,48,151,131,155,168,127,114,121,106,205,128,78,91,,86,117,127,145,,181,145,112,39,80,60,,101,248,181,,70,74,53,31,27,73,130,76,66,81,,,,21,11,79,81,60,143,99,60,107,118,101,127,94,138,175,126,126,128,65,58,82,56,104,99,107,123,126,143,204,120,106,62,57,65,64,67,68,44,26,49,63,27,25,81,56,19,58,51,59,50,67,80,29,88,73,47,55,44,50,85,47,30,28,29,124,111,71,35,128,152,151,166,160,164,,168,168,,93,89,141,154,125,110,121,114,126,112,120,124,126,101,80,80,93,92,201,157,192,94,,80,117,124,124,74,71,58,70,77,88,80,74,53,96,89,110,33,28,32,33,23,26,26,30,27,10,21,17,35,14,15,18,20,23,37,32,76,96,118,94,82,87,150,134,141,134,96,127,96,111,84,60,74,84,73,78,61,69,76,69,76,73,79,71,80,103,123,86,83,109,,100,109,96,106,68,77,87,90,126,106,90,172,184,153,163,186,251,214,208,125,125,110,145,125,138,137,174,,163,181,141,173,157,199,129,152,102,110,117,127,124,106,117,31,63,66,53,105,106,107,98,134,158,183,119,118,121,110,110,111,120,122,129,128,149,122,100,92,94,84,81,114,118,119,111,120,122,99,115,113,119,109,,92,91,115,118,109,127,138,149,130,81,68,85,70,95,92,101,121,119,116,74,97,87,83,106,72,111,137,36,29,48,41,70,63,58,74,69,79,62,66,65,75,34,48,41,60,71,55,,69,109,101,63,65,58,60,130,128,100,152,98,92,85,99,96,102,97,94,145,136,153,163,83,109,97,105,56,77,70,,86,104,106,106,132,114,168,139,165,154,97,133,134,77,78,90,99,109,111,27,38,39,43,,38,51,85,66,87,77,103,93,97,73,65,63,69,61,73,90,78,83,36,53,76,,54,,48,66,48,41,42,35,56,107,74,70,45,51,119,97,142,59,41,69,65,60,53,92,83,34,54,,28,67,,114,138,66,59,,122,32,34,20,15,122,149,124,153,62,107,94,89,93,110,100,63,,94,98,43,55,72,96,73,101,105,70,112,158,163,77,121,78,54,91,67,,134,113,52,99,80,116,64,79,58,46,132,132,131,107,115,105,90,117,78,138,142,102,87,30,360,448,95,125,117,150,153,187,190,185,212,211,78,90,,42,21,30,166,294,386,65,32,83,32
20160203,6,SO2,7,29,6,4,8,3,29,5,7,33,8,37,,68,67,75,53,31,81,,45,88,59,51,43,53,,141,82,32,136,83,102,112,59,65,57,81,76,61,141,86,66,102,69,83,112,139,118,95,198,185,86,73,141,60,39,36,56,23,18,16,13,22,20,81,61,62,49,109,78,140,67,88,79,,85,116,134,36,,110,128,175,76,93,62,339,31,155,25,30,86,19,46,17,43,79,141,,160,503,,107,,,,385,181,131,179,122,131,364,78,70,19,330,405,64,83,112,68,58,40,49,70,79,88,58,,152,201,13,140,132,63,126,100,17,15,15,17,13,15,15,17,21,12,19,23,31,22,13,33,10,1,21,15,16,21,13,13,16,12,14,30,21,11,16,42,30,64,21,85,33,37,19,31,25,4,22,11,21,19,20,21,23,14,19,24,16,17,21,21,16,29,30,26,,20,37,17,14,9,10,21,20,23,20,24,57,15,19,13,20,30,26,27,13,4,6,6,10,4,4,8,13,14,4,5,20,18,29,26,,19,27,22,5,2,2,7,13,9,12,,8,,10,26,,11,11,12,21,16,12,6,9,5,,,6,3,6,3,19,22,15,13,14,6,29,26,5,11,6,12,6,7,6,5,2,5,4,24,19,11,12,30,17,5,18,14,38,77,44,63,66,,85,55,10,71,63,52,32,80,55,47,89,35,25,59,192,28,35,31,35,23,3,6,8,10,40,8,16,8,11,2,4,5,9,9,16,10,11,60,7,3,2,2,,10,3,3,5,2,6,4,6,5,6,5,5,9,7,5,4,6,1,7,8,13,11,10,5,6,5,3,5,3,8,9,8,9,14,15,5,3,3,11,9,7,13,4,8,5,4,3,4,7,3,5,9,,14,13,13,16,13,10,9,12,4,1,3,4,11,5,6,8,16,14,18,12,6,12,20,17,4,,12,14,24,14,9,6,17,7,6,,6,13,35,50,33,32,46,46,55,39,44,15,8,8,5,24,12,4,5,7,8,5,9,5,34,17,9,35,3,41,32,28,11,27,23,14,7,21,24,12,22,32,21,25,12,8,54,44,100,51,32,85,,5,16,41,13,73,12,52,21,26,44,,50,47,40,38,58,27,12,288,3,34,47,47,24,59,42,91,46,19,8,58,40,130,50,57,60,111,104,345,55,73,14,51,78,31,52,7,3,5,2,61,66,75,87,104,103,47,,88,81,64,,63,82,39,66,117,93,107,,110,72,61,51,26,13,59,37,50,,40,21,33,80,,97,,80,54,56,87,56,,63,54,46,,84,24,32,223,208,104,,18,11,11,7,13,16,31,6,8,5,7,4,3,9,6,9,8,11,5,5,9,5,1,,7,7,7,4,2,7,4,,4,5,7,12,6,8,8,3,2,3,3,21,14,8,10,9,8,39,40,55,37,256,70,45,229,171,257,230,,156,192,43,60,56,67,37,61,122,151,278,160,,77,138,47,26,168,57,81,79,217,79,107,27,50,69,33,33,14,239,81,202,112,177,44,36,84,94,26,73,127,67,27,52,28,27,,17,10,51,21,3,40,42,50,76,63,6,16,16,29,20,35,10,11,17,6,19,8,28,8,7,4,10,10,1,11,9,31,2,167,48,77,72,57,52,21,101,152,95,112,142,34,134,30,34,64,75,45,99,16,36,27,97,63,33,46,20,6,10,2,12,11,33,68,46,14,7,9,31,9,12,3,3,2,10,8,,4,3,3,22,16,17,17,,8,15,7,8,14,18,,22,15,2,4,5,6,8,7,12,20,7,21,14,6,12,27,31,4,7,20,11,14,6,6,8,6,4,2,8,3,6,7,7,8,7,6,21,13,58,,22,10,19,19,16,7,2,18,23,25,31,15,11,20,159,17,6,26,21,21,26,27,16,7,21,20,15,65,30,40,6,,261,272,174,24,6,5,5,2,6,20,3,12,51,,38,45,120,92,59,40,36,42,174,56,65,35,66,52,8,41,55,65,15,38,40,48,24,28,19,14,27,11,14,,10,15,17,,11,18,24,,33,23,35,17,5,16,13,7,10,,8,7,1,12,11,8,8,,,58,296,19,7,4,28,11,22,21,23,24,10,10,7,212,371,246,252,332,263,252,424,393,156,127,37,,27,125,133,130,,172,239,29,38,16,53,,151,146,88,,57,47,7,9,17,10,87,18,24,65,,,,26,17,23,20,18,72,101,165,124,47,34,52,53,84,113,37,86,80,212,27,96,46,155,92,119,71,101,95,87,119,108,87,31,12,7,11,30,3,50,11,62,26,9,26,33,5,21,44,33,27,19,20,6,37,19,8,64,25,6,,41,39,42,37,129,156,14,15,7,13,5,22,33,19,,5,13,32,27,9,24,38,46,17,8,6,13,8,15,32,1,21,40,6,4,7,7,20,6,34,,18,43,16,47,12,10,9,10,,31,8,4,6,19,8,24,2,2,3,6,3,13,7,5,6,,10,16,6,7,3,4,6,5,7,6,1,2,4,2,3,3,13,22,11,3,3,8,14,26,5,43,14,21,18,10,12,19,25,24,58,5,14,24,4,18,9,5,32,17,,6,8,7,7,5,9,21,12,2,46,27,33,56,36,73,35,30,36,33,37,32,32,32,66,73,24,59,,19,30,17,24,39,42,36,25,33,40,3,10,5,62,3,10,7,1,10,63,94,24,21,10,13,33,52,27,27,21,12,12,3,6,4,2,4,4,10,9,9,4,5,5,9,10,20,12,11,2,26,6,8,13,4,2,20,17,24,6,11,11,3,23,5,8,4,7,10,11,2,33,45,2,7,21,20,4,6,3,6,30,11,36,12,4,6,7,10,54,10,19,19,18,20,25,8,4,13,10,13,17,,7,10,12,17,8,18,12,12,28,16,16,14,11,5,5,8,5,23,15,7,9,7,10,3,6,7,2,25,6,4,,8,8,4,16,7,22,4,27,11,7,3,3,6,6,3,17,9,18,16,12,14,5,21,,4,15,25,29,31,8,5,5,9,,11,23,12,32,14,8,15,15,20,7,13,,15,,4,7,17,3,,5,3,11,7,2,8,9,5,15,12,3,3,3,6,6,12,5,2,1,6,,3,10,5,4,5,10,3,56,34,7,31,9,7,22,21,10,14,13,55,34,39,7,39,21,12,19,21,11,18,29,12,73,18,232,80,44,24,16,14,11,90,14,81,17,17,,15,11,22,14,25,9,6,20,3,31,55,80,164,21,40,41,18,14,4,14,10,7,9,3,31,53,27,33,11,17,3,4,6,4,57,93,17,20,,3,5,7,11,8,24,15,10,180,3
20160203,6,SO2_24h,19,10,13,17,14,13,26,11,10,13,18,28,,46,47,34,26,16,43,,25,31,37,35,11,51,,102,86,50,99,90,85,44,46,49,42,55,55,56,79,108,50,67,62,134,92,169,129,139,117,103,125,109,144,34,31,36,48,29,28,24,22,33,28,39,35,39,45,100,80,110,92,88,90,,114,169,127,54,,105,115,143,122,129,104,314,50,99,48,83,61,28,66,22,87,84,69,,136,269,,154,327,,183,101,96,96,116,123,46,98,42,91,12,163,138,84,90,142,36,44,42,25,60,59,55,53,,134,178,52,115,130,62,62,93,33,31,32,35,27,30,28,30,33,25,27,30,37,32,22,29,20,23,23,28,30,33,20,26,34,31,34,29,34,31,25,51,52,77,42,74,57,40,41,52,52,21,27,17,24,24,35,36,32,32,34,39,35,41,32,27,32,39,31,41,,32,39,40,23,28,24,39,34,44,33,42,63,24,18,31,29,43,41,41,37,15,14,13,14,10,17,20,19,26,13,12,23,22,30,24,,20,22,18,7,4,5,12,32,19,25,,17,,20,36,,15,15,11,16,15,10,13,17,12,,,13,10,13,11,32,24,24,18,26,10,24,29,5,32,5,11,5,6,6,4,2,4,3,24,21,17,19,25,20,12,24,22,41,89,43,74,72,,82,54,9,77,53,65,54,57,88,58,86,44,31,53,57,31,44,43,35,51,13,17,24,19,19,16,18,23,21,20,11,19,12,15,17,18,19,62,13,10,3,2,,10,2,4,4,2,5,4,12,5,5,5,5,9,8,5,4,7,2,7,7,10,9,5,7,8,7,4,5,5,7,7,5,4,10,8,7,5,4,12,5,5,10,3,8,5,3,3,4,7,3,4,8,,15,18,14,16,14,12,10,14,4,2,2,3,9,6,14,12,23,20,18,13,13,18,23,20,15,,21,18,16,16,20,10,20,11,13,,14,19,24,41,43,26,53,44,44,27,36,13,7,9,6,29,12,4,11,13,7,6,10,6,33,30,26,38,8,44,26,38,16,40,34,26,16,34,38,24,32,43,31,48,31,18,86,91,122,101,61,81,,6,10,25,21,29,12,26,17,26,29,,115,44,32,40,51,28,13,70,8,59,76,70,52,61,79,68,51,23,18,42,66,73,61,75,107,76,85,114,56,59,36,141,98,91,164,8,5,8,2,103,67,95,82,100,78,55,,100,87,62,,73,55,42,40,103,124,79,,106,84,91,68,70,50,59,33,59,,44,32,46,112,,94,,93,78,76,79,75,,105,62,43,,48,41,45,100,96,77,,17,8,8,6,11,16,14,10,8,6,8,4,3,9,6,10,5,9,5,6,8,5,2,,7,7,7,4,2,6,3,,5,5,6,12,6,8,4,2,2,7,5,42,17,29,9,7,8,52,46,57,42,150,98,56,203,179,247,261,,212,262,56,90,74,121,53,94,70,91,182,165,117,53,189,54,54,156,130,122,96,130,84,122,59,83,91,53,56,43,138,125,169,104,168,106,64,112,135,78,156,219,62,36,74,53,40,,17,59,99,42,18,54,36,54,76,62,17,42,26,25,43,28,18,25,35,7,33,25,31,19,15,38,41,39,30,40,25,42,28,86,66,63,82,66,67,34,109,161,99,126,155,55,75,55,63,71,82,59,79,30,37,32,47,63,44,72,42,15,17,12,19,20,58,77,51,23,27,21,36,29,18,20,28,16,28,11,,12,9,3,20,17,18,18,,8,11,7,10,20,29,,36,14,3,4,6,9,13,10,22,35,20,33,21,10,29,111,40,81,16,20,10,14,10,7,10,7,7,25,11,10,9,7,7,16,28,6,34,24,24,,34,13,23,15,24,15,13,40,47,33,36,31,34,76,154,20,14,25,23,24,39,37,21,13,34,33,21,72,23,78,22,,184,242,138,69,5,5,6,2,9,23,4,14,91,,36,39,122,76,55,41,38,42,110,62,76,56,56,45,16,41,70,81,26,22,25,34,37,46,30,22,42,36,36,,36,17,30,39,35,26,34,,49,45,58,29,22,28,27,23,21,,20,13,7,12,11,15,15,,,61,174,31,19,16,44,24,37,35,34,36,8,8,6,204,183,137,180,196,147,215,229,346,231,127,63,,36,130,186,160,,214,255,45,61,39,73,,146,328,212,,43,44,18,8,5,31,178,25,30,59,,,,38,20,37,43,34,98,97,98,117,68,46,68,57,87,139,66,90,75,171,39,77,41,85,79,78,61,62,86,132,105,105,44,22,24,24,22,33,10,27,27,35,15,11,18,35,8,35,25,31,20,17,25,9,27,19,6,34,12,6,,35,55,46,39,102,52,55,25,24,29,7,34,49,24,,5,23,28,26,6,44,46,52,60,33,31,45,39,47,57,2,36,47,13,9,13,7,24,20,51,,25,37,15,69,15,14,18,16,26,37,24,30,16,22,13,27,2,2,6,5,2,7,10,6,5,,10,16,7,6,4,5,6,5,8,5,6,8,9,9,7,6,17,36,22,4,2,11,19,20,16,48,15,23,18,17,15,22,17,17,28,7,20,16,10,15,9,8,25,29,,16,16,11,14,29,10,16,12,71,74,64,68,90,74,102,66,69,78,74,43,37,39,39,69,74,33,62,,26,45,25,36,48,46,53,30,50,51,29,17,9,95,2,11,9,25,19,88,59,30,27,42,38,49,55,31,52,29,24,20,15,19,6,6,9,9,33,34,32,7,10,16,18,18,18,17,15,15,29,20,26,23,3,7,31,37,37,13,16,18,5,25,15,15,20,11,11,20,19,42,46,25,25,26,23,8,8,5,18,17,12,38,9,5,5,4,3,30,10,19,17,20,20,27,8,3,12,6,12,16,,11,15,18,22,15,8,11,15,36,17,19,11,10,6,13,16,8,25,21,13,14,14,18,18,17,9,7,31,13,12,,16,8,3,15,5,19,12,26,12,6,3,4,7,8,5,18,14,21,18,12,14,4,16,,8,17,21,20,39,11,16,5,27,23,37,43,47,57,28,14,19,15,35,13,26,,21,,7,17,49,2,,5,3,12,34,2,15,15,23,25,27,18,4,3,7,8,14,7,6,1,8,,5,7,7,5,6,11,5,60,40,11,21,10,7,16,22,15,22,24,86,84,69,11,35,17,27,27,69,25,19,77,34,68,40,74,66,63,54,29,11,19,219,25,45,83,16,,22,37,39,35,25,29,14,39,4,33,183,149,186,28,150,64,20,31,13,21,17,9,7,2,25,50,23,33,18,29,2,12,12,11,51,82,45,30,,6,34,57,12,12,17,33,10,191,3
20160203,6,NO2,35,28,58,65,56,51,74,19,36,62,38,53,,89,91,96,101,103,98,,93,100,78,104,93,109,,67,70,44,75,70,71,33,92,96,70,93,87,93,77,74,60,73,74,91,99,110,96,107,120,115,85,85,173,18,23,17,29,12,42,51,48,39,22,100,98,91,100,104,88,90,50,56,54,,68,70,74,31,,24,35,33,45,31,41,67,57,38,54,56,52,61,59,45,45,59,66,,62,91,,72,84,,84,88,74,66,62,36,38,51,36,59,10,86,75,69,45,57,28,29,51,39,64,40,52,74,,102,92,75,77,100,47,90,80,42,88,92,80,59,76,86,43,76,85,91,106,71,90,63,24,87,91,74,80,98,61,81,82,86,85,32,58,48,56,,66,28,36,72,104,119,68,105,45,55,81,68,14,23,96,31,83,69,38,81,96,88,83,73,75,102,84,57,62,,48,82,73,17,38,56,35,62,56,90,87,25,34,32,28,50,29,24,62,74,42,39,11,64,28,57,57,54,79,36,21,64,43,63,40,,27,32,37,17,,28,13,25,35,33,,39,,74,63,,18,26,18,23,12,24,33,24,19,,,30,19,13,14,123,80,104,112,117,18,88,36,20,20,7,11,13,11,8,12,5,18,19,34,24,39,2,25,39,10,56,28,8,46,34,66,49,,61,42,21,52,73,38,21,45,69,13,108,86,78,69,85,71,77,81,85,48,68,84,100,71,39,73,73,71,72,16,28,87,20,63,37,38,47,44,63,36,25,13,,8,19,20,8,22,7,20,6,18,30,26,20,11,7,33,14,19,9,14,17,35,17,20,9,29,11,13,14,8,19,7,8,12,8,16,12,14,11,11,15,8,9,8,14,11,4,11,10,7,16,10,6,,48,40,51,41,34,29,49,27,5,10,6,9,2,14,39,38,31,41,31,25,32,35,52,42,17,,60,32,42,57,24,39,32,27,26,,26,32,14,20,15,13,27,27,19,12,22,15,19,8,23,34,46,40,4,32,41,3,8,8,63,32,64,72,36,61,94,61,53,63,37,78,38,79,30,20,75,53,69,42,21,8,15,56,39,29,33,50,,102,93,106,120,113,50,41,46,61,60,,42,37,36,33,39,9,31,46,15,27,39,57,21,53,58,38,38,14,18,49,34,63,44,48,22,60,54,62,97,81,48,58,58,83,44,17,16,13,6,71,79,89,92,86,91,49,,94,80,45,,55,66,49,46,77,103,77,,72,65,64,77,44,46,30,62,86,,29,46,42,39,,63,,66,61,45,19,80,,97,59,80,,42,22,35,95,115,75,,8,7,9,11,16,11,17,13,8,8,18,11,12,6,10,7,11,14,12,15,6,30,5,,4,7,8,21,12,7,18,,18,9,11,15,8,9,8,1,9,9,14,8,9,11,21,29,22,36,23,31,29,54,38,21,43,44,62,49,,92,56,23,40,35,49,13,22,79,31,79,58,,22,25,14,3,61,23,42,41,86,62,57,15,62,52,36,52,35,77,53,68,74,68,50,22,48,39,40,38,44,60,34,46,29,38,,9,34,45,44,23,34,30,44,41,64,13,27,24,30,13,45,66,87,20,53,49,68,70,59,54,45,46,62,15,21,41,24,4,71,51,80,66,47,1,18,64,68,51,65,60,48,28,43,37,66,53,55,37,66,69,54,88,63,48,37,37,29,36,39,11,22,63,88,37,16,28,44,12,55,37,41,19,19,43,2,,17,8,8,16,21,16,20,,12,9,14,11,41,3,,17,12,6,6,23,25,20,38,25,32,34,37,34,15,38,27,22,19,32,26,35,33,12,18,29,71,11,11,18,7,20,19,22,24,15,17,17,11,14,,15,17,9,56,54,55,77,22,46,21,26,22,36,32,69,27,42,67,57,65,56,55,63,44,50,66,50,16,6,14,21,,38,62,38,5,25,11,7,45,17,38,41,19,67,,18,37,96,107,57,84,163,58,66,59,84,51,42,43,38,14,58,56,14,22,21,32,20,31,60,70,38,53,63,,17,39,58,,79,71,30,,64,74,66,67,52,71,56,36,32,,30,10,46,30,28,27,22,,,70,58,39,48,11,33,58,36,39,29,20,37,39,54,65,59,60,52,62,63,62,64,65,29,50,19,,17,21,74,46,,56,119,38,20,13,25,,13,60,57,,19,22,13,14,25,19,45,13,43,55,,,,9,5,17,13,6,31,50,40,51,35,28,45,38,54,67,34,46,53,34,23,32,42,68,44,75,49,51,70,64,57,47,34,22,15,11,17,46,14,16,80,71,17,17,38,39,14,20,38,29,21,50,29,11,54,53,34,57,17,18,13,16,12,11,7,84,66,45,6,19,19,31,48,53,37,,16,73,72,67,47,81,77,28,53,31,29,58,46,57,47,16,57,70,38,17,12,22,38,61,32,,22,57,32,22,23,21,22,15,,31,35,56,33,53,30,53,12,4,14,12,6,8,10,7,11,2,5,7,5,10,10,11,10,10,5,17,3,7,2,9,11,7,6,23,9,14,13,41,29,24,36,12,34,20,18,27,6,5,24,17,19,26,34,24,30,19,28,19,28,27,,24,24,25,29,12,22,62,14,63,58,60,23,74,60,52,31,97,47,42,61,53,50,50,52,52,49,40,,41,25,52,26,18,40,28,70,25,53,41,23,36,35,55,5,21,20,37,30,36,36,29,28,26,48,49,59,73,7,77,61,25,27,11,11,13,17,41,31,17,20,14,27,28,56,42,41,38,6,26,29,15,18,47,51,43,29,49,17,7,18,11,14,11,31,26,20,16,45,3,26,24,28,14,85,9,3,24,7,18,24,5,4,6,9,20,9,10,15,13,26,10,10,17,11,8,14,21,8,21,10,,16,39,29,36,33,13,13,60,59,54,59,7,20,13,33,7,9,21,26,22,32,21,23,8,21,16,21,3,22,7,,7,26,35,31,39,54,16,19,19,17,5,16,23,19,11,9,14,15,12,6,9,9,16,,10,27,40,54,53,17,18,15,14,,11,10,11,13,9,7,25,18,6,11,18,,17,,37,13,11,2,,3,20,15,15,14,6,8,8,3,4,4,5,,15,6,6,23,29,2,8,,12,8,7,18,24,5,2,20,33,7,17,2,6,34,43,53,33,43,56,55,66,19,29,26,23,40,22,13,6,20,23,45,52,47,39,59,36,21,36,19,22,12,46,38,40,,39,23,30,32,21,6,7,9,11,1,40,50,90,17,17,31,34,26,54,57,59,19,16,4,57,63,29,9,19,19,4,28,26,47,44,12,25,27,,12,3,15,49,39,58,21,12,53,19
20160203,6,NO2_24h,56,8,57,71,57,63,67,31,28,41,53,56,,67,64,63,70,72,71,,70,70,63,71,52,67,,60,63,48,70,63,65,22,70,73,58,79,65,79,53,55,61,67,62,89,95,106,89,97,96,94,88,97,140,14,23,23,33,15,47,51,55,38,28,68,65,57,75,101,68,76,62,70,66,,71,80,73,33,,22,38,38,48,36,45,65,51,46,58,64,46,60,60,42,60,60,59,,62,97,,82,82,,66,54,68,55,51,45,37,42,23,60,9,84,72,81,65,77,22,30,59,46,56,40,50,96,,123,104,92,51,112,52,65,68,44,74,66,67,60,61,66,57,58,65,74,90,65,88,56,32,70,91,42,71,92,72,73,68,81,75,51,49,44,43,34,51,22,32,56,66,75,52,82,68,61,63,55,17,18,69,36,73,83,46,76,77,61,80,70,56,81,72,46,63,,42,65,67,31,59,51,65,53,45,46,65,18,37,46,36,51,57,26,57,63,50,53,16,62,29,61,61,57,57,48,24,56,53,48,49,,33,45,48,21,21,38,23,42,41,49,,42,,56,42,,27,31,20,33,23,28,35,29,23,,,16,28,19,19,114,75,89,74,101,15,75,22,19,17,9,10,19,21,15,16,8,25,25,47,26,17,25,32,44,16,48,36,19,59,46,89,70,,71,52,22,45,61,41,25,23,72,4,79,78,68,62,75,51,55,66,65,40,41,76,82,66,58,71,69,68,73,17,41,62,32,38,49,43,58,45,42,17,38,30,,17,24,29,12,41,7,30,17,31,38,34,36,11,18,44,14,22,14,18,22,43,18,33,17,25,14,28,30,13,22,6,32,24,18,24,16,29,11,16,19,15,15,13,17,16,10,14,16,9,20,19,10,,27,27,50,19,16,20,26,28,6,13,8,16,6,27,53,47,54,45,49,35,44,39,68,54,38,,67,46,49,50,47,47,50,45,51,,62,40,17,28,20,16,25,34,29,18,34,30,28,11,20,32,53,44,7,46,37,10,21,25,74,61,67,82,32,77,66,78,54,65,33,78,44,73,78,25,66,58,57,43,51,12,21,54,39,40,39,46,,88,77,106,108,93,52,47,44,52,54,,47,44,36,42,41,11,25,42,26,53,54,53,43,58,59,49,40,20,30,46,54,52,56,45,39,46,43,58,69,56,31,35,57,80,50,19,23,19,12,69,70,87,74,77,66,42,,71,68,51,,71,56,42,44,63,86,66,,61,59,56,52,48,46,34,48,62,,36,45,52,49,,69,,55,56,61,46,85,,91,66,70,,43,35,45,68,71,60,,15,11,13,9,18,15,21,18,14,12,19,15,15,9,14,7,15,19,17,18,6,17,9,,9,9,9,18,15,12,20,,24,12,20,16,10,11,14,7,12,16,17,21,20,18,15,25,21,47,36,44,27,54,43,27,37,42,64,45,,95,58,24,59,36,61,14,28,66,26,72,51,38,15,47,24,17,63,53,59,62,80,58,66,36,66,62,52,61,42,72,68,60,55,79,77,42,49,63,48,53,65,53,41,54,48,40,,10,42,59,36,31,20,30,47,40,61,15,31,40,28,44,42,50,87,48,61,55,57,55,51,32,38,43,47,16,24,29,17,4,66,57,67,74,47,6,37,66,77,55,75,71,57,46,59,58,60,49,53,35,50,57,51,42,61,47,52,38,39,45,43,18,38,60,70,39,16,34,49,22,32,19,48,22,28,39,2,,26,12,12,12,27,14,23,,14,10,16,11,29,25,,27,20,16,12,26,44,36,42,39,30,41,42,39,19,42,37,26,30,33,26,37,43,20,19,32,78,16,30,40,16,32,19,28,56,35,32,29,20,19,,31,28,20,57,62,67,79,42,60,42,34,29,43,39,80,28,37,53,50,58,55,49,57,34,51,56,50,28,10,25,43,,23,55,38,18,37,17,11,46,34,51,51,31,70,,32,38,72,63,45,71,120,47,70,51,74,48,48,50,49,16,64,50,21,25,35,41,19,31,43,57,39,56,65,,38,56,71,81,62,51,39,,61,79,66,57,43,72,66,38,31,,24,27,57,38,27,24,31,,,44,52,42,37,21,44,52,43,51,34,24,30,32,38,66,59,56,51,54,37,55,57,51,34,48,23,,20,27,73,54,,62,119,38,17,15,26,,17,75,61,,33,44,28,20,16,31,58,28,36,67,,,,10,14,32,35,13,39,42,28,45,33,41,52,41,54,61,46,43,56,39,27,32,34,68,55,56,45,47,65,68,47,50,27,17,25,15,34,43,19,11,54,41,11,10,26,25,15,21,24,31,14,41,34,22,37,42,24,39,8,13,32,12,33,17,11,56,38,43,15,32,50,20,55,52,47,,16,52,42,42,23,93,70,59,52,40,40,54,49,50,59,16,79,58,41,23,13,32,69,69,41,,33,61,39,18,37,23,25,17,58,35,29,53,27,61,33,67,25,9,19,12,11,12,13,13,11,2,13,11,14,9,13,14,14,11,10,16,6,7,11,14,16,9,18,34,25,16,7,18,22,23,31,21,27,12,25,25,8,9,28,17,24,22,27,23,26,19,33,19,32,31,,28,26,23,31,10,17,34,17,87,66,66,29,68,60,51,53,101,60,51,55,47,50,44,34,41,46,56,,37,41,56,35,23,43,38,56,39,45,34,19,31,36,40,7,29,30,32,28,38,39,24,48,38,49,47,46,49,22,65,47,45,45,17,22,23,23,46,23,25,20,21,31,31,52,31,42,41,11,24,23,28,24,44,53,34,52,56,19,16,30,20,25,12,13,25,13,18,17,20,22,22,19,17,47,12,10,28,5,24,22,12,9,15,19,23,10,11,16,13,28,9,8,20,12,9,21,22,7,18,14,,13,31,35,25,30,12,13,56,64,52,68,7,32,25,41,26,21,32,44,36,44,41,39,9,30,18,29,9,35,28,,18,26,50,41,47,60,8,39,38,18,13,39,45,35,12,13,27,17,20,8,14,16,27,,12,23,34,32,55,15,22,22,28,23,33,21,24,23,17,10,33,21,14,18,35,,20,,16,17,22,6,3,15,15,23,13,18,13,19,19,15,20,11,12,,21,11,20,25,29,2,10,,21,25,20,16,21,11,5,18,42,9,14,4,7,22,49,53,45,42,67,64,63,20,32,33,33,29,38,22,6,36,44,43,44,38,32,53,50,38,48,18,28,22,31,44,23,,42,33,28,43,18,8,11,15,12,8,40,53,94,18,34,35,24,35,41,49,51,15,14,3,72,102,28,11,30,39,13,51,44,42,37,20,57,41,,28,13,45,69,67,64,24,22,36,37
20160203,6,O3,33,38,15,2,27,16,2,58,13,14,41,9,,4,2,8,6,2,4,,5,4,,6,2,2,,,5,4,1,2,7,60,13,6,8,14,5,6,8,9,3,6,9,3,43,22,58,11,5,6,16,3,4,51,59,61,58,47,26,14,22,28,55,2,8,4,1,9,4,4,48,43,37,,7,9,11,1,,12,2,4,2,4,4,4,12,4,7,6,3,11,6,17,30,2,3,,6,6,,5,8,,5,,10,3,6,48,32,32,31,22,67,11,25,4,33,32,55,52,14,40,35,34,25,19,,2,5,2,21,16,41,12,9,40,7,10,35,40,19,8,61,11,8,6,9,4,6,12,88,2,28,8,3,9,2,4,5,5,2,30,40,35,15,42,12,9,35,13,10,5,10,8,26,40,8,14,12,18,20,33,11,6,21,2,5,11,3,8,8,5,9,48,8,,5,9,12,46,54,9,92,5,6,7,2,12,42,51,50,51,78,53,35,20,26,20,73,7,31,9,8,9,8,27,24,24,39,22,54,,59,56,55,66,61,51,64,36,23,29,,20,,9,21,,66,57,69,84,102,70,18,36,36,,,29,43,43,20,5,3,2,5,4,4,22,8,46,32,65,64,61,32,57,65,48,12,37,33,86,41,,77,53,50,44,68,79,44,72,43,65,,52,66,69,24,25,22,24,46,31,23,19,8,12,,,14,,20,,11,8,1,2,6,72,3,23,10,4,41,22,,29,2,15,25,26,13,5,14,49,53,,53,50,51,61,50,42,63,64,41,31,49,39,61,45,56,53,59,55,43,56,30,33,36,55,45,46,46,45,44,38,43,33,41,38,33,37,45,50,44,50,42,50,46,42,49,51,51,42,40,45,43,44,,6,8,,15,8,8,10,6,48,28,46,36,44,61,11,7,26,6,32,33,6,26,10,15,36,,6,2,16,9,39,23,42,29,41,,53,36,60,68,59,123,65,48,70,78,40,35,43,53,15,10,6,1,40,19,31,49,59,73,15,46,10,15,11,16,8,12,15,11,14,3,19,7,24,64,4,4,7,19,49,41,54,,20,46,19,40,,2,1,2,4,5,10,29,7,12,15,,13,23,28,22,14,94,17,14,21,37,27,11,32,15,6,108,48,42,34,39,27,8,23,13,15,20,2,6,7,5,29,9,15,35,7,43,37,14,41,1,3,3,4,13,8,4,,2,5,33,,25,6,9,14,10,8,18,,6,9,10,20,6,68,36,5,5,,33,10,34,29,,14,,5,44,33,59,6,,8,5,3,,52,60,47,8,8,10,,71,33,69,68,66,13,16,14,17,22,12,31,32,34,36,16,34,24,30,27,29,9,31,,36,36,33,51,54,54,44,,41,61,57,64,32,22,18,15,15,13,17,21,10,28,10,4,9,56,88,108,8,9,22,41,9,8,9,16,,23,5,10,8,7,39,5,9,3,7,12,3,4,19,20,28,87,,49,28,30,5,6,28,48,4,9,37,5,27,8,13,5,5,5,17,42,14,48,30,25,41,26,69,33,71,76,,110,21,15,7,26,13,7,5,15,18,96,48,43,44,30,29,16,24,87,20,3,3,3,18,10,6,5,5,19,24,14,27,89,9,5,23,12,8,15,27,6,14,10,10,3,31,63,88,65,9,8,2,38,11,17,24,6,4,6,17,,16,22,11,25,24,33,4,49,2,27,19,26,20,9,57,21,66,19,19,,33,19,,59,94,84,81,,48,65,48,63,30,75,,53,80,54,56,28,27,16,17,15,6,8,19,13,16,4,7,5,9,18,17,14,16,34,9,10,36,48,40,28,18,3,9,11,11,28,24,60,75,62,,74,29,28,14,8,5,9,45,19,78,58,51,6,7,2,75,9,6,5,11,7,15,6,19,3,16,9,52,67,55,59,,11,15,7,29,96,84,43,,43,21,19,32,6,,72,49,3,6,33,8,48,20,7,2,14,14,44,26,2,13,23,8,27,62,54,34,13,6,32,3,35,16,12,,37,,22,,3,4,11,,18,26,30,1,42,2,21,17,32,,25,112,81,26,56,21,44,,,,9,19,31,70,27,6,43,60,18,61,29,5,17,37,17,12,11,13,24,4,3,10,8,5,3,,4,4,12,15,,24,5,12,24,2,3,,15,15,,,33,24,53,66,65,33,18,34,20,11,,,,91,96,51,81,84,8,,21,7,7,33,11,37,13,6,17,14,34,21,21,1,15,36,37,10,3,5,2,4,14,14,44,43,46,47,63,18,28,61,11,25,78,61,54,8,60,37,60,68,81,21,42,9,35,32,67,50,72,32,50,64,40,57,59,14,27,2,49,78,19,36,81,35,55,,6,10,35,24,26,26,62,74,30,13,34,12,61,16,14,19,17,12,152,45,11,38,31,23,24,,32,58,9,140,23,40,42,10,,39,9,,6,93,44,60,58,44,56,66,49,34,33,35,31,55,59,74,37,30,44,41,38,37,57,46,60,24,50,53,26,29,12,9,16,3,32,,15,4,,23,10,23,22,10,53,54,50,50,59,10,21,20,19,31,25,21,26,25,,21,17,23,17,37,44,24,29,16,15,16,13,2,13,3,58,62,43,41,31,22,43,40,50,43,70,46,,11,51,29,60,77,52,57,14,73,42,6,22,17,15,15,85,15,15,23,50,23,36,42,74,56,29,71,41,11,79,1,1,37,46,37,23,8,42,17,18,32,3,3,9,23,1,2,15,16,14,20,10,30,34,30,24,30,24,17,36,45,56,64,31,23,21,22,38,39,3,9,7,14,20,56,19,36,57,17,17,9,3,61,52,52,56,62,64,24,62,62,64,65,46,24,61,49,56,33,7,12,52,,19,8,28,7,2,44,37,8,6,4,5,19,27,10,21,31,29,24,26,38,44,43,34,57,28,22,27,51,41,45,,24,9,14,10,18,14,31,7,91,8,49,20,2,2,24,27,31,23,34,30,40,46,21,,45,17,10,5,3,71,10,8,97,,77,69,71,53,54,58,31,34,35,66,57,,85,,17,63,90,81,45,100,9,19,23,37,57,63,41,41,48,40,42,,12,69,55,3,1,11,1,,56,32,45,31,37,85,58,3,3,13,44,84,74,17,8,4,3,1,1,,3,24,24,28,27,19,22,42,37,56,57,14,8,13,20,25,44,60,47,52,40,61,17,21,19,,12,34,28,30,61,58,54,39,9,4,18,4,12,21,53,23,14,19,4,16,11,18,22,84,27,72,50,15,54,86,52,26,20,3,11,15,59,48,,63,88,54,46,55,40,7,18,17,59
20160203,6,O3_24h,52,89,62,55,69,52,65,78,52,68,77,69,,52,48,91,69,66,71,,63,69,39,69,45,88,,68,86,80,68,68,71,97,88,86,86,89,100,85,36,91,40,87,34,83,86,73,125,102,76,83,69,75,65,92,90,84,91,77,80,84,79,86,86,61,70,67,55,82,82,84,96,101,77,,70,46,71,38,,52,58,44,38,27,80,62,72,65,72,60,39,68,60,84,55,67,77,,64,51,,62,55,,103,86,75,74,60,86,93,84,95,85,139,74,86,37,73,68,101,116,52,91,110,43,81,43,,24,27,56,53,63,92,46,76,88,79,84,102,87,89,90,100,90,119,102,131,127,105,144,123,114,57,90,89,89,60,91,92,90,89,100,101,87,107,55,99,107,70,105,118,112,90,91,43,107,108,102,105,110,136,93,102,59,95,89,88,125,64,63,89,92,81,123,86,,79,119,125,95,93,95,115,132,64,99,104,93,104,97,105,106,125,102,71,89,102,105,128,93,106,66,100,115,127,106,100,103,98,113,103,,123,102,99,68,71,70,68,90,91,67,,104,,105,127,,86,88,90,115,123,91,75,95,96,,,160,95,100,91,103,81,54,96,93,112,92,105,100,116,73,78,73,41,73,88,53,28,66,91,140,115,139,120,87,127,120,113,84,79,87,63,93,,86,92,91,92,83,58,92,116,77,53,93,100,66,134,74,72,221,77,36,124,125,107,92,105,156,106,99,125,81,227,75,115,93,107,81,105,99,79,105,104,59,60,,105,73,67,73,62,72,69,79,53,45,56,39,92,49,60,65,71,67,53,62,41,47,53,62,66,56,48,45,50,52,61,35,46,43,43,44,49,50,53,62,44,58,53,51,59,58,62,47,49,54,47,52,,60,64,28,57,69,68,67,68,64,52,58,39,53,83,55,33,55,62,55,70,40,61,27,62,61,,32,25,60,86,74,95,100,91,89,,99,85,75,82,73,125,109,54,74,104,55,47,52,78,47,50,40,39,100,95,100,153,79,81,70,82,76,50,75,62,102,64,48,42,103,59,82,77,95,104,81,81,86,45,72,102,61,57,82,123,105,103,,17,17,22,25,38,22,94,64,146,86,,39,76,78,57,54,108,53,42,71,71,57,84,54,75,94,139,88,73,96,93,97,109,99,77,47,104,81,79,91,105,108,37,86,119,81,60,50,63,55,36,58,23,93,70,110,94,,77,78,77,,58,50,36,60,104,101,75,,40,79,74,101,104,100,99,74,66,,89,76,65,107,,102,,71,106,85,97,75,,109,92,80,,72,84,82,109,92,98,,76,76,76,81,74,46,54,77,44,52,52,42,46,45,50,33,49,40,43,38,41,29,40,,43,48,43,65,60,58,51,,41,66,65,66,54,47,27,39,33,35,51,23,10,38,52,29,44,92,126,171,91,65,49,81,46,53,73,80,,90,88,62,58,69,88,59,38,59,58,85,84,52,36,29,38,99,83,77,38,66,64,45,58,56,72,52,70,41,60,74,41,48,43,28,104,88,91,85,102,97,92,106,92,119,108,122,,135,86,51,53,72,77,74,65,90,82,148,104,70,88,33,85,109,77,87,35,87,89,110,55,30,72,43,71,46,103,97,112,89,80,30,83,77,74,58,74,76,62,76,50,49,52,77,122,98,73,106,83,83,105,111,105,112,84,63,82,94,112,98,78,90,81,133,90,118,89,77,92,102,109,101,120,110,75,78,25,,112,100,,71,109,102,94,,53,83,62,75,72,90,,88,80,69,65,90,84,46,82,43,32,40,68,67,66,87,51,71,80,100,79,75,59,116,21,23,47,102,510,283,247,16,22,23,20,45,32,64,82,83,,76,51,37,57,95,70,63,99,96,125,115,129,84,81,71,121,73,90,69,104,81,115,115,80,29,77,84,82,101,80,76,,106,84,90,97,99,88,43,102,48,55,57,77,77,,91,73,64,67,102,106,124,140,105,73,101,112,73,61,37,100,81,62,56,84,108,78,59,83,101,57,64,84,92,,75,,84,48,97,68,47,,91,95,102,92,155,72,72,90,91,,80,123,122,62,91,109,115,,,57,50,84,125,124,128,102,75,104,28,99,57,45,63,65,116,86,64,68,40,87,81,78,81,86,17,,44,56,58,43,,130,46,87,117,134,47,,32,74,69,,79,71,94,69,76,75,79,58,85,53,,,,96,97,77,104,96,50,92,52,59,78,84,87,105,91,118,50,62,108,70,68,47,38,81,57,68,64,89,55,65,101,54,80,63,73,83,110,85,95,81,69,80,100,84,80,74,89,60,81,79,107,70,92,59,103,99,108,80,96,64,83,112,51,76,76,82,156,45,66,106,24,73,137,136,134,,115,78,114,86,110,77,128,154,59,29,75,25,99,77,52,23,30,32,179,76,207,38,57,72,61,,59,132,40,197,24,68,88,25,128,74,45,27,37,122,69,82,62,53,69,74,56,61,60,52,59,78,62,74,37,47,53,51,52,70,74,69,104,66,87,98,97,66,45,45,53,24,96,86,88,117,102,75,65,76,66,69,82,80,75,84,83,69,138,110,78,63,53,58,65,63,,58,60,66,60,77,114,110,95,58,50,54,75,74,89,51,68,72,63,67,88,49,112,105,121,115,141,118,,106,113,127,107,119,99,114,108,113,93,94,123,120,43,94,111,61,76,101,102,55,87,80,112,110,84,119,123,68,119,119,92,92,122,97,115,108,112,104,233,92,49,34,96,88,64,87,80,66,105,84,114,99,99,133,107,126,106,123,163,57,60,69,33,114,131,84,128,125,109,137,105,114,108,129,124,396,131,115,81,82,106,73,133,53,56,65,64,51,65,74,84,73,61,32,72,63,62,49,63,72,52,,88,79,108,83,70,70,62,42,51,64,45,31,50,20,53,95,91,73,76,61,69,71,64,126,95,94,95,82,68,76,,39,79,53,27,81,80,46,20,124,19,60,29,24,30,75,120,84,83,89,59,106,88,57,,85,64,63,65,70,92,39,23,103,258,77,69,71,55,114,121,51,61,37,69,85,,112,,107,83,98,81,49,110,94,107,90,127,83,88,47,53,52,84,83,46,103,83,66,110,124,47,33,,60,86,96,61,87,90,88,27,47,14,55,85,78,64,58,79,58,84,94,76,96,72,107,100,110,101,33,71,47,64,69,82,86,98,116,88,115,97,73,69,71,71,85,73,81,,38,109,82,75,106,90,102,111,32,5,79,56,70,44,74,50,44,43,93,53,59,43,42,116,30,95,94,23,67,86,71,79,48,53,62,69,60,62,,103,92,65,60,59,80,35,40,84,65
20160203,6,O3_8h,17,60,11,2,28,11,2,37,16,30,31,9,,3,2,8,7,2,4,,6,4,,7,3,3,,,6,5,2,2,10,75,15,5,10,16,8,8,9,12,4,6,9,6,31,26,55,12,5,9,19,4,3,63,68,67,65,51,34,15,13,35,57,7,15,13,4,9,5,4,32,27,22,,6,10,14,2,,21,3,4,4,3,5,4,9,5,4,6,3,7,5,16,28,8,3,,6,6,,5,9,,6,32,23,13,18,51,34,36,55,36,94,12,30,5,26,24,66,50,10,20,40,37,37,29,,2,5,2,16,20,50,21,24,69,34,33,65,35,58,32,58,32,6,5,9,4,6,13,82,2,29,29,3,9,2,4,6,6,4,22,64,48,53,32,27,40,48,42,40,12,19,13,16,28,10,15,12,18,22,38,12,6,27,4,6,21,4,8,9,9,10,62,10,,4,18,18,46,36,18,47,8,8,40,3,28,44,36,51,54,74,56,34,32,27,16,79,5,37,9,10,11,17,30,27,31,22,27,52,,64,50,42,66,66,42,64,35,30,30,,20,,20,46,,58,57,72,76,103,62,31,50,40,,,39,52,53,26,6,5,2,5,6,4,21,14,29,32,67,73,65,34,58,79,30,14,40,33,86,71,56,86,52,52,46,62,78,41,67,36,54,,60,58,77,44,46,34,45,69,27,20,25,18,15,16,12,27,26,40,2,16,16,1,2,7,56,5,14,23,5,81,15,1,18,18,7,12,21,7,5,38,44,49,,52,47,47,60,48,44,60,60,46,37,49,34,67,44,57,57,55,54,44,53,22,39,33,52,51,45,37,34,42,43,47,30,37,32,31,33,38,44,38,51,40,53,48,44,49,50,51,40,41,48,44,46,,18,15,2,33,34,6,30,8,50,32,54,30,45,70,6,3,21,5,19,24,3,10,4,4,31,,8,2,8,8,41,33,32,33,42,,38,51,58,60,57,117,61,42,56,75,36,19,26,61,17,15,8,4,43,15,32,50,41,34,12,35,11,14,12,10,8,11,15,18,15,3,12,10,24,66,4,5,44,29,60,58,58,8,23,36,29,46,,2,2,3,4,6,6,14,10,12,16,,12,11,32,22,14,96,27,7,23,24,30,10,27,11,9,76,38,43,35,25,13,10,14,12,16,42,13,7,17,24,56,20,16,41,8,48,40,14,42,2,2,3,6,11,16,4,,5,4,38,,29,8,9,9,11,5,12,,7,10,19,42,20,64,51,22,50,,29,16,46,25,,18,,10,46,37,51,7,,8,5,5,,53,65,54,13,24,10,,72,63,71,70,61,20,22,18,20,26,17,29,30,29,34,17,32,21,24,23,28,20,34,,36,38,36,56,53,54,34,,25,64,54,62,36,26,19,15,18,12,21,13,7,27,23,8,14,57,85,110,11,9,21,48,10,8,10,17,,24,8,10,9,8,34,5,9,3,7,11,3,4,24,23,29,78,4,22,12,11,5,3,11,42,4,6,31,5,25,10,11,6,8,5,10,45,15,29,30,24,35,22,68,29,64,84,,110,27,22,18,22,30,9,8,16,20,101,57,50,56,28,42,22,24,77,22,3,3,6,25,7,9,3,7,20,26,34,44,86,9,4,24,12,7,28,25,9,14,10,10,3,40,61,89,65,16,10,2,50,12,12,19,34,5,6,20,1,15,28,15,24,25,46,9,59,3,18,23,19,33,42,58,44,29,25,18,,38,19,,64,96,88,82,,49,70,53,56,19,67,,45,45,56,57,39,31,19,27,17,12,15,32,8,19,7,18,6,16,31,33,18,24,26,6,6,26,57,40,28,19,11,6,7,9,16,26,54,71,60,,62,32,28,15,8,7,10,25,11,64,47,53,5,7,3,79,18,11,9,18,12,18,6,36,3,23,15,55,72,52,48,,19,22,4,24,96,84,38,28,27,16,15,35,7,,72,57,3,16,44,13,58,46,9,2,21,16,56,49,1,21,17,9,23,58,37,22,9,13,45,6,28,27,24,,35,,22,22,28,16,12,,23,19,33,7,54,9,20,17,50,,50,107,86,29,53,33,52,,,27,10,5,45,72,22,9,45,65,19,66,21,10,16,35,13,12,10,14,31,4,3,11,8,6,2,,5,4,13,16,,28,6,14,23,3,6,,15,16,1,,42,24,62,66,73,27,20,26,40,8,,,,78,74,38,53,81,6,5,22,11,8,26,6,34,10,8,15,23,26,28,19,3,19,24,29,6,4,7,2,11,18,17,56,49,44,54,58,22,38,70,24,34,82,77,70,27,65,47,71,75,92,39,37,14,57,35,84,52,81,30,34,67,41,43,61,31,42,1,41,51,17,48,78,11,41,,38,14,55,48,49,12,66,57,43,9,32,10,65,22,16,19,8,11,119,35,49,17,22,26,20,,31,64,7,140,21,42,55,13,,39,10,,4,96,49,49,51,41,59,69,46,30,30,36,27,58,45,56,19,34,47,44,40,42,59,46,70,32,52,53,42,33,5,3,6,3,35,17,15,24,14,24,25,42,23,19,51,64,62,67,63,25,42,42,21,24,11,19,18,14,,14,10,18,7,49,62,49,51,16,17,18,24,2,26,9,58,56,49,45,44,28,48,52,63,58,80,26,,10,30,24,63,86,65,74,37,68,53,8,32,36,13,17,88,12,27,40,75,36,52,54,43,42,22,80,63,37,81,3,3,25,50,31,27,12,43,37,29,45,12,8,10,16,9,14,19,17,31,38,36,45,49,30,36,43,25,17,37,47,57,65,31,58,65,43,71,59,35,10,14,18,21,59,48,51,60,26,20,11,4,63,66,51,54,61,60,40,54,66,61,68,52,25,67,48,49,32,20,20,51,,17,4,17,6,11,46,40,7,6,4,6,14,20,9,20,36,34,29,30,42,32,27,35,67,41,41,44,56,41,40,,23,6,8,7,17,16,26,3,97,6,51,12,2,2,30,30,26,26,31,33,43,45,19,,49,25,12,24,2,69,11,8,86,209,57,52,55,43,56,55,33,38,34,66,56,,77,,54,55,82,78,46,92,25,28,28,43,57,60,42,38,47,51,49,1,18,73,57,10,16,24,3,,52,22,41,31,42,86,69,5,5,9,51,84,76,18,9,6,7,2,1,,4,34,30,14,26,35,20,45,36,55,50,34,26,35,47,23,34,55,42,57,39,55,30,29,41,,12,32,25,36,64,58,58,44,9,4,33,7,12,26,52,23,21,17,17,22,14,23,23,84,20,63,61,16,47,68,55,12,11,4,12,16,43,54,,56,88,42,34,32,28,10,22,37,52
20160203,6,O3_8h_24h,48,83,53,49,61,41,51,72,46,59,64,55,,48,44,83,63,58,61,,56,58,32,60,39,84,,56,72,64,62,59,60,88,70,66,64,59,76,59,32,76,30,64,28,42,52,43,95,68,56,62,52,54,43,85,78,73,76,69,60,68,62,72,80,54,64,57,49,64,67,68,82,76,62,,51,36,59,32,,42,37,32,31,20,50,44,63,50,55,41,37,57,47,71,41,51,55,,55,33,,34,35,,80,70,54,60,40,67,78,66,80,58,127,54,68,28,55,53,90,103,43,75,92,41,59,30,,16,18,36,40,40,85,40,57,76,63,73,88,81,72,72,85,75,94,82,108,96,74,99,114,77,52,75,76,77,52,76,80,72,66,74,81,74,78,50,88,93,58,88,96,98,72,82,36,79,93,86,88,92,113,83,80,59,83,68,70,83,46,50,73,77,68,96,68,,59,75,97,80,74,76,94,112,55,84,84,78,88,80,89,91,100,83,60,66,88,82,119,81,86,56,87,98,110,93,89,90,82,95,90,,105,88,85,66,66,56,64,76,77,57,,93,,92,111,,73,77,84,100,105,80,69,88,85,,,109,80,88,81,83,58,47,87,77,88,82,84,87,100,69,77,73,37,67,85,51,22,56,76,131,106,125,108,72,115,107,98,78,62,74,48,76,,75,78,85,81,72,53,78,108,68,43,79,84,40,70,58,65,101,68,24,104,102,70,70,77,129,79,85,105,62,100,67,103,81,94,64,92,85,68,96,96,44,49,,57,61,57,68,48,68,62,74,47,39,49,34,81,44,57,60,65,64,48,58,35,42,45,56,60,48,46,43,45,44,53,42,45,36,40,37,38,47,41,52,40,53,48,44,53,52,56,41,45,48,44,46,,56,60,26,55,67,63,64,61,57,46,54,34,48,71,38,17,34,39,42,46,23,48,18,50,40,,19,16,50,56,58,69,78,69,66,,71,78,67,71,69,118,98,52,63,95,47,28,32,74,35,34,23,22,90,84,90,93,72,76,51,64,62,34,56,40,82,47,41,36,79,42,65,47,69,96,63,48,54,35,65,86,59,48,63,105,94,88,,9,12,16,18,25,18,87,65,98,75,,32,62,66,48,45,104,49,42,66,52,46,67,43,58,77,76,76,61,77,84,71,92,80,72,34,86,68,59,72,83,95,34,72,107,66,62,49,54,55,29,44,19,75,55,84,76,,58,59,65,,46,37,33,53,83,79,64,,33,67,60,73,87,90,89,58,52,,49,60,55,87,,79,,54,87,66,80,53,,74,78,66,,67,75,69,53,71,84,,72,67,71,77,66,35,39,59,36,45,39,36,40,39,42,29,44,34,38,34,37,26,35,,40,44,41,58,55,54,35,,27,64,58,64,48,40,24,31,26,26,41,18,8,29,44,20,28,79,111,141,80,49,42,58,40,44,58,64,,79,68,46,41,54,77,45,30,48,51,75,66,47,32,24,34,85,60,56,34,49,47,35,40,54,48,40,59,31,52,50,31,34,33,21,30,69,71,75,82,70,65,89,78,94,88,107,,129,66,40,46,62,69,62,52,43,59,134,82,57,84,30,66,89,67,82,29,69,72,84,39,24,66,38,64,37,92,85,102,87,64,26,68,59,60,50,66,63,46,61,41,38,40,61,98,79,56,81,65,75,84,97,88,104,63,54,66,79,100,84,69,84,72,120,82,108,75,72,80,90,101,93,105,96,64,67,19,,96,87,,69,103,99,90,,50,78,60,71,66,78,,80,72,59,59,78,64,37,52,36,28,35,55,51,64,61,44,56,61,83,64,59,43,61,17,18,35,91,126,84,67,18,18,18,17,34,34,58,72,71,,63,32,28,48,80,61,36,84,80,107,102,112,67,59,46,114,62,79,60,90,60,101,99,66,18,58,69,73,93,73,72,,89,66,79,82,96,85,40,80,43,42,46,64,63,,83,67,53,61,95,92,110,117,80,59,82,96,59,58,27,87,67,49,46,77,91,66,52,74,91,50,59,65,76,,58,,63,46,73,45,39,,70,71,78,73,132,55,58,74,75,,65,116,108,53,84,97,106,,,51,41,66,105,109,106,83,66,92,25,85,53,46,54,59,82,69,54,55,36,74,68,63,61,71,12,,29,42,48,36,,101,37,71,100,115,32,,28,58,58,,68,53,86,66,75,66,62,47,70,39,,,,91,92,72,96,90,44,73,46,46,69,69,68,82,75,85,36,46,80,58,59,38,35,68,46,54,52,69,35,42,77,40,66,58,62,74,94,76,86,77,65,74,95,81,74,68,86,57,76,77,98,58,68,53,88,88,97,56,91,30,67,106,43,73,70,68,89,36,61,71,21,57,113,113,113,,95,64,102,78,98,57,108,125,54,25,60,20,89,67,35,20,21,25,119,70,136,24,48,64,53,,51,103,32,197,23,62,77,20,45,64,30,27,31,117,65,81,71,53,68,72,55,57,59,54,59,76,52,70,33,43,48,46,43,66,70,66,98,56,68,83,77,54,37,35,42,18,89,76,80,104,92,66,55,69,57,58,77,76,72,81,79,61,122,96,69,55,44,51,58,54,,63,64,66,62,68,105,97,86,46,42,43,53,49,64,35,60,61,52,57,72,39,95,91,109,102,123,101,,91,96,114,90,99,80,94,96,104,87,78,108,96,36,83,101,51,66,93,89,47,68,68,99,92,73,105,107,60,105,105,82,82,108,85,99,87,98,88,78,84,42,26,87,76,55,76,67,60,97,78,106,91,91,120,96,113,92,106,163,51,57,65,31,105,113,75,114,109,95,102,96,105,100,123,118,300,125,110,81,67,92,68,87,51,54,61,60,48,58,70,75,72,56,30,69,60,57,46,61,69,51,,82,73,100,77,63,67,59,52,24,33,28,28,37,14,41,68,66,55,60,42,39,38,35,106,67,66,63,70,54,58,,32,50,32,20,60,56,40,15,110,16,56,20,16,22,68,79,70,71,74,55,84,82,37,,77,63,61,61,64,96,25,18,102,209,58,55,56,48,96,98,56,61,34,66,83,,104,,102,77,97,78,47,99,84,99,74,119,76,79,42,38,47,68,72,38,90,80,61,85,97,43,27,,52,76,86,53,74,87,84,25,44,9,53,84,76,55,44,58,44,73,73,64,74,67,78,78,94,92,29,60,44,55,58,66,70,88,100,58,82,90,68,60,57,65,72,60,78,,31,96,73,58,101,84,91,102,24,4,61,43,50,40,66,43,41,38,87,46,50,38,38,109,24,79,83,27,60,74,62,63,40,45,53,54,51,62,,73,92,54,47,48,67,30,35,76,57
20160203,6,CO,0.7,1.1,1.1,1.1,0.9,0.9,2.9,0.4,0.7,1.8,0.8,2.5,,2.994,3.258,3.066,2.892,3,4.08,,2.138,3.336,1.883,2.406,2.278,3.41,,1.77,1.701,2.493,1.547,1.686,1.532,0.722,3.005,4.163,2.997,3.064,3.477,3.062,2.96,1.734,3.189,2.679,2.861,8.698,7.805,10.546,8.49,6.426,9.65,10.016,3.687,7.667,17.119,0.767,0.668,0.352,0.632,0.506,1,1.453,1.502,1.33,0.72,3.57,2.995,3.045,2.305,6.913,6.741,5.437,2.354,2.974,2.603,,3.013,4.39,3.81,1.573,,1.533,3.608,3.86,3.621,2.801,3.125,2.604,1.714,2.143,0.884,5.979,2.872,1.616,1.378,1.549,1.32,2.269,3.162,,3.109,2.848,,2.587,3.086,,2.765,2.37,1.814,2.193,2.246,1.908,2.059,1.906,1.231,1.354,0.903,1.263,1.235,1.583,1.155,1.117,1.002,2.226,1.428,0.908,0.921,2.041,0.617,2.683,,1.382,0.692,1.494,0.903,1.669,1.969,1.574,0.559,1.374,0.951,1.057,0.765,1.076,0.908,0.93,1.164,0.674,1.986,2.509,3.348,2.05,2.042,1.794,1.4,1.642,1.781,1.497,1.94,1.766,2.586,2.099,1.622,1.433,1.343,1.508,1.088,0.871,0.378,0.469,2.491,2.012,1.778,1.312,3.357,2.434,2.821,1.783,1.815,1.85,1.597,2.243,1.984,1.936,1.975,1.263,1.923,2.012,2.136,2.21,1.273,2.184,1.726,2.497,1.973,1.955,1.936,1.85,1.608,,1.179,1.609,1.67,1.062,1.134,1.782,0.81,1.223,1.781,2.439,2.1,2.164,0.775,0.822,0.758,0.705,2.206,2.306,2.365,2.868,1.082,0.654,0.68,1.055,1.161,1.211,0.917,1.012,1.233,1.2,0.878,1.367,0.891,1.205,1.064,,0.916,1.114,0.795,0.878,1.033,1.171,0.869,0.891,0.75,1.154,,1.141,,1.284,1.427,,0.91,0.591,1.107,1.346,1.108,1.018,1.02,0.836,0.845,,,1.076,0.779,0.891,0.785,1.153,2.397,1.464,1.273,1.583,1.542,3.515,1.589,1.049,1.456,0.512,0.932,0.602,0.586,0.915,0.833,0.709,0.65,0.697,0.808,0.892,1.131,,1.164,1.132,0.701,0.756,0.81,0.937,1.561,1.122,1.059,1.347,,1.201,1.63,0.756,1.241,0.989,1.257,1.596,1.29,1.816,1.156,2.104,2.78,2.389,1.761,1.735,1.653,1.52,1.592,2.024,2.149,0.882,1.361,1.668,1.526,1.118,1.355,1.899,1.426,2.527,0.621,1.077,2.528,1.016,1.81,1.283,1.277,1.716,1.274,1.764,1.522,0.557,0.893,,0.693,0.753,0.675,0.617,0.775,0.847,0.635,1.104,1.068,0.964,1.313,0.698,1.209,0.929,1.283,1.066,1.251,1.115,1.014,0.838,0.936,0.915,0.838,0.567,0.547,0.981,0.714,0.845,0.78,0.903,1.452,0.984,1.01,0.951,0.809,0.685,0.757,1.192,1.066,0.843,0.931,0.956,0.869,0.864,1.046,1.176,0.801,0.926,0.859,1.311,1.004,1.101,,1.582,1.355,1.417,1.464,1.573,1.248,1.497,1.518,0.783,0.863,0.913,0.933,1.025,0.938,1.318,1.28,1.06,1.12,1.3,1.006,1.166,1.109,1.024,0.889,0.931,,1.535,1.415,1.211,1.122,1.153,1.39,1.447,1.32,1.532,,1.73,1.275,0.506,1.143,0.569,0.623,0.679,0.83,1.394,0.802,0.81,1.114,0.495,1.304,2.627,1.995,2.277,2.546,0.507,1.943,0.72,0.266,0.225,0.235,1.596,2.375,1.859,1.687,2.096,2.405,3.071,4.422,3.624,2.534,2.839,1.858,2.14,2.631,1.36,1.538,1.26,2.993,2.688,2.591,1.396,2.561,0.776,3.542,2.423,1.481,2.236,2.178,,4.998,7.274,3.294,1.634,4.002,2.29,1.257,2.429,2.273,2.645,,1.318,1.229,1.19,1.16,1.19,0.586,0.931,1.583,1.748,1.114,2.031,2.367,1.171,1.745,3.061,1.483,0.74,0.437,0.764,0.891,1.378,2.231,0.919,1.68,2.493,1.897,3.143,2.281,1.427,1.892,1.186,1.896,3.044,2.689,1.781,0.572,0.606,0.649,0.552,1.985,2.441,2.85,3.029,3.211,3.068,4.657,,4.405,3.42,2.255,,2.066,3.236,3.569,3.319,1.313,1.984,2.903,,4.575,2.569,9.761,1.365,1.652,1.705,1.614,1.486,1.149,,0.916,1.691,1.43,1.677,,2.044,,3.057,1.463,1.697,1.228,1.902,,2.543,3.061,1.792,,0.711,1.01,1.277,2.116,2.266,2.06,,1.342,1.251,0.674,0.798,1.23,0.81,0.901,1.055,0.913,0.972,1.139,1.279,1.072,0.934,1.058,1.112,0.683,0.8,1.051,1.057,0.884,1.112,1.066,,1.245,1.258,1.204,0.904,0.804,0.754,0.858,,0.891,0.854,1.027,0.725,0.9,0.901,0.87,0.955,0.816,0.884,0.951,1.813,,0.946,1.648,1.79,1.86,1.715,1.634,1.474,3.507,2.904,2.348,1.625,2.531,3.107,5.672,7.051,,4.412,5.057,5.149,8.757,1.936,3.921,3.725,5.576,4.424,1.832,4.229,3.271,0.925,0.433,2.192,0.85,0.1,3.352,1.26,1.458,1.664,2.3,2.57,1.555,0.252,3.866,3.587,1.332,2.973,2.002,4.478,1.615,3.994,5.294,3.154,1.286,3.018,1.477,1.416,2.086,1.232,1.118,1.759,0.677,1.444,1.2,0.925,,0.772,0.762,1.47,1.063,0.697,1.353,2.293,1.748,1.488,1.93,1.03,0.728,0.543,0.832,0.869,0.862,1.232,1.205,1.666,0.92,2.665,1.491,2.989,2.287,3.991,1.786,0.509,0.512,1.765,1.775,0.765,1.766,0.488,2.907,2.312,4.667,3.163,3.5,2.039,1.786,5.827,7.499,3.323,6.346,3.956,2.093,0.899,1.286,1.815,3.662,3.919,2.345,1.917,1.582,1.708,2.247,1.677,2.268,3.428,3.814,1.86,1.042,1.129,0.879,1.202,1.053,2.069,2.632,1.575,1.276,0.96,1.404,1.264,1.012,1.074,1.28,1.644,0.467,1.829,1.333,,1.518,0.745,0.679,1.117,1.106,1.186,1.434,,1.443,1.038,1.404,0.971,1.006,0.824,,1.08,0.949,0.923,0.824,2.299,1.371,1.152,1.142,1.665,1.544,1.161,1.854,1.359,1.101,2.438,1.452,1.49,0.887,0.838,0.861,,0.783,1.265,1.148,1.169,1.594,1.285,1.783,1.268,1.548,,1.584,1.076,1.023,1.231,1.314,0.894,0.402,0.937,,1.032,1.058,1.4,2.365,2.596,2.272,3.395,1.247,1.971,1.322,0.795,1.664,1.303,1.303,2.188,1.22,1.254,2.828,2.256,1.681,2.779,1.969,2.586,1.671,1.863,2.648,1.81,1.113,0.234,1.865,0.382,,3.821,2.194,1.756,0.497,1.391,2.283,1.808,1.071,1.442,1.758,1.764,1.214,2.409,,1.066,1.147,5.147,2.031,1.598,1.812,1.839,1.701,4.481,3.036,3.392,2.071,1.62,2.654,2.223,2.269,2.102,2.415,1.146,0.755,1.306,1.79,1.578,3.274,1.181,1.512,0.627,0.898,1.131,,1.017,0.905,1.134,,0.619,0.957,1.266,,1.401,1.319,1.253,1.738,1.875,1.652,1.795,0.795,0.899,,0.855,0.95,0.82,0.837,0.96,1.307,1.11,,,3.683,2.632,1.143,1.363,0.497,1.532,1.971,1.246,1.178,1.021,1.719,0.825,0.753,0.878,5.25,2.709,4.198,6.629,2.289,3.602,2.327,2.694,3.159,1.905,2.39,2.209,,1.916,2.917,5.323,5.067,,6.266,4.336,3.876,2.34,3.363,3.287,,5.224,2.709,3.408,,0.802,0.831,0.661,0.226,1.246,0.602,1.475,0.54,1.074,2.246,,,,0.603,0.151,1.384,1,0.303,2.852,1.31,1.022,1.226,1.354,1.3,1.56,1.449,1.705,1.525,1.109,2.088,0.975,3.589,2.575,5.005,2.82,0.64,0.767,0.483,2.316,1.983,2.288,3.701,1.609,1.881,0.879,0.908,0.274,0.304,1.102,1.314,0.857,2.135,0.624,3.476,2.008,1.904,0.326,4.145,0.307,1.39,1.077,0.789,0.676,,0.632,0.656,2.249,1.86,1.279,1.026,1.054,2.012,0.546,1.74,0.408,0.352,0.283,1.375,1.104,1.281,0.506,1.142,1.387,1.274,1.217,0.984,0.995,,1.401,2.542,1.167,1.43,1.011,1.452,1.389,1.08,1.977,1.414,1.006,1.552,1.137,1.327,0.7,1.05,,0.616,0.178,0.392,0.206,1.622,1.376,1.588,1.366,,0.744,1.27,2.241,2.428,0.32,0.966,1.191,0.872,1.081,1.266,0.872,1.089,0.747,0.719,0.509,0.645,0.657,0.41,0.721,,0.562,1.059,0.757,0.895,0.718,0.676,0.931,0.314,0.866,0.878,1.012,0.981,0.879,0.801,0.663,0.724,0.012,0.958,0.542,0.754,0.686,1.373,1.853,1.668,1.38,2.224,1.487,1.127,1.966,2.32,2.434,0.857,0.947,0.776,0.989,0.938,1.357,1.431,1.422,0.738,1.095,1.263,1.635,1.019,1.163,1.372,1.503,0.92,1.517,1.55,,1.784,2.34,1.567,2.476,1.724,0.291,0.942,0.306,5.458,3.227,2.187,1.294,5.742,2.65,3.931,2.165,3.032,2.304,2.027,1.918,1.648,1.621,1.347,1.418,1.997,1.064,1.671,,1.764,1.566,1.612,0.8,0.62,0.615,1.41,1.852,1.066,1.127,1.365,2.546,1.869,1.703,1.781,1.319,1.188,1.455,0.658,1.391,1.514,1.207,0.791,1.497,1.526,1.895,1.195,1.323,1.153,0.751,3.43,2.314,1.904,1.168,1.089,0.923,1.092,0.807,1.958,1.222,1.479,0.228,0.628,1.238,1.618,1.878,2.194,1.461,1.577,1.035,1.628,1.333,1.196,1.423,1.236,2.431,1.141,2.228,1.653,1.878,0.692,1.08,0.824,1.581,0.784,0.985,1.135,1.178,1.084,1.259,0.909,0.981,0.933,1.249,0.666,1.514,1.613,0.032,1.649,0.005,,0.481,0.754,0.701,2.204,0.614,0.983,0.793,0.887,1.541,1.279,1.294,1.122,1.24,1.575,0.495,1.379,1.504,1.539,0.704,0.832,1.112,,1.534,1.696,1.695,1.465,1.16,1.264,1.24,1.734,1.406,1.948,2.151,1.575,1.071,2.507,1.582,1.064,1.148,1.284,0.916,1.468,1.585,1.46,1.416,1.135,1.198,1.105,0.806,1.14,1.16,1.378,,1.297,1.217,1.25,1.512,1.121,1.359,0.898,2.006,1.224,1.199,1.182,1.273,2.718,1.417,1.123,1.252,1.276,1.125,1.134,0.67,0.765,0.784,0.768,,1.399,1.905,1.835,2.199,2.184,1.211,1.209,0.737,1.181,0.943,1.097,0.997,0.779,1.137,0.789,0.942,1.707,1.603,1.312,1.096,0.411,,0.543,,,1.049,1.101,1.083,0.383,0.514,1.001,0.393,0.541,1.291,0.654,0.702,0.965,0.736,0.678,0.282,1.225,0.867,0.123,0.268,0.52,1.875,0.624,0.595,0.722,,0.699,0.234,1.251,0.727,0.988,,,1.487,2.922,0.41,0.643,0.254,0.723,2.88,3.342,2.985,3.874,4.098,2.486,2.085,2.444,,1.87,1.186,2.926,2.137,0.969,0.657,0.814,1.527,1.345,2.455,1.871,1.99,2.797,3.669,1.621,0.522,0.435,2.626,1.831,1.333,2.1,1.671,1.136,,1.941,2.795,1.832,1.589,1.144,0.572,0.417,0.608,1.504,0.894,1.981,1.403,2.174,0.625,1.196,0.586,2.485,1.38,2.009,1.409,2.684,1.863,0.94,0.487,2.375,2.055,1.494,2.387,2.374,0.805,1.259,2.703,1.896,2.42,4.25,5.611,2.438,2.116,,0.303,1.062,0.928,1.338,2.369,2.712,2.147,0.642,2.531,1.197
20160203,6,CO_24h,1.075,0.45,0.917,1.1,0.858,1.054,1.596,0.767,0.767,0.771,0.992,1.746,,1.553,1.839,1.905,1.418,1.668,2.62,,1.262,2.133,1.166,1.583,1.021,1.876,,1.394,1.66,1.686,1.364,1.53,1.042,0.674,2.032,2.571,1.929,2.172,2.216,2.284,2.322,3.198,2.155,1.503,1.914,5.12,6.218,6.063,6.152,4.038,4.658,3.717,3.146,4.125,5.969,0.639,0.702,0.404,0.626,0.513,1.04,1.236,1.508,0.995,0.64,1.883,1.455,1.495,1.505,3.609,4.448,2.929,2.51,2.733,2.831,,2.641,4.215,2.732,1.674,,1.464,2.604,2.974,3.613,3.209,3.122,3.108,1.757,2.111,1.045,4.149,2.271,1.758,1.734,1.417,1.191,1.918,1.822,,1.837,2.189,,1.896,1.737,,1.642,1.031,1.096,1.713,1.564,1.382,1.514,1.568,0.918,1.135,0.581,1.266,1.298,1.504,1.23,1.278,0.956,1.767,1.481,1.288,1.032,1.357,0.908,3.456,,1.923,0.795,1.522,1.233,2.088,1.989,1.03,0.926,1.544,1.306,1.318,1.066,1.287,1.292,1.252,1.641,1.035,1.865,1.568,2.823,1.734,2.005,1.722,1.569,1.355,1.773,1.329,1.62,1.564,1.908,1.693,1.305,1.668,1.625,1.683,1.208,1.063,0.81,0.939,1.816,1.502,1.187,1.32,1.859,2.11,1.726,1.725,1.99,2.217,1.516,1.959,1.435,1.597,1.842,1.333,1.532,2.052,1.923,2.582,1.68,1.889,1.955,1.869,1.469,2.063,1.491,1.478,1.471,,1.215,1.215,1.431,1.496,1.7,2.059,1.174,1.341,1.694,1.392,2.324,1.458,0.971,1.032,1.052,0.91,2.278,2.254,2.334,2.688,0.928,0.669,0.755,0.973,1.234,1.306,1.041,1.077,1.155,1.293,0.946,1.232,0.902,1.063,1.006,,0.86,1.047,0.787,0.95,1.128,1.311,1.064,0.964,0.793,1.141,,1.169,,1.081,1.267,,1.053,0.656,1.036,1.31,1.094,1.012,0.975,0.885,1.436,,,1.036,0.919,0.961,0.876,1.198,1.451,1.124,1.008,1.444,1.392,2.286,1.528,1.048,1.397,0.472,0.756,0.548,0.642,0.91,0.795,0.764,0.759,0.763,1.068,0.839,1.013,0.556,1.217,0.928,0.91,0.827,1.103,1.011,1.877,1.168,1.384,1.368,,1.353,1.651,0.76,1.473,1.123,1.312,1.514,1.386,1.851,1.091,1.567,1.863,2.039,1.666,1.427,1.431,1.511,1.472,2.019,1.877,1.095,1.431,1.695,1.457,1.523,1.516,1.877,1.506,2.284,0.905,1.046,2.002,1.075,1.458,1.408,1.396,1.73,1.239,1.564,1.344,0.683,1.005,,0.743,0.81,0.728,0.712,0.92,0.842,0.734,1.197,1.082,0.988,1.301,0.743,1.15,0.994,1.3,1.018,1.24,1.092,1.007,0.857,0.918,0.92,0.877,0.707,0.704,1.082,0.94,0.97,0.845,1.004,1.294,1.091,1.046,0.949,0.811,0.798,0.96,1.233,1.198,0.885,0.976,1.005,0.9,0.91,1.088,1.021,0.901,1.014,0.859,1.278,1.104,1.114,,1.279,1.063,1.302,1.286,1.384,1.095,1.365,1.385,0.985,0.882,1.342,1.05,1.415,1.055,1.416,1.453,1.314,1.387,1.36,1.013,1.37,1.408,1.251,1.011,1.067,,1.639,1.585,1.379,1.006,1.295,1.435,1.571,1.35,1.625,,1.924,1.269,0.701,1.493,0.78,0.915,1.049,1.204,1.321,1.05,1.11,1.364,0.931,1.31,2.335,1.643,2.041,2.188,1.222,1.438,0.679,0.357,0.382,0.368,1.482,2.44,1.744,1.872,1.196,2.724,1.618,3.844,3.536,2.04,1.949,2.123,2.243,2.839,1.86,1.433,1.705,2.197,2.144,2.43,1.81,2.191,0.984,2.617,1.871,1.941,1.355,2.096,,3.098,4.765,3.974,2.195,3.087,2.188,1.185,1.309,1.637,1.495,,1.451,1.344,1.256,1.398,1.247,0.727,0.998,1.416,1.744,1.529,2.117,2.478,1.521,1.984,3.071,1.514,0.986,0.47,0.662,1.053,1.743,1.813,1.184,1.331,2.234,1.72,2.292,1.917,1.303,1.468,0.876,1.645,2.716,2.127,2.107,0.699,0.798,0.864,0.678,1.935,2.489,2.961,2.017,1.874,1.994,2.801,,3.591,3.332,2.277,,2.299,2.925,3.314,3.087,1.4,2.169,2.254,,3.522,1.848,2.442,1.12,1.326,1.587,1.511,1.264,1.049,,0.986,1.49,1.805,2.067,,1.998,,1.72,1.615,1.725,1.555,1.922,,2.898,2.571,1.602,,0.823,1.046,1.292,1.289,1.197,1.286,,1.419,1.304,0.817,0.832,1.34,0.924,1.068,1.077,0.974,0.907,1.082,1.021,1.133,0.97,1.077,1.094,0.72,0.869,1.122,1.116,0.874,1.107,1.155,,1.313,1.236,1.199,1.018,0.93,0.901,1.002,,1.272,0.972,1.138,0.832,1.001,1.082,0.96,1.092,0.883,0.97,1.011,1.868,,0.925,1.321,1.881,1.666,1.624,1.76,1.797,2.88,2.747,2.301,1.581,2.229,2.897,5.063,5.422,,3.302,3.883,4.862,7.923,2.03,4.443,3.638,5.209,3.131,1.304,2.252,2.374,0.78,0.348,2.831,0.789,0.379,2.896,1.762,2.151,2.068,2.497,2.511,2.347,0.946,4.065,3.998,1.349,3.101,1.947,3.618,2.742,2.47,2.621,3.856,3.015,2.914,1.38,1.492,2.134,1.19,1.563,1.64,0.798,2.094,1.586,0.997,,0.733,0.667,1.339,0.714,0.884,0.739,2.124,1.869,1.692,2.221,0.998,0.829,0.752,0.76,1.142,0.779,1.329,1.275,1.755,1.122,2.699,1.393,1.755,2.261,2.62,1.924,0.868,0.918,0.679,1.388,0.729,1.564,0.495,2.524,2.172,2.908,3.177,2.67,1.899,1.714,4.22,6.765,2.639,4.062,4.648,2.079,1.704,1.506,1.866,2.21,3.119,1.388,1.659,1.519,1.737,2.228,1.189,2.131,3.058,3.536,1.292,1.11,1.42,0.936,1.332,1.253,1.721,2.098,1.528,1.348,0.773,1.413,1.525,1.025,0.974,1.335,1.564,0.811,1.38,0.911,,1.573,1.243,0.635,0.882,1.018,1.06,1.292,,1.47,1.114,1.411,1.19,1.355,1.461,,1.379,1.265,1.088,0.894,2.452,1.509,1.255,1.2,1.67,1.465,1.231,1.735,1.324,1.188,2.683,1.688,1.479,1.089,0.912,0.992,0.918,0.876,1.36,1.326,1.221,1.721,1.262,1.868,1.337,1.6,0.783,1.883,1.213,1.196,1.424,1.469,1.107,0.614,0.978,,1.246,1.326,1.603,1.802,2.499,1.83,2.04,1.342,2.391,1.54,0.92,1.615,1.332,1.496,2.092,1.14,1.19,2.171,1.836,1.349,2.124,1.826,1.724,0.965,1.957,2.21,1.553,1.207,1.182,2.16,0.32,,2.018,1.5,1.394,0.858,1.21,2.063,1.702,1.054,1.492,1.646,1.431,1.044,2.167,,1.1,1.115,3.261,1.436,1.3,1.71,1.701,1.771,2.946,1.988,2.475,1.686,1.52,1.811,2.189,2.137,1.989,2.335,1.001,0.825,1.637,1.78,1.564,2.24,1.367,1.046,0.944,1.354,1.338,,1.318,1.345,1.552,1.704,1.047,1.294,1.26,,1.459,1.496,1.341,1.758,1.778,1.283,1.749,0.921,0.95,,1.167,0.999,0.921,0.973,0.955,1.338,1.143,,,1.137,1.321,1.15,1.369,0.638,1.391,1.913,1.498,1.405,1.159,1.896,0.822,0.908,0.93,2.363,1.775,2.714,3.73,1.746,2.065,1.926,1.625,2.098,1.655,2.074,2.59,,2.029,2.79,4.824,3.572,,4.511,3.513,4.072,2.343,3.406,3.287,,4.361,4.034,2.743,,0.964,1.239,0.888,0.301,0.794,0.552,2.124,0.747,0.872,1.319,,,,0.665,0.187,1.548,1.813,0.466,3.209,0.697,0.838,0.801,1.183,1.274,1.736,1.295,1.696,1.829,1.338,1.8,0.849,3.378,2.419,4.621,2.088,1.139,1.024,1.224,2.509,2.075,1.596,2.94,1.555,1.727,1.744,0.587,0.691,0.623,1.249,1.281,0.988,1.605,0.497,1.986,1.531,1.388,0.586,2.855,0.5,1.194,0.957,0.838,0.636,,0.93,0.367,1.677,1.568,1.116,1.043,0.819,0.966,1.07,0.939,0.738,0.412,0.279,1.404,1.023,1.208,0.636,1.459,1.776,1.431,1.424,1.312,1.294,,1.318,2.543,1.291,1.552,1.06,1.992,1.44,1.735,2.322,1.648,1.159,1.607,1.515,1.588,0.832,1.122,1.184,0.652,0.21,0.594,0.233,1.564,1.398,1.62,1.738,,0.997,1.512,2.044,2.268,0.351,0.84,1.114,0.967,1.228,1.434,1.056,1.242,0.888,0.977,0.76,0.891,0.815,0.491,0.772,0.09,0.64,1.167,0.848,1.062,0.839,0.656,1.136,0.516,1.158,0.859,1.042,1.037,0.882,0.724,0.697,0.667,0.022,0.947,0.57,0.776,0.817,1.504,2.279,1.839,1.733,2.176,1.035,0.74,1.803,1.384,1.774,0.903,0.972,0.816,0.849,0.899,1.316,1.267,1.377,0.713,1.025,0.847,1.012,0.912,0.99,1.268,1.315,0.701,1.287,1.251,,1.748,2.225,1.503,2.308,1.527,0.289,0.703,0.648,4.098,2.708,1.889,1.744,5.209,2.672,3.623,2.413,3.346,2.575,2.316,1.901,1.628,1.553,1.43,1.547,2.192,1.192,2.187,,2.022,2.208,2.289,1.062,0.898,1.002,1.559,1.2,1.263,1.344,1.519,2.519,2.058,1.742,1.807,1.253,1.304,1.304,0.65,1.2,1.451,1.131,0.771,1.833,1.721,1.947,1.168,0.992,1.088,0.889,3.015,1.777,2.199,1.318,1.143,1.161,1.291,1.004,1.415,1.356,1.741,0.268,0.644,1.107,1.663,1.455,1.469,1.474,1.556,1.018,1.235,1.137,1.126,1.169,1.199,2.014,1.138,2.165,1.641,1.974,0.89,1.042,0.732,1.535,0.882,0.874,1.045,1.227,1.087,1.213,0.727,0.909,0.76,1.271,0.695,1.587,1.822,0.048,1.333,0.047,0.191,0.589,0.702,0.685,2.643,0.606,1.106,0.825,0.957,1.566,1.334,1.351,1.053,1.283,1.76,0.601,1.335,1.54,1.53,0.672,0.733,1.06,,1.426,1.744,1.597,1.675,1.528,1.192,1.124,1.502,1.361,1.761,2.108,1.952,1.211,2.32,1.104,1.295,1.306,1.397,1.099,1.536,1.721,1.791,1.543,1.086,1.396,1.223,0.978,1.182,1.279,1.524,,1.317,1.515,1.71,1.979,1.504,1.839,1.026,1.997,1.38,1.278,1.22,1.452,2.858,1.465,1.071,1.204,1.381,1.17,1.205,0.853,0.82,0.906,1.13,,1.421,1.767,1.635,1.735,2.22,1.26,1.449,0.781,1.253,0.987,1.614,1.322,1.145,1.424,1.233,0.889,1.809,1.529,1.495,1.267,0.523,,0.581,,0.296,1.053,1.377,1.222,0.614,0.509,1.445,0.412,0.528,1.121,0.772,0.877,1.266,0.793,1.006,0.498,1.354,1.028,0.234,0.434,0.725,2.013,1.098,0.434,0.781,,1.058,1.193,2.029,0.732,1.022,0.039,0.054,1.427,2.155,0.569,0.571,0.232,0.724,2.379,2.877,2.558,3.563,4.005,2.69,2.918,2.806,0.043,1.997,1.221,3.258,1.957,1.241,0.838,0.732,1.853,1.715,2.337,0.933,1.377,1.612,2.022,1.768,1.076,0.699,2.607,1.85,1.438,1.693,1.642,0.546,,1.88,2.711,1.364,1.825,0.899,0.618,0.643,0.798,1.354,1.145,0.688,1.082,1.596,0.7,1.488,0.743,2.019,1.248,1.218,1.588,2.291,1.579,0.873,0.491,2.838,3.034,1.602,2.274,1.038,1.133,1.426,2.915,2.283,2.147,1.955,2.221,2.961,1.717,,0.766,1.187,0.907,1.84,3.33,2.414,2.088,0.781,1.743,1.306
20160203,7,AQI,26,52,36,34,36,36,53,16,23,77,34,54,,195,182,149,142,147,207,,133,134,169,183,134,176,,127,97,98,79,114,120,65,218,190,169,210,216,236,99,92,125,103,85,193,277,315,192,452,500,440,379,409,500,50,42,39,54,55,35,72,43,69,47,186,114,85,77,243,296,193,238,228,204,,114,108,120,64,,50,125,145,56,58,61,89,68,89,149,127,112,72,80,54,118,160,143,,209,247,,243,220,,218,112,95,72,89,55,69,68,60,82,53,137,149,129,118,124,89,107,112,90,102,109,118,114,,137,155,140,156,98,119,139,102,107,82,97,69,115,83,72,68,82,159,160,180,160,165,162,185,168,134,190,208,162,158,182,173,130,100,223,60,70,45,63,208,219,224,189,127,172,176,189,160,145,133,168,180,217,169,159,210,,168,166,142,179,163,218,224,220,233,202,212,,218,163,205,89,75,138,113,169,260,198,179,186,124,65,92,52,247,291,264,261,108,74,54,99,92,107,105,103,113,115,70,148,156,155,134,,125,138,137,78,85,74,80,114,109,82,,98,,193,169,,94,117,103,119,115,123,103,78,83,,,98,74,93,73,124,74,125,139,140,160,172,127,130,122,40,43,38,49,36,42,18,36,29,103,99,87,130,115,122,38,94,122,159,180,143,148,163,,144,166,80,108,98,95,99,123,115,129,124,147,148,134,135,172,158,139,112,117,113,158,156,147,134,179,124,173,172,114,92,110,73,140,58,124,133,100,90,89,50,48,,46,42,48,54,47,53,50,50,57,57,50,58,43,54,55,36,52,45,52,50,51,46,55,43,48,43,57,54,50,62,73,33,46,55,36,41,55,37,23,55,57,54,40,50,54,52,57,49,48,50,70,55,,118,142,117,132,125,95,107,97,27,23,33,33,29,64,85,80,70,67,83,55,67,75,77,82,62,,85,,63,88,107,95,100,92,89,,90,57,89,93,104,83,70,67,98,90,92,64,45,34,78,69,89,65,68,60,67,55,56,45,148,69,75,103,132,119,266,84,140,83,228,85,66,120,109,90,78,95,113,128,129,134,47,142,135,79,110,124,,390,465,248,500,307,,84,107,95,99,,153,128,75,124,149,58,72,225,109,64,67,67,57,68,110,62,65,51,52,52,85,117,159,130,83,112,200,144,150,107,59,140,79,115,85,28,26,28,23,185,168,134,249,302,261,248,,299,256,217,,205,212,232,239,228,156,229,,225,201,305,204,275,305,198,97,78,,58,95,159,128,,124,,251,170,189,132,211,,224,180,144,,64,77,70,243,217,196,,67,69,74,69,79,29,29,30,28,29,48,38,39,38,29,40,39,24,36,46,39,42,35,,46,32,38,65,64,65,59,,45,62,59,68,26,30,30,33,38,35,33,46,36,53,57,63,68,172,158,156,67,61,57,52,77,83,124,172,,137,180,104,233,110,59,88,137,65,67,137,110,81,59,59,24,22,262,64,72,74,109,119,70,55,115,79,93,124,67,172,82,200,225,119,54,117,214,105,198,122,104,98,58,125,109,74,,57,64,73,86,73,132,132,90,162,160,78,97,57,59,69,52,94,127,102,110,132,120,108,105,159,88,63,107,82,105,78,158,28,150,97,126,163,143,102,82,180,163,138,178,159,100,81,120,139,68,67,112,88,139,135,110,165,75,94,103,83,159,150,218,134,143,94,100,114,103,117,107,89,135,104,108,94,153,142,123,,119,58,73,149,138,153,138,,90,85,114,84,78,83,,83,95,16,17,107,108,114,123,168,190,198,180,162,124,77,84,61,77,88,119,97,120,127,108,125,119,67,117,130,88,97,118,113,120,134,119,75,79,79,,68,54,48,163,119,95,368,77,97,72,88,51,54,55,84,182,132,151,186,163,39,210,199,105,88,98,74,78,67,82,98,,156,202,118,51,84,149,166,180,117,166,158,171,166,,148,147,230,117,127,143,97,98,211,192,105,159,102,74,118,107,129,142,95,77,93,83,68,66,122,170,99,65,75,,63,114,113,78,67,82,120,,144,147,143,129,133,165,162,117,119,,,74,73,82,71,104,92,,,119,93,70,114,69,93,113,139,138,124,112,68,57,55,125,97,98,139,104,92,130,166,213,85,87,57,,79,87,209,212,,268,148,65,59,79,51,,87,125,127,,48,45,52,28,45,70,100,64,68,108,,,,29,31,62,39,43,168,165,87,168,130,75,79,78,93,139,104,127,105,112,52,104,98,102,84,93,118,132,118,162,125,102,59,69,20,33,147,135,33,33,65,113,34,27,69,118,25,103,94,117,74,55,70,22,110,92,70,125,73,123,87,107,29,36,19,105,118,88,16,105,86,128,144,168,152,,206,169,173,69,84,112,128,124,84,93,83,119,78,95,134,118,89,115,82,87,58,222,204,214,78,,63,100,145,133,78,68,70,73,100,80,64,82,62,62,59,99,29,30,42,46,20,36,38,39,33,18,35,29,32,35,28,30,33,45,57,52,48,83,74,79,77,78,125,109,100,114,112,78,89,88,74,57,82,92,88,59,64,84,95,60,107,89,89,92,79,107,127,92,88,118,,60,59,60,63,68,87,97,79,104,97,78,162,158,168,165,127,142,143,175,82,105,122,148,94,97,95,115,,142,102,117,144,122,137,92,93,87,90,103,113,113,97,122,33,77,112,58,125,179,137,110,107,124,155,123,120,155,113,108,123,117,134,102,97,96,79,120,98,67,88,89,77,95,117,113,129,125,110,156,122,119,147,100,77,103,90,107,92,71,128,115,127,78,80,75,79,82,75,72,80,68,122,89,115,77,92,112,59,78,88,59,50,77,63,89,83,75,100,93,93,82,63,78,84,35,47,50,83,99,94,,105,119,117,60,47,94,99,127,158,150,183,112,92,79,94,82,120,92,84,108,90,89,99,105,74,104,65,65,77,69,,68,93,105,109,98,104,108,95,145,104,73,118,127,73,67,90,95,107,119,18,40,26,42,,59,114,113,115,129,38,53,55,49,59,45,54,62,53,50,52,74,82,38,54,77,,63,,56,43,28,39,46,42,49,50,58,51,33,32,22,33,40,43,23,54,65,70,29,51,58,50,46,,20,20,15,230,494,26,17,23,104,6,34,26,24,216,205,224,198,72,78,89,69,103,134,114,59,59,82,68,49,35,45,88,57,100,91,73,108,103,114,103,172,123,60,90,77,,112,80,70,70,108,112,42,46,47,33,206,179,168,80,102,108,104,113,95,115,123,92,64,33,188,395,67,97,60,68,83,89,139,113,123,135,63,70,,26,28,19,125,211,353,72,35,122,50
20160203,7,PM2.5,18,36,16,14,24,21,37,11,16,,23,38,,146,137,114,108,112,157,,101,102,128,138,102,133,,96,72,65,54,86,91,34,168,143,128,160,166,186,74,68,95,76,61,145,227,265,144,428,569,410,329,363,585,20,17,15,21,39,24,52,30,46,20,140,86,63,56,193,246,145,188,178,154,,86,81,91,42,,35,95,111,34,34,40,50,49,66,114,96,84,52,59,38,89,122,109,,159,197,,193,170,,168,84,71,47,66,35,50,35,43,60,37,104,114,98,89,94,66,80,84,67,76,82,89,86,,104,118,107,119,73,90,106,76,80,60,72,50,87,61,52,49,60,121,122,136,122,125,123,139,127,102,143,158,123,120,137,131,99,75,173,37,51,31,45,158,169,174,142,96,130,133,142,122,111,101,127,136,167,128,121,160,,127,126,108,135,124,168,174,170,183,152,162,,168,124,155,66,54,105,85,128,210,148,135,140,94,47,68,28,197,241,214,211,81,54,38,74,68,80,79,77,85,87,51,113,119,118,102,,95,105,104,57,63,54,59,86,82,60,,73,,145,128,,70,88,77,90,87,93,77,57,61,,,73,54,69,53,94,54,95,106,107,122,130,96,99,92,28,30,26,34,25,29,12,23,16,77,74,64,99,87,92,4,70,92,121,136,109,113,124,,110,126,59,81,73,71,74,93,87,98,94,112,113,102,103,130,120,106,84,88,85,120,119,112,102,135,94,131,130,86,68,83,53,107,41,94,101,75,67,66,35,33,,32,29,33,38,30,37,35,32,40,40,35,41,24,38,39,25,36,31,36,35,28,32,35,30,33,30,40,38,35,44,53,23,32,39,23,20,39,14,11,39,40,38,28,35,38,36,40,34,33,35,51,39,,89,108,88,100,95,71,80,72,16,16,23,23,16,46,63,59,51,48,61,39,48,55,56,60,44,,63,,45,65,80,71,75,68,66,,67,30,66,69,78,61,51,48,73,67,68,46,29,20,57,50,66,46,31,16,21,10,12,13,113,48,44,77,100,90,216,53,107,60,178,,47,79,82,67,57,71,85,97,98,102,31,108,103,58,83,94,,309,447,198,354,257,,62,79,71,74,,117,97,55,94,114,38,52,115,82,46,48,46,30,49,83,41,47,27,28,34,63,88,121,99,61,84,150,110,115,80,42,107,58,87,63,19,18,19,16,139,127,102,199,252,211,198,,249,206,167,,155,162,182,189,178,119,179,,175,151,255,154,225,255,148,72,54,,41,71,121,97,,94,,201,129,142,100,161,,174,136,110,,46,56,51,193,167,147,,48,50,54,50,58,20,20,21,19,20,32,26,27,26,20,28,27,15,25,32,27,29,22,,32,22,26,47,46,47,42,,31,44,42,49,18,21,21,23,26,24,23,32,25,37,40,45,49,130,120,119,42,40,35,36,56,61,94,130,,104,136,78,183,83,34,65,104,47,48,89,65,57,32,33,14,6,212,46,52,54,82,90,51,39,87,51,63,94,39,130,60,150,175,90,38,88,164,79,148,92,78,73,41,95,82,54,,40,46,53,56,53,100,100,66,123,122,57,72,34,42,50,35,70,96,76,83,100,91,81,79,121,65,45,80,60,79,57,120,6,115,72,85,124,109,76,60,136,124,105,134,121,75,58,91,106,49,48,84,65,106,103,83,125,55,66,77,61,121,115,168,102,109,70,75,86,77,88,80,66,103,78,81,70,117,108,93,,90,41,53,114,105,117,105,,67,63,86,62,57,61,,61,71,3,4,80,81,86,93,127,143,148,136,123,94,56,62,43,56,65,90,72,91,96,81,95,90,47,88,99,65,72,89,85,91,102,90,55,58,58,,49,34,33,124,15,24,318,56,72,52,65,33,37,39,62,137,100,76,140,124,,160,149,79,65,73,54,57,43,49,36,,119,152,67,31,46,114,126,136,88,62,55,53,126,,113,112,180,88,96,109,72,73,161,144,,121,76,49,89,80,98,108,71,56,69,61,49,45,92,129,74,45,55,,45,86,85,,48,60,91,,110,112,109,98,101,125,123,88,90,,,54,53,60,51,78,68,,,90,69,45,86,50,69,85,106,105,94,84,49,32,36,95,46,73,64,77,68,99,126,163,63,64,40,,58,64,159,162,,218,113,47,42,58,23,,62,95,96,,21,26,33,19,24,51,75,46,49,81,,,,12,3,44,27,30,127,125,64,127,99,55,48,57,69,106,78,96,79,84,36,78,73,76,62,69,89,100,89,123,95,76,42,50,14,23,112,103,23,22,47,85,22,16,42,89,17,77,70,88,54,37,51,15,47,45,51,95,46,93,64,80,20,25,,77,89,65,10,79,9,97,110,127,116,,156,128,131,30,62,84,97,94,62,69,61,74,57,71,102,89,66,87,60,64,23,172,154,164,57,,45,75,111,101,57,49,51,53,75,59,46,60,44,41,37,74,20,21,29,32,13,25,26,27,23,5,24,20,22,24,19,21,23,31,40,36,33,61,54,58,56,57,95,82,75,86,84,57,66,65,54,40,60,68,65,42,46,62,71,35,80,66,66,68,58,80,96,68,65,89,,17,8,21,11,49,64,72,58,78,72,57,123,120,127,125,96,108,109,132,51,79,92,113,70,72,71,87,,108,76,88,110,92,104,68,69,64,67,77,85,85,72,92,20,56,84,41,95,135,104,83,80,94,118,93,91,118,85,81,93,88,102,76,72,67,58,91,73,48,65,66,56,71,88,85,98,95,83,119,92,90,112,75,56,77,67,80,67,20,97,87,96,57,59,49,58,60,55,52,53,47,73,66,87,54,68,84,33,57,65,42,35,56,45,66,61,55,75,69,69,60,45,57,62,23,31,35,61,74,70,,79,90,88,25,22,70,74,96,120,115,138,84,68,58,70,60,91,68,62,81,67,66,74,79,54,78,47,47,56,50,,49,69,79,82,73,78,81,71,111,73,53,89,96,53,48,67,71,80,90,12,28,13,29,,42,86,85,87,98,26,36,39,33,42,31,38,44,37,28,33,54,60,26,16,56,,45,,24,30,11,15,32,29,34,35,41,27,23,22,15,23,28,30,16,25,47,51,20,11,41,35,32,,13,5,6,49,100,7,1,,78,4,23,2,11,166,155,174,148,52,54,66,50,77,102,86,42,42,60,49,34,24,31,31,27,75,66,53,81,36,30,77,130,93,18,67,56,,84,54,46,14,81,84,29,32,22,23,156,135,127,,76,81,78,85,71,87,93,50,46,12,137,345,43,72,38,42,48,66,106,85,87,103,45,51,,18,2,4,95,161,303,52,24,92,35
20160203,7,PM2.5_24h,37,16,31,36,29,30,38,30,28,22,28,51,,68,66,50,51,57,74,,56,45,60,59,40,76,,58,71,53,52,73,62,25,63,76,56,62,72,78,44,70,54,46,38,119,143,173,116,153,208,157,173,178,213,19,16,16,22,22,40,43,35,38,18,61,50,55,51,113,144,88,123,142,134,,80,102,85,65,,32,74,82,42,47,50,84,65,70,75,108,79,48,62,44,87,119,103,,127,166,,151,111,,128,70,60,46,53,36,43,45,45,58,26,99,104,90,102,94,73,95,108,96,90,90,99,117,,140,124,143,152,95,112,101,124,95,88,98,73,111,88,78,84,84,121,111,126,116,130,118,110,122,110,130,139,109,134,125,114,129,112,103,80,95,85,99,77,85,91,78,102,114,111,119,120,114,107,103,114,129,99,115,120,,118,136,122,118,135,135,141,136,131,135,143,,123,123,138,112,92,127,142,116,138,112,119,107,83,64,92,47,151,160,148,139,80,62,48,81,74,83,82,82,83,83,54,77,86,80,76,,72,78,81,63,71,62,64,78,79,58,,78,,115,100,,64,74,68,83,75,72,91,73,71,,,63,64,80,63,103,73,99,100,113,124,115,102,108,99,20,20,21,27,20,21,18,23,19,92,69,61,97,82,95,58,88,85,105,117,83,94,98,,91,100,50,83,73,64,77,83,82,87,78,73,75,74,72,82,75,72,64,57,103,117,121,111,117,123,117,105,122,89,110,102,109,110,99,124,122,117,103,104,30,27,,25,26,25,31,25,32,28,23,26,25,23,29,11,26,24,14,19,18,25,23,23,21,25,22,28,23,33,33,22,28,34,19,21,26,15,15,30,11,7,28,27,24,18,21,24,23,26,18,17,21,32,18,,74,81,72,71,67,63,70,72,7,17,19,20,23,52,71,61,56,64,61,43,53,63,62,64,53,,62,50,59,57,98,82,77,78,80,,82,87,75,78,65,79,71,60,83,71,71,55,35,21,53,51,68,47,46,44,25,22,33,27,77,50,68,73,75,69,110,65,118,53,104,,42,90,96,51,70,82,64,90,102,104,49,70,76,93,57,74,,214,348,234,219,256,,97,111,108,108,,135,154,107,136,152,44,104,123,98,49,65,68,43,64,76,34,39,17,21,29,84,73,78,70,92,81,94,104,68,61,32,56,73,56,80,25,22,23,18,123,106,87,113,134,122,109,,196,171,145,,141,113,135,131,110,83,104,,114,116,177,174,186,211,147,60,51,,36,71,64,112,,94,,102,143,141,119,113,,162,105,86,,47,53,46,117,83,85,,36,33,40,36,41,15,17,20,19,18,18,22,20,22,23,23,20,19,21,21,18,23,12,,19,11,13,36,35,37,19,,18,33,24,32,10,11,13,18,18,18,17,22,18,24,30,31,34,146,131,138,44,51,42,45,58,77,94,108,,102,152,94,213,91,46,71,100,41,33,61,72,41,21,81,30,21,168,71,77,85,97,110,81,43,85,74,79,100,44,112,94,115,111,108,82,90,95,68,100,80,82,67,46,81,74,57,,38,39,41,39,43,69,92,81,105,118,66,79,61,35,44,32,72,97,75,99,98,91,100,86,105,83,55,95,74,83,80,105,15,80,64,58,94,82,65,67,126,108,77,105,115,87,84,94,92,55,40,84,45,90,85,78,71,44,50,58,43,114,119,131,115,120,83,92,93,80,80,85,77,48,82,72,85,108,103,94,,87,51,55,72,73,82,71,,64,65,75,68,72,71,,72,80,9,9,73,83,88,83,119,120,130,113,104,103,45,52,36,53,92,90,72,85,106,110,106,105,65,79,94,83,86,103,97,106,110,107,62,60,66,,61,41,41,98,17,42,186,59,77,65,68,32,42,50,68,106,89,66,111,91,157,125,130,62,57,70,52,61,49,59,48,,78,92,59,53,42,90,125,111,88,76,60,49,113,,76,72,126,73,76,94,59,62,129,95,82,81,67,47,88,83,79,93,67,48,72,55,48,33,115,121,107,85,102,,97,110,108,,81,85,104,,126,125,127,100,117,118,120,97,97,,,66,59,58,49,73,75,,,58,62,107,80,58,77,85,116,122,103,94,35,25,36,63,53,86,56,74,63,106,85,161,93,55,61,,72,81,117,117,,136,86,59,34,68,28,,50,164,125,,29,44,32,21,20,53,81,47,44,63,,,,12,6,51,56,45,87,59,36,68,84,65,75,72,70,134,92,93,96,90,44,69,44,88,84,83,103,108,92,104,93,81,36,36,53,45,53,65,50,18,37,43,16,16,45,39,19,44,41,49,37,41,56,26,35,33,37,49,24,42,77,44,28,28,,79,86,56,23,103,67,127,138,144,148,,147,137,141,56,70,95,128,105,81,93,81,79,84,86,104,95,78,85,73,82,59,163,142,167,75,,70,103,115,109,52,44,44,55,73,67,56,62,50,61,53,87,22,27,23,26,17,21,22,25,22,7,21,17,21,13,10,13,14,19,27,22,57,72,69,69,69,66,118,111,110,108,79,61,64,91,61,57,62,71,70,65,49,61,65,35,71,64,69,61,61,73,86,69,69,84,,49,66,44,36,43,58,55,54,93,80,73,120,130,109,106,100,117,115,136,45,65,95,92,83,89,85,106,,110,90,99,125,122,129,94,106,73,81,94,92,106,88,98,20,47,53,37,85,91,84,71,114,116,132,84,82,99,69,71,75,96,93,98,95,92,75,91,74,54,66,67,98,100,102,96,107,105,88,104,94,97,93,88,66,74,66,83,75,152,112,92,96,58,54,46,57,63,66,76,73,71,76,55,83,48,66,81,41,75,83,34,28,41,35,59,56,53,67,66,70,61,54,65,69,17,26,34,53,68,52,,70,89,81,29,37,56,58,70,97,94,121,79,74,64,69,75,91,74,72,123,112,112,117,74,85,79,75,44,57,58,,58,83,87,89,86,87,114,80,106,94,66,91,115,60,39,58,66,70,84,15,29,24,44,,34,45,62,56,69,57,72,66,67,68,48,58,62,53,48,42,65,62,27,33,60,,44,,49,45,27,29,32,21,36,36,60,48,32,33,78,69,90,46,27,26,50,56,45,62,76,28,39,,17,36,32,37,28,19,26,,84,15,25,8,12,130,131,119,127,34,57,64,54,74,95,86,39,32,70,55,34,37,49,40,34,62,62,44,80,65,49,55,87,52,24,78,45,,98,56,34,20,52,83,36,40,26,24,126,99,104,,97,80,51,57,52,78,86,40,39,12,153,327,43,67,56,59,57,118,145,109,69,108,71,73,,27,8,23,112,189,284,41,23,74,28
20160203,7,PM10,,42,21,17,,,44,,,104,27,,,169,167,136,161,160,182,,134,153,187,175,130,,,162,105,145,108,108,154,79,210,187,201,231,175,,110,107,132,156,119,223,319,328,228,496,671,499,372,439,641,50,42,39,58,,34,56,41,88,47,227,107,73,77,227,264,258,216,206,207,,130,95,142,77,,48,128,156,61,66,72,77,85,97,,136,98,65,80,52,139,161,162,,259,269,,255,307,,239,129,92,71,105,59,81,53,60,83,47,176,163,143,110,104,90,116,110,106,126,94,115,102,,128,173,142,191,122,114,139,119,91,74,76,66,87,67,65,61,91,172,173,185,157,153,164,190,196,144,,,149,,165,218,,,,69,65,45,56,234,246,224,164,190,177,168,201,156,164,147,202,210,241,196,164,213,,161,,148,187,158,192,224,198,226,221,200,,175,220,,101,99,139,87,149,217,208,177,194,103,59,81,53,,,277,271,110,73,52,109,87,128,118,115,113,133,70,150,162,165,145,,119,139,149,73,80,66,75,118,102,87,,89,,,156,,115,100,,145,118,103,,64,67,,,107,61,,59,,98,104,115,120,154,,,,,35,42,,,,33,15,36,29,128,110,86,,,,38,,95,147,196,149,179,140,,156,172,83,110,107,104,103,172,,148,,164,156,159,200,185,158,120,118,122,,,127,134,122,,,,154,,71,,,,54,,,,,70,44,41,,36,35,,42,47,42,44,35,,,,42,43,40,42,26,42,36,42,43,52,36,60,,39,31,42,,,,53,23,38,,36,41,40,37,23,,41,40,29,38,41,47,43,40,,40,,46,,102,113,111,135,95,82,114,86,27,20,23,26,29,56,68,,51,63,62,55,61,60,63,63,53,,68,,64,80,91,88,97,89,74,,79,63,74,80,98,68,72,62,75,98,101,53,45,34,95,72,104,80,86,70,84,59,62,45,155,87,100,139,141,165,271,117,151,116,221,120,81,189,116,103,105,109,114,132,129,140,47,131,126,100,106,103,,492,468,,611,,,93,163,96,116,,138,142,89,127,137,66,69,367,,58,72,84,64,65,114,74,76,51,54,53,105,123,156,134,87,119,225,132,119,105,58,156,96,148,108,28,26,23,19,175,168,150,297,307,321,287,,318,294,208,,186,239,213,260,206,180,256,,291,,291,180,296,315,177,90,106,,58,97,180,161,,131,,269,154,193,132,216,,250,164,161,,57,76,74,234,237,218,,55,56,66,,68,29,24,,22,20,48,30,32,,20,40,28,24,,,33,33,35,,36,27,28,50,,,44,,39,44,46,,,22,21,,,,31,,27,,53,61,65,168,150,146,84,53,63,49,79,68,150,200,,169,176,150,,,68,101,,,82,223,170,112,68,56,24,11,312,71,76,83,142,156,86,48,112,108,136,,84,203,88,221,271,117,43,112,,107,,113,98,95,62,135,88,68,,49,56,80,121,,112,174,130,147,171,77,83,63,49,57,53,,,95,104,110,106,99,91,148,71,54,,,87,70,,6,149,112,201,180,162,,81,191,212,,227,172,88,111,111,,83,83,148,96,152,165,120,,94,137,150,98,146,149,,126,136,105,149,101,114,102,112,82,134,86,,103,,,,,97,48,62,,110,,111,,69,71,,,70,71,,87,79,9,9,97,104,94,105,141,,164,160,,107,93,102,71,78,82,109,97,118,,86,119,118,83,108,,86,111,103,126,110,121,185,67,,62,,,58,41,174,188,140,341,73,74,61,70,51,58,52,86,141,140,252,188,192,,194,193,123,98,91,81,79,84,114,146,,233,250,186,52,117,163,251,,159,282,266,292,161,,162,158,226,130,,136,103,102,194,169,160,154,84,98,95,98,153,135,115,85,85,79,74,82,126,160,102,79,71,,52,104,110,106,75,80,,,136,156,142,,,140,137,119,110,,,79,73,112,91,102,94,,,112,88,90,91,59,121,117,129,121,102,135,53,64,60,180,143,114,227,157,132,135,,279,85,107,63,,,98,174,192,,281,184,71,43,70,52,,124,132,120,,48,45,53,,45,66,115,65,49,98,,,,14,12,57,35,42,153,180,88,145,130,75,108,89,134,169,111,136,119,,53,95,82,94,86,93,108,121,149,223,118,93,65,80,19,32,,108,23,33,69,115,34,27,88,126,,80,90,,70,60,61,20,169,133,63,104,96,118,,88,,26,19,160,124,80,15,85,121,121,131,142,124,,191,140,,87,87,131,133,105,84,75,74,188,86,95,,107,73,90,61,70,65,189,182,,63,,49,104,116,,69,75,55,69,75,80,69,,,74,67,95,28,22,35,38,20,25,28,33,26,,,,30,24,24,23,23,32,48,43,47,77,68,72,58,86,105,93,91,93,108,72,108,109,66,,66,74,,46,57,68,75,69,,,84,76,74,122,132,87,93,117,,69,68,69,76,85,88,105,101,94,,66,144,152,155,150,131,199,172,173,114,133,102,162,90,107,105,142,,136,124,113,126,106,158,93,114,92,87,98,118,,87,107,33,69,90,57,113,136,120,,95,126,173,119,127,126,106,120,134,107,122,89,103,142,93,103,89,81,73,74,66,82,104,108,112,108,,122,112,102,,,56,111,93,114,133,92,125,144,143,79,75,99,78,93,91,,110,85,194,69,121,104,,99,67,90,94,,38,56,46,76,67,64,,69,72,67,58,63,75,35,47,35,67,85,73,,,92,98,69,47,72,74,170,140,119,172,100,85,80,87,65,,73,,100,87,94,118,,59,,61,,66,62,,86,94,84,90,106,99,152,129,160,157,73,121,110,68,77,104,86,110,111,14,,26,,,50,108,125,110,128,38,55,45,49,,44,45,44,54,50,54,64,82,30,57,70,,52,,61,41,22,39,,,40,40,60,51,30,22,16,23,28,,22,58,49,,28,52,56,39,36,,20,20,,371,594,,10,,106,,34,5,,186,,,,72,105,81,87,96,,91,56,,76,83,,30,38,125,63,144,132,86,87,156,178,101,157,97,51,79,78,,131,110,89,90,128,108,37,35,47,31,,167,146,109,82,87,110,124,88,127,129,134,74,33,325,484,83,140,70,86,115,115,110,126,195,179,,58,,22,7,4,126,238,342,84,33,99,36
20160203,7,PM10_24h,,22,43,41,,,47,,,41,41,,,120,95,68,83,89,105,,84,83,114,85,79,120,,106,99,102,97,112,89,55,102,110,102,102,100,97,68,108,86,94,94,181,199,230,201,194,263,204,211,236,255,38,41,42,47,33,55,64,57,62,38,103,73,66,69,153,160,168,164,188,164,,123,134,126,83,,45,101,118,74,93,81,129,108,109,103,177,105,79,98,80,134,157,160,,198,231,,205,197,,164,88,82,63,82,68,60,83,59,82,45,176,146,144,128,114,94,128,143,121,144,110,121,133,,167,160,180,197,130,135,121,166,116,107,112,95,128,100,90,102,107,169,161,174,155,202,168,158,188,158,134,158,131,163,147,174,146,140,118,119,129,111,132,125,153,123,117,190,162,190,195,192,182,172,204,192,207,163,141,177,,151,160,174,157,181,163,178,171,179,180,198,,161,176,160,159,182,180,164,145,180,163,192,166,132,105,122,96,172,187,192,201,107,81,57,114,88,117,112,110,131,119,73,104,118,119,109,,92,101,119,77,89,76,80,103,99,93,,100,,128,123,,111,85,,112,102,84,84,86,77,,,98,77,90,86,122,87,120,112,127,158,151,111,124,99,27,29,28,22,20,31,23,41,31,124,111,92,110,94,72,62,105,120,138,189,135,176,132,,147,167,73,121,104,112,108,154,132,137,128,135,124,118,124,131,119,109,103,87,117,150,152,141,146,153,150,142,156,,128,120,143,112,107,148,116,142,100,97,38,37,,27,31,31,35,36,34,34,27,23,24,24,30,23,27,32,17,26,24,31,32,39,26,37,19,35,28,38,32,27,20,53,31,29,31,27,29,34,29,19,25,29,28,27,30,32,30,36,27,29,31,35,28,,80,91,88,93,77,75,89,108,15,27,29,30,30,62,81,75,66,78,70,57,65,73,75,74,62,,77,65,75,69,124,110,103,96,100,,105,129,83,86,91,81,96,79,85,100,109,78,56,41,96,75,110,97,146,134,96,66,106,74,123,97,103,119,125,154,152,143,164,105,187,140,90,168,140,94,113,117,91,131,145,154,77,100,114,143,77,98,,359,424,282,409,308,,128,192,135,140,,170,177,147,174,161,65,126,206,114,70,87,128,103,88,108,60,63,31,37,57,133,96,111,96,134,118,140,144,90,82,50,107,124,93,140,36,33,30,27,180,159,151,185,190,194,180,,273,252,195,,201,182,171,188,158,144,173,,200,125,223,198,264,314,200,88,86,,50,92,125,165,,140,,163,183,184,186,194,,257,152,141,,64,84,77,162,123,131,,42,40,51,48,45,29,32,34,24,29,35,30,27,33,21,27,24,35,29,29,24,12,23,,19,17,19,37,29,39,22,,28,30,33,25,14,17,19,24,24,28,29,30,22,27,42,46,47,200,184,194,95,79,92,59,97,88,136,165,,148,209,162,265,97,91,107,103,46,77,140,156,99,46,128,52,39,250,107,127,140,162,169,130,58,114,166,140,130,98,167,119,182,179,162,136,110,108,102,136,117,121,85,75,136,78,75,,47,55,65,76,57,73,131,124,145,189,86,83,90,47,70,50,81,110,96,132,116,117,135,116,127,114,99,132,,99,109,113,24,121,94,130,146,121,78,96,164,189,142,177,180,142,155,134,110,83,59,138,96,140,123,108,85,81,90,115,73,152,156,110,139,156,123,155,119,115,92,107,108,167,92,81,110,118,165,95,,106,60,65,59,72,89,87,,68,70,76,68,92,83,,92,91,16,15,82,114,112,114,141,136,147,135,117,120,78,103,65,80,106,116,101,106,128,130,125,139,100,111,108,103,123,126,140,132,130,157,82,67,75,,69,62,62,124,187,134,220,96,94,91,92,58,68,82,113,125,136,186,154,165,,173,145,90,95,97,79,103,87,142,135,,128,140,154,73,110,128,212,179,171,191,188,195,161,,120,114,176,128,110,127,87,94,167,125,129,122,87,76,122,118,124,130,93,67,93,79,80,79,158,150,146,126,137,,111,147,144,168,135,134,115,,169,178,168,107,112,142,147,136,133,,,114,101,106,91,96,98,,,98,91,144,106,71,132,121,158,141,126,147,50,52,49,154,132,154,172,128,115,125,110,210,130,80,92,,88,118,130,147,,186,147,113,40,82,61,,102,247,179,,70,75,53,32,28,74,131,77,63,83,,,,20,11,79,80,59,139,105,62,112,121,99,127,93,138,175,127,128,128,66,59,83,57,104,100,108,124,127,142,203,119,105,62,58,65,64,65,69,43,26,50,66,27,25,80,60,19,59,53,59,50,65,78,26,93,77,48,58,47,56,85,49,30,29,29,126,112,73,35,126,151,147,165,160,163,,169,163,,91,88,140,151,124,107,118,112,129,109,118,124,125,100,81,77,91,90,204,158,192,92,,76,115,124,123,73,71,57,69,74,86,81,74,53,95,88,110,33,27,32,33,23,27,27,31,27,11,21,17,36,15,15,18,20,23,38,32,75,95,118,93,80,87,148,134,141,134,97,125,97,110,83,60,74,83,73,76,60,69,76,68,76,73,80,72,80,105,124,86,84,111,,99,108,96,106,68,78,89,91,125,106,89,167,178,150,159,182,247,211,204,123,122,106,140,120,133,133,171,,161,178,140,168,151,192,126,149,101,107,116,127,126,107,116,31,63,67,54,105,108,107,98,132,156,184,121,120,121,112,111,113,119,122,127,127,150,121,99,91,93,84,81,111,117,118,111,119,121,99,115,113,119,109,,89,92,114,118,111,128,140,151,133,81,69,86,71,96,91,102,120,117,120,73,99,89,83,106,72,110,136,36,30,49,42,72,64,59,75,69,78,63,66,65,76,34,49,42,61,73,57,,69,108,101,64,65,60,61,133,130,102,154,98,91,85,99,95,102,96,94,145,135,152,162,83,106,97,103,56,77,70,,87,103,105,106,130,113,170,140,168,156,97,134,134,77,77,90,98,109,110,26,38,38,44,,40,55,90,68,92,76,102,91,96,73,65,64,69,62,71,89,78,84,37,53,76,,54,,49,66,48,41,42,35,56,102,74,70,44,48,116,95,139,59,41,69,65,62,52,91,82,34,53,,27,67,,128,159,66,59,,125,34,35,19,15,131,149,125,156,63,108,95,89,93,111,101,64,,92,99,43,54,69,98,73,102,107,70,113,159,165,78,124,80,54,90,68,,135,114,54,99,81,115,63,78,59,45,133,134,130,106,113,102,90,118,79,139,143,105,87,31,362,459,96,127,115,145,153,187,189,185,209,209,80,87,,42,20,28,167,296,380,66,32,84,33
20160203,7,SO2,6,17,7,3,7,4,28,5,9,50,11,27,,76,77,73,59,33,89,,49,86,77,67,45,57,,148,93,44,160,119,120,94,61,71,56,77,78,68,134,80,104,122,50,89,153,138,119,161,192,170,117,76,178,98,66,78,94,39,25,14,14,24,22,57,59,44,61,130,77,210,83,88,94,,98,104,115,44,,95,141,169,74,104,69,418,34,89,34,36,101,29,79,21,43,108,151,,181,533,,130,,,,481,336,300,178,66,183,270,110,130,21,280,333,88,81,134,69,65,61,54,85,82,96,59,,131,214,14,150,147,71,163,110,16,16,14,17,11,14,19,18,20,12,24,25,29,23,14,33,13,5,17,16,15,22,15,14,15,11,15,21,24,12,12,51,39,114,25,87,34,39,18,35,28,4,26,10,28,22,20,20,,13,17,21,17,16,27,21,20,24,29,31,,20,46,15,14,8,9,21,19,27,18,25,56,32,20,11,20,39,26,24,10,4,6,7,15,4,6,8,13,13,5,5,18,33,28,25,,17,27,21,5,2,3,7,10,6,14,,8,,9,20,,11,12,14,20,14,11,6,9,5,,,5,3,6,3,21,29,16,12,17,10,63,10,5,31,6,11,6,7,6,5,2,5,4,21,28,13,16,32,24,5,24,22,41,94,51,68,69,,92,55,8,73,57,76,37,56,62,46,89,34,28,62,190,28,35,36,34,32,16,4,14,16,66,9,29,40,12,3,5,5,13,9,24,10,18,68,10,3,3,2,,10,3,4,4,2,6,4,6,5,5,5,5,8,8,6,4,5,1,6,8,11,13,7,5,7,5,4,5,3,10,9,11,10,15,14,5,3,3,11,8,8,13,5,10,5,4,3,4,7,3,5,8,,16,16,15,16,14,10,9,14,4,2,3,5,11,5,6,8,16,12,24,11,10,13,16,19,3,,13,,24,13,9,7,16,7,7,,6,10,36,43,31,28,50,49,56,36,39,16,9,11,5,25,14,10,6,6,7,5,7,10,31,18,14,27,4,34,22,27,14,38,22,13,10,25,24,10,19,38,20,36,15,7,56,40,62,110,62,156,,4,16,38,16,79,,216,19,56,49,,40,34,29,27,45,20,5,121,3,37,59,38,26,43,40,94,47,20,7,55,72,132,60,264,123,126,165,,68,86,17,59,105,37,96,6,3,6,1,68,82,85,98,102,101,56,,113,91,66,,74,94,41,67,127,106,198,,129,76,70,61,40,12,119,38,52,,68,22,41,153,,97,,192,55,61,69,53,,59,83,56,,74,27,31,180,187,111,,17,11,10,6,34,15,10,22,8,5,7,4,3,10,7,9,9,11,5,7,12,5,2,,7,6,7,4,3,7,4,,5,6,7,12,6,7,4,3,2,3,3,21,14,7,11,9,8,37,37,66,28,224,97,53,321,279,282,234,,156,187,82,62,57,100,60,98,128,119,318,177,,76,207,50,27,223,59,81,130,137,92,137,27,53,48,36,36,17,290,104,237,125,188,38,38,157,192,26,93,149,69,35,74,39,47,,19,6,39,56,5,145,46,76,77,105,10,23,16,29,23,20,14,6,28,6,31,9,37,11,6,4,10,4,1,17,9,17,3,169,34,58,83,70,73,18,112,167,100,134,116,42,142,30,38,71,84,52,92,16,52,34,71,69,27,43,22,7,11,2,11,14,43,388,51,14,9,9,35,5,10,3,29,2,13,9,,4,3,1,24,16,17,19,,8,11,6,8,14,16,,21,15,3,4,4,6,8,6,14,18,7,16,10,11,13,27,23,4,4,16,14,14,10,20,6,6,4,2,6,2,6,6,6,7,6,5,25,15,71,,26,24,20,14,18,12,2,21,33,24,30,15,10,19,206,21,7,24,33,20,39,32,18,6,23,19,18,37,21,61,4,,205,331,167,43,5,4,5,3,6,19,3,10,54,,35,44,108,88,68,47,47,51,139,59,73,36,81,64,8,31,78,85,10,38,28,39,26,29,17,14,50,10,12,,11,15,18,27,11,19,21,,38,23,41,20,6,22,9,9,9,,,8,1,10,12,8,7,,,90,222,9,6,5,30,14,32,20,22,21,10,10,7,224,246,226,277,324,286,176,284,358,144,106,36,,27,154,86,168,,251,191,41,37,45,58,,142,106,107,,48,77,8,7,11,10,192,14,23,74,,,,27,11,23,31,35,120,103,234,118,47,28,81,64,126,126,38,88,83,244,34,132,47,116,74,123,109,86,114,172,136,134,50,33,14,8,20,37,3,96,8,61,32,12,39,54,6,16,40,33,26,21,26,6,34,47,18,83,28,6,,40,52,58,31,134,188,39,17,7,17,4,25,37,24,,5,12,34,26,10,23,31,48,16,8,8,19,6,15,34,1,18,37,7,5,7,6,14,9,41,,18,47,16,47,11,7,10,11,,29,8,15,15,14,8,34,2,2,6,6,3,11,8,6,6,,10,16,7,7,4,5,6,4,8,6,2,4,1,3,1,3,13,21,11,3,5,6,38,24,5,40,26,26,19,11,12,22,30,25,25,4,12,27,9,19,10,5,38,16,,13,7,11,5,6,10,28,10,2,48,29,33,53,36,59,35,30,35,31,31,29,30,41,63,98,30,56,,17,31,12,24,34,52,30,21,34,40,3,16,6,43,3,10,7,1,11,91,81,36,23,8,10,24,68,29,41,19,13,12,3,4,4,2,4,5,11,7,9,4,4,5,8,9,20,17,11,2,19,6,11,15,3,1,18,15,22,5,9,12,4,23,8,7,8,6,7,12,2,51,69,2,7,13,20,1,6,3,7,29,10,36,11,5,7,7,12,33,15,21,21,19,24,27,8,4,13,5,9,17,,9,13,12,17,8,8,12,14,29,16,16,12,9,5,6,8,6,25,15,6,9,7,10,3,7,7,3,24,6,4,,8,6,6,10,13,20,12,22,10,5,3,3,6,5,3,18,10,23,17,12,15,6,17,,5,14,24,27,37,7,5,6,9,,10,21,15,37,23,9,20,17,21,7,13,,14,,9,8,18,6,,5,3,11,6,2,9,10,4,7,10,3,4,3,7,8,12,5,3,1,6,,3,7,5,5,4,10,3,68,32,8,36,8,7,22,18,12,12,15,38,44,48,8,33,20,11,15,28,12,18,62,14,59,23,111,429,79,44,11,9,7,400,100,216,20,18,,3,11,44,17,26,22,7,20,3,33,54,94,145,22,87,61,12,25,5,17,13,8,9,3,40,54,34,33,11,8,3,4,7,4,54,78,51,16,,3,5,8,15,16,24,16,10,195,3
20160203,7,SO2_24h,19,11,13,16,14,13,27,11,10,15,18,29,,47,48,36,28,17,46,,27,34,38,37,13,52,,103,85,50,99,90,84,46,47,50,43,56,56,57,78,103,54,71,60,130,92,169,125,134,122,107,123,109,144,36,32,36,50,28,28,24,22,33,28,39,37,40,47,99,81,114,90,87,88,,115,165,127,55,,105,117,144,123,132,104,322,51,99,47,83,61,29,67,22,85,83,71,,138,286,,152,328,,187,120,107,105,118,106,53,104,45,89,13,163,141,82,91,135,38,45,44,27,57,60,57,54,,133,174,47,117,131,63,66,90,32,30,32,35,26,30,28,30,33,24,27,30,37,31,22,29,20,23,23,27,29,32,20,25,33,30,33,29,34,30,24,50,51,81,42,75,56,40,39,52,51,21,27,17,25,25,34,35,,31,33,38,35,40,32,27,31,38,31,41,,31,40,38,23,28,24,39,34,44,33,41,63,25,18,29,28,43,41,40,37,14,14,12,14,10,16,19,18,25,13,12,24,22,31,24,,20,22,19,7,4,5,12,31,18,24,,17,,20,35,,14,14,11,17,15,10,13,16,12,,,12,10,13,10,33,24,24,18,26,10,26,29,5,32,5,11,5,6,6,4,2,4,3,23,21,17,19,25,20,12,24,22,42,89,44,74,72,,82,55,9,77,53,64,52,57,86,58,87,43,31,54,61,31,43,41,34,51,12,16,24,18,21,16,19,23,21,19,10,19,12,14,17,18,19,62,12,10,3,2,,10,2,4,4,2,5,4,12,5,5,5,5,9,8,5,4,7,2,7,7,10,9,5,7,8,7,4,5,5,7,8,5,5,11,8,7,5,4,12,5,5,11,3,8,5,4,3,4,7,3,5,8,,15,18,14,16,14,12,10,14,4,2,2,3,10,6,14,12,23,20,19,13,13,18,23,21,15,,21,18,16,16,19,10,20,11,13,,14,18,25,42,43,27,54,45,45,28,37,13,8,9,6,24,12,5,12,13,7,6,10,6,33,31,26,38,8,43,27,38,16,40,33,26,16,34,37,23,32,42,31,49,31,18,84,90,120,101,62,83,,6,10,26,21,32,,34,17,27,30,,102,45,32,36,48,28,13,75,7,59,76,68,52,61,79,70,51,23,18,43,65,73,62,80,104,75,87,114,55,58,35,122,97,89,166,8,5,8,2,103,69,96,83,101,79,56,,102,88,62,,72,57,41,41,104,121,85,,108,84,88,67,67,49,62,34,59,,45,33,47,113,,90,,95,76,74,77,76,,106,63,44,,50,40,45,104,100,78,,17,8,8,6,12,16,14,10,8,6,8,4,3,9,6,10,5,9,5,6,8,5,2,,7,7,7,4,2,6,3,,5,5,7,12,6,8,4,2,2,7,5,42,17,27,9,7,8,51,45,56,42,155,100,56,210,182,247,260,,211,261,58,89,73,121,54,95,72,92,184,166,117,55,189,54,54,162,125,122,96,130,85,125,59,83,91,52,56,43,143,123,168,104,167,106,64,114,131,78,156,213,61,36,74,53,40,,18,58,98,42,17,57,37,55,76,63,17,42,26,26,42,28,17,24,35,7,33,25,32,18,15,38,41,38,30,40,24,42,28,90,65,63,82,66,67,33,111,162,101,128,153,54,78,54,63,70,82,59,78,29,38,32,49,63,44,71,41,15,17,12,19,20,58,91,51,23,26,20,36,28,18,19,29,16,28,11,,12,9,3,20,17,18,18,,8,11,7,10,19,26,,34,14,3,4,6,9,12,9,21,35,19,33,21,11,29,106,39,76,16,20,11,14,10,7,10,6,7,25,11,10,8,7,7,16,27,6,34,24,26,,34,14,23,14,24,15,13,40,47,33,37,32,34,76,156,20,14,25,23,24,39,37,21,13,34,33,22,72,24,80,22,,181,242,140,69,5,5,6,2,9,23,4,14,90,,36,40,124,77,55,41,38,43,114,63,75,54,57,45,16,41,70,82,25,23,25,34,37,46,29,21,42,35,35,,35,16,29,39,34,26,34,,48,45,57,28,20,28,27,22,21,,,12,7,11,11,14,14,,,58,169,30,19,16,44,24,38,35,34,36,8,8,7,198,184,139,181,198,148,213,227,348,230,127,63,,36,130,187,164,,219,258,45,61,40,74,,147,312,207,,43,46,18,8,5,31,164,25,29,60,,,,35,20,37,43,34,99,100,107,120,69,45,70,59,87,139,66,91,77,177,39,78,41,86,76,74,61,61,86,132,104,103,43,23,24,24,21,31,9,30,26,37,16,11,19,36,8,36,25,31,21,17,25,9,27,21,6,37,13,6,,35,55,46,39,100,58,53,25,23,28,7,34,48,25,,5,22,28,26,7,44,45,52,59,32,30,45,39,47,57,2,36,47,13,8,13,7,24,19,51,,25,38,15,65,15,14,18,16,27,36,24,30,16,21,13,28,2,2,6,5,2,8,10,6,6,,10,16,7,6,4,5,6,5,8,5,6,8,8,9,6,6,18,36,22,4,2,11,20,21,15,48,16,23,18,17,15,23,17,17,28,7,20,16,10,16,9,8,25,28,,16,16,11,13,29,10,17,12,71,75,64,68,87,73,99,64,68,76,72,43,37,39,39,69,75,33,62,,26,45,25,35,47,45,52,31,50,51,24,17,9,96,2,11,9,25,19,75,57,30,27,42,37,50,56,31,52,29,23,20,15,19,6,6,9,9,33,34,32,7,10,15,18,17,18,17,15,15,29,19,26,23,3,7,31,36,37,12,16,17,5,25,14,14,19,11,11,20,18,42,48,24,24,25,23,8,8,5,18,18,12,38,9,5,5,4,3,30,11,19,17,21,20,27,8,3,12,6,12,16,,11,15,17,22,15,8,11,15,35,16,19,11,10,6,13,15,8,25,21,13,14,14,18,18,14,9,7,31,13,12,,16,8,4,15,6,19,12,25,12,6,3,4,7,8,5,18,14,21,18,12,14,4,16,,8,17,22,20,40,10,16,5,27,24,36,43,46,57,28,14,19,15,34,13,26,,21,,7,17,47,2,,5,3,12,33,2,14,15,22,24,26,17,4,3,7,9,14,7,6,1,8,,5,6,7,5,6,11,5,61,40,11,21,10,7,17,22,15,22,24,85,85,68,10,35,18,27,27,59,24,19,76,34,67,40,68,78,62,55,29,11,18,219,28,52,79,17,,22,36,40,35,25,29,14,39,4,33,184,149,183,28,152,65,20,31,12,21,17,9,7,2,26,50,24,33,18,29,2,12,12,11,52,85,45,29,,6,34,57,12,12,17,33,10,191,3
20160203,7,NO2,48,23,71,67,71,72,76,28,27,80,67,51,,89,94,102,104,106,98,,93,102,77,107,95,112,,68,71,48,76,71,70,32,94,94,72,100,87,100,66,76,51,74,73,89,100,102,95,129,119,114,96,85,190,29,39,34,51,15,54,53,54,47,25,80,97,89,104,119,100,116,82,83,66,,67,69,70,31,,22,26,32,42,31,41,65,57,37,61,61,52,68,73,47,47,61,64,,62,94,,72,89,,87,90,72,74,60,29,59,46,45,73,11,83,75,74,55,68,28,32,60,40,70,41,56,81,,97,92,80,55,111,52,104,73,61,93,90,88,68,92,84,64,81,88,87,107,72,87,62,38,87,88,76,87,96,84,87,85,84,82,54,78,72,58,,66,29,39,74,103,117,64,99,58,38,74,70,16,23,98,32,96,,39,84,68,108,86,94,76,109,73,61,78,,48,84,72,24,47,56,51,41,57,97,85,27,44,39,25,57,64,23,62,79,45,44,11,52,25,66,59,64,78,50,19,71,65,73,58,,31,57,51,23,,36,14,45,36,50,,45,,75,67,,24,32,22,22,18,23,39,30,27,,,22,19,16,15,121,84,104,100,112,16,97,17,18,18,9,28,18,18,12,15,5,25,21,45,23,33,2,36,49,10,58,37,14,61,36,112,62,,73,46,22,52,89,60,23,45,88,46,102,84,77,69,76,72,77,84,85,47,43,78,94,73,58,76,70,73,69,18,29,90,23,56,34,37,49,42,64,23,38,18,,12,21,27,10,33,6,30,7,27,36,30,30,14,11,38,11,20,14,14,17,35,20,24,10,25,11,16,19,9,23,8,18,16,16,21,13,20,12,12,19,10,14,9,19,14,6,13,12,8,19,11,7,,38,43,56,44,33,33,40,28,6,10,10,13,5,14,45,42,35,36,40,26,34,29,55,41,26,,48,,40,58,33,43,34,31,41,,36,29,15,24,21,13,29,36,26,19,23,25,25,10,15,35,42,48,4,30,42,2,18,15,63,47,66,67,36,62,86,72,47,65,37,81,45,80,46,21,74,57,74,57,43,8,15,51,36,40,37,59,,93,88,98,119,93,,51,39,50,47,,48,54,34,36,37,8,18,42,18,31,42,58,23,62,61,66,40,27,22,69,55,66,48,66,36,74,57,67,94,81,49,62,58,88,46,20,19,16,5,74,79,92,92,85,90,53,,91,76,48,,73,66,48,48,80,103,94,,79,69,58,67,49,46,39,64,85,,36,53,74,49,,70,,67,61,69,19,78,,100,59,79,,39,24,60,93,110,70,,8,8,9,11,17,14,14,21,9,9,17,18,14,7,11,7,13,14,16,16,6,35,6,,4,7,8,20,14,10,18,,19,9,13,16,9,9,8,1,10,9,12,10,22,17,26,30,21,54,26,32,29,51,46,24,41,42,67,44,,98,49,24,40,40,59,12,23,86,31,83,54,,25,52,26,11,75,26,41,48,101,78,59,15,62,49,36,51,35,77,60,79,73,70,60,22,48,53,40,44,64,78,36,58,42,44,,9,22,45,45,28,44,30,45,43,65,20,32,27,35,19,52,63,77,30,55,48,68,69,62,52,44,46,54,16,27,42,25,2,75,39,48,68,40,5,20,66,72,53,71,67,60,37,47,42,68,53,52,34,66,77,53,83,63,42,37,37,32,41,43,11,36,83,109,56,16,35,44,26,64,31,45,19,21,36,2,,21,8,8,14,26,17,26,,13,10,17,11,11,7,,19,13,7,7,26,29,25,41,23,32,34,43,22,16,35,24,22,22,28,31,42,45,12,38,36,59,11,14,23,7,17,22,25,31,19,23,24,12,17,,20,22,11,54,58,63,84,22,56,27,25,22,34,30,70,35,41,56,61,65,51,59,62,48,52,65,54,8,5,20,23,,33,65,39,9,27,10,7,45,17,16,14,11,70,,30,35,97,104,74,83,181,59,69,57,82,55,65,50,46,13,67,59,23,22,34,40,26,33,48,74,45,56,59,,24,41,67,94,75,71,29,,67,84,75,72,58,71,58,38,29,,,19,47,40,31,37,30,,,74,51,23,54,10,46,56,54,41,31,23,34,36,49,64,64,58,53,63,66,53,60,63,26,51,19,,16,21,67,46,,55,112,36,20,14,23,,12,47,62,,26,39,16,14,22,20,60,14,41,74,,,,8,8,19,26,7,36,48,45,49,34,22,49,39,65,70,37,45,55,36,22,35,43,52,39,65,54,54,69,68,60,54,33,22,19,12,34,58,16,36,85,80,22,35,46,50,16,31,36,33,22,55,40,12,54,75,26,57,18,22,68,16,24,20,9,75,70,51,7,23,18,18,43,63,31,,17,90,81,83,84,120,78,22,53,50,54,61,60,41,61,18,86,58,35,17,12,33,74,67,43,,30,66,35,22,38,39,23,15,,25,24,46,27,53,50,71,20,3,18,13,6,10,11,9,11,2,7,8,5,8,12,14,13,10,10,19,3,13,6,11,13,8,5,16,6,6,13,30,27,20,33,13,41,16,28,34,6,6,29,18,15,24,34,27,34,20,29,26,34,25,,23,23,24,33,12,30,64,17,60,59,66,21,66,65,45,37,90,51,46,53,37,46,67,51,59,70,53,,47,28,60,31,19,43,30,64,32,67,41,23,35,37,51,5,29,21,50,52,50,66,52,28,21,50,65,50,74,11,75,57,21,35,13,10,12,13,61,29,15,18,14,31,21,60,39,48,48,7,34,29,18,20,35,42,36,29,46,14,8,21,13,17,7,28,31,18,14,36,4,28,22,26,15,77,8,4,27,11,18,24,6,5,8,11,14,10,12,15,15,34,11,12,23,14,8,18,23,9,25,9,,20,35,43,36,35,10,13,63,56,49,58,9,21,17,32,9,13,29,28,21,32,23,24,9,18,13,16,3,23,11,,8,27,21,43,43,51,10,15,19,19,5,24,29,21,11,13,18,17,14,6,12,12,15,,10,24,41,53,53,17,17,12,13,,16,9,12,15,18,9,28,17,6,11,19,,16,,44,13,14,2,,5,11,16,15,16,7,9,8,8,13,4,6,,18,6,12,21,27,2,8,,13,5,5,20,23,6,2,20,36,12,26,3,6,34,42,53,35,39,54,56,61,18,32,33,27,39,30,16,5,47,40,43,46,50,43,72,46,17,32,12,41,44,56,42,20,,38,23,36,45,24,9,5,10,12,3,38,49,98,21,20,28,26,41,49,69,33,18,18,4,55,71,33,10,22,15,4,30,29,43,40,9,37,24,,7,2,12,66,70,52,22,28,52,33
20160203,7,NO2_24h,56,9,57,71,59,63,67,32,27,43,54,55,,68,65,65,72,73,71,,71,71,64,72,53,68,,60,62,48,70,63,64,22,71,74,59,80,66,79,52,55,60,68,62,90,96,108,90,99,98,95,89,97,142,14,24,23,34,15,47,51,55,38,28,68,67,58,77,100,70,77,62,70,66,,72,80,74,33,,22,38,38,48,36,45,66,51,45,57,64,46,60,60,43,60,60,59,,62,98,,82,83,,67,56,69,55,51,44,38,43,24,60,9,84,72,81,65,77,22,30,59,46,56,40,50,97,,123,104,92,52,112,52,66,68,44,75,67,68,61,62,66,58,60,66,75,91,66,89,56,32,71,91,43,72,93,72,74,69,82,76,52,50,45,43,34,51,22,32,56,68,78,53,83,67,60,64,56,17,19,71,36,74,,45,77,77,63,81,72,56,83,72,47,64,,43,66,68,30,59,51,65,53,46,48,67,18,37,45,35,51,58,26,57,64,51,53,16,62,29,62,61,57,58,48,24,57,53,50,50,,33,46,48,22,21,38,23,41,40,49,,42,,57,44,,26,31,20,34,24,28,35,29,24,,,16,28,19,19,116,76,90,76,103,15,76,22,19,17,9,11,19,21,15,16,8,26,25,48,26,17,24,33,45,16,49,37,19,59,46,90,69,,70,51,22,45,61,41,25,23,74,7,80,78,69,62,75,51,56,67,66,40,41,76,84,65,58,71,71,68,74,17,41,64,32,39,48,43,58,46,44,18,38,30,,17,24,29,12,40,7,30,17,31,38,34,36,11,18,44,14,22,14,18,22,44,19,33,17,25,14,28,30,13,22,6,32,24,19,25,17,29,12,16,20,15,15,13,18,16,10,14,16,9,20,19,10,,28,28,51,20,17,21,27,28,7,13,9,16,6,27,53,48,54,44,50,35,44,39,69,55,37,,67,47,49,51,46,46,49,44,51,,60,40,17,28,20,16,26,34,28,18,34,30,28,11,20,33,54,45,7,46,38,10,22,25,73,62,67,82,33,77,70,78,55,65,33,78,44,74,77,25,66,58,57,43,51,12,21,55,39,40,40,46,,89,77,106,109,93,,48,45,52,54,,47,45,36,42,41,11,25,43,26,52,54,53,43,59,59,50,39,21,30,46,53,52,55,45,39,46,44,58,69,57,31,35,57,80,50,20,23,19,12,69,71,87,74,77,66,43,,72,69,50,,71,57,42,44,64,86,66,,62,59,56,52,48,47,34,48,62,,36,46,52,49,,68,,55,56,60,43,85,,92,66,70,,44,35,45,69,73,60,,15,11,12,9,18,15,21,18,14,12,20,16,15,9,14,7,15,18,17,18,6,18,9,,9,9,9,18,15,12,21,,24,12,20,16,10,11,14,7,12,16,17,21,21,18,16,26,21,47,34,43,27,54,44,27,37,42,64,45,,94,58,25,60,36,62,14,28,67,26,72,51,36,15,47,24,17,64,52,59,61,80,59,66,36,66,62,52,60,42,72,68,60,55,79,77,43,48,62,48,52,66,54,41,54,48,39,,10,41,59,35,30,20,30,47,40,61,15,31,38,28,42,42,50,87,47,63,55,58,56,52,32,39,44,48,16,24,30,17,4,67,56,67,73,46,6,37,65,77,55,74,71,57,45,58,57,60,49,52,34,51,58,51,45,61,46,51,38,39,45,44,18,38,61,72,40,16,34,49,23,33,20,48,22,28,39,2,,26,12,12,12,27,15,23,,14,10,16,11,29,22,,26,20,16,12,26,43,35,42,39,31,41,43,39,19,42,36,26,30,32,25,38,43,20,19,32,78,16,30,40,15,31,19,28,56,34,32,29,20,19,,30,28,20,58,62,68,80,42,60,42,35,29,44,39,80,28,38,54,51,59,57,50,58,35,51,56,50,27,10,25,41,,23,55,38,18,36,17,11,46,34,50,50,30,70,,31,37,73,65,46,72,124,47,71,51,73,49,48,50,49,16,64,51,21,25,35,42,19,31,43,57,39,55,65,,36,55,71,84,63,52,39,,61,79,67,58,44,73,66,38,31,,,27,57,38,27,25,31,,,44,51,42,38,21,45,52,44,49,33,24,31,33,40,66,60,56,51,54,38,54,57,52,34,48,23,,20,27,73,54,,62,118,38,18,15,25,,17,74,61,,33,44,28,20,16,31,59,28,35,67,,,,10,14,31,35,12,38,43,30,46,34,39,51,41,54,62,46,44,56,40,27,32,34,67,54,55,45,47,65,68,47,50,27,17,25,15,33,44,19,12,56,43,12,11,27,26,15,22,24,31,15,41,34,22,37,44,24,40,9,13,33,13,33,18,11,56,40,43,14,32,49,20,54,53,47,,16,53,42,43,25,94,70,56,51,40,40,54,49,49,60,16,80,60,41,23,13,32,69,68,41,,33,61,39,19,37,25,25,17,60,35,28,53,27,61,33,67,25,9,19,12,11,12,13,14,11,2,13,11,14,9,13,14,14,11,10,17,6,8,11,14,16,9,18,34,25,16,7,19,22,23,32,21,28,12,26,25,8,9,28,17,24,22,27,23,26,19,33,20,33,31,,28,26,23,32,10,17,35,18,87,66,66,28,68,59,50,52,101,59,50,54,46,48,44,35,40,46,56,,37,40,56,34,22,42,37,57,39,45,35,19,32,37,41,7,29,30,33,28,38,40,24,48,38,50,48,46,50,21,66,48,45,45,16,22,23,22,46,23,24,20,21,32,31,53,32,43,42,11,24,23,27,24,44,54,35,52,56,19,16,30,20,25,12,14,26,13,18,18,20,22,22,20,17,48,12,10,29,6,24,23,11,9,15,19,23,10,11,17,13,28,10,9,21,12,9,21,22,8,19,14,,13,32,36,26,31,13,13,58,63,52,68,7,32,25,41,25,21,33,44,36,45,41,39,9,30,18,29,9,35,28,,18,27,49,41,48,60,8,38,38,18,13,39,44,35,12,13,27,17,19,8,14,16,27,,12,24,36,33,57,15,22,22,28,24,33,21,24,23,17,10,33,21,14,17,35,,20,,17,17,22,6,3,15,15,23,13,18,13,18,18,15,20,11,12,,21,11,19,25,29,2,10,,21,25,20,15,20,10,5,18,42,9,14,4,7,23,49,53,45,42,67,64,63,20,33,34,33,30,37,22,6,37,43,42,44,38,32,53,50,37,48,18,28,24,32,43,22,,42,33,28,43,18,8,11,16,12,8,40,54,94,18,33,35,24,35,41,51,51,16,15,3,71,102,28,11,30,38,12,51,44,43,37,20,56,40,,28,13,45,71,69,62,24,23,37,37
20160203,7,O3,17,36,6,2,15,2,2,50,19,5,13,6,,3,2,8,6,2,4,,5,3,1,7,2,3,,,5,5,2,2,8,56,14,5,7,14,5,6,8,10,4,6,9,5,39,33,58,16,5,5,17,4,4,43,44,44,40,44,16,12,15,20,47,2,7,3,1,9,5,5,12,24,21,,6,8,12,,,14,2,4,2,3,4,3,10,5,5,6,3,6,2,15,26,2,2,,6,6,,4,8,,5,,12,2,5,53,16,38,23,10,62,12,25,6,24,23,54,47,12,38,29,32,24,18,,3,4,,9,16,39,9,16,25,5,10,27,28,8,8,35,5,4,5,9,4,6,12,70,2,28,4,3,9,2,4,4,6,2,12,19,15,12,13,11,10,31,12,11,6,10,11,19,63,8,14,12,18,20,31,13,,17,1,5,7,3,8,8,3,9,73,8,,3,7,13,39,32,5,72,7,6,2,3,3,34,45,53,48,67,52,28,16,19,22,71,15,30,7,6,5,6,12,25,16,21,9,36,,50,30,38,59,62,43,62,20,21,20,,8,,5,10,,58,50,62,87,95,72,14,24,24,,,33,36,30,19,4,3,2,4,4,4,32,9,35,33,59,40,55,28,51,63,54,12,36,20,86,45,,60,43,51,37,57,74,27,64,14,50,,41,60,61,25,9,5,22,46,22,13,20,8,13,,,11,,21,,11,19,1,2,6,51,4,21,10,4,41,20,,24,9,19,24,22,13,9,25,34,48,,47,47,44,55,42,43,58,158,33,25,41,29,53,40,52,57,60,51,40,45,28,42,35,55,51,46,43,39,43,40,42,29,35,30,29,36,41,48,43,46,38,46,44,33,47,49,49,39,39,42,41,43,,11,8,,7,6,9,8,6,51,31,40,29,53,60,4,4,23,11,25,33,5,29,5,15,28,,16,,18,6,18,20,36,24,21,,37,27,58,59,55,125,58,44,62,74,35,26,35,48,15,10,6,,39,22,28,48,47,65,12,37,10,15,11,15,7,5,17,11,14,3,8,7,20,62,3,4,3,16,38,34,53,14,22,41,20,33,,2,1,4,4,10,,23,15,20,25,,7,6,27,18,13,95,26,14,19,34,24,9,32,8,7,54,45,32,30,19,16,6,23,4,11,19,4,11,2,6,31,9,18,36,8,39,33,13,42,1,3,3,4,14,6,4,,2,5,33,,20,6,9,13,9,9,10,,6,8,10,27,8,69,33,3,5,,26,5,5,22,,10,,7,42,18,60,6,,9,5,3,,,55,26,9,8,10,,73,30,64,66,65,10,16,5,14,19,13,27,30,33,36,14,32,25,25,25,27,5,31,,36,37,33,51,49,47,45,,41,63,59,62,31,21,13,14,14,12,20,20,7,23,6,2,9,44,84,103,7,9,17,39,9,8,10,16,,24,6,11,10,8,33,5,10,3,7,12,3,4,19,18,25,68,6,50,30,29,4,3,29,51,4,12,37,6,27,9,8,5,5,6,8,42,14,36,32,21,27,10,68,24,62,73,,111,34,20,11,28,9,5,4,17,18,85,44,38,36,28,19,38,20,82,21,3,3,5,35,14,6,4,5,14,22,14,16,89,9,7,17,12,6,11,25,4,14,10,9,2,23,50,81,57,7,9,2,38,8,7,10,4,5,7,20,,12,19,6,22,12,11,6,31,2,16,20,9,8,20,65,19,50,27,18,,30,17,,62,87,80,76,,45,60,46,63,32,71,,45,79,51,53,24,25,13,14,16,4,7,6,15,13,5,10,3,7,12,14,5,9,15,9,7,33,46,38,24,18,4,10,10,10,13,15,56,76,61,,70,23,26,13,8,5,9,48,13,71,62,50,6,9,2,59,11,10,2,11,10,10,5,16,2,14,9,71,88,56,59,,11,9,6,22,87,89,37,13,43,35,36,41,7,,57,48,3,6,15,11,44,22,7,2,15,4,27,25,2,12,13,6,10,61,29,17,3,5,39,3,25,13,7,,29,,14,9,3,3,11,,18,18,25,1,40,2,18,16,34,,,108,83,24,32,11,33,,,1,15,30,19,70,12,7,35,56,17,53,22,5,16,37,16,12,11,14,23,5,4,11,10,5,2,,4,4,12,16,,21,5,17,19,1,4,,15,30,1,,31,13,50,66,62,32,10,28,23,4,,,,92,97,54,70,89,4,,18,6,7,40,8,36,8,4,16,17,32,26,25,,15,44,37,15,3,7,2,4,13,10,42,40,42,44,45,5,31,18,11,27,77,39,44,9,59,36,64,67,84,17,20,9,41,22,83,63,72,22,19,67,38,42,51,17,21,2,50,77,18,30,91,21,69,,9,3,34,7,13,2,54,76,27,14,21,11,42,30,11,21,11,12,168,46,,28,22,24,22,,24,35,14,140,21,27,37,10,,37,24,,14,83,40,53,49,48,49,62,51,32,32,31,35,56,57,71,37,32,39,35,34,31,47,34,62,16,32,43,20,31,16,17,23,6,34,7,24,6,1,22,13,23,11,6,54,54,46,49,67,7,12,13,12,32,24,22,30,25,,20,21,23,16,34,32,22,21,15,14,14,12,2,8,4,54,55,41,38,35,26,47,22,41,38,51,33,,4,46,18,56,74,46,62,15,68,32,7,8,23,13,15,92,8,12,13,26,12,8,15,68,61,25,56,61,17,75,2,1,42,43,28,19,11,43,10,17,36,3,3,5,32,4,2,8,5,13,7,8,21,32,28,23,32,25,16,34,39,52,62,29,33,14,18,40,42,2,10,5,15,21,49,19,26,46,11,10,13,4,61,57,50,57,60,62,21,57,61,57,60,42,20,57,45,59,29,4,7,51,,16,13,17,6,,48,36,7,6,4,5,19,23,10,21,25,22,14,21,31,43,35,31,54,36,33,37,50,40,40,,22,10,44,9,12,23,26,12,36,9,49,13,3,2,22,25,27,19,30,29,38,42,22,,44,18,8,1,1,69,15,13,96,,73,68,69,52,39,54,29,33,35,64,58,,87,,2,63,89,82,39,101,18,15,22,34,58,67,40,40,37,39,38,,7,67,51,2,2,9,,,55,36,46,29,39,81,53,1,2,10,37,83,75,15,4,4,3,2,,,3,29,18,14,21,17,20,39,37,36,38,16,5,8,19,19,38,66,53,50,9,27,13,16,53,,12,34,23,13,62,51,56,37,9,4,17,5,6,20,52,23,13,11,15,8,28,14,13,81,28,69,45,16,57,90,50,28,18,6,12,30,44,50,,72,87,60,28,16,42,6,18,17,47
20160203,7,O3_24h,52,89,62,55,69,52,65,78,52,68,77,69,,52,48,91,69,66,71,,63,69,39,69,45,88,,68,86,80,68,68,71,97,88,86,86,89,100,85,36,91,40,87,34,83,86,73,125,102,76,83,69,75,65,92,90,84,91,77,80,84,79,86,86,61,70,67,55,82,82,84,96,101,77,,70,46,71,38,,52,58,44,38,27,80,62,72,65,72,60,39,68,60,84,55,67,77,,64,51,,62,55,,103,86,75,74,60,86,93,84,95,85,139,74,86,37,73,68,101,116,52,91,110,43,81,43,,24,27,56,53,63,92,46,76,88,79,84,102,87,89,90,100,90,119,102,131,127,105,144,123,114,57,90,89,89,60,91,92,90,89,100,101,87,107,55,99,107,70,105,118,112,90,91,43,107,108,102,105,110,136,93,102,,95,89,88,125,64,63,89,92,81,123,86,,79,119,125,95,93,95,115,132,64,99,104,93,104,97,105,106,125,102,71,89,102,105,128,93,106,66,100,115,127,106,100,103,98,113,103,,123,102,99,68,71,70,68,90,91,67,,104,,105,127,,86,88,90,115,123,91,75,95,96,,,160,95,100,91,103,81,54,96,93,112,92,105,100,116,73,78,73,41,73,86,54,28,66,91,140,115,139,120,87,127,120,113,84,79,87,63,93,,86,92,91,92,83,58,92,116,77,53,93,100,66,134,74,72,221,77,36,124,125,107,92,105,156,106,99,125,81,227,75,115,93,107,81,105,99,79,105,104,59,60,,105,73,67,73,62,72,69,158,53,45,56,39,92,49,60,65,71,67,53,62,41,47,46,62,66,56,48,45,50,52,61,35,46,43,43,44,49,50,53,62,44,58,53,51,59,58,62,47,49,54,47,52,,60,64,28,57,69,68,67,68,64,52,58,39,53,83,55,33,55,62,55,70,40,61,27,62,61,,32,25,60,86,74,95,100,91,89,,99,85,75,82,73,125,109,54,74,104,55,47,52,78,47,50,40,39,100,95,100,153,79,81,70,82,76,50,75,62,102,64,48,42,103,59,82,77,95,104,81,81,86,45,72,102,61,57,82,123,105,103,,17,17,22,25,38,,94,64,146,86,,39,76,78,57,54,108,53,42,71,71,57,84,54,75,94,139,88,73,96,93,97,109,99,77,47,104,81,79,91,105,108,37,86,119,81,60,50,63,55,36,58,23,93,70,110,94,,77,78,77,,58,50,36,60,104,101,75,,40,79,74,101,104,100,99,74,66,,89,76,65,107,,102,,71,106,85,97,75,,109,92,80,,72,84,82,109,92,98,,76,76,76,81,74,46,54,77,44,52,52,42,46,45,50,33,49,40,43,38,41,29,40,,43,48,43,65,60,58,51,,41,66,65,66,54,47,27,39,33,35,51,23,10,38,52,29,44,92,126,171,91,65,49,81,46,53,73,80,,90,88,62,58,69,88,59,38,59,58,85,84,52,36,29,38,99,83,77,38,66,64,45,58,56,72,52,70,41,60,74,41,48,43,28,104,88,91,85,102,97,92,106,92,119,108,122,,135,86,51,53,72,77,74,65,90,82,148,104,70,88,33,85,109,77,87,35,87,89,110,55,30,72,43,71,46,103,97,112,89,80,30,83,77,74,58,74,76,62,76,50,49,52,77,122,98,73,106,83,83,105,111,105,112,84,63,82,94,112,98,78,90,81,133,90,118,89,77,92,102,109,101,120,110,75,78,21,,112,100,,71,109,102,94,,53,83,62,75,66,90,,88,80,69,65,90,84,46,82,43,32,40,68,67,66,87,51,71,80,100,79,75,59,116,21,23,47,102,510,283,247,16,22,23,20,45,32,64,82,83,,76,51,37,57,95,70,63,99,96,125,115,129,84,81,71,121,73,90,69,104,81,115,115,80,29,77,84,82,101,80,76,,106,84,90,97,99,89,43,102,48,55,57,77,77,,91,73,64,67,102,106,124,140,105,73,101,112,73,61,37,100,81,62,56,84,108,78,59,83,101,57,64,84,92,,75,,84,48,97,68,47,,91,95,102,92,155,72,72,90,91,,,123,122,62,91,109,115,,,57,50,84,125,124,128,102,75,104,28,99,57,45,63,65,116,86,64,68,40,87,81,78,81,86,17,,44,56,58,43,,130,46,87,117,134,47,,32,74,69,,79,71,94,69,76,75,79,58,85,53,,,,96,97,77,104,96,50,92,52,59,78,84,87,105,91,118,50,62,108,70,68,47,38,81,57,68,64,89,55,65,101,54,80,63,73,83,110,85,95,81,69,80,100,84,80,74,89,60,81,79,107,70,92,59,103,99,108,80,96,64,83,112,51,76,76,82,156,45,66,106,24,73,137,136,134,,115,78,114,86,110,77,128,154,59,29,75,25,99,77,52,23,30,32,179,76,207,38,57,72,61,,59,132,40,197,24,68,88,25,128,74,45,27,37,122,69,82,62,53,69,74,56,61,59,52,59,78,62,74,37,47,53,51,52,70,74,69,104,66,87,98,97,66,45,45,53,24,96,86,88,117,102,75,65,76,66,69,82,80,75,84,83,69,138,110,78,63,53,58,65,63,,58,60,66,60,77,114,110,95,58,50,54,75,74,89,51,68,72,63,67,88,49,112,105,121,115,141,118,,106,113,127,107,119,99,114,108,113,93,94,123,120,43,94,111,61,76,101,102,55,87,80,112,110,84,119,123,68,119,119,92,92,122,97,115,108,112,104,233,92,49,34,96,88,64,87,80,66,105,84,114,99,99,133,107,126,106,123,163,57,60,69,33,114,131,84,128,125,109,137,105,114,108,129,124,396,131,115,81,82,106,73,133,53,57,65,64,51,65,74,84,73,61,32,72,63,62,49,63,72,52,,88,79,108,83,70,70,62,37,51,64,45,31,50,20,53,95,91,73,76,61,69,71,64,126,95,94,95,82,68,76,,39,79,53,27,81,80,46,20,124,19,58,29,24,30,75,120,84,83,89,59,106,88,57,,85,64,63,65,56,90,39,23,97,258,77,69,71,55,114,121,49,61,37,69,84,,112,,107,83,98,82,49,110,94,107,90,127,83,88,47,53,52,84,83,46,103,83,66,110,124,47,33,,60,86,96,61,87,90,88,27,47,14,55,85,78,64,58,79,58,84,94,76,96,72,107,100,110,101,33,71,47,64,69,82,86,98,116,88,115,97,73,69,71,71,85,73,81,,38,109,82,75,106,90,102,111,32,5,79,56,70,44,74,50,44,43,93,53,59,43,42,116,30,95,94,23,67,90,71,79,48,53,62,69,60,62,,103,92,60,58,59,80,35,40,84,65
20160203,7,O3_8h,18,54,11,2,29,10,2,41,18,22,30,9,,3,2,8,7,2,4,,6,4,,7,2,3,,,5,5,2,2,9,71,14,5,9,15,7,8,9,11,4,6,9,6,33,27,56,12,5,9,18,4,3,60,65,65,63,50,34,16,14,32,56,6,12,11,3,9,5,4,32,28,23,,6,10,13,1,,20,2,4,4,3,5,4,9,5,4,6,3,7,5,16,30,7,3,,6,6,,5,9,,6,30,22,13,17,54,34,39,51,32,87,12,29,5,27,25,64,52,10,24,40,36,34,28,,2,5,2,16,20,48,18,22,65,29,31,60,32,52,27,55,28,6,5,9,4,6,12,76,2,29,25,3,9,2,4,6,6,4,21,59,45,43,32,23,35,46,38,38,11,19,11,17,33,10,15,12,18,20,38,12,,26,4,6,19,3,8,8,8,9,68,9,,4,15,16,47,40,18,54,6,7,36,3,26,42,39,53,54,76,55,33,30,26,17,77,6,36,9,10,11,16,28,25,30,23,26,51,,61,47,44,65,66,46,64,34,30,30,,20,,16,41,,58,57,71,82,104,67,28,44,36,,,36,50,50,25,5,5,2,5,5,4,22,9,24,32,66,69,64,33,58,76,34,14,39,32,86,66,56,85,52,51,45,63,77,44,70,36,60,,58,60,76,42,40,29,42,64,24,21,24,13,14,12,8,22,19,35,1,13,15,1,2,7,56,5,16,23,4,77,17,,20,12,9,13,18,8,5,35,45,51,,52,47,47,60,50,42,61,72,44,36,48,35,65,43,57,57,55,53,44,52,24,40,33,54,52,46,38,36,42,42,46,30,37,32,30,33,38,44,39,51,40,53,48,43,49,50,52,40,41,48,44,45,,16,12,2,30,29,7,26,8,50,31,52,29,46,67,6,3,23,6,22,27,4,12,5,6,33,,10,2,10,9,40,30,33,33,39,,38,46,57,60,57,118,61,43,58,75,37,22,30,57,17,16,7,3,42,14,31,50,43,38,12,37,10,15,12,11,8,10,16,17,15,3,12,9,25,64,4,5,36,27,56,52,57,8,22,37,27,45,,2,2,3,4,6,,16,10,12,17,,12,11,33,22,15,96,26,8,22,28,31,10,28,11,8,82,42,41,34,26,14,6,16,8,16,38,11,7,15,22,51,17,16,39,8,46,40,14,42,1,2,3,5,12,14,4,,3,4,36,,27,7,9,10,10,6,12,,7,10,17,42,17,66,50,19,44,,29,15,45,25,,18,,10,46,37,53,7,,7,5,5,,54,64,52,12,18,9,,73,59,71,70,62,19,22,15,19,25,16,29,30,30,34,16,32,22,25,24,28,18,34,,36,38,35,55,53,54,36,,28,63,55,61,35,25,18,15,17,12,21,16,8,30,19,8,13,56,85,108,10,9,21,46,10,8,10,17,,24,7,10,9,7,36,4,9,3,7,12,3,4,23,22,29,81,4,26,15,14,5,3,14,44,4,7,33,5,24,9,11,5,6,6,10,44,14,31,30,25,34,22,72,30,66,84,,109,27,22,15,21,25,9,8,16,19,99,56,48,53,28,39,24,25,78,22,3,3,5,27,7,9,3,6,19,26,32,37,86,9,3,23,12,6,23,22,7,14,10,9,3,39,61,90,63,14,9,2,48,10,9,16,24,5,6,20,1,14,23,12,24,24,46,9,56,2,20,20,19,26,36,58,38,34,26,18,,36,18,,63,96,86,81,,48,68,52,56,21,69,,46,51,55,57,35,31,18,25,16,9,12,28,9,17,5,16,6,14,27,30,17,22,25,6,6,29,54,39,27,18,10,7,7,9,16,24,55,72,59,,64,32,28,15,8,7,9,30,12,68,52,52,5,8,2,75,15,9,7,16,12,17,6,33,3,22,13,56,72,54,50,,18,19,5,26,94,84,38,22,28,19,18,35,7,,71,56,3,13,41,10,56,43,9,2,20,16,54,46,1,20,17,10,22,58,39,23,9,13,40,5,27,27,24,,35,,23,18,22,15,11,,22,19,30,7,49,9,21,16,45,,,107,84,29,48,30,49,,,22,12,9,43,73,21,9,43,63,18,64,21,8,15,35,13,12,10,14,30,4,3,11,8,6,2,,5,4,13,16,,25,6,14,22,2,6,,15,17,1,,42,25,59,66,71,29,18,29,34,7,,,,80,78,43,56,82,5,2,21,9,8,26,6,32,9,8,16,22,29,27,20,2,18,26,28,7,4,7,2,11,18,16,53,48,44,52,58,20,36,63,21,34,81,72,68,26,64,45,70,74,90,33,31,12,55,29,85,56,79,32,35,65,41,46,60,28,35,1,42,57,17,43,79,11,48,,32,14,49,40,43,11,64,57,40,9,28,11,58,24,15,19,9,11,136,37,49,20,22,26,22,,31,62,8,140,21,38,51,12,,38,12,,5,97,48,49,54,42,57,68,47,31,31,35,29,56,48,61,22,33,45,43,39,39,57,44,68,31,49,53,40,33,6,4,8,3,32,13,13,18,9,23,22,39,20,15,51,62,60,64,63,20,32,36,19,24,13,19,20,16,,13,12,18,8,46,54,44,46,16,16,16,22,2,24,8,58,57,49,44,42,27,46,48,57,53,74,27,,10,32,24,64,84,63,74,32,66,46,5,26,34,14,14,89,12,24,34,69,32,46,49,48,48,20,77,63,34,81,2,2,30,49,31,27,12,45,32,26,44,10,6,9,16,7,9,15,14,27,32,28,41,45,28,36,37,26,17,36,46,56,65,31,51,55,37,64,54,28,9,12,16,20,57,40,44,56,21,19,11,4,63,65,51,54,62,61,36,54,65,60,67,51,24,65,47,51,32,15,14,51,,16,5,17,6,8,46,39,7,6,4,5,15,20,9,20,34,32,26,29,44,38,31,37,64,39,39,42,55,41,41,,23,6,12,7,16,17,26,4,89,6,52,13,2,2,27,30,25,25,30,32,43,45,20,,48,23,11,22,2,69,10,9,88,214,60,55,57,45,54,55,33,37,34,66,57,,80,,47,56,84,79,45,93,22,24,26,40,56,60,42,39,46,48,47,,16,72,57,8,12,20,2,,53,25,43,30,40,86,65,4,5,10,49,84,76,18,8,5,6,2,1,,4,32,28,14,28,29,20,43,37,54,49,33,25,34,45,22,36,55,44,55,38,51,26,26,40,,11,32,24,32,63,58,60,43,9,4,32,6,12,24,54,24,19,16,12,20,15,20,21,83,21,65,57,16,51,72,54,14,11,5,12,18,43,54,,57,88,46,32,29,33,8,21,33,53
20160203,7,O3_8h_24h,48,83,53,49,61,41,51,72,46,59,64,55,,48,44,83,63,58,61,,56,58,32,60,39,84,,56,72,64,62,59,60,88,70,66,64,59,76,59,32,76,30,64,28,42,52,43,95,68,56,62,52,54,43,85,78,73,76,69,60,68,62,72,80,54,64,57,49,64,67,68,82,76,62,,51,36,59,32,,42,37,32,31,20,50,44,63,50,55,41,37,57,47,71,41,51,55,,55,33,,34,35,,80,70,54,60,40,67,78,66,80,58,127,54,68,28,55,53,90,103,43,75,92,41,59,30,,16,18,36,40,40,85,40,57,76,63,73,88,81,72,72,85,75,94,82,108,96,74,99,114,77,52,75,76,77,52,76,80,72,66,74,81,74,78,50,88,93,58,88,96,98,72,82,36,79,93,86,88,92,113,83,80,,83,68,70,83,46,50,73,77,68,96,68,,59,75,97,80,74,76,94,112,55,84,84,78,88,80,89,91,100,83,60,66,88,82,119,81,86,56,87,98,110,93,89,90,82,95,90,,105,88,85,66,66,54,64,76,77,57,,93,,92,111,,73,77,84,100,105,80,69,88,85,,,109,80,88,81,83,58,47,87,77,88,82,84,87,100,69,76,72,36,67,83,51,22,56,76,131,106,125,108,72,115,107,98,78,62,74,48,76,,75,78,85,81,72,53,78,108,68,43,79,84,40,70,58,65,101,68,24,104,102,70,70,77,129,79,85,105,62,100,67,103,81,94,64,92,85,68,96,96,45,51,,57,61,56,68,50,68,62,74,47,39,49,35,81,44,57,60,65,64,48,58,35,42,45,56,60,48,46,42,45,44,53,42,45,36,40,37,38,47,41,52,40,53,48,44,53,52,56,41,45,48,44,46,,56,60,25,55,67,63,64,61,57,46,54,34,48,71,38,17,34,39,42,46,23,48,18,50,40,,19,16,50,56,58,69,78,69,66,,71,78,67,71,69,118,98,52,63,95,47,28,32,74,35,34,23,22,90,84,90,93,72,76,51,64,62,34,56,40,82,47,41,36,79,42,65,47,69,96,63,48,54,35,65,86,59,48,63,105,94,88,,9,12,16,18,25,,86,63,98,75,,32,62,66,48,45,104,49,41,66,52,46,67,41,58,77,82,76,61,77,84,71,92,80,72,34,86,68,59,72,83,95,34,72,107,66,60,48,52,54,29,44,19,75,55,84,76,,58,59,65,,46,37,33,53,83,79,64,,33,67,60,73,87,90,89,58,52,,49,60,55,87,,79,,54,87,66,80,53,,74,78,66,,67,75,69,53,71,84,,73,67,71,77,66,35,39,59,36,45,39,36,40,39,42,29,44,34,38,34,37,26,35,,40,44,41,58,55,54,36,,28,64,58,64,48,40,24,31,26,26,41,18,8,30,44,20,28,79,111,141,80,49,42,58,40,44,58,64,,79,68,46,41,54,77,45,30,48,51,75,66,47,32,24,34,85,60,56,34,49,47,35,40,50,48,40,59,31,52,50,31,34,33,21,30,69,71,75,82,70,65,89,78,94,88,107,,129,66,36,46,62,69,62,52,43,59,134,82,57,84,30,66,89,67,82,29,69,72,84,39,24,66,38,64,37,92,85,102,87,64,26,68,59,60,50,66,63,46,61,41,38,40,61,98,79,56,81,65,75,84,97,88,104,63,54,66,79,100,84,69,84,72,120,82,108,75,72,80,90,101,93,105,96,64,67,19,,96,87,,69,103,99,90,,50,78,60,71,66,78,,80,72,59,59,78,64,37,52,36,28,35,55,51,64,61,44,56,61,83,64,59,43,61,17,18,34,91,126,84,67,15,18,18,17,34,31,58,72,71,,64,32,28,48,80,61,36,84,80,107,102,112,67,59,46,114,62,79,60,90,60,101,99,66,18,58,69,73,93,73,72,,89,66,79,82,96,85,40,80,43,42,46,64,63,,83,67,53,61,95,92,110,117,80,59,82,96,59,58,27,87,67,49,46,77,91,66,52,74,91,50,59,65,76,,58,,63,46,73,45,39,,70,71,78,73,132,55,58,74,75,,,116,108,53,84,97,106,,,51,41,66,105,109,106,83,66,92,25,85,52,45,54,59,82,69,54,55,36,74,68,63,61,71,12,,29,42,48,36,,101,37,71,100,115,32,,28,58,58,,68,53,86,66,74,66,62,47,70,39,,,,91,90,72,96,90,44,73,46,46,69,69,68,82,75,85,36,46,80,58,59,38,35,68,46,54,52,69,35,42,77,40,66,58,62,74,94,76,86,77,65,74,95,81,74,68,86,57,76,77,98,58,68,53,88,88,97,56,91,32,67,106,43,73,70,68,89,36,61,71,21,57,113,113,113,,95,64,102,78,98,57,108,125,54,25,60,20,89,67,35,20,21,25,136,70,136,24,48,64,53,,51,103,32,197,23,62,77,20,45,64,30,27,31,117,65,81,68,53,65,72,55,56,58,53,59,76,52,69,33,43,48,46,43,66,70,66,98,56,68,83,77,54,37,35,42,18,89,76,80,104,92,66,55,69,57,58,77,76,72,81,79,61,122,96,69,55,44,51,58,54,,60,62,63,60,68,105,97,86,46,42,43,53,49,64,35,60,61,52,57,72,39,95,91,109,102,123,101,,91,96,114,90,99,80,94,96,104,87,78,108,96,36,83,101,51,66,93,89,47,68,68,99,92,73,105,107,60,105,105,82,82,108,85,99,87,98,88,78,84,42,26,87,76,55,76,67,60,97,78,106,91,91,120,96,113,92,106,163,51,57,65,31,105,113,75,114,109,95,102,96,105,100,123,118,300,125,110,81,67,92,68,87,51,54,62,61,48,58,70,75,72,56,30,69,60,57,46,61,69,51,,82,73,100,77,63,67,59,49,24,33,25,28,37,14,41,68,66,55,60,44,39,38,37,106,67,66,63,70,54,58,,32,50,32,20,60,56,40,15,110,16,56,20,16,22,68,79,70,71,74,55,84,82,37,,77,62,61,61,62,95,25,18,101,214,60,55,57,48,96,98,56,61,34,66,83,,104,,102,77,97,79,47,99,84,99,74,119,76,79,42,39,47,68,72,38,90,80,61,85,97,43,27,,53,76,86,53,74,87,84,25,44,10,53,84,76,55,44,58,44,73,73,64,74,67,78,78,94,92,29,60,44,55,58,66,70,88,100,58,82,90,68,60,57,65,72,60,78,,31,96,73,58,101,84,91,102,24,4,61,43,50,40,66,43,41,38,87,46,50,38,38,109,24,79,83,26,60,74,62,63,40,45,53,54,51,62,,71,92,54,47,48,67,30,33,76,57
20160203,7,CO,0.7,1,1,1.1,1.1,1.2,3.4,0.4,0.8,4.4,1.1,1.8,,3.135,3.689,3.53,3.029,3.604,4.014,,2.617,4.237,2.146,2.704,2.049,3.648,,2.349,1.764,2.412,1.827,1.62,1.724,0.943,3.291,4.236,2.956,3.378,3.535,3.591,2.491,1.719,3.684,2.994,2.944,8.884,8.426,11.492,8.593,15.268,12.293,10.742,4.825,10.191,17.098,0.766,0.776,0.492,0.691,0.474,1.07,1.531,1.519,1.353,0.799,6.068,3.303,2.261,2.827,6.934,6.781,5.775,3.993,3.2,3.44,,3.683,4.046,4.274,1.577,,1.473,4.397,4.461,3.336,3.357,3.02,2.708,1.816,2.241,1.983,4.81,2.572,2.043,2.302,1.784,1.346,2.354,3.03,,3.586,3.02,,2.578,3.335,,3.06,2.439,2.066,2.342,2.42,1.973,2.067,1.298,1.524,1.427,1.083,1.239,1.444,1.565,1.172,1.197,1.014,2.292,1.308,0.969,0.979,2.138,0.565,2.618,,1.369,0.755,1.469,0.761,1.468,1.917,1.597,0.484,1.706,1.16,1.153,0.894,1.139,1.081,1.27,1.298,0.951,2.171,2.209,3.254,2.043,2.21,1.817,1.403,1.663,1.605,1.5,2.03,1.849,1.985,2.113,1.716,1.344,1.35,1.537,1.176,1.345,0.476,0.752,2.526,2.281,1.643,1.388,3.243,2.713,3.411,1.794,2.176,1.736,1.467,1.87,1.989,1.831,2.054,1.293,2.035,,2.132,2.31,1.497,2.286,1.596,2.385,2.35,1.697,2.15,1.889,1.608,,1.299,1.651,1.803,1.218,1.278,2.178,1.023,1.361,2.226,1.779,2.293,2.161,0.966,0.843,0.774,0.666,2.335,2.289,2.423,3.002,0.86,0.644,0.686,1.014,1.165,1.203,0.982,1.43,1.372,1.319,0.895,1.318,0.92,1.222,1.117,,0.93,1.18,0.837,0.88,1.051,1.196,0.866,0.992,0.764,1.181,,1.132,,1.437,1.599,,0.99,0.645,1.17,1.312,1.069,0.973,1.005,0.891,0.851,,,1.09,0.781,0.922,0.788,1.57,2.647,1.463,1.361,1.891,1.551,2.65,1.27,1.18,1.456,0.608,0.946,0.567,0.58,0.911,0.812,0.673,0.652,0.7,1,1.096,1.128,,1.267,1.248,0.669,0.817,0.923,0.929,1.642,1.105,1.326,1.579,,1.31,1.646,0.824,1.349,1.17,1.396,1.796,1.524,1.89,1.242,1.825,2.353,2.498,2.209,1.782,1.705,1.626,1.762,2.149,2.317,1.014,1.366,1.739,2.134,1.281,1.502,1.956,1.613,2.508,0.64,1.082,2.414,1.019,1.688,1.3,1.3,1.718,1.242,1.764,1.505,0.568,0.902,,0.706,0.773,0.691,0.638,0.774,0.829,0.658,1.095,1.084,0.974,1.317,0.719,1.217,0.933,1.294,1.066,1.248,1.194,1.013,0.832,0.941,0.897,0.864,0.563,0.545,0.977,0.709,0.87,0.808,0.846,1.445,1.016,1.022,0.962,0.8,0.696,0.775,1.188,1.07,0.866,0.955,0.981,0.876,0.868,1.03,0.916,0.788,0.942,0.849,1.329,1.007,1.099,,1.462,1.308,1.353,1.657,1.612,1.233,1.566,1.52,0.788,0.82,0.921,0.959,0.972,0.919,1.37,1.301,1.084,1.096,1.351,0.978,1.187,1.098,1.016,0.876,0.953,,1.371,,1.18,1.195,1.28,1.4,1.498,1.349,1.602,,1.79,1.324,0.544,1.153,0.591,0.614,0.713,0.846,1.459,0.759,0.805,1.197,0.876,1.179,2.6,1.854,2.435,2.455,0.484,1.635,0.743,0.252,0.29,0.204,1.662,2.44,2.227,1.645,1.976,2.945,2.63,4.451,3.66,1.908,2.47,1.828,2.695,2.941,1.437,1.554,1.281,3.632,2.996,2.915,1.551,2.385,0.785,3.74,2.352,1.928,2.093,2.718,,5.146,6.577,2.982,1.64,2.79,,1.246,1.379,1.897,1.865,,1.408,1.162,1.177,1.155,1.16,0.551,0.822,1.446,1.75,1.206,2.187,1.947,1.187,3.117,3.686,2.299,1.016,0.587,0.723,0.961,1.424,2.162,0.919,2.02,2.481,1.942,3.083,2.345,1.816,1.906,1.111,1.719,2.902,2.845,1.773,0.585,0.628,0.687,0.553,2.156,2.49,3.058,3.256,3.376,2.843,4.125,,4.511,3.521,2.214,,2.237,3.385,3.497,3.404,1.568,2.344,3.362,,5.882,2.241,9.555,1.176,2.453,1.794,1.653,1.714,1.186,,0.885,1.973,3.518,1.996,,1.961,,3.995,1.418,1.736,1.187,2.64,,3.174,3.728,1.95,,0.673,1.007,1.38,1.979,2.23,2.27,,1.343,1.232,0.676,0.805,1.288,0.806,0.943,1.063,0.92,1.006,1.131,1.316,1.081,0.939,1.066,1.117,0.697,0.796,1.1,1.093,0.901,0.97,1.069,,1.248,1.249,1.205,0.898,0.82,0.807,0.863,,0.916,0.847,1.029,0.706,0.935,0.906,0.879,0.962,0.834,0.859,0.935,1.811,,0.957,1.457,1.752,1.706,1.71,1.596,1.47,3.356,2.944,2.479,1.603,2.687,3.292,7.919,7.053,,4.55,4.437,5.837,9.275,2.365,4.472,4.139,6.484,5.083,1.863,4.398,3.556,0.878,0.446,2.999,0.876,0.1,3.844,1.231,1.331,1.58,2.384,2.448,1.498,0.112,3.87,3.616,1.234,2.961,1.983,6.384,1.707,3.418,5.289,3.215,1.522,3.095,1.737,1.505,2.256,1.262,1.39,1.843,0.646,1.517,1.485,0.924,,0.746,0.694,1.204,0.989,0.89,1.186,2.175,2.293,1.904,1.914,1.196,0.799,0.56,0.921,0.928,1.014,1.216,1.055,1.722,0.902,2.998,1.581,2.696,2.586,4.215,1.843,0.553,0.443,1.903,1.795,0.913,2.105,0.485,3.179,2.05,2.876,3.607,2.793,2.15,1.768,5.791,6.758,4.076,5.333,4.566,2.517,1.032,1.36,1.886,4.855,4.326,2.651,1.984,1.815,1.974,2.683,1.738,2.358,3.146,3.502,1.578,1.029,1.328,0.865,1.17,1.157,2.612,5.27,1.746,1.436,0.962,1.385,1.712,0.99,1.022,1.652,1.534,0.407,1.745,1.229,,1.516,0.793,0.691,1.127,1.143,1.203,1.445,,1.431,1.051,1.387,0.958,1.042,0.847,,1.116,0.948,0.945,0.821,2.039,1.418,1.168,1.135,1.762,1.639,1.18,1.964,1.355,1.126,2.512,1.315,1.55,0.944,0.835,0.848,,0.792,1.278,1.178,1.157,1.604,1.283,1.81,1.282,1.546,,1.68,1.109,1.071,1.251,1.328,0.933,0.402,0.931,,1.045,1.135,1.384,2.424,2.956,2.699,2.986,1.236,3.269,1.397,0.821,1.678,1.3,1.204,2.569,1.358,1.285,4.01,2.386,1.75,3.838,2.334,2.038,1.495,1.815,2.673,2.195,0.824,0.095,2.176,0.37,,2.315,2.23,2.007,0.821,1.39,2.296,1.829,1.082,1.402,1.151,1.156,0.873,2.637,,1.157,1.165,4.295,1.929,1.758,1.71,2.1,1.827,3.305,3.04,3.082,2.895,1.693,2.489,1.987,2.046,2.209,2.416,1.519,0.742,1.493,1.899,1.896,2.956,1.103,1.655,0.612,0.947,1.178,,1.874,0.938,1.255,1.691,0.767,1.188,1.188,,1.412,1.334,1.494,1.821,2.029,1.712,1.875,0.826,0.92,,,0.99,0.843,0.866,0.939,1.341,1.094,,,3.36,1.31,1.012,1.695,0.495,1.823,2.689,1.27,1.196,1.005,1.767,0.779,0.781,0.886,5.231,2.551,3.775,7.03,2.393,4.984,2.022,2.33,2.741,1.607,2.353,2.361,,2.02,2.17,5.182,5.516,,6.089,5.026,4.979,2.465,3.728,3.28,,5.397,1.814,3.428,,0.887,0.975,0.616,0.276,0.915,0.48,1.768,0.608,0.882,2.971,,,,0.593,0.156,1.065,1.345,0.336,3.293,1.528,0.981,1.43,1.435,1.115,1.637,1.468,1.824,1.728,1.132,2.177,1.21,3.769,2.234,5.045,2.976,0.544,0.865,0.574,2.472,2.052,2.298,4.23,1.769,2.218,0.895,1.045,0.309,0.341,1.448,1.675,0.812,2.796,0.64,3.694,2.383,2.233,0.471,5.803,0.331,1.481,1.076,0.827,0.683,,0.863,0.646,1.773,1.804,1.2,1.16,1.126,3.763,1.874,1.564,0.463,0.63,0.322,1.323,1.041,1.27,0.504,1.085,1.495,1.18,1.142,1.152,1.029,,1.459,2.689,1.308,1.79,1.096,2.006,1.24,1.06,2.041,1.475,1.114,1.557,1.151,1.295,0.808,1.27,,0.618,0.154,0.426,0.193,1.823,1.696,1.822,1.328,,0.771,1.634,2.209,2.275,0.333,1.01,1.346,0.862,1.102,1.287,1.146,1.547,0.754,0.814,0.519,0.805,0.716,0.411,0.841,,0.562,1.095,0.754,0.919,0.708,0.706,0.929,0.326,0.888,0.868,1.022,0.993,0.891,0.809,0.757,0.828,0.012,1.035,0.607,0.785,0.698,1.284,1.592,1.37,1.182,1.894,1.495,1.187,1.995,2.295,2.44,0.877,0.942,0.802,0.819,0.991,1.345,1.447,1.599,0.796,1.122,1.263,1.679,1.042,1.211,1.332,1.443,1.003,1.608,1.487,,1.894,2.331,1.653,2.478,1.726,0.28,0.932,0.421,4.282,3.048,2.385,1.404,7.146,2.771,4.334,2.22,3.062,2.221,2.048,1.78,1.65,1.601,1.726,1.667,2.77,1.544,1.652,,1.83,1.402,1.688,0.805,0.623,0.579,1.238,1.796,0.954,1.166,1.339,2.644,1.847,1.569,1.755,1.332,1.401,1.451,0.907,1.65,1.61,1.222,1.229,1.499,1.429,1.885,1.437,1.103,1.092,0.953,3.161,2.089,1.905,1.169,0.922,0.974,1.108,0.827,1.528,1.314,1.509,0.152,0.579,1.246,1.479,1.535,2.176,1.621,1.758,1.025,1.711,1.311,1.281,1.473,1.186,2.539,1.204,1.944,1.644,1.872,0.608,1.055,0.847,1.556,0.736,0.996,1.282,1.146,1.094,1.322,0.912,0.985,0.877,1.171,0.734,1.458,1.592,0.058,1.66,0.034,,0.52,0.747,0.754,2.237,0.617,0.974,0.797,0.813,1.494,1.285,1.299,1.131,1.262,2.253,0.537,1.369,1.484,1.572,0.705,0.844,1.107,,1.576,1.727,1.761,1.458,1.172,1.19,1.262,1.73,1.477,1.937,2.14,1.598,1.098,2.444,1.398,1.088,1.174,1.329,0.927,1.466,1.494,1.489,1.43,1.16,1.226,1.118,0.858,1.136,1.177,1.408,,1.303,1.158,1.313,1.509,1.17,1.464,0.925,1.988,1.257,1.185,1.151,1.325,2.746,1.476,1.126,1.286,1.329,1.184,1.179,0.656,0.718,0.793,0.739,,1.416,1.853,1.851,2.233,2.343,1.2,1.23,0.739,1.1,0.947,1.071,0.976,0.784,1.12,0.823,0.967,1.758,1.611,1.281,1.1,0.403,,0.524,,,1.056,1.106,1.27,0.461,0.682,1.014,0.351,0.541,1.367,0.65,0.658,1.01,0.552,0.71,0.313,1.232,0.841,0.18,0.278,0.545,1.856,0.685,0.631,0.723,,0.716,0.192,1.235,0.731,0.938,,,2.05,3.373,0.441,0.62,0.254,0.722,2.866,3.224,3.106,4.34,4.094,2.001,2.113,2.529,,1.765,1.254,2.96,2.145,1.032,0.694,0.824,1.696,2.077,2.823,2.072,2.378,2.727,3.687,1.628,0.48,0.358,2.636,1.996,2.348,2.025,1.671,0.998,,1.835,2.671,1.706,1.649,1.3,0.554,0.413,0.576,1.472,0.874,1.48,1.229,2.917,0.611,1.394,0.581,2.175,2.289,1.422,2.33,1.432,1.831,1.408,0.485,2.632,2.556,1.437,2.949,1.01,0.782,1.27,2.612,1.765,2.353,4.274,6.413,1.932,1.526,,,,0.759,1.678,2.855,2.672,2.159,0.673,2.447,1.184
20160203,7,CO_24h,1.075,0.475,0.929,1.117,0.883,1.067,1.692,0.771,0.754,0.925,1.004,1.758,,1.615,1.909,1.989,1.51,1.765,2.695,,1.361,2.263,1.194,1.653,1.069,1.922,,1.437,1.664,1.7,1.37,1.551,1.074,0.689,2.081,2.632,1.967,2.19,2.272,2.324,2.351,3.127,2.26,1.594,1.975,5.252,6.158,6.219,6.162,4.448,4.944,3.986,3.176,4.347,6.373,0.646,0.706,0.404,0.632,0.514,1.05,1.252,1.509,0.989,0.648,2.09,1.546,1.532,1.589,3.715,4.442,3.009,2.53,2.707,2.818,,2.675,4.108,2.735,1.686,,1.472,2.62,2.992,3.627,3.246,3.123,3.13,1.734,2.125,1.088,4.118,2.259,1.743,1.727,1.41,1.198,1.931,1.855,,1.879,2.209,,1.912,1.802,,1.709,1.098,1.143,1.734,1.587,1.405,1.555,1.57,0.937,1.12,0.596,1.276,1.309,1.524,1.235,1.279,0.969,1.766,1.474,1.267,1.037,1.374,0.878,3.449,,1.871,0.773,1.514,1.194,2.096,1.963,1.058,0.889,1.55,1.292,1.31,1.043,1.285,1.28,1.223,1.625,1.024,1.887,1.611,2.872,1.753,2.037,1.734,1.574,1.374,1.779,1.325,1.633,1.569,1.914,1.712,1.319,1.649,1.616,1.683,1.203,1.074,0.796,0.925,1.821,1.52,1.199,1.297,1.909,2.137,1.798,1.718,1.99,2.181,1.512,1.964,1.479,1.627,1.872,1.288,1.572,,1.938,2.586,1.678,1.92,1.953,1.919,1.515,2.043,1.531,1.506,1.495,,1.225,1.243,1.456,1.492,1.691,2.079,1.176,1.347,1.727,1.417,2.332,1.495,0.96,1.012,1.018,0.889,2.267,2.252,2.328,2.699,0.918,0.656,0.741,0.969,1.224,1.294,1.035,1.079,1.165,1.288,0.934,1.248,0.895,1.077,1.011,,0.863,1.056,0.79,0.949,1.128,1.311,1.058,0.958,0.788,1.142,,1.158,,1.092,1.285,,1.046,0.653,1.04,1.329,1.113,1.029,0.975,0.881,1.388,,,1.034,0.913,0.957,0.864,1.217,1.51,1.145,1.028,1.463,1.406,2.326,1.523,1.043,1.398,0.472,0.758,0.545,0.638,0.907,0.795,0.76,0.758,0.762,1.07,0.845,1.011,0.523,1.214,0.927,0.897,0.825,1.096,1.003,1.856,1.175,1.354,1.373,,1.321,1.654,0.768,1.459,1.116,1.313,1.515,1.383,1.867,1.104,1.572,1.861,2.026,1.668,1.416,1.422,1.493,1.452,2.002,1.88,1.079,1.447,1.725,1.452,1.52,1.502,1.902,1.524,2.32,0.9,1.052,2.033,1.076,1.475,1.403,1.4,1.735,1.253,1.577,1.35,0.682,1.004,,0.748,0.81,0.731,0.711,0.918,0.843,0.735,1.198,1.088,0.992,1.307,0.748,1.156,0.988,1.305,1.026,1.245,1.1,1.013,0.859,0.923,0.923,0.884,0.701,0.687,1.08,0.94,0.971,0.846,0.997,1.307,1.096,1.05,0.955,0.817,0.797,0.958,1.234,1.197,0.889,0.98,1.008,0.904,0.912,1.088,1.021,0.901,1.02,0.862,1.283,1.102,1.115,,1.296,1.083,1.3,1.31,1.4,1.108,1.38,1.395,0.983,0.88,1.333,1.047,1.407,1.052,1.407,1.455,1.299,1.37,1.362,1.013,1.368,1.392,1.252,1.013,1.069,,1.638,1.597,1.377,1.021,1.289,1.433,1.548,1.348,1.628,,1.92,1.278,0.692,1.48,0.772,0.898,1.034,1.189,1.327,1.033,1.097,1.38,0.927,1.309,2.379,1.675,2.088,2.234,1.231,1.479,0.697,0.358,0.386,0.365,1.49,2.465,1.75,1.862,1.273,2.729,1.665,3.859,3.555,2.029,1.867,2.121,2.276,2.847,1.84,1.44,1.687,2.249,2.168,2.46,1.819,2.166,0.978,2.665,1.874,1.937,1.385,2.105,,3.239,4.805,3.962,2.079,3.127,,1.195,1.325,1.66,1.52,,1.465,1.35,1.257,1.4,1.252,0.705,0.995,1.426,1.743,1.53,2.142,2.449,1.527,2.054,3.154,1.555,0.991,0.48,0.671,1.05,1.72,1.762,1.147,1.358,2.218,1.724,2.31,1.944,1.306,1.474,0.875,1.616,2.697,2.123,2.073,0.692,0.789,0.854,0.669,1.938,2.497,2.958,2.042,1.944,2.015,2.861,,3.681,3.364,2.209,,2.255,2.942,3.304,3.095,1.409,2.149,2.304,,3.601,1.832,2.783,1.083,1.356,1.603,1.502,1.273,1.048,,0.984,1.524,1.884,2.047,,1.948,,1.805,1.564,1.687,1.499,1.956,,2.924,2.64,1.61,,0.825,1.055,1.305,1.305,1.233,1.31,,1.412,1.293,0.806,0.831,1.338,0.93,1.073,1.082,0.979,0.945,1.094,1.036,1.132,0.973,1.079,1.096,0.718,0.869,1.128,1.118,0.877,1.104,1.158,,1.318,1.242,1.203,1.016,0.93,0.9,1.002,,1.254,0.966,1.136,0.826,0.998,1.063,0.964,1.099,0.888,0.975,1.015,1.869,,0.927,1.338,1.889,1.679,1.587,1.728,1.732,2.894,2.731,2.313,1.575,2.242,2.916,5.188,5.279,,3.296,3.859,4.908,8.034,2.056,4.479,3.671,5.272,3.219,1.332,2.308,2.404,0.79,0.352,2.818,0.784,0.37,2.964,1.748,2.137,2.019,2.492,2.515,2.328,0.935,4.082,4.019,1.352,3.112,1.958,3.73,2.688,2.532,2.678,3.871,3.001,2.945,1.376,1.489,2.101,1.189,1.541,1.66,0.792,2.087,1.587,0.997,,0.733,0.666,1.335,0.696,0.877,0.738,2.147,1.909,1.662,2.208,1.007,0.83,0.723,0.763,1.113,0.784,1.321,1.27,1.742,1.09,2.729,1.397,1.809,2.267,2.718,1.916,0.847,0.891,0.733,1.399,0.73,1.576,0.496,2.534,2.169,2.937,3.18,2.667,1.91,1.723,4.194,6.679,2.692,4.109,4.618,1.991,1.626,1.478,1.844,2.264,3.122,1.441,1.666,1.505,1.717,2.233,1.213,2.146,3.052,3.531,1.295,1.107,1.417,0.923,1.33,1.247,1.754,2.245,1.527,1.344,0.785,1.411,1.535,1.024,0.968,1.336,1.56,0.81,1.4,0.925,,1.576,1.196,0.64,0.89,1.012,1.054,1.286,,1.472,1.114,1.416,1.175,1.338,1.388,,1.364,1.247,1.087,0.894,2.401,1.507,1.248,1.195,1.677,1.475,1.228,1.75,1.335,1.188,2.668,1.674,1.489,1.077,0.912,0.984,0.926,0.875,1.356,1.317,1.219,1.716,1.263,1.866,1.336,1.594,0.787,1.882,1.212,1.196,1.422,1.47,1.098,0.605,0.975,,1.238,1.325,1.601,1.822,2.515,1.87,2.063,1.35,2.389,1.554,0.933,1.621,1.337,1.49,2.118,1.161,1.211,2.221,1.858,1.369,2.229,1.855,1.751,1.001,1.966,2.247,1.577,1.207,1.08,2.165,0.324,,1.98,1.527,1.411,0.863,1.227,2.085,1.721,1.067,1.497,1.612,1.41,1.036,2.164,,1.082,1.1,3.322,1.463,1.318,1.729,1.712,1.75,2.953,2.005,2.408,1.692,1.535,1.836,2.167,2.138,1.978,2.365,1.042,0.835,1.659,1.808,1.615,2.29,1.344,1.065,0.918,1.334,1.331,,1.338,1.311,1.549,1.697,1.021,1.278,1.263,,1.461,1.506,1.354,1.77,1.789,1.314,1.766,0.92,0.947,,,0.996,0.915,0.963,0.947,1.329,1.134,,,1.163,1.276,1.149,1.389,0.627,1.404,1.938,1.465,1.366,1.131,1.863,0.825,0.888,0.934,2.481,1.806,2.762,3.843,1.761,2.121,1.938,1.656,2.125,1.635,2.094,2.592,,2.028,2.681,4.853,3.666,,4.551,3.578,4.11,2.352,3.432,3.297,,4.381,3.921,2.76,,0.97,1.239,0.888,0.31,0.825,0.556,2.157,0.738,0.817,1.405,,,,0.637,0.186,1.494,1.773,0.461,3.198,0.756,0.856,0.848,1.21,1.247,1.729,1.29,1.667,1.822,1.349,1.82,0.863,3.438,2.43,4.66,2.12,1.109,1.013,1.217,2.518,2.084,1.619,2.994,1.557,1.745,1.742,0.582,0.684,0.619,1.25,1.307,0.984,1.67,0.506,2.103,1.56,1.435,0.595,3.001,0.49,1.199,0.963,0.839,0.644,,0.912,0.364,1.7,1.595,1.127,1.05,0.829,1.146,1.097,0.972,0.732,0.428,0.286,1.397,1.038,1.236,0.636,1.434,1.763,1.422,1.414,1.298,1.289,,1.312,2.518,1.274,1.547,1.053,1.978,1.391,1.693,2.29,1.631,1.141,1.599,1.496,1.563,0.832,1.119,1.173,0.648,0.205,0.581,0.231,1.576,1.424,1.641,1.663,,0.959,1.511,2.051,2.269,0.341,0.842,1.11,0.953,1.201,1.403,1.051,1.245,0.873,0.964,0.746,0.88,0.809,0.483,0.767,0.073,0.631,1.165,0.845,1.06,0.833,0.653,1.127,0.508,1.146,0.858,1.042,1.037,0.882,0.719,0.692,0.666,0.021,0.934,0.569,0.771,0.804,1.496,2.284,1.844,1.737,2.191,1.051,0.752,1.813,1.417,1.79,0.897,0.971,0.814,0.84,0.9,1.316,1.274,1.389,0.716,1.031,0.86,1.056,0.923,0.998,1.286,1.337,0.718,1.308,1.281,,1.763,2.242,1.522,2.325,1.548,0.288,0.714,0.636,4.136,2.752,1.889,1.646,5.203,2.554,3.55,2.383,3.306,2.518,2.262,1.877,1.592,1.525,1.408,1.523,2.177,1.166,2.111,,1.97,2.184,2.249,1.019,0.867,0.957,1.515,1.209,1.252,1.3,1.479,2.519,2.04,1.742,1.78,1.262,1.309,1.312,0.663,1.186,1.442,1.126,0.775,1.82,1.712,1.967,1.185,0.994,1.06,0.895,3.051,1.815,2.198,1.318,1.118,1.147,1.277,0.982,1.39,1.334,1.725,0.255,0.638,1.107,1.661,1.467,1.507,1.489,1.575,1.014,1.254,1.143,1.137,1.184,1.203,2.051,1.14,2.176,1.641,1.968,0.824,1.045,0.741,1.539,0.875,0.882,1.058,1.226,1.09,1.201,0.742,0.908,0.754,1.267,0.691,1.589,1.806,0.049,1.348,0.046,0.175,0.586,0.703,0.695,2.641,0.61,1.105,0.832,0.958,1.57,1.336,1.353,1.058,1.29,1.791,0.601,1.34,1.545,1.539,0.674,0.74,1.064,,1.429,1.748,1.6,1.679,1.524,1.2,1.137,1.516,1.371,1.781,2.123,1.954,1.208,2.343,1.132,1.282,1.301,1.396,1.093,1.537,1.717,1.776,1.536,1.09,1.369,1.22,0.976,1.174,1.276,1.521,,1.318,1.497,1.67,1.952,1.484,1.821,1.027,2.003,1.392,1.287,1.222,1.455,2.866,1.476,1.071,1.206,1.383,1.17,1.199,0.845,0.822,0.903,1.115,,1.429,1.785,1.668,1.755,2.263,1.262,1.453,0.783,1.255,0.99,1.597,1.311,1.134,1.414,1.211,0.89,1.816,1.539,1.485,1.265,0.521,,0.577,,0.279,1.06,1.378,1.233,0.604,0.52,1.406,0.408,0.544,1.138,0.756,0.856,1.261,0.788,1,0.496,1.354,1.026,0.236,0.425,0.715,2.01,1.091,0.46,0.781,,1.059,1.126,2.031,0.731,1.024,0.034,0.054,1.473,2.198,0.572,0.566,0.235,0.726,2.42,2.882,2.577,3.656,4.02,2.672,2.937,2.794,0.04,1.995,1.236,3.27,1.976,1.223,0.833,0.749,1.847,1.714,2.309,1.023,1.405,1.645,2.124,1.774,1.064,0.692,2.587,1.843,1.48,1.691,1.619,0.588,,1.881,2.706,1.365,1.822,0.901,0.617,0.644,0.796,1.362,1.146,0.699,1.096,1.614,0.69,1.492,0.737,2.003,1.273,1.203,1.545,2.168,1.56,0.867,0.491,2.81,3.012,1.599,2.264,1.022,1.083,1.427,2.927,2.262,2.186,2.063,2.435,2.942,1.704,,0.743,1.147,0.912,1.874,3.365,2.354,2.095,0.776,1.778,1.306
20160203,8,AQI,33,55,39,34,40,39,62,26,36,88,36,60,,208,199,152,155,172,208,,145,144,198,198,115,190,,108,96,124,80,82,128,66,203,209,170,168,211,202,109,103,152,107,135,311,299,336,262,434,378,403,417,426,490,55,53,54,59,53,46,108,45,65,54,198,100,105,104,208,392,227,256,269,227,,103,105,124,69,,54,129,112,53,55,59,93,73,82,149,148,133,75,77,70,117,170,149,,218,256,,251,214,,251,113,114,69,84,62,67,60,88,88,60,152,145,122,113,139,88,113,120,108,118,110,114,122,,139,144,147,166,102,125,143,108,103,85,98,72,130,84,83,80,92,163,147,172,153,189,162,170,162,138,170,201,176,178,188,179,132,97,170,65,85,55,89,216,234,228,205,133,163,150,189,163,155,122,165,186,213,165,166,175,,162,140,135,193,143,233,230,234,261,216,239,,224,229,217,113,89,183,124,169,269,202,188,204,135,80,90,56,249,293,266,272,109,72,54,113,89,114,113,107,119,130,70,148,138,159,140,,133,145,143,78,87,75,75,104,105,84,,98,,195,165,,99,120,107,102,95,107,119,80,95,,,102,77,95,78,139,85,122,128,140,153,186,115,142,125,42,49,38,50,35,40,18,35,31,118,82,75,132,115,149,43,93,119,153,183,140,147,163,,138,169,114,114,105,105,112,128,148,120,132,137,129,133,119,170,158,139,112,122,129,149,159,139,162,170,127,185,172,114,89,119,74,128,52,117,112,89,115,70,53,46,,45,46,49,54,43,54,50,49,55,55,50,59,48,55,55,39,54,48,52,53,51,52,52,43,48,45,57,53,49,63,72,40,49,58,36,35,59,37,24,54,54,53,40,49,57,52,59,50,49,52,69,54,,120,133,114,120,110,100,107,107,26,31,35,35,26,62,102,77,68,64,85,59,65,74,80,82,68,,77,,67,90,113,97,95,88,90,,90,53,80,90,102,83,73,64,82,82,87,60,51,25,67,75,75,53,92,62,69,35,58,50,160,72,,102,251,130,222,75,144,84,230,74,80,129,112,104,85,105,108,147,139,122,55,166,139,103,113,122,,332,417,,453,260,,103,132,114,108,,133,110,72,118,129,52,70,125,104,65,72,72,58,77,102,66,102,49,46,59,92,289,137,198,89,132,244,162,203,124,55,331,102,158,148,28,28,28,23,212,195,159,261,312,260,349,,354,290,212,,207,217,229,262,242,159,236,,228,226,325,210,283,303,219,104,93,,65,109,251,193,,125,,278,158,165,129,220,,262,33,158,,62,73,69,242,225,208,,70,74,77,73,79,33,30,30,29,29,44,40,40,39,45,49,40,25,39,39,40,42,33,,43,32,38,65,65,65,60,,48,63,57,68,25,30,29,33,35,35,32,49,42,57,58,64,65,175,140,150,68,64,63,58,99,97,127,168,,138,153,124,223,108,66,97,132,80,64,150,117,86,62,71,31,16,288,64,69,75,148,155,67,42,124,77,89,124,68,178,100,142,204,137,92,124,207,112,236,172,155,109,63,246,144,95,,55,62,82,89,72,138,127,147,206,158,109,129,56,70,78,53,90,114,88,107,135,120,118,104,147,89,62,104,89,102,83,139,28,137,83,99,173,113,87,,203,192,149,176,175,89,78,115,134,83,67,129,118,144,152,133,148,79,105,113,84,149,158,196,125,137,102,129,124,102,110,100,84,120,107,117,104,138,142,115,,103,54,56,148,139,153,135,,74,84,100,83,75,89,,88,99,15,16,117,118,119,128,159,178,179,160,153,133,82,82,64,78,102,88,95,113,119,130,115,114,74,104,100,104,99,127,127,125,145,347,69,79,74,,70,63,52,155,109,108,338,68,102,72,85,56,53,60,82,152,215,158,206,159,42,213,253,107,85,102,98,87,73,86,103,,142,209,107,69,90,150,185,382,106,170,184,177,175,,148,156,228,122,139,144,107,105,221,175,120,176,108,72,108,108,134,155,158,78,98,100,125,70,114,172,110,70,80,,62,82,133,78,69,75,125,,143,137,160,134,140,169,165,115,117,,,84,75,85,77,110,95,,,110,104,80,118,68,108,102,153,153,143,122,60,59,60,124,94,128,153,109,122,114,166,218,122,82,58,,88,92,207,212,,243,144,74,45,64,49,,84,105,139,,53,51,48,35,43,72,138,62,70,128,,,27,29,25,55,46,49,137,162,78,198,169,70,86,82,87,268,134,145,109,77,50,118,112,90,87,93,128,143,125,176,132,115,68,79,30,38,176,175,53,60,69,105,42,44,121,159,28,117,99,102,77,64,77,22,134,82,93,127,73,176,202,103,29,63,30,99,108,94,19,105,80,130,143,173,155,,227,180,155,70,95,112,148,130,98,108,85,97,102,97,109,123,107,115,75,82,56,225,219,220,77,,70,137,149,139,78,72,62,68,93,85,69,84,68,98,78,119,30,30,47,48,19,35,36,36,36,18,39,32,40,35,30,32,35,49,60,54,44,87,77,82,69,75,134,113,108,113,117,79,90,89,67,60,84,89,70,62,64,87,93,61,107,84,87,88,84,105,128,102,93,120,,61,62,59,67,69,83,93,79,100,97,83,198,238,165,156,123,140,138,173,77,112,125,160,95,118,100,115,,130,95,109,129,132,166,90,103,88,82,104,115,118,99,118,32,80,124,58,117,165,140,110,105,122,140,145,117,163,109,109,123,120,128,90,93,92,82,127,99,65,88,84,78,78,97,93,114,120,113,142,115,115,138,74,78,100,78,110,84,391,119,118,158,74,73,69,77,89,74,63,74,70,113,77,122,87,87,110,64,73,107,62,54,74,63,90,84,77,99,97,100,83,64,79,92,38,45,52,88,99,89,,104,122,119,60,52,97,100,118,178,159,188,109,97,80,92,83,120,94,87,103,84,83,93,105,78,80,70,64,84,72,,72,105,113,105,134,107,125,103,143,112,75,124,149,62,72,98,109,100,125,18,43,26,39,,62,125,109,117,119,33,50,57,46,57,46,58,62,52,50,57,78,88,40,56,75,,68,,59,37,28,45,38,46,40,40,53,54,35,32,33,23,48,45,23,52,65,70,36,49,70,48,52,,23,16,15,198,349,25,29,20,94,12,42,26,21,195,206,218,196,68,95,90,69,100,139,112,60,58,88,77,57,45,58,104,70,104,112,85,133,107,121,100,192,119,72,94,74,,117,75,77,73,99,132,45,53,53,35,217,135,150,74,93,103,105,115,93,207,102,71,69,27,165,367,68,97,60,68,87,109,125,86,139,204,69,74,,24,28,18,142,246,352,75,35,152,45
20160203,8,PM2.5,23,39,24,17,28,27,44,18,25,65,24,43,,158,149,116,118,130,158,,111,110,148,148,87,143,,81,71,94,59,56,97,40,153,159,129,127,161,152,82,77,116,71,103,261,249,286,212,400,328,354,375,389,485,22,15,22,26,37,19,81,30,41,23,148,75,79,78,158,342,177,206,219,177,,77,79,94,50,,38,98,84,33,30,38,55,53,60,114,113,101,55,56,51,88,129,114,,168,206,,201,164,,201,85,86,50,62,44,48,43,65,65,43,116,111,92,85,106,65,85,91,81,89,83,86,92,,106,110,112,126,76,95,109,81,77,63,73,52,99,62,61,59,68,124,112,130,117,142,123,129,123,105,129,151,133,134,141,135,100,72,129,33,63,38,66,166,184,178,155,101,124,115,142,124,118,92,125,140,163,125,126,132,,123,107,103,145,109,183,180,184,211,166,189,,174,179,167,85,66,138,94,128,219,152,141,154,103,59,67,35,199,243,216,222,82,52,38,85,66,86,85,80,90,99,51,113,105,121,107,,101,111,109,57,64,55,55,78,79,62,,73,,146,125,,74,91,80,76,71,80,90,59,71,,,76,56,71,57,106,63,92,97,107,117,140,87,108,95,29,34,26,35,24,28,6,23,19,89,60,55,100,87,114,23,69,90,117,138,107,112,124,,105,128,86,86,79,79,84,97,113,91,100,104,98,101,90,129,120,106,84,92,98,114,121,106,123,129,96,139,130,86,66,90,54,97,33,88,84,66,70,51,37,32,,31,32,34,38,30,38,35,34,39,39,35,42,26,39,39,27,38,33,36,37,33,36,30,30,33,31,40,37,34,45,52,24,34,41,23,19,42,15,11,38,38,37,28,34,40,36,42,35,34,36,50,38,,91,101,86,91,83,75,80,80,18,15,24,24,18,44,76,56,49,46,63,42,47,54,59,60,49,,56,,48,67,85,72,71,65,67,,67,32,59,67,76,61,53,46,60,60,64,43,31,16,45,55,41,37,50,14,23,2,22,11,122,49,,76,201,99,172,47,110,62,180,49,52,98,84,78,63,79,81,112,106,92,32,126,106,77,85,92,,282,375,,322,210,,77,100,86,81,,101,83,51,89,98,36,51,88,78,47,52,45,33,56,76,40,76,34,32,40,68,239,104,148,66,100,194,123,153,94,39,281,76,120,113,19,19,19,16,162,146,121,211,262,210,299,,304,240,162,,157,167,179,212,192,121,186,,178,176,275,160,233,253,169,78,69,,47,82,201,145,,95,,228,120,125,98,170,,212,,120,,44,53,50,192,175,158,,51,54,56,53,58,20,21,21,20,20,25,28,28,27,31,34,28,17,27,27,28,29,23,,30,22,26,47,47,47,43,,33,45,40,49,17,21,20,23,24,24,22,34,29,40,41,46,47,132,107,115,44,46,40,41,74,72,96,127,,105,117,74,173,81,33,72,100,59,46,95,75,58,35,50,15,7,238,46,50,55,113,118,48,29,94,52,66,94,39,134,75,108,154,104,68,94,157,84,186,130,118,82,45,196,,71,,39,44,60,66,52,105,96,112,156,120,82,98,32,51,57,35,67,86,65,80,103,91,89,78,112,66,43,78,66,76,61,106,6,104,61,74,131,85,64,,153,144,114,133,132,66,55,87,102,61,46,98,89,110,116,101,113,55,79,82,60,114,120,147,95,104,76,98,94,76,83,75,62,91,80,88,78,105,108,87,,77,38,38,113,106,117,103,,54,62,75,61,55,66,,65,74,3,3,88,89,90,97,121,134,135,122,117,101,60,60,45,57,76,51,71,85,90,99,87,86,54,78,75,78,74,96,96,95,111,98,49,58,54,,51,40,36,118,16,28,288,49,76,52,63,35,37,43,60,116,165,87,156,121,,163,203,80,63,76,73,60,37,49,39,,108,159,64,47,41,115,139,136,71,46,38,54,132,,113,119,178,92,106,110,80,79,171,132,,133,81,52,81,81,102,118,120,57,73,75,95,43,86,130,83,50,59,,44,60,101,,50,55,95,,109,104,122,102,107,128,125,87,88,,,62,55,63,56,83,71,,,83,78,59,89,49,81,76,117,117,109,92,41,34,43,91,49,97,76,82,92,86,126,168,92,60,41,,65,68,157,162,,193,110,50,31,46,26,,62,79,106,,27,30,33,24,26,52,105,44,51,97,,,13,20,4,39,32,34,104,123,57,148,128,51,62,60,57,218,102,111,82,56,35,89,84,67,64,69,97,109,95,133,100,87,49,58,21,24,133,132,37,43,50,79,29,30,48,,19,88,74,76,56,46,56,15,62,53,69,96,53,133,152,77,20,45,,74,81,70,12,79,10,99,109,131,118,,177,136,118,32,71,84,113,99,73,81,63,72,76,72,82,93,80,87,55,60,33,175,169,170,56,,51,104,114,106,57,52,44,49,69,63,50,62,49,73,57,90,21,21,32,33,13,24,25,25,25,5,27,22,22,24,21,22,24,34,43,38,30,64,56,60,50,55,102,85,81,85,88,55,67,66,48,43,62,66,51,44,46,64,69,35,80,62,64,65,62,79,97,76,69,91,,16,14,19,12,50,61,69,58,75,72,61,148,188,125,119,93,107,105,131,51,84,95,122,71,89,75,87,,99,71,82,98,100,126,67,77,65,60,78,87,89,74,89,22,59,94,39,88,125,107,83,79,92,107,111,88,124,82,82,93,91,97,67,69,68,60,96,74,47,65,62,57,57,72,69,86,91,85,108,87,87,105,54,57,75,57,83,62,341,90,89,120,54,53,50,56,66,54,45,48,50,63,56,92,42,64,83,40,53,80,44,38,54,45,67,62,56,74,72,75,61,46,58,68,22,31,36,65,74,66,,78,92,90,26,21,72,75,89,134,121,141,82,72,59,68,61,91,70,64,77,62,61,69,79,57,59,51,46,62,52,,52,79,85,79,102,80,95,77,109,84,55,94,114,38,47,73,82,75,95,11,30,15,27,,44,95,82,88,90,23,34,40,32,40,32,41,44,36,34,36,57,65,24,22,55,,49,,31,25,7,29,26,32,28,28,35,29,24,22,23,16,33,31,16,27,47,51,25,24,51,33,36,,14,6,10,49,76,7,20,,70,8,22,,12,146,156,168,147,49,71,67,50,75,106,84,43,41,65,56,40,31,41,35,28,78,84,63,101,42,35,75,144,90,24,70,54,,88,52,56,20,74,100,31,37,27,24,167,103,115,,69,77,79,87,69,157,76,46,48,13,122,317,38,71,34,36,50,82,95,60,81,154,50,54,,16,5,7,108,196,302,55,24,116,31
20160203,8,PM2.5_24h,37,18,31,36,30,30,39,30,28,24,29,52,,73,70,53,55,62,79,,60,49,64,64,42,79,,60,72,55,53,74,64,26,67,79,60,64,77,82,45,70,58,47,40,124,145,174,120,161,211,162,182,185,222,19,16,16,22,22,39,44,34,37,18,67,53,56,53,115,149,91,124,142,132,,81,100,87,67,,33,74,82,43,48,49,81,65,70,78,108,80,49,62,45,87,118,102,,129,166,,152,112,,130,71,61,45,52,35,44,45,45,57,26,101,104,91,102,95,74,96,108,94,90,90,99,118,,140,123,142,151,95,113,101,119,95,88,97,72,112,87,77,83,83,122,112,127,117,131,119,112,123,110,132,141,111,135,127,116,129,111,105,78,94,83,98,79,87,94,80,99,112,109,118,117,113,104,105,115,132,101,116,122,,119,136,123,121,135,138,143,139,135,137,145,,124,125,140,110,91,128,141,116,141,113,120,108,82,62,89,45,150,164,150,142,79,60,46,80,72,82,80,80,83,82,53,80,87,83,79,,74,80,83,62,71,62,64,77,78,57,,77,,117,102,,64,74,68,83,76,74,90,72,71,,,64,63,79,62,104,70,99,100,112,124,115,102,107,98,21,21,21,27,20,22,19,24,19,90,68,60,97,81,96,56,87,84,107,118,85,95,100,,93,103,53,84,74,66,78,84,85,89,80,73,74,74,72,82,76,73,64,58,102,116,121,110,118,123,116,105,124,88,107,101,106,109,96,122,120,114,101,101,31,28,,26,27,26,32,26,33,29,24,28,26,24,30,12,27,25,15,20,19,26,24,24,22,25,23,28,24,34,34,23,29,36,20,22,27,16,16,31,11,8,30,28,25,19,23,25,24,28,20,18,22,33,19,,76,82,73,73,68,64,71,73,7,17,19,21,23,53,73,62,57,65,62,44,53,63,63,65,54,,63,51,59,58,96,81,76,76,79,,82,85,74,77,65,77,70,59,82,70,70,55,35,21,54,53,69,48,47,43,25,22,33,27,78,51,,73,83,70,116,64,119,54,107,114,43,90,96,52,70,82,64,92,103,104,47,72,76,92,58,76,,223,351,,227,262,,96,111,107,106,,134,153,103,133,149,43,101,122,97,50,65,68,44,65,78,35,40,18,22,30,81,70,78,71,91,82,94,105,71,60,31,59,72,57,77,25,22,23,17,124,107,88,117,139,125,114,,201,175,145,,141,115,135,131,114,83,107,,116,117,181,170,187,213,148,61,51,,38,72,68,113,,93,,105,140,139,117,118,,168,104,88,,48,54,46,117,85,85,,37,35,42,38,42,16,17,20,19,18,19,22,21,23,24,24,21,20,22,22,19,24,12,,20,12,14,38,36,38,20,,19,35,26,34,11,12,14,19,19,18,17,23,19,25,31,33,36,143,128,134,45,51,43,45,59,77,94,109,,102,153,94,215,91,45,72,101,42,34,62,72,42,22,81,30,21,174,70,76,79,98,105,80,42,86,74,79,100,44,112,93,115,107,108,81,90,95,67,94,81,79,68,46,81,67,57,,38,39,43,40,43,69,93,83,105,117,66,80,58,35,46,32,71,96,74,98,97,91,98,85,106,81,54,94,72,81,78,104,14,82,65,59,96,83,66,,123,108,78,105,114,83,78,91,90,55,39,84,44,90,86,78,73,44,51,59,45,114,119,132,115,119,82,92,93,80,79,84,76,50,81,73,85,109,104,95,,87,51,54,74,75,83,72,,64,65,75,68,71,69,,72,80,8,9,72,82,87,82,119,121,131,114,105,103,47,52,37,53,93,88,72,85,105,109,106,105,64,78,93,82,86,103,97,106,111,107,61,60,66,,61,42,42,99,16,40,190,60,79,66,69,33,43,50,69,108,93,68,114,93,157,128,135,65,58,72,54,61,49,59,48,,79,93,60,53,42,92,126,114,89,75,59,50,113,,77,74,129,75,78,97,59,63,130,98,82,82,67,48,88,83,81,95,70,49,74,56,50,34,115,122,107,84,102,,96,106,108,,79,83,104,,126,125,128,100,117,119,121,97,97,,,65,57,56,48,72,74,,,55,61,103,80,58,76,83,113,118,100,90,36,25,36,62,53,82,57,75,63,107,87,164,94,56,61,,72,81,119,119,,139,88,60,35,68,29,,51,160,124,,29,44,32,21,20,54,82,47,44,65,,,17,13,6,51,55,45,83,63,38,73,85,64,73,71,69,129,92,94,96,90,44,69,45,88,83,82,105,108,91,104,93,80,37,38,53,45,54,67,48,19,38,45,16,16,45,40,19,46,42,50,37,41,52,24,36,34,38,51,25,47,78,46,28,29,,80,88,57,23,101,61,125,137,143,147,,147,134,138,53,69,92,125,102,79,91,78,78,81,84,103,95,78,85,71,80,58,164,144,169,73,,66,101,113,108,52,44,43,54,70,65,57,63,50,61,53,87,22,27,23,26,16,22,23,26,22,7,21,17,21,14,11,13,15,18,27,22,55,70,69,68,67,66,118,111,110,109,80,61,65,91,63,56,62,70,68,64,49,61,65,35,72,63,69,62,61,74,87,69,70,85,,48,64,43,35,43,58,56,55,92,79,72,118,128,106,103,98,115,111,132,44,64,92,91,80,86,82,103,,108,89,97,120,118,125,91,105,71,78,92,92,106,88,97,21,47,56,38,79,89,84,71,112,115,132,87,83,99,70,72,76,97,93,98,94,91,75,90,74,54,66,67,95,98,100,94,105,104,88,104,94,97,94,86,65,73,66,83,75,150,112,92,97,58,54,46,57,62,64,75,72,70,74,54,83,48,66,82,41,75,83,35,29,42,36,60,56,53,68,67,71,61,54,65,69,17,27,34,53,69,54,,70,89,82,29,36,57,59,71,100,96,124,80,74,64,69,74,91,73,72,122,111,111,116,75,84,78,74,44,58,57,,58,83,87,89,86,87,114,81,108,94,66,92,115,60,39,58,66,69,83,15,29,24,44,,35,49,65,58,72,56,71,65,66,67,48,58,62,53,48,42,65,63,27,33,59,,44,,47,45,27,29,32,22,36,36,59,48,31,32,76,67,88,46,27,26,50,56,44,62,75,28,39,,16,36,32,38,30,18,26,,86,15,25,7,12,132,132,122,130,34,59,66,54,75,96,87,40,33,69,55,34,37,47,40,34,63,62,45,82,64,49,56,89,54,24,77,46,,98,57,35,20,52,83,36,41,26,24,128,101,104,,97,81,52,58,53,83,86,41,40,13,153,335,44,68,55,57,57,118,144,110,70,112,71,72,,27,8,22,113,192,293,42,23,76,28
20160203,8,PM10,,44,32,30,,33,64,20,28,71,30,,,238,201,159,184,203,195,,159,155,227,179,142,,,143,142,142,106,113,123,81,195,201,183,215,215,154,117,126,180,164,188,375,340,354,310,472,377,428,437,480,553,60,56,58,68,,46,,45,79,58,250,85,,87,198,359,361,257,262,227,,128,103,132,83,,53,138,120,56,60,68,87,89,108,144,151,140,76,78,86,137,170,172,,286,282,,268,302,,281,130,111,72,99,72,76,64,86,91,46,198,164,128,102,113,88,135,118,127,141,96,107,104,,125,149,145,180,119,115,139,117,88,93,86,77,,66,74,72,,175,180,180,150,174,169,185,186,144,,168,163,188,173,296,,,135,80,85,60,97,258,292,203,198,197,163,184,195,172,160,145,215,216,239,199,156,192,,160,127,144,175,137,206,230,210,247,231,211,,183,234,,128,119,180,98,148,233,208,200,235,124,76,83,62,222,260,265,303,114,72,53,116,84,140,130,128,122,149,71,152,146,168,151,,126,145,155,73,83,69,71,106,95,94,,89,,152,153,,120,104,,123,97,89,,68,,,,90,60,,62,,101,127,,109,200,,113,,112,39,45,34,,,36,10,35,31,142,107,65,117,,,43,86,118,143,189,142,189,147,,156,169,92,108,126,121,112,186,118,143,100,155,161,169,181,188,157,159,127,117,,153,135,165,150,,111,,168,,67,,,,54,,,,180,72,43,37,,36,35,,45,43,43,38,42,,39,35,44,48,42,42,28,44,39,43,41,51,40,53,,38,33,,,,,,40,39,,36,35,43,37,24,40,39,38,31,37,41,45,50,44,37,51,,43,,95,131,106,137,87,85,128,88,26,31,28,27,25,59,,58,,58,67,54,56,56,63,66,54,,62,,63,88,97,91,94,88,74,,79,56,69,79,89,69,77,59,72,92,98,54,52,25,84,76,99,54,134,74,87,35,66,50,170,93,,141,,189,221,99,155,108,246,97,110,178,122,98,96,109,110,150,139,127,59,145,141,111,118,144,,391,,,553,,,119,133,108,105,,142,108,94,116,109,54,53,200,83,57,74,93,65,71,106,81,,44,43,67,114,340,149,198,94,141,277,151,,105,55,,126,167,140,28,28,22,21,235,186,210,285,374,294,318,,398,380,222,,208,261,239,306,233,188,295,,293,,328,204,323,315,209,111,128,,68,110,300,196,,134,,306,136,161,126,234,,278,,169,,58,81,75,234,238,225,,59,59,71,,68,33,27,,,25,44,31,,,,36,,25,29,30,35,30,30,,,32,29,,49,53,,,39,,41,,21,23,27,,30,25,28,35,,,58,67,58,164,139,143,86,62,75,45,100,78,137,186,,158,178,197,178,,82,123,107,,75,250,183,122,74,85,31,15,350,71,79,86,196,206,82,37,116,103,125,,85,281,92,165,245,145,80,101,166,109,,142,134,102,66,225,238,93,,51,49,83,126,,115,146,187,205,189,94,112,61,60,,55,,,89,94,130,118,96,111,132,92,74,,,99,89,,6,141,81,143,184,112,80,,186,238,,199,191,,106,123,,89,84,160,,177,207,165,140,108,143,175,118,155,146,,117,125,117,176,115,113,97,106,88,121,83,,80,107,147,97,,94,48,62,,107,,116,,62,65,,64,70,77,,88,78,7,6,108,111,100,113,136,,150,149,119,116,99,98,77,79,86,126,85,115,,110,116,118,64,108,95,92,113,117,127,114,131,457,87,,68,,,76,44,,168,166,307,66,83,67,64,61,55,52,104,122,165,266,199,194,,212,206,120,99,94,120,123,95,122,156,,189,239,163,88,130,162,182,485,162,290,318,304,183,,161,162,212,137,,140,118,122,205,175,189,173,113,89,95,104,146,153,243,99,92,94,115,89,124,154,111,89,71,,51,76,129,106,79,99,99,,148,149,150,,,157,137,112,117,,,79,74,118,102,103,96,,,123,126,60,119,56,132,98,162,134,111,140,70,68,58,198,137,176,255,138,153,113,,281,103,84,59,,,82,176,192,,257,186,97,,54,49,,115,116,143,,55,52,47,27,43,80,167,64,54,122,,,,,11,57,41,40,123,174,76,162,135,59,122,84,124,,117,137,128,74,47,103,,86,83,91,119,130,168,242,122,101,81,75,23,38,133,147,,47,71,137,40,44,191,267,19,103,89,90,70,78,90,21,218,114,78,108,96,192,185,87,,,30,123,114,89,19,94,110,116,125,139,132,,196,180,,89,90,124,120,102,91,88,89,128,100,91,90,126,80,105,64,70,61,202,172,184,66,,52,119,,115,67,80,54,61,73,81,65,,,104,76,94,28,,47,38,19,28,,,30,,,,40,27,27,28,26,37,49,48,44,81,72,75,60,81,122,93,90,97,112,108,112,111,65,,66,72,54,53,59,74,77,72,,,81,73,78,118,131,96,94,116,,72,73,68,83,82,91,107,99,108,,64,157,239,173,156,,195,159,189,104,120,,186,92,127,123,140,,142,127,116,155,,144,78,134,,100,98,124,,93,105,30,74,108,65,151,126,122,,93,120,160,129,125,144,106,124,134,110,118,94,107,122,89,,95,80,73,74,,85,80,101,98,105,,111,115,105,107,,,108,84,121,113,,117,151,129,74,78,87,78,103,90,69,98,89,176,65,125,124,77,99,78,80,111,44,43,,52,76,72,66,77,77,79,68,59,61,76,38,45,49,75,92,72,,,94,104,69,54,74,80,166,138,,178,103,85,78,82,80,93,78,,93,80,85,111,,63,62,61,,,59,,74,95,100,91,156,112,149,136,146,148,75,127,131,73,93,102,98,110,124,18,,26,30,,53,119,121,112,120,31,50,,43,43,45,48,46,53,50,63,67,89,40,62,69,,52,,67,37,25,45,28,,40,36,56,57,26,26,,21,,,18,54,52,,34,49,55,38,38,,23,16,,345,459,,,,97,,42,6,,162,165,,163,75,95,87,87,86,,95,56,,79,102,,38,55,157,89,119,154,99,118,164,191,97,146,144,56,92,58,,113,100,81,95,123,124,38,37,56,26,,192,160,98,106,83,100,151,82,169,106,92,87,27,279,447,85,143,69,86,124,136,154,121,227,221,65,67,,24,5,,150,303,320,89,34,,41
20160203,8,PM10_24h,,23,44,41,,41,48,42,46,43,42,,,128,100,72,89,94,112,,90,89,121,92,83,120,,109,102,104,98,114,91,57,107,113,106,108,106,99,69,109,92,97,98,188,202,232,205,204,266,211,220,245,266,39,42,42,48,33,55,65,57,62,38,113,75,66,69,156,165,174,165,188,162,,125,131,127,85,,46,102,119,74,93,80,124,108,109,107,176,105,79,97,81,134,156,157,,202,231,,206,201,,169,91,83,62,81,66,60,81,58,80,45,178,147,143,129,114,95,129,143,121,143,109,121,134,,166,159,180,196,131,135,122,162,116,107,111,94,130,98,89,102,108,170,164,176,156,200,170,161,189,159,134,159,134,167,150,180,155,142,119,117,128,108,131,130,156,127,118,186,160,188,194,189,180,170,207,195,209,167,143,180,,153,160,174,159,182,166,182,173,183,184,200,,162,179,160,157,180,182,162,144,183,165,193,169,130,102,119,94,174,191,196,205,106,80,55,112,86,116,111,109,130,119,71,107,121,122,112,,94,104,121,77,90,76,80,103,98,93,,98,,129,125,,112,85,,115,104,86,84,85,76,,,98,76,90,85,126,85,119,112,125,161,148,114,124,102,27,29,29,22,19,31,23,41,31,124,110,90,109,94,72,58,103,120,139,190,137,177,133,,149,170,74,121,105,113,109,156,136,139,130,135,124,119,127,133,119,110,103,87,114,151,153,141,146,155,149,140,158,,125,120,143,112,103,148,116,142,113,92,39,38,,28,32,31,35,37,35,35,29,26,29,25,31,24,28,33,18,28,26,32,34,40,28,39,19,36,28,40,33,27,20,60,31,30,32,28,30,35,30,20,28,30,29,28,31,32,32,37,29,30,32,35,28,,82,94,90,96,78,77,92,108,16,28,29,30,30,63,83,74,66,79,71,59,66,73,76,75,63,,76,67,75,71,121,108,102,95,98,,104,126,82,85,91,81,95,77,84,99,109,79,58,41,98,77,113,98,148,134,97,65,108,74,126,99,,122,129,156,155,143,165,106,193,139,93,165,140,94,112,117,91,132,145,154,75,102,113,141,79,99,,370,427,,422,308,,127,189,134,139,,168,174,144,171,158,64,122,207,113,71,88,128,104,89,110,61,64,32,38,58,130,94,112,97,132,119,139,145,88,83,48,100,122,94,136,35,33,30,27,181,159,152,188,198,197,180,,281,258,194,,201,185,171,190,161,145,179,,203,121,227,195,265,316,199,89,87,,52,94,130,165,,138,,165,178,180,180,200,,264,152,143,,65,86,77,163,127,133,,43,42,53,50,47,30,32,34,24,29,37,30,28,34,22,28,24,36,30,29,25,15,23,,20,18,19,38,31,41,23,,29,34,35,26,14,17,20,26,26,29,29,31,23,28,45,49,49,196,180,189,96,80,93,59,97,88,136,165,,148,208,165,257,97,92,110,104,47,78,144,159,100,47,128,52,39,259,106,125,131,163,164,129,57,115,167,141,132,99,171,117,181,175,162,135,110,107,101,136,118,118,86,75,136,85,76,,47,55,67,76,57,76,132,127,147,188,87,84,87,47,69,50,81,110,95,131,116,117,132,116,127,111,97,132,,99,106,113,22,123,94,132,149,121,80,,165,188,142,178,179,137,148,131,110,82,58,139,94,140,126,110,89,82,91,116,76,153,156,110,139,155,123,157,119,115,92,107,106,165,90,82,109,119,163,97,,106,59,65,59,74,89,89,,68,71,76,68,91,81,,92,90,16,15,84,112,111,112,140,136,147,136,117,120,80,103,66,81,105,116,102,106,128,130,125,139,97,109,107,103,123,127,140,131,131,170,83,67,75,,70,63,61,124,186,135,225,97,96,92,93,59,68,81,115,127,140,191,158,168,,177,151,94,98,99,82,105,88,142,137,,128,141,158,75,113,131,214,196,172,196,194,200,161,,121,115,180,135,111,130,88,96,167,128,130,123,87,77,122,119,127,133,101,70,95,81,82,80,158,152,146,126,135,,109,141,145,167,134,134,115,,169,179,169,107,112,144,147,136,132,,,112,100,105,90,96,97,,,93,90,139,107,69,131,119,155,137,123,144,51,54,49,154,132,150,173,128,114,128,113,215,128,81,92,,89,117,132,150,,190,150,114,41,83,62,,102,242,176,,70,75,53,32,29,76,133,78,60,86,,,27,20,11,78,78,58,131,110,65,117,122,96,127,92,136,175,128,130,129,66,59,84,57,104,100,108,125,128,141,201,119,104,63,59,64,64,69,71,43,27,51,70,28,26,86,70,18,60,54,60,51,65,76,23,98,79,49,60,49,66,98,51,30,29,30,125,113,75,34,123,149,145,164,159,163,,170,160,,89,87,138,147,123,106,115,109,128,106,115,122,125,99,84,76,90,89,205,161,195,90,,71,115,124,121,72,71,57,68,74,83,82,76,55,96,86,111,33,27,33,33,23,27,28,33,28,11,21,17,36,16,16,19,21,24,38,32,73,94,117,92,79,89,149,135,142,135,98,124,98,110,82,60,73,83,71,75,60,70,76,68,77,73,80,72,80,106,126,87,85,112,,99,107,95,105,69,78,90,92,124,105,87,161,176,146,155,179,242,205,199,120,119,101,138,116,130,129,168,,159,176,138,163,147,185,123,149,100,105,114,126,127,108,115,32,63,69,55,98,109,107,97,130,154,184,123,121,122,113,112,114,119,123,125,127,150,120,98,90,92,84,81,111,116,115,110,118,120,99,115,114,120,109,,89,92,114,118,111,128,141,152,135,80,69,86,71,96,91,101,118,115,123,72,99,92,83,106,72,109,136,37,31,49,42,73,65,59,76,70,78,63,66,65,78,36,50,42,62,75,58,,69,107,102,64,65,62,63,136,131,103,157,99,91,85,98,93,101,95,95,144,134,151,162,82,103,95,100,56,78,70,,88,103,104,105,131,113,171,142,171,158,96,135,135,77,77,90,98,108,109,25,39,37,43,,41,59,94,71,96,73,101,92,94,72,65,64,69,63,70,87,79,85,38,54,76,,54,,50,66,48,41,43,34,56,98,73,71,42,46,116,93,141,59,40,68,65,62,51,90,81,34,52,,28,66,,141,175,66,59,,127,34,35,19,15,133,151,126,159,64,109,97,89,93,114,102,65,,90,100,43,54,65,102,74,101,107,71,114,160,169,79,122,81,54,90,67,,134,114,55,100,81,115,63,77,59,44,133,139,131,106,113,95,90,120,79,142,143,107,88,32,360,469,96,129,113,140,153,187,189,185,208,211,80,86,,42,20,28,168,301,377,68,33,84,34
20160203,8,SO2,11,20,12,3,9,13,40,7,13,34,11,28,,90,107,83,65,45,107,,52,91,103,69,42,72,,151,110,95,163,135,150,97,72,77,59,84,83,66,166,146,94,175,99,96,161,203,119,274,126,115,138,89,205,98,70,97,107,40,35,17,18,25,30,51,55,45,72,187,121,271,117,92,90,,84,125,102,52,,112,175,158,70,76,72,445,49,81,49,40,99,33,70,23,47,117,167,,180,580,,144,,,,447,407,207,133,71,63,209,176,166,33,334,399,81,82,134,75,90,73,52,78,87,94,57,,138,201,14,134,139,82,165,111,20,18,16,19,13,16,22,19,22,14,27,26,29,27,19,26,10,10,14,20,19,32,17,18,15,13,19,16,23,13,14,62,52,89,28,78,35,44,19,47,28,3,34,14,39,25,20,160,,15,16,22,22,19,27,20,26,23,30,40,,23,60,17,14,10,9,26,21,32,22,26,60,33,26,15,22,38,24,25,12,5,7,7,13,3,6,9,15,13,7,5,18,15,29,25,,21,25,21,5,2,4,9,11,6,15,,8,,14,17,,11,13,11,20,12,10,6,15,5,,,5,4,6,3,29,35,21,11,30,6,49,20,4,37,7,11,6,7,6,5,2,5,4,24,21,14,19,29,27,5,36,24,38,80,45,80,77,,93,56,10,72,64,85,49,56,75,48,88,64,31,69,142,31,35,97,55,21,14,14,36,34,51,17,103,38,14,2,6,7,8,15,21,12,23,76,12,3,3,2,,10,3,4,6,2,7,4,6,5,5,4,6,9,7,5,5,7,1,6,8,12,11,6,5,6,5,4,5,4,9,8,8,7,14,14,6,3,3,12,6,5,12,5,9,5,5,4,4,7,3,5,9,,18,38,15,16,14,11,10,14,5,3,2,4,11,5,6,7,16,11,19,10,10,14,18,22,3,,13,,19,14,9,8,15,7,8,,7,10,33,41,31,28,39,52,58,31,41,14,8,10,5,24,16,9,10,7,8,5,8,22,36,19,,32,5,44,17,26,20,44,24,12,15,27,23,9,24,44,19,34,14,7,77,40,104,147,132,201,,8,15,,25,85,,320,83,236,210,,26,35,19,19,35,17,4,65,3,36,59,53,29,49,43,61,49,19,9,61,76,232,69,344,314,366,192,811,78,85,19,162,131,59,101,6,4,6,1,144,95,99,101,96,98,46,,130,91,60,,74,87,44,54,147,134,189,,138,95,79,113,34,12,58,36,46,,63,32,45,162,,101,,152,58,69,51,54,,72,78,63,,61,38,43,187,152,118,,19,11,8,8,21,17,45,14,8,5,7,5,3,11,9,9,11,11,7,9,9,9,1,,7,6,7,4,3,6,5,,6,6,7,14,6,7,3,3,2,1,3,21,13,6,13,8,7,34,32,50,36,225,123,63,291,387,267,248,,114,195,100,73,72,118,64,106,135,166,394,180,,84,295,56,43,312,50,77,173,130,90,89,28,55,56,40,42,26,262,96,204,157,189,47,54,117,119,57,136,216,120,33,116,73,62,,19,5,66,73,4,215,38,126,116,112,17,47,17,30,26,20,23,30,36,7,31,13,44,13,5,4,10,7,1,21,9,9,1,103,36,68,93,63,61,,103,210,122,151,131,39,79,31,38,72,103,69,93,21,50,44,118,67,46,162,25,10,11,4,12,20,43,252,61,17,9,9,36,7,11,3,14,1,9,9,,5,3,2,22,17,18,19,,8,10,6,8,14,17,,24,15,3,4,5,7,8,7,16,18,6,18,10,11,13,32,27,4,3,25,,17,24,33,19,13,4,2,7,2,8,7,7,5,15,7,29,17,19,,27,23,19,5,26,18,2,30,52,28,32,22,13,22,202,15,6,27,36,23,35,38,20,6,25,45,17,22,15,43,6,,229,289,148,89,4,4,5,3,6,18,2,12,76,,40,41,132,94,86,48,70,58,191,84,130,35,68,55,14,40,122,96,4,38,25,44,22,30,20,17,37,14,13,,11,15,20,25,11,20,22,,36,27,47,24,9,20,12,14,10,,,8,1,11,7,10,8,,,132,134,4,6,5,35,16,40,19,21,22,9,12,8,247,209,219,331,267,329,235,350,487,218,135,40,,27,122,172,164,,325,238,86,42,26,70,,148,137,105,,35,68,10,10,3,11,251,13,25,98,,,5,28,70,24,26,21,119,126,206,156,54,27,83,69,102,171,48,92,79,154,36,108,73,86,73,108,111,80,123,242,142,182,73,35,18,7,30,49,2,35,6,64,26,18,35,66,6,15,36,35,30,19,19,8,81,37,20,44,25,7,,37,66,53,37,78,138,62,18,10,19,5,29,36,23,,5,47,37,25,9,34,30,53,19,9,9,22,10,12,34,2,24,38,8,5,,8,19,9,54,,21,51,16,47,13,5,9,11,,33,14,4,5,13,5,20,2,2,7,6,3,10,8,6,6,,10,16,11,7,5,6,7,5,10,6,2,5,1,5,2,3,16,25,13,3,10,6,49,25,4,42,35,44,20,12,12,17,23,32,18,4,14,15,15,21,14,6,36,21,,12,7,16,5,9,13,21,16,8,51,34,28,68,37,62,38,31,38,37,34,33,33,52,68,117,33,52,,19,31,25,21,33,37,29,20,37,40,14,15,7,47,3,12,11,2,16,117,76,34,17,8,9,12,64,15,23,23,14,12,2,5,5,3,4,5,12,10,15,4,4,5,7,4,9,8,13,3,14,6,17,15,1,1,23,12,16,7,11,15,4,25,7,7,13,7,10,55,7,20,56,1,7,15,22,1,6,4,19,27,10,39,12,4,8,7,3,28,19,24,22,19,20,25,7,4,16,3,9,16,,8,12,16,18,10,7,12,13,29,20,17,15,9,4,6,9,6,25,28,6,10,8,11,3,8,16,7,24,7,4,,9,8,6,8,27,23,12,18,11,6,3,3,7,5,3,18,10,21,18,11,12,8,16,,6,15,24,26,24,6,6,4,10,,9,29,26,25,21,9,25,16,28,7,16,,15,,7,23,26,8,,5,3,11,7,2,11,11,5,7,10,3,4,3,8,9,13,5,3,1,6,,3,8,5,6,6,10,3,59,30,7,56,8,7,16,17,13,26,14,51,49,37,7,58,17,12,15,35,15,20,61,18,97,29,257,351,79,47,19,15,9,376,225,304,46,18,,1,12,47,27,27,65,9,22,3,26,66,107,122,18,71,49,28,52,13,16,4,6,7,1,38,53,26,34,13,7,3,5,7,3,56,80,43,18,,3,6,7,15,29,17,16,10,283,3
20160203,8,SO2_24h,20,11,13,16,13,13,28,11,10,16,18,29,,49,50,39,30,18,48,,29,37,41,39,14,54,,104,85,52,100,91,85,49,48,51,43,57,57,57,79,99,54,75,61,125,92,171,122,137,123,108,122,109,147,37,32,38,51,28,29,24,22,33,28,39,38,40,49,101,84,120,89,84,85,,116,161,126,56,,107,119,144,124,132,104,326,51,98,48,83,61,29,67,23,83,84,73,,139,303,,150,327,,188,136,120,109,118,104,54,101,52,89,13,169,152,80,90,129,40,46,47,29,55,59,58,54,,132,168,42,118,129,64,70,87,32,30,31,35,26,29,28,30,33,24,27,29,37,31,22,29,19,23,23,26,28,32,20,24,32,28,32,27,33,28,23,49,51,81,41,75,56,40,38,51,50,20,27,17,26,25,33,41,,29,32,38,34,39,32,27,31,38,32,41,,30,41,38,23,27,24,39,33,44,33,41,63,25,18,27,27,43,41,40,37,14,13,12,15,9,16,19,18,24,12,12,24,20,31,24,,20,23,19,7,4,5,11,30,17,23,,17,,20,35,,14,14,11,17,16,10,12,16,12,,,12,10,12,10,33,25,24,18,27,10,27,29,5,32,6,11,5,6,6,5,2,4,3,23,21,16,19,25,21,11,24,22,42,89,44,74,73,,81,56,9,76,53,64,51,57,84,57,86,43,32,56,65,31,42,43,34,50,12,16,25,19,23,16,22,24,21,19,10,18,11,14,17,17,19,63,12,9,3,2,,10,2,4,4,2,6,4,13,5,5,5,5,9,8,5,4,7,2,7,7,10,10,5,7,8,7,4,5,5,7,8,6,5,11,9,7,5,4,12,5,5,11,3,7,5,4,3,4,7,3,5,8,,16,18,14,16,14,12,10,14,4,2,2,3,10,6,14,12,23,20,19,13,12,18,23,21,15,,21,18,16,16,18,10,20,11,13,,14,18,26,43,44,27,54,46,45,29,38,13,8,10,6,24,13,5,12,13,7,6,10,7,34,31,,38,8,42,27,38,16,40,34,26,17,34,36,22,32,42,31,50,31,18,83,90,120,103,66,87,,6,10,,21,35,,46,20,36,37,,99,46,32,25,46,27,13,76,7,59,77,67,52,61,79,70,51,24,18,44,65,77,62,80,107,83,87,135,53,58,33,124,96,88,164,7,5,8,2,106,71,97,83,100,80,56,,105,88,61,,71,57,40,41,106,119,88,,110,86,85,68,64,48,61,34,59,,46,33,48,109,,86,,95,72,71,73,76,,106,64,45,,50,39,43,106,103,79,,17,8,8,6,12,16,16,10,8,6,8,5,3,9,6,10,5,9,5,6,8,5,2,,7,7,7,4,2,6,3,,5,5,7,12,6,8,4,2,2,7,5,41,16,25,10,8,8,51,44,55,42,159,100,56,213,185,249,259,,207,260,58,88,73,122,54,97,75,95,188,166,107,56,186,53,52,169,118,122,99,130,85,126,60,82,91,51,56,43,146,121,164,104,166,107,63,114,120,78,157,204,61,36,74,52,39,,18,57,99,43,17,61,36,57,76,64,16,42,25,26,41,28,17,25,35,7,33,25,33,18,15,37,40,38,30,40,23,42,27,91,64,64,82,66,67,,112,164,104,130,152,54,78,53,61,69,82,59,77,29,38,32,53,64,45,75,41,15,17,11,19,20,58,96,52,23,25,20,36,27,18,19,29,16,28,10,,12,9,3,20,17,17,18,,8,11,7,9,18,24,,32,14,3,4,6,9,12,9,20,33,18,33,21,11,28,102,39,71,16,21,11,14,10,8,11,6,7,25,11,10,8,7,7,15,27,6,34,24,27,,34,15,23,13,25,16,13,39,48,34,37,32,34,76,157,20,14,26,23,24,39,37,22,13,35,34,21,71,24,81,21,,183,241,143,72,5,5,6,2,9,23,4,14,90,,37,40,123,78,55,41,38,43,118,64,77,52,56,44,16,42,70,82,24,24,25,34,36,46,28,21,42,33,34,,33,16,28,38,32,26,33,,47,44,57,28,19,28,27,22,21,,,12,7,11,11,14,13,,,59,157,30,19,16,44,24,39,34,34,36,8,9,7,193,182,141,184,201,151,210,229,353,228,126,63,,36,129,180,166,,224,260,46,61,38,74,,147,297,201,,43,47,18,8,5,31,158,25,29,62,,,8,33,22,36,43,34,96,103,114,122,69,44,71,61,86,135,66,92,79,178,39,78,41,85,74,72,61,59,86,134,104,105,43,24,24,22,20,31,9,30,23,39,16,12,19,37,8,36,25,31,21,17,24,9,30,22,7,37,14,6,,35,54,46,39,99,63,53,25,23,28,7,35,47,25,,5,23,29,26,7,44,44,51,58,32,29,45,38,46,57,2,37,47,13,8,13,7,24,19,51,,24,39,15,60,15,14,18,15,29,35,25,30,16,21,13,27,2,2,6,5,2,8,10,6,6,,10,16,7,6,4,5,6,5,9,5,6,7,7,8,6,6,18,36,22,5,2,10,21,21,15,48,17,24,19,17,14,23,18,18,28,6,20,16,10,16,9,9,25,19,,15,16,12,13,28,11,17,12,70,75,64,67,86,71,96,62,66,66,69,42,36,39,40,69,76,34,62,,26,46,26,34,47,44,51,31,50,51,15,17,9,85,2,11,9,24,19,69,51,31,27,41,37,50,57,31,51,28,23,18,15,19,6,6,8,9,33,34,32,7,10,14,17,16,17,17,15,14,28,18,25,23,3,7,30,36,36,12,16,17,5,25,13,14,18,11,11,21,17,42,48,23,23,25,23,8,8,5,18,19,12,38,9,5,5,4,3,30,11,19,18,21,20,27,8,4,12,6,11,16,,11,14,17,22,15,8,11,15,34,16,19,11,10,6,13,15,8,25,22,13,14,15,18,18,13,10,7,31,13,12,,16,8,4,15,7,19,12,25,12,6,3,4,7,8,5,18,14,21,17,12,14,4,16,,8,17,22,20,40,10,16,5,26,25,36,44,46,57,28,14,20,16,34,13,25,,21,,7,17,46,2,,5,3,12,32,2,14,14,21,24,25,17,4,3,7,8,14,7,6,1,8,,5,6,7,5,6,11,5,61,40,11,21,10,7,17,22,15,23,25,84,86,67,10,36,18,27,27,51,24,19,76,34,70,40,72,86,59,55,30,12,17,217,34,60,74,17,,20,36,39,35,25,30,14,39,4,33,186,150,178,28,152,66,20,31,12,22,16,9,7,2,26,50,23,33,18,28,2,12,12,11,53,88,45,28,,6,34,57,13,13,17,32,10,191,3
20160203,8,NO2,58,24,77,68,79,78,85,50,39,80,71,56,,100,99,114,119,113,98,,97,103,85,112,97,106,,68,72,60,77,72,70,33,102,90,78,112,89,105,66,79,52,84,82,90,102,104,96,125,98,102,104,93,184,32,51,47,65,19,67,62,58,58,34,88,97,80,116,134,117,114,91,89,86,,67,71,70,30,,22,31,31,43,31,39,63,59,39,61,69,53,70,73,53,45,60,64,,60,98,,75,97,,86,85,87,73,59,33,57,55,49,86,15,86,77,71,64,74,29,32,66,43,68,40,65,78,,99,90,84,85,116,54,103,67,60,98,92,97,76,93,93,82,73,93,92,103,72,91,62,72,90,86,66,101,103,99,105,94,82,85,56,84,89,62,,66,32,31,74,106,111,68,90,72,45,72,72,16,23,92,36,109,,48,88,10,125,81,87,84,127,73,61,92,,49,75,75,29,67,55,74,36,56,96,80,23,54,63,41,75,103,22,74,88,49,45,11,70,20,67,74,70,76,56,29,76,76,70,69,,38,71,63,28,29,48,14,46,41,75,,39,,78,63,,33,48,28,21,17,25,41,33,23,,,14,23,17,14,110,87,102,95,106,20,102,26,19,23,13,37,25,36,24,24,4,37,31,67,44,20,2,44,68,13,74,49,14,66,74,127,99,,105,67,29,53,99,78,29,57,107,26,102,89,75,71,75,72,80,92,94,46,46,87,95,81,69,79,74,78,72,20,30,85,18,53,34,44,51,41,55,22,50,30,,13,18,34,12,53,6,37,8,44,52,39,39,22,18,53,17,21,21,16,22,38,16,24,17,28,17,20,21,12,27,6,26,19,16,22,13,27,20,12,21,18,18,15,21,14,11,15,15,9,23,14,10,,41,46,63,47,34,28,42,28,6,12,13,17,7,12,46,44,46,34,40,30,37,32,59,40,35,,59,,39,56,37,50,54,46,49,,51,31,19,40,30,16,27,60,47,27,36,30,35,8,4,23,65,41,8,42,55,3,22,34,61,83,,80,37,64,85,67,47,65,36,82,48,85,62,19,74,60,76,77,46,8,21,53,37,49,53,70,,84,83,,108,102,,57,43,62,48,,47,45,22,37,35,8,12,50,18,44,53,62,26,65,60,69,56,31,36,77,60,69,61,69,53,67,54,76,92,77,48,61,72,96,46,23,31,23,6,86,81,95,95,87,85,47,,87,78,46,,91,68,48,50,80,102,95,,108,70,60,75,47,43,32,63,92,,37,55,77,54,,75,,74,74,74,21,81,,91,59,74,,38,45,73,95,107,70,,28,12,14,11,21,15,23,23,9,11,16,25,19,10,14,7,15,19,25,18,7,26,6,,7,9,9,24,17,14,21,,26,14,19,20,10,10,11,4,10,13,12,11,14,37,28,31,17,56,30,37,28,48,45,30,40,40,68,47,,104,55,25,51,48,63,12,23,95,31,83,60,,26,94,32,27,79,24,58,59,138,78,59,12,61,48,34,51,35,77,61,79,73,73,70,22,44,46,43,51,75,78,36,63,75,71,,9,25,54,51,31,50,29,48,43,65,32,39,36,38,26,52,83,83,63,61,55,68,74,68,52,46,51,54,20,32,27,30,2,71,43,65,70,41,4,,62,83,56,75,68,64,49,49,52,66,53,52,37,64,81,59,89,65,54,54,41,40,49,42,11,51,100,103,70,16,37,37,31,59,24,42,21,25,26,2,,23,9,7,13,47,18,30,,13,11,17,12,18,13,,22,14,10,10,29,46,33,43,23,35,37,42,24,21,30,28,21,22,28,43,49,56,12,45,40,65,12,22,31,14,17,26,29,34,18,24,31,17,13,,27,42,26,53,57,74,80,22,61,42,28,23,35,31,68,26,44,63,55,63,52,59,63,51,46,63,52,10,7,19,29,,32,67,41,22,27,11,8,44,32,20,10,12,77,,52,58,96,94,74,72,202,65,67,54,99,54,89,58,59,14,81,62,27,22,54,44,34,40,61,84,29,63,62,,26,71,80,94,78,61,26,,67,90,89,66,59,71,68,46,38,,,24,48,43,34,40,48,,,83,41,19,43,11,46,52,54,45,40,27,33,33,46,66,66,58,54,64,60,64,68,60,29,57,18,,16,20,72,46,,63,115,45,21,16,24,,12,74,71,,26,43,22,29,22,20,66,19,52,87,,,4,12,18,21,21,7,38,46,43,52,35,31,56,40,63,68,39,45,55,34,22,34,43,53,48,57,54,69,72,69,55,56,42,26,32,21,45,56,13,20,72,72,18,27,60,47,16,17,34,43,20,57,34,15,72,36,32,42,14,28,96,16,44,36,13,62,54,56,7,32,55,29,43,75,29,,19,97,104,74,85,127,69,48,57,63,66,64,66,36,77,21,100,57,36,18,,39,83,83,58,,28,98,38,22,51,47,27,23,,40,39,59,29,62,43,67,29,4,21,16,6,12,13,15,10,2,12,10,9,10,15,20,16,13,17,27,3,7,10,19,17,3,14,22,10,7,19,23,30,25,32,18,35,13,27,31,6,13,36,22,19,24,33,31,32,19,32,24,39,28,,24,21,30,40,14,31,49,33,54,63,73,31,75,67,52,51,96,58,56,54,59,55,83,51,84,85,47,,36,44,68,36,22,40,33,68,32,78,48,23,43,44,49,6,32,33,45,52,58,67,32,38,33,60,97,93,77,44,63,54,25,43,12,20,15,24,59,30,34,20,16,33,29,49,37,43,49,7,32,30,24,27,37,41,45,36,42,15,20,36,26,28,9,32,36,18,37,32,30,30,23,19,15,76,4,3,26,13,28,26,8,9,12,15,31,11,12,17,18,35,13,16,24,18,7,25,30,9,27,12,,17,36,42,37,37,12,17,60,57,52,63,8,26,15,36,12,18,37,30,24,48,31,28,8,22,26,27,5,27,26,,16,27,25,47,49,53,7,19,29,22,4,29,36,17,11,17,24,19,19,7,11,29,18,,11,36,38,49,50,19,18,15,18,,27,13,16,16,29,8,34,18,13,16,34,,15,,44,15,17,6,,14,27,19,20,19,9,13,12,9,8,7,8,,17,10,18,18,27,2,8,,15,5,7,25,31,7,2,21,25,9,49,3,8,23,41,53,37,40,52,54,62,16,37,30,29,39,48,22,6,57,59,49,46,60,47,84,62,36,40,13,42,70,60,47,19,,41,34,36,55,25,16,10,10,12,2,38,47,84,17,16,31,27,53,45,54,36,15,17,4,84,75,26,9,24,14,4,31,34,14,39,13,36,24,,8,5,12,84,62,55,26,37,70,52
20160203,8,NO2_24h,57,9,57,72,60,63,68,33,27,45,55,55,,69,66,67,74,75,72,,72,73,64,74,55,70,,60,62,49,70,62,63,23,72,74,60,81,66,80,51,55,60,68,63,90,97,109,90,100,99,95,89,97,144,14,24,23,35,15,47,51,55,37,28,69,68,59,79,101,72,77,62,70,67,,72,79,74,33,,22,39,38,48,36,45,66,51,43,57,64,45,60,60,43,59,60,59,,62,98,,82,83,,68,57,69,55,52,42,38,43,25,60,9,84,72,81,65,76,23,30,59,46,56,40,50,98,,123,104,92,53,112,51,68,67,44,76,68,69,62,63,67,59,61,67,76,92,67,89,56,33,72,91,43,73,94,74,76,70,82,76,52,51,47,43,34,51,22,32,56,69,80,54,84,68,60,65,57,17,19,73,36,76,,45,78,75,66,82,73,58,85,73,48,66,,43,66,69,30,60,52,66,54,47,50,68,19,38,45,35,52,61,26,56,65,51,52,16,62,29,62,61,57,60,48,23,59,54,51,51,,33,47,49,22,22,39,22,41,40,50,,42,,58,44,,26,31,20,34,24,28,35,29,24,,,17,27,18,18,116,77,91,77,103,15,77,22,18,17,9,12,19,21,15,17,8,26,25,49,27,17,23,33,47,15,51,37,17,59,48,90,70,,69,51,22,44,62,42,26,24,76,7,81,78,69,62,75,52,56,68,67,40,42,76,86,66,58,71,71,68,75,17,41,66,32,40,48,44,59,46,45,18,38,29,,17,23,30,12,40,7,30,17,32,39,35,36,12,18,45,15,22,15,18,23,44,19,33,17,25,14,28,30,13,22,6,32,24,19,25,17,29,12,16,20,15,16,14,18,16,10,14,16,9,20,19,10,,29,30,52,21,18,22,28,29,7,13,9,16,6,27,53,48,53,44,50,35,44,39,69,55,37,,67,48,49,51,45,45,48,43,50,,59,39,17,29,21,16,26,36,29,19,34,30,29,11,20,33,55,46,8,47,39,10,22,26,74,63,,83,34,78,72,78,55,65,34,78,45,76,78,24,67,59,58,44,51,12,21,55,39,39,40,47,,89,76,,110,94,,49,46,53,54,,47,45,35,41,41,11,24,44,25,52,55,53,43,59,59,50,39,21,30,47,52,51,55,45,39,47,43,58,69,57,31,35,57,78,49,20,24,19,12,70,71,88,74,77,66,43,,73,69,49,,70,57,42,45,64,86,67,,64,59,56,53,48,47,34,49,63,,37,46,53,49,,68,,55,58,60,40,86,,92,66,71,,44,35,46,69,74,60,,15,11,12,9,18,15,22,19,14,12,20,16,15,9,14,7,15,18,18,18,6,18,9,,9,9,9,18,15,12,21,,25,12,20,16,10,11,13,7,12,16,17,21,20,19,17,26,22,46,33,42,27,55,44,27,37,42,65,45,,95,58,25,60,37,62,14,28,68,26,72,51,32,15,47,24,17,64,50,60,60,81,60,67,35,66,62,52,60,42,72,68,60,55,79,77,44,48,61,48,52,65,54,41,54,48,40,,10,39,57,35,29,20,30,47,41,62,15,31,37,28,40,42,51,87,47,64,55,58,57,53,32,40,45,48,16,24,30,18,4,68,56,67,73,46,6,,64,77,55,75,71,57,44,57,56,60,49,52,34,52,58,51,47,61,46,51,38,39,46,44,18,39,62,73,40,16,35,47,23,34,20,48,22,29,39,2,,26,12,11,12,28,15,24,,14,10,16,11,28,20,,26,20,15,11,26,43,34,42,38,31,41,43,39,19,42,36,26,29,31,26,38,43,19,20,32,78,16,29,38,15,30,19,28,56,34,33,28,20,19,,30,29,21,58,63,69,81,42,61,43,35,29,44,39,80,29,38,54,51,59,58,50,58,36,50,56,50,26,10,24,39,,23,56,39,19,36,16,10,47,34,50,49,30,70,,31,36,74,67,46,72,129,48,70,52,73,48,49,50,49,16,65,51,21,24,36,42,19,31,44,59,39,55,64,,35,56,71,87,63,54,39,,62,80,68,58,45,73,67,38,31,,,27,56,39,27,26,32,,,44,50,41,38,21,45,52,43,48,32,24,31,34,41,66,60,56,51,54,38,55,57,52,34,48,23,,20,27,73,54,,63,119,38,18,15,26,,17,74,62,,32,44,27,19,16,31,59,28,35,66,,,15,10,14,30,33,12,37,44,31,46,34,38,51,40,54,62,47,44,56,39,27,32,34,66,53,55,45,47,65,68,48,50,27,17,25,15,32,43,18,12,56,45,12,12,28,28,16,21,24,31,15,40,33,22,39,45,25,40,9,13,33,13,33,18,11,56,41,43,14,32,50,21,54,54,46,,16,54,43,44,28,96,69,54,51,40,40,55,49,48,62,16,80,61,40,22,13,32,68,69,40,,32,62,39,19,36,26,25,17,63,34,27,53,27,61,34,67,25,9,19,12,11,12,13,14,11,2,13,11,14,9,14,15,14,11,10,17,6,8,10,14,16,8,18,34,25,16,8,19,23,23,32,20,28,12,26,26,8,9,28,17,24,22,28,23,26,20,33,20,33,31,,28,26,24,33,10,18,36,18,86,66,67,28,68,59,49,51,102,58,50,53,46,47,45,37,41,46,55,,37,40,56,33,22,42,37,56,39,46,35,19,32,37,41,7,30,30,33,27,38,41,23,47,37,50,50,46,50,22,67,49,44,45,16,22,22,22,47,23,24,20,21,32,30,52,32,43,42,11,25,24,27,24,44,54,36,52,55,19,16,30,20,25,12,15,26,14,19,19,20,23,23,20,17,48,11,10,29,6,24,23,11,9,15,18,24,10,11,17,14,28,10,9,21,13,9,21,23,8,18,14,,14,33,37,27,32,13,14,59,63,52,68,7,32,25,40,25,21,33,44,36,46,41,39,9,29,18,29,9,35,28,,17,27,48,41,48,60,8,37,38,18,13,39,44,34,12,13,27,17,19,8,14,16,27,,12,24,37,34,58,15,22,21,27,25,33,21,24,23,17,10,33,21,14,17,35,,20,,18,17,22,6,3,14,16,23,14,18,12,18,18,15,19,11,12,,21,11,19,26,29,2,10,,20,25,20,15,20,10,5,18,42,8,14,4,7,24,49,53,45,42,67,64,63,20,33,35,34,30,36,21,6,37,44,42,44,39,32,54,50,37,48,17,28,24,33,43,21,,43,33,28,44,18,9,11,15,12,9,41,54,94,18,33,35,23,35,40,52,50,16,15,3,72,102,28,11,30,36,12,51,45,43,38,20,56,39,,27,13,45,72,69,61,25,23,38,37
20160203,8,O3,8,37,3,2,8,2,2,29,10,3,7,6,,4,2,8,7,4,4,,6,4,,7,3,4,,,5,5,1,2,8,55,13,5,7,13,6,5,8,16,4,7,9,11,43,40,57,12,4,4,27,4,4,41,35,32,28,40,7,9,14,15,37,2,6,6,1,9,9,6,7,19,12,,7,9,11,2,,10,2,4,3,3,4,4,8,5,3,8,4,5,3,9,28,5,3,,8,6,,4,8,,6,1,13,4,7,48,16,31,21,7,37,13,27,4,19,19,54,56,10,38,33,30,19,21,,4,5,,22,17,40,9,19,36,6,11,25,20,12,12,19,13,4,5,9,4,6,13,26,2,28,8,3,10,2,4,5,7,4,8,17,15,13,8,12,10,42,12,11,6,11,15,16,50,8,15,13,19,22,28,13,,14,2,6,11,7,8,9,4,10,47,10,,6,11,15,35,6,6,51,9,7,4,4,5,23,23,32,33,36,49,22,11,18,20,72,7,29,10,7,6,6,9,16,11,7,12,25,,42,16,25,55,51,32,64,17,19,8,,8,,7,8,,48,37,46,94,97,70,11,27,27,,,37,31,34,18,10,6,3,6,11,4,30,10,14,24,50,31,48,23,40,50,55,9,30,5,58,60,,49,29,40,24,43,76,26,36,12,17,,18,38,44,23,9,3,23,44,17,11,21,9,13,,,12,,27,,12,14,1,3,6,46,4,16,10,4,33,20,2,28,7,15,16,18,12,13,25,19,38,,46,51,38,52,25,40,52,60,21,11,37,20,48,34,45,54,51,42,38,50,27,41,40,48,46,39,39,35,41,34,44,23,29,27,29,37,33,40,42,41,31,39,37,31,46,44,47,34,37,38,38,39,,8,9,,11,6,13,10,8,50,39,51,26,53,63,3,5,14,16,20,26,4,27,4,19,20,,10,,19,6,12,13,11,12,10,,20,22,55,42,43,119,59,34,40,57,26,22,18,50,15,9,5,7,37,16,15,45,52,47,12,17,,10,13,10,9,10,18,12,14,2,8,9,11,61,4,4,,6,34,38,46,9,29,32,9,29,,2,1,,4,5,,16,13,19,29,,6,10,32,13,11,99,31,8,18,24,14,9,31,7,7,61,38,27,19,8,11,10,13,4,8,20,8,13,6,12,32,12,22,40,10,36,25,12,44,2,4,4,5,14,9,6,,3,3,35,,14,6,10,11,10,13,12,,6,11,12,19,8,69,52,2,3,,29,7,7,23,,10,,7,34,20,60,7,,11,6,4,,,40,20,10,8,10,,53,64,68,67,56,10,9,6,15,17,13,20,25,25,33,12,30,20,18,23,25,6,29,,33,34,32,46,45,42,41,,37,60,56,59,31,20,13,12,13,9,19,19,9,5,3,4,17,42,78,95,11,9,17,31,10,8,10,17,,24,7,11,10,9,30,5,9,3,7,12,3,5,19,16,24,51,6,53,22,25,5,5,32,54,7,14,40,8,28,10,9,5,6,7,8,42,17,39,36,20,23,19,67,25,47,46,,106,29,12,8,27,7,12,8,18,21,69,38,31,34,28,16,26,23,78,25,4,7,9,45,16,7,3,3,16,19,31,10,89,9,6,15,13,5,12,,6,17,10,10,3,19,38,76,45,7,9,2,37,8,6,10,5,5,5,7,,14,12,4,22,10,3,5,17,4,8,20,8,14,24,39,19,14,10,17,,29,18,,61,68,78,71,,44,57,44,64,29,63,,51,78,46,49,20,12,11,15,15,2,5,7,11,14,5,10,3,6,6,3,,4,11,11,10,36,44,29,17,11,5,12,12,13,16,16,50,73,68,,64,9,19,13,8,5,9,56,12,55,58,50,5,8,2,67,12,6,2,13,9,10,6,16,2,13,9,73,93,61,56,,10,9,5,12,87,87,37,40,32,31,39,46,7,,38,28,3,10,16,29,44,20,9,2,24,6,14,25,1,35,7,4,8,61,9,19,1,5,31,4,45,12,8,,29,,13,9,9,3,11,,23,18,22,11,45,3,20,15,27,,,101,66,32,56,6,19,,,,24,33,28,74,15,7,35,52,15,46,23,8,16,39,16,12,12,14,25,5,5,13,9,5,1,,5,4,13,16,,22,8,14,16,8,3,,15,14,,,33,10,48,54,62,29,7,25,18,4,,,84,87,80,56,88,91,5,,19,8,8,34,6,38,7,10,15,20,33,23,27,1,15,39,32,22,7,11,3,6,21,12,33,38,33,38,38,12,38,48,12,31,79,54,33,9,59,37,65,62,97,17,31,9,33,72,80,62,78,12,7,65,28,33,49,25,32,2,47,51,16,43,87,6,58,,13,3,14,14,14,2,52,59,41,14,17,13,39,25,13,18,11,15,107,44,,29,27,25,11,,25,20,16,140,22,24,27,14,,32,95,,4,74,38,65,43,46,45,61,51,31,31,26,45,56,51,65,34,29,35,28,30,31,37,26,63,13,24,24,19,32,20,20,31,8,29,10,26,9,2,28,17,26,6,9,56,47,40,50,60,5,17,19,16,34,21,23,26,24,,20,21,18,15,29,29,30,20,19,15,14,4,2,5,3,46,54,38,33,34,14,36,12,21,17,38,41,,32,31,23,50,74,50,60,9,72,16,3,8,17,7,13,93,6,7,17,33,9,8,28,50,50,14,24,24,8,41,6,3,39,42,24,10,11,26,3,18,21,2,1,2,7,2,4,10,1,13,3,7,13,11,27,19,23,21,16,37,28,35,58,23,26,5,4,44,9,4,5,8,15,24,43,20,21,37,9,9,5,5,58,57,45,50,55,61,30,54,58,53,54,38,20,42,40,50,27,2,4,48,,16,12,24,8,,42,33,7,6,4,6,19,19,10,20,19,14,4,16,30,29,29,26,56,39,23,36,49,26,24,,14,11,11,12,40,29,29,9,82,11,48,5,2,2,21,19,18,16,23,27,37,30,22,,39,8,9,1,1,69,12,11,88,,64,63,64,51,24,56,27,32,33,58,48,,85,,3,61,88,83,34,96,9,9,18,28,58,65,35,38,43,35,36,,5,58,47,2,,11,,,53,36,45,26,30,79,43,,1,11,29,82,65,14,2,4,3,2,1,,3,31,14,18,22,16,14,37,33,29,22,2,4,8,19,10,19,51,46,50,5,12,11,12,56,,9,24,20,7,60,38,53,38,9,3,18,7,7,24,55,21,14,6,21,19,27,17,16,79,12,73,54,16,53,89,51,30,17,23,13,19,46,55,,76,87,57,9,20,32,3,16,14,32
20160203,8,O3_24h,52,89,62,55,69,52,65,78,52,68,77,69,,52,48,91,69,66,71,,63,69,39,69,45,88,,68,86,80,68,68,71,97,88,86,86,89,100,85,36,91,40,87,34,83,86,73,125,102,76,83,69,75,65,92,90,84,91,77,80,84,79,86,86,61,70,67,55,82,82,84,96,101,77,,70,46,71,38,,52,58,44,38,27,80,62,72,65,72,60,39,68,60,84,55,67,77,,64,51,,62,55,,103,86,75,74,60,86,93,84,95,85,139,74,86,37,73,68,101,116,52,91,110,43,81,43,,24,27,56,53,63,92,46,76,88,79,84,102,87,89,90,100,90,119,102,131,127,105,144,123,114,57,90,89,89,60,91,92,90,89,100,101,87,107,55,99,107,70,105,118,112,90,91,43,107,108,102,105,110,136,93,102,,95,89,88,125,64,63,89,92,81,123,86,,79,119,125,95,93,95,115,132,64,99,104,93,104,97,105,106,125,102,71,89,102,105,128,93,106,66,100,115,127,106,100,103,98,113,103,,123,102,99,68,71,70,68,90,91,67,,104,,105,127,,86,88,90,115,123,91,75,95,96,,,160,95,100,91,103,81,54,96,93,112,92,105,100,116,73,78,73,41,73,86,55,28,66,91,140,115,139,120,87,127,120,113,84,79,87,63,93,,86,92,91,92,83,58,92,116,77,53,93,100,66,134,74,72,221,77,36,124,125,107,92,105,156,106,99,125,81,227,75,115,93,107,81,105,99,79,105,104,59,60,,105,73,67,73,62,72,69,158,53,45,56,39,92,49,60,65,71,67,53,62,41,47,44,62,66,56,48,45,50,52,61,35,46,43,43,44,49,50,53,62,44,58,53,51,59,58,62,47,49,54,47,52,,60,64,28,57,69,68,67,68,64,52,58,39,53,83,55,33,55,62,55,70,40,61,27,62,61,,32,25,60,86,74,95,100,91,89,,99,85,75,82,73,125,109,54,74,104,55,47,52,78,47,50,40,39,100,95,100,153,79,81,70,82,,50,75,62,102,64,48,42,103,59,82,77,95,104,81,81,86,45,72,102,61,57,82,123,105,103,,17,17,,25,38,,94,64,146,86,,39,76,78,57,54,108,53,42,71,71,57,84,54,75,94,139,88,73,96,93,97,109,99,77,47,104,81,79,91,105,108,37,86,119,81,60,50,63,55,36,58,23,93,70,110,94,,77,78,77,,58,50,36,60,104,101,75,,40,79,74,101,104,100,99,74,66,,89,76,65,107,,102,,71,106,85,97,75,,109,92,80,,72,84,82,109,92,98,,76,76,76,81,74,46,54,77,44,52,52,42,46,45,50,33,49,40,43,38,41,29,40,,43,48,43,65,60,58,51,,41,66,65,66,54,47,27,39,33,35,51,23,10,38,52,29,44,92,126,171,91,65,49,81,46,53,73,80,,90,88,62,58,69,88,59,38,59,58,85,84,52,36,29,38,99,83,77,38,66,64,45,58,56,72,52,70,41,60,74,41,48,43,28,104,88,91,85,102,97,92,106,92,119,108,122,,135,86,51,53,72,77,74,65,90,82,148,104,70,88,33,85,109,77,87,35,87,89,110,55,30,72,43,71,46,103,97,112,89,80,30,83,77,74,58,,76,62,76,50,49,52,77,122,98,73,106,83,83,105,111,105,112,84,63,82,94,112,98,78,90,81,133,90,118,89,77,92,102,109,101,120,110,75,78,21,,112,100,,71,109,102,94,,53,83,62,75,60,90,,88,80,69,65,90,84,46,82,43,32,40,68,67,66,87,51,71,80,100,79,75,59,116,21,23,47,102,510,283,247,16,22,23,20,45,32,64,82,83,,76,51,37,57,95,70,63,99,96,125,115,129,84,81,71,121,73,90,69,104,81,115,115,80,29,77,84,82,101,80,76,,106,84,90,97,99,89,43,102,48,55,57,77,77,,91,73,64,67,102,106,124,140,105,73,101,112,73,61,37,100,81,62,56,84,108,78,59,83,101,57,64,84,92,,75,,84,48,97,68,47,,91,95,102,92,155,72,72,90,91,,,123,122,62,91,109,115,,,57,50,84,125,124,128,102,75,104,28,99,57,45,63,65,116,86,64,68,40,87,81,78,81,86,17,,44,56,58,43,,130,46,87,117,134,47,,32,74,69,,79,71,94,69,76,75,79,58,85,53,,,89,96,97,77,104,96,50,92,52,59,78,84,87,105,91,118,50,62,108,70,68,47,38,81,57,68,64,89,55,65,101,54,80,63,73,83,110,85,95,81,69,80,100,84,80,74,89,60,81,79,107,70,92,59,103,99,108,80,96,64,83,112,51,76,76,82,156,45,66,106,24,73,137,136,134,,115,78,114,86,110,77,128,154,59,29,75,25,99,77,52,23,30,32,179,76,207,38,57,72,61,,59,132,40,197,24,68,88,25,128,74,95,27,37,122,69,82,62,52,69,74,56,61,59,52,59,78,62,74,37,47,53,51,52,70,74,69,104,66,87,98,97,66,45,45,53,24,96,86,88,117,102,75,65,76,66,69,82,80,75,84,83,69,138,110,78,63,53,58,65,63,,58,60,66,60,77,114,110,95,58,50,54,75,74,89,51,68,72,63,67,88,49,112,105,121,115,141,118,,106,113,127,107,119,99,114,108,113,93,94,123,120,43,94,111,61,76,101,102,55,87,80,112,110,84,119,123,68,119,119,92,92,122,97,115,108,112,104,233,92,49,34,96,88,64,87,80,66,105,84,114,99,99,133,107,126,106,123,163,57,60,69,33,114,131,84,128,125,109,137,105,114,108,129,124,396,131,115,81,82,106,73,133,53,57,65,64,51,65,74,84,73,61,32,72,63,62,49,63,72,52,,88,79,108,83,70,70,62,37,51,64,45,30,50,20,53,95,91,73,76,61,69,71,64,126,95,94,95,82,68,76,,39,79,53,27,81,80,46,20,124,19,58,29,24,30,75,120,84,83,89,59,106,88,57,,85,64,63,65,56,82,39,23,97,258,77,69,71,55,114,121,44,59,37,69,84,,112,,107,83,98,83,49,110,94,107,90,127,83,88,47,53,52,84,83,46,103,83,66,110,124,47,33,,60,86,96,61,87,90,88,27,47,14,55,85,78,64,58,79,58,84,94,76,96,72,107,100,110,101,33,71,47,64,69,82,86,98,116,88,115,97,73,69,71,71,85,73,81,,38,109,82,75,106,90,102,111,32,5,79,56,70,44,74,50,44,43,93,53,59,43,42,116,30,95,94,23,67,90,71,79,48,53,62,69,60,62,,103,91,60,58,59,80,35,40,84,65
20160203,8,O3_8h,19,49,9,2,27,10,2,39,18,15,28,8,,3,2,8,8,3,4,,6,4,,7,3,3,,,5,5,1,2,8,68,13,5,8,14,6,7,8,12,4,6,9,6,34,28,56,12,5,9,18,4,3,57,62,61,59,49,31,16,14,30,52,4,11,9,3,9,5,4,31,28,24,,6,9,12,2,,19,2,4,3,3,4,4,9,5,4,6,3,7,4,16,32,5,3,,6,6,,5,9,,6,23,21,12,17,54,35,41,44,30,76,12,28,6,27,26,62,54,10,27,41,35,31,25,,2,6,2,17,19,46,16,20,62,24,27,56,29,45,24,52,24,6,5,9,4,6,13,66,2,28,21,3,9,2,4,5,6,4,21,53,40,33,31,19,29,45,32,33,10,18,10,18,37,10,15,12,18,20,37,12,,24,3,6,17,4,8,8,6,9,65,9,,5,12,16,48,41,18,58,6,8,30,3,24,40,37,51,53,73,55,32,27,24,19,76,7,36,9,10,11,15,26,24,30,24,25,49,,58,48,45,64,65,48,64,32,29,27,,20,,12,31,,57,55,68,84,104,71,23,40,34,,,33,47,48,24,6,4,2,5,6,4,23,9,23,29,64,63,62,32,56,72,37,13,38,29,80,61,52,80,49,49,42,62,77,42,67,36,59,,51,59,72,39,34,24,38,59,23,21,23,11,14,6,4,19,13,30,,12,16,1,2,7,56,4,17,23,4,70,18,,23,7,10,14,17,8,6,31,43,50,,53,47,47,58,48,42,60,71,41,31,46,34,61,41,55,57,54,51,43,52,25,39,35,54,52,46,39,37,42,40,45,30,36,31,30,34,38,44,40,51,39,51,47,42,49,50,52,40,40,47,44,45,,13,9,2,26,26,8,23,8,49,30,51,29,47,65,6,4,23,7,24,29,4,15,5,8,33,,10,2,12,9,38,28,30,31,36,,38,40,56,58,54,118,61,42,56,73,36,25,31,54,16,16,7,3,43,12,31,50,44,43,12,37,,15,12,12,8,10,16,17,14,3,12,9,25,63,4,4,27,23,52,47,56,8,22,40,22,42,,2,2,,4,6,,17,9,13,18,,12,11,33,22,14,96,24,8,21,28,29,10,29,12,8,87,46,39,32,26,15,7,16,5,16,33,8,8,13,20,47,14,17,38,8,45,38,14,42,1,3,3,5,12,12,4,,3,4,34,,25,7,9,10,10,7,13,,7,10,16,38,16,66,50,15,36,,29,13,40,25,,16,,11,46,36,54,7,,8,5,5,,54,60,48,10,13,9,,71,59,71,70,62,17,21,15,18,24,15,28,30,29,34,16,32,22,25,24,28,16,33,,35,37,35,54,52,52,38,,31,63,56,61,34,24,17,15,17,12,20,18,8,27,15,7,12,54,84,106,10,9,21,44,10,8,10,17,,24,7,10,9,7,36,4,9,3,7,12,3,4,22,20,29,78,4,31,17,16,5,4,18,46,4,8,36,6,25,9,11,5,6,6,10,43,15,32,31,25,33,24,74,31,64,80,,109,25,20,12,19,19,10,9,16,19,95,53,45,50,28,37,24,26,78,22,3,3,4,26,9,9,4,7,18,24,29,31,86,9,3,22,12,6,19,,6,14,10,9,3,37,59,89,61,11,9,2,45,9,8,13,15,5,6,18,1,12,22,10,24,22,46,10,52,3,21,20,18,23,32,56,34,33,25,18,,35,18,,62,92,84,79,,48,66,51,57,23,69,,47,57,54,56,33,29,16,23,16,6,10,24,9,17,5,15,6,12,22,25,18,19,25,7,6,31,51,38,25,16,8,8,8,9,16,23,55,72,60,,66,30,28,14,8,7,9,36,12,67,53,52,5,8,2,74,13,8,6,15,10,15,6,30,3,21,13,57,75,54,52,,16,16,5,26,93,85,38,22,28,22,23,36,7,,68,52,3,12,39,12,54,38,8,2,20,14,50,43,1,22,18,10,19,58,40,24,9,13,36,4,31,26,23,,36,,22,16,19,13,11,,22,19,28,8,49,9,22,17,43,,,107,82,29,48,26,43,,,19,14,12,43,74,20,9,42,60,18,61,21,8,15,36,14,12,10,14,29,4,4,12,8,6,2,,5,4,13,16,,25,6,14,20,3,6,,15,16,1,,40,23,55,65,70,32,17,31,31,6,,,87,82,83,47,63,84,5,1,20,8,8,26,7,33,9,9,17,22,32,26,22,1,17,28,27,9,4,7,2,9,18,15,49,46,42,49,56,21,35,60,18,31,81,69,62,26,63,44,68,72,90,30,28,11,50,36,84,57,78,31,32,63,39,47,59,28,31,1,43,60,17,41,79,12,54,,28,14,42,33,39,9,64,55,38,10,26,11,52,22,15,19,9,11,144,39,46,21,22,26,21,,31,54,9,140,22,36,47,12,,36,21,,5,91,45,52,55,42,54,67,47,31,32,34,32,56,51,64,26,32,43,40,38,37,54,42,67,30,49,51,36,33,8,6,11,4,30,9,14,12,4,24,18,36,17,14,51,60,56,60,62,16,26,31,19,26,15,18,21,18,,14,14,18,10,41,47,40,40,17,16,16,19,2,20,6,57,57,48,42,40,25,44,42,50,47,67,30,,13,33,23,63,82,61,72,26,64,39,4,20,30,14,12,90,12,20,30,63,29,41,45,54,51,18,70,58,32,77,2,2,34,50,32,25,12,43,27,23,40,8,5,8,15,4,6,14,11,22,25,21,35,38,28,36,36,27,17,36,44,54,64,30,44,45,30,58,45,22,8,11,16,20,54,32,38,53,18,18,9,4,62,55,50,54,62,62,34,53,64,61,65,49,23,62,45,51,32,12,10,50,,17,6,18,5,5,44,37,7,6,4,5,16,20,9,20,32,30,23,27,42,41,34,37,61,38,36,40,54,40,40,,22,7,13,8,19,19,26,5,84,7,51,14,2,2,25,29,24,24,29,31,42,43,20,,47,20,10,19,2,70,11,9,89,200,62,57,58,47,49,55,32,35,34,65,54,,82,,39,56,85,80,44,94,20,21,24,38,55,60,41,39,46,45,45,,15,70,56,4,5,18,2,,54,28,44,30,39,85,60,4,5,10,46,84,74,17,8,4,5,2,1,,3,31,26,14,28,23,19,42,37,51,47,29,24,31,42,24,35,55,44,53,35,46,24,24,39,,11,31,25,28,63,58,59,42,9,4,31,6,11,23,54,25,17,15,10,20,15,20,19,82,20,67,55,16,51,76,53,17,12,8,11,18,44,54,,59,88,49,32,31,34,7,21,28,52
20160203,8,O3_8h_24h,48,83,53,49,61,41,51,72,46,59,64,55,,48,44,83,63,58,61,,56,58,32,60,39,84,,56,72,64,62,59,60,88,70,66,64,59,76,59,32,76,30,64,28,42,52,43,95,68,56,62,52,54,43,85,78,73,76,69,60,68,62,72,80,54,64,57,49,64,67,68,82,76,62,,51,36,59,32,,42,37,32,31,20,50,44,63,50,55,41,37,57,47,71,41,51,55,,55,33,,34,35,,80,70,54,60,40,67,78,66,80,58,127,54,68,28,55,53,90,103,43,75,92,41,59,30,,16,18,36,40,40,85,40,57,76,63,73,88,81,72,72,85,75,94,82,108,96,74,99,114,77,52,75,76,77,52,76,80,72,66,74,81,74,78,50,88,93,58,88,96,98,72,82,36,79,93,86,88,92,113,83,80,,83,68,70,83,46,50,73,77,68,96,68,,59,75,97,80,74,76,94,112,55,84,84,78,88,80,89,91,100,83,60,66,88,82,119,81,86,56,87,98,110,93,89,90,82,95,90,,105,88,85,66,66,54,64,76,77,57,,93,,92,111,,73,77,84,100,105,80,69,88,85,,,109,80,88,81,83,58,47,87,77,88,82,84,87,100,69,76,72,36,67,82,51,22,56,76,131,106,125,108,72,115,107,98,78,62,74,48,76,,75,78,85,81,72,53,78,108,68,43,79,84,40,70,58,65,101,68,24,104,102,70,70,77,129,79,85,105,62,100,67,103,81,94,64,92,85,68,96,96,45,51,,57,61,56,68,50,68,62,74,47,39,49,35,81,44,57,60,65,64,48,58,35,42,45,56,60,48,44,40,45,44,53,42,44,36,40,37,38,47,41,52,40,53,48,44,53,52,56,41,45,48,44,46,,56,60,24,55,67,63,64,61,57,46,54,34,48,71,38,17,34,39,42,46,23,48,18,50,40,,19,16,50,56,58,69,78,69,66,,71,78,67,71,69,118,98,51,63,95,47,28,32,74,35,34,23,22,90,84,90,93,72,76,51,64,,34,56,40,82,47,41,36,79,42,65,47,69,96,63,48,54,35,65,86,59,48,63,105,94,88,,9,12,,18,25,,85,60,98,75,,32,62,66,48,45,104,49,41,66,52,46,67,40,58,77,87,76,61,77,84,71,92,80,72,34,86,68,59,72,83,95,34,72,107,66,58,46,51,52,29,44,19,75,55,84,76,,58,59,65,,46,37,33,53,83,79,64,,33,67,60,73,87,90,89,58,52,,49,60,55,87,,79,,54,87,66,80,53,,74,78,66,,67,75,69,53,71,84,,73,67,71,77,66,35,39,59,36,45,39,36,40,39,42,29,44,34,38,34,37,26,35,,40,44,41,58,55,54,38,,31,64,58,64,48,40,24,31,26,26,41,18,8,30,44,20,28,79,111,141,80,49,42,58,40,44,58,64,,79,68,46,41,54,77,45,30,48,51,75,66,47,32,24,34,85,60,56,34,49,47,35,40,46,48,40,59,31,52,50,31,34,33,21,30,69,71,75,82,70,65,89,78,94,88,107,,129,66,34,46,62,69,62,52,43,59,134,82,57,84,30,66,89,67,82,29,69,72,84,39,24,66,38,64,37,92,85,102,87,64,26,68,59,60,50,,63,46,61,41,38,40,61,98,79,56,81,65,75,84,97,88,104,63,54,66,79,100,84,69,84,72,120,82,108,75,72,80,90,101,93,105,96,64,67,19,,96,87,,69,103,99,90,,50,78,60,71,66,78,,80,72,59,59,78,64,37,52,36,28,35,55,51,64,61,44,56,61,83,64,59,43,61,17,18,34,91,126,84,67,12,18,18,17,34,29,58,72,71,,66,32,28,48,80,61,36,84,80,107,102,112,67,59,46,114,62,79,60,90,60,101,99,66,18,58,69,73,93,73,72,,89,66,79,82,96,85,40,80,43,42,46,64,63,,83,67,53,61,95,92,110,117,80,59,82,96,59,58,27,87,67,49,46,77,91,66,52,74,91,50,59,65,76,,58,,63,46,73,45,39,,70,71,78,73,132,55,58,74,75,,,116,108,53,84,97,106,,,51,41,66,105,109,106,83,66,92,25,85,50,42,54,59,82,69,54,55,36,74,68,63,61,71,12,,29,42,48,36,,101,37,71,100,115,32,,28,58,58,,68,53,86,66,74,66,62,47,70,39,,,87,91,87,72,96,90,44,73,46,46,69,69,68,82,75,85,36,46,80,58,59,38,35,68,46,54,52,69,35,42,77,40,66,58,62,74,94,76,86,76,65,74,95,81,74,68,86,57,76,77,98,58,68,53,88,88,97,57,91,32,67,106,43,73,70,68,89,36,61,71,21,57,113,113,113,,95,64,102,78,98,57,108,125,54,25,60,20,89,67,35,20,21,25,144,70,136,24,48,64,53,,51,103,32,197,23,62,77,20,45,64,30,27,31,117,65,81,66,53,63,72,55,56,58,53,59,76,52,69,32,43,48,46,43,66,70,66,98,56,68,83,77,54,37,35,42,18,89,76,80,104,92,66,55,69,57,58,77,76,72,81,79,61,122,96,69,55,44,51,58,54,,56,58,60,58,68,105,97,86,46,42,43,53,49,64,35,60,61,52,57,72,39,95,91,109,102,123,101,,91,96,114,90,99,80,94,96,104,87,78,108,96,36,83,101,51,66,93,89,47,68,68,99,92,73,105,107,60,105,105,82,82,108,85,99,87,98,88,78,84,42,26,87,76,55,76,67,60,97,78,106,91,91,120,96,113,92,106,163,51,57,65,31,105,113,75,114,109,95,102,96,105,100,123,118,300,125,110,81,67,92,68,87,51,54,62,62,48,58,70,75,72,56,30,69,60,57,46,61,69,51,,82,73,100,77,63,67,59,45,24,33,25,28,37,14,41,68,66,55,60,44,41,38,37,106,67,66,63,70,54,58,,32,50,32,20,60,56,40,15,110,16,55,19,16,22,68,79,70,71,74,55,84,82,37,,77,61,61,61,62,93,25,18,99,214,62,57,58,48,96,98,54,61,34,66,82,,104,,102,77,96,80,47,99,84,99,74,119,76,79,42,39,47,68,72,38,90,80,61,85,97,43,27,,54,76,86,53,74,87,84,25,44,10,53,84,76,55,44,58,44,73,73,64,74,67,78,78,94,92,29,60,44,55,58,66,70,88,100,58,82,90,68,60,57,65,72,60,78,,31,96,73,58,101,84,91,102,24,4,61,43,50,40,66,43,41,38,87,46,50,38,38,109,24,79,83,24,60,76,62,63,40,45,53,54,50,62,,71,92,54,47,48,67,30,33,76,57
20160203,8,CO,1,1,1.4,1.1,1.4,1.3,4.2,0.8,1.1,2.8,1.1,1.9,,4.24,3.979,5.388,3.619,3.912,4.286,,3.101,5.324,3,3.015,1.973,3.902,,2.418,2.437,2.402,2.139,1.781,1.717,0.982,3.466,4.859,3.363,3.556,3.752,3.451,2.407,3.899,4.287,3.544,4.267,9.272,9.141,11.57,8.833,12.76,7.274,10.141,6.222,10.664,13.098,0.784,0.885,0.656,0.833,0.515,1.349,1.41,1.588,1.742,0.92,7.053,3.134,2.478,3.499,5.834,11.139,8.644,4.375,4.661,4.379,,3.462,3.842,3.834,1.72,,1.567,4.057,4.02,3.402,3.415,3.002,2.796,2.4,2.723,1.798,6.309,3.141,2.414,2.014,2.597,1.432,2.479,2.902,,4.338,3.49,,2.824,3.742,,3.601,2.362,2.34,2.457,2.343,2.023,2.13,1.415,1.743,2.135,1.003,1.608,1.67,1.981,1.276,1.511,1.024,2.586,1.515,1.186,1.183,2.169,0.554,2.649,,1.672,0.776,1.811,0.995,1.477,2.214,1.735,0.507,1.541,1.417,1.214,1.071,1.315,1.162,1.364,1.577,0.904,2.349,2.307,3.555,2.185,2.261,1.998,1.402,2.042,1.546,1.406,2.506,2.267,2.594,2.353,1.942,1.543,1.503,1.687,1.281,1.309,0.702,1.067,2.852,2.752,1.572,2.171,3.193,2.839,3.088,1.839,2.899,1.859,1.508,2.025,2.017,2.037,2.094,1.226,2.035,,2.276,2.892,1.705,2.414,1.5,2.648,2.333,1.824,2.282,2.115,1.919,,1.373,1.604,1.717,1.297,1.574,2.502,1.065,1.399,2.445,1.991,2.544,2.514,1.199,1.087,1.077,0.835,2.437,2.268,2.436,3.219,0.858,0.65,0.689,1.107,1.162,1.381,1.204,1.741,1.509,1.5,0.93,1.473,0.97,1.288,1.252,,0.967,1.329,1.002,0.927,1.12,1.277,0.87,1.016,0.827,1.376,,1.243,,1.852,1.803,,1.192,0.779,1.217,1.279,0.97,0.884,1.055,1.076,0.91,,,1.109,0.852,0.952,0.864,1.409,3.293,1.947,1.147,1.509,2.018,2.898,1.528,1.161,1.625,0.654,0.943,0.593,0.642,0.925,0.806,0.676,0.715,0.73,1.201,1.082,1.093,,1.276,1.396,0.685,1.022,1.011,0.914,1.82,1.214,1.705,1.718,,1.288,1.805,1.436,1.649,1.499,1.65,2.341,1.993,2.251,1.076,1.902,2.96,2.601,2.333,1.903,1.79,1.739,2.356,2.657,2.414,1.049,1.668,1.919,2.818,1.758,1.643,1.966,1.738,2.601,0.656,1.055,2.402,0.948,1.663,1.287,1.32,1.737,1.231,1.832,1.52,0.622,0.91,,0.704,0.783,0.713,0.653,0.811,0.845,0.704,1.093,1.108,0.999,1.316,0.744,1.221,0.945,1.315,1.076,1.262,1.129,1.026,0.843,0.945,0.91,0.863,0.579,0.556,0.993,0.799,0.893,0.842,0.951,1.5,1.119,1.048,0.99,0.718,0.718,0.883,1.192,1.098,0.857,0.941,0.988,0.901,0.877,1.035,0.926,0.794,0.983,0.859,1.344,1.02,1.108,,1.466,1.29,1.318,1.536,1.647,1.213,1.503,1.545,0.788,0.817,0.911,0.987,0.97,0.829,1.431,1.32,1.245,1.063,1.321,1.014,1.295,1.139,1.088,0.813,1.164,,1.376,,1.099,1.267,1.332,1.426,1.56,1.415,1.654,,1.896,1.324,0.515,1.271,0.644,0.642,0.686,0.94,1.651,0.789,0.829,1.086,0.904,1.149,2.679,2.233,1.848,1.796,0.77,1.412,0.897,0.245,0.309,0.199,1.832,3.444,,1.794,2.052,3.356,2.414,3.442,3.722,2.191,2.731,2.128,3.008,3.45,1.746,1.558,1.404,2.808,2.984,4.244,1.663,2.081,0.916,3.815,2.703,2.103,2.584,3.151,,4.44,4.865,,4.88,3.036,,1.31,1.094,1.794,1.439,,1.318,1.162,1.053,1.185,1.131,0.531,0.789,1.344,1.756,1.227,2.266,2.396,1.129,3.82,2.982,1.635,1.076,0.559,0.845,1.199,1.596,3.706,1.187,1.897,1.73,2.064,3.478,2.411,2.148,2.086,1.026,2.449,3.677,3.656,2.154,0.62,0.686,0.709,0.582,2.81,3.142,3.458,3.352,3.372,2.68,5.343,,4.545,4.172,2.189,,2.314,3.433,3.562,3.603,1.782,2.497,3.478,,5.769,2.769,8.992,1.559,1.899,1.955,1.657,2.384,1.537,,0.947,2.134,5.079,3.145,,2.254,,4.772,1.434,1.645,1.149,3.115,,3.799,3.257,2.148,,0.682,1.131,1.511,2.177,2.149,2.222,,1.488,1.266,0.725,0.818,1.282,0.884,1.024,1.223,0.97,1.091,1.11,1.472,1.097,0.99,1.104,1.183,0.712,0.893,1.209,1.149,0.922,0.892,1.076,,1.305,1.266,1.206,0.925,0.872,0.795,0.893,,1.006,0.865,1.064,0.764,0.966,0.96,0.911,1.027,0.866,0.941,0.961,1.815,,0.965,1.485,1.725,1.56,1.769,1.599,1.474,3.693,3.293,2.617,1.963,2.828,3.595,8.134,6.835,,4.066,4.653,5.7,10.134,3.059,4.243,3.985,6.305,5.3,1.802,4.434,3.483,0.939,0.453,4.571,0.984,0.225,5.122,1.181,1.585,1.58,3.27,2.571,2.242,0.051,4.073,3.7,1.17,3.023,1.983,7.154,1.842,2.867,4.304,3.417,2.525,2.955,1.495,1.511,2.707,1.696,2.231,1.973,0.77,2.059,2.82,1.314,,0.765,0.727,1.346,1.064,1.035,1.089,2.066,2.559,1.859,2.146,1.564,0.987,0.721,1.033,1.036,1.084,1.298,1.378,1.929,0.968,3.333,1.656,2.662,2.855,3.743,2.204,0.549,0.667,1.621,1.842,0.68,1.749,0.468,3.448,2.091,3.046,4.133,3.009,2.267,,5.888,9.236,5.184,5.539,5.492,2.22,1.079,1.312,1.938,5.513,4.557,2.536,1.512,2.526,2.369,3.634,1.906,2.518,3.789,4.272,1.709,1.115,1.285,0.945,1.158,1.315,2.528,4.658,2.071,1.463,1.069,1.436,2.007,1.244,1.02,1.775,1.507,0.466,1.46,1.098,,1.57,0.847,0.706,1.14,1.162,1.208,1.484,,1.444,1.061,1.369,0.978,1.037,0.884,,1.127,0.968,0.975,0.832,2.051,1.564,1.253,1.146,1.783,1.866,1.177,1.933,1.373,1.218,2.661,1.4,1.604,1.081,0.868,1.027,,0.865,1.286,1.243,1.169,1.673,1.277,1.901,1.318,1.599,,1.777,1.163,1.159,1.317,1.371,1.038,0.402,0.922,,1.067,1.382,1.426,1.834,3.251,3.353,3.088,1.117,2.728,1.462,0.75,1.73,1.3,1.28,2.53,1.199,1.57,3.261,2.665,1.63,4.126,2.434,3.204,1.525,1.971,2.703,2.623,0.682,0.165,1.928,0.439,,2.36,2.644,2.362,1.372,1.415,2.302,1.859,,1.587,1.308,1.079,0.895,2.934,,1.379,1.274,3.99,1.836,1.934,1.512,2.742,2.043,4.059,4.117,4.033,3.147,2.079,2.386,3.541,2.949,2.862,2.676,1.604,0.767,2.203,2.038,4.462,2.895,1.137,2.043,0.468,1.214,1.273,,2.508,1.152,1.377,1.609,0.971,1.253,1.322,,1.694,1.186,2.435,1.836,2.077,1.724,2.07,1.147,0.93,,,1.134,0.877,0.939,1.107,1.408,1.131,,,2.821,1.229,0.988,1.247,0.508,1.823,2.328,1.408,1.228,1.14,2.035,0.81,0.872,0.928,4.676,2.284,4.623,8.097,2.592,5.892,3.15,2.72,3.128,1.515,3.237,2.38,,1.86,2.458,6.007,5.064,,6.125,5.12,5.829,2.574,3.933,3.411,,5.605,2.898,2.737,,0.894,1.119,0.698,0.364,0.9,0.372,1.62,0.621,0.921,3.797,,,0.172,0.578,0.2,0.936,0.978,0.314,3.065,1.338,0.923,1.678,1.493,1.16,2.037,1.593,1.653,2.371,1.323,2.269,1.247,2.727,2.246,4.96,3.24,0.796,1.172,0.606,2.882,2.426,2.883,4.356,1.849,2.391,0.987,1.212,0.597,0.554,1.766,1.859,0.884,2.121,0.646,3.085,2.054,2.841,0.549,8.222,0.314,1.602,1.132,0.931,0.675,,0.973,0.695,2.763,1.502,1.331,1.01,1.113,4.487,3.735,1.716,0.88,0.696,0.311,1.35,1.061,1.722,0.519,1.214,1.981,1.614,1.138,1.315,1.015,,1.493,3.094,1.601,1.554,1.082,1.879,1.37,1.21,2.404,1.558,1.539,1.546,1.176,1.326,0.841,1.55,,0.65,0.166,0.389,0.18,1.865,1.8,2.165,1.72,,0.823,1.986,2.206,2.345,0.37,1.045,1.167,0.95,1.108,1.399,1.183,1.23,0.794,0.817,0.559,0.91,0.762,0.422,0.934,,0.547,1.111,0.766,0.947,0.74,0.645,0.991,0.359,0.993,0.873,1.077,1.071,0.918,0.836,0.87,0.949,0.012,1.216,0.668,0.843,0.791,1.259,1.549,1.247,1.038,1.787,1.473,1.379,2.001,2.763,2.565,0.922,0.939,0.776,0.921,0.986,1.362,1.371,1.545,0.865,1.111,1.255,2.015,1.002,1.17,1.285,1.421,1.021,1.667,1.468,,1.849,2.344,1.649,2.479,1.987,0.276,0.854,0.501,3.258,3.445,2.835,1.777,6.917,2.99,3.964,2.336,3.058,2.335,2.161,2.084,1.977,1.815,2.404,2.075,4.438,2.211,1.367,,1.579,1.627,1.558,0.851,0.635,0.683,1.17,1.674,0.926,1.595,1.325,2.755,1.955,1.695,1.761,1.355,1.728,1.591,0.859,1.431,1.713,1.328,0.813,1.607,1.473,1.708,2.069,1.455,0.977,1.419,3.052,1.836,1.912,1.173,0.92,1.092,1.187,0.859,2.693,1.439,1.64,0.294,0.678,1.27,1.705,1.347,1.801,1.392,1.855,1.039,1.611,1.288,1.294,1.56,1.193,2.629,1.405,1.913,1.555,1.846,0.655,1.171,0.832,1.646,0.747,1.013,1.348,1.125,1.291,1.242,0.974,0.941,0.824,1.608,0.777,1.687,1.835,0.037,1.751,0.092,0.315,0.583,0.725,0.795,2.329,0.542,1.06,0.816,0.898,1.538,1.3,1.314,1.14,1.285,1.642,0.543,1.375,1.545,1.579,0.732,0.903,1.05,,1.567,1.799,1.793,1.48,1.394,1.24,1.3,1.774,1.498,2.091,2.249,1.607,1.176,2.541,1.457,1.162,1.256,1.403,0.965,1.451,1.542,1.494,1.444,1.123,1.233,1.156,0.924,1.154,1.281,1.511,,1.348,1.235,1.488,1.662,1.456,1.967,0.945,1.981,1.336,1.271,1.132,1.393,2.94,1.424,1.112,1.35,1.427,1.247,1.211,0.686,0.628,0.838,0.832,,1.464,1.955,1.793,2.239,2.454,1.197,1.29,0.772,1.153,0.942,1.084,1.014,0.819,1.086,0.912,0.961,1.793,1.62,1.346,1.149,0.426,,0.526,,,1.102,1.222,1.583,0.531,0.794,1.405,0.37,0.601,1.461,0.713,0.652,1.021,0.621,0.75,0.4,1.281,0.877,0.087,0.348,0.574,2.028,0.769,0.637,0.737,,0.833,0.213,1.239,0.737,0.992,,,1.936,2.57,0.455,0.703,0.26,0.801,2.621,3.325,3.034,4.52,4.066,2.16,2.112,2.458,,2.018,1.18,3.335,2.148,1.148,0.757,0.928,1.708,1.995,3.046,2.506,2.684,3.515,3.861,2.162,0.641,0.424,2.613,2.116,2.111,1.981,1.592,0.973,,1.987,2.885,1.478,2.909,1.292,0.548,0.525,0.558,1.41,0.912,1.255,1.18,2.549,0.577,1.216,0.584,2.134,2.53,1.219,2.96,1.405,1.856,1.204,0.489,3.562,2.303,1.516,2.927,0.954,0.843,1.276,2.654,1.931,1.093,4.15,5.08,2.081,1.427,,,0.006,0.766,1.884,2.907,2.783,2.237,0.754,2.444,1.206
20160203,8,CO_24h,1.088,0.504,0.958,1.129,0.917,1.088,1.817,0.783,0.754,1.012,1.017,1.767,,1.739,1.998,2.155,1.623,1.892,2.773,,1.469,2.432,1.254,1.722,1.113,1.973,,1.484,1.713,1.705,1.387,1.574,1.106,0.708,2.104,2.7,1.979,2.191,2.309,2.335,2.374,2.989,2.374,1.685,2.072,5.369,6.078,6.334,6.152,4.697,5.023,4.216,3.24,4.506,6.626,0.642,0.714,0.415,0.639,0.511,1.062,1.257,1.511,0.989,0.652,2.333,1.623,1.574,1.7,3.818,4.553,3.195,2.558,2.732,2.822,,2.711,3.963,2.753,1.699,,1.485,2.633,3.026,3.619,3.268,3.12,3.052,1.72,2.126,1.095,4.118,2.246,1.744,1.719,1.437,1.209,1.933,1.866,,1.978,2.228,,1.931,1.871,,1.767,1.156,1.189,1.694,1.607,1.43,1.587,1.573,0.962,1.12,0.611,1.291,1.324,1.538,1.233,1.279,0.981,1.781,1.462,1.244,1.042,1.391,0.845,3.432,,1.831,0.74,1.509,1.147,2.104,1.941,1.084,0.849,1.545,1.28,1.3,1.022,1.288,1.263,1.205,1.618,1.015,1.913,1.649,2.932,1.772,2.066,1.757,1.574,1.404,1.776,1.328,1.669,1.595,1.946,1.742,1.347,1.63,1.6,1.68,1.188,1.068,0.778,0.921,1.836,1.54,1.144,1.284,1.955,2.168,1.846,1.702,2.005,2.152,1.506,1.986,1.52,1.662,1.902,1.238,1.597,,1.96,2.608,1.676,1.947,1.932,1.969,1.558,2.064,1.572,1.54,1.526,,1.222,1.264,1.477,1.485,1.69,2.106,1.178,1.35,1.757,1.441,2.345,1.528,0.958,0.992,0.992,0.872,2.256,2.243,2.315,2.714,0.907,0.645,0.727,0.969,1.213,1.286,1.034,1.094,1.178,1.286,0.921,1.263,0.89,1.086,1.022,,0.866,1.069,0.798,0.946,1.126,1.308,1.049,0.951,0.781,1.146,,1.151,,1.125,1.306,,1.045,0.653,1.045,1.339,1.122,1.036,0.974,0.883,1.338,,,1.032,0.904,0.953,0.859,1.219,1.591,1.181,1.036,1.459,1.438,2.365,1.523,1.038,1.404,0.475,0.763,0.545,0.635,0.905,0.794,0.755,0.755,0.762,1.079,0.849,1.006,0.49,1.21,0.931,0.883,0.829,1.092,0.994,1.833,1.183,1.317,1.379,,1.261,1.66,0.802,1.448,1.119,1.323,1.539,1.402,1.894,1.109,1.589,1.865,1.994,1.662,1.398,1.408,1.475,1.444,1.98,1.884,1.072,1.406,1.756,1.504,1.525,1.489,1.881,1.543,2.354,0.896,1.055,2.06,1.074,1.489,1.398,1.402,1.742,1.264,1.592,1.358,0.679,1.002,,0.753,0.809,0.733,0.707,0.916,0.845,0.736,1.198,1.093,0.996,1.312,0.754,1.162,0.982,1.31,1.033,1.249,1.105,1.018,0.862,0.928,0.926,0.889,0.694,0.67,1.077,0.939,0.972,0.846,0.993,1.32,1.103,1.054,0.962,0.817,0.796,0.958,1.236,1.196,0.891,0.983,1.009,0.907,0.914,1.088,1.021,0.901,1.025,0.865,1.288,1.098,1.116,,1.312,1.101,1.295,1.328,1.418,1.118,1.392,1.404,0.98,0.877,1.322,1.045,1.399,1.044,1.403,1.454,1.288,1.351,1.362,1.013,1.367,1.378,1.253,1.01,1.078,,1.632,1.611,1.368,1.036,1.282,1.43,1.539,1.344,1.616,,1.918,1.287,0.68,1.471,0.763,0.882,1.016,1.177,1.341,1.017,1.083,1.388,0.922,1.306,2.426,1.72,2.109,2.249,1.246,1.511,0.72,0.36,0.389,0.364,1.502,2.524,,1.84,1.344,2.742,1.72,3.844,3.571,2.041,1.793,2.109,2.323,2.864,1.832,1.449,1.663,2.264,2.192,2.512,1.811,2.131,0.968,2.707,1.907,1.93,1.433,2.125,,3.352,4.773,,2.122,3.158,,1.205,1.326,1.677,1.523,,1.473,1.356,1.254,1.4,1.241,0.683,0.991,1.431,1.743,1.529,2.168,2.413,1.533,2.135,3.16,1.559,0.982,0.483,0.685,1.049,1.69,1.746,1.117,1.358,2.163,1.732,2.308,1.972,1.246,1.456,0.868,1.586,2.655,2.102,2.018,0.686,0.78,0.843,0.66,1.95,2.507,2.957,2.093,2,2.022,2.94,,3.758,3.425,2.154,,2.213,2.941,3.299,3.1,1.426,2.131,2.338,,3.663,1.838,3.084,1.071,1.364,1.613,1.499,1.295,1.042,,0.98,1.545,1.969,2.07,,1.896,,1.911,1.507,1.618,1.415,2.003,,2.969,2.659,1.613,,0.821,1.066,1.309,1.32,1.258,1.325,,1.413,1.288,0.8,0.829,1.331,0.937,1.08,1.089,0.984,0.986,1.106,1.053,1.132,0.977,1.082,1.101,0.717,0.871,1.135,1.121,0.88,1.097,1.16,,1.323,1.247,1.207,1.014,0.929,0.898,0.999,,1.236,0.959,1.134,0.82,0.997,1.044,0.967,1.106,0.892,0.98,1.018,1.868,,0.929,1.356,1.893,1.688,1.567,1.692,1.669,2.939,2.725,2.324,1.567,2.262,2.943,5.3,5.265,,3.294,3.881,4.924,8.17,2.095,4.495,3.683,5.315,3.319,1.355,2.354,2.431,0.794,0.356,2.768,0.778,0.358,3.026,1.727,2.121,1.912,2.507,2.486,2.297,0.899,4.095,4.037,1.36,3.121,1.97,3.867,2.636,2.562,2.655,3.881,3.016,2.966,1.375,1.471,2.063,1.193,1.476,1.672,0.789,2.073,1.601,1.005,,0.731,0.662,1.317,0.703,0.855,0.715,2.151,1.942,1.612,2.199,1.016,0.836,0.682,0.759,1.063,0.775,1.269,1.271,1.732,1.061,2.766,1.402,1.861,2.288,2.794,1.924,0.826,0.872,0.778,1.415,0.719,1.571,0.494,2.54,2.169,2.945,3.192,2.662,1.911,,4.172,6.668,2.793,4.174,4.622,1.914,1.545,1.436,1.82,2.309,3.126,1.489,1.647,1.506,1.701,2.251,1.242,2.165,3.069,3.544,1.305,1.103,1.402,0.913,1.325,1.248,1.769,2.343,1.535,1.33,0.797,1.402,1.548,1.033,0.962,1.341,1.554,0.809,1.397,0.934,,1.578,1.143,0.645,0.905,1.011,1.053,1.286,,1.474,1.115,1.419,1.162,1.321,1.333,,1.35,1.231,1.083,0.893,2.34,1.503,1.233,1.186,1.679,1.495,1.212,1.761,1.341,1.193,2.657,1.626,1.498,1.063,0.909,0.985,0.926,0.873,1.351,1.305,1.218,1.713,1.265,1.861,1.332,1.587,0.788,1.881,1.212,1.195,1.42,1.472,1.096,0.596,0.971,,1.229,1.331,1.6,1.8,2.533,1.905,2.079,1.349,2.35,1.567,0.939,1.627,1.339,1.473,2.14,1.175,1.234,2.276,1.893,1.381,2.342,1.882,1.823,1.037,1.98,2.27,1.607,1.19,0.98,2.144,0.328,,1.959,1.573,1.45,0.889,1.243,2.106,1.741,1.081,1.505,1.605,1.389,1.034,2.166,,1.07,1.082,3.283,1.484,1.35,1.731,1.714,1.731,2.955,2.054,2.41,1.671,1.536,1.849,2.161,2.075,1.977,2.383,1.076,0.844,1.658,1.824,1.749,2.3,1.327,1.101,0.89,1.319,1.319,,1.381,1.299,1.541,1.679,0.996,1.263,1.272,,1.466,1.504,1.396,1.78,1.801,1.34,1.782,0.925,0.943,,,0.995,0.906,0.953,0.937,1.321,1.127,,,1.083,1.229,1.146,1.382,0.616,1.412,1.948,1.415,1.323,1.104,1.842,0.827,0.87,0.94,2.502,1.816,2.75,3.975,1.792,2.16,1.987,1.697,2.17,1.598,2.145,2.591,,2.019,2.651,4.895,3.717,,4.604,3.614,4.162,2.366,3.433,3.307,,4.405,3.78,2.732,,0.968,1.228,0.883,0.322,0.855,0.556,2.166,0.722,0.751,1.511,,,0.363,0.612,0.185,1.441,1.721,0.454,3.132,0.798,0.872,0.892,1.22,1.207,1.724,1.281,1.618,1.79,1.363,1.843,0.879,3.446,2.433,4.679,2.146,1.078,0.998,1.196,2.529,2.1,1.65,3.045,1.562,1.759,1.742,0.572,0.684,0.609,1.251,1.327,0.968,1.702,0.514,2.2,1.578,1.511,0.606,3.251,0.479,1.2,0.966,0.836,0.651,,0.893,0.363,1.763,1.606,1.141,1.048,0.834,1.356,1.189,1.015,0.717,0.446,0.291,1.396,1.054,1.278,0.636,1.41,1.762,1.416,1.4,1.287,1.282,,1.303,2.512,1.274,1.529,1.044,1.933,1.327,1.639,2.262,1.614,1.133,1.589,1.478,1.538,0.833,1.124,1.149,0.647,0.199,0.568,0.227,1.594,1.439,1.667,1.585,,0.925,1.517,2.045,2.258,0.328,0.846,1.107,0.942,1.167,1.367,1.039,1.231,0.861,0.95,0.733,0.872,0.804,0.475,0.763,0.056,0.622,1.16,0.84,1.057,0.826,0.647,1.12,0.499,1.137,0.857,1.044,1.04,0.882,0.712,0.692,0.67,0.019,0.928,0.569,0.769,0.796,1.485,2.277,1.843,1.726,2.201,1.065,0.776,1.825,1.466,1.814,0.893,0.971,0.812,0.827,0.902,1.319,1.277,1.397,0.724,1.034,0.87,1.102,0.93,1.005,1.301,1.353,0.735,1.323,1.303,,1.775,2.257,1.538,2.342,1.581,0.287,0.721,0.632,4.103,2.804,1.89,1.585,5.242,2.469,3.482,2.35,3.262,2.462,2.202,1.848,1.565,1.498,1.389,1.502,2.217,1.172,2.047,,1.914,2.175,2.189,0.973,0.836,0.909,1.45,1.19,1.242,1.295,1.444,2.516,1.997,1.711,1.755,1.272,1.321,1.314,0.673,1.16,1.425,1.123,0.752,1.812,1.701,1.973,1.215,0.999,1.008,0.916,3.072,1.839,2.197,1.319,1.092,1.138,1.26,0.96,1.416,1.325,1.689,0.249,0.633,1.107,1.661,1.464,1.527,1.494,1.594,1.01,1.267,1.145,1.146,1.202,1.208,2.082,1.147,2.181,1.638,1.961,0.76,1.054,0.748,1.544,0.868,0.889,1.073,1.226,1.101,1.186,0.755,0.905,0.753,1.281,0.69,1.593,1.808,0.048,1.367,0.049,0.176,0.583,0.702,0.706,2.634,0.608,1.106,0.84,0.961,1.573,1.337,1.356,1.063,1.296,1.794,0.6,1.346,1.553,1.547,0.677,0.747,1.063,,1.431,1.753,1.603,1.682,1.527,1.208,1.151,1.534,1.377,1.805,2.141,1.957,1.208,2.36,1.162,1.275,1.299,1.397,1.086,1.536,1.717,1.759,1.53,1.093,1.35,1.216,0.975,1.17,1.273,1.52,,1.32,1.483,1.636,1.922,1.473,1.823,1.029,2.008,1.404,1.301,1.224,1.458,2.876,1.484,1.071,1.21,1.377,1.174,1.196,0.836,0.821,0.899,1.094,,1.439,1.807,1.699,1.794,2.307,1.264,1.456,0.779,1.259,0.994,1.58,1.3,1.123,1.401,1.193,0.89,1.82,1.55,1.477,1.261,0.52,,0.574,,0.263,1.069,1.382,1.252,0.597,0.531,1.376,0.405,0.558,1.152,0.743,0.833,1.254,0.787,0.991,0.496,1.355,1.016,0.219,0.417,0.705,2.002,1.082,0.487,0.781,,1.058,1.069,2.034,0.73,1.029,0.03,0.054,1.526,2.237,0.575,0.555,0.237,0.731,2.451,2.884,2.598,3.746,4.022,2.64,2.954,2.78,0.037,2.006,1.247,3.287,1.994,1.197,0.822,0.771,1.841,1.726,2.296,1.132,1.471,1.723,2.233,1.799,1.047,0.688,2.568,1.788,1.495,1.663,1.594,0.629,,1.888,2.705,1.353,1.86,0.902,0.617,0.646,0.791,1.368,1.147,0.708,1.108,1.614,0.686,1.482,0.729,1.986,1.297,1.16,1.544,2.05,1.543,0.873,0.492,2.846,2.982,1.595,2.263,1.018,1.057,1.429,2.941,2.254,2.176,2.168,2.615,2.94,1.685,,0.703,1.106,0.903,1.911,3.346,2.326,2.103,0.771,1.81,1.306
20160203,9,AQI,38,55,36,54,42,45,70,57,36,100,35,62,,241,218,173,172,195,218,,182,163,207,198,112,199,,98,135,122,108,109,95,105,158,226,162,183,208,160,93,188,142,95,120,331,309,299,289,271,249,264,439,318,272,57,49,63,67,52,59,99,57,88,67,195,72,85,49,360,412,262,262,295,248,99,114,100,98,63,,57,139,129,53,55,61,93,82,127,162,186,189,82,115,94,122,235,162,,216,263,,258,222,,281,135,176,78,92,60,84,63,123,100,64,137,142,117,133,144,94,168,140,149,152,113,113,115,,144,152,156,175,94,125,144,104,104,92,98,80,132,88,85,87,90,169,139,169,156,195,165,152,165,140,140,175,172,180,170,152,125,102,172,75,98,69,112,238,245,252,232,139,193,153,202,173,165,134,172,195,215,150,159,159,,178,148,122,153,128,251,254,243,264,206,250,,256,225,206,166,117,196,153,183,227,214,206,223,156,124,133,68,248,301,267,273,112,82,55,130,98,117,117,112,118,134,75,153,140,152,145,,145,147,159,77,84,77,77,107,119,85,,103,,189,160,,100,137,110,78,82,89,119,88,102,112,94,104,80,102,90,127,90,135,125,143,160,160,168,150,138,40,43,48,50,36,39,18,39,23,109,93,64,127,115,139,83,117,97,148,183,139,152,156,,145,186,176,125,119,109,122,138,132,127,133,108,158,128,147,201,162,139,117,127,127,156,165,169,188,156,147,205,170,112,87,124,75,113,46,114,93,84,98,62,53,49,,45,49,50,53,46,53,53,49,57,55,50,62,51,57,53,40,54,46,52,53,52,52,48,43,48,43,58,54,49,62,72,35,49,62,33,37,,39,31,55,53,55,43,49,59,54,59,52,49,53,69,67,,123,,119,117,108,98,108,115,30,26,36,33,31,72,84,75,68,73,80,62,73,70,79,74,77,,72,68,75,100,108,97,95,89,94,,95,58,84,95,93,88,69,63,79,83,85,58,53,20,68,70,56,52,136,83,77,51,58,27,165,78,,103,175,134,261,79,180,90,215,80,88,132,117,115,90,108,102,176,135,129,71,134,201,120,135,107,,258,321,,407,250,,124,147,123,115,,117,99,69,112,115,54,75,112,100,67,85,69,59,80,93,55,130,46,54,62,199,192,122,128,80,148,251,166,229,199,82,409,148,250,253,36,34,33,23,244,239,175,262,318,272,425,,358,341,211,,203,229,233,269,265,162,250,,223,253,350,223,276,301,237,132,105,,69,133,215,238,,178,,345,173,180,130,274,,306,226,168,,65,78,80,253,215,202,,72,74,77,74,80,29,30,32,29,30,43,42,42,40,33,48,45,53,42,38,36,46,36,53,43,32,35,64,63,65,60,,49,67,58,67,23,30,32,36,35,43,,49,40,57,58,64,73,170,145,159,82,82,70,70,114,125,144,172,,145,139,136,262,119,64,104,147,80,67,162,133,89,61,122,42,22,355,63,87,98,229,48,89,50,104,92,72,127,64,158,178,139,243,150,130,124,213,153,317,233,190,118,67,213,145,103,,55,62,73,100,87,119,115,159,178,158,183,173,67,79,88,57,84,129,95,117,135,134,119,113,130,100,62,108,95,152,92,127,27,180,66,89,198,123,80,,268,182,172,189,192,99,87,118,133,74,59,139,98,208,186,155,145,79,110,112,83,145,158,186,125,150,109,139,129,92,110,98,83,119,108,93,95,115,119,43,46,95,59,64,145,147,155,137,,74,87,88,89,77,97,103,87,102,15,15,120,128,117,132,156,165,170,150,142,169,84,92,72,89,92,89,92,104,110,125,128,108,83,88,113,102,105,133,114,132,142,143,77,87,80,,60,70,55,119,198,112,356,75,124,77,97,59,57,94,90,218,207,171,213,170,378,224,242,103,80,124,105,97,78,108,102,,140,225,118,109,103,148,185,181,107,179,168,184,188,,159,162,225,119,165,127,137,128,261,216,154,201,110,87,149,105,178,185,208,80,119,166,132,85,114,122,85,73,80,,128,84,125,,71,75,130,,113,115,158,140,166,185,178,119,119,,72,89,85,87,83,110,107,,,150,175,94,102,67,104,117,156,166,138,130,57,49,68,132,99,199,167,122,119,179,178,305,160,80,69,,94,100,208,212,,230,140,125,46,83,51,,89,148,129,,54,51,58,65,42,74,147,67,72,223,22,25,25,24,25,53,45,48,147,162,90,270,217,72,115,98,93,321,193,153,122,104,57,118,173,88,87,88,152,170,150,205,143,134,84,87,59,53,173,160,75,40,70,135,41,114,152,359,29,133,105,105,79,68,115,26,124,74,113,97,66,178,273,105,53,68,41,84,102,175,25,107,80,170,138,176,160,,233,190,165,63,79,110,148,130,105,92,99,113,180,102,128,135,117,128,84,79,63,225,228,242,90,,80,138,156,152,75,74,63,75,112,88,75,62,65,85,74,132,33,32,51,49,19,36,38,38,38,18,40,32,35,35,30,33,35,65,59,54,46,87,80,80,65,99,140,118,117,113,114,80,94,89,61,58,92,93,60,62,67,88,92,64,108,82,83,78,80,108,138,113,99,123,,63,64,63,68,66,82,92,80,100,100,97,205,240,195,189,128,142,144,172,81,114,132,125,115,147,123,128,,128,109,105,112,105,159,90,134,93,118,104,132,128,99,119,39,85,122,60,113,155,120,109,109,119,142,149,132,156,127,105,125,123,134,95,94,92,75,140,109,70,38,85,84,67,93,78,108,122,123,158,119,127,148,65,88,103,69,104,84,81,115,117,122,70,67,73,82,103,82,79,73,78,226,73,134,91,93,108,61,78,119,63,57,75,67,92,84,77,93,95,103,82,73,84,100,38,52,52,95,104,87,,99,110,119,55,52,103,102,129,180,138,188,114,99,84,89,89,74,90,107,100,79,77,85,107,69,102,100,63,78,70,,70,113,118,117,144,113,133,93,150,114,69,130,173,67,71,103,109,90,124,29,36,25,36,,70,144,109,108,128,40,54,54,42,49,48,59,62,52,46,61,84,94,38,22,79,,64,59,67,46,34,57,40,45,47,52,60,46,38,32,32,29,39,42,22,71,55,70,37,52,68,54,57,,29,25,22,150,184,24,25,21,163,29,45,23,30,205,204,223,196,75,99,95,77,103,140,119,59,63,92,76,65,52,64,102,69,107,140,90,168,115,123,104,215,140,76,107,73,,124,80,79,86,113,110,49,59,56,36,265,153,144,75,104,95,124,125,87,173,198,67,73,28,167,348,69,99,60,59,78,123,155,72,144,190,73,84,129,23,29,15,153,258,397,79,36,125,48
20160203,9,PM2.5,26,39,25,25,29,31,51,40,25,,23,44,,191,168,131,130,146,168,,137,124,157,148,84,149,,73,103,92,81,82,71,79,120,176,123,138,158,122,69,141,108,64,91,281,259,249,239,221,199,214,408,268,222,30,9,34,34,36,36,74,40,56,30,146,52,63,32,310,367,212,212,245,198,74,86,75,73,44,,40,106,98,33,29,43,67,51,96,123,140,142,60,87,70,92,185,123,,166,213,,208,172,,231,103,133,55,68,42,62,45,93,75,46,104,108,88,101,110,70,127,107,114,116,85,85,87,,110,116,119,132,70,95,110,78,78,68,73,59,100,65,63,64,67,128,106,128,119,146,125,116,125,107,107,132,130,136,129,116,95,76,130,49,73,50,84,188,195,202,182,106,145,117,152,131,125,102,130,146,165,115,121,121,,134,113,92,117,97,201,204,193,214,156,200,,206,175,156,126,88,147,117,138,177,164,156,173,119,94,101,42,198,251,217,223,84,60,39,99,73,88,88,84,89,102,55,117,107,116,111,,111,112,121,56,62,56,56,80,90,63,,77,,142,122,,75,104,83,57,60,66,90,65,76,84,70,78,59,76,67,96,67,103,95,109,122,122,127,115,105,28,30,33,35,25,27,8,22,9,82,65,46,96,87,106,61,88,72,113,138,106,116,119,,111,140,133,95,90,82,92,105,100,96,101,81,120,97,112,151,123,106,88,96,96,119,125,128,141,119,112,155,129,84,64,94,55,85,32,86,69,62,73,44,37,34,,31,34,35,37,32,37,37,34,40,39,35,44,28,40,37,28,38,32,36,37,31,36,33,30,33,30,41,38,34,44,52,24,34,44,23,19,,15,11,39,37,39,30,34,42,38,42,36,34,37,50,48,,93,,90,88,81,73,81,87,19,17,25,23,17,52,62,55,49,53,59,44,53,51,58,54,56,,52,49,55,75,81,72,71,66,70,,71,31,62,71,69,65,50,45,58,61,63,41,34,14,38,51,30,36,102,29,39,4,32,14,125,53,,77,132,102,211,51,136,67,165,49,55,100,88,87,67,81,76,133,103,98,34,102,151,91,103,80,,208,271,,265,200,,94,112,93,87,,88,74,50,84,87,38,55,84,75,48,63,46,42,59,69,28,99,32,30,43,149,144,92,97,59,113,201,126,179,149,60,363,113,200,203,20,19,23,16,194,189,132,212,268,222,387,,308,291,161,,153,179,183,219,215,123,200,,173,203,300,173,226,251,187,100,79,,50,101,165,188,,134,,295,131,136,99,224,,256,176,127,,47,57,59,203,165,152,,52,54,56,54,59,20,21,22,20,21,30,29,29,28,23,33,31,37,29,23,25,32,25,37,30,22,24,46,45,47,43,,34,48,41,48,16,21,22,25,24,30,,34,28,40,41,46,53,129,111,121,60,60,46,51,86,95,110,130,,111,106,61,212,90,34,78,112,59,48,123,99,64,36,92,22,9,305,45,64,73,179,,66,35,78,68,50,96,37,120,134,106,193,115,99,94,163,117,267,183,143,89,48,,,77,,39,44,53,75,64,90,87,121,134,120,138,131,29,58,65,40,62,98,71,88,103,102,90,85,99,72,44,81,71,116,63,96,6,136,45,65,148,93,59,,218,137,130,142,144,74,64,89,101,54,42,106,73,158,140,118,111,58,83,84,60,111,120,140,95,115,82,106,98,68,83,73,61,90,81,69,71,87,90,30,26,71,42,46,111,112,118,104,,54,64,65,66,56,72,77,64,76,2,3,91,97,88,100,119,125,129,115,108,128,62,68,52,66,68,63,68,78,83,95,97,81,61,65,85,76,79,101,86,100,108,109,56,64,59,,43,47,39,90,148,27,306,55,94,56,72,42,40,70,67,168,157,96,163,129,328,174,192,77,59,94,79,51,35,48,41,,107,175,88,82,57,113,139,136,66,48,49,56,141,,121,123,175,90,125,96,104,97,211,166,,151,83,64,114,79,134,139,138,59,90,126,100,47,86,92,63,53,59,,97,62,95,,50,55,99,,85,87,120,107,126,139,134,90,90,,52,66,63,64,61,83,80,,,115,132,70,76,48,78,88,119,126,105,99,40,25,49,100,56,149,86,92,90,135,134,255,122,54,50,,70,75,158,162,,180,107,72,32,61,27,,66,113,98,,30,28,41,47,25,54,112,48,52,173,12,16,11,14,9,34,31,33,112,123,67,220,167,52,87,73,69,271,145,117,92,78,40,89,131,65,64,65,116,129,115,155,109,102,62,64,42,34,131,122,55,28,51,103,25,86,116,,20,101,79,79,58,49,87,18,94,54,85,72,40,134,,79,37,49,,62,76,132,17,80,15,129,105,133,122,,183,143,125,45,58,83,113,99,79,68,74,85,136,76,97,103,88,97,62,58,45,175,178,192,67,,59,105,119,116,55,54,45,55,84,65,55,44,47,63,54,100,21,22,35,34,13,25,26,26,26,6,28,22,24,24,21,23,24,47,42,38,32,64,59,59,47,74,107,89,88,85,86,55,70,66,13,41,68,69,43,44,48,65,68,35,81,60,61,57,59,81,105,85,74,93,,20,17,20,15,46,60,68,59,75,75,72,155,190,146,142,97,108,110,130,55,86,100,95,87,112,93,97,,97,82,79,84,79,121,67,102,69,89,78,100,97,74,90,27,63,92,42,85,118,91,82,82,90,108,114,100,119,96,79,95,93,102,71,70,68,55,107,82,48,26,63,62,48,69,57,81,92,93,120,90,96,113,47,65,77,50,78,62,56,87,88,92,51,48,49,60,77,60,58,53,57,70,53,102,37,69,81,39,57,90,45,40,55,48,68,62,56,69,71,77,60,53,62,75,22,32,36,71,78,64,,74,83,90,31,31,77,76,98,136,105,141,86,74,62,66,66,,67,80,75,58,56,63,80,50,76,75,45,57,51,,51,85,89,88,110,85,101,69,115,86,50,99,131,48,43,77,82,67,94,17,25,13,25,,51,110,82,81,97,28,33,38,29,34,33,42,44,36,30,38,62,70,26,15,58,,46,42,38,29,7,40,28,31,24,28,41,30,26,22,22,20,27,29,13,39,39,51,14,36,49,38,40,,15,8,15,36,59,4,17,,124,18,23,2,21,155,154,173,147,55,74,71,56,77,107,90,42,45,68,55,47,36,46,40,29,80,107,67,127,47,39,78,165,107,26,80,53,,94,52,58,19,85,83,34,42,30,18,215,117,110,,78,71,94,95,64,131,148,43,39,14,123,298,37,74,34,33,31,93,118,52,110,143,53,62,98,12,16,4,117,208,347,58,23,95,33
20160203,9,PM2.5_24h,38,19,32,36,30,31,41,31,28,24,29,52,,79,75,58,60,67,84,,65,54,68,69,44,82,,61,75,58,55,76,65,28,70,82,63,70,81,86,46,69,60,48,42,131,144,173,125,162,210,163,189,187,221,19,16,17,22,23,39,45,35,36,18,73,54,57,54,122,155,96,127,142,132,63,82,99,87,67,,34,75,84,43,47,49,81,65,71,81,107,80,50,61,46,87,114,101,,130,164,,151,115,,134,68,63,44,51,35,44,44,42,56,27,100,104,91,102,96,74,97,107,91,89,90,99,118,,139,123,141,148,94,113,102,118,95,87,96,72,113,86,77,83,83,123,112,127,117,133,121,113,123,111,132,142,113,137,129,117,129,110,107,76,92,81,97,82,89,95,83,96,111,106,117,115,111,103,107,117,134,103,115,124,,120,136,123,121,135,141,146,141,139,138,148,,127,127,142,110,91,130,140,116,142,115,122,110,80,61,87,44,150,167,151,146,78,59,45,79,70,80,79,78,82,81,52,82,89,85,81,,76,82,85,62,70,62,64,76,77,57,,76,,119,102,,64,75,68,81,77,74,89,70,70,74,70,65,63,79,62,104,67,98,99,110,124,113,103,107,97,21,21,21,27,20,22,19,24,19,89,66,59,96,81,96,55,87,83,107,119,88,96,101,,94,106,56,85,75,67,79,85,86,89,82,71,75,74,73,82,76,74,64,58,100,114,122,110,118,123,115,106,125,87,105,101,103,108,93,120,118,112,100,98,32,29,,27,28,27,32,27,34,30,25,29,27,25,31,13,28,26,16,21,20,27,25,24,24,26,24,29,25,34,35,24,31,37,20,23,29,16,16,,12,8,31,29,26,20,24,27,25,29,21,19,23,35,21,,78,,74,74,70,65,72,74,8,17,20,22,23,54,74,62,57,65,63,45,54,63,63,65,54,,63,53,60,60,94,80,74,75,77,,80,83,73,76,65,76,68,57,79,68,69,56,36,22,55,54,69,48,51,43,26,21,34,26,77,52,,72,87,71,123,63,121,55,109,109,45,90,96,53,70,82,65,93,103,105,46,74,80,91,60,76,,228,350,,233,264,,95,110,106,105,,132,150,100,131,147,43,97,120,96,51,67,67,45,66,79,34,43,19,23,30,79,70,78,70,90,81,96,107,64,59,31,72,70,61,77,25,21,23,17,125,109,88,122,144,129,123,,206,181,145,,140,116,135,131,117,84,110,,116,119,185,167,187,214,149,62,51,,40,73,71,115,,93,,112,137,137,114,125,,174,105,90,,48,55,47,119,86,85,,39,37,43,39,44,16,18,20,19,19,20,23,22,23,25,25,21,21,23,22,20,25,13,16,21,13,15,39,38,39,22,,20,36,27,36,11,12,14,20,20,19,17,23,20,26,33,34,37,139,124,130,46,52,43,46,61,78,95,109,,103,153,93,218,91,45,73,102,43,35,63,72,43,22,80,29,20,181,68,75,76,101,102,79,42,85,75,79,100,44,108,92,115,104,107,80,90,94,67,93,82,76,68,46,81,64,58,,38,40,44,41,44,67,92,84,104,114,67,82,55,36,49,32,69,95,73,96,97,90,97,84,106,79,52,92,71,81,75,102,14,83,66,59,99,85,67,,123,109,79,107,114,78,70,88,87,53,38,84,42,92,87,79,75,45,53,61,46,114,120,133,116,119,81,93,92,79,79,82,75,52,80,73,85,109,103,92,84,86,50,54,77,76,85,74,,64,65,76,67,70,69,93,71,79,8,9,72,81,87,82,120,122,131,115,107,105,48,53,38,54,92,87,73,85,104,108,106,104,63,77,92,81,86,103,97,106,110,106,60,60,65,,60,43,43,97,21,37,193,61,80,67,70,34,44,50,70,113,96,70,118,95,242,131,139,67,59,73,56,60,49,58,49,,80,98,63,55,43,94,127,117,88,74,57,50,113,,78,76,130,76,81,98,59,64,129,100,87,81,67,48,88,82,81,97,74,50,73,58,52,34,115,123,107,83,101,,96,103,109,,78,82,103,,125,124,128,101,117,120,122,96,96,,104,64,56,55,48,72,73,,,54,62,100,79,56,76,83,109,113,97,87,36,26,37,59,53,80,58,75,60,108,89,168,95,56,62,,73,81,122,122,,140,89,61,36,69,29,,51,158,123,,29,43,32,23,20,54,83,48,44,70,27,35,17,12,6,50,54,44,84,66,41,80,87,61,71,69,66,129,94,95,96,90,44,70,46,87,83,81,106,109,91,104,93,80,38,39,53,44,51,69,44,19,38,49,17,19,46,41,19,46,42,50,38,40,50,22,38,36,40,52,26,52,76,47,28,30,,80,88,61,24,99,55,125,136,142,147,,147,132,135,51,68,90,122,98,77,88,77,78,83,82,103,95,78,85,70,78,57,166,147,171,71,,62,100,112,107,52,44,43,53,69,63,58,63,51,61,53,88,22,27,23,26,16,23,23,27,23,7,22,18,22,14,12,14,15,19,28,23,54,70,68,67,66,68,118,111,110,109,80,61,65,91,62,54,61,70,67,63,49,61,65,35,73,62,69,62,61,75,89,70,70,85,,47,61,42,34,43,58,57,55,92,78,71,116,127,103,100,95,112,108,130,42,63,89,88,78,85,80,101,,106,87,95,115,114,122,87,103,70,77,91,91,106,88,96,22,48,57,38,77,89,83,70,110,114,131,89,84,99,72,72,77,97,93,97,93,90,75,89,73,53,64,67,93,94,98,91,104,103,89,105,94,97,95,85,65,73,65,83,74,148,113,93,98,57,54,47,57,62,63,74,71,68,73,53,83,47,66,82,41,74,84,36,30,43,36,61,57,54,69,67,71,61,54,65,70,18,28,35,54,70,55,,70,89,82,29,36,59,61,72,102,98,126,80,74,63,69,74,87,73,72,121,110,109,115,75,81,78,74,44,58,57,,58,83,86,88,86,86,115,81,110,95,65,93,116,60,39,59,66,69,82,14,29,23,43,,36,52,68,61,76,54,69,64,65,66,48,59,62,53,48,41,66,63,28,33,59,,44,48,45,45,26,29,32,23,36,35,59,48,30,30,74,66,86,45,26,27,49,56,42,62,74,28,38,,16,36,32,39,32,18,25,,87,15,25,7,12,132,134,124,132,36,60,67,55,75,97,87,41,34,68,54,35,37,47,41,35,64,63,46,84,63,49,56,92,56,23,76,47,,99,57,35,20,52,83,36,41,27,24,131,103,104,,94,81,53,59,53,84,90,41,40,13,152,342,44,69,54,56,56,118,144,110,72,114,72,71,112,27,8,22,115,194,303,43,24,77,29
20160203,9,PM10,35,58,32,57,30,36,66,51,29,150,35,53,,297,236,168,191,204,234,,187,171,202,214,136,152,,118,168,147,132,154,119,86,173,215,194,195,217,167,128,188,162,139,178,380,337,311,341,260,220,261,475,348,270,64,49,76,83,42,67,79,62,125,84,275,83,67,40,427,389,381,293,321,266,104,130,94,114,76,,56,143,141,56,60,72,105,114,162,151,184,194,87,122,116,143,238,191,,265,288,,276,308,,300,165,162,79,97,70,99,64,120,103,48,179,174,137,124,112,92,175,137,135,173,97,113,100,,125,153,141,189,118,115,144,118,93,79,85,90,105,66,74,82,83,177,178,184,152,192,175,168,196,148,114,164,152,137,171,200,,89,135,100,115,73,128,279,349,215,251,206,189,201,204,197,167,140,240,235,242,190,145,186,,159,150,153,175,125,241,228,233,279,236,278,,,234,,189,164,197,136,147,268,245,231,249,149,102,124,86,248,294,253,288,117,82,54,142,92,137,130,122,145,152,78,152,151,162,155,,138,144,174,71,79,71,71,114,107,101,,101,,145,152,,122,119,,93,83,75,,83,80,100,98,89,61,,70,,79,112,125,143,163,,163,,129,35,42,48,39,,39,11,39,23,139,136,65,120,88,,61,106,122,128,196,143,210,130,,153,204,144,119,154,141,149,193,134,137,157,156,170,169,194,192,152,181,159,112,117,147,150,158,174,142,125,,225,,,,,,37,,,,123,66,48,36,,33,39,,47,43,41,38,,,,36,47,52,44,41,28,44,39,46,42,54,38,,,36,37,,,37,47,,33,39,46,33,37,,39,31,39,42,,35,36,50,46,44,43,,53,,,,112,,124,123,90,88,112,92,30,26,29,27,31,,68,58,50,54,71,56,60,57,60,60,56,,62,72,57,,89,92,92,90,78,,84,65,72,80,98,73,72,67,82,93,102,42,56,19,85,84,62,40,222,116,103,51,66,27,187,105,,142,209,200,287,108,186,123,242,110,125,182,140,91,115,121,106,178,137,137,91,120,151,165,165,142,,271,,,507,,,155,201,141,138,,124,99,68,108,93,55,,164,94,62,81,88,66,84,113,59,107,44,57,74,234,200,129,135,87,157,286,155,,,88,,177,249,234,36,34,28,20,378,255,232,295,364,288,495,,429,419,202,,223,272,268,305,267,193,307,,279,,382,216,304,313,234,134,149,,72,151,281,269,,178,,416,136,142,119,265,,344,221,181,,62,92,86,247,227,247,,58,59,66,54,69,27,24,29,24,23,33,40,,,29,42,31,47,39,38,31,33,34,,31,25,25,47,50,52,43,,44,,,49,20,26,22,,,35,,39,28,,61,63,66,181,143,152,107,84,89,,119,110,162,183,,157,198,221,250,,78,119,115,,81,229,215,127,71,156,42,22,452,71,112,120,306,,111,43,106,111,94,106,77,217,,169,299,138,121,109,178,131,,188,184,108,70,359,239,99,,50,50,70,115,,124,131,167,202,202,149,157,84,84,74,62,69,,84,114,116,136,,151,131,149,62,,,126,134,,10,189,81,128,205,134,76,,249,277,,207,209,79,109,118,,96,67,143,76,263,224,177,152,98,169,174,115,168,153,,118,136,131,198,126,120,92,102,98,118,,83,72,88,,31,,89,51,66,,,,133,,63,67,76,68,76,105,85,98,82,5,10,113,119,106,120,134,,143,142,112,137,103,118,83,91,92,127,126,111,99,125,109,116,88,101,87,83,122,121,141,123,135,146,77,,66,,56,89,46,,197,174,310,62,103,76,,52,60,70,104,,201,291,245,216,,232,250,117,100,106,116,144,106,165,153,,196,262,185,111,156,164,207,312,164,308,286,318,196,,173,169,239,136,,126,144,140,247,197,258,225,136,120,161,114,182,184,355,80,112,,163,120,121,171,86,95,71,,101,90,122,,92,99,130,,126,134,161,,,168,159,128,118,,61,96,73,121,107,104,100,,,168,178,75,98,58,129,115,166,136,115,141,46,49,57,200,148,272,284,161,187,,141,339,131,110,63,,,98,175,201,,244,188,200,40,68,52,,119,197,116,,57,52,51,56,42,83,168,69,63,215,21,19,11,16,14,55,44,36,134,173,76,220,,61,139,87,120,295,,150,130,,48,104,,83,86,91,140,154,197,267,139,122,102,92,47,56,182,150,,37,66,163,41,103,151,467,,124,98,99,85,85,124,25,,93,95,105,82,184,401,87,,,41,110,112,155,24,94,110,151,128,149,130,,204,199,,70,88,119,146,106,115,113,126,175,,94,111,150,118,101,,69,53,199,,196,82,,59,124,135,146,74,85,57,70,,90,85,60,51,105,70,118,33,23,51,41,19,27,27,,37,,,,,28,30,30,31,,52,50,46,74,74,82,53,99,135,113,101,109,115,110,114,124,71,41,76,74,49,65,63,76,83,78,,64,72,64,75,117,130,102,96,112,,76,78,75,86,82,99,106,100,95,,81,175,249,193,187,,210,170,180,112,134,108,199,140,188,177,147,,144,144,111,159,98,159,93,194,91,139,101,132,,89,111,36,85,109,70,140,122,129,,94,117,153,150,124,152,106,125,135,109,120,92,106,120,94,,102,89,33,,62,78,79,64,94,97,,,104,100,113,,74,115,72,112,87,112,132,146,123,83,79,96,77,119,88,89,91,87,368,73,119,132,76,101,71,79,138,,43,59,49,81,72,78,78,80,86,64,75,69,84,38,53,41,79,96,74,,,83,102,60,54,99,83,176,140,119,180,110,81,80,87,87,98,80,,92,75,80,99,,82,,88,49,70,64,,74,110,110,109,199,132,148,135,161,156,68,142,154,73,92,106,103,103,122,29,27,25,,,62,138,120,102,130,,58,41,,36,47,50,46,52,46,72,74,96,35,20,74,,55,,84,46,34,52,,,47,53,69,46,,30,,23,36,,22,91,59,,37,50,56,,62,,29,25,,249,318,,,,152,29,45,10,,,169,,169,67,135,88,88,86,,90,53,50,90,102,49,44,63,154,88,133,167,98,150,180,195,95,,172,60,86,66,,132,110,,121,115,129,42,45,62,36,,145,141,100,87,99,119,150,87,171,,84,95,25,283,427,87,136,69,67,105,154,143,93,235,218,63,70,,23,,8,150,328,352,95,36,115,38
20160203,9,PM10_24h,45,24,45,42,27,42,50,45,44,50,43,62,,140,107,78,96,102,121,,97,95,127,99,86,123,,110,106,110,100,118,93,60,111,115,111,113,111,103,72,108,96,100,100,195,200,230,210,204,263,212,228,247,265,39,42,43,48,33,56,65,58,62,40,123,76,67,71,164,173,181,167,189,163,89,126,128,126,86,,48,103,122,74,93,80,123,109,111,109,176,107,81,98,83,135,151,154,,204,229,,205,206,,175,96,85,61,78,64,61,78,61,78,45,177,148,142,129,114,96,131,142,119,142,108,122,135,,165,158,179,195,131,136,124,158,117,105,109,94,130,95,88,102,107,172,166,178,157,200,172,162,191,160,135,163,136,169,154,183,155,139,120,116,126,106,130,134,160,124,121,182,158,184,192,185,177,167,211,199,213,169,143,182,,154,160,174,160,180,171,185,176,188,187,205,,163,183,168,157,180,183,161,144,187,168,194,171,129,100,115,92,177,197,198,209,105,78,53,112,84,115,109,107,130,119,69,111,123,125,115,,97,107,125,77,90,76,80,103,97,92,,98,,130,126,,112,86,,115,104,86,84,83,76,93,98,99,75,90,84,126,81,118,113,125,161,119,118,121,107,27,30,30,23,19,31,23,42,31,123,110,88,110,94,72,59,103,120,139,190,139,177,134,,149,173,78,119,107,115,111,158,140,140,133,133,124,120,130,132,120,112,103,87,106,150,153,142,148,153,139,138,161,,125,120,143,112,97,148,116,142,115,87,40,39,,30,33,31,37,38,37,36,30,30,32,26,32,26,30,34,19,29,27,33,35,41,29,39,19,36,28,40,35,28,23,60,31,30,32,29,31,,31,20,31,31,29,28,32,33,33,39,29,31,33,35,28,,85,,92,99,79,78,93,107,16,28,29,30,30,64,85,73,65,78,72,60,66,73,76,76,64,,77,69,75,73,118,106,100,94,96,,102,123,81,84,90,80,94,76,84,98,108,79,59,42,101,80,114,98,153,136,99,66,109,73,126,101,,123,135,157,166,143,168,107,196,137,97,164,141,93,112,117,92,134,145,154,75,103,116,140,83,99,,377,428,,437,313,,129,189,135,139,,166,172,141,167,153,64,120,205,111,72,90,128,105,91,112,61,66,33,39,58,128,94,111,97,130,119,142,148,88,78,48,88,119,97,133,35,33,29,26,185,160,153,192,204,199,189,,288,266,194,,201,187,173,191,163,146,184,,204,115,231,192,265,317,199,91,88,,54,96,134,168,,138,,173,173,174,173,207,,273,154,145,,64,87,78,165,129,135,,45,43,55,51,49,30,32,33,24,29,38,30,28,34,24,29,25,37,31,30,26,18,23,16,22,19,20,40,33,42,24,,30,39,36,29,15,18,20,26,26,30,29,32,24,29,47,50,51,191,175,183,98,80,93,59,95,89,137,164,,148,209,166,269,97,92,111,106,47,79,147,160,102,49,127,52,39,270,104,124,126,170,161,128,57,115,167,141,131,99,167,117,180,172,162,134,110,110,99,125,119,112,87,75,146,92,77,,47,55,67,77,57,79,132,129,146,186,87,87,84,48,68,50,79,110,93,128,116,116,130,117,128,112,94,132,,98,104,113,21,126,95,133,151,122,80,,166,189,140,180,179,124,141,127,110,80,57,140,91,142,129,111,93,83,95,118,77,153,157,110,140,155,123,159,119,115,91,106,105,163,89,82,108,118,161,89,136,104,58,65,59,74,89,91,,68,71,76,68,90,81,96,92,90,15,15,85,111,109,110,140,136,148,137,119,121,82,105,68,82,104,117,103,106,127,130,125,139,96,109,104,100,123,127,141,132,131,170,82,68,74,,69,66,60,123,184,135,230,98,97,93,95,60,69,80,115,130,143,197,163,171,,181,158,98,98,99,83,106,89,143,138,,130,147,162,77,117,135,217,207,174,202,198,206,161,,124,117,181,138,112,131,88,96,166,131,132,122,88,78,123,118,128,136,113,71,95,80,86,78,158,155,145,125,133,,109,138,144,167,132,133,115,,167,178,169,107,112,146,148,135,131,,118,111,99,103,89,95,96,,,90,91,135,106,68,130,119,150,133,120,140,51,56,51,151,132,147,170,129,112,129,118,220,128,82,92,,91,116,135,153,,193,152,119,42,84,62,,103,238,172,,64,73,53,34,30,77,132,78,58,91,53,56,27,19,12,76,75,57,130,114,67,123,119,91,125,90,134,173,128,132,130,66,59,84,57,103,100,107,126,129,141,201,118,103,64,61,63,63,67,75,43,28,53,75,29,29,87,90,18,61,54,61,51,63,73,20,100,81,51,63,50,76,132,52,30,30,30,125,115,79,34,121,147,143,163,158,162,,171,159,,85,85,134,144,119,104,113,108,130,104,113,121,126,99,86,76,88,86,206,162,196,88,,67,114,123,121,71,71,56,67,74,81,84,75,54,97,85,112,33,27,33,33,22,28,29,34,29,11,21,17,37,17,17,20,21,23,38,33,71,93,116,91,76,91,150,135,142,136,99,124,99,112,82,59,73,82,70,74,60,70,76,69,78,73,80,71,80,108,127,89,87,112,,98,107,95,105,70,79,91,93,122,104,86,155,174,141,148,176,237,200,194,117,117,102,135,113,128,128,164,,156,174,135,158,141,179,119,150,98,106,112,126,127,108,114,33,64,71,56,96,107,107,97,128,152,184,126,121,123,114,113,115,119,123,123,126,149,119,96,89,91,82,81,108,114,113,107,117,119,99,115,114,119,109,,88,94,113,118,110,127,143,153,136,81,70,87,72,97,90,101,117,114,134,70,100,94,82,106,72,108,137,37,32,50,43,73,66,60,77,70,79,63,67,65,79,37,51,43,63,77,59,,69,108,102,65,65,64,65,139,132,105,160,101,91,85,98,93,102,94,95,143,133,149,161,82,98,94,100,55,78,70,,89,103,104,105,134,113,172,143,174,160,95,136,136,78,77,90,98,107,109,25,38,36,44,,42,64,98,75,100,73,100,91,94,70,66,64,69,62,69,86,79,86,38,52,76,,54,84,49,66,48,42,43,34,55,94,72,71,41,44,119,91,138,59,40,69,64,62,49,88,80,34,52,,27,66,,150,185,66,59,,129,33,36,19,15,133,152,126,162,64,110,98,89,94,116,103,66,50,88,99,43,52,65,106,73,104,108,71,116,162,172,80,115,83,54,88,68,,135,114,54,100,80,115,63,77,60,44,133,141,130,107,110,95,91,121,78,144,145,107,88,32,358,479,96,130,111,136,152,186,189,183,208,212,80,85,103,42,20,27,169,304,374,70,33,86,35
20160203,9,SO2,21,21,11,11,10,20,56,17,13,56,15,35,,112,109,85,68,40,136,,72,94,106,81,46,77,,144,151,112,163,162,153,110,61,72,59,89,90,61,52,170,216,173,158,121,148,195,145,183,87,121,186,109,109,69,45,75,103,39,31,23,27,31,35,60,48,64,44,383,177,214,111,96,90,101,91,163,92,46,,137,158,166,66,70,86,445,55,178,51,96,81,42,86,26,56,97,165,,169,630,,194,,,,419,287,344,143,72,52,72,178,182,33,268,257,104,68,119,68,113,80,51,77,96,101,60,,136,225,16,146,120,83,152,116,23,28,21,34,16,23,26,30,31,27,27,31,35,30,27,24,12,8,17,25,28,27,19,21,20,16,25,19,28,17,18,81,80,100,61,81,56,52,22,53,32,9,37,26,43,32,23,28,,32,24,28,32,30,38,24,34,31,33,41,,34,55,20,17,29,14,47,29,34,25,37,62,32,55,23,28,54,26,30,22,9,9,8,15,6,8,10,12,17,7,6,21,16,29,30,,23,23,24,6,3,5,8,22,14,16,,12,,18,27,,14,19,15,16,11,9,8,17,5,14,12,8,8,8,5,46,43,30,17,44,11,54,31,4,38,6,12,7,7,6,6,2,5,3,34,36,18,21,35,30,7,40,25,41,127,46,90,84,,90,64,11,91,76,89,65,70,83,52,92,135,60,138,120,36,41,211,96,42,17,41,58,59,36,92,61,27,18,4,4,12,5,20,9,13,10,58,18,3,3,2,,10,1,4,6,2,5,3,6,5,4,5,5,9,8,6,6,6,1,6,8,11,11,8,6,7,6,4,5,5,10,10,9,7,13,13,5,,3,11,6,5,11,5,10,6,5,4,4,7,3,5,9,,17,,21,19,14,12,10,15,4,3,1,4,10,5,7,7,16,10,18,10,11,13,19,21,3,,12,18,18,15,10,9,16,7,10,,8,11,38,45,38,29,26,58,56,31,42,12,11,6,6,26,14,6,14,10,10,5,9,14,48,26,,35,8,61,23,35,16,40,24,13,12,38,27,9,32,44,24,43,14,10,99,46,242,286,258,428,,12,21,,30,89,,445,150,249,225,,22,11,17,16,29,25,3,62,1,40,81,92,34,66,106,38,37,22,10,56,76,136,84,194,154,169,149,492,89,88,44,384,184,106,123,7,4,6,1,158,113,118,131,113,118,74,,109,90,60,,78,82,53,54,196,129,181,,141,112,81,144,45,24,105,42,45,,48,42,54,180,,132,,233,58,84,61,79,,120,86,64,,41,47,80,188,206,112,,18,11,8,12,14,17,14,24,8,5,7,7,4,12,11,10,12,19,7,7,22,5,1,5,7,6,8,4,2,6,5,,6,7,8,16,6,8,3,3,2,6,,22,13,6,13,8,7,40,35,42,67,193,151,75,353,328,398,305,,128,244,81,123,104,101,73,153,137,163,400,201,,80,456,61,65,372,65,143,80,152,116,98,35,71,66,45,43,38,159,158,444,227,201,93,100,140,180,93,200,308,139,34,188,95,50,,18,9,74,156,7,277,51,114,159,113,26,49,21,28,31,25,63,42,52,8,30,12,25,15,5,18,10,11,1,26,22,11,1,111,70,89,110,99,68,,120,214,112,190,172,78,49,45,57,86,115,112,82,32,51,93,54,71,49,109,28,11,13,5,13,24,59,121,57,15,11,9,39,7,12,3,11,1,9,12,9,7,1,3,21,19,21,20,,8,10,6,8,21,17,29,31,15,3,4,5,9,9,8,17,17,8,17,9,15,17,30,26,8,2,26,,17,22,29,43,30,4,2,6,3,7,6,8,4,12,9,29,17,14,,27,16,20,10,30,14,1,36,80,28,49,35,15,48,236,35,9,37,39,23,52,39,22,8,65,61,16,18,13,43,5,,202,290,190,87,4,4,5,1,7,18,3,12,100,,51,47,178,115,90,70,70,48,216,96,192,60,73,52,17,47,129,121,16,38,33,40,30,49,20,20,37,27,20,,18,18,22,,19,20,25,,39,41,60,31,18,36,29,19,15,,21,13,2,10,7,12,9,,,227,122,5,8,9,38,15,68,24,25,30,8,11,10,272,272,244,372,262,317,288,411,647,356,143,48,,34,107,247,180,,353,266,65,64,27,98,,182,118,104,,31,49,16,9,3,17,92,16,31,99,9,7,5,56,52,38,25,18,134,157,218,208,136,24,85,52,103,191,73,103,98,174,40,91,125,92,82,106,113,85,169,154,170,200,52,36,22,10,51,68,8,33,15,104,30,42,37,97,7,9,35,35,29,29,19,10,78,30,22,37,23,8,,38,62,43,32,170,122,86,16,20,24,6,29,41,21,,4,85,45,34,9,55,42,72,15,7,11,12,9,13,29,2,25,34,8,5,4,8,18,11,46,,18,56,15,47,10,16,15,14,,35,9,4,8,19,14,21,2,2,9,7,3,9,9,5,7,,10,16,15,7,6,6,6,7,9,5,2,5,5,3,4,3,17,30,15,4,7,11,45,30,7,44,41,39,18,38,13,16,18,14,18,5,14,20,10,25,15,6,40,24,,15,8,15,6,9,20,23,20,48,75,48,33,87,59,86,42,41,43,48,42,41,38,48,82,91,46,65,,27,37,32,24,34,29,31,29,44,39,8,20,34,57,1,17,14,4,19,96,134,38,22,9,10,22,93,52,34,50,18,15,2,5,3,4,5,5,24,8,20,4,11,6,9,21,6,8,11,6,33,7,22,20,1,4,28,30,22,6,13,22,6,28,10,7,12,6,9,165,28,70,102,4,7,28,23,1,6,8,13,20,12,40,11,4,7,6,3,38,14,26,20,19,21,24,7,4,14,5,27,16,,9,13,17,19,11,6,13,13,26,23,15,14,10,4,6,10,7,26,50,7,9,10,9,3,9,23,9,26,7,5,,10,9,7,6,23,25,12,5,11,9,3,3,9,6,3,19,13,21,20,12,13,9,19,,6,20,25,27,33,8,6,4,10,,13,38,32,20,21,10,23,18,30,9,18,,17,27,13,26,31,9,,5,4,13,9,2,15,11,4,7,10,2,4,1,5,10,15,6,4,3,6,,7,7,6,6,6,13,3,63,48,6,47,9,7,16,17,14,18,17,66,60,47,11,75,19,13,16,24,17,19,97,20,160,113,160,385,65,51,40,17,9,186,417,328,54,19,,4,17,49,46,27,113,11,25,3,28,97,239,71,22,68,310,23,58,46,21,13,2,3,1,32,51,22,33,12,6,3,6,6,3,60,123,27,29,33,3,5,7,13,23,16,17,9,344,3
20160203,9,SO2_24h,20,12,13,16,13,14,29,12,10,18,18,29,,53,52,41,32,20,52,,31,41,43,41,16,55,,105,86,55,101,93,87,52,48,51,43,58,58,57,76,101,59,79,64,120,92,170,117,137,123,107,122,109,145,37,33,39,52,28,29,23,22,33,28,40,39,40,50,111,87,122,88,82,82,123,116,160,125,57,,110,120,145,123,130,104,325,52,101,47,81,62,30,67,23,82,83,74,,139,307,,147,326,,192,149,126,117,116,103,55,96,58,90,14,172,157,78,88,121,42,48,48,30,52,59,59,55,,130,167,35,118,127,65,74,86,32,30,31,35,25,29,27,29,33,24,27,29,38,31,22,29,19,23,22,26,28,31,19,24,31,27,31,26,32,27,22,49,49,80,41,75,55,40,36,51,49,19,28,17,27,25,32,41,,28,31,37,34,38,33,27,32,38,32,42,,29,41,36,23,27,24,39,32,43,33,40,63,25,19,27,27,43,39,39,36,13,13,11,14,9,15,18,17,24,12,11,24,19,31,25,,20,23,19,6,4,5,11,29,16,23,,17,,20,35,,14,14,11,17,16,10,12,15,11,28,12,12,9,12,9,34,26,24,19,27,10,29,30,5,32,6,11,5,6,6,5,2,4,3,23,21,16,18,25,21,10,25,22,41,89,43,73,73,,79,57,9,72,53,64,50,57,80,54,85,46,33,58,67,30,42,49,36,49,12,16,26,20,23,19,23,25,21,19,10,17,11,14,17,17,19,62,12,9,3,2,,10,2,4,4,2,6,4,13,5,5,5,5,9,8,6,4,7,2,7,7,10,10,5,7,8,7,4,5,5,7,8,6,5,11,9,7,,4,12,6,5,11,3,7,5,4,3,4,7,3,5,8,,16,,14,16,14,12,10,14,4,2,2,3,10,6,14,12,22,20,19,13,12,18,23,21,15,,20,19,17,16,17,10,19,10,12,,13,18,27,43,44,28,53,47,48,29,39,13,8,10,6,24,13,5,12,13,7,6,10,7,34,31,,37,9,43,28,37,16,40,34,26,17,34,35,21,32,41,31,50,31,18,81,90,128,109,75,100,,6,11,,21,38,12,64,25,45,46,,95,46,32,24,46,27,12,78,6,59,77,67,52,62,81,69,51,24,18,44,64,77,62,76,103,84,87,151,50,58,31,134,92,87,163,7,5,7,2,108,73,97,83,100,82,57,,106,88,60,,70,58,40,41,108,117,91,,112,87,83,70,61,45,61,35,59,,47,33,48,107,,83,,98,69,69,71,76,,107,63,45,,50,38,44,106,106,79,,17,9,8,7,13,16,16,11,8,6,8,5,3,9,6,10,5,10,6,6,9,5,2,6,7,7,7,4,2,6,3,,5,5,7,13,6,8,4,2,2,6,4,41,16,25,10,8,8,50,44,54,43,160,100,56,222,186,253,256,,201,260,58,87,74,121,54,99,78,97,191,166,94,57,184,50,50,175,114,123,95,130,84,128,60,82,91,51,56,43,144,119,168,105,165,107,62,114,117,78,158,200,60,36,75,51,38,,18,56,100,48,16,67,36,59,78,64,16,43,24,26,41,28,18,25,36,7,33,25,34,18,15,38,40,37,30,40,22,41,27,91,65,64,83,65,66,,111,164,104,133,150,54,76,51,59,68,82,61,75,29,39,35,54,64,46,76,40,15,17,11,19,20,57,98,53,22,24,19,36,26,17,19,29,16,28,10,5,11,9,3,20,16,17,18,,8,11,7,9,18,23,29,30,14,3,4,6,9,12,9,20,32,18,32,21,11,28,97,38,63,9,21,11,14,9,9,12,7,7,25,11,10,8,7,7,15,27,6,34,24,26,,34,15,24,12,26,16,13,39,49,34,39,32,34,76,157,21,14,26,24,25,38,37,22,13,36,35,21,69,24,81,21,,183,247,148,74,5,5,6,2,9,23,4,13,90,,37,40,123,77,54,42,38,41,121,64,79,46,55,43,16,42,68,81,22,23,25,35,34,45,28,20,42,33,33,,32,16,28,38,30,26,33,,46,44,56,28,19,29,27,22,21,,20,12,6,11,10,13,13,,,63,141,28,19,16,44,24,41,34,34,36,8,9,7,187,178,143,187,193,153,205,232,359,229,126,63,,36,128,184,167,,228,260,47,61,35,75,,149,280,195,,43,47,18,8,5,31,154,25,27,63,37,15,8,33,23,36,42,33,95,102,122,126,71,42,70,60,82,134,67,93,80,180,38,78,41,84,74,71,62,59,86,133,104,107,41,24,24,21,20,31,8,31,20,43,17,13,20,40,7,34,26,31,21,17,23,9,32,22,8,37,14,6,,35,53,46,39,101,67,54,25,23,27,6,35,46,26,,5,25,29,27,7,44,43,52,57,31,29,45,38,45,57,2,37,46,12,7,12,7,24,18,51,,23,39,15,56,15,14,18,15,30,34,25,29,16,21,13,27,2,2,6,5,2,8,10,6,6,,10,16,7,6,4,5,6,5,9,5,5,7,7,8,5,6,19,36,21,5,2,11,22,21,14,48,18,25,19,18,14,23,18,17,28,6,20,16,9,16,9,9,25,20,,15,15,12,12,28,11,18,13,70,75,63,66,86,71,95,61,65,62,67,41,35,38,40,68,77,34,63,,26,46,26,33,46,44,49,31,50,50,11,16,9,79,2,11,9,24,19,70,54,31,27,34,34,51,58,31,49,29,22,18,15,19,6,6,8,9,34,34,32,7,10,14,17,16,16,16,15,13,28,17,25,23,3,7,30,35,35,12,16,17,5,25,13,14,18,11,11,27,16,44,51,21,22,25,23,8,8,5,18,19,12,38,9,5,6,5,4,31,11,20,18,21,20,27,8,4,12,6,12,16,,10,14,17,22,15,8,11,15,33,16,19,11,11,6,13,15,8,26,23,13,14,15,18,18,12,10,7,31,13,12,,16,8,4,14,7,20,12,25,12,6,3,4,7,7,5,17,14,21,17,12,14,4,17,,8,18,23,21,41,10,14,5,26,26,36,45,46,56,28,13,20,16,34,12,24,,21,32,7,18,45,2,,5,3,12,31,2,14,14,20,23,23,17,4,3,7,8,14,7,6,1,8,,5,6,7,5,6,11,5,61,39,11,21,10,7,17,21,15,23,25,85,87,66,11,38,19,28,28,42,23,19,73,34,74,43,70,92,57,55,31,12,15,201,50,67,68,18,,20,36,39,35,25,34,14,38,4,33,188,157,168,28,151,77,19,31,13,22,16,8,7,2,27,50,23,33,17,27,2,12,12,11,54,91,44,28,38,6,34,57,13,13,18,32,10,196,3
20160203,9,NO2,58,24,66,73,82,77,84,66,39,90,69,65,,107,104,110,119,114,104,,103,108,92,115,93,100,,65,81,59,80,77,70,42,91,89,69,104,86,109,39,81,64,86,78,103,103,100,100,98,55,82,117,90,139,27,40,49,57,21,66,55,62,53,27,91,94,71,98,178,131,126,94,96,95,69,64,74,69,25,,17,28,32,40,30,38,61,55,42,61,75,51,72,74,52,40,62,69,,60,101,,81,99,,90,98,107,70,67,35,57,46,48,86,13,86,77,77,60,73,27,34,59,44,60,40,57,94,,94,90,80,54,95,47,94,60,62,91,85,91,72,79,81,85,70,121,95,109,78,99,68,64,97,90,60,93,108,96,94,91,74,94,69,80,91,68,,70,32,44,83,129,113,75,95,83,64,78,71,18,23,96,52,108,,69,87,56,89,67,91,94,109,87,58,113,,47,71,73,46,74,65,83,43,55,102,71,26,51,73,52,72,123,25,85,80,47,56,11,63,28,50,57,63,74,47,38,69,67,64,66,,41,77,69,27,28,41,17,54,56,66,,43,,82,71,,34,41,25,14,13,19,43,31,31,32,12,9,27,18,22,132,80,112,95,116,20,85,29,21,23,10,24,33,36,31,26,4,32,34,61,43,33,2,49,75,19,64,53,23,73,78,130,106,,98,69,38,54,111,87,39,62,105,4,109,85,77,73,76,79,89,81,86,46,48,76,80,70,68,66,74,68,82,20,28,73,12,49,20,41,42,30,50,18,45,33,,13,24,28,13,46,6,30,8,44,43,40,43,25,19,55,20,21,15,16,22,38,17,24,22,22,19,25,23,14,26,9,30,20,16,23,14,,20,14,21,16,20,14,14,20,12,16,16,9,21,16,11,,40,,69,40,43,26,36,25,6,13,17,17,9,13,47,47,51,40,35,32,36,41,54,40,39,,65,35,49,57,40,54,53,52,51,,61,38,35,49,52,21,17,61,55,35,40,42,48,4,10,27,51,34,9,60,68,4,27,31,73,77,,78,40,63,84,67,49,67,33,78,44,91,74,22,72,62,75,77,56,15,25,58,39,66,59,75,,93,83,,108,100,,51,46,63,56,,46,22,18,36,31,9,14,56,25,46,64,62,27,64,64,64,62,41,48,74,69,71,60,65,35,58,53,66,93,85,52,60,77,116,54,27,34,24,6,94,91,99,98,87,83,52,,82,77,47,,83,71,48,49,80,97,95,,93,79,72,69,48,51,61,65,95,,38,55,90,63,,84,,89,73,64,27,97,,96,65,72,,28,63,83,91,112,76,,37,12,16,12,24,13,19,24,9,9,16,22,22,11,17,7,17,26,26,20,8,29,6,14,11,9,9,21,17,14,25,,28,18,23,21,10,11,15,4,13,15,,9,9,26,27,30,26,56,34,38,32,45,36,34,36,36,75,51,,103,59,23,72,53,59,11,28,95,30,87,69,,23,117,31,26,73,32,88,78,146,77,91,16,63,42,29,45,29,74,68,80,75,74,69,22,41,56,39,54,77,82,33,80,80,60,,8,33,60,51,31,45,27,40,42,64,30,31,32,29,32,55,70,80,59,69,51,65,63,64,54,45,46,54,22,37,45,16,3,73,62,120,78,48,31,,72,93,57,82,63,73,52,64,68,70,59,56,29,73,86,64,71,62,46,43,35,50,51,46,13,48,96,95,73,12,44,27,34,62,17,40,15,24,26,2,28,21,21,14,14,48,21,44,,15,12,21,15,17,21,31,28,15,9,11,40,52,41,47,24,34,39,45,26,24,30,29,19,25,27,45,48,57,15,53,52,78,16,30,37,21,15,27,31,42,21,22,37,18,28,,31,51,38,47,53,69,78,22,67,65,39,22,30,33,69,49,48,68,57,65,60,56,62,45,62,62,53,41,9,39,26,,26,67,36,25,30,17,6,43,30,20,20,16,79,,60,44,94,89,81,65,212,80,75,58,139,68,73,44,85,16,86,69,36,29,57,57,35,56,74,79,38,68,65,,44,80,91,,67,71,29,,64,95,75,57,53,77,70,48,53,,40,28,51,40,28,31,40,,,112,59,20,39,12,41,63,59,58,39,32,32,25,41,62,68,61,57,63,53,71,71,71,32,57,18,,18,21,71,49,,76,109,45,21,15,23,,12,75,63,,30,43,24,68,43,24,61,26,69,101,17,8,7,18,19,22,42,12,44,56,33,62,40,28,65,41,68,72,43,46,59,34,22,29,48,60,52,51,55,68,72,64,54,50,36,26,25,22,44,65,12,17,79,81,23,55,73,63,19,31,34,42,17,54,30,29,74,36,41,39,17,27,89,17,39,31,10,54,55,57,5,26,68,20,49,74,42,,20,94,80,72,77,112,85,64,67,65,62,62,66,38,67,20,105,60,43,20,22,31,82,65,63,,38,97,42,22,55,57,44,26,,40,60,63,42,51,46,65,33,10,25,18,6,11,13,12,16,2,13,11,12,10,17,18,17,15,15,30,4,4,16,19,23,3,17,24,10,11,14,22,43,23,33,15,35,13,28,27,7,13,36,24,27,22,36,29,32,26,36,26,41,36,,33,30,32,34,18,33,47,31,73,66,82,34,89,69,59,55,91,59,49,59,60,74,87,50,86,89,46,,30,40,68,40,25,39,34,91,73,53,43,24,55,44,50,8,34,33,51,32,62,41,33,34,30,54,100,76,71,77,62,48,24,52,15,24,19,21,66,30,27,19,22,34,24,41,32,38,48,13,33,18,25,31,39,45,39,50,48,15,26,33,27,31,15,29,32,18,37,25,30,29,27,26,17,58,4,4,28,16,23,23,11,11,17,17,34,13,12,20,19,45,14,19,31,21,8,27,25,9,25,18,,20,22,50,37,37,16,16,60,46,52,59,7,26,16,38,17,21,38,36,28,53,35,36,9,31,37,39,10,32,39,,24,28,26,45,51,55,9,30,48,26,4,34,34,17,10,17,25,23,23,14,15,31,22,,14,40,34,45,50,20,24,20,22,,24,16,23,14,27,9,35,20,16,17,42,,16,70,43,20,21,7,,16,54,30,32,26,12,17,8,8,12,11,11,,22,10,39,18,26,2,10,,22,11,10,29,37,9,2,20,33,6,53,5,11,30,48,52,38,34,53,50,57,20,38,35,27,41,32,19,6,82,75,58,61,55,48,75,66,52,51,14,35,90,60,51,40,,50,42,42,58,29,22,21,19,12,3,38,55,84,19,19,43,29,47,38,47,77,14,14,3,92,116,24,8,22,17,7,44,40,19,41,5,37,27,29,13,4,26,87,76,77,25,39,70,49
20160203,9,NO2_24h,57,10,58,72,61,64,69,35,26,47,56,55,,71,67,70,77,78,74,,74,75,65,76,57,71,,60,62,50,70,63,63,24,72,74,60,82,67,81,50,56,60,68,62,92,98,110,91,100,97,94,90,97,144,14,24,24,35,16,47,51,55,37,28,70,69,60,80,102,75,78,62,70,67,70,72,78,74,33,,23,39,38,47,35,45,66,51,42,57,63,45,61,60,43,58,61,59,,62,98,,82,84,,69,59,70,54,52,41,37,43,26,60,9,84,72,81,64,76,24,31,59,46,56,39,50,99,,123,104,92,53,111,51,69,67,44,77,69,70,63,63,68,60,61,69,78,93,68,90,57,34,74,91,44,75,95,75,78,72,83,78,53,52,49,43,36,52,22,32,55,72,83,55,85,68,60,66,59,18,19,75,37,79,,47,80,76,68,82,74,60,87,74,49,69,,43,66,70,31,61,53,67,55,48,52,69,19,38,46,35,52,65,26,56,66,52,52,15,62,29,62,62,58,61,48,23,60,56,52,52,,33,49,50,22,22,39,22,41,41,51,,42,,59,46,,27,31,20,33,24,29,36,29,24,24,12,16,27,18,18,118,77,92,79,104,15,77,21,18,17,9,13,20,22,16,17,8,26,26,49,28,18,22,34,48,15,52,38,16,59,48,90,70,,68,50,23,44,63,43,27,26,78,7,82,77,70,62,75,52,58,68,66,40,43,77,86,67,57,70,71,69,75,17,40,67,31,41,47,44,58,46,46,18,39,29,,16,23,30,12,40,7,29,17,32,39,35,37,12,18,45,15,22,15,18,23,44,19,34,17,25,15,28,30,13,22,7,32,24,20,26,17,,13,16,20,15,16,14,18,16,10,14,16,9,21,19,11,,29,,54,22,20,22,29,29,6,13,10,16,7,26,54,48,53,44,50,35,44,39,69,55,36,,67,48,49,51,44,45,48,43,49,,58,39,18,30,22,16,26,37,31,19,35,31,30,10,20,33,55,46,8,48,40,10,23,25,75,63,,84,35,78,75,79,55,65,34,78,46,78,79,24,67,60,59,44,51,12,20,56,39,40,41,48,,90,76,,110,95,52,49,46,53,54,,47,44,35,41,41,10,24,45,25,51,55,53,42,58,59,50,39,22,30,47,52,51,55,45,38,47,43,59,68,56,31,35,56,76,49,20,24,19,12,70,72,88,75,78,65,43,,74,69,48,,70,57,42,44,65,86,68,,65,60,57,53,48,47,35,49,64,,37,46,54,49,,67,,56,59,59,38,87,,93,66,71,,44,36,47,70,75,60,,16,11,13,9,18,15,22,19,13,12,20,16,15,9,14,7,15,19,18,18,6,19,8,20,9,9,9,18,15,12,21,,25,13,20,16,10,11,13,7,12,16,17,20,20,19,17,27,22,46,32,41,27,55,44,27,38,43,65,45,,95,59,25,60,37,62,14,28,69,26,72,51,28,16,47,24,17,64,49,61,60,84,60,69,35,66,62,52,60,42,72,68,60,55,79,77,45,48,61,48,52,65,55,40,54,49,40,,10,39,57,35,29,20,31,47,41,62,16,31,36,27,38,41,52,87,48,67,55,58,57,54,32,40,46,49,16,25,30,18,4,68,56,68,73,46,6,,64,78,55,75,72,57,42,56,56,61,50,52,34,52,59,51,48,62,46,50,37,39,46,44,18,39,62,74,41,16,35,46,23,35,20,48,22,29,39,2,26,26,12,11,12,29,15,25,,14,10,16,11,28,19,24,26,20,15,11,26,42,34,43,37,32,41,43,39,20,42,35,26,29,30,26,38,43,18,21,33,78,16,28,38,14,29,19,27,56,34,33,29,20,20,,30,30,21,59,63,69,81,42,61,44,35,30,44,39,80,30,39,55,52,60,60,51,59,36,51,57,50,26,9,23,37,,24,57,39,19,36,16,10,47,34,49,49,30,70,,31,35,75,67,47,71,135,49,69,52,75,48,49,50,50,16,65,52,21,23,36,42,20,31,45,60,39,56,65,,34,58,72,87,64,55,38,,62,81,68,59,46,74,68,38,32,,25,27,56,38,26,26,32,,,44,49,41,38,20,45,53,43,46,32,24,31,34,42,66,60,56,52,55,38,55,58,53,34,49,23,,20,27,74,54,,63,119,38,18,15,26,,17,74,62,,31,43,27,21,17,31,59,28,34,67,30,19,14,10,14,28,31,12,37,44,32,47,33,36,51,39,54,62,47,45,57,39,27,32,34,66,53,55,46,48,65,68,48,50,27,18,24,14,31,44,17,13,58,47,13,14,30,29,16,21,24,30,15,39,33,22,40,45,25,40,9,13,34,13,32,19,11,56,42,43,14,32,51,21,53,55,46,,16,54,44,45,30,97,69,53,51,41,41,56,49,47,63,16,81,63,40,22,13,32,68,69,41,,31,63,39,20,35,27,26,17,66,33,28,52,28,61,34,68,26,9,19,12,11,12,14,14,12,2,13,11,14,9,14,15,14,11,10,18,6,8,11,14,16,8,18,34,24,17,8,20,24,23,32,20,28,12,26,26,7,9,28,18,24,22,28,23,26,20,33,21,34,31,,29,27,24,34,10,19,37,18,86,67,67,27,69,59,49,50,102,58,49,53,46,47,46,39,41,47,54,,37,40,56,33,21,41,36,57,40,45,36,19,32,37,41,7,30,30,33,26,38,40,23,47,36,50,51,47,49,23,67,50,44,46,15,21,22,22,48,23,23,20,21,33,30,51,32,43,42,11,25,23,27,24,45,54,36,52,55,19,16,30,20,25,12,15,26,14,20,19,20,23,23,21,17,47,11,11,29,7,24,23,11,10,15,18,24,11,11,17,14,29,10,10,22,13,9,22,23,8,18,14,,14,33,39,28,33,13,14,60,62,53,67,7,32,24,40,24,20,34,43,36,47,41,38,9,29,18,30,8,35,28,,17,27,48,41,48,59,8,36,38,18,12,39,43,33,12,13,27,18,19,9,14,16,26,,12,25,38,36,59,16,22,21,26,26,33,21,24,23,17,9,33,21,13,17,36,,21,58,19,17,22,5,3,13,18,23,15,18,11,17,17,15,19,11,12,,21,10,18,26,30,2,10,,20,25,20,15,21,10,5,18,42,7,14,3,7,25,49,53,46,42,67,64,63,20,33,35,34,31,35,21,6,39,44,42,44,39,32,53,51,36,47,17,28,25,34,43,21,,43,33,28,44,18,9,11,15,12,9,41,55,95,18,32,36,22,35,39,51,52,16,14,3,73,104,29,11,29,35,12,52,45,43,38,20,55,38,35,27,13,45,74,69,61,24,23,40,37
20160203,9,O3,12,46,10,4,10,2,2,14,10,6,12,8,,4,3,10,7,4,6,,6,6,2,7,6,8,,2,7,7,3,3,9,60,14,7,8,15,9,7,9,15,4,9,10,12,41,30,68,9,4,5,18,2,3,45,43,31,34,41,11,13,15,23,49,2,8,13,5,11,7,5,9,20,14,2,8,10,12,7,,16,2,5,7,5,8,8,9,7,3,7,6,7,7,12,37,8,4,,12,7,,7,9,,8,3,13,11,12,46,19,41,24,10,51,19,33,6,27,25,63,65,18,47,53,33,30,19,,9,8,6,18,27,53,13,31,43,26,23,43,32,32,31,29,32,5,7,10,6,7,14,32,3,30,18,6,10,3,9,9,23,9,10,33,25,33,14,18,16,33,14,12,7,13,14,14,34,12,20,15,22,26,25,12,,23,8,7,13,22,9,10,7,12,31,16,,10,18,20,31,9,9,27,18,11,8,14,10,28,22,26,37,30,43,20,16,26,14,74,10,35,19,16,9,14,22,21,23,14,21,31,,46,12,24,56,50,42,64,20,13,14,,23,,12,11,,52,52,60,105,105,81,12,33,21,37,73,49,31,42,25,6,7,6,9,10,6,26,12,17,34,55,48,33,27,32,54,55,11,33,18,70,46,,41,28,44,36,46,72,25,36,15,16,,27,40,42,24,10,4,25,45,21,9,22,14,14,,3,13,,34,,17,17,5,7,11,49,16,20,16,5,27,19,7,34,9,27,17,21,18,15,26,27,33,,47,48,44,54,29,43,56,57,18,21,43,16,49,36,46,48,53,46,39,52,29,36,37,45,52,37,34,34,39,40,44,22,30,27,28,37,,42,42,42,32,38,37,39,39,42,46,35,37,42,38,40,,8,,,20,9,15,12,14,54,37,50,36,49,63,3,5,8,12,20,24,4,17,9,16,15,,4,2,10,6,12,9,14,6,5,,9,23,43,29,22,112,92,21,32,50,22,10,9,59,17,9,19,17,29,11,10,43,52,46,12,17,,12,12,11,9,11,17,13,14,4,9,10,13,58,4,4,1,7,23,26,45,6,22,27,13,40,,2,,,4,5,,21,11,16,26,,6,28,39,13,14,95,33,7,17,24,11,11,31,9,13,69,28,21,10,16,14,14,21,13,19,31,11,14,10,17,32,12,33,46,15,34,23,12,44,3,6,5,8,16,18,6,,6,6,38,,22,7,12,16,15,21,16,,9,15,18,27,11,71,38,4,6,,33,11,9,25,,11,,9,37,32,60,11,,11,7,7,,58,35,23,12,12,13,,47,67,66,61,53,14,15,9,16,21,15,20,22,21,28,14,27,17,21,23,26,8,30,21,28,33,29,48,46,47,39,,35,57,53,61,31,20,18,12,10,7,,22,10,16,3,6,9,47,76,103,15,9,20,27,12,10,12,19,,26,8,12,11,10,30,7,10,4,11,14,5,11,23,26,24,50,8,50,11,16,7,9,11,55,10,23,47,16,38,13,12,6,8,8,12,47,25,43,42,23,25,24,71,26,50,62,,106,25,11,10,32,13,18,14,22,26,83,44,38,42,27,16,66,25,79,22,11,9,15,26,14,15,5,8,12,26,9,38,86,10,5,24,14,10,11,,10,15,11,11,4,17,40,66,33,8,11,3,50,9,8,11,9,8,8,15,1,9,13,6,22,16,12,12,24,8,13,24,17,15,32,37,28,16,10,17,27,31,15,,59,67,78,60,,41,56,41,60,62,59,46,43,75,47,46,12,10,7,7,14,3,6,3,10,16,6,6,4,6,3,3,,4,14,13,12,35,41,23,14,5,8,12,12,14,16,16,47,75,56,,52,11,13,12,8,6,9,56,11,28,46,52,9,10,3,50,11,8,3,13,10,12,6,20,22,15,10,50,87,40,57,,15,12,7,13,90,72,38,22,33,31,36,41,10,,38,48,4,15,30,48,45,15,12,3,27,11,35,46,2,25,8,5,7,58,14,10,1,9,25,9,41,21,31,,26,,17,,31,8,11,,31,21,28,17,59,8,28,20,17,,36,93,88,27,57,19,26,,,1,16,41,40,78,34,15,34,46,16,40,22,15,21,39,20,14,13,17,29,6,5,14,13,7,3,,6,4,13,16,,27,9,15,19,4,6,,15,11,2,,34,18,50,24,38,27,9,25,7,5,70,79,80,76,77,57,69,85,9,2,26,11,12,42,7,42,13,9,17,25,36,33,30,6,17,44,31,29,10,16,6,11,25,17,41,42,40,46,41,11,52,56,15,33,76,29,26,5,62,40,66,64,101,20,40,15,32,72,73,68,78,13,1,87,31,39,55,32,31,4,49,21,17,21,64,9,36,,16,4,30,16,21,13,51,41,41,14,20,16,49,27,13,18,18,19,57,44,9,19,29,27,7,,22,38,17,164,18,24,19,11,,32,81,,11,104,46,65,40,38,44,62,51,32,32,31,40,55,50,66,33,29,27,31,29,39,36,30,61,18,34,36,22,34,29,26,43,11,36,15,21,12,10,30,19,24,10,15,55,52,43,54,57,9,21,22,28,33,21,25,25,26,,16,19,22,26,33,38,41,38,16,19,15,4,2,8,3,46,53,40,39,32,17,23,15,26,21,44,51,,40,44,32,50,74,55,68,21,33,19,13,11,17,12,10,101,7,11,18,50,14,41,34,60,57,20,14,42,12,14,11,8,45,45,30,17,8,41,11,17,21,4,2,4,19,6,8,9,4,17,3,24,27,6,29,25,28,21,19,33,24,41,55,21,19,19,7,40,17,21,11,21,19,29,42,24,29,32,12,13,12,6,57,57,41,48,54,59,30,54,60,42,52,32,18,38,48,45,34,5,7,44,,20,33,21,13,5,34,33,7,6,5,7,17,20,10,20,15,11,4,10,28,25,28,23,30,28,16,29,44,19,20,,6,12,12,13,14,34,40,9,103,12,49,2,2,2,19,19,15,9,15,26,35,23,24,,36,5,10,3,3,89,19,11,85,,66,60,57,54,22,55,21,29,31,56,41,,80,23,5,56,84,75,35,97,4,4,15,23,55,63,38,40,39,31,33,1,1,59,34,4,,5,,,46,33,42,22,25,76,39,2,3,12,28,71,60,10,2,5,4,9,4,7,10,20,13,12,29,18,19,40,32,11,13,3,2,9,19,13,16,35,40,52,16,6,10,11,25,,7,19,15,4,54,26,40,31,9,4,24,3,11,25,54,15,12,12,33,24,9,17,19,87,11,67,56,16,54,86,50,10,13,21,13,37,43,52,56,68,92,47,5,4,6,3,16,18,35
20160203,9,O3_24h,52,89,62,55,69,52,65,78,52,68,77,69,,52,48,91,69,66,71,,63,69,39,69,45,88,,68,86,80,68,68,71,97,88,86,86,89,100,85,36,91,40,87,34,83,86,73,125,102,76,83,69,75,65,92,90,84,91,77,80,84,79,86,86,61,70,67,55,82,82,84,96,101,77,72,70,46,71,38,,52,58,44,38,27,80,62,72,65,72,60,39,68,60,84,55,67,77,,64,51,,62,55,,103,86,75,74,60,86,93,84,95,85,139,74,86,37,73,68,101,116,52,91,110,43,81,43,,24,27,56,53,63,92,46,76,88,79,84,102,87,89,90,100,90,119,102,131,127,105,144,123,114,57,90,89,89,60,91,92,90,89,100,101,87,107,55,99,107,70,105,118,112,90,91,43,107,108,102,105,110,136,93,102,,95,89,88,125,64,63,89,92,81,123,86,,79,119,125,95,93,95,115,132,64,99,104,93,104,97,105,106,125,102,71,89,102,105,128,93,106,66,100,115,127,106,100,103,98,113,103,,123,102,99,68,71,70,68,90,91,67,,104,,105,127,,86,88,90,115,123,91,75,95,96,177,73,160,95,100,91,103,81,54,96,93,112,92,105,100,116,73,78,73,41,73,86,55,28,66,91,140,115,139,120,87,127,120,113,84,79,87,63,93,,86,92,91,92,83,58,92,116,77,53,93,100,66,134,74,72,221,77,36,124,125,107,92,105,156,106,99,125,81,227,75,115,93,107,81,105,99,79,105,104,59,60,,105,73,67,73,62,72,69,158,53,45,56,39,92,49,60,65,71,67,53,62,41,47,44,62,66,56,48,45,50,52,61,35,46,43,43,44,,50,53,62,44,58,53,51,59,58,62,47,49,54,47,52,,60,,28,57,69,68,67,68,64,52,58,39,53,83,55,33,55,62,55,70,40,61,27,62,61,,32,25,60,86,74,95,100,91,89,,99,85,75,82,73,125,109,54,74,104,55,47,52,78,47,50,40,39,100,95,100,153,79,81,70,82,,50,75,62,102,64,48,42,103,59,82,77,95,104,81,81,86,45,72,102,61,57,82,123,105,103,,17,17,,25,38,22,94,64,146,86,,39,76,78,57,54,108,53,42,71,71,57,84,54,75,94,139,88,73,96,93,97,109,99,77,47,104,81,79,91,105,108,37,86,119,81,60,50,63,55,36,58,23,93,70,110,94,,77,78,77,,58,50,36,60,104,101,75,,40,79,74,101,104,100,99,74,66,,89,76,65,107,,102,,71,106,85,97,75,,109,92,80,,72,84,82,109,92,98,,76,76,76,81,74,46,54,77,44,52,52,42,46,45,50,33,49,40,43,38,41,29,40,34,43,48,43,65,60,58,51,,41,66,65,66,54,47,27,39,33,35,51,23,10,38,52,29,44,92,126,171,91,65,49,81,46,53,73,80,,90,88,62,58,69,88,59,38,59,58,85,84,52,36,29,38,99,83,77,38,66,64,45,58,56,72,52,70,41,60,74,41,48,43,28,104,88,91,85,102,97,92,106,92,119,108,122,,135,86,51,53,72,77,74,65,90,82,148,104,70,88,33,85,109,77,87,35,87,89,110,55,30,72,43,71,46,103,97,112,89,80,30,83,77,74,58,,76,62,76,50,49,52,77,122,98,73,106,83,83,105,111,105,112,84,63,82,94,112,98,78,90,81,133,90,118,89,77,92,102,109,101,120,110,75,78,21,85,112,100,,71,109,102,94,,53,83,62,75,62,90,66,88,80,69,65,90,84,46,82,43,32,40,68,67,66,87,51,71,80,100,79,75,59,116,21,23,47,102,510,283,247,16,22,23,20,45,32,64,82,83,,76,51,37,57,95,70,63,99,96,125,115,129,84,81,71,121,73,90,69,104,81,115,115,80,29,77,84,82,101,80,76,,106,84,90,97,99,89,43,102,48,55,57,77,77,,91,73,64,67,102,106,124,140,105,73,101,112,73,61,37,100,81,62,56,84,108,78,59,83,101,57,64,84,92,,75,,84,48,97,68,47,,91,95,102,92,155,72,72,90,91,,80,123,122,62,91,109,115,,,57,50,84,125,124,128,102,75,104,28,99,57,45,63,65,116,86,64,68,40,87,81,78,81,86,17,,44,56,58,43,,130,46,87,117,134,47,,32,74,69,,79,71,94,69,76,75,79,58,85,53,83,88,89,96,97,77,104,96,50,92,52,59,78,84,87,105,91,118,50,62,108,70,68,47,38,81,57,68,64,89,55,65,101,54,80,63,73,83,110,85,95,81,69,80,100,84,80,74,89,60,81,79,107,70,92,59,103,99,108,80,96,64,83,112,51,76,76,82,156,45,66,106,24,73,137,136,134,,115,78,114,86,110,77,128,154,59,29,75,25,99,77,52,23,30,32,179,76,207,38,57,72,61,,59,132,40,164,24,68,88,25,128,74,95,27,37,122,69,82,62,50,69,74,54,61,59,50,59,78,62,74,37,47,53,51,52,70,74,69,104,66,87,98,97,66,45,45,53,24,96,86,88,117,102,75,65,76,66,69,82,80,75,84,83,69,138,110,78,63,53,58,65,63,,58,60,66,60,77,114,110,95,58,50,54,75,74,89,51,68,72,63,67,88,49,112,105,121,115,141,118,,106,113,127,107,119,99,114,108,113,93,94,123,120,43,94,111,61,76,101,102,55,87,80,112,110,84,119,123,68,119,119,92,92,122,97,115,108,112,104,233,92,49,34,96,88,64,87,80,66,105,84,114,99,99,133,107,126,106,123,163,57,60,69,33,114,131,84,128,125,109,137,105,114,108,129,124,396,131,115,81,82,106,73,133,53,57,65,64,51,65,74,84,73,61,32,72,63,62,49,63,72,52,,88,79,108,83,70,70,62,37,51,64,45,30,50,20,53,95,91,73,76,61,69,71,64,126,95,94,95,82,68,76,,39,79,53,27,81,80,46,20,124,19,58,29,24,30,75,120,84,83,89,59,106,88,57,,85,64,63,65,56,89,39,23,97,258,77,69,71,55,114,121,44,55,37,69,84,,112,166,107,83,98,83,49,110,94,107,90,127,83,88,47,53,52,84,83,46,103,83,66,110,124,47,33,,60,86,96,61,87,90,88,27,47,14,55,85,78,64,58,79,58,84,94,76,96,72,107,100,110,101,33,71,47,64,69,82,86,98,116,88,115,97,73,69,71,71,85,73,81,,38,109,82,75,106,90,102,111,32,5,79,56,70,44,74,50,44,43,93,53,59,43,42,116,30,95,94,23,67,90,71,79,48,53,62,69,60,62,91,103,92,60,58,59,80,35,40,84,65
20160203,9,O3_8h,18,46,10,2,26,10,2,35,17,10,27,8,,3,2,8,8,3,4,,6,4,,6,3,4,,,5,5,2,2,8,65,13,5,8,14,6,6,8,12,4,6,9,7,36,29,58,12,5,9,18,4,3,54,58,56,55,47,28,16,15,29,50,4,9,8,3,9,6,4,30,28,24,2,7,9,12,2,,18,2,4,4,3,5,4,10,5,4,6,3,7,4,16,34,5,3,,7,6,,5,8,,6,16,18,13,16,53,32,41,40,30,71,13,29,6,29,27,61,55,12,32,44,34,30,24,,3,6,3,17,20,47,14,20,59,20,23,54,30,39,22,50,23,6,6,9,4,6,13,63,2,29,19,3,9,2,4,5,8,4,21,48,35,27,29,16,25,41,26,27,9,17,10,17,39,10,15,12,18,21,35,12,,23,4,6,15,6,8,9,5,10,60,9,,6,12,16,48,41,18,57,8,8,29,4,21,38,36,48,50,66,53,30,26,23,19,75,7,36,11,10,11,14,24,23,29,24,25,48,,55,47,46,62,62,48,64,29,27,25,,20,,10,24,,58,54,67,89,104,74,20,38,30,37,73,35,44,46,24,5,4,3,5,6,4,24,10,25,28,62,60,58,31,52,68,41,13,37,29,76,55,24,76,46,49,40,59,76,40,62,34,54,,46,60,67,36,28,19,35,54,24,21,21,10,13,2,,16,8,26,,12,17,2,2,8,56,6,18,24,4,65,18,1,25,5,14,15,18,9,7,28,41,49,,52,48,47,58,47,42,60,72,36,29,45,32,59,41,53,56,54,50,42,50,27,38,36,54,52,46,40,38,41,40,45,29,36,32,30,35,,44,40,50,37,49,45,42,48,49,51,39,39,46,43,44,,11,,1,26,20,9,20,8,48,32,50,30,47,64,6,4,22,8,25,30,4,16,6,10,31,,8,2,13,9,36,25,30,28,31,,36,34,54,55,49,117,64,40,54,70,35,25,31,52,16,16,8,4,41,13,29,49,47,49,12,35,,15,12,12,8,11,16,16,14,3,12,8,25,63,4,4,19,20,47,41,54,8,22,40,18,41,,2,1,,4,7,5,18,9,13,19,,12,14,33,21,15,96,23,8,21,29,26,11,30,12,8,94,48,36,28,27,16,8,17,6,17,29,5,9,13,16,44,12,18,38,9,44,36,14,43,2,3,3,5,12,12,4,,3,5,34,,24,7,10,11,11,9,14,,7,10,15,35,12,68,49,13,28,,31,13,35,25,,15,,11,45,36,57,8,,8,5,5,,56,56,44,9,10,10,,68,58,71,68,64,16,19,13,17,23,15,27,29,28,34,15,31,22,25,25,28,14,32,21,34,36,34,53,52,52,39,,33,62,56,60,33,23,17,14,16,12,19,20,9,26,14,6,10,53,82,105,10,9,21,41,10,8,10,17,,24,6,10,9,8,37,5,9,3,7,12,3,5,21,21,28,74,4,36,17,18,6,4,18,47,5,10,38,7,27,10,12,5,6,6,10,44,16,35,33,25,33,25,75,32,63,78,,109,23,16,10,20,15,12,10,16,20,92,51,44,48,28,33,30,26,78,22,4,4,6,28,10,10,4,8,17,22,24,29,86,9,3,22,12,7,16,,7,14,10,10,3,34,56,86,58,9,9,2,44,9,8,13,8,5,6,16,,12,21,8,23,22,47,10,49,3,21,20,17,17,31,54,29,31,22,18,27,34,18,,61,88,83,76,,46,64,49,56,29,69,46,47,65,53,54,29,26,14,19,15,6,10,20,9,16,5,14,5,11,17,21,18,16,24,8,7,33,47,36,23,14,8,8,9,10,17,22,54,73,60,,65,28,27,14,8,7,9,41,13,62,53,52,6,8,2,71,12,8,5,14,10,13,6,28,5,21,12,57,78,53,54,,13,15,6,25,92,83,38,19,29,25,26,37,7,,64,51,3,12,40,17,52,33,9,2,20,13,48,42,2,23,18,10,20,59,40,24,7,13,30,4,33,25,23,,36,,21,14,18,10,11,,23,19,27,10,50,9,22,16,38,,34,106,82,29,50,24,40,,,12,14,17,42,76,22,8,41,57,17,58,21,8,16,36,15,12,11,14,28,5,4,12,9,6,2,,5,4,12,16,,26,6,14,19,3,6,,15,15,1,,38,21,53,60,66,33,18,32,28,5,80,84,86,83,84,47,67,85,5,1,20,8,8,27,8,36,10,10,17,22,34,26,24,1,17,30,27,12,5,8,3,6,19,16,48,45,41,47,55,21,36,58,16,31,80,62,55,22,62,42,67,70,90,28,30,10,48,42,82,60,78,30,28,64,38,49,58,28,30,2,44,55,17,39,79,12,56,,25,13,36,28,34,11,62,58,39,11,26,12,52,22,15,19,11,12,130,39,38,22,23,27,19,,29,50,10,143,21,35,41,12,,35,30,,5,93,45,54,53,42,52,65,48,32,34,34,35,55,52,66,29,31,40,38,36,36,51,40,65,30,50,52,34,33,11,9,16,4,31,8,15,10,3,24,15,32,15,14,52,58,53,58,60,13,23,27,19,27,17,18,22,20,,14,15,17,13,39,42,39,37,17,17,16,17,2,16,5,55,57,46,41,38,24,42,38,45,42,63,34,,17,35,24,61,80,60,70,21,58,34,6,15,27,14,12,91,12,17,26,59,26,40,42,58,51,19,65,56,31,68,3,2,37,48,33,23,11,42,22,22,36,7,4,8,14,4,5,12,10,19,20,17,32,32,29,35,36,27,17,36,41,51,63,29,38,38,26,53,38,19,8,10,16,22,52,31,37,50,16,18,8,5,61,55,48,53,61,62,32,52,63,60,63,46,22,58,45,51,32,10,9,50,,17,10,20,6,4,42,36,7,6,4,5,16,20,9,20,29,27,20,25,40,40,38,35,56,36,32,38,52,38,37,,20,8,14,8,20,22,29,6,82,8,51,13,2,2,23,27,24,21,28,30,41,40,21,,45,18,8,15,2,72,12,9,90,192,64,58,60,48,44,56,30,34,34,64,52,,82,25,30,56,86,80,42,95,17,18,23,36,54,59,40,39,44,42,42,,13,68,53,4,2,14,1,,53,30,44,30,37,84,55,4,5,11,42,82,72,18,7,4,5,2,1,1,4,30,23,14,28,21,19,41,36,45,43,24,22,27,38,24,33,54,45,52,32,40,22,22,37,,10,29,25,22,62,54,56,40,9,4,29,4,10,23,55,24,16,14,10,22,14,19,19,82,18,68,54,16,51,78,53,16,13,11,11,21,44,54,51,62,88,51,30,32,30,6,20,24,51
20160203,9,O3_8h_24h,48,83,53,49,61,41,51,72,46,59,64,55,,48,44,83,63,58,61,,56,58,32,60,39,84,,56,72,64,62,59,60,88,70,66,64,59,76,59,32,76,30,64,28,42,52,43,95,68,56,62,52,54,43,85,78,73,76,69,60,68,62,72,80,54,64,57,49,64,67,68,82,76,62,57,51,36,59,32,,42,37,32,31,20,50,44,63,50,55,41,37,57,47,71,41,51,55,,55,33,,34,35,,80,70,54,60,40,67,78,66,80,58,127,54,68,28,55,53,90,103,43,75,92,41,59,30,,16,18,36,40,40,85,40,57,76,63,73,88,81,72,72,85,75,94,82,108,96,74,99,114,77,52,75,76,77,52,76,80,72,66,74,81,74,78,50,88,93,58,88,96,98,72,82,36,79,93,86,88,92,113,83,80,,83,68,70,83,46,50,73,77,68,96,68,,59,75,97,80,74,76,94,112,55,84,84,78,88,80,89,91,100,83,60,66,88,82,119,81,86,56,87,98,110,93,89,90,82,95,90,,105,88,85,66,66,54,64,76,77,57,,93,,92,111,,73,77,84,100,105,80,69,88,85,90,73,109,80,88,81,83,58,47,87,77,88,82,84,87,100,69,76,72,36,67,82,51,22,56,76,131,106,125,108,72,115,107,98,78,62,74,48,76,,75,78,85,81,72,53,78,108,68,43,79,84,40,70,58,65,101,68,24,104,102,70,70,77,129,79,85,105,62,100,67,103,81,94,64,92,85,68,96,96,45,51,,57,61,56,68,50,68,62,74,47,39,49,35,81,44,57,60,65,64,48,58,35,42,45,56,60,48,44,38,45,44,53,40,43,36,39,37,,47,41,52,40,53,48,44,53,52,56,41,45,48,44,46,,56,,23,55,67,63,64,61,57,46,54,34,48,71,38,17,34,39,42,46,23,48,18,50,40,,19,16,50,56,58,69,78,69,66,,71,78,67,71,69,118,98,50,63,95,47,28,32,74,35,34,23,22,90,84,90,93,72,76,51,64,,34,56,40,82,47,41,36,79,42,65,47,69,96,63,48,54,35,65,86,59,48,63,105,94,88,,9,12,,18,25,18,85,57,98,75,,30,62,66,48,45,104,49,41,66,52,46,67,40,58,77,94,76,61,77,84,71,92,80,72,34,86,68,59,72,83,95,34,72,107,66,56,44,50,50,29,44,19,75,55,84,76,,58,59,65,,46,37,33,53,83,79,64,,33,67,60,73,87,90,89,58,52,,49,60,55,87,,79,,54,87,66,80,53,,74,78,66,,67,75,69,53,71,84,,73,67,71,77,66,35,39,59,36,45,39,36,40,39,42,29,44,34,38,34,37,26,35,30,40,44,41,58,55,54,39,,33,64,58,64,48,40,24,31,26,26,41,20,9,30,44,20,28,79,111,141,80,49,42,58,40,44,58,64,,79,68,46,41,54,77,45,30,48,51,75,66,47,32,24,34,85,60,56,34,49,47,35,40,47,48,40,59,31,52,50,31,34,33,21,30,69,71,75,82,70,65,89,78,94,88,107,,129,66,34,46,62,69,62,52,43,59,134,82,57,84,30,66,89,67,82,29,69,72,84,39,24,66,38,64,37,92,85,102,87,64,26,68,59,60,50,,63,46,61,41,38,40,61,98,79,56,81,65,75,84,97,88,104,63,54,66,79,100,84,69,84,72,120,82,108,75,72,80,90,101,93,105,96,64,67,19,76,96,87,,69,103,99,90,,50,78,60,71,64,78,62,80,72,59,59,78,64,37,52,36,28,35,55,51,64,61,44,56,61,83,64,59,43,61,17,18,34,91,126,84,67,12,18,18,17,34,28,58,73,71,,66,32,28,48,80,61,36,84,80,107,102,112,67,59,46,114,62,79,60,90,60,101,99,66,18,58,69,73,93,73,72,,89,66,79,82,96,85,40,80,43,42,46,64,63,,83,67,53,61,95,92,110,117,80,59,82,96,59,58,27,87,67,49,46,77,91,66,52,74,91,50,59,65,76,,58,,63,46,73,45,39,,70,71,78,73,132,55,58,74,75,,65,115,108,53,84,97,106,,,51,41,66,105,109,106,83,66,92,25,85,50,40,54,59,82,69,54,55,36,74,68,63,61,71,12,,29,42,48,36,,101,37,71,100,115,32,,28,58,58,,68,53,86,66,74,66,62,47,70,39,80,84,87,91,87,72,96,90,44,73,46,46,69,69,68,82,75,85,36,46,80,58,59,38,35,68,46,54,52,69,35,42,77,40,66,58,62,74,94,76,86,76,65,74,95,81,74,68,86,57,76,77,98,58,68,53,88,88,97,60,91,32,67,106,43,73,70,68,89,36,61,71,21,57,113,113,113,,95,64,102,78,98,57,108,125,54,25,60,20,89,67,35,20,21,25,144,70,136,24,48,64,53,,51,103,32,181,23,62,77,20,45,64,30,27,31,117,65,81,64,52,62,72,54,55,57,52,57,76,52,68,32,43,48,46,43,66,70,66,98,56,68,83,77,54,37,35,42,18,89,76,80,104,92,66,55,69,57,58,77,76,72,81,79,61,122,96,69,55,44,51,58,54,,53,55,57,56,68,105,97,86,46,42,43,53,49,64,35,60,61,52,57,72,39,95,91,109,102,123,101,,91,96,114,90,99,80,94,96,104,87,78,108,96,36,83,101,51,66,93,89,47,68,68,99,92,73,105,107,60,105,105,82,82,108,85,99,87,98,88,78,84,42,26,87,76,55,76,67,60,97,78,106,91,91,120,96,113,92,106,163,51,57,65,31,105,113,75,114,109,95,102,96,105,100,123,118,300,125,110,81,67,92,68,87,51,54,62,62,48,58,70,75,72,56,30,69,60,57,46,61,69,51,,82,73,100,77,63,67,59,43,24,33,25,28,37,14,41,68,66,55,60,44,41,38,37,106,67,66,63,70,54,58,,32,50,32,20,60,56,40,15,110,16,55,19,16,22,68,79,70,71,74,55,84,82,37,,77,60,61,61,62,91,25,18,98,214,64,58,60,48,96,98,51,59,34,66,81,,104,156,102,77,96,80,47,99,84,99,74,119,76,79,42,39,47,68,72,38,90,80,61,85,97,43,27,,54,76,86,53,74,87,84,25,44,11,53,84,76,55,44,58,44,73,73,64,74,67,78,78,94,92,29,60,44,55,58,66,70,88,100,58,82,90,68,60,57,65,72,60,78,,31,96,73,58,101,84,91,102,24,4,61,43,50,40,66,43,41,38,87,46,50,38,38,109,24,79,83,22,60,78,62,63,40,45,53,54,47,62,77,71,92,51,47,48,67,30,33,76,57
20160203,9,CO,1.3,0.9,1.3,1.3,1.5,1.4,3.9,1.3,1,4.8,1.3,2.5,,4.288,4.493,4.957,3.506,4.364,4.861,,3.456,5.361,2.953,3.41,1.933,3.895,,2.148,3.624,2.338,2.938,2.706,1.58,1.04,3.355,4.916,3.426,3.348,3.961,3.48,2.001,4.493,4.824,3.213,4.073,9.741,9.591,10.317,9.086,6.504,3.781,6.157,7.925,7.135,5.727,0.868,0.94,0.867,1.03,0.61,1.535,1.454,1.843,1.656,0.846,7.693,2.643,2.925,1.894,11.834,11.531,9.245,4.642,4.772,5.269,3.498,2.995,3.669,3.248,1.626,,1.62,4.212,4.377,3.453,3.432,3.032,2.947,3.871,3.881,1.288,6.133,3.965,3.152,3.811,3.264,1.475,2.892,3.059,,4.153,3.699,,3.241,3.782,,3.833,2.432,2.685,1.832,2.355,1.995,2.352,1.107,1.791,2.129,0.896,1.614,1.575,2.081,1.472,1.696,1.018,2.652,1.59,1.432,1.239,2.171,0.561,2.786,,1.878,0.847,1.82,1.256,1.301,2.27,1.84,0.498,1.568,1.229,1.135,0.906,1.23,1.282,0.956,1.617,0.853,2.848,2.484,3.874,2.44,2.428,2.152,1.539,2.049,1.66,1.286,1.785,1.553,1.866,1.988,1.919,1.375,1.584,1.657,1.373,1.387,0.906,1.186,3.557,3.116,2.125,2.434,3.707,3.504,2.908,1.878,2.858,2.595,1.767,2.102,2.259,2.504,2.076,1.218,2.768,,2.04,2.496,1.394,2.212,1.449,2.767,2.489,1.989,2.26,2.065,1.932,,1.602,1.912,1.78,2.06,1.96,2.941,1.72,1.561,1.871,2.666,2.706,3.077,1.239,1.556,1.443,0.965,2.567,2.415,2.548,2.994,1.068,0.72,0.695,1.106,1.21,1.264,1.031,1.341,1.562,1.476,1.009,1.54,1.016,1.309,1.329,,1.046,1.519,1.148,0.956,1.147,1.304,0.868,1.15,1.172,1.336,,1.317,,1.863,1.978,,1.233,0.882,1.176,1.088,0.921,0.79,1.14,1.05,0.992,1.205,1.412,1.124,0.994,1,1.096,1.805,2.378,1.851,1.365,1.958,1.713,2.996,1.958,1.267,1.791,0.615,0.983,0.787,0.667,0.962,0.851,0.679,0.726,0.759,1.043,1.064,1.175,,1.392,1.449,0.731,1.172,1.159,1,2.819,1.394,1.915,1.738,,1.497,1.959,1.8,2.005,1.902,1.878,2.555,2.267,2.125,1.249,2.178,2.531,2.869,2.358,2.105,2.212,2.287,2.409,2.659,2.612,1.118,1.48,1.688,1.902,1.899,1.549,2.233,1.682,2.96,0.643,1.012,2.326,0.889,1.634,1.168,1.292,1.633,1.077,1.863,1.499,0.614,0.961,,0.704,0.789,0.721,0.67,0.857,0.826,0.673,1.115,1.142,0.997,1.337,0.789,1.237,0.953,1.338,1.087,1.266,1.145,1.031,0.853,0.953,0.928,0.862,0.588,0.562,1.03,0.927,0.911,0.827,0.957,0.988,1.196,1.059,1.004,0.862,0.736,,1.205,1.133,0.874,0.98,1.018,0.914,0.938,1.032,0.962,0.797,1.022,0.862,1.328,1.059,1.115,,1.578,,1.354,1.455,1.601,1.222,1.522,1.599,0.769,0.815,0.934,0.971,1.004,0.774,1.618,1.318,1.325,1.137,1.337,1.047,1.433,1.191,1.076,0.88,1.458,,1.695,1.834,1.127,1.398,1.341,1.457,1.78,1.489,1.75,,2.019,1.393,0.623,1.291,0.849,0.689,0.629,0.997,1.708,0.797,0.884,1.351,1.395,1.011,2.683,2.266,1.305,1.55,1.023,1.349,1.244,0.246,0.343,0.224,1.955,3.356,,1.922,2.583,3.678,2.638,4.406,4.022,2.182,2.585,2.259,3.026,3.687,1.806,1.559,1.642,2.817,3.214,5.753,1.94,2.733,1.09,4.352,3.807,2.834,3.105,4.571,,3.127,4.672,,4.79,2.727,,1.247,1.144,1.821,1.434,,1.349,1.056,1.005,1.192,1.102,0.566,0.858,1.326,1.771,1.306,3.078,3.075,1.18,3.741,3.283,1.756,1.166,0.762,0.877,1.181,2.24,2.337,1.184,1.672,1.88,1.999,3.523,2.512,2.503,2.708,1.201,3.06,4.303,4.966,2.689,0.713,0.784,0.816,0.546,3.39,3.281,3.69,3.24,3.047,2.856,6.91,,4.168,4.386,2.255,,2.252,3.909,3.906,3.593,1.951,2.615,3.602,,3.833,2.535,,1.545,2.168,2.045,3.625,2.811,1.802,,1.051,2.17,4.234,4.346,,3.036,,5.054,1.482,1.63,1.164,4.593,,3.806,3.365,2.332,,0.665,1.29,1.829,2.237,2.272,2.604,,1.528,1.287,0.771,0.83,1.35,0.994,1.29,1.315,1.094,1.049,1.13,1.515,1.134,1.024,1.124,1.197,0.747,1.156,1.36,1.233,0.994,1.094,1.087,1.141,1.476,1.262,1.22,0.989,0.925,0.868,0.978,,1.158,0.954,1.153,0.792,1.015,1.106,1.158,1.152,0.97,1.073,,1.844,,0.963,1.496,1.903,1.874,1.845,1.772,1.551,3.704,3.729,3.025,2.224,2.905,3.706,9.113,7.311,,4.445,5.148,5.685,10.076,2.498,4.668,4.216,6.755,5.094,1.633,4.555,3.308,0.968,0.456,5.994,1.25,0.51,4.731,1.102,2.135,1.86,4.096,4.738,2.873,0.068,3.963,3.781,1.081,2.983,1.922,3.812,2.213,2.748,4.12,3.569,2.932,2.935,1.513,1.865,3.078,2.139,2.854,2.228,0.81,3.091,3.301,1.424,,0.766,0.842,1.763,1.348,1.385,1.659,2.142,2.427,1.571,2.078,1.988,0.996,0.772,1.032,1.282,1.296,1.319,1.157,1.841,1.16,2.8,1.7,1.921,2.726,3.532,1.578,0.586,0.686,1.555,2.126,0.832,1.645,0.492,3.426,2.607,6.097,4.493,4.03,2.47,,6.457,9.554,5.034,7.233,4.885,2.776,1.255,1.567,2.31,4.763,5.321,2.946,2.233,3.409,2.757,3.724,1.888,2.397,3.783,4.167,1.603,1.274,1.376,1.043,1.305,1.359,2.752,2.99,2.006,1.398,1.149,1.449,2.122,1.316,1.034,1.756,1.479,0.503,1.397,1.394,4.523,1.727,1.068,0.689,1.156,1.244,1.242,1.598,,1.468,1.104,1.423,1.005,1.053,0.988,1.597,1.195,0.998,0.983,0.857,2.18,1.735,1.449,1.209,1.878,1.957,1.22,1.995,1.392,1.333,2.943,1.77,1.706,1.388,0.903,1.097,,0.954,1.322,1.451,1.204,1.806,1.279,1.989,1.416,1.741,,1.923,1.185,1.335,1.42,1.432,1.005,0.394,0.978,,1.151,1.795,1.584,1.881,3.45,2.472,3.278,1.116,3.633,2.5,1.052,1.748,1.358,1.877,2.469,1.52,1.759,3.621,3.068,1.75,4.299,2.411,2.846,1.428,2.888,2.976,2.611,1.168,0.246,2.179,0.449,,2.149,3.012,2.169,1.554,1.465,2.332,1.814,,1.681,1.22,1.156,0.824,2.906,,1.595,1.181,4.266,1.963,2.283,1.546,2.987,2.623,4.586,4.251,5.948,4.491,1.989,1.98,3.8,3.241,3.568,3.668,2.478,0.913,2.614,2.822,3.993,4.309,1.385,1.17,0.525,1.733,1.11,,2.275,1.653,1.668,,0.903,1.099,1.377,,1.615,1.351,2.635,1.913,2.04,1.693,2.213,1.32,1.102,,1.127,1.177,0.909,1.081,1.069,1.395,1.146,,,3.299,1.813,0.976,1.32,0.546,1.424,2.571,1.459,1.331,1.201,2.138,0.925,0.967,0.969,4.84,2.834,5.911,8.312,2.839,4.882,2.964,3.712,3.277,1.554,2.238,2.558,,1.817,2.761,6.382,5.116,,7.536,4.353,5.408,3.008,3.93,3.611,,5.822,4.192,4.049,,1.03,1.425,0.867,2.025,1.214,0.542,1.366,0.586,1.445,2.115,0.78,0.437,0.226,0.739,0.38,1.062,1.238,0.376,3.234,1.651,0.974,2.505,1.829,1.142,2.618,1.826,1.925,2.803,1.661,2.453,1.672,2.962,2.397,4.858,3.756,1.175,1.378,0.813,3.429,2.687,3.239,3.912,2.331,2.305,1.084,1.438,0.734,0.828,1.892,2.298,1.061,1.929,0.718,4.103,2.057,4.515,0.608,7.704,0.417,1.594,1.243,1.025,0.851,,0.949,0.698,2.734,1.833,1.578,1.116,1.199,4.019,3.557,1.326,0.78,0.642,0.248,1.493,1.215,2.211,0.516,1.304,1.874,1.279,1.209,1.616,1.608,,1.641,3.582,1.593,2.124,1.3,1.727,1.335,1.312,2.602,1.794,1.766,1.551,1.318,1.372,0.858,1.33,,0.743,0.185,0.443,0.172,1.575,1.912,1.83,1.811,,1.179,1.905,2.243,2.997,0.326,1.323,1.474,1.074,1.137,1.54,1.134,1.457,0.914,0.896,0.597,0.874,0.9,0.471,1.014,,0.533,1.112,0.779,0.928,0.831,0.574,1.052,0.354,1.037,0.889,1.202,1.125,0.94,0.966,0.924,0.9,0.012,1.195,0.797,0.899,0.836,1.389,1.589,1.191,0.982,1.693,1.438,1.5,2.264,3.398,2.768,0.902,0.979,1.02,1.135,1.028,1.44,1.421,1.611,0.878,1.216,1.278,1.922,1.123,1.237,1.348,1.455,1.005,1.66,1.488,,2.03,2.478,1.643,2.413,1.94,0.322,0.958,0.515,4.339,4.602,2.984,2.476,6.049,3.4,5.8,2.41,3.073,2.43,2.077,2.307,2.112,2.012,2.554,2.097,3.824,2.596,1.513,,1.414,1.683,1.602,0.832,0.703,0.815,1.149,1.646,1.496,1.578,1.424,2.923,2.126,1.613,1.878,1.414,2.014,1.71,1.145,1.268,1.625,1.257,0.855,1.59,1.471,1.734,2.031,0.983,0.974,2.406,2.876,1.89,1.911,1.179,0.878,1.162,1.418,0.861,2.189,1.747,1.899,0.306,0.785,1.262,1.73,1.532,1.598,1.401,1.925,1.122,1.72,1.221,1.248,1.784,1.271,2.472,1.59,2.387,2.197,1.848,0.734,1.237,0.82,1.719,0.948,1.125,1.653,1.141,1.386,1.165,1.146,1.089,1.044,1.303,0.888,1.729,1.755,0.075,1.824,0.292,0.267,0.582,0.56,0.89,2.554,0.517,1.086,0.859,0.983,1.632,1.313,1.34,1.143,1.405,1.798,0.629,1.363,1.628,1.136,0.782,0.861,1.108,,1.507,1.636,1.82,1.572,1.522,1.315,1.3,1.71,1.296,2.109,2.43,1.703,1.225,2.754,1.533,1.326,1.377,1.505,1.013,1.47,1.581,1.55,1.466,1.11,1.286,1.252,1.096,1.314,1.552,1.704,,1.551,1.441,1.435,1.773,1.864,2.211,1.015,1.964,1.507,1.279,1.105,1.533,4.113,1.511,1.092,1.348,1.626,1.435,1.302,0.805,0.71,0.927,1.222,,1.523,2.149,1.83,2.325,2.75,1.192,1.448,0.772,1.201,1.002,1.106,1.057,0.851,1.035,1.143,0.995,2.021,1.636,1.404,1.23,0.526,,0.577,1.743,0.459,1.124,1.386,1.885,0.646,0.874,1.605,0.638,0.859,1.639,0.808,0.736,1.065,0.615,0.792,0.474,1.327,1.346,,0.353,0.811,2.374,1.022,0.665,0.813,,0.946,0.31,1.35,0.746,1.077,,0.014,1.276,2.886,0.391,0.718,0.285,0.893,2.847,3.51,3.028,4.819,4.073,2.536,2.152,2.657,,2.295,1.282,3.262,2.306,1.104,0.763,0.862,2.368,2.121,3.096,2.02,2.453,3.775,3.831,2.515,1.091,0.578,2.574,1.981,2.555,1.749,1.586,1.2,,2.248,3.016,1.714,3.304,1.365,0.647,1.154,0.806,1.417,1.02,1.651,1.516,1.864,0.599,1.209,0.668,2.408,2.008,0.988,1.595,3.207,1.859,1.054,0.479,3.359,1.931,1.535,2.602,0.707,0.733,1.314,2.962,2.276,1.079,3.143,6.495,2.174,1.36,2.313,0.1,0.046,0.893,2.501,3.291,3.154,2.345,0.82,2.683,1.229
20160203,9,CO_24h,1.108,0.525,0.975,1.146,0.95,1.108,1.942,0.812,0.758,1.183,1.033,1.796,,1.889,2.112,2.304,1.734,2.036,2.874,,1.593,2.604,1.311,1.8,1.155,2.03,,1.521,1.799,1.748,1.412,1.631,1.132,0.73,2.106,2.75,1.993,2.181,2.357,2.316,2.36,3.028,2.508,1.76,2.092,5.501,5.935,6.357,6.178,4.723,4.962,4.274,3.389,4.504,6.599,0.641,0.717,0.433,0.645,0.514,1.063,1.265,1.511,0.988,0.656,2.618,1.67,1.636,1.745,4.036,4.716,3.389,2.592,2.755,2.865,2.191,2.716,3.822,2.747,1.706,,1.503,2.652,3.078,3.604,3.267,3.115,2.939,1.741,2.145,1.072,4.1,2.276,1.778,1.696,1.477,1.22,1.94,1.886,,2.055,2.23,,1.953,1.943,,1.864,1.262,1.237,1.631,1.594,1.453,1.587,1.554,0.969,1.098,0.627,1.295,1.328,1.553,1.237,1.286,0.989,1.803,1.44,1.22,1.038,1.407,0.813,3.428,,1.799,0.713,1.496,1.112,2.11,1.909,1.11,0.824,1.535,1.249,1.282,1.018,1.282,1.244,1.166,1.605,0.998,1.956,1.691,3.002,1.796,2.102,1.785,1.574,1.434,1.773,1.329,1.675,1.595,1.956,1.757,1.374,1.609,1.591,1.676,1.184,1.072,0.763,0.93,1.877,1.563,1.114,1.257,2.028,2.226,1.879,1.661,2.02,2.147,1.509,2.019,1.57,1.714,1.927,1.185,1.644,,1.973,2.601,1.649,1.966,1.89,2.023,1.605,2.089,1.611,1.569,1.554,,1.234,1.297,1.498,1.514,1.704,2.15,1.207,1.353,1.757,1.492,2.363,1.584,0.953,0.992,0.984,0.85,2.253,2.235,2.301,2.714,0.904,0.634,0.712,0.968,1.204,1.271,1.028,1.095,1.194,1.283,0.909,1.274,0.889,1.097,1.036,,0.874,1.092,0.813,0.941,1.123,1.302,1.036,0.946,0.784,1.15,,1.148,,1.148,1.325,,1.045,0.656,1.048,1.329,1.123,1.031,0.974,0.877,1.29,1.061,1.412,1.03,0.899,0.948,0.864,1.238,1.63,1.214,1.052,1.475,1.459,2.371,1.53,1.029,1.417,0.48,0.77,0.555,0.636,0.906,0.796,0.751,0.753,0.76,1.083,0.851,1.004,0.454,1.208,0.935,0.87,0.838,1.092,0.946,1.854,1.196,1.285,1.362,,1.193,1.66,0.838,1.459,1.142,1.339,1.566,1.434,1.904,1.115,1.602,1.82,1.943,1.628,1.353,1.387,1.448,1.413,1.939,1.892,1.072,1.398,1.76,1.527,1.522,1.452,1.867,1.562,2.399,0.892,1.056,2.084,1.068,1.5,1.395,1.402,1.741,1.264,1.609,1.363,0.676,1,,0.756,0.808,0.734,0.704,0.913,0.846,0.732,1.198,1.099,0.999,1.317,0.759,1.168,0.975,1.314,1.04,1.253,1.109,1.023,0.864,0.933,0.929,0.894,0.685,0.652,1.073,0.938,0.971,0.846,0.988,1.313,1.108,1.056,0.98,0.823,0.794,,1.237,1.194,0.892,0.985,1.01,0.91,0.917,1.087,1.021,0.9,1.029,0.867,1.291,1.093,1.116,,1.335,,1.29,1.341,1.43,1.13,1.402,1.415,0.972,0.874,1.311,1.04,1.391,1.032,1.41,1.448,1.276,1.334,1.361,1.014,1.362,1.365,1.246,1.006,1.096,,1.634,1.611,1.358,1.05,1.276,1.419,1.528,1.334,1.605,,1.904,1.299,0.671,1.458,0.762,0.866,0.993,1.164,1.41,0.999,1.068,1.405,0.938,1.296,2.471,1.764,2.104,2.245,1.257,1.541,0.748,0.361,0.394,0.36,1.513,2.575,,1.82,1.429,2.782,1.775,3.878,3.603,2.065,1.712,2.099,2.379,2.862,1.832,1.454,1.64,2.274,2.204,2.588,1.793,2.106,0.952,2.759,1.977,1.943,1.502,2.188,,3.422,4.771,,2.167,3.105,2.188,1.214,1.328,1.697,1.525,,1.478,1.354,1.25,1.4,1.221,0.661,0.988,1.433,1.744,1.507,2.198,2.359,1.523,2.176,3.214,1.548,0.978,0.492,0.692,1.036,1.671,1.725,1.085,1.348,2.146,1.726,2.338,2.01,1.189,1.402,0.861,1.458,2.595,2.116,1.981,0.679,0.772,0.83,0.646,1.972,2.503,2.944,2.135,2.029,2.014,3.08,,3.807,3.482,2.141,,2.183,2.942,3.296,3.091,1.411,2.102,2.366,,3.639,1.824,3.085,1.057,1.37,1.624,1.546,1.319,1.033,,0.976,1.568,2.031,2.152,,1.866,,2.034,1.437,1.556,1.357,2.079,,3,2.663,1.592,,0.814,1.08,1.328,1.335,1.279,1.352,,1.414,1.286,0.795,0.826,1.325,0.94,1.086,1.094,0.991,1.025,1.118,1.07,1.134,0.982,1.085,1.105,0.717,0.881,1.147,1.127,0.885,1.097,1.16,1.165,1.332,1.252,1.21,1.013,0.928,0.896,0.997,,1.219,0.954,1.129,0.816,0.997,1.027,0.973,1.114,0.897,0.983,1.019,1.867,,0.931,1.374,1.898,1.708,1.552,1.67,1.636,2.971,2.731,2.334,1.556,2.285,2.962,5.423,5.239,,3.314,3.961,4.942,8.264,2.092,4.505,3.689,5.381,3.411,1.37,2.397,2.439,0.798,0.36,2.739,0.775,0.344,3.052,1.692,2.115,1.865,2.558,2.557,2.317,0.843,4.102,4.056,1.364,3.126,1.979,3.817,2.601,2.579,2.621,3.881,2.992,2.985,1.365,1.47,2.047,1.174,1.43,1.696,0.777,2.059,1.657,1.005,,0.731,0.666,1.323,0.729,0.868,0.685,2.166,1.959,1.591,2.199,1.058,0.841,0.631,0.761,1.03,0.776,1.22,1.273,1.728,1.061,2.782,1.406,1.872,2.295,2.86,1.903,0.802,0.851,0.808,1.44,0.712,1.562,0.493,2.583,2.185,3.029,3.244,2.657,1.912,,4.168,6.708,2.858,4.285,4.596,1.891,1.464,1.396,1.8,2.282,3.162,1.553,1.61,1.543,1.69,2.257,1.277,2.172,3.09,3.555,1.307,1.101,1.392,0.908,1.326,1.246,1.773,2.362,1.542,1.322,0.811,1.393,1.555,1.045,0.955,1.336,1.546,0.805,1.392,0.956,2.96,1.586,1.097,0.648,0.925,1.019,1.059,1.297,,1.477,1.116,1.423,1.15,1.304,1.304,1.685,1.34,1.216,1.077,0.89,2.277,1.489,1.221,1.18,1.676,1.516,1.2,1.766,1.35,1.2,2.654,1.592,1.508,1.056,0.906,0.986,0.916,0.873,1.346,1.292,1.217,1.715,1.266,1.858,1.326,1.573,0.786,1.881,1.205,1.199,1.415,1.475,1.09,0.587,0.968,,1.219,1.348,1.601,1.767,2.548,1.895,2.118,1.354,2.371,1.605,0.959,1.637,1.348,1.461,2.156,1.201,1.258,2.346,1.937,1.396,2.459,1.895,1.868,1.064,2.031,2.288,1.625,1.184,0.871,2.031,0.313,,1.943,1.662,1.483,0.925,1.263,2.125,1.756,1.092,1.517,1.601,1.386,1.034,2.154,,1.057,1.056,3.263,1.444,1.388,1.685,1.715,1.702,2.948,2.106,2.522,1.72,1.547,1.851,2.184,2.049,2.014,2.429,1.139,0.846,1.625,1.847,1.851,2.337,1.318,1.101,0.862,1.326,1.3,,1.416,1.324,1.546,1.679,0.968,1.238,1.276,,1.47,1.508,1.447,1.788,1.809,1.36,1.801,0.934,0.944,,1.165,0.991,0.895,0.944,0.923,1.311,1.119,,,1.007,1.2,1.141,1.376,0.608,1.399,1.949,1.363,1.274,1.069,1.812,0.829,0.852,0.945,2.484,1.805,2.744,4.058,1.759,2.191,2.005,1.772,2.205,1.57,2.166,2.58,,2.014,2.619,4.957,3.765,,4.618,3.621,4.206,2.382,3.443,3.321,,4.438,3.731,2.738,,0.965,1.221,0.887,0.394,0.891,0.56,2.136,0.7,0.733,1.506,1.056,0.758,0.353,0.59,0.182,1.377,1.588,0.449,3.124,0.84,0.888,0.958,1.239,1.124,1.717,1.274,1.562,1.798,1.386,1.873,0.91,3.454,2.44,4.696,2.159,1.047,0.984,1.181,2.528,2.114,1.668,3.067,1.57,1.776,1.741,0.568,0.67,0.593,1.234,1.372,0.94,1.727,0.524,2.331,1.599,1.66,0.62,3.481,0.471,1.205,0.972,0.815,0.658,,0.869,0.357,1.823,1.624,1.162,1.052,0.849,1.535,1.261,1.042,0.709,0.455,0.291,1.395,1.067,1.34,0.635,1.376,1.749,1.396,1.388,1.288,1.297,,1.3,2.528,1.265,1.531,1.041,1.87,1.279,1.552,2.255,1.606,1.134,1.579,1.46,1.514,0.833,1.123,1.111,0.647,0.194,0.556,0.224,1.608,1.448,1.682,1.544,,0.866,1.511,2.028,2.247,0.303,0.863,1.12,0.935,1.136,1.33,1.026,1.214,0.849,0.936,0.72,0.864,0.804,0.47,0.764,0.04,0.613,1.156,0.834,1.052,0.822,0.638,1.112,0.49,1.128,0.858,1.048,1.039,0.881,0.711,0.689,0.673,0.017,0.923,0.571,0.767,0.79,1.47,2.264,1.832,1.702,2.203,1.077,0.809,1.852,1.541,1.843,0.889,0.972,0.813,0.837,0.905,1.325,1.28,1.403,0.731,1.043,0.881,1.147,0.932,1.014,1.314,1.366,0.748,1.337,1.323,,1.791,2.271,1.552,2.354,1.609,0.289,0.731,0.624,4.1,2.893,1.894,1.523,5.275,2.409,3.5,2.318,3.207,2.404,2.16,1.834,1.548,1.49,1.388,1.472,2.21,1.181,1.977,,1.849,2.139,2.133,0.931,0.799,0.868,1.397,1.159,1.252,1.253,1.419,2.523,1.981,1.673,1.736,1.283,1.332,1.312,0.687,1.123,1.412,1.107,0.74,1.793,1.682,1.979,1.229,0.989,0.948,0.967,3.068,1.86,2.197,1.321,1.063,1.127,1.255,0.939,1.439,1.328,1.64,0.243,0.616,1.106,1.664,1.462,1.531,1.497,1.612,1.011,1.282,1.139,1.154,1.229,1.215,2.106,1.162,2.2,1.661,1.956,0.696,1.064,0.754,1.553,0.867,0.897,1.094,1.226,1.111,1.164,0.768,0.905,0.763,1.28,0.691,1.6,1.804,0.049,1.384,0.064,0.174,0.574,0.699,0.718,2.625,0.604,1.107,0.847,0.968,1.577,1.338,1.359,1.068,1.304,1.801,0.599,1.352,1.559,1.535,0.683,0.752,1.062,,1.43,1.748,1.608,1.687,1.532,1.216,1.163,1.549,1.37,1.827,2.163,1.966,1.207,2.388,1.19,1.27,1.296,1.398,1.078,1.533,1.713,1.736,1.522,1.096,1.326,1.211,0.979,1.168,1.279,1.523,,1.329,1.478,1.597,1.893,1.47,1.831,1.033,2.008,1.417,1.31,1.221,1.467,2.93,1.478,1.069,1.21,1.371,1.182,1.196,0.826,0.817,0.9,1.068,,1.45,1.836,1.73,1.834,2.358,1.264,1.459,0.781,1.262,0.999,1.561,1.289,1.109,1.385,1.175,0.89,1.828,1.56,1.465,1.257,0.52,,0.572,1.319,0.273,1.077,1.387,1.271,0.583,0.539,1.344,0.403,0.574,1.17,0.732,0.814,1.25,0.782,0.978,0.497,1.356,1.019,0.204,0.398,0.687,1.993,1.078,0.515,0.783,,1.036,1.024,2.031,0.73,1.036,0.027,0.052,1.546,2.261,0.577,0.547,0.24,0.735,2.486,2.9,2.602,3.845,4.032,2.649,2.964,2.769,0.037,2.02,1.257,3.3,2.015,1.158,0.799,0.791,1.792,1.726,2.25,1.219,1.493,1.794,2.326,1.818,1.027,0.678,2.546,1.703,1.509,1.6,1.56,0.679,,1.902,2.707,1.342,1.904,0.911,0.619,0.661,0.797,1.371,1.152,0.731,1.131,1.597,0.679,1.443,0.723,1.975,1.284,1.083,1.449,2.017,1.534,0.858,0.492,2.865,2.938,1.594,2.262,0.992,1.032,1.428,2.971,2.28,2.141,2.208,2.748,2.927,1.665,2.463,0.677,1.067,0.901,1.973,3.279,2.335,2.115,0.767,1.845,1.304
20160203,10,AQI,48,52,31,45,37,58,68,57,51,92,45,69,,235,257,179,179,205,250,,213,159,180,214,124,210,,98,144,93,107,105,94,65,162,198,162,178,212,183,77,183,89,76,115,357,292,334,294,149,178,210,342,137,162,62,43,61,73,50,72,98,74,103,47,195,75,89,40,362,284,209,255,262,278,88,98,110,92,75,,53,172,139,57,58,69,92,156,110,125,243,223,78,139,124,113,243,183,,202,288,202,248,227,,264,127,69,68,57,60,55,80,143,77,67,117,117,115,142,137,97,127,107,89,84,119,118,108,,139,137,144,150,97,120,119,102,117,114,103,102,105,105,87,104,104,183,160,175,165,189,183,166,168,153,140,152,133,168,140,132,175,142,109,79,98,70,133,224,217,255,222,154,183,138,183,156,147,155,166,205,226,155,145,132,,147,130,120,127,110,240,245,247,223,189,250,,225,212,195,211,145,243,222,207,239,226,196,222,179,162,186,91,223,273,253,260,119,83,57,144,115,129,119,114,133,137,80,149,160,159,153,,149,159,166,74,83,77,79,112,135,89,,104,,189,166,,105,158,129,64,67,77,124,92,104,114,90,103,83,105,94,144,72,148,143,149,163,182,166,143,152,42,45,40,50,38,42,20,34,26,118,85,82,118,104,119,69,118,112,149,186,132,170,162,,27,190,133,138,137,128,140,145,134,149,147,123,158,139,188,189,152,176,133,173,139,166,172,170,206,166,195,144,192,103,94,112,84,99,78,114,94,102,104,62,62,55,,45,49,53,52,52,52,55,50,55,53,46,59,52,58,50,39,52,46,52,55,53,48,52,45,50,45,59,54,48,57,64,41,25,63,39,39,,40,,55,54,55,45,54,62,53,59,52,49,54,68,53,,123,,107,115,102,95,115,123,28,28,33,35,35,74,88,77,69,72,78,62,79,77,77,69,74,,75,79,77,95,108,103,94,89,99,,103,73,98,89,102,90,58,78,85,84,85,62,58,20,56,62,48,57,166,119,100,49,62,36,156,77,95,148,216,132,216,91,208,109,220,86,78,158,123,110,118,94,104,213,156,192,77,84,215,188,137,227,,275,311,,338,254,396,102,144,119,115,,104,110,79,97,115,57,79,100,118,56,112,100,62,112,105,47,85,47,58,63,213,75,98,64,137,133,142,189,142,209,57,500,180,202,222,41,38,35,23,320,239,199,263,311,274,354,,362,356,221,,215,236,266,257,269,162,238,,253,234,369,235,315,317,305,153,98,,88,143,163,270,,168,,317,198,159,135,310,,293,216,180,,57,80,81,287,237,250,,72,72,75,74,21,36,32,32,29,34,46,42,46,43,38,45,45,53,47,43,53,49,39,55,40,30,33,63,63,59,59,62,50,65,57,69,22,29,30,36,36,48,,50,40,55,65,74,89,175,156,163,107,89,90,79,133,152,199,183,,166,150,143,308,119,69,112,185,67,68,186,163,95,64,206,55,43,481,70,99,103,158,103,130,52,107,88,70,112,62,180,173,145,135,162,196,125,134,169,200,222,262,117,55,271,57,85,,53,68,79,110,104,140,124,120,185,156,247,165,70,69,102,57,94,123,102,119,134,142,124,129,132,108,62,110,102,115,90,123,26,207,90,145,185,175,95,85,242,165,134,208,204,100,82,93,137,73,64,159,94,220,190,186,175,117,107,114,99,147,158,206,147,153,122,148,140,107,118,90,95,124,114,115,72,105,123,112,66,133,78,82,142,149,165,140,,82,85,93,89,82,103,,89,94,15,15,123,129,129,138,155,162,166,156,144,127,140,97,89,105,115,105,113,113,125,123,134,123,82,107,113,91,109,144,132,137,142,139,74,108,85,,64,73,65,129,236,105,376,83,129,120,102,68,68,89,92,225,195,155,201,169,194,242,224,105,114,137,110,99,90,109,101,,127,241,142,128,106,149,172,180,115,188,172,175,208,,170,155,252,159,215,153,147,137,314,253,213,266,92,128,207,180,223,222,232,93,133,176,217,144,125,112,84,90,87,,107,109,100,,80,78,144,,103,118,143,139,169,203,203,129,125,,,100,84,92,92,105,108,,,109,134,103,88,79,98,83,159,159,145,125,63,51,58,175,124,252,193,142,119,179,198,401,205,84,67,,104,83,219,212,,230,135,128,57,107,52,,102,186,179,,65,65,68,25,53,103,114,69,70,173,25,26,26,27,26,55,54,49,132,140,98,173,241,68,118,104,96,166,144,112,120,115,59,90,256,95,108,93,193,200,182,208,188,162,102,103,74,71,78,158,57,22,84,173,45,232,246,52,23,112,95,93,72,70,113,50,156,99,137,98,61,,306,102,57,60,29,80,103,241,25,107,112,124,147,192,168,,232,178,172,59,102,94,163,118,114,128,107,157,122,102,105,120,113,135,97,83,59,213,215,222,95,,87,120,132,153,69,,65,80,79,92,77,73,69,90,78,129,35,30,59,46,19,36,36,39,41,17,39,30,52,30,29,35,36,62,62,48,54,88,79,84,68,78,140,130,127,129,110,87,98,119,73,65,104,102,99,93,72,89,87,70,100,85,88,70,75,109,127,114,102,124,,69,68,64,68,68,85,94,84,119,117,108,213,218,166,198,128,145,147,180,85,125,147,138,108,147,148,124,,128,107,104,127,132,143,92,123,115,129,107,129,133,107,122,52,90,119,72,118,150,119,127,113,115,140,111,102,165,123,89,128,119,127,99,94,105,74,155,114,80,57,87,100,72,113,97,124,122,130,150,125,144,160,68,95,98,78,113,83,395,117,105,99,70,68,77,82,88,102,114,89,92,101,85,117,71,90,112,71,78,123,67,58,75,68,92,83,77,103,93,104,78,69,93,102,34,49,49,95,110,84,,94,99,119,61,59,99,103,120,140,149,192,134,99,89,95,114,122,108,130,90,79,83,84,112,77,117,82,62,69,78,,88,135,119,127,186,135,137,108,142,114,100,150,212,80,72,119,112,90,133,40,45,28,48,,70,94,109,114,135,46,52,57,42,59,50,60,64,54,55,59,89,99,38,46,92,,69,68,70,53,28,46,40,45,56,72,62,56,50,38,35,29,42,46,29,71,60,70,43,52,73,52,70,,24,35,64,120,186,20,23,21,251,30,73,21,49,240,211,227,213,69,103,114,87,109,142,122,62,69,90,79,57,64,72,101,63,110,132,110,122,122,129,120,201,153,66,120,84,,129,87,88,112,115,133,64,73,80,34,235,185,172,73,159,117,107,124,84,150,204,71,64,30,168,348,70,102,56,59,82,147,170,87,176,256,88,104,128,29,30,29,190,256,425,99,33,114,46
20160203,10,PM2.5,33,36,21,31,20,41,49,40,23,68,31,50,,185,207,135,135,155,200,,163,121,136,164,94,160,,73,110,56,80,79,70,33,123,148,123,134,162,138,56,138,65,49,87,307,242,284,244,114,134,160,292,104,123,28,18,37,27,28,42,73,54,77,25,146,55,66,27,312,234,159,205,212,228,65,73,83,68,55,,37,130,106,38,32,50,68,84,83,95,193,173,57,106,94,85,193,138,,152,238,152,198,177,,214,96,50,49,40,42,39,59,109,56,48,88,88,87,108,104,72,96,80,60,62,90,89,81,,106,104,110,115,72,91,90,76,88,86,77,76,79,79,64,78,78,138,122,132,125,142,138,126,127,117,107,116,101,127,107,100,132,108,82,48,73,51,101,174,167,205,172,87,138,105,138,119,112,118,126,155,176,118,111,100,,112,99,91,96,83,190,195,197,173,142,200,,175,162,146,161,111,193,172,157,189,176,147,172,135,123,140,,173,223,203,210,90,61,40,110,87,98,90,86,101,104,59,114,122,121,117,,114,121,126,54,61,56,58,84,103,66,,78,,142,126,,79,120,98,46,48,56,94,68,78,86,67,77,61,79,70,110,52,113,109,114,124,137,126,109,116,29,31,28,35,26,28,14,22,13,89,59,60,89,78,90,29,89,84,114,140,100,129,123,,,143,101,105,104,97,107,111,102,114,112,93,120,106,141,142,116,133,101,131,106,126,130,129,156,126,146,110,144,77,70,84,62,74,57,86,70,76,78,44,44,39,,31,34,37,36,36,36,39,35,39,37,32,42,29,41,35,27,36,32,36,39,37,33,36,31,35,31,42,38,33,40,46,23,,45,23,18,,26,,39,38,39,31,35,44,37,42,36,34,38,49,37,,93,,80,87,76,71,87,93,18,19,23,24,18,54,65,56,50,52,57,44,58,56,56,50,54,,55,58,56,71,81,77,70,66,74,,77,47,73,66,76,67,41,51,63,62,63,44,41,14,33,38,33,40,126,66,58,10,37,22,119,55,44,113,166,100,166,55,158,82,170,60,50,120,93,83,89,70,78,163,119,144,36,62,165,141,104,177,,204,261,,260,204,346,76,102,90,87,,78,83,58,72,87,40,58,69,89,39,84,75,44,84,79,23,63,32,37,41,163,55,73,46,104,101,108,142,108,159,40,483,136,152,172,22,20,24,16,222,189,149,213,261,224,238,,312,306,171,,165,186,216,207,219,123,188,,203,184,319,185,265,267,255,117,73,,65,109,124,220,,127,,267,148,121,103,260,,243,166,136,,40,59,59,237,187,200,,52,52,55,54,,23,22,22,20,23,29,29,32,30,26,31,31,37,31,30,37,34,27,39,28,21,23,45,45,42,42,44,35,47,40,50,15,20,21,25,25,33,,35,28,39,47,54,66,132,119,124,80,66,62,58,101,116,149,138,,126,115,81,258,90,40,84,139,48,42,140,105,62,35,156,36,14,375,51,74,77,120,77,99,36,80,65,51,84,42,136,131,111,103,123,147,95,102,128,150,172,212,88,39,221,40,63,,37,49,58,83,78,107,94,91,139,119,197,125,51,50,76,39,70,93,76,90,102,108,94,98,100,81,44,83,76,87,67,93,5,157,67,111,139,132,71,58,192,125,102,158,154,75,52,69,104,53,44,121,70,170,143,140,132,88,80,86,74,112,120,156,112,117,92,113,107,80,89,67,71,94,86,87,52,79,93,84,25,101,57,60,108,114,125,107,,60,63,69,66,60,77,,66,70,3,4,93,98,98,105,118,123,126,119,110,96,107,72,66,79,87,79,85,85,95,93,102,93,60,80,85,60,82,110,100,104,108,106,54,81,63,,44,53,47,98,186,21,326,61,98,91,76,49,49,66,68,175,146,90,151,128,,192,174,79,86,104,83,48,32,58,36,,96,191,108,97,57,114,130,136,87,47,46,46,158,,129,118,202,121,165,117,112,104,264,203,44,216,68,97,157,136,173,172,182,69,101,133,167,47,95,84,62,67,64,,80,82,75,,59,52,110,,77,89,109,106,128,153,153,98,95,,,75,62,68,68,79,81,,,82,102,77,65,58,73,61,121,121,111,95,45,24,41,132,63,202,94,108,90,135,148,351,155,62,48,,78,58,169,162,,180,103,97,40,80,31,,76,140,135,,45,41,49,,37,77,86,50,51,131,12,16,11,17,8,39,38,34,100,107,73,131,191,49,89,78,63,126,110,84,91,87,42,67,206,71,81,69,145,150,137,158,141,123,76,77,54,43,55,120,40,15,62,131,31,182,196,36,11,84,71,69,52,51,85,28,102,64,104,73,42,,256,76,40,43,,52,77,191,17,80,84,94,112,144,127,,182,134,130,42,76,70,124,89,86,97,80,81,92,76,79,91,85,103,72,61,42,163,165,172,71,,64,91,100,117,50,,47,59,58,68,56,51,50,67,57,98,23,21,36,32,13,25,25,27,26,6,27,21,25,21,20,24,25,44,44,33,38,65,58,62,49,57,107,99,96,98,83,58,73,90,36,47,78,76,74,69,52,66,64,35,75,63,65,51,55,82,96,86,76,94,,19,20,23,17,49,63,70,62,90,88,81,163,168,126,148,97,111,112,136,63,95,112,103,81,112,113,94,,97,80,78,96,100,109,68,93,87,98,80,98,101,80,92,36,67,90,52,89,115,90,96,85,87,107,,76,125,93,66,97,90,96,74,70,79,54,118,86,59,40,64,75,52,85,72,94,92,99,115,95,110,122,49,71,73,57,85,61,345,88,79,74,50,49,48,60,65,76,86,65,62,56,63,88,35,67,84,45,57,93,48,41,55,49,68,61,56,77,69,78,57,50,69,76,22,31,34,71,83,62,,70,74,90,37,41,74,77,91,107,114,144,102,74,66,71,86,92,81,99,67,58,61,62,84,55,88,60,44,50,57,,65,103,90,96,140,103,104,81,108,86,75,115,162,59,47,90,84,67,101,22,31,16,33,,51,70,82,86,103,27,35,40,29,42,35,43,46,38,39,32,66,74,26,27,68,,50,49,43,29,8,32,28,31,25,30,44,29,35,24,24,20,27,32,18,39,41,51,30,30,53,36,51,,15,17,46,28,70,13,6,,201,18,34,13,34,190,161,177,163,50,77,86,64,82,108,92,44,50,67,58,40,46,52,57,30,83,100,83,92,53,55,91,151,117,31,91,62,,98,50,65,21,87,101,41,49,59,23,185,139,130,,121,88,80,94,62,115,154,46,46,13,124,298,37,76,30,32,52,112,129,64,133,206,65,78,97,12,4,11,143,206,387,74,22,86,32
20160203,10,PM2.5_24h,39,20,32,36,30,32,42,32,29,27,30,53,,86,83,63,65,73,91,,72,58,71,75,47,85,,63,78,58,57,78,67,29,73,87,67,73,86,90,47,71,61,48,44,139,140,174,132,158,204,161,189,179,216,20,16,18,23,24,38,46,35,36,18,79,56,59,55,129,164,100,128,140,132,63,82,99,87,69,,35,76,86,43,48,49,78,66,72,79,107,80,51,60,47,87,112,102,,129,166,70,148,119,,139,70,63,43,50,35,44,44,44,55,28,99,102,90,102,95,74,97,105,86,87,89,99,118,,138,122,140,145,94,112,102,117,95,87,96,74,113,86,76,83,83,125,113,128,118,134,122,114,124,112,132,142,114,138,129,117,130,111,106,74,91,79,97,84,89,96,86,93,110,103,116,112,108,102,109,119,136,105,116,124,,120,135,122,121,133,144,149,143,141,139,150,,129,129,143,111,92,133,141,117,143,117,123,111,79,60,86,41,149,169,151,149,77,57,43,79,69,80,78,77,82,81,51,85,91,88,84,,79,85,87,62,70,61,64,76,78,57,,76,,120,103,,65,77,70,80,76,74,89,69,69,75,68,65,62,79,61,104,63,97,98,109,124,110,103,105,97,21,21,22,27,21,22,19,24,19,87,64,58,94,80,95,54,87,82,107,120,89,97,103,,94,108,57,85,76,68,81,86,86,89,83,71,75,73,75,82,76,76,65,59,98,113,122,111,119,122,116,105,125,86,103,100,100,106,90,119,116,110,98,94,33,30,,27,29,28,33,28,35,31,26,30,29,25,32,14,30,27,16,22,21,28,26,25,25,27,24,30,25,36,36,25,32,39,21,23,30,17,16,,13,,32,30,27,21,25,28,26,30,22,21,24,36,22,,79,,75,75,71,66,73,75,9,18,21,22,24,56,75,63,57,65,63,45,54,63,64,65,55,,64,55,60,61,92,78,73,74,75,,78,82,72,75,65,75,66,55,77,67,68,56,37,22,55,54,69,49,55,45,28,21,35,26,76,53,61,72,92,72,128,61,124,57,113,104,46,91,96,54,70,82,65,96,103,106,44,75,83,93,62,78,,233,348,,242,264,295,94,110,105,104,,129,147,97,129,144,42,94,118,95,52,68,67,45,66,80,33,44,20,24,29,80,70,78,69,90,81,97,110,63,59,30,89,67,62,75,24,21,22,17,127,111,89,126,148,132,128,,209,186,145,,139,117,134,132,121,85,113,,119,120,187,162,187,215,150,63,51,,43,74,73,119,,92,,117,134,133,110,133,,177,108,91,,48,56,48,121,88,86,,40,38,44,40,45,17,18,21,19,19,21,24,23,24,25,25,22,21,24,23,21,26,13,19,22,13,16,40,39,40,23,22,21,38,28,37,11,13,15,21,20,20,,24,20,27,34,36,39,135,121,126,48,53,44,46,62,79,97,108,,104,154,92,222,92,46,74,105,44,35,66,73,44,23,78,29,20,189,69,75,76,101,102,79,42,84,75,80,100,45,106,92,114,100,105,78,90,93,70,90,81,77,69,46,86,64,58,,38,41,45,43,46,62,92,84,106,114,72,83,54,36,52,31,69,95,72,95,97,90,95,84,106,77,51,90,70,80,73,101,14,84,66,61,100,87,68,69,122,109,79,108,114,69,61,82,85,52,36,86,40,94,88,81,78,47,54,62,47,113,120,133,117,119,81,93,92,79,79,81,74,51,79,73,83,107,103,92,81,86,50,54,80,78,87,76,,64,65,76,66,69,68,,70,78,8,8,71,80,86,82,120,122,132,116,108,105,51,55,39,55,92,87,74,85,103,107,107,103,62,76,91,78,86,104,97,106,110,107,60,61,64,,59,44,43,95,28,33,198,62,82,69,72,35,44,51,70,117,98,71,121,98,242,134,142,69,62,74,57,59,48,56,49,,81,102,63,57,44,97,129,120,89,73,57,50,112,,80,77,130,75,85,97,60,63,132,103,85,83,66,49,90,82,83,99,78,51,71,60,56,35,115,122,106,83,99,,95,102,107,,77,80,104,,123,123,127,101,116,122,123,96,95,,,64,56,54,47,71,72,,,53,61,97,77,56,75,80,104,108,94,84,36,26,38,59,53,78,58,74,59,104,90,169,94,56,62,,73,80,125,124,,141,90,63,36,70,30,,52,155,122,,29,43,33,23,21,55,81,48,43,68,26,33,17,12,7,49,51,44,86,69,43,84,93,59,69,69,66,129,94,93,94,91,44,70,51,86,82,80,106,111,91,104,93,81,38,40,51,42,50,72,44,19,40,53,17,26,53,41,18,48,42,50,38,39,47,20,42,38,42,53,27,,81,49,28,32,,79,89,68,24,98,53,122,134,141,146,,148,129,131,49,67,86,118,95,76,87,75,78,81,81,101,94,78,85,68,76,55,167,149,172,70,,58,97,109,106,51,,42,53,66,61,58,64,51,61,52,88,22,26,24,26,16,24,24,28,23,7,22,18,22,15,12,15,16,20,29,24,52,69,67,67,64,69,122,111,110,109,81,61,65,92,62,53,62,70,67,63,49,61,65,35,73,62,69,61,60,76,90,71,71,86,,46,59,40,33,44,58,57,55,91,78,71,114,125,99,98,92,109,105,127,42,62,88,85,75,82,79,97,,103,85,92,111,110,117,83,100,69,76,89,91,105,87,96,23,49,59,39,72,88,81,68,109,113,130,89,83,99,72,72,78,97,94,97,92,89,74,89,72,52,63,67,91,91,96,89,103,101,89,106,94,98,96,83,65,73,64,83,73,157,112,93,98,57,54,47,57,62,62,73,70,67,72,53,83,46,65,82,41,74,85,37,31,44,37,62,58,54,70,68,72,60,53,65,70,18,29,36,56,70,55,,70,89,82,29,36,60,62,74,104,99,129,81,73,63,69,74,87,72,73,120,109,108,113,75,79,79,72,44,58,58,,58,84,86,88,88,86,116,82,112,96,65,94,119,60,39,60,67,68,82,14,29,22,42,,38,55,70,64,79,52,67,62,63,65,48,59,62,53,48,40,66,64,28,33,59,,45,47,42,45,26,29,31,24,35,34,59,47,29,29,73,64,84,45,26,27,48,54,40,61,73,28,38,,14,36,31,38,34,18,24,,88,16,25,8,13,130,136,127,135,36,61,69,56,76,98,88,42,35,67,54,35,37,46,41,35,65,64,47,83,62,49,56,95,58,23,75,47,,99,56,36,20,52,83,36,43,28,24,132,106,105,,91,82,53,58,52,85,93,42,41,13,151,348,44,70,52,55,57,119,145,109,75,116,72,72,112,26,8,22,118,196,315,45,24,78,30
20160203,10,PM10,43,37,30,32,22,41,59,49,51,83,34,57,,220,295,161,191,216,263,,218,124,145,243,104,163,,101,174,135,144,149,108,79,181,209,194,178,195,158,,209,128,101,169,389,334,368,391,146,162,197,397,131,147,73,43,71,95,50,94,85,90,122,47,231,79,89,40,401,245,316,308,301,294,80,142,141,94,87,,53,171,156,63,66,77,107,262,147,132,242,217,103,169,139,132,248,217,,238,323,257,266,318,,301,159,70,71,54,70,59,92,142,80,55,151,151,134,147,116,93,140,109,128,106,105,108,102,,135,158,151,185,117,105,120,116,96,90,82,103,80,,,98,89,203,187,188,171,207,187,189,202,157,,145,110,,118,150,134,145,100,108,134,83,159,293,316,305,267,258,239,212,224,219,176,169,230,257,271,193,152,161,,155,123,157,152,113,250,281,253,270,219,278,,221,236,154,230,209,265,210,160,225,270,231,265,184,138,181,131,237,262,232,280,128,84,55,153,112,148,136,120,145,152,84,150,173,171,166,,141,152,181,70,77,73,72,123,123,100,,105,,144,160,,126,134,,76,67,64,102,93,80,113,88,91,73,,79,121,77,,112,138,182,,129,,122,37,42,33,,,42,17,34,26,133,120,94,123,90,,88,91,129,134,227,143,229,141,,,221,147,140,176,166,179,223,154,144,182,183,163,158,196,272,144,183,167,140,125,,141,,,133,,128,170,,,,,,69,,,,,56,47,44,,35,39,,41,46,40,40,41,,,35,46,53,46,40,27,42,40,47,46,50,36,52,,,35,,44,35,40,49,41,25,,39,39,,40,,41,44,40,35,58,46,50,43,48,48,54,,51,,108,,128,120,87,88,106,106,28,,30,32,35,56,68,,55,53,70,59,76,61,65,60,57,,66,98,62,84,91,97,93,92,83,,92,95,81,83,118,78,64,106,86,99,104,54,66,15,62,73,40,40,227,188,150,49,73,36,191,104,140,176,186,198,211,131,213,133,249,121,105,197,138,85,135,126,111,224,158,211,103,83,243,237,208,261,,402,269,,450,230,403,136,238,144,146,,103,,59,103,,62,60,149,106,62,110,136,74,115,128,47,100,47,66,75,253,77,100,65,152,141,156,163,171,208,60,644,219,302,267,41,38,33,22,436,287,284,329,334,325,463,,402,417,215,,220,311,284,291,307,198,313,,337,,426,215,378,390,330,169,139,,91,170,270,314,,189,,398,154,146,148,406,,362,252,223,,45,89,112,268,272,297,,58,58,69,,,36,,28,23,34,46,39,33,,30,36,34,45,47,38,42,,38,,29,30,27,52,48,45,45,44,49,,47,53,21,24,28,,27,42,,38,,,65,82,94,187,170,168,126,102,130,58,133,134,206,207,,183,230,235,285,,87,125,165,,85,266,276,140,77,251,59,37,581,81,137,132,200,126,154,45,98,113,82,89,74,148,144,173,177,125,160,,167,174,240,232,265,108,59,260,59,79,,47,57,84,158,,137,134,159,236,194,240,136,90,51,91,64,79,97,100,120,116,119,,171,133,102,59,,,109,123,,13,218,118,201,194,166,97,119,303,250,,248,220,,114,,,85,78,181,71,285,233,225,149,122,148,151,118,193,155,,144,158,149,194,137,118,96,93,111,109,,,74,91,,112,81,107,61,,,115,,134,,67,67,70,68,79,125,,81,71,7,9,116,121,119,126,134,,142,143,,115,146,128,100,107,102,120,106,118,102,113,136,139,93,108,,131,115,125,138,120,132,156,82,,69,,78,76,51,143,210,159,330,71,110,114,85,65,72,86,123,178,205,259,251,215,337,262,210,120,150,132,134,148,129,168,151,,183,278,193,151,162,175,206,285,171,326,294,299,218,,197,154,274,179,,152,168,181,319,237,359,341,107,104,217,168,258,237,231,89,131,176,214,238,125,133,85,118,104,,98,123,113,,90,106,142,,131,152,160,108,,188,178,146,114,,,113,90,130,123,102,100,,,149,184,90,92,61,119,114,164,151,124,155,71,52,,234,197,344,335,185,148,142,157,465,177,118,69,,110,115,175,213,,252,184,188,55,91,54,,129,217,177,,79,79,75,,44,84,139,80,85,179,25,18,16,24,20,54,56,41,118,150,86,237,199,59,169,94,142,243,147,161,150,89,52,94,,92,98,96,175,180,221,275,171,151,121,114,60,92,106,156,46,21,84,216,38,241,255,48,18,118,97,84,72,74,105,50,262,147,119,98,72,,290,87,,44,29,110,110,209,22,97,116,119,137,161,136,,288,214,,55,115,113,148,107,117,128,118,263,138,96,90,124,123,107,,75,57,187,190,172,96,,68,124,120,135,67,,72,79,84,93,86,96,66,99,66,120,35,,67,44,14,25,34,35,41,,,,54,22,,33,34,45,53,46,53,74,82,89,57,67,134,120,111,113,113,124,114,150,96,47,85,83,,77,62,72,86,89,80,67,76,58,71,118,133,107,98,116,,87,85,77,85,84,100,104,112,114,95,90,197,234,194,212,,201,188,173,120,121,,225,146,195,197,155,,140,151,115,137,145,157,91,188,156,159,103,147,115,93,109,43,92,108,82,116,118,95,,102,118,164,172,125,157,106,121,135,104,120,97,118,131,94,,101,98,51,,79,55,,,,100,,,,,125,,93,118,75,116,87,,119,110,110,89,81,104,72,111,100,103,127,133,152,,112,91,71,100,92,85,132,49,44,57,52,77,66,58,84,73,91,66,79,77,81,34,49,36,90,87,69,,,78,109,72,68,79,83,165,127,131,182,123,85,84,89,105,97,84,,82,75,88,94,,103,105,114,56,77,73,,83,126,112,116,246,177,160,143,174,161,102,165,187,70,93,105,103,101,111,40,,28,38,,63,89,122,110,148,32,54,55,34,,50,51,51,53,39,68,78,102,37,46,88,,53,,90,55,28,39,,42,61,94,69,61,45,38,,27,42,,29,92,70,,43,53,68,40,70,,24,35,,190,322,,12,,251,30,96,13,,,163,,195,60,129,98,83,94,,102,56,57,77,91,48,57,64,151,76,113,172,110,131,194,207,106,,194,67,93,93,,150,124,85,173,123,155,77,96,101,34,,186,153,96,121,91,124,198,97,181,171,91,76,30,286,431,90,136,62,67,114,145,151,90,202,259,81,,106,29,,14,154,337,410,120,33,126,41
20160203,10,PM10_24h,47,25,46,41,25,42,51,49,45,52,44,65,,144,117,84,103,110,128,,105,98,131,108,88,127,,112,110,111,103,122,94,63,116,121,115,115,116,107,72,111,99,102,102,206,193,233,218,199,256,209,230,237,259,40,42,44,50,33,56,65,58,63,40,132,78,68,72,172,182,189,169,188,164,89,127,126,125,88,,49,103,125,74,93,80,119,111,112,108,176,106,83,98,85,135,148,155,,202,232,114,201,213,,183,99,84,60,76,64,60,77,63,77,45,174,145,140,129,112,97,131,140,115,140,107,122,135,,163,159,178,194,132,135,125,158,116,104,108,97,129,95,89,102,106,174,167,180,158,200,174,164,192,160,135,162,136,169,154,185,152,140,120,114,125,104,131,138,161,127,124,181,159,180,189,180,174,166,214,202,217,171,145,183,,154,159,174,160,178,176,190,180,193,190,209,,166,186,166,159,181,188,163,143,187,171,195,173,128,98,114,90,180,200,197,210,105,77,52,113,84,115,109,106,130,119,68,114,126,129,119,,100,111,128,77,90,76,80,103,97,93,,97,,131,128,,113,88,,114,104,86,90,82,75,94,93,100,75,90,82,117,78,117,113,124,163,119,113,102,110,28,30,30,23,19,32,23,42,32,122,109,87,111,92,72,58,103,120,136,191,140,177,133,,149,176,80,120,108,117,113,161,140,140,133,132,123,118,131,133,119,113,103,88,109,150,151,142,146,151,136,136,161,,125,120,143,112,95,148,116,142,115,83,41,39,,31,34,31,38,39,38,36,32,38,32,26,34,28,31,35,19,31,28,34,36,42,30,40,19,36,29,40,36,28,26,58,32,31,33,30,32,,32,,32,31,30,29,34,35,34,40,31,32,34,35,30,,87,,94,100,82,79,94,108,17,28,29,30,32,65,84,73,66,76,73,60,68,73,77,76,64,,78,72,76,75,115,103,98,93,94,,99,122,80,83,91,79,91,76,84,97,107,79,61,42,102,81,114,98,158,140,102,65,110,72,126,102,104,125,140,158,172,142,171,109,203,135,100,163,141,93,112,117,92,137,145,155,74,103,123,142,89,104,,388,425,,450,312,418,130,191,136,140,,163,172,137,164,153,63,116,203,110,73,91,128,104,92,114,61,66,35,41,57,131,95,112,95,130,119,142,150,83,77,47,113,111,101,131,35,33,29,26,192,162,156,198,209,202,199,,293,272,193,,199,190,173,192,167,147,188,,208,101,235,187,265,320,199,92,87,,57,98,139,173,,137,,180,166,168,167,218,,278,154,146,,64,88,79,167,132,139,,46,44,56,52,50,31,32,33,24,30,39,31,30,34,25,29,26,37,32,30,27,19,25,17,23,20,20,41,35,42,25,27,32,39,36,32,15,19,21,26,26,31,30,33,24,29,49,53,54,187,172,179,100,81,94,58,93,91,139,163,,148,210,168,273,100,92,111,109,43,80,150,162,103,50,124,51,38,282,105,126,126,171,160,130,57,115,167,141,130,100,161,119,178,166,160,130,110,110,101,118,119,113,88,75,151,92,76,,47,56,68,81,57,83,132,130,149,187,95,88,78,47,66,50,78,110,92,127,116,116,126,120,128,110,90,132,,98,103,113,20,128,96,136,153,123,81,99,168,191,135,182,179,111,132,122,105,77,55,141,89,145,132,114,96,86,98,120,80,154,156,110,141,155,122,160,119,115,91,104,104,160,88,82,107,117,161,90,134,104,58,66,59,77,89,94,,68,71,75,68,89,83,,92,89,15,15,85,108,107,108,140,136,148,138,119,122,86,107,70,82,104,118,104,106,125,128,125,138,95,109,103,98,123,128,141,131,131,172,82,68,74,,70,68,59,124,179,134,235,99,99,95,97,61,71,81,115,132,147,201,169,175,337,186,163,100,101,101,84,107,90,138,139,,132,154,164,81,121,138,219,215,175,209,204,212,159,,126,117,181,136,112,129,89,95,166,133,139,127,88,78,125,117,130,138,119,72,93,82,90,84,158,155,143,125,132,,108,137,143,167,130,131,117,,165,176,168,107,112,148,150,135,129,,,111,97,103,89,95,96,,,94,92,131,105,68,129,117,145,127,115,137,52,57,51,146,129,145,170,128,109,130,122,224,131,85,92,,92,116,137,157,,195,153,123,43,84,63,,104,234,168,,64,73,55,35,31,78,129,78,56,90,52,53,26,18,12,74,70,57,134,117,69,130,123,87,122,89,132,173,129,133,131,67,59,85,51,102,99,106,127,131,141,200,118,103,64,63,63,62,65,79,41,28,54,82,29,38,95,90,18,62,54,60,52,58,69,19,108,85,54,64,52,,153,54,30,30,30,125,116,86,33,119,146,140,160,158,161,,176,156,,82,86,129,141,115,103,112,106,136,102,110,117,125,100,88,76,86,84,207,164,196,87,,67,112,119,119,70,,57,67,72,79,84,78,56,97,85,113,33,27,35,33,22,28,30,35,29,11,21,17,38,17,17,21,22,24,39,34,69,91,115,90,75,91,150,136,142,136,100,125,100,114,82,56,74,82,70,74,61,70,77,70,79,72,80,71,80,109,128,90,88,113,,98,106,95,104,71,80,92,94,120,100,86,147,173,137,144,172,230,195,190,114,114,98,134,110,126,127,159,,151,169,131,154,137,172,116,148,99,105,111,126,125,107,113,34,66,72,58,97,108,104,97,126,150,183,128,122,123,115,114,117,120,123,122,126,148,117,94,88,89,81,82,107,111,113,105,116,118,99,115,114,119,110,,90,95,112,119,109,127,143,153,136,81,71,88,72,98,90,100,117,114,136,69,100,94,81,105,73,107,138,39,33,52,43,74,66,61,78,71,80,64,67,66,79,37,52,44,65,77,61,,69,107,103,65,65,66,67,142,132,108,163,103,91,85,97,93,101,94,95,142,132,148,160,82,97,95,101,55,78,71,,89,104,104,105,138,115,174,145,177,162,95,138,139,77,76,90,98,106,108,24,38,35,42,,44,67,102,78,105,71,98,89,91,70,66,65,70,62,67,84,79,87,39,53,77,,54,84,52,66,48,41,42,34,54,91,71,70,40,42,120,88,134,59,40,69,65,62,46,87,79,35,51,,27,66,,155,194,66,56,,131,34,39,19,15,133,154,127,165,65,111,100,90,94,118,103,67,54,86,98,43,50,63,109,71,104,109,71,114,163,175,80,104,86,53,86,69,,135,114,54,103,81,116,63,78,60,43,133,145,129,107,104,95,92,121,76,146,147,108,88,33,355,488,97,131,109,131,151,185,188,181,207,210,81,85,104,42,20,27,171,308,376,73,33,87,36
20160203,10,SO2,21,23,10,15,9,25,46,14,12,34,24,33,,120,150,114,83,58,109,,85,70,63,70,41,73,,155,156,267,176,143,140,116,57,60,42,72,77,66,78,225,116,130,121,137,152,190,151,118,69,121,154,104,70,34,40,57,97,25,35,37,32,104,41,87,42,39,32,371,167,171,98,110,149,83,122,160,96,51,,133,174,221,81,75,119,312,45,192,47,222,76,34,158,26,80,106,167,,150,718,229,198,840,,649,244,100,83,158,54,25,36,130,189,28,176,87,72,58,114,60,57,87,50,72,103,120,65,,135,213,28,144,122,76,116,114,27,33,25,38,17,28,24,39,38,,32,35,44,38,29,28,18,16,29,28,38,46,19,29,41,32,28,25,38,26,29,98,124,109,77,253,62,41,26,86,34,33,59,48,60,50,36,21,,38,36,38,34,49,46,35,62,46,35,51,,67,53,36,39,51,36,124,35,37,28,37,65,36,50,48,38,38,38,39,34,15,11,9,11,12,22,14,12,24,8,13,22,22,32,28,,24,27,24,6,4,5,9,24,24,25,,22,,28,37,,21,24,19,14,9,8,9,20,6,21,9,12,10,10,8,78,46,47,27,68,20,53,49,6,8,6,15,6,8,7,5,2,5,3,31,44,22,21,37,23,12,25,25,41,100,50,81,68,,64,69,9,71,82,101,80,84,90,64,99,132,64,155,116,40,80,173,92,88,20,39,44,50,37,113,43,40,48,4,4,14,6,13,7,10,8,52,12,3,3,2,,11,1,4,6,2,6,4,6,5,5,4,5,9,8,6,5,6,1,7,10,14,13,8,6,7,6,4,5,6,10,11,10,13,16,15,5,,3,,6,5,11,3,9,6,5,4,5,7,2,6,9,,19,,17,21,17,14,10,19,5,2,3,3,10,5,6,7,18,9,23,11,8,12,18,22,5,,12,18,23,17,10,12,18,7,10,,10,11,43,53,38,26,26,69,58,34,47,13,15,5,8,25,15,10,12,13,9,5,16,11,81,29,25,41,10,96,30,44,19,47,33,23,18,43,33,11,41,49,30,63,24,17,185,229,349,316,402,466,,13,17,,20,58,10,254,146,225,163,,19,9,15,11,29,27,84,21,3,83,184,82,39,182,139,46,37,25,18,33,84,112,79,84,231,102,87,225,74,55,102,,296,183,175,8,5,7,2,230,169,153,134,133,138,95,,76,89,60,,71,112,69,57,197,125,157,,169,132,281,119,120,33,143,46,63,,64,52,54,345,,176,,262,67,63,60,119,,123,96,72,,59,59,74,175,165,182,,18,11,8,10,15,22,45,17,8,7,8,11,3,14,12,12,11,15,6,7,55,6,2,5,7,7,8,4,3,6,5,5,6,9,9,16,7,9,3,3,2,8,,22,13,21,18,9,8,47,37,44,75,239,162,78,260,309,347,295,,148,219,77,117,114,132,66,95,154,151,393,258,354,68,346,168,127,170,125,189,156,90,70,102,40,100,104,45,37,38,189,159,,222,199,196,135,92,158,144,437,557,111,33,156,73,38,,20,15,93,265,17,321,62,125,165,124,34,36,24,26,36,32,30,28,47,9,32,14,24,13,5,22,10,16,2,25,50,15,6,102,82,94,124,128,232,39,131,210,129,172,194,72,52,47,80,106,114,91,80,274,93,209,70,85,81,145,57,12,17,7,14,23,55,65,43,12,17,13,41,5,16,18,28,5,23,11,10,10,2,7,20,19,12,21,,8,11,6,9,20,14,,23,16,2,4,5,9,11,8,17,21,9,16,8,19,20,42,34,23,6,23,13,16,10,30,41,31,5,2,7,3,9,9,8,4,18,8,40,22,50,,48,12,19,34,30,17,5,49,111,47,51,41,49,103,115,33,13,41,42,41,58,49,32,12,80,74,19,28,16,65,5,,285,327,253,96,5,4,7,2,6,18,3,12,130,,85,47,124,137,79,68,71,59,232,93,171,121,74,58,26,52,148,145,35,41,43,48,57,68,27,20,40,37,33,,30,20,26,,32,24,33,,57,55,66,36,24,42,43,28,30,,,15,4,11,8,15,11,,,136,62,7,15,13,50,23,112,38,33,43,9,12,10,266,473,198,306,501,304,425,357,555,452,221,47,,36,113,217,235,,339,305,44,92,24,108,,116,133,103,,41,47,13,13,4,13,232,18,33,78,10,8,5,45,78,67,47,16,126,236,199,268,235,23,77,46,102,173,102,111,152,173,44,87,135,88,95,97,107,93,181,204,198,179,29,34,17,41,69,83,28,30,53,41,29,27,37,77,9,16,27,35,25,33,36,9,78,27,21,37,19,,,38,46,42,34,144,120,49,15,13,25,4,33,47,30,,5,60,58,62,12,45,25,53,16,8,15,38,10,10,25,2,16,37,8,5,4,9,17,22,42,,18,42,16,56,14,,25,14,,33,9,5,7,16,10,19,3,2,9,8,3,7,6,6,6,,10,17,11,8,5,9,8,8,11,5,2,4,7,5,36,2,18,36,16,6,6,19,37,41,18,44,41,44,22,33,13,24,26,25,19,5,13,47,13,22,17,7,58,24,,12,7,16,32,6,21,20,20,88,115,77,52,109,81,115,44,48,44,54,49,54,51,44,86,85,46,74,,43,65,59,29,34,24,34,34,94,159,26,27,24,168,5,20,13,17,41,97,116,39,22,16,12,31,117,22,55,75,26,22,4,6,2,64,7,5,29,15,25,9,13,17,8,22,8,10,13,7,17,9,28,15,2,4,34,55,29,5,15,26,6,32,13,10,17,10,10,52,120,120,164,8,25,65,21,18,4,9,20,30,14,36,12,5,7,6,3,35,13,23,19,18,18,25,8,5,14,11,35,16,,16,17,20,20,14,7,14,14,22,32,17,16,8,5,5,11,8,25,25,7,10,10,9,3,9,19,8,27,9,6,,11,10,17,5,28,33,7,21,10,8,1,4,10,8,5,21,14,29,21,12,12,8,15,,9,25,39,43,59,7,7,6,12,,21,42,37,25,27,13,26,16,32,13,24,,20,53,44,12,39,8,8,5,4,13,12,2,13,15,4,5,10,3,4,2,4,10,15,7,6,10,6,,4,8,7,6,7,12,2,58,93,8,43,11,8,21,24,14,22,30,60,112,67,23,58,29,15,19,28,24,18,120,31,135,178,313,330,83,63,18,33,17,244,218,260,45,21,,12,24,74,53,24,130,12,56,4,38,148,345,160,23,105,73,46,91,46,30,21,2,3,3,52,55,24,34,16,6,3,8,8,6,66,142,43,49,58,3,5,8,14,14,21,25,10,379,3
20160203,10,SO2_24h,21,12,13,16,13,14,30,12,10,19,19,29,,57,57,46,35,22,56,,34,43,44,43,17,55,,106,89,62,102,95,87,56,47,51,42,57,58,57,74,105,59,82,67,117,92,170,117,134,121,106,120,108,140,37,33,40,55,28,28,23,22,36,28,42,40,41,50,122,92,126,86,81,81,117,117,157,124,58,,112,120,148,124,130,104,320,51,96,47,81,62,30,68,24,82,81,75,,138,314,111,138,354,,220,153,124,108,113,91,50,93,62,91,14,172,154,76,85,115,42,47,49,30,50,59,61,56,,129,166,32,119,128,65,76,87,31,30,30,30,24,29,27,30,32,23,28,30,38,31,22,29,19,22,22,26,27,31,19,24,31,26,30,26,32,26,21,50,50,79,40,82,54,39,35,51,46,19,29,18,28,27,31,40,,28,31,37,34,38,33,27,33,38,32,42,,30,42,35,23,27,24,43,31,42,31,39,63,26,20,26,26,41,39,39,33,12,12,10,14,8,15,17,17,24,11,11,24,19,31,25,,20,23,19,6,3,5,11,23,16,22,,17,,20,35,,14,15,11,17,16,10,11,15,11,28,10,12,9,11,8,36,27,25,19,29,10,30,32,4,30,6,11,5,6,6,5,2,4,3,23,22,16,18,25,21,10,25,22,40,89,42,72,70,,77,58,9,67,53,62,48,59,76,52,81,49,34,59,69,30,43,54,38,48,12,17,27,21,24,22,23,26,22,19,10,17,11,14,16,16,18,62,12,8,3,2,,10,2,4,4,2,6,4,13,5,5,5,5,9,8,6,4,7,1,7,7,10,10,6,7,8,7,4,5,4,7,8,6,6,11,9,7,,4,,6,5,11,3,7,5,4,3,4,7,2,5,8,,16,,14,16,14,12,10,15,4,2,2,3,10,6,14,12,22,19,19,13,12,18,23,21,14,,20,19,17,16,16,10,19,10,11,,11,17,28,44,44,28,52,48,50,30,39,14,9,10,6,24,13,5,12,14,8,6,11,7,35,31,27,37,9,45,29,37,16,41,33,26,17,34,34,20,32,41,31,50,31,19,82,97,138,113,90,113,,6,10,,21,40,12,73,31,53,51,,96,46,32,23,46,27,15,78,6,61,81,67,53,67,82,69,50,25,18,43,64,76,62,73,104,81,88,152,49,50,30,124,95,89,156,7,5,7,2,110,77,99,84,100,83,57,,106,88,58,,68,60,40,41,111,116,93,,114,87,88,69,61,43,61,35,59,,48,34,48,114,,84,,99,66,66,68,77,,107,63,46,,50,39,45,107,108,82,,17,9,8,7,13,17,17,11,8,6,8,5,3,9,7,10,6,10,6,7,11,5,2,6,7,7,7,4,2,6,4,5,5,6,7,13,6,8,4,2,2,5,4,40,16,24,10,8,8,49,43,53,42,163,103,57,227,187,253,255,,199,259,58,85,75,122,53,98,82,101,195,169,220,59,184,54,51,172,114,122,96,125,81,126,59,83,92,51,55,42,140,117,168,102,163,109,62,112,118,76,165,211,61,35,78,50,35,,18,56,102,55,15,75,37,61,81,67,16,43,23,26,41,29,18,25,37,7,33,24,33,18,15,38,40,37,29,40,23,41,27,90,65,65,84,67,72,35,112,164,105,136,148,53,72,48,58,69,82,61,75,39,41,41,56,65,47,79,40,15,17,11,20,20,56,97,52,21,23,18,36,21,17,18,29,16,27,10,5,11,9,3,20,16,17,18,,8,11,7,8,18,21,,29,13,3,4,6,9,11,9,19,31,17,32,21,12,27,92,38,52,8,19,11,14,8,10,13,8,7,25,11,9,8,7,7,14,27,6,35,24,28,,35,15,24,12,26,16,13,40,51,35,39,32,35,78,155,22,14,27,24,26,35,37,22,14,37,36,21,66,23,81,21,,184,252,148,76,5,5,6,2,9,23,4,13,89,,39,40,121,76,50,42,38,40,125,63,79,45,55,41,16,42,67,80,18,23,26,35,31,42,27,20,41,32,32,,31,17,27,38,29,27,33,,45,44,56,28,19,29,27,22,22,,,12,6,11,10,13,12,,,63,129,27,19,16,45,24,44,33,34,36,8,9,7,182,181,145,187,198,159,206,235,353,233,123,62,,36,126,188,171,,231,263,46,62,35,77,,150,264,189,,42,47,18,8,4,30,154,24,26,62,36,15,7,32,26,37,42,32,97,105,129,134,78,40,68,57,81,134,69,85,82,181,38,78,43,84,73,70,62,59,86,134,103,104,40,24,23,22,22,32,9,31,20,44,18,14,21,42,7,33,26,30,21,17,23,9,34,22,9,37,15,,,35,53,46,39,104,70,53,25,22,27,6,35,46,26,,5,26,30,29,7,42,42,51,52,28,25,45,37,44,57,2,37,46,12,7,12,7,23,18,50,,23,39,15,54,15,,18,15,32,33,24,24,16,21,12,26,2,2,6,5,2,8,10,6,6,,10,16,7,6,4,6,6,5,9,5,5,6,6,7,6,6,19,36,21,5,3,11,23,22,14,48,19,26,19,18,14,23,18,18,28,6,19,17,9,17,9,9,26,20,,15,15,12,13,27,12,18,13,69,76,63,65,86,70,94,59,64,59,65,40,34,37,40,68,77,34,63,,27,47,28,32,45,43,47,31,49,53,10,16,9,78,2,12,9,25,19,58,57,31,24,30,30,50,61,30,49,30,22,17,14,19,6,8,8,8,34,34,32,7,9,14,16,16,15,16,15,12,26,15,24,23,3,7,29,35,35,11,16,18,5,25,13,14,18,10,10,28,19,48,55,16,21,26,23,8,8,5,19,20,12,38,9,5,6,5,4,32,12,20,18,21,20,27,8,4,12,6,13,16,,10,14,17,21,15,8,11,15,32,17,19,11,11,6,12,15,8,26,24,13,14,15,18,18,12,11,7,31,13,12,,16,8,4,14,8,20,12,25,12,6,3,4,7,7,5,17,14,21,17,12,14,4,17,,9,19,24,23,43,9,14,5,25,27,36,45,46,56,28,13,20,16,33,12,24,,21,31,8,18,44,3,8,5,3,12,30,2,14,14,18,22,22,17,4,3,7,8,13,7,6,2,8,,5,6,7,5,6,11,4,60,41,11,20,10,7,17,21,15,23,25,85,89,66,11,39,19,28,28,39,22,19,68,32,75,49,75,99,55,46,31,13,15,183,58,74,60,18,,20,36,39,36,25,38,14,39,4,34,191,165,167,28,152,77,19,32,14,22,16,8,7,2,29,51,23,33,17,26,2,12,12,11,54,93,44,30,38,6,34,56,13,14,19,32,10,199,3
20160203,10,NO2,60,18,61,76,74,77,82,57,23,61,62,68,,98,109,104,118,114,101,,108,102,79,114,74,79,,64,87,62,84,79,70,41,89,80,75,93,76,91,47,77,77,84,87,122,123,123,106,72,58,78,116,72,111,17,35,49,55,17,69,48,56,52,25,92,79,27,71,208,124,124,101,96,94,68,67,82,74,23,,13,34,34,37,31,38,60,49,39,58,92,50,60,68,41,46,66,76,,59,120,82,87,113,,107,98,60,54,42,40,25,64,48,79,14,78,58,63,54,75,23,21,42,31,36,41,52,94,,93,83,82,72,80,40,68,54,49,63,73,69,46,66,29,74,46,,102,113,93,102,77,62,96,100,41,72,84,70,64,71,78,107,49,72,54,46,63,74,24,51,99,70,123,85,90,81,55,86,69,24,22,99,57,96,,63,81,82,67,83,92,92,111,87,50,99,,39,69,57,55,77,70,82,66,57,91,55,26,45,63,49,58,58,29,85,93,48,44,11,42,51,52,73,53,59,42,31,66,58,43,62,,34,67,65,24,25,36,20,45,56,63,,46,,72,76,,30,30,21,12,10,16,37,28,26,31,11,7,25,26,17,116,79,94,95,108,17,66,21,18,19,17,17,26,23,21,20,4,27,30,48,35,36,1,34,59,21,39,41,18,64,72,103,74,,54,55,33,51,110,92,37,49,110,64,102,81,84,69,68,96,91,76,76,59,38,62,73,58,43,59,58,47,86,19,25,66,16,44,21,35,41,22,46,15,42,36,,16,23,30,13,42,6,29,7,29,37,33,40,23,19,48,19,20,15,19,25,40,23,25,28,24,24,26,25,14,25,8,32,6,21,23,17,,19,,19,18,15,18,17,18,14,16,17,8,29,18,13,,39,,62,36,39,23,42,24,6,12,14,13,6,13,46,48,52,43,29,36,35,54,55,49,44,,63,38,48,59,41,55,54,53,50,,64,34,39,51,60,18,15,61,50,34,41,33,37,3,25,31,44,50,8,59,60,4,48,27,63,81,74,71,43,61,82,75,51,71,35,85,39,109,73,22,70,61,69,74,50,15,31,58,44,68,66,78,,103,84,,123,109,58,55,50,64,61,,41,19,16,30,28,9,13,49,29,55,70,58,25,67,75,46,24,35,39,37,67,66,53,46,47,53,43,66,73,76,39,69,90,117,67,24,27,23,8,99,99,122,101,93,86,68,,85,75,46,,71,70,46,42,83,98,96,,98,63,65,44,51,67,44,74,88,,44,57,84,76,,105,,89,73,52,34,113,,110,72,75,,34,45,49,81,106,97,,30,11,16,11,12,16,25,23,10,14,16,20,16,11,18,7,19,17,20,23,16,24,13,17,11,10,9,20,17,13,23,22,25,19,24,20,9,11,14,4,10,14,,9,8,20,26,31,30,50,34,36,32,58,39,32,29,39,77,58,,106,65,24,71,49,62,12,25,96,27,94,62,9,18,116,51,30,57,52,80,77,91,33,69,16,69,49,27,43,27,81,70,90,72,74,77,20,30,52,54,67,98,81,32,84,50,46,,8,31,66,56,29,50,28,42,45,62,27,24,30,23,32,49,42,55,32,32,47,49,45,42,53,43,43,36,29,38,40,12,4,79,53,77,69,44,41,29,79,86,57,96,65,66,43,56,78,72,59,55,39,93,95,69,72,59,50,51,33,38,60,44,16,39,45,51,43,13,44,28,22,50,24,47,18,24,32,1,35,27,23,16,14,46,20,43,,16,13,21,12,26,14,,25,16,10,10,44,54,42,47,30,32,35,45,23,23,34,31,22,35,31,45,41,58,27,55,53,78,20,36,45,23,16,24,29,41,22,21,57,20,31,,33,22,29,59,63,73,83,43,71,63,41,21,34,38,64,50,51,64,60,64,60,58,68,45,62,71,49,36,9,48,29,,23,67,37,20,37,19,8,43,27,39,14,15,89,,71,27,92,98,79,117,202,89,105,72,156,97,55,41,81,18,77,59,44,38,67,75,37,73,44,50,52,51,45,,39,78,61,,49,65,37,,62,74,66,47,51,82,66,39,41,,,39,56,38,29,22,29,,,68,46,19,28,14,34,53,57,44,40,31,29,22,36,68,78,66,52,79,49,80,75,95,40,62,19,,19,22,76,49,,84,122,44,21,19,22,,12,66,46,,25,40,16,50,29,22,85,20,65,73,15,6,6,11,21,20,42,9,41,70,31,70,44,23,70,41,72,66,52,49,70,34,20,24,62,49,45,37,64,59,77,65,58,42,26,23,19,14,47,79,11,13,48,40,21,27,66,59,18,28,23,37,15,55,33,17,66,36,47,38,11,,113,16,29,23,9,49,56,32,5,28,36,20,55,76,41,,19,47,57,69,59,82,93,68,56,79,77,66,70,20,54,16,93,62,44,23,29,34,95,74,39,,35,79,42,31,43,,40,16,,37,26,47,41,66,59,37,36,6,29,20,4,9,12,13,14,1,9,10,15,8,15,19,21,17,23,22,4,2,12,19,22,1,14,26,9,12,11,22,38,34,42,14,34,11,28,24,7,13,27,17,24,23,36,28,29,25,38,29,46,35,,35,29,34,33,15,22,34,23,89,70,86,40,100,81,79,47,81,57,48,64,54,64,59,120,71,68,47,,30,41,62,40,29,34,42,90,105,63,41,27,59,39,58,10,38,40,60,33,53,34,26,35,30,53,105,43,68,78,46,42,22,27,16,22,28,16,66,32,23,22,20,30,20,43,29,41,45,11,37,25,37,29,39,64,49,59,55,15,15,37,27,20,21,13,24,14,26,38,33,32,36,29,31,65,4,25,29,17,34,28,10,13,17,19,34,12,12,23,18,33,13,17,30,32,10,27,24,11,21,13,,13,16,42,30,32,16,14,55,47,55,56,6,23,18,34,19,22,36,23,23,53,39,41,10,29,44,41,12,38,44,,28,25,39,48,50,61,8,43,51,22,17,35,40,23,12,20,29,23,24,21,19,20,29,,14,43,37,45,53,21,20,29,26,,20,17,27,21,31,13,43,23,17,19,64,,17,87,45,20,24,3,8,18,19,33,38,30,14,19,6,5,6,13,11,,10,9,17,21,31,,10,,22,14,18,29,38,23,5,16,33,15,66,11,14,40,44,57,41,28,55,64,57,17,33,33,27,39,35,18,6,87,68,47,55,59,58,81,59,43,71,19,35,73,64,46,46,,49,43,50,57,23,18,15,27,13,19,36,55,65,17,25,32,28,46,31,62,79,13,21,3,94,118,34,10,28,21,8,57,61,45,52,9,66,50,45,27,3,58,87,77,85,27,28,78,47
20160203,10,NO2_24h,58,11,58,73,62,65,70,37,27,48,57,55,,73,70,73,79,81,76,,76,78,66,80,59,71,,60,63,50,71,64,63,25,73,75,61,83,68,82,49,56,61,69,63,93,97,110,92,99,96,92,90,95,142,14,25,26,36,16,47,51,55,37,28,72,70,59,81,105,79,80,63,70,68,70,73,77,74,33,,23,39,38,47,35,45,66,51,39,57,63,45,61,60,43,58,61,60,,62,98,44,82,85,,73,61,70,53,51,40,35,43,27,60,9,84,72,80,64,76,24,30,58,45,55,39,51,100,,123,104,92,54,111,51,70,67,43,77,70,70,62,64,66,61,61,70,80,95,70,92,58,34,76,92,44,76,96,76,78,74,84,80,54,54,50,44,42,52,22,32,57,74,86,57,85,69,60,68,60,18,20,78,38,81,,48,81,77,69,83,76,62,89,76,50,71,,43,67,70,33,63,54,69,57,49,54,69,20,38,46,35,52,66,26,57,67,52,52,15,62,30,62,63,58,62,48,23,61,57,52,53,,33,50,52,22,22,38,22,41,41,52,,43,,61,47,,26,31,20,33,24,28,36,29,24,24,12,17,26,18,18,119,78,94,82,105,15,77,21,18,17,9,13,20,21,16,17,8,26,26,50,28,18,21,34,49,15,52,39,14,59,49,90,68,,66,50,23,45,64,44,27,27,79,10,83,76,70,61,74,53,59,67,65,40,43,77,86,68,57,70,71,69,76,17,39,68,30,42,46,44,58,45,47,18,39,29,,16,23,30,12,40,7,29,17,32,39,35,37,13,18,45,15,21,15,18,23,44,20,34,17,25,15,28,30,13,22,7,33,23,20,26,17,,14,,20,16,16,14,18,16,10,14,16,9,21,19,11,,30,,54,23,21,23,30,30,6,13,10,16,7,26,54,48,52,44,49,35,44,40,69,55,36,,67,48,49,52,44,44,48,42,48,,57,39,19,31,24,16,26,39,33,20,35,31,31,10,20,33,56,47,8,49,41,10,24,24,76,64,69,84,37,78,78,80,56,65,34,79,46,80,79,24,68,60,59,45,50,12,20,56,40,41,42,49,,91,77,106,112,95,52,50,46,54,54,,49,44,34,41,41,10,23,46,26,51,55,53,42,59,60,50,39,23,31,46,52,52,55,44,38,47,44,60,67,56,31,35,55,73,49,20,24,19,12,71,73,89,76,78,65,44,,76,70,48,,69,57,42,43,65,86,68,,66,59,57,52,47,48,34,50,64,,38,47,56,50,,69,,57,60,58,36,89,,94,66,71,,43,37,48,70,75,62,,16,11,13,9,17,16,22,19,13,13,20,17,16,10,14,7,16,19,18,19,6,19,9,19,9,9,9,19,15,12,22,20,25,13,20,17,10,11,13,7,12,16,17,20,20,19,18,27,23,45,32,40,28,56,44,27,38,43,66,45,,95,59,25,61,37,62,14,28,71,27,72,51,16,16,48,24,17,64,50,62,61,84,60,69,34,66,62,51,60,42,72,68,59,54,78,77,45,48,61,48,52,66,56,40,56,49,40,,10,39,57,36,29,20,31,48,41,62,17,30,33,26,37,41,52,88,48,67,56,58,57,55,32,41,46,50,17,25,30,18,4,69,57,68,73,46,7,38,64,78,55,77,72,55,41,54,56,61,50,53,33,54,59,51,50,62,46,50,37,39,46,44,18,39,61,73,41,16,36,45,23,37,20,47,22,29,39,2,26,26,12,11,12,30,15,26,,14,10,17,11,27,18,,26,20,15,11,26,42,34,43,37,32,40,43,39,20,42,34,26,28,30,26,38,43,18,23,34,78,16,28,37,14,29,19,27,55,33,33,29,20,20,,30,30,22,59,64,69,81,42,62,45,36,30,44,39,80,31,39,56,52,61,60,51,59,36,52,57,51,25,9,23,35,,24,59,39,20,36,16,10,47,34,48,47,28,70,,31,35,76,67,48,72,140,50,69,52,78,50,49,50,51,17,66,52,21,23,36,43,21,32,46,61,40,56,65,,34,59,72,87,64,56,38,,63,82,68,59,46,75,69,39,33,,,28,57,38,27,26,32,,,43,48,40,38,21,45,53,42,45,31,24,31,34,43,66,60,57,51,55,39,56,58,54,34,49,23,,20,27,74,54,,63,120,37,18,15,26,,17,74,61,,31,43,27,22,18,31,60,27,35,67,29,19,14,9,14,25,31,12,37,45,33,48,34,35,51,39,55,62,47,45,58,39,27,32,35,65,52,55,46,49,65,69,48,50,26,18,24,14,32,46,17,13,58,48,13,15,32,31,16,21,24,30,15,38,32,22,41,45,27,40,10,,37,14,32,19,11,56,43,43,14,32,52,21,53,57,46,,16,54,44,46,31,96,68,52,51,43,43,57,49,46,63,16,83,64,40,22,14,32,70,70,41,,31,63,39,20,34,,26,16,69,32,28,51,28,62,35,68,26,9,20,12,11,12,14,14,12,2,13,11,14,9,14,15,14,11,11,18,5,8,11,14,16,8,18,34,24,17,8,20,25,23,33,19,29,12,26,26,7,9,28,17,23,22,28,23,26,20,33,21,34,32,,29,27,25,35,10,19,37,19,84,67,68,27,70,60,49,49,101,57,49,53,46,47,46,43,42,47,53,,36,39,55,33,21,40,35,56,42,45,36,20,32,36,42,7,30,30,33,25,38,39,22,47,36,50,52,46,49,24,67,50,43,45,15,21,22,21,48,23,22,20,21,33,29,50,31,42,42,11,25,23,27,25,46,55,37,52,55,18,16,30,20,24,12,15,26,14,20,20,21,24,24,21,17,48,10,12,29,7,24,23,11,10,15,18,25,11,11,17,14,29,10,10,22,14,9,22,23,8,19,14,,14,33,40,29,33,13,14,61,61,53,67,7,31,24,40,24,20,33,42,36,48,41,38,9,29,19,30,9,35,28,,18,27,47,42,48,59,8,36,39,18,12,39,42,32,12,13,27,18,20,9,14,16,26,,12,26,39,37,59,16,21,21,25,26,33,21,25,24,18,9,33,22,13,17,37,,21,58,20,17,23,5,3,13,18,22,17,18,11,16,17,14,18,11,12,,21,9,16,26,30,2,10,,20,25,19,16,21,10,4,18,41,7,14,4,7,25,48,53,46,42,67,65,64,20,34,36,35,31,34,20,6,40,45,41,44,39,32,54,51,35,47,17,28,26,35,43,21,,44,34,28,44,18,9,11,16,12,9,42,56,93,18,32,36,22,35,37,51,53,15,14,3,74,102,29,11,27,35,12,52,46,43,39,19,55,39,35,27,13,44,75,68,62,25,24,41,37
20160203,10,O3,14,58,17,12,18,3,4,28,24,24,22,12,,7,5,20,11,9,8,,9,10,12,6,16,37,,7,10,12,5,6,13,63,20,17,16,23,21,15,11,20,4,15,12,9,36,28,57,13,8,9,18,11,7,57,49,33,39,45,15,27,24,25,58,5,17,19,23,7,1,3,10,23,16,6,11,11,17,11,,22,3,5,11,8,16,12,19,12,13,9,13,15,9,31,38,19,8,,25,7,26,11,10,,10,8,34,31,35,45,71,33,30,18,56,34,55,29,41,33,80,80,33,66,80,35,39,18,,16,15,25,33,39,65,22,43,71,57,42,76,72,55,90,54,69,,11,11,8,9,15,41,8,33,55,27,34,21,36,32,33,15,52,54,59,62,49,21,51,28,25,163,16,20,23,20,54,29,31,30,36,39,41,28,,41,30,24,37,21,12,13,14,20,60,19,,30,29,51,49,31,33,53,43,18,29,36,28,48,50,46,55,78,48,28,14,40,33,89,8,36,30,18,23,33,38,52,39,30,36,40,,62,29,33,63,56,51,64,36,26,20,,37,,34,19,,69,75,78,109,109,87,24,46,36,55,100,60,43,42,38,21,14,17,14,20,10,39,44,36,43,47,54,50,30,50,62,61,16,42,35,84,52,,67,40,58,67,68,77,38,61,29,54,,38,61,56,41,15,9,38,52,25,7,30,26,17,1,16,14,6,46,,28,43,22,23,26,70,28,38,38,6,36,23,7,34,10,26,22,23,20,16,31,28,29,,41,47,42,58,30,48,56,59,38,29,50,23,54,37,49,54,49,45,38,51,32,36,37,39,48,31,33,31,40,45,52,22,27,24,29,35,,44,,45,32,45,35,35,40,40,44,35,39,40,40,41,,11,,6,26,23,26,13,21,57,47,56,42,61,64,3,4,12,4,32,17,5,6,10,9,16,,5,2,11,6,10,9,14,5,6,,9,44,44,26,14,117,102,22,37,51,23,27,26,57,34,33,29,10,34,20,17,43,43,37,16,19,13,17,14,17,10,12,19,15,18,7,18,14,20,55,6,6,4,8,28,25,45,26,23,34,20,46,,2,1,,5,4,6,18,11,16,20,,9,37,46,22,20,99,37,9,14,26,16,20,36,19,13,108,62,30,32,59,21,31,36,38,14,44,25,20,28,27,60,13,36,55,22,38,30,13,43,5,10,5,19,21,32,7,,12,16,48,,32,9,16,28,21,29,23,,17,40,33,60,39,73,67,11,22,,32,19,21,27,,15,,12,36,47,59,11,,10,13,18,,64,63,59,20,16,27,,57,71,67,69,66,17,16,18,20,23,17,24,28,25,31,17,30,24,31,23,20,12,23,21,31,34,30,47,45,48,44,37,41,62,58,66,34,22,15,15,13,11,,23,11,24,7,5,7,56,83,110,31,11,24,31,18,13,13,19,,30,10,13,12,14,31,9,9,5,20,15,7,14,29,23,21,57,4,42,18,18,20,30,28,66,18,27,57,24,45,18,20,9,10,12,17,53,47,63,51,23,27,34,77,36,70,81,,115,37,15,11,38,18,27,19,26,35,95,55,43,52,29,26,70,43,84,25,22,21,28,14,17,20,7,30,19,30,27,58,81,17,6,26,16,13,17,32,7,15,14,13,7,23,51,80,35,13,18,6,41,10,11,14,16,9,13,16,9,22,16,11,29,25,67,43,60,17,32,36,49,30,26,43,34,20,14,17,21,31,22,,61,69,175,64,,39,56,42,68,70,65,,63,75,48,47,8,9,7,9,13,2,6,3,12,12,8,12,5,11,6,4,3,4,23,23,13,37,34,19,11,2,7,14,14,16,19,19,45,73,49,,56,44,26,15,10,8,10,32,22,30,44,61,15,15,7,43,13,11,4,15,15,14,8,24,23,15,12,48,81,26,55,,22,18,12,20,86,71,31,3,33,19,33,44,13,,37,66,5,18,50,13,57,33,13,6,28,17,60,61,2,28,21,14,12,59,25,14,4,11,58,30,28,50,71,,63,,52,,64,22,14,,45,40,54,38,72,18,38,37,42,,,101,71,28,40,40,46,,,19,24,44,64,83,55,34,39,52,18,48,33,19,30,40,32,15,14,20,30,11,8,14,16,12,5,,8,8,13,19,,22,7,16,23,4,14,,17,14,10,,44,27,64,33,55,39,22,34,11,13,75,82,83,84,73,59,68,88,18,9,32,13,25,53,13,49,21,38,19,35,47,41,36,15,18,51,39,35,14,22,9,19,29,26,53,46,55,66,54,15,61,70,42,56,85,55,35,8,72,45,54,69,105,22,43,35,47,78,71,80,89,,2,93,34,51,57,41,36,21,58,20,17,42,61,23,55,,29,30,40,23,32,26,63,66,50,16,25,10,53,52,19,21,17,15,71,43,25,25,26,33,25,,30,61,19,116,18,,30,12,,38,33,,8,93,43,72,37,41,40,60,54,35,34,31,37,52,58,70,32,33,24,31,26,45,29,36,64,23,39,40,27,47,35,29,46,13,58,31,28,23,22,39,35,54,15,21,56,55,56,64,55,12,33,24,27,40,22,25,26,30,,15,21,21,28,54,78,78,67,21,18,20,6,2,12,3,55,52,44,45,31,22,37,36,43,39,62,63,,50,52,57,57,75,70,62,38,22,24,25,26,29,25,16,100,9,13,22,51,23,46,45,66,52,28,26,70,19,32,28,21,56,64,39,28,22,52,25,23,34,10,7,17,27,11,16,11,9,41,11,28,30,8,35,24,34,25,22,39,35,35,55,25,23,46,18,49,29,19,17,22,28,32,59,29,40,32,14,12,11,10,59,57,43,49,54,60,29,12,59,57,55,36,18,32,45,46,38,9,14,48,,55,59,43,35,37,43,38,6,6,6,6,17,20,9,21,13,9,5,15,32,20,22,20,30,29,8,24,40,20,23,,5,19,22,15,52,34,42,11,100,14,28,7,3,5,19,17,11,13,15,24,33,38,30,,48,9,10,7,5,147,18,9,87,,68,57,51,46,26,45,16,27,29,52,31,,79,36,16,58,83,81,56,97,27,12,17,30,55,62,41,44,44,29,33,2,,67,49,7,5,8,,,45,32,41,24,27,64,71,4,8,12,23,67,54,9,5,7,6,26,9,12,18,15,21,17,33,28,19,47,33,6,15,24,22,14,21,16,32,42,26,50,23,12,11,15,16,,9,21,15,8,56,30,46,33,10,4,31,8,20,33,56,24,18,16,45,16,6,16,12,79,11,55,44,18,48,82,48,5,6,6,12,40,16,32,23,52,93,24,6,7,4,5,21,27,35
20160203,10,O3_24h,52,89,62,55,69,52,65,78,52,68,77,69,,52,48,91,69,66,71,,63,69,39,69,45,88,,68,86,80,68,68,71,97,88,86,86,89,100,85,36,91,40,87,34,83,86,73,125,102,76,83,69,75,65,92,90,84,91,77,80,84,79,86,86,61,70,67,55,82,82,84,96,101,77,72,70,46,71,38,,52,58,44,38,27,80,62,72,65,72,60,39,68,60,84,55,67,77,,64,51,93,62,55,,103,86,75,74,60,86,93,84,95,85,139,74,86,37,73,68,101,116,52,91,110,43,81,43,,24,27,56,53,63,92,46,76,88,79,84,102,87,89,90,100,90,119,102,131,127,105,144,123,114,57,90,89,89,60,91,92,90,89,100,101,87,107,55,99,107,70,105,163,112,90,91,43,107,108,102,105,110,136,93,102,,95,89,88,125,64,63,89,92,81,123,86,,79,119,125,95,93,95,115,132,64,99,104,93,104,97,105,106,125,102,71,89,102,105,128,93,106,66,100,115,127,106,100,103,98,113,103,,123,102,99,68,71,70,68,90,91,67,,104,,105,127,,86,88,90,115,123,91,75,95,96,177,100,160,95,100,91,103,81,54,96,93,112,92,105,100,116,73,78,72,41,73,86,61,28,66,91,140,115,139,120,87,127,120,113,84,79,87,63,93,,86,92,91,92,83,58,92,116,77,53,93,100,66,134,74,72,221,77,36,124,125,107,92,105,156,106,99,125,81,227,75,115,93,107,81,105,99,79,105,104,59,60,,105,73,67,73,62,72,69,158,53,45,56,39,92,49,60,65,71,67,53,62,41,47,44,62,66,56,48,45,50,52,61,35,46,43,43,44,,50,,62,44,58,53,51,59,58,62,47,49,54,47,52,,60,,28,57,69,68,67,68,64,52,58,42,61,83,55,33,55,62,55,70,40,61,27,62,61,,32,25,60,86,74,95,100,91,89,,99,85,75,82,73,125,109,54,74,104,55,47,52,78,47,50,40,39,100,95,100,153,79,81,70,82,76,50,75,62,102,64,48,42,103,59,82,77,95,104,81,81,86,45,72,102,61,57,82,123,105,103,,17,17,22,25,38,22,94,64,146,86,,39,76,78,57,54,108,53,42,71,71,57,84,54,75,94,139,88,73,96,93,97,109,99,77,47,104,81,79,91,105,108,37,86,119,81,60,50,63,55,36,58,23,93,70,110,94,,77,78,77,,58,50,36,60,104,101,75,,40,79,74,101,104,100,99,74,66,,89,76,65,107,,102,,71,106,85,97,75,,109,92,80,,72,84,82,109,92,98,,76,76,76,81,74,46,54,77,44,52,52,42,46,45,50,33,49,40,43,38,41,29,40,34,43,48,43,65,60,58,51,37,41,66,65,66,54,47,27,39,33,35,51,23,11,38,52,29,44,92,126,171,91,65,49,81,46,53,73,80,,90,88,62,58,69,88,59,38,59,58,85,84,52,36,29,38,99,83,77,38,66,64,45,58,66,72,52,70,41,60,74,41,48,43,28,104,88,91,85,102,97,92,106,92,119,108,122,,135,86,51,53,72,77,74,65,90,82,148,104,70,88,33,85,109,77,87,35,87,89,110,55,30,72,43,71,46,103,97,112,89,80,30,83,77,74,58,74,76,62,76,50,49,52,77,122,98,73,106,83,83,105,111,105,112,84,63,82,94,112,98,78,90,81,133,90,118,89,77,92,102,109,101,120,110,75,78,21,85,112,100,,71,109,175,94,,53,83,62,75,70,90,,88,80,69,65,90,84,46,82,43,32,40,68,67,66,87,51,71,80,100,79,75,59,116,23,23,47,102,510,283,247,16,22,23,20,45,32,64,82,83,,76,51,37,57,95,70,63,99,96,125,115,129,84,81,71,121,73,90,69,104,81,115,115,80,29,77,84,82,101,80,76,,106,84,90,97,99,89,43,102,48,55,57,77,77,,91,73,64,67,102,106,124,140,105,73,101,112,73,61,37,100,81,62,56,84,108,78,59,83,101,57,64,84,92,,75,,84,48,97,68,47,,91,95,102,92,155,72,72,90,91,,,123,122,62,91,109,115,,,57,50,84,125,124,128,102,75,104,28,99,57,45,63,65,116,86,64,68,40,87,81,78,81,86,17,,44,56,58,43,,130,46,87,117,134,47,,32,74,69,,79,71,94,69,76,75,79,58,85,53,83,88,89,96,97,77,104,96,50,92,52,59,78,84,87,105,91,118,50,62,108,70,68,47,38,81,57,68,64,89,55,65,101,54,80,63,73,83,110,85,95,81,69,80,100,84,80,74,89,60,81,79,107,70,92,59,103,99,108,80,96,,83,112,51,76,76,82,156,45,66,106,24,73,137,136,134,,115,78,114,86,110,77,128,154,59,29,75,25,99,77,52,23,30,32,179,76,207,38,57,72,61,,59,132,40,164,24,,88,25,128,74,95,27,37,122,69,82,62,50,69,74,54,61,59,50,59,78,62,74,37,47,53,51,52,70,74,69,104,66,87,98,97,66,45,45,53,24,96,86,88,117,102,75,65,76,66,69,82,80,75,84,83,69,138,110,78,63,53,58,65,63,,58,60,66,60,77,114,110,95,58,50,54,75,74,89,51,68,72,63,67,88,49,112,105,121,115,141,118,,106,113,127,107,119,99,114,108,113,93,94,123,120,43,94,111,61,76,101,102,55,87,80,112,110,84,119,123,68,119,119,92,92,122,97,115,108,112,104,233,92,49,34,96,88,64,87,80,66,105,84,114,99,99,133,107,126,106,123,163,57,60,69,33,114,131,84,128,125,109,137,105,114,108,129,124,396,131,115,81,82,106,73,133,53,57,65,64,51,65,74,84,73,61,32,72,63,62,49,63,72,52,,88,79,108,83,70,70,62,34,51,64,45,30,50,20,53,95,91,73,76,61,69,71,64,126,95,94,95,82,68,76,,39,79,53,27,81,80,46,20,124,19,58,29,24,30,75,120,84,83,89,59,106,88,45,,85,64,63,65,56,147,39,23,97,258,77,69,71,55,114,121,44,55,37,69,84,,112,166,107,83,98,83,56,110,94,107,90,127,83,88,47,53,52,84,83,46,103,83,66,110,124,47,33,,60,86,96,61,87,90,88,27,47,14,55,85,78,64,58,79,58,84,94,76,96,72,107,100,110,101,33,71,47,64,69,82,86,98,116,88,115,97,73,69,71,71,85,73,81,,38,109,82,75,106,90,102,111,32,5,79,56,70,44,74,50,44,43,93,53,59,43,42,116,30,95,94,23,67,90,71,79,48,53,62,69,60,62,91,103,93,60,58,59,80,35,40,84,65
20160203,10,O3_8h,17,45,11,4,23,10,2,36,18,11,26,8,,4,2,10,8,4,5,,6,5,2,6,5,8,,1,6,6,2,3,9,62,14,7,9,15,7,7,9,13,4,8,10,7,37,29,59,13,5,8,18,5,4,53,56,51,51,46,24,18,16,29,49,3,9,9,5,9,5,4,27,29,24,4,7,9,12,4,,17,2,4,5,4,6,5,11,6,6,7,5,8,5,19,35,6,4,,9,6,26,6,9,,6,12,17,12,17,51,34,40,38,28,67,16,32,8,32,28,62,56,15,38,46,34,30,22,,5,7,6,19,22,49,15,22,57,21,21,54,35,36,27,51,25,6,6,9,5,6,13,58,3,29,22,6,12,4,8,9,12,6,24,46,35,27,31,15,22,38,22,41,10,16,12,18,43,12,17,15,21,23,34,14,,24,7,8,17,8,9,9,6,11,58,11,,9,15,19,47,40,21,57,12,10,27,8,22,37,40,46,48,66,52,29,24,24,20,76,8,36,13,12,13,17,24,26,30,27,26,46,,55,43,45,62,61,48,64,28,25,23,,22,,12,20,,59,57,68,94,103,76,19,38,30,46,86,38,42,44,25,7,5,4,7,8,5,26,14,27,28,60,57,56,30,51,66,46,13,37,30,84,60,,73,45,50,48,63,76,39,61,33,53,,44,59,64,35,23,16,33,52,25,19,22,11,14,,2,14,4,26,,14,20,4,5,10,59,8,22,28,4,62,19,2,29,5,16,16,20,11,9,26,40,47,,51,49,46,58,45,43,60,72,35,28,45,30,57,40,52,55,54,49,41,50,29,37,37,52,52,44,40,38,41,41,45,29,36,31,30,35,,45,,49,37,48,44,40,47,48,50,39,39,45,42,43,,10,,1,25,17,11,19,10,49,33,51,32,48,64,6,4,20,8,27,28,4,17,7,10,28,,8,2,14,9,33,23,28,24,27,,32,33,52,52,44,117,70,38,52,67,33,26,33,51,18,19,11,5,39,14,26,48,48,52,13,33,11,16,12,12,8,12,16,16,15,4,14,9,23,61,4,4,11,16,42,39,52,11,22,40,18,40,,2,1,3,4,7,6,20,10,14,20,,11,18,34,21,15,96,24,9,20,29,24,12,30,14,8,99,49,34,28,32,18,11,21,11,15,28,7,11,14,14,43,11,21,40,11,42,35,13,43,2,4,4,7,14,13,5,,4,7,36,,25,7,10,13,13,12,15,,8,14,16,34,12,69,48,14,24,,33,13,31,26,,14,,10,43,34,59,7,,9,6,6,,57,55,45,10,10,12,,66,57,70,68,63,16,18,13,18,22,15,26,28,28,34,15,31,22,26,25,27,13,31,21,34,36,33,52,50,51,40,37,36,61,57,61,33,22,16,14,15,11,18,20,9,25,11,6,9,52,81,105,12,9,22,38,11,9,10,17,,25,6,11,10,9,36,5,9,3,9,12,4,6,21,21,27,70,4,40,19,20,8,8,21,50,7,13,41,9,30,11,12,6,6,7,11,44,20,40,35,24,32,27,75,33,63,77,,110,24,16,9,22,13,13,11,18,22,92,50,43,47,28,30,36,29,79,23,6,6,9,27,11,12,4,11,17,22,23,29,85,10,4,22,13,8,14,28,6,15,11,10,4,31,55,85,55,9,10,3,41,10,9,14,7,6,7,14,1,14,20,8,24,21,45,16,50,5,22,22,20,17,29,51,27,30,19,18,24,33,18,,60,84,93,74,,46,62,47,60,36,68,,50,73,52,53,24,22,13,16,15,5,9,19,10,15,6,12,4,10,13,16,14,14,22,10,8,34,44,34,22,13,7,10,10,11,18,21,53,74,59,,65,28,26,14,8,7,9,42,15,58,53,52,7,9,3,67,11,8,4,14,10,13,6,26,8,20,11,55,79,49,55,,13,15,7,24,91,82,38,13,30,26,28,39,8,,59,52,3,12,43,17,50,30,9,3,20,12,47,42,2,24,19,11,19,59,37,24,7,13,31,7,35,26,28,,40,,23,9,21,10,11,,25,22,29,14,51,9,25,16,39,,,105,81,28,48,24,38,,,11,14,22,43,75,27,11,40,56,17,55,23,9,18,37,17,12,11,15,28,6,4,12,10,7,3,,5,5,12,16,,27,6,14,18,3,6,,15,16,2,,38,22,54,56,63,35,20,32,24,6,79,83,84,84,84,49,69,86,7,1,22,8,10,32,10,37,11,13,17,24,37,27,26,3,16,34,30,16,6,10,4,7,20,17,48,45,43,49,54,19,39,58,19,34,80,59,50,16,63,42,64,69,92,27,35,13,46,42,80,64,78,,24,68,37,48,58,30,30,4,47,56,17,37,76,15,60,,23,14,33,24,30,14,61,62,41,12,27,12,51,26,15,19,12,13,119,41,27,24,24,27,19,,28,47,12,140,21,,38,11,,36,34,,6,91,45,58,50,42,49,64,49,34,35,34,36,54,54,68,32,31,38,37,34,37,48,39,63,27,47,51,30,34,15,13,21,6,35,11,18,11,6,26,15,31,15,14,53,56,52,57,60,12,22,24,21,30,20,19,25,23,,14,17,17,16,40,46,44,38,18,17,16,14,2,15,4,54,56,45,40,36,23,42,36,43,40,62,40,,23,38,28,59,78,60,66,18,54,30,9,14,26,15,12,91,12,15,24,55,24,39,40,62,51,20,56,57,28,62,7,5,42,50,34,22,12,43,20,22,34,6,4,9,16,4,5,13,10,21,16,15,30,26,29,34,37,26,18,37,40,49,61,28,33,34,22,50,33,14,9,11,18,23,51,30,36,46,14,17,8,5,61,56,47,53,59,62,30,47,62,59,61,43,21,54,43,51,32,9,9,49,,22,17,22,10,8,41,36,7,6,4,5,17,21,9,20,26,23,17,22,38,38,37,34,52,33,27,34,50,35,34,,18,10,16,10,24,24,31,7,84,9,47,12,2,2,21,24,24,19,27,29,40,39,22,,44,16,8,12,2,82,13,10,90,194,67,60,61,49,40,54,28,33,33,62,49,,83,28,24,57,86,80,43,96,17,16,21,34,55,60,39,40,43,39,40,,10,66,51,4,1,12,1,,53,32,44,29,34,81,54,4,5,11,39,80,69,17,7,5,5,6,2,2,6,28,22,15,28,21,19,41,36,38,40,23,20,23,33,22,32,53,43,51,30,35,20,20,33,,10,28,23,18,61,49,54,38,9,4,28,4,11,24,55,24,15,14,16,21,14,19,20,83,17,67,50,16,50,81,52,16,13,11,11,24,42,51,44,62,89,49,25,28,26,6,20,23,49
20160203,10,O3_8h_24h,48,83,53,49,61,41,51,72,46,59,64,55,,48,44,83,63,58,61,,56,58,32,60,39,84,,56,72,64,62,59,60,88,70,66,64,59,76,59,32,76,30,64,28,42,52,43,95,68,56,62,52,54,43,85,78,73,76,69,60,68,62,72,80,54,64,57,49,64,67,68,82,76,62,57,51,36,59,32,,42,37,32,31,20,50,44,63,50,55,41,37,57,47,71,41,51,55,,55,33,66,34,35,,80,70,54,60,40,67,78,66,80,58,127,54,68,28,55,53,90,103,43,75,92,41,59,30,,16,18,36,40,40,85,40,57,76,63,73,88,81,72,72,85,75,94,82,108,96,74,99,114,77,52,75,76,77,52,76,80,72,66,74,81,74,78,50,88,93,58,88,96,98,72,82,36,79,93,86,88,92,113,83,80,,83,68,70,83,46,50,73,77,68,96,68,,59,75,97,80,74,76,94,112,55,84,84,78,88,80,89,91,100,83,60,66,88,82,119,81,86,56,87,98,110,93,89,90,82,95,90,,105,88,85,66,66,54,64,76,77,57,,93,,92,111,,73,77,84,100,105,80,69,88,85,90,86,109,80,88,81,83,58,47,87,77,88,82,84,87,100,69,75,72,36,67,82,51,22,56,76,131,106,125,108,72,115,107,98,78,62,74,48,76,,75,78,85,81,72,53,78,108,68,43,79,84,40,70,58,65,101,68,24,104,102,70,70,77,129,79,85,105,62,100,67,103,81,94,64,92,85,68,96,96,45,51,,57,61,56,68,50,68,62,74,47,39,49,35,81,44,57,60,65,64,48,58,35,42,45,56,60,48,42,38,45,44,53,39,42,36,38,37,,47,,52,40,53,48,44,53,52,56,41,45,48,44,46,,56,,22,55,67,63,64,61,57,46,54,34,48,71,38,17,34,39,42,46,23,48,18,50,40,,19,16,50,56,58,69,78,69,66,,71,78,67,71,69,118,98,50,63,95,47,28,33,74,35,34,23,22,90,84,90,93,72,76,51,64,62,34,56,40,82,47,41,36,79,42,65,47,69,96,63,48,54,35,65,86,59,48,63,105,94,88,,9,12,16,18,25,18,85,54,98,75,,29,62,66,48,45,104,49,40,66,52,46,67,40,58,77,99,76,61,77,84,71,92,80,72,34,86,68,59,72,83,95,34,72,107,66,55,44,49,50,29,44,19,75,55,84,76,,58,59,65,,46,37,33,53,83,79,64,,33,67,60,73,87,90,89,58,52,,49,60,55,87,,79,,54,87,66,80,53,,74,78,66,,67,75,69,53,71,84,,73,67,71,77,66,35,39,59,36,45,39,36,40,39,42,29,44,34,38,34,37,26,35,30,40,44,41,58,55,54,40,37,36,64,58,64,48,40,24,31,26,26,41,20,9,30,44,20,28,79,111,141,80,49,42,58,40,44,58,64,,79,68,46,41,54,77,45,30,48,51,75,66,47,32,24,34,85,60,56,34,49,47,35,40,50,48,40,59,31,52,50,31,34,33,21,30,69,71,75,82,70,65,89,78,94,88,107,,129,66,34,46,62,69,62,52,43,59,134,82,57,84,30,66,89,67,82,29,69,72,84,39,24,66,38,64,37,92,85,102,87,64,26,68,59,60,50,66,63,46,61,41,38,40,61,98,79,56,81,65,75,84,97,88,104,63,54,66,79,100,84,69,84,72,120,82,108,75,72,80,90,101,93,105,96,64,67,19,76,96,87,,69,103,99,90,,50,78,60,71,59,78,,80,73,59,59,78,64,37,52,36,28,35,55,51,64,61,44,56,61,83,64,59,43,61,17,18,34,91,126,84,67,12,18,18,17,34,28,58,74,71,,66,32,28,48,80,61,36,84,80,107,102,112,67,59,46,114,62,79,60,90,60,101,99,66,18,58,69,73,93,73,72,,89,66,79,82,96,85,40,80,43,42,46,64,63,,83,67,53,61,95,92,110,117,80,59,82,96,59,58,27,87,67,49,46,77,91,66,52,74,91,50,59,65,76,,58,,63,46,73,45,39,,70,71,78,73,132,55,58,74,75,,,115,108,53,84,97,106,,,51,41,66,105,109,106,83,66,92,25,85,50,39,54,59,82,69,54,55,36,74,68,63,61,71,12,,29,42,48,36,,101,37,71,100,115,32,,28,58,58,,68,53,86,66,74,66,62,47,70,39,80,84,87,91,87,72,96,90,44,73,46,46,69,69,68,82,75,85,36,46,80,58,59,38,35,68,46,54,52,69,35,42,77,40,66,58,62,74,94,76,86,76,65,74,95,81,74,68,86,57,76,77,98,58,68,53,88,88,97,64,91,,67,106,43,73,70,68,89,36,61,71,21,57,113,113,113,,95,64,102,78,98,57,108,125,54,25,60,20,89,67,35,20,21,25,144,70,136,24,48,64,53,,51,103,32,160,23,,77,20,45,64,34,27,31,117,65,76,62,50,61,72,54,54,56,50,56,76,54,68,32,43,48,46,43,66,70,66,98,56,68,83,77,54,37,35,42,18,89,76,80,104,92,66,55,69,57,58,77,76,72,81,79,61,122,96,69,55,44,51,58,54,,51,52,57,53,68,105,97,86,46,42,43,53,49,64,35,60,61,52,57,72,39,95,91,109,102,123,101,,91,96,114,90,99,80,94,96,104,87,78,108,96,36,83,101,51,66,93,89,47,68,68,99,92,73,105,107,60,105,105,82,82,108,85,99,87,98,88,78,84,42,26,87,76,55,76,67,60,97,78,106,91,91,120,96,113,92,106,163,51,57,65,31,105,113,75,114,109,95,102,96,105,100,123,118,300,125,110,81,67,92,68,87,51,54,62,62,48,58,70,75,72,56,30,69,60,57,46,61,69,51,,82,73,100,77,63,67,59,40,24,33,25,28,37,14,41,68,66,55,60,44,41,38,37,106,67,66,63,70,54,58,,32,50,32,20,60,56,40,15,110,16,52,19,16,22,68,79,70,71,74,55,84,82,37,,77,58,61,61,58,89,25,18,91,214,67,60,61,49,96,98,49,57,34,66,80,,104,156,102,77,95,80,47,99,84,99,74,119,76,79,42,40,47,68,72,38,90,80,61,85,97,43,27,,54,76,86,53,74,87,84,25,44,11,53,84,76,55,44,58,44,73,73,64,74,67,78,78,94,92,29,60,44,55,58,66,70,88,100,58,82,90,68,60,57,65,72,60,78,,31,96,73,58,101,84,91,102,24,4,61,43,50,40,66,43,41,38,87,46,50,38,38,109,24,79,83,21,60,81,62,63,40,45,53,54,47,62,77,71,89,51,47,48,67,30,33,76,57
20160203,10,CO,1.5,0.7,1.3,1.4,1.2,1.5,3.1,1.2,0.7,1.8,1.4,2.5,,3.173,5.389,3.931,3.087,3.881,4.706,,3.048,3.681,2.934,3.498,1.824,3.646,,1.795,3.163,2.021,2.107,2.276,1.617,0.981,3.025,3.855,2.69,2.63,3.262,2.978,2.065,3.754,4.329,2.906,3.775,9.977,9.788,10.788,9.267,3.73,2.283,4.271,6.903,2.931,3.257,0.754,0.96,1.032,1.085,0.558,1.413,1.308,1.58,2.329,0.757,4.975,2.087,2.593,1.176,11.322,6.108,5.919,4.643,3.908,5.475,2.719,3.016,3.664,2.58,1.698,,1.585,4.075,4.15,3.749,3.52,3.033,2.86,2.848,2.742,1.189,6.657,3.792,2.864,3.386,2.228,1.717,2.762,3.181,,3.611,4.127,3.617,3.447,3.903,,3.761,2.111,1.642,1.556,1.483,1.915,1.311,1.115,1.802,1.577,0.915,1.204,1.193,1.313,1.378,1.584,0.993,1.684,1.305,0.802,0.819,2.066,0.598,2.797,,1.655,0.602,1.635,1.365,1.419,1.964,1.478,0.38,1.382,1.141,1.176,0.756,1,1.461,0.774,1.43,0.925,,2.222,3.95,2.506,2.273,2.627,1.667,1.841,1.841,1.362,1.518,0.915,1.662,1.544,1.597,1.776,2.057,1.456,1.355,0.957,0.633,0.714,3.242,1.974,2.148,2.481,2.024,2.879,1.979,1.614,2.201,5.839,1.841,1.985,1.827,1.806,2.124,1.277,1.843,,2.06,2.575,1.408,1.95,1.79,2.463,2.213,3.273,2.284,1.883,2.051,,1.308,1.816,1.695,2.045,2,2.63,1.753,1.542,1.876,1.841,2.137,2.05,1.292,1.448,1.488,1.179,2.248,2.364,2.36,2.95,1.209,0.676,0.69,0.894,1.307,1.329,1.271,1.095,1.397,1.4,0.977,1.46,1.037,1.201,1.338,,1.048,1.411,1.102,0.897,1.152,1.331,0.883,1.044,1.12,1.386,,1.339,,1.689,1.918,,1.205,0.884,1.198,0.989,0.877,0.732,1.08,0.995,0.956,1.22,1.37,1.093,0.969,1.092,0.886,1.53,1.785,1.271,1.413,1.613,1.855,1.807,1.451,1.128,1.664,0.653,1.042,0.64,0.636,0.912,0.858,0.658,0.686,0.856,0.937,0.916,1.143,,1.276,1.301,0.89,1.035,1.036,0.936,1.968,1.689,1.245,1.16,,0.79,1.796,1.267,1.471,1.588,1.678,1.628,1.701,2.144,1.45,1.923,2.392,2.772,1.993,2.097,2.756,2.5,2.221,2.403,2.923,1.135,1.329,1.541,1.604,1.621,1.411,2.041,1.555,2.378,0.643,0.951,2.318,0.886,1.548,1.148,1.189,1.591,1.001,1.8,1.45,0.641,0.986,,0.737,0.808,0.733,0.669,0.894,0.817,0.698,1.148,1.107,0.978,1.355,0.8,1.248,0.966,1.326,1.066,1.258,1.128,1.04,0.864,0.963,0.927,0.868,0.664,0.594,1.044,0.976,0.917,0.823,0.931,0.714,1.17,1.244,1.019,0.846,0.743,,1.201,,0.889,1.006,0.996,0.949,0.982,1.061,1.018,0.836,1.077,0.863,1.305,1.043,1.112,,1.592,,1.351,1.447,1.479,1.195,1.588,1.661,0.765,0.788,0.877,0.952,0.979,0.767,1.578,1.444,1.363,1.297,1.28,1.092,1.36,1.348,1.123,0.846,1.527,,1.654,1.906,1.208,1.387,1.379,1.522,1.662,1.552,1.756,,2.067,1.306,0.68,1.334,0.844,0.683,0.604,1.024,1.795,0.824,0.937,1.075,1.618,1.077,1.974,1.313,1.334,1.954,0.981,1.448,1.216,0.266,0.745,0.298,1.933,3.322,2.387,1.732,2.658,3.102,2.391,4.36,4.133,2.677,2.509,2.413,2.51,3.426,1.7,1.589,1.882,3.229,3.285,5.113,2.196,2.615,1.288,5.567,4.463,3.141,3.98,4.717,,4.36,5.013,,6.386,3.592,2.308,1.09,0.865,1.633,1.396,,1.261,1.019,0.992,1.105,1.07,0.568,0.819,1.194,1.797,1.886,3.388,3.22,1.21,2.607,4.007,1.821,0.612,0.791,0.839,0.702,2.295,1.394,0.845,1.071,2.404,1.809,2.371,2.42,1.617,2.527,1.007,4.176,3.852,4.388,2.724,0.709,0.775,0.805,0.558,3.255,3.479,4.05,2.809,2.618,2.78,5.547,,3.908,3.761,2.378,,2.128,3.847,3.804,3.413,1.838,2.551,3.421,,3.84,1.809,2.306,1.231,1.835,2.013,1.969,2.505,1.559,,1.112,2.179,3.052,4.295,,4.211,,3.128,1.629,1.349,1.233,4.196,,3.294,2.77,1.999,,0.61,0.952,1.241,2.151,1.968,2.547,,1.488,1.263,0.776,0.84,1.629,1.138,1.32,1.392,1.101,1.108,1.147,1.261,1.122,1.056,1.15,1.154,0.748,1.023,1.194,1.338,1.011,1.153,1.198,1.188,1.367,1.267,1.215,0.989,0.924,0.881,0.986,1.138,1.069,0.939,1.127,0.776,1.018,1.198,1.16,1.216,0.994,1.07,,1.847,,0.935,1.581,2.646,2.436,1.763,1.73,1.567,2.971,3.21,2.867,2.496,2.704,3.806,7.895,7.321,,4.353,4.222,5.705,9.656,2.652,5.185,4.167,5.278,6.101,1.535,4.159,3.008,1.038,0.417,4.316,2.192,0.612,2.826,1.504,2.627,1.861,2.383,1.594,2.538,0.079,4.08,3.853,1.03,6.279,1.997,5.062,2.041,2.688,2.375,3.49,4.611,2.58,1.132,1.884,1.521,2.339,3.54,2.184,0.812,2.559,1.235,1.11,,0.727,0.848,1.815,1.204,1.647,1.722,2.076,2.547,1.391,1.801,1.663,0.902,0.783,0.956,1.325,1.093,1.172,1.093,1.716,0.942,2.593,1.566,1.617,2.343,3.287,1.218,0.697,0.518,1.432,1.597,0.757,1.557,0.589,3.082,2.225,3.647,3.392,2.836,2.402,1.826,5.904,7.286,3.651,7.552,5.513,2.8,1.106,1.381,2.226,3.365,4.346,2.715,1.771,3.502,3.272,3.655,1.907,3.294,3.749,4.202,1.777,1.059,1.43,0.984,1.378,1.158,1.636,1.806,1.581,1.32,1.105,1.442,1.581,1.236,1.134,1.778,1.568,0.621,1.797,1.581,5.822,1.934,1.249,0.662,1.154,1.277,1.288,1.589,,1.491,1.136,1.434,0.963,1.054,0.878,,1.107,0.986,0.996,0.868,2.438,1.953,1.502,1.212,1.822,1.823,1.248,1.994,1.384,1.365,3.332,1.733,1.963,1.532,1.026,1.014,1.04,1.005,1.448,1.573,1.238,1.847,1.309,2.131,1.494,1.873,,1.951,1.274,1.28,1.556,1.47,0.833,0.395,1.014,,1.236,0.924,1.512,2.21,3.164,2.642,3.104,1.897,3.232,2.465,1.074,1.755,1.623,1.935,2.101,1.553,1.767,4.11,2.631,1.988,3.064,2.775,2.566,1.387,3.163,3.712,2.529,1.432,0.301,2.416,0.472,,2.745,3.379,2.48,2.208,1.551,2.364,1.828,,1.591,1.43,1.015,0.757,2.94,,1.758,1.056,3,2.379,2.258,2.737,2.77,2.92,5.055,4.008,4.818,4.345,1.423,1.696,2.745,3.086,2.936,2.699,2.175,1.069,2.512,2.869,4.765,5.882,1.163,0.744,0.825,1.058,0.985,,1.997,2.1,1.811,,0.52,0.81,1.49,,1.79,1.565,1.918,1.784,1.981,1.53,1.897,1.11,1.174,,,1.266,0.908,1.137,1.219,1.343,1.117,,,1.188,1.342,0.964,1.314,0.64,1.348,1.981,1.459,1.436,1.283,2.153,0.874,0.936,1.057,5.778,5.067,6.497,8.326,5.007,7.247,3.372,2.934,3.442,2.005,2.98,2.811,,2.013,2.512,6.224,4.387,,5.774,3.964,4.682,3.114,3.615,3.666,,5.848,3.632,2.503,,0.974,1.405,0.692,1.275,1.164,0.317,4.447,0.547,1.84,1.378,0.725,0.432,0.168,0.322,0.305,1,1.474,0.35,3.103,1.552,0.991,1.858,1.669,1.045,2.313,1.925,1.869,2.487,1.934,2.582,2.128,3.186,2.436,4.861,4.696,0.93,1.227,0.412,3.579,2.755,2.973,3.591,2.368,1.744,1.105,1.274,0.668,0.663,1.401,2.371,0.853,1.919,0.475,1.955,1.978,2.65,0.695,2.834,0.588,1.637,2.111,1.008,0.83,,0.821,0.796,2.587,1.913,1.692,0.987,1.142,,4.029,1.404,0.727,0.55,0.251,1.555,1.2,1.139,0.524,1.364,1.357,1.13,1.27,1.404,1.093,,1.527,2.668,1.441,2.018,1.166,1.035,1.094,1.192,2.264,1.937,2.11,1.539,1.391,1.417,0.902,1.122,1.126,0.775,0.174,0.541,0.175,1.896,2.179,1.813,1.368,,0.878,1.227,1.926,2.142,0.302,,1.553,1.235,1.114,1.563,1.056,1.185,0.965,1.032,0.66,0.777,0.986,0.48,1.025,0.025,0.578,1.099,0.785,0.963,0.857,0.587,1.015,0.323,1.006,0.868,0.923,1.167,1.02,0.95,1.123,0.788,0.012,1.033,0.759,1.023,0.849,1.239,1.606,1.229,1.039,1.667,1.25,1.092,2.077,3.024,2.684,0.889,0.963,0.946,1.072,0.969,1.421,1.432,1.514,1.21,1.191,1.359,1.58,1.127,1.22,1.255,1.522,1.012,1.717,1.466,,2.137,2.424,1.728,2.429,2.354,0.275,0.852,0.387,4.517,4.184,3.016,2.317,4.993,4.045,6.612,2.306,3.142,2.44,2.087,2.136,1.889,1.802,1.684,1.717,2.7,1.603,1.563,,1.434,1.667,1.586,0.86,0.726,0.728,1.33,1.842,2.456,1.216,1.682,2.86,2.081,1.808,1.94,1.442,2.003,1.854,1.236,1.267,1.63,1.193,0.808,1.688,1.605,2.054,1.765,0.744,0.99,1.631,2.586,1.674,1.905,1.161,0.943,0.994,1.468,0.842,2.186,1.754,1.913,0.381,0.65,1.237,1.398,1.573,1.556,1.52,1.793,1.101,1.557,1.24,1.43,1.27,1.386,3.217,1.544,2.572,2.27,1.842,0.569,1.201,0.806,1.57,1.148,1.005,1.266,1.187,1.317,1.342,1.216,1.16,1.049,1.318,1.244,1.914,1.81,0.851,1.761,0.234,0.356,0.765,0.665,0.714,2.657,0.486,1.096,0.845,0.98,0.757,1.305,1.34,1.114,1.332,1.781,0.679,1.404,1.644,1.089,0.779,0.846,1.15,,1.392,1.51,1.762,1.376,1.178,1.32,1.296,1.64,1.398,2.111,2.536,1.756,1.27,2.577,1.63,1.376,1.54,1.541,0.94,1.426,1.645,1.598,1.494,1.133,1.184,1.365,1.016,1.391,1.699,1.756,,1.841,1.464,1.416,1.774,1.904,2.199,1.156,1.963,1.492,1.307,1.461,1.52,3.901,1.501,1.163,1.387,1.629,1.43,1.39,1.008,0.868,0.98,1.912,,1.5,2.423,1.832,2.412,2.581,1.192,1.461,0.784,1.268,1.005,1.115,1.059,0.894,1.099,1.429,1.047,2.105,1.651,1.361,1.233,0.727,,0.587,1.957,0.37,1.186,1.477,1.508,0.79,0.751,1.089,0.66,0.958,1.863,0.752,0.775,1.051,0.596,0.782,0.509,1.353,1.413,0.132,0.366,0.777,2.321,1.266,0.912,0.815,,1.046,0.523,1.894,0.781,1.296,0.164,0.032,2.004,3.132,0.729,0.824,0.375,1.124,3.314,3.773,2.943,4.991,4.061,2.694,2.728,2.83,,2.18,1.287,3.176,2.438,1.129,0.748,0.899,2.727,2.277,2.292,1.017,2.258,3.829,3.871,1.996,1.19,1.34,2.729,2.116,3.295,1.818,1.477,1.401,,2.023,3.058,2.314,3.402,1.289,0.967,1.004,1.1,1.574,1.504,1.176,1.708,2.375,0.678,1.468,0.675,2.176,1.795,0.935,1.071,3.275,1.779,1.162,0.487,2.844,2.392,1.414,2.696,1.088,0.787,1.279,3.198,2.465,1.713,3.048,5.182,2.871,1.987,2.591,0.421,0.05,1.157,2.751,3.722,3.769,2.399,0.744,3.1,1.251
20160203,10,CO_24h,1.138,0.538,0.996,1.171,0.971,1.138,2.042,0.842,0.763,1.233,1.054,1.829,,2.001,2.29,2.417,1.833,2.166,2.995,,1.695,2.71,1.378,1.874,1.194,2.104,,1.549,1.886,1.765,1.43,1.682,1.16,0.751,2.092,2.772,1.963,2.129,2.342,2.277,2.325,3.062,2.623,1.834,2.154,5.644,5.894,6.461,6.262,4.66,4.849,4.248,3.482,4.282,6.508,0.644,0.726,0.459,0.661,0.516,1.065,1.276,1.508,1.05,0.658,2.797,1.728,1.716,1.761,4.29,4.901,3.547,2.646,2.743,2.899,2.152,2.727,3.694,2.723,1.719,,1.517,2.676,3.134,3.616,3.285,3.116,2.872,1.768,2.133,1.082,4.137,2.269,1.805,1.632,1.507,1.241,1.937,1.956,,2.112,2.291,1.687,1.987,2.039,,1.982,1.299,1.257,1.612,1.573,1.475,1.585,1.542,0.992,1.09,0.635,1.282,1.313,1.529,1.229,1.283,0.995,1.787,1.425,1.174,1.026,1.419,0.792,3.418,,1.767,0.674,1.475,1.083,2.121,1.852,1.119,0.807,1.519,1.224,1.266,0.979,1.265,1.23,1.122,1.58,0.975,1.969,1.724,3.079,1.829,2.133,1.832,1.581,1.454,1.782,1.335,1.675,1.575,1.967,1.758,1.389,1.616,1.61,1.665,1.184,1.062,0.748,0.916,1.912,1.543,1.133,1.291,2.038,2.259,1.884,1.644,2.017,2.26,1.518,2.033,1.601,1.738,1.955,1.159,1.658,,1.986,2.602,1.629,1.976,1.791,2.065,1.638,2.144,1.648,1.589,1.584,,1.243,1.325,1.513,1.541,1.69,2.183,1.237,1.353,1.763,1.503,2.351,1.603,0.946,0.987,0.981,0.837,2.233,2.217,2.281,2.699,0.909,0.625,0.698,0.963,1.2,1.265,1.034,1.09,1.207,1.279,0.899,1.28,0.901,1.101,1.053,,0.884,1.112,0.829,0.935,1.119,1.296,1.026,0.942,0.792,1.159,,1.148,,1.17,1.348,,1.043,0.661,1.053,1.314,1.116,1.018,0.971,0.87,1.241,1.081,1.391,1.027,0.889,0.948,0.86,1.244,1.648,1.225,1.068,1.482,1.483,2.362,1.523,1.011,1.422,0.49,0.781,0.563,0.638,0.909,0.804,0.747,0.748,0.761,1.083,0.848,0.998,0.418,1.199,0.933,0.861,0.84,1.086,0.904,1.843,1.209,1.233,1.292,,1.153,1.654,0.852,1.453,1.148,1.333,1.553,1.44,1.899,1.119,1.594,1.793,1.875,1.576,1.31,1.392,1.423,1.383,1.881,1.908,1.074,1.395,1.736,1.539,1.515,1.434,1.864,1.559,2.402,0.887,1.052,2.107,1.061,1.508,1.391,1.398,1.739,1.259,1.622,1.366,0.676,1,,0.761,0.808,0.735,0.702,0.912,0.846,0.732,1.199,1.103,1.001,1.32,0.762,1.174,0.967,1.317,1.045,1.256,1.111,1.027,0.866,0.937,0.93,0.898,0.681,0.635,1.072,0.939,0.969,0.847,0.981,1.294,1.113,1.065,0.985,0.828,0.791,,1.237,,0.893,0.985,1.011,0.912,0.921,1.086,1.022,0.9,1.034,0.868,1.294,1.09,1.117,,1.353,,1.283,1.351,1.435,1.143,1.414,1.429,0.964,0.869,1.299,1.035,1.381,1.02,1.415,1.449,1.267,1.321,1.354,1.014,1.357,1.358,1.236,1.002,1.121,,1.633,1.592,1.353,1.065,1.27,1.401,1.513,1.326,1.588,,1.888,1.308,0.663,1.445,0.76,0.849,0.966,1.149,1.483,0.982,1.054,1.405,0.961,1.289,2.484,1.768,2.098,2.26,1.27,1.572,0.776,0.362,0.412,0.358,1.514,2.621,1.707,1.789,1.511,2.801,1.832,3.909,3.638,2.097,1.641,2.099,2.408,2.854,1.81,1.456,1.625,2.302,2.211,2.604,1.796,2.084,0.943,2.87,2.071,1.945,1.61,2.241,,3.549,4.806,3.817,2.278,3.075,2.194,1.217,1.319,1.707,1.529,,1.526,1.351,1.244,1.393,1.216,0.638,0.983,1.429,1.746,1.516,2.21,2.316,1.522,2.198,3.278,1.574,0.959,0.497,0.69,1.016,1.666,1.701,1.063,1.334,2.15,1.73,2.356,2.044,1.163,1.398,0.857,1.441,2.568,2.128,1.939,0.67,0.761,0.814,0.633,1.993,2.503,2.962,2.157,2.045,1.986,3.202,,3.834,3.505,2.115,,2.16,2.952,3.299,3.086,1.409,2.082,2.392,,3.635,1.792,3.02,1.041,1.356,1.641,1.54,1.34,1.024,,0.974,1.595,2.069,2.248,,1.958,,2.068,1.382,1.5,1.311,2.133,,2.97,2.686,1.588,,0.805,1.084,1.331,1.349,1.29,1.388,,1.412,1.283,0.79,0.824,1.332,0.952,1.093,1.096,0.994,1.03,1.124,1.082,1.134,0.984,1.089,1.107,0.717,0.887,1.149,1.137,0.891,1.099,1.164,1.169,1.336,1.256,1.214,1.012,0.928,0.894,0.998,1.32,1.2,0.951,1.125,0.812,0.998,1.012,0.979,1.121,0.9,0.985,1.014,1.865,,0.932,1.395,1.935,1.751,1.539,1.643,1.6,2.987,2.716,2.339,1.555,2.299,2.983,5.491,5.274,,3.33,3.986,4.972,8.354,2.115,4.559,3.709,5.396,3.55,1.39,2.438,2.458,0.815,0.364,2.715,0.809,0.331,3.017,1.716,2.134,1.862,2.542,2.525,2.328,0.831,4.088,4.078,1.368,3.27,1.992,3.827,2.561,2.577,2.55,3.828,2.91,3,1.356,1.486,1.986,1.156,1.471,1.723,0.768,2.087,1.669,1.003,,0.731,0.678,1.347,0.752,0.88,0.696,2.182,1.995,1.575,2.209,1.085,0.842,0.593,0.761,0.986,0.777,1.219,1.273,1.722,1.061,2.8,1.413,1.844,2.302,2.908,1.864,0.786,0.825,0.828,1.44,0.7,1.552,0.492,2.599,2.193,3.059,3.253,2.68,1.933,1.746,4.174,6.686,2.882,4.4,4.572,1.851,1.372,1.319,1.768,2.252,3.18,1.616,1.547,1.6,1.725,2.3,1.316,2.215,3.115,3.588,1.329,1.092,1.383,0.905,1.326,1.237,1.749,2.343,1.538,1.313,0.826,1.384,1.555,0.938,0.954,1.327,1.542,0.802,1.392,0.985,3.122,1.589,1.061,0.651,0.948,1.032,1.071,1.312,,1.48,1.118,1.425,1.135,1.286,1.265,,1.326,1.2,1.07,0.888,2.206,1.476,1.209,1.176,1.677,1.531,1.194,1.772,1.358,1.208,2.668,1.572,1.526,1.049,0.906,0.983,0.915,0.872,1.346,1.288,1.217,1.717,1.268,1.852,1.318,1.565,0.782,1.88,1.199,1.191,1.404,1.477,1.083,0.577,0.967,,1.212,1.327,1.595,1.762,2.554,1.899,2.167,1.381,2.406,1.645,0.979,1.646,1.364,1.456,2.154,1.225,1.276,2.437,1.982,1.424,2.52,1.926,1.892,1.075,2.086,2.293,1.624,1.172,0.77,1.977,0.318,,1.955,1.758,1.508,0.991,1.283,2.139,1.771,1.086,1.521,1.606,1.374,1.035,2.152,,1.062,1.045,3.287,1.423,1.418,1.7,1.724,1.687,3.019,2.181,2.614,1.824,1.541,1.835,2.156,2.065,2.037,2.442,1.189,0.849,1.595,1.882,1.982,2.472,1.307,1.089,0.848,1.305,1.278,,1.431,1.376,1.551,1.679,0.935,1.201,1.29,,1.486,1.518,1.47,1.795,1.815,1.372,1.808,0.938,0.949,,,0.99,0.886,0.934,0.919,1.304,1.112,,,0.97,1.17,1.134,1.376,0.608,1.382,1.932,1.318,1.236,1.043,1.784,0.828,0.828,0.952,2.521,1.778,2.768,4.119,1.752,2.336,2.051,1.798,2.237,1.565,2.199,2.57,,2.001,2.532,4.998,3.807,,4.626,3.628,4.195,2.416,3.463,3.332,,4.47,3.607,2.687,,0.957,1.212,0.876,0.431,0.921,0.548,2.199,0.69,0.734,1.451,1.045,0.75,0.35,0.563,0.185,1.276,1.574,0.441,3.142,0.883,0.897,1.012,1.28,1.114,1.711,1.287,1.577,1.832,1.332,1.932,0.94,3.458,2.446,4.717,2.208,1.008,0.959,1.162,2.553,2.136,1.674,3.05,1.57,1.774,1.736,0.57,0.657,0.574,1.232,1.433,0.932,1.749,0.526,2.386,1.617,1.732,0.63,3.511,0.47,1.235,1.014,0.817,0.663,,0.844,0.352,1.868,1.647,1.186,1.048,0.868,,1.379,1.08,0.711,0.459,0.295,1.403,1.073,1.348,0.635,1.355,1.721,1.376,1.375,1.279,1.283,,1.294,2.519,1.251,1.527,1.032,1.773,1.233,1.4,2.242,1.609,1.167,1.568,1.443,1.497,0.833,1.12,1.086,0.649,0.187,0.548,0.221,1.639,1.486,1.704,1.515,,0.819,1.48,1.99,2.217,0.282,,1.129,0.928,1.11,1.319,1.014,1.194,0.841,0.931,0.709,0.852,0.806,0.464,0.77,0.031,0.607,1.153,0.828,1.046,0.827,0.636,1.103,0.478,1.117,0.858,1.043,1.043,0.885,0.716,0.699,0.679,0.015,0.919,0.57,0.771,0.786,1.45,2.244,1.816,1.682,2.199,1.082,0.826,1.874,1.604,1.867,0.884,0.974,0.808,0.848,0.904,1.331,1.284,1.409,0.753,1.051,0.897,1.174,0.939,1.021,1.323,1.383,0.76,1.353,1.342,,1.813,2.284,1.568,2.365,1.657,0.289,0.735,0.61,4.024,2.953,1.901,1.46,5.273,2.392,3.555,2.282,3.155,2.357,2.123,1.831,1.542,1.478,1.369,1.452,2.208,1.167,1.933,,1.798,2.091,2.101,0.907,0.768,0.831,1.374,1.167,1.295,1.216,1.421,2.533,1.971,1.638,1.732,1.295,1.344,1.316,0.712,1.097,1.393,1.072,0.722,1.784,1.668,1.999,1.214,0.961,0.922,0.953,3.064,1.859,2.188,1.318,1.044,1.104,1.251,0.917,1.455,1.331,1.606,0.241,0.603,1.105,1.652,1.469,1.536,1.506,1.625,1.012,1.29,1.14,1.168,1.234,1.226,2.16,1.173,2.226,1.667,1.95,0.626,1.075,0.76,1.556,0.873,0.9,1.101,1.227,1.114,1.146,0.769,0.893,0.774,1.247,0.707,1.628,1.805,0.083,1.397,0.074,0.176,0.569,0.703,0.72,2.613,0.599,1.106,0.854,0.974,1.543,1.337,1.36,1.071,1.307,1.804,0.598,1.359,1.567,1.521,0.691,0.76,1.064,,1.426,1.739,1.615,1.683,1.522,1.227,1.175,1.562,1.366,1.849,2.19,1.976,1.199,2.403,1.217,1.256,1.289,1.388,1.065,1.53,1.713,1.718,1.514,1.098,1.309,1.201,0.978,1.172,1.284,1.523,,1.349,1.47,1.555,1.859,1.473,1.83,1.039,2.008,1.43,1.304,1.232,1.475,2.969,1.473,1.07,1.213,1.371,1.194,1.204,0.823,0.822,0.897,1.086,,1.457,1.875,1.76,1.88,2.401,1.261,1.446,0.786,1.261,1.001,1.539,1.276,1.097,1.371,1.165,0.893,1.839,1.571,1.453,1.249,0.53,,0.572,1.339,0.278,1.086,1.392,1.276,0.577,0.54,1.283,0.396,0.587,1.195,0.72,0.798,1.233,0.776,0.957,0.499,1.359,1.025,0.193,0.383,0.646,1.981,1.067,0.553,0.781,,1.019,0.996,2.021,0.729,1.044,0.027,0.034,1.582,2.301,0.586,0.547,0.243,0.741,2.52,2.914,2.612,3.95,4.041,2.673,2.994,2.766,0.033,2.026,1.259,3.315,2.035,1.125,0.783,0.811,1.807,1.741,2.197,1.263,1.522,1.844,2.433,1.813,1.003,0.698,2.543,1.607,1.553,1.567,1.507,0.737,,1.892,2.71,1.348,1.931,0.92,0.641,0.656,0.803,1.376,1.174,0.732,1.159,1.602,0.67,1.395,0.713,1.942,1.251,1.039,1.328,1.982,1.527,0.844,0.494,2.86,2.909,1.588,2.281,0.982,1.01,1.428,2.972,2.297,2.132,2.269,2.846,2.89,1.684,2.477,0.622,1.021,0.892,2.023,3.284,2.389,2.128,0.76,1.874,1.301
20160203,11,AQI,65,50,48,45,48,52,55,55,46,48,50,36,,224,262,188,195,198,220,,228,105,139,215,80,175,,87,72,133,87,90,95,58,153,156,149,158,192,160,59,172,93,88,95,346,326,280,301,143,201,179,132,112,159,57,54,65,81,54,72,65,73,84,44,82,64,85,49,127,107,99,280,252,239,90,133,104,109,78,,49,104,114,55,64,58,103,196,79,107,267,214,71,185,138,103,226,166,,172,192,155,209,183,,163,90,69,69,58,57,80,60,95,77,65,98,95,78,118,84,108,77,113,63,84,130,128,107,,135,144,138,147,114,127,124,122,127,120,117,112,107,109,84,108,115,208,150,186,158,200,183,165,159,175,147,149,125,134,144,134,128,134,99,94,110,85,105,182,198,218,189,139,143,130,138,129,130,124,155,195,215,168,180,128,,188,179,168,145,156,224,216,193,190,183,198,,176,202,182,219,155,211,259,224,232,211,179,213,196,170,182,112,212,234,224,209,123,92,59,170,149,150,137,130,159,152,109,129,176,124,153,,160,162,166,72,80,74,79,143,150,104,,117,,200,182,,112,155,127,60,57,74,128,102,109,114,102,99,83,112,88,139,71,123,133,,180,139,139,142,138,43,45,40,49,39,42,20,30,25,102,84,74,140,104,127,56,103,94,96,185,134,145,134,,46,201,123,140,142,123,153,144,175,180,170,125,155,145,178,157,130,172,135,155,147,152,149,132,145,159,143,142,172,99,99,102,95,105,,117,103,113,103,79,64,52,,45,45,55,50,50,50,53,50,55,53,42,62,53,55,52,39,53,43,53,55,55,53,52,46,52,46,60,57,46,54,65,40,31,63,43,39,59,56,,57,69,55,45,53,58,53,58,52,49,57,65,72,,124,,98,110,92,92,124,127,33,51,35,36,39,70,82,77,70,74,80,64,82,75,78,68,72,,79,84,78,100,107,105,90,88,105,,109,76,97,95,102,100,59,90,100,87,94,52,54,28,45,50,52,55,141,143,110,61,157,56,153,98,89,176,299,130,299,114,185,122,230,117,74,186,135,109,98,124,123,239,226,217,88,75,249,204,200,189,,306,324,256,377,281,357,107,126,123,112,,90,114,82,92,109,60,88,99,134,66,155,139,62,137,123,51,50,43,54,46,74,64,77,63,95,69,99,125,75,82,48,487,176,127,167,41,40,33,25,228,289,173,213,255,229,183,,324,339,226,,223,252,276,267,220,135,209,,208,176,255,205,265,302,296,155,68,,104,145,105,243,,211,,210,149,144,117,252,,226,190,202,,53,72,68,235,253,284,,65,64,64,69,24,45,40,39,32,41,39,45,50,46,40,46,45,49,48,47,50,48,39,59,38,29,30,62,65,60,52,60,49,64,60,65,22,30,28,40,39,48,38,50,39,53,63,73,75,163,150,163,114,105,107,99,127,178,216,228,,189,183,130,338,132,82,119,185,189,68,201,160,87,56,237,87,50,500,70,94,79,76,60,89,43,139,88,75,123,67,214,134,152,363,127,225,105,110,144,179,204,305,93,54,113,54,72,,53,78,89,117,128,134,129,165,202,125,183,103,119,11,128,61,110,122,105,113,137,132,137,137,134,122,68,117,102,114,109,123,26,173,99,103,149,125,118,108,185,179,139,176,199,94,92,92,132,83,59,204,93,241,186,175,156,175,119,120,87,147,175,196,185,162,122,127,138,112,124,105,113,99,120,135,90,117,158,132,32,158,98,92,138,147,162,138,,85,80,94,92,84,99,,88,98,24,18,125,143,134,140,160,152,160,159,139,125,175,108,123,103,122,130,104,109,124,150,139,129,89,89,110,92,114,135,130,133,158,153,87,98,92,,72,69,65,175,233,113,365,70,103,95,105,53,63,144,84,238,158,157,212,169,187,234,230,120,123,163,128,102,91,186,98,,153,253,143,105,110,150,244,160,114,193,164,168,245,,193,125,219,182,209,232,160,156,308,270,243,244,88,108,180,190,210,207,228,104,155,139,114,127,110,135,127,90,109,,129,133,119,,82,83,160,,147,144,148,139,179,203,204,140,125,,88,103,82,94,81,104,102,,,90,97,104,104,69,92,109,163,170,128,130,60,57,73,255,179,312,500,219,145,238,193,378,134,108,75,,89,102,232,212,,233,130,138,78,122,63,,94,188,138,,61,68,39,133,49,72,75,76,82,118,31,27,23,29,52,62,59,45,132,114,148,119,156,73,109,92,103,94,89,100,95,68,53,59,95,102,102,89,221,218,211,202,223,158,105,112,77,74,87,163,38,25,62,193,42,63,82,38,,95,94,103,69,73,80,89,145,101,125,95,56,,372,100,48,58,28,92,98,56,23,104,124,123,152,170,172,,169,152,162,63,78,95,166,108,102,147,137,109,119,104,109,109,83,119,87,102,59,259,251,249,83,,89,113,129,115,70,,68,77,84,92,72,73,88,83,87,103,58,28,56,46,22,36,36,38,40,18,36,30,59,28,26,33,43,62,57,46,65,85,82,85,78,69,138,122,118,120,108,92,99,133,90,73,92,94,90,95,70,89,94,70,102,88,95,68,79,115,132,125,79,133,,73,69,69,68,67,90,93,87,125,125,117,212,251,201,231,140,149,140,173,98,132,147,139,132,150,133,120,,123,110,103,115,114,128,94,148,123,115,112,137,144,128,122,58,93,120,84,122,153,127,122,115,120,149,118,102,155,102,85,132,112,128,105,103,113,75,175,123,92,90,93,134,103,128,110,132,135,134,144,125,180,155,85,102,102,109,128,75,108,125,94,112,73,70,70,85,103,108,135,98,107,109,97,114,89,105,105,75,84,134,72,58,75,70,94,83,74,114,89,103,77,63,89,99,36,45,50,99,115,89,,83,102,97,54,53,100,102,115,132,149,190,135,99,93,99,115,114,107,118,122,128,124,127,95,122,142,89,82,70,73,,92,144,132,127,148,140,159,134,144,110,119,127,219,94,75,115,117,95,132,23,55,20,60,,75,84,112,124,135,82,58,63,55,42,54,64,68,55,69,62,95,100,35,49,98,,64,112,76,55,34,48,45,37,40,61,73,49,42,36,38,32,44,48,20,77,52,70,48,67,108,51,60,25,31,53,119,110,188,26,25,26,282,73,79,25,32,270,210,234,216,58,99,103,84,115,142,125,64,80,83,72,60,74,83,87,53,98,143,89,142,124,161,105,156,129,57,112,128,,124,84,127,113,110,198,123,106,100,48,173,166,168,77,118,128,89,124,85,153,190,72,69,28,169,333,70,109,56,57,79,183,224,138,143,312,113,103,159,64,29,33,160,244,428,107,32,178,46
20160203,11,PM2.5,47,35,33,31,33,36,39,39,32,33,35,,,174,212,141,146,148,170,,178,79,106,165,59,132,,63,52,101,64,67,71,31,117,119,114,120,144,122,42,130,61,55,71,296,276,230,251,109,151,135,100,84,121,19,27,39,40,16,52,47,35,18,23,60,46,63,34,96,80,66,230,202,189,67,101,78,82,57,,33,78,86,35,38,36,77,147,58,80,217,164,49,139,105,77,176,126,,130,144,118,159,138,,124,67,50,50,41,38,59,42,71,56,47,73,69,57,89,62,81,56,85,42,62,99,97,80,,103,110,105,112,86,96,94,92,96,91,88,84,80,82,62,81,87,158,115,140,120,150,138,125,121,132,112,114,95,102,110,102,97,102,74,70,83,63,79,137,148,168,142,80,109,89,105,98,99,88,118,146,165,127,136,97,,141,135,127,111,119,174,166,145,143,138,148,,133,152,137,169,118,161,209,174,182,161,135,163,147,129,137,84,162,184,174,159,93,68,42,129,114,115,104,99,121,116,82,98,133,94,117,,122,123,126,52,59,54,58,109,115,78,,88,,150,137,,84,118,96,43,40,54,97,76,82,86,76,74,61,84,65,106,44,93,101,,136,106,106,108,105,30,31,28,34,27,28,14,21,12,76,50,54,107,78,96,39,77,70,,139,102,111,102,,,151,93,107,108,93,117,110,132,136,129,95,118,111,134,115,99,130,103,118,112,116,114,100,111,121,109,103,130,74,74,76,71,79,,88,77,85,77,58,46,36,,31,31,39,35,35,35,37,35,39,37,29,44,31,39,36,27,37,30,37,39,39,37,36,32,36,32,43,40,32,38,47,24,,45,25,18,42,31,,40,50,39,31,33,41,37,41,36,34,40,47,52,,94,,73,83,68,68,94,96,20,22,23,25,21,51,60,56,51,54,59,46,60,55,57,49,52,,58,62,57,75,80,79,67,65,79,,82,55,72,71,76,75,42,67,75,64,70,36,38,19,31,35,36,39,95,87,65,18,,17,117,73,42,133,249,99,249,72,139,92,180,88,53,140,103,82,73,94,93,189,176,167,50,12,199,154,150,142,,256,274,206,267,231,307,80,94,93,84,,67,86,60,68,82,43,65,74,102,42,118,106,42,104,93,23,19,30,36,21,54,46,56,45,71,50,74,95,54,60,33,105,133,96,125,22,20,23,17,178,239,128,163,205,179,138,,274,289,176,,173,202,226,217,170,103,159,,158,133,205,155,215,,246,118,49,,78,111,62,193,,161,,160,114,110,88,174,,175,143,152,,37,44,45,185,203,234,,47,46,46,50,,26,23,23,22,27,27,31,34,32,28,32,31,34,29,26,35,33,27,42,26,20,21,44,47,43,36,43,34,46,43,47,15,18,19,28,27,33,26,35,27,37,45,53,55,124,115,124,86,79,71,74,96,134,166,178,,142,138,96,288,100,46,90,139,142,49,151,112,64,28,187,64,14,387,51,70,58,49,39,66,30,106,65,55,93,37,164,102,116,297,96,154,79,83,110,135,154,255,69,33,85,35,52,,37,57,66,88,97,102,98,125,152,95,138,77,90,2,97,41,83,92,79,85,104,100,104,104,102,92,48,88,76,86,82,93,7,131,74,77,114,95,89,81,139,135,106,133,149,70,47,68,100,61,40,154,69,191,140,132,119,132,90,90,64,112,132,147,139,123,92,96,105,84,94,79,85,74,91,103,67,88,120,100,,120,73,68,105,112,123,105,,63,59,70,68,62,74,,65,73,4,4,95,109,102,107,122,116,122,121,106,95,132,81,93,77,92,99,78,82,94,115,106,98,66,66,83,68,86,103,99,101,120,117,64,73,68,,52,50,47,132,183,15,315,51,77,71,79,37,44,110,62,188,120,99,162,128,,184,180,91,93,124,97,60,28,81,39,,117,203,109,58,59,115,194,122,80,55,45,55,195,,145,95,169,137,159,182,122,119,258,220,193,194,65,81,136,143,160,157,178,78,118,106,86,45,83,103,96,67,82,,98,101,90,,60,61,122,,112,110,113,106,135,153,154,107,95,,65,72,60,70,59,78,76,,,67,72,78,78,50,68,82,124,129,97,99,43,31,53,205,90,227,115,169,111,188,145,328,23,81,55,,66,76,182,162,,183,99,105,57,92,37,,70,141,105,,37,47,27,101,34,36,,53,60,89,16,17,6,14,12,44,42,31,100,86,113,89,119,53,82,68,67,43,50,54,60,49,37,41,45,76,76,66,171,168,161,152,173,120,79,84,56,54,64,124,26,16,44,145,29,45,60,2,,71,70,77,50,53,59,66,94,65,95,71,33,,322,75,33,41,,68,73,34,16,78,94,93,116,129,130,,128,116,123,45,57,71,126,81,76,112,104,82,90,78,82,82,61,90,64,76,42,209,201,199,61,,66,85,98,87,51,,49,56,62,68,52,53,65,56,64,77,32,19,32,32,15,25,25,26,28,6,25,21,24,19,18,20,25,44,40,32,47,63,60,63,57,50,105,92,89,91,81,62,74,101,67,53,68,70,67,71,51,66,70,35,76,65,71,49,58,87,100,95,51,101,,26,24,27,17,48,67,69,64,95,95,88,162,201,151,181,107,114,107,131,73,100,112,106,100,115,101,91,,93,83,77,87,86,97,70,113,93,87,84,104,110,97,92,41,69,91,62,92,117,96,92,87,91,114,,76,118,76,62,100,84,97,79,77,85,55,132,93,68,67,69,102,77,97,83,100,103,102,110,95,136,118,63,76,76,82,97,55,81,95,70,84,53,51,47,63,77,81,103,73,80,82,72,86,47,79,79,55,62,102,52,41,55,51,70,61,54,86,66,77,56,45,66,74,21,31,35,74,87,66,,61,76,72,30,37,75,76,87,100,114,143,103,74,69,74,87,86,80,89,92,97,94,96,71,92,108,66,60,49,53,,68,110,100,96,113,107,121,102,110,83,90,96,169,70,55,87,88,71,100,11,39,8,43,,55,62,84,94,103,24,41,45,39,29,38,46,49,39,50,36,71,75,24,34,73,,46,58,54,35,10,33,31,24,22,29,45,30,29,25,26,22,30,33,10,56,36,51,33,48,81,33,43,,12,32,90,33,141,18,2,,232,53,58,16,22,220,160,184,166,41,74,77,62,87,108,95,46,59,61,50,43,54,61,63,28,66,109,66,108,57,55,79,119,98,30,84,97,,94,55,96,28,83,148,93,69,75,33,131,126,127,,89,97,66,74,63,117,143,52,48,13,118,283,36,82,28,32,44,138,174,105,109,262,85,77,121,13,4,13,122,194,391,80,22,134,32
20160203,11,PM2.5_24h,40,21,33,37,31,32,42,33,30,27,30,,,92,91,68,70,78,98,,78,61,74,82,48,88,,65,80,60,58,79,68,30,77,91,70,76,91,94,47,74,63,50,46,148,143,172,140,155,203,166,184,173,213,20,17,18,24,24,38,46,35,36,18,80,58,61,56,132,166,101,130,139,130,64,84,100,88,70,,36,77,87,44,48,49,79,70,72,81,108,84,52,60,49,84,113,102,,126,162,74,145,119,,141,69,63,43,49,34,44,44,45,55,28,96,100,87,99,93,75,96,102,85,86,89,100,118,,137,122,138,144,94,112,101,118,95,87,95,75,113,86,75,82,83,126,114,130,119,135,124,115,124,113,132,143,114,137,129,118,129,110,104,73,89,77,95,85,91,98,87,90,109,100,114,108,105,100,110,120,138,107,118,124,,121,136,123,121,133,146,151,143,142,139,150,,129,129,143,112,93,135,145,119,145,118,124,113,80,61,85,42,148,169,150,150,77,56,43,81,69,81,78,77,83,82,51,87,93,89,86,,81,88,89,61,69,61,64,77,79,58,,76,,122,106,,65,78,71,76,76,74,88,69,69,76,71,66,62,79,61,103,59,96,98,,124,107,101,103,96,22,22,22,28,21,22,19,24,19,85,63,57,93,79,93,52,85,82,103,121,90,98,103,,95,111,59,85,76,67,81,86,86,90,82,72,76,74,78,83,77,79,67,61,97,111,120,110,117,121,114,103,126,84,101,99,98,105,,117,113,108,97,91,34,31,,28,30,29,34,29,36,32,27,31,30,26,34,15,31,29,17,23,22,29,27,26,26,28,25,31,26,36,37,26,33,40,21,24,31,18,17,33,14,,33,31,28,22,26,29,27,31,23,22,25,38,24,,80,,75,76,72,66,75,77,9,18,21,23,24,57,75,64,58,65,63,46,55,63,64,65,55,,64,56,60,62,90,76,71,72,73,,77,80,71,74,65,74,64,54,75,66,67,56,38,23,56,54,69,49,57,47,30,21,35,26,76,53,58,73,101,72,137,59,125,59,118,102,47,92,96,55,70,82,65,97,105,107,43,73,88,94,66,79,,241,347,252,243,265,295,92,109,104,102,,127,145,94,126,141,42,90,115,95,52,68,67,45,68,81,32,43,21,25,28,80,70,78,69,90,81,97,110,62,60,30,89,65,63,75,24,21,22,17,129,115,91,127,150,134,130,,211,188,144,,138,119,135,139,123,86,117,,120,122,184,156,184,213,153,64,51,,45,75,74,121,,95,,120,132,129,107,136,,179,110,93,,47,57,49,127,92,93,,40,39,44,41,45,18,18,21,19,20,21,24,24,25,26,26,23,22,24,23,21,27,14,21,23,14,16,41,40,41,24,26,22,39,29,39,11,13,15,21,20,21,18,25,21,28,36,37,41,130,118,122,50,54,44,47,63,80,98,109,,105,155,91,224,92,46,74,106,48,36,68,74,45,24,76,29,19,195,69,75,76,100,101,79,42,82,74,79,99,45,105,84,112,98,97,75,89,94,72,91,81,80,70,45,87,64,57,,38,42,47,45,48,62,93,88,110,115,75,83,52,35,55,31,69,94,72,95,97,90,95,84,104,77,50,89,69,79,71,100,14,85,66,63,101,87,69,71,123,109,80,109,114,63,55,77,83,50,36,89,38,96,90,82,81,51,56,64,49,113,120,134,118,119,80,93,92,78,79,80,73,54,78,74,82,106,103,92,76,86,50,54,82,80,90,78,,65,66,76,65,68,67,,70,78,8,8,71,79,85,81,121,123,132,117,108,105,55,56,42,56,92,86,74,84,103,107,107,103,61,74,90,75,86,104,97,104,110,108,60,61,64,,59,45,45,95,35,30,201,62,83,71,73,36,45,52,70,122,100,73,125,101,242,138,146,71,64,76,57,57,45,53,49,,83,107,66,59,46,99,133,123,89,73,57,51,114,,82,77,131,74,87,99,61,62,134,107,89,87,65,48,89,82,84,99,82,52,70,63,58,36,114,122,106,82,99,,94,102,107,,76,79,104,,122,122,127,102,116,123,124,96,95,,101,63,55,55,47,71,72,,,54,59,95,76,56,74,78,101,105,90,82,37,27,39,60,51,78,58,71,59,104,91,167,89,56,63,,73,79,127,126,,141,90,64,38,71,30,,53,150,119,,29,43,33,27,21,55,76,48,42,66,26,33,17,12,7,47,49,43,89,72,47,87,96,59,70,70,67,128,91,89,91,90,44,70,50,84,80,79,106,114,91,104,93,80,39,41,49,40,52,76,44,19,41,58,18,27,54,40,,50,43,51,38,38,47,18,44,39,45,54,28,,91,50,28,33,,79,89,68,24,96,50,120,132,140,144,,146,124,127,46,66,83,116,92,73,86,75,76,79,79,99,93,77,85,67,74,53,170,152,174,69,,56,95,107,104,50,,42,52,64,60,59,64,52,61,52,87,22,26,24,26,15,24,24,28,24,7,23,18,22,15,13,16,17,22,30,25,51,68,66,66,63,69,126,110,109,108,81,61,66,93,62,52,62,70,66,63,49,62,66,35,74,61,68,61,60,77,91,72,71,86,,45,57,40,32,44,58,58,56,90,77,70,111,124,95,98,90,107,102,124,43,62,89,83,73,81,77,93,,100,83,89,107,105,112,80,99,70,74,88,91,104,86,95,24,51,59,40,70,87,78,66,107,111,129,88,83,98,72,73,79,97,96,96,91,88,73,88,71,51,63,67,91,90,95,87,102,100,90,107,94,100,97,82,66,73,65,84,73,161,112,92,97,57,54,47,57,62,60,73,70,66,71,53,83,46,65,81,42,73,86,38,31,45,38,63,58,55,71,68,72,60,53,65,70,19,29,37,57,71,56,,70,89,82,29,36,62,64,75,104,101,131,82,73,64,69,74,87,73,73,120,109,109,113,75,80,81,72,44,57,57,,59,84,85,87,88,85,117,84,114,96,66,94,121,60,39,60,67,68,82,14,30,22,42,,39,56,73,67,82,50,65,61,61,63,48,59,62,53,48,39,66,65,28,33,60,,45,47,40,45,25,27,31,24,34,34,57,46,29,29,70,63,81,45,25,27,47,54,38,60,71,29,38,13,14,36,31,36,38,18,21,,88,17,26,8,12,131,138,129,138,37,62,70,57,76,99,88,43,37,66,52,36,37,46,41,35,62,63,47,82,62,50,57,93,59,22,72,50,,98,56,36,20,53,86,36,44,29,24,130,107,104,,88,82,53,59,52,84,94,43,41,14,149,353,44,71,51,54,57,119,146,108,77,117,72,72,113,26,8,21,119,198,327,47,24,80,31
20160203,11,PM10,,41,41,40,,42,44,41,37,46,45,,,228,246,175,194,200,174,,202,98,139,198,60,,,124,90,156,116,91,118,66,168,189,187,180,174,131,56,189,136,126,120,405,365,305,377,137,185,165,151,117,157,64,58,80,112,58,78,67,95,117,44,96,61,84,44,190,99,147,329,260,268,98,168,135,149,88,,49,101,125,60,77,66,121,153,102,129,330,197,92,196,149,121,228,197,,215,202,202,211,250,,238,105,68,74,53,63,88,70,96,82,51,126,139,100,137,104,102,62,115,76,111,117,125,104,,144,169,174,158,126,107,116,128,98,102,,100,,90,,88,98,233,197,210,205,192,202,190,205,177,,122,,,,166,,125,95,117,125,87,123,233,279,250,217,227,199,209,202,193,167,198,238,245,245,225,178,162,,178,164,181,156,172,221,274,266,252,215,276,,224,226,154,233,233,243,253,187,257,228,216,256,199,169,193,147,196,185,213,184,135,91,57,178,133,171,155,138,157,175,122,133,186,133,166,,152,152,180,67,73,71,73,142,139,116,,132,,155,173,,133,133,,69,57,61,101,95,,110,104,92,69,,89,,91,128,107,,137,113,113,,130,43,43,37,39,,42,17,27,25,111,118,98,169,,,62,91,115,141,225,146,197,121,,,214,116,160,165,178,172,217,150,175,215,171,178,168,182,263,182,182,123,165,,,,113,,127,,233,159,,,,,,,,,,79,64,51,51,,36,45,,48,45,41,,42,48,40,33,49,55,44,40,28,44,37,49,47,52,38,44,,45,37,,41,37,,,40,31,,43,39,42,61,,41,,41,41,55,51,48,47,52,41,50,,,,113,,111,118,80,82,117,128,33,52,35,33,39,54,67,57,55,56,59,64,,62,64,59,60,,66,85,63,78,91,100,92,96,89,,100,101,85,84,118,82,59,100,99,107,117,46,57,20,39,46,36,48,231,236,169,72,264,62,193,126,128,196,296,197,355,177,192,172,275,149,97,230,161,111,126,140,132,263,229,231,126,25,334,222,258,269,,396,285,281,481,273,350,97,202,118,119,,96,89,72,82,,63,,111,117,81,157,184,73,149,153,51,50,,58,46,91,62,76,64,103,77,108,108,99,105,48,587,240,168,283,41,40,32,23,339,361,296,285,289,290,314,,390,425,225,,210,326,251,293,255,168,294,,245,,229,180,283,421,324,192,76,,114,178,159,292,,240,,264,194,114,146,386,,368,250,245,,56,94,85,302,278,342,,56,47,62,,,45,40,39,29,41,39,40,43,38,40,39,34,45,48,47,43,,38,49,27,23,21,,48,56,40,47,48,,51,50,17,30,26,35,30,40,38,38,30,43,70,94,95,177,165,164,136,122,163,77,138,158,238,258,,206,264,209,,,113,128,,,81,280,270,,61,303,94,50,606,86,128,105,102,70,110,38,117,105,74,96,83,202,150,180,470,146,367,,127,140,234,246,345,94,58,130,57,66,,45,57,91,160,,144,139,189,213,175,162,97,95,5,112,71,,101,115,122,118,104,,156,138,141,85,,84,107,153,,22,181,102,135,157,157,117,98,218,249,,259,227,,133,,149,93,67,223,92,268,234,218,150,182,146,190,121,142,155,,169,168,151,182,143,104,102,96,123,103,,,87,106,,121,,125,89,,,116,,148,,67,72,,70,77,99,,83,,24,11,125,133,126,132,140,,138,145,,117,252,150,136,101,,120,117,113,115,118,139,135,127,113,110,114,111,128,146,133,143,159,91,,96,,63,56,58,158,198,176,335,64,84,120,91,56,75,126,91,211,181,263,228,215,324,269,222,128,163,153,149,153,131,322,146,,212,303,212,160,169,189,218,270,177,336,278,286,282,,216,138,255,178,,241,175,169,325,260,359,308,95,92,193,229,244,215,251,110,145,157,172,203,134,123,134,122,110,,112,156,131,,98,98,,,168,160,175,117,,193,182,155,136,,73,155,98,131,112,98,95,,,77,101,92,97,61,128,131,164,156,124,149,59,63,,303,308,429,628,302,204,,172,461,218,140,98,,75,111,185,216,,250,178,178,76,106,76,,127,189,150,,71,85,32,123,41,94,,101,84,133,31,,12,29,26,57,64,39,121,122,,187,190,55,147,99,155,137,127,149,139,77,52,68,140,102,109,100,207,195,240,262,213,162,123,122,66,84,108,176,36,22,51,204,40,76,84,6,,105,,81,65,73,86,,240,152,113,95,62,,380,87,,,28,95,102,61,19,,125,101,145,161,144,,,129,,48,86,102,128,98,114,150,172,148,124,113,,108,92,93,,80,62,244,205,224,75,,69,91,112,104,65,,67,75,65,90,87,79,,115,104,92,66,,62,46,,30,27,34,40,,,,68,24,25,33,43,55,56,38,58,77,84,96,70,68,134,114,100,111,109,133,111,157,103,,77,76,,,65,75,88,89,82,73,79,60,70,116,144,112,107,126,,96,88,87,86,84,101,112,117,125,127,107,249,256,245,254,,206,188,184,133,120,112,163,153,195,172,155,,149,151,129,135,127,144,119,223,173,171,107,147,141,114,114,60,94,108,93,116,132,111,101,107,122,175,186,122,158,106,119,136,100,121,94,140,142,93,155,114,114,84,86,,,,,102,,,,102,141,125,,121,142,107,139,81,91,103,93,106,83,77,90,73,109,121,141,136,123,100,97,119,128,88,113,97,92,137,,42,70,68,78,72,59,87,73,80,59,69,70,,36,32,43,93,,76,,,83,102,58,52,87,,155,133,143,196,125,91,90,95,93,106,97,121,113,104,118,144,,121,,108,63,89,84,,114,128,118,118,176,161,190,175,180,161,124,137,196,80,98,117,123,112,124,23,,20,56,,69,78,123,120,142,29,60,48,57,34,56,56,56,54,54,74,84,104,35,49,96,,61,174,102,59,34,44,,37,40,72,96,49,,29,,28,44,,20,101,,,39,76,97,52,52,,31,56,,170,298,,13,,291,77,95,21,,256,190,,225,47,115,114,96,95,,95,66,70,77,94,46,90,102,123,55,145,176,101,154,197,271,106,,156,64,92,101,,129,117,150,175,123,214,131,162,125,45,168,220,182,103,98,103,110,197,97,185,,77,88,28,288,401,90,132,61,64,107,187,205,153,231,323,95,92,,77,4,33,172,313,451,120,24,143,41
20160203,11,PM10_24h,,26,47,42,,44,52,52,44,52,45,,,147,126,90,110,117,130,,113,101,131,116,90,127,,115,112,114,105,124,96,65,120,126,120,119,119,110,72,114,102,105,104,218,195,231,229,196,255,204,225,230,256,40,43,46,53,34,56,65,58,64,41,135,79,71,72,177,184,192,173,186,163,89,129,128,129,90,,50,104,126,75,94,81,120,112,112,109,179,110,84,98,87,130,149,155,,200,226,122,197,213,,188,100,84,60,75,62,61,76,65,77,45,169,143,137,127,111,98,129,137,111,138,107,122,134,,161,159,178,192,132,135,124,159,116,104,109,97,131,95,89,101,106,177,169,182,160,200,177,165,194,161,135,160,138,169,154,187,152,141,118,113,124,101,130,140,163,131,127,179,160,177,186,175,169,165,217,205,220,174,147,183,,156,160,176,161,177,179,195,184,197,192,213,,170,188,164,160,183,192,166,144,188,172,196,175,127,98,113,90,178,197,195,208,105,76,51,116,84,118,111,107,131,121,69,117,130,131,123,,103,114,131,76,89,76,80,104,99,94,,98,,135,131,,114,90,,112,103,87,93,82,75,96,97,101,75,90,82,111,74,117,113,,163,118,107,102,113,29,31,31,24,19,32,24,41,32,121,108,86,114,90,72,56,102,119,134,192,141,175,131,,148,177,81,118,108,117,114,163,141,139,134,131,121,116,133,134,120,114,103,89,109,150,148,140,146,149,134,140,160,,125,120,143,112,,148,116,142,110,81,42,41,,33,35,31,39,40,39,37,33,42,34,27,35,30,32,36,20,32,29,35,36,44,31,42,20,37,30,40,37,29,27,58,33,31,34,32,33,37,34,,35,31,31,29,35,36,36,41,33,32,35,46,31,,89,,96,102,82,80,97,110,18,30,30,31,32,66,85,72,65,75,72,61,68,74,77,76,65,,78,75,76,76,111,100,97,91,91,,97,121,79,82,91,79,89,75,85,96,106,79,63,41,102,80,113,98,162,145,105,66,118,71,125,103,106,127,148,158,180,141,173,112,207,135,102,164,141,92,113,116,92,138,147,158,74,101,133,142,97,110,,400,421,298,451,313,415,129,191,136,140,,160,169,133,160,153,63,114,199,109,74,92,127,103,94,116,60,66,36,42,55,131,96,111,95,130,120,142,150,81,76,46,128,107,102,129,34,33,29,25,194,168,161,202,208,205,204,,296,276,192,,196,195,176,197,169,149,193,,209,87,227,181,258,324,201,94,87,,61,99,141,179,,141,,184,163,158,161,227,,282,157,149,,63,89,79,176,137,147,,47,45,57,53,51,32,32,34,24,31,40,32,31,34,27,31,27,38,34,32,27,19,26,21,24,21,20,43,38,44,27,30,32,39,36,35,16,19,22,27,26,32,31,34,25,31,50,56,57,183,168,174,103,83,96,57,94,92,140,164,,149,212,168,268,100,93,112,109,40,80,154,164,103,51,121,52,37,291,106,126,127,170,159,130,57,112,166,141,130,100,157,120,176,165,154,140,112,109,103,115,117,115,88,75,152,92,76,,47,56,70,85,57,84,133,133,153,189,99,88,73,45,64,51,78,109,92,126,117,116,124,121,128,111,89,132,84,98,102,113,21,128,97,137,154,125,83,102,169,193,130,184,178,96,125,115,100,75,54,145,84,150,136,118,102,90,100,124,82,153,155,110,142,155,122,160,119,114,91,102,103,153,86,82,106,116,165,94,125,103,59,65,,79,89,97,,68,71,75,68,88,82,,91,89,16,15,85,106,105,106,141,136,148,139,119,122,94,109,73,83,104,118,106,106,124,127,126,138,95,109,102,96,123,129,142,130,131,172,82,67,75,,70,68,59,125,174,134,240,99,99,98,99,62,71,82,116,138,149,206,175,180,330,191,168,102,104,102,86,106,91,137,140,,130,161,168,86,125,142,221,223,176,217,211,219,161,,130,117,183,134,110,132,91,95,168,138,145,134,88,77,123,118,131,140,124,74,92,85,93,88,158,155,143,125,131,,108,138,142,167,128,130,118,,165,175,168,108,112,149,151,134,129,,115,111,96,104,89,95,95,,,92,89,128,104,68,128,116,142,123,111,134,53,59,51,144,126,147,181,126,110,130,127,234,132,87,92,,91,113,139,160,,195,153,125,46,85,63,,104,225,163,,61,72,54,42,32,78,120,78,53,87,51,54,26,18,12,70,68,56,133,120,70,135,129,86,123,90,135,172,128,132,129,67,59,85,54,102,98,104,128,134,141,199,118,103,64,64,63,60,67,85,41,28,55,89,29,41,96,89,,65,54,61,52,54,68,19,116,88,57,66,53,,178,56,30,31,30,125,117,87,33,119,143,137,158,157,158,,176,151,,81,84,124,138,112,101,112,108,137,100,107,116,123,99,88,76,84,82,211,166,198,86,,65,109,116,117,68,,57,66,71,78,85,80,56,97,86,112,34,26,36,34,22,29,30,35,30,11,22,17,40,18,18,22,24,25,40,35,67,90,107,90,74,92,149,136,140,136,101,127,101,117,83,56,74,82,70,74,61,70,77,71,79,70,80,70,80,110,130,91,89,114,,98,106,94,104,72,82,94,96,118,101,85,145,172,134,143,167,224,190,185,112,110,94,130,108,125,125,153,,145,165,128,150,131,165,114,149,101,107,109,126,124,105,112,35,68,72,59,93,107,101,86,124,149,182,130,121,122,114,115,118,120,123,120,126,147,116,94,87,88,81,82,106,110,113,105,116,117,100,115,114,121,112,,92,97,112,120,107,132,143,152,135,81,71,89,72,97,90,100,118,113,135,70,101,96,80,105,74,107,138,39,34,54,45,75,67,61,79,71,80,63,68,66,79,38,52,45,67,77,62,,69,107,104,65,65,68,68,145,132,111,166,104,91,85,97,91,101,94,96,142,131,149,160,82,98,95,102,55,79,72,,91,104,103,104,140,115,176,147,180,164,96,139,142,77,77,90,98,107,108,24,39,34,42,,46,69,106,82,110,68,95,86,89,68,66,65,70,61,65,83,79,89,39,53,78,,55,89,54,66,48,42,41,34,51,88,70,70,39,40,120,85,129,59,39,69,65,57,42,86,77,36,50,19,26,65,,158,199,67,54,,132,37,42,19,15,140,155,122,168,65,112,101,90,94,119,103,69,59,84,97,43,49,64,110,69,105,109,71,112,164,180,80,94,89,53,83,69,,134,113,56,104,81,121,63,80,61,43,133,149,128,108,99,95,91,122,76,146,147,107,87,32,352,494,98,132,106,127,150,184,188,180,208,209,81,85,104,43,19,27,173,312,379,76,33,89,37
20160203,11,SO2,30,27,16,23,18,26,34,12,12,27,27,32,,121,127,116,93,65,70,,85,53,48,57,21,47,,218,132,138,162,130,191,84,52,55,36,60,55,48,40,162,122,144,66,135,324,218,175,166,66,81,93,91,68,38,65,77,98,28,30,35,29,150,35,113,25,34,62,100,85,95,107,96,123,125,208,185,116,51,,118,163,199,88,92,126,292,68,74,71,228,79,31,191,26,103,134,148,,150,610,141,427,477,,212,46,58,72,65,25,30,146,91,152,21,135,74,59,67,74,52,45,94,47,64,99,110,74,,109,174,33,97,128,105,118,129,29,30,26,28,21,26,23,29,39,38,39,37,48,39,31,32,23,30,34,33,45,44,21,36,35,33,42,67,39,30,36,97,97,95,102,69,59,35,29,58,44,22,69,65,60,63,41,30,,37,38,46,40,44,58,41,67,65,33,58,,57,58,59,44,53,48,79,52,33,30,37,66,31,39,39,47,32,40,40,37,17,14,14,21,18,28,22,17,35,77,26,26,33,30,33,,28,31,28,7,5,8,10,34,48,,,32,,30,44,,24,24,19,13,8,8,11,17,8,18,10,14,12,14,8,87,49,50,50,,27,61,44,6,13,6,12,6,8,7,5,2,5,2,22,22,22,18,27,24,17,40,23,27,80,46,62,54,,62,59,12,73,78,97,74,70,84,84,142,126,72,137,123,76,108,164,126,91,39,31,26,37,38,101,35,47,49,5,5,6,7,11,,9,11,40,5,3,3,2,,11,1,6,5,2,6,4,6,5,5,4,6,9,8,5,5,7,2,8,9,14,10,6,6,11,6,5,5,8,10,13,16,16,18,15,5,4,3,,8,7,13,4,9,6,5,4,5,7,3,6,10,,20,,20,22,18,16,11,20,5,1,1,4,10,6,7,7,17,9,20,12,9,12,24,22,5,,17,20,26,16,11,14,17,8,10,,10,10,40,55,38,28,26,52,62,37,54,12,16,8,10,26,15,12,12,13,8,5,20,8,68,38,31,48,17,55,29,41,21,36,56,78,22,42,38,17,44,61,42,69,59,25,350,324,426,319,410,417,,11,23,28,24,51,14,202,117,161,114,,20,12,17,14,30,25,6,26,3,84,190,58,43,248,67,45,44,36,21,31,79,102,65,63,96,71,102,202,41,41,80,,430,394,154,7,5,7,2,216,190,191,123,119,94,87,,67,77,58,,65,108,49,127,149,97,92,,115,129,228,83,103,36,142,50,63,,63,51,53,372,,318,,254,62,45,56,99,,113,81,69,,60,96,57,87,206,262,,18,11,8,8,18,24,28,11,10,10,7,11,148,13,10,14,10,11,5,8,96,6,2,6,7,7,7,4,3,7,5,5,7,9,9,15,6,8,3,2,2,5,3,22,13,99,20,13,11,41,31,40,36,211,129,75,198,216,414,278,,166,237,71,104,141,138,64,86,271,104,299,259,186,60,191,78,88,137,110,99,159,68,63,69,38,103,83,44,60,38,298,138,447,363,205,217,105,83,135,,716,862,67,35,102,44,42,,23,22,83,246,21,246,62,128,139,137,43,24,25,31,37,36,22,30,41,9,37,23,31,23,6,23,10,23,6,23,37,26,9,82,134,100,126,120,139,41,159,271,180,197,189,52,56,48,65,106,132,132,100,154,122,105,65,131,95,142,54,17,24,10,22,25,72,63,53,17,19,15,42,2,18,38,48,34,50,11,13,15,4,10,20,19,12,21,,8,11,7,15,16,14,,21,15,3,4,5,11,10,8,15,18,8,16,8,11,77,91,67,25,8,19,20,16,12,26,45,29,5,2,9,3,9,8,9,3,63,8,37,21,68,,49,11,18,99,37,35,10,55,104,51,68,30,87,437,107,42,17,55,49,61,57,84,38,18,107,53,27,187,43,56,7,,472,330,288,91,6,4,8,2,9,18,2,11,146,,59,49,111,129,72,67,52,58,215,93,125,119,62,58,43,73,206,207,45,36,59,86,95,94,37,25,47,29,31,,28,19,34,,31,24,41,,52,54,64,46,34,44,46,32,39,,22,17,13,16,11,17,15,,,79,61,10,23,14,55,23,83,56,38,45,9,11,10,249,481,216,289,505,312,194,146,429,393,303,138,,55,199,289,282,,345,400,44,125,43,216,,144,136,109,,28,30,21,21,4,11,320,27,36,63,11,7,,21,161,24,65,30,130,309,155,259,217,61,108,81,148,109,101,84,118,138,44,97,59,75,77,76,75,52,174,208,104,203,19,27,14,11,105,74,103,27,42,26,18,28,41,84,,30,22,43,26,41,38,12,63,23,18,47,28,,,40,40,43,29,108,116,15,15,10,21,8,37,47,31,,6,28,66,62,42,44,29,40,22,8,10,148,10,13,21,2,13,40,11,4,7,9,35,75,35,,18,38,17,57,26,,37,29,,32,12,19,8,16,10,18,5,32,6,8,2,6,5,5,5,,10,17,8,7,5,9,9,8,10,5,4,6,8,5,25,1,21,44,18,20,12,26,31,39,33,45,34,36,27,32,14,27,24,19,20,5,17,52,10,21,18,10,68,32,,10,8,16,65,5,23,16,16,116,149,113,64,141,92,98,47,66,47,52,55,42,58,47,90,79,45,72,,42,89,64,24,31,23,32,39,116,60,34,33,16,483,5,21,16,44,49,78,114,62,41,30,27,58,73,45,120,43,51,47,10,11,1,6,7,3,37,18,29,13,21,11,15,23,11,15,13,15,19,12,29,25,1,2,52,36,40,5,13,18,3,32,14,12,16,14,12,106,82,92,217,42,39,92,34,66,36,11,27,24,13,33,11,6,6,5,3,33,11,23,15,128,19,26,8,4,16,16,34,17,,16,18,21,21,14,9,14,15,18,37,18,15,11,5,5,11,9,26,8,9,13,10,12,3,253,23,8,32,9,6,,12,10,73,33,77,78,12,12,11,8,1,4,11,9,4,21,14,23,21,12,17,6,12,,10,22,53,68,70,7,8,6,11,,21,52,38,18,30,16,31,17,23,9,28,,20,48,73,14,47,3,2,5,3,13,14,2,12,14,4,5,10,3,4,2,1,7,17,10,10,6,6,2,5,6,8,7,9,11,4,76,93,11,75,9,7,26,21,16,25,21,75,117,89,21,56,28,25,28,28,34,19,127,39,138,77,139,221,92,82,22,28,45,120,220,194,28,25,,21,29,112,48,31,159,10,150,16,37,245,556,217,22,115,68,61,56,49,27,3,2,3,1,59,52,30,34,14,6,1,10,18,10,54,193,71,59,56,3,6,9,14,18,17,35,10,379,3
20160203,11,SO2_24h,21,13,14,17,14,15,31,12,11,19,19,30,,61,62,50,39,24,59,,37,45,45,45,18,54,,109,91,64,104,97,89,58,47,51,41,56,57,55,72,106,62,84,67,116,101,169,120,129,119,104,117,105,137,37,34,42,57,29,28,24,22,42,29,46,40,41,52,124,94,127,85,80,80,119,121,159,125,57,,114,121,150,121,132,106,321,49,93,47,80,63,30,67,24,78,81,76,,131,310,96,140,345,,227,148,117,102,109,80,46,88,63,94,15,170,152,74,84,111,42,48,50,29,49,60,62,57,,129,165,29,118,128,67,78,88,31,29,30,30,23,28,26,29,32,23,28,30,38,32,22,29,19,21,22,26,27,31,19,24,30,25,29,27,32,25,21,51,50,80,41,81,53,37,32,49,43,17,30,20,30,28,31,39,,28,31,37,34,38,34,27,34,39,32,42,,30,42,35,24,28,25,44,31,38,30,38,63,25,20,26,25,40,37,38,31,12,12,10,14,8,15,17,17,24,14,11,24,20,31,25,,21,24,20,6,3,5,11,20,17,22,,17,,20,35,,15,15,11,17,15,10,11,14,11,27,10,12,8,11,8,38,28,26,21,,11,32,32,4,29,6,11,5,6,6,5,2,4,3,22,22,16,18,25,21,9,25,22,39,89,42,72,69,,76,58,8,64,51,60,47,58,71,51,80,51,36,60,71,31,44,57,41,47,13,17,26,21,24,26,24,26,22,19,9,16,10,13,,15,17,61,11,8,3,2,,10,2,4,4,2,6,4,13,5,5,5,5,9,8,6,4,7,2,7,8,11,10,6,7,7,7,4,5,4,8,8,7,6,12,10,7,5,4,,6,5,11,3,7,6,4,3,4,7,2,5,8,,16,,14,17,15,12,10,15,4,2,2,4,10,6,14,11,22,19,19,13,12,18,23,21,9,,19,19,18,15,15,10,18,10,10,,10,17,28,45,39,28,50,49,51,30,40,14,9,10,7,24,13,6,12,14,8,6,11,7,36,31,27,37,9,46,29,37,16,41,33,28,17,34,33,20,32,41,29,46,32,19,91,97,151,112,103,125,,7,11,29,22,41,12,80,35,58,54,,93,45,32,23,45,27,15,78,5,61,86,66,53,75,82,68,50,25,19,43,62,78,60,73,102,77,90,155,47,45,31,110,98,98,148,7,5,7,2,112,79,102,84,99,83,57,,105,86,57,,67,62,41,45,112,115,94,,114,89,93,66,60,39,64,35,59,,49,35,48,124,,92,,106,64,63,66,77,,108,64,47,,50,41,46,108,115,90,,17,9,8,7,13,17,18,11,8,6,8,5,9,9,7,10,6,10,6,7,15,5,2,6,7,7,7,4,2,6,4,5,5,6,7,13,6,8,3,2,2,5,3,39,16,26,11,8,8,48,42,52,42,164,100,58,225,185,259,258,,199,260,58,83,77,122,54,99,91,103,199,172,270,56,181,55,51,171,112,116,98,117,74,119,56,81,91,50,55,42,142,112,161,106,157,106,61,106,120,67,174,224,61,35,78,50,34,,18,56,103,62,15,81,38,65,81,70,17,38,22,27,40,29,18,25,37,7,33,24,32,18,15,38,40,37,26,40,22,41,27,90,68,66,85,68,75,36,109,168,107,139,149,52,67,45,56,68,82,62,73,41,44,44,57,66,47,78,40,15,18,11,20,20,56,97,53,21,23,18,37,19,17,19,31,16,28,10,5,10,8,4,20,16,17,18,,8,11,7,8,18,19,,26,13,3,4,6,9,11,9,19,30,17,31,21,11,29,90,39,43,8,18,12,14,8,11,15,9,7,25,11,9,8,7,7,14,29,6,35,23,30,,35,15,24,16,26,16,13,41,52,35,41,32,37,83,155,23,14,27,26,27,35,38,22,14,40,37,21,71,22,79,20,,196,259,154,79,5,5,6,2,9,22,4,13,91,,40,41,120,74,50,41,37,38,128,62,78,46,54,41,15,41,71,83,16,23,27,37,32,42,27,20,41,31,31,,30,17,27,38,28,27,33,,45,43,55,28,19,30,27,21,22,,19,12,6,11,10,13,12,,,58,127,26,19,16,44,23,45,33,34,35,8,9,7,181,190,148,190,205,164,205,233,349,233,126,62,,36,126,189,173,,235,271,45,62,35,80,,150,250,176,,42,46,19,8,4,29,156,24,26,60,36,15,7,31,31,36,43,32,100,116,135,140,85,41,67,57,86,132,64,83,79,181,39,78,42,84,72,69,61,58,85,133,102,105,38,25,23,18,25,34,12,32,19,45,18,14,22,44,,33,26,32,22,18,23,9,35,22,9,38,16,,,35,53,47,40,105,74,52,25,21,26,6,34,45,26,,5,23,32,30,9,41,40,50,51,24,22,50,37,43,56,2,36,46,12,6,11,7,23,20,50,,23,39,15,52,16,,19,16,30,32,23,21,16,20,12,25,2,3,6,6,2,8,10,6,6,,10,16,7,7,4,6,6,5,9,5,5,6,6,7,7,5,20,37,21,6,3,11,23,23,15,48,19,26,19,19,14,24,18,18,28,6,19,18,8,17,9,9,28,20,,14,14,12,15,26,12,18,13,70,76,59,63,86,69,92,56,63,57,63,39,34,36,40,68,77,34,63,,27,48,28,31,45,42,43,31,48,54,9,16,9,93,2,12,10,25,19,55,58,31,22,28,28,50,60,30,50,30,23,18,13,18,5,8,7,8,35,34,33,7,9,13,16,16,14,16,14,11,25,14,24,22,3,7,29,35,35,11,16,18,4,25,12,13,17,10,10,32,20,49,61,15,20,29,23,10,8,6,19,20,12,38,9,5,6,5,4,32,12,20,18,26,20,27,8,4,13,7,14,16,,10,14,17,21,15,8,11,15,30,17,19,11,11,6,12,14,8,26,23,13,14,15,18,3,22,11,7,31,13,12,,16,8,7,15,11,23,12,24,12,6,2,4,7,7,5,16,14,22,17,12,14,5,17,,9,19,26,25,45,9,13,5,25,28,36,46,46,55,27,13,21,16,31,11,24,,21,32,11,18,45,3,5,5,3,12,29,2,14,14,16,21,20,17,4,3,7,8,14,7,6,2,7,13,5,6,7,5,6,11,4,61,42,11,21,10,7,18,21,15,23,25,84,89,67,12,40,20,28,28,38,22,19,62,28,72,49,79,105,55,47,31,14,16,173,64,80,53,18,,20,36,39,36,25,39,13,36,5,34,193,176,169,28,141,76,20,30,14,22,15,7,6,2,32,50,24,34,17,26,2,12,13,11,54,98,45,31,38,6,32,55,13,14,19,33,10,204,3
20160203,11,NO2,68,21,67,84,71,80,75,45,22,56,60,71,,88,83,87,101,93,74,,105,80,51,111,46,61,,67,78,58,77,70,71,33,80,77,65,89,65,82,26,73,69,91,81,147,144,139,116,85,59,69,76,66,106,17,46,51,63,17,44,42,41,47,23,71,59,70,79,97,78,86,116,73,89,70,87,85,67,24,,11,34,38,39,33,32,62,49,32,58,91,41,50,69,45,52,76,74,,64,122,84,104,104,,78,37,47,41,23,26,29,41,44,79,14,57,47,50,50,47,21,19,37,25,33,41,46,105,,81,82,72,42,80,50,60,57,51,60,69,53,32,65,29,64,49,86,92,107,79,80,62,59,80,69,35,55,62,48,44,64,52,92,59,78,51,31,90,59,22,28,51,58,102,53,73,62,47,56,53,17,14,52,33,81,,63,66,74,52,71,77,74,87,72,40,69,,26,51,44,39,64,56,68,72,37,52,44,19,32,57,39,49,74,31,54,66,50,48,13,43,45,51,71,48,57,41,30,45,55,26,54,,43,50,42,20,20,29,20,42,54,,,42,,71,57,,29,32,20,13,9,18,35,27,22,27,8,4,23,28,10,91,67,83,94,,17,42,20,17,19,22,21,25,26,19,23,5,20,23,40,22,21,7,29,58,17,38,34,19,47,38,78,39,,45,37,31,38,87,93,34,35,93,56,92,86,89,71,66,119,97,80,78,46,34,57,55,44,34,50,42,43,89,13,21,53,16,39,,35,45,23,35,12,44,38,,18,26,33,10,42,7,28,6,32,38,29,38,25,15,47,14,21,17,18,27,39,20,23,35,30,28,27,26,15,24,8,30,19,17,24,18,34,22,,19,16,17,13,14,14,11,17,17,9,25,16,13,,44,,55,38,27,23,49,27,7,9,12,10,5,13,49,50,53,45,35,38,38,55,60,50,40,,63,50,52,61,40,56,52,55,55,,65,35,28,44,48,20,15,53,44,29,44,26,20,6,15,24,44,40,7,50,45,4,71,26,61,106,76,72,47,46,105,69,47,65,37,87,41,128,89,37,70,71,85,66,70,13,39,72,43,52,59,56,,91,83,110,117,101,34,42,50,66,54,,34,24,16,29,26,9,15,30,45,52,71,64,25,88,58,32,20,30,34,22,42,51,39,44,38,34,40,67,42,34,27,54,91,89,57,21,27,19,8,95,112,112,80,89,60,52,,61,68,38,,61,52,33,44,73,69,64,,59,46,42,35,41,69,29,67,46,,49,54,55,70,,112,,61,53,40,28,97,,102,63,69,,35,27,26,58,86,86,,17,10,12,9,14,17,24,16,13,19,16,18,17,12,18,8,17,18,17,22,30,25,11,24,11,13,9,17,19,16,19,23,24,20,26,20,8,9,13,7,11,16,19,11,7,27,31,31,31,25,23,31,14,59,45,29,26,42,101,60,,127,75,27,80,58,77,14,34,70,24,89,60,59,16,87,35,13,52,44,50,66,42,26,42,14,79,60,27,47,22,99,72,85,101,75,86,18,27,58,71,81,134,62,25,64,42,36,,9,26,64,48,30,37,28,43,44,66,23,22,26,22,27,45,31,36,21,20,38,40,37,41,52,46,46,29,25,25,33,12,3,73,52,63,69,45,20,22,79,97,77,94,72,55,37,46,59,78,61,49,58,66,71,73,65,58,53,58,41,31,51,34,38,26,38,35,25,12,30,21,10,36,18,51,26,42,51,2,29,24,26,12,14,32,22,38,,16,11,20,13,23,7,,19,15,10,10,48,54,41,45,31,31,39,43,24,21,46,41,29,34,37,42,31,59,26,56,51,81,20,34,47,23,16,23,27,40,23,18,46,22,32,,36,17,11,87,72,112,102,31,74,48,41,18,33,50,67,45,46,75,69,70,63,68,75,52,66,77,50,27,10,25,30,,24,63,40,16,40,16,10,43,43,31,20,16,95,,31,22,75,100,83,120,126,66,133,78,116,66,38,52,87,21,77,62,41,32,65,74,31,67,42,40,44,53,28,,34,60,64,,52,47,31,,53,62,56,35,37,80,56,32,29,,12,27,51,37,26,17,24,,,49,28,21,22,17,30,29,42,55,32,28,25,30,35,82,89,75,57,82,65,64,55,101,56,58,29,,21,27,74,49,,91,100,46,21,19,25,,14,64,30,,17,25,16,42,22,17,98,21,45,36,15,6,5,7,22,10,26,11,38,65,34,64,36,38,73,49,62,41,49,41,51,32,18,25,39,37,36,29,40,23,81,55,33,53,22,18,16,13,74,84,28,10,52,27,14,23,63,55,,18,19,45,15,52,33,40,60,31,35,37,11,,120,16,24,28,6,51,56,13,6,28,15,20,44,38,16,,18,22,38,57,42,71,74,52,31,46,51,67,44,17,40,17,50,60,41,19,24,37,84,64,28,,29,68,41,27,36,,26,13,,25,15,45,21,46,53,39,45,5,24,20,3,9,12,12,14,1,10,10,13,8,16,17,18,20,16,18,5,2,13,20,18,1,15,21,7,9,10,18,25,24,32,16,25,10,17,17,6,10,26,15,25,25,38,24,33,20,29,33,44,22,,34,29,35,40,13,18,25,18,100,80,103,44,115,84,67,45,65,53,45,62,55,64,45,144,46,57,43,,26,28,39,27,17,31,28,58,88,80,40,32,41,44,37,11,42,51,52,24,51,28,19,37,40,41,67,47,67,46,51,39,28,34,18,19,26,19,71,27,30,29,28,39,27,43,25,44,49,12,35,26,49,35,39,62,47,62,52,10,14,36,20,21,15,13,34,20,25,41,35,32,42,27,34,80,4,49,45,18,40,37,10,9,22,20,26,12,12,23,17,29,11,12,25,24,9,22,25,11,22,12,,8,23,21,19,25,17,13,58,52,57,61,4,24,17,37,18,21,35,20,37,57,42,37,12,18,42,43,10,43,49,,28,24,48,49,48,69,4,40,55,22,22,36,58,40,14,18,28,21,24,11,19,18,29,,15,24,37,44,57,18,22,32,23,,29,19,26,17,32,16,45,22,12,20,50,,18,78,42,22,28,1,4,15,13,33,31,33,12,15,7,6,10,10,8,,13,7,15,28,37,14,8,2,20,13,18,20,29,17,5,13,46,11,68,5,9,43,43,57,43,23,66,71,66,19,35,33,25,39,27,15,8,75,79,36,46,46,55,74,63,39,74,19,22,57,57,40,46,,59,44,56,59,24,17,8,38,14,5,31,56,69,38,20,33,25,32,29,68,36,11,18,4,79,160,25,13,29,24,15,63,65,55,36,10,83,62,44,29,4,66,71,56,73,32,16,81,37
20160203,11,NO2_24h,60,12,59,74,64,66,71,38,27,49,58,56,,76,72,75,82,84,78,,79,80,67,84,60,72,,61,65,51,72,65,64,26,74,76,62,83,68,83,48,57,61,70,63,96,98,111,94,98,95,91,88,93,141,15,26,27,38,16,47,51,55,38,28,74,72,61,83,106,81,81,64,70,68,71,73,77,74,33,,23,39,38,47,35,45,66,51,38,58,63,45,61,60,44,57,61,61,,62,98,47,83,85,,75,60,67,52,49,39,35,43,28,60,9,83,71,79,63,75,24,30,58,45,55,39,51,101,,122,104,92,54,110,52,70,67,43,77,70,70,62,64,65,62,62,71,82,96,72,93,59,35,78,92,43,76,96,77,78,75,85,82,54,55,50,43,53,52,22,32,57,74,88,58,85,70,60,69,61,19,20,78,38,82,,49,81,78,69,83,77,63,91,77,51,72,,43,67,70,33,63,56,70,59,49,54,69,20,38,47,36,53,68,26,56,67,52,53,15,62,30,63,65,59,63,48,24,61,58,52,54,,34,51,52,22,22,38,21,41,42,52,,44,,62,49,,26,31,21,33,23,28,36,29,24,24,10,17,26,18,18,119,78,96,84,,15,77,20,18,17,10,14,21,22,16,17,8,26,26,50,28,19,21,33,50,15,52,39,14,59,48,89,67,,66,49,23,44,65,45,28,27,79,12,83,74,70,60,74,55,59,68,64,40,44,77,86,67,57,70,71,69,77,17,39,69,30,42,,43,57,45,47,18,39,29,,16,23,30,12,40,7,29,16,32,39,35,37,14,17,45,15,21,15,18,23,45,20,34,18,25,16,28,29,13,22,7,32,23,20,26,17,29,15,,20,16,16,14,17,16,10,15,16,9,22,19,11,,31,,55,24,22,24,31,30,6,13,10,16,7,26,54,49,52,44,49,35,44,41,69,56,37,,68,48,49,52,43,43,47,41,47,,57,38,20,31,25,16,25,39,34,20,35,31,31,9,20,33,56,47,8,49,42,10,26,24,75,66,70,83,38,77,80,81,56,66,34,80,46,83,79,24,68,61,60,46,49,12,20,57,41,41,44,50,,93,77,106,112,95,51,51,46,55,55,,49,43,34,40,40,10,23,46,26,51,55,53,42,61,61,49,38,23,31,46,52,53,54,45,38,47,44,60,65,55,31,34,56,72,49,20,24,19,11,71,74,90,76,77,66,44,,76,70,48,,68,57,42,44,65,86,69,,66,59,56,52,47,49,34,51,64,,39,48,56,52,,72,,58,60,56,35,90,,94,67,72,,43,37,48,71,77,63,,17,11,13,9,17,16,22,18,13,13,20,17,16,10,14,7,16,19,18,19,7,19,9,20,9,10,9,19,15,12,22,20,25,13,20,17,10,11,13,7,12,16,17,20,20,20,19,28,23,44,31,39,28,56,45,27,37,43,67,46,,97,60,25,61,38,63,14,28,73,27,73,51,34,16,49,25,17,64,50,61,63,83,59,68,33,65,62,51,60,42,72,67,59,54,77,76,45,47,63,48,51,66,57,40,56,49,40,,10,39,58,37,28,21,31,48,42,63,17,29,31,26,35,41,51,88,47,68,57,58,56,55,32,42,47,50,17,26,30,18,4,70,57,68,73,46,8,38,64,78,56,77,72,53,39,53,55,61,51,53,33,55,60,52,52,62,47,51,37,39,47,43,19,39,61,73,41,16,36,44,23,39,20,47,22,29,39,2,25,26,13,11,13,30,16,27,,14,11,17,11,27,16,,26,20,14,11,25,41,33,42,36,32,40,43,39,20,42,34,26,28,29,27,37,43,18,24,35,78,15,27,36,14,28,19,26,54,33,32,30,20,21,,30,29,21,60,65,71,81,42,62,45,37,30,44,40,81,32,39,57,54,62,61,52,60,37,52,58,51,25,9,23,34,,24,60,40,20,35,15,10,47,32,48,46,27,71,,32,35,76,68,50,74,142,51,72,54,79,51,49,49,50,17,67,53,22,24,37,44,21,34,46,61,40,56,64,,34,59,72,87,65,57,38,,63,82,68,59,46,76,69,38,33,,24,28,56,39,27,26,32,,,43,47,39,38,20,46,52,42,44,31,24,32,34,43,66,61,57,51,56,39,56,58,55,33,49,23,,20,26,74,54,,64,120,38,18,16,26,,17,73,60,,30,42,27,23,18,30,61,27,34,65,29,19,14,9,15,25,32,12,39,47,34,49,35,35,52,40,57,62,47,45,58,39,27,32,35,65,52,54,45,48,66,69,47,51,26,18,24,14,34,49,18,13,60,49,14,16,34,33,,21,24,31,15,38,32,22,43,46,27,40,10,,42,14,32,20,11,57,44,42,13,32,52,21,52,57,46,,16,54,45,47,32,95,65,51,50,43,43,58,48,45,63,16,83,66,40,22,14,33,72,72,41,,31,63,39,21,33,,26,16,69,32,28,51,28,63,36,69,27,9,20,13,11,12,14,14,12,2,12,11,14,9,14,15,15,12,11,19,5,8,10,14,16,7,19,33,23,17,8,21,26,23,33,19,28,12,26,26,7,9,28,17,23,22,29,23,27,20,33,21,34,31,,30,28,26,35,10,19,37,19,84,67,71,27,72,61,50,49,100,56,48,53,46,47,45,49,42,47,52,,35,39,54,32,21,39,34,57,43,47,36,20,32,37,43,7,31,30,34,24,37,37,21,46,36,50,51,45,50,24,68,50,43,45,15,21,22,21,49,22,22,21,21,34,29,50,30,42,43,12,25,24,28,25,46,57,38,53,56,18,16,30,20,24,13,15,26,15,20,21,20,24,25,22,18,50,10,13,29,8,25,24,11,9,15,18,25,11,11,17,14,29,10,10,22,14,9,22,24,8,19,14,,14,33,40,30,33,13,14,61,61,54,66,7,31,24,40,23,19,33,41,36,49,41,38,10,28,19,30,8,35,29,,18,26,47,42,49,59,8,36,39,18,12,38,42,32,12,13,26,18,20,9,15,16,26,,13,27,40,38,60,16,20,21,25,27,33,21,25,24,18,10,33,21,13,16,38,,21,59,21,17,23,3,3,12,16,21,18,19,11,16,16,14,17,11,12,,20,8,13,26,30,3,10,2,19,25,19,16,21,10,3,18,41,8,16,4,7,26,48,53,46,42,67,65,64,20,34,36,35,32,33,19,6,40,45,39,43,40,34,54,51,35,48,17,28,27,36,42,22,,44,34,29,44,18,10,10,15,12,9,42,57,92,19,31,36,21,35,37,51,51,15,14,3,74,103,29,11,27,34,12,52,46,43,38,18,55,40,35,25,12,44,74,67,63,25,24,42,37
20160203,11,O3,14,59,14,13,23,4,9,39,27,39,26,14,,19,21,54,38,35,29,,24,25,32,13,28,64,,12,17,19,16,17,19,70,33,30,33,33,44,30,17,35,4,20,16,7,34,28,58,24,25,26,14,33,16,61,47,40,41,50,43,42,42,39,70,23,34,24,24,24,15,22,14,41,9,19,16,15,25,16,,30,10,9,17,10,34,17,35,30,23,7,25,31,18,32,42,29,17,,37,8,32,13,15,,33,62,57,57,57,69,79,64,38,23,66,57,67,44,54,64,91,101,42,77,87,35,50,22,,27,22,54,43,49,61,29,54,71,66,52,97,89,60,92,72,68,52,44,31,38,37,38,72,33,57,80,62,74,53,76,56,76,39,53,61,70,95,58,48,69,59,97,65,48,50,40,38,74,71,61,68,80,81,73,67,,53,62,56,77,41,35,41,54,49,51,60,,70,66,91,75,68,73,86,67,54,78,67,66,73,61,67,85,100,88,56,57,48,48,114,48,56,40,31,42,55,60,81,81,52,94,64,,63,59,68,69,65,69,70,55,45,,,64,,51,62,,85,87,91,110,112,88,45,61,59,76,113,76,61,56,56,51,33,29,36,,48,62,63,61,63,45,51,52,33,55,56,61,20,50,52,102,83,96,82,49,85,81,81,65,66,90,50,94,,109,90,81,59,38,21,59,72,45,13,39,33,17,9,30,21,15,53,,71,66,38,53,49,101,46,61,55,13,62,32,22,41,24,,33,32,22,25,35,27,58,,36,40,39,66,30,47,56,57,35,28,49,28,49,41,49,63,48,50,41,50,33,39,39,33,44,28,33,31,42,52,58,25,33,30,28,33,33,42,,47,36,46,43,42,44,43,44,36,39,45,46,44,,16,,14,30,46,41,17,27,52,57,62,48,55,64,4,4,12,6,29,19,5,5,10,10,20,,10,3,7,7,10,7,16,6,4,,8,46,55,40,28,117,108,25,46,62,26,41,58,60,59,49,36,21,37,34,34,46,45,40,22,18,24,24,18,38,12,21,26,19,31,16,26,20,47,41,9,7,7,12,21,43,44,4,29,66,46,71,,3,2,5,6,7,14,30,14,16,25,,20,41,53,32,29,100,43,22,18,38,25,30,42,21,26,138,70,44,41,81,44,52,56,44,25,77,37,26,54,65,78,24,41,67,46,48,35,14,47,16,18,13,45,31,68,35,,32,28,55,,39,15,27,35,44,70,47,,30,65,57,73,72,87,88,28,65,,32,31,52,45,,29,,30,68,63,71,22,,13,36,34,,64,83,20,39,82,80,,70,76,75,81,75,26,24,36,27,26,21,29,33,31,37,19,41,29,43,31,21,13,26,17,35,36,38,50,44,43,51,40,44,64,61,68,39,28,16,21,18,17,31,24,12,23,17,11,13,79,104,129,67,15,27,39,26,20,20,23,,39,16,14,14,18,28,13,12,26,27,26,18,9,32,24,27,139,13,61,37,38,51,37,61,83,23,31,65,30,59,24,26,11,11,17,19,65,63,74,53,26,27,59,88,63,83,96,,123,53,22,23,47,38,37,27,32,38,109,66,53,32,32,39,68,69,94,26,44,42,60,28,16,34,10,37,30,57,47,70,81,28,13,36,24,21,28,32,12,17,19,17,10,35,64,93,55,18,25,18,36,37,47,34,38,17,19,21,13,43,38,34,28,62,88,62,86,37,47,56,81,52,55,58,56,24,21,17,29,40,32,,62,82,,72,,42,61,45,79,84,80,,85,86,57,56,10,7,7,10,14,2,5,4,10,14,10,16,9,28,7,5,5,4,34,14,13,40,35,20,11,3,8,14,19,15,19,20,39,62,49,,56,56,44,19,10,13,12,68,39,52,53,74,30,21,14,62,20,12,5,18,23,16,13,26,23,18,21,50,73,52,55,,32,26,15,34,84,75,34,14,29,28,29,46,30,,82,72,10,23,57,23,86,91,19,15,32,45,80,67,4,54,40,24,28,69,49,40,18,22,71,41,44,60,102,,74,,71,,70,36,24,,76,67,88,67,105,34,47,51,69,,77,95,98,38,53,71,80,,,31,36,54,87,92,80,66,52,67,20,62,41,18,37,43,39,18,36,27,28,28,30,19,21,29,4,,8,9,15,25,,22,20,21,33,14,20,,21,29,28,,55,42,76,40,58,50,18,33,29,32,76,86,73,92,68,69,86,87,29,24,37,20,44,51,25,65,41,81,36,44,69,45,44,23,27,61,42,41,46,72,13,31,62,29,63,56,65,70,41,24,51,79,46,66,95,68,47,17,,57,40,65,109,29,50,49,65,90,94,103,96,,2,107,38,48,63,48,45,41,60,79,21,49,110,99,107,,62,52,57,43,45,48,82,99,58,17,40,14,64,72,22,20,18,20,123,49,50,18,25,55,33,,37,73,23,47,20,,62,16,,50,24,,24,94,45,74,25,43,51,61,29,38,37,34,36,56,62,72,36,34,37,37,33,44,44,43,81,35,53,136,51,50,37,37,54,20,73,60,47,62,59,51,71,81,49,44,67,65,63,69,65,18,40,38,27,59,43,33,45,58,,22,25,25,28,69,93,93,79,32,22,23,15,4,18,8,60,58,53,54,42,25,50,66,64,67,86,70,,63,78,88,80,94,81,90,51,50,56,48,51,74,26,57,102,13,24,44,63,24,57,55,74,62,55,67,76,25,67,45,38,70,84,52,125,46,65,41,32,50,16,8,20,20,22,33,20,12,63,35,43,21,37,62,38,68,30,35,46,35,32,56,25,49,53,25,58,41,24,19,26,27,63,89,30,38,22,19,15,11,14,60,57,39,49,55,58,31,48,61,64,54,44,22,46,51,54,42,18,25,48,,73,59,79,69,54,50,46,8,10,7,6,19,20,9,23,14,11,6,9,60,34,11,20,21,51,9,21,54,21,18,,9,15,32,16,71,45,39,12,112,14,24,15,4,8,19,21,18,16,19,33,33,46,25,,55,35,16,17,14,185,18,14,86,,61,55,52,52,31,45,14,26,30,50,42,,80,75,47,54,78,81,50,105,43,39,28,54,59,71,41,47,42,34,38,9,38,76,54,17,17,18,8,79,48,44,55,30,41,74,79,7,18,11,29,78,67,13,7,9,8,44,18,24,26,21,28,24,47,41,24,52,37,14,12,42,37,32,26,25,37,45,28,53,40,31,13,19,18,,13,25,24,8,77,44,75,41,11,4,46,12,31,35,63,30,25,25,50,17,4,22,16,82,17,59,54,18,48,82,44,8,4,6,15,28,6,26,22,49,92,22,19,35,19,8,28,33,43
20160203,11,O3_24h,52,89,62,55,69,52,65,78,52,68,77,69,,52,48,91,69,66,71,,63,69,39,69,45,88,,68,86,80,68,68,71,88,88,86,86,89,100,85,36,91,40,87,34,83,86,73,125,102,76,83,69,75,65,92,90,84,91,77,80,84,79,86,86,61,70,67,55,82,82,84,96,101,77,72,70,46,71,38,,52,58,44,38,27,80,62,72,65,72,60,39,68,60,84,55,67,77,,64,51,93,62,55,,103,86,75,74,60,86,93,84,95,85,139,74,86,44,73,68,101,116,52,91,110,43,81,43,,27,27,56,53,63,92,46,76,88,79,84,102,89,89,92,100,90,119,102,131,127,105,144,123,114,57,90,89,89,60,91,92,90,89,100,101,87,107,58,99,107,70,105,163,112,90,91,43,107,108,102,105,110,136,93,102,,95,89,88,125,64,63,89,92,81,123,86,,79,119,125,95,93,95,115,132,64,99,104,93,104,97,105,106,125,102,71,89,102,105,128,93,106,66,100,115,127,106,100,103,98,113,103,,123,102,99,69,71,70,70,90,91,67,,104,,105,127,,86,88,91,115,123,91,75,95,96,177,113,160,95,100,91,103,81,54,96,,112,92,105,100,116,73,78,72,38,68,86,61,28,66,91,140,115,139,120,87,127,120,113,84,79,90,63,94,,109,92,91,92,83,58,92,116,77,53,93,100,66,134,74,72,221,77,36,124,125,107,92,105,156,106,99,125,81,227,75,115,93,107,,105,99,79,105,104,59,60,,105,73,67,73,62,72,69,158,53,45,56,39,92,49,60,65,71,67,53,62,41,47,44,62,66,56,48,45,50,52,61,35,46,43,43,44,49,50,,62,44,58,53,51,59,58,62,47,49,54,47,52,,60,,28,57,69,68,67,68,64,57,62,48,61,83,55,33,55,62,55,70,40,61,27,62,61,,32,25,60,86,74,95,100,91,89,,99,85,75,82,73,125,109,54,74,104,55,47,58,78,59,50,40,39,100,95,100,153,79,81,70,82,76,50,75,62,102,64,48,42,103,59,82,77,95,104,81,81,86,45,72,102,61,57,82,123,105,103,,17,17,22,25,38,22,94,64,146,86,,39,76,78,57,54,108,53,42,71,71,57,84,54,75,94,139,88,73,96,93,97,109,99,77,47,104,81,79,91,105,108,37,86,119,81,60,50,63,55,36,58,23,93,70,110,94,,77,78,77,,58,50,36,60,104,101,75,,40,79,74,101,104,100,99,74,66,,89,76,65,107,,102,,71,106,85,97,75,,109,92,80,,72,84,82,109,92,98,,76,76,76,81,75,46,54,77,44,52,52,42,46,45,50,33,49,40,43,38,41,29,40,34,43,48,43,65,60,58,51,40,44,66,65,68,54,47,27,39,33,35,51,24,12,38,52,29,44,92,126,171,91,65,49,81,46,53,73,80,,90,88,62,58,69,88,59,38,59,58,85,84,52,36,29,38,139,83,77,38,66,64,45,61,83,72,52,70,41,60,74,41,48,43,28,104,88,91,85,102,97,92,106,92,119,108,122,,135,86,51,53,72,77,74,65,90,82,148,104,70,88,33,85,109,77,94,35,87,89,110,55,30,72,43,71,46,103,97,112,89,80,30,83,77,74,58,74,76,62,76,50,49,52,77,122,98,73,106,83,83,105,111,105,112,84,63,82,94,112,98,78,90,81,133,90,118,89,77,92,102,109,101,120,110,75,78,21,85,112,100,,71,109,175,94,,53,83,62,79,84,90,,88,86,69,65,90,84,46,82,43,32,40,68,67,66,87,51,71,80,100,79,75,59,116,23,23,47,102,510,283,247,16,22,23,20,45,32,64,82,83,,76,56,44,57,95,70,63,99,96,125,115,129,84,81,71,121,73,90,69,104,81,115,115,80,29,77,84,82,101,80,76,,106,84,90,97,99,89,43,102,48,55,57,77,77,,91,73,64,67,102,106,124,140,105,73,101,112,80,67,37,100,81,62,56,84,108,78,59,83,101,57,64,84,102,,75,,84,48,97,68,47,,91,95,102,92,155,72,72,90,91,,80,123,122,62,91,109,115,,,57,50,84,125,124,128,102,75,104,28,99,57,45,63,65,116,86,64,68,40,87,81,78,81,86,17,,44,56,58,43,,130,46,87,117,134,47,,32,74,69,,79,71,94,69,76,75,79,58,85,53,83,88,89,96,97,77,104,96,50,92,52,59,78,84,87,105,91,118,50,62,108,70,68,47,38,81,57,68,64,89,55,65,101,54,80,63,73,83,110,85,95,81,69,80,100,84,80,74,,60,81,79,109,70,92,59,103,99,108,103,96,,83,112,51,76,76,82,156,45,66,106,24,73,137,136,134,,115,78,114,86,110,77,128,154,59,29,75,25,99,77,52,23,25,32,179,76,207,38,57,72,61,,59,132,40,164,24,,88,25,128,74,95,,37,122,69,82,62,50,69,74,54,61,59,50,59,78,62,74,37,47,53,51,52,70,74,69,104,66,87,136,97,66,45,45,54,24,96,86,88,117,102,75,71,81,66,69,82,80,75,84,83,69,138,110,78,63,53,58,65,63,,58,60,66,60,77,114,110,95,58,50,54,75,74,89,51,68,72,63,67,88,49,112,105,121,115,141,118,,106,113,127,107,119,99,114,108,113,93,94,123,120,43,94,111,61,76,101,102,55,87,80,112,110,84,119,123,68,119,119,92,92,122,97,125,108,112,104,233,92,49,34,96,88,64,87,80,66,105,84,114,99,99,133,107,126,106,123,163,57,60,69,33,114,131,84,128,125,109,107,105,114,108,129,124,396,131,115,81,82,106,73,133,53,57,65,64,51,65,74,84,73,61,32,72,63,62,49,63,72,52,,88,79,108,83,70,70,62,34,51,64,45,30,50,20,53,95,91,73,76,61,69,71,64,126,95,94,95,82,68,76,,39,79,53,27,81,80,46,20,124,19,58,29,24,30,75,84,84,83,89,59,106,88,45,,85,64,63,65,56,185,39,23,97,258,77,69,71,55,114,121,44,55,37,69,84,,112,166,107,83,98,83,56,110,94,107,90,127,83,88,47,53,52,84,83,46,103,83,66,110,124,47,33,79,60,86,96,61,87,90,88,27,47,14,55,85,78,64,58,79,58,84,94,76,96,72,107,100,110,101,33,71,47,64,69,82,86,98,116,88,115,97,73,69,71,71,85,73,81,,38,109,82,75,106,90,102,111,32,5,79,56,70,44,74,50,44,43,93,53,59,43,42,116,30,95,94,23,67,90,71,79,48,53,62,69,60,62,91,103,93,60,58,59,80,35,40,84,65
20160203,11,O3_8h,18,45,12,5,20,9,3,37,19,14,24,9,,6,5,15,12,8,8,,8,7,6,7,8,16,,3,7,8,4,4,10,60,17,10,12,18,12,10,10,16,4,9,10,7,37,29,58,14,8,10,18,8,6,53,52,48,47,46,24,20,20,29,51,5,12,10,7,11,6,6,25,31,22,9,8,10,14,5,,17,3,5,6,5,10,7,15,9,8,7,7,12,7,20,35,10,5,,13,6,29,7,9,,10,14,21,17,21,52,38,41,35,24,63,21,36,13,35,32,65,61,19,46,51,34,31,22,,8,9,12,22,25,50,16,26,56,24,21,56,43,34,33,53,28,12,11,12,9,10,16,58,7,33,28,14,20,11,18,15,20,10,28,44,38,34,35,19,24,40,29,45,12,19,15,20,51,20,23,22,29,31,39,20,,27,14,14,24,13,12,13,12,16,55,17,,18,20,29,49,42,26,62,20,15,29,16,26,41,44,48,51,69,55,32,27,28,24,81,13,38,17,14,16,21,28,34,35,30,34,47,,56,42,46,63,61,51,64,31,26,22,,26,,18,23,,64,60,70,96,104,78,20,38,32,56,95,46,43,44,29,13,9,8,10,,10,31,20,34,33,56,54,53,30,50,62,50,13,38,32,84,61,96,70,44,54,50,64,75,41,63,33,55,,50,62,64,35,23,14,35,54,27,17,24,14,14,1,6,14,3,30,,22,27,9,12,15,63,13,27,33,5,63,22,5,31,8,,19,23,14,11,25,37,47,,48,49,45,58,41,44,60,72,34,27,46,29,56,40,51,54,52,49,41,50,30,37,38,49,50,41,39,37,41,42,46,28,35,31,30,36,40,45,,48,37,47,42,39,46,47,48,38,39,44,42,43,,9,,2,24,18,16,16,12,51,37,51,34,50,63,6,4,19,8,28,27,5,17,8,12,26,,7,2,14,8,28,19,27,20,22,,28,33,54,49,42,118,76,36,51,66,32,28,36,51,24,22,15,8,38,18,25,47,49,53,14,30,13,17,13,16,9,13,18,16,17,5,15,10,24,57,5,5,7,14,38,38,50,11,23,43,20,43,,2,1,3,4,6,8,22,11,15,22,,12,22,36,21,17,96,27,11,19,30,23,15,32,15,11,99,51,35,29,36,22,17,26,16,16,32,12,13,17,18,44,12,24,43,15,42,33,13,44,4,6,5,12,16,20,8,,8,10,39,,26,8,13,17,18,20,19,,11,21,21,37,20,71,51,15,24,,32,14,30,28,,16,,11,45,37,61,9,,10,10,10,,58,58,40,14,19,21,,65,59,70,69,64,16,18,15,18,22,15,27,29,28,34,16,32,23,28,26,26,12,30,20,33,35,33,51,49,49,43,38,38,62,57,62,33,23,16,15,15,12,21,21,10,23,10,6,10,55,83,106,20,10,22,37,13,11,12,18,,27,8,11,10,10,34,6,10,6,12,14,6,7,22,21,26,76,5,46,22,24,14,12,26,56,9,16,44,12,34,12,14,6,7,8,12,47,27,46,38,24,32,31,76,36,65,77,,111,29,16,11,27,16,16,13,20,24,93,51,43,44,29,28,41,35,82,23,12,11,16,27,12,14,5,14,19,28,25,34,86,12,6,23,14,9,16,29,7,15,12,11,4,30,55,85,54,10,12,5,38,12,14,17,11,7,9,15,3,17,23,12,24,26,46,22,51,9,25,27,29,23,30,49,28,30,17,18,26,33,20,,60,82,94,73,,45,61,46,65,44,69,,55,78,52,53,21,19,11,14,15,4,8,16,10,14,6,11,5,12,12,12,11,10,25,12,10,35,43,31,20,11,6,10,12,12,19,20,52,73,58,,64,30,27,14,8,8,10,47,18,56,54,55,10,11,4,65,12,8,4,14,11,13,7,24,10,19,12,54,78,49,56,,16,15,8,24,89,80,37,12,32,28,29,40,11,,60,53,4,13,42,18,53,35,10,4,22,15,48,43,2,28,22,13,18,61,37,25,7,13,39,12,36,28,36,,44,,28,9,26,11,13,,32,28,37,21,57,11,28,21,41,,45,104,83,29,49,29,41,,,10,18,28,47,76,35,19,41,57,18,55,26,10,20,38,21,13,14,17,28,8,8,13,12,10,3,,5,5,13,17,,26,8,15,21,4,7,,16,18,6,,39,24,56,52,61,36,19,32,22,10,77,83,82,86,84,53,74,87,11,4,24,10,15,37,12,42,15,22,20,26,41,29,28,6,17,40,33,21,11,18,5,10,25,18,49,46,46,52,52,17,40,60,22,36,81,58,46,13,,43,60,67,94,26,35,18,46,52,80,72,80,,22,74,36,47,57,31,31,9,50,60,18,37,81,28,64,,24,19,34,24,28,20,63,69,42,13,29,12,52,33,16,19,14,14,112,43,22,25,26,31,20,,29,48,14,128,21,,39,12,,38,35,,9,93,44,62,46,42,48,63,47,35,35,33,36,54,56,69,35,31,37,36,34,38,46,38,64,25,44,59,31,36,19,17,28,8,40,18,23,17,13,30,23,36,20,18,55,56,52,57,60,12,23,24,21,34,24,22,28,29,,16,19,18,19,43,51,50,42,20,17,17,12,2,14,5,54,56,45,42,36,22,42,37,45,42,63,47,,30,46,37,60,78,61,66,21,52,32,15,19,30,16,18,93,12,15,25,53,22,38,40,64,54,25,53,56,24,60,12,9,46,54,36,34,16,45,20,22,34,7,4,10,16,6,9,13,9,26,16,18,28,26,35,32,41,26,20,38,39,46,60,27,31,33,20,48,31,13,11,13,19,29,55,27,35,41,14,16,9,6,60,56,46,52,58,62,29,47,61,60,59,42,21,51,44,52,33,10,11,49,,29,24,31,19,14,43,36,7,6,5,5,18,21,9,21,23,20,14,19,40,36,32,30,46,34,22,30,49,32,32,,16,11,18,11,30,29,33,8,83,10,44,12,3,3,20,23,24,17,26,29,38,40,23,,45,18,9,11,4,96,14,11,90,,68,62,61,50,37,53,25,32,33,60,48,,83,41,21,57,85,80,44,98,20,18,22,36,56,62,39,40,43,37,39,2,12,67,50,5,3,11,2,79,52,35,46,28,34,80,57,4,6,12,36,79,68,14,7,5,5,11,4,5,9,26,21,17,30,22,20,42,36,34,36,24,19,21,28,20,31,52,41,51,30,32,18,18,30,,10,27,23,17,62,46,56,38,9,4,28,5,14,25,56,24,16,15,22,21,13,20,20,82,18,66,50,16,51,84,51,16,13,11,12,25,38,48,40,62,90,46,22,27,23,6,20,22,46
20160203,11,O3_8h_24h,48,83,53,49,61,41,51,72,46,59,64,55,,48,44,83,63,58,61,,56,58,32,60,39,84,,56,72,64,62,59,60,88,70,66,64,59,76,59,32,76,30,64,28,42,52,43,95,68,56,62,52,54,43,85,78,73,76,69,60,68,62,72,80,54,64,57,49,64,67,68,82,76,62,57,51,36,59,32,,42,37,32,31,20,50,44,63,50,55,41,37,57,47,71,41,51,55,,55,33,66,34,35,,80,70,54,60,40,67,78,66,80,58,127,54,68,28,55,53,90,103,43,75,92,41,59,30,,16,18,36,40,40,85,40,57,76,63,73,88,81,72,72,85,75,94,82,108,96,74,99,114,77,52,75,76,77,52,76,80,72,66,74,81,74,78,50,88,93,58,88,96,98,72,82,36,79,93,86,88,92,113,83,80,,83,68,70,83,46,50,73,77,68,96,68,,59,75,97,80,74,76,94,112,55,84,84,78,88,80,89,91,100,83,60,66,88,82,119,81,86,56,87,98,110,93,89,90,82,95,90,,105,88,85,66,66,54,64,76,77,57,,93,,92,111,,73,77,84,100,105,80,69,88,85,90,95,109,80,88,81,83,58,47,87,,88,82,84,87,100,69,75,71,36,67,82,51,22,56,76,131,106,125,108,72,115,107,98,78,62,74,48,76,,75,78,85,81,72,53,78,108,68,43,79,84,40,70,58,65,101,68,24,104,102,70,70,77,129,79,85,105,62,100,67,103,81,94,,92,85,68,96,96,45,51,,57,61,56,68,50,68,62,74,47,39,49,35,81,44,57,60,65,64,48,58,35,42,45,56,60,48,42,38,45,44,53,30,40,36,37,37,40,47,,52,40,53,48,44,53,52,56,41,45,48,44,46,,56,,22,55,67,63,64,61,57,46,54,34,50,71,38,17,34,39,42,46,23,48,18,50,40,,19,16,50,56,58,69,78,69,66,,71,78,67,71,69,118,98,50,63,95,47,28,36,74,35,34,23,22,90,84,90,93,72,76,51,64,62,34,56,40,82,47,41,36,79,42,65,47,69,96,63,48,54,35,65,86,59,48,63,105,94,88,,9,12,16,18,25,18,85,54,98,75,,29,62,66,48,45,104,49,40,66,52,46,67,40,58,77,99,76,61,77,84,71,92,80,72,34,86,68,59,72,83,95,34,72,107,66,55,44,48,50,29,44,19,75,55,84,76,,58,59,65,,46,37,33,53,83,79,64,,33,67,60,73,87,90,89,58,52,,49,60,55,87,,79,,54,87,66,80,53,,74,78,66,,67,75,69,53,71,84,,73,67,71,77,66,35,39,59,36,45,39,36,40,39,42,29,44,34,38,34,37,26,35,30,40,44,41,58,55,54,43,38,38,64,58,64,48,40,24,31,26,26,41,21,10,30,44,20,28,79,111,141,80,49,42,58,40,44,58,64,,79,68,46,41,54,77,45,30,48,51,75,66,47,32,24,34,85,60,56,34,49,47,35,40,56,48,40,59,31,52,50,31,34,33,21,30,69,71,75,82,70,65,89,78,94,88,107,,129,66,34,46,62,69,62,52,43,59,134,82,57,84,30,66,89,67,82,29,69,72,84,39,24,66,38,64,37,92,85,102,87,64,26,68,59,60,50,66,63,46,61,41,38,40,61,98,79,56,81,65,75,84,97,88,104,63,54,66,79,100,84,69,84,72,120,82,108,75,72,80,90,101,93,105,96,64,67,19,76,96,87,,69,103,99,90,,50,78,60,71,56,78,,80,78,59,59,78,64,37,52,36,28,35,55,51,64,61,44,56,61,83,64,59,43,61,17,18,35,91,126,84,67,12,18,18,17,34,28,58,74,71,,66,32,28,48,80,61,36,84,80,107,102,112,67,59,46,114,62,79,60,90,60,101,99,66,18,58,69,73,93,73,72,,89,66,79,82,96,85,40,80,43,42,46,64,63,,83,67,53,61,95,92,110,117,80,59,82,96,59,58,27,87,67,49,46,77,91,66,52,74,91,50,59,65,76,,58,,63,46,73,45,39,,70,71,78,73,132,55,58,74,75,,65,114,108,53,84,97,106,,,51,41,66,105,109,106,83,66,92,25,85,50,39,54,59,82,69,54,55,36,74,68,63,61,71,12,,29,42,48,36,,101,37,71,100,115,32,,28,58,58,,68,53,86,66,74,66,62,47,70,39,80,84,87,91,87,72,96,90,44,73,46,46,69,69,68,82,75,85,36,46,80,58,59,38,35,68,46,54,52,69,35,42,77,40,66,58,62,74,94,76,86,76,65,74,95,81,74,68,,57,76,77,98,58,68,53,88,88,97,72,91,,67,106,43,73,70,68,89,36,61,71,21,57,113,113,113,,95,64,102,78,98,57,108,125,54,25,60,20,89,67,35,20,21,25,144,70,136,25,48,64,53,,51,103,32,143,23,,77,20,45,64,35,27,31,117,65,76,62,49,61,72,54,54,55,50,54,76,56,69,35,43,48,46,43,66,70,66,98,56,68,83,77,54,37,35,42,18,89,76,80,104,92,66,55,69,57,58,77,76,72,81,79,61,122,96,69,55,44,51,58,54,,51,52,57,53,68,105,97,86,46,42,43,53,49,64,35,60,61,52,57,72,39,95,91,109,102,123,101,,91,96,114,90,99,80,94,96,104,87,78,108,96,36,83,101,51,66,93,89,47,68,68,99,92,73,105,107,60,105,105,82,82,108,85,99,87,98,88,78,84,42,26,87,76,55,76,67,60,97,78,106,91,91,120,96,113,92,106,163,51,57,65,31,105,113,75,114,109,95,102,96,105,100,123,118,300,125,110,81,67,92,68,87,51,54,62,62,48,58,70,75,72,56,30,69,60,57,46,61,69,51,,82,73,100,77,63,67,59,38,24,33,25,28,37,14,41,68,66,55,60,44,41,38,37,106,67,66,63,70,54,58,,32,50,32,20,60,56,40,15,110,16,52,19,16,22,68,79,70,71,74,55,84,82,37,,77,58,61,61,55,96,25,18,90,214,68,62,61,50,96,98,46,54,34,66,79,,104,156,102,77,95,80,47,99,84,99,74,119,76,79,42,40,47,68,72,38,90,80,61,85,97,43,27,79,54,76,86,53,74,87,84,25,44,12,53,84,76,55,44,58,44,73,73,64,74,67,78,78,94,92,29,60,44,55,58,66,70,88,100,58,82,90,68,60,57,65,72,60,78,,31,96,73,58,101,84,91,102,24,4,61,43,50,40,66,43,41,38,87,46,50,38,38,109,24,79,83,21,60,84,62,63,40,45,53,54,47,62,77,71,90,51,47,48,67,30,33,76,57
20160203,11,CO,1.8,0.8,1.5,1.6,1.1,1.8,2,1,0.8,1.1,1.4,2.1,,4.872,5.079,5.038,4.357,4.233,3.546,,4.434,2.304,1.848,3.076,1.282,2.567,,1.621,1.623,2.103,1.737,1.599,1.501,0.866,2.316,3.145,2.129,2.146,2.777,2.452,1.199,2.852,4.639,3.348,2.479,10.178,11.487,7.608,9.569,3.356,2.661,3.372,5.266,2.494,3.474,0.834,1.313,1.189,1.349,0.609,0.918,0.936,1.304,2.81,0.73,1.75,1.382,1.942,1.327,3.658,2.033,2.508,4.588,3.195,3.52,2.159,3.448,3.229,1.997,1.796,,1.462,2.771,3.602,3.867,3.778,2.868,3.02,2.044,2.007,1.115,5.208,2.68,1.879,2.656,1.609,2.01,2.851,2.964,,2.994,3.061,3.173,3.217,3.156,,2.215,0.838,1.358,1.206,1.171,1.581,1.473,0.834,1.551,1.328,0.909,0.907,1.017,1.076,1.283,0.877,1.041,0.889,1.239,0.616,0.814,1.85,0.776,3.038,,1.282,0.44,1.196,1.206,3.343,1.668,1.495,0.507,1.453,1.143,1.278,0.73,0.99,1.219,0.706,1.454,0.833,1.745,1.938,3.521,1.875,1.774,2.122,1.66,1.498,1.496,1.556,1.51,1.051,1.475,1.64,1.628,1.43,1.76,1.483,1.211,1.063,0.684,0.732,2.315,1.776,1.522,2.452,1.386,1.954,1.486,1.418,1.773,3.367,1.24,1.579,1.421,1.559,1.764,1.229,1.772,,2.139,2.487,1.452,1.906,1.956,2.606,1.953,3.982,2.852,2.066,1.685,,1.054,1.386,1.475,1.688,1.786,2.19,1.329,1.894,1.473,1.248,1.949,1.302,1.769,1.599,1.629,1.291,2.103,2.015,2.204,2.486,0.899,0.672,0.676,0.92,1.353,1.405,1.292,1.064,1.436,1.272,1.115,1.281,1.11,1.012,1.281,,1.128,1.305,1.052,0.843,1.078,1.265,0.84,1.046,1.033,,,1.324,,1.598,1.7,,1.223,0.893,1.201,0.946,0.809,0.711,0.995,0.876,0.919,1.157,1.054,1.055,0.926,1.145,0.86,1.307,1.484,1.091,1.43,,1.525,1.61,1.513,1.192,1.567,0.645,1.05,0.644,0.668,0.95,0.916,0.669,0.654,0.732,0.876,0.564,1.063,0.33,1.32,1.451,0.95,1.253,0.961,1.927,1.694,1.257,0.894,0.851,,4.541,1.599,0.977,1.174,1.303,1.477,1.439,1.589,2.057,1.206,1.831,2.449,2.66,1.873,1.837,2.732,2.468,2.043,2.46,2.613,1.81,1.205,1.041,1.295,1.619,1.433,1.787,1.393,2.144,0.632,0.904,1.981,0.854,1.417,,1.187,1.506,0.636,1.629,1.397,0.709,1.033,,0.783,0.846,0.771,0.647,0.894,0.841,0.705,1.157,1.142,1.007,1.356,0.809,1.255,0.948,1.331,1.056,1.274,1.128,1.045,0.861,0.961,0.957,0.885,0.709,0.659,1.098,1.006,0.954,0.829,0.999,0.563,1.163,1.159,1.028,0.874,0.793,0.942,1.218,,0.899,1.018,1.036,0.919,0.918,1.052,0.99,0.862,1.095,0.864,1.283,0.986,1.096,,1.557,,1.273,1.468,1.423,1.111,1.64,1.627,0.764,0.749,0.853,0.916,0.974,0.693,1.914,1.621,1.286,1.325,1.23,1.09,1.334,1.406,1.146,0.824,1.517,,1.448,2.382,1.316,1.277,1.489,1.597,1.675,1.559,1.895,,2.255,1.316,0.621,1.364,0.732,0.702,0.624,0.953,1.88,0.854,0.997,0.792,1.11,1.145,1.731,1.242,1.321,1.774,0.867,1.494,0.846,0.265,1.408,0.407,1.736,4.562,1.851,1.586,2.915,2.256,2.935,3.649,3.827,2.273,2.333,2.36,2.517,3.345,1.706,1.777,2.172,3.587,4.119,4.4,3.252,2.442,1.664,5.001,4.488,2.602,3.345,3.649,,4.298,4.359,4.885,6.485,3.812,2.046,0.961,0.824,1.569,1.332,,1.188,1.069,0.935,1.124,1.018,0.573,0.811,1.129,1.814,1.777,3.874,2.705,1.19,4.746,2.339,1.155,0.519,0.807,0.976,0.526,1.464,1.297,0.733,1.046,1.677,1.207,1.894,2.113,1.049,1.43,0.936,1.557,2.864,2.353,2.093,0.705,0.814,0.79,0.572,2.591,6.031,3.607,2.006,1.939,2.233,3.098,,3.173,3.518,2.025,,2.04,3.106,3.321,3.864,1.424,2.059,2.702,,2.337,1.541,1.074,0.971,1.338,1.219,1.206,1.734,0.88,,1.264,1.63,1.713,2.416,,2.899,,1.818,1.257,1.135,1.123,2.09,,2.09,2.005,1.685,,0.625,0.844,4.221,1.715,3.953,2.081,,1.393,1.212,0.717,0.814,1.386,1.01,1.192,1,1.103,1.201,1.179,1.316,1.128,1.084,1.154,1.149,0.726,0.975,1.072,1.262,1.121,1.145,1.251,1.3,1.38,1.341,1.214,0.991,0.956,0.916,0.893,1.197,1.123,0.975,1.092,0.776,1.061,1.095,1.012,1.319,1.041,1.177,1.171,1.849,,0.921,1.681,2.339,2.295,1.406,1.492,1.442,2.35,3.136,2.968,2.548,2.447,3.108,7.931,6.602,,3.763,4.262,5.733,10.118,2.752,5.501,4.271,4.822,4.062,1.226,2.94,2.518,1.589,0.405,3.199,1.522,0.391,1.776,1.753,1.788,1.624,1.945,1.597,1.654,0.059,4.708,3.973,1.055,1.427,1.92,6.054,1.783,3.365,5.676,3.214,3.89,2.424,1.044,1.999,1.898,2.18,3.818,1.757,0.66,1.574,1.049,1.069,,0.713,0.779,1.595,0.724,1.304,1.174,2.102,2.403,1.076,1.893,1.226,0.809,0.685,0.897,1.343,0.936,1.11,1.033,1.689,0.859,2.566,1.532,1.404,2.349,3.029,1.303,0.802,0.963,1.289,1.106,0.795,1.505,0.553,2.674,2.218,3.026,2.942,2.471,2.316,1.956,5.268,9.646,5.11,6.135,6.838,2.232,1.049,1.232,1.98,3.116,4.084,2.785,2.532,2.045,2.168,2.651,1.609,2.896,3.669,4.277,1.58,1.004,1.185,0.922,1.612,0.998,1.682,1.739,1.505,1.315,1.021,1.439,1.257,1.052,1.065,1.425,1.569,1.099,2.02,1.513,3.107,1.846,1.327,0.62,1.139,1.229,1.288,1.534,,1.485,1.095,1.43,0.991,1.035,0.946,,1.062,0.997,0.981,0.857,2.52,1.858,1.379,1.225,1.914,1.778,1.261,1.987,1.408,1.288,5.51,2.852,2.596,1.291,1.022,0.964,1.005,1.005,1.419,1.504,1.261,1.822,1.343,2.137,1.573,1.832,,1.949,1.252,1.232,1.583,1.496,1.203,0.426,1.029,,1.196,0.801,1.231,2.867,3.406,3.307,3.43,1.37,2.927,1.854,1.111,1.632,1.476,2.162,1.74,1.623,1.492,3.182,2.819,1.994,2.463,2.746,2.67,2.042,3.632,3.998,2.722,1.17,0.319,1.855,0.455,,4.152,3.274,2.396,1.222,1.708,2.38,1.95,,1.88,1.34,1.025,0.724,3.096,,1.169,1.02,1.942,2.152,2.249,2.502,2.007,1.968,4.399,3.075,3.141,2.36,1.145,1.663,2.541,3.036,3.01,2.905,1.533,0.908,2.104,2.393,2.479,3.829,1.501,0.873,1.074,1.059,0.969,,1.709,1.92,2.397,,0.544,0.902,1.215,,1.755,1.78,1.397,1.868,2.085,1.485,1.795,0.953,1.093,,0.822,1.084,0.765,1.102,1.044,1.303,1.072,,,0.632,1.176,0.914,1.198,0.696,1.137,1.273,1.446,1.426,1.148,1.989,0.867,1.112,1.09,6.976,5.709,7.24,7.59,4.853,11.891,2.095,1.317,3.014,2.299,2.247,3.602,,2.077,2.957,4.92,3.876,,5.743,3.331,4.232,2.97,3.305,3.97,,5.263,2.492,1.419,,0.715,1.092,0.733,0.989,1.049,0.244,4.065,0.698,1.109,0.9,0.702,0.447,,0.15,0.326,0.736,1.097,0.469,2.958,0.981,1.282,1.134,1.228,1.183,2.038,1.699,1.912,1.269,1.698,2.267,1.258,3.011,2.27,4.834,2.501,0.871,1.172,0.091,2.076,1.412,2.419,3.014,1.369,1.781,1.146,0.945,0.383,0.508,1.769,2.066,0.76,1.786,0.512,1.522,1.575,2.037,0.621,3.703,,1.44,0.933,1.173,0.887,,1.157,0.837,2.396,1.868,1.484,0.897,1.142,,3.826,1.29,0.712,0.6,0.235,1.501,1.247,0.781,0.557,1.023,1.14,1.068,1.15,0.774,0.937,,1.299,2.294,1.312,1.819,1.184,1.041,0.982,1.009,2.069,1.76,1.222,1.548,1.391,1.426,0.913,1.05,0.979,0.705,0.182,0.439,0.207,1.865,1.693,1.899,1.362,,0.932,1.096,1.738,1.83,0.317,,1.166,1.061,0.879,1.404,0.954,1.154,0.801,0.95,0.744,0.779,1.107,0.463,0.94,0.111,0.477,1.096,0.762,0.959,0.963,0.576,1.021,0.326,0.939,0.865,0.915,1.152,0.979,0.945,0.868,0.754,0.012,0.835,0.765,1.056,0.809,1.204,1.672,1.302,1.07,1.568,1.069,0.687,1.8,1.742,2.153,0.908,1.052,0.881,0.772,0.854,1.424,1.426,1.475,1.669,1.159,1.29,1.693,1.01,1.255,1.126,1.263,0.83,1.424,1.115,,2,2.423,1.798,2.474,3.53,0.281,0.799,0.28,3.235,4.821,4.273,2.366,4.644,3.357,4.079,2.334,3.145,2.323,2.044,2.017,1.732,1.715,1.4,1.621,2.11,1.468,1.238,,1.44,1.427,1.244,0.702,0.649,0.683,1.032,1.206,2.434,0.852,1.542,2.723,1.897,1.556,1.699,1.423,2.017,1.769,1.013,1.222,1.673,1.138,0.823,1.875,1.857,2.663,1.207,0.772,1.122,0.945,2.66,1.694,1.877,1.094,0.97,0.932,1.215,0.836,2.174,1.686,2.089,0.438,0.85,1.367,1.332,1.498,1.499,1.576,1.894,1.095,1.387,1.247,1.799,1.374,1.256,2.775,1.38,2.607,1.676,1.724,0.464,1.142,0.721,1.525,1.086,1.014,1.419,1.231,1.498,1.505,1.122,1.119,1.181,2.677,1.234,2.096,2.98,2.438,2.382,0.209,0.46,0.98,0.6,0.863,3.28,0.549,1.115,0.856,0.973,1.51,1.288,1.357,1.118,1.27,1.77,0.577,1.398,1.685,1.094,0.743,0.857,1.201,,1.277,1.517,1.534,1.148,1.075,1.34,1.275,1.729,1.66,2.197,2.689,1.763,1.273,2.794,1.701,1.364,1.471,1.625,4.356,1.364,1.59,1.703,1.527,1.22,1.123,1.427,1.075,1.263,1.665,1.904,,1.626,1.148,1.411,1.816,1.644,2.054,1.078,1.981,1.584,1.381,1.506,1.447,3.946,1.812,1.225,1.339,1.54,1.339,1.368,0.775,0.917,0.901,1.223,,1.55,2.061,2.072,2.498,2.714,1.205,1.448,0.839,1.2,1.018,1.195,1.126,0.921,1.089,1.508,1.105,2.175,1.655,1.272,1.266,0.695,,0.617,1.604,0.235,1.193,1.536,1.4,1.123,0.56,0.924,0.641,0.86,1.812,0.728,0.73,1.055,0.588,0.797,0.497,1.334,1.495,0.558,0.303,0.748,2.238,1.239,1.473,0.77,0.119,1.294,0.759,2.307,0.801,1.377,0.224,0.061,2.104,3.061,0.485,0.974,0.313,0.987,3.495,3.467,3.26,4.695,3.856,2.735,3.239,2.917,1.034,2.178,1.231,3.213,2.49,1.116,0.737,0.852,2.233,2.262,1.866,0.764,1.691,2.491,3.783,2.081,1.184,1.381,2.572,1.554,2.302,2.102,1.428,1.38,,2.111,3.521,2.493,2.474,1.385,1.183,0.749,1.514,1.543,1.24,0.73,1.48,1.862,0.76,1.526,0.757,1.996,1.184,0.893,1.257,1.263,1.736,0.931,0.533,2.848,3.311,1.403,2.792,1.123,0.871,1.33,3.627,3.945,2.561,1.667,3.383,3.732,2.38,2.935,0.565,0.054,1.764,1.831,2.906,4.352,2.449,0.694,3.448,1.28
20160203,11,CO_24h,1.179,0.554,1.025,1.204,0.992,1.175,2.096,0.862,0.779,1.258,1.075,1.858,,2.192,2.467,2.578,1.988,2.314,3.08,,1.857,2.762,1.431,1.943,1.216,2.169,,1.575,1.917,1.802,1.457,1.713,1.193,0.767,2.066,2.78,1.904,2.026,2.294,2.181,2.273,3.13,2.753,1.932,2.177,5.815,6.071,6.411,6.386,4.634,4.821,4.274,3.51,4.135,6.493,0.653,0.719,0.492,0.692,0.523,1.066,1.277,1.513,1.144,0.667,2.84,1.767,1.795,1.796,4.365,4.932,3.594,2.702,2.72,2.876,2.175,2.738,3.609,2.751,1.718,,1.525,2.693,3.153,3.618,3.321,3.126,2.861,1.796,2.136,1.096,4.117,2.289,1.814,1.63,1.532,1.212,1.982,2.01,,2.14,2.285,1.851,2.01,2.072,,2.034,1.28,1.27,1.613,1.554,1.484,1.606,1.527,1.011,1.099,0.637,1.257,1.301,1.505,1.217,1.264,1.001,1.78,1.41,1.162,1.016,1.431,0.774,3.42,,1.736,0.64,1.446,1.06,2.196,1.81,1.131,0.799,1.504,1.2,1.26,0.946,1.252,1.215,1.079,1.558,0.957,1.967,1.747,3.139,1.836,2.139,1.859,1.589,1.463,1.751,1.35,1.685,1.572,1.976,1.772,1.41,1.614,1.62,1.654,1.167,1.056,0.736,0.9,1.931,1.55,1.147,1.329,2.021,2.254,1.872,1.627,1.982,2.255,1.504,2.043,1.611,1.75,1.964,1.167,1.645,,2.002,2.59,1.611,1.971,1.794,2.111,1.662,2.185,1.709,1.619,1.598,,1.241,1.337,1.515,1.553,1.693,2.194,1.247,1.374,1.746,1.496,2.336,1.597,0.968,0.996,0.994,0.844,2.196,2.183,2.248,2.663,0.902,0.617,0.691,0.969,1.2,1.269,1.045,1.089,1.228,1.274,0.901,1.279,0.912,1.098,1.069,,0.897,1.128,0.843,0.928,1.113,1.29,1.015,0.894,0.8,1.164,,1.151,,1.193,1.369,,1.045,0.669,1.058,1.305,1.107,1.009,0.966,0.863,1.192,1.101,1.279,1.024,0.883,0.951,0.856,1.247,1.655,1.233,1.085,,1.494,2.351,1.517,1.009,1.422,0.497,0.792,0.57,0.643,0.916,0.813,0.744,0.741,0.757,1.08,0.834,0.99,0.391,1.193,0.938,0.856,0.852,1.079,0.941,1.837,1.196,1.217,1.276,,1.293,1.643,0.865,1.252,1.139,1.323,1.535,1.438,1.887,1.113,1.583,1.783,1.807,1.529,1.294,1.422,1.415,1.393,1.838,1.924,1.094,1.385,1.679,1.533,1.513,1.42,1.859,1.527,2.378,0.871,1.05,2.117,1.052,1.512,,1.393,1.733,1.239,1.628,1.367,0.677,1.001,,0.766,0.809,0.737,0.699,0.911,0.846,0.732,1.2,1.106,1.003,1.323,0.765,1.18,0.961,1.319,1.049,1.259,1.114,1.031,0.868,0.943,0.931,0.902,0.678,0.627,1.073,0.942,0.97,0.848,0.979,1.268,1.121,1.07,0.988,0.832,0.789,0.947,1.238,,0.894,0.987,1.012,0.913,0.921,1.085,1.02,0.9,1.038,0.869,1.296,1.087,1.116,,1.374,,1.27,1.36,1.443,1.149,1.429,1.441,0.956,0.864,1.286,1.029,1.371,1.006,1.439,1.457,1.264,1.308,1.347,1.011,1.354,1.353,1.226,0.999,1.13,,1.624,1.628,1.356,1.079,1.267,1.391,1.503,1.32,1.584,,1.883,1.31,0.652,1.432,0.751,0.832,0.94,1.13,1.504,0.972,1.041,1.392,0.963,1.282,2.484,1.767,2.091,2.267,1.284,1.601,0.797,0.363,0.457,0.358,1.51,2.694,1.709,1.749,1.603,2.762,1.908,3.935,3.652,2.13,1.703,2.107,2.417,2.872,1.783,1.449,1.63,2.341,2.219,2.594,1.781,2.114,0.953,2.965,2.179,1.872,1.701,2.273,,3.676,4.806,3.755,2.461,3.074,2.187,1.215,1.306,1.717,1.532,,1.476,1.349,1.232,1.385,1.212,0.635,0.977,1.421,1.75,1.53,2.27,2.323,1.526,2.338,3.31,1.581,0.951,0.5,0.693,1.003,1.658,1.708,1.034,1.334,2.147,1.733,2.365,2.064,1.16,1.409,0.864,1.408,2.584,2.128,1.924,0.662,0.752,0.797,0.62,1.997,2.575,2.957,2.145,2.045,1.937,3.233,,3.822,3.509,2.086,,2.129,2.969,3.314,3.137,1.401,2.054,2.432,,3.61,1.79,2.989,1.024,1.344,1.633,1.533,1.352,1.023,,0.976,1.61,2.078,2.279,,2.008,,2.072,1.347,1.461,1.285,2.107,,2.933,2.697,1.602,,0.798,1.086,1.459,1.386,1.422,1.419,,1.41,1.278,0.784,0.823,1.331,0.954,1.093,1.079,0.997,1.038,1.132,1.097,1.134,0.986,1.092,1.11,0.714,0.891,1.147,1.144,0.9,1.102,1.169,1.179,1.34,1.262,1.216,1.01,0.927,0.892,0.994,1.292,1.185,0.946,1.121,0.809,1,0.992,0.979,1.132,0.903,0.996,1.018,1.864,,0.932,1.42,1.961,1.786,1.52,1.608,1.562,2.995,2.693,2.351,1.582,2.301,2.987,5.568,5.371,,3.379,4.055,4.993,8.393,2.146,4.571,3.733,5.416,3.612,1.403,2.473,2.477,0.857,0.366,2.7,0.824,0.324,3.029,1.722,2.06,1.876,2.44,2.492,2.244,0.806,4.076,4.087,1.364,3.202,2.003,3.916,2.37,2.57,2.555,3.713,2.811,3.008,1.353,1.524,1.963,1.131,1.502,1.734,0.769,2.084,1.678,1.006,,0.73,0.685,1.366,0.759,0.885,0.704,2.221,2.049,1.562,2.239,1.099,0.836,0.567,0.762,0.951,0.774,1.22,1.273,1.718,1.054,2.814,1.422,1.745,2.311,2.933,1.834,0.775,0.821,0.846,1.427,0.691,1.543,0.491,2.608,2.206,3.095,3.271,2.695,1.965,1.763,4.224,6.764,2.987,4.447,4.649,1.799,1.303,1.27,1.741,2.273,3.209,1.679,1.545,1.624,1.742,2.334,1.347,2.254,3.143,3.635,1.35,1.07,1.368,0.894,1.333,1.221,1.753,2.341,1.532,1.296,0.84,1.375,1.544,0.903,0.949,1.293,1.537,0.814,1.375,1.01,3.13,1.596,1.029,0.652,0.972,1.044,1.085,1.327,,1.482,1.118,1.427,1.122,1.269,1.226,,1.311,1.187,1.064,0.886,2.198,1.469,1.198,1.174,1.682,1.542,1.196,1.784,1.364,1.212,2.772,1.598,1.572,1.04,0.908,0.98,0.91,0.868,1.346,1.283,1.216,1.719,1.269,1.849,1.316,1.569,0.769,1.878,1.192,1.181,1.396,1.475,1.08,0.567,0.968,,1.208,1.303,1.575,1.808,2.564,1.962,2.219,1.376,2.379,1.651,1.001,1.652,1.363,1.461,2.135,1.253,1.281,2.501,2.036,1.458,2.568,1.968,1.926,1.119,2.153,2.323,1.63,1.151,0.66,1.941,0.333,,1.786,1.837,1.571,1.022,1.305,2.15,1.79,1.067,1.52,1.606,1.363,1.036,2.193,,1.075,1.053,3.29,1.436,1.455,1.736,1.719,1.673,3.087,2.238,2.652,1.863,1.528,1.81,2.143,2.074,2.077,2.48,1.221,0.851,1.63,1.917,2.042,2.548,1.312,1.089,0.853,1.285,1.259,,1.443,1.41,1.577,1.679,0.907,1.166,1.286,,1.493,1.53,1.466,1.804,1.823,1.385,1.816,0.935,0.948,,1.123,0.98,0.871,0.929,0.919,1.297,1.108,,,0.978,1.161,1.125,1.375,0.604,1.373,1.924,1.279,1.205,1.014,1.767,0.826,0.837,0.956,2.629,1.845,2.868,4.161,1.775,2.519,2.051,1.788,2.265,1.55,2.187,2.585,,1.984,2.515,4.999,3.842,,4.694,3.645,4.219,2.444,3.476,3.35,,4.483,3.521,2.582,,0.958,1.216,0.872,0.453,0.944,0.536,2.254,0.677,0.711,1.362,1.039,0.747,0.358,0.54,0.192,1.268,1.573,0.439,3.173,0.91,0.924,1.037,1.31,1.129,1.745,1.315,1.628,1.842,1.335,1.923,0.943,3.464,2.449,4.728,2.197,0.986,0.951,1.153,2.54,2.113,1.692,2.986,1.543,1.782,1.731,0.574,0.634,0.547,1.267,1.486,0.932,1.765,0.529,2.42,1.625,1.781,0.633,3.586,,1.257,1.013,0.844,0.669,,0.831,0.366,1.917,1.675,1.204,1.041,0.887,,1.512,1.112,0.72,0.484,0.298,1.408,1.07,1.351,0.635,1.324,1.69,1.356,1.352,1.248,1.259,,1.281,2.495,1.24,1.518,1.023,1.713,1.196,1.168,2.23,1.605,1.148,1.558,1.43,1.487,0.831,1.112,1.052,0.648,0.184,0.539,0.22,1.666,1.506,1.729,1.5,,0.803,1.453,1.959,2.196,0.272,,1.124,0.925,1.086,1.314,1,1.178,0.827,0.923,0.699,0.844,0.814,0.457,0.774,0.02,0.597,1.148,0.82,1.042,0.821,0.632,1.093,0.458,1.1,0.859,1.037,1.05,0.889,0.725,0.706,0.688,0.014,0.909,0.582,0.778,0.779,1.448,2.228,1.799,1.656,2.186,1.081,0.824,1.888,1.619,1.878,0.88,0.979,0.813,0.841,0.9,1.336,1.29,1.413,0.793,1.057,0.914,1.212,0.944,1.032,1.325,1.388,0.768,1.36,1.346,,1.83,2.296,1.587,2.376,1.757,0.289,0.738,0.592,4.042,3.051,1.997,1.445,5.304,2.399,3.552,2.254,3.121,2.315,2.088,1.786,1.523,1.476,1.346,1.451,2.204,1.168,1.918,,1.775,2.05,2.073,0.885,0.743,0.804,1.352,1.179,1.343,1.206,1.408,2.536,1.957,1.631,1.721,1.306,1.364,1.328,0.729,1.079,1.366,1.038,0.714,1.77,1.663,2.012,1.198,0.923,0.916,0.935,3.091,1.876,2.176,1.305,1.002,1.076,1.232,0.899,1.458,1.311,1.589,0.243,0.601,1.111,1.636,1.472,1.547,1.516,1.644,1.019,1.293,1.147,1.199,1.244,1.232,2.204,1.184,2.254,1.661,1.94,0.623,1.082,0.762,1.556,0.875,0.907,1.11,1.232,1.133,1.139,0.746,0.865,0.783,1.311,0.724,1.66,1.87,0.182,1.434,0.082,0.181,0.566,0.7,0.727,2.628,0.596,1.106,0.86,0.979,1.539,1.336,1.362,1.073,1.307,1.805,0.592,1.365,1.579,1.508,0.697,0.769,1.071,,1.419,1.732,1.615,1.67,1.508,1.229,1.185,1.577,1.373,1.875,2.209,1.965,1.192,2.423,1.244,1.246,1.286,1.392,1.197,1.525,1.713,1.706,1.51,1.111,1.3,1.203,0.982,1.172,1.284,1.535,,1.356,1.451,1.545,1.838,1.465,1.814,1.039,2.009,1.443,1.303,1.239,1.476,3.01,1.484,1.078,1.216,1.371,1.201,1.209,0.815,0.832,0.893,1.06,,1.468,1.897,1.799,1.93,2.439,1.259,1.441,0.792,1.243,0.997,1.518,1.266,1.084,1.355,1.157,0.899,1.851,1.58,1.438,1.241,0.537,,0.57,1.35,0.276,1.094,1.396,1.271,0.588,0.533,1.199,0.39,0.597,1.221,0.715,0.79,1.215,0.771,0.928,0.501,1.36,1.037,0.204,0.368,0.62,1.977,1.041,0.614,0.775,0.1,1.028,0.984,1.996,0.727,1.05,0.025,0.024,1.615,2.316,0.569,0.548,0.245,0.743,2.57,2.927,2.644,4.038,4.041,2.665,3.005,2.77,0.07,2.025,1.257,3.332,2.059,1.108,0.759,0.829,1.797,1.765,2.093,1.297,1.531,1.883,2.523,1.847,1.006,0.715,2.538,1.564,1.581,1.578,1.47,0.794,,1.903,2.718,1.388,1.88,0.926,0.661,0.618,0.798,1.38,1.185,0.712,1.175,1.582,0.665,1.365,0.691,1.928,1.249,1.02,1.176,1.852,1.521,0.84,0.489,2.84,2.925,1.582,2.303,0.987,0.973,1.427,2.973,2.29,2.11,2.262,2.946,2.869,1.723,2.504,0.568,0.97,0.892,2.015,3.221,2.488,2.141,0.751,1.922,1.302
20160203,12,AQI,59,58,52,59,58,57,45,69,32,45,70,110,,225,220,192,193,202,206,,201,132,122,199,65,202,,66,79,103,78,83,83,68,63,85,76,65,108,107,40,122,69,60,57,371,326,289,263,150,149,139,114,92,168,63,55,80,92,58,52,63,57,78,31,75,67,85,67,92,103,92,235,250,207,124,159,138,166,67,,46,118,115,58,74,56,130,125,87,107,238,85,77,160,119,119,123,115,,145,109,112,130,138,,124,87,69,70,63,58,72,65,67,79,59,95,88,88,83,88,98,68,75,70,73,134,132,107,,140,147,149,158,123,130,127,128,123,105,118,97,125,112,80,110,115,211,189,193,168,196,193,158,180,172,122,134,110,119,122,123,118,115,100,105,120,92,109,153,159,208,170,102,120,104,117,119,120,104,123,168,189,129,175,115,,209,163,169,166,148,135,172,176,166,149,178,,155,149,162,185,143,192,236,199,223,203,190,196,207,182,202,117,203,227,199,202,143,110,62,165,149,158,153,176,166,148,119,108,170,113,155,,169,150,159,72,80,74,79,158,172,115,,124,,195,172,,109,148,125,60,40,73,137,110,114,102,97,98,83,95,82,123,93,138,137,,158,153,145,125,155,43,41,38,46,39,38,23,32,28,109,80,70,109,77,120,57,109,118,147,168,137,129,125,,20,168,117,163,170,144,176,165,198,159,185,148,139,142,175,130,120,144,123,132,152,128,123,138,144,122,133,122,150,100,100,103,94,107,,115,103,107,112,102,64,52,,45,46,58,54,55,48,64,49,58,52,40,67,49,53,54,29,54,38,57,54,58,54,61,48,52,48,60,58,48,54,64,44,47,63,43,47,60,49,,57,58,55,46,52,58,52,52,50,48,58,63,60,,110,,94,113,94,85,125,123,30,56,42,40,47,74,88,78,69,68,74,64,79,79,73,69,70,,70,89,80,90,107,109,92,95,107,,113,78,93,99,88,103,55,90,94,88,102,50,49,37,45,52,48,50,114,107,96,59,169,65,156,188,97,169,291,125,269,127,190,128,209,139,105,173,158,87,94,137,149,233,246,198,109,179,259,192,163,179,,257,328,319,367,329,346,105,119,117,108,,90,112,83,90,105,63,85,104,143,79,202,158,64,206,140,54,42,47,53,47,57,62,62,88,68,59,78,97,57,64,50,127,189,120,122,43,44,35,25,199,182,143,201,188,168,138,,270,348,204,,204,225,222,198,158,125,212,,178,176,155,189,223,222,207,132,83,,94,112,96,199,,217,,201,120,129,102,180,,160,158,178,,47,67,44,168,224,252,,60,60,59,65,99,51,44,40,38,54,43,48,52,48,42,50,48,52,47,52,67,46,38,59,36,26,29,60,64,62,52,59,49,64,63,60,22,26,28,48,33,46,43,52,38,55,59,59,62,118,128,118,88,100,111,90,112,169,242,220,,214,233,155,378,148,98,128,169,123,66,147,147,59,54,215,98,51,431,70,78,77,75,68,67,46,147,84,88,143,65,162,102,156,314,170,140,88,77,129,141,145,191,68,54,64,54,64,,48,85,94,102,133,109,139,109,138,134,114,75,72,84,135,89,84,120,105,107,139,134,139,143,137,117,77,118,98,103,93,110,42,162,132,90,132,120,125,120,192,179,152,189,199,92,59,84,132,87,74,179,153,148,172,139,133,153,108,144,88,140,183,153,165,142,130,124,130,112,123,109,118,97,124,100,109,152,163,129,61,122,105,90,129,148,162,142,,78,79,88,100,84,72,,88,98,24,23,129,159,135,145,138,159,158,155,138,160,201,122,117,107,102,109,122,110,143,132,148,143,104,88,140,129,122,140,134,137,149,150,70,92,92,,77,64,65,237,248,199,350,63,73,89,102,59,58,125,78,228,162,158,209,173,160,232,222,152,120,188,133,113,94,117,92,,138,253,130,104,106,152,183,157,110,196,164,172,258,240,119,125,219,204,249,236,128,132,240,236,207,190,134,95,193,173,228,229,192,92,170,108,103,94,163,165,159,97,97,,127,130,149,,74,84,500,,159,166,149,138,166,199,193,147,128,,63,115,115,99,86,107,108,,,85,94,107,103,77,82,70,140,147,117,124,54,52,60,184,191,218,246,238,252,148,105,290,162,90,108,,114,125,223,212,,233,128,125,94,119,70,,82,152,78,,79,62,31,82,39,73,350,75,88,71,28,28,103,30,51,50,70,45,100,114,123,120,127,78,111,127,106,75,67,89,114,53,39,61,27,99,102,89,193,173,211,180,226,175,88,97,57,64,88,107,46,28,55,55,34,55,22,118,,84,84,72,64,63,68,130,114,110,90,94,58,,352,98,38,50,26,94,107,44,29,102,113,113,128,135,155,,132,158,138,63,79,99,163,109,81,103,113,221,98,99,125,107,79,107,89,83,65,269,231,262,74,,87,114,127,124,72,,72,75,67,82,75,84,79,81,90,107,55,34,51,50,20,40,36,41,40,17,36,30,43,28,30,38,48,54,54,49,68,82,79,88,83,64,129,109,100,95,103,87,95,152,103,72,75,79,78,78,77,92,97,71,104,102,102,79,84,114,127,128,88,125,,79,72,73,69,69,93,97,85,132,132,122,231,241,222,213,118,129,125,144,87,130,132,108,117,113,127,117,,117,100,100,102,107,100,90,179,179,143,119,133,142,155,120,63,93,128,90,130,159,139,140,117,129,144,112,100,138,93,92,130,108,120,99,103,110,74,185,134,107,93,95,127,103,139,112,139,127,119,112,118,148,137,109,102,105,112,123,68,150,118,79,78,75,70,73,87,97,130,127,108,120,115,92,145,131,140,134,87,92,158,72,58,78,69,89,79,74,110,83,103,78,65,84,93,37,47,51,103,107,90,,73,88,87,84,53,92,95,123,145,173,203,135,104,94,104,115,120,110,89,120,118,108,122,130,115,109,100,74,87,74,,97,107,134,133,125,140,139,140,166,112,140,127,206,89,87,124,119,100,143,14,50,20,62,,70,94,102,109,150,38,64,,55,53,58,70,72,58,73,71,95,100,35,42,85,,70,108,78,53,35,49,42,40,23,58,79,54,35,30,28,28,44,45,23,78,49,70,49,95,108,50,56,21,20,71,85,104,265,9,25,21,256,66,72,27,23,263,207,222,183,50,97,83,62,113,144,123,67,74,110,88,62,74,88,83,53,88,113,82,109,130,160,98,156,108,59,88,97,,153,100,128,100,125,199,57,172,66,44,135,135,139,67,108,95,90,96,79,119,129,74,64,30,152,345,64,105,54,58,74,232,335,189,94,244,130,123,101,51,29,63,142,216,367,119,32,213,49
20160203,12,PM2.5,42,41,36,42,41,40,,50,22,31,51,23,,175,170,144,145,152,156,,151,100,92,149,47,152,,44,58,58,57,61,61,48,32,63,53,43,81,80,28,92,50,43,40,321,276,239,213,115,114,106,86,68,127,11,31,51,37,9,28,44,22,22,14,55,48,63,48,68,77,65,185,200,157,94,121,105,126,48,,32,89,87,39,49,30,99,95,64,80,188,63,56,122,90,90,93,87,,111,82,84,99,105,,94,64,50,51,45,40,52,47,48,58,42,71,60,48,58,65,73,49,55,42,48,102,100,80,,107,112,114,120,93,99,96,97,93,79,89,72,95,84,59,83,87,161,142,145,127,147,145,120,136,130,92,102,83,90,92,93,89,87,75,79,91,68,82,117,121,158,129,76,91,74,88,90,91,78,85,127,142,98,132,87,,159,124,128,126,113,103,130,133,126,114,134,,118,114,123,139,109,144,186,149,173,153,143,147,157,137,152,88,153,177,149,152,109,83,44,125,114,120,117,133,126,113,90,81,129,85,118,,128,115,121,52,59,54,58,120,130,87,,94,,146,130,,82,113,95,43,28,53,104,83,86,76,72,73,61,71,60,93,69,105,104,,120,117,111,95,118,30,27,26,32,27,26,16,22,16,82,59,51,82,47,91,17,82,89,112,127,104,98,95,,,127,88,124,129,110,133,125,148,121,139,113,106,108,132,97,85,110,93,100,116,97,93,105,110,92,101,92,115,75,75,77,70,80,,87,77,80,84,76,46,36,,31,32,41,38,39,33,46,34,41,36,28,48,29,37,38,20,38,26,40,38,41,38,34,33,36,33,43,41,33,38,46,24,,45,25,16,43,34,,40,41,39,32,36,41,36,36,35,33,41,45,43,,83,,70,85,70,63,95,93,21,23,25,28,22,54,65,57,50,49,54,46,58,58,53,50,51,,51,66,59,67,80,82,68,71,80,,85,54,69,74,65,77,38,67,70,65,76,35,34,23,31,36,33,35,77,53,54,19,,42,119,141,34,128,241,87,219,79,143,97,159,106,74,131,120,64,70,104,114,183,196,148,82,135,209,144,124,135,,207,278,269,263,279,296,79,90,88,81,,67,84,61,67,79,45,63,78,109,58,152,120,29,156,107,28,27,32,33,21,35,44,44,65,49,42,57,72,38,46,34,96,142,83,83,26,23,24,17,149,137,109,151,141,127,105,,220,298,154,,154,175,172,148,120,95,162,,134,133,118,142,173,172,157,100,61,,70,84,48,149,,167,,151,91,98,76,136,,122,120,134,,30,37,29,127,174,202,,43,43,42,47,,28,24,23,22,33,29,32,36,33,29,35,33,36,31,34,48,32,26,42,25,18,20,43,46,44,36,42,34,46,45,43,15,18,19,31,23,32,25,36,26,39,37,42,44,89,97,89,65,75,78,67,84,128,192,170,,164,183,118,328,113,56,97,128,93,43,112,112,42,27,165,73,22,331,51,57,56,53,48,47,32,112,62,65,109,36,123,76,119,264,129,93,65,56,98,83,105,139,49,32,29,35,46,,33,63,70,76,101,82,106,82,105,102,86,55,16,62,103,57,62,91,79,80,106,102,106,109,104,88,53,89,73,77,69,83,17,123,100,67,100,91,95,91,144,135,116,142,149,68,42,61,100,64,42,135,117,113,130,106,101,117,81,104,65,107,138,117,125,108,99,94,99,84,93,82,89,72,94,75,82,116,124,98,3,92,79,67,98,113,123,108,,57,58,65,75,62,52,,65,73,6,5,98,121,103,111,105,121,120,118,105,122,151,92,88,80,76,82,92,83,109,100,113,109,78,65,69,98,92,107,102,104,114,115,51,68,68,,56,46,47,187,198,149,300,45,53,66,76,38,41,95,57,178,123,88,159,131,,182,172,116,91,141,101,85,45,62,36,,95,203,92,78,60,116,138,2,81,71,26,59,208,190,90,95,169,154,199,186,97,100,190,186,157,143,102,71,145,131,178,179,144,68,129,81,77,48,124,125,121,72,72,,96,99,114,,53,62,629,,121,126,114,105,126,149,145,112,97,,45,87,87,74,62,80,81,,,63,70,80,77,56,59,50,107,112,88,94,38,28,43,128,124,168,176,188,202,113,79,240,123,67,81,,86,95,173,162,,183,97,95,70,90,42,,59,116,57,,27,36,14,60,27,53,,55,65,46,13,16,4,11,10,34,51,30,75,86,93,82,96,53,53,96,39,44,33,44,86,31,27,26,18,74,76,66,145,131,161,136,176,132,65,72,40,46,65,80,32,14,39,23,23,39,1,71,,62,62,52,46,45,49,99,74,69,67,70,40,,302,73,26,35,,70,80,21,20,76,85,85,97,103,118,,100,120,105,36,58,74,124,82,59,77,85,171,73,74,95,80,58,80,66,61,47,219,181,212,54,,64,86,96,94,52,,52,55,48,60,55,62,58,46,67,80,25,18,34,35,14,28,25,26,28,6,25,21,24,16,16,21,22,38,38,34,49,60,58,65,61,46,98,82,75,71,77,63,71,116,77,52,55,58,57,57,56,68,72,31,78,76,76,58,62,86,96,97,65,95,,33,34,37,28,50,69,72,63,100,100,92,181,191,172,163,89,98,95,110,61,99,100,81,88,85,96,88,,88,74,75,76,80,75,67,135,135,109,90,101,108,118,91,45,69,97,67,99,121,106,107,88,98,110,66,75,105,69,68,99,81,91,74,77,83,54,139,102,80,69,71,96,77,106,84,106,96,90,84,89,113,104,82,76,79,84,93,49,115,89,58,57,55,51,48,64,72,99,96,79,91,87,68,111,70,107,102,64,68,120,52,41,57,50,66,58,54,83,61,77,57,47,62,69,21,31,33,77,80,67,,53,65,64,62,37,68,71,93,111,131,153,103,78,70,78,87,91,83,66,91,89,81,92,99,87,82,75,54,64,54,,72,80,102,101,95,107,106,107,126,84,107,96,156,66,64,94,90,75,109,9,35,4,44,,51,70,76,82,115,26,46,,39,37,41,51,52,41,53,44,71,75,24,23,63,,51,74,57,31,6,34,27,24,14,35,58,27,23,21,19,19,30,31,16,57,34,51,34,71,81,30,38,,14,51,63,38,215,4,3,,206,36,52,10,9,213,157,172,138,35,60,61,43,85,110,93,45,54,83,65,44,54,65,48,26,65,85,60,82,63,83,73,119,81,33,65,72,,117,54,97,38,95,149,38,130,46,20,103,103,106,38,81,71,67,67,58,90,98,54,46,10,107,295,32,79,33,40,39,182,285,142,55,194,99,93,1,23,3,45,108,166,317,90,22,163,34
20160203,12,PM2.5_24h,40,23,33,37,31,33,,35,30,28,31,54,,98,97,73,76,84,103,,84,64,77,87,49,94,,66,81,61,59,81,71,31,77,92,71,76,92,96,47,75,64,51,46,160,151,175,147,156,205,167,182,171,215,20,18,20,25,24,38,47,34,35,18,82,59,63,58,133,168,103,132,140,130,68,87,103,92,71,,36,79,88,44,49,50,81,70,73,83,109,85,53,60,52,83,115,102,,125,154,72,143,119,,142,69,62,44,50,35,46,45,46,54,28,95,98,84,98,92,75,96,100,85,84,89,99,118,,136,122,138,144,94,113,100,117,95,86,95,74,113,85,74,82,83,128,115,131,119,136,125,115,126,113,131,142,114,136,129,118,128,110,102,72,88,75,93,87,93,101,88,87,107,97,113,105,103,98,110,120,138,107,119,123,,123,135,124,122,132,145,151,143,142,139,150,,128,127,142,112,93,137,145,121,146,120,126,115,83,64,86,43,149,170,150,152,78,57,42,83,71,83,80,79,86,84,53,88,96,91,89,,84,90,91,61,69,61,63,79,81,59,,76,,126,108,,66,80,72,75,75,74,88,68,69,76,71,67,61,78,61,100,56,95,97,,123,106,100,100,95,22,22,22,28,21,23,19,24,19,84,62,55,92,77,92,49,85,82,105,123,92,98,104,,95,113,61,84,77,67,81,87,87,91,82,74,78,76,82,85,78,82,69,63,97,110,117,109,116,118,113,102,124,82,99,98,97,103,88,115,111,106,95,89,35,32,,29,30,30,35,30,36,33,29,32,31,26,35,16,32,30,18,25,23,30,28,27,27,29,26,31,27,37,38,27,34,42,21,25,32,19,17,34,15,,34,33,29,23,27,30,28,32,24,23,26,39,25,,81,,76,77,72,66,76,78,10,19,22,24,25,59,76,64,58,65,63,46,55,64,64,65,55,,64,57,60,63,88,75,70,70,72,,75,79,70,74,64,73,62,53,74,66,67,55,39,23,55,54,68,50,59,47,32,21,35,26,78,57,54,75,109,72,144,58,126,60,122,107,49,93,96,56,69,82,66,96,105,109,44,75,95,92,70,83,,246,346,254,254,268,294,91,108,103,101,,124,143,92,123,138,42,87,113,95,52,69,67,45,71,82,31,43,22,25,28,80,71,78,69,89,81,97,110,62,60,31,91,67,64,77,24,21,22,17,132,116,93,131,152,136,132,,213,191,142,,137,123,139,143,124,86,121,,122,124,181,152,180,211,155,65,52,,45,76,75,123,,98,,124,130,128,105,137,,180,112,95,,47,57,49,131,99,100,,41,40,45,42,46,19,19,21,19,21,22,25,25,25,27,27,24,24,25,24,23,28,15,24,23,15,17,42,41,42,25,30,23,40,31,40,12,14,16,22,20,23,19,26,22,30,37,38,42,125,113,118,51,54,45,47,64,81,101,110,,107,158,91,227,93,46,75,107,50,37,70,75,46,24,74,30,18,199,68,74,76,99,101,78,42,82,73,78,98,44,106,76,113,105,90,69,89,95,74,92,82,81,70,45,87,64,57,,38,43,48,47,49,63,96,90,112,118,76,80,48,36,54,32,68,94,71,94,98,91,95,85,103,76,50,89,68,78,69,100,14,86,68,64,101,87,71,72,124,110,81,110,115,61,53,75,84,49,35,91,39,94,92,85,84,54,58,66,50,112,120,133,118,118,80,92,91,77,78,79,73,56,78,74,81,105,103,91,72,86,51,54,84,83,93,80,,65,66,76,65,67,65,,69,77,8,8,70,79,84,80,121,123,132,117,109,106,60,59,44,57,91,86,75,84,103,107,108,103,61,73,87,74,85,104,97,103,108,108,60,61,64,,59,46,45,99,42,34,203,63,84,72,74,36,45,54,71,127,103,75,129,104,242,143,149,73,65,78,57,57,44,51,49,,83,111,68,61,47,100,134,120,89,74,56,52,118,190,85,79,133,76,91,103,61,63,137,110,89,89,65,47,89,82,86,101,87,53,73,65,60,37,116,124,108,81,98,,93,102,106,,73,77,126,,122,122,126,102,116,124,125,96,94,,97,64,56,56,48,71,73,,,55,60,93,76,56,73,77,100,103,89,81,37,28,39,61,50,80,59,70,59,104,91,162,89,56,63,,73,79,129,128,,142,90,65,39,72,31,,53,147,113,,29,42,33,28,22,55,69,48,41,61,26,32,17,12,7,47,49,42,91,74,50,89,100,59,71,71,67,127,88,87,91,90,44,70,50,83,78,78,106,115,91,103,93,81,39,42,48,39,54,79,44,19,41,59,18,29,53,43,,51,43,52,39,37,48,21,46,41,46,55,29,,102,52,29,33,,78,89,68,25,94,47,118,129,138,141,,141,120,123,44,64,81,113,90,71,83,72,78,76,77,98,92,76,84,66,73,51,173,154,176,68,,56,93,105,103,50,,42,51,62,59,59,62,53,59,52,87,22,25,24,26,15,25,25,29,24,7,23,18,23,16,13,16,18,23,31,26,50,67,64,65,62,70,125,108,107,106,82,61,67,90,63,52,62,70,66,62,49,62,66,35,74,63,68,61,60,77,91,75,71,87,,44,55,39,31,44,58,59,56,90,77,69,112,125,96,98,89,105,100,122,44,64,92,80,73,80,76,90,,97,81,86,104,102,108,79,101,73,76,87,90,102,85,94,25,52,60,41,69,85,77,65,105,110,127,85,83,97,72,73,80,96,97,94,89,87,71,88,71,50,63,67,90,88,95,86,101,99,91,106,95,101,98,82,66,73,66,84,72,166,112,91,96,57,54,47,58,62,62,73,70,67,70,54,85,48,67,82,43,73,87,39,32,46,39,64,59,55,72,68,73,60,53,65,70,19,30,37,58,73,57,,69,88,82,31,36,63,65,77,105,103,133,83,73,64,68,75,87,70,72,119,109,108,112,75,81,81,72,45,57,57,,60,83,85,87,87,83,117,86,116,96,67,94,123,60,41,61,67,67,82,14,30,21,42,,41,58,75,69,85,48,63,,58,62,48,59,63,53,47,39,66,65,28,32,60,,45,47,39,45,23,26,30,23,33,33,57,45,28,28,66,61,77,44,25,28,46,53,36,60,69,29,37,13,14,36,32,34,46,16,20,,89,17,26,7,12,132,139,133,140,38,62,70,57,76,99,88,44,38,66,52,36,37,46,40,35,60,63,48,82,62,51,58,96,61,22,70,51,,99,55,40,20,54,88,33,44,29,24,129,108,103,38,87,80,54,60,53,84,94,43,41,13,147,356,44,72,50,53,57,119,147,106,75,119,74,73,108,25,8,21,118,196,333,49,24,81,31
20160203,12,PM10,48,44,43,43,,43,45,52,,39,58,170,,188,181,157,161,185,177,,,138,98,163,75,,,81,84,156,87,72,98,86,76,99,101,80,114,114,36,147,69,55,40,424,365,319,347,165,146,134,129,108,158,75,60,110,134,66,54,75,64,105,31,79,84,91,83,89,81,133,248,253,200,132,187,155,170,81,,46,116,128,66,98,61,152,180,118,124,363,87,93,189,136,140,127,127,,221,116,140,131,191,,144,100,67,76,59,66,78,75,71,83,46,128,126,126,116,84,94,71,87,89,95,122,124,108,,163,169,190,169,128,124,115,155,99,97,,82,102,91,,,104,225,203,210,178,189,205,185,215,182,,107,,,,124,,95,96,130,125,93,119,182,226,171,170,152,136,158,169,171,158,150,196,207,186,183,169,143,,204,149,181,158,166,207,224,206,216,150,201,,200,216,,190,207,214,229,198,210,189,206,217,211,167,197,146,186,,209,166,161,109,59,176,146,179,170,184,181,187,133,114,177,121,167,,160,145,185,66,73,72,74,162,158,133,,145,,196,162,,133,127,,70,40,60,108,96,90,105,95,100,79,,88,95,97,,,,,117,,,,39,41,35,37,,37,19,31,28,99,100,82,92,104,,63,92,117,,200,146,176,128,,,199,132,181,180,184,184,241,190,238,222,172,182,169,166,210,190,143,108,124,,,101,,,,104,147,,,87,,,85,,,81,,,84,53,47,,36,41,,47,47,38,,42,43,37,34,52,49,41,41,22,46,32,52,43,53,,72,34,44,39,,42,40,40,51,44,47,,43,47,48,46,,47,48,45,46,40,45,46,44,50,45,50,,46,,102,,99,126,,82,134,118,30,61,42,36,47,55,70,61,55,56,54,63,,68,63,58,61,,61,94,66,69,93,104,97,107,93,,103,106,91,96,109,83,59,92,97,104,122,39,47,37,42,41,,36,178,163,141,68,287,79,210,195,144,197,277,199,269,203,193,156,235,192,159,196,172,92,126,141,152,252,255,205,152,265,291,196,229,206,,279,294,324,473,321,387,,166,106,101,,87,88,67,78,,61,71,130,116,97,205,214,77,216,160,57,42,47,55,47,63,59,61,93,72,67,88,79,63,54,50,202,259,190,193,43,44,32,24,269,269,218,246,246,179,201,,320,380,188,,197,220,177,276,191,134,238,,201,161,153,173,235,236,210,159,96,,112,153,141,218,,242,,248,119,,120,251,,247,191,202,,47,83,44,233,248,293,,49,56,58,48,147,51,44,40,38,57,43,48,43,38,40,43,38,52,47,54,82,32,38,43,32,25,25,43,49,48,42,45,44,,68,50,16,,27,48,32,46,43,47,27,48,67,64,65,135,131,143,112,124,171,89,127,154,266,275,,225,285,240,359,,145,145,,,81,195,161,,58,274,108,51,531,87,104,98,100,86,84,40,154,91,72,124,79,203,112,188,420,153,230,73,95,160,232,240,332,79,58,77,58,61,,40,,100,96,,105,128,158,167,204,113,64,93,72,121,127,71,100,107,123,116,104,,111,135,116,103,,73,,103,,42,148,114,102,,133,110,111,212,281,,232,223,,64,117,140,94,98,200,148,190,175,146,141,228,151,238,118,141,174,,154,149,146,166,138,114,106,92,120,88,94,87,109,118,,,72,133,92,,,,,122,,71,64,69,78,76,69,,76,,6,14,130,150,135,137,121,,136,140,108,148,292,169,163,103,98,114,122,135,,138,143,155,129,119,230,109,116,134,142,131,153,164,62,87,,,63,46,58,205,215,212,324,63,63,85,85,67,63,167,103,219,199,265,228,225,270,261,212,182,170,174,145,163,138,183,134,,226,293,210,118,161,184,229,264,170,342,277,293,308,274,141,130,228,168,,252,142,138,289,220,283,219,126,102,220,203,269,237,198,109,160,136,112,137,169,139,164,135,103,,112,145,156,,98,107,,,170,170,162,127,,182,169,165,146,,55,122,89,139,121,98,99,,,101,109,99,99,61,113,90,146,159,99,145,57,54,43,318,331,277,382,264,374,178,147,383,237,111,134,,110,145,176,204,,259,167,172,105,106,89,,113,176,105,,107,73,31,92,39,68,460,87,89,92,28,17,17,29,29,50,67,45,87,128,111,190,164,106,172,137,161,100,84,128,107,55,35,72,27,104,117,100,183,159,245,240,213,158,108,110,59,64,119,149,43,24,47,60,34,49,2,185,,100,,64,60,63,67,,178,170,88,93,65,,404,91,26,37,26,129,103,44,,78,121,110,128,125,133,,,126,,75,76,106,,90,111,111,103,271,114,123,,97,61,,,74,78,251,195,223,71,,76,106,110,105,73,,66,72,74,82,85,83,,112,106,93,60,34,51,47,,28,32,41,39,6,25,,43,28,30,38,48,38,45,40,62,77,90,93,83,60,134,106,94,96,96,124,108,148,102,53,61,60,,,67,76,86,91,84,,89,62,80,120,152,107,107,123,,107,93,95,87,81,105,113,117,145,101,104,308,249,232,222,,187,184,165,124,117,101,136,133,144,149,143,,145,150,120,92,104,120,104,208,186,191,109,146,149,147,110,64,91,111,100,131,136,118,,105,134,171,173,120,151,106,119,137,98,119,96,140,135,94,152,124,124,90,90,,,111,,,104,,96,110,144,112,,122,145,119,135,75,,,84,94,77,75,96,80,111,138,119,165,137,117,115,147,212,150,177,110,105,156,52,42,63,57,66,71,59,97,70,87,,67,77,69,37,47,52,100,98,76,,57,94,91,62,47,74,76,172,146,156,214,115,92,95,95,92,100,105,89,109,95,102,137,,108,94,96,64,98,91,,113,107,119,124,158,160,182,189,178,172,151,139,183,75,110,122,124,118,120,11,40,11,54,,65,90,109,105,150,30,69,,57,,63,63,64,56,70,92,82,100,25,42,82,,57,165,99,56,35,47,42,40,23,66,82,57,35,24,,26,44,,22,103,37,,41,86,91,50,62,,18,91,,157,,,17,,270,82,64,15,,275,177,187,195,,144,106,74,108,,101,83,69,96,95,,80,81,116,55,123,139,72,120,210,269,91,122,128,68,,118,,150,150,180,149,136,223,63,187,82,44,150,194,147,84,81,84,113,141,91,157,,86,73,20,254,422,78,128,58,65,97,231,304,219,137,238,123,93,152,51,7,,186,246,393,135,22,,38
20160203,12,PM10_24h,52,27,49,44,,44,52,52,,51,47,80,,154,133,96,115,124,137,,117,106,130,122,89,127,,117,113,115,102,121,101,67,120,128,121,119,121,111,71,117,103,106,104,232,205,234,240,199,256,206,222,228,257,42,42,49,57,36,56,67,59,67,41,137,82,74,75,178,186,194,176,184,163,96,134,133,134,92,,51,107,128,76,96,82,123,116,114,113,180,112,85,98,90,129,151,155,,196,217,119,194,214,,189,100,83,61,77,63,63,76,65,76,44,167,142,136,125,109,98,130,135,110,136,107,122,134,,161,159,178,193,132,135,123,159,116,103,110,96,131,94,88,101,105,180,172,184,161,199,179,166,196,162,135,157,140,169,154,187,152,139,116,112,122,99,128,141,166,134,128,174,157,173,183,169,164,163,217,206,220,175,149,183,,158,160,177,161,177,182,198,185,199,192,214,,171,190,164,160,183,194,168,146,188,173,196,176,127,98,114,91,178,196,195,208,107,77,50,120,87,121,114,111,133,125,72,119,133,133,126,,107,117,134,76,89,75,80,107,102,97,,100,,141,134,,115,93,,112,101,87,96,81,76,97,96,102,75,90,81,109,75,117,113,,163,117,107,102,113,29,31,31,25,19,33,24,41,32,119,107,84,112,90,72,57,101,118,134,193,141,176,132,,149,178,84,119,109,117,115,165,144,141,137,133,122,116,136,138,121,117,103,91,109,151,143,140,146,149,129,141,160,,123,120,143,107,,148,98,142,110,81,44,42,,33,36,31,40,41,39,37,34,47,36,28,36,32,33,37,21,33,29,37,38,45,32,44,22,37,31,40,39,30,29,57,34,33,35,33,34,38,35,,36,33,32,31,36,37,37,42,34,33,37,77,32,,91,,98,104,82,81,99,111,19,32,32,32,33,66,85,73,65,76,72,62,69,73,77,75,65,,78,77,75,76,108,97,96,90,88,,94,121,79,82,91,79,88,75,85,96,106,79,64,41,101,80,115,97,165,147,108,66,127,71,129,107,108,131,154,157,189,141,175,114,209,137,104,165,141,92,113,116,92,138,146,160,76,108,142,137,104,114,,407,414,300,472,318,413,128,190,135,138,,156,165,129,156,153,63,109,196,109,75,94,127,102,98,120,60,65,36,43,54,132,96,112,96,129,120,143,150,79,77,47,127,112,104,131,34,33,28,25,199,167,165,204,211,206,206,,299,278,190,,196,196,176,205,171,149,199,,211,92,223,176,253,322,202,96,89,,63,101,144,184,,146,,190,160,156,158,228,,284,160,153,,63,89,78,183,145,156,,47,46,57,53,56,33,33,35,25,33,41,33,32,35,30,32,27,39,35,33,30,23,27,26,25,22,21,43,40,45,29,34,34,39,38,37,16,20,22,29,26,32,31,35,25,33,52,57,58,177,162,168,104,83,98,58,95,93,143,166,,152,215,170,276,100,95,112,109,31,80,157,165,104,52,118,53,37,299,104,123,127,168,160,127,56,109,163,137,129,99,157,109,177,175,143,131,110,110,106,120,119,121,89,75,152,92,76,,47,56,73,86,57,85,137,136,156,193,101,85,71,46,63,53,77,109,92,126,118,116,122,120,127,111,90,132,78,98,101,113,23,127,98,137,157,126,85,102,171,195,125,184,179,86,118,112,99,75,56,148,83,149,139,122,107,96,103,130,84,152,155,110,143,154,121,159,118,113,90,101,102,143,85,81,105,116,164,94,125,103,61,65,,80,89,99,,69,71,74,69,88,81,,90,89,15,15,85,105,103,104,140,136,148,139,118,123,104,112,78,85,104,117,106,107,123,127,127,138,95,108,106,94,122,129,141,128,130,172,82,68,75,,70,68,60,132,168,136,243,99,99,98,99,63,72,83,116,145,152,210,181,184,310,196,173,107,107,104,86,107,91,135,141,,134,167,174,90,128,145,222,228,176,225,217,226,166,274,133,119,184,137,109,136,92,96,172,142,150,138,88,76,122,118,136,142,129,76,95,89,96,92,160,155,144,124,130,,107,138,142,167,125,128,118,,164,174,168,110,112,151,153,134,129,,110,110,94,106,91,95,96,,,93,90,125,103,68,127,117,139,122,108,133,54,61,50,143,127,149,190,124,111,131,129,231,133,87,92,,92,114,141,163,,196,154,128,50,86,64,,105,219,155,,63,72,54,47,32,78,126,78,52,81,51,54,26,18,13,69,68,56,131,123,74,141,135,88,127,92,139,170,123,130,128,67,59,85,53,101,97,102,128,135,141,198,117,103,64,65,63,58,72,90,42,28,56,90,30,42,94,97,,68,54,62,52,54,67,19,121,93,59,67,55,,215,58,30,32,31,126,117,88,34,115,140,134,155,155,156,,176,143,,80,83,121,135,109,100,110,104,142,99,105,115,121,97,88,74,83,80,214,168,201,85,,64,107,113,116,68,,56,65,70,77,86,77,57,98,86,111,35,27,36,34,22,29,31,36,31,10,22,17,39,19,19,23,25,27,41,36,66,89,99,89,74,92,149,135,139,134,101,129,102,119,85,56,73,81,70,74,61,71,78,72,80,69,80,69,80,111,131,92,90,115,,99,105,94,103,73,83,95,97,116,98,84,148,174,135,142,164,218,186,182,109,108,94,128,107,124,123,149,,140,161,125,146,126,160,112,153,105,110,108,125,123,104,111,37,70,73,61,91,104,97,78,122,146,180,130,119,121,113,116,119,119,123,119,125,146,113,94,86,86,82,82,106,110,113,105,116,116,103,115,115,123,113,,94,99,113,121,106,134,144,149,134,81,72,89,72,97,91,100,119,114,135,71,103,103,83,108,76,107,139,40,35,55,46,75,68,61,80,71,80,63,68,67,79,38,53,46,70,80,63,,66,108,104,65,64,69,69,148,133,114,169,104,91,85,97,90,102,84,96,141,131,148,159,82,98,95,101,55,80,73,,92,104,103,104,140,114,177,151,182,165,97,138,143,77,78,90,98,107,109,23,39,32,43,,48,72,109,86,113,66,92,,84,67,67,66,71,61,64,82,79,89,38,53,78,,55,93,57,66,47,41,38,33,48,85,69,69,38,39,119,82,122,59,39,70,64,52,39,86,77,37,49,18,25,66,,161,203,68,54,,133,38,43,18,15,147,156,126,169,66,113,100,89,94,117,103,71,62,84,96,42,48,63,110,68,104,108,70,113,167,184,81,95,91,53,80,71,,135,114,61,104,83,126,59,79,62,44,130,150,125,108,96,93,92,123,77,144,145,106,86,32,346,498,99,131,104,123,148,183,189,179,203,209,84,86,120,43,18,26,173,308,381,79,33,87,37
20160203,12,SO2,25,27,28,22,24,25,38,17,9,29,41,34,,80,76,92,76,66,62,,77,50,33,64,24,61,,161,144,108,166,144,166,84,33,36,35,32,40,35,24,81,77,89,15,133,397,248,170,224,61,58,87,85,93,50,59,54,69,34,33,31,30,110,29,19,34,40,71,47,48,66,98,102,95,170,237,203,157,83,,97,166,200,120,181,109,347,47,96,138,130,41,28,72,34,107,115,103,,116,245,116,188,187,,99,33,35,61,38,25,42,47,29,97,16,91,52,56,67,84,50,40,51,47,39,95,97,95,,98,152,28,85,107,118,107,110,29,27,28,25,22,30,23,24,35,40,41,43,55,47,34,38,30,28,31,27,35,33,18,30,30,30,30,33,34,30,32,61,54,86,82,62,59,25,31,70,34,22,49,59,49,51,31,27,,41,33,35,35,40,40,40,69,68,28,57,,39,56,46,38,38,37,69,52,33,31,45,67,35,34,39,46,41,31,37,28,24,18,16,22,25,30,29,26,41,23,29,21,32,27,32,,31,33,27,8,6,7,11,40,42,,,41,,30,47,,24,25,19,13,7,8,18,22,12,16,12,15,13,12,10,65,50,46,48,,18,69,59,4,23,6,12,6,7,6,5,2,5,3,21,21,26,29,27,23,15,42,21,39,65,43,59,52,,45,47,10,79,70,86,70,69,74,66,143,124,67,129,118,80,111,127,99,115,30,23,23,33,24,64,31,44,38,5,8,9,9,11,,11,12,47,7,3,3,1,,10,1,7,6,2,6,4,6,5,5,3,6,9,8,5,4,7,2,7,9,12,9,7,6,7,6,6,6,10,11,13,17,17,17,15,5,5,3,,10,9,16,4,9,5,4,4,4,7,3,6,10,,23,,17,22,18,18,12,19,5,1,2,4,11,7,8,7,17,9,20,15,12,13,23,21,4,,21,19,25,17,12,11,18,8,10,,10,11,46,51,44,31,24,54,60,40,55,13,9,9,10,26,16,9,14,12,6,6,12,7,91,68,34,47,23,45,38,81,21,37,66,71,31,39,33,19,90,96,36,68,41,43,260,301,300,432,322,474,,11,33,48,23,47,15,44,52,208,42,,21,14,23,14,32,19,8,27,1,46,80,178,36,204,100,44,25,23,24,25,71,78,52,62,63,28,180,186,39,39,48,,394,465,196,7,4,6,2,124,78,129,74,81,64,79,,63,71,62,,65,95,55,92,82,99,72,,99,96,106,62,76,31,179,36,61,,38,49,52,153,,173,,162,28,33,48,86,,81,66,62,,35,88,26,73,83,94,,17,11,8,9,15,28,12,10,11,10,9,10,34,12,10,14,9,11,6,11,108,6,2,6,7,7,8,4,2,6,4,6,7,9,9,17,7,8,4,3,3,2,3,22,13,39,16,12,13,38,29,39,35,101,89,56,114,144,368,198,,162,187,46,84,112,129,56,66,153,58,199,183,93,46,140,46,8,79,91,149,114,79,84,66,43,176,102,62,72,40,139,124,462,347,273,218,94,55,130,185,402,,39,35,43,44,41,,26,19,100,146,14,131,42,66,99,97,35,17,29,26,51,25,24,29,44,8,41,31,38,22,17,23,13,24,3,26,50,26,17,77,80,92,95,104,116,100,198,254,212,180,200,42,53,44,70,125,164,142,157,108,65,56,54,156,103,131,79,20,24,17,31,35,54,96,47,10,20,11,42,15,15,28,64,41,48,12,11,17,8,7,21,54,12,24,,8,10,7,13,16,13,,21,16,3,4,9,11,11,10,15,19,8,16,8,8,165,214,137,48,14,22,18,13,8,32,24,16,6,3,6,4,8,7,8,3,25,7,39,25,65,,45,10,12,78,39,48,18,59,69,61,79,44,71,248,115,41,33,65,54,81,48,75,49,19,83,48,41,126,69,84,6,,437,373,376,224,6,5,8,2,9,19,3,12,127,114,46,52,71,103,54,53,42,57,154,100,134,119,105,52,89,161,218,224,68,33,51,68,72,97,35,33,,30,29,,30,20,30,,28,22,51,,57,49,70,51,40,42,47,35,41,,19,19,24,20,17,21,18,,,80,64,11,19,13,48,22,71,49,40,48,9,9,7,245,420,142,295,385,278,118,123,276,311,102,190,,54,211,291,284,,172,357,58,123,41,204,,159,77,50,,25,15,7,19,6,127,215,160,44,87,9,9,6,17,157,15,24,24,108,302,109,192,155,52,125,119,119,106,74,68,145,130,47,105,29,65,72,78,39,64,130,189,79,183,10,19,12,10,84,62,112,27,15,20,15,27,27,81,,40,31,39,28,31,29,40,49,18,15,57,29,,,40,44,62,33,84,99,14,15,18,22,7,41,47,32,,5,36,62,45,48,37,73,34,22,8,10,147,9,14,25,2,11,36,11,4,17,8,56,37,30,,17,25,17,42,27,,37,29,,30,10,16,5,25,18,30,3,10,8,8,5,7,5,5,5,,11,16,9,7,4,10,9,9,9,4,4,5,8,7,8,1,30,62,30,39,8,19,33,40,33,48,32,35,28,26,12,27,17,2,36,5,19,31,12,24,19,14,71,31,,20,13,19,29,4,34,19,22,165,172,149,72,118,92,97,42,51,45,51,45,49,49,44,82,69,39,77,,47,87,51,18,29,20,24,17,50,73,18,23,18,351,2,23,18,31,44,82,110,56,41,33,34,29,54,33,70,44,57,57,19,33,3,5,7,4,32,19,84,16,17,14,18,15,15,16,16,13,18,18,28,20,3,11,26,50,35,6,15,17,3,30,16,14,15,15,13,25,46,107,103,68,36,71,29,49,43,9,89,26,12,41,10,5,4,5,2,27,11,23,14,17,21,25,8,4,14,16,38,17,,13,16,22,22,15,10,14,17,26,31,19,13,11,5,6,13,9,27,14,8,11,8,10,3,18,20,8,26,8,6,,11,7,92,63,77,115,17,24,11,7,1,5,10,9,4,18,14,21,19,12,12,3,18,,10,51,57,80,374,7,12,,13,,25,49,40,18,31,17,25,18,23,10,23,,23,36,21,18,43,2,15,5,3,12,11,2,13,13,4,5,10,3,5,1,3,9,16,14,13,10,6,8,5,3,7,6,11,11,4,63,92,14,53,11,7,33,29,17,22,17,83,94,54,34,55,27,32,40,139,30,18,66,38,51,36,77,216,28,78,20,35,63,171,126,161,29,25,,65,71,40,52,34,44,9,42,6,41,156,324,214,64,89,71,50,53,49,15,7,2,4,3,46,59,17,35,14,7,2,12,29,20,58,141,72,82,55,3,5,12,15,21,20,48,9,404,3
20160203,12,SO2_24h,22,14,15,17,14,16,31,13,11,20,21,30,,64,64,53,41,27,61,,40,46,45,47,19,55,,111,96,65,109,101,94,61,46,51,41,53,57,54,72,108,64,86,66,117,114,170,124,128,119,103,114,102,137,38,34,43,58,29,28,24,23,46,29,46,41,42,55,124,95,127,86,81,79,126,126,164,128,60,,115,123,152,114,137,109,322,47,93,50,77,63,31,63,25,75,83,77,,127,307,97,139,343,,228,146,114,101,107,75,46,90,62,94,15,168,150,74,83,108,41,48,50,29,48,61,63,58,,128,166,26,118,128,69,78,90,30,28,29,29,23,28,25,28,32,23,28,30,39,32,22,29,19,20,23,25,27,30,19,24,30,24,28,26,32,25,21,51,51,81,42,80,52,36,31,47,40,17,31,21,30,29,31,38,,28,30,36,34,37,33,27,35,40,32,43,,30,43,35,24,28,25,45,31,34,28,38,62,25,20,26,26,38,36,37,29,12,12,10,15,9,15,17,17,24,14,11,24,20,31,26,,21,24,20,6,3,5,11,21,17,22,,18,,20,36,,15,16,12,17,15,10,11,14,11,27,11,12,8,11,7,40,29,27,22,,11,33,34,4,29,6,11,5,6,6,5,2,5,3,22,22,16,18,25,21,9,26,22,39,90,42,72,69,,75,57,8,63,50,60,46,56,68,51,81,53,36,62,71,33,46,60,43,48,13,16,24,21,22,27,23,27,23,18,9,15,10,13,,15,17,60,10,7,3,2,,10,2,4,4,2,6,4,13,5,5,5,5,9,8,6,4,7,2,7,8,11,10,6,7,7,7,4,5,4,8,9,7,7,12,10,7,5,4,,6,5,11,3,7,6,4,3,4,7,2,5,8,,16,,14,17,15,13,10,15,4,2,2,4,10,6,14,11,22,18,19,14,11,18,23,21,9,,19,18,18,15,14,9,18,9,9,,9,16,29,45,35,28,49,49,54,31,40,14,9,10,7,24,13,6,12,14,8,6,11,8,39,32,27,37,10,45,29,38,16,41,34,28,17,34,33,19,34,43,27,42,29,20,95,95,158,122,115,140,,7,12,28,22,41,12,81,36,66,54,,89,45,31,23,45,27,15,78,4,61,86,71,52,80,84,67,49,25,18,42,62,79,59,73,99,77,95,160,45,44,30,93,111,102,149,7,5,7,2,114,79,104,84,100,84,59,,104,84,57,,66,64,42,47,110,113,96,,115,90,94,64,59,36,70,34,59,,43,35,49,127,,96,,110,62,61,66,78,,109,65,48,,51,42,45,109,116,90,,17,9,8,7,13,17,18,10,9,6,8,5,10,10,7,10,6,10,6,7,19,5,2,6,7,7,7,4,2,6,4,5,5,6,7,13,6,8,3,2,2,5,3,38,16,25,11,8,9,47,41,51,43,163,100,58,226,185,266,259,,200,261,58,81,79,123,54,100,96,104,204,173,211,57,179,56,48,170,103,105,97,110,74,108,54,81,91,49,54,40,140,105,173,117,157,102,58,105,122,67,177,213,61,36,79,48,34,,19,56,105,66,15,77,38,66,81,72,17,38,22,27,38,28,17,25,36,7,32,16,31,18,15,38,39,37,24,40,22,41,28,89,68,66,85,68,76,38,105,172,109,141,150,50,65,43,54,68,83,64,74,43,45,45,57,67,48,78,41,15,18,11,20,21,56,97,51,21,23,16,38,18,17,18,32,17,28,10,5,10,8,4,20,18,17,18,,8,11,7,8,17,18,,25,13,3,4,6,9,11,8,18,28,16,31,20,11,35,92,42,39,9,18,12,14,8,12,15,10,7,24,10,9,8,6,7,14,29,6,35,22,30,,36,14,24,19,27,17,13,42,54,36,42,33,37,82,140,24,14,29,27,29,34,39,23,14,41,37,22,56,23,81,20,,190,266,167,87,5,5,6,2,9,22,4,13,93,114,41,42,119,74,49,42,37,37,130,64,80,48,56,41,16,44,77,90,18,24,28,38,33,44,27,20,41,30,30,,21,17,26,38,27,27,34,,44,42,55,28,19,30,28,21,22,,18,12,6,11,10,13,12,,,59,126,25,18,15,44,23,46,33,34,35,8,9,7,180,199,149,195,213,165,203,232,349,236,125,64,,35,126,190,176,,232,271,46,63,35,82,,146,230,155,,42,46,17,9,4,32,155,29,26,61,35,15,7,30,37,34,42,32,103,127,139,144,91,41,70,57,89,131,62,81,78,181,39,79,42,84,72,69,59,58,86,134,101,109,37,24,23,15,28,36,16,32,18,46,19,15,23,47,,32,27,33,22,18,23,8,36,22,10,38,17,,,36,54,49,40,100,77,49,25,20,26,6,33,45,26,,5,23,33,31,10,39,39,47,48,22,20,47,34,42,55,2,35,46,12,6,11,7,24,20,50,,23,38,15,50,16,,19,16,30,31,18,19,14,20,12,25,3,4,6,6,2,8,10,6,6,,10,16,7,7,4,6,7,6,9,5,5,6,6,7,6,5,21,38,21,7,3,12,24,24,15,47,19,26,19,19,14,24,18,17,28,6,19,18,8,17,10,9,29,21,,14,14,12,16,20,13,18,13,73,79,61,60,86,65,90,55,59,56,62,39,33,36,40,68,77,34,64,,28,49,29,29,43,41,41,31,49,55,8,16,9,103,2,12,10,24,19,54,59,31,22,26,28,47,59,30,49,30,25,19,13,18,5,7,7,7,35,33,35,8,9,13,16,16,14,15,14,11,24,14,24,22,3,7,29,35,34,11,15,17,4,26,12,13,17,10,10,32,21,51,62,17,20,31,24,11,9,6,22,19,12,38,10,5,6,5,4,33,12,20,17,26,20,27,8,4,13,7,15,16,,10,14,17,21,14,8,11,15,27,18,19,12,11,6,12,13,8,26,22,12,14,14,17,3,21,12,7,30,13,12,,15,8,11,17,14,27,12,24,12,6,2,4,7,7,5,16,11,22,16,12,14,5,17,,9,21,28,28,60,8,12,,16,29,36,47,45,54,27,13,21,16,29,10,24,,21,33,11,18,44,3,8,5,3,12,28,2,14,14,15,19,19,17,4,3,7,7,14,7,6,2,6,12,4,6,7,5,6,11,4,60,42,11,22,10,7,19,20,15,23,25,84,89,67,12,40,20,29,29,42,22,19,57,25,67,49,81,111,53,48,31,15,18,174,69,84,47,19,,22,38,36,36,25,39,12,32,5,35,178,168,141,29,131,74,21,31,15,22,14,6,6,2,33,51,24,34,17,20,2,11,13,11,54,100,46,34,39,6,30,54,14,15,20,33,10,210,3
20160203,12,NO2,71,17,66,90,78,80,67,47,15,44,61,63,,64,59,75,73,80,66,,78,68,34,82,37,76,,52,73,59,70,65,62,32,54,51,47,50,40,62,18,51,53,81,33,174,189,161,123,106,49,59,73,57,105,22,44,38,62,17,42,45,39,47,22,41,51,52,82,62,57,61,83,57,63,97,104,87,86,32,,12,41,41,47,38,28,71,27,37,76,60,27,38,47,28,62,62,50,,72,95,63,90,74,,50,28,38,36,20,29,24,31,22,72,14,54,38,55,39,51,20,17,28,27,24,41,49,120,,80,80,80,42,78,61,55,53,57,62,73,49,31,70,32,55,55,34,80,69,42,56,30,36,43,49,26,47,57,49,40,60,47,76,38,54,37,27,60,46,18,22,45,34,63,20,52,41,35,24,41,18,13,56,23,75,,62,64,55,52,59,39,51,78,64,22,68,,17,34,30,36,53,35,72,37,28,37,32,15,26,41,27,35,52,28,31,38,50,50,15,47,40,55,73,42,54,46,29,29,43,21,40,,55,38,34,19,21,22,22,47,52,,,32,,54,39,,28,29,20,12,7,17,31,26,18,24,8,6,23,18,6,71,58,51,66,,14,27,20,14,15,17,18,21,21,15,16,5,17,18,45,27,24,19,33,59,17,39,33,13,37,32,66,40,,34,28,28,44,77,89,36,34,64,12,87,103,90,75,73,100,87,76,83,37,30,38,57,37,21,42,57,34,51,13,23,52,13,30,,36,37,21,28,14,43,29,,18,28,39,11,51,8,37,6,35,42,31,39,24,15,48,8,21,15,20,25,36,14,23,34,28,23,29,26,17,24,8,30,24,18,23,18,37,23,,20,17,17,12,15,14,12,16,15,9,24,18,12,,41,,52,41,20,15,50,29,8,9,13,16,4,15,56,49,55,46,32,54,40,60,59,44,40,,65,48,46,65,38,56,53,58,59,,69,37,28,40,45,18,12,50,41,31,42,19,14,5,12,22,30,23,8,40,34,5,29,20,67,124,106,67,46,45,93,56,49,69,41,89,51,93,105,30,81,57,72,64,52,19,34,83,33,65,61,66,,89,79,102,124,102,32,45,49,51,43,,33,28,16,24,24,8,12,25,51,33,45,70,19,82,33,26,14,20,12,13,25,40,28,54,26,21,52,51,30,28,22,55,84,87,51,19,27,21,8,62,46,75,59,50,31,38,,43,52,39,,56,37,29,31,44,55,48,,48,36,35,26,25,53,25,20,56,,32,35,37,39,,63,,55,28,30,24,73,,58,44,55,,33,27,18,44,57,51,,14,10,10,8,15,22,19,15,15,20,16,19,20,11,16,7,17,14,18,22,36,24,12,25,10,10,8,17,18,15,19,22,26,23,31,18,6,8,15,12,12,15,19,12,8,18,22,18,23,23,22,25,13,47,32,19,24,37,113,53,,96,63,27,72,53,78,16,31,55,15,79,53,32,13,35,35,6,45,42,54,52,52,38,42,23,102,69,40,62,22,64,65,95,112,95,83,62,22,61,75,69,109,33,29,27,32,33,,9,21,60,39,20,22,28,36,33,66,26,19,31,22,35,39,23,23,18,13,24,33,26,30,33,47,50,34,26,20,31,15,6,72,50,75,83,53,17,38,91,107,93,110,90,50,36,45,60,80,54,46,60,53,63,73,44,61,52,56,45,22,41,37,45,27,30,31,15,8,13,15,12,29,10,45,30,37,47,2,36,25,27,9,14,42,23,33,,18,11,19,13,20,4,,15,14,9,9,44,56,44,49,28,31,38,46,24,20,69,56,38,33,48,41,40,57,22,55,42,73,17,29,41,23,21,13,18,42,23,11,45,19,29,,30,12,12,98,87,122,121,33,52,46,34,27,35,58,73,43,44,84,74,74,60,83,84,48,61,66,49,13,11,18,26,,24,59,43,26,46,14,9,48,35,45,20,22,75,80,21,24,60,71,24,54,98,42,116,70,78,48,51,78,85,25,72,55,22,22,39,51,28,54,39,38,,40,30,,32,53,60,,39,44,17,,58,54,66,32,26,60,32,30,29,,13,16,63,34,19,16,23,,,46,34,32,15,17,25,24,35,43,26,26,23,24,24,92,91,76,64,75,65,40,46,71,48,37,34,,22,33,91,69,,64,109,59,22,15,28,,17,33,18,,11,13,8,28,16,55,73,53,44,54,9,5,4,6,17,7,15,12,30,63,28,53,32,36,64,70,49,44,39,35,66,28,18,27,27,37,36,30,18,22,80,71,29,69,17,14,15,9,80,73,36,9,40,22,10,23,43,42,,10,23,35,15,45,23,38,39,27,19,36,12,,82,15,25,37,32,53,53,10,7,12,22,38,46,16,27,,16,29,28,44,35,56,43,27,16,16,17,59,19,12,32,13,45,51,47,18,30,41,60,56,17,,20,46,39,8,26,,30,10,,25,13,25,11,30,26,37,33,4,23,19,4,9,11,12,12,2,8,9,13,7,16,21,18,18,14,17,5,2,9,16,14,1,12,14,9,6,6,15,19,19,32,15,22,9,10,14,6,13,31,17,25,23,33,23,27,19,29,33,42,27,,27,31,28,24,13,22,23,17,120,83,99,44,89,81,73,36,46,49,31,50,45,46,39,144,38,40,27,,17,25,26,14,9,22,20,34,39,67,28,26,32,32,27,10,38,46,31,27,40,30,19,40,38,29,44,34,44,36,43,30,31,39,17,12,17,18,47,22,22,38,29,40,30,43,33,46,53,13,15,17,40,31,54,35,23,62,48,9,14,33,23,23,18,13,26,14,17,15,26,38,29,31,27,83,7,45,49,15,49,41,9,11,22,17,20,12,12,22,14,25,11,12,23,25,10,21,21,13,19,14,,9,17,20,10,20,13,13,65,60,57,68,8,23,18,41,22,22,37,24,34,51,37,39,12,38,40,36,8,43,49,,26,13,66,63,69,53,2,39,49,13,43,46,52,33,13,15,29,20,21,7,14,12,27,,13,34,27,38,51,18,23,,26,,30,19,27,18,27,19,38,23,14,20,46,,20,51,26,23,28,1,3,14,8,17,22,29,9,13,8,7,10,8,7,,36,6,9,27,39,14,8,5,17,34,23,21,26,12,5,10,19,6,34,3,7,42,50,58,36,15,73,68,53,30,39,29,30,29,52,27,15,48,87,19,19,33,43,28,47,27,56,22,26,43,48,42,56,,72,42,30,51,24,9,6,16,13,16,23,54,72,10,18,22,25,31,28,45,42,11,15,3,90,162,23,14,35,23,17,58,59,66,31,20,72,78,35,17,3,45,60,56,54,33,11,72,42
20160203,12,NO2_24h,61,12,61,76,66,68,72,40,27,49,59,57,,78,74,77,84,86,80,,82,82,67,87,61,74,,62,67,52,73,67,65,27,74,76,62,82,68,83,47,59,61,71,63,101,102,111,96,99,95,91,88,92,141,15,27,28,39,16,47,52,55,39,28,74,73,63,85,106,82,82,65,70,67,75,74,79,75,34,,23,39,38,47,35,46,67,51,38,59,61,45,61,58,45,57,62,62,,62,96,48,83,85,,75,58,67,52,48,38,35,43,28,60,9,82,70,78,63,74,24,30,57,44,55,39,51,102,,122,105,93,54,109,53,70,68,43,77,72,70,61,65,63,62,62,71,84,97,73,92,58,36,79,91,43,77,96,77,79,76,85,83,54,56,50,42,60,52,22,32,57,73,88,58,85,69,59,69,62,19,20,79,38,83,,50,82,78,70,83,77,64,92,77,51,73,,42,66,69,34,64,56,71,60,49,54,69,20,39,48,36,53,67,26,55,66,52,53,14,63,31,64,66,60,64,48,24,61,58,52,54,,35,51,53,22,22,38,21,42,43,53,,44,,63,49,,26,31,21,32,23,28,36,29,24,24,10,17,25,18,18,120,79,96,86,,15,76,20,18,17,10,14,21,22,16,17,8,26,26,51,29,19,21,34,51,15,52,39,14,59,48,89,67,,66,49,24,44,65,46,28,28,79,11,84,76,70,59,70,57,61,69,65,40,44,76,86,67,57,70,71,69,76,17,39,69,30,42,,43,57,44,47,18,39,29,,16,23,30,12,40,7,30,16,32,40,34,37,14,17,46,14,21,15,18,23,45,20,33,19,25,16,28,29,13,22,7,32,23,19,26,17,29,16,,20,16,16,13,17,16,10,15,16,9,22,19,11,,32,,56,25,22,24,32,31,6,13,10,16,7,25,54,49,52,44,49,36,44,42,69,57,37,,68,48,50,53,43,43,47,41,47,,56,37,20,31,26,16,25,40,34,21,35,31,31,9,20,33,56,47,8,50,43,10,26,24,74,69,73,82,39,75,82,80,56,67,35,81,47,84,77,24,70,61,61,47,48,12,20,58,41,41,45,51,,94,77,105,113,95,51,51,47,56,55,,48,43,33,39,39,10,22,46,27,50,54,54,40,62,61,49,38,23,30,46,52,54,54,46,38,47,45,61,65,55,30,35,57,73,50,20,24,19,11,72,73,90,76,76,66,45,,76,70,48,,68,58,42,45,64,85,70,,66,59,56,51,47,50,35,51,64,,39,48,57,52,,73,,60,60,56,35,90,,93,67,73,,43,37,47,72,77,64,,16,11,13,9,17,16,22,18,14,13,20,17,16,10,14,7,16,19,18,19,9,20,9,20,9,10,9,19,15,12,22,21,25,13,21,17,10,11,13,7,12,16,17,19,19,20,20,28,24,43,31,38,28,56,45,27,38,43,70,46,,99,61,25,61,38,63,14,28,74,27,75,52,33,17,48,25,17,65,48,59,63,82,59,67,32,67,62,50,60,41,73,66,60,57,76,75,46,47,64,49,51,66,57,40,56,49,40,,10,39,58,37,28,21,32,49,42,64,18,29,29,25,34,41,50,87,46,67,56,58,54,55,31,43,48,50,17,25,30,18,4,72,58,69,74,47,9,38,66,79,58,78,73,53,39,52,55,62,52,54,34,56,61,53,53,63,48,51,38,38,47,43,21,38,61,73,41,16,36,43,23,39,20,47,23,30,39,2,26,26,13,11,13,31,16,28,,14,11,17,12,27,15,,25,20,14,11,25,41,33,43,36,32,40,44,39,20,43,35,27,28,30,27,37,43,18,26,35,79,15,27,36,14,28,19,26,53,32,31,30,20,21,,30,29,21,62,64,74,82,42,62,45,37,31,44,40,81,33,40,58,55,64,63,54,61,38,53,59,51,23,9,23,34,,23,60,41,21,35,15,9,47,31,48,45,26,73,80,32,35,77,69,49,75,143,51,74,56,80,52,48,50,51,17,68,54,23,24,38,46,22,36,46,61,40,56,63,,34,59,72,87,64,58,38,,63,81,68,59,46,76,69,38,33,,24,28,56,39,27,26,32,,,44,47,39,37,20,46,52,42,43,31,24,32,35,44,67,62,58,52,57,40,56,58,57,34,49,24,,20,27,74,54,,64,121,39,19,16,26,,17,71,58,,30,42,26,23,18,32,61,29,34,65,29,19,14,9,15,25,31,12,39,49,35,51,36,36,54,41,58,62,46,45,58,40,27,33,35,65,52,54,44,47,67,70,47,52,25,18,24,13,37,52,20,13,60,49,14,16,35,35,,20,24,32,15,39,31,22,43,46,27,40,10,,45,14,32,21,13,56,45,41,13,31,52,21,51,57,46,,16,53,46,47,33,94,63,50,49,42,42,58,47,45,62,16,83,67,40,22,15,34,74,73,41,,31,63,39,21,33,,26,16,70,32,28,49,27,63,36,69,28,9,20,13,10,12,14,14,12,2,12,11,14,9,14,15,15,12,11,19,5,8,10,14,16,7,19,33,23,17,8,21,26,23,34,18,28,12,25,25,7,9,28,17,23,23,29,23,27,20,33,21,35,31,,30,28,26,35,10,20,37,19,87,68,71,28,75,63,52,48,99,56,48,54,46,48,45,55,42,47,52,,35,38,53,32,20,38,33,57,43,48,36,21,32,37,43,7,31,31,33,23,36,35,21,46,36,49,51,45,49,25,68,51,43,45,15,21,22,21,48,22,22,21,21,35,29,50,31,43,43,12,25,24,29,26,48,57,38,53,57,18,16,30,19,24,13,15,26,15,20,21,21,25,26,23,18,53,10,15,30,8,25,24,11,9,15,17,25,11,11,18,15,29,10,10,23,15,9,22,24,9,20,14,,14,33,40,30,33,13,14,62,60,54,66,7,31,23,39,23,19,33,40,37,50,42,39,10,28,20,30,8,35,29,,18,26,47,43,49,58,8,36,39,18,11,37,42,32,12,13,26,18,20,9,15,16,25,,13,27,40,39,59,15,19,,24,27,33,21,25,24,19,10,33,21,13,16,39,,21,60,21,18,24,3,3,12,15,20,19,19,11,16,16,14,17,11,12,,20,7,12,26,30,3,10,2,19,25,19,16,22,9,3,18,41,7,16,4,7,28,48,54,45,42,67,66,64,20,34,36,35,32,34,19,6,40,46,38,43,40,34,52,52,35,49,17,28,28,37,42,23,,46,34,29,44,18,10,10,15,12,10,41,57,90,18,31,36,22,35,37,50,50,15,14,3,74,104,29,11,27,33,12,51,46,43,38,18,56,42,35,24,12,43,73,67,64,25,24,43,37
20160203,12,O3,12,64,20,12,20,6,16,36,35,44,32,24,,40,42,72,65,55,47,,48,48,39,45,37,70,,33,29,31,30,28,33,73,58,56,54,65,70,50,27,51,8,38,31,7,27,27,59,30,51,54,24,63,35,65,59,59,47,63,48,49,50,43,76,51,57,50,35,54,48,57,40,67,52,17,18,17,28,20,,38,16,14,18,13,50,22,49,34,21,14,32,49,37,59,41,48,48,,50,20,62,28,37,,63,77,71,67,68,74,90,79,73,34,86,64,80,42,67,64,98,116,50,76,97,43,56,24,,35,29,60,49,60,66,36,63,65,67,53,101,97,60,88,81,73,86,68,90,99,90,100,112,84,76,101,80,86,62,87,72,87,58,80,86,86,101,78,69,96,70,105,101,89,82,55,55,95,102,88,78,97,112,90,77,,74,73,85,91,51,70,73,73,63,88,72,,89,99,126,90,94,99,99,135,68,103,109,93,94,88,99,106,132,126,78,89,68,42,124,57,90,47,46,80,79,123,97,117,89,113,95,,79,98,91,74,71,80,74,70,69,,,101,,87,108,,104,114,113,121,113,94,73,85,95,100,127,82,81,86,80,84,68,47,65,,86,79,97,87,83,49,57,58,30,58,70,59,20,59,55,107,90,104,88,57,116,92,94,62,82,97,65,98,,63,73,74,51,48,29,72,76,64,49,53,31,13,22,38,25,40,63,14,103,85,68,57,62,127,69,57,79,54,74,40,35,57,47,,41,50,33,45,39,26,20,,35,40,35,68,21,49,50,57,37,24,36,30,61,43,51,75,62,64,46,45,38,43,41,36,48,35,33,33,40,50,60,26,31,32,29,33,31,39,,48,36,48,45,42,45,43,45,38,42,50,50,47,,35,,22,31,55,57,30,41,49,64,69,42,63,60,4,3,12,6,32,9,6,5,13,17,23,,9,2,12,8,15,8,16,6,5,,8,41,52,50,36,122,114,30,53,64,31,54,79,74,75,64,59,48,52,46,36,52,64,58,32,24,19,32,28,53,32,42,31,21,43,21,21,34,91,47,11,26,30,18,38,53,50,9,50,72,57,74,,4,4,8,9,11,16,38,18,30,36,,27,46,65,48,41,105,60,32,21,62,58,38,55,33,52,151,76,48,87,85,64,65,71,43,38,100,38,46,67,75,89,29,47,73,58,54,40,15,50,29,48,21,52,62,108,67,,56,49,62,,46,21,31,50,84,89,63,,36,83,64,87,104,97,162,71,61,,63,64,69,80,,70,,52,188,76,84,49,,60,78,67,,67,91,80,57,62,94,,79,79,85,88,78,28,43,50,38,49,30,42,42,45,51,24,52,44,49,43,21,15,27,18,45,49,46,52,47,48,51,41,44,62,54,71,53,42,22,32,26,27,45,25,12,33,49,30,32,87,115,152,74,36,40,61,36,31,35,40,,57,41,23,33,27,46,21,18,25,53,43,38,42,36,27,30,96,23,65,36,47,47,33,63,91,23,32,67,30,69,53,33,11,12,16,23,63,75,77,61,43,36,93,91,105,100,104,,132,69,30,35,62,58,51,54,48,54,117,78,55,44,32,48,101,82,100,26,78,75,93,41,17,42,15,42,35,80,74,87,78,42,19,46,34,32,37,47,22,22,24,20,13,38,79,106,67,26,47,33,40,62,60,55,69,23,25,29,22,81,69,58,36,81,112,81,107,68,77,67,92,90,71,82,73,32,37,17,30,54,55,,64,80,305,79,,45,64,49,90,92,91,,96,96,74,72,18,7,7,10,15,3,7,4,11,16,23,26,23,54,9,6,6,4,28,25,15,36,38,28,14,4,8,17,21,16,18,20,43,81,53,,68,65,51,26,11,26,14,82,77,79,87,85,42,34,27,75,35,16,18,29,42,25,19,36,23,27,40,64,74,61,57,,59,39,20,38,83,84,38,20,31,27,34,53,53,45,95,76,25,40,110,98,109,130,30,29,60,73,74,53,9,76,61,41,48,80,87,60,34,42,86,57,,80,105,,87,,80,,84,25,27,,78,86,86,89,145,66,63,74,91,,83,104,97,45,83,97,101,,,36,35,55,103,102,96,77,63,84,24,76,51,31,48,47,44,30,38,38,33,58,53,39,37,57,4,,11,14,,26,,40,28,26,42,53,25,,24,62,44,,71,62,94,52,66,39,31,30,40,21,83,88,206,94,72,68,96,86,40,38,43,32,54,63,39,56,56,84,49,51,61,52,55,28,34,68,45,48,63,81,22,35,76,28,70,60,68,77,47,36,50,87,57,77,103,72,57,36,,56,52,76,116,41,76,59,93,110,117,128,105,,28,110,42,45,51,58,59,45,61,97,21,59,126,122,100,,78,51,77,63,63,66,101,131,62,31,72,21,92,95,37,22,16,24,62,52,59,20,45,65,44,,46,113,27,43,21,,88,21,,61,31,,30,116,73,77,47,47,52,62,25,37,37,33,40,53,61,68,34,41,41,39,40,47,46,44,96,50,79,83,74,54,67,64,84,32,73,66,67,97,76,71,92,120,104,92,67,60,59,66,69,27,60,53,41,76,57,50,66,73,,43,29,47,51,76,94,104,87,40,29,35,26,13,31,14,72,82,66,74,66,35,84,82,88,73,109,103,,91,93,114,102,112,98,107,31,87,57,73,88,103,36,73,107,30,50,87,64,31,63,59,89,86,77,94,96,45,82,75,60,77,105,71,82,76,93,76,47,52,18,14,34,27,27,36,29,24,83,75,79,60,67,61,82,101,58,51,47,37,36,55,24,62,78,43,82,71,56,35,31,47,56,99,56,76,48,52,18,8,16,62,55,44,52,40,61,31,57,65,69,54,46,27,47,55,61,48,35,48,53,,81,75,96,80,63,63,57,9,11,6,9,20,23,9,22,14,13,15,10,17,13,11,11,27,26,11,28,57,30,23,,14,17,37,20,58,82,33,15,92,15,23,15,8,14,20,27,22,17,26,42,46,63,25,,78,43,47,48,46,114,22,,85,,59,55,51,52,55,54,18,26,30,47,46,,81,135,84,54,79,80,48,105,52,67,47,92,67,77,43,51,44,40,45,22,60,80,62,34,40,26,20,65,50,62,64,39,56,,78,16,26,12,38,84,73,23,13,16,20,71,40,41,52,15,35,37,61,68,14,39,133,34,8,60,56,57,47,71,71,62,44,56,46,47,23,14,12,,14,36,51,26,100,83,87,71,11,4,60,28,39,49,72,43,28,31,58,31,,26,23,93,12,66,53,22,44,82,44,18,13,6,28,30,16,18,36,69,92,44,35,39,38,16,34,49,37
20160203,12,O3_24h,52,89,62,55,69,52,65,78,52,68,77,69,,52,48,91,69,66,71,,63,69,39,69,45,88,,68,86,80,68,68,71,88,88,86,86,89,100,85,36,91,40,87,34,83,86,73,125,102,76,83,69,75,65,92,90,84,91,77,80,84,79,86,86,61,70,67,55,82,82,84,96,101,77,72,70,46,71,37,,52,58,44,38,27,80,62,72,65,72,60,39,68,60,84,55,67,77,,64,51,93,62,55,,103,86,75,74,68,86,93,84,95,85,139,74,86,44,73,68,101,116,52,91,110,43,81,43,,35,29,60,53,63,92,46,76,88,79,84,102,97,89,92,100,90,119,102,131,127,105,144,123,114,76,101,89,89,62,91,92,90,89,100,101,87,107,78,99,107,70,105,163,112,90,91,55,107,108,102,105,110,136,93,102,,95,89,88,125,64,70,89,92,81,123,86,,89,119,126,95,94,99,115,135,68,103,109,93,104,97,105,106,132,126,78,89,102,105,128,93,106,66,100,115,127,123,100,117,98,113,103,,123,102,99,74,71,80,74,90,91,67,,104,,105,127,,104,114,113,121,123,94,75,95,96,177,127,160,95,100,91,103,81,54,96,,112,92,105,100,116,73,78,72,38,68,86,61,28,66,91,140,115,139,120,87,127,120,113,84,82,97,65,98,,109,92,91,92,83,58,92,116,77,53,93,100,66,134,74,72,221,77,33,124,125,107,92,105,156,106,99,125,81,227,75,115,93,107,,105,99,79,105,104,59,60,,60,73,67,73,62,72,69,158,53,45,56,39,92,49,60,75,71,67,53,62,41,47,44,62,66,56,48,45,50,52,61,35,46,43,43,44,49,50,,62,44,58,53,51,59,58,62,47,49,54,50,52,,60,,28,57,69,68,67,68,64,64,69,48,63,83,55,33,55,62,55,70,40,61,27,62,61,,32,25,60,86,74,95,100,91,89,,99,85,75,82,73,125,114,54,74,104,55,54,79,78,75,64,59,48,100,95,100,153,79,81,70,82,76,50,75,62,102,64,48,42,103,59,82,77,95,104,81,81,86,45,72,102,61,57,82,123,105,103,,17,17,22,25,38,22,94,64,146,86,,39,76,78,57,54,108,60,42,71,71,58,84,55,75,94,151,88,73,96,93,97,109,99,77,47,104,81,79,91,105,108,37,86,114,81,60,50,63,55,36,58,23,93,70,110,94,,77,78,77,,58,50,36,60,104,101,75,,40,83,74,101,104,100,162,74,66,,63,76,69,107,,102,,69,188,85,97,75,,109,92,80,,72,91,82,109,92,98,,79,79,85,88,78,46,54,77,44,52,52,42,46,45,51,33,52,44,49,43,41,29,40,34,45,49,46,65,60,58,51,41,44,66,65,71,54,47,27,39,33,35,51,25,12,38,52,30,44,92,126,171,91,65,49,81,46,53,73,80,,90,88,62,58,69,88,59,38,59,58,85,84,52,36,29,38,139,83,77,38,66,64,45,63,91,72,52,70,41,69,74,41,48,43,28,104,88,91,80,102,97,92,106,92,119,108,122,,135,86,51,53,72,77,74,65,90,82,148,104,70,88,33,85,109,82,100,35,87,89,110,55,30,72,43,71,46,103,97,112,89,80,30,83,77,74,58,74,76,62,76,50,49,52,79,122,98,73,106,83,83,105,111,105,112,84,63,82,94,112,98,78,90,81,133,90,118,89,77,92,102,109,101,120,110,75,78,21,85,112,100,,71,109,305,94,,53,83,62,90,92,91,,96,96,74,72,90,84,46,82,43,32,40,68,67,66,87,51,71,80,100,79,75,59,116,25,23,47,102,510,283,247,16,22,23,20,45,32,64,82,83,,76,65,51,57,95,70,63,99,96,125,115,129,84,81,71,121,73,90,69,104,81,115,115,80,29,77,81,82,101,80,76,,106,84,90,97,99,89,43,102,48,55,57,77,77,45,95,76,64,67,110,106,124,140,105,73,101,112,80,67,37,100,81,62,56,84,108,78,59,83,101,57,64,84,105,,87,,84,48,97,68,47,,91,95,102,92,155,72,72,90,91,,83,123,122,62,91,109,115,,,57,50,84,125,124,128,102,75,104,28,99,57,45,63,65,116,86,64,68,40,87,81,78,81,86,17,,44,56,58,43,,130,46,87,117,134,47,,32,74,69,,79,71,94,69,76,75,79,58,85,53,83,88,206,96,97,77,104,96,50,92,52,59,78,84,87,105,91,118,50,62,108,70,68,47,38,81,57,68,64,89,55,65,101,54,80,63,73,83,110,85,95,87,69,80,103,84,80,74,,60,81,79,116,70,92,59,103,110,117,128,105,,83,112,51,76,76,82,156,45,66,106,24,73,137,136,134,,115,78,114,86,110,77,128,154,62,31,75,25,99,95,52,23,25,32,179,76,207,38,57,72,61,,59,132,40,164,24,,88,25,128,74,95,,37,122,73,82,60,50,69,74,54,61,59,50,59,78,62,74,37,47,53,51,52,70,74,69,104,66,87,136,97,66,67,64,84,32,96,86,88,117,102,75,92,120,104,92,82,80,75,84,83,69,138,110,78,76,57,58,66,73,,58,60,66,60,77,114,110,95,58,50,54,75,74,89,51,72,82,66,74,88,49,112,105,121,115,141,118,,106,113,127,107,119,99,114,108,113,93,94,123,120,43,94,111,61,76,101,102,55,87,80,112,110,84,119,123,68,119,119,92,92,122,97,125,108,112,104,233,92,49,34,96,88,64,87,80,66,105,84,114,99,99,133,107,126,106,123,163,57,60,69,33,114,131,84,128,125,109,107,105,114,108,129,124,396,131,115,81,82,106,73,133,53,57,65,64,51,65,74,84,73,61,32,72,63,62,49,63,72,53,,88,79,108,83,70,70,62,32,51,64,45,30,50,20,53,95,91,73,76,61,69,71,64,126,95,94,95,82,68,76,,39,79,53,27,81,82,46,20,124,19,58,29,24,30,75,84,84,83,89,59,106,88,40,,85,64,61,65,56,185,39,,97,258,77,69,71,55,114,121,44,55,37,69,84,,112,166,107,83,98,83,56,110,94,107,90,127,83,88,47,53,52,84,83,46,103,83,66,110,124,47,33,79,60,86,96,61,87,90,88,27,47,14,55,85,78,64,58,79,58,84,94,76,96,72,107,100,110,101,33,71,133,64,69,82,86,98,116,88,115,97,73,69,71,71,85,73,81,,38,109,82,75,106,90,102,111,32,5,79,56,70,49,74,50,44,43,93,53,59,43,42,116,30,95,94,23,67,90,71,79,48,53,62,69,60,62,91,103,93,60,58,59,80,35,40,84,65
20160203,12,O3_8h,18,48,13,6,19,7,5,37,20,20,25,11,,10,10,24,18,14,13,,14,13,11,12,12,24,,7,10,11,7,8,13,61,22,16,18,24,20,16,12,21,4,13,13,7,37,30,59,16,14,15,19,15,10,53,51,46,44,48,25,23,25,29,57,11,18,16,11,16,12,13,25,36,25,11,10,11,16,7,,20,5,6,8,6,16,9,20,13,10,8,11,17,11,24,35,15,11,,19,8,40,10,13,,17,19,27,23,25,55,45,44,37,21,63,28,42,18,38,36,69,70,24,52,57,35,34,21,,12,12,19,26,30,51,18,31,54,30,27,59,51,34,42,54,35,24,19,22,21,21,27,66,17,39,37,23,30,18,28,24,30,16,34,47,43,43,39,26,34,44,38,50,23,26,22,26,56,31,32,30,38,42,45,29,,33,22,24,33,19,20,21,21,23,57,25,,28,31,43,52,45,34,67,36,22,34,30,32,48,50,53,58,75,64,38,34,34,27,86,20,44,22,19,23,27,40,42,43,37,44,50,,58,45,49,64,61,53,66,36,31,20,,35,,28,33,,69,66,74,100,104,80,27,44,41,67,103,51,46,48,35,23,17,14,18,,21,39,32,42,41,54,52,52,30,50,62,55,14,41,32,86,62,100,69,44,62,55,66,73,45,66,35,58,,51,62,63,35,24,14,38,56,32,20,28,17,14,4,11,16,8,36,7,33,35,17,19,22,72,22,31,28,12,44,25,9,34,14,,24,27,17,16,26,33,42,,45,47,44,60,36,44,57,72,34,26,44,28,56,40,51,57,54,50,41,50,31,38,38,46,49,39,38,36,41,42,48,27,33,31,30,36,38,44,,47,36,46,42,39,45,46,47,38,39,44,43,43,,13,,5,22,20,22,16,16,51,41,53,36,52,62,6,4,17,8,28,24,5,16,8,13,24,,8,2,14,8,22,15,24,16,16,,24,34,54,47,40,119,83,34,51,64,31,32,40,54,31,26,21,13,39,22,25,47,52,54,17,27,14,18,15,22,12,16,20,16,20,7,16,14,32,55,6,7,8,14,36,38,49,11,27,45,25,47,,2,2,4,5,7,10,25,12,18,24,,13,27,40,24,20,98,32,14,19,34,26,18,36,17,16,101,52,36,36,44,28,24,32,21,18,42,16,18,22,26,49,15,28,48,22,42,33,13,44,7,12,7,18,23,32,16,,15,15,42,,28,10,15,22,28,31,26,,14,30,27,43,32,75,64,20,25,,36,20,32,35,,22,,16,62,41,64,15,,16,19,17,,60,61,42,20,26,32,,65,60,71,71,66,17,20,19,21,25,17,28,30,31,36,16,35,26,31,28,25,11,29,19,35,37,34,50,48,48,45,39,40,62,57,64,36,25,17,17,16,14,25,22,10,23,14,9,13,59,90,115,28,13,24,40,16,14,15,21,,31,12,13,14,12,34,9,11,9,17,18,10,12,24,22,26,78,8,51,25,28,19,16,33,62,12,19,48,16,40,18,17,7,8,10,14,50,34,52,42,26,32,37,76,44,69,78,,114,36,17,14,35,21,21,18,24,28,95,53,44,43,30,27,51,39,85,23,21,20,27,30,14,18,6,18,21,35,30,41,85,17,8,26,17,12,19,32,9,16,14,12,6,29,56,86,54,13,17,8,39,19,21,22,19,9,11,17,6,26,27,18,26,32,50,28,54,18,31,33,38,33,34,54,34,31,20,18,27,35,24,,61,80,126,73,,44,61,46,69,53,72,,62,81,54,55,19,16,10,13,15,4,7,11,10,14,8,12,7,17,10,9,8,8,25,14,11,35,42,30,18,10,6,12,13,13,19,20,50,74,58,,64,34,29,16,9,10,10,54,26,57,58,59,15,14,7,64,15,10,6,16,15,14,9,23,13,19,16,56,78,50,57,,22,17,10,25,88,80,37,14,34,28,31,42,16,45,62,55,7,16,47,29,61,45,13,8,27,23,49,43,3,32,26,15,21,63,41,27,10,16,46,19,36,34,45,,49,,36,9,33,13,15,,39,37,45,30,69,17,33,30,46,,55,104,84,31,53,36,49,,,11,21,35,53,79,44,28,43,60,18,57,30,13,25,40,25,16,18,20,28,15,14,16,15,16,3,,6,6,13,19,,26,11,17,24,11,10,,17,24,11,,42,28,61,50,60,36,18,31,22,12,77,83,102,88,82,57,79,87,15,9,27,13,20,43,15,44,21,32,23,28,44,33,32,9,20,46,36,26,19,28,7,14,32,19,50,47,49,55,50,19,43,62,26,42,84,57,44,14,,44,58,67,97,25,40,24,50,62,84,78,83,,19,80,36,46,56,33,34,15,52,64,18,40,86,42,69,,30,22,40,27,31,26,66,76,44,16,34,14,57,42,18,20,15,16,111,45,28,26,29,36,24,,31,55,16,116,21,,43,13,,41,38,,12,96,47,65,45,43,48,62,45,35,34,32,37,54,57,69,35,32,36,36,34,39,44,38,68,25,45,60,35,38,28,25,38,12,46,24,30,27,21,36,33,47,30,27,58,56,52,58,62,13,28,27,24,41,29,27,34,36,,21,21,24,24,46,57,54,48,22,18,19,12,4,15,6,56,60,46,46,39,23,46,41,48,44,67,57,,41,54,49,65,82,65,71,24,56,34,24,29,39,18,26,96,13,18,32,52,22,39,40,68,59,33,54,60,22,60,21,17,51,61,40,41,24,51,26,24,35,8,5,13,20,9,13,15,11,33,21,26,30,30,38,35,47,29,24,39,37,43,59,26,33,35,21,50,35,18,14,16,22,33,61,30,39,41,19,15,10,8,60,56,46,52,56,61,29,47,61,60,58,41,22,48,46,53,34,12,15,49,,37,33,41,28,20,46,39,7,7,5,6,19,22,10,21,21,18,12,17,35,31,28,26,42,34,19,29,50,30,30,,15,12,22,13,34,36,35,10,82,11,40,12,4,5,21,23,22,17,24,30,38,42,24,,49,20,14,12,9,102,15,,90,,68,61,60,51,37,54,24,30,32,57,47,,82,67,24,58,85,80,44,99,24,24,24,42,58,65,40,42,43,36,39,4,17,68,51,9,8,12,4,72,51,39,48,29,36,78,60,5,9,12,35,79,68,15,6,7,7,20,9,10,15,24,22,21,34,27,19,42,48,31,29,25,20,22,26,26,36,52,41,52,29,31,16,16,28,,11,28,26,16,67,49,58,42,10,4,30,9,17,28,58,26,18,17,28,20,14,20,19,84,17,66,50,17,51,85,49,18,13,10,14,27,34,42,34,64,90,44,22,28,25,7,21,24,44
20160203,12,O3_8h_24h,48,83,53,49,61,41,51,72,46,59,64,55,,48,44,83,63,58,61,,56,58,32,60,39,84,,56,72,64,62,59,60,88,70,66,64,59,76,59,32,76,30,64,28,42,52,43,95,68,56,62,52,54,43,85,78,73,76,69,60,68,62,72,80,54,64,57,49,64,67,68,82,76,62,57,51,36,59,32,,42,37,32,31,20,50,44,63,50,55,41,37,57,47,71,41,51,55,,55,33,66,34,35,,80,70,54,60,40,67,78,66,80,58,127,54,68,28,55,53,90,103,43,75,92,41,59,30,,16,18,36,40,40,85,40,57,76,63,73,88,81,72,72,85,75,94,82,108,96,74,99,114,77,52,75,76,77,52,76,80,72,66,74,81,74,78,50,88,93,58,88,96,98,72,82,36,79,93,86,88,92,113,83,80,,83,68,70,83,46,50,73,77,68,96,68,,59,75,97,80,74,76,94,112,55,84,84,78,88,80,89,91,100,83,60,66,88,82,119,81,86,56,87,98,110,93,89,90,82,95,90,,105,88,85,66,66,54,66,76,77,57,,93,,92,111,,73,77,84,100,105,80,69,88,85,90,103,109,80,88,81,83,58,47,87,,88,82,84,87,100,69,74,70,36,67,82,55,22,56,76,131,106,125,108,72,115,107,98,78,62,74,48,76,,75,78,85,81,72,53,78,108,68,43,79,84,40,70,58,65,101,68,24,104,102,70,70,77,129,79,85,105,62,100,67,103,81,94,64,92,85,68,96,96,45,51,,57,61,56,68,50,68,62,74,47,39,49,35,81,44,57,60,65,64,48,58,35,42,43,56,60,48,40,38,45,44,53,30,40,36,36,37,40,47,,52,40,53,48,44,53,52,56,41,45,48,44,46,,56,,22,55,67,63,64,61,57,46,54,36,52,71,38,17,34,39,42,46,23,48,18,50,40,,19,16,50,56,58,69,78,69,66,,71,78,67,71,69,119,98,50,63,95,47,32,40,74,35,34,23,22,90,84,90,93,72,76,51,64,62,34,56,40,82,47,41,36,79,42,65,47,69,96,63,48,54,35,65,86,59,48,63,105,94,88,,9,12,16,18,25,18,85,54,98,75,,29,62,66,48,45,104,49,38,66,52,46,67,40,58,77,101,76,61,77,84,71,92,80,72,34,86,68,59,72,83,95,34,72,107,66,55,44,46,50,29,44,19,75,55,84,76,,58,59,65,,46,37,33,53,83,79,64,,33,67,60,73,87,90,89,58,52,,49,60,55,87,,79,,54,87,66,80,53,,74,78,66,,67,75,69,53,71,84,,73,67,71,77,66,35,39,59,36,45,39,36,40,39,42,29,44,34,38,34,37,26,35,30,40,44,41,58,55,54,45,39,40,64,58,64,48,40,24,31,26,26,41,22,10,30,44,20,28,79,111,141,80,49,42,58,40,44,58,64,,79,68,46,41,54,77,45,30,48,51,75,66,47,32,24,34,85,60,56,34,49,47,35,40,62,48,40,59,31,52,50,31,34,33,21,30,69,71,75,82,70,65,89,78,94,88,107,,129,66,34,46,62,69,62,52,43,59,134,82,57,84,30,66,89,67,85,29,69,72,84,39,24,66,38,64,37,92,85,102,87,64,26,68,59,60,50,66,63,46,61,41,38,40,61,98,79,56,81,65,75,84,97,88,104,63,54,66,79,100,84,69,84,72,120,82,108,75,72,80,90,101,93,105,96,64,67,19,76,96,87,,69,103,126,90,,50,78,60,71,55,78,,80,81,59,59,78,64,37,52,36,28,35,55,51,64,61,44,56,61,83,64,59,43,61,17,18,35,91,126,84,67,12,18,18,17,34,28,58,74,71,,66,34,29,48,80,61,36,84,80,107,102,112,67,59,46,114,62,79,60,90,60,101,99,66,18,58,69,73,93,73,72,,89,66,79,82,96,85,40,80,43,42,46,64,63,45,83,67,53,61,95,92,110,117,80,59,82,96,59,58,27,87,67,49,46,77,91,66,52,74,91,50,59,65,76,,58,,63,46,73,45,39,,70,71,78,73,132,55,58,74,75,,65,114,108,53,84,97,106,,,51,41,66,105,109,106,83,66,92,25,85,50,39,54,59,82,69,54,55,36,74,68,63,61,71,12,,29,42,48,36,,101,37,71,100,115,32,,28,58,58,,68,53,86,66,74,66,62,47,70,39,80,84,102,91,87,72,96,90,44,73,46,46,69,69,68,82,75,85,36,46,80,58,59,38,35,68,46,54,52,69,35,42,77,40,66,58,62,74,94,76,86,76,65,74,95,81,74,68,,57,76,77,98,58,68,53,88,88,97,78,91,,67,106,43,73,70,68,89,36,61,71,21,57,113,113,113,,95,64,102,78,98,57,108,125,54,25,60,20,89,67,35,20,21,25,144,70,136,26,48,64,53,,51,103,32,143,23,,77,20,45,64,38,27,31,117,65,76,60,48,61,72,54,54,53,49,53,76,57,69,35,43,48,46,43,66,70,66,98,56,68,83,77,54,37,35,42,18,89,76,80,104,92,66,55,69,57,58,77,76,72,81,79,61,122,96,69,55,44,51,58,54,,51,52,57,53,68,105,97,86,46,42,43,53,49,64,35,60,61,52,57,72,39,95,91,109,102,123,101,,91,96,114,90,99,80,94,96,104,87,78,108,96,36,83,101,51,66,93,89,47,68,68,99,92,73,105,107,60,105,105,82,82,108,85,99,87,98,88,78,84,42,26,87,76,55,76,67,60,97,78,106,91,91,120,96,113,92,106,163,51,57,65,31,105,113,75,114,109,95,102,96,105,100,123,118,300,125,110,81,67,92,68,87,51,54,62,62,48,58,70,75,72,56,30,69,60,57,46,61,69,51,,82,73,100,77,63,67,59,36,24,33,25,28,37,14,41,68,66,55,60,44,41,38,37,106,67,66,63,70,54,58,,32,50,32,20,60,56,40,15,110,16,52,19,16,22,68,79,70,71,74,55,84,82,36,,77,55,60,61,53,102,25,,90,214,68,62,61,51,96,98,43,53,34,66,79,,104,156,102,77,95,80,47,99,84,99,74,119,76,79,42,42,47,68,72,38,90,80,61,85,97,43,27,79,54,76,86,53,74,87,84,25,44,12,53,84,76,55,44,58,44,73,73,64,74,67,78,78,94,92,29,60,48,55,58,66,70,88,100,58,82,90,68,60,57,65,72,60,78,,31,96,73,58,101,84,91,102,24,4,61,43,50,40,66,43,41,38,87,46,50,38,38,109,24,79,83,21,60,85,62,63,40,45,53,54,47,62,77,71,90,51,47,48,67,30,33,76,57
20160203,12,CO,1.7,0.8,1.4,1.5,1.4,1.7,1.5,1.1,0.5,1,1.7,1.9,,2.832,2.831,5.267,3.692,5.231,3.145,,3.105,2.812,1.421,3.438,1.307,3.022,,1.035,1.392,0.994,1.331,1.344,1.019,0.936,1.311,1.962,1.418,1.148,1.725,1.66,1.006,2.177,3.235,2.259,1.033,10.428,11.248,9.423,9.795,3.19,2.019,2.629,4.48,2.022,2.782,0.874,1.113,0.837,1.232,0.719,0.9,1.03,1.313,1.61,0.684,1.193,1.176,1.633,1.537,2.001,1.521,1.528,3.114,2.915,2.918,2.294,3.478,2.988,2.52,1.916,,1.402,2.72,3.137,4.172,3.657,2.772,3.46,1.311,1.76,1.27,2.504,1.454,1.338,1.669,1.079,2.312,2.234,2.204,,2.298,1.879,1.919,2.341,2.436,,1.635,0.687,1.155,1.139,1.075,1.274,1.212,1.035,1.202,1.105,0.785,0.882,0.967,1.081,0.872,0.922,0.996,0.869,1.023,0.655,0.71,1.466,0.703,3.143,,1.076,0.26,0.892,1.289,4.148,1.111,1.347,0.561,1.696,1.051,1.085,0.741,1.023,1.318,0.676,1.546,0.925,2.051,1.734,2.955,1.551,1.577,1.587,1.601,1.219,1.272,1.284,1.301,0.767,1.342,1.366,1.467,1.331,1.488,0.749,1.154,0.996,0.711,0.766,1.445,1.364,1.43,2.113,1.026,1.456,1.05,1.229,1.652,1.567,1.013,1.776,1.362,1.366,1.554,0.737,1.596,,2.105,2.3,1.154,1.888,1.65,1.693,1.861,3.483,2.995,1.596,1.946,,0.969,0.977,1.355,1.443,1.531,1.787,1.136,1.447,1.39,1.221,1.849,1.252,1.486,1.422,1.459,1.217,2.047,1.896,2.077,2.28,0.97,0.756,0.672,1.131,1.376,1.47,1.348,1.146,1.543,1.044,1.173,1.137,1.158,0.952,1.266,,1.19,1.265,1.031,0.792,1.042,0.767,0.815,1.144,1.126,,,1.409,,1.431,1.622,,1.176,0.846,1.181,0.927,0.702,0.704,0.925,0.864,0.886,0.986,0.857,1.02,0.906,0.958,0.81,1.248,1.455,0.962,1.218,,1.316,1.511,1.552,1.04,1.523,0.661,1.057,0.573,0.617,0.903,0.783,0.689,0.67,0.686,0.973,0.368,1.111,1.289,1.437,1.49,0.881,1.145,1.053,0.966,1.704,1.249,0.771,0.864,,0.778,1.371,1.076,1.496,1.264,1.437,1.593,1.66,1.895,1.164,1.873,2.709,2.683,1.813,1.662,2.567,2.114,1.699,2.588,2.458,1.229,0.96,1.077,1.14,1.18,1.276,1.89,1.105,1.497,0.64,0.908,1.845,0.82,1.312,,1.126,1.441,0.938,1.5,1.312,0.729,0.689,,0.813,0.859,0.806,0.663,0.973,0.851,0.77,1.166,1.157,1.029,1.071,0.821,1.246,0.953,1.35,0.96,1.28,1.097,1.059,0.866,0.96,0.951,0.905,0.713,0.66,1.073,1.036,0.964,0.841,0.975,0.49,1.158,1.148,1.032,0.898,0.803,0.972,1.22,,0.893,1.022,1.011,0.916,0.909,1.086,1.004,0.885,1.092,0.861,1.26,1.008,1.087,,1.408,,1.212,1.51,1.371,1.123,1.617,1.562,0.771,0.74,0.866,0.959,0.961,0.718,1.805,1.933,1.282,1.328,1.179,1.207,1.38,1.434,1.067,0.754,1.279,,1.539,1.894,1.202,1.355,1.419,1.64,1.707,1.625,2.009,,2.269,1.33,0.637,1.322,0.725,0.711,0.631,0.942,1.941,0.842,0.991,0.746,0.683,1.171,1.622,1.131,1.022,1.339,0.825,1.417,0.648,0.272,0.461,0.361,1.653,4.834,2.594,1.478,2.715,2.196,2.156,3.121,3.774,2.268,2.034,2.477,2.932,2.48,1.893,1.672,3.129,1.798,3.185,3.74,2.037,2.952,1.52,5.309,2.948,2.368,2.824,3.138,,3.71,4.1,5,7.092,3.783,2.135,0.973,1.026,1.498,1.214,,1.133,1.079,0.93,1.071,0.97,0.543,0.743,1.102,1.835,1,2.065,3.493,0.976,4.674,1.771,0.929,0.48,0.642,0.62,0.484,1.377,1.407,0.67,1.279,1.458,1.078,1.732,1.555,1.052,1.558,1.084,2.971,2.318,2.261,1.744,0.708,0.841,0.822,0.579,1.914,1.968,2.911,1.482,1.19,1.339,2.305,,2.577,2.766,1.934,,1.913,2.747,3.138,3.341,1,1.854,2.521,,2.043,1.219,1.009,0.834,0.874,1.02,1.846,0.927,1.051,,0.962,1.081,1.237,1.846,,1.922,,1.955,0.728,1.025,1.037,1.559,,1.335,1.735,1.413,,0.617,0.981,0.974,1.241,1.401,1.604,,1.307,1.176,0.666,0.795,1.378,1.012,0.898,0.866,1.021,1.14,1.132,1.306,1.182,1.079,1.132,1.155,0.677,0.92,1.138,1.243,1.154,1.173,1.339,1.346,1.388,1.256,1.18,0.98,0.938,0.915,0.928,1.182,1.15,1.03,1.066,0.795,1.024,1.022,1.088,1.36,1.028,1.15,1.02,1.864,,0.914,1.385,1.741,1.544,1.384,1.433,1.285,2.313,2.354,2.324,1.717,2.183,2.914,7.14,4.759,,2.755,2.902,4.966,8.515,2.335,4.532,3.956,4.292,7.155,1.015,2.31,2.126,1.241,0.372,1.748,0.988,0.165,1.231,1.873,1.951,2.153,2.618,2.276,1.807,0.389,5.122,4.202,1.382,1.702,1.929,3.711,1.648,4.318,7.812,5.023,2.468,2.321,0.857,1.775,1.501,1.504,2.374,1.309,0.648,0.695,0.955,0.885,,0.688,0.599,1.45,0.653,0.995,0.661,1.586,1.398,0.415,1.099,1.268,0.74,0.684,0.86,1.373,1,1.142,1.113,1.783,0.92,2.351,1.505,1.225,2.19,2.802,1.301,0.953,1.299,1.307,1.005,0.795,1.168,0.714,2.503,2.201,3.672,3.054,2.551,2.182,2.4,5.966,9.556,6.688,6.678,8.939,2.039,0.973,1.131,1.89,2.631,3.965,2.186,2.877,1.7,1.966,2.181,1.319,2.471,3.369,3.713,1.548,0.896,0.965,1.107,1.645,1.004,1.335,1.603,1.357,1.077,0.818,0.991,1.209,0.944,0.962,0.826,1.596,0.894,1.617,1.438,1.106,1.866,1.32,0.665,1.12,1.275,1.306,1.556,,1.481,1.069,1.393,1.021,1.064,1.068,,1.1,1.023,0.94,0.828,2.548,1.85,1.471,1.221,1.756,1.579,1.233,1.942,1.397,1.262,6.745,4.644,3.257,1.221,0.998,0.987,1.036,1.013,1.427,1.479,1.278,1.822,1.365,2.075,1.541,1.853,,2.065,1.206,1.256,1.591,1.493,0.933,0.334,1.032,,1.089,0.76,1.163,2.634,3.144,2.557,3.395,1.337,1.711,1.485,0.987,1.666,1.248,2.413,1.501,1.594,1.449,3.732,2.434,1.793,2.342,2.493,2.442,1.77,3.087,3.351,2.396,0.979,0.217,1.763,0.436,,2.608,2.89,2.145,2.047,1.676,2.353,2.006,4.371,1.698,1.817,1.14,0.794,2.878,2.886,1.181,1.043,1.62,1.638,1.084,1.567,1.725,1.542,3.066,2.445,2.267,1.953,1.578,2.495,2.354,3.381,2.511,2.309,0.847,0.68,1.355,2.059,2.156,2.967,1.516,1.221,,0.96,0.889,,1.715,1.947,1.943,,0.459,0.908,0.968,,2.28,1.964,2.005,1.873,2.016,1.305,1.583,0.878,1.163,,0.847,0.982,0.978,1.06,0.98,1.301,1.101,,,0.513,1.082,0.897,1.006,0.66,0.809,1.203,1.233,1.263,0.979,1.891,0.878,0.961,1.001,4.538,4.216,4.636,6.492,3.79,8.227,1.332,1.049,1.917,1.535,1.581,3.71,,2.165,2.956,4.991,4.082,,4.517,3.239,4.467,2.743,2.947,3.89,,4.995,0.9,0.944,,0.585,0.769,0.584,0.682,1.064,1.111,0.099,1.634,0.971,1.708,0.599,0.461,0.189,0.15,0.349,0.708,0.78,0.472,2.661,0.874,1.178,0.866,1.024,1.318,2.214,2.074,2.216,1.162,1.277,1.987,1.324,2.969,2.045,5.107,1.535,1.03,1.258,0.865,1.522,1.236,1.654,2.846,1.388,1.926,1.073,0.603,0.306,0.542,1.958,1.629,0.862,1.582,0.472,1.311,1.271,2.01,1.654,2.762,,1.683,1.117,1.064,0.966,,0.769,0.685,1.873,1.805,1.21,0.796,1.16,,2.832,1.251,0.647,0.607,0.376,1.372,1.262,0.643,0.568,1.113,1.18,1.262,1.188,0.712,1.097,,1.39,2.366,1.349,1.838,1.282,0.955,0.834,0.909,1.968,1.654,0.923,1.577,1.362,1.404,0.874,0.993,0.873,0.689,0.178,0.401,0.215,2.202,1.891,2.011,1.21,,0.714,0.902,1.497,1.557,0.36,,1.141,0.947,0.773,1.15,0.882,1.027,0.736,0.895,0.846,0.818,0.979,0.051,0.989,0.03,0.532,1.108,0.752,0.966,0.758,0.588,1.044,0.363,1.018,0.845,0.927,1.249,0.926,0.878,0.798,0.776,0.012,0.547,0.646,0.897,0.914,1.2,1.968,1.502,1.51,1.435,0.925,0.536,1.695,1.218,1.742,0.897,0.94,0.712,0.497,0.778,1.397,1.402,1.475,1.467,1.141,1.231,1.64,0.989,1.184,1.115,1.214,0.577,1.055,1.054,,1.755,2.323,1.612,2.216,3.662,0.331,0.856,0.321,4.616,5.464,5.213,2.205,3.339,3.245,3.367,2.087,2.965,2.16,1.816,1.905,1.541,1.505,1.272,1.43,2.068,0.98,1.078,,1.279,1.199,1.054,0.597,0.521,0.489,0.867,1.006,1.191,1.023,1.272,2.432,1.816,1.493,1.602,1.408,1.556,1.554,0.749,1.233,1.568,1.217,0.916,1.761,1.745,1.533,1.067,0.757,1.236,0.948,2.31,1.413,1.9,1.036,0.871,0.844,0.975,0.714,1.591,1.528,1.749,0.496,0.618,1.322,1.495,1.413,1.541,1.768,1.869,1.023,1.151,1.168,1.372,1.131,1.319,1.841,1.285,2.34,1.372,1.704,0.469,1.098,0.747,1.611,1.096,0.956,1.241,1.172,1.558,1.039,1.007,1.308,1.128,1.174,1.042,2.465,2.143,1.597,3.788,0.097,0.819,0.95,0.585,0.842,3.186,0.513,1.173,0.835,0.972,1.663,1.254,1.355,1.126,1.284,1.761,0.631,1.396,1.654,1.051,0.731,0.833,1.093,,1.207,1.333,1.412,1.154,1.061,1.221,1.227,1.84,1.916,2.135,2.646,1.779,1.237,2.834,1.763,1.418,1.469,1.647,1.055,1.513,1.718,1.673,1.528,1.21,,1.425,1.1,1.23,1.458,1.764,,1.532,1.038,1.667,1.997,1.718,1.263,1.157,2.015,1.678,1.468,1.883,1.642,3.201,1.421,1.21,1.396,1.581,1.398,1.299,0.704,0.768,0.917,0.829,,1.504,2.427,1.741,2.169,2.453,1.228,1.517,,1.201,0.98,1.209,1.109,0.937,1.084,1.436,1.108,1.945,1.674,1.304,1.229,0.625,,0.663,1.431,0.128,1.218,1.515,1.336,0.941,0.442,0.827,0.422,0.678,1.724,0.672,0.622,1.048,0.576,0.792,0.455,1.326,1.144,0.738,0.308,0.644,1.956,1.126,0.503,0.732,0.126,0.7,0.611,2.422,0.88,1.489,0.885,0.064,1.694,2.666,0.509,0.914,0.276,0.848,3.438,3.269,3.664,3.951,3.678,2.715,2.949,2.165,1.244,2.392,1.172,3.114,2.301,1.35,0.928,0.917,1.763,2.377,1.522,0.369,1.238,1.932,3.318,1.194,0.974,0.743,2.575,1.632,2.042,1.562,1.172,1.547,,2.324,3.18,1.414,1.921,1.342,0.964,0.772,0.852,1.262,1.655,0.343,1.032,1.387,1.872,1.24,0.515,2.037,0.97,0.82,0.879,2.072,1.622,1.012,0.463,4.158,2.79,1.398,2.963,0.887,0.81,1.351,3.188,3.406,3.536,1.574,1.342,4.73,3.657,2.883,0.046,0.042,0.979,1.571,2.989,2.843,2.464,0.643,2.737,1.342
20160203,12,CO_24h,1.217,0.571,1.054,1.238,1.021,1.208,2.129,0.896,0.788,1.279,1.112,1.896,,2.298,2.56,2.747,2.12,2.502,3.149,,1.965,2.842,1.472,2.049,1.242,2.255,,1.586,1.955,1.816,1.491,1.746,1.217,0.783,2.031,2.757,1.876,1.886,2.253,2.114,2.267,3.191,2.836,1.992,2.177,6.08,6.236,6.495,6.535,4.662,4.817,4.274,3.537,4.07,6.521,0.666,0.739,0.509,0.719,0.535,1.077,1.293,1.523,1.2,0.673,2.865,1.798,1.857,1.84,4.382,4.946,3.606,2.722,2.747,2.859,2.259,2.809,3.558,2.814,1.735,,1.534,2.723,3.176,3.649,3.355,3.132,2.886,1.816,2.144,1.115,4.048,2.286,1.812,1.589,1.542,1.229,2.037,2.055,,2.172,2.246,1.862,2.037,2.12,,2.068,1.277,1.28,1.621,1.565,1.487,1.624,1.525,1.019,1.105,0.638,1.244,1.285,1.488,1.207,1.252,1.001,1.782,1.397,1.157,1.007,1.444,0.758,3.432,,1.72,0.616,1.428,1.063,2.28,1.748,1.151,0.796,1.509,1.185,1.263,0.919,1.245,1.217,1.028,1.543,0.943,1.97,1.765,3.172,1.835,2.141,1.861,1.59,1.461,1.719,1.365,1.696,1.564,1.985,1.784,1.43,1.612,1.627,1.611,1.16,1.048,0.725,0.886,1.928,1.562,1.162,1.363,1.995,2.235,1.848,1.611,1.953,2.217,1.487,2.054,1.616,1.754,1.963,1.146,1.637,,2.004,2.575,1.567,1.952,1.797,2.122,1.683,2.087,1.775,1.633,1.624,,1.237,1.332,1.511,1.553,1.686,2.187,1.247,1.386,1.729,1.492,2.329,1.601,0.993,1.018,1.016,0.859,2.183,2.149,2.225,2.635,0.903,0.619,0.685,0.984,1.207,1.28,1.063,1.1,1.256,1.266,0.91,1.276,0.925,1.099,1.083,,0.912,1.142,0.854,0.92,1.107,1.266,1.003,0.911,0.816,1.172,,1.162,,1.215,1.391,,1.048,0.677,1.061,1.293,1.094,1.001,0.962,0.86,1.144,1.103,1.173,1.025,0.872,0.947,0.851,1.251,1.664,1.236,1.093,,1.498,2.339,1.521,1.008,1.425,0.5,0.802,0.573,0.643,0.918,0.813,0.743,0.734,0.75,1.085,0.821,0.988,0.404,1.196,0.945,0.852,0.859,1.076,0.947,1.836,1.194,1.211,1.274,,1.283,1.63,0.889,1.245,1.118,1.312,1.519,1.425,1.874,1.112,1.58,1.825,1.822,1.517,1.287,1.464,1.43,1.415,1.858,1.945,1.088,1.36,1.604,1.511,1.517,1.418,1.841,1.501,2.343,0.856,1.048,2.122,1.045,1.511,,1.384,1.723,1.231,1.629,1.365,0.68,0.988,,0.769,0.81,0.741,0.695,0.913,0.847,0.733,1.201,1.11,1.006,1.314,0.769,1.186,0.96,1.322,1.048,1.261,1.114,1.034,0.869,0.948,0.933,0.905,0.678,0.622,1.073,0.942,0.97,0.851,0.974,1.237,1.124,1.074,0.992,0.836,0.788,0.945,1.237,,0.896,0.991,1.013,0.914,0.921,1.084,1.018,0.9,1.04,0.869,1.298,1.084,1.115,,1.39,,1.266,1.368,1.451,1.154,1.441,1.45,0.95,0.858,1.274,1.025,1.362,0.991,1.47,1.478,1.264,1.299,1.342,1.018,1.345,1.349,1.213,1,1.142,,1.617,1.661,1.36,1.102,1.27,1.394,1.503,1.323,1.592,,1.882,1.306,0.639,1.412,0.737,0.814,0.915,1.113,1.536,0.959,1.025,1.38,0.946,1.279,2.478,1.761,2.07,2.254,1.298,1.628,0.811,0.363,0.459,0.363,1.513,2.802,1.784,1.708,1.685,2.693,1.949,3.932,3.67,2.161,1.751,2.105,2.445,2.854,1.755,1.451,1.673,2.311,2.227,2.594,1.673,2.178,0.953,3.091,2.233,1.849,1.779,2.313,,3.787,4.818,3.77,2.654,3.102,2.176,1.213,1.304,1.724,1.531,,1.462,1.346,1.224,1.374,1.206,0.631,0.967,1.409,1.755,1.509,2.282,2.398,1.51,2.471,3.34,1.588,0.941,0.501,0.684,0.991,1.669,1.722,1.031,1.342,2.146,1.731,2.372,2.075,1.175,1.432,0.882,1.482,2.589,2.155,1.945,0.657,0.748,0.784,0.611,2.008,2.443,2.959,2.155,2.057,1.932,3.255,,3.805,3.5,2.077,,2.12,2.991,3.33,3.165,1.39,2.028,2.48,,3.609,1.791,2.993,1.008,1.338,1.633,1.566,1.347,1.029,,0.97,1.618,2.086,2.307,,2.038,,2.111,1.316,1.445,1.271,2.086,,2.906,2.708,1.613,,0.793,1.091,1.453,1.414,1.448,1.444,,1.404,1.27,0.776,0.821,1.332,0.958,1.086,1.059,0.998,1.042,1.136,1.111,1.135,0.989,1.094,1.113,0.709,0.892,1.148,1.149,0.912,1.107,1.173,1.193,1.342,1.263,1.217,1.007,0.925,0.891,0.985,1.266,1.169,0.948,1.115,0.807,0.998,0.995,0.986,1.146,0.909,1.007,1.016,1.864,,0.933,1.431,1.96,1.789,1.518,1.592,1.537,3.004,2.698,2.353,1.598,2.315,2.997,5.639,5.439,,3.412,4.105,4.995,8.353,2.163,4.517,3.749,5.43,3.813,1.413,2.524,2.507,0.888,0.37,2.659,0.826,0.297,3.031,1.634,1.922,1.896,2.454,2.538,2.085,0.752,4.113,4.096,1.354,3.13,1.99,3.944,2.143,2.616,2.722,3.577,2.678,2.961,1.365,1.546,1.954,1.144,1.512,1.739,0.771,2.07,1.685,1.004,,0.731,0.685,1.377,0.759,0.906,0.712,2.238,2.063,1.524,2.242,1.122,0.834,0.562,0.767,0.95,0.782,1.219,1.277,1.717,1.05,2.758,1.437,1.691,2.317,2.933,1.81,0.773,0.835,0.875,1.425,0.688,1.528,0.495,2.626,2.221,3.17,3.3,2.734,1.989,1.804,4.333,6.953,3.197,4.593,4.85,1.787,1.251,1.254,1.741,2.306,3.252,1.718,1.557,1.645,1.76,2.351,1.363,2.276,3.169,3.67,1.375,1.055,1.343,0.898,1.347,1.21,1.746,2.335,1.524,1.278,0.849,1.352,1.532,0.888,0.938,1.24,1.533,0.81,1.363,1.033,3.035,1.609,1.001,0.658,0.996,1.062,1.104,1.347,,1.485,1.116,1.427,1.111,1.254,1.181,,1.293,1.175,1.056,0.883,2.207,1.476,1.205,1.176,1.684,1.547,1.197,1.794,1.367,1.214,2.929,1.709,1.642,1.036,0.913,0.977,0.913,0.867,1.347,1.296,1.217,1.722,1.269,1.848,1.314,1.574,0.749,1.869,1.182,1.173,1.396,1.47,1.071,0.553,0.967,,1.202,1.281,1.553,1.845,2.574,1.997,2.295,1.39,2.404,1.661,1.013,1.658,1.366,1.471,2.203,1.28,1.304,2.589,2.076,1.487,2.613,2.009,1.961,1.156,2.202,2.367,1.669,1.134,0.55,1.954,0.352,,1.631,1.88,1.636,1.087,1.323,2.159,1.803,1.213,1.506,1.628,1.358,1.039,2.265,2.886,1.096,1.067,3.291,1.441,1.456,1.748,1.732,1.684,3.127,2.324,2.683,1.891,1.527,1.824,2.161,2.109,2.112,2.515,1.226,0.847,1.645,1.943,2.094,2.599,1.327,1.11,0.855,1.26,1.237,,1.463,1.441,1.565,1.679,0.874,1.157,1.273,,1.517,1.545,1.484,1.815,1.833,1.395,1.82,0.928,0.948,,1.097,0.982,0.873,0.927,0.926,1.296,1.11,,,0.995,1.18,1.118,1.364,0.596,1.366,1.911,1.263,1.188,1.001,1.759,0.828,0.842,0.955,2.699,1.91,2.934,4.214,1.839,2.645,2.044,1.785,2.288,1.57,2.173,2.626,,1.969,2.533,5,3.877,,4.713,3.663,4.275,2.47,3.484,3.371,,4.506,3.376,2.445,,0.955,1.212,0.863,0.466,0.96,0.566,2.187,0.715,0.705,1.368,1.033,0.74,0.356,0.527,0.2,1.266,1.567,0.438,3.192,0.936,0.948,1.058,1.342,1.148,1.804,1.347,1.688,1.855,1.326,1.957,0.963,3.486,2.446,4.761,2.2,0.986,0.96,1.159,2.521,2.096,1.697,2.986,1.54,1.809,1.726,0.572,0.622,0.529,1.313,1.524,0.942,1.774,0.531,2.451,1.622,1.828,0.677,3.623,,1.29,1.024,0.865,0.677,,0.81,0.378,1.944,1.703,1.216,1.03,0.908,,1.606,1.143,0.728,0.506,0.307,1.409,1.068,1.349,0.635,1.301,1.671,1.346,1.335,1.216,1.246,,1.279,2.487,1.235,1.524,1.023,1.634,1.165,1.125,2.214,1.599,1.123,1.549,1.416,1.476,0.828,1.107,1.01,0.645,0.182,0.53,0.218,1.704,1.534,1.758,1.495,,0.792,1.424,1.93,2.167,0.271,,1.128,0.925,1.07,1.302,0.978,1.16,0.812,0.914,0.693,0.838,0.819,0.434,0.778,0.012,0.591,1.141,0.812,1.036,0.816,0.627,1.087,0.448,1.091,0.86,1.033,1.06,0.893,0.735,0.711,0.698,0.012,0.875,0.589,0.779,0.776,1.444,2.227,1.792,1.652,2.162,1.085,0.818,1.895,1.621,1.882,0.876,0.981,0.813,0.829,0.899,1.34,1.295,1.417,0.825,1.063,0.933,1.256,0.953,1.042,1.33,1.39,0.769,1.358,1.351,,1.835,2.302,1.598,2.377,1.903,0.292,0.746,0.578,4.156,3.208,2.169,1.454,5.341,2.432,3.569,2.235,3.098,2.296,2.073,1.803,1.53,1.488,1.338,1.447,2.204,1.149,1.906,,1.762,2.021,2.05,0.865,0.722,0.782,1.33,1.196,1.344,1.217,1.381,2.526,1.942,1.623,1.705,1.316,1.372,1.341,0.738,1.073,1.346,1.019,0.714,1.764,1.657,1.946,1.191,0.914,0.92,0.936,3.111,1.888,2.168,1.294,0.979,1.057,1.211,0.88,1.441,1.312,1.57,0.24,0.591,1.127,1.631,1.481,1.557,1.528,1.659,1.027,1.289,1.155,1.213,1.243,1.24,2.206,1.196,2.274,1.664,1.93,0.618,1.084,0.763,1.561,0.876,0.912,1.111,1.234,1.15,1.119,0.763,0.873,0.797,1.22,0.736,1.71,1.884,0.247,1.539,0.082,0.201,0.573,0.697,0.731,2.631,0.592,1.107,0.866,0.983,1.544,1.332,1.363,1.076,1.307,1.801,0.589,1.371,1.588,1.493,0.702,0.777,1.068,,1.411,1.719,1.61,1.659,1.494,1.224,1.191,1.595,1.382,1.901,2.221,1.955,1.188,2.443,1.267,1.248,1.289,1.409,1.186,1.527,1.72,1.695,1.506,1.115,1.296,1.209,0.984,1.173,1.281,1.54,,1.359,1.44,1.537,1.804,1.44,1.775,1.043,2.012,1.456,1.311,1.24,1.475,3.028,1.48,1.086,1.222,1.385,1.212,1.21,0.806,0.837,0.894,1.057,,1.478,1.934,1.824,1.965,2.461,1.254,1.426,,1.229,0.987,1.495,1.253,1.071,1.339,1.152,0.907,1.852,1.588,1.422,1.226,0.541,,0.566,1.358,0.269,1.106,1.403,1.279,0.595,0.524,1.134,0.379,0.606,1.241,0.711,0.772,1.206,0.765,0.912,0.498,1.359,1.043,0.209,0.358,0.608,1.962,1.031,0.635,0.764,0.1,1.007,0.965,2.007,0.731,1.067,0.058,0.021,1.641,2.331,0.561,0.56,0.248,0.744,2.619,2.933,2.716,4.043,4.035,2.663,3.013,2.758,0.107,2.032,1.258,3.336,2.079,1.109,0.754,0.83,1.776,1.792,2.033,1.313,1.515,1.897,2.62,1.843,1.018,0.722,2.546,1.581,1.614,1.583,1.449,0.859,,1.935,2.737,1.397,1.806,0.931,0.667,0.611,0.776,1.38,1.216,0.695,1.175,1.548,0.708,1.355,0.67,1.933,1.263,1.019,1.05,1.871,1.514,0.839,0.489,2.896,2.925,1.58,2.319,0.988,0.947,1.424,2.901,2.314,2.11,2.265,2.955,2.962,1.824,2.525,0.516,0.921,0.873,1.935,3.14,2.538,2.156,0.74,1.942,1.302
20160203,13,AQI,63,46,70,68,67,60,44,63,33,46,82,81,,205,188,155,158,170,182,,162,152,103,168,84,172,,43,69,59,58,67,68,74,60,63,62,45,69,64,25,62,49,52,35,350,241,296,332,114,112,112,98,87,120,59,46,64,67,64,51,58,55,77,36,69,69,77,58,80,87,75,220,211,159,148,149,185,169,72,,60,114,94,75,87,59,130,139,108,117,181,84,83,130,94,99,60,87,,106,79,77,78,100,,104,80,58,57,55,59,54,59,87,105,57,79,82,89,90,77,61,73,62,73,73,112,110,113,,128,133,134,128,102,115,115,104,128,114,120,87,127,122,68,110,122,205,160,224,155,166,189,160,165,145,109,123,108,127,122,105,115,88,104,98,109,95,105,130,142,192,163,98,103,97,99,113,112,91,108,153,163,103,103,119,,210,156,145,162,128,158,163,166,126,102,133,,127,123,152,137,115,140,243,186,206,190,170,185,185,162,204,110,188,215,189,188,145,129,62,169,160,149,149,160,153,156,112,104,150,109,140,,149,137,148,69,77,75,79,178,165,122,,129,,196,176,,102,158,128,59,35,69,139,114,110,94,90,94,78,89,75,127,120,129,135,,152,172,150,130,129,40,40,40,48,42,39,25,35,27,94,79,73,104,88,117,82,103,88,156,156,89,127,130,,155,182,148,199,176,159,193,208,198,159,196,125,110,132,162,114,104,117,95,112,128,155,118,115,125,105,135,92,117,107,103,135,93,107,98,113,102,107,104,103,67,60,,45,46,59,54,58,49,67,52,58,52,43,65,36,54,63,27,53,39,58,52,48,49,49,52,53,50,62,60,50,55,64,53,55,65,46,41,64,50,,59,60,59,49,49,55,52,50,50,59,57,65,54,,105,94,92,100,84,78,110,100,33,51,47,43,50,72,90,82,72,65,74,67,75,78,74,72,72,,70,92,80,92,109,118,92,103,104,,105,74,100,100,83,102,64,90,105,85,94,54,47,47,50,45,39,45,117,89,176,57,,45,140,152,107,152,255,110,250,123,169,130,178,135,259,118,199,103,93,107,103,186,172,190,103,224,179,176,144,179,,358,350,357,433,406,369,112,125,107,98,,88,112,82,93,104,60,85,123,148,84,190,172,62,248,134,68,39,40,40,46,53,52,55,87,58,53,51,73,57,57,50,143,145,111,101,54,44,36,35,170,178,133,147,138,159,127,,270,287,186,,179,159,183,162,134,108,192,,129,159,138,166,155,205,185,67,62,,67,105,106,178,,172,,186,114,117,93,140,,120,144,162,,42,89,54,113,150,178,,59,54,58,65,92,44,37,37,33,48,45,46,52,48,46,53,48,52,51,55,64,46,39,59,38,26,30,59,64,63,52,59,49,60,62,55,22,28,36,53,45,54,33,52,38,55,48,52,51,107,117,102,60,89,98,87,82,147,252,242,,224,231,162,340,159,84,138,132,68,54,104,163,59,49,137,92,42,304,109,114,104,108,89,103,58,98,95,102,186,79,94,176,98,160,234,158,90,53,122,83,76,90,58,53,60,51,49,,46,80,85,79,109,63,98,76,69,82,142,52,120,75,143,82,92,119,102,122,110,117,125,148,132,84,63,115,93,97,89,112,68,155,143,98,108,129,117,144,153,192,165,227,225,82,64,74,122,92,77,173,163,143,134,117,115,112,105,118,90,128,165,153,179,144,117,119,113,102,112,122,107,77,119,94,130,147,153,113,57,122,107,65,122,140,148,138,,79,74,89,99,85,72,,83,97,27,27,148,162,145,173,137,134,156,145,125,143,136,145,92,105,109,102,117,110,148,153,148,149,112,148,128,139,120,155,132,139,170,143,75,182,92,,77,57,55,247,255,287,346,62,79,107,120,51,74,92,66,221,162,149,206,152,,227,207,178,134,195,137,99,86,125,87,,116,263,149,144,97,155,183,164,115,184,155,160,242,236,118,119,195,186,143,179,123,122,217,233,201,190,130,128,202,206,222,234,94,65,123,61,92,81,163,127,158,92,89,,113,142,128,90,70,77,66,,152,149,163,143,163,168,166,135,138,,73,123,123,104,90,105,112,,,73,69,98,77,67,64,81,109,112,93,102,59,52,54,157,189,87,82,221,233,99,78,216,147,68,128,,,123,214,212,,217,127,127,100,103,74,,71,69,63,,72,102,32,69,38,159,216,196,87,138,26,28,28,30,55,49,63,53,83,84,77,85,82,75,97,91,87,85,77,93,114,46,32,51,25,93,85,75,128,115,183,162,188,180,65,70,43,52,83,75,55,32,46,43,35,52,102,68,,124,78,75,53,54,46,102,97,100,69,83,61,160,250,107,39,48,58,92,120,43,22,107,95,117,119,128,147,,114,163,143,62,67,102,130,103,85,99,92,99,100,89,89,102,79,107,90,87,67,268,226,205,69,,63,97,115,120,75,,62,75,60,72,73,75,63,78,92,124,35,56,53,57,20,42,36,49,43,20,33,28,44,25,30,40,50,53,54,52,70,78,80,87,84,51,129,104,92,92,97,85,87,122,100,67,72,68,65,68,63,87,92,67,105,102,97,85,90,109,123,137,118,120,,78,73,79,71,67,92,84,87,147,145,128,242,254,500,196,88,113,98,119,79,117,123,112,99,127,104,109,,92,99,87,90,92,93,85,118,98,112,112,122,130,162,112,63,89,124,85,132,162,148,150,117,133,137,99,102,128,84,105,123,103,113,84,99,97,75,169,137,110,98,90,108,110,110,127,123,120,110,98,103,109,117,118,100,104,93,130,74,113,103,78,78,74,63,68,83,93,114,107,119,85,108,75,180,148,147,218,84,119,183,65,57,82,70,87,75,69,95,79,98,73,58,82,90,34,56,52,89,84,93,,63,84,70,92,53,87,90,127,169,182,202,139,108,95,105,133,108,117,90,117,99,89,104,119,117,90,95,69,83,79,,99,85,134,132,117,128,148,132,166,128,119,120,204,85,84,118,117,119,132,15,33,22,65,,74,88,120,119,163,53,64,,62,35,60,75,78,58,73,76,99,100,31,48,83,,65,95,75,53,29,52,38,39,30,51,70,63,33,30,32,28,40,38,22,55,50,70,32,95,97,57,60,20,33,71,39,95,79,33,83,25,59,65,32,28,24,217,199,229,163,48,67,71,50,108,158,118,71,60,107,115,59,59,104,92,45,81,98,75,95,126,144,83,125,98,55,15,110,,156,75,65,76,119,162,56,56,51,70,119,128,128,52,73,69,83,87,80,207,216,67,66,32,109,368,57,105,55,59,84,195,301,277,82,82,166,175,133,45,29,48,148,255,397,98,35,240,55
20160203,13,PM2.5,45,32,51,49,48,43,,45,23,32,60,47,,155,141,118,120,129,137,,123,116,77,127,62,130,,25,50,42,41,48,49,43,33,45,38,31,33,26,17,28,31,27,20,300,191,246,282,86,84,84,73,64,91,7,20,34,33,6,22,23,32,32,9,50,50,56,40,59,64,55,170,161,121,113,114,139,128,52,,43,86,70,55,64,35,99,106,81,88,129,62,61,99,70,74,43,64,,67,58,56,57,75,,78,59,41,40,39,40,36,42,64,79,40,58,60,61,47,55,42,53,40,37,49,84,83,85,,97,101,102,97,76,87,87,78,97,86,91,64,96,92,49,83,92,155,122,174,118,126,142,122,125,111,82,93,81,96,92,79,87,65,78,73,82,71,79,99,108,144,124,73,77,72,74,85,84,64,80,117,124,76,77,90,,160,119,111,123,97,120,124,126,95,76,101,,96,93,116,104,87,107,193,140,156,143,129,139,139,123,154,83,141,165,142,141,111,98,44,128,122,114,114,122,117,119,84,78,115,82,107,,114,104,113,50,56,55,58,134,125,92,,98,,147,133,,76,120,97,42,18,50,106,86,83,70,67,70,57,66,54,96,91,98,103,,116,130,115,99,98,28,28,28,33,29,27,17,23,16,70,52,52,78,65,88,60,77,65,119,119,,96,99,,118,137,113,149,133,121,145,158,148,121,147,95,83,100,123,86,78,88,71,84,97,118,89,87,95,79,103,68,88,80,77,79,69,80,73,85,76,80,78,77,48,43,,31,32,42,38,41,31,48,36,41,36,30,47,22,38,45,18,37,27,41,36,32,34,34,36,37,35,44,43,34,39,46,24,,47,25,16,46,35,,42,43,42,34,34,39,36,35,35,32,40,47,38,,79,70,68,75,62,57,83,75,22,23,27,30,26,52,67,60,52,47,54,48,55,57,54,52,52,,51,68,59,68,82,89,68,77,78,,79,49,75,75,61,76,46,67,79,63,70,38,24,22,28,31,27,31,72,37,55,20,,18,107,113,33,116,205,81,200,75,128,99,134,103,108,89,149,77,69,80,77,140,130,143,77,174,135,133,110,135,,237,300,307,298,358,319,84,95,80,73,,65,84,60,69,78,43,63,93,113,62,143,130,27,198,102,22,15,23,28,17,30,36,39,64,41,31,32,53,35,40,32,72,111,69,52,31,25,25,19,129,134,101,112,105,121,96,,220,237,140,,135,121,138,123,102,81,144,,98,121,105,126,118,155,139,45,44,,48,79,60,134,,130,,140,86,88,69,107,,91,110,123,,29,66,37,85,115,134,,42,38,41,47,,27,24,23,23,32,29,32,36,33,30,37,33,35,35,30,43,32,26,42,26,18,21,42,46,45,36,42,33,43,44,39,15,17,25,37,31,38,23,36,26,39,29,36,32,80,88,76,40,66,63,64,60,112,202,192,,174,181,123,290,121,59,105,100,49,32,78,124,40,25,104,68,22,254,82,86,78,81,66,77,41,50,71,76,140,58,70,133,73,122,184,120,67,28,92,37,52,67,35,29,21,27,34,,32,59,63,58,82,45,73,51,39,37,108,33,91,55,109,60,68,90,76,92,83,88,95,113,100,62,45,87,69,72,66,84,44,118,109,73,33,98,88,110,117,144,125,177,175,60,35,54,92,68,47,131,124,109,102,88,87,84,79,89,67,97,125,117,135,110,88,90,85,76,84,92,80,56,90,70,99,112,117,85,40,92,80,47,92,107,113,105,,58,54,66,74,63,52,,61,72,9,5,113,123,111,131,104,102,119,111,95,109,82,111,68,79,82,76,88,83,113,117,113,114,84,113,97,106,91,118,100,106,129,109,55,137,68,,56,40,39,197,205,237,296,44,58,80,91,27,54,68,40,171,123,79,156,116,,177,157,134,102,146,104,69,49,55,39,,80,213,114,110,55,118,138,2,87,93,53,54,192,186,89,90,146,140,109,135,93,92,167,183,151,143,99,94,152,156,172,184,70,47,93,43,68,45,124,96,120,68,66,,85,108,97,,51,52,,,116,114,124,109,124,127,126,103,105,,53,93,93,78,67,79,84,,,53,50,73,56,48,46,55,82,84,69,76,41,30,38,49,142,64,5,171,183,63,57,166,112,36,97,,,93,164,162,,167,96,96,75,77,43,,43,50,45,,18,22,7,50,20,121,166,147,64,105,15,11,6,10,11,32,45,16,61,62,56,63,57,55,42,67,41,58,51,69,86,26,22,18,17,69,63,55,97,87,138,123,141,136,47,49,29,32,56,55,31,17,32,21,14,36,76,49,,94,57,55,37,38,30,76,72,75,50,61,42,122,200,80,20,33,,68,91,19,15,80,71,88,90,97,112,,86,124,109,26,47,76,99,77,63,74,68,74,75,66,66,76,58,80,67,64,48,218,176,155,50,,45,72,87,91,55,,44,55,43,52,53,55,45,52,68,94,24,26,36,40,13,29,25,28,30,6,23,19,23,15,15,19,22,37,38,36,51,57,59,64,62,33,98,78,68,68,72,55,64,92,75,48,52,49,47,49,45,64,68,19,79,76,72,63,67,82,93,104,89,91,,45,48,47,36,48,68,62,64,112,111,97,192,204,199,147,65,85,69,90,57,88,93,84,74,96,78,82,,54,71,64,67,52,69,63,89,73,84,84,92,99,123,84,45,66,94,63,100,123,113,115,88,101,104,62,76,97,62,79,93,77,85,62,74,72,55,128,104,83,73,67,81,83,83,96,93,91,83,73,77,82,88,89,75,78,69,99,54,85,77,56,57,54,45,47,61,69,86,80,90,63,81,53,136,82,112,168,62,90,138,47,40,60,51,64,55,50,71,58,73,53,41,60,67,21,29,33,66,62,69,,45,62,51,68,37,64,67,96,128,137,152,106,81,71,79,101,81,88,67,88,74,66,78,90,88,67,71,50,61,56,,74,63,102,100,88,97,113,100,126,97,90,91,154,63,62,89,88,90,100,5,23,2,47,,54,65,91,90,124,34,40,,44,24,43,55,57,41,53,48,74,75,21,23,61,,47,28,55,36,7,36,26,27,9,21,51,45,21,21,22,18,26,26,15,34,35,51,22,71,72,40,43,,23,40,27,40,58,10,,,21,34,22,19,7,167,149,179,124,33,32,32,35,81,107,89,42,43,80,87,42,42,78,62,23,49,73,55,71,66,52,61,95,73,31,6,83,,119,52,47,23,90,123,35,24,20,25,90,97,97,33,53,50,54,58,59,157,166,48,44,10,82,318,30,79,39,35,50,146,251,227,43,60,126,132,101,31,4,33,113,205,347,73,24,190,39
20160203,13,PM2.5_24h,41,24,34,39,32,34,,37,31,30,33,55,,103,103,78,80,88,109,,88,68,80,92,51,98,,67,83,62,60,82,72,32,77,93,72,75,92,95,47,76,65,51,47,170,157,179,156,157,204,167,182,171,214,20,17,20,25,24,38,47,35,35,18,84,61,64,59,134,169,103,136,145,133,74,90,108,96,72,,37,81,90,46,50,51,83,73,74,85,108,85,54,60,55,82,114,102,,125,153,70,143,119,,142,67,62,45,51,36,46,46,48,56,29,94,96,83,96,90,73,97,99,84,83,89,98,117,,136,121,138,143,92,112,99,116,95,85,95,73,113,85,72,81,83,129,116,133,120,136,126,116,126,113,130,141,113,135,128,117,126,108,100,70,86,73,93,89,96,104,91,87,106,97,113,105,102,98,109,120,138,106,117,122,,125,135,123,122,131,144,151,142,141,137,149,,126,125,141,111,92,136,147,123,149,122,127,117,86,66,89,45,151,171,152,155,79,58,42,86,73,84,82,81,88,86,54,89,98,92,91,,87,92,93,60,68,60,63,82,83,61,,77,,129,111,,67,82,73,74,73,74,88,68,70,76,70,68,61,77,60,99,55,95,96,,122,107,100,100,94,22,22,23,28,22,23,20,24,19,83,61,55,91,75,91,50,84,81,108,124,93,100,105,,98,115,64,85,77,68,81,88,88,93,84,76,80,78,86,87,80,84,70,66,97,109,114,107,114,116,112,100,123,80,99,97,95,102,87,113,109,104,94,88,37,33,,29,31,31,36,31,37,34,30,33,31,27,36,17,33,32,18,26,24,31,30,28,28,30,27,32,28,38,39,27,35,43,22,,34,19,17,36,16,,35,34,30,24,28,31,29,32,25,24,27,40,27,,82,87,76,78,73,67,77,78,11,20,22,25,25,59,77,64,57,66,63,47,56,64,64,65,54,,64,59,61,63,86,75,69,69,70,,73,77,70,73,64,73,60,53,74,66,66,56,39,24,55,54,67,50,61,48,34,21,,26,81,60,52,77,116,72,149,57,127,62,125,97,52,92,96,57,69,82,65,95,102,111,44,80,99,93,74,86,,253,342,257,267,275,299,90,107,101,99,,121,141,89,120,135,42,84,111,95,52,70,68,44,76,84,31,42,23,25,28,80,72,79,69,89,81,97,110,63,60,32,92,68,65,78,24,21,22,17,134,119,94,134,155,138,134,,217,194,141,,138,126,143,145,126,87,125,,123,128,181,149,180,212,158,65,52,,47,78,76,127,,102,,128,129,127,103,139,,182,115,97,,47,58,49,132,102,104,,41,41,45,43,46,19,19,22,20,22,23,26,25,26,27,28,25,24,26,25,24,29,15,27,24,15,18,43,42,43,27,34,24,41,32,41,12,14,16,23,20,24,20,27,22,31,37,39,42,122,111,117,52,55,45,48,63,82,104,114,,111,161,92,230,94,47,75,108,52,38,72,78,47,25,72,31,17,203,68,75,77,100,103,78,42,82,71,75,98,43,107,74,113,108,94,68,86,96,75,92,83,82,70,46,88,64,58,,38,43,50,48,50,62,97,90,112,118,78,79,49,37,55,33,68,94,71,94,97,91,94,87,102,76,49,89,68,77,68,99,15,87,70,66,99,88,72,75,127,113,84,114,120,61,52,75,84,49,36,93,43,95,93,87,86,56,60,68,52,111,120,133,119,117,80,92,90,76,78,79,72,59,77,73,81,105,102,90,70,85,51,54,86,85,96,83,,65,65,76,67,66,64,,68,77,8,8,70,79,84,81,121,123,132,117,109,106,62,61,46,59,90,86,76,85,104,108,109,104,61,73,86,74,84,104,96,103,109,107,60,64,64,,59,46,46,104,49,42,208,64,85,73,76,37,46,55,71,131,106,76,133,106,,147,153,76,68,80,60,56,43,51,49,,85,118,73,65,47,102,136,116,88,75,56,53,123,188,87,82,134,78,93,105,63,65,140,115,92,93,64,48,90,84,90,105,88,54,76,66,62,37,117,124,109,80,96,,92,102,105,,71,75,127,,121,122,126,102,116,125,126,96,94,,92,66,57,57,50,72,74,,,55,61,91,75,56,72,75,98,101,87,80,38,29,40,61,50,80,53,72,60,104,90,163,90,56,64,,,80,130,131,,143,91,66,41,73,31,,53,140,107,,29,42,33,30,22,58,72,52,41,62,26,32,17,12,7,47,49,41,93,76,52,91,101,59,72,71,68,126,88,87,93,90,44,70,50,82,76,76,105,114,91,103,92,83,39,42,47,38,56,80,45,20,42,59,18,30,55,45,,55,45,53,39,38,48,20,48,43,47,55,30,58,109,53,29,34,,78,89,68,25,93,43,116,126,135,139,,139,117,120,43,62,79,110,88,70,81,69,75,75,75,96,91,75,83,66,72,50,175,155,175,68,,56,90,103,101,50,,42,51,62,59,57,60,53,58,52,87,22,25,25,26,15,26,25,29,25,7,23,19,23,16,14,17,18,24,32,28,49,66,63,64,61,70,123,107,105,103,82,62,67,86,64,51,62,69,65,62,49,62,66,34,75,65,68,61,60,78,92,76,72,87,,43,54,39,31,44,59,59,57,91,78,70,117,129,101,100,88,104,99,121,46,67,94,80,72,80,75,88,,93,79,84,101,98,105,77,102,74,77,85,89,100,85,93,27,53,61,42,69,85,77,66,104,109,126,84,83,96,72,74,81,95,97,90,87,86,70,87,70,49,63,67,89,87,94,86,100,98,92,106,96,101,98,82,66,73,66,85,71,170,111,89,94,57,54,47,58,64,62,73,70,66,70,55,87,49,69,86,44,73,88,40,33,47,40,64,59,55,72,68,73,60,52,64,70,20,31,38,60,73,58,,68,88,81,32,36,64,66,79,107,106,134,84,73,63,68,76,87,71,71,118,108,107,111,75,82,80,72,45,57,57,,60,83,84,86,86,82,116,88,117,97,67,94,124,60,42,62,67,68,82,14,31,20,42,,42,60,78,72,88,46,60,,56,59,48,59,63,53,46,38,65,65,28,31,60,,45,45,38,45,22,25,29,23,32,31,56,43,28,27,63,59,73,43,25,27,45,53,34,58,67,29,36,12,15,37,33,33,48,16,20,,85,17,26,8,12,131,140,137,140,38,62,70,57,76,99,89,45,39,66,53,37,36,46,40,34,60,62,48,83,62,52,59,98,63,23,67,52,,101,56,41,20,55,89,34,42,29,24,128,109,103,36,86,79,55,61,54,89,98,44,40,14,143,357,44,72,50,51,57,115,149,106,73,117,76,76,107,25,7,21,117,195,335,51,24,82,32
20160203,13,PM10,,,,,,,44,,,35,61,112,,,,118,,,,,,140,,,107,,,43,63,59,45,73,76,97,70,62,73,41,88,78,23,74,49,53,35,431,268,321,405,129,118,104,104,96,114,67,46,77,83,78,51,66,59,104,36,80,77,67,66,64,,95,203,208,152,145,175,156,194,84,,56,116,106,90,121,68,145,108,129,155,312,96,94,139,116,115,67,89,,162,82,92,76,139,,101,94,58,60,52,68,57,64,91,110,62,106,112,128,129,104,72,76,74,95,96,94,116,112,,150,165,184,154,125,129,138,148,101,93,,76,,,,,,199,187,331,164,161,188,181,190,158,,96,83,,94,83,,,97,120,119,88,111,138,207,145,142,133,109,115,136,144,139,131,165,184,176,156,102,134,,217,144,147,172,135,124,173,195,202,123,197,,164,191,116,142,169,166,,172,196,192,200,195,206,160,190,131,167,,189,182,163,130,58,179,155,163,163,169,180,194,125,112,156,116,149,,144,132,180,64,68,72,75,174,154,134,,146,,176,163,,131,136,,66,26,58,,100,90,99,87,97,74,67,99,,99,,115,,,,,,102,35,39,39,36,,38,20,35,27,97,107,96,86,67,,,95,115,131,168,127,166,118,,153,207,130,227,164,198,192,269,155,192,192,164,146,154,172,157,157,120,134,96,,,103,,,,,75,,,87,219,,93,,,78,,,100,55,46,,,43,,47,59,49,53,39,,,36,51,36,41,48,20,46,33,50,42,48,38,44,38,48,42,,44,50,39,47,56,60,51,46,41,49,40,,,49,44,45,39,43,51,43,43,68,43,,55,,86,,96,117,79,62,116,106,33,51,47,43,50,60,80,67,57,57,59,79,63,78,59,55,58,,66,77,68,,98,112,103,113,93,,97,98,90,92,105,89,68,94,93,105,119,,47,47,50,34,,,183,127,301,63,,45,205,254,164,189,272,170,278,195,176,172,203,191,391,154,198,116,114,122,103,191,178,202,111,310,227,210,192,169,,466,303,370,533,436,437,84,154,102,,,87,104,76,85,81,64,72,124,131,104,193,228,74,278,150,47,39,40,38,46,55,47,57,92,63,56,52,57,64,51,50,235,204,171,151,57,44,34,35,228,137,196,214,185,148,177,,254,304,159,,173,165,,209,138,139,224,,160,139,137,158,184,277,192,83,52,,80,106,162,204,,187,,227,90,103,107,200,,154,153,177,,29,101,58,165,166,202,,51,50,55,47,133,44,37,37,33,48,45,46,,46,46,42,39,54,51,59,77,33,39,45,31,22,22,45,,52,44,47,49,45,65,45,20,28,32,51,37,46,33,42,31,48,48,47,52,126,129,124,69,102,146,86,108,138,272,271,,239,259,186,,,117,143,100,,57,134,168,68,49,182,102,42,388,123,159,142,141,112,128,52,145,140,137,170,89,130,160,122,215,311,218,76,55,184,116,101,121,66,55,69,51,43,,38,,86,73,,64,102,101,88,114,118,53,102,59,135,90,,93,98,119,103,,,,123,65,62,,,79,118,,86,133,115,104,166,140,104,135,195,269,234,252,250,,77,91,118,91,103,195,155,140,138,129,110,159,143,165,124,132,147,,170,156,130,147,118,107,99,96,107,87,,,120,126,157,,,132,,60,,115,,137,,77,63,71,76,78,64,,84,80,18,13,139,140,141,143,120,155,135,130,111,130,221,204,128,104,99,111,122,121,149,141,144,154,124,,155,106,134,153,138,136,161,159,84,,,,60,,50,225,215,,326,59,,101,103,52,76,122,82,209,220,247,211,207,,252,194,196,182,174,142,148,122,199,124,,181,304,243,213,144,174,242,277,150,317,260,269,258,257,119,134,226,202,,175,138,119,228,217,235,203,171,205,234,255,281,258,107,76,125,71,101,112,166,162,156,124,91,,104,152,138,129,89,104,82,,162,162,171,133,,144,152,153,144,,66,139,135,148,128,99,115,,,,56,105,64,61,68,112,119,112,78,126,68,54,,263,279,104,114,247,314,148,103,263,214,85,151,,,153,,191,,248,173,186,103,89,98,,92,82,59,,94,154,31,72,38,179,262,232,,144,24,15,10,20,29,49,56,55,66,89,91,113,113,85,144,131,124,119,103,121,155,46,28,51,,97,116,91,121,113,207,220,178,160,79,90,43,54,116,100,59,32,36,43,20,52,99,65,,124,89,64,53,54,46,,129,145,71,81,71,186,272,96,,35,65,120,114,43,18,90,116,122,113,116,125,,,132,,73,83,102,103,87,91,92,73,122,92,110,84,99,59,,79,70,69,264,183,158,56,,49,96,106,,68,,57,62,55,65,72,69,58,106,104,109,33,62,56,54,20,36,34,49,38,12,25,,44,25,30,40,50,44,48,46,64,81,83,87,81,52,121,91,86,80,92,119,103,116,85,50,57,50,,49,61,76,84,83,86,78,91,72,87,115,148,104,103,123,,106,96,107,91,80,106,112,115,182,142,128,272,239,723,215,,136,146,129,107,135,,133,115,145,120,128,,134,147,101,100,134,118,91,120,119,145,101,121,135,149,103,64,87,106,92,124,142,114,116,104,131,157,148,112,135,106,111,133,95,109,96,118,128,83,145,126,126,92,88,84,,93,,107,107,,80,97,118,115,,98,139,125,138,76,100,88,105,95,76,70,86,65,85,89,105,179,114,113,100,175,246,155,200,97,142,225,49,42,73,56,65,66,59,94,66,86,58,61,65,72,34,61,53,80,77,76,,48,75,78,71,50,71,72,171,168,158,208,112,97,97,99,,113,97,87,101,80,81,116,,108,97,86,68,99,108,,103,77,132,129,154,119,177,177,195,179,131,133,184,71,103,111,126,126,115,6,27,11,55,,67,81,129,116,160,47,78,,62,34,65,68,71,58,76,101,86,100,31,48,80,,57,140,67,55,29,50,33,36,30,51,58,62,33,,,28,40,,22,59,39,,31,83,85,46,57,8,23,92,,139,,,115,,68,80,29,,,186,190,179,149,,84,92,47,104,265,94,92,51,109,140,46,45,125,134,45,111,128,71,95,202,237,85,115,104,59,7,124,,142,100,56,102,131,214,62,62,52,89,124,170,128,54,60,64,116,124,83,196,,72,82,,113,447,63,138,59,67,118,226,290,293,114,103,148,140,200,42,9,,186,295,376,110,29,,39
20160203,13,PM10_24h,,,,,,,52,,,50,48,88,,159,138,100,120,129,143,,121,111,130,126,92,127,,117,115,117,100,123,103,70,121,128,122,117,123,112,71,119,104,107,103,246,213,240,253,199,256,206,222,227,256,43,41,50,58,39,57,69,60,71,42,139,84,76,78,178,192,194,182,190,166,102,138,138,140,93,,52,110,130,78,97,83,126,118,116,117,181,114,87,97,92,127,151,155,,196,215,116,193,214,,190,99,82,62,77,64,63,76,68,78,42,166,140,135,124,108,97,130,134,110,134,105,121,133,,161,159,179,193,132,135,123,158,115,102,110,94,131,94,88,101,104,181,173,191,162,198,180,166,198,162,135,153,139,169,151,184,152,139,114,110,120,96,127,144,171,137,131,169,156,169,180,164,161,161,217,206,220,175,147,181,,160,159,177,162,175,181,198,186,200,190,214,,171,190,161,158,182,193,166,147,189,175,197,178,131,100,117,93,180,197,197,211,110,79,50,124,90,125,117,114,136,130,74,120,135,134,129,,110,120,138,76,88,75,79,111,104,99,,102,,146,137,,116,95,,111,99,87,96,82,76,98,94,103,75,84,81,109,76,117,113,,163,117,107,102,111,29,32,31,26,19,33,24,41,32,118,106,84,111,88,72,55,100,117,136,194,142,177,133,,151,181,87,121,110,119,115,166,147,143,140,136,124,118,137,141,123,117,104,92,110,151,141,140,146,149,129,137,161,,121,136,143,105,95,148,92,142,110,83,45,42,,33,37,31,41,42,41,39,35,46,38,29,37,33,34,38,21,34,30,38,39,46,33,45,24,38,32,40,41,31,31,56,35,35,36,34,35,39,36,,38,35,34,31,37,38,38,42,35,36,37,77,34,,92,100,99,105,82,81,101,112,20,34,33,33,34,65,84,72,65,76,71,63,69,74,77,75,64,,77,78,75,76,106,96,95,90,85,,92,119,79,82,91,79,86,75,85,97,106,81,65,42,101,79,117,99,168,149,118,67,,71,133,114,111,134,162,155,197,139,176,116,208,140,116,163,140,93,112,116,91,136,143,162,75,117,151,137,111,119,,422,406,304,493,325,419,125,188,134,137,,152,162,125,152,148,63,105,191,108,75,96,129,101,106,121,60,65,36,43,54,132,97,112,96,128,119,142,149,79,77,48,131,115,107,133,35,33,28,25,204,169,170,210,216,209,210,,302,282,189,,196,200,181,210,173,152,206,,213,97,223,173,252,326,206,96,89,,67,104,147,189,,150,,196,159,155,157,230,,284,162,156,,62,90,77,187,149,161,,48,47,58,53,60,34,34,36,25,34,42,34,33,36,31,33,28,40,37,35,32,26,28,31,26,22,21,45,41,47,29,39,35,40,39,39,16,21,23,31,27,34,31,35,26,34,53,58,59,174,159,164,105,83,98,60,95,94,147,170,,156,218,171,277,100,95,114,110,,80,161,167,105,54,116,54,36,305,103,125,129,170,162,128,56,110,160,133,128,96,157,102,177,180,143,126,108,112,109,120,121,122,89,76,153,92,77,,47,56,74,86,57,85,139,138,156,195,103,85,71,47,65,55,77,109,92,126,117,116,122,121,126,111,90,132,78,97,101,113,30,126,100,137,162,128,87,105,176,201,134,187,184,85,119,110,99,76,57,150,83,150,141,125,108,100,107,134,87,150,155,110,145,153,120,158,117,112,89,100,101,121,83,80,104,116,163,94,126,104,60,65,,84,89,102,,70,71,74,69,87,79,,90,88,15,14,86,103,102,103,140,142,148,139,118,124,110,116,80,87,104,117,107,108,124,126,128,139,95,105,107,94,121,129,140,128,131,172,82,68,75,,69,69,60,141,164,137,248,98,102,99,100,64,73,84,116,151,158,215,186,188,,201,177,111,111,107,89,107,91,140,140,,129,174,183,97,129,147,224,233,175,232,222,232,174,266,136,123,187,142,110,139,95,99,176,146,155,142,89,79,124,121,141,147,131,76,98,90,98,95,161,157,145,122,127,,105,139,140,159,122,126,115,,164,173,167,111,112,152,154,134,129,,105,111,96,109,94,96,98,,,93,89,123,101,68,126,117,137,121,106,131,55,60,51,144,129,149,186,126,114,133,129,233,135,87,94,,,115,140,166,,198,156,133,54,88,65,,105,208,144,,65,75,54,48,33,82,128,84,52,82,51,54,26,18,14,69,67,56,128,125,77,144,140,89,129,94,141,170,122,128,129,68,59,87,53,100,97,101,127,135,142,197,116,104,64,66,61,57,76,94,45,29,56,91,30,44,96,99,,72,57,64,53,55,66,19,125,97,60,68,57,91,240,60,30,33,34,126,117,89,34,112,137,133,152,154,154,,176,139,,80,82,118,130,106,99,107,100,139,98,103,113,120,96,88,75,82,77,217,170,199,85,,64,106,111,114,67,,56,65,69,76,83,74,58,98,87,111,35,30,37,35,21,30,31,37,31,10,23,17,39,19,20,24,27,28,42,38,64,88,90,89,74,92,147,133,137,132,102,129,103,119,85,56,73,81,70,73,61,71,79,73,81,69,80,69,80,112,132,93,91,116,,99,104,93,102,73,85,96,98,119,103,84,152,175,161,145,162,212,183,178,109,112,96,127,106,124,121,146,,138,159,122,143,124,157,110,152,107,113,107,124,121,102,110,39,71,74,63,91,102,95,80,121,144,178,129,117,120,112,117,121,118,123,116,123,144,111,96,85,85,82,82,104,109,112,104,115,115,105,114,116,124,114,,94,100,114,122,104,131,142,148,133,82,72,90,72,98,90,99,122,113,136,73,107,111,87,112,77,108,142,41,35,56,47,75,68,61,81,72,81,63,68,67,77,39,54,47,71,80,64,,62,107,103,66,64,70,70,150,134,117,170,105,91,85,97,90,102,84,95,140,129,146,158,78,98,95,101,56,80,75,,91,103,103,103,139,113,177,154,184,168,97,138,145,77,79,91,98,108,109,22,39,31,43,,50,74,113,89,118,64,89,,80,64,68,67,72,62,64,82,78,90,37,52,78,,55,95,57,66,47,40,36,33,47,81,67,69,38,39,116,78,115,59,38,70,61,52,39,84,78,38,48,17,25,67,,160,210,73,58,,129,35,42,18,15,149,157,131,168,67,113,102,89,94,130,104,73,59,84,97,42,46,64,113,68,102,107,71,115,170,188,83,98,93,54,76,73,,137,114,61,102,84,130,59,77,62,46,127,152,123,105,93,91,94,125,78,146,144,104,84,32,334,500,99,131,101,119,148,177,190,178,199,206,88,89,140,42,17,25,171,304,378,81,33,85,37
20160203,13,SO2,28,19,33,27,31,29,37,17,10,21,44,35,,73,66,80,62,41,49,,65,60,31,49,30,32,,129,125,93,112,106,128,99,25,24,21,30,34,22,18,76,38,52,7,132,383,277,178,147,52,54,97,66,86,35,25,29,44,12,48,22,29,28,24,22,30,27,45,36,35,58,95,104,91,222,208,209,209,86,,113,161,154,204,168,135,382,43,81,89,112,89,31,45,35,79,67,62,,92,136,82,91,100,,54,43,34,44,33,30,90,35,34,55,16,77,41,52,62,77,37,37,52,36,33,87,81,112,,98,132,27,69,104,102,98,91,27,38,31,29,21,30,,25,29,37,37,39,46,45,32,33,28,28,25,24,29,32,17,26,29,28,44,37,31,31,33,42,47,58,60,60,54,23,28,51,32,18,44,43,42,41,28,29,,36,29,33,30,38,51,42,52,46,28,46,,35,45,42,32,29,30,60,50,39,33,43,68,33,27,34,42,37,33,36,27,34,28,15,21,26,34,33,25,44,42,27,29,30,25,31,,31,36,25,8,6,8,11,43,38,,,41,,28,47,,21,31,20,13,6,8,17,19,12,19,13,15,11,12,10,53,43,27,42,,4,54,66,4,52,6,11,5,6,6,5,2,5,3,15,17,20,22,19,19,14,35,17,41,59,98,55,54,,50,43,21,86,65,74,69,68,74,64,101,118,61,152,119,69,99,106,76,83,21,19,25,28,17,27,27,30,28,5,8,11,9,13,13,13,14,52,8,4,3,2,,10,3,6,5,2,5,4,6,5,5,4,6,10,8,5,4,8,2,7,10,14,14,6,5,6,6,5,6,8,11,12,14,13,17,12,6,5,4,,10,9,15,4,8,5,4,4,4,8,3,6,10,,21,15,15,22,18,18,13,21,5,2,3,4,10,6,11,7,18,10,20,16,15,14,21,21,6,,18,18,18,21,12,12,17,9,9,,9,11,49,58,54,35,28,51,57,36,54,14,8,10,11,25,18,10,10,14,5,6,,4,74,52,42,51,24,60,38,63,18,44,87,61,43,46,63,20,80,74,29,44,38,37,231,356,270,292,467,378,,14,34,17,27,11,25,42,30,87,61,,24,64,24,15,32,20,9,137,3,37,96,96,37,152,84,40,28,14,15,31,61,59,42,46,36,19,144,52,36,33,38,498,371,285,157,7,4,5,2,89,70,105,42,55,65,69,,62,69,67,,62,62,29,78,73,71,69,,78,76,55,43,110,22,81,28,41,,32,43,109,129,,119,,146,172,25,42,59,,50,60,52,,16,52,27,51,54,71,,17,11,8,9,13,19,12,8,11,11,10,9,16,11,8,15,8,11,10,14,32,6,2,6,7,7,8,4,3,6,5,6,6,8,10,16,6,7,4,3,7,1,3,21,13,15,11,9,9,34,29,34,37,85,84,59,113,79,167,166,,143,144,41,63,84,120,48,54,68,30,101,82,65,23,78,18,9,80,100,153,128,80,83,87,52,104,148,107,121,87,88,362,174,157,410,291,114,31,175,,64,229,26,35,37,36,28,,25,13,67,118,10,81,29,47,81,76,21,15,31,21,73,25,21,29,43,8,34,27,35,20,27,16,14,29,2,27,43,23,31,68,81,144,94,90,99,85,147,203,154,182,233,36,58,39,55,151,172,156,226,55,45,42,49,165,160,145,83,23,26,26,34,31,55,73,51,12,51,14,28,19,16,22,24,38,40,11,9,16,11,6,21,46,11,23,,8,10,7,12,18,15,,21,15,3,4,7,10,11,10,15,17,9,16,9,9,79,234,77,59,14,22,17,15,8,21,14,9,6,4,10,4,8,8,7,5,52,7,37,24,33,,38,9,5,19,62,34,30,55,62,81,86,40,270,182,55,44,48,60,62,60,,70,49,24,76,67,52,35,33,79,5,,362,407,642,257,7,7,8,3,9,20,4,11,88,98,55,59,77,98,58,50,46,59,121,108,126,107,135,59,78,153,170,174,22,18,37,44,74,93,33,25,33,29,29,,29,21,29,48,26,26,47,,57,49,73,53,40,41,47,35,35,,17,21,29,21,18,21,20,,,59,32,13,18,13,38,17,46,34,59,39,7,11,7,178,163,66,192,192,204,103,112,200,152,85,153,,,189,232,187,,108,403,53,117,54,91,,119,43,33,,12,13,5,16,9,117,206,200,51,56,27,9,7,47,184,14,20,19,80,156,60,129,76,59,125,117,89,137,122,115,144,62,48,46,19,86,94,94,45,41,96,140,54,152,14,13,9,6,47,48,68,23,11,25,15,26,19,67,,45,34,37,29,37,30,31,46,24,18,46,25,8,,40,49,59,55,86,90,25,12,23,23,6,44,49,31,,4,28,48,50,52,32,26,26,20,11,8,28,10,17,26,1,26,30,10,4,11,8,38,27,30,,17,22,15,40,22,,36,28,,23,8,11,5,27,18,29,2,11,7,8,4,7,5,6,6,,13,16,13,6,4,8,9,8,8,4,17,3,7,6,5,1,27,54,28,34,4,15,31,31,25,54,42,41,32,26,12,20,14,13,36,7,22,18,17,22,19,14,63,24,,24,14,16,9,4,24,18,22,263,101,99,99,122,121,123,29,37,34,32,47,57,57,54,76,73,39,73,,41,79,50,17,28,19,22,57,64,56,32,22,15,247,2,23,18,25,36,82,92,60,38,26,24,44,40,23,34,29,52,48,17,28,2,4,7,4,30,29,192,17,14,16,19,24,18,26,19,14,19,14,29,22,1,16,28,29,28,7,15,20,4,31,19,14,20,13,12,27,24,85,36,27,33,23,28,41,8,9,73,23,11,41,9,5,5,5,2,18,10,21,13,17,19,24,8,4,13,12,18,17,,11,15,17,21,16,11,16,17,31,33,20,15,9,5,6,14,9,27,14,7,9,8,8,3,17,18,10,24,8,7,,12,9,59,47,73,76,18,19,11,8,1,5,10,9,4,18,14,20,19,12,7,2,17,,12,37,145,186,319,7,11,,13,,33,56,46,17,31,15,31,16,23,9,27,,24,23,6,18,41,1,19,5,3,12,5,2,16,15,4,5,12,2,4,3,3,8,14,11,12,10,6,18,6,1,7,4,7,10,3,74,69,16,30,13,7,32,33,21,29,17,57,41,36,29,58,26,28,25,126,53,,46,37,34,30,55,95,26,63,19,29,59,217,115,123,27,30,,52,60,18,50,39,31,12,52,6,33,182,426,331,11,47,100,68,39,31,18,16,3,4,1,53,74,20,38,16,7,2,15,43,18,57,86,66,95,45,4,3,74,20,35,29,45,8,461,3
20160203,13,SO2_24h,22,14,16,18,15,16,32,14,11,21,22,31,,66,67,56,44,28,62,,42,48,46,49,20,55,,113,100,67,111,103,98,63,46,51,40,51,56,53,72,109,64,87,66,117,127,174,129,127,119,103,114,99,136,39,34,42,58,29,29,24,23,46,29,47,42,43,56,124,96,126,88,83,81,137,133,170,134,62,,117,125,153,116,138,112,325,46,93,49,76,65,30,61,25,73,83,78,,127,299,95,138,339,,227,145,113,102,106,75,49,90,63,93,15,168,150,73,81,106,41,48,50,29,48,62,64,60,,128,165,25,117,128,71,80,90,30,28,29,28,22,27,24,28,31,23,29,30,39,32,22,29,19,19,22,25,27,30,18,24,29,23,28,26,31,24,21,51,52,82,43,79,51,35,30,47,38,16,31,21,31,29,30,37,,28,29,34,34,37,34,27,36,40,32,43,,30,43,33,24,27,25,45,32,34,28,37,63,26,20,26,26,38,35,36,29,13,12,10,15,9,16,17,17,25,15,12,24,20,31,26,,22,25,20,6,3,5,11,22,18,21,,18,,20,36,,14,17,12,17,15,10,11,14,11,28,11,12,8,10,7,40,29,27,23,,11,34,35,4,29,6,11,5,6,6,5,2,5,3,22,22,16,18,25,21,9,26,21,40,90,44,72,69,,75,57,9,63,49,59,45,55,66,52,81,56,37,67,73,34,48,62,44,48,13,16,24,21,22,27,23,27,22,18,9,14,10,13,16,14,16,59,10,7,3,2,,10,2,4,5,2,6,4,13,5,5,5,5,9,8,6,4,7,2,7,8,11,11,6,7,7,7,4,6,4,8,9,8,7,12,11,7,5,4,,6,6,12,3,8,6,4,3,4,7,2,5,9,,17,18,14,17,15,13,10,15,4,2,2,4,10,6,14,11,21,18,19,14,11,18,23,21,8,,18,18,18,15,13,9,18,9,9,,9,16,30,45,33,28,48,49,54,31,40,14,10,10,7,25,14,6,13,14,8,6,,8,41,32,27,38,10,46,30,38,16,42,35,29,17,34,34,18,35,43,25,40,28,20,98,102,159,128,133,153,,7,13,27,21,39,14,81,37,68,56,,85,47,31,22,45,27,15,83,4,60,87,72,51,85,84,66,49,24,18,42,63,80,59,73,97,77,96,158,44,44,30,100,127,101,135,7,5,7,2,115,80,105,84,101,86,60,,103,84,57,,66,66,43,49,110,114,98,,115,91,93,62,62,31,71,34,58,,42,36,50,130,,99,,108,67,60,65,78,,109,66,48,,50,42,45,110,114,89,,17,9,8,7,13,18,18,10,9,6,8,6,11,10,7,11,6,10,6,7,20,5,2,6,7,7,7,4,2,6,4,5,5,6,7,13,6,8,3,2,2,4,3,36,15,23,11,9,9,46,40,50,43,162,99,57,226,184,267,260,,202,262,59,79,80,124,55,100,97,104,206,175,174,57,176,55,46,171,94,102,99,107,75,100,52,81,90,49,55,40,141,109,176,122,169,103,57,105,125,63,178,217,61,36,79,47,35,,19,56,107,68,15,78,38,66,79,74,18,38,21,27,38,28,17,25,36,7,30,16,31,18,16,38,39,37,24,40,23,41,28,88,68,70,85,69,77,39,107,175,112,143,154,48,64,41,53,70,85,67,78,43,45,44,58,71,53,81,43,15,18,12,21,21,54,96,50,20,23,16,37,16,16,18,32,17,27,10,5,10,7,4,20,19,16,18,,8,11,7,8,17,17,,24,13,3,4,6,8,11,8,18,27,15,30,20,11,36,94,43,36,9,17,12,14,8,12,15,10,7,24,10,8,8,7,7,13,31,6,35,22,30,,35,14,23,19,28,18,12,43,56,38,44,33,47,85,135,25,15,30,28,30,,40,24,14,41,39,22,56,23,77,17,,198,275,193,96,5,5,6,2,9,22,4,13,95,106,42,43,120,76,51,42,38,38,134,67,83,51,58,42,19,48,82,95,18,24,29,39,35,46,28,20,41,29,30,,21,17,26,36,26,27,34,,44,41,55,29,19,30,28,21,22,,17,12,7,11,10,13,12,,,61,126,25,17,15,43,22,46,32,34,34,8,9,8,181,200,149,198,216,166,202,232,350,233,126,67,,,129,183,179,,232,282,48,65,36,82,,146,211,141,,42,45,16,9,4,36,161,36,27,59,35,15,8,31,44,32,41,31,106,131,141,147,94,42,74,60,91,131,63,82,81,181,40,79,42,86,74,71,59,58,87,133,98,110,38,24,23,15,30,38,19,33,17,47,19,16,23,49,,32,27,34,23,19,23,9,38,23,11,39,18,5,,36,55,50,41,98,79,48,24,19,24,6,33,44,25,,5,23,34,31,12,36,38,45,39,19,18,41,28,35,54,2,36,46,12,6,11,7,24,20,50,,23,36,15,48,16,,20,17,28,30,15,16,11,20,11,25,3,4,6,6,2,8,10,6,6,,10,16,7,7,4,6,7,6,9,5,5,6,6,6,6,5,21,37,21,8,4,12,24,24,16,47,20,26,19,19,14,25,18,17,29,5,18,18,8,18,10,10,31,21,,14,14,12,16,18,14,18,14,80,75,60,59,87,65,90,53,55,54,61,39,35,37,40,68,78,35,64,,28,49,29,29,42,40,40,32,49,55,8,16,9,105,2,13,10,23,20,52,58,31,22,26,28,45,59,30,48,30,26,21,13,19,5,7,6,7,32,20,37,8,9,13,16,16,14,16,15,10,23,14,23,21,3,7,28,35,34,11,15,17,4,26,12,12,16,10,10,31,20,53,62,16,20,31,24,12,9,6,24,19,12,38,10,5,6,5,4,33,12,20,17,26,20,27,8,4,13,7,15,16,,9,14,16,21,14,8,12,15,27,18,17,12,10,6,11,13,7,26,22,12,14,14,17,3,21,12,7,29,12,11,,15,8,13,19,17,29,12,24,12,6,2,4,7,7,5,16,11,22,16,12,14,4,18,,9,21,34,35,71,8,12,,15,30,36,48,46,53,27,12,21,17,28,10,23,,20,32,11,18,44,3,11,5,3,12,27,2,15,14,14,18,18,17,4,3,6,7,13,7,6,3,6,13,4,6,7,5,6,11,3,59,42,11,22,10,7,19,20,15,23,24,82,89,67,13,41,21,30,29,46,23,19,55,22,65,48,82,114,48,45,32,15,20,179,72,88,45,19,,23,38,35,36,25,39,12,33,5,35,156,167,136,28,122,75,24,32,16,21,14,6,6,2,35,52,24,34,17,19,2,11,14,11,54,103,46,37,40,6,27,52,14,16,21,33,10,221,3
20160203,13,NO2,52,11,58,76,68,60,55,39,13,51,59,55,,54,44,56,50,49,40,,52,70,34,54,47,30,,49,63,50,47,48,53,37,32,29,31,34,22,33,15,43,26,72,16,185,182,178,135,87,40,52,76,50,92,18,23,20,31,13,50,50,40,18,21,32,45,26,55,47,44,52,52,41,50,116,101,100,110,39,,17,48,38,57,47,48,70,17,31,67,45,39,34,27,24,59,39,36,,45,56,35,54,46,,28,25,32,28,22,26,22,31,25,49,14,41,37,47,35,43,19,16,25,22,22,38,39,138,,75,79,76,36,77,59,55,48,59,71,72,57,26,69,,57,44,35,68,82,34,41,29,60,40,28,39,57,78,67,63,56,54,40,95,56,31,34,52,36,16,20,39,31,42,15,45,28,29,16,36,28,12,44,23,72,,45,65,68,61,48,55,55,66,41,26,50,,16,30,25,29,46,29,63,26,20,24,26,12,21,33,24,31,42,25,25,24,39,48,17,50,53,37,61,46,41,47,32,30,36,20,38,,36,34,30,18,18,22,23,49,41,,,31,,45,42,,25,36,23,11,6,16,27,24,16,23,6,6,22,20,5,53,57,37,60,,13,33,15,13,14,12,17,22,23,21,16,6,18,19,30,25,21,12,25,54,15,33,30,15,31,19,65,40,,33,37,34,46,70,84,37,24,65,2,61,107,88,87,76,79,90,72,73,33,19,31,54,23,14,31,49,25,31,13,29,54,13,33,7,34,38,25,23,14,41,47,,16,22,34,11,43,6,31,7,34,43,37,38,21,15,46,8,22,19,19,30,39,25,23,28,31,20,29,30,17,23,8,30,23,23,24,20,36,16,,21,18,18,13,10,12,14,17,15,8,19,19,11,,33,25,46,31,14,11,46,28,9,10,12,14,7,18,57,45,56,51,36,52,42,64,59,47,45,,63,50,50,71,36,57,54,58,59,,71,33,32,39,50,22,13,44,39,28,37,14,9,,12,17,28,21,8,31,7,9,,4,75,122,112,74,48,47,108,60,54,78,43,83,59,85,48,32,58,43,47,39,40,23,35,88,28,72,90,86,,111,62,110,123,88,40,45,44,51,41,,26,27,17,29,20,10,12,32,56,17,60,36,15,59,24,17,15,10,7,17,23,36,29,47,12,14,36,18,29,25,21,45,82,64,38,21,29,23,14,46,44,62,36,29,33,28,,35,38,33,,47,27,23,29,32,43,41,,35,35,27,16,26,29,21,13,42,,30,26,38,33,,49,,50,20,22,12,57,,36,34,33,,28,30,23,34,40,38,,14,10,11,9,9,16,18,12,13,24,18,17,18,8,14,7,16,17,22,19,17,22,11,27,9,10,8,18,17,15,22,25,25,19,36,16,7,7,17,15,15,21,15,12,10,10,14,13,14,18,17,19,11,34,29,17,20,30,51,39,,79,40,28,54,43,66,16,29,38,11,41,28,22,8,20,16,9,50,54,63,67,58,42,53,42,55,98,72,90,47,47,112,63,75,128,105,79,14,88,46,21,60,18,27,20,27,14,,10,11,46,28,16,11,22,29,22,55,14,16,36,14,29,29,17,18,10,10,12,24,19,18,22,30,37,38,26,22,27,14,16,61,59,90,87,61,11,28,69,110,89,115,119,44,30,40,49,74,55,43,60,45,42,68,38,66,58,58,41,23,41,33,26,22,27,32,19,8,30,14,11,25,14,40,13,25,41,1,42,28,16,9,14,34,20,32,,18,11,18,13,20,6,,15,16,8,8,37,58,40,49,26,28,41,43,21,20,41,79,30,31,40,42,46,58,20,46,41,69,17,26,39,21,18,9,15,42,34,13,41,19,28,,28,12,7,76,124,135,164,29,44,38,33,20,59,56,52,44,51,73,80,56,,79,79,42,56,65,44,10,6,13,27,,20,58,62,29,47,15,9,80,35,36,25,28,50,65,30,30,44,52,21,30,98,37,74,40,67,39,45,110,57,27,67,50,11,17,20,25,18,32,43,41,38,33,28,,26,39,59,52,35,36,13,,60,68,72,30,27,55,33,32,27,,10,8,61,24,13,15,24,,,34,28,27,19,18,16,17,27,33,27,19,18,23,20,64,55,42,43,49,49,35,38,51,25,35,36,,,34,69,68,,38,126,44,23,15,23,,16,22,12,,6,11,8,29,13,38,38,59,30,33,12,4,4,8,20,7,13,10,21,39,16,38,21,40,61,59,40,60,64,57,70,16,20,14,23,48,45,37,20,21,58,66,20,51,16,8,13,6,72,70,33,8,37,24,10,23,27,21,,17,22,30,15,45,21,33,29,24,19,34,12,10,31,16,78,38,43,59,54,10,7,9,9,31,45,18,22,,14,22,18,35,22,48,37,20,13,13,10,28,15,10,26,12,47,40,53,21,35,20,24,23,17,,15,35,35,15,20,,22,8,,11,12,15,8,21,20,23,29,5,28,23,4,9,13,13,14,2,8,8,13,6,14,17,19,18,15,22,4,2,10,10,10,2,9,8,7,4,3,12,18,21,23,15,21,10,12,14,7,10,25,18,18,24,29,20,23,16,27,31,37,26,,18,16,18,15,12,19,22,17,106,64,55,42,69,74,62,21,33,40,24,48,44,42,37,57,33,41,18,,13,18,23,12,8,23,14,11,43,27,26,26,27,23,26,11,35,31,28,45,38,31,18,33,32,43,30,22,35,22,39,27,23,29,10,6,10,11,41,20,19,39,31,39,26,45,34,45,52,14,17,13,28,32,54,55,35,55,51,8,16,30,25,28,18,12,28,12,12,16,9,41,14,10,24,37,8,47,23,13,55,45,7,11,17,14,13,11,12,21,13,26,10,8,20,21,9,17,18,7,11,15,,8,17,14,5,18,12,13,61,68,59,63,6,22,18,34,21,24,37,29,29,43,27,36,12,33,35,37,7,42,50,,24,11,71,55,62,60,3,38,44,10,41,49,60,32,13,15,27,25,19,5,7,13,21,,14,26,35,37,50,17,18,,25,,33,20,27,16,27,13,42,26,12,19,37,,21,22,7,23,26,2,2,10,4,9,10,15,8,14,6,4,9,8,6,,6,6,6,20,32,18,9,2,16,15,21,3,4,9,4,10,11,15,19,3,8,32,52,69,32,13,60,37,38,24,37,27,25,20,43,35,8,36,79,17,17,24,22,27,37,28,52,21,27,37,38,29,41,,59,21,22,37,24,10,7,14,12,6,16,55,77,17,13,17,23,21,24,56,51,12,14,3,92,93,26,18,26,19,21,43,46,47,27,14,75,87,48,16,4,30,53,49,52,21,10,56,46
20160203,13,NO2_24h,62,12,62,78,68,69,73,41,28,51,61,57,,80,75,79,85,87,81,,83,84,68,88,63,74,,62,69,53,74,68,66,27,73,76,61,81,67,82,47,60,61,72,62,105,107,113,98,100,94,90,89,90,141,15,27,27,39,16,48,53,55,40,28,74,74,63,86,106,83,82,66,71,68,80,77,81,78,35,,23,40,39,48,36,47,68,50,38,60,61,46,61,58,44,57,63,62,,62,94,46,83,84,,74,58,66,53,49,39,35,43,28,60,10,81,70,78,62,73,24,31,57,44,54,39,51,102,,121,105,93,54,109,53,70,68,44,78,73,70,60,65,63,63,63,71,85,98,73,92,58,37,79,90,44,78,97,78,80,77,85,83,56,56,50,41,58,53,22,32,57,73,88,57,85,69,58,69,62,20,20,79,38,84,,50,82,79,70,83,78,65,93,77,51,73,,41,65,67,34,64,56,72,60,49,54,68,20,39,48,36,53,67,26,55,66,53,54,14,64,32,64,68,61,65,49,25,61,59,52,54,,36,52,53,21,22,37,21,43,43,53,,45,,64,50,,27,32,21,32,23,28,36,28,24,25,9,17,25,18,18,120,80,97,88,,15,76,20,18,17,10,14,21,22,17,17,8,26,25,51,29,19,21,34,52,15,52,39,15,59,48,90,68,,66,49,24,45,66,46,28,27,79,11,85,78,71,61,72,59,63,70,66,40,43,76,87,67,57,69,72,69,75,16,39,70,29,42,45,44,57,44,47,18,39,30,,16,23,30,12,40,7,30,16,32,40,34,37,15,17,46,14,21,15,18,23,45,20,33,19,25,17,28,29,13,23,7,32,23,20,26,17,30,16,,20,16,16,13,17,15,10,15,16,9,22,19,11,,33,33,56,26,22,24,33,31,7,13,11,16,6,24,55,49,52,45,50,37,44,44,69,58,38,,68,48,50,55,43,43,48,41,46,,55,37,20,32,27,16,25,41,35,21,35,30,31,9,20,33,55,46,8,50,43,10,,24,75,72,76,82,40,73,84,79,57,68,36,82,48,85,75,24,70,61,61,47,46,13,21,59,41,43,48,54,,97,77,106,115,95,52,51,47,57,55,,47,43,32,39,39,9,22,46,29,49,54,54,39,63,60,48,38,22,30,46,52,55,55,46,37,47,46,61,64,55,30,36,59,74,50,21,25,20,11,72,74,90,76,76,66,45,,75,69,48,,68,58,42,45,64,85,71,,66,59,56,50,46,50,35,50,64,,39,48,57,53,,74,,61,60,55,34,90,,94,67,73,,43,38,48,72,78,64,,16,11,13,10,17,16,22,18,14,14,20,17,16,10,15,7,16,19,19,19,9,20,9,20,9,10,9,19,15,12,22,22,25,14,21,17,10,11,14,8,13,17,17,19,19,20,20,28,23,43,31,38,28,56,44,27,38,43,70,47,,100,61,26,61,39,64,15,29,75,27,75,53,30,17,47,25,17,66,47,59,64,83,60,66,32,67,63,50,61,40,73,67,61,58,78,75,46,48,65,49,51,67,57,41,57,49,40,,10,39,59,37,28,21,32,49,42,65,18,29,29,25,34,41,49,86,45,66,54,58,54,55,29,43,48,51,17,26,30,18,5,73,59,71,75,48,9,39,67,82,60,81,76,52,40,52,54,63,53,54,34,57,62,53,53,64,50,52,39,38,47,43,21,38,61,73,40,15,36,43,23,40,20,47,23,30,40,2,27,26,13,11,13,31,17,28,,15,11,17,12,27,14,,25,20,14,11,25,42,33,43,35,32,40,44,38,20,44,36,27,28,30,27,37,43,18,27,36,79,15,27,36,14,27,19,25,52,32,30,31,19,21,,30,28,21,63,67,77,86,42,63,45,37,31,45,41,80,34,41,59,57,64,,56,63,39,54,60,51,23,9,23,33,,24,61,44,22,34,14,9,48,31,47,45,27,74,73,33,36,78,69,50,75,145,52,76,57,82,53,48,51,52,17,69,55,23,24,39,46,22,36,47,61,41,56,63,,33,58,72,86,64,58,37,,63,81,69,59,46,77,69,39,33,,23,28,56,40,27,26,32,,,45,47,39,37,20,45,51,42,43,31,24,32,35,44,67,62,58,52,57,40,56,58,58,34,49,24,,,27,74,55,,64,124,41,20,16,26,,18,69,56,,30,42,25,24,18,32,62,31,34,65,29,19,14,9,15,25,31,12,40,50,36,51,37,37,56,42,59,63,47,46,60,40,27,33,35,66,52,55,44,47,67,71,47,53,25,17,23,13,40,54,21,13,61,50,14,17,36,35,,20,25,33,15,40,31,24,43,46,28,40,11,12,46,14,34,23,14,57,46,41,13,29,52,21,51,56,47,,16,53,46,48,34,94,62,49,49,42,41,57,46,43,61,16,83,68,41,23,16,34,74,73,41,,31,63,39,21,33,,26,15,72,32,27,47,27,63,36,69,28,9,20,14,10,12,14,13,12,2,12,11,14,9,14,15,15,12,11,19,5,7,10,14,16,7,19,32,23,17,8,21,27,24,34,18,29,12,25,25,7,9,28,17,23,23,30,23,27,20,33,22,35,31,,30,28,26,35,11,20,38,19,88,68,71,30,76,65,54,47,97,55,47,54,47,48,46,55,43,48,52,,34,38,53,31,20,38,33,56,43,49,36,21,32,37,43,7,31,31,34,24,36,35,21,47,36,49,51,45,49,25,69,51,43,46,15,20,22,21,47,22,21,21,21,36,29,50,31,43,44,12,24,24,29,26,49,58,39,54,58,17,16,30,19,23,13,15,27,15,20,21,21,26,26,23,18,53,10,16,30,9,27,25,11,9,15,17,24,11,11,18,15,29,10,11,23,15,9,22,24,9,20,14,,14,33,40,30,33,13,14,62,61,56,65,7,30,23,39,22,18,32,38,37,50,42,39,10,28,21,31,8,35,30,,18,25,48,43,49,58,8,36,39,18,11,37,43,32,12,13,26,19,20,9,15,16,24,,13,27,41,40,60,15,19,,23,28,33,22,25,24,19,10,33,22,12,16,39,,21,60,21,18,24,3,3,12,15,20,19,18,11,16,15,13,16,11,12,,20,7,11,26,29,4,10,2,19,23,19,16,22,9,3,18,41,7,16,4,7,28,47,56,45,42,67,66,64,20,35,36,36,32,34,20,6,39,47,37,42,40,35,51,51,35,49,18,28,29,38,41,24,,46,34,29,43,19,10,10,15,12,10,39,57,89,18,30,35,22,35,37,51,50,15,14,3,76,102,29,11,28,32,13,50,45,42,38,19,56,44,36,22,11,43,72,66,65,25,24,43,38
20160203,13,O3,31,78,30,24,32,24,31,46,42,53,39,31,,50,51,93,78,72,73,,70,50,38,64,38,97,,44,42,45,56,47,46,69,76,78,75,79,88,71,34,62,20,46,38,7,124,27,66,53,74,76,33,79,55,82,82,85,78,77,47,46,54,73,82,68,71,77,55,76,69,70,72,89,61,16,25,21,28,23,,36,19,22,23,16,46,28,63,45,34,25,27,58,50,66,44,73,65,,71,49,80,61,58,,88,82,79,77,68,81,93,77,76,65,104,76,81,48,71,71,88,118,52,83,102,41,63,21,,42,32,70,58,63,74,41,69,67,60,58,96,115,64,,81,84,97,90,,113,119,109,93,94,96,89,72,73,51,72,77,84,100,59,88,94,100,85,102,124,78,122,110,75,87,66,60,102,115,97,93,105,127,95,80,,97,79,83,89,61,65,77,92,86,95,90,,93,109,144,99,113,116,109,160,83,123,126,109,110,103,109,111,147,143,86,106,117,80,129,74,96,67,70,89,115,100,110,123,108,124,115,,125,117,108,80,82,83,78,86,96,,,125,,106,117,,117,126,126,126,112,100,81,96,106,111,132,90,95,95,87,110,82,57,73,,93,106,116,95,94,55,60,54,34,48,66,59,21,59,71,120,98,119,106,57,119,106,106,81,95,74,71,108,,86,76,95,64,60,37,80,103,66,67,77,38,13,14,39,42,53,69,16,118,111,78,65,77,117,88,72,99,82,85,46,55,75,64,60,53,64,40,62,50,31,23,,39,44,41,70,31,53,54,60,44,31,31,36,76,46,56,85,69,61,52,49,42,40,49,43,50,41,35,31,42,54,63,28,37,30,31,34,34,41,,49,37,49,47,51,46,42,46,42,45,75,53,52,,52,45,30,46,71,66,44,64,51,65,68,48,62,55,5,10,14,8,31,16,8,5,15,14,22,,10,4,11,8,18,11,16,8,8,,12,44,53,55,38,113,115,39,58,72,41,70,98,81,87,83,77,64,71,72,81,67,,78,43,22,19,36,36,68,31,53,35,25,48,35,36,34,78,45,26,36,58,34,57,75,51,26,64,102,45,74,,3,10,10,15,14,17,42,24,43,53,,47,68,88,64,60,105,84,31,26,79,55,67,66,51,83,174,80,61,104,88,68,71,73,54,47,118,65,84,78,86,97,31,59,87,75,50,39,15,49,35,51,22,32,88,109,91,,75,71,76,,55,27,37,54,110,108,75,,42,87,77,107,109,122,109,79,74,,66,75,76,95,,88,,65,97,89,103,73,,106,106,99,,69,90,76,65,74,100,,87,86,89,88,88,48,63,69,51,40,42,55,57,60,65,29,60,46,57,55,46,17,31,19,57,60,57,51,46,49,52,41,47,66,53,75,65,53,42,48,48,43,59,28,12,40,68,38,52,96,129,172,81,60,47,68,43,47,71,63,,72,72,33,44,38,65,33,24,48,66,77,76,53,41,26,34,90,37,61,36,43,48,35,64,80,58,33,61,22,70,65,15,28,25,13,22,58,85,66,89,89,67,109,95,116,107,127,,135,81,43,49,68,70,66,71,64,69,145,86,56,57,32,67,127,95,108,32,107,93,110,52,30,61,24,55,40,90,82,97,70,73,26,51,45,46,49,65,46,32,40,27,15,46,98,121,90,41,67,50,51,75,91,85,88,33,30,44,42,101,88,76,73,93,131,90,113,81,65,78,111,110,78,99,98,54,51,18,29,61,76,,68,96,228,86,,44,69,55,92,100,95,,103,97,86,85,21,8,11,12,17,8,7,10,16,19,65,28,55,81,19,6,4,5,21,16,16,36,43,36,16,7,10,16,19,16,25,21,50,60,64,,74,80,54,42,14,61,23,88,90,118,107,120,46,56,53,85,41,36,25,66,,41,40,50,29,38,70,74,87,69,58,,78,48,25,49,94,79,37,36,32,37,45,58,70,51,93,75,44,56,123,133,74,149,72,60,83,95,94,84,24,79,75,50,55,84,107,79,63,70,94,59,57,91,109,,99,,87,84,95,63,35,,80,86,98,99,158,76,78,87,99,,90,126,117,64,96,110,117,,,48,43,78,108,114,114,89,74,100,27,100,56,41,55,55,64,68,75,55,36,72,71,56,60,66,7,,,25,30,28,,87,30,47,63,79,42,,31,78,55,,81,70,102,52,68,50,45,29,66,34,82,89,87,96,69,66,92,85,48,68,48,45,68,60,41,63,68,72,38,45,62,65,54,42,35,71,48,52,63,86,40,50,94,42,74,62,73,83,65,42,62,80,62,81,110,71,73,61,,63,57,83,123,45,81,59,110,121,124,139,112,20,69,120,29,47,46,64,66,50,64,117,16,63,143,129,125,,100,60,93,82,80,79,112,155,66,29,79,28,106,112,46,18,16,45,65,56,112,19,54,81,52,,50,127,30,61,22,,88,24,,69,50,,36,126,76,88,50,44,48,58,51,37,34,27,41,62,61,69,35,44,47,47,46,48,48,42,105,64,112,109,96,62,94,87,106,42,87,76,73,109,97,105,101,138,118,116,68,63,62,64,66,40,89,76,51,88,77,62,83,88,,60,48,64,58,85,112,115,97,50,45,64,40,28,43,23,86,102,84,91,80,41,102,89,108,102,122,115,,102,108,124,110,118,103,120,100,90,78,78,81,122,40,78,112,46,70,103,66,36,69,67,108,96,69,113,117,60,107,91,75,96,123,91,104,96,114,92,55,204,31,19,54,46,41,53,42,30,86,79,94,90,81,78,63,92,61,64,49,36,40,55,22,72,87,50,92,90,63,56,41,67,66,104,88,113,70,94,42,10,17,70,55,50,54,58,64,30,60,69,72,56,56,32,54,60,70,55,59,67,51,,90,78,113,76,66,78,68,8,11,7,9,22,25,10,24,17,14,11,13,23,17,21,13,48,33,15,27,58,30,26,,15,41,41,26,87,81,30,15,80,16,31,19,11,23,21,32,27,13,30,45,69,70,31,,102,70,70,76,80,162,16,,89,,57,53,52,54,61,80,16,23,29,49,56,,82,165,109,56,81,80,40,109,61,80,67,122,74,87,48,58,47,44,50,30,79,81,68,65,74,30,32,61,53,74,80,52,72,105,89,21,35,10,46,86,74,36,21,19,39,81,75,69,73,29,44,49,88,88,16,29,35,44,16,62,59,68,70,82,91,64,47,59,48,53,32,22,26,,18,59,67,45,115,99,93,82,14,5,74,32,47,39,80,52,35,31,68,23,,29,27,100,11,104,54,26,53,86,40,34,24,15,42,46,18,18,43,74,92,59,43,43,53,33,36,69,35
20160203,13,O3_24h,52,89,62,55,69,52,65,76,52,68,77,69,,52,51,93,78,72,73,,70,67,39,69,45,97,,68,79,80,67,65,71,88,88,86,86,89,100,85,36,91,40,87,38,83,124,73,125,102,76,83,69,79,65,92,90,85,91,77,80,84,79,86,86,68,71,77,55,82,82,84,96,101,77,72,70,46,71,37,,51,58,44,38,27,80,62,72,65,72,60,39,68,60,84,55,73,77,,71,51,93,62,58,,103,86,79,77,68,81,93,84,95,85,139,76,86,48,73,71,101,118,52,91,110,43,81,43,,42,32,70,58,63,92,46,76,88,79,84,102,115,89,92,100,90,119,102,131,127,119,144,123,114,96,101,89,89,62,91,92,90,100,100,101,94,107,85,102,124,78,122,163,112,90,91,60,107,115,102,105,110,136,95,102,,97,89,88,125,64,70,89,92,86,123,90,,93,119,144,99,113,116,115,160,83,123,126,109,110,103,109,111,147,143,86,106,117,105,129,93,106,67,100,115,127,123,110,123,108,124,115,,125,117,108,80,82,83,78,90,96,67,,125,,106,127,,117,126,126,126,123,100,81,96,106,177,132,160,95,100,91,110,82,57,96,,112,106,116,100,116,73,78,72,38,68,86,61,28,66,91,140,115,139,120,87,127,120,113,84,95,97,71,108,,109,92,95,92,83,58,92,116,77,67,93,100,66,134,74,72,221,77,33,124,125,107,92,105,156,106,99,125,82,227,75,115,93,107,81,105,99,79,105,104,59,60,,60,73,67,73,62,72,69,158,53,45,56,39,92,49,60,85,71,67,53,62,42,47,49,62,66,56,48,45,50,54,63,35,46,43,43,44,49,50,,62,44,58,53,51,59,58,62,47,49,75,53,52,,60,64,30,57,71,68,67,68,64,65,69,48,63,83,55,33,55,62,55,70,40,61,27,62,61,,32,25,60,86,74,95,100,91,89,,99,85,75,82,73,125,115,54,74,104,55,70,98,81,87,83,77,64,100,95,100,153,,81,70,82,76,50,75,68,102,64,48,42,103,59,82,77,91,104,81,81,86,45,72,102,61,57,82,123,105,103,,9,17,22,25,38,22,94,64,146,86,,47,76,88,64,60,108,84,42,71,79,58,84,66,75,94,174,88,73,104,93,97,109,99,77,47,118,81,84,91,105,108,37,79,114,80,59,49,63,54,36,58,23,93,88,110,94,,77,78,77,,58,50,37,60,110,108,75,,42,87,77,107,109,122,162,79,74,,66,76,76,107,,102,,69,188,89,103,75,,109,106,99,,72,91,82,109,92,100,,87,86,89,88,88,48,63,77,51,52,52,55,57,60,65,33,60,46,57,55,46,29,40,34,57,60,57,65,60,58,52,41,47,66,65,75,65,53,42,48,48,43,59,28,12,40,68,38,52,96,129,172,91,65,49,81,46,53,73,80,,90,88,62,58,69,88,59,38,55,66,85,82,53,41,29,38,139,83,77,38,66,64,45,64,91,72,52,70,41,70,74,41,48,43,28,104,88,91,79,102,97,92,109,95,119,108,127,,135,86,44,53,72,77,74,71,90,82,148,104,70,88,33,85,127,95,108,35,107,93,110,55,30,72,43,71,46,103,97,112,89,80,30,83,77,74,58,74,76,62,76,50,49,52,98,122,98,73,106,83,83,105,111,105,112,84,63,82,94,112,98,78,90,93,133,90,118,89,77,92,111,110,101,120,110,75,78,21,85,112,100,,71,109,305,94,,53,83,62,92,100,95,,103,97,86,85,90,84,46,82,43,32,40,68,67,66,87,51,71,81,100,79,75,59,116,25,23,47,102,510,283,247,16,22,23,20,45,32,64,82,83,,76,80,54,57,95,70,63,99,95,125,115,129,84,81,71,121,73,90,69,104,,115,115,80,29,77,81,82,101,80,76,,106,84,90,97,99,89,43,100,48,55,57,77,75,51,95,76,64,67,123,133,124,149,105,73,101,112,94,84,37,100,81,62,56,84,108,79,63,83,101,59,64,91,109,,99,,87,84,97,68,47,,91,95,102,99,158,76,78,90,99,,90,126,122,64,96,110,117,,,57,50,84,125,124,128,102,75,104,28,100,57,45,55,65,116,86,75,68,40,87,81,78,81,86,17,,,56,58,43,,130,46,87,117,134,47,,32,78,69,,81,71,102,69,76,75,79,58,85,53,83,89,206,96,97,77,104,96,50,92,52,59,78,84,87,105,91,118,50,62,108,70,68,47,38,81,57,68,64,89,55,65,101,54,80,63,73,83,110,83,95,87,69,81,110,84,80,73,,63,81,83,123,70,92,59,110,121,124,139,112,64,80,120,50,74,74,82,85,50,66,117,24,73,143,136,134,,115,78,114,86,110,79,128,155,66,31,79,28,106,112,52,23,25,45,179,76,207,38,57,81,61,,59,132,40,164,24,,88,25,128,74,95,,37,126,76,88,59,50,69,74,54,61,59,50,59,78,62,74,37,47,53,51,49,70,74,69,105,66,112,136,97,66,94,87,106,42,96,86,88,117,102,105,101,138,118,116,82,80,75,84,83,69,138,110,78,88,77,62,83,88,,60,60,66,60,85,114,115,97,58,50,64,75,74,89,51,86,102,84,91,88,49,112,105,121,115,141,118,,106,113,127,110,119,103,120,108,113,93,94,123,122,43,94,112,61,76,103,102,55,87,80,112,110,84,119,123,68,119,119,92,96,123,97,125,108,114,104,55,204,49,34,96,88,64,87,80,66,105,84,114,99,99,133,107,126,106,123,163,57,60,69,33,114,131,84,128,125,109,107,105,114,108,129,124,396,131,115,81,82,106,73,133,53,57,65,64,51,65,74,84,73,61,32,72,63,70,55,63,72,53,,90,79,113,83,70,78,68,26,51,64,45,30,50,20,53,95,91,73,76,61,69,71,64,126,95,94,95,82,68,76,,39,79,53,27,87,82,46,20,124,19,58,29,24,30,75,84,84,83,89,59,89,88,40,,102,70,70,76,80,185,39,,97,258,77,69,71,55,114,121,44,55,37,69,84,,112,165,109,82,98,83,56,110,94,107,90,127,83,88,48,58,52,84,83,46,103,83,68,110,124,47,33,79,60,86,96,61,87,105,89,27,47,14,55,86,78,64,58,79,58,84,94,76,96,72,107,100,110,101,33,71,133,64,69,82,86,98,116,88,115,97,73,69,71,71,85,73,81,,38,109,82,75,115,99,102,111,32,5,79,56,70,49,80,52,44,43,93,53,59,43,42,116,30,104,94,26,67,90,71,79,48,53,62,69,60,62,91,103,93,60,58,59,80,35,40,84,65
20160203,13,O3_8h,18,52,14,9,19,7,8,38,22,24,24,14,,16,16,34,27,23,22,,22,19,16,19,16,36,,12,15,16,14,13,18,63,30,26,26,32,31,24,15,27,6,18,17,8,48,29,60,21,22,23,21,25,16,56,52,48,46,51,27,26,30,33,59,19,26,24,18,25,20,22,26,41,28,12,12,12,18,10,,22,7,8,10,8,21,12,26,18,14,10,14,23,16,30,36,23,19,,27,14,50,17,19,,27,29,36,32,32,58,52,49,40,24,66,36,49,23,42,41,73,79,29,58,64,35,38,20,,17,15,27,32,36,55,21,38,52,37,32,62,62,39,47,54,44,37,30,24,34,35,39,67,28,47,45,32,38,24,36,32,40,29,38,50,50,54,43,37,48,47,50,60,32,35,29,31,64,44,42,40,49,56,52,38,,42,32,34,42,26,27,30,32,32,62,35,,38,44,59,58,51,44,74,56,32,44,45,41,56,55,60,66,84,75,44,41,45,35,93,28,50,29,25,33,40,49,53,54,45,54,58,,66,52,55,65,62,56,68,42,39,18,,48,,39,44,,75,75,81,104,106,83,35,51,50,76,109,57,53,54,43,36,27,20,26,,32,50,45,49,51,53,51,51,30,49,61,56,15,43,36,89,64,106,71,44,70,61,70,73,50,66,37,63,,54,63,65,39,27,16,43,60,36,24,35,21,14,6,16,19,14,42,10,46,45,27,26,30,79,32,38,40,22,50,28,16,40,22,27,29,32,21,24,31,30,38,,43,46,42,60,32,46,56,72,33,25,42,28,56,40,50,61,56,52,42,50,32,39,39,44,48,38,37,35,41,44,51,26,33,30,30,35,36,43,,46,36,45,42,39,44,44,46,38,40,47,44,44,,18,18,9,23,28,29,18,23,52,46,55,38,55,61,5,5,15,9,28,22,5,15,10,14,22,,9,2,13,7,17,12,21,12,12,,20,35,52,46,37,118,89,33,50,64,30,36,46,60,40,33,30,21,42,30,32,49,,56,20,25,16,20,18,28,15,21,22,16,24,11,18,17,38,54,8,11,14,15,36,42,48,13,32,52,29,51,,2,2,6,6,8,13,27,14,22,29,,17,32,47,29,25,99,41,17,19,40,29,24,41,20,26,108,56,38,45,49,33,32,40,27,22,54,24,28,32,37,56,17,34,55,30,43,33,14,45,12,18,10,21,32,45,28,,24,23,48,,32,12,19,28,38,43,33,,19,40,35,52,45,82,73,25,30,,39,28,34,43,,31,,23,68,47,70,23,,28,32,29,,62,65,44,28,34,43,,67,63,73,74,68,21,25,26,25,27,20,31,34,34,40,18,38,29,34,31,27,11,28,19,38,40,37,50,47,47,46,40,41,62,56,66,40,28,20,21,20,17,32,23,10,24,20,12,18,63,95,122,37,20,27,42,20,18,22,27,,37,21,16,18,16,38,12,13,15,25,26,19,18,27,22,27,80,12,54,27,31,23,20,40,66,18,23,51,18,45,25,17,10,10,10,16,52,42,56,49,34,34,47,78,54,74,83,,117,44,21,19,41,28,28,25,30,35,100,57,45,43,30,32,64,48,89,25,34,32,40,32,17,24,9,23,23,44,37,50,83,25,11,30,21,18,22,38,14,18,17,15,7,29,60,89,56,16,24,14,41,28,31,30,29,13,14,21,11,37,35,26,32,40,57,38,61,27,36,40,49,42,39,60,44,34,24,18,27,39,32,,62,80,147,74,,44,61,46,72,62,75,,67,83,58,58,18,13,10,12,15,4,6,7,12,15,16,14,13,25,10,7,6,6,22,15,12,36,41,29,17,8,7,13,15,14,19,19,49,72,58,,64,40,33,19,10,16,12,59,35,64,64,68,20,20,14,64,19,13,8,22,,18,13,26,16,20,22,60,81,52,57,,30,22,12,27,88,80,37,18,34,29,34,45,24,48,64,58,12,22,54,45,63,60,21,15,35,33,54,48,6,40,31,19,24,67,47,34,17,21,54,26,39,43,56,,56,,44,34,45,20,18,,46,45,54,40,83,26,39,40,51,,62,105,88,36,59,47,58,,,17,25,44,60,85,54,38,47,65,19,61,35,18,30,42,31,23,26,25,28,24,22,22,22,23,4,,,9,15,20,,33,14,21,30,21,15,,19,32,18,,48,33,67,48,59,37,20,30,27,16,77,85,102,89,79,60,81,87,20,18,30,18,28,47,19,48,28,38,26,31,47,38,36,14,22,52,39,32,26,38,12,20,42,22,52,48,53,59,49,20,47,62,32,50,88,56,46,19,,46,57,69,102,26,48,30,57,75,89,87,88,20,22,89,35,45,54,37,40,21,55,68,18,43,95,56,76,,39,27,48,34,37,33,72,88,47,18,38,16,63,54,22,20,16,20,101,47,44,24,32,42,27,,33,66,19,106,21,,49,15,,45,43,,17,98,51,69,44,44,48,62,45,34,34,31,38,56,57,69,35,34,37,36,34,40,43,38,74,30,53,66,42,42,39,36,50,17,53,33,38,40,33,46,45,61,42,39,60,56,52,58,62,16,37,33,28,49,36,33,41,44,,27,25,30,30,52,65,63,55,26,22,25,15,7,17,8,60,65,51,52,44,25,53,45,55,50,73,65,,49,63,61,71,87,69,78,35,62,40,32,37,50,22,35,99,17,25,41,50,22,41,43,74,65,40,58,66,25,62,32,26,58,69,46,51,35,60,34,28,56,11,7,18,25,14,19,18,13,41,29,37,36,34,44,37,51,33,30,40,35,41,58,25,38,40,23,55,42,24,20,20,29,39,68,36,47,43,28,17,10,9,61,56,46,52,55,61,28,50,62,60,56,42,23,47,49,55,38,17,23,49,,46,42,53,37,28,50,44,8,8,5,7,19,22,10,22,18,15,10,15,32,28,25,22,40,34,17,29,50,28,27,,14,17,27,15,44,43,34,11,87,12,38,12,4,7,21,23,21,16,24,32,41,45,25,,56,26,22,20,19,113,16,,89,,66,60,58,52,39,56,22,29,32,55,47,,82,87,35,58,84,80,43,101,28,31,30,52,60,69,41,45,43,36,39,8,25,70,52,17,17,15,8,68,51,44,52,32,41,81,64,7,12,11,34,79,68,17,8,8,11,30,18,19,24,23,25,25,41,37,18,41,47,29,23,28,24,26,30,33,44,53,41,53,28,31,16,16,28,,12,32,30,18,73,54,63,46,10,4,36,12,22,31,61,29,20,19,37,19,14,20,18,86,16,71,51,18,51,85,47,20,14,11,18,31,31,37,36,65,90,46,24,27,29,10,23,30,40
20160203,13,O3_8h_24h,48,83,53,49,61,41,51,72,46,59,64,55,,48,44,83,63,58,61,,56,58,32,60,39,84,,56,72,64,62,59,60,88,70,66,64,59,76,59,32,76,30,64,28,42,52,43,95,68,56,62,52,54,43,85,78,73,76,69,60,68,62,72,80,54,64,57,49,64,67,68,82,76,62,57,51,36,59,32,,42,37,32,31,20,50,44,63,50,55,41,37,57,47,71,41,51,55,,55,33,66,34,35,,80,70,54,60,40,67,78,66,80,58,127,54,68,28,55,53,90,103,43,75,92,41,59,30,,17,18,36,40,40,85,40,57,76,63,73,88,81,72,72,85,75,94,82,108,96,74,99,114,77,52,75,76,77,52,76,80,72,66,74,81,74,78,50,88,93,58,88,96,98,72,82,36,79,93,86,88,92,113,83,80,,83,68,70,83,46,50,73,77,68,96,68,,59,75,97,80,74,76,94,112,55,84,84,78,88,80,89,91,100,83,60,66,88,82,119,81,86,56,87,98,110,93,89,90,82,95,90,,105,88,85,66,66,56,68,76,77,57,,93,,92,111,,75,77,84,104,106,83,69,88,85,90,109,109,80,88,81,83,58,47,87,,88,82,84,87,100,69,74,68,36,67,82,56,22,56,76,131,106,125,108,72,115,107,98,78,62,74,48,76,,75,78,85,81,72,53,78,108,68,43,79,84,40,70,58,65,101,68,24,104,102,70,70,77,129,79,85,105,62,100,67,103,81,94,64,92,85,68,96,96,45,51,,57,61,56,68,50,68,62,74,47,39,49,35,81,44,57,61,65,64,48,58,35,42,42,56,60,48,40,38,45,44,53,30,40,36,36,37,40,47,,52,40,53,48,44,53,52,56,41,45,48,44,46,,56,60,22,55,67,63,64,61,57,46,55,38,55,71,38,17,34,39,42,46,23,48,18,50,40,,19,16,50,56,58,69,78,69,66,,71,78,67,71,69,119,98,50,63,95,47,36,46,74,40,34,30,22,90,84,90,93,,76,51,64,62,34,56,40,82,47,41,36,79,42,65,47,69,96,63,48,54,35,65,86,59,48,63,105,94,88,,9,12,16,18,25,18,85,54,98,75,,29,62,66,48,45,104,49,36,66,52,46,67,41,58,77,108,76,61,77,84,71,92,80,72,34,86,68,59,72,83,95,34,72,107,66,55,44,46,50,29,44,19,75,55,84,76,,58,59,65,,46,37,33,53,83,79,64,,33,67,60,73,87,90,89,58,52,,49,60,55,87,,79,,54,87,66,80,53,,74,78,66,,67,75,69,53,71,84,,73,67,73,77,68,35,39,59,36,45,39,36,40,39,42,29,44,34,38,34,37,26,35,30,40,44,41,58,55,54,46,40,41,64,58,66,48,40,24,31,26,26,41,23,10,30,44,20,28,79,111,141,80,49,42,58,40,44,58,64,,79,68,46,41,54,77,45,30,48,51,75,66,47,32,24,34,85,60,56,34,49,47,35,40,66,48,40,59,31,52,50,31,34,33,21,30,69,71,75,82,70,65,89,78,94,88,107,,129,66,34,46,62,69,62,52,43,59,134,82,57,84,30,66,89,67,89,29,69,72,84,39,24,66,38,64,37,92,85,102,87,64,26,68,59,60,50,66,63,46,61,41,38,40,61,98,79,56,81,65,75,84,97,88,104,63,54,66,79,100,84,69,84,72,120,82,108,75,72,80,90,101,93,105,96,64,67,19,76,96,87,,69,103,147,90,,50,78,60,72,62,78,,80,83,59,59,78,64,37,52,36,28,35,55,51,64,61,44,56,61,83,64,59,43,61,17,18,36,91,126,84,67,12,18,18,17,34,28,58,74,71,,66,40,33,48,80,61,36,84,80,107,102,112,67,59,46,114,62,79,60,90,,101,99,66,18,58,69,73,93,73,72,,89,66,79,82,96,85,40,80,43,42,46,64,63,48,83,67,53,61,95,92,110,117,80,59,82,96,59,58,27,87,67,49,46,77,91,66,52,74,91,50,59,65,76,,58,,63,46,73,45,39,,70,71,78,73,132,55,58,74,75,,65,114,108,53,84,97,106,,,51,41,66,105,109,106,83,66,92,25,85,50,39,54,59,82,69,54,55,36,74,68,63,61,71,12,,,42,48,36,,101,37,71,100,115,32,,28,58,58,,68,53,86,66,74,66,62,47,70,39,80,85,102,91,87,72,96,90,44,73,46,46,69,69,68,82,75,85,36,46,80,58,59,38,35,68,46,54,52,69,35,42,77,40,66,58,62,74,94,76,86,76,65,74,95,81,74,68,,57,76,77,102,58,68,53,88,88,97,87,91,32,67,106,43,73,70,68,89,36,61,71,21,57,113,113,113,,95,64,102,78,98,57,108,125,54,25,60,20,89,67,35,20,21,25,144,70,136,26,48,64,53,,51,103,32,143,23,,77,20,45,64,43,27,31,117,65,76,59,48,61,72,54,54,53,48,53,76,57,69,35,43,48,46,43,66,70,66,98,56,68,83,77,54,39,36,50,18,89,76,80,104,92,66,55,69,57,58,77,76,72,81,79,61,122,96,69,55,44,51,58,54,,51,52,57,53,68,105,97,86,46,42,43,53,49,64,35,60,65,52,57,72,39,95,91,109,102,123,101,,91,96,114,90,99,80,94,96,104,87,78,108,96,36,83,101,51,66,93,89,47,68,68,99,92,73,105,107,60,105,105,82,82,108,85,99,87,98,88,78,84,42,26,87,76,55,76,67,60,97,78,106,91,91,120,96,113,92,106,163,51,57,65,31,105,113,75,114,109,95,102,96,105,100,123,118,300,125,110,81,67,92,68,87,51,54,62,62,48,58,70,75,72,56,30,69,60,57,46,61,69,51,,82,73,100,77,63,67,59,34,24,33,25,28,37,14,41,68,66,55,60,44,41,38,37,106,67,66,63,70,54,58,,32,50,32,20,60,56,40,15,110,16,52,19,16,22,68,79,70,71,74,55,84,82,36,,77,54,60,61,48,113,25,,90,214,68,62,61,52,96,98,42,53,34,66,79,,104,156,102,77,94,80,47,101,84,99,74,119,76,79,42,45,47,68,72,38,90,80,61,85,97,43,27,79,54,76,86,53,74,87,84,25,44,12,53,84,76,55,44,58,44,73,73,64,74,67,78,78,94,92,29,60,48,55,58,66,70,88,100,58,82,90,68,60,57,65,72,60,78,,31,96,73,58,101,84,91,102,24,4,61,43,50,40,66,43,41,38,87,46,50,38,38,109,24,79,83,21,60,85,62,63,40,45,53,54,47,62,77,71,90,51,47,48,67,30,33,76,57
20160203,13,CO,1.3,0.6,1.4,1.3,1.4,1.3,1.2,1,0.5,0.8,1.7,1.7,,2.075,2.318,3.78,2.575,2.948,2.474,,2.253,3.535,1.393,2.405,1.162,1.327,,0.851,2.155,0.986,0.807,0.911,0.737,1.079,0.741,1.319,0.833,0.769,1.182,1.092,0.964,1.946,2.164,1.476,0.718,10.712,11,10.767,10.06,2.573,1.535,1.962,3.973,1.766,1.964,0.64,0.683,0.414,0.678,0.456,0.993,0.787,1.291,0.508,0.612,0.785,1.189,1.015,0.956,1.727,1.285,1.316,2.274,2.247,2.288,3.213,4.054,3.236,3.836,2.06,,1.5,2.409,2.707,4.406,3.484,3.327,3.234,1.024,1.7,1.121,2.066,1.202,1.169,0.944,0.969,1.645,1.08,1.336,,1.553,1.278,1.036,1.329,1.337,,1.262,0.854,1.047,1.163,1.051,1.237,1.19,1.178,1.356,1.198,0.624,0.741,0.886,0.943,0.856,0.801,0.768,0.818,0.848,0.589,0.728,0.758,0.365,3.836,,0.696,0.118,0.851,0.993,3.778,0.099,1.19,0.435,1.532,1.417,1.267,0.707,0.977,1.388,,1.612,0.915,2.037,1.532,1.763,1.382,1.386,1.459,1.688,1.089,1.068,1.221,1.191,0.718,1.443,1.387,1.341,1.382,1.259,0.82,1.116,0.942,0.687,0.75,1.118,1.23,1.248,1.973,0.931,1.305,1.004,1.144,1.619,1.467,0.897,1.626,1.178,1.222,1.447,0.77,1.507,,1.895,2.233,1.227,1.809,1.584,2.449,2.156,3.231,1.903,1.455,1.468,,0.858,0.875,1.297,1.246,1.361,1.662,1.086,1.211,1.433,1.158,1.805,1.172,1.346,1.318,1.366,1.207,1.978,1.859,2.03,2.23,1.008,0.84,0.676,1.153,1.486,1.37,1.222,1.13,1.613,1.041,1.181,1.063,0.987,0.875,1.197,,1.031,1.163,0.937,0.749,0.919,0.781,0.802,1.128,1.134,,,1.433,,1.335,1.622,,1.095,0.875,1.232,0.908,0.64,0.689,0.943,0.831,0.872,0.957,0.81,0.963,0.854,0.929,0.736,1.15,1.426,0.917,1.218,,1.229,0.956,1.485,0.984,1.436,0.608,1.009,0.546,0.621,0.919,0.77,0.691,0.678,0.695,0.752,0.35,0.975,1,1.233,1.391,0.889,1.242,0.952,0.904,1.511,0.843,0.732,0.839,,0.762,1.545,0.958,1.571,1.326,1.51,1.573,1.537,1.935,1.062,1.779,2.57,2.544,1.669,1.53,2.102,1.794,1.404,2.048,2.152,0.793,0.876,1.049,0.909,0.771,1.033,1.765,0.901,1.043,0.621,0.912,1.813,0.78,1.315,1.972,1.085,1.449,0.946,1.441,1.252,0.74,0.832,,0.822,0.84,0.807,0.671,0.96,0.842,0.779,1.178,1.147,1.023,0.97,0.814,1.208,0.947,1.332,0.902,1.28,1.07,1.032,0.886,0.985,0.915,0.906,0.678,0.66,1.092,1.027,0.992,0.838,0.956,0.389,1.168,1.162,1.121,0.954,0.805,0.959,1.227,,0.909,1.018,1.042,0.923,0.914,1.088,1.013,0.888,1.095,0.855,1.268,1.037,1.085,,1.323,1.092,1.173,1.394,1.27,1.122,1.514,1.39,0.775,0.73,0.877,0.948,0.958,0.762,1.525,1.47,1.152,1.19,1.175,1.069,1.348,1.449,1.023,0.746,1.053,,1.449,1.436,1.103,1.278,1.388,1.66,1.796,1.618,1.898,,2.12,1.315,0.676,1.342,0.791,0.771,0.64,0.918,1.974,0.831,0.995,0.716,0.383,1.205,1.564,1.026,0.905,1.242,0.771,1.305,0.353,0.335,,0.188,1.596,3.125,2.473,1.506,2.465,2.194,2.145,3.266,3.426,2.17,1.828,2.404,2.29,2.214,1.155,1.818,1.662,1.362,1.787,2.04,1.397,2.372,1.455,3.417,2.348,1.882,3.219,3.254,,5.444,3.175,5.084,7.081,3.494,2.343,1.019,0.987,1.562,1.382,,1.043,1.052,0.869,1.073,0.877,0.559,0.673,1.18,1.872,0.762,3.038,1.949,0.861,3.137,1.479,0.949,0.587,0.423,0.436,0.612,1.161,1.296,0.131,1.274,1.13,0.989,1.457,1.229,1.015,1.336,1.097,2.343,1.834,1.911,1.473,0.813,0.854,0.857,0.657,1.602,1.837,2.649,1.201,0.867,1.271,2.091,,2.112,2.296,1.742,,1.685,2.341,2.881,3.158,0.84,1.594,2.148,,1.796,1.118,0.886,0.672,0.738,0.789,1.238,0.847,0.894,,0.851,0.816,1.223,1.726,,1.758,,1.986,1.35,0.907,0.956,1.035,,0.883,1.583,1.195,,0.518,1.035,0.936,0.884,0.963,1.165,,1.268,1.12,0.671,0.806,1.287,0.802,0.771,0.715,0.955,1.186,1.084,1.24,1.172,1.007,1.092,1.139,0.604,0.956,1.211,1.171,0.954,1.255,1.328,1.406,1.359,1.238,1.149,1.011,1.097,0.939,0.965,1.351,1.163,0.949,1.084,0.758,1.013,0.887,1.234,1.361,1.129,1.206,0.819,1.811,,0.898,0.988,1.546,1.18,1.304,1.314,1.143,2.296,2.161,2.112,1.567,1.937,2.655,4.392,3.467,,1.984,1.792,4.738,8.076,1.946,4.228,3.66,3.933,,0.873,1.47,1.596,0.798,0.308,0.927,0.471,0.1,1.159,2.428,2.461,2.881,3.033,2.66,2.312,0.983,4.028,4.901,1.966,2.513,2.624,3.339,4.929,3.158,4.182,8.416,4.964,2.51,0.566,1.497,0.806,0.614,1.228,1.065,0.552,0.582,0.805,0.533,,0.681,0.41,1.174,0.422,0.71,0.53,1.317,1.117,0.083,0.931,0.754,0.709,0.635,0.708,1.248,0.887,1.113,1.119,1.764,0.967,1.994,1.298,1.186,1.961,2.647,1.048,0.883,0.955,1.199,0.968,0.816,0.964,1.033,2.163,2.2,3.624,3.105,2.717,2.137,2.269,4.249,6.6,4.59,6.142,7.837,1.919,0.833,0.993,1.664,1.884,3.298,1.392,2.899,1.627,1.629,1.945,1.254,2.294,3.201,3.409,1.354,0.982,0.886,0.874,1.286,0.963,1.314,1.529,1.32,1.022,0.956,0.941,1.089,0.783,0.971,0.657,1.382,0.568,1.256,1.365,0.218,1.804,0.986,0.722,1.1,1.251,1.264,1.545,,1.5,1.074,1.369,1.011,1.097,1.146,,1.134,1.048,0.943,0.802,2.164,1.931,1.361,1.279,1.698,1.552,1.218,1.762,1.352,1.242,2.77,5.735,1.994,1.161,0.962,1.08,1.1,0.999,1.409,1.387,1.287,1.819,1.381,2.033,1.509,1.774,,1.959,1.226,1.232,1.642,1.524,0.943,0.254,0.981,,1.057,0.728,1.163,2.089,3.715,2.514,3.16,1.181,1.345,1.314,1.117,1.395,1.373,2.061,0.838,1.538,1.405,3.146,2.161,1.442,,2.195,2.201,1.426,2.821,3.036,1.859,1.022,0.167,1.708,0.505,,1.791,3.151,3.331,2.244,1.552,2.342,1.899,2.382,1.506,1.632,1.473,1.048,1.796,2.431,2.034,1.158,1.39,1.341,1.031,1.234,1.183,1.446,1.914,1.701,2.201,1.741,1.322,2.427,1.916,2.316,2.185,2.087,0.729,0.545,1.01,1.668,1.554,2.412,1.505,0.976,1.009,0.87,0.818,,1.349,1.688,1.857,,0.4,0.756,0.901,,2.152,2.083,1.99,1.808,1.938,1.351,1.565,0.838,1.092,,0.81,0.92,0.979,1.063,0.972,1.304,1.152,,,0.35,0.757,0.784,1.067,0.561,0.516,0.984,1.063,1.017,0.829,1.641,0.773,0.853,0.958,1.726,1.864,1.78,3.226,1.866,3.093,1.205,0.859,1.373,0.67,1.537,3.753,,,2.658,4.597,4.109,,3.368,3.377,3.884,2.594,3,3.536,,4.624,0.575,0.777,,0.613,0.698,0.539,0.733,0.442,0.64,0.31,1.434,0.618,0.92,0.541,0.363,0.08,0.151,0.26,0.74,0.819,0.469,2.501,0.557,0.872,0.646,0.647,1.677,2.834,2.622,1.684,1.254,1.495,2.148,1.301,2.177,2.437,4.057,1.48,1.266,1.564,1.256,1.604,1.236,1.181,2.32,1.12,1.512,0.873,0.494,0.262,0.489,1.612,1.497,0.841,1.709,0.451,1.285,1.266,1.574,0.811,1.755,,1.518,1.148,1.052,1.001,,0.688,0.702,1.413,1.589,1.195,0.809,1.123,2.559,1.368,0.609,1.013,0.634,0.475,1.497,1.227,0.548,0.557,1.101,1.237,1.224,1.251,0.72,1.02,,1.437,2.334,1.356,1.979,1.098,0.909,0.823,0.8,1.934,1.576,1.036,1.511,1.372,1.417,0.824,0.824,0.794,0.651,0.141,0.461,0.201,1.598,1.24,1.302,1.07,,0.631,0.81,1.317,1.457,0.246,,1.111,0.926,0.643,1.004,0.828,0.997,0.708,0.888,0.816,0.713,0.962,,1.009,0.031,0.509,1.074,0.788,0.982,0.816,0.581,1.107,0.354,1.094,0.808,0.873,1.14,0.943,0.858,0.807,0.809,0.012,0.097,0.599,0.784,0.871,1.148,1.55,1.383,1.378,1.367,0.697,0.408,1.623,0.763,1.242,0.772,0.868,0.503,0.486,0.644,1.402,1.303,1.414,1.121,1.13,1.129,1.152,0.875,1.098,0.809,0.939,0.187,0.804,0.621,,1.524,2.12,1.392,2.119,3.748,0.323,0.872,0.289,3.75,3.379,1.848,1.929,2.735,3.194,3.308,1.761,2.807,1.899,1.651,1.784,1.461,1.429,1.174,1.468,1.943,0.998,1.005,,1.184,1.006,0.922,0.503,0.493,0.446,0.777,1.069,1.402,0.118,1.326,2.501,1.751,1.321,1.551,1.414,1.293,1.319,0.704,1.24,1.515,1.105,0.928,1.658,1.588,2.141,0.98,0.722,0.896,0.864,2.168,1.236,1.841,1.017,0.446,0.642,0.748,0.48,1.4,1.507,3.383,0.439,0.688,1.177,1.528,1.376,1.538,1.546,1.814,0.992,1.03,1.04,1.098,1.048,1.348,2.091,1.056,2.214,1.372,1.649,0.297,1.109,0.808,1.61,1.233,0.909,1.373,1.126,1.454,1.016,0.852,1.32,0.788,0.895,0.981,1.444,1.856,1.031,1.863,,0.984,0.903,0.639,0.887,2.914,0.511,1.1,0.836,0.967,1.618,1.229,1.349,1.105,1.211,1.737,0.598,1.373,1.583,0.996,0.681,0.737,1.103,,1.133,1.333,1.197,1.222,1.055,1.35,1.178,1.716,2.078,2.14,2.502,1.809,1.182,2.754,1.807,1.399,1.439,1.606,1.082,1.475,1.569,1.48,1.472,1.139,1.317,1.435,1.094,1.244,1.541,1.856,,1.576,1.007,1.584,1.839,1.555,1.317,1.207,2.048,1.568,1.468,1.676,1.655,3.391,1.437,1.288,1.374,1.554,1.52,1.305,0.69,0.569,0.985,0.692,,1.525,2.148,1.73,1.955,2.363,1.224,1.468,,1.244,0.949,1.273,1.13,0.959,1.07,1.429,1.021,2.083,1.715,1.257,1.187,0.589,,0.726,1.213,,1.176,1.436,1.158,0.437,0.379,0.764,0.349,0.433,1.398,0.624,0.568,1.029,0.508,0.776,0.415,1.279,0.866,0.611,0.312,0.622,1.741,0.927,0.502,0.718,0.125,0.694,,2.073,0.694,1.034,0.062,0.051,1.095,1.147,0.515,0.7,0.268,0.804,2.92,3.01,3,3.453,3.676,1.644,1.933,1.793,1.129,2.391,1.112,3.205,2.098,1.273,1.21,0.935,1.786,2.056,1.442,0.266,0.843,1.327,3.346,0.959,1.039,0.683,2.535,1.622,1.882,1.613,1.371,1.452,,1.752,2.285,1.176,0.984,1.294,0.903,0.66,0.775,1.187,1.205,0.423,1.319,2.096,3.226,1.036,0.357,1.872,0.825,0.817,2.086,2.582,1.549,0.784,0.455,4.051,1.737,1.47,3.306,1.261,0.778,1.562,2.418,2.401,2.156,1.817,1.073,4.61,4.252,2.882,0.005,0.087,0.577,1.672,3.331,3.033,2.259,0.653,2.141,1.42
20160203,13,CO_24h,1.238,0.583,1.088,1.263,1.054,1.229,2.158,0.925,0.796,1.296,1.154,1.917,,2.376,2.634,2.859,2.208,2.602,3.194,,2.038,2.95,1.514,2.118,1.263,2.276,,1.593,2.021,1.836,1.504,1.758,1.23,0.803,1.999,2.73,1.83,1.766,2.2,2.063,2.268,3.25,2.882,2.025,2.175,6.362,6.406,6.714,6.713,4.667,4.784,4.258,3.568,4.038,6.517,0.673,0.743,0.509,0.722,0.538,1.094,1.305,1.537,1.211,0.677,2.873,1.831,1.871,1.855,4.381,4.948,3.606,2.754,2.781,2.877,2.416,2.929,3.542,2.94,1.755,,1.54,2.751,3.194,3.69,3.364,3.158,2.907,1.825,2.165,1.122,4.058,2.295,1.822,1.577,1.549,1.24,2.05,2.074,,2.198,2.25,1.795,2.05,2.128,,2.08,1.278,1.291,1.626,1.571,1.494,1.63,1.517,1.044,1.12,0.64,1.238,1.279,1.476,1.202,1.242,0.992,1.783,1.394,1.153,1,1.444,0.726,3.446,,1.695,0.593,1.418,1.053,2.326,1.671,1.172,0.786,1.509,1.191,1.275,0.898,1.238,1.224,1,1.541,0.93,1.984,1.777,3.157,1.832,2.135,1.86,1.592,1.453,1.704,1.377,1.704,1.552,1.993,1.797,1.446,1.615,1.628,1.572,1.153,1.04,0.713,0.88,1.929,1.579,1.169,1.403,1.989,2.222,1.84,1.604,1.951,2.189,1.481,2.051,1.615,1.755,1.96,1.12,1.625,,1.991,2.556,1.536,1.951,1.798,2.159,1.718,2.12,1.799,1.645,1.63,,1.228,1.322,1.505,1.543,1.673,2.173,1.245,1.398,1.731,1.494,2.323,1.609,1.017,1.038,1.038,0.876,2.189,2.131,2.226,2.629,0.912,0.63,0.681,1,1.22,1.292,1.083,1.097,1.292,1.262,0.92,1.271,0.931,1.095,1.094,,0.922,1.151,0.864,0.91,1.098,1.245,0.992,0.93,0.833,1.181,,1.176,,1.236,1.416,,1.05,0.688,1.066,1.282,1.078,0.992,0.96,0.856,1.098,1.11,1.101,1.024,0.865,0.942,0.845,1.258,1.675,1.242,1.106,,1.504,2.307,1.523,1.01,1.424,0.498,0.812,0.57,0.641,0.918,0.808,0.741,0.727,0.744,1.079,0.817,0.986,0.41,1.194,0.951,0.851,0.874,1.07,0.957,1.843,1.181,1.217,1.278,,1.28,1.63,0.905,1.251,1.112,1.307,1.511,1.411,1.869,1.117,1.594,1.872,1.863,1.543,1.307,1.495,1.457,1.425,1.809,1.965,1.053,1.34,1.586,1.476,1.46,1.403,1.839,1.473,2.292,0.842,1.048,2.126,1.036,1.51,1.442,1.375,1.717,1.224,1.629,1.361,0.68,0.981,,0.77,0.81,0.744,0.691,0.915,0.847,0.735,1.203,1.112,1.006,1.3,0.77,1.189,0.959,1.324,1.044,1.263,1.112,1.034,0.871,0.952,0.932,0.907,0.673,0.619,1.073,0.942,0.971,0.854,0.97,1.202,1.126,1.079,0.999,0.844,0.787,0.945,1.236,,0.898,0.994,1.014,0.915,0.921,1.082,1.017,0.901,1.042,0.869,1.3,1.081,1.114,,1.396,1.149,1.267,1.375,1.451,1.159,1.448,1.451,0.944,0.851,1.263,1.021,1.35,0.976,1.487,1.48,1.259,1.285,1.343,1.018,1.333,1.347,1.199,1.003,1.144,,1.609,1.67,1.357,1.128,1.275,1.403,1.509,1.336,1.598,,1.88,1.305,0.63,1.398,0.727,0.801,0.892,1.098,1.556,0.946,1.012,1.368,0.918,1.273,2.468,1.75,2.054,2.236,1.313,1.652,0.814,0.368,,0.362,1.519,2.832,1.853,1.685,1.747,2.654,1.992,3.916,3.681,2.189,1.786,2.114,2.45,2.826,1.7,1.465,1.647,2.266,2.214,2.574,1.598,2.203,0.957,3.137,2.278,1.844,1.88,2.373,,3.973,4.793,3.819,2.866,3.117,2.168,1.213,1.303,1.734,1.537,,1.449,1.345,1.213,1.362,1.196,0.654,0.954,1.402,1.762,1.486,2.325,2.416,1.493,2.557,3.351,1.596,0.937,0.496,0.677,0.988,1.687,1.748,1.016,1.348,2.142,1.729,2.376,2.08,1.196,1.457,0.905,1.545,2.584,2.175,1.943,0.659,0.747,0.778,0.608,2.018,2.43,2.958,2.17,2.073,1.946,3.282,,3.786,3.495,2.072,,2.114,2.996,3.336,3.189,1.389,2.031,2.512,,3.613,1.803,2.999,0.998,1.335,1.629,1.578,1.34,1.029,,0.966,1.629,2.095,2.339,,2.068,,2.163,1.33,1.44,1.258,2.082,,2.907,2.718,1.619,,0.791,1.095,1.449,1.427,1.456,1.454,,1.395,1.258,0.768,0.819,1.329,0.953,1.074,1.037,0.997,1.048,1.138,1.125,1.136,0.989,1.094,1.116,0.702,0.895,1.152,1.151,0.916,1.116,1.18,1.215,1.343,1.263,1.215,1.004,0.929,0.891,0.981,1.261,1.153,0.946,1.114,0.804,0.999,0.993,0.999,1.162,0.919,1.02,1.006,1.863,,0.933,1.425,1.952,1.776,1.528,1.587,1.531,3.006,2.699,2.354,1.606,2.32,3.001,5.619,5.473,,3.419,4.112,5.03,8.368,2.191,4.558,3.778,5.464,3.877,1.415,2.547,2.517,0.899,0.371,2.617,0.815,0.284,3.048,1.512,1.916,1.942,2.523,2.604,2.082,0.701,4.14,4.135,1.356,3.096,1.997,3.981,2.073,2.641,2.816,3.714,2.653,2.878,1.371,1.557,1.933,1.154,1.531,1.745,0.775,2.063,1.686,1.01,,0.734,0.684,1.381,0.755,0.913,0.719,2.245,2.068,1.475,2.243,1.135,0.835,0.571,0.773,0.966,0.795,1.221,1.284,1.716,1.054,2.698,1.45,1.691,2.313,2.932,1.781,0.772,0.842,0.904,1.422,0.691,1.503,0.513,2.639,2.236,3.251,3.344,2.793,2.012,1.838,4.398,7.059,3.338,4.754,5.036,1.797,1.185,1.246,1.739,2.339,3.292,1.743,1.59,1.667,1.776,2.357,1.374,2.305,3.194,3.702,1.394,1.048,1.319,0.893,1.347,1.2,1.741,2.331,1.515,1.278,0.87,1.344,1.529,0.882,0.936,1.195,1.525,0.801,1.365,1.053,2.891,1.624,0.962,0.666,1.012,1.081,1.122,1.369,,1.487,1.115,1.426,1.1,1.244,1.161,,1.28,1.165,1.048,0.879,2.204,1.495,1.207,1.181,1.685,1.553,1.198,1.798,1.368,1.216,2.921,1.862,1.667,1.042,0.917,0.98,0.922,0.868,1.347,1.302,1.221,1.727,1.272,1.855,1.321,1.578,0.728,1.852,1.177,1.166,1.404,1.465,1.068,0.533,0.966,,1.186,1.257,1.534,1.868,2.63,2.034,2.374,1.401,2.423,1.671,1.025,1.657,1.376,1.486,2.144,1.3,1.326,2.667,2.114,1.502,,2.043,1.999,1.18,2.243,2.398,1.69,1.122,0.448,1.962,0.347,,1.663,1.966,1.76,1.163,1.338,2.168,1.814,1.266,1.501,1.646,1.379,1.049,2.297,2.658,1.152,1.083,3.308,1.455,1.467,1.76,1.734,1.702,3.168,2.367,2.734,1.932,1.522,1.847,2.196,2.151,2.155,2.56,1.228,0.844,1.652,1.957,2.135,2.639,1.344,1.123,0.868,1.227,1.209,,1.459,1.455,1.544,1.679,0.839,1.148,1.26,,1.546,1.56,1.502,1.824,1.84,1.406,1.827,0.928,0.952,,1.073,0.986,0.879,0.933,0.936,1.3,1.115,,,1.008,1.192,1.108,1.362,0.595,1.36,1.906,1.254,1.176,0.993,1.752,0.825,0.846,0.951,2.707,1.925,2.941,4.187,1.865,2.649,2.042,1.785,2.308,1.569,2.169,2.665,,,2.566,5.019,3.94,,4.74,3.705,4.312,2.492,3.496,3.386,,4.528,3.251,2.353,,0.952,1.206,0.858,0.487,0.959,0.58,2.172,0.752,0.704,1.376,1.026,0.738,0.35,0.523,0.205,1.266,1.552,0.432,3.208,0.953,0.96,1.074,1.359,1.182,1.892,1.415,1.732,1.878,1.347,2.007,0.999,3.495,2.465,4.766,2.206,1.009,0.995,1.187,2.529,2.097,1.712,3.004,1.543,1.819,1.714,0.576,0.612,0.522,1.346,1.559,0.954,1.792,0.531,2.484,1.621,1.85,0.685,3.642,,1.317,1.034,0.885,0.684,,0.806,0.394,1.96,1.724,1.228,1.02,0.929,1.749,1.641,1.15,0.757,0.529,0.321,1.426,1.078,1.348,0.631,1.283,1.66,1.342,1.325,1.186,1.234,,1.286,2.489,1.239,1.534,1.025,1.606,1.147,1.096,2.202,1.593,1.122,1.539,1.403,1.457,0.826,1.102,0.971,0.644,0.18,0.526,0.216,1.718,1.535,1.761,1.497,,0.793,1.403,1.894,2.142,0.274,,1.125,0.931,1.054,1.29,0.958,1.137,0.798,0.91,0.687,0.834,0.823,0.411,0.785,0.008,0.587,1.135,0.805,1.03,0.813,0.618,1.084,0.438,1.088,0.86,1.026,1.064,0.898,0.745,0.722,0.709,0.012,0.825,0.586,0.775,0.773,1.439,2.207,1.784,1.646,2.138,1.082,0.816,1.9,1.613,1.873,0.872,0.981,0.805,0.819,0.892,1.345,1.297,1.422,0.843,1.071,0.953,1.281,0.959,1.053,1.321,1.387,0.766,1.352,1.347,,1.831,2.301,1.601,2.375,2.052,0.293,0.758,0.566,4.246,3.298,2.208,1.479,5.359,2.475,3.597,2.213,3.079,2.282,2.061,1.827,1.547,1.497,1.338,1.459,2.209,1.156,1.898,,1.753,2.002,2.035,0.849,0.706,0.767,1.313,1.215,1.354,1.193,1.375,2.526,1.93,1.613,1.695,1.325,1.373,1.346,0.749,1.075,1.343,1.013,0.719,1.764,1.648,1.91,1.191,0.912,0.918,0.94,3.13,1.9,2.164,1.289,0.947,1.035,1.189,0.86,1.437,1.303,1.621,0.237,0.593,1.136,1.631,1.489,1.569,1.535,1.67,1.035,1.282,1.165,1.217,1.239,1.253,2.224,1.205,2.296,1.678,1.918,0.602,1.088,0.764,1.566,0.876,0.914,1.117,1.233,1.156,1.105,0.795,0.909,0.806,1.23,0.75,1.709,1.883,0.288,1.567,0.078,0.24,0.583,0.695,0.74,2.63,0.586,1.106,0.872,0.983,1.544,1.328,1.364,1.077,1.302,1.797,0.585,1.376,1.593,1.476,0.706,0.781,1.067,,1.4,1.705,1.598,1.651,1.478,1.237,1.195,1.605,1.415,1.93,2.228,1.948,1.183,2.46,1.297,1.251,1.287,1.41,1.18,1.529,1.718,1.676,1.499,1.113,1.293,1.216,0.983,1.179,1.288,1.546,,1.365,1.423,1.531,1.784,1.426,1.73,1.053,2.017,1.467,1.322,1.246,1.481,3.056,1.486,1.098,1.229,1.396,1.228,1.213,0.797,0.833,0.897,1.053,,1.485,1.939,1.845,1.989,2.487,1.249,1.419,,1.229,0.981,1.478,1.244,1.061,1.323,1.151,0.915,1.858,1.599,1.405,1.213,0.544,,0.56,1.36,0.258,1.116,1.412,1.273,0.583,0.515,1.081,0.38,0.604,1.252,0.705,0.761,1.195,0.754,0.901,0.492,1.357,1.042,0.221,0.351,0.609,1.955,1.016,0.635,0.759,0.103,0.997,0.919,2.006,0.728,1.068,0.06,0.018,1.621,2.29,0.556,0.564,0.25,0.743,2.648,2.94,2.768,4.035,4.035,2.664,3.019,2.757,0.149,2.053,1.263,3.351,2.093,1.11,0.765,0.832,1.77,1.811,2.013,1.324,1.5,1.9,2.725,1.834,1.039,0.726,2.556,1.602,1.641,1.614,1.447,0.919,,1.947,2.732,1.401,1.755,0.942,0.683,0.61,0.774,1.38,1.232,0.692,1.191,1.557,0.807,1.346,0.653,1.944,1.275,1.03,1.013,1.935,1.508,0.845,0.49,2.937,2.862,1.58,2.346,1.018,0.923,1.427,2.833,2.304,2.042,2.272,3.001,3.024,1.946,2.55,0.452,0.87,0.865,1.882,3.117,2.599,2.164,0.732,1.955,1.304
20160203,14,AQI,60,34,65,52,67,54,21,68,35,35,82,64,,147,133,108,124,130,150,,,129,82,120,107,,,38,59,45,48,59,55,82,55,53,58,64,60,51,19,55,52,55,30,253,176,215,243,98,104,93,94,85,99,31,36,51,39,26,56,36,57,43,31,68,63,65,55,65,75,64,196,218,156,155,156,178,185,95,,64,94,79,82,74,69,105,83,75,100,132,76,78,90,73,72,59,75,,88,77,70,69,100,,77,72,50,39,36,34,56,65,102,95,68,80,97,78,75,73,57,58,59,62,71,88,99,108,,120,129,122,137,95,117,99,109,132,95,125,74,115,119,43,100,87,176,142,198,132,158,172,140,150,114,113,77,92,97,85,104,82,93,122,97,102,97,105,120,138,175,155,92,89,94,89,92,88,83,95,133,140,93,114,110,,149,138,143,133,127,148,138,130,98,125,120,,108,134,134,99,95,114,148,172,199,169,165,162,163,144,182,99,169,199,166,169,137,127,58,159,149,123,152,153,150,158,100,87,138,105,128,,100,110,132,58,73,73,75,165,145,115,,127,,172,155,,95,153,133,57,37,64,145,113,114,89,82,89,59,69,73,128,122,127,135,,158,170,137,124,123,42,47,42,45,42,39,28,33,33,75,75,73,108,83,88,60,105,69,132,147,88,135,138,,145,73,166,212,178,137,192,192,189,165,175,107,99,115,129,107,103,113,99,89,103,98,125,123,109,94,130,79,94,85,104,103,89,104,103,113,104,108,104,97,68,62,,46,46,55,53,63,54,69,69,54,46,48,65,40,55,69,29,52,45,55,48,49,52,49,49,53,48,,59,50,57,64,47,53,63,54,51,62,50,,60,63,58,50,49,54,49,46,49,48,54,62,73,,102,83,90,90,77,77,89,97,35,48,50,45,53,65,88,85,77,77,65,65,80,79,73,69,68,,68,85,77,88,115,117,89,104,98,,98,73,104,97,99,98,60,84,98,88,97,35,40,40,45,40,30,39,89,74,29,97,,33,124,155,134,143,223,117,232,125,173,112,145,137,160,98,118,92,92,97,77,113,124,155,113,180,92,158,175,163,,395,340,367,474,403,389,123,152,130,117,,88,128,88,94,105,60,84,123,166,75,190,145,68,257,112,64,42,89,33,53,58,58,64,68,62,56,52,73,56,59,50,117,104,94,85,48,43,35,36,159,149,124,139,135,162,109,,185,239,156,,145,127,119,103,114,98,182,,107,143,127,143,137,169,165,60,59,,62,59,85,178,,155,,128,108,110,82,129,,113,128,132,,40,83,56,87,89,108,,59,58,58,64,92,40,40,36,33,52,47,49,52,49,42,54,48,51,54,49,49,48,41,54,33,23,28,57,60,55,54,59,48,58,58,50,26,38,43,53,55,55,35,53,36,54,33,41,29,90,102,82,52,69,80,60,69,99,226,202,,216,212,122,315,156,77,133,115,59,40,67,115,59,33,76,55,30,239,105,109,107,99,82,93,69,65,82,120,112,97,74,126,55,66,180,185,97,32,100,59,49,48,57,52,59,46,48,,45,63,69,53,60,53,75,55,61,70,67,54,73,67,130,79,93,128,104,128,102,105,114,140,117,84,73,100,93,104,73,97,75,140,130,110,99,152,129,118,133,153,114,147,183,69,52,64,119,102,66,156,152,107,108,107,117,112,117,122,102,150,166,152,149,143,114,118,104,97,103,109,89,97,115,83,95,110,140,100,185,150,99,87,102,128,140,127,,84,77,83,95,85,87,,85,88,29,30,163,165,155,170,138,137,153,135,124,129,82,103,70,99,104,89,107,109,147,162,160,149,109,130,128,135,113,158,130,133,165,147,107,93,79,,85,54,53,204,285,245,331,79,94,102,117,53,76,78,54,180,135,141,155,140,101,169,140,158,140,186,119,94,91,128,107,,109,249,208,139,100,159,139,173,105,197,155,139,158,236,122,125,193,147,130,155,198,122,145,179,152,145,149,155,179,188,210,213,64,55,85,68,77,86,142,102,129,82,79,,75,134,129,90,70,74,360,,160,155,170,127,166,152,168,139,139,,68,100,117,95,83,107,102,,,64,59,89,83,57,58,73,93,100,79,82,50,40,48,102,158,78,72,127,112,79,80,150,106,61,160,,,117,204,212,,193,128,118,92,84,68,,62,64,47,,75,105,95,65,36,109,103,160,63,70,26,25,28,30,43,53,52,44,42,49,42,74,54,97,90,115,92,84,87,94,86,26,39,36,16,95,98,88,64,59,142,130,123,175,52,55,35,41,53,66,50,32,49,43,36,42,29,45,,105,69,72,50,52,45,93,71,76,69,90,58,119,68,90,40,55,75,84,114,39,20,102,90,93,105,122,122,,107,153,143,52,65,84,94,89,78,83,89,82,93,90,75,77,74,87,87,115,72,225,158,142,59,,55,107,107,102,62,,52,53,46,58,65,97,60,78,107,123,38,63,55,55,25,43,38,51,39,20,30,22,45,23,29,34,43,42,47,50,73,77,79,79,73,48,118,97,79,88,88,80,84,99,82,60,65,63,67,68,64,78,83,64,98,98,93,92,90,94,107,114,105,104,,78,75,74,68,67,92,83,83,155,135,124,236,228,234,196,83,98,85,103,90,102,108,102,97,109,100,104,,84,91,88,85,179,78,70,104,113,77,104,109,115,130,98,63,87,109,77,123,153,137,144,115,119,132,87,95,115,83,102,113,100,102,65,87,82,61,152,134,109,99,94,89,127,102,118,123,108,104,99,88,112,93,127,108,108,107,138,73,83,100,83,83,67,55,65,73,77,85,93,125,72,98,79,185,107,129,122,83,140,195,62,52,78,64,84,75,67,97,75,90,70,55,72,78,36,57,48,83,90,85,,60,82,72,74,52,83,85,128,192,182,207,150,109,98,107,120,105,105,83,97,92,95,88,108,113,119,95,65,87,100,,99,79,142,132,118,117,176,147,160,128,83,92,139,82,87,124,120,143,134,15,24,24,57,,77,90,102,98,117,57,70,63,60,40,58,70,73,57,105,76,97,95,30,33,79,,74,81,53,51,26,50,38,38,23,37,64,52,30,28,29,31,43,38,26,40,41,70,39,100,80,68,52,18,41,41,28,304,345,34,28,19,89,75,77,27,24,216,175,223,169,46,48,47,48,115,125,102,55,59,108,98,50,45,89,97,46,79,78,69,94,122,128,62,118,104,51,103,100,,100,49,48,62,118,166,65,55,57,32,104,113,114,45,50,54,81,85,74,142,125,70,71,33,137,334,56,108,56,60,143,152,446,170,106,97,192,228,105,45,29,30,130,237,408,72,35,208,60
20160203,14,PM2.5,43,19,47,36,48,38,,49,24,20,60,42,,112,101,81,94,99,115,,,98,60,91,80,,,15,42,31,33,38,39,45,20,35,25,28,29,31,10,24,26,30,12,203,133,165,193,73,78,69,70,63,74,4,13,19,18,5,38,13,40,30,9,49,45,47,39,47,55,44,147,168,119,118,119,134,139,71,,46,70,58,60,51,50,79,61,55,69,71,55,57,21,53,52,42,55,,56,56,51,50,75,,56,52,28,25,25,19,27,47,76,71,49,59,72,50,42,53,36,40,37,38,47,65,74,81,,91,98,92,104,71,88,74,82,100,71,95,54,87,90,30,75,64,133,108,148,100,120,130,107,115,86,85,56,68,72,63,78,60,69,92,72,76,72,79,91,105,132,118,68,66,70,65,68,65,61,64,101,107,69,86,83,,114,105,109,101,96,113,105,99,73,95,91,,81,102,102,74,71,86,113,130,149,128,125,123,124,110,137,74,128,149,126,128,104,96,41,121,114,93,116,117,115,120,75,64,105,79,97,,75,83,100,41,53,53,55,125,111,87,,96,,130,118,,71,117,101,40,17,46,111,85,86,66,60,66,41,50,49,97,92,96,103,,120,129,104,94,93,29,30,29,31,29,27,19,23,21,55,55,53,81,61,65,36,79,50,100,112,,103,105,,111,,126,162,134,104,144,144,142,125,132,80,74,87,98,80,77,85,72,66,77,73,95,93,82,70,99,58,70,63,78,77,66,78,77,85,78,81,78,72,49,44,,32,32,39,37,45,38,50,38,38,32,33,47,24,39,50,20,36,31,39,33,32,36,34,34,37,33,,42,33,40,46,23,,45,25,16,44,35,,43,45,41,35,34,38,34,32,34,33,38,44,53,,76,61,67,67,56,56,66,72,24,24,27,31,28,47,65,63,56,56,47,47,59,58,53,50,49,,49,63,56,65,87,88,66,78,73,,73,53,78,72,74,73,41,62,73,65,72,24,17,21,21,23,20,27,44,24,16,33,,10,94,103,83,109,173,83,182,71,131,82,111,104,122,73,89,68,68,72,56,85,94,118,85,136,39,120,132,124,,318,290,317,338,354,339,93,116,99,88,,65,97,65,70,79,43,62,93,126,55,143,111,49,207,84,14,21,15,17,22,36,41,46,49,44,33,33,53,33,42,33,64,78,66,49,32,26,24,19,121,114,94,106,103,123,82,,139,189,119,,111,96,90,77,86,73,137,,80,109,96,109,104,128,125,42,42,,44,42,40,134,,118,,97,81,83,60,98,,85,97,100,,28,61,27,64,66,81,,42,41,41,46,,28,24,25,23,31,30,34,36,34,29,38,33,30,36,34,34,33,27,38,23,16,19,40,43,39,38,42,33,41,40,34,16,19,30,37,39,39,22,37,25,38,16,27,20,67,76,59,28,50,52,43,50,74,176,152,,166,162,92,265,119,56,101,87,42,21,47,87,29,15,53,35,15,189,79,82,80,74,60,69,50,36,28,54,67,52,54,95,30,31,81,99,72,22,74,14,34,33,34,26,23,22,33,,31,45,50,37,43,37,55,39,43,49,48,38,53,48,99,58,69,97,78,97,76,79,86,107,88,62,48,75,69,78,53,72,55,107,99,83,74,116,98,89,101,117,86,112,138,50,32,46,90,76,45,119,116,80,81,80,88,84,88,92,76,115,126,116,114,109,86,89,78,72,77,82,66,72,87,61,71,83,107,75,139,115,74,64,76,97,107,96,,62,56,61,71,63,64,,63,65,9,6,124,125,118,129,105,104,117,103,94,98,60,77,50,74,78,28,80,82,112,123,122,114,82,99,97,103,85,120,99,101,125,112,80,69,58,,63,38,37,154,235,195,281,58,70,76,88,34,51,57,38,136,103,61,118,107,,128,107,120,107,140,90,49,41,55,36,,82,199,124,106,65,121,106,2,79,84,78,66,120,186,92,95,145,112,99,118,,92,111,135,116,111,114,118,135,141,160,163,46,34,63,49,56,47,108,76,98,60,58,,55,102,98,,47,50,310,,122,118,129,96,126,116,127,106,106,,49,75,88,71,61,80,76,,,46,42,66,61,40,41,53,69,75,58,60,34,25,33,29,120,57,18,96,84,58,59,115,69,43,122,,,88,154,162,,145,97,89,68,62,39,,40,46,28,,11,17,16,47,17,82,77,122,45,45,11,6,4,11,10,37,36,23,29,34,29,27,23,72,56,87,49,42,50,65,52,15,27,14,11,71,73,65,46,38,108,99,93,132,28,27,22,25,18,42,21,22,28,25,17,27,11,25,,79,50,52,31,32,27,69,43,47,50,67,41,90,45,67,28,39,,59,86,20,11,76,67,69,79,92,92,,80,117,109,27,47,62,70,66,57,61,66,60,69,67,55,56,54,64,64,87,40,175,120,108,42,,39,80,80,76,44,,36,36,28,41,47,72,43,47,80,93,25,32,37,39,11,30,24,28,27,6,21,15,19,13,14,19,19,29,31,35,53,56,58,58,53,31,89,72,58,65,65,53,62,74,60,43,47,45,48,49,46,57,61,14,73,73,69,68,67,70,80,86,79,78,,50,52,52,45,48,68,61,61,118,103,94,186,178,184,147,55,73,58,77,50,76,81,76,72,82,75,78,,62,64,65,63,50,57,51,78,85,47,78,82,87,99,73,45,64,82,56,93,117,104,110,87,90,100,56,71,87,61,76,85,75,76,47,64,60,42,116,102,82,74,70,66,96,76,89,93,81,78,74,65,84,69,96,81,81,80,105,53,61,75,61,61,48,39,47,53,56,63,69,95,50,73,58,139,67,98,92,61,107,146,44,36,57,46,62,55,48,72,55,67,51,39,52,57,22,29,33,61,67,63,,43,60,52,54,35,61,63,97,144,137,157,115,82,73,80,91,79,79,61,72,68,71,65,81,85,90,71,47,64,75,,74,58,108,100,89,88,133,112,122,97,61,68,106,60,64,94,91,109,102,2,12,1,40,,56,67,76,73,88,40,51,34,41,19,41,51,53,40,79,48,72,71,21,17,58,,54,33,37,35,15,35,17,26,12,19,46,36,18,18,20,16,28,26,14,23,26,51,27,75,59,49,31,11,11,24,,65,221,12,8,,18,35,20,2,6,166,132,173,128,32,25,30,31,87,95,76,39,42,81,73,35,31,66,44,20,44,57,50,70,56,48,44,89,78,20,77,75,,75,34,31,11,89,126,37,21,27,22,78,85,86,31,35,38,42,55,54,108,95,51,48,4,62,284,33,81,38,34,62,116,418,129,64,72,144,178,60,31,8,21,99,187,362,52,24,158,43
20160203,14,PM2.5_24h,42,24,35,39,34,34,,38,31,30,34,54,,107,106,80,83,91,113,,,72,82,96,53,,,67,84,63,61,84,73,33,77,95,73,75,92,93,47,76,65,52,47,176,160,182,161,157,206,168,183,171,215,20,17,20,26,24,38,47,35,36,19,86,63,65,60,133,168,103,141,150,137,80,93,113,101,72,,38,83,91,48,50,53,84,74,75,85,107,86,55,58,56,82,115,102,,125,153,71,143,120,,140,67,61,44,50,35,45,46,50,57,30,93,95,82,95,89,72,97,99,83,83,88,98,116,,134,119,136,140,91,111,98,114,94,84,95,72,113,85,69,80,81,129,116,134,119,135,127,115,126,111,128,138,112,133,126,116,123,106,99,68,84,70,92,91,98,108,94,87,105,97,113,104,101,98,109,120,137,106,115,121,,124,133,123,121,129,144,150,141,139,136,148,,125,124,140,108,91,134,144,125,150,124,129,118,87,68,92,46,155,174,155,158,81,60,42,89,75,86,84,84,91,89,55,89,99,93,92,,87,93,95,59,67,60,63,85,85,63,,78,,131,113,,67,85,74,72,71,74,89,68,71,76,69,69,60,75,60,99,54,95,96,,122,109,99,99,94,23,23,23,29,22,23,20,24,19,82,61,54,90,74,89,48,84,80,109,127,95,102,107,,101,117,68,87,78,70,83,89,91,96,87,78,81,80,88,89,81,86,71,67,94,107,113,106,112,113,112,98,121,78,97,96,93,100,85,112,108,103,93,86,38,34,,30,31,32,37,32,37,36,31,34,32,28,37,18,33,33,19,27,25,32,30,29,29,31,28,33,29,,39,28,36,44,22,,35,20,18,37,17,,36,35,31,25,29,32,30,33,26,25,28,41,29,,83,87,76,78,73,66,77,79,12,20,23,25,25,59,77,65,58,65,63,47,56,63,64,64,54,,63,60,61,64,85,74,68,68,69,,72,76,70,73,64,74,59,53,74,66,66,55,39,24,55,53,65,50,62,48,34,22,,26,83,63,54,80,121,74,153,57,129,62,126,88,55,91,93,59,69,80,64,95,100,111,45,84,99,94,78,89,,264,336,260,281,282,315,89,107,101,97,,119,140,87,118,133,41,81,110,96,52,74,70,43,82,85,31,43,22,25,28,81,72,79,70,89,81,97,111,63,61,33,94,69,66,79,24,21,22,17,136,121,96,137,157,141,137,,218,197,142,,138,127,145,145,128,87,128,,125,130,182,148,180,213,161,65,51,,49,78,76,130,,105,,129,128,125,101,141,,183,117,99,,47,58,49,133,103,103,,42,42,46,44,47,20,20,22,20,22,24,26,26,27,27,28,26,25,26,26,25,30,16,29,25,16,18,43,43,43,28,38,25,42,34,42,13,15,17,25,22,25,20,28,23,32,37,39,41,121,110,116,52,55,45,48,63,82,107,118,,115,164,92,232,96,47,77,109,53,39,74,79,47,25,70,30,16,206,69,76,78,101,104,79,42,82,70,73,98,42,107,75,112,108,95,70,85,96,76,92,83,83,71,46,88,64,58,,38,44,50,48,50,61,97,91,112,119,78,79,49,37,57,34,68,95,71,95,97,91,93,88,101,75,49,88,67,78,67,99,17,92,72,68,100,91,75,77,129,114,86,116,123,61,51,74,85,51,36,95,48,96,94,88,88,58,62,70,54,111,120,131,120,117,80,91,89,76,78,78,71,60,76,71,80,104,101,89,75,87,52,55,87,87,98,85,,65,66,76,67,65,63,,68,77,8,8,71,79,84,83,121,123,132,118,109,106,63,62,47,60,90,83,77,85,104,108,109,104,62,74,87,75,83,104,96,102,110,107,61,64,64,,59,46,46,107,59,48,214,65,86,74,77,37,47,56,71,134,108,78,136,108,242,149,155,78,70,83,61,56,42,51,47,,87,124,77,69,48,103,137,111,88,76,57,55,126,187,90,85,137,80,96,108,64,67,144,119,96,96,66,50,94,88,94,110,88,54,77,68,63,38,117,122,109,78,93,,91,102,104,,69,72,135,,120,121,126,102,116,125,127,96,95,,88,67,59,59,51,73,75,,,55,61,89,74,56,72,75,98,100,86,79,38,29,41,61,50,82,50,73,61,103,91,165,91,56,66,,,81,130,134,,144,92,69,44,75,31,,53,134,101,,29,42,33,31,22,59,74,55,41,62,27,32,17,12,8,47,49,40,94,77,53,92,102,60,73,72,68,126,89,88,93,90,44,70,50,81,76,76,104,111,92,103,91,85,39,42,46,37,56,81,45,20,43,60,19,31,54,46,,57,46,55,40,38,49,22,49,44,48,56,32,60,109,55,30,36,,77,89,68,24,91,40,114,124,133,137,,138,116,118,41,62,78,107,86,69,80,68,74,74,74,94,90,75,83,65,72,48,176,154,174,68,,56,89,101,99,50,,42,51,61,58,55,60,51,57,53,87,22,25,25,27,15,26,25,30,25,7,23,19,23,16,14,17,19,25,33,29,48,65,62,64,60,70,121,105,102,101,82,62,68,85,64,50,62,69,65,61,50,63,66,33,75,65,69,61,61,77,91,77,72,87,,43,53,39,31,45,59,60,57,92,78,70,121,133,107,103,86,102,96,119,47,69,96,80,72,81,76,86,,91,77,82,99,95,104,75,103,75,77,83,88,98,84,91,28,54,62,43,71,88,79,69,103,107,124,84,83,96,72,75,82,94,96,85,85,83,67,86,70,49,63,67,87,86,93,85,98,97,92,105,96,101,98,83,67,73,66,86,73,168,108,88,92,57,53,48,58,64,62,73,71,65,70,55,90,50,72,87,45,74,90,40,33,47,41,64,59,55,73,68,73,59,51,64,69,20,31,39,61,74,59,,67,87,80,33,35,64,67,80,109,108,136,86,73,63,69,76,86,72,70,116,107,105,108,76,82,79,71,46,57,57,,60,82,85,85,86,82,117,90,118,97,67,93,123,60,43,63,68,70,82,14,31,19,43,,43,62,79,74,89,44,58,58,54,56,49,60,63,53,47,38,65,66,27,29,60,,46,43,37,45,21,25,29,23,30,31,55,41,27,27,58,56,69,42,24,27,44,52,33,57,65,30,36,12,15,36,33,33,58,16,20,,85,17,26,8,12,131,141,142,141,39,62,71,58,77,100,89,46,40,66,54,36,35,47,41,34,60,62,49,85,63,52,60,99,64,23,67,54,,100,56,41,19,57,92,35,42,30,24,127,109,103,34,84,77,56,62,55,91,98,44,40,14,138,354,44,72,49,50,56,111,159,101,73,116,79,81,105,25,8,21,113,192,337,51,24,83,33
20160203,14,PM10,,34,,,,,,51,,35,64,78,,,,104,117,123,117,,,104,,,92,,,38,59,40,,68,41,114,59,55,65,77,69,52,19,59,54,59,30,260,175,210,268,118,100,81,110,104,97,31,36,52,39,15,61,36,64,43,31,61,52,64,58,62,,78,219,206,158,149,177,185,196,99,,57,93,85,96,98,85,120,90,85,150,213,101,91,129,94,80,66,73,,125,77,83,70,140,,75,86,50,39,36,34,61,70,106,98,70,106,96,106,100,93,64,66,68,73,91,70,109,109,,129,138,158,144,128,138,103,137,108,,,70,90,,,,,188,170,203,143,154,168,167,178,136,86,68,,73,,,,75,113,119,106,98,105,124,167,,164,127,72,118,128,134,126,109,139,152,161,126,102,132,,155,129,142,146,126,162,169,173,137,157,149,,133,166,122,101,137,142,179,151,180,179,195,191,183,142,171,135,145,,166,151,149,128,54,168,147,125,162,162,175,195,112,96,142,110,134,,93,107,155,53,64,70,72,162,137,115,,152,,161,144,,133,132,,62,25,54,,88,,96,77,91,68,,96,,,114,,,,,,,99,33,47,39,36,,39,22,33,33,73,73,81,,69,,70,97,78,141,167,126,166,117,,143,,161,219,164,203,194,257,173,185,,129,119,128,136,112,143,105,148,108,,,,,,,,,,,83,,,88,83,,89,,,,61,57,,32,40,,49,60,43,53,,,34,39,50,40,42,51,22,44,37,47,43,49,42,,35,47,42,,44,50,45,53,47,55,47,57,51,54,38,,43,51,,49,37,46,42,42,43,37,,,,,90,,95,108,71,68,98,88,32,48,50,39,55,60,68,70,64,60,64,62,65,68,58,56,64,,68,69,64,78,104,111,111,110,82,,92,87,94,103,120,91,70,83,92,113,118,,40,40,45,40,30,,128,97,,144,,33,186,259,218,186,240,184,240,200,181,173,144,195,223,142,121,124,99,118,78,124,138,165,135,210,133,179,210,183,,496,,368,574,,419,101,171,137,103,,91,116,79,105,87,64,81,169,132,85,194,190,69,278,125,63,42,127,25,56,65,53,68,70,68,61,53,57,62,62,50,184,148,137,119,48,43,35,36,177,130,153,178,149,148,142,,196,254,135,,140,119,116,138,100,122,208,,132,122,174,126,169,159,177,69,,,70,67,119,204,,170,,154,82,,89,152,,120,128,151,,30,97,62,111,101,122,,51,52,54,47,134,39,40,34,33,54,47,44,,36,41,46,35,52,58,40,45,35,41,45,23,20,24,44,47,49,48,49,41,43,66,50,26,38,43,55,50,54,35,45,27,45,33,41,29,115,120,113,53,75,109,69,79,101,236,217,,223,215,152,,,83,127,91,,40,83,114,67,33,102,60,30,294,120,146,144,130,102,114,67,80,114,190,174,144,74,201,59,82,309,320,78,30,150,68,,38,63,53,68,46,42,,37,,73,55,56,51,64,54,72,89,60,49,83,48,109,73,97,,114,120,,81,,,116,74,96,82,,90,68,,83,122,112,123,147,151,107,145,141,205,164,209,215,,53,62,123,94,81,149,151,128,109,100,,132,159,146,121,151,147,,141,140,123,133,104,109,89,93,96,77,,,84,101,,88,174,127,76,,,103,127,130,,72,66,68,71,83,75,,70,74,,15,138,131,140,147,122,121,133,121,115,113,112,142,89,101,110,127,112,112,130,146,145,144,132,127,146,117,128,147,146,138,171,148,90,76,,,,,50,252,258,228,301,85,81,101,101,56,102,89,53,180,211,231,191,183,151,268,164,168,177,175,132,138,132,205,163,,162,299,355,208,150,165,210,296,152,343,260,228,168,255,130,136,218,168,,151,345,111,160,175,209,142,172,230,201,235,244,225,64,59,89,71,101,122,159,133,138,107,97,,68,134,140,129,89,97,,,164,157,174,116,,142,149,151,150,,60,135,144,134,114,100,97,,,,,95,76,61,58,81,93,87,70,100,50,40,42,153,141,76,93,157,119,107,67,199,162,71,166,,,142,,190,,226,172,173,90,73,85,,73,61,47,,99,160,140,65,36,131,147,190,,89,20,10,10,19,32,44,47,44,,47,40,97,57,107,129,129,133,117,124,138,122,26,,28,14,93,118,94,62,67,156,183,118,150,53,60,35,41,55,82,50,29,49,43,25,42,14,45,,112,77,61,50,54,45,72,91,101,75,87,64,109,85,83,,41,99,117,119,39,18,,104,100,101,113,104,,,126,,53,68,90,89,73,92,98,72,68,83,99,,66,58,66,,96,55,199,124,,51,,43,,,78,58,,46,56,46,50,64,,,106,129,113,38,75,59,58,25,34,38,51,39,12,25,17,45,23,29,34,43,37,47,42,72,76,80,73,61,48,112,86,84,76,,109,93,102,69,43,52,48,,56,51,67,77,77,83,76,92,72,86,102,129,87,88,123,,106,99,97,86,73,103,95,110,160,,100,224,210,242,217,116,115,120,107,130,149,,122,111,127,128,120,,118,131,96,88,307,88,77,,133,104,95,113,124,119,91,58,84,97,78,115,156,106,112,101,126,152,124,112,114,106,106,124,88,98,75,83,110,72,128,113,122,99,87,79,102,,99,106,111,79,95,98,132,112,,95,144,128,137,71,90,83,76,92,68,57,74,58,65,78,91,155,94,102,95,,164,148,138,93,165,243,50,41,60,58,73,63,64,83,63,82,51,56,66,65,36,64,44,68,74,72,,47,79,64,59,53,72,69,177,180,145,214,121,94,95,101,101,101,88,80,80,74,84,94,,,113,102,71,109,107,,107,69,128,120,138,108,190,168,190,168,89,99,130,70,117,119,101,149,118,4,14,14,47,,67,81,109,94,115,49,75,76,69,40,61,62,65,58,91,102,88,96,25,33,76,,66,111,51,51,23,47,38,29,19,37,,47,30,19,,31,43,,26,40,41,,30,,69,,53,16,41,41,,423,456,27,,,127,99,104,13,,175,184,173,145,35,48,47,48,105,170,87,56,48,89,117,41,44,94,144,46,108,102,68,96,193,206,66,102,112,52,94,102,,111,42,48,74,122,173,80,60,64,32,112,168,121,,40,,112,120,88,215,164,69,92,25,223,386,61,161,62,69,236,218,449,198,161,132,155,,159,44,,,172,295,427,81,26,184,50
20160203,14,PM10_24h,,28,,,,,,52,,49,49,87,,166,143,104,124,129,147,,,114,136,131,95,,,117,116,117,104,125,103,73,121,131,123,119,123,109,71,120,105,109,103,253,217,243,259,199,257,206,224,228,257,44,41,50,57,39,59,68,61,71,42,141,86,78,79,176,192,193,188,196,171,110,143,143,146,93,,53,112,131,80,98,86,128,118,116,120,180,116,89,98,94,127,151,155,,197,215,118,193,215,,186,99,82,61,76,63,63,76,72,80,40,165,139,135,123,108,96,130,134,110,134,104,120,132,,159,157,178,190,130,136,122,156,114,101,110,92,130,93,88,101,103,181,174,193,162,196,180,167,198,160,119,149,140,163,151,186,152,136,112,108,118,93,126,147,174,140,135,167,155,167,180,163,158,160,215,205,219,174,145,180,,159,158,176,162,173,181,199,186,199,190,213,,170,189,156,154,180,191,167,149,191,177,199,180,134,103,120,95,183,203,200,214,114,81,50,128,93,127,121,118,140,134,76,121,137,135,131,,110,121,140,75,88,75,79,115,107,101,,105,,150,140,,118,98,,110,96,87,96,81,77,100,91,104,74,84,81,109,75,118,113,,163,117,107,102,110,29,33,32,27,19,33,25,40,32,115,105,83,111,87,72,56,100,116,138,196,142,179,135,,153,183,90,125,113,120,116,167,149,147,140,138,125,120,137,143,125,117,108,95,110,153,141,140,146,149,129,139,162,,119,136,143,103,95,148,91,142,110,83,46,43,,33,38,31,43,43,41,39,36,46,37,30,39,34,35,39,22,35,31,39,39,47,34,46,26,39,33,,41,33,33,56,36,36,37,36,37,40,37,,38,37,35,32,38,39,39,42,36,36,37,,34,,93,103,99,106,81,81,102,112,21,36,34,34,36,65,84,73,65,76,71,64,69,74,77,74,64,,77,79,76,76,103,95,94,90,82,,90,118,80,82,92,80,85,75,86,97,106,83,65,41,101,77,115,101,170,150,120,70,,70,137,121,116,138,168,157,203,139,179,118,205,142,120,163,137,95,111,114,89,136,140,163,76,123,152,139,118,125,,435,403,308,507,332,439,123,186,134,134,,150,161,122,149,143,62,102,190,108,75,100,131,98,113,122,61,66,40,42,55,133,99,113,97,128,119,143,150,80,79,49,136,117,109,133,35,34,28,25,208,172,173,214,219,213,213,,303,284,189,,196,200,182,212,175,154,211,,214,105,226,171,253,325,210,96,87,,69,105,148,195,,154,,199,155,155,154,233,,286,164,158,,62,91,77,184,151,159,,48,48,58,54,65,34,34,36,26,35,42,35,33,36,32,34,29,40,38,36,34,29,29,34,26,23,22,45,43,48,31,42,35,45,41,40,17,22,24,32,28,35,32,36,26,35,53,58,58,172,158,162,105,82,98,60,95,94,152,174,,162,221,170,277,100,96,115,109,,80,163,165,106,54,113,53,35,312,104,127,131,171,164,128,56,111,156,130,128,94,158,103,176,180,150,130,106,112,113,122,121,118,90,76,153,93,77,,47,57,75,85,56,83,139,138,156,197,101,84,72,47,68,56,79,109,92,127,118,116,122,121,124,110,91,127,78,97,100,113,36,129,102,139,161,130,89,108,178,205,141,191,189,83,116,109,101,77,59,152,84,152,142,126,108,103,112,138,90,151,154,110,146,153,120,157,116,111,89,99,100,104,82,80,102,115,167,93,131,105,61,65,,86,94,105,,71,72,73,69,87,79,,90,88,15,14,86,102,101,102,140,137,148,139,118,123,112,117,82,88,104,119,108,108,124,125,129,140,98,105,110,95,120,129,139,127,133,171,82,68,74,,70,71,59,152,167,142,255,100,104,99,100,65,75,86,114,154,162,219,190,191,270,208,180,114,114,107,92,108,94,143,140,,134,183,197,105,131,149,224,241,174,240,227,235,177,262,139,126,192,144,113,143,108,102,181,147,161,146,91,84,128,127,146,153,131,77,100,92,98,96,162,158,145,119,125,,104,139,139,151,119,123,115,,163,171,167,111,112,153,154,135,129,,100,112,98,112,96,97,98,,,93,89,120,100,68,125,118,135,119,105,130,55,61,51,143,130,151,182,129,113,135,124,237,136,87,97,,,117,140,168,,201,159,138,58,90,66,,105,198,136,,68,81,58,50,34,85,132,89,52,83,51,54,26,18,15,68,67,55,128,126,77,147,141,91,132,97,143,170,124,130,131,68,61,87,51,100,97,101,125,133,143,196,116,106,65,67,60,56,78,96,47,29,58,92,31,45,96,100,,75,59,66,54,56,66,23,128,100,62,69,60,92,224,62,31,35,37,127,117,89,34,110,134,131,150,152,151,,177,138,,79,81,116,127,103,98,107,99,136,97,102,113,118,95,87,74,83,75,218,168,200,85,,64,106,111,112,67,,55,65,68,75,80,72,56,99,88,111,35,35,38,36,22,30,32,37,32,11,24,18,39,20,21,25,28,29,43,39,64,87,89,88,73,92,145,131,134,130,103,128,104,119,85,54,72,80,70,72,61,72,79,73,81,69,81,70,81,112,133,93,92,117,,100,104,92,102,73,86,97,99,122,100,84,156,178,167,150,157,206,178,173,110,116,98,128,107,126,123,144,,136,157,121,141,132,155,108,155,109,115,105,123,119,102,108,41,72,75,64,92,104,95,86,119,143,176,128,116,120,111,118,123,117,122,111,120,142,108,95,84,85,82,82,101,107,111,104,112,114,103,114,118,125,115,,95,102,115,124,108,126,140,145,131,82,72,90,72,98,88,98,123,112,135,74,109,114,91,114,78,110,146,42,36,56,48,75,68,61,81,72,81,62,67,66,76,39,55,48,72,81,65,,60,107,102,66,63,71,71,152,136,120,172,106,90,85,96,90,101,85,93,137,127,144,155,80,98,93,99,57,82,76,,92,102,104,103,137,112,178,156,186,169,95,137,144,76,80,92,98,110,108,22,39,30,44,,51,76,115,91,119,61,86,83,78,63,68,68,72,63,64,82,78,90,36,49,79,,56,96,57,66,46,40,34,32,46,76,67,67,38,38,112,73,107,59,37,69,60,52,38,84,76,37,48,17,25,66,,171,228,69,59,,133,35,47,18,15,151,157,137,167,67,113,102,91,95,136,104,73,58,84,98,42,45,64,117,68,103,108,71,116,174,191,84,100,95,54,76,75,,137,114,61,101,86,132,60,78,62,46,125,154,125,105,90,91,96,128,80,153,146,105,84,33,326,495,99,133,99,115,151,173,198,172,196,202,92,89,144,41,17,24,168,300,375,82,32,90,38
20160203,14,SO2,30,11,27,25,30,23,28,18,12,16,41,30,,61,58,69,58,31,52,,,62,29,52,26,,,77,96,56,64,88,72,115,21,21,19,28,31,20,20,31,68,44,6,129,244,224,160,109,52,48,95,72,75,15,11,13,26,11,20,13,18,14,16,27,30,27,26,23,29,51,88,97,80,214,188,197,197,99,,197,128,130,186,118,209,301,45,51,62,58,54,36,48,31,84,47,38,,89,97,77,65,62,,25,41,36,30,29,23,83,33,39,49,16,65,46,57,32,84,33,31,34,31,24,57,61,116,,95,122,27,74,110,92,76,85,31,51,29,40,19,35,24,32,33,32,37,38,44,38,34,28,23,27,25,19,28,29,15,24,24,28,32,23,29,25,26,40,44,41,51,59,46,31,26,39,28,16,38,33,38,40,28,29,,33,32,31,34,31,44,39,27,33,41,44,,27,54,41,26,21,25,39,36,52,38,41,68,31,23,33,40,33,33,36,28,30,27,14,33,22,29,33,24,40,29,22,26,29,25,32,,21,28,27,8,6,7,11,41,33,,,36,,24,39,,19,25,20,12,5,8,19,22,15,17,13,14,9,10,8,46,39,26,39,,8,47,64,2,51,5,10,5,6,6,5,2,5,2,13,13,33,14,16,15,15,39,14,37,53,37,53,42,,53,45,19,74,67,72,67,70,74,56,91,92,55,131,97,57,85,91,66,62,16,16,20,26,18,20,20,22,23,5,7,11,9,12,11,13,14,50,6,4,3,2,,10,3,5,6,2,6,5,6,6,5,5,6,57,8,6,5,7,2,7,9,15,13,6,7,6,6,,6,7,10,10,11,10,17,14,6,4,4,,7,7,13,5,10,5,4,4,4,8,2,6,10,,19,13,13,20,18,21,13,25,5,3,1,4,10,5,10,7,18,13,18,16,14,14,20,20,6,,16,17,17,21,12,11,18,9,9,,8,10,35,55,44,34,24,40,63,34,49,10,6,8,10,24,16,8,5,5,3,4,,4,87,56,56,47,27,77,39,67,18,38,76,56,47,52,63,25,61,60,27,43,38,28,251,330,257,262,570,279,,15,35,9,22,37,28,82,44,156,110,,19,425,25,12,29,17,8,98,6,68,175,67,97,145,69,34,26,11,9,26,51,58,40,35,32,23,48,39,33,37,33,423,243,263,266,7,3,6,2,72,55,85,48,54,76,58,,46,52,33,,48,34,18,46,59,58,66,,57,76,42,43,151,21,52,27,34,,23,47,89,80,,67,,94,21,25,27,43,,38,57,54,,14,37,29,39,63,95,,18,11,8,9,13,19,11,8,12,10,10,11,12,10,7,15,7,10,10,11,7,6,2,6,7,7,8,3,2,6,5,6,7,7,10,14,7,8,4,3,5,3,3,22,13,24,9,6,6,33,28,31,31,75,78,54,108,69,128,123,,98,100,24,56,60,103,27,32,42,28,62,47,47,19,21,12,10,42,102,115,144,95,92,74,64,92,103,100,62,98,69,179,30,30,160,259,84,29,155,50,34,110,34,35,39,30,33,,26,12,58,58,9,92,21,75,44,177,18,16,35,17,42,32,8,22,37,5,30,21,30,17,28,9,16,28,6,33,30,21,37,100,83,161,78,67,108,74,94,158,117,135,169,35,40,35,59,113,125,103,120,66,65,78,44,144,131,168,79,31,30,25,33,28,43,65,42,15,51,20,23,18,20,10,11,22,29,10,6,16,10,5,20,21,11,22,,8,10,6,12,19,17,,25,14,3,4,7,10,13,10,14,19,17,16,11,10,46,179,43,59,13,17,20,14,9,10,12,8,8,4,10,4,5,5,5,6,28,5,33,21,76,,34,8,15,3,72,35,47,65,66,77,88,59,105,96,29,36,43,45,60,53,29,54,34,26,71,97,97,54,31,138,18,,356,385,599,326,10,23,8,2,12,23,5,12,66,65,43,46,73,89,118,58,44,48,88,73,92,79,110,54,42,86,123,133,22,26,40,53,64,87,22,18,36,28,28,,34,20,34,46,22,27,40,,54,53,78,46,38,38,43,43,36,,16,16,28,20,18,21,19,,,49,35,11,15,12,38,14,33,31,36,36,7,9,7,132,102,58,122,123,129,98,82,125,110,82,105,,,154,317,157,,146,427,12,82,23,44,,73,31,20,,14,12,5,15,5,22,66,124,92,30,76,10,7,42,127,11,18,17,26,63,14,32,22,91,90,104,65,56,83,66,33,39,33,29,11,63,78,69,41,40,22,31,45,83,6,10,9,7,23,36,32,28,15,18,14,43,16,64,,23,23,42,25,42,29,10,46,28,19,49,27,4,,33,73,50,44,91,72,20,10,24,21,15,40,49,26,,3,18,43,48,25,30,24,36,24,6,9,39,8,16,28,1,11,29,16,5,9,5,30,23,26,,19,21,12,37,19,,22,20,30,23,6,11,6,22,15,26,2,10,6,6,5,7,5,6,6,,11,16,6,6,3,7,9,7,7,3,5,4,6,10,4,3,25,54,28,29,1,10,23,22,19,53,43,50,45,36,11,23,16,10,36,6,19,12,10,19,16,12,46,23,,19,12,12,8,4,19,22,17,201,73,63,124,119,144,150,27,35,30,26,44,47,52,39,63,69,30,74,,40,72,46,15,28,18,21,26,42,46,26,37,13,83,7,25,15,28,34,66,84,43,37,24,23,55,49,19,33,33,60,45,15,22,3,4,6,5,34,23,21,13,10,15,21,21,20,24,19,13,20,11,46,22,2,7,29,23,25,7,16,21,5,29,16,13,14,11,8,6,13,52,38,24,33,16,24,20,5,10,82,27,11,41,8,5,5,5,2,18,10,18,13,15,19,24,8,3,12,10,23,17,,10,14,17,20,14,12,15,17,32,48,21,15,10,5,7,17,8,26,16,5,9,9,7,3,14,15,11,22,8,7,,12,8,49,36,55,68,8,21,11,5,1,6,8,11,7,18,12,23,18,12,6,3,10,,17,32,54,39,101,7,12,8,14,,26,60,45,12,28,16,34,15,22,2,22,,26,25,6,17,41,1,14,5,3,12,3,2,16,14,5,5,12,1,4,3,3,8,12,9,8,10,6,16,5,1,6,5,6,12,3,55,87,13,18,12,7,34,34,28,30,24,36,35,35,24,48,25,18,29,89,52,,29,46,23,26,28,43,14,31,18,16,29,72,94,66,18,27,,39,66,20,30,39,21,10,63,8,30,202,446,314,9,21,57,62,55,54,38,17,7,6,3,58,76,42,46,17,9,3,18,31,19,40,60,74,99,66,4,3,51,19,19,34,35,8,250,3
20160203,14,SO2_24h,23,15,16,18,16,17,33,14,11,21,23,31,,68,69,59,46,29,64,,,50,47,50,21,,,115,102,68,112,105,99,66,46,51,40,50,56,52,71,108,66,87,65,115,134,176,133,126,120,103,116,98,136,39,33,41,58,28,29,24,23,47,30,48,43,43,57,121,96,125,90,85,83,148,138,176,139,64,,123,127,154,118,138,119,327,46,94,50,75,65,31,61,25,73,83,77,,128,298,97,136,336,,224,146,113,101,104,75,52,90,64,94,15,167,149,71,79,105,40,49,50,29,48,62,64,62,,126,164,23,116,127,71,81,90,29,28,28,28,22,27,23,27,31,23,29,30,39,32,23,29,19,19,22,24,26,29,18,23,28,23,27,25,30,23,22,51,52,83,44,79,51,34,29,47,37,16,31,21,31,29,30,37,,28,29,33,33,36,34,27,35,39,32,42,,29,41,32,24,27,23,45,32,33,28,37,63,26,20,26,26,39,35,36,29,13,12,10,16,9,16,17,17,25,16,12,24,20,30,26,,22,25,21,6,3,5,11,22,19,21,,19,,20,36,,14,17,12,16,15,10,11,14,11,28,11,12,8,10,6,40,30,27,23,,11,35,37,4,30,6,11,5,7,6,5,2,5,3,21,21,16,17,24,21,9,26,21,40,91,44,73,69,,75,57,10,64,49,60,45,55,65,52,83,58,36,66,75,35,49,64,45,48,12,15,19,21,21,27,23,27,22,17,8,14,10,13,15,14,16,59,9,6,3,2,,10,2,4,5,2,6,4,13,5,5,5,5,11,8,6,4,7,2,7,8,11,11,6,7,8,7,,6,4,8,9,8,7,13,11,7,5,4,,7,6,12,3,8,5,4,3,4,7,2,5,9,,17,18,14,17,15,13,10,16,4,2,2,4,10,6,13,11,21,17,19,14,11,17,23,21,8,,18,18,18,15,13,9,17,9,8,,8,15,30,46,32,29,48,49,55,32,41,14,10,11,7,25,14,7,13,14,8,6,,7,43,33,27,39,10,47,30,39,16,42,36,29,18,35,35,18,36,43,24,39,28,21,104,109,157,134,155,161,,7,14,26,21,38,15,84,38,73,59,,80,65,31,22,45,27,16,86,4,60,88,73,52,88,83,66,49,21,15,42,64,81,58,71,95,76,97,158,45,44,31,112,132,103,132,7,5,7,2,116,81,106,85,101,88,61,,102,82,57,,65,66,42,50,111,115,99,,116,92,93,60,65,30,72,34,57,,42,37,50,131,,100,,110,66,59,64,78,,109,67,49,,50,41,45,107,112,89,,18,9,8,7,13,18,18,10,9,7,8,6,11,10,7,11,6,10,6,7,20,5,2,6,7,7,7,4,2,6,4,5,5,6,7,13,6,8,3,2,2,4,3,34,15,22,11,9,9,45,39,49,43,160,98,56,225,182,267,261,,203,262,59,79,81,125,55,101,97,103,206,174,149,56,173,54,46,171,92,102,101,108,76,96,48,81,89,49,54,42,142,111,174,121,173,107,56,105,127,64,177,219,62,37,80,47,36,,19,56,106,65,15,80,38,67,78,80,18,38,22,27,38,29,16,24,36,7,29,16,30,17,17,37,40,38,24,41,22,41,30,90,69,73,86,70,78,40,108,177,114,146,157,48,62,40,52,72,87,68,78,45,47,47,59,75,56,86,41,16,18,12,21,22,52,94,48,19,23,16,37,14,16,17,31,16,27,10,5,10,4,4,20,19,16,18,,8,11,7,8,17,17,,23,13,3,4,6,8,10,8,17,25,14,28,19,11,36,94,43,33,9,17,12,14,8,12,15,10,7,24,10,8,8,7,6,13,31,6,34,21,32,,34,14,23,19,29,18,13,45,58,40,46,35,50,86,124,25,16,31,30,31,34,41,24,14,42,41,25,57,24,73,14,,207,276,216,108,6,6,6,2,9,22,4,13,96,92,43,44,122,76,54,44,39,39,137,70,86,53,62,43,20,51,86,99,18,25,30,40,37,48,27,20,41,29,29,,20,17,25,33,25,27,34,,43,40,54,29,19,30,28,22,22,,16,12,7,11,10,13,12,,,62,127,25,17,14,42,21,45,32,34,34,8,9,8,182,202,150,200,220,167,201,231,347,226,126,68,,,130,187,181,,232,293,49,66,36,82,,146,195,130,,42,45,15,10,5,36,162,40,30,59,35,14,8,33,48,31,38,29,106,133,141,147,94,45,78,62,93,131,63,82,79,181,39,77,42,88,76,73,59,58,86,132,99,108,38,23,23,15,30,38,20,33,17,47,20,17,23,50,,31,28,35,23,21,24,9,39,23,11,39,19,5,,36,57,52,42,100,81,47,24,19,23,7,32,43,25,,5,23,35,32,13,35,38,44,33,16,16,41,20,29,53,2,35,46,12,6,10,7,24,20,50,,23,35,15,47,16,,20,17,27,29,12,14,9,20,11,25,3,4,5,6,3,8,10,6,6,,10,16,7,7,4,6,7,6,9,5,4,5,6,6,6,5,21,37,21,9,3,12,25,24,16,47,21,28,20,20,14,25,18,17,30,5,18,18,8,18,10,10,31,21,,14,13,12,15,6,14,19,14,85,74,59,61,88,66,92,50,52,52,59,40,35,37,41,68,78,35,64,,28,50,30,28,42,39,39,31,49,55,9,17,9,100,3,13,10,21,20,52,59,30,23,26,27,46,59,29,48,30,28,22,13,19,5,6,6,5,30,19,35,7,9,12,16,16,14,16,15,10,23,13,23,21,3,7,28,34,33,10,15,17,4,26,12,12,15,10,10,30,20,54,62,16,19,31,24,13,8,6,26,19,12,38,9,5,6,5,4,33,12,21,17,25,20,27,8,4,13,8,16,16,,9,13,16,21,14,8,12,15,26,20,17,12,10,6,11,12,7,26,21,11,13,14,16,3,21,12,7,28,11,11,,14,8,15,20,19,30,12,24,12,6,2,4,7,7,5,16,11,22,16,12,14,4,18,,9,21,35,37,72,8,11,5,15,31,36,49,46,51,26,12,22,17,27,9,23,,20,32,11,18,44,3,12,5,3,12,26,2,15,14,12,16,17,17,4,3,6,7,13,7,6,3,6,13,4,6,7,5,6,11,3,59,41,10,22,10,7,20,20,16,23,25,82,89,68,14,42,21,29,29,49,24,19,53,22,65,47,82,115,42,44,32,15,21,180,76,90,44,19,,23,38,35,36,25,39,12,34,5,34,145,172,139,27,110,73,26,33,18,22,13,6,6,2,38,53,26,34,16,19,2,10,15,11,54,105,47,40,40,6,25,38,14,16,22,32,10,225,3
20160203,14,NO2,45,6,47,46,58,49,42,39,14,56,60,42,,38,33,44,43,41,35,,,47,28,42,31,,,36,53,34,39,45,37,42,26,25,26,26,17,28,14,22,45,69,13,150,146,129,129,80,43,50,73,63,91,6,10,12,19,13,28,25,29,9,15,34,44,31,37,37,35,38,47,41,46,120,98,96,109,38,,29,42,35,45,48,78,63,17,26,49,21,32,31,26,23,51,35,29,,35,45,34,45,50,,14,31,33,23,23,18,21,36,34,49,15,41,34,54,30,45,18,13,24,22,21,33,38,151,,72,85,71,38,74,58,46,49,54,66,67,67,38,63,28,56,40,29,67,71,27,42,39,54,29,22,60,33,60,46,44,65,34,35,11,26,25,20,38,28,13,16,34,29,28,18,39,20,22,18,31,31,11,46,44,54,,45,46,45,77,29,58,48,47,29,37,42,,19,43,30,16,35,31,40,20,24,28,22,10,18,30,22,29,41,21,24,20,36,53,17,56,58,23,56,62,39,47,31,31,34,21,39,,25,26,30,16,23,,24,43,38,,,30,,28,29,,22,32,23,11,6,17,28,23,16,24,7,3,18,20,4,48,57,54,58,,9,26,11,9,10,10,20,25,21,19,17,6,18,21,25,16,18,8,21,40,18,33,20,11,28,16,62,31,,28,21,35,33,62,66,38,18,59,2,48,95,88,85,68,80,90,79,90,30,13,37,41,26,18,29,30,22,34,11,29,66,11,33,29,39,46,21,22,15,41,42,,20,22,32,11,47,7,31,7,31,37,35,40,40,16,45,8,21,22,17,29,39,20,23,27,26,21,,29,16,23,7,24,18,18,29,23,37,21,,20,22,18,16,13,14,14,16,17,8,18,18,11,,28,31,57,18,12,16,35,30,10,9,13,15,6,26,62,43,56,50,43,37,41,64,52,50,46,,65,52,51,73,36,49,57,52,56,,66,31,26,41,37,20,13,38,43,26,37,10,7,3,8,12,24,13,4,9,2,3,,1,81,111,116,88,49,62,110,69,55,66,42,95,57,61,57,31,40,31,43,37,45,10,36,77,28,71,98,68,,113,52,93,126,79,43,52,40,61,59,,26,35,24,30,22,8,12,37,57,33,83,32,45,50,27,19,13,7,5,14,31,41,36,34,12,18,26,15,31,28,22,38,66,63,41,21,27,24,14,39,34,54,32,30,35,19,,27,31,22,,38,21,21,22,26,40,45,,32,35,23,19,32,24,21,15,38,,36,24,43,22,,33,,39,30,20,10,49,,32,35,30,,29,34,31,27,31,31,,14,13,12,9,10,16,16,11,13,20,21,23,17,11,14,7,17,13,20,17,5,23,12,25,7,10,8,14,13,11,20,26,24,18,31,14,7,9,19,13,20,22,11,13,9,12,6,8,7,18,15,17,11,34,30,16,21,32,38,34,,27,26,19,54,27,54,11,20,24,11,29,22,19,7,15,17,9,32,50,59,66,59,44,49,47,43,54,66,50,60,34,87,18,22,78,92,63,12,75,27,12,29,20,25,19,24,15,,10,11,43,21,15,10,20,30,22,63,8,17,55,15,37,24,13,16,9,11,8,21,15,19,17,28,28,25,31,25,30,12,18,72,74,93,69,42,37,55,48,68,47,70,88,36,25,37,58,59,33,28,43,31,34,44,34,69,55,65,39,23,39,33,18,23,24,29,15,10,25,18,13,23,17,30,6,12,32,1,38,30,14,11,13,27,19,28,,17,10,15,13,21,10,,16,16,8,8,25,53,41,40,24,23,44,30,22,17,27,62,31,28,39,26,44,50,17,27,33,65,14,22,30,17,19,9,19,47,38,12,44,23,25,,30,13,7,51,141,109,155,38,49,32,32,27,41,48,39,34,42,61,78,57,39,61,55,43,61,67,52,11,6,15,37,,20,59,71,30,41,16,8,71,33,32,27,29,42,44,23,23,34,43,19,35,40,33,50,28,43,24,51,145,38,26,54,42,12,19,19,26,15,25,40,46,37,35,33,,24,31,70,50,24,27,9,,54,66,63,22,20,59,42,37,31,,9,10,63,27,14,16,22,,,36,25,28,16,20,16,13,23,26,18,17,24,19,18,50,41,42,37,38,33,24,29,35,18,28,33,,,29,71,52,,36,160,18,12,13,16,,13,16,8,,7,10,8,30,13,17,20,29,25,13,22,5,3,5,20,6,14,8,9,20,4,12,8,57,52,62,40,29,53,41,27,17,19,10,20,39,40,33,19,20,15,29,18,33,13,7,15,7,28,62,17,12,24,22,8,38,21,18,,19,18,40,14,52,28,7,27,23,21,35,13,25,20,18,77,30,30,54,50,10,8,24,26,32,50,19,8,,12,15,19,30,18,36,40,18,11,14,11,26,12,11,36,11,54,34,60,19,30,12,17,19,10,,17,32,31,17,18,,16,8,47,9,10,15,9,18,16,23,29,6,25,23,4,8,11,11,15,2,7,7,11,6,14,16,18,13,10,23,5,3,4,11,9,2,10,8,9,2,3,9,6,14,18,14,19,10,10,14,8,13,25,17,18,17,24,18,17,16,22,23,31,23,,18,13,9,14,11,16,20,15,124,55,50,34,54,60,48,21,43,37,23,44,42,37,28,14,26,30,18,,11,14,21,11,8,20,12,6,24,25,26,25,27,20,31,12,27,26,28,28,34,21,19,33,32,44,32,21,42,21,51,34,22,23,9,3,7,9,37,19,18,31,25,32,25,40,29,38,39,12,18,12,28,26,40,51,41,52,48,9,20,29,17,21,18,12,22,12,11,3,1,31,14,11,24,25,8,31,21,12,68,48,7,11,16,14,21,12,12,20,14,26,11,7,18,15,8,16,18,7,15,15,,8,17,13,5,16,13,12,56,73,56,83,8,23,18,37,23,22,32,24,21,43,25,29,10,39,23,39,11,44,48,,26,10,66,48,63,60,9,41,44,9,24,43,64,54,12,14,24,23,19,5,7,11,12,,14,23,25,26,44,12,17,39,34,,20,21,21,13,25,15,43,24,11,19,33,,24,17,5,20,24,1,,11,5,7,3,6,7,11,5,4,7,8,7,,2,5,4,16,18,20,8,1,19,19,11,2,1,7,3,11,2,11,12,4,7,35,50,69,43,18,44,29,32,23,31,23,22,18,40,24,7,26,70,14,14,19,13,19,25,23,44,13,16,31,31,21,27,,40,22,20,25,23,8,5,16,13,3,10,52,63,10,9,13,21,23,26,40,21,14,11,5,74,61,40,21,16,18,24,26,35,42,20,11,83,97,50,16,5,24,42,51,61,14,10,46,40
20160203,14,NO2_24h,62,12,63,78,69,69,74,42,28,52,62,57,,81,76,80,86,88,82,,,85,69,89,64,,,63,70,54,74,69,66,28,73,76,61,80,67,80,47,61,62,74,62,107,109,114,100,101,94,90,90,90,141,15,26,27,38,16,48,53,55,40,28,75,74,63,86,104,83,82,67,72,69,87,80,84,81,35,,24,41,39,48,36,50,69,50,38,60,61,47,61,57,44,57,63,62,,61,94,48,82,84,,72,58,66,52,48,38,35,43,29,61,10,81,69,77,61,72,23,31,57,44,54,39,51,102,,119,104,93,54,108,54,70,67,44,79,74,71,60,66,62,63,63,71,86,99,73,92,59,39,79,89,45,78,97,79,80,78,85,82,54,55,50,40,56,53,22,32,57,73,88,57,85,68,57,69,62,21,20,80,39,85,,50,82,79,72,82,79,66,93,77,52,72,,40,65,67,34,63,56,72,60,49,54,68,20,39,49,36,53,68,26,55,66,53,55,14,65,34,64,69,62,66,50,25,61,59,52,54,,36,52,53,21,22,38,21,44,43,54,,45,,64,50,,27,32,21,32,22,28,36,28,24,26,9,17,25,18,18,120,80,97,90,,15,75,20,18,17,10,14,21,22,17,17,8,26,26,50,29,19,20,34,52,15,53,39,14,59,47,90,68,,66,49,25,45,66,47,29,27,79,11,85,80,72,62,73,62,66,71,68,41,43,75,87,66,56,69,72,69,74,16,39,71,29,43,44,44,57,43,47,18,40,30,,16,24,31,12,40,7,30,16,32,39,35,37,16,17,46,14,21,15,18,24,45,20,32,20,26,17,,29,13,23,7,32,23,20,26,17,30,17,,21,16,16,13,17,15,10,15,16,9,23,19,11,,33,34,57,26,23,24,34,32,7,13,11,16,6,24,56,48,52,46,50,37,44,46,68,59,38,,68,48,51,56,43,43,48,42,45,,56,36,20,32,27,16,24,41,35,22,35,30,30,9,19,32,55,46,8,50,42,10,,24,76,74,79,83,41,73,87,77,57,68,36,83,49,85,74,25,69,59,61,48,46,13,21,60,40,45,52,55,,98,77,105,116,95,53,52,47,58,55,,46,43,32,38,38,9,21,46,30,49,55,54,39,64,61,48,38,22,29,46,53,56,55,47,37,48,46,61,65,56,31,37,60,75,51,21,25,20,12,73,74,91,77,77,67,45,,75,69,47,,68,58,42,45,64,86,72,,67,60,56,50,47,50,35,50,62,,39,49,58,53,,75,,62,60,55,34,91,,94,67,73,,44,38,48,72,77,62,,16,11,13,10,17,16,22,17,14,14,20,18,17,10,15,7,16,18,19,19,9,20,9,21,9,10,9,19,15,12,22,23,26,14,22,17,10,11,14,8,13,18,16,19,19,20,20,28,23,43,30,37,28,56,44,26,38,43,70,47,,100,61,26,61,39,64,15,29,75,27,75,53,28,17,47,25,17,66,47,60,65,84,61,65,31,67,62,50,61,41,74,68,60,58,79,76,46,48,67,49,51,67,58,41,57,49,40,,10,39,58,36,28,21,33,49,42,66,18,29,30,25,35,41,48,85,44,66,53,58,54,55,28,44,49,51,18,26,31,18,5,74,61,73,76,49,11,40,67,83,61,82,78,52,41,52,55,64,53,54,35,57,63,54,54,66,51,54,40,38,47,43,21,37,61,73,40,15,36,43,23,40,20,46,23,30,40,2,29,27,14,11,13,32,17,29,,15,11,17,12,27,14,,25,20,13,11,25,42,32,43,34,32,40,44,37,20,44,37,28,28,31,28,38,43,18,28,36,79,15,27,36,14,25,19,25,51,32,28,32,19,21,,29,28,20,64,71,79,90,43,63,45,37,31,46,41,79,34,41,61,59,64,63,57,64,40,55,61,52,23,9,23,33,,24,63,46,23,35,14,9,49,31,47,46,27,74,63,34,36,78,68,50,76,144,52,77,58,82,53,48,53,53,17,70,56,23,24,39,47,23,37,47,62,41,56,62,,32,56,72,84,63,57,36,,63,81,69,58,46,77,70,39,33,,22,27,56,40,27,27,32,,,46,48,39,37,20,45,51,42,43,31,24,32,35,44,67,63,59,53,58,41,56,58,58,33,49,25,,,27,75,56,,64,129,41,20,16,26,,18,67,55,,30,41,25,25,18,32,61,31,35,65,28,18,14,10,16,25,31,11,40,51,36,52,37,39,57,43,60,63,48,47,59,40,27,32,35,66,53,55,44,47,66,71,47,52,25,17,23,13,40,56,22,13,60,50,14,19,36,36,,20,25,34,15,41,32,23,43,47,28,39,11,13,46,14,37,24,15,58,46,41,13,30,53,22,51,56,47,,16,53,47,49,34,93,62,49,48,41,41,57,45,41,60,16,83,68,42,23,16,34,74,73,41,,31,63,39,21,33,,26,15,72,32,27,46,26,62,36,70,28,9,21,14,10,12,14,13,12,2,12,11,14,9,14,16,16,12,12,20,5,7,10,14,15,7,18,32,22,16,8,21,27,24,34,17,29,12,25,25,7,10,28,17,23,23,30,23,27,20,33,22,35,31,,30,28,26,35,11,20,38,19,90,67,70,31,78,66,55,46,95,55,47,54,48,48,46,54,43,48,51,,34,38,53,31,20,38,33,55,43,48,36,21,33,37,44,8,32,31,34,24,36,35,21,47,36,49,51,45,50,26,70,52,43,46,15,20,22,21,47,22,22,22,20,36,29,49,32,43,43,12,24,24,30,27,50,59,40,55,59,17,16,30,19,23,13,16,27,15,20,21,21,27,26,23,19,54,10,17,30,9,29,27,11,10,15,17,24,11,11,18,15,29,10,11,23,15,9,22,24,9,20,14,,14,33,40,29,33,13,14,62,63,57,67,7,30,23,39,22,18,31,37,37,51,41,39,10,29,22,31,8,35,30,,18,25,48,44,49,58,8,37,40,18,11,37,43,32,12,13,26,19,20,9,15,16,23,,13,27,40,40,60,15,18,21,24,29,33,22,25,24,20,10,34,22,12,16,39,,21,60,21,19,24,3,3,12,16,20,18,18,11,16,14,13,15,11,11,,20,6,11,26,29,5,9,2,19,23,19,16,22,9,4,18,41,6,16,4,7,29,47,58,44,42,67,66,65,20,35,37,36,32,35,20,6,38,47,37,40,40,35,49,51,36,49,18,29,30,39,41,25,,46,34,29,43,19,10,10,15,12,9,37,57,89,18,29,35,23,36,38,52,49,16,14,4,76,102,30,12,28,32,13,48,46,43,38,19,57,47,37,22,11,40,70,65,66,25,23,44,38
20160203,14,O3,41,88,42,54,47,37,46,50,45,58,43,47,,61,58,105,85,82,82,,,64,40,71,45,,,64,56,67,68,51,66,69,82,83,86,92,97,79,40,81,18,46,40,16,66,36,79,66,81,84,42,77,64,96,96,95,95,81,70,73,69,82,89,66,70,75,64,93,85,88,88,101,75,27,37,28,38,30,,32,32,30,34,22,36,37,73,58,52,49,34,59,57,74,56,77,72,,90,62,80,68,59,,103,74,75,79,65,83,91,74,68,66,113,82,84,47,76,75,87,118,56,90,107,44,68,15,,48,33,79,62,66,79,45,74,73,60,63,91,104,69,92,83,83,105,92,114,124,117,99,100,106,104,71,95,93,72,87,62,104,112,112,120,102,119,92,131,147,92,136,119,58,90,75,64,114,117,105,102,113,132,88,100,,107,103,101,86,74,68,86,116,98,93,103,,95,102,138,110,123,119,131,174,80,129,135,121,121,115,122,121,155,150,91,118,125,94,135,85,88,71,83,80,118,111,112,131,119,134,132,,146,125,122,93,81,90,84,97,103,,,133,,132,137,,128,140,140,129,117,103,87,111,125,117,140,97,111,103,99,114,78,55,77,,91,106,112,91,118,55,55,50,35,49,67,59,26,58,85,131,106,131,114,68,121,108,117,94,102,78,78,98,,95,102,103,96,81,59,110,123,79,52,93,61,13,20,54,47,67,72,17,130,123,80,85,77,149,91,93,105,62,104,52,50,92,75,65,62,72,53,66,61,34,29,,33,48,41,70,32,56,58,63,45,39,34,40,58,51,60,90,65,59,58,58,44,46,52,47,57,41,,35,46,56,66,33,43,39,31,32,35,41,,55,36,53,48,52,47,45,50,44,49,91,58,57,,61,52,27,66,75,71,65,71,49,61,71,51,62,49,6,10,16,12,24,34,11,7,19,13,24,,8,8,11,10,20,25,13,16,14,,17,37,61,56,49,120,117,51,54,80,47,83,100,94,103,98,92,79,86,87,92,81,,85,48,36,32,37,44,67,35,56,40,38,59,41,48,36,58,50,41,48,68,35,63,106,52,34,69,148,44,84,,3,18,17,15,21,18,38,24,32,36,,55,85,97,76,68,107,93,34,34,75,42,78,58,59,87,171,85,68,104,95,64,70,71,67,53,121,77,90,79,87,100,33,65,92,78,55,43,15,52,38,58,23,63,94,120,114,,89,86,92,,63,30,40,61,125,108,78,,43,87,86,104,110,107,115,81,80,,59,78,70,103,,97,,81,111,95,108,88,,122,116,109,,68,79,73,71,84,108,,86,84,88,92,89,59,72,73,63,59,53,56,65,59,70,32,68,57,65,59,58,21,33,23,68,73,68,56,52,55,54,42,49,68,64,78,75,67,47,61,63,59,71,30,13,39,81,45,65,101,136,184,86,68,51,76,45,50,85,84,,95,97,54,43,62,78,56,30,62,68,93,90,59,43,34,36,94,48,67,40,46,49,34,68,80,72,64,65,50,65,78,30,52,43,28,37,81,90,75,101,101,86,109,99,118,112,129,,144,82,45,53,70,69,76,69,75,59,159,86,42,67,31,81,128,98,113,40,110,94,117,49,38,71,27,69,45,101,89,111,77,73,25,58,65,69,54,62,78,53,61,38,27,65,109,131,92,64,101,75,78,102,106,107,99,36,39,43,59,124,110,81,95,95,135,99,118,87,78,84,120,111,92,109,100,65,62,19,40,64,73,,72,110,237,98,,47,76,60,93,101,96,,105,98,92,96,33,11,15,24,19,11,7,23,18,23,87,54,63,100,18,17,6,7,19,44,19,36,49,40,24,11,9,19,23,17,20,26,47,55,68,,68,92,63,50,25,65,46,85,92,134,122,135,72,92,82,105,53,57,32,73,90,71,78,58,26,47,41,76,90,75,56,,87,55,36,58,94,73,38,42,35,45,46,57,76,59,103,84,58,66,172,131,122,159,98,74,101,113,97,83,35,107,84,54,60,88,114,83,75,86,96,58,66,88,104,,112,,78,82,114,80,42,,103,91,127,115,175,75,71,90,98,,93,92,114,66,98,121,132,,,48,47,84,117,120,122,98,75,110,29,110,53,53,67,61,76,73,83,61,39,83,82,67,66,78,14,,,37,39,33,,103,27,79,103,102,55,,35,86,64,,83,74,104,50,71,68,67,39,75,48,73,78,89,96,75,73,97,92,49,83,50,58,73,50,57,66,74,109,48,59,111,63,60,47,39,75,51,57,66,89,81,84,100,56,76,63,73,85,102,54,84,90,77,87,114,51,91,72,,64,61,82,127,42,69,64,120,125,129,141,118,50,74,126,30,53,55,64,69,52,64,101,19,71,144,139,148,,102,66,95,75,82,89,115,161,64,27,88,29,118,121,44,19,20,54,40,60,177,26,58,80,56,,54,133,34,65,24,,112,25,53,74,50,,35,118,81,85,50,42,51,57,50,41,40,32,42,64,62,70,36,52,57,51,49,58,61,44,102,69,113,111,100,69,110,104,122,48,92,79,90,131,107,124,104,144,127,99,68,61,61,66,65,58,110,89,67,89,88,74,92,95,,68,67,72,65,94,125,124,106,46,54,72,55,49,67,35,91,111,94,100,89,46,112,103,124,116,139,120,,108,120,136,114,121,108,126,112,118,79,83,88,125,44,80,119,61,75,112,90,43,85,73,113,103,75,123,121,59,116,89,72,99,125,94,115,105,116,99,57,89,41,27,73,62,63,64,66,56,90,77,99,91,92,91,77,92,79,79,50,32,41,58,26,86,98,61,98,99,82,76,52,72,65,115,108,125,92,102,46,12,30,73,55,54,57,58,64,33,62,73,75,59,60,32,64,64,75,57,63,66,52,,94,80,118,84,72,85,77,10,11,7,8,23,26,11,24,19,17,15,15,30,24,27,23,56,30,28,24,42,28,26,,14,55,42,26,60,76,30,18,106,19,53,31,19,27,26,32,29,19,31,47,74,75,29,,123,93,94,98,97,74,19,15,89,,68,56,61,57,65,81,15,24,30,48,60,,82,166,110,59,83,83,43,110,73,88,78,123,81,88,53,63,55,47,53,39,97,83,70,92,107,35,37,57,50,78,87,59,88,106,89,24,43,10,47,86,76,40,28,24,36,85,90,73,83,35,59,61,94,92,18,39,36,54,28,65,63,71,83,90,110,71,58,62,60,56,42,39,46,,23,63,75,62,118,105,90,86,23,4,85,44,61,35,86,56,39,33,77,35,,31,33,104,26,88,48,26,61,86,49,53,29,25,52,56,20,18,52,79,92,65,59,51,50,42,35,77,41
20160203,14,O3_24h,52,89,62,54,69,51,65,76,50,68,77,69,,61,58,105,85,82,82,,,67,40,71,45,,,68,73,80,68,65,71,88,88,86,86,92,100,85,40,91,38,87,40,83,124,73,125,102,81,84,69,79,65,96,96,95,95,81,80,84,79,82,89,68,71,77,64,93,85,88,96,101,77,72,70,46,71,37,,51,58,44,38,27,69,62,73,65,72,60,39,68,60,84,56,77,77,,90,62,93,68,59,,103,86,79,79,68,83,93,84,95,85,139,82,86,48,76,75,98,118,56,91,110,44,81,43,,48,33,79,62,66,92,46,76,88,76,82,101,115,89,92,100,90,119,102,131,127,119,144,122,114,104,101,95,93,72,91,92,104,112,112,120,102,119,92,131,147,92,136,163,112,90,91,64,114,117,105,105,113,136,95,102,,107,103,101,125,74,70,86,116,98,123,103,,95,119,144,110,123,119,131,174,83,129,135,121,121,115,122,121,155,150,91,118,125,105,135,93,106,71,100,115,118,123,112,131,119,134,132,,146,125,122,93,82,90,84,97,103,67,,133,,132,137,,128,140,140,129,123,103,87,111,125,177,140,160,111,103,99,114,82,57,96,,109,106,116,100,118,73,78,72,38,64,86,61,28,66,91,138,115,139,120,87,127,120,117,94,102,97,78,108,,109,102,103,96,83,59,110,123,79,67,93,100,66,68,74,72,112,77,33,130,125,107,92,105,156,106,99,125,82,227,75,115,93,107,81,105,99,79,105,104,59,60,,60,73,67,73,62,72,69,158,53,45,56,40,92,51,60,90,71,67,58,62,44,47,52,62,66,56,,45,50,56,66,35,46,43,43,44,49,50,,62,44,58,53,52,59,58,62,47,49,91,58,57,,61,64,30,66,75,71,67,71,64,65,71,51,63,83,55,33,55,62,50,70,40,61,27,62,61,,32,25,60,86,74,95,100,91,89,,99,85,75,82,73,125,117,54,74,104,55,83,100,94,103,98,92,79,100,95,100,153,,85,70,82,76,50,75,68,102,64,48,42,103,59,82,77,91,104,81,81,86,45,72,106,61,57,82,148,105,103,,6,18,22,25,38,22,94,64,146,86,,55,85,97,76,68,108,93,42,71,79,58,84,66,75,94,174,88,73,104,95,81,108,86,77,53,121,81,90,91,105,107,37,79,114,80,57,45,63,52,38,58,23,93,94,120,114,,89,86,92,,63,47,40,61,125,108,78,,43,87,86,107,110,122,162,81,80,,66,78,76,107,,102,,81,188,95,108,88,,122,116,109,,72,91,80,109,84,108,,87,86,89,92,89,59,72,77,63,59,53,56,65,60,70,33,68,57,65,59,58,29,40,34,68,73,68,65,60,58,54,42,49,68,64,78,75,67,47,61,63,59,71,30,13,40,81,45,65,101,136,184,91,68,51,81,46,53,85,84,,95,97,62,58,69,88,59,38,62,68,93,90,59,43,34,38,139,83,77,40,66,64,45,68,91,72,64,70,50,70,78,41,52,43,28,104,88,90,79,101,101,86,109,99,119,112,129,,144,82,45,53,72,77,76,71,90,78,159,104,62,88,33,85,128,98,113,40,110,94,117,55,38,72,43,71,46,103,90,112,89,80,30,83,77,74,58,74,78,62,76,50,49,65,109,131,98,73,106,83,83,105,111,107,112,84,63,80,94,124,110,81,95,95,135,99,118,89,78,91,120,111,101,120,110,75,78,20,85,112,100,,72,110,305,98,,53,83,62,93,101,96,,105,98,92,96,90,80,46,82,43,32,40,68,67,66,87,54,71,100,100,79,75,59,116,44,22,47,102,510,283,247,16,22,23,20,45,32,64,82,83,,76,92,63,57,95,70,63,99,93,134,122,135,84,92,82,121,73,90,69,104,90,115,115,80,29,77,81,82,101,80,76,,106,84,90,97,99,89,43,100,48,55,57,77,76,59,103,84,64,67,172,133,124,159,105,74,101,113,97,84,37,107,84,62,60,88,114,83,75,86,101,59,66,91,109,,112,,87,84,114,80,47,,103,95,127,115,175,76,78,90,99,,93,126,122,66,98,121,132,,,57,50,84,125,124,128,102,75,110,29,110,57,53,67,65,116,86,83,67,40,87,82,78,81,86,17,,,56,58,43,,130,46,87,117,134,55,,35,86,69,,83,74,104,69,76,75,79,58,85,53,83,89,206,96,97,77,104,96,50,92,52,59,78,84,87,105,91,118,50,62,111,70,68,47,39,81,55,68,66,89,81,84,101,56,79,63,73,85,110,83,95,90,77,87,114,84,91,72,,64,81,83,127,69,92,64,120,125,129,141,118,64,76,126,43,72,69,82,85,52,66,117,24,73,144,139,148,,115,78,114,86,110,89,128,161,66,31,88,29,118,121,52,23,21,54,179,76,207,38,58,81,61,,59,133,40,164,24,,112,25,53,74,95,,37,126,81,88,59,48,69,74,54,61,57,50,59,78,62,74,37,52,57,51,49,70,73,68,105,69,113,136,100,69,110,104,122,48,96,86,90,131,107,124,104,144,127,116,82,80,75,83,83,69,138,110,78,89,88,74,92,95,,68,67,72,65,94,125,124,106,55,54,72,75,74,89,51,91,111,94,100,89,49,112,105,124,116,141,120,,108,120,136,114,121,108,126,112,118,93,94,123,125,44,94,119,61,76,112,102,55,87,80,113,110,84,123,123,68,119,119,92,99,125,97,125,105,116,104,57,204,49,34,96,88,64,87,80,66,105,84,114,99,99,133,107,126,106,123,58,57,60,69,33,114,131,84,128,125,109,107,105,114,108,129,124,396,131,115,81,82,106,73,133,54,57,65,64,51,65,74,84,73,61,32,72,64,75,57,63,72,53,,94,80,118,84,72,85,77,26,26,37,38,30,50,20,53,95,91,73,76,61,69,71,64,126,95,94,95,82,68,76,,39,79,53,27,87,82,46,20,124,19,58,31,24,30,75,84,84,83,89,59,88,88,40,,123,93,94,98,97,185,39,23,97,258,77,69,71,57,114,121,44,54,37,69,83,,112,166,110,80,93,83,56,110,93,107,90,126,83,88,53,63,55,84,83,46,103,83,70,110,124,47,37,79,60,86,96,61,88,106,89,27,47,14,55,86,78,64,58,70,58,85,94,76,96,72,107,100,110,101,33,71,133,64,69,81,86,98,116,90,115,97,73,69,71,71,85,73,81,,38,109,82,75,118,105,102,111,32,5,85,56,70,49,86,56,44,43,93,53,59,43,42,116,30,104,94,26,67,90,71,79,48,53,62,69,60,62,91,103,93,65,59,59,80,42,40,84,65
20160203,14,O3_8h,19,58,18,15,22,10,14,36,26,29,24,18,,24,23,46,37,33,32,,,26,20,28,22,,,20,21,24,23,20,25,64,39,35,36,42,42,33,19,36,8,23,21,9,51,31,63,28,32,33,24,34,24,61,57,52,50,55,32,34,35,40,64,27,34,33,26,35,30,32,32,48,32,14,16,15,21,14,,25,11,12,14,10,25,16,33,24,19,16,18,29,23,37,39,33,27,,37,21,56,24,26,,40,38,44,41,40,62,59,55,44,29,72,45,56,28,47,47,77,88,34,64,74,37,44,20,,23,18,37,37,42,60,26,46,56,43,39,70,70,45,59,57,53,50,40,39,50,49,50,68,42,56,53,44,49,33,47,40,52,42,48,60,58,67,50,52,65,54,65,74,38,45,37,36,73,58,54,51,61,70,59,49,,53,45,46,51,35,34,40,45,43,67,47,,50,55,75,66,60,58,78,77,41,60,62,54,66,63,69,74,93,87,51,53,58,44,101,38,58,36,35,42,53,59,64,68,55,68,67,,77,61,64,69,65,61,70,50,49,16,,62,,54,59,,83,85,90,110,108,87,43,60,62,83,114,66,61,61,53,50,36,27,36,,43,60,58,54,62,52,50,50,30,48,61,58,17,46,43,95,72,112,76,46,79,69,76,75,58,67,42,67,,60,68,70,48,34,21,54,70,42,28,44,28,14,8,22,23,23,48,12,61,60,37,37,39,89,43,47,52,29,58,32,22,48,31,35,34,38,26,31,36,28,35,,40,46,40,62,30,47,55,71,34,26,40,28,56,41,51,66,57,52,44,50,34,40,41,43,50,37,,34,42,46,54,26,33,30,29,35,34,42,,47,35,46,42,41,44,44,46,38,41,53,46,45,,25,28,12,30,36,37,25,32,52,50,58,40,57,60,4,6,14,9,27,22,6,13,11,14,21,,9,4,12,7,14,13,17,10,9,,15,36,53,45,36,118,96,33,48,64,31,42,53,65,51,44,40,31,48,38,39,53,,57,25,24,20,23,22,35,18,26,25,19,30,16,22,20,42,52,13,17,21,17,38,50,48,16,38,65,32,56,,3,5,9,8,10,14,28,16,24,31,,22,40,56,36,32,101,51,20,21,45,31,33,44,26,36,116,60,41,53,56,38,40,46,33,27,66,33,38,40,47,65,20,40,62,39,44,34,14,46,16,25,12,28,42,59,41,,34,33,55,,36,15,23,34,52,56,40,,24,50,45,63,58,87,83,35,40,,42,36,39,52,,41,,33,77,55,76,33,,43,46,43,,65,67,47,35,43,55,,69,70,75,76,71,26,32,33,30,32,26,34,38,37,44,20,42,33,39,35,30,12,29,20,42,44,42,50,47,47,47,40,42,63,57,68,45,34,23,27,26,23,41,24,11,25,29,18,26,69,101,131,46,27,30,46,25,23,32,35,,46,32,21,22,23,43,19,15,22,32,36,30,25,30,24,28,81,18,56,29,33,29,23,44,70,27,30,55,23,50,34,19,16,15,13,18,56,52,59,58,43,40,57,82,64,79,90,,122,51,25,25,46,35,36,33,38,40,108,62,44,46,30,39,78,57,92,27,47,43,55,36,20,32,12,31,26,53,47,61,81,33,13,34,28,25,27,44,23,23,24,18,10,33,66,94,59,23,36,24,46,39,42,41,41,17,18,24,18,51,46,34,41,49,70,50,70,38,42,48,61,54,50,66,53,34,29,18,29,42,38,,64,82,169,76,,43,62,48,76,71,78,,74,86,63,63,18,11,10,13,15,4,6,8,13,16,26,20,21,37,10,7,5,5,21,19,13,36,41,29,16,8,7,14,16,15,18,19,47,69,58,,64,48,37,24,12,24,16,64,44,71,72,78,28,31,24,68,24,20,11,30,28,25,22,31,19,23,26,63,84,55,57,,39,27,16,31,88,79,36,24,34,32,37,48,33,52,68,62,19,29,72,61,73,77,32,24,46,46,60,56,10,52,39,25,28,70,54,40,25,31,62,33,44,52,67,,65,,52,46,59,30,22,,57,53,66,55,100,35,45,49,60,,76,102,92,40,64,59,69,,,23,30,52,71,92,66,49,51,71,21,67,38,24,36,45,38,30,35,31,30,34,32,29,29,32,5,,,13,19,22,,43,17,29,40,33,21,,22,40,26,,54,40,74,46,60,42,26,30,34,20,76,84,100,90,76,63,83,88,25,28,34,24,36,49,24,52,36,51,30,37,56,44,41,20,25,57,41,37,34,48,22,30,52,28,56,51,56,64,54,25,54,66,40,57,92,55,51,27,,50,57,71,108,29,51,37,68,86,96,98,94,23,25,97,34,45,53,44,45,27,57,70,18,47,103,68,87,,51,34,55,40,44,41,79,98,51,20,45,18,70,67,26,20,16,26,87,49,72,23,36,49,31,,36,75,22,97,21,,58,17,53,49,48,,20,101,55,72,43,44,48,60,45,35,35,31,40,57,58,69,35,37,38,37,36,43,44,37,79,36,61,73,51,47,51,48,64,22,60,43,47,56,47,59,56,76,55,50,61,57,54,60,63,22,48,42,34,56,44,39,49,52,,33,31,36,36,59,75,76,64,30,27,32,20,13,24,12,64,71,58,59,51,28,61,53,64,59,81,74,,61,72,74,77,93,76,87,47,68,45,41,45,64,25,43,103,22,33,52,55,24,47,47,78,71,45,65,76,31,67,43,35,66,79,54,62,47,69,45,33,63,16,10,26,30,22,27,24,18,51,36,48,44,42,51,44,59,40,38,42,33,39,57,24,46,50,28,63,50,34,29,26,36,44,75,47,58,47,39,21,10,13,62,56,46,52,54,61,29,50,63,61,56,44,24,48,51,58,41,24,30,49,,56,51,64,46,37,55,48,8,8,6,7,20,22,10,22,17,14,9,14,31,26,23,21,40,34,18,28,49,27,25,,12,22,30,17,49,50,34,13,89,14,38,13,6,10,21,24,21,15,24,34,46,48,26,,66,35,33,31,31,114,17,12,88,,64,58,57,52,40,59,20,28,31,53,48,,82,100,47,58,83,81,43,102,36,39,36,63,63,72,42,48,44,37,41,13,36,71,54,28,31,18,12,66,50,49,58,35,47,84,68,9,17,11,35,80,68,20,10,11,15,40,30,28,34,24,29,29,49,46,18,40,47,28,19,34,31,33,38,41,52,54,43,54,31,30,19,18,32,,13,35,36,22,80,60,68,52,12,4,44,17,28,32,65,33,23,21,46,22,15,22,20,88,16,73,51,20,52,85,47,23,16,14,23,36,26,34,39,67,91,47,26,27,30,14,26,38,38
20160203,14,O3_8h_24h,48,83,53,49,61,41,51,72,46,59,64,55,,48,44,83,63,58,61,,,58,32,60,39,,,56,72,64,62,59,60,88,70,66,64,59,76,59,32,76,30,64,28,42,52,43,95,68,56,62,52,54,43,85,78,73,76,69,60,68,62,72,80,54,64,57,49,64,67,68,82,76,62,57,51,36,59,32,,42,37,32,31,20,50,44,63,50,55,41,37,57,47,71,41,51,55,,55,33,66,34,35,,80,70,54,60,40,67,78,66,80,58,127,54,68,28,55,53,90,103,43,75,92,41,59,30,,23,18,37,40,42,85,40,57,76,63,73,88,81,72,72,85,75,94,82,108,96,74,99,114,77,56,75,76,77,52,76,80,72,66,74,81,74,78,50,88,93,58,88,96,98,72,82,36,79,93,86,88,92,113,83,80,,83,68,70,83,46,50,73,77,68,96,68,,59,75,97,80,74,76,94,112,55,84,84,78,88,80,89,91,100,87,60,66,88,82,119,81,86,56,87,98,110,93,89,90,82,95,90,,105,88,85,69,66,61,70,76,77,57,,93,,92,111,,83,85,90,110,108,87,69,88,85,90,114,109,80,88,81,83,58,47,87,,88,82,84,87,100,69,74,66,36,66,82,58,22,56,76,131,106,125,108,72,115,107,98,78,62,74,48,76,,75,78,85,81,72,53,78,108,68,43,79,84,40,70,58,65,101,68,24,104,102,70,70,77,129,79,85,105,62,100,67,103,81,94,64,92,85,68,96,96,45,51,,57,61,56,68,50,68,62,74,47,39,49,35,81,44,57,66,65,64,48,58,35,42,41,56,60,48,,38,45,46,54,30,40,36,36,37,40,47,,52,40,53,48,44,53,52,56,41,45,53,46,46,,56,60,22,55,67,63,64,61,57,50,58,40,57,71,38,17,34,39,42,46,23,48,18,50,40,,19,16,50,56,58,69,78,69,66,,71,78,67,71,69,119,98,50,63,95,47,42,53,74,51,44,40,31,90,84,90,93,,76,51,64,62,34,56,40,82,47,41,36,79,42,65,47,69,96,63,48,54,35,65,86,59,48,63,105,94,88,,9,12,16,18,25,18,85,54,98,75,,29,62,66,48,45,104,51,35,66,52,46,67,44,58,77,116,76,61,77,84,71,92,80,72,34,86,68,59,72,83,95,34,72,107,66,55,44,46,50,29,44,19,75,55,84,76,,58,59,65,,46,37,33,53,83,79,64,,33,67,60,73,87,90,89,58,52,,49,60,55,87,,79,,54,87,66,80,53,,74,78,66,,67,75,69,53,71,84,,73,70,75,77,71,35,39,59,36,45,39,36,40,39,44,29,44,34,39,35,37,26,35,30,42,44,42,58,55,54,47,40,42,64,58,68,48,40,24,31,26,26,41,24,11,30,44,20,28,79,111,141,80,49,42,58,40,44,58,64,,79,68,46,41,54,77,45,30,48,51,75,66,47,32,24,34,85,60,56,34,49,47,35,44,70,48,40,59,31,52,50,31,34,33,21,30,69,71,75,82,70,65,89,82,94,88,107,,129,66,34,46,62,69,62,52,43,59,134,82,57,84,30,66,89,67,92,29,69,72,84,39,24,66,38,64,37,92,85,102,87,64,26,68,59,60,50,66,63,46,61,41,38,40,66,98,79,56,81,65,75,84,97,88,104,63,54,66,79,100,84,69,84,72,120,82,108,75,72,80,90,101,93,105,96,64,67,19,76,96,87,,69,103,169,90,,50,78,60,76,71,78,,80,86,63,63,78,64,37,52,36,28,35,55,51,64,61,44,56,61,83,64,59,43,61,19,18,36,91,126,84,67,12,18,18,17,34,28,58,74,71,,66,48,37,48,80,61,36,84,80,107,102,112,67,59,46,114,62,79,60,90,60,101,99,66,19,58,69,73,93,73,72,,89,66,79,82,96,85,40,80,43,42,46,64,63,52,83,67,53,61,95,92,110,117,80,59,82,96,60,58,27,87,67,49,46,77,91,66,52,74,91,50,59,65,76,,65,,63,46,73,45,39,,70,71,78,73,132,55,58,74,75,,76,114,108,53,84,97,106,,,51,41,66,105,109,106,83,66,92,25,85,50,39,54,59,82,69,54,55,36,74,68,63,61,71,12,,,42,48,36,,101,37,71,100,115,32,,28,58,58,,68,53,86,66,74,66,62,47,70,39,80,85,102,91,87,72,96,90,44,73,46,46,69,69,68,82,75,85,36,46,80,58,59,38,35,68,46,54,52,69,35,42,77,40,66,58,62,74,94,76,86,76,65,74,95,81,74,68,,57,76,77,108,58,68,53,88,88,97,98,94,32,67,106,43,73,70,68,89,36,61,71,21,57,113,113,113,,95,64,102,78,98,57,108,125,54,25,60,20,89,67,35,20,21,26,144,70,136,26,48,64,53,,51,103,32,143,23,,77,20,53,64,48,27,31,117,65,76,59,47,61,72,53,54,53,48,53,76,58,69,35,43,48,46,43,66,70,66,98,56,68,83,77,54,51,48,64,22,89,76,80,104,92,66,56,76,57,58,77,76,72,81,79,61,122,96,69,56,44,51,58,54,,51,52,57,53,68,105,97,86,46,42,43,53,49,64,35,64,71,58,59,72,39,95,91,109,102,123,101,,91,96,114,90,99,80,94,96,104,87,78,108,96,36,83,103,51,66,93,89,47,68,68,99,92,73,105,107,60,105,105,82,82,108,85,99,87,98,88,78,84,42,26,87,76,55,76,67,60,97,78,106,91,91,120,96,113,92,106,110,51,57,65,31,105,113,75,114,109,95,102,96,105,100,123,118,300,125,110,81,67,92,68,84,51,54,62,62,48,58,70,75,72,56,30,69,60,58,46,61,69,51,,82,73,100,77,63,67,59,32,24,33,25,28,37,14,41,68,66,55,60,44,41,38,37,106,67,66,63,70,54,58,,32,50,32,20,60,56,40,15,110,16,52,19,16,22,68,79,70,71,74,55,84,82,36,,77,54,59,60,45,114,25,18,90,214,68,62,61,52,96,98,41,52,34,66,79,,104,156,102,77,94,81,47,102,84,99,74,119,76,79,42,48,47,68,72,38,90,80,61,85,97,43,27,79,54,76,86,53,74,87,84,25,44,12,53,84,76,55,44,58,44,73,73,64,74,67,78,78,94,92,29,60,48,55,58,66,70,88,100,58,82,90,68,60,57,65,72,60,78,,31,96,73,58,101,84,91,102,24,4,61,43,50,40,66,43,41,38,87,46,50,38,38,109,24,79,83,21,60,85,62,63,40,45,53,54,47,62,77,71,91,51,47,48,67,30,33,76,57
20160203,14,CO,1.1,0.4,1.2,0.8,1.2,1,0.7,1,0.5,0.7,1.7,1.1,,1.484,2.022,2.934,2.164,2.174,2.679,,,2.511,0.821,2.172,1.064,,,0.64,1.404,0.734,0.622,0.846,0.549,1.179,0.558,1.204,0.654,0.573,1,0.905,0.933,0.812,1.887,1.305,0.649,10.821,7.493,6.245,10.119,2.363,1.426,1.721,3.526,1.817,1.847,0.484,0.437,0.197,0.398,0.431,0.647,0.562,1.023,0.315,0.528,0.614,0.958,1.005,0.603,1.583,1.218,1.225,2.114,2.14,2.177,3.969,4.022,3.339,4.109,1.909,,1.707,2.093,2.398,3.776,2.949,4.676,2.755,0.934,1.295,0.983,1.131,1.194,0.882,0.93,0.847,1.21,0.9,1.171,,0.938,0.87,0.84,0.97,1.024,,0.746,1.276,1.043,1.181,1.13,1.158,1.208,1.301,1.936,1.627,0.855,0.768,0.877,0.939,0.636,0.77,0.635,0.713,0.771,0.571,0.672,0.163,0.156,5.06,,0.27,,1.213,1.303,3.509,,0.958,0.454,1.464,1.773,1.156,1.063,0.922,1.364,0.459,1.407,0.679,1.916,1.445,1.737,1.229,1.305,1.472,1.591,0.976,0.982,1.354,0.892,0.611,1.277,1.195,1.396,1.127,1.183,0.685,1.039,0.916,0.626,0.665,1.117,1.225,0.928,1.716,0.857,1.487,1.02,1.069,1.475,1.23,1.237,1.658,1.096,1.036,1.447,0.956,1.499,,1.878,2.128,1.108,1.84,1.437,2.145,2.071,2.054,1.354,2.144,1.308,,0.772,0.908,1.434,1.011,1.14,1.666,0.853,1.068,1.526,1.084,1.756,1.08,1.193,1.189,1.276,1.199,1.908,1.761,1.95,2.126,0.948,0.831,0.648,1.112,1.465,1.14,1.209,1.137,1.44,1.046,1.086,0.94,0.883,0.819,1.038,,0.813,0.856,0.813,0.643,0.892,0.769,0.743,1.049,0.944,,,1.356,,1.223,1.455,,1.024,0.785,1.263,0.897,0.631,0.672,0.971,0.825,0.835,0.864,0.755,0.892,0.666,0.797,0.684,1.076,1.377,0.789,1.22,,1.086,0.844,1.263,1.068,1.366,0.533,0.958,0.544,0.59,0.913,0.759,0.704,0.645,0.703,0.674,0.278,0.906,0.743,1.099,1.257,0.901,1.7,0.852,0.808,1.505,5.971,0.676,0.645,,0.7,7.277,1.038,1.204,1.187,1.369,1.436,1.414,1.866,1.139,1.535,2.137,2.368,1.51,1.262,1.917,1.665,1.419,2.06,1.868,0.652,0.869,0.844,0.944,0.81,0.826,1.519,0.78,0.991,0.59,0.881,1.732,0.717,1.263,1.082,1.127,1.454,0.903,1.447,1.204,0.742,0.813,,0.846,0.844,0.811,0.672,0.984,0.851,0.785,6.823,1.116,0.992,0.95,0.804,1.186,0.95,1.32,0.915,1.276,1.082,1.015,0.891,0.988,0.913,0.892,0.706,0.648,1.1,,0.979,0.836,0.905,0.436,1.111,1.093,1.029,0.919,0.809,0.961,1.259,,0.914,1.013,1.067,0.925,0.931,1.087,1.18,0.886,1.118,0.838,1.29,0.994,1.068,,1.263,0.752,1.126,1.262,1.274,1.041,1.396,1.395,0.795,0.715,0.861,0.943,0.933,0.799,1.595,1.335,1.159,1.185,1.154,0.88,1.265,1.423,1.004,0.686,0.866,,1.426,1.143,1.075,1.242,1.401,1.542,1.928,1.5,1.74,,2.007,1.292,0.621,1.394,0.725,0.651,0.668,0.87,1.58,0.836,0.924,0.458,0.213,1.006,1.342,0.785,0.694,0.924,0.355,0.938,0.231,0.254,,0.184,1.548,2.527,2.287,1.716,2.092,2.431,2.063,3.317,3.546,1.738,1.588,2.505,2.011,1.714,1.438,1.824,1.485,1.089,1.453,1.924,1.23,1.611,1.41,2.525,1.827,1.73,2.751,2.654,,5.193,2.86,4.047,7.228,3.013,2.174,1.406,1.418,2.086,3.571,,1.017,1.149,0.952,1.046,0.894,0.561,0.642,1.251,1.926,1.285,3.616,1.655,1.83,2.834,1.476,0.925,0.489,0.271,0.372,0.54,1.284,1.274,0.123,1.135,1.076,1.134,1.406,1.015,1.053,1.587,1.202,1.253,1.762,1.831,1.821,0.729,0.835,0.874,0.649,1.401,1.377,2.382,1.112,0.811,1.483,1.871,,1.728,1.952,1.444,,1.414,1.99,2.706,2.716,0.703,1.443,2.295,,1.671,1.111,0.842,0.707,1.17,0.766,1.236,0.902,0.887,,0.781,0.694,1.06,1.277,,1.32,,1.821,0.872,0.855,0.904,0.873,,0.773,1.522,1.171,,0.521,0.886,1,0.731,0.856,0.95,,1.271,1.156,0.682,0.804,1.281,0.713,0.717,0.708,0.885,0.983,1.072,1.288,1.134,1.005,1.021,1.121,0.53,0.865,1.148,1.173,0.892,1.365,1.413,1.322,1.221,1.173,1.091,0.996,0.976,0.888,0.929,1.472,1.084,0.922,1.023,0.745,1.035,0.906,1.269,1.14,1.095,1.167,0.791,1.782,,0.895,0.771,1.356,0.972,1.284,1.198,1.058,2.263,2.128,2.042,1.515,1.935,2.668,3.709,2.714,,1.47,1.289,3.983,7.974,1.172,3.154,3.019,3.164,,0.859,1.183,1.499,0.742,0.286,0.819,0.24,0.1,0.435,2.478,2.933,2.925,3.268,2.879,2.502,1.468,3.625,3.72,1.847,1.413,2.91,2.681,3.597,1.323,1.075,5.094,5.027,2.944,0.488,1.341,0.501,0.348,0.742,1.077,0.552,0.629,0.753,0.563,,0.675,0.357,1.057,0.338,0.628,0.773,1.201,1.416,0.07,0.793,0.631,0.707,0.613,0.617,1.331,0.748,0.988,1.019,1.643,0.869,1.926,1.208,1.075,1.915,2.534,1.038,0.994,0.558,1.173,1.063,0.718,0.922,1.126,2.255,2.22,3.258,2.684,2.023,2.698,2.363,3.284,4.564,2.802,3.808,4.729,1.768,0.74,0.918,1.609,1.036,2.258,0.781,1.867,1.589,1.542,1.882,1.191,2.292,3.269,3.305,1.334,1.052,0.836,0.796,1.235,1.001,1.148,1.451,1.244,0.987,0.871,0.96,1.092,0.734,0.944,0.535,1.374,0.419,0.866,1.197,,1.764,0.918,0.782,1.016,1.178,1.255,1.487,,1.464,1.046,1.309,0.998,1.16,1.249,,1.2,1.026,0.903,0.778,2.135,1.706,1.309,1.222,1.631,1.421,1.169,1.665,1.331,1.192,2.101,3.623,1.46,1.05,1.045,0.928,0.995,0.932,1.358,1.372,1.238,1.748,1.382,2.005,1.446,1.718,,1.916,1.246,1.23,1.691,1.533,0.996,0.35,0.961,,1.075,0.7,0.952,1.806,3.524,2.255,2.433,1.371,1.407,1.194,1.089,1.511,1.067,1.595,0.528,1.27,1.195,2.702,1.835,1.385,1.593,1.705,1.514,1.336,2.825,2.897,2,1.006,0.165,1.858,0.875,,1.652,3.085,3.444,1.918,1.561,2.359,1.889,1.041,1.381,1.197,1.629,1.25,1.445,1.633,1.059,0.987,1.288,1.235,0.863,1.271,1.404,1.346,1.369,1.229,1.537,1.189,1.368,2.217,1.263,1.635,1.893,1.837,0.691,0.576,1.008,1.677,1.158,2.098,1.205,0.896,1.028,0.783,0.79,,1.133,1.374,2.89,,0.408,0.705,0.788,,2.045,2.5,2.337,1.538,1.775,1.295,1.422,0.85,1.14,,0.765,0.773,0.836,1.022,0.903,1.276,1.097,,,0.886,1.09,0.737,0.974,0.501,0.526,0.869,0.961,0.927,0.709,1.472,0.78,0.655,0.901,1.094,1.168,1.508,1.939,1.118,1.472,0.953,0.676,0.994,0.424,1.408,3.642,,,2.241,4.465,3.425,,3.251,3.701,3.129,2.231,2.963,3.248,,4.213,0.445,0.717,,0.554,0.737,0.475,0.768,0.357,0.084,0.096,0.597,0.46,0.271,0.541,0.326,0.088,0.15,0.154,0.683,0.821,0.43,2.128,0.177,0.632,0.227,0.281,2.51,2.552,3.037,1.767,0.692,1.334,1.967,0.539,1.903,1.835,3.565,1.297,0.805,1.213,0.727,1.581,1.305,0.469,1.5,1.08,1.077,0.692,0.377,0.264,0.344,1.061,1.28,0.643,1.623,0.433,1.09,1.461,1.445,0.885,1.814,,1.485,1.101,1.306,1.05,,0.687,0.578,1.28,1.454,1.26,0.869,1.12,1.885,0.779,0.236,0.894,0.586,0.434,1.195,1.034,0.452,0.559,1.014,1.063,1.151,1.193,0.641,0.909,,1.236,2.25,1.163,1.715,1.024,0.76,0.784,0.689,1.899,1.518,0.872,1.456,1.437,1.386,0.815,0.776,0.768,0.631,0.118,0.456,0.206,1.292,1.07,1.186,0.986,,0.522,0.717,1.149,1.416,0.167,,0.96,0.699,0.578,0.965,0.72,0.901,0.628,0.816,0.785,0.632,0.938,,0.992,0.012,0.5,1.047,0.731,0.957,0.843,0.573,1.038,0.348,0.92,0.771,0.806,1.098,0.895,0.767,0.692,0.803,0.012,0.025,0.41,0.747,0.876,1.072,1.499,1.509,1.197,1.528,0.52,0.309,1.458,0.517,1.055,0.662,0.82,0.429,0.478,0.564,1.4,1.285,1.439,0.947,1.12,0.894,0.651,0.736,0.967,0.904,0.88,0.392,0.819,0.76,,1.413,2.04,1.357,2.08,3.742,0.298,0.909,0.271,3.485,2.485,1.331,1.959,2.505,2.88,3.181,1.678,2.685,1.773,1.551,1.655,1.411,1.346,1.094,1.179,1.822,0.888,1.062,,1.172,0.845,0.814,0.409,0.403,0.349,0.673,0.492,0.834,,1.469,2.748,1.764,1.171,1.755,1.422,1.15,1.186,0.712,1.142,1.488,1.054,0.865,1.67,1.587,2.278,0.981,0.622,0.823,0.819,2.822,1.643,1.816,0.962,0.409,0.604,0.653,0.468,1.328,1.494,1.479,0.247,0.554,0.985,1.533,1.28,1.407,1.449,1.505,0.945,1.036,0.929,1.059,0.88,1.282,2.169,1.069,2.217,1.325,1.625,0.404,1.046,0.822,1.527,1.265,0.856,1.507,1.138,1.013,0.77,0.652,1.091,0.792,1.211,1.011,1.562,1.795,0.405,1.512,,1.231,0.808,0.777,0.917,2.632,0.567,1.109,0.813,0.947,1.578,1.205,1.317,1.095,1.173,1.752,0.556,1.373,1.543,1.003,0.668,0.76,1.064,,1.095,1.327,1.191,1.168,1.022,1.266,1.148,1.644,2.027,2.269,2.957,1.863,1.28,2.902,1.847,1.426,1.363,1.484,1.081,1.362,1.584,1.461,1.354,1.124,1.34,1.362,1.136,1.3,1.458,1.752,,1.544,0.937,1.55,1.742,1.42,1.422,1.212,2.074,1.557,1.417,1.292,1.35,3.161,1.833,1.286,1.38,1.555,1.485,1.335,0.709,0.596,0.997,0.658,,1.503,1.987,1.548,1.723,2.149,1.221,1.337,0.881,1.206,0.947,1.179,1.126,0.887,1.03,1.341,1.005,2.058,1.695,1.256,1.176,0.525,,0.791,1.105,,1.177,1.438,1.096,0.467,0.38,0.685,0.289,0.265,1.2,0.519,0.555,0.994,0.471,0.696,0.416,1.297,0.731,0.519,0.302,0.576,1.627,0.705,0.535,0.728,0.124,0.789,,1.916,0.673,0.818,0.043,0.032,0.645,1.035,0.418,0.495,0.267,0.781,2.975,2.533,2.819,3.497,3.817,1.304,1.725,1.648,1.124,2.104,0.953,3.044,2.112,1.383,0.987,0.99,1.641,1.829,1.312,0.2,0.781,1.177,3.256,0.796,0.945,0.67,2.454,1.357,1.811,1.448,1.508,1.251,,1.2,2.175,1.059,0.784,1.227,0.731,0.46,0.781,1.179,1.057,0.134,1.333,2.102,2.77,0.849,0.257,1.758,0.779,0.791,0.92,1.153,1.572,0.639,0.466,2.92,2.526,1.753,3.254,2.041,0.76,1.539,1.812,1.854,1.907,1.295,0.622,4.489,4.597,2.871,0.502,0.154,0.455,1.262,2.466,3.347,2.026,0.636,1.878,1.402
20160203,14,CO_24h,1.246,0.588,1.112,1.267,1.079,1.238,2.171,0.954,0.804,1.308,1.196,1.917,,2.429,2.697,2.935,2.282,2.671,3.247,,,3.007,1.533,2.179,1.279,,,1.597,2.044,1.846,1.509,1.769,1.236,0.825,1.978,2.716,1.807,1.714,2.171,2.015,2.271,3.263,2.92,2.053,2.174,6.635,6.443,6.775,6.903,4.672,4.773,4.253,3.598,4.019,6.53,0.674,0.736,0.506,0.716,0.537,1.09,1.302,1.535,1.215,0.676,2.874,1.847,1.883,1.856,4.366,4.944,3.6,2.788,2.818,2.911,2.632,3.05,3.552,3.081,1.764,,1.554,2.766,3.21,3.706,3.36,3.253,2.917,1.839,2.174,1.13,4.054,2.312,1.826,1.582,1.557,1.251,2.06,2.087,,2.207,2.257,1.748,2.056,2.137,,2.073,1.302,1.309,1.625,1.574,1.496,1.632,1.514,1.101,1.162,0.649,1.232,1.273,1.464,1.192,1.234,0.983,1.781,1.39,1.148,0.999,1.443,0.698,3.486,,1.653,0.566,1.428,1.05,2.354,1.624,1.199,0.774,1.505,1.208,1.281,0.894,1.231,1.228,0.965,1.531,0.907,1.995,1.788,3.136,1.824,2.129,1.863,1.587,1.443,1.689,1.388,1.691,1.526,1.986,1.795,1.462,1.599,1.62,1.528,1.143,1.03,0.698,0.869,1.927,1.594,1.18,1.446,1.985,2.225,1.84,1.601,1.944,2.174,1.486,2.051,1.619,1.756,1.96,1.11,1.636,,1.989,2.542,1.514,1.957,1.798,2.195,1.751,2.124,1.804,1.688,1.629,,1.219,1.315,1.508,1.525,1.653,2.16,1.235,1.406,1.733,1.496,2.312,1.612,1.034,1.053,1.055,0.894,2.206,2.133,2.232,2.64,0.928,0.644,0.677,1.017,1.235,1.297,1.103,1.116,1.32,1.26,0.927,1.262,0.934,1.09,1.098,,0.923,1.148,0.87,0.897,1.088,1.228,0.981,0.945,0.845,1.194,,1.186,,1.253,1.434,,1.037,0.697,1.075,1.27,1.062,0.983,0.96,0.853,1.056,1.101,1.043,1.021,0.854,0.934,0.839,1.261,1.679,1.242,1.118,,1.505,2.27,1.516,1.016,1.427,0.495,0.821,0.566,0.637,0.918,0.801,0.74,0.72,0.74,1.072,0.815,0.987,0.413,1.19,0.953,0.852,0.91,1.063,0.958,1.844,1.389,1.221,1.276,,1.275,1.881,0.92,1.258,1.121,1.316,1.524,1.415,1.876,1.129,1.619,1.908,1.907,1.507,1.322,1.525,1.469,1.441,1.839,1.977,1.019,1.317,1.557,1.447,1.437,1.374,1.829,1.455,2.232,0.83,1.046,2.128,1.024,1.508,1.432,1.369,1.715,1.218,1.629,1.356,0.681,0.971,,0.772,0.811,0.747,0.689,0.916,0.848,0.735,1.44,1.111,1.006,1.286,0.772,1.192,0.96,1.323,1.041,1.264,1.111,1.033,0.873,0.957,0.93,0.908,0.672,0.617,1.074,,0.972,0.858,0.967,1.17,1.128,1.081,1.002,0.849,0.786,0.945,1.237,,0.9,0.997,1.016,0.915,0.922,1.081,1.021,0.897,1.044,0.868,1.302,1.076,1.113,,1.4,1.14,1.267,1.376,1.452,1.159,1.45,1.452,0.941,0.844,1.251,1.019,1.338,0.962,1.505,1.473,1.252,1.272,1.343,1.014,1.323,1.356,1.188,1.004,1.136,,1.602,1.665,1.351,1.153,1.28,1.409,1.522,1.345,1.599,,1.883,1.308,0.621,1.384,0.719,0.783,0.871,1.081,1.573,0.933,0.994,1.345,0.873,1.26,2.444,1.728,2.026,2.208,1.311,1.661,0.812,0.37,,0.361,1.527,2.847,1.914,1.69,1.798,2.663,2.034,3.898,3.702,2.197,1.816,2.14,2.448,2.798,1.68,1.488,1.645,2.219,2.206,2.575,1.555,2.201,0.969,3.147,2.296,1.843,1.961,2.411,,4.082,4.748,3.836,3.088,3.111,2.179,1.23,1.319,1.767,1.634,,1.438,1.349,1.207,1.349,1.191,0.658,0.939,1.4,1.771,1.492,2.352,2.437,1.501,2.626,3.372,1.608,0.932,0.486,0.672,0.986,1.713,1.775,0.995,1.346,2.138,1.733,2.384,2.083,1.227,1.495,0.934,1.568,2.598,2.209,1.97,0.656,0.746,0.776,0.604,2.034,2.424,2.975,2.183,2.034,1.974,3.304,,3.775,3.49,2.066,,2.107,2.979,3.328,3.19,1.391,2.035,2.54,,3.615,1.81,3.006,0.996,1.359,1.63,1.592,1.337,1.02,,0.96,1.633,2.099,2.354,,2.087,,2.134,1.323,1.425,1.246,2.086,,2.912,2.728,1.625,,0.787,1.091,1.446,1.428,1.46,1.433,,1.382,1.246,0.755,0.816,1.324,0.948,1.059,1.02,0.993,1.044,1.138,1.142,1.136,0.991,1.093,1.118,0.694,0.891,1.155,1.154,0.919,1.13,1.189,1.232,1.339,1.261,1.212,1.002,0.93,0.888,0.982,1.29,1.137,0.942,1.112,0.801,1.001,0.993,1.014,1.169,0.93,1.033,0.998,1.862,,0.935,1.409,1.935,1.756,1.541,1.579,1.523,3.011,2.702,2.356,1.617,2.322,3.011,5.614,5.488,,3.406,4.11,5.04,8.44,2.193,4.574,3.784,5.465,3.945,1.414,2.558,2.516,0.907,0.37,2.595,0.804,0.284,3.041,1.524,1.953,1.992,2.606,2.684,2.088,0.668,4.143,4.15,1.372,3.041,2.031,3.999,2.038,2.611,2.807,3.784,2.68,2.859,1.372,1.567,1.917,1.156,1.538,1.755,0.781,2.072,1.691,1.017,,0.74,0.683,1.379,0.749,0.916,0.739,2.249,2.079,1.43,2.238,1.146,0.837,0.586,0.779,0.994,0.805,1.222,1.287,1.716,1.056,2.651,1.441,1.68,2.298,2.954,1.746,0.778,0.834,0.942,1.438,0.691,1.489,0.534,2.665,2.25,3.313,3.376,2.824,2.059,1.873,4.431,7.09,3.413,4.834,5.098,1.816,1.119,1.243,1.742,2.356,3.304,1.756,1.597,1.69,1.791,2.365,1.38,2.334,3.227,3.733,1.412,1.06,1.303,0.9,1.348,1.199,1.73,2.328,1.505,1.283,0.886,1.341,1.535,0.881,0.942,1.154,1.52,0.789,1.349,1.066,2.746,1.648,0.957,0.673,1.021,1.096,1.139,1.387,,1.488,1.113,1.423,1.088,1.238,1.155,,1.276,1.156,1.039,0.876,2.209,1.511,1.206,1.182,1.686,1.554,1.201,1.801,1.369,1.215,2.889,1.928,1.675,1.049,0.927,0.978,0.927,0.871,1.348,1.307,1.221,1.729,1.275,1.866,1.33,1.586,0.7,1.856,1.175,1.165,1.421,1.461,1.065,0.516,0.962,,1.171,1.232,1.505,1.889,2.692,2.063,2.431,1.42,2.437,1.676,1.036,1.667,1.393,1.503,2.077,1.307,1.338,2.733,2.137,1.516,2.635,2.061,2.019,1.208,2.284,2.419,1.72,1.12,0.349,1.98,0.363,,1.709,2.065,1.891,1.225,1.359,2.181,1.819,1.263,1.509,1.648,1.402,1.062,2.307,2.317,1.166,1.091,3.337,1.446,1.473,1.774,1.755,1.724,3.195,2.39,2.766,1.956,1.515,1.858,2.222,2.182,2.195,2.608,1.24,0.849,1.66,1.97,2.167,2.677,1.345,1.131,0.88,1.205,1.185,,1.452,1.451,1.58,1.679,0.814,1.115,1.249,,1.569,1.591,1.537,1.824,1.847,1.417,1.829,0.933,0.961,,1.046,0.984,0.88,0.943,0.945,1.303,1.118,,,1.043,1.218,1.1,1.364,0.595,1.358,1.901,1.25,1.169,0.986,1.747,0.822,0.84,0.948,2.714,1.94,2.962,4.146,1.889,2.665,2.034,1.781,2.32,1.573,2.166,2.71,,,2.586,5.055,3.986,,4.775,3.765,4.321,2.497,3.508,3.395,,4.546,3.162,2.296,,0.949,1.205,0.853,0.51,0.951,0.577,2.146,0.757,0.705,1.376,1.02,0.735,0.344,0.519,0.205,1.266,1.531,0.426,3.21,0.957,0.962,1.076,1.36,1.257,1.976,1.503,1.782,1.89,1.369,2.034,1.003,3.497,2.461,4.761,2.203,1.02,1.023,1.205,2.534,2.108,1.715,2.998,1.55,1.819,1.699,0.579,0.606,0.518,1.356,1.586,0.959,1.803,0.535,2.508,1.635,1.866,0.696,3.662,,1.344,1.042,0.912,0.683,,0.821,0.411,1.972,1.737,1.242,1.014,0.949,1.758,1.654,1.144,0.782,0.55,0.334,1.424,1.08,1.343,0.63,1.27,1.649,1.339,1.316,1.156,1.221,,1.287,2.49,1.24,1.537,1.029,1.591,1.137,1.08,2.193,1.588,1.118,1.527,1.392,1.448,0.824,1.097,0.935,0.649,0.177,0.525,0.215,1.72,1.531,1.761,1.497,,0.78,1.389,1.867,2.128,0.276,,1.128,0.931,1.035,1.28,0.943,1.123,0.785,0.906,0.681,0.833,0.827,0.392,0.791,0.009,0.582,1.13,0.8,1.024,0.815,0.61,1.078,0.425,1.078,0.859,1.017,1.068,0.903,0.751,0.727,0.721,0.012,0.777,0.579,0.773,0.773,1.428,2.178,1.78,1.627,2.119,1.079,0.817,1.9,1.608,1.867,0.863,0.98,0.794,0.803,0.881,1.349,1.301,1.428,0.855,1.077,0.966,1.288,0.965,1.057,1.316,1.386,0.767,1.345,1.343,,1.826,2.3,1.603,2.373,2.202,0.293,0.773,0.552,4.321,3.293,2.237,1.518,5.382,2.519,3.634,2.182,3.05,2.253,2.035,1.845,1.562,1.503,1.344,1.466,2.219,1.165,1.899,,1.747,1.991,2.024,0.831,0.689,0.75,1.296,1.208,1.349,1.164,1.379,2.539,1.92,1.593,1.699,1.332,1.378,1.354,0.76,1.084,1.356,1.025,0.731,1.765,1.642,1.919,1.191,0.911,0.915,0.944,3.18,1.931,2.162,1.286,0.908,1.017,1.169,0.831,1.449,1.32,1.614,0.233,0.592,1.139,1.63,1.49,1.577,1.538,1.668,1.043,1.278,1.168,1.219,1.231,1.263,2.252,1.217,2.322,1.696,1.969,0.587,1.09,0.768,1.566,0.88,0.915,1.123,1.232,1.145,1.087,0.822,0.95,0.82,1.262,0.766,1.708,1.879,0.304,1.585,0.075,0.291,0.594,0.698,0.75,2.633,0.587,1.107,0.877,0.984,1.545,1.324,1.363,1.078,1.296,1.793,0.581,1.381,1.598,1.458,0.709,0.785,1.067,,1.39,1.694,1.586,1.639,1.462,1.24,1.199,1.61,1.453,1.965,2.271,1.944,1.179,2.491,1.332,1.253,1.284,1.404,1.174,1.526,1.718,1.656,1.488,1.11,1.292,1.219,0.986,1.187,1.295,1.554,,1.373,1.397,1.532,1.779,1.431,1.704,1.066,2.024,1.479,1.333,1.249,1.479,3.066,1.49,1.11,1.239,1.409,1.249,1.22,0.787,0.83,0.902,1.047,,1.478,1.941,1.854,2.002,2.485,1.245,1.411,0.797,1.229,0.977,1.456,1.235,1.051,1.307,1.151,0.924,1.866,1.609,1.39,1.207,0.549,,0.564,1.359,0.247,1.125,1.422,1.263,0.575,0.508,1.03,0.382,0.615,1.27,0.699,0.756,1.181,0.742,0.883,0.486,1.356,1.044,0.239,0.345,0.613,1.957,1.008,0.633,0.756,0.103,0.994,0.877,2.023,0.725,1.06,0.062,0.016,1.61,2.276,0.546,0.56,0.253,0.744,2.682,2.948,2.818,4.045,4.039,2.667,3.023,2.763,0.195,2.062,1.263,3.364,2.107,1.118,0.771,0.845,1.761,1.828,1.996,1.333,1.489,1.9,2.832,1.829,1.05,0.728,2.562,1.615,1.665,1.639,1.465,0.971,,1.941,2.735,1.407,1.728,0.959,0.696,0.605,0.778,1.378,1.207,0.682,1.213,1.588,0.887,1.329,0.634,1.952,1.287,1.042,1.038,1.917,1.51,0.859,0.49,2.931,2.833,1.591,2.373,1.082,0.913,1.415,2.759,2.313,2.065,2.27,3.029,3.076,2.072,2.576,0.452,0.826,0.859,1.817,3.078,2.673,2.164,0.721,1.964,1.306
20160203,15,AQI,48,28,55,49,62,55,40,59,33,34,77,64,,137,139,118,124,120,135,,,114,79,107,88,,,38,53,38,42,71,53,128,66,55,64,57,59,57,24,46,,45,31,192,170,201,208,97,82,94,103,90,108,31,34,51,56,35,42,28,50,27,37,59,51,63,55,68,79,82,159,205,125,158,175,179,178,89,,75,73,63,72,62,83,97,68,78,79,89,100,67,83,69,68,51,65,,80,55,51,49,75,,72,62,45,46,33,43,57,72,95,115,64,75,89,73,62,73,58,56,61,55,67,110,117,108,,124,118,120,123,87,108,102,127,104,40,114,74,117,88,39,89,63,140,155,199,132,125,196,125,138,107,77,57,79,99,60,83,60,82,93,90,97,88,87,125,143,168,152,88,97,88,88,95,78,85,87,115,127,88,127,100,,159,114,110,138,99,108,132,104,110,112,112,,128,144,142,94,83,117,84,165,172,153,166,144,160,135,153,92,168,198,160,165,125,127,57,149,144,119,144,147,139,150,93,82,129,97,128,,88,118,125,63,70,79,72,165,115,102,,125,,140,124,,102,145,130,58,37,60,134,117,103,87,82,90,59,77,66,108,108,130,137,,132,139,137,133,124,43,40,40,43,40,40,19,40,38,77,64,63,80,38,100,63,109,60,128,134,109,118,124,,132,115,143,188,159,132,183,173,198,175,150,88,97,112,110,89,94,107,99,80,87,158,100,114,94,51,105,63,92,70,103,102,104,105,103,110,118,107,103,85,60,63,,50,45,54,49,58,59,64,58,57,50,50,64,46,55,67,35,52,52,57,49,49,50,50,50,53,49,58,60,50,57,68,51,51,63,51,52,68,55,,53,55,50,53,53,55,49,46,55,53,54,64,58,,95,80,90,87,72,77,78,102,40,50,47,49,48,63,87,84,82,84,68,56,87,83,74,74,68,,78,82,73,87,123,109,95,98,102,,88,59,94,107,95,93,63,79,95,95,90,30,44,31,44,32,30,38,52,41,31,41,,36,97,124,206,138,203,112,222,107,162,118,114,127,168,90,112,92,109,93,68,23,104,127,138,162,92,172,172,119,,473,303,341,500,343,397,155,149,160,107,,90,119,89,95,107,60,87,115,165,65,193,133,104,214,98,59,37,24,33,42,68,64,78,65,70,56,55,72,56,75,51,95,104,84,109,52,45,40,35,137,132,105,138,137,152,114,,143,180,118,,98,87,78,114,107,97,148,,94,119,125,156,159,99,170,67,68,,41,64,68,99,,94,,115,104,102,82,119,,109,115,128,,50,60,56,79,72,,,59,59,58,63,89,40,35,36,32,39,47,51,52,50,48,53,53,50,58,58,42,57,45,48,40,29,35,18,58,55,57,60,49,57,62,49,27,36,43,47,63,54,36,54,38,54,28,38,33,84,80,85,47,52,69,52,60,80,173,155,,180,163,100,259,118,64,117,92,75,33,50,99,55,26,52,43,28,186,110,115,109,108,88,103,74,57,77,99,87,90,70,75,60,74,92,82,77,33,87,33,49,59,58,57,60,51,54,,46,45,57,38,51,53,65,51,62,70,59,68,78,58,117,77,87,107,98,105,117,112,147,118,113,88,77,100,92,92,88,90,83,155,140,130,137,120,28,127,97,138,94,140,130,60,57,67,114,70,62,114,103,90,118,97,108,109,105,120,89,150,153,159,137,150,94,118,99,94,89,109,87,93,103,62,83,102,112,99,155,160,99,79,92,120,133,122,,78,84,72,89,92,90,,85,94,30,32,152,155,156,160,137,147,153,128,125,119,64,77,63,83,145,105,100,118,145,153,158,140,107,149,124,133,117,145,129,134,166,150,95,78,79,,84,54,54,173,302,232,298,88,103,108,117,53,68,69,53,150,104,104,104,104,138,147,123,162,138,196,153,101,86,117,108,,98,208,197,166,105,166,231,174,107,147,133,146,125,128,110,103,168,114,66,148,115,92,88,125,97,84,133,143,118,120,158,178,75,56,89,118,71,70,102,107,118,78,85,,72,134,129,,70,72,110,,133,139,190,119,135,163,175,137,140,,,89,105,81,74,93,100,,,67,64,88,80,56,59,68,82,92,74,77,53,55,67,69,102,56,55,87,62,78,54,87,74,58,140,,112,105,205,212,,165,129,103,78,67,62,,55,52,32,,90,90,126,62,36,53,75,74,52,33,32,15,29,30,30,48,48,39,36,44,42,63,33,98,82,100,83,61,72,92,66,20,23,34,15,94,94,82,46,56,88,92,88,133,35,43,28,34,34,66,37,33,43,42,36,51,39,45,,113,62,104,48,54,43,67,68,79,77,89,57,87,39,67,53,62,69,82,108,31,22,103,75,117,100,110,114,,98,152,148,71,63,75,108,80,87,78,83,70,65,85,80,70,63,82,84,98,62,170,144,127,57,,42,87,97,94,54,,46,58,43,53,55,63,53,88,97,117,35,53,54,57,26,45,35,50,36,20,25,22,35,31,26,30,33,48,46,49,72,72,74,72,73,44,104,98,84,83,82,75,77,82,73,60,60,62,62,60,54,69,84,58,90,88,89,82,84,87,89,99,90,94,,72,78,68,66,62,89,78,78,149,117,108,207,169,192,199,121,93,83,95,76,86,87,87,73,79,83,94,,95,84,78,83,67,65,58,85,62,59,90,102,108,88,93,63,84,95,72,107,139,122,127,108,108,129,82,93,107,102,97,105,90,87,57,72,71,53,137,119,98,99,89,84,105,84,84,105,94,100,94,88,94,99,144,112,115,107,130,72,72,100,85,89,58,49,59,64,65,78,63,112,79,95,77,117,94,120,115,74,173,185,58,49,78,60,83,73,68,88,77,89,67,58,70,75,40,53,50,87,97,89,,58,83,73,70,52,83,84,122,217,179,228,147,109,100,112,124,114,98,83,93,92,98,90,102,112,109,105,77,94,90,,108,84,129,130,120,119,188,137,182,143,84,65,127,77,92,135,127,149,134,16,25,25,52,,64,70,80,89,94,50,72,57,70,40,54,64,72,52,78,70,85,82,22,51,77,,68,81,53,45,32,51,41,43,25,32,49,64,35,27,22,35,45,36,26,34,42,70,59,94,64,65,53,18,31,26,27,500,328,35,62,14,133,83,121,27,25,165,175,172,180,45,53,54,52,110,120,105,55,55,100,88,52,38,88,102,52,78,73,67,94,117,124,69,102,98,47,84,92,,80,63,39,59,95,153,61,57,59,31,97,102,102,39,58,48,76,82,72,103,98,73,62,34,182,301,66,129,55,59,154,129,203,144,107,83,169,260,172,40,30,26,127,213,352,57,35,142,64
20160203,15,PM2.5,33,19,39,34,44,39,28,42,22,21,56,46,,104,106,89,94,91,103,,,86,58,80,65,,,14,37,26,24,34,37,97,11,32,28,16,32,21,8,15,,20,10,144,129,151,158,72,60,70,77,67,81,3,8,5,19,4,21,12,24,17,12,42,33,45,39,49,58,51,121,155,95,120,132,135,134,66,,55,53,45,52,36,61,72,49,57,52,58,75,48,49,50,49,30,47,,59,39,33,34,52,,52,43,26,31,22,24,38,52,71,87,46,55,66,50,44,53,39,26,40,39,42,83,88,81,,94,89,91,93,64,81,76,96,78,24,86,54,88,65,27,66,45,107,118,149,100,95,147,95,105,80,56,40,58,74,43,61,43,60,69,67,72,65,64,95,109,127,116,65,67,65,65,71,57,63,63,87,96,,96,75,,121,86,83,105,74,81,100,78,83,84,84,,97,110,108,70,61,88,56,125,130,117,126,110,122,103,117,68,127,148,122,125,95,96,40,114,110,90,110,112,106,115,69,60,98,72,97,,65,89,95,45,51,58,52,125,87,76,,95,,107,94,,76,111,99,41,14,43,102,88,77,64,60,67,42,56,40,81,81,99,104,,100,106,104,101,94,30,26,28,30,28,27,13,25,25,56,46,44,59,16,75,45,82,39,97,102,82,89,94,,100,87,109,141,121,100,138,131,136,132,115,65,72,84,83,66,70,80,74,59,64,120,75,86,70,35,79,45,68,51,77,76,78,79,77,83,89,80,77,63,43,45,,35,31,38,34,41,42,46,41,40,35,35,46,27,39,48,24,36,36,40,34,31,35,35,35,37,34,41,43,35,40,49,23,,45,26,17,49,39,,37,39,35,37,37,39,34,32,34,34,38,46,41,,71,59,67,64,52,56,57,76,26,27,29,34,30,45,64,62,60,62,49,36,64,61,54,54,49,,57,60,53,64,93,82,71,73,76,,65,30,70,80,71,69,45,58,71,71,67,21,15,21,18,22,16,26,14,9,5,16,,4,71,94,156,105,153,76,172,59,123,89,86,96,127,67,84,68,82,69,49,,78,96,105,123,29,130,130,90,,340,253,291,379,293,347,118,114,122,80,,67,90,66,71,80,43,64,87,125,47,145,101,78,164,73,17,22,6,12,20,48,46,57,47,51,34,37,52,30,55,35,54,78,58,58,33,27,28,19,104,100,79,105,104,116,86,,109,136,89,,73,64,57,86,80,72,113,,70,90,95,119,121,,129,48,46,,19,41,31,74,,70,,87,78,76,60,90,,82,87,97,,17,39,27,58,52,,,42,42,41,45,,28,24,25,22,27,31,34,36,35,33,37,37,35,41,41,29,40,30,33,28,20,24,,41,39,40,43,34,40,44,34,17,22,30,32,45,38,25,38,26,38,16,26,19,62,59,55,31,36,38,36,43,59,131,118,,136,124,75,209,89,46,88,68,55,17,30,74,21,11,26,18,10,140,83,87,82,81,65,77,54,37,26,54,62,38,51,42,35,40,56,38,56,22,64,20,34,34,37,33,27,28,38,,30,31,40,26,29,34,47,29,44,44,42,49,57,41,88,56,64,80,73,79,88,84,112,89,85,65,45,75,68,68,65,67,61,118,107,99,104,91,,96,72,105,70,107,99,43,29,44,86,51,44,86,77,67,89,72,81,82,79,91,66,115,117,121,104,115,70,89,74,70,66,82,64,69,77,44,61,76,84,74,118,122,74,58,68,91,101,92,,54,62,52,66,68,67,,63,70,8,6,116,118,119,122,104,112,117,97,95,90,46,56,39,61,111,79,75,89,111,117,120,107,80,84,94,101,88,111,98,102,126,115,71,57,58,,62,38,38,131,252,182,248,65,77,81,88,33,49,50,37,115,78,53,78,78,105,112,93,123,105,147,117,46,46,65,73,,73,158,84,126,54,126,181,25,80,65,79,84,95,97,83,77,127,86,,113,87,,65,95,70,62,101,109,89,89,120,134,55,37,66,89,51,47,76,80,89,57,63,,52,102,98,,37,39,83,,101,106,143,90,103,124,132,104,107,,,66,79,59,53,69,75,,,48,46,65,59,26,42,49,60,68,54,56,37,31,48,12,76,29,22,64,42,57,38,60,33,27,107,,84,79,155,162,,125,98,77,57,48,33,,34,36,16,,10,22,25,44,15,26,55,47,36,23,8,10,4,19,6,33,31,17,25,29,25,21,20,73,45,75,42,32,37,48,43,10,16,10,10,70,70,60,32,36,65,68,65,101,17,19,19,23,16,36,20,23,30,20,17,28,27,15,,85,44,78,33,35,24,48,46,58,56,66,37,64,27,48,37,44,,60,81,13,9,77,55,88,75,83,86,,73,116,113,17,45,55,81,59,64,57,61,51,45,63,59,51,45,60,62,73,44,129,110,96,40,,27,64,72,70,38,,32,41,30,37,39,45,37,65,72,88,24,32,34,40,12,31,23,29,24,6,17,11,18,16,14,18,16,33,32,34,52,52,54,52,53,26,78,73,62,61,60,51,56,60,53,43,43,44,44,43,38,50,62,25,67,65,66,60,62,64,66,74,67,70,,51,57,45,45,44,66,57,56,114,88,81,157,128,144,149,51,69,52,71,37,60,64,64,53,58,61,70,,71,62,57,61,45,47,41,63,44,42,67,76,81,65,69,45,62,71,52,80,106,92,96,81,81,98,60,69,80,76,72,79,67,64,40,52,50,32,104,90,73,74,66,62,79,62,62,79,70,75,70,65,69,74,110,84,87,80,99,52,,75,63,66,41,33,42,46,47,57,38,84,58,71,56,88,66,91,87,54,131,139,41,34,57,43,61,53,49,65,56,66,48,41,51,55,22,30,35,64,72,66,,41,61,53,51,36,61,62,92,167,135,178,112,82,75,84,94,86,73,61,69,68,73,67,76,84,82,79,56,70,67,,81,62,98,99,91,90,141,104,137,109,62,47,96,56,68,103,96,114,102,1,6,5,36,,46,51,59,66,70,35,52,38,51,28,38,46,52,34,57,50,63,60,15,21,56,,49,29,37,25,22,21,22,30,7,16,34,46,17,17,15,19,21,25,11,22,20,51,42,70,46,47,36,12,12,5,,166,278,9,4,,15,61,12,6,6,125,132,130,136,31,28,33,36,83,91,79,38,39,75,65,36,26,65,22,17,41,43,48,70,58,51,50,76,73,15,62,68,,59,34,27,6,71,117,37,34,25,20,72,76,76,27,41,33,42,47,52,77,73,53,43,11,99,251,39,98,39,35,60,89,153,110,53,46,128,210,130,28,5,18,96,163,302,38,24,108,46
20160203,15,PM2.5_24h,42,24,36,39,35,35,44,39,32,30,36,54,,111,110,84,87,94,116,,,75,83,98,55,,,67,85,63,62,85,74,37,77,95,73,75,92,93,46,75,,53,47,179,162,186,164,157,207,169,185,171,215,20,17,20,26,24,39,46,35,37,19,87,64,67,61,133,169,104,144,155,140,86,96,117,105,70,,40,83,91,48,50,55,86,73,75,85,107,88,56,58,57,82,114,102,,125,153,70,142,119,,140,66,61,43,49,35,44,47,53,60,31,92,94,81,94,89,71,96,98,83,82,88,98,115,,133,118,134,139,90,110,98,114,93,80,94,70,112,83,66,79,79,129,116,135,119,134,128,115,125,110,125,133,110,130,122,114,119,103,96,66,82,67,91,94,101,111,98,87,105,97,112,103,100,97,109,120,138,103,114,120,,124,132,121,120,128,144,150,140,138,135,146,,124,123,140,105,90,133,140,127,152,125,130,120,89,69,93,47,157,178,157,161,83,62,42,91,78,87,87,87,92,91,56,90,100,94,93,,87,94,96,59,67,61,62,88,86,64,,78,,131,114,,68,87,76,70,70,73,89,68,71,76,67,69,59,75,59,98,53,95,97,,122,109,99,99,94,23,23,23,29,23,24,20,24,19,81,61,54,89,72,88,48,84,78,111,128,96,103,109,,103,119,70,89,80,72,86,92,94,98,91,79,82,82,90,91,83,87,73,68,92,107,111,104,110,111,109,97,119,77,96,96,92,99,84,110,107,101,92,84,38,35,,30,32,33,37,33,38,37,32,34,33,29,38,19,34,35,19,28,26,33,31,29,29,32,29,34,29,39,40,29,37,45,22,27,36,21,18,38,18,,37,36,32,26,30,33,30,33,27,26,29,42,30,,83,87,76,78,73,66,77,79,13,21,24,26,25,58,77,65,58,65,63,47,56,63,64,64,54,,63,61,61,65,83,74,68,67,68,,71,74,70,73,64,73,58,52,74,66,66,54,38,24,54,53,64,50,61,47,34,22,,26,85,65,60,83,125,76,156,58,132,62,127,82,58,90,92,61,70,78,64,92,100,111,47,87,99,96,82,92,,272,327,262,295,283,328,90,107,102,96,,117,140,85,116,131,41,78,109,96,51,78,71,44,86,86,31,43,22,25,28,82,73,79,70,90,81,98,112,64,62,33,95,70,67,80,24,21,22,17,138,123,98,140,159,143,139,,218,198,142,,137,127,144,146,129,88,131,,126,132,183,148,183,219,164,65,51,,49,78,77,132,,107,,131,127,123,100,142,,185,118,101,,47,58,49,133,103,,,43,42,46,45,48,21,20,22,20,23,25,27,27,27,28,29,26,26,28,27,26,31,17,31,25,16,19,44,43,44,29,43,26,43,35,43,13,16,18,25,23,27,21,29,24,33,37,39,41,120,109,115,53,55,45,48,64,82,110,121,,118,166,93,233,97,48,78,110,53,38,74,80,47,25,68,30,16,208,70,77,79,103,105,79,42,83,69,74,97,43,107,74,112,108,96,70,83,95,78,92,83,83,71,47,89,64,58,,38,44,51,47,49,60,98,91,112,120,77,79,50,38,60,36,68,94,71,95,97,91,93,89,100,75,49,88,67,77,66,98,18,96,75,70,102,93,76,79,129,115,87,118,124,61,50,74,86,51,37,97,52,96,95,89,89,60,64,72,56,114,121,133,119,118,79,91,88,76,78,79,71,62,76,69,79,103,101,88,78,89,53,56,88,89,100,87,,65,66,76,67,65,63,,68,77,8,8,72,80,85,84,122,124,132,118,109,105,63,63,47,61,92,83,77,85,104,108,109,105,63,74,86,76,83,105,95,102,111,107,62,64,63,,59,47,46,109,68,54,219,67,87,75,79,38,47,57,72,136,109,79,137,109,197,151,157,81,72,87,64,56,43,51,47,,89,129,80,73,49,105,139,108,88,76,59,57,127,165,92,86,141,82,98,111,67,69,145,122,98,98,67,51,97,91,98,114,89,55,78,70,64,39,116,121,108,77,91,,90,102,104,,66,69,135,,119,120,126,102,115,126,128,96,95,,,68,60,60,52,74,76,,,56,61,88,74,55,72,74,97,100,86,79,39,29,42,61,51,82,49,75,61,103,90,166,90,55,67,,75,81,132,137,,145,94,71,45,76,32,,53,129,97,,30,42,33,32,23,59,75,56,41,62,27,32,17,12,8,47,49,39,94,78,53,92,102,61,74,73,69,126,89,88,93,90,44,70,50,81,76,76,103,110,91,102,91,86,39,42,45,36,56,82,46,20,43,60,19,32,54,46,,60,48,57,41,39,49,23,50,46,50,58,33,61,109,56,31,37,,77,89,68,24,90,37,114,122,131,135,,137,115,116,39,61,77,106,85,69,80,68,74,72,73,93,90,74,83,65,73,47,175,154,171,68,,55,88,100,98,50,,42,51,60,57,54,59,50,57,54,88,22,25,26,28,15,27,26,30,25,7,23,18,23,17,14,18,19,26,34,30,47,64,61,63,59,69,118,103,99,99,82,62,68,81,64,50,62,68,64,61,49,63,66,33,75,65,69,62,61,77,91,77,72,87,,43,52,39,31,45,60,60,58,94,77,70,125,136,110,107,85,101,96,118,47,70,97,81,73,81,77,85,,89,76,81,97,92,102,74,103,74,77,82,87,97,82,90,30,55,63,44,73,90,81,71,101,105,122,84,83,97,74,76,84,94,95,81,83,81,65,86,70,49,63,67,85,85,91,83,97,95,93,105,96,101,98,84,68,74,69,88,72,157,107,86,91,57,53,48,58,64,62,72,72,65,70,55,92,51,75,88,45,76,92,41,33,48,42,65,59,55,73,68,74,59,50,63,69,21,32,39,62,76,60,,66,87,79,34,35,65,67,82,112,111,138,87,73,63,71,77,86,72,70,114,105,104,106,76,80,77,70,46,56,58,,61,81,86,86,86,83,119,91,120,98,66,92,123,60,45,65,70,72,83,14,30,18,43,,43,62,80,74,90,43,57,56,53,54,49,60,63,53,47,38,64,65,26,29,60,,46,42,37,45,21,24,28,23,30,30,54,41,27,26,53,52,63,41,23,27,42,52,33,55,63,31,36,11,15,35,32,37,69,16,19,,86,18,25,8,12,130,143,145,143,39,62,71,59,77,100,90,46,41,66,54,37,35,47,40,33,60,62,49,86,63,53,61,100,66,23,67,55,,100,57,41,19,58,94,36,43,30,24,127,110,103,32,83,75,57,63,56,92,99,45,40,14,135,348,45,73,49,49,54,107,160,102,72,111,79,87,105,25,7,20,111,190,335,51,24,83,34
20160203,15,PM10,,25,,34,,,30,,33,34,60,74,,141,136,99,97,91,106,,,88,65,85,94,,,38,55,29,42,92,44,111,82,59,78,63,67,63,24,46,,45,31,197,171,200,209,95,90,90,104,115,119,22,34,51,61,35,42,28,50,22,37,60,52,59,58,66,62,114,151,182,131,162,192,174,208,91,,67,69,68,84,73,94,107,75,83,108,127,100,83,116,67,74,51,59,,105,54,52,49,99,,67,73,45,46,33,43,63,76,99,121,67,99,103,96,74,79,66,62,71,59,83,97,105,121,,132,124,158,146,110,130,112,138,87,40,96,66,90,,,66,62,151,175,185,130,126,185,158,149,112,,,,,,,,62,90,96,103,86,93,148,176,,155,122,144,120,114,99,102,104,123,125,153,126,137,111,,156,100,112,150,98,158,151,132,113,142,133,,107,148,133,95,108,139,117,148,176,163,184,170,166,128,153,125,,,148,161,135,131,53,158,145,122,153,156,158,189,100,91,134,98,137,,81,116,145,57,62,75,68,169,110,117,,148,,110,114,,141,131,,63,20,52,,90,85,90,80,116,57,,82,92,,,,,,,,,,34,40,37,36,,40,17,40,38,82,76,75,76,,,,,69,123,159,126,160,111,,135,146,168,190,193,195,180,251,346,200,,89,123,114,94,105,126,113,144,86,,,,,75,51,,,,,86,,,88,77,,103,,78,,65,58,,40,45,,42,62,48,52,44,42,38,40,48,46,41,,25,45,44,50,48,49,43,45,36,48,48,50,47,48,48,,51,51,46,51,53,50,50,,43,55,43,56,49,44,43,40,60,55,39,,50,,78,76,96,101,66,77,97,107,40,50,47,45,48,64,84,68,62,62,60,62,87,79,60,56,60,,68,66,63,73,111,102,115,99,84,,81,68,89,99,106,97,72,72,93,109,112,,44,29,44,28,17,,53,41,31,41,,12,143,197,190,182,237,174,244,164,171,151,93,184,208,115,116,111,84,110,70,,118,139,143,136,124,182,201,147,,573,,325,610,,434,166,224,173,158,,94,149,90,102,90,62,71,153,,77,215,163,91,233,104,44,37,24,23,42,85,59,84,67,78,62,60,56,61,62,51,139,135,117,168,54,45,40,35,146,138,131,177,144,145,134,,182,189,115,,121,87,104,102,87,104,194,,115,112,127,137,160,148,178,76,85,,41,77,85,115,,105,,142,85,99,84,131,,139,129,153,,50,69,61,94,90,,,42,52,48,,128,39,34,30,31,36,47,52,,40,38,39,38,40,57,55,36,,45,42,40,27,34,,48,42,49,45,43,47,62,46,26,36,36,47,61,53,35,46,29,48,26,30,33,99,93,94,47,51,87,49,68,74,178,164,,180,153,99,,,59,,,,33,50,,59,26,53,43,27,220,125,147,148,137,108,123,74,63,103,148,123,130,76,100,69,98,133,114,59,33,110,26,,,66,63,70,52,50,,37,40,54,36,52,55,64,51,73,90,60,59,97,47,102,67,,,92,93,88,97,,,110,108,104,83,,70,106,,78,136,125,118,104,124,,114,113,126,120,151,139,55,64,84,98,81,53,122,109,109,118,96,87,131,128,148,107,150,156,121,127,157,107,124,96,95,74,94,83,92,82,54,82,,172,,,,81,62,,106,121,117,,105,62,58,68,96,82,,85,73,15,13,129,125,131,139,120,,134,115,109,104,77,103,76,85,126,97,92,100,115,124,126,151,,247,137,111,122,144,144,140,167,159,92,,,,,,45,197,271,224,,96,82,96,104,55,61,74,50,135,144,158,121,148,126,187,127,173,174,198,183,152,122,184,166,,144,253,344,209,160,182,188,298,149,244,215,242,128,131,126,116,186,135,,144,,134,94,115,143,88,140,176,129,190,220,208,70,61,94,,92,90,111,111,126,98,91,,55,137,145,,89,93,,,138,148,159,112,107,156,150,149,146,,,119,120,112,97,89,97,,,,60,86,63,61,61,53,63,71,71,95,52,60,,88,77,62,59,102,74,77,48,123,97,65,132,,101,111,,183,,192,187,,65,58,74,,59,47,32,,130,129,202,63,36,56,86,97,,26,32,11,5,19,30,38,48,39,,44,42,76,33,129,114,120,115,71,94,134,82,16,23,30,,89,109,91,42,61,98,131,77,119,35,43,24,34,31,81,37,33,40,42,32,52,27,45,,107,58,84,48,57,43,60,86,98,80,95,63,75,36,60,,48,88,101,120,31,16,,82,,96,104,93,,,,,92,67,75,81,68,85,75,90,66,79,86,64,65,,60,,75,48,162,120,,45,,42,69,79,,44,,,44,40,41,53,62,,92,78,88,31,56,58,52,26,41,35,50,36,14,20,15,35,31,26,30,33,39,39,47,68,71,68,66,62,44,101,88,89,79,,100,84,94,58,47,47,52,46,63,45,63,73,66,80,74,87,70,84,86,106,74,76,123,,94,94,85,81,71,96,88,106,170,89,84,166,157,193,194,192,102,115,89,101,122,75,105,86,95,99,105,,117,118,88,67,84,59,60,67,62,55,90,108,109,73,87,60,79,89,70,103,141,111,101,98,109,144,111,105,97,106,108,114,78,81,61,74,91,55,110,98,116,104,85,81,121,91,75,103,92,,97,85,137,117,,84,147,124,137,66,94,92,108,96,60,49,59,51,59,60,76,137,95,79,76,106,138,125,105,81,198,270,44,41,70,58,78,64,62,80,66,66,50,56,56,62,40,55,50,70,76,74,,42,64,69,57,50,79,65,174,182,138,231,123,98,97,102,96,97,83,96,77,75,85,92,,,102,112,72,102,103,,115,75,123,112,140,102,210,173,174,176,93,69,119,67,123,112,120,155,130,7,8,18,44,,55,63,85,84,92,49,77,63,61,36,57,55,62,53,85,89,84,81,21,52,73,,68,111,51,45,26,52,41,,23,29,,,35,26,21,35,45,,26,34,42,,,,60,65,56,14,31,20,,939,,14,74,,216,,192,13,,147,149,160,156,37,55,58,51,113,138,80,59,53,89,100,42,37,91,154,54,105,95,67,89,184,198,53,97,108,47,,91,,80,76,39,68,116,156,72,63,68,31,90,132,99,,,35,102,114,81,152,134,74,73,29,313,386,81,182,60,67,257,207,258,209,164,115,149,214,157,40,6,26,151,253,379,63,31,146,52
20160203,15,PM10_24h,,29,,46,,,54,,45,49,49,86,,171,148,107,127,131,151,,,117,132,134,97,,,117,117,118,104,128,104,76,123,131,124,120,124,110,71,120,,109,103,255,220,247,262,200,258,208,226,229,259,44,41,51,58,40,59,67,61,70,42,142,87,79,80,176,193,195,191,200,174,118,148,148,152,93,,54,112,132,81,98,88,130,118,116,121,179,117,89,99,94,126,150,154,,196,214,118,193,215,,184,98,82,61,75,62,63,76,75,84,41,164,139,134,122,107,96,130,133,109,133,105,120,131,,157,156,176,188,129,135,123,155,113,95,110,89,128,93,87,97,99,181,174,193,161,188,181,167,197,159,119,149,141,163,152,186,152,131,110,106,115,90,124,150,178,143,140,167,157,167,179,161,156,159,214,205,219,173,144,179,,159,155,174,161,171,182,199,185,198,190,211,,168,188,158,150,176,190,164,151,192,179,200,182,136,104,122,96,188,203,202,219,116,84,50,131,97,129,124,122,142,139,77,122,139,136,133,,110,122,142,74,87,76,79,119,108,103,,107,,151,141,,119,101,,109,94,86,96,81,77,102,90,104,73,84,80,106,75,118,113,,163,117,106,102,110,29,33,32,27,19,34,25,40,32,114,104,82,109,87,72,55,100,114,140,198,144,181,136,,155,185,94,129,116,125,119,171,161,149,145,139,127,121,137,146,128,119,112,96,110,155,141,140,142,124,129,143,163,,117,136,143,101,94,148,93,142,107,83,47,44,,34,39,31,44,45,41,40,38,44,37,31,40,35,37,39,22,36,32,41,40,48,35,47,28,40,34,42,43,34,35,56,37,37,39,37,38,41,38,,39,39,36,33,38,40,39,42,38,37,37,,36,,94,103,100,107,80,81,103,112,23,37,35,36,37,65,85,72,65,74,72,64,70,74,77,74,64,,77,80,76,77,101,94,94,89,81,,89,116,80,83,93,81,84,74,86,98,106,83,64,41,99,77,113,103,169,149,118,69,,68,140,126,121,142,173,161,210,140,181,119,200,144,124,161,136,97,110,113,89,131,140,163,78,127,153,142,125,129,,447,399,311,523,330,439,125,187,136,135,,147,161,120,147,139,62,98,188,107,74,104,133,95,119,124,61,67,40,42,55,134,100,114,98,129,120,144,146,82,78,50,140,119,112,137,36,34,28,25,211,176,176,218,223,210,216,,303,285,189,,195,196,182,211,177,155,217,,215,109,227,171,255,326,214,96,83,,70,105,148,196,,156,,201,154,153,152,235,,288,167,160,,63,91,78,183,151,,,49,49,59,54,69,35,34,36,26,35,43,36,33,36,33,34,30,40,40,37,35,33,30,35,28,23,23,45,45,49,33,46,36,45,43,42,17,23,25,34,30,36,32,37,27,37,53,57,57,170,156,160,105,82,98,60,94,95,156,177,,166,223,171,277,100,96,117,109,,80,162,168,105,54,111,53,35,316,106,129,133,173,167,128,56,112,155,130,128,95,159,103,175,181,153,128,104,111,115,120,121,118,91,78,154,93,78,,48,56,76,83,56,84,139,138,157,198,100,85,75,48,69,57,77,109,92,126,117,115,122,123,123,112,92,124,78,95,99,113,39,132,105,140,158,132,90,110,180,206,144,193,191,74,114,110,102,79,59,154,85,153,144,127,109,107,115,142,93,153,155,112,146,155,119,156,116,110,89,99,100,89,81,78,101,116,165,93,131,107,62,65,,89,97,107,,73,72,72,69,87,79,,90,88,14,14,87,102,100,99,140,137,148,139,118,122,113,118,82,89,107,119,108,109,124,125,129,140,97,113,111,95,120,129,138,128,135,170,83,68,72,,70,72,59,155,172,147,260,101,104,100,101,66,76,87,112,155,164,221,191,192,242,211,182,118,118,112,97,111,95,145,142,,138,190,210,112,134,152,224,248,174,243,230,240,178,229,141,127,198,143,117,146,111,106,183,150,164,147,92,86,132,133,153,159,132,78,102,95,101,98,161,157,145,117,122,,102,139,138,151,116,120,115,,161,169,167,112,109,154,155,135,129,,,113,98,114,98,97,99,,,93,87,119,97,69,124,117,133,118,105,129,56,61,53,143,131,153,177,132,115,132,118,238,137,87,99,,95,118,140,170,,204,164,142,60,91,67,,105,191,132,,72,86,65,50,35,85,134,91,52,82,50,52,26,19,16,68,66,54,128,126,78,149,137,92,135,100,144,169,125,132,130,68,61,87,53,101,98,101,124,132,144,195,115,107,64,67,59,55,78,99,49,30,58,93,31,47,95,102,,78,61,69,55,58,67,25,130,102,65,72,61,91,207,64,32,38,41,127,117,89,34,110,132,131,148,150,149,,179,138,,79,81,115,126,102,98,106,99,136,97,101,109,117,97,85,74,83,72,218,166,204,85,,63,105,110,113,67,,56,65,67,74,78,70,56,99,87,111,35,37,39,37,22,31,32,38,32,11,23,17,40,21,21,26,28,30,44,40,62,87,88,87,72,91,142,128,131,127,105,129,105,118,85,54,72,79,69,72,61,72,79,74,81,69,82,70,79,112,133,92,92,118,,100,104,92,101,74,87,98,101,125,97,84,159,181,171,154,158,202,174,170,111,119,99,129,108,126,124,142,,135,156,120,138,129,151,106,154,108,115,104,122,117,99,107,42,73,76,65,94,106,97,89,118,141,175,128,116,119,111,120,124,116,120,107,118,138,104,95,84,86,82,83,97,106,107,101,110,111,106,114,118,127,116,,94,105,116,125,106,124,138,144,130,82,72,89,71,97,87,98,124,112,136,74,110,115,94,115,78,114,152,43,36,58,49,76,68,62,82,72,81,61,66,66,77,39,56,49,74,83,66,,57,106,102,66,63,72,72,154,138,122,174,106,90,86,96,90,100,86,93,135,125,142,152,84,98,91,99,58,82,77,,93,101,104,104,137,113,181,158,188,171,95,135,144,76,82,93,99,113,109,21,39,30,45,,52,77,116,92,120,59,84,81,76,60,68,68,73,63,64,83,77,90,34,49,79,,57,97,56,66,45,41,34,32,46,71,67,67,38,38,100,69,98,59,36,69,59,52,38,84,75,38,48,17,25,65,,203,237,69,62,,141,35,55,18,16,150,157,142,168,68,114,103,92,96,141,105,74,57,84,98,41,44,65,122,65,104,109,71,117,177,195,84,102,97,54,76,76,,136,115,62,102,89,135,60,79,62,44,125,155,123,105,89,88,98,129,81,156,146,106,84,33,320,488,100,135,94,112,153,170,200,172,193,199,95,95,146,41,16,23,164,296,376,83,32,91,39
20160203,15,SO2,29,9,21,24,25,19,23,17,14,13,36,28,,79,71,55,42,21,49,,,44,33,48,24,,,64,84,47,64,76,69,104,18,19,16,24,29,16,23,48,,21,7,107,90,163,149,94,59,63,74,73,102,14,11,14,24,12,13,10,9,11,14,27,27,26,29,35,33,63,76,87,66,186,226,206,186,94,,226,92,90,192,80,257,277,41,49,34,58,53,36,57,30,51,28,27,,67,68,74,77,84,,23,59,28,31,32,29,89,33,36,49,14,62,66,92,28,69,31,29,34,25,18,51,61,122,,104,87,26,65,81,52,55,69,39,32,32,34,20,38,15,38,41,30,36,33,41,34,28,26,22,26,19,14,22,29,12,24,20,26,25,22,29,22,25,45,50,43,45,60,115,32,25,37,27,14,31,31,38,30,29,30,,30,31,27,30,32,32,30,23,34,39,43,,31,53,37,24,18,21,120,52,66,38,44,65,31,24,32,39,35,33,36,29,23,26,13,26,22,26,31,22,34,31,21,28,25,25,28,,18,26,27,8,5,7,11,54,26,,,37,,20,33,,19,25,19,13,4,8,18,23,14,13,13,13,9,10,8,55,35,28,37,,14,38,61,4,39,5,10,5,5,6,4,2,5,2,11,12,18,11,15,13,14,30,11,33,51,39,50,38,,55,45,17,71,59,61,64,59,62,49,82,61,53,97,75,43,66,82,63,55,14,14,19,20,20,15,17,14,21,6,7,10,8,11,10,13,16,49,6,5,3,3,,10,3,5,6,3,6,5,6,5,5,5,6,53,8,6,5,7,2,7,9,13,10,7,7,7,6,4,5,6,10,10,9,10,17,13,6,4,3,,6,6,12,3,9,6,4,4,4,9,2,6,10,,17,12,12,20,17,18,12,26,4,1,2,5,9,6,13,7,18,14,19,12,16,17,19,22,7,,16,16,16,21,12,9,19,9,9,,9,10,35,53,40,30,26,67,62,35,46,10,5,7,8,23,12,5,4,5,7,4,,6,69,54,45,49,25,72,48,70,16,36,62,54,44,43,51,27,52,41,21,69,28,26,229,207,442,145,360,315,,15,138,12,16,75,35,94,32,131,52,,18,404,26,11,28,15,8,56,13,144,112,105,129,120,219,32,23,9,8,19,80,52,47,30,32,21,74,35,36,38,32,265,220,246,369,7,4,6,2,54,48,64,63,64,68,72,,40,45,29,,35,27,20,30,63,65,55,,52,74,65,44,129,17,45,29,50,,21,70,36,72,,54,,91,32,24,26,39,,39,49,52,,22,35,26,40,86,,,17,11,8,14,12,19,10,8,13,8,11,8,10,11,8,14,8,9,7,6,11,6,2,5,7,7,8,3,2,5,5,6,7,7,9,13,7,8,4,3,6,3,4,23,14,37,9,6,6,30,27,29,22,46,49,37,78,47,99,95,,99,85,12,46,37,63,14,20,54,33,59,51,53,21,18,12,9,16,112,140,146,94,81,78,61,101,91,71,60,66,63,61,43,50,73,46,26,33,132,53,48,212,30,42,41,37,37,,27,10,86,109,10,96,23,73,44,107,21,15,27,25,27,25,5,17,29,5,29,20,26,16,25,17,16,21,6,25,30,27,29,85,79,79,65,47,64,55,57,119,81,104,144,30,33,32,26,105,115,90,114,36,40,37,41,63,57,82,53,27,26,28,30,29,42,63,38,23,16,31,24,23,25,9,10,18,23,11,6,15,11,5,18,17,11,19,,8,10,6,9,18,16,,22,14,3,4,6,8,11,10,13,23,14,19,17,14,41,111,40,58,15,20,16,14,4,4,16,9,9,4,11,6,4,4,4,8,12,4,34,19,28,,26,12,23,7,58,36,50,72,80,80,82,32,27,92,23,27,27,44,34,37,27,47,30,27,69,71,127,19,23,58,24,,319,320,416,397,12,23,9,3,11,25,6,14,57,61,39,43,65,82,90,44,38,45,67,56,55,47,80,39,20,45,97,106,18,18,47,45,62,74,22,18,35,26,27,,26,19,42,,19,24,36,,44,48,68,33,28,35,38,37,37,,,14,17,15,13,18,18,,,58,64,20,15,11,38,14,25,28,32,31,8,11,8,93,51,39,87,73,63,75,53,100,82,41,71,,51,121,238,137,,125,205,3,63,27,80,,108,26,20,,15,13,5,14,4,15,61,121,25,29,36,,7,40,66,12,16,15,11,59,12,18,17,98,60,64,65,25,27,22,21,28,12,18,8,28,41,35,41,45,17,19,35,48,5,9,12,9,19,38,22,28,9,17,14,48,22,61,,36,23,36,22,25,25,4,47,31,19,47,24,2,,29,49,35,34,63,58,34,9,26,21,21,36,57,26,,3,17,34,35,8,28,33,37,19,5,7,26,6,14,41,1,12,28,14,5,10,4,22,17,25,,17,24,11,42,14,,21,20,15,25,8,12,7,19,11,24,2,10,5,7,5,7,6,7,6,,12,16,9,8,4,6,7,6,7,3,4,3,2,4,4,3,26,51,29,31,1,10,18,22,14,59,27,36,43,31,11,16,15,11,32,5,23,10,8,19,14,13,48,18,,12,12,11,7,4,16,19,14,114,71,62,103,101,122,144,27,53,30,24,32,30,33,34,55,65,27,77,,38,66,42,17,30,23,22,23,32,39,20,38,13,54,18,24,13,31,30,44,66,34,29,20,19,33,45,19,27,34,48,40,12,17,6,4,6,4,27,18,18,13,7,13,16,12,13,14,15,10,14,11,17,24,3,26,21,18,22,8,15,18,4,26,15,12,15,10,7,5,19,39,19,31,28,12,24,10,5,11,97,22,12,38,8,5,5,4,2,17,10,16,13,16,22,24,8,4,12,10,20,18,,10,16,17,20,14,12,14,19,32,81,24,15,9,5,7,18,8,27,16,6,9,10,8,3,12,14,9,22,9,8,,13,10,50,39,55,158,7,12,10,4,1,5,7,11,7,19,13,24,18,12,6,3,10,,12,24,41,37,59,5,13,8,8,,21,37,31,7,26,15,34,15,22,2,18,,19,24,5,17,44,4,13,4,3,12,4,2,16,11,5,5,10,3,4,3,1,8,12,8,7,11,7,15,4,5,5,2,6,10,3,41,58,7,18,12,7,49,38,55,38,26,33,36,31,20,51,21,18,37,58,57,,51,44,29,31,21,31,15,25,22,37,56,57,88,32,14,24,,40,69,15,25,35,18,9,29,4,32,180,335,242,9,22,33,57,54,47,54,21,7,6,3,104,85,54,42,17,10,5,17,21,19,34,49,79,75,67,4,19,77,15,14,44,28,8,149,10
20160203,15,SO2_24h,23,15,17,18,17,17,33,15,12,22,24,31,,70,71,60,47,30,65,,,52,47,51,22,,,115,103,68,113,106,100,68,46,51,40,50,56,52,70,108,,86,64,113,135,177,135,127,121,104,117,96,138,38,33,40,58,28,28,24,22,45,29,48,43,44,57,120,96,125,91,87,84,156,145,182,144,65,,130,128,155,120,137,127,330,46,94,50,75,66,32,62,26,71,82,77,,126,297,102,136,336,,223,148,112,100,104,76,54,91,65,95,15,166,148,71,77,106,40,49,49,29,48,63,65,64,,125,163,20,114,127,70,81,90,29,28,28,28,21,27,21,27,31,22,28,30,39,32,22,28,19,18,22,24,25,29,17,23,27,23,26,25,30,22,22,52,53,83,45,79,53,35,28,46,36,16,31,22,31,29,30,36,,27,28,33,33,36,33,27,35,39,32,42,,29,41,32,24,26,23,48,33,33,28,36,63,26,20,26,26,39,35,36,29,13,13,10,16,9,16,17,17,25,16,12,24,20,30,26,,21,25,21,6,3,5,11,24,19,21,,19,,20,36,,14,14,13,16,14,10,11,14,11,17,12,12,7,10,6,41,30,27,24,,12,35,38,4,29,6,11,5,7,6,5,2,5,3,21,21,17,17,24,21,9,27,21,40,91,44,73,68,,74,57,10,65,50,60,47,55,65,51,84,59,37,68,76,36,50,66,46,48,12,15,19,21,21,27,23,27,21,17,8,13,9,12,15,13,16,58,9,6,3,2,,10,2,5,5,2,6,4,13,5,5,5,6,13,8,6,4,7,2,7,8,12,11,6,7,8,7,4,6,4,8,9,8,8,13,11,7,5,4,,7,6,12,4,8,5,4,3,4,7,2,5,9,,17,18,14,17,15,13,10,16,4,2,2,4,10,6,12,10,20,17,19,13,11,17,23,21,7,,17,17,17,15,12,9,17,8,8,,8,15,30,46,32,29,47,50,57,33,41,14,9,11,7,25,14,7,12,14,8,6,11,8,45,33,28,40,11,48,31,40,17,42,37,30,19,35,35,19,36,43,24,40,27,21,109,112,168,134,166,170,,7,20,26,20,41,16,87,39,78,60,,73,81,31,22,45,26,16,87,4,61,89,76,52,90,89,66,49,19,13,42,63,81,56,70,93,75,99,158,45,45,31,122,136,110,141,7,5,7,2,117,81,107,87,103,90,63,,101,82,56,,65,66,42,50,112,116,100,,116,93,93,60,67,29,71,33,57,,41,38,47,132,,101,,112,65,58,63,79,,110,68,50,,50,41,44,107,112,,,18,9,8,7,13,18,17,10,9,7,8,6,12,10,7,11,7,10,6,7,20,5,2,6,7,7,7,4,2,6,4,6,6,6,7,13,6,8,3,2,3,4,3,33,15,22,11,8,9,44,39,48,42,158,95,53,224,181,267,260,,198,262,59,79,81,124,55,100,98,102,205,171,133,56,166,53,45,170,93,103,104,110,78,94,43,82,88,49,52,42,142,109,173,122,173,103,53,103,129,63,177,223,62,37,81,48,36,,20,55,104,68,14,83,38,69,78,83,17,38,22,28,37,29,15,23,35,7,28,16,29,16,17,37,40,38,24,41,22,42,30,90,70,72,86,70,77,40,107,179,115,147,160,47,61,39,51,73,88,70,79,45,48,48,60,75,55,87,40,16,19,13,22,22,50,92,47,18,21,16,36,14,16,16,29,16,26,10,6,10,4,4,20,19,16,18,,8,11,7,8,17,17,,23,13,3,4,5,8,10,8,16,23,13,27,18,11,36,92,42,32,9,17,13,14,8,12,16,10,6,24,10,7,8,7,6,13,32,6,33,20,31,,33,14,22,19,30,19,14,47,60,42,49,35,50,88,117,26,16,32,30,31,34,41,25,14,43,42,29,57,24,63,14,,216,281,232,124,6,7,6,2,9,22,4,13,96,84,44,44,124,78,57,44,39,40,139,72,87,55,64,45,21,52,88,102,18,25,31,41,39,49,27,20,40,28,28,,20,17,26,33,24,27,33,,43,39,55,28,19,30,28,22,23,,,12,7,11,10,13,12,,,64,128,26,16,13,41,20,45,32,34,34,8,9,8,184,203,150,201,222,168,199,229,342,224,124,69,,34,131,190,181,,232,293,49,66,37,83,,146,184,118,,42,45,14,10,5,36,164,44,29,58,36,15,8,34,51,30,37,27,106,134,141,145,94,48,78,62,95,129,62,81,78,179,37,75,41,88,76,73,59,59,84,131,99,107,38,23,22,14,31,39,21,34,16,48,20,19,24,52,,31,28,36,23,21,24,9,41,24,12,41,20,5,,36,57,51,43,102,82,46,24,19,23,7,32,43,24,,5,23,35,33,13,34,38,43,29,13,14,40,16,25,52,2,35,46,12,6,9,7,23,20,50,,23,35,15,47,16,,20,17,26,29,10,12,8,19,11,25,3,5,5,6,3,8,10,6,6,,10,16,7,7,4,6,7,6,9,5,4,5,5,6,5,5,21,37,21,10,3,12,25,24,16,47,22,28,21,20,14,25,18,16,30,5,18,18,7,18,11,11,32,21,,14,13,12,15,6,14,19,15,85,74,58,62,90,68,94,48,51,49,56,40,35,37,40,68,78,35,65,,29,50,30,27,41,38,38,31,49,54,9,18,9,97,3,14,11,20,21,53,60,31,23,26,27,45,60,29,48,30,29,23,12,18,5,6,6,5,30,19,33,7,9,12,15,15,14,16,15,10,22,13,23,20,3,7,27,33,33,9,15,17,4,26,12,12,15,10,9,30,20,54,62,16,19,31,24,13,8,6,29,19,12,38,9,5,6,5,4,33,12,21,17,25,20,26,8,4,13,8,16,17,,9,13,16,21,14,8,12,15,26,22,17,12,10,6,10,12,7,25,20,10,13,11,13,3,21,12,7,28,11,10,,13,8,17,21,21,35,12,23,12,6,2,4,7,8,5,16,11,21,16,12,14,4,18,,8,20,36,36,70,8,11,6,14,32,35,49,46,48,26,12,22,16,27,9,23,,20,32,11,18,44,3,12,5,3,12,7,2,15,14,11,15,16,17,5,3,6,7,13,7,6,3,6,13,4,6,7,5,6,11,3,58,42,10,23,10,7,21,21,17,24,25,82,89,68,14,43,21,28,29,50,25,19,53,23,65,48,83,116,40,44,32,16,23,179,79,91,44,19,,24,38,35,36,25,39,11,35,5,33,141,181,144,26,104,72,28,35,20,23,13,6,6,2,42,55,27,35,16,18,2,10,15,11,54,105,48,41,40,5,24,30,14,15,24,32,9,226,4
20160203,15,NO2,39,6,38,50,52,46,34,28,15,53,57,48,,50,42,38,35,33,32,,,42,27,39,28,,,43,45,31,56,46,44,38,21,21,25,25,16,28,17,22,,52,9,104,106,104,116,70,52,68,63,68,100,6,11,13,16,14,13,13,12,8,11,33,46,40,50,42,43,43,39,40,40,118,122,111,115,37,,40,36,28,48,43,80,59,17,24,34,24,32,29,31,18,36,23,25,,43,35,33,48,50,,13,33,32,28,25,23,30,46,35,62,16,48,36,64,30,45,19,13,25,21,19,29,42,171,,82,81,64,38,65,48,44,46,56,50,70,59,43,64,17,61,46,24,65,66,27,34,29,46,29,24,35,25,41,45,29,42,24,35,2,28,24,12,37,32,14,14,31,43,41,20,39,20,19,20,28,32,11,32,31,48,,29,45,40,43,31,41,46,33,35,34,43,,33,49,40,14,31,19,29,29,23,29,19,9,19,27,23,29,41,34,25,23,37,65,19,58,51,28,53,66,36,50,27,28,36,21,39,,23,31,33,27,22,20,25,46,35,,,30,,25,24,,26,33,23,13,5,16,28,23,15,23,6,6,20,23,5,63,54,15,54,,7,26,14,7,7,12,18,23,19,20,24,6,20,23,26,16,16,8,18,30,16,24,18,10,31,24,62,28,,29,22,34,34,62,63,34,24,74,2,42,86,91,89,70,60,81,96,100,30,14,29,31,26,25,23,19,21,48,11,28,56,22,32,25,36,62,20,21,14,38,39,,22,23,31,12,45,8,29,9,35,41,34,39,44,18,42,10,21,23,18,29,36,21,23,26,26,23,32,33,17,23,8,31,24,18,27,25,42,14,,20,19,15,20,17,14,13,16,20,10,23,20,13,,25,29,50,18,12,19,20,39,9,9,12,15,7,36,64,48,60,54,36,22,44,46,47,37,41,,66,46,47,73,36,38,56,44,44,,56,33,24,38,33,19,13,50,46,22,50,9,8,3,9,15,22,14,3,8,8,3,,6,71,109,102,93,49,66,110,75,49,64,34,99,55,27,44,22,22,23,37,30,36,10,39,64,53,42,65,71,,129,49,83,121,74,47,59,39,72,35,,28,36,27,30,23,9,13,39,54,66,64,44,61,58,48,24,13,7,5,11,46,44,38,31,19,18,27,14,28,27,23,36,65,63,49,25,32,27,12,34,26,46,36,33,30,23,,28,27,21,,33,22,23,22,29,43,38,,28,40,29,22,38,14,20,20,48,,37,27,35,28,,33,,35,34,18,13,50,,35,28,30,,34,38,31,26,30,,,18,16,13,9,11,17,16,10,13,14,20,29,16,11,16,7,18,13,17,17,7,27,18,26,11,17,13,14,14,10,23,31,25,21,37,17,9,10,19,9,24,22,12,13,12,18,5,10,8,17,15,17,9,30,20,13,18,24,34,28,,10,19,13,48,15,38,7,14,33,12,32,23,19,7,13,15,10,15,60,68,74,65,47,57,53,50,51,50,51,41,31,37,25,32,60,33,34,13,52,27,17,24,22,31,22,30,18,,11,14,51,28,17,10,23,35,15,63,13,18,48,23,21,23,9,13,8,11,13,21,18,19,13,23,24,22,21,18,34,11,18,78,77,43,49,27,38,42,36,58,37,59,63,35,24,35,30,53,28,23,39,23,25,35,29,46,34,49,28,21,32,34,14,26,22,33,12,10,20,25,13,26,16,27,8,14,28,1,43,25,15,13,13,24,19,22,,18,10,16,16,22,16,,23,19,9,8,23,45,32,37,24,27,44,30,22,17,24,43,31,26,37,27,41,44,16,8,36,67,13,17,26,12,18,8,16,43,31,11,45,21,33,,28,13,6,40,124,98,112,38,51,37,30,19,19,40,38,29,30,61,53,46,35,53,49,42,66,72,54,9,6,12,38,,18,55,68,36,50,16,8,58,22,24,22,20,36,41,16,20,34,40,30,59,37,33,40,24,31,14,50,131,27,22,49,36,11,16,17,24,13,20,47,50,40,33,32,,24,29,104,,23,26,8,,49,55,60,22,16,53,27,37,39,,,10,54,23,15,14,22,,,47,38,27,14,20,18,17,20,22,17,16,26,27,22,33,33,33,30,30,17,23,21,29,15,19,27,,25,25,63,47,,32,106,13,9,8,25,,20,14,8,,8,12,9,26,17,15,21,26,10,15,14,,4,7,15,6,12,7,8,17,3,9,7,56,39,42,35,15,25,22,21,15,14,9,18,25,30,21,20,23,12,32,16,25,14,5,14,,23,69,14,11,34,20,10,55,21,20,,14,20,44,14,55,27,4,26,27,25,36,12,37,5,17,53,20,20,44,39,18,7,22,21,26,51,28,8,,9,14,13,24,10,32,36,62,13,18,9,31,14,13,44,10,37,27,61,18,21,13,21,16,12,,10,29,26,16,17,,17,8,44,8,9,27,17,19,21,23,27,7,24,28,5,9,12,14,12,2,7,9,15,7,15,15,19,18,13,20,4,2,3,9,9,2,12,14,16,5,2,9,5,20,17,16,18,10,10,12,7,9,22,16,22,18,19,17,14,13,21,21,32,21,,21,13,3,12,11,16,19,13,113,48,47,23,45,48,41,21,61,35,24,34,32,24,21,36,20,20,18,,11,13,21,10,9,20,10,10,21,18,20,26,27,22,35,12,22,20,22,18,28,21,13,26,21,32,32,21,42,41,42,33,19,20,8,3,6,9,34,19,19,31,17,27,23,40,24,33,37,11,15,12,19,30,36,53,40,52,49,13,16,26,17,18,16,13,22,11,14,2,2,30,5,11,22,29,8,18,26,10,56,45,9,9,21,15,23,12,13,22,14,21,12,8,20,19,8,16,20,8,14,15,,7,17,15,7,19,16,11,65,73,57,85,9,23,18,37,23,20,33,28,23,41,28,26,9,37,21,41,13,41,53,,21,10,72,51,68,86,10,44,38,7,29,35,72,47,10,12,26,17,17,5,6,10,10,,11,16,22,22,39,10,18,38,23,,18,16,20,11,25,14,42,23,12,19,29,,19,22,5,20,24,1,,12,5,6,3,5,8,11,5,3,8,10,8,,2,6,6,12,16,23,10,1,19,5,10,1,1,7,3,13,2,2,2,4,6,31,60,64,46,19,35,30,26,23,32,26,22,17,35,21,6,45,54,16,18,21,16,19,27,25,50,20,14,30,24,21,33,,35,19,19,25,22,8,4,8,12,3,5,41,51,8,9,11,22,23,27,37,17,7,17,4,55,50,42,16,13,19,15,18,29,30,18,11,86,84,46,13,7,46,45,48,49,12,13,31,33
20160203,15,NO2_24h,62,12,64,78,70,70,74,43,28,53,64,58,,82,78,81,87,89,83,,,86,69,90,65,,,64,71,54,75,69,67,29,73,76,61,80,66,80,46,61,,75,62,108,110,115,102,101,95,91,91,90,142,15,26,27,38,16,48,53,55,40,28,75,74,63,86,104,84,83,67,73,69,93,84,88,85,36,,25,41,39,49,36,52,70,50,38,60,61,47,61,58,44,56,62,62,,61,93,49,82,84,,72,59,66,51,48,38,35,43,31,62,10,80,69,76,61,72,23,31,57,44,54,38,52,103,,117,104,92,53,107,53,70,68,45,78,75,71,60,67,61,64,63,71,88,99,73,92,59,40,80,88,45,77,96,79,80,78,84,82,53,55,50,39,54,53,22,32,58,74,88,58,85,68,57,69,62,21,21,80,39,85,,50,82,78,72,82,79,67,93,78,52,72,,41,67,67,33,63,55,72,61,48,54,67,20,39,49,36,53,68,26,55,66,53,56,14,66,35,65,70,64,66,50,26,61,59,52,55,,36,51,53,22,23,38,22,45,44,55,,45,,63,50,,27,33,21,31,22,28,35,28,24,26,8,17,25,19,17,120,79,95,91,,15,74,20,18,17,10,15,21,22,17,17,8,26,26,50,29,19,20,33,52,15,53,39,14,59,47,90,67,,66,49,26,45,67,48,29,28,81,11,86,82,74,64,75,63,68,74,71,41,43,74,87,66,57,69,71,69,73,15,39,71,29,43,44,44,58,43,47,17,40,31,,16,24,31,12,41,7,30,16,32,39,35,38,17,17,46,14,21,15,18,24,45,20,32,20,26,18,28,30,13,23,8,31,23,20,26,18,31,17,,21,16,16,13,17,15,10,15,16,9,23,19,12,,34,34,58,26,23,25,34,33,7,12,11,16,6,24,56,48,52,47,50,37,44,47,68,59,38,,68,47,52,58,43,43,48,42,45,,56,36,21,33,28,16,24,42,36,22,36,29,29,8,19,32,55,45,8,49,42,10,28,24,77,77,82,85,42,73,90,77,58,69,37,86,50,84,73,25,69,58,62,48,44,13,22,61,41,45,53,57,,99,77,105,116,96,54,53,47,60,55,,46,44,32,38,38,9,20,46,31,51,55,55,39,65,62,47,38,21,29,46,54,57,55,47,37,48,47,61,66,56,31,38,62,76,52,21,25,20,11,73,74,91,77,77,67,45,,75,69,47,,68,58,42,45,64,86,72,,67,60,56,50,48,49,35,49,61,,39,48,57,54,,75,,62,60,54,34,91,,95,67,72,,44,38,48,72,77,,,16,11,13,10,17,17,22,17,13,14,20,18,16,10,15,7,15,18,19,19,9,20,9,22,9,10,9,19,15,12,23,25,26,15,23,17,10,11,14,9,14,18,16,19,19,20,20,27,23,42,30,37,28,55,43,25,37,42,70,47,,99,61,26,62,39,64,14,29,75,27,76,53,27,17,46,24,17,66,48,60,67,85,63,65,30,68,62,50,61,41,74,67,60,59,80,74,45,47,67,49,51,67,58,41,58,49,40,,10,39,58,36,27,21,33,49,42,68,18,29,31,25,35,41,47,85,43,65,52,58,54,54,28,44,49,51,18,26,31,18,6,75,62,73,76,49,12,40,67,84,61,82,79,52,41,52,54,64,54,55,35,58,63,54,54,66,52,54,40,38,47,44,21,37,61,74,40,15,36,43,23,41,20,46,22,30,40,2,30,27,14,11,13,32,17,29,,15,11,17,12,27,15,,25,21,12,10,25,43,32,43,33,32,41,43,37,20,44,37,28,29,31,28,38,44,18,28,37,79,15,26,36,14,24,19,24,50,32,26,32,19,20,,29,27,20,64,74,81,92,43,64,46,37,31,46,41,79,34,41,62,60,64,61,59,65,41,57,63,53,22,9,23,34,,25,64,49,25,35,14,8,49,31,46,46,27,74,58,34,37,79,69,50,77,143,52,78,58,83,54,48,54,54,18,71,57,23,24,39,47,23,37,48,62,41,56,62,,32,55,74,84,62,57,35,,63,80,69,58,46,78,69,40,34,,,27,56,40,27,27,32,,,47,49,38,37,20,45,51,42,42,30,24,32,35,44,67,63,59,53,59,41,56,58,58,33,49,25,,20,28,76,57,,64,131,41,20,17,26,,18,66,54,,30,41,24,25,18,32,61,32,34,65,28,19,14,10,16,25,31,11,40,51,36,51,37,40,58,44,61,62,48,46,59,40,27,32,35,66,53,55,44,47,64,70,47,52,25,17,23,13,41,58,22,13,61,50,14,21,36,36,,20,25,35,15,43,33,23,43,47,28,40,11,14,46,14,38,24,16,58,47,41,13,30,53,22,51,56,46,,16,54,47,49,35,93,62,50,48,41,40,56,45,40,60,16,83,69,43,23,17,34,75,72,41,,31,63,39,21,33,,26,15,72,32,27,45,26,62,35,70,28,9,21,15,10,12,14,13,12,2,12,11,14,9,14,16,16,13,12,20,5,7,10,14,15,7,18,31,22,15,8,21,27,24,34,17,29,12,25,25,7,10,28,17,23,23,30,23,27,20,33,22,35,31,,30,28,25,35,11,20,38,19,91,66,69,32,79,67,57,45,96,54,46,54,48,48,47,55,43,48,52,,34,38,53,31,19,38,32,55,43,48,37,22,32,36,44,8,32,31,34,24,36,35,21,46,35,49,52,45,50,27,71,52,43,46,14,20,21,20,48,22,22,21,20,36,29,49,32,43,43,12,24,24,29,27,51,60,40,56,60,17,16,30,19,23,13,16,26,15,20,21,21,28,26,23,19,54,10,17,30,9,31,28,11,10,16,17,24,11,11,18,15,29,10,11,23,16,9,22,24,9,21,14,,14,33,39,29,33,14,14,62,63,58,68,7,30,23,38,21,18,31,36,37,51,41,39,10,29,22,32,8,35,30,,18,24,49,45,50,61,8,37,39,18,12,37,44,32,12,13,27,20,20,9,15,16,22,,13,27,40,39,59,15,18,21,23,30,32,21,25,23,20,11,34,22,12,16,39,,21,58,21,19,24,3,3,11,16,20,18,18,11,16,14,12,14,10,11,,19,6,10,26,29,5,9,2,19,23,19,15,21,9,4,18,34,6,16,4,7,30,48,60,44,42,66,66,65,20,36,37,36,32,34,20,6,38,48,36,41,40,35,48,51,36,50,19,29,31,40,41,26,,47,33,30,43,19,10,10,15,12,9,36,57,89,18,28,34,23,36,38,53,49,15,14,4,76,102,31,12,28,31,13,46,46,43,38,19,59,48,36,22,10,39,68,65,66,25,24,44,38
20160203,15,O3,50,89,51,53,54,44,59,66,47,58,48,48,,61,59,110,87,81,85,,,69,42,77,46,,,62,67,74,52,55,63,77,87,87,85,92,98,80,40,83,,69,41,49,88,61,106,82,77,74,58,82,59,97,96,95,100,81,85,88,84,84,95,67,61,66,57,91,84,87,101,108,85,32,21,22,37,35,,29,47,41,35,30,33,45,78,67,71,56,34,,55,84,76,85,76,,80,70,78,62,62,,102,76,78,77,62,80,83,67,64,55,107,76,84,35,81,78,102,119,59,93,109,51,78,13,,48,38,88,60,73,82,48,75,70,74,61,99,102,66,103,82,79,113,92,120,,129,110,113,110,109,93,101,106,76,98,83,114,107,125,121,105,132,91,136,148,101,148,109,110,91,80,63,121,118,109,104,114,138,103,111,,127,111,110,124,75,80,95,131,99,97,108,,92,97,130,114,128,135,137,168,84,129,142,128,127,122,128,126,156,151,93,121,120,86,137,107,102,65,94,83,124,113,117,141,135,139,128,,149,130,127,82,87,95,90,97,102,,,146,,136,144,,134,148,149,129,118,105,90,119,128,123,143,98,111,105,97,96,75,50,84,,90,99,105,97,116,51,54,51,31,48,57,56,25,59,90,136,108,137,121,72,129,116,126,101,102,107,82,124,,102,111,101,102,78,46,125,109,67,29,95,76,14,24,59,67,82,68,16,135,126,95,99,84,145,99,105,112,59,106,60,64,77,73,69,76,61,57,77,75,42,37,,34,49,46,67,40,62,63,67,46,42,37,48,54,53,61,89,66,53,62,61,50,44,56,52,62,43,38,33,49,59,65,31,41,40,37,32,34,36,,58,41,58,51,54,52,53,56,43,50,87,60,58,,66,56,31,64,79,75,81,66,56,80,80,51,67,33,8,9,17,12,34,37,15,22,22,24,32,,10,17,18,12,22,39,17,28,30,,30,31,65,61,54,128,115,45,56,89,32,86,100,97,106,98,96,81,95,97,97,88,,114,62,45,49,38,51,72,45,63,46,41,83,46,62,60,52,64,59,59,75,54,67,105,56,50,41,143,74,75,,4,24,24,18,34,20,37,31,33,69,,54,90,104,77,71,106,100,40,42,48,49,68,47,49,79,167,86,71,104,98,58,72,68,70,53,126,82,101,88,98,100,36,63,95,68,49,38,16,51,41,63,24,87,98,137,113,,96,97,98,,66,33,40,62,119,108,85,,47,84,85,107,110,73,121,79,73,,60,79,76,100,,97,,84,114,99,109,91,,124,97,111,,74,78,81,74,93,,,82,80,85,93,89,68,81,78,75,77,68,54,75,67,76,38,75,61,68,61,60,22,35,20,78,78,75,57,52,55,54,39,49,66,60,74,84,80,45,63,68,63,77,29,12,35,87,44,65,103,139,188,94,77,61,84,49,64,90,101,,104,109,70,57,78,95,72,40,49,68,92,93,59,40,28,37,89,50,59,34,40,46,32,61,81,66,65,83,48,79,76,69,50,40,33,77,120,91,92,104,97,90,110,97,118,109,130,,145,78,40,44,70,69,73,65,88,64,152,91,54,74,34,94,114,98,110,47,112,103,108,46,49,79,32,67,54,106,93,112,84,73,26,90,79,83,51,75,89,66,76,45,40,63,113,136,99,74,112,86,85,114,117,113,117,69,55,67,83,130,115,81,99,96,135,96,112,92,91,84,118,115,109,114,101,67,65,19,40,69,74,,71,122,225,110,,49,78,63,92,102,94,,97,98,95,101,42,16,22,38,21,11,8,29,23,28,104,82,79,115,28,15,10,10,25,22,19,37,60,56,34,20,10,21,24,18,21,30,46,54,60,,69,104,74,65,80,78,49,92,95,137,127,154,109,97,95,112,62,61,49,90,98,80,89,60,32,48,88,77,92,75,57,,95,71,41,62,95,77,36,37,44,55,51,63,87,66,112,89,59,69,109,92,122,158,103,78,104,113,96,85,37,106,96,64,61,86,114,75,83,95,95,57,61,94,111,,111,,53,,115,77,41,,120,115,171,122,188,84,86,90,92,,,96,104,66,104,127,137,,,44,41,89,124,127,128,101,75,115,29,114,57,46,70,67,81,82,93,64,41,35,91,76,72,91,18,,39,48,50,36,,138,38,91,122,126,39,,30,91,67,,83,75,106,55,67,74,75,47,92,49,80,,90,95,73,75,104,95,47,83,48,57,71,52,68,90,81,120,68,68,112,64,66,49,40,82,57,64,67,90,83,86,101,64,76,61,74,86,107,48,88,97,78,91,115,47,104,85,,68,63,76,128,38,72,65,119,124,127,135,118,30,90,128,35,61,62,74,79,46,68,108,19,93,146,124,153,,94,66,107,81,93,91,115,167,64,33,91,29,123,120,44,20,20,34,37,72,84,28,53,77,57,,55,142,38,58,25,,104,26,51,77,47,,33,111,79,82,51,42,50,50,49,42,41,33,44,63,61,68,33,52,58,54,50,53,56,48,100,67,106,104,99,76,116,111,126,53,89,81,93,124,109,136,107,146,129,117,68,62,62,66,64,61,123,93,72,97,93,81,100,100,,73,77,78,74,97,132,132,113,56,60,76,74,62,82,42,93,111,99,102,98,51,124,111,136,121,150,129,,113,125,141,114,119,108,126,119,123,84,92,91,134,44,83,128,71,84,127,109,51,91,82,125,114,82,125,127,63,102,104,82,104,131,95,112,101,119,102,60,91,41,35,84,78,66,83,74,60,93,77,100,94,85,94,73,86,75,75,49,34,43,59,27,98,104,66,105,104,83,70,55,80,66,117,104,124,113,100,60,20,35,73,56,49,57,59,65,29,63,76,83,63,62,35,63,65,79,56,65,72,57,,95,81,116,88,72,88,83,11,11,10,10,24,26,11,24,22,23,16,17,32,31,29,31,60,34,32,26,42,34,23,,18,22,40,23,34,50,32,20,61,20,49,37,18,39,31,42,31,28,40,50,78,79,32,,137,106,107,115,112,74,24,16,90,,70,60,60,57,66,84,14,25,28,49,62,,88,160,108,59,84,84,46,110,80,101,78,122,82,86,58,69,59,45,48,41,97,84,69,103,121,45,44,56,45,82,85,67,100,109,95,26,45,12,52,85,77,50,26,37,37,85,90,70,86,40,61,62,98,94,21,47,35,43,37,65,64,73,85,89,106,75,57,51,66,62,49,44,45,,24,69,81,61,109,104,91,92,30,4,89,54,67,39,88,58,40,35,80,39,106,39,29,107,37,108,50,23,68,91,61,66,37,38,61,67,26,31,61,85,94,51,59,56,73,47,34,90,48
20160203,15,O3_24h,52,89,62,54,69,48,60,74,49,68,77,69,,61,59,110,87,82,85,,,69,42,77,46,,,64,72,75,68,63,71,88,87,87,86,92,100,84,40,87,,75,41,83,124,73,125,102,81,84,69,82,64,97,96,95,100,81,85,88,84,84,95,68,71,77,64,93,85,88,101,108,85,71,69,46,69,37,,38,50,44,38,30,50,62,78,67,71,60,39,68,60,84,76,85,76,,90,70,87,68,62,,103,82,79,79,68,83,93,84,90,85,139,82,84,48,81,78,102,119,59,93,109,51,78,43,,48,38,88,62,73,92,48,75,84,74,76,101,115,88,103,87,84,119,102,130,127,129,144,122,114,109,101,101,106,76,98,92,114,112,125,121,105,132,92,136,148,101,148,163,112,91,91,64,121,118,109,105,114,138,103,111,,127,111,110,125,75,80,95,131,99,115,108,,95,109,144,114,128,135,137,174,84,129,142,128,127,122,128,126,156,151,93,121,125,105,137,107,102,71,99,115,124,123,117,141,135,139,132,,149,130,127,93,87,95,90,97,103,67,,146,,136,144,,134,148,149,129,118,105,90,119,128,123,143,160,111,105,99,114,82,57,92,,93,106,116,100,118,73,78,72,36,62,86,61,26,62,91,136,115,139,121,78,129,120,126,101,102,107,82,124,,109,111,103,102,82,59,125,123,79,67,95,100,66,68,74,72,104,77,19,135,126,107,99,105,156,106,105,125,82,227,75,115,93,107,81,105,99,79,105,104,59,60,,60,73,67,73,62,72,69,158,53,45,56,48,92,53,61,90,71,67,62,62,50,47,56,62,66,56,48,45,50,59,66,35,46,43,43,44,49,50,,58,44,58,53,54,59,58,62,47,50,91,60,58,,66,64,31,66,79,75,81,71,64,80,80,51,67,83,55,33,55,62,47,70,40,61,27,62,61,,32,20,60,86,69,95,100,91,88,,77,85,75,82,73,128,117,54,74,104,55,86,100,97,106,98,96,81,100,97,100,153,79,114,70,75,76,42,75,72,102,64,48,42,103,57,82,77,91,104,81,81,75,54,72,106,61,57,82,148,105,103,,6,24,24,20,34,22,94,64,146,86,,55,90,104,77,71,108,100,42,71,79,58,84,66,75,92,174,88,73,104,98,71,93,86,77,53,126,82,101,90,102,102,36,79,114,80,55,45,30,52,41,63,24,93,98,137,114,,96,97,98,,66,33,40,62,125,108,85,,47,87,86,107,110,122,162,81,80,,66,79,76,103,,97,,84,188,99,109,91,,124,116,111,,74,91,81,74,93,,,87,86,89,93,89,68,81,78,75,77,68,56,75,67,76,38,75,61,68,61,60,29,40,34,78,78,75,65,60,58,54,42,49,68,64,78,84,80,47,63,68,63,77,30,13,40,87,45,65,103,139,188,94,77,61,84,49,64,90,101,,104,109,70,58,78,95,72,40,62,68,93,93,59,43,34,37,139,83,77,40,66,59,45,68,91,72,65,83,50,79,78,69,52,43,33,77,120,91,92,104,101,90,110,99,118,112,130,,145,82,45,53,72,72,76,71,90,69,159,103,62,88,34,94,128,98,113,47,112,103,117,55,49,79,42,71,54,106,93,112,89,80,30,90,79,83,57,75,89,66,76,50,45,65,113,136,99,74,112,86,85,114,117,113,117,84,63,80,94,130,115,81,99,96,135,99,118,92,91,91,120,115,109,120,110,75,78,20,85,112,100,,72,122,305,110,,53,83,63,93,102,96,,105,98,95,101,84,74,45,43,43,32,40,68,67,66,104,82,79,115,100,79,75,59,116,44,22,47,96,510,283,247,16,21,24,20,45,32,64,82,83,,76,104,74,65,89,78,63,99,95,137,127,154,109,97,95,121,73,90,67,101,98,115,115,80,32,77,88,82,101,80,76,,106,82,90,97,99,89,43,100,48,55,56,77,87,66,112,89,64,69,172,133,124,159,105,78,104,113,97,85,37,107,96,64,61,88,114,83,83,95,101,59,66,94,111,,112,,87,84,115,80,46,,120,115,171,122,188,84,86,90,99,,,126,122,66,104,127,137,,,54,49,89,124,127,128,102,75,115,29,114,57,53,70,67,116,86,93,64,41,87,91,78,81,91,18,,44,56,58,43,,138,46,91,122,130,55,,35,91,69,,83,75,106,69,76,75,79,58,92,51,83,89,206,96,97,77,104,96,49,86,52,58,78,84,81,102,90,120,68,68,112,65,68,49,40,82,57,68,67,90,83,86,101,64,76,63,74,86,107,78,92,97,78,91,115,84,104,85,,68,78,83,128,68,90,65,120,125,129,141,118,64,90,128,43,72,68,82,85,52,68,117,22,93,146,139,153,,108,78,114,86,110,91,128,167,66,33,91,29,123,121,52,23,20,54,179,76,177,38,58,81,61,,59,142,40,164,25,,112,26,53,77,95,,37,126,81,88,59,48,69,74,54,59,57,47,58,78,62,74,37,52,58,54,50,68,73,68,105,69,113,136,100,76,116,111,126,53,96,86,93,131,109,136,107,146,129,117,82,80,75,83,83,69,138,110,78,97,93,81,100,100,,73,77,78,74,97,132,132,113,56,60,76,75,74,89,51,93,111,99,102,98,51,124,111,136,121,150,129,,113,125,141,114,121,108,126,119,123,93,94,123,134,44,94,128,71,84,127,109,55,91,82,125,114,84,125,127,68,117,117,92,104,131,96,125,105,119,103,60,204,49,35,96,88,66,87,80,65,105,84,114,99,99,133,107,126,106,123,58,57,60,69,33,114,131,83,128,125,98,107,105,114,108,129,124,396,131,115,81,82,106,73,133,54,57,65,65,51,63,76,83,73,62,35,72,65,79,57,65,72,57,,95,81,118,88,72,88,83,26,21,23,38,30,50,20,53,81,77,64,75,61,69,71,64,126,95,94,95,82,68,76,,39,79,53,27,87,82,46,20,124,20,58,37,24,39,75,84,84,83,89,59,88,87,40,,137,106,107,115,112,185,39,20,97,258,77,69,71,57,114,121,41,50,37,69,83,,112,166,110,75,90,84,56,110,90,107,90,126,83,88,58,69,59,79,83,46,103,84,70,110,124,47,44,79,60,86,96,67,100,109,95,26,45,14,55,86,78,64,58,61,58,85,94,76,96,72,107,100,110,101,33,71,133,64,69,72,86,98,116,90,115,91,73,69,71,68,83,73,80,,38,109,82,75,118,105,102,111,32,5,89,56,70,49,88,58,44,41,93,53,106,43,42,116,37,108,94,26,68,91,71,79,48,53,62,69,60,62,91,103,94,65,59,57,80,47,40,90,65
20160203,15,O3_8h,23,65,23,22,26,15,21,38,30,36,29,24,,31,30,59,47,43,42,,,34,26,36,27,,,28,29,32,29,26,32,67,48,45,46,52,54,42,23,45,,31,25,15,57,35,69,36,40,42,29,44,30,68,63,59,58,60,41,43,44,48,70,36,40,41,33,46,40,42,43,58,40,17,18,17,24,18,,27,16,16,18,13,28,22,42,32,28,22,22,32,30,46,45,43,37,,47,29,60,32,32,,52,48,52,50,47,66,68,58,49,35,78,53,64,32,54,54,83,97,40,71,84,39,50,19,,29,23,48,43,49,65,30,54,62,52,45,78,79,52,73,63,63,66,51,55,56,64,62,74,55,67,64,56,61,42,59,50,66,56,62,72,70,82,59,67,83,63,82,86,51,56,46,41,80,72,66,63,73,85,68,61,,67,58,59,66,44,43,50,61,55,70,60,,61,66,89,75,72,74,87,97,51,75,79,70,78,73,79,84,104,100,59,66,70,52,109,50,66,44,46,52,68,72,76,83,69,84,79,,89,73,75,72,68,68,74,60,59,14,,80,,71,76,,92,97,100,115,110,91,53,72,75,88,118,74,70,70,62,62,45,33,46,,54,68,70,62,72,51,51,50,30,48,60,58,18,49,51,101,80,117,84,50,89,79,85,78,67,72,50,76,,67,74,74,58,42,26,66,78,48,30,54,36,14,11,30,30,33,54,13,77,73,48,49,49,100,55,58,64,36,66,36,30,55,39,44,40,43,32,40,43,29,33,,39,46,41,63,30,50,56,60,36,28,40,30,56,43,52,70,58,52,47,52,37,41,44,43,51,37,35,33,42,49,56,26,34,31,30,34,33,41,,48,35,47,43,43,45,44,47,38,42,58,48,47,,32,40,16,37,46,46,34,39,52,56,63,43,59,56,4,6,13,10,28,23,7,12,13,15,22,,8,5,12,8,15,15,15,11,10,,14,36,54,45,36,118,103,33,47,66,31,49,61,72,62,55,52,41,55,48,48,58,51,63,31,25,26,26,27,42,23,34,29,23,39,22,28,27,46,53,20,24,30,22,41,59,49,20,41,78,38,62,,3,8,13,10,13,15,30,18,26,37,,28,51,66,43,39,102,60,23,24,47,34,40,46,31,45,130,66,46,63,66,43,48,51,42,32,80,43,49,51,58,74,24,46,69,46,46,34,14,48,21,32,15,39,53,75,55,,46,44,63,,42,18,27,40,66,68,50,,29,59,54,73,70,87,94,44,48,,47,46,48,62,,52,,42,86,65,82,44,,57,57,56,,66,70,54,44,54,,,70,76,78,80,74,34,40,42,38,39,32,38,43,42,49,23,48,37,44,40,35,14,29,20,47,50,47,51,47,48,48,40,43,63,57,69,52,42,27,33,32,30,50,25,11,27,39,23,32,76,108,142,57,36,36,52,30,30,42,46,,56,45,29,28,32,50,27,19,28,40,46,41,32,33,26,29,83,24,57,29,34,34,27,48,74,35,36,61,28,57,42,27,22,19,17,27,66,62,66,67,53,48,70,86,76,85,97,,126,57,27,29,52,43,45,41,47,46,116,68,46,50,31,48,88,67,96,30,61,56,68,38,25,41,15,39,31,64,56,73,81,41,16,43,36,35,32,52,34,30,32,23,15,38,74,101,64,31,49,34,52,52,56,54,55,25,24,30,29,66,58,44,50,60,85,61,80,49,51,56,74,67,61,73,64,36,34,18,31,47,46,,65,87,189,80,,44,65,50,80,80,80,,80,88,68,69,20,10,11,16,16,5,6,10,14,18,38,29,30,50,12,7,6,5,22,21,15,37,43,31,18,8,8,16,18,16,19,21,46,67,58,,63,58,43,30,21,33,22,70,55,79,80,91,41,42,35,75,31,26,17,40,41,34,32,36,22,28,36,64,85,57,56,,50,35,20,36,89,77,36,27,34,34,39,51,43,55,75,67,26,37,83,71,82,94,44,33,57,59,69,63,14,64,49,32,35,73,65,48,35,42,70,39,49,62,80,,75,,56,58,73,39,26,,70,66,84,70,118,46,54,58,67,,,101,94,46,73,74,82,,,28,33,60,84,99,80,61,56,78,22,74,42,29,43,49,46,39,46,37,33,37,43,37,37,43,7,,13,19,25,25,,58,21,39,53,49,26,,24,48,34,,60,47,80,45,61,47,34,33,42,26,77,84,99,90,73,65,88,89,31,38,38,30,44,51,32,59,45,65,36,43,66,48,46,26,28,61,43,44,42,58,32,40,64,34,61,54,60,69,62,30,61,76,49,65,97,56,58,37,,54,57,72,113,32,58,44,77,99,102,107,99,25,34,104,33,47,55,51,52,33,59,74,18,55,110,81,98,,62,42,64,50,54,52,86,110,56,23,54,20,80,78,30,20,17,28,70,52,74,23,40,55,36,,40,88,26,87,21,,66,19,52,54,51,,23,104,60,76,43,43,48,59,45,37,36,31,41,58,58,68,34,39,41,40,38,46,45,39,84,42,70,80,61,53,64,60,76,28,67,52,56,71,60,73,68,92,70,64,63,58,56,62,63,29,62,52,41,64,53,47,58,62,,40,38,43,43,67,88,90,76,35,33,40,28,20,33,16,69,78,65,67,59,31,71,64,76,70,94,86,,75,81,89,85,98,84,95,60,74,52,52,56,78,29,51,108,30,42,66,66,29,58,55,86,78,52,73,84,36,70,56,45,73,90,62,74,58,78,56,39,70,20,14,36,36,30,37,33,24,61,45,59,53,48,60,50,66,46,45,44,33,38,56,24,54,61,34,71,58,44,36,32,44,50,84,57,71,56,50,27,11,17,64,56,46,52,54,62,30,51,65,64,56,47,26,48,54,60,45,32,38,50,,66,60,76,57,46,60,54,8,9,6,8,20,22,10,22,17,14,10,13,32,24,22,21,41,34,18,27,48,26,23,,12,24,30,19,52,54,34,14,92,15,38,16,8,15,22,26,21,16,25,37,51,53,27,,77,46,45,46,45,114,18,13,87,,64,57,56,53,44,62,18,26,30,51,48,,82,109,60,57,82,81,44,104,44,50,44,74,66,75,45,51,47,38,42,18,47,74,57,40,46,22,18,64,49,55,62,40,55,88,73,12,22,11,36,80,68,24,13,15,19,50,41,37,44,26,34,35,59,56,18,41,47,29,19,40,38,42,46,50,60,56,43,54,38,35,24,22,30,,15,40,44,28,86,66,72,59,15,4,53,24,35,35,69,37,26,24,54,26,30,25,22,91,17,78,52,21,54,86,48,28,18,18,30,40,24,31,42,69,92,46,29,32,34,20,28,47,38
20160203,15,O3_8h_24h,48,83,53,49,61,41,51,72,46,59,64,55,,48,44,83,63,58,61,,,58,32,60,39,,,56,72,64,62,59,60,88,70,66,64,59,76,59,32,76,,64,28,42,57,43,95,68,56,62,52,54,43,85,78,73,76,69,60,68,62,72,80,54,64,57,49,64,67,68,82,76,62,57,51,36,59,32,,42,37,32,31,20,50,44,63,50,55,41,37,57,47,71,45,51,55,,55,33,66,34,35,,80,70,54,60,47,67,78,66,80,58,127,54,68,32,55,54,90,103,43,75,92,41,59,30,,29,23,48,43,49,85,40,57,76,63,73,88,81,72,73,85,75,94,82,108,96,74,99,114,77,67,75,76,77,52,76,80,72,66,74,81,74,82,59,88,93,63,88,96,98,72,82,41,80,93,86,88,92,113,83,80,,83,68,70,83,46,50,73,77,68,96,68,,61,75,97,80,74,76,94,112,55,84,84,78,88,80,89,91,104,100,60,66,88,82,119,81,86,56,87,98,110,93,89,90,82,95,90,,105,88,85,72,68,68,74,76,77,57,,93,,92,111,,92,97,100,115,110,91,69,88,85,88,118,109,80,88,81,83,58,47,87,,88,82,84,87,100,69,74,65,36,66,82,58,22,56,76,131,106,125,108,72,115,107,98,78,67,74,50,76,,75,78,85,81,72,53,78,108,68,43,79,84,40,70,58,65,101,68,24,104,102,70,70,77,129,79,85,105,62,100,67,103,81,94,64,92,85,68,96,96,45,51,,57,61,56,68,50,68,62,74,47,39,49,35,81,44,57,70,65,64,48,58,37,42,44,56,60,48,40,38,45,49,56,30,40,36,36,37,40,47,,52,40,53,48,44,53,52,56,41,45,58,48,47,,56,60,22,55,67,63,64,61,57,56,63,43,59,71,38,17,34,39,42,46,23,48,18,50,40,,19,16,50,56,58,69,78,69,66,,71,78,67,71,69,119,103,50,63,95,47,49,61,74,62,55,52,41,90,84,90,93,72,76,51,64,62,34,56,42,82,47,41,36,79,42,65,47,69,96,63,48,54,35,65,86,59,48,63,105,94,88,,9,12,16,18,25,18,85,54,98,75,,29,62,66,48,45,104,60,35,66,52,46,67,46,58,77,130,76,61,77,84,71,92,80,72,34,86,68,59,72,83,95,34,72,107,66,55,44,43,50,29,44,19,75,55,84,76,,58,59,65,,46,37,33,53,83,79,64,,33,67,60,73,87,90,94,58,52,,49,60,55,87,,79,,54,87,66,82,53,,74,78,66,,67,75,69,53,71,,,73,76,78,80,74,35,40,59,38,45,39,38,43,42,49,29,48,37,44,40,37,26,35,30,47,50,47,58,55,54,48,40,43,64,58,69,52,42,27,33,32,30,50,25,11,30,44,23,32,79,111,142,80,49,42,58,40,44,58,64,,79,68,46,41,54,77,45,30,48,51,75,66,47,33,26,34,85,60,57,34,49,47,35,48,74,48,40,61,31,57,50,31,34,33,21,30,69,71,75,82,70,65,89,86,94,88,107,,129,66,34,46,62,69,62,52,47,59,134,82,57,84,31,66,89,67,96,30,69,72,84,39,25,66,38,64,37,92,85,102,87,64,26,68,59,60,50,66,63,46,61,41,38,40,74,101,79,56,81,65,75,84,97,88,104,63,54,66,79,100,84,69,84,72,120,82,108,75,72,80,90,101,93,105,96,64,67,19,76,96,87,,69,103,189,90,,50,78,60,80,80,80,,80,88,68,69,78,64,37,52,36,28,35,55,51,64,61,44,56,61,83,64,59,43,61,21,18,37,91,126,84,67,12,18,18,17,34,28,58,74,71,,66,58,43,48,80,61,36,84,80,107,102,112,67,59,46,114,62,79,60,90,60,101,99,66,22,58,69,73,93,73,72,,89,66,79,82,96,85,40,80,43,42,46,64,63,55,83,67,53,61,95,92,110,117,80,59,82,96,69,63,27,87,67,49,46,77,91,66,52,74,91,50,59,65,80,,75,,63,58,73,45,39,,70,71,84,73,132,55,58,74,75,,,114,108,53,84,97,106,,,51,41,66,105,109,106,83,66,92,25,85,50,39,53,59,82,69,54,55,36,74,68,63,61,71,12,,29,42,48,36,,101,37,71,100,115,32,,28,58,58,,68,53,86,66,74,66,62,47,70,39,80,85,102,91,87,72,96,90,44,73,46,46,69,69,68,82,75,85,36,46,80,58,59,38,35,68,46,54,52,69,35,42,77,40,66,58,62,74,94,76,86,76,65,74,97,81,74,68,,57,76,77,113,58,68,53,88,99,102,107,99,32,67,106,43,73,70,68,89,36,61,74,21,57,113,113,113,,95,64,102,78,98,57,108,125,56,25,60,20,89,78,35,20,21,28,144,70,136,26,48,64,53,,51,103,32,143,23,,77,20,53,64,51,27,31,117,65,76,58,46,61,72,52,54,53,48,53,76,58,69,35,43,48,46,43,66,70,66,98,56,70,83,77,54,64,60,76,28,89,76,80,104,92,73,68,92,70,64,77,76,72,81,79,61,122,96,69,64,53,51,58,62,,51,52,57,53,68,105,97,86,46,42,43,53,49,64,35,69,78,65,67,72,39,95,91,109,102,123,101,,91,96,114,90,99,84,95,96,104,87,78,108,96,36,83,108,51,66,93,89,47,68,68,99,92,73,105,107,60,105,105,82,82,108,85,99,87,98,88,78,84,42,26,87,76,55,76,67,60,97,78,106,91,91,120,96,113,92,106,110,51,57,65,31,105,113,75,114,109,95,102,96,105,100,123,118,300,125,110,81,67,92,68,81,51,54,62,62,48,58,70,75,72,56,30,69,60,60,46,61,69,51,,82,73,100,77,63,67,59,31,24,33,25,28,37,14,41,68,66,55,60,44,41,38,37,106,67,66,63,70,54,58,,32,50,32,20,60,56,40,15,110,16,52,19,16,22,68,79,70,71,74,55,84,82,34,,77,54,57,57,45,114,25,18,90,214,68,62,61,53,96,98,39,51,34,66,79,,104,156,102,77,93,81,47,104,84,99,74,119,76,79,45,51,47,68,72,38,90,80,61,85,97,43,27,79,54,76,86,53,74,88,84,25,44,12,53,84,76,55,44,58,44,73,73,64,74,67,78,78,94,92,29,60,48,55,58,66,70,88,100,58,82,90,68,60,57,65,72,60,78,,31,96,73,58,101,84,91,102,24,4,61,43,50,40,69,43,41,38,87,46,50,38,38,109,24,79,83,21,60,86,62,63,40,45,53,54,47,62,77,71,92,51,47,48,67,30,33,76,57
20160203,15,CO,0.9,0.4,1,0.8,1.1,0.9,0.5,0.7,0.5,0.7,1.5,1.1,,2.315,2.571,2.17,1.338,1.255,2.437,,,2.184,0.8,1.94,1.057,,,0.714,1.091,0.693,0.672,1.117,1.299,1.088,0.462,1.144,0.612,0.468,0.946,0.83,0.92,0.863,,0.903,0.624,6.376,4.231,3.93,8.47,1.957,1.347,1.798,3.11,1.744,1.958,0.448,0.414,0.186,0.328,0.442,0.411,0.486,0.814,0.303,0.488,0.601,0.892,0.972,0.691,1.646,1.419,1.363,1.876,2.105,1.954,3.5,3.899,3.229,3.545,1.744,,2.045,1.84,2.142,3.648,2.609,4.144,2.607,0.861,1.16,0.777,1.176,1.156,0.929,0.99,0.793,0.738,0.615,0.93,,0.811,0.636,0.573,0.72,0.663,,0.67,1.124,0.938,1.353,1.091,1.22,1.586,1.787,2.363,2.642,1.48,0.706,0.495,0.879,0.574,0.746,0.658,0.726,0.758,0.532,0.596,0.911,0.859,4.774,,0.854,1.03,1.522,1.656,1.074,1.319,0.833,0.384,1.762,1.44,1.24,0.914,0.906,1.416,0.419,1.99,1.033,1.84,1.454,1.85,1.332,1.303,1.36,1.638,0.926,1.036,1.111,0.663,0.366,1.258,0.89,0.977,0.911,1.138,0.604,0.995,0.901,0.549,0.685,1.487,1.493,0.876,1.602,0.854,1.29,1.018,1.074,1.408,1.13,1.157,1.082,1.088,1.001,1.804,0.866,1.527,,1.692,2.113,0.976,1.711,1.597,1.493,1.565,1.558,1.445,1.987,1.306,,0.846,0.923,1.31,1.011,1.065,1.562,0.618,1.244,1.279,1.018,1.691,1.004,1.045,1.07,1.154,1.126,1.852,1.746,1.953,2.117,0.803,0.867,0.627,1.112,1.509,1.096,1.159,1.105,1.33,1.032,1.025,0.924,0.828,0.761,0.987,,0.691,0.891,0.74,0.688,0.809,0.814,0.681,1.06,0.745,,,1.333,,0.991,1.3,,1.118,0.74,1.246,0.899,0.621,0.655,0.917,0.8,0.753,0.93,0.759,0.879,0.677,0.816,0.599,1.155,1.121,0.814,1.113,,1.104,1.127,1.291,1.104,1.272,0.525,0.902,0.531,0.568,0.9,0.79,0.583,0.653,0.688,0.593,0.322,0.885,0.637,,1.13,0.846,1.445,0.785,0.756,1.341,0.959,0.644,0.715,,0.768,1.332,0.965,1.146,1.136,1.307,1.355,1.364,1.78,1.126,1.435,1.72,2.296,1.629,1.171,1.57,1.38,1.578,2.079,1.769,0.83,0.82,0.73,0.884,0.921,0.652,1.436,0.696,1.136,0.492,0.848,1.692,0.819,1.256,1.093,1.106,1.666,0.902,1.453,1.124,0.723,0.811,,0.864,0.839,0.821,0.661,0.972,0.852,0.77,3.436,1.12,1.001,0.964,0.775,1.168,0.956,1.314,0.957,1.268,1.089,1.025,0.907,0.991,0.944,0.89,0.703,0.65,1.137,0.896,1.03,0.838,0.899,0.408,1.152,1.105,1.02,0.882,0.851,1.076,1.273,,0.891,0.982,0.989,0.931,0.955,1.091,1.016,0.887,1.161,0.843,1.208,1.058,1.06,,1.192,0.543,1.11,1.265,1.275,1.033,1.236,1.451,0.82,0.733,0.848,0.949,0.93,0.934,1.423,1.373,1.085,1.242,1.136,1.115,1.347,1.031,0.969,0.629,0.746,,1.417,0.987,1.048,1.273,1.4,1.442,1.718,1.38,1.624,,1.896,1.358,0.589,1.386,0.824,0.722,0.71,1.232,1.032,0.814,0.999,0.373,0.217,0.93,1.301,0.811,0.629,0.945,0.301,0.704,0.31,0.262,,0.237,1.469,2.187,1.813,1.652,1.826,2.336,1.86,3.161,3.381,1.819,1.246,2.463,1.854,1.26,1.213,1.595,1.196,0.908,1.081,1.585,1.132,1.497,1.279,1.942,2.422,1.409,1.367,2.466,,5.416,3.2,3.357,6.743,2.454,2.32,3.019,1.699,4.115,1.654,,1.05,1.192,0.976,1.061,0.884,0.571,0.657,1.356,1.947,2.595,2.323,2.308,2.402,2.656,2.347,0.985,0.437,0.253,0.339,0.483,1.597,1.54,0.881,1.167,1.14,1.055,1.377,0.979,0.98,1.68,1.249,1.025,1.758,1.766,1.637,0.802,0.888,0.923,0.64,1.241,0.723,2.118,1.273,0.938,1.733,1.953,,1.584,1.752,1.398,,1.335,2.035,2.752,2.605,0.704,1.647,1.892,,1.587,1.372,1.158,0.678,1.23,0.584,1.16,1.104,0.983,,0.812,0.744,0.922,1.298,,1.214,,1.733,0.9,0.798,0.908,0.8,,0.794,1.285,1.09,,0.65,0.927,1.09,0.751,0.804,,,1.288,1.197,0.707,0.842,1.282,0.747,0.727,0.712,0.825,0.752,1.101,1.352,1.097,1.005,1.045,1.093,0.546,0.838,1.135,1.143,0.891,1.4,1.633,1.209,1.448,1.388,1.23,0.999,0.998,0.901,0.987,1.668,1.124,0.969,1.11,0.75,1.11,0.954,1.283,1.027,1.164,1.057,0.825,1.782,,0.882,0.748,1.417,0.976,1.258,1.143,1.071,2.175,2.019,1.922,1.407,1.849,2.548,3.48,2.449,,1.312,1.176,3.591,7.606,0.827,2.403,2.707,2.731,0.98,0.918,1.147,1.559,0.806,0.276,0.74,0.212,0.116,0.075,2.646,2.868,3.116,3.27,2.739,2.735,1.493,3.446,3.55,1.254,1.187,2.198,2.431,1.082,1.425,1.309,2.617,1.472,1.993,0.499,1.294,0.589,0.359,0.656,1.19,0.681,0.7,0.872,0.68,,0.667,0.358,1.061,0.3,0.488,0.34,1.3,1.388,,0.782,0.708,0.724,0.576,0.655,1.026,0.732,0.887,0.928,1.562,0.762,2.053,1.189,1.041,1.956,2.438,1.119,0.86,0.544,1.28,0.713,0.773,1.064,1.052,2.382,2.185,2.258,2.227,1.732,2.762,2.231,2.265,3.797,2.065,3.303,3.312,1.519,0.741,0.901,1.2,0.807,2.117,0.646,1.727,1.51,1.494,1.841,1.181,2.024,3.106,2.97,1.121,0.984,0.779,0.857,1.185,1.063,1.083,1.456,1.16,0.999,0.812,0.996,1.089,0.684,0.889,0.616,1.328,0.464,0.74,1.055,,1.686,0.99,0.778,0.973,1.132,1.255,1.429,,1.477,1.01,1.293,0.989,1.217,1.311,,1.298,1.045,0.912,0.745,2.072,1.581,1.214,1.157,1.639,1.304,1.185,1.639,1.315,1.178,1.97,2.369,1.352,0.923,0.972,0.932,0.91,0.874,1.367,1.36,1.188,1.729,1.379,1.885,1.38,1.63,,1.851,1.251,1.216,1.545,1.526,1.062,0.325,0.993,,1.027,0.684,0.879,1.522,2.628,2.058,1.906,1.437,1.656,1.331,0.984,1.354,0.616,1.327,0.459,1.136,0.952,1.881,1.42,1.135,1.576,1.562,1.377,1.286,2.696,2.885,2.002,1.028,0.251,1.733,0.728,,1.262,2.312,2.261,2.075,1.588,2.379,1.877,0.039,1.218,1.106,1.417,1.413,1.258,1.352,0.952,0.957,1.25,1.221,6.582,1.499,1.397,1.268,1.07,0.999,1.135,0.828,1.278,2.009,0.864,1.202,1.79,1.717,0.596,0.472,0.888,1.34,1.117,1.78,1.29,1.008,1.023,0.769,0.799,,1.017,1.134,4.191,,0.335,0.577,0.727,,1.784,2.111,2.018,1.383,1.552,1.33,1.382,0.853,1.223,,,0.707,0.767,0.961,0.79,1.145,1.083,,,1.942,1.764,0.727,0.945,0.481,0.55,0.914,0.898,0.875,0.687,1.367,0.798,0.723,0.907,0.753,0.732,1.026,1.44,0.658,0.617,0.831,0.577,0.857,0.303,1.232,2.977,,1.714,2.069,3.942,3.186,,3.006,3.262,2.932,2.121,2.808,3.671,,4.162,0.406,0.803,,0.553,0.767,0.474,0.552,0.48,0.067,0.11,0.364,0.195,0.25,0.532,0.098,0.064,0.15,0.155,0.666,0.795,0.397,2.06,0.082,0.59,0.159,0.229,2.644,1.905,2.309,1.614,0.371,0.948,1.641,0.299,1.79,1.474,3.367,1.21,0.316,0.744,0.156,1.583,1.347,0.471,1.518,1.112,0.956,0.57,0.371,0.263,0.109,1.092,1.251,0.603,1.654,0.383,1.021,1.372,1.51,1.02,1.808,,1.606,1.186,1.245,1.095,,0.661,0.562,1.279,1.582,1.263,0.844,1.052,1.434,0.548,0.014,0.738,0.476,0.396,1.149,0.97,0.421,0.549,0.911,0.984,1.078,1.129,0.577,0.917,,1.196,2.189,1.091,1.557,0.767,0.715,0.818,0.615,1.853,1.483,0.817,1.444,1.499,1.334,0.824,0.787,0.659,0.584,0.108,0.37,0.206,1.162,1.017,0.991,0.944,,0.513,0.716,1.063,1.389,0.106,,1.029,0.673,0.553,0.889,0.769,0.904,0.672,0.771,0.74,0.585,0.95,,0.954,,0.486,1.044,0.716,1.013,0.714,0.571,1.096,0.391,1.039,0.779,0.841,1.035,0.867,0.832,0.745,0.793,0.012,0.025,0.338,0.626,0.831,1.009,1.594,1.889,1.334,1.544,0.394,0.325,1.438,0.3,0.91,0.637,0.782,0.504,0.54,0.549,1.43,1.248,1.414,0.91,1.127,0.823,0.607,0.649,0.904,0.913,1.009,0.474,0.491,0.809,,1.372,2,1.368,2.044,3.744,0.27,0.901,0.332,2.41,2.148,0.652,1.617,2.29,2.579,3.108,1.64,2.634,1.696,1.537,1.363,1.287,1.201,0.966,1.039,1.666,0.634,1.051,,1.148,0.72,0.714,0.375,0.375,0.35,0.562,0.517,0.783,0.565,1.324,2.659,1.807,1.137,1.86,1.417,1.04,1.067,0.691,1.053,1.432,1.014,0.795,1.57,1.458,1.619,0.956,0.589,0.747,0.882,2.358,1.494,1.71,0.846,0.366,0.563,0.646,0.427,1.253,1.455,1.409,0.149,0.468,0.905,1.414,1.163,1.253,1.201,1.42,0.919,0.991,0.906,0.913,0.964,1.185,2.081,1.053,2.077,1.248,1.608,0.677,1.1,0.793,1.5,0.956,0.842,1.154,1.134,0.982,0.715,0.819,1.003,0.686,1.19,1.029,1.279,1.791,0.096,1.521,,0.725,0.646,0.651,0.864,2.752,0.547,1.118,0.832,0.964,1.642,1.206,1.292,1.088,1.187,1.808,0.572,1.376,1.554,1.029,0.698,0.762,1.034,,1.082,1.357,1.197,1.148,1.1,1.327,1.152,1.835,1.965,2.449,2.837,1.852,1.332,2.855,1.9,1.413,1.3,1.474,1.065,1.339,1.533,1.48,1.358,1.125,1.326,1.286,1.083,1.311,1.418,1.907,,1.546,,1.783,2.088,1.625,3.431,1.288,2.084,1.553,1.426,1.274,1.246,3.1,1.579,1.171,1.319,1.503,1.392,1.28,0.755,0.577,0.98,0.713,,1.31,1.713,1.444,1.588,2.008,1.225,1.404,0.818,1.144,0.948,1.146,1.022,0.849,0.987,1.363,0.984,2.112,1.652,1.244,1.124,0.501,,0.803,1.148,,1.192,1.448,1.088,0.485,0.394,0.67,0.224,0.269,1.208,0.547,0.596,0.955,0.447,0.636,0.432,1.33,0.611,0.468,0.331,0.602,1.497,0.597,0.585,0.784,0.126,0.721,,1.547,0.672,0.77,0.041,0.023,0.484,0.639,0.397,0.427,0.258,0.737,2.658,2.638,2.463,3.605,3.852,1.239,1.687,1.577,1.112,2.058,0.965,2.945,2.153,1.2,0.893,1.014,1.86,1.643,1.289,0.205,0.806,1.256,3.303,0.91,1.045,0.591,2.57,1.261,1.742,1.394,1.503,1.248,,1.136,2.128,1.076,0.953,1.006,0.648,0.44,0.734,1.094,1.06,,0.848,1.48,1.879,0.98,0.23,1.751,0.751,0.755,0.271,0.812,1.487,0.744,0.456,2.241,1.234,1.797,3.082,1.128,0.67,1.515,1.637,1.533,1.359,1.04,0.492,4.035,3.616,2.412,0.704,0.19,0.604,1.24,2.418,2.637,1.921,0.647,1.61,1.013
20160203,15,CO_24h,1.242,0.588,1.129,1.263,1.1,1.242,2.179,0.971,0.821,1.317,1.238,1.917,,2.516,2.78,2.982,2.319,2.701,3.291,,,3.02,1.55,2.23,1.296,,,1.611,2.06,1.855,1.517,1.791,1.271,0.843,1.967,2.713,1.795,1.702,2.16,2.009,2.259,3.275,,2.065,2.173,6.724,6.428,6.821,7.029,4.683,4.765,4.269,3.626,4.016,6.562,0.674,0.732,0.501,0.711,0.537,1.078,1.295,1.524,1.211,0.672,2.874,1.857,1.895,1.86,4.37,4.964,3.615,2.813,2.852,2.934,2.816,3.162,3.573,3.194,1.767,,1.585,2.774,3.218,3.714,3.359,3.313,2.924,1.848,2.18,1.132,4.066,2.326,1.83,1.597,1.561,1.244,2.055,2.093,,2.208,2.258,1.679,2.059,2.133,,2.073,1.321,1.328,1.632,1.583,1.493,1.648,1.527,1.178,1.25,0.685,1.226,1.257,1.454,1.183,1.23,0.973,1.779,1.383,1.146,0.995,1.481,0.706,3.483,,1.649,0.594,1.448,1.072,2.281,1.651,1.222,0.765,1.511,1.207,1.286,0.88,1.222,1.234,0.929,1.538,0.897,2.001,1.798,3.104,1.821,2.125,1.861,1.585,1.43,1.654,1.38,1.661,1.482,1.972,1.771,1.457,1.569,1.613,1.482,1.133,1.021,0.681,0.861,1.94,1.621,1.188,1.484,1.984,2.22,1.842,1.595,1.938,2.157,1.488,2.039,1.623,1.76,1.981,1.104,1.661,,1.985,2.543,1.509,1.95,1.81,2.207,1.771,2.06,1.812,1.725,1.629,,1.215,1.301,1.51,1.507,1.632,2.145,1.216,1.421,1.734,1.496,2.29,1.614,1.039,1.059,1.062,0.907,2.214,2.137,2.233,2.648,0.939,0.664,0.674,1.035,1.253,1.302,1.121,1.134,1.342,1.258,0.932,1.255,0.935,1.085,1.102,,0.918,1.145,0.874,0.886,1.078,1.219,0.968,0.962,0.849,1.209,,1.196,,1.262,1.446,,1.043,0.706,1.088,1.255,1.045,0.969,0.958,0.85,1.01,1.046,1.002,1.017,0.846,0.93,0.83,1.269,1.67,1.243,1.124,,1.496,2.246,1.511,1.033,1.428,0.493,0.828,0.563,0.635,0.917,0.798,0.733,0.715,0.735,1.066,0.824,0.986,0.416,1.187,0.951,0.853,0.939,1.057,0.959,1.842,1.383,1.224,1.274,,1.272,1.879,0.928,1.272,1.136,1.327,1.539,1.423,1.89,1.131,1.645,1.928,1.951,1.533,1.339,1.545,1.489,1.467,1.87,1.987,1.01,1.289,1.543,1.427,1.432,1.35,1.814,1.44,2.174,0.82,1.043,2.128,1.018,1.509,1.427,1.36,1.724,1.216,1.629,1.349,0.681,0.961,,0.774,0.813,0.75,0.686,0.917,0.849,0.734,1.537,1.11,1.005,1.271,0.774,1.193,0.96,1.323,1.038,1.265,1.111,1.034,0.874,0.962,0.929,0.908,0.672,0.618,1.076,0.937,0.973,0.859,0.962,1.137,1.13,1.083,1.004,0.853,0.787,0.947,1.238,,0.901,0.998,1.015,0.916,0.924,1.08,1.018,0.887,1.049,0.868,1.301,1.074,1.111,,1.401,1.12,1.265,1.379,1.449,1.16,1.447,1.476,0.941,0.838,1.238,1.016,1.328,0.961,1.513,1.466,1.239,1.259,1.339,1.021,1.322,1.351,1.18,1.002,1.122,,1.596,1.651,1.349,1.181,1.285,1.413,1.533,1.353,1.604,,1.885,1.313,0.612,1.367,0.715,0.772,0.852,1.079,1.536,0.92,0.979,1.32,0.818,1.243,2.412,1.708,1.995,2.183,1.307,1.663,0.813,0.371,0.47,0.361,1.536,2.854,1.952,1.703,1.846,2.687,2.076,3.89,3.73,2.209,1.837,2.185,2.437,2.762,1.659,1.505,1.649,2.188,2.204,2.568,1.529,2.203,0.981,3.139,2.343,1.837,1.981,2.449,,4.149,4.703,3.831,3.296,3.102,2.195,1.314,1.35,1.885,1.652,,1.428,1.356,1.201,1.338,1.186,0.647,0.926,1.406,1.782,1.538,2.377,2.495,1.507,2.695,3.438,1.619,0.93,0.479,0.668,0.981,1.733,1.809,1.013,1.344,2.136,1.739,2.399,2.091,1.254,1.536,0.964,1.585,2.618,2.239,1.995,0.657,0.746,0.772,0.601,2.044,2.398,2.983,2.205,2.045,2.011,3.331,,3.76,3.485,2.059,,2.1,2.843,3.319,3.186,1.392,2.047,2.56,,3.617,1.835,3.017,0.998,1.385,1.623,1.594,1.327,1.015,,0.957,1.63,2.095,2.366,,2.1,,2.168,1.315,1.41,1.239,2.089,,2.917,2.721,1.621,,0.791,1.087,1.444,1.424,1.458,,,1.367,1.234,0.741,0.812,1.312,0.942,1.043,1.006,0.984,1.03,1.14,1.16,1.134,0.993,1.093,1.119,0.689,0.89,1.157,1.156,0.92,1.144,1.205,1.237,1.342,1.268,1.214,0.998,0.93,0.887,0.985,1.335,1.127,0.941,1.113,0.797,1.005,0.992,1.026,1.169,0.943,1.039,0.991,1.859,,0.936,1.391,1.918,1.728,1.552,1.571,1.516,3.011,2.7,2.354,1.624,2.324,3.017,5.627,5.496,,3.392,4.111,5.006,8.449,2.151,4.507,3.754,5.423,3.874,1.415,2.567,2.515,0.917,0.369,2.581,0.802,0.285,3.022,1.585,1.961,2.071,2.69,2.76,2.076,0.622,4.161,4.161,1.393,2.977,2.055,4.007,1.983,2.609,2.822,3.758,2.593,2.821,1.365,1.584,1.893,1.153,1.538,1.769,0.793,2.083,1.7,1.029,,0.747,0.677,1.376,0.737,0.919,0.748,2.257,2.093,1.385,2.242,1.149,0.84,0.602,0.789,1.011,0.815,1.221,1.289,1.709,1.055,2.603,1.436,1.669,2.288,2.951,1.729,0.788,0.838,0.987,1.43,0.689,1.461,0.548,2.692,2.263,3.342,3.392,2.844,2.108,1.903,4.422,7.093,3.456,4.893,5.108,1.835,1.055,1.243,1.735,2.381,3.324,1.773,1.614,1.708,1.806,2.375,1.39,2.352,3.249,3.747,1.422,1.065,1.285,0.911,1.346,1.204,1.718,2.325,1.496,1.288,0.907,1.333,1.54,0.884,0.948,1.124,1.514,0.784,1.338,1.074,2.603,1.666,0.964,0.679,1.028,1.106,1.151,1.401,,1.488,1.109,1.418,1.079,1.235,1.158,,1.277,1.148,1.034,0.873,2.211,1.522,1.21,1.181,1.69,1.551,1.206,1.805,1.372,1.213,2.851,1.937,1.676,1.054,0.935,0.977,0.929,0.873,1.35,1.313,1.22,1.731,1.28,1.872,1.337,1.591,0.691,1.86,1.177,1.167,1.431,1.458,1.055,0.496,0.958,,1.155,1.204,1.473,1.905,2.732,2.1,2.473,1.439,2.437,1.689,1.044,1.671,1.388,1.513,2.096,1.312,1.339,2.768,2.147,1.526,2.582,2.076,2.036,1.235,2.326,2.465,1.761,1.12,0.243,1.992,0.389,,1.743,2.119,1.969,1.281,1.382,2.2,1.824,1.215,1.511,1.645,1.418,1.072,2.304,2.076,1.176,1.096,3.363,1.474,1.713,1.787,1.774,1.74,3.211,2.406,2.782,1.963,1.501,1.866,2.235,2.201,2.232,2.651,1.245,0.849,1.666,1.969,2.195,2.701,1.346,1.139,0.888,1.196,1.17,,1.441,1.435,1.697,1.679,0.787,1.084,1.238,,1.59,1.607,1.573,1.821,1.847,1.43,1.83,0.94,0.977,,,0.983,0.879,0.954,0.949,1.301,1.122,,,1.122,1.274,1.094,1.365,0.596,1.36,1.9,1.246,1.163,0.981,1.742,0.82,0.835,0.946,2.719,1.944,2.967,4.108,1.894,2.67,2.022,1.77,2.33,1.579,2.154,2.737,,1.95,2.606,5.085,4.023,,4.807,3.809,4.324,2.502,3.514,3.418,,4.567,3.107,2.252,,0.946,1.205,0.848,0.521,0.939,0.573,2.121,0.758,0.694,1.377,1.015,0.721,0.337,0.509,0.205,1.263,1.527,0.422,3.207,0.958,0.962,1.075,1.361,1.341,2.031,1.562,1.829,1.894,1.375,2.036,1.005,3.492,2.45,4.744,2.198,1.014,1.037,1.207,2.542,2.119,1.714,3.002,1.561,1.823,1.681,0.581,0.603,0.509,1.367,1.61,0.964,1.813,0.537,2.529,1.641,1.886,0.71,3.68,,1.376,1.051,0.935,0.69,,0.829,0.429,1.987,1.756,1.256,0.96,0.966,1.738,1.658,1.132,0.795,0.566,0.344,1.422,1.077,1.338,0.629,1.257,1.636,1.336,1.309,1.128,1.212,,1.287,2.491,1.242,1.538,1.025,1.578,1.13,1.065,2.183,1.582,1.109,1.519,1.383,1.441,0.823,1.092,0.907,0.654,0.175,0.523,0.213,1.719,1.528,1.752,1.493,,0.778,1.379,1.847,2.119,0.274,,1.136,0.934,1.017,1.266,0.937,1.12,0.78,0.899,0.676,0.832,0.83,0.372,0.798,0.009,0.577,1.127,0.796,1.023,0.812,0.61,1.07,0.416,1.072,0.857,1.008,1.067,0.905,0.761,0.733,0.731,0.012,0.733,0.571,0.772,0.774,1.417,2.149,1.779,1.609,2.089,1.076,0.823,1.9,1.596,1.868,0.855,0.978,0.782,0.8,0.87,1.353,1.303,1.43,0.864,1.083,0.977,1.302,0.966,1.056,1.314,1.394,0.768,1.32,1.342,,1.818,2.298,1.604,2.37,2.266,0.292,0.788,0.54,4.343,3.291,2.222,1.553,5.41,2.56,3.681,2.162,3.033,2.229,2.015,1.853,1.571,1.508,1.345,1.467,2.22,1.165,1.902,,1.745,1.986,2.017,0.813,0.673,0.732,1.274,1.202,1.343,1.157,1.379,2.55,1.915,1.583,1.71,1.34,1.385,1.363,0.771,1.093,1.368,1.036,0.74,1.757,1.626,1.907,1.194,0.91,0.904,0.952,3.211,1.957,2.153,1.282,0.876,1,1.151,0.809,1.465,1.34,1.616,0.226,0.588,1.139,1.624,1.486,1.579,1.535,1.665,1.05,1.278,1.167,1.213,1.227,1.27,2.278,1.23,2.35,1.714,1.896,0.587,1.093,0.77,1.566,0.879,0.919,1.122,1.228,1.141,1.073,0.856,0.992,0.834,1.289,0.785,1.687,1.875,0.306,1.607,0.071,0.322,0.6,0.691,0.759,2.637,0.585,1.107,0.883,0.985,1.549,1.32,1.362,1.078,1.29,1.79,0.578,1.386,1.602,1.441,0.714,0.79,1.066,,1.379,1.688,1.575,1.628,1.448,1.247,1.202,1.623,1.481,1.997,2.306,1.94,1.183,2.506,1.369,1.259,1.283,1.406,1.168,1.522,1.714,1.637,1.477,1.107,1.289,1.22,0.983,1.193,1.305,1.566,,1.384,1.395,1.543,1.784,1.444,1.792,1.08,2.031,1.491,1.344,1.257,1.475,3.08,1.498,1.118,1.248,1.421,1.265,1.23,0.781,0.827,0.907,1.052,,1.465,1.933,1.847,1.991,2.466,1.241,1.402,0.798,1.221,0.971,1.436,1.222,1.039,1.284,1.156,0.935,1.879,1.618,1.38,1.203,0.553,,0.569,1.348,0.084,1.132,1.429,1.253,0.569,0.502,0.979,0.383,0.627,1.29,0.694,0.754,1.155,0.728,0.857,0.482,1.356,1.045,0.259,0.339,0.614,1.948,0.998,0.635,0.756,0.103,0.983,0.839,2.019,0.724,1.053,0.064,0.015,1.596,2.274,0.544,0.557,0.255,0.746,2.703,2.979,2.85,4.067,4.044,2.666,3.018,2.768,0.24,2.078,1.262,3.374,2.123,1.118,0.773,0.858,1.764,1.845,1.988,1.341,1.489,1.91,2.94,1.839,1.057,0.73,2.572,1.623,1.686,1.662,1.486,1.024,,1.94,2.74,1.42,1.72,0.973,0.707,0.603,0.784,1.377,1.192,0.675,1.221,1.603,0.934,1.319,0.62,1.954,1.29,1.053,1.05,1.908,1.51,0.884,0.49,2.927,2.753,1.598,2.396,1.105,0.904,1.414,2.713,2.316,2.081,2.277,2.923,3.142,2.142,2.567,0.471,0.779,0.866,1.766,3.044,2.708,2.16,0.711,1.971,1.291
20160203,16,AQI,62,35,45,50,50,53,46,36,38,35,58,62,,162,134,92,110,100,127,,,98,94,113,93,,,49,58,37,48,55,63,83,52,53,41,52,64,53,27,53,,40,33,206,162,168,188,112,90,123,128,117,118,30,37,70,63,26,28,29,34,27,31,59,55,57,54,79,89,88,179,192,150,186,162,196,230,87,,97,73,59,70,65,87,83,69,83,78,80,82,67,85,60,58,45,63,,71,62,54,47,76,,88,68,80,50,56,43,67,67,82,88,67,75,77,71,62,72,56,53,62,50,67,100,112,115,,122,127,110,123,89,92,110,160,94,53,107,63,114,77,54,90,72,123,149,150,145,132,147,112,129,110,123,57,70,69,54,127,48,69,85,88,89,73,89,123,139,158,147,89,95,80,83,93,78,93,92,115,122,114,134,107,,132,120,95,158,98,115,122,109,99,127,122,,118,120,128,104,74,98,78,148,176,152,150,137,160,140,159,90,168,172,156,152,135,125,58,138,135,135,149,148,148,147,94,77,123,90,128,,,108,123,69,78,95,79,172,155,122,,140,,142,128,,112,145,122,64,65,63,99,90,77,87,89,94,64,87,60,120,80,129,124,,132,124,138,130,108,45,51,42,,45,42,20,45,38,68,65,62,90,38,95,64,94,71,127,128,107,122,39,,122,118,147,176,159,132,168,176,180,185,138,92,86,102,94,100,97,92,83,83,88,70,92,123,99,92,114,67,107,53,102,100,113,108,102,113,115,109,102,75,60,58,,53,45,54,48,55,63,59,59,58,54,53,64,49,58,65,42,48,48,62,55,51,49,50,49,52,48,,70,50,59,64,52,58,65,46,52,70,58,,50,52,48,54,49,57,50,50,59,54,58,70,67,,94,79,90,85,74,79,84,104,51,50,54,53,54,69,84,84,74,82,74,58,122,83,75,69,64,,77,87,78,84,125,104,92,107,110,,102,55,98,102,90,100,65,105,93,88,93,29,38,39,40,35,30,36,63,47,58,52,29,46,100,137,230,135,193,101,217,108,119,118,105,123,153,93,105,91,87,92,64,31,99,119,117,122,142,110,98,130,,500,255,362,500,305,376,150,143,152,113,,97,129,93,102,109,63,98,130,158,92,147,103,113,150,99,54,31,24,32,35,87,80,103,67,62,54,54,74,53,64,55,82,92,79,99,52,54,50,44,133,123,100,138,138,147,112,,144,148,105,,95,92,107,133,115,99,125,,99,127,139,145,176,97,166,79,96,,65,73,67,99,,80,,102,100,99,82,113,,104,124,120,,54,59,55,89,72,95,,59,58,59,67,90,46,38,38,40,48,55,49,53,52,52,53,57,48,60,57,49,55,52,48,39,37,36,17,62,58,55,59,53,57,58,58,32,45,42,48,64,52,40,55,36,58,27,35,27,70,77,92,48,46,62,46,58,63,102,88,,130,114,73,237,85,45,87,70,46,38,45,83,54,26,32,29,27,115,123,127,118,125,102,108,89,59,64,90,77,75,70,93,75,95,114,92,63,79,85,72,43,65,60,63,63,54,90,,50,45,44,43,54,68,73,57,68,74,70,77,102,64,82,69,64,97,79,99,114,103,52,82,113,83,59,85,83,90,95,64,95,152,110,88,125,110,93,104,80,123,76,100,114,52,108,58,108,73,60,122,142,90,124,120,100,109,108,119,93,155,162,183,142,143,90,112,97,104,87,99,85,90,102,51,87,155,92,79,142,145,102,88,89,112,149,108,69,72,75,77,85,100,95,,93,103,32,33,137,150,149,148,133,148,150,130,127,127,68,68,61,68,124,133,102,119,134,148,155,139,108,147,125,128,122,140,134,139,150,165,92,70,87,,73,49,50,119,132,208,235,97,108,109,124,54,64,64,55,130,77,102,105,102,128,108,100,160,143,179,153,92,91,108,103,,84,155,131,153,107,173,163,275,91,144,144,137,97,124,104,98,148,108,147,173,110,109,69,93,67,38,140,128,69,74,150,155,63,49,79,45,70,69,117,120,109,82,82,,87,112,172,,60,60,87,,119,102,113,97,110,135,144,148,143,,59,95,93,91,83,97,107,,,73,72,103,72,34,68,73,78,85,72,75,58,55,64,56,58,52,55,56,38,55,34,71,53,61,118,,80,94,182,212,,147,132,64,60,57,56,,50,54,31,,175,155,162,58,42,54,74,63,38,30,31,29,28,30,28,42,49,43,33,40,34,58,28,102,68,88,73,65,75,76,62,20,23,35,15,82,90,75,46,61,57,71,65,79,30,22,33,35,40,69,39,30,48,38,36,64,68,45,,122,62,53,45,56,48,52,74,87,72,89,53,63,32,46,58,62,60,73,99,30,21,93,79,136,88,114,122,,122,133,133,61,52,74,113,73,83,74,70,78,90,84,85,82,52,74,72,70,43,166,153,109,54,,45,92,84,88,49,,35,54,44,53,64,62,59,70,84,112,35,51,52,57,23,45,39,52,32,20,28,20,36,26,32,28,32,48,45,42,68,63,68,64,67,53,118,97,93,90,87,70,72,87,72,60,59,58,54,57,58,64,78,55,84,79,89,78,79,79,82,83,84,87,,68,79,62,65,62,83,73,76,144,102,90,178,152,153,185,71,94,74,92,68,77,88,79,63,70,69,90,,99,81,78,72,60,60,57,74,62,54,83,95,110,74,87,67,83,89,67,92,113,110,114,93,99,127,79,90,104,102,84,99,78,79,49,62,66,52,135,117,87,100,93,78,88,84,82,99,82,92,98,88,99,98,130,107,117,105,115,77,57,70,75,83,53,47,66,55,57,82,74,105,68,80,103,117,87,110,112,79,178,173,58,52,73,59,85,73,68,93,78,89,67,57,79,75,37,53,50,87,95,84,,62,80,70,67,100,82,85,133,220,178,232,145,113,103,115,115,95,152,114,98,93,99,99,92,110,105,123,88,94,109,,99,139,166,160,175,213,201,138,172,156,62,68,85,63,84,150,120,140,139,17,25,26,48,,55,57,65,72,80,52,70,65,63,60,54,62,69,51,67,78,49,54,22,40,79,,68,71,49,47,44,41,32,40,26,36,42,57,28,30,36,32,51,30,29,28,36,70,45,80,,67,54,28,26,30,30,500,279,49,61,15,71,5,75,27,25,170,176,179,166,48,56,59,51,112,114,99,52,54,92,78,52,46,85,97,46,78,71,62,93,114,128,87,73,75,42,78,95,,78,49,49,57,94,135,55,68,53,46,102,104,104,43,51,39,75,74,68,113,99,63,65,35,159,264,75,125,57,59,137,121,169,116,98,87,133,229,178,52,53,36,143,253,347,55,39,139,64
20160203,16,PM2.5,44,21,31,35,35,37,32,25,26,18,41,44,,123,102,68,83,75,96,,,73,70,85,69,,,19,41,15,33,35,45,46,18,20,25,15,23,23,12,20,,12,6,156,123,127,141,84,67,93,97,88,89,5,6,2,17,3,14,7,16,10,8,33,39,40,37,58,66,56,135,144,115,140,123,147,180,64,,72,53,42,51,39,64,61,50,61,57,58,60,48,63,40,41,26,45,,45,44,37,32,54,,65,49,59,35,39,23,48,48,60,65,48,54,56,49,44,52,35,34,41,35,42,75,84,87,,92,96,83,93,66,68,83,122,70,37,80,45,86,56,20,67,52,93,114,115,111,100,112,84,98,83,93,40,51,50,38,96,33,50,63,65,66,53,66,93,106,120,112,61,71,59,60,69,57,69,68,87,92,86,102,80,,100,91,71,120,73,87,92,82,74,96,92,,89,91,97,78,46,73,57,113,133,116,115,104,122,107,121,67,127,130,119,116,103,95,41,105,103,103,114,113,113,112,70,56,93,67,97,,,81,93,50,57,71,58,130,118,92,,107,,108,97,,84,111,92,46,19,45,74,67,56,64,66,70,46,64,40,91,59,79,94,,100,94,105,99,81,31,29,29,,31,27,14,27,24,47,47,30,67,,71,29,70,34,96,97,80,92,,,92,89,112,133,121,100,127,133,136,139,105,68,58,76,70,75,72,68,61,61,65,51,68,93,74,68,86,48,80,37,76,75,85,81,76,85,87,82,76,55,43,40,,37,31,38,33,38,45,42,42,41,38,37,46,30,41,47,29,33,33,44,39,33,34,35,34,36,33,,51,35,42,46,23,,47,26,19,51,41,,35,36,33,37,34,40,35,35,35,33,41,51,48,,70,58,67,63,54,58,62,78,30,30,32,37,33,50,62,62,54,60,54,36,92,61,55,50,46,,56,64,57,62,95,78,68,80,83,,76,36,73,76,67,75,47,79,69,65,69,20,14,21,15,20,13,25,21,7,14,16,3,5,75,104,180,103,145,69,167,53,90,89,79,93,117,69,79,64,64,68,46,19,74,90,88,92,108,83,73,99,,392,205,312,408,255,326,115,109,116,85,,72,98,69,76,82,45,73,99,120,68,112,77,85,115,74,15,21,6,13,18,64,59,77,48,44,29,35,54,32,46,39,49,68,58,56,36,31,35,22,101,93,75,105,105,112,84,,110,113,79,,71,68,80,101,87,74,95,,74,96,106,111,133,,126,58,51,,47,53,34,74,,59,,76,75,74,60,85,,78,94,91,,32,38,34,66,52,71,,42,41,42,48,,28,25,26,23,28,33,33,37,36,36,37,40,33,43,40,34,39,33,32,27,22,25,,44,41,39,42,37,40,41,41,22,31,29,33,46,34,27,39,25,41,16,24,18,51,56,60,24,28,34,29,40,45,76,65,,99,86,53,187,63,31,64,51,32,21,27,61,26,12,10,5,8,87,93,96,89,95,76,81,66,42,25,48,56,36,48,69,55,68,86,65,45,58,63,52,30,29,42,40,33,34,67,,35,23,27,22,20,49,51,23,49,39,51,56,76,46,60,50,46,72,58,74,86,77,,60,85,61,42,63,61,67,71,46,71,116,83,65,95,83,,78,59,93,54,75,86,36,81,41,81,53,43,92,108,67,94,91,75,82,81,90,69,118,123,138,108,109,67,84,72,78,64,74,63,67,76,35,64,118,68,58,108,111,76,65,66,84,114,81,50,52,55,56,63,75,71,,69,77,14,7,104,115,114,113,101,113,115,99,96,96,41,46,32,49,94,101,76,90,102,113,118,106,81,112,95,97,92,107,102,106,115,125,68,51,64,,53,34,35,90,,158,185,72,81,82,94,30,46,46,36,99,56,49,79,76,97,75,75,122,109,135,117,65,39,50,61,,62,118,37,116,60,131,124,225,61,72,78,74,72,94,78,73,113,81,112,131,83,82,50,69,33,26,107,97,50,54,115,118,45,33,58,31,44,44,88,91,82,60,60,,64,84,130,,28,28,64,,90,76,,72,83,103,110,113,109,,42,71,69,67,61,72,80,,,53,52,77,52,19,48,53,57,63,52,55,39,28,46,18,41,12,23,34,20,39,23,50,28,14,89,,59,70,137,162,,112,100,46,43,40,31,,32,33,14,,14,26,29,41,20,35,54,45,26,20,11,20,7,20,6,29,25,24,23,27,23,19,19,76,40,65,39,47,44,51,44,12,16,13,10,60,67,55,32,36,40,37,47,58,10,12,23,24,28,36,27,20,26,19,11,35,49,20,,92,44,37,31,30,24,36,40,52,52,66,33,45,22,32,41,44,,53,74,17,11,69,58,81,65,86,92,,92,101,101,29,33,54,85,53,61,54,51,57,67,62,63,60,36,54,52,51,27,126,117,82,38,,31,68,62,65,31,,24,38,22,37,46,44,42,50,62,84,24,31,36,40,12,31,22,31,22,6,19,13,18,17,16,19,17,33,31,29,49,45,49,46,48,37,89,72,69,67,64,51,52,64,52,43,42,41,38,40,41,46,57,30,62,58,66,57,58,58,60,61,62,61,,49,58,39,45,44,61,53,51,110,76,67,134,116,117,139,47,70,48,68,37,56,65,58,45,51,50,67,,74,55,57,52,39,43,38,54,44,36,61,71,83,54,64,48,61,66,48,68,85,83,86,69,74,96,58,67,78,76,62,74,57,58,34,44,41,24,103,88,64,75,69,57,65,62,60,74,60,68,73,65,74,73,99,80,88,79,87,56,,51,55,61,36,29,43,39,40,60,54,79,49,59,77,88,64,83,84,58,134,131,41,36,53,42,63,53,49,69,57,66,48,40,58,55,22,32,35,64,71,62,,44,59,51,48,75,60,63,101,170,134,182,111,85,77,87,87,71,116,86,73,69,74,74,68,83,79,93,65,70,82,,74,106,126,122,132,163,151,105,130,119,44,49,63,45,62,115,91,107,106,1,3,2,33,,39,40,47,52,59,36,51,47,45,43,38,44,50,32,47,47,34,38,15,21,58,,49,28,33,29,25,11,22,28,7,8,29,40,16,16,13,20,21,21,20,19,18,51,25,59,,48,35,19,17,,,159,229,12,,,14,,6,7,7,129,133,135,126,32,34,40,35,84,86,74,36,38,68,57,36,32,63,30,15,38,37,44,69,59,50,64,53,55,19,57,71,,57,29,34,7,70,103,27,22,8,17,76,78,78,25,32,27,40,47,49,85,74,45,45,12,110,214,49,95,35,34,71,78,128,83,48,64,101,179,134,36,2,25,109,203,297,35,25,106,46
20160203,16,PM2.5_24h,42,25,36,40,36,36,44,40,32,31,37,54,,116,114,85,90,97,120,,,77,85,101,57,,,67,86,64,63,85,75,38,78,95,74,74,92,93,46,75,,53,47,183,165,188,167,158,208,171,186,171,217,20,16,20,26,24,39,46,35,37,19,87,65,67,62,133,170,104,148,159,143,94,100,121,111,67,,42,83,91,49,50,57,86,74,76,86,108,89,57,60,57,80,114,102,,124,152,71,142,119,,141,66,62,43,49,34,45,48,55,62,32,92,93,80,93,88,70,96,97,82,81,89,98,115,,133,118,134,139,90,110,99,116,91,76,93,67,111,81,63,77,77,128,116,135,119,133,128,114,124,109,123,129,108,127,119,113,115,100,94,65,80,65,90,96,103,114,100,87,105,97,111,103,99,97,108,120,139,104,114,120,,123,131,120,121,126,143,149,138,137,135,145,,124,123,138,103,87,132,137,128,153,126,131,120,90,70,94,48,159,179,159,163,84,64,42,93,80,88,89,89,94,94,56,90,102,95,95,,,95,98,58,66,62,62,91,88,66,,80,,132,115,,70,90,78,69,68,72,88,68,70,75,67,69,58,74,58,96,53,94,97,,122,109,99,100,94,23,24,24,,23,24,20,25,19,81,61,53,89,68,91,47,83,77,112,130,97,105,107,,105,120,72,92,83,75,90,95,98,99,93,81,83,83,92,93,84,89,75,70,91,106,110,104,109,109,108,96,117,76,95,95,91,98,83,109,107,100,91,81,39,36,,31,32,34,37,34,39,38,33,35,33,30,39,19,35,36,20,29,27,34,32,30,30,32,30,34,30,,41,30,38,46,22,27,37,21,18,39,20,,38,37,33,27,30,34,31,34,28,27,30,44,32,,83,87,77,78,73,66,77,80,14,21,24,27,26,56,76,65,58,64,63,46,58,63,64,64,54,,63,61,61,66,82,73,67,67,68,,70,72,70,73,64,73,57,53,73,66,66,53,37,24,53,52,62,50,61,46,34,22,33,25,87,67,66,86,129,77,160,58,133,64,127,83,60,88,92,62,70,77,64,90,99,112,49,89,102,96,84,94,,280,320,264,305,277,328,91,108,103,95,,115,139,84,113,129,42,76,109,97,52,80,73,46,88,88,32,43,22,25,29,83,74,81,71,90,82,99,113,65,63,34,96,72,68,81,24,22,22,17,140,125,99,143,162,145,141,,219,198,141,,137,127,144,147,131,88,133,,127,134,183,149,185,226,166,64,49,,51,77,77,133,,107,,131,125,122,99,144,,186,119,101,,47,58,49,132,103,105,,43,43,47,45,49,21,21,23,20,23,26,28,28,28,28,30,27,27,29,28,27,32,18,32,26,17,20,45,44,44,30,43,27,43,36,44,14,17,19,26,24,28,22,30,24,34,36,39,40,119,108,114,53,55,45,47,64,82,110,121,,120,166,92,235,97,48,79,110,53,39,74,81,47,25,66,29,16,208,72,78,80,104,107,80,43,83,69,74,98,43,107,75,113,110,98,71,82,96,79,93,82,82,72,47,89,65,57,,39,43,51,47,48,61,98,91,112,120,77,80,52,40,61,37,67,94,70,95,96,91,93,88,100,75,49,88,66,77,66,97,19,98,76,71,103,95,73,81,128,116,87,118,125,61,52,74,87,52,38,99,56,96,97,91,91,62,66,74,58,114,121,136,118,119,79,90,88,76,78,79,72,63,77,67,78,103,100,86,81,91,54,56,89,91,103,88,50,65,66,75,66,65,63,,68,77,8,8,73,82,85,85,122,124,132,118,110,105,64,63,47,61,93,85,77,87,103,108,109,104,64,75,86,77,83,105,95,103,111,107,62,63,62,,59,47,46,111,71,60,218,68,88,77,80,38,48,57,72,136,109,79,138,110,172,151,157,83,74,90,67,57,43,52,48,,90,131,81,77,51,107,140,114,87,76,61,58,127,151,93,88,145,84,102,114,69,72,146,124,98,97,68,53,98,92,102,117,90,55,80,71,65,40,115,119,106,75,89,,89,101,104,,64,66,134,,118,118,126,101,114,126,128,97,96,,82,69,61,61,53,74,77,,,56,62,87,74,55,72,74,97,99,86,79,39,29,43,62,52,82,49,76,61,103,89,166,90,54,69,,75,82,133,141,,146,97,73,46,77,32,,54,126,93,,30,42,33,33,23,59,76,56,40,62,27,33,17,13,7,47,48,38,94,78,54,92,102,62,74,74,69,127,89,89,93,89,44,70,50,81,76,76,103,110,91,102,91,87,38,42,45,35,56,83,46,21,44,61,19,33,56,47,,63,49,58,41,39,49,25,51,47,51,61,34,60,108,56,33,39,,76,88,68,24,89,35,113,120,129,133,,136,114,116,38,60,77,105,85,69,79,67,74,71,73,93,89,74,83,65,72,46,174,154,169,68,,55,87,99,97,50,,42,51,59,56,54,58,49,57,55,88,22,26,26,28,15,27,26,30,25,7,23,18,23,17,15,18,20,27,34,30,46,63,60,62,58,69,114,101,97,96,82,62,68,78,64,49,62,67,63,60,49,63,66,33,75,65,69,62,61,77,90,77,72,87,,43,51,39,31,46,60,61,58,95,77,69,128,139,114,110,85,101,95,118,48,71,96,81,73,81,77,84,,89,76,81,95,90,99,72,102,74,77,81,86,95,81,88,31,56,65,45,74,93,83,73,100,103,121,83,83,97,75,77,85,93,94,78,80,78,63,87,71,51,65,67,83,84,89,82,96,93,93,105,96,101,98,86,69,75,72,89,75,150,104,84,88,57,52,48,58,64,63,71,72,65,70,57,92,52,76,88,46,79,93,41,34,49,43,65,59,55,74,68,74,58,49,62,68,21,32,40,63,77,61,,65,86,78,34,37,65,68,84,115,113,141,88,73,64,72,77,85,75,70,112,104,102,104,75,80,76,69,47,57,59,,62,83,88,88,89,87,120,92,121,99,65,91,121,60,46,68,71,74,85,13,30,18,43,,44,62,79,74,89,42,55,54,52,53,49,59,63,52,46,38,62,64,25,28,60,,47,42,36,44,21,23,28,23,29,29,54,41,26,26,48,49,58,40,23,27,41,51,32,53,,32,35,12,15,35,31,43,79,16,18,,86,19,25,8,12,132,145,147,145,40,63,72,59,78,101,91,47,42,66,54,37,36,48,40,30,60,62,49,88,64,53,62,100,66,23,67,57,,100,58,42,19,60,96,37,44,30,24,127,110,103,31,81,73,57,64,57,94,99,46,41,14,132,340,45,74,48,48,54,102,160,102,72,110,80,91,105,24,7,20,109,188,333,52,25,85,35
20160203,16,PM10,,35,,35,,,36,,30,35,,64,,124,,,88,97,119,,,88,84,110,97,,,49,64,37,43,60,58,116,53,56,41,53,77,55,27,56,,40,33,235,164,158,207,123,114,118,125,120,111,26,37,89,75,21,18,28,34,17,31,67,51,55,57,92,79,126,174,167,123,166,185,187,228,82,,85,67,61,80,79,100,90,77,101,89,110,80,74,113,69,61,45,56,,92,60,58,47,102,,84,82,80,47,61,43,77,69,87,94,67,100,98,92,64,64,62,56,73,43,83,84,117,125,,119,128,141,140,109,103,107,140,76,42,88,53,86,59,58,,67,121,168,161,117,130,157,137,142,117,94,,,,,184,,52,78,95,99,79,87,148,173,124,142,127,126,105,115,101,87,109,101,120,149,,125,106,,128,99,104,147,91,112,145,112,127,150,120,,,150,125,109,98,115,79,140,153,151,166,147,163,121,151,117,163,159,141,138,137,130,53,141,137,147,161,155,156,183,103,89,128,91,137,,,104,144,63,71,91,75,153,147,168,,152,,108,116,,152,134,,68,22,54,,82,59,85,87,113,59,,70,94,92,207,,,,,,,,40,52,42,,,42,18,45,38,85,77,74,73,3,,78,,91,122,161,126,159,,,139,139,134,172,156,173,176,236,211,192,,96,122,113,115,94,110,108,116,89,,,92,,,,,,,,86,,,87,79,,97,,81,,62,66,,46,40,,43,59,54,50,48,41,47,43,49,49,43,,30,40,39,57,58,52,45,39,38,48,42,,52,50,,61,53,66,49,46,54,56,46,,40,48,39,57,47,43,47,36,68,58,43,,,,86,67,86,97,59,79,85,124,51,50,57,54,57,68,75,70,65,65,58,65,97,,61,57,53,,79,,65,76,112,97,106,107,93,,96,60,86,92,104,89,71,102,93,104,122,,38,39,40,35,29,,76,47,65,54,24,46,119,186,,175,217,151,225,165,133,167,92,192,215,96,103,131,88,91,66,31,112,133,120,127,202,137,112,130,,658,,353,639,,354,203,210,215,116,,96,134,90,131,89,64,85,141,,102,174,127,124,161,104,47,31,24,19,35,110,75,115,70,73,57,57,61,56,60,58,114,125,102,148,54,58,47,44,139,123,116,173,144,137,159,,174,168,126,,119,115,124,128,93,116,155,,128,113,144,131,199,144,163,88,141,,71,76,84,119,,94,,126,86,89,86,140,,128,118,140,,58,68,59,99,79,124,,46,44,50,,129,46,38,30,40,48,59,49,47,39,41,37,40,43,59,55,42,50,53,48,34,37,31,,47,50,43,50,49,46,64,48,30,43,42,45,58,54,40,43,30,52,26,25,27,86,95,93,48,46,74,46,65,56,108,115,,123,109,56,,,37,,,,38,45,94,58,26,32,29,24,147,137,156,154,155,120,124,88,56,77,130,104,100,90,83,98,140,126,133,75,,99,86,,32,70,75,75,58,93,,44,45,44,43,58,,95,63,69,97,59,62,97,53,68,69,77,72,70,88,93,86,53,88,107,81,66,65,,68,130,,85,141,106,97,,103,135,116,92,101,101,114,99,36,118,57,109,54,63,121,112,105,124,108,102,101,112,123,101,155,,,124,156,97,123,90,103,67,94,83,87,86,52,74,,,66,109,,82,,,108,119,107,58,65,63,62,74,105,92,,92,81,17,17,117,126,124,126,115,,131,122,103,111,85,86,71,69,117,113,98,103,127,142,143,144,,186,119,,123,131,157,137,136,168,76,54,,,,34,48,156,213,202,187,100,98,94,109,58,49,60,60,103,89,154,121,126,109,165,139,164,183,173,178,134,132,165,156,,114,180,211,256,163,194,198,332,132,237,238,224,112,130,109,110,165,127,181,168,102,126,70,92,84,35,132,157,78,91,189,175,62,49,82,35,89,88,122,111,116,98,88,,69,113,186,,69,70,,,120,122,149,90,99,125,130,151,146,,53,107,116,132,111,93,102,,,84,82,85,60,32,86,90,60,66,78,84,65,60,72,61,60,53,60,61,38,60,34,91,55,71,106,,61,99,150,171,,159,182,56,57,50,61,,50,57,31,,300,260,273,52,42,57,71,64,31,30,31,21,12,24,25,42,49,43,,40,34,66,27,105,86,82,96,69,99,102,63,14,18,21,,82,97,82,43,58,55,92,60,71,30,22,,31,,88,36,28,48,38,25,78,50,45,,112,66,39,43,61,48,38,97,123,74,85,56,,25,37,46,47,70,74,104,30,16,74,89,222,82,107,97,,,110,,71,53,68,,72,92,81,63,57,,85,69,71,49,,70,55,43,158,125,,43,,36,73,66,,49,,34,47,35,44,62,49,,90,89,,33,51,54,53,23,37,39,53,30,13,19,14,36,26,32,28,32,41,45,41,63,59,64,57,55,48,112,88,103,91,82,88,78,100,62,51,45,46,,45,42,59,67,60,71,72,82,63,77,80,92,69,66,123,,85,86,73,80,63,86,86,101,133,,70,,145,170,164,91,121,98,92,86,92,81,81,73,90,74,110,,119,112,78,63,70,67,64,,57,57,81,98,103,65,84,62,74,83,67,79,109,102,92,89,103,143,108,98,91,106,97,105,66,75,45,71,81,53,107,94,103,102,78,64,80,93,,94,90,72,88,82,94,103,,83,146,116,126,71,63,66,96,92,56,47,81,44,58,60,91,126,86,79,89,102,79,94,100,82,195,228,45,41,66,55,75,61,61,81,68,74,54,56,63,58,37,55,40,73,75,75,,47,66,89,60,,67,72,182,185,141,220,122,97,101,115,,91,125,,81,77,86,100,76,85,86,99,77,102,111,,105,140,161,139,184,190,224,168,192,184,65,75,77,55,110,,122,147,140,6,4,20,44,,47,50,69,68,78,54,84,68,65,51,56,53,59,51,84,105,46,52,22,40,78,,58,92,49,47,44,41,29,,22,36,34,,26,24,36,32,52,,22,28,36,,45,65,,63,58,,26,30,,950,,49,72,,92,1,99,15,,133,158,,154,48,62,67,52,107,115,91,49,47,74,87,44,38,93,143,46,106,91,61,85,177,205,93,77,88,42,58,84,,70,49,36,64,96,162,60,85,55,46,85,113,90,43,51,35,99,98,74,142,123,76,80,27,267,386,99,173,64,67,224,192,204,182,145,117,112,189,,48,15,34,170,306,,60,39,112,53
20160203,16,PM10_24h,,30,,46,,,55,,47,50,,84,,175,154,110,130,134,155,,,119,130,138,100,,,117,118,118,105,130,105,79,123,132,124,121,126,111,71,121,,108,103,261,223,250,266,203,260,210,228,230,259,44,42,53,60,40,58,66,60,69,41,144,88,80,82,177,194,196,195,204,177,126,152,153,158,93,,56,112,131,82,98,90,130,118,117,122,180,118,89,101,94,125,150,154,,195,214,118,193,215,,184,97,84,60,76,61,65,76,77,87,43,163,139,133,121,106,95,130,132,109,132,105,121,131,,156,156,175,187,129,134,122,156,110,88,108,86,126,87,84,94,95,179,175,193,160,183,181,167,195,157,112,149,141,165,153,187,152,128,107,104,113,87,123,154,183,145,143,167,158,168,179,159,155,158,213,204,220,176,144,177,,157,153,171,161,169,182,199,184,197,191,209,,169,188,158,148,173,188,160,152,193,180,201,184,138,105,123,97,191,200,204,220,119,87,51,134,101,132,128,125,144,144,79,123,141,136,135,,,123,144,73,86,78,79,123,111,107,,109,,149,142,,121,104,,108,91,85,96,80,76,100,89,105,72,82,79,105,76,124,113,,166,117,106,102,110,30,34,32,,19,34,24,40,31,115,104,82,108,81,85,58,102,112,142,200,145,183,138,,157,186,96,133,118,129,124,176,164,151,149,141,129,123,139,148,130,121,115,98,110,155,139,140,142,125,123,149,165,,116,136,143,100,93,148,94,142,104,79,48,45,,35,39,31,44,46,42,41,39,44,38,32,41,36,37,40,23,37,33,42,41,49,36,46,30,41,35,,43,35,37,59,39,39,40,38,39,43,39,,39,41,36,35,39,40,40,42,40,38,38,,37,,95,103,101,108,80,82,104,113,24,39,37,37,38,65,84,72,65,73,72,65,72,74,76,74,64,,77,80,76,79,99,93,94,89,79,,87,113,80,84,93,81,83,76,87,99,106,83,63,40,98,75,111,106,168,147,118,69,124,67,142,129,122,146,177,164,214,143,183,122,195,149,129,159,134,98,109,112,90,129,139,163,79,130,160,143,128,132,,459,397,311,537,323,434,128,189,140,135,,145,162,118,146,136,62,95,187,107,76,108,135,93,123,127,62,67,39,41,55,136,101,116,98,131,121,145,143,83,79,51,143,122,115,141,36,35,28,26,214,174,178,222,227,213,221,,304,285,189,,193,196,184,213,177,156,220,,217,114,227,172,257,327,216,94,85,,73,104,147,196,,157,,202,152,152,151,237,,290,167,160,,64,89,78,182,151,161,,49,49,59,55,74,36,34,36,27,35,44,37,35,36,34,35,31,41,41,39,36,35,32,39,29,24,24,46,47,50,34,47,36,45,44,44,18,24,26,36,32,38,33,38,27,38,52,56,57,168,154,158,104,82,97,60,93,95,158,179,,169,224,171,277,100,96,120,113,,80,162,170,105,54,109,52,35,317,108,131,136,175,169,129,57,113,153,131,128,96,160,103,177,184,154,128,104,113,116,122,123,117,92,79,155,93,76,,49,55,75,82,56,84,141,138,157,200,98,86,77,49,71,58,78,109,91,126,116,114,119,123,122,111,92,119,78,93,102,117,43,136,107,140,158,133,93,112,180,206,145,193,191,72,114,109,104,79,61,156,87,153,147,129,112,108,118,144,95,154,155,112,145,157,118,156,115,111,89,100,101,86,81,76,100,116,165,90,135,108,64,65,,93,99,110,58,73,72,72,69,89,80,,91,88,15,14,88,102,100,100,140,137,148,139,118,122,114,117,83,89,109,120,108,109,124,125,130,140,97,116,112,95,120,130,139,129,136,170,82,67,69,,70,71,58,160,176,152,264,103,105,101,103,66,76,87,112,156,163,223,192,194,220,214,185,121,122,115,102,113,98,147,144,,141,194,218,122,137,155,225,257,172,247,234,244,178,209,143,129,202,142,124,149,113,110,184,152,166,146,93,89,134,135,159,164,133,78,103,95,103,100,159,155,143,116,120,,102,137,140,151,111,116,117,,159,167,166,111,106,154,155,136,130,,92,113,99,117,100,97,100,,,92,87,118,95,69,124,118,132,117,105,128,56,61,54,143,132,153,178,134,115,128,112,239,137,88,99,,95,119,143,173,,206,169,143,62,93,67,,106,186,127,,82,96,76,51,36,85,135,91,51,83,50,52,26,19,16,67,66,53,133,126,79,149,136,94,135,100,146,169,125,133,130,67,61,87,56,101,99,102,124,132,143,195,115,107,64,67,60,55,80,102,50,30,59,94,31,50,96,104,,82,63,68,56,59,67,27,132,105,66,76,63,91,192,64,34,40,43,125,116,90,34,108,130,136,145,148,148,,180,138,,79,80,114,126,101,98,105,97,135,96,100,108,117,96,85,73,82,71,217,165,207,85,,63,103,109,113,67,,56,65,66,73,77,68,56,99,87,112,35,39,40,38,22,31,32,39,33,11,23,16,39,21,22,26,29,30,45,41,61,86,87,86,71,90,139,126,129,124,105,128,105,117,85,53,71,78,69,71,61,72,79,74,82,70,82,70,77,112,132,91,91,119,,99,104,92,100,74,88,99,103,126,95,83,163,185,175,157,156,202,172,168,112,120,103,130,108,127,124,141,,136,156,120,134,128,147,104,157,107,114,102,120,115,97,106,43,75,78,66,96,108,99,94,118,140,174,128,116,119,112,122,126,115,119,104,115,135,102,96,85,87,83,83,93,103,106,100,109,109,107,113,118,127,117,,95,108,117,127,109,117,134,141,127,82,72,90,71,97,85,98,125,111,135,76,110,113,95,114,78,119,155,43,37,59,50,76,68,62,83,72,81,61,66,65,76,40,57,49,75,85,67,,55,105,102,66,63,73,73,156,141,125,177,107,90,86,97,90,100,88,92,132,124,140,150,73,95,88,97,59,83,78,,93,103,107,106,140,116,183,160,189,173,94,134,143,76,84,94,101,115,111,21,38,29,46,,53,77,116,92,120,58,82,78,73,58,68,68,72,63,65,83,75,89,33,49,79,,57,97,56,66,44,41,33,32,45,66,66,67,37,37,87,65,91,59,35,68,59,52,38,83,,40,48,17,24,65,,241,248,68,65,,142,34,57,17,18,153,160,145,170,68,114,104,93,97,144,106,74,56,83,98,42,45,66,126,64,106,110,70,118,179,197,86,103,98,54,76,77,,135,115,62,103,91,137,61,82,60,44,122,155,123,102,88,86,99,129,82,158,146,105,85,33,315,481,101,137,92,108,154,168,200,171,191,195,98,100,146,40,16,22,163,294,376,83,33,92,40
20160203,16,SO2,24,10,18,25,19,17,24,13,15,11,29,27,,61,50,33,35,67,57,,,33,36,49,25,,,78,62,41,68,68,66,83,18,19,15,23,28,17,24,37,,16,9,86,36,114,127,64,78,93,62,70,72,14,17,18,26,14,11,9,9,8,13,22,22,34,33,39,40,76,72,78,65,228,192,219,213,91,,276,84,81,178,85,252,233,43,53,34,68,64,,52,30,35,24,21,,58,68,71,94,54,,31,51,36,33,47,43,54,32,28,39,14,51,89,138,32,36,26,44,32,19,12,40,49,118,,92,96,23,57,86,29,49,73,39,29,32,30,19,35,11,32,41,28,33,29,39,36,24,25,23,25,23,14,17,20,11,25,17,21,25,20,28,24,23,46,48,40,44,67,38,36,23,36,27,13,31,26,33,31,28,29,,27,25,27,25,33,39,27,23,33,34,39,,31,46,31,23,18,18,29,32,72,33,44,63,31,26,33,41,33,34,35,29,23,23,13,22,20,28,29,22,38,34,19,15,21,23,30,,,23,26,11,6,9,12,54,32,46,,36,,20,35,,20,25,17,13,249,8,12,18,11,13,12,15,10,10,8,49,32,30,37,,8,39,43,6,20,5,10,4,,6,4,2,4,3,10,10,13,9,14,11,14,25,9,32,41,37,41,35,,58,40,10,65,49,53,61,48,49,52,83,54,49,68,81,41,58,56,43,67,10,9,26,16,21,20,22,12,18,11,6,10,9,11,9,12,14,48,6,5,4,3,,12,3,4,6,3,7,5,6,6,6,5,6,50,8,6,5,7,2,8,9,14,13,8,4,11,6,,6,5,9,8,9,9,16,14,6,4,4,,5,5,11,2,7,6,4,4,4,9,2,6,10,,16,13,13,19,17,16,15,26,4,1,3,3,9,6,12,7,21,14,17,2,16,17,18,21,9,,16,16,16,23,12,9,18,10,8,,8,10,31,49,32,28,50,53,57,33,42,9,5,8,5,23,9,3,6,5,9,4,4,6,66,60,40,48,22,64,51,53,21,35,54,64,41,38,49,25,48,42,16,30,20,23,194,202,296,165,282,217,,12,154,8,12,94,54,68,28,86,48,,23,296,28,16,32,16,9,48,27,68,74,94,64,80,126,29,19,8,6,16,107,61,68,27,111,19,54,40,34,38,32,204,160,148,284,7,5,7,3,57,43,58,63,65,64,72,,43,50,26,,34,40,27,26,71,72,47,,50,67,56,44,130,21,46,38,36,,30,61,33,77,,65,,81,29,24,26,37,,37,46,48,,25,33,32,63,108,106,,17,11,8,7,16,20,10,8,12,8,11,9,8,10,8,14,9,9,6,5,8,6,2,6,8,7,8,3,2,5,5,6,6,7,9,14,7,8,4,3,7,3,2,29,16,13,8,6,6,30,27,29,22,40,26,23,68,26,88,112,,61,79,11,39,23,41,13,21,79,44,65,63,62,25,22,13,8,14,144,140,134,104,85,84,76,158,76,70,52,78,82,125,81,103,87,114,54,58,108,62,31,252,43,42,44,36,36,,32,12,58,93,13,154,25,62,53,79,23,14,23,22,42,22,8,14,28,8,28,19,24,15,24,14,12,18,5,21,37,19,27,67,54,46,55,48,60,39,55,92,57,69,110,29,33,30,26,100,107,66,100,31,35,31,46,72,49,90,40,27,31,32,35,26,33,43,29,20,36,45,36,27,27,10,11,16,23,11,7,15,13,5,16,32,11,17,9,8,11,6,9,18,14,,21,14,3,4,5,8,11,10,14,21,14,19,13,11,38,91,33,43,17,20,13,15,6,8,14,8,9,5,11,6,7,7,7,8,22,7,28,17,35,,28,10,24,9,72,31,40,85,86,61,59,29,23,77,28,22,19,37,36,31,25,37,27,30,61,141,61,15,17,46,31,,252,237,134,323,12,39,14,3,12,26,7,15,58,57,42,49,57,76,41,40,38,42,50,33,51,36,71,28,22,43,73,76,22,16,35,35,50,70,21,14,23,25,26,,20,18,39,,17,21,34,,40,42,60,24,19,29,32,39,38,,11,14,13,16,15,18,20,,,138,72,61,21,87,40,15,24,26,32,31,6,10,8,71,39,38,65,44,102,71,57,85,147,38,69,,38,106,111,123,,113,266,1,61,16,76,,79,29,22,,15,16,6,16,7,14,48,54,45,39,48,8,5,25,84,9,18,13,12,42,9,10,14,55,43,42,53,23,27,19,16,32,40,34,14,21,32,26,47,222,13,18,43,32,5,11,14,23,21,28,29,24,10,24,17,49,24,63,,46,24,33,21,20,26,7,51,38,22,57,25,4,,29,46,33,37,44,46,28,24,8,17,31,35,56,20,,5,17,27,28,8,29,28,46,21,7,7,35,8,14,28,2,12,30,7,5,13,7,22,15,26,,16,26,15,39,18,,25,26,24,23,17,16,12,17,13,21,2,8,5,6,5,8,6,7,6,,16,16,10,8,6,6,8,6,8,2,4,3,3,3,3,1,26,51,25,30,1,11,18,21,15,74,20,28,27,18,15,23,13,10,20,5,17,10,8,24,18,16,56,33,,11,8,9,7,4,14,15,13,91,67,60,83,88,93,126,25,39,27,22,29,26,31,36,53,63,26,78,,39,63,44,19,31,24,24,21,34,38,23,31,12,27,2,22,14,57,27,28,31,28,26,15,13,33,36,15,28,26,27,20,9,14,2,5,6,4,20,14,12,8,7,12,14,14,11,12,12,10,14,10,18,19,1,4,23,16,21,7,13,65,3,27,14,11,14,12,6,5,24,33,21,45,24,22,25,11,4,14,61,22,12,40,8,5,5,4,8,25,10,15,12,17,19,24,8,3,12,8,18,17,,11,17,17,20,14,10,13,18,39,59,26,14,9,5,19,16,7,31,19,5,8,9,8,3,10,53,306,26,184,8,,11,7,35,22,32,88,8,10,9,6,2,5,6,10,8,21,14,32,21,12,6,1,9,,11,20,31,29,41,6,12,8,11,,24,31,26,6,26,14,15,10,26,,23,,13,22,4,12,42,2,12,4,3,11,4,2,14,14,4,5,9,2,24,3,3,6,11,6,,12,7,15,5,8,5,2,4,10,4,44,49,8,26,12,7,55,41,54,43,27,37,38,32,17,45,19,20,25,53,49,,46,18,29,15,18,32,16,31,26,10,45,27,44,23,13,23,,33,58,15,21,25,27,9,16,4,30,201,194,170,8,31,30,40,47,39,31,17,6,5,1,48,73,85,37,17,12,5,13,18,18,38,48,83,157,52,5,167,63,12,13,35,25,10,101,11
20160203,16,SO2_24h,23,15,17,18,17,18,33,15,12,22,25,30,,72,72,61,48,32,67,,,53,48,53,23,,,117,104,69,114,107,101,70,46,51,40,50,56,52,69,106,,85,63,111,134,177,134,129,122,106,118,96,139,38,33,40,57,28,27,24,22,42,29,49,43,44,58,120,97,126,93,88,85,167,150,188,150,65,,133,128,155,122,138,131,333,47,95,50,76,67,33,63,26,68,82,77,,124,295,105,134,333,,223,149,112,99,104,78,55,91,65,96,16,164,147,71,76,105,40,49,48,28,48,63,66,66,,123,161,21,112,126,70,82,90,29,27,27,27,20,27,20,27,30,22,28,29,38,31,22,28,18,17,21,23,24,28,17,23,26,22,25,24,29,21,22,52,54,83,46,80,52,35,28,46,35,15,32,22,32,29,30,36,,27,28,33,27,36,33,27,34,38,32,41,,28,41,32,23,25,22,47,33,35,28,36,63,26,21,27,27,39,34,36,29,13,13,10,16,10,17,18,17,25,17,12,24,20,30,26,,21,25,21,6,3,5,11,25,19,22,,19,,20,36,,14,15,13,16,24,9,11,14,8,16,12,12,7,9,6,41,30,27,24,,12,36,38,4,28,6,11,5,,6,5,2,5,3,21,21,16,16,23,21,9,27,20,40,91,44,73,68,,74,57,10,66,51,60,48,55,64,51,86,59,38,69,78,36,50,66,47,48,12,15,19,21,21,27,23,27,20,17,8,12,9,12,15,13,16,58,9,5,3,2,,11,2,4,5,2,6,4,13,5,5,5,6,15,8,6,4,7,2,7,8,12,11,6,7,8,6,,6,4,8,9,8,8,13,11,7,5,4,,7,6,12,4,8,5,4,3,4,7,2,5,9,,17,17,14,18,15,13,10,17,4,2,2,4,10,6,11,10,20,14,18,12,11,15,23,21,7,,17,17,17,16,12,9,17,8,8,,8,15,31,47,32,29,47,51,58,33,41,14,9,11,7,25,14,7,13,13,8,6,11,8,46,34,28,40,11,49,31,41,17,42,38,31,20,35,36,19,37,44,24,40,27,21,114,116,172,138,173,175,,8,26,26,20,45,18,89,39,80,61,,68,93,31,22,45,26,16,89,5,61,89,78,51,91,92,67,49,18,12,41,62,80,55,68,95,75,101,159,46,45,31,129,141,114,148,7,5,7,2,118,82,107,88,105,92,65,,100,81,55,,64,66,42,50,113,117,101,,116,94,94,60,71,28,69,33,55,,41,38,46,132,,101,,113,65,57,62,79,,110,68,50,,50,41,44,107,113,88,,18,10,8,7,13,18,17,10,9,7,8,6,12,10,7,11,7,10,6,7,20,5,2,6,7,7,7,4,2,6,4,6,6,7,8,13,6,8,3,2,3,4,3,32,15,21,11,8,8,44,38,47,42,155,92,50,222,179,268,258,,189,261,58,78,81,124,55,100,99,102,205,156,123,56,160,51,44,170,96,105,108,112,80,91,40,86,87,50,52,42,143,110,174,124,174,102,52,103,131,64,173,228,62,38,81,48,37,,20,53,102,70,14,88,38,70,79,84,17,37,22,28,38,29,14,22,34,7,26,15,28,16,17,37,40,38,24,41,23,42,31,90,70,71,86,70,76,40,106,174,114,147,158,47,61,39,50,75,90,71,80,46,48,48,61,76,55,88,40,17,20,13,22,23,49,90,45,16,21,16,36,14,17,15,28,16,26,10,6,10,4,4,20,20,16,18,9,8,11,7,8,17,17,,23,13,3,4,5,8,10,8,15,21,13,26,17,11,36,88,42,31,9,17,12,14,8,12,16,10,6,21,8,6,8,7,6,12,32,6,33,19,31,,32,13,22,19,32,19,16,49,63,43,50,35,50,87,115,26,16,33,31,31,33,41,25,15,43,47,30,57,23,61,14,,222,283,236,136,6,8,7,2,8,22,4,13,95,79,44,45,125,79,57,45,40,40,140,73,88,55,66,45,21,53,89,104,19,25,31,41,40,51,26,19,40,27,28,,19,17,26,33,23,26,33,,43,39,55,28,18,30,27,22,23,,15,12,7,11,10,13,13,,,69,131,28,15,16,41,20,45,32,34,34,8,10,8,184,203,150,203,222,170,197,227,339,227,123,70,,34,133,189,182,,231,300,49,67,36,83,,146,173,110,,42,45,14,10,5,36,164,46,30,58,36,15,8,34,53,29,36,26,105,132,140,143,93,49,77,62,96,129,61,80,78,177,37,73,41,88,76,73,60,66,83,129,100,106,37,23,21,15,31,39,22,34,16,48,20,21,24,53,,31,29,37,24,21,24,9,42,25,13,43,21,5,,36,57,51,43,102,83,45,24,17,22,8,32,42,24,,5,23,35,33,13,34,38,43,27,12,12,39,14,22,52,2,35,45,12,5,9,7,23,20,50,,23,35,15,46,16,,20,17,25,28,9,11,7,19,11,24,3,5,5,6,3,8,10,6,6,,11,16,7,7,4,6,7,6,9,5,4,5,5,6,5,5,22,38,21,11,3,12,25,24,16,48,22,28,22,20,14,25,18,16,31,5,18,18,8,19,11,11,34,22,,14,13,12,15,6,15,19,15,85,73,56,63,92,69,96,45,49,46,54,40,35,37,40,68,78,35,66,,29,51,30,26,40,37,37,30,49,54,10,19,9,97,3,14,11,21,21,53,61,31,23,25,26,45,59,28,47,30,30,24,12,18,5,6,5,4,29,19,30,7,9,12,15,15,14,15,14,9,21,12,22,20,3,7,27,32,32,9,15,19,4,26,12,12,15,10,9,29,20,54,61,17,19,31,24,13,8,7,31,19,12,38,9,4,6,5,4,33,12,20,17,25,20,26,8,4,13,8,17,17,,9,13,16,20,14,8,12,15,27,24,17,12,10,5,10,12,7,25,20,10,12,10,13,3,21,14,19,27,17,9,,13,8,18,21,22,38,12,23,12,6,2,4,7,8,5,17,11,22,17,12,14,4,18,,8,20,35,35,68,8,11,6,14,34,35,48,45,45,25,12,22,16,27,9,23,,20,31,11,18,44,3,12,5,3,12,7,2,14,14,10,14,15,3,5,3,6,7,13,7,,4,6,13,4,6,7,5,6,11,3,58,40,10,23,10,7,22,22,19,25,25,83,89,69,15,44,22,27,29,51,26,19,54,23,64,47,83,116,39,44,31,16,25,177,80,91,44,20,,24,37,35,36,26,40,11,35,5,32,142,186,147,25,96,71,29,36,21,23,13,6,6,2,43,56,30,35,17,18,2,10,15,11,54,104,50,46,41,5,29,29,14,15,24,31,10,225,4
20160203,16,NO2,46,8,34,55,46,44,40,23,17,49,47,31,,41,29,32,35,36,41,,,50,30,44,27,,,58,43,30,64,44,47,36,26,21,25,28,18,29,19,25,,43,16,86,80,79,110,71,68,82,67,67,98,6,15,14,16,17,11,12,12,8,11,31,49,44,49,57,44,43,45,40,47,149,113,124,136,41,,49,37,27,50,37,82,55,21,24,34,26,34,30,26,19,27,25,26,,31,38,34,53,46,,20,37,51,32,40,28,34,49,28,51,18,50,45,61,31,43,18,17,31,19,20,27,47,177,,80,94,64,40,67,35,46,57,63,51,81,57,45,69,15,60,48,29,55,62,22,31,24,40,29,27,43,31,48,44,31,50,26,36,2,25,22,13,36,31,13,15,33,54,43,25,40,20,20,22,35,29,9,29,31,52,,25,43,54,35,37,54,40,42,36,24,44,,25,49,35,16,31,17,13,25,26,30,22,11,18,32,24,31,42,33,28,23,42,77,20,48,51,39,57,65,37,56,33,31,38,27,41,,,38,36,40,21,30,31,39,44,77,,30,,27,30,,28,38,22,19,16,22,26,22,14,29,10,9,28,23,7,74,67,18,53,,6,27,15,6,7,15,27,30,,26,29,6,21,20,26,16,14,6,13,28,17,22,19,11,30,24,61,26,,31,27,32,36,65,52,39,26,77,2,49,69,94,82,101,55,78,34,64,46,11,19,41,26,23,31,28,21,37,13,31,79,29,30,29,53,68,28,30,13,49,34,,24,24,36,12,43,9,26,10,44,48,38,44,48,23,45,13,21,24,21,36,46,28,30,24,27,24,,49,17,26,6,43,29,24,32,26,42,22,,19,19,16,18,19,19,17,17,24,11,29,29,16,,22,34,49,17,12,22,24,53,9,9,11,14,4,29,63,50,57,53,34,19,45,44,39,42,31,,54,42,44,72,46,33,50,41,54,,61,26,21,34,21,17,29,45,40,20,40,10,9,3,7,17,17,16,7,7,9,3,6,7,86,131,96,91,48,63,111,66,35,66,32,117,47,22,32,22,18,23,34,27,31,11,47,51,36,52,49,49,,114,41,83,113,59,37,67,38,73,54,,33,39,32,38,23,9,19,52,60,42,47,51,35,48,45,26,12,12,9,14,68,56,69,33,47,15,29,15,33,35,28,32,57,58,52,34,39,30,19,34,29,48,35,33,28,24,,30,28,20,,33,29,25,23,37,61,30,,30,35,28,22,39,20,19,25,46,,41,34,39,28,,35,,35,30,21,16,49,,35,29,33,,36,39,39,31,44,36,,19,13,15,10,17,21,18,11,16,15,25,23,16,11,16,8,17,12,15,17,7,28,25,28,11,17,13,17,18,14,25,28,28,23,37,19,14,15,20,10,23,22,12,13,14,8,5,10,7,18,18,22,9,32,13,10,18,23,32,27,,2,27,14,42,11,32,8,13,42,14,37,28,28,8,13,19,15,14,69,67,84,76,47,65,73,69,51,54,59,51,47,70,48,62,69,70,56,35,68,44,20,30,31,45,30,41,22,,14,17,47,33,21,21,36,57,26,71,18,20,33,27,29,26,12,12,12,12,14,19,19,18,11,20,26,19,14,13,37,9,24,68,48,25,37,18,9,25,35,44,28,44,50,33,21,34,27,48,33,26,37,24,26,30,26,49,32,52,22,28,41,39,19,33,19,25,6,9,26,30,13,31,17,29,10,14,32,2,43,28,14,11,13,28,18,23,13,17,11,17,16,32,20,,29,24,11,11,22,45,34,36,24,29,50,34,19,19,31,40,32,24,38,27,43,45,17,15,30,61,12,19,29,11,17,10,17,57,33,10,36,16,31,,28,11,6,38,108,74,88,31,56,33,32,19,19,37,37,29,28,66,57,43,43,46,45,52,75,66,44,8,5,11,40,,14,49,38,44,51,15,11,51,18,22,18,24,37,37,20,29,39,43,39,53,39,32,32,17,28,10,60,112,32,20,45,25,15,23,22,28,13,21,38,30,38,34,34,,24,29,101,,31,23,7,,52,60,59,18,15,46,22,36,39,,8,11,52,30,20,17,23,,,62,51,38,24,18,22,14,21,21,23,17,24,29,27,32,23,27,23,26,28,27,25,30,14,23,27,,22,23,58,49,,33,107,16,8,8,24,,18,16,8,,10,17,8,23,19,16,21,19,8,16,23,6,4,6,17,6,15,8,8,13,3,8,6,47,37,37,33,17,30,26,23,17,19,12,19,30,29,20,25,27,16,43,23,24,18,8,19,13,35,75,27,14,55,45,13,54,27,28,,12,26,57,14,59,31,10,32,47,33,44,14,31,17,20,60,19,20,38,35,10,12,13,22,30,48,29,6,,7,16,11,48,13,45,23,25,13,20,17,40,11,11,33,12,40,21,51,18,22,14,27,20,15,,9,25,21,18,22,,18,10,38,10,18,56,27,16,22,26,26,7,36,32,5,10,14,18,12,3,14,11,18,7,18,15,17,18,13,16,4,4,2,8,12,2,16,21,19,10,2,7,8,24,22,18,17,11,10,12,7,18,25,20,25,18,16,17,15,17,28,28,38,29,,26,12,3,12,10,17,19,12,95,46,45,17,40,45,33,22,62,37,29,35,30,23,22,28,17,19,20,,12,12,20,13,10,22,14,10,23,20,25,25,26,23,36,10,24,24,22,12,21,20,25,20,14,30,32,21,50,33,36,26,18,16,10,3,7,7,29,15,14,19,15,24,25,49,22,34,30,11,16,12,27,29,32,58,41,46,50,14,17,29,16,23,17,15,28,11,15,2,5,16,11,13,23,28,9,19,24,9,62,42,11,16,18,21,25,12,17,25,15,20,20,8,22,28,9,21,16,8,16,13,,7,25,17,10,18,11,13,65,73,55,79,9,27,19,37,26,23,22,39,24,39,24,34,9,29,9,28,21,28,53,,26,14,66,53,64,69,3,45,33,11,7,26,41,53,15,11,25,19,15,4,7,10,25,,10,15,18,18,35,8,16,38,34,,22,15,20,12,29,14,30,24,14,19,42,,18,21,5,18,26,2,,13,4,7,3,6,8,12,6,2,4,6,8,,3,4,4,10,,15,9,2,20,3,5,1,2,9,3,14,37,2,2,4,6,37,56,68,51,23,39,32,23,24,32,27,22,17,33,21,7,50,42,17,10,20,17,22,28,30,42,26,11,21,24,20,30,,28,17,21,24,13,11,4,3,11,2,4,35,46,8,9,12,18,24,27,23,23,6,12,4,42,43,46,13,12,19,14,13,28,36,17,14,68,92,39,14,45,24,44,51,34,15,13,17,37
20160203,16,NO2_24h,62,13,64,77,70,70,74,43,28,53,65,57,,83,78,82,87,89,84,,,88,69,91,66,,,65,71,54,76,70,68,29,73,77,61,80,67,80,46,62,,75,61,109,111,116,103,103,96,92,92,91,142,15,26,26,38,16,48,52,55,39,27,75,75,64,86,104,85,83,68,73,70,100,87,91,89,36,,26,41,39,49,36,53,70,50,38,60,61,48,61,58,44,54,61,62,,60,91,50,82,84,,72,60,67,51,48,38,36,44,31,64,10,80,69,75,60,71,23,30,56,43,54,38,52,105,,115,103,92,53,106,53,71,68,46,77,76,70,60,68,59,64,63,72,88,100,73,91,59,40,80,87,45,77,95,78,79,78,83,82,52,55,49,38,52,54,22,32,58,75,89,58,85,67,57,69,63,22,21,80,39,86,,49,82,78,72,82,79,67,92,78,52,72,,40,67,67,33,62,55,70,61,49,54,67,20,38,49,36,53,68,27,55,66,53,59,14,67,36,66,71,66,67,51,26,61,60,51,55,,,52,54,22,23,38,22,45,44,57,,46,,63,51,,28,34,21,30,21,27,35,28,23,27,8,17,25,19,17,121,79,93,92,,15,74,20,18,17,10,15,21,,17,18,8,26,26,50,28,20,20,33,52,15,52,39,14,59,47,90,67,,66,48,26,46,68,48,30,28,83,11,87,84,76,66,78,64,70,74,73,41,43,74,86,67,57,69,71,69,72,15,39,73,29,43,44,45,60,43,47,17,40,31,,16,24,31,12,41,7,30,17,32,39,35,38,18,17,46,13,21,16,18,24,45,21,32,20,26,18,,30,14,23,8,31,23,20,27,18,32,18,,21,16,16,14,18,15,11,15,17,9,23,19,12,,34,35,58,26,23,25,34,34,7,12,11,16,6,23,57,48,53,48,50,36,44,48,67,60,38,,68,47,53,60,42,43,49,42,45,,55,36,21,33,28,17,24,42,37,22,36,29,29,8,18,32,54,44,8,49,42,10,27,24,79,80,84,87,43,73,93,76,58,69,38,89,51,82,72,25,68,58,62,48,43,13,23,61,41,46,54,58,,100,77,105,116,95,54,54,47,61,55,,45,44,32,38,38,9,20,47,32,51,55,56,39,66,63,48,38,21,29,46,55,58,57,47,39,48,47,60,66,57,31,38,64,78,53,21,26,21,12,73,74,91,78,78,68,45,,75,69,47,,67,58,42,45,64,86,72,,67,60,56,50,48,49,34,48,59,,38,48,57,54,,75,,62,60,54,33,90,,95,66,71,,44,38,48,72,77,64,,16,11,13,10,17,17,21,17,13,14,20,19,17,10,15,7,15,18,19,19,10,21,10,23,9,10,9,19,15,12,23,25,26,15,23,17,10,11,14,9,14,18,16,18,19,20,19,27,22,42,30,37,28,54,42,25,37,42,70,47,,97,61,26,62,39,64,14,29,75,27,76,52,27,17,45,24,17,66,50,60,69,87,64,64,31,70,63,51,61,42,74,67,62,60,80,74,45,47,68,49,51,67,58,42,58,50,40,,10,37,57,36,27,21,34,50,42,69,18,28,31,25,35,41,46,83,42,64,50,58,54,54,28,43,49,51,18,26,31,18,6,76,63,73,76,49,12,40,66,83,61,81,79,52,41,52,53,65,54,55,35,58,63,54,54,67,53,55,41,38,48,44,21,37,60,73,40,15,36,44,23,42,20,45,22,30,40,2,32,28,14,11,14,32,18,29,13,15,11,17,12,27,15,,26,21,12,11,25,43,33,43,33,32,42,43,36,20,44,37,29,29,32,28,39,44,19,28,37,78,15,26,36,14,24,19,24,50,32,24,32,18,21,,28,26,19,64,77,82,93,44,64,46,38,31,46,41,79,34,41,63,61,64,61,60,65,42,59,65,54,22,9,23,34,,25,64,50,26,36,14,8,49,31,46,46,27,73,53,34,37,80,70,51,77,142,53,78,59,83,54,49,55,54,18,71,57,23,25,40,47,23,37,48,62,42,56,61,,31,54,76,84,62,56,35,,64,81,70,58,45,78,69,41,35,,21,27,56,41,28,27,32,,,49,50,39,37,20,45,51,42,42,31,24,31,34,43,67,63,60,53,59,41,56,58,59,34,49,25,,20,28,77,58,,65,134,41,20,17,26,,18,64,53,,30,41,24,25,19,32,61,33,34,66,28,19,14,10,17,24,31,11,40,50,35,50,37,41,58,45,61,62,48,46,59,40,28,32,35,66,53,55,44,48,63,69,48,52,25,17,24,14,41,61,23,13,62,51,15,23,36,37,,20,25,36,15,44,33,23,43,48,28,41,12,15,46,14,38,25,16,58,47,40,14,30,54,22,52,57,46,,16,54,48,50,35,92,61,50,47,41,40,56,44,39,60,16,82,68,43,23,17,34,75,72,42,,31,63,39,21,33,,26,15,72,31,27,46,27,61,35,70,28,9,21,16,10,12,14,13,12,2,12,11,14,9,14,15,16,13,12,20,4,7,10,14,15,7,18,30,21,15,8,21,27,24,35,17,29,12,25,25,7,10,28,17,23,23,30,23,27,20,33,23,36,32,,30,28,25,35,11,21,38,19,91,66,70,32,80,67,58,45,96,53,46,54,48,48,47,56,43,48,52,,34,38,53,31,19,37,32,54,43,48,37,22,32,36,45,8,32,31,34,24,36,35,22,46,35,49,52,45,50,28,71,53,42,45,14,20,21,20,48,22,22,21,20,36,29,49,32,43,43,12,24,24,29,27,52,61,41,57,61,17,16,29,18,22,14,16,27,15,20,20,21,29,26,23,19,54,9,17,30,9,33,29,11,9,16,17,24,11,12,19,15,29,11,11,23,16,9,22,24,9,21,14,,14,33,39,29,32,14,15,62,64,58,69,7,29,22,39,21,18,30,35,37,52,41,39,10,30,22,32,9,35,31,,18,24,51,47,51,62,8,38,38,18,12,36,44,33,12,14,27,20,20,9,15,16,23,,12,26,39,37,58,15,18,22,23,31,32,21,25,22,21,11,34,22,12,16,40,,21,56,21,19,25,3,3,11,16,20,18,18,10,15,13,12,13,10,11,,19,6,10,26,,6,9,2,19,21,19,15,21,9,4,18,32,6,16,4,7,30,48,60,45,43,67,66,65,20,36,38,36,32,34,20,7,39,49,36,40,40,35,47,52,37,50,20,29,31,40,41,27,,47,33,30,42,19,10,10,15,12,9,35,57,89,18,27,33,23,36,39,53,48,15,15,4,76,101,32,12,27,31,13,46,46,44,38,19,60,50,36,22,11,39,67,64,65,25,24,44,39
20160203,16,O3,45,88,56,50,58,48,55,72,46,60,55,71,,66,61,86,83,62,82,,,62,41,77,47,,,51,75,79,49,62,65,81,80,85,83,89,94,75,39,77,,73,39,75,118,82,129,84,69,71,59,92,61,95,89,92,98,81,88,90,88,85,96,68,52,63,58,79,84,88,102,111,87,14,31,20,32,31,,20,48,43,34,28,31,51,75,66,72,54,32,63,59,85,84,83,74,,92,71,81,58,66,,100,72,67,73,50,77,80,63,65,57,100,71,73,41,79,78,101,115,54,90,104,51,69,12,,48,32,84,56,71,80,48,73,63,71,49,104,99,61,103,80,73,109,97,131,129,142,121,117,115,112,96,95,96,71,94,97,108,105,131,128,109,132,93,144,127,99,150,97,107,89,81,64,124,119,108,109,124,136,107,110,,141,109,102,132,73,72,101,125,94,116,115,,90,97,136,115,133,127,142,169,80,130,137,122,130,120,126,126,156,147,93,124,116,77,134,89,100,58,93,88,131,112,114,135,125,132,127,,,121,124,70,89,94,84,104,98,64,,152,,136,140,,140,144,154,123,151,99,87,112,123,121,143,98,103,103,100,91,61,47,82,,81,105,123,115,99,49,45,41,,40,46,60,23,60,88,135,114,140,120,82,122,119,127,102,104,107,81,124,,103,111,83,98,68,51,78,104,63,5,89,96,15,48,36,70,83,75,24,117,128,105,95,89,149,95,102,117,71,97,63,58,73,78,69,68,59,50,70,86,34,48,,35,51,43,67,46,65,68,71,39,31,30,46,46,51,62,86,64,58,63,56,48,49,54,56,62,49,,20,51,56,66,27,39,36,35,33,37,39,,62,42,59,56,54,55,54,59,40,49,81,52,59,,68,51,30,68,79,75,79,55,56,82,78,58,66,40,8,11,25,12,35,42,14,25,33,22,45,,19,26,22,14,15,44,33,32,20,,27,46,68,70,64,138,85,46,63,97,43,87,99,99,103,96,95,77,96,102,104,93,90,97,56,38,58,41,56,80,52,78,50,42,93,38,79,66,60,69,69,68,79,78,70,111,57,62,53,93,85,88,,4,28,29,19,57,22,35,38,34,55,,51,85,98,70,70,104,92,34,35,68,65,61,65,60,70,163,86,70,101,96,45,63,42,66,44,129,82,97,85,91,99,36,61,102,64,42,33,17,45,41,63,23,99,101,145,117,,99,97,100,,67,31,38,63,109,92,92,,47,91,89,110,115,103,129,77,75,,56,79,75,102,,100,,83,120,96,110,95,,126,107,113,,76,83,84,73,84,109,,79,80,80,89,82,73,87,86,79,84,73,59,77,74,84,39,76,62,65,59,62,17,32,18,82,81,77,54,48,52,52,40,46,62,57,72,91,87,48,66,71,60,85,29,11,43,85,41,64,104,138,193,95,78,68,90,50,71,89,97,,106,103,71,63,83,101,73,42,55,65,88,92,55,44,30,38,86,54,48,32,31,37,30,48,68,45,57,67,38,62,63,47,38,30,29,48,103,78,78,94,93,83,101,85,111,98,128,,140,76,40,40,67,57,59,47,73,67,145,94,78,83,34,93,112,97,106,47,119,105,116,54,44,78,35,69,51,103,91,112,85,81,32,101,87,90,45,87,86,74,89,45,47,73,119,141,80,81,109,91,89,117,117,117,122,77,60,71,97,116,106,77,96,91,135,99,93,103,93,89,115,118,120,117,105,69,65,19,43,68,77,,71,122,238,107,48,52,79,63,91,94,97,,92,97,101,103,44,18,22,41,23,11,6,25,22,25,101,91,83,122,25,17,11,11,23,18,18,36,69,56,35,25,10,19,20,18,20,31,56,62,61,,72,110,79,70,104,87,51,112,99,138,122,151,107,104,92,110,60,52,49,90,91,86,99,59,27,54,57,79,94,74,57,,102,79,62,60,96,87,32,39,48,56,60,69,82,63,109,83,59,71,107,106,120,160,102,75,102,114,88,78,36,109,110,80,55,79,99,60,81,93,108,61,67,96,112,,102,,49,,101,75,41,,173,165,226,123,192,95,96,95,94,,96,117,114,68,107,125,145,,,34,33,78,115,106,125,108,75,116,29,116,63,51,64,68,90,88,101,64,39,84,87,74,70,87,22,,42,54,,36,,146,36,87,124,133,36,,31,89,70,,80,69,103,61,69,71,79,53,89,50,73,74,89,94,72,75,101,95,47,86,48,57,72,58,76,96,85,110,57,60,105,62,61,46,38,83,56,65,61,82,85,94,94,66,75,66,72,82,93,40,74,93,67,73,114,57,101,77,,62,62,65,128,34,65,60,110,94,115,111,115,65,84,119,33,62,64,78,84,53,66,117,20,109,145,134,151,,104,61,112,81,95,83,117,164,65,35,83,27,123,116,49,17,21,31,108,73,29,29,49,75,57,,56,143,39,14,23,,95,26,139,78,28,,20,126,80,79,48,42,33,47,48,41,38,29,45,63,56,64,32,40,48,50,51,53,56,55,71,63,104,101,96,79,119,113,131,55,96,89,94,118,109,140,110,149,130,122,62,56,57,61,55,62,124,97,72,95,87,83,99,98,,73,79,79,76,94,131,130,114,66,64,82,81,70,90,48,93,111,99,101,98,52,128,114,137,124,161,129,,114,129,145,114,122,109,124,121,123,85,90,107,134,45,86,134,76,84,125,116,58,93,76,135,122,85,123,127,62,104,101,83,110,138,100,116,105,123,109,63,100,62,36,87,81,61,85,71,66,95,78,103,87,84,90,60,78,71,66,50,35,39,58,25,106,108,69,109,106,78,61,61,75,66,117,105,125,109,97,79,31,53,68,55,54,54,57,65,24,62,75,87,62,62,34,61,62,73,58,65,71,53,,97,76,112,86,73,96,85,10,12,9,11,26,23,11,25,25,24,43,24,31,34,35,22,65,41,10,30,32,20,22,,8,18,26,18,33,39,24,17,100,19,61,41,27,30,28,47,36,29,47,52,79,81,39,,142,110,116,121,118,71,20,16,87,,64,58,57,53,62,84,20,21,29,46,51,,87,161,109,62,83,83,45,111,81,101,79,124,89,94,60,70,67,52,52,41,95,88,70,106,,79,71,58,46,84,95,76,113,114,99,25,45,15,53,86,77,45,32,36,37,81,81,64,91,44,66,70,97,92,25,52,34,39,50,67,71,75,86,85,108,80,68,46,65,66,54,48,46,,27,73,87,60,106,100,93,98,22,4,88,64,74,33,86,57,41,34,82,42,101,41,34,109,44,116,53,21,73,94,64,77,40,42,68,75,43,30,76,84,70,63,61,58,96,48,36,96,53
20160203,16,O3_24h,50,89,62,54,69,48,59,72,47,68,72,71,,66,61,110,87,82,85,,,69,42,77,47,,,64,75,79,68,62,66,88,87,87,86,92,98,80,40,83,,73,41,83,124,82,129,90,81,84,63,92,64,97,96,95,100,81,88,90,88,85,96,68,71,77,64,93,85,88,102,111,87,70,63,45,68,35,,38,48,43,35,30,50,57,78,67,72,56,38,64,59,85,84,85,76,,92,71,81,68,66,,103,82,79,79,68,83,93,84,86,66,134,82,84,48,81,78,102,119,59,93,109,51,78,43,,48,38,88,62,73,82,48,75,84,74,76,104,115,81,103,87,84,115,97,131,129,142,144,122,115,112,101,101,106,76,98,97,114,112,131,128,109,132,93,144,148,101,150,163,110,91,87,64,124,119,109,109,124,138,107,111,,141,111,110,132,75,80,101,131,99,116,115,,95,109,144,115,133,135,142,174,84,130,142,128,130,122,128,126,156,151,93,124,125,105,137,107,102,71,96,115,131,123,117,141,135,139,132,,,130,127,93,89,95,90,104,103,64,,152,,136,144,,140,148,154,129,151,105,90,119,128,123,143,160,111,105,100,114,82,57,87,,93,106,123,115,118,73,78,72,,62,86,61,26,60,90,136,115,140,121,82,129,119,127,102,104,107,82,124,,109,111,103,102,81,59,125,123,79,67,95,96,52,68,69,72,83,77,24,135,128,105,99,103,149,99,105,119,82,227,75,115,92,107,77,105,91,77,105,103,59,60,,60,70,57,71,62,71,69,158,53,45,56,48,92,53,62,90,71,67,63,62,50,49,56,62,66,56,,45,51,59,66,35,46,43,43,44,49,50,,62,44,59,56,54,55,58,62,45,50,91,60,59,,68,64,31,68,79,75,81,71,64,82,80,58,67,83,50,33,55,51,47,70,40,61,33,57,61,,31,26,59,62,64,71,100,78,83,,73,85,75,82,73,138,117,54,73,104,55,87,100,99,106,98,96,81,99,102,104,153,90,114,67,69,72,42,71,80,94,78,50,42,101,52,79,66,91,101,81,73,79,78,72,111,60,62,82,148,105,96,,6,28,29,19,57,22,93,57,146,74,,55,90,104,77,71,107,100,42,71,79,65,82,66,64,89,174,86,73,104,98,68,85,82,72,53,129,82,101,88,98,100,36,69,105,78,55,45,20,52,41,63,24,99,101,145,117,,99,97,100,,67,33,40,63,125,108,92,,47,91,89,110,115,122,162,81,80,,66,79,76,103,,100,,84,188,99,110,95,,126,116,113,,76,91,84,74,93,109,,87,86,89,93,89,73,87,86,79,84,73,59,77,74,84,39,76,62,68,61,62,28,36,34,82,81,77,60,59,58,54,42,49,68,64,78,91,87,48,66,71,63,85,30,13,43,87,45,65,104,139,193,95,78,68,90,50,71,90,101,,106,109,71,63,83,101,73,42,62,68,93,93,59,44,34,38,139,69,71,40,61,59,41,68,91,72,65,83,50,79,78,69,52,43,33,77,120,91,92,104,101,90,110,99,118,112,130,,145,82,45,53,70,72,76,71,88,69,159,94,78,88,34,94,128,98,113,47,119,105,117,55,49,79,39,70,54,106,93,112,89,81,32,101,87,90,54,87,89,74,89,45,47,73,119,141,99,81,112,91,89,117,117,117,122,77,63,73,97,130,115,81,99,96,135,99,118,103,93,89,120,118,120,120,107,75,78,20,85,108,100,,72,122,305,110,48,53,83,63,93,102,97,,105,98,101,103,81,66,42,43,43,32,40,68,67,66,104,91,83,122,100,79,75,59,91,44,19,40,96,70,51,37,16,21,24,18,44,32,64,82,83,,76,110,79,70,104,87,63,112,99,138,127,154,109,104,95,120,69,88,66,98,98,115,115,80,32,77,88,82,99,80,76,,106,79,90,97,99,89,43,89,48,56,60,73,87,66,112,89,63,71,172,133,122,160,103,78,104,114,97,85,37,109,110,80,61,88,114,83,83,95,108,61,67,96,112,,112,,87,84,115,80,44,,173,165,226,123,192,95,96,95,99,,96,126,122,68,107,127,145,,,50,47,89,124,127,128,108,75,116,29,116,63,53,70,68,90,88,101,64,41,87,91,78,81,91,22,,44,54,58,38,,146,46,91,124,133,55,,35,91,70,,83,75,106,69,76,75,79,53,92,50,83,89,206,96,97,75,104,95,49,86,50,58,73,71,76,96,85,120,68,68,112,65,68,49,40,83,57,65,67,90,85,94,101,66,76,66,74,86,107,65,88,97,78,91,115,81,104,85,,68,78,83,128,64,90,65,120,125,129,141,118,65,90,128,43,72,66,78,84,53,68,117,21,109,146,139,153,,104,75,114,82,107,91,125,167,66,35,91,29,123,121,52,23,21,54,179,73,177,38,58,81,61,,59,143,39,164,25,,112,26,139,78,95,,37,126,81,88,59,48,69,74,54,52,52,47,54,77,62,74,37,52,58,54,51,65,67,65,105,69,113,136,100,79,119,113,131,55,96,89,94,131,109,140,110,149,130,122,82,80,75,83,83,66,133,103,75,97,93,83,100,100,,73,79,79,76,97,132,132,114,66,64,82,81,70,90,48,93,111,99,102,98,52,128,114,137,124,161,129,,114,129,145,114,122,109,126,121,123,93,92,120,134,45,93,134,76,84,127,116,58,93,82,135,122,85,125,127,68,116,117,92,110,138,100,125,105,123,109,63,204,62,36,87,81,66,85,74,66,105,84,114,98,99,133,107,126,101,123,58,57,60,69,33,114,131,83,127,123,98,106,105,114,108,129,124,396,131,113,81,77,98,73,133,54,57,65,65,51,63,76,87,73,62,35,72,65,79,58,65,72,57,,97,81,118,88,73,96,85,26,17,16,38,30,50,20,53,73,72,62,67,61,69,71,64,126,95,94,95,82,68,76,,36,77,44,26,87,82,46,20,124,20,61,41,27,39,74,84,79,77,85,59,83,83,40,,142,110,116,121,118,185,39,20,97,258,77,69,71,57,113,98,41,50,37,69,82,,112,166,110,72,90,84,56,111,87,107,84,126,89,94,60,70,67,79,74,46,103,88,70,108,,79,71,79,57,86,96,76,113,114,99,26,45,15,55,86,78,60,56,58,57,85,94,73,96,72,98,96,104,96,33,71,133,64,67,72,86,98,116,90,115,88,73,69,66,68,80,69,78,,37,109,87,75,118,105,99,110,32,5,89,64,74,49,88,58,44,39,93,53,106,43,42,116,44,116,94,26,73,94,71,79,48,53,68,75,59,62,91,103,94,65,61,58,96,48,36,96,65
20160203,16,O3_8h,27,71,30,28,33,21,28,44,34,43,35,32,,38,38,69,57,50,52,,,42,31,45,33,,,34,38,42,35,34,39,70,56,55,55,61,65,51,27,53,,40,28,23,67,40,78,45,49,50,33,55,38,75,70,66,66,65,51,54,53,57,77,44,46,48,40,54,49,52,54,70,50,17,21,18,27,22,,28,22,21,22,16,32,28,50,40,36,28,25,40,36,55,52,53,46,,57,37,63,38,40,,63,57,59,59,52,69,76,62,55,41,85,60,70,36,62,61,89,104,46,78,92,42,57,18,,34,26,58,47,56,70,35,60,65,60,50,88,89,58,86,70,70,81,63,72,74,81,76,85,69,77,75,67,72,51,70,61,79,68,78,86,81,97,70,84,97,70,100,97,64,65,54,47,90,85,77,75,86,99,78,73,,83,72,71,81,52,51,62,76,65,79,73,,71,77,104,85,87,89,98,117,60,91,96,85,91,85,90,96,119,112,68,81,82,59,117,60,75,50,56,62,84,85,88,99,84,99,92,,,86,87,73,73,76,76,71,69,33,,98,,87,92,,104,111,114,119,117,95,62,83,87,92,121,81,80,79,73,72,52,38,55,,63,78,84,75,81,51,53,49,,48,60,59,20,52,62,111,87,121,92,57,99,91,96,82,77,81,59,90,,78,83,79,67,50,32,73,86,54,29,62,47,14,17,34,37,43,60,14,90,87,61,60,59,113,66,68,78,44,74,42,37,60,48,53,46,48,37,47,50,31,35,,38,46,41,65,32,53,58,61,38,31,39,33,56,45,54,74,60,54,50,53,40,42,46,44,53,38,,31,44,52,59,27,35,32,31,34,34,40,,51,36,50,45,46,46,45,49,39,44,64,50,50,,40,51,20,44,55,53,43,45,53,62,67,47,61,54,5,7,14,9,30,25,8,12,16,16,25,,9,8,13,9,15,19,17,13,12,,15,39,55,48,38,121,106,35,50,71,33,57,71,78,73,66,63,50,62,59,59,64,59,69,36,27,31,30,32,51,28,42,33,27,49,26,37,34,52,54,28,32,40,31,46,68,50,27,44,86,48,69,,3,11,16,11,19,16,32,21,28,40,,34,60,74,50,47,103,68,26,26,52,40,47,50,38,53,143,72,52,73,77,47,55,55,49,37,93,52,60,61,68,82,27,51,77,53,46,35,15,48,26,40,17,51,64,92,69,,58,56,71,,49,22,30,46,78,78,60,,34,69,64,84,84,92,104,54,57,,50,54,56,72,,63,,52,96,75,88,55,,72,70,70,,68,75,62,51,63,76,,73,78,79,83,78,42,50,52,46,47,40,42,50,48,55,26,54,42,50,44,39,16,30,20,53,56,52,52,48,50,50,40,44,63,58,71,59,50,32,40,40,36,61,26,12,32,50,28,38,84,115,154,68,44,42,60,35,38,52,56,,66,57,36,35,41,59,36,23,34,47,56,52,38,36,27,31,88,30,57,30,35,38,30,50,76,39,42,64,32,61,49,32,26,22,20,32,74,69,71,74,62,55,80,88,87,91,107,,130,63,31,33,57,49,51,46,54,52,126,75,52,56,31,58,98,76,99,33,75,68,81,39,28,50,19,47,36,74,64,86,80,50,19,54,46,46,36,57,44,37,42,27,20,45,84,109,69,41,61,45,59,66,70,67,70,34,31,38,41,78,69,53,60,70,102,73,89,62,62,65,88,80,73,82,74,43,41,18,32,52,53,,66,94,212,84,48,45,67,52,83,88,85,,86,90,75,76,24,11,12,19,17,6,6,13,15,19,50,39,40,65,14,9,6,6,23,22,16,37,46,35,20,10,9,16,19,16,20,23,47,65,58,,64,70,50,37,33,43,27,77,66,90,88,104,54,54,47,80,37,32,23,49,53,43,44,42,26,33,42,65,85,59,56,,61,44,27,42,90,77,36,27,36,37,42,54,53,57,84,74,33,45,95,80,92,112,56,42,67,73,78,70,19,73,62,42,41,75,76,53,45,54,79,46,52,72,93,,84,,61,83,84,48,29,,88,84,110,84,137,57,63,68,75,,79,103,100,50,80,89,98,,,33,34,65,95,103,94,74,61,86,24,83,47,34,49,52,56,48,57,43,34,47,53,45,44,53,10,,19,25,27,27,,73,24,48,66,64,30,,26,58,42,,66,55,87,46,62,52,43,36,51,32,76,82,100,91,72,68,89,89,36,49,42,37,52,54,41,66,55,78,42,48,75,53,51,32,31,67,46,49,49,67,42,51,73,41,66,57,65,74,69,34,65,82,56,70,102,56,67,45,,57,57,72,117,34,62,51,87,102,106,113,104,36,44,111,34,51,57,57,59,39,61,82,19,63,117,97,109,,73,49,76,58,64,62,94,123,59,25,62,22,91,89,34,19,18,30,70,56,68,23,42,62,41,,44,104,28,71,21,,75,20,81,60,43,,25,111,65,78,44,42,46,57,45,38,37,31,41,58,59,68,34,41,42,42,40,48,47,43,85,49,80,90,71,59,76,71,89,34,76,62,64,84,74,87,80,107,85,78,64,59,58,64,62,36,75,62,48,72,61,54,67,71,,46,46,51,51,75,100,102,88,41,39,48,38,29,44,22,74,85,72,76,67,36,82,77,91,83,109,98,,85,94,105,93,104,92,103,74,81,60,63,68,92,34,60,113,39,51,80,76,35,68,61,96,86,61,86,97,43,78,68,55,82,102,72,87,70,90,69,44,80,28,18,47,45,37,47,40,33,71,54,71,62,58,68,55,72,52,51,45,34,38,56,24,64,74,42,79,70,53,43,39,52,55,93,68,84,65,61,36,14,23,65,56,47,52,54,62,30,52,67,69,57,50,27,51,56,63,48,40,46,51,,76,68,87,66,55,67,61,9,10,7,8,21,23,10,23,17,15,14,14,32,25,23,20,42,34,16,26,46,25,23,,11,25,32,20,51,55,34,15,94,16,40,21,12,18,23,30,24,18,28,40,56,59,29,,90,59,59,61,59,114,20,14,87,,64,57,55,53,48,66,17,25,30,50,49,,82,115,74,57,82,81,45,106,53,62,51,86,70,78,48,55,50,40,44,23,58,77,60,54,,31,26,63,48,61,69,46,65,93,80,16,28,12,40,80,70,28,17,19,23,60,51,45,55,27,41,42,68,65,20,43,47,31,22,48,47,50,55,59,71,59,46,54,46,42,29,26,29,,17,46,52,34,92,74,77,67,16,4,62,31,44,36,73,42,30,27,62,28,45,28,24,95,21,83,52,21,56,86,50,34,21,20,36,47,24,28,46,70,90,47,36,37,42,25,30,57,41
20160203,16,O3_8h_24h,48,83,53,49,61,41,51,72,46,59,64,55,,48,44,83,63,58,61,,,58,32,60,39,,,56,72,64,62,59,60,88,70,66,64,61,76,59,32,76,,64,28,42,67,43,95,68,56,62,52,55,43,85,78,73,76,69,60,68,62,72,80,54,64,57,49,64,67,68,82,76,62,57,51,36,59,32,,40,37,32,31,20,50,44,63,50,55,41,37,57,47,71,52,53,55,,57,37,66,38,40,,80,70,59,60,52,69,78,66,80,58,127,60,70,36,62,61,90,104,46,78,92,42,59,30,,34,26,58,47,56,85,40,60,76,63,73,88,89,72,86,85,75,94,82,108,96,81,99,114,77,77,75,76,77,52,76,80,79,68,78,86,81,97,70,88,97,70,100,97,98,72,82,47,90,93,86,88,92,113,83,80,,83,72,71,83,52,51,73,77,68,96,73,,71,77,104,85,87,89,98,117,60,91,96,85,91,85,90,96,119,112,68,81,88,82,119,81,86,56,87,98,110,93,89,99,84,99,92,,105,88,87,73,73,76,76,76,77,57,,98,,92,111,,104,111,114,119,117,95,69,88,87,92,121,109,80,88,81,83,58,47,87,,88,82,84,87,100,69,74,65,,65,82,59,22,56,76,131,106,125,108,72,115,107,98,82,77,81,59,90,,78,83,85,81,72,53,78,108,68,43,79,84,40,70,58,65,101,68,24,104,102,70,70,77,129,79,85,105,62,100,67,103,81,94,64,92,85,68,96,96,45,51,,57,61,56,68,50,68,62,74,47,39,49,35,81,45,57,74,65,64,50,58,40,42,46,56,60,48,,38,45,52,59,30,40,36,36,37,40,47,,52,40,53,48,46,53,52,56,41,45,64,50,50,,56,60,22,55,67,63,64,61,57,62,67,47,61,71,38,17,34,39,42,46,23,48,18,50,40,,19,16,50,56,58,69,78,69,66,,71,78,67,71,69,121,106,50,63,95,47,57,71,78,73,66,63,50,90,84,90,93,72,76,51,64,62,34,56,51,82,47,41,36,79,42,65,47,69,96,63,48,54,35,65,86,59,48,63,105,94,88,,9,12,16,18,25,18,85,54,98,75,,34,62,74,50,47,104,68,35,66,52,46,67,50,58,77,143,76,61,77,84,71,92,80,72,37,93,68,60,72,83,95,34,72,107,66,55,44,39,50,29,44,19,75,64,92,76,,58,59,71,,49,37,33,53,83,79,64,,34,69,64,84,87,92,104,58,57,,50,60,56,87,,79,,54,96,75,88,55,,74,78,70,,68,75,69,53,71,84,,73,78,79,83,78,42,50,59,46,47,40,42,50,48,55,29,54,42,50,44,39,26,35,30,53,56,52,58,55,54,50,40,44,64,58,71,59,50,32,40,40,36,61,26,12,32,50,28,38,84,115,154,80,49,42,60,40,44,58,64,,79,68,46,41,54,77,45,30,48,51,75,66,47,36,27,34,88,60,57,34,49,47,35,50,76,48,42,64,32,61,50,32,34,33,21,32,74,71,75,82,70,65,89,88,94,91,107,,130,63,33,46,62,69,62,52,54,59,134,82,57,84,31,66,98,76,99,33,75,72,84,39,28,66,38,64,37,92,85,102,87,64,26,68,59,60,50,66,63,46,61,41,38,45,84,109,79,56,81,65,75,84,97,88,104,63,54,66,79,100,84,69,84,72,120,82,108,75,72,80,90,101,93,105,96,64,67,19,76,96,87,,69,103,212,90,48,50,78,60,83,88,85,,86,90,75,76,78,64,37,52,36,28,35,55,51,64,61,44,56,65,83,64,59,43,61,22,18,37,91,126,84,67,12,18,19,17,34,28,58,74,71,,66,70,50,48,80,61,36,84,80,107,102,112,67,59,47,114,62,79,60,90,60,101,99,66,26,58,69,73,93,73,72,,89,66,79,82,96,85,40,80,43,42,46,64,63,57,84,74,53,61,95,92,110,117,80,59,82,96,78,70,27,87,67,49,46,77,91,66,52,74,91,50,59,72,93,,84,,63,83,84,48,39,,88,84,110,84,137,57,63,74,75,,79,114,108,53,84,97,106,,,51,41,66,105,109,106,83,66,92,25,85,50,39,53,59,82,69,57,55,36,74,68,63,61,71,12,,29,42,48,36,,101,37,71,100,115,32,,28,58,58,,68,55,87,66,74,66,62,47,70,39,80,85,102,91,87,72,96,90,44,73,46,46,69,69,68,82,75,85,42,48,80,58,59,38,35,68,46,54,52,69,42,51,77,41,66,58,65,74,94,76,86,82,65,74,102,81,74,68,,57,76,77,117,58,68,53,88,102,106,113,104,36,67,111,43,72,70,68,89,39,61,82,21,63,117,113,113,,95,64,102,78,98,62,108,125,59,25,62,22,91,89,35,20,21,30,144,70,132,26,48,64,53,,51,104,32,143,23,,77,20,81,64,51,27,31,117,65,78,55,45,61,72,50,54,53,48,53,76,59,69,35,43,48,46,43,66,70,66,98,56,80,90,77,59,76,71,89,34,89,76,80,104,92,87,80,107,85,78,77,76,72,81,79,61,122,96,69,72,61,54,67,71,,51,52,57,53,75,105,102,88,46,42,48,53,49,64,35,74,85,72,76,72,39,95,91,109,102,123,101,,91,96,114,93,104,92,103,96,104,87,78,108,96,36,83,113,51,66,93,89,47,68,68,99,92,73,105,107,60,105,105,82,82,108,85,99,87,98,88,78,84,42,26,87,76,55,76,67,60,97,78,106,91,91,120,96,113,92,106,91,50,57,65,31,105,113,75,114,109,95,102,96,105,100,123,118,300,125,110,81,67,92,68,81,51,54,62,62,48,58,70,75,72,56,30,69,60,63,48,61,69,51,,82,73,100,77,63,67,61,30,24,33,25,28,37,14,41,68,66,55,60,44,41,38,37,106,67,66,63,70,54,58,,32,50,32,20,60,56,40,15,110,16,52,21,16,22,68,79,70,71,74,55,84,82,34,,90,59,59,61,59,114,25,18,90,214,68,62,61,53,96,98,39,50,34,66,79,,104,156,102,77,92,81,47,106,84,99,74,119,76,79,48,55,50,68,72,38,90,80,61,85,,43,27,79,54,76,86,53,74,93,84,25,44,12,53,84,76,55,44,58,44,73,73,64,74,67,78,78,94,92,29,60,48,55,58,66,70,88,100,59,82,90,68,60,57,65,72,60,78,,31,96,73,58,101,84,91,102,24,4,62,43,50,40,73,43,41,38,87,46,50,38,38,109,24,83,83,21,60,86,62,63,40,45,53,54,47,62,77,71,92,51,47,48,67,30,33,76,57
20160203,16,CO,0.9,0.5,0.9,0.8,0.8,0.8,0.5,0.5,0.3,0.6,1.1,0.8,,1.483,1.677,1.873,1.007,1.156,2.849,,,1.895,0.931,1.822,1.049,,,1.235,0.882,0.67,0.88,1.138,0.911,1.049,0.462,1.113,0.581,0.456,0.915,0.818,0.941,1.028,,0.76,0.647,5.284,2.776,2.502,4.539,1.993,1.405,1.938,2.815,1.761,1.808,0.464,0.463,0.209,0.369,0.489,0.378,0.485,0.794,0.305,0.468,0.587,0.881,0.922,0.603,1.825,1.469,1.395,2.011,1.992,2.096,3.807,4.332,3.323,4.092,1.676,,2.322,1.81,2.083,3.578,2.63,4.047,2.445,0.876,1.223,0.771,1.093,1.148,0.998,0.85,0.821,0.506,0.498,0.871,,0.592,0.588,0.574,0.66,0.687,,0.739,1.424,1.692,1.417,1.612,1.317,1.917,1.92,1.768,1.736,1.567,0.677,0.582,0.814,0.533,0.712,0.567,0.776,0.74,0.431,0.578,0.802,0.794,3.888,,1.092,0.983,1.618,1.829,0.995,0.938,0.754,0.431,1.875,1.282,1.213,0.631,0.9,1.356,0.381,1.776,1.013,1.877,1.329,1.792,1.247,1.192,1.261,1.604,0.92,1.038,1.296,0.661,0.193,0.882,0.824,1.105,0.735,1.147,0.604,0.964,0.868,0.562,0.65,1.217,1.56,0.825,1.592,0.944,1.294,1.051,1.035,1.399,1.14,1.038,1.308,1.011,0.884,1.224,0.89,1.478,,1.684,2.04,1.026,1.532,1.626,1.961,1.316,1.31,1.363,1.397,1.27,,0.827,0.752,1.186,1.028,1.096,1.613,0.585,0.906,1.191,1.057,1.619,1.003,0.988,1.053,1.086,1.054,1.859,1.706,1.96,2.106,0.783,0.893,0.633,0.982,1.543,1.194,1.159,1.032,1.38,1.037,1.05,0.917,0.775,0.751,0.928,,,0.816,0.65,0.802,0.833,0.918,0.737,1.13,0.868,1.438,,1.32,,0.942,1.369,,1.192,0.763,1.2,0.925,1.607,0.683,0.783,0.687,0.611,1.065,0.818,0.916,0.778,0.877,0.603,1.152,1.171,0.785,1.061,,1.113,1.309,1.153,0.926,1.22,0.525,0.89,0.559,,0.923,0.816,0.559,0.671,0.66,0.57,0.626,0.862,0.627,1.272,1.081,0.898,1.28,0.781,0.765,1.41,0.941,0.59,0.616,,0.772,1.383,1.069,1.102,1.121,1.316,1.54,1.389,1.775,1.187,1.437,1.545,2.151,1.381,1.34,1.479,1.181,1.149,1.431,1.776,0.611,0.688,1.086,0.873,0.806,0.766,1.627,0.712,0.993,0.396,0.842,1.7,0.872,1.223,1.114,1.176,1.68,0.993,1.48,1.027,0.747,0.75,,0.876,0.838,0.843,0.684,0.932,0.848,0.741,0.832,1.142,1.03,0.973,0.78,1.17,0.97,1.298,0.967,1.253,1.052,1.044,0.96,1.019,0.947,0.884,0.659,0.644,1.097,,1.123,0.829,0.951,0.436,1.207,1.117,1.038,0.844,0.863,1.059,1.277,,0.871,0.954,0.982,0.888,0.925,1.1,1.039,0.91,1.21,0.837,1.036,1.324,1.054,,1.185,0.469,1.099,1.258,1.3,1.042,1.317,1.498,0.856,0.742,0.85,0.941,0.939,0.815,1.287,1.276,1.023,1.171,1.166,0.719,1.287,0.96,0.806,0.575,0.642,,1.318,0.84,0.982,1.29,1.47,1.404,1.586,1.354,1.678,,1.902,1.248,0.549,1.283,0.761,0.664,0.904,1.097,1.089,0.756,0.876,0.361,0.198,0.934,1.253,0.787,0.567,0.873,0.293,0.552,0.331,0.277,0.122,0.236,1.415,2.503,1.642,1.645,1.681,2.158,1.73,3.123,3.006,1.778,1.157,2.398,1.567,1.197,0.947,1.53,1.358,0.816,1.045,1.348,1.056,1.433,1.275,1.455,1.425,1.412,0.976,1.936,,5.16,3.083,3.386,6.068,2.008,1.987,2.651,1.623,3.242,1.718,,1.145,1.186,1.027,1.194,0.91,0.597,0.826,1.842,1.963,1.356,1.428,2.319,1.303,1.923,1.851,0.998,0.47,0.25,0.316,0.463,2.813,2.148,2.158,1.165,1.357,1.004,1.428,1,0.976,1.692,1.368,0.964,1.554,1.82,1.452,0.879,1.003,0.994,0.721,1.246,0.711,2.083,1.459,1.046,1.558,2.08,,1.585,1.852,1.332,,1.282,2.257,2.878,2.611,0.882,1.839,1.613,,1.606,1.126,0.989,0.679,1.053,0.669,1.186,1.034,0.868,,0.858,0.866,1.03,1.295,,1.234,,1.309,0.879,0.823,0.912,0.794,,0.764,1.836,1.09,,0.676,0.998,1.255,0.893,0.89,0.993,,1.313,1.16,0.752,0.873,1.545,0.844,0.818,0.715,0.878,0.776,1.198,1.332,1.092,1.012,1.011,1.091,0.577,0.771,1.053,1.147,0.903,1.346,1.723,1.209,1.498,1.412,1.263,0.989,1.034,0.964,1.008,1.471,1.154,0.985,1.088,0.78,1.214,1.096,1.325,1.058,1.221,1.021,0.865,1.784,,0.9,0.707,1.379,0.946,1.282,1.172,1.141,2.172,1.975,1.82,1.31,1.816,2.441,3.339,2.442,,0.991,1.214,3.581,6.966,0.766,2.143,2.682,2.635,1.17,1.054,1.187,1.628,0.823,0.304,0.771,0.253,0.204,0.075,2.211,2.675,2.96,2.942,2.436,2.318,2.098,4.031,3.308,1.143,1.255,2.168,2.34,1.885,2.408,2.522,3.126,2.517,2.71,0.825,1.332,0.905,0.385,0.613,1.225,0.784,0.765,0.997,0.887,,0.736,0.385,1.074,0.468,0.435,0.513,1.429,1.723,0.128,0.848,0.816,0.723,0.568,0.659,1.162,0.691,0.908,0.931,1.593,0.71,2.008,1.135,1.024,1.948,2.437,1.07,0.811,0.446,0.914,0.779,0.888,0.716,1.213,2.211,2.051,1.932,2.001,1.514,2.626,1.852,1.928,2.919,1.16,2.2,2.694,1.505,0.713,0.896,1.472,0.715,2.09,0.537,1.715,1.329,1.439,1.684,1.131,2.006,3.132,2.95,1.102,1.039,0.799,0.886,1.263,1.143,1.057,1.347,0.802,0.886,0.833,0.853,1.11,0.663,0.832,0.685,1.387,0.457,0.947,0.946,0.035,1.778,0.963,0.793,0.957,1.111,1.221,1.381,1.264,1.46,1.028,1.293,1.003,1.253,1.323,,1.335,1.085,0.998,0.781,2.102,1.608,1.244,1.15,1.568,1.474,1.183,1.681,1.119,1.201,1.934,1.934,1.322,0.742,1.01,0.882,0.808,0.804,1.36,1.321,1.222,1.707,1.354,1.567,1.374,1.597,,1.892,1.278,1.281,1.576,1.537,0.95,0.303,0.979,,0.998,0.582,0.811,1.369,1.963,1.7,1.704,1.517,2.025,1.258,1.193,1.319,0.578,1.168,0.45,1.05,0.775,1.48,1.402,1.061,1.582,1.36,1.259,1.516,2.789,2.806,1.62,1.016,0.196,1.83,0.692,,0.94,1.645,0.91,2.066,1.576,2.371,1.896,,1.266,1.177,1.187,1.536,1.264,1.214,1.018,1.15,1.287,1.239,1.403,1.461,1.345,1.222,0.845,0.727,0.92,0.64,1.339,2.028,0.994,1.318,1.525,1.276,0.708,0.565,0.837,0.888,0.829,1.746,1.186,0.996,0.947,0.799,0.777,,0.847,0.972,3.196,,0.305,0.482,0.707,,1.554,1.001,1.332,1.166,1.361,1.289,1.367,0.934,1.292,,0.673,0.752,0.706,1.044,0.874,1.193,1.123,,,1.6,1.651,0.896,0.99,0.502,0.572,0.893,0.943,0.886,0.764,1.366,0.714,0.686,0.902,0.735,0.706,0.909,1.159,0.547,0.927,0.855,0.646,0.875,0.262,1.33,3.129,,1.497,1.763,3.775,2.965,,2.899,3.158,2.967,2.114,2.775,3.385,,4.185,0.443,0.85,,0.539,0.812,0.475,0.442,0.443,0.056,0.156,0.364,0.207,0.296,0.557,0.052,0.036,0.158,0.182,0.665,0.796,0.409,2.013,0.023,0.559,0.101,0.196,1.864,1.504,1.772,1.635,0.369,0.949,1.631,0.276,1.575,1.475,3.425,1.232,0.433,0.652,0.081,1.673,1.308,0.339,1.477,1.302,1.048,0.461,0.438,0.312,0.21,1.171,1.222,0.678,1.546,0.39,1.144,1.343,1.593,1.426,1.71,,1.724,1.293,1.143,1.146,,0.803,0.776,1.366,1.881,1.232,0.948,1.054,1.166,0.518,,0.779,0.433,0.403,0.945,0.894,0.454,0.551,0.801,0.903,1.16,1.074,0.555,0.794,,1.053,2.116,0.98,1.414,0.823,0.803,0.761,0.57,1.832,1.457,0.769,1.4,1.49,1.307,0.776,0.728,0.678,0.543,0.082,0.361,0.197,0.937,0.985,0.937,0.967,,0.53,0.701,1.038,1.336,0.115,,0.847,0.718,0.571,0.942,0.794,0.872,0.629,0.718,0.683,0.534,0.997,,0.929,,0.475,1.063,0.727,1.037,0.692,0.581,1.236,0.474,1.028,0.797,0.917,1.012,0.889,0.824,0.733,0.703,0.004,0.025,0.36,0.575,0.843,1.074,1.477,1.79,1.027,1.896,0.311,0.303,1.498,0.329,0.998,0.65,0.768,0.445,0.506,0.638,1.421,1.323,1.407,0.91,1.176,0.81,0.345,0.598,0.899,1.122,1.428,0.692,0.791,1.136,,1.358,1.979,1.407,2.054,3.74,0.292,0.945,0.343,1.921,2.066,0.407,1.3,2.16,2.207,3.01,1.627,2.589,1.67,1.559,1.354,1.284,1.194,0.962,1.029,1.606,0.578,1.092,,1.112,0.671,0.625,0.388,0.375,0.327,0.692,0.629,0.865,0.73,1.4,2.624,1.787,1.178,1.873,1.428,1.044,1.039,0.672,0.976,1.352,0.97,0.787,1.468,1.346,1.626,0.951,0.552,0.976,0.796,1.872,1.031,1.702,0.861,0.377,0.573,0.638,0.453,1.109,1.238,1.128,,0.435,0.83,1.351,1.2,1.191,1.127,1.305,0.896,1.017,0.934,0.992,0.897,1.137,2.021,1.027,1.952,1.201,1.582,0.602,1.08,0.728,1.558,0.943,0.834,1.373,1.17,0.936,0.716,0.842,0.868,0.695,0.532,1.043,1.437,1.715,0.109,1.477,,0.628,0.6,0.656,0.643,2.643,0.547,1.125,0.838,0.874,1.675,1.198,1.301,1.168,1.204,1.872,0.666,1.391,1.621,1.028,0.694,0.763,1.253,,1.114,1.43,1.169,1.161,1.173,1.18,1.167,1.657,2.058,2.247,2.726,1.858,1.315,2.91,1.927,1.323,1.25,1.125,1.39,1.59,1.526,1.409,1.393,1.108,1.264,0.313,1.123,1.409,1.134,1.82,,1.702,1.563,1.698,1.862,1.599,2.482,1.24,2.089,1.519,1.415,1.024,1.16,2.536,1.513,1.2,1.302,1.504,1.362,1.227,0.757,0.589,0.982,0.773,,1.229,1.567,1.244,1.382,1.701,1.211,1.449,0.807,1.237,0.94,1.168,1.004,0.836,0.982,1.506,0.964,1.79,1.633,1.248,1.13,0.615,,0.805,1.079,,1.207,1.458,1.118,0.511,0.376,0.617,0.221,0.268,1.227,0.476,0.543,0.903,0.436,0.594,0.344,1.287,0.574,0.422,0.317,0.656,1.444,,0.619,0.72,0.127,0.784,,1.319,0.672,0.793,0.028,0.102,0.48,0.602,0.463,0.401,0.25,0.713,2.75,2.455,2.602,3.503,3.888,1.336,1.693,1.521,1.068,2.031,0.97,2.911,2.117,1.148,0.79,1.032,2.101,1.489,1.295,0.187,0.726,1.233,3.337,0.808,1.159,0.56,2.725,1.096,1.549,1.236,1.333,1.228,,1.055,2.2,1.174,1.083,0.641,0.71,0.428,0.694,1.092,1.053,,0.609,1.065,1.97,0.84,0.207,1.692,0.905,0.711,0.259,0.85,1.492,0.71,0.463,1.838,0.55,1.839,2.696,0.742,0.66,1.508,1.537,1.544,1.502,0.999,0.497,3.3,3.305,2.134,0.82,0.739,0.27,1.276,2.64,1.761,1.909,0.625,1.437,0.598
20160203,16,CO_24h,1.238,0.596,1.142,1.258,1.112,1.242,2.183,0.979,0.829,1.325,1.267,1.908,,2.567,2.826,3.016,2.343,2.726,3.351,,,3.035,1.573,2.276,1.313,,,1.642,2.068,1.861,1.534,1.815,1.292,0.86,1.969,2.715,1.796,1.702,2.162,2.015,2.244,3.293,,2.068,2.17,6.794,6.454,6.89,7,4.709,4.763,4.289,3.65,4.04,6.59,0.675,0.733,0.496,0.712,0.539,1.055,1.287,1.51,1.204,0.669,2.874,1.866,1.905,1.86,4.386,4.984,3.63,2.811,2.88,2.96,3.013,3.282,3.609,3.324,1.773,,1.619,2.771,3.222,3.724,3.364,3.304,2.924,1.859,2.189,1.136,4.077,2.34,1.837,1.606,1.567,1.227,2.05,2.098,,2.205,2.256,1.609,2.059,2.129,,2.082,1.349,1.38,1.643,1.614,1.493,1.681,1.543,1.232,1.305,0.727,1.22,1.246,1.437,1.17,1.222,0.963,1.772,1.379,1.143,0.991,1.515,0.72,3.452,,1.671,0.624,1.48,1.119,2.208,1.69,1.254,0.763,1.513,1.191,1.284,0.851,1.208,1.23,0.9,1.526,0.887,2.012,1.803,3.072,1.815,2.117,1.857,1.58,1.423,1.611,1.375,1.633,1.43,1.941,1.742,1.454,1.533,1.632,1.436,1.123,1.009,0.666,0.852,1.938,1.647,1.193,1.513,1.981,2.212,1.843,1.584,1.933,2.146,1.482,2.041,1.624,1.755,1.977,1.099,1.683,,1.977,2.542,1.507,1.938,1.819,2.234,1.779,1.978,1.814,1.738,1.635,,1.213,1.255,1.506,1.493,1.613,2.136,1.197,1.422,1.731,1.492,2.279,1.612,1.041,1.065,1.064,0.916,2.219,2.135,2.235,2.648,0.948,0.684,0.672,1.046,1.273,1.311,1.14,1.146,1.366,1.257,0.94,1.25,0.936,1.074,1.105,,0.926,1.141,0.876,0.88,1.066,1.212,0.957,0.982,0.858,1.236,,1.207,,1.268,1.459,,1.054,0.714,1.1,1.237,1.06,0.949,0.952,0.842,0.954,1.048,0.979,1.015,0.841,0.928,0.82,1.279,1.664,1.244,1.13,,1.491,2.231,1.502,1.043,1.432,0.493,0.835,0.565,,0.918,0.802,0.726,0.711,0.731,1.063,0.85,0.989,0.422,1.195,0.959,0.855,0.962,1.049,0.962,1.837,1.38,1.229,1.272,,1.272,1.869,0.938,1.287,1.155,1.346,1.566,1.437,1.909,1.138,1.668,1.945,1.995,1.551,1.365,1.564,1.497,1.478,1.878,2,0.999,1.277,1.533,1.422,1.427,1.33,1.807,1.432,2.138,0.809,1.041,2.131,1.015,1.509,1.422,1.356,1.737,1.218,1.632,1.339,0.681,0.948,,0.776,0.814,0.754,0.685,0.904,0.85,0.731,1.525,1.11,1.006,1.257,0.775,1.193,0.961,1.321,1.037,1.265,1.109,1.035,0.878,0.966,0.931,0.906,0.67,0.617,1.078,,0.977,0.857,0.96,1.103,1.131,1.085,1.006,0.853,0.788,0.948,1.239,,0.899,0.997,1.013,0.914,0.924,1.08,1.017,0.879,1.055,0.866,1.29,1.08,1.109,,1.403,1.095,1.26,1.381,1.445,1.161,1.447,1.499,0.943,0.832,1.225,1.011,1.318,0.945,1.514,1.46,1.231,1.251,1.335,1.012,1.326,1.328,1.167,0.998,1.107,,1.588,1.613,1.346,1.212,1.291,1.417,1.54,1.36,1.611,,1.886,1.31,0.603,1.345,0.709,0.757,0.838,1.068,1.516,0.905,0.958,1.293,0.781,1.225,2.378,1.684,1.961,2.154,1.299,1.658,0.815,0.371,0.46,0.361,1.545,2.868,1.982,1.724,1.894,2.712,2.111,3.892,3.746,2.224,1.857,2.232,2.414,2.712,1.635,1.513,1.649,2.177,2.208,2.552,1.507,2.202,0.994,3.113,2.349,1.841,1.983,2.469,,4.216,4.676,3.842,3.485,3.054,2.202,1.386,1.376,1.969,1.675,,1.416,1.359,1.197,1.325,1.178,0.635,0.922,1.434,1.794,1.549,2.373,2.55,1.504,2.734,3.478,1.632,0.928,0.474,0.665,0.975,1.79,1.854,1.103,1.339,2.155,1.746,2.415,2.099,1.281,1.575,0.996,1.603,2.634,2.28,2.013,0.662,0.751,0.771,0.601,2.053,2.367,2.987,2.235,2.066,2.038,3.366,,3.744,3.498,2.053,,2.093,2.846,3.317,3.188,1.403,2.073,2.573,,3.616,1.856,3.035,0.996,1.411,1.603,1.594,1.309,0.992,,0.953,1.617,2.097,2.373,,2.105,,2.181,1.308,1.403,1.231,2.086,,2.916,2.722,1.607,,0.798,1.088,1.451,1.415,1.45,1.437,,1.36,1.224,0.733,0.813,1.312,0.937,1.028,0.998,0.977,1.015,1.146,1.177,1.132,0.995,1.092,1.12,0.685,0.886,1.155,1.158,0.923,1.155,1.226,1.241,1.348,1.276,1.217,0.995,0.93,0.887,0.986,1.354,1.126,0.939,1.112,0.794,1.012,0.994,1.039,1.166,0.955,1.04,0.985,1.853,,0.936,1.37,1.894,1.695,1.566,1.565,1.511,3.01,2.696,2.348,1.629,2.326,3.019,5.625,5.503,,3.367,4.114,4.991,8.46,2.133,4.47,3.74,5.403,3.816,1.422,2.578,2.519,0.919,0.369,2.561,0.805,0.289,3.01,1.64,1.973,2.147,2.751,2.823,2.07,0.623,4.204,4.161,1.41,2.924,2.06,4.011,1.988,2.662,2.899,3.749,2.563,2.841,1.371,1.606,1.884,1.143,1.526,1.781,0.807,2.093,1.711,1.024,,0.757,0.669,1.366,0.732,0.922,0.757,2.262,2.108,1.344,2.245,1.155,0.842,0.614,0.798,1.033,0.823,1.222,1.29,1.706,1.052,2.557,1.435,1.662,2.274,2.945,1.707,0.797,0.838,1.024,1.42,0.702,1.429,0.567,2.717,2.273,3.365,3.404,2.856,2.155,1.917,4.393,7.105,3.459,4.905,5.114,1.854,1.004,1.244,1.74,2.405,3.343,1.789,1.628,1.718,1.819,2.378,1.401,2.371,3.274,3.759,1.435,1.074,1.272,0.926,1.354,1.209,1.712,2.321,1.474,1.293,0.935,1.327,1.546,0.888,0.952,1.096,1.515,0.778,1.332,1.08,2.463,1.688,0.974,0.683,1.032,1.116,1.16,1.412,1.264,1.488,1.105,1.413,1.071,1.235,1.165,,1.279,1.141,1.029,0.871,2.213,1.537,1.218,1.188,1.695,1.557,1.212,1.81,1.366,1.213,2.813,1.932,1.678,1.05,0.945,0.973,0.926,0.873,1.352,1.317,1.221,1.732,1.284,1.865,1.343,1.596,0.696,1.869,1.18,1.171,1.445,1.455,1.042,0.473,0.956,,1.135,1.167,1.436,1.91,2.748,2.127,2.516,1.46,2.448,1.697,1.061,1.673,1.388,1.518,2.064,1.311,1.337,2.783,2.152,1.531,2.535,2.079,2.044,1.271,2.373,2.505,1.786,1.127,0.235,2.002,0.413,,1.766,2.141,1.986,1.34,1.408,2.223,1.837,1.225,1.509,1.648,1.422,1.085,2.294,1.903,1.181,1.108,3.388,1.502,1.739,1.797,1.793,1.754,3.218,2.411,2.788,1.964,1.487,1.872,2.252,2.217,2.252,2.671,1.253,0.847,1.664,1.948,2.213,2.722,1.342,1.146,0.89,1.181,1.152,,1.417,1.413,1.774,1.679,0.757,1.048,1.223,,1.604,1.583,1.583,1.809,1.842,1.442,1.831,0.949,0.993,,1.005,0.987,0.877,0.968,0.955,1.303,1.125,,,1.187,1.325,1.096,1.364,0.595,1.363,1.901,1.247,1.16,0.983,1.74,0.814,0.826,0.942,2.724,1.948,2.966,4.076,1.894,2.688,2.014,1.765,2.344,1.586,2.149,2.777,,1.952,2.612,5.111,4.061,,4.837,3.853,4.327,2.505,3.519,3.429,,4.592,3.059,2.222,,0.943,1.203,0.842,0.523,0.923,0.572,2.099,0.761,0.692,1.376,1.007,0.702,0.329,0.496,0.206,1.262,1.524,0.42,3.199,0.951,0.959,1.064,1.355,1.388,2.061,1.603,1.875,1.903,1.377,2.039,1.007,3.47,2.447,4.731,2.194,1.014,1.047,1.202,2.551,2.129,1.714,2.996,1.584,1.836,1.625,0.599,0.602,0.505,1.379,1.631,0.972,1.818,0.539,2.552,1.649,1.905,0.74,3.697,,1.411,1.056,0.951,0.713,,0.846,0.454,1.995,1.784,1.265,0.954,0.98,1.705,1.654,1.12,0.806,0.58,0.354,1.408,1.066,1.332,0.629,1.243,1.622,1.336,1.302,1.107,1.199,,1.291,2.492,1.241,1.536,1.026,1.569,1.125,1.054,2.17,1.576,1.099,1.511,1.373,1.428,0.821,1.084,0.876,0.654,0.172,0.521,0.212,1.709,1.523,1.742,1.49,,0.776,1.373,1.829,2.11,0.274,,1.131,0.938,1.001,1.255,0.936,1.115,0.776,0.891,0.671,0.828,0.833,0.353,0.804,0.009,0.57,1.125,0.8,1.023,0.807,0.611,1.072,0.414,1.068,0.856,1.003,1.061,0.907,0.769,0.738,0.737,0.012,0.693,0.568,0.774,0.791,1.412,2.132,1.783,1.591,2.075,1.069,0.828,1.904,1.589,1.881,0.848,0.973,0.77,0.787,0.864,1.357,1.308,1.431,0.872,1.091,0.988,1.301,0.962,1.054,1.323,1.417,0.777,1.31,1.357,,1.81,2.294,1.602,2.367,2.286,0.291,0.804,0.529,4.341,3.281,2.204,1.576,5.439,2.588,3.728,2.149,3.021,2.213,2.003,1.863,1.581,1.513,1.346,1.469,2.222,1.164,1.907,,1.744,1.986,2.006,0.798,0.659,0.716,1.261,1.197,1.337,1.151,1.384,2.561,1.912,1.578,1.726,1.349,1.392,1.37,0.781,1.103,1.381,1.046,0.753,1.743,1.613,1.917,1.197,0.908,0.905,0.956,3.22,1.963,2.142,1.276,0.855,0.986,1.137,0.794,1.475,1.351,1.607,0.221,0.586,1.136,1.617,1.487,1.58,1.534,1.659,1.056,1.28,1.169,1.214,1.221,1.278,2.304,1.241,2.375,1.734,1.961,0.588,1.094,0.772,1.567,0.879,0.92,1.133,1.228,1.14,1.057,0.887,1.021,0.857,1.306,0.805,1.67,1.868,0.309,1.628,0.068,0.348,0.605,0.695,0.757,2.633,0.581,1.108,0.888,0.981,1.569,1.316,1.362,1.082,1.286,1.791,0.58,1.392,1.609,1.423,0.717,0.796,1.075,,1.37,1.683,1.565,1.614,1.439,1.251,1.206,1.631,1.518,2.013,2.339,1.937,1.187,2.524,1.41,1.261,1.281,1.396,1.18,1.529,1.712,1.632,1.477,1.107,1.285,1.18,0.985,1.203,1.304,1.58,,1.408,1.396,1.559,1.801,1.458,1.83,1.091,2.038,1.503,1.354,1.255,1.47,3.079,1.508,1.129,1.257,1.434,1.28,1.24,0.775,0.826,0.912,1.061,,1.453,1.918,1.822,1.955,2.435,1.236,1.393,0.798,1.219,0.971,1.419,1.21,1.026,1.262,1.168,0.945,1.875,1.624,1.37,1.199,0.561,,0.575,1.335,0.054,1.139,1.433,1.245,0.564,0.496,0.983,0.382,0.624,1.31,0.686,0.746,1.115,0.712,0.819,0.464,1.351,1.048,0.276,0.334,0.614,1.942,,0.638,0.754,0.103,0.978,0.804,2.01,0.724,1.05,0.065,0.017,1.595,2.272,0.547,0.553,0.257,0.745,2.729,3.003,2.884,4.086,4.049,2.669,3.021,2.77,0.285,2.098,1.263,3.384,2.137,1.12,0.773,0.869,1.785,1.855,1.982,1.35,1.49,1.923,3.059,1.85,1.066,0.732,2.591,1.627,1.699,1.679,1.505,1.075,,1.937,2.749,1.438,1.72,0.979,0.72,0.598,0.788,1.378,1.185,0.675,1.226,1.616,0.988,1.306,0.606,1.954,1.299,1.062,1.06,1.9,1.518,0.913,0.491,2.904,2.671,1.608,2.407,1.11,0.898,1.425,2.712,2.331,2.104,2.274,2.944,3.191,2.193,2.544,0.492,0.761,0.867,1.734,3.017,2.71,2.156,0.703,1.973,1.258
20160203,17,AQI,64,33,46,52,46,52,52,49,33,40,33,69,,138,128,107,95,99,142,,,104,107,117,107,29,,70,79,53,71,81,75,112,51,53,43,42,57,50,29,69,22,45,42,149,132,139,150,127,110,130,129,133,137,35,28,60,51,33,30,34,28,27,28,60,53,63,59,88,149,112,189,193,135,168,178,205,216,92,,94,75,57,82,69,95,79,70,97,89,90,87,142,82,58,64,54,77,,74,77,69,72,89,,80,63,63,46,46,45,68,68,83,95,65,77,82,73,59,68,63,63,62,55,66,93,99,114,,108,113,112,103,75,80,122,221,92,43,105,52,122,75,42,89,62,125,128,133,120,130,120,102,125,107,115,62,64,54,62,107,54,94,87,80,89,78,92,123,137,162,162,91,100,83,84,95,80,88,114,107,119,102,128,113,,134,108,110,112,107,127,139,114,104,123,122,,113,105,132,108,79,103,118,149,169,156,156,143,159,139,165,94,168,175,155,148,134,124,62,158,137,148,143,149,152,143,89,77,104,92,129,,,99,127,85,107,102,99,114,158,130,,135,,150,130,,110,130,114,58,38,62,97,79,68,87,87,89,65,84,65,112,97,110,113,,115,137,125,,97,45,47,48,,46,44,30,49,42,64,72,61,79,51,70,85,88,78,110,118,105,105,100,,125,125,162,158,159,138,179,172,172,209,120,100,87,108,92,99,100,109,93,84,84,73,104,97,93,88,68,75,74,60,105,99,114,110,107,110,115,112,110,79,60,57,,55,52,60,53,58,65,58,59,58,57,55,64,50,54,67,49,49,45,65,65,55,50,61,49,54,48,74,77,53,59,67,53,52,67,50,54,73,60,,52,50,49,54,46,57,50,50,60,50,64,77,68,,94,82,80,79,75,75,82,108,52,54,55,55,58,70,90,84,75,99,83,68,98,77,70,67,62,85,70,90,77,82,134,103,88,100,104,,97,56,92,99,74,87,85,94,87,82,84,33,43,40,34,44,29,35,65,33,34,54,,47,105,140,216,134,193,98,196,99,120,107,79,127,130,89,105,90,75,92,68,109,107,118,109,103,266,114,92,92,,500,248,326,500,282,347,137,145,135,130,,105,132,95,103,115,65,110,178,169,99,134,100,99,122,98,47,37,23,32,33,89,94,94,69,73,62,58,77,65,85,67,99,75,93,83,59,56,55,52,137,122,104,140,147,150,114,,156,149,92,,102,115,129,128,119,97,128,,123,124,138,138,166,162,162,72,102,,90,70,74,105,,87,,94,99,100,80,117,,104,132,117,,58,62,57,114,82,89,,64,60,60,70,91,49,47,39,37,49,56,53,57,58,62,54,64,51,56,57,48,60,52,48,42,38,38,57,65,65,59,62,59,59,55,48,42,53,64,52,67,64,49,55,39,59,28,35,26,79,80,89,46,46,56,39,58,70,74,79,,87,95,62,195,55,38,62,50,43,52,56,80,59,31,30,30,29,,147,144,133,134,130,130,84,55,66,84,83,71,62,120,82,93,124,120,87,114,93,105,92,103,61,74,87,59,84,,57,38,39,54,53,61,68,78,79,77,69,82,62,59,107,72,78,99,89,87,119,123,118,80,119,68,52,73,84,80,100,57,99,118,70,72,95,67,84,95,75,119,73,95,105,49,104,67,99,78,68,122,125,110,113,88,88,99,102,115,87,175,198,173,179,170,82,103,93,100,83,97,90,84,98,68,93,113,92,90,123,120,108,83,93,108,112,108,73,83,82,79,87,99,95,,97,103,29,32,129,144,145,139,135,148,152,130,117,119,69,72,53,63,140,97,113,87,135,144,169,137,99,125,115,90,113,139,135,149,160,144,84,73,82,,68,51,46,112,239,149,205,99,108,129,124,50,60,72,56,118,79,94,89,102,122,90,87,165,145,199,117,101,90,121,103,,85,135,111,134,103,178,159,319,88,126,115,114,104,98,139,148,137,99,162,169,94,93,53,57,59,35,120,122,73,79,120,122,89,57,67,53,77,72,117,127,118,84,82,,90,87,148,,54,55,89,99,142,120,104,102,102,125,138,149,173,,,119,129,82,74,108,115,,,88,85,109,70,108,67,64,78,90,72,73,54,53,57,54,43,63,64,49,48,67,39,73,66,56,98,,88,95,156,212,,127,130,47,53,46,54,,50,54,32,47,82,75,80,43,41,55,68,58,53,42,66,37,28,29,29,51,55,46,32,38,33,45,28,117,70,89,83,165,95,82,107,22,26,35,16,74,75,61,50,58,37,55,55,53,35,28,42,46,56,110,55,35,53,49,36,65,78,52,,150,67,63,49,55,47,70,78,101,78,108,54,35,52,43,52,62,59,75,118,27,35,77,73,105,85,113,105,,104,107,208,98,70,70,82,74,64,70,63,73,82,73,74,72,60,73,65,70,38,118,176,104,55,,46,87,62,90,55,,48,57,50,43,70,75,49,65,87,99,35,45,57,55,25,64,35,47,33,23,29,22,36,26,27,32,25,49,47,41,63,60,57,54,70,95,122,98,88,93,89,70,65,93,69,58,59,58,55,58,55,63,73,53,80,82,89,75,75,83,84,97,85,89,,63,82,63,66,59,79,70,73,148,94,82,144,169,134,150,72,90,73,89,67,73,88,72,57,64,65,92,,102,80,74,79,68,71,60,64,62,56,72,88,102,85,84,72,84,88,65,84,92,85,87,84,92,112,85,90,92,80,78,88,70,72,52,64,60,55,123,107,80,92,87,72,78,70,79,84,77,89,102,89,104,98,120,97,113,100,108,80,56,89,103,103,54,48,62,52,52,73,90,98,73,83,134,95,72,75,109,74,192,162,59,57,75,62,84,73,68,78,90,92,74,60,77,85,43,56,63,85,90,90,,62,68,65,67,107,85,85,132,231,179,236,143,115,103,117,108,103,125,102,100,95,103,95,105,102,128,123,85,118,110,,104,175,172,183,150,163,182,120,165,144,60,62,80,50,93,145,128,142,155,17,25,28,57,,49,42,48,49,46,59,93,67,70,52,58,70,74,54,69,74,40,43,30,51,73,,75,64,46,49,46,36,27,30,26,36,45,41,30,32,29,37,54,32,32,32,40,70,55,59,,59,55,26,22,29,29,500,500,48,146,14,86,62,19,27,23,165,201,168,156,53,63,59,52,119,117,84,57,59,68,70,62,49,78,102,51,74,72,51,92,122,135,72,,70,40,80,92,,74,56,68,59,75,166,61,70,64,500,103,102,102,46,55,39,72,88,67,104,115,60,62,42,139,282,88,124,59,68,143,115,180,135,98,87,113,205,147,56,63,28,159,282,354,54,48,104,59
20160203,17,PM2.5,46,23,32,36,32,36,36,34,23,23,23,50,,105,97,80,71,74,108,,,78,80,88,80,,,28,58,25,50,55,55,83,26,23,26,13,24,35,14,40,,15,4,114,100,106,115,96,83,99,98,101,104,10,6,5,12,2,21,11,11,9,9,28,32,45,42,65,114,84,142,145,103,127,134,155,166,68,,70,55,40,60,46,71,58,47,72,66,67,64,68,60,37,46,35,56,,54,56,50,52,66,,59,41,45,32,29,23,49,49,61,71,30,56,60,51,42,49,45,45,41,39,43,69,74,86,,81,85,84,77,55,59,92,171,68,30,79,36,92,55,16,66,44,95,97,101,91,99,91,76,95,80,87,44,46,38,44,80,38,70,64,59,66,57,68,93,104,123,123,66,75,61,62,71,59,65,86,80,90,76,97,85,,102,81,83,84,80,96,106,86,78,93,92,,85,79,100,81,47,77,89,114,128,119,119,109,121,106,125,70,127,132,118,113,102,94,44,120,104,113,109,114,116,109,66,56,78,68,98,,,74,96,63,80,76,74,86,120,99,,103,,115,99,,83,99,86,41,24,44,72,58,49,64,64,66,47,62,47,84,72,81,85,,87,104,95,,72,31,29,33,,32,27,21,32,26,45,52,33,58,,51,63,65,57,83,89,79,79,75,,95,95,123,120,121,105,135,130,130,159,91,75,64,81,65,74,75,82,69,62,62,53,78,72,69,65,49,55,54,43,79,74,86,83,80,83,87,84,83,58,43,40,,39,36,43,37,38,47,41,42,41,40,39,46,31,38,48,34,34,31,47,47,30,35,38,34,38,33,54,56,37,42,48,24,,48,28,19,53,43,,36,35,34,38,32,40,35,35,34,35,46,56,49,,70,60,59,58,55,55,60,81,35,34,35,39,38,51,67,62,55,74,61,34,73,56,51,48,44,63,51,67,56,60,102,77,65,75,78,,72,34,68,74,54,64,63,70,64,60,62,18,14,19,14,18,12,24,11,3,12,12,,10,79,107,166,102,145,66,147,48,91,80,56,85,99,66,79,67,55,68,49,82,80,89,82,77,216,86,68,68,,414,198,276,398,232,297,104,111,103,99,,79,100,71,77,87,47,83,134,128,74,102,75,62,92,73,16,24,7,17,15,66,70,70,50,53,41,39,56,47,63,48,74,49,69,45,39,33,39,23,104,92,78,107,112,115,86,,119,114,68,,76,87,98,97,90,72,97,,93,94,105,105,126,123,123,52,60,,67,51,40,79,,64,,70,74,75,59,88,,78,100,88,,41,41,36,86,60,66,,46,43,43,51,,24,24,26,25,27,34,37,40,41,44,38,46,20,38,40,32,43,35,33,29,26,26,40,47,47,42,44,42,42,39,33,29,37,46,36,48,46,32,39,27,42,16,24,18,58,59,66,20,32,28,26,32,51,54,51,,64,71,44,146,39,22,44,35,30,24,36,59,32,18,6,5,7,,112,110,101,102,99,99,62,39,32,49,61,35,42,91,60,68,94,91,64,86,69,79,68,77,43,49,64,42,62,,40,23,24,24,26,31,49,37,58,42,50,60,44,42,80,52,57,74,66,64,90,93,89,59,90,49,36,53,62,59,75,40,74,89,48,52,71,45,62,71,55,90,53,71,79,34,78,40,74,57,49,92,95,83,85,65,65,74,76,87,64,132,148,131,135,129,60,77,69,75,61,72,67,62,73,49,69,85,68,67,93,91,81,61,69,81,84,81,53,61,60,58,64,74,71,,72,77,14,7,98,110,111,106,103,113,116,99,88,90,35,49,29,45,107,72,85,64,103,110,128,104,74,64,87,67,85,106,103,114,122,110,62,53,60,,49,35,32,84,189,114,155,74,81,98,94,28,43,52,33,89,58,38,66,76,92,67,64,125,111,149,88,63,41,33,56,,63,103,32,45,52,134,121,269,65,66,51,62,78,73,106,113,104,74,123,128,70,69,31,40,38,24,91,92,53,58,91,92,66,34,48,37,56,44,88,96,89,62,60,,67,64,113,,19,19,66,74,108,91,,76,76,95,105,114,131,,,90,98,56,53,81,87,,,65,63,82,51,31,44,46,57,67,52,53,29,26,40,23,24,21,18,18,33,48,27,48,36,26,73,,65,71,119,162,,96,99,29,36,32,29,,31,32,18,32,16,19,32,30,26,39,49,38,37,13,16,25,9,15,3,31,34,25,22,26,23,19,19,88,51,66,61,125,71,60,80,14,16,18,11,54,55,43,35,40,19,24,39,37,13,16,29,32,35,83,39,19,23,22,16,45,57,36,,115,48,45,34,29,27,51,38,54,57,81,35,24,36,30,36,44,,51,89,13,24,56,53,79,63,85,79,,78,80,158,73,51,51,60,54,46,51,45,53,60,53,54,52,43,53,47,51,26,89,133,78,39,,32,64,44,67,39,,33,40,25,30,51,55,34,47,64,74,24,31,36,39,13,46,22,28,23,6,20,15,19,18,17,22,17,34,31,28,45,43,40,38,51,71,92,73,65,69,66,48,47,69,50,41,42,41,39,41,39,45,53,31,59,60,66,55,55,61,62,72,63,66,,44,60,37,46,42,58,51,50,113,70,60,110,128,102,115,48,67,49,66,35,53,65,52,37,45,47,68,,76,50,54,58,41,48,40,46,44,35,52,65,76,63,62,52,62,65,47,62,68,63,64,62,68,84,63,67,68,59,57,65,51,52,36,38,38,30,93,80,59,68,64,52,57,50,58,62,56,66,76,66,78,73,91,72,85,75,81,59,8,66,77,77,36,29,38,36,36,53,67,73,53,61,102,71,52,53,82,54,144,123,42,40,55,44,62,53,49,57,67,68,54,41,56,63,23,36,45,63,67,67,,44,49,44,48,80,63,63,100,181,135,186,109,87,77,88,81,77,95,76,75,71,77,71,79,76,97,93,63,89,83,,78,132,130,138,115,124,137,91,125,110,43,44,59,35,69,111,97,108,118,2,2,11,40,,34,29,32,34,32,42,69,34,51,33,41,51,54,38,50,48,28,30,21,33,53,,55,30,28,31,22,11,15,17,4,5,31,28,16,17,14,21,20,22,22,20,25,51,27,42,,42,28,18,15,5,5,103,86,15,,,11,44,13,11,5,125,151,127,119,34,37,42,36,90,88,62,40,42,49,35,44,34,57,32,15,35,32,34,68,61,54,52,,51,18,59,68,,54,31,49,12,55,126,41,44,12,21,77,76,76,24,39,27,44,49,48,78,87,38,44,13,94,232,59,94,32,36,70,80,136,96,48,64,85,155,112,35,21,14,121,232,304,32,28,78,42
20160203,17,PM2.5_24h,43,25,37,40,36,36,45,40,32,31,38,54,,120,117,88,92,99,124,,,79,88,104,60,105,,67,87,64,64,87,76,41,78,95,75,74,92,94,46,75,68,52,47,185,167,190,170,160,209,172,188,173,218,20,16,20,27,24,39,45,35,37,19,87,66,68,62,134,173,106,151,163,145,100,103,126,116,64,,43,82,90,50,50,58,85,74,76,86,109,90,58,61,58,80,114,102,,124,153,73,143,120,,142,65,63,43,49,34,45,48,57,64,33,91,92,79,92,87,69,94,96,82,81,88,98,113,,132,117,134,138,89,109,98,116,89,72,91,65,109,78,60,75,75,128,116,134,118,132,127,113,123,108,121,125,105,123,116,111,111,98,92,63,77,63,89,99,106,117,103,87,104,97,110,102,98,96,109,121,140,104,113,120,,123,130,119,120,126,142,149,137,136,134,145,,124,122,138,102,86,132,135,129,154,127,133,121,92,72,95,49,160,181,161,164,86,66,42,95,82,90,91,91,96,96,57,90,102,95,96,,,95,99,58,66,63,62,93,91,68,,81,,133,115,,71,92,79,67,66,71,87,67,69,73,67,69,58,73,57,96,54,94,97,,121,109,98,,94,24,25,24,,24,24,20,25,19,81,63,53,89,69,91,48,84,77,113,132,99,106,108,,107,121,75,95,87,78,94,98,101,103,96,83,84,85,94,94,86,91,76,71,89,105,108,103,109,107,104,95,115,75,95,94,90,97,82,108,106,99,90,79,40,37,,32,33,35,38,34,40,38,34,35,34,31,40,20,36,37,21,30,27,35,33,31,31,33,30,35,31,40,42,31,39,47,23,28,38,22,18,40,21,,38,37,34,28,31,35,32,34,29,28,31,45,33,,83,87,77,78,73,66,77,80,15,22,25,28,26,55,76,65,58,64,63,46,59,63,64,64,54,63,62,61,61,67,81,73,66,66,68,,69,69,70,73,64,73,57,54,73,66,66,52,35,24,51,50,61,49,61,45,33,21,,22,88,69,71,88,132,79,162,59,135,65,127,83,63,87,91,64,69,77,65,91,100,113,50,91,111,96,86,94,,287,328,262,313,271,327,91,109,104,95,,113,138,81,110,126,42,74,110,98,53,82,75,46,90,90,32,44,22,25,29,84,76,81,71,90,82,100,114,66,64,35,99,73,70,82,25,22,23,17,141,126,100,146,164,148,144,,219,199,140,,136,128,145,148,132,89,135,,128,136,185,147,189,225,167,62,49,,53,77,77,134,,108,,131,124,121,98,144,,186,121,102,,48,57,50,133,103,104,,44,44,47,46,50,21,21,23,20,24,26,28,29,29,29,30,29,27,30,29,27,33,19,34,27,18,20,45,44,45,31,43,28,44,37,44,15,18,20,27,26,29,22,31,25,34,35,39,40,118,107,113,53,55,45,47,63,82,110,121,,121,168,92,237,97,48,79,110,53,39,74,82,47,26,66,28,16,,74,80,82,106,109,82,43,83,69,75,98,43,107,77,114,111,100,72,83,98,81,95,83,84,72,48,90,65,58,,40,43,50,46,48,60,98,91,113,120,77,80,53,41,64,38,67,94,70,94,96,91,92,87,99,74,49,87,66,77,67,96,20,100,76,72,104,94,74,82,128,116,87,118,124,61,54,74,88,52,39,101,61,98,98,91,91,64,68,76,59,116,124,138,120,121,78,90,88,77,78,80,73,65,78,66,78,103,99,85,84,92,56,56,89,92,104,90,52,65,65,75,66,66,66,,68,77,8,8,74,83,86,85,122,125,132,117,109,104,64,63,47,61,94,84,78,87,103,108,109,103,63,75,86,76,84,106,96,104,113,107,62,62,62,,58,46,45,112,79,64,220,70,89,79,82,39,48,57,72,137,109,79,138,111,156,151,157,86,76,94,69,58,43,52,48,,91,133,82,78,52,110,141,121,86,77,61,59,128,138,96,91,148,86,105,116,71,73,147,124,99,97,70,55,100,94,104,119,91,55,80,71,67,41,113,118,105,74,87,,87,99,104,,60,63,132,74,118,117,127,100,112,126,129,98,97,,,70,63,62,54,75,78,,,58,63,86,73,56,71,74,97,100,85,79,38,29,43,62,53,82,49,76,62,103,88,166,90,54,70,,75,83,135,145,,148,99,73,47,78,32,,54,122,89,81,30,42,34,34,24,59,78,57,41,61,27,34,16,13,7,47,48,38,93,78,54,91,101,64,74,74,70,129,90,89,94,88,44,70,50,82,76,76,103,110,90,102,92,86,38,41,44,36,57,84,47,21,44,60,19,35,57,48,,67,50,59,41,40,49,26,52,48,52,65,34,58,108,56,34,40,,74,87,68,25,88,33,112,118,128,131,,135,113,118,39,60,76,104,84,68,78,66,74,70,72,92,88,73,83,64,71,45,172,154,166,68,,55,86,98,97,50,,42,52,58,56,54,59,49,57,55,88,22,26,27,29,14,28,26,30,25,7,23,18,23,17,15,18,20,27,35,31,46,62,60,62,58,68,112,99,95,94,82,62,68,78,64,48,61,67,63,59,49,62,66,33,75,66,70,62,61,76,90,77,72,87,,43,51,39,31,46,60,62,59,96,77,69,131,143,116,113,85,101,95,118,49,72,94,81,73,81,77,85,,89,76,82,94,88,97,71,100,73,76,80,85,94,79,88,32,58,66,47,76,94,85,75,99,102,120,83,83,97,75,77,86,91,93,75,78,76,61,89,73,52,66,67,81,82,87,80,94,91,93,105,95,101,98,87,70,75,73,89,74,144,101,83,86,56,51,48,57,64,62,72,73,64,70,60,92,54,77,89,46,82,94,42,35,50,43,65,59,55,74,68,74,58,48,62,68,22,33,40,64,79,62,,65,85,77,35,39,66,69,85,119,115,144,89,74,64,73,76,84,76,70,110,103,100,102,75,78,75,69,48,58,60,,63,86,91,91,92,90,121,93,122,100,64,89,119,59,48,71,73,77,87,13,30,17,44,,44,62,78,73,88,41,54,51,50,50,48,59,62,51,46,39,61,63,25,28,60,,47,41,35,43,21,23,27,23,29,29,53,40,25,25,42,45,52,39,23,27,41,51,31,52,,33,35,12,15,34,31,46,82,16,17,,87,20,24,8,12,134,148,149,146,40,64,73,60,79,102,91,48,43,65,54,37,37,49,40,29,60,63,49,88,65,54,63,,67,23,67,58,,99,58,44,19,61,99,37,45,30,24,127,111,103,30,80,72,58,64,57,95,100,46,41,15,130,332,46,75,47,47,54,102,161,104,72,109,81,93,105,25,8,20,108,188,333,51,25,86,36
20160203,17,PM10,52,31,37,43,,50,43,42,33,40,,73,,133,137,103,106,120,152,,,99,116,102,116,,,90,99,55,91,111,92,174,51,55,43,42,63,48,29,87,,45,42,166,152,156,164,133,107,120,155,152,146,35,28,69,51,33,,34,28,27,28,70,55,58,54,117,119,149,165,194,137,164,193,183,212,82,,87,70,58,92,87,109,86,89,117,105,71,98,234,93,66,69,57,76,,77,76,80,75,123,,86,75,67,46,46,45,79,69,88,99,80,101,97,95,66,70,73,74,73,50,82,75,99,109,,103,106,129,122,93,77,108,175,78,42,83,51,,56,42,,,132,142,137,118,114,128,129,141,111,,,,39,50,122,41,72,80,94,94,78,81,146,170,125,141,132,106,102,101,106,95,111,130,117,151,118,129,124,,129,93,116,113,104,123,132,111,114,146,144,,87,153,122,113,107,108,,132,167,167,160,158,158,127,169,120,162,205,150,142,142,130,53,158,136,166,153,154,173,178,94,82,107,92,137,,,93,146,79,103,96,94,105,144,164,,148,,117,119,,151,117,,61,32,54,,,56,96,87,108,65,75,61,93,,169,,,,,,,,38,47,48,,,44,25,49,42,78,72,72,69,51,,,,64,121,152,127,141,102,,137,157,159,156,149,163,175,232,,207,181,95,105,98,134,98,108,104,96,107,,56,91,,,,,81,77,,99,,,88,87,86,100,,84,79,63,55,,48,41,,46,65,56,49,42,42,51,46,48,50,41,,35,40,36,60,68,60,47,72,34,49,45,62,56,45,45,55,55,54,54,50,58,57,53,,44,40,42,52,40,45,47,47,70,50,64,56,,,83,68,84,87,67,80,90,120,54,57,60,57,65,71,83,69,59,,66,86,,,56,62,51,68,60,,65,82,118,95,96,102,90,,91,62,88,77,95,85,103,93,83,93,108,33,43,40,34,44,29,24,80,26,29,57,,47,126,201,,170,217,145,173,148,133,145,108,203,164,96,109,98,86,106,70,119,118,131,125,88,,148,97,99,,616,,,672,,350,153,194,148,166,,103,142,101,120,92,69,97,166,137,113,143,121,147,131,98,47,37,14,25,33,115,95,104,78,92,73,65,64,75,77,70,110,100,108,115,68,62,50,53,133,118,124,173,142,140,159,,183,181,110,,117,130,132,126,114,131,136,,156,100,138,121,194,146,163,79,154,,92,80,97,113,,95,,125,79,81,82,135,,120,119,136,,61,74,63,128,106,107,,49,52,60,,131,49,47,39,37,49,61,46,51,48,58,44,,51,61,56,48,46,53,39,35,30,27,,50,49,53,50,54,,49,44,39,50,61,44,61,52,49,42,30,44,28,27,24,91,95,96,46,44,62,39,66,,80,80,,80,77,59,,,38,45,,33,54,61,86,68,31,30,30,20,,160,178,173,161,147,144,83,58,82,117,93,91,73,129,101,136,160,164,92,135,105,114,,,71,98,101,65,88,,52,38,39,57,56,45,84,106,94,103,66,64,67,57,82,61,96,74,89,96,91,97,,89,125,52,36,74,,,148,,79,118,90,67,,83,99,95,92,102,93,101,102,47,129,83,100,66,69,114,,100,95,90,67,100,99,121,99,175,182,,160,181,83,112,79,94,69,77,86,78,81,60,82,93,,73,109,118,90,66,,100,111,104,58,68,69,70,78,101,92,,112,93,21,21,114,126,128,116,117,,133,122,,104,87,93,56,65,,100,91,94,117,116,,136,133,199,111,117,109,129,149,136,142,159,82,56,,,49,51,43,132,198,154,180,113,100,100,130,50,48,74,62,91,80,137,110,130,109,114,94,176,179,200,129,152,129,192,156,,94,142,171,218,155,197,200,338,111,202,180,178,103,91,137,164,154,114,178,163,91,119,55,51,68,32,119,146,85,87,157,144,92,64,72,47,88,94,122,129,122,100,82,,69,88,165,,57,59,78,94,142,135,157,,,121,120,161,156,,,119,111,113,98,105,107,,,76,96,117,84,,84,48,69,,69,86,57,56,,57,43,76,77,49,45,59,27,96,42,62,92,,70,93,125,,,138,178,47,55,39,58,,50,58,32,47,113,99,109,39,41,59,69,65,,42,82,37,22,21,20,52,59,46,,38,,45,23,117,83,75,95,,112,89,,22,26,25,,76,82,72,43,65,37,59,58,53,35,28,29,43,61,90,57,35,37,49,29,79,81,45,,136,62,46,39,60,47,64,106,151,74,94,57,33,40,34,52,48,68,99,102,27,26,,82,108,82,101,81,,,108,,115,72,68,79,69,78,66,74,91,71,68,,62,45,,57,60,37,99,,80,49,,39,65,59,74,44,,40,51,50,42,90,59,36,68,94,98,,33,63,50,25,,35,47,31,13,22,,36,,27,26,22,41,47,41,53,51,58,51,59,99,115,98,101,97,87,89,60,106,67,55,49,49,42,,44,56,63,55,63,64,80,62,76,81,96,74,65,123,,75,82,75,82,66,85,86,96,120,,60,,143,132,152,94,120,96,91,83,96,82,88,63,77,68,108,,104,109,75,75,85,92,69,47,60,62,72,93,103,76,78,62,71,79,65,70,111,84,73,70,88,124,103,88,89,72,86,90,64,73,54,77,69,60,96,87,93,99,71,79,75,90,79,89,91,68,97,89,108,112,,80,143,104,114,77,62,,84,104,57,48,74,36,54,59,73,114,81,100,,89,79,99,97,81,199,211,44,41,56,57,75,64,66,93,74,75,71,69,72,78,43,61,,71,79,78,,45,66,79,59,,73,68,172,191,145,214,120,98,102,112,90,85,102,120,83,79,89,97,,86,,100,86,100,110,,107,174,163,150,183,146,206,167,191,190,63,70,74,44,111,116,117,149,133,7,4,28,44,,41,38,48,46,46,51,94,83,85,53,61,61,66,54,86,98,38,41,26,52,72,,58,77,46,49,46,36,27,19,26,36,38,41,27,31,29,37,58,22,29,32,40,51,60,58,,66,60,,,29,,648,665,48,159,,122,,,12,6,132,156,141,153,56,75,68,54,125,112,92,58,47,69,89,48,44,61,153,51,97,93,51,88,194,219,93,,69,40,,86,,70,61,51,67,68,175,72,89,78,748,100,120,99,46,49,39,94,126,70,154,125,70,59,42,228,386,125,150,68,85,236,180,213,220,145,124,148,190,,62,75,28,174,338,360,58,48,,53
20160203,17,PM10_24h,57,30,50,46,,47,55,53,48,50,,83,,179,159,113,133,137,161,,,122,134,141,103,116,,120,121,119,108,133,107,84,124,133,124,118,127,111,71,122,108,106,102,265,227,253,270,205,261,212,231,233,261,45,42,54,61,41,60,66,60,69,42,145,89,81,81,178,197,199,200,209,181,134,156,158,163,92,,58,111,130,83,98,92,129,119,118,123,180,120,97,103,94,124,150,155,,194,214,120,193,215,,185,96,84,61,75,61,67,75,80,89,45,161,138,131,120,106,94,128,131,109,131,104,120,129,,155,155,175,187,128,132,122,156,106,85,105,82,125,84,79,91,93,179,175,192,159,180,181,166,194,155,112,149,142,157,149,184,136,125,105,102,110,85,121,157,186,146,146,168,158,167,177,158,154,157,213,204,221,175,143,177,,156,152,170,159,168,181,198,182,196,191,208,,167,188,158,147,170,186,161,153,195,181,202,185,139,106,125,98,194,205,205,221,121,90,51,137,104,136,131,128,147,148,81,122,142,136,137,,,124,146,73,86,79,79,124,114,110,,111,,148,142,,123,107,,106,88,84,96,80,74,99,89,106,72,80,78,104,77,127,114,,167,117,106,,110,31,35,33,,19,35,24,40,32,115,104,82,107,81,85,58,105,112,143,202,147,185,139,,159,186,99,136,120,133,128,182,162,154,150,142,132,125,141,149,133,121,116,100,110,148,137,140,145,125,123,149,163,,115,136,143,99,92,132,95,142,102,75,50,46,,37,40,31,44,47,43,42,40,43,41,33,41,37,38,40,24,38,33,43,43,50,37,48,31,42,36,44,45,36,39,59,39,40,41,39,41,44,40,,40,41,37,36,39,41,41,42,42,39,40,56,39,,96,103,101,108,81,83,104,113,26,40,38,38,39,64,84,72,65,71,72,65,73,74,76,74,64,68,77,80,77,80,98,92,93,88,78,,86,110,81,84,93,82,84,77,88,99,106,80,62,39,96,73,110,104,167,145,116,69,,67,144,134,123,149,181,167,216,145,186,124,191,154,132,157,133,99,109,112,90,130,140,164,82,130,163,144,130,130,,467,398,306,548,318,430,130,191,142,137,,143,161,117,144,133,62,93,187,108,78,110,138,95,126,130,63,68,39,41,56,137,103,117,99,131,122,146,144,83,80,52,146,125,117,143,37,36,29,27,216,171,180,225,229,215,225,,304,285,188,,192,197,186,214,179,158,223,,219,118,229,170,262,325,216,93,88,,76,105,147,197,,157,,202,151,151,149,238,,291,167,160,,65,89,78,183,151,160,,50,50,60,55,78,36,35,36,28,36,45,38,37,37,36,36,31,41,43,40,37,36,33,42,30,25,24,46,47,50,36,47,37,45,45,45,19,26,27,37,34,38,33,38,28,39,51,55,56,167,152,156,104,82,96,59,93,96,158,179,,169,224,171,277,100,95,119,119,33,81,162,171,106,54,108,52,35,,111,134,140,178,172,131,57,113,150,133,128,97,160,104,179,187,158,130,105,117,119,124,125,119,92,81,156,94,77,,50,55,74,81,58,82,141,140,158,201,96,86,79,51,73,59,80,106,91,125,115,114,119,123,122,111,90,116,78,93,104,117,46,137,108,139,158,134,95,113,180,206,144,191,190,72,111,109,105,78,62,158,87,154,148,129,112,110,120,147,97,157,158,121,148,158,117,155,114,111,89,100,102,87,82,75,99,116,170,88,134,110,66,65,,95,103,111,58,73,72,72,70,90,83,,93,88,15,14,89,103,100,101,139,137,148,139,119,121,114,117,83,89,109,120,107,109,123,124,129,139,98,120,113,95,119,131,140,130,138,169,82,66,69,,67,69,58,158,180,155,260,104,106,102,105,66,77,87,112,155,162,223,192,194,204,213,184,125,126,121,105,116,101,151,145,,144,196,222,129,140,159,226,264,169,249,235,246,177,190,146,132,206,140,132,152,115,112,185,152,167,145,95,92,136,137,164,167,134,79,104,95,105,102,157,155,141,116,117,,99,135,140,151,107,112,115,94,158,166,167,111,106,154,155,137,131,,,114,100,118,101,98,101,,,91,89,118,96,70,123,117,131,118,105,128,56,61,55,142,132,155,180,135,112,124,106,240,137,88,99,,96,119,145,177,,208,174,145,62,94,68,,106,182,122,132,85,99,79,50,37,86,137,91,51,83,52,54,26,20,17,67,66,53,137,125,80,146,135,95,135,99,146,174,126,133,132,64,61,86,58,102,100,102,124,133,142,194,116,107,64,66,59,54,82,104,52,31,59,94,31,52,97,101,,87,64,69,56,61,67,29,133,109,67,80,64,86,191,64,37,41,45,124,115,90,34,109,128,135,143,147,145,,180,136,,81,80,113,126,100,97,104,96,135,94,99,108,116,95,87,73,81,69,214,167,198,85,,62,102,107,112,67,,56,66,65,72,78,68,55,97,87,112,34,39,41,38,22,31,32,40,33,11,24,15,40,22,22,26,29,31,46,42,60,85,86,85,71,90,137,125,127,123,106,128,104,118,85,52,70,77,68,70,60,72,78,73,81,70,83,70,75,111,132,91,91,121,,99,103,92,100,75,89,100,104,125,95,82,167,188,178,161,155,202,170,166,113,122,105,130,108,127,124,141,,136,157,120,132,126,145,103,154,106,112,101,118,113,95,106,45,76,79,67,97,111,100,99,116,138,172,128,116,119,111,123,127,114,119,101,114,133,100,98,87,88,83,82,90,101,105,99,107,107,107,113,118,127,118,,95,110,118,128,108,109,134,138,125,82,71,90,70,96,85,98,126,110,136,77,109,117,97,115,79,123,154,44,38,60,51,76,68,63,84,73,81,61,66,66,75,40,58,49,76,87,69,,53,105,101,66,63,73,73,157,144,127,180,108,91,88,97,89,99,89,95,130,122,138,148,73,93,86,95,60,83,79,,94,107,111,109,144,119,185,162,190,175,92,132,141,75,87,97,103,118,113,21,37,29,46,,53,77,114,91,118,55,80,76,71,55,68,68,72,63,66,84,74,87,33,49,80,,57,96,56,64,44,40,33,31,44,61,66,61,36,36,72,61,82,54,33,68,59,52,39,82,,43,49,17,24,64,,266,278,69,72,,144,35,57,17,16,155,163,149,171,69,115,106,93,98,147,107,74,55,83,98,41,47,66,129,65,107,112,69,118,181,200,87,,99,55,77,78,,134,116,64,104,93,140,62,84,61,74,123,156,124,100,87,85,99,131,82,160,146,105,84,33,309,475,102,138,90,105,156,168,201,173,188,192,100,104,146,41,18,22,163,292,376,83,33,94,41
20160203,17,SO2,24,10,20,23,18,19,25,14,15,15,19,26,,70,70,41,34,25,72,,,44,39,40,23,42,,108,102,56,98,114,103,107,16,18,15,24,28,15,35,71,65,20,7,66,19,83,94,98,63,91,62,72,69,15,16,30,28,12,13,9,9,10,12,25,29,41,35,50,48,93,69,81,67,200,190,197,193,97,,277,82,74,192,114,270,208,53,61,49,160,58,29,42,28,40,31,29,,84,104,87,128,93,,42,41,78,34,58,86,51,84,30,35,11,128,156,150,42,130,23,110,50,26,12,33,36,78,,123,119,19,76,86,22,40,112,35,25,27,29,21,35,10,28,34,29,32,30,38,35,26,26,23,22,22,13,14,16,11,21,16,22,32,28,26,32,22,46,57,38,42,76,39,34,22,35,26,13,23,21,33,28,28,26,,27,25,27,24,32,46,27,30,34,28,35,,35,33,33,22,18,17,31,28,37,30,38,64,32,28,32,40,29,32,32,29,26,24,12,24,13,30,26,24,39,30,18,19,17,24,30,,,18,26,15,10,10,16,27,30,43,,33,,16,33,,18,20,14,12,5,8,13,20,9,14,14,14,7,193,9,45,30,23,34,,20,30,30,,40,5,11,5,,5,4,2,4,4,8,9,11,8,12,10,12,20,8,29,56,36,40,38,,60,39,8,63,45,53,54,47,40,48,77,50,42,62,45,34,52,52,37,75,11,8,25,15,22,18,20,21,22,9,6,9,8,10,10,12,13,53,8,5,4,3,,11,3,4,7,2,7,5,6,6,5,5,6,40,8,6,6,7,2,8,9,12,13,7,10,20,7,4,5,5,8,9,10,11,17,16,5,4,3,,6,5,11,2,6,7,4,4,4,9,3,7,10,,16,13,12,19,16,16,13,23,4,3,2,3,8,5,9,7,20,12,16,3,14,14,18,19,8,13,17,16,15,22,12,8,20,9,8,,7,10,31,49,30,25,65,66,59,32,43,9,6,7,5,22,9,3,7,6,9,4,,7,61,71,40,49,23,56,54,40,29,31,54,70,44,44,51,23,45,38,15,27,24,23,178,172,189,178,122,242,,8,65,88,10,152,86,40,23,41,70,,16,114,29,13,31,39,13,51,29,31,42,38,23,53,71,29,28,9,7,18,85,57,54,24,182,26,104,43,36,43,28,122,167,88,269,9,5,7,4,72,44,60,61,68,64,66,,45,51,25,,33,36,23,24,68,68,53,,77,67,48,51,131,21,45,31,36,,36,36,40,85,,64,,65,31,23,26,41,,40,55,46,,25,33,42,89,103,116,,17,11,7,6,15,16,8,7,12,6,11,8,7,12,8,15,9,9,6,7,4,6,2,6,8,7,8,3,2,6,4,6,6,6,9,14,8,9,4,3,6,3,1,23,14,14,9,6,7,32,27,30,21,63,22,20,41,25,145,351,,85,90,13,41,18,49,15,38,67,47,71,67,66,26,23,13,15,,140,160,154,99,94,109,51,117,117,98,65,75,72,156,72,83,98,138,58,87,158,75,167,251,49,43,53,41,37,,36,14,67,118,22,223,33,61,77,73,25,13,22,16,23,21,7,11,30,7,29,22,23,16,20,8,12,12,7,14,35,20,26,104,74,53,65,46,73,37,73,92,60,74,123,41,35,34,24,130,142,111,122,28,36,30,55,79,53,103,36,22,31,18,39,26,36,52,38,13,8,41,41,27,26,10,14,17,21,10,5,20,12,5,17,21,9,17,9,8,10,6,8,17,14,,23,13,3,4,5,9,11,10,15,20,11,22,14,12,38,88,32,41,16,21,15,14,6,11,13,7,7,5,9,5,6,7,6,6,13,5,27,18,14,,20,11,27,8,48,32,34,81,79,54,54,24,21,80,24,22,19,28,34,28,24,30,26,29,106,92,43,13,13,40,26,,256,214,212,121,15,53,14,4,12,27,7,16,69,62,38,41,60,73,42,45,45,46,43,32,54,34,55,29,26,48,54,53,17,24,36,37,63,83,23,19,20,24,23,,22,19,27,,12,18,33,24,39,43,57,24,16,30,28,28,28,,,15,13,14,11,20,21,,,179,89,62,16,20,41,16,23,26,31,32,7,8,8,73,56,49,60,38,141,82,85,127,257,70,70,,43,106,239,133,,148,176,1,60,18,29,,29,18,12,2,23,15,5,15,7,33,110,102,126,49,97,9,5,23,87,6,14,11,11,11,10,9,11,58,49,36,42,68,29,20,24,61,64,48,22,24,39,28,52,45,13,20,63,43,13,24,43,23,24,45,25,42,10,53,14,42,28,62,,32,25,36,21,20,32,7,45,49,17,65,18,6,,31,48,64,54,44,32,18,12,7,15,12,37,52,20,,6,15,27,25,10,28,92,47,19,7,5,53,6,9,27,1,12,32,6,5,16,6,21,16,28,,27,25,17,38,26,,34,29,20,23,13,16,7,17,16,21,2,6,6,5,5,7,5,6,6,,15,16,8,8,5,6,8,6,8,2,3,3,4,3,4,15,24,37,21,22,2,10,18,20,15,64,18,25,23,14,13,24,10,7,18,7,19,9,16,30,24,15,65,33,,10,11,10,14,4,12,14,11,97,63,57,69,83,74,98,23,32,27,21,30,27,31,37,60,69,29,79,,46,59,42,20,31,32,25,22,30,36,26,18,14,34,2,20,11,55,28,30,31,25,22,9,6,34,33,15,30,20,21,16,8,12,5,5,7,3,17,12,11,8,5,11,13,12,10,10,14,10,15,11,17,18,2,9,21,16,21,6,15,20,3,26,13,13,12,13,7,4,10,33,34,23,16,16,26,9,3,15,52,38,14,43,8,5,5,4,2,24,11,15,12,17,19,24,8,6,13,10,18,17,,12,14,14,20,15,9,12,17,42,43,43,15,7,5,10,15,7,12,18,4,8,9,7,3,10,1,4,34,8,10,,9,6,23,5,26,127,17,11,10,6,3,4,8,10,9,22,15,32,21,13,6,3,10,,11,14,18,15,28,9,9,,17,,14,48,25,9,30,15,11,9,26,5,19,,12,20,6,12,34,1,11,5,3,12,4,2,18,16,4,5,9,1,4,3,4,6,11,6,,12,7,12,3,8,5,3,4,9,3,41,26,7,16,11,7,40,45,46,39,31,43,45,36,18,45,17,21,21,16,32,,74,19,30,46,16,67,15,26,28,18,28,,55,31,12,22,,30,54,17,23,20,60,12,15,4,29,176,193,168,6,45,30,36,38,29,40,26,5,4,1,28,66,96,36,18,12,6,11,14,16,40,59,38,70,25,5,126,47,14,9,14,23,9,178,11
20160203,17,SO2_24h,23,15,18,18,18,18,34,15,12,22,25,30,,74,75,62,49,33,70,,,54,48,54,24,60,,120,106,69,116,110,103,74,46,51,40,50,56,52,69,107,64,84,61,111,133,178,135,131,123,107,119,97,139,38,33,40,57,28,26,23,20,39,29,49,44,45,59,120,98,127,94,89,86,176,154,193,155,67,,136,128,154,125,139,132,333,47,95,51,80,68,33,63,26,66,81,77,,124,295,110,132,328,,223,149,110,99,103,79,56,93,65,95,16,165,149,72,74,108,40,51,47,28,48,62,66,66,,121,159,20,110,124,68,81,91,29,26,27,26,20,26,19,26,30,22,28,29,38,31,22,28,18,16,21,22,24,27,16,22,26,22,25,24,29,21,22,53,55,82,46,80,52,35,27,46,35,15,31,21,32,29,29,35,,26,27,32,27,35,33,27,34,38,31,41,,28,41,31,23,24,22,46,33,34,28,36,63,27,21,27,27,38,34,36,28,14,13,10,16,10,17,18,17,26,18,12,23,20,30,26,,21,24,21,6,4,5,11,25,20,23,,20,,20,35,,14,15,13,15,23,9,11,14,8,16,12,12,7,17,5,41,31,27,25,,12,36,37,,29,6,11,5,,6,5,2,5,3,21,21,16,16,23,21,9,27,20,40,91,44,72,67,,74,56,10,67,51,60,49,55,63,51,87,60,38,70,79,36,51,67,47,48,12,15,19,21,22,27,23,27,20,17,8,12,9,12,15,12,15,57,8,5,3,2,,11,2,4,5,2,6,5,13,5,5,5,6,16,8,6,5,7,2,7,9,12,11,7,7,8,6,4,6,4,9,9,9,8,14,12,6,5,4,,7,6,12,4,8,6,4,3,4,7,2,5,9,,17,17,14,18,15,13,10,17,4,2,2,4,10,6,10,10,19,14,18,11,11,14,22,20,7,13,16,17,17,16,11,9,17,8,8,,8,14,31,47,32,30,49,52,59,34,42,14,9,11,7,25,14,7,13,13,8,6,,8,48,35,28,41,12,50,32,41,18,42,39,32,21,36,37,20,38,44,24,40,27,22,118,120,170,141,172,183,,8,29,30,20,50,22,89,39,81,63,,63,95,31,22,44,26,16,90,6,59,87,77,48,90,91,67,49,18,12,41,61,79,54,67,101,75,104,158,46,46,31,132,146,116,151,7,5,7,2,118,82,108,90,107,93,67,,99,78,55,,63,66,42,50,114,118,102,,117,95,95,60,76,27,68,34,53,,42,39,45,133,,101,,113,64,56,60,79,,109,69,50,,50,41,44,109,115,90,,18,10,8,8,14,18,17,10,9,7,8,7,12,10,7,11,7,10,6,7,20,6,2,6,7,7,7,4,2,6,4,6,6,7,8,13,7,8,4,2,3,4,3,31,15,19,11,8,8,43,37,47,42,155,90,50,221,177,267,256,,184,253,58,79,81,123,55,100,100,102,204,154,116,55,157,50,42,,99,108,112,114,83,91,39,88,88,51,52,42,143,111,175,125,176,103,51,105,136,65,175,232,63,38,82,48,36,,21,49,99,73,15,96,38,70,81,84,17,36,22,28,39,29,14,21,33,7,26,15,28,15,17,37,40,38,25,41,23,42,31,92,71,72,87,71,76,40,106,174,114,147,158,47,60,38,49,79,94,74,82,46,49,49,62,78,56,91,40,17,20,13,23,23,48,89,44,16,19,16,36,14,17,14,27,15,25,10,6,10,5,4,20,20,16,18,9,8,11,7,8,17,17,,23,13,3,4,5,8,10,8,15,21,12,25,16,11,35,84,40,30,9,17,13,14,8,13,16,10,6,4,8,6,7,7,6,12,32,6,32,18,30,,31,13,22,19,34,20,16,51,65,44,51,35,49,85,114,26,16,33,31,31,33,41,25,15,46,49,31,57,23,61,14,,229,283,243,140,7,10,7,2,8,22,4,13,95,76,44,45,126,80,57,46,41,41,141,73,89,56,67,46,22,54,89,103,19,26,32,41,42,53,26,19,38,26,27,,19,18,25,33,22,25,32,24,43,39,55,27,18,30,27,22,23,,,12,7,11,10,13,13,,,75,128,30,15,16,40,19,44,31,34,34,8,9,8,184,204,151,204,221,173,197,226,340,235,123,70,,35,135,193,181,,230,303,49,67,36,83,,145,164,103,137,42,44,14,10,5,37,167,50,35,58,39,15,8,35,57,28,35,25,104,130,137,140,91,49,77,63,97,131,61,80,78,172,39,74,42,88,77,73,60,67,82,128,102,106,37,23,21,14,31,40,23,35,16,50,20,22,25,54,,30,29,36,24,22,24,9,43,26,13,45,21,5,,36,57,52,43,102,83,46,24,16,21,8,31,42,23,,5,23,35,33,13,33,40,43,25,11,11,37,12,19,50,1,33,45,11,5,9,7,22,19,50,,23,35,15,46,17,,20,18,25,28,9,10,6,19,11,24,2,5,5,6,3,8,10,6,6,,11,16,7,7,4,6,7,6,9,5,4,5,5,6,5,5,23,37,21,11,3,12,25,25,16,48,22,29,22,20,13,25,18,16,31,5,18,18,8,19,12,12,35,22,,14,13,12,14,6,15,19,15,85,73,56,63,93,70,97,43,47,43,51,40,36,38,40,68,77,34,67,,30,51,31,26,40,37,37,29,48,53,11,19,9,96,3,15,11,19,21,54,61,31,23,24,25,45,59,28,46,29,30,23,11,17,5,6,5,4,26,17,29,7,9,11,15,14,13,15,14,9,21,12,22,20,3,6,26,31,31,8,14,19,4,26,11,12,14,10,9,28,20,54,61,17,18,31,25,13,8,7,32,19,12,38,9,5,6,6,4,33,12,20,16,25,20,26,8,4,13,8,17,17,,8,13,15,20,14,9,12,15,28,25,18,12,10,5,10,12,6,24,19,10,12,10,13,3,21,14,19,27,17,8,,12,8,19,21,23,42,12,22,12,6,2,4,7,8,5,17,12,22,17,12,14,4,18,,8,19,34,34,66,8,10,6,13,36,34,48,44,43,25,12,21,15,27,8,22,,19,31,11,17,41,3,12,5,3,12,7,2,14,14,8,13,14,3,5,3,6,7,13,7,,4,6,13,4,6,7,5,6,11,3,58,40,10,24,10,7,23,23,20,26,26,83,90,70,15,45,22,27,29,50,26,19,56,23,63,49,83,118,37,44,31,16,26,,82,92,44,20,,25,37,36,36,26,42,11,35,5,32,145,192,151,24,86,70,30,37,22,24,14,6,6,2,44,56,33,35,17,18,2,10,15,12,53,104,50,47,40,4,29,27,14,15,23,30,10,228,4
20160203,17,NO2,45,9,48,62,56,61,57,30,27,52,28,28,,52,51,49,42,52,66,,,70,43,47,35,32,,69,56,48,81,57,61,55,30,26,27,37,20,38,26,45,2,52,22,77,94,82,105,97,78,96,88,82,123,9,18,16,18,17,13,20,13,16,12,30,44,55,53,57,61,60,56,50,53,140,113,119,132,48,,52,40,29,60,40,78,52,27,31,44,21,36,37,28,23,28,39,40,,42,55,52,74,71,,23,33,59,35,41,30,37,62,29,52,13,72,63,78,41,65,20,31,41,23,20,23,48,164,,110,105,75,41,90,38,41,88,75,63,92,68,51,89,18,62,45,37,53,58,24,31,21,,27,25,42,44,49,57,36,52,36,51,22,42,23,48,49,36,14,16,38,61,60,34,41,24,29,25,39,33,11,28,27,54,,25,59,57,36,53,68,34,53,41,23,49,,37,31,44,19,34,20,30,25,30,31,23,26,21,31,30,54,64,56,34,31,54,76,21,40,52,50,61,65,35,62,36,46,44,31,49,,,44,40,45,34,25,41,30,41,76,,31,,31,36,,27,38,23,20,10,26,31,23,15,32,17,10,27,23,17,72,53,15,55,,12,23,19,,13,15,29,38,,32,30,7,27,21,32,19,15,6,16,29,16,24,26,11,30,31,79,34,,43,34,33,50,79,52,47,24,72,2,65,67,90,62,84,44,63,30,63,95,11,26,41,33,24,29,19,27,41,14,36,72,30,35,40,50,79,33,45,15,55,38,,27,26,46,18,52,11,26,10,48,56,44,47,42,24,45,16,22,25,23,42,46,30,37,28,35,20,58,54,18,29,8,50,34,32,40,27,45,24,,20,20,20,19,20,17,20,19,26,12,39,43,16,,22,36,60,16,14,26,25,53,9,10,12,13,8,30,58,56,57,51,39,14,49,47,39,39,33,54,36,46,45,74,50,33,46,42,58,,65,27,22,41,17,17,31,50,44,25,39,11,8,3,8,16,24,13,5,8,12,4,,6,86,146,117,87,50,48,86,57,50,60,36,107,39,30,33,21,24,22,43,26,33,11,49,43,20,50,35,49,,103,41,74,100,54,41,53,38,48,73,,41,35,42,36,26,12,23,64,62,22,34,22,13,26,39,38,17,8,8,20,75,66,64,52,81,21,38,19,58,49,32,33,58,75,65,36,38,35,24,38,35,61,42,38,31,27,,37,36,23,,44,31,27,25,48,75,43,,59,42,33,28,44,24,21,24,58,,63,39,49,39,,47,,44,33,21,17,52,,43,46,59,,38,41,55,43,49,37,,24,13,17,10,16,15,16,12,17,14,29,18,19,12,15,7,19,14,16,17,6,33,27,32,16,20,13,19,26,23,29,31,34,23,35,20,21,18,22,11,33,30,15,9,14,12,6,10,8,24,22,26,9,30,19,11,14,28,48,29,,2,26,19,41,11,37,10,17,53,17,44,34,30,10,20,18,10,,83,82,112,90,61,83,62,71,86,84,80,59,50,87,39,52,74,94,57,53,97,57,60,72,36,78,46,63,36,,16,34,63,55,40,49,58,66,50,82,42,25,40,30,33,33,18,13,18,15,24,26,20,25,10,17,26,19,14,12,38,9,22,59,41,33,54,18,21,29,42,52,29,47,50,43,26,43,29,79,68,52,49,28,25,31,27,60,35,63,24,26,44,36,19,38,22,31,13,6,19,36,16,30,18,31,10,15,29,2,42,43,14,13,15,43,16,33,14,18,13,19,17,30,22,,36,24,24,10,23,49,31,35,30,28,46,36,25,19,32,44,42,22,38,29,43,45,20,37,31,64,15,25,31,10,15,17,27,63,35,17,40,17,31,,27,13,7,43,99,80,106,33,58,38,33,19,28,39,48,30,28,63,65,52,45,47,52,38,69,47,35,6,4,12,43,,14,54,38,21,52,16,11,48,17,25,17,25,50,47,23,31,42,45,36,61,67,37,34,21,42,16,56,71,38,21,42,33,21,40,29,36,18,31,49,41,37,39,41,,35,39,69,,27,22,10,19,58,81,67,26,21,54,25,30,31,,,20,52,40,27,20,30,,,78,65,44,24,25,33,19,29,25,19,19,33,30,32,53,32,32,32,20,40,31,29,43,18,23,31,,23,25,63,49,,39,97,19,10,9,15,,10,12,7,10,19,20,8,34,31,18,26,34,11,22,42,10,4,7,17,5,16,9,10,11,3,8,7,56,56,42,43,39,39,37,35,25,26,18,21,32,42,26,35,33,27,70,33,33,37,13,29,18,38,101,27,27,106,81,10,42,35,45,,17,29,68,14,74,51,18,38,73,29,55,12,54,70,9,58,21,24,50,33,28,16,22,25,33,48,30,10,,9,20,15,27,15,44,16,19,16,20,18,33,11,16,45,14,58,29,29,20,25,13,38,31,15,,10,30,22,15,30,,25,12,37,14,14,49,25,17,26,21,29,8,45,29,5,13,16,17,14,1,18,11,15,7,17,17,18,18,17,23,4,3,2,9,13,8,31,21,12,12,3,8,9,22,22,19,19,11,11,14,7,22,32,22,33,20,16,15,20,26,33,28,42,32,,30,13,2,12,10,18,24,15,106,48,49,15,56,44,33,32,67,37,32,38,30,24,28,35,24,24,22,,16,14,20,17,15,35,16,10,26,22,28,21,30,20,25,10,21,26,25,18,23,25,14,17,9,32,36,30,57,23,47,31,18,23,11,4,12,12,33,17,14,22,15,22,25,43,20,30,27,11,23,16,28,35,28,54,40,45,51,12,19,33,24,28,17,18,25,11,19,14,1,13,20,14,22,29,9,16,21,21,61,48,16,35,19,21,25,12,13,25,18,22,23,10,21,35,10,35,21,11,20,15,,8,21,15,11,22,12,14,66,68,54,81,9,28,25,44,21,17,23,36,20,45,33,32,10,39,15,34,26,44,57,,30,16,64,38,68,87,5,44,38,16,5,30,49,51,14,11,26,17,17,4,11,11,26,,9,12,16,12,30,19,24,,39,,34,17,22,16,37,17,28,22,14,19,37,,18,23,6,24,25,2,,12,5,7,3,6,9,12,5,2,3,8,7,,4,5,6,10,,12,8,14,33,6,9,3,7,9,3,14,12,1,3,5,7,36,62,72,47,21,35,34,22,32,35,26,28,21,19,9,6,74,42,19,25,20,22,24,28,32,47,20,,23,29,21,34,,23,20,21,28,11,15,77,3,11,3,2,37,53,7,11,13,20,23,24,34,26,8,9,4,39,35,46,11,15,22,15,12,21,28,20,20,37,66,21,14,41,28,62,64,33,18,29,25,45
20160203,17,NO2_24h,62,13,65,77,71,70,74,43,28,54,65,57,,84,80,83,88,90,86,,,89,70,92,67,82,,66,72,55,78,71,68,31,73,76,60,80,67,80,46,63,61,75,61,110,113,117,104,105,97,93,94,92,144,15,26,26,38,16,47,52,54,39,27,75,75,65,87,103,86,84,70,74,70,107,90,95,93,37,,27,41,39,50,37,53,71,51,38,61,61,49,62,59,45,52,61,63,,60,90,52,82,83,,72,59,67,51,47,37,36,45,32,64,11,79,69,75,59,71,23,30,56,43,53,37,52,106,,114,102,91,52,104,53,70,68,47,76,78,70,60,69,57,64,62,72,89,100,73,90,58,41,80,86,45,76,95,78,78,79,82,82,51,55,49,39,52,54,23,31,57,76,90,59,85,67,57,69,63,22,21,79,39,87,,48,82,78,71,82,80,67,92,78,52,73,,41,67,66,33,62,54,70,60,49,54,67,21,38,49,36,54,69,28,55,66,54,61,15,67,37,67,73,68,67,53,27,61,60,51,55,,,52,54,23,23,37,22,45,45,59,,46,,63,51,,28,34,22,29,20,26,35,27,23,27,9,17,25,19,17,121,78,91,92,,15,73,20,,17,11,16,22,,18,18,8,26,26,50,28,20,20,32,52,15,52,39,14,59,47,91,67,,65,48,27,46,69,49,31,28,84,11,89,84,78,67,80,65,72,72,73,44,42,74,86,68,57,69,70,69,72,15,39,74,29,44,44,46,61,43,48,17,41,31,,16,24,32,12,41,7,30,17,32,39,35,39,19,17,45,13,21,16,18,25,45,21,31,21,26,19,29,31,14,24,8,32,23,20,27,19,32,18,,20,16,16,14,17,15,11,16,17,9,23,19,12,,34,36,59,27,23,26,34,36,7,12,11,16,6,22,58,49,54,49,49,35,45,48,66,60,39,54,67,47,53,62,41,43,49,42,45,,55,35,21,33,28,17,24,43,37,23,36,28,28,8,17,31,52,44,8,48,42,10,,24,81,84,86,89,44,73,95,75,59,69,38,92,51,81,70,25,67,57,62,48,42,13,24,61,41,47,54,59,,100,76,104,116,94,55,55,47,62,56,,44,44,32,37,37,9,20,48,34,50,54,57,38,66,64,48,38,21,29,46,57,60,58,48,41,47,48,59,67,57,32,39,65,80,54,22,26,21,12,73,74,91,79,78,68,46,,74,69,47,,67,58,42,45,65,88,72,,67,61,57,51,50,48,34,48,59,,38,48,56,54,,75,,62,60,53,33,90,,94,66,71,,45,39,49,72,76,65,,16,11,13,10,17,16,21,17,13,14,20,19,17,10,15,7,16,18,19,19,10,22,11,23,9,11,9,18,16,13,23,26,27,16,24,18,10,11,14,9,15,19,16,18,19,19,19,26,22,42,30,37,28,54,41,24,37,42,70,47,,96,61,26,62,39,63,14,28,75,27,76,52,27,17,44,24,17,,52,61,72,89,65,65,31,70,64,53,62,43,74,67,62,61,80,73,44,48,69,50,51,67,59,42,59,51,40,,11,35,55,36,28,22,35,50,43,69,19,28,32,25,35,40,46,81,41,62,50,58,53,53,28,43,49,51,18,26,31,18,7,77,63,73,77,49,13,40,66,83,60,80,77,52,41,53,52,66,56,57,36,58,63,54,54,68,53,56,41,38,48,44,21,38,60,73,39,15,36,44,23,44,20,45,22,30,40,2,34,29,14,11,14,33,18,29,14,15,11,17,13,28,15,,27,21,12,10,25,43,33,43,33,32,42,43,36,20,45,37,30,29,33,29,39,45,19,29,37,78,15,26,37,14,23,19,24,50,33,23,32,17,21,,28,25,18,64,80,83,96,44,64,46,38,31,46,41,78,34,41,64,62,64,60,60,66,43,61,66,54,22,9,23,35,,26,65,51,27,37,14,8,49,31,45,45,28,73,52,34,37,81,71,51,78,142,53,79,59,83,53,49,55,54,18,71,57,24,25,40,47,23,38,49,62,42,56,61,,31,53,77,84,61,56,33,19,65,82,70,57,45,77,67,40,35,,,27,56,41,28,27,32,,,51,52,40,37,20,45,51,42,42,31,24,31,34,43,68,63,60,54,58,42,56,58,60,34,49,26,,21,28,78,58,,65,136,41,20,17,26,,18,63,52,51,30,40,23,26,19,32,61,34,34,66,28,18,13,10,17,24,31,11,39,49,34,49,36,43,59,46,62,62,48,47,58,40,28,32,35,66,52,55,44,47,62,68,48,51,26,17,24,14,41,64,24,14,65,53,15,24,36,38,,20,25,37,15,46,35,23,43,49,28,42,12,17,47,14,39,25,17,58,47,41,14,29,54,23,52,57,46,,16,54,48,50,35,92,61,49,46,40,40,55,43,39,60,16,82,68,43,23,18,34,76,72,42,,31,63,39,21,33,,26,15,70,31,28,47,27,60,34,69,27,9,22,16,10,12,14,14,12,2,12,11,14,9,14,15,16,13,12,20,4,7,10,13,15,7,19,30,21,15,8,21,27,24,35,17,29,12,24,24,7,10,28,17,23,22,30,23,27,21,34,23,36,32,,30,28,24,35,11,21,39,19,92,66,70,32,82,68,58,44,97,52,45,54,48,49,47,57,44,48,52,,34,38,53,31,19,37,32,53,43,47,38,22,32,36,45,8,32,31,34,24,36,35,22,45,34,49,52,46,51,27,72,53,42,44,14,20,21,20,48,23,22,21,20,36,29,48,32,43,42,12,24,24,29,28,52,62,42,57,62,17,15,29,18,22,14,16,27,15,20,21,21,29,27,23,19,54,9,17,30,9,34,30,11,10,15,17,24,11,12,19,15,29,11,11,23,17,9,23,24,10,21,14,,14,33,38,29,32,14,15,63,64,58,70,7,29,22,39,20,18,29,35,36,52,41,39,10,30,22,32,9,35,32,,19,24,52,47,53,64,8,38,37,18,12,36,45,34,13,14,27,20,21,9,15,16,24,,12,26,37,36,57,15,18,22,23,31,32,21,25,22,22,11,33,21,12,16,40,,20,56,21,20,25,3,3,11,15,19,18,18,10,15,12,11,12,10,10,,19,6,10,26,,6,9,3,20,18,19,15,21,9,4,18,32,6,16,4,7,31,49,61,45,43,67,67,64,21,37,38,36,32,34,19,6,41,49,35,41,40,35,46,52,37,51,20,,32,41,41,28,,47,33,31,42,19,11,12,15,12,8,34,58,90,17,26,33,24,36,39,53,49,15,15,4,75,101,33,12,27,31,13,46,46,45,38,19,60,51,36,22,12,38,67,64,65,25,24,44,39
20160203,17,O3,54,88,39,47,48,34,39,63,36,53,74,74,,55,48,80,78,69,62,,,47,35,66,38,90,,47,68,63,37,56,60,70,74,78,75,79,88,66,38,50,6,60,37,76,88,74,143,57,56,53,48,78,36,93,86,88,95,84,86,83,86,79,88,70,52,57,57,80,71,74,88,95,81,22,33,22,35,22,,15,46,42,23,19,30,55,67,49,55,48,31,57,58,78,80,70,64,,77,57,69,45,47,,87,70,54,71,49,76,77,51,67,53,114,46,52,25,66,53,95,97,44,85,102,51,64,10,,30,21,66,45,49,72,49,39,52,61,42,89,96,41,96,73,68,104,96,140,135,140,127,,116,117,90,79,93,61,93,92,98,89,102,110,107,94,87,140,117,98,145,93,97,81,80,62,111,115,30,108,124,139,118,106,,143,89,106,147,62,61,104,112,85,116,104,,87,108,129,106,129,119,135,168,75,126,134,117,127,117,109,106,133,134,88,118,106,76,134,102,70,55,90,95,136,105,102,115,110,134,118,,,108,118,66,82,108,87,106,102,65,,150,,132,133,,139,131,143,125,119,96,81,108,116,120,137,99,97,100,96,94,77,50,78,,71,108,123,,102,45,43,29,,33,41,59,22,60,82,131,112,138,118,79,118,119,118,101,71,101,66,118,,95,104,76,66,55,52,68,114,68,37,75,93,16,72,51,77,95,76,28,67,123,102,94,80,144,99,105,110,72,99,58,53,71,68,49,68,43,45,53,75,27,42,,33,53,32,63,37,64,68,69,38,27,28,45,53,47,61,82,65,54,59,62,50,48,48,53,52,49,16,14,50,53,61,22,34,30,29,34,36,39,,58,39,53,53,51,57,51,56,36,47,69,40,59,,66,46,24,68,76,69,76,53,60,77,76,60,66,38,8,4,23,14,33,49,13,18,36,22,41,17,36,22,22,11,14,45,42,32,18,,24,49,73,64,70,137,78,43,60,86,42,84,98,96,101,92,88,77,102,105,106,97,,101,58,34,42,44,44,97,79,91,45,45,84,42,90,64,59,70,68,69,74,37,66,110,60,72,79,91,99,85,,4,29,37,19,69,23,44,36,50,33,,45,76,85,69,63,95,78,24,34,80,72,84,73,75,74,139,83,72,101,89,35,51,40,46,41,118,67,86,62,75,84,37,60,98,48,40,30,17,41,39,60,21,99,99,143,115,,90,90,98,,62,31,37,63,89,76,81,,32,83,85,104,111,104,130,76,64,,30,68,64,84,,84,,70,119,98,110,90,,117,91,85,,78,86,72,64,76,103,,72,80,77,87,82,85,97,93,83,92,70,69,75,75,85,44,79,61,63,59,60,15,29,15,79,78,78,49,38,41,45,36,41,59,53,67,87,84,50,65,62,61,83,33,12,41,82,39,62,99,134,186,96,79,64,87,52,65,76,78,,99,96,62,63,77,98,64,39,46,62,82,82,51,43,25,36,92,,34,23,13,28,24,32,64,38,24,31,19,48,57,33,41,32,25,30,99,65,51,81,60,54,86,50,87,73,107,,135,56,27,20,50,26,25,27,40,33,93,91,72,79,32,85,107,93,106,66,112,102,119,51,47,74,36,69,48,96,85,112,87,87,34,90,76,86,68,86,77,65,76,42,44,65,113,132,83,50,64,60,77,111,117,113,123,68,59,64,97,118,100,76,92,85,129,91,123,104,101,90,108,114,122,115,107,68,68,19,44,56,76,,69,102,174,98,46,57,76,60,86,97,93,,85,88,91,102,44,16,23,44,21,12,9,24,23,28,102,94,73,129,24,18,13,13,29,16,14,41,65,46,36,26,12,17,23,16,16,28,51,59,63,,71,106,78,72,78,89,43,120,95,128,118,145,88,87,74,108,60,55,44,80,91,87,89,73,32,70,67,76,94,72,58,,102,72,58,70,112,84,38,43,49,60,64,73,67,56,105,81,53,63,116,104,99,131,95,70,90,109,88,87,33,98,108,69,46,72,91,54,69,83,97,63,66,90,102,,88,,70,,98,74,41,54,125,147,153,111,180,87,93,103,105,,,117,127,57,102,131,141,,,25,26,70,120,215,111,102,72,116,29,115,54,54,66,59,84,87,89,65,36,81,80,66,65,81,18,,31,51,,34,,131,39,82,118,125,58,,37,93,72,79,70,64,102,53,61,68,74,40,90,47,52,74,89,90,67,72,96,91,45,87,48,56,71,50,49,90,68,81,42,46,93,55,54,40,37,73,47,62,53,78,83,56,82,58,65,63,61,73,85,16,68,63,20,37,114,68,90,54,,45,62,57,128,22,31,46,103,63,117,77,113,25,33,115,34,63,63,71,83,42,60,104,19,46,147,132,146,,100,62,106,87,93,84,115,155,65,32,79,26,121,114,53,23,19,26,116,67,32,39,47,69,60,,55,134,35,7,21,,89,23,70,78,29,,17,125,77,83,41,38,21,50,45,39,37,31,41,73,50,62,32,41,50,45,47,51,50,50,62,63,101,97,93,89,96,121,138,57,107,86,94,120,110,137,108,146,129,122,55,53,52,59,48,58,120,91,66,89,84,82,96,96,,67,76,76,76,88,127,122,107,66,62,81,81,55,88,48,88,114,99,99,94,51,124,106,134,122,145,128,,108,123,147,108,116,96,118,117,120,80,87,125,115,45,96,129,73,86,122,106,55,84,76,138,126,90,120,119,57,116,94,79,110,136,97,116,103,122,107,63,100,52,37,89,83,67,89,77,70,89,71,98,84,74,92,59,77,67,62,51,38,37,55,21,108,103,75,113,103,69,69,57,65,64,115,106,121,111,97,56,24,43,64,53,51,53,57,64,34,61,71,85,58,61,34,51,60,60,53,60,68,53,,95,80,119,83,68,99,84,8,11,9,11,27,22,10,25,31,34,23,21,30,26,28,20,60,28,42,77,28,15,20,,5,16,24,15,46,45,29,13,73,17,62,38,22,25,34,49,39,34,42,52,79,79,33,,143,106,114,122,107,59,20,14,113,,55,53,54,49,49,76,22,24,27,44,54,,86,159,108,54,82,83,43,94,82,102,77,123,96,101,62,71,67,51,54,46,97,89,68,102,,89,87,58,42,80,91,79,115,110,292,27,47,11,55,84,72,42,25,30,39,84,89,68,99,40,66,75,93,90,31,68,32,24,53,62,57,75,82,70,106,84,63,40,,63,53,50,42,,27,78,91,59,107,92,68,100,27,5,84,66,70,27,83,54,39,35,82,,106,38,34,113,47,119,55,19,74,96,69,81,46,47,67,71,72,48,106,87,70,61,50,45,97,42,31,88,48
20160203,17,O3_24h,54,89,56,54,58,48,59,72,47,68,74,74,,66,61,110,87,82,85,,,69,42,77,47,97,,64,75,79,68,62,66,88,87,87,86,92,98,80,40,83,20,73,41,76,124,82,143,84,81,84,59,92,64,97,96,95,100,84,88,90,88,85,96,70,71,77,64,93,85,88,102,111,87,53,37,28,56,35,,38,48,43,35,30,50,55,78,67,72,56,35,63,59,85,84,85,76,,92,71,81,68,66,,103,82,79,79,68,83,93,84,76,66,128,82,84,48,81,78,102,119,59,93,109,51,78,43,,48,38,88,62,73,82,49,75,84,74,65,104,115,80,103,83,84,113,97,140,135,142,144,120,116,117,101,101,106,76,98,97,114,112,131,128,109,132,93,144,148,101,150,163,110,91,81,64,124,119,109,109,124,139,118,111,,143,111,110,147,75,80,104,131,99,116,115,,95,109,144,115,133,135,142,174,84,130,142,128,130,122,128,126,156,151,93,124,125,94,137,107,102,71,94,102,136,123,117,141,135,139,132,,,130,127,93,89,108,90,106,103,65,,152,,136,144,,140,148,154,129,151,105,90,119,128,123,143,160,111,105,100,114,82,57,84,,93,108,123,,118,73,78,72,,62,86,61,26,60,90,136,114,140,121,82,129,119,127,102,104,107,82,124,,109,111,103,102,81,59,125,123,79,67,95,96,42,72,59,77,95,76,28,135,128,105,99,89,149,99,105,117,82,227,72,105,92,100,69,99,91,73,102,102,59,60,,60,57,56,70,62,69,69,158,53,45,56,48,92,53,62,90,71,67,63,62,50,49,56,58,62,52,46,45,51,59,66,35,43,41,43,40,45,50,,62,44,59,56,54,57,54,59,44,50,91,60,59,,68,61,31,68,79,75,81,71,64,82,80,60,67,83,42,23,54,42,47,62,40,50,36,45,61,17,36,26,57,45,64,64,81,61,59,,64,85,75,80,72,138,117,51,70,98,55,87,100,99,106,98,96,81,102,105,106,153,,114,62,63,60,44,58,97,85,91,50,45,93,46,90,66,91,99,81,69,79,78,72,111,60,72,82,148,105,90,,5,29,37,19,69,23,89,48,50,72,,55,90,104,77,71,107,100,41,67,80,72,84,73,75,87,174,86,72,104,98,68,72,73,72,53,129,82,101,88,98,100,37,69,102,78,55,45,17,52,41,63,24,99,101,145,117,,99,97,100,,67,33,40,63,125,108,92,,47,91,89,110,115,122,162,81,80,,66,79,76,103,,100,,84,188,99,110,95,,126,116,113,,78,91,84,74,93,109,,87,86,89,93,89,85,97,93,83,92,73,69,77,75,85,44,79,62,68,61,62,26,36,30,82,81,78,58,56,58,54,42,49,68,64,78,91,87,50,66,71,63,85,33,13,43,87,45,65,104,139,193,96,79,68,90,52,71,90,101,,106,109,71,63,83,101,73,42,62,68,93,93,59,44,34,38,139,,67,40,47,51,37,68,91,72,65,83,50,79,78,69,52,43,33,77,120,91,92,104,101,90,110,99,118,112,130,,145,82,45,53,70,72,76,71,88,69,159,94,78,88,34,94,128,98,113,66,119,105,119,55,49,79,36,69,54,106,93,112,89,87,34,101,87,90,68,87,89,74,89,45,47,73,119,141,99,81,112,91,89,117,117,117,123,77,60,71,97,130,115,81,99,96,135,99,123,104,101,90,120,118,122,117,107,69,68,20,83,92,83,,72,122,305,110,48,57,81,63,93,102,97,,105,98,101,103,77,66,38,44,41,31,39,62,67,66,104,94,83,129,98,77,71,54,48,44,19,41,93,70,51,37,16,21,24,18,31,32,63,82,76,,76,110,79,72,104,89,51,120,99,138,127,154,109,104,95,119,68,88,65,98,98,112,99,73,32,76,88,79,99,80,76,,104,79,85,93,112,89,43,62,49,60,64,73,87,66,112,89,59,71,172,133,122,160,103,78,104,114,97,87,37,109,110,80,61,88,114,83,83,95,108,63,67,96,112,,112,,87,84,115,80,42,54,173,165,226,123,192,95,96,103,105,,,126,127,68,107,131,145,,,50,47,89,124,215,128,108,75,116,29,116,63,54,70,68,90,88,101,65,41,84,91,76,77,91,22,,42,54,52,36,,146,39,91,124,133,58,,37,93,72,79,83,75,106,69,76,74,79,53,92,50,83,89,206,96,97,75,104,95,49,87,50,58,73,63,76,96,85,120,68,68,112,65,66,49,40,83,57,65,67,90,85,94,101,66,76,66,74,86,107,61,88,97,78,91,115,81,104,85,,68,78,83,128,64,90,65,120,125,129,141,118,65,90,128,43,72,65,78,84,53,68,117,21,109,147,139,153,,104,66,112,87,101,91,117,167,66,35,91,29,123,121,53,23,21,54,179,73,177,39,58,81,60,,56,143,39,164,25,,112,26,139,78,95,,37,126,81,88,59,48,69,74,54,51,50,47,45,77,62,74,37,52,58,54,51,61,67,60,105,69,113,136,100,89,119,121,138,57,107,89,94,131,110,140,110,149,130,122,82,80,75,83,82,62,124,97,72,97,93,83,100,100,,73,79,79,76,97,132,132,114,66,64,82,81,70,90,48,93,114,99,102,98,52,128,114,137,124,161,129,,114,129,147,114,122,109,126,121,123,85,92,125,134,45,96,134,76,86,127,116,58,93,82,138,126,90,125,127,68,116,106,85,110,138,100,125,105,123,109,63,204,62,37,89,83,67,89,77,70,100,83,106,97,97,133,92,116,99,113,58,57,60,69,33,108,114,75,114,115,98,104,105,109,103,129,122,138,128,109,81,65,98,73,133,54,57,65,65,51,63,76,87,73,62,35,72,65,79,58,65,72,57,,97,81,119,88,73,99,85,24,12,14,38,30,39,20,45,71,71,61,64,60,53,50,49,119,95,94,95,76,62,67,,34,72,44,26,87,82,46,20,124,20,62,41,27,39,72,79,69,77,79,56,79,81,40,,143,110,116,122,118,185,39,20,113,258,77,69,71,57,100,98,36,50,37,69,74,,112,166,110,68,90,84,56,111,82,102,79,124,96,101,62,71,67,79,72,46,100,89,70,106,,89,87,79,57,84,96,79,115,114,292,27,47,15,55,86,78,58,49,53,51,85,90,73,99,71,94,88,98,94,31,70,133,64,67,67,81,96,112,90,110,85,73,69,,67,75,63,78,,33,109,91,62,118,105,94,109,32,5,89,66,74,49,88,58,41,36,91,51,106,41,41,116,47,119,93,26,74,96,71,81,48,53,68,75,72,62,106,87,94,65,61,58,97,48,36,96,62
20160203,17,O3_8h,33,76,34,33,38,25,32,50,38,49,42,40,,45,43,78,66,58,58,,,47,35,52,37,72,,40,46,49,39,40,46,72,64,64,63,69,75,58,31,57,10,46,32,31,73,45,87,51,55,56,37,64,42,81,76,73,74,70,60,62,62,64,82,52,52,54,47,63,57,61,64,79,58,19,24,20,30,24,,28,28,26,24,18,34,33,57,45,43,33,28,47,43,64,58,60,53,,65,43,64,43,44,,73,65,64,66,57,73,83,64,60,46,93,63,72,39,67,64,93,108,49,82,98,44,61,17,,37,28,66,51,59,72,40,61,66,64,52,94,97,60,95,76,75,95,74,91,92,98,90,93,83,88,84,76,82,58,80,71,88,78,89,96,92,104,79,99,110,78,116,107,75,74,62,53,99,98,79,86,99,113,89,85,,98,82,83,98,57,58,74,90,74,90,84,,81,88,118,95,102,103,112,136,68,106,111,98,104,97,101,104,132,123,77,93,92,67,124,71,80,54,66,72,99,95,98,110,96,113,102,,,98,99,75,77,84,79,81,80,50,,114,,102,108,,114,121,124,122,119,96,71,92,98,103,129,88,88,86,82,83,61,44,64,,71,88,98,,90,50,52,48,,48,58,59,22,56,70,118,95,124,102,63,108,101,105,85,82,89,65,102,,86,91,84,72,55,38,79,94,60,32,69,57,15,26,40,45,55,65,16,96,101,74,71,68,125,77,79,89,52,83,47,43,65,55,56,53,50,40,52,56,31,36,,36,46,40,66,33,56,59,63,40,31,37,37,56,46,56,78,61,56,52,54,42,43,47,45,53,40,31,28,45,53,61,27,36,33,31,33,34,40,,53,37,51,47,48,48,46,50,39,45,67,50,52,,47,50,23,50,63,60,51,50,54,67,70,50,63,50,6,7,16,9,31,28,10,12,20,16,28,17,13,10,14,10,16,24,21,17,13,,17,42,59,53,44,124,104,38,53,75,36,66,82,82,84,77,72,57,72,70,71,71,,76,42,30,32,34,36,62,37,52,36,31,57,31,48,41,58,55,36,40,49,34,51,78,52,35,51,94,59,75,,3,14,19,13,27,17,35,24,32,41,,38,66,80,57,53,103,73,28,28,60,48,56,55,46,60,151,78,58,84,86,50,59,57,54,39,104,59,69,68,76,88,30,54,84,57,47,36,15,47,30,46,19,62,74,108,82,,69,67,79,,54,25,33,52,88,85,68,,37,78,72,94,96,96,115,63,64,,50,62,63,80,,72,,60,107,83,94,65,,85,80,80,,70,82,68,58,71,89,,76,80,81,86,81,50,60,63,54,56,47,48,56,54,62,30,60,48,55,49,44,16,30,19,59,61,59,52,46,49,50,40,45,64,58,71,66,58,36,46,46,43,64,28,12,35,60,32,45,91,122,164,78,53,48,67,40,45,60,63,,75,68,42,41,50,68,43,27,40,54,64,62,43,38,27,32,93,,55,32,34,41,32,53,77,43,42,62,33,62,54,34,30,25,22,34,80,74,72,79,66,59,88,85,94,94,113,,134,66,33,34,59,51,52,47,56,52,127,81,57,61,32,67,103,84,103,39,88,79,94,42,32,57,23,55,40,83,74,95,80,59,23,62,53,55,44,61,52,43,50,31,25,51,93,118,75,46,68,52,62,78,83,80,84,42,38,44,53,92,80,62,68,78,116,83,102,74,73,73,99,92,84,92,84,50,48,18,34,55,61,,67,98,226,89,47,47,70,55,86,92,89,,91,92,80,83,28,12,14,24,18,8,7,15,17,21,62,50,49,80,17,11,7,7,25,22,16,37,49,38,23,12,9,17,20,16,20,24,47,63,58,,67,82,59,45,42,53,31,85,76,102,98,116,64,63,56,88,43,38,28,58,64,52,54,48,27,40,50,68,86,63,57,,72,51,34,49,93,79,36,29,38,41,45,58,60,57,92,78,39,51,106,88,99,126,66,51,75,85,85,75,22,82,74,50,46,77,86,58,53,63,88,53,56,81,102,,92,,68,83,93,56,33,54,100,100,125,96,152,67,72,78,86,,,106,105,54,85,103,112,,,36,36,69,105,120,104,84,66,95,26,93,51,39,55,55,64,58,66,49,35,56,63,51,51,63,12,,23,31,29,30,,86,28,56,78,80,36,,28,68,51,79,71,60,94,50,64,57,51,38,62,37,74,82,101,93,71,70,92,90,40,60,44,42,60,55,46,72,62,87,45,51,82,56,54,36,34,70,48,53,54,75,52,57,80,46,69,60,68,78,74,34,67,82,56,71,106,61,75,51,,58,56,72,120,34,61,55,96,101,112,114,108,38,48,115,34,54,58,62,65,44,63,93,19,66,128,113,123,,84,56,86,67,73,71,102,137,62,28,70,23,100,100,39,20,18,31,78,59,71,26,45,67,48,,48,116,31,51,22,,84,22,78,66,36,,25,114,69,80,44,42,43,56,44,39,37,31,41,61,59,68,34,42,45,44,43,50,49,45,85,54,88,98,80,66,84,83,101,40,84,71,73,98,86,100,91,122,100,92,64,59,59,64,61,42,87,70,53,79,69,61,76,80,,53,53,58,57,82,112,112,96,47,44,57,47,35,54,28,80,93,80,83,75,40,95,88,104,96,122,107,,94,104,119,100,110,97,109,86,92,68,72,82,104,38,71,116,47,61,93,83,40,74,67,106,95,70,99,107,49,91,78,64,90,113,80,100,82,100,81,50,90,34,23,57,53,45,57,49,41,80,63,80,70,66,75,60,78,58,57,48,35,38,56,24,76,85,51,88,80,59,50,43,58,60,102,78,95,75,72,41,16,27,66,55,48,53,55,63,30,53,69,74,58,53,29,52,58,65,51,47,54,52,,85,74,100,75,63,75,67,9,10,8,9,22,23,10,24,19,18,17,16,32,25,23,20,46,34,19,32,44,25,23,,11,25,33,20,55,56,32,15,90,17,41,25,14,21,25,33,27,21,31,43,61,66,30,,104,72,72,76,72,111,20,14,91,,63,56,55,52,52,69,17,24,29,48,50,,83,132,86,57,82,82,46,105,62,74,59,99,75,83,51,59,53,43,47,29,70,81,64,66,,41,37,62,47,67,75,53,76,97,112,19,33,12,43,82,71,32,20,22,28,70,62,53,66,30,48,49,76,74,21,47,47,32,27,56,54,58,62,66,83,65,49,52,,49,35,31,31,,19,53,61,41,98,82,80,75,18,4,70,38,51,36,77,47,33,30,68,29,65,30,26,98,26,89,51,22,59,87,52,43,25,23,43,52,27,28,52,72,87,49,42,42,54,30,32,66,42
20160203,17,O3_8h_24h,47,83,53,49,61,41,50,69,46,57,62,55,,48,44,83,66,58,61,,,57,35,58,39,84,,56,72,64,62,59,60,87,70,66,64,69,76,59,32,76,30,64,32,42,73,45,95,68,56,62,52,64,43,85,78,73,76,70,60,66,62,70,82,54,64,57,48,64,67,68,82,79,62,57,51,36,59,31,,39,37,32,31,20,50,44,63,50,55,41,37,57,47,71,58,60,55,,65,43,64,43,44,,80,65,64,66,57,73,83,66,80,58,127,63,72,39,67,64,93,108,49,82,98,44,61,30,,37,28,66,51,59,85,40,61,76,64,73,94,97,72,95,85,75,95,82,108,96,98,99,114,83,88,84,76,82,58,80,80,88,78,89,96,92,104,79,99,110,78,116,107,98,74,82,53,99,98,86,88,99,113,89,85,,98,82,83,98,57,58,74,90,74,96,84,,81,88,118,95,102,103,112,136,68,106,111,98,104,97,101,104,132,123,77,93,92,82,124,81,86,56,87,98,110,95,98,110,96,113,102,,105,98,99,75,77,84,79,81,80,57,,114,,102,111,,114,121,124,122,119,96,71,92,98,103,129,109,88,88,82,83,61,47,87,,87,88,98,,100,69,74,65,,63,82,59,22,56,76,131,106,125,108,72,115,107,105,85,82,89,65,102,,86,91,85,81,72,53,79,108,68,43,79,84,40,70,58,65,101,68,24,104,102,74,71,77,129,79,85,105,62,100,67,103,81,94,64,92,85,68,96,96,45,51,,57,61,56,68,50,68,62,74,47,39,49,37,81,46,57,78,65,64,52,58,42,43,47,56,60,48,40,38,45,53,61,30,40,36,36,37,40,47,,53,40,53,48,48,53,52,56,41,45,67,50,52,,56,60,23,55,67,63,64,61,57,67,70,50,63,71,38,17,34,39,42,46,23,48,20,50,40,17,19,16,50,56,58,69,78,69,66,,71,78,67,71,69,124,106,50,63,95,47,66,82,82,84,77,72,57,90,84,90,93,,76,51,64,62,34,56,62,82,52,41,36,79,42,65,47,69,96,63,48,54,35,65,86,59,48,63,105,94,88,,9,14,19,18,27,18,85,54,94,75,,38,66,80,57,53,104,73,35,66,60,48,67,55,58,77,151,78,61,84,86,71,92,80,72,39,104,68,69,72,83,95,34,72,107,66,54,43,34,50,30,46,19,75,74,108,82,,69,67,79,,54,37,33,53,88,85,68,,37,78,72,94,96,96,115,63,64,,50,62,63,87,,79,,60,107,83,94,65,,85,80,80,,70,82,68,58,71,89,,76,80,81,86,81,50,60,63,54,56,47,48,56,54,62,30,60,48,55,49,44,26,35,30,59,61,59,58,55,54,50,40,45,64,58,71,66,58,36,46,46,43,64,28,12,35,60,32,45,91,122,164,80,53,48,67,40,45,60,64,,79,68,46,41,54,77,45,30,48,54,75,66,47,38,27,34,93,,57,34,49,47,35,53,77,48,42,64,33,62,54,34,34,33,22,34,80,74,75,82,70,65,89,88,94,94,113,,134,66,33,46,62,69,61,50,56,59,133,82,57,84,32,67,103,84,103,39,88,79,94,42,32,66,38,64,40,92,85,102,87,64,26,68,59,60,50,66,63,46,61,41,38,51,93,118,79,56,81,65,75,84,97,88,104,63,54,66,79,100,84,69,84,78,120,83,108,75,73,80,99,101,93,105,96,64,67,19,76,96,87,,69,103,226,90,48,50,78,60,86,92,89,,91,92,80,83,78,64,37,52,36,28,35,55,51,64,62,50,56,80,83,64,59,43,61,22,18,37,91,126,84,67,12,18,20,17,34,28,58,74,71,,67,82,59,48,80,61,36,85,80,107,102,116,67,63,56,114,62,79,60,90,64,101,99,66,27,58,69,73,93,73,72,,89,66,79,82,96,85,40,80,43,42,46,64,63,57,92,78,53,61,106,92,110,126,80,59,82,96,85,75,27,87,74,50,46,77,91,66,53,74,91,53,59,81,102,,92,,68,83,93,56,39,54,100,100,125,96,152,67,72,78,86,,,114,108,54,85,103,112,,,51,41,69,105,120,106,84,66,95,26,93,51,39,55,59,82,69,66,55,36,74,68,63,61,71,12,,29,42,48,36,,101,37,71,100,115,36,,28,68,58,79,71,60,94,66,74,66,62,47,70,39,80,85,102,93,86,72,96,90,44,73,46,45,69,68,68,82,73,87,45,51,82,57,59,38,35,70,48,54,54,75,52,57,80,46,69,60,68,78,93,76,83,82,60,71,106,80,75,68,,58,76,77,120,58,68,55,96,102,112,114,108,38,65,115,43,70,70,68,89,44,63,93,21,66,128,113,123,,95,64,102,78,98,71,108,137,62,28,70,23,100,100,39,20,21,31,144,70,124,26,48,67,53,,51,116,32,143,23,,84,22,81,66,51,27,31,117,69,80,55,44,61,72,49,54,53,48,53,76,59,69,35,43,48,46,43,66,70,65,98,56,88,98,80,66,84,83,101,40,89,76,80,104,92,100,91,122,100,92,77,76,72,81,79,61,122,96,69,79,69,61,76,80,,53,53,58,57,82,112,112,96,47,44,57,53,49,64,35,80,93,80,83,75,40,95,91,109,102,123,107,,94,104,119,100,110,97,109,96,104,87,78,108,104,38,83,116,51,66,93,89,47,74,68,106,95,73,105,107,60,105,105,82,90,113,85,100,87,100,88,78,90,42,26,87,76,55,76,67,60,97,78,106,91,91,120,96,113,92,106,82,49,57,65,31,105,113,75,114,109,95,102,96,105,100,123,118,267,125,110,81,67,92,68,81,51,54,62,63,48,58,70,75,72,56,30,69,60,65,51,61,69,52,,85,74,100,77,63,75,67,28,24,33,24,28,37,14,41,68,66,55,60,44,41,38,37,106,67,66,63,70,54,58,,32,50,33,20,60,56,40,15,110,17,52,25,16,22,68,79,70,71,74,55,84,82,32,,104,72,72,76,72,114,25,18,91,214,68,62,61,53,96,98,38,49,34,66,79,,104,156,102,77,90,82,47,106,84,99,74,119,76,83,51,59,53,68,72,38,90,81,64,85,,43,37,79,54,76,86,53,76,97,112,25,44,12,53,84,76,55,44,58,44,73,73,64,74,67,78,78,94,92,29,60,48,55,58,66,70,88,100,66,83,90,68,60,,65,72,60,78,,31,96,73,58,101,84,91,102,24,4,70,43,51,40,77,47,41,38,87,46,65,38,38,109,26,89,83,22,60,87,62,63,40,45,53,54,47,62,77,72,92,51,47,48,67,30,32,76,57
20160203,17,CO,0.9,0.4,0.8,0.9,0.8,1,0.6,0.7,0.1,0.8,0.6,0.9,,2.08,2.675,1.533,1.112,1.094,3.334,,,1.827,1.352,1.549,1.046,1.033,,1.184,1.102,0.997,1.132,1.237,0.896,1.475,0.464,1.14,0.612,0.526,0.928,0.847,1.654,1.106,1.006,0.744,0.63,4.41,2.214,1.789,3.517,2.233,1.327,2.158,2.62,1.965,1.974,0.5,0.463,0.186,0.379,0.458,0.386,0.545,0.787,0.339,0.46,0.596,0.867,0.935,0.615,2.092,1.79,1.809,1.969,2.001,2.011,4.132,4.492,3.398,4.276,1.71,,2.26,1.826,2.071,3.74,2.74,3.571,2.348,0.912,1.551,0.82,0.943,1.135,1.126,0.848,0.821,0.505,0.564,0.9,,0.645,0.617,0.623,0.819,0.729,,0.653,0.889,1.471,1.407,1.269,1.364,2.115,2.113,1.587,1.29,0.93,0.714,0.658,0.898,0.533,0.725,0.654,1.129,0.762,0.48,0.579,0.674,0.728,3.913,,1.156,1.04,1.69,1.583,1.09,1.075,1.047,0.689,1.864,1.188,1.12,0.744,0.983,1.501,0.405,1.483,0.6,1.891,1.252,1.762,1.306,1.18,1.237,0.904,0.843,0.96,1.259,0.724,0.089,0.823,0.888,0.997,0.833,1.385,0.674,0.943,0.795,0.673,0.643,1.172,0.956,0.831,1.654,1.059,1.321,1.118,1.02,1.399,1.174,1.021,1.239,0.989,0.986,1.247,0.894,1.441,,1.732,2.15,1.002,1.608,1.524,2.457,1.296,1.568,1.483,1.074,1.255,,0.86,0.68,1.394,1.064,1.138,1.835,0.734,0.92,1.343,1.072,1.637,1.115,0.994,1.059,1.109,1.042,1.9,1.71,1.988,2.12,0.794,0.849,0.637,0.979,1.672,1.256,1.136,0.989,1.309,1.025,0.996,0.954,0.716,0.811,0.929,,,0.799,0.633,0.941,1.028,1.014,0.932,0.831,0.878,1.451,,1.288,,0.922,1.308,,1.163,0.668,1.171,0.929,0.433,0.704,0.852,0.665,0.542,1.096,0.829,0.857,0.771,2.485,0.689,1.126,1.062,0.707,1.068,,1.13,1.247,1.084,,1.127,0.519,0.882,0.615,,0.949,0.814,0.585,0.721,0.671,0.602,0.606,0.842,0.662,1.208,1.054,0.885,1.042,0.789,0.733,1.787,1.075,0.601,0.7,,0.802,1.442,1.117,1.163,1.116,1.323,1.616,1.425,1.824,1.49,1.434,1.508,1.92,1.213,1.206,1.303,1.104,1.184,1.4,2.038,0.592,0.687,0.901,0.77,0.759,0.762,1.357,0.946,1.127,0.422,0.88,2.03,0.872,1.258,1.17,1.247,1.716,1.026,1.525,1.079,0.755,0.74,,0.862,0.845,0.875,0.732,0.944,0.851,0.719,0.82,1.138,1.042,0.989,0.781,1.166,0.978,1.295,0.984,1.266,1.051,1.038,0.99,1.025,0.972,0.914,0.666,0.656,1.107,0.948,1.176,0.818,0.963,0.608,1.256,1.141,1.077,0.907,0.884,1.078,1.297,,0.881,0.964,1.011,0.893,0.906,1.092,1.055,0.925,1.26,0.838,1.042,1.433,1.061,,1.198,0.415,1.099,1.229,1.357,1.047,1.296,1.532,0.821,0.744,0.857,0.933,0.95,0.804,1.174,1.448,0.908,1.081,1.113,0.862,1.181,0.986,0.826,0.537,0.649,1.4,1.21,0.874,0.977,1.266,1.425,1.383,1.485,1.233,1.679,,1.9,1.203,0.506,1.248,0.714,0.618,0.909,1.144,1.072,0.767,0.817,0.328,0.192,0.892,1.195,0.723,0.589,0.84,0.368,0.501,0.348,0.304,,0.234,1.476,2.714,1.932,1.484,1.573,1.836,1.47,3.088,3.036,1.59,1.174,2.125,1.2,1.264,0.953,1.497,1.305,0.795,1.073,1.368,1.162,1.406,1.27,1.189,1.079,1.26,0.777,1.821,,4.349,2.29,2.965,5.157,2.453,2.172,1.822,1.575,2.031,3.166,,1.216,1.169,1.181,1.207,0.944,0.727,0.95,2.729,1.958,0.654,0.881,1.142,0.594,0.794,1.678,1.022,0.511,0.282,0.478,0.506,2.572,2.351,1.617,1.538,1.76,1.214,1.561,1.094,1.284,2.023,1.52,1.003,1.638,1.917,1.509,0.938,1.024,1.047,0.791,1.25,0.763,2.16,1.527,1.162,1.588,2.187,,1.729,1.864,1.351,,1.34,2.187,2.864,2.462,0.895,1.725,1.762,,2.048,1.123,0.926,0.739,1.085,0.705,1.128,0.91,0.991,,0.947,0.909,1.244,1.366,,1.256,,1.337,0.875,0.844,0.921,0.874,,0.785,1.557,1.233,,0.814,1.115,1.437,1.112,0.94,1.054,,1.358,1.183,0.776,0.848,1.471,0.832,0.744,0.705,0.854,0.735,1.162,1.297,1.086,1.106,1.06,1.099,0.628,0.781,1.074,1.144,0.903,1.449,1.769,1.238,1.692,1.538,1.284,1.05,1.104,1.044,1.063,1.599,1.226,0.98,1.117,0.784,1.379,1.211,1.419,1.107,1.343,1.221,0.93,1.765,,0.896,0.742,1.35,0.987,1.392,1.211,1.248,2.128,1.956,1.82,1.286,1.725,2.431,3.487,2.673,,0.974,0.972,3.746,7.149,0.885,2.607,2.755,2.795,1.271,1.107,1.066,1.781,0.973,0.39,0.846,0.211,0.359,,2.46,2.841,4.092,3.187,2.911,2.648,1.338,3.254,3.388,1.263,1.152,2.105,2.238,2.417,2.256,2.274,3.476,3.228,3.013,1.058,1.421,1.215,0.947,1.198,1.282,1.034,1.038,1.138,1.181,,0.815,0.491,1.192,0.693,0.628,0.95,1.757,1.732,0.595,1.549,1.027,0.725,0.616,0.65,1.197,0.701,0.882,0.87,1.608,0.718,2.06,1.282,0.991,1.971,2.448,0.976,0.737,0.27,0.993,0.656,0.863,0.76,1.089,1.875,1.965,1.892,2.094,1.56,2.479,1.712,1.938,2.802,1.201,2.024,2.398,1.639,0.744,0.979,1.5,1.464,2.948,1.207,2.032,1.406,1.389,1.727,1.154,2.056,3.121,3.013,1.054,1.094,0.838,0.89,1.343,1.193,1.109,1.414,0.61,0.833,0.839,0.761,1.15,0.625,0.828,0.701,1.463,0.538,0.923,0.864,0.015,2.167,1.176,0.828,0.982,1.175,1.233,1.44,1.284,1.454,1.04,1.316,1.005,1.252,1.301,,1.392,1.086,1.129,0.851,2.172,1.675,1.221,1.14,1.604,1.316,1.204,1.776,1.133,1.194,2.079,2.03,1.44,0.669,0.982,0.815,0.761,0.752,1.323,1.322,1.215,1.635,1.341,1.413,1.365,1.603,,1.912,1.281,1.32,1.521,1.556,0.988,0.284,0.963,,0.953,0.581,0.756,1.428,2.112,1.778,1.916,1.013,1.961,1.401,1.135,1.273,1.704,1.16,0.485,1.028,0.812,1.343,1.453,1.146,1.543,1.297,1.223,1.051,2.615,2.273,1.29,0.924,0.084,1.809,0.7,,0.923,1.584,0.78,0.821,1.6,2.354,1.879,,1.255,1.06,1.186,1.686,1.406,1.288,0.996,1.045,1.381,1.195,1.48,1.788,1.485,1.288,0.833,0.745,1.047,0.743,1.284,1.797,1.119,1.756,1.295,1.168,0.752,0.762,0.921,0.996,1.257,2.014,1.17,1.062,0.8,0.831,0.77,,1.047,0.974,1.734,,0.215,0.391,0.793,1.163,1.386,1.489,1.497,1.258,1.359,1.24,1.192,0.704,0.892,,,0.869,0.942,1.174,0.803,1.304,1.17,,,1.56,1.464,0.95,1.089,1.276,0.721,0.948,0.983,0.984,0.733,1.458,0.75,0.655,0.866,0.88,0.768,1.009,1.081,0.592,0.992,0.876,0.622,1.071,0.227,1.338,2.734,,1.423,1.911,3.884,2.833,,2.866,3.023,3.014,2.161,2.787,3.099,,3.873,0.335,0.545,0.311,0.554,0.821,0.483,0.614,0.684,0.07,0.167,0.383,1.896,0.317,0.568,0.361,0.018,0.282,0.157,0.641,0.794,0.376,2.026,0.03,0.568,0.111,0.196,2.149,1.783,1.786,1.263,1.231,1.052,1.667,0.55,1.593,1.677,3.497,1.273,0.482,0.809,0.402,1.766,1.346,0.397,1.776,1.594,1.32,0.53,0.7,0.581,0.585,1.23,1.998,0.84,1.889,0.571,1.96,1.379,1.803,1.813,2.032,,2.286,0.93,0.972,0.593,,,0.751,1.358,1.701,1.214,1.038,0.999,1.573,1.249,0.001,0.787,0.587,0.476,1.044,0.837,0.594,0.532,0.842,0.874,1.135,1.146,0.565,0.843,,1.038,2.153,1.043,1.359,0.811,0.736,0.764,0.61,1.799,1.434,0.804,1.435,1.424,1.287,0.766,0.736,0.686,0.48,0.079,0.383,0.183,1.017,1.032,1.019,1.089,,0.578,0.741,1.127,1.33,0.34,,1.025,0.894,0.59,0.906,0.776,0.862,0.642,0.773,0.632,0.587,1.629,,0.956,,0.481,1.13,0.737,1.015,0.74,0.536,1.248,0.41,1.001,0.846,0.91,1.061,0.866,0.833,0.802,0.74,0.56,0.025,0.312,0.57,0.83,1.348,1.468,0.991,0.753,1.626,0.272,0.335,1.43,0.207,0.987,0.632,0.774,0.398,0.427,0.598,1.425,1.328,1.401,0.87,1.187,0.795,0.328,0.583,0.927,1.374,1.473,0.644,0.857,0.857,,1.404,1.998,1.464,2.021,3.77,0.304,0.91,0.293,1.974,2.013,0.351,1.11,2.259,2.003,3.137,1.712,2.617,1.648,1.593,1.385,1.288,1.192,0.983,1.123,1.723,1.119,1.163,,1.209,0.666,0.597,0.442,0.446,0.442,0.812,0.594,0.937,0.77,1.449,2.367,1.827,1.122,1.617,1.461,0.967,1.018,0.709,0.954,1.347,0.892,0.635,1.389,1.22,1.747,0.951,0.587,1.222,0.756,1.962,1.018,1.676,0.851,0.377,0.597,0.708,0.474,1.106,1.3,1.07,,0.397,0.775,1.279,1.093,1.145,1.014,1.295,0.899,1.059,0.963,0.989,0.958,1.055,1.97,1.006,1.952,1.227,1.571,0.768,1.278,0.792,1.63,0.876,0.852,1.427,1.211,0.849,0.792,0.653,0.826,0.885,,1.044,1.425,1.626,0.065,1.412,0.041,1.002,0.672,0.699,0.61,1.932,0.596,1.124,0.86,0.938,1.69,1.253,1.327,1.268,1.242,1.856,0.709,1.397,1.734,1.126,0.701,0.789,1.286,,1.123,1.299,1.067,1.183,1.329,1.202,1.159,1.551,1.982,2.12,2.459,1.852,1.406,3.029,2.005,1.23,1.145,4.038,1.106,1.742,1.548,1.447,1.408,1.161,1.368,0.008,,1.48,1.686,1.85,,1.683,1.454,1.737,1.785,1.688,3.295,1.269,2.093,1.632,1.43,1.007,1.185,2.705,1.493,1.17,1.298,1.425,1.333,1.292,0.751,0.61,1.008,0.755,,1.162,1.408,0.976,1.068,1.645,1.288,1.802,0.756,1.3,1.054,1.196,1.097,0.846,1.012,1.951,0.972,1.739,1.606,1.237,1.197,0.538,,0.741,1.074,0.426,1.252,1.461,1.119,0.551,0.358,0.691,0.209,0.261,1.209,0.458,0.512,0.91,0.439,0.6,0.369,1.29,0.497,0.359,0.322,0.675,1.43,,0.612,0.698,0.124,0.784,,1.406,0.671,0.837,0.025,0.779,0.486,0.571,0.493,0.369,0.255,0.724,2.792,2.584,2.558,3.52,3.866,1.289,1.782,1.562,1.147,2.144,0.91,2.967,2.125,0.93,0.508,1.133,2.115,1.46,1.354,0.198,0.701,1.368,2.929,0.878,1.141,0.566,2.629,,1.508,1.251,1.205,1.253,,1.122,2.223,1.219,1.182,0.574,0.886,0.365,0.634,1.072,0.906,0.025,0.553,0.995,1.718,0.848,0.244,1.72,0.815,0.679,0.194,1.11,1.315,0.678,0.484,2.029,0.206,1.731,2.421,0.965,0.672,1.539,1.5,1.397,1.181,1.037,0.544,2.315,2.021,1.481,0.74,0.681,0.382,1.793,3.57,1.702,1.877,0.696,1.459,0.496
20160203,17,CO_24h,1.233,0.6,1.154,1.254,1.129,1.242,2.183,0.992,0.829,1.338,1.271,1.904,,2.642,2.912,3.029,2.368,2.741,3.431,,,3.042,1.607,2.308,1.33,2.486,,1.667,2.084,1.879,1.558,1.834,1.303,0.893,1.967,2.712,1.793,1.703,2.16,2.014,2.266,3.306,3.001,2.069,2.161,6.854,6.501,6.956,6.946,4.746,4.75,4.319,3.679,4.066,6.625,0.678,0.733,0.491,0.715,0.539,1.034,1.272,1.492,1.203,0.666,2.876,1.874,1.909,1.852,4.409,5.016,3.66,2.841,2.908,2.983,3.23,3.395,3.654,3.46,1.781,,1.637,2.765,3.224,3.738,3.37,3.311,2.914,1.872,2.21,1.14,4.08,2.352,1.849,1.614,1.572,1.217,2.05,2.105,,2.206,2.256,1.544,2.065,2.123,,2.087,1.354,1.421,1.644,1.619,1.498,1.707,1.571,1.278,1.333,0.742,1.209,1.23,1.419,1.157,1.216,0.958,1.764,1.37,1.14,0.986,1.543,0.732,3.411,,1.7,0.654,1.519,1.155,2.143,1.726,1.285,0.762,1.509,1.172,1.272,0.831,1.194,1.23,0.867,1.505,0.858,2.023,1.804,3.04,1.811,2.107,1.855,1.544,1.415,1.586,1.37,1.606,1.378,1.911,1.718,1.447,1.504,1.623,1.39,1.11,0.992,0.654,0.843,1.926,1.645,1.196,1.537,1.976,2.205,1.837,1.571,1.925,2.128,1.478,2.043,1.622,1.755,1.968,1.09,1.703,,1.972,2.541,1.501,1.933,1.815,2.28,1.789,1.949,1.822,1.732,1.64,,1.214,1.249,1.512,1.481,1.597,2.135,1.186,1.418,1.73,1.488,2.271,1.609,1.044,1.069,1.069,0.924,2.224,2.132,2.239,2.645,0.958,0.705,0.671,1.057,1.299,1.323,1.157,1.153,1.386,1.255,0.947,1.242,0.932,1.065,1.106,,0.93,1.133,0.875,0.878,1.062,1.199,0.952,0.989,0.869,1.264,,1.217,,1.271,1.469,,1.063,0.716,1.109,1.218,1.024,0.931,0.946,0.835,0.835,1.053,0.963,1.01,0.838,0.993,0.814,1.288,1.651,1.244,1.139,,1.487,2.216,1.495,,1.431,0.494,0.842,0.569,,0.922,0.805,0.718,0.709,0.728,1.053,0.876,0.992,0.432,1.203,0.986,0.857,0.978,1.044,0.962,1.849,1.384,1.224,1.269,,1.267,1.859,0.955,1.307,1.167,1.354,1.591,1.449,1.927,1.16,1.694,1.957,2.03,1.562,1.386,1.577,1.499,1.489,1.888,2.023,0.989,1.282,1.519,1.414,1.418,1.31,1.801,1.436,2.111,0.801,1.04,2.148,1.012,1.51,1.42,1.354,1.744,1.223,1.637,1.331,0.68,0.934,,0.778,0.816,0.759,0.684,0.897,0.851,0.728,1.512,1.111,1.005,1.244,0.776,1.193,0.96,1.32,1.036,1.266,1.105,1.035,0.882,0.97,0.934,0.906,0.668,0.618,1.079,0.938,0.982,0.854,0.956,1.073,1.136,1.089,1.011,0.856,0.791,0.953,1.239,,0.896,0.994,1.012,0.912,0.922,1.08,1.019,0.873,1.062,0.864,1.278,1.08,1.108,,1.403,1.067,1.259,1.38,1.442,1.163,1.447,1.531,0.944,0.827,1.213,1.006,1.306,0.926,1.511,1.463,1.221,1.244,1.323,1.01,1.322,1.313,1.155,0.991,1.094,1.4,1.576,1.579,1.346,1.229,1.293,1.42,1.544,1.361,1.618,,1.886,1.306,0.592,1.333,0.703,0.751,0.831,1.065,1.504,0.892,0.944,1.264,0.746,1.204,2.342,1.655,1.928,2.124,1.292,1.653,0.815,0.367,,0.359,1.558,2.888,2.019,1.75,1.944,2.725,2.132,3.897,3.766,2.231,1.878,2.267,2.378,2.699,1.614,1.522,1.623,2.162,2.204,2.533,1.5,2.195,1.006,3.078,2.34,1.841,1.974,2.488,,4.264,4.647,3.825,3.635,3.037,2.224,1.424,1.394,2,1.751,,1.402,1.353,1.194,1.313,1.168,0.626,0.923,1.5,1.806,1.518,2.328,2.553,1.456,2.697,3.494,1.648,0.929,0.473,0.666,0.971,1.839,1.893,1.171,1.356,2.182,1.757,2.435,2.098,1.31,1.623,1.035,1.621,2.659,2.324,2.034,0.669,0.759,0.776,0.605,2.059,2.342,2.989,2.266,2.092,2.07,3.405,,3.716,3.232,2.048,,2.085,2.848,3.317,3.183,1.411,2.096,2.588,,3.629,1.874,3.049,0.999,1.435,1.569,1.595,1.303,0.979,,0.941,1.618,2.098,2.378,,2.11,,2.184,1.302,1.394,1.22,2.079,,2.906,2.706,1.595,,0.807,1.091,1.46,1.428,1.443,1.432,,1.357,1.22,0.732,0.813,1.317,0.923,1.009,0.988,0.967,1.001,1.146,1.189,1.128,1.001,1.085,1.121,0.685,0.88,1.154,1.159,0.926,1.169,1.245,1.247,1.36,1.287,1.22,0.993,0.933,0.89,0.986,1.385,1.119,0.937,1.11,0.792,1.025,1,1.051,1.16,0.971,1.047,0.979,1.847,,0.935,1.35,1.865,1.678,1.583,1.559,1.509,3.01,2.696,2.345,1.643,2.326,3.019,5.629,5.511,,3.34,4.096,4.995,8.484,2.131,4.465,3.74,5.387,3.761,1.428,2.583,2.539,0.935,0.373,2.528,0.805,0.3,,1.705,2.03,2.271,2.826,2.903,2.102,0.643,4.215,4.168,1.427,2.865,2.079,4.011,2.013,2.711,2.963,3.761,2.549,2.868,1.389,1.632,1.891,1.159,1.539,1.786,0.821,2.102,1.721,1.042,,0.768,0.651,1.344,0.732,0.912,0.781,2.272,2.115,1.363,2.256,1.161,0.837,0.62,0.802,1.052,0.828,1.222,1.284,1.703,1.05,2.546,1.446,1.658,2.259,2.942,1.68,0.803,0.835,1.065,1.413,0.718,1.411,0.586,2.719,2.28,3.383,3.417,2.858,2.194,1.924,4.367,7.103,3.462,4.908,5.042,1.871,1.015,1.247,1.744,2.462,3.403,1.836,1.658,1.734,1.83,2.38,1.408,2.39,3.301,3.77,1.447,1.088,1.262,0.936,1.367,1.218,1.71,2.319,1.447,1.297,0.952,1.315,1.55,0.893,0.957,1.081,1.518,0.782,1.326,1.086,2.32,1.722,0.991,0.691,1.038,1.128,1.169,1.423,1.274,1.486,1.1,1.406,1.064,1.235,1.139,,1.284,1.136,1.026,0.867,2.205,1.551,1.227,1.192,1.701,1.555,1.218,1.815,1.361,1.212,2.803,1.931,1.684,1.045,0.954,0.966,0.92,0.871,1.353,1.323,1.221,1.731,1.289,1.864,1.36,1.606,0.692,1.873,1.184,1.178,1.456,1.454,1.035,0.451,0.957,,1.117,1.129,1.396,1.92,2.778,2.156,2.555,1.452,2.454,1.709,1.076,1.67,1.434,1.52,2.046,1.309,1.334,2.79,2.156,1.536,2.49,2.079,2.049,1.292,2.416,2.523,1.8,1.126,0.222,2.002,0.439,,1.788,2.157,1.992,1.351,1.435,2.247,1.846,1.173,1.507,1.641,1.424,1.105,2.302,1.801,1.185,1.112,3.419,1.531,1.764,1.825,1.819,1.77,3.222,2.415,2.792,1.967,1.486,1.878,2.268,2.248,2.259,2.684,1.258,0.847,1.66,1.929,2.247,2.751,1.335,1.153,0.884,1.161,1.132,,1.405,1.393,1.791,1.679,0.716,1.006,1.202,1.163,1.612,1.587,1.598,1.799,1.835,1.447,1.818,0.944,0.99,,,0.996,0.885,0.987,0.957,1.308,1.131,,,1.249,1.366,1.097,1.365,0.623,1.365,1.904,1.251,1.162,0.984,1.741,0.81,0.816,0.937,2.731,1.952,2.959,4.05,1.895,2.706,2.009,1.758,2.365,1.592,2.148,2.802,,1.95,2.623,5.14,4.091,,4.867,3.886,4.33,2.511,3.523,3.434,,4.608,3.015,2.19,0.936,0.936,1.196,0.838,0.532,0.911,0.574,2.071,0.765,0.758,1.372,0.995,0.69,0.311,0.498,0.207,1.256,1.519,0.416,3.184,0.937,0.952,1.048,1.344,1.44,2.102,1.637,1.901,1.929,1.388,2.042,1.015,3.451,2.455,4.727,2.188,1.005,1.054,1.196,2.556,2.129,1.7,2.996,1.61,1.836,1.513,0.629,0.59,0.509,1.392,1.68,0.985,1.83,0.548,2.597,1.655,1.928,0.787,3.716,,1.463,1.051,0.935,0.715,,0.866,0.479,1.997,1.799,1.27,0.964,0.989,1.697,1.67,1.102,0.816,0.597,0.367,1.397,1.054,1.332,0.626,1.229,1.605,1.336,1.299,1.095,1.187,,1.295,2.497,1.239,1.533,1.028,1.557,1.121,1.045,2.153,1.568,1.085,1.503,1.362,1.412,0.818,1.075,0.84,0.654,0.17,0.518,0.21,1.7,1.522,1.731,1.49,,0.775,1.366,1.815,2.102,0.283,,1.14,0.946,0.989,1.243,0.939,1.113,0.777,0.887,0.666,0.821,0.858,0.334,0.813,0.009,0.563,1.123,0.797,1.021,0.801,0.61,1.079,0.413,1.066,0.857,0.994,1.057,0.907,0.776,0.744,0.743,0.034,0.661,0.566,0.777,0.796,1.403,2.125,1.76,1.569,2.061,1.054,0.829,1.904,1.577,1.893,0.839,0.967,0.755,0.778,0.856,1.362,1.314,1.433,0.88,1.099,0.996,1.299,0.948,1.056,1.342,1.442,0.784,1.299,1.357,,1.805,2.294,1.603,2.366,2.395,0.289,0.82,0.516,4.338,3.27,2.157,1.591,5.469,2.608,3.78,2.139,3.011,2.192,1.992,1.872,1.589,1.52,1.346,1.468,2.225,1.182,1.914,,1.749,1.988,1.994,0.786,0.65,0.708,1.25,1.189,1.333,1.143,1.392,2.561,1.908,1.569,1.732,1.357,1.398,1.376,0.792,1.113,1.393,1.053,0.759,1.732,1.602,1.929,1.199,0.908,0.937,0.956,3.234,1.969,2.128,1.263,0.839,0.973,1.128,0.783,1.481,1.362,1.596,0.221,0.588,1.132,1.605,1.479,1.581,1.527,1.657,1.06,1.284,1.171,1.215,1.219,1.283,2.328,1.255,2.395,1.754,1.895,0.598,1.103,0.774,1.571,0.878,0.923,1.147,1.224,1.136,1.061,0.894,1.035,0.888,1.298,0.825,1.66,1.858,0.31,1.645,0.067,0.39,0.593,0.694,0.752,2.58,0.582,1.109,0.888,0.98,1.574,1.315,1.362,1.091,1.283,1.789,0.583,1.394,1.617,1.406,0.719,0.804,1.087,,1.362,1.674,1.55,1.602,1.436,1.256,1.209,1.634,1.546,2.024,2.361,1.916,1.195,2.552,1.453,1.26,1.278,1.508,1.181,1.542,1.711,1.633,1.48,1.111,1.288,1.129,0.984,1.219,1.329,1.6,,1.442,1.405,1.575,1.818,1.479,1.902,1.102,2.045,1.516,1.363,1.25,1.462,3.078,1.518,1.139,1.267,1.445,1.292,1.253,0.77,0.824,0.918,1.07,,1.44,1.898,1.781,1.923,2.384,1.234,1.402,0.794,1.218,0.974,1.403,1.203,1.016,1.247,1.203,0.964,1.871,1.627,1.36,1.196,0.564,,0.579,1.336,0.068,1.146,1.435,1.236,0.56,0.488,0.983,0.381,0.621,1.326,0.679,0.736,1.077,0.678,0.782,0.42,1.341,1.048,0.291,0.33,0.615,1.938,,0.642,0.753,0.103,0.978,0.756,2.008,0.724,1.048,0.066,0.049,1.596,2.269,0.551,0.548,0.26,0.746,2.755,3.035,2.911,4.1,4.053,2.677,3.029,2.777,0.332,2.118,1.258,3.393,2.149,1.119,0.767,0.877,1.812,1.858,1.981,1.358,1.491,1.94,3.15,1.863,1.072,0.734,2.607,,1.714,1.695,1.517,1.109,,1.945,2.759,1.46,1.716,1.003,0.734,0.596,0.789,1.379,1.174,0.676,1.231,1.632,1.034,1.297,0.597,1.957,1.304,1.069,1.068,1.907,1.523,0.94,0.491,2.887,2.598,1.612,2.417,1.128,0.898,1.438,2.715,2.346,2.117,2.267,2.965,3.196,2.186,2.496,0.523,0.734,0.874,1.731,3.011,2.714,2.151,0.702,1.979,1.223
20160203,18,AQI,70,51,67,64,53,72,69,60,35,54,33,79,,165,172,112,113,122,152,,,105,128,132,104,28,,82,113,90,105,122,112,208,56,70,52,50,71,52,47,78,16,54,43,168,129,152,148,124,176,195,143,135,137,38,38,52,59,32,33,51,23,55,26,109,77,73,78,148,206,139,120,175,147,190,212,233,251,112,,89,84,63,87,66,112,105,20,103,83,95,85,86,79,64,74,59,85,,95,54,56,53,86,,70,74,68,60,63,53,73,73,98,130,42,107,94,70,64,74,83,99,66,63,89,87,93,140,,105,124,105,93,69,92,108,254,83,50,90,46,133,72,29,63,40,125,108,122,112,125,119,112,118,93,75,69,75,95,58,91,73,97,98,83,90,97,77,134,142,176,172,92,95,87,82,94,87,89,92,104,132,98,135,117,,144,142,129,138,125,137,162,130,139,115,128,,138,112,148,118,84,93,115,158,189,155,162,147,180,150,190,136,172,202,148,172,139,130,64,195,144,139,150,149,179,155,89,77,110,67,117,,,104,128,114,115,103,104,139,160,112,,125,,137,128,,105,105,82,48,35,38,117,122,105,103,97,93,59,75,67,110,82,110,118,,127,114,133,,89,49,53,50,,48,51,33,48,43,69,59,60,74,53,79,57,73,78,125,51,109,92,109,,129,140,168,172,158,153,176,185,186,229,347,108,95,112,108,109,104,132,110,84,73,83,90,97,85,93,110,95,85,58,100,103,114,115,109,108,119,113,120,92,60,58,,52,58,67,57,57,74,58,68,60,59,58,64,42,64,68,46,48,43,62,65,55,54,55,49,53,46,85,83,53,62,67,53,53,68,52,52,53,62,,57,55,52,58,59,57,50,53,50,53,68,79,70,,89,80,82,94,72,79,84,97,50,52,56,58,67,75,92,93,75,79,74,66,75,83,70,69,,89,68,82,83,87,127,102,92,100,108,,99,58,93,100,78,95,107,102,98,90,89,38,38,33,35,41,37,36,62,42,37,31,,32,102,133,114,129,200,91,183,153,128,104,95,128,140,95,97,79,87,93,72,118,107,114,118,65,66,103,78,118,,416,232,250,500,257,339,139,148,142,134,,108,149,104,107,120,88,114,173,163,88,79,89,83,95,87,53,44,22,30,43,110,92,132,69,173,83,77,108,165,123,87,87,77,90,85,56,52,50,46,169,132,113,149,183,158,120,,203,173,94,,107,118,124,130,144,97,140,,144,124,127,138,166,150,153,67,92,,73,98,110,114,,93,,162,112,108,82,118,,130,172,125,,58,82,72,140,84,98,,69,62,59,70,56,40,39,46,46,47,53,63,67,59,65,60,72,54,55,51,48,60,52,50,49,42,43,15,67,68,62,67,60,62,60,54,50,60,63,60,82,88,53,57,39,53,28,33,30,89,82,105,44,41,51,36,53,60,69,,,59,67,63,150,48,46,53,47,42,54,65,74,64,39,33,29,28,28,158,163,159,173,235,140,100,72,84,94,100,70,85,120,100,143,112,139,113,186,114,153,140,176,63,86,139,72,88,,57,36,44,69,51,60,117,109,115,152,110,82,63,57,84,70,83,94,92,95,107,129,67,104,133,72,60,75,79,68,90,42,70,112,66,59,89,67,72,88,88,117,78,103,115,64,108,63,103,89,85,178,168,112,110,109,94,94,98,113,85,178,200,175,192,190,75,93,92,97,87,94,92,80,107,87,102,120,112,108,107,147,109,88,102,100,105,110,77,92,79,85,92,99,102,94,102,103,28,31,129,145,142,134,139,148,153,129,112,117,62,74,56,67,115,95,90,94,135,130,138,129,97,114,112,117,114,149,132,159,175,153,100,85,88,,67,53,44,118,139,152,244,103,107,128,109,47,64,78,59,128,120,84,92,105,120,97,97,132,150,148,84,109,94,138,103,,94,158,98,94,110,179,189,342,89,114,107,113,108,104,128,128,132,108,180,202,112,101,64,58,80,69,142,98,95,95,95,103,107,88,78,58,85,82,117,112,119,68,73,,79,97,89,,47,48,102,114,152,144,111,109,112,127,125,156,135,,53,133,132,107,99,115,127,,,95,98,117,83,102,77,70,77,80,77,73,53,59,62,58,53,80,75,57,55,53,40,104,49,54,103,,104,89,129,212,,115,122,39,53,42,50,,45,54,36,50,114,88,85,43,49,64,69,63,53,39,81,45,28,26,20,54,63,63,45,44,35,35,29,144,99,112,102,169,144,135,129,40,27,52,22,74,77,67,54,59,35,58,64,54,52,50,65,50,79,219,147,35,61,80,35,77,85,72,,201,67,65,49,56,67,54,76,92,72,109,51,73,104,45,54,75,78,72,89,44,25,85,90,82,105,115,119,,93,122,73,133,69,70,99,77,65,68,68,72,77,64,64,68,54,64,60,68,44,130,152,125,64,,52,74,60,93,63,,55,63,42,53,67,74,55,74,93,109,35,,68,57,23,58,35,38,36,25,33,22,29,29,28,33,32,49,49,39,63,64,57,54,67,95,124,99,88,89,90,80,70,94,74,54,64,59,63,65,54,63,64,52,78,88,85,75,80,88,95,110,89,99,,65,82,62,68,58,74,68,72,152,89,83,134,156,134,125,80,104,73,93,69,74,83,75,77,88,77,85,,103,76,73,88,71,90,64,74,64,59,68,83,99,88,80,75,82,83,64,77,80,77,75,67,80,95,90,90,98,74,70,75,69,74,56,59,63,59,110,100,72,92,87,68,83,77,78,88,78,103,117,93,114,104,108,89,110,94,109,70,83,64,100,88,54,48,60,48,55,58,72,90,72,99,105,105,80,90,104,83,170,155,64,59,74,65,85,75,69,95,226,97,70,65,92,80,39,63,74,82,69,85,75,63,68,57,68,89,89,87,119,212,169,223,135,118,100,122,93,97,69,112,112,100,104,100,134,135,128,140,88,127,105,,117,172,176,144,162,213,169,114,159,144,48,73,78,50,82,149,124,135,165,19,22,38,57,,42,35,42,40,41,70,108,65,67,77,65,78,79,65,98,77,39,39,30,58,74,,64,64,54,54,44,26,28,34,26,37,38,42,31,36,27,38,53,40,36,35,48,70,63,56,,65,65,19,16,25,28,152,232,36,43,14,94,49,28,26,24,162,198,175,147,54,54,59,51,117,120,104,68,63,70,67,70,59,73,96,52,73,74,53,80,119,135,71,,72,41,78,85,,72,65,90,64,100,233,193,83,72,191,113,98,94,53,62,49,79,87,65,102,94,60,65,38,130,264,90,110,60,71,139,106,143,128,98,91,100,162,115,48,68,26,183,315,302,55,50,95,59
20160203,18,PM2.5,51,25,48,46,37,52,50,43,24,38,22,58,,125,130,84,85,92,116,,,79,97,100,72,,,47,85,42,79,92,84,158,32,42,34,28,33,36,11,56,,21,11,127,98,116,113,94,133,146,109,103,104,17,19,7,15,9,23,7,9,39,13,82,39,53,57,113,156,106,91,132,112,143,162,183,201,84,,66,62,45,64,43,84,79,,77,61,71,63,61,58,38,54,42,63,,71,36,37,37,62,,43,54,49,43,45,28,53,53,73,99,25,80,70,50,46,54,61,74,47,45,66,64,69,107,,79,94,79,69,50,68,81,204,61,35,67,30,101,52,18,45,28,95,81,92,84,95,90,84,89,69,55,50,55,71,41,44,53,72,73,61,67,72,56,102,108,133,130,68,71,64,60,70,64,66,68,78,100,73,103,88,,110,108,98,105,95,104,123,99,106,87,97,,105,84,113,89,50,69,87,120,142,118,123,112,136,115,143,91,130,152,113,130,106,99,46,146,110,106,115,114,135,118,66,56,83,48,88,,,78,97,86,87,77,78,106,122,84,,95,,104,97,,79,79,60,31,16,26,88,92,79,77,72,69,42,55,48,83,60,65,89,,96,86,101,,66,34,31,34,,33,29,23,33,25,39,40,42,54,,58,9,53,52,95,,82,68,82,,98,107,127,130,120,117,133,139,140,179,134,81,71,84,81,82,78,100,83,61,53,61,67,72,63,69,83,71,63,41,75,77,86,87,82,81,90,85,91,68,43,41,,36,41,48,40,38,54,41,49,43,42,41,46,27,46,49,32,33,30,44,47,38,38,39,34,37,32,63,61,37,44,48,24,,49,29,20,30,44,,40,39,36,41,42,40,35,37,35,37,49,58,51,,66,59,60,70,52,58,62,72,34,36,38,41,37,55,68,69,55,58,54,20,55,61,51,50,,66,49,60,61,64,96,76,68,75,81,,74,34,69,75,57,71,80,76,73,67,66,19,14,19,14,18,13,25,16,12,13,14,,7,76,101,,98,150,64,138,117,97,78,59,91,107,71,72,58,64,69,52,89,80,86,89,47,4,77,57,89,,373,182,200,380,207,289,106,113,108,102,,81,114,78,80,91,65,86,131,124,65,58,62,40,71,64,18,30,7,17,18,83,68,100,50,131,61,56,81,125,93,64,64,56,67,56,38,36,35,23,128,100,85,114,138,120,91,,153,131,70,,80,89,94,99,110,72,107,,110,94,96,105,126,115,117,48,68,,53,73,70,86,,69,,123,84,81,60,89,,99,130,95,,38,60,52,107,62,73,,50,44,42,51,,27,27,29,28,29,30,45,48,42,47,43,52,34,32,34,33,43,36,35,34,29,30,,48,49,44,48,43,44,43,38,35,43,45,43,60,65,37,40,27,37,19,23,18,66,60,79,14,27,21,22,29,43,49,,,42,46,42,115,33,12,36,32,19,25,47,51,36,18,6,5,7,17,120,124,121,131,185,107,75,52,45,65,75,41,63,91,75,109,84,106,85,140,86,117,107,133,45,62,106,52,65,,40,25,25,31,31,43,88,82,87,116,83,60,38,40,62,51,61,70,68,71,80,98,,78,101,52,36,55,58,49,67,29,51,84,38,34,66,37,52,65,65,88,57,77,87,39,81,45,77,66,63,134,127,84,83,82,70,70,73,85,63,134,150,132,144,143,55,69,68,72,64,70,68,59,80,64,76,91,84,81,80,112,82,65,76,75,79,83,56,68,58,63,68,74,76,70,76,77,13,6,98,111,108,102,106,113,117,98,84,88,39,51,32,48,87,71,67,70,103,99,105,98,72,30,84,88,86,114,100,121,132,117,75,63,65,,48,27,24,89,106,116,194,77,80,97,82,29,46,57,42,97,91,38,68,79,91,72,72,100,115,113,62,37,33,34,56,,70,120,37,35,52,135,142,292,66,67,60,54,81,78,97,97,100,81,136,152,84,74,46,41,59,40,108,73,71,71,71,77,80,65,57,41,63,44,88,84,90,49,53,,58,72,66,,14,17,76,86,116,110,,82,84,96,95,119,103,,37,101,100,80,74,87,96,,,71,73,88,61,76,53,51,56,59,56,53,37,28,44,40,17,50,25,29,32,37,28,78,34,30,77,,78,66,98,162,,87,92,20,30,29,28,,31,30,20,30,15,22,30,30,32,46,50,38,37,16,18,23,17,8,5,31,40,30,31,28,24,23,20,110,74,84,76,128,110,103,98,20,16,31,15,54,56,48,38,42,22,21,46,38,30,26,47,35,58,169,112,18,32,56,13,51,63,52,,151,48,47,34,28,41,38,40,51,52,82,35,53,78,31,38,55,,41,66,30,15,63,67,60,79,87,90,,69,92,,101,50,51,74,56,47,49,49,52,56,46,46,49,38,46,43,49,24,99,116,95,46,,36,54,,69,45,,39,45,25,37,48,54,39,54,69,82,24,,36,40,16,41,22,26,25,5,23,15,20,20,18,23,20,34,31,27,45,46,40,38,48,71,94,74,65,66,67,49,51,70,54,38,46,42,45,47,38,45,46,25,57,65,63,55,59,65,71,83,66,74,,47,60,40,46,41,54,48,52,116,66,61,102,119,102,95,51,78,49,69,36,52,61,55,56,65,56,63,,77,53,53,65,48,54,46,54,46,41,49,61,74,65,59,55,60,61,46,56,59,56,55,48,59,71,67,67,73,54,51,55,50,54,39,40,42,29,83,75,52,68,64,49,61,56,57,65,57,77,88,69,86,78,81,66,83,70,82,51,30,46,75,65,37,31,37,33,38,28,52,67,52,74,79,79,59,67,78,61,129,118,46,42,54,47,63,55,50,71,176,72,51,47,68,59,25,36,54,60,50,63,55,45,49,40,49,66,66,64,90,162,128,173,103,89,75,92,69,72,50,84,84,75,78,75,102,103,97,107,65,96,79,,88,130,133,110,123,163,128,86,121,110,33,53,57,35,60,114,94,103,125,13,4,21,40,,28,24,27,28,27,51,81,42,48,56,47,57,58,47,73,56,27,27,21,23,54,,46,34,32,36,20,13,17,15,8,16,25,16,17,18,18,26,23,28,25,15,33,51,31,35,,47,38,13,11,1,8,46,60,12,,,,34,19,5,8,123,148,132,112,34,34,42,32,88,91,78,49,45,51,34,51,42,53,33,17,38,34,37,59,64,56,50,,52,22,57,63,,52,40,54,8,41,183,52,40,12,34,85,73,70,26,40,34,41,43,47,76,70,43,41,12,86,214,60,83,38,38,62,66,109,76,47,66,75,123,87,33,14,18,138,265,252,31,30,71,42
20160203,18,PM2.5_24h,43,26,38,40,37,36,45,41,33,32,38,54,,124,121,90,95,101,127,,,82,90,107,62,103,,69,90,65,67,89,78,47,78,96,75,74,92,94,45,76,67,52,46,188,169,192,172,161,211,176,190,175,218,20,16,20,26,24,39,44,35,38,18,90,67,69,63,135,176,108,153,166,148,106,105,129,121,59,,44,82,90,50,50,60,85,76,78,87,111,92,59,62,58,80,112,103,,124,152,69,142,119,,141,65,63,44,49,34,46,49,57,66,33,91,91,79,91,86,69,92,96,82,80,87,96,111,,131,117,132,136,86,107,96,120,86,69,89,62,108,75,56,72,72,128,115,134,117,132,125,112,122,106,118,122,102,120,113,109,107,96,91,61,75,61,86,101,109,120,106,86,104,96,109,101,97,96,109,120,141,104,113,120,,123,129,120,120,125,142,150,136,136,132,145,,125,122,138,101,85,130,133,130,156,128,134,122,93,74,97,50,161,183,162,161,88,68,41,98,84,92,93,93,99,98,58,89,103,94,97,,,95,101,58,67,63,63,94,94,70,,82,,133,115,,72,93,79,64,63,69,87,67,69,74,67,69,56,72,56,95,56,94,97,,120,109,98,,93,25,25,25,,24,25,20,25,19,80,62,53,87,70,91,46,83,77,112,133,100,106,109,,108,121,78,99,89,80,97,101,103,107,100,85,85,87,96,96,88,94,78,72,88,104,106,102,108,105,103,95,113,74,93,94,89,96,81,107,105,98,89,77,41,37,,33,33,36,38,35,40,39,35,36,34,31,41,21,37,39,22,30,28,36,34,31,32,33,31,35,31,42,43,32,40,48,23,,39,23,19,41,22,,39,38,34,29,32,36,33,35,30,28,32,46,35,,83,86,76,78,73,66,77,80,17,22,26,28,26,54,76,65,58,62,63,45,59,64,63,63,,64,61,61,62,66,80,73,66,66,68,,69,67,70,73,64,73,58,55,73,67,66,50,33,23,50,49,59,49,60,45,33,21,,21,90,71,,90,135,80,164,61,137,66,127,84,65,87,91,65,68,77,66,93,101,113,51,91,109,96,86,95,,291,332,257,317,265,327,92,111,105,95,,110,135,79,107,123,42,72,111,99,54,83,77,46,92,92,32,44,22,25,29,85,77,83,72,90,82,101,114,69,66,37,100,75,71,83,25,23,24,18,143,127,102,149,167,150,146,,219,200,140,,136,129,146,148,135,90,137,,130,137,186,147,192,223,167,63,50,,53,78,77,135,,108,,133,123,120,96,144,,185,123,104,,49,58,51,134,103,104,,44,44,47,47,50,22,21,24,21,24,27,29,30,30,30,31,30,27,30,30,28,34,21,35,27,19,21,45,45,45,33,43,29,45,38,44,16,19,22,28,27,31,23,32,25,34,35,38,39,117,106,112,53,55,45,46,63,82,110,,,121,167,92,237,96,48,79,110,53,39,75,84,48,26,65,28,15,212,77,83,84,109,111,84,44,84,68,76,99,43,108,79,115,113,101,72,85,102,84,99,86,87,71,48,89,65,59,,41,42,49,45,48,60,98,90,112,121,79,78,53,42,65,40,66,94,71,94,96,92,92,87,100,74,48,87,66,76,66,94,21,102,76,72,104,94,74,84,128,116,88,118,125,61,56,74,89,53,41,106,66,99,100,92,92,66,70,78,61,119,126,140,123,123,78,90,87,78,79,80,74,66,79,69,78,102,98,85,85,93,57,57,90,93,105,91,53,65,65,74,66,66,69,78,68,78,9,8,76,85,87,86,122,125,132,117,108,104,64,63,47,61,94,83,79,86,102,108,109,103,64,73,86,76,84,106,96,105,114,107,63,63,61,,57,46,44,114,83,68,226,71,91,80,82,39,49,58,72,137,110,79,138,112,145,150,156,87,79,96,70,58,43,51,49,,93,135,83,77,52,112,141,129,85,76,61,59,128,129,98,93,150,88,109,120,74,75,148,124,99,97,73,56,101,95,105,121,93,57,81,71,68,41,111,117,104,72,84,,85,98,102,,56,58,131,80,118,117,128,100,111,125,128,99,98,,74,73,65,63,55,76,79,,,59,64,85,73,57,71,74,96,99,85,79,38,29,43,63,53,83,50,76,62,103,88,168,90,55,70,,76,83,137,149,,149,102,73,48,79,33,,54,119,86,68,29,42,34,34,25,60,79,57,41,61,27,34,17,13,7,46,48,37,92,78,54,90,100,66,75,72,71,124,91,89,94,85,44,69,50,81,76,76,103,110,89,101,92,86,38,41,43,36,56,89,45,21,45,62,20,36,58,50,,72,50,58,41,40,50,28,52,50,53,67,35,58,108,57,34,42,,73,85,69,25,87,32,109,117,126,130,,132,113,118,41,60,75,103,83,67,76,65,72,70,71,91,87,72,83,64,70,44,170,154,164,68,,54,85,98,96,51,,43,52,57,55,54,59,49,56,56,88,22,,27,30,14,28,26,30,25,6,24,18,23,18,16,19,20,28,36,31,46,62,59,61,57,68,110,97,93,91,82,63,68,78,64,47,61,66,62,59,49,62,65,32,75,66,70,62,61,76,91,78,73,87,,43,51,39,31,46,61,62,59,98,77,69,133,146,119,115,85,101,95,117,49,73,93,81,73,82,78,85,,90,76,82,93,86,96,70,98,73,76,78,84,93,78,87,34,60,67,47,77,95,86,76,97,100,118,83,82,97,74,78,86,90,92,72,76,75,60,90,74,52,66,67,79,81,86,79,93,89,92,106,95,102,99,87,70,76,74,90,73,134,98,82,85,56,51,48,56,64,60,72,73,64,71,62,93,56,77,88,47,85,95,43,35,50,44,66,59,55,74,73,74,57,48,61,67,22,33,40,65,79,63,55,64,84,76,36,40,67,69,86,122,117,146,90,74,65,74,75,84,75,71,106,100,97,98,76,78,75,70,49,59,60,,65,89,94,93,95,94,121,93,122,100,62,88,117,58,49,74,76,79,90,13,29,18,44,,44,62,77,72,87,39,54,50,48,49,47,58,61,51,47,41,59,61,25,29,60,,47,40,35,43,20,23,27,23,28,29,52,39,25,25,36,40,45,38,22,27,41,51,31,51,,34,36,12,15,34,32,48,85,16,18,,90,22,22,8,11,136,150,152,146,41,64,74,60,80,103,91,48,43,65,53,37,38,49,39,29,60,63,48,89,65,54,64,,68,23,68,59,,99,59,46,19,62,104,39,46,31,25,127,112,103,29,79,71,58,65,58,96,100,47,42,15,127,326,47,76,47,46,54,103,161,105,71,108,81,95,103,24,7,20,107,189,332,51,25,87,37
20160203,18,PM10,54,52,56,56,39,58,58,53,32,39,33,89,,176,165,144,139,143,182,,,111,171,159,157,24,,114,101,130,107,127,113,227,62,90,54,50,91,49,47,105,,58,43,198,167,189,158,143,186,194,169,162,137,38,38,54,68,32,24,51,23,,20,117,104,84,93,148,175,192,155,181,144,182,238,240,256,95,,86,81,67,94,81,122,116,,135,112,112,89,121,79,77,83,67,93,,104,57,62,56,122,,90,90,72,59,72,55,87,73,102,136,42,155,115,90,65,68,90,110,81,72,113,69,75,110,,104,109,110,105,70,72,97,,65,44,77,46,,52,29,,,142,130,131,137,121,122,132,131,103,55,51,74,122,58,132,66,93,87,102,93,96,90,160,184,134,162,134,118,116,105,116,100,114,115,123,149,121,136,125,,135,121,134,126,131,146,143,132,132,137,155,,,145,146,124,117,115,114,134,167,174,176,163,167,129,172,222,159,314,144,169,152,135,53,192,142,156,164,151,182,194,91,82,113,65,127,,,95,146,108,115,98,100,140,154,146,,128,,121,117,,146,92,,48,22,35,,,,100,99,128,58,73,62,119,75,169,,,122,107,125,,126,41,55,50,,33,51,29,46,43,87,67,69,61,56,,64,67,106,107,,129,129,100,,132,169,162,196,170,173,176,232,204,230,457,96,105,99,121,103,93,139,106,118,58,,93,79,81,,,124,103,,89,,,93,91,93,107,90,100,90,68,56,,47,43,,52,63,62,44,53,45,46,48,48,42,49,,34,39,35,54,68,60,47,59,36,49,41,69,,45,45,60,56,56,51,53,54,56,54,,,42,37,,,47,44,49,,45,64,,51,,81,73,70,92,64,83,85,107,50,50,62,60,84,100,,73,58,69,65,82,58,77,54,60,,86,60,63,67,70,113,93,98,102,98,,92,66,82,81,89,86,119,98,91,102,110,38,38,33,35,41,37,33,74,42,37,25,,25,120,195,177,165,221,132,158,181,139,135,140,205,161,93,91,92,102,89,72,125,121,130,140,51,81,102,79,,,496,,,647,,330,146,186,133,171,,104,136,101,123,97,91,109,220,135,94,71,128,116,98,91,55,44,16,24,43,137,96,151,78,215,98,93,109,132,137,91,96,96,105,119,62,,49,46,145,120,156,176,169,174,161,,217,221,125,,144,148,135,124,133,135,139,,198,126,129,125,180,165,163,71,104,,82,76,169,137,,104,,186,92,86,74,125,,133,141,155,,65,92,87,151,94,119,,50,,57,,62,40,35,46,46,47,55,53,55,55,53,50,56,58,59,51,48,,45,45,41,40,35,,52,55,54,51,55,,47,47,48,61,74,51,88,81,56,44,29,51,26,32,30,115,102,107,44,41,52,36,56,,70,,,61,66,76,,43,46,56,47,42,58,69,97,78,39,33,29,18,28,164,202,207,200,259,156,99,60,117,137,98,89,68,127,122,191,119,161,112,,144,137,158,171,72,121,136,74,97,,51,26,36,87,51,,129,91,130,179,107,69,75,62,73,58,,,89,74,119,119,84,110,138,66,70,71,,,120,,62,116,81,67,66,84,79,92,92,117,81,103,112,77,,62,105,113,104,188,136,96,95,85,112,109,87,110,86,174,198,,172,171,77,97,75,94,73,72,92,70,80,,80,101,85,,137,153,86,80,,93,93,109,61,79,72,74,83,102,99,84,120,88,18,22,113,131,123,113,118,,132,121,99,103,73,98,62,71,120,109,88,88,107,118,133,137,113,178,114,101,108,137,154,145,140,155,81,63,65,,57,56,44,148,187,160,,121,101,122,124,47,50,75,68,,,118,111,127,96,101,98,139,185,144,93,167,137,225,156,,93,157,145,137,169,189,175,371,104,177,164,175,125,103,140,139,143,119,177,193,109,151,77,53,76,88,124,130,96,109,100,128,101,85,81,57,110,113,136,133,116,78,82,,72,92,110,,47,48,106,119,146,152,171,,,126,121,163,177,,47,148,141,164,137,110,115,,,107,118,119,93,84,103,58,86,75,76,85,39,67,,65,56,110,99,63,59,51,,126,42,57,94,,106,103,114,,,131,154,39,55,35,50,,44,58,36,50,178,125,120,38,49,62,78,75,,39,111,45,24,19,17,58,75,75,,44,25,35,,169,108,90,126,161,,,119,22,27,44,,76,80,65,51,67,35,66,67,53,54,50,55,50,,188,,35,62,110,22,104,87,,,190,65,62,46,61,83,47,102,134,73,98,51,57,,37,57,60,105,94,102,44,25,,94,63,97,112,96,,,,95,,61,71,,65,63,75,77,79,60,62,,69,41,,,70,44,122,116,,49,,47,78,70,,64,,46,49,42,49,73,69,,89,100,102,33,,85,48,20,,35,36,36,7,23,,23,,28,29,32,42,49,39,56,58,54,50,53,100,167,117,107,99,84,110,,111,73,45,54,54,61,73,42,52,60,54,60,,78,59,73,92,112,,73,123,,78,82,73,85,62,76,85,92,136,,61,114,139,122,152,110,148,95,117,87,98,80,88,85,95,93,101,,105,102,74,109,92,130,77,97,63,67,65,84,102,81,72,65,66,81,67,71,71,74,55,55,75,114,105,91,92,72,68,78,58,70,61,67,76,67,93,80,75,88,68,65,84,84,72,73,80,,104,92,102,108,,,132,94,107,70,115,76,97,121,58,48,69,37,59,66,83,118,85,85,89,88,106,86,98,93,181,183,51,45,59,58,77,61,64,90,,82,65,80,73,77,39,75,,82,83,77,82,50,76,60,57,68,70,74,150,182,144,209,118,99,100,114,82,84,69,,,83,91,106,,114,,121,89,98,104,,125,165,153,132,165,170,196,168,217,195,47,86,71,44,104,122,115,163,142,14,11,38,44,,36,32,42,39,41,68,115,80,81,,71,69,72,58,109,100,35,37,21,66,72,,59,77,57,58,44,21,28,17,16,37,38,42,31,36,27,37,55,28,36,35,46,62,76,61,,68,80,13,15,23,,254,372,36,43,,137,,,22,11,144,197,139,120,58,58,64,51,126,116,98,64,52,55,83,53,57,69,142,53,96,98,46,67,188,219,91,,64,41,58,82,,70,80,129,78,149,236,336,115,93,332,105,106,89,55,73,49,108,123,66,144,125,57,80,18,209,386,130,128,70,92,228,162,194,205,145,131,146,133,,38,86,19,207,425,323,60,50,,48
20160203,18,PM10_24h,57,32,51,47,30,48,55,55,47,50,50,85,,185,165,118,137,141,167,,,125,139,146,108,115,,123,123,122,112,133,109,91,124,133,124,118,129,112,71,124,105,106,102,269,230,257,272,206,263,216,234,235,261,46,42,55,63,42,60,65,59,72,41,149,92,83,81,179,201,203,203,213,184,141,160,163,169,92,,59,110,130,83,98,94,128,121,120,124,183,121,100,104,95,124,147,155,,194,214,114,193,215,,185,97,84,61,75,61,69,75,80,91,46,161,138,130,119,105,94,127,130,109,130,101,118,127,,154,154,174,185,125,130,119,156,102,79,102,79,124,78,70,89,91,179,175,192,159,180,178,166,193,153,101,144,139,155,145,182,127,122,103,100,107,83,119,161,191,147,148,167,158,167,175,157,152,156,212,203,222,175,144,177,,156,151,170,158,166,181,198,181,195,189,208,,168,188,162,146,168,185,160,153,195,183,203,186,141,107,127,103,195,217,205,217,124,93,51,141,108,139,134,131,150,153,82,122,142,133,138,,,124,148,74,87,80,80,126,117,112,,113,,148,142,,125,108,,104,85,81,96,80,73,99,90,108,70,79,76,106,78,131,115,,165,116,108,,112,31,37,34,,22,35,25,41,32,115,104,83,105,81,110,58,102,113,142,204,148,185,139,,160,186,103,141,123,135,132,186,159,159,170,143,133,126,143,150,134,123,116,102,99,151,136,136,143,125,123,151,163,,113,136,143,98,92,125,96,124,102,77,51,47,,38,40,32,45,49,44,43,41,44,41,34,42,38,39,41,25,39,34,44,45,51,37,50,33,42,36,46,45,37,41,62,41,41,43,40,42,45,41,,41,42,38,36,40,42,42,43,43,40,42,56,40,,96,104,101,108,80,84,105,111,28,41,39,40,41,66,84,72,65,71,70,66,73,74,75,74,,77,76,80,77,79,96,92,92,89,78,,85,107,81,84,94,83,85,78,89,100,107,78,60,38,93,72,106,103,164,144,114,66,,64,146,138,126,152,185,169,219,146,188,125,189,159,135,156,131,99,109,112,92,132,141,164,85,128,163,142,131,134,,467,400,304,556,312,426,133,192,144,139,,140,160,114,142,131,63,92,190,110,80,111,141,96,128,133,64,69,39,41,56,139,105,119,100,131,122,148,143,85,83,55,147,127,120,145,38,36,30,27,216,172,183,229,232,219,229,,303,285,188,,191,198,186,213,183,161,226,,220,125,232,170,266,322,216,93,89,,76,105,148,197,,158,,202,149,150,147,237,,289,169,162,,65,90,79,184,150,161,,50,50,60,55,79,36,35,36,29,36,46,38,40,38,37,36,32,41,44,41,38,36,34,44,31,26,25,47,48,50,37,48,39,45,46,46,21,28,30,38,36,40,34,39,28,40,51,54,55,166,151,156,104,81,95,58,93,98,158,,,170,224,171,277,86,96,120,120,38,81,163,172,106,54,107,51,35,323,114,139,142,181,174,134,58,114,148,134,128,97,160,106,179,188,159,130,106,120,122,128,130,123,92,81,156,89,79,,50,54,73,81,59,84,141,139,158,200,97,84,80,52,75,60,80,106,91,124,115,115,116,124,124,109,89,116,78,95,104,117,48,139,110,139,158,135,96,115,180,205,144,191,190,75,112,109,108,80,65,163,91,156,148,129,113,112,121,149,99,160,162,125,151,160,117,155,114,112,91,101,103,88,84,80,97,115,161,89,138,113,69,66,,97,106,113,59,73,72,72,70,90,88,92,94,88,14,13,91,105,102,101,139,137,148,139,118,121,115,117,82,89,111,120,107,109,123,124,129,138,100,124,114,95,119,132,140,131,139,169,82,66,68,,66,67,57,162,184,159,260,105,107,104,108,67,77,87,112,156,163,223,191,195,190,211,183,127,130,123,106,120,104,156,146,,145,198,225,132,143,163,224,273,165,251,235,247,178,177,148,135,209,139,139,157,117,116,186,152,167,145,98,96,138,139,165,170,136,80,104,96,108,106,155,154,139,113,114,,96,133,138,151,103,107,115,106,158,166,167,111,106,154,154,139,133,,82,116,102,121,104,99,102,,,96,92,118,96,71,123,116,130,118,105,127,56,60,54,143,132,156,180,135,114,120,106,243,137,89,99,,98,118,147,182,,210,178,145,62,94,68,,107,178,119,105,91,102,83,49,38,87,139,92,52,83,55,54,26,20,17,67,66,54,139,123,78,143,137,98,136,98,146,173,127,134,133,61,61,84,61,102,100,102,124,133,141,192,118,107,65,66,57,54,82,110,52,31,60,97,31,56,99,105,,93,64,68,56,62,69,31,132,111,68,83,65,84,202,65,39,44,48,122,113,90,34,109,126,131,142,146,143,,181,138,95,81,81,112,126,99,95,102,93,133,92,97,108,115,93,90,73,80,67,212,166,201,84,,62,101,106,112,67,,56,66,64,71,79,68,56,97,88,111,34,,43,39,22,31,32,40,33,10,24,15,40,22,23,26,30,32,47,42,60,84,86,85,70,90,137,123,125,120,105,128,106,119,86,51,70,77,68,71,60,71,78,72,80,71,83,70,75,111,132,92,91,123,,99,103,91,99,75,90,101,105,126,95,82,170,192,179,164,154,203,169,165,114,124,103,130,109,128,124,141,,137,157,121,132,126,145,101,151,105,111,100,117,112,93,105,46,77,81,68,97,112,101,93,114,135,170,129,116,119,110,123,128,112,117,98,112,131,99,99,88,89,83,82,87,100,104,97,105,106,107,114,117,127,118,,96,113,118,129,105,110,130,134,124,81,71,89,69,96,84,99,127,110,136,78,110,121,99,115,79,127,152,45,38,60,52,76,68,63,85,73,81,61,67,66,74,40,58,49,78,89,70,82,53,104,100,66,63,74,74,157,147,129,182,109,91,89,99,88,98,89,95,127,119,133,144,73,93,84,95,62,84,81,,96,111,115,111,147,124,186,163,192,177,89,130,138,74,89,99,105,122,115,21,36,30,47,,53,77,112,91,116,54,79,75,70,53,67,67,71,63,67,85,71,85,32,51,80,,57,96,56,64,43,38,33,31,44,57,65,58,36,36,55,55,72,49,32,67,59,55,40,82,,46,50,16,23,63,,274,293,71,68,,148,36,57,16,14,157,167,152,172,70,116,107,94,100,149,108,74,54,81,97,41,47,67,132,65,109,113,68,117,183,202,89,,100,55,77,79,,134,116,69,105,97,146,73,88,64,86,126,156,124,98,86,84,99,131,83,160,146,104,85,32,302,469,103,138,87,102,159,170,203,176,185,189,103,107,146,41,20,22,164,292,377,83,34,94,42
20160203,18,SO2,21,9,22,20,20,20,26,15,15,22,18,22,,75,83,55,38,22,73,,,39,41,47,18,44,,100,88,83,81,92,92,132,17,24,16,24,29,16,54,55,4,48,8,52,13,81,81,96,83,125,110,91,88,36,27,51,39,19,16,14,10,11,13,37,41,49,39,90,64,114,76,93,85,211,253,251,204,115,,210,88,80,189,126,369,248,41,90,66,64,50,25,58,27,40,63,49,,106,110,85,136,99,,13,83,98,36,112,60,140,117,45,37,8,131,96,131,60,103,26,46,79,33,13,33,33,78,,143,165,29,76,84,34,36,141,24,24,25,14,19,28,8,14,19,29,30,29,34,31,23,27,19,18,16,12,15,26,10,12,20,24,37,25,26,41,21,57,76,38,50,71,41,33,22,32,26,14,21,17,25,24,27,25,,21,22,25,22,27,30,24,26,31,24,37,,37,40,29,21,19,16,30,28,28,27,29,64,40,52,30,34,28,31,29,35,23,21,11,26,11,26,24,24,37,28,15,11,16,22,25,,,18,25,19,11,10,17,27,26,32,,26,,13,25,,15,16,9,10,3,5,15,23,12,15,15,15,8,8,6,40,27,22,27,,12,31,35,,46,5,12,5,,5,4,2,4,3,8,8,13,7,12,9,8,13,8,31,29,33,56,53,,71,39,11,77,37,43,50,42,46,39,113,43,40,57,41,26,38,44,36,55,14,9,25,15,18,15,12,29,23,7,5,8,7,10,12,11,18,58,14,4,4,3,,11,1,4,7,2,7,5,6,5,5,5,6,12,8,6,6,6,2,8,10,12,11,6,11,19,8,5,5,4,9,10,9,9,16,17,6,6,6,,6,5,11,2,6,5,4,4,4,9,3,7,10,,16,12,13,18,15,16,12,18,4,1,1,3,9,5,10,7,18,13,19,19,14,12,19,16,,15,17,15,20,21,12,7,19,9,8,,8,12,27,58,29,26,65,74,59,39,46,9,6,7,5,22,10,4,8,7,9,4,,6,44,75,47,46,25,55,55,39,27,36,57,64,45,44,56,20,46,46,17,26,26,20,126,103,182,164,134,107,,19,40,103,26,100,72,43,22,45,53,,10,27,27,15,28,32,13,47,20,31,37,29,43,30,54,37,38,11,9,30,74,31,54,18,63,37,185,50,48,44,26,104,171,92,351,8,4,7,3,183,69,72,62,111,73,64,,46,56,28,,39,34,24,25,68,72,63,,88,61,54,46,78,20,50,30,55,,57,44,50,96,,98,,97,44,31,35,48,,78,71,51,,38,31,41,141,94,82,,17,10,7,,12,14,7,7,11,6,8,9,7,9,6,14,9,9,5,7,3,6,2,6,8,7,8,3,2,6,5,6,6,6,9,12,12,12,5,3,7,3,2,21,13,13,9,6,7,38,29,37,21,83,42,23,22,57,283,,,105,267,16,53,21,57,22,63,52,50,83,83,88,33,39,14,31,31,123,228,247,118,98,97,36,176,95,116,87,85,81,133,59,93,65,108,42,118,260,113,258,376,27,50,94,47,42,,34,20,69,109,26,136,76,75,72,121,26,25,22,16,18,29,7,12,29,8,27,20,25,17,16,4,10,10,11,11,30,10,22,121,112,63,93,79,31,68,62,110,60,74,146,87,36,49,23,126,149,134,129,25,31,29,38,76,35,83,33,20,20,14,32,24,35,51,36,7,6,28,37,22,23,13,16,18,23,10,6,21,11,5,19,18,8,20,9,8,10,5,8,16,13,23,23,11,3,4,6,11,10,10,14,20,11,20,16,12,32,96,35,36,14,20,18,15,6,8,17,9,7,5,6,4,6,6,6,8,10,6,27,16,13,,13,11,26,22,46,33,16,75,72,53,48,27,29,77,36,20,21,26,37,38,25,32,29,31,115,56,41,15,12,54,22,,251,238,193,128,14,48,13,1,17,26,7,18,86,62,39,37,101,79,41,48,40,44,76,36,79,42,72,46,31,92,61,91,7,18,32,33,63,88,20,16,24,19,18,,18,19,27,,8,16,31,21,40,44,51,25,14,29,27,18,18,,9,13,12,17,15,20,19,,,173,108,54,16,14,39,14,24,23,29,34,7,8,5,69,88,83,66,54,110,63,48,257,144,173,91,,54,109,163,181,,125,173,17,49,65,23,,43,13,12,3,17,20,5,16,9,23,147,113,22,57,63,14,6,19,14,4,11,10,38,27,16,11,11,171,69,49,56,68,60,47,27,119,80,164,16,20,32,35,41,30,25,40,51,53,58,22,41,34,26,73,21,63,12,144,14,36,32,64,,41,25,57,22,23,29,7,34,51,15,62,19,10,,32,85,66,112,36,26,30,15,7,16,14,33,45,20,,6,14,26,25,4,29,27,44,19,9,4,14,6,10,25,1,13,37,6,4,12,7,25,19,32,,29,32,17,40,22,,30,24,25,26,15,16,4,21,14,21,2,,12,6,5,9,7,6,5,,12,16,5,8,5,8,8,6,10,2,4,7,3,3,5,15,24,37,19,17,1,13,19,21,17,47,17,23,27,14,11,28,9,11,19,7,19,13,18,33,22,12,51,34,,22,52,28,36,23,12,20,18,126,54,50,71,77,77,93,25,36,28,24,40,28,29,131,55,67,28,75,,47,55,38,24,32,37,31,27,25,40,6,14,9,27,1,20,10,51,31,23,27,20,16,13,9,14,37,13,31,20,28,22,7,11,6,6,8,4,15,9,9,8,8,12,15,15,13,15,13,9,18,11,15,18,1,11,19,16,21,5,15,18,3,26,11,15,13,14,8,4,11,16,27,9,21,20,25,8,5,12,49,36,16,42,9,6,5,4,2,19,12,15,13,18,21,24,10,8,16,8,12,17,12,11,13,14,20,13,9,12,15,43,34,10,12,6,5,11,16,7,19,18,6,9,8,8,3,11,5,6,32,8,9,,9,7,18,4,25,25,9,10,8,5,2,5,7,9,9,20,13,25,21,13,6,3,10,,7,10,13,10,35,10,8,8,18,26,12,42,35,35,24,14,13,9,20,7,19,,13,26,8,13,35,1,11,4,3,12,3,2,22,16,4,5,8,1,4,3,1,5,12,6,,12,7,14,3,9,5,3,5,10,4,41,20,8,12,12,7,33,35,74,35,32,45,54,33,18,38,21,28,31,20,21,,110,24,33,40,70,142,22,43,29,19,38,,38,104,13,22,,35,51,18,32,16,22,9,16,4,29,205,146,136,6,80,33,32,37,25,27,21,4,3,13,32,64,55,34,18,13,6,9,6,16,31,48,32,39,21,5,116,38,11,37,12,22,8,136,11
20160203,18,SO2_24h,23,15,18,18,18,18,33,16,13,23,25,30,,76,77,64,50,33,72,,,56,49,55,24,62,,121,108,71,117,111,105,78,46,51,40,50,56,52,70,106,64,83,59,110,132,179,136,133,122,110,122,98,139,39,33,41,57,27,25,22,19,36,28,51,45,46,59,120,100,129,96,91,89,185,159,200,160,69,,138,128,155,127,138,139,334,48,96,52,80,69,33,64,27,64,82,78,,125,297,107,131,327,,223,150,107,99,102,79,60,96,66,95,16,162,148,73,72,107,39,48,47,28,47,62,65,67,,120,159,21,108,121,68,81,93,28,25,26,25,20,26,18,25,29,22,28,29,38,31,22,28,18,15,21,22,23,27,16,22,25,22,25,24,28,21,21,54,56,81,46,80,51,35,26,45,34,15,31,22,32,29,29,35,,25,27,31,27,34,33,27,33,38,30,40,,29,41,31,23,24,22,46,33,34,27,36,63,27,22,26,27,37,34,35,28,14,13,10,16,10,17,18,17,26,18,12,22,20,29,26,,21,24,21,7,4,5,10,25,20,24,,20,,19,35,,14,16,13,14,22,9,11,14,8,16,12,11,7,16,5,41,31,26,25,,12,36,37,,29,6,11,5,,6,5,2,5,3,20,20,16,16,23,21,9,27,19,39,88,44,72,67,,74,56,10,67,50,59,49,55,61,51,91,60,39,70,79,36,51,68,47,48,12,14,20,21,22,27,23,28,20,16,7,11,9,12,14,12,15,57,8,5,3,2,,11,2,4,5,2,6,5,13,5,5,5,6,16,8,6,5,7,2,7,9,12,11,7,7,8,6,4,6,4,9,9,9,8,14,12,6,5,4,,7,6,12,4,8,6,4,3,4,7,2,6,9,,17,17,14,18,15,13,11,17,4,2,2,4,10,6,9,9,19,13,17,11,11,14,22,20,,14,16,16,17,16,11,9,17,8,8,,8,14,31,49,32,30,50,53,60,34,43,14,9,11,7,25,14,7,13,13,8,5,11,8,49,37,29,42,12,51,33,41,18,42,40,33,22,37,37,20,39,44,24,40,27,22,119,121,170,145,172,186,,8,30,34,20,53,24,90,40,82,64,,56,93,31,21,43,27,17,91,6,56,84,76,46,89,91,68,50,18,12,42,61,77,54,67,101,75,108,155,46,46,31,135,150,117,152,7,5,7,2,120,82,107,91,109,94,68,,93,76,55,,63,66,42,51,115,119,103,,118,95,96,60,78,26,68,34,54,,43,39,45,133,,103,,114,64,56,59,78,,109,70,51,,50,41,45,113,116,91,,18,10,8,8,14,17,17,10,9,7,8,7,12,10,7,11,7,10,6,7,20,6,2,6,7,7,7,4,2,6,4,6,6,7,8,13,7,8,4,3,3,4,3,30,15,18,11,8,8,43,37,46,42,157,89,50,217,178,274,,,185,256,59,79,81,124,55,100,101,101,204,154,113,55,150,48,40,168,102,115,121,117,85,93,39,92,88,54,53,42,144,112,175,126,176,103,52,108,142,68,181,240,62,38,83,47,37,,21,44,95,76,15,100,39,70,82,85,17,33,22,28,39,29,14,20,33,7,26,15,27,15,17,37,40,38,25,41,23,41,32,95,74,73,88,72,76,43,106,174,114,147,160,48,58,39,49,83,98,79,86,46,49,49,63,80,56,93,39,16,19,12,22,22,47,89,44,16,19,17,35,15,17,13,26,15,24,10,6,10,5,4,20,21,15,19,9,8,11,7,8,17,17,26,23,13,3,4,5,8,10,8,15,20,12,24,16,11,35,82,39,30,9,18,13,14,8,13,16,10,6,4,8,6,7,7,6,12,32,6,31,18,30,,31,13,21,20,35,20,16,51,67,45,51,35,49,84,114,25,16,33,32,32,33,41,25,16,50,50,31,57,23,53,14,,235,284,249,143,7,11,7,2,8,22,4,13,95,74,44,44,128,82,58,47,41,42,143,74,90,56,69,47,23,57,89,104,19,26,32,41,44,55,26,18,38,25,26,,18,18,25,33,20,24,32,22,43,39,54,27,18,30,26,22,23,,14,12,8,12,10,13,13,,,81,125,32,14,15,40,19,43,31,33,34,8,9,7,183,205,151,204,219,175,197,225,342,239,128,71,,37,136,194,181,,225,301,49,66,37,82,,143,154,96,93,42,43,13,11,5,38,170,54,35,58,40,14,7,35,57,27,34,24,101,128,130,138,88,54,78,63,98,127,61,80,78,168,42,79,42,88,75,71,59,65,81,122,102,104,39,23,20,15,30,42,22,36,16,53,20,23,25,56,,30,28,36,24,22,25,9,41,28,13,46,21,5,,36,58,53,46,101,83,46,24,15,20,8,31,42,23,,5,23,35,33,13,33,41,44,23,10,10,35,10,16,47,1,32,44,11,5,9,7,22,19,50,,24,35,15,46,17,,21,18,26,28,10,10,6,18,11,24,2,,6,6,3,8,10,6,6,,11,16,7,7,4,6,7,6,9,5,4,5,5,5,5,5,23,37,21,12,3,12,25,25,16,48,22,29,22,20,13,25,18,16,31,5,17,18,8,20,13,12,36,23,,14,15,13,15,7,15,20,15,84,72,56,64,93,70,98,41,46,42,49,40,36,38,44,67,77,34,67,,31,51,32,26,39,36,36,29,48,53,11,19,9,96,3,15,11,19,22,54,61,31,23,24,25,44,59,27,46,29,30,24,11,16,4,6,5,4,24,17,28,7,9,11,15,14,13,15,14,9,21,12,21,19,3,6,26,30,30,8,14,19,4,26,11,11,14,10,9,28,19,53,59,14,17,30,26,13,8,7,33,20,13,38,9,5,6,6,4,34,12,20,16,25,20,25,8,4,13,9,17,17,12,8,13,15,20,13,9,12,14,29,26,18,12,9,5,10,12,6,24,19,9,12,10,12,3,21,13,18,27,16,7,,12,8,20,20,24,42,12,22,12,6,2,4,7,8,5,17,12,22,17,12,13,4,18,,8,19,34,34,66,8,10,6,13,37,34,48,44,43,25,12,21,14,27,8,22,,19,32,11,17,38,3,12,5,3,12,7,2,15,14,7,12,13,3,5,3,5,7,13,7,,5,6,13,4,7,7,5,6,11,3,58,40,10,24,10,7,24,23,23,26,26,84,91,70,15,45,22,27,30,46,26,19,58,23,63,49,85,123,36,45,30,16,28,,84,95,42,20,,25,36,36,36,26,42,11,35,5,32,147,197,154,23,77,69,31,37,23,25,14,6,5,3,45,57,34,35,17,18,3,10,15,12,53,104,48,48,38,4,28,26,14,16,22,29,9,229,4
20160203,18,NO2,53,2,60,54,84,72,78,39,39,71,45,44,,89,94,72,71,93,110,,,110,90,104,75,31,,79,72,82,93,70,70,77,39,50,41,59,47,56,39,70,1,68,27,108,109,126,107,129,125,119,124,122,152,19,33,31,32,21,53,81,21,31,13,68,73,65,79,102,114,99,77,59,76,163,150,151,151,58,,54,50,42,70,43,90,66,27,38,61,38,40,55,46,40,31,62,73,,62,61,64,83,72,,19,69,80,48,63,37,52,72,35,71,10,76,59,80,56,70,24,35,51,26,34,24,63,163,,119,118,80,41,101,51,43,99,70,86,91,59,53,96,25,49,25,54,58,64,35,50,30,42,42,31,46,79,58,103,65,83,59,96,55,57,38,94,94,66,27,21,75,55,93,49,52,36,15,37,61,46,15,41,39,72,,28,83,92,57,92,62,29,71,56,31,55,,60,46,65,28,45,47,45,38,49,33,33,23,40,93,45,84,101,67,46,68,67,82,21,58,53,67,83,76,50,73,39,42,60,44,58,,,55,57,56,39,29,50,38,46,73,,35,,43,45,,27,36,22,20,12,16,46,40,25,45,25,16,37,15,13,122,74,34,54,,17,35,20,,19,25,35,42,,36,39,7,28,24,45,15,22,6,21,35,15,24,38,17,42,60,119,53,,78,54,37,66,75,57,49,26,104,2,144,52,82,52,74,35,54,64,52,99,19,45,62,55,43,36,26,46,63,13,34,73,30,40,50,51,92,40,55,17,58,40,,36,31,52,20,56,13,39,12,54,58,49,49,32,33,53,17,23,19,22,47,56,34,43,30,40,24,65,60,20,38,15,59,41,38,46,31,40,25,,24,22,22,22,29,20,23,23,27,13,36,38,22,,19,38,67,19,18,31,23,45,9,11,14,14,12,22,60,54,57,49,37,19,49,55,47,34,,68,56,54,48,69,49,31,51,43,66,,62,25,18,42,18,18,31,49,50,23,48,13,11,,8,19,23,14,4,11,10,5,,6,62,150,145,84,52,47,87,60,57,61,46,82,54,44,39,21,45,40,55,33,41,15,37,46,32,49,44,41,,96,36,62,96,59,50,63,37,63,69,,41,50,47,43,29,12,21,66,52,25,35,18,35,25,33,43,20,10,16,28,98,89,85,47,77,40,67,46,109,83,43,26,74,104,97,34,17,43,20,81,61,127,61,75,40,36,,45,60,46,,80,49,37,46,54,82,73,,92,54,65,43,69,37,35,47,100,,63,56,87,74,,96,,85,48,41,26,81,,108,100,92,,51,41,69,92,58,42,,30,14,18,11,19,17,20,14,19,18,23,21,23,12,15,7,21,28,22,19,5,31,29,37,18,22,16,22,26,27,28,33,35,22,38,20,26,25,27,19,40,43,19,14,13,13,7,11,10,36,42,41,10,33,29,19,14,33,54,,,17,50,24,48,15,45,18,32,64,27,59,56,50,13,18,19,15,32,92,108,132,124,92,106,59,100,106,108,98,75,90,86,36,52,60,109,63,70,114,87,91,111,37,87,65,69,64,,16,62,88,72,70,74,70,79,55,100,51,54,63,33,53,66,26,26,47,29,53,33,49,41,12,27,28,20,12,12,55,10,18,69,63,46,99,63,46,67,47,80,36,58,70,65,44,71,43,92,84,82,61,38,33,31,31,72,44,80,22,31,51,36,28,44,34,36,21,8,20,40,17,28,18,34,11,14,38,1,51,57,16,18,16,52,14,40,16,22,16,20,21,29,23,26,40,23,24,9,28,55,31,37,32,31,46,40,36,19,44,51,47,42,39,32,41,51,16,45,39,67,15,28,41,13,16,24,37,81,38,29,36,17,25,,30,18,8,75,89,108,68,37,46,46,29,29,57,38,71,30,43,72,76,61,52,71,70,43,57,35,30,9,6,14,42,,17,59,67,10,56,16,10,61,24,32,19,17,77,70,40,39,76,57,56,100,88,52,81,37,84,50,82,44,87,22,61,73,24,57,37,41,23,45,56,62,39,58,45,,36,53,82,,29,36,22,26,100,110,86,28,21,90,44,35,31,,19,41,66,50,41,27,43,,,76,74,54,34,30,46,22,57,40,26,21,33,35,33,54,48,44,35,33,34,40,35,59,21,39,39,,26,29,84,62,,43,104,40,9,18,16,,12,16,8,8,14,25,10,55,50,19,34,33,19,40,35,12,5,10,17,5,20,8,27,20,6,13,14,103,90,79,93,47,52,69,32,43,21,38,22,25,43,36,30,28,44,97,30,58,78,19,36,36,43,106,61,38,122,98,11,32,51,68,,24,25,78,15,97,64,24,43,69,25,60,12,51,85,4,90,20,46,50,36,47,20,38,11,32,46,45,24,,13,39,40,43,13,67,30,42,20,31,45,20,15,21,48,21,86,49,28,28,19,34,113,76,23,,12,43,30,9,44,,32,21,43,23,23,53,26,27,38,27,33,,43,30,6,16,18,16,14,2,24,10,9,9,22,26,23,26,21,24,7,10,12,17,26,10,44,27,17,17,2,12,16,30,31,18,24,12,22,25,6,27,32,21,39,18,20,20,21,23,30,22,43,27,,47,21,8,24,11,20,36,22,174,64,61,25,85,53,48,73,71,42,69,50,40,30,36,40,30,31,24,,23,20,25,34,34,63,32,18,28,41,26,20,19,34,23,11,27,33,33,20,27,44,19,24,16,24,47,38,50,30,66,42,22,36,16,10,26,16,49,20,17,26,19,25,29,66,23,40,29,14,37,20,30,34,31,61,39,45,48,11,25,40,20,27,15,23,35,11,23,4,1,16,28,10,24,37,11,16,26,29,55,57,31,32,24,27,21,13,12,28,24,32,16,16,33,33,20,40,35,12,19,26,28,10,24,15,12,22,18,18,65,66,55,74,8,30,22,38,28,21,24,37,35,53,30,40,10,55,39,51,39,35,58,,27,23,67,51,70,68,7,43,40,21,3,58,57,57,10,12,29,20,17,4,14,10,26,,8,18,18,12,32,31,24,35,41,93,32,20,20,23,36,27,30,21,10,18,30,,18,30,9,24,25,3,1,10,7,7,4,5,10,16,6,3,6,8,8,,8,6,8,11,,14,12,7,18,7,9,4,9,9,4,14,4,2,4,5,6,42,63,85,43,28,45,48,32,28,37,36,52,24,26,10,7,92,51,24,25,37,35,29,49,39,50,26,,21,45,21,35,,21,24,23,34,9,9,60,3,11,4,5,44,58,6,14,15,20,25,23,34,23,10,9,4,46,47,35,11,18,28,16,10,21,24,20,17,49,50,20,17,44,36,85,75,35,20,36,36,58
20160203,18,NO2_24h,61,13,65,77,72,69,74,43,29,54,64,57,,86,82,84,89,91,88,,,92,71,94,69,82,,67,73,56,79,72,69,33,73,76,60,80,67,79,47,64,58,76,59,112,114,119,105,107,99,95,97,94,145,16,27,26,38,16,45,52,52,37,26,75,76,66,87,102,90,85,72,73,72,114,93,98,97,37,,28,41,40,51,37,54,71,51,38,61,61,49,62,59,45,51,60,62,,60,90,53,81,82,,72,59,67,52,47,37,37,46,32,64,11,79,67,74,58,70,23,29,55,42,53,36,51,108,,112,102,89,51,102,52,68,70,48,76,79,69,60,69,56,63,61,73,90,100,72,88,58,41,80,84,45,78,94,80,78,80,80,83,52,55,48,41,57,55,23,29,58,76,92,59,85,66,56,69,64,24,21,78,39,87,,48,82,78,70,83,80,66,92,78,51,73,,42,67,67,33,62,55,69,60,49,53,66,21,38,51,36,53,70,30,55,65,55,63,15,68,38,68,75,69,68,54,28,60,60,51,55,,,51,54,24,24,36,23,45,45,60,,46,,63,52,,28,34,22,28,18,25,35,27,22,29,11,18,25,19,17,122,78,90,93,,15,73,20,,17,11,17,22,,19,19,8,26,26,50,28,20,20,32,53,15,52,40,14,57,46,91,66,,65,47,27,47,70,50,31,29,85,11,93,84,79,66,81,65,72,72,73,47,42,75,86,69,58,68,69,69,73,15,39,75,29,44,44,47,63,43,48,17,41,31,,17,24,32,12,40,8,30,17,32,39,36,39,20,17,45,14,21,15,18,25,45,22,31,21,27,19,30,32,14,24,8,32,23,21,28,19,32,19,,20,16,16,14,18,15,11,16,17,9,24,20,12,,34,37,60,27,24,27,34,37,7,12,11,15,6,21,58,48,54,49,48,35,46,50,65,59,,61,66,46,54,63,41,43,49,42,46,,55,35,21,34,28,16,25,44,38,23,37,27,27,8,16,30,51,43,8,48,42,9,29,23,81,87,90,90,45,72,96,74,60,69,39,91,52,80,69,25,68,55,61,47,41,13,25,60,41,48,54,60,,101,76,103,116,93,56,56,46,63,57,,44,44,32,37,36,9,20,49,35,49,53,56,37,65,64,48,38,21,28,47,58,62,60,49,41,46,50,58,68,58,33,40,66,82,55,22,25,22,12,73,74,92,79,79,68,46,,73,68,47,,67,58,43,46,66,88,73,,68,61,58,51,51,48,34,49,60,,39,48,56,55,,76,,63,60,53,32,89,,95,67,72,,45,38,49,73,76,66,,17,11,13,10,17,16,20,17,13,14,20,19,17,10,15,7,16,18,19,19,10,22,11,24,10,11,10,18,16,13,23,27,27,16,24,18,11,12,15,9,15,19,16,18,19,19,18,26,22,42,30,36,27,52,40,24,36,41,70,,,95,61,26,62,39,64,14,29,75,27,77,52,30,17,42,23,16,64,54,64,75,91,66,67,31,72,65,54,62,44,74,67,62,62,80,74,44,49,71,52,53,69,57,42,58,50,41,,11,34,54,38,29,25,36,51,43,69,20,28,33,26,35,40,45,79,41,60,50,58,53,54,28,43,49,51,18,26,32,18,7,77,63,73,79,50,14,42,66,83,60,80,77,52,41,53,52,69,59,59,37,58,63,54,55,68,54,57,41,38,48,44,22,38,60,73,39,15,36,44,23,44,20,46,21,29,39,2,36,30,14,11,14,34,18,30,14,15,11,17,13,28,16,31,28,21,11,10,25,44,33,42,33,32,43,43,36,20,45,38,31,29,34,30,40,45,19,30,37,78,15,26,36,14,21,19,24,51,32,22,33,17,22,,28,24,17,65,82,85,97,44,63,46,38,31,47,41,78,34,42,66,63,65,60,63,67,43,62,66,55,21,9,23,35,,26,65,53,27,38,14,8,50,31,44,44,27,74,55,34,36,81,72,52,80,141,54,80,59,84,54,50,55,56,18,71,58,24,26,40,47,24,39,49,64,42,56,59,,30,53,77,84,59,55,33,22,67,84,71,56,44,78,65,40,34,,20,28,55,41,28,27,32,,,53,53,40,37,19,45,50,43,42,30,24,31,34,42,67,63,60,54,58,43,57,58,61,35,50,26,,21,29,79,59,,66,134,41,20,17,26,,17,61,50,41,28,37,22,27,20,33,61,35,34,66,27,16,10,10,17,24,31,11,38,48,32,47,35,44,61,47,63,61,48,46,58,39,28,32,34,64,51,54,44,46,60,68,48,50,27,17,23,14,41,67,24,15,66,54,14,25,37,40,,20,25,37,15,48,36,23,42,50,28,43,12,19,49,14,40,25,18,57,46,42,15,29,53,24,51,58,45,,16,55,48,50,35,91,60,49,45,39,39,52,42,38,59,16,82,68,43,23,18,34,78,72,42,,30,63,39,20,33,,27,15,66,31,28,48,28,59,34,68,27,,23,17,9,12,15,14,12,2,12,11,14,9,14,15,16,14,12,20,4,8,10,14,16,7,20,29,20,15,8,21,27,24,35,16,29,12,24,25,7,11,28,18,24,22,30,23,27,21,34,24,37,33,,31,28,24,35,12,21,39,19,94,67,70,32,84,68,59,45,95,51,45,54,48,48,46,58,44,48,51,,35,38,53,31,20,37,32,52,42,47,38,22,31,36,45,8,32,31,34,25,35,35,22,45,34,49,52,45,52,27,73,54,41,44,15,20,21,21,47,23,21,22,20,36,30,49,32,42,42,12,25,23,29,28,53,63,43,57,63,16,15,29,18,23,14,17,27,15,20,20,21,30,27,23,20,54,10,18,30,10,36,32,11,11,15,17,24,11,12,20,16,29,12,11,23,18,10,23,24,10,22,14,28,14,33,37,29,32,14,15,63,63,57,70,7,29,22,39,20,18,29,35,35,52,40,39,10,31,23,33,10,35,33,,19,24,53,48,54,65,8,39,37,18,11,36,45,35,13,14,27,20,21,9,15,16,24,,12,26,36,35,56,16,18,22,23,38,31,21,24,22,23,12,33,21,12,16,40,,20,57,21,20,25,2,3,11,15,19,18,18,10,15,10,9,10,9,10,,19,6,10,26,,7,9,3,19,18,19,15,21,9,4,18,32,6,16,4,7,32,50,63,46,43,67,67,64,21,37,38,36,32,34,19,7,44,50,35,42,41,36,45,52,37,51,21,,32,42,41,29,,47,33,31,42,20,11,15,15,12,8,34,58,90,17,25,32,24,36,39,53,49,16,15,4,74,100,33,12,27,31,13,46,46,45,38,19,60,51,35,21,12,38,68,64,65,25,24,45,40
20160203,18,O3,49,84,34,57,25,30,21,51,26,30,56,61,,28,23,63,58,46,23,,,13,14,21,14,89,,36,44,36,24,39,50,60,61,48,49,52,52,46,34,25,8,38,33,41,57,29,121,17,14,23,20,26,14,81,70,70,80,75,48,16,73,63,81,44,36,53,42,36,34,36,56,78,56,11,12,12,26,6,,5,30,29,10,12,13,43,64,29,34,40,26,41,41,55,72,41,25,,45,39,44,26,28,,70,34,32,57,19,70,57,34,58,32,128,36,52,20,48,44,86,90,35,76,80,45,44,10,,19,8,51,36,36,60,42,21,53,37,39,81,87,35,84,75,76,69,84,129,120,113,111,88,101,103,72,40,135,31,61,48,77,43,63,92,90,46,68,99,89,91,100,96,66,63,75,55,77,98,12,86,100,113,103,82,,113,61,78,116,34,61,110,91,74,101,88,,65,96,103,88,108,83,113,146,50,117,112,99,98,56,91,70,98,117,73,82,93,63,129,88,68,48,73,85,116,91,80,109,93,109,107,,,98,98,71,85,103,87,100,97,64,,131,,107,118,,129,114,119,122,112,101,63,88,110,106,124,93,83,158,94,61,45,37,77,,33,95,98,,92,32,34,24,,27,40,62,22,54,66,135,102,131,110,75,98,113,101,93,39,72,29,92,,61,82,75,30,64,47,59,109,51,14,27,115,20,87,57,85,107,92,31,53,109,74,74,54,119,90,88,92,54,93,54,45,67,54,39,61,29,37,44,67,22,39,,20,52,29,61,30,60,57,66,34,22,23,43,65,34,56,76,69,60,52,50,41,33,48,49,44,40,11,10,49,45,52,19,29,22,23,29,27,36,,49,37,48,46,39,51,44,48,38,45,74,43,52,,66,42,20,62,68,60,76,56,66,76,69,60,65,47,9,4,24,16,34,49,14,13,29,23,,9,22,11,19,16,16,45,36,31,10,,28,47,75,59,68,135,75,41,52,86,34,80,94,93,98,86,87,76,107,107,110,99,,102,70,27,18,44,41,93,78,86,41,44,70,50,65,51,56,74,54,52,60,36,60,94,55,71,76,84,97,91,,4,30,45,19,62,22,36,39,40,30,,41,52,71,57,55,91,75,20,39,75,72,80,56,74,77,123,79,70,93,81,10,24,14,43,16,92,36,58,19,31,66,39,50,76,16,39,21,14,41,24,45,10,80,68,129,101,,81,61,74,,44,24,29,41,81,67,53,,17,66,57,85,77,80,106,55,15,,29,52,28,37,,38,,28,100,80,101,58,,40,38,51,,70,87,57,33,65,86,,67,68,75,85,75,88,100,97,90,95,76,72,74,88,100,50,81,52,52,53,55,12,25,9,73,74,76,45,34,34,46,34,40,57,47,65,95,92,56,56,49,48,77,30,13,41,80,38,59,90,117,155,93,72,57,77,48,54,60,,,81,57,46,27,59,90,34,26,37,36,68,55,36,41,28,34,88,42,23,8,3,9,10,10,50,11,7,7,6,32,22,28,40,28,27,9,86,49,31,52,31,27,77,34,59,52,69,,131,27,10,5,24,2,7,6,29,39,76,65,45,79,30,46,60,92,93,49,78,93,87,33,44,64,31,66,30,98,57,99,85,76,29,70,41,40,54,51,70,44,68,38,31,46,93,106,70,31,38,29,59,92,105,106,116,54,50,42,92,114,91,74,82,78,112,85,119,86,96,86,104,113,114,109,103,64,59,19,38,43,76,,68,87,76,86,41,52,70,56,79,87,90,76,77,69,88,99,41,16,24,41,20,10,8,20,15,28,89,88,67,105,17,13,12,9,30,14,12,43,63,48,31,24,10,13,16,12,15,24,54,59,66,,61,96,74,62,75,52,40,94,104,114,117,127,52,80,53,104,49,42,36,69,80,63,69,69,30,81,69,69,87,63,58,,95,64,27,77,111,74,42,45,45,55,63,77,42,36,85,73,26,51,93,55,79,62,55,53,63,73,62,88,13,71,78,35,38,54,77,50,51,60,84,47,63,61,83,,65,,61,,89,54,41,38,62,92,85,105,178,57,77,92,95,,80,110,107,56,95,119,120,,,21,18,55,106,105,97,97,58,103,26,106,51,45,66,67,82,87,99,62,37,68,67,52,57,49,10,,26,39,,29,,104,35,55,114,75,54,,34,84,66,76,73,58,97,35,40,69,67,39,105,35,55,72,89,83,64,72,91,90,35,74,46,53,62,5,9,40,11,62,30,20,86,40,53,25,35,70,38,40,55,80,19,20,87,33,34,56,50,53,71,7,25,48,14,40,109,78,69,23,,50,67,49,129,3,8,34,98,64,122,49,115,104,8,116,23,64,44,64,78,3,56,94,18,76,130,95,123,,69,52,77,62,90,65,97,121,65,16,53,27,110,106,38,20,12,23,93,58,58,34,28,60,51,,50,101,29,30,22,,78,18,119,63,19,,25,136,78,80,38,,23,49,45,36,35,31,37,78,42,65,33,42,45,33,36,42,43,50,66,58,82,78,70,80,73,105,115,54,118,84,87,106,101,128,104,138,117,112,53,48,52,56,40,50,100,79,56,92,86,83,92,94,,44,62,55,62,83,123,105,92,29,50,71,63,32,77,38,61,78,90,64,82,45,111,93,121,111,136,121,,83,105,131,85,86,67,89,96,113,67,77,120,6,36,94,122,62,78,111,101,50,67,72,125,114,90,105,110,58,102,77,68,103,123,89,107,87,117,98,62,99,47,31,84,76,41,81,65,65,79,60,87,73,72,90,52,74,64,66,50,38,28,52,20,107,97,69,113,97,67,64,51,55,64,106,96,108,108,90,35,23,27,56,54,43,48,59,63,37,55,71,69,64,56,31,56,49,49,37,63,70,48,55,93,74,118,78,65,92,82,8,11,7,3,26,22,10,24,33,32,27,22,17,18,28,12,64,11,8,10,15,18,16,,6,12,21,13,48,33,28,10,76,13,69,18,18,21,36,44,33,28,44,51,70,74,32,,132,85,103,108,100,58,17,17,92,89,56,49,56,41,48,50,24,28,29,43,59,,81,149,102,51,79,83,54,106,81,99,75,120,96,100,62,69,65,50,53,44,92,88,68,101,,88,74,57,48,78,89,80,113,105,90,28,47,10,54,82,75,35,18,19,41,84,83,62,94,43,58,62,65,85,29,67,33,11,52,57,57,63,70,50,76,74,62,41,,58,42,52,41,,28,81,91,55,107,96,68,101,18,5,75,52,62,31,79,51,37,33,81,,114,34,32,120,44,102,78,19,73,92,70,83,46,48,73,77,70,69,113,91,66,55,34,38,102,44,26,73,37
20160203,18,O3_24h,54,89,56,57,58,48,59,72,47,68,74,74,,66,61,110,87,82,85,,,69,42,77,47,97,,64,75,79,68,62,66,88,87,87,86,92,98,80,40,83,20,73,41,76,124,82,143,84,81,84,59,92,64,97,96,95,100,84,88,90,88,85,96,70,71,77,64,93,85,88,102,111,87,32,37,28,38,35,,38,48,43,35,30,50,55,78,67,72,56,34,63,59,85,84,85,76,,92,71,81,68,66,,103,82,79,79,68,83,93,84,76,66,128,82,84,48,81,78,102,119,59,93,109,51,78,43,,48,38,88,62,73,82,49,75,84,74,63,104,115,80,103,83,84,113,97,140,135,142,127,120,116,117,101,101,135,76,98,97,114,112,131,128,109,132,93,144,148,101,150,163,110,91,81,64,124,119,109,109,124,139,118,111,,143,111,110,147,75,80,110,131,99,116,115,,95,109,144,115,133,135,142,174,84,130,142,128,130,122,128,126,156,151,93,124,125,94,137,107,102,71,94,95,136,123,117,141,135,139,132,,,130,127,93,89,108,90,106,103,65,,152,,136,144,,140,148,154,129,151,105,90,119,128,123,143,160,111,158,100,114,82,57,84,,93,108,123,,118,73,78,72,,62,86,62,26,60,90,136,114,140,121,82,129,119,127,102,104,107,82,124,,109,111,103,102,81,59,125,123,79,67,95,115,29,87,59,85,107,92,31,135,128,105,99,89,149,99,105,117,82,227,68,99,92,79,69,92,83,67,81,97,59,60,,60,55,56,70,62,66,69,158,53,45,56,48,92,53,62,90,69,67,63,62,50,49,56,58,62,52,46,45,51,59,66,35,43,40,37,37,45,50,,62,44,59,56,54,57,54,59,44,50,91,60,59,,68,56,31,68,79,75,81,71,66,82,80,60,67,83,20,11,29,16,47,49,19,45,36,24,,17,36,26,34,27,64,53,72,55,59,,64,85,75,72,70,138,117,51,70,97,47,87,100,99,106,98,96,81,107,107,110,153,90,114,70,55,58,44,56,97,81,91,50,45,93,50,90,66,91,99,69,69,79,78,72,111,60,72,82,148,99,91,,4,30,45,19,69,23,55,39,50,69,,55,90,104,77,71,107,100,40,54,80,72,84,73,75,87,174,86,72,104,98,68,72,73,72,53,129,82,101,88,98,100,39,65,102,78,55,45,17,52,41,63,24,99,101,145,117,,99,97,100,,67,33,40,63,125,108,92,,47,91,89,110,115,122,162,81,80,,66,79,76,103,,100,,84,188,99,110,95,,126,116,113,,78,91,84,74,93,109,,87,86,89,93,89,88,100,97,90,95,76,72,77,88,100,50,81,62,68,61,62,26,36,30,82,81,78,58,56,58,54,42,49,68,64,78,95,92,56,66,71,63,85,33,13,43,87,45,65,104,139,193,96,79,68,90,52,71,90,,,106,109,71,63,83,101,73,42,62,68,93,93,59,44,34,38,139,54,67,40,47,51,37,68,91,72,65,83,50,79,78,69,52,43,33,77,120,91,92,104,101,90,110,99,118,112,130,,145,82,45,53,70,72,76,71,88,69,159,94,78,84,34,94,128,98,113,66,119,105,119,55,49,79,36,69,54,106,93,112,89,87,34,101,87,90,68,87,89,74,89,45,47,73,119,141,99,81,112,91,89,117,117,117,123,77,60,71,97,130,115,81,99,96,135,99,123,104,101,90,120,118,122,117,107,69,68,20,60,70,77,,72,122,305,110,48,57,79,63,93,102,97,76,105,98,101,103,71,51,30,44,41,29,38,54,64,63,104,94,83,129,84,68,63,46,39,44,19,43,87,62,37,34,16,21,24,18,28,32,60,81,68,,74,110,79,72,104,89,51,120,104,138,127,154,109,104,95,115,62,71,58,90,98,98,99,73,32,81,88,79,94,80,73,,102,79,81,77,112,89,43,62,49,60,64,77,87,66,112,89,59,71,172,133,122,160,103,78,104,114,97,88,37,109,110,80,61,88,114,83,83,95,108,63,67,96,112,,112,,87,84,115,80,42,54,173,165,226,123,192,95,96,103,105,,96,126,127,68,107,131,145,,,50,47,89,124,215,128,108,75,116,29,116,63,54,70,68,90,88,101,65,41,84,91,76,72,91,22,,42,54,50,36,,146,39,91,124,133,58,,37,93,72,79,83,75,106,69,76,74,79,53,105,50,83,89,206,96,97,75,104,95,49,87,50,58,73,63,76,96,85,120,68,68,112,65,66,49,40,83,57,65,67,90,85,94,101,66,76,66,74,86,107,54,88,97,78,91,115,81,104,85,,68,78,83,129,64,90,65,120,125,129,141,118,104,90,128,43,72,65,78,84,53,68,117,21,109,147,139,153,,104,66,112,87,95,91,117,167,66,35,91,29,123,121,53,23,21,54,179,73,177,39,58,81,60,,56,143,39,164,25,,112,26,139,78,95,,36,136,81,88,59,,69,74,54,51,48,47,45,78,62,74,37,52,58,54,51,60,67,60,105,69,113,136,100,89,119,121,138,57,118,89,94,131,110,140,110,149,130,122,81,80,75,83,82,62,124,97,72,97,93,83,100,100,,73,79,79,76,97,132,132,114,66,64,82,81,70,90,48,93,114,99,102,98,52,128,114,137,124,161,129,,114,129,147,114,122,109,126,121,123,85,92,125,134,45,96,134,76,86,127,116,58,93,82,138,126,90,125,127,66,116,104,83,110,138,100,125,105,123,109,63,204,62,37,89,83,67,89,77,70,95,79,105,94,92,124,82,101,79,79,58,57,60,69,33,108,108,75,113,106,84,76,89,85,88,117,113,125,119,104,79,50,91,73,133,54,57,65,65,51,63,76,87,73,62,35,72,65,79,58,65,72,57,55,97,81,119,88,73,99,85,13,12,10,38,30,34,15,45,51,63,57,49,60,53,50,49,110,69,72,77,69,50,61,,28,55,44,26,87,82,46,20,124,20,69,41,27,39,66,69,58,48,62,56,79,81,39,,143,110,116,122,118,185,39,17,113,258,77,69,71,57,82,94,36,50,35,69,68,,102,166,110,63,90,84,56,111,82,102,79,124,96,101,62,71,67,63,70,46,97,89,70,106,,89,87,79,57,84,95,80,115,114,292,28,47,15,55,86,78,50,37,42,41,85,90,73,99,68,66,75,98,94,31,68,133,64,67,67,71,88,94,90,110,84,73,69,,66,54,52,78,,28,97,91,62,118,105,93,104,30,5,89,66,74,49,88,58,41,35,82,46,114,41,39,120,47,119,87,26,74,96,71,83,48,53,73,77,72,69,113,91,94,65,61,58,102,48,36,96,62
20160203,18,O3_8h,37,80,36,39,38,28,34,53,38,49,47,46,,48,45,83,72,63,60,,,47,35,54,37,82,,44,50,52,42,44,50,71,69,68,68,73,79,62,34,58,11,49,34,35,75,46,95,52,56,58,37,66,42,84,78,78,79,74,64,61,68,68,85,57,54,58,49,67,61,65,70,86,63,20,24,20,31,23,,26,31,29,24,19,34,37,63,47,45,37,30,51,47,67,62,63,55,,68,47,66,45,46,,81,68,64,70,55,76,81,64,64,48,102,64,72,38,68,66,94,109,49,84,98,45,62,16,,37,27,69,51,58,72,42,58,64,62,52,95,99,57,94,78,76,92,83,108,108,111,102,99,95,97,86,78,94,60,84,73,94,82,91,101,95,102,82,109,115,86,125,99,81,79,69,58,102,107,76,94,107,122,97,92,,107,86,90,108,59,64,86,99,81,95,92,,85,97,125,100,112,109,119,148,72,117,120,107,110,98,106,106,135,132,82,102,99,71,130,81,84,56,72,80,109,102,102,119,104,122,111,,,107,107,76,80,90,82,89,89,64,,125,,111,120,,122,126,129,123,119,98,76,98,108,109,132,92,93,101,89,88,65,46,72,,74,95,105,,96,48,50,45,,45,55,59,22,57,74,125,102,124,107,67,114,107,109,87,83,91,65,107,,89,94,86,71,62,43,81,101,63,33,68,68,15,37,46,54,68,71,21,99,109,80,78,72,131,85,85,96,58,90,51,48,69,60,58,58,51,42,55,61,30,37,,33,47,38,66,33,57,59,64,40,30,34,40,58,46,57,81,64,57,54,54,43,43,48,46,52,41,28,26,46,53,61,26,36,32,30,32,33,39,,53,38,52,49,48,50,47,50,40,46,72,50,54,,54,49,25,54,69,64,58,54,55,70,72,52,63,48,6,7,18,11,32,32,11,12,22,18,,13,16,12,15,11,16,28,24,20,14,,19,43,63,57,51,126,101,40,55,80,37,73,91,87,92,83,79,65,81,81,82,78,66,84,49,30,33,37,40,71,46,61,39,34,64,36,53,46,63,58,42,46,56,38,55,87,53,41,58,100,68,80,,4,18,22,15,34,19,38,28,35,42,,42,68,83,62,57,102,78,30,31,66,55,63,58,53,68,153,81,63,92,89,48,58,54,54,40,110,60,74,66,76,89,33,56,86,57,47,35,15,47,33,51,20,70,80,120,94,,77,72,82,,55,26,35,54,95,90,72,,37,81,75,97,101,97,120,68,63,,49,66,64,81,,75,,62,115,87,100,71,,88,84,84,,71,85,68,60,78,97,,78,79,82,88,82,59,71,73,63,65,54,54,62,62,71,34,66,52,58,52,48,16,30,17,65,66,64,52,45,47,51,39,45,63,56,71,74,67,41,52,51,47,66,28,12,37,69,36,52,95,126,170,86,61,52,73,44,50,66,,,82,74,47,43,55,75,46,29,44,56,71,68,46,40,28,34,97,38,52,31,33,39,29,51,75,42,39,56,30,60,55,35,34,28,24,33,84,74,68,79,68,59,93,80,97,92,111,,136,65,32,34,57,49,49,46,56,53,124,82,57,64,32,69,102,90,104,42,95,88,101,44,36,63,26,59,42,91,77,100,81,67,26,68,56,58,48,63,60,47,57,34,28,54,98,121,80,48,70,55,64,89,95,91,96,47,42,48,63,103,90,70,75,85,122,88,109,82,81,79,106,103,95,100,93,55,54,18,37,57,67,,68,100,212,92,45,48,72,56,88,95,92,76,92,91,86,89,32,12,16,28,19,8,7,17,17,23,73,60,56,92,18,12,8,8,26,21,16,38,53,41,25,15,10,17,21,16,19,25,48,62,60,,67,89,65,51,50,59,35,93,86,112,107,124,68,71,61,95,48,41,32,64,74,59,62,54,28,48,57,71,86,68,57,,81,57,36,56,96,79,37,34,39,45,49,62,63,54,98,79,42,55,111,93,101,130,72,57,79,92,85,78,24,88,82,52,49,76,92,63,59,69,91,55,61,82,104,,92,,69,83,96,60,36,46,102,106,129,104,165,72,76,85,93,,86,107,110,58,92,113,122,,,36,35,70,110,123,109,92,68,101,27,100,53,42,59,58,70,67,77,54,36,64,70,56,56,67,12,,26,35,34,31,,96,32,61,90,88,41,,30,76,58,78,74,64,98,50,62,61,57,39,73,40,72,80,102,92,70,71,95,90,42,68,46,47,64,49,46,71,60,90,46,49,87,56,56,38,36,73,48,54,59,82,53,57,87,47,67,61,67,76,76,33,63,80,53,69,109,64,79,53,,58,58,69,124,32,56,54,102,99,118,110,112,49,48,118,33,55,56,65,70,42,62,102,19,71,136,122,132,,89,59,90,72,80,76,107,144,64,28,73,25,107,107,42,20,18,32,80,61,75,27,45,70,51,,50,121,32,41,22,,90,22,86,69,35,,28,119,74,81,44,,41,54,43,39,37,31,41,64,57,67,34,43,48,44,44,50,50,47,85,59,94,102,85,70,89,93,110,45,92,78,81,108,96,112,100,133,113,103,64,58,58,63,59,47,96,77,56,86,77,68,84,88,,56,58,62,61,86,117,116,99,48,48,63,54,39,62,32,80,96,86,86,81,43,104,96,114,104,131,114,,98,110,128,103,111,96,112,93,103,73,78,94,102,40,81,119,54,69,104,89,44,76,70,113,103,78,109,112,54,100,84,70,96,121,86,110,90,109,90,55,98,38,26,66,59,48,66,56,48,85,69,88,75,74,82,63,84,63,62,49,36,37,56,24,86,91,57,96,89,65,56,47,61,64,108,87,104,84,81,44,17,29,66,55,48,53,55,63,31,58,70,76,59,56,31,55,58,65,51,54,61,52,55,90,75,109,80,67,81,73,9,11,8,8,23,23,10,24,22,21,20,16,30,25,24,19,50,32,19,30,41,24,22,,11,24,33,20,55,56,31,15,88,17,46,27,16,23,27,37,29,23,35,46,66,71,31,,114,81,83,88,84,100,20,15,91,89,61,55,55,52,55,69,18,25,29,47,54,,83,146,97,56,81,82,46,106,69,85,66,110,80,88,53,62,56,45,49,34,82,84,66,78,,51,47,61,48,73,81,60,87,103,114,22,38,11,47,84,74,36,21,24,32,77,71,59,76,33,52,55,80,81,22,49,47,33,32,60,58,64,69,70,88,69,53,51,,54,38,36,34,,22,60,71,47,105,90,83,84,20,4,75,44,56,36,80,50,36,32,72,31,86,32,28,104,30,95,56,22,62,89,55,52,30,28,51,56,34,32,64,77,84,52,45,46,66,35,32,72,43
20160203,18,O3_8h_24h,42,83,50,46,57,39,46,62,42,54,58,54,,48,45,83,72,63,60,,,52,35,54,37,84,,56,71,62,57,59,60,86,69,68,68,73,79,62,34,73,30,62,34,42,75,46,95,68,56,62,52,66,43,85,78,78,79,74,64,62,68,68,85,57,62,58,49,67,63,65,82,86,63,56,50,36,57,30,,36,36,32,30,19,48,44,63,48,53,41,36,56,47,69,62,63,55,,68,47,66,45,46,,81,68,64,70,57,76,83,66,76,56,127,64,72,39,68,66,94,109,49,84,98,45,62,30,,37,28,69,51,59,85,42,61,76,64,72,95,99,71,95,83,76,95,83,108,108,111,102,114,95,97,86,78,94,60,84,79,94,82,91,101,95,104,82,109,115,86,125,107,98,79,82,58,102,107,82,94,107,122,97,92,,107,86,90,108,59,64,86,99,81,95,92,,85,97,125,100,112,109,119,148,72,117,120,107,110,98,106,106,135,132,82,102,99,79,130,81,85,56,85,98,110,102,102,119,104,122,111,,105,107,107,76,80,90,82,89,89,64,,125,,111,120,,122,126,129,123,119,98,76,98,108,109,132,109,93,101,89,88,65,46,86,,80,95,105,,100,69,74,65,,61,82,59,22,57,76,131,106,125,108,72,114,107,109,87,83,91,65,107,,89,94,86,73,72,53,81,108,68,43,79,84,40,70,58,65,101,71,23,104,109,80,78,77,131,85,85,105,62,100,67,103,81,94,64,92,85,68,96,96,45,51,,56,61,56,68,50,68,62,74,47,39,49,40,81,46,57,81,65,64,54,58,43,43,48,56,60,48,40,38,46,53,61,30,40,36,36,37,40,47,,53,40,53,49,48,53,52,56,41,46,72,50,54,,56,60,25,55,69,64,64,61,57,70,72,52,63,71,38,17,34,39,42,46,23,48,22,49,,17,19,16,50,56,58,69,78,69,66,,71,78,67,71,69,126,106,50,63,95,47,73,91,87,92,83,79,65,90,84,90,93,72,84,51,64,62,37,56,71,82,61,41,35,79,40,62,47,69,96,63,48,56,38,65,87,59,48,63,105,94,88,,8,18,22,17,34,19,83,53,88,74,,42,68,83,62,57,104,78,33,66,66,55,67,58,56,76,153,81,63,92,89,67,88,77,72,40,110,66,74,70,81,95,34,72,107,63,54,42,31,49,33,51,20,75,80,120,94,,77,72,82,,55,35,35,54,95,90,72,,37,81,75,97,101,97,120,68,64,,50,66,64,81,,75,,62,115,87,100,71,,88,84,84,,71,85,68,60,78,97,,78,80,82,88,82,59,71,73,63,65,54,54,62,62,71,34,66,52,58,52,48,26,35,30,65,66,64,57,55,54,51,40,45,64,58,71,74,67,41,52,51,47,66,28,12,37,69,36,52,95,126,170,86,61,52,73,44,50,66,,,82,74,47,43,55,77,46,30,45,56,75,68,46,40,28,34,97,56,57,34,45,46,34,53,77,47,42,64,33,62,55,35,34,33,24,34,84,74,72,81,70,65,93,88,97,94,113,,136,66,33,46,62,69,54,47,56,56,130,82,57,84,32,69,103,90,104,42,95,88,101,44,36,64,38,63,42,92,85,102,87,67,26,68,58,60,50,66,63,47,61,41,36,54,98,121,80,56,81,65,75,89,97,91,104,61,54,66,79,103,90,70,84,85,122,88,109,82,81,79,106,103,95,105,96,64,67,19,76,96,87,,69,103,226,92,48,50,78,60,88,95,92,76,92,92,86,89,78,64,37,52,36,28,35,55,51,64,73,60,56,92,83,64,59,43,61,22,18,38,91,126,84,67,12,18,21,17,34,28,58,74,71,,67,89,65,51,80,61,36,93,86,112,107,124,68,71,61,114,62,79,60,90,74,101,99,66,28,58,69,73,93,73,72,,89,66,79,82,96,85,40,80,43,45,49,64,63,57,98,79,50,61,111,93,110,130,80,59,79,92,85,78,27,88,82,52,49,77,92,64,59,74,91,55,61,82,104,,92,,69,83,96,60,39,54,102,106,129,104,165,72,76,85,93,,86,114,110,58,92,113,122,,,51,41,70,110,123,109,92,68,101,27,100,53,42,59,59,81,69,77,55,36,74,70,63,61,71,12,,29,42,48,36,,101,36,71,98,110,41,,30,76,58,79,74,64,98,66,74,66,62,47,73,40,80,85,102,93,85,72,96,90,42,69,46,47,64,62,64,82,69,90,46,51,87,56,58,38,36,73,48,54,59,82,53,57,87,47,69,61,68,78,88,69,76,82,56,71,109,79,79,61,,58,76,77,124,58,67,55,102,102,118,114,112,49,58,118,41,69,67,68,89,44,63,102,21,71,136,122,132,,95,64,102,78,98,76,108,144,64,28,73,25,107,107,42,20,18,32,144,69,119,27,48,70,53,,50,121,32,143,23,,90,22,86,69,51,,31,119,74,81,55,,61,72,49,54,52,46,51,76,59,69,35,43,48,46,44,65,68,63,98,59,94,102,85,70,89,93,110,45,92,78,81,108,96,112,100,133,113,103,77,76,72,81,79,61,122,96,69,86,77,68,84,88,,56,58,62,61,86,117,116,99,48,48,63,54,49,63,35,80,96,86,86,81,43,104,96,114,104,131,114,,98,110,128,103,111,97,112,94,104,87,78,108,104,40,83,119,54,69,104,89,47,76,70,113,103,78,109,112,60,105,103,82,96,121,86,110,90,109,90,78,98,42,26,86,76,54,76,65,57,96,78,106,91,91,120,93,113,90,103,77,49,57,65,31,105,113,75,114,109,95,94,94,105,99,123,118,218,125,110,70,67,92,68,81,51,54,62,63,48,58,70,76,72,56,31,69,60,65,51,60,68,52,55,90,75,109,80,67,81,73,26,24,32,24,28,37,14,41,68,66,55,60,44,41,38,37,106,67,66,63,70,54,58,,32,50,33,20,60,56,40,15,110,17,52,27,16,23,68,73,70,70,74,55,80,82,32,,114,81,83,88,84,114,25,18,91,214,68,62,61,53,96,98,38,49,34,66,77,,104,156,102,74,87,82,47,106,84,99,74,119,80,88,53,62,56,68,72,38,90,84,66,85,,51,47,79,54,76,86,60,87,103,114,25,44,12,53,84,76,55,44,58,44,77,73,64,76,67,78,78,92,92,29,60,48,55,58,66,70,88,100,70,88,90,68,60,,65,72,60,78,,31,96,73,58,105,90,91,102,24,4,75,44,56,40,80,50,41,38,87,46,86,38,38,109,30,95,83,22,62,89,62,63,40,45,53,56,47,54,77,77,92,52,47,48,67,35,32,76,57
20160203,18,CO,0.9,0.4,1,0.9,1.1,1.1,0.8,0.8,0.3,1.1,0.7,1.1,,2.763,2.998,2.369,1.423,1.637,3.33,,,1.885,1.561,2.191,1.122,1.044,,1.308,1.271,1.448,1.285,1.432,0.996,2.213,0.573,1.45,0.795,0.663,1.153,1.005,1.508,1.489,1.526,0.865,0.818,4.41,2.378,2.034,3.425,2.728,2.304,3.083,2.552,2.193,2.653,0.552,0.579,0.242,0.471,0.577,0.548,1.114,0.88,0.428,0.462,1.092,1.349,1.141,0.894,3.239,3.663,2.298,2.017,2.248,2.235,4.471,6.043,3.764,4.966,1.927,,2.332,2.055,2.153,3.833,2.743,3.533,2.584,0.93,1.643,0.797,1.17,1.14,1.351,1.087,0.951,0.579,0.648,1.087,,0.788,0.498,0.606,0.734,0.761,,0.557,1.039,1.334,1.646,1.669,1.439,2.026,1.92,1.515,1.486,0.722,0.969,0.824,0.977,0.617,0.815,0.784,1.453,0.814,0.542,0.746,0.915,0.765,4.246,,1.434,1.254,1.366,1.137,1.503,2.012,1.009,0.926,1.344,0.726,0.949,0.268,0.992,1.338,0.444,1.057,0.364,2.095,1.293,1.778,1.367,1.414,1.257,1.287,0.904,0.925,1.11,0.931,1.09,1.335,0.931,1.039,0.929,1.669,0.737,1.073,0.889,0.821,0.693,1.584,1.159,0.884,1.911,1.103,1.416,1.236,1.047,1.401,1.326,1.056,1.206,0.969,0.999,1.285,1.032,1.58,,1.784,2.263,1.119,1.762,1.636,1.478,1.09,1.356,1.388,1.036,1.416,,1.054,0.773,1.483,1.22,1.312,2.141,1.012,1.118,1.496,1.107,1.72,1.264,1.203,1.398,1.318,1.324,2.13,1.823,1.991,2.35,0.842,0.915,0.608,1.062,1.845,1.247,1.191,1.023,1.459,1.091,0.99,0.946,0.823,0.701,1.056,,,0.889,0.769,1.222,1.106,1.091,0.987,0.92,1.014,1.457,,1.223,,0.853,1.27,,1.086,0.532,0.951,0.894,0.412,0.603,1.152,0.999,0.738,1.206,0.854,0.947,0.814,0.641,0.66,1.359,1.099,0.922,0.998,,1.375,1.305,1.221,,1.225,0.552,0.907,0.651,,0.977,0.857,0.536,0.748,0.699,0.8,0.582,0.871,0.578,1.246,1.065,0.82,0.853,0.837,0.782,5.031,1.102,0.853,0.937,,1.065,1.52,1.209,1.474,1.338,1.62,1.836,1.904,1.961,1.633,1.742,1.488,1.747,1.119,1.192,1.25,1.057,1.147,1.414,2.042,0.736,0.685,1.02,0.877,0.872,0.864,1.319,1.435,1.426,0.414,0.886,1.805,0.872,1.317,1.19,1.204,1.912,1.067,1.556,1.194,0.74,0.745,,0.88,0.859,0.892,0.749,0.967,0.861,0.73,0.851,1.172,1.073,1.007,0.789,1.141,1.04,1.314,0.971,1.241,1.038,1.024,0.98,1.063,0.999,0.937,0.665,0.671,1.115,0.984,1.225,0.822,1.059,0.569,1.317,1.146,1.081,0.948,0.916,1.188,1.293,,0.91,1.013,1.038,0.925,0.962,1.111,1.062,0.964,1.219,0.847,1.044,1.496,1.075,,1.186,0.373,1.1,1.257,1.363,1.096,1.313,1.469,0.868,0.745,0.871,0.947,0.975,0.789,1.118,1.536,1.006,1.1,1.052,0.948,1.143,1.038,0.817,0.592,,1.486,1.32,0.942,1.047,1.161,1.406,1.393,1.52,1.241,1.876,,1.952,1.196,0.482,1.247,0.747,0.501,0.907,1.16,1.089,0.792,0.85,0.358,0.203,0.872,1.168,0.723,0.591,0.831,0.371,0.489,0.336,0.342,,0.232,1.453,2.615,2.489,1.345,1.579,1.781,1.379,3.143,3.086,1.677,1.346,1.917,1.306,1.481,0.986,1.412,1.098,1.048,1.609,1.395,1.304,1.573,1.061,1.266,1.094,1.264,0.971,1.699,,3.94,1.948,2.795,4.607,1.957,2.945,1.953,1.221,2.119,2.158,,1.222,1.716,1.197,1.322,0.988,0.695,0.987,2.602,1.952,0.738,0.788,0.983,1.102,0.675,1.547,1.121,0.586,0.332,1.141,0.56,2.706,2.383,1.831,1.359,2.272,1.618,1.753,1.522,2.384,2.486,1.67,0.911,1.845,1.971,1.695,0.924,1.075,1.105,0.755,1.686,1.087,2.541,1.666,1.768,1.741,2.282,,1.994,2.216,1.635,,1.68,2.218,2.912,2.612,0.886,1.898,2.302,,2.332,1.154,1.342,0.789,1.541,0.875,1.406,1.068,1.468,,0.919,0.979,2.38,1.765,,1.57,,2.088,1.043,1.041,0.947,1.189,,1.365,2.004,1.479,,0.924,1.157,1.537,1.37,1.02,1.092,,1.423,1.212,0.803,0.858,1.438,0.984,0.858,0.766,0.974,0.787,0.912,1.397,1.164,1.106,1.069,1.149,0.679,0.922,1.23,1.198,0.9,1.363,1.704,1.278,1.592,1.517,1.306,1.097,1.131,1.135,1.042,1.538,1.261,0.999,1.379,0.815,1.208,1.072,1.238,1.464,1.449,1.595,1.053,1.795,,0.832,0.786,1.399,1.022,1.575,1.438,1.415,2.171,2.048,1.906,1.41,1.706,2.492,3.607,,,1.248,1.376,3.885,7.985,1.071,2.873,3.005,3.568,1.34,1.268,1.042,2.169,1.414,0.421,0.951,0.3,0.529,0.081,2.699,3.656,5.366,3.828,3.893,3,1.362,3.579,3.916,1.474,1.56,2.18,2.498,2.113,1.863,1.933,2.716,3.261,2.773,1.392,1.733,1.581,1.528,2.022,1.362,1.231,1.557,1.61,1.205,,0.834,0.844,1.995,1.128,0.946,1.307,3.489,1.929,1.073,4.356,1.435,0.836,0.564,0.842,1.226,0.941,0.968,1.022,1.703,0.936,2.234,1.334,1.154,2.149,2.435,1,0.724,0.356,0.989,0.532,0.822,0.668,0.852,1.929,2.228,2.202,2.71,2.396,2.611,1.94,2.144,3.6,1.15,2.264,2.815,2.323,0.979,1.249,1.606,1.714,3.315,1.799,2.657,1.488,1.426,1.774,1.128,2.106,3.186,3.386,1.079,1.101,0.874,0.861,1.475,1.254,1.168,1.406,0.661,1.018,0.923,0.763,1.214,0.663,0.838,0.854,1.508,0.711,1.065,0.789,0.167,2.346,1.136,0.804,1.031,1.188,1.253,1.559,1.278,1.553,1.095,1.321,1.034,1.273,1.315,1.376,1.468,1.162,1.163,0.844,2.261,1.696,1.253,1.167,1.7,1.42,1.269,1.748,1.161,1.182,2.026,2.134,1.383,0.848,0.969,0.844,0.8,0.778,1.285,1.321,1.208,1.645,1.335,1.388,1.414,1.603,,2.028,1.327,1.582,1.534,1.588,0.947,0.263,0.956,,0.96,0.661,0.756,1.776,2.016,2.003,1.701,1.082,1.591,1.552,0.919,1.37,1.557,1.211,0.805,1.057,1.171,1.354,1.575,1.189,1.616,1.474,1.323,0.88,2.54,1.987,1.223,0.87,0.12,2.112,0.768,,0.992,1.84,0.691,0.568,1.607,2.347,1.931,2.142,1.263,1.102,1.168,2.159,1.64,1.362,1.07,1.023,1.83,1.201,1.543,2.109,1.59,1.558,1.507,0.95,2.019,0.958,1.752,1.8,2.069,3.013,1.487,2.03,0.82,0.962,1.182,1.094,1.631,2.409,1.077,0.984,0.751,0.865,0.656,,1.075,0.905,1.615,,0.236,0.405,0.951,1.299,1.496,1.752,1.693,1.331,1.414,1.392,1.158,0.677,0.746,,0.701,0.991,1.069,1.129,1.068,1.341,1.212,,,0.835,1.407,1.113,1.254,0.644,1.142,0.981,1.222,0.954,0.789,1.464,0.733,0.716,0.874,0.965,0.995,1.307,1.071,0.841,0.97,0.984,0.758,1.218,0.504,1.165,3.256,,1.488,1.931,4.148,3.016,,2.92,2.999,3.236,2.1,3.028,3.075,,3.709,0.342,0.589,0.235,0.566,0.886,0.518,0.876,1.18,0.11,0.329,0.36,0.572,0.308,0.634,0.376,0.016,0.216,0.309,0.637,0.869,0.362,2.217,0.089,0.619,0.16,0.232,2.735,2.206,2.156,1.845,1.577,1.447,1.955,0.582,1.739,1.463,3.874,1.319,0.182,0.66,0.887,1.819,1.364,0.972,2.082,1.314,1.719,0.658,0.965,0.823,0.754,1.323,2.764,1.636,2.988,0.688,5.002,1.424,1.778,1.732,2.842,,1.561,0.922,1.452,0.637,,,0.723,1.322,1.723,1.247,1.13,1.026,1.332,1.674,0.12,1.182,0.595,0.735,1.27,0.891,1.883,0.648,0.938,1.118,1.511,1.046,0.647,0.942,,1.169,2.338,1.26,1.662,0.819,0.889,0.963,0.744,1.814,1.432,0.884,1.476,1.347,1.254,0.724,0.749,0.738,0.581,0.088,0.501,0.185,1.423,1.471,1.331,1.444,,0.603,0.948,1.197,1.397,0.453,,1.246,0.945,0.717,1.199,0.935,1.072,0.696,0.845,0.648,0.73,1.084,,0.946,,0.501,1.169,0.765,0.992,0.792,0.537,1.257,0.37,0.914,0.845,0.871,1.196,0.919,0.87,0.852,0.781,0.598,0.148,0.562,0.616,0.946,1.383,1.654,1.042,0.79,1.369,0.188,0.149,1.527,0.404,0.956,0.583,0.908,0.438,0.656,0.827,1.433,1.458,1.418,0.885,1.231,0.756,0.481,0.763,0.93,1.005,1.125,0.461,0.52,0.724,,1.854,2.049,1.718,2.044,3.754,0.301,0.999,0.349,3.514,2.141,0.685,1.468,2.518,2.133,2.888,2.115,2.956,1.688,1.956,1.61,1.409,1.208,0.981,1.141,1.786,1.403,1.164,,1.621,0.696,0.778,0.588,0.567,0.736,1.104,0.761,0.845,1.068,1.281,2.284,1.905,1.267,1.526,1.526,1.02,1.121,0.844,0.964,1.267,0.934,0.612,1.461,1.329,1.452,1.012,0.641,0.865,0.853,2.379,1.284,1.752,0.911,0.48,0.663,0.87,0.541,1.27,1.307,1.209,,0.429,0.743,1.321,1.229,1.131,1.255,1.255,0.973,1.179,0.969,1.081,0.949,1.063,2.04,0.971,1.865,1.224,1.585,0.756,1.263,0.786,1.607,0.84,0.89,1.538,1.237,0.779,0.85,0.709,0.919,0.862,0.584,1.102,1.542,1.719,0.085,1.51,0.165,0.637,0.675,0.73,0.654,1.544,0.64,1.102,0.911,0.937,1.846,1.542,1.343,1.242,1.356,2.097,0.724,1.464,1.721,1.207,0.724,0.717,1.167,2.009,1.107,1.396,1.048,1.227,1.262,1.274,1.2,1.765,2.013,2.155,2.46,1.879,1.324,3.032,2.03,1.223,1.141,1.513,0.991,1.76,1.69,1.477,1.538,1.134,1.489,2.351,1.317,1.581,1.537,2.068,,1.61,1.466,1.745,1.845,1.627,1.658,1.26,2.091,1.651,1.449,0.942,1.439,2.668,1.63,1.186,1.328,1.543,1.354,1.281,0.751,0.652,0.958,0.837,,1.07,1.332,0.914,1.007,1.94,1.354,1.734,0.82,1.371,1.102,1.177,0.634,0.836,1.1,1.993,1.11,1.742,1.593,1.244,1.213,0.524,,0.71,1.145,0.491,1.25,1.588,1.172,0.747,0.368,0.624,0.225,0.278,1.205,0.466,0.544,0.893,0.454,0.615,0.376,1.298,0.505,0.307,0.35,0.682,1.447,,0.6,0.768,0.511,0.788,,1.423,0.668,0.862,0.025,0.055,0.633,0.585,0.514,0.371,0.264,0.68,2.867,2.523,2.985,3.426,3.993,1.418,1.934,1.689,1.238,1.991,1.031,3.775,2.187,0.978,0.525,1.042,2.152,1.595,1.387,0.21,0.959,1.409,0.769,1.319,1.291,0.544,2.678,,1.589,1.182,1.389,1.298,,1.187,2.316,1.229,1.309,0.543,0.732,0.285,0.586,1.094,1.2,0.043,0.555,1.013,1.146,0.886,0.301,1.696,0.88,0.635,0.206,0.898,1.243,0.563,0.843,2.126,0.514,1.569,2.128,0.959,0.809,1.521,1.454,1.233,0.975,1.021,0.471,2.582,1.828,1.428,0.734,0.58,0.41,2.548,3.825,1.543,1.19,0.75,1.617,0.475
20160203,18,CO_24h,1.221,0.6,1.158,1.246,1.146,1.233,2.158,1,0.838,1.346,1.262,1.904,,2.736,3.007,3.07,2.399,2.766,3.502,,,3.052,1.639,2.365,1.349,2.495,,1.692,2.106,1.904,1.586,1.858,1.318,0.955,1.966,2.694,1.792,1.7,2.162,2.01,2.208,3.309,3.008,2.077,2.148,6.921,6.545,7.027,6.907,4.772,4.746,4.385,3.715,4.098,6.643,0.682,0.735,0.482,0.72,0.54,1.005,1.259,1.467,1.169,0.659,2.882,1.895,1.904,1.85,4.446,5.119,3.699,2.869,2.946,3.019,3.454,3.532,3.713,3.608,1.794,,1.664,2.767,3.227,3.75,3.372,3.322,2.908,1.882,2.228,1.143,4.087,2.364,1.868,1.631,1.582,1.213,2.028,2.11,,2.209,2.256,1.44,2.063,2.109,,2.083,1.366,1.457,1.65,1.631,1.505,1.714,1.604,1.307,1.356,0.748,1.202,1.209,1.393,1.143,1.211,0.953,1.741,1.359,1.125,0.98,1.573,0.73,3.385,,1.72,0.69,1.531,1.165,2.096,1.772,1.307,0.769,1.481,1.139,1.251,0.795,1.184,1.216,0.837,1.467,0.822,2.039,1.802,3.005,1.805,2.101,1.853,1.524,1.41,1.566,1.355,1.585,1.366,1.894,1.692,1.44,1.479,1.627,1.346,1.099,0.976,0.646,0.829,1.926,1.649,1.198,1.572,1.97,2.201,1.832,1.56,1.913,2.113,1.474,2.028,1.613,1.747,1.955,1.092,1.719,,1.975,2.539,1.491,1.935,1.812,2.286,1.79,1.953,1.825,1.717,1.649,,1.215,1.246,1.519,1.477,1.588,2.143,1.182,1.417,1.729,1.481,2.266,1.608,1.047,1.081,1.072,0.94,2.231,2.133,2.24,2.636,0.969,0.726,0.667,1.07,1.331,1.334,1.172,1.16,1.407,1.254,0.954,1.231,0.93,1.052,1.108,,0.933,1.126,0.876,0.885,1.059,1.183,0.948,0.996,0.88,1.285,,1.224,,1.268,1.473,,1.065,0.712,1.104,1.199,0.987,0.909,0.952,0.841,0.823,1.069,0.952,1.01,0.834,0.98,0.805,1.306,1.64,1.253,1.147,,1.485,2.209,1.495,,1.432,0.497,0.85,0.574,,0.927,0.807,0.708,0.706,0.725,1.051,0.887,0.992,0.436,1.214,1.014,0.855,0.986,1.044,0.956,1.997,1.377,1.221,1.263,,1.268,1.851,0.967,1.335,1.184,1.374,1.609,1.48,1.94,1.188,1.726,1.967,2.051,1.564,1.404,1.592,1.499,1.493,1.895,2.046,0.986,1.279,1.514,1.41,1.415,1.292,1.797,1.455,2.098,0.795,1.039,2.155,1.008,1.512,1.415,1.349,1.759,1.227,1.644,1.33,0.676,0.918,,0.78,0.817,0.763,0.683,0.893,0.852,0.724,1.5,1.112,1.003,1.232,0.777,1.191,0.962,1.319,1.033,1.265,1.101,1.035,0.886,0.976,0.938,0.906,0.666,0.619,1.078,0.938,0.987,0.85,0.953,1.04,1.138,1.09,1.016,0.863,0.794,0.957,1.24,,0.895,0.993,1.011,0.911,0.922,1.079,1.019,0.869,1.065,0.862,1.265,1.092,1.106,,1.403,1.036,1.258,1.382,1.437,1.168,1.445,1.535,0.947,0.821,1.202,1.001,1.295,0.907,1.503,1.468,1.216,1.239,1.306,1.009,1.321,1.303,1.14,0.984,,1.443,1.568,1.554,1.349,1.237,1.298,1.424,1.548,1.363,1.631,,1.889,1.301,0.583,1.324,0.7,0.734,0.824,1.056,1.492,0.882,0.936,1.234,0.713,1.184,2.301,1.626,1.888,2.092,1.285,1.649,0.814,0.364,0.48,0.359,1.57,2.897,2.074,1.765,1.992,2.729,2.15,3.898,3.782,2.238,1.906,2.274,2.35,2.663,1.593,1.53,1.623,2.117,2.191,2.518,1.485,2.189,1.007,3.04,2.33,1.846,1.968,2.499,,4.299,4.594,3.805,3.763,2.994,2.281,1.466,1.398,2.036,1.787,,1.386,1.363,1.19,1.305,1.158,0.616,0.917,1.558,1.817,1.475,2.289,2.545,1.434,2.653,3.517,1.661,0.933,0.473,0.689,0.969,1.89,1.934,1.245,1.376,2.188,1.77,2.452,2.095,1.374,1.68,1.075,1.626,2.682,2.37,2.056,0.677,0.769,0.781,0.61,2.063,2.306,2.981,2.295,2.126,2.102,3.44,,3.678,3.207,2.047,,2.078,2.846,3.319,3.18,1.421,2.116,2.613,,3.645,1.883,3.071,0.993,1.465,1.544,1.596,1.303,0.999,,0.946,1.597,2.128,2.388,,2.113,,2.204,1.298,1.386,1.208,2.071,,2.9,2.709,1.595,,0.811,1.09,1.463,1.439,1.44,1.436,,1.357,1.22,0.729,0.814,1.324,0.904,0.994,0.982,0.958,0.988,1.132,1.205,1.127,1.006,1.083,1.123,0.686,0.878,1.157,1.162,0.93,1.177,1.257,1.252,1.366,1.298,1.224,0.992,0.938,0.896,0.983,1.402,1.114,0.933,1.114,0.79,1.03,0.997,1.053,1.163,0.99,1.065,0.978,1.84,,0.932,1.328,1.851,1.656,1.596,1.555,1.503,3.004,2.697,2.342,1.66,2.316,3.022,5.636,,,3.317,4.092,5.007,8.559,2.14,4.481,3.749,5.257,3.699,1.433,2.58,2.566,0.962,0.379,2.449,0.792,0.305,3.039,1.776,2.135,2.427,2.923,2.99,2.18,0.669,4.236,4.16,1.448,2.819,2.096,4.017,2.024,2.738,2.994,3.753,2.542,2.89,1.418,1.672,1.905,1.192,1.583,1.778,0.824,2.089,1.684,1.058,,0.78,0.648,1.35,0.754,0.905,0.822,2.342,2.107,1.384,2.317,1.171,0.826,0.617,0.808,1.062,0.84,1.22,1.283,1.703,1.054,2.548,1.457,1.666,2.261,2.939,1.661,0.801,0.829,1.107,1.403,0.73,1.394,0.595,2.714,2.294,3.396,3.435,2.886,2.234,1.941,4.343,7.125,3.46,4.912,5.047,1.904,1.028,1.253,1.752,2.533,3.475,1.908,1.723,1.746,1.839,2.378,1.412,2.405,3.33,3.786,1.46,1.097,1.25,0.941,1.386,1.222,1.707,2.312,1.42,1.313,0.974,1.304,1.549,0.901,0.962,1.09,1.521,0.783,1.321,1.09,2.185,1.759,0.996,0.697,1.047,1.139,1.182,1.437,1.275,1.486,1.095,1.398,1.056,1.234,1.134,1.616,1.291,1.134,1.023,0.862,2.208,1.568,1.236,1.19,1.708,1.555,1.222,1.817,1.358,1.214,2.8,1.944,1.685,1.043,0.961,0.957,0.914,0.87,1.351,1.324,1.222,1.728,1.294,1.845,1.365,1.611,0.687,1.878,1.19,1.197,1.462,1.457,1.023,0.432,0.955,,1.107,1.087,1.351,1.945,2.806,2.193,2.587,1.444,2.429,1.724,1.073,1.674,1.467,1.521,2.035,1.307,1.343,2.794,2.164,1.54,2.452,2.084,2.052,1.304,2.457,2.53,1.809,1.107,0.214,2.025,0.457,,1.813,2.183,1.994,1.348,1.458,2.267,1.855,1.234,1.502,1.634,1.421,1.142,2.316,1.738,1.189,1.106,3.447,1.555,1.789,1.863,1.845,1.792,3.243,2.422,2.815,1.971,1.508,1.898,2.309,2.317,2.258,2.703,1.265,0.849,1.659,1.906,2.291,2.792,1.32,1.154,0.873,1.137,1.093,,1.389,1.372,1.798,1.679,0.656,0.943,1.188,1.231,1.619,1.602,1.62,1.787,1.825,1.454,1.792,0.935,0.979,,0.942,1.005,0.889,1.002,0.967,1.313,1.137,,,1.277,1.398,1.101,1.359,0.623,1.376,1.901,1.259,1.159,0.981,1.736,0.803,0.806,0.932,2.735,1.96,2.961,4.02,1.9,2.718,2.006,1.752,2.389,1.608,2.14,2.826,,1.94,2.629,5.165,4.119,,4.893,3.902,4.339,2.51,3.537,3.433,,4.616,2.97,2.163,0.771,0.918,1.162,0.831,0.552,0.914,0.579,2.049,0.769,0.768,1.358,0.952,0.634,0.264,0.493,0.213,1.249,1.518,0.413,3.16,0.923,0.94,1.028,1.321,1.51,2.159,1.653,1.933,1.89,1.401,2.045,1.017,3.4,2.437,4.721,2.179,0.971,1.024,1.173,2.538,2.107,1.683,2.978,1.603,1.787,1.406,0.661,0.559,0.512,1.395,1.755,0.98,1.887,0.554,2.736,1.666,1.919,0.829,3.765,,1.486,1.049,0.936,0.716,,0.877,0.504,1.939,1.812,1.272,0.98,0.998,1.678,1.688,1.086,0.839,0.614,0.39,1.393,1.041,1.371,0.629,1.215,1.586,1.336,1.285,1.086,1.175,,1.301,2.512,1.246,1.543,1.032,1.544,1.115,1.036,2.133,1.559,1.066,1.498,1.349,1.392,0.813,1.063,0.811,0.654,0.168,0.518,0.208,1.698,1.528,1.724,1.502,,0.769,1.35,1.798,2.094,0.294,,1.157,0.945,0.979,1.242,0.947,1.12,0.777,0.885,0.663,0.817,0.866,,0.822,0.009,0.555,1.123,0.794,1.018,0.791,0.609,1.083,0.408,1.053,0.856,0.984,1.055,0.908,0.783,0.75,0.746,0.059,0.643,0.571,0.778,0.801,1.396,2.119,1.729,1.546,2.029,1.029,0.815,1.9,1.561,1.894,0.828,0.961,0.738,0.774,0.855,1.366,1.323,1.435,0.888,1.109,1.001,1.288,0.936,1.057,1.345,1.449,0.784,1.288,1.349,,1.812,2.289,1.618,2.363,2.462,0.29,0.837,0.504,4.259,3.266,2.126,1.613,5.483,2.624,3.8,2.142,3.019,2.176,1.987,1.865,1.59,1.523,1.34,1.46,2.224,1.2,1.911,,1.769,1.989,1.981,0.777,0.644,0.697,1.238,1.181,1.325,1.142,1.391,2.552,1.904,1.562,1.728,1.367,1.405,1.383,0.803,1.12,1.397,1.06,0.765,1.727,1.595,1.928,1.198,0.901,0.949,0.958,3.261,1.984,2.113,1.249,0.826,0.964,1.123,0.776,1.481,1.372,1.589,0.221,0.592,1.126,1.593,1.47,1.578,1.503,1.652,1.063,1.293,1.169,1.22,1.218,1.289,2.348,1.264,2.404,1.771,1.858,0.606,1.111,0.777,1.574,0.878,0.925,1.168,1.219,1.129,1.05,0.903,1.05,0.916,1.3,0.844,1.655,1.795,0.313,1.665,0.072,0.406,0.598,0.693,0.747,2.509,0.582,1.108,0.889,0.978,1.579,1.322,1.361,1.1,1.283,1.797,0.585,1.398,1.619,1.389,0.722,0.806,1.088,2.009,1.352,1.666,1.535,1.591,1.426,1.261,1.21,1.648,1.574,2.039,2.377,1.896,1.2,2.58,1.499,1.26,1.274,1.515,1.179,1.548,1.705,1.622,1.48,1.115,1.297,1.178,0.998,1.238,1.346,1.627,,1.454,1.412,1.592,1.833,1.495,1.9,1.111,2.052,1.526,1.371,1.24,1.461,3.07,1.53,1.149,1.279,1.458,1.305,1.263,0.766,0.815,0.924,1.08,,1.423,1.882,1.75,1.895,2.364,1.236,1.41,0.793,1.219,0.978,1.382,1.174,1.004,1.238,1.237,0.968,1.863,1.625,1.351,1.192,0.563,,0.587,1.338,0.088,1.153,1.434,1.229,0.566,0.479,0.975,0.381,0.618,1.343,0.672,0.724,1.04,0.64,0.745,0.412,1.328,1.046,0.304,0.327,0.617,1.934,,0.644,0.753,0.128,0.964,0.726,2.01,0.724,1.045,0.067,0.051,1.602,2.263,0.556,0.546,0.262,0.748,2.781,3.058,2.949,4.108,4.057,2.688,3.044,2.785,0.384,2.121,1.256,3.423,2.16,1.117,0.764,0.888,1.838,1.859,1.981,1.367,1.502,1.958,3.025,1.88,1.077,0.735,2.623,,1.729,1.703,1.531,1.122,,1.942,2.774,1.478,1.685,1.025,0.737,0.592,0.79,1.382,1.175,0.678,1.237,1.646,1.058,1.284,0.589,1.96,1.309,1.072,1.075,1.903,1.524,0.961,0.507,2.869,2.539,1.607,2.425,1.129,0.901,1.447,2.717,2.354,2.125,2.272,2.985,3.199,2.178,2.447,0.525,0.694,0.881,1.766,3.025,2.718,2.117,0.7,1.987,1.186
20160203,19,AQI,92,28,88,73,73,77,73,55,59,52,63,103,,210,190,149,133,137,172,,,110,150,166,120,70,,135,203,95,186,213,221,203,73,130,72,68,74,55,66,115,22,96,54,152,156,193,172,128,201,176,139,129,203,57,46,54,62,45,45,64,31,48,25,162,117,142,114,234,268,158,130,178,204,213,245,279,261,169,,78,129,82,113,88,142,127,93,115,79,100,87,109,82,74,87,52,66,,87,48,44,38,123,,93,73,103,90,85,60,108,83,125,132,39,98,95,81,72,72,63,108,58,78,71,84,100,147,,119,105,105,104,80,94,138,173,54,38,85,29,127,58,44,38,29,139,108,117,114,135,113,113,115,94,87,89,92,98,75,95,94,102,113,78,83,119,82,134,144,196,205,103,119,97,104,117,112,107,97,105,109,122,159,122,,153,153,142,142,147,155,176,150,159,118,135,,134,120,137,147,97,104,128,180,209,165,158,160,227,169,201,124,193,228,170,199,160,135,64,223,172,152,155,166,211,170,100,82,104,50,100,,104,92,115,112,125,125,114,163,173,109,,98,,142,150,,90,65,68,33,29,33,147,147,127,117,117,93,60,82,73,125,87,150,107,,163,130,133,,105,59,68,59,,50,59,36,52,46,88,87,68,89,55,88,102,70,98,150,125,112,107,109,,123,135,203,203,175,175,192,216,179,209,208,115,103,120,124,113,110,142,118,94,88,108,104,107,102,103,70,108,118,52,97,109,117,117,112,110,124,118,124,107,64,59,,49,63,68,59,57,79,57,63,67,63,64,72,35,63,75,42,50,50,67,70,59,55,59,50,55,46,82,84,54,63,72,49,51,67,47,54,58,65,,59,57,54,59,57,58,54,57,58,52,70,73,73,,94,82,85,89,74,73,97,97,58,54,55,55,68,79,95,112,80,84,83,49,73,88,68,84,,92,73,79,88,92,125,107,95,95,113,,129,55,93,105,82,95,112,93,99,94,93,49,44,40,30,49,54,53,71,68,65,40,33,58,94,134,118,115,195,89,212,135,128,122,119,134,140,102,98,73,90,93,69,120,124,119,89,85,57,92,130,87,,333,222,220,484,236,282,139,158,160,135,,130,192,122,122,156,79,119,180,132,55,59,70,73,64,67,52,50,28,28,47,208,240,124,80,227,102,114,118,189,208,85,147,85,100,138,53,53,48,46,226,153,137,173,219,180,148,,218,205,102,,107,129,142,180,148,99,140,,155,142,156,139,226,183,193,82,89,,80,119,202,115,,102,,147,163,125,85,120,,142,215,165,,78,88,87,192,89,94,,84,63,63,77,56,51,43,46,45,55,53,74,67,65,68,70,65,58,57,51,54,53,54,59,57,50,54,15,72,78,64,69,64,58,59,63,53,60,65,88,82,83,70,55,43,57,36,37,37,105,105,138,38,52,48,40,43,59,70,67,,54,81,74,156,63,53,63,57,50,57,67,80,73,52,41,33,26,32,189,213,226,243,318,195,128,88,104,103,112,86,93,120,125,176,158,156,113,226,355,233,196,208,64,85,80,68,77,,59,48,57,79,54,94,245,132,147,388,189,114,58,62,60,68,80,124,97,113,63,138,71,132,138,87,68,83,77,79,110,74,29,119,66,61,85,99,70,108,122,130,88,110,124,94,80,70,134,130,107,204,202,93,124,114,109,105,102,119,90,183,208,170,225,160,77,92,84,94,88,97,93,85,112,99,118,114,105,139,104,190,104,87,117,104,112,109,77,99,77,90,97,93,99,87,104,162,38,29,132,149,140,133,148,145,147,132,117,127,70,76,70,87,110,122,85,113,129,159,145,134,95,140,104,125,118,158,140,140,158,168,74,85,85,,75,61,42,176,129,113,212,105,148,153,117,70,85,92,94,138,252,93,127,115,198,149,100,117,112,98,79,107,97,120,106,,123,120,72,60,103,179,225,396,94,112,96,118,129,114,137,125,150,107,169,228,120,130,90,83,122,87,202,97,137,125,103,132,124,109,95,54,90,90,127,117,114,46,61,,89,102,120,105,50,62,130,147,158,160,121,145,156,149,155,129,110,,51,123,143,120,105,115,147,,,89,83,130,89,68,102,84,129,78,97,92,56,66,60,67,89,90,80,99,78,64,60,142,64,63,129,,125,120,134,212,,112,114,53,48,52,41,,44,51,39,45,84,89,73,53,69,67,75,64,57,45,60,50,29,27,21,68,63,66,97,56,45,44,53,153,137,169,209,205,257,183,118,73,23,74,29,69,70,70,65,69,52,66,73,73,77,67,114,64,88,242,165,49,90,40,27,69,104,112,,112,70,122,58,67,110,46,74,86,64,118,52,64,137,46,65,80,102,75,94,40,32,88,109,104,100,113,133,,119,120,150,162,74,77,97,88,72,74,58,65,58,67,77,59,60,80,51,64,49,163,106,148,73,,43,103,103,99,67,,54,72,53,75,68,83,64,105,118,118,46,,64,57,27,52,35,40,39,24,38,26,30,29,29,36,34,53,51,44,64,77,62,58,74,98,124,120,104,98,87,85,77,94,77,55,72,74,84,89,52,65,73,54,75,92,88,85,82,93,102,114,90,107,,72,98,68,77,58,68,74,72,156,84,88,166,148,139,120,95,112,79,115,84,78,124,74,68,78,71,85,,105,80,70,113,91,123,78,117,60,76,72,87,100,74,80,87,78,83,72,82,97,83,107,67,77,89,90,94,104,82,79,73,72,74,59,63,67,61,100,95,68,93,87,80,100,89,88,100,90,178,118,110,125,113,107,84,108,80,117,69,93,90,103,104,58,49,61,50,69,61,73,85,87,78,73,135,97,97,118,100,159,158,73,57,77,64,92,79,77,98,89,99,68,70,98,89,46,63,65,69,68,90,70,63,65,59,74,92,90,94,125,212,170,219,147,118,98,120,95,90,82,83,120,104,110,99,114,139,143,122,95,129,113,,130,179,172,169,139,135,135,132,137,133,52,87,77,64,88,147,133,140,160,27,32,45,65,,39,38,50,46,40,70,93,72,77,104,64,73,80,74,95,102,33,38,38,59,80,,64,58,55,54,39,26,26,38,35,37,51,38,34,53,32,42,53,46,38,48,50,70,64,60,,60,68,18,23,36,35,91,137,39,54,15,53,25,23,42,45,168,175,205,168,57,68,103,62,127,142,127,75,72,68,67,74,70,77,63,49,81,81,62,85,120,124,85,,85,51,79,90,,68,68,88,68,116,182,96,69,54,226,112,95,108,59,78,59,65,84,65,94,79,63,57,35,134,262,95,97,65,67,146,115,140,114,92,95,93,143,105,53,60,36,207,332,284,52,49,74,53
20160203,19,PM2.5,68,17,65,53,53,56,53,39,42,36,37,77,,160,143,114,101,104,130,,,83,115,126,72,31,,103,153,59,140,163,171,153,48,99,52,45,42,39,25,87,,46,22,116,119,145,130,97,151,133,106,98,153,23,31,7,22,27,19,35,11,,17,123,88,108,86,184,218,120,99,134,154,163,195,229,211,128,,57,98,60,85,65,108,96,69,87,53,75,59,82,60,54,64,19,46,,64,29,25,22,93,,69,53,77,67,63,36,81,61,95,100,24,71,71,43,36,46,42,81,28,30,42,62,75,112,,90,79,79,78,59,70,105,131,38,26,63,11,96,41,22,26,20,106,81,88,86,103,85,85,87,70,64,66,68,73,55,62,70,76,85,55,61,90,57,102,110,147,155,77,90,72,78,88,84,80,72,79,82,92,121,92,,117,117,108,108,112,118,133,115,121,89,103,,102,91,104,112,64,78,97,136,159,125,120,122,177,128,151,86,145,178,129,149,122,103,46,173,130,116,118,126,161,129,75,60,78,35,75,,78,68,87,84,95,95,86,124,131,82,,73,,108,115,,66,47,49,20,13,23,112,112,96,88,88,69,43,60,53,95,64,81,80,,124,91,101,,79,42,44,42,,35,35,25,36,29,65,64,49,66,,65,76,51,73,115,95,84,80,82,,93,103,153,153,132,132,144,166,135,159,158,87,77,91,94,85,83,108,89,70,65,81,78,80,69,77,,79,77,36,72,82,88,88,84,83,94,89,94,80,46,42,,34,45,49,42,40,58,40,45,48,45,46,52,24,45,55,29,35,35,48,51,40,39,41,35,39,32,60,62,38,45,52,28,,48,29,19,22,47,,42,40,38,42,40,41,38,40,41,36,51,53,53,,70,60,63,66,54,53,72,72,41,36,39,39,40,58,71,84,59,62,61,20,53,65,49,62,,68,53,58,65,68,95,80,71,71,85,,98,27,69,79,60,71,84,69,74,70,69,22,15,19,16,21,15,29,26,25,14,14,8,18,70,102,,87,146,56,162,103,97,92,72,102,107,76,73,53,67,69,50,91,94,90,66,53,33,68,99,64,,283,172,170,328,186,232,106,120,122,103,,99,144,92,92,119,58,90,136,100,39,42,43,33,46,48,26,31,10,19,22,158,190,94,59,177,76,86,89,142,158,63,112,63,75,105,37,37,33,23,176,117,104,131,169,136,113,,168,155,76,,80,98,108,136,113,74,107,,118,108,119,106,176,138,145,60,66,,59,90,152,87,,76,,112,124,95,63,91,,108,165,125,,57,65,64,144,66,70,,62,45,45,56,,33,30,32,31,37,34,54,48,47,49,51,47,31,35,35,38,37,38,42,40,35,38,,52,57,46,50,46,41,42,45,37,43,47,65,60,61,51,39,30,40,19,23,19,79,79,105,14,28,19,28,28,42,51,48,,37,58,40,119,45,15,38,39,16,35,42,44,41,21,10,6,6,19,142,163,176,193,268,146,97,65,71,77,84,47,69,91,95,133,120,119,85,176,305,183,147,158,46,53,59,49,56,,42,33,40,40,38,70,195,100,112,338,142,86,37,44,43,49,59,94,72,85,45,105,,100,105,64,37,61,56,58,83,54,16,90,45,39,54,74,51,81,92,99,65,83,94,44,59,51,83,99,80,154,152,69,94,86,82,79,76,90,67,138,158,129,175,122,56,68,62,70,65,72,69,63,84,74,89,86,79,106,70,143,78,64,88,78,84,82,56,74,56,67,72,69,74,64,78,123,26,14,100,114,107,101,113,111,112,100,88,96,45,50,38,64,83,92,63,85,98,121,111,102,71,107,78,95,89,120,107,107,120,127,54,63,63,,55,24,28,133,98,85,162,79,113,117,88,51,63,68,70,105,202,48,96,87,148,114,75,88,84,73,58,30,41,56,66,,93,91,37,30,58,135,175,346,70,66,63,75,98,86,104,95,115,80,128,178,91,99,67,61,92,54,152,72,104,95,77,100,94,82,71,38,67,40,96,88,86,29,43,,66,76,91,,16,21,99,112,120,122,,111,119,114,118,98,83,,32,93,109,91,79,87,112,,,66,61,99,66,47,76,62,98,57,72,68,37,34,43,42,24,67,33,64,46,46,43,108,46,45,98,,95,91,102,162,,84,86,28,33,36,24,,27,29,26,28,16,23,25,37,47,48,52,37,40,19,18,18,16,8,6,31,37,38,72,37,31,29,37,117,104,128,159,155,207,138,89,32,16,30,20,50,51,51,47,50,28,33,53,53,56,44,86,46,65,192,125,30,67,,14,49,78,84,,84,51,92,41,40,83,31,40,48,46,89,30,46,104,32,47,59,,55,70,,18,65,82,78,75,85,101,,90,91,115,123,54,56,72,65,52,54,41,47,41,48,56,41,43,59,35,46,14,124,45,113,53,,30,77,77,74,48,,38,52,37,55,49,61,46,79,89,89,26,,35,40,18,36,24,28,27,5,26,18,21,20,20,25,23,37,35,27,46,56,44,41,54,73,94,91,78,73,64,53,56,70,56,39,52,50,62,60,36,47,53,26,55,68,65,63,60,69,76,86,67,80,,51,73,47,55,39,49,54,50,119,62,65,126,113,106,91,65,84,58,87,43,55,94,51,49,57,51,63,,79,57,51,85,57,93,56,88,43,42,52,64,75,54,59,64,57,61,52,60,72,61,80,48,56,66,67,70,78,60,58,53,52,54,42,44,47,35,75,71,49,69,64,59,75,66,65,75,67,134,89,83,95,85,80,62,81,59,88,50,69,67,77,78,41,34,38,35,50,40,53,63,64,57,53,103,63,72,89,75,121,120,53,40,56,46,68,58,56,73,66,74,49,51,73,66,25,32,47,50,49,67,51,45,46,41,54,68,67,70,95,162,129,169,112,89,73,91,71,67,60,61,91,78,83,74,86,106,109,92,71,98,85,,99,135,130,128,106,103,103,100,104,101,36,64,56,46,65,112,101,107,122,17,19,26,47,,27,26,31,32,27,51,69,52,56,54,46,53,59,54,71,76,23,26,26,32,59,,46,34,34,31,21,18,18,26,10,19,33,15,20,26,18,28,33,32,26,13,35,51,46,38,,40,49,11,12,11,24,28,36,13,,,,17,16,10,18,127,132,155,127,34,47,77,44,96,108,96,55,52,49,33,54,51,56,28,18,42,38,44,63,66,53,63,,63,21,58,67,,49,49,61,7,41,137,61,34,9,44,84,71,81,28,57,41,40,36,44,59,58,44,40,13,87,212,59,72,38,43,77,69,107,63,48,67,69,109,79,28,30,25,157,282,234,28,31,54,37
20160203,19,PM2.5_24h,43,26,38,40,37,36,44,41,33,32,37,54,,129,126,94,98,104,132,,,84,94,111,64,102,,72,94,65,71,94,84,51,78,96,76,75,92,94,45,78,65,52,47,189,171,193,175,160,212,178,191,175,218,20,17,19,26,25,38,43,34,38,18,94,70,72,65,139,180,109,154,168,152,113,108,134,125,63,,44,82,89,52,50,62,84,77,79,86,112,92,61,63,59,79,105,102,,124,151,64,141,120,,141,64,63,45,49,34,47,49,56,66,33,91,91,78,89,85,68,88,94,80,77,85,94,109,,129,114,128,130,83,105,96,120,83,65,87,58,107,72,53,69,68,127,114,133,116,131,123,111,121,105,114,119,101,117,110,107,105,94,89,58,72,60,83,104,111,124,110,85,103,95,109,101,97,95,109,119,140,104,114,119,,124,129,120,121,124,143,151,137,136,130,143,,125,121,136,102,84,129,131,131,157,129,135,123,96,76,98,52,163,186,163,162,90,71,41,102,86,93,95,95,102,101,60,88,103,92,97,,91,95,101,59,67,64,63,96,96,71,,82,,132,115,,72,92,79,62,61,67,88,69,70,75,69,69,55,70,56,96,57,94,96,,120,109,99,,93,26,27,26,,25,26,20,26,19,78,62,52,87,70,91,47,82,77,112,133,100,106,109,,109,121,82,103,92,83,100,105,106,111,104,87,87,89,98,99,90,97,81,73,87,103,105,101,107,103,,95,112,72,92,93,89,95,80,105,105,97,89,76,41,38,,33,34,37,38,36,41,39,35,36,35,32,42,22,37,40,23,31,28,37,35,32,33,34,31,36,31,43,44,33,41,49,23,,40,23,19,40,24,,39,39,35,30,33,37,33,36,31,29,34,47,37,,83,86,76,78,72,66,78,80,18,23,26,29,26,53,75,66,58,62,62,44,59,64,62,63,,66,60,61,62,67,80,74,66,67,69,,70,64,70,74,64,73,59,56,74,67,67,49,32,23,49,47,57,49,60,45,33,20,33,22,91,73,,92,138,80,168,63,138,68,128,85,68,87,90,65,68,77,66,95,102,112,52,90,109,96,88,94,,291,326,252,318,258,323,92,111,106,94,,108,133,77,104,121,43,70,111,99,54,83,78,45,92,93,33,45,21,25,29,89,84,84,73,89,81,101,112,72,70,38,103,76,73,87,25,23,24,18,146,128,103,152,171,153,148,,221,200,139,,136,130,147,149,137,90,139,,131,138,187,146,194,222,166,64,51,,54,79,80,135,,109,,134,123,119,95,144,,183,127,106,,49,58,51,137,104,105,,45,44,47,47,51,23,22,24,21,25,27,30,31,31,30,32,31,27,31,31,29,35,22,37,28,20,22,45,46,46,34,44,30,45,39,45,17,21,23,29,29,32,25,32,25,35,34,38,39,116,106,111,53,55,44,46,63,82,110,124,,121,167,92,238,97,48,79,110,52,40,76,83,48,26,63,27,15,210,79,88,84,113,118,87,46,83,66,76,99,44,107,81,114,115,102,74,85,107,95,104,90,92,71,46,88,58,58,,41,42,48,45,49,61,103,90,114,126,81,75,52,42,65,41,66,94,71,94,94,93,91,87,100,73,48,86,66,75,66,93,21,103,76,72,104,94,75,87,128,117,89,119,126,62,57,74,91,56,43,111,73,100,101,93,93,68,72,80,63,120,128,141,127,123,77,89,87,79,80,81,75,68,80,72,78,102,97,86,86,96,58,57,91,94,106,92,54,65,64,73,66,66,72,70,69,79,9,8,78,88,89,88,122,124,131,116,108,103,64,63,47,62,94,83,78,87,102,108,109,102,64,74,86,76,84,107,96,106,114,108,62,63,61,,56,45,43,117,86,71,229,71,92,82,83,39,49,58,72,134,112,79,138,112,144,151,156,88,80,97,71,58,43,52,49,,95,136,83,75,53,115,144,138,84,76,61,59,129,124,100,95,153,90,112,124,76,78,148,125,100,97,76,58,104,98,106,122,96,58,81,71,69,42,110,115,102,68,81,,82,97,101,,53,55,131,91,118,117,128,100,111,125,128,100,97,,66,74,67,65,56,77,81,,,59,65,84,73,57,72,75,97,98,85,78,38,29,42,63,53,84,51,78,63,103,87,171,91,55,71,,77,85,139,153,,151,103,74,48,80,33,,55,116,83,50,29,41,34,35,26,61,81,57,42,61,27,33,16,14,7,46,47,36,91,78,54,89,97,68,77,75,74,123,88,90,92,82,42,64,49,81,75,76,103,110,88,101,93,86,40,42,41,36,55,94,45,22,46,62,20,38,59,53,,74,50,58,42,41,52,29,51,50,53,70,35,57,108,57,35,43,,72,83,70,24,85,35,106,115,125,127,,131,113,118,44,60,74,103,83,66,74,63,71,69,69,88,85,71,83,63,69,42,169,150,162,68,,54,85,97,96,51,,43,53,56,56,54,59,49,57,57,87,22,,28,31,14,28,25,30,25,6,24,18,23,18,16,19,20,29,36,32,45,62,59,61,57,67,108,93,91,89,81,62,68,78,64,46,62,66,63,59,48,61,64,32,74,66,70,62,61,77,91,78,73,88,,43,51,39,32,47,61,63,60,100,78,70,136,149,121,117,85,101,94,116,50,74,94,81,73,81,77,85,,89,77,83,92,84,95,69,95,72,74,77,83,92,76,86,35,61,69,48,78,97,87,78,95,99,116,82,82,97,73,78,86,89,91,71,75,74,59,91,75,53,66,67,78,81,84,78,92,88,94,105,95,102,100,88,71,76,75,90,71,127,95,80,83,55,50,48,55,63,59,72,73,64,70,62,95,59,78,89,48,88,96,43,36,51,44,66,59,55,74,72,74,57,47,62,66,22,33,40,65,77,63,53,63,83,74,36,41,67,69,86,124,118,148,91,75,66,75,75,83,74,70,103,96,94,95,76,79,76,70,50,62,62,,67,92,97,95,96,96,120,93,122,100,61,87,115,58,51,77,78,81,93,13,29,18,45,,44,61,76,71,85,39,54,49,47,49,47,57,61,50,48,43,56,60,24,28,60,,47,40,35,42,20,23,27,22,27,28,52,39,24,24,30,35,39,37,21,27,41,51,31,50,,35,37,12,15,33,30,48,86,16,17,,90,22,20,8,11,137,151,154,147,41,65,76,61,81,103,92,49,44,64,53,38,38,50,39,26,60,63,48,88,66,54,64,,69,24,68,60,,98,59,48,19,63,107,40,47,31,27,128,112,103,29,78,69,58,64,58,96,100,47,43,14,124,320,47,76,46,46,55,104,161,106,70,107,81,96,101,24,8,20,108,192,329,51,25,88,37
20160203,19,PM10,,28,71,62,54,65,64,47,65,45,75,111,,260,195,188,180,163,187,,,145,199,193,190,89,,170,183,139,202,225,203,241,95,167,83,85,97,52,81,119,,142,58,163,202,187,157,144,211,166,166,154,193,64,46,58,73,45,31,78,31,48,25,154,146,114,107,283,273,228,174,174,201,206,289,327,277,138,,73,132,88,120,112,150,145,101,141,108,150,124,118,,93,101,41,82,,112,48,44,38,176,,84,84,103,90,99,69,129,83,130,135,30,146,130,112,93,93,76,114,66,105,91,66,84,123,,104,99,99,115,84,82,,188,41,31,70,27,,44,44,27,,151,125,131,117,134,111,134,137,100,81,82,110,122,98,139,96,108,103,105,106,126,113,191,193,164,213,145,114,128,116,114,115,119,134,130,137,125,153,140,,141,136,162,143,142,147,158,144,163,143,166,,123,132,160,161,144,144,137,145,219,178,180,174,210,168,199,198,194,245,150,194,181,138,52,218,142,176,175,166,210,210,108,87,105,48,112,,97,81,134,108,126,120,111,159,162,136,,93,,,142,,129,56,,33,18,33,,112,,126,122,125,54,69,64,,114,249,100,,146,209,,,,60,86,66,,37,67,32,50,46,93,,77,87,60,65,,77,114,116,183,149,150,111,,141,181,,205,183,182,173,283,273,242,221,101,112,99,126,137,104,127,109,112,68,,119,124,153,104,89,166,185,,95,,,94,103,94,120,100,94,86,61,53,,42,49,,53,54,66,51,48,52,50,53,54,35,48,,32,42,42,59,76,68,51,67,37,53,46,66,63,40,50,53,49,52,54,47,57,65,53,,47,47,47,49,43,47,51,49,48,41,73,,,,70,101,72,94,64,81,103,98,63,57,60,58,85,70,,,63,79,66,49,60,75,58,,,68,60,67,79,80,111,97,101,98,104,,125,59,80,90,88,89,130,95,97,106,115,49,44,40,30,49,58,55,92,86,79,40,33,65,112,187,186,155,200,127,224,154,140,148,187,194,165,109,105,94,127,88,72,129,140,136,116,120,58,127,117,86,,355,,,584,,,136,187,159,153,,107,,120,123,,88,115,208,120,57,50,90,95,75,70,53,50,28,28,47,245,268,142,91,277,117,142,123,207,172,94,,109,95,134,56,43,48,46,224,160,187,180,235,194,175,,245,260,148,,150,150,142,150,148,134,173,,225,146,149,135,227,199,204,91,87,,89,114,288,164,,120,,197,126,110,85,137,,165,197,196,,84,91,102,194,128,120,,75,46,57,,61,52,42,41,44,59,56,60,65,48,59,55,53,66,64,51,49,43,46,44,44,49,47,,58,,50,59,62,44,54,49,50,59,60,74,93,95,82,43,30,41,36,37,37,151,133,128,38,41,48,31,43,,71,74,,56,70,97,151,47,56,76,63,46,63,84,109,96,53,41,33,26,32,188,258,291,279,361,206,123,85,157,153,131,121,86,114,154,215,,143,131,199,,,175,200,73,120,96,72,84,,54,40,62,107,38,,269,136,165,480,181,96,65,68,60,80,,,108,112,,126,92,138,145,108,85,89,,98,147,54,,130,81,71,120,100,59,118,133,152,108,134,132,138,79,65,217,122,117,241,177,119,103,102,109,138,93,168,92,185,202,,198,168,77,88,69,94,71,,97,67,84,77,100,111,,,157,176,,73,89,94,94,110,66,80,76,78,84,93,99,80,107,,38,22,118,127,118,113,125,,124,120,97,112,89,101,89,105,105,130,93,95,108,126,130,143,108,182,100,95,120,139,158,150,144,180,92,65,65,,60,72,42,166,167,169,177,122,119,151,111,72,75,98,109,,216,136,120,129,,127,112,119,138,106,89,164,144,190,161,,132,135,94,70,155,188,239,,121,174,142,185,147,129,161,140,164,107,189,216,116,169,103,80,132,123,167,120,145,144,114,146,115,109,92,49,123,129,138,130,125,46,71,,76,118,127,160,50,74,128,138,160,168,191,,,144,143,129,136,,52,168,162,179,152,112,131,,,68,86,129,115,85,106,83,131,89,96,88,62,81,64,83,128,116,109,147,106,,,162,55,51,117,,129,142,111,,,123,143,55,42,45,41,,44,51,39,45,117,127,96,42,88,79,100,78,,45,69,50,26,15,17,85,75,81,106,62,,44,,212,155,,191,163,,152,104,46,23,51,,81,82,80,59,72,54,79,72,65,85,83,106,61,73,220,,49,94,,26,88,97,,,128,73,107,47,83,101,46,97,122,69,121,54,58,121,40,57,60,154,99,107,,32,72,93,79,99,127,114,,,134,,,,73,90,83,69,68,66,73,64,64,,67,62,,51,71,49,176,161,121,,,38,93,97,89,70,,52,64,52,57,81,74,74,93,122,93,46,,77,46,27,44,28,33,39,,,,,23,20,30,34,42,51,44,61,82,67,59,69,102,153,128,124,102,83,120,77,115,73,55,80,98,108,127,44,54,62,57,61,,76,,73,100,117,86,76,123,,94,99,85,104,66,82,95,93,156,77,84,167,161,124,145,139,174,94,143,118,106,95,98,77,99,91,103,,116,110,75,110,132,155,106,100,68,102,72,89,95,76,75,74,59,86,74,71,75,84,84,,70,101,105,89,95,71,75,79,61,75,68,75,84,71,82,77,78,87,73,90,97,92,85,97,85,,134,99,126,114,,79,133,86,113,64,108,101,102,118,61,49,71,41,69,71,82,119,98,73,80,104,143,72,103,113,170,192,58,48,65,73,77,70,70,102,120,95,58,88,93,75,46,75,51,68,73,78,80,49,79,68,57,,79,75,154,169,149,213,112,97,101,111,102,85,68,85,,88,98,107,103,126,153,126,99,,112,,116,160,150,143,148,124,183,175,184,189,50,102,69,57,110,119,132,158,147,27,32,45,,,35,35,50,43,40,63,99,80,76,55,70,66,76,64,112,133,31,37,28,67,79,,63,66,59,57,39,20,23,,35,37,51,31,34,56,32,42,55,,30,48,46,54,57,70,,70,85,11,23,36,,131,224,39,57,,55,,,42,45,154,197,,157,64,86,98,73,123,131,123,87,68,68,84,60,68,93,75,49,111,112,55,93,189,197,100,,72,37,,109,,68,74,125,86,182,216,141,87,58,368,100,105,112,67,77,68,80,117,79,137,108,75,62,25,218,386,140,120,80,83,242,180,190,178,133,139,91,124,,56,69,,228,441,285,54,49,54,49
20160203,19,PM10_24h,,32,51,48,36,48,55,55,46,50,51,88,,192,172,124,141,145,172,,,129,144,152,114,112,,128,128,124,118,138,115,98,124,134,124,118,129,109,72,125,103,108,102,271,233,258,274,206,264,219,237,236,262,47,42,55,64,43,57,65,58,70,41,151,96,87,84,185,207,206,206,215,189,148,165,171,175,94,,59,110,130,84,98,96,127,123,121,125,187,122,101,107,96,123,140,155,,194,211,107,191,217,,185,95,84,62,75,61,72,75,78,91,46,162,138,129,118,105,93,122,128,109,128,99,115,127,,152,153,170,180,122,127,118,158,97,72,98,75,122,71,61,80,87,179,173,191,158,178,176,165,193,151,98,141,138,151,143,180,124,121,102,97,104,81,116,165,194,148,153,166,157,166,173,156,151,156,211,201,221,173,145,176,,157,151,170,158,164,182,198,180,194,187,208,,168,187,162,146,168,183,158,154,198,183,204,187,142,109,128,104,197,223,205,215,128,96,50,145,109,142,138,134,154,157,84,121,142,131,138,,115,123,149,75,88,81,81,128,120,114,,113,,148,142,,126,107,,100,81,79,96,81,73,102,93,108,69,77,75,103,81,138,114,,163,129,108,,112,33,39,36,,28,37,25,41,32,114,104,82,104,79,88,58,102,113,141,204,149,185,139,,161,184,104,145,127,138,135,192,171,164,176,144,134,127,145,153,135,125,117,104,94,151,135,135,144,122,119,156,166,,111,136,143,96,93,120,99,118,101,78,52,48,,38,41,34,45,49,45,43,41,45,42,36,43,39,40,41,25,40,35,46,47,52,39,50,34,43,37,49,47,38,43,61,41,42,44,40,43,47,42,,41,43,39,37,40,43,43,43,43,41,44,56,41,,96,106,100,109,79,84,106,110,30,42,41,41,43,65,84,72,65,71,69,65,73,75,74,74,,74,75,79,78,80,96,92,93,89,79,,86,103,81,85,94,83,87,76,90,101,108,76,58,38,90,71,105,102,164,144,113,65,121,64,148,142,131,155,188,170,220,146,190,126,194,161,139,156,130,100,109,111,92,134,143,162,84,127,161,144,131,134,,462,401,303,560,307,423,134,193,145,139,,137,159,112,139,131,64,91,191,110,80,110,143,95,128,135,65,69,39,41,56,145,114,120,102,131,120,149,140,90,87,57,152,130,122,148,39,35,30,28,218,173,184,232,235,222,231,,305,287,187,,190,198,187,213,186,162,228,,222,127,233,169,269,321,216,94,90,,77,106,153,196,,159,,205,149,148,144,236,,286,174,166,,65,90,80,187,151,161,,51,50,60,55,79,37,35,36,30,37,45,40,43,38,39,37,34,42,46,42,39,37,35,44,32,27,26,47,49,51,38,49,39,45,48,47,23,30,31,40,40,42,37,39,28,41,50,53,54,165,150,154,104,81,94,57,92,100,158,184,,170,223,173,263,78,97,121,120,40,82,164,172,107,55,105,50,34,318,117,146,142,187,183,138,60,113,146,135,129,98,157,108,179,192,160,130,105,127,125,132,135,128,92,80,146,88,78,,51,54,71,83,59,84,147,139,160,206,100,84,79,53,76,62,80,107,92,123,116,115,112,126,126,105,89,113,78,93,104,110,48,140,111,137,159,136,97,117,180,207,145,192,191,82,110,107,116,82,68,170,96,156,149,130,115,115,123,152,101,162,164,125,155,161,116,154,113,112,92,102,104,89,85,81,96,115,161,89,143,116,69,66,89,99,108,114,61,73,72,72,71,90,90,83,94,88,15,13,93,107,103,102,139,137,147,138,117,120,116,117,84,89,111,122,107,109,122,123,129,138,100,127,114,95,118,132,141,132,140,169,82,66,67,,66,66,55,162,187,162,256,104,109,107,108,67,78,88,112,156,165,223,191,195,190,210,183,128,132,124,107,124,106,158,148,,149,199,226,130,145,166,224,277,163,251,233,245,179,171,150,136,213,137,145,162,120,119,187,152,168,146,101,99,141,143,165,172,138,82,105,96,111,109,154,152,137,108,111,,93,133,137,144,96,102,116,117,158,166,168,111,106,154,153,139,133,,74,119,102,124,106,100,104,,,94,94,119,96,71,123,116,131,117,105,126,56,61,54,143,135,157,180,139,117,124,106,247,137,90,99,,101,119,149,187,,212,180,146,61,95,68,,107,174,115,78,93,102,85,50,40,89,142,94,54,84,54,50,25,21,17,68,66,55,137,122,78,137,138,102,139,98,148,169,127,135,131,60,59,83,61,102,99,102,124,133,139,190,119,106,67,67,54,54,80,115,45,31,62,98,31,58,98,109,,97,65,67,56,64,71,32,130,113,68,86,65,83,196,65,41,46,53,120,111,91,34,107,123,128,139,146,141,,184,139,95,80,82,111,125,99,93,100,91,130,91,95,108,112,90,90,71,80,65,210,167,196,85,,62,101,105,111,67,,57,66,64,71,79,69,58,96,86,110,34,,45,39,22,31,32,40,32,11,24,15,40,23,23,27,30,33,47,43,59,85,85,84,70,89,137,119,124,118,103,128,106,119,85,50,71,78,71,73,59,70,77,72,79,71,83,70,75,112,133,93,91,124,,99,103,91,100,76,91,102,106,129,97,83,172,196,180,166,154,202,166,165,114,123,102,129,108,127,123,142,,136,158,121,130,126,143,101,147,104,111,99,115,111,91,104,48,78,83,70,98,112,102,92,114,133,168,129,116,119,108,123,129,111,116,97,111,130,98,100,89,90,84,82,87,99,102,96,104,104,107,115,116,127,119,,96,116,117,131,102,110,127,132,123,80,70,88,68,95,83,100,128,110,135,79,111,122,99,116,80,131,150,46,39,60,53,76,68,64,86,75,82,61,67,67,73,40,58,48,78,88,71,81,51,103,99,66,63,75,75,158,149,131,184,110,92,90,100,89,98,86,94,123,114,128,138,83,94,88,94,64,84,82,,97,115,117,114,148,125,185,164,192,177,87,128,135,73,91,102,107,125,119,21,36,30,47,,53,76,111,89,114,54,78,74,69,52,67,66,70,62,69,85,69,83,32,51,80,,58,96,56,64,41,37,32,30,43,52,65,56,35,36,40,47,62,49,30,68,59,55,41,82,,49,52,15,23,62,,277,300,73,65,,148,35,57,16,16,160,171,156,173,70,116,109,95,101,151,109,75,56,81,97,42,48,69,133,64,110,115,67,115,185,203,90,,100,54,78,81,,132,115,73,105,104,151,77,91,65,100,124,157,125,96,86,83,98,132,83,160,146,104,84,31,297,465,104,138,86,100,161,172,206,178,181,187,103,108,146,41,21,22,165,296,375,82,34,94,43
20160203,19,SO2,25,5,36,17,21,21,22,18,20,19,23,24,,93,92,84,47,25,78,,,44,48,56,18,124,,131,136,101,128,126,115,150,31,62,20,31,33,20,61,52,65,121,21,41,11,105,72,121,91,106,158,89,160,66,50,68,50,40,24,21,12,8,16,59,77,76,60,144,168,131,86,89,106,239,371,330,226,150,,164,144,89,263,175,302,262,58,116,105,77,49,33,45,49,38,158,104,,51,127,98,96,79,,18,47,148,52,112,78,155,36,50,59,9,124,80,121,59,78,24,38,121,14,8,32,33,72,,163,79,21,116,72,37,44,83,13,16,13,15,18,14,12,12,19,25,26,26,30,28,22,28,15,17,14,14,19,26,11,17,21,20,29,18,23,30,18,61,76,65,86,99,46,43,22,34,39,18,26,19,28,30,22,25,,28,20,26,16,29,29,22,36,31,22,58,,31,39,28,22,20,17,32,28,32,28,29,64,41,92,27,33,31,29,35,33,24,14,9,21,10,27,25,24,34,26,13,15,21,26,20,,16,18,20,19,11,11,17,27,23,29,,22,,13,26,,13,10,6,8,3,4,16,22,11,23,13,14,8,8,5,36,29,22,26,,13,33,52,,48,5,11,5,,6,5,3,4,3,8,8,7,6,11,8,6,10,10,34,75,36,69,72,,82,39,14,76,34,39,59,42,21,32,111,42,36,57,30,29,42,37,31,46,19,9,20,23,20,18,15,23,25,4,5,7,7,10,14,10,18,62,14,5,4,3,,11,1,4,8,2,7,5,6,6,5,5,6,8,8,6,5,7,2,8,12,13,13,7,8,12,7,5,6,4,8,11,8,9,15,14,6,8,10,,5,5,10,2,6,6,4,3,5,8,3,6,8,,15,12,13,16,14,15,10,18,25,3,3,3,9,6,12,6,19,11,20,37,12,11,17,16,,17,17,15,19,18,13,8,18,8,9,,7,12,27,54,22,28,69,69,58,37,40,9,6,9,6,24,11,4,8,8,9,4,7,6,44,64,41,44,20,53,53,38,23,68,56,51,40,37,50,17,49,42,20,31,33,22,108,100,197,94,120,76,,30,33,86,73,67,23,32,22,46,39,,25,30,103,93,175,35,22,55,11,33,41,34,27,57,35,54,45,24,20,52,42,39,32,14,80,63,153,61,47,52,30,119,114,122,154,7,4,6,3,245,102,132,85,174,91,66,,55,66,34,,45,39,25,25,79,89,60,,79,68,70,62,58,22,53,29,61,,43,56,68,119,,77,,92,61,50,47,54,,122,101,74,,59,29,34,112,65,72,,20,9,7,,10,15,8,8,10,6,9,12,7,10,6,14,8,9,5,5,5,6,2,6,8,8,8,3,2,5,4,5,5,6,9,13,10,11,5,4,11,2,6,22,13,8,9,6,7,47,35,45,23,164,52,69,24,64,261,187,,151,363,33,87,40,136,28,84,60,77,126,167,123,39,79,23,37,44,269,191,191,146,99,76,35,154,93,95,74,75,71,139,69,83,95,108,28,133,341,113,199,290,52,67,57,44,61,,63,27,97,84,24,70,74,117,108,89,34,40,31,15,19,28,8,22,24,8,24,18,25,15,16,53,10,12,7,9,25,10,9,116,143,84,122,100,51,59,85,141,60,76,109,97,35,50,29,127,142,164,116,28,30,31,29,58,41,95,33,18,18,13,31,21,34,59,30,11,7,22,36,15,19,11,16,17,20,11,5,17,7,4,19,19,8,20,9,8,10,5,8,16,11,20,23,11,3,4,5,12,11,10,17,20,11,20,14,11,35,79,29,29,12,20,16,14,6,9,15,10,7,4,5,4,6,6,6,4,8,6,33,19,12,,10,9,21,11,39,31,10,72,112,65,54,53,52,77,66,19,21,31,31,38,31,38,26,23,68,50,42,13,10,60,15,,304,142,110,175,12,21,8,2,15,23,6,18,114,60,43,36,116,70,38,41,39,33,90,38,118,50,91,63,32,74,59,114,10,15,35,33,66,76,20,19,25,14,13,,13,18,23,26,9,16,31,20,39,56,51,42,23,31,24,16,17,,9,13,7,21,17,14,19,,,150,131,38,19,13,41,14,31,23,28,65,7,8,4,71,71,135,66,50,113,66,66,169,195,59,126,,41,74,174,186,,138,202,41,126,63,28,,129,19,25,1,35,18,6,11,7,33,98,45,18,47,34,7,6,25,12,3,15,10,89,56,26,28,36,97,116,84,92,62,67,50,18,306,19,312,14,20,59,48,38,34,49,259,43,69,79,16,19,38,33,59,19,123,47,62,45,35,38,66,,36,38,48,21,20,27,7,30,48,14,63,16,10,,40,107,107,93,25,18,120,45,28,27,13,34,46,19,,6,19,28,30,5,35,28,44,17,6,4,7,6,9,50,2,11,38,6,8,7,6,36,26,42,,27,37,17,47,22,,23,17,42,48,109,38,17,24,21,25,1,,9,6,5,9,7,6,5,,12,16,5,9,5,9,9,6,11,2,3,7,3,17,4,6,23,36,18,15,2,18,23,25,20,42,17,27,35,15,11,35,13,12,22,4,17,8,8,32,29,13,58,43,,58,39,62,27,45,12,25,20,130,55,45,81,127,69,108,29,46,51,24,57,36,34,41,52,72,31,79,,42,55,33,20,32,40,41,22,26,49,1,12,4,23,1,23,12,40,36,23,31,20,24,19,15,28,43,18,56,21,40,28,4,13,8,8,12,8,15,10,9,10,8,19,16,15,15,12,16,12,20,13,17,25,5,8,20,15,23,6,13,20,6,24,14,20,19,14,12,4,11,14,129,7,19,24,24,10,8,8,35,30,16,40,9,6,5,3,2,15,12,14,11,22,21,23,8,9,16,7,12,18,12,13,12,14,19,13,8,12,14,45,31,7,14,6,4,9,17,6,17,19,4,9,7,7,3,14,9,10,30,8,9,,9,14,15,8,20,15,11,16,8,6,2,5,7,9,8,18,12,20,20,13,12,1,4,,5,11,11,8,75,8,11,10,22,39,14,36,54,66,15,11,13,9,20,6,19,,17,31,8,12,36,1,12,4,3,12,3,2,26,24,4,5,8,1,3,3,1,5,12,7,,11,7,15,3,9,6,3,4,10,4,44,7,8,16,10,8,29,29,102,32,30,82,152,69,20,44,22,29,24,15,15,,133,27,73,36,73,86,47,58,21,11,100,,25,154,14,21,,34,47,20,32,21,53,10,13,4,28,162,184,192,6,94,36,23,31,21,17,10,2,2,7,31,59,40,35,19,14,5,8,7,16,32,40,30,37,18,4,123,30,22,73,12,18,8,139,11
20160203,19,SO2_24h,22,15,18,17,18,17,33,16,13,22,24,29,,78,80,67,51,34,74,,,57,50,57,25,64,,124,111,73,120,114,107,82,45,51,40,50,56,51,72,103,66,86,59,107,130,177,136,132,119,111,126,100,141,41,33,41,57,26,24,21,18,33,27,52,47,48,59,120,104,130,98,93,92,194,164,207,165,72,,137,129,155,131,138,145,335,48,98,55,81,69,33,63,28,61,84,81,,124,299,106,130,322,,220,146,107,96,99,80,64,96,65,94,16,161,148,76,68,101,39,46,47,28,46,61,64,68,,121,154,21,106,118,68,80,92,26,24,25,24,19,25,17,24,28,22,28,29,38,31,22,28,18,15,20,21,23,27,16,21,25,21,25,23,28,21,21,54,55,78,48,81,50,35,25,45,33,15,31,22,32,29,29,34,,25,26,31,26,33,33,26,33,37,30,41,,29,41,31,23,24,20,45,33,34,27,35,63,28,26,26,28,37,33,34,28,14,13,10,16,10,17,18,17,26,18,12,22,20,29,26,,21,24,21,8,4,6,10,25,20,24,,20,,19,34,,14,16,13,14,21,8,11,14,8,17,12,11,7,16,5,41,31,26,25,,12,35,38,,29,6,11,5,,6,5,2,5,3,19,20,15,15,22,20,9,26,19,39,88,44,72,65,,73,56,10,68,50,59,50,55,59,51,93,61,39,71,79,37,51,68,48,48,12,14,20,21,22,27,23,28,20,16,7,11,9,11,14,11,15,58,8,4,3,2,,10,2,4,5,2,6,5,13,5,5,5,6,16,8,6,5,7,2,7,9,12,11,7,7,8,6,4,6,4,9,9,9,9,14,12,6,5,4,,7,6,12,4,8,6,4,3,4,7,2,6,9,,17,17,14,18,15,13,11,17,5,2,2,4,10,6,9,9,19,13,17,12,10,13,22,20,,15,16,16,17,17,11,9,17,8,8,,7,14,32,50,32,31,50,54,61,35,43,14,8,10,7,25,14,7,12,13,9,5,11,8,49,38,29,42,13,51,34,41,19,43,41,34,23,37,38,20,39,42,24,40,27,21,119,122,175,147,176,187,,10,31,37,22,55,25,91,40,83,64,,52,93,34,24,48,27,17,91,6,53,80,75,43,88,90,68,49,18,12,43,59,75,52,66,100,75,109,155,46,47,31,138,152,120,145,7,4,7,2,123,82,106,92,112,95,69,,89,75,54,,62,66,41,51,116,120,103,,118,96,96,60,79,24,68,34,52,,43,40,46,131,,102,,115,63,55,58,78,,107,72,52,,51,42,44,115,117,92,,18,10,8,8,14,17,16,10,9,7,8,7,12,10,7,11,7,10,6,7,20,6,2,6,7,7,8,4,2,6,4,6,6,7,8,14,7,8,4,3,3,3,3,29,14,18,11,8,8,42,37,45,41,161,88,51,214,179,275,259,,184,266,59,81,82,127,56,98,101,101,205,156,114,54,134,43,39,164,112,121,125,118,84,94,38,94,88,56,53,43,144,115,174,128,174,103,52,109,150,71,181,245,63,39,80,45,37,,23,39,90,79,15,102,40,71,83,85,18,30,22,27,38,29,14,19,32,7,26,15,27,15,17,38,40,37,25,39,23,41,32,97,77,74,89,73,75,44,102,172,113,142,158,50,57,39,48,86,102,84,89,47,50,49,63,80,56,93,39,16,19,12,22,22,46,88,43,15,19,17,35,14,17,12,25,14,23,10,6,11,5,4,20,21,15,19,9,8,11,7,8,17,17,24,23,13,3,4,5,8,10,8,15,20,12,24,15,11,35,78,39,29,9,18,13,14,8,13,16,10,6,3,8,6,7,7,6,12,32,6,31,18,30,,30,13,21,19,35,21,15,49,69,46,52,35,49,83,114,25,16,33,32,32,33,41,26,16,51,50,32,57,22,52,14,,243,271,251,148,7,12,7,2,8,22,4,13,96,72,44,44,129,83,58,47,42,41,145,74,92,57,70,48,24,59,89,105,18,25,32,41,45,56,25,18,37,24,24,,18,18,24,32,19,24,31,22,42,39,54,28,18,30,26,21,23,,13,12,8,12,11,13,13,,,85,125,33,13,14,39,18,42,30,33,35,8,9,7,182,202,153,202,215,174,196,224,341,240,126,72,,37,136,195,182,,219,298,49,67,35,79,,143,147,92,51,41,41,13,11,5,39,171,56,34,58,40,12,6,35,56,26,34,24,99,125,126,136,85,56,79,65,99,124,60,77,75,174,41,88,42,86,76,68,57,64,79,122,101,105,39,23,18,15,30,42,22,40,18,52,21,24,26,57,,29,29,35,24,23,25,9,41,29,13,48,21,5,,36,60,55,47,100,83,47,25,16,20,9,31,42,23,,5,23,35,33,13,33,41,44,21,9,9,34,9,14,45,1,28,41,11,5,9,7,22,19,47,,23,35,15,46,17,,21,18,27,29,13,11,7,18,11,24,2,,6,6,3,9,10,6,6,,11,16,7,7,4,6,7,6,9,5,4,5,5,5,5,5,23,37,21,12,4,12,25,25,16,48,23,29,23,19,13,26,17,16,31,5,17,17,8,21,14,12,38,25,,16,16,15,16,9,15,20,16,83,72,55,64,95,70,98,40,45,41,47,41,36,38,44,67,77,34,68,,32,52,32,25,38,34,35,28,47,52,11,19,9,96,3,15,11,20,22,54,61,32,24,23,24,43,59,27,47,29,30,24,10,16,4,6,6,4,23,16,27,7,9,12,15,14,14,15,14,8,20,11,21,20,3,6,25,29,28,7,14,19,4,26,12,12,14,10,9,28,19,51,63,14,17,29,26,13,8,7,34,20,13,38,9,5,6,6,4,34,12,20,16,25,20,25,8,5,13,9,17,17,12,9,13,14,20,13,9,12,14,29,27,18,12,9,5,10,12,6,23,19,9,11,10,11,3,20,13,18,27,16,7,,11,8,20,19,24,41,12,21,12,6,2,4,7,8,5,18,12,22,18,12,13,4,18,,7,19,33,33,68,8,10,6,13,40,33,47,43,43,24,12,20,14,26,8,22,,19,32,11,16,36,3,12,5,3,12,7,2,15,14,6,11,12,3,5,3,5,7,13,7,,5,6,13,4,7,7,5,6,11,3,58,40,10,25,10,7,24,24,26,26,25,86,95,72,16,45,22,27,29,38,24,19,61,24,64,50,88,124,36,45,28,16,30,,84,99,40,20,,24,36,36,35,27,43,10,35,5,32,142,202,157,22,73,68,31,37,23,25,14,6,5,3,46,57,35,35,17,18,3,10,14,12,54,104,46,47,38,4,31,25,14,19,21,28,9,231,5
20160203,19,NO2,64,2,70,71,95,85,90,75,43,61,97,75,,133,132,102,122,138,132,,,132,109,131,89,37,,107,93,102,113,100,98,76,72,91,50,93,67,79,45,74,29,92,58,118,124,116,115,132,110,109,128,134,173,30,44,50,40,38,90,86,19,22,16,108,112,96,100,128,160,131,105,60,131,187,169,167,167,61,,56,62,59,82,46,86,94,65,43,64,60,60,82,44,76,36,67,51,,43,62,55,61,72,,36,64,102,76,74,52,73,59,37,80,9,56,40,72,54,57,22,30,50,18,34,24,51,117,,130,95,77,41,77,45,62,79,48,69,58,58,61,69,45,50,38,86,72,70,64,101,49,51,86,46,56,111,83,130,110,124,113,109,61,67,60,113,114,86,28,49,107,99,127,76,64,70,2,65,96,84,25,67,49,121,,54,135,165,73,68,107,58,105,82,43,91,,59,86,86,45,78,98,106,58,64,33,33,33,83,122,59,97,81,76,57,72,74,91,20,71,49,91,119,114,63,79,45,81,69,62,71,,36,62,97,54,42,30,54,49,59,78,,48,,70,73,,25,31,21,27,20,19,58,52,31,60,45,49,35,15,21,200,101,86,59,,23,84,24,,25,39,51,47,,43,59,8,31,28,62,19,32,9,23,59,16,46,64,15,67,77,143,119,,135,51,46,65,69,79,57,33,86,2,156,63,70,42,57,37,54,62,47,97,25,100,86,90,111,65,36,104,101,10,34,66,34,38,56,44,88,50,57,17,58,39,,31,32,59,23,66,15,53,11,60,60,53,63,15,32,70,18,23,24,25,54,64,41,51,34,40,25,70,65,21,45,19,61,47,39,48,31,37,29,,32,29,29,31,42,24,29,24,37,14,36,33,21,,22,37,61,20,14,25,27,49,9,11,12,15,17,25,56,57,64,53,35,38,46,47,44,36,,73,58,53,54,68,48,39,54,42,70,,74,26,18,38,15,16,33,44,41,24,35,15,12,,14,28,32,19,5,21,7,4,9,5,79,158,119,82,44,66,102,82,66,93,49,100,70,57,50,24,49,44,68,40,44,23,33,52,48,41,60,65,,93,31,79,101,72,36,64,44,71,63,,57,73,60,53,49,13,23,80,42,36,38,26,29,30,33,39,25,12,21,27,85,93,82,54,69,52,62,52,105,103,52,48,76,131,87,31,36,35,22,117,80,149,104,131,68,64,,64,70,85,,92,65,38,49,90,90,90,,105,70,99,80,79,61,66,68,103,,53,92,120,91,,125,,83,72,60,38,124,,135,122,93,,53,39,103,109,98,54,,52,18,26,14,32,28,28,15,17,19,24,25,27,15,14,7,20,42,25,29,8,24,33,38,15,23,20,29,27,24,27,34,39,19,36,22,24,24,24,31,36,41,24,14,20,16,8,16,14,41,61,62,12,61,37,42,16,47,83,49,,108,94,36,73,29,73,17,39,100,37,81,85,74,15,23,28,15,38,104,112,139,130,98,105,66,99,100,107,88,78,70,64,40,54,95,100,80,103,118,89,105,120,35,70,40,59,62,,23,81,102,73,68,59,67,72,67,98,50,43,71,38,68,63,42,50,112,25,119,55,24,93,13,46,49,32,11,17,29,15,2,101,108,98,139,91,56,90,65,124,53,62,81,75,50,86,66,101,79,85,60,73,47,49,32,109,37,85,29,36,57,40,21,44,33,46,18,9,18,56,18,32,17,40,17,17,34,2,62,64,13,17,17,58,16,44,18,20,17,24,19,28,19,26,39,28,20,18,34,61,45,42,38,32,50,40,33,19,58,51,68,91,44,34,46,49,17,55,48,73,19,34,45,15,14,30,44,79,37,34,39,21,20,,27,16,8,112,86,107,72,34,110,71,31,63,85,49,104,34,56,97,102,69,74,104,97,60,98,75,48,9,5,22,48,,25,49,56,6,56,18,8,42,27,44,32,24,107,71,52,49,105,51,72,97,114,66,82,33,133,83,103,40,101,26,94,109,31,61,32,37,28,51,53,96,36,77,47,,43,63,96,88,38,44,28,32,87,143,92,47,32,87,59,42,38,,26,53,88,58,45,38,42,,,58,62,63,46,39,47,34,69,65,34,32,36,40,37,60,58,50,33,34,32,35,37,63,45,44,45,,27,43,110,86,,63,166,66,35,24,26,,28,27,37,13,26,24,11,48,42,32,48,38,18,35,23,6,5,11,21,6,29,11,50,34,14,23,28,102,94,101,91,39,58,68,29,55,12,50,23,29,48,48,27,28,71,108,27,85,90,24,20,18,64,88,47,58,124,80,43,40,49,59,,15,29,49,16,98,62,31,24,55,21,61,10,37,85,4,124,34,35,38,27,63,49,61,85,36,46,49,35,,19,59,66,76,43,79,66,89,34,48,61,24,17,16,80,26,119,63,33,37,19,80,182,140,52,,24,61,43,36,66,,33,31,56,49,43,57,31,38,72,44,37,,29,28,6,16,18,17,14,2,27,16,9,13,31,32,30,28,20,25,8,16,26,39,20,8,35,29,15,24,2,13,20,39,38,18,34,18,64,59,6,30,34,27,39,15,18,15,17,24,36,23,48,32,,38,24,3,39,13,21,57,27,185,97,98,55,122,83,97,84,117,52,85,83,82,49,74,66,48,53,80,,33,47,38,39,43,82,67,29,45,74,42,19,16,35,28,13,31,39,35,52,73,59,105,57,29,50,59,49,55,33,100,58,51,49,24,18,29,24,78,25,19,33,18,31,31,64,29,49,44,18,31,20,44,45,26,67,42,48,59,13,25,49,20,31,21,29,63,12,29,3,1,13,23,11,25,47,11,23,30,24,71,61,37,32,32,38,23,14,12,29,21,29,13,20,34,32,11,43,38,10,16,30,34,12,21,16,17,25,20,20,59,66,56,74,8,26,21,44,30,28,25,35,36,53,33,43,11,62,52,61,41,37,54,,27,37,63,48,83,74,5,43,45,27,4,46,49,54,10,17,30,22,21,5,32,20,21,,10,30,22,15,36,24,29,38,47,89,43,23,27,33,24,25,31,22,20,20,28,,20,26,9,22,25,2,2,14,10,10,7,5,12,27,6,5,13,10,9,,14,7,7,15,,14,15,9,19,10,13,3,12,11,3,14,9,2,4,5,5,47,55,90,61,46,99,102,62,40,49,60,59,39,24,10,6,100,52,28,24,40,43,58,66,38,51,46,,25,53,20,40,,35,31,23,34,8,17,56,4,11,4,15,58,109,6,21,20,19,24,24,32,26,14,8,3,56,60,34,11,16,25,13,12,21,24,26,17,57,47,22,19,55,50,99,87,39,18,41,32,55
20160203,19,NO2_24h,60,12,65,76,72,69,74,42,28,54,64,57,,88,85,86,91,94,90,,,93,72,95,70,82,,69,75,56,80,74,71,35,72,75,59,80,67,79,48,64,56,76,59,113,115,119,107,107,98,95,98,95,147,16,27,27,37,17,45,52,50,35,25,75,78,67,88,102,93,87,75,72,73,119,95,100,99,38,,28,41,40,52,37,55,72,52,38,61,61,50,63,59,46,49,59,61,,59,89,54,79,81,,70,58,67,52,47,38,39,47,32,64,11,77,65,73,56,68,22,28,53,41,52,35,50,108,,111,100,87,50,98,52,67,70,48,74,78,67,60,68,54,62,59,75,89,99,71,86,58,42,81,81,46,79,93,81,79,82,81,85,52,54,48,44,62,56,22,29,59,77,95,60,85,65,52,68,65,26,21,78,39,88,,48,84,80,70,81,81,67,93,78,51,74,,42,67,67,34,62,56,69,61,49,52,65,22,39,53,36,55,67,32,55,64,56,63,15,69,39,69,76,71,69,55,29,61,60,52,55,,35,51,56,25,25,35,24,45,45,60,,45,,63,53,,27,34,21,27,17,24,36,28,22,32,14,19,24,18,17,124,78,90,93,,15,74,20,,17,13,18,23,,19,21,8,25,25,50,28,20,20,31,53,15,51,41,14,56,45,92,66,,66,48,28,47,71,52,32,30,86,11,96,84,79,66,79,65,72,72,73,50,42,76,87,70,60,68,68,72,74,15,39,75,30,44,44,47,64,43,49,17,41,30,,17,24,33,13,41,8,31,17,32,39,36,39,20,17,46,14,21,16,18,26,46,22,31,22,27,19,32,33,14,25,8,32,24,21,29,19,32,19,,20,17,17,14,18,15,12,16,17,9,24,20,12,,34,38,60,27,24,27,34,38,7,11,11,15,6,19,57,47,54,49,47,34,46,50,63,57,,65,65,46,54,63,40,43,50,42,46,,55,34,21,34,27,16,25,44,38,23,37,25,26,8,14,29,48,41,8,48,41,9,29,23,82,91,91,89,45,71,98,74,60,70,40,91,52,78,67,25,67,54,60,46,39,13,25,60,42,48,55,60,,101,75,102,116,93,55,57,46,64,57,,44,44,33,37,36,9,20,51,35,47,52,55,34,63,63,47,37,19,25,45,58,63,60,50,41,45,50,56,69,60,34,41,68,86,56,22,25,22,12,75,74,93,80,80,68,46,,73,68,47,,66,58,43,45,67,88,74,,68,61,59,50,52,47,35,49,61,,40,49,57,54,,76,,65,59,52,31,89,,95,69,73,,44,37,50,75,77,66,,18,11,13,10,18,16,20,17,13,14,20,19,17,10,14,7,16,19,19,19,10,22,12,26,10,11,10,18,17,13,24,28,28,16,25,18,11,12,15,10,16,20,16,17,18,19,17,25,21,40,31,36,26,52,40,25,35,41,71,47,,94,62,26,62,39,65,15,29,75,27,77,54,34,17,38,22,15,62,56,67,76,92,66,70,32,72,65,55,62,45,73,67,61,63,79,74,43,51,73,54,54,71,57,42,55,48,42,,11,35,55,40,31,27,36,50,43,69,21,28,34,26,36,41,45,75,43,56,52,58,50,55,28,43,49,50,18,25,32,18,7,76,64,74,80,51,16,43,66,84,59,79,76,52,39,53,51,70,60,61,39,59,64,55,55,69,53,58,41,38,48,44,22,38,60,73,38,15,36,43,23,44,21,46,20,29,39,2,37,31,14,11,14,35,18,30,15,15,11,17,13,28,16,28,28,22,11,10,26,44,33,42,34,33,43,43,36,20,46,38,33,32,34,30,40,46,19,31,38,77,15,26,36,14,20,19,25,52,32,22,33,17,22,,27,23,16,67,84,88,96,43,64,47,37,31,48,41,77,35,43,68,65,65,60,65,69,43,63,66,55,20,8,23,36,,27,64,54,26,38,14,8,49,31,44,43,26,75,57,32,35,82,73,54,80,140,55,80,59,85,54,52,56,58,19,71,60,23,28,39,47,24,40,50,66,42,56,58,,30,53,77,80,57,54,32,26,68,87,72,55,43,77,63,40,34,,18,28,56,40,29,27,32,,,53,53,41,36,19,45,49,43,42,31,23,31,34,42,67,63,59,53,57,43,56,57,62,34,50,26,,21,29,80,60,,65,134,42,20,17,25,,17,59,49,28,25,34,20,27,20,33,61,36,32,65,25,13,7,10,17,23,31,10,37,47,31,44,34,46,61,50,64,59,46,46,56,38,27,32,34,63,50,52,42,45,61,69,47,50,29,17,21,13,41,67,24,16,67,54,16,24,37,41,,20,25,37,16,50,36,23,41,51,28,45,12,20,49,14,42,26,18,56,46,42,15,30,53,24,51,59,45,,16,55,48,51,37,89,60,50,44,38,38,51,39,37,58,17,81,68,43,24,19,35,82,73,42,,29,62,39,21,33,,26,15,60,31,29,49,28,56,35,65,27,,23,18,8,12,15,13,12,2,13,11,13,9,15,16,16,14,12,20,5,8,10,14,16,7,21,29,20,15,8,21,27,24,35,16,29,13,26,26,7,12,27,18,24,22,29,23,27,22,34,24,38,32,,31,27,23,35,12,21,40,20,96,68,72,32,86,67,60,45,93,50,46,54,47,48,48,59,44,48,53,,35,38,53,30,20,37,32,51,43,48,38,22,31,36,45,8,32,31,34,26,36,35,25,44,33,50,52,45,53,28,75,55,41,44,15,19,21,20,47,23,21,22,20,36,30,50,32,42,42,12,25,23,29,29,53,62,43,55,62,16,16,30,18,23,14,17,28,14,20,20,20,30,27,22,20,55,9,18,30,11,37,34,12,12,16,17,23,11,12,20,16,30,12,11,24,18,10,24,25,10,21,14,31,14,32,37,29,32,15,15,62,63,57,69,7,28,22,40,20,18,29,34,34,51,39,38,10,32,24,33,12,35,35,,19,23,53,47,55,65,7,39,37,18,11,36,45,35,13,14,27,20,21,9,15,16,24,,12,26,36,34,55,16,19,23,24,43,31,21,24,22,23,13,33,21,12,16,39,,21,57,21,20,24,2,3,11,15,19,18,18,10,15,8,8,9,9,9,,19,6,10,25,,7,10,4,19,18,19,15,21,9,4,18,31,6,16,4,7,33,50,64,46,43,69,69,64,22,37,38,36,33,34,19,7,46,50,35,41,41,36,46,51,37,51,21,,32,42,40,30,,45,33,31,40,19,11,17,15,12,8,33,59,90,16,23,31,24,35,39,53,48,16,15,4,74,100,33,12,27,31,13,46,46,45,39,20,59,50,34,20,13,38,69,65,64,25,24,45,40
20160203,19,O3,41,88,28,33,23,18,8,18,18,34,10,26,,6,4,39,20,11,8,,,4,5,5,5,75,,12,39,16,9,24,32,66,32,10,31,20,26,23,30,21,13,11,22,28,37,37,82,14,14,20,17,6,5,67,57,49,68,47,8,9,78,72,79,19,12,28,23,11,10,9,30,71,15,2,7,12,20,1,,2,4,8,4,4,5,10,33,19,25,25,10,19,37,17,54,22,31,,49,31,42,34,20,,49,34,15,28,11,51,32,47,48,23,122,42,61,16,39,44,81,87,29,72,69,39,45,26,,9,16,47,31,44,57,29,30,59,42,50,74,79,45,59,67,59,22,61,112,81,48,80,81,48,87,51,8,21,6,18,12,22,21,40,74,65,21,51,74,85,55,50,47,36,39,65,41,64,67,12,40,60,84,78,25,,71,8,14,68,43,30,69,77,46,81,66,,49,55,75,62,59,25,47,106,36,109,108,67,51,27,71,55,111,108,68,73,81,40,117,76,61,29,35,56,94,80,56,57,82,75,86,,109,85,74,75,85,108,85,87,71,57,,101,,73,88,,116,95,99,101,91,88,52,71,99,95,118,67,77,90,82,7,11,15,69,,7,57,30,,83,19,15,15,,18,16,64,17,50,42,121,77,122,103,52,86,87,67,90,11,48,12,25,,15,80,51,30,69,32,25,92,50,12,21,100,26,104,70,76,103,96,35,39,104,8,47,25,53,57,53,32,15,94,46,50,53,54,24,59,22,20,38,62,18,37,,28,47,23,57,16,53,42,53,22,15,21,27,78,35,48,65,63,55,45,45,29,37,34,41,41,36,8,5,45,38,46,17,21,20,18,27,20,29,,38,28,38,32,21,43,33,43,26,42,73,46,52,,57,40,18,56,67,60,68,46,69,86,74,58,57,45,17,2,17,7,37,34,16,18,33,24,,7,20,3,12,10,17,34,30,28,5,,16,43,76,63,71,142,71,43,60,85,47,74,89,88,86,74,76,69,99,96,109,97,86,98,53,19,26,40,48,67,51,57,34,25,54,32,32,41,47,72,51,50,48,30,63,74,51,60,52,90,72,74,,3,31,32,16,49,23,33,30,31,37,,29,18,48,44,32,88,56,10,35,59,66,68,55,67,72,126,72,67,83,79,10,9,12,29,17,79,34,50,14,11,54,30,50,52,25,39,20,14,39,12,34,6,40,23,87,47,,65,51,37,,35,16,29,36,28,57,31,,12,46,25,40,53,48,59,32,11,,37,18,6,22,,10,,18,72,61,84,13,,16,15,48,,71,87,26,21,26,59,,33,65,59,68,51,74,89,95,91,99,79,68,75,82,96,49,81,31,47,38,46,8,18,5,76,70,66,34,31,33,46,32,35,62,50,63,105,100,66,44,47,45,69,23,11,35,78,35,55,81,92,121,86,41,50,53,44,36,33,25,,38,19,21,12,34,62,37,17,9,15,43,10,17,38,21,32,80,37,11,6,7,8,6,8,43,7,9,9,8,24,30,42,32,25,14,8,64,20,29,41,19,23,80,44,82,63,66,,111,14,3,6,25,7,10,5,38,27,83,70,36,72,27,50,22,83,73,48,10,65,106,15,45,40,17,49,21,78,70,94,90,45,13,32,14,14,46,34,52,19,52,36,25,37,82,87,53,18,37,20,50,43,89,60,108,15,51,32,73,103,83,65,88,76,110,75,117,100,87,76,95,103,101,99,92,61,61,18,37,33,67,,65,74,58,75,38,51,65,50,74,75,83,69,69,57,88,92,22,14,16,33,17,10,7,20,17,27,75,79,27,38,12,11,5,7,27,11,11,44,55,42,24,19,9,11,11,14,12,22,50,54,69,,62,91,68,23,69,38,36,85,37,72,110,78,13,29,22,96,39,11,11,52,53,25,30,40,32,43,48,66,86,55,52,,69,48,37,80,111,80,47,52,42,46,57,75,14,31,71,64,6,50,68,49,55,32,50,56,26,23,34,85,2,22,38,4,27,46,84,50,33,36,83,23,65,30,68,,48,,41,40,76,47,37,20,42,33,44,92,173,60,59,74,83,,58,102,68,51,76,72,113,,,27,23,37,93,92,92,82,52,83,24,79,43,38,53,70,80,87,106,62,39,67,63,41,21,49,4,,18,13,,20,,74,21,26,39,35,33,,23,70,40,68,63,61,96,38,44,55,48,35,75,34,66,78,90,85,65,67,79,83,21,50,41,43,45,4,5,20,22,58,17,26,74,32,60,13,35,65,31,25,54,76,6,7,88,12,28,51,54,63,49,9,30,32,24,30,84,64,70,31,,35,67,71,119,3,9,34,112,85,126,45,113,81,4,96,10,46,47,65,75,1,27,31,17,60,127,89,102,,69,43,55,29,60,53,78,62,65,16,36,22,99,97,28,17,10,18,69,43,29,25,14,34,31,,40,57,24,41,20,,76,12,106,46,16,,22,119,69,74,38,,46,49,47,32,31,28,34,74,37,55,31,37,33,25,26,35,37,46,48,36,55,46,50,65,71,85,110,46,99,80,81,92,91,105,86,94,65,61,48,47,49,49,40,47,89,68,46,82,70,76,77,85,,47,57,49,43,84,119,94,85,18,25,47,25,4,40,8,55,62,76,49,51,26,95,55,85,89,101,43,,56,42,85,76,71,42,43,65,93,45,52,109,6,30,82,120,58,70,112,67,28,52,20,79,92,63,86,93,50,89,35,42,68,98,80,98,80,98,81,59,97,37,31,68,70,38,65,54,50,72,57,80,54,58,90,47,66,60,52,43,52,19,49,17,94,79,38,101,82,67,63,53,57,63,99,86,99,97,82,24,12,15,52,48,30,37,57,57,38,50,61,68,64,48,27,51,54,38,30,56,63,45,57,91,77,118,67,57,88,80,6,10,4,7,20,23,10,21,29,26,29,27,5,11,21,7,64,2,1,1,12,15,15,,4,11,24,11,46,45,29,8,68,11,68,23,22,20,33,35,29,23,36,48,45,60,34,,102,69,91,97,98,61,16,14,79,208,44,46,46,34,59,45,23,26,24,39,61,,72,149,99,51,79,83,46,108,74,94,71,119,85,88,59,65,56,45,50,37,85,82,66,87,,76,42,56,46,67,84,77,106,101,86,26,46,10,53,83,75,29,24,13,18,53,19,17,56,32,44,31,53,64,28,66,32,5,47,51,57,58,62,40,50,73,58,29,,56,38,58,35,,24,69,89,48,105,79,70,96,21,4,64,39,38,29,72,45,35,32,76,,107,29,29,112,39,101,81,18,70,92,71,82,46,48,73,82,62,75,114,87,51,40,19,22,92,50,24,74,38
20160203,19,O3_24h,54,89,56,57,58,48,59,72,47,68,74,74,,66,61,110,87,82,85,,,69,42,77,47,97,,64,75,79,68,62,66,88,87,87,86,92,98,80,40,83,20,73,41,76,124,82,143,84,81,84,59,92,64,97,96,95,100,84,88,90,88,85,96,70,71,77,64,93,85,88,102,111,87,32,37,28,38,35,,38,48,43,35,30,50,55,78,67,72,56,34,63,59,85,84,85,76,,92,71,81,68,66,,103,82,79,79,68,83,93,84,76,66,128,82,84,48,81,78,102,119,59,93,109,51,78,43,,48,38,88,62,73,82,49,75,84,74,63,104,115,80,103,83,84,113,97,140,135,142,127,120,116,117,101,101,135,76,98,97,114,112,131,128,109,132,93,144,148,101,150,163,110,91,81,64,124,119,109,109,124,139,118,111,,143,111,110,147,75,80,110,131,99,116,115,,95,109,144,115,133,135,142,174,84,130,142,128,130,122,128,126,156,151,93,124,125,94,137,107,102,71,94,95,136,123,117,141,135,139,132,,149,130,127,93,89,108,90,106,103,65,,152,,136,144,,140,148,154,129,151,105,90,119,128,123,143,160,111,158,100,114,82,57,84,,93,108,123,,118,73,78,72,,62,86,64,26,60,90,136,114,140,121,82,129,119,127,102,104,107,82,124,,109,111,103,102,81,59,125,123,79,67,95,115,26,104,70,85,107,96,35,135,128,105,99,89,149,99,105,117,82,227,63,87,92,79,69,76,77,57,77,86,59,60,,60,55,56,70,62,65,69,158,53,45,56,48,92,53,62,90,69,67,63,62,50,49,56,58,62,52,46,45,51,59,66,35,43,40,37,37,45,50,,62,44,59,56,54,57,54,59,44,50,91,60,59,,68,56,31,68,79,75,81,71,69,86,80,60,67,83,17,11,27,16,47,49,16,29,36,24,,17,36,26,22,18,64,51,56,55,59,,61,85,76,70,71,142,117,51,70,97,47,87,100,99,106,98,96,81,107,107,110,153,90,114,70,46,58,44,56,97,79,91,50,45,93,50,90,66,91,95,69,69,79,78,72,111,60,72,79,148,99,91,,4,31,45,19,69,23,44,39,50,69,,55,90,104,77,71,107,100,40,42,80,72,84,73,75,87,174,86,72,104,98,68,72,73,72,53,129,82,101,88,98,100,39,65,102,78,55,45,17,52,41,63,24,99,101,145,117,,99,97,100,,67,33,40,63,125,108,92,,47,91,89,110,115,122,162,81,80,,66,79,76,103,,100,,84,188,99,110,95,,126,116,113,,78,91,84,74,93,109,,87,86,89,93,89,88,100,97,91,99,79,72,77,88,100,50,81,62,68,61,62,26,36,30,82,81,78,58,56,58,54,42,49,68,64,78,105,100,66,66,71,63,85,33,13,43,87,45,65,104,139,193,96,79,68,90,52,71,90,101,,106,109,71,63,83,101,73,42,62,68,93,93,59,44,34,38,139,54,67,40,47,51,37,68,91,72,65,83,50,79,78,69,52,43,33,77,120,91,92,104,101,90,110,99,118,112,130,,145,82,45,53,70,70,76,71,88,69,159,94,78,83,34,94,128,98,113,66,119,105,119,55,49,79,36,69,54,106,93,112,90,87,34,101,87,90,68,87,89,74,89,45,47,73,119,141,99,81,112,91,89,117,117,117,123,77,60,71,97,130,115,81,99,96,135,99,123,104,101,90,120,118,122,117,107,69,68,19,54,70,77,,72,122,305,110,48,57,79,63,93,102,97,76,105,98,101,103,60,39,25,44,35,27,32,54,46,59,104,94,83,129,66,55,51,36,39,44,19,44,79,56,37,30,16,21,24,18,28,32,60,81,69,,74,110,79,72,104,89,51,120,104,138,127,154,109,104,95,112,62,61,49,90,98,87,99,73,32,81,88,79,94,75,73,,102,79,62,80,112,89,47,62,49,60,64,77,87,66,112,89,59,71,172,133,122,160,103,78,104,114,97,88,37,109,110,80,61,88,114,83,83,95,108,63,67,96,112,,112,,87,84,115,80,42,54,173,165,226,123,192,95,96,103,105,,96,126,127,68,107,131,145,,,50,47,89,124,215,128,108,75,116,29,116,63,54,70,70,90,88,106,65,41,84,91,76,72,91,22,,42,54,50,36,,146,39,91,124,133,58,,37,93,72,79,83,75,106,69,76,74,79,53,105,50,83,89,206,96,97,75,104,95,49,87,50,58,73,63,76,96,85,120,68,68,112,65,66,49,40,83,57,65,67,90,85,94,101,66,76,66,74,86,107,54,88,97,78,91,115,81,104,85,,68,78,83,129,64,90,65,120,125,129,141,118,104,90,128,43,72,65,78,84,53,68,117,21,109,147,139,153,,104,66,112,87,95,91,117,167,66,35,91,29,123,121,53,23,21,54,179,73,177,39,58,81,60,,56,143,39,164,25,,112,26,139,78,95,,36,136,81,88,59,,69,74,54,42,41,47,45,78,62,74,37,52,58,54,51,60,67,60,105,69,113,136,100,89,119,121,138,57,118,89,94,131,110,140,110,149,130,122,74,78,75,82,82,62,124,97,72,97,93,83,100,100,,73,79,79,76,97,132,132,114,66,64,82,81,70,90,48,93,114,99,102,98,52,128,114,137,124,161,129,,114,129,147,114,122,109,126,121,123,85,92,125,134,45,96,134,76,86,127,116,58,93,82,138,126,90,125,127,63,116,104,83,110,138,100,125,105,123,109,63,204,62,37,89,83,67,89,77,70,95,79,103,94,92,110,82,101,79,79,51,57,60,69,33,108,108,75,113,106,84,76,70,80,72,117,113,125,118,104,79,31,67,73,133,54,57,65,65,51,63,76,87,73,62,35,72,65,79,58,65,72,57,57,97,81,119,88,73,99,85,11,12,10,38,27,30,13,29,45,48,49,41,60,53,50,49,99,56,55,77,66,49,60,,28,55,44,26,87,82,46,20,124,20,69,41,27,39,66,49,39,48,48,52,79,81,39,,143,110,116,122,118,185,39,17,113,258,77,69,71,57,81,84,36,45,35,69,68,,88,166,110,63,90,84,56,111,82,102,79,124,96,101,62,71,67,63,58,46,97,89,70,106,,89,87,79,57,84,95,80,115,114,292,28,47,15,55,86,78,50,32,37,41,85,90,73,99,64,66,75,98,94,31,68,133,64,67,67,71,83,86,90,110,84,68,69,,66,54,58,78,,28,81,91,62,118,105,93,101,30,5,89,66,74,49,88,58,41,35,82,42,114,41,34,120,47,119,81,26,74,96,71,83,46,49,73,82,72,75,114,91,94,65,61,58,102,50,36,96,62
20160203,19,O3_8h,40,83,38,41,38,30,34,50,37,49,45,48,,46,43,81,69,60,58,,,45,32,53,34,84,,44,52,51,41,45,52,71,69,66,67,71,77,61,35,56,12,48,35,37,76,47,98,50,54,57,38,63,41,84,79,79,83,74,60,57,73,73,86,57,51,59,49,65,61,64,72,90,64,18,23,19,30,21,,22,30,29,23,18,30,36,63,46,46,39,28,49,49,65,63,62,57,,69,50,67,48,47,,83,65,59,66,49,74,75,62,65,48,109,62,71,34,66,63,92,108,47,83,96,46,61,16,,35,26,68,50,58,71,42,56,63,59,52,92,97,55,89,78,74,88,85,119,114,112,107,101,97,100,83,71,88,54,76,68,87,79,89,102,95,93,81,112,117,86,120,96,80,78,72,58,101,106,70,90,105,123,98,86,,109,79,85,107,59,63,89,102,81,98,93,,82,95,123,98,111,103,114,153,70,121,125,107,107,94,107,103,136,134,84,104,103,70,130,85,84,55,73,82,114,104,98,116,108,120,114,,122,110,108,76,83,95,84,93,92,62,,130,,114,123,,126,126,130,122,117,98,77,99,113,112,133,90,95,105,92,82,62,45,76,,69,94,100,,98,44,45,40,,40,50,60,22,57,72,127,101,128,110,68,114,108,107,90,76,86,60,98,,78,92,82,67,65,44,77,104,64,33,66,76,16,49,50,61,79,76,23,95,114,76,77,68,125,86,84,93,59,94,52,51,71,64,54,61,50,42,57,64,29,34,,32,48,36,65,32,58,58,63,38,29,30,39,61,45,57,81,65,58,55,53,43,42,48,47,52,42,24,23,46,51,60,25,34,31,29,32,32,38,,52,37,51,47,46,50,46,50,38,46,75,50,54,,59,47,25,58,71,67,65,56,57,74,73,54,64,46,8,7,18,11,32,34,12,14,25,20,,11,17,12,16,11,17,31,25,23,14,,20,42,65,60,56,129,96,42,57,82,40,77,95,90,95,86,84,71,88,89,92,84,80,92,53,31,33,39,44,75,50,66,40,35,67,38,54,48,63,61,47,51,62,40,60,91,54,48,60,103,72,81,,4,22,25,16,40,20,38,30,37,44,,44,65,82,63,58,100,80,28,33,68,60,68,59,58,74,152,81,66,97,89,44,53,49,52,39,110,60,76,62,69,86,34,57,84,54,46,33,15,46,32,53,19,69,79,122,96,,81,75,80,,55,27,35,54,93,88,70,,34,78,71,93,99,92,116,69,57,,50,64,58,78,,73,,60,115,87,101,70,,89,81,85,,72,85,69,57,70,94,,73,78,80,86,79,65,79,80,71,74,61,59,68,69,78,38,72,52,58,53,51,16,29,16,70,70,68,50,44,46,50,38,44,63,55,71,82,76,47,54,54,51,71,28,12,38,76,39,57,95,125,169,88,64,55,74,46,52,67,70,,82,74,48,43,57,79,49,30,41,54,73,67,46,41,27,35,89,42,46,27,29,34,26,44,70,40,36,49,28,56,56,37,36,29,23,32,84,69,62,78,67,58,96,74,100,89,108,,134,60,30,32,54,45,46,43,57,52,121,83,55,69,32,70,96,92,101,44,91,91,107,43,39,64,27,61,40,94,80,103,82,69,26,67,55,58,50,63,65,47,61,36,30,54,101,120,79,48,72,56,66,90,100,94,105,47,46,49,71,111,95,74,83,87,125,90,113,90,86,82,108,109,101,106,97,60,58,18,38,56,72,,68,99,193,92,43,50,72,57,87,94,92,72,90,88,89,94,33,13,18,30,19,10,7,19,18,24,81,68,59,93,19,13,8,8,25,21,16,39,55,44,27,17,10,17,20,16,18,25,50,60,63,,68,93,68,51,57,62,38,95,86,115,114,124,66,72,62,99,50,41,33,69,78,60,64,56,29,51,60,73,88,68,57,,86,60,38,62,100,80,38,39,41,48,52,66,61,51,97,78,41,58,112,96,98,123,76,62,79,89,79,80,24,84,81,50,49,74,97,64,61,71,93,53,64,79,99,,89,,65,69,96,62,38,37,98,102,124,107,174,75,78,88,95,,83,108,106,59,95,113,126,,,35,33,68,111,123,111,94,68,103,27,102,54,45,61,62,75,75,86,59,38,68,74,59,56,70,12,,28,35,40,30,,103,32,62,91,91,43,,31,82,60,74,76,67,100,50,61,62,61,39,79,40,70,79,104,92,70,71,94,90,42,71,46,50,64,43,43,65,58,87,44,47,88,54,58,36,37,73,47,52,60,83,52,54,90,45,62,60,66,75,77,32,60,74,50,64,108,64,82,55,,55,61,70,125,28,51,53,108,98,122,103,114,54,49,116,30,55,54,67,74,36,58,96,19,72,138,120,131,,90,58,90,70,82,76,106,140,64,27,73,26,112,110,42,20,17,32,74,60,72,28,44,68,51,,51,119,32,40,22,,91,22,90,68,34,,27,122,77,81,45,,40,53,45,38,37,30,40,66,54,65,33,44,47,43,43,48,50,47,81,59,94,91,85,72,93,99,116,48,95,80,85,112,100,118,102,134,115,105,61,56,57,61,56,50,102,81,59,88,80,74,88,91,,59,62,65,63,88,120,116,100,46,49,66,56,39,65,32,80,96,88,85,82,43,110,94,117,107,133,111,,97,106,128,103,108,91,107,95,108,72,79,101,93,40,84,121,60,75,112,90,44,76,66,114,107,79,111,114,57,102,83,70,96,122,90,106,94,113,96,58,104,41,29,72,65,50,70,60,53,86,72,92,79,77,86,64,83,67,64,49,38,35,55,23,92,94,59,102,94,71,62,50,65,64,109,94,111,94,89,45,18,30,65,54,47,52,56,63,32,59,70,76,60,56,32,56,59,63,49,58,66,52,56,92,78,114,80,67,86,77,9,11,7,8,24,24,10,24,24,23,22,19,23,22,25,17,56,26,18,28,36,24,21,,10,24,32,19,52,56,29,14,82,16,52,28,18,25,29,38,31,24,37,48,68,73,32,,120,85,93,98,95,84,19,15,90,148,59,54,55,50,58,69,19,25,28,46,56,,82,156,104,56,81,82,46,107,73,92,72,118,84,90,56,64,58,47,51,38,88,84,68,86,,58,51,58,48,76,84,66,95,107,115,24,42,11,50,84,75,38,23,24,33,78,71,58,79,35,54,56,81,84,23,51,46,32,36,61,60,68,73,72,90,73,57,48,,58,42,41,37,,23,66,79,52,108,95,82,91,21,4,77,47,57,35,81,52,37,33,76,34,107,33,30,107,32,100,59,22,64,90,58,62,35,34,58,63,41,38,75,82,78,55,45,44,75,40,32,77,42
20160203,19,O3_8h_24h,40,83,44,41,51,34,40,53,38,50,52,51,,48,45,83,72,63,60,,,47,35,54,37,84,,52,68,56,50,54,56,86,69,68,68,73,79,62,35,66,28,57,35,39,76,47,98,64,56,59,51,66,42,85,79,79,83,74,64,62,73,73,86,57,56,59,49,67,61,65,80,90,64,51,47,34,54,26,,32,34,30,28,19,40,41,63,47,48,41,32,52,49,67,63,63,57,,69,50,67,48,47,,83,68,64,70,57,76,83,66,72,54,127,64,72,39,68,66,94,109,49,84,98,46,62,30,,37,28,69,51,59,85,42,61,74,64,69,95,99,67,95,78,76,95,85,119,114,112,107,114,97,100,86,78,94,60,84,75,94,82,91,102,95,104,82,112,117,86,125,107,96,79,80,58,102,107,79,94,107,123,98,92,,109,86,90,108,59,64,89,102,81,98,93,,85,97,125,100,112,109,119,153,72,121,125,107,110,98,107,106,136,134,84,104,103,74,130,85,84,56,79,92,114,104,102,119,108,122,114,,122,110,108,76,83,95,84,93,92,64,,130,,114,123,,126,126,130,123,119,98,77,99,113,112,133,109,95,105,92,88,65,46,81,,74,95,105,,98,69,74,65,,59,82,60,22,57,74,131,105,128,110,72,114,108,109,90,83,91,65,107,,89,94,86,72,72,53,81,108,66,41,74,84,40,70,58,65,101,76,23,102,114,80,78,75,131,86,85,98,59,100,67,103,80,94,64,92,85,68,93,95,45,51,,53,60,56,68,50,68,61,73,47,39,49,40,81,46,57,81,65,64,55,58,43,43,48,56,60,48,40,38,46,53,61,30,39,35,35,37,40,47,,53,40,53,49,48,53,52,56,41,46,75,50,54,,59,59,25,58,71,67,65,60,57,74,73,54,64,71,36,16,33,36,42,46,23,48,25,44,,17,19,15,45,54,58,69,78,69,66,,71,78,67,71,69,129,106,49,63,94,46,77,95,90,95,86,84,71,88,89,92,93,80,92,53,63,57,39,54,75,82,66,40,35,79,38,58,48,64,96,63,51,62,40,65,91,59,48,63,105,92,88,,7,22,25,16,40,20,78,50,80,71,,44,68,83,63,58,104,80,31,63,68,60,68,59,58,74,153,81,66,97,89,64,81,70,72,40,110,64,76,68,76,93,34,72,103,58,52,40,29,48,33,53,20,70,80,122,96,,81,75,82,,55,30,35,54,95,90,72,,37,81,75,97,101,97,120,69,64,,50,66,64,81,,75,,62,115,87,101,71,,89,84,85,,72,85,69,60,78,97,,78,80,82,88,82,65,79,80,71,74,61,59,68,69,78,38,72,52,58,53,51,26,35,30,70,70,68,56,55,54,51,40,45,64,58,71,82,76,47,54,54,51,71,28,12,38,76,39,57,95,126,170,88,64,55,74,46,52,67,70,,82,74,48,43,57,79,49,30,44,56,73,68,46,41,28,35,97,50,57,34,42,44,32,53,77,44,42,64,33,62,56,37,36,33,24,34,84,74,72,79,68,64,96,88,100,94,113,,136,66,33,46,59,69,52,47,57,53,127,83,57,84,32,70,103,92,104,44,95,91,107,44,39,64,35,61,42,94,83,103,87,69,26,68,56,58,50,66,65,47,61,40,32,54,101,121,80,54,77,63,75,90,100,94,105,57,52,63,75,111,95,74,84,87,125,90,113,90,86,82,108,109,101,106,97,64,67,19,75,95,83,,69,101,226,92,48,50,78,60,88,95,92,76,92,92,89,94,78,64,37,52,36,28,35,55,51,63,81,68,59,93,83,64,59,43,61,22,18,39,91,126,84,67,12,17,21,17,32,28,58,74,71,,68,93,68,51,80,62,38,95,86,115,114,124,68,72,62,114,61,79,59,90,78,101,99,62,29,58,63,73,93,73,72,,89,64,79,79,100,85,40,79,43,48,52,66,63,57,98,79,46,61,112,96,104,130,78,62,79,92,85,80,26,88,82,52,49,77,97,64,61,71,93,55,64,82,104,,92,,69,83,96,62,39,54,102,106,129,107,174,75,78,88,95,,86,114,110,59,95,113,126,,,49,39,70,111,123,111,94,68,103,27,102,54,45,61,62,79,75,86,59,38,70,74,62,57,70,12,,28,39,48,35,,103,35,65,91,97,43,,31,82,60,79,76,67,100,66,74,65,62,43,79,40,80,85,104,93,85,71,95,90,42,71,46,50,64,56,57,82,62,90,46,51,88,56,58,38,37,73,48,54,60,83,53,57,90,47,69,61,68,78,83,59,68,82,56,71,109,79,82,55,,58,76,77,125,58,67,55,108,102,122,114,114,54,52,118,41,68,64,68,89,44,63,102,21,72,138,122,132,,93,64,100,75,98,76,108,144,64,28,73,26,112,110,42,20,18,32,144,66,118,28,45,70,51,,51,121,32,143,23,,91,22,90,69,51,,31,122,77,81,55,,61,72,49,53,51,46,48,76,59,69,35,44,48,46,44,62,66,62,97,59,94,102,85,72,93,99,116,48,95,80,85,112,100,118,102,134,115,105,77,76,72,81,79,61,120,95,67,88,80,74,88,91,,59,62,65,63,88,120,116,100,48,49,66,56,46,65,33,80,96,88,86,82,43,110,96,117,107,133,114,,98,110,128,103,111,97,112,95,108,85,79,108,104,40,84,121,60,75,112,90,47,76,70,114,107,79,111,114,60,105,95,77,96,122,90,110,94,113,96,76,104,42,29,81,73,52,74,63,54,94,78,105,90,91,120,86,111,84,95,70,48,57,65,31,105,113,75,114,109,94,89,94,101,97,123,118,192,125,110,62,64,92,68,81,51,54,62,63,48,59,70,76,72,56,32,69,60,65,51,58,66,52,56,92,78,114,80,67,86,77,23,23,28,23,26,37,14,41,67,66,55,60,44,41,38,37,106,67,66,62,70,54,58,,32,48,33,20,58,56,40,15,110,17,52,28,18,25,68,72,67,68,73,54,74,80,32,,120,85,93,98,95,114,25,16,91,214,68,62,61,53,96,95,38,49,34,66,68,,104,156,104,70,86,82,47,107,81,96,74,119,84,90,56,64,58,66,71,38,90,84,68,86,,58,51,79,54,76,84,66,95,107,115,25,44,12,53,84,76,55,44,58,44,78,71,60,79,67,76,78,86,90,29,60,48,55,58,66,70,88,100,72,90,90,68,60,,64,70,60,78,,30,96,79,58,108,95,88,102,24,4,77,47,57,40,81,52,41,37,87,46,107,38,38,109,32,100,83,22,64,90,62,63,40,45,58,63,47,54,77,82,92,55,47,46,75,40,32,77,55
20160203,19,CO,1.2,0.4,1,1.2,1.2,1.2,1,1,0.7,1.1,1.4,1.5,,3.713,3.526,2.656,2.251,2.416,3.58,,,2.257,1.834,2.428,1.169,1.145,,2.038,2.493,1.847,2.145,2.615,1.902,2.699,0.839,2.167,1.006,1.049,1.405,1.19,1.407,2.236,1.564,1.327,1.18,3.932,3.422,2.187,4.383,2.731,2.466,2.808,2.569,2.639,4.219,0.705,0.714,0.365,0.528,0.827,1.121,1.493,0.858,0.341,0.517,1.75,2.326,1.675,1.305,5.365,6.277,3.284,2.517,1.966,3.457,5.572,7.274,4.05,5.649,2.357,,2.28,2.544,2.441,4.35,3.295,3.767,2.817,1.658,1.914,0.706,1.74,1.559,1.71,0.985,1.972,0.631,0.406,1.008,,0.807,0.474,0.49,0.566,0.749,,0.837,1.032,1.523,2.311,2.049,1.552,2.914,1.334,1.581,1.554,0.694,0.884,0.717,0.77,0.56,0.694,0.664,1.405,0.68,0.446,0.618,1.483,0.869,2.907,,1.779,1.099,0.834,0.783,1.107,2.452,1.075,0.641,1.001,0.607,0.565,0.204,0.983,0.684,0.502,1.01,0.389,2.286,1.352,1.773,1.553,1.573,1.308,1.848,1.073,0.997,1.175,1.295,1.388,1.274,1.111,1.163,1.177,1.595,0.774,1.147,0.879,0.877,0.735,1.962,1.305,1.131,2.394,1.803,1.75,1.486,1.195,1.616,1.47,1.398,1.216,1.087,1.256,1.505,1.13,1.97,,1.895,2.6,1.478,1.89,1.778,1.749,1.24,1.61,1.581,1.103,2.112,,1.009,0.885,1.459,1.681,1.765,2.593,1.272,1.468,1.627,1.182,1.744,1.475,1.669,1.884,1.593,1.324,2.23,2.04,2.144,2.44,0.923,1.029,0.618,1.187,1.57,1.366,1.248,1.152,1.582,1.101,1.117,1.087,0.883,0.608,1.066,,0.813,0.93,0.825,1.292,1.188,1.236,1.058,1.048,1.085,1.607,,1.28,,0.985,1.452,,0.892,0.346,0.825,0.854,0.393,0.599,1.204,1.112,0.836,1.276,0.989,1.052,0.784,0.651,0.676,1.737,1.731,1.592,1.01,,1.679,1.935,1.532,,1.322,0.632,0.964,0.778,,1.02,1.003,0.524,0.783,0.735,0.891,0.497,0.933,0.655,1.257,1.141,0.846,0.846,1.071,0.833,1.922,1.109,1.361,1.346,,1.285,1.461,2.2,1.583,1.705,2.097,2.314,2.126,1.976,1.504,2.137,1.561,1.623,1.144,1.148,1.25,1.064,1.142,1.398,2.079,0.777,0.903,1.07,1.317,1.296,1.007,1.707,1.525,1.834,0.373,0.838,1.843,0.882,1.325,1.185,1.19,1.882,1.156,1.579,1.294,0.765,0.756,,0.846,0.874,0.9,0.778,1.007,0.896,0.763,0.849,1.216,1.096,1.037,0.863,1.137,1.044,1.336,0.939,1.257,1.052,1.037,1.001,1.084,1.023,0.97,0.725,0.724,1.142,0.93,1.242,0.841,1.077,0.492,1.321,1.168,1.054,0.913,0.929,1.322,1.303,,0.965,1.067,1.091,0.969,1.005,1.132,1.106,0.962,1.373,0.856,1.035,1.48,1.074,,1.217,0.338,1.112,1.262,1.392,1.088,1.437,1.462,0.829,0.753,0.883,0.964,0.988,0.75,1.007,1.536,1.179,1.133,1.024,1.101,1.054,0.961,0.77,0.542,,1.326,1.317,1.084,1.07,1.266,1.412,1.455,1.547,1.243,1.893,,2.085,1.2,0.454,1.196,0.713,0.377,0.872,1.322,1.08,0.782,0.739,0.363,0.198,0.967,1.223,0.809,0.621,0.887,0.494,0.524,0.318,0.328,0.149,0.232,1.419,2.795,2.167,1.362,1.511,1.767,1.626,3.144,3.199,2.997,1.508,2.034,1.451,1.562,1.025,1.366,1.385,1.044,2.102,1.515,1.307,1.763,1.009,1.421,1.364,1.452,1.029,2.014,,3.653,1.923,2.539,4.507,1.68,2.585,1.55,1.326,2.394,1.746,,1.592,2.238,1.599,1.446,1.419,0.704,1.074,3.067,1.921,0.85,0.813,1.167,0.786,0.699,0.903,1.174,0.662,0.366,0.62,0.605,2.879,3.258,1.481,1.312,2.874,1.841,1.939,1.672,2.598,3.363,1.705,1.379,2.514,2.298,2.144,0.891,1.092,1.018,0.737,2.205,1.668,3.078,2.142,2.811,2.088,2.758,,2.267,2.567,1.992,,1.947,2.428,2.965,2.932,1.086,1.91,2.19,,2.484,1.308,2.054,1.125,1.404,1.139,1.806,1.131,1.369,,0.837,0.985,4.576,2.882,,2.367,,1.818,1.361,1.252,1.05,1.549,,2.16,2.553,1.704,,0.976,1.169,1.706,1.743,1.38,1.195,,1.804,1.229,0.919,0.94,1.607,1.34,1.032,0.803,0.898,0.82,0.912,1.536,1.165,1.244,1.083,1.221,0.676,1.153,1.159,1.465,0.948,1.263,1.66,1.39,1.343,1.427,1.397,1.162,1.197,1.176,1.021,1.386,1.227,0.94,1.354,0.842,1.005,0.959,1.055,1.544,1.58,1.519,1.254,1.769,,0.86,0.761,1.465,1.026,1.776,1.66,1.694,2.256,2.264,1.887,1.88,1.738,2.609,4.436,3.414,,1.928,3.484,4.328,9.23,1.617,3.968,3.029,3.635,1.829,1.657,1.331,2.791,1.615,0.43,1.155,0.416,0.178,0.083,2.819,3.44,4.195,4.382,5.091,3.181,1.93,3.829,4.454,1.697,1.413,2.275,2.463,1.627,1.86,2.074,3.061,2.852,2.843,1.832,3.548,2.268,2.186,2.242,1.425,1.123,1.168,1.219,1.094,,0.885,1.12,2.284,1.555,1.508,1.392,3.175,4.337,3.412,3.035,2.256,0.899,0.766,0.94,1.424,1.084,1.387,1.316,1.869,0.974,2.824,1.423,1.016,2.281,2.398,1.26,0.904,0.527,0.802,0.806,0.921,0.879,0.477,2.536,3.105,3.932,4.523,3.297,2.708,1.996,2.688,5.09,1.209,2.398,2.899,2.864,1.041,1.507,1.779,1.921,3.344,1.714,2.717,2.19,1.574,2.319,1.071,3.104,3.241,3.865,1.187,1.007,0.864,0.806,1.335,1.213,1.152,1.5,0.685,0.883,0.953,0.858,1.254,0.75,0.87,1.202,1.654,0.847,1.102,0.772,0.74,2.339,0.958,0.845,1.097,1.241,1.251,1.587,1.319,1.548,1.119,1.389,1.036,1.34,1.316,1.472,1.426,1.387,1.241,0.885,1.669,1.721,1.255,1.211,1.785,1.388,1.227,1.73,1.182,1.218,2.453,2.098,2.123,1.424,0.974,0.825,0.921,0.827,1.302,1.384,1.206,1.63,1.334,1.443,1.451,1.63,,1.977,1.352,1.553,1.521,1.587,0.991,0.26,0.908,,0.926,0.611,0.77,2.232,1.901,1.977,1.793,1.026,2.561,1.867,1.014,2.016,1.791,1.516,1.636,1.123,2.127,1.999,2.183,1.338,2.277,1.945,1.438,1.146,3.111,2.221,1.508,0.888,0.051,2.12,0.829,,1.441,1.38,0.548,0.402,1.643,2.371,1.959,4.732,1.386,1.197,1.266,2.176,2.545,1.532,1.164,1.037,2.234,1.136,1.765,2.12,1.858,1.638,1.807,0.9,3.039,2,2.36,2.55,3.737,3.833,1.87,4.048,1.022,1.053,1.188,1.105,1.759,2.636,1.072,1.051,0.696,0.796,0.57,,0.996,0.995,1.481,1.41,0.265,0.479,1.112,1.478,2.025,1.918,2.183,1.65,1.676,1.353,1.266,0.8,0.84,,0.734,1.165,1.232,1.064,1.179,1.37,1.282,,,0.551,0.899,1.71,1.404,0.721,1.298,1.244,1.469,1.101,0.893,1.715,0.739,0.791,0.896,1.128,1.063,1.53,1.003,0.905,1.087,0.946,0.838,1.404,1.172,1.041,3.918,,1.573,2.225,4.783,3.551,,3.51,3.293,3.833,2.749,3.061,3.322,,3.737,0.462,0.725,0.273,0.589,0.948,0.553,0.789,0.851,0.299,0.435,0.597,0.369,0.862,0.625,0.376,0.002,0.191,0.196,0.603,1.005,0.371,2.897,0.241,0.754,0.277,0.498,2.791,2.472,2.653,3.053,1.661,1.805,2.201,0.53,2.056,1.42,3.979,1.467,0.383,0.73,1.73,1.774,1.417,1.548,2.995,1.305,2.75,0.836,1.153,0.573,0.579,1.623,2.438,1.693,4.884,1.017,3.029,1.689,2.412,1.774,3.065,,1.991,0.975,1.183,0.706,,,0.643,1.268,1.588,1.217,1.236,0.981,1.219,1.717,0.728,1.31,0.791,0.678,1.158,0.874,2.894,0.907,1.109,1.628,1.438,1.124,0.758,0.971,,1.37,2.606,1.633,2.36,1.129,1.246,1.092,1.096,1.837,1.423,0.876,1.419,1.294,1.264,0.726,0.997,0.816,0.65,0.095,0.687,0.184,1.859,1.759,1.864,1.936,,0.766,1.572,1.534,1.649,0.58,,1.187,0.995,1.011,1.487,1.333,1.181,0.865,1.084,0.689,0.976,1.087,,0.808,,0.514,1.142,0.755,0.993,0.774,0.577,1.27,0.433,0.899,0.853,0.911,1.275,1.005,0.956,0.954,0.78,0.687,0.477,0.655,0.93,0.867,1.392,1.494,1.356,0.85,1.491,0.371,,1.636,0.662,1.005,0.652,0.853,0.949,1.265,0.912,1.435,1.421,1.437,0.923,1.246,0.735,0.642,0.687,0.865,1.059,1.379,0.599,0.941,1.076,,1.64,1.913,1.551,2.077,3.745,0.274,1.085,0.322,4.526,2.587,1.804,1.992,5.578,2.346,4.093,2.347,3.151,1.869,2.027,2.731,2.079,1.404,1.34,1.309,2.027,1.635,1.903,,2.092,1.049,1.052,0.756,0.706,1.219,1.814,1.114,0.977,1.472,1.313,2.229,1.852,1.271,1.453,1.625,1.128,1.293,0.952,1.155,1.839,0.959,1.296,1.811,1.545,1.994,1.052,0.724,0.738,0.869,3.567,1.812,2.001,0.903,0.859,0.785,0.996,0.671,1.652,1.409,1.394,,0.494,0.828,1.396,1.263,1.226,1.322,1.408,1.134,1.217,1.09,1.216,1.119,1.09,2.088,0.975,1.889,1.372,1.645,,1.304,0.785,1.628,0.915,0.929,2.077,1.183,0.935,0.881,0.727,0.904,0.876,0.256,1.229,1.74,1.924,0.149,1.66,0.146,1.048,0.802,0.824,0.74,1.688,0.707,1.179,0.94,0.967,1.9,1.348,1.336,1.14,1.403,2.05,0.766,1.42,1.802,1.235,0.692,0.709,1.333,1.191,1.095,1.35,1.044,1.35,1.325,1.314,1.254,1.672,2.107,2.244,2.482,1.888,1.388,3.004,2.118,1.318,1.174,1.52,0.929,1.72,1.92,1.563,1.511,1.158,1.626,1.405,1.475,1.587,1.707,1.978,,1.757,1.43,1.604,1.836,1.784,1.544,1.232,2.112,1.666,1.49,0.942,1.379,2.547,1.673,1.229,1.35,1.586,1.431,1.391,0.777,1.068,1.048,1.132,,1.066,1.419,0.987,1.02,1.933,1.292,1.685,0.848,1.408,1.214,1.282,0.627,0.921,1.278,1.404,1.125,1.758,1.593,1.471,1.239,0.519,,0.758,1.167,0.479,1.23,1.58,1.159,0.616,0.463,0.664,0.235,0.347,1.209,0.53,0.749,0.897,0.462,0.635,0.392,1.295,0.816,0.604,0.39,0.668,1.504,,0.591,0.836,0.37,0.782,,1.607,0.665,0.945,0.03,0.053,0.525,0.598,0.542,0.376,0.267,0.673,3.367,2.394,3.578,3.905,3.905,2.562,3.855,2.094,1.221,2.592,1.447,3.772,2.303,0.959,0.575,1.078,2.501,1.538,1.432,0.267,1.116,1.582,1.122,1.632,1.14,0.64,3.028,,1.636,1.186,1.417,1.407,,1.361,2.461,1.248,1.356,0.592,1.041,0.286,0.575,1.075,1.13,0.077,0.549,1.312,0.896,1.006,0.371,1.671,0.768,0.614,0.113,0.869,1.1,0.49,0.669,2.215,0.716,1.619,1.785,0.652,0.747,1.483,1.487,1.283,0.935,1.09,0.463,2.367,1.905,1.368,0.866,0.626,0.671,2.595,3.544,1.709,0.761,0.781,1.857,0.448
20160203,19,CO_24h,1.217,0.6,1.154,1.246,1.142,1.225,2.125,0.996,0.829,1.346,1.258,1.908,,2.837,3.11,3.103,2.448,2.821,3.577,,,3.075,1.672,2.429,1.369,2.501,,1.739,2.173,1.93,1.638,1.916,1.366,1.036,1.96,2.688,1.782,1.702,2.165,2.007,2.226,3.26,3.012,2.098,2.149,6.962,6.565,7.05,6.923,4.752,4.708,4.421,3.755,4.13,6.68,0.688,0.733,0.482,0.716,0.54,0.982,1.261,1.433,1.112,0.642,2.862,1.957,1.932,1.861,4.56,5.25,3.755,2.912,2.963,3.089,3.704,3.676,3.781,3.745,1.816,,1.685,2.769,3.237,3.781,3.385,3.344,2.899,1.89,2.241,1.135,4.087,2.37,1.885,1.624,1.634,1.205,1.961,2.113,,2.207,2.237,1.345,2.048,2.096,,2.071,1.367,1.487,1.689,1.656,1.513,1.758,1.615,1.315,1.366,0.756,1.194,1.178,1.352,1.12,1.19,0.935,1.698,1.338,1.105,0.962,1.585,0.721,3.315,,1.745,0.714,1.504,1.142,2.041,1.806,1.31,0.764,1.444,1.097,1.204,0.751,1.173,1.171,0.807,1.43,0.787,2.06,1.786,2.962,1.791,2.081,1.841,1.529,1.403,1.543,1.335,1.578,1.362,1.863,1.673,1.438,1.458,1.623,1.296,1.081,0.954,0.628,0.807,1.911,1.622,1.19,1.626,1.984,2.199,1.826,1.55,1.905,2.086,1.474,2.021,1.604,1.742,1.949,1.1,1.749,,1.979,2.55,1.492,1.936,1.804,2.295,1.799,1.967,1.83,1.7,1.669,,1.197,1.24,1.52,1.487,1.588,2.158,1.183,1.426,1.719,1.473,2.256,1.612,1.072,1.113,1.071,0.961,2.229,2.136,2.244,2.625,0.982,0.745,0.663,1.086,1.349,1.344,1.185,1.165,1.43,1.244,0.965,1.226,0.927,1.034,1.108,,0.929,1.116,0.869,0.896,1.058,1.173,0.896,1.003,0.888,1.308,,1.233,,1.265,1.481,,1.055,0.697,1.095,1.177,0.947,0.887,0.964,0.853,0.823,1.087,0.955,1.014,0.826,0.964,0.797,1.329,1.657,1.286,1.157,,1.496,2.224,1.505,,1.436,0.507,0.86,0.587,,0.935,0.818,0.696,0.703,0.722,1.045,0.873,0.986,0.442,1.22,1.044,0.851,0.987,1.054,0.951,2.003,1.373,1.225,1.238,,1.256,1.849,1.028,1.355,1.216,1.417,1.646,1.524,1.955,1.21,1.766,1.98,2.066,1.572,1.412,1.606,1.501,1.503,1.902,2.068,0.982,1.277,1.519,1.421,1.419,1.264,1.812,1.472,2.096,0.786,1.035,2.163,1.004,1.508,1.405,1.344,1.768,1.236,1.651,1.332,0.674,0.902,,0.78,0.818,0.767,0.681,0.892,0.854,0.719,1.487,1.113,1.003,1.22,0.779,1.19,0.962,1.318,1.026,1.265,1.099,1.035,0.892,0.982,0.942,0.905,0.665,0.621,1.077,0.936,0.991,0.847,0.951,1.004,1.136,1.093,1.016,0.864,0.796,0.961,1.241,,0.895,0.994,1.012,0.911,0.923,1.08,1.022,0.868,1.074,0.86,1.252,1.104,1.104,,1.401,1.003,1.256,1.378,1.438,1.17,1.445,1.537,0.946,0.815,1.191,0.997,1.285,0.884,1.488,1.468,1.206,1.233,1.292,1.013,1.31,1.29,1.12,0.967,,1.404,1.556,1.533,1.348,1.244,1.302,1.428,1.553,1.364,1.646,,1.901,1.298,0.575,1.311,0.697,0.711,0.813,1.053,1.472,0.87,0.92,1.187,0.683,1.17,2.252,1.593,1.84,2.052,1.269,1.646,0.812,0.36,0.472,0.361,1.579,2.917,2.101,1.773,2.033,2.719,2.184,3.896,3.787,2.287,1.936,2.278,2.324,2.627,1.57,1.536,1.578,2.081,2.156,2.487,1.468,2.161,1.007,3.012,2.333,1.863,1.971,2.518,,4.313,4.526,3.775,3.885,2.936,2.31,1.484,1.394,2.077,1.795,,1.387,1.393,1.202,1.3,1.167,0.611,0.917,1.627,1.826,1.443,2.273,2.535,1.38,2.617,3.514,1.671,0.923,0.466,0.682,0.963,1.948,2.016,1.247,1.4,2.196,1.761,2.452,2.089,1.432,1.757,1.109,1.646,2.728,2.431,2.096,0.684,0.778,0.784,0.614,2.101,2.27,2.99,2.325,2.169,2.132,3.472,,3.669,3.199,2.034,,2.06,2.843,3.316,3.161,1.437,2.128,2.625,,3.661,1.897,3.095,0.993,1.487,1.514,1.608,1.307,1.017,,0.95,1.58,2.217,2.343,,2.113,,2.226,1.302,1.37,1.2,2.066,,2.887,2.722,1.608,,0.808,1.075,1.468,1.461,1.456,1.44,,1.373,1.218,0.729,0.818,1.335,0.904,0.977,0.98,0.946,0.975,1.115,1.224,1.125,1.015,1.082,1.128,0.684,0.889,1.156,1.177,0.933,1.18,1.271,1.266,1.361,1.305,1.231,0.993,0.947,0.901,0.976,1.4,1.111,0.931,1.119,0.789,1.027,0.99,1.053,1.167,1.013,1.079,0.992,1.83,,0.93,1.296,1.837,1.633,1.592,1.554,1.489,2.99,2.699,2.334,1.682,2.31,3.021,5.655,5.647,,3.285,4.165,5.021,8.642,2.164,4.504,3.754,5.101,3.633,1.442,2.577,2.62,0.999,0.383,2.263,0.765,0.296,2.892,1.844,2.229,2.478,3.023,3.051,2.264,0.728,4.231,4.131,1.461,2.743,2.115,4.008,2.042,2.748,3.032,3.718,2.535,2.9,1.462,1.785,1.942,1.255,1.634,1.782,0.82,1.952,1.601,1.047,,0.788,0.661,1.378,0.797,0.936,0.868,2.361,2.196,1.438,2.328,1.206,0.82,0.615,0.816,1.076,0.857,1.229,1.275,1.701,1.052,2.574,1.47,1.666,2.27,2.934,1.64,0.806,0.815,1.14,1.391,0.743,1.38,0.597,2.705,2.335,3.412,3.486,2.932,2.256,1.955,4.316,7.108,3.454,4.914,5.031,1.943,1.013,1.258,1.76,2.58,3.533,1.968,1.794,1.782,1.852,2.384,1.411,2.424,3.352,3.799,1.471,1.098,1.234,0.943,1.395,1.222,1.693,2.305,1.388,1.304,1,1.293,1.543,0.902,0.967,1.102,1.528,0.781,1.32,1.089,2.065,1.784,0.996,0.706,1.056,1.15,1.196,1.452,1.286,1.484,1.091,1.393,1.039,1.233,1.135,1.482,1.288,1.131,1.025,0.859,2.189,1.582,1.242,1.187,1.717,1.552,1.222,1.817,1.354,1.217,2.813,1.966,1.71,1.057,0.964,0.948,0.91,0.869,1.348,1.326,1.221,1.722,1.298,1.825,1.368,1.617,0.679,1.878,1.196,1.211,1.466,1.461,1.008,0.414,0.95,,1.091,1.063,1.316,1.979,2.811,2.226,2.609,1.423,2.436,1.738,1.071,1.69,1.502,1.533,2.022,1.298,1.366,2.818,2.195,1.54,2.498,2.103,2.057,1.319,2.512,2.535,1.823,1.085,0.204,2.05,0.487,,1.855,2.165,1.991,1.33,1.476,2.284,1.862,1.43,1.505,1.625,1.42,1.179,2.354,1.712,1.176,1.092,3.474,1.575,1.819,1.883,1.877,1.795,3.261,2.422,2.851,2.009,1.54,1.948,2.406,2.422,2.249,2.766,1.26,0.856,1.634,1.882,2.327,2.832,1.306,1.157,0.864,1.097,1.041,,1.368,1.356,1.789,1.551,0.611,0.895,1.187,1.313,1.645,1.623,1.657,1.784,1.821,1.457,1.76,0.927,0.971,,0.871,1.004,0.9,1.007,0.981,1.315,1.145,,,1.281,1.407,1.126,1.341,0.623,1.371,1.892,1.258,1.156,0.979,1.726,0.796,0.8,0.929,2.741,1.96,2.964,3.98,1.893,2.718,1.991,1.749,2.401,1.608,2.115,2.847,,1.919,2.612,5.206,4.154,,4.907,3.898,4.337,2.522,3.501,3.413,,4.614,2.926,2.138,0.601,0.87,1.087,0.82,0.56,0.894,0.588,2.023,0.78,0.767,1.361,0.906,0.567,0.194,0.481,0.215,1.241,1.518,0.41,3.133,0.912,0.93,1.01,1.282,1.582,2.21,1.723,1.989,1.875,1.39,2.054,1,3.366,2.407,4.659,2.171,0.95,0.995,1.148,2.488,2.072,1.693,2.999,1.602,1.821,1.304,0.708,0.53,0.5,1.393,1.785,0.975,2.018,0.575,2.732,1.677,1.9,0.871,3.771,,1.524,1.053,0.933,0.723,,0.857,0.529,1.91,1.819,1.278,1.002,1.005,1.655,1.692,1.091,0.859,0.638,0.4,1.39,1.039,1.393,0.629,1.202,1.577,1.328,1.272,1.077,1.158,,1.312,2.526,1.262,1.584,1.045,1.528,1.111,1.038,2.107,1.543,1.044,1.489,1.333,1.382,0.807,1.05,0.812,0.653,0.165,0.524,0.206,1.697,1.542,1.714,1.528,,0.764,1.342,1.781,2.09,0.305,,1.159,0.93,0.976,1.248,0.962,1.118,0.782,0.883,0.661,0.812,0.876,,0.826,0.009,0.544,1.122,0.789,1.014,0.778,0.61,1.086,0.401,1.039,0.854,0.976,1.063,0.909,0.795,0.758,0.752,0.087,0.642,0.575,0.789,0.802,1.385,2.1,1.692,1.519,1.987,1.001,0.792,1.896,1.548,1.888,0.819,0.951,0.745,0.788,0.856,1.372,1.329,1.434,0.894,1.118,1.002,1.281,0.921,1.054,1.35,1.466,0.785,1.297,1.344,,1.804,2.275,1.615,2.354,2.526,0.29,0.852,0.487,4.175,3.281,2.15,1.641,5.589,2.623,3.814,2.138,3.026,2.155,1.978,1.853,1.602,1.524,1.343,1.455,2.222,1.22,1.936,,1.804,1.996,1.951,0.767,0.635,0.696,1.228,1.182,1.32,1.153,1.388,2.539,1.901,1.554,1.72,1.381,1.408,1.39,0.805,1.133,1.421,1.063,0.793,1.717,1.585,1.948,1.192,0.894,0.95,0.955,3.312,2.009,2.097,1.222,0.827,0.952,1.108,0.767,1.494,1.386,1.587,0.217,0.594,1.123,1.579,1.46,1.576,1.466,1.648,1.067,1.293,1.17,1.224,1.221,1.296,2.346,1.24,2.399,1.762,1.836,0.584,1.119,0.778,1.575,0.887,0.927,1.212,1.214,1.129,1.049,0.902,1.053,0.935,1.278,0.869,1.652,1.823,0.317,1.688,0.077,0.439,0.614,0.695,0.747,2.437,0.582,1.108,0.887,0.975,1.587,1.321,1.358,1.105,1.282,1.805,0.588,1.399,1.624,1.372,0.72,0.803,1.097,1.6,1.341,1.65,1.519,1.58,1.413,1.267,1.215,1.658,1.6,2.052,2.393,1.877,1.207,2.601,1.547,1.259,1.272,1.522,1.172,1.552,1.703,1.616,1.479,1.12,1.297,1.187,1.011,1.257,1.366,1.648,,1.474,1.406,1.594,1.84,1.513,1.889,1.117,2.057,1.533,1.377,1.227,1.451,3.054,1.537,1.156,1.29,1.471,1.313,1.273,0.766,0.806,0.929,1.097,,1.405,1.869,1.724,1.863,2.342,1.235,1.417,0.795,1.222,0.986,1.368,1.146,0.994,1.235,1.246,0.98,1.856,1.625,1.348,1.189,0.556,,0.601,1.335,0.108,1.153,1.413,1.22,0.566,0.476,0.963,0.379,0.614,1.361,0.664,0.715,1.002,0.603,0.705,0.402,1.319,1.052,0.318,0.327,0.617,1.929,,0.646,0.758,0.145,0.929,0.676,2.002,0.723,1.044,0.068,0.053,1.599,2.256,0.559,0.544,0.263,0.749,2.822,3.071,3.008,4.126,4.048,2.742,3.136,2.782,0.435,2.121,1.264,3.42,2.174,1.11,0.761,0.899,1.877,1.852,1.977,0.991,1.517,1.978,2.93,1.882,1.07,0.733,2.634,,1.743,1.688,1.542,1.143,,1.932,2.79,1.487,1.681,1.026,0.756,0.583,0.789,1.384,1.17,0.681,1.235,1.666,1.072,1.262,0.578,1.958,1.299,1.07,1.068,1.893,1.52,0.976,0.511,2.845,2.487,1.604,2.423,1.138,0.897,1.448,2.718,2.361,2.13,2.282,2.997,3.163,2.167,2.411,0.535,0.663,0.896,1.815,3.065,2.722,2.065,0.699,2.01,1.147
20160203,20,AQI,98,29,104,84,97,92,70,104,69,25,55,74,,233,209,166,170,155,206,,,139,173,182,109,132,,206,236,180,240,272,263,220,80,135,79,66,85,68,61,142,62,71,52,180,144,179,159,148,195,233,158,245,199,66,41,63,57,61,61,62,25,45,30,166,135,129,166,215,348,226,223,183,218,225,230,279,281,162,,73,108,125,133,92,133,124,106,50,73,87,76,93,64,107,65,53,52,,70,56,51,38,123,,84,84,142,130,134,80,110,114,79,119,39,97,81,78,67,67,53,97,60,73,68,74,87,150,,107,95,104,113,67,88,222,87,42,27,32,25,137,42,36,36,39,140,105,115,112,147,102,119,125,104,103,99,92,105,87,100,89,104,133,79,77,102,97,156,148,202,214,122,127,109,127,138,117,135,110,119,129,119,170,140,,143,175,173,152,142,166,188,163,165,129,153,,142,130,150,215,132,166,162,186,245,196,188,170,240,183,224,142,175,208,159,192,186,137,62,240,137,190,201,196,227,182,105,82,97,55,123,,89,87,107,128,145,108,125,179,189,132,,112,,223,198,,79,55,57,31,26,29,153,127,119,148,118,88,65,93,64,115,105,204,112,,155,183,107,,110,38,57,69,52,49,64,40,52,43,93,83,70,103,66,100,57,83,114,148,163,109,133,134,,147,137,238,199,199,190,214,225,209,220,240,123,113,130,139,122,118,175,132,102,105,122,117,104,127,97,180,103,127,51,107,107,113,115,117,110,113,122,148,112,67,68,,53,68,67,63,62,84,59,62,68,67,62,75,34,67,79,35,50,45,72,74,64,52,59,53,60,50,82,80,54,63,69,54,50,64,44,52,60,70,,63,59,58,58,62,63,55,55,62,53,70,68,53,,90,78,85,83,77,75,95,98,50,49,56,52,60,103,98,112,84,100,89,45,77,90,70,236,15,78,77,102,92,112,129,109,92,104,102,,107,52,83,110,73,99,98,100,102,92,94,57,35,35,40,46,62,53,103,92,77,71,,69,88,149,116,113,199,84,220,153,212,140,122,142,175,98,103,107,110,95,73,120,122,119,78,83,77,107,102,125,,283,244,220,415,219,235,166,176,168,147,,166,199,134,166,175,79,129,201,132,50,57,66,61,55,59,58,52,35,33,51,107,134,134,73,202,112,92,166,122,203,107,206,100,180,292,50,49,43,42,244,170,179,198,222,201,175,,272,226,127,,122,137,149,190,182,98,183,,162,170,204,206,234,231,217,85,74,,82,182,204,139,,115,,145,150,133,93,115,,155,233,195,,89,83,102,253,111,114,,70,75,63,75,55,56,53,49,49,56,54,80,64,63,55,78,65,77,57,56,60,48,58,55,46,43,49,19,69,79,65,70,64,62,60,63,50,54,64,68,65,65,64,55,55,67,40,33,41,119,122,132,36,51,51,51,34,62,93,70,,76,160,84,249,74,66,60,75,65,70,92,148,87,47,49,34,34,49,225,330,259,316,291,237,124,69,100,138,78,93,63,140,211,179,180,137,133,369,438,303,220,343,64,80,67,74,68,,59,65,79,102,89,153,227,267,378,270,237,137,73,63,87,75,89,162,103,135,67,147,134,145,144,123,110,94,65,109,145,122,29,145,100,79,115,115,85,82,134,127,94,98,114,70,79,82,303,119,113,206,210,158,125,112,97,170,117,120,103,159,183,144,198,176,77,97,92,102,92,102,100,94,122,99,110,142,139,102,178,198,114,89,109,107,120,112,92,99,88,107,92,89,92,90,98,196,41,31,137,142,143,137,150,150,152,140,114,122,76,80,83,85,133,115,88,97,139,152,144,140,113,186,127,123,123,144,140,134,158,143,87,82,103,,80,59,41,209,118,111,217,137,185,156,178,75,98,97,102,124,216,107,224,153,383,213,118,135,132,113,92,98,102,137,103,,122,129,83,63,97,175,206,397,98,112,101,107,166,109,148,128,189,140,203,222,156,162,138,88,133,130,210,95,218,200,127,198,138,124,87,70,87,99,127,128,114,43,51,,98,107,127,105,50,57,160,178,143,166,118,160,186,166,175,127,129,,53,110,126,137,114,119,149,,,92,84,153,109,77,99,103,127,84,110,109,58,64,63,73,87,95,79,107,75,60,72,148,138,51,158,,125,149,148,212,,130,120,73,63,64,43,,61,54,52,47,68,76,65,62,65,77,75,75,57,52,59,49,29,27,22,64,67,59,64,65,59,62,54,178,165,148,106,145,299,166,97,36,23,98,46,68,70,77,74,82,67,100,75,103,107,87,69,70,128,204,124,120,188,153,54,85,104,113,,152,82,104,55,80,88,38,64,81,60,123,44,51,159,60,79,114,83,80,94,33,72,115,108,107,122,130,125,,147,158,173,193,83,87,77,98,64,77,64,55,67,68,79,79,85,87,49,93,45,208,218,202,84,,65,97,120,125,83,,52,74,73,84,98,92,79,138,144,152,45,,48,53,28,52,35,43,41,25,43,32,32,32,30,38,38,68,54,52,78,94,74,77,75,83,138,148,107,127,87,86,83,103,95,55,89,106,100,97,53,69,70,55,82,88,87,82,80,95,102,104,92,104,,92,104,88,87,59,74,81,79,169,93,98,180,199,148,135,110,136,106,143,102,103,129,105,68,73,81,98,,120,114,72,115,110,142,138,97,72,128,73,80,108,64,79,99,75,89,85,112,99,94,118,68,87,90,114,110,105,88,93,90,75,30,72,79,82,64,109,98,72,103,90,90,124,98,99,113,103,178,132,120,127,113,105,84,105,85,114,65,84,98,98,118,68,53,74,55,78,87,79,92,92,77,105,135,98,109,129,112,155,160,87,58,77,69,97,79,75,100,84,,72,67,87,89,43,78,74,77,77,90,72,69,65,63,87,95,98,94,133,221,175,205,137,114,98,118,125,93,85,107,130,108,117,104,117,158,108,172,99,125,127,,129,168,173,160,163,150,132,119,159,118,46,93,94,82,95,142,143,143,169,40,66,53,59,,54,36,57,72,80,59,98,77,78,62,57,63,73,60,72,103,25,28,39,59,74,,77,58,59,54,37,26,28,38,54,37,57,47,30,62,38,49,55,54,29,53,57,70,47,54,,57,98,26,26,40,79,74,147,44,55,16,54,,,55,24,196,183,244,206,38,84,71,61,117,183,133,94,72,68,71,80,108,82,62,58,84,83,,77,115,132,89,,100,53,77,104,,65,74,89,73,109,203,136,88,52,98,92,94,99,62,83,63,58,68,57,82,78,67,57,30,141,271,86,93,72,76,136,114,159,103,94,90,90,135,128,51,55,41,220,291,291,54,48,56,58
20160203,20,PM2.5,73,13,78,62,72,68,51,78,50,17,39,54,,183,159,126,129,118,156,,,106,131,137,79,100,,156,186,136,190,222,213,170,55,103,58,46,54,48,31,108,40,50,21,136,110,135,121,113,146,183,120,195,149,29,20,22,24,43,35,43,16,31,13,126,103,98,126,165,298,173,173,138,168,175,180,229,231,123,,53,81,95,101,68,101,94,53,24,53,51,54,57,46,80,47,18,35,,49,38,28,21,93,,62,62,108,99,102,59,83,86,58,90,22,69,42,41,30,39,23,72,32,31,36,54,64,115,,80,71,78,85,48,65,172,64,29,18,22,15,104,29,25,25,27,107,79,87,84,112,76,90,95,78,77,74,68,79,64,63,66,78,101,52,53,76,72,119,113,152,164,92,96,82,96,105,88,103,83,90,98,90,129,107,,109,132,131,116,108,126,141,124,125,98,117,,108,99,115,165,100,126,123,140,195,147,141,129,190,138,174,108,132,158,121,144,140,104,44,190,104,143,151,147,177,137,79,60,72,39,93,,66,64,80,97,111,81,95,135,142,100,,84,,173,148,,48,39,40,19,9,20,117,96,90,113,89,65,47,69,42,87,78,154,84,,118,138,80,,83,26,35,50,31,34,40,28,36,28,69,54,47,77,,75,37,61,86,113,124,82,101,102,,112,104,188,149,149,143,164,175,159,170,190,93,85,99,106,92,89,132,100,76,79,92,88,78,96,72,136,77,96,27,80,80,85,87,88,83,85,92,113,84,48,49,,37,49,48,45,44,62,42,44,49,48,44,55,23,48,58,24,35,31,52,54,45,36,42,37,43,35,60,59,38,45,50,30,28,46,29,19,22,51,,45,42,41,41,44,45,39,39,43,37,51,49,37,,67,57,63,61,56,55,71,73,35,34,39,33,34,77,73,84,62,75,66,15,56,67,51,186,,57,56,76,68,84,98,82,68,78,76,,80,36,61,83,53,74,73,75,76,68,70,27,17,20,20,22,21,33,34,30,15,19,,17,65,114,,85,149,55,170,117,162,107,79,108,132,73,77,80,83,71,53,91,92,90,57,59,56,80,76,95,,233,194,170,277,169,185,126,133,127,112,,126,149,102,126,132,58,98,151,100,31,40,34,31,35,39,34,34,17,14,27,80,102,102,53,152,84,68,126,92,153,80,156,75,136,242,35,34,30,23,194,129,135,148,172,151,132,,222,176,96,,92,104,114,143,137,73,138,,123,129,154,156,184,181,167,63,54,,60,137,154,106,,87,,111,115,101,69,87,,118,183,146,,66,61,76,203,79,86,,51,55,45,55,,35,33,34,33,38,33,59,46,45,39,57,47,56,37,34,43,33,41,39,32,30,34,,50,58,47,51,46,44,43,45,35,38,46,49,47,47,46,39,39,48,21,23,21,90,92,100,14,29,20,35,21,44,69,51,,51,122,54,199,54,22,43,55,32,37,68,71,50,25,18,9,10,34,175,280,209,266,241,187,94,50,29,105,54,63,45,107,161,135,136,104,101,319,407,253,170,293,46,55,44,54,49,,42,47,58,60,66,117,177,217,328,220,187,104,51,45,64,55,66,123,77,103,48,112,102,111,110,82,45,70,47,82,111,92,15,111,75,58,54,87,63,60,102,96,68,73,86,51,58,60,80,90,85,156,160,88,95,84,72,129,88,91,77,121,138,110,148,133,56,72,68,76,68,76,75,70,92,74,83,108,106,76,134,148,86,66,82,80,91,84,68,74,65,80,68,66,68,67,73,147,26,18,104,108,109,104,115,115,116,107,86,92,48,56,51,63,101,87,65,72,106,116,110,107,85,140,96,93,93,110,107,102,120,109,64,60,77,,59,25,28,159,89,46,167,104,139,119,134,54,73,72,76,94,166,55,174,117,333,163,89,103,100,85,68,45,32,50,63,,92,98,34,39,63,132,156,347,73,68,68,69,126,82,113,97,142,107,153,172,119,123,105,65,101,99,160,71,168,150,96,148,105,94,64,51,64,41,96,97,86,28,25,,73,80,96,,17,27,122,134,109,126,,122,140,126,132,96,98,,32,78,85,104,86,90,114,,,68,62,117,82,56,74,77,96,62,83,82,41,36,45,44,34,71,36,80,53,43,52,113,105,29,120,,95,114,113,162,,99,91,46,45,46,25,,31,29,36,28,18,33,23,44,47,55,54,46,40,32,15,14,20,11,10,29,37,34,46,45,42,44,34,134,125,113,73,111,249,126,72,23,16,73,32,41,46,56,54,60,47,63,55,77,80,64,50,51,97,154,94,91,141,117,22,62,78,85,,116,60,78,39,59,65,26,22,44,43,93,25,34,121,43,58,86,,59,70,,52,87,81,80,92,99,95,,112,120,131,145,61,64,48,73,46,56,43,39,48,49,58,58,63,64,34,69,20,158,168,152,62,,47,72,91,95,61,,36,54,53,62,73,68,58,105,110,116,28,,28,37,19,36,24,30,28,5,30,22,22,22,21,26,26,49,36,36,57,70,54,56,55,61,105,113,80,96,64,59,61,77,71,39,66,79,75,72,37,50,51,27,60,65,64,60,59,71,76,78,68,78,,68,78,65,64,40,54,58,55,128,69,73,136,149,113,103,83,94,79,109,51,70,98,79,44,49,58,73,,91,82,52,87,83,108,105,72,52,97,53,59,81,46,58,74,55,66,63,84,74,70,89,49,64,67,86,83,79,65,69,67,55,19,52,58,60,42,82,73,52,77,67,67,94,73,74,85,77,134,100,91,96,85,79,62,79,63,86,47,62,73,73,89,49,37,42,39,53,64,58,68,68,56,79,103,67,82,98,84,118,122,64,41,56,50,72,58,55,75,62,,52,48,64,66,27,26,54,56,56,67,52,50,47,45,64,71,73,70,101,171,132,155,104,86,73,89,95,69,63,80,99,81,88,78,88,120,81,130,74,95,96,,98,127,131,122,124,115,100,90,121,89,32,69,70,60,71,108,109,109,128,16,44,27,42,,38,25,40,52,59,42,73,56,57,44,40,45,53,43,17,77,17,19,27,24,54,,56,35,42,35,13,12,12,26,16,24,40,16,21,26,26,34,39,38,20,7,40,51,31,34,,40,73,18,16,16,58,17,60,16,13,,,,,9,16,147,138,194,156,26,51,33,28,88,138,101,70,52,49,33,59,81,60,21,19,43,42,,56,64,60,62,,75,20,56,78,,47,47,66,8,40,153,74,21,13,35,68,70,74,28,61,43,33,32,40,49,57,44,40,13,93,221,54,69,38,47,60,77,121,73,53,63,67,103,97,35,35,21,170,241,241,30,32,39,41
20160203,20,PM2.5_24h,43,26,38,40,38,36,44,42,32,32,36,53,,135,131,98,101,106,136,,,87,97,116,67,105,,77,100,68,77,100,89,57,78,97,77,76,91,93,45,78,65,52,47,189,170,194,175,158,213,183,192,179,217,20,17,20,26,25,36,43,33,34,18,95,71,75,68,142,184,113,156,170,154,119,109,136,129,65,,44,82,89,53,51,63,83,78,77,83,110,90,61,63,61,78,96,101,,121,147,61,138,121,,139,62,64,47,51,35,48,52,56,67,33,90,88,75,86,83,65,85,91,77,72,83,91,106,,126,111,122,126,79,101,99,113,78,60,82,53,105,68,49,64,64,126,112,131,115,130,121,110,121,104,111,116,99,114,108,104,102,92,88,55,68,58,80,107,113,127,115,84,103,93,109,101,97,95,108,118,138,103,116,118,,125,128,120,120,122,144,153,137,136,127,142,,125,121,134,104,85,126,130,132,160,131,136,124,102,81,99,55,163,186,164,163,93,73,41,106,88,96,98,98,106,103,61,88,102,90,97,,91,94,101,60,69,64,64,98,99,73,,82,,134,116,,72,91,78,60,57,65,89,71,71,78,71,68,54,70,55,96,58,96,96,,119,111,99,,92,26,28,27,32,26,27,20,26,19,77,61,50,86,70,90,46,82,76,112,133,101,107,108,,109,122,88,106,95,87,103,109,110,115,109,89,89,92,101,100,92,101,83,75,86,103,105,100,106,101,104,94,112,70,90,93,87,94,79,104,103,96,89,75,41,38,,33,34,37,38,36,42,39,36,37,36,33,43,22,38,41,23,32,29,38,37,33,33,34,32,36,32,44,45,33,41,50,24,30,41,24,19,40,25,,40,39,36,31,34,38,34,37,32,30,35,47,37,,83,85,76,77,72,66,78,80,19,23,27,29,26,53,74,66,58,63,62,43,58,65,61,68,52,64,60,61,63,68,81,75,67,68,69,,70,62,70,74,64,73,59,57,74,67,67,48,31,23,47,46,55,48,58,45,33,20,,22,91,76,,92,142,80,173,66,140,70,128,87,72,86,89,67,68,77,66,96,103,110,51,88,106,96,89,96,,288,320,247,317,250,315,92,111,106,94,,107,132,76,103,119,43,70,112,99,54,82,78,42,91,93,33,45,21,25,30,90,86,85,74,88,78,100,110,74,74,40,107,78,77,95,26,23,24,18,149,129,105,155,174,156,151,,225,202,138,,134,130,147,150,140,91,141,,132,139,187,145,197,221,166,65,51,,55,81,82,134,,109,,135,122,118,94,142,,177,131,109,,49,57,51,141,104,106,,46,45,47,48,51,23,23,24,22,25,28,32,32,31,31,33,32,28,31,31,31,35,23,38,29,21,23,45,46,47,35,45,31,45,40,46,18,22,25,31,30,33,26,33,26,36,33,37,38,113,105,110,52,56,44,46,62,82,111,124,,120,168,93,240,98,48,80,111,52,40,77,79,49,26,60,26,14,206,82,96,89,119,118,88,48,81,62,76,95,45,102,83,115,117,102,75,86,119,110,112,95,102,70,45,86,55,56,,41,42,48,46,51,65,105,95,120,127,84,74,51,43,65,42,65,95,71,94,92,94,89,89,101,73,47,85,65,75,66,92,21,104,77,72,102,96,76,87,128,118,89,119,126,62,57,74,91,58,45,115,80,99,103,93,94,70,74,81,64,121,129,142,128,123,77,89,87,80,81,82,75,69,82,72,77,102,98,84,91,99,60,57,91,95,107,93,57,65,64,73,65,66,71,70,69,80,9,8,80,90,90,89,122,124,130,116,106,102,64,63,48,62,93,82,77,85,102,107,108,102,65,77,86,77,84,107,97,105,115,108,62,63,62,,56,43,42,119,90,72,232,73,94,82,86,39,48,59,71,133,113,78,139,113,171,153,154,90,82,96,72,58,42,52,50,,97,136,83,74,54,117,144,147,83,76,60,60,131,119,102,97,156,93,116,128,80,80,149,125,100,99,80,60,108,102,107,123,97,60,81,71,71,43,108,113,100,65,76,,80,94,99,,48,51,131,102,117,118,129,101,112,125,128,100,97,,56,74,69,67,58,78,82,,,60,66,83,72,56,71,74,96,96,85,78,38,29,43,64,54,84,51,79,63,102,87,170,92,55,71,,76,85,141,157,,152,104,74,49,79,32,,54,113,80,30,28,41,33,35,26,62,82,58,42,60,25,27,14,14,8,45,47,35,83,78,54,85,91,71,77,76,71,111,91,90,89,77,40,61,49,79,73,75,101,108,87,101,93,85,41,43,38,36,57,95,43,24,50,64,20,38,60,54,,77,51,57,42,42,53,29,50,51,53,72,35,56,109,57,36,45,,71,82,70,24,84,38,103,112,122,124,,130,114,119,48,60,74,100,83,63,71,62,69,67,68,85,82,68,81,62,69,41,168,151,161,68,,53,84,97,96,52,,43,52,57,56,54,58,49,58,59,88,23,,28,31,14,29,25,30,25,6,24,18,23,19,17,20,21,30,36,32,45,62,58,60,57,66,107,92,89,87,79,62,68,77,64,45,62,67,63,60,48,61,64,31,73,66,70,62,61,77,91,78,72,88,,43,52,39,33,47,61,63,60,101,78,71,138,152,123,118,84,100,93,116,50,74,94,81,71,80,76,86,,90,78,83,91,83,94,69,91,71,74,76,81,91,74,84,37,62,70,49,80,98,88,80,93,97,113,82,81,97,73,78,87,87,88,69,74,73,58,91,76,54,67,67,77,81,84,78,91,87,95,105,95,102,99,89,71,77,75,90,68,117,93,79,82,55,49,48,54,62,58,71,73,64,70,63,96,61,78,91,49,90,98,45,36,52,45,66,59,55,74,72,,56,47,61,66,23,33,41,65,77,64,53,62,81,73,38,42,68,70,87,127,120,150,92,76,67,76,75,82,73,70,99,92,90,91,76,79,76,70,51,64,63,,68,94,99,97,98,97,119,93,122,99,59,85,112,57,53,80,81,84,97,13,29,17,45,,44,61,74,71,85,38,53,49,47,47,46,56,60,49,47,44,55,58,24,28,59,,48,40,35,41,20,22,26,22,27,28,52,38,24,24,24,29,32,36,20,27,41,51,30,49,,36,39,12,15,31,30,48,87,16,14,,87,,,8,11,139,152,158,147,41,65,74,58,83,104,93,49,44,63,51,39,40,50,38,25,60,63,,84,64,55,64,,71,23,68,62,,95,59,49,18,64,109,42,47,31,27,126,112,103,29,76,67,58,64,58,93,99,47,44,12,121,316,47,76,46,45,55,105,162,107,70,106,80,98,101,24,9,20,112,194,324,50,25,87,37
20160203,20,PM10,84,18,97,71,,87,69,82,54,25,49,69,,254,213,193,209,182,212,,,169,195,206,168,104,,230,252,210,240,298,251,250,109,169,104,82,120,86,71,145,74,91,54,201,180,158,181,157,190,242,169,271,196,81,41,76,63,72,72,73,25,,30,200,156,145,143,253,347,368,251,193,233,233,266,256,294,141,,67,110,140,141,118,147,146,162,50,95,124,101,135,,138,75,41,54,,89,62,51,38,183,,104,99,138,133,162,110,128,130,80,118,29,143,112,106,83,83,56,125,70,96,86,54,69,,,104,72,108,139,67,70,,106,30,22,28,19,133,,32,,,166,131,119,123,151,116,130,155,109,97,108,110,141,115,149,82,108,120,108,104,115,114,208,198,209,242,177,143,147,140,153,138,153,165,163,173,168,157,180,,146,159,209,147,138,170,181,173,195,161,184,,141,138,166,240,203,206,210,163,220,184,182,206,284,198,229,182,242,208,181,176,204,136,49,236,133,221,227,199,237,223,116,89,95,54,137,,84,79,126,125,153,110,126,179,172,154,,119,,173,183,,108,46,,31,12,29,,118,99,131,127,106,56,,77,,160,235,125,,140,286,91,,,,64,82,54,34,78,36,50,43,94,115,90,110,81,115,64,92,149,132,,136,184,137,,185,162,204,193,190,207,210,298,,238,220,112,112,100,139,137,106,,116,130,,138,169,147,139,91,162,155,198,52,108,81,86,95,114,93,98,101,122,87,64,63,,45,53,50,59,61,70,61,,,50,51,58,34,52,,28,43,35,68,85,77,46,59,,58,46,,59,42,47,53,57,50,48,44,53,70,56,,50,46,45,45,,45,53,45,73,49,67,,48,,75,,69,90,62,73,96,109,50,46,62,53,69,,,89,64,,71,45,66,71,56,,,62,64,83,85,87,116,99,96,107,90,,97,52,84,95,88,86,120,100,98,106,113,63,35,35,40,46,73,56,156,133,103,92,,88,102,197,181,153,194,117,224,186,216,195,194,209,235,118,116,87,98,92,77,130,137,135,65,99,98,95,119,98,,351,195,170,515,,236,152,210,159,161,,132,179,148,142,154,93,118,203,106,50,57,82,71,60,67,66,53,35,33,52,133,148,154,79,238,129,113,184,144,229,119,,145,143,,47,45,40,42,235,176,239,220,282,244,228,,287,287,167,,158,177,145,166,178,130,159,,212,177,204,182,284,354,242,98,78,,84,166,254,163,,126,,173,156,121,108,124,,177,243,211,,104,95,116,,171,142,,61,55,66,,59,61,55,44,49,61,57,66,53,61,48,63,49,72,63,62,68,34,52,59,42,41,47,,57,,55,55,57,,53,50,45,52,59,67,68,72,67,44,,48,40,33,41,165,160,173,36,50,51,46,34,49,95,89,,75,138,118,245,75,82,69,75,80,90,121,246,124,47,49,34,34,46,222,406,338,363,325,262,119,82,150,201,106,136,71,110,243,208,152,148,168,,,,211,,73,109,84,76,72,,57,61,91,154,,,244,311,405,310,210,104,96,65,70,96,,133,120,125,,129,,172,141,196,170,117,,153,149,,,156,135,92,180,141,77,112,162,170,137,111,137,86,78,83,422,123,125,251,187,266,119,101,98,198,134,161,104,176,186,,174,181,79,90,77,103,71,87,103,74,,82,120,109,,81,244,200,,72,86,103,99,121,72,83,80,94,75,95,87,97,116,163,41,31,121,128,116,124,128,,128,130,90,107,101,110,116,109,110,89,106,102,136,149,154,140,125,173,142,,129,126,151,129,134,156,99,75,,,64,68,41,250,157,172,176,136,171,157,139,99,123,106,142,99,252,164,191,165,,174,117,170,196,122,117,145,154,223,156,,138,151,115,75,144,190,244,,129,173,151,163,192,123,160,126,188,108,246,209,140,190,157,94,204,176,176,115,234,224,204,233,131,126,79,59,114,148,132,155,119,43,52,,89,122,138,160,50,63,128,156,161,182,186,,,154,161,130,118,,56,170,202,202,167,113,135,,,74,74,150,107,76,120,111,190,110,115,141,59,78,55,95,123,134,108,145,99,,,219,,52,160,,,154,132,,,140,149,96,59,62,43,,59,58,50,47,85,102,79,55,63,104,100,100,,54,67,49,26,14,17,78,84,68,58,79,50,66,57,186,212,163,161,188,252,198,87,36,17,76,,86,90,98,71,75,84,150,74,94,124,100,72,67,103,,100,113,169,173,42,120,98,,,133,78,,52,100,96,36,78,111,59,120,44,51,133,44,,,115,100,100,,58,92,132,85,114,129,108,,,150,,,69,94,104,99,78,78,78,50,72,73,,93,77,,36,91,45,202,187,167,,,54,110,116,108,81,,52,76,67,84,133,80,82,132,160,132,45,,48,42,25,,32,33,41,,,,24,25,24,29,36,59,58,51,86,112,90,92,80,74,156,167,128,144,83,122,99,125,89,56,90,161,114,128,46,58,62,59,66,68,76,61,69,107,128,85,80,123,,116,106,112,113,67,82,112,108,164,90,94,166,251,161,171,170,222,162,190,154,155,142,122,85,96,112,127,,130,177,82,143,134,191,180,133,83,124,72,81,86,63,76,87,58,91,89,114,93,100,120,62,87,117,112,98,104,108,97,102,70,27,77,77,105,78,94,86,79,90,79,103,143,102,93,118,104,154,120,108,132,119,,100,126,103,121,57,,121,117,104,79,56,97,39,105,76,78,124,108,75,103,111,145,102,135,131,172,219,70,50,69,82,97,62,60,99,84,,55,78,82,89,43,105,64,76,80,84,83,,65,61,74,,,87,160,172,152,194,110,97,105,107,95,89,68,,100,90,102,114,103,139,125,137,104,102,106,,109,147,153,132,184,127,171,153,170,173,44,109,86,76,124,123,132,171,146,40,82,55,48,,48,34,63,70,82,64,88,75,84,48,61,55,64,57,93,129,23,27,28,67,72,,70,66,59,57,37,26,28,,58,37,53,47,26,73,28,47,55,,21,56,60,60,47,57,,62,112,,26,40,,97,243,44,59,,58,,,60,24,177,163,,195,36,117,92,72,133,180,137,115,64,75,92,68,91,87,74,65,117,115,,79,179,213,127,,84,45,59,116,,75,97,113,95,168,226,221,126,54,146,92,89,112,73,85,76,65,85,64,113,101,83,56,20,231,386,122,124,94,102,222,178,201,155,138,129,86,107,,51,60,31,229,395,267,57,48,62,49
20160203,20,PM10_24h,58,32,52,49,,49,54,56,44,49,49,87,,197,179,130,147,148,178,,,133,146,159,117,112,,133,136,128,124,146,122,106,123,135,123,118,129,110,73,124,103,109,101,271,234,258,275,203,265,225,238,240,261,49,42,57,63,45,54,63,56,67,41,153,99,91,88,190,211,216,210,217,192,155,167,174,179,96,,59,110,129,85,97,98,126,124,119,124,184,121,104,108,99,122,129,153,,192,206,102,187,219,,185,95,86,65,79,62,75,78,77,92,46,161,136,127,116,104,90,118,126,107,121,96,111,124,,148,149,164,175,117,123,117,149,90,63,91,69,121,71,52,74,81,178,171,189,156,176,174,164,192,149,88,139,136,149,140,178,119,119,101,94,101,79,112,170,197,151,158,166,156,164,172,156,150,155,209,199,220,172,146,176,,157,150,171,158,162,182,200,181,194,184,205,,167,186,140,150,168,180,160,155,200,184,204,189,146,111,130,107,200,226,206,211,132,99,50,150,112,147,143,138,159,161,87,120,141,128,138,,114,122,149,77,90,82,83,131,123,115,,113,,148,144,,125,106,,97,76,76,96,83,74,104,96,107,68,73,75,104,85,145,116,,161,152,111,,114,34,41,38,32,29,39,25,40,32,111,103,80,104,77,90,59,99,113,140,203,150,185,138,,161,185,110,148,131,142,140,199,175,169,178,146,135,129,147,155,137,127,119,107,94,150,136,137,143,119,123,152,166,52,108,128,132,94,92,116,97,115,103,78,52,48,,39,41,40,46,50,46,44,41,45,43,37,44,39,41,41,25,40,35,47,49,52,39,51,35,44,38,50,49,39,43,60,42,42,44,41,45,48,43,,42,43,40,38,40,43,44,43,45,42,45,56,42,,95,107,99,108,78,84,106,107,31,42,42,41,44,64,84,72,64,70,69,63,72,75,73,73,60,71,73,79,78,81,96,93,93,91,79,,86,99,82,85,94,83,88,78,91,102,109,72,55,37,87,69,102,99,160,145,114,66,,65,148,146,134,157,192,169,226,146,192,129,199,163,145,155,129,99,109,110,93,136,143,159,84,126,158,143,133,136,,454,389,294,560,298,410,134,193,146,139,,135,157,111,137,132,65,89,191,109,79,110,143,92,128,135,66,69,39,40,57,146,118,122,104,130,117,147,137,93,93,60,156,133,127,151,39,35,31,28,222,174,186,235,239,226,234,,310,290,186,,189,199,185,212,190,162,229,,223,133,234,168,274,323,216,96,91,,78,109,154,194,,158,,206,149,146,143,234,,280,179,170,,65,89,80,189,155,163,,52,51,60,56,80,38,37,36,31,38,45,41,44,40,39,39,35,44,47,43,41,37,36,46,33,28,27,47,50,51,40,49,40,45,49,48,24,31,33,42,41,43,38,39,29,42,49,52,53,162,149,153,102,81,93,57,90,100,158,184,,169,225,174,269,84,97,121,121,50,82,165,175,108,55,101,48,34,310,120,157,148,193,182,139,63,112,143,137,126,100,153,110,180,195,158,131,107,129,128,134,142,131,92,79,143,86,75,,51,53,71,87,53,84,150,147,167,208,105,83,78,54,76,64,80,108,93,123,116,115,109,128,127,106,89,112,78,94,102,106,48,142,113,136,161,137,97,118,181,208,147,192,190,85,107,104,136,85,71,177,102,162,150,130,115,117,126,150,102,163,165,125,156,160,115,152,112,114,93,103,105,90,87,80,96,114,161,88,153,120,69,66,88,101,107,116,63,74,72,74,70,90,90,86,94,89,15,14,96,109,105,104,138,137,146,138,116,120,117,118,85,89,110,119,106,109,122,123,129,136,101,130,115,96,118,131,141,131,140,170,82,66,67,,64,65,54,167,190,165,253,105,110,108,111,67,78,88,112,152,167,223,191,195,190,211,182,130,135,124,109,126,109,164,148,,152,200,228,128,146,169,226,281,161,251,232,243,181,166,150,137,217,136,155,165,123,122,189,153,171,149,105,103,147,148,168,175,139,85,104,95,114,112,151,152,135,104,105,,90,129,135,136,91,98,116,127,157,166,169,111,106,154,152,139,132,,65,119,106,128,110,100,105,,,95,95,118,95,70,121,115,132,117,106,125,56,61,54,143,136,158,181,140,117,127,106,248,137,89,100,,100,119,152,192,,214,182,143,62,95,67,,107,170,111,47,93,97,86,50,41,91,143,96,56,84,52,43,20,21,18,69,67,55,122,120,77,130,131,105,142,102,146,170,127,136,128,59,56,80,61,102,98,102,122,131,137,189,119,105,69,69,52,52,81,115,49,35,66,101,32,59,98,109,,100,67,65,57,67,73,33,127,114,69,89,64,81,191,66,41,47,54,119,110,91,35,105,122,125,135,143,137,,186,137,95,79,81,109,125,99,90,96,89,127,88,94,104,107,86,90,68,80,64,207,167,192,84,,60,100,105,111,68,,57,66,64,71,80,69,60,96,90,109,34,,46,40,21,31,32,40,32,11,24,15,39,23,23,27,31,35,47,43,60,85,84,84,71,87,137,119,122,117,101,127,106,119,85,50,71,81,74,76,58,69,76,71,79,71,83,69,75,113,134,93,91,126,,100,103,92,101,76,92,104,107,130,100,85,174,202,181,168,154,201,165,165,115,125,105,130,107,126,123,143,,138,161,122,129,126,141,100,141,103,110,97,114,110,90,102,50,79,84,71,100,113,103,95,111,130,166,129,115,119,108,124,130,109,113,95,110,128,97,100,90,90,84,82,87,101,102,96,104,104,109,115,115,127,119,,98,118,116,130,99,110,124,129,120,80,69,88,66,94,83,98,128,109,134,81,112,123,99,118,83,135,155,47,40,61,55,77,68,64,87,76,,61,67,68,73,40,60,49,78,87,72,82,51,102,97,66,63,76,75,159,150,133,186,111,93,91,101,88,96,84,92,118,110,123,133,88,97,90,94,66,86,84,,98,116,120,115,151,126,184,163,190,177,83,126,133,72,94,104,110,128,121,21,36,31,48,,53,76,109,90,114,53,77,73,68,50,66,65,69,62,70,86,66,80,32,51,78,,59,96,56,62,40,35,31,30,43,52,65,55,34,36,24,40,51,46,29,67,57,57,41,81,,51,55,15,23,60,,278,306,70,64,,148,,,17,18,163,172,159,174,69,118,108,94,104,152,110,76,56,81,96,44,50,70,132,65,112,116,,109,185,204,91,,101,54,78,83,,130,114,77,104,109,155,84,94,66,104,122,156,125,95,84,83,97,131,83,159,144,103,84,29,291,461,104,137,84,97,163,175,209,179,179,185,102,108,146,42,23,22,169,300,371,82,34,94,43
20160203,20,SO2,30,5,48,18,21,21,25,34,18,6,28,26,,112,136,83,57,28,78,,,48,59,62,24,180,,185,175,114,163,122,135,138,60,103,46,36,44,42,81,70,83,75,19,35,11,96,63,118,83,159,159,163,141,61,33,55,53,48,30,24,17,26,16,58,88,93,85,131,319,246,181,93,110,220,345,362,250,132,,128,135,139,270,178,209,374,45,76,135,50,47,41,62,55,25,169,86,,46,134,131,105,79,,16,120,144,83,147,100,85,64,51,90,7,98,130,147,83,86,27,36,193,18,8,23,28,53,,78,27,12,145,43,26,39,56,16,16,12,16,14,13,12,16,20,21,28,24,31,29,22,29,15,21,14,16,18,28,13,16,22,18,16,12,20,17,13,95,104,82,123,111,47,51,40,44,32,21,30,22,31,43,21,25,,24,19,27,15,36,30,19,34,30,22,51,,29,40,33,23,20,16,34,29,40,39,32,70,35,82,30,29,56,48,35,30,30,9,8,21,7,29,23,26,33,29,11,9,19,21,19,,14,19,15,20,12,13,20,30,23,34,,19,,20,28,,9,6,5,7,3,3,14,18,8,16,12,11,6,8,5,37,30,17,25,,12,28,30,,42,6,11,6,7,5,5,3,4,3,8,8,5,10,11,9,5,15,13,36,103,35,80,58,,94,44,13,72,33,41,45,35,19,42,110,40,34,52,38,34,48,42,32,41,16,11,26,24,18,21,21,19,34,3,4,8,6,11,12,10,14,58,10,4,4,3,,10,1,4,8,3,7,4,6,5,5,5,6,8,9,6,7,8,2,8,13,14,10,6,7,9,7,5,6,3,9,11,8,9,14,14,6,9,10,,6,5,11,3,6,7,4,3,5,9,2,6,10,,14,11,12,16,14,14,10,16,3,1,3,3,8,6,9,7,21,9,17,45,12,10,18,16,4,17,18,14,17,16,12,8,18,8,8,,8,10,25,44,16,24,55,50,50,30,35,10,7,12,8,23,17,6,10,16,9,4,,6,52,58,48,42,15,58,59,41,27,65,53,38,40,32,41,17,45,47,22,33,33,25,111,380,246,101,97,90,,36,48,65,83,37,19,52,25,54,41,,,34,45,477,89,32,49,54,9,25,38,39,21,35,38,63,35,27,29,44,22,35,27,8,119,126,134,65,59,59,40,160,179,141,261,6,3,5,2,330,135,144,102,172,106,67,,102,92,38,,43,46,30,28,90,69,95,,80,116,77,71,64,24,41,31,42,,31,61,62,75,,72,,90,61,69,71,48,,149,105,72,,72,27,43,98,75,82,,17,9,8,,11,15,8,7,10,6,9,9,6,10,6,14,7,9,4,4,5,6,2,5,8,8,8,3,2,5,4,5,5,8,10,14,11,11,6,4,15,2,3,20,13,9,9,7,8,40,34,46,23,151,68,151,22,87,214,289,,167,653,44,87,68,201,52,71,78,129,181,210,164,54,60,18,36,52,251,117,108,143,89,71,37,117,35,102,37,69,47,118,131,68,126,93,28,163,444,116,206,310,81,50,51,53,47,,71,35,113,65,30,93,45,111,83,109,29,32,33,18,33,23,11,18,36,9,26,18,24,14,23,77,10,15,2,32,19,12,10,90,115,67,122,89,73,54,75,170,76,69,84,74,46,44,34,114,133,190,115,31,28,38,36,119,54,94,40,18,18,12,36,22,34,65,30,9,17,46,37,18,19,10,13,16,20,12,7,15,4,4,20,19,8,20,9,8,10,6,8,17,11,24,22,11,3,4,4,11,10,11,15,19,10,17,13,12,47,51,36,25,13,18,17,15,6,8,6,8,6,4,6,4,4,5,5,2,10,5,29,16,11,,15,11,23,4,32,30,11,61,141,51,98,72,62,67,77,18,20,29,28,32,57,34,25,34,72,47,47,10,8,47,11,,228,141,77,110,9,8,7,1,5,20,4,19,180,111,47,37,128,64,39,36,36,57,179,42,109,50,89,66,34,59,63,95,8,12,28,31,63,63,20,21,22,13,13,,12,16,20,26,11,17,30,19,32,40,43,41,24,34,21,22,15,,7,22,3,20,16,12,19,,,60,119,36,20,65,41,15,31,24,34,44,7,9,4,67,75,180,59,41,119,85,51,208,171,63,116,,46,166,269,182,,186,388,114,121,151,106,,226,27,38,3,33,19,5,10,6,36,136,42,23,48,15,10,6,26,18,6,19,10,60,130,24,69,39,76,83,66,38,51,127,51,15,51,64,146,41,19,80,44,28,38,51,133,84,95,98,16,15,40,37,41,10,137,28,128,91,35,38,66,,20,45,39,22,19,28,5,27,39,14,43,15,3,,38,108,70,76,21,17,97,64,44,40,12,35,48,19,,5,19,27,37,5,36,41,36,20,5,5,7,6,21,57,2,17,37,5,9,5,5,33,31,48,,35,54,16,55,17,,20,14,40,106,198,87,15,27,21,28,2,,8,6,5,8,6,6,5,,13,16,5,8,5,10,9,5,9,3,3,9,10,8,2,2,26,46,22,14,1,12,26,29,23,40,16,26,24,14,11,35,9,11,24,2,10,4,3,33,24,12,74,32,,36,23,25,14,18,17,24,21,137,71,61,67,118,72,127,32,66,34,29,71,76,34,62,58,74,33,91,,51,49,26,23,34,37,53,39,37,49,2,12,2,26,2,22,19,44,37,31,37,21,26,26,21,22,49,18,35,22,35,44,6,16,14,14,21,14,20,10,10,13,10,17,28,10,10,23,22,11,18,13,17,20,2,7,27,15,24,7,10,18,5,25,19,27,19,17,13,4,10,36,109,8,25,22,24,7,6,6,37,23,16,38,9,5,12,3,2,14,10,,17,21,19,25,8,8,16,8,15,20,12,13,12,14,19,12,8,11,12,47,28,10,13,6,4,6,22,7,18,21,5,9,7,7,3,11,6,9,29,9,11,,10,8,11,13,10,9,10,36,6,5,2,4,6,9,7,20,12,21,20,13,18,1,7,,4,11,12,12,17,6,23,5,33,21,18,29,56,47,9,9,17,9,21,7,19,,12,36,9,16,34,1,12,5,3,12,4,2,23,26,4,5,11,3,3,3,1,5,11,8,,10,7,14,5,12,8,4,6,11,4,48,10,,,11,8,45,29,39,33,20,79,67,45,21,73,21,23,64,13,12,,114,24,95,42,29,89,,54,17,6,101,,33,168,23,21,,25,40,23,42,15,35,7,17,4,29,89,138,119,7,80,57,20,25,17,16,10,2,2,4,31,55,47,35,17,14,5,9,18,15,34,57,22,46,32,4,77,27,61,74,13,15,8,128,10
20160203,20,SO2_24h,22,15,19,17,17,17,32,16,13,22,24,29,,81,84,69,53,35,76,,,58,51,58,26,72,,129,116,75,124,114,109,87,46,54,40,51,56,51,75,100,68,87,58,99,127,174,132,129,117,114,129,103,140,42,33,41,56,27,24,21,18,33,27,50,49,51,60,121,110,137,101,95,95,201,166,213,169,72,,134,130,156,134,135,147,339,48,96,57,79,69,34,63,29,59,84,83,,122,299,108,130,313,,214,146,109,96,98,79,66,98,65,90,16,157,152,79,62,97,39,44,54,28,44,60,63,67,,118,148,20,106,113,66,79,89,25,24,23,23,19,23,17,23,27,22,28,28,38,31,22,28,18,15,20,20,22,27,15,21,24,21,25,23,27,21,20,55,57,74,51,82,49,35,26,45,33,14,31,22,32,30,28,33,,26,25,30,26,33,33,26,34,37,29,41,,29,42,30,23,23,20,45,33,34,27,35,63,28,29,26,28,37,33,34,27,14,13,10,16,10,17,18,17,26,19,12,21,20,28,26,,20,23,21,8,4,6,10,25,20,24,,20,,19,34,,14,16,13,13,21,8,11,15,8,17,12,10,7,16,5,40,31,26,25,,12,35,39,,30,6,11,5,7,6,5,2,5,3,19,19,14,15,22,20,9,25,18,39,85,43,71,63,,73,54,11,68,50,59,50,54,57,52,94,61,39,72,80,37,52,69,48,48,12,14,20,21,22,28,24,29,21,16,7,10,8,11,14,11,15,58,8,4,3,2,,10,2,4,5,2,6,4,13,5,5,5,6,16,8,6,5,7,2,7,9,13,11,7,7,8,6,4,6,4,9,10,9,9,14,13,6,5,5,,7,6,12,4,8,6,4,3,4,8,2,6,9,,17,17,14,18,15,13,11,17,5,2,2,4,10,6,9,9,19,13,17,13,10,13,21,19,6,16,16,16,17,17,11,8,17,8,8,,7,14,32,50,32,31,48,54,60,35,43,13,8,10,7,25,14,7,11,12,9,5,,8,50,39,29,43,13,52,36,41,19,44,42,34,24,37,38,20,40,43,24,40,27,21,121,136,183,149,178,190,,11,32,39,25,56,25,92,40,85,65,,48,93,34,43,50,26,19,91,7,50,78,72,40,86,89,68,48,18,12,43,58,74,50,66,99,70,112,154,47,47,31,143,158,124,152,7,4,7,2,129,82,105,92,113,95,68,,86,76,53,,62,65,41,51,117,120,103,,117,97,95,61,77,23,68,35,50,,43,40,46,129,,102,,116,62,54,59,76,,101,73,54,,52,42,44,116,118,92,,18,10,8,8,14,17,16,10,10,7,8,7,12,10,7,12,8,10,6,8,20,6,2,6,7,7,8,4,2,6,4,6,6,7,8,14,7,9,4,3,4,3,3,29,14,18,11,8,8,42,36,45,40,157,87,54,209,176,270,260,,183,276,59,80,83,129,55,93,101,103,204,157,118,54,124,38,36,160,120,124,127,119,83,94,38,95,85,58,52,44,141,118,175,128,172,104,52,107,158,74,178,247,63,38,76,45,36,,25,34,84,81,16,105,40,74,82,87,19,27,23,27,38,29,14,19,32,7,26,16,27,15,17,40,38,37,25,39,22,40,32,98,80,74,88,71,76,45,102,174,112,140,156,51,57,38,47,88,104,91,93,47,50,50,64,81,56,91,40,16,18,12,22,22,45,88,43,15,18,18,35,14,17,12,23,13,23,10,6,11,5,4,20,21,14,19,9,8,11,7,8,16,16,24,23,13,3,4,5,8,10,8,15,20,11,24,15,11,36,76,38,27,9,18,13,14,8,13,16,10,6,3,8,5,7,7,7,11,30,6,30,18,30,,29,13,21,18,36,22,14,50,71,46,55,35,48,83,113,25,16,33,32,32,34,41,26,17,52,50,33,57,22,53,13,,248,260,251,149,7,12,7,2,8,22,4,13,97,77,44,43,130,85,58,47,42,42,149,74,91,57,71,50,25,60,89,105,18,25,33,41,47,57,25,18,36,23,23,,18,18,24,30,18,23,31,21,41,39,53,28,18,29,25,21,22,,12,13,8,12,11,13,13,,,86,126,34,13,16,39,18,42,30,33,35,8,10,7,181,200,156,198,210,174,192,222,341,233,125,73,,38,137,199,181,,214,295,50,69,38,77,,146,140,88,2,39,39,12,11,5,40,175,57,35,58,38,11,6,33,56,26,33,23,89,126,123,129,81,57,80,65,95,113,61,73,71,167,42,90,42,83,76,68,55,62,78,119,98,104,38,23,17,16,30,41,21,45,19,54,25,24,27,57,,29,30,35,24,23,25,9,40,29,14,49,21,5,,36,61,57,45,100,83,47,23,17,21,9,31,43,23,,5,23,35,33,13,32,39,44,20,8,8,33,8,14,43,2,25,40,11,5,9,7,23,19,40,,22,35,15,46,17,,21,18,28,32,21,14,7,18,12,23,2,,6,6,3,8,10,6,6,,11,16,8,7,4,6,7,6,9,5,4,5,5,5,5,5,23,37,22,12,4,12,25,25,16,47,23,29,23,19,13,26,17,16,31,5,17,17,8,22,14,13,40,26,,17,16,15,16,9,15,20,16,84,73,56,64,95,71,99,38,44,41,46,42,38,38,45,67,77,33,69,,32,51,32,25,38,32,35,28,47,52,11,19,9,94,3,16,12,21,23,54,62,32,24,23,23,42,58,26,46,28,31,25,9,15,4,7,6,5,22,15,26,8,9,12,15,14,14,16,15,8,20,11,20,19,3,6,25,27,26,7,14,19,4,26,12,12,14,10,9,28,19,52,66,14,17,30,25,13,8,7,35,21,13,38,9,5,7,6,4,34,12,,16,25,19,25,8,5,14,9,17,17,12,9,13,14,19,13,9,12,14,30,28,17,13,9,5,10,12,6,23,19,8,11,9,11,3,20,13,18,27,16,7,,11,8,21,19,25,41,12,22,11,6,2,4,7,8,5,18,12,22,18,12,13,4,17,,7,19,33,33,67,8,10,6,14,40,32,46,43,43,23,12,20,14,25,8,21,,19,33,11,15,35,3,12,5,3,12,7,2,15,14,5,10,11,3,5,3,5,7,13,7,,5,6,13,4,7,7,5,6,11,3,58,40,,,10,7,26,24,27,27,24,83,89,67,17,45,22,24,25,37,24,19,64,24,64,50,89,126,,44,26,15,33,,84,103,36,20,,23,36,35,35,26,44,10,35,5,31,136,204,157,21,72,67,31,37,23,25,15,5,5,3,46,57,36,35,17,18,3,11,14,12,54,104,45,48,38,4,32,25,16,21,21,28,9,231,5
20160203,20,NO2,84,2,95,96,109,107,91,90,27,32,77,47,,138,131,126,141,144,139,,,140,111,126,90,49,,120,123,116,123,104,117,70,92,101,60,95,73,99,53,84,90,96,51,133,118,91,116,130,99,122,128,132,158,25,33,34,40,43,80,83,31,52,16,116,92,78,122,120,195,139,130,92,133,183,165,161,178,59,,51,60,59,79,48,83,103,38,26,42,20,46,80,37,67,27,62,39,,36,71,58,64,67,,32,87,107,101,82,74,76,76,28,73,8,66,54,71,63,67,19,23,66,23,23,20,31,33,,78,64,65,38,52,41,75,49,43,53,55,47,77,52,51,53,56,88,71,115,64,129,87,83,90,51,62,119,159,138,133,135,98,116,5,38,54,38,51,116,32,38,94,118,127,86,59,68,2,92,106,43,32,89,35,138,,58,136,149,92,78,131,88,118,126,54,97,,68,86,94,70,81,88,100,69,74,89,53,80,91,123,64,117,93,122,61,71,68,108,18,49,43,80,124,125,60,59,46,115,91,51,100,,32,72,99,51,38,30,52,55,61,93,,67,,79,50,,22,22,21,36,21,21,71,52,32,61,33,25,35,14,19,213,105,111,77,,29,125,29,,31,13,35,47,50,39,63,9,32,31,62,30,40,43,48,89,20,93,92,16,65,45,151,128,,143,59,52,54,59,110,60,35,147,17,154,66,66,46,66,40,60,70,59,99,59,110,131,108,108,90,54,126,99,10,33,64,31,45,63,38,64,48,68,16,62,54,,22,38,57,26,69,15,55,13,52,58,60,63,24,28,67,23,22,26,28,54,72,34,57,38,59,33,66,66,19,34,18,61,44,44,50,29,36,27,,36,31,32,25,39,25,33,24,31,15,31,31,24,,18,35,54,19,16,27,23,47,8,11,19,18,15,17,59,54,66,54,47,34,49,50,45,47,29,76,46,50,53,61,41,50,45,46,58,,68,19,16,28,13,14,27,38,30,17,33,20,14,3,25,34,48,24,8,52,10,6,,6,112,154,126,97,50,89,124,76,105,118,61,128,79,59,53,20,37,49,68,33,50,24,33,57,60,70,64,88,,100,42,103,110,93,69,86,51,82,79,,86,83,78,75,69,13,28,83,56,25,41,35,17,45,40,39,22,11,16,24,54,72,62,28,77,76,47,88,106,92,58,84,104,131,95,26,32,27,20,132,116,145,113,131,99,70,,84,110,68,,67,86,43,46,118,124,99,,111,108,103,77,67,73,50,87,100,,47,96,106,77,,116,,64,60,60,50,96,,144,117,82,,60,40,106,118,102,81,,36,17,24,16,24,24,24,12,16,17,29,30,26,14,12,7,18,36,28,28,20,21,36,31,12,18,16,37,25,23,23,31,32,22,40,27,24,23,25,23,27,24,23,10,17,12,18,18,26,44,47,55,14,60,40,71,12,40,72,57,,151,110,38,73,41,86,22,39,113,42,107,72,69,20,15,21,20,48,102,106,109,127,97,96,71,79,41,105,49,86,44,86,61,37,94,86,93,103,110,74,102,115,36,60,37,61,36,,26,99,96,71,85,55,54,74,62,93,42,45,67,43,67,50,67,126,112,26,114,60,36,105,13,78,74,68,10,48,33,34,3,97,89,56,132,88,58,64,64,115,66,66,77,90,69,100,66,86,78,87,53,93,82,71,36,123,98,94,58,28,66,38,18,44,37,54,17,12,24,50,28,36,18,45,25,24,38,2,64,60,16,14,15,62,17,46,16,20,17,22,23,28,19,29,45,25,18,22,32,56,44,58,32,40,51,38,39,21,54,48,81,63,50,32,43,50,19,45,44,79,22,47,56,23,17,37,42,67,34,41,35,15,21,,33,19,12,78,120,110,97,57,98,56,60,64,87,49,116,25,51,101,90,78,96,98,112,87,108,80,64,7,4,20,42,,23,59,49,13,59,15,11,37,31,56,47,41,120,88,35,30,101,40,50,103,128,90,104,41,121,57,89,45,97,25,92,90,41,56,46,48,29,59,56,116,38,85,67,,51,75,106,88,62,70,27,35,74,115,82,49,39,84,46,44,35,,21,40,74,63,43,38,40,,,42,53,74,48,50,46,36,82,57,45,33,31,32,29,65,53,58,32,27,37,34,28,66,44,43,45,,29,54,122,90,,78,215,67,38,29,39,,31,34,56,9,25,20,10,41,40,39,55,55,24,29,14,7,4,9,19,9,28,8,36,48,15,31,23,75,73,51,46,31,79,60,26,16,16,47,28,34,66,45,22,25,77,102,53,85,76,24,16,15,70,80,31,62,106,99,107,35,42,58,,24,33,36,17,84,67,39,27,58,18,46,8,39,58,6,105,25,35,36,21,62,55,87,114,64,55,70,48,,25,53,32,111,82,110,78,110,70,67,51,21,29,22,77,25,127,65,38,36,20,86,191,126,56,,30,112,56,60,44,,28,24,73,47,29,54,29,40,35,34,39,,19,24,6,16,17,16,17,2,34,20,12,14,29,30,29,34,20,41,10,48,88,19,21,4,37,55,19,36,2,15,36,41,60,18,32,16,50,52,7,28,31,18,36,12,15,14,16,24,34,25,50,28,,35,22,3,25,10,21,41,27,176,104,112,37,127,106,119,92,122,51,77,128,124,76,91,89,69,60,118,,63,54,39,40,38,64,82,35,39,80,50,26,20,43,41,11,33,28,37,45,77,56,106,75,49,46,58,54,33,16,123,85,73,53,30,23,34,29,141,20,48,26,25,41,38,74,36,51,49,17,31,21,32,34,28,70,48,57,66,21,21,41,30,33,29,20,40,12,19,3,1,12,17,5,27,51,12,23,34,19,64,54,36,26,25,35,42,14,12,26,18,,15,15,26,38,10,40,37,10,16,31,41,16,21,22,25,30,22,19,64,65,48,73,6,31,22,41,37,31,31,36,28,48,35,42,10,44,35,52,31,40,51,,29,39,69,53,79,79,3,40,42,33,4,35,52,66,11,19,31,23,24,9,32,12,22,,11,29,27,40,49,20,41,33,54,30,42,23,25,26,16,19,36,21,18,19,24,,18,26,9,21,21,1,1,14,19,28,15,8,17,34,7,7,9,9,10,,21,7,5,22,,16,19,10,22,14,20,6,23,25,7,19,4,,,4,6,58,49,84,67,21,95,66,46,34,75,59,59,40,18,8,7,103,59,36,30,36,55,,35,38,63,47,,26,51,24,26,,45,28,25,40,8,11,6,10,11,13,13,70,99,6,23,21,16,22,21,46,56,14,13,5,67,65,42,11,18,25,23,15,32,34,39,31,59,53,51,15,47,82,113,99,70,21,40,21,60
20160203,20,NO2_24h,60,12,65,76,72,70,74,42,28,53,63,56,,89,87,88,93,96,91,,,95,73,96,72,83,,71,78,58,82,75,72,37,72,75,58,79,66,79,49,64,56,76,59,113,115,119,108,107,97,95,99,96,147,17,26,27,36,18,46,52,48,35,24,75,78,67,89,102,96,89,77,72,76,122,96,102,101,38,,29,41,40,52,37,56,72,51,37,60,58,49,63,57,46,47,57,59,,59,87,54,77,80,,67,58,68,55,48,39,40,50,31,64,11,75,64,71,54,66,22,27,52,39,49,35,48,105,,107,96,84,49,94,51,67,67,48,71,76,64,61,66,53,60,56,75,88,99,70,86,58,45,80,77,46,80,95,82,81,84,80,86,49,52,48,42,62,58,23,28,60,77,97,60,84,64,48,67,66,26,21,77,39,91,,48,85,80,70,79,82,68,93,80,50,75,,42,67,68,35,60,56,68,61,50,55,65,24,41,56,37,57,65,36,54,62,56,65,15,68,39,67,76,71,68,54,29,63,60,51,56,,34,51,56,26,25,35,26,44,45,60,,44,,64,53,,27,33,21,26,16,23,37,29,22,34,16,20,24,18,17,126,79,91,92,,15,74,20,,17,13,19,24,22,20,22,8,25,25,49,28,21,20,31,55,15,51,43,14,54,44,93,66,,66,47,29,47,71,56,34,31,88,11,97,84,79,67,80,64,72,72,72,52,43,75,88,71,61,69,69,73,74,15,39,76,30,44,44,46,65,43,49,17,41,31,,17,24,34,13,41,8,31,17,33,40,37,40,20,17,46,14,21,16,19,27,46,22,32,22,28,19,33,34,14,25,9,32,24,21,29,20,31,19,,21,17,17,14,18,16,13,16,18,9,24,20,12,,34,38,60,27,23,27,34,39,7,11,12,15,6,18,57,47,53,48,47,33,45,50,61,56,37,68,63,45,53,64,39,43,50,42,47,,56,34,21,34,27,16,25,43,38,22,36,24,24,7,14,28,46,39,8,47,40,8,,24,82,94,92,88,45,70,100,73,60,71,41,91,52,76,65,26,66,53,58,43,38,13,26,60,43,50,55,62,,100,73,101,116,92,55,58,45,65,58,,45,45,34,39,37,9,20,52,36,43,51,53,31,61,61,47,36,17,23,44,58,64,59,50,42,43,50,56,71,61,35,44,71,89,57,22,25,22,12,76,75,94,81,81,69,47,,73,69,46,,64,58,42,45,69,89,74,,69,62,60,50,52,47,34,50,63,,41,50,57,54,,76,,65,58,50,32,89,,95,70,73,,43,36,50,76,77,66,,19,11,13,10,18,16,20,17,13,14,20,19,17,10,14,7,16,19,20,20,10,22,13,27,10,12,10,19,17,14,23,28,28,16,25,18,12,12,15,10,16,20,16,16,17,18,17,24,20,39,31,35,24,51,39,25,34,41,70,47,,94,62,26,61,40,65,15,29,74,27,77,54,37,16,35,21,14,60,58,70,77,92,66,71,34,71,64,55,61,47,71,69,61,63,79,74,44,53,75,54,56,73,57,42,52,46,39,,12,36,56,42,33,29,36,51,43,70,22,27,34,27,37,42,43,75,45,54,53,57,49,56,28,43,49,49,18,26,33,18,7,77,64,74,81,51,18,44,66,85,59,79,75,52,38,53,51,70,60,61,40,61,65,56,55,69,55,58,41,38,48,43,22,38,59,72,36,14,36,41,23,44,21,46,19,28,39,2,39,32,14,11,14,36,18,31,15,16,12,18,14,28,16,28,29,21,11,10,27,45,34,42,33,33,44,42,36,20,46,38,35,32,35,30,40,46,18,31,38,76,15,26,36,14,19,19,25,52,31,22,33,17,22,,27,22,15,66,86,90,96,43,65,45,38,31,48,41,77,35,43,69,65,66,60,67,72,43,64,66,55,19,8,23,35,,27,63,54,25,38,14,8,49,31,44,42,26,76,60,31,32,83,73,54,80,137,56,81,59,85,54,53,56,59,19,71,60,24,29,39,47,24,41,51,68,43,57,57,,31,54,78,76,56,55,31,28,68,89,72,54,42,77,60,40,33,,18,28,56,40,29,27,32,,,54,53,42,35,20,43,48,44,42,31,24,31,33,41,67,63,59,53,56,43,55,56,62,34,49,27,,21,29,81,60,,65,135,42,20,17,25,,17,56,48,10,23,31,18,28,21,33,61,35,32,63,22,10,6,10,18,23,31,10,35,46,30,42,32,46,61,50,62,56,47,46,53,36,25,31,34,60,49,50,41,43,62,69,46,50,30,17,19,12,42,66,23,18,67,55,19,25,37,40,,20,25,37,16,53,37,23,41,50,27,45,12,21,50,14,43,27,18,56,46,42,15,33,54,26,50,59,44,,16,56,47,53,39,88,61,52,43,38,38,50,37,36,58,17,80,66,43,24,19,37,84,73,40,,27,63,39,22,33,,26,15,56,31,28,49,29,51,35,61,27,,23,18,8,12,15,13,12,2,13,11,13,9,15,16,17,15,13,21,5,9,13,15,16,6,21,29,19,15,7,21,28,24,35,16,30,13,27,27,7,12,27,17,24,22,29,23,27,22,34,24,38,31,,31,27,23,35,12,22,40,20,98,69,74,31,86,68,60,45,93,49,46,56,50,49,50,60,45,48,55,,36,38,53,29,19,37,31,49,42,49,39,22,30,36,46,8,32,31,34,27,38,35,29,44,33,50,52,45,52,27,75,56,41,44,16,17,20,19,51,23,22,23,20,37,30,51,33,43,42,12,25,23,29,29,54,61,43,53,60,16,16,30,18,23,15,17,29,14,20,20,18,30,26,22,20,56,9,18,31,12,39,35,13,12,16,18,24,11,12,20,16,,12,11,24,19,10,24,25,10,21,15,34,14,32,35,29,32,15,15,62,62,56,69,7,28,21,40,19,18,28,33,33,50,38,38,10,30,23,32,12,35,36,,20,22,52,46,55,64,7,40,37,18,11,35,45,36,13,14,27,20,21,9,14,16,24,,11,26,35,34,54,16,19,24,25,44,31,20,24,21,23,13,33,21,12,16,36,,21,56,21,20,23,2,2,11,14,18,18,17,10,15,7,6,7,8,9,,18,6,10,25,,8,10,4,19,17,17,15,21,10,4,18,30,,,4,7,34,50,65,46,40,69,67,62,23,37,39,35,33,33,18,7,49,51,34,40,42,37,,48,36,52,22,,32,42,38,30,,44,33,31,40,19,11,16,15,12,6,31,59,90,16,23,30,24,35,39,53,49,15,15,4,73,100,33,12,27,30,13,46,46,46,39,20,58,50,35,19,14,39,71,66,64,25,24,45,40
20160203,20,O3,15,90,6,7,14,2,5,7,27,71,27,42,,5,3,18,9,7,6,,,4,3,5,5,61,,2,18,9,2,21,23,68,16,6,19,17,20,9,24,13,10,10,25,11,39,51,72,13,21,7,19,4,7,68,65,62,66,43,18,9,68,37,83,13,22,47,18,12,11,8,8,40,14,2,7,12,25,1,,4,7,5,4,4,5,4,45,47,47,54,17,17,42,22,54,25,44,,54,22,38,32,23,,50,15,11,8,7,28,22,28,58,26,124,29,44,14,29,32,77,87,16,62,76,38,50,63,,26,33,49,31,54,53,22,45,60,55,47,79,57,56,49,60,41,6,61,53,79,19,20,45,44,80,40,4,10,2,5,4,32,8,68,76,54,66,54,28,75,66,58,35,34,31,63,43,65,46,12,17,37,56,85,12,,58,7,6,39,30,12,29,58,14,63,50,,33,54,58,41,47,28,46,89,18,48,78,32,41,22,61,34,95,85,65,72,87,18,109,100,45,36,31,43,92,90,44,10,56,71,51,,96,63,39,79,92,112,87,85,63,50,,69,,91,131,,98,95,90,74,81,72,34,54,71,,121,73,75,90,53,4,6,4,47,,11,29,14,,55,66,37,13,22,23,17,63,19,48,38,102,58,73,63,24,50,42,42,89,47,71,12,10,,8,70,51,44,72,9,22,87,13,14,21,93,25,92,64,70,89,89,32,15,66,3,12,8,52,27,9,14,11,88,39,48,44,48,15,52,42,18,21,63,11,18,,36,36,23,49,9,48,33,53,28,14,11,17,60,37,46,56,60,54,36,39,16,36,30,33,17,22,8,4,42,43,46,16,22,15,14,28,12,25,,29,24,30,31,20,38,25,38,31,40,74,45,45,,55,35,18,51,62,52,61,38,66,69,68,53,69,61,7,2,17,4,24,30,13,10,33,20,2,6,27,4,14,12,18,20,34,21,13,,17,58,77,72,71,144,78,48,71,97,48,65,84,85,67,62,57,63,101,70,100,91,,96,29,17,14,30,24,34,23,58,20,11,26,9,9,35,44,76,56,44,42,32,50,59,52,38,38,54,57,57,,2,27,11,9,28,13,16,21,27,22,,8,7,26,21,13,86,39,7,24,68,56,52,63,49,62,123,73,66,85,81,29,16,26,52,13,53,49,15,10,8,49,14,26,49,12,44,22,14,40,6,11,3,30,19,61,31,,45,11,49,,44,9,25,34,12,14,19,,7,17,20,43,58,41,61,8,16,,41,8,4,22,,11,,30,84,61,72,30,,10,12,47,,65,80,22,14,26,22,,49,48,59,64,60,74,88,90,87,92,77,62,66,65,84,45,70,30,37,32,34,9,9,3,86,74,65,24,30,32,48,32,38,59,45,54,96,94,62,54,51,58,78,16,9,29,65,31,42,77,103,118,78,38,44,23,46,39,38,18,,25,16,14,10,11,47,14,12,2,7,21,13,12,34,25,32,64,29,12,10,11,9,4,12,33,13,45,10,29,14,41,18,17,28,13,16,54,17,26,41,18,27,75,49,81,59,88,,102,8,5,9,10,15,18,2,38,37,86,71,39,63,27,55,25,60,72,44,5,55,88,18,32,8,7,32,21,26,47,58,90,42,15,59,14,13,47,46,45,21,36,33,26,27,60,73,50,30,36,14,53,8,47,32,99,7,12,20,31,103,63,58,85,72,101,64,115,80,76,71,73,96,92,84,69,52,51,17,30,36,43,,65,63,75,64,34,47,62,49,64,69,77,65,45,49,85,82,21,13,14,15,17,5,7,18,11,23,73,70,8,45,10,10,6,7,41,12,11,31,48,28,15,10,8,11,13,14,14,17,52,59,66,,55,78,60,31,34,25,30,42,19,69,68,63,7,22,8,103,36,7,11,33,22,22,7,19,27,38,31,64,86,53,55,,63,73,44,70,92,92,38,65,37,37,43,62,11,23,80,74,4,52,80,33,41,19,33,48,20,34,42,80,3,24,28,6,9,42,53,35,26,8,76,4,60,18,44,,35,,26,41,50,25,31,10,50,33,47,90,159,55,65,66,81,,54,101,70,40,63,62,107,,,35,26,20,82,79,86,75,41,85,21,72,45,42,50,67,83,76,96,62,38,64,70,34,16,45,2,,7,4,,18,,41,8,17,19,19,6,,17,63,20,72,59,58,95,43,41,42,42,19,68,36,77,77,89,85,70,61,74,84,25,30,39,34,49,18,15,50,37,56,4,20,73,59,57,11,30,65,25,30,53,70,3,8,48,10,25,55,55,61,31,10,39,40,33,35,39,67,73,26,,55,64,79,115,9,6,32,110,70,124,84,111,69,25,108,10,46,42,59,72,1,18,28,15,58,107,60,79,,65,36,88,21,42,21,68,37,59,14,39,24,88,93,33,17,13,18,67,35,14,16,16,44,20,,33,25,19,45,21,,80,14,159,39,25,,21,125,72,73,34,,61,53,48,28,29,27,29,77,24,39,23,30,27,23,23,23,31,30,34,25,9,64,43,59,62,39,96,29,90,74,60,79,67,76,74,85,59,51,49,45,46,55,39,41,74,58,44,79,70,67,68,78,,43,53,43,52,79,105,97,82,20,21,32,48,2,17,2,47,62,71,49,19,9,65,35,58,65,91,21,,22,28,58,74,73,59,25,49,93,38,40,52,5,24,65,118,57,83,109,69,25,49,19,56,64,64,79,81,57,99,9,8,43,96,70,82,64,82,18,59,60,38,23,54,50,25,52,49,43,67,50,72,59,62,84,41,57,43,43,35,57,25,46,16,74,78,45,89,79,64,61,50,58,62,97,78,86,87,73,24,7,12,49,29,29,30,36,55,39,50,61,,59,47,29,42,54,37,27,50,57,41,56,83,76,111,49,46,81,74,7,12,4,8,14,18,9,21,20,23,24,27,14,16,17,8,63,16,12,4,23,13,15,,2,11,24,11,15,36,37,6,86,11,69,28,19,9,32,28,23,21,27,46,46,66,26,,92,65,75,62,67,62,11,6,78,138,44,45,46,36,53,51,16,23,23,38,66,,77,149,99,49,82,82,41,110,52,55,61,112,67,73,54,59,57,44,47,33,65,80,65,76,,68,11,55,44,46,79,71,88,73,79,24,43,,,82,74,21,21,13,11,64,16,29,56,38,16,21,44,56,28,65,30,5,36,40,51,57,49,,82,68,47,38,,54,49,61,47,,16,67,84,39,104,83,97,79,12,5,59,34,35,27,69,43,36,32,77,46,50,29,25,94,32,98,65,18,67,90,63,79,39,41,40,52,59,63,,89,54,9,6,5,57,43,24,79,30
20160203,20,O3_24h,54,90,56,57,58,48,59,72,47,71,74,74,,66,61,110,87,82,85,,,69,42,77,47,97,,64,75,79,68,62,66,88,87,87,86,92,98,80,40,83,20,73,41,76,124,82,143,84,81,84,59,92,64,97,96,95,100,84,88,90,88,85,96,70,71,77,64,93,85,88,102,111,87,32,37,28,38,35,,38,48,43,35,30,50,55,78,67,72,56,34,63,59,85,84,85,76,,92,71,81,68,66,,103,82,79,79,68,83,93,79,76,66,128,82,84,48,81,78,102,119,59,93,109,51,78,63,,48,38,88,62,73,82,49,75,84,74,63,104,115,80,103,83,84,113,97,140,135,142,127,120,116,117,101,101,135,76,98,97,114,112,131,128,109,132,93,144,148,101,150,163,110,91,81,64,124,119,109,109,124,139,118,111,,143,111,110,147,75,80,110,131,99,116,115,,95,109,144,115,133,135,142,174,84,130,142,128,130,122,128,126,156,151,93,124,125,94,137,107,102,71,94,95,136,123,117,141,135,139,132,,149,130,127,93,92,112,90,106,103,65,,152,,136,144,,140,148,154,129,151,105,90,119,128,123,143,99,111,158,100,114,82,57,84,,93,108,123,,118,73,78,72,36,62,86,64,26,60,90,136,114,140,121,82,129,119,127,102,104,107,82,124,,109,111,103,102,81,59,125,123,79,67,95,115,26,104,70,85,107,96,35,135,128,105,99,89,149,99,105,117,82,227,63,87,92,78,69,76,74,57,77,86,59,60,,60,55,56,70,62,65,69,158,53,45,56,48,85,53,62,90,69,64,63,62,50,49,56,58,62,52,46,45,51,59,66,35,43,40,37,37,45,50,,62,44,59,56,54,57,54,59,44,50,91,60,59,,68,56,31,68,79,75,81,71,69,86,80,60,69,83,17,11,27,16,37,49,16,29,36,24,45,17,36,26,22,16,64,50,44,42,59,,56,78,77,72,71,144,117,51,71,97,48,87,100,99,106,98,96,81,107,107,110,104,,114,70,46,58,44,56,97,79,91,50,45,93,50,90,66,91,88,69,69,79,78,72,111,60,72,79,148,99,91,,4,31,45,19,69,23,44,39,50,69,,55,90,104,77,71,107,100,40,42,80,72,84,73,75,87,174,86,72,104,98,68,72,73,72,53,129,82,101,88,98,100,39,65,102,78,55,45,17,52,41,63,24,99,101,145,117,,99,97,100,,67,33,40,63,125,108,92,,47,91,89,110,115,122,162,81,80,,66,79,76,103,,100,,84,188,99,110,95,,126,116,113,,78,91,84,74,93,109,,87,86,89,93,89,88,100,97,91,99,79,72,77,88,100,50,81,62,68,61,62,26,36,23,86,81,78,58,56,58,54,42,49,68,64,78,105,100,66,66,71,63,85,33,13,43,87,45,65,104,139,193,96,79,68,90,52,71,90,101,,106,109,71,63,83,101,73,42,62,68,93,93,59,44,34,38,139,54,67,40,47,51,37,68,91,72,65,83,50,79,78,69,52,43,33,77,120,91,92,104,101,90,110,99,118,112,130,,145,82,45,53,70,70,76,71,88,69,159,94,78,83,34,94,128,98,113,66,119,105,119,55,49,79,36,69,54,106,93,112,90,87,34,101,87,90,68,87,89,74,89,45,47,73,119,141,99,81,112,91,89,117,117,117,123,77,60,71,97,130,115,81,99,96,135,99,123,104,101,90,120,118,122,117,107,69,68,19,53,69,77,,72,122,305,110,48,57,79,63,93,102,97,76,105,98,101,103,56,39,24,44,30,26,32,50,45,44,104,94,83,129,57,47,45,29,41,44,19,44,72,56,37,29,16,21,24,18,28,32,60,81,69,,74,110,79,72,104,89,51,120,104,138,127,154,109,104,95,112,62,61,49,90,98,87,99,73,32,81,88,79,94,75,73,,102,79,62,80,112,92,47,65,49,60,64,77,87,66,112,89,59,71,172,133,122,160,103,78,104,114,97,88,37,109,110,80,61,88,114,83,83,95,108,63,67,96,112,,112,,87,84,115,80,42,54,173,165,226,123,192,95,96,103,105,,96,126,127,68,107,131,145,,,50,47,89,124,215,128,108,75,116,29,116,63,54,70,70,90,88,106,65,41,84,91,76,72,91,22,,42,54,50,36,,146,39,91,124,133,58,,37,93,72,79,83,75,106,69,76,74,79,53,105,50,83,89,206,96,97,75,104,95,49,87,50,58,73,63,76,96,85,120,68,68,112,65,66,49,40,83,57,65,67,90,85,94,101,66,76,66,74,86,107,54,88,97,78,91,115,81,104,85,,68,78,83,129,64,90,65,120,125,129,141,118,104,90,128,43,64,65,78,84,53,68,117,21,109,147,139,153,,104,66,112,87,95,91,117,167,66,35,91,29,123,121,53,23,21,54,179,73,177,39,58,81,60,,56,143,39,164,25,,112,26,159,78,95,,36,136,81,88,59,,69,74,54,42,41,46,45,78,62,74,37,52,58,54,51,60,67,60,105,69,113,136,100,89,119,121,138,57,118,89,94,131,110,140,110,149,130,122,70,72,72,82,72,62,124,97,72,97,93,83,100,100,,73,79,79,76,97,132,132,114,66,64,82,81,70,90,48,93,114,99,102,98,52,128,114,137,124,161,129,,114,129,147,114,122,109,126,121,123,85,92,125,134,45,96,134,76,86,127,116,58,93,82,138,126,90,125,127,63,116,104,83,110,138,100,125,105,123,109,63,204,62,37,89,83,67,89,77,70,95,79,103,94,92,102,82,101,79,79,51,57,60,69,33,108,108,75,113,106,83,76,67,80,66,117,109,125,118,102,79,31,55,73,133,54,57,65,65,51,63,76,,72,62,35,72,65,79,58,65,72,57,57,97,81,119,88,73,99,85,11,12,10,38,27,28,12,25,45,46,43,35,60,53,50,49,86,56,55,77,64,48,54,,26,55,44,26,87,82,42,20,124,20,69,41,27,39,51,49,39,48,47,52,79,81,39,,143,110,116,122,118,185,39,17,113,258,77,69,71,57,81,84,36,44,35,69,68,,88,166,110,63,90,84,56,111,82,102,79,124,96,101,62,71,67,63,55,46,97,89,70,106,,89,87,79,57,84,95,80,115,114,292,28,47,,,86,78,50,32,37,41,85,90,73,99,64,66,75,98,94,31,68,133,64,67,67,71,75,86,,110,84,68,69,,66,54,61,76,,28,81,91,62,118,105,97,101,30,5,89,66,74,49,88,58,41,35,82,46,114,41,34,120,47,119,81,26,74,96,71,83,46,48,73,82,72,75,114,91,94,65,61,58,102,50,36,96,62
20160203,20,O3_8h,41,87,36,41,38,30,33,47,36,52,44,50,,42,38,74,62,54,53,,,39,27,48,30,82,,40,51,49,37,44,51,70,64,59,63,65,70,56,35,52,12,44,34,38,77,50,100,48,51,51,37,56,38,85,80,80,85,71,56,52,75,72,87,52,47,58,47,60,56,58,68,87,59,16,22,19,30,19,,18,29,28,21,17,25,34,62,48,49,44,26,45,50,60,65,60,56,,70,50,64,48,45,,81,57,51,59,41,68,67,55,63,47,114,57,66,31,61,59,90,104,43,81,94,45,60,21,,34,27,67,47,57,70,40,53,62,58,51,89,92,55,84,75,70,78,84,114,112,103,97,91,92,101,75,62,78,46,66,59,80,73,88,101,91,89,78,107,114,85,114,88,73,71,73,56,97,99,61,82,97,116,97,78,,107,71,75,100,56,56,84,100,74,95,90,,76,90,114,92,105,94,108,148,63,114,122,99,101,85,102,94,131,129,82,102,106,67,128,90,79,54,71,77,116,100,92,103,104,115,108,,125,106,101,77,85,99,85,95,92,60,,126,,114,126,,125,124,128,116,113,96,72,95,110,113,132,89,94,106,88,72,54,39,73,,60,88,90,,95,46,43,35,30,36,44,60,22,56,70,126,97,124,107,64,105,101,100,94,71,82,54,87,,71,92,79,66,68,42,71,105,57,29,62,84,18,58,54,67,85,80,25,84,111,68,71,62,116,81,78,85,53,96,52,53,69,64,49,62,49,40,54,67,27,34,,32,48,35,63,30,58,55,63,37,28,27,38,61,44,56,79,65,57,53,52,40,42,46,47,48,40,19,19,47,50,58,24,33,29,27,31,29,36,,50,36,48,46,43,49,43,50,38,46,78,50,54,,61,46,25,60,72,66,69,56,59,74,73,55,64,46,8,6,19,11,32,36,13,15,28,20,28,10,19,12,16,12,18,33,28,24,15,,21,44,68,62,61,132,92,44,59,86,42,79,95,92,94,86,84,73,95,92,100,89,,96,52,30,32,39,43,72,49,68,39,34,65,37,53,48,57,65,53,53,63,42,62,92,54,52,59,101,72,78,,3,25,26,16,42,20,35,30,36,42,,41,60,77,60,54,98,77,25,34,69,60,70,60,60,76,148,80,68,97,88,40,47,43,53,36,104,62,73,54,61,81,32,54,81,48,45,31,15,45,30,48,16,66,74,116,91,,80,70,78,,54,25,34,52,84,79,64,,31,70,66,88,93,85,104,61,51,,47,57,50,71,,66,,57,102,85,100,67,,83,73,83,,71,84,61,52,66,84,,69,74,76,83,77,71,85,85,77,80,67,62,70,71,82,41,74,50,57,52,53,15,26,14,75,74,70,46,41,44,50,37,43,62,54,68,87,82,52,57,57,55,75,27,12,38,78,39,58,94,124,165,89,64,55,70,47,53,68,67,,78,71,46,40,55,80,48,29,38,48,70,64,43,40,27,35,85,42,39,24,24,29,22,38,62,39,38,42,28,49,54,35,37,31,23,31,83,62,56,75,64,57,93,69,96,84,106,,130,53,27,28,48,39,42,36,56,49,117,82,53,72,31,71,87,90,98,47,82,89,106,40,41,59,26,60,39,87,77,99,84,69,25,69,53,55,52,63,68,47,62,38,32,53,98,116,77,49,70,53,68,83,99,92,109,45,44,48,72,114,94,74,89,86,124,87,114,92,86,82,106,110,104,106,97,62,60,18,38,54,70,,69,97,164,90,41,50,72,57,84,91,91,70,84,82,91,95,34,14,18,31,19,10,7,21,18,25,87,73,57,92,19,13,8,9,27,19,15,38,56,44,27,18,10,16,19,16,18,25,51,58,65,,66,95,69,52,60,62,40,90,79,114,111,122,62,71,60,103,50,40,32,69,75,59,63,54,29,52,59,73,90,67,56,,86,64,41,66,101,81,38,45,42,49,54,67,56,48,95,78,39,60,108,88,89,109,76,64,74,84,75,84,23,77,77,45,44,69,92,61,60,66,92,46,63,71,92,,82,,58,62,92,62,39,30,94,95,119,107,175,74,78,87,93,,78,108,103,58,93,108,126,,,35,32,64,108,120,109,94,65,104,27,102,53,46,61,64,80,81,93,62,38,69,76,58,53,68,12,,27,34,40,29,,103,29,60,88,87,40,,30,82,57,74,74,66,101,48,58,62,62,38,82,42,70,77,89,90,69,70,92,89,40,70,46,50,64,37,40,64,56,84,38,43,90,55,58,34,36,73,44,49,59,81,50,51,87,43,57,60,64,73,75,28,59,68,47,59,100,63,84,54,,55,63,70,125,24,43,49,110,93,123,98,114,56,48,116,26,55,53,67,76,31,53,88,18,72,136,113,128,,88,56,92,65,79,71,102,128,64,25,68,26,111,110,42,19,16,31,74,58,67,27,40,65,48,,49,108,31,40,22,,90,21,100,66,33,,26,123,76,80,44,,42,52,48,37,36,30,39,69,49,62,32,42,46,41,41,45,48,46,74,56,85,89,81,72,93,96,118,48,97,81,84,110,99,119,99,130,109,100,59,54,55,60,52,52,104,81,59,89,82,76,88,92,,59,65,64,63,88,122,115,100,44,48,66,58,38,63,30,77,94,89,82,76,40,108,88,113,106,131,101,,88,98,121,99,103,86,96,97,109,70,75,97,81,38,83,123,63,79,115,90,43,74,61,110,104,77,109,112,58,104,75,64,92,121,90,106,93,111,88,60,105,44,30,74,68,50,72,62,55,84,69,92,79,76,89,59,78,65,63,47,40,34,54,22,93,94,59,102,95,72,65,52,66,64,109,96,113,98,92,46,17,29,63,51,45,49,55,62,33,58,70,,61,56,32,55,58,60,47,60,67,50,56,92,78,116,76,65,88,79,8,11,7,8,23,23,10,24,24,24,24,21,23,22,26,17,60,24,18,25,32,22,20,,9,23,30,18,46,51,30,13,81,16,58,29,20,24,30,39,31,24,37,49,68,73,32,,122,88,96,100,97,78,18,14,90,145,57,52,54,48,58,69,19,24,27,44,59,,82,157,106,55,82,83,45,107,73,90,73,121,84,90,57,66,59,47,51,39,88,84,68,92,,64,50,57,47,74,86,70,99,103,115,25,44,,,84,75,37,24,24,32,77,68,56,80,38,52,54,79,83,24,54,33,28,40,59,60,68,73,,91,74,58,46,,58,45,47,41,,23,70,83,54,109,95,84,92,21,4,77,48,57,32,80,52,38,33,78,37,97,34,30,107,35,104,60,21,67,91,61,69,38,38,60,66,46,44,81,84,74,50,41,40,78,44,31,81,41
20160203,20,O3_8h_24h,41,87,38,41,44,30,34,53,38,52,47,50,,48,45,83,72,63,60,,,47,35,54,37,84,,46,61,52,42,46,52,86,69,68,68,73,79,62,35,58,23,49,35,38,77,50,100,57,56,58,49,66,42,85,80,80,85,74,64,62,75,73,87,57,54,59,49,67,61,65,77,90,64,45,41,31,49,24,,28,31,29,24,19,34,38,63,48,49,44,30,51,50,67,65,63,57,,70,50,67,48,47,,83,68,64,70,57,76,83,64,69,50,127,64,72,39,68,66,94,109,49,84,98,46,62,30,,37,28,69,51,59,82,42,61,71,64,64,95,99,64,95,78,76,95,85,119,114,112,107,114,97,101,86,78,94,60,84,73,94,82,91,102,95,104,82,112,117,86,125,107,90,79,76,58,102,107,79,94,107,123,98,92,,109,86,90,108,59,64,89,102,81,98,93,,85,97,125,100,112,109,119,153,72,121,125,107,110,98,107,106,136,134,84,104,106,71,130,90,84,56,73,82,116,104,102,119,108,122,114,,125,110,108,77,85,99,85,95,92,64,,130,,114,126,,126,126,130,123,119,98,77,99,113,113,133,106,95,106,92,88,65,46,76,,74,95,105,,98,69,74,65,34,58,82,60,22,57,74,127,102,128,110,68,114,108,109,94,83,91,65,107,,89,94,86,72,70,53,81,108,64,37,69,84,39,70,56,67,96,80,25,99,114,80,78,72,131,86,85,96,59,100,66,101,75,91,62,90,85,66,82,91,45,51,,53,59,55,68,50,67,61,72,47,39,49,40,81,46,57,81,65,64,55,58,43,43,48,56,60,48,40,38,47,53,61,30,39,35,33,37,40,47,,53,40,53,49,48,53,52,56,41,46,78,50,54,,61,58,25,60,72,67,69,56,59,74,73,55,64,71,32,15,33,33,39,45,22,46,28,37,38,17,19,14,40,48,54,69,75,66,66,,71,78,68,69,67,132,106,48,60,91,44,79,95,92,95,86,84,73,95,92,100,93,,96,53,62,51,39,49,75,78,68,40,35,74,38,54,48,63,96,62,53,63,42,65,92,59,52,63,103,88,86,,5,25,26,16,42,20,71,44,71,64,,44,68,83,63,58,104,80,30,59,69,60,70,60,60,76,153,81,68,97,89,57,72,60,72,40,110,62,76,68,76,89,34,68,100,57,50,40,26,48,33,53,20,70,80,122,96,,81,75,82,,55,27,35,54,95,90,72,,37,81,75,97,101,97,120,69,64,,50,66,64,81,,75,,62,115,87,101,71,,89,84,85,,72,85,69,60,78,97,,78,80,82,88,82,71,85,85,77,80,67,62,70,71,82,41,74,52,58,53,53,26,35,21,75,74,70,56,54,54,51,40,45,64,58,71,87,82,52,57,57,55,75,28,12,38,78,39,58,95,126,170,89,64,55,74,47,53,68,70,,82,74,48,43,57,80,49,30,44,56,73,68,46,41,28,35,97,43,57,34,39,41,32,53,77,43,42,64,33,62,56,37,37,32,24,34,84,74,72,79,68,59,96,88,100,94,113,,136,66,33,46,59,68,52,47,57,53,127,83,57,81,32,71,103,92,104,47,95,91,107,44,41,64,30,61,42,94,80,103,87,69,26,69,56,58,52,66,68,47,62,38,32,54,101,121,80,51,72,58,75,90,100,94,109,49,47,55,72,114,95,74,89,87,125,90,114,92,86,82,108,110,104,106,97,62,65,19,70,89,75,,69,100,226,92,48,50,78,60,88,95,92,76,92,92,91,95,76,59,36,48,36,28,35,55,51,58,87,73,59,93,83,64,59,43,61,22,16,39,89,124,82,67,12,17,21,17,31,28,56,74,71,,68,95,69,52,74,62,40,95,86,115,114,124,68,72,62,114,58,78,55,87,78,94,98,58,29,54,60,73,91,72,72,,88,64,72,73,101,85,40,74,43,49,54,67,63,57,98,79,42,60,112,96,101,130,76,64,79,92,85,84,24,88,82,52,49,77,97,64,61,71,93,55,64,82,104,,92,,69,83,96,62,39,54,102,106,129,107,175,75,78,88,95,,86,113,110,59,95,113,126,,,46,37,70,111,123,111,94,68,104,27,102,54,46,61,64,80,81,93,62,38,69,76,59,56,70,12,,28,35,45,33,,103,32,62,91,91,43,,31,82,60,79,76,67,101,66,74,63,62,39,82,42,80,85,104,93,84,71,95,90,42,71,46,50,64,55,48,78,62,90,46,51,90,56,58,38,37,73,48,54,60,83,53,57,90,47,69,61,68,78,77,49,67,82,56,71,109,79,84,55,,58,76,77,125,57,67,55,110,102,123,114,114,56,49,118,41,65,61,68,80,44,63,102,20,72,138,122,132,,90,62,95,73,95,76,107,144,64,28,73,26,112,110,42,20,18,32,144,62,113,28,45,70,51,,51,121,32,143,23,,91,22,100,69,51,,29,123,77,81,55,,61,72,49,51,49,46,45,76,59,69,35,44,48,46,44,60,64,60,94,59,94,102,85,72,93,99,118,48,97,81,85,112,100,119,102,134,115,105,76,76,72,81,78,59,116,92,65,89,82,76,88,92,,59,65,65,63,88,122,116,100,48,49,66,58,42,65,32,80,96,89,86,82,43,110,96,117,107,133,114,,98,110,128,103,111,97,112,97,109,80,79,104,104,40,84,123,63,79,115,90,47,76,70,114,107,79,111,114,60,104,84,70,96,122,90,110,94,113,96,60,105,44,30,76,70,50,72,62,55,90,78,102,89,91,120,80,107,76,84,65,48,57,65,31,105,110,75,113,107,90,81,91,95,93,119,118,176,124,108,54,58,88,68,81,51,54,62,63,48,59,70,,72,56,32,69,60,65,51,60,67,52,56,92,78,116,80,67,88,79,20,19,21,22,26,36,14,40,65,66,55,58,44,41,38,37,106,67,66,62,70,54,58,,32,46,33,20,55,56,40,15,110,17,58,29,20,25,66,68,63,65,70,53,68,76,32,,122,88,96,100,97,114,25,15,91,214,68,62,61,53,96,93,38,48,34,66,64,,100,157,106,67,86,83,47,107,76,92,73,121,84,90,57,66,59,64,70,39,88,84,68,92,,64,51,79,54,76,86,70,99,107,115,25,44,,,84,76,51,43,53,40,78,71,59,80,67,72,75,81,86,29,60,48,55,58,65,66,86,98,,91,86,66,60,,64,66,57,78,,28,91,83,58,109,95,84,98,24,4,77,48,57,37,81,52,41,36,87,42,107,37,38,109,35,104,83,22,67,91,62,69,40,45,60,66,47,54,81,84,92,55,46,46,78,44,32,81,53
20160203,20,CO,1.4,0.3,1.9,1.5,1.4,1.7,1.2,1.7,0.7,0.5,1.2,1.2,,3.938,3.826,2.958,2.816,3.057,3.895,,,2.758,1.961,2.643,1.298,1.432,,2.875,3.277,2.258,2.87,3.004,2.452,2.558,1.144,2.626,1.205,1.142,1.528,1.408,1.485,2.818,1.911,1.382,1.067,4.616,3.13,1.542,4.261,3.967,2.213,4.152,2.607,4.058,3.502,0.673,0.564,0.264,0.504,0.842,1.01,1.412,1.001,0.855,0.508,2.07,1.889,1.604,2.082,5.529,11.632,5.346,4.151,2.408,4.53,6.251,6.557,4.194,6.56,2.429,,2.165,2.237,2.931,4.545,3.446,3.867,2.962,0.969,0.92,0.533,0.668,1.251,1.489,0.584,1.533,0.493,0.362,0.85,,0.756,0.512,0.538,0.565,0.742,,0.782,1.338,1.903,3.253,3.098,1.903,2.869,1.642,1.329,1.421,0.64,0.932,0.721,0.767,0.602,0.669,0.59,1.058,0.785,0.479,0.585,1.855,0.789,1.307,,1.885,0.986,0.504,0.467,1.249,2.851,1.664,0.509,0.848,0.563,0.473,0.25,1.293,0.533,0.44,0.951,0.414,2.146,1.332,1.812,1.605,1.742,1.44,1.784,1.057,1.03,1.152,1.356,1.537,1.648,1.45,1.24,1.021,1.622,0.421,0.818,0.69,0.535,0.45,2.825,1.547,1.327,2.315,1.698,1.916,1.768,2.393,1.6,1.495,1.668,1.282,1.236,1.402,1.731,1.041,2.152,,1.982,2.983,1.613,2.035,1.709,2.06,1.431,1.62,1.75,1.231,2.004,,1.109,0.906,1.496,2.335,1.906,2.654,1.441,1.355,2.014,1.88,1.959,1.838,1.782,1.821,1.492,1.411,2.162,1.883,2.065,2.473,1.01,1.124,0.622,1.248,1.534,1.452,1.36,1.244,1.648,1.176,1.139,1.394,0.903,0.752,1.089,,0.727,0.951,0.968,1.358,1.284,1.092,1.12,1.148,1.191,1.646,,1.586,,1.382,1.581,,0.711,0.242,0.773,0.872,0.372,0.603,1.317,1.153,0.863,1.307,1.013,1.016,0.772,0.672,0.676,1.828,1.908,1.74,1.166,,1.585,3.137,2.291,,1.488,0.452,0.942,0.841,0.746,1,1.037,0.533,0.786,0.752,0.925,0.577,0.953,0.89,1.393,1.267,0.942,1.225,1.247,0.857,1.881,1.081,1.605,1.357,,1.501,1.513,2.172,1.504,1.567,2.066,2.647,1.969,2.477,1.641,2.898,1.591,1.591,1.186,1.216,1.322,1.11,1.295,1.506,2.15,0.826,1.378,1.357,1.538,1.39,1.09,2.38,1.547,2.246,0.366,0.939,1.802,0.877,1.395,1.227,1.24,1.688,1.183,1.689,1.287,0.808,0.804,,0.827,0.893,0.871,0.808,1.008,0.919,0.775,0.838,1.195,1.094,1.064,0.89,1.117,1.033,1.32,0.881,1.25,0.99,1.128,0.982,1.125,0.991,0.982,0.76,0.83,1.21,0.985,1.224,0.843,0.996,0.472,1.22,1.126,1.054,0.914,0.908,1.275,1.31,,1.004,1.086,1.091,0.951,1.018,1.158,1.122,0.951,1.194,0.866,0.979,1.347,1.088,,1.231,0.274,1.121,1.277,1.42,1.105,1.302,1.442,0.82,0.749,0.924,0.986,1.002,0.762,1.057,1.511,1.12,1.094,1.04,1.079,1.001,1.008,0.724,0.851,1.309,1.289,1.234,0.977,1.039,1.136,1.413,1.502,1.504,1.215,1.757,,1.984,1.106,0.434,1.088,0.685,0.56,0.777,1.05,1.084,0.71,0.675,0.423,0.191,0.932,1.316,0.838,0.674,0.934,0.69,0.67,0.333,0.339,,0.229,1.427,3.265,2.877,1.432,1.467,2.207,1.921,3.461,4.356,3.28,1.67,2.312,2.519,1.526,1.087,1.331,1.229,1.084,1.952,1.468,1.339,1.82,1.11,1.662,1.557,1.861,1.103,2.308,,3.441,2.48,2.746,4.648,1.738,1.93,2.531,1.6,2.543,2.068,,2.359,2.597,1.986,2.181,1.784,0.68,1.21,3.082,1.926,0.642,0.921,1.501,0.65,1.016,1.037,1.173,0.621,0.352,0.592,0.565,1.655,2.252,1.342,1.088,2.709,1.742,1.734,2.185,2.089,3.139,1.623,2.042,3.288,3.607,3.684,0.836,1.064,0.896,0.718,3.234,2.547,3.337,2.124,2.562,1.947,3.288,,2.794,3.834,2.101,,2.048,2.936,3.13,2.939,2.133,2.187,2.61,,2.434,2.209,1.914,1.193,1.162,1.466,1.697,1.364,1.347,,0.827,0.996,4.371,2.197,,1.911,,1.708,1.31,1.344,1.332,1.317,,2.953,2.654,1.855,,1.009,1.147,1.639,2.289,1.37,1.563,,1.552,1.376,0.889,0.932,1.413,1.057,0.914,0.763,0.854,0.81,0.974,1.572,1.226,1.188,1.033,1.275,0.668,1.108,1.185,1.395,1.081,1.203,1.683,1.405,1.169,1.219,1.218,1.252,1.167,1.177,0.951,1.35,1.115,0.974,1.374,0.884,0.952,0.8,0.985,1.132,1.102,0.916,0.819,1.806,,0.886,0.819,1.489,1.119,1.72,1.665,1.702,2.232,2.317,1.85,2.955,1.672,2.554,4.133,5.597,,2.367,7.129,4.762,9.578,2.46,4.682,3.576,4.252,2.301,1.802,1.813,2.789,1.358,0.47,1.022,0.268,0.143,0.478,3.111,3.881,3.718,5.351,4.84,3.397,2.467,3.484,3.126,1.99,0.849,2.41,2.248,2.064,2.455,1.848,3.505,2.431,3.162,3.147,5.708,3.267,2.492,3.456,1.386,1.026,0.999,1.298,0.91,,0.912,1.875,2.674,2.687,1.48,2.761,2.675,3.628,3.132,5.762,2.194,0.869,0.769,1.058,1.327,0.961,1.422,1.357,1.858,0.915,3.111,1.452,1.072,2.496,2.378,1.701,1.062,1.073,0.866,1.441,1.041,1.056,0.361,2.926,2.65,3.027,4.743,3.52,2.571,2.084,2.862,5.721,1.644,2.345,2.675,2.683,1.472,1.705,1.777,1.877,3.322,1.751,2.959,3.59,1.82,2.88,1.115,4.667,3.846,4.32,1.435,0.956,0.851,0.852,1.236,1.125,1.159,1.608,0.682,0.987,1.022,0.909,1.325,0.888,0.939,1.612,1.658,0.952,1.249,0.725,0.967,2.294,1.441,0.849,1.05,1.245,1.254,1.618,1.352,1.574,1.14,1.383,1.047,1.37,1.331,1.484,1.577,1.52,1.13,0.887,2.214,1.656,1.297,1.34,1.766,1.491,1.204,1.755,1.18,1.226,2.78,2.07,2.289,1.211,0.939,0.838,0.852,0.781,1.343,1.381,1.211,1.69,1.341,1.518,1.466,1.719,,2.004,1.351,1.567,1.574,1.619,0.917,0.25,0.885,,0.921,0.645,0.794,2.112,2.113,2.49,1.779,1.22,3.063,1.571,1.76,2.164,2.439,1.691,2.032,1.064,1.756,2.415,2.595,1.821,3.517,2.134,1.705,2.225,3.33,2.439,1.875,0.833,0.048,1.95,0.76,,1.251,1.271,0.625,0.467,1.663,2.385,1.995,4.176,1.413,1.657,1.395,2.013,3.766,1.905,1.098,0.998,2.894,1.095,1.676,2.358,1.965,2.155,3.087,0.964,3.116,1.782,2.489,2.47,5.444,3.598,1.974,3.272,1.492,1.087,1.344,1.243,1.915,3.134,1.107,1.479,0.729,0.816,0.638,,1.114,1.077,1.519,1.406,0.362,0.535,1.158,1.568,1.621,1.742,1.662,1.714,1.899,1.513,1.198,0.954,0.785,,0.741,1.178,1.187,1.096,1.337,1.421,1.331,,,0.348,0.859,2.125,1.541,0.892,1.043,1.312,1.611,1.086,1.122,1.879,0.742,0.695,0.848,1.336,1.07,1.75,0.886,0.771,1.193,1.006,0.782,1.381,1.077,1.053,3.365,,1.97,5.502,5.446,4.148,,4.19,3.984,5.081,2.856,4.233,3.953,,4.201,0.645,0.742,0.195,0.584,0.902,0.542,0.771,0.911,0.526,0.655,0.777,0.518,0.869,0.636,0.377,0.006,0.224,0.155,0.667,1.044,0.346,2.483,0.459,0.824,0.444,0.45,2.496,2.138,1.72,1.374,1.376,2.416,2.155,0.433,1.665,1.446,4.732,1.7,0.557,0.997,1.958,1.662,1.391,1.9,3.274,1.869,3.238,1.032,1.036,0.51,0.507,2.074,2.029,1.444,5.126,1.023,6.273,3.08,2.279,1.802,3.651,,1.751,1.033,0.971,0.699,,,0.659,1.242,1.954,1.13,1.115,0.891,2.575,1.442,0.728,1.836,0.584,0.742,1.161,0.789,3.107,1.105,1.196,1.901,1.893,1.31,0.912,1.049,,1.419,2.717,1.459,2.469,1.111,1.482,1.074,1.288,1.984,1.459,0.748,1.341,1.273,1.346,0.794,1.207,0.888,0.579,0.122,0.697,0.188,1.865,2.283,1.712,2.096,,0.893,2.016,1.848,2.005,0.309,,1.094,0.875,1.036,1.565,1.579,1.306,0.899,1.056,0.757,0.995,1.139,,0.632,,0.507,1.107,0.762,1.002,0.777,0.58,1.426,0.511,0.947,0.873,0.881,1.182,0.971,1.119,0.975,0.922,0.685,0.461,0.475,1.308,0.808,1.283,1.702,2.621,1.071,1.823,0.368,,1.765,0.918,1.376,0.662,0.904,0.83,0.959,0.85,1.419,1.41,1.438,0.863,1.233,0.652,0.521,0.693,0.797,1.044,1.249,0.648,0.933,1.023,,1.727,2.037,1.501,1.964,3.678,0.263,0.964,0.326,6.913,2.941,2.449,1.774,6.502,2.577,5.478,2.492,3.311,2.09,2.209,3.437,3.872,1.584,1.861,1.504,2.254,1.724,3.731,,3.211,1.985,1.475,0.76,0.744,0.989,2.032,1.342,1.16,1.551,1.25,2.317,1.988,1.339,1.485,1.582,1.255,1.348,1.074,1.58,1.723,1.008,1.165,2.174,1.686,1.776,1.154,0.845,0.576,0.746,5.139,2.428,2.269,1.012,0.879,0.839,1.085,0.716,2.571,1.428,2.23,0.085,0.714,0.908,1.544,1.333,1.326,1.336,1.409,1.219,1.326,1.168,1.189,1.079,1.151,2.105,0.982,2.046,1.445,1.676,,1.178,0.889,1.604,0.991,0.824,1.502,1.226,0.716,0.929,0.741,0.845,0.862,,1.321,2.004,2.408,0.364,2.089,0.069,1.177,0.839,0.762,0.71,1.475,0.708,1.681,0.89,1.013,1.839,1.306,,1.202,1.356,1.86,0.858,1.42,1.796,1.32,0.71,0.741,1.401,0.719,1.15,1.296,1.078,1.547,1.412,1.395,1.211,1.677,2.188,2.075,2.588,2.011,1.39,3.241,1.988,1.493,1.235,1.626,0.956,1.679,1.725,1.59,1.467,1.146,1.55,1.274,1.443,1.599,1.718,1.952,,1.899,1.439,1.666,1.832,1.627,1.619,1.175,2.11,1.578,1.422,0.933,1.311,2.596,1.84,1.284,1.478,1.63,1.437,1.428,0.796,1.244,0.959,1.132,,1.124,1.418,1.091,1.442,1.75,1.24,1.925,0.905,1.55,1.132,1.277,0.603,0.879,1.208,1.096,1.113,1.76,1.552,1.431,1.259,0.46,,0.667,1.143,0.445,1.248,1.432,1.165,0.64,0.469,1.016,0.334,0.526,1.285,0.699,0.826,0.93,0.461,0.77,0.381,1.311,0.808,0.843,0.396,0.673,1.557,,0.585,0.969,0.33,0.977,0.181,2.185,0.688,1.068,0.325,0.087,0.632,0.747,,,0.259,0.679,7.311,2.589,3.483,4.464,3.609,2.605,2.065,2.084,1.116,3.63,1.387,4.18,2.444,0.888,0.481,1.059,2.751,1.672,1.596,0.402,1.092,1.63,,0.484,1.048,0.797,3.003,,1.742,1.08,1.503,1.304,,1.483,2.561,1.302,1.078,0.509,0.892,0.257,0.671,1.112,1.681,,0.619,0.99,0.721,1.124,0.403,1.623,0.663,0.566,0.225,1.206,1.168,0.677,0.571,2.298,0.859,1.718,1.655,0.35,0.614,1.696,1.548,1.585,1.057,1.233,0.646,2.305,2.031,2.001,0.934,0.601,1.094,2.1,3.094,2.336,0.809,0.771,1.444,0.479
20160203,20,CO_24h,1.221,0.592,1.183,1.25,1.146,1.229,2.079,1,0.812,1.325,1.238,1.9,,2.922,3.223,3.158,2.51,2.886,3.645,,,3.106,1.689,2.5,1.392,2.519,,1.809,2.269,1.966,1.703,1.984,1.431,1.11,1.951,2.708,1.77,1.698,2.154,2.014,2.246,3.214,3.022,2.115,2.149,7.001,6.495,7.027,6.938,4.722,4.666,4.483,3.793,4.195,6.617,0.69,0.726,0.478,0.702,0.552,0.962,1.252,1.4,1.118,0.633,2.761,1.953,1.957,1.889,4.682,5.528,3.903,2.994,2.982,3.188,3.939,3.75,3.839,3.862,1.819,,1.699,2.769,3.249,3.805,3.371,3.358,2.902,1.846,2.207,1.099,3.866,2.319,1.886,1.59,1.635,1.192,1.853,2.098,,2.194,2.187,1.272,2.01,2.092,,2.048,1.378,1.519,1.77,1.728,1.535,1.814,1.644,1.323,1.383,0.764,1.182,1.145,1.311,1.093,1.165,0.904,1.643,1.31,1.068,0.917,1.598,0.709,3.203,,1.762,0.73,1.443,1.117,1.993,1.848,1.333,0.712,1.402,1.045,1.157,0.707,1.172,1.127,0.77,1.387,0.75,2.071,1.772,2.915,1.78,2.052,1.815,1.531,1.392,1.515,1.316,1.565,1.365,1.844,1.662,1.438,1.428,1.617,1.231,1.049,0.931,0.596,0.776,1.951,1.626,1.197,1.671,1.935,2.2,1.806,1.584,1.895,2.058,1.473,1.984,1.592,1.734,1.943,1.101,1.791,,1.983,2.558,1.497,1.938,1.786,2.312,1.815,1.98,1.845,1.677,1.686,,1.184,1.227,1.523,1.522,1.569,2.174,1.187,1.424,1.731,1.498,2.248,1.633,1.111,1.154,1.097,0.986,2.206,2.114,2.236,2.601,0.997,0.765,0.66,1.102,1.36,1.354,1.199,1.16,1.445,1.233,0.978,1.234,0.923,1.02,1.104,,0.919,1.108,0.87,0.913,1.064,1.158,0.899,1.014,0.903,1.318,,1.25,,1.276,1.489,,1.037,0.678,1.087,1.151,0.907,0.862,0.979,0.868,0.825,1.106,0.96,1.018,0.818,0.952,0.79,1.352,1.68,1.322,1.168,,1.501,2.272,1.545,,1.439,0.51,0.868,0.603,0.658,0.944,0.831,0.685,0.7,0.719,1.032,0.854,0.982,0.456,1.225,1.081,0.851,0.998,1.066,0.948,1.945,1.369,1.2,1.199,,1.256,1.836,1.085,1.353,1.245,1.46,1.697,1.562,1.99,1.236,1.808,1.991,2.079,1.581,1.431,1.619,1.503,1.518,1.909,2.091,0.977,1.28,1.525,1.436,1.422,1.255,1.855,1.473,2.094,0.775,1.03,2.167,0.996,1.507,1.395,1.34,1.771,1.242,1.659,1.328,0.672,0.888,,0.78,0.82,0.77,0.679,0.89,0.856,0.714,1.474,1.116,1.006,1.208,0.781,1.188,0.963,1.316,1.016,1.265,1.096,1.038,0.896,0.989,0.945,0.905,0.665,0.628,1.079,0.934,0.996,0.843,0.948,0.969,1.133,1.092,1.016,0.865,0.798,0.969,1.243,,0.894,0.995,1.014,0.91,0.923,1.082,1.025,0.868,1.077,0.859,1.238,1.114,1.102,,1.396,0.966,1.253,1.375,1.438,1.171,1.44,1.536,0.942,0.809,1.183,0.992,1.273,0.868,1.461,1.459,1.195,1.224,1.284,1.015,1.293,1.273,1.092,0.957,1.093,1.375,1.526,1.492,1.328,1.24,1.307,1.435,1.556,1.365,1.657,,1.91,1.291,0.566,1.292,0.693,0.691,0.795,1.04,1.448,0.854,0.9,1.118,0.654,1.151,2.187,1.554,1.779,1.996,1.189,1.642,0.801,0.348,,0.364,1.585,2.954,2.148,1.771,2.062,2.699,2.228,3.896,3.798,2.335,1.971,2.275,2.34,2.562,1.533,1.539,1.533,2.083,2.119,2.416,1.465,2.127,1.013,2.995,2.347,1.882,1.979,2.543,,4.288,4.471,3.745,4.015,2.867,2.297,1.541,1.401,2.112,1.82,,1.415,1.431,1.229,1.32,1.187,0.608,0.922,1.694,1.833,1.376,2.212,2.476,1.302,2.554,3.493,1.672,0.907,0.46,0.675,0.94,1.965,2.059,1.236,1.418,2.192,1.715,2.447,2.083,1.473,1.828,1.137,1.684,2.806,2.537,2.192,0.69,0.786,0.787,0.617,2.155,2.274,3.001,2.307,2.197,2.15,3.526,,3.668,3.247,2.021,,2.037,2.832,3.311,3.149,1.486,2.149,2.63,,3.659,1.913,3.097,0.998,1.465,1.488,1.6,1.316,1.04,,0.957,1.538,2.268,2.325,,2.092,,2.246,1.3,1.348,1.204,2.021,,2.835,2.748,1.633,,0.796,1.057,1.458,1.496,1.471,1.457,,1.379,1.222,0.732,0.822,1.338,0.9,0.971,0.979,0.94,0.963,1.103,1.249,1.128,1.023,1.08,1.135,0.683,0.899,1.158,1.189,0.942,1.182,1.291,1.286,1.353,1.303,1.23,0.998,0.954,0.911,0.97,1.396,1.104,0.93,1.127,0.787,1.025,0.981,1.053,1.161,1.019,1.07,0.979,1.826,,0.929,1.27,1.808,1.614,1.592,1.552,1.476,2.969,2.673,2.324,1.739,2.3,2.997,5.643,5.694,,3.274,4.278,5.025,8.703,2.164,4.435,3.751,5.054,3.581,1.463,2.563,2.641,1.028,0.388,2.153,0.722,0.263,2.749,1.91,2.339,2.545,3.137,3.095,2.313,0.821,4.174,4.051,1.463,2.626,2.134,3.937,2.087,2.771,3.06,3.69,2.543,2.914,1.559,1.968,2.014,1.328,1.738,1.782,0.816,1.769,1.555,1.014,,0.797,0.708,1.429,0.886,0.961,0.973,2.309,2.216,1.46,2.473,1.246,0.81,0.611,0.825,1.082,0.868,1.232,1.265,1.699,1.036,2.587,1.477,1.658,2.288,2.929,1.622,0.803,0.816,1.176,1.387,0.761,1.365,0.597,2.726,2.353,3.42,3.473,2.886,2.29,1.973,4.307,7.161,3.426,4.895,4.935,1.964,1.001,1.261,1.768,2.564,3.539,2.012,1.872,1.88,1.872,2.403,1.412,2.458,3.395,3.78,1.481,1.095,1.215,0.947,1.399,1.217,1.677,2.304,1.352,1.282,1.019,1.273,1.527,0.909,0.973,1.144,1.527,0.777,1.325,1.083,1.943,1.817,1.012,0.712,1.061,1.16,1.208,1.47,1.299,1.483,1.088,1.391,1.028,1.226,1.134,1.482,1.286,1.124,1.021,0.856,2.189,1.588,1.249,1.19,1.722,1.552,1.216,1.818,1.347,1.218,2.833,2,1.745,1.056,0.964,0.939,0.903,0.865,1.346,1.329,1.22,1.717,1.303,1.811,1.374,1.627,0.66,1.879,1.203,1.225,1.465,1.466,0.99,0.396,0.946,,1.078,1.021,1.278,2,2.808,2.271,2.631,1.414,2.445,1.69,1.097,1.697,1.487,1.545,2.011,1.292,1.369,2.854,2.208,1.553,2.557,2.119,2.068,1.335,2.556,2.551,1.834,1.071,0.192,2.067,0.51,,1.883,2.123,1.98,1.3,1.489,2.297,1.867,1.595,1.506,1.612,1.424,1.212,2.396,1.734,1.172,1.078,3.508,1.597,1.842,1.898,1.903,1.801,3.31,2.4,2.83,2.018,1.574,1.988,2.54,2.471,2.251,2.77,1.275,0.864,1.616,1.864,2.375,2.877,1.295,1.175,0.856,1.064,1.001,,1.354,1.342,1.775,1.437,0.576,0.861,1.184,1.377,1.648,1.633,1.666,1.78,1.823,1.465,1.717,0.921,0.96,,0.831,1.003,0.909,1.013,0.991,1.316,1.15,,,1.282,1.407,1.165,1.318,0.633,1.315,1.852,1.266,1.148,0.98,1.719,0.792,0.792,0.926,2.756,1.96,2.969,3.94,1.883,2.722,1.948,1.737,2.398,1.567,2.077,2.873,,1.891,2.639,5.263,4.159,,4.928,3.917,4.342,2.532,3.505,3.405,,4.628,2.838,2.111,0.254,0.809,1.016,0.796,0.575,0.885,0.6,2,0.78,0.773,1.362,0.819,0.478,0.159,0.462,0.214,1.233,1.513,0.403,3.011,0.89,0.924,0.964,1.197,1.635,2.222,1.746,1.959,1.742,1.407,2.052,0.973,3.274,2.338,4.624,2.168,0.883,0.978,1.07,2.412,2.004,1.705,3.008,1.611,1.868,1.209,0.751,0.485,0.484,1.427,1.757,0.95,2.16,0.588,2.832,1.747,1.913,0.911,3.673,,1.526,1.06,0.935,0.73,,0.824,0.556,1.865,1.816,1.269,1,1.008,1.699,1.707,1.086,0.867,0.653,0.408,1.394,1.035,1.413,0.626,1.19,1.581,1.348,1.262,1.07,1.141,,1.318,2.544,1.26,1.629,1.047,1.499,1.108,1.049,2.086,1.53,1.037,1.478,1.32,1.378,0.806,1.051,0.819,0.649,0.163,0.522,0.204,1.707,1.576,1.71,1.512,,0.762,1.34,1.77,2.086,0.308,,1.163,0.921,0.975,1.262,0.983,1.12,0.786,0.876,0.661,0.8,0.89,,0.823,0.009,0.535,1.118,0.785,1.014,0.77,0.612,1.094,0.402,1.026,0.853,0.968,1.069,0.912,0.813,0.768,0.764,0.115,0.639,0.575,0.812,0.805,1.369,2.076,1.696,1.49,1.95,0.971,0.767,1.898,1.54,1.89,0.809,0.947,0.746,0.794,0.853,1.377,1.336,1.435,0.897,1.127,1,1.264,0.908,1.047,1.353,1.471,0.783,1.298,1.339,,1.8,2.265,1.612,2.338,2.593,0.288,0.864,0.468,4.226,3.302,2.187,1.648,5.592,2.625,3.877,2.135,3.028,2.14,1.975,1.894,1.696,1.535,1.37,1.457,2.234,1.244,2.013,,1.859,2.027,1.926,0.745,0.627,0.691,1.182,1.19,1.319,1.174,1.383,2.532,1.897,1.538,1.715,1.392,1.414,1.388,0.812,1.162,1.441,1.066,0.817,1.719,1.578,1.958,1.185,0.881,0.944,0.947,3.396,2.046,2.081,1.191,0.828,0.921,1.081,0.752,1.552,1.399,1.621,0.215,0.6,1.118,1.572,1.456,1.578,1.447,1.64,1.073,1.301,1.174,1.221,1.215,1.302,2.327,1.166,2.37,1.708,1.814,0.56,1.122,0.784,1.576,0.901,0.925,1.234,1.21,1.123,1.052,0.897,1.053,0.94,1.232,0.894,1.666,1.855,0.331,1.729,0.078,0.475,0.63,0.7,0.743,2.387,0.587,1.129,0.883,0.974,1.591,1.317,,1.112,1.28,1.801,0.597,1.4,1.627,1.357,0.717,0.803,1.111,1.306,1.333,1.636,1.497,1.572,1.399,1.276,1.218,1.667,1.633,2.058,2.408,1.855,1.21,2.637,1.588,1.261,1.268,1.532,1.166,1.551,1.69,1.608,1.476,1.124,1.293,1.184,1.011,1.275,1.387,1.669,,1.5,1.387,1.577,1.834,1.523,1.845,1.116,2.06,1.532,1.375,1.214,1.431,3.038,1.537,1.171,1.304,1.479,1.318,1.281,0.764,0.803,0.93,1.111,,1.384,1.85,1.691,1.848,2.316,1.234,1.437,0.799,1.231,0.992,1.353,1.115,0.981,1.225,1.229,0.986,1.853,1.622,1.346,1.185,0.54,,0.613,1.332,0.126,1.154,1.389,1.213,0.566,0.473,0.955,0.371,0.611,1.371,0.662,0.714,0.969,0.565,0.684,0.391,1.312,1.037,0.337,0.326,0.617,1.922,,0.647,0.767,0.158,0.908,0.606,1.955,0.723,1.035,0.082,0.056,1.585,2.244,,,0.264,0.751,3.022,3.08,3.051,4.146,4.023,2.679,3.044,2.7,0.481,2.132,1.27,3.393,2.183,1.09,0.724,0.907,1.924,1.848,1.959,0.967,1.528,1.992,,1.784,1.059,0.735,2.646,,1.754,1.646,1.552,1.162,,1.918,2.8,1.493,1.671,1.018,0.777,0.555,0.788,1.381,1.179,0.67,1.227,1.661,1.075,1.252,0.56,1.958,1.29,1.063,1.032,1.885,1.518,0.987,0.512,2.818,2.409,1.603,2.416,1.118,0.886,1.387,2.719,2.365,2.137,2.275,2.975,3.142,2.18,2.41,0.545,0.634,0.917,1.861,3.064,2.737,2.014,0.698,2.012,1.109
20160203,21,AQI,79,28,54,95,63,64,57,78,75,30,63,73,,263,220,178,195,170,212,,,159,198,202,134,158,,247,288,188,311,321,259,232,118,99,108,79,124,82,81,147,54,75,125,214,199,190,255,162,210,239,162,210,210,59,36,53,59,68,59,60,42,60,37,209,130,169,200,230,345,179,270,256,305,277,247,317,299,100,,67,87,108,100,62,100,78,129,36,41,75,59,75,51,107,60,62,66,,64,58,55,50,92,,95,150,196,123,183,92,115,115,65,103,38,91,97,91,78,78,63,83,68,88,74,84,94,118,,110,102,99,108,70,82,125,92,43,29,30,28,173,38,40,39,39,133,115,130,134,145,132,130,139,112,105,94,80,96,84,106,83,118,50,56,63,58,67,172,155,206,228,130,148,129,137,149,124,134,132,145,149,162,170,163,,169,185,160,138,134,182,180,152,156,153,179,,152,137,159,221,175,262,186,165,214,195,166,189,239,203,228,159,165,214,163,192,188,135,59,220,153,207,222,218,238,188,110,79,110,67,120,,70,97,138,130,134,93,118,160,185,188,,117,,226,200,,76,52,57,31,24,26,137,120,113,110,97,80,68,89,70,117,138,186,127,,165,221,134,144,117,36,35,70,40,52,70,45,54,43,113,107,72,140,92,119,51,90,109,143,196,115,139,144,,165,138,143,221,192,172,227,213,202,235,231,129,119,137,160,137,129,176,134,115,105,97,138,119,150,100,163,131,182,93,113,108,117,110,114,112,112,123,132,112,75,68,,59,70,67,63,60,84,62,63,65,65,59,79,43,67,82,38,58,49,70,72,61,59,55,55,60,52,77,75,55,63,72,51,48,62,41,52,61,73,,63,65,60,60,68,65,57,55,58,57,72,74,57,,94,80,88,84,82,75,92,94,43,46,56,52,53,82,114,109,107,93,82,47,83,88,74,62,29,72,83,87,84,98,130,110,98,103,107,,103,39,92,103,78,98,104,93,94,92,93,55,46,31,49,49,58,58,110,102,74,71,,64,99,150,125,110,186,90,211,173,271,130,138,144,206,98,95,83,90,113,69,115,117,120,80,110,178,127,108,103,,287,256,232,411,218,238,168,190,170,158,,180,207,137,165,186,80,129,183,152,53,62,73,62,53,60,59,47,31,45,48,104,77,125,73,134,162,69,221,119,192,104,207,158,238,292,49,46,45,37,265,204,214,202,255,202,211,,312,268,139,,135,163,179,196,208,105,214,,201,239,213,199,231,234,230,98,73,,72,138,203,137,,128,,125,166,152,98,125,,264,237,215,,98,87,103,201,155,134,,68,70,64,73,54,54,52,50,51,54,53,64,50,49,42,64,52,57,59,55,59,49,59,55,46,53,50,22,72,73,62,68,64,68,60,68,49,53,59,74,64,62,69,60,49,77,39,44,51,119,127,148,37,55,52,93,30,74,99,108,,100,227,104,308,104,74,82,95,73,81,119,117,94,53,51,36,43,69,107,93,107,206,336,127,122,67,59,109,66,98,54,142,125,78,149,125,163,447,241,409,266,253,59,65,61,58,56,,54,103,132,164,192,266,208,256,340,375,215,115,108,72,78,75,109,150,114,133,68,148,137,140,145,102,91,115,67,102,133,104,29,210,105,104,128,168,163,74,142,127,100,123,125,83,94,105,104,109,104,225,214,213,139,122,113,152,129,125,117,143,162,145,147,163,83,89,90,100,99,108,112,102,119,123,115,156,142,82,178,183,123,358,108,110,127,117,97,103,89,118,97,99,98,103,114,148,42,33,135,130,149,149,144,143,156,140,127,125,76,77,81,82,133,130,92,108,144,193,139,149,118,138,138,140,122,147,132,143,150,159,83,85,88,,87,59,46,210,123,118,208,137,195,183,216,77,80,85,124,105,113,123,247,156,307,220,176,166,162,134,108,86,93,115,100,,138,73,78,60,89,175,271,329,98,113,105,113,212,143,144,134,207,130,196,223,163,205,216,93,128,103,186,98,284,234,113,169,189,135,102,109,92,106,137,118,117,47,51,,94,115,124,,55,64,175,198,137,135,105,163,183,162,180,128,127,,,124,129,124,112,125,140,,,94,99,155,120,84,104,117,168,103,124,133,59,60,55,79,87,104,90,88,77,60,62,135,113,59,152,,137,239,188,212,,152,147,147,84,118,59,,74,50,68,42,77,74,72,64,104,84,117,99,53,52,52,37,28,27,24,62,70,61,58,59,46,60,47,140,90,133,74,147,231,134,98,90,32,65,49,70,77,79,84,90,93,130,80,145,127,100,68,68,125,208,156,140,257,205,84,85,102,128,,109,83,95,64,67,218,36,65,83,60,113,38,125,158,64,122,67,74,72,83,160,92,120,152,117,149,188,140,,137,182,175,215,97,90,100,105,73,93,69,49,74,79,104,104,87,74,74,88,43,207,114,195,100,,80,139,168,138,64,,51,70,80,92,97,103,84,125,138,175,54,,41,48,28,50,36,46,41,25,43,33,38,32,30,36,38,59,62,69,85,113,87,112,80,80,193,140,122,148,89,84,90,108,110,58,100,107,103,102,59,68,75,56,79,73,82,80,73,95,102,99,97,108,,98,115,102,84,63,75,87,83,202,117,113,176,200,144,168,124,139,111,143,125,141,129,105,83,93,92,122,,142,126,82,138,169,128,178,155,83,163,67,74,109,67,75,104,87,104,102,122,108,129,129,102,114,109,105,107,103,89,109,118,88,55,83,90,90,73,144,108,83,109,100,102,110,100,112,110,108,110,134,119,117,122,102,89,104,95,113,68,100,90,92,118,74,55,62,59,70,85,83,88,95,82,124,150,115,108,150,109,156,163,95,58,80,73,109,80,127,113,89,,78,63,84,123,44,54,70,73,80,104,79,75,77,73,79,102,98,94,119,207,165,219,153,117,102,112,112,117,85,102,128,113,122,105,133,135,102,170,105,132,122,,144,159,153,143,128,153,108,102,127,97,53,95,107,95,99,160,150,148,182,46,78,56,64,,46,35,49,63,78,54,100,52,72,65,49,57,62,,59,78,18,19,46,71,72,,75,62,54,53,31,26,24,35,51,51,68,39,35,55,48,46,65,59,29,53,71,70,42,63,84,75,93,54,23,70,85,113,187,85,53,15,,,9,40,24,172,206,229,222,38,77,75,50,128,178,134,72,84,74,89,107,132,104,61,53,76,84,,73,115,141,89,,74,54,73,107,,72,87,84,78,99,162,80,92,49,57,69,69,74,59,119,63,59,63,58,124,104,65,67,27,144,286,87,93,80,83,125,112,189,121,92,105,89,102,165,55,42,57,190,249,325,57,46,102,62
20160203,21,PM2.5,58,12,38,71,45,46,40,57,55,14,45,53,,213,170,134,146,129,162,,,121,148,152,79,120,,197,238,141,261,271,209,182,89,74,81,58,94,60,46,112,29,55,95,164,149,143,205,123,160,189,123,160,160,37,17,12,23,33,41,43,21,33,17,159,99,128,150,180,295,135,220,206,255,227,197,267,249,75,,48,64,81,75,38,75,57,98,17,23,27,42,13,29,80,42,23,47,,46,39,31,22,66,,71,115,147,93,138,68,87,87,47,77,25,51,46,37,26,39,34,47,27,34,34,62,70,89,,83,76,74,81,51,60,95,68,30,19,20,16,131,26,24,27,27,101,87,99,102,111,100,99,106,84,79,70,58,71,62,62,61,89,35,34,40,41,48,130,118,156,178,99,113,98,104,114,94,102,100,111,114,123,129,124,,128,139,122,105,102,137,136,116,119,117,135,,116,104,121,171,132,212,140,125,164,146,126,142,189,153,178,113,125,164,124,144,141,103,42,170,117,157,172,168,188,141,83,58,83,48,91,,51,72,105,99,102,69,89,122,139,141,,88,,176,150,,45,36,40,19,8,17,104,91,85,83,72,59,49,66,51,88,105,140,96,,125,171,102,110,88,25,19,51,28,36,47,31,38,29,85,80,44,107,,90,31,63,82,109,147,87,106,110,,125,105,109,171,144,130,177,163,152,185,181,98,90,104,122,104,98,133,102,87,79,72,105,76,115,75,124,92,118,69,85,81,88,83,86,84,84,93,100,84,55,49,,42,51,48,45,43,62,44,45,47,47,42,58,28,48,60,26,41,34,51,52,38,42,39,39,43,36,56,55,39,45,52,27,27,44,27,18,23,53,,45,47,43,43,49,47,40,39,41,40,52,54,40,,70,59,65,62,60,55,68,70,30,32,39,33,33,60,86,82,80,69,60,11,61,65,54,44,10,52,61,64,62,73,99,83,73,77,80,,77,27,68,77,57,73,78,69,70,68,69,29,24,19,26,22,27,34,61,44,20,29,,14,74,108,,83,140,58,161,131,221,99,96,110,156,73,71,61,67,85,50,87,88,91,56,83,134,96,81,77,,237,206,182,245,168,188,127,143,129,120,,136,157,104,125,140,59,98,138,116,32,44,38,19,36,38,29,27,17,27,26,78,56,95,53,102,123,50,171,90,144,78,157,120,188,242,34,32,31,22,215,154,164,152,205,152,161,,262,218,106,,103,124,135,147,158,79,164,,151,189,163,149,181,184,180,73,53,,52,105,153,104,,97,,95,126,116,73,95,,214,187,165,,73,64,77,151,118,102,,49,51,46,53,,36,34,35,34,37,37,46,35,34,29,46,36,40,42,35,42,34,42,39,32,37,35,,52,53,44,49,46,49,43,49,34,37,42,54,46,44,50,43,34,56,20,26,25,90,96,113,20,36,22,69,18,54,74,81,,75,177,78,258,78,37,59,71,37,44,90,62,62,29,22,16,17,50,80,69,80,156,286,96,92,48,33,72,46,63,38,108,95,54,114,95,124,420,191,363,216,203,35,30,24,41,33,,35,77,100,101,144,216,158,206,290,325,165,87,81,52,57,55,82,115,86,101,49,113,104,107,111,76,50,84,48,76,101,78,20,160,79,78,72,127,124,50,108,96,75,93,95,61,70,61,78,82,78,175,164,163,106,92,85,116,98,95,88,109,123,111,112,124,61,66,67,75,74,81,84,76,90,93,87,119,108,60,134,138,93,308,81,83,96,88,72,77,66,89,72,74,73,77,86,113,26,19,103,99,114,114,110,109,119,107,96,95,52,54,55,60,101,99,68,81,110,145,106,114,89,105,105,107,92,112,100,109,115,121,61,63,65,,64,31,32,160,93,42,158,104,146,138,166,56,58,63,94,79,84,81,197,119,257,170,133,126,123,102,81,37,28,42,66,,105,32,25,37,66,132,221,279,73,79,61,61,162,109,110,102,157,99,147,173,124,155,166,69,97,77,140,73,234,184,85,128,142,103,76,82,68,43,104,89,88,26,26,,70,87,94,,19,26,132,148,104,103,,124,138,123,136,97,96,,,94,98,94,84,95,107,,,70,74,118,91,62,78,88,127,77,94,101,42,34,39,45,45,78,44,65,56,43,44,103,85,30,116,,104,189,141,162,,116,112,91,62,89,34,,48,29,43,27,19,36,24,44,78,62,88,74,37,34,17,12,15,17,12,33,41,33,41,39,27,33,30,107,42,101,47,112,181,102,73,67,22,47,34,34,41,53,62,67,69,96,59,111,96,75,49,49,95,158,119,107,207,155,62,63,76,97,,82,61,71,46,48,168,23,21,49,43,85,19,95,120,46,92,48,,52,61,,68,91,116,88,114,141,107,,104,137,132,165,72,67,75,79,53,69,50,34,54,58,78,78,64,54,54,65,23,157,,146,75,,59,106,127,105,46,,34,51,59,68,72,77,62,95,105,132,33,,27,33,19,35,25,32,27,5,30,23,26,22,21,25,26,42,44,50,63,85,64,84,59,59,145,107,92,113,66,60,67,81,83,41,75,80,77,76,42,49,55,31,58,53,60,59,53,71,76,74,72,81,,73,87,76,62,45,55,63,58,152,88,85,133,150,110,127,86,97,82,109,68,83,98,79,61,67,66,92,,108,82,60,105,128,97,134,118,61,124,48,54,82,48,55,78,64,78,76,92,81,98,98,76,86,82,79,80,77,66,82,89,65,39,61,67,67,53,110,81,61,82,75,76,83,75,84,83,81,83,102,90,88,92,76,66,78,71,85,49,75,67,68,89,54,39,42,42,51,63,61,65,71,60,94,115,67,81,115,82,119,124,71,41,59,53,82,59,96,85,66,,57,45,62,93,28,27,51,53,59,78,58,55,56,53,58,76,73,70,90,157,125,169,117,88,76,84,84,88,63,76,97,85,92,79,101,103,76,129,79,100,92,,110,121,117,109,97,117,81,76,96,72,37,71,80,71,74,122,115,113,137,21,57,22,46,,32,24,31,45,57,38,75,36,52,47,33,40,44,,22,56,12,13,27,23,52,,55,35,38,36,10,12,13,17,29,30,49,27,24,27,33,32,47,42,20,11,48,51,29,40,62,55,69,13,16,51,63,33,80,63,22,,,,,3,12,130,156,179,172,26,51,55,35,97,134,102,52,62,48,33,80,100,78,29,20,44,47,,53,86,64,66,,54,28,53,80,,52,52,62,12,44,123,44,25,11,30,50,50,54,27,90,39,42,30,41,94,78,43,39,7,95,236,57,69,39,42,75,74,142,81,42,79,66,76,125,36,23,40,143,199,275,34,31,76,44
20160203,21,PM2.5_24h,42,26,36,40,37,35,42,39,32,32,35,52,,141,136,102,105,108,140,,,90,99,121,69,108,,82,107,72,83,107,95,63,79,96,78,76,93,91,46,78,61,53,49,190,172,195,177,158,211,184,192,181,217,21,17,19,26,25,34,41,32,34,18,97,72,78,72,146,188,116,160,173,159,126,112,139,133,66,,44,82,88,52,50,63,81,79,74,79,105,88,60,62,62,76,89,99,,115,139,59,134,121,,136,64,64,49,55,36,49,51,56,67,34,88,86,73,83,81,62,79,87,73,66,82,89,102,,124,109,117,123,76,98,99,108,73,55,77,49,105,64,46,60,60,125,111,129,114,129,120,110,120,103,109,112,97,110,105,102,98,90,85,52,65,54,76,110,116,131,120,84,103,92,108,101,96,95,108,117,138,103,117,119,,125,127,119,120,120,145,153,137,136,126,141,,124,121,132,106,86,128,128,132,161,133,136,126,108,86,104,58,162,187,163,164,95,74,41,110,90,99,101,101,110,105,62,87,102,89,97,,89,94,101,62,70,64,65,100,101,76,,83,,136,118,,71,90,77,57,53,62,90,72,72,79,71,68,54,69,55,95,61,98,96,,119,113,100,103,92,27,28,29,33,27,28,20,27,19,76,60,49,87,69,87,43,80,74,112,132,101,106,106,,109,122,91,109,99,90,108,113,113,119,112,91,90,93,104,102,94,103,85,77,86,101,104,99,106,100,106,94,111,70,89,92,86,93,78,102,102,94,88,74,42,39,,33,35,38,38,36,42,40,36,38,37,34,44,23,39,43,24,33,30,39,38,33,34,34,32,37,32,45,45,34,42,50,24,30,42,24,19,39,27,,40,40,37,32,34,38,34,37,33,31,36,48,38,,82,84,76,77,71,65,77,80,20,23,27,29,26,53,73,66,58,63,62,41,58,64,60,67,48,61,58,61,63,68,82,76,67,69,70,,71,60,70,74,64,73,60,58,74,67,67,45,30,22,45,44,53,47,58,43,32,19,,22,92,79,,92,145,80,177,69,143,72,128,89,77,85,88,67,67,77,66,97,102,108,51,90,107,96,90,97,,284,313,244,314,243,308,92,111,106,93,,106,130,74,101,118,44,69,111,99,52,81,77,40,90,93,33,45,21,25,30,90,87,84,75,83,75,97,108,76,78,42,112,81,84,101,26,24,24,18,151,130,107,157,178,158,154,,230,206,137,,133,130,147,150,142,92,143,,132,140,186,143,194,218,165,66,52,,56,82,84,134,,108,,135,120,117,93,138,,175,135,114,,49,56,51,144,107,107,,46,45,47,49,51,24,23,25,22,26,28,33,33,32,31,34,33,29,32,31,31,35,25,38,29,22,24,45,46,47,36,45,32,45,40,46,19,23,26,32,31,34,27,34,27,37,32,37,37,111,104,109,52,55,43,47,61,81,110,124,,119,170,94,242,98,47,81,110,52,41,78,77,50,26,56,24,13,201,83,96,89,120,126,87,50,78,58,73,92,46,98,84,112,116,103,77,87,134,115,125,102,108,68,44,83,50,54,,41,43,50,49,55,72,104,98,125,135,88,72,50,43,65,43,66,95,71,95,90,95,88,90,101,72,47,84,64,75,68,91,22,108,77,74,101,98,79,86,128,118,89,119,126,62,57,73,91,60,47,120,87,102,105,94,93,73,76,82,66,121,129,142,128,124,76,88,86,81,82,83,75,71,83,72,77,102,98,84,92,102,61,68,92,95,107,94,59,65,64,74,65,66,70,71,69,80,10,9,83,91,93,92,121,123,130,115,106,101,64,63,49,62,93,82,76,84,101,108,107,101,66,78,87,79,83,106,96,103,115,108,61,62,61,,56,42,41,122,93,72,235,74,95,82,89,39,48,59,70,131,111,79,138,113,181,151,153,91,84,97,73,58,41,53,50,,99,134,81,69,54,118,148,153,81,76,61,60,132,118,103,98,160,95,119,130,83,83,151,125,98,99,83,62,114,106,107,124,99,63,81,72,71,43,107,111,99,61,71,,77,92,97,,44,48,132,111,115,117,128,101,113,125,128,100,96,,,74,70,68,59,79,84,,,61,67,82,72,55,70,73,97,95,85,78,38,29,42,65,54,86,52,80,64,98,86,169,91,53,73,,76,85,143,160,,153,106,76,50,79,32,,55,108,78,29,25,36,32,36,28,63,84,59,43,60,21,22,13,14,8,44,46,35,79,76,52,82,82,73,76,77,70,107,93,89,85,71,37,57,49,76,70,72,98,105,86,101,93,86,43,44,36,35,58,94,46,28,55,66,22,40,60,56,,77,52,58,42,43,57,30,49,51,53,72,35,59,110,58,38,46,,71,81,65,23,84,42,102,110,121,121,,128,115,119,53,60,73,99,83,61,69,62,68,65,67,84,80,66,80,61,67,40,167,151,160,64,,52,84,97,95,52,,43,52,57,56,54,58,50,59,62,88,23,,28,32,14,29,25,30,25,6,24,19,23,19,17,20,21,31,36,34,45,63,58,61,57,65,106,91,87,84,78,62,68,77,64,45,63,67,63,60,47,60,63,31,73,66,69,62,61,77,91,78,72,88,,44,52,40,34,47,61,63,60,102,80,72,138,154,124,120,85,100,93,115,51,75,93,81,70,80,76,87,,91,79,83,90,84,93,69,90,70,75,74,80,91,73,82,39,63,71,50,81,99,90,83,91,95,111,81,81,97,72,78,88,85,86,68,73,72,57,93,77,54,67,68,77,80,83,79,91,87,94,105,95,102,99,88,71,77,74,89,66,116,90,77,81,55,48,47,54,61,57,70,73,63,70,65,98,64,78,92,51,92,100,46,37,52,46,67,59,57,75,71,,56,46,61,67,23,33,41,64,76,65,54,61,80,71,38,43,68,70,87,129,121,152,94,77,68,77,75,82,73,70,96,88,87,87,77,78,76,71,53,67,65,,70,94,100,98,99,98,117,92,121,98,57,84,110,57,55,84,84,85,100,13,29,16,45,,43,60,72,71,83,37,52,47,46,46,44,54,58,,45,45,52,56,24,27,59,,48,40,35,39,19,21,25,22,26,28,50,37,24,24,19,24,29,35,20,27,41,51,30,48,61,37,41,12,14,28,27,48,88,17,13,,,,19,8,11,140,153,159,147,41,62,71,55,84,105,93,49,45,63,50,41,42,51,38,25,60,63,,81,64,55,65,,71,23,68,63,,93,58,51,17,65,111,41,46,30,27,123,110,100,29,76,65,59,63,58,90,97,48,44,12,118,311,47,76,45,45,55,106,162,108,69,106,80,97,101,24,10,21,114,192,320,50,25,88,37
20160203,21,PM10,,21,,74,,,48,57,64,30,63,77,,290,192,203,223,208,176,,,197,204,216,218,126,,274,297,230,337,359,271,268,131,121,127,83,110,99,111,175,58,82,141,240,214,178,322,186,193,240,177,253,205,68,36,56,68,85,68,57,42,69,37,207,133,148,168,240,334,272,333,250,299,296,306,319,349,99,,61,91,121,107,73,122,95,,36,41,100,,99,52,119,70,48,82,,71,65,60,50,134,,95,186,182,125,209,123,129,130,64,104,30,131,144,131,105,106,75,116,86,125,98,67,76,103,,,,98,150,67,68,116,84,,23,22,20,136,,40,,,147,132,135,142,146,142,158,165,117,95,107,90,141,114,162,86,123,48,62,76,66,58,225,220,194,223,189,180,172,188,158,144,179,214,200,186,182,154,200,,163,183,196,136,137,200,196,182,197,185,215,,157,148,168,251,234,277,200,168,274,254,203,226,271,208,218,268,203,211,180,173,203,138,46,209,151,248,260,226,240,231,130,89,109,68,140,,65,91,156,129,142,95,122,167,167,165,,132,,179,186,,102,43,,31,11,26,,102,,122,105,82,58,,57,,171,235,156,,,274,,,90,25,35,78,38,38,90,38,46,43,123,139,93,140,133,125,51,129,132,131,226,144,205,137,,178,151,157,220,182,215,242,278,,237,192,146,133,115,148,149,122,140,130,149,91,134,201,187,,106,170,211,313,,108,,,85,109,92,86,102,,90,70,68,,50,57,51,60,68,71,52,48,48,48,49,61,43,54,,29,51,39,67,78,71,52,,41,59,50,,60,,,57,51,48,49,41,54,72,56,,50,53,45,,53,53,51,46,58,56,61,,53,,73,66,86,89,67,70,94,116,37,46,61,54,55,82,,,,80,69,47,69,71,58,62,11,59,67,69,77,82,116,103,104,107,94,,96,36,88,99,84,97,111,91,95,110,121,60,46,31,49,49,65,66,170,154,97,92,,78,113,250,199,151,197,130,212,200,290,188,225,204,252,132,123,88,94,101,73,131,131,142,109,113,158,179,117,112,,344,,189,511,,213,174,239,166,175,,172,189,162,197,170,88,118,234,134,55,58,95,73,55,70,67,47,31,45,48,127,81,141,78,158,168,84,247,126,182,115,,218,207,358,47,38,37,37,377,218,267,266,309,244,253,,365,387,157,,158,197,172,185,217,144,233,,263,262,220,175,260,320,245,107,92,,73,154,242,134,,145,,156,135,130,122,118,,,245,231,,95,101,123,253,172,168,,52,53,64,,57,58,53,42,51,57,48,58,48,44,34,55,39,53,61,59,61,,50,54,42,45,43,,52,56,,51,50,,43,56,43,50,57,62,61,56,70,,39,,39,44,52,165,152,164,37,59,53,79,30,59,106,130,,112,278,145,278,93,97,114,107,96,112,186,183,138,56,51,36,43,68,113,102,123,218,380,143,116,67,68,168,82,145,55,125,157,105,170,117,172,429,373,,236,267,67,79,72,66,61,,57,97,153,278,241,,214,242,372,472,180,92,85,68,61,78,,117,116,113,,141,,165,133,154,132,179,,128,154,,23,222,138,111,205,183,138,97,147,174,142,133,132,96,119,160,92,134,101,278,175,305,147,123,106,214,141,160,123,156,186,,142,169,83,95,80,105,76,95,117,83,100,,121,128,188,76,233,208,112,,84,103,102,111,75,98,86,101,79,110,95,101,139,165,42,33,122,128,122,140,122,,130,130,,109,101,104,112,106,110,115,103,99,134,,130,159,130,140,152,,142,137,135,130,144,159,86,74,78,,78,68,42,210,160,185,170,155,162,163,222,98,109,103,148,,175,196,237,187,334,223,147,231,207,133,135,122,135,180,149,,145,96,105,70,126,188,,,135,175,159,175,229,155,147,133,258,99,200,220,148,249,189,86,171,105,160,119,365,267,156,204,167,135,90,90,108,161,142,178,120,40,51,,86,124,132,,59,77,,176,149,171,160,124,,149,156,137,127,,,144,166,184,160,124,132,,,,83,180,136,86,148,132,208,108,137,174,58,69,52,108,123,134,130,123,104,,56,174,105,67,156,,131,251,156,,,173,180,244,80,110,68,,98,50,85,42,103,98,93,78,88,107,117,112,,53,54,37,18,,19,74,90,71,52,67,46,69,47,154,130,128,98,116,288,189,80,,22,72,35,89,103,108,76,80,117,209,80,136,143,97,66,67,121,,,158,213,243,83,83,99,,,97,72,75,56,68,184,36,80,116,56,101,38,152,,50,,,97,92,78,270,111,93,148,113,138,170,121,,,153,,,79,110,112,111,92,87,62,35,75,92,87,103,81,,,85,43,201,178,167,,,77,129,132,142,59,,51,64,69,85,108,,71,126,120,153,58,,41,33,26,36,30,36,41,,35,,,28,23,29,36,55,60,61,98,133,110,133,85,77,213,169,157,161,89,118,104,134,96,54,96,119,93,106,49,59,62,61,68,60,71,59,56,114,134,92,82,123,,130,119,126,113,67,90,124,115,192,,133,158,259,172,232,197,227,172,192,199,232,123,123,106,136,134,183,,175,201,89,132,,178,184,206,106,200,71,83,,68,72,99,74,96,106,139,97,120,139,88,117,133,119,105,104,113,131,139,91,53,95,100,122,86,126,93,102,96,92,118,120,103,98,121,122,103,112,107,105,107,,111,123,111,131,67,,101,102,116,92,53,73,43,81,63,95,95,101,78,119,132,180,130,149,132,176,224,79,51,66,74,109,71,,98,92,,69,72,70,,44,57,64,84,99,93,89,,65,68,70,76,86,86,144,172,136,202,135,100,109,108,111,89,81,86,112,94,105,124,,129,97,136,122,107,114,,115,136,128,133,126,131,160,138,138,144,50,110,97,89,131,144,140,185,174,46,92,62,51,,42,32,49,62,76,,102,54,82,55,49,48,50,,67,105,16,19,46,92,69,,68,73,48,56,31,21,24,,51,52,59,,32,59,,44,50,,28,56,91,57,41,75,69,66,100,,19,79,,175,323,106,55,,,,,40,12,170,163,204,233,30,103,63,,117,203,134,75,,97,127,92,120,,71,56,101,117,,68,179,232,103,,92,52,61,96,,78,123,95,105,147,191,110,133,49,63,54,76,76,68,,76,64,75,61,131,113,79,84,19,238,386,124,128,110,116,200,173,211,191,133,131,77,101,138,60,42,40,196,332,311,64,46,,57
20160203,21,PM10_24h,,32,,50,,,51,50,45,48,47,86,,202,183,136,149,153,181,,,133,143,166,122,116,,140,144,133,131,155,130,114,124,136,123,117,129,107,77,124,98,108,102,273,237,258,277,203,262,225,238,244,260,50,43,57,64,47,53,62,54,68,41,154,100,95,91,195,217,222,216,219,197,164,172,177,186,96,,59,111,127,84,93,98,124,122,115,117,180,122,104,106,99,119,121,150,,188,195,98,183,219,,183,98,86,68,84,64,77,76,77,92,46,158,136,126,115,103,88,113,122,106,115,95,108,120,,147,148,157,172,113,119,118,142,86,61,83,64,120,64,51,68,77,176,169,187,155,173,172,164,190,147,89,136,133,146,138,177,113,115,97,89,97,75,107,175,201,156,164,165,156,161,173,155,149,154,206,198,219,173,147,177,,158,149,170,156,158,185,202,182,195,183,205,,166,185,142,153,167,183,160,157,203,189,205,191,153,115,135,114,200,226,205,209,136,101,50,154,115,152,149,142,162,164,90,120,140,126,139,,112,121,150,79,91,82,84,133,126,116,,114,,150,145,,125,104,,92,71,73,96,84,74,106,97,106,67,73,74,103,89,149,119,,157,175,111,108,112,34,41,40,34,30,42,25,40,32,110,103,79,105,77,102,58,98,111,140,200,150,184,136,,161,184,114,151,135,148,146,205,182,174,180,148,137,130,149,157,138,129,121,110,91,149,139,141,143,117,131,154,173,52,106,128,132,92,91,110,96,113,100,79,53,49,,39,42,45,46,51,47,45,42,45,44,38,46,40,42,42,26,41,36,48,51,53,40,51,36,45,39,50,49,40,45,60,43,43,45,41,46,50,44,,43,45,41,39,41,44,44,43,46,44,46,56,43,,94,106,99,108,77,83,107,107,32,42,43,41,45,65,82,70,62,69,69,62,71,74,71,71,56,69,71,77,77,81,97,94,94,93,81,,88,94,83,86,95,84,88,79,91,102,109,65,54,36,84,66,99,95,152,142,113,66,,66,149,153,139,157,196,168,232,148,195,132,201,165,152,153,128,99,107,109,92,136,142,154,85,128,158,146,135,138,,445,386,288,558,293,398,135,194,146,139,,135,156,111,137,134,66,89,192,110,78,108,141,88,126,134,66,68,39,40,56,146,119,120,105,124,111,143,134,96,98,63,161,140,133,162,40,35,31,28,227,176,189,238,243,229,237,,316,298,185,,187,198,185,211,193,164,230,,223,146,233,167,268,320,215,97,92,,79,110,157,190,,157,,206,146,144,142,227,,273,184,176,,65,88,80,194,157,165,,52,51,60,56,80,39,37,37,31,39,45,42,45,40,40,40,36,44,48,44,43,37,37,47,35,29,29,47,50,51,41,49,41,45,49,49,26,33,35,45,44,44,40,39,29,42,48,51,53,160,148,151,99,80,92,58,88,99,158,184,,168,230,174,270,82,95,121,116,59,84,165,178,109,55,96,46,33,300,120,156,148,194,191,136,65,108,138,135,122,102,148,112,176,194,158,132,109,149,141,135,150,140,90,77,133,83,73,,52,55,73,96,64,87,148,149,173,220,108,81,77,54,76,65,80,108,93,122,114,116,102,130,128,105,87,112,78,96,105,105,46,145,116,136,161,137,100,119,180,208,145,192,188,86,106,104,136,87,73,184,108,169,152,130,115,120,129,149,103,163,166,125,157,161,114,151,110,115,94,104,105,91,88,78,95,113,163,87,157,124,72,66,86,103,108,117,65,75,72,76,70,88,89,89,94,90,16,15,99,111,106,107,137,137,145,137,116,118,118,117,87,90,109,118,105,108,122,122,128,135,103,131,119,96,118,131,140,129,140,169,81,67,67,,63,63,53,172,192,169,255,106,112,107,116,67,77,89,111,152,165,224,190,195,206,212,181,133,139,125,110,128,111,167,149,,155,198,227,125,146,171,227,287,159,251,231,243,183,165,151,138,220,134,161,168,125,128,191,153,170,148,108,104,156,155,169,175,141,87,104,97,115,115,149,152,134,98,99,,88,126,132,136,86,94,113,137,155,165,168,112,106,153,151,138,132,,,119,108,131,112,101,106,,,95,95,119,95,70,118,114,134,116,107,126,55,61,53,144,137,159,182,141,117,127,103,247,136,88,102,,100,120,155,195,,215,183,147,64,95,66,,107,161,109,46,90,93,85,52,43,93,144,97,56,83,48,36,19,21,18,69,67,55,115,116,74,124,120,107,138,103,143,155,132,138,124,59,52,77,59,100,97,100,119,127,136,189,119,105,72,71,49,51,83,115,46,40,71,106,34,60,97,109,,100,68,65,57,68,76,34,126,114,68,89,64,87,191,66,40,48,55,119,108,93,34,101,121,124,133,143,134,,187,138,95,78,81,108,124,100,89,94,88,126,87,93,100,105,83,90,68,78,62,206,168,190,77,,59,100,106,112,68,,56,66,64,72,79,68,61,95,91,108,36,,47,41,21,31,32,39,32,11,24,15,38,24,24,28,31,36,46,44,61,86,83,85,70,86,139,119,121,116,99,127,106,119,85,50,72,82,76,77,57,69,75,71,78,70,83,69,75,114,135,94,91,126,,101,103,93,101,76,92,105,107,132,100,87,175,205,183,172,155,200,164,165,118,129,106,130,106,127,123,146,,140,163,122,126,124,141,97,141,103,113,96,112,110,88,100,52,80,86,72,102,113,104,99,109,128,164,128,114,119,107,125,132,107,109,94,108,127,95,102,91,91,85,82,88,102,102,98,105,104,107,114,114,126,118,,99,120,114,128,96,105,122,127,119,79,68,86,65,93,82,95,127,108,133,83,114,119,100,120,85,138,159,49,41,61,56,78,69,64,88,76,,61,67,68,73,40,59,49,78,87,73,83,51,100,94,66,62,76,76,159,152,134,188,112,93,92,102,87,95,84,91,113,105,117,128,88,96,89,94,69,87,85,,99,117,119,116,150,126,182,161,188,175,81,123,130,72,97,107,111,131,124,21,37,31,48,,52,75,106,89,113,51,76,71,68,51,64,64,67,,69,86,64,77,32,53,77,,59,97,56,59,38,34,30,30,42,49,63,55,33,36,24,34,45,41,28,68,58,57,40,79,73,54,58,14,23,56,,282,315,71,63,,,,58,18,18,165,172,165,176,67,114,103,89,105,154,110,74,56,81,96,46,53,70,129,64,113,117,,105,185,207,92,,102,54,76,85,,127,114,79,103,113,158,84,94,66,103,118,153,123,93,82,82,97,129,82,155,142,102,83,28,285,457,104,137,84,96,163,177,211,183,176,182,101,107,145,43,23,24,172,300,366,81,35,95,43
20160203,21,SO2,18,5,21,17,22,15,27,18,19,5,41,27,,102,105,82,61,30,80,,,59,68,71,27,61,,242,190,174,290,166,160,155,44,44,36,36,52,36,126,71,71,53,50,35,12,85,73,121,99,166,128,131,128,45,27,43,54,19,27,19,20,45,23,63,78,83,112,145,398,166,230,211,206,383,369,421,256,64,,117,142,171,155,54,123,254,32,55,82,40,22,29,72,36,22,230,135,,62,153,126,143,104,,34,173,142,105,169,111,85,108,44,101,8,94,152,73,44,51,20,21,107,24,7,22,23,48,,48,21,9,150,42,17,30,95,16,15,13,13,11,15,10,16,18,23,31,26,31,29,22,29,14,17,14,15,17,28,13,15,18,16,14,10,19,15,13,95,74,80,143,77,52,56,37,43,31,18,31,24,33,38,18,25,,15,19,26,15,32,28,24,35,36,25,44,,26,50,39,20,20,19,33,26,32,37,47,69,43,41,27,23,57,50,36,31,35,9,7,21,8,33,23,30,34,27,11,8,15,22,24,,14,17,17,18,11,11,17,23,22,30,,18,,18,24,,9,6,8,6,3,3,10,13,7,12,10,10,5,7,5,35,31,21,21,,9,30,16,2,33,6,11,5,6,6,5,3,4,3,9,8,6,9,13,9,5,14,8,41,122,42,91,59,,78,73,12,101,30,38,38,33,24,25,126,41,33,49,40,34,44,41,32,39,9,9,27,24,15,19,22,17,26,4,4,8,6,11,10,10,15,53,7,5,5,3,,11,1,4,8,3,7,5,6,5,4,5,6,8,8,7,5,8,2,7,11,14,11,6,7,9,8,5,6,3,9,12,9,10,16,14,8,8,10,,6,6,12,3,7,7,5,3,5,9,3,7,10,,14,11,12,16,14,14,10,14,4,1,2,3,10,7,6,7,19,11,15,48,11,9,16,17,5,16,16,13,16,16,12,9,17,8,9,,8,9,23,35,19,24,49,47,46,27,29,10,19,10,9,24,19,7,28,25,10,9,,6,56,47,40,50,12,54,74,45,30,82,56,31,36,27,29,23,42,38,29,38,38,25,109,270,303,79,142,157,,34,34,56,75,33,28,58,29,70,49,,458,39,43,355,201,31,28,50,8,26,43,41,21,32,48,55,24,12,11,19,31,18,20,8,84,106,40,60,62,88,44,164,235,158,208,6,3,5,2,209,104,181,100,196,105,71,,134,109,37,,50,43,39,27,126,68,142,,114,125,98,70,103,24,44,26,40,,28,63,63,79,,60,,75,65,86,77,63,,238,99,72,,113,32,38,76,69,82,,19,10,12,4,10,15,7,7,12,6,9,4,6,8,5,13,5,8,4,5,2,6,2,6,8,8,8,3,1,5,4,5,5,11,12,18,10,10,5,3,22,1,3,20,13,10,11,9,10,51,32,48,17,93,79,35,29,85,296,253,,245,443,39,110,81,154,51,52,85,131,225,295,174,64,63,23,17,26,98,108,57,117,83,149,36,87,33,91,42,64,48,122,79,48,131,65,26,198,208,104,217,356,23,30,27,35,22,,34,20,70,55,19,101,51,76,82,76,24,48,24,24,19,28,8,17,33,7,22,18,25,16,37,63,10,20,4,17,24,22,5,129,113,87,137,77,64,53,78,185,83,88,90,64,50,56,32,112,131,129,108,32,34,36,34,135,71,96,53,16,17,11,28,22,41,77,25,5,1,29,37,8,18,8,14,14,20,12,6,14,3,4,22,17,9,18,8,8,10,5,9,17,12,27,20,10,3,4,5,12,9,11,13,18,11,15,11,15,36,30,30,20,13,17,18,15,8,4,6,7,6,5,7,5,5,5,5,4,10,5,34,17,10,,20,12,24,5,37,28,9,56,127,51,97,80,57,64,88,18,16,46,34,28,56,35,30,23,59,51,27,10,7,30,7,,199,16,48,96,10,5,6,1,7,20,4,17,173,92,47,37,200,62,43,73,34,72,185,53,106,38,97,69,28,57,58,,6,39,27,31,56,51,17,16,18,13,16,,11,15,19,,8,17,26,19,29,36,39,48,30,32,59,17,14,,,14,3,13,13,12,17,,,46,197,38,16,34,40,19,36,30,45,37,7,9,3,67,60,217,56,35,131,188,54,238,196,72,81,,59,164,203,300,,220,470,114,88,85,170,,251,17,38,3,41,22,6,7,4,42,154,39,23,60,65,12,6,30,22,22,15,9,42,113,17,42,43,66,38,40,27,47,98,35,15,116,75,75,27,18,70,44,27,36,47,105,91,85,70,15,12,17,40,41,12,169,11,194,97,26,40,60,,13,32,54,20,17,26,5,41,35,16,47,15,5,,32,110,59,76,20,16,106,47,55,52,12,32,50,19,,3,20,25,39,6,39,39,40,22,5,8,13,6,97,48,1,25,30,4,9,4,5,29,29,54,,25,46,12,64,16,,21,14,32,104,18,50,8,26,18,25,3,,8,7,5,8,7,7,6,,13,16,5,8,5,10,9,5,11,4,3,14,18,7,2,1,28,40,22,16,1,11,26,27,22,39,15,23,18,14,14,24,12,18,24,2,9,4,3,30,21,9,64,30,,29,23,28,15,17,21,22,22,146,81,83,81,178,64,102,36,43,43,34,72,86,40,60,61,82,35,84,,57,42,21,28,36,39,48,22,33,45,3,11,2,28,2,18,18,26,34,31,33,22,21,20,16,16,68,24,36,19,35,29,10,19,11,10,14,8,18,11,10,8,12,17,12,8,9,11,25,7,19,14,17,24,1,5,18,26,24,5,13,20,3,26,20,20,13,17,15,4,10,86,60,18,22,32,24,9,6,7,26,22,16,36,8,6,15,4,3,13,9,,19,19,18,24,8,13,26,7,12,19,13,11,13,16,18,14,8,12,12,37,29,4,14,5,7,8,21,7,19,21,4,9,8,6,3,8,3,4,29,9,9,,9,6,5,17,7,7,5,3,7,4,2,4,7,8,7,18,12,18,20,14,26,2,11,,4,10,10,12,18,10,46,3,30,14,19,28,45,,8,8,20,9,21,7,17,,13,38,10,18,31,1,13,5,3,12,4,2,37,31,5,5,12,3,3,1,2,5,12,7,10,9,7,14,6,13,9,4,6,40,6,43,,,19,10,8,34,22,60,30,17,101,101,63,24,61,19,13,22,13,10,,165,22,35,37,129,88,,39,18,7,30,,133,176,28,23,,30,37,20,45,14,16,7,17,3,30,24,137,52,6,51,102,26,21,16,17,16,2,2,2,31,55,40,33,20,24,5,11,21,17,53,176,36,48,37,3,56,45,61,67,19,17,7,168,10
20160203,21,SO2_24h,21,15,19,16,17,16,31,15,13,22,24,30,,83,87,72,53,35,77,,,59,51,60,27,73,,135,121,80,131,117,113,92,45,54,40,50,57,50,78,95,70,86,57,90,125,169,125,129,114,112,130,103,139,41,32,41,56,27,24,21,18,34,26,50,49,52,63,122,117,140,106,101,102,209,172,216,173,71,,133,133,157,132,127,146,338,45,91,58,78,66,33,64,29,57,88,87,,121,300,110,130,298,,206,152,111,94,97,77,69,97,65,89,16,155,155,80,55,92,39,44,57,29,41,59,61,67,,114,141,20,106,108,63,78,89,24,23,22,23,18,22,16,23,27,22,28,28,38,31,22,28,18,15,20,20,22,27,15,20,24,21,24,22,27,21,20,57,58,74,55,81,49,35,25,45,32,14,32,23,32,31,28,33,,25,25,30,25,32,33,26,34,37,29,41,,29,42,31,23,22,20,45,32,34,28,35,63,29,30,26,29,37,34,33,26,15,13,9,17,10,18,18,18,27,19,12,20,19,27,25,,20,23,21,9,5,6,11,25,21,25,,20,,19,33,,14,15,13,13,20,8,11,15,8,16,12,10,7,16,5,40,31,25,25,,12,35,37,4,31,6,11,5,7,6,5,2,5,3,18,19,14,14,21,19,8,25,17,39,81,43,69,62,,73,54,11,69,50,59,50,54,55,51,95,61,40,72,80,37,52,69,49,48,12,14,21,22,22,28,24,29,21,16,6,10,8,11,14,11,15,57,8,4,3,2,,10,2,4,5,2,6,4,13,5,5,5,6,16,8,6,5,7,2,7,9,13,11,7,6,8,6,4,6,5,9,10,9,9,15,13,6,5,5,,7,6,12,4,8,6,4,3,4,8,3,6,9,,17,16,14,18,15,13,11,17,5,2,2,4,10,6,9,9,18,13,17,14,10,12,21,19,5,16,16,16,18,17,11,9,17,8,8,,7,13,32,49,32,31,47,54,60,35,43,13,9,10,7,25,14,7,11,12,8,5,,8,51,39,29,43,13,52,38,41,19,46,43,35,25,36,37,20,40,44,23,40,27,21,123,146,194,149,183,194,,12,33,40,27,56,26,93,41,86,66,,63,93,35,57,57,26,20,91,7,48,76,70,39,84,86,67,44,18,12,42,57,74,48,66,95,72,107,154,47,50,32,147,166,129,157,7,4,6,2,128,82,107,91,114,95,68,,86,77,53,,61,64,40,50,118,120,103,,112,98,96,61,76,22,68,35,49,,42,40,46,127,,101,,116,61,55,60,73,,102,74,55,,54,42,44,116,118,92,,18,10,8,8,14,17,15,11,10,7,8,7,13,10,7,12,8,10,6,8,20,6,2,6,7,7,8,4,2,6,4,6,6,7,8,14,7,9,4,3,5,3,3,28,14,18,11,8,8,41,35,44,38,150,85,52,199,175,273,258,,182,268,53,80,82,121,51,86,102,104,205,160,123,54,124,38,34,155,121,127,125,119,83,97,38,95,82,60,51,45,140,121,173,127,172,104,52,107,161,75,177,251,62,36,70,44,35,,26,28,78,82,16,108,39,74,83,88,19,26,23,27,37,28,14,19,32,7,26,16,27,15,17,41,36,36,25,39,22,40,32,100,81,76,88,70,76,46,101,175,112,140,153,50,57,39,46,90,107,93,96,47,50,50,64,84,57,91,40,15,18,11,22,22,44,88,42,14,17,18,35,13,17,12,20,13,22,10,6,11,5,4,20,21,14,19,9,8,11,7,8,16,15,25,23,13,3,4,5,9,10,8,14,20,11,23,14,11,36,74,38,26,9,18,13,14,9,13,15,10,6,3,8,5,7,7,7,11,28,6,30,18,30,,29,12,20,18,36,23,14,51,73,45,56,36,48,83,113,25,16,33,32,32,35,41,26,17,53,50,33,56,21,52,13,,252,245,247,143,8,12,7,2,8,22,4,14,98,78,45,43,130,85,59,48,43,43,151,73,91,57,73,51,25,61,88,,17,26,33,41,48,57,25,18,35,22,22,,18,17,23,30,17,22,30,21,41,39,52,29,19,29,27,21,22,,,13,8,13,11,13,13,,,85,129,36,13,16,38,18,41,30,33,35,8,10,7,180,196,161,194,206,175,189,215,319,220,120,74,,38,135,200,182,,214,296,50,70,41,78,,148,130,84,2,35,39,12,11,5,40,167,58,35,59,37,11,6,33,57,25,32,22,83,125,118,123,76,58,79,63,92,103,61,68,68,161,43,89,42,80,76,68,54,61,77,118,98,104,39,22,16,15,31,41,21,51,19,58,28,25,27,57,,28,30,36,24,23,25,10,41,28,14,48,21,5,,36,59,56,45,99,83,46,22,18,22,9,31,43,23,,5,23,35,34,13,33,39,44,20,8,8,32,8,17,42,2,24,39,11,5,8,7,23,19,38,,21,35,15,47,17,,21,18,29,35,21,15,7,18,12,22,2,,6,6,3,8,10,6,6,,11,16,8,7,4,7,7,6,8,4,4,5,5,5,5,4,24,37,21,13,3,12,25,25,16,47,23,29,23,19,13,25,16,15,31,5,16,17,8,23,15,13,41,26,,17,17,16,16,8,16,21,16,85,74,58,65,96,70,98,37,44,40,46,43,40,38,46,67,77,33,69,,33,51,32,24,38,32,34,27,46,52,11,19,9,92,3,16,12,21,24,54,62,32,24,21,21,42,59,25,45,28,31,25,8,14,5,7,7,5,22,15,26,8,9,12,15,14,14,16,15,8,20,11,20,19,3,6,24,26,24,7,14,19,4,26,12,13,14,11,10,28,19,55,65,14,17,30,24,13,8,7,36,21,13,38,9,5,7,6,4,33,12,,16,25,19,25,8,5,14,9,17,17,12,9,13,14,19,12,9,12,14,31,28,17,13,9,5,10,12,6,23,19,8,11,9,10,3,20,13,18,27,15,7,,11,8,21,19,25,41,12,21,11,6,2,4,7,8,5,18,12,22,18,12,13,4,17,,7,18,32,33,67,8,11,6,15,40,30,45,42,,22,11,20,14,24,8,20,,19,34,11,16,34,3,12,5,3,12,6,2,15,14,5,9,11,3,5,3,4,7,13,7,6,6,6,13,4,7,7,5,6,12,3,56,,,26,10,7,26,24,29,27,23,77,83,61,17,46,22,23,25,37,23,19,68,24,62,50,91,125,,43,26,15,32,,88,108,31,21,,23,35,36,35,26,44,9,34,4,31,129,205,154,20,69,69,32,37,23,24,14,5,5,3,45,58,36,35,17,17,3,11,15,12,54,108,44,48,39,4,33,26,19,23,21,27,9,232,5
20160203,21,NO2,73,2,60,101,93,80,80,73,54,32,58,71,,143,100,132,140,147,126,,,155,107,129,95,59,,120,139,120,130,129,126,81,80,76,53,86,68,92,64,85,49,90,74,133,115,105,120,129,89,126,123,129,172,22,25,26,39,24,79,68,54,74,21,108,70,70,131,116,152,121,132,98,129,179,158,166,169,48,,42,65,62,71,47,68,84,31,21,32,13,22,34,20,51,20,77,73,,35,74,66,78,78,,34,105,109,101,83,80,69,72,21,82,8,55,47,53,42,44,19,15,43,21,15,18,48,77,,71,59,67,42,53,33,53,56,42,57,60,56,64,48,60,47,50,95,69,145,90,137,90,108,126,54,75,112,160,130,115,132,110,116,8,37,38,29,70,125,35,35,94,101,138,104,64,86,2,116,104,40,34,97,44,132,,44,124,91,121,80,135,116,100,130,66,85,,71,103,109,69,79,84,108,48,70,97,69,103,84,125,60,129,141,167,58,95,66,108,16,44,35,112,129,135,66,64,44,105,108,60,138,,26,102,124,50,32,25,44,45,50,96,,66,,62,56,,36,26,29,53,21,20,54,49,34,51,28,10,28,12,24,203,105,113,95,,31,129,32,32,34,11,16,49,48,40,64,8,34,31,78,74,26,60,,91,17,110,79,17,64,52,148,129,,120,71,39,70,58,108,60,30,142,212,131,91,70,47,73,50,75,75,69,86,56,102,140,113,121,111,109,133,103,11,35,66,31,44,69,34,66,50,55,17,63,69,,26,49,56,30,69,14,51,15,51,57,62,66,24,34,72,12,23,27,30,48,74,34,56,53,55,43,65,59,19,35,16,57,40,51,47,32,33,29,,26,25,30,22,35,25,31,24,30,18,30,37,28,,19,36,49,19,25,30,21,42,7,11,21,17,17,19,59,47,63,56,38,24,56,62,66,47,58,79,65,44,57,50,41,50,47,45,56,,59,23,16,20,14,14,24,36,29,19,22,18,27,3,35,39,56,50,19,92,32,38,,8,125,143,132,104,57,103,130,98,103,112,66,119,81,34,22,17,38,30,63,29,45,16,32,61,59,70,58,97,,105,39,115,115,113,63,78,59,82,93,,94,81,90,82,75,12,31,64,46,26,41,42,14,49,58,28,20,8,9,14,44,35,43,28,55,96,21,88,114,87,65,75,100,139,84,27,25,25,16,123,125,134,121,135,113,78,,94,111,49,,64,74,51,54,113,122,106,,104,97,104,63,94,75,56,78,100,,32,88,94,69,,93,,57,58,65,43,96,,146,110,102,,68,42,107,124,86,107,,25,15,24,15,21,19,21,11,18,16,27,18,19,10,10,7,14,27,33,32,25,24,31,35,12,22,18,43,32,26,18,31,36,29,41,30,22,22,28,14,23,20,20,11,25,39,13,40,28,59,47,65,8,46,34,20,15,37,95,52,,162,97,35,74,45,76,23,34,113,39,113,79,67,41,16,15,13,23,48,43,40,86,92,63,70,73,49,93,43,80,38,91,45,27,89,84,83,99,102,76,97,100,23,27,17,33,23,,16,60,69,66,53,59,50,70,60,91,37,46,62,36,41,42,46,77,55,30,103,66,31,98,13,67,74,107,9,50,44,19,3,120,112,104,134,79,61,80,64,124,78,93,88,114,71,86,76,81,69,65,45,91,106,81,33,108,83,76,55,48,62,38,27,38,76,62,53,14,15,42,31,26,16,43,24,26,34,2,66,55,15,11,14,57,23,46,18,19,16,22,24,32,31,44,48,26,17,15,45,61,40,59,25,45,43,41,28,23,47,30,77,52,51,31,41,51,19,41,42,77,31,48,62,21,20,39,42,67,31,38,38,16,21,,34,27,14,68,132,93,122,56,93,71,84,57,83,48,118,21,34,103,83,63,93,74,102,63,89,92,76,13,4,20,33,,27,18,55,13,76,14,12,39,55,44,66,42,122,75,29,30,109,45,48,140,125,104,114,42,107,40,73,43,84,24,69,80,38,57,62,56,26,57,97,111,42,94,98,,29,77,108,,60,85,41,36,87,113,80,48,34,86,56,42,36,,,59,62,58,44,41,50,,,42,61,71,53,35,58,87,93,54,52,35,25,30,22,68,48,73,51,29,35,72,32,84,37,62,37,,28,48,106,89,,76,198,63,32,26,38,,29,19,38,6,27,20,11,36,31,52,85,59,23,41,31,10,4,11,13,21,24,5,32,34,10,21,16,45,32,42,39,34,87,55,26,38,29,31,31,26,49,22,19,33,77,95,58,81,64,25,14,11,59,77,42,63,103,93,94,25,61,57,,20,28,40,15,92,62,42,39,46,19,41,8,40,61,8,95,19,35,34,20,68,28,113,129,68,68,52,54,,29,53,20,80,65,111,87,106,41,75,69,25,23,21,50,30,84,112,35,38,21,81,154,111,71,,30,97,66,85,41,,33,21,100,35,30,60,35,43,54,40,52,,18,21,6,15,18,15,18,2,36,20,26,11,25,27,33,31,15,23,5,74,55,13,24,2,44,52,26,40,3,19,48,34,50,17,33,12,34,36,7,17,37,22,32,12,16,17,15,22,33,26,50,32,,44,38,3,40,11,22,41,21,161,106,128,57,127,104,111,73,65,46,60,140,117,113,99,86,83,50,116,,97,56,70,47,41,58,73,29,37,44,42,31,20,40,31,10,32,24,39,51,69,54,86,85,43,58,43,46,43,18,117,83,80,69,32,16,32,22,126,21,48,22,23,42,29,63,34,39,48,14,31,21,27,42,36,86,50,73,84,19,26,50,25,38,16,14,29,14,16,3,1,8,16,7,29,54,12,28,38,20,55,54,36,16,20,32,48,14,12,33,21,,17,14,26,28,12,58,44,9,12,41,41,17,21,24,23,32,23,18,64,50,48,55,7,28,26,41,33,25,31,36,21,52,33,37,9,23,19,25,15,39,48,,27,45,74,64,79,76,2,38,41,38,4,34,55,56,12,18,31,20,26,10,36,14,24,,8,19,13,28,47,21,41,33,41,22,29,18,25,,8,7,32,18,22,19,24,,18,28,9,17,20,2,1,9,22,25,11,13,26,39,12,13,20,6,11,,34,6,4,18,26,14,19,108,25,38,36,9,19,76,6,19,,,6,4,7,43,58,88,67,37,99,90,75,35,66,46,27,36,18,9,7,100,65,25,30,52,45,,28,48,70,21,,39,54,26,25,,45,28,21,40,8,7,4,4,11,25,2,54,60,6,20,20,18,20,21,82,63,26,16,5,74,64,43,12,35,40,57,37,48,62,57,50,104,60,80,14,33,91,113,96,110,22,37,30,67
20160203,21,NO2_24h,59,12,64,76,72,69,73,42,29,53,60,56,,91,87,89,94,97,92,,,96,73,97,72,83,,73,80,60,83,77,74,39,72,74,57,78,64,78,50,64,54,76,59,114,115,118,109,107,95,95,100,94,146,16,26,26,35,18,47,52,48,37,23,75,77,67,90,103,97,90,80,73,78,125,98,103,104,38,,29,42,40,53,38,56,72,48,36,58,55,48,61,54,45,45,56,59,,57,85,55,76,80,,64,60,68,57,48,40,41,50,31,64,11,73,62,70,51,64,22,26,51,37,46,34,48,103,,104,93,81,48,90,49,67,65,47,70,75,63,62,63,53,59,56,75,87,100,69,86,58,49,80,74,48,80,96,83,81,86,79,86,46,51,47,41,63,60,23,28,62,76,99,60,83,63,45,67,66,27,21,77,39,91,,46,85,79,72,77,83,70,93,80,50,74,,43,67,69,35,59,56,68,59,51,57,64,27,43,59,38,60,67,42,53,61,55,66,15,67,39,67,77,72,66,52,30,63,61,51,58,,32,53,58,27,26,34,26,43,45,60,,44,,63,53,,27,33,22,25,15,22,38,30,23,36,17,19,24,17,17,126,79,90,91,,15,74,20,17,17,13,19,25,23,21,24,8,25,25,49,29,21,21,30,55,15,52,43,13,52,44,94,67,,66,47,30,47,71,59,35,31,90,20,98,85,79,67,80,65,73,73,73,55,43,75,89,71,63,69,69,73,74,15,38,76,28,45,45,46,65,43,48,17,42,32,,17,25,35,13,42,8,31,17,34,40,38,41,21,18,47,14,21,17,19,28,47,23,32,24,30,20,34,35,15,25,9,32,24,22,29,20,31,20,,21,17,17,15,19,16,13,16,18,10,24,21,13,,34,39,59,27,24,27,34,38,7,11,12,15,6,18,56,46,53,48,46,32,45,50,60,54,37,70,62,44,52,63,39,43,50,42,47,,56,33,21,33,27,16,24,43,37,22,35,23,24,7,14,27,45,38,7,48,37,8,,23,83,97,94,87,45,70,101,72,61,72,42,92,53,73,61,25,64,52,58,42,38,13,26,61,44,51,55,63,,101,71,101,116,93,55,59,46,64,59,,46,46,36,40,38,9,21,52,36,41,49,51,29,59,59,46,34,17,21,42,57,63,58,51,41,44,47,56,73,62,36,46,73,92,57,22,25,22,12,77,76,94,82,82,70,48,,74,71,45,,63,58,42,44,70,89,74,,70,62,61,50,52,47,34,50,64,,40,51,57,54,,75,,65,57,49,32,88,,96,70,73,,43,35,51,77,78,67,,19,11,14,11,17,16,20,17,13,14,20,19,17,10,14,7,16,20,20,20,11,22,14,28,10,12,11,20,18,14,23,28,28,16,26,19,12,13,16,10,17,19,16,15,17,18,17,24,20,39,30,35,23,50,38,24,32,40,70,47,,95,62,26,60,39,63,15,28,75,27,77,53,40,17,35,21,14,57,58,70,76,91,66,71,35,71,62,56,60,48,69,71,61,63,79,75,44,54,77,54,57,74,55,41,49,44,37,,12,37,56,44,34,32,36,51,44,70,23,28,36,27,36,42,42,73,45,51,53,56,48,57,29,43,49,49,18,26,34,18,7,78,66,76,82,52,21,46,66,86,59,79,74,53,38,53,51,70,60,61,41,62,67,57,55,70,55,57,41,38,49,43,21,37,59,72,36,14,34,40,22,44,21,45,19,26,38,2,40,33,14,11,15,36,18,31,16,16,12,18,14,28,15,31,29,21,11,10,28,45,34,43,32,34,44,42,36,19,45,38,37,33,36,31,40,46,18,31,38,75,16,27,37,15,18,19,25,52,30,22,33,17,22,,28,21,14,65,88,91,97,42,65,45,39,31,47,41,77,34,42,71,66,65,61,66,74,44,64,66,55,18,8,22,35,,27,60,53,23,40,14,8,48,32,43,41,26,77,62,30,31,83,73,53,82,133,57,82,58,84,52,54,56,60,19,70,59,24,30,39,46,24,41,53,69,43,57,57,,31,54,78,76,55,56,31,30,68,88,72,52,41,76,58,40,33,,,28,56,39,29,27,32,,,54,53,43,34,20,42,48,46,42,32,24,31,33,40,68,62,60,52,55,42,54,54,62,33,49,27,,21,29,81,60,,65,135,42,21,17,25,,17,53,46,9,21,29,16,28,22,33,60,34,32,61,20,8,5,9,18,23,28,9,34,44,28,40,30,46,59,50,60,53,47,45,50,34,24,30,34,56,49,48,39,41,62,70,46,51,32,17,19,12,43,66,24,20,68,56,23,25,38,40,,20,26,37,16,55,38,23,41,48,27,44,12,22,52,14,44,26,18,56,46,43,14,36,55,28,51,59,41,,16,56,45,55,41,87,62,54,42,39,40,50,36,35,57,17,79,66,42,24,19,38,84,72,39,,26,63,39,25,34,,26,15,55,31,28,49,29,47,36,57,28,,23,19,7,12,14,13,13,2,14,11,13,9,16,17,17,16,13,21,5,11,14,15,16,6,22,29,19,16,7,21,29,25,36,16,30,13,27,27,7,12,27,17,24,21,29,23,27,23,33,24,39,31,,32,28,22,35,12,21,40,20,100,70,76,32,86,68,61,45,90,48,46,59,52,52,52,62,47,48,56,,38,38,53,28,19,37,31,48,42,49,39,23,30,36,46,8,33,30,34,28,39,36,32,44,33,49,51,44,52,26,75,56,40,42,16,16,19,18,55,24,23,23,20,37,30,52,34,42,43,12,25,23,29,29,54,61,43,52,60,15,16,31,18,23,15,17,29,14,20,20,16,30,25,21,21,57,9,19,31,12,39,37,14,13,16,18,25,12,12,21,16,,12,11,24,20,10,25,26,9,20,16,36,14,31,33,28,31,15,15,63,61,56,68,7,28,21,39,19,18,28,32,30,49,37,37,10,30,23,31,13,35,37,,20,22,53,46,56,64,7,40,37,18,11,34,45,36,13,14,27,20,21,8,15,16,24,,11,25,34,34,53,16,20,24,26,45,30,20,24,,22,12,33,21,12,16,34,,20,55,20,19,22,2,2,10,14,18,17,17,10,16,7,5,8,7,8,,18,6,9,24,30,9,10,11,19,16,16,14,20,12,4,17,,,17,4,7,34,50,66,45,38,67,66,60,24,37,39,33,33,32,17,7,51,52,33,38,41,37,,46,36,52,21,,32,42,37,31,,42,30,32,40,19,11,15,14,12,6,27,58,87,15,22,29,24,34,38,52,48,16,15,4,71,96,33,12,26,29,14,45,46,47,39,21,60,50,38,18,14,40,72,66,65,24,24,45,41
20160203,21,O3,15,88,27,3,13,8,6,16,3,71,38,18,,6,15,13,10,8,8,,,4,2,6,3,50,,,7,8,3,4,13,52,23,18,23,19,24,14,21,13,24,15,16,8,44,35,69,13,28,6,16,3,6,71,73,71,67,64,18,16,44,20,75,18,40,49,6,9,9,4,8,30,14,4,7,13,27,5,,13,4,4,3,13,11,16,53,53,54,63,31,48,55,32,61,8,7,,55,17,31,19,14,,47,2,11,4,8,23,25,28,64,19,120,41,49,29,47,53,69,86,30,65,82,37,37,19,,27,33,40,24,51,53,26,35,56,49,40,67,59,56,39,61,41,5,65,17,49,9,16,19,17,75,25,3,9,2,5,4,12,5,52,70,59,64,45,17,58,68,50,44,30,16,62,36,46,18,12,13,26,46,60,19,,52,6,7,15,25,8,9,48,11,49,56,,14,32,43,36,42,27,17,106,19,39,52,8,40,12,65,21,68,66,65,54,85,12,99,119,52,21,28,31,87,81,40,6,28,55,15,,91,27,14,75,99,111,94,86,77,50,,65,,98,113,,72,84,70,44,76,63,36,48,58,,116,80,76,83,62,4,6,2,32,,20,30,11,53,16,73,66,11,26,19,21,66,17,46,15,38,71,39,32,22,37,23,43,86,6,61,13,4,,23,53,64,20,68,11,22,87,14,4,21,61,20,85,54,59,69,83,27,21,48,1,4,7,46,7,12,10,7,81,35,38,36,44,8,52,35,17,33,60,8,2,,27,24,21,40,6,43,36,38,29,15,8,11,53,29,42,61,55,43,35,39,12,37,22,18,18,9,4,7,38,38,44,16,21,7,11,23,10,23,,35,25,29,30,18,33,22,34,27,38,70,35,37,,50,31,16,51,53,43,61,36,70,71,65,55,53,63,4,2,9,4,33,35,6,3,12,22,10,6,8,10,12,21,17,19,29,19,10,,21,59,74,83,68,143,78,50,71,91,58,63,63,84,51,50,45,30,61,36,77,66,,88,19,16,10,24,12,12,18,33,18,16,14,6,8,66,74,83,53,65,41,31,50,69,52,26,30,36,55,35,,2,25,3,4,7,13,14,8,88,11,,2,5,13,14,6,81,23,11,27,64,57,44,65,42,42,143,72,68,92,87,35,50,36,53,22,22,77,9,2,8,45,15,34,45,9,42,28,14,45,2,3,4,23,18,43,13,,27,8,66,,46,10,19,25,13,10,12,,7,15,14,56,27,37,46,14,9,,56,7,5,23,,23,,32,82,55,74,30,,15,13,24,,57,70,16,8,41,10,,56,57,57,66,60,72,82,83,72,83,73,64,66,69,80,45,69,39,27,23,27,6,6,,84,75,70,14,20,24,51,32,34,49,44,48,88,85,52,63,58,64,81,14,9,12,63,16,36,65,101,107,84,46,45,58,42,42,19,17,,24,7,10,10,9,45,6,13,2,7,11,5,9,18,26,33,77,46,39,29,36,13,5,29,30,13,34,7,31,15,43,12,22,30,11,11,53,17,21,36,19,29,77,71,91,76,93,,104,30,20,7,31,8,19,4,36,31,84,64,39,64,30,61,49,78,88,39,4,42,86,16,18,10,5,4,20,17,27,81,89,10,10,40,14,12,44,27,44,15,22,23,18,11,52,80,39,38,47,24,61,9,9,18,102,5,13,21,24,80,63,55,75,66,53,57,73,71,81,72,63,89,90,78,65,41,42,17,21,33,36,,63,62,190,63,31,44,59,47,59,54,63,46,38,41,77,82,15,9,12,8,18,3,9,16,19,20,65,75,5,41,5,9,8,5,19,11,9,34,36,19,9,7,9,10,13,11,13,19,49,57,64,,53,65,53,35,11,32,22,40,13,50,20,60,4,14,5,109,40,7,8,41,15,35,7,31,34,25,18,59,86,51,61,,53,86,36,70,76,91,35,68,25,41,30,59,7,25,86,70,4,48,80,2,41,13,19,42,25,44,57,84,2,49,37,6,8,40,20,24,27,4,25,3,47,9,9,,47,,18,,43,8,28,7,27,30,44,84,159,44,53,65,77,,,87,91,34,80,54,81,,,38,23,14,64,90,56,19,34,82,19,66,53,41,53,63,81,54,72,57,37,25,66,20,25,24,2,,6,4,,17,,29,7,14,19,9,3,,16,74,33,75,59,60,93,45,52,28,14,15,65,33,61,75,89,85,76,54,77,83,26,43,40,39,51,34,45,49,33,48,2,19,64,43,44,21,27,61,32,45,49,51,3,20,36,9,34,49,56,67,35,9,24,52,25,62,40,73,56,19,,55,64,76,121,5,3,33,98,87,121,75,110,29,30,117,7,50,32,55,67,2,41,15,16,53,87,73,70,,63,36,94,47,40,20,56,41,61,11,25,29,101,95,40,20,11,15,70,30,70,21,12,46,12,,34,59,14,31,22,,76,15,98,43,21,,13,127,67,71,14,,61,58,48,27,26,27,25,80,16,34,10,29,26,22,16,23,58,54,27,3,25,57,31,53,38,35,77,20,87,62,45,79,67,70,72,89,71,59,45,47,39,44,37,39,73,55,41,76,66,54,62,71,,27,31,33,34,75,101,86,87,23,20,24,24,3,24,4,54,71,71,57,4,6,32,20,62,55,101,20,,8,25,29,65,64,59,32,54,96,58,46,38,6,23,69,105,55,87,99,53,27,50,27,34,75,53,91,83,49,88,8,3,33,72,57,86,57,83,11,54,43,38,22,48,49,25,49,45,37,56,47,67,61,49,70,27,52,27,22,29,43,14,45,13,77,84,54,85,79,62,63,57,58,59,94,67,77,73,62,19,5,9,45,29,31,31,29,55,33,42,54,,54,47,28,48,45,16,17,50,60,28,59,75,79,107,47,41,77,70,6,25,8,21,14,18,8,21,24,29,27,27,19,7,20,9,62,36,24,27,32,12,15,,2,10,23,10,29,35,27,4,38,10,67,26,15,9,27,26,23,23,22,40,31,58,24,,92,68,82,64,59,63,15,4,70,66,52,48,44,,75,74,16,24,20,39,65,,76,148,97,53,86,82,37,112,40,51,57,100,58,64,46,51,42,49,44,9,41,79,64,70,75,67,12,55,42,21,52,59,84,33,73,25,,,6,83,75,24,9,9,8,44,5,8,25,33,15,25,93,61,27,60,26,5,27,49,47,44,53,,90,58,41,53,,44,45,54,45,,16,56,83,32,106,89,95,87,11,5,64,26,39,32,72,43,33,32,70,3,41,21,25,85,28,95,67,17,54,79,35,55,30,21,20,28,19,43,28,89,62,1,5,7,14,41,23,63,21
20160203,21,O3_24h,54,90,56,57,58,48,59,72,47,71,74,74,,66,61,110,87,82,85,,,69,42,77,47,97,,64,75,79,68,62,66,87,87,87,86,92,98,80,40,83,24,73,41,76,124,82,143,84,81,84,59,92,64,97,96,95,100,84,88,90,88,85,96,70,71,77,64,93,85,88,102,111,87,32,37,28,38,35,,38,48,43,35,30,50,55,78,67,72,63,34,63,59,85,84,85,76,,92,71,81,68,66,,103,82,79,79,68,83,93,79,76,66,128,82,84,48,81,78,102,119,59,93,109,51,78,63,,48,38,88,62,73,82,49,75,84,74,63,104,115,80,103,83,84,113,97,140,135,142,127,120,116,117,101,101,135,76,98,97,114,112,131,128,109,132,93,144,148,101,150,163,110,91,81,64,124,119,109,109,124,139,118,111,,143,111,110,147,75,80,110,131,99,116,115,,95,109,144,115,133,135,142,174,84,130,142,128,130,122,128,126,156,151,93,124,125,94,137,119,102,71,94,95,136,123,117,141,135,139,132,,149,130,127,93,99,112,94,106,103,65,,152,,136,144,,140,148,154,129,151,105,90,119,128,123,143,99,111,158,100,114,82,57,84,,93,108,123,115,118,73,78,72,36,62,86,66,26,60,90,136,114,140,121,82,129,119,127,102,104,107,82,124,,109,111,103,102,81,59,125,123,79,67,95,115,26,104,70,85,107,96,35,135,128,105,99,89,149,99,105,117,82,227,63,64,92,78,69,76,72,57,77,86,59,60,,60,55,56,70,62,65,69,158,53,45,56,48,82,53,62,90,69,64,63,62,50,49,56,58,62,52,46,45,51,59,66,35,43,40,37,37,45,50,,62,44,59,56,54,57,54,59,44,50,91,60,59,,68,56,31,68,79,75,81,71,70,86,80,60,69,83,17,11,27,16,37,49,16,29,36,24,45,17,36,26,22,21,64,50,44,42,55,,53,72,77,83,71,144,117,51,71,97,58,87,100,99,106,98,96,81,107,107,110,99,,114,70,46,58,44,56,97,79,91,50,45,93,50,90,66,91,88,69,69,79,78,72,111,60,72,79,148,99,91,,4,31,45,19,69,23,44,39,88,69,,55,90,104,77,71,107,100,40,42,80,72,84,73,75,87,174,86,72,104,98,68,72,73,70,53,129,82,101,88,98,100,39,65,102,78,55,45,17,52,41,63,24,99,101,145,117,,99,97,100,,67,33,40,63,125,108,92,,47,91,89,110,115,122,162,81,80,,66,79,76,103,,100,,84,188,99,110,95,,126,116,113,,78,91,84,74,93,109,,87,86,89,93,89,88,100,97,91,99,79,72,77,88,100,50,81,62,68,61,62,24,36,23,86,81,78,58,56,58,54,42,49,68,64,78,105,100,66,66,71,64,85,33,13,43,87,45,65,104,139,193,96,79,68,90,52,71,90,101,,106,109,71,63,83,101,73,42,62,68,93,93,59,44,34,38,139,54,67,40,47,51,37,68,91,72,65,83,50,79,78,69,52,43,33,77,120,91,92,104,101,90,110,99,118,112,130,,145,82,45,53,70,70,76,71,88,69,159,94,78,83,34,94,128,98,113,66,119,105,119,55,49,79,36,69,54,106,93,112,90,87,34,101,87,90,68,87,89,74,89,45,47,73,119,141,99,81,112,91,89,117,117,117,123,77,60,71,97,130,115,81,99,96,135,99,123,104,101,90,120,118,122,117,107,69,68,19,53,69,77,,72,122,305,110,48,57,79,63,93,102,97,76,105,98,101,103,56,39,24,44,26,26,32,44,44,28,104,94,83,129,47,41,29,29,41,44,19,44,72,56,37,29,16,21,24,18,28,32,60,81,69,,74,110,79,72,104,89,51,120,104,138,127,154,109,104,95,112,62,61,49,90,98,87,99,73,34,81,88,79,94,75,61,,102,86,62,80,112,92,47,68,49,60,64,77,87,66,112,89,59,71,172,133,122,160,103,78,104,114,97,88,37,109,110,80,61,88,114,83,83,95,108,63,67,96,112,,112,,87,84,115,80,42,54,173,165,226,123,192,95,96,103,105,,,126,127,68,107,131,145,,,50,47,89,124,215,128,108,75,116,29,116,63,54,70,70,90,88,106,65,41,84,91,76,72,91,22,,42,54,50,36,,146,39,91,124,133,58,,37,93,72,79,83,75,106,69,76,74,79,53,105,50,83,89,206,96,97,75,104,95,49,87,50,58,73,63,76,96,85,120,68,68,112,65,66,49,40,83,57,65,67,90,85,94,101,66,76,66,74,86,107,54,88,97,78,91,115,81,104,85,,68,78,83,129,64,90,65,120,125,129,141,118,104,90,128,43,64,65,78,84,53,68,117,21,109,147,139,153,,104,66,112,87,95,91,117,167,66,35,91,29,123,121,53,23,21,54,179,73,177,39,58,81,60,,56,143,39,164,25,,112,26,159,78,95,,36,136,81,88,59,,69,74,54,42,41,41,45,80,62,74,37,52,58,54,51,60,67,60,105,69,113,136,100,89,119,121,138,57,118,89,94,131,110,140,110,149,130,122,68,70,69,76,72,62,124,97,72,97,93,83,100,100,,73,79,79,76,97,132,132,114,66,64,82,81,70,90,48,93,114,99,102,98,52,128,114,137,124,161,129,,114,129,147,114,122,109,126,121,123,85,92,125,134,45,96,134,76,87,127,116,58,93,82,138,126,90,125,127,63,116,104,83,110,138,100,125,105,123,109,63,204,62,37,89,83,67,89,77,70,95,79,103,94,92,94,82,101,79,79,51,57,60,68,33,108,108,75,113,106,83,76,61,80,66,117,108,125,113,102,79,31,53,73,133,54,57,65,65,51,63,76,,70,62,35,70,65,79,58,65,72,57,59,97,81,119,88,73,99,85,11,25,10,38,27,27,11,25,45,46,43,35,60,53,50,49,81,56,55,77,62,45,46,,26,55,44,26,87,82,42,20,124,20,69,41,27,39,51,49,39,34,47,52,79,81,39,,143,110,116,122,118,185,39,17,113,258,77,69,71,,75,84,36,44,35,69,68,,88,166,110,63,90,84,56,112,82,102,79,124,96,101,62,71,67,63,55,46,97,89,70,106,121,89,87,79,57,84,95,80,115,114,292,28,,,55,86,78,50,32,37,41,85,90,73,99,63,66,75,98,94,31,68,133,64,67,67,71,75,86,,110,84,68,69,,66,54,61,72,,28,81,91,62,118,105,97,101,30,5,89,66,74,49,88,58,41,35,82,46,114,41,34,120,47,119,81,26,74,96,71,83,46,48,73,82,72,75,114,91,94,65,61,58,102,50,36,96,62
20160203,21,O3_8h,39,88,35,38,35,28,30,43,31,54,44,48,,36,34,64,54,46,44,,,33,23,41,25,73,,34,47,44,30,39,46,68,57,52,56,58,62,49,33,45,13,40,32,38,67,51,100,43,45,42,35,46,32,84,79,78,84,70,53,48,74,65,86,46,43,55,41,51,48,49,60,79,53,14,19,18,30,16,,15,27,25,18,16,20,33,61,48,51,49,27,43,50,56,67,51,49,,68,46,58,43,40,,76,47,43,50,34,61,58,49,62,41,116,53,62,28,58,57,87,100,40,79,91,44,57,21,,32,27,63,43,56,67,39,49,61,56,49,86,85,54,78,73,65,67,81,102,102,90,86,80,82,98,67,53,70,40,58,50,71,61,87,99,86,84,73,96,106,84,105,80,67,62,73,54,90,87,50,72,87,106,93,71,,102,62,66,91,52,49,75,95,65,90,86,,66,80,102,84,96,83,96,141,55,103,112,87,92,74,97,82,122,120,80,95,102,58,124,96,73,48,66,70,112,98,83,88,94,106,96,,118,95,90,76,88,103,87,95,89,58,,118,,113,126,,120,119,120,106,108,91,66,89,104,114,130,88,92,104,85,59,45,32,68,,50,79,77,89,85,49,44,29,28,32,38,61,21,54,63,116,94,114,98,59,95,91,93,94,60,81,47,74,,63,89,76,61,69,38,64,103,51,21,55,87,19,66,56,69,87,81,26,72,103,58,64,53,107,71,71,74,44,95,51,51,64,62,42,62,45,37,50,69,24,32,,31,45,32,59,27,56,53,60,35,26,24,35,58,42,54,76,63,54,51,51,36,41,43,44,44,36,14,16,46,48,56,23,31,26,25,30,26,34,,48,34,46,43,39,47,41,48,36,45,77,47,52,,61,44,23,61,70,63,71,53,62,75,73,56,63,47,8,6,18,10,32,39,13,14,27,21,26,9,19,13,16,13,17,34,29,26,15,,22,46,71,66,64,136,87,46,61,89,44,78,91,92,89,82,80,69,93,88,99,89,,98,49,29,31,37,40,65,48,65,37,33,60,33,49,52,56,70,56,57,61,42,61,91,54,52,55,92,73,74,,3,26,25,15,41,19,32,28,42,37,,36,52,68,54,47,95,70,22,34,67,60,67,60,59,70,144,80,69,95,88,36,44,39,53,32,92,63,63,45,51,75,30,51,76,40,44,29,15,44,25,42,14,65,65,108,81,,74,63,77,,53,23,32,48,72,66,56,,26,61,58,81,83,74,96,53,43,,46,49,41,62,,58,,53,100,81,96,62,,71,61,74,,70,81,54,45,62,71,,66,70,72,80,74,74,87,87,80,85,71,63,72,72,84,43,75,49,53,48,50,14,23,12,78,75,72,42,38,41,50,36,42,60,52,65,90,86,53,59,59,57,78,26,11,34,78,36,56,90,120,156,89,62,55,68,47,53,61,60,,72,63,44,36,52,77,44,27,33,41,62,55,37,38,27,35,84,44,37,23,23,25,18,34,56,33,38,35,29,42,51,35,36,32,22,30,82,53,50,69,55,52,89,66,93,80,101,,126,46,24,23,43,32,36,28,52,45,110,79,51,73,31,71,77,87,95,48,69,82,103,35,40,53,24,53,36,78,70,97,86,61,23,68,49,51,51,58,68,45,60,38,32,48,93,111,71,48,68,50,69,74,88,83,111,41,42,45,70,111,91,71,89,82,114,83,109,90,88,82,100,107,105,103,93,61,59,18,37,50,65,,68,93,159,88,40,50,71,56,80,85,87,64,76,75,90,95,33,14,18,30,20,9,8,22,18,25,87,79,51,87,17,14,9,9,27,18,14,38,56,42,26,18,10,15,18,15,16,25,51,57,65,,64,93,69,51,60,58,40,84,69,105,100,114,56,66,54,106,50,36,30,66,68,59,58,51,30,51,52,71,89,65,57,,83,68,43,68,98,82,38,49,41,49,52,67,48,45,94,77,34,59,103,72,85,92,69,62,66,78,70,84,20,73,72,40,38,63,82,54,56,58,83,40,62,61,79,,76,,50,54,86,55,38,26,88,88,112,105,176,70,75,84,91,,,103,99,55,91,101,122,,,34,30,56,103,117,102,85,60,101,26,97,52,46,61,65,82,79,92,62,38,63,76,54,49,63,11,,24,31,44,28,,96,26,56,82,78,36,,28,81,54,74,71,65,100,48,56,59,58,36,82,42,67,75,89,89,70,69,90,89,37,67,45,50,62,34,40,63,51,80,34,40,90,52,57,32,35,72,42,48,57,77,45,47,80,38,52,58,62,71,72,24,54,64,42,57,91,63,82,48,,54,64,69,124,20,33,46,109,89,123,90,114,57,44,116,23,56,51,66,76,25,50,75,18,71,129,106,122,,83,53,92,60,74,63,95,114,64,23,62,27,110,108,41,19,16,27,75,55,62,27,35,61,43,,47,99,29,36,22,,89,20,99,62,29,,23,123,75,78,39,,43,52,48,36,35,30,37,72,44,57,29,40,43,38,37,42,49,47,64,48,74,82,73,71,86,89,114,45,97,79,80,106,95,114,96,124,103,93,56,52,52,57,48,52,102,79,58,87,80,75,86,90,,55,63,61,60,87,120,111,98,40,44,61,56,35,61,28,73,90,87,78,67,36,99,80,107,100,128,89,,76,87,109,94,96,81,85,92,110,67,71,91,66,36,82,122,64,81,115,89,42,71,56,101,101,75,106,108,57,102,65,55,84,115,85,104,88,108,78,60,85,44,30,73,69,48,71,63,56,80,65,88,75,72,88,54,73,61,58,45,41,31,53,21,94,94,60,102,94,72,66,54,65,64,108,94,108,99,88,43,17,28,60,47,43,46,52,61,33,56,68,,60,55,31,54,57,53,42,59,66,47,57,90,78,115,73,62,88,79,8,13,7,10,22,22,10,23,25,26,26,22,22,21,26,16,62,25,20,25,28,19,19,,7,19,28,16,39,45,30,12,76,15,62,30,20,22,31,38,30,26,36,48,63,72,31,,120,88,98,98,95,65,18,13,87,125,57,52,53,,60,68,19,24,26,43,60,,81,155,104,55,82,83,44,108,70,86,72,118,82,87,57,65,58,48,50,36,84,84,68,92,101,68,47,56,45,67,83,71,101,94,113,26,,,46,84,75,36,23,23,28,72,59,49,74,38,48,51,80,79,26,58,32,23,41,57,58,64,71,,91,73,57,45,,57,46,51,43,,23,70,85,52,108,94,84,92,20,4,76,47,56,32,79,51,38,33,78,33,89,33,30,106,37,103,62,20,68,90,60,72,39,39,57,64,46,47,79,86,70,43,37,35,73,45,29,80,40
20160203,21,O3_8h_24h,41,88,38,41,38,30,34,53,38,54,47,50,,48,45,83,72,63,60,,,47,35,54,37,84,,44,52,52,42,45,52,86,69,68,68,73,79,62,35,58,18,49,35,38,77,51,100,52,56,58,44,66,42,85,80,80,85,74,64,62,75,73,87,57,54,59,49,67,61,65,72,90,64,37,33,27,43,24,,28,31,29,24,19,34,37,63,48,51,49,30,51,50,67,67,63,57,,70,50,67,48,47,,83,68,64,70,57,76,83,64,65,48,127,64,72,39,68,66,94,109,49,84,98,46,62,30,,37,28,69,51,59,78,42,61,70,64,56,95,99,64,95,78,76,95,85,119,114,112,107,112,97,101,86,78,94,60,84,73,94,82,91,102,95,104,82,112,117,86,125,107,84,79,73,58,102,107,79,94,107,123,98,92,,109,86,90,108,59,64,89,102,81,98,93,,85,97,125,100,112,109,119,153,72,121,125,107,110,98,107,106,136,134,84,104,106,71,130,96,84,56,73,82,116,104,102,119,108,122,114,,125,110,108,77,88,103,87,95,92,64,,130,,114,126,,126,126,130,123,119,98,77,99,113,114,133,101,95,106,92,88,65,46,76,,74,95,105,89,98,69,74,65,34,58,82,61,22,57,74,127,102,128,110,68,114,108,109,94,83,91,65,107,,89,94,86,72,69,53,81,107,64,33,69,87,36,66,56,69,87,81,26,99,114,80,78,72,131,86,85,96,59,100,62,95,71,88,60,84,82,61,71,85,45,51,,53,56,52,66,50,65,61,72,47,39,49,40,81,46,57,81,65,64,55,57,43,43,48,55,58,46,40,38,47,53,61,30,38,35,32,37,40,47,,53,40,53,49,48,53,52,56,41,46,78,50,54,,61,55,25,61,72,67,71,56,62,75,73,56,64,71,28,14,32,28,33,42,21,42,28,31,37,17,19,13,35,40,49,66,72,63,66,,67,78,71,67,65,136,106,46,61,89,44,79,95,92,95,86,84,73,95,92,100,90,,98,53,56,44,39,44,75,69,68,40,35,70,38,54,52,63,96,56,57,63,42,65,92,59,52,61,103,82,82,,4,26,26,16,42,20,62,38,62,56,,44,68,83,63,58,104,80,30,54,69,60,70,60,60,76,153,81,69,97,89,50,63,57,70,40,110,63,76,68,76,89,34,63,95,57,49,40,23,48,33,53,20,70,80,122,96,,81,75,82,,55,27,35,54,95,90,72,,37,81,75,97,101,97,120,69,64,,50,66,64,81,,75,,62,115,87,101,71,,89,84,85,,72,85,69,60,78,97,,78,80,82,88,82,74,87,87,80,85,71,63,72,72,84,43,75,52,58,53,53,25,35,21,78,75,72,56,54,54,51,40,45,64,58,71,90,86,53,59,59,57,78,28,12,38,78,39,58,95,126,170,89,64,55,74,47,53,68,70,,82,74,48,43,57,80,49,30,44,56,73,68,46,41,28,35,97,44,57,32,36,41,32,53,77,43,42,64,33,62,56,37,37,32,24,34,84,74,72,79,68,59,96,88,100,94,113,,136,66,33,45,59,66,52,47,57,53,127,83,57,77,32,71,103,92,104,48,95,91,107,44,41,64,27,61,42,94,80,103,87,69,26,69,56,58,52,66,68,47,62,38,32,54,101,121,80,49,72,56,75,90,100,94,111,47,46,49,72,114,95,74,89,87,125,90,114,92,88,82,108,110,105,106,97,62,60,18,65,82,72,,69,100,226,92,48,50,78,59,88,95,92,76,92,92,91,95,72,52,34,43,36,28,35,55,51,52,87,79,59,93,79,62,57,42,56,22,16,39,86,118,78,65,12,17,21,16,29,28,55,74,70,,68,95,69,52,64,62,40,95,86,115,114,124,68,72,62,114,54,71,49,78,78,84,86,56,30,52,60,73,90,70,71,,86,68,62,68,101,85,40,68,43,49,54,67,63,57,98,79,42,60,112,96,101,130,76,64,79,92,85,84,24,88,82,52,49,77,97,64,61,71,93,55,64,82,104,,92,,69,83,96,62,39,54,102,106,129,107,176,75,78,88,95,,,112,110,59,95,113,126,,,44,36,70,111,123,111,94,68,104,27,102,54,46,61,65,82,81,93,62,38,69,76,59,56,70,12,,28,35,44,31,,103,32,62,91,91,43,,31,82,60,79,76,67,101,66,74,62,62,39,82,42,80,85,104,93,84,71,95,90,42,71,46,50,64,55,46,73,62,90,46,51,90,56,58,38,37,73,48,54,60,83,53,57,90,47,69,61,68,78,77,40,67,82,56,71,109,79,84,55,,58,76,77,125,56,67,55,110,102,123,114,114,57,49,118,41,58,61,67,80,44,63,102,19,72,138,122,132,,90,59,92,72,90,76,107,144,64,28,73,27,112,110,42,20,18,32,144,61,104,28,45,70,51,,51,121,32,143,22,,91,22,100,69,51,,28,123,77,81,55,,61,72,49,47,46,45,41,76,59,69,35,44,48,46,44,58,63,59,91,59,94,102,85,72,93,99,118,48,97,81,85,112,100,119,102,134,115,105,75,75,71,80,76,57,110,88,62,89,82,76,88,92,,59,65,65,63,88,122,116,100,48,49,66,58,39,65,32,80,96,89,86,82,43,110,96,117,107,133,114,,98,110,128,103,111,97,112,97,110,79,79,101,104,40,84,123,64,81,115,90,45,76,70,114,107,79,111,114,60,104,84,70,96,122,90,110,94,113,96,60,105,44,30,74,69,50,72,63,56,86,77,96,84,89,115,71,105,67,73,49,47,57,65,31,103,107,73,110,104,86,72,83,86,85,113,115,165,121,104,48,52,79,67,81,51,54,62,63,48,59,70,,72,56,32,69,60,65,51,60,67,52,57,92,78,116,80,67,88,79,18,13,14,21,25,36,14,39,62,64,55,54,44,41,38,37,105,67,66,62,70,53,57,,31,43,33,20,55,56,38,15,110,17,62,30,20,25,65,64,58,60,65,51,68,73,32,,122,88,98,100,97,114,25,15,91,214,68,62,61,,91,89,37,47,34,66,60,,94,157,106,63,86,83,47,108,73,92,73,121,84,90,57,66,59,61,67,39,88,84,68,92,101,68,51,79,54,76,86,71,101,107,115,26,,,53,84,76,46,40,45,35,78,71,59,80,67,69,65,81,84,28,59,48,55,58,61,60,81,93,,91,82,64,60,,63,60,53,76,,24,83,85,58,109,95,84,92,24,4,77,48,57,36,81,52,40,34,84,38,107,36,37,107,37,104,83,22,68,91,62,72,39,41,60,66,47,54,81,86,92,55,45,46,78,45,32,81,53
20160203,21,CO,1.3,0.3,1.1,1.7,1.1,1.2,1.2,1.2,1.1,0.4,1.2,1.5,,4.68,2.868,3.134,2.995,3.221,3.672,,,2.943,2.029,2.989,1.443,1.703,,3.428,4.117,3.136,4.01,3.556,2.681,2.906,1.216,1.89,1.239,1.236,1.594,1.452,1.375,2.879,1.66,1.284,1.621,5.458,4.924,2.344,6.306,3.495,2.301,4.288,2.594,3.748,3.914,0.663,0.589,0.271,0.61,0.574,0.945,1.194,1.144,1.608,0.557,2.038,1.814,2.053,2.788,4.855,10.038,3.976,5.543,3.658,6.383,8.149,7.488,5.107,7.744,1.785,,1.97,2.106,2.837,4.484,2.657,3.267,2.505,0.798,0.693,0.545,0.608,1.016,0.833,0.399,0.921,0.445,0.424,1.026,,0.671,0.571,0.54,0.597,0.908,,0.919,2.515,2.392,3.045,3.886,2.333,2.272,1.696,1.183,1.617,0.73,0.749,0.54,0.558,0.581,0.559,0.756,0.98,0.668,0.476,0.562,2.105,1.074,1.211,,2.079,1.021,0.185,0.334,1.286,2.988,0.963,0.902,0.834,0.622,0.525,0.363,1.189,0.468,0.553,0.964,0.424,2.295,1.51,2.042,1.687,1.841,1.557,2.039,1.212,1.035,1.25,1.537,1.208,1.614,1.281,1.343,1.066,2.007,0.441,0.808,0.578,0.524,0.439,3.218,1.755,1.216,2.454,1.938,2.346,2.177,1.923,1.713,1.621,1.873,1.794,1.392,1.575,1.806,1.073,2.191,,2.041,2.986,1.969,2.085,1.575,2.297,1.833,1.545,1.821,1.497,1.683,,1.268,0.944,1.486,2.286,2.151,2.952,1.762,1.222,1.776,2.041,2.389,2.593,1.765,2.465,1.59,1.575,2.231,1.945,2.058,2.488,1.014,1.093,0.615,1.192,1.499,1.538,1.461,1.296,1.716,1.209,1.143,1.546,0.964,0.759,1.545,,0.644,1.156,1.47,1.248,1.221,0.935,1.05,1.121,1.062,1.596,,1.634,,1.132,1.662,,0.86,0.285,1.049,0.954,0.351,0.534,1.276,1.112,0.885,1.233,0.925,0.912,0.711,0.695,0.706,1.604,1.944,1.752,1.358,,1.524,3.387,2.134,2.245,1.746,0.414,0.871,0.822,0.732,1.03,1.105,0.521,0.802,0.746,1.187,0.856,0.952,1.007,1.571,1.357,0.953,1.284,1.127,0.877,1.978,1.222,1.85,1.614,,1.387,1.723,1.406,2.078,1.5,2.081,2.928,1.836,2.414,1.818,2.424,1.719,1.646,1.265,1.309,1.424,1.176,1.65,1.6,2.181,0.862,1.274,1.761,1.821,1.665,1.474,2.362,1.856,3.316,0.406,0.991,1.808,0.9,1.395,1.271,1.32,1.79,1.216,1.592,1.288,0.83,0.91,,0.881,0.929,0.864,0.807,0.995,0.939,0.769,0.872,1.176,1.06,1.09,0.907,1.111,1.034,1.348,0.904,1.285,1.022,1.07,0.96,1.103,1.012,0.99,0.829,0.781,1.23,1.108,1.113,0.85,0.976,0.417,1.188,1.102,1.087,0.915,0.93,1.267,1.319,,0.952,1.088,1.096,0.929,0.974,1.178,1.141,0.955,1.216,0.877,0.939,1.416,1.12,,1.248,0.26,1.122,1.254,1.397,1.106,1.256,1.411,0.767,0.738,0.922,0.946,0.99,0.837,0.998,1.463,1.177,1.046,1.012,1.122,1.046,1.163,0.828,0.786,1.003,1.275,1.379,0.783,1.009,1.03,1.444,1.523,1.58,1.216,1.779,,1.942,1.013,0.447,1.09,0.677,0.602,0.772,0.98,0.872,0.69,0.666,0.43,0.574,0.889,1.492,0.903,0.838,1.256,1.874,1.017,0.509,0.753,,0.26,1.499,2.849,2.788,1.538,1.748,2.569,1.923,4.085,4.567,3.832,1.916,2.309,2.819,1.139,0.562,1.291,0.862,0.813,1.631,1.442,1.334,1.546,1.124,1.818,1.723,1.959,1.239,2.496,,3.607,2.377,3.01,4.7,1.756,1.712,1.983,1.944,2.477,2.563,,2.897,2.569,2.121,2.401,2.167,0.668,1.358,1.753,1.928,0.666,1.193,1.482,0.645,1.242,1.474,1.075,0.559,0.278,0.492,0.496,1.599,1.356,1.25,1.104,2.315,2.233,1.473,2.776,2.012,3.115,1.576,2.192,4.238,5.159,3.893,0.82,0.983,0.848,0.685,3.351,2.1,3.545,2.246,2.967,1.932,4.273,,3.616,4.366,2.035,,2.131,2.707,3.31,2.842,2.182,2.274,2.91,,3.836,2.784,3.009,1.162,1.78,1.316,1.901,1.254,1.642,,0.709,1.004,4.807,1.955,,1.531,,1.498,1.459,1.395,1.294,1.677,,4.729,2.608,1.856,,0.958,1.09,1.689,2.006,1.633,1.764,,1.479,1.32,0.913,0.902,1.4,1.062,0.937,0.801,0.891,0.82,1.014,1.423,0.993,0.981,0.915,1.193,0.5,0.951,1.296,1.57,1.113,1.285,1.636,1.454,1.194,1.275,1.141,1.257,1.219,1.197,0.903,1.558,1.265,1.018,1.318,0.902,0.926,0.774,1.195,0.997,0.948,0.789,0.762,1.849,,0.985,0.769,1.844,1.15,1.91,1.68,1.883,2.052,2.143,1.958,1.484,1.738,2.537,4.741,4.782,,3.403,3.945,5.324,8.993,2.808,4.656,4.202,4.059,2.326,1.732,2.497,3.576,1.481,0.63,1.032,0.377,0.104,0.122,1.445,1.552,1.546,3.35,5.505,2.027,2.639,3.468,3.32,1.418,0.789,2.343,2.156,2.148,1.712,0.934,2.828,2.133,3.184,4.171,3.326,4.726,2.892,2.732,1.078,0.504,0.571,0.999,0.525,,0.757,0.972,1.903,2.054,1.093,3.324,2.778,3.066,3.148,4.183,2.263,0.921,0.742,0.934,1.136,0.814,1.267,1.18,1.761,0.838,2.792,1.552,1.31,2.31,2.476,1.689,1.018,2.249,0.704,1.3,0.97,0.906,0.357,3.545,2.881,5.094,5.226,2.95,2.425,2.175,2.836,7.089,2.122,2.551,2.867,2.54,1.663,1.756,1.885,1.913,3.335,1.586,2.745,2.716,2.273,3.771,1.133,3.834,3.763,3.232,1.575,1.01,0.732,0.812,1.281,1.388,1.592,1.836,0.793,1.026,0.947,0.883,1.42,0.933,0.942,1.223,1.717,0.994,1.34,0.735,1.064,2.332,1.314,0.828,1.054,1.254,1.278,1.564,1.392,1.536,1.137,1.401,1.155,1.405,1.499,2.201,1.676,1.639,1.048,0.848,2.414,1.74,1.358,1.4,1.816,1.499,1.215,1.718,1.119,1.231,2.257,1.243,2.919,1.09,0.959,0.853,0.796,0.806,1.349,1.395,1.208,1.647,1.365,1.547,1.548,1.784,,2.098,1.413,1.666,1.584,1.636,0.913,0.234,0.871,,0.916,0.811,0.817,2.13,2.754,2.457,1.787,1.174,3.314,2.726,2.352,2.105,1.799,1.729,2.272,0.99,1.102,4.759,2.997,1.7,3.34,2.089,2.044,1.757,3.21,2.61,2.039,0.847,0.052,2.048,0.692,,1.137,0.295,0.622,0.516,1.845,2.415,1.939,3.674,2.536,1.385,1.452,1.615,3.966,1.656,1.057,0.993,4.751,1.126,1.646,3.607,2.16,2.751,3.444,1.274,2.801,1.347,2.618,2.423,5.218,2.491,1.719,3.582,1.492,1.097,2.161,1.572,1.824,3.596,1.242,1.553,0.624,0.909,0.783,,0.865,1.078,1.615,,0.427,0.653,1.192,1.624,1.556,1.566,1.355,1.717,1.882,1.443,1.289,0.925,0.74,,,1.58,1.157,1.178,1.379,1.481,1.325,,,0.363,1.392,1.613,1.807,0.768,1.353,2.887,1.947,1.153,1.148,2.12,0.732,0.688,0.812,0.971,0.972,1.894,0.776,0.774,1.214,1.314,0.769,1.762,1.205,1.189,3.159,,2.302,3.375,5.265,5.014,,4.055,4.672,5.831,2.736,3.583,4.015,,4.576,0.492,0.825,0.198,0.598,0.871,0.616,0.687,0.627,0.718,1.408,0.825,0.486,0.375,0.632,0.366,0.011,0.308,0.159,0.9,0.958,0.319,2.45,0.348,0.705,0.339,0.411,1.477,0.831,1.466,0.906,1.491,2.564,2.07,0.518,2.784,1.776,4.282,1.847,0.445,0.854,1.732,1.795,1.432,2.144,3.166,1.942,3.6,1.168,1.093,0.517,0.482,1.976,2.284,1.67,7.157,0.948,12.127,3.108,2.061,1.881,3.581,,1.886,1.046,1.117,0.51,,,0.66,1.696,1.573,1.133,0.957,0.877,3.697,2.083,0.601,2.436,0.556,0.89,1.17,0.774,3.513,0.647,1.073,2.181,1.809,1.415,0.76,1.092,,1.349,2.739,1.477,2.004,1.263,1.514,1.287,1.209,1.958,1.503,0.983,1.295,1.295,1.499,0.818,1.105,0.867,0.663,0.11,0.706,0.192,1.623,2.01,2.279,2.042,,1.049,1.536,2.074,2.164,0.331,,1.156,0.934,1.13,1.535,1.02,1.28,0.937,1.106,0.889,1.067,1.26,,0.6,,0.498,1.116,0.79,1.008,0.772,0.574,1.445,0.544,1.085,0.865,0.872,1.13,0.98,1.055,0.864,0.834,0.604,0.628,0.606,0.869,0.81,1.256,2.073,1.948,1.052,3.065,0.484,,1.936,0.875,1.275,0.69,0.909,0.765,0.721,0.805,1.429,1.296,1.585,0.916,1.215,0.672,0.551,0.672,0.811,0.881,1.272,0.723,0.993,1.042,,2.064,2.183,1.623,2.119,3.745,0.307,0.912,0.347,6.971,3.228,2.58,1.936,11.044,2.766,4.585,2.416,3.258,2.057,2.137,4.007,5.093,1.924,2.247,1.617,2.621,1.81,4.266,,4.923,2.13,2.633,0.838,0.807,0.885,1.859,1.245,1.192,1.192,1.226,2.353,1.92,1.416,1.392,1.518,1.305,1.447,1.255,1.719,1.607,1.131,1.087,2.241,1.505,1.788,1.002,0.863,0.887,0.845,6.19,2.589,2.337,1.235,1.412,0.719,1.027,0.634,3.088,1.403,2.01,0.112,0.634,0.985,1.521,1.326,1.377,1.401,1.534,1.132,1.349,1.153,1.117,1.213,1.269,2.405,1.014,2.383,1.511,1.705,,1.345,0.846,1.708,0.78,0.803,1.315,1.236,0.658,0.983,0.775,0.771,0.97,0.938,1.416,2.12,2.476,0.677,2.353,0.181,0.726,0.903,0.822,0.697,1.466,0.727,1.689,0.907,1.209,2.04,1.396,,1.277,1.3,1.811,0.731,1.492,1.87,1.3,0.686,0.71,1.559,0.686,1.161,1.287,1.136,1.483,1.547,1.348,1.163,1.589,1.465,2.047,1.689,2.081,1.412,3.398,2.159,1.339,1.168,1.563,0.921,1.656,1.709,1.592,1.579,1.149,1.376,1.158,1.135,1.4,1.721,1.947,,1.733,1.326,1.592,1.825,1.559,1.574,1.11,2.092,1.616,1.444,0.97,1.396,2.754,1.853,1.255,1.477,1.662,1.377,1.522,0.824,1.343,1.008,1.317,,1.053,1.363,0.929,1.33,1.724,1.27,1.902,0.891,1.486,1.08,1.22,0.608,0.895,,0.739,0.884,1.79,1.468,1.364,1.133,0.458,,0.634,1.128,0.398,1.23,1.352,1.112,0.686,0.405,0.929,0.386,0.516,1.47,0.949,0.962,0.946,0.454,0.721,0.287,1.297,1.813,0.982,0.388,0.665,1.604,0.748,0.599,1.006,0.236,1.224,0.897,2.745,0.757,1.122,1.392,0.063,0.618,,,0.876,0.259,0.681,5.06,3.2,4.613,4.864,3.644,3.107,2.675,2.243,1.157,3.112,1.396,3.005,2.443,0.892,0.481,1.129,2.528,1.951,1.541,0.44,1.286,1.601,,0.355,1.33,0.886,2.779,,1.689,1.116,1.598,1.337,,1.653,2.581,1.253,1.082,0.549,0.619,0.325,0.574,1.133,2.306,,0.474,0.659,0.441,1.153,0.358,1.766,0.672,0.603,1.106,1.522,1.262,0.721,0.564,2.158,0.934,1.64,1.597,0.709,0.897,1.892,2.036,2.148,1.609,1.657,2.443,3.189,2.286,2.571,0.775,0.521,1.358,1.907,3.091,3.417,0.858,0.749,1.771,0.509
20160203,21,CO_24h,1.196,0.592,1.162,1.258,1.125,1.208,2.013,0.942,0.812,1.313,1.188,1.904,,3.021,3.264,3.217,2.526,2.945,3.671,,,3.132,1.656,2.578,1.419,2.545,,1.889,2.369,2.038,1.789,2.065,1.501,1.2,1.792,2.703,1.754,1.677,2.147,1.999,2.222,3.11,2.971,2.116,2.133,7.06,6.495,6.99,7.031,4.691,4.525,4.451,3.826,4.232,6.591,0.689,0.722,0.47,0.693,0.553,0.94,1.228,1.368,1.171,0.624,2.715,1.937,1.992,1.915,4.784,5.696,3.986,3.122,3.042,3.361,4.224,3.901,3.907,4.048,1.807,,1.706,2.775,3.247,3.812,3.321,3.351,2.891,1.691,2.145,1.07,3.71,2.287,1.809,1.537,1.555,1.167,1.765,2.085,,2.15,2.1,1.211,1.959,2.09,,2.019,1.439,1.558,1.846,1.834,1.577,1.84,1.641,1.335,1.406,0.778,1.157,1.103,1.27,1.062,1.133,0.889,1.576,1.27,1.021,0.873,1.616,0.715,3.086,,1.783,0.74,1.368,1.089,1.951,1.887,1.331,0.686,1.36,1.021,1.12,0.682,1.166,1.079,0.748,1.358,0.73,2.086,1.772,2.866,1.772,2.012,1.794,1.544,1.391,1.481,1.311,1.556,1.347,1.814,1.643,1.44,1.396,1.609,1.169,1.029,0.907,0.576,0.75,2.011,1.643,1.205,1.727,1.899,2.207,1.78,1.593,1.881,2.042,1.462,1.958,1.576,1.726,1.924,1.102,1.821,,1.981,2.552,1.504,1.948,1.76,2.316,1.842,1.988,1.853,1.662,1.684,,1.18,1.22,1.519,1.538,1.568,2.2,1.192,1.405,1.721,1.53,2.243,1.659,1.148,1.224,1.126,1.014,2.187,2.098,2.223,2.584,0.983,0.784,0.658,1.115,1.372,1.36,1.201,1.153,1.439,1.216,0.99,1.242,0.922,1.008,1.12,,0.904,1.106,0.893,0.926,1.067,1.136,0.9,1.022,0.912,1.319,,1.267,,1.272,1.498,,1.03,0.663,1.09,1.122,0.867,0.831,0.994,0.88,0.827,1.116,0.957,1.015,0.81,0.94,0.785,1.359,1.704,1.352,1.183,,1.498,2.325,1.579,1.165,1.452,0.513,0.874,0.615,0.667,0.954,0.846,0.674,0.7,0.717,1.026,0.838,0.977,0.473,1.232,1.121,0.848,1.012,1.061,0.946,1.887,1.37,1.166,1.186,,1.25,1.832,1.115,1.378,1.272,1.504,1.764,1.589,2.023,1.267,1.829,2.006,2.092,1.591,1.448,1.638,1.507,1.54,1.916,2.115,0.97,1.279,1.537,1.456,1.433,1.266,1.884,1.497,2.143,0.767,1.028,2.171,0.982,1.508,1.389,1.336,1.773,1.245,1.651,1.323,0.672,0.879,,0.783,0.823,0.774,0.679,0.89,0.86,0.714,1.463,1.119,1.008,1.196,0.785,1.186,0.964,1.316,1.008,1.266,1.093,1.038,0.898,0.995,0.947,0.905,0.666,0.631,1.08,0.934,0.997,0.84,0.947,0.931,1.131,1.093,1.02,0.864,0.802,0.98,1.245,,0.892,0.995,1.011,0.909,0.924,1.085,1.026,0.869,1.079,0.859,1.222,1.126,1.101,,1.389,0.926,1.248,1.37,1.435,1.166,1.433,1.53,0.937,0.801,1.173,0.986,1.263,0.855,1.436,1.46,1.183,1.212,1.267,1.018,1.283,1.26,1.067,0.93,1.081,1.355,1.511,1.446,1.286,1.23,1.313,1.443,1.558,1.362,1.672,,1.919,1.278,0.556,1.276,0.69,0.679,0.781,1.023,1.41,0.837,0.879,1.049,0.641,1.136,2.116,1.505,1.691,1.933,1.051,1.64,0.766,0.355,,0.365,1.592,2.976,2.179,1.758,2.098,2.658,2.266,3.856,3.82,2.402,1.998,2.268,2.363,2.51,1.465,1.537,1.497,2.068,2.089,2.365,1.468,2.084,1.025,2.985,2.365,1.894,1.987,2.565,,4.282,4.395,3.722,4.043,2.812,2.279,1.571,1.42,2.138,1.86,,1.465,1.467,1.252,1.342,1.219,0.607,0.935,1.702,1.84,1.295,2.152,2.401,1.236,2.509,3.391,1.652,0.873,0.455,0.662,0.914,1.97,2.068,1.203,1.444,2.151,1.669,2.408,2.073,1.51,1.893,1.162,1.723,2.904,2.701,2.258,0.697,0.793,0.789,0.62,2.172,2.255,3.018,2.264,2.243,2.156,3.607,,3.694,3.293,2.014,,2.015,2.802,3.299,3.126,1.503,2.161,2.63,,3.616,1.933,3.134,1,1.457,1.452,1.607,1.319,1.066,,0.95,1.47,2.356,2.285,,2.071,,2.242,1.297,1.33,1.203,1.951,,2.853,2.766,1.656,,0.78,1.035,1.445,1.521,1.499,1.478,,1.384,1.224,0.738,0.825,1.341,0.9,0.969,0.978,0.936,0.956,1.094,1.267,1.121,1.022,1.074,1.137,0.675,0.903,1.161,1.207,0.95,1.187,1.311,1.299,1.345,1.304,1.226,1.006,0.963,0.921,0.959,1.409,1.105,0.933,1.131,0.789,1.022,0.97,1.059,1.151,1.02,1.058,0.961,1.825,,0.93,1.25,1.788,1.588,1.602,1.543,1.474,2.923,2.626,2.32,1.72,2.279,2.995,5.654,5.653,,3.244,4.154,4.964,8.768,2.123,4.263,3.717,4.947,3.54,1.468,2.564,2.672,1.05,0.399,2.152,0.716,0.248,2.62,1.92,2.35,2.539,3.174,3.23,2.313,0.911,4.122,3.959,1.409,2.509,2.151,3.861,2.128,2.749,3.053,3.645,2.531,2.905,1.694,2.029,2.143,1.419,1.81,1.739,0.793,1.584,1.475,0.973,,0.796,0.715,1.459,0.95,0.977,1.1,2.283,2.222,1.485,2.489,1.296,0.807,0.614,0.826,1.081,0.874,1.226,1.247,1.701,1.016,2.593,1.484,1.642,2.297,2.93,1.606,0.795,0.835,1.191,1.376,0.78,1.354,0.597,2.767,2.38,3.545,3.465,2.844,2.312,1.998,4.294,7.236,3.422,4.886,4.802,1.981,1.018,1.271,1.777,2.589,3.559,2.03,1.936,1.938,1.903,2.454,1.413,2.515,3.409,3.7,1.48,1.092,1.192,0.947,1.403,1.195,1.651,2.306,1.326,1.253,1.02,1.243,1.47,0.918,0.974,1.161,1.532,0.758,1.335,1.078,1.821,1.829,1.022,0.716,1.066,1.167,1.216,1.479,1.315,1.484,1.088,1.39,1.028,1.22,1.124,1.626,1.281,1.125,1.02,0.852,2.193,1.595,1.256,1.195,1.728,1.553,1.208,1.817,1.337,1.215,2.818,2.002,1.806,1.049,0.963,0.933,0.893,0.858,1.343,1.33,1.218,1.71,1.308,1.795,1.383,1.64,0.64,1.882,1.211,1.244,1.469,1.47,0.981,0.38,0.944,,1.067,0.988,1.239,2.017,2.821,2.308,2.655,1.396,2.412,1.688,1.144,1.705,1.475,1.554,1.997,1.282,1.348,2.958,2.234,1.558,2.606,2.104,2.084,1.359,2.58,2.571,1.853,1.051,0.187,2.058,0.529,,1.907,2.053,1.948,1.241,1.507,2.308,1.868,1.733,1.542,1.59,1.428,1.234,2.451,1.726,1.167,1.075,3.538,1.601,1.858,1.96,1.929,1.832,3.338,2.359,2.802,1.99,1.62,2.03,2.618,2.468,2.228,2.712,1.28,0.862,1.636,1.852,2.369,2.917,1.291,1.197,0.843,1.032,0.968,,1.331,1.321,1.768,1.437,0.535,0.831,1.174,1.426,1.648,1.62,1.665,1.759,1.826,1.457,1.676,0.919,0.953,,,1.016,0.917,1.022,1,1.315,1.152,,,1.281,1.438,1.182,1.283,0.637,1.279,1.825,1.288,1.14,0.982,1.724,0.788,0.788,0.921,2.757,1.949,2.984,3.875,1.878,2.732,1.91,1.7,2.273,1.487,2.025,2.892,,1.887,2.588,5.271,4.179,,4.941,3.925,4.377,2.545,3.51,3.416,,4.648,2.664,2.08,0.242,0.755,0.974,0.775,0.59,0.861,0.615,1.865,0.769,0.777,1.35,0.707,0.39,0.127,0.448,0.215,1.22,1.454,0.388,2.944,0.857,0.899,0.932,1.101,1.66,2.101,1.758,1.912,1.638,1.44,2.052,0.939,3.18,2.272,4.558,2.162,0.829,0.972,0.998,2.335,1.941,1.734,3.003,1.616,1.932,1.12,0.797,0.456,0.463,1.444,1.743,0.974,2.386,0.604,3.154,1.814,1.92,0.949,3.579,,1.547,1.068,0.95,0.732,,0.814,0.584,1.869,1.797,1.269,0.976,1.008,1.824,1.75,1.067,0.878,0.653,0.422,1.394,1.032,1.472,0.612,1.171,1.586,1.369,1.261,1.057,1.126,,1.318,2.566,1.263,1.655,1.056,1.465,1.111,1.056,2.069,1.524,1.043,1.467,1.312,1.381,0.805,1.045,0.823,0.648,0.161,0.504,0.202,1.688,1.584,1.695,1.512,,0.767,1.333,1.77,2.078,0.312,,1.167,0.911,0.961,1.277,0.983,1.126,0.79,0.872,0.666,0.794,0.911,,0.819,0.009,0.527,1.113,0.78,1.012,0.763,0.614,1.102,0.404,1.019,0.853,0.961,1.075,0.916,0.826,0.775,0.774,0.14,0.639,0.583,0.818,0.808,1.353,2.061,1.689,1.45,1.957,0.945,0.739,1.903,1.522,1.886,0.799,0.942,0.747,0.791,0.847,1.381,1.336,1.443,0.906,1.134,0.999,1.233,0.892,1.041,1.333,1.467,0.785,1.302,1.341,,1.805,2.26,1.613,2.327,2.689,0.289,0.872,0.451,4.257,3.326,2.225,1.66,5.656,2.64,3.885,2.137,3.031,2.129,1.971,1.97,1.839,1.556,1.41,1.467,2.262,1.272,2.104,,1.983,2.027,1.944,0.726,0.622,0.685,1.168,1.186,1.32,1.173,1.377,2.525,1.893,1.52,1.706,1.401,1.417,1.389,0.83,1.194,1.457,1.074,0.839,1.722,1.568,1.958,1.178,0.878,0.95,0.944,3.481,2.072,2.048,1.156,0.847,0.88,1.058,0.735,1.635,1.41,1.646,0.215,0.606,1.114,1.565,1.454,1.586,1.447,1.64,1.072,1.312,1.178,1.219,1.218,1.312,2.318,1.17,2.354,1.646,1.796,0.537,1.131,0.788,1.584,0.905,0.922,1.247,1.208,1.106,1.053,0.891,1.05,0.932,1.219,0.923,1.689,1.886,0.358,1.778,0.082,0.488,0.649,0.705,0.739,2.337,0.591,1.149,0.878,0.981,1.602,1.315,,1.123,1.277,1.797,0.603,1.403,1.635,1.342,0.714,0.799,1.132,1.151,1.326,1.618,1.475,1.55,1.374,1.28,1.217,1.673,1.638,2.06,2.381,1.843,1.219,2.673,1.635,1.262,1.262,1.536,1.157,1.546,1.676,1.597,1.474,1.128,1.284,1.176,1.013,1.284,1.407,1.687,,1.516,1.367,1.565,1.819,1.528,1.837,1.116,2.061,1.529,1.373,1.202,1.412,3.023,1.547,1.178,1.316,1.483,1.32,1.291,0.761,0.803,0.928,1.115,,1.362,1.83,1.649,1.831,2.282,1.233,1.454,0.801,1.242,0.996,1.331,1.082,0.967,,1.208,0.986,1.851,1.616,1.34,1.179,0.531,,0.623,1.327,0.143,1.161,1.366,1.205,0.568,0.467,0.941,0.366,0.59,1.373,0.666,0.718,0.963,0.549,0.682,0.38,1.306,1.075,0.358,0.326,0.617,1.894,0.978,0.647,0.777,0.168,0.908,0.493,1.873,0.721,1.011,0.136,0.059,1.515,,,0.568,0.265,0.751,3.126,3.1,3.122,4.155,4.006,2.523,2.925,2.584,0.53,2.161,1.27,3.334,2.2,1.084,0.709,0.919,1.959,1.846,1.936,0.925,1.519,1.994,,1.669,1.057,0.738,2.641,,1.767,1.617,1.555,1.182,,1.886,2.785,1.507,1.663,1.014,0.785,0.522,0.778,1.375,1.204,0.645,1.211,1.632,1.065,1.245,0.539,1.963,1.282,1.057,1,1.874,1.521,1.003,0.515,2.799,2.309,1.599,2.398,1.101,0.879,1.396,2.727,2.379,2.151,2.27,3.006,3.166,2.195,2.438,0.538,0.601,0.944,1.883,3.065,2.761,1.961,0.696,2.024,1.074
20160203,22,AQI,35,29,45,36,42,30,38,70,69,24,46,50,,278,216,180,224,218,199,,,172,188,218,128,176,,233,306,300,284,334,266,266,103,107,98,123,125,104,69,132,51,63,86,243,185,215,278,173,219,200,211,261,169,55,31,53,74,48,68,67,51,78,34,168,176,199,175,176,328,178,261,246,344,303,268,321,330,73,,79,75,80,72,64,110,135,45,50,31,61,43,35,29,19,64,63,73,,87,60,61,58,103,,81,159,211,118,165,94,117,153,85,139,67,92,135,121,124,112,68,94,75,102,72,92,97,109,,119,108,107,119,78,97,133,112,46,28,35,31,139,32,45,36,32,145,148,153,144,172,149,139,152,117,124,129,92,104,129,102,113,80,54,56,58,59,57,193,166,203,247,137,173,149,142,152,133,138,160,165,182,162,180,170,,158,172,196,138,132,200,178,143,149,162,162,,166,155,153,229,200,313,205,158,175,166,175,173,242,212,226,130,169,234,172,190,215,134,59,203,162,214,225,227,245,198,122,79,127,78,147,,80,109,169,128,113,88,115,160,193,169,,124,,208,149,,75,83,63,28,25,22,140,112,119,102,92,77,64,88,75,119,138,155,158,,159,235,135,156,122,35,52,65,29,54,59,43,53,48,133,84,68,106,81,103,57,110,105,143,215,125,160,150,,152,152,120,237,200,173,224,213,203,247,218,137,130,143,169,156,139,176,138,122,93,115,156,109,149,99,147,165,199,78,115,109,115,117,108,113,117,119,123,115,74,69,,62,72,70,60,69,83,73,62,65,67,53,72,41,67,84,48,60,46,64,72,60,63,59,60,64,55,70,77,54,64,72,42,41,60,40,57,60,72,,59,64,57,62,73,65,57,58,58,59,73,78,72,,95,82,87,87,83,82,95,94,45,45,52,51,51,82,103,117,97,92,83,52,85,87,80,69,75,70,80,88,87,90,140,110,94,103,122,,120,48,97,102,80,99,99,93,98,99,92,55,51,33,55,52,56,63,199,126,83,92,94,61,98,138,141,120,176,99,216,185,302,140,147,150,210,82,67,73,74,100,69,110,119,110,87,176,97,138,109,117,,282,267,242,392,221,233,168,183,158,168,,196,199,147,182,199,77,132,179,158,53,65,81,52,58,62,46,41,23,39,37,107,100,134,73,155,238,98,183,132,180,128,242,196,265,265,49,46,39,34,289,180,201,212,282,209,209,,309,308,140,,147,169,188,189,219,114,223,,210,270,254,199,302,241,242,89,79,,59,170,214,119,,108,,137,201,173,104,188,,276,258,221,,104,92,115,188,180,178,,69,72,68,79,58,52,48,50,49,52,63,52,43,46,39,50,50,56,59,59,58,45,62,55,50,57,55,23,67,72,54,58,58,68,64,70,52,55,62,77,69,65,69,64,50,92,36,52,49,117,117,128,45,59,55,87,31,72,122,119,,133,268,117,336,125,69,99,103,90,106,137,154,95,74,46,32,40,70,60,74,125,293,338,119,130,82,92,104,69,90,55,97,93,72,77,107,169,425,185,352,126,76,58,65,62,52,57,,48,114,140,170,236,295,180,242,289,292,209,139,124,74,79,64,87,143,114,119,69,165,133,144,142,105,81,105,65,84,89,97,43,220,143,143,143,201,193,112,186,137,117,130,227,84,88,94,104,97,94,203,186,225,179,130,107,144,143,134,134,142,139,139,138,188,84,88,104,102,103,108,122,109,123,88,113,132,132,103,147,153,108,179,109,113,153,110,107,99,93,113,113,105,107,108,120,118,34,34,138,139,150,160,140,145,156,134,115,123,84,87,87,79,132,124,93,117,147,182,144,142,128,185,142,156,129,153,150,153,162,150,88,88,89,,89,67,42,231,147,126,208,134,198,185,190,74,85,119,168,114,92,147,185,153,166,208,195,186,149,142,113,94,78,122,104,,98,58,62,62,116,169,233,252,107,107,102,104,229,142,144,130,278,107,193,290,173,217,225,123,93,83,218,84,280,231,87,140,178,134,125,99,84,108,129,124,87,55,61,,97,93,123,,53,67,179,214,133,130,102,180,196,176,172,148,117,,,137,129,128,117,132,129,,,90,113,156,134,85,118,149,186,119,139,139,62,58,65,77,72,113,81,94,75,94,53,134,105,66,117,,179,185,208,212,,179,182,163,100,149,62,,104,51,72,40,59,64,60,63,69,114,129,85,54,52,55,29,29,27,25,64,68,58,57,57,39,59,49,147,137,125,130,76,150,97,67,75,49,94,42,72,82,81,79,90,118,150,92,173,128,105,57,59,128,189,93,208,185,327,103,80,160,109,,107,82,95,60,70,217,135,71,69,55,92,40,192,166,64,144,69,81,65,80,160,59,129,156,115,169,190,175,,132,189,172,210,95,94,112,110,87,110,77,73,113,114,93,92,75,74,58,89,55,182,95,178,120,,100,140,170,142,74,,55,74,85,105,90,92,85,128,140,183,56,,51,48,29,52,38,48,39,25,42,33,48,33,32,38,38,60,69,73,84,127,94,119,75,77,190,169,119,180,90,90,97,113,120,63,107,110,85,84,62,68,73,58,82,68,75,68,64,97,104,105,100,110,,110,115,113,80,65,85,94,85,215,135,129,193,268,148,152,122,135,114,140,138,137,170,182,110,108,149,165,,179,116,132,159,150,160,163,134,88,113,67,74,100,74,69,100,112,124,115,124,123,127,134,119,122,129,86,114,118,87,117,139,99,90,100,95,102,74,172,115,103,109,102,100,115,100,107,108,114,109,132,118,110,120,107,97,103,99,109,72,109,99,88,113,69,53,60,60,77,67,74,90,94,83,113,138,106,142,125,97,153,169,92,60,80,77,109,85,92,120,93,,72,64,85,103,52,55,65,75,89,108,100,73,84,82,88,109,102,99,108,149,166,179,159,119,107,110,114,110,87,94,124,120,120,97,119,127,108,97,98,137,119,,144,140,134,137,122,147,96,117,130,97,50,90,148,94,104,178,160,153,189,44,80,48,72,,48,40,50,87,68,60,77,57,57,65,46,59,60,,44,67,16,15,46,56,72,,77,57,55,51,29,28,28,35,52,54,64,45,33,52,52,43,67,58,32,82,75,70,45,70,55,75,102,18,23,98,45,110,131,43,45,14,,7,,26,24,144,165,186,224,42,68,66,54,117,172,142,65,87,84,92,103,124,114,61,55,75,77,2,64,123,138,71,,67,47,83,82,,80,82,89,73,63,155,66,62,49,58,63,73,73,62,159,57,64,61,54,125,98,68,62,27,143,281,92,105,64,65,136,128,236,125,96,140,104,147,192,38,30,54,165,276,328,63,45,97,62
20160203,22,PM2.5,24,7,31,25,29,20,23,51,50,12,32,35,,228,166,136,174,168,149,,,130,141,168,97,133,,183,256,250,234,284,216,216,77,80,73,93,95,78,50,100,25,45,51,193,139,165,228,131,169,150,161,211,128,38,10,10,22,27,49,48,29,51,13,127,133,149,132,133,278,134,211,196,294,253,218,271,280,53,,58,55,59,52,41,83,103,27,23,11,5,30,6,13,8,44,23,49,,64,35,30,27,69,,49,121,161,89,125,70,88,117,63,106,48,42,36,36,24,37,32,52,24,23,24,68,72,82,,90,81,80,90,57,72,101,84,32,19,24,19,106,22,30,25,22,111,113,117,110,130,114,106,116,88,94,98,68,78,98,59,85,59,38,34,36,42,40,145,126,153,197,104,131,114,108,116,101,105,122,125,137,123,136,129,,120,130,147,105,100,150,134,109,114,123,123,,126,118,117,179,150,263,155,120,132,126,132,131,192,162,176,94,128,184,130,143,165,102,42,153,123,164,175,177,195,148,92,58,96,57,112,,59,82,128,97,85,65,87,122,145,128,,94,,158,114,,45,61,45,14,6,13,107,84,90,76,68,56,46,65,55,90,105,118,120,,121,185,103,119,92,24,29,47,20,38,38,30,37,33,101,55,33,73,,77,40,83,79,109,165,95,122,115,,116,116,91,187,150,131,174,163,153,197,168,104,99,109,128,119,106,133,105,92,69,87,119,82,114,74,112,98,149,57,87,82,87,88,81,85,88,90,93,87,54,50,,44,52,51,43,50,61,53,44,47,48,37,52,27,48,62,33,43,32,46,52,43,45,38,43,46,39,51,56,38,46,52,26,27,43,28,19,23,52,,42,46,40,44,53,47,40,41,41,42,53,57,52,,71,60,64,64,61,60,71,70,31,30,36,31,31,60,77,88,72,68,61,22,63,64,59,50,55,51,59,65,64,67,107,83,70,77,92,,91,33,72,76,59,74,74,69,73,74,68,32,24,21,27,24,33,32,149,62,50,68,62,24,73,105,,91,133,62,166,139,252,107,107,115,160,60,45,53,54,75,50,83,90,83,64,133,63,105,82,88,,232,217,192,255,171,183,127,138,120,127,,147,149,112,137,149,56,100,135,120,28,47,47,14,41,39,24,21,5,27,23,80,75,102,53,118,188,73,138,100,136,97,192,147,215,215,34,32,27,21,239,136,151,162,232,159,159,,259,258,107,,112,128,141,142,169,86,173,,160,220,204,149,252,191,192,66,56,,42,129,164,90,,81,,104,151,131,78,141,,226,208,171,,78,68,87,141,136,134,,50,52,49,58,,35,33,35,34,36,40,36,30,32,27,35,35,36,42,42,41,31,44,39,35,40,39,,48,52,38,41,41,49,46,51,36,39,44,56,50,47,50,46,35,68,18,28,26,88,88,97,21,42,24,64,12,52,92,90,,101,218,88,286,95,44,74,77,67,44,93,66,67,33,22,20,21,51,36,54,95,243,288,90,99,60,64,78,50,53,34,72,69,44,53,80,128,387,139,302,64,36,31,31,28,25,37,,19,86,107,129,186,245,136,192,239,242,159,106,94,54,58,46,64,109,86,90,50,125,101,110,108,79,49,79,47,62,66,72,30,170,109,109,80,151,145,84,140,104,88,99,177,62,65,70,78,72,70,153,140,175,135,99,80,110,109,102,102,108,106,106,105,141,62,65,78,76,77,81,92,82,93,65,85,100,100,77,112,117,81,135,82,85,94,83,80,74,69,85,85,79,80,81,91,89,22,20,105,106,115,122,107,111,119,102,87,93,62,64,54,58,100,94,69,88,112,137,110,108,97,139,108,119,98,117,115,117,123,115,65,65,66,,66,38,27,181,112,41,158,102,148,139,143,54,57,90,127,86,68,88,139,117,,158,146,140,114,108,85,45,17,55,58,,73,29,26,43,70,128,183,202,73,73,73,65,179,108,110,99,221,80,145,240,131,167,175,93,69,61,168,60,230,181,64,107,134,102,95,74,62,40,98,94,64,39,37,,72,69,93,,15,25,135,164,101,99,,136,147,133,130,113,88,,,104,98,97,88,100,98,,,67,85,119,102,63,89,89,140,90,106,106,44,33,47,48,48,85,44,70,54,70,37,102,79,31,88,,135,139,158,162,,135,137,124,75,114,44,,78,32,52,27,18,34,19,45,50,86,98,63,38,26,17,11,15,13,7,34,45,31,40,36,26,30,28,112,104,95,99,42,115,56,39,55,34,70,29,39,46,54,58,67,89,115,68,131,97,79,40,42,97,142,69,158,139,277,77,59,122,82,,80,60,71,43,51,167,103,31,37,39,68,22,144,126,46,110,50,,47,59,,42,98,119,87,128,143,132,,100,142,130,160,71,70,84,83,64,83,51,53,85,86,69,68,55,54,41,66,39,137,,134,91,,75,107,129,108,54,,39,54,63,79,67,68,63,97,107,138,36,,32,33,20,36,26,33,26,5,29,23,24,23,22,26,26,43,50,53,62,96,70,90,55,56,143,128,90,136,67,67,72,85,91,45,80,83,63,62,44,49,53,33,60,49,55,49,46,72,78,79,75,83,,83,87,85,59,47,63,70,63,165,103,98,145,218,113,116,92,103,86,107,84,88,129,137,83,81,114,125,,135,76,100,121,115,122,124,102,65,85,48,54,75,54,50,75,84,94,87,94,93,96,102,90,92,98,63,86,89,64,88,106,74,67,75,71,76,54,130,87,77,82,76,75,87,75,80,81,86,82,100,89,83,91,80,72,77,74,82,52,82,74,65,85,50,36,37,43,56,47,54,67,70,61,85,105,75,108,95,72,117,128,68,43,59,56,82,63,68,91,69,,52,46,63,77,29,25,47,55,66,81,75,53,62,60,65,82,76,74,81,114,126,135,121,90,80,83,86,83,64,70,94,91,91,72,90,96,81,72,73,104,90,,110,107,102,104,92,112,68,88,99,72,35,67,113,70,78,134,122,117,142,22,59,18,52,,33,28,32,64,49,43,56,40,39,47,32,42,43,,11,42,9,9,26,27,52,,56,34,39,34,15,17,16,14,30,36,46,31,23,31,36,29,48,41,22,30,55,51,31,51,8,55,76,12,12,73,31,42,60,,28,,,,,6,11,110,125,140,174,29,49,40,38,88,130,108,47,64,46,30,77,94,86,43,20,43,47,,46,84,79,38,,40,27,61,60,,59,54,66,16,40,118,36,32,13,38,45,53,53,26,121,37,46,26,34,95,73,45,40,2,94,231,58,79,44,42,91,92,186,95,46,107,78,112,144,23,10,38,125,226,278,41,31,72,44
20160203,22,PM2.5_24h,40,26,34,38,35,34,40,36,31,31,35,51,,147,140,106,109,112,143,,,93,101,126,72,112,,86,113,80,89,114,100,71,79,96,78,77,93,89,46,78,56,52,47,192,173,196,180,158,209,184,191,178,214,21,17,19,25,25,34,42,31,36,17,99,74,82,75,146,194,117,162,176,165,133,117,144,140,65,,44,82,86,53,48,63,82,75,72,75,99,84,56,62,59,74,85,96,,111,129,56,127,121,,130,66,66,51,57,37,51,54,57,68,35,85,83,70,79,78,60,76,82,68,62,81,88,99,,117,107,113,120,74,94,99,104,70,52,73,46,104,60,44,58,57,124,111,128,113,128,120,110,119,102,107,110,95,107,103,99,96,87,81,50,63,52,73,113,119,135,126,84,104,92,107,101,96,94,108,117,137,103,118,118,,126,126,119,119,117,146,153,136,136,124,140,,125,121,131,108,86,134,126,131,160,132,136,127,114,91,108,60,161,188,163,164,99,76,41,112,93,102,105,105,114,107,64,86,102,88,98,,88,94,103,63,70,64,66,101,104,79,,84,,137,118,,70,89,76,54,49,58,91,73,73,78,71,67,53,68,54,95,63,99,97,,118,116,101,104,92,27,29,30,33,28,29,20,27,20,75,60,48,86,67,85,41,79,72,111,130,100,106,106,,110,122,92,113,103,93,112,116,116,123,116,92,91,95,106,104,96,105,86,79,84,100,105,98,106,99,105,95,112,69,87,91,84,92,76,99,100,93,86,74,42,39,,34,35,39,38,37,43,40,37,39,38,34,45,24,40,44,24,34,30,40,39,33,35,35,33,37,32,45,46,34,43,50,24,30,42,25,19,39,29,,40,40,37,32,36,39,35,37,34,32,38,49,40,,82,83,75,76,70,64,77,79,21,24,28,29,26,53,72,67,58,63,61,39,58,64,59,65,47,60,58,61,62,68,83,77,68,70,72,,73,57,70,74,64,73,60,59,74,67,67,43,30,22,43,42,50,46,62,44,31,21,33,22,93,81,,92,148,80,181,72,145,75,129,91,81,84,86,68,66,77,66,97,102,106,52,93,106,97,91,97,,280,307,241,313,238,303,92,111,105,93,,106,129,74,100,117,44,70,111,99,50,80,76,38,88,91,32,44,20,25,30,88,89,84,75,80,75,93,104,78,81,45,118,85,91,105,26,24,24,18,154,131,109,158,181,160,156,,234,212,136,,132,128,145,150,143,93,146,,132,141,186,142,192,217,164,66,52,,55,83,86,132,,107,,134,120,116,91,137,,170,139,118,,49,55,51,146,109,109,,47,46,47,49,52,24,24,25,23,26,29,33,33,32,31,34,33,30,33,32,32,35,26,38,30,23,25,45,46,47,37,45,33,45,41,47,20,24,27,34,33,35,29,35,28,39,31,36,36,109,102,108,50,53,42,47,59,80,110,123,,119,171,93,243,97,46,80,107,54,41,78,76,51,26,53,23,13,195,82,94,90,124,132,85,52,75,58,73,88,46,94,84,108,115,100,77,88,147,117,135,102,108,64,42,76,47,53,,39,45,52,53,61,80,103,100,129,136,92,72,51,44,65,43,66,95,72,95,88,96,89,90,102,72,46,82,64,74,68,90,23,112,79,77,99,99,83,87,130,118,90,120,127,61,57,72,91,61,48,123,89,106,107,94,93,75,78,84,68,121,129,142,128,122,75,87,85,82,83,84,75,73,84,72,76,101,98,84,91,103,62,71,92,95,107,94,62,65,64,74,66,65,70,73,68,80,10,8,85,93,94,95,120,122,129,114,105,100,64,64,49,61,92,82,75,84,101,108,107,100,67,81,88,81,83,107,97,102,114,108,61,61,62,,56,41,40,126,98,73,237,74,96,82,90,39,48,59,70,129,110,79,137,114,181,149,151,93,86,98,74,57,40,53,49,,100,131,77,64,55,119,149,156,80,75,61,60,134,117,104,99,162,95,122,135,86,88,152,124,94,98,87,63,118,109,106,122,101,64,82,72,70,44,105,109,97,57,66,,74,88,95,,40,44,132,120,114,115,127,103,114,126,127,100,96,,,75,72,69,61,80,84,,,62,69,81,72,55,69,72,98,94,85,78,39,30,42,65,55,86,52,81,64,95,84,167,87,51,73,,78,85,146,161,,154,107,78,51,79,32,,56,101,75,29,22,33,30,37,29,65,85,60,43,59,16,18,11,15,8,44,44,34,77,75,50,81,79,75,75,78,70,102,94,87,80,63,35,56,48,73,68,69,93,101,86,101,93,88,46,46,34,35,59,94,47,33,58,73,24,41,60,53,,78,53,59,42,43,62,34,49,51,53,72,35,64,111,58,39,46,,69,80,62,21,83,47,101,109,121,121,,125,116,120,58,60,73,98,83,61,70,62,69,66,67,82,78,64,78,60,65,39,165,150,156,62,,51,84,98,95,52,,43,52,56,58,53,57,50,60,64,90,24,,29,33,14,29,25,30,25,6,24,19,22,19,18,21,22,32,37,35,46,63,58,61,57,63,105,90,86,84,76,61,68,77,64,44,63,67,63,59,47,59,61,31,72,65,68,62,60,77,91,78,72,88,,45,53,42,35,47,62,63,60,104,82,74,139,156,123,120,84,100,91,114,52,76,93,83,70,80,77,89,,93,79,85,88,83,93,70,89,69,74,72,78,90,72,80,41,65,72,52,82,99,91,85,89,93,109,79,81,97,71,79,90,83,83,67,71,70,55,95,78,56,68,68,76,80,83,79,91,88,92,105,94,100,99,88,71,77,74,87,64,115,88,76,81,54,47,47,53,60,57,68,73,62,69,65,99,60,80,92,52,93,102,47,37,53,46,68,59,57,76,71,,55,46,61,67,23,32,41,64,75,66,58,61,77,70,39,43,69,70,88,130,121,152,95,78,69,78,76,81,72,70,91,84,84,82,78,77,76,71,54,69,67,,72,94,100,99,99,99,115,91,119,96,55,82,109,57,56,87,87,87,103,13,29,16,45,,42,60,69,69,83,37,51,46,45,45,43,52,56,,43,44,50,53,24,27,58,,49,39,35,38,18,21,24,22,25,27,47,36,23,24,20,23,30,34,19,28,41,51,29,47,57,39,42,11,14,25,23,49,90,16,13,,,21,,8,11,141,151,160,147,41,61,68,52,84,107,93,48,47,62,49,42,44,53,38,25,59,63,46,78,64,54,65,,71,23,67,63,,90,56,52,17,65,113,39,45,29,27,115,107,98,28,76,63,59,62,58,90,97,48,45,11,115,306,47,76,44,44,54,107,164,110,68,106,79,98,104,24,10,22,115,195,317,50,26,88,37
20160203,22,PM10,,20,35,27,,24,38,,53,12,45,45,,307,252,219,264,236,197,,,204,175,249,169,146,,272,286,350,300,350,252,286,107,117,118,117,119,92,61,164,51,50,122,284,190,200,330,182,208,186,222,269,165,59,31,56,97,48,58,66,52,105,34,189,166,168,158,181,283,266,310,254,357,324,317,328,398,80,,70,78,90,77,78,130,164,45,50,31,71,,35,29,19,78,54,95,,107,70,71,65,156,,111,193,197,119,185,124,156,160,87,144,56,134,219,191,198,174,85,138,99,153,93,76,78,,,,,99,146,71,,,105,,25,,24,,,45,,,155,160,171,141,154,159,166,179,117,114,99,103,126,114,153,100,92,48,61,66,58,52,245,270,195,245,186,226,191,179,173,154,197,248,215,209,200,146,204,,143,165,212,143,139,208,211,169,189,184,221,,162,163,176,254,255,327,225,159,226,198,230,280,273,235,213,210,192,211,197,220,240,139,46,187,156,261,253,233,258,247,148,89,128,81,167,,74,108,182,130,116,90,123,162,174,160,,155,,193,140,,100,74,,25,9,22,,107,,115,98,79,52,,65,,126,210,120,,,308,,,101,26,53,66,,41,67,37,41,46,142,117,86,161,112,82,49,143,129,141,230,166,228,168,,167,174,122,220,166,202,237,273,166,253,,159,153,119,161,163,152,139,134,129,85,174,204,160,160,138,,279,218,,114,,,90,96,90,88,,,99,78,74,,51,62,55,68,64,72,60,47,52,53,44,56,41,54,,37,54,37,57,72,67,57,67,45,58,51,,61,45,,,42,41,49,39,64,69,52,,44,49,45,52,,53,57,51,43,,60,,61,,71,82,86,87,68,71,89,104,35,45,49,51,52,71,77,,,,66,53,69,69,63,61,59,63,67,69,77,88,127,104,98,109,107,,115,43,95,86,95,99,106,95,98,114,115,59,51,33,60,54,62,76,301,201,116,131,137,71,131,222,232,163,174,148,234,210,328,193,243,197,259,101,84,83,98,89,72,124,130,127,89,,143,164,131,128,,342,217,196,493,,205,166,247,172,193,,188,183,164,196,170,83,124,194,135,55,66,111,54,65,73,46,41,23,36,37,129,104,150,77,180,241,116,186,118,170,139,212,252,326,333,49,36,36,34,335,189,251,248,348,230,299,,379,380,152,,161,194,177,222,232,166,265,,285,290,232,175,383,265,265,91,108,,60,160,243,186,,120,,153,178,175,139,168,,336,250,232,,82,95,142,210,155,186,,51,58,68,,65,53,45,44,46,53,75,,,,,,,61,62,63,57,32,47,45,43,52,47,,54,63,39,45,48,50,50,54,42,49,59,61,60,54,60,48,,,36,54,49,147,138,179,45,63,59,81,31,59,129,154,,157,345,164,,,87,117,,83,161,224,257,139,97,46,32,40,73,70,81,152,330,380,132,125,68,134,157,81,129,59,97,115,93,103,112,171,400,209,,201,102,65,80,74,54,64,,48,,154,213,,,197,254,328,366,183,,,65,,73,68,,98,104,,129,,134,132,151,111,140,,88,92,81,32,279,174,150,235,178,160,133,164,170,154,147,,99,120,124,84,107,117,234,168,320,188,144,93,170,151,184,130,151,146,,129,189,85,106,92,114,77,100,112,104,98,81,102,112,,80,229,193,85,,87,96,108,117,,96,97,104,91,113,106,126,116,121,34,34,128,134,123,149,121,,132,123,,104,96,124,124,99,111,123,82,103,125,159,,133,133,153,166,127,147,144,169,144,142,169,69,68,79,,85,84,42,258,185,201,164,133,158,169,210,93,120,122,174,,115,243,222,181,282,224,169,215,201,153,133,137,106,194,158,,123,66,74,74,182,189,203,,163,163,154,157,261,147,153,133,404,,195,310,162,248,197,114,125,87,,117,322,249,92,160,164,142,118,94,101,165,149,161,92,60,71,,89,95,130,,55,84,,,142,144,153,,,164,155,157,114,,,166,156,192,171,130,127,,,,97,165,156,87,151,248,258,122,177,186,48,65,74,103,94,148,112,129,99,,41,169,118,81,125,,155,186,174,170,,203,225,245,79,133,50,,144,51,75,40,67,78,70,64,75,118,158,105,43,53,59,29,19,15,20,78,86,66,51,63,39,67,49,,,113,122,102,236,143,84,,46,71,,93,114,112,76,79,151,231,91,163,145,95,59,61,110,,,169,159,398,87,71,144,,,110,78,76,59,83,181,,91,87,53,80,40,205,,51,,,111,76,74,269,59,100,143,98,166,164,146,,,176,,,84,112,107,126,100,113,103,72,89,113,97,95,72,55,,90,52,174,139,158,,,80,124,138,132,67,,60,75,79,88,100,89,71,129,147,155,62,,52,46,28,39,36,38,39,,31,,48,24,29,27,32,56,60,65,90,144,72,144,73,81,190,151,140,169,87,,112,135,107,58,99,116,72,84,55,59,62,66,69,52,64,53,52,117,142,98,89,123,,142,119,139,103,67,88,116,118,216,129,137,184,308,168,185,186,210,175,190,226,223,148,221,111,137,170,258,,233,182,142,129,155,161,182,161,101,119,67,82,,72,65,99,102,108,123,153,100,135,128,117,129,157,122,112,110,121,175,177,104,86,108,98,132,95,172,99,118,100,95,105,98,83,97,95,119,91,109,102,93,103,,108,132,118,131,72,,99,120,130,78,56,70,46,70,83,64,91,100,80,121,140,161,144,139,132,180,233,76,47,,66,114,72,86,98,92,,58,67,69,,54,60,55,80,78,101,97,,80,74,72,84,95,88,149,126,126,164,143,105,111,103,107,,73,73,109,100,106,118,,97,93,98,105,,113,,,111,113,119,118,125,141,156,153,139,48,101,134,88,143,157,155,182,179,44,78,48,54,,42,37,50,87,67,,72,54,64,49,46,48,45,,44,83,12,14,46,62,70,,66,63,46,52,29,28,28,,54,58,50,,30,53,,43,79,,29,113,88,51,40,83,59,81,100,,23,109,,169,212,,45,,,,,24,,137,179,182,198,42,85,82,,129,168,126,60,75,118,134,97,125,108,72,60,100,104,,59,195,225,91,,84,47,65,74,,101,114,123,95,75,152,82,73,49,66,51,82,71,73,,63,70,71,58,162,133,85,73,14,236,386,134,140,77,80,222,206,253,198,141,172,88,,168,38,30,50,237,354,336,76,45,,60
20160203,22,PM10_24h,,32,43,47,,43,49,,43,48,46,83,,205,188,142,155,158,183,,,133,146,171,126,118,,146,151,144,138,163,134,123,123,136,122,118,129,104,77,125,92,105,100,275,238,259,279,203,258,224,239,238,256,50,42,57,65,47,52,61,53,73,40,157,103,99,94,195,222,225,219,222,204,173,178,183,194,95,,59,111,125,84,89,99,125,112,111,111,172,121,99,102,94,116,117,147,,185,181,96,174,220,,180,102,88,70,86,66,81,80,78,94,47,155,138,128,118,106,87,111,118,106,111,93,106,118,,147,146,151,170,109,118,119,138,83,59,79,60,117,64,50,68,75,175,169,186,154,168,169,164,189,145,92,132,131,143,135,174,107,110,92,86,94,72,102,180,208,161,171,163,159,158,171,155,148,154,203,195,217,173,148,176,,158,148,170,156,155,185,203,183,195,181,204,,164,184,145,155,164,188,161,157,203,189,206,195,160,121,140,119,200,226,206,211,140,103,50,156,118,157,154,146,165,169,93,119,139,124,140,,111,121,152,81,92,82,86,134,129,118,,117,,151,145,,124,104,,87,66,69,96,85,75,106,97,104,65,71,74,102,91,152,119,,154,192,114,108,111,35,43,42,36,34,44,25,40,33,109,102,79,106,76,97,58,98,109,140,198,150,182,136,,159,183,117,155,138,152,152,211,178,179,182,151,139,132,151,160,140,130,123,113,90,149,142,140,143,119,128,164,175,52,104,132,126,90,89,99,95,113,100,81,54,50,,40,42,52,47,51,48,46,42,46,44,38,47,41,43,43,26,42,36,49,53,54,41,53,37,46,39,50,50,40,45,60,43,43,46,41,46,51,45,,43,45,41,40,41,44,45,43,47,44,48,56,45,,93,106,99,107,77,82,107,107,32,43,43,42,45,63,80,70,61,68,68,61,71,73,69,70,55,68,70,76,76,80,99,96,95,95,83,,89,89,84,86,95,85,88,80,91,103,109,62,53,36,80,62,94,91,158,141,111,67,115,66,151,158,146,159,198,167,237,149,198,136,206,166,157,151,124,99,105,109,91,136,141,152,87,130,157,147,138,139,,437,375,282,557,292,387,135,195,147,139,,134,154,110,136,134,66,89,190,111,75,107,139,83,124,131,64,66,38,40,55,143,122,120,105,120,111,139,129,98,102,67,169,146,144,170,41,36,32,29,230,176,190,239,249,230,242,,323,305,183,,186,196,181,211,193,164,231,,221,159,234,166,269,315,214,98,92,,78,110,159,185,,156,,204,145,143,140,221,,268,189,181,,64,86,82,198,160,167,,53,52,61,58,80,39,38,37,32,39,46,43,46,41,40,41,36,45,49,46,44,36,38,47,35,30,30,47,51,51,41,49,41,46,50,49,27,34,36,47,45,46,41,39,30,43,47,51,52,157,146,150,95,78,91,58,86,98,158,184,,167,234,169,270,64,90,118,108,63,87,167,181,110,56,93,43,32,290,119,154,149,199,197,134,67,105,134,134,117,103,143,113,171,193,155,132,111,166,146,138,157,142,88,77,127,80,71,,51,55,76,103,65,87,148,151,178,222,112,81,77,55,76,66,79,106,93,121,114,116,100,129,129,106,85,110,78,96,106,99,45,151,119,138,162,137,103,119,180,207,143,193,185,86,105,103,135,88,76,188,112,177,156,131,114,123,129,150,104,163,165,133,156,160,112,150,109,116,94,104,104,92,88,77,95,111,170,86,162,127,73,66,86,102,108,117,65,76,73,78,71,87,89,95,93,90,17,16,102,113,108,110,136,137,145,136,116,117,118,118,89,90,108,117,103,108,121,123,128,134,104,133,123,98,118,131,141,128,139,168,81,67,67,,64,62,51,177,194,172,257,106,112,107,118,67,77,90,111,152,164,225,190,194,214,210,180,138,142,127,112,129,112,170,149,,157,195,223,123,148,173,225,293,157,250,229,242,185,163,153,139,227,134,165,174,128,134,192,151,169,147,110,106,162,159,167,174,141,89,105,97,114,118,148,152,131,93,94,,86,121,130,136,80,91,111,137,153,163,166,112,106,154,149,139,131,,,120,110,134,115,102,107,,,95,97,118,95,70,116,116,138,115,108,126,55,61,55,145,137,158,181,142,118,124,100,244,132,88,102,,102,120,158,196,,217,185,152,64,94,63,,108,151,106,45,88,91,84,54,44,95,145,96,56,83,42,30,17,21,18,69,66,55,113,114,70,119,113,108,135,103,142,149,136,136,119,59,50,74,60,98,97,98,114,123,136,190,118,107,75,73,47,50,84,114,46,46,74,117,37,62,97,104,,101,70,66,57,69,81,34,125,113,68,88,63,94,191,66,40,48,56,118,107,98,33,99,121,122,132,143,133,,186,140,95,78,81,107,123,101,89,95,89,127,86,93,96,102,80,86,68,76,61,201,166,183,72,,58,100,107,113,68,,56,66,65,73,79,70,62,96,93,108,37,,48,42,21,32,32,39,33,11,25,15,38,24,24,28,32,38,47,45,62,87,82,87,69,84,139,119,120,116,99,126,106,119,85,50,72,82,75,77,57,67,74,70,77,69,82,68,74,114,136,94,91,127,,102,103,95,100,76,93,105,107,135,103,89,176,209,185,173,156,198,162,163,122,133,108,133,106,127,124,151,,145,163,124,122,124,140,97,141,102,112,94,110,110,88,98,54,81,87,74,105,113,106,102,107,126,162,128,113,119,106,127,134,105,106,94,105,125,92,106,92,93,85,83,89,102,102,98,106,106,102,113,112,124,117,,99,122,113,125,93,103,120,125,119,79,67,85,64,91,83,91,127,106,130,85,116,121,102,121,88,141,163,51,41,61,56,80,69,65,88,77,,61,66,68,73,40,59,49,78,85,74,86,51,97,91,66,61,77,77,159,151,134,188,114,94,93,101,87,95,83,90,108,100,112,122,94,94,89,93,71,87,87,,99,115,119,116,149,126,180,160,184,173,79,120,129,72,100,110,113,133,128,22,37,31,47,,51,75,102,88,112,49,74,69,67,49,62,62,65,,68,85,61,74,33,54,77,,59,96,55,57,36,34,30,30,41,48,62,55,33,36,24,32,45,35,28,70,57,56,40,77,70,56,60,13,23,51,,285,320,68,55,,,34,,19,18,167,173,169,175,65,108,98,87,107,159,109,72,58,83,96,49,56,71,125,62,113,118,64,100,185,208,93,,103,53,74,85,,125,112,83,102,114,160,82,89,66,102,114,151,120,90,79,80,96,128,81,154,141,102,82,27,280,453,104,138,81,92,164,180,214,186,173,180,101,106,154,42,24,26,175,305,362,82,35,96,44
20160203,22,SO2,10,2,13,11,14,8,19,15,20,4,24,16,,103,110,78,70,31,92,,,61,53,74,27,131,,237,202,252,212,198,173,154,35,40,35,59,52,32,144,85,65,38,57,39,13,131,98,127,108,128,164,167,103,32,28,21,41,13,31,26,20,20,32,66,64,86,113,130,277,144,211,149,240,420,330,438,323,41,,125,99,110,92,63,111,404,38,50,12,30,50,22,60,24,25,240,170,,157,92,58,165,108,,16,232,131,107,170,86,68,173,50,159,11,68,39,171,32,69,27,19,79,9,6,22,20,30,,62,22,7,130,47,23,34,93,15,14,13,13,9,13,12,14,17,24,33,32,30,29,25,26,13,17,14,13,14,19,11,12,17,14,15,11,19,15,13,88,82,71,96,86,70,85,31,38,36,16,32,21,34,33,16,24,,14,19,22,15,30,26,24,36,35,24,42,,25,56,29,24,21,18,33,24,25,31,35,65,46,25,42,26,37,40,43,42,31,9,7,20,9,31,23,31,31,27,12,7,10,20,18,,14,14,13,12,9,10,16,19,13,26,,14,,13,23,,8,8,7,5,3,3,10,9,8,11,10,11,5,7,5,39,28,21,18,,12,29,28,3,28,7,12,5,7,6,5,3,3,3,12,9,6,7,15,8,5,15,11,40,138,42,95,65,,81,67,12,71,29,36,33,35,25,34,108,43,33,46,37,35,44,45,32,31,6,11,20,21,18,19,22,15,27,3,5,10,6,10,9,10,12,47,6,5,5,3,,11,1,5,7,3,7,6,5,5,5,5,6,32,8,6,5,8,2,7,9,13,10,7,8,9,8,5,6,3,9,11,10,11,18,12,8,8,9,,6,5,12,2,7,5,6,3,5,9,3,7,11,,13,11,12,16,14,14,10,14,4,3,1,3,9,9,6,6,19,9,12,50,10,8,21,15,6,15,15,12,16,15,12,8,17,8,9,,8,9,20,36,32,25,48,41,45,26,29,11,21,22,9,23,19,8,32,19,16,8,10,8,42,46,36,45,11,50,72,52,32,63,58,26,38,20,24,21,27,24,29,37,35,27,120,152,243,65,109,135,,32,25,55,80,30,25,56,34,61,60,,393,42,47,176,88,24,21,47,7,17,31,34,13,19,31,57,27,8,9,27,35,17,18,7,84,55,36,44,56,109,53,231,173,174,170,6,3,4,2,272,80,138,113,200,88,75,,103,93,34,,52,43,47,27,168,119,188,,108,144,118,54,88,28,49,50,44,,59,48,53,128,,62,,65,69,99,77,133,,253,162,77,,72,49,40,75,80,74,,16,9,10,4,15,15,8,6,17,6,9,3,6,9,5,11,6,9,4,5,3,6,2,6,8,8,9,4,1,5,4,5,5,12,13,20,9,9,5,3,14,2,4,20,13,12,13,10,11,52,43,53,14,72,45,21,17,48,284,378,,230,273,30,82,71,127,36,45,91,112,229,312,174,54,106,30,28,89,70,123,57,131,88,95,36,73,53,71,64,52,51,133,79,77,88,95,13,147,197,77,191,153,52,44,41,27,32,,20,12,46,53,13,61,51,66,103,73,23,41,23,10,11,31,13,18,35,7,22,27,36,26,43,18,10,20,4,16,32,15,9,115,115,108,119,75,72,59,97,172,87,98,141,61,57,48,26,104,118,115,88,33,46,47,57,119,74,105,63,14,17,14,32,22,49,37,29,5,10,49,36,6,18,9,12,14,19,11,8,11,2,5,20,17,9,17,8,8,10,5,10,18,11,25,19,11,3,4,5,13,9,11,11,19,11,13,10,11,27,31,28,16,14,15,16,13,10,10,8,8,6,4,5,6,6,7,7,4,12,5,39,14,10,,12,20,24,7,32,23,8,50,116,62,63,62,55,87,123,18,15,51,27,24,48,37,32,21,45,34,14,9,8,21,9,,171,9,32,89,10,7,6,2,4,20,3,15,137,88,46,33,250,52,47,70,59,89,179,61,92,67,135,76,26,50,71,97,9,59,23,26,57,50,16,13,18,16,16,,11,16,16,,9,17,24,19,27,33,36,30,25,29,58,18,16,,,21,1,10,10,14,17,,,60,282,33,18,23,44,18,37,31,40,43,6,9,4,72,67,189,63,36,160,173,96,217,148,88,74,,59,198,122,338,,225,604,28,81,8,183,,315,24,36,3,21,17,5,8,4,76,257,29,29,46,32,6,6,32,11,50,28,14,20,97,21,37,26,95,47,42,55,19,70,24,9,100,85,75,29,28,52,68,30,17,40,137,78,68,42,20,12,14,33,44,5,125,7,169,58,21,41,60,,22,34,62,20,16,22,6,44,34,17,38,18,4,,31,92,67,56,25,17,79,13,47,43,15,28,44,18,,3,15,25,38,8,37,28,43,20,9,9,86,7,75,54,1,33,35,5,7,3,7,22,24,47,,31,34,11,47,19,,23,18,65,76,7,15,6,26,21,25,4,,8,9,5,10,8,7,7,,12,16,6,9,5,10,9,7,11,7,3,12,6,4,2,3,33,34,20,11,3,9,23,24,17,43,15,24,18,14,14,22,9,13,47,2,11,4,3,26,16,9,52,25,,28,19,21,19,14,18,23,21,102,88,89,69,161,71,107,43,43,112,34,102,55,70,51,61,76,44,90,,49,48,21,28,42,39,40,20,34,40,12,12,2,27,6,17,17,34,32,33,36,19,17,20,18,16,71,20,32,20,33,24,11,20,11,7,9,8,21,11,9,33,6,9,11,7,9,8,15,7,18,11,14,22,2,4,22,33,33,4,10,20,4,27,16,27,14,30,17,5,10,34,63,10,23,32,25,11,4,6,18,20,15,32,8,6,7,4,2,14,8,,12,18,18,23,8,9,25,7,9,18,12,10,12,14,18,15,9,11,13,30,26,2,13,6,7,9,18,6,18,19,4,11,9,6,3,10,3,3,28,8,7,,9,8,4,19,6,8,9,22,7,6,2,4,7,7,6,19,11,16,18,14,26,3,11,,4,11,10,15,19,8,14,3,20,6,30,34,43,,8,8,16,9,23,10,19,,15,35,9,15,31,1,12,5,4,12,6,2,20,17,5,5,10,3,3,2,1,7,12,7,7,8,10,15,4,8,7,5,7,55,6,40,,20,,8,7,30,18,51,32,25,79,68,62,21,60,26,13,25,12,8,,134,20,53,56,215,90,3,49,29,9,11,,164,114,29,24,,31,35,18,41,16,12,8,41,7,32,24,71,24,7,52,106,24,17,18,19,21,2,2,1,35,55,22,33,45,56,4,12,33,23,57,287,40,68,45,3,45,30,77,38,19,18,7,313,11
20160203,22,SO2_24h,20,14,18,15,16,16,30,13,13,21,24,29,,84,88,73,55,36,78,,,60,53,60,28,78,,140,126,89,134,121,117,97,45,54,40,51,57,45,73,92,71,85,55,87,121,166,120,128,110,112,129,102,133,40,32,40,54,27,25,21,18,34,27,51,50,55,64,122,123,141,107,104,107,216,179,223,179,70,,133,133,154,131,122,145,343,44,89,57,76,64,32,64,28,55,93,92,,125,296,106,131,294,,190,160,113,90,96,71,71,103,64,89,16,151,154,84,51,89,39,44,58,28,39,58,60,67,,111,134,19,105,102,61,77,89,23,23,21,23,17,22,16,22,26,22,28,29,38,31,22,28,18,15,20,20,22,26,15,20,23,21,24,22,27,21,20,58,59,74,57,81,50,36,25,44,32,14,32,23,33,31,27,32,,25,25,29,25,32,33,26,34,36,28,42,,29,44,30,23,22,20,44,31,33,28,35,63,30,31,26,29,37,34,33,26,16,13,9,17,10,19,18,18,27,20,13,20,19,26,25,,19,23,21,9,5,6,11,25,21,25,,20,,18,32,,14,15,13,13,19,7,11,15,8,16,12,10,7,16,5,40,31,25,25,,12,35,36,4,31,6,11,5,7,6,5,2,5,3,17,18,14,14,21,19,8,24,17,38,81,44,69,61,,73,54,11,70,50,59,51,54,54,51,95,62,40,73,80,38,53,70,49,49,12,14,21,22,23,28,24,29,22,16,6,9,8,11,14,11,14,57,8,4,3,2,,10,2,4,6,2,6,4,13,5,5,5,6,17,8,6,5,7,2,7,9,13,11,7,6,9,6,4,6,5,9,10,9,9,15,13,6,5,5,,7,6,12,3,8,6,4,3,4,8,3,6,9,,16,16,14,18,15,13,11,17,5,2,2,4,10,6,8,9,18,13,17,16,10,12,21,19,5,16,16,16,18,17,11,9,17,8,8,,8,13,32,49,33,31,47,54,59,35,42,12,10,11,7,25,14,7,10,12,8,5,10,8,51,39,30,43,13,53,39,42,19,48,44,35,26,35,37,20,40,44,23,40,27,21,126,151,202,148,186,196,,13,34,42,30,56,27,95,41,88,67,,74,93,35,64,59,26,21,92,7,45,74,67,37,82,82,65,42,17,12,41,57,73,47,65,93,72,102,152,48,53,33,154,170,134,159,7,4,6,2,132,82,105,91,115,94,67,,86,77,52,,60,63,39,50,120,119,104,,106,98,97,61,75,22,68,36,49,,44,39,46,124,,99,,116,58,55,60,73,,100,76,56,,55,42,44,117,118,92,,18,10,9,8,14,17,15,10,10,7,8,7,13,10,7,12,8,10,6,7,20,6,2,6,7,7,8,4,2,6,4,6,6,7,8,14,7,9,4,3,5,3,3,27,14,17,11,8,8,41,35,44,37,146,82,51,186,172,270,254,,175,263,46,79,79,112,46,81,103,103,207,165,127,54,128,38,33,155,122,129,124,120,83,96,38,93,80,60,51,46,138,122,172,128,168,105,51,106,163,74,178,250,61,35,66,42,34,,26,25,73,83,16,109,40,74,85,87,20,25,23,25,36,29,14,19,32,7,26,16,28,15,18,39,34,36,26,39,23,40,32,101,83,79,88,70,76,47,101,174,113,140,152,50,57,39,44,92,109,95,98,48,51,51,65,86,58,92,40,15,18,11,22,21,43,86,41,13,16,20,35,13,18,11,19,13,21,10,7,11,5,4,20,21,14,19,9,8,11,7,9,16,15,25,22,13,3,4,5,9,10,9,14,20,11,23,13,10,36,73,38,25,10,18,14,14,9,13,15,10,6,3,8,5,7,7,7,11,28,6,30,18,30,,28,12,20,17,36,23,14,50,73,45,56,36,48,84,112,25,17,35,32,32,35,41,26,17,54,50,33,56,21,51,12,,253,236,239,137,8,12,7,2,8,22,4,14,97,79,45,43,131,85,59,50,44,45,152,69,91,57,77,53,26,62,88,102,17,28,33,41,49,57,24,18,34,21,21,,17,17,23,30,16,21,30,20,40,39,51,30,19,29,28,21,22,,,13,8,13,11,13,14,,,85,127,37,13,16,38,18,40,29,33,35,8,10,7,175,190,162,189,201,176,186,210,307,215,118,74,,39,136,192,187,,208,303,48,71,41,82,,152,118,77,2,32,37,10,11,5,40,163,57,35,58,32,10,6,32,56,25,31,21,80,123,114,117,72,60,78,63,90,94,61,62,64,148,44,88,42,77,76,69,53,59,77,118,97,103,39,22,16,15,32,41,21,55,17,62,29,25,28,58,,29,31,37,24,23,25,10,41,28,14,49,21,5,,36,60,55,46,98,82,47,20,19,23,10,31,44,23,,5,23,35,34,13,32,39,44,19,8,8,35,8,19,41,2,23,38,8,5,8,7,24,19,37,,21,35,15,47,18,,21,18,33,37,22,16,7,19,12,23,2,,6,6,3,8,10,6,6,,11,16,8,7,4,7,7,6,9,4,4,5,5,5,5,4,24,36,21,13,4,11,24,25,15,47,23,29,23,19,12,25,16,15,32,5,16,17,8,23,15,13,43,26,,18,17,16,17,9,16,21,16,85,75,60,64,97,70,98,36,42,43,45,45,41,40,46,67,77,34,70,,34,51,32,24,38,32,34,26,46,51,11,18,9,89,3,17,12,22,25,55,62,31,24,19,20,38,60,24,43,28,31,25,8,14,5,7,7,5,21,15,25,9,9,12,15,14,14,15,15,8,19,10,19,19,3,6,24,25,24,6,14,19,4,26,12,13,14,12,10,27,19,55,66,14,18,30,24,13,8,7,36,22,13,38,9,5,7,6,4,33,12,,16,25,19,24,8,5,15,9,17,17,12,9,13,14,19,12,9,12,14,31,29,16,13,9,5,9,13,6,22,19,7,10,9,9,3,20,12,18,27,15,7,,10,8,21,19,25,41,11,20,10,6,2,4,7,8,5,18,12,21,18,12,13,4,16,,7,18,32,32,67,8,11,6,15,39,29,43,41,,21,11,20,14,23,8,20,,18,33,11,15,32,3,12,5,3,12,6,2,16,14,5,9,11,3,5,3,4,7,13,7,6,6,6,13,4,8,6,5,6,14,4,54,,10,,10,7,27,24,30,26,23,73,79,60,17,47,22,22,26,36,23,19,69,24,61,50,96,126,35,42,25,15,31,,93,111,27,21,,23,35,36,35,26,42,9,33,5,31,121,203,148,18,64,71,32,36,24,24,14,5,5,3,42,58,36,35,18,18,3,11,16,12,55,114,45,50,40,4,34,26,21,25,21,27,9,237,6
20160203,22,NO2,48,2,46,58,65,59,69,45,45,28,45,47,,152,134,147,152,148,140,,,143,100,137,100,70,,120,139,132,121,128,121,98,69,70,51,91,71,80,67,74,31,76,81,133,110,130,124,135,102,128,126,124,178,13,19,13,23,15,37,64,72,40,28,94,71,75,115,113,141,117,127,105,129,173,143,160,163,40,,36,62,58,62,42,57,91,34,22,19,10,19,23,18,33,25,74,69,,63,52,60,71,64,,22,108,105,88,77,71,65,84,28,95,12,38,17,49,28,41,20,17,32,12,21,20,52,48,,86,61,74,44,60,46,60,64,41,54,60,62,51,44,83,57,48,94,92,134,112,136,91,122,135,85,83,85,129,99,69,98,85,110,16,33,40,43,58,122,38,26,85,99,176,99,56,91,2,121,97,36,31,91,51,127,,39,111,109,126,82,126,120,111,122,76,87,,68,77,89,46,58,54,75,56,57,81,74,92,120,114,87,68,124,108,62,89,74,94,15,52,33,118,113,109,65,76,39,84,110,83,128,,24,111,111,48,33,28,51,59,55,121,,101,,64,49,,41,48,49,56,14,23,57,40,30,49,26,14,33,11,34,187,103,107,90,,25,126,24,23,26,6,28,52,35,41,53,7,29,31,83,58,40,43,,81,15,81,76,22,60,50,147,122,,136,68,33,63,54,104,59,32,142,27,124,116,81,56,91,77,88,106,109,67,46,104,140,109,112,111,86,128,102,10,46,65,30,48,64,34,57,46,46,18,64,63,,37,61,68,28,71,20,53,12,59,62,64,67,44,32,76,13,24,32,24,44,71,28,55,59,54,43,61,63,22,33,13,59,39,42,44,35,34,35,,25,21,28,22,28,23,29,29,29,22,33,40,27,,19,38,54,23,18,42,24,35,6,10,14,18,15,17,58,42,58,48,44,26,48,56,63,51,45,79,65,38,45,59,39,48,45,43,50,,63,46,15,23,18,15,23,33,29,19,28,26,27,3,45,36,66,50,24,87,75,31,29,32,115,128,119,101,57,103,133,94,99,119,66,111,80,16,19,16,17,32,58,24,36,12,31,52,48,39,51,82,,104,53,114,115,114,74,74,63,75,97,,95,74,93,89,78,12,40,67,43,18,27,33,13,18,38,31,16,8,8,17,52,44,50,31,70,81,38,75,92,91,77,94,88,130,70,33,20,26,14,115,112,127,130,133,67,80,,118,97,34,,65,65,55,49,105,127,105,,93,96,103,43,60,77,61,86,100,,46,78,82,73,,96,,68,64,80,46,127,,152,117,109,,55,45,104,123,76,100,,23,14,25,22,34,18,20,2,21,15,29,15,14,9,10,7,11,28,29,30,27,20,31,32,14,25,17,46,32,33,19,31,31,30,53,29,22,21,26,12,21,21,18,13,26,46,13,50,41,53,45,53,5,34,24,9,7,28,84,56,,153,88,33,63,36,70,21,33,101,37,109,76,77,20,20,16,11,48,26,47,64,101,85,58,70,77,77,84,52,70,35,64,37,27,68,78,77,81,103,63,57,34,28,38,23,28,28,,9,31,50,39,24,40,48,59,58,87,34,38,62,29,42,41,39,47,47,21,97,51,31,73,12,67,75,93,9,34,30,22,3,107,115,171,118,71,83,106,91,123,82,64,113,107,76,92,88,94,72,50,39,92,100,84,36,92,65,73,44,71,54,39,25,53,114,60,80,10,18,33,17,28,16,43,17,25,46,2,38,47,14,12,14,59,28,36,16,18,17,22,18,33,14,42,37,20,11,12,48,61,42,60,23,36,41,46,21,23,57,40,71,43,45,35,40,49,20,51,43,74,32,40,61,17,16,33,32,66,29,37,41,15,20,,26,66,38,56,122,90,107,53,87,68,61,48,75,52,118,21,26,101,83,71,98,74,98,55,83,58,61,13,6,25,33,,19,15,53,15,91,16,11,36,39,33,28,24,113,74,48,64,109,27,89,130,131,106,116,75,92,75,76,37,79,23,79,76,35,41,64,66,23,50,54,74,45,96,101,,33,80,72,,69,85,63,34,92,131,82,41,42,95,67,39,36,,,46,63,77,57,34,37,,,43,88,72,83,32,93,89,94,66,44,38,20,29,21,85,57,76,52,34,43,74,52,68,40,71,33,,28,51,75,86,,63,203,53,27,21,35,,28,26,25,6,16,16,18,36,24,52,97,59,23,65,21,6,3,9,14,36,37,7,19,34,11,19,15,60,49,57,56,15,68,33,18,42,36,41,31,20,32,32,21,22,63,94,52,76,39,33,15,13,62,79,22,65,95,91,60,27,69,59,,22,28,37,14,90,60,35,33,30,18,30,9,41,95,8,85,17,28,44,25,65,9,45,109,35,62,46,45,,28,79,28,55,93,104,120,117,47,75,51,25,24,20,43,25,72,95,39,26,16,54,151,89,67,,30,89,66,75,44,,39,24,69,51,40,60,33,50,41,41,54,,30,22,6,16,18,16,20,3,34,24,22,13,20,25,31,15,13,40,4,42,49,12,25,2,39,37,24,28,2,22,76,31,68,17,32,14,36,25,7,14,31,20,38,12,16,23,18,24,32,30,43,27,,55,45,3,40,16,23,55,28,125,106,134,80,133,101,109,72,71,60,54,139,106,146,103,81,86,63,107,,81,61,92,31,34,54,52,20,40,31,59,27,22,51,55,9,30,31,60,91,61,77,40,57,36,74,44,39,34,13,114,73,69,50,30,27,27,24,114,30,39,19,20,34,26,47,30,34,40,14,31,19,27,43,33,85,71,85,89,17,24,53,31,38,16,16,33,14,16,3,1,11,14,4,31,61,13,26,40,12,45,30,29,19,21,40,29,18,14,29,18,,14,14,28,26,14,37,28,10,10,41,41,12,17,20,28,34,24,19,52,34,47,55,6,27,23,40,32,24,31,37,30,55,34,34,10,37,36,36,10,36,47,,24,30,58,51,71,76,7,39,39,33,4,29,65,51,12,13,27,18,25,10,32,13,20,,7,21,25,53,59,19,21,30,30,13,41,28,33,,10,6,32,16,24,19,22,,18,32,10,15,22,2,1,7,12,21,20,25,18,32,16,12,17,8,7,,30,6,8,13,23,20,19,20,25,25,22,12,26,85,8,19,,2,,4,6,35,45,74,58,31,83,69,68,28,59,49,26,40,14,8,8,93,63,39,40,50,37,2,35,54,61,11,,40,39,27,23,,22,22,20,46,8,6,4,20,12,23,2,59,69,8,14,15,22,16,23,90,75,18,14,4,75,83,34,11,55,51,43,53,89,93,59,44,94,102,83,9,26,77,118,82,101,36,36,70,75
20160203,22,NO2_24h,57,12,62,74,70,68,72,40,29,53,58,56,,92,89,91,95,98,93,,,97,73,98,73,84,,74,82,63,84,78,76,42,71,72,55,78,64,77,49,64,52,76,58,115,115,118,110,107,93,96,100,94,146,16,26,25,34,18,46,52,48,38,23,76,76,67,90,103,99,91,81,73,79,129,100,105,106,38,,29,42,40,53,38,56,72,47,35,55,52,46,58,52,45,43,56,58,,57,81,55,74,79,,61,61,68,58,48,39,43,52,31,65,11,70,59,68,49,62,21,25,49,34,43,33,47,101,,100,90,79,47,86,48,67,64,46,69,73,63,62,63,55,58,55,75,86,100,69,87,59,53,81,72,50,79,95,82,79,85,77,86,44,49,46,42,62,63,24,28,63,77,103,61,82,63,42,68,66,28,21,76,39,91,,45,85,80,74,76,84,73,93,80,50,75,,44,67,69,35,57,54,66,58,50,57,64,30,46,62,39,60,67,45,53,62,54,66,15,65,38,67,77,72,65,52,31,63,62,52,60,,31,55,59,28,26,33,27,42,45,63,,46,,63,52,,28,33,23,24,14,21,39,30,23,36,17,19,24,17,17,127,79,88,90,,15,74,19,17,17,13,20,26,24,22,26,7,25,25,49,29,22,21,28,54,15,51,42,14,50,44,95,67,,68,46,30,47,70,62,36,32,93,21,99,86,80,67,81,66,74,74,76,56,44,75,90,71,63,69,68,73,74,15,38,76,27,45,45,44,64,42,47,17,42,33,,18,26,36,14,43,9,32,17,35,41,38,41,23,18,48,14,21,17,19,29,48,23,32,25,31,21,35,36,15,25,9,33,25,23,29,21,31,20,,21,17,17,15,19,16,14,17,19,10,24,21,13,,33,39,58,27,24,27,34,38,7,11,12,15,7,18,55,46,52,48,44,31,44,50,59,52,36,72,62,44,51,63,38,44,49,42,48,,57,33,20,33,27,16,24,43,36,22,35,22,23,7,15,27,44,37,7,47,37,8,26,23,83,97,95,86,46,70,102,72,61,74,43,92,53,70,56,25,61,51,58,42,38,13,27,60,44,51,55,64,,101,70,101,116,93,57,59,46,64,60,,47,47,37,41,39,10,22,52,36,38,47,50,27,56,57,44,32,17,20,40,56,62,56,51,40,44,46,56,74,63,39,49,73,94,57,23,25,22,12,78,76,95,83,83,70,49,,75,71,44,,61,57,42,44,70,90,75,,71,63,62,49,51,48,35,51,65,,41,51,57,54,,74,,64,55,48,31,88,,96,70,74,,42,34,52,78,79,68,,19,12,14,11,18,16,19,16,13,14,20,19,17,10,14,7,16,20,20,21,12,23,15,28,10,13,11,21,18,15,23,28,28,17,27,19,12,13,16,10,17,19,16,14,16,18,17,25,21,38,30,35,21,48,36,23,30,39,70,47,,94,62,26,59,38,61,15,28,76,27,78,54,43,17,35,21,13,56,58,70,76,91,66,70,37,71,63,57,59,49,67,70,60,62,78,75,45,54,77,53,57,72,52,40,46,42,35,,12,36,55,44,35,33,37,51,44,71,24,28,37,27,35,41,40,69,44,48,54,54,47,57,28,43,49,50,17,26,34,18,7,78,68,81,82,52,24,50,66,87,59,78,75,55,39,54,52,71,60,59,42,64,69,58,55,71,55,57,39,39,49,42,21,36,59,70,37,14,32,38,21,43,20,44,18,24,37,2,40,33,14,11,15,37,19,31,16,16,12,18,15,28,14,33,28,21,11,10,29,46,34,43,31,34,43,42,35,19,45,38,38,33,36,31,40,46,18,32,38,74,16,27,37,15,17,19,25,52,30,22,34,17,22,,27,23,15,64,89,90,98,40,65,44,39,31,47,41,77,34,42,72,67,65,61,66,74,45,65,66,54,17,7,22,34,,27,57,53,21,42,14,9,48,32,41,38,25,77,63,31,32,83,71,55,84,132,59,82,57,84,52,55,56,61,19,69,59,24,31,39,46,24,41,54,69,44,57,57,,31,54,76,76,54,56,31,30,68,89,72,50,40,76,57,41,34,,,28,57,40,30,27,31,,,54,54,44,36,20,43,48,47,43,32,24,30,33,39,67,61,59,51,54,43,54,53,62,32,49,27,,21,30,81,60,,63,136,43,21,17,26,,17,49,43,9,20,26,15,29,22,33,60,34,32,60,19,7,4,9,18,21,28,9,33,44,27,39,29,47,58,50,60,49,47,43,47,34,24,30,34,53,48,47,37,40,62,70,45,52,32,18,18,12,43,66,24,23,68,57,25,26,39,41,,20,26,38,16,58,40,23,41,48,26,43,12,24,54,14,46,25,19,56,47,43,13,35,55,29,51,58,39,,16,58,44,55,44,86,64,57,41,40,41,48,35,33,55,17,76,66,42,23,19,38,84,70,39,,25,63,39,27,34,,27,15,56,32,29,50,29,45,36,54,29,,24,19,6,12,14,13,13,2,14,11,13,9,16,17,18,16,13,22,4,13,16,15,16,5,23,28,18,16,6,21,31,25,37,16,30,13,27,27,7,12,27,18,25,21,29,23,27,23,33,24,39,31,,33,28,21,34,12,22,41,20,101,71,78,33,87,69,62,45,87,47,46,63,55,56,54,63,49,49,57,,39,38,53,28,20,37,32,46,42,48,41,24,29,36,46,8,32,29,35,31,40,37,33,43,32,50,51,44,52,26,75,55,39,39,16,15,19,18,58,24,24,23,20,36,30,52,34,42,43,12,26,22,28,30,52,60,45,52,60,15,16,31,19,24,15,17,29,14,20,19,15,28,24,20,21,58,9,19,32,12,40,36,14,13,16,19,25,12,12,21,16,,12,11,24,20,10,26,26,9,20,17,37,14,29,32,27,29,16,15,62,60,55,67,7,27,21,39,19,18,28,31,29,48,36,35,10,30,24,31,13,35,37,,20,21,52,46,56,64,7,39,37,18,11,33,46,37,13,14,26,20,20,8,15,15,23,,11,25,33,34,53,16,20,24,26,45,30,20,23,,22,12,33,21,13,16,33,,20,55,20,19,22,2,2,10,14,18,17,17,11,16,7,6,8,7,8,,17,6,9,22,29,9,11,12,19,15,15,15,20,15,4,17,,6,,4,7,35,49,66,45,37,66,64,59,24,39,38,31,33,31,17,7,53,53,32,36,40,36,44,44,36,51,20,,34,42,35,32,,41,29,32,40,19,11,14,13,12,7,23,57,83,15,20,28,24,33,38,53,49,16,15,4,71,93,33,12,26,29,15,44,47,47,39,20,61,53,41,17,15,41,73,66,65,25,24,47,41
20160203,22,O3,31,90,41,34,32,21,11,38,9,74,48,34,,5,5,6,8,8,6,,,4,4,6,3,41,,,6,8,1,2,13,33,26,20,20,14,16,14,17,19,32,23,13,9,41,18,64,12,18,6,21,4,15,80,76,83,81,70,58,15,21,51,66,24,36,43,14,10,6,3,8,18,16,3,6,12,28,9,,22,3,4,3,8,15,10,48,53,70,66,34,61,56,50,52,12,10,,18,35,36,24,22,,60,,11,11,7,30,30,15,54,12,90,58,81,30,59,56,70,74,38,76,78,37,31,12,,19,29,34,19,45,48,23,29,61,51,39,59,56,68,15,50,42,5,37,24,24,10,13,6,3,48,21,21,26,12,46,17,31,4,36,68,54,48,45,18,45,76,48,44,8,11,63,31,36,8,12,13,32,50,49,27,,54,6,6,7,19,8,8,37,10,51,38,,17,42,54,59,60,50,37,86,31,39,42,9,11,6,28,62,69,87,61,51,79,15,95,103,56,21,47,53,82,70,46,16,7,27,17,,92,4,15,66,93,101,83,64,51,32,,10,,73,96,,44,54,29,37,78,54,30,47,68,,113,80,60,75,63,3,4,2,28,,12,32,10,47,8,89,50,8,32,15,32,68,16,45,12,55,48,64,38,29,35,37,40,73,5,63,14,4,,6,52,72,22,68,17,22,80,13,3,22,32,15,67,38,37,53,59,17,25,37,2,4,7,45,11,21,10,5,71,23,34,37,34,10,52,38,21,41,53,5,3,,11,9,9,41,2,32,34,30,16,6,4,10,38,26,36,55,51,30,40,35,11,34,25,10,16,6,5,2,31,37,44,13,18,10,8,15,6,21,,35,28,31,29,23,29,19,23,24,31,61,28,34,,49,29,13,46,57,32,58,42,70,80,64,55,65,62,3,3,13,3,29,31,9,2,12,17,21,6,7,11,20,6,15,20,30,21,8,,11,36,70,74,56,131,78,52,69,90,51,48,62,80,29,52,31,25,35,31,43,63,56,61,21,19,10,25,12,10,15,27,17,11,14,7,8,80,78,85,77,62,40,31,51,72,47,31,36,52,51,45,,3,17,3,4,3,9,13,6,18,10,,1,5,7,4,2,77,13,7,26,68,60,51,60,67,55,131,70,68,88,81,29,33,33,49,12,25,52,9,11,8,32,9,26,45,8,33,31,13,43,2,5,3,16,18,86,4,,9,13,74,,45,12,15,28,12,7,11,,6,13,13,71,39,40,32,6,4,,33,8,4,23,,18,,24,73,38,66,9,,13,6,13,,59,60,11,8,53,10,,52,56,55,53,42,66,77,77,58,77,64,61,66,63,72,45,67,35,29,22,22,6,5,,78,65,65,9,18,16,55,37,42,44,28,47,84,82,48,62,56,58,75,11,8,13,59,8,18,66,94,114,84,55,49,69,46,51,28,20,,24,6,11,12,11,52,7,12,2,7,11,3,4,33,25,33,81,32,55,25,18,8,4,26,23,8,10,8,20,17,45,25,24,26,13,9,51,15,24,34,37,68,68,56,80,75,82,,107,54,32,28,51,30,14,8,26,32,89,63,34,68,30,59,55,79,85,26,5,50,78,22,15,4,2,3,22,33,43,70,82,10,6,24,14,11,27,13,22,15,10,29,6,11,43,70,25,24,38,36,61,8,24,10,95,6,16,18,24,38,65,53,79,44,11,45,32,72,73,75,74,90,88,70,70,36,27,17,31,32,32,,60,56,306,70,27,46,54,45,67,62,78,45,70,59,81,81,10,8,13,6,18,4,9,13,27,23,50,48,3,40,3,4,8,5,7,8,7,32,31,26,8,8,11,7,8,10,11,17,43,57,66,,58,21,27,37,14,29,22,37,11,50,46,61,4,7,6,105,46,7,4,26,9,26,6,33,27,37,26,59,82,40,59,,52,88,36,65,57,84,36,75,29,46,48,65,7,21,56,39,4,55,41,3,41,11,14,16,25,16,50,72,1,22,19,3,12,58,14,10,30,4,77,21,45,6,5,,36,,26,,28,4,24,6,18,18,35,80,138,30,50,73,79,,,95,96,27,46,65,89,,,40,6,9,33,84,12,8,32,70,20,58,51,41,51,53,68,44,62,52,35,21,42,27,16,14,2,,6,4,,16,,46,8,20,30,5,2,,15,71,40,76,64,63,87,47,62,26,14,11,64,20,69,78,91,86,79,39,57,77,31,36,38,38,50,18,25,32,19,73,3,31,82,36,31,10,28,66,42,39,48,71,6,21,42,8,58,41,60,70,27,4,42,70,22,54,66,65,42,6,,55,63,76,116,5,2,32,94,100,119,135,106,53,9,116,7,49,34,47,63,3,54,30,16,51,89,72,79,,61,29,83,59,19,21,33,24,56,9,46,26,94,92,39,21,8,15,46,41,74,13,8,49,14,,28,53,10,34,21,,70,15,50,29,26,,9,114,69,64,15,,37,60,48,25,25,25,21,80,17,19,12,24,27,21,11,55,64,40,20,7,18,49,26,46,25,24,73,14,68,49,15,70,26,65,68,71,53,57,44,47,40,45,28,37,67,50,40,70,63,48,64,71,,9,18,38,29,68,102,77,74,24,18,20,6,5,28,4,49,52,57,58,4,6,10,12,64,51,85,19,,7,28,17,76,71,56,49,81,90,66,38,77,5,17,49,109,54,78,75,21,27,31,47,68,73,32,92,83,51,92,6,6,36,86,55,53,55,80,3,47,44,33,22,45,45,31,45,43,33,43,43,64,56,42,69,19,29,15,19,26,42,11,44,13,75,76,48,86,78,62,59,48,56,61,84,62,67,66,53,25,10,50,48,29,32,27,44,44,27,42,55,,56,44,26,46,40,33,31,46,60,24,56,84,82,111,36,36,65,61,16,39,7,20,14,18,8,21,23,28,24,23,17,5,11,8,54,21,9,16,41,13,14,,4,7,22,8,12,34,23,2,48,8,67,28,6,4,26,29,24,24,23,38,25,52,26,,90,64,66,34,40,64,10,10,68,66,39,34,35,,74,82,19,28,19,42,63,,73,144,96,55,87,82,35,112,45,47,45,66,74,79,43,54,47,41,45,1,33,76,58,71,78,51,6,54,41,30,60,59,79,27,69,25,,1,,83,74,28,15,10,7,46,12,20,26,39,15,23,94,63,26,56,23,6,26,32,38,42,59,6,79,45,39,50,,38,59,56,46,,20,50,83,23,106,87,93,74,22,4,62,22,33,48,74,45,30,33,69,,27,26,26,85,25,83,77,17,38,71,37,42,8,3,11,25,19,8,10,96,69,9,3,19,27,27,21,29,10
20160203,22,O3_24h,54,90,56,57,58,48,59,72,47,74,74,74,,66,61,110,87,82,85,,,69,42,77,47,97,,64,75,79,68,62,66,87,87,87,86,92,98,80,40,83,32,73,41,76,124,82,143,84,81,84,59,92,64,97,96,95,100,84,88,90,88,85,96,70,71,77,64,93,85,88,102,111,87,32,37,28,38,35,,38,48,43,35,30,50,55,78,67,72,66,34,63,59,85,84,85,76,,92,71,81,68,66,,103,82,79,79,68,83,93,79,76,66,128,82,84,48,81,78,102,119,59,93,109,51,78,63,,48,38,88,62,73,82,49,75,84,74,63,104,115,80,103,83,84,113,97,140,135,142,127,120,116,117,101,101,135,76,98,97,114,112,131,128,109,132,93,144,148,101,150,163,110,91,81,64,124,119,109,109,124,139,118,111,,143,111,110,147,75,80,110,131,99,116,115,,95,109,144,115,133,135,142,174,84,130,142,128,130,122,128,126,156,151,93,124,125,94,137,119,102,71,94,95,136,123,117,141,135,139,132,,149,130,127,93,99,112,94,106,103,65,,152,,136,144,,140,148,154,129,151,105,90,119,128,123,143,99,111,158,100,114,82,57,84,,93,108,123,115,118,89,78,72,36,62,86,68,26,60,90,136,114,140,121,82,129,119,127,102,104,107,82,124,,109,111,103,102,81,59,125,123,79,67,95,115,26,104,70,85,107,96,35,135,128,105,99,89,149,99,105,117,82,227,63,64,92,78,69,76,72,57,77,86,59,60,,60,55,56,70,62,65,69,158,53,45,56,48,80,53,62,90,69,64,63,62,50,49,56,58,62,52,46,45,51,59,66,35,43,40,37,37,45,50,,62,44,59,56,54,57,54,59,44,50,91,60,59,,68,56,31,68,79,75,81,71,70,86,80,60,69,83,17,11,27,16,37,49,16,29,36,24,45,17,36,26,22,21,64,48,44,42,45,,53,72,77,83,71,144,117,52,71,97,58,87,100,99,106,98,96,81,107,107,110,99,90,114,70,46,58,44,56,97,79,91,50,45,93,50,90,80,91,85,77,69,79,78,72,111,60,72,79,148,99,91,,4,31,45,19,69,23,44,39,88,69,,55,90,104,77,71,107,100,40,42,80,72,84,73,75,87,174,86,72,104,98,68,72,73,70,53,129,82,101,88,98,100,39,65,102,78,55,45,17,52,41,63,24,99,101,145,117,,99,97,100,,67,33,40,63,125,108,92,,47,91,89,110,115,122,162,81,80,,66,79,76,103,,100,,84,188,99,110,95,,126,116,113,,78,91,84,74,93,109,,87,86,89,93,89,88,100,97,91,99,79,72,77,88,100,50,81,62,68,61,62,24,36,23,86,81,78,58,56,58,55,42,49,68,64,78,105,100,66,66,71,64,85,33,13,43,87,45,65,104,139,193,96,79,68,90,52,71,90,101,,106,109,71,63,83,101,73,42,62,68,93,93,59,44,34,38,139,54,67,40,47,51,37,68,91,72,65,83,50,79,78,69,52,43,33,77,120,91,92,104,101,90,110,99,118,112,130,,145,82,45,53,70,70,76,71,88,69,159,94,78,83,34,94,128,98,113,66,119,105,119,55,49,79,36,69,54,106,93,112,90,87,34,101,87,90,68,87,89,74,89,45,47,73,119,141,99,81,112,91,89,117,117,117,123,77,60,71,97,130,115,81,99,96,135,99,123,104,101,90,120,118,122,117,107,69,68,19,53,69,77,,72,122,306,110,48,57,79,63,93,102,97,76,105,98,101,103,51,39,24,44,23,25,32,44,27,28,104,94,83,129,47,41,29,29,41,44,19,44,72,56,36,29,16,21,24,18,28,32,60,81,69,,74,110,79,72,104,89,51,120,104,138,127,154,109,104,95,112,62,61,49,90,98,87,99,73,34,81,88,79,94,75,61,,102,88,62,80,112,92,47,75,49,60,64,77,87,66,112,89,59,71,172,133,122,160,103,78,104,114,97,88,37,109,110,80,61,88,114,83,83,95,108,63,67,96,112,,112,,87,84,115,80,42,54,173,165,226,123,192,95,96,103,105,,,126,127,68,107,131,145,,,50,47,89,124,215,128,108,75,116,29,116,63,54,70,70,90,88,106,65,41,84,91,76,72,91,22,,42,54,50,36,,146,39,91,124,133,58,,37,93,72,79,83,75,106,69,76,74,79,53,105,50,83,89,206,96,97,75,104,95,49,87,50,58,73,63,76,96,85,120,68,68,112,65,66,49,40,83,57,65,67,90,85,94,101,66,76,66,74,86,107,54,88,97,78,91,115,81,104,85,,68,77,83,129,64,81,65,120,125,129,141,118,104,90,128,43,64,65,78,84,53,68,117,21,109,147,139,153,,104,66,112,87,95,91,117,167,66,35,91,29,123,121,53,23,21,54,179,73,177,39,58,81,60,,56,143,39,164,25,,112,26,159,78,95,,36,136,81,88,59,,69,72,54,42,41,41,45,80,62,74,37,52,58,54,51,58,64,55,105,69,113,136,100,89,119,121,138,57,118,89,94,131,110,140,110,149,130,122,68,68,69,76,72,62,124,97,72,97,93,83,100,100,,73,79,79,76,97,132,132,114,66,64,82,81,70,90,48,93,114,99,102,98,52,128,114,137,124,161,129,,114,129,147,114,122,109,126,121,123,85,92,125,134,45,96,134,76,87,127,116,58,93,82,138,126,90,125,127,63,116,104,83,110,138,100,125,105,123,109,63,204,62,37,89,83,67,89,77,70,95,79,103,94,92,94,82,101,79,79,51,57,60,68,33,108,108,75,113,106,83,76,61,80,66,117,108,125,113,102,79,31,53,73,133,54,57,65,65,51,63,76,,70,62,35,70,65,79,58,65,72,57,59,97,82,119,88,73,99,85,16,39,10,21,27,27,11,25,39,38,43,35,60,53,50,49,79,51,49,77,59,45,46,,26,55,44,26,87,82,42,20,124,20,69,41,27,39,44,49,39,34,47,52,79,81,39,,143,110,116,122,118,185,24,17,113,258,77,69,71,,75,84,36,44,35,69,68,,88,166,110,63,90,84,56,112,82,102,79,124,96,101,62,71,67,63,55,46,97,89,70,106,121,89,87,79,57,84,95,80,115,114,292,28,,15,,86,78,50,32,37,41,85,90,73,99,49,66,75,98,94,31,68,133,64,67,67,71,75,86,90,110,84,68,69,,66,59,61,64,,28,81,91,62,118,105,97,101,30,5,89,66,74,49,88,58,41,35,82,46,114,41,34,120,47,119,81,26,74,96,71,83,46,48,73,82,72,75,114,96,94,65,61,58,102,50,36,96,62
20160203,22,O3_8h,38,88,35,36,33,26,26,41,26,56,44,47,,29,27,52,44,36,35,,,26,18,33,20,68,,26,40,37,22,33,40,63,50,44,48,48,52,41,30,38,16,37,28,37,64,48,98,36,37,32,32,37,25,82,76,76,82,68,51,41,68,61,83,40,39,51,34,41,39,39,50,69,46,11,16,16,29,14,,14,24,22,14,15,18,29,58,48,54,51,27,44,50,53,67,43,41,,59,43,52,38,35,,71,38,35,41,27,54,51,42,60,35,113,50,62,26,56,55,85,94,38,77,88,44,52,21,,28,26,57,38,53,63,36,43,59,55,46,82,79,54,68,68,60,54,74,91,88,76,75,67,69,91,61,44,62,33,52,45,62,48,77,92,80,75,67,82,93,82,94,71,61,53,71,49,80,74,38,61,77,95,88,62,,95,50,54,81,45,42,66,85,54,84,78,,56,73,91,78,88,74,84,130,49,92,101,73,78,60,85,75,111,112,76,87,96,48,119,98,69,42,61,67,108,93,75,74,80,93,81,,107,80,76,73,89,104,87,91,83,55,,103,,106,120,,109,108,107,94,103,85,59,81,97,113,127,86,85,100,81,45,36,26,62,,41,69,64,78,71,53,43,24,28,28,34,62,20,53,54,107,86,106,88,54,84,82,83,92,48,79,39,63,,52,83,72,52,68,33,53,98,42,15,46,83,19,72,54,68,85,80,26,59,93,49,54,44,94,61,62,62,37,91,47,49,57,57,35,61,41,33,47,68,21,28,,28,40,28,56,23,53,50,56,32,22,20,31,56,39,52,71,62,51,49,48,32,40,40,39,39,32,13,12,44,46,53,20,28,22,22,28,23,31,,46,33,43,41,35,45,38,45,33,43,74,44,50,,60,41,21,58,68,58,70,49,64,78,72,56,64,49,8,5,18,9,32,38,12,14,26,22,25,8,19,13,17,13,17,33,31,26,14,,22,46,72,68,65,137,82,46,63,90,44,73,86,90,80,76,72,62,87,80,93,87,77,95,46,27,28,36,36,58,45,62,34,29,55,29,44,58,59,74,61,59,57,41,60,87,54,51,51,80,74,69,,3,26,23,14,39,18,28,26,40,33,,29,42,56,44,39,91,60,19,33,66,62,64,60,60,66,139,78,69,93,86,31,40,34,51,27,80,60,53,36,41,66,27,46,70,31,41,28,15,43,21,36,12,59,56,104,68,,64,54,74,,51,21,29,44,58,54,48,,22,52,48,77,74,66,86,43,33,,43,40,33,52,,48,,46,96,74,91,52,,58,47,62,,69,79,46,37,58,57,,61,67,68,76,68,75,88,87,79,87,72,64,72,73,85,44,75,46,48,43,46,12,20,9,80,74,72,36,34,36,50,35,41,57,48,61,91,88,53,59,58,57,78,23,11,31,75,32,50,86,115,148,89,61,55,68,47,53,54,51,,63,52,38,32,45,74,38,25,25,33,52,44,30,36,26,34,82,41,35,21,20,20,14,28,49,25,31,28,25,36,47,34,33,30,21,26,79,44,44,60,47,50,84,61,89,76,95,,122,43,22,20,41,27,28,20,46,41,101,76,50,73,30,68,68,85,92,46,56,77,98,32,37,45,21,45,33,70,64,92,86,53,21,63,42,44,48,52,61,40,54,36,30,42,84,103,62,43,60,45,67,63,78,71,110,38,40,42,65,100,86,67,87,76,98,76,98,88,87,80,94,105,104,98,89,57,55,18,36,46,60,,66,86,168,84,38,50,68,54,76,80,84,60,72,70,88,93,30,14,18,28,19,8,8,21,20,25,82,78,43,79,16,12,9,8,25,14,13,37,53,40,24,17,10,14,16,14,15,24,50,58,64,,63,84,64,49,58,54,37,78,59,95,91,105,48,55,44,106,49,30,26,60,57,53,50,48,30,50,50,69,88,60,57,,79,73,43,69,94,84,38,53,40,50,52,68,40,40,88,72,27,57,87,56,75,73,59,55,57,66,65,82,16,63,64,33,32,60,69,45,50,48,81,35,59,50,67,,66,,43,40,75,46,36,22,77,79,101,101,171,64,72,82,88,,,103,97,50,84,94,117,,,33,24,46,92,112,88,74,55,96,25,91,52,45,59,64,81,76,90,61,38,56,71,49,43,55,10,,22,27,50,26,,89,24,49,73,66,29,,25,79,51,74,69,64,97,47,54,54,52,32,81,38,67,75,90,88,71,64,85,87,35,61,44,47,59,30,36,58,44,76,28,36,86,49,53,27,34,71,41,46,55,75,36,39,72,32,49,55,60,69,62,18,49,62,35,53,85,65,76,40,,53,64,69,123,15,24,42,106,86,121,89,113,57,35,114,20,55,48,64,75,19,49,66,18,68,122,97,113,,78,48,90,58,66,55,85,96,62,21,56,26,107,104,40,19,14,22,76,52,49,26,28,57,38,,44,89,26,32,22,,84,19,99,57,26,,20,123,74,76,35,,42,52,47,34,33,29,34,74,38,51,26,37,39,34,32,42,49,47,54,40,62,74,64,68,75,79,108,41,94,76,71,98,85,107,91,115,94,88,53,51,50,54,44,49,96,74,55,85,77,72,82,87,,48,57,56,56,84,118,105,94,38,40,54,50,29,56,24,68,83,83,72,56,31,86,68,100,92,121,76,,64,76,94,89,90,74,76,88,106,65,65,90,51,33,78,121,63,81,110,80,40,65,52,95,98,70,103,103,56,99,54,46,76,110,80,96,82,103,66,58,79,44,30,70,66,44,69,60,53,74,60,84,71,66,85,47,65,53,51,42,42,27,51,19,92,91,58,100,91,69,64,54,63,63,104,88,101,96,82,40,16,30,57,44,40,42,50,58,33,53,66,,60,53,30,52,54,48,39,57,65,44,57,89,78,114,67,57,86,77,9,16,7,11,21,21,10,23,26,27,27,24,21,18,24,15,62,24,17,24,28,18,18,,6,13,26,14,33,40,29,10,69,14,64,30,18,20,31,38,30,26,35,47,57,69,31,,116,84,94,90,88,64,17,12,85,113,53,49,50,,61,68,19,25,25,42,60,,80,152,102,54,83,83,43,108,67,81,68,111,81,86,56,64,58,47,49,32,76,83,66,90,91,70,43,56,44,61,79,71,100,84,110,26,,10,,84,75,34,21,21,25,68,49,42,67,39,43,46,80,76,27,60,31,17,41,53,55,61,68,57,87,70,54,44,,55,49,53,43,,23,68,86,47,106,91,84,91,20,4,73,45,52,33,78,50,36,33,77,26,82,32,29,103,37,103,66,19,65,88,59,71,36,36,52,60,46,46,73,88,67,36,30,31,70,43,27,74,36
20160203,22,O3_8h_24h,41,88,38,41,38,30,34,53,38,56,47,50,,48,45,83,72,63,60,,,47,35,54,37,84,,44,52,52,42,45,52,85,69,68,68,73,79,62,35,58,16,49,35,38,77,51,100,52,56,58,40,66,42,85,80,80,85,74,64,62,75,73,87,57,54,59,49,67,61,65,72,90,64,28,25,23,36,24,,28,31,29,24,19,34,37,63,48,54,51,30,51,50,67,67,63,57,,70,50,67,48,47,,83,68,64,70,57,76,83,64,65,48,127,64,72,39,68,66,94,109,49,84,98,46,62,30,,37,28,69,51,59,74,42,61,70,64,52,95,99,64,95,78,76,95,85,119,114,112,107,112,97,101,86,78,94,60,84,73,94,82,91,102,95,104,82,112,117,86,125,107,81,79,73,58,102,107,79,94,107,123,98,92,,109,86,90,108,59,64,89,102,81,98,93,,85,97,125,100,112,109,119,153,72,121,125,107,110,98,107,106,136,134,84,104,106,71,130,98,84,56,73,82,116,104,102,119,108,122,114,,125,110,108,77,89,104,87,95,92,64,,130,,114,126,,126,126,130,123,119,98,77,99,113,114,133,96,95,106,92,88,65,46,76,,74,95,105,89,98,69,74,65,34,58,82,62,22,57,74,127,102,128,110,68,114,108,109,94,83,91,65,107,,89,94,86,72,69,53,81,106,64,33,69,87,34,72,56,69,87,81,26,99,114,80,78,72,131,86,85,96,59,98,54,82,71,81,58,74,76,52,59,79,45,51,,53,53,50,66,50,63,61,72,47,39,49,40,81,46,57,81,65,64,55,56,43,43,48,54,55,46,40,38,47,53,61,30,38,34,31,37,40,47,,53,40,53,49,48,52,50,55,40,46,78,50,54,,61,52,25,61,72,67,71,56,64,78,73,56,64,71,22,13,30,23,32,39,18,36,28,24,35,17,19,13,29,32,43,60,65,56,61,,59,77,72,68,65,137,106,46,63,90,44,79,95,92,95,86,84,73,95,92,100,89,80,98,53,48,36,39,44,75,58,68,40,35,67,38,54,58,63,94,61,59,63,42,65,92,59,52,60,103,75,81,,4,26,26,16,42,20,52,31,46,47,,44,68,83,63,58,103,80,30,48,69,62,70,60,60,76,153,81,69,97,89,50,59,57,65,40,110,63,76,68,76,89,34,57,88,57,48,40,17,48,33,53,20,70,80,122,96,,81,75,82,,55,27,35,54,95,90,72,,37,81,75,97,101,97,120,69,64,,50,66,64,81,,75,,62,115,87,101,71,,89,84,85,,72,85,69,60,78,97,,78,80,82,88,82,75,88,87,80,87,72,64,72,73,85,44,75,52,58,53,53,25,35,21,80,75,72,56,53,54,51,40,45,64,58,71,91,88,53,59,59,57,78,28,12,38,78,39,58,95,126,170,89,64,55,74,47,53,68,70,,82,74,48,43,57,80,49,30,44,56,73,68,46,41,28,35,97,44,57,32,35,41,32,53,77,43,42,64,33,62,56,37,37,32,24,34,84,74,72,79,68,59,96,88,100,94,113,,136,66,33,43,59,63,52,47,57,53,127,83,57,74,32,71,103,92,104,48,95,91,107,44,41,64,27,61,42,94,80,103,87,69,26,69,56,58,52,63,68,47,62,38,32,54,101,121,80,49,72,56,74,90,100,94,111,47,46,49,72,114,95,74,89,87,125,90,114,92,88,82,108,110,105,106,97,62,60,18,62,74,72,,69,100,226,92,48,50,77,59,88,95,92,76,92,92,91,95,67,45,30,37,34,28,35,54,48,47,87,79,59,93,73,60,51,40,47,22,16,39,82,112,73,62,12,17,21,16,26,28,55,74,70,,68,95,69,52,60,62,40,95,86,115,114,124,68,72,62,111,50,63,42,69,78,73,73,56,30,52,60,73,90,68,67,,86,73,52,69,101,85,40,64,42,50,54,68,63,57,98,79,42,60,112,96,101,130,76,64,79,92,85,84,24,88,82,52,49,77,97,64,61,71,93,55,64,82,104,,92,,69,83,96,62,39,54,102,106,129,107,176,75,78,88,95,,,110,110,59,95,113,126,,,42,36,70,111,123,111,94,68,104,27,102,54,46,61,65,82,81,93,62,38,69,76,59,56,70,12,,28,35,50,31,,103,32,62,91,91,43,,31,82,60,79,76,67,101,66,74,62,62,39,82,42,80,85,104,93,84,71,95,90,42,71,46,50,64,55,46,72,62,90,46,51,90,56,58,38,37,73,48,54,60,83,53,57,90,47,69,61,68,78,77,34,67,82,56,71,109,79,84,55,,58,76,77,125,56,63,55,110,102,123,114,114,57,49,118,41,56,61,67,79,44,63,102,19,72,138,122,132,,90,59,92,72,85,76,107,144,64,28,73,27,112,110,42,20,18,32,144,61,92,28,45,70,51,,51,121,32,143,22,,91,22,100,69,51,,28,123,77,81,55,,61,72,49,43,42,43,41,76,59,69,35,44,48,46,44,57,62,57,88,59,94,102,85,72,93,99,118,48,97,81,85,112,100,119,102,134,115,105,73,75,70,80,76,54,104,82,59,89,82,76,88,92,,59,65,65,63,88,122,116,100,48,49,66,58,39,65,32,80,96,89,86,82,43,110,96,117,107,133,114,,98,110,128,103,111,97,112,97,110,77,79,101,104,40,84,123,64,81,115,90,44,76,70,114,107,79,111,114,58,104,84,70,96,122,90,110,94,113,96,60,105,44,30,74,69,50,72,63,56,86,74,92,80,86,106,64,100,67,64,49,47,57,65,31,100,103,70,106,101,80,66,73,75,76,109,110,153,115,97,46,44,67,66,81,51,54,62,63,48,59,70,,71,56,32,69,59,65,51,60,67,52,57,92,78,116,80,67,88,79,16,16,10,18,24,34,14,36,55,57,50,48,44,41,38,37,102,65,64,62,69,51,55,,30,35,33,20,55,56,37,15,110,17,64,30,20,25,62,57,53,54,59,49,68,73,32,,122,88,98,100,97,114,24,15,91,214,68,62,61,,84,82,36,46,34,66,60,,89,157,106,60,86,83,47,108,73,92,73,121,84,90,57,66,59,60,64,39,88,84,68,92,101,70,51,79,54,76,86,71,101,107,115,26,,12,,84,76,41,34,38,33,78,71,59,80,65,60,56,81,84,27,60,48,55,57,61,60,72,85,72,91,78,60,60,,61,55,53,74,,23,74,86,56,109,95,84,92,22,4,77,48,57,36,81,52,38,33,80,37,107,35,35,107,37,104,83,22,68,91,62,72,39,39,60,66,46,54,81,88,92,55,45,46,78,45,32,81,53
20160203,22,CO,0.8,0.3,0.9,0.8,0.9,0.8,0.7,1,1.1,0.4,0.9,1,,4.781,4.087,3.712,3.658,3.257,3.839,,,3.263,1.758,3.346,1.423,2.075,,3.537,4.359,4.559,4.183,4.14,2.678,3.333,1.199,1.954,1.332,2.035,1.916,1.531,1.517,2.298,1.383,1.052,1.789,6.128,4.579,3.381,7.725,4.859,2.576,3.373,2.958,4.638,2.863,0.538,0.534,0.153,0.459,0.474,0.554,1.23,1.282,0.708,0.649,1.78,2.194,2.924,2.339,3.494,7.867,3.784,5.615,3.85,7.597,9.316,8.375,5.734,8.307,1.483,,1.905,2.061,2.857,3.888,2.783,3.144,2.982,0.857,0.741,0.556,0.558,0.572,0.766,0.4,0.962,0.511,0.417,1.088,,1.108,0.549,0.444,0.592,0.776,,0.667,2.136,2.556,2.303,3.266,2.336,1.691,2.225,1.461,2.522,1.422,0.582,0.361,0.477,0.432,0.498,0.73,0.918,0.61,0.329,0.454,2.416,1.109,1.051,,2.29,1.148,0.515,1.014,1.488,3.576,1.171,1.039,0.829,0.621,0.572,0.395,0.961,0.471,0.705,1.01,0.417,2.364,1.874,2.255,1.927,1.925,1.84,2.039,1.369,1.171,1.28,1.101,1.082,1.229,1.18,1.133,1.115,1.586,0.495,0.816,0.604,0.718,0.384,4.666,2.19,1.121,2.414,2.231,3.243,2.956,1.588,1.787,1.834,2.053,1.648,1.633,1.452,1.838,1.129,2.212,,2.003,2.59,1.528,2.143,1.488,2.392,2.052,1.378,1.803,1.538,1.702,,1.233,1.078,1.444,1.942,1.903,2.542,1.585,1.235,1.495,1.659,2.221,2.702,2.528,1.957,1.97,1.207,2.317,2.147,2.104,2.645,1.23,1.079,0.604,1.137,1.522,1.561,1.449,1.299,1.83,1.35,1.196,1.226,1.018,0.985,1.628,,0.696,1.198,1.289,1.192,1.118,0.928,1.071,1.131,1.127,1.795,,2.034,,1.022,1.406,,0.971,0.674,1.31,0.959,0.312,0.499,1.272,0.948,0.902,1.163,0.88,0.908,0.779,0.694,0.694,1.628,1.667,1.577,1.37,,1.646,3.532,1.868,2.317,1.989,0.382,0.883,0.779,0.608,1.079,0.987,0.506,0.779,0.731,1.096,0.636,1.062,0.817,1.475,1.299,0.91,1.326,1.201,0.943,2.305,1.038,2.291,1.549,,1.635,1.666,1.322,1.911,1.495,1.871,2.929,1.786,2.381,1.928,2.313,1.937,1.801,1.448,1.399,1.592,1.361,1.817,1.899,2.126,0.892,1.673,1.935,1.584,1.161,1.158,1.665,2.038,2.218,0.456,1.033,1.819,0.913,1.396,1.241,1.287,1.825,1.202,1.533,1.314,0.883,0.915,,0.923,0.954,0.92,0.784,1.061,0.972,0.795,0.875,1.206,1.099,1.074,0.952,1.124,1.037,1.377,0.964,1.309,1.024,1.016,0.95,1.097,1.032,0.975,0.865,0.829,1.245,1.115,1.208,0.869,0.94,0.454,1.259,1.13,1.061,0.912,0.961,1.283,1.315,,0.936,1.042,1.087,0.919,0.985,1.177,1.149,1.013,1.216,0.908,0.952,1.437,1.143,,1.2,0.272,1.124,1.229,1.378,1.145,1.378,1.387,0.764,0.707,0.849,0.932,0.932,0.866,1.005,1.362,1.135,0.999,0.991,1.142,1.044,1.16,0.896,0.808,0.78,1.164,1.395,0.735,0.924,1.084,1.465,1.515,1.647,1.218,1.798,,2.065,1.084,0.443,1.075,0.706,0.62,0.739,0.853,0.942,0.686,0.69,0.501,0.568,0.982,1.783,0.892,1.263,1.424,2.646,1.331,1.1,0.735,0.509,0.493,1.526,2.482,2.842,1.943,2.082,2.453,2.029,4.95,6.799,3.424,2.355,2.663,2.653,0.9,0.512,1.234,0.745,0.734,1.84,1.353,1.275,1.415,1.288,1.652,1.462,1.501,1.016,2.469,,3.788,3.298,3.17,4.921,1.858,1.888,1.595,1.835,2.085,2.739,,3.084,1.907,2.429,2.891,2.16,0.646,1.489,1.576,1.913,0.564,1.004,1.227,0.585,0.593,1.181,1.097,0.543,0.232,0.458,0.502,1.759,1.688,1.276,1.094,3.253,2.88,1.999,2.603,1.727,2.775,1.562,2.547,3.985,5.614,3.936,0.866,0.955,0.855,0.675,3.242,1.822,3.248,2.71,3.867,1.911,4.586,,4.041,3.867,1.708,,2.049,2.625,3.376,2.859,2.125,2.458,2.953,,5.621,2.686,3.93,0.898,1.786,1.741,2.268,1.463,1.705,,0.87,1.019,4.671,2.768,,2.121,,1.533,1.692,1.622,1.326,3.276,,5.639,3.845,1.993,,0.876,1.086,1.705,2.098,1.43,1.586,,1.493,1.307,0.962,1.006,1.548,0.963,0.869,0.802,0.843,0.799,1.046,1.254,0.897,0.94,0.882,1.068,0.446,0.899,1.244,1.554,1.212,1.249,1.752,1.386,1.317,1.228,1.144,1.236,1.137,1.21,0.89,1.451,1.102,1.015,1.579,0.847,0.974,0.799,1.142,1.003,0.981,0.808,0.742,1.89,,1.018,0.798,1.965,1.345,1.892,1.613,1.681,1.997,1.996,1.89,1.217,1.603,2.427,5.051,6.141,,3.145,3.128,5.286,8.94,2.262,4.662,3.956,4.123,2.191,1.666,2.771,4.058,1.559,0.488,1.299,0.4,0.126,0.377,0.845,1.226,1.813,4.343,5.694,1.868,2.189,3.611,4.228,1.363,0.865,2.214,2.127,1.037,1.428,0.804,2.141,1.83,3.261,4.344,2.523,4.536,0.844,0.882,1.047,0.503,0.703,0.75,0.658,,0.529,0.851,1.358,0.83,0.537,1.511,3.011,2.482,2.206,5.118,2.133,0.934,0.715,0.824,1.137,0.738,1.226,1.126,1.765,0.953,2.852,1.705,1.663,2.305,2.596,1.776,0.985,1.207,0.859,1.146,0.747,1.021,0.551,3.446,3.14,10.038,4.965,2.954,2.803,2.483,3.424,8.178,2.804,2.568,4.85,5.818,2.082,2.302,2.124,2.328,3.422,1.613,2.45,2.731,2.326,3.933,1.242,3.088,3.916,3.391,1.8,1.114,0.709,0.8,1.254,1.812,1.99,1.637,1.098,1.032,0.871,0.767,1.302,0.788,0.926,1.558,1.647,1.241,1.681,0.721,0.895,2.316,1.245,0.81,1.055,1.267,1.313,1.447,1.363,1.505,1.17,1.399,1.122,1.313,1.305,2.076,1.377,1.211,0.934,0.818,2.61,1.792,1.929,1.405,1.846,1.348,1.191,1.642,1.027,1.157,2.431,1.532,3.273,0.98,0.964,0.987,0.754,0.809,1.28,1.282,1.202,1.596,1.395,1.451,1.531,1.756,,2.292,1.311,1.647,1.733,1.67,0.948,0.228,0.85,,0.899,1.83,1.099,2.347,2.659,2.538,1.987,1.107,2.944,2.187,2.981,2.084,1.646,1.971,3.261,1.038,0.993,5.024,2.427,1.837,3.343,2.167,2.207,1.662,2.641,2.458,1.861,0.883,0.151,2.231,0.709,,0.795,0.183,0.538,0.605,2.006,2.51,1.952,2.674,1.561,1.208,1.348,1.332,4.231,1.708,1.22,1.1,6.289,0.913,2.578,3.172,2.66,3.407,3.65,1.898,2.523,2.032,2.781,2.536,4.88,4.241,2.228,3.309,1.379,0.865,2.419,1.598,1.552,3.846,1.318,0.991,1.055,0.955,0.869,,0.762,0.986,1.215,,0.284,0.624,1.263,1.683,1.523,1.594,1.335,1.746,1.927,1.488,1.569,0.944,0.906,,,1.324,1.105,1.307,1.457,1.549,1.27,,,0.444,1.863,1.577,3.331,0.771,3.451,4.006,2.086,1.285,1.156,2.251,0.724,0.688,0.807,1.063,1.076,2.063,0.815,0.876,1.432,1.414,0.986,1.585,1.091,1.286,3.004,,2.617,4.662,4.785,4.544,,4.059,4.455,3.522,2.534,3.289,3.992,,4.966,0.559,0.773,0.305,0.664,0.92,0.98,0.672,0.422,0.856,3.328,0.771,0.552,0.328,0.657,0.392,,0.42,0.182,1.574,1.578,0.349,2.271,0.313,0.699,0.306,0.423,1.682,1.703,1.445,1.79,0.936,2.055,1.754,0.255,2.81,2.225,4.694,1.725,0.285,0.482,1.524,1.613,1.138,1.617,3.419,1.825,3.124,1.219,1.421,0.471,0.442,1.998,2.38,1.234,8.343,0.975,10.207,2.484,2.702,2.084,6.6,,1.878,0.899,1.066,0.448,,,0.685,1.74,1.437,1.184,0.723,0.918,3.259,3.788,0.705,2.253,0.494,0.802,1.401,1.024,2.495,0.567,1.138,1.873,1.336,1.338,0.775,1.142,,1.369,2.818,1.524,2.12,1.221,1.569,1.28,1.342,1.998,1.527,0.973,1.974,1.305,1.513,0.845,1.102,0.884,0.704,0.094,0.487,0.194,1.48,1.782,1.739,1.969,,1.16,1.581,2.306,2.065,0.354,,1.171,1,1.154,1.836,1.06,1.16,0.912,1.134,1.052,1.047,1.336,,0.811,,0.488,1.124,0.791,1.013,0.738,0.573,1.386,0.557,1.044,0.87,0.89,1.158,0.989,0.873,0.861,0.95,0.59,0.654,0.638,0.825,0.849,1.291,2.318,1.928,0.977,2.577,0.482,,2.189,1.371,1.572,0.765,0.925,0.874,0.612,0.695,1.408,1.292,1.576,0.884,1.237,0.646,0.968,0.661,0.801,0.818,1.22,0.736,0.843,1.176,,2.433,2.396,1.513,2.2,3.737,0.301,0.861,0.316,4.678,3.61,3.098,2.464,7.081,3.141,5.184,2.447,3.355,2.291,2.098,7.574,4.92,3.897,2.731,1.65,2.681,2.19,3.799,,4.438,2.366,3.358,0.755,0.845,0.861,1.564,0.917,1.328,1.003,1.419,2.34,1.891,1.255,1.723,1.476,1.449,1.494,1.257,1.964,1.793,1.286,0.921,1.775,1.519,1.998,1.032,0.791,1.148,0.878,4.112,1.976,2.155,1.043,1.265,0.861,0.912,0.658,3.379,1.549,1.984,0.143,0.629,1.002,1.528,1.302,1.381,1.337,1.594,1.164,1.344,1.141,1.106,1.231,1.283,2.772,1.338,2.612,1.993,1.688,,1.39,0.92,1.728,0.777,0.891,1.376,1.313,0.637,0.982,0.791,1.082,0.878,,1.456,2.044,2.551,0.677,2.392,0.034,0.453,0.408,0.69,0.589,1.414,0.792,1.442,1.012,1.07,1.84,1.373,,1.171,1.295,1.84,0.722,1.497,1.788,1.241,0.726,0.71,1.416,0.705,1.128,1.264,1.164,1.67,1.691,1.357,1.191,1.33,1.14,2.001,1.641,2.041,1.366,3.325,2.164,1.3,1.102,1.579,0.908,1.656,1.828,1.649,1.496,1.155,1.489,1.301,1.258,1.251,1.64,1.861,,1.668,1.275,1.395,1.706,1.479,1.624,1.241,2.078,1.592,1.489,0.963,1.402,3.06,1.922,1.255,1.481,1.606,1.329,1.479,0.808,1.494,1.005,1.461,,1.04,1.364,1.014,1.812,1.638,1.355,1.582,1.203,1.422,1.077,1.329,0.673,0.965,,0.622,0.801,1.58,1.441,1.416,1.178,0.442,,0.617,1.167,0.42,1.202,1.414,1.099,0.678,0.383,0.848,0.343,0.591,1.767,0.658,0.764,0.941,0.427,0.592,0.388,1.272,2.485,0.636,0.41,0.693,1.59,0.819,0.599,1.036,0.225,1.223,0.348,2.094,0.82,1.135,2.022,0.107,0.66,,0.65,,0.263,0.697,3.575,2.752,4.63,4.82,3.713,2.286,2.289,2.182,1.011,2.559,1.41,3.104,2.471,0.802,0.452,1.265,2.417,2.171,1.741,0.554,1.256,1.735,,0.408,1.322,0.864,2.469,,1.648,1.082,1.543,1.272,,1.276,2.455,1.239,1.04,0.445,0.602,0.317,0.89,1.151,2.198,,0.528,0.6,0.155,1.755,0.278,1.822,0.578,0.503,1.651,1.677,1.3,0.649,0.523,2.193,1.23,1.659,1.59,1.331,0.987,1.984,2.092,3.761,2.587,1.642,2.725,3.436,3.063,3.768,0.631,0.35,1.457,2.218,3.637,3.559,0.959,0.747,2.195,0.544
20160203,22,CO_24h,1.146,0.592,1.125,1.217,1.083,1.158,1.938,0.871,0.808,1.308,1.15,1.888,,3.105,3.322,3.29,2.589,2.948,3.703,,,3.184,1.678,2.637,1.443,2.585,,1.969,2.473,2.159,1.894,2.158,1.56,1.308,1.774,2.702,1.721,1.702,2.158,1.96,2.152,3.002,2.884,2.096,2.098,7.141,6.453,6.963,7.163,4.704,4.372,4.42,3.847,4.202,6.416,0.68,0.715,0.458,0.681,0.552,0.908,1.212,1.338,1.181,0.623,2.696,1.948,2.056,1.931,4.796,5.883,4.039,3.244,3.097,3.571,4.533,4.125,4.013,4.238,1.796,,1.713,2.784,3.242,3.82,3.272,3.34,2.902,1.632,2.08,1.049,3.529,2.19,1.733,1.484,1.541,1.142,1.711,2.061,,2.126,1.985,1.152,1.88,2.082,,1.955,1.482,1.603,1.878,1.905,1.618,1.859,1.681,1.357,1.463,0.819,1.122,1.051,1.222,1.018,1.098,0.876,1.515,1.224,0.961,0.837,1.641,0.723,2.975,,1.709,0.756,1.311,1.086,1.92,1.936,1.335,0.673,1.337,1.003,1.079,0.663,1.149,1.049,0.735,1.339,0.709,2.098,1.78,2.817,1.775,1.966,1.783,1.559,1.385,1.45,1.308,1.516,1.315,1.764,1.612,1.432,1.353,1.581,1.111,1.009,0.88,0.577,0.718,2.132,1.678,1.216,1.776,1.89,2.265,1.804,1.586,1.859,2.025,1.462,1.94,1.568,1.696,1.921,1.102,1.848,,1.979,2.531,1.477,1.964,1.712,2.305,1.88,1.981,1.867,1.643,1.687,,1.17,1.221,1.517,1.528,1.563,2.193,1.17,1.385,1.694,1.519,2.209,1.67,1.218,1.269,1.171,1.025,2.179,2.091,2.213,2.582,0.978,0.8,0.655,1.123,1.383,1.341,1.182,1.149,1.435,1.213,1.004,1.24,0.922,1.006,1.139,,0.893,1.106,0.906,0.937,1.065,1.115,0.903,1.02,0.922,1.343,,1.304,,1.264,1.497,,1.028,0.66,1.102,1.093,0.828,0.799,1.009,0.883,0.83,1.119,0.952,1.01,0.806,0.93,0.779,1.364,1.714,1.36,1.195,,1.5,2.388,1.598,1.233,1.474,0.517,0.882,0.626,0.669,0.96,0.855,0.663,0.702,0.715,1.015,0.812,0.978,0.476,1.235,1.158,0.843,1.024,1.052,0.947,1.881,1.358,1.187,1.187,,1.26,1.826,1.121,1.402,1.29,1.529,1.827,1.607,2.052,1.3,1.86,2.024,2.108,1.601,1.464,1.66,1.514,1.568,1.932,2.134,0.969,1.289,1.553,1.455,1.408,1.26,1.861,1.517,2.139,0.761,1.023,2.167,0.966,1.504,1.376,1.32,1.765,1.244,1.64,1.32,0.677,0.875,,0.789,0.829,0.781,0.679,0.897,0.865,0.717,1.452,1.124,1.013,1.182,0.791,1.185,0.967,1.318,1.001,1.267,1.091,1.036,0.9,0.999,0.95,0.904,0.668,0.636,1.082,0.935,1.004,0.84,0.946,0.896,1.135,1.095,1.022,0.864,0.807,0.993,1.248,,0.891,0.993,1.01,0.907,0.924,1.088,1.031,0.874,1.085,0.861,1.205,1.139,1.1,,1.378,0.885,1.241,1.363,1.43,1.159,1.429,1.522,0.932,0.794,1.161,0.979,1.251,0.845,1.406,1.453,1.168,1.196,1.245,1.021,1.27,1.253,1.041,0.9,1.06,1.323,1.493,1.403,1.24,1.221,1.32,1.451,1.564,1.36,1.686,,1.931,1.263,0.548,1.264,0.689,0.665,0.769,1.006,1.378,0.823,0.863,0.985,0.627,1.129,2.056,1.447,1.593,1.864,0.972,1.626,0.741,0.358,0.432,0.367,1.599,2.938,2.208,1.744,2.142,2.602,2.296,3.868,3.915,2.452,2.04,2.26,2.349,2.428,1.393,1.536,1.461,2.01,2.089,2.346,1.474,2.066,1.049,2.954,2.367,1.878,1.982,2.582,,4.275,4.372,3.688,4.178,2.753,2.281,1.581,1.421,2.136,1.902,,1.52,1.48,1.285,1.386,1.25,0.607,0.952,1.703,1.845,1.212,2.084,2.333,1.187,2.418,3.212,1.602,0.833,0.449,0.653,0.869,1.953,2.099,1.18,1.451,2.137,1.675,2.364,2.04,1.525,1.95,1.188,1.758,2.956,2.865,2.295,0.708,0.803,0.795,0.622,2.206,2.221,3.013,2.263,2.308,2.157,3.672,,3.732,3.305,1.993,,1.99,2.781,3.275,3.112,1.487,2.16,2.64,,3.553,1.944,3.205,0.993,1.466,1.443,1.623,1.332,1.089,,0.953,1.399,2.373,2.219,,2.022,,2.23,1.3,1.318,1.197,1.95,,2.848,2.798,1.671,,0.768,1.022,1.451,1.554,1.52,1.499,,1.39,1.226,0.746,0.833,1.351,0.896,0.952,0.967,0.93,0.948,1.086,1.278,1.111,1.019,1.066,1.135,0.664,0.904,1.161,1.224,0.961,1.191,1.336,1.305,1.344,1.302,1.222,1.015,0.971,0.933,0.95,1.412,1.098,0.937,1.147,0.791,1.022,0.961,1.064,1.138,1.022,1.048,0.94,1.824,,0.932,1.234,1.786,1.559,1.609,1.535,1.468,2.86,2.605,2.289,1.702,2.238,2.979,5.638,5.627,,3.174,4.072,4.9,8.774,2.074,4.159,3.686,4.89,3.498,1.473,2.601,2.742,1.077,0.404,2.168,0.721,0.228,2.543,1.908,2.333,2.55,3.241,3.34,2.304,0.952,4.027,3.933,1.4,2.39,2.159,3.779,2.094,2.717,3.041,3.58,2.504,2.895,1.837,2.043,2.26,1.418,1.804,1.675,0.771,1.464,1.404,0.94,,0.781,0.726,1.467,0.963,0.973,1.15,2.277,2.233,1.448,2.534,1.339,0.808,0.62,0.825,1.086,0.87,1.215,1.23,1.705,0.986,2.601,1.489,1.656,2.3,2.936,1.593,0.781,0.827,1.226,1.36,0.786,1.353,0.605,2.767,2.417,3.884,3.48,2.848,2.347,2.032,4.307,7.298,3.416,4.877,4.755,2.151,1.057,1.308,1.793,2.617,3.599,2.039,1.987,1.997,1.933,2.522,1.418,2.548,3.43,3.681,1.494,1.094,1.171,0.943,1.392,1.192,1.643,2.267,1.308,1.228,1.005,1.211,1.425,0.922,0.972,1.168,1.535,0.718,1.343,1.074,1.655,1.85,1.028,0.717,1.069,1.175,1.225,1.482,1.322,1.485,1.089,1.388,1.027,1.204,1.119,1.701,1.266,1.113,1.014,0.847,2.213,1.608,1.286,1.201,1.732,1.548,1.203,1.813,1.325,1.206,2.809,2.018,1.87,1.044,0.961,0.929,0.881,0.854,1.338,1.327,1.216,1.701,1.314,1.779,1.394,1.651,0.634,1.899,1.218,1.264,1.48,1.478,0.973,0.366,0.945,,1.057,0.998,1.212,2.032,2.808,2.324,2.685,1.362,2.369,1.677,1.193,1.708,1.453,1.569,2.007,1.272,1.334,2.98,2.241,1.571,2.65,2.097,2.085,1.384,2.588,2.586,1.868,1.034,0.189,2.061,0.539,,1.907,1.996,1.876,1.178,1.532,2.32,1.872,1.819,1.548,1.552,1.425,1.247,2.512,1.724,1.176,1.078,3.607,1.584,1.91,2.014,1.977,1.89,3.364,2.293,2.792,1.985,1.679,2.075,2.668,2.528,2.205,2.684,1.279,0.852,1.649,1.823,2.317,2.973,1.29,1.192,0.848,0.991,0.938,,1.306,1.292,1.731,1.437,0.494,0.798,1.166,1.469,1.648,1.614,1.66,1.741,1.832,1.453,1.647,0.921,0.956,,,1.019,0.924,1.031,1.017,1.323,1.154,,,1.287,1.49,1.194,1.345,0.638,1.333,1.818,1.315,1.14,0.984,1.74,0.785,0.784,0.917,2.704,1.928,2.96,3.798,1.866,2.742,1.861,1.658,2.21,1.457,1.988,2.901,,1.901,2.654,5.154,4.19,,4.853,3.932,4.327,2.55,3.51,3.44,,4.677,2.482,1.985,0.253,0.729,0.951,0.772,0.604,0.834,0.62,1.788,0.753,0.783,1.32,0.667,0.357,0.116,0.435,0.216,1.188,1.431,0.384,2.907,0.842,0.876,0.908,1.045,1.694,2.079,1.772,1.91,1.547,1.46,2.04,0.893,3.036,2.225,4.544,2.156,0.779,0.955,0.94,2.252,1.861,1.733,3.015,1.618,1.984,1.033,0.856,0.448,0.457,1.454,1.758,0.984,2.664,0.621,3.406,1.846,1.972,0.992,3.662,,1.568,1.073,0.964,0.733,,0.801,0.611,1.856,1.795,1.263,0.962,1.011,1.929,1.85,1.04,0.923,0.632,0.437,1.4,1.043,1.474,0.6,1.143,1.578,1.361,1.259,1.039,1.113,,1.319,2.591,1.275,1.686,1.064,1.455,1.112,1.068,2.062,1.521,1.049,1.487,1.306,1.379,0.803,1.039,0.827,0.649,0.153,0.493,0.2,1.644,1.576,1.663,1.506,,0.776,1.327,1.779,2.054,0.314,,1.163,0.912,0.962,1.301,0.986,1.128,0.793,0.867,0.68,0.791,0.932,,0.82,0.009,0.52,1.109,0.777,1,0.761,0.616,1.11,0.401,1.012,0.853,0.955,1.082,0.92,0.836,0.784,0.789,0.164,0.64,0.587,0.822,0.808,1.333,2.049,1.684,1.405,1.965,0.92,0.708,1.913,1.519,1.891,0.793,0.936,0.753,0.782,0.836,1.385,1.338,1.449,0.915,1.14,0.997,1.207,0.88,1.035,1.297,1.451,0.781,1.289,1.328,,1.825,2.258,1.608,2.317,2.772,0.289,0.875,0.418,4.245,3.362,2.289,1.697,5.725,2.672,3.952,2.141,3.039,2.122,1.963,2.205,1.98,1.656,1.466,1.479,2.289,1.317,2.163,,2.065,1.987,1.963,0.714,0.623,0.676,1.176,1.176,1.327,1.172,1.383,2.517,1.888,1.489,1.711,1.408,1.41,1.39,0.85,1.234,1.477,1.085,0.85,1.71,1.555,1.968,1.174,0.877,0.969,0.944,3.442,2.041,2.014,1.101,0.839,0.855,1.037,0.723,1.728,1.424,1.668,0.218,0.612,1.108,1.561,1.456,1.591,1.446,1.645,1.068,1.32,1.175,1.213,1.221,1.314,2.321,1.195,2.331,1.63,1.78,0.512,1.143,0.795,1.591,0.908,0.923,1.273,1.206,1.087,1.055,0.885,1.04,0.929,1.155,0.954,1.705,1.925,0.383,1.822,0.075,0.495,0.637,0.705,0.729,2.288,0.601,1.16,0.878,0.981,1.607,1.315,,1.13,1.274,1.795,0.608,1.406,1.638,1.325,0.715,0.794,1.149,1.062,1.314,1.589,1.454,1.513,1.312,1.285,1.217,1.668,1.631,2.062,2.355,1.829,1.228,2.708,1.682,1.263,1.255,1.542,1.148,1.534,1.667,1.587,1.462,1.132,1.291,1.18,1.028,1.288,1.422,1.697,,1.527,1.347,1.544,1.8,1.526,1.836,1.126,2.06,1.523,1.376,1.191,1.396,3.015,1.561,1.185,1.328,1.487,1.316,1.295,0.76,0.818,0.926,1.11,,1.342,1.812,1.607,1.813,2.262,1.237,1.461,0.818,1.251,1,1.311,1.051,0.954,,1.181,0.98,1.839,1.609,1.338,1.176,0.525,,0.627,1.314,0.16,1.164,1.354,1.199,0.573,0.463,0.929,0.365,0.569,1.395,0.662,0.712,0.962,0.539,0.678,0.376,1.295,1.137,0.368,0.327,0.62,1.867,0.926,0.648,0.788,0.174,0.893,0.398,1.761,0.727,1.018,0.219,0.063,1.405,,0.536,,0.265,0.752,3.169,3.053,3.195,4.155,3.982,2.408,2.803,2.528,0.572,2.184,1.26,3.259,2.221,1.07,0.701,0.936,1.989,1.866,1.896,0.88,1.494,1.987,2.79,1.539,1.048,0.722,2.637,,1.784,1.587,1.545,1.199,,1.841,2.764,1.506,1.653,1.004,0.785,0.492,0.762,1.367,1.232,0.607,1.187,1.59,1.039,1.251,0.512,1.967,1.265,1.041,1.029,1.886,1.516,1.007,0.517,2.795,2.207,1.598,2.381,1.111,0.879,1.424,2.701,2.451,2.156,2.256,3.043,3.182,2.253,2.527,0.533,0.566,0.971,1.888,3.117,2.746,1.916,0.696,2.054,1.04
20160203,23,AQI,20,28,32,28,28,23,32,38,68,32,32,38,,292,233,180,233,195,207,,,178,169,237,122,198,,256,312,339,271,317,273,213,129,89,109,119,124,120,65,93,42,49,63,271,207,238,274,149,215,178,234,253,148,48,24,33,34,35,54,80,55,59,31,153,135,170,153,282,260,183,375,242,320,272,265,296,312,108,,53,79,72,92,66,99,123,46,40,25,51,32,29,22,28,66,58,82,,94,64,65,69,80,,110,155,210,127,162,100,124,196,109,220,53,87,126,122,120,109,62,103,75,98,74,97,103,110,,117,103,104,123,72,103,124,148,43,33,42,33,95,36,48,33,35,140,170,179,160,176,160,137,163,129,179,143,117,147,137,145,122,100,72,56,57,60,49,206,153,185,225,137,188,162,155,155,140,152,175,170,193,163,163,,,160,158,150,138,129,202,166,135,152,158,173,,205,155,156,162,196,226,139,148,234,172,195,168,221,193,230,110,180,212,170,189,217,122,59,182,170,205,222,228,245,199,123,82,117,84,155,,109,100,168,94,90,73,95,158,198,152,,129,,195,130,,77,97,70,21,17,24,137,103,113,113,88,74,67,94,73,122,120,160,148,,165,262,129,150,143,57,65,60,35,42,36,38,54,46,97,84,93,125,82,108,55,110,94,135,222,122,166,145,,163,153,134,219,182,163,229,212,212,284,192,153,140,152,213,183,145,179,140,128,104,132,160,104,125,102,124,136,147,108,115,95,118,108,107,115,117,119,132,110,78,82,,59,70,70,60,73,83,75,67,64,64,52,63,39,65,78,49,63,45,63,69,62,60,55,65,64,58,68,75,52,68,77,49,47,59,40,58,59,70,,57,62,55,59,67,65,57,55,63,62,74,83,63,,98,82,89,90,87,82,97,97,46,42,49,54,49,85,94,103,87,105,77,54,88,87,90,74,73,75,87,80,85,89,129,114,98,107,127,,129,43,89,104,87,103,94,90,94,89,92,61,46,40,55,49,72,63,175,112,97,72,95,67,148,145,135,122,207,107,221,199,315,159,153,150,202,72,67,74,79,75,69,105,107,98,110,89,133,114,102,148,,403,288,252,342,233,250,155,158,148,153,,186,193,147,169,188,77,138,170,149,45,60,72,46,54,60,53,38,19,34,34,150,98,159,83,211,195,135,186,92,204,150,195,178,195,205,53,48,39,30,276,218,207,235,268,225,241,,292,311,133,,139,165,211,228,232,120,240,,219,270,289,188,279,316,231,123,85,,54,149,215,198,,123,,155,186,193,107,205,,323,254,227,,87,97,110,209,176,165,,72,72,67,80,62,50,50,50,50,50,53,53,49,50,49,50,53,57,54,55,57,45,55,49,57,54,48,25,68,70,57,59,59,68,68,72,53,57,60,75,70,68,72,65,54,93,35,56,43,128,124,145,36,53,51,80,27,67,127,193,,165,225,127,302,139,77,115,105,84,74,117,174,94,51,42,33,34,59,58,113,263,320,249,188,63,62,99,103,70,95,63,84,103,63,87,69,169,322,150,316,199,42,60,67,62,55,57,,54,114,129,153,212,138,185,170,234,327,176,134,68,72,60,59,95,139,109,127,68,150,153,140,143,104,95,100,62,83,88,84,38,225,153,163,141,147,214,144,195,175,152,159,286,88,78,99,186,134,83,201,186,244,199,158,124,158,148,149,128,140,142,129,133,227,92,92,100,97,104,102,119,103,113,82,107,148,132,109,139,163,99,100,112,113,144,112,102,98,103,107,112,108,102,105,110,115,31,28,143,149,145,160,122,172,162,144,95,127,98,87,87,82,137,124,85,79,137,143,150,124,123,152,145,155,132,165,144,140,168,162,107,84,85,,87,100,47,241,160,129,227,135,200,150,190,70,86,100,189,107,107,146,165,139,155,188,189,180,156,137,122,79,83,121,95,,69,56,62,87,116,163,149,205,106,104,102,95,222,173,158,122,314,85,256,309,202,217,278,156,89,104,220,93,274,245,100,133,196,117,148,113,202,104,180,166,162,62,66,,85,74,97,,48,62,178,211,138,123,210,178,202,200,173,137,156,,,148,104,135,127,133,148,,,62,113,149,179,104,153,192,159,138,124,133,64,56,60,78,95,108,92,104,85,95,55,112,76,61,109,,182,220,209,212,,186,206,148,98,162,73,,135,45,78,36,59,68,60,65,73,120,275,92,46,46,51,25,29,28,25,82,61,57,67,59,47,58,40,149,224,138,200,67,76,83,69,62,70,103,23,70,80,74,65,79,119,142,103,169,117,104,54,53,104,152,84,255,170,312,72,82,259,188,,107,60,87,60,78,180,36,80,66,57,88,44,150,231,55,128,59,70,77,95,112,44,125,163,117,160,182,175,,117,186,193,209,87,98,129,117,103,118,94,87,83,118,105,90,84,92,40,68,47,175,87,170,122,,102,149,160,143,79,,65,72,87,108,84,98,69,145,138,185,57,,54,48,28,50,38,48,38,26,38,32,33,33,33,36,40,53,70,74,67,125,102,114,75,78,193,168,114,170,90,87,99,108,113,64,110,99,78,78,62,68,72,57,85,62,72,62,62,98,102,119,102,112,,115,127,103,77,68,80,90,82,207,159,144,212,299,169,186,120,133,120,153,153,144,189,182,104,147,149,195,,208,139,147,148,179,173,143,99,110,89,64,82,93,75,67,92,130,140,123,123,133,130,83,127,117,143,90,99,112,91,123,147,104,97,107,95,95,73,212,123,114,108,109,102,135,107,114,114,120,114,144,113,109,125,112,104,108,95,120,69,113,105,87,107,69,54,58,63,80,79,79,84,77,95,122,152,99,153,159,89,137,142,78,58,80,75,98,88,82,103,99,,67,68,89,97,51,51,59,77,83,114,84,51,84,83,87,115,108,105,99,119,153,144,172,124,109,117,103,112,93,112,125,119,114,97,118,137,97,107,89,128,133,,137,124,130,120,129,149,117,97,124,95,52,90,133,97,103,173,166,156,186,42,69,45,59,,42,46,52,90,80,50,53,56,53,82,37,46,54,,36,54,18,15,46,64,75,,77,60,54,51,32,40,32,36,42,52,67,57,36,51,63,50,60,57,25,89,69,70,45,70,73,70,118,20,23,55,43,101,100,136,35,14,,9,,26,23,127,183,204,218,50,66,51,40,109,182,149,73,79,79,86,129,123,129,64,56,77,72,33,55,128,130,67,,69,39,100,79,,74,73,90,71,68,145,58,110,51,60,62,70,63,60,58,58,61,56,46,110,95,69,62,27,141,265,95,113,74,68,120,134,274,185,101,159,102,156,220,42,23,50,178,302,346,66,45,124,63
20160203,23,PM2.5,14,8,22,19,19,10,22,26,49,7,18,25,,242,183,136,183,146,157,,,134,128,187,92,148,,206,262,289,221,267,223,163,98,66,82,90,94,91,47,69,19,29,36,221,157,188,224,114,165,134,184,203,113,33,10,12,19,24,38,59,37,42,18,117,103,129,117,232,210,138,325,192,270,222,215,246,262,81,,37,58,52,68,45,74,93,22,9,9,5,22,20,13,14,43,24,50,,54,30,30,32,38,,43,118,160,96,123,75,94,147,82,170,36,34,27,36,20,34,18,51,22,21,22,72,77,83,,88,77,78,93,52,77,94,113,30,19,29,17,71,25,33,23,24,107,129,135,122,133,122,104,124,98,135,109,88,112,104,111,92,75,52,34,40,43,34,156,117,139,175,104,141,123,118,118,107,116,132,129,145,124,124,,,122,120,115,105,98,152,126,103,116,120,131,,155,118,119,123,147,176,100,113,184,130,146,127,171,145,180,83,136,162,129,142,167,92,42,137,129,155,172,178,195,149,93,60,88,62,118,,82,75,127,70,67,53,71,120,148,116,,98,,146,99,,51,72,51,11,7,15,104,77,85,85,65,54,48,70,53,92,91,122,113,,125,212,98,115,109,33,40,43,24,29,24,26,38,32,72,53,69,95,,81,39,83,70,103,172,92,126,111,,124,117,102,169,137,124,179,162,162,234,144,117,105,116,163,138,111,135,107,97,78,95,122,78,95,76,94,83,112,81,87,71,89,81,80,87,88,90,100,83,57,60,,42,51,51,43,53,61,55,48,46,46,36,45,26,47,57,34,45,31,45,50,44,43,37,47,46,41,49,55,36,49,56,27,27,42,28,21,23,51,,40,44,39,42,48,47,40,39,45,44,54,61,45,,73,60,66,67,64,60,72,72,32,29,34,32,33,63,70,77,64,79,56,30,65,64,67,54,53,55,64,59,63,66,98,86,73,80,96,,98,30,66,78,64,77,70,67,70,66,68,37,24,20,28,29,40,31,132,58,53,41,58,38,98,111,,92,157,73,171,149,265,113,117,115,152,49,46,54,45,55,50,79,80,73,83,55,101,86,76,113,,261,238,202,243,183,200,118,120,113,117,,140,145,112,128,141,56,105,129,114,25,39,36,15,38,39,21,23,6,16,16,115,73,121,61,161,146,103,140,68,154,115,146,134,146,155,35,33,27,20,226,168,157,185,218,175,191,,242,261,101,,106,125,161,178,182,91,190,,169,220,239,141,229,266,181,93,59,,37,114,165,128,,93,,118,140,145,80,155,,273,204,177,,64,72,83,159,133,125,,52,52,48,59,,34,33,35,35,35,35,37,34,35,34,35,37,40,38,36,40,31,39,34,40,38,33,,49,51,40,42,42,49,49,52,37,40,43,55,51,49,52,47,38,69,19,33,24,97,94,111,23,34,23,59,15,48,96,145,,125,175,96,252,106,49,87,79,58,47,88,,58,21,22,19,20,42,33,85,213,270,199,141,45,42,74,71,35,71,31,62,77,32,60,42,128,272,115,266,149,29,28,24,22,26,27,,16,86,98,117,162,105,139,129,184,277,133,102,47,52,43,42,71,106,82,96,49,115,117,107,109,78,51,75,44,61,65,62,26,175,117,124,88,112,164,110,146,132,116,121,236,65,57,74,79,102,61,151,140,194,149,120,94,120,113,114,97,107,108,98,101,177,68,68,75,72,78,76,90,77,85,60,80,113,100,82,106,124,74,75,84,85,89,84,76,73,77,80,84,81,76,79,83,87,20,17,109,114,111,122,92,130,123,110,71,96,73,63,64,60,104,94,63,58,104,109,115,94,93,116,111,118,100,125,110,107,127,123,80,62,63,,64,41,30,191,122,35,177,103,150,115,143,51,56,75,142,80,80,89,125,106,,141,142,136,119,104,92,57,30,60,58,,50,25,36,64,70,124,89,155,74,60,65,65,172,131,120,92,264,63,206,259,152,167,228,119,66,78,170,69,224,195,75,101,147,88,113,85,152,42,136,126,123,44,47,,63,54,72,,17,22,134,161,105,93,160,134,152,150,131,104,119,,,113,78,103,96,101,113,,,44,85,114,135,78,117,140,121,105,94,99,46,33,43,53,50,81,51,78,59,71,39,84,47,37,82,,137,170,159,162,,140,156,113,73,123,53,,103,30,57,25,9,31,25,47,53,91,225,68,32,24,17,14,10,12,9,41,39,29,48,37,23,30,28,114,174,105,150,44,25,44,28,44,51,77,14,36,47,44,47,58,90,108,77,128,88,78,27,35,78,116,62,205,129,262,52,60,209,141,,80,43,64,43,57,136,,40,43,40,65,24,115,181,39,97,42,,54,71,,15,95,124,88,122,137,132,,88,140,145,159,64,73,98,88,77,89,70,64,61,89,79,67,62,68,28,49,21,132,,129,92,,76,114,122,109,58,,47,52,64,81,62,73,50,111,105,139,31,,31,33,19,35,26,33,26,5,26,22,23,23,23,25,28,37,51,54,48,95,76,86,55,57,145,127,86,129,67,64,74,81,85,46,83,74,57,57,44,49,52,28,63,44,52,44,44,73,76,90,76,84,,87,96,77,54,49,59,67,60,157,121,110,162,249,128,140,91,101,90,117,73,110,142,137,78,112,114,146,,158,101,112,113,135,131,109,74,83,66,46,60,69,55,48,68,99,107,93,93,101,99,61,96,88,109,67,74,84,63,93,112,78,72,80,71,71,52,162,93,86,81,82,76,103,80,86,86,91,86,110,85,82,95,84,78,81,71,91,50,85,79,64,80,50,38,38,45,59,58,58,62,56,71,92,116,74,117,121,66,104,108,57,41,59,55,73,65,60,77,74,,48,49,66,72,29,24,42,56,61,86,62,,62,61,64,87,81,79,74,90,117,110,130,94,82,88,77,84,69,84,95,90,86,72,89,104,72,80,66,97,101,,104,94,99,91,98,114,88,72,94,70,36,67,101,72,77,131,126,119,140,25,50,23,42,,29,32,34,67,59,35,33,32,35,60,25,32,38,,16,24,8,8,25,46,55,,56,33,38,34,18,16,22,17,26,36,48,37,25,32,45,35,43,40,16,40,50,51,29,51,53,46,89,14,16,32,30,47,34,,24,,,5,,4,11,96,138,154,168,35,47,30,28,82,137,114,53,58,46,32,98,93,98,45,19,44,41,8,39,59,65,30,,33,21,75,58,,54,50,67,22,37,111,36,83,17,42,44,38,45,29,27,40,43,25,32,83,67,39,35,6,93,215,63,85,54,49,83,102,224,139,62,121,76,119,170,29,5,35,134,252,296,43,31,94,45
20160203,23,PM2.5_24h,37,25,34,36,34,33,39,34,32,31,34,49,,152,144,109,114,116,145,,,96,105,130,75,116,,91,119,88,95,117,105,76,80,93,79,79,94,88,47,77,52,50,46,193,174,197,181,155,206,180,189,176,206,21,17,18,25,24,33,43,30,36,17,100,76,84,77,150,196,119,167,177,168,140,121,149,145,65,,44,82,84,53,47,63,83,69,68,72,94,79,55,61,56,71,81,94,,106,119,54,120,119,,122,68,70,53,59,39,53,56,58,74,35,82,80,68,74,75,58,73,77,63,59,80,86,96,,111,104,108,116,71,91,100,103,67,50,69,44,101,57,42,55,54,122,111,128,113,127,119,110,119,101,107,108,94,105,102,99,93,84,78,48,60,50,70,118,122,139,131,85,106,92,107,101,95,94,108,117,137,104,118,,,125,124,118,119,114,147,153,135,134,123,139,,126,120,130,107,88,134,123,130,162,133,135,127,119,95,113,62,161,186,162,164,103,78,41,114,95,105,108,109,118,109,66,85,100,86,100,,88,93,104,63,70,63,66,103,107,82,,85,,137,117,,69,89,75,51,45,55,92,73,74,79,70,66,52,68,54,94,65,100,98,,118,121,101,105,93,28,30,31,34,28,30,21,27,20,73,59,49,84,66,84,39,77,71,110,130,100,106,106,,110,121,94,117,106,96,116,120,120,128,119,94,92,97,109,107,97,107,87,81,83,100,105,97,105,97,105,94,112,69,85,89,82,91,74,97,98,92,86,74,43,40,,34,36,39,38,38,44,41,38,40,39,35,45,24,40,45,25,35,31,40,40,34,35,35,34,37,33,46,46,35,43,51,24,30,43,25,19,38,30,,40,40,37,33,36,40,35,38,35,33,39,50,41,,81,81,75,75,70,63,76,78,22,24,28,29,26,52,71,67,58,64,60,38,59,63,59,64,47,59,58,61,61,67,85,78,68,71,74,,75,54,70,74,64,74,60,59,73,67,67,41,29,22,41,39,47,44,59,40,31,21,31,23,95,83,68,93,151,80,184,76,149,77,128,92,85,82,84,68,65,77,65,97,101,105,54,93,108,96,92,99,,278,302,239,309,236,298,92,110,104,93,,106,127,73,99,116,45,71,110,100,48,78,73,37,86,87,31,43,20,25,29,87,90,87,74,81,77,92,101,78,85,49,124,87,95,106,27,25,25,19,157,132,110,160,184,161,158,,237,216,135,,131,128,143,151,144,93,148,,133,145,187,141,190,218,163,68,53,,54,84,88,128,,105,,133,119,116,89,137,,164,141,122,,48,55,52,150,112,111,,47,46,47,50,52,25,24,26,24,27,29,34,33,33,31,35,34,30,33,32,33,34,27,38,31,24,26,45,46,47,38,44,33,45,42,47,21,25,28,35,34,36,30,35,28,40,30,36,36,107,101,106,48,51,41,47,57,79,109,122,,117,168,90,240,94,44,79,103,55,41,79,75,51,26,52,22,12,190,80,92,95,128,133,86,53,72,56,72,85,47,90,84,105,114,99,77,89,155,118,143,104,106,59,41,72,44,51,,38,47,54,57,66,83,103,100,130,140,95,73,51,44,65,43,66,95,73,90,86,97,90,91,102,72,46,80,63,74,68,88,23,115,81,80,98,99,86,89,132,119,91,122,130,61,57,71,91,63,49,125,93,111,110,96,94,78,81,86,70,120,129,141,126,122,74,86,84,81,83,83,74,74,85,70,76,100,97,84,88,104,63,71,92,95,106,94,64,65,64,74,67,65,69,74,68,79,11,8,87,95,96,97,118,122,129,114,103,99,65,64,50,61,92,82,75,82,101,108,107,99,69,83,89,84,84,107,97,103,115,109,61,62,62,,56,40,39,129,102,73,241,74,96,82,91,39,48,60,72,126,108,78,135,113,181,146,148,96,88,99,75,58,39,53,48,,99,129,76,60,55,120,147,157,79,74,62,61,136,118,106,100,166,95,127,141,89,92,154,123,92,98,92,65,121,112,105,121,103,65,83,71,73,45,105,109,97,53,62,,72,84,92,,38,41,133,126,112,112,127,104,116,127,127,100,97,,,77,73,71,63,81,86,,,62,70,80,74,55,70,72,99,94,85,79,39,30,42,65,55,87,53,82,65,91,82,160,82,51,74,,80,88,147,162,,153,109,80,52,79,32,,57,94,72,28,21,32,29,38,30,66,91,60,43,58,15,16,10,14,8,41,43,33,75,74,49,79,75,77,76,80,72,98,92,85,75,58,34,57,47,69,66,65,88,96,85,101,92,90,48,48,34,34,60,96,48,41,61,81,26,42,65,56,,79,54,60,43,44,66,35,49,51,53,72,35,67,116,58,41,46,,69,80,58,20,83,52,98,109,121,119,,121,118,121,63,60,73,97,83,62,71,62,69,66,68,80,76,63,77,57,64,38,162,150,153,62,,51,85,98,95,53,,43,52,56,59,53,58,50,61,66,91,24,,30,33,14,29,25,30,25,6,24,19,22,20,18,21,22,33,38,36,46,64,58,62,56,61,105,90,84,84,74,61,67,76,64,44,63,67,62,58,46,58,60,31,71,64,67,61,59,77,90,78,72,88,,45,54,43,35,47,62,64,60,106,84,76,140,162,124,122,84,99,90,113,53,78,94,85,70,81,78,92,,95,79,87,88,84,93,71,86,69,73,70,77,88,71,78,43,67,74,53,83,100,92,85,87,91,108,79,80,97,70,79,90,81,80,66,69,69,54,99,79,57,69,68,74,80,83,80,91,88,91,104,92,98,98,87,71,78,74,86,62,108,86,74,80,53,46,46,52,59,57,66,72,61,69,67,100,61,81,93,53,94,103,48,38,53,47,68,59,57,76,71,,55,46,61,67,23,31,40,63,72,67,59,60,74,69,40,45,69,71,88,130,121,151,97,79,69,78,76,81,72,71,88,80,81,79,79,78,77,72,54,70,69,,74,94,100,99,99,101,113,90,118,95,54,81,108,57,58,91,89,89,106,13,29,15,43,,41,59,67,68,81,36,50,45,43,45,41,50,54,,42,43,48,51,24,28,58,,49,39,35,37,17,21,24,22,24,27,45,36,23,24,21,23,30,34,19,28,41,51,29,46,55,40,44,12,14,22,22,50,90,15,11,,,20,,8,11,141,150,161,146,40,59,64,50,85,108,93,47,47,61,49,45,46,55,38,24,56,62,44,75,62,51,64,,71,23,67,64,,87,53,54,17,65,114,38,44,28,27,112,103,95,29,71,60,59,61,57,91,97,48,45,11,113,300,47,77,43,43,56,107,167,108,68,107,79,99,107,24,10,22,116,199,314,50,26,90,38
20160203,23,PM10,16,17,24,22,20,19,26,,,32,32,38,,329,208,213,227,198,202,,,208,170,249,187,162,,303,326,387,295,279,270,243,134,112,143,166,129,111,61,102,42,49,75,316,218,239,336,154,214,160,234,262,139,,20,33,34,,,66,59,,31,175,122,162,127,305,221,295,419,246,333,287,341,297,367,111,,49,82,78,98,81,122,150,46,40,24,52,,27,22,28,82,65,113,,137,77,80,87,109,,170,180,195,132,182,130,141,204,111,225,56,124,201,193,189,167,73,156,99,145,98,83,79,,,92,87,100,145,70,81,99,129,,28,,28,,,42,,,161,179,167,156,158,180,157,202,130,,109,107,122,,172,,,65,61,62,59,46,311,218,164,213,197,247,216,182,175,175,189,248,234,221,197,150,,,147,140,168,140,136,233,219,160,191,187,196,,169,174,155,175,246,232,228,149,,206,218,239,326,255,227,149,196,194,188,208,239,130,47,169,163,246,241,238,261,250,144,91,118,89,184,,101,98,184,98,89,75,105,145,178,162,,159,,180,120,,103,87,,21,9,24,,109,92,122,94,97,55,,72,,151,204,132,,,,,,,63,80,62,27,,36,32,43,45,112,118,99,129,114,91,44,108,113,136,270,157,222,166,,189,165,116,203,181,201,221,279,,272,217,181,230,172,175,181,169,160,144,121,84,213,233,151,158,154,113,221,145,,110,,,,83,90,,,,,79,68,,49,68,56,61,73,72,66,,50,,42,49,39,52,,41,55,35,55,70,66,56,59,47,64,55,,63,40,,,49,47,44,40,65,68,59,,43,,40,,,47,53,51,52,66,78,,54,,79,61,79,89,74,72,90,102,33,41,44,57,49,,70,77,67,,62,58,80,71,76,62,57,61,70,69,81,82,127,108,102,110,113,,121,41,88,96,93,101,106,91,98,113,118,72,46,40,59,49,94,76,258,174,143,93,140,83,246,206,219,165,175,163,231,216,355,267,247,205,241,93,83,81,108,100,68,112,112,113,117,128,121,121,110,122,,503,238,212,453,,253,160,238,153,184,,192,168,178,205,175,79,128,184,,45,69,93,46,58,69,55,38,16,34,34,177,96,172,88,253,199,160,186,103,169,166,233,227,237,247,55,41,37,30,339,180,270,260,310,238,286,,383,418,152,,139,195,185,208,243,175,269,,280,273,317,148,243,326,249,111,120,,58,140,255,345,,128,,156,207,195,141,217,,379,273,248,,76,109,131,209,147,165,,53,,70,61,74,50,50,40,46,47,56,,,,,,37,51,58,60,56,,50,44,43,42,42,,52,55,40,44,,,57,53,43,57,62,63,60,56,64,51,39,,35,61,43,161,146,158,36,56,52,67,27,50,135,198,,186,335,163,,,104,118,84,117,98,175,298,138,52,42,33,34,64,66,130,364,383,268,191,60,73,145,155,90,138,75,79,126,76,124,88,153,302,177,299,,35,69,83,74,59,64,,57,,137,,,106,196,207,253,415,154,102,85,59,49,52,72,,115,118,,118,,,130,152,139,95,,90,103,,30,,197,167,231,173,180,128,180,243,204,161,255,83,94,90,321,119,115,218,,311,211,160,104,158,148,193,134,161,152,108,122,226,93,115,106,106,,99,110,101,96,88,105,113,,,206,199,85,92,86,97,95,100,78,89,96,90,92,104,94,107,105,93,31,24,138,140,116,148,105,,132,134,,106,124,123,119,102,116,131,98,102,145,133,115,133,140,250,133,126,137,155,159,146,149,181,94,62,71,,66,150,47,325,205,208,190,132,155,163,160,85,121,119,214,104,120,241,151,163,260,202,160,193,191,153,139,107,115,191,139,,87,62,74,83,182,193,248,211,161,158,154,140,236,161,177,136,398,89,259,309,178,242,261,143,104,112,199,128,316,273,114,158,169,110,128,112,,157,175,134,162,68,82,,76,87,98,,48,73,,,148,146,182,,,186,155,147,,,,145,143,204,180,132,141,,,,103,164,205,78,217,333,215,146,137,215,54,61,63,106,139,148,134,125,120,71,,163,102,72,111,,173,234,179,196,,210,260,,,142,69,,178,45,71,32,67,86,69,66,74,108,332,105,38,46,51,25,18,19,20,113,72,64,69,68,47,66,39,154,200,130,215,83,102,115,87,52,62,93,23,89,110,97,66,77,140,217,102,161,121,114,57,55,110,125,,231,147,387,59,85,236,,,119,57,76,54,85,158,36,109,82,57,77,44,143,223,45,,,90,103,98,173,44,,154,92,153,152,149,,,186,,,83,116,134,121,97,106,100,92,73,125,90,97,72,71,,57,47,157,123,132,,,88,,125,137,73,,66,87,89,111,114,73,57,119,108,,63,,57,,24,36,35,41,36,,33,,,29,25,30,34,40,62,66,71,150,141,132,78,82,178,134,110,141,89,66,115,128,103,56,101,105,69,70,50,57,62,64,72,48,56,54,47,118,140,102,93,123,,152,129,126,104,72,95,107,105,207,,150,183,350,165,194,182,212,190,179,255,231,178,231,116,183,170,280,,271,228,170,146,154,179,156,128,116,96,66,88,,76,70,93,122,120,133,146,108,138,97,117,127,162,118,116,102,132,182,187,103,98,114,101,125,95,208,100,138,97,102,92,,103,92,92,111,86,119,94,88,99,,89,161,120,153,65,,116,100,117,77,54,66,50,83,86,75,87,96,90,121,147,147,130,138,113,157,196,67,46,,68,97,89,71,105,88,,48,68,70,79,52,52,51,76,73,108,106,51,81,77,79,100,91,92,123,105,123,126,153,109,112,104,81,115,76,91,107,100,101,114,92,105,99,115,90,107,111,,125,116,106,105,140,135,150,132,141,139,49,98,119,89,146,159,147,170,189,42,64,45,51,,38,42,53,91,83,,55,62,56,,37,35,38,,36,57,12,12,46,60,74,,63,69,52,52,32,40,27,,42,54,63,63,32,52,,39,66,,25,128,65,54,45,74,79,90,116,,,59,,152,149,222,25,,,7,,15,,97,144,,188,40,82,51,,93,171,124,72,68,108,122,116,113,101,77,62,103,94,33,54,205,209,83,,88,39,,81,,73,96,102,92,86,150,66,122,52,70,53,90,65,69,66,65,71,62,43,165,140,88,73,9,231,381,139,142,86,82,189,208,270,263,152,203,,132,185,40,21,43,226,390,328,82,42,,53
20160203,23,PM10_24h,47,33,42,43,33,41,48,,,47,46,80,,210,192,147,160,162,184,,,135,151,175,131,121,,152,158,153,145,165,141,129,124,133,124,121,130,103,76,123,86,100,98,277,240,259,279,197,254,219,236,234,247,50,41,56,64,48,51,60,52,73,39,158,104,102,95,201,225,229,226,224,209,182,186,189,201,95,,59,111,122,85,88,99,126,109,107,106,162,118,95,99,90,112,114,144,,181,168,95,166,217,,176,106,93,73,89,68,84,83,80,101,48,153,140,130,119,108,86,111,114,106,109,92,104,116,,138,140,146,167,106,114,118,136,81,57,75,58,114,64,50,67,75,173,169,184,153,165,168,164,188,143,92,129,128,139,133,173,102,107,89,84,90,70,97,188,212,166,176,164,163,158,171,154,148,153,203,194,215,174,148,,,158,145,168,156,150,187,206,183,195,180,203,,162,184,146,153,166,188,162,156,204,188,205,195,169,128,146,121,200,226,206,211,146,105,50,158,121,162,158,150,167,173,96,118,138,122,143,,111,120,154,82,91,81,86,135,132,120,,120,,153,144,,123,104,,83,62,66,96,86,76,107,97,102,64,71,74,102,94,155,120,,151,202,114,108,112,36,45,44,36,34,45,25,40,33,107,102,80,107,77,96,57,97,107,139,198,149,184,136,,160,182,118,158,143,157,157,216,178,184,184,153,144,134,153,163,142,132,125,115,90,152,144,139,144,119,123,168,173,52,101,135,115,90,86,98,95,113,100,81,55,51,,41,43,53,48,52,49,47,42,46,44,39,47,41,44,43,27,43,36,50,54,55,42,53,38,47,40,50,51,40,45,60,43,44,46,41,47,53,46,,43,45,41,40,41,45,46,44,48,46,50,56,46,,92,103,98,106,76,81,107,106,33,43,43,42,46,63,78,69,61,66,67,60,71,73,68,68,54,67,69,75,74,80,101,97,96,96,85,,91,84,84,87,96,86,88,81,91,103,109,59,52,36,76,59,90,86,151,135,110,67,113,66,158,160,152,160,201,166,241,152,203,143,207,166,162,149,122,98,104,110,90,135,140,151,90,133,159,145,139,139,,437,363,279,553,292,379,136,194,146,139,,134,153,110,136,133,67,90,187,110,72,106,135,79,121,123,62,64,38,40,54,141,123,123,104,123,114,137,124,100,106,72,180,151,151,172,42,36,32,29,234,176,192,240,253,230,244,,330,311,181,,184,195,181,211,192,164,232,,222,168,237,165,262,311,213,99,95,,77,111,163,189,,152,,202,145,144,137,218,,261,193,185,,64,86,83,202,162,169,,53,52,61,58,81,40,38,37,33,40,47,43,46,41,40,41,36,46,50,47,45,36,39,46,36,31,31,47,51,52,42,49,42,46,51,50,28,36,38,49,47,47,42,39,30,43,47,51,52,155,145,148,88,75,89,57,84,96,157,183,,166,235,159,260,64,86,114,106,71,87,168,187,111,56,91,42,30,282,117,149,159,204,197,134,68,100,131,134,115,104,138,112,166,191,154,132,112,173,148,148,160,141,85,76,124,79,70,,51,55,78,105,68,88,148,152,180,226,113,81,77,55,76,66,78,105,94,116,114,116,98,128,130,107,85,103,78,97,106,94,44,151,123,141,164,137,107,120,180,208,145,193,185,79,104,101,148,90,79,190,114,185,160,134,114,126,130,153,105,163,165,114,153,159,110,148,107,115,94,104,102,94,90,75,95,109,170,86,160,131,74,67,86,103,107,117,67,77,74,79,72,87,87,97,93,89,18,16,105,116,110,113,134,137,145,136,116,115,119,118,91,90,109,118,103,107,121,123,127,132,108,140,126,101,119,132,142,129,139,170,81,66,68,,64,66,50,185,195,174,262,104,112,107,117,66,77,91,113,150,162,224,188,191,218,208,179,141,145,129,114,130,113,173,148,,156,193,214,119,150,174,225,294,157,248,228,240,187,163,155,140,231,132,175,180,132,139,193,149,168,147,115,110,166,163,164,172,143,90,106,97,113,120,148,150,131,88,89,,83,116,126,136,75,86,108,137,151,160,166,112,106,155,149,140,131,,,121,112,137,118,104,109,,,95,98,118,100,68,118,119,141,116,107,129,56,61,55,144,137,158,179,142,120,117,100,239,128,87,102,,107,123,160,195,,216,188,152,64,95,61,,111,139,101,43,88,91,83,56,46,95,154,96,55,82,40,28,16,20,19,67,65,54,109,113,68,117,107,111,137,104,144,143,134,135,116,58,49,74,58,96,97,95,109,118,136,190,117,109,78,75,47,50,85,116,46,54,78,128,38,64,102,103,,102,70,67,57,71,85,35,125,114,69,88,62,97,193,66,40,45,57,117,107,99,31,97,121,118,132,143,131,,186,144,95,77,81,107,123,102,90,95,90,126,85,93,95,100,77,84,64,75,60,195,163,173,69,,58,100,106,114,68,,57,66,66,75,80,69,61,96,94,106,39,,49,43,21,32,33,40,33,11,26,15,38,25,25,28,32,39,48,47,62,88,83,88,69,82,139,118,117,115,98,122,105,119,85,50,72,81,74,76,56,66,73,69,76,68,81,68,72,115,136,94,91,127,,103,103,95,99,76,94,105,107,138,106,92,177,216,186,175,154,196,161,162,128,137,112,137,106,129,125,157,,151,163,126,121,124,138,99,139,102,111,93,109,110,87,96,56,84,89,77,108,114,108,102,105,123,160,127,113,119,106,128,135,103,103,93,102,122,90,112,93,96,86,83,89,101,102,99,105,106,98,112,110,120,116,,99,125,111,124,90,103,119,122,118,78,66,84,63,90,84,89,123,105,128,87,119,125,104,122,89,143,166,52,42,62,57,81,70,65,89,78,,60,66,68,73,40,58,48,78,85,76,89,51,93,89,65,61,78,78,158,150,134,186,116,95,94,100,88,96,83,91,103,96,106,117,94,94,91,94,72,89,88,,101,115,118,116,149,128,179,159,180,171,77,118,128,72,103,113,115,135,131,22,36,31,47,,50,74,98,87,110,48,73,67,65,48,59,59,63,,66,83,58,71,34,54,77,,59,96,56,55,34,35,30,31,41,48,60,55,33,37,24,32,46,25,27,72,56,56,40,74,69,58,63,12,23,47,,290,324,70,49,,,32,,19,18,166,171,169,174,63,105,93,85,106,160,108,70,59,83,97,53,58,73,120,61,112,117,63,96,186,207,94,,104,52,73,86,,120,109,85,102,115,161,83,86,66,102,110,148,117,88,78,78,96,124,80,154,141,102,81,26,275,447,104,138,78,89,166,182,217,189,171,179,101,107,158,42,24,27,178,311,359,82,35,95,45
20160203,23,SO2,6,3,8,8,11,6,15,7,17,3,17,13,,115,107,86,61,33,110,,,60,59,74,24,88,,253,193,271,261,194,162,142,56,49,50,69,64,48,110,69,65,30,30,42,15,142,113,204,130,101,159,148,104,24,25,31,36,29,31,27,17,26,24,102,54,73,66,246,232,208,434,135,198,387,315,327,285,79,,80,101,78,137,74,90,451,29,51,7,21,66,56,38,67,29,181,132,,62,67,42,164,65,,9,70,116,108,152,61,56,117,37,148,10,45,49,103,29,59,38,21,100,8,6,24,21,25,,53,23,5,135,46,28,31,62,14,13,13,13,8,12,9,11,16,25,36,44,31,29,29,26,16,20,15,11,10,17,10,17,14,12,14,9,17,13,12,95,50,65,84,91,84,90,31,36,36,16,30,17,31,30,18,,,19,14,18,15,32,25,25,32,36,26,41,,29,37,28,22,14,15,27,29,24,25,30,68,35,17,24,23,33,36,42,45,31,8,6,17,7,37,24,27,24,29,11,7,8,21,15,,13,11,11,13,9,9,15,17,9,19,,16,,10,18,,7,7,7,5,2,3,9,9,7,12,9,11,6,6,4,37,29,20,12,,10,27,36,6,38,6,12,5,7,6,5,2,4,3,11,19,6,7,14,8,5,13,8,37,127,38,145,61,,85,58,11,69,34,36,31,37,28,57,91,44,33,44,38,31,40,44,34,28,8,11,19,23,23,19,23,16,46,3,5,6,6,9,9,10,9,48,7,5,6,4,,10,1,5,7,4,7,6,6,6,6,5,6,52,8,6,5,7,2,7,8,12,8,7,8,9,8,4,6,3,10,12,10,9,15,11,8,8,7,,5,4,11,2,6,6,5,3,4,9,4,40,12,,14,11,12,15,14,13,10,15,4,1,1,3,9,8,6,7,20,8,17,52,9,8,29,14,9,11,19,13,16,14,15,8,17,8,9,,9,9,17,39,42,17,41,41,43,26,35,14,16,14,9,23,18,10,14,13,14,4,6,8,48,44,29,42,11,52,54,52,31,64,64,25,38,18,24,16,29,22,25,34,25,21,141,119,198,91,265,169,,18,22,51,68,32,25,41,27,40,48,,310,38,41,100,60,30,18,31,3,13,22,21,9,14,19,66,36,9,8,50,26,15,16,8,74,32,58,38,48,90,74,227,135,186,139,6,3,4,2,200,104,122,114,151,90,83,,95,100,35,,47,43,40,29,193,154,149,,100,122,108,78,172,19,46,47,48,,36,36,44,195,,130,,58,70,98,96,141,,273,150,81,,61,55,53,81,79,53,,18,9,10,4,25,15,8,7,14,6,8,4,5,9,5,12,6,10,6,5,4,6,2,6,7,8,9,4,2,6,4,4,5,14,11,19,9,10,5,5,11,3,5,20,13,10,14,11,9,46,41,48,15,71,27,21,20,38,235,222,,209,218,29,57,52,108,35,42,86,107,198,214,144,54,115,51,23,158,86,81,64,130,76,60,36,100,54,91,43,61,45,108,90,49,138,93,10,157,166,64,120,68,26,31,25,30,22,,12,9,23,37,10,39,38,60,81,78,14,23,26,11,40,22,13,17,33,9,22,18,138,19,44,44,9,14,2,54,28,9,6,86,104,80,110,103,68,42,102,175,91,85,148,46,53,41,25,87,102,107,81,37,44,43,98,87,81,103,49,13,16,15,24,22,46,44,47,2,7,92,35,8,16,10,10,13,20,10,8,15,2,4,24,19,9,18,8,8,10,4,4,11,7,19,14,9,3,4,6,13,9,10,11,20,10,14,10,11,58,35,26,13,13,17,14,13,7,11,16,14,6,4,5,7,7,7,7,4,8,6,34,19,9,,11,26,29,7,29,31,6,50,119,44,57,52,47,83,133,17,14,44,34,24,42,43,31,22,41,33,15,8,9,17,12,,159,7,70,115,11,7,7,2,2,20,4,13,181,161,41,35,190,55,47,58,47,82,324,50,87,70,152,97,19,45,70,93,18,43,24,26,54,52,16,15,16,14,13,,10,15,15,,11,18,28,19,28,32,32,35,20,24,27,17,15,,,14,2,10,10,16,17,,,32,198,29,14,15,41,30,58,32,31,38,7,10,4,114,96,191,89,41,129,163,128,193,155,92,65,,59,185,357,266,,252,440,51,68,26,136,,258,24,28,3,24,12,6,5,3,128,193,35,21,34,8,17,5,19,10,28,23,8,35,84,14,56,27,94,89,38,68,26,26,24,6,127,66,116,22,20,33,44,12,12,52,97,81,73,20,19,10,23,25,43,3,126,7,154,41,18,43,56,,28,30,62,21,14,20,8,42,36,16,43,20,7,,32,103,57,40,21,18,83,11,67,55,14,24,41,15,,5,26,26,35,11,31,56,46,22,10,10,44,8,32,68,1,48,50,8,8,5,8,23,22,44,,24,38,15,74,21,,26,20,70,81,9,7,5,30,14,25,3,,8,8,5,12,9,8,8,,12,16,6,12,6,10,8,5,9,6,2,11,6,4,2,3,39,28,17,7,1,6,20,18,12,41,14,22,19,14,10,29,10,16,32,5,15,5,1,21,15,8,71,23,,23,18,17,14,9,16,14,18,88,83,83,59,151,60,141,52,45,86,35,82,55,66,46,65,77,39,75,,45,51,50,31,44,43,42,22,33,40,22,21,3,283,1,16,15,24,27,39,39,18,17,17,20,15,73,19,38,19,28,19,8,12,14,5,8,7,24,9,8,5,10,8,16,6,8,11,20,6,18,13,15,23,2,4,22,108,47,5,10,13,5,29,24,44,22,32,45,3,9,16,30,9,16,21,25,8,12,5,12,13,20,45,9,6,5,4,2,26,9,,11,19,18,22,10,6,22,7,8,17,11,9,10,12,19,16,8,11,12,28,24,12,15,7,6,7,17,7,19,17,4,10,8,6,3,9,5,6,28,7,7,,9,9,4,18,6,9,8,21,9,7,3,4,7,7,6,17,10,18,16,14,26,3,7,,4,12,11,32,64,8,19,7,16,5,25,27,40,,7,8,16,9,26,7,19,,22,37,8,14,28,1,12,5,3,12,5,2,21,14,6,5,8,3,3,2,2,5,12,7,6,8,7,14,5,7,6,7,5,25,3,42,,19,,10,7,26,20,32,26,22,88,45,36,17,64,22,14,22,13,8,,137,15,52,29,141,118,24,41,46,4,11,,61,40,22,21,,43,44,18,38,14,11,7,25,6,36,36,57,12,6,50,31,21,15,8,16,26,1,2,2,38,52,19,32,104,35,3,13,36,32,81,256,33,90,49,3,40,22,39,36,16,19,9,196,11
20160203,23,SO2_24h,19,14,18,15,16,15,30,13,13,21,23,29,,86,90,74,56,37,80,,,62,54,61,28,80,,146,128,97,140,121,120,101,46,54,40,52,58,43,74,90,72,83,51,85,118,161,120,131,106,108,124,100,126,40,32,40,53,26,25,21,18,34,27,54,50,56,62,128,128,144,117,106,109,226,186,227,183,70,,131,134,150,132,121,144,349,44,86,55,74,62,33,64,30,53,97,95,,122,290,101,133,286,,172,157,114,91,95,65,71,104,63,89,16,146,152,86,50,86,40,44,62,28,38,57,59,66,,108,127,18,105,98,59,77,88,23,23,21,22,17,22,16,22,26,23,29,29,38,31,22,29,18,16,20,19,22,26,15,20,23,20,24,22,26,20,19,59,59,71,58,81,51,38,25,44,31,14,32,23,33,31,27,,,25,24,28,24,31,33,26,34,36,28,42,,29,44,30,23,21,20,43,31,33,28,35,63,30,31,26,29,37,34,34,27,17,13,9,17,10,20,19,19,28,21,13,19,19,26,25,,19,23,21,9,5,7,11,25,21,25,,20,,18,32,,14,15,13,12,19,7,11,14,8,16,12,10,7,16,5,40,31,25,25,,11,35,36,4,31,6,11,5,7,6,5,2,5,3,17,18,14,14,21,18,8,24,16,38,82,43,71,61,,74,53,11,70,51,58,50,54,54,52,95,62,40,73,80,38,53,70,49,49,13,14,22,22,23,28,25,30,23,16,6,9,8,11,13,11,14,56,8,4,3,2,,10,2,4,6,2,6,5,13,5,5,5,6,19,8,6,5,7,2,7,9,13,11,7,6,9,6,4,6,5,9,10,10,10,15,13,6,5,5,,7,6,12,3,8,6,4,3,4,8,3,7,9,,16,16,14,18,15,14,11,17,5,2,2,4,10,6,8,8,18,13,17,18,10,12,22,19,6,15,16,16,18,17,11,9,17,8,8,,8,12,32,49,33,31,45,53,58,34,42,12,10,11,7,24,14,7,10,11,8,5,9,8,52,40,30,43,13,54,40,43,20,48,46,36,27,34,36,20,40,43,23,40,26,21,130,154,207,149,194,199,,14,35,43,31,57,28,95,41,89,68,,80,93,36,67,58,26,22,92,7,44,71,64,36,79,76,63,39,17,12,41,56,73,47,64,94,72,100,151,49,55,36,162,174,139,161,7,4,6,2,134,83,104,91,114,92,67,,85,76,51,,59,62,39,49,122,115,105,,102,98,96,63,79,21,68,36,48,,43,40,46,127,,98,,114,57,56,60,75,,100,77,57,,55,43,44,118,120,92,,18,10,8,7,14,17,14,10,10,7,8,7,13,10,7,12,8,10,6,7,19,6,2,6,7,7,8,4,2,6,4,5,6,8,9,14,7,9,4,3,6,3,3,24,14,17,11,8,8,41,35,44,34,142,79,50,176,167,259,250,,168,253,43,76,73,107,43,74,103,103,206,167,128,54,128,38,31,149,120,126,124,120,83,93,38,93,78,62,51,47,135,123,169,127,167,107,50,107,163,72,177,246,56,35,64,41,34,,26,21,68,84,15,109,40,75,85,88,20,25,23,24,35,28,15,18,33,7,25,17,32,15,19,40,33,36,26,41,24,40,32,102,85,79,88,72,76,47,101,175,113,136,152,50,58,39,43,93,110,97,100,48,51,52,68,87,60,94,41,15,18,12,23,21,43,83,41,12,16,23,35,12,17,11,18,13,21,10,7,11,5,4,20,21,13,19,9,8,11,7,8,16,14,24,21,13,3,4,5,9,10,9,14,20,11,22,13,10,37,73,38,24,10,18,14,14,9,13,16,11,6,3,8,5,7,7,7,11,26,6,30,18,29,,27,13,20,17,36,24,14,50,75,46,56,36,48,86,111,25,17,36,33,32,36,41,27,18,54,51,33,55,21,48,12,,253,228,231,134,8,12,7,2,8,21,4,14,99,86,45,43,129,85,59,50,45,47,156,65,92,58,80,56,26,62,89,101,17,28,34,41,49,58,23,18,32,20,20,,17,17,23,30,16,21,30,20,39,38,50,30,19,29,29,21,22,,,13,8,13,11,14,14,,,85,129,37,13,17,38,18,41,29,32,35,8,10,7,170,185,163,185,192,178,184,200,300,208,118,74,,40,138,199,188,,205,310,46,71,40,85,,155,105,69,3,30,35,9,11,5,38,148,56,35,57,30,10,6,31,55,24,29,20,76,120,111,112,68,62,79,62,89,87,59,59,61,142,44,90,42,75,76,70,51,57,76,117,95,104,39,22,16,15,32,41,21,58,16,66,30,25,29,58,,29,31,39,24,22,25,10,42,29,14,48,21,6,,36,63,54,46,96,82,48,19,20,24,10,31,44,23,,5,24,35,35,13,32,38,44,19,8,8,37,8,20,41,1,23,38,8,5,8,7,24,20,37,,21,35,15,48,18,,21,18,36,39,22,16,7,20,13,23,2,,7,7,4,9,9,6,6,,11,16,8,8,5,7,8,6,9,4,3,5,5,5,5,4,25,36,21,13,3,11,24,25,15,46,22,29,23,19,12,24,16,15,32,5,16,17,8,23,16,12,45,26,,18,17,16,17,9,16,20,17,85,75,60,63,99,70,99,35,41,45,45,47,42,41,46,66,77,34,70,,35,51,33,24,38,32,35,26,45,51,12,18,9,98,3,17,13,23,25,55,62,31,24,18,19,33,60,24,42,28,29,25,7,13,5,7,7,5,21,14,24,9,10,11,14,14,14,15,15,7,19,10,19,19,2,6,24,28,25,6,13,19,4,26,13,14,14,13,12,27,19,53,66,15,18,31,24,13,8,7,35,22,13,38,9,5,7,6,4,32,12,,16,25,19,24,8,5,15,9,17,17,12,9,13,14,19,12,9,12,14,31,29,16,13,9,5,8,13,6,22,19,7,10,9,9,3,20,12,18,27,15,7,,10,8,21,19,25,41,11,19,10,6,2,4,7,8,5,18,12,21,18,12,13,4,16,,7,18,31,33,68,8,11,6,15,37,27,41,39,,20,11,20,13,23,7,20,,17,33,12,15,31,3,12,5,3,12,6,2,16,14,5,9,10,3,4,3,4,7,13,7,6,6,7,13,4,7,6,5,6,14,3,53,,11,,10,7,28,24,31,26,22,68,73,56,17,48,22,21,26,36,22,19,72,23,61,47,96,126,34,41,26,15,31,,95,111,25,21,,24,35,34,34,26,40,9,32,5,31,116,200,143,17,63,69,32,35,23,23,15,5,5,3,41,58,36,35,21,18,3,11,16,13,55,118,44,52,41,3,36,26,22,26,21,26,9,236,6
20160203,23,NO2,36,2,30,53,49,45,48,19,34,23,29,40,,146,116,134,138,141,127,,,144,99,150,99,66,,117,135,114,133,125,119,101,82,78,58,89,78,88,63,79,38,66,58,131,113,139,124,120,108,111,135,118,142,10,18,18,19,16,40,58,73,48,18,87,80,94,98,116,126,123,127,122,117,164,142,143,153,42,,26,60,52,61,41,51,93,20,18,12,17,18,36,10,31,25,58,63,,48,38,51,75,47,,15,97,108,95,76,68,65,74,37,110,12,37,18,45,27,37,19,16,33,11,18,22,42,57,,79,62,74,46,52,44,51,90,38,66,69,65,73,41,75,50,47,86,100,83,123,132,62,124,138,86,56,57,67,70,44,60,45,80,17,29,33,25,66,112,15,25,82,94,183,96,81,76,2,107,84,34,28,87,69,,,80,98,113,126,72,119,113,113,112,66,103,,72,49,59,24,40,33,35,49,55,112,94,85,108,105,56,68,137,68,58,100,72,84,14,68,33,82,122,127,68,73,33,87,85,87,121,,32,96,109,47,32,18,45,44,43,122,,87,,55,45,,41,39,42,36,33,22,53,36,32,47,25,14,27,14,32,183,104,107,110,,14,120,17,17,14,28,50,51,32,38,31,5,39,34,67,52,46,41,39,73,12,83,56,14,55,40,147,117,,137,65,32,62,115,91,56,34,104,59,116,134,93,99,118,88,121,143,107,57,55,108,138,107,110,112,97,121,96,13,48,35,34,31,52,37,54,48,51,16,62,64,,38,62,67,27,69,20,54,14,63,64,63,67,46,26,61,14,26,23,21,41,69,26,55,61,56,42,59,61,21,33,12,52,39,44,37,32,32,37,,24,20,22,22,34,28,25,25,28,20,30,44,25,,22,35,58,23,22,30,23,46,7,10,14,17,14,23,56,40,48,44,29,25,48,53,69,56,34,79,64,40,32,63,39,47,46,39,49,,60,27,16,23,18,13,18,28,24,16,32,28,24,3,43,47,82,42,15,61,58,8,16,30,128,109,103,105,58,99,136,97,93,118,63,112,67,20,21,13,22,25,49,24,31,9,30,47,41,44,49,86,,110,85,115,114,113,70,69,62,59,86,,91,70,79,84,74,15,49,63,38,14,24,18,9,13,20,30,18,13,10,15,60,39,69,41,71,59,48,76,67,86,81,85,83,130,63,34,28,31,8,108,105,120,107,122,69,75,,120,98,35,,64,75,50,51,100,129,98,,87,85,94,31,94,68,42,86,99,,27,69,76,77,,113,,69,56,105,55,116,,151,115,115,,44,40,94,121,79,82,,26,14,25,27,40,16,21,5,18,14,26,13,17,9,10,7,10,26,27,28,25,21,26,27,16,25,18,49,34,34,19,31,30,27,59,30,19,20,23,15,21,20,20,15,31,39,13,53,25,56,46,54,6,26,12,8,6,21,71,48,,136,85,32,58,32,66,21,36,93,35,105,64,72,21,22,21,12,54,24,56,78,102,78,72,45,69,67,81,35,84,34,64,39,20,85,69,75,81,79,58,67,20,20,32,14,33,24,,6,15,25,19,16,10,52,54,50,80,23,34,59,30,70,53,28,44,32,21,80,55,48,54,14,64,80,61,9,33,66,12,3,95,98,132,112,75,87,101,96,119,76,73,107,106,84,93,76,75,77,44,33,100,93,80,79,87,73,70,44,77,57,61,45,42,110,68,72,9,17,43,21,27,19,48,13,42,60,2,33,51,12,11,14,48,20,33,16,17,18,21,16,24,5,21,24,14,9,8,47,60,46,58,18,31,35,43,26,22,97,39,65,43,33,34,41,46,21,32,47,75,42,37,48,16,14,18,33,63,25,34,34,19,17,,22,79,34,57,106,120,99,46,84,44,49,41,71,52,116,20,28,91,78,57,94,75,88,58,73,64,60,15,15,17,62,,12,9,46,18,101,15,9,30,50,24,23,18,110,101,47,68,96,23,95,108,126,107,118,71,99,78,78,46,69,21,82,71,37,34,54,63,31,48,44,58,32,81,98,,50,66,51,,77,87,46,31,68,106,67,57,50,73,55,34,37,,,54,59,69,55,30,44,,,13,56,77,89,26,86,82,72,52,36,37,29,27,22,102,96,88,72,53,42,69,60,60,30,69,30,,27,39,109,75,,87,194,59,21,22,32,,21,21,14,5,18,9,20,24,18,61,60,50,16,28,10,14,3,7,10,33,26,5,17,40,7,24,16,56,68,55,65,16,36,30,13,38,43,46,25,15,22,16,8,11,83,83,59,70,25,24,11,7,50,75,21,54,87,84,26,32,80,51,,22,22,44,15,67,58,13,38,29,22,31,11,23,92,10,74,16,32,40,26,62,5,188,131,53,57,42,42,,21,97,25,43,101,109,147,113,79,83,47,27,38,17,39,15,46,39,42,29,17,75,133,89,54,,27,113,54,70,54,,40,18,79,54,22,42,29,37,27,39,41,,31,16,8,17,16,15,24,3,25,20,14,14,20,20,25,17,13,32,4,48,34,17,25,2,34,33,14,14,2,38,64,42,58,17,32,15,35,18,6,14,32,22,29,11,15,26,22,27,35,19,39,36,,50,48,3,56,20,26,43,23,108,101,129,62,118,92,125,55,61,54,45,130,107,129,97,66,90,69,88,,69,60,117,38,29,75,57,27,33,42,54,26,28,40,57,9,27,28,44,104,94,83,35,55,58,66,43,48,41,9,114,70,47,44,27,23,41,33,112,82,27,12,22,33,30,48,35,39,45,13,35,18,26,48,30,72,63,85,85,21,18,41,34,40,17,14,24,14,17,2,1,9,12,2,26,54,11,12,44,5,33,24,29,30,17,28,24,16,14,29,20,,12,10,35,21,22,33,23,6,10,36,46,12,18,18,32,65,23,19,58,52,51,61,7,31,28,40,30,27,37,38,28,49,31,42,9,56,45,53,11,34,49,,24,17,50,31,65,66,6,35,36,20,4,29,62,46,11,11,24,21,22,9,24,15,14,,7,23,19,60,63,12,15,24,23,9,25,18,26,,13,6,36,14,22,23,21,,17,42,36,13,21,2,2,5,8,30,21,39,17,23,15,11,24,8,7,,32,5,5,30,49,19,17,14,22,21,16,21,14,56,6,20,,14,,4,6,27,45,67,47,33,84,47,38,21,55,46,23,38,17,9,7,92,65,40,30,46,43,17,26,39,41,10,,24,17,16,40,,15,18,19,37,8,7,3,8,11,30,2,36,43,7,14,18,16,14,13,76,49,12,20,3,68,153,26,10,79,60,13,58,81,97,60,37,69,110,83,13,22,69,106,78,104,41,32,42,73
20160203,23,NO2_24h,55,12,60,72,67,67,71,38,28,53,56,54,,94,89,92,96,99,93,,,98,74,99,74,82,,75,84,65,85,79,77,45,71,72,55,78,64,76,49,64,50,75,57,115,115,119,111,106,92,95,100,94,145,16,25,25,33,18,46,51,48,38,23,76,76,68,90,103,100,93,82,74,80,133,102,106,108,38,,29,43,40,53,38,56,73,44,34,53,50,44,56,49,43,41,56,58,,56,78,55,73,77,,57,62,69,59,49,39,43,52,32,68,11,67,57,66,47,59,21,24,47,32,41,32,47,100,,97,87,77,47,83,48,67,64,46,69,72,63,62,62,55,58,53,74,85,98,69,87,58,58,82,70,50,77,92,81,76,84,74,84,41,48,44,42,63,65,23,28,64,77,105,61,80,62,39,69,66,28,21,76,39,,,46,85,82,76,75,85,74,92,81,49,75,,45,66,67,33,55,52,62,56,50,59,64,32,48,63,39,61,69,47,53,63,54,66,15,64,38,66,77,73,64,53,31,63,62,52,62,,32,57,60,29,26,31,28,42,44,66,,47,,62,51,,28,33,24,23,14,20,39,30,23,37,18,19,24,17,18,128,79,86,90,,15,74,19,17,17,14,22,28,25,23,27,7,25,25,48,30,24,21,28,55,15,51,42,14,49,43,96,68,,71,46,30,48,73,65,37,33,94,23,100,89,81,68,83,68,76,77,77,57,43,75,90,71,63,69,66,73,74,15,36,72,26,45,44,43,63,41,46,17,43,34,,19,28,37,14,44,10,33,17,36,42,39,42,24,19,48,14,21,18,19,30,48,23,33,27,31,22,36,36,15,26,9,33,25,24,29,22,31,21,,21,17,17,15,19,17,15,17,19,11,24,22,14,,33,39,57,27,24,27,33,37,7,10,12,15,7,18,54,45,51,48,41,30,44,51,58,51,35,73,61,43,50,64,38,45,49,42,48,,57,32,21,33,27,16,24,42,36,22,34,22,22,7,16,27,44,35,7,45,36,8,25,22,84,98,96,85,46,70,103,73,62,75,44,93,54,67,53,24,58,49,58,41,38,13,28,60,43,51,55,65,,101,70,101,115,93,58,58,46,64,61,,48,47,39,43,39,10,23,53,37,36,46,48,26,53,54,41,29,16,19,38,55,61,56,51,42,45,45,56,73,63,41,52,73,95,58,24,25,23,12,78,77,96,83,84,69,50,,77,71,43,,61,57,42,44,71,91,75,,72,64,62,47,52,48,35,52,67,,40,52,58,54,,75,,63,54,48,30,88,,97,71,74,,42,35,54,79,80,68,,20,12,15,12,19,15,18,15,13,14,20,19,17,10,14,7,16,20,20,21,12,23,16,28,10,13,11,22,19,16,23,29,28,18,28,20,13,13,16,10,17,19,16,13,16,18,17,25,21,38,30,35,20,47,34,22,28,38,69,47,,93,62,26,58,37,60,15,28,76,28,78,54,45,18,35,21,12,54,56,68,76,91,66,70,37,70,63,58,58,51,65,70,59,61,78,75,46,54,76,53,56,70,49,39,43,42,34,,12,35,54,44,34,33,37,51,44,71,24,28,39,27,37,42,40,66,42,44,54,53,46,56,28,44,49,49,17,26,35,18,7,79,69,82,83,53,27,52,68,88,60,78,76,57,41,55,53,72,60,57,42,65,69,59,57,71,55,57,39,39,49,42,21,35,58,67,37,13,29,38,20,43,20,44,17,23,37,2,40,33,14,11,15,38,19,32,16,16,12,18,15,27,13,31,28,21,11,10,30,46,35,44,29,34,43,41,34,19,46,38,39,33,36,31,40,46,18,33,39,74,18,28,38,15,17,19,26,51,29,23,34,17,22,,27,25,15,62,89,91,98,39,65,43,38,31,48,42,77,33,41,74,68,64,62,66,74,46,65,65,54,17,8,21,35,,25,55,52,19,45,14,9,47,33,39,35,25,78,66,32,33,83,69,56,85,130,61,83,56,84,53,56,57,61,19,69,59,25,31,39,46,24,41,54,68,43,57,57,,32,54,74,76,54,56,30,30,68,89,72,49,40,74,55,40,34,,,28,57,41,31,27,32,,,53,53,45,37,21,44,48,49,44,32,25,30,32,38,68,62,59,50,53,43,55,52,62,32,49,28,,22,30,81,60,,61,137,43,21,17,26,,17,46,40,8,18,24,15,29,22,32,57,33,31,58,18,7,4,9,17,19,27,9,31,43,26,38,27,48,58,51,59,47,47,42,44,33,24,30,33,50,48,45,36,38,62,70,45,53,33,18,18,12,43,67,24,25,70,58,25,27,42,41,,20,26,38,16,59,41,23,41,47,25,42,12,25,56,14,48,23,20,55,47,44,12,42,56,31,51,56,37,,16,58,44,55,46,85,67,58,42,43,41,45,36,30,54,17,74,64,42,23,19,39,84,69,38,,24,64,39,29,35,,27,15,59,32,29,49,29,42,36,52,29,,24,19,6,12,14,13,14,2,15,11,13,9,16,18,19,16,13,23,4,14,17,15,16,5,23,28,17,15,6,21,32,26,38,16,30,13,28,27,7,13,28,18,25,21,28,23,26,23,32,24,39,30,,34,28,20,34,13,22,41,20,101,72,80,34,88,69,65,45,84,47,45,66,58,59,56,63,51,51,58,,40,37,55,28,20,39,32,44,42,49,42,24,29,36,47,9,31,28,36,34,43,39,34,43,32,51,51,43,51,26,75,55,37,38,16,14,19,18,61,27,24,23,21,35,30,52,34,42,43,11,26,22,28,31,49,59,45,52,60,15,16,32,20,25,16,17,29,14,20,19,14,26,23,19,22,58,9,19,32,12,41,36,15,14,16,19,25,12,12,21,17,,13,11,24,21,10,26,25,9,19,18,39,14,28,30,26,30,16,16,62,59,54,66,7,27,21,39,20,19,29,31,27,47,34,34,10,31,25,33,13,35,38,,21,21,52,45,57,64,7,39,37,18,11,33,46,37,13,13,26,19,20,8,15,15,22,,11,25,32,34,52,16,20,25,26,43,29,19,23,,21,12,33,20,13,17,32,,19,54,20,19,21,2,2,10,13,19,16,17,11,16,8,6,9,7,8,,17,6,9,22,30,10,11,13,19,15,14,15,20,17,4,17,,7,,4,7,35,49,66,44,35,65,62,57,24,39,38,30,33,31,17,7,55,54,32,35,38,35,43,43,36,50,20,,34,41,34,33,,40,28,31,40,19,11,14,12,12,7,20,56,79,14,18,26,24,32,37,53,49,16,16,4,70,92,33,11,27,29,15,42,47,47,40,20,61,55,43,16,16,42,74,67,65,25,24,47,43
20160203,23,O3,45,87,56,42,45,35,32,66,18,74,61,39,,5,5,9,7,8,5,,,4,3,7,3,36,,1,6,12,2,3,10,29,15,13,10,14,10,6,14,13,28,34,19,9,44,21,66,11,7,7,23,3,18,80,76,74,83,64,40,18,12,38,73,23,21,15,18,11,3,5,11,16,14,1,6,10,24,7,,32,4,8,3,7,14,5,59,61,80,60,33,53,60,54,53,26,14,,33,47,43,18,36,,67,1,10,,8,32,24,23,42,8,105,59,80,34,61,60,76,69,37,77,81,38,34,8,,21,29,33,13,48,47,26,8,60,36,33,56,32,65,21,57,43,8,28,77,11,8,44,4,4,63,47,47,73,29,64,63,65,31,37,71,60,65,41,16,114,79,44,47,5,10,49,36,60,8,13,13,41,46,32,,,37,5,5,5,23,8,9,32,11,38,28,,19,74,85,74,68,63,67,102,23,9,17,11,13,12,56,62,52,110,62,38,77,11,88,73,46,37,36,32,67,63,47,8,12,23,8,,79,3,11,68,89,108,83,65,46,17,,25,,65,77,,44,65,32,47,50,48,27,57,56,,110,78,58,62,47,3,6,4,12,,18,24,13,25,10,46,13,10,33,31,66,73,15,42,22,62,35,63,50,30,42,32,56,87,10,71,17,3,,2,54,68,21,11,24,23,70,32,3,21,11,13,5,14,22,3,30,13,39,27,2,4,6,46,8,10,10,5,65,18,66,24,53,19,47,37,18,32,56,5,1,,7,4,8,39,2,28,31,30,13,5,5,8,34,26,40,52,51,43,37,34,8,37,22,7,12,6,5,1,30,34,43,14,16,2,10,16,6,17,,35,27,34,27,15,22,20,26,21,28,59,18,36,,45,32,12,44,50,42,55,30,66,84,69,52,63,59,3,2,19,4,40,23,6,4,5,12,32,4,7,3,32,4,14,18,27,23,8,,10,48,65,71,54,122,86,55,68,87,43,41,63,79,31,31,10,30,50,44,46,73,61,56,11,26,10,19,11,13,10,15,16,10,14,6,15,77,74,87,74,68,46,29,54,77,46,31,40,47,49,29,,2,4,3,4,3,11,14,8,29,13,,2,5,12,3,2,69,9,8,24,70,60,69,63,70,71,122,66,60,83,78,12,36,11,34,3,38,35,4,26,9,28,9,24,41,7,27,22,12,48,2,2,3,30,14,75,4,,7,4,70,,43,9,17,26,12,5,11,,6,11,13,80,21,45,49,3,2,,59,6,3,25,,10,,21,76,17,56,8,,14,5,3,,62,63,16,8,39,9,,50,56,53,41,31,65,71,75,60,74,60,60,57,55,64,43,62,34,27,21,21,5,3,5,62,41,42,5,16,14,54,34,42,45,17,41,83,79,48,51,51,49,64,11,7,19,51,2,27,57,85,98,87,62,57,70,45,58,33,18,,24,7,11,11,10,58,7,12,2,7,11,3,4,30,25,29,74,26,59,17,6,6,3,11,34,10,11,6,37,6,44,19,19,26,6,11,48,13,37,33,25,79,75,61,87,67,86,,110,56,43,38,55,49,8,5,23,31,94,69,35,68,26,43,53,69,88,34,17,43,65,67,10,5,1,23,23,37,8,82,85,10,4,24,14,12,19,11,17,16,11,26,5,9,32,63,37,27,29,37,66,10,20,10,58,5,11,15,17,22,61,30,44,47,12,38,29,70,70,64,57,84,77,63,71,24,15,15,30,32,32,,60,63,287,67,26,46,48,42,79,84,87,66,88,82,84,87,8,8,11,8,22,6,10,8,29,23,16,38,4,34,12,2,3,5,6,7,6,31,17,23,11,8,12,7,9,9,10,20,49,48,67,,62,3,14,28,21,7,22,40,8,68,48,62,4,6,5,98,40,7,7,37,8,27,7,30,31,32,29,56,57,42,34,,59,90,41,58,49,80,39,82,18,53,50,62,6,4,50,26,4,59,32,16,42,10,14,16,19,6,40,66,1,17,15,5,6,60,18,8,6,3,79,35,53,14,5,,17,,37,,17,2,22,7,30,21,37,61,117,52,59,73,72,,,88,89,28,32,67,72,,,62,21,4,18,84,11,7,41,74,21,54,47,40,50,42,25,31,35,42,34,28,35,31,28,14,2,,5,4,,17,,29,7,13,40,5,2,,15,74,47,74,65,68,83,56,65,16,23,18,70,36,82,70,92,87,80,41,65,78,31,27,44,34,51,12,2,26,21,77,23,35,90,35,17,3,33,72,47,48,55,72,3,7,32,9,52,49,64,79,35,3,37,43,14,52,92,62,20,13,,57,67,69,111,20,1,25,81,98,112,117,101,72,8,111,12,49,27,47,62,4,52,10,17,39,90,66,70,,64,17,82,60,33,9,16,32,52,9,47,22,81,94,44,21,10,19,66,22,62,11,11,43,17,,31,24,6,32,21,,70,17,46,29,19,,7,126,68,65,31,,30,73,48,23,26,25,17,81,20,22,14,22,25,22,12,37,50,34,17,3,21,44,25,42,25,21,84,17,54,33,17,35,41,49,60,65,52,58,46,45,40,42,38,35,59,42,32,57,52,52,60,53,,10,10,49,10,69,101,92,86,19,20,20,16,3,24,2,60,58,62,64,3,6,8,18,75,45,74,26,,6,26,22,61,71,34,33,63,98,57,30,62,4,19,44,100,54,78,79,4,11,21,47,68,40,32,89,77,51,99,6,6,58,90,57,38,18,46,4,17,50,36,15,41,35,26,38,35,26,38,35,60,57,32,61,23,34,13,18,23,39,16,42,12,78,79,55,84,74,60,55,47,57,66,94,63,77,73,48,40,12,54,43,29,33,32,50,45,29,39,52,,57,44,21,44,30,37,33,50,57,22,54,79,76,106,31,8,57,54,8,21,5,17,12,17,5,20,17,20,14,18,15,4,11,2,49,1,1,,30,12,13,,2,7,15,8,32,35,24,1,74,7,67,25,5,4,27,26,23,19,24,37,28,48,34,,80,54,65,20,28,61,7,7,73,57,45,38,36,,65,75,21,37,20,38,60,,78,125,59,61,89,82,33,113,42,32,40,45,73,90,46,56,40,38,45,2,26,75,60,34,23,53,,54,41,34,68,46,84,27,73,22,,4,,82,73,35,11,9,10,41,9,34,50,44,15,18,100,68,25,53,24,6,25,31,41,43,47,59,89,49,48,43,,45,79,74,23,,22,52,82,27,100,81,95,86,33,4,60,35,44,37,70,40,33,33,79,,50,31,22,86,26,70,86,16,18,60,58,35,10,1,11,25,34,,3,88,71,12,8,24,14,20,20,48,10
20160203,23,O3_24h,54,90,56,57,58,48,59,72,47,74,74,74,,66,61,110,87,82,85,,,69,42,77,47,97,,64,75,79,68,62,66,87,87,87,86,92,98,80,40,83,32,73,41,76,124,82,143,84,81,84,59,92,64,97,96,95,100,84,88,90,88,85,96,70,71,77,64,93,85,88,102,111,87,32,37,28,38,35,,38,48,43,35,30,50,55,78,67,80,66,34,63,60,85,84,85,76,,92,71,81,68,66,,103,82,79,79,68,83,93,79,76,66,128,82,84,48,81,78,102,119,59,93,109,51,78,63,,48,38,88,62,73,82,49,75,84,74,63,104,115,80,103,83,84,113,97,140,135,142,127,117,116,117,101,101,135,76,98,97,114,112,131,128,109,132,93,144,148,101,150,163,110,91,81,64,124,119,109,109,124,139,118,,,143,111,110,147,75,80,110,131,99,116,115,,95,109,144,115,133,135,142,174,84,130,142,128,130,122,128,126,156,151,93,124,125,94,137,119,102,71,94,95,136,123,117,141,135,139,132,,149,130,127,93,99,112,94,106,103,65,,152,,136,144,,140,148,154,129,151,105,90,119,128,123,143,99,111,158,100,114,82,57,84,,93,108,123,115,118,89,78,72,36,62,86,73,26,60,90,136,114,140,121,82,129,119,127,102,104,107,82,124,,109,111,103,102,81,59,125,123,79,67,95,115,26,104,70,85,107,96,35,135,128,105,99,89,149,99,105,117,82,227,63,66,92,78,69,76,72,57,77,86,59,60,,60,55,56,70,62,65,69,158,53,45,50,48,80,53,62,90,69,64,63,62,50,49,56,58,62,52,46,45,51,59,66,35,43,40,37,37,45,50,,62,44,59,56,54,57,54,59,44,50,91,60,59,,68,56,31,68,79,75,81,71,70,86,80,60,69,77,17,11,27,16,40,49,16,29,36,24,45,17,36,26,32,21,64,45,44,42,45,,53,72,77,83,71,144,117,55,71,97,58,87,100,99,106,98,96,81,107,107,110,99,90,114,70,46,58,44,56,97,79,91,50,45,93,50,90,80,91,87,77,69,79,78,71,111,60,72,79,148,99,91,,4,31,45,19,69,23,44,39,88,69,,55,90,104,77,71,107,100,40,42,80,72,84,73,75,87,174,86,72,104,98,68,72,73,70,53,129,82,101,88,98,100,39,65,102,78,55,45,17,52,41,63,24,99,101,145,117,,99,97,100,,67,33,40,63,125,108,92,,47,91,89,110,115,122,162,81,80,,66,79,76,103,,100,,84,188,99,110,95,,126,116,113,,78,91,84,74,93,109,,87,86,89,93,89,88,100,97,91,99,79,72,77,88,100,50,81,62,68,61,62,24,36,23,86,81,78,58,56,58,55,42,49,68,64,78,105,100,66,66,71,64,85,33,13,43,87,45,65,104,139,193,96,79,68,90,52,71,90,101,,106,109,71,63,83,101,73,42,62,68,93,93,59,44,34,38,139,54,67,40,47,51,37,68,91,72,65,83,50,79,78,69,52,43,33,77,120,91,92,104,101,90,110,99,118,112,130,,145,82,45,53,70,70,76,71,88,69,159,94,78,83,34,94,128,98,113,66,119,105,119,67,49,79,36,69,54,106,93,112,90,87,34,101,87,90,68,87,89,74,89,45,47,73,119,141,99,81,112,91,89,117,117,117,123,77,60,71,97,130,115,81,99,96,135,99,123,104,101,90,120,118,122,117,107,69,68,19,48,69,77,,72,122,306,110,48,57,79,63,93,102,97,76,105,98,101,103,44,39,24,44,23,23,18,44,29,28,104,94,83,129,47,41,29,29,41,44,19,44,72,56,36,26,16,21,24,18,28,31,60,81,69,,74,110,79,72,104,89,51,120,104,138,127,154,109,104,95,112,62,61,49,90,98,87,99,73,34,81,88,79,94,75,61,,102,90,62,80,112,92,47,82,49,60,64,77,87,66,112,89,59,71,172,133,122,160,103,78,104,114,97,88,37,109,110,80,61,88,114,83,83,95,108,63,67,96,112,,112,,87,84,115,80,42,54,173,165,226,123,192,95,96,103,105,,,126,127,68,107,131,145,,,62,47,89,124,215,128,108,75,116,29,116,63,54,70,70,90,88,106,65,41,84,91,76,72,91,22,,42,54,50,36,,146,39,91,124,133,58,,37,93,72,79,83,75,106,69,76,74,79,53,105,50,83,89,206,96,97,75,104,95,49,87,50,58,73,63,76,96,85,120,68,68,112,65,66,49,40,83,57,65,67,90,85,94,101,66,76,66,74,86,107,54,88,97,78,91,115,81,104,85,,68,76,83,129,45,81,65,120,125,129,141,118,104,90,128,43,64,65,78,84,53,68,117,21,109,147,139,153,,104,66,112,87,95,91,117,167,66,35,91,29,123,121,53,23,21,54,179,73,177,39,58,81,60,,56,143,39,164,25,,112,26,159,78,95,,36,136,81,88,59,,69,73,54,42,41,41,45,81,62,74,37,52,58,54,51,58,64,55,105,69,113,136,100,89,119,121,138,57,118,89,94,131,110,140,110,149,130,122,68,67,69,74,69,62,124,97,72,97,93,83,100,100,,73,79,79,76,97,132,132,114,66,64,82,81,70,90,48,93,114,99,102,98,52,128,114,137,124,161,129,,114,129,147,114,122,109,126,121,123,85,92,125,134,45,96,134,76,87,127,116,58,93,82,138,126,90,125,127,63,116,104,83,110,138,100,125,105,123,109,63,204,62,37,89,83,67,89,77,70,95,79,103,94,92,94,82,101,79,79,51,57,60,68,33,108,108,75,113,106,83,76,61,80,66,117,108,125,113,102,79,31,54,73,133,54,57,65,65,51,63,76,,70,62,35,70,65,79,58,65,72,57,59,97,82,119,88,73,99,85,16,39,10,21,27,27,11,25,38,37,43,35,60,53,50,49,77,51,48,77,59,45,46,,26,55,44,26,87,82,42,20,124,20,69,41,27,39,40,49,39,34,47,52,79,81,39,,143,110,116,122,118,185,24,17,113,258,77,69,71,,75,84,36,42,35,69,68,,88,166,110,63,90,84,56,113,82,102,79,124,96,101,62,71,67,60,55,46,97,89,70,106,121,89,87,79,57,84,95,80,115,114,292,28,,15,,86,78,50,32,37,41,85,90,73,99,44,66,75,100,94,31,68,133,64,67,67,71,75,86,90,110,84,68,63,,66,79,74,57,,28,81,91,62,118,105,97,101,33,5,89,66,74,49,88,58,41,35,82,46,114,41,34,120,47,119,86,26,74,96,71,83,46,48,73,82,72,75,114,96,94,65,61,58,102,50,36,96,62
20160203,23,O3_8h,37,88,36,34,32,24,22,41,23,58,46,46,,22,20,39,34,27,25,,,18,13,24,15,63,,19,33,29,16,26,33,57,41,35,39,38,41,32,27,29,17,33,26,32,58,43,93,28,28,24,28,27,20,79,74,74,80,66,46,32,59,56,80,35,34,44,30,31,28,28,39,57,37,7,14,14,27,10,,14,18,18,10,12,16,24,56,47,55,51,27,45,51,49,64,36,34,,53,40,48,32,32,,66,28,26,32,20,48,43,36,57,29,113,48,62,26,54,52,82,88,35,75,84,42,47,20,,25,25,50,32,50,59,33,35,58,50,42,76,71,53,58,65,55,41,66,85,78,61,66,51,56,86,55,37,58,27,48,42,56,38,66,86,75,67,60,67,89,79,81,63,48,42,67,46,73,60,26,50,68,84,79,,,84,36,40,66,39,32,55,72,43,77,68,,47,70,85,73,81,65,76,122,42,77,85,58,64,46,76,67,98,107,72,76,90,39,113,94,62,38,54,60,101,86,66,57,64,78,66,,93,64,62,71,89,106,86,87,76,50,,88,,97,112,,98,98,92,84,95,78,51,73,88,110,123,84,79,95,75,33,27,20,53,,32,60,53,60,58,52,38,19,28,26,35,64,19,51,46,97,77,96,79,49,74,72,74,90,37,74,30,48,,39,76,68,41,59,30,40,93,38,12,37,75,19,70,48,62,75,75,26,47,80,37,42,34,82,49,50,49,30,86,42,49,51,54,29,57,38,28,42,65,16,24,,25,34,24,52,18,49,46,51,27,17,16,26,53,36,49,67,60,50,46,45,27,39,35,33,33,27,8,8,42,43,50,18,25,18,18,26,19,29,,43,31,40,38,30,41,34,41,30,40,70,38,47,,57,38,19,56,64,54,67,44,65,78,70,56,63,52,7,4,18,8,33,37,11,12,24,20,25,8,18,11,19,12,16,31,33,26,12,,19,48,72,70,65,136,79,47,64,90,46,68,82,88,71,68,61,56,81,74,87,85,73,87,40,24,24,33,31,51,41,56,30,26,46,24,38,60,62,77,63,60,54,38,58,83,52,49,50,68,71,63,,3,24,20,12,35,17,26,23,40,26,,22,32,45,35,30,86,48,15,30,69,64,64,62,63,65,134,75,68,91,84,26,35,27,46,21,70,54,41,29,30,57,24,41,64,24,38,26,14,43,16,28,9,52,45,96,54,,53,42,71,,48,18,26,40,44,41,39,,17,43,40,74,63,62,76,34,24,,43,31,24,42,,37,,38,91,63,84,42,,44,36,48,,67,77,38,29,51,51,,57,64,64,69,60,75,86,87,78,87,72,64,70,71,83,45,73,43,43,38,41,10,16,7,78,70,67,29,29,31,50,35,40,55,43,57,91,88,54,58,56,55,76,21,10,29,70,26,45,80,108,136,88,59,54,66,47,52,47,39,,53,39,31,26,37,69,30,22,19,26,42,33,24,35,26,33,80,38,35,19,16,15,11,22,43,18,25,18,24,27,43,28,29,28,17,18,70,34,37,52,38,49,80,56,85,70,90,,118,40,22,19,39,24,20,13,38,37,94,73,47,72,30,62,60,81,89,44,44,69,93,34,32,35,17,39,30,61,54,88,87,45,18,55,34,35,44,44,52,34,46,34,25,35,74,94,55,37,50,39,64,50,66,58,103,30,34,35,57,87,79,61,80,70,83,69,88,86,85,78,86,101,100,92,85,52,48,18,34,42,55,,65,79,176,79,36,49,64,52,75,78,84,61,70,68,87,91,26,13,17,24,20,8,8,18,20,25,71,73,34,69,14,10,8,8,23,12,11,36,48,36,21,16,10,12,14,13,14,22,50,57,65,,62,71,57,45,51,45,33,71,48,86,81,93,35,44,33,104,46,24,21,54,46,46,39,44,30,48,43,66,84,56,54,,74,75,43,69,88,84,38,59,37,49,52,68,30,32,80,64,20,56,77,46,65,55,48,47,46,52,58,80,11,52,54,26,25,56,57,36,40,36,79,32,58,40,54,,55,,41,40,63,36,33,20,66,67,84,93,162,60,69,80,86,,,102,95,45,75,87,108,,,35,22,36,79,107,74,62,51,91,24,83,51,44,57,61,74,69,82,58,37,55,64,43,37,45,8,,18,22,,23,,75,20,39,63,51,24,,24,77,48,74,67,63,94,47,54,47,45,29,78,36,67,75,90,87,72,60,80,85,33,54,43,44,56,25,28,50,37,71,22,32,83,45,47,21,33,69,40,44,54,72,26,29,64,26,46,54,59,68,53,12,42,55,27,48,82,67,65,31,,52,64,68,121,13,16,37,101,83,120,87,110,62,25,112,17,54,44,61,73,14,47,54,17,62,115,90,102,,74,42,87,56,59,44,72,80,61,18,51,25,102,101,40,20,13,21,79,46,46,24,23,52,33,,41,74,22,29,21,,79,18,98,51,23,,17,125,72,74,32,,39,55,47,31,31,28,31,76,33,45,23,33,35,30,28,40,49,45,43,32,52,67,54,64,64,68,103,36,90,70,62,87,76,96,85,105,84,80,50,48,47,51,41,46,88,68,50,80,72,68,77,81,,40,48,53,48,80,114,100,91,33,35,47,43,22,48,19,63,76,78,68,44,25,72,57,92,83,112,63,,50,63,79,82,84,65,64,81,103,62,58,86,35,30,73,117,61,80,104,67,35,56,48,88,88,64,98,97,54,99,42,37,70,105,76,87,71,94,54,53,74,43,27,64,61,39,63,55,49,67,55,79,66,59,81,41,58,45,44,38,43,24,49,17,90,88,57,98,87,66,62,53,60,63,101,83,95,90,75,38,16,33,53,41,38,39,49,56,33,50,62,,59,51,29,50,49,43,36,55,63,39,56,87,78,113,60,49,82,74,9,18,7,12,19,20,9,22,25,27,26,24,18,15,21,11,60,20,13,21,27,15,16,,4,12,22,12,33,38,28,8,70,12,66,28,17,15,30,36,29,25,33,46,50,65,31,,109,78,89,78,77,62,14,11,82,104,50,46,47,,61,67,20,26,24,41,60,,79,148,96,54,83,82,42,108,62,73,63,101,80,86,54,62,55,46,49,27,67,82,65,81,59,71,38,56,44,55,77,68,98,74,108,25,,8,,83,74,32,19,17,21,62,39,38,62,39,37,41,80,72,27,61,29,13,40,49,52,57,64,52,85,66,53,42,,53,52,57,41,,22,66,86,43,105,88,85,90,21,4,70,42,49,33,76,47,36,33,77,18,74,31,28,100,36,98,70,18,58,84,58,67,33,31,45,54,47,42,64,89,64,31,23,27,62,39,26,69,31
20160203,23,O3_8h_24h,41,88,38,41,38,30,34,53,38,58,47,50,,48,45,83,72,63,60,,,47,35,54,37,84,,44,52,52,42,45,52,85,69,68,68,73,79,62,35,58,17,49,35,38,77,51,100,52,56,58,38,66,42,85,80,80,85,74,64,62,75,73,87,57,54,59,49,67,61,65,72,90,64,20,24,20,31,24,,28,31,29,24,19,34,37,63,48,55,51,30,51,51,67,67,63,57,,70,50,67,48,47,,83,68,64,70,57,76,83,64,65,48,124,64,72,39,68,66,94,109,49,84,98,46,62,30,,37,28,69,51,59,72,42,61,70,64,52,95,99,64,95,78,76,95,85,119,114,112,107,110,97,101,86,78,94,60,84,73,94,82,91,102,95,104,82,112,117,86,125,107,81,79,73,58,102,107,79,94,107,123,98,,,109,86,90,108,59,64,89,102,81,98,93,,85,97,125,100,112,109,119,153,72,121,125,107,110,98,107,106,136,134,84,104,106,71,130,98,84,56,73,82,116,104,102,119,108,122,114,,125,110,108,77,89,106,87,95,92,64,,130,,114,126,,126,126,130,123,119,98,77,99,113,114,133,92,95,106,92,88,65,46,76,,74,95,105,89,98,69,74,65,34,58,82,64,22,57,74,127,102,128,110,68,114,108,109,94,83,91,65,107,,89,94,86,72,69,52,81,105,64,33,69,87,27,72,56,69,87,81,26,99,114,80,78,72,131,86,85,96,59,96,52,68,71,74,58,62,66,44,57,73,45,51,,53,50,47,66,50,60,61,72,47,39,49,40,81,46,57,81,65,63,55,56,43,43,48,54,53,46,40,38,47,53,61,30,37,34,31,36,40,47,,53,40,53,49,48,50,50,53,40,46,78,50,54,,61,51,25,61,72,67,71,56,65,78,73,56,64,71,16,10,25,16,33,39,14,30,28,22,33,17,19,13,22,21,41,52,57,47,54,,52,77,72,70,65,137,106,47,64,90,46,79,95,92,95,86,84,73,95,92,100,89,80,98,53,42,33,39,44,75,50,68,40,35,67,38,54,60,63,89,63,60,63,42,65,92,59,52,60,103,74,81,,4,26,26,16,42,20,42,30,42,44,,44,68,83,63,58,103,80,30,42,69,64,70,62,63,76,153,81,69,97,89,50,59,57,59,40,110,63,76,68,76,89,34,57,86,57,48,40,15,48,33,53,20,70,80,122,96,,81,75,82,,55,27,35,54,95,90,72,,37,81,75,97,101,97,120,69,64,,50,66,64,81,,75,,62,115,87,101,71,,89,84,85,,72,85,69,60,78,97,,78,80,82,88,82,75,88,87,80,87,72,64,72,73,85,45,75,52,58,53,53,24,35,21,80,75,72,56,53,54,51,40,45,64,58,71,91,88,54,59,59,57,78,28,12,38,78,39,58,95,126,170,89,64,55,74,47,53,68,70,,82,74,48,43,57,80,49,30,44,56,73,68,46,41,28,35,97,44,57,32,35,41,32,53,77,43,42,64,33,62,56,37,37,32,24,34,84,74,72,79,68,59,96,88,100,94,113,,136,66,33,42,59,62,52,47,57,53,127,83,57,73,32,71,103,92,104,48,95,91,107,44,41,64,27,61,42,94,80,103,87,69,26,69,56,58,52,63,68,47,62,38,32,54,101,121,80,49,72,56,71,90,100,94,111,47,46,49,72,114,95,74,89,87,125,90,114,92,88,82,108,110,105,106,97,62,60,18,57,64,72,,69,100,226,92,48,50,75,58,88,95,92,76,92,92,91,95,62,40,28,36,32,27,32,50,44,43,87,79,59,93,67,54,45,37,34,22,16,39,79,54,37,30,12,17,21,16,22,28,55,74,68,,68,95,69,52,60,62,40,95,86,115,114,124,68,72,62,106,50,53,36,69,78,62,64,56,30,52,60,73,90,68,64,,86,75,43,69,101,85,40,59,42,50,54,68,63,57,98,79,42,60,112,96,101,130,76,64,79,92,85,84,24,88,82,52,49,77,97,64,61,71,93,55,64,82,104,,92,,69,83,96,62,39,54,102,106,129,107,176,75,78,88,95,,,109,110,59,95,113,126,,,38,36,70,111,123,111,94,68,104,27,102,54,46,61,65,82,81,93,62,38,69,76,59,56,70,12,,28,35,50,31,,103,32,62,91,91,43,,31,82,60,79,76,67,101,66,74,62,62,39,82,42,80,85,104,93,84,71,95,90,42,71,46,50,64,55,46,72,62,90,46,51,90,56,58,38,37,73,48,54,60,83,53,57,90,47,69,61,68,78,77,34,67,82,56,71,109,79,84,55,,58,76,77,125,53,62,55,110,102,123,114,114,62,49,118,41,56,61,67,76,44,63,102,19,72,138,122,132,,90,59,92,72,82,76,107,144,64,28,73,27,112,110,42,20,18,32,144,61,92,28,45,70,51,,51,121,32,143,22,,91,22,100,69,51,,28,125,77,81,55,,61,72,49,39,37,41,41,76,59,69,35,44,48,46,44,54,60,54,85,59,94,102,85,72,93,99,118,48,97,81,85,112,100,119,102,134,115,105,70,74,70,79,75,52,104,81,59,89,82,76,88,92,,59,65,65,63,88,122,116,100,48,49,66,58,39,65,32,80,96,89,86,82,43,110,96,117,107,133,114,,98,110,128,103,111,97,112,97,110,75,79,101,104,40,84,123,64,81,115,90,44,76,70,114,107,79,111,114,58,104,84,70,96,122,90,110,94,113,96,60,105,44,30,74,69,50,72,63,56,86,72,92,79,82,93,64,89,67,64,49,47,57,65,31,95,98,67,102,95,76,66,62,66,65,109,105,142,107,92,46,36,54,66,81,51,54,62,63,47,59,70,,71,56,32,69,59,65,51,60,67,52,57,92,78,116,80,67,88,79,14,18,8,15,24,31,13,32,50,52,45,43,44,41,38,37,97,62,62,60,67,49,52,,28,26,33,20,55,56,36,15,110,17,66,30,20,25,57,50,45,46,52,49,68,73,32,,122,88,98,100,97,114,21,15,91,214,68,62,61,,78,73,35,45,34,66,60,,84,157,106,58,86,83,47,108,73,92,73,121,84,90,57,66,59,60,60,39,88,84,68,92,101,71,51,79,54,76,86,71,101,107,115,26,,12,,84,76,38,28,31,33,78,71,59,80,61,54,56,81,84,27,61,48,55,52,61,60,68,76,72,91,74,58,60,,59,52,57,72,,23,70,86,54,109,95,85,92,21,4,77,48,57,36,81,52,38,33,78,37,107,34,34,107,37,104,80,22,68,91,61,72,39,39,60,66,47,54,81,89,92,55,45,46,78,45,32,81,53
20160203,23,CO,0.6,0.3,0.7,0.6,0.8,0.6,0.5,0.6,1.1,0.4,0.6,0.9,,5.529,3.22,3.051,3.183,2.997,3.535,,,3.512,1.886,3.744,1.445,2.211,,4.142,4.774,5.568,4.606,4.076,2.903,2.911,2.011,2.623,2.123,2.416,2.278,2.177,1.716,2.184,1.222,0.825,1.251,5.847,6.438,4.266,7.371,4.601,2.791,2.848,3.553,4.612,4.977,0.635,0.582,0.222,0.447,0.596,0.764,1.274,1.472,1.129,0.552,1.839,1.923,2.771,1.605,7.022,5.09,5.395,9.072,3.998,7.717,9.151,9.196,5.916,8.002,1.882,,1.559,2.1,2.618,4.156,2.879,3.034,2.931,0.663,0.541,0.517,0.462,0.526,0.941,0.347,0.612,0.5,0.39,1.008,,0.885,0.505,0.435,0.63,0.635,,0.618,2.446,2.51,2.628,2.897,2.139,1.715,2.095,2.043,3.758,1.03,0.51,0.349,0.458,0.404,0.464,0.461,0.985,0.582,0.298,0.439,2.614,1.105,1.06,,2.234,1.22,0.75,1.111,1.518,3.991,1.13,1.488,0.826,0.692,0.58,0.454,0.909,0.537,0.768,1.031,0.429,2.349,1.96,2.267,1.983,2.017,1.832,2.116,1.349,1.305,1.284,0.995,1.11,1.186,1.1,1.108,0.986,1.367,0.528,0.735,0.56,0.398,0.425,4.152,1.032,1.003,2.257,2.486,4.008,3.359,1.609,1.787,2.141,2.493,2.006,1.676,1.406,1.801,1.073,,,1.946,2.099,1.112,1.955,1.353,2.435,1.935,1.269,1.664,1.512,1.608,,1.218,0.961,1.422,1.473,1.547,2.078,1.132,1.354,2.231,2.239,3.064,2.607,1.975,1.483,1.356,1.147,2.28,1.988,2.071,2.742,1.196,1.112,0.609,1.143,1.569,1.458,1.49,1.378,1.851,1.371,1.167,1.31,0.917,1.014,1.619,,0.836,1.05,1.29,0.975,0.941,0.694,0.869,1.073,1.093,1.801,,1.885,,0.894,1.289,,1.046,0.718,1.1,0.869,0.385,0.49,1.28,0.912,0.922,1.167,0.89,0.932,0.788,0.709,0.676,1.783,2.396,1.692,1.376,,1.551,2.084,1.504,2.339,1.901,0.547,1.067,0.764,0.601,0.992,0.782,0.473,0.768,0.732,0.935,0.634,1.033,0.849,1.423,1.291,0.864,1.215,1.062,0.851,2.047,0.971,3.433,1.417,,2.128,1.614,1.362,1.796,2.018,1.713,3.015,1.783,2.271,2.07,2.545,2.473,2.172,1.921,1.754,1.974,1.645,2.617,1.794,2.152,1.06,1.832,2.312,1.48,1.21,1.141,1.739,1.62,1.834,0.485,1.075,1.627,0.941,1.36,1.149,1.326,1.808,1.258,1.586,1.275,0.949,1.172,,0.924,0.988,0.907,0.79,1.098,1,0.809,0.903,1.258,1.126,1.077,0.93,1.114,1.023,1.331,0.959,1.314,1.033,0.999,0.949,1.097,1.053,0.949,0.942,0.836,1.268,1.094,1.186,0.865,0.937,0.538,1.289,1.159,1.096,0.888,0.958,1.229,1.327,,0.935,1.046,1.044,0.916,1.001,1.164,1.114,0.989,1.161,0.907,0.961,1.388,1.127,,1.191,0.177,1.113,1.258,1.406,1.046,1.232,1.397,0.752,0.705,0.84,0.939,0.926,0.837,1.027,1.424,1.067,0.963,0.97,1.177,1.024,1.107,0.98,0.866,0.777,1.357,1.414,0.82,0.837,1.034,1.435,1.489,1.695,1.181,1.784,,2.059,1.036,0.463,1.056,0.812,0.523,0.644,0.832,1.036,0.678,0.72,0.7,0.476,0.939,1.894,1.012,1.441,1.52,1.54,1.452,0.899,0.392,0.197,0.488,1.57,2.24,2.814,2.19,2.13,2.451,2.169,5.275,5.743,4.808,2.378,2.438,2.113,0.921,0.553,1.143,0.822,0.663,1.566,1.326,1.142,1.31,1.427,1.604,1.18,1.511,0.864,2.102,,3.862,3.525,3.308,4.827,2.197,1.968,1.312,1.1,1.797,1.787,,2.475,1.584,1.902,2.352,1.618,0.694,1.567,1.438,1.902,0.518,0.941,0.888,0.54,0.526,0.862,1.224,0.616,0.338,0.643,0.527,2.014,1.602,1.638,1.199,5.387,2.482,2.311,2.72,1.145,2.985,1.752,2.089,4.188,4.595,3.343,0.96,1.056,0.846,0.634,2.905,2.373,3.315,2.555,2.851,2.124,5.606,,3.97,4.472,1.77,,2.045,2.719,3.319,3.181,2.09,2.651,3.052,,6.109,2.528,4.055,0.817,3.821,1.43,1.882,1.602,1.781,,0.713,1.023,4.514,3.242,,3.51,,1.754,1.457,1.989,1.406,3.285,,7.074,4.142,2.364,,0.793,1.007,1.532,1.668,1.302,1.623,,1.55,1.303,0.99,1.042,1.659,0.833,0.87,0.787,0.794,0.744,0.972,1.186,0.897,0.94,0.884,1.028,0.44,0.766,1.216,1.472,1.219,1.278,1.622,1.267,1.339,1.285,1.236,1.204,1.191,1.189,0.884,1.268,1.066,1.016,1.575,0.874,0.939,0.793,1.007,0.938,0.96,0.776,0.747,1.864,,0.971,0.895,2.423,1.269,2.151,1.623,1.726,1.957,1.932,1.747,1.174,1.608,2.312,4.868,4.276,,3.035,3.082,5.061,9.227,2.236,5.04,3.842,4.538,1.923,1.511,2.476,3.266,1.421,0.491,1.817,0.58,0.103,1.63,0.774,1.755,3.741,4.756,3.926,2.779,0.345,3.301,4.162,1.43,0.659,2.711,2.132,0.967,1.579,0.691,2.444,1.115,3.162,2.782,1.998,4.316,2.172,0.762,0.97,0.401,0.585,0.769,0.469,,0.465,0.546,1.02,0.465,0.478,0.819,2.938,2.831,2.861,5.505,1.985,0.905,0.65,0.85,1.47,0.931,1.188,1.148,1.75,1.017,2.685,1.736,2.927,2.294,2.57,1.629,1.23,0.424,0.927,1.308,0.67,0.735,0.484,3.499,2.912,6.615,5.205,4.456,3.021,2.296,3.75,8.332,2.918,2.834,5.216,5.77,2.112,2.168,1.963,1.996,3.277,1.683,1.635,2.093,2.108,3.837,1.58,3.416,4.183,3.816,1.713,1.128,0.703,0.978,1.467,1.665,1.675,1.643,1.092,0.9,0.826,0.779,1.353,0.767,0.936,1.398,1.663,1.502,2.162,0.749,0.584,2.612,1.206,0.819,1.065,1.202,1.243,1.49,1.375,1.463,1.223,1.401,1.09,1.199,1.221,1.452,1.263,1.081,0.855,0.76,2.637,1.796,1.564,1.328,1.58,1.358,1.152,1.759,0.941,1.146,3.834,1.573,3.788,0.935,0.878,0.983,0.836,0.831,1.256,1.239,1.188,1.582,1.408,1.402,1.499,1.753,,2.288,1.344,1.746,1.883,1.677,0.862,0.213,0.823,,0.882,3.166,1.258,2.351,2.573,3.399,2.39,1.032,3.227,1.798,1.622,2.071,1.576,2.08,4.155,1.034,1.259,2.749,2.109,1.52,3.186,2.055,2.088,1.809,2.538,2.571,1.809,0.848,0.595,1.903,0.555,,0.565,0.122,0.522,0.553,2.261,2.52,1.862,,1.424,1.07,1.326,1.082,3.018,2.835,1.174,1.197,6.18,0.8,2.217,2.538,2.824,3.906,6.05,1.619,3.15,2.922,2.775,2.32,4.218,4.257,2.493,3.184,1.978,0.845,2.065,1.729,5.628,4.08,1.278,1.092,0.834,0.907,0.934,,0.82,0.859,1.028,,0.305,0.618,1.432,1.719,1.314,1.432,1.197,1.849,2.077,1.311,1.296,0.975,0.993,,,1.422,1.051,1.392,1.539,1.474,1.301,,,0.067,1.503,1.276,2.928,0.747,3.381,2.461,1.642,1.313,1.029,2.217,0.731,0.684,0.831,1.543,1.522,2.241,1.679,0.968,1.255,1.391,0.958,1.721,1.082,1.489,3.114,,2.64,3.725,6.404,5.747,,5.604,4.479,4.243,2.413,3.806,3.803,,5.13,0.525,0.53,0.296,0.662,0.802,0.845,0.58,0.259,1.546,1.508,0.796,0.482,0.531,0.641,0.385,,0.404,0.184,1.377,1.327,0.327,2.426,0.414,0.639,0.366,0.395,1.703,2.721,1.53,2.627,0.94,0.97,1.677,0.161,2.945,2.73,4.944,1.382,0.063,0.296,1.211,1.305,1.006,1.972,3.086,2.034,2.894,1.23,1.093,0.386,0.356,1.801,2.117,1.201,6.965,0.761,10.317,2.186,2.261,2.239,5.158,,1.593,0.67,1.064,0.435,,,0.614,2.081,1.388,1.283,0.74,1.047,3.567,3.863,0.806,1.811,0.52,0.847,1.411,1.15,2.264,0.555,1.236,2.412,1.696,1.278,0.807,1.144,,1.405,2.979,1.355,1.766,1.108,1.592,1.326,1.355,2.103,1.583,0.979,2.329,1.308,1.532,0.892,1.127,0.94,0.79,0.105,0.59,0.19,1.776,1.711,1.713,2.01,,1.043,2.136,2.497,2.39,0.415,,1.406,0.949,1.972,1.804,0.866,1.107,0.855,1.052,1.079,1.012,1.281,,0.762,,0.477,1.129,0.784,0.99,0.733,0.563,1.26,0.5,0.978,0.865,0.882,1.096,0.971,0.889,0.897,1.057,0.547,0.817,0.683,0.863,0.896,1.293,2.609,1.818,0.86,2.186,0.439,,2.14,1.443,0.977,0.775,0.97,0.738,0.506,0.666,1.385,1.3,1.591,0.88,1.155,0.559,0.876,0.657,0.849,0.778,1.27,0.706,1.014,1.228,,2.244,2.44,1.604,2.422,3.734,0.289,0.799,0.307,4.446,3.988,3.522,2.137,9.243,3.331,7.648,2.314,3.308,2.22,2.043,5.224,5.609,3.356,2.307,1.541,2.649,2.189,2.724,,2.773,3.087,5.547,0.902,0.827,1.244,2.076,1.183,1.225,1.304,1.457,2.426,1.948,1.391,1.968,1.468,1.38,1.519,1.158,2.593,2.168,1.305,0.91,1.586,1.595,1.739,1.052,0.936,1.3,0.771,4.678,1.832,1.822,0.873,0.772,0.909,1.174,0.84,2.691,2.144,1.781,,0.685,1.018,1.632,1.409,1.514,1.441,1.711,1.184,1.422,1.13,1.115,1.255,1.27,2.447,1.388,2.478,1.848,1.684,,1.208,1.115,1.776,0.787,0.908,1.266,1.348,0.697,0.951,0.761,0.895,0.94,,1.292,1.561,2.308,0.275,2.466,,0.032,0.215,0.806,0.698,1.144,0.576,1.121,0.947,1.024,1.879,1.387,,1.136,1.285,1.931,0.693,1.546,1.675,1.216,0.689,0.727,1.383,0.694,1.14,1.286,1.202,1.73,2.186,1.346,1.184,1.355,1.254,2.415,1.675,2.068,1.473,3.474,2.139,1.267,1.204,1.678,0.976,1.7,1.822,1.591,1.505,1.144,2.032,1.399,1.503,1.331,1.67,1.987,,1.651,1.414,1.374,1.646,1.389,1.747,1.227,2.063,1.477,1.391,0.976,1.321,3.005,1.889,1.195,1.452,1.557,1.368,1.402,0.805,1.067,0.981,1.223,,1.02,1.448,1.032,2.068,1.636,1.37,1.561,1.155,1.38,1.024,1.172,0.575,0.916,,0.669,0.802,1.574,1.439,1.449,1.263,0.449,,0.596,1.167,0.365,1.162,1.373,1.107,0.661,0.364,0.771,0.37,0.663,2.064,0.649,0.624,0.918,0.418,0.579,0.385,1.269,1.816,0.705,0.378,0.669,1.823,0.992,0.628,1.07,0.16,1.122,0.129,1.862,0.882,1.002,0.784,0.041,1.21,,0.848,,0.272,0.711,2.968,3.716,4.006,4.219,3.952,2.528,2.065,1.939,0.891,2.522,1.49,2.993,2.443,0.804,0.474,1.423,2.444,1.965,1.853,0.647,1.258,2.175,,0.291,1.096,0.487,2.362,,1.381,0.825,1.253,1.364,,1.035,2.329,1.253,1.064,0.583,0.827,0.351,0.742,1.129,2.139,,0.303,0.451,0.228,1.2,0.388,1.761,0.622,0.487,1.671,1.201,1.16,0.76,0.497,1.961,1.42,1.65,1.661,1.703,1.222,1.42,2.221,3.832,3.793,2.632,3.753,3.081,4.275,4.142,0.744,0.274,1.715,2.356,3.45,3.611,1.04,0.731,1.904,0.569
20160203,23,CO_24h,1.088,0.592,1.104,1.158,1.063,1.146,1.904,0.833,0.796,1.304,1.129,1.838,,3.225,3.357,3.33,2.633,2.9,3.717,,,3.246,1.712,2.689,1.467,2.583,,2.063,2.574,2.269,2.019,2.179,1.636,1.392,1.809,2.697,1.759,1.753,2.18,1.965,2.029,2.869,2.77,2.048,2.059,7.198,6.503,6.901,7.26,4.603,4.165,4.33,3.867,4.183,6.166,0.674,0.707,0.447,0.668,0.546,0.891,1.196,1.322,1.177,0.618,2.674,1.955,2.099,1.882,4.958,5.964,4.159,3.48,3.138,3.759,4.813,4.391,4.123,4.382,1.794,,1.71,2.793,3.219,3.836,3.238,3.326,2.915,1.599,1.99,1.023,3.364,2.05,1.697,1.435,1.491,1.104,1.665,2.032,,2.061,1.867,1.101,1.82,2.051,,1.869,1.536,1.655,1.912,1.953,1.65,1.878,1.66,1.407,1.584,0.844,1.088,1.004,1.172,0.976,1.056,0.856,1.473,1.171,0.907,0.808,1.671,0.732,2.87,,1.647,0.766,1.278,1.081,1.889,1.991,1.339,0.683,1.317,0.992,1.041,0.649,1.129,1.03,0.729,1.323,0.695,2.113,1.78,2.767,1.776,1.93,1.76,1.576,1.378,1.42,1.307,1.479,1.252,1.702,1.569,1.419,1.308,1.548,1.061,0.997,0.863,0.575,0.687,2.239,1.67,1.224,1.811,1.891,2.33,1.856,1.58,1.838,2.009,1.485,1.913,1.558,1.658,1.913,1.099,,,1.978,2.48,1.427,1.968,1.683,2.295,1.904,1.966,1.868,1.628,1.683,,1.154,1.219,1.513,1.495,1.535,2.175,1.147,1.359,1.707,1.542,2.173,1.7,1.266,1.294,1.19,1.039,2.176,2.078,2.201,2.587,0.986,0.819,0.653,1.124,1.395,1.331,1.181,1.153,1.442,1.212,1.015,1.243,0.918,0.997,1.163,,0.891,1.103,0.923,0.939,1.056,1.084,0.898,1.018,0.931,1.369,,1.336,,1.249,1.494,,1.029,0.66,1.101,1.065,0.795,0.768,1.02,0.888,0.834,1.122,0.948,1.007,0.803,0.92,0.773,1.377,1.741,1.371,1.211,,1.493,2.389,1.606,1.303,1.498,0.525,0.9,0.635,0.662,0.958,0.854,0.649,0.703,0.715,0.996,0.784,0.978,0.485,1.239,1.195,0.837,1.034,1.049,0.945,1.883,1.347,1.253,1.179,,1.301,1.819,1.132,1.428,1.328,1.546,1.888,1.624,2.068,1.337,1.901,2.063,2.137,1.629,1.492,1.696,1.532,1.625,1.941,2.15,0.968,1.294,1.556,1.442,1.37,1.244,1.838,1.514,2.11,0.757,1.016,2.139,0.951,1.497,1.338,1.302,1.754,1.242,1.632,1.318,0.687,0.882,,0.794,0.835,0.787,0.684,0.906,0.872,0.72,1.442,1.132,1.019,1.172,0.796,1.183,0.97,1.318,0.998,1.269,1.088,1.033,0.901,1.002,0.953,0.902,0.676,0.643,1.086,0.938,1.011,0.841,0.948,0.866,1.142,1.1,1.028,0.868,0.812,1.003,1.251,,0.89,0.992,1.009,0.906,0.927,1.09,1.032,0.878,1.09,0.862,1.189,1.151,1.099,,1.365,0.838,1.232,1.357,1.427,1.15,1.417,1.512,0.928,0.787,1.149,0.972,1.24,0.84,1.378,1.448,1.148,1.176,1.217,1.028,1.245,1.248,1.019,0.87,1.039,1.328,1.48,1.359,1.187,1.211,1.328,1.458,1.574,1.354,1.698,,1.942,1.249,0.543,1.254,0.695,0.65,0.753,0.991,1.352,0.81,0.853,0.919,0.61,1.116,2.002,1.391,1.529,1.779,0.856,1.576,0.712,0.345,0.406,0.365,1.603,2.902,2.242,1.732,2.176,2.571,2.303,3.92,3.967,2.537,2.065,2.25,2.328,2.333,1.308,1.524,1.434,1.904,2.071,2.321,1.474,2.046,1.081,2.912,2.34,1.852,1.933,2.579,,4.259,4.309,3.655,4.309,2.734,2.286,1.574,1.401,2.125,1.909,,1.545,1.478,1.301,1.413,1.254,0.608,0.973,1.695,1.849,1.168,2.014,2.237,1.147,2.324,2.947,1.542,0.76,0.446,0.654,0.8,1.932,2.117,1.191,1.447,2.244,1.7,2.348,2.015,1.516,2.021,1.226,1.808,3.027,2.974,2.312,0.722,0.818,0.802,0.624,2.226,2.205,3.007,2.267,2.324,2.155,3.745,,3.766,3.278,1.978,,1.984,2.781,3.272,3.105,1.471,2.158,2.653,,3.541,1.958,3.272,0.986,1.555,1.42,1.637,1.355,1.136,,0.941,1.364,2.43,2.242,,2.061,,2.216,1.293,1.321,1.192,1.974,,2.858,2.801,1.688,,0.755,1.025,1.461,1.579,1.541,1.527,,1.398,1.228,0.756,0.842,1.366,0.887,0.94,0.951,0.921,0.935,1.079,1.284,1.1,1.017,1.058,1.132,0.652,0.898,1.158,1.234,0.974,1.195,1.357,1.303,1.343,1.302,1.221,1.024,0.982,0.945,0.944,1.402,1.094,0.939,1.162,0.793,1.02,0.953,1.063,1.123,1.023,1.034,0.919,1.822,,0.929,1.221,1.788,1.503,1.627,1.53,1.471,2.787,2.587,2.263,1.69,2.19,2.945,5.596,5.642,,3.102,3.973,4.867,8.812,2.03,4.145,3.656,4.802,3.438,1.473,2.606,2.778,1.099,0.41,2.169,0.723,0.201,2.405,1.871,2.307,2.624,3.307,3.342,2.318,0.93,3.936,3.884,1.398,2.271,2.187,3.697,2.042,2.678,3.015,3.525,2.473,2.888,1.884,2.041,2.348,1.445,1.787,1.584,0.744,1.373,1.346,0.911,,0.766,0.724,1.46,0.962,0.959,1.171,2.276,2.252,1.474,2.589,1.372,0.808,0.625,0.823,1.105,0.872,1.209,1.211,1.711,0.975,2.593,1.493,1.716,2.3,2.938,1.569,0.794,0.783,1.264,1.349,0.785,1.313,0.61,2.77,2.444,3.973,3.491,2.903,2.393,2.053,4.329,7.32,3.394,4.852,4.73,2.327,1.099,1.339,1.803,2.641,3.607,2.012,2.003,2.023,1.951,2.592,1.438,2.598,3.461,3.674,1.501,1.089,1.147,0.94,1.372,1.198,1.611,2.187,1.289,1.187,0.975,1.176,1.404,0.928,0.973,1.179,1.536,0.697,1.361,1.074,1.482,1.881,1.03,0.726,1.072,1.179,1.23,1.487,1.328,1.483,1.092,1.385,1.027,1.193,1.115,1.665,1.256,1.098,1.002,0.838,2.217,1.62,1.299,1.203,1.724,1.544,1.202,1.814,1.3,1.198,2.863,2.037,1.954,1.038,0.956,0.927,0.876,0.851,1.332,1.322,1.213,1.692,1.321,1.76,1.403,1.662,,1.912,1.225,1.287,1.499,1.487,0.964,0.353,0.945,,1.044,1.072,1.195,2.052,2.775,2.376,2.72,1.322,2.381,1.66,1.199,1.715,1.451,1.585,2.051,1.259,1.328,2.932,2.231,1.573,2.674,2.077,2.077,1.415,2.593,2.605,1.887,1.025,0.208,2.01,0.562,,1.885,1.936,1.812,1.129,1.57,2.333,1.876,1.864,1.552,1.5,1.397,1.251,2.531,1.817,1.183,1.086,3.651,1.568,1.917,2.041,2.019,1.976,3.407,2.223,2.797,2.021,1.724,2.107,2.735,2.589,2.218,2.622,1.306,0.844,1.636,1.791,2.399,3.018,1.285,1.19,0.839,0.952,0.913,,1.282,1.255,1.699,1.437,0.479,0.776,1.16,1.505,1.641,1.602,1.655,1.725,1.843,1.442,1.615,0.915,0.963,,,1.033,0.93,1.043,1.039,1.33,1.161,,,1.277,1.497,1.184,1.394,0.639,1.398,1.789,1.331,1.143,0.982,1.76,0.782,0.778,0.912,2.676,1.925,2.954,3.75,1.831,2.752,1.809,1.606,2.163,1.387,1.96,2.916,,1.928,2.697,5.17,4.233,,4.769,3.968,4.288,2.552,3.484,3.46,,4.712,2.263,1.869,0.259,0.713,0.934,0.776,0.615,0.805,0.576,1.478,0.7,0.785,1.296,0.649,0.35,0.105,0.42,0.214,1.144,1.385,0.38,2.865,0.833,0.856,0.885,0.982,1.717,2.084,1.792,1.928,1.478,1.439,2.026,0.849,2.961,2.2,4.562,2.136,0.733,0.944,0.888,2.168,1.779,1.759,3.02,1.629,2.027,0.946,0.901,0.443,0.449,1.467,1.776,0.995,2.878,0.632,3.706,1.862,2.003,1.039,3.703,,1.579,1.067,0.978,0.735,,0.775,0.636,1.857,1.793,1.262,0.952,1.019,2.054,1.931,1.021,0.971,0.598,0.456,1.39,1.059,1.484,0.596,1.131,1.596,1.37,1.249,1.024,1.095,,1.318,2.602,1.282,1.705,1.064,1.45,1.112,1.078,2.059,1.524,1.052,1.523,1.305,1.377,0.802,1.034,0.835,0.655,0.147,0.492,0.199,1.625,1.57,1.64,1.503,,0.783,1.351,1.795,2.041,0.319,,1.177,0.912,0.993,1.318,0.981,1.127,0.793,0.872,0.696,0.801,0.948,,0.827,0.009,0.518,1.106,0.773,0.997,0.761,0.615,1.114,0.398,1.004,0.854,0.949,1.086,0.922,0.846,0.796,0.807,0.186,0.643,0.593,0.83,0.808,1.312,2.054,1.68,1.349,1.962,0.895,0.672,1.911,1.514,1.863,0.787,0.933,0.745,0.768,0.824,1.387,1.34,1.456,0.922,1.144,0.989,1.169,0.867,1.026,1.252,1.421,0.769,1.254,1.3,,1.833,2.255,1.604,2.311,2.844,0.288,0.876,0.381,4.173,3.411,2.342,1.723,5.636,2.714,4.142,2.143,3.045,2.114,1.959,2.355,2.153,1.733,1.506,1.487,2.313,1.363,2.164,,2.049,1.953,2.046,0.708,0.626,0.684,1.208,1.184,1.331,1.189,1.389,2.514,1.885,1.467,1.722,1.414,1.391,1.394,0.866,1.298,1.512,1.099,0.858,1.69,1.54,1.961,1.174,0.877,0.975,0.943,3.463,2.016,1.963,1.07,0.83,0.844,1.027,0.717,1.782,1.459,1.678,0.205,0.623,1.102,1.556,1.46,1.596,1.445,1.651,1.066,1.327,1.17,1.206,1.222,1.302,2.313,1.214,2.268,1.628,1.766,0.482,1.149,0.809,1.601,0.913,0.924,1.294,1.204,1.074,1.051,0.879,1.018,0.927,1.092,0.978,1.703,1.944,0.392,1.864,0.071,0.49,0.62,0.709,0.727,2.229,0.601,1.158,0.876,0.98,1.611,1.315,,1.136,1.272,1.799,0.613,1.411,1.638,1.305,0.714,0.789,1.169,1.001,1.302,1.557,1.436,1.454,1.308,1.287,1.216,1.66,1.627,2.084,2.331,1.815,1.241,2.752,1.725,1.265,1.253,1.556,1.144,1.527,1.655,1.568,1.453,1.137,1.326,1.191,1.055,1.294,1.436,1.711,,1.538,1.333,1.526,1.776,1.516,1.829,1.133,2.059,1.515,1.38,1.181,1.387,3.006,1.576,1.187,1.332,1.488,1.319,1.297,0.758,0.806,0.925,1.075,,1.324,1.795,1.565,1.801,2.219,1.243,1.468,0.833,1.257,1.001,1.283,1.013,0.938,,1.155,0.973,1.826,1.601,1.337,1.176,0.521,,0.632,1.303,0.176,1.166,1.351,1.196,0.578,0.459,0.922,0.365,0.56,1.429,0.658,0.705,0.961,0.532,0.675,0.375,1.288,1.135,0.381,0.328,0.626,1.853,0.905,0.649,0.799,0.18,0.884,0.322,1.714,0.734,1.017,0.252,0.065,1.309,,0.542,,0.266,0.754,3.189,3.073,3.237,4.142,3.965,2.336,2.643,2.456,0.609,2.196,1.259,3.199,2.239,1.059,0.696,0.96,2.012,1.869,1.869,0.85,1.429,1.975,2.664,1.435,1.034,0.681,2.63,,1.784,1.553,1.532,1.22,,1.789,2.734,1.491,1.64,1.003,0.785,0.483,0.745,1.354,1.252,0.587,1.153,1.554,1.022,1.227,0.489,1.967,1.242,1.022,1.075,1.879,1.51,1.013,0.518,2.782,2.09,1.596,2.375,1.125,0.879,1.431,2.647,2.512,2.15,2.271,3.091,3.167,2.355,2.625,0.541,0.532,0.981,1.921,3.149,2.763,1.872,0.696,2.069,1.01
