date,hour,type,1001A,1002A,1003A,1004A,1005A,1006A,1007A,1008A,1009A,1010A,1011A,1012A,1013A,1014A,1015A,1016A,1017A,1018A,1019A,1020A,1021A,1023A,1024A,1025A,1026A,1027A,1028A,1029A,1030A,1031A,1032A,1033A,1034A,1035A,1036A,1037A,1038A,1039A,1040A,1041A,1042A,1043A,1044A,1045A,1046A,1047A,1048A,1049A,1050A,1051A,1052A,1053A,1054A,1055A,1056A,1057A,1058A,1059A,1060A,1061A,1062A,1063A,1064A,1065A,1066A,1067A,1068A,1069A,1070A,1071A,1072A,1073A,1074A,1075A,1076A,1077A,1078A,1079A,1080A,1081A,1082A,1083A,1084A,1085A,1086A,1087A,1088A,1089A,1090A,1091A,1092A,1093A,1094A,1095A,1096A,1097A,1098A,1099A,1100A,1101A,1102A,1103A,1104A,1105A,1106A,1107A,1108A,1109A,1110A,1111A,1112A,1113A,1114A,1115A,1116A,1117A,1118A,1119A,1120A,1121A,1122A,1123A,1124A,1125A,1126A,1127A,1128A,1129A,1130A,1131A,1132A,1133A,1134A,1135A,1136A,1137A,1138A,1139A,1140A,1141A,1142A,1143A,1144A,1145A,1146A,1147A,1148A,1149A,1150A,1151A,1152A,1153A,1154A,1155A,1156A,1157A,1158A,1159A,1160A,1161A,1162A,1163A,1164A,1165A,1166A,1167A,1168A,1169A,1170A,1171A,1172A,1173A,1174A,1175A,1176A,1177A,1178A,1179A,1180A,1181A,1182A,1183A,1184A,1185A,1186A,1187A,1188A,1189A,1190A,1191A,1192A,1193A,1194A,1195A,1196A,1197A,1198A,1199A,1200A,1201A,1202A,1203A,1204A,1205A,1206A,1207A,1208A,1209A,1210A,1211A,1212A,1213A,1214A,1215A,1216A,1217A,1218A,1219A,1220A,1221A,1222A,1223A,1224A,1225A,1226A,1227A,1228A,1229A,1230A,1231A,1232A,1233A,1234A,1235A,1236A,1237A,1238A,1239A,1240A,1241A,1242A,1243A,1244A,1245A,1246A,1247A,1248A,1249A,1250A,1251A,1252A,1253A,1254A,1255A,1256A,1257A,1258A,1259A,1260A,1261A,1262A,1263A,1264A,1265A,1266A,1267A,1268A,1269A,1270A,1271A,1272A,1273A,1274A,1275A,1276A,1277A,1278A,1279A,1280A,1281A,1282A,1283A,1284A,1285A,1286A,1287A,1288A,1290A,1291A,1292A,1293A,1294A,1295A,1296A,1297A,1298A,1299A,1300A,1301A,1302A,1303A,1304A,1305A,1306A,1307A,1308A,1309A,1310A,1311A,1312A,1313A,1314A,1315A,1316A,1317A,1318A,1319A,1320A,1321A,1322A,1323A,1324A,1325A,1326A,1327A,1328A,1329A,1330A,1331A,1332A,1333A,1334A,1335A,1336A,1337A,1338A,1339A,1340A,1341A,1342A,1343A,1344A,1345A,1346A,1347A,1348A,1349A,1350A,1351A,1352A,1353A,1354A,1355A,1356A,1357A,1358A,1359A,1360A,1361A,1362A,1363A,1364A,1365A,1366A,1367A,1368A,1369A,1370A,1371A,1372A,1373A,1374A,1375A,1376A,1377A,1378A,1379A,1380A,1381A,1382A,1383A,1384A,1385A,1386A,1387A,1388A,1389A,1390A,1391A,1392A,1393A,1394A,1395A,1396A,1397A,1398A,1399A,1400A,1401A,1402A,1403A,1404A,1405A,1406A,1407A,1408A,1409A,1410A,1411A,1412A,1413A,1414A,1415A,1416A,1417A,1418A,1419A,1420A,1421A,1422A,1423A,1424A,1425A,1426A,1427A,1428A,1429A,1430A,1431A,1432A,1433A,1434A,1435A,1436A,1437A,1438A,1439A,1440A,1441A,1442A,1443A,1444A,1445A,1446A,1447A,1449A,1450A,1451A,1452A,1453A,1454A,1455A,1456A,1457A,1458A,1459A,1460A,1461A,1462A,1463A,1464A,1465A,1466A,1467A,1468A,1469A,1470A,1471A,1472A,1473A,1474A,1475A,1476A,1477A,1478A,1479A,1480A,1481A,1482A,1483A,1484A,1485A,1486A,1487A,1488A,1489A,1490A,1491A,1492A,1493A,1494A,1495A,1496A,1508A,1511A,1512A,1513A,1514A,1515A,1518A,1519A,1520A,1524A,1552A,1559A,1562A,1564A,1585A,1586A,1587A,1588A,1589A,1590A,1591A,1592A,1593A,1594A,1595A,1596A,1597A,1598A,1599A,1600A,1601A,1602A,1603A,1604A,1605A,1606A,1607A,1608A,1609A,1610A,1611A,1612A,1613A,1614A,1615A,1616A,1617A,1618A,1619A,1620A,1621A,1622A,1623A,1624A,1625A,1626A,1627A,1628A,1629A,1630A,1631A,1632A,1633A,1634A,1635A,1636A,1637A,1638A,1639A,1640A,1641A,1642A,1643A,1644A,1645A,1646A,1647A,1648A,1649A,1650A,1651A,1652A,1653A,1654A,1655A,1656A,1657A,1658A,1659A,1660A,1661A,1662A,1663A,1664A,1665A,1666A,1667A,1668A,1669A,1670A,1671A,1672A,1673A,1674A,1675A,1676A,1677A,1678A,1679A,1680A,1681A,1682A,1683A,1684A,1685A,1686A,1687A,1688A,1689A,1690A,1691A,1692A,1693A,1694A,1695A,1696A,1697A,1698A,1699A,1700A,1701A,1702A,1703A,1704A,1705A,1706A,1707A,1708A,1709A,1710A,1711A,1712A,1713A,1714A,1715A,1716A,1717A,1718A,1719A,1720A,1721A,1722A,1723A,1724A,1725A,1726A,1727A,1728A,1729A,1730A,1731A,1732A,1733A,1734A,1735A,1736A,1737A,1738A,1739A,1740A,1741A,1742A,1743A,1744A,1745A,1746A,1747A,1748A,1749A,1750A,1751A,1752A,1753A,1754A,1755A,1756A,1757A,1758A,1759A,1760A,1761A,1762A,1763A,1764A,1765A,1766A,1767A,1768A,1769A,1770A,1771A,1772A,1773A,1774A,1775A,1776A,1777A,1778A,1779A,1780A,1781A,1782A,1783A,1784A,1785A,1786A,1787A,1788A,1789A,1790A,1791A,1792A,1793A,1794A,1795A,1796A,1797A,1798A,1799A,1800A,1801A,1802A,1803A,1804A,1805A,1806A,1807A,1808A,1809A,1810A,1811A,1812A,1813A,1814A,1815A,1816A,1817A,1818A,1819A,1820A,1821A,1822A,1823A,1824A,1825A,1826A,1827A,1828A,1829A,1830A,1831A,1832A,1833A,1834A,1835A,1836A,1837A,1838A,1839A,1840A,1841A,1842A,1843A,1844A,1845A,1846A,1847A,1848A,1849A,1850A,1851A,1852A,1853A,1854A,1855A,1856A,1857A,1858A,1859A,1860A,1861A,1862A,1863A,1864A,1865A,1866A,1867A,1868A,1869A,1870A,1871A,1872A,1873A,1874A,1875A,1876A,1877A,1878A,1879A,1880A,1881A,1882A,1883A,1884A,1885A,1886A,1887A,1888A,1889A,1890A,1891A,1893A,1894A,1895A,1896A,1897A,1898A,1899A,1900A,1901A,1902A,1903A,1904A,1905A,1906A,1907A,1908A,1909A,1910A,1911A,1912A,1913A,1914A,1915A,1916A,1917A,1918A,1919A,1920A,1921A,1922A,1923A,1924A,1925A,1926A,1927A,1928A,1929A,1930A,1931A,1932A,1933A,1934A,1935A,1936A,1937A,1938A,1939A,1940A,1941A,1942A,1943A,1944A,1945A,1946A,1947A,1948A,1949A,1950A,1951A,1952A,1953A,1954A,1955A,1956A,1957A,1958A,1959A,1960A,1961A,1962A,1963A,1964A,1965A,1966A,1967A,1968A,1969A,1970A,1971A,1972A,1973A,1974A,1975A,1976A,1977A,1978A,1979A,1980A,1981A,1982A,1983A,1984A,1985A,1986A,1987A,1988A,1989A,1990A,1991A,1992A,1993A,1994A,1995A,1996A,1997A,1998A,1999A,2000A,2001A,2002A,2003A,2004A,2005A,2006A,2007A,2008A,2009A,2010A,2011A,2012A,2013A,2014A,2015A,2016A,2017A,2018A,2019A,2031A,2054A,2064A,2065A,2066A,2067A,2068A,2069A,2070A,2073A,2074A,2075A,2160A,2161A,2162A,2163A,2164A,2165A,2166A,2167A,2168A,2169A,2170A,2171A,2172A,2173A,2174A,2175A,2176A,2177A,2178A,2179A,2180A,2181A,2182A,2183A,2184A,2185A,2186A,2187A,2188A,2189A,2190A,2191A,2192A,2193A,2194A,2195A,2196A,2197A,2198A,2199A,2200A,2201A,2202A,2203A,2204A,2205A,2206A,2207A,2208A,2209A,2210A,2211A,2212A,2213A,2214A,2215A,2216A,2217A,2218A,2219A,2220A,2221A,2222A,2223A,2224A,2225A,2226A,2227A,2228A,2229A,2230A,2231A,2232A,2233A,2234A,2235A,2236A,2237A,2238A,2239A,2240A,2241A,2242A,2243A,2244A,2245A,2246A,2247A,2248A,2249A,2250A,2251A,2252A,2253A,2254A,2255A,2256A,2257A,2258A,2259A,2260A,2261A,2262A,2263A,2264A,2265A,2266A,2267A,2268A,2269A,2270A,2271A,2272A,2273A,2274A,2275A,2276A,2277A,2278A,2279A,2280A,2281A,2282A,2283A,2284A,2285A,2286A,2287A,2288A,2289A,2290A,2291A,2292A,2293A,2294A,2295A,2296A,2297A,2298A,2299A,2300A,2301A,2302A,2303A,2304A,2305A,2306A,2307A,2308A,2309A,2310A,2311A,2312A,2313A,2314A,2315A,2316A,2317A,2318A,2319A,2320A,2321A,2322A,2323A,2324A,2325A,2326A,2327A,2331A,2332A,2333A,2334A,2335A,2336A,2337A,2338A,2339A,2340A,2341A,2342A,2343A,2344A,2345A,2346A,2347A,2348A,2349A,2350A,2351A,2352A,2353A,2354A,2355A,2356A,2357A,2358A,2359A,2360A,2361A,2362A,2363A,2364A,2365A,2366A,2367A,2368A,2369A,2370A,2371A,2372A,2373A,2374A,2375A,2376A,2377A,2378A,2379A,2380A,2381A,2382A,2383A,2384A,2385A,2386A,2387A,2388A,2389A,2390A,2391A,2392A,2393A,2394A,2395A,2396A,2397A,2398A,2399A,2400A,2401A,2402A,2403A,2404A,2405A,2406A,2407A,2408A,2409A,2410A,2411A,2420A,2421A,2422A,2423A,2424A,2425A,2426A,2427A,2428A,2429A,2430A,2431A,2432A,2433A,2434A,2435A,2436A,2437A,2438A,2439A,2440A,2441A,2442A,2443A,2444A,2445A,2446A,2447A,2448A,2449A,2450A,2451A,2452A,2453A,2454A,2455A,2456A,2457A,2458A,2459A,2460A,2461A,2462A,2463A,2464A,2465A,2466A,2467A,2468A,2469A,2470A,2471A,2472A,2473A,2474A,2475A,2476A,2477A,2478A,2479A,2480A,2481A,2482A,2483A,2484A,2485A,2486A,2487A,2488A,2489A,2490A,2491A,2492A,2493A,2494A,2495A,2496A,2497A,2498A,2499A,2500A,2501A,2502A,2503A,2504A,2505A,2506A,2507A,2508A,2509A,2510A,2511A,2512A,2513A,2514A,2515A,2516A,2517A,2518A,2519A,2520A,2521A,2522A,2523A,2524A,2525A,2526A,2527A,2528A,2529A,2530A,2531A,2532A,2533A,2534A,2535A,2536A,2537A,2538A,2539A,2540A,2541A,2542A,2543A,2544A,2545A,2546A,2547A,2548A,2549A,2550A,2551A,2552A,2553A,2554A,2555A,2556A,2557A,2558A,2559A,2560A,2561A,2562A,2563A,2564A,2565A,2566A,2567A,2568A,2569A,2570A,2571A,2572A,2573A,2574A,2575A,2576A,2577A,2578A,2579A,2580A,2581A,2582A,2583A,2584A,2585A,2586A,2587A,2588A,2589A,2590A,2591A,2592A,2593A,2594A,2595A,2596A,2597A,2598A,2599A,2600A,2601A,2602A,2603A,2604A,2605A,2606A,2607A,2608A,2609A,2610A,2611A,2612A,2613A,2614A,2615A,2616A,2617A,2618A,2619A,2620A,2621A,2622A,2623A,2624A,2625A,2626A,2627A,2628A,2629A,2630A,2631A,2632A,2633A,2634A,2635A,2636A,2637A,2638A,2639A,2640A,2641A,2642A,2643A,2644A,2645A,2646A,2647A,2648A,2649A,2650A,2651A,2652A,2653A,2654A,2655A,2656A,2657A,2658A,2659A,2660A,2661A,2662A,2663A,2664A,2665A,2666A,2667A,2668A,2669A,2670A,2671A,2672A,2673A,2674A,2675A,2676A,2677A,2678A,2679A,2680A,2681A,2682A,2683A,2684A,2685A,2686A,2687A,2688A,2689A,2690A,2691A,2692A,2693A,2694A,2695A,2696A,2697A,2698A,2699A,2700A,2701A,2702A,2703A,2704A,2705A,2706A,2707A,2708A,2709A,2710A,2711A,2835A,2842A,2845A,2846A,2858A,2859A,2860A,2862A,2865A,2866A,2867A,2868A,2869A,2870A,2871A,2872A,2873A,2874A,2875A,2876A,2877A,2878A,2880A,2881A,2882A,2883A,2884A,2885A,2897A,2900A,2902A,2907A,2914A,2915A,2916A,2919A,2920A,2921A,2922A,2923A,2924A,2925A,2926A,2929A,2994A,2996A,2997A,3000A,3002A,3003A,3004A,3005A,3006A,3008A,3009A,3010A,3012A,3014A,3015A,3016A,3018A,3019A,3020A,3021A,3022A,3025A,3026A,3027A,3028A,3033A,3034A,3035A,3036A,3038A,3039A,3045A,3046A,3048A,3051A,3054A,3055A,3057A,3058A,3059A,3061A,3064A,3065A,3066A,3122A,3123A,3124A,3125A,3128A,3129A,3131A,3132A,3133A,3134A,3136A,3138A,3139A,3140A,3141A
20171215,0,AQI,155,99,138,137,135,166,125,150,120,109,129,150,,,120,,110,125,102,,112,103,110,,97,117,,175,,262,163,185,173,213,129,105,105,87,118,124,92,112,100,,100,223,223,243,204,229,215,207,235,185,221,39,,58,49,49,91,139,125,112,95,124,118,,124,125,149,158,153,195,201,215,189,237,238,367,,283,414,334,393,364,340,399,65,57,51,89,31,41,62,16,192,219,241,,250,246,229,264,202,,237,53,42,39,47,44,46,35,92,52,35,104,143,156,149,120,79,137,142,143,165,114,94,63,,104,85,118,113,109,98,123,93,36,32,27,26,32,34,36,27,30,37,41,32,45,40,57,55,44,55,49,38,32,44,36,38,55,47,38,40,43,31,48,32,122,,,,160,148,,139,159,170,,53,46,45,,41,68,42,46,43,35,45,83,46,,,,45,62,,54,46,48,32,45,,38,62,53,45,63,52,45,35,,39,,105,92,103,38,53,23,45,34,40,56,55,49,53,40,90,69,104,74,,85,83,64,32,43,39,43,53,44,,,45,,42,46,,36,36,39,26,26,26,,42,53,28,30,33,28,29,36,40,43,45,32,48,54,55,52,59,59,15,,19,,22,26,18,30,,45,,29,39,64,42,20,,26,206,229,228,227,234,209,251,218,84,119,108,83,104,87,112,147,102,188,195,222,198,196,215,180,188,260,58,46,54,53,67,69,53,59,57,87,57,54,64,57,52,54,50,50,54,65,53,40,,32,46,43,34,43,25,50,32,41,45,51,43,52,70,59,42,67,49,100,62,110,63,59,50,53,46,51,56,39,45,38,56,55,54,57,49,46,53,42,62,59,52,54,84,54,54,43,57,77,58,49,33,46,29,26,33,16,33,34,20,40,31,35,27,26,31,55,,67,62,67,74,53,77,,,,70,68,71,73,65,,119,114,108,123,,,105,29,46,47,52,45,98,79,50,49,56,69,39,26,48,56,61,74,104,176,67,43,76,33,218,213,224,212,210,237,222,220,259,203,230,224,219,75,87,73,85,89,97,,117,89,68,,,,129,140,123,137,53,107,79,,23,55,64,60,63,62,47,51,57,49,45,43,35,57,64,81,72,98,41,66,82,67,58,40,50,64,108,75,79,124,68,55,40,67,252,236,165,162,124,,144,22,23,22,25,,209,,122,133,143,150,203,,214,149,,147,205,234,200,261,470,149,196,222,250,108,156,149,,95,73,75,70,32,77,,155,,153,,140,112,130,147,165,159,179,104,104,89,45,51,49,218,199,199,,33,32,19,50,54,48,43,41,51,52,50,150,138,149,165,123,169,102,112,108,99,40,35,54,45,56,53,25,30,19,103,108,88,39,28,,72,64,,72,69,59,,73,72,46,42,,,213,202,229,79,,124,113,129,133,117,139,,149,152,,262,,273,274,253,240,249,266,228,245,245,109,124,139,,75,65,138,69,83,82,59,264,152,113,179,72,247,117,333,274,153,63,185,179,202,123,112,104,132,46,155,100,199,,53,195,132,114,120,179,94,108,113,138,57,117,120,169,149,65,55,80,83,60,63,63,62,65,79,55,43,54,48,63,54,50,29,216,186,,180,178,160,189,178,221,226,,232,,140,125,117,156,142,144,269,224,153,139,155,180,198,,193,179,169,155,165,156,122,124,127,103,77,68,59,110,65,,90,,,73,103,75,84,53,23,23,19,25,18,23,17,16,18,40,35,22,38,29,33,27,113,93,118,113,58,54,60,53,58,59,103,69,93,66,75,80,69,69,134,,,138,122,97,112,122,80,90,94,73,90,78,39,36,27,,45,57,53,244,235,283,204,258,279,213,226,156,135,175,163,215,251,256,265,249,262,233,226,176,206,,210,57,54,67,32,,148,38,60,67,70,34,44,65,64,67,72,83,173,166,243,192,84,75,158,120,114,114,80,113,80,88,60,110,127,123,86,93,38,51,38,90,68,,51,48,37,24,38,26,36,32,,26,31,32,54,45,47,49,43,39,43,30,45,50,54,34,27,42,47,,56,45,45,,,82,122,52,140,88,165,129,175,218,183,213,,56,55,119,70,74,75,75,110,245,216,169,,207,242,,233,239,189,196,,219,220,240,258,225,206,,,40,46,38,80,60,80,40,,49,41,47,33,,,39,21,43,36,52,78,54,205,129,112,143,142,65,183,102,221,238,182,199,195,236,139,262,153,198,211,129,114,105,170,193,148,112,74,75,134,69,46,52,50,115,118,288,51,69,65,208,42,58,44,58,48,54,65,36,58,120,39,62,52,166,135,45,30,32,23,74,70,124,35,68,69,62,62,58,50,,75,85,55,60,45,107,115,133,52,55,65,63,63,50,43,43,50,53,38,27,32,45,52,33,74,,,70,84,99,42,46,35,38,114,118,,50,69,68,63,63,20,20,19,21,20,26,22,25,20,25,18,22,19,28,25,26,30,27,32,19,18,18,15,19,12,28,43,42,40,39,36,37,42,42,40,32,43,35,42,43,35,49,39,45,35,58,48,59,64,57,54,53,52,53,43,35,40,39,24,30,36,36,49,192,153,150,,168,149,156,205,,227,208,134,,134,192,224,210,199,170,175,120,150,186,77,149,150,122,195,178,199,56,69,84,74,85,57,100,100,104,168,169,188,202,50,68,72,170,145,162,,67,65,,69,53,63,52,67,85,87,73,132,117,40,42,33,52,38,40,28,30,48,25,20,87,89,73,61,63,29,45,51,50,37,52,53,,60,45,36,35,40,52,75,22,38,38,34,36,26,38,50,30,26,22,28,13,11,13,15,20,16,9,15,23,11,13,16,29,26,28,33,20,19,27,21,40,40,22,19,58,82,67,95,94,80,69,69,105,109,112,89,62,73,83,70,115,94,83,85,62,63,80,,62,120,107,118,114,108,75,103,107,100,,93,115,,69,87,96,85,100,50,64,42,,53,20,33,69,84,88,,35,82,44,26,,,,,34,26,12,9,18,15,46,,25,38,43,51,53,32,32,30,48,38,53,32,23,28,,35,38,27,22,89,,45,40,52,61,65,44,114,33,160,178,29,25,,62,281,,21,,22,21,134,179,170,203,117,85,100,84,88,97,82,130,,,59,143,127,163,73,87,39,44,62,57,61,54,69,85,60,80,89,58,,91,97,66,,74,87,117,64,78,67,60,77,65,49,47,44,70,58,61,213,219,100,113,24,64,48,46,54,95,92,102,380,,266,89,170,130,168,149,27,20,48,63,53,34,64,22,107,33,95,105,115,179,254,185,213,348,52,52,79,51,29,63,73,193,163,175,119,36,78,81,27,103,272,201,59,51,77,73,60,132,55,48,108,169,103,130,193,52,50,113,39,115,42,58,59,168,162,104,110,43,150,64,62,74,221,,113,212,176,36,56,142,110,48,27,39,203,38,,103,30,12,113,163,113,64,107,196,38,213,48,209,49,68,53,52,115,90,54,109,62,98,109,77,98,102,218
20171215,0,PM2.5,118,74,105,104,103,126,95,115,91,82,98,115,,,91,,83,95,76,,84,77,83,,72,88,,132,,212,124,139,131,163,98,79,79,64,89,94,68,84,75,,75,173,173,193,154,179,165,157,185,139,171,25,,15,34,34,63,106,95,84,69,94,89,,94,95,114,120,117,146,151,165,142,187,188,317,,233,371,284,343,314,290,349,8,9,8,25,5,2,2,8,144,169,191,,200,196,179,214,152,,187,32,29,27,29,17,23,24,68,30,24,78,109,119,114,91,58,104,108,109,125,86,70,45,,78,63,89,85,82,73,93,69,13,20,11,15,16,19,16,16,16,10,27,22,31,28,40,39,26,39,26,20,21,18,16,22,25,20,20,28,30,17,33,22,92,,,,122,113,,106,121,129,,37,24,31,,18,49,18,21,30,16,27,61,32,,,,31,44,,38,32,32,22,24,,26,44,37,31,45,34,31,24,,26,,79,68,77,25,31,12,28,23,27,39,32,20,36,25,66,50,78,54,,63,51,43,22,21,22,30,37,23,,,20,,27,32,,24,24,27,17,9,11,,29,37,19,21,23,19,20,24,28,30,31,22,33,38,39,36,42,42,8,,13,,15,18,12,21,,31,,20,27,46,29,14,,18,156,179,178,177,184,159,201,168,53,80,81,61,78,56,84,112,76,141,146,172,148,147,165,136,141,210,41,32,38,37,48,50,37,42,40,64,40,38,46,40,36,38,35,35,38,47,36,28,,19,32,26,19,30,17,35,22,20,28,27,23,25,48,42,22,33,27,75,40,83,45,42,31,29,32,23,32,27,31,26,39,35,34,40,31,30,37,26,44,42,36,38,62,38,38,30,40,56,41,34,20,32,20,18,20,11,23,22,14,28,10,12,16,11,11,39,,48,44,48,54,30,56,,,,51,49,45,53,47,,90,86,81,93,,,79,5,32,30,36,31,73,58,35,34,29,33,15,18,19,29,29,37,78,133,41,25,46,14,168,163,174,162,160,187,172,170,209,153,180,174,169,43,64,35,52,61,72,,88,66,49,,,,98,107,93,104,37,80,58,,16,39,46,43,45,44,29,26,22,28,27,30,15,27,46,6,11,23,12,4,13,14,13,3,13,10,81,55,54,94,49,39,28,48,202,186,125,123,94,,110,15,16,15,17,,159,,92,101,109,115,153,,164,114,,112,155,184,150,211,455,114,147,172,200,81,119,114,,71,53,55,51,,56,,118,,117,,107,84,99,112,125,121,135,78,78,66,27,30,28,168,149,149,,23,22,13,33,38,33,24,24,29,23,27,115,105,114,125,93,128,76,84,81,74,28,24,34,24,21,29,17,21,13,77,81,65,27,19,,52,46,,52,50,42,,53,52,32,14,,,163,152,179,58,,94,85,98,101,88,106,,114,116,,212,,223,224,203,190,199,216,178,195,195,82,94,106,,52,44,105,50,61,60,42,214,116,85,135,44,197,88,175,224,117,34,139,135,152,93,84,78,100,32,118,75,149,,37,146,100,86,91,135,70,81,85,105,40,88,91,128,114,37,39,59,61,43,45,45,44,47,58,39,30,38,33,45,38,35,5,166,140,,136,134,122,142,134,171,176,,182,,107,95,88,119,108,110,219,174,117,106,118,136,148,,145,135,128,118,125,119,92,94,96,77,56,49,42,83,47,,67,,,53,77,55,62,33,16,16,13,17,12,16,9,11,12,28,24,15,26,20,11,3,85,69,89,85,41,38,43,37,41,42,59,35,54,34,55,59,50,50,102,,,105,92,72,84,92,59,67,70,53,67,57,27,23,13,,31,40,36,194,185,233,154,208,229,163,176,119,103,132,124,165,201,206,215,199,212,183,176,133,156,,160,35,13,7,22,,113,14,12,18,51,10,26,47,46,46,52,39,131,126,193,144,62,55,120,91,86,86,59,85,55,65,43,83,96,93,54,69,25,30,26,67,39,,23,20,23,11,14,,17,22,,15,20,17,38,28,31,34,21,27,30,21,31,35,32,20,12,29,29,,15,31,31,,,60,92,28,107,65,125,98,132,168,138,163,,35,16,90,51,54,55,48,83,195,166,128,,157,192,,183,189,142,147,,169,170,190,208,175,156,,171,15,19,15,59,43,59,28,,6,22,15,9,,,26,14,27,20,32,57,38,155,98,84,109,108,46,138,76,171,188,137,149,146,186,106,212,117,148,161,98,86,79,129,145,113,84,54,55,102,41,25,36,25,87,89,238,32,50,47,158,29,41,26,41,33,38,47,25,41,91,27,44,36,126,103,27,19,22,16,54,51,94,24,49,50,44,44,41,35,,55,63,39,43,31,80,87,101,36,39,47,45,45,35,30,30,35,37,6,10,22,31,36,23,54,,,51,62,74,26,30,24,26,86,89,,35,50,49,45,45,11,8,13,10,5,18,13,17,14,2,12,15,13,19,17,18,19,16,22,13,8,3,10,13,8,19,30,29,28,27,25,24,29,21,21,22,30,24,29,30,24,34,27,31,24,41,33,42,46,40,38,37,36,37,30,23,28,27,16,20,25,22,34,144,117,115,,127,114,119,155,,177,158,102,,102,144,174,160,149,129,132,91,115,140,,114,115,92,146,134,149,37,50,62,54,63,40,75,75,78,127,128,141,152,35,49,52,129,111,123,,48,47,,50,37,45,36,48,63,64,53,100,88,28,29,23,36,26,28,19,21,33,17,14,64,66,53,42,45,20,31,26,35,23,36,37,,43,31,25,24,27,36,43,15,26,11,21,25,13,26,35,19,18,14,19,9,,8,10,14,11,5,8,16,3,9,11,20,10,15,23,13,13,17,12,28,28,15,13,40,60,48,71,70,59,50,50,79,82,84,66,44,53,61,51,87,70,61,63,31,45,59,,33,91,80,89,86,81,55,77,80,75,,69,87,,31,60,63,58,75,35,46,16,,26,13,23,48,62,65,,24,60,20,18,,,,,11,8,7,6,7,10,32,,15,19,21,27,37,22,6,13,33,18,37,8,13,19,,24,26,18,2,66,,17,24,30,43,43,29,39,23,122,98,14,14,,36,231,,11,,2,5,102,135,129,153,88,63,75,62,65,72,60,99,,,18,109,,124,53,64,9,30,29,34,34,33,50,63,43,56,59,41,,59,66,41,,54,64,88,39,15,30,27,31,25,19,18,24,51,28,35,163,169,75,85,2,46,33,25,37,67,57,74,221,,216,41,129,99,127,114,11,3,33,45,37,22,35,15,80,23,71,79,87,135,204,139,163,298,36,36,52,26,19,45,53,145,124,132,90,25,23,23,7,77,222,151,39,30,56,53,43,100,36,33,81,128,77,99,145,31,35,85,25,87,29,41,42,127,123,78,83,30,115,46,44,54,171,,85,162,133,25,33,108,83,33,12,18,153,26,152,77,12,8,85,124,85,45,80,147,26,163,33,159,34,49,35,36,77,67,38,82,44,,82,56,73,76,168
20171215,0,PM2.5_24h,74,65,73,63,71,66,70,82,68,67,77,76,,,66,,58,57,68,,60,59,56,,64,70,,106,130,158,86,113,115,86,64,74,67,75,77,77,35,40,48,,56,110,116,116,90,108,118,113,127,105,122,63,,53,56,75,58,61,65,68,54,68,70,,73,70,70,76,79,89,92,117,90,111,115,222,,192,258,201,239,232,204,238,98,75,87,102,77,74,96,92,71,149,134,,103,117,125,130,119,,117,39,45,36,41,29,27,23,55,49,25,66,65,86,83,73,45,94,100,89,80,94,76,60,,93,85,121,111,97,104,97,113,20,24,19,21,21,30,22,16,19,18,31,28,36,36,43,45,32,41,32,32,34,35,32,36,36,31,32,29,26,25,34,24,37,,,,116,90,,74,91,94,,45,33,41,,32,45,35,38,44,35,39,40,39,,,,39,42,,39,39,40,34,32,,38,54,43,39,45,46,35,33,,25,,78,59,76,34,43,18,43,33,36,52,41,34,50,33,24,43,23,44,,58,39,38,34,26,27,33,49,48,,,31,,37,39,,29,34,32,19,15,17,,46,58,24,28,26,20,20,25,40,45,37,36,42,44,40,44,47,47,12,,17,,15,16,12,15,,24,25,16,19,36,23,17,,15,114,119,128,120,136,125,139,119,24,44,45,34,43,31,46,73,38,109,109,130,117,109,122,108,107,117,37,37,40,42,47,54,43,49,41,61,48,55,58,57,51,52,52,47,54,64,68,62,,49,56,57,46,64,58,62,55,34,34,30,25,24,47,50,19,32,29,72,44,58,64,52,39,55,58,58,65,55,54,46,82,73,58,61,76,68,76,63,64,65,60,56,84,68,64,56,49,51,80,73,63,74,20,18,18,16,28,15,21,24,11,13,13,11,15,40,,49,41,49,52,35,54,52,,,47,50,43,50,42,,82,80,78,84,,,74,33,21,21,23,26,30,31,24,22,21,25,18,18,20,23,30,33,37,55,23,22,50,16,133,132,138,135,127,150,130,138,138,124,128,147,131,50,61,38,46,55,122,,115,108,84,,,,69,71,49,56,61,64,57,,31,53,59,61,59,62,35,29,28,39,39,41,26,40,56,68,62,67,84,66,92,79,84,63,75,84,140,149,108,136,29,25,30,30,108,103,87,110,87,70,83,13,14,17,14,,98,,78,82,83,96,81,,81,94,,100,102,116,99,126,166,92,116,124,119,65,77,69,80,60,30,38,40,12,34,,70,,63,,65,74,85,82,104,102,106,49,50,48,20,20,22,82,75,83,,29,36,25,45,40,20,15,16,20,17,18,48,42,52,56,37,58,54,68,65,50,28,34,36,18,15,23,42,54,42,106,104,82,44,31,,23,22,,29,32,26,26,88,78,59,11,,,113,109,125,128,,104,92,118,111,91,90,,95,96,,118,90,129,114,118,118,117,127,98,116,123,90,90,96,,160,102,187,177,220,107,71,122,83,54,79,27,116,70,116,129,82,55,89,84,102,87,87,80,76,51,100,89,72,,30,70,62,84,65,125,51,51,60,66,37,83,74,55,80,57,48,69,66,53,44,46,47,43,57,36,31,37,31,44,34,33,6,135,114,,95,97,91,107,109,104,105,,106,,94,86,82,119,111,110,127,114,111,101,106,141,150,,140,108,109,97,105,103,89,88,98,60,51,45,46,72,44,,57,,,50,79,64,61,49,19,22,21,24,36,31,24,34,17,31,29,18,31,18,12,11,82,76,86,79,49,42,45,44,53,50,51,35,33,34,46,49,40,44,107,,,100,83,59,73,89,56,65,70,63,65,58,18,14,14,,19,25,31,138,135,137,126,134,159,136,128,125,124,115,109,141,156,156,156,147,160,142,137,104,126,117,125,44,30,25,26,,81,70,58,71,23,13,27,55,33,63,68,57,92,86,123,121,47,36,74,52,55,47,42,47,39,33,24,28,53,56,22,38,21,16,23,37,28,27,33,26,34,24,30,,42,32,,31,29,29,48,40,43,40,42,36,44,29,38,49,47,26,27,37,40,,17,41,39,,,77,96,30,95,82,92,91,114,136,111,132,,22,15,78,73,80,71,72,76,187,174,191,190,178,160,,133,155,96,90,,101,88,127,118,115,136,,133,29,36,29,54,47,48,35,,44,41,42,54,,,30,22,24,16,38,49,43,79,66,84,76,74,173,208,152,234,134,106,89,102,123,75,118,113,85,81,60,83,71,83,102,80,60,35,38,94,41,36,49,36,37,54,81,22,24,30,41,12,47,36,51,46,33,41,21,33,37,27,28,34,58,56,28,22,27,33,70,51,33,16,66,56,48,46,45,44,,54,56,54,48,47,60,66,70,38,45,44,44,42,44,44,35,45,55,6,7,17,36,38,35,57,,54,49,56,66,36,41,32,40,73,73,,44,48,44,44,40,13,16,13,16,11,16,12,14,34,3,12,12,14,22,19,21,23,22,22,17,13,14,11,13,20,19,37,36,33,34,31,23,30,26,22,22,23,24,24,25,26,31,34,38,30,31,27,29,32,35,34,30,33,33,26,28,25,26,19,20,22,20,27,92,81,80,,97,103,86,133,,148,124,97,,100,124,145,140,134,131,122,81,88,124,85,90,92,68,125,125,122,31,40,50,43,51,55,74,76,72,132,131,142,153,33,46,46,132,120,132,,42,44,,45,41,40,35,46,51,52,44,72,68,38,40,38,47,36,30,27,33,37,33,31,61,62,55,45,49,19,29,23,22,22,38,42,,40,36,36,32,29,42,36,18,19,23,23,30,34,41,48,30,27,34,34,14,5,13,16,19,12,9,11,14,11,20,26,34,13,23,29,25,7,15,14,22,26,7,7,43,68,49,71,61,56,45,46,63,68,66,71,50,58,58,57,67,73,74,72,44,54,61,,30,80,70,72,78,77,53,59,50,62,,64,75,,33,60,63,55,76,17,29,14,,36,16,18,27,31,33,28,36,43,24,24,,,,,16,30,20,23,11,11,17,,13,17,14,26,30,13,8,11,17,20,30,14,20,23,,23,20,17,11,37,,13,19,24,27,22,20,16,16,44,40,10,11,13,13,99,,8,,8,9,91,88,88,101,97,91,91,82,73,86,69,97,,,32,119,83,105,46,66,24,55,75,87,37,32,101,106,91,53,49,51,,46,67,47,,88,92,45,65,28,23,38,38,32,24,34,33,53,41,52,134,156,68,63,13,65,47,27,38,109,117,72,152,,172,61,110,101,110,103,20,28,36,52,50,40,26,14,86,55,54,52,59,115,159,92,130,203,44,39,37,36,27,48,50,93,72,110,86,17,25,16,24,69,170,74,40,36,63,42,42,68,27,58,48,145,53,70,86,31,49,71,35,28,35,45,38,92,94,28,48,39,122,46,49,45,111,,61,129,98,44,23,109,83,46,57,63,88,21,155,65,14,15,58,92,101,36,117,90,28,96,33,77,34,48,35,36,39,95,68,47,48,123,82,49,69,67,119
20171215,0,PM10,,75,,,,129,,122,91,,109,,,,140,,94,,80,,86,,,,72,,,162,,271,173,164,157,190,118,124,114,103,128,124,119,112,118,,130,222,216,221,213,199,179,199,239,208,212,39,,66,34,45,132,172,122,168,140,125,143,,130,137,146,140,151,149,,204,189,208,235,397,,353,399,318,430,345,373,435,80,64,52,127,31,41,74,16,226,227,274,,243,306,296,299,209,,229,56,38,39,47,44,46,30,113,53,29,93,117,146,125,98,84,,113,127,141,90,91,73,,80,82,130,134,89,82,,96,36,32,27,26,32,34,28,27,30,37,41,30,45,36,,,44,,49,38,32,44,36,38,59,47,38,28,34,31,39,30,97,,,,143,,,138,121,135,,,46,,,41,75,42,46,32,35,45,73,43,,,,43,57,,40,34,48,29,45,,,44,39,43,51,53,39,28,,39,,,,,38,55,17,45,34,40,62,59,49,56,40,129,84,126,93,,64,116,78,24,43,39,40,53,44,,,45,,42,46,,36,36,33,22,23,26,,,,,24,31,,,36,,,,,,,,,,,10,,,,,19,16,,,33,,,32,,,15,,,204,238,195,206,,181,256,208,117,188,124,,136,123,141,204,151,,167,,161,,166,162,,,,,,,,,,,,,,,,,,,,,,,56,37,,32,40,43,34,36,24,,,41,45,52,43,53,90,55,42,84,49,105,73,129,65,54,50,55,46,52,61,39,35,26,62,59,57,53,49,46,54,42,,50,38,44,90,50,,,51,76,,34,33,32,27,26,33,15,,34,16,31,31,35,27,26,31,59,,60,62,63,76,56,80,,,,62,65,92,71,73,,122,115,114,121,,,112,29,33,47,50,33,89,65,43,42,61,88,39,26,48,61,71,97,130,200,84,43,101,33,205,182,228,210,198,233,217,220,304,182,194,,218,100,120,96,119,127,112,,147,126,81,,,,143,170,115,,42,100,,,,,51,,,,47,51,64,49,45,32,35,64,46,112,93,145,41,82,114,83,66,40,50,78,112,60,107,126,66,45,35,61,236,231,181,188,139,,132,17,20,21,20,,,,115,114,159,,201,,196,149,,151,215,206,153,264,,133,152,212,252,144,148,177,,86,77,73,61,,100,,149,,169,,144,133,136,166,,148,143,115,117,111,45,51,49,220,217,198,,,,13,50,,44,43,41,52,54,50,,,,,109,,113,96,91,98,40,24,57,45,61,55,18,22,14,,,70,,26,,67,61,,75,77,65,,,,33,42,,,217,212,226,99,,,117,142,138,112,128,,134,149,,266,,281,252,246,265,,,267,,,132,167,164,,100,80,186,68,90,91,48,288,160,123,166,94,318,140,446,305,225,76,230,174,170,147,115,84,112,36,133,88,181,,42,183,108,111,134,,100,118,108,179,47,,130,,124,80,,,,,45,,,,81,,,,,,,,,182,170,,161,168,203,170,,182,176,,,,126,119,126,144,132,125,292,221,150,142,,142,,,,161,147,,,,127,126,110,,69,72,66,,57,,83,,,75,93,77,77,56,,,,,,,17,,13,,30,21,,,33,27,102,96,107,113,43,45,57,,,47,156,88,136,82,71,88,80,65,139,,,119,123,123,113,121,85,96,103,96,91,100,31,36,27,,35,51,55,223,220,262,198,266,235,189,204,119,,138,204,280,238,233,268,279,251,243,223,248,238,,201,64,58,83,25,,150,38,70,84,,34,44,66,,83,87,115,,131,258,174,92,92,180,133,141,152,96,111,109,93,63,,149,138,122,119,38,52,31,80,86,,51,48,37,24,38,26,36,31,,26,31,32,39,45,47,40,43,37,,21,,45,47,34,27,35,47,,62,36,38,,,75,,53,158,125,163,139,194,192,199,197,,62,59,97,,68,80,99,110,,245,135,,231,239,,229,243,181,214,,219,246,239,217,231,,,,40,46,38,78,64,97,,,49,41,47,33,,,39,21,43,36,54,57,52,165,142,,119,152,79,274,149,316,248,188,243,225,209,130,304,160,202,173,131,99,88,222,226,160,125,90,72,117,88,46,36,50,106,136,294,52,58,61,259,36,56,44,,37,57,55,26,49,,35,64,42,169,161,45,30,23,17,78,73,100,,57,,49,55,43,43,,56,,54,43,44,104,87,,44,56,50,55,48,37,32,40,,,38,27,25,,49,,,,,69,74,,42,46,31,38,113,103,,50,66,,56,,,,18,12,7,,22,23,15,,,,13,,22,23,30,27,,,18,18,,,10,,33,,32,37,31,37,34,42,40,,,,33,31,24,,34,,32,41,35,43,53,45,46,43,46,40,33,35,,38,24,30,29,36,37,209,169,159,,144,145,148,173,,182,185,157,,,182,192,200,186,,,147,166,,104,125,,,212,213,203,61,60,76,64,81,47,77,78,90,,,,,47,50,74,,,,,48,49,,52,37,,38,,84,64,66,138,111,,,24,,,34,,25,,,17,122,107,80,71,68,26,34,51,39,37,,,,,37,,26,40,54,99,,,38,34,27,26,,,30,19,22,,,8,10,10,15,13,5,15,,,,12,,26,28,,20,,27,21,,,,,65,67,56,82,76,71,68,84,114,95,105,99,67,71,75,63,,113,93,106,73,72,77,,74,124,113,97,107,90,94,109,80,90,,94,130,,88,123,141,120,124,42,61,42,,56,20,33,88,85,103,,34,,44,18,,,,,34,26,11,8,18,15,44,,25,38,43,52,38,26,32,,,38,38,32,23,28,,24,,27,22,106,,45,40,54,72,79,44,178,30,225,306,29,20,247,73,368,,12,,6,19,105,140,163,,96,88,104,93,75,78,66,138,,,68,132,203,183,95,119,39,44,73,64,72,58,69,68,64,109,128,55,,131,143,81,,97,102,118,77,106,84,69,103,80,49,47,44,90,66,71,279,258,83,120,2,69,46,46,57,140,133,154,484,,316,128,155,153,161,151,27,7,40,45,41,34,78,20,,33,74,,89,184,248,230,221,353,43,38,107,52,29,47,,159,205,190,118,28,105,112,27,135,328,212,68,51,70,73,,129,59,40,83,144,112,180,184,54,,,39,95,42,58,,128,137,84,,41,,64,61,74,209,,101,182,167,26,62,115,111,44,27,39,193,,,132,30,8,87,129,152,78,125,202,30,205,45,198,44,51,55,45,179,107,,124,67,146,116,63,,81,
20171215,0,PM10_24h,81,77,97,82,89,82,80,95,81,82,102,80,,,91,,77,70,99,,77,66,76,,80,88,,147,184,206,114,138,150,118,109,108,121,140,136,126,59,65,81,,119,134,155,160,124,139,156,153,175,163,160,119,,114,116,131,148,125,101,151,117,109,118,,106,100,100,98,109,105,120,136,140,148,132,299,,259,299,245,330,275,263,329,171,143,166,190,122,142,143,128,109,206,195,,138,191,198,181,169,,188,72,69,55,73,65,54,33,98,68,34,91,86,116,94,79,74,112,113,108,109,97,104,80,,104,110,143,157,117,109,97,131,42,38,32,31,35,39,34,28,32,37,49,45,53,46,53,58,58,51,57,50,41,42,37,38,65,65,46,33,41,41,44,37,48,,,,140,83,,124,124,124,,57,58,48,,53,69,61,64,52,54,60,56,58,,,,55,55,,56,44,54,46,49,,50,66,56,55,60,66,57,49,,59,,83,78,81,47,73,40,53,50,61,90,69,54,76,43,51,67,40,77,,91,80,56,43,60,68,63,62,74,,,44,,51,57,,50,58,55,30,31,40,,44,,31,39,38,26,23,38,31,63,22,,24,27,38,15,20,40,22,,31,,36,30,18,34,,27,,20,28,17,22,16,,22,180,179,169,156,,163,206,176,54,80,73,78,81,81,98,136,85,110,129,112,134,113,129,136,121,112,29,,43,43,,56,43,49,36,,,,,,,,,,,,86,73,,69,75,71,53,63,28,66,65,63,57,54,56,46,88,90,35,59,43,101,64,72,87,70,79,94,75,83,108,78,72,68,84,95,86,98,108,102,97,108,72,75,67,65,105,70,66,73,63,64,83,72,87,76,24,31,39,22,61,28,25,32,29,32,35,30,34,66,,65,56,68,75,65,90,78,,,62,67,59,84,73,,110,111,112,134,,,106,65,29,39,43,35,52,49,34,34,44,67,40,33,59,49,64,69,65,100,51,44,86,68,161,158,194,187,175,184,157,192,204,153,151,185,174,134,130,120,122,114,165,,142,179,137,,,,110,130,76,66,72,81,60,,44,49,62,40,42,,53,55,63,58,48,56,48,72,69,130,134,156,180,142,164,167,145,116,131,145,186,192,176,174,48,38,41,46,137,136,117,168,150,114,112,24,27,41,25,,106,,102,104,117,94,114,,117,131,,135,152,136,118,169,147,134,153,170,162,130,122,132,131,92,57,60,63,18,68,,104,,107,,125,100,115,111,124,120,134,83,73,69,37,40,36,120,133,133,,41,37,25,55,84,38,32,35,39,45,45,49,47,54,45,56,45,99,95,77,87,44,34,58,37,48,46,44,35,37,122,117,98,50,28,,42,42,,61,56,55,40,,126,88,37,,,165,155,166,176,,156,132,161,160,125,124,,116,143,,152,115,141,128,137,174,95,102,149,129,105,157,160,144,,208,172,266,253,332,152,84,144,115,77,110,59,186,103,302,178,150,95,151,126,120,129,111,90,89,58,115,78,91,,37,92,82,100,114,158,78,74,86,102,49,81,92,60,92,91,44,,60,,50,49,55,53,70,,32,,,,35,,7,141,128,,122,135,156,126,102,110,115,,113,,115,139,122,147,135,134,172,133,140,135,121,138,111,,122,144,142,98,,101,122,123,110,65,59,55,62,68,56,,64,,,58,88,79,81,76,18,26,23,24,80,33,33,60,16,34,36,29,27,22,26,24,114,103,106,112,53,52,60,47,63,73,109,71,98,75,76,75,60,64,141,,,116,116,124,113,123,82,95,112,96,92,96,29,25,24,,27,52,48,169,167,164,161,191,187,162,147,135,143,156,138,209,198,187,189,195,189,198,187,192,196,190,155,93,80,94,72,,115,110,126,129,41,38,45,77,52,120,105,122,86,107,171,162,75,67,129,86,84,85,74,68,76,53,40,42,83,81,59,64,38,40,44,64,53,46,64,59,53,44,52,40,48,49,,48,42,52,48,55,61,54,58,44,32,36,46,75,68,43,44,50,66,,61,50,52,,,108,98,52,122,104,118,132,144,151,144,167,,45,47,89,88,86,84,91,88,192,312,277,288,257,213,,204,199,127,136,,126,138,176,150,169,146,,139,64,66,61,77,83,63,47,,76,86,79,96,,,46,32,46,29,77,84,74,119,110,94,126,109,263,292,222,336,153,189,136,144,144,112,187,166,137,101,90,96,80,136,171,115,88,71,54,103,73,50,46,48,47,76,116,30,34,55,87,27,81,55,56,50,49,51,26,44,40,35,46,41,84,92,37,42,42,61,107,74,44,18,77,63,54,60,55,51,,65,66,63,56,56,76,73,77,43,49,50,49,52,40,49,42,47,63,32,21,28,42,46,45,,,66,79,81,73,53,52,44,47,87,92,,55,57,49,53,46,27,19,25,30,16,21,18,22,19,9,17,15,16,27,26,28,36,29,30,25,19,20,21,19,19,19,47,46,42,42,36,45,37,40,39,21,32,25,31,31,29,44,40,35,37,32,33,34,35,41,38,36,40,38,29,32,30,35,25,30,31,35,37,122,121,113,,120,132,120,143,,150,143,137,,109,168,174,179,174,,132,114,138,138,101,98,93,105,158,163,161,47,47,56,55,61,75,84,88,91,143,135,146,,55,52,72,,,,,56,46,,51,37,44,45,56,67,56,50,94,86,36,35,37,73,33,36,33,24,49,32,33,125,105,94,70,77,26,39,49,28,31,42,54,,42,51,61,61,47,52,74,23,34,41,37,35,43,65,102,43,34,35,44,15,19,17,18,28,21,13,20,22,15,20,28,53,31,35,35,32,12,31,22,28,31,15,10,74,71,87,96,90,69,66,94,99,88,90,90,73,77,81,70,87,114,105,105,71,97,94,,88,109,105,92,116,100,70,89,70,86,,92,110,,76,108,116,117,126,35,61,38,,52,21,26,40,45,54,44,55,58,55,28,,,,,45,41,29,32,24,19,24,,20,42,41,52,56,65,26,22,29,44,57,31,42,49,,27,40,30,26,73,,42,48,44,48,56,51,94,36,88,94,20,23,49,41,187,,35,,22,31,107,104,110,106,118,110,120,111,80,96,78,128,,,102,162,146,167,98,127,79,76,140,150,96,94,144,121,125,111,119,67,,102,124,114,,141,126,87,185,82,65,73,99,74,60,68,62,102,97,77,214,214,112,99,18,70,65,55,54,209,217,141,334,,244,204,158,138,145,129,39,55,49,61,58,55,61,33,121,54,79,74,74,175,219,120,181,244,56,51,56,71,40,58,53,113,134,164,118,20,67,53,101,117,253,104,74,55,79,61,52,109,50,76,69,175,99,124,130,53,59,85,54,43,55,70,53,121,129,38,65,56,,71,73,67,127,,92,146,127,59,48,121,107,53,101,84,114,32,109,107,29,24,82,123,174,70,161,120,37,119,49,111,47,51,51,45,113,143,90,74,74,141,110,59,69,72,120
20171215,0,SO2,9,6,18,8,16,25,16,16,9,16,22,13,,,16,,19,17,16,,32,15,18,,9,5,,21,,29,46,25,25,10,25,35,36,29,41,25,44,53,46,,36,8,19,20,20,26,39,29,33,25,26,15,,21,15,17,30,43,39,34,40,13,11,,12,34,38,38,7,13,13,26,32,26,21,122,,42,244,301,132,319,83,179,22,15,10,19,15,11,10,14,90,110,129,,71,167,157,151,172,,112,19,24,13,13,10,13,10,44,14,26,120,98,64,70,84,25,33,37,39,41,75,68,21,,125,114,83,86,138,20,69,35,12,9,8,11,11,8,10,13,10,11,12,9,5,6,5,8,7,6,12,9,6,,13,7,4,17,9,18,17,11,26,16,32,,,,18,5,,9,19,7,,6,9,9,,14,11,5,8,6,7,7,10,9,,,,15,25,,3,1,5,6,5,,6,7,5,13,8,7,5,8,,10,,1,5,4,12,11,6,7,8,8,9,7,4,14,7,15,16,12,8,,12,12,8,9,7,9,6,10,15,,,8,,7,10,,5,6,7,5,8,8,,14,11,5,5,6,4,3,5,4,3,4,3,6,2,7,3,3,1,5,,3,,7,8,2,3,,3,,2,6,9,7,5,,6,29,24,29,45,41,33,46,33,38,16,20,16,25,12,24,27,26,32,22,23,17,18,22,22,30,14,4,3,3,4,4,2,1,5,3,5,4,5,4,3,5,6,2,2,5,6,11,10,,6,5,8,4,11,15,10,8,7,5,6,6,10,8,8,6,5,8,13,15,10,18,16,11,17,9,7,11,24,21,17,12,8,9,9,20,15,11,7,5,17,15,11,13,11,9,8,10,12,10,13,16,17,10,14,13,10,11,10,9,10,4,5,5,4,6,7,,11,9,13,14,9,15,,,,12,16,8,12,20,,8,5,1,9,,,8,8,5,10,3,6,20,22,9,7,9,15,24,30,14,13,48,48,8,23,8,3,14,7,32,31,33,34,31,33,23,31,16,32,16,21,28,43,35,21,29,43,24,,26,21,18,,,,28,31,3,11,21,6,11,,9,5,7,9,8,14,6,6,7,7,4,8,7,7,6,8,7,10,9,7,11,21,19,8,8,22,32,59,17,26,41,9,21,36,118,82,75,79,68,,90,7,8,9,4,,41,,15,19,20,12,10,,12,10,,12,41,43,32,26,29,34,41,25,58,8,12,10,,26,29,36,19,52,53,,13,,8,,12,26,34,31,22,15,28,11,9,8,12,8,8,17,18,10,,9,8,7,12,6,8,10,9,12,9,18,15,10,14,16,15,18,11,18,15,19,6,5,6,11,8,10,1,4,4,15,16,16,6,6,,19,20,,28,16,18,,8,9,9,7,,,9,7,7,20,,25,20,24,26,11,20,,31,35,,59,,65,61,148,169,189,149,69,180,172,38,23,59,,42,56,80,52,39,56,21,61,35,32,34,29,91,116,91,122,131,33,55,111,118,82,155,81,38,20,52,39,36,,10,59,66,39,31,16,17,33,14,13,14,14,25,36,40,17,7,6,8,5,42,12,13,57,50,5,10,10,12,12,4,3,5,10,7,,16,11,7,8,10,12,8,,7,,12,8,11,13,9,5,8,13,13,10,12,19,15,,16,11,11,12,13,14,7,9,8,8,2,7,1,2,5,,1,,,3,7,7,6,4,3,15,12,11,5,6,5,8,3,10,71,6,15,9,2,3,2,6,8,6,15,13,10,13,15,14,111,14,24,14,14,8,12,10,14,,,17,3,5,3,3,2,16,10,6,15,7,15,6,4,,10,16,9,16,31,25,23,26,44,23,36,14,13,189,94,16,15,23,23,25,20,23,25,19,21,20,13,3,3,5,14,,24,7,14,23,2,7,8,4,6,13,11,7,17,17,16,20,25,29,19,16,32,25,34,16,23,21,19,10,17,11,14,14,8,12,13,8,22,,13,16,16,5,3,15,11,22,,3,4,8,6,6,21,5,4,11,10,16,4,7,6,9,10,7,8,,8,4,1,,,21,15,40,14,10,4,8,10,8,9,6,,15,11,38,27,15,29,12,1,96,76,77,,73,224,,257,210,61,53,,75,62,81,78,58,85,,116,3,10,4,34,34,22,5,,7,,12,17,,,13,1,44,30,11,10,9,117,114,82,110,92,29,81,31,93,83,66,90,81,218,80,291,208,47,72,66,54,35,87,70,94,51,22,20,15,20,18,19,7,25,18,61,17,14,14,31,7,22,20,11,11,8,4,3,13,20,10,12,13,31,26,8,12,11,14,61,81,60,8,4,15,16,29,14,7,,19,6,7,27,9,8,8,20,9,22,7,12,9,6,18,6,12,7,6,10,3,26,1,11,3,,,16,5,10,12,26,2,8,11,15,,22,7,23,32,17,1,4,5,5,2,10,10,13,16,2,4,8,6,10,10,8,6,5,8,8,4,5,5,4,5,7,32,13,28,20,19,12,2,6,6,2,40,36,33,47,4,4,10,2,3,12,8,16,11,20,25,26,31,37,6,7,7,7,4,19,22,24,15,5,6,8,,12,36,4,10,,16,11,14,,13,6,10,5,9,5,5,3,5,5,9,11,14,6,7,8,8,7,4,10,10,5,8,8,15,4,10,11,10,5,4,1,4,10,16,10,,7,,,2,3,2,4,1,3,5,1,11,6,6,15,13,9,7,6,2,7,15,13,6,4,5,2,5,1,9,6,6,13,3,13,2,,4,2,5,1,1,1,2,3,11,5,3,4,16,4,4,3,7,7,13,5,6,6,11,11,11,1,5,5,4,3,6,8,19,31,2,3,3,5,8,9,6,5,6,15,21,16,11,6,8,8,6,11,11,11,15,4,3,3,2,3,3,3,3,13,16,10,,21,12,12,12,9,16,16,1,12,8,,5,5,,5,6,8,5,7,9,21,8,,19,11,10,11,14,30,,23,25,32,26,,,,,2,9,8,8,1,2,6,,47,9,8,17,52,,12,7,8,5,8,16,15,13,,6,12,7,5,8,,4,7,17,10,9,11,39,9,8,10,3,6,24,10,6,,13,,5,3,8,11,12,17,23,30,33,31,11,17,2,31,,,8,12,53,32,26,13,16,7,13,21,15,9,15,21,12,26,32,7,,33,21,4,,43,10,13,19,14,21,11,10,10,7,15,4,18,16,11,25,24,22,17,4,10,5,6,11,22,20,3,37,,37,34,47,31,40,34,3,3,9,9,14,13,37,4,12,12,14,10,14,37,248,78,193,85,8,9,9,9,12,34,4,10,13,9,8,13,29,33,23,24,124,96,9,9,3,4,8,12,13,4,20,38,39,44,13,7,17,6,8,11,13,15,6,9,73,17,31,12,17,16,17,19,107,,14,9,14,6,23,12,12,8,25,9,16,11,17,28,3,3,18,17,32,16,38,33,4,53,26,10,27,41,38,38,19,32,21,35,11,15,5,3,1,4,10
20171215,0,SO2_24h,21,12,24,19,24,24,18,19,12,18,21,13,,,24,,27,32,27,,27,19,21,,18,17,,22,31,41,26,22,22,5,57,55,65,71,87,58,25,47,43,,44,13,23,25,28,45,48,34,36,29,43,35,,25,25,30,41,41,46,57,44,25,25,,26,46,42,42,9,15,17,25,29,22,23,90,,63,124,208,114,178,55,115,39,45,61,55,45,32,46,32,55,79,83,,92,133,131,102,192,,108,45,61,41,48,46,27,17,48,42,33,129,182,56,48,66,19,28,38,28,43,63,56,26,,125,125,85,98,153,21,63,52,9,6,9,10,10,9,8,7,7,9,13,10,7,6,5,9,8,5,12,9,6,8,14,8,6,17,11,15,10,11,17,16,23,,,,28,10,,13,22,12,,6,7,8,,16,10,8,11,9,9,10,11,10,,,,15,15,,3,4,6,5,7,,7,6,6,14,10,9,7,9,,8,,4,7,6,13,9,7,6,9,8,8,6,4,13,8,9,10,11,9,,9,9,6,8,9,9,7,8,14,,,7,,6,9,,19,5,5,5,8,10,,15,11,5,6,6,5,4,5,3,4,4,5,7,2,10,3,3,2,5,,4,,8,9,2,4,,3,5,3,4,8,5,4,,5,25,26,28,33,24,31,33,40,19,12,22,19,20,15,20,22,18,20,17,17,16,14,14,18,20,14,5,3,4,5,4,2,2,8,4,4,4,5,4,3,5,6,3,2,4,9,12,11,,7,7,12,7,12,16,10,12,7,5,7,7,11,8,9,5,8,9,10,9,7,18,12,9,12,8,13,16,28,22,22,20,19,18,12,21,17,15,9,9,18,19,16,15,13,11,9,9,9,13,19,19,20,10,14,13,11,12,9,10,11,4,5,4,4,6,8,,16,13,13,13,16,16,12,,,17,15,16,9,16,,14,9,5,12,,,11,10,8,12,26,8,29,25,14,10,15,22,11,13,12,15,22,21,7,10,6,3,14,5,21,30,35,30,28,26,19,48,15,28,20,24,30,40,32,36,32,30,34,,30,28,26,,,,64,40,2,8,14,8,9,,11,7,8,9,9,11,11,6,7,7,2,11,7,7,6,42,48,47,42,41,27,37,35,21,23,30,89,97,43,59,46,36,22,48,84,76,59,133,142,167,107,7,8,10,7,,22,,16,22,20,16,17,,17,20,,16,39,42,43,39,46,34,62,31,43,19,20,12,21,26,17,30,25,23,31,,19,,12,,17,18,21,16,24,21,27,11,8,6,12,8,9,24,26,21,,9,9,7,11,7,9,9,8,11,10,17,8,7,8,10,8,11,12,12,12,17,6,4,6,11,9,9,3,6,5,18,19,19,8,8,,15,15,,21,18,19,14,14,12,10,8,,,6,8,12,71,,88,72,146,121,13,14,,22,26,,84,54,81,62,72,67,75,71,44,71,73,109,34,84,,101,95,120,115,96,104,38,42,34,27,30,22,102,62,101,129,89,53,32,95,104,92,134,143,32,32,57,33,39,,12,41,63,54,29,36,17,25,18,15,16,25,24,27,37,30,8,7,9,6,13,13,13,10,21,5,10,10,12,12,10,3,5,14,10,,18,11,18,10,21,25,20,,22,,19,15,16,15,9,6,8,14,15,10,14,14,18,,15,13,12,11,12,14,5,9,8,8,3,8,2,6,6,,2,,,3,7,6,6,5,4,10,18,10,6,6,11,10,2,15,52,12,19,5,2,2,4,6,9,6,18,14,13,14,17,14,57,35,31,20,10,8,14,11,47,,,20,5,8,5,4,3,6,12,6,6,8,18,7,5,,14,21,10,21,28,26,20,33,40,33,32,14,20,48,33,19,21,21,20,22,22,23,25,19,24,20,14,49,16,17,9,,34,40,65,58,2,7,9,4,6,19,14,9,31,29,17,20,27,19,20,15,26,30,39,10,23,15,14,12,9,7,13,18,9,12,10,8,19,18,13,16,17,7,4,16,13,24,,3,6,9,6,7,14,9,5,10,10,31,4,4,7,9,10,10,10,,10,4,2,,,54,37,25,13,9,4,7,10,8,8,7,,10,9,25,30,20,15,13,6,144,120,149,147,128,135,,156,152,45,33,,58,55,80,76,67,68,,96,13,23,12,72,70,37,11,,22,38,26,42,,,28,14,58,33,15,14,13,74,105,117,113,76,84,118,74,103,60,37,36,67,269,105,214,174,57,45,58,55,40,73,77,82,50,23,17,20,21,22,34,13,8,14,25,5,14,12,18,8,25,27,32,18,15,14,9,10,16,10,11,18,20,24,11,35,43,53,88,89,45,8,6,17,17,16,16,6,,19,8,8,24,14,11,11,18,15,22,6,17,11,6,11,10,16,4,8,6,4,22,2,14,4,,9,12,8,11,6,9,2,6,13,15,,14,15,22,27,22,1,4,6,5,3,8,7,10,15,2,5,8,8,12,12,9,8,6,9,8,4,4,5,6,5,3,21,12,12,16,26,16,5,11,9,4,33,38,33,42,4,4,12,9,2,9,7,17,12,10,9,16,14,16,6,7,8,7,6,8,13,12,9,10,21,22,,23,16,6,20,,26,20,16,,22,7,10,6,11,9,6,5,6,6,10,10,13,6,7,8,7,9,5,4,7,6,8,9,24,5,11,11,10,6,5,3,5,10,12,6,,7,7,,10,2,2,3,2,4,5,2,7,4,10,16,14,8,9,7,9,15,8,13,15,5,3,1,12,2,13,8,8,17,5,5,3,,5,4,5,2,3,3,2,4,3,12,4,4,7,4,4,4,7,6,9,5,6,6,12,9,11,1,6,8,4,3,7,9,17,20,1,3,4,5,8,8,6,5,6,15,18,19,14,8,9,11,10,10,12,12,7,5,6,6,4,4,4,38,3,18,23,14,,18,26,14,13,15,26,15,4,14,6,,5,5,,8,10,7,6,9,10,17,10,,19,11,11,15,13,15,8,26,30,32,16,,,,,3,11,10,9,11,9,6,,39,11,13,22,61,5,12,8,8,5,10,16,22,13,,20,5,7,5,8,,5,9,18,15,9,11,14,9,7,8,3,6,16,9,5,,5,,5,4,9,12,9,15,23,34,33,24,11,21,23,20,,,44,11,49,30,21,20,20,14,27,33,15,13,13,40,21,43,21,6,,39,41,15,,53,24,12,42,63,21,21,17,22,13,21,12,13,12,12,23,24,16,26,6,13,8,12,14,20,22,4,23,,28,37,51,54,54,43,5,31,20,11,15,12,25,4,18,13,25,14,22,37,164,39,123,52,5,10,8,9,10,22,5,19,18,21,10,8,21,19,41,20,93,71,12,7,4,5,7,23,4,4,36,111,45,133,15,8,14,9,9,12,12,15,5,14,90,14,24,12,16,14,17,14,72,,21,18,16,8,14,15,10,5,52,28,26,8,13,22,2,5,31,21,36,19,102,25,11,31,8,15,18,35,30,41,9,30,29,32,14,27,7,2,9,5,15
20171215,0,NO2,67,57,67,63,83,66,87,84,73,72,81,79,,,49,,51,55,57,,59,70,63,,73,63,,66,,73,77,57,62,77,70,72,74,69,74,76,78,79,85,,77,61,56,56,63,77,72,65,61,73,77,26,,23,17,30,57,64,67,69,66,66,72,,61,56,65,60,44,40,39,58,58,62,58,90,,79,82,79,92,84,89,95,20,15,21,84,25,16,11,17,81,87,104,,73,112,106,101,100,,98,28,31,26,14,8,22,12,83,37,23,63,59,64,63,72,25,33,54,65,63,65,70,41,,89,84,90,84,84,29,69,65,68,47,37,52,50,68,71,43,38,35,33,31,53,35,31,39,41,29,37,59,53,71,44,62,52,69,58,57,51,59,50,60,60,,,,58,45,,45,51,53,,43,35,31,,36,59,45,35,48,37,40,48,81,,,,40,54,,23,36,30,23,19,,30,31,22,30,33,44,34,52,,48,,43,44,52,60,75,46,63,49,55,72,58,47,64,46,67,61,64,66,,50,,56,47,34,56,38,61,52,,,57,,59,51,,30,28,41,6,5,4,,54,55,37,38,38,23,33,35,42,28,26,20,30,19,43,44,41,25,29,,27,,35,40,9,25,,41,,27,32,45,52,28,,21,68,58,65,76,64,82,72,57,88,69,73,78,71,113,94,82,67,55,60,56,55,47,59,50,59,49,25,25,29,34,27,42,31,27,29,25,31,31,34,31,41,36,40,42,33,36,53,46,,49,47,56,39,41,38,48,29,16,13,24,26,10,45,33,9,39,26,48,77,74,67,67,53,40,51,47,57,54,52,46,64,55,61,68,54,54,53,50,36,47,39,33,49,27,29,29,31,55,42,41,47,39,39,46,51,29,21,46,38,51,6,3,5,6,12,25,,46,41,31,54,22,43,,,,35,47,32,50,39,,37,40,46,34,,,49,23,15,22,28,12,36,24,25,25,24,56,45,40,58,62,59,67,65,105,78,36,56,34,79,81,72,86,33,73,76,81,62,74,53,74,66,71,84,23,91,92,34,,39,17,16,,,,71,68,60,56,46,62,51,,7,42,32,34,41,42,38,39,37,38,40,12,36,33,35,9,14,7,8,8,11,31,28,13,15,28,54,70,46,65,41,20,37,48,94,93,71,78,65,,77,15,18,29,11,,67,,57,58,57,54,57,,61,18,,46,80,91,78,71,82,45,57,64,92,49,67,47,,16,64,65,59,63,54,,33,,45,,52,50,59,60,31,37,57,62,41,57,22,45,29,63,59,50,,26,31,25,24,29,32,25,17,29,26,33,34,34,36,35,32,37,37,22,22,34,39,20,37,23,23,15,29,26,20,50,45,43,37,36,,32,28,,41,34,39,,40,34,47,21,,,52,51,45,5,,16,7,14,10,34,53,,44,45,,36,,51,40,50,78,80,61,74,72,73,34,35,70,,46,59,63,58,47,61,32,77,69,51,52,53,96,61,55,56,60,52,40,74,76,75,70,70,67,26,68,47,62,,8,57,61,61,53,45,33,50,42,47,27,38,55,62,120,57,49,44,55,42,35,34,34,34,36,29,31,25,27,24,46,26,4,47,55,,52,29,49,48,49,56,54,,60,,52,55,53,49,52,59,48,48,40,47,37,43,44,,45,35,52,51,47,42,49,50,44,27,22,23,28,15,17,,44,,,32,31,28,16,11,21,39,26,34,23,24,18,24,11,33,21,23,25,20,7,10,19,35,46,42,,41,41,43,47,39,96,57,91,36,56,55,43,59,34,,,49,20,31,34,37,26,22,25,39,34,36,32,19,24,,21,37,24,64,75,71,72,43,51,55,46,40,50,64,71,89,52,66,71,68,51,64,64,65,57,63,68,7,14,5,20,,61,25,15,17,43,28,5,39,26,32,58,22,43,55,58,43,67,61,83,68,71,83,50,43,47,54,20,46,44,45,45,45,19,22,30,48,32,,49,87,50,39,24,36,24,34,,,28,28,21,37,73,34,35,37,31,42,45,58,107,17,12,45,50,,41,54,48,,,38,39,44,37,46,36,50,48,53,48,51,,43,43,56,69,44,54,54,22,62,66,48,,70,73,,65,70,52,43,,51,52,71,68,74,49,,46,8,12,6,16,26,13,14,,13,14,17,14,,,13,2,36,29,13,9,8,61,74,72,69,69,50,91,70,73,62,79,84,99,49,69,67,58,82,97,69,69,57,62,56,62,55,35,25,27,43,29,44,21,46,57,51,15,28,25,58,21,27,18,15,14,37,25,2,24,61,34,61,15,80,65,41,9,7,22,70,83,64,8,18,22,33,56,19,39,,31,19,29,36,19,49,38,58,59,56,52,47,52,58,40,31,46,39,23,19,19,29,22,23,27,,,48,36,60,30,21,17,14,33,41,,40,55,65,53,33,15,9,27,18,9,17,19,20,18,3,13,18,17,19,18,21,31,42,35,23,4,4,3,15,13,38,19,32,27,19,38,32,32,31,39,39,50,25,40,38,27,35,24,34,47,31,41,36,43,40,40,36,42,40,18,21,20,22,18,40,26,26,16,73,48,52,,41,63,48,57,,61,60,52,,56,47,40,39,45,25,50,45,52,41,51,50,35,44,59,53,45,27,37,52,34,36,23,55,51,56,43,47,59,48,32,17,16,52,56,59,,31,30,,18,38,43,41,25,23,27,28,36,33,32,31,34,30,44,34,33,33,35,30,37,29,43,32,24,26,39,31,30,31,29,40,46,,24,22,13,13,12,12,13,13,24,29,27,22,3,19,24,26,19,28,28,22,17,19,12,18,26,16,20,23,20,15,18,28,20,18,29,21,13,18,22,20,25,11,11,24,25,31,37,31,30,31,25,19,4,20,29,29,35,32,28,36,48,39,38,18,27,25,,28,45,61,48,51,49,43,18,35,43,,,40,,17,44,19,27,18,21,14,27,,20,16,36,60,76,62,,40,32,44,20,,,,,5,23,23,18,10,10,27,,17,15,30,24,27,2,24,19,19,33,21,16,10,14,,8,7,11,14,36,,21,13,39,39,24,38,4,14,57,29,16,15,87,42,35,,9,,4,7,31,52,57,40,50,43,40,44,24,25,26,40,,,8,47,64,73,24,19,4,3,27,27,37,41,19,21,14,26,58,41,,51,48,25,,29,18,20,10,12,22,9,34,29,14,23,10,44,19,24,86,80,36,73,3,25,12,5,39,64,50,37,84,,101,62,73,54,56,61,3,4,33,37,46,24,77,27,26,46,79,68,48,66,76,45,60,90,51,38,90,54,49,10,24,47,50,55,42,34,51,44,41,43,83,91,25,61,22,32,64,65,44,47,55,14,63,61,46,11,52,50,22,68,47,64,39,32,63,62,61,44,66,51,40,52,52,,54,52,60,34,29,30,33,27,12,10,58,9,47,44,37,12,74,58,40,42,30,68,13,59,18,60,33,40,37,38,44,28,14,81,39,68,22,43,45,41,49
20171215,0,NO2_24h,71,60,68,65,78,69,77,71,57,68,76,75,,,72,,68,73,71,,72,64,59,,62,66,,67,72,66,71,54,64,51,63,65,68,72,69,70,44,56,63,,56,55,52,52,57,76,71,67,63,70,79,59,,66,67,61,55,56,57,62,55,72,79,,71,64,58,60,47,44,38,52,53,59,55,79,,80,81,83,78,83,82,85,54,53,58,63,52,58,59,51,46,68,73,,61,94,80,80,79,,86,80,48,64,61,43,58,21,72,62,31,67,64,53,56,60,19,33,54,52,60,58,65,31,,76,76,79,75,73,37,56,71,46,40,47,43,41,45,41,26,37,32,42,29,47,42,35,40,41,35,41,42,52,50,40,55,39,64,48,30,32,36,39,38,47,,,,58,50,,43,55,61,,33,22,24,,43,57,40,44,50,48,49,38,51,,,,44,38,,22,27,28,24,26,,32,25,24,29,31,31,28,37,,36,,40,41,49,53,72,22,66,52,59,70,56,46,64,45,44,65,54,61,,72,54,56,51,41,60,40,53,41,,,43,,34,46,,38,26,31,11,7,9,,45,43,35,26,24,27,29,38,46,35,28,22,36,27,42,53,37,32,19,,27,,40,27,9,23,,37,44,30,34,44,49,29,,22,70,61,66,74,64,76,71,64,43,53,59,66,56,82,68,74,46,52,55,52,51,46,52,51,59,45,28,30,36,41,31,44,39,35,28,20,32,34,33,30,40,36,40,39,31,22,64,53,,56,50,64,40,51,37,53,31,35,27,38,38,27,26,48,12,25,24,37,50,57,60,63,58,45,58,60,72,61,54,46,76,63,68,70,71,74,70,67,39,47,45,51,55,30,28,31,28,37,51,41,53,44,33,43,50,27,20,38,38,46,6,6,10,10,16,32,,49,51,54,52,36,51,48,,,41,54,48,54,46,,41,41,50,40,,,47,27,17,25,30,14,28,23,26,22,26,39,37,12,35,38,41,44,41,67,46,29,48,25,67,69,67,76,53,62,64,69,55,63,62,63,57,64,54,28,60,64,53,,56,35,28,,,,54,50,47,48,28,43,38,,14,40,34,34,43,41,37,38,34,38,39,15,35,30,34,52,59,55,48,52,45,59,54,49,50,50,69,86,71,71,22,21,26,31,84,85,55,62,58,63,64,16,21,27,11,,53,,56,57,57,61,47,,49,45,,49,69,74,70,64,75,51,63,70,72,39,53,38,40,15,45,54,56,47,49,,35,,47,,47,52,54,55,42,36,52,43,37,35,20,36,26,57,44,53,,31,38,32,23,37,26,17,10,23,21,32,22,20,24,21,17,23,34,22,24,27,30,31,41,16,23,16,32,25,24,56,52,50,34,28,,23,19,,31,29,34,25,44,38,47,18,,,54,56,50,53,,47,46,63,43,36,53,,45,45,,38,35,48,19,30,73,75,62,68,71,71,47,38,83,,90,88,87,73,88,84,62,64,61,37,49,32,80,55,53,57,61,54,42,65,66,63,62,63,50,40,59,45,48,,9,41,45,48,44,44,25,40,42,40,19,28,42,46,93,70,43,39,48,34,33,27,27,29,20,31,32,22,30,20,39,27,7,50,55,,51,35,48,45,51,57,54,,62,,51,59,52,49,49,56,49,54,48,46,46,39,42,,42,33,50,43,38,43,45,42,39,27,21,24,24,15,13,,29,,,19,34,31,18,17,19,36,20,33,18,22,17,22,11,32,27,23,29,17,11,13,19,33,36,25,45,41,45,43,54,35,65,51,67,37,45,48,37,55,42,,,57,29,39,45,40,25,24,28,31,38,31,31,24,24,,27,32,22,64,64,60,59,45,52,58,45,40,49,58,52,75,57,57,64,61,50,56,58,57,55,58,56,20,23,15,39,,33,36,30,36,28,25,6,46,16,50,57,40,41,54,55,56,53,42,75,59,50,64,41,31,34,40,17,39,35,35,30,49,20,19,37,42,31,28,40,74,42,40,32,36,33,31,,,33,33,18,30,56,42,39,31,34,44,38,52,55,23,16,57,55,,38,41,40,,,62,44,39,34,43,33,47,48,49,47,50,,34,29,46,44,27,37,29,26,66,73,59,54,78,79,,73,78,42,36,,40,40,69,68,68,47,,49,18,18,14,36,49,25,32,,25,33,30,49,,,25,22,30,20,17,17,11,45,57,54,54,49,94,114,80,78,41,58,51,88,46,50,60,56,68,72,45,57,50,58,56,55,46,27,21,33,32,24,43,21,25,41,33,6,13,26,32,7,27,23,33,16,36,28,3,17,34,17,37,16,65,39,46,19,20,36,61,62,39,8,21,30,40,46,17,34,,27,29,30,32,19,42,33,42,46,41,33,32,36,35,36,24,37,32,20,17,17,26,27,28,20,,23,46,31,60,35,34,25,13,27,35,,28,34,54,43,26,22,9,17,18,9,18,19,20,18,3,17,18,20,21,21,23,35,31,34,31,7,7,6,22,22,30,23,38,32,23,36,29,31,31,27,29,34,19,40,41,28,37,35,39,49,30,36,34,43,34,31,26,34,34,14,25,22,24,20,33,21,26,29,68,51,57,,49,65,53,60,,62,59,47,,58,55,47,47,56,29,49,44,50,40,50,46,34,45,63,59,48,32,39,37,31,32,29,46,49,47,47,50,62,51,42,27,22,51,54,53,,25,22,,26,42,43,39,26,25,26,26,36,23,30,31,36,29,45,34,30,30,32,31,36,31,43,32,25,29,40,33,32,35,31,41,23,,23,34,14,16,17,17,22,21,21,33,32,23,6,22,25,24,16,26,30,26,23,43,17,18,26,11,19,22,18,15,23,28,26,23,27,18,12,21,21,14,19,10,13,26,39,44,42,29,29,29,30,25,18,28,36,24,36,33,27,34,48,52,42,18,31,32,,29,49,63,52,49,49,25,14,19,31,,29,35,,19,47,23,32,19,16,19,23,,25,16,30,28,41,36,31,35,30,44,18,,,,,6,22,30,27,20,17,27,,18,13,15,28,36,3,28,22,19,20,20,18,29,19,,9,8,15,17,26,,18,19,32,27,23,31,28,15,28,15,14,24,34,17,16,,6,,5,11,18,39,38,35,31,42,35,36,21,27,27,41,,,22,47,61,63,39,32,19,18,55,49,30,31,36,44,30,37,44,41,,43,49,44,,49,31,30,25,24,19,10,21,22,18,29,22,27,26,33,73,70,28,58,5,29,18,10,21,63,66,28,47,,65,40,62,53,55,53,13,4,37,26,32,24,46,28,37,52,65,70,69,65,81,34,59,75,36,28,67,46,39,15,20,51,43,58,46,31,30,28,35,40,70,61,28,40,14,35,42,73,36,43,66,58,41,46,37,21,53,46,23,40,46,51,23,35,70,32,53,44,58,59,56,51,43,,72,56,58,33,23,36,40,23,46,31,43,9,42,44,38,16,75,62,51,44,31,58,30,51,21,48,22,25,23,27,24,46,52,60,51,68,30,31,35,29,53
20171215,0,O3,1,3,13,5,2,3,3,5,,8,4,,,,14,,12,11,7,,4,,3,,,3,,6,,7,4,2,1,13,8,8,10,11,7,9,11,8,10,,8,2,5,2,1,14,2,10,15,12,6,45,,25,44,54,3,5,3,9,6,2,4,,6,5,4,12,5,8,9,6,3,7,2,6,,4,5,16,2,10,4,2,48,47,53,42,46,51,51,33,11,,8,,11,7,5,5,5,,7,46,44,49,60,64,59,56,5,35,60,19,14,5,4,6,41,25,14,18,16,42,24,58,,6,9,9,7,6,85,10,45,24,43,58,43,44,11,29,45,57,55,24,30,14,31,30,18,25,37,31,13,22,3,10,18,4,28,29,8,24,13,23,6,,,,,4,9,,10,6,15,,11,11,6,,29,16,18,40,23,37,31,12,9,,,,25,6,,26,24,32,34,38,,36,15,29,22,20,7,20,18,,2,,3,7,,3,9,15,2,1,2,2,2,2,3,8,2,4,4,2,,11,1,3,20,22,8,23,10,4,,,5,,7,18,,26,26,9,81,81,66,,1,1,11,22,13,13,9,16,7,15,22,33,21,27,42,14,12,27,42,,47,,51,18,46,59,,13,,25,21,9,12,21,,23,4,5,1,5,7,8,7,4,10,2,3,4,9,10,14,4,7,2,7,4,2,6,5,7,2,4,19,14,10,14,11,28,8,11,10,14,2,11,2,11,4,6,8,11,4,6,2,3,,3,2,4,15,4,5,3,17,92,92,68,60,86,16,64,82,30,58,18,28,36,30,28,2,3,,1,1,1,6,2,1,4,4,2,2,2,2,1,9,4,9,24,,16,13,17,10,4,9,10,4,16,9,5,2,16,28,7,10,5,71,78,47,57,47,47,,22,24,33,14,45,17,,,,28,18,40,12,22,,15,22,24,17,,,13,38,22,22,20,23,5,4,18,7,15,16,37,38,14,12,21,8,16,17,12,36,21,53,8,7,7,6,1,7,5,8,9,4,7,5,5,13,6,69,2,10,71,,53,87,70,,,,6,4,5,5,13,8,5,,47,8,6,9,8,6,3,5,4,2,4,39,4,8,10,45,49,48,53,45,42,42,31,49,53,36,27,24,16,14,17,33,19,13,12,13,11,16,6,,6,63,62,54,69,,5,,6,4,8,2,,,,6,,5,5,3,1,1,3,14,13,,11,10,11,6,,35,5,10,11,9,6,,20,,17,,10,15,14,18,25,23,4,5,24,14,39,31,33,3,10,8,,25,24,26,24,19,50,60,58,45,61,57,44,42,42,45,40,38,35,28,36,30,4,19,2,73,74,73,15,13,18,10,13,13,15,5,,46,50,,40,51,49,,4,7,7,19,,,8,6,5,55,,28,40,43,33,26,28,,23,15,,6,,3,4,10,11,7,10,33,11,10,2,,,,27,20,14,17,42,11,21,6,23,15,20,16,22,5,20,21,18,3,7,13,4,16,9,7,13,48,11,29,31,,77,7,10,18,5,9,7,14,15,18,24,22,5,5,5,12,11,18,10,17,20,19,26,21,39,15,16,19,20,18,3,20,92,3,4,,6,6,2,,2,5,8,,,,,,,2,5,3,4,2,14,5,17,2,1,,,36,8,6,10,12,4,6,9,8,8,21,16,19,8,,9,,,8,27,42,31,32,22,12,7,15,10,24,22,17,19,8,41,9,10,12,51,50,26,22,12,7,20,10,8,8,11,12,6,14,7,22,2,6,6,2,28,,,46,35,23,27,20,35,17,32,43,53,36,47,29,29,,26,37,38,4,6,4,4,5,3,11,4,9,11,6,4,6,12,6,8,8,9,10,8,2,3,4,2,75,69,77,62,,5,72,63,68,12,16,26,44,10,41,26,137,11,3,6,23,3,5,2,5,7,5,7,7,18,6,24,8,6,1,23,19,42,48,34,8,20,,18,14,31,26,47,,29,45,,,53,50,36,19,21,21,94,25,33,33,14,21,10,48,54,33,26,,61,,2,,,29,20,4,2,3,5,3,6,7,8,5,,26,24,22,7,18,18,12,36,9,9,8,,11,5,,5,5,14,8,,10,8,3,9,7,13,,22,62,53,68,35,24,43,32,,59,40,63,54,,,40,62,15,4,84,85,85,15,9,8,8,17,18,10,4,7,11,12,6,4,7,11,4,4,11,17,7,4,23,3,9,6,11,26,32,17,20,42,18,20,17,20,34,45,46,47,10,34,36,57,53,57,18,27,31,43,5,31,3,66,3,3,32,58,53,51,23,18,7,39,38,60,46,5,26,33,,20,24,17,21,17,7,18,9,21,8,13,23,23,7,43,24,23,33,24,29,34,44,35,71,15,,,19,22,24,32,21,36,31,29,21,,26,44,56,26,36,63,63,41,66,63,29,32,33,31,80,39,39,23,31,36,31,20,2,7,22,23,22,28,32,27,4,1,2,2,14,12,14,14,13,9,3,13,13,14,16,18,19,10,14,7,4,3,3,6,6,6,4,5,5,15,15,15,14,17,15,15,10,15,6,10,4,,7,3,3,6,,10,4,2,,,4,13,,2,5,14,10,6,14,17,21,22,16,2,2,,2,1,,3,1,44,7,6,2,4,4,4,5,12,17,27,10,11,5,,9,12,,20,8,7,5,8,14,16,13,1,7,,1,2,1,2,2,2,3,4,5,4,9,4,4,13,17,17,6,2,4,1,8,9,,9,5,28,25,25,21,20,24,14,11,14,14,14,19,13,21,24,8,7,35,35,40,29,28,10,22,15,11,16,12,23,8,23,13,12,6,16,27,19,8,6,27,26,45,39,37,31,28,20,28,30,26,31,29,29,17,17,22,14,34,19,36,20,43,30,27,,24,44,65,16,42,64,76,68,31,118,,6,2,,30,40,36,26,33,23,17,13,,36,54,49,5,4,4,,28,18,40,15,,,,,25,22,19,22,5,14,18,,31,33,21,31,38,94,92,95,25,8,31,23,66,54,,47,48,39,37,10,,63,70,14,3,18,10,47,82,8,12,55,78,11,33,10,,67,,68,66,10,5,6,6,14,30,25,32,22,19,21,5,,,73,26,3,17,73,64,80,74,83,64,39,33,77,73,52,43,17,11,,7,7,54,,92,49,82,114,73,78,55,32,38,73,69,79,35,79,53,3,3,13,3,76,31,43,55,14,31,32,42,15,,5,33,33,7,3,6,31,64,97,18,11,31,11,55,28,2,2,4,12,3,12,10,8,10,11,26,7,13,6,35,27,16,17,3,15,22,5,3,46,5,9,5,30,1,25,2,25,1,37,5,,30,9,9,24,17,,,23,,12,15,7,5,15,3,6,28,9,21,27,16,11,,8,3,9,14,56,27,20,48,52,33,4,44,3,3,21,36,,3,39,13,2,,38,1,57,1,6,6,8,5,16,61,44,8,33,2,18,3,5,7,7
20171215,0,O3_24h,24,15,24,29,16,25,16,20,17,11,24,16,,,32,,35,32,29,,38,32,52,,40,35,,25,19,13,20,15,9,35,32,36,31,31,33,37,62,43,38,,46,40,61,47,38,42,26,30,39,39,28,45,,33,44,54,23,23,29,18,24,23,20,,18,41,52,52,26,42,41,23,22,24,29,13,,15,16,32,8,15,9,11,48,47,53,42,48,51,51,33,42,31,29,,27,12,13,13,10,,78,46,44,55,63,64,59,72,66,43,76,42,35,21,49,41,87,73,63,61,58,87,70,105,,43,46,39,44,42,85,56,74,70,69,63,73,74,67,67,82,75,71,64,67,68,63,57,63,66,63,64,58,55,39,51,58,41,58,56,73,76,71,74,72,49,,,,29,43,,42,37,47,,55,56,75,,57,60,54,63,47,55,58,45,52,,,,48,61,,78,72,73,66,70,,61,58,65,59,58,60,71,75,,123,,41,45,36,43,36,67,18,44,39,36,41,19,42,44,54,37,61,54,,12,50,36,32,51,37,52,46,50,,,55,,40,41,,60,82,77,96,92,82,,40,42,31,51,50,32,36,48,40,36,44,57,41,57,69,26,47,47,85,,70,,78,62,56,79,,24,30,35,38,21,29,40,,37,6,6,2,48,7,11,9,10,54,44,32,58,46,27,50,17,57,20,25,21,21,19,24,24,20,34,25,22,18,21,20,28,14,14,28,37,10,17,10,21,11,13,14,19,12,12,17,28,,26,38,32,43,25,37,35,37,97,92,91,71,86,130,111,87,83,63,105,147,112,146,92,29,32,24,38,37,24,28,26,47,62,67,68,41,42,38,44,48,45,39,52,44,55,49,53,66,85,22,34,18,36,23,20,13,33,38,36,24,22,72,100,52,58,60,48,,29,36,33,34,50,17,20,,,44,24,40,15,36,,39,52,41,36,,,42,76,39,42,30,48,36,24,36,38,41,92,97,97,89,92,85,78,112,109,114,100,108,116,14,14,11,8,7,9,12,12,28,12,19,7,15,57,51,80,68,61,94,,58,104,70,,,,80,48,32,37,53,39,42,,56,17,10,16,16,16,9,11,11,6,8,59,9,18,18,61,69,52,58,54,45,64,62,56,64,64,31,28,16,19,56,54,52,57,45,79,42,54,20,33,20,82,81,73,87,,34,,26,29,30,19,29,,29,31,,11,21,20,15,20,23,34,29,23,32,66,136,48,17,67,59,57,41,59,47,,53,,48,,44,44,41,131,33,45,28,54,55,59,60,71,68,31,47,39,,62,44,56,57,43,91,113,110,87,97,98,97,97,93,101,99,92,86,73,81,76,65,62,48,92,92,86,40,44,39,63,66,65,50,50,,81,96,,105,115,112,103,27,31,28,67,,,28,26,22,55,,28,40,43,33,58,58,,56,50,,38,42,33,42,38,27,29,32,46,24,52,5,8,18,,27,22,21,17,42,16,26,27,38,56,39,58,31,32,27,21,33,12,32,26,30,35,26,34,71,66,55,69,72,,88,50,49,60,40,50,61,46,57,60,77,52,42,42,41,30,54,58,52,53,65,58,64,58,118,30,42,41,43,70,43,38,95,18,27,,36,16,21,17,37,32,44,,17,,13,13,18,21,24,21,17,15,19,17,22,25,20,,22,46,22,16,31,20,14,28,23,17,16,25,58,33,23,,23,,,25,29,42,39,43,51,50,46,50,22,59,33,29,39,24,41,20,14,39,58,63,44,36,34,41,20,22,14,12,12,107,86,89,94,91,14,12,20,7,53,,,46,45,41,39,45,73,51,58,70,59,66,73,47,50,,43,79,93,17,15,17,19,22,28,30,24,44,46,29,33,13,18,18,14,17,17,16,18,13,9,13,17,93,93,97,77,,70,73,89,68,57,45,37,45,59,72,84,137,83,39,18,23,50,50,36,43,44,60,65,52,57,53,60,53,41,1,66,50,57,74,55,62,58,66,47,44,62,44,57,,55,66,,,71,66,69,63,64,59,103,66,65,58,46,68,50,70,75,39,49,,92,46,53,,,42,44,11,54,48,49,47,23,28,23,16,,83,99,62,56,64,65,57,39,17,20,16,22,23,17,,21,20,46,31,,45,34,14,19,17,42,,48,90,91,93,38,31,52,32,,81,53,80,58,,,40,62,50,52,105,100,99,69,40,49,38,54,31,20,21,16,29,42,33,26,15,28,14,12,55,56,53,44,57,15,25,40,37,60,60,31,48,97,80,79,70,64,69,80,79,69,74,78,67,62,53,152,63,69,66,73,87,76,61,79,52,60,46,78,73,83,44,59,57,57,71,60,64,59,62,73,,49,41,56,52,48,58,50,62,66,63,65,54,61,57,76,79,33,78,89,51,57,66,69,83,55,,51,64,71,62,42,38,52,55,51,50,,63,64,68,54,67,81,79,85,88,79,57,58,58,61,88,58,66,67,47,52,51,45,51,69,54,33,36,33,36,38,29,27,29,30,44,20,22,24,24,19,29,35,33,29,24,34,63,25,30,20,23,21,14,19,39,40,42,39,32,26,21,22,21,25,34,28,31,39,39,38,40,,36,38,10,17,,23,17,11,,9,12,20,7,9,19,29,25,24,31,53,46,45,43,8,8,5,20,14,22,26,21,46,33,23,25,14,12,13,13,14,25,27,27,30,30,,29,32,,25,14,16,16,21,40,39,41,43,42,13,10,6,8,9,11,23,22,22,16,18,13,9,10,18,22,29,15,6,14,4,27,27,,17,25,40,36,35,32,41,34,23,17,21,20,25,32,31,57,64,42,50,45,48,52,41,47,29,44,33,30,30,39,40,35,36,20,25,24,36,38,37,28,26,53,48,56,39,37,33,61,42,52,63,29,31,32,31,41,45,46,38,54,34,45,42,55,49,41,,41,48,65,58,66,83,118,97,158,136,,30,27,,40,44,37,29,41,74,90,73,,51,81,132,74,82,82,39,41,35,53,55,,,,,47,40,55,61,5,17,38,,42,90,84,43,54,108,103,96,79,91,93,71,74,69,,65,64,62,51,89,,84,106,73,78,49,76,120,116,70,88,121,116,95,111,75,,80,,73,72,54,62,46,46,66,50,50,57,40,35,44,19,,,80,26,17,33,98,98,82,77,95,79,86,82,87,79,60,61,43,39,,46,35,82,,102,76,94,132,95,86,81,66,74,98,96,93,96,95,65,41,58,69,73,88,42,45,55,37,83,58,72,103,,70,99,82,24,20,88,88,64,97,43,39,57,78,75,59,28,31,35,25,10,23,43,40,69,59,77,60,39,52,66,62,45,51,8,34,39,75,73,77,27,100,31,44,52,46,25,80,20,84,48,23,30,50,58,66,18,29,44,66,73,62,61,69,44,38,73,30,55,29,26,27,42,43,,23,20,32,49,102,48,22,54,52,33,45,66,26,27,38,51,34,38,49,47,22,25,43,32,87,43,43,40,42,37,79,90,44,44,33,13,38,17,81,19,42
20171215,0,O3_8h,4,3,12,7,4,6,4,5,,7,6,2,,,13,,9,8,8,,6,6,13,,,6,,13,15,6,11,7,4,21,13,11,13,12,10,14,25,14,12,,12,15,13,17,14,16,5,14,18,14,7,15,,6,17,17,4,5,3,11,6,3,6,,6,11,25,24,12,12,14,7,8,10,4,6,,4,5,17,2,9,4,2,35,29,34,31,31,33,33,19,9,2,6,,11,7,3,4,5,,6,17,15,28,33,55,32,54,8,18,51,16,10,7,7,9,56,28,14,32,16,49,19,71,,6,11,9,6,9,70,12,38,36,40,48,43,43,27,44,54,47,54,15,33,18,23,23,19,23,28,31,23,19,10,8,24,11,26,31,22,35,28,25,19,19,,,,8,13,,14,11,17,,21,27,17,,19,14,17,26,20,22,21,28,18,,,,22,18,,34,41,36,32,33,,34,17,30,26,24,20,27,27,,25,,4,7,3,9,9,30,3,2,2,3,4,4,11,18,34,8,33,13,,6,10,9,21,18,7,24,27,21,,,14,,12,19,,16,41,28,79,82,67,,6,6,24,30,24,11,17,22,5,11,16,31,16,20,39,11,14,19,46,,39,,40,30,46,63,,17,,24,28,14,20,23,,30,4,4,,5,6,8,7,4,24,4,6,5,16,16,16,4,20,2,8,4,2,6,5,7,2,5,22,11,11,12,13,22,7,9,14,19,3,11,2,12,5,6,8,11,3,6,3,6,,5,6,8,15,7,10,9,20,79,66,68,56,68,41,50,73,61,58,43,57,56,47,33,3,6,1,2,3,3,8,6,8,14,15,11,6,5,8,5,13,8,11,24,11,25,24,12,22,42,12,23,5,24,15,6,7,20,33,10,14,8,68,86,45,54,51,38,,14,17,13,15,35,9,5,,,25,10,25,8,12,,24,38,31,26,,,28,44,27,18,20,28,6,4,18,13,11,49,55,77,50,49,41,28,59,51,65,57,62,86,8,8,6,6,1,6,5,8,13,5,8,5,5,18,20,63,32,30,70,,54,87,52,,,,14,12,14,11,27,28,25,,40,8,6,10,8,6,3,5,4,2,4,32,4,8,11,44,47,39,53,43,33,43,35,47,52,44,27,23,4,17,47,45,24,33,11,13,17,23,10,11,6,65,62,58,73,,7,,8,7,9,4,7,,3,10,,5,7,4,3,2,3,10,9,,10,19,34,17,,43,17,18,10,18,9,,22,,17,,18,12,18,31,19,14,5,18,23,30,38,41,44,5,11,7,,24,22,25,30,13,73,88,86,68,82,71,73,71,68,74,74,65,49,39,48,44,15,23,8,81,80,75,23,19,24,31,30,31,16,18,,66,74,,59,68,69,,7,14,8,45,,,8,16,7,28,,9,13,15,11,45,44,,38,32,,7,10,5,4,11,14,12,16,30,12,21,2,1,5,,13,14,17,8,20,9,12,7,28,23,19,31,21,5,22,17,16,2,7,12,5,20,9,10,16,48,20,24,35,,80,9,10,26,13,12,10,16,18,23,33,28,7,11,5,6,12,20,10,19,16,18,26,18,43,18,25,25,33,26,22,24,84,3,5,,8,6,2,,8,12,16,,5,,,,1,3,5,4,6,3,7,7,10,6,3,,3,43,9,11,14,14,10,14,16,6,9,23,29,20,12,,14,,,13,13,30,28,32,27,14,14,18,17,25,26,20,23,11,38,10,8,14,44,46,39,22,27,29,16,12,8,7,10,18,36,49,26,29,6,8,7,3,34,,,40,32,23,18,25,43,30,33,47,48,48,51,31,31,,26,46,60,4,5,4,4,4,3,15,8,13,21,10,7,7,13,6,8,8,9,10,8,5,4,6,6,82,77,85,57,,20,41,59,41,23,20,26,39,29,36,37,66,13,6,4,9,15,21,6,10,19,18,18,17,28,17,26,11,16,,25,16,47,58,23,10,20,18,24,19,33,26,43,,31,48,,,52,49,40,28,24,24,84,32,36,33,17,26,14,46,52,27,25,,55,,1,,,17,21,4,2,3,7,3,8,8,10,7,,40,41,21,14,27,24,24,30,10,10,7,,15,5,,6,6,15,8,,16,12,3,9,7,20,,25,66,50,74,14,8,26,20,,63,38,62,50,,,19,37,30,36,89,87,88,15,11,14,9,20,20,15,6,8,14,13,6,4,6,12,6,6,20,20,7,6,24,5,10,7,14,33,37,18,21,54,18,22,27,22,33,54,53,37,13,49,30,56,37,66,12,24,40,44,15,48,9,64,18,18,26,38,32,33,22,22,10,36,31,48,38,14,28,36,,26,19,18,24,19,16,29,22,22,10,15,21,26,14,48,28,25,49,20,32,37,48,32,55,24,,23,22,26,27,27,30,37,36,34,25,,26,37,59,28,41,59,68,58,66,68,28,34,33,36,82,37,43,24,36,36,31,16,7,6,10,24,20,28,30,26,6,1,2,2,15,13,12,10,10,7,9,21,20,17,15,25,22,12,16,11,10,8,6,8,7,6,6,6,7,20,18,18,18,22,23,20,15,14,7,16,10,,7,3,3,6,,11,5,3,,1,4,14,,3,5,14,12,8,16,26,27,26,20,2,2,,2,2,2,2,2,39,12,9,10,5,5,4,6,9,12,22,12,11,8,,10,13,,19,9,6,4,8,9,13,12,7,17,1,4,3,4,4,3,11,9,7,9,10,10,4,4,8,16,20,8,4,6,1,9,11,,12,6,30,24,21,20,21,25,18,9,17,18,14,22,20,26,30,14,13,31,32,36,30,35,19,33,22,19,22,19,20,11,18,12,12,8,24,25,19,17,16,37,32,39,26,21,24,36,22,26,32,25,21,28,23,17,10,15,11,47,15,21,14,42,29,26,,26,45,38,18,48,64,69,76,36,111,,14,5,,33,40,32,23,32,35,17,16,,38,66,56,38,38,36,,28,25,47,18,,,,,35,32,16,22,3,13,24,,28,58,62,26,31,94,88,82,40,38,53,39,67,59,,51,51,41,38,28,,72,81,34,38,29,28,93,97,31,41,84,84,43,67,45,,68,,66,65,27,19,13,12,40,29,32,44,29,20,20,6,,,78,20,5,19,71,70,73,70,84,66,63,55,70,55,42,23,12,22,,20,17,62,,94,64,76,109,84,75,63,38,46,71,68,80,61,77,50,16,8,27,20,70,37,42,38,27,49,39,52,53,,21,66,55,11,6,10,29,43,75,27,25,40,37,49,44,4,2,5,8,5,13,12,13,12,26,46,24,18,14,41,31,13,24,3,26,27,42,34,66,14,8,5,30,11,35,4,28,3,49,20,1,9,17,17,33,14,2,7,21,11,16,22,18,9,19,19,6,29,11,13,12,12,11,,10,4,10,14,71,34,15,45,46,11,6,48,6,4,29,37,,3,39,14,4,2,33,2,77,6,12,14,16,12,53,67,16,11,22,4,20,10,11,11,16
20171215,0,O3_8h_24h,14,10,14,19,11,15,9,14,10,7,15,10,,,21,,21,21,18,,21,19,35,,12,20,,14,15,9,16,10,4,31,25,26,24,23,24,26,50,30,26,,36,29,30,34,28,28,14,21,27,24,15,22,,21,26,26,12,14,16,15,17,14,12,,12,29,40,38,15,30,34,16,16,18,16,10,,11,12,26,5,12,7,9,35,29,34,31,31,33,33,19,38,17,18,,21,9,8,9,8,,18,29,21,28,33,55,37,62,44,18,68,30,24,18,28,30,77,60,46,54,33,72,47,94,,28,32,25,27,29,70,40,60,55,59,56,60,62,50,61,72,66,63,51,59,58,50,51,52,61,58,58,44,41,28,37,38,33,43,44,58,59,54,52,55,26,,,,24,25,,27,22,27,,44,50,65,,38,40,39,48,34,43,40,35,45,,,,40,55,,65,64,64,56,58,,52,52,62,54,54,51,60,59,,55,,29,35,24,25,26,62,6,27,19,17,19,12,20,36,48,26,50,27,,8,26,20,28,33,22,34,33,33,,,45,,32,32,,52,64,58,83,87,70,,33,36,31,47,47,26,26,36,33,32,41,53,36,50,60,22,43,44,83,,68,,75,57,54,72,,21,,30,29,17,24,34,,31,4,5,1,10,6,10,7,8,50,26,23,42,34,22,41,13,44,14,21,16,18,16,19,20,15,23,23,18,14,14,16,22,12,11,23,32,8,16,8,19,10,11,12,17,10,11,11,19,,16,30,24,28,18,28,26,32,82,70,74,58,68,93,82,82,80,58,82,110,85,104,69,18,22,13,22,22,18,24,24,31,43,48,48,26,28,28,29,40,37,33,41,34,44,42,37,53,72,18,29,17,32,20,16,12,27,36,31,18,19,68,88,45,54,53,38,,22,23,13,17,35,13,14,,,32,18,30,12,25,,29,45,34,30,,,31,65,32,34,26,35,31,21,29,32,33,80,82,90,76,79,72,65,98,95,103,85,80,103,11,10,9,7,5,8,9,11,22,9,15,6,10,35,31,63,55,47,78,,54,89,52,,,,48,37,26,30,36,33,33,,47,15,9,15,12,14,7,9,9,5,7,52,8,16,16,48,52,40,53,45,34,47,47,48,54,51,29,23,7,18,50,49,40,44,25,31,33,39,15,19,16,78,77,67,83,,28,,21,23,24,15,21,,22,11,,7,16,16,12,10,13,25,22,11,17,54,60,42,13,58,44,42,25,44,34,,43,,39,,32,34,30,51,24,28,20,38,44,52,52,63,54,25,35,32,,38,26,36,42,31,82,100,100,78,92,83,88,85,83,89,89,81,74,60,70,64,54,50,34,86,82,80,32,34,33,50,50,50,41,42,,76,88,,86,93,93,66,20,23,23,63,,,19,21,17,28,,9,13,15,11,54,52,,48,43,,33,39,32,36,32,22,20,26,40,21,38,3,5,10,,17,17,19,12,25,12,21,17,29,51,33,54,21,21,22,17,19,9,20,21,19,29,18,22,53,57,41,49,56,,85,37,40,46,25,27,45,38,43,48,59,44,32,31,29,17,42,43,40,43,55,54,55,51,43,26,39,37,40,42,28,35,84,15,22,,22,12,14,9,27,26,32,,14,,10,12,14,14,14,12,13,11,14,14,18,20,14,,15,45,13,13,24,18,13,23,20,14,13,23,53,27,18,,18,,,20,21,33,34,37,44,41,38,41,19,35,31,26,31,17,38,16,10,31,55,58,41,28,29,36,16,18,12,10,10,32,61,73,62,62,11,9,8,4,40,,,40,37,32,28,38,60,36,49,59,52,56,68,43,42,,39,61,73,10,11,12,12,11,10,26,19,39,40,23,28,10,16,12,11,12,14,13,13,10,7,10,12,88,87,92,69,,55,52,68,49,42,34,33,39,52,43,67,71,43,28,10,14,37,42,24,32,37,41,50,44,52,45,51,41,33,1,53,37,54,67,44,44,45,45,39,37,54,35,51,,41,55,,,61,63,62,56,49,49,92,55,46,51,40,55,40,60,69,36,30,,76,41,42,,,29,34,9,32,26,30,24,17,18,17,13,,72,77,45,40,47,45,44,33,14,15,8,14,20,12,,13,12,36,23,,33,25,9,14,12,32,,36,77,81,84,25,20,45,20,,69,42,66,50,,,26,37,38,42,98,92,92,43,29,39,27,40,26,17,11,11,20,24,23,26,10,20,8,10,39,43,31,28,44,11,19,28,26,48,51,25,41,87,60,66,64,52,58,74,77,62,65,75,49,57,38,79,51,58,62,69,64,68,51,71,40,47,34,71,64,71,36,43,51,52,64,57,59,47,55,64,,45,34,42,45,40,45,43,52,56,43,52,48,54,50,68,63,28,72,79,45,48,58,60,69,49,,45,58,66,57,32,36,46,47,45,44,,53,55,59,45,59,75,77,83,85,77,50,54,54,51,86,50,54,48,43,48,43,35,36,45,38,31,33,31,33,31,26,10,12,12,27,16,19,17,20,15,13,23,22,18,17,31,33,19,23,16,19,17,12,15,31,30,30,28,29,22,19,20,20,22,32,25,24,30,26,31,29,,19,21,7,14,,19,13,7,,6,10,18,5,7,16,25,23,21,28,41,37,37,35,6,6,4,16,12,21,22,19,42,24,17,17,11,10,10,11,11,15,22,21,21,21,,27,31,,21,10,10,10,14,31,29,28,27,34,10,8,5,7,7,9,19,16,15,14,14,11,7,8,17,18,26,13,6,11,3,17,16,,15,16,36,30,28,26,31,30,22,13,19,20,21,27,25,46,52,30,31,41,44,47,37,39,24,42,29,26,28,28,33,26,29,19,20,18,34,34,33,25,23,49,42,39,26,28,28,54,33,42,45,25,25,28,25,33,33,32,27,48,21,26,23,51,43,37,,35,45,38,52,57,74,82,85,95,121,,19,19,,36,42,32,25,34,59,52,52,,44,72,82,66,75,74,31,33,27,49,50,,,,,41,36,45,52,3,13,35,,36,79,78,40,48,94,96,85,71,86,76,56,72,67,,62,60,53,48,61,,77,91,54,58,37,56,115,108,56,75,104,98,86,103,68,,77,,68,68,48,44,39,33,54,43,45,49,34,28,39,16,,,78,22,12,29,86,84,73,70,84,66,80,74,72,66,47,49,34,28,,34,25,71,,95,66,82,124,87,80,73,58,66,85,80,86,85,85,57,30,43,58,62,83,37,42,38,30,59,41,57,64,,40,86,68,17,13,31,56,43,75,37,32,47,64,65,50,19,15,21,19,5,18,32,27,45,52,66,38,32,40,55,55,34,44,7,27,33,69,63,68,18,25,28,37,46,38,18,70,12,76,24,11,9,36,40,56,15,19,30,57,38,51,48,56,22,30,41,18,49,22,19,17,27,38,,14,14,24,41,90,35,16,48,46,20,32,60,18,19,30,45,15,19,42,35,15,18,33,24,85,36,30,29,31,25,74,74,23,29,23,9,25,14,54,17,32
20171215,0,CO,1.6,1.3,2,1.7,2.1,1.3,2.2,2.7,2.2,1.9,2,1.9,,,1.4,,0.7,1.1,1,,1.7,1.4,1.2,,1.3,1.2,,1.5,,2.6,2,1.6,1.3,1.7,1.8,2.5,1.5,1.6,1.9,1.6,3.8,3.4,2.9,,3,1.7,2.1,1.8,1.9,2.4,2,2.3,2.7,2.5,2.3,0.5,,0.5,0.7,1,2.1,3.2,2.4,3,2.3,1.3,1.4,,0.7,1.4,1.3,1.2,1.6,1.6,1.5,2.2,2.1,2,2,3.1,,3.5,3.5,3.1,3.3,3.2,3.1,3.5,0.1,0.5,0.5,0.6,0.6,0.5,0.3,0.9,3.2,4.6,4.4,,3.3,5,4.8,4.8,4.4,,3.4,0.8,0.7,0.8,0.8,0.8,0.5,0.8,1.8,0.9,0.7,1.4,1.6,1.7,1.3,1.1,1.3,2.2,1.6,1.6,1.6,1,1.3,1.4,,0.5,1.2,0.7,1.3,1,1,1.3,1.2,0.4,0.8,0.7,0.5,0.8,0.9,0.8,0.5,0.6,0.4,0.3,0.6,0.2,0.5,0.6,0.8,0.6,0.1,0.5,0.8,0.9,1.1,0.6,0.7,0.6,0.4,0.8,0.8,0.6,0.8,0.8,0.7,1.5,,,,1,0.9,,1,0.6,0.8,,0.6,0.3,0.4,,0.6,1.2,0.9,0.7,0.9,0.7,0.9,1,1.2,,,,0.9,0.8,,0.2,0.5,0.6,0.8,0.5,,0.6,0.6,0.8,0.5,0.4,0.6,0.9,0.5,,0.7,,1.4,1.1,1,1.1,0.9,0.7,0.7,1.5,1.1,1,0.9,0.6,0.6,0.5,1.2,0.7,0.8,0.9,,0.6,0.9,0.9,0.4,0.4,0.4,0.7,0.6,1,,,0.7,,0.8,0.6,,0.7,0.8,0.8,0.6,0.6,0.6,,0.8,0.8,0.6,0.6,0.8,0.7,0.8,0.8,0.7,0.6,1,0.6,0.6,0.6,0.5,0.6,0.5,0.6,0.7,,0.7,,0.6,0.4,0.3,0.5,,0.7,,0.7,1,0.8,1,0.8,,1.3,2,2.3,2.2,2.2,2.1,1.9,2.2,1.8,2,1.2,0.9,0.8,1,0.8,1,1.1,1.4,1.4,1.3,1.7,1.8,1.8,1.3,1.7,1.2,1.7,0.6,0.7,0.9,0.7,0.6,0.8,0.7,0.7,1,1,0.8,0.9,0.9,0.9,1.1,1,1.1,1.1,1.1,0.7,1.5,1.3,,0.8,1,1.1,0.8,1.1,0.9,1,0.9,0.5,0.6,0.7,0.6,0.6,0.7,0.6,0.6,0.8,0.6,0.8,1,1.3,1.1,1.2,1,1.4,1.1,1.4,1.1,1.1,1.2,1.1,1.5,1.4,1.2,1.3,1.2,1.2,1,1.1,1,1.1,1.1,1.2,1.4,1.3,1.1,1.2,1.3,1.1,1.2,1.4,1.3,0.7,0.9,1.4,1.4,1.4,1.2,0.8,1.1,1.5,0.4,0.4,0.3,0.4,0.5,0.6,,0.9,0.6,0.7,1,0.7,0.7,,,,0.7,0.9,0.5,0.9,0.8,,0.8,0.6,0.7,0.7,,,0.8,0.7,0.8,0.7,0.9,0.8,0.6,0.9,0.8,0.8,0.9,1.1,0.8,1.5,1.3,0.7,1.2,1.2,1.9,5.4,1.5,1,0.9,0.5,2,2.6,2.4,1.5,2,2.2,1.9,2,2,1.9,1.8,2.4,1.8,1.5,1.5,2,1,1.8,1,,0.9,1.1,0.4,,,,1.7,1.8,1.3,1.4,1.2,1.4,1.2,,1.2,0.8,0.8,0.8,0.9,0.9,0.8,0.7,0.8,0.9,0.9,0.7,0.6,0.9,1.5,0.3,0.6,0.5,0.3,0.4,0.3,0.6,0.6,0.4,0.5,0.3,,0.2,0.9,0.6,1.8,1,1,1.6,5.2,4.9,3.5,3.2,2.7,,3.2,0.5,0.6,0.4,0.6,,2.5,,1.3,1,1.3,1.4,2.2,,2.2,1.3,,1,2.3,2,2.2,3.6,3.3,1.7,2.5,4.8,,1.1,1.2,1,,0.7,1,1.4,0.9,1.7,1.6,,1.1,,1.5,,1.2,0.9,1.3,1.1,1.5,1.1,1.3,1,1,0.9,0.6,0.6,0.5,1.7,1.3,1.2,,1,0.9,1,1.1,1.3,1.1,0.8,0.7,0.8,0.6,0.7,1.1,1,1,1,0.8,1.2,0.8,1.4,1.2,0.9,0.8,0.9,0.8,0.9,0.9,0.6,1.2,0.9,1.1,1,1,1.2,1.2,1.2,,0.8,0.8,,0.8,0.8,1,,0.9,0.9,0.7,1,,,3.1,2.5,2.9,1,,0.3,1.5,0.9,1.7,2,2,,2.1,2.4,,4.3,,3.4,3.6,3.5,2.2,1.5,2,4.3,2.3,2,0.8,0.7,1.5,,1.6,1.8,2.8,1.9,1.8,1.4,1.2,2.5,1.6,1.4,1.8,1.3,3.2,4.7,6.7,5.4,3.4,1.7,3.8,2.2,3,1.9,1.7,1.9,1.7,0.9,2.6,1.8,2.3,,0.8,1.5,1.7,2.2,1.7,2.1,1.7,1.7,1.9,2.4,0.9,1.3,1.3,1.6,1,1.2,0.5,0.6,0.4,0.6,0.5,0.5,0.8,2.3,0.7,0.7,,0.7,1.2,1,0.6,0.6,0.2,1.8,1.4,,1.7,1.8,1.9,1.8,1.7,1.9,2.1,,2.3,,1.6,1.6,1.4,1.7,1.9,1.4,2.7,1.7,1.1,1.4,1.3,1.7,1.8,,1.5,1.5,1.1,1.5,1.6,1.1,1.2,1.4,1.4,1.3,1,0.9,1.1,1,0.9,,1,,,1.5,1.5,1.4,1.1,0.8,0.9,1,1,1,0.8,0.7,1.3,1.1,1,1.1,1.6,1.3,1.2,1.3,0.5,0.5,0.8,0.7,1,1,,1,1.1,0.9,1.2,1,6.8,1.7,2.9,1.3,0.8,0.8,0.7,0.5,0.9,,,0.7,0.8,0.5,0.8,0.7,0.9,0.9,0.8,0.7,0.8,0.8,1.1,0.6,0.9,,0.9,1,1.1,1.9,1.9,1.5,1.8,2.4,2.7,1.8,2.5,2.2,2.3,3.5,3.6,1.7,2.4,1.9,2.5,1.8,1.9,1.9,2.2,1.8,1.3,1.3,1.5,0.4,0.4,0.3,0.4,,1.3,0.2,0.3,0.4,1.6,0.7,0.5,0.8,1.4,2.5,3,1.2,1.1,1.6,2.1,1.4,1.5,1.2,1.3,1.2,1.9,1.6,1.4,0.8,1.4,1.3,1.4,2.3,3.2,2.2,1.1,1,0.9,2,0.7,1.8,1.5,,0.8,0.9,0.9,0.4,0.3,0.5,0.7,0.3,,0.2,0.2,0.8,0.7,0.5,0.2,0.6,0.5,0.7,1,1.1,1.1,0.5,0.5,0.3,0.3,0.4,0.4,,0.8,0.5,0.6,,,1.2,1.3,0.7,1.5,2.1,1.6,1.5,1.5,1.7,1.5,1.3,,0.7,0.5,1.6,1.4,1.5,1.9,1.1,0.9,2.1,1.9,2.1,,1.6,3.1,,2.7,2.8,2.1,2.3,,2.1,2.3,2.4,3.1,2.6,2.1,,2.1,0.6,0.4,1,0.7,1.8,0.8,0.2,,0.4,0.3,0.4,0.3,,,0.5,0.2,1.2,0.5,0.6,0.5,0.3,2,1.4,1.2,1.5,1.9,1.5,3.1,1.9,4.1,2.9,2.1,2.4,2.1,2.7,1.8,4.2,2.6,1.5,1.8,2.4,2.5,1.9,3.3,3.2,1.8,1.8,1,1.2,1.3,1,0.9,1,1,1.6,1.7,4.4,1.6,1.8,0.9,5,0.1,1.7,0.5,0.4,0.5,0.6,0.5,0.1,1.2,1.4,0.8,1.2,0.2,3.7,1.5,0.6,0.7,0.8,0.7,1.6,1.2,1.4,0.8,0.4,0.6,0.5,0.5,0.5,0.4,,0.5,0.3,0.4,0.5,0.5,0.9,0.8,1.1,0.6,0.6,0.7,1.2,0.6,0.7,0.6,0.8,0.6,0.7,0.6,0.6,0.5,0.4,0.3,0.4,0.7,,,0.7,0.8,0.8,0.5,0.5,0.6,0.6,1.1,0.7,,0.8,0.8,0.6,0.6,0.6,0.7,0.5,0.5,0.5,0.5,0.5,0.6,0.6,0.5,0.4,0.4,0.6,0.4,0.5,0.3,0.6,0.6,0.6,1,0.5,0.2,0.5,0.5,0.5,0.4,1.2,1.8,1.2,1.6,1.2,0.6,0.2,0.3,0.5,,0.4,0.5,0.7,0.6,0.8,1.5,1.5,1.5,1.2,1.7,0.7,0.6,0.8,0.8,1.3,0.7,0.9,0.8,0.7,0.6,0.4,0.5,0.7,0.3,1.2,1,0.8,1.7,2.5,2.1,1.9,,1.8,1.5,1.7,1.7,,1.8,1.8,1.9,,1.8,1.3,1.4,1.3,1.6,1.8,1.4,1.6,1.6,1.7,1.2,1.2,1,1.1,1.3,1.1,1.2,0.7,0.7,1.3,0.8,1,1,1.3,1.4,1.4,2.3,1.5,1.3,1.3,0.8,0.9,0.6,1.8,1.3,1.3,,1.1,1.2,,0.1,0.7,1.2,1.3,1.1,1.2,1.2,1.1,1.6,1.2,0.7,1.2,1.3,0.8,1.1,1.4,1.1,1.1,0.9,0.9,1,1.4,1.8,1.5,1.6,1.3,1,1.1,1.3,1,1.5,0.7,0.7,,,0.8,1.1,1.5,0.9,0.6,0.5,0.5,1.2,1.2,1.7,1.7,,,,1.2,0.8,1.1,0.9,1,0.8,1,1.1,0.7,1.1,0.9,0.8,1.1,1.1,1.1,1.1,1.3,1.1,1.2,0.9,1,1,0.9,1,1.3,1.2,1.2,0.9,0.7,0.8,0.8,0.9,0.7,0.7,0.9,0.7,0.7,0.7,0.4,0.3,0.8,0.8,0.8,0.9,0.4,0.3,0.3,,0.9,0.9,0.9,,0.8,0.8,0.9,1.1,0.8,1,0.8,0.6,0.9,0.7,,0.7,1,,0.8,0.7,0.8,0.5,0.7,0.6,1,0.6,,0.6,0.7,0.8,1.7,1.9,2.2,,1.3,1.1,1.4,0.8,,,,,1.5,1.3,1.1,0.9,0.9,1.3,1,,1,0.9,0.9,1.1,0.8,1,0.9,0.8,0.5,0.6,0.8,1.4,0.7,0.7,,0.4,0.5,1,1,1.2,,0.7,0.9,0.8,1.2,0.8,1.1,1.7,1.1,4.1,4.9,0.9,1,4.2,1.4,4.9,,0.5,,0.3,0.2,1.1,1.6,1.7,1.9,1.5,1.5,1.5,1.5,0.8,0.9,0.7,0.9,,,0.5,1.6,1.9,2.5,0.6,1.1,0.3,,0.3,0.4,0.9,0.6,0.8,0.9,0.7,0.8,0.7,1,,3.8,2.6,0.7,,0.6,1.4,1.7,0.7,0.8,0.9,0.2,0.3,0.4,0.5,0.8,0.4,0.9,1,0.5,4.5,4.3,3.4,4,0.5,3.7,0.6,0.6,2.2,2.4,1.2,2.3,4.7,,5.3,4.2,2.4,2.1,2.2,1.9,0.1,0.2,0.7,0.9,1,0.9,2.9,0.6,1.8,1.2,1.4,1.5,1.1,2,2.6,0.9,2.3,3.2,0.4,0.3,0.9,0.5,0.8,0.5,0.7,1.2,1.1,1.5,0.7,0.8,5.3,1.2,1.2,1.4,4.8,3.2,0.7,0.8,0.6,1,0.7,1.4,0.6,0.6,1.9,0.9,1.6,3.7,2.4,0.9,0.7,0.9,0.6,1.8,0.9,1.3,0.4,1.2,1.2,1.1,1.7,1.1,1.4,0.8,0.7,1.1,3.1,,1.1,1.9,1.5,1.2,0.8,0.7,0.8,1.7,0.4,0.5,1.3,0.5,1.6,1.5,0.8,0.6,1.1,1.7,0.6,1.8,1.3,2.2,0.5,2.1,0.6,2.2,1,1,0.8,0.9,2.6,1.3,0.4,2.9,0.9,1.7,0.6,1.5,1.2,1.2,1.9
20171215,0,CO_24h,1.7,1.8,1.9,2.1,2.1,1.5,1.8,1.8,1.6,1.6,1.9,1.7,,,2.2,,1.6,2,2.2,,2.4,1.2,1.6,,1.4,1.9,,1.6,1.9,2.4,1.6,1.3,1.4,1.2,3.2,3.8,3.1,3.1,3.6,3,1.4,1.6,2,,2,1.3,1.7,1.3,1.6,2.3,2.3,2.3,2.6,2.6,2.3,1.4,,1.2,1.5,1.9,1.8,2,1.7,2.8,1.7,1.9,1.8,,1.6,1.8,1.3,1.4,1.7,1.6,1.3,1.7,1.7,1.5,1.7,2.7,,2.7,2.6,2.4,2.7,2.4,2.8,2.4,1.7,2.1,2.6,2.8,2,1.8,2,2.4,1.9,2.8,2.4,,2.2,2.9,2.8,2.5,2.5,,2.2,1.1,1.4,1.3,1.4,1.2,0.9,0.9,1.3,1.6,0.8,1.6,1.6,1.5,1.1,1,1,2.1,1.3,1.4,1.6,1.2,1.2,1.2,,1.2,1.6,1.3,1.7,1.6,1,1.4,2,0.4,0.9,0.8,0.5,0.8,0.9,0.8,0.5,0.6,0.4,0.4,0.7,0.3,0.7,0.9,0.9,0.7,0.2,0.6,0.5,0.9,0.9,0.6,0.8,0.6,0.3,0.7,0.8,0.6,0.9,0.9,0.7,0.9,,,,1,1,,1,0.7,0.8,,0.7,0.3,0.5,,0.8,1.1,1.1,1.1,1,0.9,1.1,1.1,1.1,,,,1,0.7,,0.3,0.4,0.6,0.9,0.6,,0.7,0.6,0.9,0.6,0.5,0.7,1,0.6,,0.7,,1.6,1.3,1.1,1.1,0.9,0.8,0.7,1.1,1.1,0.9,0.9,0.8,0.7,0.6,0.8,0.8,0.7,0.8,,0.9,0.8,0.8,0.7,0.5,0.6,0.7,0.6,1.1,,,0.7,,0.8,0.8,,0.8,0.8,0.8,0.8,0.7,0.7,,0.8,0.8,0.6,0.5,0.6,0.7,0.7,0.8,0.8,0.7,1.1,0.7,0.9,0.7,0.7,0.8,0.6,0.9,0.5,,0.7,,0.5,0.5,0.2,0.4,,0.6,0.6,0.7,0.8,0.7,0.8,0.9,,1.1,1.7,1.8,2,1.7,1.7,1.7,1.7,1.8,0.9,0.7,1.2,0.7,0.7,0.6,0.6,0.9,0.8,1.3,1.4,1.6,1.5,1.6,1.3,1.7,1.1,1.6,0.6,0.8,0.9,0.7,0.5,0.7,0.6,1,0.8,0.9,0.8,0.9,0.8,0.8,0.9,1,0.9,1,1,0.7,1.4,1.3,,0.8,1,1.2,0.8,1.1,1.2,1.1,1.1,0.6,0.7,0.7,0.7,0.7,0.5,0.7,0.6,0.6,0.6,0.7,0.7,0.7,0.7,0.8,0.9,1.2,1,1.2,1.1,1,1.1,1,1.2,1.1,0.9,1,1.1,1.2,1,1,1.1,1.1,1.4,1.2,1.1,1.2,0.9,1.1,1.1,0.9,1,1.3,1.3,0.6,1.1,1.4,1.4,1.5,1.8,0.8,1.1,1.6,0.5,0.5,0.4,0.4,0.6,0.7,,1,0.8,1,1,0.8,0.7,0.7,,,0.8,0.9,0.7,0.9,0.8,,0.8,0.7,0.8,0.8,,,0.8,0.6,0.7,0.7,0.9,0.7,0.6,0.8,0.8,0.7,0.9,1.3,1.1,0.8,1.3,0.9,1.3,1,1.2,2,1.2,0.7,1.1,0.4,1.8,2.2,1.8,1.4,1.6,1.8,1.5,1.9,1.6,1.7,1.6,2.1,1.6,1.6,1.4,2.1,0.9,1.3,2.3,,1.7,2.3,0.6,,,,1.4,1.5,0.9,1.2,1.6,1.2,1.1,,1.6,0.7,0.7,0.7,0.8,0.8,0.7,0.6,0.7,0.8,0.8,0.7,0.5,0.8,1.4,1.7,2.1,1.5,2.4,2,1.7,1.4,1.3,1.1,1.4,1,2.4,3,3.5,2.3,0.9,0.7,0.9,0.9,2.2,2.3,1.9,2,2,2,1.9,0.5,0.5,0.4,0.5,,1.6,,1.3,1.1,1.2,1.4,1.6,,1.6,1.5,,1.1,1.7,1.6,1.8,2.6,2.3,2,2.7,2,2.6,0.9,0.7,0.8,1,0.6,0.9,1.1,0.8,1,1.2,,1,,1.2,,1.1,1,1.2,1.2,1.4,1.2,1.1,0.9,0.8,0.6,0.5,0.6,0.5,1.3,1.1,1.1,,1.1,1.1,1.1,1.1,1.4,0.9,0.7,0.6,0.7,0.5,0.6,0.8,0.7,0.8,0.7,0.6,0.9,0.7,1.3,1.1,0.8,0.8,1,0.8,0.8,0.8,0.6,1.1,0.9,1.1,1,1,1.2,1.1,1.1,,0.6,0.5,,0.7,0.7,0.8,0.6,1,1,0.7,1,,,2.5,1.9,2.5,3,,2.3,3.3,3.7,2.9,2,2,,2.1,2,,2.2,1.1,1.8,1.9,2,1.7,1,1.7,2.6,1.9,1.7,2,1.6,1.6,,5.1,3.3,5.4,4.3,4.3,2.9,1.7,1.6,1.4,1,1.2,0.9,3,2.8,3.1,3.6,2.6,1.9,2.3,1.7,2.1,1.5,1.7,1.7,1.4,1.2,2.7,1.8,1.5,,0.8,1.2,1.2,1.4,1.4,1.5,1.1,1,1.4,1.5,0.6,1.3,1.3,1.4,1,1.5,0.7,0.9,0.7,0.8,0.5,0.6,0.9,1.1,0.9,0.5,0.4,0.4,0.9,0.7,0.6,0.5,0.2,1.7,1.7,,1.7,1.4,1.9,1.5,1.7,1.4,1.7,,1.9,,1.6,1.5,1.4,1.8,1.8,1.3,1.8,1.4,1.3,1.5,1.3,1.4,1.6,,1.2,1.2,1,1.6,1.4,1,1.3,1.3,1.3,1.2,0.7,0.7,0.8,0.9,0.7,,1,,,1.2,1.5,1.4,1.1,1.6,1,1,0.9,1,0.6,1.4,1.8,1,1.4,1.2,1.8,1.3,1.4,1.2,0.5,0.5,0.8,0.8,1,0.9,1,1,1.2,1.2,1.3,1.2,4.2,2.3,2.2,1.5,0.8,0.7,0.7,0.5,1,,,0.8,0.8,0.7,1,0.8,0.8,0.9,0.8,0.7,0.9,0.7,0.9,0.5,0.8,,0.8,1.3,1.4,1.8,1.7,1.3,1.6,1.8,2.2,1.8,2,1.7,2,2.4,2.2,1.5,2,1.5,2,1.3,1.7,1.5,1.9,1.3,1.3,1.2,1.3,0.7,0.8,0.6,0.6,,0.9,0.8,0.9,0.9,0.8,0.6,0.5,0.8,1.2,2.8,3.2,1.7,1.4,1.5,1.8,1.8,1.2,0.8,1,1,1.2,1,1.5,0.7,1.3,0.8,1.1,1.7,2.1,1.2,0.9,1,0.9,1,0.9,1.3,1.1,1.3,0.9,1,1,0.5,0.4,0.6,0.8,0.3,,0.5,0.3,0.8,0.6,0.6,0.8,0.8,0.6,0.8,1.1,1.1,1.2,0.6,0.7,0.4,0.4,0.5,0.6,,0.9,0.5,0.5,,,1.7,1.4,0.6,1.3,1.2,1.4,1.3,1.4,1.4,1.3,1.2,,0.6,0.5,1.4,1.3,1.4,1.2,1,1,2.5,2.4,2.4,2.4,2.1,2.7,,2.5,2.8,1.5,2,,1.3,1.4,1.9,2.4,2.1,2.2,,3,0.7,0.6,1.2,1,1.6,0.9,0.7,,1,0.9,0.8,1.4,,,1.1,0.6,0.4,0.4,0.7,0.6,0.4,1.4,1.3,1.2,1.4,1.6,4.4,5.4,3.6,6.4,1.5,1,1.1,1.4,2.2,1.8,2.7,2.3,1.3,1.6,1.9,2.4,1.4,2.6,3,1.3,1.4,0.9,1.1,1.3,0.7,0.8,1,1,0.6,0.9,1.5,0.8,0.9,0.8,1.3,0.2,1.1,0.7,0.7,0.7,0.6,0.7,0.3,0.7,0.7,0.6,0.8,0.3,1.4,0.6,0.6,0.9,0.9,1,1.6,1.1,0.8,0.7,0.5,0.7,0.6,0.6,0.6,0.6,,0.5,0.8,0.5,0.6,0.6,0.8,0.7,0.9,0.7,0.7,0.7,0.9,0.6,0.7,0.6,0.6,0.6,0.6,0.5,0.5,0.5,0.5,0.4,0.6,0.6,,0.6,0.8,0.9,0.9,0.6,0.6,0.6,0.6,1.1,1,,0.7,0.6,0.6,0.7,0.7,0.6,0.6,0.5,0.5,0.4,0.5,0.6,0.6,0.5,0.5,0.4,0.6,0.4,0.5,0.4,0.6,0.6,0.6,1,0.6,0.3,0.5,0.5,0.6,0.4,0.9,1.4,1.2,1.1,1.2,0.5,0.4,0.5,0.6,0.8,0.2,0.5,0.7,0.6,0.7,1.6,1.7,1.7,1.4,1.8,0.7,0.7,0.8,0.7,0.9,1,1.2,1.2,1.1,0.5,0.6,0.4,0.6,0.2,1,0.9,0.8,1.3,2.1,1.9,1.3,,1.7,1.5,1.9,1.7,,1.8,1.9,1.9,,1.8,1.4,1.3,1.7,1.5,1.8,1.5,1.6,1.6,1.6,1.1,1.3,1,1.1,1.4,1.2,1.3,0.5,0.7,0.8,0.7,1,1.3,1.1,1.3,1.2,2,1.6,1.3,1.5,1,1,0.6,1.6,1.4,1.3,,0.9,1,,0.9,1.4,1.1,1.2,1.1,1.2,1.2,1.1,1.2,0.7,0.6,1.2,1.4,0.8,1.1,1.1,1,1.1,1.1,1,1.1,1.3,1.7,1.5,1.2,1.3,1,1.1,1.5,1.1,1.8,0.8,0.9,,0.7,1,1.1,1.5,1,0.6,0.7,0.7,1.1,2.3,1.8,1.7,,0.3,0.4,1.1,0.9,1.5,0.9,1.1,1,1,1.2,0.7,1.1,0.8,0.7,1,1,1,1.1,1.3,1,1.2,0.9,1,0.9,0.8,0.9,1,1,1.2,1,0.7,0.9,1,1,0.6,0.6,0.8,0.6,0.8,0.8,0.5,0.4,0.7,0.8,0.8,0.8,0.5,0.4,0.5,0.2,0.8,0.8,0.8,,0.6,0.8,0.8,1,0.9,0.9,0.7,0.8,0.8,0.6,,0.7,0.9,,0.9,0.7,1,0.6,0.7,0.6,1,0.5,,0.6,0.8,1,0.9,0.9,1.1,0.9,1.3,1,1.3,0.7,,,,,1.5,1.3,1.1,1,1.4,1.4,1.1,,1,0.9,0.8,1,0.9,1,0.9,0.9,0.4,0.5,0.7,1.4,0.9,0.9,,0.4,0.5,1,1.1,0.6,,0.7,1,0.8,0.8,0.8,1,1,0.9,1.8,2.4,0.8,1.1,1.4,0.9,2,,0.4,,0.3,0.2,0.9,1.2,0.9,1.2,1.6,1.7,1.6,1.4,0.8,1,0.8,1,,,0.9,1.6,1.5,1.6,1.2,1.7,0.5,0.4,0.9,0.9,0.9,0.6,1.2,1.4,1.2,1,0.9,0.8,,2.5,2.6,1.6,,1.4,1.7,1.6,0.9,0.9,0.8,0.3,0.3,0.5,0.6,1,0.5,0.8,1.1,0.5,3.2,3.9,2.8,3.3,1.1,1.2,1.1,0.7,1,2.3,2.7,1.9,3.4,,3.4,3.1,2.6,2,2,1.7,1.5,0.6,0.8,0.9,1,1,2,0.5,2.1,1.2,1.6,1.9,1.9,2.2,2.5,0.9,2.9,2.2,0.4,0.3,0.6,0.6,0.8,0.6,0.6,1.2,1,1.6,0.7,0.8,1.7,1.2,1.1,1.3,2.8,1.6,0.6,0.8,0.7,0.9,0.6,2,0.5,0.8,2.5,3.1,1,2.8,2,1,0.8,1.1,0.7,1,0.9,1.1,0.4,1,1.2,0.7,1.3,1.1,1.4,0.8,0.8,0.9,1.8,,2,1.9,1.4,1.1,0.7,0.9,0.9,1.3,1.5,1.7,1.1,0.5,1.3,1.4,0.7,0.5,1.8,1.7,1.5,1.6,3,1.2,0.6,1.2,0.4,1.3,0.9,0.9,0.8,0.8,1.3,1.7,1.1,1.3,1,1.7,0.7,1.3,1.1,1.1,1.6
20171215,1,AQI,155,104,139,135,147,139,113,135,120,110,125,122,,,123,,133,130,115,,128,108,127,,105,115,,173,29,283,,214,173,200,128,120,112,125,115,137,113,108,83,,90,226,217,232,209,218,213,209,244,208,220,52,,37,34,45,104,145,128,102,95,135,128,,135,155,133,156,148,160,206,215,183,206,231,404,,305,402,349,394,334,376,393,46,39,31,75,36,52,56,22,180,236,254,,231,261,219,266,183,,244,55,52,53,54,52,51,43,70,70,38,119,159,169,122,129,89,97,144,135,163,114,98,58,,100,92,112,104,119,100,127,104,36,30,24,26,33,35,31,25,29,33,52,38,52,40,62,58,50,53,52,36,35,30,36,37,54,53,36,42,47,31,45,32,134,,,,166,152,,139,168,182,,59,46,52,,34,67,49,34,39,32,34,44,47,,,,54,65,,43,45,48,33,36,,38,53,46,42,64,49,43,38,,42,,105,92,99,37,51,23,41,35,40,59,53,51,52,37,103,68,99,78,,113,73,57,27,40,42,50,57,48,,,40,,42,48,,33,35,38,25,26,28,,46,75,33,32,32,29,29,36,46,45,36,42,39,50,39,40,46,46,15,,17,,22,23,15,33,,39,,30,39,62,39,20,,39,208,212,223,219,236,219,242,203,88,122,103,99,119,92,114,129,130,183,190,211,192,,213,190,188,238,54,38,52,46,62,65,50,55,59,77,46,49,52,42,39,45,38,36,45,62,53,39,,31,42,36,29,43,29,50,30,44,50,51,47,50,82,60,42,69,51,122,60,94,57,57,46,63,43,48,53,48,43,36,54,53,59,53,52,52,54,51,57,58,50,53,82,53,50,43,60,77,60,52,40,53,32,82,29,16,32,36,20,54,27,25,35,18,22,55,,68,62,68,70,53,67,70,,,75,74,64,68,64,,118,110,108,117,,,103,31,15,30,29,50,54,33,30,22,33,57,38,26,70,65,55,72,76,189,70,58,79,20,214,215,223,217,211,240,217,220,245,211,229,220,214,70,87,73,83,81,85,,100,88,76,,,,118,142,98,115,60,66,70,,15,39,51,48,43,45,47,51,51,45,40,48,46,62,57,69,64,76,31,59,75,81,72,33,45,78,70,69,74,80,54,74,59,49,258,236,163,212,118,,133,22,26,18,22,,202,,120,134,143,153,208,,219,152,,152,221,239,206,255,319,163,155,243,235,104,163,149,,92,62,59,73,30,75,,149,,144,,137,107,115,117,166,160,190,103,108,98,45,52,46,228,203,211,,29,30,20,48,57,49,40,36,48,45,60,160,150,159,173,138,178,92,109,108,107,37,42,50,39,51,58,25,30,20,95,99,79,38,25,,72,70,,74,80,59,,79,74,48,30,,,212,214,229,49,,72,51,67,72,124,142,,147,162,,251,,233,283,279,248,270,257,223,240,247,79,94,130,,71,66,97,65,63,73,55,245,129,108,169,72,208,123,288,189,119,70,189,153,168,120,113,110,105,53,120,223,163,,54,195,150,138,160,208,84,79,99,124,52,109,109,143,134,63,58,79,73,63,60,65,58,60,74,53,42,53,48,53,55,46,28,223,170,,153,160,170,201,190,229,225,,270,,144,134,117,213,199,163,240,230,125,92,156,179,200,,195,180,180,160,169,160,120,118,132,97,83,68,63,107,60,,93,,,72,104,79,85,63,20,20,18,23,19,20,13,25,18,42,42,28,30,30,27,23,112,103,113,112,55,56,58,46,60,53,107,70,91,73,77,74,58,70,129,,,128,127,97,108,120,74,95,87,78,93,87,38,29,23,,32,50,57,256,243,231,211,257,276,210,229,137,127,149,176,223,245,276,266,257,263,233,231,176,203,193,205,55,51,69,23,,114,33,82,52,64,32,34,64,54,68,69,63,169,153,206,159,90,112,148,109,129,113,68,107,85,93,65,99,128,122,78,94,51,57,47,80,60,,47,48,42,23,29,30,23,37,,23,29,35,55,46,50,43,49,50,49,29,52,50,51,27,24,46,52,,59,53,57,,,99,104,53,133,112,133,110,176,219,209,212,,54,61,130,80,77,78,78,123,218,193,208,,180,234,,228,232,192,185,,221,201,244,261,228,211,,219,33,40,31,77,65,70,35,,42,46,47,32,,,25,20,43,32,55,64,49,196,120,120,140,139,68,152,88,201,215,210,192,210,229,150,219,142,211,206,137,115,105,169,175,149,98,75,72,90,60,68,60,47,59,97,210,48,70,75,185,28,89,42,53,40,52,58,29,60,117,42,55,52,210,115,41,25,22,22,63,72,132,23,59,73,54,85,43,46,,169,67,68,69,43,115,129,132,54,63,72,65,68,70,36,33,42,59,22,23,25,43,46,33,74,,,79,79,88,36,38,23,49,123,120,,58,63,64,58,62,20,20,21,20,20,29,20,45,22,26,19,26,23,33,35,35,48,27,29,18,8,20,15,16,10,25,33,33,28,30,38,38,43,43,45,33,42,35,45,40,32,43,42,40,36,49,50,55,63,53,49,48,49,46,49,38,40,42,27,37,35,37,43,192,182,160,,156,172,156,208,,228,208,129,,132,182,210,206,196,165,165,119,139,185,88,143,169,134,188,192,172,55,57,87,72,87,53,104,102,103,163,165,190,203,50,62,74,155,155,162,,68,67,,62,59,59,46,69,82,85,74,130,123,35,32,29,45,36,33,36,19,35,19,18,84,88,70,57,67,23,30,47,36,32,48,,,54,35,30,33,37,40,65,18,29,24,29,32,26,35,54,24,26,36,26,16,12,16,20,20,18,23,18,26,11,14,15,28,21,29,35,20,19,31,26,34,36,20,16,59,77,69,93,94,77,68,69,84,94,107,94,60,73,78,67,83,92,68,90,52,65,78,,54,105,99,113,88,102,88,92,94,98,,87,103,,68,94,94,83,88,40,55,41,,28,22,31,60,89,94,,58,53,55,32,,,,,23,17,11,9,18,19,33,,23,50,55,50,59,48,33,30,29,51,49,20,33,58,,30,33,20,12,108,,41,40,46,62,56,39,118,23,138,158,26,22,,72,246,,26,,22,22,132,186,169,159,90,92,83,78,80,98,82,133,,,57,115,116,137,74,77,30,43,61,57,58,68,69,70,59,73,91,59,,105,102,58,,75,112,97,63,96,63,51,70,57,38,51,37,72,56,58,172,220,108,117,25,60,38,38,69,110,88,106,278,,285,93,128,127,156,162,13,20,35,68,47,35,63,20,115,32,94,113,128,180,249,192,225,283,58,45,71,51,39,62,73,204,143,179,120,29,96,70,85,123,263,200,55,43,72,73,60,138,52,54,118,73,112,150,192,51,54,107,34,135,44,55,43,176,156,105,128,42,149,68,67,78,213,,123,212,179,33,63,127,102,59,32,21,213,43,,97,24,12,123,139,93,61,94,206,33,254,38,210,23,35,27,28,71,76,32,94,64,108,112,78,108,103,232
20171215,1,PM2.5,118,78,106,103,112,106,85,103,91,83,95,92,,,93,,101,99,87,,97,81,96,,79,87,,131,1,233,,164,131,150,97,91,84,95,87,104,85,81,61,,67,176,167,182,159,168,163,159,194,158,170,16,,7,23,21,76,111,97,72,71,103,97,,103,118,101,119,113,122,156,165,138,156,181,355,,255,353,299,344,284,326,343,9,4,3,18,8,1,16,14,136,186,204,,181,211,169,216,138,,194,35,36,37,38,20,27,30,51,51,26,90,121,128,92,98,66,72,110,103,124,86,73,32,,75,68,84,78,90,75,96,78,15,16,9,15,17,19,15,17,13,13,25,24,36,28,44,41,35,37,32,20,23,19,25,23,26,21,23,29,21,17,31,22,102,,,,126,116,,106,127,137,,42,32,36,,16,48,21,14,27,18,22,30,32,,,,38,47,,27,31,33,23,25,,26,37,32,29,46,34,29,26,,22,,79,68,74,25,30,13,23,24,25,42,31,24,34,23,77,49,74,57,,85,47,33,18,18,22,35,40,23,,,20,,29,33,,21,24,26,17,10,11,,32,55,23,22,22,20,20,25,32,31,25,29,27,35,27,28,32,32,8,,10,,15,16,9,23,,27,,21,27,44,27,14,,27,158,162,173,169,186,169,192,153,63,92,77,71,90,61,86,98,68,138,143,161,144,146,163,143,141,188,38,26,36,32,44,47,35,39,42,56,32,34,36,29,27,31,26,25,31,44,34,27,,20,29,24,20,27,20,35,21,24,28,28,24,25,60,43,22,39,27,92,36,70,40,40,25,45,30,24,23,31,30,25,38,35,32,37,35,31,38,29,40,41,35,37,60,36,35,30,39,56,43,36,23,37,22,60,20,11,22,20,14,38,9,11,14,10,9,33,,49,44,49,51,34,48,51,,,55,54,46,49,46,,89,83,81,88,,,77,5,10,21,20,35,34,23,20,14,16,33,16,18,24,31,35,41,55,142,35,40,58,9,164,165,173,167,161,190,167,170,195,161,179,170,164,37,64,26,42,57,63,,75,55,44,,,,89,108,73,87,43,32,51,,10,27,33,33,30,31,26,19,20,25,26,33,15,19,40,8,6,13,11,11,13,13,20,1,11,11,51,50,46,59,38,54,42,32,208,186,124,162,89,,101,15,18,11,15,,152,,91,102,109,117,158,,169,116,,116,171,189,156,205,269,124,118,193,185,78,124,114,,68,44,42,53,15,46,,114,,110,,104,80,87,88,126,122,143,77,81,73,31,33,28,178,153,161,,20,21,13,33,40,34,24,25,33,24,30,122,115,121,131,105,134,68,82,81,80,24,29,35,26,20,26,17,21,14,71,74,58,26,17,,52,45,,54,51,42,,58,54,33,14,,,162,164,179,24,,52,20,48,52,94,108,,112,123,,201,,183,233,229,198,220,207,173,190,197,58,70,99,,46,42,72,47,45,53,39,195,98,81,128,48,158,93,166,142,89,51,142,117,127,91,85,83,79,37,91,173,124,,38,146,115,105,122,158,62,58,74,94,36,82,82,109,102,43,41,58,53,45,43,47,41,43,54,37,29,37,33,37,39,32,5,173,129,,117,122,129,151,143,179,175,,220,,110,102,88,163,149,124,190,180,95,68,119,135,150,,146,136,136,122,128,122,91,89,100,72,61,49,36,80,43,,69,,,52,78,58,63,45,14,14,12,16,13,14,6,17,12,29,29,15,21,21,12,12,84,77,85,84,39,34,41,32,43,37,64,36,56,40,56,54,41,51,98,,,97,96,72,81,91,54,71,64,56,69,64,26,20,10,,22,35,40,206,193,181,161,207,226,160,179,104,96,114,133,173,195,226,216,207,213,183,181,133,153,145,155,15,18,17,16,,86,12,12,12,46,10,21,46,38,49,50,36,128,117,156,121,67,84,113,82,98,85,38,80,63,69,47,74,97,92,43,70,33,25,26,59,33,,21,17,22,10,18,,16,24,,16,17,17,39,30,29,30,33,27,34,20,36,35,33,16,14,32,34,,17,37,40,,,74,78,9,101,84,101,83,133,169,159,162,,37,14,99,59,56,57,51,93,168,145,158,,136,184,,178,182,144,139,,171,151,194,211,178,161,,169,14,22,12,56,38,51,24,,9,23,15,11,,,14,,21,22,31,46,34,147,91,91,107,106,41,116,65,151,165,160,144,160,179,115,169,108,161,156,104,87,79,128,132,114,73,55,52,67,43,49,43,18,42,72,160,26,51,36,139,16,66,29,37,27,34,41,20,43,88,29,39,36,160,87,24,12,15,12,45,52,100,16,42,53,38,63,30,32,,128,48,49,50,30,87,98,100,38,45,52,47,49,51,25,23,29,42,7,6,17,30,32,23,54,,,58,58,65,24,25,16,34,93,91,,32,45,46,41,44,11,8,13,11,5,20,14,16,15,3,13,18,16,23,24,24,33,15,20,12,2,14,10,11,4,17,23,23,19,21,26,26,30,28,24,23,29,24,31,28,22,30,29,28,25,34,35,39,45,37,34,33,34,32,34,26,28,27,15,20,24,23,30,144,137,122,,119,130,119,158,,178,158,98,,100,137,160,156,147,125,125,90,106,139,,109,128,102,141,144,130,37,40,64,52,64,37,78,76,77,124,125,143,153,35,44,54,118,118,123,,49,48,,44,42,42,32,50,60,63,54,99,93,24,22,18,31,21,23,25,10,24,13,10,62,65,47,35,48,16,21,17,25,16,33,,,38,24,21,23,21,28,37,12,20,11,20,22,17,24,38,14,18,18,18,10,,9,14,14,12,5,7,18,4,9,10,19,10,20,24,14,13,18,14,23,25,14,11,41,56,50,69,70,56,49,50,61,70,80,70,43,53,57,48,61,68,49,67,29,47,57,,34,79,74,85,65,76,65,68,70,73,,64,77,,31,70,66,59,64,28,26,9,,19,15,21,39,66,70,,41,37,25,22,,,,,13,10,6,4,12,9,23,,15,25,18,19,42,23,7,10,20,20,34,14,23,41,,21,23,10,3,81,,16,26,23,33,23,27,27,11,93,57,11,9,,38,196,,9,,,6,100,140,128,121,67,68,60,54,59,73,60,101,,,16,87,,104,54,56,11,30,32,32,30,49,47,51,41,53,56,42,,64,76,35,,55,84,72,31,27,32,22,20,20,18,14,17,47,29,37,130,170,81,88,1,43,26,26,50,83,65,78,179,,235,37,97,96,119,123,8,7,12,49,29,23,,14,87,22,70,85,97,136,199,144,175,233,41,31,44,27,20,44,53,154,109,135,91,20,27,24,39,93,213,150,39,22,52,53,43,105,36,38,89,53,84,115,144,30,38,80,21,103,30,39,30,133,119,79,97,29,114,49,48,57,163,,93,162,135,23,39,96,76,42,11,13,163,30,152,72,14,7,93,106,69,41,70,156,23,204,26,160,16,24,16,19,30,53,22,70,46,81,84,57,81,77,182
20171215,1,PM2.5_24h,76,66,75,65,74,68,72,83,70,69,79,77,,,66,,59,59,67,,61,60,57,,64,70,,107,125,163,,118,118,90,66,76,69,76,78,79,38,42,49,,57,114,120,122,93,112,119,116,132,109,124,61,,51,55,73,58,64,66,69,55,70,71,,75,71,72,79,81,91,96,121,94,115,120,232,,200,268,209,249,240,214,248,95,72,77,96,74,71,93,89,74,151,137,,107,119,127,134,121,,121,39,45,36,41,29,28,23,55,48,25,67,66,87,82,73,46,92,97,86,83,93,77,58,,89,83,118,108,97,101,97,112,19,23,18,20,20,29,21,16,18,17,30,28,36,35,43,44,33,40,32,31,32,34,32,34,36,30,30,28,25,24,33,23,39,,,,117,92,,76,94,97,,45,32,41,,32,45,34,37,43,34,38,39,38,,,,39,42,,38,38,39,33,31,,37,53,42,38,46,45,34,32,,24,,79,59,76,33,43,17,42,32,35,52,40,34,49,33,26,43,24,44,,60,40,37,33,26,27,33,49,46,,,29,,36,38,,29,34,32,18,15,16,,45,59,24,28,26,20,20,25,39,44,36,36,41,43,40,43,46,46,12,,17,,15,16,12,15,,23,,15,19,35,22,16,,15,117,123,133,123,140,128,143,122,26,46,47,36,45,32,48,75,39,111,112,133,120,111,125,110,109,122,37,36,40,42,47,53,43,48,41,62,48,54,57,57,51,52,52,47,54,61,65,59,,47,54,54,43,62,54,60,52,34,35,30,25,24,49,51,19,33,29,72,45,60,65,53,38,52,56,55,62,53,51,43,81,72,58,62,73,66,74,60,62,63,58,55,82,66,62,54,49,52,77,70,59,71,20,21,18,16,28,15,21,24,11,13,13,11,15,40,,49,42,49,52,35,54,51,,,48,50,43,50,42,,82,79,79,84,,,74,32,20,21,23,27,31,31,24,22,21,25,18,18,20,23,30,33,38,57,22,21,49,16,134,134,140,136,128,152,133,140,142,127,132,149,134,49,61,37,45,55,120,,115,107,84,,,,71,73,51,59,61,64,56,,32,53,59,61,59,62,35,29,28,39,39,41,26,40,55,65,58,64,78,64,86,77,83,61,73,82,138,148,107,135,29,27,31,31,113,107,87,115,88,,83,13,14,17,14,,102,,80,85,86,99,87,,87,96,,102,107,122,104,132,176,94,117,129,124,66,80,72,,60,31,39,41,12,35,,72,,65,,66,74,85,83,106,103,109,51,52,49,21,21,22,87,80,89,,28,34,23,43,39,21,16,16,20,17,19,52,46,56,60,41,62,54,68,65,50,27,32,35,18,16,24,39,51,39,104,102,81,41,28,,25,24,,30,33,27,,86,76,57,11,,,116,112,128,124,,104,91,115,110,92,91,,96,97,,124,,135,121,125,124,124,133,102,120,128,88,93,96,,157,100,182,174,213,106,69,123,84,54,80,27,118,70,118,132,82,55,91,85,104,88,87,82,76,49,100,94,74,,31,74,64,85,66,128,53,52,63,69,37,83,74,58,82,56,48,69,66,53,44,45,47,43,57,35,31,36,31,45,33,33,6,139,116,,98,100,95,111,112,108,109,,113,,94,87,81,123,115,113,132,118,112,100,108,142,151,,142,110,111,99,107,104,90,89,99,60,51,45,46,73,44,,57,,,50,79,63,61,49,18,21,20,23,33,30,23,32,16,31,29,18,30,18,12,11,82,75,86,79,48,41,44,42,51,49,50,36,34,35,47,50,41,45,106,,,98,83,59,73,88,56,65,69,62,65,58,19,14,13,,19,26,32,141,137,138,127,139,165,138,131,124,122,114,110,143,159,161,160,151,164,144,140,106,128,119,128,42,30,24,26,,82,69,55,68,24,13,26,54,33,61,66,55,96,89,127,123,47,38,76,55,57,48,40,48,40,35,26,30,54,56,24,40,21,17,24,38,28,,32,25,33,23,29,,41,31,,30,28,28,48,39,42,40,42,35,43,28,38,48,47,25,26,36,38,,17,41,40,,,77,96,30,97,83,94,92,116,139,114,134,,23,16,80,73,81,72,72,78,187,174,187,,178,164,,137,159,100,93,,105,92,132,124,121,137,,135,28,35,27,55,48,49,35,,42,39,39,52,,,30,22,24,16,38,48,42,83,68,85,78,77,166,203,148,228,137,110,92,107,125,77,121,115,88,84,62,82,71,85,105,82,62,37,39,93,41,38,50,36,38,56,87,22,25,31,46,12,46,36,50,45,34,42,21,34,40,28,29,35,62,57,27,22,27,33,70,52,37,16,65,56,48,47,44,43,,58,56,54,49,47,62,68,72,38,45,44,44,43,44,43,35,44,55,5,7,17,35,38,34,57,,,50,57,67,35,40,30,40,74,74,,44,48,44,44,40,13,15,13,16,10,16,12,14,35,3,12,12,14,22,19,21,23,22,22,17,12,14,10,13,18,18,37,35,33,34,29,23,30,26,22,21,23,24,23,24,25,30,33,35,28,30,26,28,31,35,33,30,33,32,25,27,24,25,18,19,22,20,27,96,84,83,,100,106,88,136,,152,127,98,,101,126,148,143,137,131,122,82,89,125,85,90,94,69,127,126,124,30,38,48,43,50,54,74,77,73,132,131,141,153,32,44,46,132,121,133,,42,45,,45,40,40,35,46,52,53,46,73,69,38,40,38,47,36,30,27,33,37,33,31,61,62,55,45,49,18,27,21,21,20,38,,,40,36,35,32,28,41,36,18,20,23,23,30,33,40,47,28,25,32,32,14,4,13,15,19,12,8,10,14,9,17,22,32,13,23,28,24,8,15,14,22,25,7,7,43,67,49,71,62,56,44,46,63,68,67,71,49,58,58,57,67,73,72,73,43,53,61,,30,81,71,74,79,78,53,59,51,63,,64,76,,33,61,63,55,75,17,29,14,,34,16,18,28,32,33,,37,43,24,24,,,,,15,30,19,22,11,11,17,,13,18,14,26,31,13,8,11,17,19,27,14,19,23,,23,20,16,11,40,,13,20,24,28,22,20,17,16,46,42,10,11,13,15,101,,8,,7,9,92,91,90,102,94,89,89,80,73,85,69,97,,,31,118,88,106,46,65,22,52,72,83,36,32,98,103,89,53,50,50,,46,66,46,,87,91,45,62,27,24,37,37,31,23,33,32,51,41,50,134,155,69,64,13,65,46,27,38,99,110,72,152,,174,60,111,100,110,105,20,28,35,52,47,38,26,14,87,53,55,53,60,118,164,95,133,206,44,39,37,35,26,48,50,97,74,112,86,18,25,16,25,70,173,78,39,35,63,43,42,71,27,58,50,143,55,72,90,30,48,72,35,31,34,45,37,95,96,31,50,38,122,46,49,46,115,,62,132,102,42,24,108,82,46,55,60,94,21,157,65,13,14,59,94,100,36,114,93,27,102,32,81,34,49,35,35,39,94,67,49,48,122,80,50,70,68,122
20171215,1,PM10,,,107,,142,116,,106,92,87,125,,,,,,,,,,98,82,,,,,,163,7,274,,174,170,201,117,106,112,134,136,135,111,118,102,,121,207,217,211,188,198,188,195,252,217,217,54,,37,34,45,158,189,130,154,133,140,155,,131,142,139,144,171,151,,189,205,208,198,402,,346,380,328,433,317,376,427,46,39,31,99,36,54,62,22,208,254,288,,256,333,266,290,196,,261,60,50,45,58,54,52,37,87,77,33,104,128,150,121,99,100,87,112,126,150,95,98,65,,77,109,120,108,105,81,103,86,36,30,24,26,33,35,27,23,29,33,53,38,49,37,48,46,47,,54,36,33,30,26,37,58,56,36,30,47,31,39,24,108,,,,127,,,144,143,142,,,45,39,,34,84,49,34,30,32,34,44,47,,,,48,60,,43,39,44,28,30,,35,43,44,38,56,44,43,29,,42,,,70,81,37,51,16,41,34,40,64,56,52,53,37,132,77,116,95,,,96,64,20,40,42,49,55,48,,,40,,36,48,,33,35,30,22,22,28,,,,,27,32,,,29,,,,,,,,,,,8,,,,17,16,13,,,28,,,34,,,,,,216,233,204,195,,189,253,193,126,139,120,147,157,133,155,187,210,141,172,,167,,165,173,,244,,,,,,,,,,,,,,,,,,,,,56,37,,31,38,36,24,43,25,37,21,44,50,51,47,50,104,55,42,87,51,126,69,128,63,50,46,58,,48,56,48,37,28,57,56,68,50,54,54,47,52,,,39,38,75,55,35,,69,70,,49,40,,32,,27,,,36,,47,27,21,35,18,22,59,,58,65,64,69,56,80,72,,,66,69,49,66,72,,114,108,112,124,,,111,31,15,26,25,,58,27,30,22,33,63,38,26,89,79,60,93,101,217,89,66,94,20,209,193,251,234,232,236,233,240,293,188,213,,222,90,105,95,115,112,114,,140,125,102,,,,137,175,103,116,64,81,,,,,51,,32,,47,52,52,45,40,,46,73,,88,77,101,31,67,99,111,93,33,45,105,72,55,97,83,56,56,55,49,243,234,189,213,141,,138,16,19,14,,,160,,128,106,138,,201,,197,161,,148,229,237,185,266,,139,126,268,239,133,151,178,,80,69,68,80,23,99,,139,,162,,180,105,134,138,131,134,154,115,116,107,44,54,46,233,227,207,,,,20,39,,36,40,36,39,45,70,,,,,117,,112,108,91,103,37,,45,39,52,65,,25,,75,85,,,21,,92,89,,77,110,66,,,58,,30,,,216,218,219,49,,79,51,79,78,119,129,,132,157,,242,,228,253,282,262,,,249,218,,90,127,150,,92,81,140,61,74,84,44,253,152,122,172,93,266,136,411,209,187,78,260,168,171,115,111,87,93,42,104,200,154,,44,148,115,169,228,161,70,100,93,132,45,,102,,117,75,,,,,48,,43,45,57,,,,,,,,,182,163,,192,167,204,171,,188,192,,,,118,131,119,212,182,162,287,238,131,124,125,158,,,,166,163,,,,120,127,119,,61,67,75,,51,,101,,,82,85,75,77,69,,,18,,,17,7,,12,,34,28,,,27,23,96,99,109,114,41,62,53,33,,50,163,89,132,96,68,75,,65,132,,,115,114,126,107,120,74,82,101,106,83,94,36,28,23,,26,44,55,269,248,260,208,269,256,188,210,124,,145,211,293,265,247,268,256,251,289,254,245,224,227,198,59,51,87,18,,154,33,113,54,51,32,34,70,51,84,68,71,,128,196,155,97,149,166,120,135,136,85,102,114,82,64,,150,140,105,115,51,64,47,91,70,,47,48,42,23,29,30,,37,,21,29,35,39,46,50,37,49,50,39,26,,44,48,27,24,,54,,68,45,50,,,,,56,148,134,146,159,202,200,208,204,,57,72,,,71,85,106,101,170,206,193,,249,248,,202,220,200,214,,216,260,237,217,241,164,,,33,40,31,76,80,62,,,42,46,47,32,,,25,18,43,31,59,52,46,167,133,,136,158,85,187,96,283,229,199,218,219,195,159,290,160,220,173,144,100,91,207,205,159,96,98,79,,60,,48,47,65,72,191,48,65,99,260,28,111,37,,40,54,48,22,49,,39,59,42,204,145,41,25,,22,67,72,,23,,,41,84,39,33,,156,,58,53,39,113,,108,43,53,64,,60,,34,29,,,22,23,24,,,,,,,64,76,,36,38,22,,108,108,,65,51,53,63,,19,,21,,,,,45,18,,19,21,,24,35,,36,27,,,2,,14,,6,,23,,20,26,34,35,33,43,45,24,,,,,27,,38,30,35,37,36,,,45,40,37,40,39,34,27,,42,27,37,33,37,34,204,177,162,,137,151,146,174,,182,176,157,,109,167,168,183,180,,,124,156,,126,145,,,199,207,182,59,57,69,59,76,42,,77,90,,,,,44,60,70,,,,,52,52,,51,,,,,81,,62,134,112,25,25,29,,36,,,19,24,,16,118,98,89,63,60,22,21,47,,32,,,,42,33,,,37,39,80,13,27,24,26,,26,26,39,24,,36,19,16,12,16,,,16,23,18,18,11,14,13,26,21,26,,19,,31,26,34,35,16,12,67,63,50,84,101,68,67,85,118,96,104,88,65,70,77,61,63,100,66,109,54,70,72,,58,106,99,96,97,91,93,111,77,90,,87,113,,85,122,138,116,126,32,60,41,,28,22,31,70,89,109,,41,39,60,,,,,,23,17,11,6,17,19,33,,23,50,59,50,,48,33,,,51,48,19,31,58,,28,27,20,7,117,,41,40,46,74,61,35,186,18,226,265,26,22,192,93,295,,26,,8,22,114,167,161,130,90,98,115,105,68,79,71,139,,,64,132,181,189,96,100,30,34,72,63,66,53,87,63,67,94,132,64,,160,144,65,,100,98,127,75,142,76,51,89,64,38,52,37,93,62,65,222,240,101,117,11,68,38,34,66,150,124,162,404,,311,136,153,153,148,154,13,8,26,49,47,35,76,18,100,27,78,,,177,222,229,219,278,63,36,91,52,39,,,159,185,202,115,24,101,90,119,123,317,206,51,43,65,72,54,131,54,46,91,86,145,182,198,52,,,34,,44,56,40,,140,88,113,40,,65,60,74,198,,99,193,172,25,76,,104,53,32,21,194,31,,141,24,12,,149,118,71,109,197,25,254,,214,20,25,27,23,91,102,29,110,65,130,119,69,,85,
20171215,1,PM10_24h,82,77,98,83,93,84,82,96,82,84,105,81,,,89,,76,69,98,,78,68,75,,70,86,,148,178,210,,142,154,124,110,108,122,139,137,128,62,68,82,,118,138,159,164,128,144,157,156,181,168,163,116,,112,114,128,149,128,102,154,118,111,120,,109,102,102,101,113,107,123,140,145,152,137,309,,266,308,253,340,281,272,339,168,140,152,183,118,135,140,122,115,207,198,,143,194,202,187,172,,197,71,68,54,72,64,54,33,98,68,34,91,87,117,94,80,76,109,113,105,111,97,104,78,,103,110,142,154,117,108,100,128,40,37,30,30,34,38,32,27,30,36,48,44,52,44,52,57,57,50,56,48,40,40,36,38,64,64,45,32,40,38,43,36,50,,,,139,84,,126,126,127,,57,57,47,,52,69,60,63,50,53,58,55,56,,,,54,55,,55,43,53,45,48,,49,65,55,54,60,65,55,47,,58,,83,78,80,46,72,38,52,49,59,88,67,54,75,42,53,67,42,77,,91,81,56,42,59,65,62,61,71,,,43,,49,55,,50,57,54,29,30,38,,44,,31,38,37,26,22,37,31,63,22,,24,27,38,15,20,40,21,,31,,35,30,18,34,,25,,19,28,17,22,16,,21,182,182,172,159,,164,208,176,57,84,76,83,85,83,100,140,90,118,131,114,141,109,132,141,123,123,29,,43,43,,56,43,49,36,,,,,,,,,,,,82,70,,66,72,67,50,58,27,62,50,63,57,54,56,46,89,89,36,60,43,101,66,77,89,71,76,90,73,80,104,74,69,64,83,93,86,96,103,98,93,104,66,72,63,62,100,67,61,73,65,66,79,69,82,74,25,31,38,22,61,28,24,32,29,32,35,30,34,66,,64,57,68,75,64,88,77,,,62,67,58,83,73,,110,111,112,133,,,106,64,29,39,43,35,54,47,34,34,44,67,41,34,59,50,64,69,66,102,49,43,85,65,162,159,197,188,177,186,161,195,210,155,156,185,177,131,129,119,120,114,164,,144,178,138,,,,112,133,78,69,72,82,60,,46,,62,,37,,53,55,62,58,48,56,48,73,70,128,132,150,168,139,159,164,143,112,127,143,184,190,176,173,49,39,43,47,142,140,118,175,152,,113,24,27,40,25,,109,,105,105,119,94,120,,123,133,,136,159,144,124,175,151,134,153,176,170,131,123,135,,92,58,62,65,19,70,,107,,110,,126,100,117,113,124,121,137,85,75,71,38,42,38,126,140,138,,41,37,25,51,84,39,33,35,39,46,47,49,48,54,45,59,45,99,94,76,86,41,34,57,38,48,47,41,34,35,116,114,97,45,27,,44,44,,62,59,56,,,112,84,36,,,167,156,168,171,,155,130,159,159,124,124,,116,144,,159,,150,138,146,180,96,102,155,134,107,155,163,146,,205,169,262,249,324,151,82,145,116,78,113,59,191,104,303,182,152,95,156,127,123,128,112,92,90,56,115,85,94,,37,96,84,105,119,164,79,77,88,105,50,81,93,61,93,90,44,,,,50,49,54,53,69,,32,,,,35,,7,148,132,,127,138,161,129,100,115,120,,111,,114,137,121,151,138,136,179,139,139,134,122,142,111,,124,146,144,99,,102,122,123,110,64,59,55,62,68,56,,65,,,59,88,78,81,75,18,24,22,23,,31,30,50,16,34,36,29,27,21,26,24,114,103,107,112,51,51,58,45,56,71,109,72,100,77,77,75,61,65,141,,,115,116,125,112,123,81,95,112,97,92,96,29,25,24,,27,51,48,173,169,167,163,198,194,165,150,134,143,155,141,213,202,191,194,199,193,203,191,195,199,193,158,90,79,95,69,,117,106,121,123,41,37,43,74,53,117,102,119,86,110,173,163,76,70,131,89,86,86,74,69,78,55,43,43,85,83,62,67,38,42,45,65,54,,62,58,52,42,51,38,46,47,,46,41,50,47,54,60,53,57,43,34,35,46,75,67,41,42,50,64,,60,50,52,,,107,100,52,124,108,122,136,149,155,150,169,,47,49,90,89,87,85,93,90,185,308,271,,259,218,,208,203,131,140,,131,144,181,155,175,148,,138,62,64,59,78,86,63,47,,73,82,76,94,,,45,32,47,30,74,79,70,123,112,94,126,114,258,285,216,336,158,192,141,151,147,113,193,169,139,105,93,94,79,141,176,117,90,73,56,104,73,50,47,48,49,78,123,31,36,57,97,27,81,54,56,50,49,52,26,45,40,35,47,42,90,95,36,42,42,61,105,76,45,19,77,61,53,60,53,50,,70,66,63,56,55,78,74,79,42,49,50,49,52,40,48,41,48,63,32,20,28,41,46,44,,,,78,81,73,52,51,42,47,88,92,,55,56,49,53,46,26,20,24,29,16,21,18,23,19,10,17,15,16,27,26,28,36,29,30,25,16,20,21,19,18,17,46,46,41,41,34,44,36,40,39,22,32,25,31,31,29,36,38,34,35,32,32,33,35,41,38,36,40,38,27,31,27,34,24,29,31,35,37,127,124,115,,123,135,121,147,,158,146,137,,109,168,174,179,175,,132,114,140,140,102,101,93,104,162,166,164,46,46,54,54,60,73,84,86,90,143,137,146,,52,50,72,,,,,56,47,,49,37,44,45,56,69,56,52,96,88,37,33,36,73,34,37,33,23,49,32,32,126,107,95,70,77,24,36,47,27,29,42,,,41,50,62,62,46,51,74,23,35,40,37,35,42,63,99,40,32,35,40,16,19,16,18,24,20,12,18,21,14,20,24,44,30,34,33,31,12,31,22,28,31,14,9,73,70,85,95,92,69,66,94,100,88,92,90,73,77,82,71,86,114,103,106,69,96,93,,87,110,105,93,116,101,71,90,70,86,,92,111,,76,110,117,118,126,34,61,38,,51,21,27,42,47,55,,55,56,56,28,,,,,44,42,28,31,24,19,25,,20,43,42,52,56,65,26,22,29,44,57,31,40,47,,27,40,30,25,73,,42,48,44,50,54,51,100,36,90,100,20,23,57,45,191,,34,,21,31,109,107,113,111,110,104,115,108,80,96,77,130,,,101,162,154,170,97,126,75,72,136,146,93,91,141,118,122,110,120,67,,105,122,111,,139,125,89,177,83,65,72,98,73,59,66,60,101,95,76,214,212,113,98,17,69,64,54,54,191,205,142,336,,245,204,160,138,146,131,38,53,48,60,56,54,62,33,120,51,80,74,73,178,224,126,182,247,56,50,57,70,40,57,52,115,135,166,117,20,67,54,101,118,258,110,73,54,78,62,52,111,50,75,69,172,103,128,135,52,59,86,53,42,53,68,51,122,131,40,68,55,,70,72,68,132,,91,151,130,54,50,121,107,53,98,75,120,32,109,109,29,24,81,126,173,71,159,123,36,126,49,116,46,49,51,44,114,141,88,77,73,141,108,59,69,74,120
20171215,1,SO2,10,15,22,8,25,25,15,18,7,18,25,15,,,14,,18,17,18,,29,14,20,,8,5,,36,8,27,,33,27,16,26,25,30,30,36,25,34,56,40,,34,7,17,,18,26,40,29,30,30,27,12,,13,10,13,34,46,36,35,36,12,10,,14,35,38,39,7,13,14,24,31,26,22,130,,52,252,286,127,305,74,176,20,30,13,,13,8,11,11,93,108,129,,83,156,156,151,128,,116,15,18,11,14,7,12,9,23,11,16,76,66,46,65,82,34,26,51,42,29,64,62,20,,211,198,102,96,102,18,64,41,10,8,8,11,10,8,9,10,8,11,11,9,5,6,5,8,7,6,12,8,6,6,13,7,7,17,10,16,17,14,27,16,30,,,,17,4,,9,21,7,,7,7,9,,14,11,5,9,6,7,7,11,11,,,,16,27,,2,2,5,6,5,,6,8,6,14,9,7,5,11,,10,,1,5,5,13,9,6,6,8,9,9,7,5,13,8,20,17,13,10,,10,13,8,9,8,8,6,9,14,,,9,,12,10,,5,5,6,4,8,9,,14,19,5,5,6,4,3,4,3,2,4,3,6,2,7,3,3,1,5,,3,,7,8,2,3,,3,,2,5,6,5,3,,6,20,22,28,36,41,35,44,29,33,22,22,20,26,10,27,24,27,25,21,23,16,14,21,23,25,14,4,2,3,5,4,2,1,4,3,4,4,5,4,3,5,5,2,2,5,6,11,10,,6,5,8,5,11,13,10,8,7,5,7,6,11,9,8,5,6,8,16,12,8,15,16,9,16,6,7,11,33,19,16,13,9,10,10,21,16,12,7,6,15,20,12,14,12,8,7,9,11,11,14,18,16,10,13,13,10,12,10,9,10,4,5,5,4,6,7,,9,12,12,12,9,17,14,,,15,14,9,9,21,,8,6,1,10,,,7,8,6,6,19,5,12,17,8,6,6,14,22,17,12,13,48,56,7,15,10,3,15,6,23,31,29,38,34,57,27,55,17,28,21,29,32,32,30,25,30,42,27,,29,25,19,,,,42,32,3,11,22,8,13,,9,6,7,5,7,8,7,5,8,7,4,5,7,7,5,8,7,10,9,7,11,15,19,8,12,18,30,36,14,19,32,11,17,21,98,76,64,111,72,,221,7,7,9,3,,36,,14,15,20,11,10,,11,10,,12,37,39,34,44,35,31,54,29,52,6,11,9,,24,21,30,25,28,36,,13,,7,,11,27,32,30,22,16,33,10,8,7,12,8,8,18,24,12,,9,8,6,11,6,8,10,9,11,9,18,17,8,13,14,17,16,13,13,13,33,6,4,8,11,8,8,2,4,4,13,14,14,5,7,,31,31,,21,16,18,,7,7,7,9,,,9,6,7,17,,24,17,21,20,8,20,,30,34,,58,,62,68,124,156,175,150,63,173,160,31,18,43,,58,35,37,42,26,42,20,50,33,28,30,28,98,108,97,116,114,57,48,96,110,75,81,61,68,20,46,46,37,,10,57,50,39,23,18,17,43,14,13,13,12,30,39,51,23,7,6,8,6,49,15,12,29,19,4,10,10,12,9,5,2,5,24,6,,14,12,10,8,10,11,7,,8,,31,11,23,23,9,6,6,14,12,9,12,19,16,,17,15,12,12,14,14,5,11,8,7,2,7,1,2,6,,2,,,4,6,7,6,4,3,12,14,14,5,6,6,11,3,21,78,7,19,15,2,3,2,7,10,6,16,13,11,12,14,12,107,14,22,20,15,8,13,10,11,,,17,3,4,3,2,3,17,10,6,25,5,13,7,4,,5,16,8,16,31,32,20,29,43,24,38,12,11,88,118,24,14,30,26,27,21,22,23,19,18,25,16,2,3,5,39,,35,8,11,16,2,7,8,4,6,11,13,8,20,17,13,20,24,33,21,14,27,23,37,15,18,21,19,11,18,10,13,12,8,11,18,8,16,,13,16,16,4,4,15,11,23,,3,5,8,6,6,10,3,4,10,11,16,5,10,8,9,9,9,10,,8,4,1,,,15,11,37,14,9,4,8,10,8,9,7,,12,12,30,25,13,39,10,3,77,48,106,,60,210,,277,212,56,34,,79,48,89,65,50,116,,172,3,8,3,25,18,14,4,,7,15,10,21,,,6,1,51,24,11,10,9,99,88,86,121,79,27,66,26,70,88,80,91,80,206,57,260,131,63,101,88,59,37,91,64,87,70,15,14,15,22,21,19,6,20,23,62,14,12,14,31,6,11,21,11,11,10,4,5,14,11,10,13,13,24,37,8,12,11,23,59,79,45,8,3,16,12,18,14,5,,19,5,6,25,8,9,8,20,9,25,8,12,7,8,30,3,26,5,4,9,2,24,1,11,6,,,18,4,12,18,28,2,9,11,14,,27,10,26,25,20,1,4,5,6,2,12,12,15,24,2,5,9,5,11,9,8,6,5,8,9,4,4,5,5,4,8,28,14,24,31,42,33,8,14,20,24,28,29,25,35,7,5,11,3,1,15,6,19,12,21,20,31,27,25,7,8,7,7,4,16,22,12,8,5,6,8,,12,40,5,10,,16,10,13,,13,6,10,5,9,5,6,8,6,4,9,10,14,6,8,8,8,7,4,8,11,5,8,12,18,5,10,11,10,5,4,1,4,10,17,12,,6,24,,2,3,2,4,1,4,5,1,19,5,6,13,13,8,7,6,2,5,10,8,5,4,5,2,5,1,10,5,5,12,3,5,,,4,3,4,1,1,3,2,3,3,5,4,4,14,4,2,3,7,7,15,5,6,6,14,17,12,2,5,6,4,3,6,8,20,14,2,3,3,6,7,8,6,5,6,16,21,16,11,10,7,8,4,8,9,8,14,4,3,3,1,3,2,4,3,14,13,11,,12,16,10,13,12,16,16,2,5,24,,5,5,,6,6,7,5,8,9,18,8,,18,11,10,15,15,28,,30,37,28,11,,,,,2,10,7,8,1,2,6,,28,9,7,20,27,,11,7,8,5,7,14,20,11,,6,11,7,5,8,,6,8,12,10,10,10,49,14,6,7,3,5,14,11,5,,9,,5,3,7,10,12,13,16,30,22,27,11,15,16,29,,,7,12,33,28,21,13,17,10,15,14,17,9,24,14,10,36,29,6,,44,20,4,,34,12,13,19,17,20,9,9,14,7,13,3,17,17,12,24,26,17,10,5,11,7,6,11,21,22,4,32,,42,47,56,38,47,38,3,3,7,8,11,10,51,3,11,12,13,10,15,41,229,50,183,79,10,10,9,24,14,30,8,11,13,9,8,10,35,36,102,24,128,95,9,8,3,4,7,11,9,4,20,24,38,67,12,7,26,6,7,13,16,15,5,14,37,18,25,13,16,11,14,20,163,,15,9,14,6,30,11,11,5,23,4,17,7,15,30,2,3,16,27,33,15,33,29,4,43,27,9,20,37,27,34,9,33,17,33,8,14,5,1,2,5,7
20171215,1,SO2_24h,21,13,24,19,24,25,18,20,12,18,21,13,,,23,,26,31,26,,26,19,21,,17,16,,22,29,39,,22,22,5,56,53,64,69,84,57,25,48,43,,42,12,22,24,27,45,47,33,36,29,42,34,,25,25,29,41,42,46,57,44,24,24,,25,46,42,42,9,15,17,24,28,21,23,94,,62,132,213,117,188,56,120,38,44,57,54,44,30,44,31,58,80,86,,95,137,129,106,193,,111,44,61,40,46,45,26,17,48,41,32,129,183,57,50,67,20,28,40,29,42,64,57,26,,131,125,85,99,155,22,64,52,9,6,8,10,9,9,8,7,7,9,13,10,7,6,5,9,8,5,12,9,6,8,14,8,6,17,11,15,11,11,17,16,23,,,,27,10,,13,23,12,,6,7,8,,16,10,7,11,9,9,10,11,10,,,,15,15,,3,4,6,5,6,,7,6,6,14,10,9,7,9,,8,,3,7,6,12,9,7,6,9,8,8,6,4,13,8,9,10,11,9,,9,9,6,8,9,8,7,8,14,,,7,,6,9,,19,5,5,5,8,9,,15,11,5,6,6,5,4,5,3,4,4,5,7,2,10,3,3,2,5,,4,,8,9,2,4,,3,,3,4,8,5,4,,5,24,25,27,32,24,30,33,38,20,12,23,20,20,14,21,22,18,20,16,17,15,14,14,18,19,14,5,3,4,5,4,2,2,8,4,4,4,5,4,3,5,6,3,2,4,8,11,11,,7,6,11,6,12,15,10,11,7,5,7,7,11,8,9,5,8,9,11,9,7,18,12,9,12,8,12,15,28,21,21,20,18,18,12,20,16,15,8,8,18,19,16,15,12,10,8,9,9,12,18,19,19,10,14,13,11,12,9,10,11,4,5,4,4,6,8,,16,13,13,13,16,16,12,,,17,15,16,9,16,,13,9,4,12,,,11,10,8,12,27,8,29,25,14,10,15,21,12,13,12,15,23,22,7,10,7,3,14,5,21,30,35,30,28,28,20,49,16,28,20,24,30,39,32,36,31,30,34,,29,27,27,,,,64,40,2,9,14,8,9,,11,7,8,9,9,11,11,6,7,7,2,11,7,7,6,40,45,45,40,39,26,35,33,21,23,29,88,98,42,60,46,36,22,48,86,78,60,134,143,,113,7,8,10,7,,23,,16,21,20,15,16,,16,19,,15,39,42,42,39,45,33,62,30,44,19,19,11,,27,18,30,25,24,32,,18,,12,,17,18,22,17,24,20,26,11,8,6,12,8,9,24,26,21,,9,9,7,11,7,9,9,8,11,10,17,9,7,9,10,8,11,12,12,12,18,6,4,6,11,9,9,2,6,5,18,19,19,7,8,,16,16,,22,18,19,,14,12,10,8,,,6,8,11,69,,87,72,142,119,13,15,,23,26,,85,,83,64,77,73,81,76,45,77,77,105,34,85,,101,92,120,113,94,103,37,43,34,27,30,23,104,65,102,131,91,54,33,96,104,93,134,144,34,31,58,34,39,,12,42,64,55,29,36,17,26,18,15,16,24,24,28,38,30,8,7,9,6,15,13,13,11,21,5,10,10,12,11,10,3,5,14,10,,18,11,17,9,19,23,18,,20,,19,14,15,15,9,6,8,14,15,10,14,14,18,,15,13,12,11,12,14,5,9,8,8,3,7,2,6,6,,2,,,3,7,6,6,5,4,10,18,11,6,6,11,10,2,15,53,11,19,6,2,2,4,6,9,6,17,14,13,14,17,14,59,34,31,20,11,8,15,11,45,,,20,5,8,5,4,3,7,12,7,7,8,18,7,5,,13,21,10,21,28,26,20,33,41,33,33,14,19,50,36,19,20,22,21,23,22,23,25,19,24,20,14,40,15,16,11,,34,39,62,56,2,7,9,4,6,19,14,9,29,28,16,20,27,20,20,15,26,30,38,9,23,16,15,12,10,7,14,18,9,12,11,8,19,,13,16,17,7,4,15,13,23,,3,5,9,6,7,14,9,5,10,10,30,4,4,7,9,10,10,10,,10,4,2,,,53,35,24,13,9,4,7,10,8,8,6,,10,9,25,30,19,16,13,6,139,115,147,,126,143,,165,158,46,33,,60,56,81,76,66,70,,101,12,22,11,72,69,37,10,,22,37,24,41,,,27,14,59,33,15,14,13,77,105,114,112,78,83,118,73,104,60,40,40,68,267,105,222,173,57,48,61,56,41,75,77,83,52,23,17,20,21,23,34,13,9,15,28,6,14,12,19,8,24,27,31,17,14,13,8,10,16,10,11,18,19,25,11,35,44,53,90,91,46,8,6,17,17,16,16,6,,19,8,8,24,14,11,11,18,15,22,6,16,11,7,12,10,16,4,7,6,4,22,2,13,4,,,12,8,11,7,10,2,7,13,15,,15,15,22,27,21,1,4,6,5,2,9,8,10,16,2,5,8,8,12,11,9,8,6,9,8,4,4,5,6,5,3,22,12,13,16,28,17,5,12,10,5,33,38,33,43,4,4,12,9,2,10,7,17,12,10,9,16,14,16,6,7,8,7,6,8,14,13,9,9,20,20,,22,17,6,19,,24,19,15,,22,6,10,6,11,9,6,5,6,6,10,10,13,6,7,8,7,9,5,4,8,6,8,9,24,5,11,11,10,6,5,3,5,10,12,6,,7,8,,10,2,2,3,2,4,5,2,8,4,10,16,14,8,9,7,9,14,8,13,13,5,3,1,12,2,13,8,8,17,4,5,,,5,4,5,2,3,3,2,4,3,12,4,4,7,4,4,3,7,6,9,5,6,6,12,9,11,1,6,8,4,3,7,9,18,20,2,3,4,5,8,8,6,5,6,15,18,19,13,8,9,11,9,10,12,12,8,5,6,6,4,4,4,36,3,18,22,14,,18,26,14,13,14,26,15,3,13,7,,5,5,,8,10,7,6,9,9,17,10,,19,11,11,15,13,16,,26,30,32,16,,,,,3,11,10,9,9,7,6,,40,11,13,22,59,5,12,8,8,5,10,17,21,13,,19,5,7,5,8,,5,9,18,15,9,11,14,9,7,8,3,6,16,9,5,,6,,5,4,9,12,9,15,23,34,33,24,11,21,23,20,,,43,11,50,30,21,20,20,14,27,32,15,13,14,39,20,43,22,6,,39,41,15,,51,24,12,42,61,21,20,16,21,12,21,11,13,12,12,23,24,17,26,5,13,8,12,14,20,22,4,23,,29,36,50,51,52,42,5,31,21,11,15,12,27,4,18,13,24,14,21,37,171,40,128,53,6,10,8,10,10,23,5,18,18,20,10,8,22,19,45,21,96,74,12,7,4,5,7,22,4,4,36,108,46,134,15,8,14,9,9,12,12,15,5,14,87,14,24,12,16,14,17,14,78,,20,17,16,8,15,15,10,5,51,27,27,7,12,22,2,4,30,21,35,19,99,26,11,32,9,15,18,35,31,40,9,29,28,32,14,26,7,2,9,5,14
20171215,1,NO2,67,66,71,57,102,73,88,81,64,73,90,86,,,57,,46,55,58,,59,70,61,,70,61,,66,57,67,,56,60,75,68,70,74,70,74,74,64,78,,,77,62,56,55,64,75,73,65,62,72,77,17,,15,12,21,61,64,67,70,63,66,73,,65,56,60,62,47,39,43,55,58,61,56,89,,79,76,82,91,76,88,92,19,17,22,17,26,14,8,12,80,87,102,,77,109,105,101,93,,98,29,25,20,22,9,20,14,76,43,24,53,49,56,55,58,39,30,59,63,51,69,64,23,,83,86,93,77,81,23,61,63,56,40,47,43,58,65,61,34,36,37,34,29,45,34,25,35,41,28,47,60,69,58,36,66,44,81,60,49,49,48,62,55,60,,,,55,47,,44,51,54,,39,29,29,,36,59,43,38,58,50,42,53,55,,,,43,48,,18,42,39,22,28,,26,37,22,44,31,49,33,50,,49,,43,41,52,59,74,45,58,49,58,69,58,45,63,54,66,60,61,61,,52,,51,54,33,57,41,64,51,,,54,,61,60,,24,25,36,6,4,9,,56,55,29,35,36,26,38,45,33,23,23,18,27,17,38,41,34,21,26,,22,,43,29,9,19,,37,,23,34,38,51,22,,22,61,50,63,73,64,77,71,55,79,71,69,85,70,108,91,78,65,53,59,55,51,44,58,49,56,48,25,26,31,33,28,41,31,26,31,25,30,30,33,31,40,36,40,40,33,36,53,45,,47,45,54,38,41,38,47,28,16,15,22,24,33,55,39,8,46,23,53,75,68,64,65,45,40,47,46,55,54,50,45,61,53,58,67,53,53,52,48,37,43,38,33,48,28,28,24,31,50,41,40,44,39,38,44,44,31,20,49,37,49,6,2,5,5,9,26,,29,41,32,47,29,39,50,,,35,41,31,36,35,,24,49,51,43,,,45,21,15,23,29,12,24,22,25,23,23,54,49,37,58,69,67,70,60,94,72,47,51,20,81,78,74,88,33,72,78,80,65,77,66,74,69,60,68,17,95,87,26,,48,18,16,,,,68,67,60,56,51,60,50,,6,41,30,33,40,39,38,39,36,39,39,10,35,31,34,9,13,6,8,9,9,19,35,16,18,25,49,74,41,49,23,23,29,30,90,90,66,74,57,,80,15,19,29,10,,65,,56,56,56,55,56,,58,17,,48,80,88,81,82,83,58,48,62,83,48,66,47,,15,33,51,61,59,51,,33,,45,,51,40,54,45,31,36,58,60,39,47,13,42,29,68,61,50,,23,28,22,24,35,31,23,19,29,25,31,33,32,35,34,30,36,37,20,20,30,35,28,33,17,18,14,29,24,23,51,44,41,38,35,,55,47,,39,32,50,,40,32,48,23,,,52,49,44,2,,13,6,10,7,30,45,,39,41,,38,,52,24,44,77,85,60,67,69,72,30,30,57,,42,53,53,34,29,42,23,67,68,49,50,51,86,55,54,56,60,57,44,72,75,70,70,67,64,26,62,78,57,,9,56,56,56,44,46,32,49,43,47,20,31,58,69,108,63,48,46,54,42,31,33,32,31,35,29,35,21,26,22,42,29,4,43,49,,44,27,49,46,48,54,53,,58,,50,55,54,50,52,60,43,47,47,45,39,42,47,,47,35,51,47,44,42,47,48,42,28,22,23,29,12,17,,44,,,30,28,24,16,11,18,34,25,32,22,23,17,22,10,29,21,19,23,15,6,10,28,37,44,36,,34,36,31,42,28,92,57,83,45,50,48,40,55,32,,,47,28,34,38,31,25,20,27,37,27,35,31,20,27,,25,29,20,69,71,73,69,43,50,53,49,35,46,57,67,103,54,64,70,67,53,64,66,63,58,63,71,8,14,5,39,,53,37,8,14,44,30,7,37,23,24,29,23,28,52,36,37,65,63,85,62,68,80,51,44,48,51,19,51,43,43,38,42,20,19,31,48,31,,51,87,52,37,32,44,22,39,,,20,32,22,34,94,46,48,37,33,41,43,58,101,16,10,47,41,,45,54,45,,,40,33,40,36,46,35,48,49,52,48,49,,44,35,71,77,54,64,59,29,56,60,59,,65,76,,66,70,46,37,,48,52,72,65,67,49,,52,8,6,6,18,23,11,,,13,13,15,9,,,5,2,33,26,11,8,6,56,74,65,69,64,40,85,60,65,60,85,77,102,48,66,61,56,97,114,80,67,55,64,57,59,55,30,20,31,46,29,41,15,33,54,50,11,31,20,58,21,27,19,14,13,29,15,5,29,58,36,54,15,74,65,49,8,6,22,72,82,62,7,23,23,35,59,17,29,,35,22,23,37,21,51,39,57,55,61,60,45,60,67,44,33,45,47,23,18,22,22,24,18,30,,,49,34,57,32,25,20,12,36,43,,41,56,71,54,35,14,8,28,17,8,16,18,22,22,3,15,17,15,25,25,22,30,39,33,18,3,6,3,16,10,38,18,31,25,19,49,39,38,37,42,43,47,21,39,38,28,35,31,33,44,33,39,33,44,37,32,30,37,33,10,21,20,21,15,45,32,28,21,70,48,52,,41,64,48,56,,59,58,52,,56,46,40,37,44,25,50,44,52,40,56,58,42,45,58,53,45,24,36,49,34,32,21,53,44,54,43,46,60,48,28,14,13,60,66,61,,31,29,,16,54,49,43,31,23,27,28,32,30,32,31,36,30,44,33,28,33,37,27,36,28,43,32,23,28,38,29,29,30,27,38,,,22,20,13,11,12,12,13,12,16,29,29,20,2,13,22,25,20,26,26,20,18,18,12,17,25,16,18,23,19,15,18,29,18,14,28,20,12,16,21,18,21,12,12,37,27,29,36,27,24,31,29,20,5,19,35,16,29,23,19,37,46,44,35,17,21,22,,25,44,56,41,48,51,36,2,23,32,,,36,,18,46,17,25,15,17,11,24,,17,18,29,52,69,59,,40,38,46,26,,,,,2,21,21,18,9,10,24,,15,17,20,19,19,2,12,13,22,33,16,13,42,34,,9,12,8,13,35,,19,13,36,31,25,35,2,16,50,26,16,16,74,59,28,,9,,4,9,24,49,55,29,45,42,33,43,18,24,27,38,,,7,41,56,68,23,16,13,4,30,23,36,55,30,14,11,50,59,37,,48,46,27,,28,19,19,13,16,16,7,15,19,11,16,9,47,18,24,82,82,41,70,3,23,13,4,45,86,95,38,75,,109,58,85,55,55,58,6,4,29,37,52,27,75,17,29,44,80,66,52,66,77,39,57,88,48,39,87,54,39,13,22,48,46,53,42,29,46,40,47,45,82,90,19,55,19,32,65,64,39,41,51,11,59,53,50,8,54,49,21,70,49,70,37,31,59,63,60,41,69,42,31,48,55,,50,51,54,36,52,26,31,15,5,5,59,15,48,43,41,13,71,61,35,34,25,69,12,57,13,59,34,40,37,39,31,29,11,82,34,67,20,44,45,39,48
20171215,1,NO2_24h,71,61,68,67,79,69,78,72,58,69,77,75,,,70,,66,72,70,,70,64,58,,62,65,,66,71,67,,54,64,52,64,65,68,71,69,70,45,56,63,,57,55,52,51,57,76,71,67,62,70,79,57,,64,64,60,55,57,58,63,55,72,78,,70,63,58,60,46,44,38,53,53,59,55,79,,80,81,83,79,83,82,85,52,51,55,62,51,55,56,49,49,69,74,,62,95,81,81,80,,87,79,47,63,60,41,57,21,73,62,31,66,63,53,57,60,20,33,54,52,59,57,65,31,,76,77,79,75,74,36,57,71,47,41,47,43,42,47,42,26,38,32,42,30,48,42,35,40,42,36,42,44,53,51,41,56,40,66,49,31,33,38,40,40,48,,,,58,51,,44,56,62,,34,23,24,,43,58,41,45,51,49,49,39,52,,,,45,39,,22,28,29,24,26,,32,26,24,30,31,32,29,38,,37,,41,42,50,54,73,23,66,53,59,71,57,47,65,46,46,65,55,62,,70,56,56,51,41,60,41,54,43,,,44,,36,46,,38,27,32,11,7,9,,46,43,34,27,24,27,30,38,46,35,28,22,36,27,42,53,37,32,20,,28,,41,28,9,23,,37,,29,33,43,48,29,,22,70,60,66,74,64,76,71,63,45,54,60,68,58,83,70,74,47,52,56,52,51,46,52,51,59,45,28,30,36,41,31,44,38,35,28,20,32,33,32,29,40,36,40,39,31,24,63,52,,55,48,63,40,50,36,52,30,35,27,38,38,27,28,49,12,26,24,37,52,58,59,64,56,43,56,59,70,60,53,46,75,62,67,71,70,72,69,65,39,47,44,50,53,30,28,30,29,38,49,40,52,43,34,42,49,27,20,38,38,45,6,6,10,10,16,32,,48,51,53,52,36,51,48,,,41,53,47,53,45,,40,41,49,39,,,47,27,17,25,31,14,28,23,26,23,26,39,38,12,35,39,42,45,41,66,46,28,47,25,68,70,67,76,52,63,65,70,56,63,62,64,57,64,55,28,62,66,53,,56,34,28,,,,55,51,48,48,29,43,38,,15,40,34,34,43,41,37,38,34,38,39,15,34,30,33,49,56,52,45,49,43,56,52,46,48,47,69,87,71,71,23,21,27,32,85,86,55,62,58,,66,16,21,28,11,,54,,56,57,57,60,48,,50,43,,49,69,75,71,65,76,50,62,70,74,39,53,39,,15,45,55,56,48,50,,35,,46,,47,51,54,54,41,36,52,44,37,35,19,37,26,58,45,53,,31,37,32,23,37,26,18,10,24,22,33,23,21,25,22,18,24,33,21,23,26,30,30,41,16,23,16,32,25,24,56,52,49,33,28,,25,20,,31,29,35,,44,37,45,18,,,54,55,50,51,,46,44,61,42,35,52,,44,45,,38,,49,20,32,73,75,62,68,70,70,46,39,83,,88,87,87,72,86,83,60,65,61,37,49,32,81,55,53,58,61,54,42,65,66,64,63,64,51,38,60,47,48,,9,42,46,49,44,44,26,41,42,41,20,29,42,47,93,69,44,40,49,34,33,28,28,29,20,31,32,22,29,20,39,27,7,50,54,,50,35,48,45,50,56,53,,61,,51,58,51,49,49,57,48,53,48,46,45,39,42,,42,34,50,43,39,42,45,43,39,27,21,24,24,15,14,,30,,,20,34,30,18,17,19,36,21,34,18,22,16,22,11,32,26,23,29,17,11,12,19,34,37,26,45,41,44,43,54,35,66,52,67,38,45,48,38,55,42,,,57,29,38,44,40,26,24,29,32,37,32,32,24,25,,27,32,22,64,64,61,59,45,52,58,45,39,48,58,52,77,57,57,64,62,50,56,59,57,55,58,56,19,22,14,38,,34,36,28,34,29,25,6,45,16,48,55,40,40,54,54,55,54,43,75,59,50,65,41,31,35,40,18,40,36,36,31,48,20,19,37,42,32,,41,75,42,40,32,36,32,31,,,32,33,19,30,58,42,40,31,35,44,39,52,58,23,16,56,55,,39,42,41,,,61,44,39,35,44,34,48,48,49,47,50,,35,29,47,46,29,39,31,26,66,73,60,,78,80,,73,78,43,36,,41,41,70,67,68,47,,49,17,16,13,36,48,25,32,,24,31,29,47,,,24,20,30,20,17,16,10,46,58,54,55,50,93,114,80,79,42,60,53,89,47,51,61,57,69,74,47,58,51,59,56,55,47,27,21,32,32,25,44,21,26,43,35,6,14,26,34,8,27,23,33,16,37,29,3,18,36,18,38,17,66,40,47,19,20,36,62,65,41,8,22,30,40,46,17,34,,28,29,31,33,19,43,34,44,47,43,34,33,37,36,36,24,38,32,20,17,17,26,28,28,21,,,47,31,60,36,33,24,12,28,36,,28,35,55,43,27,22,9,18,18,9,18,19,21,19,3,17,18,20,22,21,23,35,33,36,32,7,7,6,22,21,31,23,38,32,23,37,29,31,32,28,29,34,19,40,41,28,37,35,39,48,30,36,33,43,35,31,26,35,34,14,25,22,24,19,33,22,26,29,68,50,56,,49,65,53,60,,62,59,47,,57,54,47,46,55,28,49,44,49,39,50,47,35,44,63,58,48,32,39,38,31,32,29,46,49,47,47,49,62,51,41,26,22,52,55,54,,25,22,,26,42,43,39,26,25,27,27,36,23,30,31,36,29,45,34,30,31,33,31,36,30,43,32,25,29,39,32,32,34,31,41,,,23,33,14,16,17,16,21,20,21,33,32,23,6,22,25,24,16,26,30,26,23,41,17,17,26,11,19,22,18,15,23,27,26,23,27,19,12,21,21,14,19,10,13,27,39,43,41,29,29,30,30,25,18,27,36,24,36,33,27,35,49,52,42,18,31,32,,29,49,62,51,48,49,25,14,20,31,,29,35,,19,47,23,32,19,16,19,23,,24,16,30,29,42,37,,35,30,44,18,,,,,6,22,30,27,20,16,27,,18,13,15,28,35,3,28,22,19,20,19,17,28,19,,9,8,15,17,26,,18,18,33,27,23,30,26,15,28,15,14,24,37,19,17,,6,,5,11,19,40,39,35,32,42,35,36,21,27,27,41,,,21,47,63,63,38,31,18,17,54,47,30,32,35,43,29,38,45,41,,44,48,42,,48,31,30,25,23,19,10,21,22,18,28,21,27,26,32,74,70,28,58,5,29,18,10,21,62,66,28,47,,66,41,62,53,54,53,12,4,37,26,33,24,48,28,36,51,66,69,67,65,81,34,59,76,36,29,69,46,38,15,20,51,42,57,45,31,30,28,36,40,71,63,28,41,14,35,43,72,37,44,64,56,43,47,38,20,53,47,23,42,46,53,24,36,70,34,53,45,59,58,55,50,44,,70,55,58,33,24,36,40,22,45,30,45,9,42,43,37,16,75,62,50,43,31,59,28,52,21,48,23,26,24,27,24,44,50,61,50,67,29,31,35,29,52
20171215,1,O3,1,4,13,5,3,4,3,5,,9,5,,,,5,,16,10,4,,3,1,3,,,3,,5,4,7,,2,2,14,7,7,10,12,7,10,8,8,9,,9,1,5,2,,13,2,10,15,13,5,51,,34,54,62,3,5,3,8,6,3,4,,4,4,7,8,3,8,6,,3,7,3,6,,4,5,15,2,10,5,2,52,48,51,43,45,56,55,40,11,,7,,11,7,5,5,5,,7,41,44,51,49,61,58,58,5,21,59,24,19,6,12,12,25,25,14,20,19,35,30,81,,7,7,8,9,7,90,14,46,35,49,45,51,33,11,36,53,56,51,25,31,25,30,34,24,22,38,23,11,9,9,20,10,9,19,27,10,23,22,12,7,,,,,3,6,,10,5,14,,12,13,14,,27,16,19,36,12,24,27,9,13,,,,20,11,,35,16,20,34,36,,39,12,30,9,21,3,19,19,,2,,2,7,,3,9,15,2,1,2,2,2,4,3,5,2,4,3,2,,9,,2,12,22,7,19,3,3,,,9,,5,10,,30,29,14,80,82,54,,1,1,20,25,16,7,3,19,15,18,25,35,24,27,42,17,19,30,46,,53,,39,28,45,66,,10,,28,18,16,10,29,,21,5,4,1,5,7,8,6,3,10,2,4,4,9,9,15,4,7,2,7,4,2,6,5,7,2,4,19,13,8,13,10,11,7,11,6,14,2,10,2,12,5,5,8,12,4,5,2,3,,4,3,4,15,4,5,4,16,87,80,73,61,45,8,48,65,23,61,11,26,32,34,25,2,3,,1,1,1,6,2,1,4,5,2,2,2,2,1,6,5,9,16,1,12,13,21,7,4,9,10,5,15,8,5,4,11,30,2,9,6,62,79,51,55,55,45,,39,22,29,20,30,21,8,,,27,24,38,28,26,,31,10,16,7,,,11,37,22,23,20,25,14,8,21,8,18,15,31,39,5,,9,6,14,12,15,21,25,62,8,8,6,6,2,8,5,8,8,4,8,5,5,22,16,75,2,13,78,,43,81,68,,,,7,5,5,6,9,9,6,,47,8,7,10,8,7,3,5,4,2,4,46,4,9,9,49,51,51,53,46,46,48,22,46,49,36,34,23,18,19,31,26,22,28,10,12,11,16,9,,5,61,58,56,69,,5,,5,4,7,3,,,,15,,4,5,3,1,2,3,6,24,,10,11,11,5,,33,17,24,8,12,6,,17,,14,,10,22,17,31,23,22,1,6,25,22,46,32,31,3,10,8,,31,26,28,24,14,46,57,53,40,55,51,42,38,39,41,37,33,35,33,41,35,4,6,3,71,78,71,13,11,12,7,12,13,14,4,,18,14,,39,48,30,,5,8,2,20,,,8,10,5,57,,31,44,47,40,23,34,,27,17,,6,,2,3,11,11,6,10,34,10,9,3,3,,,29,24,11,35,63,20,26,5,22,15,18,17,18,5,20,17,15,3,6,10,4,15,8,8,15,47,12,18,32,,75,8,12,18,5,5,11,13,16,16,34,27,5,3,8,8,10,15,10,17,22,21,29,23,48,13,14,18,20,18,4,16,88,5,6,,7,5,3,,2,5,7,,,,,,,3,4,3,5,1,3,5,14,3,2,,,34,7,7,10,11,4,5,10,6,8,21,14,20,5,,8,,,8,31,48,32,34,26,16,8,17,9,25,22,17,20,11,38,12,10,14,51,50,16,18,10,11,22,18,13,15,16,20,8,10,7,11,4,8,6,3,30,,,46,25,16,22,23,36,23,36,47,53,40,47,25,20,,20,38,36,5,5,3,5,4,3,11,5,12,8,6,5,6,12,6,8,8,9,10,8,2,2,4,1,72,64,74,39,,14,65,68,67,14,11,22,45,11,46,53,170,11,4,18,27,6,4,1,10,6,4,7,5,17,10,26,6,7,1,31,21,42,53,33,2,22,,18,14,29,27,39,,18,31,,,60,45,34,20,9,7,81,24,28,31,12,22,9,48,53,31,29,,54,,8,,,26,21,4,2,5,5,3,6,7,8,5,,22,33,12,3,11,8,8,26,11,13,2,,14,5,,5,6,13,10,,10,6,6,10,7,15,,18,61,60,68,29,22,42,35,,61,37,67,62,,,53,61,16,12,89,90,90,13,8,13,7,15,24,9,9,7,10,13,5,4,6,11,4,4,10,16,6,3,24,5,9,6,12,25,32,11,15,41,18,26,32,19,28,51,48,54,8,34,39,55,54,58,22,35,31,37,5,30,8,65,2,,29,59,56,53,19,17,6,43,31,56,43,4,27,42,,18,21,20,22,17,6,15,10,27,7,53,26,17,1,33,24,21,34,23,25,33,37,33,70,13,,,18,22,24,34,25,31,31,27,16,,25,40,54,27,39,62,63,36,62,62,31,33,30,21,82,36,37,22,25,26,27,17,2,11,26,24,21,30,31,29,5,1,2,2,14,4,6,6,6,4,4,12,13,13,13,16,18,9,11,7,6,5,5,4,8,10,7,6,10,15,15,14,14,18,12,12,10,13,5,9,4,,8,3,4,6,,10,4,2,,,4,13,,2,4,13,11,6,14,8,11,13,12,2,2,,4,2,2,3,4,36,7,7,2,3,4,3,5,17,22,27,9,9,5,,10,12,,24,2,,2,2,6,15,12,2,9,,2,2,1,2,3,6,3,2,7,4,10,4,6,15,17,19,6,1,6,,10,,,9,5,30,26,26,23,22,25,17,12,14,16,17,17,9,19,22,8,4,36,34,39,28,26,10,21,15,11,16,10,22,6,22,14,11,6,19,27,17,8,8,24,22,31,33,37,29,33,24,30,23,23,27,28,26,26,20,23,19,34,19,32,21,44,36,31,,29,41,30,17,54,63,55,68,42,95,,8,3,,31,39,36,28,35,22,19,14,,35,49,53,7,4,4,,24,21,39,30,,,,,29,23,22,25,4,14,16,,34,28,26,33,42,92,98,95,17,7,32,21,32,3,,46,44,40,37,6,,61,68,11,2,13,10,42,73,4,9,52,69,6,15,13,,66,,69,63,10,6,6,9,18,27,31,31,28,19,20,5,,,71,29,2,15,70,66,69,72,77,69,40,11,66,75,52,23,20,19,,4,6,52,,92,49,77,96,65,81,58,44,46,75,77,80,34,77,50,5,3,11,1,77,36,40,55,10,8,10,39,16,,6,39,33,6,4,7,34,64,110,20,5,28,11,56,24,2,2,3,7,2,12,14,8,7,14,22,7,10,16,37,20,11,17,3,11,22,6,3,34,7,9,5,33,4,27,2,23,1,39,7,,36,10,12,19,20,,,25,1,10,12,8,5,16,1,5,30,7,29,32,19,11,,9,3,10,13,27,32,21,57,62,49,4,39,3,2,16,33,,3,42,21,3,,39,2,67,1,2,3,4,3,14,61,51,8,37,2,15,2,5,7,7
20171215,1,O3_24h,24,15,24,29,16,25,16,20,17,11,24,16,,,32,,35,32,29,,38,32,52,,40,35,,25,19,13,,15,9,35,32,36,31,31,33,37,62,43,38,,46,40,61,47,38,42,26,30,39,39,28,51,,34,54,62,23,23,29,18,24,23,20,,18,41,52,52,26,42,41,23,22,24,29,13,,15,16,32,8,15,9,11,52,48,53,43,48,56,55,40,42,31,29,,27,12,13,13,10,,78,46,44,55,63,64,59,72,66,43,76,42,35,21,49,41,87,73,63,61,58,87,70,105,,43,46,39,44,42,90,56,74,70,69,61,68,74,67,66,78,75,71,64,64,66,60,56,60,66,62,64,58,55,39,51,58,41,58,56,70,76,70,70,72,37,,,,29,43,,40,31,37,,55,56,75,,57,60,54,63,47,55,58,45,52,,,,48,61,,78,72,73,66,70,,61,58,65,59,58,56,68,71,,123,,37,45,34,39,36,67,13,41,37,24,34,14,42,44,54,37,57,45,,12,44,31,32,51,37,52,40,45,,,55,,40,41,,60,81,77,88,89,75,,40,42,31,51,50,31,36,43,39,34,44,57,41,57,69,24,47,47,85,,70,,78,62,56,79,,24,,35,38,21,29,40,,37,6,6,2,48,7,11,9,10,54,44,32,58,46,27,50,17,57,20,25,21,21,19,24,24,20,32,25,22,18,21,20,28,14,14,28,37,10,17,10,21,11,13,14,19,12,12,17,28,,26,38,32,35,25,37,35,37,97,92,91,71,86,130,111,87,83,63,105,147,112,146,92,29,32,24,38,37,24,28,26,47,62,67,68,41,42,38,44,48,45,39,52,44,55,49,53,66,85,22,34,18,36,23,20,12,33,38,36,24,22,72,100,52,58,60,47,,39,32,33,25,50,21,20,,,41,24,40,28,36,,39,52,41,36,,,42,76,39,42,30,44,36,24,36,38,41,92,97,97,89,92,85,78,112,109,114,100,108,116,14,14,11,8,7,9,12,12,28,12,19,7,15,57,51,80,68,59,94,,58,104,70,,,,80,48,32,37,53,39,42,,56,17,10,16,16,16,9,11,11,6,8,59,9,18,18,61,69,52,58,54,46,64,62,56,64,64,34,28,18,19,56,54,52,56,45,79,42,54,20,,20,82,81,73,87,,34,,26,29,30,19,29,,29,31,,9,21,20,15,20,23,34,29,23,26,66,136,48,,67,59,57,41,59,47,,53,,48,,44,44,41,131,33,45,28,54,55,59,60,71,68,31,47,39,,58,36,51,54,40,91,113,110,87,97,98,97,97,93,101,99,92,86,73,81,76,65,62,48,92,92,86,40,44,39,63,66,65,50,50,,81,96,,105,115,112,,27,31,28,67,,,28,26,22,57,,31,44,47,40,58,58,,56,50,,38,,33,42,38,27,29,32,46,24,52,5,8,18,,29,24,21,35,63,20,26,27,38,56,39,58,31,32,27,21,33,12,32,26,30,35,26,34,71,66,55,69,72,,88,50,49,57,40,50,61,46,57,60,77,52,42,42,41,30,54,42,48,51,59,58,64,58,118,30,42,41,43,70,43,38,95,18,27,,36,16,17,13,37,32,44,,17,,13,13,18,19,18,21,17,15,19,17,22,25,20,,22,46,22,16,31,20,14,28,23,17,16,25,58,33,23,,23,,,25,31,48,39,42,51,50,46,50,22,37,33,29,38,23,41,20,14,38,58,63,44,36,34,41,22,22,14,15,16,107,86,89,94,91,14,12,10,4,53,,,46,45,41,39,45,70,51,53,67,59,63,73,47,50,,43,79,93,17,15,17,19,22,24,30,24,44,46,29,33,13,18,18,14,17,17,16,18,13,9,13,17,93,93,97,77,,70,73,89,68,57,45,37,45,59,72,84,170,83,39,18,27,50,50,36,43,44,60,65,52,57,53,60,53,41,1,66,50,57,74,55,62,58,,47,44,62,44,54,,55,66,,,69,66,69,63,64,59,103,66,65,58,46,64,47,65,75,39,49,,85,46,53,,,42,44,11,54,47,49,47,23,28,23,16,,83,99,57,48,59,58,52,39,17,20,16,,23,17,,21,20,46,31,,44,31,14,19,17,42,,48,90,91,93,37,31,51,35,,81,53,80,62,,,53,62,50,52,105,100,99,69,40,49,38,54,31,20,21,16,29,42,33,26,15,28,14,12,55,56,53,44,57,15,25,40,37,60,60,31,48,97,80,79,70,64,69,80,79,69,73,78,67,62,54,152,63,69,66,73,87,76,61,79,52,60,46,78,73,83,44,59,57,55,71,60,64,59,62,73,,48,41,53,52,48,58,50,62,66,63,65,54,61,57,76,79,33,78,89,51,57,66,69,83,55,,,64,71,62,42,38,52,55,51,47,,63,64,68,54,61,81,79,85,88,79,57,58,58,58,88,54,61,56,47,52,51,45,45,63,46,33,36,33,35,33,28,26,29,28,42,20,22,24,24,18,29,35,33,29,24,34,63,25,30,20,23,21,14,19,39,40,42,39,32,26,21,21,21,25,34,28,31,39,39,38,40,,32,33,10,17,,23,17,11,,9,12,20,7,9,19,29,25,24,31,53,46,45,43,8,8,5,20,14,22,26,21,46,33,23,25,14,12,13,13,17,25,27,27,30,30,,29,32,,25,14,16,16,21,40,39,41,43,42,13,10,6,8,9,11,23,22,20,16,18,13,9,10,18,22,29,15,6,14,4,27,,,17,21,40,36,35,32,41,34,23,17,21,20,25,32,31,54,61,42,50,45,48,52,41,47,29,44,33,30,30,39,40,35,36,20,25,22,36,38,37,28,26,53,48,56,39,37,33,61,42,52,63,29,31,32,31,41,45,46,38,54,34,45,42,55,49,41,,41,48,65,55,66,83,118,97,158,136,,30,27,,40,44,37,29,41,74,90,73,,51,81,132,74,82,82,,41,35,53,55,,,,,47,40,55,61,5,17,38,,42,90,84,43,54,108,103,96,79,91,93,71,74,69,,65,64,62,51,89,,84,106,73,78,49,76,120,116,70,88,121,116,95,111,75,,80,,73,72,52,62,45,46,66,50,50,57,39,35,44,18,,,80,29,17,33,98,98,82,77,95,79,86,82,87,79,60,61,43,39,,46,35,82,,102,76,94,132,95,86,81,66,74,98,96,93,96,95,65,41,58,69,73,88,42,45,55,37,83,58,72,103,,70,99,82,24,20,88,88,64,110,43,39,57,78,75,59,28,31,35,25,10,23,43,40,69,59,77,56,39,52,66,62,45,51,8,34,39,75,73,77,25,100,31,44,52,46,25,80,20,84,43,23,36,50,58,66,20,29,43,66,66,62,61,69,37,38,64,29,55,29,29,32,42,43,,23,20,29,49,102,48,22,57,62,49,45,66,26,27,38,49,34,33,49,47,22,25,43,32,87,43,43,40,42,37,79,90,51,44,37,13,38,17,81,19,42
20171215,1,O3_8h,1,4,13,5,3,4,3,5,,9,5,,,,5,,16,10,4,,3,1,3,,,3,,5,4,7,,2,2,14,7,7,10,12,7,10,8,8,9,,9,1,5,2,,13,2,10,15,13,5,51,,34,54,62,3,5,3,8,6,3,4,,4,4,7,8,3,8,6,,3,7,3,6,,4,5,15,2,10,5,2,52,48,51,43,45,56,55,40,11,,7,,11,7,5,5,5,,7,41,44,51,49,61,58,58,5,21,59,24,19,6,12,12,25,25,14,20,19,35,30,81,,7,7,8,9,7,90,14,46,35,49,45,51,33,11,36,53,56,51,25,31,25,30,34,24,22,38,23,11,9,9,20,10,9,19,27,10,23,22,12,7,,,,,3,6,,10,5,14,,12,13,14,,27,16,19,36,12,24,27,9,13,,,,20,11,,35,16,20,34,36,,39,12,30,9,21,3,19,19,,2,,2,7,,3,9,15,2,1,2,2,2,4,3,5,2,4,3,2,,9,,2,12,22,7,19,3,3,,,9,,5,10,,30,29,14,80,82,54,,1,1,20,25,16,7,3,19,15,18,25,35,24,27,42,17,19,30,46,,53,,39,28,45,66,,10,,28,18,16,10,29,,21,5,4,1,5,7,8,6,3,10,2,4,4,9,9,15,4,7,2,7,4,2,6,5,7,2,4,19,13,8,13,10,11,7,11,6,14,2,10,2,12,5,5,8,12,4,5,2,3,,4,3,4,15,4,5,4,16,87,80,73,61,45,8,48,65,23,61,11,26,32,34,25,2,3,,1,1,1,6,2,1,4,5,2,2,2,2,1,6,5,9,16,1,12,13,21,7,4,9,10,5,15,8,5,4,11,30,2,9,6,62,79,51,55,55,45,,39,22,29,20,30,21,8,,,27,24,38,28,26,,31,10,16,7,,,11,37,22,23,20,25,14,8,21,8,18,15,31,39,5,,9,6,14,12,15,21,25,62,8,8,6,6,2,8,5,8,8,4,8,5,5,22,16,75,2,13,78,,43,81,68,,,,7,5,5,6,9,9,6,,47,8,7,10,8,7,3,5,4,2,4,46,4,9,9,49,51,51,53,46,46,48,22,46,49,36,34,23,18,19,31,26,22,28,10,12,11,16,9,,5,61,58,56,69,,5,,5,4,7,3,,,,15,,4,5,3,1,2,3,6,24,,10,11,11,5,,33,17,24,8,12,6,,17,,14,,10,22,17,31,23,22,1,6,25,22,46,32,31,3,10,8,,31,26,28,24,14,46,57,53,40,55,51,42,38,39,41,37,33,35,33,41,35,4,6,3,71,78,71,13,11,12,7,12,13,14,4,,18,14,,39,48,30,,5,8,2,20,,,8,10,5,57,,31,44,47,40,23,34,,27,17,,6,,2,3,11,11,6,10,34,10,9,3,3,,,29,24,11,35,63,20,26,5,22,15,18,17,18,5,20,17,15,3,6,10,4,15,8,8,15,47,12,18,32,,75,8,12,18,5,5,11,13,16,16,34,27,5,3,8,8,10,15,10,17,22,21,29,23,48,13,14,18,20,18,4,16,88,5,6,,7,5,3,,2,5,7,,,,,,,3,4,3,5,1,3,5,14,3,2,,,34,7,7,10,11,4,5,10,6,8,21,14,20,5,,8,,,8,31,48,32,34,26,16,8,17,9,25,22,17,20,11,38,12,10,14,51,50,16,18,10,11,22,18,13,15,16,20,8,10,7,11,4,8,6,3,30,,,46,25,16,22,23,36,23,36,47,53,40,47,25,20,,20,38,36,5,5,3,5,4,3,11,5,12,8,6,5,6,12,6,8,8,9,10,8,2,2,4,1,72,64,74,39,,14,65,68,67,14,11,22,45,11,46,53,170,11,4,18,27,6,4,1,10,6,4,7,5,17,10,26,6,7,1,31,21,42,53,33,2,22,,18,14,29,27,39,,18,31,,,60,45,34,20,9,7,81,24,28,31,12,22,9,48,53,31,29,,54,,8,,,26,21,4,2,5,5,3,6,7,8,5,,22,33,12,3,11,8,8,26,11,13,2,,14,5,,5,6,13,10,,10,6,6,10,7,15,,18,61,60,68,29,22,42,35,,61,37,67,62,,,53,61,16,12,89,90,90,13,8,13,7,15,24,9,9,7,10,13,5,4,6,11,4,4,10,16,6,3,24,5,9,6,12,25,32,11,15,41,18,26,32,19,28,51,48,54,8,34,39,55,54,58,22,35,31,37,5,30,8,65,2,,29,59,56,53,19,17,6,43,31,56,43,4,27,42,,18,21,20,22,17,6,15,10,27,7,53,26,17,1,33,24,21,34,23,25,33,37,33,70,13,,,18,22,24,34,25,31,31,27,16,,25,40,54,27,39,62,63,36,62,62,31,33,30,21,82,36,37,22,25,26,27,17,2,11,26,24,21,30,31,29,5,1,2,2,14,4,6,6,6,4,4,12,13,13,13,16,18,9,11,7,6,5,5,4,8,10,7,6,10,15,15,14,14,18,12,12,10,13,5,9,4,,8,3,4,6,,10,4,2,,,4,13,,2,4,13,11,6,14,8,11,13,12,2,2,,4,2,2,3,4,36,7,7,2,3,4,3,5,17,22,27,9,9,5,,10,12,,24,2,,2,2,6,15,12,2,9,,2,2,1,2,3,6,3,2,7,4,10,4,6,15,17,19,6,1,6,,10,,,9,5,30,26,26,23,22,25,17,12,14,16,17,17,9,19,22,8,4,36,34,39,28,26,10,21,15,11,16,10,22,6,22,14,11,6,19,27,17,8,8,24,22,31,33,37,29,33,24,30,23,23,27,28,26,26,20,23,19,34,19,32,21,44,36,31,,29,41,30,17,54,63,55,68,42,95,,8,3,,31,39,36,28,35,22,19,14,,35,49,53,7,4,4,,24,21,39,30,,,,,29,23,22,25,4,14,16,,34,28,26,33,42,92,98,95,17,7,32,21,32,3,,46,44,40,37,6,,61,68,11,2,13,10,42,73,4,9,52,69,6,15,13,,66,,69,63,10,6,6,9,18,27,31,31,28,19,20,5,,,71,29,2,15,70,66,69,72,77,69,40,11,66,75,52,23,20,19,,4,6,52,,92,49,77,96,65,81,58,44,46,75,77,80,34,77,50,5,3,11,1,77,36,40,55,10,8,10,39,16,,6,39,33,6,4,7,34,64,110,20,5,28,11,56,24,2,2,3,7,2,12,14,8,7,14,22,7,10,16,37,20,11,17,3,11,22,6,3,34,7,9,5,33,4,27,2,23,1,39,7,,36,10,12,19,20,,,25,1,10,12,8,5,16,1,5,30,7,29,32,19,11,,9,3,10,13,27,32,21,57,62,49,4,39,3,2,16,33,,3,42,21,3,,39,2,67,1,2,3,4,3,14,61,51,8,37,2,15,2,5,7,7
20171215,1,O3_8h_24h,1,4,13,5,3,4,3,5,,9,5,,,,5,,16,10,4,,3,1,3,,,3,,5,4,7,,2,2,14,7,7,10,12,7,10,8,8,9,,9,1,5,2,,13,2,10,15,13,5,51,,34,54,62,3,5,3,8,6,3,4,,4,4,7,8,3,8,6,,3,7,3,6,,4,5,15,2,10,5,2,52,48,51,43,45,56,55,40,11,,7,,11,7,5,5,5,,7,41,44,51,49,61,58,58,5,21,59,24,19,6,12,12,25,25,14,20,19,35,30,81,,7,7,8,9,7,90,14,46,35,49,45,51,33,11,36,53,56,51,25,31,25,30,34,24,22,38,23,11,9,9,20,10,9,19,27,10,23,22,12,7,,,,,3,6,,10,5,14,,12,13,14,,27,16,19,36,12,24,27,9,13,,,,20,11,,35,16,20,34,36,,39,12,30,9,21,3,19,19,,2,,2,7,,3,9,15,2,1,2,2,2,4,3,5,2,4,3,2,,9,,2,12,22,7,19,3,3,,,9,,5,10,,30,29,14,80,82,54,,1,1,20,25,16,7,3,19,15,18,25,35,24,27,42,17,19,30,46,,53,,39,28,45,66,,10,,28,18,16,10,29,,21,5,4,1,5,7,8,6,3,10,2,4,4,9,9,15,4,7,2,7,4,2,6,5,7,2,4,19,13,8,13,10,11,7,11,6,14,2,10,2,12,5,5,8,12,4,5,2,3,,4,3,4,15,4,5,4,16,87,80,73,61,45,8,48,65,23,61,11,26,32,34,25,2,3,,1,1,1,6,2,1,4,5,2,2,2,2,1,6,5,9,16,1,12,13,21,7,4,9,10,5,15,8,5,4,11,30,2,9,6,62,79,51,55,55,45,,39,22,29,20,30,21,8,,,27,24,38,28,26,,31,10,16,7,,,11,37,22,23,20,25,14,8,21,8,18,15,31,39,5,,9,6,14,12,15,21,25,62,8,8,6,6,2,8,5,8,8,4,8,5,5,22,16,75,2,13,78,,43,81,68,,,,7,5,5,6,9,9,6,,47,8,7,10,8,7,3,5,4,2,4,46,4,9,9,49,51,51,53,46,46,48,22,46,49,36,34,23,18,19,31,26,22,28,10,12,11,16,9,,5,61,58,56,69,,5,,5,4,7,3,,,,15,,4,5,3,1,2,3,6,24,,10,11,11,5,,33,17,24,8,12,6,,17,,14,,10,22,17,31,23,22,1,6,25,22,46,32,31,3,10,8,,31,26,28,24,14,46,57,53,40,55,51,42,38,39,41,37,33,35,33,41,35,4,6,3,71,78,71,13,11,12,7,12,13,14,4,,18,14,,39,48,30,,5,8,2,20,,,8,10,5,57,,31,44,47,40,23,34,,27,17,,6,,2,3,11,11,6,10,34,10,9,3,3,,,29,24,11,35,63,20,26,5,22,15,18,17,18,5,20,17,15,3,6,10,4,15,8,8,15,47,12,18,32,,75,8,12,18,5,5,11,13,16,16,34,27,5,3,8,8,10,15,10,17,22,21,29,23,48,13,14,18,20,18,4,16,88,5,6,,7,5,3,,2,5,7,,,,,,,3,4,3,5,1,3,5,14,3,2,,,34,7,7,10,11,4,5,10,6,8,21,14,20,5,,8,,,8,31,48,32,34,26,16,8,17,9,25,22,17,20,11,38,12,10,14,51,50,16,18,10,11,22,18,13,15,16,20,8,10,7,11,4,8,6,3,30,,,46,25,16,22,23,36,23,36,47,53,40,47,25,20,,20,38,36,5,5,3,5,4,3,11,5,12,8,6,5,6,12,6,8,8,9,10,8,2,2,4,1,72,64,74,39,,14,65,68,67,14,11,22,45,11,46,53,170,11,4,18,27,6,4,1,10,6,4,7,5,17,10,26,6,7,1,31,21,42,53,33,2,22,,18,14,29,27,39,,18,31,,,60,45,34,20,9,7,81,24,28,31,12,22,9,48,53,31,29,,54,,8,,,26,21,4,2,5,5,3,6,7,8,5,,22,33,12,3,11,8,8,26,11,13,2,,14,5,,5,6,13,10,,10,6,6,10,7,15,,18,61,60,68,29,22,42,35,,61,37,67,62,,,53,61,16,12,89,90,90,13,8,13,7,15,24,9,9,7,10,13,5,4,6,11,4,4,10,16,6,3,24,5,9,6,12,25,32,11,15,41,18,26,32,19,28,51,48,54,8,34,39,55,54,58,22,35,31,37,5,30,8,65,2,,29,59,56,53,19,17,6,43,31,56,43,4,27,42,,18,21,20,22,17,6,15,10,27,7,53,26,17,1,33,24,21,34,23,25,33,37,33,70,13,,,18,22,24,34,25,31,31,27,16,,25,40,54,27,39,62,63,36,62,62,31,33,30,21,82,36,37,22,25,26,27,17,2,11,26,24,21,30,31,29,5,1,2,2,14,4,6,6,6,4,4,12,13,13,13,16,18,9,11,7,6,5,5,4,8,10,7,6,10,15,15,14,14,18,12,12,10,13,5,9,4,,8,3,4,6,,10,4,2,,,4,13,,2,4,13,11,6,14,8,11,13,12,2,2,,4,2,2,3,4,36,7,7,2,3,4,3,5,17,22,27,9,9,5,,10,12,,24,2,,2,2,6,15,12,2,9,,2,2,1,2,3,6,3,2,7,4,10,4,6,15,17,19,6,1,6,,10,,,9,5,30,26,26,23,22,25,17,12,14,16,17,17,9,19,22,8,4,36,34,39,28,26,10,21,15,11,16,10,22,6,22,14,11,6,19,27,17,8,8,24,22,31,33,37,29,33,24,30,23,23,27,28,26,26,20,23,19,34,19,32,21,44,36,31,,29,41,30,17,54,63,55,68,42,95,,8,3,,31,39,36,28,35,22,19,14,,35,49,53,7,4,4,,24,21,39,30,,,,,29,23,22,25,4,14,16,,34,28,26,33,42,92,98,95,17,7,32,21,32,3,,46,44,40,37,6,,61,68,11,2,13,10,42,73,4,9,52,69,6,15,13,,66,,69,63,10,6,6,9,18,27,31,31,28,19,20,5,,,71,29,2,15,70,66,69,72,77,69,40,11,66,75,52,23,20,19,,4,6,52,,92,49,77,96,65,81,58,44,46,75,77,80,34,77,50,5,3,11,1,77,36,40,55,10,8,10,39,16,,6,39,33,6,4,7,34,64,110,20,5,28,11,56,24,2,2,3,7,2,12,14,8,7,14,22,7,10,16,37,20,11,17,3,11,22,6,3,34,7,9,5,33,4,27,2,23,1,39,7,,36,10,12,19,20,,,25,1,10,12,8,5,16,1,5,30,7,29,32,19,11,,9,3,10,13,27,32,21,57,62,49,4,39,3,2,16,33,,3,42,21,3,,39,2,67,1,2,3,4,3,14,61,51,8,37,2,15,2,5,7,7
20171215,1,CO,1.6,1.6,2,1.7,2.8,1.5,2.1,2.4,1.9,2.2,2.3,1.8,,,1.3,,0.8,1.2,1.1,,1.7,1.5,1.2,,1.2,1.2,,1.7,1.8,2.7,,1.8,1.3,1.7,1.6,2.2,1.5,1.8,1.9,1.5,2.7,4,2.5,,2.9,1.7,2.2,1.7,1.9,2.2,1.9,2.3,2.6,2.7,2.1,0.4,,0.4,0.6,0.9,2.4,3.2,2.4,2.9,2.2,1.6,1.4,,1.1,1.5,1.1,1.3,1.5,1.6,1.5,2.2,2.1,2,2.2,3.2,,3.4,3.6,3.4,3.3,2.9,3.1,3.5,1.1,0.5,0.5,0.5,0.6,0.5,0.4,0.8,3.4,4.6,4.6,,3.4,5.1,4.5,4.8,3.7,,3.8,0.8,0.7,0.9,0.9,0.9,0.8,0.8,1.2,1.1,0.6,1.4,1.6,1.6,0.9,1,1.5,1.7,1.5,1.4,1.5,1,1.2,1.2,,0.4,1.3,0.7,1.2,1.1,0.9,1.3,1.4,0.4,0.8,0.8,0.5,0.8,0.9,0.8,0.6,0.6,0.4,0.3,0.6,0.2,0.5,0.5,0.7,0.5,0.1,0.5,0.9,0.9,0.9,0.6,0.8,0.7,0.3,0.7,0.8,0.7,0.8,0.8,0.6,1.6,,,,1,0.9,,1,0.7,0.9,,0.7,0.3,0.5,,0.6,1.5,0.9,0.7,1,0.8,0.9,0.9,1.1,,,,0.9,0.7,,0.2,0.5,0.5,0.9,0.6,,0.6,0.6,0.8,0.5,0.4,0.6,0.9,0.5,,0.7,,1.4,1.1,0.9,1.2,1,0.7,0.7,1.2,1,0.9,0.9,0.6,0.6,0.6,1.1,0.7,0.8,0.9,,0.6,0.9,0.8,0.4,0.4,0.4,0.7,0.7,1,,,0.7,,0.7,0.6,,0.6,0.7,0.7,0.6,0.6,0.6,,0.8,0.8,0.6,0.6,0.8,0.7,0.8,0.8,0.6,0.6,0.9,0.6,0.6,0.5,0.5,0.6,0.5,0.5,0.7,,0.7,,0.6,0.4,0.3,0.4,,0.7,,0.7,0.9,0.7,0.9,0.7,,1.2,1.6,2.1,2.2,2,2.3,1.9,2.1,1.6,2.2,1.4,0.9,1,1.1,0.8,1,1.1,1.3,1.3,1.3,1.6,1.7,1.7,1.3,1.7,1.1,1.7,0.6,0.7,1,0.7,0.6,0.9,0.7,0.7,1,1.1,1,0.9,0.9,0.9,1,0.9,1,1.1,1.1,0.7,1.5,1.2,,0.8,1,1,0.8,1.1,0.9,0.9,0.9,0.5,0.6,0.7,0.6,0.6,0.6,0.6,0.6,0.9,0.6,0.8,1.1,1.1,1.1,1.2,0.9,1.3,1,1.4,1.1,1.2,1.2,1.1,1.5,1.4,1.2,1.4,1.2,1.2,1,1.1,1,1,1.1,1.2,1.3,1.3,1,1.2,1.2,1.1,1.1,1.3,1.4,0.7,0.9,1.3,1.3,1.4,1.3,0.8,1.1,1.5,0.4,0.4,0.4,0.4,0.5,0.7,,0.9,0.6,0.7,0.9,0.7,0.7,0.8,,,0.7,0.8,0.6,0.7,0.8,,0.7,0.7,0.8,0.7,,,0.8,0.7,0.8,0.7,1,0.8,0.6,0.9,0.8,0.8,0.9,1.1,0.9,1.1,1.4,1,1.3,1.1,1.4,4,2.3,1.2,1,0.3,2,2.7,2.4,1.4,2,1.8,1.9,2,2.1,2,1.9,2.2,2.1,1.2,1.3,0.8,1.1,1.4,1,,1.2,1.3,0.4,,,,1.7,1.8,1.3,1.5,1.8,1.2,1.2,,1.2,0.8,0.9,0.8,1,0.9,0.8,0.8,0.8,0.9,0.9,0.7,0.7,0.9,1.5,0.3,0.6,0.4,0.3,0.4,0.3,0.5,0.7,0.4,0.6,0.7,,0.2,0.7,0.3,2,1.4,1.5,1.1,5.1,4.8,3.4,3.5,3,,3.1,0.5,0.6,0.4,0.6,,2.5,,1.3,1,1.3,1.5,2.2,,2.2,1.3,,1.1,2.4,2.2,2.6,3.4,3.4,2.1,2.4,5.5,3.7,1.2,1.2,1.1,,0.7,0.9,1.1,1,1.3,1.7,,1.2,,1.6,,1.1,0.9,1.2,0.8,1.5,1.1,1.6,1,1.1,0.8,0.5,0.6,0.5,1.9,1.4,1.3,,0.9,0.9,1,1.1,1.3,0.9,0.7,0.7,0.8,0.7,0.8,1.1,1,1,1,0.9,1.2,0.8,1.3,1.1,0.8,0.8,1,0.9,0.8,0.8,0.6,1.1,0.9,1.1,1,1,1.2,1.2,1.2,,0.9,0.8,,0.8,0.8,1,,0.9,0.9,0.7,1,,,3,1.8,2.9,0.9,,0.4,1.4,0.7,1.3,1.8,1.5,,1.9,2,,4.4,,2.7,3.7,3.8,2.1,1.4,1.8,4.7,2.2,2,0.6,0.6,1.4,,1.6,2.1,2.3,1.5,1.4,1.2,0.9,2.3,1.4,1.4,1.6,1.4,2.8,3.5,5.7,5.2,2.9,2.3,2.6,2.6,2.7,2.1,2.1,2.1,1.4,0.9,2.3,2.5,2,,0.8,1.3,1.4,1.6,1.6,1.9,1.4,1.6,1.6,2.4,0.8,1.2,1.3,1.7,0.9,1.2,0.5,0.6,0.4,0.7,0.5,0.5,0.8,2.2,0.6,0.7,1,0.6,1.2,1,0.6,0.5,0.2,1.8,1.4,,1.4,1.7,1.9,1.7,1.9,1.8,2,,2.3,,1.6,1.5,1.4,1.9,2.1,1.5,2,1.6,1.6,1.6,1.3,1.6,1.8,,1.5,1.4,1.2,1.5,1.6,1.1,1.2,1.4,1.3,1.3,1,0.9,1.1,1.1,1,,1.1,,,1.5,1.4,1.4,1.1,0.9,0.9,1,0.9,1,0.8,0.7,1.3,1.1,1,1.1,1.6,1.3,1.3,1.2,0.5,0.5,1,0.7,1,1,,1.1,1,0.9,1.1,1,6.2,1.8,2.8,2.1,0.8,0.7,0.6,0.5,0.8,,,0.7,0.8,0.6,0.8,0.7,0.8,0.8,0.8,0.7,0.7,0.8,1.1,0.7,0.9,,0.8,0.9,1,2.1,2.2,1.5,1.8,2.4,2.7,1.8,2.5,2,2.1,2.9,3.8,1.8,2.3,2.1,2.5,1.8,1.9,1.9,2.3,1.5,1.4,1.3,1.6,0.4,0.4,0.3,1,,1.5,0.2,0.3,0.3,2.3,0.9,0.6,0.8,1.2,2.3,2.8,1.4,1.2,1.7,1.2,1.1,1.5,1.2,1.2,1.2,1.6,1.2,1.2,1,1.4,1.4,1.3,2.2,2.9,2.2,1.1,0.9,0.9,1.4,0.8,1.6,1.2,,0.8,0.9,0.9,0.4,0.3,0.6,0.6,0.4,,0.2,0.2,0.8,0.6,0.5,1.2,0.9,0.6,0.7,1,1.1,1.1,0.5,0.6,0.3,0.3,0.4,0.4,,0.8,0.5,0.5,,,1.3,1,0.7,1.5,1.5,1.6,1.5,1.5,1.6,1.5,1.3,,0.7,0.5,1.7,1.5,1.5,1.7,1.1,0.8,1.6,1.6,2.4,,1.5,3.5,,2.6,2.8,2.3,2.3,,2.2,2,3.3,3,2.8,2.4,,2.6,0.6,0.2,1,1.4,1.6,0.7,0.4,,0.5,0.4,0.4,0.3,,,0.4,0.2,1.5,0.5,0.5,0.4,0.3,2,1.3,1.2,1.5,1.9,1.3,2.7,1.6,3.9,2.6,2.4,2.4,1.8,2.7,1.9,3.3,2.5,1.6,1.9,2.6,2.5,2,3.3,3.9,2.1,2.1,0.8,1.1,1.3,1.2,1,1,0.9,1.1,1.8,4.1,1.2,2.3,0.8,5.4,0.3,1.4,0.5,0.4,0.5,0.6,0.6,0.3,1.2,1,0.9,1,0.3,3.2,1.6,0.7,0.7,0.5,0.7,1.6,1.2,1.2,0.8,0.4,0.5,0.4,0.4,0.5,0.4,,0.5,0.2,0.4,0.5,0.5,0.8,0.8,1.1,0.6,0.6,0.7,0.9,0.6,0.7,0.5,0.7,0.6,0.6,0.6,0.6,0.5,0.4,0.3,0.4,0.7,,,0.8,0.8,0.9,0.5,0.5,0.6,0.5,1.1,0.7,,0.8,0.8,0.6,0.6,0.6,0.7,0.5,0.5,0.5,0.5,0.5,0.6,0.6,0.5,0.4,0.4,0.6,0.4,0.6,0.3,0.5,0.6,0.5,1,0.5,0.2,0.5,0.5,0.5,0.4,1.4,1.2,1.1,1.2,1.3,0.6,0.2,0.4,0.6,,0.5,0.5,0.7,0.6,0.7,1.5,1.5,1.5,1.2,1.6,0.8,0.7,0.9,0.8,0.7,0.6,0.8,0.9,0.7,0.6,0.4,0.5,0.7,0.3,1.1,1,0.8,1.6,2.3,2.1,1.9,,1.8,1.4,1.7,1.8,,1.8,1.8,1.8,,1.8,1.3,1.4,1.2,1.6,1.8,1.4,1.6,1.6,1.7,1.4,1.4,1.2,1.2,1.3,1.1,1.2,0.6,0.7,1,1.3,0.8,1,1.3,1.4,1.4,2.2,1.5,1.3,1.3,0.8,0.9,0.7,1.3,1.3,1.4,,1.1,1.2,,0.1,0.9,1.4,1.4,1.2,1.2,1.2,1.1,1.2,1.1,0.7,1.2,1.3,0.9,1,1.4,1,1.1,1,0.8,1,1.5,1.8,1.6,1.6,1.4,1.1,1.1,1.3,1,1.4,0.8,,,0.6,0.8,1.1,1.5,0.9,0.6,0.5,0.4,1.4,1.2,2,1.7,,,,1.2,0.5,1,0.6,1,0.8,1,1.3,0.7,1.1,0.9,0.8,1.1,1.1,1.1,1.1,1.3,1.1,1.1,0.8,1,1,0.8,1,1.2,1.1,1.2,0.9,0.8,0.9,0.9,1,0.7,0.7,0.6,0.7,0.7,0.7,0.3,0.3,0.7,0.7,0.7,0.8,0.4,0.3,0.3,,0.9,0.8,0.9,,0.8,0.7,0.8,0.9,0.8,1,0.7,0.5,0.7,0.6,,0.7,0.9,,0.8,0.7,0.8,0.5,0.7,0.5,1.1,0.5,,0.6,0.8,0.8,1.5,2,2.1,,1.3,1.2,1.4,0.9,,,,,1.5,1.2,1,0.9,0.9,1.3,1,,1,0.9,0.8,1,0.7,1,0.8,0.7,0.5,0.6,0.8,1.3,0.9,1,,0.4,0.5,0.9,1,1.1,,0.7,0.9,0.7,1,0.8,1.1,1.7,1.1,2.9,3,0.9,1,3.3,1.9,4.3,,0.5,,0.3,0.3,1,1.6,1.9,1.4,1.4,1.5,1.3,1.2,0.8,0.9,0.7,0.9,,,0.5,1.3,1.5,2.4,0.5,1.1,0.2,,0.4,0.2,0.8,1.1,0.7,0.7,0.6,0.9,1.1,0.9,,3.7,2.7,1.1,,0.9,1.4,1.8,0.7,1.1,0.9,0.2,,0.3,0.5,0.7,0.4,0.7,0.7,0.4,3,5.3,4,3.7,0.5,4.2,0.8,0.7,2.5,2.4,3.2,2.4,3.6,,6.9,3.8,4.7,2.1,2.1,1.8,,0.2,0.7,1.2,1.1,0.9,3.2,0.6,1.7,1.1,1.6,1.4,1.2,2.2,3,0.9,2.4,2.5,0.4,0.3,0.8,0.5,0.7,0.5,0.7,1.2,1.2,1.6,0.7,0.8,9.6,1.4,0.7,1.5,4.9,3.2,0.7,0.7,0.6,1,0.7,1.4,0.6,0.6,1.8,0.8,1.6,3.7,2.5,0.9,0.8,0.9,0.6,1.6,0.9,1,0.4,1,1.2,1.1,1.9,1.1,1.3,0.7,0.6,0.7,3.4,,1.2,2,1.4,1.2,0.9,0.7,0.8,1.1,0.3,0.3,1.4,0.5,1.5,1.5,0.8,0.6,1.2,1.6,0.6,1.7,1.2,2.2,0.5,2.2,0.6,2.3,1,1,0.8,0.9,1.2,1.3,0.3,2.7,0.9,1.6,0.6,1.5,1.2,1.3,2
20171215,1,CO_24h,1.7,1.8,2,2.1,2.1,1.5,1.9,1.8,1.7,1.7,1.9,1.7,,,2.1,,1.5,2,2.1,,2.3,1.2,1.5,,1.4,1.8,,1.6,1.9,2.4,,1.4,1.4,1.2,3.1,3.7,3,3.1,3.6,2.9,1.5,1.7,2.1,,2,1.4,1.7,1.3,1.6,2.3,2.3,2.3,2.6,2.7,2.3,1.4,,1.2,1.5,1.9,1.9,2,1.8,2.9,1.7,1.9,1.8,,1.6,1.7,1.3,1.4,1.7,1.6,1.3,1.7,1.8,1.5,1.7,2.8,,2.7,2.7,2.5,2.8,2.5,2.9,2.5,1.7,2.1,2.4,2.6,1.9,1.7,1.9,2.3,2,2.9,2.5,,2.3,3,2.9,2.6,2.5,,2.3,1.1,1.4,1.2,1.3,1.2,0.9,0.8,1.3,1.6,0.8,1.6,1.6,1.5,1.1,1,1.1,2.1,1.3,1.4,1.6,1.1,1.2,1.2,,1.1,1.6,1.2,1.7,1.6,1,1.4,1.9,0.4,0.9,0.8,0.5,0.8,0.9,0.8,0.5,0.6,0.4,0.4,0.7,0.3,0.7,0.9,0.9,0.7,0.2,0.6,0.5,0.9,0.9,0.6,0.7,0.6,0.3,0.7,0.8,0.6,0.9,0.9,0.7,0.9,,,,1,1,,1,0.7,0.8,,0.7,0.3,0.5,,0.8,1.1,1.1,1,1,0.9,1.1,1.1,1.1,,,,1,0.7,,0.3,0.4,0.6,0.9,0.6,,0.7,0.6,0.9,0.6,0.5,0.7,1,0.6,,0.7,,1.6,1.3,1.2,1.1,0.9,0.8,0.7,1.1,1.1,1,0.9,0.8,0.7,0.6,0.8,0.8,0.7,0.8,,0.9,0.9,0.8,0.7,0.5,0.6,0.7,0.6,1.1,,,0.7,,0.8,0.7,,0.8,0.8,0.8,0.7,0.7,0.7,,0.8,0.8,0.6,0.6,0.6,0.7,0.7,0.8,0.8,0.7,1.1,0.7,0.9,0.7,0.7,0.8,0.6,0.9,0.5,,0.7,,0.5,0.5,0.2,0.4,,0.6,,0.7,0.8,0.7,0.8,0.9,,1.1,1.7,1.9,2,1.7,1.8,1.7,1.7,1.8,0.9,0.8,1.2,0.7,0.7,0.6,0.7,0.9,0.8,1.3,1.4,1.6,1.5,1.6,1.3,1.7,1.1,1.6,0.6,0.8,0.9,0.7,0.5,0.7,0.6,1,0.8,0.9,0.8,0.9,0.9,0.8,1,1,0.9,1,1,0.7,1.4,1.3,,0.8,1,1.2,0.8,1.1,1.2,1.1,1.1,0.6,0.7,0.7,0.7,0.7,0.5,0.7,0.6,0.6,0.6,0.7,0.7,0.8,0.7,0.9,0.9,1.2,1,1.2,1.1,1,1.1,1,1.2,1.1,1,1.1,1.1,1.2,1,1,1.1,1.1,1.4,1.2,1.2,1.2,0.9,1.1,1.1,0.9,1,1.3,1.3,0.6,1,1.4,1.4,1.4,1.7,0.8,1.1,1.6,0.5,0.5,0.4,0.4,0.6,0.7,,1,0.8,1,1,0.8,0.7,0.7,,,0.8,0.9,0.7,0.9,0.8,,0.8,0.7,0.8,0.8,,,0.8,0.6,0.7,0.7,0.9,0.7,0.6,0.8,0.8,0.7,0.9,1.3,1.1,0.8,1.3,0.9,1.3,1,1.1,2,1.2,0.7,1.1,0.4,1.8,2.2,1.9,1.4,1.6,1.8,1.5,1.9,1.7,1.7,1.6,2.1,1.7,1.6,1.4,2.1,0.9,1.3,2.3,,1.7,2.2,0.6,,,,1.4,1.5,1,1.2,1.6,1.2,1.1,,1.6,0.7,0.8,0.7,0.8,0.8,0.7,0.6,0.7,0.9,0.8,0.7,0.5,0.8,1.4,1.6,2,1.4,2.2,1.9,1.5,1.3,1.2,1,1.4,1,2.3,3,3.4,2.3,1,0.7,1,0.9,2.3,2.5,1.9,2.1,2.1,,2,0.5,0.5,0.4,0.5,,1.6,,1.3,1.1,1.2,1.4,1.7,,1.6,1.5,,1.1,1.7,1.6,1.8,2.7,2.4,2,2.7,2.1,2.7,0.9,0.7,0.8,,0.6,0.9,1.1,0.8,1,1.3,,1,,1.2,,1.1,1,1.2,1.2,1.4,1.2,1.1,0.9,0.8,0.6,0.5,0.6,0.5,1.3,1.1,1.1,,1.1,1.1,1.1,1.1,1.4,0.9,0.7,0.6,0.7,0.5,0.6,0.8,0.8,0.8,0.7,0.6,0.9,0.7,1.3,1.1,0.8,0.7,1,0.8,0.8,0.8,0.6,1.1,0.9,1.1,1,1,1.2,1.1,1.1,,0.6,0.5,,0.7,0.7,0.8,,1,1,0.7,1,,,2.6,1.9,2.5,2.9,,2.2,3.3,3.6,2.9,2,2,,2.1,2.1,,2.3,,1.9,2,2.1,1.7,1,1.8,2.7,1.9,1.7,1.9,1.6,1.6,,5,3.3,5.4,4.3,4.2,2.9,1.7,1.6,1.4,1,1.2,0.9,3,2.8,3.3,3.8,2.7,1.9,2.3,1.7,2.1,1.5,1.7,1.8,1.4,1.1,2.7,1.8,1.5,,0.8,1.1,1.2,1.4,1.4,1.5,1.1,1,1.4,1.6,0.6,1.3,1.3,1.4,1,1.4,0.7,0.9,0.7,0.8,0.5,0.6,0.9,1.2,0.8,0.5,0.4,0.5,0.9,0.7,0.6,0.5,0.2,1.7,1.7,,1.7,1.4,2,1.5,1.6,1.5,1.8,,1.9,,1.6,1.5,1.4,1.8,1.9,1.3,1.8,1.4,1.3,1.5,1.3,1.4,1.6,,1.2,1.2,1,1.6,1.5,1,1.3,1.3,1.3,1.2,0.8,0.7,0.8,1,0.7,,1,,,1.2,1.5,1.4,1.1,1.6,1,1,0.9,1,0.6,1.3,1.8,1,1.3,1.2,1.8,1.3,1.4,1.2,0.5,0.5,0.8,0.8,1,0.9,1,1,1.2,1.2,1.3,1.2,4.3,2.3,2.2,1.5,0.8,0.8,0.7,0.5,1,,,0.8,0.8,0.7,0.9,0.8,0.8,0.9,0.8,0.7,0.9,0.7,1,0.5,0.8,,0.8,1.3,1.3,1.8,1.7,1.3,1.6,1.8,2.3,1.8,2.1,1.7,2,2.4,2.2,1.5,2,1.5,2.1,1.3,1.7,1.6,1.9,1.3,1.4,1.2,1.3,0.7,0.8,0.6,0.6,,1,0.8,0.9,0.9,0.8,0.6,0.5,0.8,1.2,2.8,3.1,1.7,1.5,1.5,1.8,1.8,1.2,0.8,1,1,1.2,1,1.4,0.7,1.3,0.8,1.1,1.7,2.1,1.3,0.9,1,0.9,1,0.9,1.3,1.1,,0.9,1,1,0.5,0.4,0.6,0.7,0.3,,0.5,0.3,0.8,0.6,0.6,0.8,0.8,0.6,0.8,1.1,1.1,1.2,0.6,0.7,0.4,0.4,0.5,0.6,,0.9,0.5,0.6,,,1.7,1.4,0.6,1.3,1.3,1.5,1.4,1.4,1.4,1.4,1.2,,0.6,0.5,1.5,1.3,1.4,1.2,1,1,2.5,2.3,2.4,,2.1,2.8,,2.5,2.8,1.6,2,,1.4,1.5,2,2.4,2.2,2.2,,3,0.7,0.5,1.1,1,1.6,0.9,0.7,,1,0.8,0.8,1.3,,,1.1,0.6,0.5,0.4,0.7,0.6,0.4,1.5,1.3,1.2,1.4,1.6,4.4,5.4,3.5,6.3,1.5,1.1,1.1,1.5,2.2,1.8,2.8,2.3,1.4,1.6,1.9,2.4,1.4,2.7,3.1,1.3,1.5,0.9,1.1,1.3,0.7,0.9,1,1,0.6,1,1.7,0.8,1,0.8,1.6,0.2,1.1,0.7,0.7,0.7,0.6,0.7,0.3,0.8,0.7,0.6,0.9,0.3,1.5,0.7,0.6,0.9,0.9,1,1.6,1.2,0.8,0.7,0.5,0.7,0.6,0.6,0.6,0.6,,0.5,0.8,0.5,0.6,0.6,0.8,0.7,1,0.7,0.7,0.7,0.9,0.6,0.7,0.6,0.6,0.6,0.6,0.5,0.5,0.5,0.5,0.4,0.6,0.6,,,0.8,0.9,0.9,0.6,0.6,0.6,0.6,1.1,0.9,,0.7,0.6,0.6,0.7,0.7,0.6,0.6,0.5,0.5,0.4,0.5,0.6,0.6,0.5,0.5,0.4,0.6,0.4,0.5,0.4,0.6,0.6,0.6,1,0.6,0.3,0.5,0.5,0.6,0.4,0.9,1.4,1.2,1.1,1.2,0.6,0.4,0.5,0.6,0.7,0.2,0.5,0.7,0.6,0.7,1.6,1.7,1.7,1.4,1.8,0.7,0.7,0.8,0.7,0.9,1,1.2,1.2,1.1,0.5,0.6,0.4,0.6,0.2,1,0.9,0.8,1.4,2.1,1.9,1.3,,1.8,1.5,1.9,1.8,,1.8,1.9,1.9,,1.8,1.4,1.3,1.6,1.6,1.8,1.5,1.6,1.6,1.6,1.1,1.3,1,1.1,1.4,1.2,1.3,0.5,0.7,0.8,0.7,1,1.3,1.1,1.3,1.2,2,1.6,1.3,1.5,1,1,0.6,1.6,1.4,1.3,,0.9,1,,0.9,1.3,1.1,1.2,1.1,1.2,1.2,1.1,1.2,0.7,0.6,1.2,1.4,0.8,1.1,1.2,1,1.1,1.1,1,1.1,1.3,1.7,1.5,1.3,1.3,1,1.1,1.5,1.1,1.8,0.8,,,0.7,1,1.1,1.5,1,0.6,0.7,0.7,1.1,2.2,1.9,1.7,,0.3,0.4,1.1,0.9,1.5,0.9,1.1,1,1,1.2,0.7,1.1,0.8,0.7,1,1,1,1.1,1.3,1,1.2,0.9,1,0.9,0.8,0.9,1,1,1.2,1,0.7,0.9,1,1,0.6,0.6,0.8,0.6,0.8,0.8,0.5,0.4,0.7,0.8,0.8,0.8,0.5,0.4,0.5,0.2,0.8,0.8,0.8,,0.6,0.8,0.8,1,0.9,0.9,0.7,0.8,0.8,0.6,,0.7,0.9,,0.9,0.7,1,0.6,0.7,0.6,1.1,0.5,,0.6,0.8,1,1,0.9,1.1,,1.3,1,1.3,0.7,,,,,1.5,1.3,1.2,1,1.4,1.4,1.1,,1,0.9,0.8,1,0.9,1,0.9,0.9,0.4,0.5,0.7,1.4,0.9,0.8,,0.4,0.5,1,1.1,0.6,,0.7,1,0.8,0.9,0.8,0.9,1,0.9,1.9,2.5,0.8,1.1,1.5,0.9,2,,0.4,,0.3,0.2,0.9,1.2,1,1.2,1.6,1.7,1.6,1.4,0.8,1,0.8,1,,,0.9,1.5,1.5,1.7,1.1,1.7,0.5,0.3,0.9,0.9,0.9,0.6,1.2,1.4,1.1,1,0.9,0.8,,2.6,2.6,1.5,,1.4,1.7,1.6,0.9,0.9,0.8,0.3,0.3,0.4,0.6,1,0.5,0.8,1.1,0.5,3.2,3.8,2.8,3.4,1.1,1.3,1,0.7,1.1,2.2,2.6,1.9,3.3,,3.6,3.1,2.7,2,2,1.7,1.4,0.6,0.7,0.9,1,1,2.1,0.5,2.1,1.2,1.7,1.9,1.8,2.2,2.6,1,2.9,2.3,0.4,0.3,0.6,0.5,0.8,0.6,0.6,1.2,1,1.6,0.7,0.8,1.9,1.2,1.2,1.3,3,1.7,0.6,0.8,0.7,0.9,0.7,2,0.5,0.8,2.5,3,1,2.8,2,1,0.8,1.1,0.7,1,0.9,1.1,0.4,1,1.2,0.7,1.3,1.1,1.4,0.8,0.8,0.9,2,,2,1.9,1.5,1.1,0.8,0.8,0.9,1.3,1.4,1.7,1.1,0.5,1.3,1.4,0.7,0.5,1.7,1.7,1.5,1.6,3,1.2,0.6,1.3,0.4,1.4,0.9,0.9,0.8,0.8,1.3,1.6,1.1,1.3,1,1.7,0.7,1.3,1.1,1.1,1.6
20171215,2,AQI,152,100,142,142,142,129,122,118,114,135,130,109,,,118,,139,143,124,,148,124,113,,113,124,,170,227,276,,223,183,142,134,127,110,142,130,133,123,102,87,,103,233,224,240,205,216,213,215,252,219,208,36,,32,24,47,92,127,125,109,102,127,128,,140,147,148,170,159,192,211,235,214,219,227,397,,325,406,323,395,341,378,397,34,22,15,60,18,21,57,42,170,241,251,,218,241,219,262,216,,255,58,64,65,67,60,55,65,68,59,40,122,152,163,123,135,102,77,137,158,162,117,99,53,,102,99,115,112,123,103,133,105,33,27,32,28,28,36,24,20,27,30,51,48,52,39,55,54,51,48,46,38,34,31,28,37,53,53,36,35,40,32,38,39,125,,,,176,166,,142,173,179,,63,54,57,,39,68,42,51,40,39,42,50,42,,,,50,63,,45,44,45,36,32,,42,53,45,45,50,49,43,39,,49,,99,84,97,36,51,21,44,36,38,57,56,53,51,35,113,63,94,63,,109,63,57,28,37,42,55,57,51,,,41,,43,48,,31,37,36,25,26,28,,54,73,26,28,28,30,35,40,32,36,35,36,43,43,35,40,38,50,15,,17,,30,22,16,33,,39,,30,38,63,36,19,,36,170,205,231,206,240,224,236,189,91,138,120,101,128,97,122,132,104,189,200,213,208,196,217,201,200,229,46,39,45,40,65,62,48,57,67,78,40,50,46,42,39,45,38,35,45,65,55,35,,37,40,33,26,35,30,45,29,,60,52,49,53,72,62,44,65,52,88,59,87,57,54,35,53,42,51,47,53,39,33,57,56,56,54,54,55,56,45,54,57,52,51,57,53,50,45,55,82,62,55,,54,29,38,35,18,35,35,22,62,27,27,30,24,23,59,,67,67,65,73,53,80,72,,,78,73,69,57,67,,113,113,102,117,,,107,32,19,28,25,40,22,35,29,21,27,56,49,28,78,63,75,75,74,112,73,69,,30,231,223,230,231,215,238,219,225,255,204,224,236,217,62,79,67,73,66,94,,98,84,77,,,,139,150,100,117,73,78,74,,15,33,40,45,35,42,35,42,52,41,38,33,34,39,52,62,56,41,20,50,69,75,79,35,53,65,55,63,68,54,46,46,50,48,267,237,160,238,144,,128,20,23,19,22,,198,,123,139,156,156,203,,218,155,,147,218,236,222,229,253,168,148,260,238,108,168,140,,83,58,54,78,59,71,,145,,149,,130,117,120,114,190,163,192,108,117,118,49,53,49,233,208,211,,28,29,20,48,52,45,38,45,51,49,61,155,150,160,173,142,165,92,103,109,89,36,42,52,47,50,54,23,30,20,90,94,72,36,28,,77,67,,67,78,64,,79,70,50,36,,,199,162,219,34,,51,21,46,38,129,138,,143,162,,228,,217,255,263,241,246,248,216,245,232,80,84,123,,73,66,107,83,118,65,55,223,192,109,133,76,183,115,327,226,100,112,117,105,143,105,107,103,100,42,125,224,55,,55,166,135,148,165,204,72,60,88,100,45,99,95,120,165,72,64,82,75,65,54,64,57,55,63,49,42,53,46,42,54,48,28,214,172,,178,172,160,183,225,250,245,,256,,125,117,110,241,200,185,222,201,202,147,159,172,190,,190,160,175,155,166,158,122,125,130,80,69,68,57,84,67,,100,,,70,89,73,80,70,19,20,16,22,20,27,17,22,16,36,45,25,28,28,32,28,109,110,115,110,65,62,65,43,72,53,119,68,87,76,70,74,60,57,128,,,143,119,88,114,123,83,88,97,88,84,93,35,24,24,,32,45,49,264,246,246,220,247,273,208,213,122,109,145,185,213,230,263,254,236,279,236,229,170,205,201,208,53,50,55,67,,77,30,73,65,53,29,36,64,38,77,78,92,178,162,140,152,107,150,139,107,114,98,82,109,120,105,79,94,115,119,77,88,46,52,42,75,60,,43,45,35,22,36,30,27,42,,27,30,43,57,46,54,54,70,45,50,33,52,53,68,25,27,48,51,,60,63,65,,,88,83,33,129,85,133,128,166,217,183,211,,51,58,128,75,84,75,79,120,203,159,218,,168,249,,242,230,200,186,,220,168,293,241,239,210,,221,29,40,32,63,52,54,25,,26,52,51,26,,,21,20,55,30,50,62,53,140,125,92,134,118,63,140,73,156,280,227,251,269,215,152,217,137,217,216,147,115,113,149,163,138,99,71,68,83,67,58,59,37,68,117,192,42,73,105,130,31,79,34,52,39,50,67,28,64,104,51,53,49,148,142,40,20,26,25,58,66,93,21,62,38,57,63,45,33,,99,84,62,64,50,104,123,135,64,80,79,75,75,74,30,26,30,65,48,35,15,38,44,38,74,,,83,77,97,37,43,29,42,122,123,,45,67,59,61,57,21,21,19,19,20,33,20,42,20,26,20,30,28,29,29,38,40,25,30,19,17,21,10,22,20,19,26,33,22,19,38,41,48,43,41,36,40,36,36,39,33,45,40,48,32,49,45,40,55,46,39,38,46,38,48,42,43,40,26,35,36,32,43,192,193,169,,162,152,149,210,,226,204,128,,132,189,204,198,193,165,165,113,123,176,109,156,96,,182,183,153,51,57,82,70,87,52,97,98,89,158,160,183,192,46,60,63,140,124,162,,65,64,,53,62,54,43,63,77,82,69,125,122,25,29,26,40,28,30,25,18,24,18,17,80,84,69,55,67,19,28,47,30,24,39,,,43,35,32,32,31,39,59,19,19,20,23,29,30,32,43,28,26,36,32,15,13,15,15,20,26,9,13,18,11,12,16,26,21,36,29,15,19,47,22,33,35,20,16,63,142,65,92,,87,70,69,82,87,98,95,54,65,59,62,75,84,73,82,55,64,75,,57,94,97,94,97,119,84,73,94,87,,85,88,,68,97,89,87,104,35,52,29,,,22,32,58,95,75,,37,45,48,38,,,,,20,18,12,9,19,21,32,,20,47,39,43,49,47,32,30,35,46,43,26,54,60,,50,26,20,16,89,,34,35,54,52,58,40,109,24,104,103,22,21,127,58,110,,22,,22,20,133,166,193,156,77,71,65,65,87,93,90,152,,,50,108,116,155,72,78,30,35,61,58,54,73,69,68,59,75,95,63,,95,107,59,,83,97,103,66,101,58,44,57,51,32,43,38,69,59,57,165,214,135,110,31,53,31,41,70,123,129,140,211,,340,90,137,118,153,142,26,21,33,108,46,33,70,19,127,39,105,112,130,200,262,176,204,281,60,39,56,51,36,60,72,199,140,190,127,20,77,72,84,105,267,199,67,41,72,63,55,119,55,74,123,53,129,153,166,47,59,100,32,144,53,46,46,180,168,100,178,48,145,62,70,74,222,,139,211,180,29,80,144,108,46,21,18,213,33,190,99,24,10,117,140,87,59,80,203,28,193,,206,18,20,20,20,75,77,22,89,63,95,117,84,115,105,255
20171215,2,PM2.5,116,75,108,108,108,98,92,89,86,103,99,82,,,89,,106,109,94,,113,94,85,,85,94,,129,177,226,,173,138,108,102,96,83,108,99,101,93,76,64,,77,183,174,190,155,166,163,165,202,169,158,25,,7,15,19,56,96,95,82,71,96,97,,107,112,113,129,121,144,161,185,164,169,177,347,,275,358,273,345,291,328,347,4,6,3,22,6,1,21,5,129,191,201,,168,191,169,212,166,,205,39,46,47,48,27,33,47,49,42,28,92,116,124,93,103,76,56,104,120,123,88,74,33,,76,74,87,84,93,77,101,79,16,15,10,19,19,24,15,14,12,15,28,27,31,27,39,38,22,33,26,21,22,21,18,23,24,18,25,24,25,18,26,20,95,,,,133,126,,108,131,135,,45,36,40,,17,49,17,16,28,17,28,35,29,,,,35,45,,18,29,31,25,20,,22,37,31,31,34,34,30,27,,18,,74,62,72,25,32,9,26,25,25,40,35,22,34,22,85,45,70,44,,82,41,32,15,16,22,39,40,25,,,17,,27,33,,19,25,25,17,11,11,,38,53,18,19,19,21,24,22,22,25,24,25,30,30,24,28,26,35,9,,10,,16,15,11,23,,27,,21,26,45,25,13,,25,129,155,181,156,190,174,186,142,61,105,91,75,97,66,92,100,78,142,150,163,158,147,167,151,150,179,32,27,31,28,47,44,33,40,48,57,28,35,32,29,27,31,26,24,31,47,33,24,,19,28,23,18,24,21,31,20,,35,29,25,27,48,44,22,40,28,65,36,64,40,38,24,31,29,23,22,32,27,23,38,36,33,38,35,33,37,31,38,40,36,35,40,37,35,31,39,60,44,39,,38,20,26,24,12,24,19,15,44,9,11,11,8,8,42,,48,48,47,53,37,59,52,,,57,53,50,40,48,,85,85,76,88,,,80,7,13,15,15,28,13,24,20,10,12,33,15,19,25,31,37,39,54,84,48,46,,11,181,173,180,181,165,188,169,175,205,154,174,186,167,36,58,29,39,45,70,,73,58,52,,,,106,115,75,88,53,57,54,,4,23,28,31,24,29,18,11,15,21,19,23,10,14,36,6,5,13,7,2,18,10,17,1,20,9,39,45,39,38,29,32,35,33,217,187,122,188,110,,97,14,16,8,13,,148,,93,106,119,119,153,,168,118,,112,168,186,172,179,203,127,113,210,188,81,127,107,,61,,33,42,42,41,,111,,114,,99,88,91,86,143,124,144,81,88,89,34,28,28,183,158,161,,19,20,13,33,36,31,23,27,32,25,31,118,115,122,131,108,125,68,77,82,66,25,29,36,26,20,24,16,21,14,67,70,52,25,19,,50,46,,48,57,46,,58,51,35,15,,,149,123,169,11,,21,6,19,22,98,105,,109,123,,178,,167,205,213,191,196,198,166,195,182,59,62,93,,49,41,80,61,89,47,39,173,144,82,101,41,138,87,179,176,73,84,88,79,109,79,80,77,75,29,95,174,39,,39,126,103,113,125,154,52,43,65,75,31,74,71,91,125,52,46,60,55,47,38,46,40,39,45,34,29,37,32,29,38,33,5,164,130,,134,130,122,138,175,200,195,,206,,95,88,83,191,150,139,172,151,152,112,121,130,143,,143,122,132,118,126,120,92,95,99,59,50,49,35,62,48,,75,,,51,66,53,59,51,13,14,11,15,14,11,5,15,11,25,31,17,19,19,10,5,82,83,87,83,47,44,47,30,52,37,66,37,54,44,51,54,43,40,97,,,109,90,64,86,93,61,65,72,65,62,69,24,16,12,,22,30,34,214,196,196,170,197,223,158,163,92,82,111,139,163,180,213,204,186,229,186,179,129,155,151,158,23,11,9,38,,16,11,11,11,37,8,25,46,26,50,57,56,134,123,107,116,80,115,106,80,86,73,60,82,91,79,58,70,87,90,45,65,32,23,24,55,29,,22,21,24,11,14,,17,29,,17,21,17,40,32,38,38,51,28,35,23,36,37,36,17,17,30,32,,18,45,47,,,65,61,3,98,63,101,97,126,167,138,161,,32,34,97,55,62,55,50,91,153,121,168,,127,199,,192,180,150,140,,170,127,243,191,189,160,,171,14,28,16,45,36,37,17,,8,23,12,9,,,9,,17,18,28,44,37,107,95,68,102,89,45,107,53,119,230,177,201,219,165,116,167,104,167,166,112,87,85,114,124,105,74,51,49,61,48,33,42,20,49,88,144,25,53,34,99,11,58,21,36,27,28,39,19,46,78,35,35,34,113,108,28,14,18,17,38,47,69,9,44,23,40,45,31,23,,74,62,44,46,35,78,93,103,46,59,58,55,55,54,18,17,21,47,6,24,6,26,30,26,54,,,61,56,72,18,30,20,29,92,93,,29,48,42,37,40,11,8,13,10,4,23,14,16,14,3,14,21,19,20,20,20,28,17,21,13,6,14,6,15,11,13,18,23,15,13,26,24,33,30,22,25,28,25,25,27,23,31,28,33,20,34,31,28,39,32,27,26,32,26,33,29,30,26,18,24,25,21,30,144,145,128,,123,116,114,160,,176,154,97,,100,142,154,148,145,125,125,85,93,133,,119,,,137,138,117,33,40,60,51,64,36,72,73,66,120,122,138,144,32,43,45,107,94,123,,47,46,,37,44,38,30,45,56,60,50,95,92,17,20,17,28,19,21,17,8,16,12,10,57,62,50,33,48,10,19,13,21,12,27,,,30,13,18,22,21,23,33,10,13,12,16,20,15,21,30,17,18,25,22,10,,10,10,14,11,5,7,12,5,8,11,18,12,25,20,10,13,18,15,23,24,14,11,45,108,47,68,64,64,51,50,60,64,73,71,38,47,42,44,55,62,53,60,23,46,55,,30,70,72,70,72,90,62,53,70,64,,63,65,,32,72,66,54,78,24,35,8,,,15,22,36,71,55,,18,31,16,26,,,,,11,12,5,4,12,13,21,,14,25,27,17,34,8,7,9,24,21,30,13,31,43,,35,17,14,,66,,16,16,28,30,31,21,22,12,51,31,11,9,96,33,83,,2,,3,5,101,126,145,119,56,50,47,39,64,69,67,116,,,15,81,,118,43,50,10,24,18,32,29,49,47,49,42,50,58,45,,66,67,38,,61,72,77,27,30,22,21,17,18,14,14,20,45,29,39,125,164,103,83,14,26,21,24,51,93,98,107,161,,290,39,104,89,117,108,8,2,23,81,30,20,,13,96,27,79,84,99,150,212,133,154,231,43,27,31,27,20,43,52,149,107,143,96,14,29,24,34,79,217,149,48,20,52,45,39,90,33,54,93,24,98,117,126,28,42,75,9,110,35,32,32,136,127,75,134,33,111,44,51,54,172,,106,161,136,19,45,110,81,32,7,12,163,23,143,74,16,7,88,107,64,42,59,153,19,145,,156,12,9,9,9,30,56,13,66,45,71,88,62,87,79,205
20171215,2,PM2.5_24h,79,67,77,68,76,70,73,83,72,70,81,78,,,67,,62,61,68,,63,63,58,,65,71,,109,131,166,,122,120,92,68,78,70,77,80,81,40,45,51,,58,118,124,127,96,117,122,120,137,114,126,59,,49,54,71,59,65,68,71,56,72,72,,77,74,74,81,84,95,100,126,98,119,124,242,,209,278,216,258,247,222,258,93,68,69,90,71,69,91,86,77,152,138,,110,124,128,137,122,,125,39,45,36,41,28,28,24,55,48,25,67,69,88,81,73,47,91,95,85,87,92,77,56,,86,82,115,106,97,100,98,110,18,22,16,19,19,28,19,15,17,16,30,27,36,34,43,44,32,40,31,30,31,33,31,32,34,28,29,27,23,23,32,22,41,,,,118,95,,78,97,100,,44,32,41,,30,45,33,35,42,32,37,38,37,,,,38,41,,37,37,38,32,30,,36,53,42,38,45,45,34,32,,24,,79,60,76,33,42,17,41,32,35,51,40,33,48,32,27,42,24,43,,61,39,36,32,26,26,34,48,45,,,28,,35,37,,29,34,32,18,14,15,,45,58,24,27,25,20,20,24,38,42,36,35,40,42,39,42,45,45,12,,17,,15,16,12,16,,23,,15,19,36,22,16,,15,119,126,138,127,145,132,148,124,28,49,49,39,48,34,51,77,41,113,115,136,123,113,128,113,112,126,37,36,40,41,47,53,43,48,42,62,47,54,57,56,50,51,51,46,54,60,62,57,,45,52,52,41,59,50,58,49,,35,30,25,24,50,51,19,33,29,73,46,61,66,54,38,50,53,52,59,50,48,41,80,71,57,62,71,64,72,58,60,61,56,53,80,64,60,53,50,53,75,67,,68,19,22,19,15,28,15,21,26,11,13,13,11,14,40,,48,42,49,52,35,54,50,,,48,50,43,49,42,,82,79,78,84,,,74,32,20,21,23,27,31,31,24,22,21,25,18,19,20,24,31,32,38,57,22,21,,16,136,136,142,138,130,154,136,143,146,129,136,151,136,49,61,37,45,54,117,,114,105,85,,,,73,75,53,61,61,63,56,,31,52,59,60,59,61,35,29,27,38,39,41,25,40,55,62,52,61,72,61,80,74,80,59,71,79,136,147,106,133,30,27,32,31,118,112,88,121,91,,85,14,14,17,14,,106,,81,87,89,101,91,,93,99,,104,113,128,110,137,182,96,118,135,130,68,83,74,,61,32,39,42,13,35,,74,,68,,68,75,86,84,109,106,112,53,54,51,22,22,23,94,86,94,,26,32,22,41,37,22,16,17,21,18,20,56,50,60,64,45,66,54,67,65,50,26,31,34,18,16,25,37,48,37,102,101,80,38,26,,26,25,,31,35,28,,84,74,55,11,,,118,113,131,119,,102,89,112,108,93,93,,97,99,,129,,141,128,132,129,129,138,107,125,133,88,93,97,,155,98,181,173,208,105,67,125,86,54,80,27,120,70,121,136,82,56,91,84,106,89,88,84,77,48,101,100,72,,31,76,66,87,67,129,54,52,64,71,38,84,74,59,84,56,48,68,65,52,43,45,46,43,56,35,30,36,31,45,33,33,6,142,119,,101,103,98,114,115,113,115,,119,,94,86,81,128,117,115,136,121,114,102,109,143,153,,144,111,112,100,108,105,90,90,100,60,51,45,46,73,44,,58,,,50,78,62,61,49,18,21,19,22,30,29,20,30,16,31,29,18,29,18,12,11,83,76,86,79,48,40,43,41,50,47,50,36,36,36,47,50,41,45,105,,,98,84,60,74,88,57,65,69,62,65,59,18,14,13,,20,26,32,144,139,140,128,144,170,140,133,122,119,114,110,145,162,165,163,154,168,147,142,108,131,122,130,40,29,23,26,,79,68,54,67,24,12,26,53,33,59,64,54,99,92,127,124,48,41,78,57,58,49,42,50,43,38,27,32,55,57,25,42,22,18,24,38,28,,31,25,32,21,28,,40,30,,29,26,26,46,38,41,39,42,35,42,27,38,47,46,24,25,35,37,,17,42,40,,,76,95,29,99,84,96,94,117,141,115,137,,24,17,82,73,81,72,72,80,185,172,186,,177,169,,142,164,104,97,,110,95,140,129,126,138,,137,27,34,26,56,49,48,34,,39,38,37,50,,,30,22,25,17,37,48,42,86,70,85,80,80,158,201,143,221,143,115,98,117,128,79,125,116,92,87,64,82,71,88,107,83,63,38,40,92,41,39,51,37,39,59,93,23,27,32,50,12,47,35,49,44,34,43,21,35,42,28,30,36,64,59,27,23,27,33,70,53,40,16,64,54,48,46,44,42,,59,57,53,49,46,63,69,74,38,46,45,44,43,45,42,34,42,54,5,8,16,35,37,34,56,,,51,57,67,34,39,30,39,76,76,,43,48,43,43,40,13,15,13,16,10,17,12,14,35,3,12,12,14,22,19,20,23,22,22,17,11,14,10,13,18,17,36,35,32,33,28,22,29,26,22,21,23,23,23,24,24,29,32,33,27,30,26,28,30,35,33,30,33,32,25,26,23,25,17,19,22,20,28,99,88,86,,103,108,90,139,,155,131,99,,102,129,150,145,139,131,122,82,90,126,85,92,94,,128,128,125,30,38,48,42,50,52,74,77,72,131,131,140,153,31,43,46,132,121,133,,43,46,,44,40,39,34,46,53,54,47,75,70,38,40,38,47,36,30,27,33,37,33,30,62,62,55,45,49,17,26,20,20,19,37,,,39,35,34,31,28,41,36,18,20,23,23,30,33,40,47,26,23,30,31,13,4,12,14,18,12,8,10,14,9,15,19,30,12,23,27,23,8,15,14,22,25,7,6,43,69,49,70,62,56,45,46,63,68,67,71,49,57,56,56,66,72,72,72,42,53,60,,30,82,72,75,80,79,53,59,51,63,,64,76,,33,61,63,54,75,18,30,14,,,16,18,29,34,33,,36,44,24,24,,,,,15,30,19,22,11,11,18,,13,19,15,26,32,13,8,11,17,19,27,14,19,24,,24,20,16,10,41,,13,20,24,28,22,20,17,16,47,42,10,11,18,16,103,,7,,7,9,93,93,93,104,90,85,85,77,73,85,69,99,,,31,116,91,107,45,63,21,50,68,80,36,32,96,101,86,53,50,50,,47,66,46,,85,90,46,60,27,24,36,35,30,23,32,30,50,40,49,133,156,70,64,12,63,45,27,39,91,104,73,150,,179,60,111,99,110,106,19,27,34,53,46,37,26,14,87,51,56,55,62,122,171,98,135,210,43,38,36,34,26,48,51,100,76,115,86,18,25,16,25,71,174,81,40,33,63,43,42,72,28,58,51,139,58,75,93,29,48,73,33,35,33,43,37,98,99,32,53,37,122,45,49,46,120,,63,135,105,39,25,108,82,45,52,58,99,21,159,66,13,14,60,96,99,37,113,97,27,105,,85,34,48,34,34,40,92,65,51,47,119,80,50,70,68,127
20171215,2,PM10,,102,113,,147,118,,91,89,110,127,,,,174,,107,,,,,,,,,,,169,250,255,,174,174,204,119,124,136,131,129,119,118,107,109,,113,183,213,201,209,187,191,199,246,237,197,34,,32,24,47,134,167,135,159,153,144,150,,134,151,143,144,153,147,169,203,210,208,198,390,,342,384,316,431,320,378,434,34,22,12,70,18,21,64,42,195,257,285,,237,303,263,292,233,,252,66,65,50,70,69,60,53,81,66,37,105,,163,102,117,111,84,111,127,135,101,110,55,,90,115,126,118,112,86,113,101,33,27,22,23,28,32,20,20,26,30,51,48,53,35,43,44,52,36,46,38,34,31,28,37,55,56,31,28,40,32,33,39,118,,,,141,,,150,133,147,,,58,50,,39,82,42,52,38,39,42,49,42,,,,45,57,,45,44,41,25,32,,42,41,35,36,50,44,41,33,,49,,75,70,72,36,51,11,44,35,38,60,62,56,51,35,137,73,110,76,,,76,63,18,37,42,57,50,51,,,41,,43,48,,31,37,30,22,24,28,,,,18,20,28,24,26,40,,,,,,,,,,,,,,,28,,14,,,30,,,31,,,,,29,182,214,199,197,,195,232,181,131,185,147,151,149,144,153,168,149,149,163,168,170,157,178,209,156,206,,,,,,,,,,,,,,,,,,,,,60,31,,37,31,31,23,31,22,39,,,70,53,49,55,94,59,44,80,54,87,67,116,63,49,28,55,32,51,47,55,27,25,63,62,62,52,57,59,61,38,,47,42,51,62,42,,,55,66,,45,,39,22,27,27,14,,35,16,52,27,27,30,24,23,64,,61,59,63,69,52,83,73,,,67,66,52,64,66,,107,111,107,122,,,113,32,14,28,25,30,22,,26,21,27,61,49,21,105,75,100,99,94,131,95,87,,30,235,200,258,243,232,246,233,238,312,193,244,209,235,74,105,84,96,81,119,,137,117,103,,,,168,179,104,123,53,,57,,10,28,32,31,27,29,35,42,54,41,38,28,34,39,,73,61,41,18,50,87,100,107,35,55,80,58,50,86,56,46,41,45,48,247,260,186,296,184,,151,,,11,,,176,,137,124,154,,202,,199,167,,152,231,241,200,237,250,163,126,300,222,140,170,186,,84,66,58,105,67,92,,141,,166,,132,122,121,119,164,139,146,120,106,107,48,55,49,240,237,200,,,,20,37,,39,38,45,51,49,71,121,,,,125,,105,107,89,105,29,37,48,47,50,57,16,23,18,77,79,72,27,23,,104,83,,67,80,69,,,,50,36,,,201,173,217,34,,51,21,46,38,125,124,,131,168,,221,,227,242,272,273,,,264,207,,83,114,138,,96,82,163,81,145,79,45,211,167,125,137,102,228,148,441,254,150,136,169,147,139,129,114,89,89,33,110,208,51,,44,,,118,135,165,69,70,71,131,39,80,92,98,,66,,,,,46,53,47,49,60,,,,,,,,,176,158,,182,180,171,173,,212,219,,233,,131,122,120,254,178,165,247,225,212,130,127,147,152,,145,153,154,,,,129,120,111,67,63,61,63,,48,,105,,,71,71,67,73,82,,,11,16,,27,17,15,12,,37,21,,25,32,28,101,100,114,110,50,53,65,30,54,48,188,85,124,101,68,79,54,59,131,,,,120,125,109,112,76,80,100,92,76,94,30,24,24,,28,45,46,285,248,258,231,253,264,191,217,118,106,136,191,299,247,278,257,272,277,304,283,232,224,249,205,55,50,59,83,,103,30,96,79,50,29,,71,34,104,73,93,134,133,148,147,117,155,152,112,123,133,106,115,126,114,77,,147,141,104,103,42,53,42,81,69,,43,45,30,22,36,30,27,39,,27,22,43,44,46,55,47,68,45,47,33,,46,50,23,27,48,52,,70,55,60,,,,,33,115,110,132,147,188,198,205,206,,51,66,105,,87,72,107,94,,175,227,,206,257,,226,227,202,195,,222,259,282,205,248,176,,,29,39,32,61,50,57,,,26,54,51,26,,,21,12,60,30,50,44,44,153,140,81,159,160,69,154,85,223,258,218,229,281,214,160,270,212,219,191,155,98,95,190,179,154,102,91,79,68,68,66,61,37,,98,164,42,83,159,200,31,68,34,,38,50,83,23,,,51,56,48,150,173,39,18,,23,66,82,,21,52,38,,68,36,26,,99,,55,,46,118,,121,65,,79,60,72,68,30,26,21,,48,25,15,26,44,,,,,74,78,,37,34,23,36,109,129,,45,53,57,71,49,,,,,6,,,42,17,,20,22,,24,29,38,32,25,23,,17,21,10,,20,13,24,,,17,34,41,42,42,41,29,,,25,29,26,,34,,32,,,34,41,42,32,34,34,29,37,,,40,24,35,35,32,36,210,190,173,,145,134,140,177,,183,185,143,,121,174,174,181,181,,,107,151,145,167,156,141,,206,201,212,52,45,69,61,,45,74,,84,,,,,39,49,66,,,,,49,57,,47,,,,,69,,59,122,116,22,21,26,,23,28,,18,24,15,17,109,87,82,59,50,17,,47,24,24,27,,,40,35,32,,31,39,68,19,17,20,18,25,30,32,,28,,,28,,13,13,10,,26,6,13,17,7,10,,23,21,25,,15,15,47,22,24,25,16,,75,,61,89,,65,67,86,92,105,101,83,51,60,66,53,58,75,61,90,59,62,70,,63,79,79,77,84,101,83,68,,72,,85,95,,86,119,117,124,124,,53,29,,,22,31,66,96,85,,37,,48,,,,,,20,17,10,6,19,21,32,,15,47,31,43,,47,20,11,30,46,37,26,58,66,,,26,15,16,92,,34,35,57,54,65,40,168,24,158,156,22,21,126,65,153,,16,,6,17,126,160,171,122,79,92,76,80,71,75,74,132,,,50,111,181,184,93,106,30,33,72,65,58,95,87,76,67,100,139,57,,140,164,67,,86,90,123,81,152,66,44,63,52,32,43,38,87,67,63,194,226,154,96,31,55,31,41,69,166,207,159,354,,352,130,167,150,140,141,26,12,24,,46,33,90,16,104,28,89,,,201,246,228,210,274,62,37,62,52,36,53,64,160,178,208,114,18,103,94,117,100,319,202,52,41,66,61,48,124,59,62,105,55,150,161,177,47,,77,32,121,56,44,34,149,134,104,138,47,,64,55,74,198,,,172,178,29,109,,92,,21,,198,,151,138,24,8,104,148,110,63,88,188,21,202,,212,14,10,17,11,99,102,22,105,64,134,123,87,88,83,
20171215,2,PM10_24h,82,79,100,84,96,86,84,96,84,86,107,82,,,94,,77,69,97,,77,68,74,,70,85,,149,184,211,,146,157,129,111,110,123,138,138,128,66,71,85,,117,141,162,168,132,148,159,159,186,173,165,113,,109,112,126,149,130,104,157,120,113,122,,110,104,104,103,116,109,128,144,151,156,141,318,,273,317,259,349,288,282,350,165,135,140,176,114,129,138,120,120,208,199,,148,201,204,190,174,,204,71,67,54,71,64,54,34,98,68,34,92,88,118,95,80,78,106,112,104,113,97,105,77,,100,109,140,152,118,106,103,126,39,36,29,28,32,37,30,26,29,34,47,44,52,43,51,55,56,48,55,47,39,39,34,38,63,63,44,30,38,37,42,35,52,,,,139,85,,129,128,129,,56,56,46,,51,69,59,62,49,52,56,54,55,,,,52,54,,54,43,51,44,47,,47,64,54,53,60,63,54,45,,57,,83,78,81,45,70,36,52,48,58,86,66,54,73,41,54,66,43,75,,91,80,56,40,57,63,61,60,69,,,43,,48,54,,49,56,53,27,29,37,,44,,29,36,36,25,22,37,31,63,22,,24,27,38,15,20,40,21,,32,,36,31,18,34,,25,,18,27,17,22,16,,21,183,183,175,162,,166,211,176,62,90,80,88,89,87,104,143,93,125,134,140,149,124,138,150,127,130,29,,45,43,,56,43,49,36,,,,,,,,,,,,79,66,,63,69,64,47,53,27,57,26,,58,55,56,47,90,89,36,62,44,102,67,81,89,72,71,87,69,76,100,71,64,60,82,92,86,94,98,95,89,100,61,68,59,59,96,62,57,72,66,67,75,65,,69,24,30,37,21,55,28,24,33,29,32,35,29,34,65,,64,57,68,74,64,88,76,,,62,67,58,83,72,,110,111,112,133,,,106,64,29,39,43,36,53,47,34,35,44,68,41,34,59,51,65,69,66,102,50,44,,64,164,160,200,190,179,189,165,198,216,157,161,187,179,129,128,117,118,112,164,,146,176,140,,,,117,135,80,72,71,82,59,,44,28,62,31,34,29,53,55,63,58,48,53,48,73,71,124,128,145,155,135,153,160,139,109,124,139,180,188,174,171,49,39,43,47,149,146,120,188,156,,115,24,28,39,25,,114,,107,107,122,93,126,,130,136,,139,165,152,130,181,159,134,152,184,176,132,126,137,,92,59,62,67,21,72,,110,,113,,125,101,118,113,126,124,140,87,77,73,39,43,39,134,148,144,,39,28,22,48,84,40,34,36,41,47,48,53,48,54,45,63,47,97,94,75,85,39,34,57,39,49,48,38,32,30,113,112,96,40,24,,47,47,,64,61,58,,,107,73,36,,,168,156,169,165,,153,128,154,156,123,125,,116,144,,165,,160,147,154,185,95,104,162,140,108,154,165,147,,204,166,262,248,320,150,79,147,119,79,114,59,194,105,307,188,150,97,156,127,125,128,113,94,90,55,116,92,92,,37,97,84,106,120,167,81,78,89,109,50,83,93,63,94,89,44,,,,49,49,53,52,68,,32,,,,35,,7,153,136,,130,142,164,133,96,121,127,,120,,114,128,113,157,141,138,185,144,143,134,123,143,152,,144,146,144,101,,102,123,124,111,65,59,56,62,68,55,,66,,,60,86,77,80,76,18,24,20,22,,29,26,14,15,34,36,29,27,21,27,24,114,103,108,112,51,49,57,42,48,69,111,73,101,80,77,76,62,65,140,,,114,117,125,112,123,81,94,112,96,91,96,29,25,24,,28,51,48,177,172,170,165,204,200,166,153,132,141,153,142,217,206,196,199,204,198,209,196,199,202,197,159,89,78,94,69,,117,103,118,119,41,37,43,73,52,115,100,118,89,113,174,163,78,73,134,91,87,87,76,72,82,58,44,44,87,85,65,69,39,42,45,65,55,,60,57,50,40,49,37,44,46,,44,39,48,47,53,59,52,57,43,36,34,46,74,66,39,41,50,62,,60,50,52,,,106,101,51,126,110,126,140,153,159,154,172,,48,51,92,91,89,85,94,91,182,302,270,,260,224,,212,208,135,144,,137,150,188,160,181,149,,137,61,63,57,80,87,64,47,,70,80,74,92,,,45,31,48,30,71,75,67,126,114,92,128,119,249,280,210,332,166,198,148,162,150,116,200,174,143,109,97,94,80,145,180,119,92,75,57,101,73,52,50,49,51,79,128,31,38,63,104,26,80,54,56,49,50,54,26,45,41,36,48,43,93,100,35,42,42,61,106,78,46,19,75,59,53,61,52,48,,72,65,63,55,55,80,74,82,44,49,51,50,53,42,47,40,40,63,32,20,27,38,46,42,,,,79,81,74,51,50,41,46,90,94,,54,56,49,53,46,27,19,24,29,15,21,18,25,19,10,17,16,16,27,27,28,35,29,30,25,16,20,20,19,18,17,45,46,41,40,32,43,36,40,39,25,32,25,30,31,27,28,37,34,34,31,31,33,35,41,38,36,40,38,27,30,25,33,23,29,31,35,37,131,127,118,,126,136,122,151,,166,149,137,,111,169,176,180,176,,132,114,141,141,104,104,99,,165,168,167,46,44,55,54,59,70,83,86,89,143,139,146,,49,48,71,,,,,57,47,,48,37,44,45,56,71,56,53,98,89,37,31,36,73,34,37,33,22,46,31,31,126,107,94,71,76,22,35,46,25,28,41,,,41,50,60,62,45,50,75,23,34,40,37,36,42,63,99,38,30,32,34,15,19,16,17,24,20,11,18,20,13,19,24,36,29,34,32,30,12,32,22,27,30,13,9,73,69,84,95,93,69,66,95,99,89,93,91,72,76,81,70,85,113,101,105,69,95,92,,86,110,105,94,116,102,71,90,70,85,,92,112,,77,110,117,119,126,35,61,38,,,21,27,44,49,55,,55,56,57,28,,,,,43,43,27,30,24,19,26,,20,44,43,53,57,66,26,21,29,45,56,30,39,47,,28,40,30,25,72,,43,48,45,51,54,51,105,35,93,104,21,23,62,47,195,,32,,21,31,112,110,118,114,102,100,111,105,79,95,76,131,,,98,160,157,171,96,126,73,69,131,141,91,90,138,116,119,109,122,67,,108,123,109,,137,124,91,168,85,65,69,96,71,58,64,58,99,92,74,214,211,114,96,18,66,63,54,55,179,196,143,335,,249,202,161,138,146,131,36,51,48,60,56,53,64,33,119,50,80,73,73,182,230,132,182,252,56,49,56,68,39,57,53,118,137,169,117,21,66,55,102,119,263,115,72,53,78,63,52,113,50,74,70,169,107,131,139,52,59,86,52,46,52,66,49,125,132,43,69,53,,69,72,68,138,,90,155,134,49,53,120,106,52,93,75,127,32,151,111,28,23,81,128,171,70,158,127,35,132,,120,45,46,50,43,116,140,87,79,73,141,109,60,75,77,120
20171215,2,SO2,11,29,26,2,19,22,14,18,7,24,25,18,,,15,,20,19,18,,19,13,20,,8,4,,29,14,30,,36,33,18,29,27,36,31,39,30,48,63,45,,37,7,17,,19,27,38,24,31,28,25,11,,17,8,11,30,37,37,33,35,12,10,,18,34,37,36,7,14,16,24,31,25,20,131,,54,237,288,136,276,52,163,16,16,17,20,10,10,9,8,83,134,133,,75,150,142,142,133,,123,16,17,8,12,7,10,8,14,12,11,52,64,26,66,98,35,26,57,29,19,66,54,19,,134,254,104,95,90,16,55,35,10,9,9,10,10,9,9,9,8,11,12,9,5,6,4,8,8,6,10,9,8,6,13,7,8,17,9,16,13,10,29,16,42,,,,25,4,,10,38,5,,7,9,9,,14,11,7,9,8,9,13,12,10,,,,17,45,,1,2,4,6,5,,6,10,8,15,11,5,5,11,,10,,1,5,5,14,8,7,6,8,8,10,8,5,13,7,25,14,13,14,,8,12,9,9,7,8,6,9,13,,,10,,15,12,,5,6,5,5,8,10,,19,16,5,5,6,4,3,4,4,2,4,4,5,2,7,3,3,1,5,,3,,7,8,2,4,,3,,1,4,6,4,3,,5,11,20,26,37,31,40,39,27,30,28,25,23,27,12,31,19,32,25,21,20,19,15,17,24,25,17,4,3,3,4,3,1,1,6,3,4,4,5,3,2,5,6,2,2,4,6,11,10,,6,5,8,5,11,14,9,9,,4,7,6,10,9,8,5,5,7,11,12,10,18,16,8,16,6,8,11,35,16,14,13,9,11,12,21,17,11,8,5,21,27,18,15,13,10,8,8,9,10,15,,14,10,12,12,10,15,11,9,9,4,5,5,4,5,11,,13,11,13,13,9,17,11,,,13,11,9,8,19,,8,6,2,10,,,7,8,6,5,26,5,9,16,7,6,5,13,14,15,11,12,44,53,8,10,9,2,,6,70,39,29,77,58,195,25,62,19,26,26,48,30,37,34,20,32,35,30,,31,25,19,,,,27,70,2,11,18,11,12,,9,8,7,4,8,7,8,5,8,7,4,4,6,6,4,7,6,10,8,6,11,14,19,20,23,14,23,40,12,17,14,8,14,23,93,90,62,300,82,,148,6,7,9,3,,30,,13,15,25,11,10,,11,10,,12,34,37,33,38,41,31,36,31,44,7,12,9,,24,21,65,45,39,26,,13,,8,,11,31,31,25,30,16,46,11,8,6,14,12,8,17,29,13,,8,7,7,11,7,8,8,9,12,10,27,13,8,12,13,13,15,12,11,43,27,6,3,11,10,8,8,1,4,4,12,13,14,5,7,,38,27,,18,35,19,,6,7,8,13,,,11,13,9,15,,26,14,23,17,10,15,,24,27,,51,,62,49,92,142,157,150,138,157,156,46,21,52,,48,41,38,49,39,86,22,43,48,32,32,27,94,91,76,126,132,98,34,94,86,80,59,51,32,17,44,45,17,,10,42,50,40,25,26,11,38,22,15,13,11,26,50,44,22,7,6,9,6,15,40,12,10,12,4,11,10,5,9,6,2,5,11,7,,15,12,7,7,9,11,8,,7,,27,21,13,23,9,6,8,19,22,10,13,16,16,,16,14,10,12,14,14,6,12,7,10,2,8,1,2,6,,2,,,3,6,7,6,4,3,10,11,12,6,6,6,10,3,16,86,6,19,13,2,3,2,8,14,6,17,16,13,12,15,13,94,14,21,27,17,8,13,10,10,,,16,4,5,4,2,6,22,11,5,18,15,11,6,5,,5,15,11,16,40,26,23,23,40,23,35,12,10,106,100,20,13,30,26,22,21,29,27,19,21,24,21,2,3,6,27,,49,6,12,14,3,6,8,5,6,10,13,9,20,17,15,20,24,42,19,13,27,20,35,13,17,18,16,11,20,11,15,12,8,8,14,7,16,,14,17,18,5,4,16,11,28,,3,6,8,7,6,8,4,6,14,14,16,6,12,8,9,10,7,10,,10,5,1,,,19,10,40,13,10,4,7,10,8,9,6,,14,9,20,25,12,19,9,3,49,63,61,,48,221,,249,214,44,40,,96,25,91,60,33,80,,118,3,6,3,24,15,11,4,,6,19,11,18,,,5,2,36,19,10,9,8,87,88,56,122,78,28,52,22,60,92,90,105,96,158,143,199,206,68,92,88,48,41,75,67,80,75,13,16,16,19,17,43,7,13,29,52,14,11,10,27,6,10,15,15,12,9,7,6,11,10,9,10,24,18,47,8,13,10,29,57,72,40,7,2,20,13,17,14,4,,25,4,6,31,9,9,8,20,11,18,8,17,6,8,26,5,25,9,5,8,3,25,1,7,3,,,16,5,44,13,28,2,9,11,13,,28,26,25,32,16,1,4,6,5,2,11,10,15,16,2,10,16,6,9,7,7,6,5,8,7,4,4,5,5,4,9,25,13,19,26,21,23,13,12,20,13,24,22,26,28,6,5,10,1,2,7,2,17,11,12,6,15,14,11,8,7,7,7,5,14,17,22,7,5,5,9,,14,31,6,11,,16,10,11,,10,6,10,6,10,5,6,2,6,4,12,11,13,,8,9,8,6,4,3,11,5,8,20,17,4,9,9,10,5,3,1,6,10,16,8,,6,6,,1,1,2,5,1,4,6,1,9,4,6,13,13,8,7,6,2,5,4,6,9,4,4,2,6,1,14,7,7,13,3,3,,,4,4,4,1,1,3,2,3,4,5,3,4,7,3,3,3,7,6,13,5,6,6,12,18,13,1,6,7,4,3,6,8,11,11,1,3,3,6,7,8,6,5,6,15,21,16,11,13,8,7,4,8,8,8,13,3,3,3,1,3,2,7,3,27,16,15,,13,10,12,13,11,14,31,3,12,13,,5,7,,5,5,7,4,9,9,18,8,,,11,10,13,16,33,,24,32,29,13,,,,,1,9,8,8,1,2,9,,33,9,7,16,23,,11,7,7,5,9,15,23,11,,7,10,6,5,8,,6,8,12,10,9,11,29,9,7,6,3,5,8,10,5,,2,,5,3,7,8,9,12,19,34,20,20,12,10,23,20,,,7,11,26,21,11,10,20,12,16,14,10,8,30,13,9,24,49,3,,34,16,3,,30,10,11,22,22,18,16,5,8,7,13,5,16,15,12,25,26,13,10,5,14,10,6,11,18,18,3,22,,35,47,85,34,43,37,3,3,5,9,10,8,72,3,13,12,14,9,16,48,268,62,141,78,10,10,10,18,12,26,10,16,13,9,8,7,32,34,57,17,169,97,13,10,3,4,5,10,13,4,20,21,39,40,19,7,21,6,8,14,19,14,5,18,49,17,35,14,15,10,12,22,141,,15,10,14,6,37,15,10,5,20,3,20,6,13,25,2,4,15,27,33,13,24,27,4,33,,8,12,22,21,20,10,36,16,35,6,13,5,3,2,4,3
20171215,2,SO2_24h,21,13,24,18,24,25,18,20,12,18,21,14,,,22,,26,30,24,,25,18,21,,17,15,,21,27,37,,22,22,5,54,51,61,65,82,55,26,49,43,,42,11,21,22,26,45,46,32,36,29,41,33,,24,24,28,41,43,46,58,44,24,24,,25,46,42,43,9,15,16,24,27,20,22,97,,63,140,222,120,197,56,124,38,43,53,52,42,29,43,30,61,83,88,,96,138,126,108,190,,115,43,59,38,45,43,25,16,46,40,32,128,183,57,51,68,21,28,42,30,41,66,58,26,,135,130,86,100,156,22,66,52,9,6,8,9,9,9,8,7,7,9,13,10,7,6,5,9,8,5,12,9,6,8,14,8,6,17,11,15,10,11,18,16,22,,,,27,9,,13,23,11,,6,7,8,,16,10,7,11,9,9,10,11,10,,,,15,17,,3,4,6,5,6,,7,7,6,14,10,9,7,9,,8,,3,7,6,13,9,6,6,9,8,8,6,4,13,8,10,10,11,9,,9,9,7,8,9,8,7,8,14,,,8,,7,9,,18,5,5,5,8,9,,16,12,5,6,6,5,4,5,3,4,4,5,7,2,9,3,3,2,5,,4,,8,9,2,4,,3,,3,4,8,5,4,,5,23,24,27,32,24,30,33,36,21,13,23,20,21,13,21,22,19,19,16,17,15,13,13,18,19,13,5,3,4,5,4,2,2,8,4,4,4,5,4,3,5,6,3,2,4,8,11,11,,7,6,11,6,12,15,9,11,,5,7,7,11,8,9,5,8,9,11,9,8,17,13,8,12,7,11,14,28,21,21,20,19,18,12,20,16,14,8,8,17,19,16,15,12,10,8,9,9,12,17,,18,10,14,13,11,12,9,10,10,4,5,4,4,6,8,,16,13,13,14,16,16,12,,,17,15,15,9,16,,13,9,4,12,,,11,10,8,12,28,8,29,25,14,10,15,20,12,13,13,14,23,23,7,10,7,3,,5,23,30,35,32,29,35,20,50,16,28,21,25,30,39,31,34,31,30,33,,29,28,27,,,,64,42,2,9,14,8,9,,11,7,8,9,9,11,11,6,7,7,2,11,7,7,6,38,42,44,37,37,25,33,31,21,22,27,87,99,42,60,46,36,22,48,88,80,57,143,143,,117,7,8,10,7,,24,,15,20,20,15,16,,16,18,,15,39,41,41,39,45,32,58,30,45,19,18,11,,27,18,31,27,25,32,,18,,11,,16,18,22,17,24,19,27,11,8,6,12,8,9,24,27,21,,9,8,7,11,7,9,9,8,11,10,16,9,7,9,10,9,12,12,12,13,18,6,4,6,11,9,9,2,5,5,18,18,19,6,8,,16,17,,21,19,19,,14,11,10,9,,,6,8,10,68,,86,71,138,117,13,15,,23,26,,85,,86,65,79,78,86,81,49,82,82,104,34,86,,100,89,120,113,92,104,37,44,35,28,31,23,107,68,103,135,94,57,34,97,103,94,134,144,35,30,59,35,39,,12,43,66,56,29,36,17,27,19,15,17,23,25,29,38,30,7,7,9,6,15,14,13,11,21,5,10,10,12,11,10,3,5,14,10,,17,11,16,9,18,22,17,,18,,19,14,15,15,9,6,8,14,15,10,14,14,18,,15,14,12,11,12,14,5,9,8,8,3,7,2,5,6,,2,,,3,7,6,6,5,4,10,18,11,6,6,11,10,2,16,54,11,20,6,2,2,4,6,9,6,17,14,13,14,17,14,61,33,31,21,11,8,14,11,41,,,19,5,8,5,4,4,7,12,7,7,8,18,7,5,,13,20,10,21,29,26,20,33,41,33,33,14,19,53,39,19,20,22,21,23,22,24,25,19,24,20,14,30,12,16,12,,35,38,61,54,2,7,9,4,6,19,14,9,28,28,16,20,27,21,20,15,26,29,38,9,22,16,15,12,10,8,14,18,9,12,11,8,19,,13,16,17,6,4,15,13,23,,3,5,9,6,7,13,8,5,11,10,29,4,5,7,9,10,10,10,,9,4,2,,,51,34,24,13,9,4,7,10,8,8,6,,10,9,26,30,19,17,13,6,135,111,142,,123,150,,174,165,46,34,,63,56,83,76,64,71,,102,11,21,10,72,67,36,10,,21,36,23,40,,,27,14,59,33,15,13,12,79,104,111,114,80,82,117,73,104,61,43,44,71,261,110,228,177,58,50,63,57,43,77,78,83,54,23,16,20,21,23,35,12,9,16,30,6,14,12,19,8,23,26,30,17,14,13,9,11,16,11,11,18,19,26,10,35,44,54,92,94,46,8,6,17,17,16,16,5,,19,7,8,24,14,11,10,18,14,22,6,17,11,7,13,9,17,4,7,6,4,22,2,13,4,,,12,8,12,7,12,2,7,13,15,,15,15,22,28,21,1,4,6,5,2,9,8,10,17,2,5,8,8,12,11,9,8,6,9,8,4,4,5,6,4,4,22,12,14,17,28,18,6,12,10,6,34,37,34,43,4,4,11,8,2,9,7,17,12,11,9,16,14,16,6,7,8,7,5,8,15,13,9,8,19,19,,22,17,6,18,,23,18,15,,20,6,10,6,10,9,6,5,6,6,10,10,13,,7,8,7,9,5,4,8,6,8,10,24,5,11,11,10,6,5,3,5,10,13,7,,7,8,,10,2,2,4,2,4,5,2,8,4,9,16,14,8,9,7,9,14,8,13,13,5,3,1,12,1,13,8,8,17,4,6,,,5,4,4,2,3,4,2,4,3,12,4,4,7,4,4,3,7,6,9,5,6,6,12,10,11,1,6,8,4,3,7,9,18,20,2,3,4,5,8,8,6,5,6,15,18,18,13,8,9,11,9,10,12,12,8,5,5,6,4,4,4,31,3,19,21,14,,18,25,14,13,14,26,16,3,14,7,,5,6,,8,10,8,6,9,9,17,10,,,11,11,15,13,16,,26,31,32,16,,,,,3,11,10,9,7,6,6,,40,11,13,22,57,5,12,8,8,5,10,17,21,13,,18,6,7,5,8,,5,9,18,15,9,11,15,9,7,8,3,6,16,9,5,,6,,5,4,9,12,9,15,23,35,33,25,11,20,24,21,,,43,11,49,29,21,19,20,14,26,32,15,13,14,38,20,41,24,6,,39,40,14,,50,23,12,42,61,21,20,15,21,12,20,11,13,12,12,23,24,17,22,5,13,8,11,13,19,21,4,23,,29,35,50,49,51,41,5,30,21,11,14,12,29,4,18,13,24,13,21,37,180,41,131,54,6,10,9,10,10,23,5,18,18,18,10,8,22,19,47,21,100,78,13,7,4,5,7,22,5,4,35,106,47,130,16,8,15,9,9,12,13,15,5,15,82,15,24,12,16,14,17,15,82,,20,16,16,7,16,15,10,5,49,26,27,7,12,22,2,4,29,21,35,19,95,26,11,32,,14,18,35,31,39,9,29,28,32,14,26,7,2,9,4,12
20171215,2,NO2,66,65,82,59,99,74,88,78,58,70,89,86,,,59,,45,55,55,,53,68,57,,68,58,,62,65,72,,55,61,70,71,70,77,70,75,79,79,76,85,,79,62,56,54,64,79,73,67,64,74,77,12,,15,9,18,59,65,69,69,60,65,76,,68,57,63,59,48,39,46,55,56,60,55,87,,77,77,78,90,74,81,85,11,16,26,18,28,,7,11,77,90,101,,71,107,103,102,93,,97,25,22,13,17,20,19,14,52,43,25,48,44,61,43,50,52,32,55,50,40,67,67,23,,82,85,90,74,76,21,55,64,45,50,64,42,49,72,47,31,53,35,47,30,47,34,26,41,40,28,49,61,59,49,32,61,36,68,59,40,39,41,52,51,61,,,,54,46,,46,49,55,,36,31,25,,42,62,45,46,55,49,51,50,48,,,,49,45,,17,39,46,19,21,,26,47,29,45,32,45,31,47,,48,,43,39,52,57,72,41,59,47,55,66,58,45,62,51,62,58,59,59,,49,,50,56,37,55,49,64,48,,,60,,61,65,,16,22,28,6,4,4,,56,55,32,39,37,27,36,45,38,23,22,18,27,18,38,43,32,25,23,,23,,59,25,8,17,,32,,20,30,31,44,21,,19,44,47,61,71,64,78,68,48,71,70,70,86,70,109,92,76,70,51,57,52,52,45,55,48,56,47,24,26,33,32,25,39,32,31,28,28,30,30,32,30,40,35,39,39,32,36,51,44,,42,39,52,35,39,35,47,27,,45,19,23,20,52,40,8,47,28,49,74,64,62,62,45,38,47,45,54,52,48,44,59,52,56,65,52,53,50,48,37,41,39,38,47,30,29,27,30,48,41,37,,42,39,42,42,21,18,47,35,47,7,2,5,6,6,32,,33,36,28,51,37,39,40,,,30,47,29,32,35,,24,43,50,38,,,39,21,16,20,29,11,21,18,24,20,20,57,35,31,54,58,66,65,59,86,65,44,,34,78,82,75,82,33,69,78,76,64,75,70,73,68,58,70,15,95,67,30,,46,20,16,,,,43,65,63,58,44,59,47,,6,40,29,31,38,39,36,37,34,37,38,13,35,30,33,8,13,6,7,7,9,17,27,31,26,25,48,75,46,46,8,13,29,30,91,92,67,82,58,,80,14,17,28,10,,63,,55,57,56,56,58,,58,17,,44,80,90,79,73,79,56,44,56,78,47,66,45,,15,23,39,49,43,48,,33,,44,,48,48,49,40,48,35,59,59,31,52,22,36,34,64,57,53,,22,27,21,25,29,23,16,16,29,30,32,32,32,33,34,29,35,42,20,22,30,27,28,32,9,16,12,27,24,20,48,46,43,39,36,,62,35,,36,47,42,,36,32,46,26,,,51,49,43,1,,10,5,8,6,26,42,,37,42,,39,,48,24,43,75,75,61,67,69,70,37,35,62,,43,44,65,29,57,44,22,63,74,54,51,52,85,55,47,57,59,56,43,72,71,69,63,65,61,14,60,78,22,,9,50,53,52,47,48,24,41,44,44,17,28,56,72,91,58,48,49,52,45,26,27,29,26,30,28,27,25,27,24,38,28,4,41,47,,43,27,37,42,48,53,52,,55,,52,58,52,49,52,61,39,49,51,46,47,44,48,,46,33,47,44,43,42,47,46,40,24,21,16,28,10,17,,42,,,28,24,23,15,11,19,34,23,31,21,22,17,22,10,26,23,18,25,15,6,6,38,37,45,40,,33,37,31,41,30,84,53,82,48,43,36,33,45,28,,,41,38,36,40,26,19,20,28,35,30,33,31,23,26,,18,24,11,71,72,70,67,40,50,51,45,30,38,56,62,88,52,67,70,65,50,66,68,67,60,69,72,7,11,4,36,,23,12,6,13,46,36,3,37,20,23,28,22,36,50,57,46,69,65,87,45,67,77,52,45,52,56,18,48,44,41,41,38,15,18,26,43,28,,51,90,58,34,35,53,28,49,,,25,30,20,36,87,46,49,38,49,47,44,58,136,18,12,50,52,,42,48,42,,,47,29,39,35,46,33,47,47,52,46,49,,38,43,60,69,50,63,53,23,47,57,45,,60,72,,65,68,43,42,,47,47,75,66,57,46,,50,8,6,5,17,19,11,12,,14,15,15,8,,,4,1,33,23,12,6,5,59,71,36,63,65,39,76,47,58,78,95,98,107,44,64,58,55,104,114,83,64,53,63,59,60,55,30,20,34,36,28,44,20,20,55,44,12,23,20,56,17,29,15,28,12,24,14,5,21,55,31,43,21,49,65,30,7,5,21,62,82,61,6,19,18,28,59,15,29,,41,16,23,31,13,51,45,59,59,68,58,55,60,65,48,31,33,52,17,16,22,23,22,10,36,,,48,34,58,25,30,21,12,38,43,,36,52,70,57,37,11,8,34,18,8,16,18,20,20,3,15,24,16,29,26,27,29,30,32,22,3,3,3,14,13,36,16,30,23,18,36,36,37,37,42,46,43,15,36,34,28,34,33,34,41,30,32,24,39,25,20,18,26,23,12,20,19,21,17,40,28,20,16,70,48,52,,41,66,50,55,,59,55,50,,51,46,40,37,44,26,50,42,51,41,65,62,46,,59,53,45,21,30,38,33,28,28,50,45,49,42,45,59,47,28,12,7,50,58,54,,30,30,,15,56,49,42,30,28,32,31,22,28,30,31,35,30,43,33,21,26,32,25,34,30,40,29,20,27,37,29,28,28,26,37,,,23,20,12,11,12,12,13,12,16,27,27,18,2,8,18,26,17,23,26,20,18,19,12,15,27,14,16,22,17,14,17,23,17,13,28,20,12,13,25,20,20,12,13,33,30,28,34,29,20,25,28,23,10,22,34,18,28,26,21,35,47,60,36,17,19,19,,20,41,52,37,47,48,31,5,9,14,,,34,,18,51,18,25,19,15,9,17,,,17,33,46,64,56,,28,23,40,24,,,,,2,20,23,17,11,8,29,,15,17,15,23,15,2,5,10,23,28,19,10,52,29,,9,8,8,12,32,,12,14,36,24,23,33,2,14,34,20,12,23,65,46,22,,2,,3,9,18,35,47,28,38,42,31,34,16,28,37,42,,,8,32,55,63,16,16,33,7,28,19,30,47,27,14,10,33,69,23,,48,43,25,,29,16,33,17,17,15,8,8,13,8,22,10,50,17,33,77,81,40,69,4,24,20,4,41,74,87,45,37,,92,71,81,47,44,43,9,3,28,44,53,25,71,13,25,40,78,66,54,65,74,45,54,95,50,33,80,60,38,14,23,44,35,52,34,29,42,37,33,34,85,90,19,54,18,31,59,65,47,45,49,9,55,31,58,6,54,51,16,69,60,63,36,31,61,60,58,50,57,39,26,45,51,,59,49,52,38,61,25,28,13,6,4,57,11,48,43,39,17,68,62,31,32,20,67,10,54,,58,35,40,39,40,39,51,10,82,32,66,23,38,42,36,48
20171215,2,NO2_24h,70,62,68,67,80,69,78,72,59,69,78,76,,,69,,65,71,69,,69,64,58,,62,64,,66,71,67,,54,64,52,64,65,69,71,69,70,47,57,64,,59,54,51,50,56,76,71,66,62,70,79,56,,62,62,58,55,58,58,64,56,71,78,,70,62,57,59,46,44,38,53,52,58,55,80,,81,82,83,80,83,83,86,49,49,53,61,50,55,52,47,51,70,76,,63,96,82,83,81,,88,77,46,62,58,40,56,21,72,62,31,65,62,53,56,60,22,32,54,51,58,57,66,30,,77,78,80,75,74,35,57,71,48,42,47,44,43,48,43,27,39,32,43,31,49,43,36,41,42,36,43,45,54,52,41,57,40,67,50,32,34,38,42,41,48,,,,57,52,,45,56,62,,35,23,25,,44,59,42,46,52,50,50,40,52,,,,46,40,,22,29,30,24,26,,32,27,25,31,31,33,30,39,,37,,42,43,51,55,74,24,66,54,60,71,58,47,65,47,47,66,56,63,,69,57,56,52,41,60,41,54,44,,,45,,38,47,,38,28,33,11,7,9,,46,44,34,27,25,28,31,39,47,35,28,22,36,27,42,52,37,32,21,,28,,42,28,9,23,,36,,28,33,42,48,28,,22,69,59,65,74,64,76,71,62,46,55,61,71,59,83,72,74,48,52,56,52,51,46,52,51,59,46,27,29,36,40,31,44,38,35,28,20,31,33,32,29,40,36,40,39,31,25,61,51,,54,47,61,40,48,36,50,29,,28,39,39,27,30,49,12,28,24,38,54,60,59,66,54,42,55,57,68,59,53,45,74,62,66,72,68,70,67,63,39,46,42,49,52,29,28,30,30,39,47,40,,42,34,42,48,26,20,38,38,45,6,6,10,10,15,32,,47,51,52,52,36,50,46,,,41,53,47,52,44,,40,40,49,39,,,46,26,17,25,31,14,28,23,26,23,27,39,38,12,35,39,42,45,41,66,46,28,,26,69,70,68,77,51,63,66,71,56,64,63,64,58,64,56,28,63,67,52,,56,34,28,,,,55,52,48,48,29,44,39,,14,40,33,33,42,40,37,38,34,38,39,15,34,30,33,46,52,49,42,46,41,53,49,45,46,44,68,87,70,71,23,21,28,33,85,86,56,63,59,,67,16,21,28,11,,55,,56,57,57,60,49,,50,41,,50,70,77,71,66,76,50,61,70,75,40,53,39,,15,45,54,56,49,50,,35,,45,,47,51,54,53,41,36,53,46,37,36,20,37,28,58,47,53,,30,37,32,23,37,27,18,11,24,22,33,24,22,26,23,19,25,33,21,23,26,29,30,41,16,23,16,31,25,23,55,52,49,33,28,,26,21,,32,30,36,,43,36,44,18,,,53,54,49,49,,44,43,59,40,34,51,,44,44,,39,,50,21,33,73,75,62,69,70,70,46,39,83,,87,85,87,71,85,81,57,65,62,37,49,32,82,55,53,58,61,54,42,66,67,65,64,65,52,37,60,49,47,,8,43,48,50,44,44,26,41,42,41,20,29,43,48,93,69,45,40,49,36,33,28,28,29,21,30,32,22,29,20,39,27,7,50,54,,50,34,48,45,50,55,53,,61,,50,58,51,49,50,57,47,53,48,46,45,39,43,,42,34,50,43,39,42,45,43,39,27,21,23,24,15,14,,30,,,20,33,30,18,16,19,36,21,34,18,22,16,22,10,32,26,23,29,17,10,12,20,34,37,28,45,40,44,43,53,35,67,52,68,39,45,47,38,54,41,,,57,29,38,44,39,26,24,29,33,38,32,32,25,25,,27,31,21,65,65,62,60,46,53,57,45,38,47,57,52,77,57,58,65,62,51,57,60,57,55,58,57,18,21,13,37,,34,35,28,32,29,25,5,44,16,47,52,39,41,54,54,54,54,43,75,58,50,65,41,32,36,41,18,40,36,36,32,49,20,19,37,43,32,,42,76,44,40,32,37,33,32,,,32,33,19,31,60,42,41,32,36,45,40,52,62,23,16,56,56,,41,43,42,,,60,42,39,36,45,35,49,48,48,47,49,,36,31,49,48,30,40,32,26,65,73,59,,77,80,,73,78,44,37,,42,41,70,67,67,47,,48,17,15,12,36,48,24,31,,23,30,28,45,,,23,20,30,20,17,16,10,47,59,54,55,51,91,113,79,79,44,63,56,91,47,52,61,57,71,76,50,59,52,59,56,56,48,28,21,32,32,26,45,22,27,44,36,6,15,26,36,8,27,23,33,16,38,29,3,18,38,19,40,17,65,42,46,19,21,36,63,66,43,8,22,30,40,47,18,34,,29,29,31,33,19,44,35,45,48,45,36,34,39,38,36,25,37,32,20,17,17,27,28,28,22,,,47,32,61,35,32,24,11,29,37,,28,36,56,44,27,22,9,19,18,9,18,19,21,19,3,17,18,20,22,21,24,35,33,36,32,7,7,6,22,21,31,23,38,32,24,37,29,32,32,29,30,35,18,40,41,28,37,35,39,48,30,35,32,42,35,31,26,34,34,14,24,22,23,19,33,22,26,29,68,50,56,,49,66,53,60,,62,58,46,,56,53,46,45,53,28,49,43,49,39,50,47,35,,63,58,48,32,39,39,31,32,28,46,49,47,46,49,61,50,41,25,21,52,55,54,,26,23,,25,43,43,39,26,26,27,27,36,24,30,31,36,29,45,34,30,30,33,30,36,30,43,32,25,29,39,32,31,34,30,41,,,24,33,14,16,17,16,21,20,20,32,31,22,6,22,25,25,16,26,30,26,22,40,17,17,26,11,19,22,18,15,23,27,26,22,27,19,12,21,21,14,19,10,12,27,39,43,41,29,29,30,30,26,18,28,37,25,37,33,27,35,50,54,43,19,31,32,,30,49,61,50,47,50,25,14,20,30,,29,35,,19,47,23,32,19,16,19,23,,,16,31,30,42,37,,35,30,44,18,,,,,6,22,30,28,19,16,28,,18,14,15,28,35,3,27,22,19,20,19,17,28,18,,9,8,15,17,26,,18,18,33,27,22,30,24,15,29,15,14,24,38,21,17,,6,,5,11,19,41,40,35,32,42,35,36,21,27,28,41,,,21,46,63,63,37,30,18,16,52,45,30,33,34,40,28,38,47,40,,44,48,40,,46,31,30,25,22,20,10,21,22,17,28,21,28,26,32,74,70,28,57,5,28,18,10,22,61,65,29,46,,66,41,62,52,53,52,11,4,37,27,34,25,49,28,35,49,66,68,66,65,81,35,58,77,38,29,70,47,38,15,21,50,42,57,44,32,30,28,35,40,72,65,28,42,14,35,43,72,38,45,62,54,44,47,40,20,53,48,23,44,47,54,25,37,70,36,53,46,59,57,54,49,45,,69,55,58,32,26,36,40,21,42,29,46,9,43,43,37,16,74,63,50,43,31,60,26,53,,49,24,26,25,28,24,43,48,61,49,67,29,31,35,30,51
20171215,2,O3,1,4,14,5,2,3,3,4,,9,5,,,,4,,18,9,4,,6,2,6,,,3,,7,4,6,,1,,16,8,8,12,12,8,11,11,8,10,,8,1,5,2,,13,2,10,14,13,6,52,,36,55,64,3,4,3,7,6,2,4,,3,1,4,9,3,8,5,5,3,7,3,6,,4,4,15,2,10,5,2,59,51,46,46,45,54,60,42,10,1,7,,9,6,4,4,6,,7,44,46,58,54,48,60,62,19,20,55,24,21,6,20,15,16,26,17,25,26,38,21,73,,6,7,8,9,9,87,19,43,42,35,28,50,40,7,45,54,35,52,8,30,19,28,32,15,22,37,18,12,14,14,18,14,17,27,28,23,32,25,21,10,,,,,3,7,,8,6,13,,13,10,32,,22,9,14,28,12,22,9,11,19,,,,14,11,,38,17,10,38,38,,38,3,22,9,22,4,20,20,,2,,3,10,1,3,9,16,1,1,2,2,2,3,3,3,2,4,3,2,,5,1,2,10,17,6,10,,1,,,4,,3,5,,35,31,21,79,82,62,,1,2,15,25,14,5,4,21,10,18,25,33,23,24,50,14,21,27,48,,52,,18,34,47,62,,15,,30,20,23,15,36,,21,18,4,1,5,7,8,6,4,11,2,4,5,9,9,15,3,7,2,7,4,2,6,5,7,2,5,21,14,7,15,14,18,7,7,10,11,2,10,3,12,5,6,8,11,4,5,2,3,,6,6,4,17,4,7,3,17,,24,75,61,63,11,44,67,17,46,13,26,37,36,24,2,3,,1,1,1,6,2,1,4,5,2,2,2,2,,5,7,8,9,,8,11,18,6,4,6,11,,10,6,4,4,23,31,2,10,6,62,84,51,54,63,37,,31,32,31,15,16,20,12,,,36,16,42,27,26,,33,13,14,8,,,16,35,25,30,21,30,23,13,25,10,25,10,36,44,5,9,7,6,15,10,16,18,,41,8,7,6,6,2,7,5,8,8,4,8,5,5,28,15,78,4,32,73,,41,71,64,,,,43,6,4,6,13,9,9,,48,8,7,10,8,7,4,5,4,2,4,30,4,9,11,56,53,49,63,56,46,49,26,28,35,35,33,20,16,18,46,35,24,28,10,12,11,15,7,,5,60,60,58,68,,5,,6,2,8,2,,,,11,,6,5,2,1,1,3,8,27,,9,9,10,5,,31,29,33,16,29,6,,15,,10,,8,14,18,31,5,21,1,6,30,16,33,40,26,3,10,9,,31,28,30,23,20,52,65,55,41,45,46,44,37,36,38,38,35,31,33,27,4,7,5,3,70,73,67,14,11,14,7,7,8,11,5,,9,24,,37,30,36,,6,8,2,19,,,8,9,6,61,,34,45,50,43,30,35,,28,15,,6,,3,3,10,10,6,9,30,10,10,1,1,9,,26,31,11,22,32,16,30,5,26,15,17,15,16,4,20,19,14,3,6,9,4,15,8,7,15,56,12,15,57,,73,9,14,20,6,3,18,20,15,15,38,28,7,3,11,15,10,12,11,15,29,28,32,29,41,13,19,15,17,17,6,14,88,3,7,,6,5,2,,1,5,7,,,,,,,2,4,3,4,1,2,5,5,2,1,,,33,7,7,10,10,3,4,9,7,9,20,14,22,5,,8,,,10,33,46,35,33,23,16,9,18,8,24,21,16,19,12,35,13,8,13,54,55,8,18,7,7,18,20,13,15,18,18,7,10,6,6,7,12,10,6,40,,,49,15,13,19,25,45,23,33,49,54,41,41,20,21,,23,38,43,4,5,3,5,4,3,11,4,18,6,6,3,5,11,6,7,7,9,9,8,2,2,4,1,70,66,72,41,,49,81,72,67,12,4,31,60,15,48,55,193,11,3,5,17,3,3,2,26,6,3,6,4,11,9,23,9,9,1,31,24,46,52,37,2,27,,17,14,24,29,37,,15,24,,,51,48,37,14,4,,76,22,16,24,8,22,7,45,52,26,27,,39,,4,,,17,22,4,2,3,4,3,6,6,8,5,,21,40,19,6,13,10,12,30,18,17,10,,16,4,,6,6,11,7,,10,5,3,9,9,14,,18,60,59,67,30,26,45,33,,61,37,66,69,,,54,62,15,34,88,93,93,9,8,24,8,14,23,8,16,7,16,16,10,6,6,13,4,4,10,15,7,3,22,4,8,6,13,23,30,10,14,36,11,21,42,19,28,47,66,53,6,34,36,60,41,64,27,32,29,52,6,34,16,59,14,1,33,60,57,53,21,15,9,44,20,51,56,3,32,42,,13,24,21,27,20,5,10,6,33,3,26,22,18,1,38,24,23,31,24,23,29,46,34,50,7,,,13,19,20,36,22,30,27,26,15,,26,34,61,29,44,65,66,28,59,64,29,32,32,27,81,35,26,21,19,22,20,15,13,8,21,21,26,31,35,30,4,1,2,2,14,10,8,4,5,3,3,14,13,12,7,15,17,8,9,7,12,11,10,9,17,19,16,11,17,16,14,15,13,15,14,13,11,15,6,10,5,,8,3,3,6,,10,4,2,,,4,12,,2,5,13,11,5,14,3,7,7,,2,2,,9,7,4,2,6,36,7,6,3,3,4,3,5,19,24,26,11,10,8,,10,15,,24,2,,2,2,5,10,8,5,8,1,2,2,1,2,3,15,10,7,10,6,9,5,7,16,19,19,6,1,4,1,8,,,8,6,31,26,24,22,23,25,18,15,13,20,18,21,20,16,22,7,3,33,31,36,26,25,6,22,16,10,16,12,22,10,22,14,11,5,25,29,14,10,11,22,21,33,29,35,29,34,32,46,30,17,23,23,23,25,23,23,17,35,15,16,20,39,36,32,,30,34,36,17,41,63,114,62,44,26,,8,6,,28,34,33,26,31,23,20,19,,,45,46,8,4,4,,24,23,40,41,,,,,26,22,19,23,2,15,14,,34,27,28,25,43,92,101,95,13,8,27,22,5,3,,49,53,41,38,4,,67,63,6,7,15,9,55,70,2,12,46,52,2,16,16,,70,,69,63,14,10,6,8,24,28,35,44,28,14,8,6,,,69,30,3,15,77,63,47,68,76,71,43,17,67,74,50,36,12,54,,4,6,51,,87,49,56,77,60,83,54,48,51,78,64,76,30,78,43,5,4,15,2,79,37,34,51,12,18,9,39,44,,3,26,35,10,10,14,32,65,98,17,4,30,11,57,31,3,2,3,5,2,12,8,8,7,11,26,8,2,16,34,23,10,23,2,19,22,5,3,46,37,7,5,31,3,25,1,23,1,30,3,1,39,11,39,17,21,,,32,1,,18,8,5,15,1,5,18,10,31,37,21,11,,2,4,10,9,17,34,25,62,64,52,4,46,3,2,16,28,,3,45,20,6,,40,1,,1,,1,2,,4,33,54,8,38,2,10,5,7,9,7
20171215,2,O3_24h,24,15,24,29,16,25,16,20,17,11,24,16,,,32,,35,32,29,,38,32,52,,40,35,,25,19,13,,15,9,35,32,36,31,31,33,37,62,43,38,,46,40,61,47,38,42,26,30,39,39,28,52,,36,55,64,23,23,29,18,24,23,20,,18,41,52,52,26,42,41,23,22,24,29,13,,15,16,32,8,15,9,11,59,51,53,46,48,56,60,42,42,31,29,,27,12,13,13,10,,78,46,46,58,63,64,60,72,66,43,76,42,35,21,49,41,87,73,63,61,58,87,70,105,,43,46,39,44,42,90,56,74,67,67,61,68,69,58,66,77,73,71,64,63,66,57,56,60,66,62,64,52,54,37,50,53,38,54,56,69,74,67,59,69,37,,,,29,33,,35,30,37,,55,56,75,,47,54,47,58,41,55,53,45,52,,,,48,61,,78,72,73,66,70,,61,58,65,57,58,54,65,69,,123,,36,42,34,30,34,67,10,30,21,19,19,13,42,44,54,35,57,45,,12,40,31,32,51,37,52,39,37,,,55,,40,41,,58,80,71,83,89,71,,40,42,31,51,50,31,31,43,37,34,44,57,39,57,69,24,47,47,85,,70,,78,62,55,79,,24,,35,38,23,29,40,,37,18,6,2,48,7,11,9,10,54,44,32,58,46,27,50,17,57,20,25,21,21,18,24,24,20,28,25,22,18,21,20,28,14,14,28,37,10,17,10,21,11,13,14,19,12,12,17,28,,26,38,32,34,25,37,35,37,,92,91,71,86,130,111,87,83,63,105,147,112,146,92,29,32,24,38,37,24,28,26,47,62,67,68,41,42,38,44,48,45,39,52,44,55,49,53,66,85,22,33,,36,23,20,12,33,38,36,24,22,72,100,52,58,63,47,,39,32,33,22,50,21,20,,,41,24,42,28,36,,39,52,41,36,,,42,76,36,40,30,40,36,24,33,37,39,92,97,97,89,92,85,78,112,109,114,100,,116,14,14,11,8,7,9,12,12,28,12,19,7,15,57,51,80,68,59,94,,58,104,70,,,,80,48,32,37,53,39,42,,56,17,10,16,16,16,9,11,11,6,8,59,9,18,18,61,69,52,63,56,46,64,62,56,64,64,34,28,18,19,56,54,52,55,45,79,42,54,20,,20,82,81,73,87,,33,,26,29,30,19,29,,29,31,,9,21,20,15,20,23,34,29,23,26,66,136,48,,67,59,57,41,59,47,,53,,48,,44,44,41,131,33,45,28,54,55,59,60,68,64,31,47,39,,51,34,48,45,40,91,113,110,87,97,98,97,97,93,101,99,92,86,73,81,76,65,62,48,92,92,86,40,44,39,63,66,65,50,50,,81,96,,105,115,112,,27,31,28,67,,,28,26,22,61,,34,45,50,43,58,58,,56,50,,38,,33,42,36,27,29,32,46,24,52,5,8,18,,29,31,21,35,63,20,30,27,38,56,39,58,31,32,27,21,33,12,32,26,30,35,26,34,71,66,55,69,72,,88,50,49,53,40,50,61,46,57,60,77,52,42,42,41,30,48,42,48,45,59,58,64,58,118,30,42,41,43,70,43,38,95,18,27,,36,16,16,12,37,32,44,,17,,13,13,18,18,18,14,17,15,19,17,22,24,16,,19,46,22,16,31,20,14,28,23,17,16,25,58,33,23,,23,,,25,33,48,39,41,51,50,46,50,22,37,33,29,38,23,41,20,14,38,58,63,44,36,34,40,22,22,14,15,18,107,86,89,94,91,14,12,10,6,53,,,49,45,41,39,45,66,51,53,62,59,61,72,47,50,,41,79,93,17,15,17,19,20,12,30,24,44,46,29,33,13,18,18,14,17,17,16,18,13,9,13,17,93,93,97,77,,70,81,89,68,57,45,37,60,59,72,84,193,83,39,18,27,50,50,36,43,44,60,65,52,57,53,60,53,41,1,66,50,57,74,55,62,58,,47,44,62,39,54,,54,66,,,66,66,69,63,64,59,103,66,65,58,46,64,47,65,75,39,47,,85,46,53,,,42,44,11,54,46,49,47,23,28,23,16,,83,93,50,46,53,53,51,39,18,20,16,,23,17,,21,20,40,31,,40,28,14,19,17,42,,48,90,91,93,37,31,51,35,,81,53,80,69,,,54,62,50,52,105,100,99,69,40,49,38,54,31,20,21,16,29,42,33,26,15,28,14,12,55,56,53,44,57,15,25,40,37,60,60,31,48,97,80,79,69,64,69,78,79,69,73,78,67,62,54,152,63,69,66,73,87,76,61,79,52,60,46,76,72,83,44,59,57,53,71,60,64,59,62,73,,48,39,52,52,48,58,49,62,66,63,65,54,61,57,76,79,28,78,89,51,53,66,69,83,55,,,64,71,62,42,38,52,55,51,47,,63,64,68,54,61,81,79,85,88,79,57,58,58,53,88,54,61,56,47,52,51,45,43,63,45,33,36,33,35,33,28,24,29,23,33,20,22,24,24,18,29,35,33,29,24,34,63,25,30,20,23,21,14,19,39,40,42,39,32,26,21,21,21,25,34,28,31,39,39,38,40,,23,30,10,17,,23,17,11,,9,12,20,7,9,19,29,25,24,31,53,46,45,,8,8,5,20,14,22,26,21,46,33,23,25,14,12,13,13,19,25,27,27,30,30,,29,32,,25,14,16,16,21,40,39,41,43,42,13,10,6,8,9,11,23,21,16,16,18,13,9,10,18,22,29,15,6,14,4,22,,,17,18,40,36,35,32,41,34,23,17,21,20,25,32,31,53,57,38,49,45,48,52,41,47,29,44,33,30,30,39,40,35,36,20,25,22,36,38,37,28,26,53,48,56,39,37,33,61,42,52,63,29,31,32,31,41,45,46,38,54,26,36,33,55,49,41,,41,48,65,55,66,83,118,97,158,136,,30,27,,40,44,37,29,41,74,90,73,,,81,132,74,82,82,,41,35,53,55,,,,,47,40,55,61,5,17,38,,42,90,84,43,54,108,103,96,79,91,93,71,74,69,,65,64,62,51,89,,84,106,73,78,49,76,120,116,70,88,121,116,95,111,75,,80,,73,72,52,62,43,46,66,50,50,57,39,35,44,18,,,80,30,17,30,98,98,82,77,95,79,86,82,87,79,60,61,43,54,,46,35,82,,102,76,94,132,95,86,81,66,74,98,96,93,96,95,65,41,58,69,73,88,42,45,55,37,83,58,72,103,,70,99,82,24,20,88,88,65,110,43,39,57,78,75,59,28,31,35,25,10,23,39,40,69,59,77,56,39,52,66,62,45,51,8,34,39,75,73,77,37,100,31,41,52,46,25,80,20,84,29,23,39,50,58,66,21,29,38,66,40,62,51,63,34,38,48,29,53,29,31,37,42,43,,23,20,28,49,102,48,25,62,64,52,45,66,21,27,38,49,34,28,49,47,22,23,43,29,,43,43,40,42,37,79,90,54,44,38,13,38,17,81,19,42
20171215,2,O3_8h,1,4,14,5,2,4,3,4,,9,5,,,,4,,17,10,4,,4,2,4,,,3,,6,4,6,,2,1,15,8,8,11,12,8,10,10,8,10,,8,1,5,2,,13,2,10,14,13,6,52,,35,54,63,3,4,3,8,6,2,4,,4,2,6,8,3,8,6,5,3,7,3,6,,4,4,15,2,10,5,2,56,50,48,44,45,55,58,41,10,,7,,10,6,4,4,6,,7,42,45,54,52,54,59,60,12,20,57,24,20,6,16,14,20,26,16,22,22,36,26,77,,6,7,8,9,8,88,16,44,38,42,36,50,36,9,40,54,46,52,16,30,22,29,33,20,22,38,20,12,12,12,19,12,13,23,28,16,28,24,16,8,,,,,3,6,,9,6,14,,12,12,23,,24,12,16,32,12,23,18,10,16,,,,17,11,,36,16,15,36,37,,38,8,26,9,22,4,20,20,,2,,2,8,,3,9,16,2,1,2,2,2,4,3,4,2,4,3,2,,7,,2,11,20,6,14,2,2,,,6,,4,8,,32,30,18,80,82,58,,1,2,18,25,15,6,4,20,12,18,25,34,24,26,46,16,20,28,47,,52,,28,31,46,64,,12,,29,19,20,12,32,,21,12,4,1,5,7,8,6,4,10,2,4,4,9,9,15,4,7,2,7,4,2,6,5,7,2,4,20,14,8,14,12,14,7,9,8,12,2,10,2,12,5,6,8,12,4,5,2,3,,5,4,4,16,4,6,4,16,,52,74,61,54,10,46,66,20,54,12,26,34,35,24,2,3,,1,1,1,6,2,1,4,5,2,2,2,2,,6,6,8,12,,10,12,20,6,4,8,10,,12,7,4,4,17,30,2,10,6,62,82,51,54,59,41,,35,27,30,18,23,20,10,,,32,20,40,28,26,,32,12,15,8,,,14,36,24,26,20,28,18,10,23,9,22,12,34,42,5,4,8,6,14,11,16,20,,52,8,8,6,6,2,8,5,8,8,4,8,5,5,25,16,76,3,22,76,,42,76,66,,,,25,6,4,6,11,9,8,,48,8,7,10,8,7,4,5,4,2,4,38,4,9,10,52,52,50,58,51,46,48,24,37,42,36,34,22,17,18,38,30,23,28,10,12,11,16,8,,5,60,59,57,68,,5,,6,3,8,2,,,,13,,5,5,2,1,2,3,7,26,,10,10,10,5,,32,23,28,12,20,6,,16,,12,,9,18,18,31,14,22,1,6,28,19,40,36,28,3,10,8,,31,27,29,24,17,49,61,54,40,50,48,43,38,38,40,38,34,33,33,34,20,6,6,3,70,76,69,14,11,13,7,10,10,12,4,,14,19,,38,39,33,,6,8,2,20,,,8,10,6,59,,32,44,48,42,26,34,,28,16,,6,,2,3,10,10,6,10,32,10,10,2,2,4,,28,28,11,28,48,18,28,5,24,15,18,16,17,4,20,18,14,3,6,10,4,15,8,8,15,52,12,16,44,,74,8,13,19,6,4,14,16,16,16,36,28,6,3,10,12,10,14,10,16,26,24,30,26,44,13,16,16,18,18,5,15,88,4,6,,6,5,2,,2,5,7,,,,,,,2,4,3,4,1,2,5,10,2,2,,,34,7,7,10,10,4,4,10,6,8,20,14,21,5,,8,,,9,32,47,34,34,24,16,8,18,8,24,22,16,20,12,36,12,9,14,52,52,12,18,8,9,20,19,13,15,17,19,8,10,6,8,6,10,8,4,35,,,48,20,14,20,24,40,23,34,48,54,40,44,22,20,,22,38,40,4,5,3,5,4,3,11,4,15,7,6,4,6,12,6,8,8,9,10,8,2,2,4,1,71,65,73,40,,32,73,70,67,13,8,26,52,13,47,54,182,11,4,12,22,4,4,2,18,6,4,6,4,14,10,24,8,8,1,31,22,44,52,35,2,24,,18,14,26,28,38,,16,28,,,56,46,36,17,6,4,78,23,22,28,10,22,8,46,52,28,28,,46,,6,,,22,22,4,2,4,4,3,6,6,8,5,,22,36,16,4,12,9,10,28,14,15,6,,15,4,,6,6,12,8,,10,6,4,10,8,14,,18,60,60,68,30,24,44,34,,61,37,66,66,,,54,62,16,23,88,92,92,11,8,18,8,14,24,8,12,7,13,14,8,5,6,12,4,4,10,16,6,3,23,4,8,6,12,24,31,10,14,38,14,24,37,19,28,49,57,54,7,34,38,58,48,61,24,34,30,44,6,32,12,62,8,,31,60,56,53,20,16,8,44,26,54,50,4,30,42,,16,22,20,24,18,6,12,8,30,5,40,24,18,1,36,24,22,32,24,24,31,42,34,60,10,,,16,20,22,35,24,30,29,26,16,,26,37,58,28,42,64,64,32,60,63,30,32,31,24,82,36,32,22,22,24,24,16,8,10,24,22,24,30,33,30,4,1,2,2,14,7,7,5,6,4,4,13,13,12,10,16,18,8,10,7,9,8,8,6,12,14,12,8,14,16,14,14,14,16,13,12,10,14,6,10,4,,8,3,4,6,,10,4,2,,,4,12,,2,4,13,11,6,14,6,9,10,,2,2,,6,4,3,2,5,36,7,6,2,3,4,3,5,18,23,26,10,10,6,,10,14,,24,2,,2,2,6,12,10,4,8,,2,2,1,2,3,10,6,4,8,5,10,4,6,16,18,19,6,1,5,,9,,,8,6,30,26,25,22,22,25,18,14,14,18,18,19,14,18,22,8,4,34,32,38,27,26,8,22,16,10,16,11,22,8,22,14,11,6,22,28,16,9,10,23,22,32,31,36,29,34,28,38,26,20,25,26,24,26,22,23,18,34,17,24,20,42,36,32,,30,38,33,17,48,63,84,65,43,60,,8,4,,30,36,34,27,33,22,20,16,,,47,50,8,4,4,,24,22,40,36,,,,,28,22,20,24,3,14,15,,34,28,27,29,42,92,100,95,15,8,30,22,18,3,,48,48,40,38,5,,64,66,8,4,14,10,48,72,3,10,49,60,4,16,14,,68,,69,63,12,8,6,8,21,28,33,38,28,16,14,6,,,70,30,2,15,74,64,58,70,76,70,42,14,66,74,51,30,16,36,,4,6,52,,90,49,66,86,62,82,56,46,48,76,70,78,32,78,46,5,4,13,2,78,36,37,53,11,13,10,39,30,,4,32,34,8,7,10,33,64,104,18,4,29,11,56,28,2,2,3,6,2,12,11,8,7,12,24,8,6,16,36,22,10,20,2,15,22,6,3,40,22,8,5,32,4,26,2,23,1,34,5,,38,10,26,18,20,,,28,1,5,15,8,5,16,1,5,24,8,30,34,20,11,,6,4,10,11,22,33,23,60,63,50,4,42,3,2,16,30,,3,44,20,4,,40,2,,1,1,2,3,2,9,47,52,8,38,2,12,4,6,8,7
20171215,2,O3_8h_24h,1,4,14,5,3,4,3,5,,9,5,,,,5,,17,10,4,,4,2,4,,,3,,6,4,7,,2,2,15,8,8,11,12,8,10,10,8,10,,9,1,5,2,,13,2,10,15,13,6,52,,35,54,63,3,5,3,8,6,3,4,,4,4,7,8,3,8,6,5,3,7,3,6,,4,5,15,2,10,5,2,56,50,51,44,45,56,58,41,11,,7,,11,7,5,5,6,,7,42,45,54,52,61,59,60,12,21,59,24,20,6,16,14,25,26,16,22,22,36,30,81,,7,7,8,9,8,90,16,46,38,49,45,51,36,11,40,54,56,52,25,31,25,30,34,24,22,38,23,12,12,12,20,12,13,23,28,16,28,24,16,8,,,,,3,6,,10,6,14,,12,13,23,,27,16,19,36,12,24,27,10,16,,,,20,11,,36,16,20,36,37,,39,12,30,9,22,4,20,20,,2,,2,8,,3,9,16,2,1,2,2,2,4,3,5,2,4,3,2,,9,,2,12,22,7,19,3,3,,,9,,5,10,,32,30,18,80,82,58,,1,2,20,25,16,7,4,20,15,18,25,35,24,27,46,17,20,30,47,,53,,39,31,46,66,,12,,29,19,20,12,32,,21,12,4,1,5,7,8,6,4,10,2,4,4,9,9,15,4,7,2,7,4,2,6,5,7,2,4,20,14,8,14,12,14,7,11,8,14,2,10,2,12,5,6,8,12,4,5,2,3,,5,4,4,16,4,6,4,16,,80,74,61,54,10,48,66,23,61,12,26,34,35,25,2,3,,1,1,1,6,2,1,4,5,2,2,2,2,1,6,6,9,16,1,12,13,21,7,4,9,10,,15,8,5,4,17,30,2,10,6,62,82,51,55,59,45,,39,27,30,20,30,21,10,,,32,24,40,28,26,,32,12,16,8,,,14,37,24,26,20,28,18,10,23,9,22,15,34,42,5,4,9,6,14,12,16,21,,62,8,8,6,6,2,8,5,8,8,4,8,5,5,25,16,76,3,22,78,,43,81,68,,,,25,6,5,6,11,9,8,,48,8,7,10,8,7,4,5,4,2,4,46,4,9,10,52,52,51,58,51,46,48,24,46,49,36,34,23,18,19,38,30,23,28,10,12,11,16,9,,5,61,59,57,69,,5,,6,4,8,3,,,,15,,5,5,3,1,2,3,7,26,,10,11,11,5,,33,23,28,12,20,6,,17,,14,,10,22,18,31,23,22,1,6,28,22,46,36,31,3,10,8,,31,27,29,24,17,49,61,54,40,55,51,43,38,39,41,38,34,35,33,41,35,6,6,3,71,78,71,14,11,13,7,12,13,14,4,,18,19,,39,48,33,,6,8,2,20,,,8,10,6,59,,32,44,48,42,26,34,,28,17,,6,,2,3,11,11,6,10,34,10,10,3,3,4,,29,28,11,35,63,20,28,5,24,15,18,17,18,5,20,18,15,3,6,10,4,15,8,8,15,52,12,18,44,,75,8,13,19,6,5,14,16,16,16,36,28,6,3,10,12,10,15,10,17,26,24,30,26,48,13,16,18,20,18,5,16,88,5,6,,7,5,3,,2,5,7,,,,,,,3,4,3,5,1,3,5,14,3,2,,,34,7,7,10,11,4,5,10,6,8,21,14,21,5,,8,,,9,32,48,34,34,26,16,8,18,9,25,22,17,20,12,38,12,10,14,52,52,16,18,10,11,22,19,13,15,17,20,8,10,7,11,6,10,8,4,35,,,48,25,16,22,24,40,23,36,48,54,40,47,25,20,,22,38,40,5,5,3,5,4,3,11,5,15,8,6,5,6,12,6,8,8,9,10,8,2,2,4,1,72,65,74,40,,32,73,70,67,14,11,26,52,13,47,54,182,11,4,18,27,6,4,2,18,6,4,7,5,17,10,26,8,8,1,31,22,44,53,35,2,24,,18,14,29,28,39,,18,31,,,60,46,36,20,9,7,81,24,28,31,12,22,9,48,53,31,29,,54,,8,,,26,22,4,2,5,5,3,6,7,8,5,,22,36,16,4,12,9,10,28,14,15,6,,15,5,,6,6,13,10,,10,6,6,10,8,15,,18,61,60,68,30,24,44,35,,61,37,67,66,,,54,62,16,23,89,92,92,13,8,18,8,15,24,9,12,7,13,14,8,5,6,12,4,4,10,16,6,3,24,5,9,6,12,25,32,11,15,41,18,26,37,19,28,51,57,54,8,34,39,58,54,61,24,35,31,44,6,32,12,65,8,,31,60,56,53,20,17,8,44,31,56,50,4,30,42,,18,22,20,24,18,6,15,10,30,7,53,26,18,1,36,24,22,34,24,25,33,42,34,70,13,,,18,22,24,35,25,31,31,27,16,,26,40,58,28,42,64,64,36,62,63,31,33,31,24,82,36,37,22,25,26,27,17,8,11,26,24,24,30,33,30,5,1,2,2,14,7,7,6,6,4,4,13,13,13,13,16,18,9,11,7,9,8,8,6,12,14,12,8,14,16,15,14,14,18,13,12,10,14,6,10,4,,8,3,4,6,,10,4,2,,,4,13,,2,4,13,11,6,14,8,11,13,,2,2,,6,4,3,3,5,36,7,7,2,3,4,3,5,18,23,27,10,10,6,,10,14,,24,2,,2,2,6,15,12,4,9,,2,2,1,2,3,10,6,4,8,5,10,4,6,16,18,19,6,1,6,,10,,,9,6,30,26,26,23,22,25,18,14,14,18,18,19,14,19,22,8,4,36,34,39,28,26,10,22,16,11,16,11,22,8,22,14,11,6,22,28,17,9,10,24,22,32,33,37,29,34,28,38,26,23,27,28,26,26,22,23,19,34,19,32,21,44,36,32,,30,41,33,17,54,63,84,68,43,95,,8,4,,31,39,36,28,35,22,20,16,,,49,53,8,4,4,,24,22,40,36,,,,,29,23,22,25,4,14,16,,34,28,27,33,42,92,100,95,17,8,32,22,32,3,,48,48,40,38,6,,64,68,11,4,14,10,48,73,4,10,52,69,6,16,14,,68,,69,63,12,8,6,9,21,28,33,38,28,19,20,6,,,71,30,2,15,74,66,69,72,77,70,42,14,66,75,52,30,20,36,,4,6,52,,92,49,77,96,65,82,58,46,48,76,77,80,34,78,50,5,4,13,2,78,36,40,55,11,13,10,39,30,,6,39,34,8,7,10,34,64,110,20,5,29,11,56,28,2,2,3,7,2,12,14,8,7,14,24,8,10,16,37,22,11,20,3,15,22,6,3,40,22,9,5,33,4,27,2,23,1,39,7,,38,10,26,19,20,,,28,1,10,15,8,5,16,1,5,30,8,30,34,20,11,,9,4,10,13,27,33,23,60,63,50,4,42,3,2,16,33,,3,44,21,4,,40,2,,1,2,3,4,3,14,61,52,8,38,2,15,4,6,8,7
20171215,2,CO,1.7,1.9,2.4,1.8,2.6,1.4,2.2,2.2,2,2.8,2.5,1.8,,,1.5,,0.8,1.2,1.3,,1.7,1.3,1.2,,1.3,1.3,,1.7,2,2.4,,2,1.5,1.7,1.8,2.4,1.8,2.1,2.2,1.8,3.3,4.1,2.3,,2.6,1.8,2.3,1.8,2,2.3,1.9,2.2,2.6,2.9,1.9,0.3,,0.3,0.6,0.8,2.3,2.9,2.6,3,2.2,1.5,1.6,,1.1,1.6,1.1,1.1,1.6,1.6,1.5,2.2,2.2,2.1,2.2,3.1,,3.3,3.9,3.3,3.3,3,3.1,3.4,1.1,0.5,0.5,,0.5,0.5,0.3,0.8,3.5,4.3,4.6,,3.4,4.9,4.6,4.7,4.1,,4.1,0.8,0.7,0.9,0.9,1,0.8,0.9,1.1,1.1,0.7,1.4,1.5,1.5,0.8,1,1.5,1.1,1.2,1.4,1.3,1,1.3,1.2,,0.4,1.3,0.6,1.1,1.1,0.8,1.2,1.3,0.4,0.8,0.8,0.5,0.8,0.9,0.7,0.5,0.6,0.4,0.3,0.6,0.2,0.7,0.5,0.8,0.6,0.1,0.5,0.9,0.9,0.9,0.5,0.7,0.6,0.2,0.7,0.7,0.6,0.8,0.8,0.6,1.6,,,,1,1,,1,0.8,0.9,,0.7,0.3,0.5,,0.6,1.2,1,0.8,1,0.8,1,0.9,1,,,,0.9,0.7,,0.1,0.3,0.6,0.8,0.5,,0.6,0.6,0.8,0.5,0.4,0.6,0.9,0.5,,0.7,,1.4,1.1,1,1.1,0.9,0.7,0.6,1.1,1,0.9,0.9,0.6,0.6,0.6,1,0.7,0.8,0.7,,0.6,0.9,0.7,0.4,0.4,0.4,0.6,0.7,1,,,0.7,,0.8,0.6,,0.6,0.7,0.7,0.6,0.6,0.6,,0.8,0.8,0.6,0.6,0.8,0.7,0.8,0.8,0.6,0.5,0.9,0.5,0.6,0.5,0.5,0.6,0.4,0.4,0.7,,0.7,,0.6,0.4,0.3,0.4,,0.6,,0.7,0.9,0.7,0.8,0.8,,1.2,1.1,2,2.2,2.4,2.2,2,2.1,1.8,2.3,1.4,0.9,1.1,1.2,0.8,1.1,1,1.4,1.2,1.4,1.6,1.7,1.7,1.4,1.7,1.2,1.9,0.6,0.7,1,0.7,0.6,0.8,0.7,1.1,1,1.1,1,0.9,0.9,0.9,1,0.9,0.9,1.1,1.1,0.7,1.4,1.2,,0.8,1,1,0.8,1.1,0.9,0.9,0.9,,0.8,0.6,0.6,0.7,0.7,0.6,0.6,0.9,0.6,0.8,1,1.2,1.2,1.2,0.9,1.3,0.9,1.3,1.1,1.2,1.2,1.1,1.4,1.3,1.2,1.4,1.2,1.2,1,1.1,1,1,1.1,1.2,1.2,1.3,1,1.2,1.3,1.1,1.1,1.3,,0.8,0.9,1.4,1.3,1.4,1.3,0.8,1.1,1.5,0.4,0.4,0.4,0.4,0.5,0.7,,0.9,0.6,0.7,1,0.7,0.7,0.7,,,0.7,0.8,0.6,0.7,0.8,,0.7,0.7,0.8,0.8,,,0.8,0.7,0.8,0.7,0.9,0.8,0.6,0.8,0.8,0.8,0.9,1.1,0.9,0.7,1.4,0.8,1.4,1,1.6,3.6,1.9,0.6,,0.4,1.9,2.5,2.2,1.4,1.8,1.7,1.9,1.9,2.3,2,1.9,2.3,2.1,1.2,1.3,0.7,0.8,1,1,,1.1,1.3,0.4,,,,2.5,2.1,1.3,1.4,1.8,1,1.2,,1.2,0.8,0.9,0.8,1,0.9,0.8,0.8,0.7,0.8,0.9,0.7,0.7,0.9,1.5,0.3,0.6,0.4,0.4,0.3,0.2,0.5,0.6,0.9,1,0.7,,0.2,0.7,0.1,1,1,1.2,1.1,5.1,4.9,2.9,3.3,2.9,,3.3,0.5,0.6,0.4,0.6,,2.6,,1.3,1,1.4,1.6,2.1,,2.2,1.4,,1.1,2.8,2.3,2.5,2.8,3.4,2.3,2.3,6,3.8,1.1,1.2,1,,0.7,0.7,1,0.7,1,1.6,,1.2,,1.7,,1.3,1.1,1.3,0.8,1.8,1.2,1.6,1.1,1,0.9,0.6,0.6,0.5,2,1.3,1.3,,0.9,0.9,1,1.1,1.3,0.8,0.7,0.7,0.7,0.6,0.8,1.1,1,1,0.9,0.8,1.1,0.8,1.3,1.2,1,0.8,1,1,0.8,0.8,0.6,1.1,0.9,1,1,0.9,1.1,1.2,1.1,,0.8,0.7,,0.8,0.8,1,,0.9,0.9,0.7,1.1,,,2.5,1.7,2.4,0.9,,0.6,1.3,0.7,1.1,1.5,1.5,,1.8,1.9,,3.8,,2.5,3.4,3.6,2,1.2,2.2,4.3,2.2,1.9,1.5,1.3,2,,1.8,1.8,2.3,2,2.7,1.3,0.8,2.1,2,1.4,1.4,1.4,2.6,5.2,5.8,5.4,2.4,3.2,2.2,1.8,2.4,1.6,1.7,2,1.4,0.8,2.4,2.5,1,,0.8,1.3,1.2,1.2,1.4,1.9,1,0.8,1.5,2.2,0.7,1.2,1.2,1.8,0.9,1.2,0.6,0.6,0.5,0.7,0.4,0.5,0.8,2.5,0.6,0.6,1,0.5,1.1,0.9,0.6,0.4,0.2,1.7,1.3,,1.5,1.6,1.6,1.5,2.1,1.8,2,,2.2,,1.6,1.5,1.4,2,2.1,1.5,2.1,1.5,1.4,1.6,1.5,1.5,1.8,,1.5,1.4,1.1,1.4,1.6,1.1,1.2,1.5,1.3,1.3,1,0.9,1.1,1.1,1,,1.1,,,1.5,1.4,1.4,1.1,0.9,0.8,1,0.9,0.9,0.8,0.7,1.3,1.1,1,1,1.9,1.3,1.2,1.2,0.5,0.5,0.8,0.7,1,1.1,,1.3,1,0.9,1.1,1,6.1,1.8,2.1,2.8,0.7,0.6,0.6,0.5,0.8,,,0.6,0.8,0.6,0.9,0.7,0.8,0.8,0.8,0.7,0.7,0.7,1,0.6,1,,0.8,0.9,0.9,2,2,1.6,1.8,2.2,2.8,1.8,2.3,2,1.9,2.9,3,1.7,2.2,2.1,2.5,1.6,2.3,2,2.4,1.7,1.4,1.4,1.7,0.4,0.5,0.3,0.7,,1.4,0.2,0.3,0.3,2.2,1,0.5,0.8,1.2,2.3,2.9,1.5,1.3,1.6,2.2,1.3,1.6,1.5,1.1,1.1,1.5,1.1,1.2,0.9,1.5,1.2,1.2,1.9,2.6,2.4,1.1,0.9,0.9,1.4,0.7,1.5,1.2,,0.9,1,1.1,0.4,0.3,0.6,0.6,0.6,,0.2,0.2,0.8,0.6,0.6,1,0.9,0.6,0.8,1,1.1,1.2,0.4,0.6,0.3,0.3,0.4,0.4,,0.8,0.4,0.5,,,1.3,0.8,0.7,1.5,1.4,1.6,1.5,1.5,1.6,1.5,1.3,,0.6,0.5,1.5,1.5,1.5,1.3,1,0.8,1.3,1.5,1.8,,1.4,3.4,,2.5,3,2.1,2.3,,1.8,1.6,3.3,3,3.2,2.3,,2.4,0.6,0.2,1,0.9,1.4,0.6,0.4,,0.6,0.4,0.4,0.2,,,0.4,0.2,1.4,0.4,0.5,0.4,0.2,1.5,1.4,1.1,1.5,1.8,1.3,2.6,1.3,3.4,2.8,2.6,2.7,2.4,2.8,1.8,3.4,2.5,1.7,1.9,2.7,2.4,1.8,3.5,3.9,2.1,2.2,0.8,1.1,1.5,1.2,1,1,0.9,0.5,1.9,4.3,1.4,1.9,0.7,4.4,0.4,1.3,0.5,0.5,0.4,0.5,0.5,0.2,1,0.9,0.9,1,0.4,2.3,1.8,0.6,0.7,0.5,0.7,1.5,1.3,0.8,0.7,0.3,0.5,0.4,0.5,0.5,0.5,,0.5,,0.3,0.4,0.5,0.8,0.9,1.1,0.7,0.7,0.7,0.8,0.6,0.7,0.5,0.7,0.6,0.6,0.6,0.6,0.5,0.4,0.3,0.4,0.8,,,0.8,0.9,0.9,0.5,0.5,0.6,0.5,1.1,0.7,,0.7,0.8,0.6,0.6,0.6,0.5,0.5,0.5,0.5,0.5,0.5,0.6,0.5,0.5,0.4,0.4,0.6,0.4,0.6,0.3,0.5,0.6,0.5,1,0.6,0.2,0.5,0.5,0.7,0.4,1.5,1.3,1.1,1,1.1,0.6,0.2,0.4,0.6,,0.5,0.4,0.7,0.6,0.6,1.4,1.5,1.5,1.2,1.6,0.7,0.6,0.7,0.7,0.5,0.5,0.7,0.8,0.7,0.6,0.4,0.5,0.7,0.3,1,0.9,0.8,1.1,2.5,2,1.8,,1.8,1.4,1.7,1.8,,1.8,1.7,1.8,,1.8,1.4,1.4,1.2,1.6,1.8,1.4,1.6,1.6,1.7,1.8,1.5,1.2,,1.3,1.1,1.2,0.6,0.7,0.8,0.9,0.7,1,1.3,1.4,1.4,2.2,1.5,1.3,1.3,0.8,0.9,0.6,1.2,1.3,1.3,,1.1,1.3,,0.1,0.9,1.4,1.5,1.3,1.2,1.2,1.1,1.3,1.2,0.7,1.2,1.4,0.9,1.1,1.4,0.8,0.9,0.9,0.8,1,1.5,1.8,1.6,1.6,1.4,1.1,1.1,1.3,0.9,1.4,0.8,,,0.6,0.8,1.1,1.5,0.9,0.6,0.5,0.3,1.4,1.2,1.7,1.6,,,,1.2,0.4,0.7,0.6,1,0.8,1,1.2,0.7,1.1,0.9,0.7,1.1,1.1,1.1,1.1,1.3,0.9,1.1,0.8,1,1,0.8,1,1,1.1,1.2,0.9,0.8,0.9,0.9,1,0.6,0.6,0.7,0.7,0.7,0.6,0.3,0.3,0.7,0.6,0.6,0.8,0.4,0.3,0.4,,0.9,0.8,0.9,,0.8,0.7,0.8,0.8,0.8,0.9,0.6,0.6,0.7,0.6,,0.7,0.8,,0.8,0.7,0.8,0.5,0.7,0.4,0.9,0.5,,,0.8,0.7,1.4,2.1,1.6,,1.2,1.3,1.2,0.8,,,,,1.5,1.2,1.2,0.9,0.9,1.3,1,,1,0.8,0.8,1,0.7,1,0.7,0.7,0.6,0.5,0.8,1.3,1.1,0.8,,0.3,0.4,0.8,0.9,1,,0.7,0.9,0.7,1,0.7,1,1.3,0.9,2.2,2,0.9,1.1,2.1,1.5,2.3,,0.4,,0.3,0.3,0.9,1.3,1.6,1.3,1.3,1.5,1.2,1,0.8,0.9,0.8,1,,,0.5,1.1,1.9,2.4,0.4,1,0.2,,0.4,0.2,0.9,0.8,0.7,0.7,0.6,0.7,1.1,0.6,,3.9,2.7,1.1,,0.9,1.3,1.9,1,1.1,0.8,0.3,,0.3,0.4,0.8,0.4,0.9,0.6,0.4,3.1,5,3,2.8,1.1,4.2,1.1,0.6,2.4,2.3,2,2.2,1.6,,6.3,3.7,5.2,1.8,1.6,1.4,,0.2,0.9,1.9,1.2,0.8,3.9,0.6,1.4,1.1,2,1.5,1.2,2.4,2.8,1.2,2.2,2.4,0.4,0.2,0.6,0.5,0.7,0.6,0.7,1.2,1.1,1.7,0.7,0.8,6.6,2.4,1.1,1.1,5.8,3.2,0.7,0.7,0.6,0.8,0.7,1.5,0.6,0.7,1.9,0.7,1.6,3.1,2.8,0.9,0.7,1,0.6,1.7,1.1,0.9,0.4,1,1.2,1,2.3,1.2,1.2,0.7,0.6,0.7,3.4,,1.3,2,1.4,1.1,0.9,0.7,0.8,1.1,0.3,0.2,1.4,0.4,1.4,1.6,0.7,0.6,1.2,1.6,0.6,1.7,0.9,2,0.5,2.1,,2.2,1,1,0.8,0.9,1.2,1.5,0.3,2.3,0.9,1.6,0.7,1.6,1.2,1.2,2
20171215,2,CO_24h,1.7,1.8,2,2.1,2.2,1.5,1.9,1.9,1.7,1.7,2,1.7,,,2,,1.5,1.9,2,,2.2,1.2,1.5,,1.5,1.7,,1.6,2,2.3,,1.4,1.4,1.2,2.9,3.6,3,3.1,3.5,2.9,1.6,1.8,2.1,,2.1,1.4,1.7,1.3,1.6,2.3,2.3,2.3,2.6,2.7,2.3,1.3,,1.1,1.5,1.8,1.9,2.1,1.8,2.9,1.8,1.9,1.8,,1.5,1.6,1.2,1.3,1.7,1.6,1.3,1.8,1.8,1.6,1.7,2.8,,2.8,2.8,2.5,2.9,2.5,2.9,2.6,1.7,2,2.2,2.5,1.9,1.6,1.9,2.2,2.1,2.9,2.6,,2.3,3.2,3,2.7,2.6,,2.4,1.1,1.3,1.2,1.3,1.2,0.9,0.8,1.3,1.6,0.8,1.6,1.6,1.5,1.1,1,1.1,2.1,1.3,1.4,1.6,1.1,1.2,1.2,,1,1.6,1.2,1.7,1.6,1,1.5,1.9,0.4,0.9,0.8,0.5,0.8,0.9,0.8,0.5,0.6,0.4,0.4,0.7,0.3,0.7,0.9,0.9,0.6,0.2,0.6,0.5,0.9,0.9,0.6,0.7,0.6,0.3,0.7,0.8,0.6,0.9,0.9,0.7,0.9,,,,1,1,,1,0.7,0.8,,0.7,0.3,0.5,,0.8,1.1,1.1,1,1.1,0.9,1.1,1.1,1.1,,,,1,0.7,,0.3,0.4,0.6,0.9,0.6,,0.7,0.6,0.9,0.6,0.5,0.7,1,0.6,,0.7,,1.7,1.3,1.2,1.2,0.9,0.8,0.7,1.1,1.1,1,0.9,0.8,0.7,0.6,0.8,0.8,0.8,0.8,,0.9,0.9,0.8,0.7,0.5,0.6,0.7,0.6,1.1,,,0.7,,0.8,0.7,,0.8,0.8,0.8,0.7,0.6,0.7,,0.8,0.8,0.6,0.6,0.6,0.7,0.7,0.8,0.8,0.7,1.1,0.7,0.9,0.7,0.7,0.8,0.6,0.9,0.6,,0.7,,0.5,0.5,0.3,0.4,,0.6,,0.7,0.8,0.7,0.8,0.8,,1.1,1.7,1.9,2,1.8,1.8,1.7,1.7,1.7,1,0.8,1.2,0.7,0.7,0.6,0.7,1,0.8,1.3,1.4,1.6,1.6,1.6,1.3,1.7,1.1,1.6,0.6,0.8,0.9,0.7,0.5,0.7,0.6,1,0.8,0.9,0.8,0.9,0.9,0.8,1,1,0.9,1,1,0.7,1.4,1.3,,0.8,1,1.1,0.8,1.1,1.2,1.1,1,,0.7,0.7,0.7,0.7,0.5,0.7,0.6,0.6,0.6,0.7,0.8,0.8,0.8,0.9,0.9,1.2,1,1.2,1.1,1,1.1,1,1.3,1.1,1,1.1,1.1,1.2,1,1.1,1.1,1.1,1.4,1.2,1.2,1.2,1,1.2,1.1,1,1,1.3,,0.6,1,1.4,1.4,1.4,1.7,0.8,1.1,1.6,0.5,0.5,0.4,0.4,0.6,0.7,,1,0.8,1,1,0.8,0.7,0.7,,,0.8,0.9,0.7,0.9,0.8,,0.8,0.7,0.8,0.8,,,0.8,0.6,0.7,0.7,0.9,0.7,0.6,0.8,0.8,0.7,0.9,1.3,1.1,0.8,1.3,0.9,1.3,1,1.2,2,1.2,0.7,,0.4,1.8,2.2,1.9,1.4,1.6,1.8,1.6,1.9,1.7,1.7,1.6,2.1,1.7,1.6,1.4,2.1,0.9,1.3,2.2,,1.7,2.1,0.6,,,,1.5,1.5,1,1.2,1.6,1.2,1.1,,1.6,0.7,0.8,0.7,0.8,0.8,0.7,0.6,0.7,0.9,0.8,0.7,0.5,0.8,1.4,1.5,1.8,1.3,2,1.7,1.2,1.3,1.2,1,1.3,1,2.2,2.9,3.3,2.3,1,0.7,1,0.9,2.5,2.6,2,2.2,2.2,,2,0.5,0.5,0.4,0.5,,1.7,,1.3,1.1,1.2,1.4,1.7,,1.7,1.5,,1.2,1.8,1.7,1.9,2.7,2.5,2,2.7,2.4,2.8,0.9,0.7,0.8,,0.6,0.9,1.1,0.8,1,1.3,,1,,1.3,,1.1,1,1.2,1.2,1.5,1.2,1.1,0.9,0.9,0.7,0.5,0.6,0.6,1.4,1.2,1.1,,1.1,1.1,1.1,1.1,1.4,0.9,0.7,0.6,0.7,0.6,0.7,0.9,0.8,0.8,0.7,0.6,0.9,0.7,1.3,1.1,0.8,0.7,1,0.8,0.8,0.8,0.6,1.1,0.9,1.1,1,1,1.2,1.1,1.1,,0.6,0.5,,0.8,0.8,0.8,,1,1,0.7,1,,,2.6,1.9,2.5,2.9,,2.2,3.3,3.5,2.8,2,2,,2.1,2.1,,2.4,,2,2.1,2.2,1.7,1,1.8,2.8,1.9,1.7,1.9,1.6,1.6,,5,3.3,5.3,4.3,4.2,2.9,1.6,1.6,1.4,1,1.2,0.9,3,2.9,3.4,4,2.7,2,2.3,1.7,2.1,1.5,1.7,1.8,1.4,1.1,2.7,1.9,1.5,,0.8,1.1,1.2,1.4,1.4,1.6,1.1,1,1.4,1.6,0.6,1.4,1.3,1.4,1,1.4,0.7,0.8,0.7,0.8,0.5,0.6,0.9,1.2,0.8,0.5,0.5,0.5,0.9,0.7,0.6,0.5,0.2,1.8,1.7,,1.7,1.4,2,1.5,1.6,1.4,1.8,,1.9,,1.6,1.5,1.4,1.8,1.9,1.4,1.8,1.4,1.3,1.5,1.3,1.4,1.6,,1.2,1.3,1,1.6,1.5,1,1.3,1.3,1.3,1.2,0.8,0.7,0.8,1,0.7,,1,,,1.3,1.4,1.4,1.1,1.5,1,1,0.9,1,0.7,1.3,1.8,1,1.3,1.2,1.8,1.3,1.4,1.2,0.5,0.5,0.8,0.8,1,1,1,1,1.2,1.2,1.3,1.2,4.4,2.2,2.3,1.6,0.8,0.8,0.7,0.5,1,,,0.8,0.8,0.7,0.9,0.8,0.8,0.9,0.8,0.7,0.9,0.7,1,0.5,0.8,,0.8,1.2,1.3,1.8,1.7,1.3,1.6,1.9,2.3,1.8,2.1,1.7,2,2.5,2.3,1.5,2,1.6,2.1,1.4,1.7,1.6,1.9,1.3,1.4,1.2,1.3,0.7,0.7,0.5,0.6,,1,0.8,0.9,0.9,0.9,0.6,0.5,0.8,1.2,2.7,3.1,1.7,1.5,1.5,1.8,1.8,1.2,0.9,1,1,1.2,1,1.4,0.7,1.3,0.8,1.2,1.7,2.1,1.3,0.9,1,0.9,1,0.9,1.3,1.1,,0.9,1,1,0.5,0.4,0.5,0.7,0.3,,0.5,0.3,0.8,0.6,0.6,0.8,0.8,0.6,0.8,1.1,1.2,1.2,0.6,0.7,0.4,0.4,0.5,0.6,,0.9,0.5,0.6,,,1.7,1.3,0.6,1.4,1.3,1.5,1.4,1.4,1.4,1.4,1.2,,0.6,0.5,1.5,1.3,1.4,1.2,1,1,2.4,2.3,2.3,,2.1,2.9,,2.6,2.8,1.6,2,,1.5,1.5,2.1,2.5,2.2,2.2,,2.9,0.7,0.5,1.1,1,1.6,0.9,0.7,,0.9,0.8,0.7,1.3,,,1.1,0.6,0.5,0.4,0.7,0.6,0.4,1.5,1.3,1.2,1.4,1.7,4.3,5.4,3.5,6.3,1.6,1.2,1.2,1.6,2.2,1.8,2.8,2.4,1.4,1.6,1.8,2.4,1.5,2.8,3.2,1.4,1.5,0.9,1.1,1.3,0.7,0.9,1,1,0.6,1.1,1.8,0.8,1,0.9,1.7,0.2,1.1,0.7,0.7,0.7,0.6,0.7,0.3,0.8,0.7,0.6,0.9,0.3,1.5,0.7,0.6,0.9,0.9,1,1.6,1.2,0.9,0.7,0.5,0.7,0.6,0.6,0.6,0.6,,0.5,0.8,0.5,0.6,0.6,0.8,0.8,1,0.7,0.7,0.7,0.9,0.6,0.7,0.6,0.6,0.6,0.6,0.5,0.5,0.5,0.5,0.4,0.6,0.6,,,0.8,0.9,0.9,0.6,0.6,0.6,0.6,1.1,0.9,,0.7,0.7,0.6,0.7,0.7,0.6,0.6,0.5,0.5,0.4,0.5,0.6,0.6,0.5,0.5,0.4,0.6,0.4,0.5,0.4,0.6,0.6,0.6,1.1,0.6,0.3,0.5,0.5,0.6,0.4,1,1.5,1.2,1.2,1.2,0.6,0.4,0.5,0.6,0.7,0.2,0.5,0.7,0.6,0.7,1.6,1.6,1.7,1.3,1.8,0.7,0.7,0.8,0.7,0.9,1,1.2,1.2,1.1,0.5,0.6,0.5,0.6,0.2,1,0.9,0.8,1.4,2.1,1.9,1.3,,1.8,1.5,1.9,1.8,,1.8,1.9,1.9,,1.8,1.4,1.3,1.6,1.6,1.8,1.5,1.6,1.6,1.6,1.2,1.3,1,,1.4,1.2,1.3,0.5,0.7,0.8,0.7,0.9,1.3,1.1,1.3,1.3,2,1.6,1.3,1.5,1,1,0.6,1.6,1.4,1.3,,0.9,1,,0.8,1.3,1.1,1.3,1.1,1.2,1.2,1.1,1.2,0.7,0.6,1.2,1.4,0.8,1.1,1.2,1,1.1,1.1,1,1.1,1.3,1.8,1.5,1.3,1.3,1,1.1,1.4,1.1,1.8,0.8,,,0.7,1,1.1,1.5,1,0.6,0.7,0.7,1.1,2.2,1.8,1.7,,0.3,0.4,1.2,0.9,1.5,0.9,1.1,1,1,1.2,0.7,1.1,0.8,0.7,1,1,1,1.1,1.3,1,1.2,0.9,1,0.9,0.8,0.9,1.1,1,1.2,1,0.7,0.9,1,1,0.6,0.6,0.8,0.6,0.8,0.8,0.5,0.4,0.7,0.8,0.8,0.8,0.5,0.4,0.5,0.2,0.8,0.8,0.8,,0.6,0.8,0.8,1,1,0.9,0.7,0.8,0.8,0.6,,0.7,0.9,,0.9,0.7,1,0.6,0.7,0.6,1.1,0.5,,,0.8,1,1,1,1.2,,1.3,1,1.3,0.7,,,,,1.5,1.3,1.2,1,1.3,1.4,1.1,,1,0.9,0.8,1,0.9,1,0.9,0.9,0.4,0.5,0.7,1.4,0.9,0.8,,0.4,0.5,1,1.1,0.6,,0.7,1,0.8,0.9,0.8,1,1,0.9,1.9,2.5,0.8,1.1,1.5,1,2.1,,0.4,,0.3,0.2,0.9,1.3,1,1.3,1.6,1.7,1.6,1.4,0.8,1,0.8,1,,,0.9,1.5,1.6,1.7,1.1,1.6,0.5,0.3,0.9,0.9,0.9,0.7,1.2,1.3,1.1,0.9,0.9,0.8,,2.7,2.5,1.5,,1.4,1.7,1.6,0.9,0.8,0.8,0.3,0.3,0.4,0.6,1,0.5,0.8,1.1,0.5,3.1,3.8,2.8,3.3,1.1,1.4,1.1,0.7,1.1,2,2.4,1.9,3.2,,3.7,3.1,2.8,2,2,1.7,1.3,0.6,0.7,0.9,1,1,2.2,0.6,2,1.2,1.7,1.8,1.7,2.2,2.6,1,2.9,2.3,0.4,0.3,0.6,0.5,0.8,0.6,0.6,1.2,1,1.6,0.7,0.8,2,1.2,1.2,1.3,3.1,1.8,0.6,0.8,0.7,0.9,0.7,2,0.6,0.8,2.4,3,1.1,2.9,2.1,1,0.8,1.1,0.7,1,0.9,1.1,0.4,1,1.2,0.7,1.3,1.1,1.4,0.8,0.8,0.9,2.1,,1.9,1.9,1.5,1.1,0.8,0.8,0.9,1.3,1.3,1.6,1.2,0.5,1.4,1.4,0.7,0.6,1.7,1.8,1.4,1.6,2.9,1.3,0.6,1.4,,1.4,0.9,0.9,0.8,0.8,1.2,1.6,1.1,1.4,1,1.7,0.7,1.3,1.1,1.2,1.6
20171215,3,AQI,169,70,132,138,125,129,128,118,120,130,113,108,,,129,,148,147,129,,143,130,118,,113,128,,186,193,270,,214,196,229,117,130,120,142,132,139,98,98,87,,110,236,210,237,212,212,212,208,262,212,208,36,,44,20,30,107,128,115,105,100,128,166,,147,166,149,163,142,201,207,218,213,233,214,379,,320,398,322,390,355,366,374,42,20,20,39,20,18,40,46,193,198,196,,207,196,176,169,215,,280,60,74,72,72,64,58,90,74,63,45,124,155,180,142,139,109,94,162,140,158,117,98,51,,100,103,122,117,130,99,133,118,31,25,27,23,25,33,19,21,24,25,46,48,54,47,54,65,48,57,52,38,29,32,29,30,49,48,36,38,47,31,40,29,124,,,,173,178,,145,188,189,,59,55,57,,46,61,52,48,49,44,53,50,51,,,,39,52,,43,45,44,29,32,,43,59,46,52,46,55,43,43,,38,,98,87,99,36,54,20,44,35,38,55,57,55,51,34,84,62,87,60,,82,67,52,35,46,41,40,57,46,,,35,,49,49,,30,43,35,25,26,26,,52,80,25,33,30,39,35,46,26,38,35,40,29,52,32,38,36,45,16,,22,,24,20,15,32,,39,,30,38,63,28,28,,33,137,205,223,211,242,215,237,172,77,144,120,107,117,94,120,125,113,204,216,,228,,220,219,212,253,40,45,40,42,55,57,49,54,54,78,39,53,45,46,39,49,40,33,49,64,45,35,,30,40,33,29,35,33,45,28,,56,53,52,53,66,58,44,61,52,74,59,100,58,54,38,53,40,42,52,44,39,36,52,53,55,54,52,57,56,53,54,59,52,52,52,48,48,49,52,77,65,57,,52,30,40,36,23,35,30,22,85,29,25,32,27,27,57,,77,58,73,72,57,108,,,,67,65,70,59,69,,114,117,108,120,,,107,24,12,19,23,29,21,25,17,22,19,62,38,33,82,60,70,67,88,128,61,49,38,28,234,232,230,232,214,241,213,240,258,207,220,227,224,57,64,66,67,68,103,,98,83,75,,,,74,153,102,117,65,69,79,,20,36,42,45,38,45,25,25,33,33,29,35,29,41,48,37,29,35,19,31,52,69,69,63,60,75,68,69,71,63,49,32,36,45,247,265,162,198,139,,152,19,20,20,22,,208,,130,143,143,159,207,,217,147,,149,223,239,219,218,309,152,160,255,232,103,180,156,,92,67,55,61,53,71,,155,,155,,134,104,119,123,188,149,192,109,110,105,52,48,43,238,199,216,,28,29,20,48,49,42,33,42,45,41,59,118,123,133,139,109,120,84,98,97,73,39,45,50,36,50,56,25,29,21,87,88,67,30,29,,69,69,,68,75,63,,74,69,46,33,,,200,205,186,55,,57,21,37,38,129,128,,135,148,,224,,237,256,260,244,255,255,228,240,236,93,100,140,,78,77,133,115,188,74,58,217,178,102,129,68,178,108,304,166,108,108,99,122,144,103,109,100,107,53,110,153,80,,54,143,129,142,162,215,66,63,68,70,50,94,103,107,139,80,60,84,78,65,53,60,58,55,70,50,43,53,46,40,53,48,22,210,180,,172,162,166,178,237,267,245,,248,,117,109,112,182,176,186,250,196,168,144,162,173,192,,188,162,165,150,163,152,123,127,127,78,69,59,68,73,57,,100,,,68,92,67,80,74,16,19,15,20,28,27,23,22,23,39,36,22,39,23,25,24,110,114,127,114,62,63,70,45,73,58,112,65,77,73,63,68,54,59,110,,,128,127,89,112,123,79,89,98,83,87,85,29,26,21,,29,42,43,272,256,253,219,237,264,207,208,108,104,134,148,210,219,258,238,225,267,227,225,172,203,186,208,46,22,63,50,,117,30,73,56,54,27,36,68,38,77,75,99,172,162,221,175,128,109,149,107,114,83,94,109,113,114,60,63,107,123,72,87,47,59,45,73,56,,51,50,45,21,40,28,33,46,,30,28,38,64,52,68,68,51,51,46,43,59,52,76,39,29,51,53,,56,68,63,,,79,80,23,128,92,139,109,166,226,185,213,,38,52,135,85,99,97,78,127,140,148,163,,138,264,,249,248,210,163,,213,172,302,236,269,217,,,30,42,31,49,36,42,29,,22,52,46,24,,,20,20,54,24,51,53,38,110,87,75,89,93,65,117,79,261,292,228,241,250,172,166,186,143,217,221,155,110,112,140,170,134,99,68,68,109,67,52,43,43,46,110,124,36,64,55,144,23,80,35,59,42,45,58,26,65,94,53,53,55,103,110,40,22,26,29,60,63,62,20,59,50,43,60,42,39,,114,84,63,49,51,102,123,132,65,82,82,88,80,70,24,19,22,52,38,22,24,33,41,36,85,,,87,97,108,37,40,26,49,107,129,,42,46,53,59,49,21,20,17,20,20,29,20,34,22,26,26,32,30,28,25,23,33,23,30,20,20,18,15,24,38,26,22,23,15,18,38,44,42,46,37,36,42,40,39,38,32,36,34,45,31,35,35,29,48,40,32,29,38,36,45,40,38,36,27,34,33,34,42,192,204,198,,148,169,162,204,,217,201,127,,130,175,202,201,190,169,163,112,114,175,111,160,96,,189,182,180,46,50,69,64,79,54,103,97,95,145,149,172,178,46,54,59,149,129,139,,64,63,,52,58,53,49,62,73,80,65,120,129,19,26,23,38,25,27,25,15,22,19,16,82,80,72,55,59,19,22,39,19,19,38,,,46,32,27,28,29,35,57,17,19,26,23,20,28,30,40,23,26,38,40,15,59,15,12,22,21,12,11,15,10,12,16,26,21,26,26,16,16,25,19,42,36,19,15,60,114,57,93,85,77,67,69,109,89,90,92,49,58,52,55,83,77,74,80,51,62,72,,58,94,75,92,92,104,70,78,51,82,,82,92,,68,95,98,87,117,26,39,16,,,22,36,55,83,65,,38,35,42,26,,,,,20,22,12,9,16,15,23,,23,35,36,45,26,28,32,30,32,42,39,18,56,52,,35,21,19,23,90,,29,33,47,45,50,35,90,23,67,86,32,18,68,55,83,,22,,21,18,143,150,176,155,57,56,62,54,89,108,112,142,,,44,109,125,110,61,69,39,31,61,58,55,59,68,63,61,71,85,58,,88,109,57,,77,105,114,62,95,60,44,53,42,48,51,45,67,60,60,148,190,128,97,25,52,31,36,75,112,97,104,157,,283,120,225,113,130,123,25,21,38,107,60,50,73,19,125,38,113,115,155,209,243,192,195,215,55,36,61,49,35,60,65,170,139,169,125,18,77,61,79,58,228,205,50,42,70,59,30,153,55,74,129,49,102,98,182,48,55,95,30,138,56,46,46,180,176,98,152,57,139,63,65,69,224,,139,211,160,31,68,149,97,30,22,17,213,29,192,114,28,14,137,145,97,60,65,202,20,192,,213,14,18,17,18,80,82,30,100,62,94,118,80,110,102,274
20171215,3,PM2.5,128,51,100,105,95,98,97,89,91,99,85,81,,,98,,113,112,98,,109,99,89,,85,97,,140,145,220,,164,147,179,88,99,91,108,100,106,73,73,64,,83,186,160,187,162,162,162,158,212,162,158,25,,2,14,18,80,97,87,75,72,97,126,,112,126,114,124,108,151,157,168,163,183,164,329,,270,348,272,340,305,316,324,4,6,5,27,7,2,26,14,145,148,147,,157,147,133,128,165,,230,43,54,52,52,33,38,67,54,45,31,94,118,136,108,106,82,70,123,107,120,88,73,27,,75,77,92,88,99,74,101,89,16,15,11,16,17,20,13,11,12,15,31,26,38,28,38,47,32,40,24,20,20,22,20,21,24,18,25,26,25,18,28,19,94,,,,131,134,,111,141,142,,42,30,40,,21,41,29,22,34,27,35,33,34,,,,26,36,,16,28,28,18,22,,25,42,32,36,30,39,30,30,,18,,73,64,74,25,33,8,27,23,26,39,36,22,35,22,62,44,64,40,,60,46,26,24,26,21,28,40,25,,,17,,28,34,,19,30,24,17,9,11,,36,59,17,23,21,27,24,22,18,26,24,28,20,36,22,26,25,31,8,,15,,15,14,9,22,,27,,21,26,45,19,19,,16,104,155,173,161,192,165,187,130,56,110,91,80,88,61,91,95,85,154,166,178,178,146,170,169,162,203,28,31,28,29,39,40,34,38,38,57,27,37,31,32,27,34,28,23,34,46,31,24,,21,28,23,20,24,23,31,19,,32,29,26,27,39,41,22,39,30,54,38,75,41,37,26,31,28,20,23,29,27,25,36,34,33,38,33,33,38,33,38,42,36,36,36,33,33,34,36,56,47,40,,36,21,28,25,12,24,14,15,63,10,11,11,8,8,40,,56,41,53,52,40,81,,,,48,47,51,42,50,,86,88,81,91,,,80,5,8,8,12,20,13,17,8,15,7,32,14,21,29,30,33,40,65,97,42,15,20,11,184,182,180,182,164,191,163,190,208,157,170,177,174,30,46,29,37,49,77,,73,52,55,,,,54,117,76,88,47,50,58,,5,25,29,31,26,31,15,9,13,17,15,24,8,15,33,5,6,9,5,5,14,7,11,9,23,8,49,50,43,45,34,20,25,28,197,215,123,148,106,,116,11,14,7,12,,158,,99,109,109,121,157,,167,112,,114,173,189,169,168,259,116,122,205,182,77,136,119,,68,34,36,39,33,44,,118,,118,,102,78,90,93,141,114,144,82,83,79,34,31,24,188,149,166,,19,20,14,33,34,29,23,27,31,25,31,89,93,101,106,82,91,62,73,72,53,27,31,35,25,20,31,17,20,12,64,65,48,21,20,,50,50,,49,55,45,,54,50,32,14,,,150,155,140,6,,10,3,13,8,98,97,,103,113,,174,,187,206,210,194,205,205,178,190,186,69,75,107,,57,56,101,87,141,54,41,167,134,76,98,37,134,81,174,126,81,81,72,92,110,77,82,75,80,37,83,117,59,,38,109,98,108,123,165,46,45,49,51,35,70,77,80,106,59,43,62,57,47,37,43,41,39,51,35,30,37,32,28,37,33,5,160,136,,130,123,126,134,187,217,195,,198,,88,82,84,137,133,140,200,147,127,110,123,131,144,,141,123,125,115,124,116,93,96,96,57,50,42,49,53,40,,75,,,49,68,48,59,54,11,13,10,14,19,11,4,15,16,27,25,15,27,16,10,15,83,86,96,86,44,45,51,31,53,41,78,37,56,44,45,49,38,42,83,,,97,96,64,84,93,58,66,73,61,64,63,20,18,10,,20,29,28,222,206,203,169,187,214,157,158,81,78,102,113,160,169,208,188,175,217,177,175,130,153,140,158,32,8,15,24,,88,11,15,10,38,9,25,49,26,56,55,56,130,123,171,132,97,82,114,80,86,60,70,82,85,86,43,36,80,93,46,64,28,24,25,53,26,,20,22,23,11,11,,16,28,,18,16,17,46,32,49,49,35,30,32,27,42,36,38,24,20,28,31,,15,49,45,,,58,59,3,97,68,106,82,126,176,139,163,,26,13,103,63,74,72,57,96,107,113,124,,105,214,,199,198,160,124,,163,130,252,186,219,167,,150,16,29,19,31,24,29,20,,6,24,18,6,,,8,,16,16,22,37,26,83,64,55,55,69,47,88,58,211,242,178,191,200,130,126,140,99,167,171,118,83,84,107,129,102,74,48,49,82,48,34,30,21,32,83,94,17,46,29,110,8,59,20,42,29,24,35,18,47,70,37,34,39,77,83,28,13,18,20,38,40,44,9,38,35,30,43,29,27,,86,62,45,34,34,76,93,100,47,60,60,65,59,51,13,11,14,36,2,15,15,23,26,25,63,,,64,72,81,18,26,18,34,80,98,,22,32,37,36,34,10,7,11,9,4,20,14,16,15,4,18,22,21,19,17,14,23,16,21,14,14,12,10,14,26,18,15,16,8,12,26,23,29,32,18,25,29,28,27,26,22,25,23,31,20,24,24,20,33,28,22,20,26,25,31,28,26,24,14,21,23,19,29,144,154,148,,113,128,123,154,,167,151,96,,99,132,152,151,143,128,124,84,86,132,,122,,,142,137,136,32,35,50,46,58,38,77,72,71,111,114,130,134,32,38,42,114,98,106,,46,45,,36,41,37,34,44,53,59,47,91,98,13,18,16,26,17,17,17,10,15,13,11,60,59,52,30,42,9,15,12,13,12,26,,,32,18,18,19,16,24,39,7,13,18,16,12,19,21,28,16,18,26,28,10,,10,8,15,11,6,7,10,3,8,11,18,11,18,18,8,11,17,12,29,25,13,10,42,86,40,69,63,56,48,50,82,66,67,68,34,41,23,39,61,56,54,59,22,44,52,,30,70,55,68,68,78,51,57,33,60,,60,68,,32,71,73,56,88,18,26,11,,,15,24,34,61,47,,26,24,8,18,,,,,14,10,6,4,8,10,16,,16,24,25,17,18,14,8,14,22,24,27,12,27,36,,24,12,13,16,67,,11,8,28,29,25,20,11,11,34,21,20,8,49,26,53,,1,,5,6,109,115,133,118,40,38,39,30,66,81,84,108,,,14,82,,83,30,29,10,21,13,29,28,42,45,45,38,45,49,41,,59,69,28,,56,79,86,24,33,23,18,19,17,10,15,19,48,28,39,113,143,97,72,12,36,18,24,55,84,72,78,97,,233,55,175,85,99,93,5,5,26,80,43,25,,12,95,26,85,87,118,159,193,144,146,165,39,25,38,25,21,43,47,129,106,128,95,12,30,23,12,41,178,155,35,21,51,42,19,117,36,54,98,15,75,73,137,23,39,71,21,105,37,32,32,136,133,73,116,40,106,45,47,50,174,,106,161,122,17,46,114,72,21,11,9,163,20,144,86,19,7,104,111,72,43,47,152,14,144,,163,9,6,6,8,33,60,21,75,44,70,89,59,83,76,224
20171215,3,PM2.5_24h,82,67,79,70,77,71,75,84,74,72,83,79,,,68,,64,64,68,,65,65,60,,67,72,,110,134,168,,126,123,98,70,80,71,78,81,83,42,48,52,,60,122,127,132,100,121,125,122,142,116,131,57,,47,53,69,60,67,69,73,58,74,75,,80,76,76,84,87,99,104,129,103,124,128,250,,217,287,224,266,255,231,267,89,65,64,87,68,67,89,83,81,152,137,,114,125,126,136,122,,131,38,44,36,41,28,28,25,55,48,25,67,71,89,81,73,49,91,95,86,89,91,77,54,,84,82,111,104,97,98,100,108,17,21,15,18,18,27,18,14,16,16,30,27,35,34,42,44,31,39,30,28,29,32,30,30,33,26,28,26,22,22,31,21,43,,,,119,98,,81,101,103,,44,31,40,,30,44,32,34,41,31,36,38,36,,,,36,40,,35,36,37,31,29,,35,53,41,38,44,44,33,31,,23,,80,61,77,32,42,16,40,31,35,50,40,32,48,31,27,42,25,42,,61,39,34,32,26,26,34,47,44,,,27,,34,36,,29,34,32,18,14,14,,45,58,23,26,25,21,20,24,36,42,35,34,39,42,38,41,44,44,12,,17,,15,16,12,16,,22,,15,19,36,22,16,,15,120,129,142,131,150,135,152,126,29,53,52,42,50,36,54,79,43,116,119,139,127,116,131,116,116,132,36,36,39,41,47,53,42,47,42,63,46,53,56,55,49,50,50,45,53,59,59,54,,43,50,49,37,56,47,55,46,,36,30,26,24,50,51,20,34,29,74,47,64,67,54,37,47,51,50,55,47,45,38,78,70,56,62,68,62,69,56,58,60,55,51,77,62,58,52,50,55,72,65,,65,19,22,20,15,27,15,20,27,11,13,13,11,14,40,,48,42,50,52,36,55,,,,49,49,44,49,42,,82,80,78,84,,,74,31,20,21,23,27,31,31,24,22,21,25,18,19,20,24,31,32,40,58,23,20,48,15,138,138,144,140,132,156,138,146,151,132,140,152,139,48,60,36,45,54,116,,113,103,85,,,,73,78,54,63,60,63,57,,30,52,58,60,58,60,35,29,27,38,39,40,25,39,55,58,47,58,66,57,74,71,76,58,70,76,133,145,104,132,30,27,32,32,123,118,88,126,94,,87,14,14,17,14,,110,,84,90,92,104,96,,99,101,,107,118,134,115,142,191,98,119,141,135,69,86,77,,61,32,39,42,14,36,,78,,72,,70,75,88,86,112,107,115,56,56,53,23,24,24,100,91,100,,25,30,20,40,36,23,17,18,22,18,20,58,53,63,67,47,68,55,67,65,50,25,30,34,19,16,26,34,45,34,101,100,79,35,23,,27,26,,33,37,29,,81,72,53,12,,,121,116,132,114,,99,87,108,105,94,94,,98,100,,134,,143,133,138,134,135,144,112,130,138,89,93,99,,153,97,180,173,205,104,65,128,88,53,81,27,123,70,123,136,82,57,90,84,106,90,89,86,78,47,103,103,72,,31,78,68,89,69,132,54,53,66,72,38,86,75,60,85,56,48,68,65,52,43,45,45,42,56,35,30,36,31,44,33,33,5,145,122,,105,105,102,116,120,119,120,,125,,94,86,81,130,119,118,140,123,115,104,111,141,152,,144,112,113,101,109,106,91,91,100,60,50,45,47,72,43,,58,,,50,77,61,61,49,17,20,19,21,27,26,17,27,15,30,29,18,29,18,12,11,83,76,86,80,47,40,43,39,49,46,50,36,37,38,47,50,41,45,103,,,98,85,60,75,88,57,65,69,62,65,59,19,14,13,,20,26,32,148,142,143,131,148,174,142,135,119,116,113,110,147,164,169,165,156,171,150,145,110,133,124,133,38,29,23,26,,81,67,52,66,25,11,26,52,32,58,62,53,102,95,131,126,50,42,81,59,58,50,43,52,45,41,28,34,55,59,27,43,23,18,24,39,28,,30,25,30,20,26,,39,29,,27,25,25,45,37,40,39,40,34,41,27,38,47,45,23,24,34,36,,17,42,41,,,75,93,28,101,85,98,96,118,144,117,139,,24,17,84,74,79,73,72,82,182,170,184,,175,174,,148,169,108,100,,114,98,148,134,133,140,,139,26,33,25,56,49,48,34,,37,37,36,49,,,29,22,25,17,37,47,41,88,71,84,81,82,153,199,140,221,150,120,104,123,129,82,128,117,95,92,68,82,71,90,111,84,64,39,41,90,41,39,52,37,40,62,97,23,28,32,54,12,48,35,49,44,34,43,21,36,45,29,30,36,65,60,26,22,27,34,69,53,41,16,63,54,47,46,43,42,,60,57,53,48,46,64,70,76,39,47,46,45,44,45,41,33,40,53,5,8,16,34,36,33,57,,,52,59,68,33,38,29,39,76,77,,42,48,43,43,39,13,15,13,16,10,17,12,14,35,3,12,13,14,21,19,20,23,22,22,16,11,13,10,13,18,17,36,35,31,32,27,22,29,26,21,21,24,23,24,24,23,28,31,32,26,29,25,27,30,34,32,29,33,31,24,26,23,24,16,19,22,20,28,103,92,90,,106,111,92,142,,158,133,99,,102,131,153,147,141,131,123,83,90,127,85,91,94,,130,129,126,30,37,48,42,51,50,74,76,72,131,131,138,153,31,42,46,132,120,133,,44,46,,44,40,39,34,46,54,55,47,76,72,38,40,38,46,36,30,27,32,37,32,30,62,63,55,44,49,16,25,20,19,18,36,,,39,35,33,31,27,40,37,18,19,23,23,29,32,40,46,24,22,28,29,13,4,12,14,18,11,8,10,13,8,12,17,28,12,22,26,22,8,15,13,22,25,7,6,42,71,49,70,63,56,45,46,63,68,67,72,48,56,53,55,66,72,71,70,41,53,60,,30,82,73,76,80,80,54,60,50,63,,64,76,,33,62,63,54,76,18,30,14,,,16,19,29,35,33,,36,44,24,24,,,,,16,30,18,21,11,11,18,,13,20,15,26,32,13,8,11,18,19,27,14,19,24,,24,20,16,11,43,,13,20,25,29,22,20,17,16,48,43,11,11,20,17,105,,7,,7,9,94,95,95,106,86,82,82,73,73,85,69,100,,,30,114,95,107,44,61,20,48,65,78,36,32,93,98,83,52,50,50,,48,65,45,,84,89,47,59,26,24,35,34,29,22,31,29,49,39,47,133,155,70,64,12,62,44,27,39,84,96,74,148,,181,59,113,98,110,105,18,26,34,54,45,35,26,14,88,48,57,56,65,125,176,102,136,210,43,36,35,32,25,47,51,102,78,118,86,18,25,16,25,70,176,85,40,31,63,44,41,75,28,58,54,135,61,76,97,29,48,73,32,38,32,42,36,101,101,34,56,36,122,45,49,46,124,,65,138,107,37,26,107,81,44,50,56,105,21,157,66,13,14,62,98,97,38,112,101,26,109,,88,33,47,34,33,40,90,63,53,47,116,80,51,71,68,133
20171215,3,PM10,,82,127,115,123,123,,,,116,113,,,,,,,,,,,,,,,,,173,203,239,,197,187,219,118,133,129,141,123,137,109,108,112,,127,214,194,251,218,195,199,190,233,234,207,27,,44,19,30,149,163,129,159,150,144,141,,157,151,159,146,153,157,182,198,227,220,173,376,,336,380,312,426,332,366,398,42,20,19,27,20,16,40,46,212,195,214,,225,226,209,180,224,,254,69,76,54,72,78,66,72,87,67,43,125,134,170,111,114,148,102,,129,139,100,107,51,,89,119,120,128,116,85,113,107,31,25,18,21,23,33,18,19,24,25,46,48,51,47,48,52,48,40,53,38,28,22,21,28,49,48,27,28,47,31,33,29,113,,,,149,,,151,141,142,,,59,41,,46,71,53,48,42,44,56,50,51,,,,39,49,,43,45,44,29,28,,43,,38,46,46,44,43,37,,38,,74,69,,35,57,,44,35,37,57,63,59,52,34,102,72,102,70,,65,84,54,27,46,41,33,51,46,,,35,,49,49,,30,43,35,22,23,26,,,,,,29,,,46,,,,,,,,,,,,,21,,23,,12,,,,,,26,,,,,33,140,200,208,187,,195,233,166,91,229,136,151,133,138,150,148,156,,176,,,,,228,163,223,,,,,,,,,,,,,,,,,,,,,41,32,,24,31,28,,35,,39,,,61,55,54,55,81,53,44,71,54,72,68,97,65,58,36,55,,42,54,44,31,,52,56,60,48,53,63,62,56,,43,43,45,44,39,,35,48,64,,40,,41,21,,31,23,,30,18,,29,25,32,27,27,64,,102,54,63,62,53,83,,,,64,67,55,60,86,,104,114,110,114,,,114,24,11,19,23,21,21,,17,,19,74,38,33,113,70,89,83,100,149,71,49,38,28,233,214,254,253,223,223,221,243,309,185,213,234,236,64,73,82,83,76,124,,138,115,90,,,,97,188,108,117,48,,72,,20,31,29,,26,31,25,25,33,33,29,,29,41,,37,29,35,16,31,53,88,88,75,69,100,71,55,91,64,48,32,32,45,266,255,152,247,161,,150,,,10,,,172,,134,144,160,,205,,199,167,,153,226,236,185,195,288,167,,293,218,146,170,190,,79,83,60,72,55,92,,146,,154,,154,113,115,118,168,134,186,120,122,112,53,48,43,249,228,211,,,,17,,,42,30,42,43,41,67,,,,,92,,118,107,83,84,28,35,49,,50,62,,25,21,67,,63,27,25,,80,74,,64,80,66,,,50,45,33,,,198,201,188,59,,64,21,37,38,122,120,,128,173,,206,,242,236,261,278,,,233,222,,106,121,152,,102,99,183,117,227,89,49,188,167,116,130,86,206,137,423,193,160,147,147,132,119,119,101,83,94,42,96,145,76,,44,122,100,113,131,,82,68,68,88,41,79,94,95,131,68,43,,,,46,49,45,42,64,,,,,,,,,164,156,,172,156,180,170,,234,210,,,,108,105,118,170,169,171,310,170,142,130,135,137,144,,,147,140,,,,124,131,110,58,,49,67,,54,,98,,,68,,65,71,86,,13,12,14,,27,23,15,,29,32,20,,21,25,24,110,99,117,114,48,57,69,33,,53,174,80,104,96,75,66,51,55,120,,,101,118,128,108,111,79,87,102,90,81,87,22,24,21,,21,31,43,278,256,276,221,224,248,181,181,109,97,135,160,226,218,267,221,261,271,283,274,240,222,252,207,35,19,76,50,,91,30,96,62,55,27,,69,33,95,84,122,132,134,211,175,137,117,150,98,116,115,119,116,137,121,68,76,124,129,93,110,47,68,45,78,61,,52,50,45,21,40,28,33,46,,30,28,38,46,53,59,55,52,52,37,43,,45,52,39,29,52,55,,61,60,59,,,,,23,139,103,120,158,185,191,192,198,,32,54,108,,75,94,102,107,118,172,169,,160,274,,232,250,202,185,,209,233,295,190,264,,,,30,38,31,49,36,42,,,22,53,46,24,,,20,9,58,24,52,45,37,121,95,76,127,133,66,125,84,,301,237,309,278,165,172,242,236,229,190,178,93,94,179,200,152,110,86,74,88,79,54,39,43,41,138,124,36,73,59,193,23,107,35,,35,45,66,23,70,71,51,55,53,112,148,38,22,,29,69,75,52,20,68,37,38,50,34,31,,102,96,48,47,51,113,98,123,63,69,80,76,67,68,23,19,,,38,18,24,28,41,36,,,,94,90,81,37,40,24,,114,131,,42,33,56,68,45,,7,,12,,,15,34,17,,,24,,23,20,23,25,23,24,,,,,24,,,,,15,17,32,44,38,42,37,,,,,,24,,34,,31,,,27,,31,25,23,30,26,33,,29,36,27,34,32,34,30,211,197,197,,136,161,162,160,,173,177,132,,113,166,179,177,173,,,106,150,141,172,150,141,,189,200,203,43,42,53,52,,51,80,73,89,,114,,,32,49,62,,,,,49,48,,44,,,,,67,,57,115,112,19,18,18,,19,27,,12,,17,13,99,89,78,59,46,12,,39,19,19,26,,,,32,27,,29,35,63,17,,,18,20,22,29,,20,,,30,,68,14,10,17,21,12,11,11,5,,11,,21,,,16,16,24,19,,,16,10,69,,62,83,77,62,60,82,102,75,86,80,44,52,54,48,63,71,75,67,51,63,72,,66,90,78,,93,93,64,74,51,62,,80,97,,85,112,121,124,125,24,39,16,,,21,36,60,84,72,,28,24,42,26,,,,,20,22,12,5,16,15,23,,,33,30,45,,16,19,,26,42,28,15,61,54,,,21,18,,88,,29,33,47,45,50,35,129,13,84,122,32,18,64,60,115,,5,,7,14,119,130,152,,64,62,73,57,74,83,99,137,,,44,107,199,164,71,87,39,31,71,66,59,58,86,68,71,91,119,54,,125,167,63,,102,100,155,74,140,70,44,56,42,48,51,45,84,70,69,169,195,139,92,,50,31,36,73,137,130,138,263,,316,190,186,145,118,117,25,,31,89,47,50,96,15,104,,94,87,,209,244,191,210,197,53,35,72,49,35,,68,142,157,201,112,14,103,72,107,49,255,206,49,42,63,56,25,147,60,65,106,49,153,122,198,48,,81,26,113,62,44,40,136,138,104,155,56,,64,57,81,218,,113,174,162,31,86,,96,22,13,,194,,145,133,22,8,116,130,115,68,74,182,15,175,,199,10,8,13,10,110,108,26,110,64,123,120,80,85,,233
20171215,3,PM10_24h,83,80,101,86,98,87,85,96,86,88,108,83,,,94,,77,69,96,,76,68,73,,71,84,,150,187,212,,150,160,136,111,111,123,137,137,129,68,74,87,,118,146,165,175,138,152,162,161,189,176,170,109,,107,110,122,150,132,105,160,122,116,123,,113,106,107,106,119,113,133,149,157,159,144,325,,280,326,266,357,294,291,358,161,131,132,170,110,126,136,116,126,206,197,,153,202,203,189,175,,211,70,66,53,70,63,54,35,98,68,34,92,90,119,94,80,82,106,112,104,115,97,106,75,,99,109,137,151,119,105,103,125,38,35,28,27,31,35,29,25,28,33,47,44,51,42,50,54,55,46,54,46,38,37,32,37,61,61,42,29,38,36,40,34,54,,,,140,88,,132,130,131,,54,56,45,,50,69,58,61,48,50,56,53,53,,,,51,53,,54,43,50,42,45,,47,64,53,53,59,62,52,44,,55,,82,77,81,44,69,36,51,46,56,83,65,54,72,40,54,65,44,73,,89,79,55,39,56,61,59,59,68,,,42,,47,52,,48,56,52,26,29,36,,44,,29,35,35,25,22,37,31,63,22,,24,27,38,30,20,40,21,,32,,36,31,18,34,,24,,17,27,17,22,16,,22,181,186,179,165,,168,213,176,64,98,84,94,92,90,108,144,97,130,138,168,156,132,142,162,133,139,29,,45,43,,56,43,49,36,,,,,,,,,,,,75,64,,60,67,60,47,52,27,52,26,,60,56,57,48,91,88,37,64,44,102,68,84,90,72,68,84,66,73,95,67,61,57,80,90,84,93,94,92,86,96,56,65,56,57,90,60,57,70,66,68,70,61,,65,24,29,36,20,48,28,22,33,29,31,35,29,34,65,,65,57,68,74,63,87,,,,62,67,57,81,73,,110,111,112,132,,,106,62,29,39,44,36,53,47,34,35,44,69,42,34,59,52,67,69,68,104,51,42,83,62,167,163,202,194,180,191,169,202,223,159,165,190,182,127,125,115,116,111,163,,147,174,139,,,,119,141,82,76,70,82,61,,43,30,59,31,28,30,53,55,62,58,48,53,48,73,71,118,121,141,145,128,146,154,134,107,120,135,177,186,173,169,50,39,43,47,156,152,120,198,159,,117,25,28,38,25,,119,,109,110,125,93,132,,136,139,,142,172,160,136,184,169,134,153,193,182,133,128,140,,92,62,63,68,23,73,,113,,116,,127,102,119,114,129,125,144,90,80,76,40,44,40,143,155,150,,38,28,22,48,84,41,35,37,42,48,50,54,49,55,45,65,47,98,93,75,84,37,34,56,40,50,49,35,32,26,109,112,95,36,21,,49,49,,65,62,60,,,91,63,36,,,169,157,170,159,,152,125,150,153,122,125,,117,146,,170,,164,156,162,192,95,106,168,145,110,154,166,150,,203,164,264,248,318,148,78,149,121,79,116,60,198,106,310,190,150,100,156,127,125,127,114,96,91,54,118,96,91,,37,99,85,109,121,167,82,79,90,110,50,86,94,65,96,88,44,,,,48,49,51,51,67,,32,,,,35,,7,157,140,,133,144,167,137,92,129,134,,121,,114,126,112,159,144,140,192,146,144,134,123,142,148,,144,147,144,102,,104,123,124,111,64,59,55,62,68,54,,68,,,60,85,75,80,77,18,23,19,21,,26,25,14,15,33,35,28,27,21,27,24,115,103,109,112,50,48,57,40,48,67,114,73,101,83,78,76,62,65,138,,,114,118,126,113,123,82,95,111,96,91,97,29,25,24,,28,51,48,182,176,175,167,209,205,167,155,130,138,151,143,219,208,202,202,208,203,214,201,202,204,200,162,87,76,94,68,,117,100,116,116,42,36,43,72,52,113,97,118,93,115,177,165,81,74,135,93,86,88,79,75,86,62,47,47,88,87,67,72,40,44,46,65,56,,59,57,49,37,47,35,41,45,,43,38,46,47,52,58,51,55,43,36,34,46,73,65,38,40,49,61,,60,50,51,,,105,100,51,129,112,129,143,156,163,157,175,,49,52,93,92,88,86,96,93,173,296,264,,258,228,,214,214,140,148,,142,156,196,164,187,150,,136,59,61,56,80,87,64,48,,65,79,72,90,,,44,30,49,30,70,73,65,127,116,91,130,123,241,276,205,334,177,204,158,171,152,120,205,179,146,115,102,94,80,149,186,121,94,77,59,100,73,54,51,50,52,84,133,32,40,64,111,26,82,54,56,47,50,56,25,48,44,37,50,45,94,103,35,42,42,62,106,80,48,20,74,57,52,60,52,48,,74,67,62,54,55,82,76,85,45,51,52,52,54,45,45,39,37,58,32,20,27,36,45,41,,,,80,82,76,50,49,40,45,92,96,,54,56,50,54,45,27,18,24,29,15,21,18,25,18,10,17,16,16,26,26,28,35,29,30,25,16,20,20,19,18,17,45,46,40,39,31,43,36,40,38,25,32,25,30,31,26,28,36,34,33,31,31,32,35,40,37,35,39,37,27,29,23,32,22,30,31,35,37,136,130,122,,129,138,125,154,,173,152,137,,112,170,177,181,177,,132,114,142,141,108,107,105,,166,171,170,46,44,55,54,58,68,82,85,88,143,137,146,,47,48,71,,,,,57,47,,48,37,44,45,56,72,56,54,100,90,33,30,36,73,32,37,33,21,46,30,31,125,107,94,71,76,22,35,45,24,27,40,,,41,49,58,63,44,50,75,23,34,41,36,36,42,62,99,35,28,28,30,15,21,15,16,20,20,11,17,19,12,19,23,32,29,34,32,29,12,32,22,26,30,13,9,73,67,81,94,94,68,66,96,99,88,93,91,71,75,80,69,84,111,99,103,68,94,92,,85,110,106,95,117,102,71,90,69,83,,92,112,,77,111,117,120,126,35,62,38,,,21,28,45,50,55,,55,56,57,29,,,,,43,42,27,29,24,19,26,,20,45,43,53,58,66,26,21,30,45,53,29,40,47,,28,40,29,25,74,,43,48,46,52,54,51,109,35,95,107,22,23,64,49,197,,31,,21,31,112,111,122,117,99,97,108,101,79,95,77,133,,,96,157,161,172,95,124,71,67,127,136,88,88,134,113,116,108,122,66,,109,123,107,,136,123,94,163,88,66,67,94,70,57,63,57,97,90,72,213,211,114,95,17,63,61,54,55,168,184,142,331,,253,194,162,138,146,131,35,51,47,62,55,52,67,33,119,50,81,73,72,185,233,136,182,252,55,48,56,66,38,56,54,121,138,173,117,21,67,55,101,117,266,120,71,51,78,63,51,115,51,73,71,164,111,133,145,51,59,86,50,48,51,64,47,127,133,45,73,52,,69,71,69,144,,91,159,136,44,55,120,105,51,89,75,134,32,148,112,28,22,82,130,170,71,156,132,34,136,,124,44,43,50,42,119,138,84,81,72,140,109,61,78,77,127
20171215,3,SO2,19,16,22,6,19,24,17,17,6,22,19,13,,,14,,19,19,18,,16,14,17,,8,4,,29,28,29,,35,34,43,26,28,33,33,39,27,45,58,37,,35,7,15,,19,23,41,35,27,27,28,10,,26,7,10,35,34,41,32,32,11,10,,23,33,36,33,8,14,17,23,29,23,20,131,,48,206,248,130,271,33,138,18,15,14,18,10,10,10,9,99,132,130,,112,131,138,132,144,,89,18,24,9,11,10,9,10,13,12,14,57,122,29,62,68,29,31,52,18,14,51,46,19,,131,223,106,103,77,15,53,39,11,8,9,10,9,10,8,7,7,9,15,9,6,5,4,9,8,5,14,9,8,6,13,8,8,17,10,17,17,9,31,16,38,,,,20,5,,9,21,7,,8,7,10,,16,11,10,12,9,10,14,13,12,,,,16,35,,1,2,4,6,5,,6,7,5,16,12,3,6,9,,11,,2,5,5,14,9,6,7,9,9,10,9,5,16,7,22,14,13,13,,8,12,9,9,8,8,6,9,12,,,9,,13,15,,5,5,4,5,8,11,,13,20,5,4,6,4,3,5,4,2,4,3,5,2,7,3,3,1,5,,3,,7,8,2,5,,3,,1,4,6,5,3,,5,17,21,26,33,36,33,44,27,24,26,25,23,27,12,32,17,40,27,24,22,21,12,19,27,29,19,4,3,3,5,3,1,1,6,3,4,4,4,3,2,5,6,2,2,5,7,10,10,,6,4,8,5,11,14,10,9,,6,7,6,10,10,7,5,6,7,10,11,14,19,15,9,16,7,8,11,24,22,23,14,10,,11,23,19,13,11,4,28,24,17,16,10,11,8,8,10,10,14,,14,10,11,12,10,15,10,9,8,4,6,5,4,6,12,,18,7,12,11,10,19,,,,10,10,9,7,20,,9,6,2,10,,,8,8,6,4,14,5,9,15,7,6,5,15,11,15,11,13,46,37,6,9,8,2,12,6,100,42,34,57,64,49,25,40,23,24,26,46,29,42,42,12,43,26,30,,34,21,37,,,,22,34,3,11,14,12,11,,12,8,7,4,8,7,8,5,9,7,4,5,6,7,4,7,7,10,9,7,11,10,10,21,19,9,22,40,11,15,21,6,11,32,134,132,52,282,85,,87,7,7,9,3,,29,,14,15,20,13,10,,12,9,,11,27,35,28,30,31,23,33,26,40,28,12,9,,23,32,30,25,42,24,,12,,9,,11,27,30,22,33,15,47,11,8,6,15,16,14,17,22,16,,8,8,7,10,6,7,8,9,9,11,27,11,7,11,12,11,13,15,12,68,24,6,3,12,10,8,8,2,4,4,12,13,14,5,7,,27,21,,24,45,24,,6,8,11,8,,,10,12,10,16,,21,12,17,15,7,11,,17,21,,45,,53,42,89,140,150,141,158,145,149,70,22,37,,39,39,52,48,62,72,21,79,49,33,41,24,95,72,91,133,161,80,34,76,66,81,80,58,29,20,35,40,23,,10,35,66,58,19,33,16,43,30,18,16,10,38,33,37,22,7,5,9,6,14,29,13,11,17,3,10,16,4,8,7,2,5,16,7,,18,12,5,7,8,12,7,,6,,17,11,12,14,8,7,33,21,23,11,13,16,14,,13,12,9,12,14,13,8,10,10,10,2,8,1,1,6,,2,,,3,6,6,6,4,4,9,13,11,5,6,5,8,3,29,59,11,23,11,1,3,2,7,9,5,18,17,13,13,17,17,108,13,21,28,16,9,16,11,12,,,19,4,6,4,2,6,6,9,4,4,16,9,6,4,,5,14,11,14,27,23,17,18,30,23,27,12,11,102,103,15,12,31,22,16,21,28,31,20,22,24,21,2,2,3,5,,21,6,29,14,2,7,8,6,6,8,13,10,20,17,13,20,34,33,17,12,26,18,31,10,16,18,14,17,13,9,13,13,8,13,15,6,23,,14,18,18,5,4,17,12,26,,3,7,9,8,7,10,5,7,20,10,16,9,7,8,9,10,8,10,,10,3,1,,,15,8,38,14,10,4,8,10,9,9,7,,12,11,26,32,23,28,9,3,73,74,58,,77,198,,251,191,48,29,,103,21,82,47,41,82,,71,3,7,4,22,11,9,2,,6,16,9,17,,,11,2,29,30,10,9,8,75,43,28,37,49,28,40,22,50,94,77,88,89,101,60,157,209,53,69,103,62,49,81,110,77,62,10,15,20,16,17,39,9,11,40,36,11,11,10,27,6,9,20,10,12,8,7,5,12,6,11,10,21,6,46,8,11,10,13,56,56,44,8,6,15,14,23,14,4,,16,5,6,20,15,10,8,18,11,17,5,27,11,12,24,12,24,13,4,8,2,26,1,7,4,,,24,4,16,10,26,2,7,8,12,,24,27,28,19,9,3,4,6,6,2,9,8,12,17,2,30,25,11,8,7,6,7,5,8,7,4,3,5,9,5,9,20,10,15,20,24,14,2,6,4,5,16,14,14,24,6,3,8,1,1,6,5,15,10,8,5,11,9,10,10,8,8,7,5,15,19,15,8,4,6,11,,21,10,10,11,,16,11,8,,8,7,10,7,11,6,6,7,6,5,12,12,14,,8,9,8,5,4,3,10,5,8,25,20,5,9,10,10,5,3,3,7,10,16,13,,6,6,,2,1,2,5,2,5,6,2,5,4,6,13,12,8,6,6,3,8,3,7,19,4,5,2,6,1,10,8,9,13,4,2,,,4,1,3,1,1,3,2,3,7,4,3,3,5,4,1,3,6,5,12,5,6,6,10,23,13,1,5,6,4,3,6,8,9,10,2,3,3,5,8,9,7,5,6,15,21,16,10,11,7,7,4,5,7,6,12,3,3,2,1,3,2,5,3,21,20,11,,17,11,6,12,11,16,19,3,19,12,,6,8,,5,7,10,5,10,8,14,8,,,11,11,11,19,25,,26,32,26,11,,,,,2,10,7,8,2,2,8,,28,8,7,13,30,,11,7,7,5,12,26,18,10,,6,11,7,5,7,,5,8,14,10,8,10,10,8,6,5,3,6,9,7,4,,1,,5,3,8,8,7,12,14,31,20,12,10,10,,16,,,7,11,26,22,16,17,18,12,14,11,11,12,15,12,10,30,38,2,,25,15,3,,29,9,9,23,19,18,16,12,8,7,15,4,15,16,12,18,22,8,8,5,10,13,7,11,17,16,3,20,,30,65,88,33,34,39,3,3,4,9,10,8,64,3,12,12,13,9,16,45,188,50,131,52,11,9,10,19,11,24,8,32,12,9,8,7,24,33,99,12,193,116,8,9,4,4,5,11,4,5,21,23,77,40,20,7,30,7,8,16,23,15,6,14,90,20,30,15,15,9,13,21,138,,17,10,14,6,22,9,12,4,22,3,19,7,13,17,3,3,15,16,33,13,19,26,4,34,,7,16,23,17,32,7,37,15,30,6,12,6,3,2,4,3
20171215,3,SO2_24h,20,14,24,18,24,25,18,20,12,19,21,14,,,21,,25,30,23,,24,18,21,,17,14,,21,26,35,,22,21,6,51,48,59,62,78,53,27,50,43,,41,10,20,21,24,45,45,32,36,28,40,32,,24,24,27,41,43,46,58,44,23,23,,25,45,42,42,8,15,16,23,27,19,21,100,,63,147,226,124,206,55,128,37,42,51,50,41,28,42,30,65,84,90,,99,135,125,110,189,,116,41,58,37,43,40,24,15,45,39,30,126,184,58,53,68,22,29,43,30,40,66,59,26,,138,131,89,102,157,22,66,52,9,6,8,9,9,9,8,7,7,9,13,10,6,6,5,9,8,5,12,9,6,8,14,8,6,17,11,15,11,11,18,16,23,,,,27,9,,12,23,11,,6,7,8,,16,11,7,11,9,9,10,11,10,,,,15,17,,3,4,5,5,6,,7,7,6,14,9,8,7,9,,8,,3,6,6,13,9,6,6,9,9,8,6,4,13,8,10,10,11,9,,9,9,7,8,8,8,7,8,14,,,8,,7,9,,18,4,5,5,8,9,,16,12,5,6,6,5,4,5,3,4,4,4,7,2,9,3,3,2,5,,4,,8,9,2,4,,3,,3,4,8,5,4,,5,23,23,26,32,24,29,33,35,21,14,24,21,21,12,22,22,20,19,16,17,15,13,13,18,19,13,5,3,4,5,4,2,2,7,4,4,4,5,4,3,5,6,3,2,4,8,11,11,,7,6,10,6,12,14,9,11,,5,7,7,11,8,9,6,8,9,11,10,8,18,13,8,12,7,10,14,27,20,20,20,19,18,12,19,16,14,8,7,17,19,16,14,11,10,8,9,9,11,17,,17,10,14,13,10,12,9,10,10,4,5,4,4,6,8,,15,13,13,14,16,16,,,,17,15,15,9,17,,13,9,4,12,,,10,10,8,12,26,8,29,25,14,10,15,20,12,13,13,14,24,23,7,10,7,3,14,5,26,31,35,33,31,35,20,49,16,28,21,26,30,39,31,33,32,30,32,,30,28,28,,,,63,42,2,9,14,8,9,,11,7,8,9,9,11,11,6,7,7,2,11,7,7,6,36,40,42,35,35,24,31,29,20,22,24,86,99,42,59,44,35,22,49,92,83,54,151,144,,119,7,8,10,7,,25,,15,19,20,14,15,,15,17,,14,39,41,41,38,44,31,56,30,45,20,17,10,,27,19,32,27,26,33,,17,,10,,16,18,22,17,24,18,28,11,8,6,12,9,10,24,27,21,,9,8,7,11,7,9,9,8,11,11,17,9,7,9,11,9,12,12,12,16,18,6,4,7,11,9,9,2,5,5,18,18,18,6,7,,17,17,,22,20,20,,13,10,9,9,,,6,8,10,67,,84,69,135,115,12,15,,23,26,,85,,84,66,82,83,91,85,54,87,87,105,34,87,,100,88,120,112,92,104,36,46,36,28,31,23,109,69,104,138,97,59,35,97,102,96,136,146,35,30,60,36,38,,12,43,68,57,29,36,18,28,20,15,17,23,26,29,38,29,7,6,9,6,15,15,13,11,21,5,10,10,12,11,9,3,5,14,10,,17,11,16,9,17,21,15,,17,,19,14,15,15,9,6,9,14,15,10,14,14,18,,15,14,12,11,13,14,5,9,8,8,3,7,2,5,6,,2,,,3,7,6,6,5,4,10,18,11,6,6,11,10,3,17,54,11,20,7,2,2,4,6,9,6,17,14,13,14,17,14,64,32,31,22,11,8,14,11,37,,,19,5,8,5,4,4,7,12,7,7,9,18,7,5,,13,19,10,21,29,26,20,33,42,32,33,14,18,56,42,19,19,23,21,23,22,24,26,19,24,21,15,28,12,15,12,,35,37,58,52,2,7,9,4,6,19,14,9,27,27,15,20,27,22,20,15,27,29,38,10,22,16,15,13,11,8,14,18,9,12,11,8,19,,13,16,17,6,4,15,13,23,,3,5,9,6,7,13,8,5,11,10,28,5,5,7,9,10,9,9,,9,4,2,,,49,32,25,13,9,4,7,10,8,8,6,,10,9,26,30,19,18,13,6,133,108,140,,121,157,,183,172,46,34,,67,56,83,76,64,73,,102,11,21,9,70,67,36,10,,20,34,22,39,,,27,13,58,34,14,13,12,81,102,105,112,80,81,115,72,105,61,46,47,73,260,111,232,181,58,52,67,58,44,78,80,84,56,22,16,20,20,23,36,13,9,18,31,6,14,12,20,7,23,26,29,17,14,12,9,11,16,11,11,18,18,27,10,35,44,55,94,95,47,8,6,17,17,16,16,5,,19,7,8,24,14,11,10,19,14,22,6,18,12,7,14,8,17,4,7,6,3,22,2,13,4,,,13,8,12,7,13,2,7,13,15,,15,15,22,27,21,1,4,6,5,2,9,8,10,17,2,6,9,9,12,11,9,8,6,9,8,4,4,5,6,4,4,23,12,14,17,28,18,6,12,10,6,32,37,34,43,4,4,11,8,2,9,7,17,12,11,9,16,14,16,6,7,8,7,5,8,15,14,9,8,18,18,,21,17,7,17,,22,17,15,,20,6,10,6,10,9,6,5,6,6,10,10,13,,8,8,7,9,5,4,8,5,8,10,23,5,11,11,10,6,5,3,5,10,13,7,,7,8,,10,2,2,4,2,4,5,2,8,4,9,16,14,8,9,7,9,14,8,13,13,5,3,1,12,1,13,8,8,17,4,6,,,5,4,4,2,3,4,2,4,3,12,4,4,7,4,4,3,7,5,9,5,6,6,12,10,11,1,6,8,4,3,6,9,17,21,2,3,4,5,9,8,6,5,6,15,18,18,13,8,9,11,9,10,12,12,9,5,5,6,4,4,4,25,3,19,21,14,,18,24,14,13,14,26,16,4,14,7,,5,6,,8,9,8,6,9,9,16,10,,,11,11,15,13,16,,26,31,32,16,,,,,3,11,10,9,7,4,6,,40,11,12,22,55,,12,8,8,5,10,17,20,13,,17,6,7,5,8,,5,9,18,15,9,11,15,9,7,8,3,6,16,9,5,,6,,5,4,9,12,9,15,23,35,33,24,11,21,23,21,,,43,11,49,29,20,19,20,14,26,31,15,13,15,37,20,41,25,6,,39,40,14,,48,23,12,42,61,21,20,15,20,11,20,10,14,12,12,23,24,17,18,5,13,8,11,13,19,21,4,23,,30,35,52,47,50,40,5,30,21,11,14,12,31,4,18,13,23,12,20,36,186,42,133,53,6,9,9,10,10,23,6,18,17,17,10,8,22,19,51,21,103,82,13,7,4,5,7,21,5,4,34,104,49,123,16,8,15,8,8,12,13,15,5,14,79,15,24,12,16,14,17,15,87,,19,15,16,7,16,15,10,5,48,26,27,7,12,22,2,4,28,20,35,19,92,26,10,33,,14,19,36,31,39,9,30,27,32,14,25,7,2,9,4,11
20171215,3,NO2,78,56,87,71,94,82,91,77,63,67,84,87,,,58,,54,60,58,,45,64,63,,68,58,,63,61,68,,53,59,63,69,70,73,69,75,73,80,76,86,,79,61,56,54,64,81,75,67,62,75,79,9,,20,8,18,64,59,69,68,59,65,69,,69,57,62,59,48,42,44,62,56,65,61,86,,75,81,75,88,74,72,86,12,13,22,3,26,15,9,11,83,91,93,,79,98,90,95,86,,89,25,21,16,19,30,19,16,50,32,34,54,48,54,48,53,49,52,50,47,34,60,66,20,,78,84,84,70,71,20,54,65,42,40,53,39,43,61,33,20,45,21,47,32,52,38,32,40,37,31,47,45,48,48,30,50,35,53,51,34,41,44,38,46,60,,,,50,47,,48,51,58,,32,31,27,,42,52,46,46,53,45,52,45,59,,,,53,44,,15,38,42,17,21,,24,49,33,44,39,38,25,43,,48,,43,44,52,56,75,40,60,46,54,66,57,45,60,50,59,56,60,58,,49,,50,56,43,57,27,62,43,,,51,,60,65,,15,23,23,6,4,4,,55,55,34,41,39,25,31,47,35,23,20,18,26,18,38,44,31,28,21,,40,,47,27,8,15,,30,,21,31,32,42,22,,17,57,50,63,71,63,73,70,52,54,71,68,91,71,110,91,75,77,52,59,54,53,42,57,49,56,49,21,24,28,31,21,36,33,29,26,27,29,30,32,30,39,36,38,38,32,37,45,40,,43,40,50,39,33,32,44,24,,26,16,20,14,36,32,8,28,28,42,70,60,60,61,44,36,46,43,52,50,50,46,57,50,,62,52,52,51,47,35,43,37,40,46,30,26,35,28,46,42,36,,43,35,37,36,23,18,42,34,48,6,3,5,6,9,42,,41,27,42,40,36,40,,,,21,44,32,37,34,,28,35,52,33,,,33,22,15,20,26,11,18,15,22,19,20,56,34,34,51,49,62,61,55,81,64,33,31,26,74,77,76,78,30,68,76,71,64,71,67,70,68,19,25,14,55,45,29,,52,19,29,,,,30,37,59,53,42,54,47,,25,39,29,31,38,39,35,36,32,36,37,17,33,29,32,7,10,6,9,7,9,13,17,17,17,16,43,71,39,47,29,7,26,41,97,97,70,84,61,,65,14,16,26,10,,63,,55,53,55,54,56,,56,18,,46,79,90,78,66,71,45,40,51,84,50,63,42,,15,34,35,32,40,45,,30,,43,,45,41,45,38,46,27,57,59,35,43,24,33,18,61,54,54,,21,30,21,26,27,21,16,16,22,24,33,27,27,29,28,24,29,38,20,20,22,30,26,30,10,18,13,27,23,19,50,43,39,38,32,,48,41,,39,50,36,,31,33,47,25,,,48,49,41,1,,7,4,7,5,16,38,,25,29,,36,,47,22,46,75,75,64,75,67,71,38,34,61,,50,46,66,41,74,38,25,74,74,56,57,51,87,55,49,56,57,54,43,69,70,69,64,65,61,24,55,69,42,,9,49,52,54,36,45,24,35,40,44,22,38,55,65,58,55,45,49,50,43,26,26,30,27,31,27,30,27,24,23,38,33,6,42,50,,44,25,38,40,49,52,51,,55,,51,55,54,47,49,60,45,49,51,46,47,43,46,,44,30,43,44,40,41,47,46,44,24,21,12,28,10,17,,37,,,30,26,29,13,12,20,31,22,29,20,22,17,21,10,30,21,18,25,15,5,5,35,37,44,36,,32,41,30,41,30,81,44,72,48,30,36,28,39,29,,,33,34,38,39,36,21,23,23,36,26,23,32,23,26,,16,22,10,73,73,73,62,34,44,49,39,27,42,55,61,83,47,63,69,61,50,64,68,72,64,71,73,6,9,3,19,,37,7,12,11,19,17,4,36,20,18,33,27,38,47,54,56,74,62,82,42,64,75,50,46,45,55,21,47,41,40,36,39,19,20,24,42,28,,54,88,52,31,31,48,36,53,,,25,29,25,39,90,46,47,33,51,41,43,58,151,15,11,45,54,,46,40,42,,,39,28,38,34,45,34,48,46,51,46,48,,24,33,47,48,41,60,33,22,50,51,34,,60,71,,64,69,47,42,,47,48,72,61,59,46,,46,6,5,7,12,13,5,10,,13,25,13,8,,,9,1,24,18,10,6,5,57,38,22,24,55,34,70,47,58,78,95,92,105,39,54,55,53,83,91,68,69,59,64,61,61,54,27,21,36,34,28,43,24,21,55,41,8,16,20,54,16,27,17,10,11,21,11,5,39,40,30,36,19,35,60,22,7,4,18,59,64,51,6,19,17,31,58,14,33,,41,14,20,32,14,48,44,60,67,58,53,54,63,60,47,31,44,49,28,17,17,19,23,9,32,,,47,37,50,26,27,18,22,39,44,,39,48,59,52,38,10,7,33,18,8,13,16,17,20,3,20,21,19,23,19,21,29,25,29,26,4,14,3,16,21,35,15,29,22,16,38,32,28,28,31,42,39,11,30,30,28,35,35,32,41,22,31,28,35,24,22,18,25,24,13,21,18,22,15,38,25,22,14,69,47,53,,43,62,50,53,,56,54,48,,48,49,42,38,45,29,50,43,51,39,67,62,46,,59,52,45,19,29,35,33,26,15,50,47,50,40,45,57,42,28,13,8,41,47,46,,29,31,,15,52,46,41,29,22,27,30,26,24,30,31,37,29,42,33,18,22,23,23,29,33,43,32,21,28,37,28,27,27,25,34,,,23,19,12,10,10,10,10,11,17,28,23,17,3,3,16,25,18,21,27,20,17,18,11,17,25,13,16,19,15,12,18,16,18,12,28,19,12,12,18,20,26,13,10,31,31,28,35,24,16,20,23,18,2,17,28,18,27,24,21,35,42,50,32,16,19,16,,22,35,54,37,45,47,23,4,11,25,,,33,,18,54,22,26,21,12,6,12,,,17,41,38,62,51,,21,15,37,15,,,,,2,18,22,15,12,10,26,,15,19,13,18,20,2,3,7,21,24,16,12,47,26,,6,6,8,12,28,,10,14,30,25,23,32,2,11,26,15,19,20,53,41,19,,2,,5,11,29,32,41,30,33,33,27,27,20,37,43,40,,,7,32,56,61,12,12,8,14,23,16,19,32,22,14,10,38,55,34,,42,38,22,,31,15,52,16,15,18,8,12,14,8,26,8,37,20,32,74,78,30,51,4,31,22,5,32,58,86,24,23,,84,66,75,45,39,42,8,3,28,43,40,34,67,14,22,39,74,65,56,62,77,45,54,79,43,31,72,61,36,12,26,41,41,50,30,29,37,35,34,20,79,94,15,50,16,32,59,64,33,51,51,7,51,33,55,6,53,53,15,68,62,67,31,29,62,61,57,60,55,47,26,41,43,,59,46,51,37,36,24,27,10,5,3,56,8,47,48,32,28,68,57,24,36,14,61,9,54,,56,28,36,34,36,39,45,8,83,32,63,25,37,38,37,46
20171215,3,NO2_24h,70,62,68,67,80,69,79,73,61,69,78,76,,,68,,64,70,68,,67,64,57,,63,63,,65,70,67,,54,63,52,64,65,69,71,69,70,48,58,65,,60,54,51,50,56,76,70,65,62,69,79,54,,60,60,57,56,58,59,64,56,71,78,,70,61,57,58,46,44,38,53,52,58,55,81,,81,82,83,81,83,83,86,47,46,51,59,48,53,49,45,53,72,77,,65,98,83,84,82,,90,75,45,60,56,39,55,20,71,61,31,65,62,54,56,60,23,33,55,51,57,57,66,30,,78,78,81,75,75,34,58,71,48,42,48,44,43,50,43,27,40,31,44,32,50,43,36,41,42,36,44,46,55,53,42,58,41,67,52,33,35,39,42,42,48,,,,57,52,,45,56,62,,36,24,26,,45,60,42,46,52,50,51,41,53,,,,47,40,,22,30,31,24,27,,32,29,25,32,32,34,30,40,,38,,43,43,52,56,75,25,66,54,60,72,58,47,66,47,47,66,58,63,,68,57,56,53,41,60,41,55,44,,,46,,39,48,,38,29,34,11,7,9,,46,44,34,28,26,28,31,40,47,34,28,21,36,27,42,52,37,32,21,,29,,43,29,9,23,,36,,28,33,42,48,27,,21,68,59,65,74,64,76,71,61,48,56,63,73,60,85,74,74,49,52,56,52,51,46,52,51,60,46,27,29,35,40,30,44,37,34,28,20,31,33,32,29,40,36,40,39,31,26,60,50,,53,46,60,39,47,35,49,29,,29,39,39,27,31,49,12,28,24,39,56,61,60,68,53,41,53,56,67,57,52,45,74,61,67,72,66,68,65,61,38,45,42,48,51,29,28,30,30,40,45,40,,41,35,41,47,26,19,38,38,44,6,6,10,10,15,32,,46,50,52,52,36,50,,,,41,53,47,51,44,,40,40,49,39,,,46,25,17,26,31,14,28,23,27,23,27,39,38,13,36,39,43,45,40,65,45,27,45,26,69,71,68,78,50,64,66,71,56,64,63,65,58,62,55,27,62,67,52,,57,33,28,,,,55,52,49,49,30,44,39,,14,40,33,33,42,40,37,38,34,38,39,15,34,30,33,44,49,46,39,43,38,49,45,42,43,41,68,88,69,71,23,21,28,34,87,88,57,64,60,,68,16,21,28,11,,56,,56,57,57,59,49,,51,39,,50,71,78,72,67,76,49,60,69,76,40,54,39,,15,45,54,56,49,50,,34,,45,,46,51,54,53,42,36,53,47,38,37,21,38,28,59,48,53,,30,37,32,24,37,27,18,11,25,23,34,25,23,27,24,20,26,33,21,23,26,29,30,40,17,23,16,31,25,22,55,52,49,33,28,,27,22,,32,31,37,,42,34,43,18,,,53,53,49,47,,43,41,56,39,33,50,,42,43,,40,,50,22,35,73,75,62,69,70,70,46,39,84,,86,83,87,71,85,80,55,66,63,38,49,33,83,55,53,58,61,54,42,67,67,66,65,67,53,36,61,51,47,,8,44,49,52,44,45,26,42,43,42,20,30,44,49,92,68,46,41,50,36,34,28,29,29,22,30,32,22,28,20,39,27,6,50,54,,50,33,48,45,49,55,52,,60,,50,57,51,49,50,57,47,52,48,45,45,39,43,,42,33,49,43,39,42,45,43,39,27,21,23,24,15,14,,30,,,20,33,30,18,16,19,37,21,34,18,22,16,22,10,32,25,23,29,17,10,12,21,35,38,28,45,40,44,42,53,35,68,51,70,40,45,47,37,53,41,,,56,28,37,43,38,27,24,29,33,38,32,32,25,25,,27,31,21,65,66,62,60,46,53,56,45,37,47,57,53,78,56,59,65,62,51,58,60,58,55,59,58,17,21,13,35,,34,34,27,31,28,25,5,44,16,46,50,39,41,53,54,54,54,44,75,58,51,65,42,33,36,41,19,42,37,36,33,49,20,19,37,43,32,,43,77,45,40,32,38,33,33,,,32,33,20,31,63,42,42,33,37,45,41,52,67,23,16,55,58,,42,44,43,,,59,41,39,37,46,36,50,47,48,46,49,,35,32,49,48,31,42,33,26,65,72,58,,77,80,,73,78,45,37,,43,42,70,67,67,47,,48,16,14,12,35,46,24,30,,22,28,26,42,,,23,19,30,20,16,16,10,48,58,52,55,52,89,113,78,79,46,65,59,92,47,53,62,57,71,77,53,60,53,60,57,57,50,28,21,32,32,27,46,22,28,46,38,7,16,27,38,9,27,23,32,16,38,30,2,20,39,20,40,17,64,43,46,19,21,36,63,67,44,8,22,30,40,47,18,34,,29,29,31,34,19,46,36,47,49,46,37,36,40,40,36,25,38,33,21,17,17,27,28,28,22,,,48,33,61,35,32,24,12,30,38,,29,37,57,45,28,22,9,20,19,9,18,20,21,19,3,17,18,20,22,21,24,35,34,37,32,7,7,5,22,22,32,23,38,32,23,37,30,32,33,30,31,35,18,40,41,27,36,36,39,48,29,35,32,41,35,31,26,34,34,14,24,22,23,19,33,22,26,29,68,49,55,,49,67,52,59,,61,58,46,,56,52,45,44,52,28,49,43,49,39,50,47,35,,62,57,47,31,39,39,31,32,27,47,50,48,46,48,61,50,40,25,20,51,55,54,,26,23,,24,43,42,39,25,26,28,27,36,24,30,31,36,29,45,34,29,30,32,30,35,30,43,32,25,29,38,31,31,33,30,41,,,24,32,14,16,16,16,20,19,20,32,31,22,6,21,25,25,17,27,31,26,22,39,17,17,26,11,19,22,18,14,23,27,26,22,27,19,12,21,20,14,19,10,12,27,38,43,41,29,29,30,30,26,18,27,37,25,37,33,27,35,50,54,43,19,31,32,,30,49,61,50,47,50,25,14,20,30,,29,36,,18,47,23,32,19,16,19,23,,,16,31,30,43,37,,35,30,44,18,,,,,6,22,30,28,19,16,28,,18,14,15,28,34,3,27,22,19,20,18,16,27,18,,9,8,15,17,26,,17,18,32,28,22,30,24,15,29,16,14,24,40,22,17,,6,,5,11,20,41,41,36,32,42,35,36,21,28,29,41,,,20,46,63,63,35,29,18,16,50,43,29,33,33,39,27,38,48,40,,44,48,39,,45,30,30,24,22,20,10,21,22,17,28,20,28,26,32,73,71,28,56,5,28,18,10,22,60,64,29,46,,67,42,64,51,52,51,10,4,37,28,34,25,51,29,34,49,67,68,65,65,81,36,57,78,38,30,71,47,39,15,21,50,41,57,44,32,30,29,36,40,73,67,28,43,15,36,45,71,37,46,61,52,45,47,41,19,53,49,23,46,49,55,26,38,70,37,52,47,59,57,53,49,45,,68,55,57,33,27,36,39,21,40,28,47,9,43,43,37,17,74,63,50,43,30,61,25,54,,49,24,27,26,28,24,42,46,62,49,67,28,31,36,30,51
20171215,3,O3,1,7,15,5,1,5,4,4,,9,4,,,,5,,10,7,4,,12,4,1,,,3,,5,3,6,,2,,19,8,8,12,12,8,11,11,7,9,,8,1,5,2,,14,2,11,15,13,6,54,,36,59,64,3,4,3,7,6,2,4,,3,2,4,9,5,7,8,5,3,6,2,6,,4,4,15,2,9,5,1,65,61,61,50,54,57,54,43,11,,5,,9,7,2,2,5,,10,44,34,58,50,39,60,34,22,34,42,19,14,6,13,10,18,19,17,24,28,41,19,81,,6,6,8,10,10,86,17,41,44,43,40,51,47,16,56,66,45,67,7,26,14,21,25,14,24,32,21,25,23,15,17,24,17,35,34,28,31,25,34,16,,,,,5,6,,6,4,11,,17,13,30,,20,15,12,26,14,25,17,16,5,,,,17,12,,43,16,11,43,42,,41,2,19,9,18,10,27,20,,3,,5,8,,3,9,16,1,1,2,2,2,2,3,3,1,4,3,2,,5,1,2,11,12,5,31,,,,,11,,3,5,,36,30,28,78,81,66,,1,1,12,17,11,7,7,11,12,19,26,32,24,27,49,14,21,25,50,,32,,29,31,48,61,,18,,27,17,20,15,31,,21,7,4,1,5,7,8,6,4,16,2,5,5,9,10,14,3,7,2,6,4,3,6,5,7,2,5,23,16,12,17,18,36,7,10,12,12,2,10,2,12,5,5,8,12,4,5,4,4,,5,5,4,12,7,7,4,18,,59,72,63,75,14,59,62,50,43,14,34,34,32,20,2,3,,,1,1,6,2,1,4,,2,2,2,2,1,6,4,8,4,,6,13,7,6,3,4,10,,8,7,5,7,19,30,9,11,6,67,79,48,59,55,19,,12,45,15,25,14,17,,,,51,19,39,15,26,,25,23,10,14,,,25,27,24,26,19,27,26,16,23,10,23,10,36,39,5,19,8,4,16,8,18,25,47,47,8,8,6,6,2,7,5,9,8,4,8,5,5,66,56,75,39,55,68,,34,59,41,,,,57,32,4,6,11,14,5,,27,8,7,10,8,6,3,5,4,2,4,28,4,9,11,57,59,50,60,56,45,59,38,37,41,50,31,20,17,20,26,41,24,19,11,14,11,14,6,,6,60,62,63,70,,5,,5,7,8,3,,,,4,,4,5,2,1,,4,20,30,,10,5,11,7,,31,23,37,28,28,5,,13,,9,,8,17,18,31,7,34,1,5,25,22,31,45,45,3,10,9,,28,21,29,24,20,52,62,54,47,55,43,49,44,41,44,45,42,33,33,17,7,4,5,3,66,61,60,14,12,15,3,7,9,10,9,,13,12,,28,23,38,,7,5,1,9,,,7,4,5,66,,38,47,54,49,36,37,,37,25,,5,,3,2,10,10,6,8,29,9,9,2,1,7,,18,28,11,8,15,22,23,5,28,14,17,14,15,4,20,17,14,2,6,9,4,15,8,7,13,45,13,12,39,,72,10,14,21,14,3,14,22,16,13,29,22,8,4,29,16,12,11,12,15,28,28,30,27,39,13,15,14,17,14,8,12,70,2,6,,6,4,2,,1,5,7,,,,,,,3,4,3,5,1,2,5,6,3,1,,,34,7,7,9,10,2,5,5,8,7,20,13,22,5,,11,,,8,26,28,29,33,20,16,9,18,8,23,21,15,18,8,33,11,7,12,56,57,10,17,7,6,19,22,10,16,18,20,8,14,7,5,15,11,15,9,34,,,49,17,11,20,13,45,21,40,56,55,48,39,20,20,,26,37,39,4,6,3,4,3,3,10,4,22,5,6,3,5,11,5,7,7,9,8,7,2,2,4,1,70,69,73,58,,11,85,67,71,30,23,27,55,12,51,48,199,10,4,5,8,3,4,9,30,6,6,9,4,14,8,18,10,7,1,37,24,39,50,38,3,25,,15,13,27,30,40,,18,22,,,49,50,32,10,5,,75,27,16,28,8,27,9,48,54,34,17,,44,3,2,,,22,19,4,2,3,8,3,6,6,8,5,,27,21,25,18,16,10,27,29,14,20,16,,14,5,,5,6,9,5,,10,5,3,9,9,13,,19,59,60,65,40,38,53,34,,58,32,72,70,,,48,62,24,38,84,86,87,6,20,33,26,13,27,8,13,8,15,16,8,5,5,12,4,4,10,14,8,3,20,12,9,6,12,24,27,9,14,37,13,18,46,20,27,51,56,52,7,41,38,58,58,66,31,35,27,23,17,34,22,60,27,1,36,59,58,56,21,22,14,44,25,56,52,5,34,37,,9,23,26,25,18,5,10,6,36,2,25,24,16,3,33,25,21,34,23,24,29,37,33,27,8,,,11,16,17,29,19,33,30,24,13,,25,30,59,29,42,66,64,28,62,64,33,35,35,28,81,24,28,19,26,31,25,13,15,9,12,25,23,32,32,26,5,1,2,2,14,7,9,11,10,10,4,11,10,11,7,14,16,5,10,6,13,12,8,11,21,19,19,14,19,17,15,15,14,17,12,11,9,13,5,10,4,,7,3,3,6,,10,4,2,,,4,11,,2,1,11,9,5,14,1,7,7,,2,2,,10,8,4,2,7,43,7,5,2,3,4,3,8,18,22,25,16,15,12,,10,16,,23,2,1,2,4,10,13,8,2,7,,1,2,2,2,2,17,17,18,12,11,6,3,5,18,19,18,6,,5,1,11,,,8,8,33,27,27,24,26,22,17,12,17,20,21,24,20,16,21,9,1,31,29,34,25,23,7,22,15,12,18,16,19,16,16,14,11,7,25,30,19,12,8,21,23,34,28,32,24,44,40,40,46,19,23,23,22,25,24,26,19,33,15,19,18,36,33,31,,26,39,36,18,43,63,64,79,44,84,,13,5,,25,30,28,23,28,25,24,25,,,43,35,8,3,5,,26,30,45,43,,,,,29,25,23,28,2,16,18,,33,23,30,30,39,89,100,95,16,9,31,19,4,3,,52,55,40,39,6,,66,60,12,3,14,8,65,72,4,19,34,53,2,17,17,,70,,65,55,6,11,6,6,29,35,38,49,21,6,2,8,,,70,30,3,15,78,67,71,56,83,74,53,34,68,73,49,32,15,39,,3,6,50,,82,47,29,56,57,74,54,38,48,79,57,75,45,72,42,4,3,23,24,77,32,32,47,18,31,10,54,62,,3,24,39,12,14,14,36,65,116,13,17,18,11,60,31,4,2,4,4,2,12,7,8,9,17,29,8,2,17,35,22,11,15,3,24,24,4,3,49,58,7,5,29,4,26,2,19,1,33,,,44,14,31,17,21,,,34,1,,14,13,6,14,1,7,8,12,25,35,24,11,,,3,10,9,36,27,23,64,68,54,4,50,3,2,20,17,,2,47,13,13,,40,2,,1,2,1,2,1,3,36,56,8,38,2,6,6,8,8,7
20171215,3,O3_24h,24,15,24,29,16,25,16,20,14,11,24,16,,,32,,35,32,29,,38,32,52,,40,35,,25,19,13,,15,9,35,32,36,31,31,33,37,62,43,38,,46,40,61,47,38,42,26,30,39,39,28,54,,36,59,64,23,23,29,18,24,23,20,,18,41,52,52,26,42,41,23,22,24,29,13,,15,16,32,8,15,9,11,65,61,61,50,54,57,60,43,42,31,29,,27,12,13,13,10,,78,46,46,58,63,64,60,72,66,43,76,42,35,21,49,41,87,73,63,61,58,87,70,105,,43,46,39,44,42,90,56,74,61,60,61,62,69,58,66,75,72,71,64,63,66,57,56,60,66,62,64,47,49,34,42,49,36,47,54,69,67,62,59,68,37,,,,29,32,,35,30,37,,55,54,75,,42,54,47,51,38,46,51,45,52,,,,40,61,,78,72,73,61,64,,56,55,65,57,58,54,63,63,,123,,35,42,30,23,25,67,10,29,19,18,15,13,38,38,54,35,55,45,,12,40,31,32,51,37,52,39,37,,,55,,40,41,,57,76,63,83,88,71,,40,42,31,51,50,29,31,43,36,34,44,57,39,57,69,24,46,47,85,,70,,78,62,55,79,,24,,35,38,23,29,40,,37,18,6,2,48,7,11,9,10,54,44,32,58,46,27,50,17,57,20,24,21,19,18,24,24,20,25,25,22,18,21,20,36,14,14,28,37,10,17,10,21,11,13,14,19,12,12,17,28,,26,38,32,34,25,37,35,37,,92,91,71,86,130,111,87,83,63,105,147,112,146,92,29,32,24,38,37,24,28,26,47,62,67,68,41,42,38,44,48,45,39,52,44,55,49,53,66,85,22,33,,36,21,20,12,33,38,36,24,22,72,100,52,59,63,47,,39,45,33,25,50,21,,,,51,24,42,28,36,,39,52,41,36,,,42,76,33,34,30,34,31,21,33,33,32,92,97,97,89,92,85,78,112,109,114,100,108,116,14,14,11,8,7,9,12,12,28,12,19,7,15,66,56,80,68,55,94,,58,104,70,,,,80,48,32,35,53,39,42,,56,17,10,16,16,16,9,11,11,6,8,59,9,18,18,61,69,52,63,56,46,64,62,56,64,64,34,28,18,20,56,54,52,53,45,79,42,54,20,,20,82,80,73,87,,33,,26,29,30,19,29,,29,31,,9,20,20,15,20,23,34,30,23,26,66,136,48,,67,59,57,41,59,47,,53,,48,,44,44,41,131,33,45,28,49,52,59,57,68,59,31,47,39,,51,34,45,40,38,91,113,110,87,97,98,97,97,93,101,99,92,86,73,81,76,65,62,48,92,92,86,40,44,39,63,66,65,50,49,,81,96,,105,115,112,,27,31,28,67,,,28,26,22,66,,38,47,54,49,58,58,,56,50,,34,,33,42,36,27,29,32,46,24,52,5,8,18,,29,31,21,35,63,22,30,27,38,56,39,58,31,32,27,21,33,12,32,26,30,35,26,32,71,66,55,69,72,,88,50,49,53,40,50,61,46,57,60,77,52,42,42,41,30,41,42,41,42,59,58,64,58,118,30,42,41,43,70,43,38,95,18,27,,36,16,16,10,37,32,44,,17,,13,13,18,12,14,14,17,15,19,17,22,24,15,,18,46,22,16,31,20,14,28,23,17,16,25,58,33,23,,23,,,25,33,48,39,39,51,50,46,50,22,35,33,29,35,23,41,18,12,36,58,63,44,36,34,40,22,22,14,16,18,107,86,89,94,91,15,12,15,9,53,,,49,45,41,39,45,64,51,52,61,59,61,72,47,50,,41,79,93,17,15,17,19,14,12,30,24,44,46,29,33,13,18,18,14,17,17,16,18,13,9,13,17,93,93,97,77,,70,85,89,71,57,45,37,60,59,72,84,199,83,39,18,27,50,50,36,43,44,60,65,52,57,53,60,53,41,1,66,50,57,74,55,62,58,,47,44,62,38,54,,50,61,,,66,66,69,63,61,57,101,64,60,58,46,64,47,65,75,39,41,,80,46,49,,,42,44,11,54,30,45,32,23,28,23,16,,83,93,48,42,49,46,47,37,18,20,16,,23,17,,21,20,36,31,,36,28,14,19,17,42,,48,90,91,93,40,38,53,35,,81,53,80,70,,,54,62,50,52,105,100,99,69,40,49,38,54,31,20,21,16,29,42,33,26,15,28,14,12,55,56,53,44,57,15,25,40,37,60,60,31,48,97,80,79,69,64,68,76,79,69,72,78,67,62,58,152,60,68,66,73,87,76,61,79,52,60,46,76,71,80,44,59,56,53,71,60,64,59,62,73,,48,39,52,52,48,53,49,56,66,63,65,54,61,57,76,79,28,78,89,51,52,66,69,83,55,,,64,71,62,42,38,52,55,51,47,,63,64,68,54,61,79,79,85,87,78,57,58,58,53,88,54,61,56,47,52,51,45,43,49,43,33,36,33,35,33,28,6,10,10,32,20,22,24,22,18,29,35,33,29,24,34,63,25,30,20,23,21,14,19,39,40,42,39,32,26,21,21,21,25,34,28,31,39,39,38,40,,17,25,10,17,,23,17,11,,9,12,20,7,9,19,29,25,24,31,53,46,45,,8,8,5,19,14,22,26,21,46,33,23,25,14,12,13,13,19,25,27,27,30,30,,29,32,,25,14,16,16,21,40,39,41,43,42,13,10,6,8,9,11,23,21,18,16,18,13,9,10,18,19,29,15,6,14,4,18,,,17,18,40,36,35,32,41,34,23,17,21,20,25,32,31,48,53,37,46,45,48,52,41,47,29,44,33,30,30,39,38,35,36,20,25,22,36,38,37,28,26,53,48,56,39,37,33,61,42,52,63,29,31,32,31,41,45,46,38,54,26,36,33,55,48,40,,40,48,65,55,66,83,118,97,158,136,,30,27,,40,44,37,29,41,74,90,73,,,81,132,74,82,82,,41,35,53,55,,,,,47,40,55,59,5,17,38,,42,90,84,43,54,108,103,96,79,91,93,71,74,69,,65,64,62,51,89,,84,106,73,78,49,76,120,116,70,88,121,116,95,111,75,,80,,73,72,52,62,43,46,66,50,50,57,39,35,44,18,,,80,30,17,29,98,98,82,77,95,79,86,82,87,79,60,61,43,54,,46,35,82,,102,76,94,132,95,86,81,66,74,98,96,93,96,95,65,41,58,69,73,88,42,45,55,37,83,58,72,103,,70,99,82,24,20,88,88,65,116,43,39,57,78,75,59,28,31,35,25,10,23,36,40,69,56,77,56,39,52,66,62,45,51,8,34,39,75,73,77,58,100,31,41,52,46,25,80,20,84,28,23,44,50,58,66,21,29,36,66,39,62,51,60,30,38,48,29,53,29,31,37,42,43,,23,20,28,49,102,48,25,64,68,54,45,66,21,27,38,49,34,20,49,47,22,23,43,29,,43,43,40,42,37,79,90,56,44,38,13,38,17,81,19,42
20171215,3,O3_8h,1,5,14,5,2,4,3,4,,9,5,,,,5,,15,9,4,,7,2,3,,,3,,6,4,6,,2,1,16,8,8,11,12,8,11,10,8,9,,8,1,5,2,,13,2,10,15,13,6,52,,35,56,63,3,4,3,7,6,2,4,,3,2,5,9,4,8,6,5,3,7,3,6,,4,4,15,2,10,5,2,59,53,53,46,48,56,56,42,11,,6,,10,7,4,4,5,,8,43,41,56,51,49,59,51,15,25,52,22,18,6,15,12,20,23,16,23,24,38,23,78,,6,7,8,9,9,88,17,43,40,42,38,51,40,11,46,58,45,57,13,29,19,26,30,18,23,36,21,16,15,13,18,16,14,27,30,20,29,24,22,11,,,,,4,6,,8,5,13,,14,12,25,,23,13,15,30,13,24,18,12,12,,,,17,11,,39,16,14,38,39,,39,6,24,9,20,6,22,20,,2,,3,8,,3,9,16,1,1,2,2,2,3,3,4,2,4,3,2,,6,1,2,11,17,6,20,1,1,,,8,,4,7,,34,30,21,79,82,61,,1,1,16,22,14,6,5,17,12,18,25,33,24,26,47,15,20,27,48,,46,,29,31,47,63,,14,,28,18,20,13,32,,21,10,4,1,5,7,8,6,4,12,2,4,5,9,9,15,3,7,2,7,4,2,6,5,7,2,5,21,14,9,15,14,22,7,9,9,12,2,10,2,12,5,5,8,12,4,5,3,3,,5,5,4,15,5,6,4,17,,54,73,62,61,11,50,65,30,50,13,29,34,34,23,2,3,,1,1,1,6,2,1,4,5,2,2,2,2,1,6,5,8,10,,9,12,15,6,4,6,10,,11,7,5,5,18,30,4,10,6,64,81,50,56,58,34,,27,33,25,20,20,19,,,,38,20,40,23,26,,30,15,13,10,,,17,33,24,26,20,27,21,12,23,9,22,12,34,41,5,9,8,5,15,10,16,21,36,50,8,8,6,6,2,7,5,8,8,4,8,5,5,39,29,76,15,33,73,,39,70,58,,,,36,14,4,6,11,11,7,,41,8,7,10,8,7,3,5,4,2,4,35,4,9,10,54,54,50,59,53,46,52,29,37,42,40,33,21,17,19,34,34,23,25,10,13,11,15,7,,5,60,60,59,69,,5,,5,4,8,3,,,,10,,5,5,2,1,1,3,11,27,,10,8,11,6,,32,23,31,17,23,6,,15,,11,,9,18,18,31,12,26,1,6,27,20,37,39,34,3,10,9,,30,25,29,24,18,50,61,54,43,52,47,45,40,39,41,40,37,33,33,28,15,5,5,3,69,71,66,14,11,14,6,9,10,12,6,,13,17,,35,34,35,,6,7,2,16,,,8,8,5,61,,34,45,50,44,30,35,,31,19,,6,,3,3,10,10,6,9,31,10,9,2,2,5,,24,28,11,22,37,19,26,5,25,15,17,15,16,4,20,18,14,3,6,9,4,15,8,7,14,49,12,15,43,,73,9,13,20,8,4,14,18,16,15,34,26,7,3,16,13,11,13,11,16,26,26,30,26,43,13,16,16,18,16,6,14,82,3,6,,6,5,2,,1,5,7,,,,,,,3,4,3,5,1,2,5,8,3,1,,,34,7,7,10,10,3,5,8,7,8,20,14,21,5,,9,,,9,30,41,32,33,23,16,9,18,8,24,21,16,19,10,35,12,8,13,54,54,11,18,8,8,20,20,12,15,17,19,8,11,7,7,9,10,10,6,35,,,48,19,13,20,20,42,22,36,51,54,43,42,22,20,,23,38,39,4,5,3,5,4,3,11,4,17,6,6,4,5,11,6,7,7,9,9,8,2,2,4,1,71,66,73,46,,25,77,69,68,19,13,27,53,13,48,52,187,11,4,9,17,4,4,4,22,6,4,7,4,14,9,22,8,8,1,33,23,42,52,36,2,25,,17,14,27,29,39,,17,26,,,53,48,34,15,6,4,77,24,20,28,9,24,8,47,53,30,24,,46,3,5,,,22,21,4,2,4,6,3,6,6,8,5,,23,31,19,9,13,9,16,28,14,17,9,,15,5,,5,6,11,7,,10,5,4,9,8,14,,18,60,60,67,33,29,47,34,,60,35,68,67,,,52,62,18,28,87,90,90,9,12,23,14,14,25,8,13,7,14,15,8,5,6,12,4,4,10,15,7,3,22,7,9,6,12,24,30,10,14,38,14,22,40,19,28,50,57,53,7,36,38,58,51,63,27,34,29,37,9,33,15,61,14,1,33,59,57,54,20,18,10,44,25,54,50,4,31,40,,13,23,22,25,18,5,12,7,32,4,35,24,17,2,35,24,22,33,23,24,30,40,33,49,9,,,14,19,20,33,22,31,29,26,15,,25,35,58,28,42,64,64,31,61,63,31,33,32,25,81,32,30,21,23,26,24,15,10,9,20,23,23,31,33,28,5,1,2,2,14,7,8,7,7,6,4,12,12,12,9,15,17,7,10,7,10,9,8,8,15,16,14,10,15,16,15,15,14,17,13,12,10,14,5,10,4,,8,3,3,6,,10,4,2,,,4,12,,2,3,12,10,5,14,4,8,9,,2,2,,8,6,3,2,6,38,7,6,2,3,4,3,6,18,23,26,12,11,8,,10,14,,24,2,,2,3,7,13,9,3,8,,2,2,1,2,3,13,10,9,10,7,8,4,6,16,18,19,6,1,5,1,10,,,8,6,31,26,26,23,24,24,17,13,15,19,19,21,16,17,22,8,3,33,31,36,26,25,8,22,15,11,17,13,21,11,20,14,11,6,23,29,17,10,9,22,22,33,30,35,27,37,32,39,33,20,24,25,24,25,22,24,18,34,16,22,20,40,35,31,,28,38,34,17,46,63,78,70,43,68,,10,5,,28,34,32,26,31,23,21,19,,,46,45,8,4,4,,25,25,41,38,,,,,28,23,21,25,3,15,16,,34,26,28,29,41,91,100,95,15,8,30,21,14,3,,49,51,40,38,5,,65,64,10,4,14,9,54,72,3,13,44,58,3,16,15,,69,,68,60,10,9,6,8,24,30,35,41,26,13,10,6,,,70,30,3,15,75,65,62,65,79,71,45,21,67,74,50,30,16,37,,4,6,51,,87,48,54,76,61,79,55,43,48,77,66,77,36,76,45,5,3,16,9,78,35,35,51,13,19,10,44,41,,4,30,36,9,9,12,34,65,108,17,9,25,11,58,29,3,2,3,5,2,12,10,8,8,14,26,8,5,16,35,22,11,18,3,18,23,5,3,43,34,8,5,31,4,26,2,22,1,34,3,,40,12,27,18,21,,,30,1,3,15,10,5,15,1,6,19,10,28,35,21,11,,4,3,10,10,27,31,23,61,65,52,4,45,3,2,17,26,,3,45,18,7,,40,2,,1,1,2,3,1,7,43,54,8,38,2,10,4,7,8,7
20171215,3,O3_8h_24h,1,5,14,5,3,4,3,5,,9,5,,,,5,,17,10,4,,7,2,4,,,3,,6,4,7,,2,2,16,8,8,11,12,8,11,10,8,10,,9,1,5,2,,13,2,10,15,13,6,52,,35,56,63,3,5,3,8,6,3,4,,4,4,7,9,4,8,6,5,3,7,3,6,,4,5,15,2,10,5,2,59,53,53,46,48,56,58,42,11,,7,,11,7,5,5,6,,8,43,45,56,52,61,59,60,15,25,59,24,20,6,16,14,25,26,16,23,24,38,30,81,,7,7,8,9,9,90,17,46,40,49,45,51,40,11,46,58,56,57,25,31,25,30,34,24,23,38,23,16,15,13,20,16,14,27,30,20,29,24,22,11,,,,,4,6,,10,6,14,,14,13,25,,27,16,19,36,13,24,27,12,16,,,,20,11,,39,16,20,38,39,,39,12,30,9,22,6,22,20,,2,,3,8,,3,9,16,2,1,2,2,2,4,3,5,2,4,3,2,,9,1,2,12,22,7,20,3,3,,,9,,5,10,,34,30,21,80,82,61,,1,2,20,25,16,7,5,20,15,18,25,35,24,27,47,17,20,30,48,,53,,39,31,47,66,,14,,29,19,20,13,32,,21,12,4,1,5,7,8,6,4,12,2,4,5,9,9,15,4,7,2,7,4,2,6,5,7,2,5,21,14,9,15,14,22,7,11,9,14,2,10,2,12,5,6,8,12,4,5,3,3,,5,5,4,16,5,6,4,17,,80,74,62,61,11,50,66,30,61,13,29,34,35,25,2,3,,1,1,1,6,2,1,4,5,2,2,2,2,1,6,6,9,16,1,12,13,21,7,4,9,10,,15,8,5,5,18,30,4,10,6,64,82,51,56,59,45,,39,33,30,20,30,21,,,,38,24,40,28,26,,32,15,16,10,,,17,37,24,26,20,28,21,12,23,9,22,15,34,42,5,9,9,6,15,12,16,21,36,62,8,8,6,6,2,8,5,8,8,4,8,5,5,39,29,76,15,33,78,,43,81,68,,,,36,14,5,6,11,11,8,,48,8,7,10,8,7,4,5,4,2,4,46,4,9,10,54,54,51,59,53,46,52,29,46,49,40,34,23,18,19,38,34,23,28,10,13,11,16,9,,5,61,60,59,69,,5,,6,4,8,3,,,,15,,5,5,3,1,2,3,11,27,,10,11,11,6,,33,23,31,17,23,6,,17,,14,,10,22,18,31,23,26,1,6,28,22,46,39,34,3,10,9,,31,27,29,24,18,50,61,54,43,55,51,45,40,39,41,40,37,35,33,41,35,6,6,3,71,78,71,14,11,14,7,12,13,14,6,,18,19,,39,48,35,,6,8,2,20,,,8,10,6,61,,34,45,50,44,30,35,,31,19,,6,,3,3,11,11,6,10,34,10,10,3,3,5,,29,28,11,35,63,20,28,5,25,15,18,17,18,5,20,18,15,3,6,10,4,15,8,8,15,52,12,18,44,,75,9,13,20,8,5,14,18,16,16,36,28,7,3,16,13,11,15,11,17,26,26,30,26,48,13,16,18,20,18,6,16,88,5,6,,7,5,3,,2,5,7,,,,,,,3,4,3,5,1,3,5,14,3,2,,,34,7,7,10,11,4,5,10,7,8,21,14,21,5,,9,,,9,32,48,34,34,26,16,9,18,9,25,22,17,20,12,38,12,10,14,54,54,16,18,10,11,22,20,13,15,17,20,8,11,7,11,9,10,10,6,35,,,48,25,16,22,24,42,23,36,51,54,43,47,25,20,,23,38,40,5,5,3,5,4,3,11,5,17,8,6,5,6,12,6,8,8,9,10,8,2,2,4,1,72,66,74,46,,32,77,70,68,19,13,27,53,13,48,54,187,11,4,18,27,6,4,4,22,6,4,7,5,17,10,26,8,8,1,33,23,44,53,36,2,25,,18,14,29,29,39,,18,31,,,60,48,36,20,9,7,81,24,28,31,12,24,9,48,53,31,29,,54,3,8,,,26,22,4,2,5,6,3,6,7,8,5,,23,36,19,9,13,9,16,28,14,17,9,,15,5,,6,6,13,10,,10,6,6,10,8,15,,18,61,60,68,33,29,47,35,,61,37,68,67,,,54,62,18,28,89,92,92,13,12,23,14,15,25,9,13,7,14,15,8,5,6,12,4,4,10,16,7,3,24,7,9,6,12,25,32,11,15,41,18,26,40,19,28,51,57,54,8,36,39,58,54,63,27,35,31,44,9,33,15,65,14,1,33,60,57,54,20,18,10,44,31,56,50,4,31,42,,18,23,22,25,18,6,15,10,32,7,53,26,18,2,36,24,22,34,24,25,33,42,34,70,13,,,18,22,24,35,25,31,31,27,16,,26,40,58,28,42,64,64,36,62,63,31,33,32,25,82,36,37,22,25,26,27,17,10,11,26,24,24,31,33,30,5,1,2,2,14,7,8,7,7,6,4,13,13,13,13,16,18,9,11,7,10,9,8,8,15,16,14,10,15,16,15,15,14,18,13,12,10,14,6,10,4,,8,3,4,6,,10,4,2,,,4,13,,2,4,13,11,6,14,8,11,13,,2,2,,8,6,3,3,6,38,7,7,2,3,4,3,6,18,23,27,12,11,8,,10,14,,24,2,,2,3,7,15,12,4,9,,2,2,1,2,3,13,10,9,10,7,10,4,6,16,18,19,6,1,6,1,10,,,9,6,31,26,26,23,24,25,18,14,15,19,19,21,16,19,22,8,4,36,34,39,28,26,10,22,16,11,17,13,22,11,22,14,11,6,23,29,17,10,10,24,22,33,33,37,29,37,32,39,33,23,27,28,26,26,22,24,19,34,19,32,21,44,36,32,,30,41,34,17,54,63,84,70,43,95,,10,5,,31,39,36,28,35,23,21,19,,,49,53,8,4,4,,25,25,41,38,,,,,29,23,22,25,4,15,16,,34,28,28,33,42,92,100,95,17,8,32,22,32,3,,49,51,40,38,6,,65,68,11,4,14,10,54,73,4,13,52,69,6,16,15,,69,,69,63,12,9,6,9,24,30,35,41,28,19,20,6,,,71,30,3,15,75,66,69,72,79,71,45,21,67,75,52,30,20,37,,4,6,52,,92,49,77,96,65,82,58,46,48,77,77,80,36,78,50,5,4,16,9,78,36,40,55,13,19,10,44,41,,6,39,36,9,9,12,34,65,110,20,9,29,11,58,29,3,2,3,7,2,12,14,8,8,14,26,8,10,16,37,22,11,20,3,18,23,6,3,43,34,9,5,33,4,27,2,23,1,39,7,,40,12,27,19,21,,,30,1,10,15,10,5,16,1,6,30,10,30,35,21,11,,9,4,10,13,27,33,23,61,65,52,4,45,3,2,17,33,,3,45,21,7,,40,2,,1,2,3,4,3,14,61,54,8,38,2,15,4,7,8,7
20171215,3,CO,2.1,1,1.6,2.1,2.3,2.5,2.2,2.2,2.1,2.8,2.2,2.7,,,2,,0.9,1.4,1.6,,1.8,1.3,1.4,,1.5,1.4,,1.7,2.1,2.2,,2.1,1.6,1.7,1.7,2.4,1.6,1.9,2,1.6,3.1,3.6,2.3,,2.8,1.9,2.3,1.9,2.1,2.3,2,2.4,2.7,2.8,1.8,0.3,,0.2,0.5,0.8,2.4,2.7,2.7,3,2.1,1.7,1.5,,1.2,1.5,1.1,1.1,1.8,1.7,1.7,2.4,2.2,2.5,2.6,3,,3.2,3.6,3.2,3.2,3.2,3,3.2,1.1,0.5,0.5,,0.5,0.5,0.4,0.9,3.7,3.5,3.8,,3.9,3.5,3.7,3.3,3.6,,3.3,0.9,0.8,1,1,1,0.8,1,1.2,1,0.7,1.4,1.5,1.5,0.8,1,1.5,1.2,1.2,1.3,1.3,0.9,1.3,1.1,,0.3,1.3,0.6,1.1,1.1,0.8,1.2,1.6,0.3,0.7,0.7,0.5,0.7,0.9,0.7,0.5,0.5,0.4,0.4,0.7,0.3,0.8,0.6,0.9,0.5,0.1,0.5,0.8,0.8,0.8,0.5,0.7,0.6,0.2,0.7,0.7,0.6,0.8,0.7,0.6,1.6,,,,1,1,,1.1,0.8,0.9,,0.6,0.3,0.5,,0.6,0.9,1,0.8,0.9,0.8,1,0.9,1.3,,,,0.8,0.6,,0.1,0.3,0.6,0.8,0.5,,0.5,0.6,0.7,0.5,0.3,0.6,0.8,0.5,,0.7,,1.5,1.3,1.1,1,1,0.7,0.6,1.1,1,0.8,0.9,0.6,0.6,0.6,1,0.8,0.8,0.7,,0.6,0.9,0.6,0.4,0.4,0.4,0.6,0.7,1,,,0.7,,0.8,0.6,,0.6,0.7,0.7,0.6,0.6,0.6,,0.8,0.8,0.6,0.6,0.8,0.8,0.8,0.8,0.6,0.5,0.9,0.5,0.6,0.5,0.5,0.6,0.4,0.4,0.6,,0.8,,0.6,0.4,0.3,0.4,,0.7,,0.7,1,0.7,0.9,0.8,,1.3,1.6,1.8,2.2,1.8,2.3,1.9,2.2,1.5,1.7,1.5,0.9,1.1,1.1,0.8,1,1,1.7,1.2,1.3,1.5,1.6,1.7,1.2,1.8,1.2,1.9,0.7,0.7,1,0.7,0.6,0.8,0.7,1,1,1.1,1,0.9,0.9,0.9,1,0.9,0.9,1.1,1.1,0.7,1.2,1.2,,0.8,1,1,0.8,1,0.9,0.9,0.9,,0.7,0.6,0.6,0.6,0.7,0.6,0.6,0.8,0.6,0.8,1,1.3,1.1,1.2,0.9,1.3,0.9,1.3,1.1,1.1,1.2,1.1,1.4,1.3,,1.4,1.2,1.2,1,1.1,1,1,1.1,1.2,1.1,1.3,1,1.3,1.2,1.1,1.1,1.3,,0.7,0.9,1.3,1.3,1.4,1.2,0.8,1.1,1.5,0.4,0.4,0.3,0.4,0.5,0.8,,1,0.5,0.7,0.9,0.8,0.8,,,,0.7,0.8,0.6,0.8,0.8,,0.7,0.7,0.8,0.7,,,0.7,0.7,0.8,0.7,0.9,0.8,0.5,0.8,0.8,0.8,0.9,1.1,0.9,0.9,1.5,0.7,1.1,1,1.3,3.5,1.8,0.5,0.5,0.4,2,2.6,2.1,1.4,1.7,1.7,1.8,2.3,2.6,1.7,1.9,2.3,2,0.5,0.8,0.6,0.6,0.8,1,,1.3,1.4,0.7,,,,1.1,1.1,1.3,1.7,1.6,1,1.3,,1.4,0.8,0.9,0.8,1,0.9,0.8,0.8,0.7,0.8,0.8,0.7,0.6,0.9,1.5,0.3,0.5,0.4,0.3,0.3,0.2,0.4,0.6,0.6,0.8,0.6,,0.3,0.8,0.1,1.1,0.7,1,0.9,4,4.8,2.3,3.4,2.7,,3.4,0.4,0.6,0.4,0.6,,2.6,,1.4,1.2,1.3,1.8,2.1,,2.3,1.4,,1.1,2.9,2.3,2.6,2.6,3.6,1.9,2.1,4.9,3.9,1.3,1.2,1.1,,0.7,0.8,1,0.6,1,1.7,,1.2,,1.6,,1.2,1,1.3,0.8,1.8,1,1.7,1,1.1,0.9,0.6,0.6,0.4,1.9,1.2,1.4,,1,0.9,0.9,1.1,1.3,0.8,0.7,0.7,0.7,0.6,0.7,1,0.9,1,0.9,0.8,1,0.8,1.3,1.3,1,0.9,1.1,0.9,0.8,0.8,0.6,1.1,0.9,1,1,0.9,1.1,1.1,1.1,,0.8,0.8,,0.9,0.9,1,,0.8,0.9,0.7,1.3,,,2.7,1.7,2.6,0.9,,0.1,1.2,0.7,1,1.3,1.4,,1.5,1.5,,3.6,,2.7,3.4,3.4,2,1.2,2.3,4,2.1,1.9,3.4,1.5,2.2,,1.6,1.7,3.1,2.7,4.2,1.2,0.9,2.3,2.1,1.3,1.6,1.3,2.9,4.6,5.8,4.6,2.6,3.1,2,2,2.4,1.9,1.8,1.8,1.6,0.9,2.2,2,1.2,,0.8,1.1,1.2,1.2,1.3,1.5,1.1,0.8,1.2,1.6,0.8,1.3,1.1,1.8,0.7,1.2,0.6,0.8,0.6,0.7,0.4,0.5,0.8,3.7,0.6,0.6,1,0.5,1.1,1,0.6,0.5,0.3,1.7,1.3,,1.4,1.5,1.7,1.5,2.3,2,2.1,,2.1,,1.6,1.5,1.4,1.9,2.1,1.6,2.7,1.6,1.7,1.7,1.6,1.6,1.8,,1.4,1.4,1.1,1.4,1.6,1.1,1.2,1.4,1.4,1.3,1,0.9,1.1,1.1,1,,1,,,1.5,1.5,1.5,1.2,0.9,0.9,1,0.9,0.9,0.8,0.7,1.3,1.1,0.9,1.1,2,1.2,1.3,1.2,0.5,0.5,0.8,0.7,1,1.2,,0.8,1,0.8,1.1,1,6.2,1.7,1.9,3.1,0.7,0.6,0.5,0.4,0.8,,,0.6,0.8,0.6,0.8,0.7,0.8,0.8,0.7,0.6,0.7,0.7,0.9,0.6,1,,0.8,0.8,0.8,2.1,2.1,1.6,1.8,2,2.7,1.8,2.2,1.8,2,2.9,2.5,1.6,2.2,2,2.3,1.5,2.4,2,2.5,1.7,1.5,1.4,1.7,0.4,0.4,0.2,0.6,,1.6,0.1,0.3,0.3,0.6,0.7,0.5,0.8,1.2,2.3,3,1.5,1.3,1.6,1.9,1.6,1.9,1.4,1,1,1.6,1,1.2,1,1.4,1.2,1.3,1.8,2.3,2.1,1,0.9,1.1,1.2,0.7,1.5,1.4,,0.9,0.9,1,0.4,0.3,0.6,0.7,0.6,,0.2,0.2,0.8,0.6,0.6,1.5,0.8,0.5,0.9,0.9,1.1,1.1,0.4,0.6,0.3,0.3,0.4,0.4,,0.7,0.4,0.4,,,1.2,0.8,0.7,1.5,1.9,1.6,1.5,1.5,1.5,1.5,1.3,,0.6,0.6,1.7,1.5,1.7,2.2,1,1,1.3,1.4,1.6,,1.4,3.5,,2.5,3.3,2,2.2,,1.7,1.6,3.4,3.3,3.9,2.3,,2.2,0.6,0.2,1,0.9,1.1,0.4,0.4,,0.6,0.5,0.3,0.2,,,0.4,0.2,1.5,0.4,0.4,0.4,0.2,1.2,1,1,0.9,1.5,1.3,2.2,1.4,5,2.8,2.2,2.5,1.9,2.5,2.4,3,2.5,1.5,2,2.4,2.3,1.6,3.6,3.4,2.1,2.1,0.8,1.1,1.5,1.3,1,0.9,1,0.6,1.9,2.9,1.2,2,0.9,4.9,0.3,1.4,0.5,0.4,0.4,0.4,0.4,0.2,1.5,0.8,0.8,1,0.3,1.6,1.6,0.5,0.7,0.5,0.6,1.5,1.3,0.9,0.7,0.4,0.5,0.4,0.4,0.4,0.4,,0.6,0.4,0.3,0.4,0.5,0.8,0.8,1.1,0.7,0.7,0.7,0.9,0.6,0.7,0.5,0.6,0.6,0.6,0.6,0.6,0.5,0.4,0.3,0.4,0.8,,,0.8,0.9,0.9,0.5,0.5,0.6,0.5,1.1,0.7,,0.7,0.7,0.6,0.6,0.6,0.5,0.5,0.6,0.5,0.5,0.5,0.6,0.5,0.5,0.5,0.4,0.6,0.4,0.5,0.3,0.5,0.5,0.5,1,0.7,0.2,0.5,0.5,0.7,0.4,1.4,1.1,1,0.9,1,0.6,0.5,0.4,0.6,0.6,0.4,0.3,0.6,0.5,0.7,1.4,1.5,1.4,1.2,1.6,0.6,0.6,0.7,0.7,0.5,0.6,0.8,0.8,0.7,0.6,0.4,0.5,0.7,0.3,1.1,0.9,0.8,1,2.4,2,1.8,,1.8,1.7,1.7,1.9,,1.9,1.8,1.7,,1.8,1.4,1.4,1.3,1.7,1.8,1.4,1.6,1.6,1.7,1.8,1.5,1.2,,1.3,1.2,1.3,0.6,0.6,0.7,0.9,0.7,0.9,1.3,1.5,1.4,2.2,1.5,1.2,1.2,0.8,0.9,0.6,1,1.3,1.2,,1.1,1.3,,0.1,1,1.5,1.6,1.4,1.1,1.2,1.1,1.2,1.2,0.7,1.2,1.4,0.9,1.1,1.4,0.8,0.9,0.8,0.8,0.9,1.5,1.9,1.6,1.6,1.4,1.1,1.2,1.3,1.1,1.4,0.8,,,0.6,0.8,1.1,1.5,0.8,0.6,0.5,0.4,1.2,1.2,1.6,1.6,,,,1.2,0.8,0.8,0.9,1,0.8,1,1.1,0.7,1.1,0.8,0.7,1,1,1.1,1.1,1.3,0.9,1.1,0.8,1,1,0.8,1,1.1,1.1,1.2,0.9,0.8,0.9,0.9,1,0.6,0.6,0.6,0.6,0.6,0.6,0.3,0.3,0.6,0.6,0.6,0.8,0.5,0.3,0.4,0.1,0.8,0.8,0.8,,0.8,0.7,0.7,0.8,0.8,0.8,0.7,0.6,0.7,0.6,,0.6,0.8,,0.9,0.7,0.9,0.5,0.7,0.4,0.9,0.4,,,0.7,0.9,1.3,1.8,1.8,,1.1,1.1,1.1,0.7,,,,,1.5,1.2,1.2,0.9,0.9,1.2,1,,1,0.8,0.8,1,0.7,1.1,0.7,0.7,0.5,0.5,0.7,1.2,0.9,0.8,,0.3,0.4,0.8,0.9,1,,0.7,0.9,0.6,0.9,0.7,1,1,0.9,2,1.4,1,1.1,1.7,1.6,1.6,,0.4,,0.3,0.3,1.1,1.2,1.4,1.3,1.2,1.3,1.1,1,0.8,1,0.9,1.1,,,0.5,1.1,2.9,2.3,0.4,0.6,0.3,,0.3,0.2,0.8,0.8,0.7,0.7,0.6,0.7,0.9,0.5,,2.8,2.3,1.2,,1,1.3,2,0.8,1,0.8,0.2,0.3,0.3,0.4,0.8,0.4,0.7,0.7,0.4,3,5.4,2.5,2.3,0.9,4.3,1.2,0.8,2,1.8,3,2,1.4,,7,4.4,4.7,1.7,1.5,1.4,0.2,0.2,0.9,1.6,1,1.3,3.9,0.6,1.5,1.1,2,1.5,1.3,2.4,2.9,0.9,2.3,2,0.4,0.2,0.6,0.6,0.7,0.5,0.8,1.1,1.1,1.7,0.7,0.8,4.8,1.4,1.9,0.7,3.9,3.3,0.6,0.7,0.6,0.8,0.7,1.6,0.6,0.8,2.1,0.7,1.2,3,2.6,1,0.7,1.2,0.6,1.7,1.4,1,0.3,1,1.3,1,2,1.3,1.2,0.7,0.7,0.7,4,,1.3,2.1,1.3,1.1,0.8,0.7,0.8,1,0.2,0.2,1.3,0.4,1.4,1.8,0.8,0.6,1.4,1.6,0.6,2,0.4,2,0.5,2.1,,2.3,1,1,0.9,0.9,1.5,1.5,0.3,2.4,0.9,1.5,0.7,1.5,1.2,1.2,2.1
20171215,3,CO_24h,1.7,1.7,1.9,2.1,2.1,1.5,1.9,1.9,1.8,1.8,2,1.8,,,2,,1.4,1.8,2,,2.2,1.2,1.5,,1.5,1.7,,1.6,2,2.3,,1.4,1.4,1.2,2.8,3.4,2.9,3,3.4,2.8,1.7,2,2.2,,2.1,1.4,1.8,1.4,1.6,2.3,2.3,2.3,2.6,2.7,2.3,1.3,,1.1,1.5,1.8,1.9,2.1,1.9,3,1.8,1.9,1.7,,1.5,1.6,1.2,1.3,1.7,1.7,1.4,1.8,1.8,1.6,1.8,2.9,,2.9,2.9,2.6,2.9,2.6,2.9,2.7,1.6,1.9,2,2.4,1.8,1.5,1.8,2.1,2.2,3,2.7,,2.4,3.1,3,2.8,2.7,,2.5,1.1,1.3,1.2,1.3,1.1,0.9,0.8,1.3,1.5,0.8,1.5,1.6,1.5,1.1,1,1.1,2,1.3,1.3,1.5,1.1,1.3,1.2,,0.9,1.6,1.1,1.6,1.5,1,1.5,1.8,0.4,0.9,0.8,0.5,0.8,0.9,0.8,0.5,0.6,0.4,0.4,0.7,0.3,0.7,0.8,0.9,0.6,0.2,0.6,0.5,0.9,0.9,0.6,0.7,0.6,0.3,0.7,0.8,0.6,0.9,0.8,0.7,0.9,,,,1,1,,1,0.7,0.8,,0.7,0.3,0.5,,0.8,1.1,1.1,1,1,0.9,1.1,1.1,1.1,,,,1,0.7,,0.3,0.4,0.6,0.9,0.6,,0.7,0.6,0.9,0.6,0.5,0.7,1,0.6,,0.7,,1.7,1.3,1.2,1.2,0.9,0.8,0.7,1.1,1.1,1,0.9,0.8,0.7,0.6,0.8,0.8,0.8,0.8,,0.9,0.9,0.8,0.7,0.5,0.6,0.7,0.6,1.1,,,0.7,,0.8,0.7,,0.8,0.8,0.8,0.7,0.6,0.7,,0.8,0.8,0.6,0.6,0.6,0.7,0.7,0.8,0.8,0.7,1.1,0.7,0.8,0.7,0.7,0.8,0.6,0.9,0.6,,0.7,,0.5,0.5,0.3,0.4,,0.6,,0.7,0.8,0.7,0.8,0.8,,1.1,1.7,1.9,2.1,1.8,1.8,1.8,1.8,1.7,1,0.8,1.2,0.8,0.8,0.6,0.7,1,0.9,1.3,1.4,1.6,1.6,1.7,1.3,1.7,1.1,1.6,0.6,0.8,0.9,0.7,0.5,0.7,0.7,1,0.8,0.9,0.8,0.9,0.9,0.8,1,1,0.9,1,1,0.7,1.4,1.3,,0.8,1,1.1,0.8,1.1,1.2,1.1,1,,0.7,0.7,0.7,0.7,0.5,0.7,0.6,0.6,0.6,0.7,0.8,0.8,0.8,0.9,0.9,1.2,1,1.2,1.1,1,1.1,1,1.3,1.1,1,1.1,1.1,1.2,1,1,1.1,1.1,1.3,1.2,1.2,1.2,1,1.2,1.2,1,1,1.3,,0.7,1,1.4,1.4,1.4,1.6,0.8,1.1,1.5,0.5,0.5,0.4,0.4,0.6,0.7,,1,0.8,1,1,0.8,0.7,,,,0.8,0.9,0.7,0.9,0.8,,0.8,0.7,0.8,0.8,,,0.8,0.6,0.7,0.7,0.9,0.7,0.6,0.8,0.8,0.7,0.9,1.3,1.1,0.8,1.3,0.9,1.2,1,1.2,2,1.3,0.6,1,0.4,1.8,2.3,1.9,1.4,1.6,1.8,1.6,1.9,1.8,1.7,1.7,2.2,1.7,1.6,1.4,2,0.9,1.3,2.2,,1.7,2.1,0.6,,,,1.5,1.5,1,1.3,1.6,1.1,1.1,,1.5,0.7,0.8,0.7,0.8,0.8,0.7,0.6,0.7,0.9,0.8,0.7,0.5,0.8,1.4,1.4,1.6,1.3,1.8,1.6,1,1.2,1.2,1,1.3,0.9,2.1,2.8,3.2,2.2,1,0.7,1,1,2.6,2.8,2,2.3,2.2,,2.1,0.5,0.5,0.4,0.5,,1.7,,1.3,1.1,1.2,1.4,1.8,,1.7,1.5,,1.2,1.9,1.7,2,2.7,2.6,2,2.7,2.5,2.9,1,0.7,0.8,,0.6,0.9,1.1,0.8,1,1.3,,1,,1.3,,1.1,1,1.2,1.2,1.5,1.2,1.2,0.9,0.9,0.7,0.5,0.6,0.6,1.4,1.2,1.2,,1.1,1.1,1.1,1.1,1.5,0.9,0.7,0.6,0.7,0.6,0.7,0.9,0.8,0.8,0.7,0.6,0.9,0.8,1.3,1.1,0.8,0.7,1,0.8,0.8,0.8,0.6,1.1,0.9,1.1,1,1,1.2,1.1,1.1,,0.6,0.6,,0.8,0.8,0.9,,1,1,0.7,1,,,2.6,1.9,2.5,2.8,,2.2,3.3,3.5,2.8,2,1.9,,2,2,,2.5,,2,2.2,2.3,1.8,1.1,1.8,2.9,2,1.7,2,1.6,1.7,,5,3.3,5.4,4.3,4.3,2.9,1.5,1.7,1.4,1,1.2,0.9,3.1,3,3.6,4.1,2.7,2.1,2.3,1.7,2.1,1.6,1.7,1.8,1.4,1.1,2.8,1.9,1.5,,0.8,1.2,1.3,1.4,1.4,1.6,1.1,1,1.4,1.6,0.7,1.4,1.3,1.5,1,1.4,0.7,0.8,0.7,0.8,0.5,0.5,0.9,1.3,0.8,0.5,0.5,0.5,1,0.7,0.6,0.5,0.2,1.8,1.7,,1.7,1.5,1.9,1.5,1.7,1.5,1.8,,1.9,,1.6,1.5,1.4,1.8,1.9,1.4,1.8,1.4,1.3,1.5,1.4,1.4,1.7,,1.2,1.3,1,1.6,1.5,1,1.3,1.3,1.3,1.2,0.8,0.7,0.8,1,0.8,,1,,,1.3,1.4,1.4,1.1,1.4,1,1,0.9,1,0.7,1.3,1.8,1,1.3,1.2,1.8,1.3,1.4,1.2,0.5,0.5,0.8,0.8,1,1,1,1,1.1,1.2,1.3,1.2,4.5,2.2,2.3,1.7,0.8,0.7,0.7,0.5,1,,,0.8,0.8,0.7,0.9,0.8,0.8,0.9,0.8,0.7,0.9,0.7,1,0.6,0.8,,0.8,1.2,1.2,1.8,1.7,1.3,1.6,1.9,2.4,1.8,2.1,1.7,2,2.5,2.3,1.5,2,1.6,2.1,1.4,1.8,1.6,2,1.3,1.4,1.3,1.4,0.7,0.7,0.5,0.6,,1,0.8,0.9,0.9,0.9,0.6,0.5,0.8,1.2,2.7,3,1.7,1.5,1.5,1.8,1.8,1.2,0.9,1,1.1,1.2,1,1.4,0.7,1.3,0.9,1.2,1.8,2.1,1.3,0.9,1,0.9,1,0.9,1.3,1.1,,0.9,1,1,0.5,0.4,0.5,0.7,0.3,,0.5,0.3,0.8,0.6,0.6,0.8,0.7,0.6,0.8,1.1,1.1,1.2,0.6,0.7,0.4,0.4,0.5,0.6,,0.9,0.5,0.6,,,1.7,1.3,0.6,1.4,1.3,1.5,1.4,1.4,1.4,1.4,1.3,,0.6,0.5,1.5,1.4,1.4,1.3,1,1,2.3,2.2,2.3,,2.1,2.9,,2.6,2.9,1.7,2,,1.5,1.5,2.2,2.6,2.3,2.2,,2.9,0.7,0.5,1.1,1,1.6,0.8,0.6,,0.9,0.7,0.7,1.2,,,1.1,0.6,0.5,0.4,0.7,0.6,0.4,1.5,1.3,1.2,1.4,1.7,4.2,5.4,3.5,6.3,1.7,1.3,1.3,1.6,2.2,1.8,2.8,2.4,1.4,1.6,1.9,2.4,1.5,2.9,3.2,1.4,1.6,0.9,1.1,1.3,0.7,0.9,1,1,0.7,1.1,2,0.9,1.1,0.9,1.9,0.2,1.1,0.7,0.6,0.7,0.6,0.7,0.3,0.8,0.7,0.6,0.9,0.3,1.6,0.8,0.6,0.9,0.9,1,1.6,1.2,0.9,0.7,0.5,0.7,0.6,0.6,0.6,0.6,,0.5,0.7,0.5,0.6,0.6,0.8,0.8,1,0.7,0.7,0.7,1,0.6,0.7,0.6,0.7,0.7,0.6,0.5,0.6,0.5,0.5,0.4,0.6,0.7,,,0.8,0.9,0.9,0.6,0.6,0.6,0.6,1.1,0.9,,0.7,0.7,0.6,0.7,0.7,0.6,0.6,0.5,0.5,0.4,0.5,0.6,0.6,0.5,0.5,0.4,0.6,0.4,0.5,0.4,0.6,0.6,0.6,1.1,0.6,0.3,0.5,0.5,0.6,0.4,1,1.5,1.2,1.2,1.2,0.6,0.4,0.5,0.6,0.7,0.2,0.5,0.7,0.6,0.7,1.5,1.6,1.7,1.3,1.8,0.7,0.6,0.8,0.7,0.9,1,1.2,1.2,1.1,0.5,0.6,0.5,0.6,0.2,1,0.9,0.8,1.4,2.1,1.9,1.4,,1.8,1.5,1.9,1.8,,1.8,1.9,1.9,,1.8,1.4,1.3,1.6,1.6,1.8,1.5,1.6,1.6,1.6,1.2,1.3,1,,1.4,1.2,1.3,0.5,0.7,0.8,0.8,0.9,1.2,1.2,1.3,1.3,2,1.6,1.3,1.5,1,1,0.6,1.6,1.4,1.4,,1,1.1,,0.8,1.3,1.1,1.3,1.1,1.2,1.2,1.2,1.2,0.8,0.6,1.2,1.4,0.8,1.1,1.2,1,1.1,1.1,1,1.1,1.3,1.8,1.5,1.3,1.3,1,1.1,1.4,1.1,1.7,0.8,,,0.7,1,1.1,1.5,1,0.6,0.6,0.6,1.1,2.1,1.8,1.7,,0.3,0.4,1.2,0.9,1.5,0.9,1.1,1,1,1.2,0.7,1.1,0.8,0.7,1,1,1,1.1,1.3,1,1.2,0.9,1,0.9,0.8,0.9,1.1,1,1.2,1,0.7,0.9,1,1,0.6,0.6,0.8,0.6,0.8,0.8,0.5,0.4,0.7,0.8,0.8,0.8,0.5,0.4,0.5,0.2,0.8,0.8,0.9,,0.7,0.8,0.8,1,1,0.9,0.7,0.7,0.8,0.6,,0.7,0.9,,0.9,0.7,1,0.6,0.7,0.6,1.1,0.5,,,0.8,1,1,1,1.2,,1.3,1,1.3,0.7,,,,,1.5,1.3,1.2,1,1.3,1.4,1.1,,1,0.9,0.8,1,0.9,1,0.9,0.9,0.4,0.5,0.7,1.4,0.9,0.8,,0.4,0.5,1,1.1,0.7,,0.7,1,0.8,0.9,0.8,1,1,0.9,2,2.5,0.8,1.1,1.6,1,2.1,,0.4,,0.3,0.2,1,1.3,1,1.3,1.6,1.7,1.6,1.4,0.8,1,0.8,1,,,0.9,1.5,1.6,1.8,1,1.6,0.5,0.3,0.8,0.8,0.9,0.7,1.1,1.3,1.1,0.9,0.9,0.8,,2.6,2.5,1.5,,1.3,1.7,1.7,0.9,0.8,0.8,0.3,0.3,0.4,0.6,1,0.5,0.8,1,0.5,3.1,3.8,2.8,3.3,1.1,1.6,1.1,0.7,1.1,1.9,2.2,2,3.2,,3.9,3.1,3,2,2,1.7,1.1,0.6,0.7,1,1,1,2.3,0.6,2,1.2,1.8,1.8,1.7,2.2,2.7,1,2.8,2.3,0.4,0.3,0.6,0.5,0.8,0.6,0.6,1.2,1,1.6,0.7,0.8,2.1,1.2,1.2,1.3,3.2,1.9,0.6,0.8,0.7,0.9,0.7,1.9,0.6,0.8,2.4,2.9,1.1,2.9,2.1,1,0.8,1.2,0.7,1.1,0.9,1.1,0.4,1,1.2,0.7,1.2,1.1,1.4,0.8,0.8,0.9,2.2,,1.8,1.9,1.5,1.1,0.8,0.8,0.9,1.3,1.2,1.5,1.2,0.5,1.4,1.4,0.7,0.6,1.6,1.8,1.4,1.6,2.7,1.3,0.6,1.4,,1.5,0.9,0.9,0.8,0.8,1.2,1.6,1,1.5,1,1.7,0.7,1.3,1.1,1.2,1.6
20171215,4,AQI,178,54,122,122,127,123,132,108,114,80,119,122,,,170,,156,165,139,,145,139,135,,110,144,,189,189,236,,228,195,208,104,144,137,134,147,128,110,99,92,,112,240,214,226,218,229,199,229,252,216,226,28,,46,29,30,106,114,119,112,100,132,129,,163,153,140,163,168,201,219,220,204,233,221,377,,326,383,329,393,357,353,361,52,33,20,29,16,19,46,15,190,162,140,,205,222,160,166,195,,230,68,88,97,93,74,75,102,75,74,52,130,155,172,172,152,99,98,169,135,142,110,98,44,,98,94,125,119,135,100,132,120,27,17,22,18,22,30,20,24,22,23,51,47,62,57,64,65,51,64,51,38,28,35,26,28,44,44,40,35,36,27,38,27,124,,,,180,178,,149,189,189,,54,53,54,,38,52,49,48,48,37,54,46,53,,,,39,45,,33,43,45,31,37,,36,58,49,50,47,58,45,40,,41,,99,74,98,35,55,20,40,41,38,67,60,58,51,39,70,63,94,55,,69,72,51,29,44,39,50,53,53,,,36,,40,50,,31,46,38,25,26,26,,62,97,29,33,35,97,26,33,28,38,42,35,36,48,32,38,45,59,18,,25,,27,20,15,29,,35,,32,32,57,33,26,,25,203,193,229,186,237,210,224,183,68,144,113,100,119,93,128,125,112,206,210,,215,,222,219,208,229,46,43,43,46,55,57,50,52,64,95,42,53,46,45,40,43,38,35,43,65,45,40,,28,40,30,26,43,29,49,26,,55,52,54,52,64,69,43,63,51,73,58,80,63,50,38,50,39,46,46,52,38,36,50,51,54,53,54,55,58,58,52,55,45,49,48,48,43,43,54,74,60,53,,46,36,38,28,18,29,27,22,83,30,29,28,28,29,57,,80,67,77,77,57,77,,,,68,67,59,53,62,,113,110,112,118,,,107,23,12,16,26,22,14,18,19,10,20,60,20,33,74,55,56,63,57,97,57,28,28,80,242,231,234,228,218,244,220,250,265,209,227,223,232,57,66,67,64,57,112,,90,82,104,,,,75,58,99,127,69,73,99,,49,36,42,43,38,45,23,25,27,26,22,26,17,33,46,23,19,44,19,24,45,54,55,59,57,51,84,77,76,80,41,42,45,41,162,178,148,178,125,,105,18,20,19,22,,211,,135,147,148,158,214,,214,148,,155,232,240,214,218,309,162,140,244,240,132,144,140,,95,69,58,56,57,66,,145,,144,,160,103,125,128,165,150,182,103,104,113,54,52,42,228,188,213,,29,29,22,48,48,39,30,41,45,39,53,102,107,108,115,100,110,84,104,97,74,42,45,49,36,41,51,26,28,19,84,85,65,26,20,,68,70,,67,78,65,,74,72,50,34,,,201,193,210,52,,57,22,44,45,133,124,,129,135,,230,,269,295,251,240,279,259,226,257,239,113,109,134,,266,253,288,302,308,208,68,204,148,90,144,71,193,98,197,133,99,92,100,114,142,93,113,105,79,87,98,165,92,,48,134,127,124,129,196,70,55,63,67,60,117,83,72,112,105,57,74,70,59,57,59,55,54,78,50,45,54,45,39,52,46,24,205,198,,192,166,160,178,252,255,282,,239,,123,114,114,199,188,196,217,202,180,152,195,178,188,,182,155,160,143,158,148,125,139,127,64,53,54,90,62,60,,94,,,67,85,73,84,82,18,19,13,20,16,17,16,17,18,46,36,22,32,22,29,22,109,112,125,118,55,67,69,52,73,62,134,74,83,72,59,69,62,60,98,,,114,125,99,114,122,80,78,88,92,78,77,36,28,20,,33,36,39,258,246,252,234,231,250,206,204,102,100,127,132,195,202,260,230,220,252,229,223,170,199,196,215,52,30,62,73,,139,26,60,45,21,26,23,69,40,73,79,104,179,142,211,183,137,107,138,97,108,81,105,105,118,117,77,69,103,114,71,93,53,58,51,70,58,,47,51,45,20,39,27,36,39,,29,25,39,53,54,53,58,53,48,42,38,57,55,64,26,25,52,56,,52,72,62,,,69,75,22,125,103,122,112,163,238,180,216,,35,59,135,74,84,90,83,140,163,133,140,,149,261,,240,252,198,158,,198,150,282,249,283,215,,,29,36,32,36,30,36,28,,18,42,41,24,,,17,21,52,19,44,46,38,66,59,54,61,65,210,256,270,257,213,182,222,228,210,163,202,122,216,224,156,104,113,139,183,139,105,60,70,118,68,42,42,34,40,114,92,30,59,80,170,22,68,42,50,42,41,51,28,77,83,55,52,58,69,114,40,26,26,22,62,73,63,15,69,52,27,42,39,42,,166,83,51,58,46,114,118,122,62,77,57,99,69,65,22,19,23,36,35,29,25,45,49,46,84,,,85,102,107,33,39,32,42,135,138,,33,36,54,57,52,22,21,21,20,21,29,20,23,22,25,28,35,36,23,23,18,28,23,30,20,11,10,11,20,29,20,18,28,15,16,38,43,38,38,32,35,38,36,35,33,26,29,29,40,29,30,28,27,40,36,38,26,33,26,46,33,33,43,28,33,33,32,39,192,204,201,,159,180,175,201,,212,200,129,,129,172,199,189,182,170,166,112,123,172,103,182,89,,182,188,162,36,53,59,63,65,51,107,108,89,133,140,160,160,36,57,55,147,133,140,,58,65,,52,53,49,49,60,75,80,60,118,125,17,23,20,33,21,20,25,18,23,20,16,85,80,82,58,60,20,18,40,16,16,35,,,38,31,28,26,26,38,54,18,30,14,22,26,24,32,38,26,26,30,39,13,9,16,13,20,19,8,10,18,10,12,18,23,15,20,19,18,12,23,22,32,32,16,13,62,59,61,97,94,75,64,71,77,90,84,95,48,55,51,52,88,83,75,79,57,59,75,,51,95,80,88,89,100,67,68,50,72,,77,90,,65,98,94,88,117,23,48,17,,,21,38,57,51,51,,30,24,29,30,,,,,19,20,12,11,15,16,15,,12,36,26,28,17,38,31,30,28,41,28,19,42,39,,26,28,15,18,85,,33,30,46,43,54,42,73,21,52,67,34,16,52,50,75,,21,,18,16,155,170,186,156,52,56,48,41,87,114,110,140,,,35,102,120,122,58,63,38,36,56,56,54,58,64,58,58,62,84,64,,87,95,68,,107,102,112,60,83,61,34,59,41,48,52,34,62,57,56,140,169,99,79,25,67,37,37,70,88,104,89,134,,277,152,277,115,129,143,15,21,31,85,69,75,73,19,125,30,123,139,162,220,237,189,170,119,57,40,65,49,31,58,88,186,145,165,124,16,70,61,76,53,208,225,54,46,63,60,30,140,52,63,138,56,82,92,166,42,62,97,23,125,54,69,45,185,168,98,133,57,139,67,69,65,239,,149,203,160,23,68,118,94,19,28,17,213,33,196,127,32,11,152,138,102,59,59,195,19,199,,204,12,12,11,23,72,82,29,110,65,97,119,74,104,100,287
20171215,4,PM2.5,134,30,92,92,96,93,100,81,86,59,90,92,,,129,,119,125,106,,111,106,103,,83,110,,142,142,186,,178,146,158,78,110,104,102,112,97,83,74,68,,84,190,164,176,168,179,149,179,202,166,176,19,,,15,21,78,86,90,84,68,100,98,,124,117,107,124,127,151,169,170,154,183,171,327,,276,333,279,343,307,303,311,6,7,1,20,5,3,13,9,143,123,107,,155,172,122,126,146,,180,49,65,72,69,44,55,76,55,54,36,99,118,130,130,116,74,73,128,103,108,83,73,27,,73,70,95,90,103,75,100,91,17,10,11,12,15,18,12,10,11,12,30,28,44,40,46,47,29,46,24,19,19,24,18,19,24,19,28,24,16,17,26,18,94,,,,136,134,,114,142,142,,38,29,38,,25,30,31,21,33,24,36,32,36,,,,26,31,,19,30,26,20,21,,25,41,34,35,31,41,31,26,,22,,74,54,73,24,34,7,24,27,26,48,39,26,33,25,51,45,70,35,,50,47,25,20,27,20,35,37,33,,,18,,28,34,,18,32,25,16,10,13,,44,72,20,23,24,72,18,23,19,26,29,24,25,33,22,26,31,42,8,,17,,15,14,7,20,,24,,22,22,40,23,18,,17,153,145,179,140,187,160,174,138,44,110,85,75,90,66,97,95,73,156,160,171,165,153,172,169,158,179,32,30,30,32,39,40,35,36,46,71,29,37,32,31,28,30,26,24,30,47,31,28,,19,28,21,18,30,20,34,18,,30,30,27,27,39,50,22,40,30,53,37,59,45,34,22,30,27,22,29,36,26,25,35,33,31,37,34,36,41,34,36,39,31,34,33,33,30,30,38,54,43,37,,32,25,26,18,12,20,12,15,61,10,11,13,9,8,40,,59,48,56,56,40,56,,,,49,48,42,36,44,,85,83,84,89,,,80,4,8,4,13,15,9,12,7,7,3,33,14,23,27,30,30,42,38,72,37,7,12,24,192,181,184,178,168,194,170,200,215,159,177,173,182,26,44,30,40,40,84,,66,57,78,,,,55,30,74,96,50,53,74,,11,25,29,30,26,31,14,9,12,15,15,18,7,16,32,3,10,13,6,,10,6,10,6,18,6,62,56,54,59,27,29,31,23,123,134,113,134,95,,79,10,13,7,10,,161,,103,112,113,120,164,,164,113,,118,182,190,164,168,259,123,107,194,190,100,110,107,,71,44,41,37,40,44,,111,,110,,122,77,95,97,125,115,137,77,78,85,38,35,29,178,141,163,,20,20,15,33,33,27,21,25,31,25,31,76,80,81,87,75,83,62,78,72,54,29,31,34,25,19,34,18,19,12,62,63,47,18,14,,44,51,,48,57,47,,54,52,32,14,,,151,145,160,5,,8,3,10,10,101,94,,98,103,,180,,219,245,201,190,229,209,176,207,189,85,82,102,,216,203,238,252,258,158,49,154,113,67,110,39,145,73,141,101,71,68,75,86,108,69,85,79,58,64,73,125,68,,33,102,96,94,98,147,51,39,45,48,43,88,61,52,84,79,40,54,51,42,40,42,39,38,57,35,31,38,31,27,36,32,5,155,148,,144,126,122,134,202,205,232,,189,,93,86,86,149,141,147,167,152,136,116,146,134,141,,137,118,122,109,120,113,95,106,96,46,37,38,67,44,43,,70,,,48,63,53,62,60,12,13,9,14,11,10,5,11,12,32,25,14,22,15,10,6,82,84,95,89,39,48,50,36,53,44,86,52,61,46,42,50,44,43,73,,,86,95,64,86,92,59,57,65,68,57,56,25,19,7,,23,25,22,208,196,202,184,181,200,156,154,76,75,96,100,146,152,210,180,170,202,179,173,129,149,147,165,5,13,5,20,,106,13,12,11,12,11,16,50,28,53,58,44,135,108,161,138,104,80,105,72,81,50,79,79,89,88,56,50,77,86,45,69,31,26,28,51,28,,20,21,22,10,16,,17,26,,19,17,17,37,30,36,41,37,29,29,26,40,39,36,15,16,28,32,,14,52,44,,,50,55,3,95,77,92,84,124,188,136,166,,24,30,103,54,62,67,61,107,124,101,107,,114,211,,190,202,148,120,,148,115,232,199,233,165,,145,11,25,22,24,21,25,19,,9,25,10,5,,,5,,16,6,20,32,26,41,42,38,38,31,160,206,220,207,163,137,172,178,160,124,152,92,166,174,119,78,85,106,138,106,79,39,51,89,49,23,25,16,28,86,68,12,41,28,129,6,49,21,35,29,26,32,19,56,61,39,30,41,50,86,28,18,18,15,44,53,45,10,50,36,17,29,27,29,,126,61,34,41,32,86,89,92,44,56,40,74,50,47,13,11,16,25,5,20,17,31,32,32,62,,,63,76,80,23,27,22,29,103,105,,14,25,38,37,36,10,7,11,8,4,20,14,16,15,4,19,24,25,16,16,12,16,15,21,14,2,4,5,14,20,14,12,19,4,11,26,19,26,24,14,24,26,25,24,23,18,20,20,28,20,21,19,16,28,25,26,18,23,18,32,23,23,30,15,23,21,21,27,144,154,151,,121,136,132,151,,162,150,98,,98,130,149,142,137,129,126,84,93,130,,137,,,137,141,123,25,37,42,45,47,33,80,81,66,101,107,122,122,25,40,35,112,101,107,,41,47,,36,37,34,34,43,55,59,43,89,95,10,16,13,23,14,14,17,12,16,14,11,63,59,60,33,43,11,12,9,11,11,24,,,26,16,19,18,14,26,31,10,15,9,15,18,16,22,26,18,18,21,27,9,1,11,9,14,12,5,7,12,3,8,12,16,9,14,13,12,8,16,12,22,22,11,9,44,3,40,72,70,55,46,46,56,67,62,71,33,39,20,36,65,61,55,58,30,36,55,,25,71,59,65,66,75,48,49,35,52,,56,67,,32,73,70,47,88,16,33,7,,,14,26,35,35,33,,21,11,4,21,,,,,10,12,5,4,10,9,10,,8,25,18,13,10,26,6,13,19,18,18,7,22,24,,18,11,10,9,63,,13,20,25,30,36,17,7,6,20,11,22,7,36,24,41,,,,5,5,118,129,140,119,28,37,27,23,64,86,83,107,,,14,76,,92,24,26,11,23,13,31,35,38,39,41,35,43,51,46,,51,64,30,,80,76,84,23,22,15,16,26,21,12,17,12,38,27,38,107,128,74,58,5,48,21,23,51,65,72,49,84,,227,73,227,87,98,109,9,8,19,63,50,29,,11,95,21,93,106,123,170,187,142,129,90,40,28,40,24,20,41,65,140,111,125,94,11,31,24,36,37,158,175,31,24,45,43,21,107,36,45,105,16,60,68,126,19,44,72,16,95,35,50,31,139,127,73,101,40,106,48,50,44,189,,114,153,122,16,49,89,70,8,19,6,163,23,147,96,22,7,116,105,76,35,42,146,13,149,,154,8,4,5,9,26,60,20,83,47,72,90,54,78,75,237
20171215,4,PM2.5_24h,85,66,80,71,79,73,77,84,77,73,84,80,,,70,,67,67,69,,67,67,62,,68,74,,112,136,168,,130,126,101,71,81,73,80,83,84,45,50,54,,62,127,131,137,105,125,125,124,146,119,134,56,,45,52,68,61,68,70,75,59,76,77,,82,78,78,86,90,103,109,133,107,128,133,259,,226,296,231,275,262,238,275,85,64,58,84,66,65,87,83,85,151,136,,118,129,125,136,123,,135,39,45,36,41,28,29,27,55,46,25,68,73,90,82,75,50,91,96,86,90,90,77,53,,82,81,109,103,97,95,101,106,16,20,15,16,17,25,17,13,15,15,29,27,36,34,43,44,31,39,30,26,28,31,28,29,32,25,27,25,20,21,30,20,45,,,,120,101,,84,104,106,,43,30,39,,29,43,31,33,40,30,36,37,36,,,,35,39,,34,35,36,30,29,,34,53,41,38,44,44,33,30,,22,,80,61,78,31,41,15,39,31,34,50,39,31,46,30,26,41,26,40,,60,39,32,30,25,26,34,45,43,,,25,,33,34,,29,34,32,18,13,14,,45,59,23,26,24,23,20,24,35,40,34,33,38,41,37,40,43,44,11,,17,,15,16,12,16,,22,,16,19,37,23,16,,15,123,133,146,134,155,138,155,128,30,56,54,44,53,38,57,80,45,119,123,142,130,118,134,120,119,136,36,36,39,40,47,52,42,46,42,64,46,52,55,54,48,49,49,44,52,58,56,51,,40,48,47,34,53,44,53,43,,36,31,26,24,51,51,20,34,29,74,48,65,67,55,35,45,49,47,53,45,42,36,77,68,55,61,65,60,67,53,57,58,53,50,75,60,56,50,50,56,70,62,,62,18,23,19,15,27,15,19,28,11,13,13,11,14,40,,49,43,50,53,36,55,,,,49,49,43,48,42,,83,80,78,84,,,74,30,20,21,23,27,31,31,23,22,21,25,18,19,20,25,31,32,39,59,23,18,47,16,142,141,147,142,134,158,141,149,155,134,143,154,142,48,59,35,45,53,115,,112,102,86,,,,74,78,56,65,60,63,58,,28,51,57,58,57,59,34,28,27,37,38,40,25,38,54,53,43,57,60,53,69,67,72,55,68,72,131,144,102,130,30,28,32,32,125,121,88,130,96,,88,14,14,16,14,,114,,86,93,94,107,102,,104,103,,110,124,141,120,147,200,100,120,145,140,72,88,79,,62,34,40,42,16,37,,80,,75,,72,76,89,88,114,110,118,58,58,55,24,25,25,106,96,106,,24,28,19,38,35,23,17,18,23,19,21,60,56,65,69,50,70,55,67,65,50,25,29,33,19,16,26,31,42,31,98,98,77,33,21,,28,28,,34,39,30,,79,70,51,11,,,124,118,135,110,,97,85,105,102,95,94,,99,101,,139,,146,141,144,140,142,150,117,136,143,90,94,100,,158,102,187,180,205,107,64,130,90,54,82,28,126,70,125,137,82,58,89,83,106,92,90,88,79,48,103,107,73,,32,79,70,91,70,134,56,53,67,72,38,88,75,60,86,57,47,67,64,51,42,44,44,42,56,34,30,36,30,42,33,32,5,148,125,,108,108,105,119,126,124,125,,131,,94,86,82,132,120,120,143,125,117,106,113,141,151,,143,113,114,102,110,107,92,92,101,60,50,45,49,71,43,,59,,,50,76,59,61,49,16,20,18,21,25,24,15,24,15,30,29,18,28,18,12,11,83,77,87,80,46,40,43,38,49,46,51,37,38,39,47,51,41,46,101,,,98,85,60,76,89,58,65,69,63,65,59,19,15,13,,21,26,31,154,146,148,134,152,178,144,137,116,114,112,109,148,165,173,167,159,173,152,147,112,135,127,135,38,27,22,25,,84,66,50,64,24,11,25,51,33,57,60,52,105,96,134,128,51,44,82,60,58,50,45,54,47,44,31,36,56,60,28,45,23,19,24,40,29,,28,25,29,18,24,,38,27,,26,23,23,44,36,39,38,39,34,40,26,37,46,44,21,22,34,35,,16,42,40,,,74,92,27,103,86,100,97,119,147,118,141,,24,18,86,73,78,73,72,84,181,168,184,,175,180,,153,175,111,102,,115,101,154,139,137,142,,140,25,32,25,55,48,48,34,,35,35,34,47,,,28,22,25,17,36,46,40,88,71,83,82,82,154,203,145,221,153,123,109,127,133,85,131,117,99,96,71,82,72,92,114,86,66,40,42,90,41,39,52,37,40,64,100,23,29,32,59,12,48,34,48,43,34,43,21,38,46,30,31,37,65,62,26,23,27,34,68,54,43,16,62,53,46,46,43,41,,63,57,52,48,46,66,72,78,39,47,46,46,44,46,40,32,37,51,5,8,16,33,36,33,57,,,53,60,70,33,37,28,38,78,79,,41,47,42,42,39,13,14,13,15,10,17,12,14,35,3,13,13,15,21,18,19,22,21,22,16,10,13,9,13,17,17,35,34,30,32,26,21,28,25,20,21,24,23,24,24,22,27,30,32,25,29,25,26,30,34,32,29,32,31,24,25,22,24,15,20,22,20,28,106,96,94,,109,114,94,144,,160,136,100,,102,133,155,149,143,130,123,83,91,127,85,94,93,,130,130,127,30,37,47,42,51,48,76,76,71,130,130,137,152,30,42,45,131,120,132,,44,47,,43,39,38,34,45,55,57,48,77,73,38,40,38,46,35,30,26,32,36,32,30,63,63,55,44,49,16,24,19,18,17,36,,,39,34,33,30,27,40,37,18,19,23,23,29,32,39,46,23,20,26,28,13,3,12,13,17,11,8,10,14,8,12,16,27,12,22,25,21,8,15,13,22,24,7,7,42,68,49,70,64,57,45,46,63,68,67,72,47,56,51,55,67,72,70,70,40,52,60,,30,82,73,76,80,80,54,61,50,64,,64,77,,33,63,63,54,77,18,31,14,,,16,19,30,35,33,,36,44,24,24,,,,,16,29,18,20,11,11,18,,13,20,16,26,32,14,8,11,18,19,27,13,19,24,,23,19,16,11,44,,13,21,25,30,23,20,18,16,48,44,11,11,21,18,105,,6,,7,9,96,97,98,107,81,79,79,70,72,85,70,100,,,30,112,95,107,44,60,19,46,61,75,35,33,90,95,80,52,50,50,,48,64,45,,83,89,49,57,26,24,34,34,29,22,31,28,47,38,46,133,155,70,64,11,62,43,27,40,81,89,73,146,,183,58,117,98,110,106,17,26,34,54,45,34,26,14,89,45,59,59,68,129,180,105,136,209,42,35,34,31,24,47,51,106,80,120,86,18,25,17,25,70,176,90,40,30,62,44,40,77,29,56,56,131,62,78,101,29,47,74,31,40,31,41,35,104,104,36,58,36,121,45,49,46,130,,68,140,110,34,27,105,82,42,48,54,110,21,156,67,14,13,65,100,96,38,110,105,25,114,,93,32,46,33,33,41,88,62,55,47,112,80,51,71,69,140
20171215,4,PM10,,57,116,121,108,119,107,82,,82,107,,,,,,120,,114,,113,,108,,91,,,178,194,229,,204,192,167,106,143,141,144,143,118,112,108,107,,135,233,229,217,218,204,194,221,258,227,209,22,,46,29,25,161,155,139,164,150,142,149,,143,150,146,151,161,162,,186,222,237,,383,,347,350,307,431,336,355,379,53,33,12,,9,14,46,13,201,158,157,,201,262,193,182,197,,208,75,93,,92,98,88,84,86,76,51,130,119,167,,,127,108,,109,124,91,101,44,,88,111,121,138,110,82,109,114,27,17,18,12,19,30,17,17,22,22,51,47,56,43,48,,52,46,52,38,24,24,21,26,44,44,31,30,36,27,28,27,107,,,,,,,162,154,159,,44,56,46,,38,53,49,48,35,37,58,42,56,,,,39,42,,33,40,45,31,37,,26,47,39,43,47,52,36,40,,41,,,67,,35,59,9,40,41,38,71,69,66,52,39,86,70,107,60,,58,93,51,24,44,39,46,51,56,,,36,,34,50,,31,44,38,21,23,26,,,,,24,29,,19,33,,,,,,,,,,,,,17,,19,,9,,,,,,28,,,,,22,194,186,199,167,,189,232,170,85,193,128,150,136,135,141,157,173,,161,,,,,204,,205,,,,,,,,,,,,,,,,,,,,,,28,,19,38,29,,,20,,,,59,54,58,53,77,69,43,75,51,70,65,83,68,50,38,50,30,46,46,39,38,35,49,51,57,48,58,60,46,65,,43,35,41,44,47,,32,42,59,,40,,36,,33,28,16,,27,15,,30,29,28,28,29,60,,92,54,75,66,58,86,,,,64,67,56,55,73,,101,109,110,125,,,113,23,11,16,26,19,14,,19,9,20,69,20,33,98,59,62,76,64,114,63,28,28,110,220,208,256,224,207,211,203,226,317,175,225,243,245,63,82,83,77,63,132,,130,114,127,,,,93,65,111,104,52,59,77,,49,,33,,26,32,23,25,27,26,22,,17,33,,23,19,44,13,24,45,57,60,67,64,52,88,63,102,80,41,38,39,41,218,239,146,214,156,,121,,,8,,,166,,141,144,150,120,207,,197,162,,158,250,226,184,187,303,141,109,257,230,188,144,175,,80,87,65,62,64,82,,132,,151,,165,107,108,118,160,124,173,117,114,110,50,54,42,237,205,221,,,,,,,36,30,41,33,39,56,,,,,,,97,101,,82,38,33,44,35,41,52,19,24,19,,64,59,23,17,,85,87,,61,66,60,,,,50,34,,,200,196,197,54,,63,22,44,45,121,112,,119,163,,227,,286,266,244,275,,,248,225,,138,133,138,,272,307,336,339,382,223,61,175,152,94,140,92,195,124,343,161,148,133,129,138,124,119,106,91,72,71,84,154,86,,43,121,,116,138,,65,60,68,73,57,92,74,68,94,84,40,54,52,43,47,,42,42,76,,,,,,,,,172,150,,167,161,158,164,,249,244,,190,,114,111,111,165,179,185,237,,153,125,154,135,,,,137,138,,,,138,130,105,51,54,46,,,55,,81,,,62,,72,71,85,,,9,15,,17,16,17,,,32,22,23,21,29,22,100,98,118,116,43,50,66,38,,58,218,98,112,94,68,76,55,51,112,,,102,119,147,124,116,72,90,94,80,74,91,,23,20,,,29,39,279,251,248,218,214,221,176,171,96,95,119,139,201,213,246,204,255,252,248,232,246,234,234,203,53,30,74,96,,143,26,70,45,21,26,,64,37,90,79,101,,129,195,177,163,122,156,95,129,112,116,108,137,117,100,62,107,119,91,111,56,66,51,75,66,,47,51,45,20,39,27,36,39,,29,24,39,56,57,55,49,48,48,34,35,,49,49,26,25,54,61,,54,66,56,,,,,22,137,128,133,157,174,201,176,200,,24,68,,,99,95,102,107,,178,155,,128,266,,238,254,202,179,,204,199,286,225,293,,,,29,27,29,36,28,35,,,,42,41,18,,,11,10,53,19,44,40,38,82,63,58,71,79,,,,301,264,223,262,243,,152,207,183,245,182,177,88,94,179,197,147,118,70,68,,84,42,42,34,35,118,89,30,67,110,202,22,82,42,37,34,41,51,24,58,63,53,53,51,78,159,34,20,,18,64,71,51,13,61,,27,36,31,29,,167,,52,41,39,94,,103,61,56,51,90,79,,20,19,,31,35,24,18,37,49,37,,,,97,100,85,31,38,26,36,,132,,33,,50,64,45,,,13,8,4,,17,23,19,,25,27,,20,,16,28,23,,,11,10,11,15,,,13,,15,14,27,43,36,38,32,,,,,,18,,26,,21,22,21,27,31,30,,25,28,22,32,27,25,37,28,33,33,32,30,181,206,208,,129,174,156,154,,,157,125,,106,165,180,182,169,,,108,154,139,156,146,127,,210,187,179,36,,48,48,49,51,90,83,82,103,,,,,,60,,,,,48,,,40,,,,,68,,58,102,112,17,16,20,23,17,,17,16,17,,16,100,93,79,65,51,,,40,14,14,,,,,31,23,,26,38,57,18,30,12,19,,24,31,,25,,,,,6,14,13,18,19,,10,,5,11,,17,15,20,16,12,8,22,22,28,25,16,,63,67,71,87,78,59,56,92,99,,83,86,39,49,51,43,,94,70,96,63,68,69,,52,76,72,67,80,79,54,59,38,,,74,95,,79,110,122,125,115,,43,17,,,21,38,63,52,52,,29,24,29,,,,,,19,20,10,5,15,16,14,,12,31,23,28,17,32,26,,24,41,28,19,42,39,,18,28,15,18,71,,33,30,46,41,57,42,95,10,53,84,34,16,51,50,100,,14,,,9,131,130,,,54,61,48,41,70,111,109,120,,,35,104,190,161,65,75,38,36,61,62,58,66,77,60,66,74,118,59,,124,139,86,,88,91,153,69,116,72,34,68,41,48,54,34,73,63,61,155,173,87,81,,,37,37,67,121,158,128,217,,295,254,,146,107,129,9,,30,66,,100,96,,99,26,,108,,195,253,184,190,106,44,32,80,49,31,54,74,143,173,196,111,14,90,72,102,54,222,229,57,46,54,57,28,165,47,59,112,61,111,100,169,42,,75,23,106,57,68,40,141,156,98,123,58,,63,76,79,222,,120,162,156,22,74,,92,17,,9,181,,,139,,7,119,141,116,67,61,184,,185,,181,9,5,11,12,94,109,23,110,69,126,116,66,,,
20171215,4,PM10_24h,83,80,102,89,98,89,88,95,88,89,109,83,,,94,,79,69,96,,76,68,74,,73,84,,151,189,212,,155,163,139,112,113,124,136,137,129,72,78,89,,120,152,170,180,143,157,162,162,192,178,173,105,,106,109,119,151,134,107,163,124,118,124,,115,109,109,108,123,117,136,153,164,164,147,333,,287,333,272,365,300,299,365,157,129,121,170,105,122,134,111,132,204,194,,159,207,202,190,175,,210,70,66,52,70,63,55,37,98,67,35,92,91,120,94,80,84,106,112,104,115,97,106,73,,97,110,135,150,119,104,104,122,37,34,27,25,30,34,28,25,27,33,46,43,51,42,50,54,55,46,53,45,38,36,32,36,59,60,40,28,36,34,38,32,56,,,,140,89,,134,132,133,,54,55,45,,49,68,57,59,47,49,56,52,52,,,,49,52,,52,43,50,41,44,,44,63,52,52,58,61,51,43,,53,,84,77,83,43,68,33,50,45,54,81,64,55,70,40,52,64,46,70,,87,77,54,38,55,58,58,57,67,,,41,,47,51,,47,55,51,26,28,34,,44,,29,34,34,25,22,36,31,63,22,,24,27,38,30,20,40,21,,32,,36,31,18,34,,24,,17,27,17,22,16,,22,182,188,181,168,,170,216,176,66,105,88,100,96,94,112,146,101,143,141,168,167,157,147,166,137,146,29,,45,43,,56,43,49,36,,,,,,,,,,,,74,62,,57,65,58,44,52,26,47,26,,60,56,57,48,92,87,38,66,45,103,70,87,91,73,65,79,63,70,91,63,58,54,78,89,84,92,90,88,82,91,52,63,54,55,87,59,57,67,66,70,70,57,,61,24,29,35,19,42,28,21,33,29,31,35,29,34,64,,66,57,68,73,63,87,,,,62,67,57,80,74,,110,111,112,132,,,106,61,28,39,43,35,53,49,34,35,44,70,42,35,59,53,66,69,67,104,51,40,82,65,170,165,205,196,182,193,172,205,230,161,169,194,186,125,123,112,114,109,163,,149,172,140,,,,120,140,84,79,70,79,62,,43,30,58,31,28,31,52,54,62,57,47,53,47,72,73,112,112,138,138,121,139,147,128,103,116,129,175,185,171,167,50,40,44,48,161,158,121,207,163,,118,25,29,37,26,,124,,112,113,127,96,138,,143,142,,145,180,167,141,188,180,135,152,200,188,137,130,143,,92,64,64,69,25,75,,116,,119,,127,102,120,115,132,126,147,93,84,79,42,46,41,151,161,155,,37,28,21,48,84,41,35,38,42,49,51,55,49,55,44,66,46,98,93,75,84,36,34,55,41,51,50,32,31,26,109,108,93,32,21,,52,52,,66,64,61,,,83,55,36,,,171,160,171,154,,151,123,145,151,122,124,,117,147,,177,,171,166,169,198,92,107,174,151,113,155,167,152,,209,171,272,256,318,153,76,152,124,79,118,61,202,106,310,191,150,102,155,126,125,127,116,99,91,55,118,102,92,,38,102,85,112,121,167,83,80,91,112,51,89,94,66,97,88,43,54,52,43,47,47,51,51,67,,32,,,,35,,7,162,143,,136,145,169,140,90,137,140,,128,,114,122,112,161,146,142,197,145,145,134,125,141,148,,144,147,144,103,,104,125,125,112,63,58,55,62,68,55,,69,,,60,84,74,79,77,18,23,18,20,,23,25,15,15,33,35,28,26,21,27,24,115,103,110,113,49,47,56,39,48,67,118,75,102,85,78,76,62,65,136,,,115,118,127,114,124,82,95,111,96,91,97,29,26,23,,29,50,48,188,180,179,171,214,208,169,157,127,135,149,143,220,210,206,205,212,206,217,205,205,208,203,163,86,74,94,68,,120,97,114,113,41,31,43,69,52,112,96,116,94,116,179,165,84,77,136,94,87,90,82,77,90,64,51,50,89,89,70,75,41,45,46,66,57,,57,57,48,35,45,34,39,43,,42,36,44,46,52,56,50,54,42,36,34,46,72,63,37,38,49,60,,59,50,50,,,103,100,50,131,115,132,147,159,168,161,179,,48,53,93,93,89,88,96,94,171,291,263,,255,232,,217,220,145,151,,145,160,203,169,192,151,,136,57,58,53,79,86,64,49,,64,76,70,87,,,44,30,49,30,69,70,61,128,116,87,131,124,243,279,207,335,186,210,166,176,154,123,210,180,152,120,107,94,81,153,190,123,97,78,60,100,73,55,50,50,52,88,136,32,42,67,118,25,83,53,54,46,50,57,25,48,46,38,51,46,95,107,34,42,42,63,105,81,50,20,74,57,51,58,51,47,,78,67,62,53,53,84,77,87,46,51,53,54,55,45,43,38,30,53,32,20,27,36,45,41,,,,81,83,77,49,48,39,44,93,99,,53,56,49,54,43,27,19,24,28,14,21,18,25,18,10,18,16,16,25,26,27,35,29,30,26,16,19,19,19,18,16,44,46,40,38,30,43,36,39,37,25,32,25,30,31,24,28,35,33,32,30,30,32,35,40,37,35,39,36,27,28,22,32,22,30,31,35,37,140,135,127,,131,141,126,157,,183,154,137,,112,171,178,182,178,,132,114,144,141,111,109,108,,169,172,172,46,44,54,54,58,66,82,84,87,133,137,146,,46,48,71,,,,,57,48,,47,37,44,45,56,73,56,55,101,91,20,29,36,48,32,39,32,20,42,30,30,123,107,94,71,75,22,35,45,23,27,40,,,42,49,56,64,44,50,75,23,35,40,36,36,41,60,99,32,25,28,30,15,21,15,16,19,19,11,17,19,12,17,22,30,29,33,30,28,12,32,22,26,29,13,8,72,66,80,93,95,68,67,97,100,89,93,90,70,74,79,68,84,111,98,102,68,94,91,,84,110,105,95,116,103,71,90,69,83,,91,112,,78,111,118,120,126,36,63,38,,,21,29,46,50,55,,55,55,56,29,,,,,42,41,27,28,23,19,26,,20,45,44,53,57,66,26,22,30,45,50,29,39,47,,27,40,29,26,73,,43,48,47,53,55,51,112,35,96,109,23,23,66,50,199,,30,,21,31,114,113,122,117,96,95,105,97,79,96,79,134,,,94,155,163,174,94,123,70,65,121,132,85,85,131,110,113,106,121,67,,108,123,107,,133,122,97,158,90,67,65,92,68,57,63,55,95,88,71,212,210,109,94,17,62,60,53,56,162,174,142,328,,255,189,163,139,146,132,33,52,47,62,54,54,69,33,119,48,82,75,72,188,236,140,182,250,54,46,55,64,37,56,56,124,140,176,116,21,67,56,101,115,267,127,71,50,77,64,50,117,50,71,73,160,113,133,149,51,59,86,49,51,49,62,46,129,135,47,75,51,,69,71,69,150,,92,162,138,40,57,120,106,50,89,67,140,33,148,114,27,21,84,131,168,71,152,136,33,141,,129,43,40,49,41,121,137,82,84,72,140,110,61,78,77,126
20171215,4,SO2,18,11,17,6,17,19,19,19,3,19,18,13,,,16,,18,21,18,,16,15,14,,8,4,,23,22,27,,27,23,54,22,24,30,29,35,23,40,74,38,,37,8,16,,19,25,34,61,31,32,32,10,,9,7,9,37,29,41,32,32,12,10,,23,31,34,32,10,17,19,22,25,18,18,124,,44,146,212,183,265,26,117,18,17,12,16,10,10,9,8,87,123,124,,113,111,125,122,134,,83,18,14,27,17,13,9,12,13,11,15,164,159,24,59,45,21,27,39,16,13,34,35,18,,158,168,87,101,67,13,39,29,10,7,8,9,9,9,8,7,7,8,16,10,9,6,4,9,9,5,19,9,8,5,13,8,7,18,10,16,13,8,26,16,27,,,,15,4,,9,18,7,,7,8,10,,16,11,11,12,10,12,15,13,16,,,,16,18,,1,3,4,6,5,,5,10,4,16,10,5,6,8,,10,,2,6,5,16,10,6,7,9,9,12,8,6,13,8,17,15,13,12,,7,13,9,9,8,9,7,7,15,,,8,,18,18,,4,5,4,5,8,10,,14,17,5,4,6,4,3,4,3,3,4,3,5,2,8,3,3,1,5,,4,,7,8,2,3,,3,,1,4,7,3,3,,4,11,21,26,32,31,28,42,24,23,25,23,23,26,12,28,16,31,24,20,20,20,12,17,23,25,16,4,2,3,5,3,2,1,5,4,4,4,5,3,3,5,5,2,2,4,6,10,10,,6,3,7,5,11,13,10,9,,4,7,7,11,10,8,6,7,8,10,15,9,19,15,8,16,7,8,10,26,21,23,13,9,17,11,24,21,15,11,5,23,27,26,18,12,12,8,9,12,9,,,15,9,11,11,10,12,10,9,7,4,5,4,4,6,9,,17,9,11,8,11,19,,,,13,9,7,6,22,,8,7,2,10,,,8,8,7,5,10,6,9,17,8,7,5,15,14,28,11,14,42,38,5,5,7,2,7,5,104,41,31,29,38,24,30,40,24,25,26,31,35,36,38,27,41,31,31,,33,18,28,,,,21,40,4,9,11,10,10,,12,8,7,4,8,6,8,5,8,7,3,6,7,6,4,9,7,10,10,8,11,9,9,25,22,8,16,28,9,12,11,16,10,40,358,139,61,187,80,,97,7,7,9,3,,27,,18,14,17,14,12,,12,10,,11,31,30,28,34,35,24,50,21,49,14,12,10,,23,21,21,19,33,21,,12,,10,,12,28,30,28,25,16,37,10,8,7,16,20,20,20,21,16,,8,8,7,10,6,8,8,9,11,10,29,12,6,10,11,12,13,14,31,33,25,6,4,11,10,8,9,2,4,5,12,13,13,5,7,,32,15,,24,28,23,,8,12,10,7,,,9,9,6,12,,20,12,14,14,8,10,,17,20,,40,,60,45,87,135,150,115,125,144,131,53,18,22,,88,82,80,120,175,82,19,106,75,39,58,29,104,61,90,78,113,95,22,57,70,84,154,140,31,26,26,37,25,,16,38,54,59,18,38,17,48,36,25,20,11,74,17,84,30,7,6,9,7,17,21,13,11,14,5,10,12,4,10,13,2,5,31,10,,16,12,6,7,8,14,7,,7,,23,12,29,17,9,9,20,26,19,10,15,17,15,,17,13,9,12,12,13,7,8,10,10,3,7,3,3,6,,2,,,3,5,7,6,4,4,10,11,10,6,6,5,8,2,25,54,14,30,9,1,3,1,7,10,5,18,17,15,14,17,18,103,32,21,23,14,7,15,11,8,,,19,3,11,7,3,6,5,10,5,4,13,9,6,4,,7,14,9,16,26,25,18,17,23,21,27,11,15,94,78,13,9,29,17,14,23,26,29,24,23,27,20,2,3,5,13,,20,7,34,15,1,7,8,5,6,7,12,8,23,17,13,21,43,35,19,12,21,18,29,10,19,17,14,15,19,9,12,13,8,15,14,6,33,,14,16,17,5,4,17,15,24,,3,6,9,8,7,11,6,7,23,10,15,9,10,7,9,10,8,11,,9,4,1,,,13,6,48,14,10,4,8,11,10,9,7,,9,10,19,31,13,20,9,3,66,54,64,,57,160,,212,161,46,27,,88,21,65,40,41,59,,72,3,7,4,13,5,8,2,,6,16,7,18,,,10,2,25,29,9,9,8,29,21,18,96,20,57,89,61,80,72,77,84,77,129,45,105,167,33,77,88,67,55,105,76,60,62,9,13,17,35,25,49,11,10,39,25,11,11,12,27,7,9,43,11,14,9,6,5,11,6,13,12,20,6,47,9,11,9,10,45,43,45,8,5,20,19,21,14,8,,26,5,6,27,15,8,8,17,7,12,5,32,10,7,26,10,23,7,5,7,2,23,2,7,4,,,18,5,16,11,11,3,8,9,11,,23,20,23,24,21,3,4,6,5,2,8,7,11,18,2,23,34,34,7,7,6,5,5,8,7,4,3,5,5,4,8,15,10,13,19,18,12,2,6,4,3,15,13,13,20,5,6,9,1,1,6,4,17,12,6,4,11,8,8,11,7,7,6,5,7,12,15,11,2,5,8,,19,9,12,11,,16,11,8,,8,7,11,6,10,7,6,4,7,5,11,12,14,,8,8,8,4,4,4,11,5,8,31,22,4,9,8,11,5,4,2,3,10,16,10,,7,5,,2,1,2,6,1,4,5,2,5,3,6,13,13,7,7,6,5,8,4,6,14,4,5,2,7,1,13,7,7,12,3,2,,,4,1,3,1,1,3,2,3,9,4,3,5,29,4,1,3,5,4,11,5,6,6,11,22,13,1,7,7,4,3,6,9,9,9,1,3,3,5,10,8,6,5,6,15,21,16,11,12,7,7,3,5,6,5,12,3,3,4,1,3,2,5,3,12,13,10,,12,10,11,13,9,19,24,1,9,23,,5,8,,6,8,9,6,8,7,11,7,,,11,11,13,18,19,,28,44,27,12,,,,,2,10,7,8,1,2,5,,16,8,7,13,32,,11,8,8,4,10,26,18,10,,6,11,7,6,8,,5,7,15,9,9,10,7,7,7,5,3,5,5,6,3,,8,,5,3,9,10,8,13,13,32,17,11,10,14,18,14,,,7,10,23,17,23,14,14,12,11,10,11,8,12,11,9,34,35,3,,23,16,3,,30,8,8,21,7,18,9,17,16,7,12,5,12,16,12,16,22,5,6,5,7,10,7,9,17,15,4,17,,24,45,53,37,47,46,3,3,4,9,10,8,47,3,12,11,11,10,16,35,201,60,99,27,14,9,10,13,10,23,8,26,12,8,9,8,24,36,33,12,91,91,7,6,3,4,4,15,2,6,22,22,100,34,10,7,23,7,8,15,23,17,6,7,41,22,26,16,15,8,10,18,143,,17,9,16,6,35,7,9,4,20,4,19,7,16,15,2,4,17,15,31,16,25,27,4,31,,8,12,22,17,69,6,41,14,31,6,12,5,3,2,4,2
20171215,4,SO2_24h,20,14,24,17,23,24,18,21,12,19,20,14,,,20,,24,29,23,,23,18,20,,16,13,,19,25,34,,22,21,8,48,46,56,59,73,51,27,52,42,,40,9,19,20,24,38,44,33,36,28,32,31,,24,24,26,41,43,46,58,44,23,22,,24,44,42,42,8,15,16,22,26,18,20,104,,63,151,229,130,215,55,131,36,40,48,49,40,28,41,29,68,85,93,,102,133,122,110,185,,118,39,56,36,41,38,23,15,43,38,29,127,184,59,55,68,23,29,44,31,40,66,59,26,,140,133,90,104,151,23,67,53,9,6,8,9,9,8,8,7,7,9,13,10,6,6,5,9,8,5,12,9,6,8,14,8,6,17,11,15,11,11,18,16,22,,,,26,9,,12,23,11,,6,7,8,,16,11,7,11,8,9,10,11,10,,,,15,17,,3,4,5,5,6,,6,7,6,14,9,8,7,9,,8,,3,6,6,13,9,6,6,9,9,8,6,4,13,8,11,11,12,9,,9,9,7,8,8,8,7,8,14,,,8,,8,10,,18,5,5,5,8,9,,16,12,5,5,6,5,4,5,3,4,4,4,7,2,9,3,3,2,5,,4,,8,8,2,4,,3,,3,4,8,5,4,,5,22,22,25,31,24,29,32,34,21,15,24,22,22,12,22,22,21,19,16,16,15,13,13,18,19,13,4,3,4,5,4,2,2,7,4,4,4,5,4,3,5,6,3,2,4,8,11,10,,6,6,10,5,12,14,9,10,,5,7,7,11,8,9,6,8,9,11,10,8,18,13,8,12,7,10,13,27,20,20,20,18,18,12,19,16,14,7,7,17,19,16,15,11,10,8,9,9,11,16,,17,10,14,12,10,12,9,9,10,4,5,4,4,6,8,,15,13,13,13,16,16,,,,17,15,15,9,17,,13,8,4,12,,,10,10,8,12,24,8,29,25,14,10,15,18,12,14,13,14,24,24,7,10,7,3,14,5,29,31,35,33,31,35,21,48,17,28,22,26,31,39,31,32,32,30,32,,30,28,28,,,,63,43,3,9,14,8,9,,11,7,8,9,9,11,11,6,7,7,2,11,7,7,6,35,37,40,34,33,23,29,26,20,22,22,83,99,41,59,43,35,22,50,104,86,53,156,145,,120,7,8,10,7,,25,,15,19,20,14,15,,15,16,,14,39,41,41,37,44,31,55,29,46,20,17,10,,27,20,30,27,26,33,,16,,10,,15,18,22,18,24,18,28,11,8,6,13,9,10,24,28,22,,9,8,7,11,7,9,9,9,12,11,18,9,7,9,11,9,12,12,13,16,19,6,5,7,11,9,9,2,5,5,17,18,18,6,7,,18,17,,22,21,20,,12,10,9,9,,,6,8,10,66,,82,67,132,113,12,15,,23,26,,85,,83,67,84,88,96,89,58,92,91,105,33,87,,101,88,121,114,96,102,35,50,38,29,33,23,112,71,105,139,99,62,35,97,99,98,140,150,36,30,60,37,39,,12,44,70,58,29,36,18,29,22,16,17,23,28,28,40,29,7,6,9,6,15,15,13,11,21,5,10,10,12,10,10,3,5,14,10,,17,11,15,9,16,20,15,,16,,19,13,15,15,8,6,10,14,15,10,14,14,18,,15,14,11,11,13,14,5,10,8,8,3,7,2,5,6,,2,,,3,7,6,6,5,4,10,18,11,6,6,11,10,3,18,53,11,20,7,2,2,4,7,9,6,17,14,13,14,17,14,66,32,31,22,12,8,14,11,34,,,19,4,8,5,4,4,7,12,7,6,9,18,7,5,,13,19,10,21,29,26,20,32,41,32,33,14,17,58,45,19,19,23,21,23,22,24,26,20,24,21,15,27,11,13,12,,35,37,58,51,2,7,9,4,6,19,14,9,25,26,15,20,27,23,20,15,26,29,38,10,22,17,16,13,11,8,14,18,9,12,12,8,20,,13,16,17,6,4,15,13,24,,3,5,9,6,7,13,7,5,12,10,27,5,5,7,9,10,9,9,,9,4,2,,,46,31,26,13,9,4,7,10,8,8,6,,10,9,26,31,19,18,13,6,131,105,138,,119,163,,191,177,47,35,,68,56,84,75,63,74,,103,10,20,9,66,66,35,10,,20,33,21,39,,,27,13,57,34,14,13,12,81,101,102,114,79,82,116,72,106,61,48,50,73,262,111,234,182,57,55,70,60,46,80,80,83,58,22,17,20,21,24,36,13,10,20,32,7,14,12,21,7,22,26,28,17,13,12,9,11,16,11,11,18,16,28,9,35,44,55,95,96,48,8,6,17,17,16,15,5,,19,7,8,24,14,11,10,19,13,22,6,19,12,7,15,8,18,5,7,6,3,22,2,12,4,,,14,7,13,8,13,2,7,13,15,,16,15,22,27,21,1,4,6,5,2,9,8,10,17,2,7,9,10,11,11,9,8,6,9,8,4,4,5,6,4,4,22,12,14,17,28,18,6,12,10,6,30,37,34,43,4,4,11,7,2,9,7,17,12,11,9,16,14,16,6,7,8,7,5,8,15,14,9,8,16,18,,21,16,7,16,,21,16,14,,19,6,10,5,10,9,6,5,6,6,11,11,14,,8,8,7,9,5,4,8,5,8,11,20,5,11,11,10,6,4,3,5,10,14,7,,7,8,,10,2,2,4,2,4,5,2,8,4,9,16,14,8,9,7,9,14,8,13,13,5,3,1,12,1,13,8,8,16,4,6,,,5,4,4,2,3,4,2,4,4,12,4,5,8,4,4,3,7,5,9,5,6,6,12,11,11,1,6,8,4,3,6,9,17,21,2,3,4,5,9,8,6,5,6,15,19,18,13,8,9,11,9,10,12,12,9,5,5,6,4,4,4,24,3,19,20,14,,17,24,14,13,13,26,17,3,13,8,,5,6,,7,9,8,6,9,9,16,10,,,11,11,15,13,16,,26,32,32,16,,,,,2,11,10,9,6,3,6,,40,11,12,22,54,,12,8,8,5,11,18,20,12,,15,7,7,5,8,,5,9,18,15,9,11,15,9,8,8,3,6,16,9,5,,6,,5,4,9,12,9,15,22,36,33,24,11,21,23,21,,,43,11,49,29,21,20,20,14,25,30,14,13,15,37,19,40,26,6,,39,39,14,,48,23,12,42,60,21,19,16,21,11,20,10,14,13,12,23,24,17,17,5,12,8,11,13,19,21,4,23,,30,35,52,46,48,39,5,29,21,11,14,12,32,4,18,12,22,12,20,36,192,44,134,52,6,9,9,10,10,23,6,18,16,16,10,8,21,19,52,20,103,85,13,7,4,5,7,21,5,4,34,102,53,114,17,8,15,8,8,12,13,15,5,13,77,15,23,12,16,14,16,15,91,,19,14,16,6,17,15,10,5,47,25,27,7,13,21,2,4,27,20,34,19,86,27,10,34,,14,19,36,31,41,9,30,27,32,13,24,7,2,8,4,10
20171215,4,NO2,82,40,82,77,94,78,93,80,51,63,84,90,,,60,,57,62,58,,52,64,62,,65,59,,62,59,66,,48,53,61,69,67,72,69,72,72,80,78,84,,78,60,55,54,63,80,70,69,66,75,81,8,,7,7,16,64,58,67,70,58,65,72,,68,47,61,54,47,46,46,65,57,60,62,83,,75,65,72,76,74,66,82,13,15,20,3,27,14,9,7,78,86,83,,80,91,79,88,75,,81,29,21,39,25,24,24,18,40,29,31,57,48,47,53,55,41,51,48,46,33,57,48,19,,74,80,76,71,72,21,46,68,34,31,44,33,29,45,26,14,30,18,40,34,53,37,31,40,37,36,51,40,47,49,30,40,33,48,47,32,29,29,27,33,59,,,,52,47,,50,53,59,,25,25,21,,41,46,44,43,50,52,49,38,61,,,,48,38,,14,36,41,14,17,,19,43,29,34,32,38,25,40,,42,,43,42,51,56,74,39,59,46,51,67,58,46,59,51,57,54,58,56,,41,,48,50,42,53,42,59,49,,,42,,62,66,,18,24,22,5,5,4,,52,53,35,45,42,25,28,39,35,23,18,17,23,16,37,39,32,23,17,,48,,54,24,8,15,,27,,26,29,35,43,26,,21,41,48,61,68,62,72,68,55,57,70,64,85,71,110,78,76,73,51,57,55,52,41,56,48,55,47,21,21,26,30,24,32,29,21,28,30,29,31,31,31,38,36,39,39,32,38,40,40,,40,41,49,37,35,32,42,22,,16,11,20,13,32,53,9,33,13,45,68,59,57,58,43,36,46,41,52,50,49,46,56,49,41,61,50,51,50,46,34,41,34,39,46,29,22,31,27,43,40,34,,42,28,39,38,20,17,34,35,41,5,3,1,5,12,36,,40,35,44,50,29,37,,,,26,40,27,43,41,,32,37,54,33,,,34,26,15,18,26,12,19,15,21,17,19,53,25,52,51,39,59,59,34,66,60,23,30,56,72,73,73,76,28,63,74,70,63,64,67,68,70,42,30,31,80,47,32,,71,20,35,,,,26,31,58,55,35,54,44,,27,38,28,31,37,38,34,36,30,35,36,22,33,28,31,8,8,6,9,8,9,10,15,16,14,13,37,52,38,50,5,14,18,19,85,95,70,81,58,,71,15,15,26,10,,61,,56,52,55,52,52,,57,17,,47,78,86,79,63,75,42,40,55,111,47,67,42,,15,38,35,29,43,43,,30,,37,,42,38,42,52,37,42,58,53,33,34,18,30,15,64,54,54,,23,31,23,25,27,22,14,15,23,23,37,25,25,25,26,22,29,39,22,21,22,28,25,31,10,17,13,29,22,23,48,41,39,37,33,,44,42,,36,36,50,,38,37,45,23,,,50,48,39,2,,6,4,8,5,18,37,,27,23,,34,,40,17,44,75,75,60,71,67,71,37,32,49,,81,81,73,58,89,67,33,83,87,57,67,55,93,53,53,57,58,58,42,68,72,70,64,68,35,44,64,62,39,,13,47,38,47,33,42,25,34,42,45,29,51,57,52,58,46,43,44,45,38,27,26,31,27,32,29,29,24,24,28,36,30,6,45,50,,43,23,41,40,50,50,52,,53,,50,53,54,46,47,58,41,48,49,45,46,45,48,,49,30,42,44,39,38,46,44,44,23,21,21,27,11,16,,39,,,25,27,24,12,11,18,29,20,27,20,22,17,20,9,30,18,19,28,14,6,6,26,42,38,35,,30,45,28,37,28,76,36,66,44,28,34,26,40,27,,,31,37,41,45,38,23,17,21,31,20,19,29,22,26,,14,21,6,74,62,74,60,33,40,47,38,26,46,54,60,78,42,53,65,59,54,56,59,74,64,73,72,6,9,5,18,,42,8,7,11,14,11,2,34,23,16,27,21,42,47,33,40,79,64,80,40,58,77,47,44,50,52,19,40,42,44,31,34,20,21,33,40,33,,49,86,46,31,35,32,33,43,,,24,24,29,39,85,47,40,34,43,39,37,58,128,13,8,49,51,,46,43,39,,,33,25,38,33,45,33,47,46,50,46,48,,19,31,32,37,24,39,29,16,51,63,36,,60,73,,66,67,54,46,,49,49,69,59,56,46,,45,6,8,9,7,12,4,7,,13,12,12,7,,,8,1,29,18,10,6,5,24,20,16,16,28,75,94,73,73,69,85,86,100,37,52,51,55,71,90,64,83,70,63,56,59,56,26,18,30,29,25,44,18,17,52,38,4,29,34,53,18,24,23,11,11,18,11,5,39,27,32,37,20,43,58,53,8,3,18,55,65,63,6,21,18,32,59,16,46,,37,19,23,36,12,40,41,50,65,22,51,54,60,61,44,29,44,46,36,15,17,24,24,10,33,,,50,38,54,30,25,20,15,44,44,,37,49,60,49,21,9,7,41,17,7,13,13,16,19,3,26,22,25,18,18,20,24,27,29,26,4,2,3,15,17,34,14,29,21,17,37,33,29,26,30,37,40,12,30,27,28,35,28,30,41,21,31,27,36,23,21,19,23,23,15,20,18,21,17,31,20,20,13,68,47,52,,43,54,49,51,,55,52,,,46,51,43,40,47,27,49,41,50,38,68,62,46,,58,52,44,20,30,41,32,25,19,48,44,42,39,44,59,47,29,14,10,40,46,46,,29,29,,15,40,46,41,27,25,26,26,27,21,30,30,33,28,42,32,19,20,23,22,25,34,43,34,23,29,39,28,27,30,26,36,,,21,19,10,9,9,11,10,12,21,28,23,19,3,3,20,25,16,22,26,19,17,17,11,16,24,12,14,19,12,12,17,16,19,9,28,19,12,12,12,10,15,10,10,32,31,31,33,23,18,21,16,14,2,14,34,21,27,24,20,39,36,49,28,15,17,17,,18,32,44,18,42,37,22,3,9,25,,,30,,19,55,19,26,14,9,6,12,,,16,38,42,59,41,,17,29,34,13,,,,,2,16,22,12,10,7,16,,15,16,11,15,16,1,1,6,24,21,14,13,42,23,,7,6,10,13,24,,11,13,31,23,23,29,2,10,21,12,10,18,46,31,11,,9,,6,10,37,41,40,28,29,37,26,21,22,39,42,39,,,6,31,53,56,17,11,19,10,20,19,20,49,18,15,10,36,56,25,,39,42,23,,32,16,37,16,7,11,7,20,19,9,20,10,43,18,27,73,68,37,40,3,20,23,3,24,73,74,19,10,,62,57,59,50,50,48,7,3,35,33,31,42,62,11,19,38,66,63,59,57,71,48,52,52,35,30,67,62,34,10,29,40,41,50,37,32,36,33,30,29,73,89,15,45,10,30,57,65,41,52,53,7,44,19,44,10,54,51,11,64,61,55,28,30,62,57,54,57,57,43,23,38,43,,60,44,54,36,43,21,25,13,4,4,58,8,50,50,32,22,71,51,30,31,17,65,8,52,,58,17,23,21,23,26,60,7,82,37,62,28,38,39,35,47
20171215,4,NO2_24h,71,61,68,67,80,69,79,74,62,70,78,77,,,67,,63,69,67,,65,64,56,,63,63,,64,69,67,,53,63,52,64,66,70,70,70,71,50,59,66,,61,53,51,49,56,76,70,65,62,69,78,52,,58,58,55,56,59,59,65,57,70,77,,69,60,56,58,45,44,38,53,52,58,55,82,,81,82,83,81,83,82,87,45,44,48,57,47,50,47,43,56,73,78,,66,99,84,85,82,,91,73,44,59,54,38,53,20,69,60,31,65,62,54,57,60,24,34,55,50,57,57,65,30,,78,79,81,76,75,34,58,71,48,43,48,44,43,50,43,27,40,31,45,32,51,44,37,42,43,37,45,47,56,54,42,58,41,68,52,33,35,40,42,42,47,,,,56,52,,46,56,62,,36,24,26,,45,60,43,47,52,51,51,42,54,,,,47,41,,22,30,32,24,27,,32,30,26,32,32,34,31,40,,38,,43,44,52,56,75,26,65,54,60,72,59,47,66,48,46,66,59,63,,67,58,56,53,42,60,42,55,45,,,47,,41,49,,38,29,34,11,7,9,,47,45,34,29,27,28,31,40,47,34,28,21,35,27,43,52,38,32,22,,31,,45,29,9,23,,36,,28,33,42,48,27,,21,67,58,65,74,64,76,71,60,49,58,64,76,61,86,76,74,50,52,57,53,51,46,53,51,60,46,27,29,35,40,30,44,37,34,29,21,31,33,32,29,40,36,40,39,31,27,59,49,,52,46,59,39,46,35,48,29,,29,39,39,26,31,49,12,29,25,40,58,62,61,69,52,40,53,54,65,57,51,44,73,60,66,71,64,66,63,59,38,45,41,48,50,29,27,29,30,41,44,39,,41,35,41,46,26,19,38,37,44,6,6,10,10,15,33,,45,50,52,52,36,49,,,,40,53,46,51,44,,39,39,50,38,,,45,24,17,26,31,14,28,24,27,23,27,40,38,15,36,39,43,46,39,64,45,26,44,27,70,71,68,78,49,64,67,71,56,65,63,66,59,62,55,27,62,67,50,,58,33,28,,,,55,51,50,49,30,45,39,,14,40,33,33,42,40,36,37,34,38,38,15,34,30,33,41,46,44,37,40,36,46,42,40,40,38,67,87,68,70,23,21,28,34,88,89,58,65,60,,69,16,21,28,11,,57,,56,57,57,58,50,,51,38,,50,72,79,73,67,77,50,59,69,78,41,55,39,,15,45,54,55,50,50,,34,,44,,46,50,54,54,42,37,54,49,38,37,21,38,29,61,49,53,,30,37,32,24,37,28,19,12,25,24,34,25,24,27,25,20,26,33,21,22,26,28,30,40,17,23,16,31,25,23,54,51,48,34,29,,28,23,,33,32,37,,41,34,42,18,,,53,53,48,45,,41,39,54,37,31,49,,41,42,,41,,49,23,36,73,75,62,69,70,69,46,40,84,,86,83,88,71,86,79,54,68,65,38,50,33,85,56,53,59,61,54,42,68,67,68,66,69,53,36,62,52,47,,9,45,49,52,44,45,27,42,43,42,21,32,45,49,90,67,46,41,51,37,34,29,29,30,22,30,31,22,28,20,39,27,6,50,54,,50,33,47,45,49,54,52,,60,,50,57,51,49,50,57,47,52,47,45,44,40,43,,43,33,49,44,39,42,46,43,40,27,21,23,24,15,14,,31,,,21,32,29,18,16,19,37,22,34,19,22,16,22,10,32,25,24,29,17,10,12,22,36,38,29,46,39,44,41,52,35,69,50,70,40,44,46,37,52,41,,,56,28,37,43,38,27,25,29,34,38,32,33,25,26,,27,31,20,66,66,63,60,46,53,56,44,36,46,57,53,78,56,59,66,63,51,58,61,59,56,59,58,17,21,13,34,,35,34,26,31,27,24,5,43,16,45,48,38,40,52,53,53,55,44,75,57,51,66,42,34,37,42,20,43,37,37,34,48,20,19,37,43,32,,44,77,45,40,33,38,34,34,,,31,32,20,32,65,42,42,34,38,46,41,52,71,23,16,55,58,,43,45,43,,,58,40,39,38,47,37,51,47,48,46,49,,34,32,49,49,32,42,34,26,64,72,57,,77,80,,73,78,46,38,,43,43,70,67,66,47,,48,15,14,11,34,44,24,29,,22,27,25,40,,,23,18,31,21,16,15,10,47,57,51,54,51,89,113,79,80,48,67,62,93,47,53,62,58,71,78,55,61,53,61,57,57,51,28,21,32,32,28,46,23,28,47,39,7,17,28,40,10,27,22,32,15,38,30,2,21,39,21,41,17,63,45,46,20,20,36,63,68,46,8,22,30,40,48,18,35,,30,29,31,34,19,46,36,48,51,46,39,38,42,42,37,26,40,33,22,17,17,27,28,28,23,,,49,34,62,35,32,23,12,31,39,,30,38,58,46,29,22,9,21,19,9,18,20,21,19,3,17,18,21,22,21,24,35,35,38,33,7,7,5,22,22,32,23,38,31,23,37,30,32,33,30,31,36,18,40,40,27,37,36,38,48,29,34,31,41,34,31,26,34,33,14,23,21,22,18,33,22,26,28,68,49,55,,49,67,52,59,,61,58,46,,55,52,44,43,51,28,49,43,49,39,50,48,35,,61,56,47,31,39,40,31,32,26,47,49,48,45,48,61,49,39,24,19,50,55,53,,26,24,,23,43,42,39,25,27,28,28,36,24,30,31,36,29,45,33,28,30,32,30,35,30,43,32,25,29,38,31,30,32,29,41,,,23,31,14,15,16,16,20,19,20,32,30,22,6,21,25,25,17,27,31,25,22,38,16,17,26,11,19,22,17,14,23,27,26,22,27,19,12,21,20,14,18,10,12,28,38,42,41,29,29,30,29,25,17,27,37,25,37,34,28,36,49,54,42,19,31,32,,30,48,60,49,47,51,24,13,20,30,,29,36,,18,48,23,32,19,16,19,23,,,16,32,31,43,37,,35,30,43,18,,,,,6,22,30,28,18,15,28,,18,15,16,28,34,3,27,22,20,20,18,16,27,18,,9,8,15,17,26,,17,17,32,28,22,30,23,15,29,16,13,24,41,23,17,,7,,5,11,21,42,42,36,32,43,35,36,21,29,30,41,,,20,45,63,63,34,28,18,16,48,42,29,34,32,37,26,37,48,39,,44,48,38,,45,30,30,24,21,20,10,22,22,16,28,19,28,25,32,74,71,28,55,5,28,18,10,22,59,63,29,45,,67,42,64,51,52,51,9,4,37,29,34,25,53,28,32,48,67,67,64,64,82,37,56,78,39,30,71,48,39,14,22,49,41,56,44,32,30,29,36,40,74,69,28,44,14,36,46,71,36,47,60,50,46,47,42,18,53,50,23,46,50,54,27,37,69,38,52,48,59,57,52,49,46,,67,54,57,33,28,36,39,20,38,27,48,9,43,43,37,17,74,63,50,42,30,61,23,54,,50,24,28,26,29,24,43,43,64,49,66,28,32,36,30,50
20171215,4,O3,1,30,14,2,2,1,6,3,,1,4,,,,5,,6,6,4,,7,1,1,,,4,,4,3,7,,,2,21,8,8,11,11,8,11,11,8,10,,9,,5,2,,14,3,12,16,13,6,53,,47,58,63,3,4,3,8,6,2,4,,3,10,4,12,7,6,9,5,3,7,2,6,,4,5,15,2,9,5,2,66,62,62,50,50,60,55,48,10,,5,,10,8,2,3,5,,9,40,36,35,44,43,55,24,32,39,52,15,10,6,5,6,23,19,16,25,26,35,34,81,,7,6,8,6,8,83,22,35,54,54,51,57,63,32,64,74,62,71,11,25,13,24,26,15,26,24,18,29,23,15,19,33,18,37,37,29,44,42,45,35,,,,,4,5,,5,3,11,,29,22,37,,20,21,13,28,17,19,15,21,2,,,,19,21,,43,19,11,50,49,,46,9,25,19,25,12,29,21,,10,,3,9,1,3,9,16,2,1,2,2,2,1,3,3,2,4,3,3,,6,,2,10,12,7,14,,,,,17,,2,5,,31,29,30,80,82,64,,1,2,9,13,7,11,8,13,12,19,28,32,27,28,50,17,19,29,55,,19,,20,35,46,60,,13,,21,17,14,11,24,,17,21,5,1,5,7,8,5,4,15,2,5,4,8,10,22,3,6,2,7,4,3,6,5,7,2,4,23,20,14,16,14,28,11,18,11,9,2,10,3,11,5,5,8,12,4,4,6,3,,6,2,4,14,4,8,3,19,,65,75,59,54,11,13,72,41,55,9,30,32,31,19,2,3,,,1,2,6,2,1,4,,2,2,2,2,,6,6,9,5,,7,15,9,6,3,5,11,,7,11,4,4,21,29,16,8,10,66,80,55,62,48,19,,8,34,10,14,34,17,,,,40,24,47,13,18,,15,22,10,14,,,23,25,20,26,13,23,23,16,22,10,22,10,38,21,5,24,9,4,29,6,15,34,48,12,8,7,6,6,1,7,5,9,9,5,8,5,5,44,53,53,13,52,61,,17,55,31,,,,63,39,4,5,14,11,8,,18,8,7,9,8,7,3,5,4,2,4,20,4,9,11,55,60,54,59,54,49,67,46,37,46,59,41,28,15,21,47,33,30,38,10,12,11,16,5,,5,57,61,59,70,,5,,4,6,8,2,,,,3,,2,5,2,1,,4,19,31,,12,7,8,6,,29,18,40,30,24,6,,12,,12,,8,17,19,17,16,18,,7,25,34,37,47,49,3,10,9,,26,19,26,24,19,51,65,53,44,51,40,49,45,45,47,44,39,20,19,7,5,4,5,3,61,60,55,11,12,10,3,7,8,11,6,,6,5,,28,33,20,,4,3,1,5,,,8,4,5,70,,41,51,53,51,32,34,,32,25,,5,,3,2,9,9,6,11,26,9,8,,,1,,14,13,19,8,16,9,31,5,25,14,17,13,14,3,17,15,12,1,5,8,4,13,7,8,36,25,9,16,40,,72,14,24,27,14,5,14,24,17,12,19,17,7,9,37,24,14,15,16,21,26,26,28,26,56,10,14,14,19,18,2,10,75,2,5,,6,5,2,,1,5,8,,,,,,,3,4,3,5,2,3,5,5,3,1,,,32,7,7,9,10,2,6,5,8,7,21,14,22,5,,11,,,12,21,34,33,31,22,19,11,18,8,21,20,15,19,8,35,10,5,12,54,56,17,10,7,5,23,25,7,20,22,22,8,20,7,6,15,11,16,9,28,,,50,11,7,12,9,48,29,42,49,66,50,40,21,14,,26,36,39,3,5,3,5,3,3,11,4,21,5,6,3,5,11,5,7,6,8,9,7,2,3,4,1,67,67,70,56,,6,83,73,71,38,30,29,44,12,56,54,208,11,3,20,22,3,3,9,30,6,3,11,5,13,11,23,15,8,1,45,29,37,48,24,3,18,,19,15,33,30,37,,30,36,,,57,58,24,9,16,4,73,26,21,28,10,21,8,52,55,28,20,,46,,5,,,26,22,4,2,3,6,3,5,7,8,5,,32,45,29,25,33,27,32,36,12,10,12,,15,5,,5,6,8,4,,9,4,2,10,7,13,,21,60,51,61,44,39,50,36,,56,41,76,74,,,52,65,22,49,78,82,84,25,32,35,34,28,14,12,6,8,8,12,6,5,7,12,4,3,9,10,6,2,21,3,6,5,12,23,28,16,26,42,13,32,50,19,26,56,37,33,7,36,41,52,57,65,36,38,26,23,29,31,22,59,22,,23,58,58,56,21,19,7,45,23,63,44,4,34,24,,15,21,22,22,15,10,12,13,28,2,21,20,14,1,37,26,17,38,26,19,29,40,33,99,6,,,10,14,16,29,24,31,26,22,10,,24,32,53,20,37,68,65,22,63,66,33,37,37,31,80,14,23,11,30,29,26,21,10,7,12,25,24,30,30,25,4,,2,2,14,6,8,8,10,8,4,8,6,8,6,14,16,5,10,6,16,11,9,10,23,23,19,16,19,15,15,16,14,16,13,11,10,14,4,9,4,,9,3,4,5,,10,4,2,,,4,10,,2,2,12,9,5,14,,6,6,,2,2,,8,7,4,2,8,44,6,5,4,6,5,2,5,16,20,26,16,16,11,,10,16,,24,5,1,2,3,6,15,10,1,8,1,1,2,2,2,3,20,19,19,15,18,5,2,3,26,17,18,6,,6,,6,,,11,7,31,28,27,24,26,22,14,11,15,18,19,25,15,15,22,7,1,29,28,32,24,23,7,23,17,12,19,13,19,16,16,13,11,8,27,28,25,17,14,23,23,33,28,32,27,46,39,45,57,22,28,27,23,22,24,25,19,25,18,25,18,30,28,24,,25,41,37,15,44,68,60,83,60,106,,20,7,,24,32,31,24,32,28,25,27,,,44,38,5,8,12,,21,25,49,35,,,,,40,29,26,34,5,21,26,,36,21,33,40,47,89,97,94,16,13,32,20,4,3,,50,53,36,36,3,,66,59,7,2,12,9,71,66,8,23,39,46,4,22,28,,65,,57,51,3,5,5,6,32,29,38,52,19,3,2,8,,,69,30,2,16,74,69,56,59,87,71,59,11,72,72,50,36,19,57,,4,4,49,,77,45,33,53,60,76,55,24,33,78,64,73,28,74,44,4,3,11,34,78,42,32,47,23,14,8,58,73,,4,27,27,9,4,11,45,65,97,20,27,9,10,58,31,4,2,4,3,3,12,6,8,17,30,29,8,2,16,37,23,10,15,2,16,19,4,3,51,47,7,7,24,8,35,2,18,1,25,,,45,20,52,18,20,,,40,,,9,16,6,14,5,4,7,11,31,36,23,10,,1,3,9,8,29,24,25,59,70,54,4,48,3,4,18,21,,3,42,25,14,,40,1,,2,8,6,7,5,13,21,56,8,32,3,1,6,7,9,7
20171215,4,O3_24h,24,30,24,29,16,25,16,20,14,11,24,16,,,32,,35,32,29,,38,32,52,,40,35,,25,19,13,,15,9,35,32,36,31,31,33,37,62,43,38,,46,40,61,47,38,42,26,30,39,39,28,54,,47,59,64,23,23,29,18,24,23,20,,18,41,52,52,26,42,41,23,22,24,29,13,,15,16,32,8,15,9,11,66,62,62,50,54,60,60,48,42,31,29,,27,12,13,13,10,,78,46,46,58,63,64,60,72,66,43,76,42,35,21,49,41,87,73,63,61,58,87,70,105,,43,46,39,44,42,90,56,74,61,59,61,62,69,51,66,75,72,71,64,63,66,51,53,60,65,60,64,45,42,26,41,41,34,43,54,69,64,56,59,68,37,,,,29,32,,35,30,37,,45,50,67,,37,38,45,48,37,44,50,41,52,,,,40,61,,73,72,73,61,64,,56,55,65,57,58,53,63,57,,123,,31,37,25,22,22,67,10,27,14,15,15,13,38,38,54,35,55,45,,12,40,31,32,41,32,43,39,34,,,55,,40,41,,52,70,61,83,88,71,,40,42,31,51,50,29,31,43,36,34,44,57,39,57,69,24,42,47,85,,69,,78,62,55,79,,24,,35,38,23,29,40,,37,21,6,2,48,7,11,9,10,54,44,26,51,46,27,50,17,57,20,21,21,19,18,24,21,16,25,25,22,18,21,20,36,14,18,28,37,10,17,10,21,11,13,14,19,12,12,17,28,,26,38,32,34,25,37,35,37,,92,91,71,86,130,111,87,83,63,105,147,112,146,92,29,32,24,38,37,24,28,26,47,62,67,68,41,42,38,44,48,45,39,52,44,55,49,53,66,85,22,33,,36,20,20,12,33,38,36,24,22,72,97,55,62,63,47,,39,45,33,25,50,21,,,,51,24,47,28,36,,39,52,41,36,,,42,76,33,33,30,34,29,21,33,31,31,92,97,97,89,92,85,78,112,109,114,100,108,116,14,14,11,8,7,9,12,12,28,12,19,7,15,66,56,80,68,55,94,,58,104,70,,,,80,48,32,35,53,39,42,,56,17,10,16,16,16,9,11,11,6,8,59,9,18,18,61,69,54,63,56,49,67,62,56,64,64,41,28,18,21,56,54,52,52,45,79,42,54,20,,20,82,79,73,87,,32,,26,29,30,19,29,,29,31,,9,20,20,15,20,23,34,31,23,26,66,136,48,,67,59,57,41,59,47,,53,,48,,44,44,41,131,33,45,28,43,49,59,55,68,59,31,47,39,,39,28,41,40,38,91,113,110,87,97,98,97,97,93,101,99,92,86,73,81,76,65,62,48,92,92,86,40,44,39,63,66,65,47,49,,81,96,,105,115,112,,27,31,28,67,,,28,26,22,70,,41,51,54,51,58,58,,56,50,,34,,33,42,36,27,29,32,46,24,52,5,8,18,,29,31,21,35,63,22,31,27,38,56,39,58,31,32,27,21,33,12,32,26,30,35,26,25,71,66,55,69,72,,88,50,49,52,40,50,61,46,57,60,77,52,42,42,41,30,40,42,39,42,59,58,64,58,118,30,42,41,43,70,43,38,95,18,27,,36,16,16,10,37,32,44,,17,,13,13,18,12,14,14,12,15,19,17,22,24,15,,18,46,22,16,31,20,14,28,23,17,16,25,58,33,23,,23,,,25,33,48,39,36,49,50,46,50,22,35,33,29,33,18,41,17,11,36,58,63,44,36,34,40,23,25,14,20,22,107,86,89,94,91,15,12,16,9,53,,,50,45,41,39,45,59,51,47,58,66,61,71,47,50,,41,79,93,17,15,17,19,9,12,30,24,44,46,29,33,13,18,18,14,17,17,16,18,13,9,13,17,93,93,97,77,,70,85,89,71,57,45,37,60,59,72,84,208,83,39,20,27,50,50,36,43,44,60,65,52,57,53,60,53,41,1,66,50,57,74,55,62,58,,45,44,60,38,54,,43,61,,,66,66,69,63,61,57,101,56,45,58,46,61,47,65,75,39,36,,74,46,48,,,42,44,11,20,11,17,9,23,28,23,16,,83,93,43,40,49,46,47,37,18,20,16,,23,17,,21,20,35,25,,36,28,14,19,17,42,,48,90,91,93,44,39,53,36,,81,53,80,74,,,54,65,50,52,105,100,99,69,40,49,38,54,31,20,21,16,29,42,33,26,15,28,14,12,55,56,53,44,57,15,25,40,37,60,60,31,48,97,80,79,68,64,68,76,79,69,72,78,67,62,58,152,58,66,66,73,87,76,61,79,52,60,46,76,71,79,44,59,51,53,71,63,64,59,62,73,,48,39,52,52,48,53,49,55,66,63,65,53,59,55,76,79,28,78,89,51,51,66,69,99,55,,,62,71,62,42,38,52,55,51,47,,63,64,68,54,61,76,77,84,86,78,54,58,58,53,88,54,61,56,47,52,51,45,36,41,40,33,36,33,35,33,28,6,7,7,23,20,22,24,22,18,29,35,33,29,24,34,63,25,30,20,23,21,14,19,39,40,42,39,32,26,21,21,21,25,34,28,31,39,39,38,40,,17,20,10,17,,23,17,11,,9,12,20,7,9,19,29,25,24,31,53,46,45,,8,8,5,17,14,22,26,21,46,33,23,25,14,12,13,13,19,25,27,27,30,30,,29,32,,25,14,16,16,21,40,39,36,43,42,13,10,6,8,9,11,23,21,19,16,18,13,9,10,26,19,29,15,6,14,4,18,,,17,18,40,36,35,32,41,34,23,17,21,20,25,31,31,44,50,29,26,45,48,52,41,43,29,44,33,30,30,32,35,35,36,20,25,22,36,38,37,28,26,53,48,56,39,37,33,61,42,52,63,29,31,32,31,41,43,43,34,54,26,36,33,55,47,39,,37,48,65,55,66,79,118,97,158,136,,30,27,,40,44,37,29,41,74,90,73,,,81,132,74,82,82,,41,35,53,55,,,,,45,40,48,52,5,21,38,,42,90,84,43,54,108,103,96,79,91,93,71,74,69,,65,64,62,51,89,,84,106,73,78,49,76,120,116,70,88,121,116,95,111,75,,80,,73,72,52,62,43,46,66,50,50,57,39,35,44,18,,,80,30,17,29,98,98,82,77,95,79,86,82,87,79,60,61,43,57,,46,35,82,,102,76,94,132,95,86,81,66,74,98,96,93,96,95,65,41,58,69,73,88,42,45,55,37,83,58,72,103,,70,99,82,24,20,88,88,65,116,43,39,57,78,75,59,28,31,35,25,10,23,32,40,69,51,76,56,39,52,66,62,45,51,8,34,39,75,73,77,58,100,31,39,52,46,25,80,20,84,28,23,45,50,58,66,21,29,31,61,39,62,51,58,30,38,48,29,53,29,31,37,42,43,,23,20,28,49,102,48,25,64,70,54,45,66,21,27,38,49,34,16,49,47,22,23,43,27,,43,43,40,42,37,79,90,56,44,38,13,38,17,81,19,42
20171215,4,O3_8h,1,11,14,4,2,3,4,4,,7,4,,,,5,,12,8,4,,7,2,3,,,3,,5,4,6,,1,1,18,8,8,11,12,8,11,10,8,10,,8,1,5,2,,14,2,11,15,13,6,52,,38,56,63,3,4,3,8,6,2,4,,3,4,5,10,4,7,7,5,3,7,2,6,,4,4,15,2,10,5,2,60,56,55,47,48,57,56,43,10,,6,,10,7,3,4,5,,8,42,40,50,49,48,58,44,20,28,52,20,16,6,12,11,20,22,16,24,25,37,26,79,,6,6,8,8,8,86,18,41,44,45,41,52,46,16,50,62,50,60,13,28,18,26,29,17,24,33,20,19,17,13,18,20,15,30,32,22,32,28,28,17,,,,,4,6,,7,4,12,,18,14,28,,22,15,14,30,14,22,17,14,10,,,,18,14,,40,17,13,41,41,,41,6,24,12,22,7,24,20,,4,,3,8,,3,9,16,2,1,2,2,2,2,3,4,2,4,3,2,,6,,2,11,16,6,18,1,1,,,10,,3,6,,33,30,23,79,82,62,,1,2,14,20,12,8,6,16,12,18,26,33,24,26,48,16,20,28,50,,39,,26,32,46,62,,14,,26,18,18,13,30,,20,13,4,1,5,7,8,6,4,13,2,4,4,9,10,16,3,7,2,7,4,2,6,5,7,2,4,22,16,10,15,14,23,8,12,10,12,2,10,2,12,5,5,8,12,4,5,4,3,,5,4,4,14,5,7,4,18,,57,74,61,59,11,41,66,33,51,12,29,34,33,22,2,3,,,1,1,6,2,1,4,5,2,2,2,2,,6,6,8,8,,8,13,14,6,4,6,10,,10,8,4,5,18,30,7,10,7,64,80,51,58,55,30,,22,33,21,18,24,19,,,,38,21,42,21,24,,26,17,12,11,,,19,31,23,26,18,26,22,13,23,10,22,11,35,36,5,13,8,5,18,9,16,24,40,40,8,8,6,6,2,7,5,8,8,4,8,5,5,40,35,70,14,38,70,,34,66,51,,,,42,20,4,6,12,11,7,,35,8,7,10,8,7,3,5,4,2,4,31,4,9,10,54,56,51,59,53,46,56,33,37,43,45,35,23,16,20,38,34,25,28,10,12,11,15,7,,5,60,60,59,69,,5,,5,5,8,2,,,,8,,4,5,2,1,1,4,13,28,,10,8,10,6,,31,22,34,20,23,6,,14,,11,,8,18,18,28,13,24,1,6,26,24,37,41,38,3,10,9,,29,24,28,24,18,50,62,54,43,52,45,46,41,40,42,41,37,30,30,23,13,5,5,3,67,68,63,13,12,13,5,8,10,12,6,,12,14,,33,34,31,,6,6,2,13,,,8,7,5,64,,36,47,51,46,30,35,,31,20,,6,,3,2,10,10,6,10,30,10,9,2,1,4,,22,24,13,18,32,17,28,5,25,14,17,15,16,4,19,17,14,2,6,9,4,14,8,8,20,43,12,15,42,,73,10,16,22,10,4,14,20,16,14,30,24,7,5,21,16,12,13,12,17,26,26,30,26,46,12,16,15,18,17,5,13,80,3,6,,6,5,2,,1,5,7,,,,,,,3,4,3,5,1,2,5,8,3,1,,,33,7,7,10,10,3,5,7,7,8,20,14,22,5,,10,,,10,28,39,32,33,23,17,9,18,8,23,21,16,19,10,35,12,8,13,54,54,13,16,8,7,20,21,11,16,18,20,8,14,7,7,10,10,12,7,33,,,48,17,12,18,18,44,24,38,50,57,45,42,22,19,,24,37,39,4,5,3,5,4,3,11,4,18,6,6,4,5,11,6,7,7,9,9,8,2,2,4,1,70,66,72,48,,20,78,70,69,24,17,27,51,12,50,52,192,11,4,12,18,4,4,5,24,6,4,8,4,14,10,22,10,8,1,36,24,41,51,33,2,23,,17,14,28,29,38,,20,28,,,54,50,32,13,8,4,76,25,20,28,10,23,8,48,54,30,23,,46,3,5,,,23,21,4,2,4,6,3,6,6,8,5,,26,35,21,13,18,14,20,30,14,15,10,,15,5,,5,6,10,6,,10,5,4,10,8,14,,19,60,58,65,36,31,48,34,,59,37,70,69,,,52,62,19,33,85,88,88,13,17,26,19,18,22,9,11,8,12,14,7,5,6,12,4,4,10,14,7,3,22,6,8,6,12,24,29,12,17,39,14,24,42,19,27,51,52,48,7,36,38,56,52,63,29,35,28,34,14,32,17,61,16,,30,59,57,54,20,18,9,44,25,56,49,4,32,36,,14,22,22,24,18,6,12,9,31,4,31,23,16,2,35,25,20,34,24,23,30,40,33,62,8,,,13,18,19,32,22,31,28,25,14,,25,34,57,26,40,65,64,28,62,64,32,34,34,27,81,27,28,18,25,27,24,16,10,9,18,24,24,31,32,28,4,1,2,2,14,7,8,7,8,6,4,11,10,11,8,15,17,7,10,6,12,10,8,8,17,18,15,12,16,16,15,15,14,16,13,12,10,14,5,10,4,,8,3,4,6,,10,4,2,,,4,12,,2,3,12,10,5,14,3,8,8,,2,2,,8,6,4,2,6,40,7,6,3,4,4,3,6,18,22,26,13,12,9,,10,15,,24,3,,2,3,7,13,10,2,8,,2,2,2,2,3,14,12,12,11,10,8,4,5,19,18,18,6,,5,,9,,,9,6,31,27,26,23,24,24,16,12,15,18,19,22,16,16,22,8,2,32,30,35,26,24,8,22,16,11,17,13,20,12,19,14,11,6,24,28,19,12,10,22,22,33,30,34,27,39,34,40,39,20,25,25,24,24,23,24,18,32,17,23,19,37,33,30,,28,39,35,17,46,64,73,73,48,78,,12,5,,27,34,32,25,32,24,22,21,,,45,43,7,5,6,,24,25,43,37,,,,,31,25,22,28,3,16,18,,34,25,29,32,43,90,99,95,16,9,30,20,11,3,,49,51,39,38,5,,65,62,9,4,14,9,58,70,4,16,43,55,4,18,18,,68,,65,58,8,8,6,7,26,30,36,44,24,10,8,7,,,70,30,2,15,75,66,61,64,81,71,49,18,68,74,50,32,16,42,,4,6,50,,84,48,49,70,60,78,55,38,44,78,66,76,34,75,45,4,3,15,15,78,37,34,50,16,18,9,48,49,,4,29,34,9,8,12,37,65,105,18,13,21,11,58,29,3,2,4,5,2,12,9,8,10,18,26,8,4,16,36,22,10,18,2,18,22,5,3,45,37,8,6,29,5,28,2,21,1,32,2,,41,14,34,18,20,,,33,1,3,13,11,6,15,2,5,16,10,29,35,22,11,,3,3,10,10,27,29,24,60,66,52,4,46,3,2,18,25,,3,44,20,9,,40,2,,1,3,3,4,2,8,38,54,8,36,2,8,5,7,8,7
20171215,4,O3_8h_24h,1,11,14,5,3,4,4,5,,9,5,,,,5,,17,10,4,,7,2,4,,,3,,6,4,7,,2,2,18,8,8,11,12,8,11,10,8,10,,9,1,5,2,,14,2,11,15,13,6,52,,38,56,63,3,5,3,8,6,3,4,,4,4,7,10,4,8,7,5,3,7,3,6,,4,5,15,2,10,5,2,60,56,55,47,48,57,58,43,11,,7,,11,7,5,5,6,,8,43,45,56,52,61,59,60,20,28,59,24,20,6,16,14,25,26,16,24,25,38,30,81,,7,7,8,9,9,90,18,46,44,49,45,52,46,16,50,62,56,60,25,31,25,30,34,24,24,38,23,19,17,13,20,20,15,30,32,22,32,28,28,17,,,,,4,6,,10,6,14,,18,14,28,,27,16,19,36,14,24,27,14,16,,,,20,14,,40,17,20,41,41,,41,12,30,12,22,7,24,20,,4,,3,8,,3,9,16,2,1,2,2,2,4,3,5,2,4,3,2,,9,1,2,12,22,7,20,3,3,,,10,,5,10,,34,30,23,80,82,62,,1,2,20,25,16,8,6,20,15,18,26,35,24,27,48,17,20,30,50,,53,,39,32,47,66,,14,,29,19,20,13,32,,21,13,4,1,5,7,8,6,4,13,2,4,5,9,10,16,4,7,2,7,4,2,6,5,7,2,5,22,16,10,15,14,23,8,12,10,14,2,10,2,12,5,6,8,12,4,5,4,3,,5,5,4,16,5,7,4,18,,80,74,62,61,11,50,66,33,61,13,29,34,35,25,2,3,,1,1,1,6,2,1,4,5,2,2,2,2,1,6,6,9,16,1,12,13,21,7,4,9,10,,15,8,5,5,18,30,7,10,7,64,82,51,58,59,45,,39,33,30,20,30,21,,,,38,24,42,28,26,,32,17,16,11,,,19,37,24,26,20,28,22,13,23,10,22,15,35,42,5,13,9,6,18,12,16,24,40,62,8,8,6,6,2,8,5,8,8,4,8,5,5,40,35,76,15,38,78,,43,81,68,,,,42,20,5,6,12,11,8,,48,8,7,10,8,7,4,5,4,2,4,46,4,9,10,54,56,51,59,53,46,56,33,46,49,45,35,23,18,20,38,34,25,28,10,13,11,16,9,,5,61,60,59,69,,5,,6,5,8,3,,,,15,,5,5,3,1,2,4,13,28,,10,11,11,6,,33,23,34,20,23,6,,17,,14,,10,22,18,31,23,26,1,6,28,24,46,41,38,3,10,9,,31,27,29,24,18,50,62,54,43,55,51,46,41,40,42,41,37,35,33,41,35,6,6,3,71,78,71,14,12,14,7,12,13,14,6,,18,19,,39,48,35,,6,8,2,20,,,8,10,6,64,,36,47,51,46,30,35,,31,20,,6,,3,3,11,11,6,10,34,10,10,3,3,5,,29,28,13,35,63,20,28,5,25,15,18,17,18,5,20,18,15,3,6,10,4,15,8,8,20,52,12,18,44,,75,10,16,22,10,5,14,20,16,16,36,28,7,5,21,16,12,15,12,17,26,26,30,26,48,13,16,18,20,18,6,16,88,5,6,,7,5,3,,2,5,7,,,,,,,3,4,3,5,1,3,5,14,3,2,,,34,7,7,10,11,4,5,10,7,8,21,14,22,5,,10,,,10,32,48,34,34,26,17,9,18,9,25,22,17,20,12,38,12,10,14,54,54,16,18,10,11,22,21,13,16,18,20,8,14,7,11,10,10,12,7,35,,,48,25,16,22,24,44,24,38,51,57,45,47,25,20,,24,38,40,5,5,3,5,4,3,11,5,18,8,6,5,6,12,6,8,8,9,10,8,2,2,4,1,72,66,74,48,,32,78,70,69,24,17,27,53,13,50,54,192,11,4,18,27,6,4,5,24,6,4,8,5,17,10,26,10,8,1,36,24,44,53,36,2,25,,18,14,29,29,39,,20,31,,,60,50,36,20,9,7,81,25,28,31,12,24,9,48,54,31,29,,54,3,8,,,26,22,4,2,5,6,3,6,7,8,5,,26,36,21,13,18,14,20,30,14,17,10,,15,5,,6,6,13,10,,10,6,6,10,8,15,,19,61,60,68,36,31,48,35,,61,37,70,69,,,54,62,19,33,89,92,92,13,17,26,19,18,25,9,13,8,14,15,8,5,6,12,4,4,10,16,7,3,24,7,9,6,12,25,32,12,17,41,18,26,42,19,28,51,57,54,8,36,39,58,54,63,29,35,31,44,14,33,17,65,16,1,33,60,57,54,20,18,10,44,31,56,50,4,32,42,,18,23,22,25,18,6,15,10,32,7,53,26,18,2,36,25,22,34,24,25,33,42,34,70,13,,,18,22,24,35,25,31,31,27,16,,26,40,58,28,42,65,64,36,62,64,32,34,34,27,82,36,37,22,25,27,27,17,10,11,26,24,24,31,33,30,5,1,2,2,14,7,8,7,8,6,4,13,13,13,13,16,18,9,11,7,12,10,8,8,17,18,15,12,16,16,15,15,14,18,13,12,10,14,6,10,4,,8,3,4,6,,10,4,2,,,4,13,,2,4,13,11,6,14,8,11,13,,2,2,,8,6,4,3,6,40,7,7,3,4,4,3,6,18,23,27,13,12,9,,10,15,,24,3,,2,3,7,15,12,4,9,,2,2,2,2,3,14,12,12,11,10,10,4,6,19,18,19,6,1,6,1,10,,,9,6,31,27,26,23,24,25,18,14,15,19,19,22,16,19,22,8,4,36,34,39,28,26,10,22,16,11,17,13,22,12,22,14,11,6,24,29,19,12,10,24,22,33,33,37,29,39,34,40,39,23,27,28,26,26,23,24,19,34,19,32,21,44,36,32,,30,41,35,17,54,64,84,73,48,95,,12,5,,31,39,36,28,35,24,22,21,,,49,53,8,5,6,,25,25,43,38,,,,,31,25,22,28,4,16,18,,34,28,29,33,43,92,100,95,17,9,32,22,32,3,,49,51,40,38,6,,65,68,11,4,14,10,58,73,4,16,52,69,6,18,18,,69,,69,63,12,9,6,9,26,30,36,44,28,19,20,7,,,71,30,3,15,75,66,69,72,81,71,49,21,68,75,52,32,20,42,,4,6,52,,92,49,77,96,65,82,58,46,48,78,77,80,36,78,50,5,4,16,15,78,37,40,55,16,19,10,48,49,,6,39,36,9,9,12,37,65,110,20,13,29,11,58,29,3,2,4,7,2,12,14,8,10,18,26,8,10,16,37,22,11,20,3,18,23,6,3,45,37,9,6,33,5,28,2,23,1,39,7,,41,14,34,19,21,,,33,1,10,15,11,6,16,2,6,30,10,30,35,22,11,,9,4,10,13,27,33,24,61,66,52,4,46,3,2,18,33,,3,45,21,9,,40,2,,1,3,3,4,3,14,61,54,8,38,2,15,5,7,8,7
20171215,4,CO,2.3,0.7,1.6,2.2,2.4,2.2,2.4,1.9,1.5,1.7,2.4,3.1,,,2.5,,1.2,1.6,1.9,,2,1.2,1.6,,1.9,1.5,,1.7,2,2.3,,1.7,1.4,1.6,1.8,2.4,1.6,1.8,2,1.6,2.9,3.9,2.6,,3.3,2.1,2.5,1.9,2.3,2.4,2,2.7,2.8,2.7,2,0.3,,0.2,0.6,0.8,2.4,2.6,2.6,3.2,2.1,1.5,1.5,,1.2,1.5,1.1,1.1,2,1.9,1.9,2.5,2.2,2.2,2.6,3.1,,3.3,3.6,3.2,3.4,3.4,3.1,3.2,1.1,0.5,0.5,0.5,0.5,0.5,0.3,0.8,2.8,2.8,2.5,,3.3,2.9,2.3,2.4,1.9,,2.3,1,0.8,1,1,1,0.9,1,1.1,1,0.7,1.4,1.5,1.4,1,1.2,1.3,1.3,1.2,1.2,1.1,0.9,1.2,1,,0.2,1,0.6,1.1,1.1,0.8,1.2,1.5,0.3,0.7,0.7,0.4,0.7,0.9,0.7,0.5,0.5,0.3,0.3,0.7,0.2,0.8,0.6,0.9,0.7,0.1,0.5,0.8,0.8,0.9,0.5,0.6,0.6,0.2,0.7,0.7,0.5,0.8,0.8,0.6,1.6,,,,1,1,,1.1,0.8,0.9,,0.6,0.2,0.4,,0.6,0.8,0.9,0.7,0.9,0.8,1,0.9,1.4,,,,0.7,0.6,,0.1,0.3,0.5,0.8,0.5,,0.5,0.6,0.8,0.5,0.3,0.6,0.9,0.5,,0.7,,1.6,1.3,1.2,1,0.9,0.7,0.6,1,1,0.9,0.9,0.7,0.6,0.6,1.1,0.8,0.8,0.7,,0.6,0.9,0.7,0.4,0.4,0.4,0.6,0.8,1.1,,,0.6,,0.7,0.6,,0.6,0.7,0.6,0.6,0.6,0.6,,0.7,0.7,0.6,0.7,0.8,0.9,0.7,0.8,0.6,0.5,0.9,0.5,0.6,0.6,0.5,0.6,0.4,0.4,0.6,,0.8,,0.6,0.3,0.3,0.4,,0.7,,0.8,1,0.8,1,0.9,,1.4,1,1.8,2.2,1.9,2.2,1.7,2.1,1.1,2.1,1.5,0.9,1.1,1.1,0.9,0.9,1.1,1.5,1.2,1.3,1.4,1.5,1.7,1.2,1.7,1.2,1.8,0.7,0.7,1,0.7,0.6,0.8,0.7,0.7,1.1,1.2,1,0.9,0.9,0.9,1,0.9,0.9,1.1,1.1,0.7,1.2,1.2,,0.8,1,1,0.8,1,0.9,0.8,0.9,,0.7,0.6,0.6,0.6,0.7,0.8,0.6,0.8,0.5,0.8,1,1.2,1.1,1.2,0.8,1.3,0.9,1.2,1.1,1.1,1.2,1.1,1.4,1.3,1,1.4,1.2,1.2,1,1.1,1,1,1.1,1.2,1.1,1.3,1,1.3,1.2,1.1,1.1,1.3,,0.8,0.9,1.3,1.3,1.4,1.2,0.8,1.1,1.4,0.4,0.4,0.3,0.4,0.5,0.8,,1,0.6,0.7,0.9,0.8,0.7,,,,0.7,0.7,0.6,0.8,0.9,,0.7,0.7,0.8,0.7,,,0.7,0.7,0.8,0.7,0.9,0.8,0.6,0.8,0.8,0.7,0.9,1.2,0.9,1.9,1.4,0.8,1.2,1.1,0.8,1.4,1.4,0.4,0.5,0.8,1.9,2.4,2.1,1.3,1.7,1.7,1.8,2.3,2.7,1.6,2,2.4,2.1,0.7,0.8,1.2,0.6,0.8,1.1,,1.3,1.5,0.8,,,,0.8,1,1.4,1.2,1.5,1,1.2,,1.4,0.8,0.9,0.8,1,1,0.8,0.8,0.7,0.8,0.9,0.8,0.6,0.9,1.6,0.3,0.5,0.4,0.5,0.3,0.2,0.4,0.5,0.7,0.8,0.6,,0.4,1.1,0.4,0.9,1,1.1,0.9,2.2,2.6,1.7,2.8,3.6,,2.1,0.5,0.6,0.4,0.6,,2.6,,1.6,1.1,1.3,1.8,2.3,,2.2,1.5,,1.2,2.6,2.2,2.9,2.5,3.5,2,2.1,3.9,4.5,1.4,1.2,1.1,,0.7,0.8,1,0.5,1.1,1.7,,1.2,,1.6,,1.5,1,1.3,0.8,1.4,1,1.5,1.1,1.1,0.9,0.5,0.5,0.4,1.8,1.3,1.4,,0.9,0.9,0.9,1.1,1.3,0.8,0.6,0.7,0.7,0.6,0.7,1,0.9,0.9,0.8,0.7,1,0.9,1.4,1.2,1,0.9,1.1,1,0.8,0.8,0.6,1.1,0.8,1,1,0.9,1.1,1.1,1.1,,0.8,0.7,,0.9,0.9,1,,0.9,0.9,0.7,1.4,,,2.7,1.9,2.6,0.9,,0.1,1.2,0.7,0.8,1.5,1.6,,1.7,1.6,,4.1,,3.5,3.8,3.3,2,1.3,1.7,2.8,2.1,2,3.4,1.1,1.6,,6.5,5.8,5.3,8.2,8.3,4.8,1,2.3,2.3,1.3,1.8,1.4,3,3,5.7,4.7,2.4,2.8,1.7,1.9,2.3,1.7,1.6,1.6,1.2,1.2,1.9,1.6,1.2,,0.9,1.1,1,1.1,1.3,1,1.1,0.8,1.1,1.4,1,1.4,1,1.9,0.5,1,0.6,0.7,0.6,0.7,0.7,0.5,0.8,2.6,0.7,0.6,1,0.5,1.1,0.9,0.6,0.5,0.3,1.8,1.4,,1.6,1.8,1.6,1.5,2.7,2.1,2.4,,2.4,,1.6,1.5,1.5,1.9,2.1,1.6,2.1,1.6,1.6,1.7,1.6,1.5,1.7,,1.4,1.4,1.1,1.4,1.7,1.1,1.2,1.3,1.4,1.3,1,0.9,1.1,1.1,1,,1.1,,,1.5,1.5,1.4,1.1,0.8,0.8,0.9,0.9,0.9,0.8,0.8,1.3,1.1,0.9,1.1,1.6,1.2,1.4,1.2,0.5,0.4,0.8,0.8,1,1.2,,1,1,0.8,1.1,0.9,6.8,1.7,2,2.7,0.7,0.6,0.5,0.3,0.8,,,0.6,0.8,0.6,0.8,0.7,0.7,0.7,0.7,0.6,0.6,0.7,1,0.6,1,,0.8,0.8,0.8,2,2,1.6,1.9,1.9,2.4,1.8,2.3,1.9,2,3.2,2.3,1.5,2.2,2,2.2,1.4,2.5,2,2.4,1.8,1.6,1.6,1.8,0.4,0.4,0.3,0.6,,1.6,0.2,0.4,0.3,0.7,0.6,0.5,0.7,1.1,2.3,3,1.2,1.4,1.7,1.1,1,2.1,1.5,1,1,1.7,1.1,1.3,1,1.6,1.2,1.4,1.8,2.6,1.6,1,0.9,0.9,1.3,0.9,1.6,1.5,,0.8,0.9,0.9,0.5,0.4,0.6,0.7,0.5,,0.2,0.2,0.8,0.6,0.7,1.9,1.6,0.5,0.9,0.9,1,1.1,0.5,0.6,0.3,0.3,0.4,0.4,,0.8,0.3,0.4,,,1.1,0.7,0.7,1.5,1.9,1.9,2,1.5,1.5,1.5,1.3,,0.6,0.5,1.5,1.5,1.6,1.7,1.1,1.1,1.4,1.6,1.5,,1.4,3.7,,2.7,3.1,1.9,2.1,,1.6,1.5,2.9,3.5,3.5,2.3,,2.3,0.6,0.2,1,0.4,1,0.4,0.4,,0.6,0.3,0.3,0.2,,,0.4,0.2,1.5,0.4,0.5,0.4,0.2,0.8,0.7,0.8,0.7,0.9,3.6,4.4,4.4,4.8,1.8,1.5,2,1.5,3.7,2.6,3.3,2.3,1.5,1.9,2,2.3,1.5,3.7,2.6,2.1,2.2,0.7,1,1.2,0.6,0.8,0.8,0.8,0.4,1.9,2.6,1,2.5,1.3,5.8,0.3,1.2,0.8,0.4,0.4,0.4,0.3,0.2,1.3,0.7,1,0.9,0.5,1.4,1.7,0.6,0.7,0.5,0.6,1.4,1.5,0.8,0.7,0.3,0.5,0.4,0.4,0.4,0.4,,0.5,0.4,0.3,0.4,0.5,0.7,0.8,1,0.7,0.7,0.7,1.2,0.6,0.7,0.5,0.6,0.6,0.5,0.6,0.6,0.5,0.4,0.3,0.4,0.8,,,0.8,0.9,0.9,0.4,0.4,0.6,0.6,1.1,0.7,,0.7,0.7,0.6,0.6,0.6,0.5,0.5,0.6,0.5,0.4,0.5,0.5,0.5,0.4,0.5,0.4,0.6,0.4,0.5,0.3,0.5,0.5,0.6,1,0.6,0.2,0.4,0.5,0.7,0.4,1.1,1.1,1,0.9,1,0.6,0.6,0.5,0.6,0.9,0.4,0.3,0.6,0.5,0.6,1.4,1.5,1.5,1.2,1.5,0.6,0.6,0.7,0.6,0.5,0.6,0.8,0.8,0.6,0.7,0.5,0.6,0.8,0.4,1.2,1,0.8,1,2.2,2,1.8,,1.8,1.7,1.8,1.9,,1.9,1.8,1.8,,1.8,1.3,1.3,1.2,1.6,1.8,1.4,1.6,1.6,1.7,1.8,1.4,1.2,,1.3,1.1,1.2,0.6,0.6,0.9,0.9,0.7,0.9,1.2,1.5,1.3,2.1,1.4,1.2,1.2,0.8,0.9,0.6,0.9,1.3,1.2,,1.1,1.3,,0.1,0.9,1.6,1.7,1.4,1.1,1.2,1.1,1.3,1,0.7,1.2,1.4,0.9,1.1,1.4,0.9,0.9,0.8,0.8,0.9,1.5,1.9,1.6,1.7,1.4,1.1,1.2,1.3,0.9,1.4,0.8,,,0.6,0.8,1.1,1.4,0.9,0.6,0.5,0.3,1.2,1.2,1.7,1.6,,,,1.2,0.7,0.8,0.9,1,0.9,1,1.2,0.7,1.1,0.8,0.7,0.9,1,1.1,1.1,1.3,0.9,1,0.8,1,1,0.8,1,1,1,1.2,0.9,0.8,0.9,0.9,1,0.6,0.6,0.6,0.6,0.6,0.6,0.3,0.3,0.7,0.6,0.6,0.8,0.5,0.4,0.4,0.1,0.7,0.7,0.8,,0.7,0.7,0.7,0.7,0.7,0.8,0.7,0.6,0.7,0.6,,0.6,0.8,,0.8,0.7,0.8,0.5,0.6,0.3,0.6,0.4,,,0.7,0.9,1.4,1.2,1.3,,1,1.7,1.1,0.6,,,,,1.5,1.2,1.2,0.9,0.9,1.2,0.9,,1,0.8,0.8,1,0.6,1,0.7,0.7,0.5,0.5,0.7,1.2,0.8,0.8,,0.4,0.4,0.9,1,0.7,,0.7,0.9,0.6,0.8,0.7,1,0.8,0.8,1.6,1.1,0.9,1.1,1.4,1.3,1.1,,0.5,,0.3,0.3,1.3,1.4,1.4,1.4,1.1,1.4,0.9,0.9,0.8,1,0.9,1.1,,,0.5,1,2.7,2.3,0.3,0.5,0.2,,0.3,0.2,0.6,0.9,0.6,0.7,0.6,0.7,1.2,0.5,,3.7,2.4,1.2,,1,1.3,1.8,0.9,0.7,0.7,0.1,0.4,0.6,0.4,0.8,0.3,0.9,0.9,0.7,3.3,3.6,5.1,2.4,0.7,3.9,1.3,0.7,1.7,3.6,2.5,1.9,1.5,,4.5,3.4,2.5,1.8,1.6,1.6,0.1,0.2,1,1.2,0.9,1.7,3.5,0.6,1.5,1.1,1.8,1.6,1.5,2.1,2.7,0.9,2.2,1.5,0.3,0.2,0.7,0.6,0.7,0.5,0.7,1.1,1.2,1.7,0.7,0.8,3.1,2.9,1.8,0.7,2.4,2.7,0.6,0.7,0.6,0.9,0.7,1.7,0.6,0.8,2.3,0.7,0.9,2.4,2.4,0.9,0.7,1.2,0.5,1.6,1.3,1.3,0.3,1,1.3,1,1.8,1.5,1.2,0.7,0.7,0.7,3.7,,1.5,2,1.4,1.1,0.8,0.7,0.8,1.4,0.2,0.2,1.3,0.5,1.5,1.8,0.8,0.5,1.5,1.7,0.6,1.6,0.2,2,0.4,2,,2.1,1,0.9,0.8,1,4.3,2.1,0.2,2.9,0.9,1.6,0.7,1.5,1.2,1.3,2.2
20171215,4,CO_24h,1.7,1.7,1.9,2,2.1,1.5,1.9,1.9,1.8,1.8,2,1.8,,,2,,1.4,1.8,1.9,,2.1,1.2,1.4,,1.5,1.6,,1.5,2,2.3,,1.5,1.4,1.3,2.7,3.3,2.8,3,3.3,2.7,1.8,2.1,2.3,,2.2,1.4,1.8,1.4,1.7,2.3,2.2,2.2,2.6,2.7,2.2,1.2,,1,1.4,1.7,1.9,2.2,1.9,3,1.9,1.9,1.7,,1.5,1.5,1.1,1.2,1.7,1.6,1.4,1.8,1.9,1.7,1.8,2.9,,2.9,3,2.7,3,2.7,2.9,2.7,1.5,1.8,1.8,2.2,1.7,1.5,1.7,2,2.3,3,2.8,,2.5,3,3,2.8,2.6,,2.5,1.1,1.3,1.2,1.3,1.1,0.9,0.8,1.3,1.5,0.8,1.5,1.6,1.5,1.1,1,1.1,2,1.3,1.3,1.5,1.1,1.3,1.2,,0.8,1.5,1.1,1.6,1.5,1,1.5,1.8,0.4,0.9,0.8,0.5,0.8,0.9,0.7,0.5,0.6,0.4,0.4,0.7,0.3,0.7,0.8,0.9,0.6,0.2,0.6,0.6,0.9,0.9,0.6,0.7,0.6,0.3,0.7,0.7,0.6,0.9,0.8,0.7,0.9,,,,1,1,,1,0.7,0.8,,0.7,0.3,0.5,,0.8,1.1,1.1,1,1,0.9,1.1,1.1,1.1,,,,1,0.7,,0.3,0.4,0.6,0.9,0.6,,0.6,0.6,0.9,0.6,0.5,0.7,1,0.6,,0.7,,1.7,1.4,1.2,1.2,0.9,0.8,0.7,1.1,1.1,1,0.9,0.7,0.7,0.6,0.9,0.8,0.8,0.8,,0.9,0.9,0.8,0.6,0.5,0.6,0.7,0.6,1.1,,,0.7,,0.8,0.7,,0.8,0.8,0.8,0.7,0.6,0.7,,0.8,0.8,0.6,0.6,0.7,0.7,0.7,0.8,0.8,0.7,1.1,0.7,0.8,0.7,0.7,0.8,0.6,0.8,0.6,,0.7,,0.5,0.5,0.3,0.4,,0.6,,0.7,0.8,0.7,0.8,0.8,,1.1,1.7,1.9,2.1,1.8,1.9,1.8,1.8,1.7,1.1,0.9,1.3,0.8,0.8,0.6,0.7,1,0.9,1.3,1.4,1.6,1.6,1.7,1.3,1.7,1.1,1.6,0.6,0.8,0.9,0.7,0.5,0.7,0.7,0.9,0.8,0.9,0.8,0.9,0.9,0.8,1,1,0.9,1,1,0.7,1.4,1.3,,0.8,1,1.1,0.8,1.1,1.2,1.1,1,,0.7,0.7,0.7,0.7,0.6,0.7,0.6,0.7,0.6,0.7,0.8,0.9,0.8,1,0.9,1.2,1,1.2,1.1,1,1.1,1,1.3,1.1,1,1.2,1.1,1.2,1,1.1,1.1,1.1,1.3,1.2,1.2,1.2,1,1.2,1.2,1,1,1.3,,0.7,1,1.4,1.3,1.4,1.6,0.8,1.1,1.5,0.5,0.4,0.4,0.4,0.6,0.7,,1,0.8,1,1,0.8,0.8,,,,0.8,0.9,0.7,0.9,0.8,,0.8,0.7,0.8,0.8,,,0.8,0.6,0.8,0.7,0.9,0.8,0.6,0.8,0.8,0.7,1,1.3,1.1,0.8,1.3,0.9,1.2,1,1.1,1.9,1.2,0.6,1,0.4,1.8,2.3,1.9,1.5,1.7,1.8,1.6,2,1.8,1.7,1.7,2.2,1.7,1.6,1.4,2.1,0.9,1.3,2.1,,1.7,2,0.7,,,,1.5,1.5,1,1.3,1.7,1.1,1.1,,1.5,0.7,0.8,0.7,0.9,0.8,0.7,0.7,0.7,0.9,0.8,0.7,0.5,0.8,1.4,1.3,1.4,1.2,1.7,1.5,0.9,1.2,1.1,1,1.3,0.9,2,2.7,3.2,2.1,1,0.8,1,1,2.6,2.8,2,2.4,2.3,,2.1,0.5,0.5,0.4,0.5,,1.8,,1.3,1.1,1.3,1.5,1.8,,1.8,1.5,,1.2,2,1.8,2.1,2.8,2.7,2,2.7,2.6,3,1,0.8,0.8,,0.6,0.9,1.1,0.8,1.1,1.3,,1.1,,1.3,,1.1,1,1.2,1.1,1.5,1.2,1.2,0.9,0.9,0.7,0.5,0.6,0.6,1.5,1.2,1.2,,1.1,1,1.1,1.1,1.5,0.9,0.7,0.7,0.7,0.6,0.7,0.9,0.8,0.8,0.7,0.6,1,0.8,1.3,1.1,0.8,0.8,1,0.8,0.8,0.8,0.6,1.1,0.9,1.1,1,1,1.2,1.1,1.1,,0.7,0.6,,0.8,0.8,0.9,,1,1,0.7,1.1,,,2.6,1.9,2.5,2.7,,2.1,3.2,3.4,2.8,1.9,1.9,,2,2,,2.7,,2.1,2.3,2.4,1.8,1.1,1.8,2.9,2,1.8,2.1,1.5,1.7,,5.2,3.4,5.5,4.6,4.4,3,1.4,1.7,1.5,1,1.2,0.9,3.2,3.1,3.7,4.2,2.7,2.1,2.3,1.6,2.1,1.6,1.7,1.8,1.4,1.1,2.8,1.9,1.5,,0.8,1.2,1.3,1.5,1.4,1.6,1.2,1,1.5,1.7,0.7,1.4,1.3,1.5,0.9,1.4,0.7,0.8,0.7,0.8,0.5,0.5,0.9,1.3,0.8,0.6,0.5,0.5,1,0.7,0.6,0.5,0.2,1.8,1.7,,1.7,1.5,1.9,1.6,1.7,1.5,1.8,,1.9,,1.6,1.5,1.4,1.8,1.9,1.4,1.9,1.4,1.3,1.5,1.4,1.4,1.7,,1.3,1.3,1,1.6,1.5,1,1.3,1.3,1.3,1.2,0.8,0.7,0.8,1,0.8,,1,,,1.3,1.4,1.4,1.1,1.4,1,1,0.9,1,0.7,1.3,1.7,1,1.3,1.2,1.8,1.3,1.4,1.2,0.5,0.5,0.8,0.8,1,1,1,1,1.1,1.1,1.3,1.1,4.6,2.2,2.3,1.8,0.8,0.7,0.7,0.5,1,,,0.8,0.8,0.7,0.9,0.8,0.8,0.9,0.8,0.7,0.9,0.7,1,0.6,0.9,,0.8,1.2,1.2,1.8,1.7,1.3,1.6,1.9,2.4,1.8,2.1,1.7,2,2.5,2.3,1.6,2.1,1.6,2.1,1.4,1.8,1.7,2,1.3,1.4,1.3,1.4,0.7,0.7,0.5,0.6,,1,0.8,0.8,0.8,0.9,0.6,0.5,0.8,1.2,2.7,3,1.6,1.4,1.5,1.8,1.7,1.2,0.9,1,1.1,1.2,1,1.4,0.8,1.2,0.9,1.2,1.8,2.1,1.3,0.9,1,0.9,1,0.9,1.3,1.2,,0.9,1,1,0.5,0.4,0.5,0.7,0.3,,0.4,0.3,0.8,0.6,0.6,0.8,0.8,0.6,0.8,1.1,1.1,1.2,0.6,0.7,0.4,0.4,0.5,0.6,,0.9,0.5,0.6,,,1.6,1.2,0.7,1.4,1.4,1.6,1.5,1.4,1.4,1.4,1.3,,0.6,0.5,1.5,1.4,1.5,1.3,1,1,2.3,2.2,2.3,,2,3,,2.6,3,1.7,2.1,,1.5,1.5,2.2,2.6,2.4,2.2,,2.9,0.7,0.4,1.1,1,1.6,0.8,0.6,,0.8,0.7,0.6,1.2,,,1,0.6,0.6,0.4,0.7,0.6,0.4,1.5,1.3,1.2,1.4,1.7,4.2,5.4,3.5,6.3,1.7,1.3,1.4,1.6,2.3,1.8,2.9,2.4,1.4,1.6,1.9,2.4,1.5,3,3.3,1.5,1.7,0.9,1.1,1.3,0.7,0.9,1.1,1,0.7,1.2,2,0.9,1.1,0.9,2.1,0.2,1.1,0.7,0.6,0.7,0.6,0.7,0.2,0.8,0.8,0.6,0.9,0.3,1.6,0.8,0.6,0.9,0.9,1,1.6,1.2,0.9,0.7,0.5,0.7,0.6,0.6,0.6,0.6,,0.5,0.7,0.5,0.6,0.6,0.8,0.8,1,0.7,0.7,0.7,1,0.6,0.7,0.6,0.7,0.7,0.6,0.5,0.6,0.5,0.5,0.4,0.6,0.7,,,0.8,0.9,1,0.6,0.6,0.6,0.6,1.1,0.9,,0.7,0.7,0.6,0.7,0.7,0.6,0.6,0.5,0.5,0.4,0.5,0.6,0.6,0.5,0.5,0.4,0.6,0.4,0.5,0.4,0.6,0.6,0.6,1.1,0.6,0.3,0.5,0.5,0.6,0.4,1,1.4,1.2,1.2,1.2,0.6,0.4,0.5,0.6,0.7,0.2,0.5,0.7,0.6,0.7,1.5,1.6,1.6,1.3,1.8,0.7,0.6,0.8,0.7,0.9,1,1.2,1.2,1.1,0.5,0.6,0.5,0.6,0.3,1.1,0.9,0.8,1.4,2.1,1.9,1.4,,1.8,1.6,1.9,1.8,,1.8,1.9,1.9,,1.8,1.4,1.3,1.6,1.6,1.8,1.5,1.6,1.6,1.6,1.2,1.3,1.1,,1.4,1.2,1.3,0.5,0.7,0.8,0.8,0.9,1.2,1.2,1.4,1.3,2.1,1.6,1.3,1.5,1,1,0.6,1.6,1.4,1.4,,1,1.1,,0.7,1.3,1.2,1.3,1.1,1.2,1.3,1.2,1.2,0.8,0.6,1.2,1.4,0.8,1.1,1.3,1,1.1,1.1,1,1.1,1.3,1.8,1.5,1.4,1.3,1,1.1,1.4,1.1,1.7,0.8,,,0.7,1,1.1,1.5,0.9,0.6,0.6,0.6,1.1,2.1,1.8,1.7,,0.3,0.4,1.2,0.9,1.5,0.9,1.1,1,1,1.2,0.7,1.1,0.8,0.7,1,1,1,1.1,1.3,1,1.2,0.9,1,0.9,0.8,0.9,1,1,1.2,1,0.7,0.9,1,1,0.6,0.6,0.8,0.6,0.8,0.8,0.5,0.4,0.7,0.8,0.8,0.8,0.5,0.4,0.5,0.2,0.8,0.8,0.9,,0.7,0.8,0.8,1,1,0.9,0.7,0.7,0.8,0.6,,0.7,0.9,,0.9,0.7,1,0.6,0.7,0.6,1.1,0.5,,,0.8,1,1,1,1.2,,1.3,1.1,1.3,0.7,,,,,1.5,1.2,1.2,1,1.3,1.4,1.1,,1,0.9,0.8,1,0.9,1,0.9,0.9,0.4,0.6,0.7,1.4,0.9,0.8,,0.4,0.5,1,1.1,0.7,,0.7,1,0.8,0.9,0.8,1,1,1,2,2.5,0.8,1.1,1.6,1,2,,0.4,,0.3,0.2,1,1.3,1.1,1.3,1.5,1.7,1.5,1.4,0.8,1,0.8,1,,,0.9,1.5,1.7,1.9,1,1.5,0.4,0.3,0.8,0.8,0.9,0.7,1.1,1.3,1,0.9,1,0.8,,2.6,2.5,1.5,,1.3,1.7,1.7,0.9,0.8,0.8,0.3,0.3,0.4,0.6,1,0.5,0.8,1,0.5,3.1,3.8,2.9,3.2,1,1.7,1.1,0.7,1.2,1.9,2.1,2,3.1,,3.9,3.1,3,2,2,1.7,1,0.6,0.7,1,1,1,2.4,0.6,2,1.2,1.8,1.8,1.6,2.2,2.7,1,2.8,2.3,0.4,0.3,0.6,0.5,0.8,0.6,0.6,1.1,1,1.6,0.7,0.8,2.1,1.3,1.3,1.2,3.2,2,0.6,0.8,0.7,0.9,0.7,1.9,0.6,0.8,2.4,2.9,1.1,2.9,2.1,1,0.8,1.2,0.7,1.1,0.9,1.1,0.4,1,1.2,0.7,1.2,1.1,1.4,0.8,0.8,0.9,2.3,,1.8,2,1.5,1.1,0.8,0.8,0.9,1.3,1.1,1.4,1.2,0.5,1.4,1.4,0.7,0.6,1.6,1.8,1.4,1.6,2.6,1.4,0.6,1.5,,1.5,0.9,0.9,0.8,0.8,1.4,1.6,1,1.6,1,1.7,0.7,1.4,1.1,1.2,1.7
20171215,5,AQI,145,33,84,122,102,112,132,107,114,55,94,115,,,143,,166,185,153,,160,153,140,,128,158,,203,173,251,,206,189,160,110,144,125,142,134,160,84,89,117,,107,235,224,226,236,225,243,240,246,229,203,57,,15,18,26,102,110,124,103,102,163,179,,144,180,150,155,152,224,236,236,207,226,217,401,,311,382,320,381,343,324,358,28,19,20,17,22,29,28,16,200,182,135,,210,196,186,186,222,,212,94,119,115,113,85,88,93,102,100,,109,127,156,160,135,97,107,160,133,130,124,110,53,,103,107,132,124,152,104,137,144,27,19,21,20,21,23,21,23,21,23,52,52,59,55,54,62,54,59,48,30,28,38,30,29,43,45,38,35,33,24,40,25,117,,,,185,172,,155,188,186,,58,54,57,,33,42,51,41,48,38,51,39,52,,,,45,40,,36,46,43,35,40,,36,53,45,49,44,55,46,38,,43,,109,79,109,35,57,19,42,44,41,68,59,59,50,37,67,60,90,57,,74,74,66,30,39,43,60,48,52,,,28,,44,51,,31,45,36,25,27,26,,70,107,35,35,43,27,22,36,38,46,39,40,48,49,45,40,36,53,17,,26,,26,20,15,28,,35,,26,28,52,38,25,,19,129,180,227,199,245,204,227,160,73,147,128,109,122,97,125,135,110,202,205,217,213,,217,211,201,225,,45,52,49,59,67,48,54,75,95,40,54,45,49,40,46,40,35,49,60,55,46,,29,39,29,25,40,32,42,26,,57,51,55,53,61,73,42,55,50,84,57,78,57,49,32,49,39,41,49,48,33,34,53,52,50,53,54,54,60,60,49,53,43,49,50,46,42,40,53,70,65,60,,57,43,35,28,19,29,22,25,57,35,31,31,38,33,55,,84,55,82,75,53,75,,,,68,74,62,52,69,,107,108,113,114,,,103,17,10,16,30,26,18,16,25,20,14,55,25,32,78,54,65,65,36,55,41,21,16,79,239,228,236,232,222,252,244,246,258,215,252,224,238,64,71,59,70,65,108,,86,80,90,,,,65,67,100,125,59,83,92,,34,36,40,46,36,45,22,22,24,25,21,26,22,38,39,17,20,40,19,21,33,41,45,61,55,31,214,237,163,263,46,38,48,49,98,108,102,150,112,,102,19,20,18,22,,190,,129,148,169,165,208,,219,156,,153,224,225,214,243,277,158,135,222,272,137,153,153,,92,74,82,62,55,70,,150,,132,,145,114,128,143,188,159,185,117,117,124,50,56,48,233,195,223,,28,28,22,46,43,38,29,37,48,38,52,93,100,100,108,94,100,88,93,87,59,39,45,50,40,38,50,26,29,23,79,79,100,,20,,62,70,,65,83,69,,75,65,43,28,,,203,192,207,53,,53,22,41,51,134,124,,125,129,,273,,264,272,254,240,243,239,238,229,229,114,107,129,,261,264,241,266,271,247,183,208,142,90,152,72,196,82,154,148,89,87,92,110,140,100,119,108,92,87,98,98,84,,55,134,125,132,124,168,70,57,59,59,70,130,78,80,90,59,58,69,70,60,54,59,54,54,82,48,45,53,43,39,52,45,22,208,150,,176,183,145,163,261,267,269,,246,,118,115,119,193,180,183,236,203,176,165,199,183,189,,180,166,145,139,162,143,130,127,135,62,57,48,102,87,55,,84,,,65,97,83,78,77,18,19,13,19,22,13,19,23,19,39,30,24,36,25,27,22,107,109,133,120,57,59,60,49,65,62,146,55,90,70,68,69,57,59,113,,,120,128,95,115,124,75,85,94,77,74,75,19,28,23,,30,33,35,258,248,254,248,228,249,199,205,97,93,117,118,100,148,242,225,211,241,218,219,183,212,205,219,49,41,63,48,,97,26,91,44,20,26,29,73,44,60,67,111,192,148,148,152,133,114,143,102,112,99,97,109,104,108,87,82,105,112,82,88,52,55,44,60,63,,49,45,35,20,43,26,33,35,,36,26,36,48,52,51,46,50,48,43,39,55,55,82,25,27,51,56,,55,68,57,,,72,73,23,127,84,150,115,172,226,186,214,,36,59,153,90,98,98,90,163,155,139,138,,148,250,,243,247,189,152,,183,148,252,253,256,192,,175,28,33,25,33,30,30,23,,18,36,35,24,,,18,20,36,20,42,34,40,37,49,34,56,33,200,204,232,215,182,178,198,193,185,168,193,117,218,224,149,104,112,145,163,129,104,55,70,72,55,44,38,26,50,99,114,40,70,74,139,17,66,38,45,34,44,54,25,77,77,62,52,62,88,127,40,24,20,18,57,78,55,14,55,49,45,40,35,38,,156,82,52,49,55,107,108,118,58,77,58,87,64,69,20,18,20,42,38,27,16,38,48,28,99,,,84,97,103,40,39,36,45,140,150,,25,36,53,56,50,21,21,17,20,21,28,19,26,22,26,23,28,38,28,22,19,20,25,30,23,15,18,9,10,25,17,13,20,13,16,36,36,29,32,27,28,30,30,29,33,25,25,32,33,26,29,28,29,29,32,38,23,28,25,40,35,25,35,27,27,29,31,40,192,189,183,,165,186,166,198,,210,195,130,,128,156,179,172,163,170,158,118,122,175,236,143,91,,178,183,162,38,53,58,63,59,46,118,112,89,132,138,156,152,38,55,54,148,134,144,,63,72,,58,52,48,40,58,78,82,60,110,122,15,19,17,29,20,19,26,20,28,22,19,92,88,82,62,57,20,20,29,15,19,35,,,43,30,29,26,25,37,51,16,30,19,21,25,26,35,39,26,18,25,33,13,10,15,19,19,21,9,12,13,10,15,19,23,21,22,18,29,12,23,18,26,25,18,15,74,63,67,105,87,69,60,63,102,79,89,95,52,60,53,57,77,103,104,85,59,64,79,,38,90,78,83,85,87,63,68,69,62,,73,97,,66,90,89,84,109,17,39,18,,,23,36,42,39,39,,17,32,19,20,,,,,87,20,11,10,20,19,15,,15,37,24,18,16,57,30,29,19,40,28,19,31,38,,28,24,20,16,62,,26,24,49,47,47,38,58,18,43,41,31,17,38,39,74,,20,,15,16,156,170,175,144,40,45,35,32,94,85,100,142,,,41,73,105,114,58,62,33,42,55,54,54,62,61,69,58,62,101,62,,84,97,58,,103,83,110,66,77,45,31,63,59,34,41,40,63,57,55,133,143,125,64,25,50,41,39,68,138,114,74,117,,216,154,183,139,145,163,15,21,48,63,48,91,80,16,129,32,133,170,158,173,232,188,155,107,62,42,62,50,33,55,80,183,139,176,118,13,70,69,58,56,202,219,59,43,64,59,32,158,48,59,152,52,64,77,152,42,69,99,40,119,49,63,45,185,170,95,124,53,138,67,67,67,192,,170,203,160,23,76,132,97,30,24,18,218,32,199,134,23,11,169,159,108,54,49,207,16,201,,203,10,9,12,13,73,83,28,98,64,97,120,68,93,93,284
20171215,5,PM2.5,111,7,62,92,76,84,100,80,86,34,70,87,,,109,,126,139,117,,122,117,107,,97,120,,153,131,201,,156,142,122,83,110,95,108,102,122,62,66,88,,80,185,174,176,186,175,193,190,196,179,153,17,,2,8,18,72,83,94,67,76,124,135,,110,136,115,118,116,174,186,186,157,176,167,351,,261,332,270,331,293,274,308,1,3,1,10,9,3,15,8,150,137,103,,160,147,140,140,172,,162,70,90,87,85,56,65,69,76,75,,82,96,119,122,103,72,80,122,101,99,94,83,37,,77,80,100,94,116,78,104,110,13,11,11,12,14,15,11,10,11,11,32,29,42,39,38,44,36,42,30,19,19,26,21,20,25,17,26,24,16,16,28,17,88,,,,139,130,,118,141,140,,41,32,40,,23,24,33,19,33,21,32,24,35,,,,31,28,,25,32,27,24,23,,25,37,31,34,30,39,32,26,,23,,82,58,82,23,37,11,24,29,27,49,39,29,33,23,48,43,67,39,,54,46,45,21,22,22,43,33,31,,,17,,27,35,,17,31,24,17,11,12,,51,80,24,24,30,17,15,25,26,32,27,28,33,34,31,28,25,37,8,,18,,16,14,4,19,,24,,18,19,36,26,17,,8,98,136,177,149,195,154,177,122,53,112,97,82,92,71,95,103,83,152,155,167,163,154,167,161,151,175,,31,36,34,42,48,33,38,55,71,28,38,31,34,28,32,28,24,34,43,39,32,,20,27,20,17,28,22,29,18,,34,31,27,26,37,53,23,35,29,62,39,57,40,34,22,27,27,17,27,33,23,21,37,36,32,37,35,37,43,34,34,37,30,34,35,32,29,28,37,51,47,43,,40,30,24,19,13,20,13,17,40,11,12,15,11,9,29,,62,39,60,55,37,55,,,,49,54,44,36,48,,80,81,85,86,,,77,1,7,11,17,18,4,11,17,14,3,31,17,22,31,28,35,41,20,31,23,11,11,25,189,178,186,182,172,202,194,196,208,165,202,174,188,27,46,29,27,38,81,,60,52,63,,,,47,30,75,95,42,61,68,,21,25,28,32,25,31,15,10,12,17,13,18,7,16,27,3,8,14,5,9,5,4,14,5,9,4,164,187,124,213,31,26,33,32,73,81,76,115,84,,76,9,12,7,9,,143,,98,113,128,125,158,,169,119,,117,174,175,164,193,227,120,103,172,222,104,117,117,,68,51,60,44,36,39,,115,,100,,111,86,97,109,141,121,139,88,88,94,35,34,33,183,146,173,,19,19,15,32,30,26,20,24,33,26,35,69,75,75,81,70,75,65,69,64,41,25,31,33,25,18,35,18,20,13,58,58,75,,14,,44,51,,47,61,50,,55,47,27,15,,,153,144,157,6,,5,4,12,4,102,94,,95,98,,223,,214,222,204,190,193,189,188,179,179,86,80,98,,211,214,191,216,221,197,138,158,108,67,116,41,147,60,100,113,66,64,68,83,107,75,90,81,68,64,73,73,62,,39,102,95,100,94,127,51,40,42,41,51,99,57,59,67,42,41,50,51,43,38,42,38,38,60,33,31,37,30,27,36,31,5,158,115,,133,138,111,124,211,217,219,,196,,89,87,90,145,136,138,186,153,133,125,149,138,142,,136,126,111,106,123,109,99,96,103,44,40,33,76,64,39,,62,,,47,72,61,57,56,12,13,9,13,15,9,13,16,13,27,21,12,25,17,9,1,80,82,101,91,40,42,43,34,47,44,92,32,63,42,49,50,40,42,85,,,91,97,68,87,94,55,63,70,56,54,55,13,19,10,,21,23,24,208,198,204,198,178,199,149,155,72,69,88,89,60,113,192,175,161,191,168,169,138,162,155,169,34,4,24,33,,72,10,17,12,14,9,20,53,28,43,48,38,144,113,113,116,101,86,109,76,84,74,72,82,78,81,64,60,79,84,45,65,26,27,26,41,33,,20,23,22,11,19,,17,23,,19,18,17,33,27,33,32,34,31,30,27,39,39,38,14,18,28,32,,15,49,40,,,52,53,3,96,62,115,87,130,176,140,164,,25,24,117,67,73,73,67,124,118,106,105,,113,200,,193,197,142,116,,138,113,202,203,206,144,,132,14,22,17,22,18,21,16,,11,25,9,7,,,4,,14,13,16,21,28,21,33,22,23,20,150,154,182,165,137,134,148,145,139,127,145,88,168,174,114,78,84,111,124,98,78,35,51,52,22,27,26,17,26,74,86,16,48,35,106,5,47,21,31,23,21,29,15,56,56,44,35,44,65,96,28,14,14,12,35,57,39,9,39,34,31,23,24,26,,119,60,32,34,36,80,81,89,41,56,39,64,44,50,14,12,14,29,5,5,11,26,27,19,74,,,62,72,77,24,27,20,31,107,115,,17,20,37,39,35,10,7,10,8,4,19,13,16,15,3,16,19,26,19,15,13,14,14,21,16,10,12,5,4,17,10,9,14,9,11,25,19,20,17,13,19,21,21,20,23,17,17,22,23,18,20,19,20,20,22,26,16,19,17,28,24,17,24,15,17,17,20,28,144,142,138,,125,140,126,148,,160,146,99,,97,119,135,130,124,129,120,89,92,132,186,109,,,134,138,123,26,37,41,45,42,32,89,84,66,100,105,119,116,26,39,32,113,102,110,,45,52,,41,36,33,28,41,57,60,43,83,92,8,13,11,20,12,13,18,14,19,15,13,68,65,60,44,37,7,14,10,8,13,24,,,30,14,20,18,12,20,27,11,21,13,11,17,18,24,27,18,,17,23,9,,10,13,13,12,4,6,9,2,10,13,16,12,15,12,20,8,16,12,18,17,12,10,54,34,48,79,64,50,43,41,76,58,66,71,36,43,27,40,56,77,78,63,32,46,58,,24,67,57,61,63,64,45,49,50,44,,53,72,,32,67,66,55,82,9,17,4,,,16,25,23,25,24,,7,21,6,14,,,,,7,14,3,3,10,8,10,,10,17,15,10,6,40,6,12,13,17,9,11,20,26,,19,14,14,10,44,,13,14,19,29,24,18,,4,16,1,21,7,20,19,26,,10,,5,5,119,129,132,110,16,23,19,18,70,63,75,108,,,16,53,,86,27,28,13,29,21,27,36,28,37,50,36,37,50,44,,53,61,30,,77,61,83,18,18,12,16,25,26,13,10,10,37,21,27,101,109,95,46,4,32,25,27,49,105,86,44,80,,166,69,138,106,111,124,9,3,33,45,33,28,,11,98,22,101,129,120,131,182,141,118,80,44,29,37,24,18,39,59,138,106,133,89,9,33,28,22,36,152,169,42,22,46,42,22,120,33,42,116,10,29,56,116,18,50,74,26,90,31,45,31,139,129,71,94,37,105,48,48,48,144,,129,153,122,16,51,100,72,21,10,9,168,22,149,102,10,6,128,121,81,37,34,157,11,151,,153,7,4,5,7,30,61,17,73,46,72,91,49,69,69,234
20171215,5,PM2.5_24h,87,65,80,72,79,74,78,85,79,72,84,81,,,72,,70,71,71,,69,69,64,,70,77,,113,136,171,,133,128,104,72,83,74,82,84,87,46,52,56,,64,131,135,143,111,128,127,127,149,123,135,54,,43,51,66,62,70,72,76,60,79,80,,84,81,80,89,92,107,114,138,112,133,137,269,,233,305,238,283,269,244,282,81,62,52,82,64,64,84,82,90,151,135,,122,132,126,138,125,,140,40,46,37,42,29,30,29,57,47,,68,75,91,84,76,52,92,96,88,91,90,77,52,,81,81,106,101,98,93,102,104,16,19,14,16,17,24,16,13,14,15,29,27,36,34,42,43,31,39,30,24,26,29,27,27,30,23,25,24,19,20,29,20,48,,,,121,104,,87,107,109,,42,30,38,,27,42,30,32,39,29,35,36,35,,,,33,38,,33,34,35,29,27,,32,52,40,37,43,44,32,29,,22,,81,62,78,30,40,15,37,30,33,49,38,30,45,29,26,40,28,39,,60,39,32,29,25,26,35,44,42,,,24,,32,33,,28,33,32,18,13,13,,45,60,23,25,24,23,20,24,34,40,33,32,37,40,36,39,42,43,11,,17,,15,16,12,17,,22,,16,20,37,23,16,,15,123,136,150,138,160,141,160,130,32,60,57,47,56,40,59,81,47,121,125,145,133,121,137,122,121,140,,36,39,40,47,52,41,46,43,65,45,51,53,53,47,48,47,43,50,57,53,48,,38,46,45,31,50,41,50,40,,37,32,26,25,52,52,21,35,30,73,49,67,66,55,34,43,47,45,50,43,40,33,74,65,53,60,62,58,64,51,55,57,52,49,73,58,54,48,49,56,68,59,,59,18,23,19,14,27,15,19,28,11,13,13,11,13,39,,49,43,51,52,36,55,,,,49,49,43,47,42,,83,80,79,84,,,74,28,20,21,23,26,31,31,23,22,20,25,18,20,20,25,31,32,37,57,23,18,46,16,145,144,150,144,137,160,145,151,160,137,148,156,146,47,59,35,44,53,113,,110,100,85,,,,74,78,58,67,60,64,59,,28,50,56,57,56,58,34,28,26,36,37,39,24,37,54,49,40,55,55,50,64,63,68,52,65,67,133,148,104,134,31,28,33,32,125,121,87,132,98,,88,14,15,16,14,,118,,88,96,98,110,106,,110,106,,113,129,146,125,152,208,102,120,148,147,74,91,82,,63,35,41,43,17,37,,83,,77,,75,77,90,90,117,112,121,61,61,58,25,26,25,112,100,112,,23,27,18,37,34,24,18,19,24,20,22,61,58,67,71,52,72,55,66,65,49,25,28,32,20,17,27,29,40,29,95,95,77,,18,,30,29,,35,41,32,,77,68,48,12,,,127,121,137,106,,94,83,102,100,95,95,,100,102,,146,,149,148,150,145,147,155,122,141,148,92,95,102,,162,108,191,178,203,111,67,133,93,54,84,28,130,70,125,138,81,58,89,84,106,93,92,90,80,48,104,108,73,,32,81,73,94,72,133,57,54,67,73,39,90,74,61,86,56,47,66,63,50,42,44,43,41,55,34,30,35,30,41,33,32,5,151,127,,112,111,107,121,132,130,129,,136,,94,86,82,135,121,122,147,128,119,108,115,141,151,,143,114,114,103,111,108,93,93,102,60,50,44,51,70,43,,59,,,50,75,58,61,49,16,19,18,20,22,21,14,22,15,30,28,18,28,18,12,10,84,77,88,81,46,39,42,38,48,45,51,36,40,40,47,51,41,46,100,,,99,86,61,76,89,58,65,70,62,65,59,19,15,12,,22,26,31,159,150,153,138,155,181,146,140,113,112,111,109,145,164,175,169,160,175,154,149,114,138,130,138,38,27,22,26,,85,64,49,63,24,11,25,50,33,57,58,49,107,98,136,129,53,46,84,62,59,52,47,56,49,46,33,37,57,61,29,46,24,20,24,40,29,,27,25,28,16,22,,37,26,,24,22,22,43,35,38,37,38,33,38,26,37,45,43,20,21,33,34,,16,42,40,,,72,91,26,104,86,102,98,120,149,119,142,,25,18,88,73,78,74,71,86,181,167,184,,175,186,,158,180,114,104,,118,103,160,145,140,143,,141,24,31,24,54,48,48,33,,33,35,32,45,,,28,23,25,17,35,45,40,88,72,81,81,82,155,204,148,216,154,125,113,128,136,88,134,118,103,101,74,83,73,95,116,86,68,41,43,89,40,40,52,36,40,66,103,22,30,33,62,12,48,33,47,42,33,43,21,40,48,32,32,37,65,64,25,23,28,34,67,55,45,16,62,53,46,45,42,41,,66,58,51,47,45,67,73,79,39,48,45,48,44,46,39,31,35,50,5,8,16,33,35,32,58,,,54,61,70,32,36,27,37,80,82,,40,46,42,42,38,13,14,13,15,9,17,12,14,35,3,12,13,15,20,18,19,22,21,22,16,10,13,9,12,17,17,34,34,30,31,26,21,27,25,20,21,24,23,24,24,21,26,29,31,24,28,24,26,29,33,31,28,32,30,25,25,22,24,15,20,22,20,28,110,100,97,,112,117,95,146,,162,138,100,,101,134,156,150,144,130,124,84,91,128,92,95,94,,131,131,129,30,38,47,43,51,46,77,76,70,129,130,136,152,30,42,45,130,119,131,,44,48,,43,39,38,34,45,56,58,48,78,74,37,39,38,46,35,30,26,32,36,32,30,63,63,56,43,49,16,24,19,18,17,36,,,39,34,32,30,26,39,37,17,20,23,23,29,31,39,45,21,19,25,27,12,3,12,13,17,11,7,10,13,7,11,15,26,12,22,24,20,8,15,13,21,23,8,7,42,67,50,71,64,57,46,46,63,68,67,72,47,55,49,54,66,72,71,69,40,53,61,,30,83,73,76,80,80,55,61,51,64,,64,77,,33,63,63,54,77,18,32,14,,,16,20,30,35,33,,36,43,23,24,,,,,15,29,18,20,11,11,18,,13,21,16,26,32,15,8,11,18,19,27,13,19,24,,22,19,17,11,42,,14,21,26,31,23,20,17,16,49,43,12,11,22,19,105,,6,,7,9,98,99,100,108,77,75,75,66,72,84,69,101,,,29,110,97,108,43,57,19,45,58,72,35,32,87,92,77,51,50,49,,48,64,45,,84,88,51,53,26,24,33,33,29,21,30,27,46,37,45,133,154,71,63,10,60,42,27,40,81,85,72,143,,184,58,120,99,110,106,17,25,34,54,44,33,26,14,90,43,61,63,71,131,185,108,136,207,41,34,33,29,23,46,51,109,82,123,87,18,26,17,26,69,176,95,40,28,62,45,40,80,29,55,59,127,61,78,105,28,47,74,30,43,30,40,34,107,107,38,60,35,120,45,49,46,134,,71,143,113,32,29,104,81,42,47,52,114,21,156,68,14,13,67,103,95,39,108,110,24,118,,99,32,46,32,32,41,87,60,57,46,108,80,51,71,69,146
20171215,5,PM10,,33,86,96,93,107,,,,59,94,,,,134,,127,,120,,126,,,,,,,174,176,266,,171,158,169,121,121,138,139,143,151,102,103,119,,122,247,229,214,220,220,237,228,244,251,203,63,,10,14,24,153,141,135,156,149,149,157,,146,145,156,148,170,185,,200,203,227,189,395,,342,350,303,422,323,322,384,28,18,12,14,22,29,28,,206,181,151,,204,223,218,204,227,,176,102,130,,123,120,101,78,111,97,,115,109,145,,105,112,105,,108,106,94,102,51,,87,101,134,139,122,80,,116,27,17,20,13,21,23,18,15,21,22,53,53,66,46,47,49,58,,48,30,24,28,25,27,43,45,31,25,33,24,,22,109,,,,144,,,173,161,173,,48,57,44,,33,42,51,41,34,38,51,39,53,,,,42,38,,28,37,43,31,40,,30,41,39,41,44,52,44,37,,43,,,63,,35,63,,42,44,41,79,68,68,50,37,82,70,100,64,,62,98,81,25,39,43,58,47,54,,,28,,44,52,,31,42,36,20,22,26,,,,,32,38,27,18,34,,,,,,,,,,,8,,,,24,14,6,,,,,,23,,,18,,19,137,198,204,168,,178,222,150,96,181,132,146,139,144,145,163,156,,156,,,,,198,,178,,,,,,,,,,,,,,,,,,,,,,,,22,31,27,,,,29,,,63,52,60,56,72,77,42,60,50,87,64,76,62,38,28,49,28,41,49,48,31,34,46,53,50,50,58,58,61,70,,40,33,36,44,38,29,29,48,53,,,,46,,32,25,18,,22,17,,35,31,31,38,33,59,,75,56,72,63,49,77,,,,57,69,59,54,87,,94,105,109,138,,,108,17,7,16,30,18,18,14,,,14,60,19,32,106,58,79,79,36,59,41,21,16,108,213,188,246,222,211,225,218,236,306,179,232,224,243,78,92,67,89,80,134,,122,110,130,,,,73,84,111,,59,,,,34,25,34,,,,22,22,24,24,21,21,22,38,,14,19,40,17,21,33,41,45,72,59,31,216,252,187,262,46,36,44,49,145,134,116,173,125,,94,,,10,,,165,,128,139,160,,212,,211,170,,169,250,219,179,195,283,157,121,222,300,188,155,194,,84,97,80,73,60,90,,130,,139,,173,103,111,134,145,149,173,115,117,122,44,62,47,239,214,218,,,,,,,30,25,37,38,36,54,,,,,,,97,89,66,67,39,35,50,40,38,40,18,22,23,,,,,16,,73,81,,62,67,76,,,51,43,28,,,225,195,205,55,,55,22,41,51,118,118,,115,146,,276,,283,244,258,250,,,244,211,,159,127,135,,263,312,279,284,324,269,180,158,163,94,145,94,183,90,258,176,126,116,126,124,111,106,109,87,81,71,83,98,77,,50,127,,117,124,,61,61,63,67,84,106,76,86,,67,,51,51,,56,42,45,43,81,,,,,,,,,159,158,,176,191,168,152,,,258,,199,,119,119,126,167,170,183,259,168,173,126,169,146,,,,133,137,,,,137,130,116,,47,42,,,59,,66,,,,,76,71,87,,,10,,,13,16,,14,27,27,24,,18,27,22,98,99,119,119,44,43,55,34,,55,241,60,130,89,61,50,45,51,118,,,96,128,139,132,126,70,86,97,72,77,80,13,26,23,,,29,35,258,226,237,242,204,206,169,171,97,104,123,129,150,177,216,181,209,232,229,220,248,237,263,210,,41,76,46,,125,26,132,44,14,26,,63,44,63,79,74,,123,138,147,162,130,142,102,132,126,108,115,136,115,77,66,116,118,114,102,54,59,44,69,75,,49,45,35,20,43,26,33,35,,36,21,36,46,54,52,43,50,48,30,34,,48,51,25,27,52,61,,59,62,50,,,,,23,158,112,164,163,176,188,184,202,,26,67,140,,93,103,107,126,124,185,149,,158,251,,259,232,187,193,,189,188,253,216,249,,,134,28,33,24,33,30,29,,,15,35,35,13,,,11,6,36,17,42,34,28,37,49,34,62,33,244,220,265,226,220,189,255,210,165,157,196,175,240,186,167,98,94,174,183,146,126,59,60,70,60,44,36,26,50,85,102,40,89,97,187,17,81,38,34,34,44,57,25,,,55,54,48,79,185,36,24,,,64,79,53,12,45,,36,40,28,32,,141,,53,39,60,83,,90,54,57,66,75,77,52,19,18,,,38,27,15,29,48,,,,,82,89,80,40,36,36,36,153,145,,,36,52,61,41,,,11,10,7,,,26,18,,23,28,30,,16,17,,25,21,,14,,8,10,,,9,,,12,,36,27,32,27,,,,,,21,,,,21,21,22,22,22,28,,18,23,21,,26,22,31,27,27,29,31,30,163,200,191,,138,159,177,148,,,148,130,,100,151,158,161,160,,,112,144,139,,140,132,,189,169,179,37,,,,48,37,91,93,84,,,,,,40,58,,,,,50,,,,,,,,63,,58,101,108,13,16,14,,13,13,,17,21,22,18,120,103,94,69,63,7,,29,14,,,,,,30,24,,25,37,52,16,,16,14,21,22,31,,22,18,,,10,8,,,15,21,9,12,11,6,10,16,,21,16,13,,12,20,16,21,17,,,84,76,72,92,88,61,55,75,85,60,100,81,43,52,55,47,80,91,78,70,67,67,71,,38,73,78,,73,75,52,67,,,,69,102,,81,106,105,117,116,17,39,18,,,22,35,42,39,39,,17,32,18,17,,,,,124,18,6,4,20,19,13,,10,37,24,18,12,,20,,17,40,28,19,31,35,,,24,14,16,54,,26,24,49,47,47,38,66,15,43,41,31,17,38,39,97,,15,,5,10,126,142,,,40,45,35,32,74,90,86,110,,,41,87,160,150,66,74,33,39,60,57,58,74,71,65,65,73,151,61,,117,143,66,,103,103,123,81,104,45,31,76,68,34,41,40,75,64,60,157,142,152,62,,50,41,33,63,182,161,98,183,,210,257,161,135,134,142,9,8,,50,46,132,109,14,,25,,,129,186,229,184,183,95,45,33,74,50,33,39,70,,172,190,103,11,89,88,66,61,212,217,52,43,55,55,,155,38,57,117,54,77,,157,42,,,40,104,49,62,32,148,145,88,131,54,,65,71,70,197,,131,,154,21,101,,88,24,17,,188,29,155,129,23,11,,148,122,57,48,195,,183,,198,9,5,12,10,96,103,28,118,67,125,114,59,,,244
20171215,5,PM10_24h,84,80,101,90,98,90,89,95,91,88,110,85,,,97,,81,68,96,,79,67,74,,73,84,,152,188,215,,157,165,142,113,114,124,136,137,131,74,80,92,,120,158,174,185,147,161,164,163,196,182,175,104,,102,106,117,152,136,109,165,126,120,126,,116,110,112,111,126,121,139,158,169,169,152,341,,294,341,279,373,305,305,373,152,126,112,165,102,120,131,111,138,205,193,,164,213,205,193,178,,209,70,68,51,70,64,57,38,100,69,,92,93,121,94,81,86,107,112,106,115,97,107,72,,96,109,135,148,119,103,105,120,36,33,26,24,29,32,28,25,27,32,46,44,51,42,49,53,55,46,53,44,37,34,31,36,58,58,39,26,35,33,37,31,58,,,,140,89,,137,134,135,,52,54,45,,48,66,56,58,46,48,55,51,50,,,,47,50,,51,43,49,39,43,,41,61,51,51,57,61,49,42,,51,,85,77,84,42,67,33,49,44,52,80,63,56,69,39,50,63,48,67,,85,76,55,36,53,57,57,55,65,,,40,,46,49,,47,53,49,25,28,33,,44,,29,34,34,25,22,36,31,63,22,,24,27,38,30,20,40,21,,32,,36,31,18,35,,23,,17,26,17,22,17,,22,182,190,184,171,,171,219,175,69,111,92,106,100,97,116,148,104,143,145,168,167,157,147,169,137,152,,,45,43,,56,43,49,36,,,,,,,,,,,,74,61,,54,62,56,41,52,26,46,26,,62,57,58,49,92,86,39,67,46,101,71,90,89,74,63,77,60,68,88,60,54,50,74,86,81,89,86,85,80,87,52,61,51,53,84,57,54,64,65,69,70,53,,57,24,29,34,19,38,27,21,33,29,30,35,30,34,64,,66,57,68,72,62,86,,,,62,67,57,78,74,,110,111,112,132,,,106,59,27,39,43,34,52,47,34,36,44,71,42,36,60,53,67,70,64,101,50,40,81,67,173,167,208,198,185,195,176,208,237,163,174,198,190,124,122,111,113,108,162,,150,170,138,,,,120,141,86,80,70,79,62,,42,28,56,31,28,31,52,54,61,56,47,51,47,71,74,106,105,133,132,114,132,139,122,99,110,121,177,191,174,171,50,40,44,48,163,159,121,213,163,,118,26,29,37,26,,129,,114,116,131,98,144,,151,145,,149,187,175,146,192,190,138,151,203,197,141,132,146,,92,66,65,70,27,76,,118,,121,,130,103,122,117,135,130,151,96,87,82,42,48,42,158,167,161,,35,28,21,48,84,42,35,39,43,50,53,56,49,55,44,67,46,98,92,74,82,36,34,55,42,51,51,29,30,26,109,108,93,,20,,54,54,,68,66,63,,,66,49,36,,,174,162,174,149,,149,120,141,149,121,124,,117,147,,186,,176,175,177,204,92,109,179,157,117,158,169,155,,214,178,278,253,313,158,80,154,128,80,120,63,206,106,308,194,150,104,154,127,124,125,117,101,92,55,119,104,92,,38,105,85,117,124,167,84,81,92,113,52,93,94,68,97,87,43,52,52,43,47,44,50,50,67,,32,,,,35,,7,166,146,,140,150,172,142,88,140,147,,136,,115,120,112,163,148,145,202,147,148,135,128,142,148,,144,146,144,106,,107,126,126,113,64,58,55,62,68,55,,68,,,60,83,73,78,78,18,23,17,20,,22,23,15,15,33,35,27,26,21,27,24,114,103,110,113,48,47,56,38,48,67,123,74,104,87,77,75,62,65,135,,,116,119,128,115,125,81,95,111,96,91,97,29,26,23,,29,50,47,195,184,185,175,216,210,170,159,124,133,147,143,220,210,209,207,215,209,220,207,208,210,208,166,88,73,95,67,,122,94,117,111,40,29,44,67,52,110,94,113,93,117,178,166,88,80,136,96,89,92,83,80,93,68,52,51,91,91,73,78,42,47,45,67,58,,56,56,47,33,44,32,37,42,,40,34,43,45,51,55,48,52,42,35,33,46,70,62,35,37,49,59,,58,49,49,,,102,102,49,132,117,133,151,160,170,162,180,,48,55,98,95,89,90,97,97,166,289,262,,254,238,,222,226,149,155,,149,164,208,173,195,151,,136,54,56,51,78,85,64,51,,60,75,68,84,,,43,29,49,30,67,67,58,126,116,81,131,123,247,282,211,332,189,212,173,178,158,126,214,183,156,126,111,95,82,157,194,126,101,79,61,99,72,56,51,50,52,90,139,33,45,70,121,25,83,52,52,43,50,57,24,48,47,39,52,46,94,111,34,43,42,63,104,82,52,19,72,57,51,58,49,46,,83,66,61,52,54,85,78,88,46,52,54,56,57,45,42,37,30,53,32,20,26,34,45,41,,,,81,84,78,48,47,38,43,97,103,,53,55,49,55,43,28,19,24,27,14,21,18,25,18,10,19,17,17,25,26,27,35,29,29,26,16,19,19,19,18,17,42,46,40,37,30,43,35,39,36,25,32,25,30,31,24,28,34,33,31,29,30,31,34,40,37,34,38,35,27,28,22,31,22,30,31,35,36,143,139,131,,132,143,129,159,,183,157,137,,111,172,179,183,179,,132,115,145,141,112,113,110,,171,173,173,46,44,55,54,58,63,82,84,86,133,137,146,,45,47,70,,,,,57,48,,47,37,44,45,56,74,56,56,103,93,19,27,35,48,31,38,32,20,40,30,30,122,107,95,71,74,21,35,45,23,27,41,,,44,48,54,65,43,49,76,23,35,40,35,34,41,59,98,30,23,28,30,14,20,15,16,18,19,11,16,19,11,17,21,30,29,32,29,28,12,32,22,26,28,13,8,73,67,80,93,95,68,67,97,99,89,95,91,69,74,78,68,84,110,97,100,68,93,91,,83,110,106,96,116,103,71,90,71,83,,91,113,,78,112,119,121,126,36,64,38,,,21,29,46,50,54,,54,53,55,28,,,,,46,40,26,28,24,19,26,,20,46,43,53,57,68,26,22,30,45,46,29,40,47,,27,40,30,26,71,,43,48,48,53,55,52,113,35,97,110,23,23,67,51,201,,28,,20,30,114,116,122,117,92,92,101,94,78,96,79,134,,,92,152,164,173,93,121,68,62,117,127,83,84,127,107,110,104,123,67,,107,124,105,,132,122,99,150,92,66,62,90,67,56,62,54,93,86,69,212,209,109,92,16,59,60,52,56,162,169,140,323,,255,190,166,139,146,133,32,51,47,61,54,57,73,33,119,45,80,76,75,190,238,145,182,248,53,46,55,61,37,55,59,124,142,180,117,21,69,58,100,114,267,134,71,49,77,64,50,119,51,68,75,157,114,135,152,50,59,87,47,53,48,61,43,131,137,49,77,50,,68,71,70,155,,93,166,141,37,60,119,106,50,85,67,145,32,150,115,27,20,84,133,166,71,149,140,33,146,,135,42,38,48,41,123,136,80,87,72,139,110,60,78,77,136
20171215,5,SO2,13,8,17,3,15,18,18,16,4,11,17,10,,,17,,18,20,17,,18,13,11,,8,4,,20,20,30,,19,19,59,18,20,30,27,33,23,39,43,38,,36,10,15,,25,34,30,60,43,79,26,10,,9,7,9,34,24,39,29,31,13,21,,24,27,35,31,9,18,19,21,21,16,16,98,,52,132,231,195,245,24,129,17,22,12,13,13,10,10,,82,108,127,,100,106,122,100,111,,74,27,17,28,22,13,8,12,14,11,,168,139,19,87,100,19,31,27,17,11,35,34,20,,174,113,117,87,69,12,32,31,10,7,8,9,9,8,7,7,7,9,16,13,14,6,5,11,9,6,12,9,8,7,14,8,9,18,10,14,14,8,32,16,28,,,,17,5,,10,26,8,,7,8,8,,18,12,10,14,9,11,13,12,18,,,,16,18,,2,3,5,5,4,,5,10,5,15,9,5,6,8,,9,,2,6,6,16,11,6,8,9,9,12,10,6,14,9,16,16,14,14,,7,15,9,9,8,8,7,7,15,,,7,,20,26,,5,7,5,5,8,11,,18,15,5,4,7,5,3,5,4,3,4,3,5,2,9,3,3,1,5,,4,,7,8,2,3,,3,,2,4,8,4,3,,4,14,19,28,31,27,26,42,24,23,17,24,31,26,10,27,14,28,21,18,18,19,12,14,19,20,32,,3,3,5,3,1,3,4,3,4,4,5,4,2,5,6,1,2,4,6,11,10,,5,4,7,6,11,12,8,10,,6,8,6,11,10,9,6,8,8,13,14,10,17,17,7,14,7,8,10,29,18,17,12,10,12,12,25,20,15,11,6,18,23,17,14,11,12,9,11,11,10,16,,15,9,12,11,10,12,11,9,6,4,8,4,4,5,11,,16,10,18,8,8,11,,,,14,8,9,7,16,,8,6,2,10,,,8,9,9,5,8,6,11,21,11,8,8,14,17,10,11,14,35,35,5,4,6,2,8,6,27,28,33,27,24,24,50,33,24,24,70,31,38,25,30,36,34,34,31,,31,17,24,,,,6,33,4,8,16,9,10,,10,8,7,10,7,5,8,5,8,7,3,7,7,7,5,9,7,10,9,8,11,13,14,26,29,12,27,40,12,37,15,13,17,90,174,120,71,136,98,,108,7,7,9,3,,25,,17,14,21,15,12,,12,10,,11,37,31,30,30,35,22,39,26,51,9,12,11,,22,18,19,17,19,28,,14,,14,,13,29,34,34,23,18,32,10,8,7,16,20,21,29,31,15,,8,9,7,10,5,8,8,8,13,10,22,13,6,10,11,12,13,19,41,73,35,6,4,9,11,8,9,2,7,7,12,14,14,,7,,45,24,,22,26,19,,12,14,10,7,,,10,7,7,11,,25,13,14,15,8,10,,15,18,,42,,72,48,89,135,156,108,118,146,136,36,18,21,,93,94,94,166,202,110,65,98,84,49,77,28,94,52,61,111,123,96,18,209,91,169,332,145,55,27,33,44,32,,13,37,63,70,24,37,18,39,54,48,26,12,34,15,39,21,7,5,10,7,22,18,15,13,18,4,10,11,5,11,12,2,5,16,19,,17,12,7,7,8,17,7,,7,,14,13,22,15,10,8,17,20,22,13,16,19,16,,15,15,9,12,12,12,6,9,10,9,4,7,3,5,6,,2,,,3,6,6,6,4,4,11,13,9,6,6,5,8,3,26,56,14,28,13,1,3,2,9,10,8,17,15,13,13,17,19,112,18,26,22,12,5,14,10,12,,,18,8,9,22,3,1,17,10,5,4,10,16,5,5,,8,16,11,18,25,22,20,17,24,26,34,10,11,144,114,10,9,19,15,16,25,21,25,23,26,28,18,4,4,3,6,,20,5,32,17,1,7,8,5,6,4,9,7,23,18,13,22,46,36,20,13,22,18,30,11,16,28,16,13,20,9,11,12,10,17,18,9,24,,14,17,19,4,4,16,14,26,,3,6,10,9,7,11,8,7,20,10,17,10,13,10,9,10,8,12,,9,4,2,,,11,5,39,14,10,4,8,11,9,9,7,,12,10,23,33,16,17,12,7,75,38,73,,82,162,,209,159,37,24,,50,22,67,41,49,30,,78,4,8,3,12,7,8,2,,6,40,13,15,,,7,3,54,40,10,9,8,15,14,12,63,13,117,118,124,92,40,58,50,36,182,48,136,176,24,52,64,66,46,130,85,95,64,8,8,17,41,55,47,11,11,40,37,14,13,13,31,5,7,44,13,14,9,12,5,9,6,12,22,28,8,54,10,12,10,9,35,27,42,9,5,22,17,28,14,9,,20,5,6,23,7,7,8,17,9,18,6,19,9,6,17,8,26,3,6,7,2,31,2,13,3,,,20,6,15,14,21,2,25,9,13,,27,26,18,32,14,3,4,6,6,2,8,7,12,23,2,8,11,30,9,6,6,4,5,9,7,3,3,5,5,4,8,18,11,17,19,19,16,1,6,5,3,14,10,6,21,3,4,8,9,3,9,5,18,11,6,2,10,7,7,9,7,7,7,5,8,19,21,14,3,4,6,,21,11,12,11,,16,11,8,,7,7,10,6,10,6,6,3,6,5,10,11,13,,8,8,8,4,5,11,9,4,8,31,23,5,9,9,11,5,3,1,4,10,16,10,,7,5,,1,1,2,6,1,6,6,2,5,2,6,13,13,7,7,6,5,11,6,9,16,5,4,1,5,1,15,9,10,14,4,3,,,4,2,4,1,2,3,2,3,2,4,3,4,12,4,1,3,3,4,7,5,6,6,11,10,12,1,7,8,4,3,6,8,23,12,2,3,3,5,13,8,6,5,6,15,20,15,11,11,6,7,4,4,6,5,18,6,4,9,2,3,2,6,3,11,14,11,,10,8,10,13,6,12,23,3,9,31,,4,8,,6,6,7,4,6,8,13,7,,,11,11,11,16,13,,25,42,27,10,,,,,2,10,6,7,4,3,4,,14,8,7,12,29,,12,8,8,4,14,32,18,11,,6,10,6,6,8,,5,7,16,14,8,10,6,15,6,4,3,4,7,7,3,,10,,5,3,10,13,8,12,9,30,14,9,10,17,24,10,,,8,10,24,14,15,14,10,11,11,9,10,8,32,13,8,32,22,3,,23,12,5,,34,9,8,21,31,19,9,13,18,7,10,5,13,17,12,14,17,7,7,5,18,8,6,8,12,11,4,12,,22,30,37,37,47,46,3,3,4,10,10,7,52,3,20,10,9,11,15,33,202,58,65,23,9,10,10,18,10,23,5,18,12,8,8,8,26,54,13,18,79,77,7,5,2,4,5,23,3,7,21,22,30,86,22,7,17,8,8,13,20,22,6,5,34,17,19,17,15,8,12,15,132,,16,9,22,6,69,8,23,4,20,5,21,7,19,11,2,3,17,14,28,17,21,26,4,30,,9,7,19,17,39,5,35,14,32,5,11,5,1,2,4,2
20171215,5,SO2_24h,19,14,23,17,22,24,18,21,12,19,20,14,,,19,,24,29,22,,23,18,20,,16,12,,18,23,33,,21,20,10,45,42,53,56,68,48,28,52,42,,38,9,18,20,23,34,42,33,35,30,32,31,,23,24,26,41,43,46,58,44,22,21,,24,43,42,42,8,15,16,22,25,18,20,106,,64,154,233,137,224,55,135,35,40,45,47,39,27,39,29,70,85,94,,105,135,119,109,180,,120,37,54,34,37,34,22,14,42,37,,125,181,59,58,68,24,28,45,31,39,66,59,26,,140,132,94,104,145,23,66,53,9,6,8,9,9,8,8,7,7,9,13,10,7,6,5,9,8,5,12,9,6,8,14,8,6,17,11,15,11,11,19,16,22,,,,26,8,,12,23,10,,6,7,8,,16,11,7,11,8,9,10,11,10,,,,15,17,,2,3,5,5,6,,6,7,6,14,9,7,6,9,,8,,3,6,6,13,10,6,6,9,8,9,6,4,13,8,11,11,12,10,,9,10,7,9,8,8,7,8,14,,,8,,8,10,,18,5,5,5,8,9,,16,12,5,5,6,5,4,5,4,4,4,4,7,2,9,3,3,2,5,,4,,8,8,2,4,,3,,3,4,8,5,4,,5,21,22,25,31,24,28,32,33,22,15,24,23,22,10,23,22,22,19,16,16,15,12,13,18,19,14,,3,4,5,4,2,2,7,4,4,4,5,4,3,5,6,3,2,4,8,11,10,,6,5,9,5,12,13,9,10,,5,7,7,11,8,9,6,8,9,11,10,9,18,14,8,13,7,9,12,26,19,19,19,16,17,12,19,15,13,7,7,17,19,16,15,11,10,8,9,9,10,15,,16,10,14,12,10,12,9,9,10,4,5,4,4,6,8,,15,13,13,13,16,16,,,,17,14,15,9,17,,13,8,4,12,,,10,10,8,12,21,8,29,25,14,10,15,18,13,14,13,14,25,25,7,10,7,3,13,5,30,31,35,33,31,35,22,48,18,28,24,26,31,39,31,32,32,30,32,,31,28,28,,,,60,43,3,9,14,8,9,,11,7,8,9,9,10,12,6,7,7,2,11,7,7,6,33,34,38,32,31,22,27,24,20,22,20,80,99,39,59,43,34,22,52,109,89,53,158,145,,121,7,8,10,7,,25,,15,18,20,14,15,,15,15,,13,39,41,41,36,43,31,53,29,46,20,16,10,,27,20,30,28,26,34,,16,,10,,15,18,23,19,24,17,28,11,8,6,13,10,11,25,28,22,,9,8,7,11,7,9,9,9,12,11,18,10,7,10,11,10,12,12,14,19,20,6,5,7,11,9,9,2,5,5,17,18,18,,7,,19,17,,23,21,20,,12,10,9,9,,,6,8,9,65,,81,66,129,112,12,15,,22,25,,85,,82,67,86,93,102,92,61,97,96,104,33,87,,102,89,122,118,102,103,37,53,41,30,35,24,114,72,106,141,102,65,36,104,91,102,144,156,38,30,60,38,39,,12,44,72,60,29,36,18,30,24,17,18,23,29,27,40,29,7,6,9,6,15,15,13,11,21,5,10,10,12,10,10,2,5,14,10,,17,11,14,9,15,20,15,,15,,18,13,15,15,8,5,10,14,15,10,14,15,18,,15,14,11,11,13,14,5,10,8,8,3,7,2,5,6,,2,,,3,7,6,6,5,4,10,18,11,6,6,11,10,3,18,53,11,21,7,2,2,3,7,9,6,17,14,13,14,17,14,69,31,31,23,12,8,14,11,30,,,18,5,8,6,4,4,8,12,7,6,9,18,7,5,,13,19,10,21,29,26,20,31,40,32,33,14,17,63,48,18,19,23,21,23,23,24,26,20,24,21,15,26,10,12,13,,35,36,57,50,2,7,9,4,6,19,15,9,24,24,14,20,28,23,20,16,26,28,38,10,22,18,16,13,12,8,14,18,9,12,12,8,20,,13,16,17,6,3,15,13,24,,3,5,9,6,7,13,7,5,12,10,25,5,6,7,9,10,9,10,,9,4,2,,,44,28,26,13,9,4,7,10,8,8,6,,11,9,27,31,19,19,13,6,129,102,137,,119,168,,198,183,47,35,,67,55,84,74,62,74,,103,9,19,8,63,65,34,9,,20,33,20,37,,,27,13,59,35,14,13,12,80,98,96,111,78,85,119,76,108,60,49,52,70,265,112,237,184,57,56,72,62,48,83,81,85,59,22,16,20,22,25,36,12,10,21,33,7,14,13,21,7,21,27,27,16,13,12,8,12,15,11,12,18,15,29,9,34,44,55,91,95,48,8,6,17,16,17,15,5,,19,7,8,24,14,11,10,19,13,21,6,19,12,7,15,7,19,5,7,6,3,23,2,12,4,,,14,7,13,8,14,2,8,13,15,,16,16,22,27,20,1,4,6,5,2,9,8,10,17,2,7,9,10,11,10,9,7,6,9,8,4,4,5,6,4,5,22,11,14,17,29,18,6,12,10,6,30,36,34,43,4,4,11,7,2,9,7,17,12,11,9,16,14,16,6,7,7,7,5,8,16,15,10,8,15,17,,21,16,7,15,,21,15,14,,18,6,10,5,10,9,6,5,6,6,11,11,14,,8,8,7,9,4,4,8,5,8,12,19,5,11,11,10,6,4,3,5,10,14,8,,7,8,,10,2,2,4,2,4,5,2,8,4,8,16,14,8,9,7,8,14,8,13,13,5,3,1,12,1,13,8,8,16,4,6,,,5,4,4,2,3,4,2,4,4,12,4,5,8,5,4,3,7,5,9,5,6,6,12,11,11,1,6,8,4,3,6,9,18,21,2,3,4,5,9,8,6,5,6,15,19,18,13,9,9,11,8,10,12,11,10,5,5,6,4,4,4,23,3,19,20,14,,17,23,13,13,13,25,17,3,13,8,,5,6,,7,8,8,6,9,9,16,9,,,11,11,15,13,15,,26,33,32,16,,,,,2,11,10,9,6,3,6,,40,11,12,22,52,,12,8,8,5,11,19,20,13,,13,7,7,5,8,,5,9,17,16,9,11,15,10,8,8,3,5,16,9,5,,6,,5,4,10,12,9,15,22,36,33,24,11,21,23,21,,,42,11,48,28,21,19,20,14,25,29,14,13,16,36,18,40,25,6,,39,39,14,,48,22,12,42,61,21,19,16,21,11,19,10,14,13,12,22,24,17,16,5,13,9,11,13,19,20,4,22,,31,35,52,43,47,39,5,28,20,11,14,12,34,4,19,12,21,12,20,34,199,46,134,51,6,9,9,10,10,23,6,18,16,14,10,8,21,21,53,20,103,87,12,7,4,5,7,20,5,5,33,100,53,109,18,8,16,8,8,12,13,15,5,13,76,15,22,12,16,13,16,15,96,,18,13,16,6,19,13,11,5,46,25,27,7,13,21,2,4,26,19,35,19,83,27,10,34,,13,19,36,32,42,9,31,26,32,13,24,7,2,8,4,9
20171215,5,NO2,78,13,72,66,76,76,86,79,64,30,74,85,,,63,,57,64,58,,58,62,61,,59,52,,64,57,63,,47,52,58,70,64,73,69,71,74,81,74,83,,76,58,53,53,64,81,67,65,67,74,78,8,,9,7,16,62,55,66,67,57,65,74,,69,46,62,60,48,53,46,63,60,64,60,76,,74,64,71,71,73,63,80,10,17,20,4,26,14,12,6,73,80,76,,75,80,77,81,72,,75,44,23,35,38,30,26,18,54,33,,57,47,46,53,53,39,52,46,47,34,52,55,24,,72,76,75,70,71,21,39,65,33,27,41,30,33,39,24,15,25,17,38,34,50,38,33,38,36,37,48,40,46,38,29,48,30,50,45,20,20,24,24,23,57,,,,53,49,,53,52,61,,22,22,16,,49,48,34,49,44,44,47,33,62,,,,54,36,,14,35,37,12,12,,17,40,26,35,30,41,37,39,,31,,45,45,53,56,76,38,59,47,51,68,58,46,59,44,56,52,56,52,,41,,45,48,43,55,51,56,50,,,42,,63,67,,14,25,22,6,4,5,,52,52,37,45,39,22,25,37,32,21,19,16,23,15,37,38,28,21,17,,46,,52,27,8,12,,28,,31,36,37,43,26,,23,61,45,63,66,58,69,67,48,59,70,68,79,70,99,72,73,73,49,59,54,50,40,53,46,56,48,,22,27,28,25,36,28,22,28,28,29,31,32,31,38,36,38,39,33,36,46,40,,42,43,47,36,34,33,39,24,,33,9,18,24,28,52,9,16,15,51,63,58,51,57,42,35,46,41,51,50,47,43,55,48,52,60,49,49,48,,36,42,36,34,43,25,23,30,30,41,40,,,44,29,37,33,19,19,30,34,37,5,6,1,4,6,30,,30,30,32,43,27,32,,,,27,39,32,47,46,,31,41,55,32,,,41,26,15,20,24,13,18,17,24,19,21,40,48,8,48,38,57,54,23,51,38,15,28,58,70,71,74,73,28,64,71,67,64,53,65,64,69,36,41,27,73,67,33,,66,22,36,,,,16,23,57,54,38,52,37,,34,39,29,32,38,39,33,36,31,35,35,17,32,28,32,8,8,7,7,8,8,20,23,21,22,17,48,73,45,65,7,11,29,38,48,66,56,71,45,,60,15,15,27,9,,57,,54,54,54,51,48,,54,17,,45,74,81,76,64,80,40,43,61,105,44,63,42,,19,29,22,38,28,44,,31,,42,,40,40,46,52,44,51,55,54,41,46,13,30,14,62,54,53,,24,35,23,23,28,20,12,14,26,24,32,26,25,24,26,23,30,30,18,16,25,27,24,29,10,17,13,29,25,28,47,40,40,,35,,42,33,,40,42,53,,40,36,36,17,,,51,52,42,2,,8,4,6,5,22,41,,29,24,,34,,44,24,40,75,74,60,68,67,73,35,30,50,,89,94,78,65,98,88,91,79,87,58,71,52,88,54,48,55,61,60,44,67,71,69,59,63,33,42,64,49,36,,12,43,36,44,38,36,22,31,44,47,31,50,47,40,74,46,39,38,44,35,27,26,30,27,30,32,30,27,30,29,37,29,7,46,52,,46,22,40,40,49,49,50,,53,,47,53,50,42,45,54,42,44,49,45,46,44,49,,48,30,41,42,37,37,39,41,37,24,22,21,27,15,15,,34,,,23,26,24,12,11,18,30,20,27,21,22,18,20,9,30,17,21,27,14,6,10,34,41,38,34,,28,43,25,32,24,71,33,65,44,24,31,23,37,25,,,33,38,39,51,36,20,16,17,22,16,20,32,21,29,,18,20,14,74,61,74,59,34,39,48,42,24,38,56,60,41,43,48,59,53,50,52,50,75,64,74,73,7,10,6,19,,32,6,21,11,24,10,3,35,20,13,25,20,41,44,50,45,78,70,81,41,59,76,48,45,29,48,18,35,41,47,32,30,20,23,22,40,33,,44,89,42,27,21,27,24,30,,,18,20,26,39,85,43,42,33,51,40,39,58,164,11,6,46,46,,47,39,38,,,35,24,37,34,44,33,47,44,49,42,44,,26,30,34,34,23,30,26,21,53,58,46,,60,65,,70,65,54,46,,49,50,70,59,62,37,,44,5,9,7,12,13,3,8,,13,10,12,7,,,6,1,23,13,9,5,5,10,16,12,11,23,93,103,86,76,59,80,73,83,39,50,51,54,60,89,50,85,71,59,56,59,59,21,14,20,16,37,45,18,14,54,42,2,16,35,54,15,21,23,12,13,17,10,7,36,22,41,49,24,45,62,45,8,4,18,56,60,36,7,19,19,26,60,16,43,,35,20,25,40,15,52,44,51,62,30,50,53,61,62,40,25,40,43,27,18,22,21,25,16,32,,,52,37,55,29,22,18,20,41,44,,36,49,61,52,27,10,7,33,15,6,12,12,16,20,3,17,17,26,20,17,22,23,27,27,28,4,2,3,14,9,34,14,29,22,18,33,30,32,26,32,34,38,9,26,26,30,36,28,32,42,24,30,26,34,15,17,15,20,21,15,22,19,23,15,32,18,16,10,66,46,51,,42,53,48,49,,53,50,,,44,52,42,44,48,25,48,40,50,37,68,64,45,,58,52,44,20,30,48,30,23,18,48,46,44,37,44,55,39,28,15,9,41,45,46,,31,32,,15,46,44,39,27,21,26,28,31,23,30,29,34,27,40,31,18,21,23,22,26,34,42,32,20,27,39,30,29,29,26,39,,,20,18,10,10,9,10,8,12,12,27,25,17,2,3,18,24,17,20,31,20,19,17,12,14,23,12,13,17,11,12,16,16,24,14,26,19,12,12,12,8,10,10,9,28,30,29,32,35,15,19,19,13,2,13,31,22,29,26,22,42,30,41,21,17,17,17,,18,30,47,17,39,37,18,5,11,23,,,31,,20,51,16,25,14,11,7,15,,,17,20,30,41,23,,17,29,28,9,,,,,2,15,22,11,11,14,17,,14,16,10,15,15,2,3,5,21,19,18,13,39,19,,8,6,8,11,19,,17,15,29,24,23,27,2,13,12,7,9,16,34,23,9,,10,,12,10,35,43,39,24,19,29,26,19,18,34,37,40,,,9,29,49,53,12,11,4,8,16,10,24,50,40,20,11,36,56,22,,38,39,24,,33,18,35,17,19,10,6,18,22,9,19,10,32,14,21,71,64,36,66,3,26,22,3,20,44,34,20,1,,40,55,31,50,51,49,8,4,34,25,34,40,63,19,27,38,61,60,60,58,75,49,42,44,32,31,67,62,38,10,27,42,39,51,42,24,31,34,11,28,68,82,16,38,12,30,54,66,54,51,55,9,19,17,37,8,51,53,10,60,60,71,30,30,64,42,53,57,55,43,40,33,45,,62,43,56,36,60,22,23,9,4,6,57,8,51,46,34,12,70,52,26,29,15,58,11,49,,58,14,18,17,20,26,71,6,82,32,62,33,32,36,30,46
20171215,5,NO2_24h,71,60,68,66,80,69,80,75,63,68,78,77,,,66,,62,68,66,,65,64,56,,64,62,,64,68,67,,52,62,52,65,66,70,70,70,71,51,60,67,,62,52,50,49,56,75,70,64,62,69,78,51,,56,55,54,57,59,60,65,58,70,77,,69,59,56,57,45,43,38,54,53,58,55,82,,81,82,83,82,83,82,87,43,42,46,55,46,48,44,40,58,74,79,,68,100,85,86,83,,92,72,42,57,52,37,52,20,69,59,,65,61,54,57,60,25,35,55,50,56,57,65,29,,78,79,82,76,75,33,57,71,48,43,48,44,43,51,42,26,40,31,45,33,52,44,37,42,43,38,46,47,56,53,42,58,41,68,53,34,36,40,42,42,48,,,,56,52,,46,55,62,,35,24,26,,46,60,43,47,52,51,52,41,55,,,,48,41,,22,31,33,24,26,,32,31,26,33,32,35,32,41,,38,,44,45,53,57,76,26,65,55,60,73,59,47,66,48,46,66,60,63,,65,59,57,53,43,61,43,55,46,,,47,,43,51,,38,30,34,11,7,9,,48,46,34,30,27,29,31,40,47,34,28,21,35,27,43,52,38,32,22,,32,,46,30,9,23,,36,,27,33,42,47,26,,21,66,58,65,73,64,75,71,60,50,60,65,78,62,86,77,74,52,53,58,53,51,46,53,51,60,46,,29,34,39,30,44,37,33,29,21,30,32,33,30,40,36,40,39,31,28,58,48,,52,45,58,38,45,35,47,28,,29,38,38,26,31,50,13,29,24,40,58,63,60,70,51,40,52,53,64,56,50,44,72,59,65,70,62,64,62,58,37,44,41,47,50,28,27,29,30,41,44,38,,41,35,41,45,26,19,38,37,44,6,6,10,10,15,33,,44,50,51,52,36,48,,,,40,53,46,51,45,,39,39,50,38,,,45,25,17,26,31,14,28,24,27,23,27,40,38,15,37,40,44,46,38,63,44,25,43,29,70,71,69,78,47,65,67,72,57,64,64,66,60,61,55,27,62,68,49,,59,32,28,,,,53,50,50,50,31,45,39,,15,40,33,33,42,40,36,37,33,38,38,15,33,30,33,38,43,41,34,38,35,43,40,38,39,36,66,87,67,70,23,21,29,35,88,89,58,66,61,,70,16,21,28,11,,58,,56,57,58,57,50,,52,36,,50,73,79,74,68,77,50,58,69,79,42,56,39,,15,45,53,55,50,50,,33,,43,,45,49,54,55,42,38,55,50,39,38,21,39,29,62,50,52,,30,37,32,24,37,28,19,12,26,24,35,26,24,28,25,21,27,33,21,22,26,28,30,39,17,23,16,31,25,23,52,49,47,,29,,29,23,,34,33,38,,41,33,41,18,,,53,52,48,43,,39,38,52,36,30,48,,39,40,,41,,49,24,37,73,75,62,69,69,69,47,40,84,,87,84,88,72,87,79,55,69,67,39,51,34,86,56,53,59,62,55,42,68,68,68,66,70,53,35,62,53,46,,9,46,50,53,44,45,27,43,43,43,22,33,46,49,90,66,47,42,52,37,35,29,30,30,23,30,31,22,27,21,39,27,6,50,55,,49,32,47,45,49,54,52,,59,,50,57,51,48,49,56,47,51,47,45,44,40,44,,43,33,50,44,39,42,45,43,40,27,21,23,24,15,14,,31,,,21,32,29,18,15,19,38,22,34,19,22,16,22,10,33,24,24,29,17,10,12,23,37,39,29,46,39,44,41,52,34,69,49,71,41,42,45,36,51,41,,,55,28,37,43,38,27,25,29,34,38,31,34,26,26,,27,31,20,66,66,63,61,46,52,55,44,35,46,58,54,78,55,59,66,63,52,58,61,60,56,60,59,16,21,12,33,,36,34,26,30,27,23,5,42,16,44,46,38,39,51,52,53,56,46,75,57,52,67,42,34,37,43,20,43,38,37,34,47,20,20,36,43,32,,44,78,46,40,32,38,34,34,,,30,31,21,33,67,43,43,34,39,46,42,52,76,22,16,54,59,,45,46,44,,,57,39,39,38,47,37,50,47,48,46,48,,33,33,50,49,32,42,34,26,64,72,57,,76,80,,73,78,47,39,,44,44,70,66,66,47,,48,15,13,11,33,42,23,27,,21,26,24,38,,,22,18,31,21,16,15,9,46,56,49,52,51,90,114,80,81,49,68,64,92,48,54,62,58,71,78,56,63,54,61,57,58,52,28,21,32,31,29,47,23,28,49,40,7,17,28,42,10,27,22,31,15,38,30,2,22,40,22,42,18,63,45,47,20,20,36,63,68,47,8,22,29,39,49,18,36,,31,29,32,35,19,47,37,50,52,46,41,40,44,43,38,26,42,34,22,18,17,27,28,28,23,,,50,35,63,35,32,23,12,32,40,,30,40,59,47,29,21,9,22,19,9,19,20,21,19,3,17,18,21,22,21,24,35,35,39,33,7,7,5,22,21,33,22,37,30,23,37,30,32,33,31,32,36,17,39,40,28,37,36,38,48,29,34,31,40,33,30,26,34,33,14,22,21,22,18,34,22,25,28,67,48,54,,49,66,52,58,,61,57,46,,54,51,44,43,51,28,49,43,49,39,51,49,36,,61,55,46,31,39,41,31,32,25,48,49,48,45,48,61,49,39,24,18,50,54,53,,27,25,,23,43,42,39,25,27,29,28,36,25,29,30,36,29,45,33,28,29,32,30,35,30,43,32,24,29,38,30,30,32,29,41,,,23,31,13,15,16,16,19,18,20,31,30,22,6,21,24,25,17,27,32,25,21,37,16,17,25,11,19,22,17,14,23,27,26,22,28,19,12,21,20,14,18,10,12,28,38,42,41,30,29,30,30,25,17,26,36,26,38,35,28,36,48,53,41,19,31,32,,30,48,60,48,47,51,24,12,20,30,,30,36,,18,48,23,32,19,16,19,23,,,16,31,30,42,36,,35,30,43,18,,,,,6,22,30,28,18,15,28,,18,15,16,28,34,3,27,22,20,20,18,16,27,17,,9,8,15,17,26,,17,17,32,28,22,30,22,15,30,16,13,24,42,24,17,,7,,6,11,22,42,42,35,32,43,35,35,21,29,30,41,,,20,44,63,63,34,27,17,15,46,40,28,35,32,36,25,37,49,37,,44,48,36,,44,30,29,24,22,20,10,22,22,16,27,19,28,25,32,73,71,28,54,5,29,19,10,22,58,62,29,43,,66,44,63,50,51,50,9,4,37,29,34,26,54,28,31,47,67,67,63,64,82,38,55,77,38,31,71,49,40,14,23,48,40,56,44,32,31,29,35,39,74,71,28,45,14,36,48,70,36,48,59,48,46,45,42,18,53,50,22,47,51,55,28,37,69,39,52,48,59,57,52,48,46,,67,53,58,33,30,36,39,20,36,26,49,9,44,43,37,17,73,63,49,42,30,62,22,55,,51,24,28,26,29,24,43,41,65,48,66,28,32,36,31,49
20171215,5,O3,1,48,12,1,1,,5,4,,21,3,,,,5,,6,6,4,,3,1,,,,4,,4,3,7,,1,3,22,8,8,11,11,7,11,11,7,10,,9,1,5,2,,14,3,13,16,14,6,55,,47,57,67,3,4,3,7,6,2,4,,3,11,3,8,5,7,8,5,2,6,2,6,,4,5,16,2,9,4,2,67,60,64,54,55,61,56,50,11,,5,,12,8,4,4,7,,8,26,32,32,30,33,48,18,17,31,,14,10,6,4,5,25,18,17,23,26,37,23,70,,6,6,8,5,6,80,25,37,57,59,53,61,59,36,65,73,67,72,8,23,11,23,23,14,27,24,18,30,26,21,22,24,20,36,39,47,54,46,51,46,1,,,,3,4,,4,3,9,,34,30,47,,14,20,25,22,22,27,25,26,2,,,,13,24,,44,21,16,51,51,,50,11,30,21,26,10,24,30,,18,,2,4,,3,9,16,1,1,2,2,2,1,3,3,1,4,3,2,,5,1,2,11,6,6,6,,1,,,15,,2,4,,39,28,26,79,84,65,,1,2,8,18,9,7,10,14,16,20,25,33,26,29,48,18,23,30,53,,17,,17,30,47,61,,13,,15,13,11,11,23,,15,3,4,1,4,6,8,5,4,17,,5,4,8,11,25,4,7,2,7,4,2,6,5,6,2,4,,18,12,19,13,25,11,16,10,11,3,9,3,11,5,5,8,12,4,5,2,3,,3,2,4,12,4,5,3,18,,20,81,56,43,15,4,68,64,52,8,26,35,33,21,1,3,,,1,1,6,2,1,4,4,2,2,2,1,,5,4,6,11,,10,13,8,2,2,4,8,,5,11,6,9,22,25,23,8,14,62,75,58,62,58,20,,16,38,16,23,34,23,,,,41,24,37,8,15,,11,17,8,16,,,17,33,21,22,12,20,23,16,17,10,17,19,10,62,5,22,8,6,37,12,31,40,47,7,8,7,6,6,1,7,5,8,8,9,8,5,5,43,42,56,13,25,59,,16,45,24,,,,75,47,4,5,12,12,16,,5,9,7,8,8,7,3,5,4,2,4,30,4,9,11,54,61,55,59,53,52,60,40,32,41,52,34,25,12,20,44,37,20,19,20,16,12,15,8,,8,58,63,57,69,,5,,4,1,8,3,,,,6,,3,5,2,1,1,3,19,26,,12,8,9,5,,22,27,54,23,39,5,,12,,8,,8,13,14,16,5,6,1,5,16,20,44,46,50,3,10,9,,25,13,25,27,19,53,69,56,37,52,39,49,45,46,47,44,40,23,11,11,2,4,5,3,58,57,53,10,8,5,3,7,7,,4,,7,8,,21,22,13,,4,2,3,9,,,8,5,5,75,,40,59,56,52,27,31,,28,22,,6,,3,2,9,9,6,11,25,10,6,1,1,,,12,13,14,7,16,11,10,5,20,14,14,13,13,2,15,14,11,1,6,9,3,14,8,8,37,26,10,25,43,,68,16,21,27,8,8,21,24,18,12,17,18,17,17,27,26,16,18,15,22,25,24,29,25,70,8,11,11,16,10,2,10,70,2,4,,6,8,2,,1,5,7,,,,,,,3,4,3,5,1,2,5,4,3,2,,,32,7,7,8,11,8,9,11,8,6,22,15,17,8,,14,,,13,22,33,31,29,21,17,9,18,6,21,18,15,19,7,35,8,6,12,54,47,8,9,7,5,27,28,11,26,30,29,7,23,7,5,19,11,23,11,40,,,42,7,9,4,10,58,32,46,47,71,56,35,21,11,,21,34,29,3,5,3,6,3,3,11,4,22,4,5,3,37,11,5,7,7,8,8,7,2,2,4,1,68,63,64,55,,19,81,55,75,24,33,30,45,12,58,56,221,11,3,6,14,2,4,2,31,5,3,11,4,29,13,27,19,7,1,42,32,34,45,41,7,14,,22,13,37,35,52,,40,48,,,66,60,27,10,19,17,64,25,14,28,8,22,7,57,63,28,18,,43,2,7,,,23,21,4,2,3,5,2,5,6,8,5,,27,47,38,31,35,36,35,34,11,12,4,,13,5,,5,6,8,3,,9,4,2,9,7,17,,20,61,44,65,44,46,58,36,,56,42,72,74,,,55,63,38,64,81,86,87,39,33,40,40,32,11,9,3,8,5,9,3,4,5,12,4,4,12,9,10,3,23,2,5,5,10,26,28,26,44,34,14,32,55,18,24,57,59,34,4,38,43,50,56,60,37,38,27,25,33,17,9,56,17,,22,57,57,57,21,21,27,43,24,73,42,2,29,27,,16,20,19,18,13,6,8,10,30,2,13,26,14,1,40,31,25,37,23,17,26,40,32,79,5,,,7,15,14,28,23,32,27,22,9,,24,35,58,20,35,67,66,23,64,66,31,37,37,26,81,28,31,7,24,28,22,20,7,11,10,23,24,27,32,27,4,1,2,2,14,7,8,6,10,6,3,6,7,6,7,13,14,5,9,6,22,14,11,12,32,32,25,22,25,11,13,14,11,16,12,12,12,16,5,8,3,,6,2,3,5,,10,4,1,,,4,10,,2,2,12,9,5,14,,3,4,,2,2,,6,7,1,6,9,48,6,5,2,7,4,6,12,19,22,28,15,15,11,,8,15,,25,2,1,2,3,8,15,9,1,12,,2,2,2,3,3,17,17,20,13,14,5,3,4,17,18,18,6,1,6,,5,,,11,7,28,27,27,25,26,25,19,13,17,19,21,25,16,16,22,8,,27,25,29,23,23,6,24,18,15,21,13,20,15,12,9,11,6,25,26,24,18,18,22,23,40,30,33,29,28,36,49,46,22,30,27,22,18,20,21,16,16,25,28,25,28,27,23,,23,39,47,17,46,68,56,78,61,97,,22,2,,22,30,31,21,30,21,24,19,,,41,68,22,22,36,,21,28,58,36,,,,,38,34,22,31,4,10,26,,38,20,34,41,49,88,95,92,17,,29,17,4,5,,50,53,37,35,3,,58,53,6,2,11,10,70,56,18,36,36,44,9,24,26,,62,,47,49,3,5,5,6,40,36,37,52,23,4,2,7,,,59,33,2,16,77,66,71,58,89,79,49,9,50,66,48,34,23,57,,6,4,43,,70,41,31,53,42,73,53,23,22,76,67,74,41,78,51,4,5,9,5,79,36,31,49,24,27,24,59,79,,34,29,47,10,4,11,45,65,102,30,24,9,11,51,25,3,2,4,4,2,12,6,12,22,36,28,8,2,12,35,26,9,14,3,10,29,4,3,67,44,8,6,23,12,34,2,21,1,22,,,45,48,55,35,21,,,46,5,,9,16,5,13,17,5,8,12,29,21,31,10,,1,3,10,8,5,24,27,62,74,55,4,49,3,7,15,32,,3,44,24,17,,36,1,,3,9,9,10,7,10,6,57,8,38,3,,9,10,12,7
20171215,5,O3_24h,24,48,24,29,16,25,16,20,14,21,24,16,,,32,,35,32,29,,38,32,52,,40,35,,25,19,13,,15,9,35,32,36,31,31,33,37,62,43,38,,46,40,61,47,38,42,26,30,39,39,28,55,,47,59,67,23,23,29,18,24,23,20,,18,41,52,52,26,42,41,23,22,24,29,13,,15,16,32,8,15,9,11,67,62,64,54,55,61,60,50,42,31,29,,27,12,13,13,10,,78,46,46,58,63,64,60,72,66,43,,42,35,21,49,41,87,73,63,61,58,87,70,105,,43,46,39,44,42,90,56,74,61,59,61,62,69,49,66,75,72,72,64,63,66,51,53,60,63,60,64,45,36,25,30,41,34,43,54,69,64,55,59,68,37,,,,29,32,,35,30,37,,42,47,67,,34,31,39,48,37,43,39,41,52,,,,40,57,,68,61,69,53,58,,50,54,65,54,58,46,63,57,,123,,20,24,13,22,22,65,10,23,10,12,15,13,38,38,54,35,52,45,,12,40,26,32,36,26,38,39,34,,,55,,40,41,,47,54,55,83,88,71,,40,42,31,51,50,29,31,43,31,34,43,57,36,57,69,22,42,44,85,,69,,78,62,55,79,,24,,35,38,23,29,40,,37,21,6,2,48,7,11,9,10,54,38,25,46,46,27,50,17,57,20,21,21,19,18,24,20,15,25,,22,18,21,20,36,14,18,28,37,10,17,10,21,11,13,14,19,12,12,17,28,,26,38,32,34,25,37,35,37,,92,91,71,86,130,111,87,83,63,105,147,112,146,92,29,32,24,38,37,24,28,26,47,62,67,68,41,42,38,44,48,45,39,52,44,55,49,53,66,85,22,33,,36,20,20,12,33,38,36,24,22,72,97,58,62,63,47,,39,45,33,25,50,23,,,,51,24,47,28,36,,39,52,41,36,,,42,75,33,33,30,34,29,21,30,31,31,92,97,97,89,92,85,78,112,109,114,100,108,116,14,14,11,8,7,9,12,12,28,12,19,7,15,66,56,80,68,55,94,,58,104,70,,,,80,48,32,35,53,39,42,,56,17,10,16,16,16,9,11,11,6,8,59,9,18,18,61,69,55,63,56,52,67,62,56,64,64,41,28,18,21,56,54,52,52,45,79,42,54,20,,20,82,79,73,87,,28,,26,29,30,19,29,,29,31,,9,20,20,15,20,23,34,31,23,26,66,136,48,,67,59,57,41,59,47,,53,,48,,44,44,41,131,33,45,28,43,49,59,51,68,58,31,47,39,,31,28,30,40,31,91,113,110,87,97,98,97,97,93,101,99,92,86,73,81,76,65,62,48,92,92,86,40,44,39,63,66,65,,44,,81,96,,105,115,112,,27,31,28,67,,,28,26,22,75,,41,59,56,52,58,58,,56,50,,34,,33,42,32,27,29,32,46,24,52,5,8,18,,29,31,21,35,63,22,31,27,38,56,39,58,31,32,27,21,33,12,32,26,30,35,26,22,71,66,55,69,72,,88,50,40,51,40,50,61,46,57,60,77,52,42,42,41,30,40,41,39,42,59,58,64,58,118,30,42,41,43,70,43,38,95,18,22,,36,16,15,7,37,32,44,,17,,13,13,18,10,14,14,12,15,19,17,22,24,15,,18,46,18,16,31,20,14,28,23,17,16,25,58,33,23,,23,,,25,33,48,39,36,38,41,39,43,22,35,33,29,29,18,41,16,11,29,58,63,44,36,34,40,27,28,14,26,30,107,86,89,94,91,19,12,23,11,53,,,50,45,41,39,45,58,51,47,57,71,61,71,47,50,,41,79,93,17,15,17,19,9,12,30,24,44,46,29,33,37,18,18,14,17,17,16,18,13,9,13,17,93,93,97,77,,70,85,89,75,57,45,37,60,59,72,84,221,83,39,20,27,50,50,36,43,44,60,65,52,57,53,59,53,41,1,66,50,57,74,55,62,58,,34,44,54,38,54,,43,61,,,66,66,69,62,43,46,94,54,45,58,46,52,38,65,75,39,36,,74,46,48,,,42,44,11,12,9,17,9,23,28,23,16,,83,93,41,40,49,46,47,37,18,20,16,,23,17,,21,20,34,25,,36,25,14,19,17,42,,48,90,91,93,44,46,58,36,,81,53,80,74,,,55,65,50,64,105,100,99,69,40,49,40,54,31,20,21,16,29,42,33,26,15,28,14,12,55,56,53,44,57,15,25,40,37,60,60,31,48,97,80,79,68,64,63,76,79,69,72,78,67,62,58,152,54,62,66,73,87,76,61,79,52,60,46,74,70,72,44,59,51,53,71,73,64,59,62,73,,48,39,42,52,48,36,49,48,56,63,58,49,55,51,76,79,28,78,89,51,51,66,69,99,55,,,62,70,62,42,38,46,55,51,47,,63,64,68,54,61,74,75,84,85,77,53,57,56,53,88,54,61,56,47,52,51,45,32,38,40,33,34,33,35,33,27,6,7,7,23,20,22,24,19,18,29,35,33,29,24,34,63,25,30,20,23,21,14,19,39,40,42,39,32,26,21,21,21,25,34,28,31,39,39,38,40,,13,15,10,17,,23,17,11,,9,12,20,7,9,19,29,25,24,31,53,46,45,,8,8,5,15,14,22,26,19,48,33,23,25,14,12,13,13,19,25,28,27,30,30,,29,32,,25,14,16,16,21,27,28,24,43,42,13,10,6,8,9,11,23,21,20,16,18,13,9,10,26,19,29,15,6,14,4,18,,,17,18,40,36,35,32,41,34,23,17,21,20,23,30,31,43,50,21,24,45,45,52,38,41,29,44,33,30,30,32,31,31,36,20,25,22,36,38,37,28,26,53,48,56,39,37,32,61,42,52,63,29,31,32,31,41,40,38,30,54,26,36,33,55,44,39,,37,48,65,55,66,72,114,97,158,136,,30,27,,40,44,37,29,41,74,90,73,,,81,132,74,82,82,,41,35,58,55,,,,,45,40,45,52,5,21,38,,42,90,84,43,52,108,103,96,79,91,93,71,74,69,,65,64,62,51,89,,84,106,73,78,49,76,120,116,70,88,121,116,95,111,75,,80,,73,72,52,62,43,46,66,50,50,57,39,35,44,18,,,80,33,17,29,98,98,82,77,95,79,86,82,87,79,60,61,43,57,,46,35,82,,102,76,94,132,95,86,81,66,74,98,96,93,96,95,65,41,58,69,73,88,42,45,55,37,83,58,72,103,,70,99,82,24,20,88,88,65,116,43,39,57,78,75,59,28,31,35,25,10,23,30,40,69,51,62,56,39,51,66,62,45,51,8,34,39,75,73,77,58,100,31,39,52,46,25,80,20,84,28,23,45,50,58,66,21,29,21,51,39,62,51,58,30,38,48,29,53,29,31,37,42,43,,23,20,26,48,102,48,27,64,74,55,45,66,21,27,38,49,34,13,49,47,22,23,43,24,,43,43,40,42,37,79,90,57,44,38,13,38,17,81,19,42
20171215,5,O3_8h,1,19,14,4,2,3,4,4,,10,4,,,,5,,11,8,4,,6,2,2,,,3,,5,3,7,,1,1,18,8,8,11,12,8,11,10,8,10,,9,1,5,2,,14,2,11,15,13,6,53,,40,57,64,3,4,3,7,6,2,4,,3,6,4,9,5,7,7,5,3,7,2,6,,4,5,15,2,9,5,2,62,56,57,49,50,58,56,45,11,,6,,10,7,3,4,6,,8,39,38,47,45,45,56,39,19,29,,19,15,6,11,10,21,21,16,23,25,37,25,77,,6,6,8,8,8,85,19,40,46,48,43,54,48,20,53,64,53,63,12,27,16,25,28,16,24,31,20,21,19,15,19,21,16,31,33,27,37,32,33,23,,,,,4,6,,7,4,12,,21,18,32,,21,16,17,28,15,23,19,17,8,,,,17,16,,41,18,14,43,43,,43,7,25,13,22,8,24,22,,7,,3,8,,3,9,16,1,1,2,2,2,2,3,3,2,4,3,2,,6,1,2,11,14,6,16,1,1,,,11,,3,6,,34,29,24,79,82,62,,1,2,13,20,11,7,6,16,13,19,26,33,25,27,48,16,21,28,50,,35,,25,32,47,62,,14,,24,17,17,12,29,,19,11,4,1,5,7,8,6,4,14,2,5,4,9,10,18,3,7,2,7,4,2,6,5,7,2,4,,16,11,16,14,24,9,12,10,11,2,10,3,12,5,5,8,12,4,5,3,3,,5,4,4,14,5,6,3,18,,50,75,60,56,12,34,67,39,51,11,28,34,33,22,2,3,,,1,1,6,2,1,4,5,2,2,2,2,,6,5,8,9,,9,13,13,5,3,6,10,,9,9,5,6,19,29,10,9,8,64,79,53,58,56,28,,21,34,20,19,26,20,,,,39,21,41,18,22,,23,17,12,12,,,18,31,22,25,17,25,22,14,22,10,21,13,30,41,5,15,8,5,22,10,19,28,42,34,8,7,6,6,2,7,5,8,8,5,8,5,5,41,36,67,14,35,68,,30,62,46,,,,49,26,4,6,12,11,9,,29,8,7,9,8,7,3,5,4,2,4,31,4,9,11,54,57,52,59,53,48,57,34,36,42,46,35,23,16,20,39,34,24,26,12,13,11,15,7,,6,59,61,59,69,,5,,5,4,8,3,,,,8,,4,5,2,1,1,3,14,28,,11,8,10,6,,29,23,38,21,26,6,,14,,11,,8,17,17,25,11,20,1,6,24,23,38,42,40,3,10,9,,28,21,28,24,18,51,64,54,42,52,44,47,42,41,43,42,38,28,26,21,11,5,5,3,65,66,61,12,11,11,5,8,9,,6,,11,13,,31,31,27,,5,5,2,12,,,8,6,5,66,,37,49,52,47,30,34,,30,21,,6,,3,2,10,10,6,10,29,10,8,1,1,4,,20,22,13,16,28,16,24,5,24,14,17,14,15,4,18,16,13,2,6,9,4,14,8,8,23,40,11,17,42,,72,11,17,23,9,5,16,21,16,14,27,22,9,7,22,18,12,14,13,18,26,25,30,26,51,11,15,14,18,15,4,12,78,3,6,,6,5,2,,1,5,7,,,,,,,3,4,3,5,1,2,5,7,3,1,,,33,7,7,9,10,4,6,8,7,7,21,14,21,6,,10,,,10,27,38,32,32,22,17,9,18,8,23,20,16,19,9,35,11,7,13,54,53,12,14,8,7,22,23,11,18,21,22,8,15,7,7,12,11,14,8,34,,,47,15,11,15,16,46,26,39,50,60,47,40,21,17,,23,37,37,4,5,3,5,3,3,11,4,19,6,6,3,12,11,5,7,7,9,9,7,2,2,4,1,69,66,71,50,,20,79,67,70,24,20,28,50,12,52,53,198,11,3,11,18,3,4,5,25,6,4,9,4,17,10,23,12,8,1,37,26,40,50,35,3,21,,18,14,30,30,41,,24,32,,,57,52,31,13,11,7,74,25,19,28,9,23,8,50,55,29,22,,45,2,5,,,23,21,4,2,3,6,3,6,6,8,5,,26,37,25,17,22,18,23,31,13,14,9,,14,5,,5,6,10,6,,10,5,3,9,8,14,,19,60,55,65,37,34,50,35,,58,38,71,70,,,52,63,23,39,84,87,88,18,20,29,23,20,20,9,9,8,11,13,6,5,6,12,4,4,10,13,7,3,22,5,7,6,12,24,29,14,23,38,14,26,45,19,27,52,53,45,6,37,39,55,53,63,31,36,28,32,18,29,15,60,16,,29,59,57,55,21,19,13,44,25,60,47,4,31,34,,14,22,22,23,17,6,11,9,31,3,28,24,16,1,36,26,21,35,24,22,29,40,33,65,8,,,12,17,18,31,23,31,28,24,13,,25,34,57,25,39,66,65,27,62,64,31,35,34,27,81,27,29,16,25,27,24,17,9,9,16,24,24,30,32,27,4,1,2,2,14,7,8,7,8,6,4,10,10,10,8,14,16,6,10,6,14,11,9,9,20,21,17,14,18,15,14,15,13,16,13,12,10,14,5,9,4,,8,3,3,6,,10,4,2,,,4,11,,2,3,12,10,5,14,2,7,7,,2,2,,7,6,3,3,7,41,7,6,3,4,4,3,7,18,22,26,13,13,9,,10,15,,24,3,1,2,3,7,14,9,2,9,,2,2,2,2,3,15,13,13,11,11,7,3,5,18,18,18,6,1,5,,8,,,9,7,31,27,26,24,25,24,17,13,15,19,19,22,16,16,22,8,2,31,29,34,25,24,7,22,16,12,18,13,20,13,18,13,11,6,24,28,20,13,12,22,22,34,30,34,28,37,34,42,40,21,26,26,23,23,22,24,18,29,18,24,20,35,32,28,,27,39,37,17,46,65,70,74,50,82,,14,5,,26,33,32,24,31,24,22,21,,,44,48,10,8,12,,23,25,46,37,,,,,32,27,22,28,3,15,20,,35,24,30,34,44,90,98,94,16,9,30,20,10,3,,49,52,39,37,4,,64,61,8,3,13,9,61,67,7,20,41,53,5,19,20,,67,,61,56,7,7,6,7,29,31,36,46,24,9,7,7,,,68,30,2,15,75,66,63,63,82,73,49,16,65,72,50,32,18,45,,4,5,49,,82,46,45,67,57,77,55,35,40,77,66,76,36,76,46,4,4,14,13,78,37,34,50,17,20,12,50,55,,10,29,36,9,7,11,38,65,105,20,15,19,11,56,28,3,2,4,5,2,12,8,9,12,22,27,8,4,15,36,23,10,17,3,16,23,5,3,49,39,8,6,28,6,29,2,21,1,30,2,,42,21,38,21,21,,,35,2,2,12,12,5,14,5,5,14,10,29,32,24,11,,3,3,10,9,23,28,24,61,68,53,4,46,3,3,17,26,,3,44,21,11,,39,1,,2,4,4,5,3,9,31,55,8,37,2,6,6,7,9,7
20171215,5,O3_8h_24h,1,19,14,5,3,4,4,5,,10,5,,,,5,,17,10,4,,7,2,4,,,3,,6,4,7,,2,2,18,8,8,11,12,8,11,10,8,10,,9,1,5,2,,14,2,11,15,13,6,53,,40,57,64,3,5,3,8,6,3,4,,4,6,7,10,5,8,7,5,3,7,3,6,,4,5,15,2,10,5,2,62,56,57,49,50,58,58,45,11,,7,,11,7,5,5,6,,8,43,45,56,52,61,59,60,20,29,,24,20,6,16,14,25,26,16,24,25,38,30,81,,7,7,8,9,9,90,19,46,46,49,45,54,48,20,53,64,56,63,25,31,25,30,34,24,24,38,23,21,19,15,20,21,16,31,33,27,37,32,33,23,,,,,4,6,,10,6,14,,21,18,32,,27,16,19,36,15,24,27,17,16,,,,20,16,,41,18,20,43,43,,43,12,30,13,22,8,24,22,,7,,3,8,,3,9,16,2,1,2,2,2,4,3,5,2,4,3,2,,9,1,2,12,22,7,20,3,3,,,11,,5,10,,34,30,24,80,82,62,,1,2,20,25,16,8,6,20,15,19,26,35,25,27,48,17,21,30,50,,53,,39,32,47,66,,14,,29,19,20,13,32,,21,13,4,1,5,7,8,6,4,14,2,5,5,9,10,18,4,7,2,7,4,2,6,5,7,2,5,,16,11,16,14,24,9,12,10,14,2,10,3,12,5,6,8,12,4,5,4,3,,5,5,4,16,5,7,4,18,,80,75,62,61,12,50,67,39,61,13,29,34,35,25,2,3,,1,1,1,6,2,1,4,5,2,2,2,2,1,6,6,9,16,1,12,13,21,7,4,9,10,,15,9,5,6,19,30,10,10,8,64,82,53,58,59,45,,39,34,30,20,30,21,,,,39,24,42,28,26,,32,17,16,12,,,19,37,24,26,20,28,22,14,23,10,22,15,35,42,5,15,9,6,22,12,19,28,42,62,8,8,6,6,2,8,5,8,8,5,8,5,5,41,36,76,15,38,78,,43,81,68,,,,49,26,5,6,12,11,9,,48,8,7,10,8,7,4,5,4,2,4,46,4,9,11,54,57,52,59,53,48,57,34,46,49,46,35,23,18,20,39,34,25,28,12,13,11,16,9,,6,61,61,59,69,,5,,6,5,8,3,,,,15,,5,5,3,1,2,4,14,28,,11,11,11,6,,33,23,38,21,26,6,,17,,14,,10,22,18,31,23,26,1,6,28,24,46,42,40,3,10,9,,31,27,29,24,18,51,64,54,43,55,51,47,42,41,43,42,38,35,33,41,35,6,6,3,71,78,71,14,12,14,7,12,13,,6,,18,19,,39,48,35,,6,8,2,20,,,8,10,6,66,,37,49,52,47,30,35,,31,21,,6,,3,3,11,11,6,10,34,10,10,3,3,5,,29,28,13,35,63,20,28,5,25,15,18,17,18,5,20,18,15,3,6,10,4,15,8,8,23,52,12,18,44,,75,11,17,23,10,5,16,21,16,16,36,28,9,7,22,18,12,15,13,18,26,26,30,26,51,13,16,18,20,18,6,16,88,5,6,,7,5,3,,2,5,7,,,,,,,3,4,3,5,1,3,5,14,3,2,,,34,7,7,10,11,4,6,10,7,8,21,14,22,6,,10,,,10,32,48,34,34,26,17,9,18,9,25,22,17,20,12,38,12,10,14,54,54,16,18,10,11,22,23,13,18,21,22,8,15,7,11,12,11,14,8,35,,,48,25,16,22,24,46,26,39,51,60,47,47,25,20,,24,38,40,5,5,3,5,4,3,11,5,19,8,6,5,12,12,6,8,8,9,10,8,2,2,4,1,72,66,74,50,,32,79,70,70,24,20,28,53,13,52,54,198,11,4,18,27,6,4,5,25,6,4,9,5,17,10,26,12,8,1,37,26,44,53,36,3,25,,18,14,30,30,41,,24,32,,,60,52,36,20,11,7,81,25,28,31,12,24,9,50,55,31,29,,54,3,8,,,26,22,4,2,5,6,3,6,7,8,5,,26,37,25,17,22,18,23,31,14,17,10,,15,5,,6,6,13,10,,10,6,6,10,8,15,,19,61,60,68,37,34,50,35,,61,38,71,70,,,54,63,23,39,89,92,92,18,20,29,23,20,25,9,13,8,14,15,8,5,6,12,4,4,10,16,7,3,24,7,9,6,12,25,32,14,23,41,18,26,45,19,28,52,57,54,8,37,39,58,54,63,31,36,31,44,18,33,17,65,16,1,33,60,57,55,21,19,13,44,31,60,50,4,32,42,,18,23,22,25,18,6,15,10,32,7,53,26,18,2,36,26,22,35,24,25,33,42,34,70,13,,,18,22,24,35,25,31,31,27,16,,26,40,58,28,42,66,65,36,62,64,32,35,34,27,82,36,37,22,25,27,27,17,10,11,26,24,24,31,33,30,5,1,2,2,14,7,8,7,8,6,4,13,13,13,13,16,18,9,11,7,14,11,9,9,20,21,17,14,18,16,15,15,14,18,13,12,10,14,6,10,4,,8,3,4,6,,10,4,2,,,4,13,,2,4,13,11,6,14,8,11,13,,2,2,,8,6,4,3,7,41,7,7,3,4,4,3,7,18,23,27,13,13,9,,10,15,,24,3,1,2,3,7,15,12,4,9,,2,2,2,2,3,15,13,13,11,11,10,4,6,19,18,19,6,1,6,1,10,,,9,7,31,27,26,24,25,25,18,14,15,19,19,22,16,19,22,8,4,36,34,39,28,26,10,22,16,12,18,13,22,13,22,14,11,6,24,29,20,13,12,24,22,34,33,37,29,39,34,42,40,23,27,28,26,26,23,24,19,34,19,32,21,44,36,32,,30,41,37,17,54,65,84,74,50,95,,14,5,,31,39,36,28,35,24,22,21,,,49,53,10,8,12,,25,25,46,38,,,,,32,27,22,28,4,16,20,,35,28,30,34,44,92,100,95,17,9,32,22,32,3,,49,52,40,38,6,,65,68,11,4,14,10,61,73,7,20,52,69,6,19,20,,69,,69,63,12,9,6,9,29,31,36,46,28,19,20,7,,,71,30,3,15,75,66,69,72,82,73,49,21,68,75,52,32,20,45,,4,6,52,,92,49,77,96,65,82,58,46,48,78,77,80,36,78,50,5,4,16,15,78,37,40,55,17,20,12,50,55,,10,39,36,9,9,12,38,65,110,20,15,29,11,58,29,3,2,4,7,2,12,14,9,12,22,27,8,10,16,37,23,11,20,3,18,23,6,3,49,39,9,6,33,6,29,2,23,1,39,7,,42,21,38,21,21,,,35,2,10,15,12,6,16,5,6,30,10,30,35,24,11,,9,4,10,13,27,33,24,61,68,53,4,46,3,3,18,33,,3,45,21,11,,40,2,,2,4,4,5,3,14,61,55,8,38,2,15,6,7,9,7
20171215,5,CO,2.1,0.4,1.5,2.1,1.9,2.1,2.4,1.9,2,0.9,1.8,2,,,2.6,,1.4,1.8,1.7,,2.4,1.3,1.5,,1.8,1.5,,2.2,2,2.9,,1.6,1.3,1.5,1.8,2.4,1.6,1.9,2,1.7,3,2.6,2.9,,3.1,2.3,2.5,2,2.7,2.5,3,2.9,2.7,3.1,2.1,0.3,,0.2,0.6,0.8,2.3,2.4,2.5,3.1,2.2,1.5,1.7,,1.2,1.5,1.2,1.1,1.9,2.1,1.9,3,2.5,2.4,2.6,3,,3.3,3.7,3.1,3.3,3.4,2.9,3.3,1,0.5,0.5,0.5,0.5,0.5,0.4,0.8,2.4,2.1,1.7,,2.6,1.7,2.1,1.9,1.8,,1.8,1.3,1.2,1.2,1.2,1.1,1,1.1,1.7,1.3,,1.3,1.4,1.4,1,1,1.2,1.1,1.2,1.1,1.1,0.9,1.2,1.2,,0.2,1.1,0.7,0.9,1.2,0.8,1.2,1.6,0.3,0.7,0.6,0.4,0.7,0.9,0.7,0.5,0.5,0.3,0.3,0.6,0.2,0.8,0.5,0.8,0.7,0.1,0.5,0.8,0.8,0.9,0.5,0.7,0.6,0.1,0.7,0.7,0.5,0.8,0.8,0.6,1.5,,,,1,1.1,,1.2,0.9,1,,0.6,0.2,0.4,,0.7,0.8,0.9,0.8,0.9,0.8,0.9,0.9,1.4,,,,0.8,0.6,,0.1,0.3,0.4,0.8,0.5,,0.5,0.6,0.8,0.5,0.3,0.6,1,0.5,,0.6,,1.7,1.4,1.3,1,1,0.7,0.7,1,1.1,1,0.9,0.7,0.6,0.6,1.1,0.8,0.8,0.7,,0.6,0.9,0.7,0.4,0.4,0.4,0.7,0.8,1.1,,,0.7,,0.7,0.6,,0.6,0.7,0.7,0.6,0.6,0.6,,0.8,0.7,0.6,0.7,0.8,0.9,0.7,0.8,0.5,0.5,0.9,0.5,0.6,0.6,0.5,0.6,0.4,0.3,0.6,,,,0.6,0.3,0.3,0.4,,0.7,,0.8,1,0.8,1,0.9,,1.4,1.4,1.8,2.1,1.9,2,1.5,2,1.6,1.6,1.3,0.9,1.2,1.1,0.9,0.9,1.1,1.5,1.2,1.3,1.4,1.5,1.7,1.2,1.7,1.2,1.9,,0.8,1,0.8,0.7,0.9,0.8,0.7,1.1,1.2,1,1,1,0.9,1.1,0.9,0.9,1.1,1.1,0.7,1.2,1.1,,0.8,1,0.9,0.7,1,0.9,0.8,0.8,,0.8,0.6,0.6,0.6,0.7,0.9,0.6,0.6,0.5,0.8,1,1.1,1.1,1.2,0.8,1.3,0.9,1.2,1,1.2,1.1,1,1.4,1.2,1,1.4,1.2,1.2,1,1.1,1,1,1.1,1.2,1.1,1.3,1.1,1.2,1.2,1.2,1.1,1.3,,0.8,0.9,1.4,1.2,1.4,1.2,0.8,1.1,1.4,0.5,0.4,0.3,0.4,0.5,0.8,,1,0.6,0.8,0.9,0.8,0.6,,,,0.7,0.7,0.6,0.8,0.8,,0.7,0.7,0.8,0.7,,,0.7,0.6,0.8,0.7,1,0.9,0.6,0.8,0.9,0.8,1,1.4,0.9,0.7,1.3,0.9,1.2,1.1,0.7,1,1,0.4,0.5,1,1.9,2.4,2.2,1.4,1.7,1.8,1.9,2.3,2.4,1.6,2,2.3,2.1,0.7,0.9,1.2,0.6,1,1.1,,1.4,1.8,0.8,,,,0.6,0.8,1.6,1.1,1.5,0.9,1.1,,1.3,0.8,0.9,0.8,1,1,0.8,0.8,0.7,0.8,0.9,0.7,0.6,0.9,1.6,0.3,0.5,0.4,0.5,0.4,0.2,0.7,0.7,0.9,1.2,0.8,1.8,3.1,3.1,3,1.1,0.8,1.1,1,1.4,1.3,1.3,2.1,1.7,,1.7,0.5,0.5,0.4,0.6,,2.4,,1.5,1.2,1.6,1.8,2.2,,2,1.6,,1.4,2.6,2.1,2.8,3.1,3.5,1.7,2.4,3.5,4.3,1.3,1.2,1.2,,0.8,0.9,1,0.7,1,1.3,,1.3,,1.7,,1.7,1,1.3,0.9,1.7,1.2,1.5,1.1,1.1,0.9,0.5,0.6,0.4,2,1.4,1.4,,0.9,1,0.9,1.1,1.3,0.7,0.6,0.7,0.7,0.6,0.7,0.9,0.8,0.9,0.8,0.7,1,1,1.4,1.2,1,0.9,1.1,1,0.8,0.8,0.6,1.1,0.8,1,0.9,0.9,1.1,,1.1,,0.8,0.8,,0.9,0.9,0.9,,0.9,0.9,0.7,1.4,,,2.7,1.9,2.5,0.9,,0.5,1.2,0.7,0.6,1.8,1.7,,1.8,1.8,,4.5,,3.1,3.4,3.6,2.1,1.4,1.8,2.8,2.2,2,2,1.4,1.6,,4.9,5,4.5,5.8,8.3,4.5,4.6,2,1.9,1.4,1.7,1.5,2.3,1.9,3.6,4,2.4,2.8,2.6,1.4,2.1,1.5,1.2,1.3,1.3,1.2,2,1.4,1.2,,0.9,1.1,1,1.1,1.3,1,1,0.7,1.1,1.2,1.2,1.4,1.1,1.9,0.9,1,0.6,0.6,0.6,0.7,0.5,0.5,0.8,,0.6,0.7,1,0.6,1.1,1,0.5,0.5,0.3,1.9,1.5,,1.6,2.6,1.7,1.5,3,2.5,2.2,,2.6,,1.6,1.5,1.5,2,2.1,1.6,2.3,1.5,1.6,1.8,1.6,1.6,1.7,,1.4,1.4,1.1,1.4,1.8,1.1,1.1,1.3,1.3,1.3,1,0.9,1.1,1.2,1,,1,,,1.4,1.6,1.4,1.1,0.9,0.8,0.9,0.9,0.9,0.9,0.8,1.3,1.1,0.9,1.2,1.5,1.2,1.5,1.2,0.4,0.5,0.8,0.8,1,1.1,,0.7,0.9,0.8,1,0.9,7.4,1.5,2,2.7,0.7,0.6,0.5,0.4,0.9,,,0.6,0.8,0.6,0.8,0.7,0.7,0.7,0.7,0.6,0.6,0.7,1,0.6,1,,0.8,0.9,0.9,2.1,2,1.8,2,1.9,2.4,1.7,2.3,1.6,1.9,2.9,2.6,0.8,1.9,1.9,2.2,1.3,2.4,1.9,2.3,1.9,1.6,1.6,1.9,0.4,0.4,0.4,0.5,,1.2,0.2,0.4,0.3,1.1,0.6,0.5,0.7,1.2,2.3,3.1,1.4,1.4,1.7,2.2,1.7,1.7,1.5,1.2,1,1.5,1.2,1.2,1.1,1.3,1.4,1.5,1.8,2.7,1.5,1,0.9,1.2,1.1,0.7,1.4,1.2,,0.9,0.9,1,0.4,0.4,0.5,0.7,0.5,,0.3,0.2,0.8,0.6,0.7,1.9,1.7,0.5,0.9,0.9,1.1,1.1,0.7,0.8,0.3,0.3,0.4,0.4,,0.8,0.3,0.4,,,1.2,0.7,0.7,1.9,1.3,2.3,2,1.6,1.6,1.6,1.3,,0.6,0.5,2.3,1.7,1.8,1.5,1.3,1.3,1.2,1.4,1.5,,1.2,3.4,,2.5,3,1.8,2.1,,1.6,1.6,2.7,3.5,3,1.9,,2.4,0.6,0.6,1,0.6,1,0.3,0.4,,0.6,0.4,0.4,0.2,,,0.4,0.2,1.5,0.4,0.5,0.4,0.3,0.5,0.5,0.6,0.5,0.7,4.7,4.5,5.2,4.8,1.3,1.3,1.5,0.9,3,2.7,3.3,2.3,1.3,1.7,2,2.3,1.5,2.9,2.1,1.8,1.7,0.6,1,0.7,0.1,0.9,0.8,0.9,0.4,1.7,2.8,1,1.3,1.3,4.4,0.3,1,1,0.4,0.4,0.4,0.5,0.4,1.1,0.6,1.1,1,0.4,1.6,1.7,0.6,0.7,0.5,0.6,1.4,1.5,0.7,0.7,0.4,0.5,0.4,0.4,0.5,0.4,,0.5,0.4,0.3,0.5,0.5,0.7,0.8,1,0.7,0.7,0.8,0.8,0.6,0.7,0.4,0.6,0.6,0.5,0.6,0.6,0.5,0.4,0.3,0.4,0.7,,,0.8,0.9,0.9,0.4,0.4,0.5,0.5,1.1,0.7,,0.7,0.7,0.6,0.6,0.6,0.5,0.5,0.6,0.5,0.4,0.5,0.5,0.6,0.5,0.4,0.4,0.6,0.4,0.6,0.3,0.6,0.5,0.6,1,0.6,0.3,0.5,0.5,0.7,0.4,1.2,1.1,1.1,0.9,1.1,0.6,0.6,0.5,0.6,0.9,0.3,0.3,0.6,0.5,0.6,1.4,1.5,1.4,1.2,1.6,0.7,0.6,0.7,0.6,0.5,0.5,0.7,0.8,0.7,0.7,0.6,0.6,0.8,0.4,1.2,1.1,0.8,0.9,2.1,2,1.7,,1.8,1.6,1.7,1.9,,1.9,1.8,1.7,,1.7,1.2,1.1,1,1.4,1.8,1.5,1.6,1.6,1.8,1.9,1.5,1.2,,1.2,1.1,1.2,0.6,0.7,1.5,0.7,0.8,0.9,1.2,1.4,1.3,2.1,1.4,1.2,1.1,0.8,1,0.6,0.9,1.2,1.2,,1.2,1.4,,0.1,1.1,1.5,1.5,1.4,1.2,1.2,1.1,1,1.4,0.7,1.3,1.4,0.9,1.1,1.4,0.9,0.9,0.9,0.9,1,1.5,1.9,1.6,1.7,1.4,1.2,1.2,1.3,1,1.5,0.8,,,0.6,0.8,1.1,1.5,0.9,0.6,0.5,0.3,1.6,1.2,2.1,1.6,,,,1.2,0.4,0.9,0.6,1,0.9,1,1.3,0.7,1.1,0.8,0.7,0.9,1,1.1,1.1,1.3,1,1.1,0.8,1,1,0.8,1,1,0.9,1.2,0.9,0.7,0.9,0.9,1,0.6,0.6,0.6,0.6,0.6,0.6,0.4,0.3,0.7,0.6,0.6,0.8,0.5,0.3,0.4,0.1,0.8,0.7,0.8,,0.7,0.6,0.6,0.7,0.7,0.7,0.6,0.6,0.8,0.6,,0.6,0.9,,0.8,0.7,0.8,0.5,0.6,0.3,0.8,0.4,,,0.8,0.7,1.1,0.9,1,,1,1.5,1.1,0.6,,,,,1.4,1.2,1.1,0.9,0.9,1.2,0.9,,1,0.8,0.8,1,0.6,1,0.7,0.7,0.5,0.5,0.7,1.2,0.8,0.8,,0.4,0.5,0.9,1,0.6,,0.7,0.9,0.7,0.9,0.8,0.9,0.8,0.8,1.2,0.7,0.8,1,1,1.2,1.1,,0.5,,0.4,0.3,1.2,1.5,1.3,1.3,1,1.2,0.8,0.8,0.8,1,0.8,1.1,,,0.6,0.9,2,2.4,0.3,0.6,0.3,0.1,0.2,0.1,0.7,0.7,0.6,0.8,0.6,0.8,1.4,0.5,,3.8,2.3,1.5,,1,1.4,1.9,0.9,0.9,0.7,0.1,0.1,0.6,0.4,0.7,0.4,0.7,0.7,0.2,3.6,3.3,4.5,3.5,0.5,4,1,0.8,1.6,1.9,1.4,1.8,1.5,,2.2,2.4,1.7,1.7,1.8,1.5,0.2,0.2,1,0.9,0.9,1.4,3,0.6,1.7,1.1,1.7,1.7,1.6,2.1,2.7,0.8,1.9,1.4,0.3,0.2,0.7,0.6,0.7,0.5,0.7,1.2,1.1,1.7,0.7,0.8,3.9,3,0.4,0.8,1.7,2.2,0.6,0.7,0.6,0.8,0.6,1.7,0.7,0.8,2.7,0.7,0.5,2.2,1.7,1,0.7,1.3,0.6,1.4,1,1.3,0.3,1,1.3,1,1.8,1.4,1.2,0.7,0.7,0.7,3.4,,1.9,2.1,1.5,1.1,1,0.7,0.8,1,0.3,0.2,1.4,0.5,1.5,1.8,0.8,0.5,1.7,1.7,0.6,1.5,0.2,1.8,0.4,1.9,,2,0.9,0.9,0.8,0.9,1.8,1.8,0.2,3.1,0.9,1.6,0.7,1.5,1.2,1.2,2.3
20171215,5,CO_24h,1.7,1.6,1.8,2,2.1,1.5,2,2,1.8,1.8,2,1.9,,,2,,1.3,1.8,1.8,,2.1,1.3,1.4,,1.5,1.6,,1.5,2,2.3,,1.5,1.4,1.3,2.6,3.1,2.7,2.8,3.1,2.6,1.9,2.2,2.3,,2.3,1.5,1.9,1.4,1.7,2.3,2.2,2.2,2.6,2.7,2.2,1.2,,1,1.4,1.7,1.9,2.2,2,3.1,1.9,1.9,1.7,,1.4,1.5,1.1,1.2,1.7,1.6,1.4,1.9,1.9,1.7,1.9,2.9,,3,3.1,2.7,3,2.8,3,2.8,1.3,1.7,1.6,2.1,1.5,1.4,1.6,1.9,2.3,3,2.8,,2.6,3,3,2.7,2.6,,2.5,1.1,1.2,1.1,1.2,1.1,0.8,0.8,1.3,1.5,,1.5,1.6,1.5,1.1,1,1.1,2,1.3,1.3,1.4,1.1,1.3,1.2,,0.8,1.5,1.1,1.6,1.5,1,1.5,1.7,0.4,0.9,0.8,0.5,0.8,0.9,0.7,0.5,0.6,0.4,0.4,0.7,0.3,0.7,0.8,0.9,0.6,0.2,0.5,0.6,0.9,0.9,0.6,0.7,0.6,0.3,0.7,0.7,0.6,0.9,0.8,0.7,0.9,,,,1,1,,1,0.7,0.8,,0.7,0.3,0.5,,0.8,1.1,1.1,0.9,1,0.9,1.1,1.1,1.1,,,,1,0.7,,0.2,0.4,0.6,0.9,0.6,,0.6,0.6,0.9,0.6,0.5,0.7,1,0.6,,0.7,,1.7,1.4,1.3,1.1,0.9,0.8,0.7,1.1,1.1,1,0.9,0.7,0.7,0.6,0.9,0.8,0.8,0.8,,0.8,0.9,0.8,0.6,0.5,0.6,0.7,0.6,1.1,,,0.7,,0.8,0.7,,0.8,0.8,0.8,0.7,0.6,0.7,,0.8,0.8,0.6,0.6,0.7,0.8,0.7,0.8,0.8,0.7,1.1,0.7,0.8,0.7,0.7,0.8,0.6,0.8,0.6,,0.7,,0.5,0.5,0.3,0.4,,0.6,,0.7,0.8,0.7,0.8,0.8,,1.2,1.7,1.9,2.1,1.8,1.9,1.8,1.8,1.7,1.1,0.9,1.3,0.8,0.8,0.7,0.8,1,0.9,1.3,1.4,1.6,1.6,1.7,1.3,1.7,1.2,1.7,,0.8,0.9,0.7,0.5,0.8,0.7,0.9,0.9,0.9,0.8,0.9,0.9,0.8,1,1,0.9,1,1,0.7,1.4,1.3,,0.8,1,1.1,0.8,1.1,1.1,1,1,,0.7,0.7,0.7,0.7,0.6,0.7,0.6,0.7,0.6,0.7,0.8,0.9,0.8,1,0.9,1.3,1,1.2,1.1,1,1.1,1,1.3,1.1,1,1.2,1.1,1.2,1,1,1.1,1.1,1.3,1.2,1.2,1.2,1,1.2,1.2,1,1.1,1.3,,0.7,1,1.3,1.3,1.4,1.5,0.8,1.1,1.5,0.5,0.4,0.4,0.4,0.6,0.7,,1,0.8,1,1,0.8,0.8,,,,0.8,0.9,0.7,0.9,0.8,,0.8,0.7,0.8,0.8,,,0.8,0.6,0.8,0.7,0.9,0.8,0.6,0.8,0.8,0.7,1,1.3,1.1,0.8,1.3,0.8,1.2,1,1.1,1.9,1.2,0.6,1,0.4,1.8,2.3,1.9,1.5,1.7,1.8,1.6,2,1.9,1.8,1.7,2.2,1.7,1.5,1.3,2.1,0.9,1.3,2.1,,1.7,2,0.7,,,,1.4,1.5,1,1.3,1.7,1.1,1.1,,1.5,0.7,0.8,0.7,0.9,0.9,0.7,0.7,0.7,0.9,0.8,0.7,0.5,0.8,1.4,1.2,1.3,1.1,1.6,1.3,0.9,1.2,1.1,1,1.2,0.9,2,2.8,3.2,2.2,1,0.8,1,1,2.6,2.8,1.9,2.4,2.3,,2.2,0.5,0.6,0.4,0.5,,1.9,,1.3,1.2,1.3,1.5,1.8,,1.8,1.5,,1.2,2.1,1.8,2.1,2.8,2.8,2,2.7,2.7,3.1,1,0.8,0.8,,0.7,1,1.2,0.8,1.1,1.3,,1.1,,1.3,,1.1,1,1.2,1.1,1.5,1.2,1.2,0.9,0.9,0.7,0.5,0.6,0.6,1.5,1.3,1.2,,1.1,1,1.1,1.1,1.5,1,0.7,0.7,0.8,0.6,0.7,0.9,0.8,0.8,0.7,0.6,1,0.8,1.3,1.1,0.8,0.8,1,0.8,0.8,0.8,0.6,1.1,0.9,1.1,1,1,1.2,,1.1,,0.7,0.6,,0.8,0.8,0.9,,1,1,0.7,1.1,,,2.6,1.9,2.6,2.6,,2.1,3.2,3.3,2.7,1.9,1.9,,2,2,,2.8,,2.1,2.4,2.5,1.9,1.1,1.9,3,2,1.8,2.2,1.5,1.7,,5.3,3.5,5.6,4.6,4.6,3,1.5,1.7,1.5,1,1.3,1,3.2,3.1,3.8,4.3,2.7,2.2,2.3,1.6,2.1,1.6,1.7,1.9,1.4,1.1,2.8,1.8,1.5,,0.8,1.2,1.3,1.5,1.4,1.6,1.2,1.1,1.5,1.7,0.7,1.4,1.3,1.5,0.9,1.4,0.7,0.8,0.7,0.8,0.5,0.5,0.9,1.2,0.8,0.6,0.6,0.5,1,0.7,0.6,0.5,0.2,1.8,1.7,,1.7,1.5,1.9,1.6,1.8,1.5,1.8,,2,,1.6,1.5,1.4,1.8,1.9,1.4,1.9,1.4,1.3,1.5,1.4,1.4,1.7,,1.3,1.3,1,1.5,1.5,1,1.3,1.3,1.3,1.2,0.8,0.8,0.9,1,0.8,,1,,,1.3,1.5,1.4,1.1,1.3,1,1,0.9,1,0.7,1.2,1.7,1.1,1.2,1.2,1.8,1.3,1.4,1.2,0.5,0.5,0.8,0.8,1,1,1,1,1.1,1.1,1.2,1.1,4.7,2.1,2.3,1.9,0.8,0.7,0.7,0.5,1,,,0.8,0.8,0.7,0.9,0.8,0.8,0.9,0.8,0.7,0.8,0.7,1,0.6,0.9,,0.8,1.1,1.2,1.8,1.8,1.4,1.7,1.9,2.4,1.8,2.1,1.7,2,2.6,2.3,1.5,2.1,1.7,2.2,1.4,1.8,1.7,2,1.4,1.4,1.3,1.4,0.6,0.7,0.5,0.6,,1.1,0.7,0.8,0.8,0.9,0.6,0.5,0.8,1.2,2.7,3,1.6,1.4,1.5,1.8,1.8,1.3,0.9,1,1.1,1.2,1,1.3,0.8,1.2,0.9,1.3,1.8,2.1,1.3,1,0.9,0.9,1.1,0.9,1.3,1.2,,0.9,1,1,0.5,0.4,0.5,0.7,0.3,,0.4,0.3,0.8,0.6,0.6,0.9,0.8,0.6,0.8,1,1.1,1.2,0.6,0.7,0.4,0.4,0.5,0.6,,0.9,0.5,0.6,,,1.6,1.2,0.7,1.5,1.4,1.6,1.5,1.4,1.4,1.4,1.3,,0.6,0.5,1.6,1.4,1.5,1.4,1.1,1.1,2.2,2.1,2.3,,2,3.1,,2.7,3,1.7,2.1,,1.5,1.5,2.3,2.7,2.4,2.3,,2.8,0.7,0.4,1.1,1,1.6,0.8,0.6,,0.8,0.6,0.6,1.1,,,1,0.6,0.6,0.4,0.7,0.6,0.3,1.5,1.3,1.2,1.4,1.6,4.3,5.5,3.7,6.3,1.7,1.3,1.4,1.5,2.3,1.9,2.9,2.4,1.4,1.6,1.9,2.5,1.5,3,3.3,1.5,1.7,0.9,1.1,1.3,0.7,0.9,1.1,1,0.7,1.2,2.1,0.9,1.2,0.9,2.3,0.2,1.1,0.7,0.6,0.7,0.6,0.7,0.3,0.9,0.8,0.7,1,0.3,1.6,0.8,0.6,0.9,0.9,1,1.6,1.3,0.9,0.7,0.5,0.7,0.6,0.6,0.6,0.6,,0.5,0.7,0.5,0.6,0.6,0.8,0.8,1,0.7,0.7,0.7,1,0.6,0.7,0.6,0.7,0.7,0.6,0.6,0.6,0.5,0.5,0.4,0.5,0.7,,,0.8,0.9,1,0.6,0.6,0.6,0.6,1.1,0.9,,0.7,0.7,0.6,0.7,0.7,0.6,0.6,0.5,0.5,0.4,0.5,0.6,0.6,0.5,0.5,0.4,0.6,0.4,0.5,0.4,0.6,0.6,0.6,1.1,0.6,0.3,0.5,0.5,0.6,0.4,1,1.4,1.2,1.1,1.2,0.6,0.4,0.5,0.6,0.7,0.2,0.5,0.7,0.6,0.7,1.5,1.6,1.6,1.3,1.7,0.7,0.6,0.8,0.6,0.9,1,1.2,1.2,1.1,0.5,0.6,0.5,0.7,0.3,1.1,0.9,0.8,1.4,2.1,1.9,1.4,,1.8,1.6,1.9,1.8,,1.8,1.9,1.9,,1.8,1.3,1.3,1.5,1.6,1.8,1.5,1.6,1.6,1.7,1.3,1.3,1.1,,1.4,1.2,1.3,0.5,0.7,0.9,0.8,0.9,1.2,1.2,1.4,1.3,2.1,1.6,1.3,1.5,1,1,0.6,1.6,1.4,1.4,,1,1.1,,0.7,1.2,1.2,1.3,1.1,1.2,1.3,1.2,1.2,0.8,0.6,1.2,1.4,0.8,1.1,1.3,1,1.1,1,1,1.1,1.3,1.8,1.5,1.4,1.3,1,1.1,1.4,1.1,1.6,0.8,,,0.7,0.9,1.1,1.5,0.9,0.6,0.6,0.6,1.1,2,1.8,1.7,,0.3,0.4,1.2,0.9,1.5,0.9,1.1,1,1,1.2,0.7,1.1,0.8,0.7,1,1,1,1.1,1.3,1,1.2,0.9,1,0.9,0.8,0.9,1,1,1.2,0.9,0.7,0.9,1,1,0.6,0.6,0.8,0.7,0.8,0.7,0.4,0.4,0.7,0.8,0.8,0.9,0.5,0.4,0.5,0.2,0.8,0.8,0.9,,0.7,0.8,0.8,1,1,0.9,0.7,0.7,0.8,0.6,,0.7,0.9,,0.9,0.7,1,0.6,0.7,0.6,1.1,0.5,,,0.8,1,1,1,1.2,,1.3,1.1,1.3,0.7,,,,,1.5,1.2,1.2,1,1.3,1.4,1.1,,1,0.9,0.9,1.1,0.9,1,0.9,0.9,0.4,0.6,0.7,1.4,0.9,0.9,,0.4,0.5,1,1.1,0.7,,0.7,1,0.8,0.9,0.8,1,1,1,2,2.5,0.8,1.1,1.6,1.1,2,,0.4,,0.3,0.2,1,1.3,1.1,1.3,1.5,1.6,1.5,1.4,0.8,1,0.8,1,,,0.8,1.4,1.7,1.9,1,1.5,0.4,0.2,0.8,0.7,0.9,0.7,1.1,1.2,1,0.9,1,0.8,,2.7,2.5,1.5,,1.3,1.7,1.7,0.9,0.8,0.8,0.3,0.3,0.4,0.5,1,0.5,0.8,1,0.5,3.1,3.8,2.9,3.2,0.9,1.8,1.1,0.7,1.2,1.9,2,2,3.1,,3.8,3.1,3,2,1.9,1.6,0.8,0.5,0.7,1,1,1,2.5,0.6,2,1.2,1.8,1.7,1.6,2.2,2.8,1,2.8,2.3,0.4,0.3,0.6,0.5,0.8,0.6,0.7,1.1,1,1.7,0.7,0.8,2.2,1.3,1.3,1.2,3.1,2.1,0.7,0.8,0.7,0.9,0.7,1.9,0.6,0.8,2.3,2.8,1.1,2.9,2.1,1,0.8,1.2,0.7,1.1,0.9,1.1,0.3,1,1.2,0.8,1.2,1.2,1.4,0.8,0.8,0.9,2.4,,1.7,2,1.5,1.1,0.8,0.8,0.9,1.3,1.1,1.4,1.3,0.5,1.4,1.5,0.7,0.6,1.5,1.8,1.4,1.6,2.5,1.4,0.6,1.5,,1.6,0.9,0.9,0.8,0.8,1.4,1.6,1,1.7,1,1.7,0.7,1.4,1.1,1.2,1.7
20171215,6,AQI,123,34,80,102,88,104,123,103,107,46,83,118,,,173,,186,190,173,,163,148,144,,143,178,,213,185,265,,193,202,128,118,155,144,144,152,138,110,102,112,,120,237,222,229,222,235,275,248,245,250,235,22,,39,19,28,93,108,112,130,110,159,182,,193,179,152,165,166,225,222,216,214,216,222,383,,308,393,298,371,329,305,362,25,22,19,24,22,21,45,11,221,215,188,,203,172,206,200,218,,156,109,134,124,124,93,94,102,117,130,,99,117,147,139,123,104,133,153,135,125,142,122,78,,109,119,145,135,156,123,145,221,26,19,22,20,20,20,20,23,21,23,52,55,58,50,59,73,55,60,53,30,29,39,26,30,47,38,35,39,32,23,33,23,117,,,,182,168,,159,180,179,,62,53,59,,37,43,48,42,39,40,44,38,48,,,,46,42,,45,42,48,45,39,,35,59,48,54,48,64,49,39,,33,,123,83,120,36,57,23,49,45,42,70,59,62,50,39,59,63,84,59,,85,69,60,35,44,46,67,54,53,,,35,,37,51,,31,39,34,25,26,24,,73,109,38,38,42,23,25,54,53,49,48,48,54,57,45,45,32,54,18,,25,,23,19,15,25,,35,,19,30,49,38,25,,25,162,183,224,200,221,192,224,180,74,134,124,104,128,95,124,129,122,199,201,229,210,202,214,201,195,203,53,52,48,45,60,63,52,54,65,99,40,70,48,67,50,57,54,43,67,74,48,42,,30,44,31,26,45,33,46,29,,53,54,55,56,60,74,41,53,51,80,57,83,56,53,31,41,38,43,44,43,36,30,57,54,53,52,55,50,53,54,52,58,43,54,78,43,42,39,52,70,69,65,,63,39,30,28,19,30,18,29,57,37,37,37,35,36,48,,80,65,78,75,53,75,,,,75,72,64,62,69,,103,108,110,113,,,102,17,21,24,28,30,21,18,25,20,24,58,38,32,80,61,104,59,30,44,28,21,26,74,237,235,235,235,227,250,245,233,260,226,262,224,236,54,68,72,72,63,102,,84,83,88,,,,57,55,100,119,45,75,89,,54,45,50,53,48,55,22,23,26,25,23,28,23,36,38,18,19,31,20,18,35,38,48,60,50,38,239,204,208,211,47,43,42,51,74,74,77,133,95,,77,17,18,19,22,,199,,130,149,170,165,206,,214,163,,180,205,193,214,250,286,155,173,228,266,119,153,168,,95,83,114,75,55,74,,149,,150,,156,115,130,149,200,152,193,115,115,139,45,46,45,243,211,218,,26,26,20,46,42,35,29,32,54,36,58,87,93,97,103,82,94,89,72,80,59,43,42,46,39,35,50,25,30,23,77,78,57,25,18,,62,69,,69,103,74,,67,59,37,27,,,193,195,200,41,,36,20,38,45,140,128,,130,135,,268,,265,258,259,220,230,229,229,223,232,112,94,105,,220,213,210,213,218,208,224,243,159,110,153,79,221,104,139,134,93,83,123,90,133,102,83,95,93,87,102,80,88,,59,132,114,128,119,159,74,73,59,67,75,129,84,87,132,70,60,69,74,65,53,54,53,52,69,45,43,52,42,36,49,42,17,214,149,,166,188,148,180,257,280,263,,240,,117,112,122,200,186,170,204,179,193,172,205,185,198,,193,158,152,139,158,152,118,123,132,57,57,58,82,94,64,,79,,,64,99,84,78,80,18,20,15,19,25,25,17,28,15,36,28,20,36,23,24,22,109,110,133,119,49,58,54,46,62,58,135,78,97,69,62,75,60,60,113,,,123,129,97,119,128,70,80,83,78,75,73,32,21,20,,32,37,34,265,248,259,246,215,246,173,190,97,89,114,128,54,78,226,209,192,234,212,202,176,205,205,221,37,29,47,48,,66,30,38,41,40,24,33,67,45,58,68,110,190,166,217,208,122,122,152,109,118,98,98,119,95,104,97,84,105,108,73,87,51,56,49,54,61,,48,50,36,20,33,27,42,33,,39,26,29,46,49,54,50,44,49,53,34,52,58,106,26,26,46,54,,55,64,54,,,84,85,31,129,89,142,115,163,231,173,205,,38,56,185,124,122,124,123,193,149,123,152,,152,220,,226,232,172,152,,169,159,270,252,242,179,,173,26,38,27,39,25,30,18,,19,29,30,25,,,18,19,35,19,36,30,33,29,38,22,45,23,180,202,212,178,160,152,162,180,241,170,207,122,204,214,139,110,113,124,134,138,109,54,60,35,26,48,50,39,44,128,118,45,52,49,155,19,58,42,48,33,40,55,23,73,70,70,59,63,102,133,39,23,19,18,77,99,55,16,73,38,36,65,43,33,,99,67,53,42,58,118,99,132,60,97,60,80,72,74,18,15,19,30,33,23,20,42,48,42,95,,,90,93,114,47,41,30,42,140,159,,25,29,55,60,50,21,21,21,20,21,28,20,25,26,27,23,29,33,26,20,19,23,26,33,25,22,13,20,16,9,25,16,26,14,13,30,30,34,27,24,23,26,26,29,25,22,25,29,36,26,35,25,32,35,33,35,27,28,22,42,35,29,38,25,34,30,34,40,192,176,178,,168,183,155,190,,202,186,130,,127,140,153,155,150,180,158,122,115,182,235,166,152,,172,156,132,39,54,62,60,59,44,117,129,84,127,130,134,150,38,50,54,132,125,134,,67,75,,52,53,46,39,57,80,84,65,114,109,14,18,20,29,20,18,26,20,30,23,23,94,87,79,63,69,19,19,33,14,16,30,,,32,26,23,23,23,33,50,20,23,19,23,23,34,36,38,20,18,25,26,12,10,13,15,18,17,8,9,13,10,16,22,23,23,33,13,23,10,23,21,26,26,18,15,68,63,63,107,87,77,60,64,80,102,89,97,48,54,49,50,77,104,72,107,59,62,83,,45,90,73,78,85,90,57,58,53,59,,74,97,,62,87,83,81,107,9,43,16,,,28,36,19,29,27,,21,33,35,15,,,,,86,18,13,9,20,16,10,,12,36,25,16,14,42,30,29,22,23,37,18,33,35,,29,26,18,13,55,,30,30,58,60,59,30,42,19,21,19,29,13,42,35,73,,17,,13,16,159,148,162,142,23,39,30,30,99,87,103,143,,,49,79,102,113,52,60,38,41,51,51,50,60,74,60,57,60,77,58,,84,96,56,,89,105,102,64,82,40,50,60,52,34,42,35,61,41,36,122,134,128,70,25,49,43,46,64,95,95,73,107,,124,116,132,144,144,143,14,25,36,45,36,71,89,20,134,29,150,166,190,190,230,188,142,95,60,40,52,50,31,53,90,188,142,190,114,15,69,66,41,59,211,214,55,43,65,63,27,160,57,55,166,45,43,68,77,38,78,107,39,123,45,53,42,186,165,89,133,50,122,65,69,77,206,,196,193,170,22,74,120,107,26,25,16,228,30,201,138,30,11,180,168,104,60,46,176,14,188,,208,12,9,13,12,76,102,40,118,64,88,118,65,87,88,285
20171215,6,PM2.5,93,12,59,76,65,78,93,77,80,12,61,89,,,131,,140,143,131,,124,113,110,,109,134,,163,139,215,,145,152,97,89,118,110,110,116,105,83,76,84,,91,187,172,179,172,185,225,198,195,200,185,11,,2,13,19,69,81,84,99,83,121,137,,145,135,116,125,126,175,172,166,164,166,172,333,,258,343,248,321,279,255,312,,3,1,5,5,6,10,5,171,165,141,,153,130,156,150,168,,119,82,102,94,94,67,70,76,88,99,,74,88,112,106,93,78,101,117,103,95,108,92,57,,82,90,111,103,119,93,111,171,8,13,12,14,13,12,13,9,10,15,30,32,41,35,42,53,38,43,29,19,20,27,18,21,25,18,24,27,15,16,23,16,88,,,,137,127,,121,136,135,,44,34,42,,22,30,22,20,27,20,26,26,33,,,,32,29,,31,29,33,31,21,,24,42,33,38,33,46,33,27,,16,,93,61,91,23,37,16,29,31,29,51,40,27,32,25,39,45,62,42,,63,43,37,24,28,24,48,38,34,,,20,,24,35,,17,27,23,17,9,10,,53,82,26,26,29,16,17,38,37,34,33,33,38,40,31,31,22,38,7,,17,,15,13,4,17,,24,,13,21,34,26,17,,17,123,138,174,150,171,144,174,136,48,102,94,78,97,71,94,98,85,149,151,179,160,152,164,151,146,153,37,36,33,31,43,45,36,38,47,74,28,51,33,48,35,40,38,30,48,54,33,29,,21,27,21,18,31,23,32,20,,33,38,26,26,36,54,22,35,31,59,39,61,37,37,21,28,26,21,22,30,25,21,40,38,33,36,34,35,37,34,36,41,30,38,57,30,29,27,36,51,50,47,,45,27,21,19,13,21,11,20,40,12,12,14,12,10,20,,59,40,57,55,30,55,,,,55,52,46,44,49,,77,81,83,85,,,76,1,10,9,18,21,6,12,17,10,9,32,18,22,31,27,50,42,15,21,13,5,10,30,187,185,185,185,177,200,195,183,210,176,212,174,186,21,41,26,19,37,76,,55,58,65,,,,32,35,75,90,31,55,66,,20,31,35,37,33,39,15,12,13,16,15,19,8,20,25,3,6,8,14,6,12,7,16,7,24,19,189,154,158,161,29,30,29,33,50,52,56,101,71,,56,9,11,6,8,,149,,99,114,129,125,156,,164,124,,136,155,145,164,200,236,118,131,178,216,90,117,127,,71,61,86,55,35,34,,114,,115,,119,87,99,114,150,116,145,87,87,106,31,32,31,193,161,168,,18,18,14,32,29,24,20,22,38,25,41,64,69,72,77,60,70,66,52,59,40,30,29,32,25,18,35,17,21,13,56,57,40,17,12,,44,50,,50,77,54,,48,42,23,15,,,145,146,150,10,,7,1,11,8,107,97,,99,103,,218,,215,208,209,170,180,179,179,173,182,84,70,79,,170,163,160,163,168,158,174,193,121,83,117,43,171,78,88,102,69,61,93,67,101,76,61,71,69,64,76,59,65,,42,100,86,97,90,121,54,53,42,44,53,98,62,64,100,50,43,50,54,47,37,38,37,36,50,31,30,36,29,25,34,29,5,164,114,,126,141,113,136,207,230,213,,190,,88,84,92,150,140,129,154,135,145,130,155,139,148,,145,120,116,106,120,116,89,93,100,40,40,41,60,70,46,,58,,,46,74,62,57,59,12,14,10,13,17,16,7,19,10,25,19,14,25,16,8,3,82,83,101,90,34,41,38,32,44,41,69,57,72,42,44,55,43,43,85,,,93,98,70,90,97,51,59,61,57,55,53,22,14,7,,22,18,23,215,198,209,196,165,196,131,143,72,66,86,97,28,55,176,159,144,184,162,152,133,155,155,171,17,20,14,33,,11,10,10,14,28,11,23,48,31,35,49,31,143,126,167,158,92,92,116,82,89,73,73,90,71,78,72,62,79,81,44,64,35,27,29,33,35,,20,26,22,10,17,,20,23,,21,17,16,32,23,35,29,25,31,37,23,36,41,38,13,18,26,31,,15,46,38,,,62,63,3,98,66,108,85,124,181,131,155,,26,22,139,94,92,94,93,145,114,93,116,,116,170,,176,182,130,116,,128,121,220,202,192,135,,131,11,24,15,27,16,21,12,,10,20,11,5,,,10,,11,12,25,19,23,20,25,15,17,15,136,152,162,134,122,116,123,136,191,129,157,92,154,164,106,83,85,94,102,105,82,29,43,24,7,29,35,27,16,97,89,31,36,26,118,4,41,29,33,23,21,30,16,53,51,51,42,45,76,98,27,14,13,11,56,74,39,11,53,18,25,47,30,23,,74,48,37,29,41,89,74,100,43,72,43,59,52,54,11,10,9,20,4,8,14,29,25,24,71,,,67,69,86,30,27,14,29,107,121,,14,20,39,37,35,10,8,10,8,4,19,14,17,18,3,16,20,23,18,14,13,15,16,23,17,15,9,14,5,3,17,11,18,1,8,21,18,20,12,16,16,18,18,20,17,15,17,20,25,18,24,17,22,24,23,24,15,19,15,29,24,20,26,16,19,20,23,28,144,133,134,,127,138,118,143,,152,140,99,,96,107,117,118,115,136,120,92,87,137,185,126,116,,130,119,100,23,38,44,43,42,30,88,98,62,96,99,102,115,26,35,28,100,95,102,,48,55,,36,37,32,27,40,59,62,47,86,82,9,12,9,20,11,11,18,13,21,16,16,61,64,58,45,50,6,13,9,6,11,21,,,22,18,16,16,16,23,28,14,14,13,13,16,21,25,26,14,,17,18,8,,9,10,12,11,3,6,9,1,11,15,16,15,23,8,16,6,16,13,18,18,12,10,48,42,41,80,64,56,43,45,59,76,66,72,33,38,17,35,56,78,52,80,41,44,61,,29,67,53,57,63,67,40,41,37,42,,54,72,,28,64,61,51,80,6,28,3,,,19,25,11,17,15,,7,23,8,10,,,,,10,8,3,2,14,11,7,,6,25,12,10,4,29,7,8,12,16,14,7,22,24,,20,18,11,6,39,,12,9,18,40,42,18,,5,4,,20,5,29,19,27,,8,,4,6,121,113,123,108,7,11,15,17,74,64,77,109,,,19,58,,85,21,23,11,27,14,31,32,30,42,43,34,35,52,41,,56,54,31,,66,79,76,17,24,16,35,25,26,15,12,11,32,13,20,92,102,97,51,1,34,27,27,46,71,64,47,68,,94,41,100,110,110,109,6,17,19,31,25,26,,10,102,20,115,126,143,143,180,141,108,71,43,28,29,25,21,37,67,141,108,143,86,8,34,28,12,32,161,164,38,23,47,45,11,122,40,39,126,9,15,42,56,20,57,80,23,93,27,37,29,140,125,66,101,35,92,47,50,56,156,,147,145,129,15,51,91,80,18,6,7,178,21,151,105,21,7,136,127,78,43,30,133,9,141,,158,8,5,6,8,32,76,28,89,46,,89,47,64,65,235
20171215,6,PM2.5_24h,88,64,80,73,79,75,79,85,80,70,84,82,,,75,,74,75,73,,72,70,67,,72,80,,115,138,173,,136,130,106,73,86,76,83,85,88,49,55,58,,66,136,139,148,116,132,132,130,152,127,137,52,,41,50,63,63,72,73,78,62,82,82,,87,84,83,90,95,112,118,143,114,138,141,278,,241,314,244,291,276,249,290,78,60,48,79,61,62,80,79,96,154,136,,126,136,129,141,128,,142,41,47,39,43,30,32,30,58,49,24,68,77,93,85,77,53,91,98,89,92,90,78,52,,81,80,105,100,98,93,102,106,15,19,14,15,17,22,16,13,14,15,29,27,35,33,42,43,31,39,29,23,25,28,26,25,29,22,24,24,19,20,28,19,50,,,,122,106,,89,110,112,,41,28,37,,26,41,29,31,38,28,34,34,34,,,,32,37,,32,33,34,28,27,,31,52,39,37,42,44,32,28,,21,,82,62,80,30,40,15,36,29,33,48,38,29,44,28,26,40,29,38,,60,38,31,29,25,25,35,42,40,,,22,,30,32,,28,32,31,17,12,13,,45,60,23,25,24,23,20,25,34,39,33,32,37,40,35,38,40,42,11,,17,,15,16,12,17,,23,,16,20,38,23,16,,15,125,138,155,141,164,144,163,133,34,63,60,50,59,42,62,83,50,123,128,148,135,123,139,124,123,143,36,35,39,39,46,51,41,45,43,65,43,50,51,51,45,46,46,41,49,56,51,46,,36,44,43,28,47,38,48,38,,37,32,26,25,52,52,21,35,30,72,49,68,64,56,33,41,45,43,49,41,37,31,71,63,52,58,59,55,62,48,54,56,50,48,73,56,52,46,48,55,66,57,,56,18,23,19,14,26,14,18,29,11,13,13,11,13,38,,49,43,51,53,35,54,,,,49,49,43,47,42,,83,80,79,84,,,74,27,20,21,24,27,31,31,24,22,20,26,18,20,20,25,30,32,36,55,21,18,46,17,149,148,153,148,141,163,149,154,164,140,154,158,149,46,58,35,43,52,111,,109,98,84,,,,73,78,59,69,59,65,61,,27,48,55,55,54,56,33,27,26,36,36,39,24,35,53,45,38,53,52,47,60,59,65,48,62,64,136,150,106,135,31,28,33,33,123,120,85,133,100,,88,14,15,16,14,,122,,90,99,102,112,111,,116,109,,116,134,150,130,158,216,105,122,152,153,76,93,86,,64,37,43,44,17,37,,85,,80,,79,78,91,93,120,114,124,63,63,61,26,27,26,118,105,117,,22,26,17,36,33,25,18,20,25,20,23,62,60,68,72,53,73,56,66,65,49,25,28,32,20,17,28,27,37,26,94,94,76,29,16,,31,31,,36,43,33,,75,65,46,12,,,129,123,139,102,,92,80,99,98,96,96,,100,103,,153,,152,155,156,149,152,159,127,145,153,93,96,104,,166,110,194,176,202,114,72,138,96,56,86,29,134,70,124,137,81,59,89,85,105,94,92,91,81,49,105,108,73,,33,83,76,96,74,134,58,55,68,74,40,92,75,62,87,56,46,64,62,49,41,43,42,41,55,34,29,35,30,40,33,32,5,154,129,,114,114,109,124,137,136,135,,142,,95,87,83,137,123,123,149,130,120,109,118,139,151,,144,114,115,103,111,109,93,93,102,60,50,44,51,69,43,,58,,,50,74,58,60,50,16,19,18,20,20,20,12,21,14,30,28,18,28,18,12,10,84,77,89,82,46,39,42,37,48,45,52,37,42,41,48,51,42,46,100,,,100,87,62,77,90,58,65,70,62,64,59,20,15,12,,22,26,31,164,154,158,142,158,184,148,142,111,110,111,109,141,162,178,171,162,177,156,150,115,140,132,141,36,27,22,26,,84,62,47,62,24,11,25,50,33,56,57,47,110,100,139,132,55,48,86,64,61,54,49,58,51,49,36,38,58,62,31,48,25,20,25,41,30,,26,25,27,15,21,,35,25,,23,21,21,42,34,37,36,36,32,37,25,36,44,42,20,20,32,33,,16,42,39,,,72,89,25,104,84,103,99,120,151,120,144,,25,19,90,74,78,75,72,89,180,166,184,,174,190,,162,185,116,106,,120,106,166,150,142,143,,141,23,30,22,51,47,47,33,,31,33,30,43,,,28,24,25,17,35,44,39,88,71,78,79,80,156,206,149,209,155,127,116,129,142,91,136,118,106,106,77,84,74,97,117,88,70,41,44,87,38,40,53,36,40,69,106,23,31,33,67,12,47,32,46,40,33,42,21,41,49,33,33,38,66,66,25,23,28,34,66,56,46,16,61,51,45,45,42,40,,67,57,51,47,45,69,74,81,40,49,45,48,45,46,37,31,33,49,5,8,16,32,34,31,58,,,56,62,72,32,35,26,36,83,85,,38,45,41,42,38,13,14,13,15,9,17,13,14,35,3,12,13,15,20,18,19,21,21,23,16,10,12,9,12,16,17,33,34,29,31,26,21,27,24,20,20,24,23,24,24,21,26,28,30,23,28,24,25,29,33,31,27,31,29,25,25,21,23,15,20,22,20,28,113,103,100,,114,120,96,148,,164,140,99,,101,134,156,151,145,131,124,84,91,128,98,98,96,,132,131,128,30,38,48,43,51,44,77,77,70,128,129,136,151,30,42,45,129,117,130,,45,48,,43,39,38,34,45,57,59,49,80,75,37,39,38,45,35,30,26,31,35,32,29,64,63,56,43,49,16,24,19,18,17,35,,,39,33,32,29,26,38,37,17,20,23,23,29,31,38,44,20,18,23,26,12,3,11,12,16,11,7,10,13,7,11,14,25,12,22,24,20,8,15,13,20,22,8,7,42,66,50,71,64,57,46,46,63,68,67,72,47,55,46,54,66,73,70,70,40,54,61,,30,82,73,76,81,80,55,61,52,63,,64,78,,33,64,63,54,78,18,33,14,,,17,20,29,35,32,,35,43,23,23,,,,,15,28,17,20,11,10,18,,13,21,15,26,32,16,7,11,18,19,28,12,19,24,,22,19,17,11,42,,13,20,25,32,25,21,17,16,49,43,12,11,23,20,105,,6,,7,9,99,101,102,110,72,70,71,63,72,83,70,102,,,28,108,97,107,42,53,18,43,53,69,35,32,84,89,74,50,50,49,,48,63,44,,83,88,53,51,26,24,33,33,29,21,29,26,44,36,43,132,154,71,62,9,60,42,27,41,78,82,71,140,,180,57,120,100,111,107,16,25,34,53,44,32,26,14,91,41,63,66,75,134,190,111,135,204,41,33,32,27,22,46,52,111,84,127,87,18,26,18,25,67,175,100,40,27,62,45,39,82,30,53,62,123,60,77,106,28,48,75,29,46,29,39,33,110,109,39,62,34,119,45,49,46,138,,75,145,115,30,30,104,81,41,45,51,119,22,154,69,14,13,71,106,95,40,105,113,23,122,,104,31,45,32,32,42,86,59,59,46,106,81,51,70,69,153
20171215,6,PM10,108,34,81,81,79,100,,77,82,46,80,89,,,150,,,,134,,139,122,117,,109,,,194,178,279,,160,171,149,139,155,159,139,149,162,133,105,111,,119,221,235,215,215,238,275,248,247,270,222,22,,39,17,,134,140,131,176,146,177,181,,165,145,158,135,178,202,202,200,218,206,181,349,,332,369,279,407,312,299,390,25,22,12,24,22,19,45,11,232,220,203,,181,200,242,220,219,,145,113,146,,139,136,105,85,125,121,,105,105,139,120,100,119,117,,108,104,122,108,68,,85,110,132,150,123,,,203,26,18,19,17,20,20,19,17,21,23,54,60,65,42,48,,59,,56,30,24,28,23,27,47,38,29,28,32,22,24,23,96,,,,156,,,175,162,175,,45,56,45,,37,42,48,42,32,40,44,31,44,,,,45,39,,,36,37,33,39,,27,,35,41,40,48,49,31,,33,,,78,,36,63,,49,45,41,79,68,73,50,39,68,69,95,68,,69,87,69,28,44,46,65,51,56,,,35,,37,52,,31,37,34,20,22,24,,,,,38,36,18,,,,,33,,,,,,,,7,,,,20,,6,,,,,,22,,,,,21,166,186,201,172,,165,232,183,98,163,117,144,138,136,136,146,193,,,,,,170,171,,161,,,,,,,,,,,,,,,,,,,,,36,,,30,44,31,,,,,,,56,58,59,61,69,80,41,55,51,86,64,69,61,,31,41,28,43,44,43,25,22,44,52,56,47,60,,43,58,,,34,46,,36,,28,49,59,52,,,54,,29,22,14,,18,,,37,37,37,35,36,48,,67,80,66,62,56,69,,,,90,66,76,61,88,,90,104,107,136,,,107,17,21,24,28,26,21,,23,20,24,65,38,,110,72,157,60,30,44,28,21,26,98,207,188,247,226,232,220,216,234,310,180,254,219,236,58,85,94,93,76,130,,117,116,111,,,,63,60,109,,39,57,79,,57,,,,,,21,23,26,25,23,,23,36,38,17,17,31,,18,35,38,48,69,50,38,244,201,230,199,47,40,40,52,98,97,96,162,119,,82,10,,9,,,,,115,137,169,,204,,188,180,,176,217,164,,234,252,144,141,230,277,173,153,223,,102,111,96,92,60,98,,140,,149,,171,113,108,142,164,150,191,116,118,118,44,44,38,253,231,207,,,18,20,,,32,21,32,46,36,57,,,,,61,,91,71,,68,39,30,43,39,35,41,18,25,23,,,47,,13,,66,71,,62,77,74,,,44,37,27,,,199,191,201,41,,36,20,38,45,127,120,,115,141,,270,,273,241,265,253,,,207,173,184,166,119,106,,221,238,242,213,250,214,220,,165,114,143,107,198,85,228,157,129,96,143,118,120,124,102,96,80,70,87,83,82,,56,107,,105,128,124,76,82,63,84,100,,73,,104,90,,,,,47,41,42,43,57,,,,,,,,6,167,154,,160,183,172,150,212,249,240,,207,,105,116,117,180,171,174,205,158,182,149,156,140,,,145,139,132,,,,130,115,108,47,58,50,,,51,,,,,52,,73,68,79,,,10,,,25,17,,13,28,24,18,25,19,24,22,109,104,117,123,39,47,48,,,46,220,99,130,88,61,60,,54,110,,,,130,143,122,116,63,76,92,77,67,82,,21,20,,,37,34,256,232,239,248,196,203,157,160,87,97,121,136,58,105,190,169,166,214,195,190,250,230,268,200,37,21,47,44,,82,30,38,41,29,24,,62,,66,62,72,144,142,206,214,134,129,165,95,116,119,,135,128,99,80,63,110,118,95,101,51,62,49,58,71,,48,50,36,20,33,27,42,33,,39,26,29,45,49,58,50,44,49,38,34,,49,53,26,19,46,57,,60,60,46,,,,,24,159,105,181,179,185,189,174,182,,33,62,,,112,127,121,165,138,154,202,,212,224,,202,227,179,189,,180,180,275,206,250,,,141,26,38,27,38,25,27,,,16,29,30,16,,,16,8,35,13,35,30,25,20,38,17,45,23,191,190,221,190,169,169,209,159,,162,202,163,210,180,134,103,95,159,158,146,114,57,51,32,26,48,47,36,44,137,101,44,44,49,217,19,49,41,34,32,40,60,23,,,61,61,50,105,216,35,23,,17,63,92,49,13,53,38,28,52,32,31,,91,,47,33,63,135,89,115,66,73,61,79,83,54,16,15,,30,33,23,14,,48,42,,,,84,91,88,47,41,30,32,155,147,,25,21,49,70,39,,,14,11,,,,19,23,,,,29,24,,14,23,26,,19,,12,14,16,8,,,,14,13,21,30,34,27,24,,,,,,15,,,,,24,24,22,26,27,,27,20,22,,25,21,33,25,34,30,34,32,145,196,183,,164,155,160,143,,,140,137,,99,137,131,144,134,,,123,143,142,,141,125,,185,191,203,39,,50,45,50,44,92,104,72,,,,,,36,57,,,,,54,,,,,,,,68,,56,101,101,,,20,,11,18,,20,,,18,137,109,102,74,59,,,33,13,12,27,,,,26,,,23,30,50,,23,,16,,34,35,27,20,18,,,8,10,10,,,17,6,6,,6,,,17,23,28,10,,8,21,21,,19,14,,86,75,75,90,85,,58,77,80,103,102,,40,45,49,41,60,87,73,,67,57,80,,45,,69,63,85,78,45,59,37,42,,71,102,,73,99,98,111,121,9,43,16,,,24,35,19,29,27,,21,28,35,15,,,,,121,18,6,3,19,16,9,,10,,25,16,8,32,13,,22,22,37,18,33,25,,,22,18,13,43,,30,30,66,69,65,30,42,9,21,19,23,10,32,35,95,,13,,7,12,129,124,,,23,39,30,30,79,80,82,119,,,49,87,153,157,54,70,38,41,51,52,50,69,97,67,64,69,104,64,,118,141,62,,101,85,114,77,114,40,49,69,54,34,42,35,71,41,36,153,126,130,79,6,47,43,46,55,130,139,95,163,,153,181,122,135,135,132,9,,24,38,36,91,127,,143,28,120,127,152,178,215,185,185,85,49,31,54,50,31,40,76,142,172,208,101,10,88,82,41,67,225,207,59,43,56,58,12,171,52,51,134,45,43,67,94,38,,87,39,,45,52,31,156,158,90,124,49,,63,70,65,211,,151,,159,20,97,,91,,9,,192,,162,132,23,8,136,162,124,65,46,180,14,173,,188,10,6,13,10,102,142,40,127,63,125,111,52,,,237
20171215,6,PM10_24h,86,79,100,90,98,91,91,95,93,88,109,88,,,102,,79,67,97,,81,73,76,,76,84,,153,188,218,,159,166,141,114,117,125,135,137,132,78,83,94,,119,163,178,189,151,165,168,166,199,186,177,99,,101,104,115,152,138,111,169,128,123,129,,118,112,114,113,130,126,143,163,171,174,157,348,,301,349,285,380,310,310,381,147,122,104,161,99,118,126,107,146,208,195,,169,217,210,197,181,,206,71,70,51,71,66,59,40,102,71,34,93,94,123,96,83,89,107,112,107,115,98,107,72,,95,109,133,147,118,103,105,122,37,33,26,23,29,32,27,25,27,32,46,44,51,41,48,53,55,45,52,42,36,34,31,36,56,57,38,26,35,32,36,30,60,,,,141,89,,139,136,138,,48,53,44,,46,65,54,56,45,46,53,49,49,,,,45,49,,51,42,48,38,42,,40,61,50,49,56,59,48,40,,48,,87,77,83,41,66,32,48,43,51,78,62,56,68,38,51,63,50,66,,84,76,55,35,52,56,57,53,64,,,40,,46,48,,46,51,48,25,27,32,,44,,29,33,34,26,22,36,31,63,26,,24,27,38,30,20,40,20,,33,,35,31,18,36,,23,,18,26,20,22,17,,22,182,192,187,174,,173,222,176,71,117,95,112,104,100,120,147,109,143,148,168,167,157,150,169,142,157,29,,45,43,,56,43,49,36,,,,,,,,,,,,72,61,,52,60,54,39,52,26,46,26,,62,58,58,51,91,86,39,67,46,99,71,88,87,76,60,75,57,66,85,58,50,46,69,82,79,86,82,84,76,83,52,60,50,52,84,56,54,61,64,68,62,50,,57,24,28,33,18,36,27,21,33,30,31,35,30,34,63,,66,58,68,71,62,86,,,,63,67,57,77,75,,109,111,112,133,,,106,58,28,39,43,35,52,47,34,36,43,72,41,37,61,55,71,70,63,99,49,40,81,71,176,170,212,200,189,197,180,210,244,166,180,201,194,121,120,110,113,106,160,,150,168,136,,,,120,140,89,80,68,81,67,,41,28,56,31,28,31,50,53,60,56,46,51,46,70,72,100,99,128,132,109,125,131,115,97,106,114,180,193,177,172,51,40,44,49,163,159,119,210,163,,118,25,30,35,26,,132,,116,119,134,101,150,,157,149,,153,193,178,150,197,198,140,150,207,203,144,134,150,,93,70,67,72,28,79,,119,,122,,134,104,121,119,138,132,156,98,90,85,43,48,43,166,172,166,,32,26,21,48,84,42,35,39,44,50,54,56,50,57,45,67,46,98,91,74,82,36,34,54,43,52,51,29,30,26,109,108,90,32,20,,55,56,,69,68,65,,,51,42,36,,,177,164,177,145,,147,117,138,148,121,124,,117,146,,194,,181,185,185,210,93,111,184,161,130,162,170,156,,219,182,282,248,310,162,86,157,132,82,123,65,210,105,305,194,150,106,154,129,123,125,117,103,93,55,120,105,92,,39,106,85,116,127,163,85,83,92,114,55,93,94,69,98,87,43,52,52,43,47,44,49,49,66,,32,,,,35,,7,171,149,,143,153,175,145,113,150,155,,145,,116,121,113,165,150,147,205,149,149,136,131,142,148,,144,145,144,106,,107,127,127,114,62,58,55,62,68,55,,68,,,60,82,73,77,78,18,23,16,19,,20,22,15,15,32,34,27,26,21,27,24,114,103,110,114,48,46,55,38,48,66,127,75,107,89,77,75,61,64,134,,,116,120,129,116,125,81,94,110,95,90,96,30,26,23,,29,51,46,201,188,190,181,217,212,171,161,121,131,145,145,215,208,211,208,216,211,222,209,212,213,213,169,86,72,93,66,,123,91,113,107,39,28,44,64,52,108,93,110,97,119,181,168,91,83,137,98,92,94,84,84,96,70,53,52,94,94,76,81,43,48,46,67,59,,55,56,45,30,42,31,37,41,,38,33,41,45,50,54,47,51,42,36,33,46,67,60,35,36,49,59,,58,49,48,,,102,100,48,135,117,135,154,162,171,163,180,,46,57,98,96,91,92,98,100,165,285,264,,255,241,,224,231,152,159,,153,168,214,177,197,153,,137,52,53,49,74,84,64,53,,56,71,65,81,,,43,28,49,30,65,66,56,124,115,73,128,121,248,283,214,323,192,214,178,177,161,130,217,185,160,131,114,97,83,161,196,128,103,80,61,95,69,56,52,50,53,94,142,34,46,70,128,25,82,52,50,41,49,58,24,48,48,41,53,47,95,116,34,42,42,63,102,84,53,19,70,55,49,58,48,45,,83,67,61,52,54,88,80,91,48,53,55,57,58,47,40,36,21,49,32,21,26,33,45,40,,,,82,85,80,48,47,37,43,101,107,,51,54,49,55,43,28,19,23,27,14,21,18,25,19,10,18,17,18,25,26,26,35,28,29,25,15,19,19,19,17,17,43,46,40,37,29,42,35,39,36,25,32,25,30,31,22,19,33,33,30,29,29,31,34,39,37,34,37,35,27,28,21,31,21,31,31,35,36,145,144,135,,135,145,130,161,,183,159,137,,110,172,178,183,179,,132,116,145,141,112,116,112,,173,175,175,47,44,56,53,59,61,81,84,85,133,137,146,,45,46,70,,,,,58,48,,48,37,44,45,56,75,60,57,104,94,20,26,35,48,29,36,32,19,41,30,30,123,107,95,72,74,21,36,45,23,27,40,,,47,47,53,65,42,48,76,23,35,41,35,34,41,58,94,29,22,28,30,13,20,14,16,18,18,10,16,19,11,16,21,29,28,32,28,28,12,32,22,25,27,13,8,74,67,80,93,94,69,67,97,99,90,96,93,68,73,77,67,84,110,96,101,68,92,91,,82,111,106,97,116,103,71,90,71,81,,90,113,,79,113,119,121,126,35,65,39,,,21,30,45,50,54,,53,52,56,27,,,,,49,39,26,27,24,19,26,,20,47,42,53,56,68,26,22,29,44,44,28,39,47,,27,40,30,26,70,,43,48,49,54,56,52,114,35,97,110,23,23,66,51,203,,27,,21,30,115,118,122,117,88,89,97,91,78,95,79,136,,,90,149,163,174,91,118,65,60,111,122,81,83,124,105,107,103,122,67,,106,125,103,,131,121,101,144,95,66,61,88,65,54,60,53,91,83,66,211,209,109,91,16,56,59,52,56,158,166,139,317,,253,186,165,139,147,133,31,52,46,59,53,59,76,34,121,44,82,79,79,191,241,149,182,245,52,45,54,59,36,54,61,124,144,185,116,21,70,60,98,113,266,140,71,47,76,64,48,121,52,66,77,152,112,133,154,50,59,86,46,54,46,59,41,133,138,52,79,48,,68,71,70,161,,95,171,143,34,63,119,106,50,80,67,150,33,153,116,27,19,86,137,166,71,146,144,32,151,,141,42,36,48,40,126,137,79,90,71,138,111,60,78,77,147
20171215,6,SO2,14,7,15,3,13,16,16,15,5,9,17,9,,,15,,19,21,21,,17,11,11,,7,3,,18,19,30,,15,21,56,23,24,28,27,31,24,45,42,47,,32,9,14,106,21,35,33,34,53,41,24,9,,23,18,9,27,22,34,27,33,20,19,,26,27,34,32,9,18,18,18,22,15,17,79,,50,135,196,117,273,27,154,21,26,24,17,17,11,10,,69,95,126,,94,72,89,83,92,,42,26,25,18,29,14,9,16,17,15,,149,130,37,69,63,25,42,37,17,11,35,35,24,,150,125,100,87,64,14,30,47,11,7,8,10,9,8,8,7,7,9,15,13,10,6,4,10,8,6,13,9,8,8,13,8,9,17,10,15,13,9,24,17,29,,,,15,4,,9,29,9,,6,8,8,,18,11,9,13,8,10,13,12,16,,,,15,17,,2,3,4,5,4,,5,12,5,16,11,5,9,9,,10,,3,6,7,15,12,6,14,10,10,12,10,6,14,9,16,18,14,13,,8,15,9,9,9,9,8,7,15,,,7,,19,29,,6,10,5,5,8,10,,17,15,5,5,6,5,3,7,4,3,4,3,6,2,9,3,3,1,5,,4,,8,8,2,3,,3,,2,4,8,4,3,,5,16,18,30,31,27,26,43,23,31,17,20,26,24,12,25,13,36,20,19,20,21,11,14,21,22,28,4,2,3,4,3,1,1,4,3,4,4,4,3,2,5,6,2,2,4,6,10,10,,5,5,8,6,11,12,9,14,,5,7,7,11,10,8,6,8,8,11,14,11,27,16,8,16,7,7,10,39,22,18,13,11,13,10,25,18,13,10,8,18,20,20,20,9,11,6,10,12,9,14,,14,10,14,11,9,13,12,9,10,4,6,6,5,7,8,,15,13,14,7,9,10,,,,17,10,12,9,12,,8,6,3,9,,,8,14,7,6,3,6,13,22,10,7,10,16,18,7,10,15,27,31,5,4,6,2,8,7,21,29,34,30,27,24,29,26,22,32,84,24,36,24,23,41,23,35,33,,24,16,32,,,,23,43,4,9,10,9,14,,12,7,7,13,6,4,8,5,9,7,4,9,6,7,6,8,7,9,9,9,11,27,28,21,31,25,66,69,29,58,25,70,16,154,58,95,52,108,56,,66,8,7,9,3,,30,,17,16,19,15,12,,14,11,,11,21,27,25,50,38,26,42,31,92,30,13,10,,21,18,22,19,19,21,,15,,20,,14,30,38,36,25,18,27,11,7,6,16,20,30,26,32,16,,9,9,7,11,6,6,8,8,12,10,20,13,6,11,12,13,13,16,81,93,35,6,4,9,11,8,9,2,5,5,13,13,14,5,7,,21,16,,24,19,21,,13,9,9,7,,,9,6,7,11,,21,13,13,16,8,10,,15,18,,43,,84,46,90,145,163,117,107,156,155,65,20,20,,106,112,97,163,150,115,64,94,78,62,75,33,80,73,70,93,92,79,21,264,115,129,300,106,30,36,40,39,31,,21,34,40,59,24,33,32,49,26,28,31,11,22,17,32,18,7,6,9,6,21,18,15,,18,4,10,8,12,12,12,2,5,41,17,,20,11,10,8,8,18,8,,6,,13,9,34,12,11,8,9,24,24,13,16,22,19,,23,13,9,11,11,13,8,15,11,6,4,7,1,6,6,,2,,,3,5,6,6,4,3,9,10,8,5,7,5,7,3,30,51,15,33,14,1,3,3,11,12,8,14,16,13,11,14,22,70,18,23,20,10,4,11,9,16,,,25,5,18,8,4,3,21,10,5,14,5,17,6,4,,12,24,15,16,25,22,26,16,25,22,30,11,9,157,124,8,11,17,13,12,27,19,19,26,33,27,20,3,2,5,8,,19,5,10,25,2,7,8,6,6,3,7,7,23,20,14,23,36,41,19,14,20,20,28,14,21,25,16,16,14,11,13,12,11,19,33,9,29,,14,18,18,4,3,15,14,20,,3,6,9,9,6,9,8,6,15,11,17,10,12,11,9,10,8,10,,10,4,3,,,14,6,42,15,9,5,8,11,10,9,7,,14,11,25,41,19,24,16,10,59,39,58,,77,164,,195,164,46,34,,82,24,58,51,33,26,,72,3,8,5,25,12,8,4,,5,47,31,15,,,6,3,53,37,10,8,8,19,11,10,123,12,134,115,107,77,32,26,21,27,182,45,102,143,55,50,68,55,38,122,107,131,64,12,7,18,39,39,29,36,14,57,34,15,14,11,41,6,10,47,15,13,10,11,5,9,6,13,45,26,12,64,9,12,12,9,38,28,52,7,4,21,14,19,14,5,,25,4,7,16,10,8,8,16,10,17,4,16,8,4,24,7,18,9,5,7,4,21,1,12,3,,,31,12,22,11,22,2,25,13,12,,25,22,21,32,23,1,4,6,6,2,11,11,13,27,2,5,12,17,9,7,6,5,5,12,7,3,5,5,5,4,10,19,11,18,19,15,14,2,5,7,3,12,9,8,20,4,7,11,4,3,12,6,23,12,5,3,9,8,8,4,7,8,7,4,11,20,22,14,1,4,5,,17,20,9,11,,16,11,8,,8,7,9,6,10,6,7,8,7,6,10,10,12,,8,8,8,5,5,13,8,5,9,23,21,6,11,11,11,6,4,2,4,10,16,12,,7,5,,2,1,2,6,3,7,7,3,5,4,6,14,14,7,7,7,7,13,8,9,30,6,4,1,5,1,12,9,8,13,4,2,,,4,2,3,1,2,3,2,3,2,4,3,4,15,4,1,3,8,4,6,5,6,6,10,11,11,1,7,7,4,3,7,9,15,13,1,3,3,6,13,7,5,5,6,16,21,16,11,12,7,8,5,4,6,6,21,8,5,14,2,3,1,5,3,20,12,9,,9,10,7,10,8,17,27,3,2,17,,5,9,,5,5,6,4,6,7,16,7,,,11,9,8,11,12,,21,48,26,12,,,,,2,10,8,7,7,3,4,,13,8,8,13,23,,12,8,8,5,13,31,20,12,,8,11,8,6,7,,5,7,13,20,7,10,16,10,4,4,3,5,6,7,4,,14,,5,4,12,9,6,11,8,21,15,11,9,16,19,8,,,8,9,28,14,10,18,9,10,11,13,10,9,52,14,8,27,22,2,,24,10,43,,37,11,7,21,91,18,12,10,14,7,17,3,13,16,10,12,12,7,8,5,16,7,6,9,11,11,3,5,,17,20,24,36,45,45,3,3,4,11,12,7,48,3,19,10,9,12,15,35,201,56,51,25,4,7,15,23,10,28,5,17,12,10,8,10,24,49,11,19,59,64,7,5,3,4,5,23,4,6,22,19,52,276,26,8,17,8,7,14,17,21,6,10,32,18,19,17,15,11,14,14,147,,17,10,25,6,69,9,17,4,21,7,31,7,21,9,2,4,17,16,33,16,19,25,5,35,,10,9,22,19,36,6,30,14,36,7,11,5,3,2,4,3
20171215,6,SO2_24h,18,14,22,16,21,23,18,21,12,19,20,14,,,19,,23,28,21,,23,18,19,,15,12,,18,21,32,,20,19,12,42,40,49,52,63,45,28,52,42,,36,8,18,25,23,31,41,33,36,30,32,30,,23,24,25,41,43,45,57,44,21,21,,23,41,42,42,8,14,16,21,25,17,19,108,,65,158,227,140,234,55,139,35,39,43,46,37,26,38,29,72,85,95,,106,135,114,105,171,,120,36,53,33,35,31,21,14,39,36,28,124,181,60,61,69,24,29,46,32,39,64,58,27,,140,130,95,103,139,23,66,54,9,6,8,9,9,8,8,7,7,9,13,10,7,6,5,9,8,5,12,9,6,8,13,8,6,17,11,15,11,11,19,16,23,,,,25,8,,12,23,10,,6,6,8,,16,11,7,11,8,9,10,11,10,,,,15,17,,2,3,5,5,6,,6,7,5,14,9,6,7,9,,8,,3,6,6,13,10,6,6,9,8,9,7,4,13,8,11,11,12,10,,9,10,7,9,8,9,7,7,14,,,8,,9,11,,18,5,5,5,8,10,,16,13,5,5,6,5,3,5,4,3,4,4,7,2,9,3,3,2,5,,4,,8,8,2,4,,3,,3,4,8,5,4,,5,21,21,24,31,24,28,32,32,23,15,25,23,22,10,23,21,23,19,16,16,15,12,13,18,19,14,4,3,4,5,4,2,2,7,4,4,4,5,4,3,5,6,3,2,4,8,11,10,,6,5,9,5,11,13,9,10,,5,7,7,10,8,9,6,8,9,11,10,9,19,14,8,13,7,9,12,26,19,19,18,15,16,12,19,15,13,7,7,17,19,16,15,11,10,8,9,10,10,14,,15,10,13,12,10,12,9,9,10,4,6,4,4,6,8,,15,14,14,13,15,16,,,,17,14,14,9,17,,13,8,4,11,,,10,10,8,12,20,8,29,25,14,10,15,18,13,14,13,14,25,25,7,10,7,3,13,5,30,31,35,33,31,35,22,46,18,28,27,26,31,38,31,32,32,31,33,,31,28,29,,,,55,43,3,9,14,8,9,,11,7,8,9,9,10,12,6,7,7,3,11,7,7,6,31,32,37,30,30,22,27,23,20,22,20,80,101,39,61,41,35,22,55,110,91,54,158,145,,120,7,8,10,7,,26,,15,18,20,13,14,,14,14,,13,39,41,40,36,43,31,52,28,48,21,16,10,,27,21,31,28,25,34,,15,,10,,15,19,24,20,23,17,28,11,8,6,13,11,12,25,28,22,,9,8,7,11,7,9,9,9,12,11,18,10,7,10,11,10,12,12,17,23,20,6,5,7,11,9,9,2,5,5,16,17,17,6,7,,19,17,,23,21,20,,11,10,8,9,,,6,8,9,64,,80,64,126,109,12,15,,20,25,,86,,83,68,88,99,108,95,65,103,102,103,33,86,,104,90,124,120,106,104,38,56,43,32,37,24,116,74,107,142,103,67,36,112,87,102,151,155,38,31,60,39,40,,13,45,73,61,30,37,19,32,25,18,18,23,29,27,41,28,7,6,9,6,16,15,14,12,22,5,10,10,12,10,10,2,5,15,10,,17,11,13,9,15,19,14,,14,,18,13,16,14,8,5,10,15,15,10,14,15,18,,16,14,11,11,13,14,5,10,9,8,3,7,2,5,6,,2,,,3,7,6,6,5,4,10,17,10,6,6,11,10,3,19,51,11,21,8,2,2,3,7,9,6,17,14,13,13,17,15,70,30,31,24,12,8,14,11,28,,,19,5,8,6,4,3,8,12,7,7,9,18,7,5,,13,19,10,19,28,25,20,30,40,31,34,14,16,68,53,18,18,23,21,22,23,24,26,20,25,22,15,25,9,12,13,,35,35,55,49,2,7,9,5,6,18,15,9,22,22,13,19,28,24,20,16,26,28,38,10,23,18,16,14,12,9,14,18,9,13,13,8,21,,13,17,17,6,3,15,13,24,,3,5,8,6,7,13,7,5,12,10,24,5,6,7,9,10,9,10,,9,4,2,,,42,26,26,13,9,4,7,10,8,8,6,,11,10,28,32,19,19,14,7,126,99,135,,117,174,,205,188,48,36,,67,52,84,74,61,74,,103,8,19,8,57,65,33,9,,19,31,20,36,,,26,13,60,36,14,12,11,80,92,89,111,77,89,120,78,109,60,49,52,67,260,112,238,185,58,57,74,63,49,86,83,87,60,22,16,20,23,26,36,13,11,24,34,8,14,13,22,7,20,27,25,16,13,11,8,12,15,12,13,18,14,30,9,34,44,55,80,91,49,8,6,17,16,17,15,5,,20,7,7,24,14,11,10,18,13,21,6,19,12,7,16,7,20,5,7,6,3,23,2,12,4,,,15,8,14,8,14,2,8,13,15,,17,16,22,27,20,1,4,6,6,2,9,8,11,18,2,7,9,11,11,10,9,7,6,9,8,4,4,5,6,4,5,21,11,14,18,28,18,6,11,10,6,29,33,34,43,4,4,11,7,2,10,7,17,12,11,9,16,14,16,6,7,7,7,5,8,16,15,10,7,15,16,,21,16,7,14,,20,14,14,,18,6,10,5,10,8,6,5,6,6,11,11,14,,8,8,7,9,4,5,8,5,8,13,19,5,11,11,10,6,4,3,5,10,14,8,,7,8,,9,1,2,4,2,4,5,2,8,4,8,15,14,8,9,7,8,14,8,13,14,5,3,1,12,1,13,8,8,16,4,6,,,5,4,4,2,3,4,2,4,4,12,4,5,8,5,4,3,7,5,9,5,6,6,12,11,11,1,6,8,4,3,7,9,18,21,2,3,4,5,9,8,6,5,6,15,19,18,13,9,9,10,8,10,12,11,11,5,5,7,4,4,4,22,3,20,19,14,,16,22,13,13,13,25,17,3,12,8,,5,6,,7,8,8,6,8,9,16,9,,,11,11,14,13,15,,26,34,32,16,,,,,2,11,10,9,6,3,6,,40,11,13,22,52,,12,8,8,5,11,20,20,13,,11,7,7,5,8,,5,9,17,16,9,11,16,10,7,8,3,5,16,10,5,,7,,5,4,10,12,9,15,22,36,33,24,10,21,22,21,,,42,11,47,27,20,19,19,14,24,28,14,13,18,36,18,39,25,6,,38,39,15,,48,22,12,42,62,21,19,16,21,11,19,9,14,13,12,22,24,16,15,5,13,9,11,13,19,20,4,22,,31,33,52,41,46,39,5,28,20,11,14,11,35,4,19,12,21,12,20,34,205,47,133,51,6,9,9,11,10,24,6,17,15,13,10,8,21,22,53,20,102,89,12,7,4,5,7,20,5,5,32,97,55,113,19,8,16,8,8,12,13,15,5,12,72,15,22,12,16,13,16,16,100,,18,13,16,6,21,12,11,5,45,25,27,7,13,21,2,4,26,18,35,19,80,27,9,35,,13,19,36,32,43,9,32,26,32,12,24,6,2,8,4,8
20171215,6,NO2,76,18,73,65,75,78,86,78,66,29,73,86,,,63,,57,66,59,,58,62,59,,56,51,,68,56,60,,46,56,44,72,65,75,71,71,78,80,71,83,,75,60,55,54,63,82,64,72,64,68,74,8,,16,12,15,61,54,69,66,63,67,77,,70,43,58,57,50,55,47,62,58,65,60,74,,72,62,67,77,70,63,70,18,17,22,4,25,15,10,18,72,77,76,,69,75,72,79,67,,59,43,26,32,53,33,33,21,45,36,,53,45,48,51,52,42,62,48,46,32,55,60,34,,71,70,72,70,67,27,39,70,40,29,43,29,40,36,28,19,27,21,43,33,51,42,36,38,32,42,45,37,44,38,28,42,29,43,33,25,22,26,18,29,54,,,,53,46,,52,55,63,,23,16,14,,42,43,30,45,41,42,42,30,60,,,,49,34,,17,22,28,13,12,,20,50,30,48,34,45,26,39,,29,,45,46,53,54,76,37,59,50,51,67,58,46,59,51,53,50,55,48,,47,,43,47,45,56,51,54,49,,,46,,62,66,,14,29,24,7,6,6,,50,51,37,40,37,19,26,40,39,25,21,16,28,18,39,42,29,20,15,,45,,45,23,8,16,,31,,24,38,40,45,23,,23,64,42,62,65,57,68,66,47,88,70,66,80,71,86,90,52,76,49,56,52,48,39,52,46,54,46,24,24,28,30,27,37,30,22,28,28,29,31,31,31,38,37,38,39,34,36,46,38,,41,41,50,34,35,32,39,29,,24,36,19,18,31,53,9,11,15,35,59,56,50,56,42,34,45,39,51,50,47,43,52,46,49,55,48,47,47,46,33,42,35,37,45,27,23,29,29,38,41,37,,44,24,33,30,19,20,32,30,39,5,3,3,6,6,25,,34,37,23,34,44,34,,,,37,36,38,31,52,,36,43,58,36,,,47,25,14,24,21,12,20,18,22,18,23,44,44,4,45,37,52,53,21,41,36,14,23,67,67,70,72,71,28,59,68,64,65,58,63,63,67,38,34,30,80,77,48,,57,20,36,,,,20,24,56,53,32,55,36,,39,40,29,32,38,40,34,35,31,34,36,13,33,29,35,7,10,7,7,10,9,31,38,27,31,37,61,85,68,78,10,19,15,47,29,33,34,58,29,,33,18,18,27,9,,58,,54,54,54,52,44,,49,19,,49,67,73,69,81,157,40,65,77,103,44,65,39,,23,34,40,40,36,43,,32,,43,,39,46,54,55,48,48,54,55,40,46,13,30,17,65,57,52,,27,39,25,23,25,17,10,10,41,26,28,26,25,25,27,22,29,30,20,18,22,26,24,28,10,15,12,28,26,26,44,39,38,32,30,,34,29,,43,55,53,,40,27,29,16,,,47,52,42,2,,8,4,6,7,28,47,,33,32,,32,,45,27,37,76,76,62,71,67,75,34,27,47,,90,93,76,58,90,89,99,77,85,66,71,52,85,65,52,69,64,61,52,62,63,60,43,47,39,49,54,42,40,,17,42,35,44,34,34,27,37,44,47,31,40,47,45,72,45,41,37,43,40,31,26,31,28,32,35,32,29,39,29,41,31,9,45,52,,45,21,44,44,49,51,51,,50,,44,49,49,40,44,51,37,46,48,43,46,46,53,,54,28,40,39,34,37,41,42,33,21,20,20,26,16,15,,32,,,22,27,24,12,13,20,29,19,26,21,23,18,20,9,31,16,21,29,14,4,7,38,39,41,32,,31,34,23,32,24,67,41,62,41,27,26,22,33,33,,,49,30,45,51,43,12,18,19,19,28,22,31,25,25,,22,26,24,81,58,75,59,36,39,46,39,27,35,56,60,19,48,45,56,50,45,44,47,74,64,69,72,5,9,3,29,,17,7,8,16,18,8,3,35,20,13,21,19,34,44,51,61,74,70,79,34,56,79,48,44,36,47,23,35,42,46,43,42,24,25,28,32,36,,38,89,39,23,19,24,20,28,,,22,24,25,37,65,37,37,39,60,39,37,58,254,13,8,42,52,,46,38,39,,,52,29,61,35,42,35,48,42,49,41,44,,30,28,38,37,27,41,30,24,36,45,29,,51,64,,62,63,52,45,,49,49,66,65,53,33,,39,7,12,10,14,16,6,32,,14,13,19,7,,,5,2,19,14,10,6,5,10,12,9,12,19,92,98,81,67,50,66,58,77,37,48,50,52,54,70,39,84,72,54,58,58,56,30,15,19,17,36,47,34,19,57,39,5,12,27,57,14,28,30,17,13,19,14,7,41,24,44,56,28,59,65,18,8,4,18,65,61,38,6,21,21,32,49,17,29,,35,23,27,35,16,65,51,59,61,22,48,54,64,59,36,27,37,39,21,17,15,26,23,24,34,,,48,40,19,24,17,17,17,44,44,,29,48,54,56,20,12,8,42,16,6,14,15,17,22,3,14,17,20,23,18,19,25,28,27,28,4,3,2,14,9,33,15,30,22,18,32,30,29,27,32,31,35,8,24,26,32,38,39,37,45,26,31,29,34,27,18,11,18,21,12,25,22,25,22,32,18,22,8,61,46,51,,41,59,47,45,,51,48,,,48,50,43,45,49,29,48,40,48,38,67,63,47,,56,53,43,19,29,48,31,28,18,48,45,42,40,47,53,36,27,11,9,37,43,43,,33,31,,14,45,45,40,27,15,24,27,30,23,28,28,32,27,40,30,17,21,22,20,25,30,41,31,21,26,37,29,29,28,26,37,,,20,18,11,11,10,10,10,12,11,27,28,17,3,2,21,24,17,20,32,19,18,18,11,15,20,12,13,17,11,11,18,17,20,20,26,18,12,13,13,8,12,10,9,18,31,29,34,38,17,22,25,14,2,14,29,23,29,27,22,44,30,39,22,17,17,17,,16,30,55,23,44,24,19,6,7,22,,,31,,19,47,14,24,12,10,8,11,,,19,17,9,21,14,,20,29,22,9,,,,,2,12,25,13,21,15,13,,13,15,16,14,17,2,5,6,16,19,18,16,35,19,,8,6,9,12,23,,16,20,31,22,22,26,2,9,11,6,7,14,41,14,13,,17,,10,10,36,33,36,24,10,20,21,19,16,34,35,35,,,12,27,51,53,6,10,4,10,18,15,46,43,59,19,10,23,61,28,,36,38,32,,33,17,37,18,29,10,15,16,20,9,24,8,32,10,22,65,50,34,70,3,29,16,2,21,32,26,14,,,44,36,32,47,47,52,8,3,23,29,34,32,60,11,34,38,62,62,61,56,72,49,38,40,29,31,67,63,43,15,27,41,39,54,46,29,30,28,16,24,65,76,18,46,13,28,54,67,56,49,55,8,27,26,18,9,48,53,9,50,56,78,28,30,65,33,51,57,53,41,43,34,44,,63,41,57,29,54,27,30,8,5,7,60,8,52,48,36,11,70,49,44,31,12,56,11,50,,53,14,18,17,20,27,69,8,80,34,62,38,30,32,28,46
20171215,6,NO2_24h,71,58,67,66,80,69,80,76,65,67,77,77,,,65,,62,67,66,,64,64,55,,64,61,,64,67,67,,52,61,52,66,66,71,70,70,72,53,60,68,,63,53,50,49,56,75,70,63,62,69,78,49,,53,52,52,58,59,61,66,58,70,77,,69,57,55,56,45,43,37,55,53,59,56,83,,81,81,83,82,83,82,87,41,40,43,53,44,46,41,39,60,75,80,,69,100,85,87,83,,92,70,42,56,52,36,51,19,67,58,31,65,61,54,57,60,26,36,55,49,55,57,66,30,,79,79,83,77,75,33,56,71,48,42,48,44,43,51,42,26,39,31,46,34,53,45,38,43,44,39,47,47,57,53,42,58,41,67,52,34,36,40,41,42,48,,,,56,51,,46,55,62,,35,24,26,,46,59,43,48,52,51,52,40,56,,,,48,41,,22,31,33,23,26,,32,32,27,34,33,35,32,41,,38,,44,45,53,57,76,27,64,55,60,73,60,48,65,49,46,66,61,63,,64,61,57,53,44,62,44,55,47,,,48,,45,52,,38,31,35,11,7,9,,49,47,34,31,28,29,31,40,48,34,28,21,35,27,44,51,38,32,22,,34,,47,30,9,24,,35,,27,34,42,47,26,,21,66,57,65,73,64,75,71,59,53,62,66,80,63,85,79,74,54,53,58,53,51,46,53,51,60,47,27,28,34,40,30,44,36,32,29,22,30,32,33,30,40,36,40,39,32,28,57,48,,51,44,57,38,44,34,47,28,,29,38,37,26,31,50,13,29,24,41,58,62,59,70,50,39,51,52,63,55,50,43,71,58,63,69,61,63,60,57,37,44,41,47,49,28,27,28,30,41,43,38,,40,35,41,44,26,19,38,37,44,6,6,10,10,15,33,,44,50,49,51,37,48,,,,40,53,46,49,46,,39,39,51,37,,,45,25,18,26,31,14,28,24,27,23,28,41,38,15,38,40,44,46,37,62,42,25,42,31,70,72,70,78,46,65,68,72,57,64,64,66,61,61,54,28,62,70,49,,60,32,28,,,,52,49,51,51,31,46,39,,15,40,33,33,41,40,36,37,33,37,38,16,33,30,33,35,41,38,32,35,33,41,38,37,38,34,66,88,67,71,22,20,29,36,86,88,58,66,60,,69,17,21,28,11,,59,,56,57,58,56,50,,52,34,,50,73,80,74,69,81,51,58,69,81,43,57,39,,16,45,53,56,49,50,,32,,42,,45,49,54,55,42,40,55,51,40,39,21,39,29,62,51,52,,30,37,31,24,37,28,19,12,27,25,35,26,25,28,26,21,27,34,21,22,26,28,29,39,17,23,16,31,25,23,52,49,47,34,29,,29,24,,34,34,38,,41,32,40,18,,,52,52,47,41,,38,36,50,34,29,47,,38,38,,42,,49,25,38,73,75,62,69,69,69,47,40,84,,88,84,89,72,88,80,57,70,69,40,52,35,88,57,54,60,62,56,43,69,68,69,66,70,54,35,63,54,46,,9,47,51,54,44,44,28,44,43,44,23,34,46,49,90,65,47,42,52,38,35,30,30,31,24,31,32,22,27,21,40,27,7,50,55,,49,31,47,45,48,53,52,,59,,49,56,50,48,49,56,46,51,47,45,44,40,44,,44,33,50,44,39,42,45,43,39,27,21,23,25,15,14,,32,,,21,32,29,18,14,19,38,22,34,19,22,16,22,10,33,24,24,30,17,10,12,23,37,39,29,48,38,44,40,51,34,69,49,71,41,41,44,35,50,40,,,56,28,37,43,38,27,25,28,34,38,31,34,26,27,,27,31,20,67,66,64,61,45,51,55,44,35,46,58,55,76,55,59,66,63,52,58,60,60,57,61,60,16,20,12,32,,35,33,26,29,27,22,5,42,16,43,46,37,39,50,52,53,58,48,76,55,52,67,43,34,37,44,21,43,38,38,36,47,21,20,36,43,33,,45,78,46,39,31,38,34,34,,,30,29,21,33,68,43,43,35,40,46,42,52,85,22,16,53,58,,46,47,45,,,56,38,39,38,46,37,50,46,48,45,48,,32,34,50,49,32,43,34,26,63,71,56,,76,80,,73,77,48,40,,44,45,70,67,66,46,,47,14,13,11,32,40,23,27,,20,24,23,36,,,22,17,31,21,15,15,9,46,54,48,51,50,91,115,80,82,50,68,65,91,48,54,63,59,70,78,57,64,55,61,58,58,54,29,20,31,30,29,48,24,29,50,41,7,17,29,43,10,27,22,30,15,39,30,3,23,40,24,43,18,62,46,46,20,20,36,63,68,48,8,22,29,39,49,18,36,,32,29,32,35,19,49,38,51,53,46,42,42,46,45,38,27,43,35,23,18,17,28,29,28,24,,,51,36,62,35,31,23,12,33,41,,31,41,59,48,29,21,9,24,19,9,19,20,22,19,3,17,18,21,22,21,24,35,36,39,34,7,7,5,22,21,33,22,36,30,22,37,30,32,33,31,32,36,17,38,39,28,37,36,39,48,28,34,31,40,33,30,25,34,33,14,22,21,22,18,34,22,25,27,66,48,54,,48,66,52,58,,60,57,46,,54,51,44,43,50,29,49,43,49,39,52,50,37,,60,55,45,30,38,42,32,32,25,48,49,48,45,47,60,49,38,23,17,49,54,52,,28,25,,22,43,42,39,25,27,29,29,36,26,29,30,36,29,45,33,27,29,31,29,34,30,43,32,24,28,37,30,30,31,29,41,,,23,30,13,15,16,16,19,18,19,31,29,22,6,20,24,26,17,27,32,25,21,35,16,17,25,11,19,22,17,14,23,27,26,22,28,19,12,21,20,13,17,10,12,28,38,42,41,30,29,30,30,24,16,25,36,27,39,35,29,37,47,52,41,19,31,32,,31,47,60,48,48,51,24,12,20,31,,30,37,,18,49,23,32,19,16,19,23,,,16,31,29,41,35,,35,31,42,18,,,,,6,22,31,28,18,15,28,,18,15,16,28,35,3,27,22,21,20,18,16,26,17,,9,8,15,17,26,,17,18,32,28,22,30,22,16,29,16,12,23,43,24,16,,7,,6,11,22,42,43,35,31,42,35,35,21,30,31,40,,,19,43,62,63,32,26,16,15,43,38,29,35,32,35,24,37,49,36,,43,48,35,,44,30,28,24,22,20,10,22,22,15,27,18,28,25,32,73,71,28,54,4,29,18,10,23,56,60,29,43,,66,43,62,50,50,50,9,4,36,29,35,26,56,28,30,47,67,66,63,64,82,39,54,76,38,31,71,50,41,14,23,47,40,56,44,32,31,29,35,39,75,74,28,46,14,37,49,69,36,48,58,46,46,45,41,17,53,50,22,48,52,57,28,36,68,39,52,49,59,57,52,48,47,,66,53,58,33,31,36,39,19,33,26,51,9,44,44,37,17,73,62,49,42,29,62,20,55,,51,25,28,26,29,24,44,38,66,48,66,28,32,36,31,49
20171215,6,O3,1,49,12,1,1,,5,3,,29,3,,,,5,,7,6,4,,3,1,1,,,5,,4,3,6,,1,,33,8,8,12,11,8,12,11,7,10,,9,,5,2,,14,3,14,16,15,6,57,,46,54,68,3,4,3,8,6,2,5,,3,13,6,11,4,6,7,5,3,6,2,6,,4,5,15,1,9,4,3,65,58,60,54,56,67,60,35,15,2,7,,10,6,4,4,6,,7,29,30,36,15,26,41,12,31,28,,15,10,5,5,6,21,14,15,23,26,31,17,56,,6,6,9,5,6,77,21,36,50,57,51,62,52,41,61,71,64,68,6,23,12,17,20,14,27,18,17,33,27,24,28,33,24,43,56,40,51,45,55,39,,,,,2,4,,4,2,10,,36,38,50,,20,27,31,27,27,30,32,32,7,,,,17,28,,42,43,35,47,46,,46,3,25,8,24,3,37,32,,26,,2,2,,3,9,16,1,1,2,2,2,1,3,3,2,4,3,2,,4,1,2,10,4,5,5,,1,,,11,,2,3,,34,22,24,80,82,65,,1,2,8,15,10,7,7,22,9,15,22,32,20,24,37,13,21,30,55,,19,,27,33,46,62,,11,,22,12,9,10,27,,15,3,4,1,5,5,8,5,4,9,1,6,5,8,20,15,20,7,2,6,4,3,6,9,6,2,4,18,11,8,16,10,18,7,15,11,11,3,9,3,11,5,5,9,12,3,5,2,3,,4,2,4,13,3,3,3,12,,26,45,51,46,9,5,69,75,51,25,26,29,29,16,2,3,,,1,1,6,2,1,3,4,2,2,2,2,,8,5,8,6,,4,11,7,1,10,3,,,4,16,11,13,20,22,20,12,12,69,90,64,57,61,24,,10,22,18,34,15,25,,,,20,29,20,13,9,,6,12,6,7,,,11,34,16,19,15,21,19,14,17,10,14,14,17,64,5,21,7,5,40,19,31,40,51,3,8,7,6,6,2,7,5,8,9,6,8,5,5,41,45,54,7,11,40,,23,42,26,,,,62,45,4,5,14,8,17,,4,8,7,9,8,5,3,5,4,2,4,34,4,9,9,57,58,56,62,53,51,44,23,28,30,28,27,21,3,19,44,31,32,12,33,33,20,21,22,,31,52,55,59,69,,5,,4,2,8,3,,,,6,,2,4,2,1,1,3,19,11,,12,8,8,6,,15,21,32,20,30,5,,12,,7,,8,6,,15,2,7,1,5,18,17,46,46,48,3,10,9,,20,6,21,26,21,58,73,63,17,53,41,49,44,42,44,45,40,23,7,7,2,4,5,2,58,59,53,9,6,6,4,8,7,12,7,,10,10,,15,5,9,,4,4,8,11,,,8,6,5,76,,41,58,58,52,21,25,,25,17,,6,,3,2,9,9,6,8,26,10,4,1,4,,,8,12,12,6,15,7,13,6,21,14,14,14,19,3,13,11,11,1,6,9,5,15,13,14,30,21,15,33,40,,64,14,20,27,13,9,10,19,17,13,16,25,21,14,32,27,13,18,14,15,20,22,27,,57,6,9,7,12,8,4,9,52,2,5,,6,8,2,,1,5,8,,,,,,,2,4,3,5,1,2,5,4,3,2,,,32,7,7,9,10,6,8,16,9,7,22,17,18,7,,15,,,13,18,29,30,28,16,18,9,17,6,19,17,14,19,6,36,8,5,12,56,53,7,7,7,5,26,22,15,25,30,25,6,12,7,5,13,12,21,12,23,,,33,9,3,3,4,66,28,42,58,60,53,34,17,17,,14,18,12,3,5,3,5,3,3,12,4,17,4,7,3,59,15,5,6,6,7,8,7,3,2,4,1,73,72,73,44,,50,82,70,64,35,34,24,44,12,56,56,220,10,3,5,5,2,4,2,36,4,3,14,4,20,11,19,25,6,,32,22,33,41,34,16,11,,28,13,40,38,52,,47,54,,,57,54,29,13,34,28,73,17,6,30,11,19,6,56,60,29,11,,48,3,4,,,8,18,4,2,5,7,3,6,6,8,5,,23,39,35,29,34,29,33,30,19,20,12,,19,5,,5,6,9,3,,9,4,3,8,6,20,,23,56,31,56,45,43,58,14,,58,38,62,79,,,55,60,48,60,81,87,87,44,40,46,43,38,9,8,2,7,5,6,4,3,7,12,4,4,14,12,15,3,24,2,6,5,9,15,22,30,46,37,13,15,51,21,26,54,84,44,6,40,36,45,52,61,34,35,27,19,29,15,5,50,11,1,31,55,57,57,19,23,26,45,36,48,46,18,28,42,,13,17,17,17,10,5,1,3,31,9,18,19,14,2,44,30,15,41,17,23,26,40,34,51,4,,,6,13,13,32,19,33,25,21,8,,26,33,52,23,43,65,66,18,64,67,29,33,33,22,84,29,29,14,21,28,24,18,7,10,11,22,23,29,30,28,4,1,2,2,14,9,7,8,7,6,3,5,6,7,6,10,14,2,7,3,27,12,9,13,19,27,29,25,24,10,10,11,9,9,11,12,7,15,4,9,4,,6,3,3,5,,10,4,1,,,5,10,,2,1,12,9,6,14,,2,2,,4,2,1,9,6,1,6,5,48,7,5,2,7,4,7,15,19,23,27,18,17,11,,8,16,,24,3,1,2,2,9,14,11,3,15,2,2,2,2,3,3,18,18,20,15,15,6,3,4,18,18,18,6,1,5,1,7,,,10,7,30,25,26,25,25,28,18,13,14,20,21,26,18,15,21,9,,28,27,29,22,22,9,24,20,17,21,16,18,13,14,5,11,7,26,24,21,17,17,21,23,51,31,35,26,26,31,50,41,25,38,31,26,17,20,19,16,16,27,31,27,28,25,22,,22,43,36,13,38,81,63,70,41,110,,15,2,,23,30,31,22,30,22,19,23,,,38,63,47,44,44,,22,33,51,47,,,,,41,40,15,27,2,7,29,,37,22,28,40,43,86,94,91,21,,28,16,4,2,,49,54,36,33,3,,60,45,6,2,11,11,68,58,23,40,34,39,5,32,23,,54,,41,49,3,10,5,7,49,42,42,48,22,3,2,12,,,51,35,2,16,82,67,65,49,85,74,20,15,29,65,47,40,19,48,,7,3,27,,67,39,30,49,29,72,23,25,28,77,62,76,39,85,53,10,13,6,1,80,36,35,55,24,38,31,61,88,,36,51,51,11,7,9,43,65,113,26,24,11,11,62,19,2,2,4,4,2,12,6,16,26,40,36,9,2,9,31,15,8,14,3,2,25,4,3,62,43,8,6,19,6,31,2,20,1,25,,,47,38,40,63,21,,,47,15,,11,21,4,12,25,5,9,14,31,10,30,10,,1,3,11,13,13,17,19,64,79,51,4,50,3,6,12,34,,3,32,22,27,,37,1,,5,11,12,12,9,4,3,61,8,35,3,,9,13,14,7
20171215,6,O3_24h,24,49,24,29,16,25,16,20,14,29,24,16,,,32,,35,32,29,,38,32,52,,40,35,,25,19,13,,15,9,35,32,36,31,31,33,37,62,43,38,,46,40,61,47,38,42,26,30,39,39,28,57,,47,59,68,23,23,29,18,24,23,20,,18,41,52,52,26,42,41,23,22,24,29,13,,15,16,32,8,15,9,11,67,62,64,54,56,67,60,50,42,31,29,,27,12,13,13,10,,78,46,46,58,63,64,60,72,66,43,76,42,35,21,49,41,87,73,63,61,58,87,70,105,,43,46,39,44,42,90,56,74,61,59,61,62,69,49,66,75,72,72,55,59,57,40,48,47,60,56,60,45,35,24,30,41,28,43,56,69,64,55,59,68,37,,,,29,32,,35,30,37,,36,45,57,,32,31,39,42,37,43,39,41,39,,,,35,52,,57,55,61,51,51,,50,47,58,50,56,46,56,57,,123,,20,24,13,22,22,62,10,17,8,9,11,13,38,38,54,32,52,45,,12,40,20,32,36,17,38,39,34,,,50,,36,37,,44,54,41,82,88,71,,40,42,31,51,50,29,31,43,28,34,40,54,35,52,63,22,42,42,85,,69,,74,57,55,79,,24,,35,38,23,29,40,,37,21,6,2,48,7,11,9,10,54,32,24,46,46,27,50,20,57,20,21,21,19,18,24,20,15,25,25,22,18,19,20,36,14,18,28,37,10,17,10,21,11,13,14,19,12,12,17,28,,26,38,32,34,25,37,35,37,,92,91,71,86,130,111,87,83,63,105,147,112,146,92,29,32,24,38,37,24,28,26,47,62,67,68,41,42,38,44,48,45,39,52,44,55,49,53,66,85,22,33,,36,20,20,13,33,38,36,24,22,72,97,64,62,63,47,,39,45,33,34,50,25,,,,51,29,47,28,34,,39,52,41,36,,,42,72,33,30,30,34,29,21,27,31,28,92,97,97,89,92,85,78,112,109,114,100,108,116,14,14,11,8,7,9,12,12,28,12,19,7,15,66,56,80,68,55,94,,58,104,70,,,,80,48,32,35,53,39,42,,56,17,10,16,16,16,9,11,11,6,8,59,9,18,18,61,69,56,63,56,52,67,62,56,64,64,41,28,18,21,56,54,52,52,45,79,42,54,22,,31,82,79,73,87,,25,,26,29,30,19,29,,29,31,,9,20,20,15,20,23,32,31,23,26,66,136,48,,67,59,57,41,59,47,,53,,48,,44,44,41,131,33,45,28,43,49,59,51,68,58,31,47,39,,31,28,30,40,21,91,113,110,87,97,98,97,97,93,101,99,92,86,73,81,76,65,62,48,92,92,86,40,44,39,63,66,65,37,41,,81,96,,105,115,112,,27,31,28,67,,,28,26,22,76,,41,59,58,52,58,58,,56,50,,34,,33,40,26,27,29,32,46,24,52,5,8,18,,29,31,21,35,63,22,31,27,38,56,39,58,31,32,27,21,33,12,32,26,30,35,26,22,71,66,55,69,72,,88,50,40,51,40,50,61,46,57,60,77,52,42,42,41,30,40,41,39,39,59,58,64,58,118,30,42,41,43,70,43,38,95,18,22,,36,16,10,6,37,32,44,,17,,13,13,18,10,14,14,12,15,19,17,22,24,15,,18,46,18,16,31,20,14,28,23,16,16,25,58,28,23,,23,,,25,33,48,39,36,38,31,30,34,22,35,33,29,29,18,41,15,11,18,58,63,44,36,34,40,27,28,15,26,30,107,86,89,94,91,19,12,23,12,53,,,50,45,41,39,45,66,51,47,58,71,61,61,47,50,,38,79,93,17,15,17,19,9,12,30,24,44,46,29,31,59,18,18,14,17,17,16,18,13,9,13,17,93,93,97,77,,70,85,89,75,57,45,37,60,59,72,84,221,83,39,20,27,50,50,36,43,44,60,65,52,57,53,59,53,41,1,66,50,57,74,55,62,58,,34,44,54,38,54,,47,61,,,66,66,66,62,43,40,94,48,45,55,40,43,35,65,75,39,36,,72,42,43,,,42,44,11,12,9,17,9,23,28,23,16,,83,93,41,40,49,46,47,37,19,20,16,,23,17,,21,20,34,25,,36,25,14,19,17,42,,48,90,91,93,45,46,58,36,,81,53,80,79,,,55,65,50,64,105,100,99,69,40,49,43,54,31,20,21,16,29,42,33,26,15,28,14,12,55,56,53,44,57,15,25,40,37,60,60,31,48,97,80,79,66,64,63,76,84,69,72,77,67,62,58,152,53,62,66,73,87,76,61,79,52,60,46,63,58,63,44,59,47,53,71,73,64,59,62,73,,46,39,42,52,48,31,49,45,50,63,53,48,55,51,75,67,28,78,89,51,51,65,66,99,55,,,56,61,56,42,38,46,55,51,45,,60,62,68,54,61,70,75,84,85,75,52,56,56,53,88,54,61,56,47,52,51,45,32,28,40,33,32,33,35,33,27,6,7,7,23,20,22,24,17,18,29,35,33,29,24,34,63,25,30,20,27,21,14,19,39,40,42,39,30,25,21,21,21,25,34,28,31,39,39,38,40,,13,12,10,17,,23,17,11,,9,12,20,7,9,19,29,25,24,31,53,46,45,,8,8,5,14,14,20,24,17,48,33,23,25,14,12,13,15,19,24,28,27,30,30,,29,32,,25,14,16,16,21,21,21,21,43,42,13,10,6,8,9,11,23,21,20,16,18,13,9,10,26,19,29,15,6,14,4,18,,,17,18,40,36,35,32,41,34,23,17,21,20,23,27,31,40,44,19,24,41,44,49,38,41,29,44,33,30,30,32,30,25,36,20,25,22,36,34,35,28,26,53,48,56,39,37,32,61,42,52,63,29,38,32,31,41,26,28,22,54,27,36,27,55,37,39,,32,48,65,55,66,81,114,97,158,136,,30,21,,40,44,37,29,41,74,90,73,,,81,132,74,82,82,,41,33,58,53,,,,,43,40,41,46,5,21,36,,42,90,84,43,49,108,103,96,79,91,93,71,74,69,,65,64,62,51,89,,84,106,73,78,49,76,120,116,70,88,121,116,95,111,75,,80,,73,72,52,62,43,46,66,50,50,57,39,35,44,18,,,80,35,17,29,98,98,82,77,95,79,86,82,87,79,60,61,43,57,,46,35,82,,102,76,94,132,95,86,81,66,74,98,96,93,96,95,65,41,58,69,73,88,42,45,55,37,83,58,72,103,,70,99,82,24,20,88,88,65,116,43,39,57,78,75,59,28,31,35,25,10,23,30,40,69,48,53,56,39,51,66,62,45,51,8,34,39,75,73,77,58,100,31,39,48,46,22,75,20,84,28,23,47,50,58,66,21,29,21,47,39,51,51,55,30,38,48,29,45,29,31,37,42,43,,23,20,26,43,102,48,27,64,79,55,45,66,21,27,38,49,34,13,49,47,27,23,43,17,,43,43,40,42,37,79,90,61,44,38,13,38,17,81,19,42
20171215,6,O3_8h,1,24,13,3,2,2,4,4,,13,4,,,,5,,10,7,4,,6,2,2,,,4,,5,3,6,,1,1,21,8,8,11,12,8,11,10,8,10,,9,1,5,2,,14,2,12,15,14,6,54,,41,56,65,3,4,3,8,6,2,4,,3,7,5,10,4,7,7,5,3,6,2,6,,4,5,15,2,9,5,2,62,57,57,50,51,59,57,43,11,,6,,10,7,4,4,6,,8,37,37,45,40,42,54,35,21,29,52,18,14,6,10,9,21,20,16,23,25,36,24,74,,6,6,8,7,8,84,20,40,47,50,45,55,49,24,54,65,55,64,11,26,16,24,27,16,25,29,19,23,20,16,21,23,18,33,37,30,39,34,36,26,,,,,3,5,,6,4,11,,24,21,35,,20,18,19,28,17,24,21,19,8,,,,17,18,,41,22,17,44,44,,43,7,25,12,23,7,26,24,,10,,3,7,,3,9,16,1,1,2,2,2,2,3,3,2,4,3,2,,6,1,2,11,12,6,14,,1,,,11,,3,5,,34,28,24,79,82,63,,1,2,12,19,11,7,6,17,12,18,25,33,24,26,46,16,21,28,51,,32,,25,32,46,62,,13,,24,16,16,12,28,,18,10,4,1,5,6,8,6,4,13,2,5,4,8,12,18,6,7,2,7,4,2,6,6,7,2,4,21,15,10,16,13,23,8,13,10,11,2,10,3,12,5,5,8,12,4,5,3,3,,5,3,4,14,4,6,3,17,,46,70,58,54,11,29,67,45,51,13,28,33,32,21,2,3,,,1,1,6,2,1,4,4,2,2,2,2,,6,5,8,8,,8,13,12,5,4,5,10,,8,10,6,7,19,28,12,10,9,65,81,54,58,57,27,,19,32,20,22,24,20,,,,36,23,37,17,20,,20,16,11,11,,,17,32,21,24,17,24,21,14,21,10,20,13,28,45,5,16,8,5,25,11,21,30,44,29,8,7,6,6,2,7,5,8,8,5,8,5,5,41,38,65,13,31,63,,29,59,42,,,,51,29,4,6,12,10,10,,25,8,7,9,8,6,3,5,4,2,4,31,4,9,10,55,57,52,59,53,48,54,32,35,40,43,33,23,14,20,40,34,25,24,16,16,13,16,10,,10,58,60,59,69,,5,,5,4,8,3,,,,8,,4,5,2,1,1,3,15,25,,11,8,10,6,,27,22,37,21,27,6,,14,,10,,8,15,14,24,10,18,1,6,23,22,40,43,42,3,10,9,,27,19,26,25,19,52,65,56,38,52,43,47,42,42,44,42,38,28,23,18,9,4,5,3,64,65,60,12,10,10,4,8,9,12,6,,10,12,,28,27,24,,5,5,3,12,,,8,6,5,68,,38,51,53,48,28,33,,30,20,,6,,3,2,10,10,6,10,28,10,8,1,2,4,,18,20,13,14,26,14,22,5,24,14,16,14,16,4,18,16,13,2,6,9,4,14,9,9,24,37,12,20,42,,71,12,18,23,10,6,15,20,16,14,26,23,11,8,24,19,12,15,13,18,25,25,29,26,52,10,14,13,17,14,4,12,74,3,6,,6,6,2,,1,5,7,,,,,,,3,4,3,5,1,2,5,6,3,2,,,33,7,7,9,10,4,6,9,8,7,21,14,20,6,,11,,,11,25,36,32,31,21,17,9,18,8,22,20,15,19,9,35,10,7,12,54,53,11,13,8,6,22,22,12,20,22,22,7,15,7,6,12,11,15,8,32,,,45,14,10,13,14,50,26,40,51,60,48,39,21,17,,22,34,33,4,5,3,5,3,3,11,4,19,5,6,3,20,12,5,7,7,8,9,7,2,2,4,1,70,67,71,49,,25,80,68,69,26,22,27,49,12,52,54,202,11,3,10,16,3,4,4,27,6,4,10,4,17,10,23,14,7,1,36,25,38,48,34,6,20,,20,14,32,32,43,,28,36,,,57,52,30,13,14,11,74,24,17,28,10,22,8,51,56,29,20,,46,3,5,,,20,20,4,2,4,6,3,6,6,8,5,,25,38,26,19,24,20,24,31,14,15,9,,15,5,,5,6,10,5,,10,5,3,9,8,15,,20,60,51,64,39,36,51,31,,58,38,69,71,,,53,62,27,43,84,87,88,23,24,32,26,23,18,9,8,8,10,12,6,4,6,12,4,4,11,13,9,3,22,5,7,6,11,23,28,17,26,38,14,24,46,19,26,53,58,45,6,37,39,53,53,62,31,36,28,30,20,27,14,58,16,,29,58,57,55,20,20,15,44,26,58,47,6,31,36,,14,21,21,22,16,6,9,8,31,4,26,23,16,2,38,27,20,36,23,22,29,40,33,63,7,,,11,16,17,31,22,32,28,24,12,,25,34,56,25,40,66,65,26,62,65,31,34,34,26,82,28,29,16,24,27,24,17,9,9,15,23,24,30,32,28,4,1,2,2,14,7,8,7,8,6,4,9,9,10,8,14,16,6,9,6,16,11,9,10,20,22,19,16,19,14,14,14,12,15,12,12,10,14,5,9,4,,7,3,3,6,,10,4,2,,,4,11,,2,2,12,10,5,14,2,6,6,,2,2,,8,6,3,4,6,42,7,6,2,5,4,4,8,18,22,26,14,14,10,,9,15,,24,3,1,2,3,7,14,10,2,10,1,2,2,2,2,3,16,14,14,12,11,7,3,5,18,18,18,6,1,5,,8,,,10,7,30,26,26,24,25,24,17,13,15,19,20,23,16,16,22,8,2,31,29,33,25,24,8,23,17,13,18,13,20,13,17,12,11,6,24,27,20,14,13,22,22,37,30,34,27,35,34,43,40,21,28,26,24,22,22,23,18,26,20,25,22,34,31,27,,26,40,37,16,44,68,69,73,49,86,,14,4,,26,32,32,24,31,24,22,21,,,43,50,16,14,18,,23,27,47,39,,,,,34,29,21,28,3,14,22,,35,24,30,35,44,89,98,94,17,9,30,19,9,3,,49,52,38,36,4,,63,58,8,3,13,10,62,66,10,23,40,50,5,21,20,,64,,58,55,6,8,6,7,32,33,37,46,24,8,6,8,,,65,31,2,16,76,66,63,60,83,73,44,16,59,71,49,34,18,46,,5,5,45,,79,45,43,64,52,76,50,34,38,77,65,76,36,77,47,5,5,12,11,78,36,34,51,18,23,15,52,60,,14,33,39,10,7,11,39,65,106,21,17,18,11,57,27,3,2,4,4,2,12,8,10,15,25,28,8,3,14,35,22,10,16,3,14,24,4,3,52,39,8,6,26,6,30,2,21,1,29,2,,43,24,38,28,21,,,37,4,2,12,14,5,14,8,5,13,11,29,28,25,10,,2,3,10,10,21,26,23,61,70,52,4,47,3,4,16,28,,3,42,21,13,,39,1,,2,5,5,6,4,8,27,56,8,36,2,5,6,8,10,7
20171215,6,O3_8h_24h,1,24,14,5,3,4,4,5,,13,5,,,,5,,17,10,4,,7,2,4,,,4,,6,4,7,,2,2,21,8,8,11,12,8,11,10,8,10,,9,1,5,2,,14,2,12,15,14,6,54,,41,57,65,3,5,3,8,6,3,4,,4,7,7,10,5,8,7,5,3,7,3,6,,4,5,15,2,10,5,2,62,57,57,50,51,59,58,45,11,,7,,11,7,5,5,6,,8,43,45,56,52,61,59,60,21,29,59,24,20,6,16,14,25,26,16,24,25,38,30,81,,7,7,8,9,9,90,20,46,47,50,45,55,49,24,54,65,56,64,25,31,25,30,34,24,25,38,23,23,20,16,21,23,18,33,37,30,39,34,36,26,,,,,4,6,,10,6,14,,24,21,35,,27,18,19,36,17,24,27,19,16,,,,20,18,,41,22,20,44,44,,43,12,30,13,23,8,26,24,,10,,3,8,,3,9,16,2,1,2,2,2,4,3,5,2,4,3,2,,9,1,2,12,22,7,20,3,3,,,11,,5,10,,34,30,24,80,82,63,,1,2,20,25,16,8,6,20,15,19,26,35,25,27,48,17,21,30,51,,53,,39,32,47,66,,14,,29,19,20,13,32,,21,13,4,1,5,7,8,6,4,14,2,5,5,9,12,18,6,7,2,7,4,2,6,6,7,2,5,22,16,11,16,14,24,9,13,10,14,2,10,3,12,5,6,8,12,4,5,4,3,,5,5,4,16,5,7,4,18,,80,75,62,61,12,50,67,45,61,13,29,34,35,25,2,3,,1,1,1,6,2,1,4,5,2,2,2,2,1,6,6,9,16,1,12,13,21,7,4,9,10,,15,10,6,7,19,30,12,10,9,65,82,54,58,59,45,,39,34,30,22,30,21,,,,39,24,42,28,26,,32,17,16,12,,,19,37,24,26,20,28,22,14,23,10,22,15,35,45,5,16,9,6,25,12,21,30,44,62,8,8,6,6,2,8,5,8,8,5,8,5,5,41,38,76,15,38,78,,43,81,68,,,,51,29,5,6,12,11,10,,48,8,7,10,8,7,4,5,4,2,4,46,4,9,11,55,57,52,59,53,48,57,34,46,49,46,35,23,18,20,40,34,25,28,16,16,13,16,10,,10,61,61,59,69,,5,,6,5,8,3,,,,15,,5,5,3,1,2,4,15,28,,11,11,11,6,,33,23,38,21,27,6,,17,,14,,10,22,18,31,23,26,1,6,28,24,46,43,42,3,10,9,,31,27,29,25,19,52,65,56,43,55,51,47,42,42,44,42,38,35,33,41,35,6,6,3,71,78,71,14,12,14,7,12,13,14,6,,18,19,,39,48,35,,6,8,3,20,,,8,10,6,68,,38,51,53,48,30,35,,31,21,,6,,3,3,11,11,6,10,34,10,10,3,3,5,,29,28,13,35,63,20,28,5,25,15,18,17,18,5,20,18,15,3,6,10,4,15,9,9,24,52,12,20,44,,75,12,18,23,10,6,16,21,16,16,36,28,11,8,24,19,12,15,13,18,26,26,30,26,52,13,16,18,20,18,6,16,88,5,6,,7,6,3,,2,5,7,,,,,,,3,4,3,5,1,3,5,14,3,2,,,34,7,7,10,11,4,6,10,8,8,21,14,22,6,,11,,,11,32,48,34,34,26,17,9,18,9,25,22,17,20,12,38,12,10,14,54,54,16,18,10,11,22,23,13,20,22,22,8,15,7,11,12,11,15,8,35,,,48,25,16,22,24,50,26,40,51,60,48,47,25,20,,24,38,40,5,5,3,5,4,3,11,5,19,8,6,5,20,12,6,8,8,9,10,8,2,2,4,1,72,67,74,50,,32,80,70,70,26,22,28,53,13,52,54,202,11,4,18,27,6,4,5,27,6,4,10,5,17,10,26,14,8,1,37,26,44,53,36,6,25,,20,14,32,32,43,,28,36,,,60,52,36,20,14,11,81,25,28,31,12,24,9,51,56,31,29,,54,3,8,,,26,22,4,2,5,6,3,6,7,8,5,,26,38,26,19,24,20,24,31,14,17,10,,15,5,,6,6,13,10,,10,6,6,10,8,15,,20,61,60,68,39,36,51,35,,61,38,71,71,,,54,63,27,43,89,92,92,23,24,32,26,23,25,9,13,8,14,15,8,5,6,12,4,4,11,16,9,3,24,7,9,6,12,25,32,17,26,41,18,26,46,19,28,53,58,54,8,37,39,58,54,63,31,36,31,44,20,33,17,65,16,1,33,60,57,55,21,20,15,44,31,60,50,6,32,42,,18,23,22,25,18,6,15,10,32,7,53,26,18,2,38,27,22,36,24,25,33,42,34,70,13,,,18,22,24,35,25,32,31,27,16,,26,40,58,28,42,66,65,36,62,65,32,35,34,27,82,36,37,22,25,27,27,17,10,11,26,24,24,31,33,30,5,1,2,2,14,7,8,7,8,6,4,13,13,13,13,16,18,9,11,7,16,11,9,10,20,22,19,16,19,16,15,15,14,18,13,12,10,14,6,10,4,,8,3,4,6,,10,4,2,,,4,13,,2,4,13,11,6,14,8,11,13,,2,2,,8,6,4,4,7,42,7,7,3,5,4,4,8,18,23,27,14,14,10,,10,15,,24,3,1,2,3,7,15,12,4,10,1,2,2,2,2,3,16,14,14,12,11,10,4,6,19,18,19,6,1,6,1,10,,,10,7,31,27,26,24,25,25,18,14,15,19,20,23,16,19,22,8,4,36,34,39,28,26,10,23,17,13,18,13,22,13,22,14,11,6,24,29,20,14,13,24,22,37,33,37,29,39,34,43,40,23,28,28,26,26,23,24,19,34,20,32,22,44,36,32,,30,41,37,17,54,68,84,74,50,95,,14,5,,31,39,36,28,35,24,22,21,,,49,53,16,14,18,,25,27,47,39,,,,,34,29,22,28,4,16,22,,35,28,30,35,44,92,100,95,17,9,32,22,32,3,,49,52,40,38,6,,65,68,11,4,14,10,62,73,10,23,52,69,6,21,20,,69,,69,63,12,9,6,9,32,33,37,46,28,19,20,8,,,71,31,3,16,76,66,69,72,83,73,49,21,68,75,52,34,20,46,,5,6,52,,92,49,77,96,65,82,58,46,48,78,77,80,36,78,50,5,5,16,15,78,37,40,55,18,23,15,52,60,,14,39,39,10,9,12,39,65,110,21,17,29,11,58,29,3,2,4,7,2,12,14,10,15,25,28,8,10,16,37,23,11,20,3,18,24,6,3,52,39,9,6,33,6,30,2,23,1,39,7,,43,24,38,28,21,,,37,4,10,15,14,6,16,8,6,30,11,30,35,25,11,,9,4,10,13,27,33,24,61,70,53,4,47,3,4,18,33,,3,45,21,13,,40,2,,2,5,5,6,4,14,61,56,8,38,2,15,6,8,10,7
20171215,6,CO,1.9,0.4,1.6,1.9,1.7,1.9,2.4,1.9,1.9,0.5,1.6,2,,,2.4,,1.4,2.1,1.7,,2.8,1.4,1.6,,1.7,1.7,,2.4,2,3.1,,1.9,1.5,1.3,1.9,2.4,1.8,2,2,2,3.4,2.6,2.9,,2.9,2.2,2.5,2.1,2.4,2.5,3.8,3.6,2.7,3.5,2.5,0.3,,0.2,0.5,0.9,2.1,2.4,2.6,3,2.2,1.6,1.8,,1.3,1.5,1.2,1.2,2.1,2.3,2.1,2.7,2.6,2.6,3.1,2.8,,3.3,3.7,2.8,3.1,3.2,2.9,3.4,1.1,0.6,0.5,0.6,0.5,0.5,0.3,1.1,2.3,2.1,1.7,,2,1.5,1.9,1.8,1.5,,2.8,1.3,1.5,1.4,1.5,1.4,1.2,1.2,1.7,1.5,,1.2,1.3,1.4,0.9,1.2,1.3,1.3,1.2,1.2,1.1,1.1,1.3,1.4,,0.3,1.3,0.7,1,1.3,0.9,1.3,2,0.3,0.7,0.7,0.4,0.7,0.9,0.7,0.5,0.5,0.3,0.4,0.6,0.2,0.8,0.5,0.8,0.5,0.1,0.5,0.8,0.8,0.9,0.5,0.6,0.6,0.2,0.7,0.8,0.5,0.8,0.8,0.6,1.4,,,,1.2,1.1,,1.2,0.9,1.1,,0.6,0.2,0.4,,0.7,0.8,0.9,0.8,0.9,0.8,0.9,0.8,1.3,,,,0.8,0.6,,0.2,0.2,0.4,0.8,0.5,,0.6,0.6,0.8,0.5,0.4,0.6,1,0.5,,0.6,,1.7,1.6,1.2,1.1,1,0.7,0.8,1.1,1.2,1,1,0.7,0.6,0.6,1.1,0.9,0.8,0.8,,0.7,0.9,0.8,0.4,0.4,0.5,0.7,0.8,1.2,,,0.7,,0.7,0.7,,0.6,0.7,0.7,0.6,0.6,0.6,,0.7,0.7,0.6,0.6,0.8,0.8,0.7,0.9,0.6,0.5,1,0.5,0.7,0.6,0.6,0.6,0.4,0.3,0.6,,,,0.6,0.3,0.3,0.4,,0.8,,0.8,1,0.8,1,0.9,,1.4,1.6,1.8,2,1.8,1.9,1.6,1.9,1.6,2.1,1.3,0.9,1.1,1.2,0.8,0.9,0.9,1.6,1.2,1.2,1.5,1.5,1.8,1.2,1.6,1,1.8,0.7,0.8,1.1,0.8,0.7,1.1,0.8,0.8,1.1,1.2,1,1,1,0.9,1.1,1,0.9,1.1,1.2,0.7,1.3,1.1,,0.7,1,1,0.8,1,0.9,0.8,0.9,,0.8,0.8,0.6,0.6,0.7,0.9,0.6,0.6,0.5,0.8,1,1.1,1,1.2,0.8,1.3,0.9,1.2,1,1.2,1.2,1,1.3,1.2,1,1.3,1.2,1.2,1,1.1,1.1,1.1,1.1,1.3,1.1,1.3,1.1,1.2,1.2,1.1,1.1,1.3,,0.8,0.8,1.3,1.2,1.4,1.2,0.9,1.1,1.4,0.5,0.4,0.3,0.4,0.5,0.8,,1,0.7,0.8,0.9,0.8,0.6,,,,0.8,0.8,0.7,0.9,0.8,,0.7,0.7,0.8,0.8,,,0.8,0.7,0.9,0.8,1,0.9,0.6,0.8,0.8,0.7,1,1.4,1,0.6,1.3,1,1.4,1.1,0.7,0.8,0.9,0.4,0.5,1.1,2,2.6,2.2,1.4,1.7,1.7,1.9,2.1,2.3,1.8,2,2.3,2,0.7,0.9,1.2,0.7,2.3,1.4,,1.2,1.9,0.7,,,,0.7,0.7,1.7,1.1,1.5,1.1,1.3,,1.9,0.8,0.9,0.9,1.1,1,0.8,0.8,0.8,0.9,0.9,0.7,0.7,1,1.6,0.3,0.5,0.4,0.6,0.4,0.2,1.2,1.1,1,1.5,1.3,2.4,2.3,4.3,2.1,0.8,0.8,0.9,0.9,1.1,1,1.1,1.9,1.4,,1.3,0.5,0.6,0.4,0.6,,2.6,,1.5,1.4,1.6,1.7,2.1,,2,1.7,,1.4,1.9,1.4,2.2,3.9,3.7,1.7,3.5,3.6,4.5,1.4,1.3,1.2,,0.8,1,1.2,0.8,1.1,1.3,,1.4,,1.8,,1.6,1.1,1.3,1,2,1.1,1.7,1.1,1.1,0.9,0.5,0.6,0.5,2.2,1.6,1.5,,0.9,1.1,1,1.1,1.3,0.7,0.6,0.6,0.8,0.7,0.8,0.9,0.8,0.9,0.8,0.7,1,1,1.9,1.6,0.9,0.9,1.1,1,0.8,0.8,0.6,1.1,0.9,1,0.9,0.9,1.1,1.1,1.1,,0.7,0.7,,1,1,1,,0.8,0.9,0.8,1.5,,,2.7,1.9,2.5,0.9,,0.4,1.3,0.7,0.6,1.9,1.9,,1.9,2,,4.6,,3,3.3,4.1,2.2,1.5,1.8,3.3,2.4,2.1,2.2,1.3,1.2,,4.7,4.6,4.2,5.3,5,4.2,4.2,1.7,1.6,1.6,1.5,1.5,2,3.7,3.2,3.6,2.7,2.8,3.6,1.2,1.7,1.8,0.9,1.3,1.3,1.2,1.9,1.3,1.2,,1,1.5,1,1.2,1.1,1.1,1.1,0.8,1.1,1.4,1.2,1.3,1.1,1.9,0.8,1,0.6,0.7,0.6,0.8,0.5,0.5,0.8,,0.6,0.6,1,0.7,1.1,1,0.5,0.4,0.3,1.9,1.6,,1.9,2.4,1.7,1.5,2.8,2.4,2.3,,2.4,,1.7,1.5,1.5,2.3,2.3,1.6,2,1.5,1.6,1.7,1.6,1.6,1.7,,1.3,1.4,1.1,1.4,1.8,1.1,1.1,1.4,1.2,1.3,1,0.9,1.1,1.2,1,,1,,,1.4,1.6,1.5,1.2,0.9,0.8,0.9,0.9,0.9,0.9,0.8,1.3,1.1,0.9,1.2,1.6,1.3,1.6,1.2,0.4,0.5,0.8,0.9,1.1,1.2,,0.7,0.9,0.8,1,0.9,5.7,1.7,2.1,2.5,0.7,0.6,0.5,0.4,0.9,,,0.7,0.9,0.7,1,0.8,0.7,0.8,0.7,0.6,0.7,0.7,1,0.6,0.9,,0.9,1.2,1,2.1,2,1.5,2,1.7,2.6,1.6,2.3,1.6,1.9,2.9,2.6,0.6,1.3,1.8,2.1,1.1,2.4,1.9,2.2,2.1,1.7,1.6,1.8,0.4,0.4,0.3,0.5,,0.7,0.2,0.3,0.4,0.7,0.7,0.6,0.7,1.3,2.2,3.1,1.4,1.6,1.9,2.3,2.2,1.5,1.4,1.1,1,1.5,1.3,1.3,1.2,1.4,1.3,1.5,1.8,2.6,1.5,1.2,1.1,1.1,1,0.7,1.2,1.2,,0.9,0.9,1,0.4,0.4,0.6,0.7,0.5,,0.2,0.2,0.8,0.6,0.6,1,1.3,0.5,0.8,1,1.1,1.1,0.8,0.9,0.3,0.4,0.4,0.5,,0.8,0.3,0.4,,,1.4,0.8,0.8,1.8,1.2,2.2,2,1.5,1.5,1.5,1.2,,0.7,0.5,2.7,2,2.1,2.1,1.4,1.5,0.9,1.3,1.2,,1,3,,2.6,3.3,2,2.2,,1.7,1.6,3.5,3.2,3.3,1.6,,2.3,0.6,1,1.2,0.7,1.1,0.5,0.7,,0.6,0.5,0.4,0.2,,,0.5,0.2,1.5,0.4,0.5,0.4,0.3,0.5,0.4,0.5,0.4,0.6,4.5,3.9,4.3,3.1,1.2,1.1,1.2,0.8,4.1,2.8,3.5,2.2,1.1,1.5,1.6,2.4,1.6,2.6,2.6,1.5,1.7,0.8,1,0.7,0.1,0.9,0.9,1,0.4,2.3,2.3,1,0.8,1,4.3,0.3,1,1,0.4,0.4,0.4,0.7,0.3,1.1,0.6,1.1,1.2,0.6,1.6,1.7,0.5,0.7,0.5,0.6,1.6,1.9,0.7,0.7,0.4,0.5,0.4,0.4,0.5,0.4,,0.5,0.3,0.4,0.5,0.6,0.8,0.9,1.1,0.7,0.7,0.8,0.8,0.6,0.8,0.4,0.6,0.6,0.5,0.6,0.6,0.5,0.4,0.3,0.5,0.7,,,0.9,1,1,0.5,0.4,0.5,0.5,1.1,0.8,,0.6,0.6,0.7,0.7,0.6,0.5,0.5,0.6,0.5,0.4,0.5,0.5,0.5,0.5,0.4,0.4,0.6,0.4,0.6,0.4,0.7,0.5,0.6,0.9,0.6,0.3,0.5,0.6,0.6,0.4,1.4,1.1,1.1,0.9,1.1,0.6,0.6,0.6,0.7,0.8,0.3,0.3,0.6,0.5,0.6,1.4,1.5,1.5,1.2,1.5,0.6,0.7,0.6,0.6,0.5,0.4,0.7,0.8,0.7,0.7,0.9,0.7,1,0.6,1.2,1.1,0.8,0.9,1.9,2,1.7,,1.8,1.6,1.8,1.9,,1.9,1.7,1.7,,1.7,1.2,1.2,1,1.4,1.8,1.6,1.6,1.7,1.8,1.9,1.4,1.2,,1.2,1,1.1,0.6,0.7,1.1,0.8,0.8,0.9,1.2,1.5,1.4,2.1,1.4,1.1,1.1,0.8,1,0.6,1,1.2,1.2,,1.3,1.4,,0.1,1.1,1.5,1.5,1.5,1.2,1.2,1.2,1.1,0.9,0.7,1.3,1.4,0.9,1.1,1.4,0.9,1,0.9,0.9,1.1,1.5,1.9,1.6,1.6,1.4,1.1,1.3,1.4,1,1.6,0.8,,,0.6,0.8,1.2,1.6,0.9,0.6,0.6,0.4,1.3,1.2,2.3,1.6,,,,1.2,0.4,1,0.6,1,0.9,1,1.1,0.7,1.2,0.8,0.6,0.9,1,1.1,1.1,1.3,1,1.1,0.8,0.9,1,0.8,1,0.9,0.8,1.2,0.9,0.7,0.9,0.8,1,0.6,0.6,0.6,0.6,0.6,0.7,0.4,0.3,0.7,0.7,0.6,0.8,0.5,0.3,0.4,,0.8,0.7,0.8,,0.7,0.6,0.6,0.7,0.7,0.7,0.7,0.6,0.8,0.6,,0.7,1,,0.8,0.7,0.8,0.5,0.6,0.3,0.5,0.4,,,0.9,0.7,0.7,0.7,0.8,,1,1.5,1.1,0.6,,,,,1.4,1.2,1.2,0.9,1.1,1.3,0.9,,1,0.8,0.8,1,0.6,1.1,0.7,0.7,0.5,0.5,0.8,1.2,0.8,0.8,,0.4,0.5,0.9,1,0.7,,0.7,0.9,0.7,1,0.7,0.9,0.8,0.7,1.2,0.6,0.8,1,1.2,1,1,,0.7,,0.5,0.3,1.1,1.4,1.4,1.2,0.9,0.9,0.7,0.8,0.8,1,0.8,1.1,,,0.6,0.9,2,2.3,0.2,0.6,0.3,0.3,0.2,0.4,1,0.6,0.7,0.8,0.6,1,1.4,0.4,,3.5,2.8,2.3,,1,1.4,1.8,0.9,0.8,0.7,0.4,0.4,0.6,0.4,0.9,0.4,0.6,0.5,0.2,2.5,2.3,3.2,3.6,0.6,4.1,0.9,0.6,1.8,1.7,1.3,1.7,0.7,,2.4,2.3,1.6,1.7,1.5,1.6,0.2,0.2,0.8,0.8,0.9,1.6,3.1,0.6,1.9,1.1,1.9,1.9,1.8,2.4,2.9,0.9,1.7,1.2,0.3,0.2,0.6,0.6,0.8,0.5,0.7,1.3,1.2,1.7,0.8,0.8,3.8,1.7,0.5,0.9,1.5,1.7,0.6,0.8,0.6,1,0.6,1.8,0.8,0.8,3.1,0.7,0.5,2.5,1.2,1,0.6,1.2,0.6,1.4,1,1.3,0.3,1.1,1.3,1,1.7,1.3,1.1,0.7,0.7,0.6,3.4,,2,2,1.5,1.1,1,0.7,0.9,0.9,0.2,0.2,1.8,0.5,1.5,1.9,0.8,0.5,1.8,1.7,0.7,1.5,0.2,1.9,0.4,1.9,,1.8,0.9,0.8,0.8,0.8,1,1.8,0.2,3,0.9,1.6,0.7,1.5,1.2,1.2,2.3
20171215,6,CO_24h,1.7,1.6,1.8,2,2.1,1.5,2,2,1.9,1.7,1.9,1.9,,,1.9,,1.3,1.7,1.8,,2.1,1.3,1.4,,1.5,1.5,,1.6,1.9,2.3,,1.5,1.3,1.3,2.5,3,2.5,2.7,2.9,2.5,2,2.3,2.4,,2.3,1.5,1.9,1.5,1.8,2.3,2.2,2.3,2.6,2.7,2.2,1.1,,0.9,1.4,1.6,1.9,2.3,2,3.1,2,1.8,1.6,,1.4,1.4,1.1,1.1,1.7,1.7,1.4,2,2,1.8,2,3,,3,3.2,2.8,3.1,2.8,3,2.9,1.2,1.5,1.4,2,1.4,1.3,1.4,1.8,2.4,3.1,2.8,,2.7,3,3,2.7,2.5,,2.6,1.1,1.2,1.1,1.2,1.1,0.8,0.8,1.3,1.5,0.7,1.5,1.6,1.5,1.1,1,1.2,1.9,1.3,1.3,1.4,1.1,1.2,1.2,,0.7,1.5,1,1.5,1.4,1,1.5,1.7,0.4,0.9,0.8,0.5,0.8,0.9,0.7,0.5,0.6,0.4,0.4,0.7,0.3,0.7,0.8,0.9,0.6,0.2,0.5,0.6,0.9,0.9,0.6,0.7,0.6,0.3,0.7,0.7,0.6,0.9,0.8,0.7,0.9,,,,1,1,,1,0.7,0.8,,0.7,0.3,0.5,,0.7,1.1,1.1,0.9,1,0.8,1,1.1,1.1,,,,0.9,0.7,,0.2,0.4,0.6,0.9,0.6,,0.6,0.6,0.9,0.6,0.5,0.7,1,0.6,,0.7,,1.7,1.4,1.3,1.1,0.9,0.8,0.7,1.1,1.1,1,0.9,0.7,0.7,0.6,0.9,0.8,0.8,0.8,,0.8,0.9,0.8,0.6,0.5,0.6,0.7,0.6,1.1,,,0.7,,0.8,0.7,,0.8,0.8,0.8,0.7,0.6,0.6,,0.8,0.8,0.6,0.6,0.7,0.8,0.7,0.8,0.8,0.7,1.1,0.7,0.8,0.7,0.7,0.8,0.6,0.8,0.6,,0.7,,0.5,0.5,0.3,0.4,,0.6,,0.7,0.8,0.8,0.8,0.8,,1.2,1.7,1.9,2.1,1.9,1.9,1.8,1.9,1.7,1.2,0.9,1.3,0.8,0.8,0.7,0.8,1,1,1.3,1.4,1.6,1.6,1.7,1.3,1.7,1.2,1.7,0.6,0.8,0.9,0.7,0.5,0.8,0.7,0.9,0.9,0.9,0.8,0.9,0.9,0.8,1,1,0.9,1,1,0.7,1.4,1.3,,0.8,1,1.1,0.8,1.1,1.1,1,1,,0.7,0.7,0.7,0.7,0.6,0.7,0.6,0.7,0.6,0.7,0.8,0.9,0.9,1,0.9,1.3,1,1.2,1.1,1,1.1,1,1.3,1.2,1,1.2,1.1,1.2,1,1,1.1,1.1,1.3,1.2,1.2,1.3,1,1.2,1.2,1,1.1,1.3,,0.7,1,1.3,1.3,1.4,1.5,0.8,1.1,1.5,0.5,0.4,0.4,0.4,0.6,0.7,,1,0.8,1,1,0.8,0.8,,,,0.8,0.9,0.7,0.9,0.8,,0.8,0.7,0.8,0.7,,,0.8,0.6,0.8,0.7,0.9,0.8,0.6,0.8,0.8,0.7,1,1.2,1.1,0.8,1.3,0.8,1.2,1,1.1,1.8,1.2,0.6,1,0.5,1.8,2.3,2,1.5,1.7,1.8,1.6,2,1.9,1.8,1.7,2.2,1.8,1.5,1.3,2.1,0.9,1.3,2.1,,1.7,2,0.7,,,,1.4,1.5,1.1,1.3,1.7,1.1,1.1,,1.5,0.7,0.8,0.8,0.9,0.9,0.7,0.7,0.7,0.9,0.8,0.7,0.5,0.8,1.4,1.1,1.2,1.1,1.5,1.2,0.8,1.1,1.1,1,1.2,0.9,2,2.8,3.3,2.2,1,0.8,1,1,2.6,2.7,1.9,2.4,2.4,,2.2,0.5,0.6,0.4,0.6,,1.9,,1.4,1.2,1.3,1.5,1.9,,1.8,1.5,,1.2,2.1,1.8,2.2,2.9,2.9,2.1,2.7,2.7,3.2,1,0.8,0.9,,0.7,1,1.2,0.8,1.1,1.3,,1,,1.3,,1.1,1,1.2,1.1,1.5,1.2,1.3,1,0.9,0.7,0.5,0.6,0.6,1.6,1.3,1.3,,1.1,1,1.1,1.1,1.5,1,0.7,0.7,0.8,0.6,0.7,0.9,0.8,0.8,0.7,0.6,1,0.8,1.4,1.1,0.8,0.8,1,0.8,0.8,0.8,0.6,1.1,0.9,1.1,1,1,1.2,1.2,1.2,,0.7,0.6,,0.8,0.8,0.9,,1,1,0.7,1.1,,,2.7,1.9,2.6,2.6,,2,3.1,3.2,2.6,1.9,1.9,,2,2,,3,,2.2,2.5,2.6,1.9,1.2,1.9,3,2.1,1.8,2.2,1.5,1.7,,5.4,3.5,5.7,4.7,4.6,3.1,1.7,1.8,1.6,1.1,1.3,1,3.2,3.1,3.8,4.4,2.7,2.2,2.4,1.6,2.1,1.6,1.7,1.9,1.4,1.1,2.8,1.8,1.5,,0.8,1.2,1.3,1.5,1.4,1.5,1.2,1.1,1.5,1.7,0.8,1.4,1.3,1.5,0.9,1.4,0.7,0.8,0.7,0.8,0.5,0.5,0.9,1.3,0.8,0.6,0.6,0.5,1,0.7,0.6,0.5,0.2,1.8,1.7,,1.7,1.6,1.9,1.6,1.8,1.6,1.9,,2,,1.6,1.5,1.4,1.9,1.9,1.4,1.9,1.4,1.4,1.6,1.4,1.5,1.7,,1.3,1.3,1.1,1.5,1.5,1,1.3,1.4,1.3,1.2,0.8,0.8,0.9,1,0.8,,1,,,1.3,1.5,1.4,1.1,1.2,0.9,1,0.9,1,0.7,1.2,1.7,1.1,1.2,1.2,1.8,1.3,1.4,1.2,0.5,0.5,0.8,0.8,1,1,1,1,1.1,1.1,1.2,1.1,4.7,2.1,2.3,2,0.8,0.7,0.7,0.5,1,,,0.8,0.8,0.7,0.9,0.8,0.8,0.9,0.8,0.7,0.8,0.7,1,0.6,0.9,,0.8,1.1,1.1,1.8,1.8,1.4,1.7,1.9,2.4,1.8,2.1,1.7,2,2.7,2.4,1.5,2,1.7,2.2,1.4,1.9,1.7,2,1.4,1.5,1.3,1.4,0.6,0.7,0.5,0.6,,1.1,0.7,0.8,0.8,0.9,0.6,0.5,0.8,1.2,2.7,3,1.5,1.4,1.5,1.9,1.8,1.3,0.9,1,1.1,1.2,1,1.3,0.8,1.3,1,1.3,1.8,2.2,1.3,1,0.9,0.9,1.1,0.9,1.3,1.2,,0.9,1,1,0.5,0.4,0.5,0.7,0.3,,0.3,0.3,0.8,0.6,0.6,0.8,0.9,0.5,0.8,1,1.1,1.2,0.6,0.7,0.4,0.4,0.5,0.6,,0.9,0.5,0.6,,,1.6,1.2,0.7,1.5,1.4,1.7,1.5,1.4,1.5,1.4,1.3,,0.6,0.5,1.6,1.5,1.5,1.4,1.1,1.1,2.2,2.1,2.3,,2,3.2,,2.7,3.1,1.8,2.1,,1.5,1.6,2.3,2.7,2.5,2.2,,2.7,0.7,0.5,1.1,1,1.6,0.8,0.6,,0.8,0.6,0.5,1.1,,,1,0.5,0.7,0.4,0.7,0.6,0.3,1.5,1.3,1.1,1.3,1.6,4.3,5.6,3.7,6.2,1.8,1.3,1.4,1.5,2.4,1.9,3,2.4,1.3,1.6,1.9,2.5,1.5,3.1,3.3,1.5,1.7,0.9,1.1,1.2,0.7,0.9,1.1,1,0.7,1.3,2.2,0.9,1.2,0.9,2.5,0.2,1.1,0.7,0.6,0.7,0.6,0.7,0.3,0.9,0.8,0.7,1,0.3,1.7,0.9,0.6,0.9,0.9,1,1.6,1.3,1,0.7,0.5,0.7,0.6,0.5,0.6,0.6,,0.5,0.7,0.5,0.6,0.6,0.8,0.8,1,0.7,0.7,0.7,1,0.6,0.7,0.6,0.7,0.7,0.6,0.6,0.6,0.5,0.5,0.4,0.5,0.7,,,0.8,0.9,1,0.6,0.6,0.6,0.6,1.1,0.9,,0.7,0.7,0.6,0.7,0.7,0.6,0.6,0.5,0.5,0.4,0.5,0.6,0.6,0.5,0.4,0.4,0.6,0.4,0.5,0.4,0.6,0.6,0.6,1.1,0.6,0.3,0.5,0.5,0.6,0.4,1.1,1.4,1.2,1.1,1.2,0.6,0.4,0.5,0.6,0.7,0.2,0.5,0.7,0.6,0.7,1.5,1.6,1.6,1.3,1.7,0.7,0.6,0.8,0.7,0.9,1,1.2,1.2,1.2,0.5,0.6,0.5,0.7,0.3,1.1,0.9,0.8,1.4,2.1,1.9,1.4,,1.9,1.6,1.9,1.8,,1.8,1.9,1.9,,1.8,1.3,1.3,1.5,1.6,1.8,1.5,1.6,1.6,1.7,1.3,1.4,1.1,,1.4,1.2,1.3,0.6,0.7,0.9,0.8,0.9,1.1,1.2,1.4,1.3,2.1,1.6,1.3,1.4,1,1,0.6,1.5,1.4,1.3,,1,1.1,,0.7,1.2,1.2,1.3,1.1,1.2,1.3,1.2,1.2,0.9,0.6,1.2,1.4,0.9,1.1,1.3,1,1.1,1,0.9,1.1,1.4,1.8,1.5,1.5,1.3,1.1,1.1,1.4,1.1,1.6,0.8,,,0.7,0.9,1.1,1.5,1,0.6,0.6,0.6,1.1,2,1.8,1.7,,0.3,0.4,1.2,0.9,1.5,0.9,1.1,1,1,1.2,0.7,1.1,0.8,0.7,1,1,1,1.1,1.3,1,1.2,0.9,1,0.9,0.8,0.9,1,1,1.2,0.9,0.7,0.9,1,1,0.6,0.6,0.8,0.7,0.7,0.7,0.4,0.4,0.7,0.8,0.8,0.9,0.5,0.4,0.5,0.2,0.8,0.8,0.9,,0.7,0.8,0.8,1,1,0.9,0.7,0.7,0.8,0.6,,0.7,0.9,,0.9,0.7,1,0.6,0.7,0.6,1.1,0.5,,,0.8,1,1,1,1.2,,1.3,1.1,1.3,0.7,,,,,1.5,1.2,1.2,1,1.3,1.3,1.1,,1,0.9,0.9,1.1,0.9,1,0.9,0.9,0.4,0.6,0.7,1.4,0.9,0.9,,0.4,0.5,1,1.1,0.7,,0.7,1,0.8,0.9,0.8,1,1,1,2,2.5,0.8,1.1,1.6,1.1,1.9,,0.4,,0.3,0.3,1,1.3,1.1,1.3,1.5,1.6,1.5,1.3,0.8,1,0.8,1,,,0.8,1.4,1.7,2,0.9,1.3,0.4,0.2,0.7,0.7,0.8,0.7,1,1.2,1,0.9,1,0.8,,2.7,2.5,1.5,,1.3,1.7,1.7,0.9,0.8,0.8,0.3,0.3,0.4,0.5,1,0.5,0.8,1,0.4,3.1,3.8,2.9,3.2,0.7,1.9,1.1,0.7,1.2,1.8,2,2,2.9,,3.7,3,3,2,1.9,1.6,0.8,0.5,0.7,1,1,1,2.5,0.6,1.9,1.2,1.8,1.7,1.6,2.2,2.8,1,2.7,2.3,0.3,0.3,0.6,0.5,0.8,0.6,0.7,1.1,1,1.7,0.7,0.8,2.3,1.3,1.3,1.2,3.1,2.1,0.7,0.8,0.7,0.9,0.7,1.8,0.6,0.8,2.4,2.7,1.1,2.9,2.1,1,0.7,1.2,0.7,1.2,0.9,1.1,0.3,1,1.2,0.8,1.2,1.2,1.4,0.8,0.8,0.9,2.5,,1.7,2,1.5,1.1,0.8,0.8,0.9,1.3,1,1.3,1.3,0.5,1.4,1.5,0.7,0.6,1.5,1.8,1.3,1.6,2.3,1.5,0.6,1.6,,1.6,0.9,0.9,0.8,0.8,1.4,1.7,0.9,1.8,1,1.7,0.7,1.4,1.1,1.2,1.8
20171215,7,AQI,87,41,61,63,57,53,65,95,113,40,55,100,,,198,,188,207,189,,175,165,172,,168,214,,227,200,279,176,207,201,183,125,150,155,162,144,149,115,99,122,,112,243,231,240,226,222,258,274,304,263,253,51,,22,22,23,101,93,120,113,48,162,173,,160,182,170,163,190,251,259,225,217,226,215,350,,306,414,294,355,328,308,356,55,18,17,31,22,20,33,32,156,200,173,,153,115,170,148,159,,203,95,105,108,109,90,88,95,112,108,,87,103,129,113,108,109,148,130,119,110,172,133,95,,113,127,185,155,178,148,153,371,28,19,29,19,23,23,20,20,23,24,48,42,54,48,58,59,45,64,49,28,32,35,30,33,45,38,36,26,26,28,32,26,118,,,,179,162,,165,196,182,,57,54,54,,38,39,43,47,40,34,46,36,49,,,,53,50,,52,48,54,37,40,,40,68,53,65,49,80,46,43,,48,,137,93,128,38,56,22,47,46,43,67,60,60,54,38,90,59,88,90,,87,69,57,43,38,54,58,55,57,,,33,,45,45,,29,41,35,25,25,25,,72,119,40,36,40,28,30,67,48,45,53,48,57,57,49,52,42,53,17,,23,,25,19,15,23,,30,,16,26,53,26,30,,33,170,188,222,192,212,199,219,172,102,140,132,110,117,89,135,123,129,190,189,215,195,200,205,195,190,200,46,55,57,49,63,72,55,52,74,102,46,74,57,77,65,62,69,60,73,72,42,40,,28,39,34,26,38,30,43,29,,53,52,56,55,60,68,40,53,51,79,56,87,57,53,39,47,38,38,45,46,35,29,60,57,49,52,53,52,50,54,52,68,43,62,73,46,43,40,52,67,67,59,,54,32,36,30,20,28,22,33,52,38,30,35,34,35,49,,78,60,75,72,56,75,,,,77,73,69,69,74,,103,105,112,112,,,100,18,29,21,32,23,18,25,25,11,30,53,36,35,82,53,110,62,34,29,27,28,32,,245,240,238,233,233,251,249,222,264,221,259,224,240,68,67,83,67,73,88,,81,87,84,,,,59,54,95,115,57,79,108,,54,63,72,69,70,80,29,28,30,29,29,30,18,44,56,16,20,26,23,21,29,51,59,54,54,59,115,104,95,90,58,58,48,53,71,56,55,115,72,,72,19,18,22,21,,182,,138,147,183,165,201,,201,178,,185,185,196,190,244,297,156,222,238,258,117,163,175,,104,92,147,95,68,76,,166,,158,,198,108,129,140,207,159,200,122,129,138,56,59,54,233,208,223,,22,23,20,46,40,33,28,28,67,33,82,84,90,90,97,87,95,84,82,79,55,46,39,50,36,37,50,25,34,25,75,78,58,22,21,,79,74,,77,119,84,,57,53,31,25,,,183,199,193,42,,35,20,27,32,150,138,,140,143,,258,,259,258,238,252,244,247,233,234,,186,80,97,,185,172,179,183,155,176,201,260,212,129,165,91,204,123,139,155,119,112,137,102,100,103,92,109,108,87,113,97,89,,75,128,100,124,104,169,64,73,63,111,74,133,83,93,144,77,55,73,73,70,54,53,48,53,62,42,42,50,39,29,46,39,15,219,155,,198,193,148,179,254,283,268,,275,,119,112,124,202,222,188,186,205,190,169,190,192,204,,199,156,156,138,163,145,113,108,127,54,63,59,54,107,60,,78,,,65,,79,80,78,16,19,16,20,26,23,15,28,15,42,25,23,42,22,22,19,110,110,135,118,46,55,52,49,54,58,103,56,99,69,63,68,60,63,103,,,109,142,109,118,134,62,82,87,74,70,78,30,18,21,,20,48,38,280,246,263,252,195,234,134,182,97,152,117,113,58,67,207,192,182,229,198,183,193,212,214,226,83,22,23,38,,45,46,35,52,42,22,43,70,32,57,55,111,182,188,222,211,119,117,150,119,117,118,90,129,112,112,78,75,110,142,73,98,54,55,53,62,61,,41,45,32,22,31,30,37,36,,37,23,30,49,46,52,52,51,50,59,33,52,55,119,29,32,37,53,,56,72,55,,,114,94,29,125,89,124,115,196,212,168,204,,38,54,215,183,213,218,186,199,94,82,75,,137,231,,221,252,176,155,,178,163,279,242,256,162,,172,27,35,25,46,32,33,25,,19,30,28,25,,,16,19,38,20,44,39,28,40,36,16,32,18,166,175,190,155,183,128,153,163,225,185,232,138,175,209,117,120,120,123,108,127,99,57,48,34,28,53,64,51,46,127,207,55,45,85,110,22,70,42,49,35,45,52,25,70,64,79,73,67,113,148,38,26,23,18,69,95,52,14,67,53,57,40,,33,,83,58,49,54,65,166,140,129,58,73,64,93,65,59,19,16,19,39,32,20,20,43,36,45,104,,,102,99,108,26,39,33,46,155,158,,18,23,50,56,48,19,21,19,20,21,35,25,28,27,27,23,32,30,25,20,28,25,24,36,26,9,18,16,12,13,17,15,16,13,18,29,25,29,27,21,20,23,25,26,23,19,22,29,36,26,32,23,30,29,28,25,22,26,23,35,33,32,30,23,37,35,37,46,192,159,172,,163,205,189,195,,203,188,135,,124,140,148,158,145,179,169,120,125,173,235,142,170,,147,163,129,35,50,67,62,64,55,109,124,87,117,128,129,138,48,45,54,128,118,127,,77,79,,52,52,49,43,54,88,93,74,115,102,15,18,18,28,20,18,23,20,29,23,25,92,80,67,64,70,20,50,30,14,18,29,,,32,23,26,22,21,28,45,25,32,23,33,30,39,36,40,24,16,29,26,12,10,13,12,16,13,8,10,12,10,15,19,22,22,23,16,18,10,22,20,28,28,12,13,70,75,65,99,92,73,58,58,83,92,102,89,38,42,37,42,84,64,59,90,66,54,84,,44,89,62,73,82,82,57,56,58,55,,83,103,,59,84,92,81,89,13,24,15,,,29,25,15,34,25,,46,29,36,18,,,,,15,18,12,10,18,18,10,,12,32,26,22,13,34,28,28,21,36,44,17,38,38,,32,32,16,18,50,,32,32,60,60,34,38,27,19,17,24,18,19,34,34,75,,27,,12,16,149,139,166,144,21,24,24,22,104,93,98,144,,,46,72,97,135,39,51,27,42,45,54,67,60,69,62,57,92,99,55,,71,87,58,,92,95,117,64,83,34,53,58,53,36,51,40,52,35,41,120,148,105,83,26,46,40,49,54,94,89,66,85,,125,106,110,127,147,134,13,21,37,42,46,56,80,16,147,32,109,189,221,213,227,182,127,109,53,45,57,51,33,52,102,182,149,216,115,19,72,60,34,59,180,170,72,47,65,62,29,155,65,62,180,26,53,55,52,40,73,115,36,129,43,59,45,183,168,80,140,45,122,73,72,69,232,,214,190,185,19,69,117,88,20,24,15,228,17,207,139,32,12,185,156,139,72,40,176,19,195,,190,10,9,12,18,82,90,43,132,73,86,117,64,87,84,288
20171215,7,PM2.5,64,8,43,45,40,34,47,71,85,12,33,75,,,148,,141,157,142,,132,125,130,,127,164,,177,150,229,133,157,151,138,95,115,118,123,110,114,87,74,92,,84,193,181,190,176,172,208,224,254,213,203,26,,5,15,16,68,67,91,85,24,123,131,,122,137,129,124,143,201,209,175,167,176,165,300,,256,371,244,305,278,258,306,7,5,1,8,11,5,7,11,119,150,131,,117,87,129,113,121,,153,71,79,81,82,67,65,71,84,81,,64,77,98,85,81,82,113,99,90,83,130,101,71,,85,96,139,118,134,113,117,321,8,13,13,13,11,16,14,9,12,16,27,24,37,33,41,42,31,46,28,19,22,24,21,23,24,19,25,18,16,19,22,18,89,,,,135,123,,125,147,137,,40,29,38,,22,27,27,21,28,21,28,25,34,,,,37,35,,36,33,38,21,20,,28,49,37,47,34,59,32,30,,16,,104,69,97,25,38,15,29,32,30,48,39,25,36,25,67,42,65,67,,64,43,35,30,22,30,41,39,37,,,23,,25,29,,16,28,23,17,8,11,,52,90,28,25,28,19,21,48,33,31,37,33,40,40,34,36,29,37,7,,16,,15,13,4,16,,21,,11,13,37,18,21,,23,129,141,172,144,162,149,169,130,75,107,100,83,88,66,103,93,98,143,142,165,146,150,155,146,143,150,32,39,40,34,45,52,39,36,54,76,32,54,40,56,47,44,50,43,53,52,29,28,,19,27,22,18,26,21,30,20,,33,35,27,27,36,49,21,37,32,58,38,64,38,37,25,28,26,23,25,27,24,20,43,40,32,36,34,36,35,34,36,49,30,44,53,32,30,28,36,48,48,42,,38,22,25,21,14,19,5,23,36,12,13,16,13,11,19,,57,41,55,52,34,55,,,,56,53,50,50,54,,77,79,84,84,,,75,1,20,14,18,16,10,17,17,7,11,32,20,24,32,29,67,44,14,11,13,12,9,,195,190,188,183,183,201,199,172,214,171,209,174,190,23,40,24,23,43,65,,53,61,62,,,,24,20,71,87,35,58,81,,26,45,52,50,51,59,20,17,16,20,20,21,12,29,35,9,14,5,12,12,13,11,15,6,14,16,87,78,71,67,41,41,33,37,36,29,26,87,52,,52,10,12,7,8,,137,,105,112,138,125,151,,151,134,,139,139,147,143,194,247,119,172,188,208,88,124,132,,78,68,112,71,49,39,,126,,120,,148,81,98,107,157,121,150,92,98,105,39,42,37,183,158,173,,15,16,14,32,28,23,19,19,48,23,60,62,67,67,72,64,71,62,60,58,34,32,27,31,25,17,35,17,23,17,55,57,41,15,14,,58,54,,56,90,62,,40,37,21,13,,,138,149,145,6,,8,,8,6,115,105,,107,109,,208,,209,208,188,202,194,197,183,184,,140,59,72,,139,130,135,138,118,133,151,210,162,98,125,60,154,93,95,118,90,84,104,76,75,77,68,82,81,64,85,72,66,,55,97,75,94,78,128,46,51,45,75,54,101,61,69,110,56,39,53,53,51,38,37,33,37,44,29,29,35,27,20,32,27,5,169,118,,148,145,113,135,204,233,218,,225,,90,84,94,152,172,141,140,155,143,128,143,144,154,,149,119,119,105,124,111,85,81,96,38,45,42,38,80,43,,57,,,47,,58,59,57,11,13,11,14,18,16,9,19,10,29,17,16,29,15,7,1,83,83,103,89,32,39,36,34,38,41,75,36,63,44,45,49,43,45,77,,,82,108,82,89,102,44,60,64,53,51,57,21,9,9,,14,25,26,230,196,213,202,146,184,102,137,72,73,88,85,27,48,157,144,137,179,148,138,145,162,164,176,61,3,11,23,,6,32,13,20,23,10,30,51,22,37,39,37,137,141,172,161,90,88,115,90,88,89,67,98,84,84,57,55,83,108,53,73,38,33,32,44,37,,20,22,22,11,19,,19,25,,23,16,16,34,25,30,36,34,35,42,23,36,39,40,16,18,24,32,,15,52,39,,,86,70,4,95,66,94,87,147,162,127,154,,26,26,165,138,163,168,140,149,70,60,54,,83,181,,171,202,133,118,,134,124,229,192,206,123,,130,11,24,16,32,15,23,17,,7,21,10,7,,,5,,10,14,23,27,18,28,24,11,14,12,126,132,143,118,138,97,117,124,175,139,182,105,132,159,88,91,91,93,81,96,74,33,33,18,13,34,46,23,32,96,157,39,31,47,83,3,51,22,34,24,31,29,15,51,46,58,53,48,85,86,26,15,16,11,50,71,32,6,48,37,40,25,,23,,61,41,31,38,47,126,107,98,41,53,46,69,47,42,13,11,11,27,2,6,14,30,25,31,78,,,76,74,81,18,27,23,32,118,120,,11,16,35,36,33,10,7,10,9,4,24,17,19,18,3,16,22,21,17,14,15,17,16,25,18,6,12,11,6,4,10,10,11,9,12,20,17,20,16,10,14,16,17,18,16,13,15,20,25,18,22,16,21,20,19,17,15,18,16,24,23,22,21,16,18,20,22,32,144,121,130,,124,155,142,146,,153,141,103,,94,107,113,120,111,135,128,91,95,131,185,108,129,,112,124,98,24,35,48,44,46,39,82,94,64,88,97,98,105,33,27,28,97,89,96,,56,58,,36,36,34,30,38,65,69,54,87,76,10,12,9,19,11,12,16,14,20,15,17,61,59,47,46,51,6,15,9,6,12,20,,,22,9,18,15,13,19,20,17,22,16,23,21,27,25,28,15,3,20,18,8,,9,8,11,9,4,7,8,,10,13,15,14,16,11,12,5,15,14,19,19,8,9,50,55,44,74,68,53,41,40,61,68,76,66,26,29,16,29,62,46,42,67,43,36,62,,28,66,44,53,60,60,40,37,41,39,,61,77,,29,62,68,49,66,7,15,3,,,20,17,10,21,14,,32,20,3,12,,,,,8,12,3,2,11,7,6,,4,22,17,12,9,13,10,8,13,25,11,8,23,26,,22,22,11,11,31,,21,22,24,43,18,18,5,6,5,5,10,9,23,15,34,,12,,6,8,114,106,126,110,6,8,13,15,78,69,73,110,,,16,52,,103,27,21,9,29,9,31,36,27,37,44,34,46,48,39,,49,59,26,,68,71,88,21,30,20,32,30,32,15,14,15,26,14,20,91,113,79,61,1,32,20,26,38,70,63,44,39,,95,63,83,96,112,102,7,3,12,29,32,24,,9,112,22,82,142,171,163,177,137,96,82,37,31,35,27,22,33,76,137,114,166,87,9,34,28,22,40,136,129,52,28,47,44,20,118,47,44,136,18,14,37,29,20,53,87,20,98,27,42,31,138,127,59,107,31,92,53,52,50,182,,164,143,139,13,50,88,65,14,4,10,178,11,157,106,22,8,139,119,106,52,25,133,13,146,,143,7,5,6,12,41,63,30,100,53,,88,46,64,62,238
20171215,7,PM2.5_24h,88,62,79,72,78,73,79,86,82,68,82,83,,,78,,77,79,76,,75,72,70,,75,84,,119,140,177,97,139,133,109,74,88,78,84,86,89,52,57,60,,68,141,144,153,121,134,137,135,157,132,140,51,,40,49,60,63,73,75,80,61,84,85,,88,88,86,93,99,118,124,148,116,143,146,285,,248,324,250,298,282,254,298,74,55,44,77,60,60,75,77,99,156,137,,129,137,131,143,129,,146,42,48,41,43,31,33,32,59,50,24,68,78,94,86,78,55,92,98,90,93,91,78,52,,80,80,103,100,98,93,103,113,15,19,14,15,16,21,16,13,14,15,28,26,35,33,41,43,31,39,28,22,24,27,25,24,28,21,23,23,18,19,28,19,53,,,,122,109,,92,113,115,,40,27,36,,25,40,28,29,37,27,33,32,33,,,,31,36,,32,32,34,27,26,,31,52,39,37,41,44,31,27,,20,,84,63,81,29,39,14,34,29,32,48,37,28,43,27,28,40,31,38,,60,38,30,29,24,26,36,41,39,,,22,,30,30,,27,31,31,17,12,12,,45,61,23,25,24,23,20,26,34,38,33,32,37,40,34,38,39,42,11,,17,,15,15,12,17,,23,,16,20,39,23,17,,16,127,141,159,144,168,147,167,135,36,67,63,52,61,44,65,84,52,125,130,151,138,125,142,126,125,146,35,35,39,39,46,50,40,44,44,66,42,49,50,50,44,45,45,40,49,56,48,43,,34,42,41,26,45,34,46,35,,38,33,27,26,51,53,22,35,30,71,50,68,64,56,32,39,42,42,47,38,35,29,69,61,50,56,56,53,60,47,52,55,48,46,71,53,50,45,47,54,64,55,,53,18,23,19,14,26,14,18,29,11,13,14,11,13,37,,50,43,51,52,35,54,,,,49,49,43,47,43,,82,80,80,84,,,74,26,20,22,24,27,31,31,24,22,20,26,18,20,21,26,30,32,36,54,21,18,44,,152,152,157,151,144,166,153,156,169,143,159,161,153,45,57,34,43,52,108,,106,96,82,,,,72,78,60,70,59,64,62,,25,47,53,54,53,55,32,26,25,35,35,39,23,34,52,42,36,50,49,45,57,55,61,45,58,60,133,148,105,131,32,28,33,33,121,118,83,130,100,,88,14,15,16,14,,126,,92,102,105,115,116,,121,112,,120,137,153,133,163,224,107,125,156,158,78,96,89,,65,39,47,45,19,38,,88,,83,,84,79,92,96,124,116,127,66,66,64,27,28,27,124,110,122,,21,25,16,35,32,26,19,20,26,21,25,63,61,70,74,54,74,57,66,65,49,25,27,31,21,17,29,25,34,23,91,92,74,27,15,,33,33,,38,46,35,,72,63,44,12,,,132,126,142,99,,90,78,96,96,97,96,,101,104,,159,,161,161,161,155,157,164,132,150,,97,97,104,,167,111,195,173,198,115,76,144,100,58,89,31,139,72,125,138,82,60,90,85,103,94,91,92,82,49,106,106,74,,34,85,78,99,75,135,58,55,67,75,41,94,76,63,89,56,45,63,61,48,41,42,41,40,54,34,29,35,30,39,33,32,5,156,130,,117,117,112,126,143,143,141,,149,,95,87,84,139,126,124,150,132,122,111,120,138,150,,143,115,116,104,112,110,93,94,103,60,50,45,50,70,44,,58,,,50,,57,60,51,15,19,18,20,19,18,11,19,14,30,27,18,28,18,12,10,84,78,89,82,46,39,42,38,48,46,53,37,44,42,47,50,42,46,98,,,100,88,63,78,90,58,65,70,62,64,59,20,15,12,,22,26,31,170,158,163,146,159,186,148,144,110,109,110,109,137,158,179,171,162,178,157,151,118,143,135,144,38,26,21,26,,83,61,44,60,24,10,25,49,33,54,55,46,113,104,143,136,58,51,88,66,63,56,50,60,52,51,38,40,60,65,33,50,25,21,25,41,31,,25,25,26,14,20,,33,24,,22,20,20,41,33,37,36,36,32,35,24,36,43,41,19,20,31,33,,16,42,39,,,72,86,23,105,84,104,99,122,152,121,145,,25,19,94,77,81,78,75,91,177,163,182,,172,195,,166,191,118,108,,122,109,171,154,147,143,,141,22,29,22,49,44,47,32,,28,32,27,42,,,28,25,25,17,34,44,38,87,69,75,76,78,157,207,150,204,157,126,118,128,145,94,140,118,109,110,79,86,76,99,117,89,71,42,44,85,36,39,53,36,41,71,109,24,32,34,69,11,47,31,46,39,32,42,20,42,50,35,35,39,66,67,24,23,28,35,64,57,47,16,60,50,45,45,,39,,68,56,49,47,45,72,76,83,40,49,46,50,45,46,36,30,31,48,5,8,15,31,33,30,59,,,58,63,73,31,34,25,36,85,87,,37,44,41,41,37,13,14,13,15,9,17,13,14,35,3,12,13,16,20,18,18,21,20,23,16,10,12,9,12,15,17,33,33,29,30,25,21,27,24,19,20,24,23,24,24,20,25,27,29,23,27,23,25,28,32,30,27,30,29,25,25,22,23,15,20,22,21,28,116,106,104,,117,123,99,150,,166,143,100,,100,135,156,151,145,131,125,85,92,129,103,99,99,,132,132,128,30,38,49,44,51,43,77,77,69,127,128,135,149,30,41,45,128,116,128,,45,49,,43,39,38,34,45,58,60,50,80,76,37,38,37,45,34,30,25,31,35,32,29,64,63,56,44,50,15,24,19,18,17,35,,,38,32,31,28,25,37,36,17,20,22,23,29,31,38,43,19,17,22,25,12,3,11,12,16,11,6,9,13,6,11,14,24,12,22,23,19,8,15,13,20,22,8,7,42,67,50,71,64,57,46,46,63,67,68,73,46,54,42,53,67,72,69,70,40,53,61,,31,82,73,77,80,80,54,60,52,63,,64,79,,33,64,64,54,77,18,33,14,,,17,20,29,34,32,,37,43,23,23,,,,,15,26,17,19,11,10,18,,13,22,16,26,32,16,7,11,18,19,28,12,19,24,,22,20,17,11,41,,14,21,26,33,25,21,18,16,49,43,13,11,23,20,105,,7,,7,9,101,102,104,111,67,66,67,59,72,83,70,103,,,28,106,96,108,42,50,17,42,47,65,34,32,81,86,70,50,50,48,,48,62,44,,82,88,55,50,27,24,33,33,29,20,27,26,42,35,41,132,154,71,62,8,59,41,27,41,75,81,70,135,,177,54,119,101,111,108,16,24,33,52,43,31,26,14,92,38,64,70,79,137,194,113,135,201,40,32,32,26,22,45,53,113,87,131,87,18,26,18,25,66,174,104,40,26,62,46,38,84,31,52,66,120,59,76,105,28,48,76,28,48,28,39,32,112,111,41,65,33,118,45,49,46,143,,79,147,118,29,32,103,80,40,43,49,124,21,153,71,15,12,74,108,95,41,102,117,23,126,,109,31,45,32,32,43,85,59,62,46,104,81,51,70,68,159
20171215,7,PM10,,41,71,62,57,55,62,74,85,40,60,82,,,155,,143,,143,,135,127,140,,,,,206,204,296,175,175,187,157,138,145,153,161,159,175,113,112,151,,134,223,231,229,228,221,264,269,346,310,262,51,,22,,,151,136,135,168,48,162,189,,162,162,174,170,192,244,222,211,215,212,188,334,,328,401,296,388,311,297,377,59,16,17,31,22,15,33,32,165,200,190,,160,135,197,171,158,,,96,106,85,113,129,97,80,118,99,265,89,95,122,97,83,122,128,,125,98,,113,74,,85,111,151,148,,,,,28,19,22,15,21,20,17,20,23,24,48,42,58,39,46,46,44,,49,27,24,27,26,25,45,38,34,22,26,27,28,22,111,,,,153,,,173,153,162,,42,58,48,,38,38,43,47,34,34,46,34,45,,,,55,44,,37,37,,37,40,,,,,48,39,,44,42,,48,,,85,97,38,61,,47,45,42,72,70,69,57,38,113,67,97,101,,72,87,63,33,38,57,53,48,64,,,33,,45,45,,29,41,35,20,21,25,,,,,33,37,,,,,,,,,,,,,,8,,,,21,13,6,,,,,,26,,,,,,181,188,184,165,,170,220,171,154,210,117,134,138,127,144,124,188,,,,,,157,174,,,,,,,,,,,,,,,,,,45,,,,,34,30,,25,35,34,,29,,35,21,,55,54,61,60,69,71,40,56,52,86,62,74,63,44,39,47,30,38,45,46,30,28,,56,49,45,55,40,50,57,43,,40,48,55,32,33,,54,56,60,50,,51,24,26,28,20,,22,,,38,30,35,34,35,49,,76,69,64,64,62,70,,,,81,86,74,62,84,,89,101,107,119,,,106,18,,21,32,17,18,,20,8,30,55,36,,114,56,170,71,34,29,27,28,32,,201,200,247,217,238,209,215,259,320,183,251,209,229,85,84,116,83,95,118,,112,123,111,,,,68,58,100,94,63,62,,,58,,,,,,21,28,30,24,22,,,44,62,16,20,26,23,21,29,52,67,57,58,67,115,97,122,89,60,49,47,55,92,61,60,136,73,,59,19,17,22,10,,147,,117,140,173,,190,,171,184,,192,193,152,,221,269,143,234,244,268,155,162,206,,89,119,113,91,76,101,,144,,158,,171,102,120,144,169,143,199,121,123,114,62,60,57,248,244,227,,20,17,14,,,31,20,27,67,29,81,,,,,68,,91,75,59,59,42,28,50,36,37,39,18,34,24,,,51,18,21,,77,68,,72,93,84,,42,44,31,25,,,184,197,186,42,,35,20,27,32,141,141,,129,151,,263,,276,223,256,259,194,,237,,,231,99,101,,184,190,208,182,179,180,191,,163,148,183,131,216,113,227,174,107,101,157,122,87,123,88,104,92,70,97,97,81,,78,122,,103,82,146,73,95,65,171,69,,71,,,93,,,,,42,,35,38,44,,,,,,,,7,183,152,,165,203,162,147,,265,235,,,,108,110,121,215,213,163,186,156,174,147,149,161,156,,155,133,133,,,,111,113,106,48,58,44,58,,53,,,,,47,,69,72,77,,,12,,,20,15,,13,32,23,20,,20,22,19,115,110,115,124,36,42,46,36,,47,155,62,148,87,64,62,,58,104,,,90,128,139,120,143,49,77,91,98,70,90,22,18,21,,14,48,32,282,226,229,229,183,192,121,146,96,253,119,125,66,78,166,157,151,202,193,173,268,238,245,205,,20,23,38,,45,36,35,54,42,22,,70,32,63,49,65,,163,218,229,127,161,165,100,114,125,,143,129,108,64,67,106,135,93,105,56,59,55,61,71,,41,45,31,22,31,30,37,32,,37,23,30,40,46,54,49,52,47,,26,,47,55,29,32,37,55,,62,67,49,,,,,29,179,106,181,167,167,203,159,178,,33,58,173,,186,193,155,158,135,97,99,,224,217,,215,256,178,191,,176,180,288,204,251,,,130,27,35,25,35,32,31,21,,15,29,28,14,,,11,13,38,14,44,36,21,,36,12,32,16,177,164,170,149,147,122,152,130,180,150,223,160,181,,129,115,101,147,134,139,103,64,47,34,28,56,52,51,37,163,184,43,43,120,157,22,73,42,,31,44,53,25,62,,70,75,57,110,246,35,26,,16,76,94,53,12,48,,,40,,25,,,,49,46,68,,,117,48,68,57,86,79,43,16,14,,,32,20,18,,,,,,,93,95,95,18,33,29,37,162,139,,18,22,49,61,40,10,,13,9,4,,21,25,27,3,,23,22,,17,28,,24,,18,9,,,8,13,,,,10,,,24,25,27,21,,,,,,17,,,,18,23,21,21,20,21,22,20,19,21,25,,,27,19,37,35,37,32,148,174,182,,154,177,163,,,,,106,,95,135,121,135,133,,,124,144,140,,142,136,,151,149,139,35,,50,46,53,,87,103,76,,,,,,45,58,,,,,60,58,,,,,,,74,,59,104,95,14,,9,,,,20,19,23,23,22,134,103,83,77,65,8,50,30,11,,22,,,24,23,,,21,23,45,,28,18,,,37,36,28,24,16,,,,7,,8,,12,,7,8,5,,,17,22,20,12,,8,18,15,21,23,10,,89,70,80,95,124,,56,66,106,,88,81,31,34,37,33,65,74,59,,81,58,82,,44,81,67,61,85,64,43,62,45,,,81,109,,68,90,112,112,115,13,24,15,,,25,20,15,34,25,,,29,36,16,,,,,15,17,5,3,18,18,7,,8,,26,22,12,34,15,11,21,28,44,17,38,,,,,12,18,50,,32,30,69,69,34,38,27,19,17,24,18,19,34,34,99,,27,,8,16,121,107,,,21,24,24,21,83,76,,119,,,46,69,143,159,38,51,27,40,45,58,84,69,88,63,63,133,148,60,,92,123,65,,108,95,128,78,115,34,55,65,55,36,52,40,54,35,41,140,125,126,94,6,46,40,49,52,110,128,82,120,,111,161,114,130,132,128,7,5,19,29,,61,110,13,147,27,134,,178,200,223,184,171,100,48,33,63,51,33,54,79,147,168,232,103,11,93,69,34,67,194,158,60,47,56,55,,161,75,54,150,25,56,60,35,40,,93,36,,43,60,34,149,142,83,120,42,,69,64,81,240,,,,160,16,78,,89,16,9,,216,11,174,119,28,,146,162,163,77,40,173,,177,,168,8,5,12,15,113,130,37,135,77,121,108,48,,,262
20171215,7,PM10_24h,87,78,99,89,96,89,88,95,94,86,107,86,,,106,,84,64,100,,84,77,80,,76,85,,155,190,222,126,162,168,144,115,119,126,134,138,133,81,86,98,,119,165,184,195,157,167,175,172,205,192,181,97,,97,105,114,153,140,113,172,127,125,131,,119,114,116,116,133,134,142,168,173,180,162,353,,306,360,291,386,315,314,388,144,113,97,157,97,114,120,103,151,210,196,,173,219,213,200,182,,206,72,70,51,71,68,60,41,103,71,44,93,94,124,97,83,91,108,112,109,116,98,108,72,,94,108,134,146,117,102,105,120,37,33,26,23,29,31,27,25,27,32,46,43,51,41,48,52,54,44,51,41,36,34,31,35,56,55,37,26,34,32,35,29,64,,,,142,90,,142,137,140,,44,51,43,,45,63,53,55,43,44,52,47,48,,,,44,49,,50,40,47,38,41,,37,60,49,48,54,58,47,40,,47,,87,76,84,40,64,31,48,42,49,76,61,57,66,37,54,62,52,66,,84,75,56,35,51,55,55,52,63,,,39,,46,47,,45,49,46,24,27,31,,44,,29,33,33,26,22,36,31,63,26,,24,27,38,30,20,40,19,,33,,35,30,18,37,,24,,18,27,20,22,17,,22,183,194,190,176,,174,224,176,76,124,98,117,107,103,123,147,115,143,152,168,167,157,156,169,150,162,29,,45,43,,56,43,49,36,,,,,,,45,,,,,69,59,,51,58,52,37,51,26,45,25,,63,59,59,52,89,86,40,66,46,98,72,88,87,75,58,70,55,64,83,56,47,43,68,80,77,82,80,80,74,80,50,60,50,52,83,54,52,61,64,68,55,47,,57,23,28,33,18,37,27,21,33,30,31,35,30,34,62,,66,59,67,70,62,85,,,,63,68,58,77,76,,109,111,113,132,,,106,56,28,39,44,34,52,49,34,35,44,72,41,37,64,55,75,70,63,98,48,40,80,,180,173,217,204,194,199,183,214,251,169,187,206,198,119,118,109,111,106,158,,150,166,133,,,,119,139,90,81,68,79,70,,40,28,56,31,28,31,49,52,59,55,43,51,46,68,72,95,94,123,126,104,119,123,110,94,102,108,177,190,175,168,52,40,44,49,162,156,118,206,163,,117,25,29,35,25,,137,,119,123,138,104,156,,162,152,,158,196,181,153,203,206,141,153,211,209,147,137,154,,93,73,70,74,31,80,,120,,125,,138,106,121,122,140,134,159,101,93,88,44,50,44,174,179,172,,28,25,19,48,84,43,35,39,46,50,57,56,50,58,47,68,46,98,92,74,82,37,34,54,43,52,52,28,30,26,109,108,88,31,20,,58,58,,71,70,66,,42,49,41,36,,,180,167,179,141,,144,114,134,144,121,124,,118,146,,202,,194,193,192,216,110,115,189,165,,168,172,157,,221,183,285,243,302,163,92,159,136,86,128,68,216,106,304,196,151,107,156,130,120,125,113,105,94,55,121,104,93,,41,106,90,115,125,166,86,85,92,118,57,93,95,70,100,87,43,52,52,43,46,44,48,49,64,,32,,,,35,,7,172,152,,145,156,176,147,120,161,164,,150,,117,122,115,169,154,148,206,150,151,137,134,143,151,,147,145,144,106,,108,127,127,114,64,59,55,62,68,55,,69,,,60,,72,77,78,18,23,16,19,,18,22,15,15,32,34,27,26,20,27,24,115,103,110,114,48,46,56,38,48,65,129,75,110,91,76,74,62,64,133,,,116,120,130,116,126,79,94,110,96,89,96,30,26,23,,29,51,45,208,193,195,185,218,214,171,162,120,133,143,146,211,205,211,208,216,213,223,210,216,216,216,173,87,71,90,64,,122,89,108,104,39,27,45,64,50,106,90,108,99,122,184,173,95,88,139,100,94,97,84,87,99,73,56,54,95,97,79,84,44,49,47,68,60,,54,55,44,28,41,31,37,40,,36,32,40,45,49,54,47,51,41,36,32,46,63,59,34,35,48,59,,57,49,47,,,101,100,47,138,117,139,157,162,172,162,180,,45,57,104,97,97,99,101,102,164,276,261,,255,246,,229,237,155,163,,156,171,220,180,202,155,,137,50,52,48,71,79,63,51,,53,66,62,77,,,42,28,50,30,63,65,55,126,112,65,124,117,248,283,214,314,190,213,181,174,164,132,221,186,162,134,117,99,85,164,196,130,105,81,62,92,68,56,52,50,54,97,145,35,46,74,133,25,81,51,49,38,49,58,24,52,49,42,55,48,96,121,33,42,42,63,99,84,55,19,68,55,48,57,,43,,84,67,60,52,55,90,82,93,49,54,55,60,59,46,39,35,21,49,33,21,25,33,45,40,,,,83,86,82,47,46,36,42,105,110,,50,52,49,55,42,27,20,23,26,13,21,18,25,19,9,18,17,18,25,26,26,35,28,30,25,14,19,19,18,17,17,44,46,38,38,29,42,35,39,36,25,32,25,31,31,21,19,33,33,29,29,29,30,33,37,36,33,36,34,27,28,21,31,21,31,31,35,36,146,148,139,,138,149,132,165,,183,162,136,,110,172,178,183,179,,132,116,146,142,112,118,114,,173,175,175,47,45,57,53,60,61,81,84,83,133,137,146,,44,46,69,,,,,59,48,,48,37,44,45,56,76,60,57,105,95,18,26,32,48,29,36,31,18,39,30,30,124,107,94,73,73,21,36,45,22,27,39,,,44,46,52,66,41,47,75,23,35,40,35,34,41,57,90,28,21,28,30,13,20,14,15,18,18,10,15,18,10,16,21,27,28,32,26,28,12,32,22,24,26,13,8,75,68,80,93,96,69,66,96,100,90,98,92,67,71,76,66,83,111,95,102,68,91,92,,82,112,106,97,116,103,70,90,71,81,,90,114,,79,112,119,121,126,36,66,39,,,22,29,45,50,53,,55,51,56,27,,,,,49,38,26,27,24,19,26,,20,48,42,53,56,67,26,21,29,45,43,28,40,47,,27,40,30,26,70,,43,48,51,54,57,53,114,36,97,110,23,23,67,52,205,,28,,21,30,116,119,122,117,84,86,94,87,78,95,79,136,,,89,145,163,175,89,114,63,59,105,116,78,81,121,102,103,104,124,67,,105,124,102,,131,120,103,139,98,65,60,87,65,52,59,52,89,80,64,210,209,110,91,15,55,59,51,56,154,165,138,310,,248,184,163,139,148,133,30,49,46,57,52,59,79,33,123,44,85,79,84,194,243,153,183,242,50,44,54,57,36,54,63,126,148,190,116,20,72,62,95,112,265,144,71,46,76,65,48,124,53,64,80,148,111,132,152,50,59,86,44,54,46,58,40,135,139,53,83,48,,67,71,71,168,,93,171,146,33,65,119,106,48,76,67,156,32,157,119,27,18,89,140,166,72,143,149,32,156,,146,41,34,47,40,129,137,78,94,71,136,111,59,78,77,160
20171215,7,SO2,10,6,13,7,11,8,10,16,4,11,14,10,,,15,,22,22,25,,18,12,12,,9,4,,18,21,28,20,18,26,52,25,21,31,32,34,27,45,40,60,,35,9,15,17,21,22,32,23,29,28,29,13,,27,15,8,35,23,31,23,27,23,16,,29,28,34,32,9,14,13,18,23,19,16,87,,49,146,209,108,361,37,166,26,32,25,23,11,11,10,10,38,80,101,,63,48,71,58,69,,38,27,24,19,33,16,11,17,19,19,10,71,97,51,58,40,44,50,70,17,12,42,35,22,,167,131,120,90,72,14,31,85,10,7,9,9,9,8,8,7,7,9,14,11,9,7,4,10,8,5,13,8,7,6,13,7,8,17,10,14,11,10,23,17,28,,,,14,5,,9,19,10,,5,8,7,,16,10,8,11,8,9,13,12,13,,,,15,16,,1,3,4,5,4,,5,11,6,17,12,6,8,8,,10,,4,7,7,15,13,7,12,11,11,13,10,6,15,8,21,18,14,17,,9,16,12,10,8,10,9,6,13,,,7,,22,17,,6,8,6,5,9,10,,18,18,6,5,6,5,3,7,3,3,4,4,6,3,8,3,3,1,5,,3,,7,8,2,3,,3,,1,4,7,5,3,,5,17,19,31,30,25,24,41,25,37,21,22,20,21,12,25,12,39,23,20,21,21,10,16,21,21,20,4,2,3,5,3,1,1,4,3,4,4,4,4,2,5,5,2,2,4,6,11,11,,5,4,8,5,12,13,10,12,,4,8,7,11,8,10,6,8,7,13,17,12,28,17,8,16,7,7,11,30,25,20,20,21,17,11,25,17,13,10,10,23,29,22,23,9,11,6,13,17,8,11,,12,11,20,13,9,12,11,9,13,4,8,5,5,7,6,,14,15,11,6,12,10,,,,19,10,15,9,12,,8,6,4,9,,,9,20,6,6,2,6,15,23,11,8,12,15,20,8,10,14,32,21,6,4,6,2,9,,26,33,35,27,32,24,27,26,21,53,36,19,37,25,25,64,21,42,35,,30,17,24,,,,37,45,2,9,7,8,12,,11,7,7,13,7,4,10,5,8,7,5,8,7,6,5,10,11,10,10,10,11,25,34,12,16,29,45,40,20,33,121,49,17,74,20,59,24,80,38,,48,8,8,14,3,,54,,19,14,24,15,14,,13,10,,11,17,23,21,52,46,24,85,36,113,94,12,11,,21,16,23,23,17,23,,16,,20,,20,29,46,33,27,17,28,14,8,5,16,15,19,21,33,13,,9,8,8,10,7,7,7,8,14,10,17,14,8,11,13,13,17,17,58,83,41,7,4,12,11,8,9,2,8,6,14,14,14,5,7,,56,48,,37,20,22,,16,7,6,7,,,11,6,8,11,,23,14,15,16,7,11,,16,18,,45,,85,39,90,141,157,126,110,153,,219,15,20,,84,109,71,101,154,110,93,74,68,71,70,58,55,75,98,133,94,73,33,196,68,84,295,154,38,37,46,41,30,,69,31,40,59,16,34,33,59,50,29,31,9,21,17,26,16,8,7,10,7,17,17,13,12,18,5,10,13,21,10,12,2,4,38,16,,21,12,12,12,8,19,8,,7,,13,9,15,11,10,9,10,23,25,12,16,23,20,,23,12,9,11,10,13,8,19,12,9,3,7,3,1,6,,2,,,3,,7,6,4,4,10,14,12,6,7,5,7,3,35,53,19,33,10,1,3,2,12,13,9,17,14,13,11,14,16,61,16,24,17,8,2,9,8,11,,,17,5,12,8,4,1,12,13,7,7,3,25,6,13,,15,27,11,16,23,24,40,14,22,21,30,12,11,96,89,8,10,17,10,10,31,19,18,34,26,25,11,2,2,3,21,,17,17,13,45,2,7,8,5,6,4,9,7,42,26,13,21,28,44,19,16,21,21,31,15,23,31,13,13,17,13,11,12,11,20,25,10,18,,13,17,17,4,3,15,14,26,,3,6,9,7,6,8,6,7,14,11,16,8,12,8,9,10,9,12,,11,6,2,,,21,18,24,15,9,4,8,14,9,9,7,,11,7,57,51,51,42,24,30,34,28,39,,44,199,,218,176,71,32,,68,29,58,42,28,32,,63,4,8,7,20,14,9,5,,5,36,21,17,,,6,3,40,41,11,9,8,26,11,9,30,11,100,86,76,64,29,26,21,23,212,46,109,243,69,46,59,53,36,125,121,126,78,16,12,27,35,57,56,52,12,54,51,14,17,24,41,7,10,42,18,13,10,7,5,9,7,15,60,33,15,66,10,13,19,10,38,30,54,8,10,18,15,15,,4,,22,4,7,19,24,7,8,19,10,22,5,23,6,5,22,7,17,6,6,7,3,19,2,15,3,,,26,17,18,15,25,2,16,15,15,,29,18,15,27,22,1,4,8,5,2,18,17,18,20,2,5,10,7,9,7,6,4,10,11,8,4,4,5,11,4,10,17,10,14,17,17,13,1,8,8,3,14,9,10,21,5,5,9,2,1,10,6,20,14,6,5,10,8,7,2,6,7,7,3,11,15,30,16,1,3,5,,22,10,13,11,,16,11,9,,8,8,9,8,11,7,7,3,7,6,10,11,13,,8,8,7,5,4,9,6,5,9,22,20,12,19,12,12,6,4,2,3,10,17,12,,7,4,,2,3,2,4,4,5,7,2,6,4,6,14,15,9,8,6,5,14,8,9,53,5,5,1,5,1,15,7,8,15,4,3,,,4,4,3,1,2,1,2,3,1,4,4,3,8,4,1,3,5,4,6,6,6,5,13,11,11,1,8,9,4,3,6,9,14,15,1,3,4,5,12,8,6,5,6,16,21,17,11,13,7,9,7,7,12,10,12,7,5,10,2,3,2,5,3,17,12,10,,8,15,6,10,9,24,29,3,2,29,,6,10,,4,5,7,4,7,6,18,7,,,11,8,7,13,12,,29,48,28,13,,,,,2,10,6,8,3,2,7,,16,8,7,10,32,,12,8,9,5,15,26,37,15,,26,9,7,6,8,,5,7,19,16,9,10,21,9,6,5,3,5,7,7,4,,23,,4,3,9,8,6,13,8,18,16,12,12,19,20,8,,,8,9,53,18,11,11,12,10,13,32,9,9,20,89,14,194,35,3,,28,15,35,,39,10,8,20,181,19,13,12,18,7,24,7,9,16,10,12,18,14,10,4,9,6,6,9,11,10,2,4,,13,23,16,41,46,45,3,3,3,12,14,7,36,3,17,11,8,13,23,37,236,58,69,32,2,5,13,12,10,22,6,19,14,9,9,13,24,45,44,13,44,43,10,5,4,5,5,24,5,5,24,22,103,168,164,8,21,9,7,15,14,16,6,6,33,18,20,14,15,10,15,15,174,,19,9,23,6,55,4,13,4,23,8,34,7,22,8,2,3,20,15,34,19,22,26,5,54,,10,9,26,20,48,10,27,16,48,7,12,5,3,2,4,2
20171215,7,SO2_24h,17,14,21,16,21,22,17,21,12,19,19,14,,,18,,23,28,21,,23,17,19,,15,11,,18,21,31,22,20,19,15,39,38,46,49,57,42,29,53,42,,34,8,18,25,23,28,40,33,35,30,32,29,,23,24,25,41,42,45,57,44,21,20,,23,40,41,41,7,14,15,21,25,17,19,110,,65,161,229,143,246,56,144,34,38,42,45,36,26,37,28,73,85,96,,107,132,108,103,160,,120,34,51,31,33,29,20,13,37,33,27,120,174,62,62,69,25,31,48,32,38,63,57,27,,142,129,98,101,126,23,64,56,9,6,9,9,9,8,8,7,7,9,13,10,7,6,4,9,8,5,12,9,6,8,13,8,6,17,10,15,11,11,20,16,23,,,,24,8,,12,23,10,,6,6,7,,15,11,7,10,7,9,10,11,10,,,,15,17,,2,3,5,5,5,,6,7,5,14,9,6,7,9,,8,,2,6,6,13,10,6,7,9,9,9,7,4,13,8,12,12,12,10,,9,10,7,9,8,9,7,7,14,,,8,,10,12,,18,5,5,5,8,10,,16,13,5,5,6,5,3,5,4,3,4,4,7,2,9,3,3,2,5,,4,,8,8,2,4,,3,,3,4,8,5,4,,5,20,20,24,30,23,27,32,31,24,16,25,24,23,10,23,21,24,19,16,16,15,12,13,18,19,14,4,3,4,5,4,2,2,6,3,4,4,4,4,3,5,6,3,2,4,7,11,10,,6,5,9,5,11,13,9,10,,5,7,7,10,8,9,6,8,9,11,11,9,18,14,8,13,7,8,12,26,19,18,18,15,16,12,19,15,13,7,7,17,19,16,15,11,10,8,9,10,9,14,,14,10,13,12,10,12,10,9,10,4,6,4,4,6,8,,15,14,13,13,15,16,,,,17,14,14,9,17,,12,8,4,11,,,10,10,8,12,20,8,28,25,14,10,16,18,13,13,13,14,26,25,7,10,7,3,13,,30,31,35,33,32,35,23,42,18,30,27,26,31,38,31,34,32,32,34,,32,29,29,,,,54,43,3,9,14,8,9,,11,7,8,9,9,10,12,6,7,7,3,11,7,7,6,29,29,34,29,29,21,26,24,20,22,20,79,100,38,61,43,34,22,53,108,89,54,155,142,,118,7,8,10,7,,28,,15,17,20,13,14,,14,13,,12,37,40,39,35,43,31,52,28,50,24,15,10,,27,21,31,28,25,33,,15,,10,,15,20,25,20,23,17,28,11,8,6,13,11,12,25,28,22,,9,8,7,11,7,9,9,9,12,11,19,10,7,10,11,10,13,13,19,26,22,7,5,8,11,9,9,2,5,5,16,17,17,6,7,,21,19,,24,21,21,,12,9,8,9,,,7,7,9,62,,78,62,123,105,12,15,,19,24,,86,,83,69,91,104,113,99,68,109,,109,33,86,,105,92,121,121,110,106,41,58,45,33,39,25,116,76,109,145,105,68,37,117,82,100,157,151,38,31,60,40,38,,15,45,75,61,30,37,20,33,26,18,19,23,30,27,41,28,7,6,9,6,16,16,14,12,22,5,10,10,12,10,10,2,5,16,11,,17,11,13,9,14,19,13,,13,,17,12,15,14,8,5,10,15,15,10,14,15,18,,16,14,11,11,13,14,6,10,9,8,3,7,2,5,6,,2,,,3,,6,6,5,4,10,17,10,6,6,11,10,3,20,52,12,21,8,2,2,3,7,10,6,17,14,13,13,16,15,71,30,32,24,12,7,14,10,26,,,19,5,8,6,4,3,9,12,8,7,9,19,7,5,,13,19,10,18,28,25,21,29,39,31,34,14,16,70,55,18,18,23,21,22,23,24,26,20,25,22,15,21,9,10,14,,35,31,50,50,2,7,8,5,6,18,15,9,23,21,13,19,28,25,20,16,26,27,38,11,22,19,16,14,12,9,14,18,9,13,14,8,21,,13,17,17,5,3,15,13,24,,3,5,8,6,7,13,7,5,12,10,22,5,6,7,9,10,8,10,,9,4,2,,,39,23,26,13,9,4,7,10,8,8,6,,11,9,29,34,20,21,15,8,122,94,130,,114,180,,211,194,49,36,,68,49,83,72,59,73,,102,8,18,7,50,65,32,9,,19,30,19,35,,,26,12,60,37,14,12,11,79,88,84,106,75,91,119,80,109,60,49,53,64,259,112,240,189,57,58,75,63,50,88,84,88,61,22,16,21,24,27,36,15,11,26,36,9,14,13,23,7,20,28,25,15,13,11,8,12,15,12,16,19,14,31,9,33,41,54,75,86,50,8,6,17,16,17,,5,,20,7,7,24,15,11,10,18,12,21,6,20,9,7,16,7,19,5,6,7,3,23,2,12,4,,,16,8,14,8,15,2,9,13,15,,18,16,22,28,20,1,4,6,6,2,10,8,11,18,2,7,9,11,11,10,9,7,6,9,8,4,4,5,6,4,5,21,11,14,18,28,19,6,11,10,6,29,32,33,42,4,4,11,6,2,10,7,17,12,11,9,16,14,16,6,7,7,7,4,9,16,16,11,7,14,16,,20,15,7,14,,19,14,14,,17,6,10,5,10,8,6,5,6,6,11,11,14,,8,8,7,8,4,5,8,5,8,13,19,5,12,11,10,6,4,3,5,10,15,8,,7,7,,9,2,2,4,2,4,6,2,8,5,8,15,14,8,9,7,8,14,8,13,16,5,3,1,12,1,13,8,8,16,4,6,,,5,4,4,2,3,4,2,4,3,12,4,4,9,5,4,3,7,5,9,5,6,6,12,11,11,1,6,8,4,3,7,9,18,21,2,3,4,5,9,8,6,5,6,15,20,18,12,9,9,10,8,10,12,11,11,5,5,7,3,4,4,17,3,20,19,14,,16,21,13,13,12,25,18,3,12,9,,5,6,,7,8,8,6,8,9,16,9,,,11,10,14,13,14,,26,34,32,16,,,,,2,11,10,9,6,2,6,,40,11,13,22,51,,12,8,8,5,11,20,20,13,,10,7,7,5,8,,5,9,17,15,9,11,16,10,7,8,3,5,16,10,5,,8,,5,4,10,11,9,16,22,36,33,24,10,21,21,20,,,42,11,46,27,20,19,18,14,23,28,14,13,18,39,17,47,26,6,,38,38,17,,48,22,12,42,63,21,18,16,21,10,19,9,14,14,12,22,25,16,14,5,13,9,11,12,19,20,4,22,,31,32,50,41,46,39,5,27,18,11,14,11,36,4,19,12,20,12,20,34,213,49,132,50,6,8,9,11,10,24,6,17,15,12,9,8,21,23,55,20,99,90,12,7,4,5,7,20,5,5,32,91,58,113,26,8,16,8,8,12,13,15,5,12,68,15,23,12,16,13,16,16,106,,18,12,16,6,23,11,12,5,44,25,27,7,14,22,2,4,25,17,36,19,76,28,9,36,,12,19,37,32,44,9,32,26,32,12,23,6,2,8,4,8
20171215,7,NO2,64,18,69,67,66,58,60,76,64,33,56,84,,,63,,59,68,62,,60,65,57,,57,51,,72,57,58,68,47,58,44,75,67,78,74,76,82,79,67,83,,78,60,53,52,64,78,61,57,57,61,74,10,,19,12,16,62,61,67,62,47,67,72,,72,48,61,59,58,59,55,62,59,58,61,74,,69,63,70,75,70,66,68,32,21,28,4,24,20,14,,50,73,70,,55,57,66,67,59,,66,46,29,34,57,35,39,22,52,41,31,47,44,50,48,51,45,65,54,40,30,60,61,35,,71,72,73,71,69,37,42,74,53,35,57,38,45,35,40,28,37,29,53,34,56,52,41,39,38,47,57,33,48,51,35,44,34,52,47,28,27,39,30,41,53,,,,53,45,,54,53,62,,42,21,16,,44,46,34,46,42,52,41,16,56,,,,37,42,,17,23,27,17,22,,33,53,39,50,43,45,29,45,,34,,45,47,54,54,77,34,59,50,55,68,59,46,59,47,55,52,52,49,,46,,46,51,45,57,57,54,47,,,47,,61,66,,17,38,27,13,9,18,,49,49,36,46,36,23,28,45,39,31,30,17,36,30,47,46,35,22,18,,31,,50,23,8,22,,30,,27,37,38,44,27,,20,62,46,62,65,55,65,62,49,98,71,70,78,72,103,93,40,74,49,56,51,47,37,53,47,53,45,27,27,30,34,28,38,30,24,30,27,28,32,31,32,39,38,39,39,34,35,45,40,,41,40,48,40,36,33,44,31,,25,27,23,25,28,52,8,11,19,46,60,53,48,53,41,34,44,37,49,49,48,43,52,45,49,52,47,47,46,44,36,,38,42,45,26,28,30,30,32,40,36,,43,25,35,34,22,22,33,31,38,5,9,5,8,14,29,,37,35,25,41,48,38,,,,32,50,37,35,54,,41,47,56,41,,,51,25,16,27,24,12,20,19,25,21,28,35,44,4,42,38,54,50,17,40,33,10,24,,66,72,71,71,28,62,66,61,67,60,64,60,66,66,48,49,86,84,58,,86,26,15,,,,26,38,56,48,35,54,33,,29,40,32,35,40,41,34,36,33,34,36,12,33,29,36,14,14,8,16,14,11,28,43,25,21,37,37,46,39,41,44,41,20,49,23,23,15,45,21,,32,22,24,27,10,,60,,53,55,54,54,47,,50,21,,50,64,72,64,81,172,39,87,77,93,47,64,36,,23,44,49,49,45,48,,34,,46,,39,48,56,51,49,53,53,60,52,58,13,30,31,62,59,58,,34,39,36,22,32,20,12,8,51,22,38,27,25,26,27,23,29,32,25,19,19,26,23,27,10,17,12,30,29,29,46,43,41,26,32,,54,37,,52,55,55,,34,26,26,15,,,48,49,41,2,,10,6,5,10,35,55,,39,40,,31,,46,22,38,76,75,63,66,67,,52,33,82,,74,79,62,44,74,78,102,77,92,74,77,65,73,74,70,76,73,66,70,59,52,55,48,54,50,51,57,56,38,,42,38,31,42,27,38,30,53,46,46,32,27,57,46,83,60,47,42,50,45,40,32,32,35,33,36,36,33,49,35,41,36,8,49,56,,70,26,47,49,50,51,50,,53,,43,48,48,43,45,50,36,45,48,41,43,47,52,,54,27,37,38,33,36,44,45,35,23,19,20,25,16,15,,32,,,20,,30,14,13,22,32,19,29,21,25,19,23,9,32,17,22,28,13,5,6,33,40,38,33,,34,38,27,33,24,63,35,61,42,26,29,24,33,34,,,40,28,43,50,42,16,22,30,26,33,32,31,29,28,,30,25,19,104,56,70,57,33,37,46,43,37,45,54,60,16,47,43,56,47,43,44,44,73,61,63,187,9,9,5,21,,13,21,14,30,15,16,7,35,20,12,25,15,42,54,57,64,73,70,81,49,58,77,53,44,47,53,14,21,45,48,41,46,29,27,35,45,32,,32,73,30,38,27,41,35,30,,,31,28,21,34,57,32,34,49,46,42,40,58,389,18,14,45,54,,46,35,38,,,56,34,39,36,43,34,49,43,47,43,44,,31,25,57,48,40,84,36,30,20,30,18,,39,64,,63,65,63,48,,50,49,57,65,48,29,,34,16,19,15,13,23,18,44,,14,21,38,8,,,7,2,12,14,13,9,6,18,14,9,10,15,78,81,71,53,52,54,51,68,44,48,50,57,39,54,36,82,68,60,56,57,57,32,18,30,30,42,51,39,30,61,45,10,22,58,64,8,34,36,25,15,27,20,7,40,31,50,60,30,68,63,72,12,8,19,67,70,41,6,24,18,34,34,,32,,41,25,24,36,19,48,49,56,63,25,48,54,64,58,33,31,37,33,20,18,14,28,28,53,34,,,33,42,19,26,15,20,20,44,46,,26,45,58,61,33,17,7,38,18,5,19,20,23,21,3,16,20,15,20,20,20,28,21,23,27,6,4,3,23,21,34,15,31,22,17,34,30,26,28,30,30,34,8,28,26,33,40,40,40,48,26,32,30,38,28,23,14,20,27,17,29,24,28,26,35,20,24,16,59,45,51,,41,51,47,46,,51,48,43,,47,52,41,38,46,29,47,40,48,38,66,65,48,,58,54,45,18,30,41,28,29,19,48,44,42,44,46,61,49,32,16,5,43,47,40,,33,32,,15,54,45,40,28,21,25,28,33,25,28,30,35,27,40,31,18,22,25,20,25,32,43,32,22,25,39,28,28,28,25,36,,,20,18,12,11,11,12,11,14,12,27,28,17,3,6,18,24,18,21,33,20,19,18,11,15,23,12,14,19,12,11,18,17,19,17,26,18,12,16,11,8,11,8,10,19,33,31,46,37,31,24,23,19,8,19,28,19,28,26,18,35,39,41,23,18,24,22,,27,38,64,37,51,37,27,4,5,22,,,31,,17,50,15,26,17,12,9,11,,,17,20,10,31,17,,28,35,32,11,,,,,1,13,23,19,17,13,14,,13,15,11,14,21,2,7,7,18,20,21,16,38,21,,10,5,13,17,19,,12,28,34,23,23,25,2,12,14,7,7,15,25,12,21,,16,,9,11,25,31,37,25,13,21,25,20,17,35,32,37,,,23,25,50,49,16,9,8,10,32,38,20,28,22,35,15,55,60,25,,35,37,36,,32,17,30,19,44,15,18,16,27,8,24,9,34,12,42,64,51,30,65,3,16,13,2,19,31,24,9,,,17,47,20,51,52,54,7,3,18,21,28,25,56,31,38,38,50,64,64,56,70,52,34,51,29,41,68,61,40,13,27,41,39,58,44,38,30,26,34,30,61,60,24,52,13,27,50,68,44,49,56,11,30,26,36,13,47,53,15,52,47,44,28,28,66,26,49,49,46,47,37,36,45,,66,38,58,26,47,30,41,11,10,9,61,7,52,43,37,12,71,48,52,42,17,58,11,50,,55,13,17,16,23,29,62,12,78,43,63,45,31,34,29,47
20171215,7,NO2_24h,70,57,67,66,79,68,79,77,65,66,76,78,,,64,,61,67,65,,64,64,55,,64,60,,64,67,67,66,52,61,52,66,66,71,71,71,72,54,61,69,,64,53,50,49,56,75,69,62,61,69,78,47,,51,50,51,58,60,62,66,59,70,76,,68,56,54,56,45,43,38,56,53,59,57,83,,81,81,83,83,83,82,87,40,38,42,52,43,44,39,38,62,76,81,,70,100,86,88,83,,92,69,41,54,51,35,50,19,66,57,31,64,60,54,57,60,27,38,55,48,54,57,66,30,,79,79,83,77,75,33,56,71,48,42,48,44,43,50,42,26,39,30,46,34,54,45,38,43,44,39,48,47,56,53,42,57,41,67,52,34,36,40,41,42,48,,,,56,50,,46,54,62,,35,24,26,,46,59,42,48,52,52,52,39,57,,,,48,42,,23,31,33,23,26,,32,34,28,35,34,36,33,42,,38,,44,45,53,57,77,28,64,56,60,73,60,48,65,49,46,66,61,62,,64,62,57,54,45,62,44,55,47,,,49,,47,54,,38,31,35,11,7,10,,49,48,34,32,29,28,31,41,48,34,29,21,36,28,44,51,38,31,22,,35,,48,31,9,23,,35,,27,34,42,47,26,,21,66,56,65,73,64,75,70,58,54,64,66,81,64,86,81,72,56,53,58,53,51,46,53,51,60,47,27,28,34,39,30,44,36,32,29,22,30,32,32,30,40,36,40,39,32,29,56,47,,51,44,56,38,44,34,46,28,,29,37,36,25,32,50,12,28,23,41,59,62,58,70,50,39,50,51,62,54,50,43,70,57,63,68,60,61,59,56,37,45,41,46,49,28,27,28,30,40,43,38,,40,35,40,43,26,19,38,37,44,6,6,10,10,15,33,,44,48,48,51,37,48,,,,39,54,46,49,48,,39,39,51,37,,,45,25,18,26,31,14,28,24,27,24,28,40,38,15,38,40,44,46,37,61,41,25,40,,71,72,70,79,45,65,68,72,58,64,64,67,61,61,54,28,62,71,48,,62,32,27,,,,51,49,51,51,32,46,38,,16,40,33,33,41,40,36,37,33,37,38,16,33,30,33,33,38,36,30,33,31,39,37,36,36,33,65,87,66,71,23,20,28,36,84,85,57,66,59,,69,17,22,28,11,,59,,56,57,58,55,50,,52,33,,50,73,80,74,70,85,51,58,70,82,43,57,39,,16,46,52,56,50,50,,32,,42,,45,50,54,55,42,41,55,52,40,41,21,39,28,62,52,52,,30,37,31,24,36,28,19,12,28,25,36,27,25,29,26,22,28,34,22,22,26,28,28,39,17,23,16,31,25,23,51,48,46,34,30,,30,24,,35,35,39,,40,31,39,18,,,52,51,47,39,,37,35,48,33,28,46,,36,37,,42,,49,25,40,73,75,62,70,69,,48,41,85,,88,84,89,71,88,80,60,71,70,42,54,36,89,58,55,61,63,56,45,69,68,69,65,70,54,35,63,54,46,,10,47,51,54,43,44,28,44,43,44,23,34,47,49,90,65,48,43,53,39,36,30,31,31,25,31,32,23,28,22,40,28,7,50,55,,50,31,47,45,48,53,51,,58,,49,55,50,48,49,56,46,51,47,44,44,40,45,,44,33,49,44,39,41,45,43,39,27,21,23,25,16,14,,32,,,21,,29,18,14,20,38,22,34,20,22,17,22,10,33,24,24,29,17,10,12,24,38,39,29,49,38,44,40,51,33,70,48,72,42,40,43,35,48,40,,,55,27,37,43,38,27,25,28,34,38,31,35,27,27,,28,31,20,69,66,65,61,44,51,55,44,36,46,58,56,74,55,58,66,63,52,58,60,61,58,61,65,15,20,11,32,,35,32,24,29,27,22,5,41,16,42,45,37,38,50,52,54,59,50,76,55,53,68,43,35,37,44,21,43,38,38,36,46,21,21,36,44,33,,44,78,46,38,30,39,34,34,,,28,28,22,34,69,42,43,36,40,47,43,52,100,22,15,53,58,,46,47,45,,,55,37,39,37,46,36,50,45,47,44,47,,31,33,50,49,33,45,35,26,61,70,55,,75,80,,73,77,50,40,,45,45,70,67,65,45,,46,14,13,11,31,39,23,27,,19,23,22,34,,,21,16,31,21,15,14,9,45,53,46,50,49,92,116,81,82,51,68,66,90,49,55,63,59,69,78,58,66,56,61,58,59,54,29,20,31,31,30,48,24,29,50,41,7,18,30,45,11,27,23,29,14,38,30,3,24,40,26,44,18,62,46,48,20,20,36,64,68,48,8,23,29,39,49,,36,,33,28,31,36,19,49,39,52,54,46,44,43,47,46,39,27,43,35,23,18,17,28,29,29,25,,,50,37,60,34,31,22,13,34,41,,31,42,60,49,30,21,9,25,19,9,19,20,22,19,3,17,18,21,22,21,24,34,36,39,34,7,7,5,22,21,34,21,36,29,22,37,30,32,33,32,32,37,16,37,38,28,37,37,39,48,28,34,31,39,33,30,25,34,33,15,23,21,22,18,34,22,25,28,65,47,53,,48,65,52,57,,60,56,46,,54,50,43,42,49,29,49,43,49,39,53,51,38,,59,54,45,30,38,43,32,33,24,48,49,47,44,47,60,49,37,23,16,49,53,52,,28,26,,21,44,42,39,25,27,29,29,36,26,29,30,36,29,44,33,26,29,31,29,34,30,43,32,24,28,37,30,30,31,28,41,,,23,29,13,15,16,16,18,17,19,31,29,21,5,20,24,26,17,27,32,25,21,34,16,17,25,12,19,22,17,14,22,26,26,22,28,19,12,21,20,13,17,10,12,28,37,42,42,30,30,30,29,24,16,25,35,27,39,35,29,37,47,52,41,19,32,32,,31,46,61,47,48,51,24,11,20,30,,30,37,,18,49,23,31,19,16,18,23,,,16,30,29,41,34,,36,31,42,18,,,,,6,22,31,28,18,15,28,,18,15,16,28,35,3,27,22,21,20,18,16,26,17,,9,8,15,17,26,,17,18,32,28,22,30,21,16,29,16,12,23,43,25,16,,8,,6,11,23,42,43,34,30,42,35,34,21,30,31,40,,,19,43,62,63,31,25,16,14,42,37,28,34,31,34,23,38,50,35,,43,47,35,,43,30,27,24,22,20,10,22,23,15,26,18,28,24,32,72,71,28,54,4,29,18,10,23,56,60,29,44,,64,43,60,49,50,49,9,4,35,29,35,26,57,28,28,47,66,66,62,64,82,40,53,76,38,32,71,52,42,14,24,46,40,56,44,32,31,29,35,38,75,75,28,48,14,37,50,69,36,49,58,44,46,44,41,16,53,50,22,48,53,57,29,36,68,39,52,50,59,57,51,48,48,,66,52,58,33,32,35,39,19,31,25,52,9,44,44,37,16,73,61,49,42,29,62,19,55,,52,25,28,26,29,23,44,36,66,48,66,28,32,36,31,48
20171215,7,O3,4,49,9,2,2,6,15,4,,28,10,,,,5,,6,6,4,,3,1,1,,,5,,5,4,7,3,1,,31,8,8,13,13,8,12,11,8,11,,9,1,5,2,,14,3,14,18,15,7,57,,46,57,71,3,4,3,9,13,2,4,,3,8,4,9,2,4,4,5,3,8,2,6,,4,5,14,2,9,4,3,61,57,54,44,60,61,51,22,9,,6,,8,6,2,3,4,,6,31,35,40,19,28,41,12,30,28,34,15,10,5,5,5,16,11,12,25,26,28,15,52,,5,6,9,4,6,63,17,44,38,53,40,54,49,44,54,64,54,59,2,23,9,8,16,13,21,12,10,39,28,18,16,34,21,39,42,43,48,34,42,25,,,,,2,4,,4,2,9,,22,33,49,,19,33,29,28,32,24,31,52,16,,,,29,19,,39,44,38,41,40,,37,,16,6,17,4,31,24,,24,,2,2,1,3,9,18,2,1,2,2,2,1,3,3,2,4,3,2,,4,1,3,12,6,5,5,,1,,,9,,2,3,,28,13,24,74,77,49,,2,2,9,13,12,4,3,18,7,10,12,27,8,12,42,9,15,26,53,,33,,19,32,45,61,,13,,18,13,11,11,19,,17,4,5,,5,6,8,5,4,8,1,4,4,9,10,14,35,7,2,7,4,4,6,5,7,2,4,15,7,7,10,7,24,6,13,9,12,3,8,4,10,5,5,8,11,2,5,3,3,,3,2,4,8,4,3,3,9,,31,56,45,35,14,9,70,66,49,13,41,28,35,19,2,3,,,1,1,6,2,1,3,4,2,2,2,2,,4,3,6,4,,4,5,5,1,31,4,7,,5,16,10,10,17,19,17,12,12,69,72,57,60,49,23,,7,16,14,22,11,19,,,,16,14,15,7,6,,2,8,5,2,,,8,41,12,13,13,18,17,12,13,9,8,23,11,63,5,19,7,4,46,21,34,43,49,,8,7,6,6,2,7,5,7,9,7,8,5,5,13,31,26,3,5,27,,8,40,49,,,,54,28,4,5,10,8,20,,15,7,6,8,7,5,3,5,4,2,4,33,4,9,9,49,52,55,51,50,50,46,17,33,40,30,37,34,19,29,12,17,29,11,40,48,37,28,32,,30,43,46,55,67,,5,,7,2,8,3,,,,5,,2,5,2,1,,3,22,9,,11,5,8,9,,15,11,19,13,18,7,,11,,7,,9,5,6,14,2,1,1,5,10,7,46,47,33,4,9,8,,5,6,5,25,12,55,70,68,6,61,24,47,43,42,44,43,38,22,7,4,3,4,5,3,57,56,52,7,2,2,2,5,3,16,5,,5,4,,5,5,6,,6,4,9,11,,,8,6,5,82,,38,58,62,50,14,20,,20,10,,5,,3,2,9,9,6,6,27,10,,8,7,,,10,12,14,7,15,7,9,6,24,14,18,14,15,3,11,11,12,2,5,10,9,14,10,11,23,21,14,21,43,,41,16,24,23,21,5,11,12,16,14,15,36,13,14,27,14,8,14,9,9,10,15,27,17,48,5,8,6,11,8,4,7,45,2,8,,21,8,2,,1,5,7,,,,,,,2,4,4,10,1,3,5,4,3,2,,,32,7,7,8,10,5,6,13,8,9,21,16,17,7,,14,,,14,,24,34,26,13,14,10,15,5,16,16,12,19,6,35,7,5,13,56,55,7,7,6,5,21,22,13,24,27,25,5,17,7,5,12,12,16,9,24,,,41,11,2,3,4,41,21,31,51,55,33,34,12,10,,8,19,12,4,5,4,5,3,3,20,4,9,4,6,3,61,15,5,7,7,8,8,7,2,2,4,2,68,68,68,56,,53,55,58,38,36,23,25,41,11,55,53,222,11,3,4,5,1,3,2,20,6,4,7,4,11,6,47,47,7,1,32,17,28,38,27,6,19,,34,26,50,27,43,,33,48,,,51,51,35,15,39,33,87,9,13,27,8,21,5,52,55,36,22,,53,4,3,,,3,14,4,2,5,7,3,6,6,8,5,,19,53,18,22,19,13,26,21,25,27,19,,20,5,,6,6,8,3,,8,5,5,16,7,24,,29,45,28,51,44,39,55,6,,58,29,38,80,,,51,58,57,58,78,86,87,39,39,48,47,44,11,10,3,8,7,10,6,4,6,13,5,4,22,16,17,3,24,4,6,5,9,12,16,26,32,33,10,11,42,21,29,51,48,19,5,51,28,39,46,56,27,34,27,18,21,6,2,47,5,1,15,51,52,57,16,17,27,44,27,56,35,32,,35,,8,16,20,12,8,4,2,4,34,2,16,17,16,2,42,30,16,43,20,27,24,41,30,36,4,,,6,12,13,28,17,29,22,20,6,,22,33,50,18,32,60,65,30,62,67,21,25,24,23,84,25,23,19,24,25,21,13,22,14,14,19,20,27,18,23,4,1,2,2,14,9,5,8,7,6,3,5,6,4,6,10,12,2,4,2,21,10,7,9,19,21,27,22,18,7,7,8,6,6,10,11,6,11,5,9,4,,7,3,3,5,,10,4,2,,,4,9,,2,1,12,9,5,14,,2,2,,5,3,1,10,7,2,8,6,44,7,6,2,5,5,3,6,15,18,26,14,15,14,,6,15,,26,2,,3,3,5,13,8,11,15,2,1,2,2,2,3,18,17,17,15,16,5,2,4,18,19,18,6,1,4,1,8,,,10,6,32,26,24,22,25,26,20,14,18,20,22,22,22,15,18,9,,26,26,28,22,22,5,24,18,14,21,17,19,15,15,8,11,6,31,22,25,18,17,23,23,52,31,36,20,19,15,36,36,16,22,24,27,23,22,23,21,22,14,25,24,21,18,17,,12,45,35,14,34,72,62,63,27,130,,4,2,,19,24,26,16,23,20,21,22,,,39,55,45,30,43,,25,29,49,44,,,,,45,43,14,17,2,11,31,,38,22,35,35,36,85,89,87,18,,23,14,4,2,,44,56,32,22,10,,62,35,6,2,9,10,61,56,21,38,34,39,9,23,16,,53,,37,45,8,11,5,5,44,40,35,46,21,3,2,12,,,37,36,2,16,67,68,60,50,65,56,50,42,66,52,44,11,19,50,,12,3,22,,75,43,36,47,12,62,25,27,24,76,62,76,31,82,37,9,13,11,5,82,45,36,54,27,38,27,61,86,,72,47,64,8,5,7,40,65,116,39,34,17,11,40,15,2,2,4,4,2,12,6,19,15,42,32,8,2,10,33,19,8,14,3,1,16,4,3,48,33,6,4,16,4,33,2,22,1,25,,,45,36,41,37,17,1,,41,12,17,35,24,5,12,34,6,24,17,23,8,26,11,,1,3,11,14,11,27,10,61,74,46,4,53,3,13,12,30,,3,24,12,21,,38,2,,1,15,15,15,11,2,4,59,8,20,2,,8,11,12,7
20171215,7,O3_24h,24,49,24,29,16,25,16,20,14,29,24,16,,,32,,35,32,29,,38,32,52,,40,35,,25,19,13,20,15,9,35,32,36,31,31,33,37,62,43,38,,46,40,61,47,38,42,26,30,39,39,28,57,,47,59,71,23,23,29,18,24,23,20,,18,41,52,52,26,42,41,23,22,24,29,13,,15,16,32,8,15,9,11,67,62,64,54,60,67,60,50,42,31,29,,27,12,13,13,10,,78,46,46,58,63,64,60,72,66,43,76,42,35,21,49,41,87,73,63,61,58,87,70,105,,43,46,39,44,42,90,56,74,61,59,61,62,69,49,66,75,72,72,38,40,38,31,34,32,54,39,52,45,35,24,30,41,28,43,56,69,64,55,59,68,37,,,,29,32,,35,30,37,,36,42,50,,32,33,39,42,37,43,39,52,29,,,,35,46,,48,49,48,51,51,,50,38,50,40,45,42,56,57,,123,,14,21,13,22,17,59,10,10,6,9,9,13,38,38,54,32,52,45,,12,40,20,32,36,15,38,39,34,,,40,,36,37,,39,54,41,82,88,71,,40,42,31,51,50,29,31,43,22,31,36,54,35,48,57,22,42,42,85,,64,,65,53,54,79,,24,,35,38,23,29,40,,37,21,6,2,48,7,11,9,10,54,32,24,46,46,27,50,35,57,20,21,21,19,18,24,20,15,25,25,22,18,19,20,36,14,18,28,37,10,17,10,21,11,13,14,19,12,12,17,28,,26,38,32,34,25,37,35,37,,92,91,71,86,130,111,87,83,63,105,147,112,146,92,29,32,24,38,37,24,28,26,47,62,67,68,41,42,38,44,48,45,39,52,44,55,49,53,66,85,22,33,,36,19,20,13,33,38,35,24,22,72,97,64,62,63,47,,39,45,33,34,50,25,,,,51,29,47,28,26,,39,52,41,36,,,42,63,33,30,27,34,28,17,27,31,25,92,97,97,89,92,85,78,112,109,114,100,108,,14,14,11,8,7,9,12,12,28,12,19,7,15,66,56,80,68,55,94,,58,104,70,,,,80,48,32,35,53,39,42,,56,17,10,16,16,16,9,11,11,6,8,59,9,18,18,61,69,56,63,56,52,67,62,56,64,64,41,34,19,29,56,54,52,52,45,79,42,54,32,,31,82,79,73,87,,25,,26,29,30,19,29,,29,31,,9,20,20,15,20,23,26,31,23,26,66,136,48,,67,59,57,41,59,47,,53,,48,,44,44,41,131,33,45,28,43,49,59,51,68,58,31,47,39,,31,28,30,40,21,91,113,110,87,97,98,97,97,93,101,99,92,86,73,81,76,65,62,48,92,92,86,40,44,39,63,66,65,34,38,,81,96,,105,115,112,,27,31,28,67,,,28,26,22,82,,41,59,62,52,58,58,,56,50,,25,,33,40,25,27,29,32,46,24,,8,8,18,,29,31,21,35,63,22,31,27,38,56,39,58,31,32,27,21,33,12,32,26,30,35,26,22,71,66,55,69,72,,88,50,40,51,40,50,61,46,57,60,77,52,42,42,41,30,27,37,28,36,52,55,63,55,118,30,42,41,43,70,43,38,95,18,22,,36,16,10,6,37,32,44,,17,,13,13,18,10,14,14,12,15,19,17,22,24,15,,18,46,18,16,31,20,14,28,23,11,13,25,58,26,23,,23,,,25,,48,39,36,38,28,29,32,22,35,33,29,29,18,41,15,11,18,58,63,44,36,34,40,27,28,15,26,30,107,86,89,94,91,19,12,23,12,53,,,50,45,41,39,45,66,51,46,58,71,61,60,36,50,,34,79,93,17,15,17,19,9,12,30,24,44,46,29,31,61,18,18,14,17,17,16,18,13,9,13,17,93,93,97,77,,70,85,89,75,57,45,37,60,59,72,84,222,83,39,20,27,50,50,36,43,44,60,65,52,57,53,59,53,41,1,66,50,57,74,55,62,58,,34,44,54,38,54,,47,61,,,66,66,59,59,43,35,94,41,45,45,33,43,28,65,75,39,36,,72,33,21,,,42,44,11,12,9,14,9,23,28,23,16,,83,93,41,40,49,46,47,37,25,27,19,,23,17,,21,20,34,25,,36,25,14,19,17,42,,48,90,91,93,45,46,58,36,,81,53,80,80,,,55,65,57,64,105,100,99,69,40,49,47,54,31,20,21,16,29,42,33,26,15,28,14,12,55,56,53,44,57,15,25,40,37,60,60,31,48,97,80,79,66,64,63,76,84,69,72,76,67,62,58,152,53,62,66,73,87,76,61,79,52,60,46,62,58,62,44,59,47,53,68,73,62,57,,71,,46,39,42,52,48,31,49,45,50,63,53,44,51,51,69,59,28,76,89,51,51,57,52,99,55,,,45,58,49,42,38,46,55,51,45,,52,62,68,54,60,70,75,84,85,75,49,53,53,53,88,54,61,56,47,52,51,45,32,26,40,33,32,33,35,33,27,6,7,7,23,20,22,24,17,18,29,35,33,29,24,34,63,25,30,20,27,21,14,19,39,40,42,39,30,24,21,21,21,25,34,28,31,39,39,38,40,,13,12,10,17,,23,17,11,,9,12,20,7,9,19,29,25,24,31,53,46,45,,8,8,5,14,11,20,24,17,48,33,23,25,14,12,13,15,19,24,28,27,30,30,,29,32,,26,14,16,16,21,18,21,21,43,42,13,10,6,8,9,11,23,21,20,16,18,13,9,10,26,19,29,15,6,14,4,18,,,17,18,38,32,29,29,41,34,23,17,21,20,23,27,31,33,38,19,24,41,44,49,38,41,29,44,33,30,30,32,30,25,28,18,25,22,35,30,35,28,26,53,48,56,39,37,32,61,42,52,63,29,38,32,31,41,24,28,22,54,27,36,27,55,36,39,,30,48,65,55,62,81,114,97,158,136,,30,20,,40,44,37,29,41,74,90,73,,,81,132,74,82,82,,41,33,58,53,,,,,45,43,38,41,5,21,31,,38,90,84,42,49,108,103,96,79,91,93,71,74,69,,65,64,62,51,89,,84,106,73,78,49,76,120,116,70,88,121,116,95,111,75,,80,,73,72,52,62,43,46,66,50,50,57,39,35,44,18,,,80,36,17,29,98,98,82,77,95,79,86,82,87,79,60,61,43,57,,46,35,82,,102,76,94,132,95,86,81,66,74,98,96,93,96,95,65,41,58,69,73,88,45,45,55,37,83,58,72,103,,72,99,82,24,20,88,88,65,116,43,39,57,78,75,59,28,31,35,25,10,23,30,40,69,43,53,56,39,36,66,62,45,51,8,34,39,75,73,77,58,100,31,39,45,46,22,68,20,84,28,23,47,50,58,66,21,29,21,47,39,41,40,55,30,38,48,29,39,29,31,37,42,39,,23,20,26,34,102,48,27,64,79,55,45,66,21,27,38,49,34,13,49,47,27,23,43,17,,43,43,40,42,37,79,90,61,44,38,13,38,17,81,19,42
20171215,7,O3_8h,1,27,13,3,2,3,6,4,,15,5,,,,5,,10,7,4,,5,2,2,,,4,,5,3,7,3,1,1,22,8,8,12,12,8,11,11,8,10,,9,1,5,2,,14,3,12,16,14,6,54,,42,56,66,3,4,3,8,7,2,4,,3,7,5,9,4,7,7,5,3,7,2,6,,4,5,15,2,9,5,2,62,57,57,49,52,59,56,40,11,,6,,10,7,3,4,5,,8,36,37,44,37,40,52,31,22,29,48,18,13,6,9,8,21,19,15,24,25,35,23,71,,6,6,8,7,7,81,19,40,46,50,44,55,49,27,54,65,55,63,10,26,15,22,25,16,24,26,18,26,21,17,20,25,18,34,38,31,40,34,37,25,,,,,3,5,,6,4,11,,23,23,37,,20,20,20,28,19,24,22,24,9,,,,18,18,,41,25,20,43,43,,42,6,24,12,22,7,27,24,,12,,3,6,,3,9,16,1,1,2,2,2,2,3,3,2,4,3,2,,5,1,2,11,11,6,13,,1,,,11,,3,5,,33,26,24,79,81,61,,1,2,12,18,11,7,6,17,12,17,23,32,22,24,45,15,20,28,51,,32,,24,32,46,62,,13,,23,16,15,12,27,,18,9,4,1,5,6,8,5,4,12,1,5,4,9,11,17,10,7,2,7,4,3,6,6,7,2,4,20,14,10,15,12,23,8,13,10,11,2,9,3,11,5,5,8,12,4,5,3,3,,4,3,4,13,4,5,3,16,,44,68,57,52,12,26,68,48,51,13,30,32,33,21,2,3,,,1,1,6,2,1,4,4,2,2,2,2,,6,5,8,8,,7,12,11,4,8,5,10,,8,11,6,7,19,27,13,10,9,65,80,55,58,56,27,,18,30,19,22,22,20,,,,33,21,34,16,18,,18,15,10,10,,,16,33,20,23,16,23,21,14,20,10,18,14,26,47,5,16,8,5,28,13,23,32,44,,8,7,6,6,2,7,5,8,8,6,8,5,5,37,37,60,12,28,58,,26,56,43,,,,52,29,4,5,12,10,12,,23,8,7,9,8,6,3,5,4,2,4,32,4,9,10,54,56,53,58,53,48,53,30,34,40,41,34,24,14,21,36,31,26,22,19,21,16,18,13,,13,56,58,58,69,,5,,5,3,8,3,,,,7,,3,5,2,1,1,3,16,23,,11,8,9,6,,25,21,34,20,26,6,,13,,10,,8,13,13,22,9,16,1,6,21,20,40,43,40,3,10,9,,24,17,23,25,18,52,66,57,33,53,41,47,42,42,44,42,38,27,20,16,8,4,5,3,63,63,59,11,9,9,4,8,8,12,6,,10,11,,25,24,22,,5,5,4,12,,,8,6,5,70,,38,52,54,48,26,31,,28,19,,6,,3,2,10,10,6,9,28,10,,2,2,4,,17,19,13,13,25,13,20,5,24,14,16,14,16,3,17,15,13,2,6,9,5,14,9,9,24,34,12,20,42,,66,12,18,23,12,5,14,19,16,14,24,25,11,9,24,19,12,15,12,16,23,23,29,24,51,10,13,12,16,13,4,11,70,3,6,,8,6,2,,1,5,7,,,,,,,3,4,3,6,1,2,5,6,3,2,,,33,7,7,9,10,4,6,10,8,8,21,15,20,6,,12,,,11,,35,32,31,20,17,9,17,7,21,19,15,19,8,35,10,7,13,54,53,10,12,7,6,22,22,12,20,23,23,7,15,7,6,12,11,15,8,31,,,44,14,9,12,13,48,25,39,51,59,46,39,19,16,,20,31,30,4,5,3,5,3,3,12,4,17,5,6,3,25,12,5,7,7,8,9,7,2,2,4,1,70,67,71,50,,29,76,66,65,27,23,27,48,12,53,54,205,11,3,9,14,3,4,4,26,6,4,9,4,16,10,26,19,7,1,36,24,37,47,33,6,19,,22,15,34,31,43,,29,38,,,56,52,31,13,18,15,76,21,16,28,9,22,7,51,56,30,21,,47,3,5,,,18,20,4,2,4,6,3,6,6,8,5,,24,40,25,19,23,19,25,29,16,17,11,,16,5,,5,6,9,5,,9,5,3,10,7,17,,21,57,48,62,39,36,52,28,,58,37,65,73,,,53,62,31,45,83,87,88,25,26,34,29,26,17,9,7,8,9,12,6,4,6,12,4,4,12,13,10,3,23,5,7,5,11,21,26,18,27,37,13,22,45,20,27,52,57,41,6,39,37,51,52,61,31,35,28,28,20,24,12,57,14,1,27,57,56,56,20,19,17,44,27,58,45,10,,36,,13,20,21,20,14,6,8,7,31,4,25,22,16,2,38,27,20,37,22,23,28,40,33,59,7,,,10,16,17,31,21,31,27,23,11,,25,34,55,24,39,65,65,26,62,65,30,33,33,25,82,27,28,16,24,27,24,17,11,10,15,23,23,29,30,27,4,1,2,2,14,7,7,7,8,6,3,9,9,9,7,13,15,5,9,5,17,11,8,10,20,22,20,17,19,13,13,13,12,14,12,12,9,14,5,9,4,,7,3,3,5,,10,4,2,,,4,11,,2,2,12,10,5,14,2,5,6,,3,2,,8,6,3,4,6,43,7,6,2,5,4,4,8,18,22,26,14,14,10,,9,15,,24,3,1,2,3,7,14,9,4,11,1,2,2,2,2,3,16,14,15,12,12,7,3,5,18,18,18,6,1,5,1,8,,,10,7,31,26,26,24,25,25,18,13,15,19,20,23,17,16,21,8,1,30,29,32,24,23,7,23,17,13,19,14,20,13,17,11,11,6,25,27,21,14,13,22,23,39,30,34,26,33,31,42,40,21,27,26,24,22,22,23,18,26,19,25,22,32,29,26,,24,40,37,16,43,68,68,72,46,93,,13,4,,25,31,31,23,30,23,22,21,,,43,51,20,16,21,,23,27,47,39,,,,,35,31,20,26,3,13,23,,36,23,31,35,43,89,96,93,17,9,29,18,8,3,,49,53,37,34,5,,63,55,8,3,12,10,62,64,11,25,39,49,5,21,20,,63,,55,54,7,8,5,7,34,34,37,46,23,7,5,8,,,61,32,2,16,75,67,63,59,80,71,45,20,60,68,49,30,18,46,,6,5,42,,79,45,42,62,46,74,46,33,36,77,65,76,35,78,46,6,6,12,10,79,38,34,51,20,25,17,53,64,,23,35,42,9,7,10,39,65,107,24,19,17,11,55,25,3,2,4,4,2,12,8,11,15,27,29,8,3,14,35,21,10,16,3,12,22,4,3,51,38,7,5,25,6,30,2,21,1,28,1,,43,25,39,29,20,,,38,5,4,15,15,5,14,12,5,15,12,28,26,25,11,,2,3,10,11,20,26,21,61,70,52,4,48,3,5,16,28,,3,39,20,14,,39,1,,2,7,7,7,5,7,23,56,8,34,2,5,6,9,10,7
20171215,7,O3_8h_24h,1,27,14,5,3,4,6,5,,15,5,,,,5,,17,10,4,,7,2,4,,,4,,6,4,7,3,2,2,22,8,8,12,12,8,11,11,8,10,,9,1,5,2,,14,3,12,16,14,6,54,,42,57,66,3,5,3,8,7,3,4,,4,7,7,10,5,8,7,5,3,7,3,6,,4,5,15,2,10,5,2,62,57,57,50,52,59,58,45,11,,7,,11,7,5,5,6,,8,43,45,56,52,61,59,60,22,29,59,24,20,6,16,14,25,26,16,24,25,38,30,81,,7,7,8,9,9,90,20,46,47,50,45,55,49,27,54,65,56,64,25,31,25,30,34,24,25,38,23,26,21,17,21,25,18,34,38,31,40,34,37,26,,,,,4,6,,10,6,14,,24,23,37,,27,20,20,36,19,24,27,24,16,,,,20,18,,41,25,20,44,44,,43,12,30,13,23,8,27,24,,12,,3,8,,3,9,16,2,1,2,2,2,4,3,5,2,4,3,2,,9,1,2,12,22,7,20,3,3,,,11,,5,10,,34,30,24,80,82,63,,1,2,20,25,16,8,6,20,15,19,26,35,25,27,48,17,21,30,51,,53,,39,32,47,66,,14,,29,19,20,13,32,,21,13,4,1,5,7,8,6,4,14,2,5,5,9,12,18,10,7,2,7,4,3,6,6,7,2,5,22,16,11,16,14,24,9,13,10,14,2,10,3,12,5,6,8,12,4,5,4,3,,5,5,4,16,5,7,4,18,,80,75,62,61,12,50,68,48,61,13,30,34,35,25,2,3,,1,1,1,6,2,1,4,5,2,2,2,2,1,6,6,9,16,1,12,13,21,7,8,9,10,,15,11,6,7,19,30,13,10,9,65,82,55,58,59,45,,39,34,30,22,30,21,,,,39,24,42,28,26,,32,17,16,12,,,19,37,24,26,20,28,22,14,23,10,22,15,35,47,5,16,9,6,28,13,23,32,44,,8,8,6,6,2,8,5,8,8,6,8,5,5,41,38,76,15,38,78,,43,81,68,,,,52,29,5,6,12,11,12,,48,8,7,10,8,7,4,5,4,2,4,46,4,9,11,55,57,53,59,53,48,57,34,46,49,46,35,24,18,21,40,34,26,28,19,21,16,18,13,,13,61,61,59,69,,5,,6,5,8,3,,,,15,,5,5,3,1,2,4,16,28,,11,11,11,6,,33,23,38,21,27,6,,17,,14,,10,22,18,31,23,26,1,6,28,24,46,43,42,3,10,9,,31,27,29,25,19,52,66,57,43,55,51,47,42,42,44,42,38,35,33,41,35,6,6,3,71,78,71,14,12,14,7,12,13,14,6,,18,19,,39,48,35,,6,8,4,20,,,8,10,6,70,,38,52,54,48,30,35,,31,21,,6,,3,3,11,11,6,10,34,10,,3,3,5,,29,28,13,35,63,20,28,5,25,15,18,17,18,5,20,18,15,3,6,10,5,15,9,9,24,52,12,20,44,,75,12,18,23,12,6,16,21,16,16,36,28,11,9,24,19,12,15,13,18,26,26,30,26,52,13,16,18,20,18,6,16,88,5,6,,8,6,3,,2,5,7,,,,,,,3,4,3,6,1,3,5,14,3,2,,,34,7,7,10,11,4,6,10,8,8,21,15,22,6,,12,,,11,,48,34,34,26,17,9,18,9,25,22,17,20,12,38,12,10,14,54,54,16,18,10,11,22,23,13,20,23,23,8,15,7,11,12,11,15,8,35,,,48,25,16,22,24,50,26,40,51,60,48,47,25,20,,24,38,40,5,5,3,5,4,3,12,5,19,8,6,5,25,12,6,8,8,9,10,8,2,2,4,1,72,67,74,50,,32,80,70,70,27,23,28,53,13,53,54,205,11,4,18,27,6,4,5,27,6,4,10,5,17,10,26,19,8,1,37,26,44,53,36,6,25,,22,15,34,32,43,,29,38,,,60,52,36,20,18,15,81,25,28,31,12,24,9,51,56,31,29,,54,3,8,,,26,22,4,2,5,6,3,6,7,8,5,,26,40,26,19,24,20,25,31,16,17,11,,16,5,,6,6,13,10,,10,6,6,10,8,17,,21,61,60,68,39,36,52,35,,61,38,71,73,,,54,63,31,45,89,92,92,25,26,34,29,26,25,9,13,8,14,15,8,5,6,12,4,4,12,16,10,3,24,7,9,6,12,25,32,18,27,41,18,26,46,20,28,53,58,54,8,39,39,58,54,63,31,36,31,44,20,33,17,65,16,1,33,60,57,56,21,20,17,44,31,60,50,10,,42,,18,23,22,25,18,6,15,10,32,7,53,26,18,2,38,27,22,37,24,25,33,42,34,70,13,,,18,22,24,35,25,32,31,27,16,,26,40,58,28,42,66,65,36,62,65,32,35,34,27,82,36,37,22,25,27,27,17,11,11,26,24,24,31,33,30,5,1,2,2,14,7,8,7,8,6,4,13,13,13,13,16,18,9,11,7,17,11,9,10,20,22,20,17,19,16,15,15,14,18,13,12,10,14,6,10,4,,8,3,4,6,,10,4,2,,,4,13,,2,4,13,11,6,14,8,11,13,,3,2,,8,6,4,4,7,43,7,7,3,5,4,4,8,18,23,27,14,14,10,,10,15,,24,3,1,2,3,7,15,12,4,11,1,2,2,2,2,3,16,14,15,12,12,10,4,6,19,18,19,6,1,6,1,10,,,10,7,31,27,26,24,25,25,18,14,15,19,20,23,17,19,22,8,4,36,34,39,28,26,10,23,17,13,19,14,22,13,22,14,11,6,25,29,21,14,13,24,23,39,33,37,29,39,34,43,40,23,28,28,26,26,23,24,19,34,20,32,22,44,36,32,,30,41,37,17,54,68,84,74,50,95,,14,5,,31,39,36,28,35,24,22,21,,,49,53,20,16,21,,25,27,47,39,,,,,35,31,22,28,4,16,23,,36,28,31,35,44,92,100,95,17,9,32,22,32,3,,49,53,40,38,6,,65,68,11,4,14,10,62,73,11,25,52,69,6,21,20,,69,,69,63,12,9,6,9,34,34,37,46,28,19,20,8,,,71,32,3,16,76,67,69,72,83,73,49,21,68,75,52,34,20,46,,6,6,52,,92,49,77,96,65,82,58,46,48,78,77,80,36,78,50,6,6,16,15,79,38,40,55,20,25,17,53,64,,23,39,42,10,9,12,39,65,110,24,19,29,11,58,29,3,2,4,7,2,12,14,11,15,27,29,8,10,16,37,23,11,20,3,18,24,6,3,52,39,9,6,33,6,30,2,23,1,39,7,,43,25,39,29,21,,,38,5,10,15,15,6,16,12,6,30,12,30,35,25,11,,9,4,10,13,27,33,24,61,70,53,4,48,3,5,18,33,,3,45,21,14,,40,2,,2,7,7,7,5,14,61,56,8,38,2,15,6,9,10,7
20171215,7,CO,0.9,0.4,1.4,1.2,1.1,1,1,1.6,2,0.7,1,2.1,,,2.3,,1.3,2.4,2,,2.5,1.7,1.8,,1.7,1.8,,2.7,2.3,3.2,2.5,1.9,1.8,1.3,2.2,2.5,2.1,2.4,2.3,2.3,3.5,2.7,3.1,,3.2,2.3,2.6,2.1,2.7,2.9,3.6,3.7,3.2,3.9,3.2,0.3,,0.3,0.5,0.8,2.1,2.5,2.5,2.8,1,1.7,1.8,,1.4,1.7,1.4,1.4,2.5,2.6,2.5,2.8,2.8,2.7,2.9,2.7,,3.3,4,3,3.2,3.2,3,3.2,1.2,0.6,0.7,0.7,0.5,0.5,0.4,1.2,1.6,1.7,1.4,,1.5,1.1,1.7,1.4,1.2,,1.9,1.4,1.3,1.5,1.5,1.5,1.3,1.3,1.7,1.6,0.8,1.2,1.3,1.5,0.9,1.3,1.4,1.3,1.2,1.1,1,1.2,1.3,1.5,,0.5,1.3,1.1,1.2,1.5,1,1.3,3,0.3,0.8,0.7,0.5,0.8,0.9,0.7,0.5,0.5,0.3,0.5,0.7,0.2,0.9,0.6,0.8,0.5,0.2,0.5,0.8,0.8,0.9,0.5,0.7,0.6,0.2,0.8,0.7,0.5,0.9,0.8,0.6,1.3,,,,1.3,1.2,,1.3,1.1,1.1,,0.7,0.2,0.4,,0.7,0.8,1.1,0.8,1,0.9,1,0.8,1.1,,,,0.9,0.6,,0.2,0.3,0.5,0.9,0.5,,0.6,0.7,0.8,0.6,0.5,0.7,1,0.6,,0.7,,1.9,1.5,1.4,1.1,1,0.7,0.9,1.1,1.1,1,1,0.8,0.7,0.6,1.2,0.8,0.8,0.9,,0.7,1,0.9,0.5,0.4,0.5,0.7,0.8,1.2,,,0.7,,0.8,0.6,,0.6,0.7,0.8,0.7,0.6,0.6,,0.8,0.7,0.6,0.6,0.7,0.9,0.8,0.9,0.6,0.6,1,0.6,0.8,0.6,0.6,0.6,0.4,0.3,0.6,,,,0.6,0.3,0.3,0.4,,0.7,,0.8,1,0.8,1,0.9,,1.4,1.7,1.7,1.8,1.7,1.8,1.4,1.7,1.4,2.2,1.3,0.9,1.2,1,0.9,1,0.9,1.7,1.1,1.2,1.7,1.6,1.9,1.3,1.6,1.1,1.7,0.8,0.9,1.1,0.9,0.7,1.1,0.8,0.8,1.2,1.2,1,1,1,1,1.1,1,0.9,1.1,1.2,0.7,1.2,1.2,,0.8,1,1,0.9,1,0.9,0.8,0.9,,0.8,0.7,0.6,0.6,0.7,0.8,0.6,0.6,0.5,0.8,1,1.1,1,1.2,0.9,1.3,0.9,1.2,1,1.1,1.2,1,1.3,1.1,1,1.3,1.2,1.2,1.1,1.1,1.1,1.1,1.1,1.3,1.2,1.4,1.1,1.2,1.3,1,1.1,1.4,,0.7,0.9,1.3,1.2,1.4,1.2,0.9,1.1,1.4,0.5,0.5,0.4,0.4,0.6,0.8,,1,0.7,0.9,0.9,0.9,0.6,,,,0.9,0.8,0.7,1,0.9,,0.8,0.8,0.9,0.8,,,0.8,0.8,0.9,0.8,1,0.9,0.6,0.8,0.8,0.8,1,1.4,1,0.6,1.4,1.3,1.6,1.1,0.6,0.8,0.9,0.4,0.5,,2.1,2.8,2.3,1.5,1.8,1.8,1.9,2,2.5,1.9,2.1,2.3,2,1.2,1.1,1.4,1.4,2.2,1.7,,1.9,1.8,0.3,,,,1.9,0.9,1.5,1.3,1.9,1.2,1.2,,1.7,0.8,0.9,0.9,1.1,1.1,0.8,0.8,0.8,0.9,0.9,0.7,0.7,1,1.6,0.4,0.6,0.4,0.4,0.4,0.2,1,1.3,0.6,0.9,1.5,,0.4,1.1,,1,1,1,1.1,0.9,0.7,0.7,1.7,1.2,,1.3,0.5,0.6,0.4,0.6,,3,,1.7,1.4,1.8,1.9,2.1,,2,1.8,,1.5,1.7,1.2,2,3.1,3.9,1.7,5.9,3.5,4.9,1.4,1.4,1.2,,0.8,1.1,1.3,0.9,1.2,1.5,,1.5,,2,,1.8,1.2,1.4,1,2.3,1.1,1.4,1.2,1.1,1,0.6,0.7,0.7,2.1,1.9,1.7,,1.1,1.1,1.1,1.1,1.4,0.8,0.6,0.6,1,0.7,1,0.9,0.8,0.9,0.8,0.7,1,1,1.9,1.9,1,1,1.1,1,0.8,0.8,0.6,1.1,0.9,1,1,1,1.2,1.1,1.1,,0.9,0.9,,1.2,1.2,1.2,,0.8,0.9,0.7,1.5,,,2.9,1.9,2.5,0.8,,0.4,1.2,0.6,0.6,1.9,2.3,,2,2.2,,4.6,,3,3.4,4,2.3,1.6,1.9,4.4,2.4,,4.7,0.5,1.3,,2.7,2.9,2.4,6.5,2,2.7,3,1.8,1.9,1.6,1.8,1.6,1.7,3.7,3.7,3.4,3.3,3.7,3.2,1.3,1.4,1.5,1.1,1.4,1.3,1.2,2,1.4,1.2,,1.2,1.3,1,1.1,1,1.8,1.2,1.2,1.2,1.6,1.1,1.1,1.2,1.8,0.8,1,0.7,1.1,0.7,0.9,0.7,0.5,0.8,0.6,0.6,0.6,1,0.5,1.2,1.2,0.5,0.4,0.3,1.9,1.6,,2.6,2.6,1.7,1.5,2.7,2.9,2.5,,2.9,,1.7,1.5,1.6,2.4,2.6,1.7,1.8,1.6,1.7,1.8,1.6,1.6,1.8,,1.3,1.5,1.2,1.5,1.8,1.1,1.1,1.4,1.2,1.3,1,0.9,1.1,1.2,1,,1,,,1.4,,1.5,1.2,0.9,0.8,0.9,0.9,1,0.9,0.8,1.4,1.2,0.9,1.3,1.5,1.3,1.5,1.2,0.4,0.5,1.1,0.8,1.1,1.3,,1.1,1,0.8,1.1,0.9,6.4,1.6,2.2,2.5,0.7,0.6,0.5,0.3,0.9,,,0.7,1,0.7,0.9,0.9,0.8,0.8,0.8,0.6,0.7,0.7,1,0.7,1,,0.9,1,1,2.3,2,1.6,2,1.5,2.7,1.6,2.3,1.8,2.5,3.5,2.5,0.6,1.3,1.7,2.1,1.1,2.7,1.8,2.1,2,1.9,1.5,1.8,0.4,0.4,0.3,0.6,,0.4,0.6,0.4,0.6,0.6,0.7,1,0.7,1.1,2.3,3,1.4,2.5,2.7,1.7,1.7,1.5,1.4,1,1.1,1.8,1.4,1.5,1.1,1.5,1.5,1.2,1.5,2.7,1.7,1.3,1.2,1.2,1.3,0.8,1.4,1.2,,0.8,0.9,0.9,0.4,0.4,0.6,0.7,0.5,,0.2,0.2,0.8,0.6,0.6,0.7,0.9,0.6,0.8,1.1,1.1,1.2,0.8,1.1,0.4,0.4,0.4,0.5,,0.8,0.4,0.4,,,1.8,0.8,0.8,1.7,1.3,2.1,1.9,1.5,1.5,1.5,1.2,,0.6,0.5,6,3.5,4.7,5,1.8,4.4,0.6,1.1,0.8,,0.9,3.4,,2.8,3.2,2.2,2.3,,1.8,1.8,5.3,3.1,3.5,1.3,,2.1,0.8,0.8,1.3,0.5,1.1,1.4,1.1,,0.6,0.6,0.5,0.2,,,0.5,0.2,1.4,0.4,0.7,0.5,0.3,0.5,0.4,0.4,0.4,0.6,2.6,2,2.3,2,1.3,0.8,0.9,0.6,3.7,2.9,4.1,2.4,0.9,1.2,1.4,2.5,1.6,3,2.4,1.6,1.7,1.1,1.2,1.2,0.5,0.9,1.1,1,0.5,2.3,2.7,1,1,1.6,3.1,0.3,1,0.9,0.5,0.4,0.5,0.7,0.4,1.3,0.7,1.5,1.3,0.5,2,1.5,0.7,0.8,0.6,0.6,1.7,1.6,0.7,0.7,0.4,0.6,0.5,0.5,,0.5,,0.5,0.4,0.4,0.6,0.7,0.9,1,1.2,0.8,0.9,0.8,0.9,0.7,0.8,0.3,0.6,0.6,0.4,0.6,0.6,0.5,0.4,0.4,0.7,0.7,,,0.9,1,1,0.5,0.4,0.6,0.6,1.1,0.8,,0.6,0.6,0.7,0.7,0.6,0.5,0.5,0.5,0.5,0.4,0.6,0.6,0.5,0.6,0.4,0.4,0.6,0.4,0.6,0.4,0.7,0.5,0.6,1,0.6,0.4,0.5,0.6,0.6,0.5,1.3,1.1,1.1,0.9,1,0.6,0.6,0.7,0.7,1,0.2,0.3,0.6,0.5,0.6,1.4,1.5,1.5,1.2,1.5,0.7,0.6,0.7,0.7,0.5,0.5,0.7,0.8,0.7,0.8,1,0.7,1,0.7,1.3,1.1,0.8,0.9,2,2,1.7,,1.8,1.6,1.9,1.8,,1.9,2.1,1.8,,1.9,1.4,1.2,1.2,1.5,1.9,1.5,1.6,1.8,1.8,1.9,1.7,1.4,,1.1,0.9,1,0.6,0.7,1,0.7,0.9,1,1.3,1.4,1.4,2.1,1.6,1.2,1.1,0.9,1,0.6,0.8,1.2,1.2,,1.3,1.5,,0.1,1.2,1.4,1.4,1.4,1.2,1.2,1.2,1.1,0.8,0.7,1.4,1.5,1,1.1,1.4,0.9,1,1,0.9,1.1,1.5,1.9,1.7,1.6,1.4,1.2,1.3,1.6,1.3,1.6,0.8,,,0.6,0.9,1.2,1.6,0.9,0.7,0.6,0.4,1.2,1.3,2.5,1.7,,0.2,,1.2,0.8,1,0.9,1.1,0.9,1,1.2,0.7,1.1,0.8,0.7,0.9,1,1.1,1.1,1.3,1,1.2,0.8,0.9,1,0.9,1,1,0.9,1.2,1,0.6,0.9,0.8,1,0.7,0.6,0.6,0.6,0.7,0.7,0.4,0.3,0.7,0.7,0.6,0.8,0.5,0.3,0.4,,0.8,0.8,0.9,,0.8,0.7,0.7,0.8,0.9,0.7,0.7,0.6,0.9,0.6,,1,1.1,,0.8,0.7,0.8,0.5,0.7,0.3,0.9,0.4,,,0.9,0.7,0.7,0.9,1,,1.1,1.4,1.2,0.7,,,,,1.4,1.2,1.1,1,0.9,1.3,0.9,,1,0.9,0.8,0.9,0.7,1.1,0.8,0.7,0.6,0.6,0.8,1.3,0.8,0.9,,0.5,0.4,1,1.2,0.5,,0.7,0.9,0.7,0.9,0.8,0.9,1,0.8,1.4,0.7,0.8,0.9,0.8,0.9,1.4,,0.6,,0.4,0.3,1.1,1.4,1.4,1.4,0.9,1,0.8,0.9,0.8,1.2,0.8,1.2,,,0.6,0.8,1.8,2.5,0.6,0.5,0.3,0.2,0.2,0.7,0.8,0.6,0.6,0.9,0.6,1.7,1.6,0.5,,2.1,2.7,2,,1.1,1.3,1.9,0.8,0.8,0.8,0.4,0.2,0.6,0.5,1,0.4,0.6,0.7,0.4,2.8,2.6,2.4,3.5,0.7,3.8,0.8,0.7,1.5,1.5,1.3,1.6,0.6,,1,3.3,1.2,1.7,1.8,1.7,0.4,0.2,0.8,0.7,0.8,1.7,3.2,0.6,2,1.1,2.3,2.1,2.5,2.6,3.1,1.1,1.6,1.4,0.3,0.2,0.7,0.6,0.8,0.5,0.7,1.6,1.3,1.8,0.8,0.8,4.6,1.6,2.5,0.9,1.4,1.2,0.7,0.8,0.6,1,0.6,1.9,0.6,0.8,2.9,0.7,0.5,2.7,1.4,1,0.6,1.4,0.6,1.4,0.9,1,0.3,1.4,1.5,1,1.7,1.2,1.1,0.8,0.8,0.7,3.7,,1.9,2.2,1.5,1.1,0.9,0.8,0.9,1,0.4,0.3,2,0.4,1.5,1.8,0.9,0.5,1.8,1.8,0.7,1.6,0.3,1.9,0.4,2.4,,1.9,0.8,0.8,0.7,0.9,1.2,1.6,0.3,2.6,1,1.6,0.8,1.5,1.2,1.2,2.4
20171215,7,CO_24h,1.7,1.6,1.7,1.9,2,1.5,1.9,2,1.9,1.7,1.9,1.9,,,1.9,,1.3,1.7,1.7,,2.1,1.3,1.3,,1.5,1.5,,1.6,2,2.3,1.6,1.5,1.4,1.3,2.3,2.9,2.4,2.6,2.8,2.4,2.1,2.3,2.5,,2.4,1.6,1.9,1.6,1.8,2.3,2.3,2.3,2.6,2.7,2.3,1.1,,0.9,1.3,1.6,1.9,2.3,2.1,3.2,2,1.8,1.6,,1.4,1.4,1,1.1,1.7,1.7,1.4,2,2,1.8,2,3,,3.1,3.3,2.8,3.1,2.9,3,3,1.2,1.3,1.2,1.8,1.3,1.2,1.3,1.7,2.4,3.1,2.8,,2.7,2.9,3,2.7,2.5,,2.7,1.1,1.1,1.1,1.2,1.1,0.8,0.8,1.3,1.4,0.7,1.5,1.6,1.5,1.1,1,1.2,1.9,1.3,1.3,1.4,1.1,1.2,1.3,,0.7,1.5,1,1.5,1.4,1,1.5,1.7,0.4,0.9,0.8,0.5,0.8,0.9,0.8,0.5,0.6,0.4,0.4,0.7,0.3,0.7,0.8,0.9,0.6,0.2,0.5,0.6,0.9,0.9,0.6,0.7,0.6,0.3,0.7,0.7,0.6,0.9,0.8,0.7,1,,,,1.1,1,,1,0.7,0.8,,0.7,0.2,0.5,,0.7,1,1,0.9,1,0.8,1,1,1.1,,,,0.9,0.7,,0.2,0.4,0.6,0.9,0.6,,0.6,0.6,0.9,0.6,0.5,0.7,1,0.6,,0.7,,1.7,1.4,1.3,1.1,0.9,0.7,0.7,1.1,1.1,1,0.9,0.7,0.7,0.6,0.9,0.8,0.8,0.8,,0.8,0.9,0.8,0.6,0.5,0.6,0.7,0.6,1.1,,,0.7,,0.8,0.7,,0.8,0.8,0.8,0.7,0.6,0.6,,0.8,0.8,0.6,0.6,0.7,0.8,0.7,0.8,0.8,0.7,1.1,0.7,0.8,0.7,0.7,0.8,0.6,0.8,0.6,,0.7,,0.6,0.5,0.3,0.4,,0.6,,0.7,0.9,0.8,0.9,0.8,,1.2,1.7,1.9,2.1,1.9,1.9,1.8,1.9,1.7,1.3,0.9,1.3,0.9,0.8,0.7,0.8,1,1,1.3,1.4,1.6,1.6,1.7,1.3,1.7,1.1,1.7,0.6,0.8,0.9,0.7,0.6,0.8,0.7,0.9,0.9,1,0.8,0.9,0.9,0.8,1,1,0.9,1,1,0.7,1.4,1.3,,0.8,1,1.1,0.8,1.1,1.1,1,1,,0.7,0.7,0.7,0.7,0.6,0.7,0.6,0.7,0.6,0.7,0.9,0.9,0.9,1,0.9,1.3,1,1.2,1.1,1,1.1,1,1.3,1.2,1,1.2,1.2,1.2,1,1.1,1.1,1.1,1.3,1.2,1.2,1.3,1,1.2,1.2,1,1.1,1.3,,0.7,1,1.3,1.3,1.4,1.5,0.8,1.1,1.5,0.5,0.4,0.4,0.4,0.6,0.7,,1,0.8,1,1,0.8,0.8,,,,0.8,0.9,0.7,0.9,0.8,,0.8,0.7,0.8,0.7,,,0.8,0.6,0.8,0.7,0.9,0.8,0.6,0.8,0.8,0.8,1,1.2,1.1,0.8,1.3,0.8,1.2,1,1.1,1.8,1.2,0.6,0.9,,1.9,2.4,2,1.5,1.7,1.8,1.7,2,1.9,1.8,1.8,2.2,1.8,1.5,1.3,2.1,0.9,1.4,2,,1.7,2,0.6,,,,1.5,1.5,1.1,1.3,1.7,1.2,1.1,,1.5,0.7,0.8,0.8,0.9,0.9,0.8,0.7,0.7,0.9,0.8,0.7,0.6,0.8,1.4,1,1.1,1,1.4,1.1,0.8,1.1,1.1,0.9,1.2,0.9,1.9,2.7,3.2,2.1,1.1,0.8,1,1,2.6,2.7,1.8,2.4,2.3,,2.1,0.5,0.6,0.4,0.6,,2,,1.4,1.2,1.4,1.6,1.9,,1.8,1.5,,1.2,2,1.7,2.2,2.9,2.9,2.1,2.8,2.8,3.3,1.1,0.9,0.9,,0.7,1,1.2,0.8,1.1,1.4,,1,,1.4,,1.2,1,1.2,1.1,1.6,1.2,1.3,1,0.9,0.8,0.5,0.6,0.6,1.6,1.3,1.3,,1.1,1,1.1,1.1,1.5,1,0.7,0.7,0.8,0.6,0.7,0.9,0.8,0.9,0.7,0.7,1,0.8,1.4,1.2,0.8,0.8,1,0.8,0.8,0.8,0.6,1.1,0.9,1.1,1,1.1,1.2,1.2,1.2,,0.7,0.6,,0.9,0.9,0.9,,0.9,1,0.7,1.1,,,2.7,1.9,2.6,2.5,,1.9,3.1,3.2,2.6,1.9,1.8,,2,1.9,,3.1,,2.2,2.6,2.7,1.9,1.2,1.9,3.1,2.1,,2.4,1.5,1.7,,5.4,3.5,5.7,4.7,4.5,3,1.8,1.8,1.6,1.1,1.3,1,3.1,3.1,3.9,4.5,2.8,2.3,2.4,1.6,2.1,1.6,1.6,1.9,1.5,1.1,2.8,1.8,1.5,,0.8,1.2,1.3,1.5,1.4,1.5,1.2,1.1,1.5,1.7,0.8,1.4,1.3,1.5,0.9,1.3,0.7,0.8,0.7,0.8,0.5,0.5,0.8,1.3,0.8,0.6,0.7,0.5,1,0.8,0.6,0.5,0.2,1.8,1.7,,1.7,1.6,1.9,1.6,1.9,1.6,1.9,,2,,1.6,1.5,1.4,1.9,2,1.4,1.9,1.4,1.4,1.6,1.4,1.5,1.7,,1.3,1.3,1.1,1.5,1.5,1,1.3,1.4,1.3,1.3,0.8,0.8,0.9,1,0.8,,1,,,1.3,,1.4,1.1,1.1,0.9,1,0.9,1,0.7,1.2,1.7,1.1,1.2,1.2,1.8,1.3,1.4,1.2,0.5,0.5,0.8,0.8,1,1,1,1,1.1,1.1,1.2,1.1,4.8,2.1,2.4,2,0.8,0.7,0.7,0.5,1,,,0.8,0.8,0.7,0.9,0.8,0.8,0.9,0.8,0.7,0.8,0.8,1,0.6,0.9,,0.9,1.1,1.1,1.8,1.8,1.4,1.7,1.9,2.5,1.8,2.1,1.7,2.1,2.7,2.4,1.5,2,1.7,2.2,1.4,1.9,1.7,2.1,1.5,1.5,1.3,1.5,0.6,0.7,0.5,0.6,,1.1,0.7,0.8,0.8,0.9,0.6,0.6,0.8,1.2,2.6,3,1.5,1.5,1.5,1.9,1.8,1.3,1,1,1.1,1.3,1,1.3,0.8,1.2,1,1.3,1.8,2.2,1.4,1,0.9,0.9,1.1,0.9,1.3,1.2,,0.9,1,1,0.5,0.3,0.5,0.7,0.3,,0.3,0.2,0.8,0.6,0.6,0.8,0.9,0.5,0.8,1,1.1,1.2,0.6,0.7,0.3,0.4,0.5,0.6,,0.9,0.5,0.6,,,1.6,1.1,0.7,1.5,1.4,1.7,1.6,1.4,1.5,1.4,1.3,,0.6,0.5,1.8,1.5,1.6,1.6,1.1,1.2,2.1,2,2.2,,1.9,3.2,,2.8,3.1,1.8,2.1,,1.6,1.6,2.5,2.7,2.5,2.2,,2.7,0.7,0.5,1.1,0.9,1.5,0.9,0.7,,0.7,0.6,0.5,1,,,1,0.5,0.7,0.4,0.7,0.6,0.3,1.4,1.2,1.1,1.3,1.5,4.3,5.5,3.7,6.1,1.8,1.3,1.4,1.4,2.5,2,3,2.4,1.3,1.5,1.9,2.5,1.5,3.1,3.2,1.5,1.7,0.9,1.1,1.2,0.6,0.9,1.1,1,0.7,1.4,2.3,0.9,1.2,1,2.6,0.2,1.1,0.7,0.6,0.7,0.6,0.7,0.3,0.9,0.8,0.7,1,0.3,1.7,0.9,0.6,0.9,0.9,1,1.6,1.3,1,0.7,0.5,0.7,0.6,0.5,,0.6,,0.5,0.6,0.5,0.6,0.6,0.8,0.8,1,0.7,0.7,0.8,1,0.6,0.7,0.6,0.7,0.7,0.6,0.6,0.6,0.5,0.5,0.4,0.5,0.7,,,0.8,0.9,1,0.6,0.6,0.6,0.6,1.1,0.9,,0.7,0.7,0.6,0.7,0.6,0.6,0.6,0.5,0.5,0.4,0.6,0.6,0.6,0.5,0.4,0.4,0.6,0.4,0.5,0.4,0.6,0.6,0.6,1.1,0.7,0.3,0.5,0.5,0.6,0.4,1.1,1.3,1.2,1.1,1.2,0.6,0.4,0.5,0.6,0.7,0.2,0.5,0.7,0.6,0.7,1.5,1.6,1.6,1.3,1.7,0.7,0.6,0.8,0.7,0.9,0.9,1.2,1.2,1.2,0.5,0.6,0.5,0.7,0.3,1.1,0.9,0.8,1.4,2.1,1.9,1.5,,1.9,1.6,1.9,1.8,,1.9,1.9,1.9,,1.8,1.3,1.3,1.5,1.6,1.8,1.5,1.6,1.6,1.7,1.3,1.4,1.1,,1.3,1.2,1.3,0.6,0.7,0.9,0.8,0.9,1.1,1.2,1.4,1.3,2.1,1.6,1.3,1.4,1,1,0.6,1.5,1.4,1.3,,1,1.2,,0.6,1.2,1.2,1.3,1.2,1.2,1.3,1.2,1.2,0.9,0.6,1.2,1.4,0.9,1.1,1.3,1,1.1,1,0.9,1.1,1.4,1.8,1.5,1.5,1.4,1.1,1.1,1.4,1.1,1.6,0.8,,,0.7,0.9,1.1,1.5,1,0.6,0.7,0.6,1.2,1.9,1.8,1.7,,0.2,0.4,1.2,0.9,1.5,0.9,1.1,1,1,1.2,0.7,1.1,0.8,0.7,1,1,1,1.1,1.3,1,1.2,0.9,1,1,0.8,1,1,1,1.2,0.9,0.7,0.9,1,1,0.6,0.6,0.8,0.7,0.7,0.7,0.4,0.4,0.7,0.8,0.8,0.9,0.5,0.4,0.5,0.2,0.8,0.8,0.9,,0.7,0.8,0.8,1,1,0.9,0.7,0.7,0.8,0.6,,0.7,1,,0.8,0.7,1,0.6,0.7,0.6,1.1,0.5,,,0.8,1,1,1,1.2,,1.3,1.1,1.3,0.7,,,,,1.5,1.2,1.2,1,1.2,1.3,1.1,,1,0.9,0.9,1.1,0.9,1,0.9,0.8,0.5,0.6,0.8,1.4,0.9,0.9,,0.4,0.5,1,1.1,0.7,,0.7,1,0.8,0.9,0.8,1,1.1,1,2.1,2.5,0.8,1.1,1.7,1.1,2,,0.4,,0.3,0.3,1,1.3,1.2,1.3,1.4,1.6,1.5,1.3,0.8,1,0.8,1,,,0.8,1.4,1.8,2.1,0.9,1.2,0.3,0.2,0.7,0.7,0.8,0.7,1,1.2,0.9,1,1,0.8,,2.6,2.4,1.5,,1.3,1.7,1.8,0.9,0.8,0.9,0.3,0.3,0.5,0.5,1,0.5,0.7,1,0.4,3.1,3.8,2.8,3.2,0.7,2.1,1.1,0.7,1.3,1.8,2,2,2.8,,3.6,3,2.9,2,1.9,1.6,0.7,0.5,0.7,1,1,1,2.6,0.6,1.8,1.2,1.8,1.7,1.6,2.3,2.9,1,2.6,2.3,0.3,0.3,0.6,0.5,0.8,0.6,0.7,1.1,1,1.7,0.7,0.8,2.5,1.4,1.4,1.2,3.1,2.2,0.7,0.8,0.7,1,0.7,1.8,0.6,0.8,2.3,2.5,1.1,2.9,2.1,1,0.7,1.2,0.7,1.2,0.9,1.1,0.3,1.1,1.2,0.8,1.3,1.2,1.4,0.8,0.8,0.9,2.6,,1.6,2,1.5,1.1,0.8,0.8,0.9,1.2,0.9,1.3,1.3,0.5,1.4,1.5,0.7,0.5,1.5,1.8,1.3,1.6,2.2,1.5,0.6,1.6,,1.6,0.9,0.9,0.8,0.8,1.4,1.6,0.9,1.8,1,1.7,0.7,1.4,1.1,1.2,1.8
20171215,8,AQI,62,36,50,61,41,45,37,88,108,40,44,50,,,215,,188,212,185,,183,190,188,,195,215,,230,230,283,199,218,219,182,137,160,153,193,183,152,92,94,115,,144,250,243,285,,231,241,251,313,250,230,44,,22,29,33,78,100,72,113,31,153,168,,150,196,189,202,235,251,249,240,220,233,238,334,,319,410,322,354,318,322,355,46,24,16,25,18,20,50,51,147,118,125,,170,114,103,90,127,,200,95,102,94,107,84,83,83,114,109,,69,85,102,72,87,102,165,99,92,100,205,144,122,,125,135,193,176,192,169,200,291,43,26,31,24,27,25,36,30,29,34,43,42,52,49,60,62,53,53,51,30,42,32,31,45,43,39,47,35,34,29,30,30,129,,,,185,163,,163,204,192,,58,47,50,,33,49,51,44,52,42,51,39,53,,,,57,77,,53,57,55,40,41,,38,83,73,70,54,82,50,45,,51,,138,102,132,39,55,16,50,43,40,62,55,59,55,35,90,69,103,74,,87,71,57,53,44,47,46,62,62,,,31,,42,51,,27,51,41,25,24,27,,,102,42,42,40,32,33,62,42,39,55,48,53,62,42,46,45,48,17,,26,,28,19,13,22,,29,,17,19,43,26,18,,39,180,198,208,185,206,195,207,180,113,138,133,114,134,102,132,123,115,189,190,210,198,202,206,195,186,204,48,64,59,54,64,82,62,57,94,113,49,72,59,77,62,62,64,58,65,57,40,33,,36,38,40,28,35,28,43,26,,54,53,60,56,61,65,38,51,51,74,55,89,62,51,41,52,36,42,48,41,30,26,59,57,48,54,54,63,49,57,49,60,45,50,69,48,43,40,55,64,67,59,,48,28,29,35,19,30,18,32,42,34,40,40,37,40,49,,82,62,80,70,69,78,,,,79,84,74,73,72,,92,104,112,115,,,102,20,30,30,31,18,18,30,29,20,27,52,40,43,77,56,116,61,33,49,28,23,,,264,249,242,240,242,262,261,220,265,215,259,226,239,87,77,72,78,83,82,,80,87,62,,,,54,63,98,107,73,89,94,,83,67,73,68,74,74,43,42,42,36,38,26,25,55,60,22,30,26,26,20,25,47,59,52,56,55,78,90,73,69,79,93,72,60,50,52,51,97,52,59,49,24,24,27,22,,193,,134,139,173,166,180,,195,203,,203,199,196,192,253,286,205,255,250,260,117,175,149,,104,100,158,122,73,85,,172,,166,,189,119,117,158,196,162,213,115,118,130,72,85,79,221,208,213,,20,22,18,46,33,39,29,25,68,32,,104,99,100,108,108,113,87,90,78,55,39,93,45,43,43,59,25,29,23,75,75,57,26,21,,77,77,,85,114,92,,50,53,32,22,,,178,175,112,29,,28,20,20,18,165,149,,153,152,,254,,301,289,263,253,264,246,240,240,,201,64,80,,147,137,137,137,128,143,170,198,152,140,216,112,153,144,172,185,147,134,129,74,118,107,67,58,123,98,118,102,93,,98,123,82,114,80,270,71,113,107,132,78,115,89,110,123,78,55,72,77,68,55,53,46,54,62,42,40,49,38,30,45,39,12,218,198,,205,211,137,169,248,294,264,,294,,124,112,134,189,220,198,156,196,195,170,198,196,204,,198,160,153,143,162,140,107,109,115,64,62,62,54,99,58,,77,,,65,,77,83,84,16,20,16,20,28,26,23,35,23,53,26,30,39,25,24,24,113,113,135,122,59,53,54,52,62,60,105,65,93,73,70,64,52,77,99,,,100,138,103,119,142,70,87,95,80,88,217,32,33,27,,17,60,43,288,268,283,264,139,227,112,138,99,102,139,108,54,103,172,179,166,235,166,159,183,212,205,229,57,28,54,42,,41,70,76,57,32,26,33,64,39,52,63,118,276,213,204,204,123,117,143,114,125,110,113,137,117,108,72,62,125,150,79,115,57,66,60,74,68,,40,41,33,26,32,33,33,42,,39,25,37,59,46,54,58,53,49,59,36,55,58,132,29,33,32,52,,47,63,54,,,127,108,32,133,103,158,127,150,206,182,207,,62,41,306,222,247,213,208,314,85,66,63,,107,236,,231,239,185,166,,179,155,316,242,258,152,,162,32,45,26,48,35,37,47,,18,43,28,23,,,16,18,35,20,41,39,33,48,37,30,19,23,147,137,173,134,159,83,122,168,359,213,269,166,139,165,90,130,117,113,107,139,102,64,51,48,35,54,82,53,58,176,211,51,57,95,224,23,80,53,50,36,47,71,27,90,62,94,70,74,120,138,37,26,29,20,65,98,60,15,70,54,72,40,,40,,72,49,48,63,70,130,132,139,53,70,55,84,72,65,23,22,20,52,39,30,24,38,53,46,105,,,98,105,113,32,39,26,45,153,155,,25,22,52,55,46,17,20,20,20,21,33,23,28,30,26,25,35,,29,20,22,28,27,36,26,25,16,12,29,25,25,28,23,13,26,26,22,26,32,21,18,23,23,25,25,18,28,28,32,25,28,22,32,40,30,29,25,28,28,35,30,33,35,21,47,39,48,49,192,153,144,,180,196,180,192,,207,190,132,,124,140,165,169,149,179,173,117,113,170,313,195,159,,144,139,122,33,52,68,57,67,64,104,122,94,113,125,128,144,42,43,55,130,128,130,,77,82,,43,46,46,48,55,92,95,79,117,98,16,18,17,28,21,25,23,20,23,20,25,93,80,64,65,69,18,40,33,15,16,29,,,36,26,18,23,25,32,43,18,23,16,32,29,41,41,46,23,12,29,29,12,10,13,12,16,14,12,13,13,10,18,15,22,25,23,16,10,10,20,19,29,26,12,13,68,75,64,95,90,69,60,67,102,85,110,89,29,32,55,35,82,73,69,79,73,62,87,,56,85,82,82,93,95,52,48,28,42,,80,110,,59,90,84,74,98,21,49,18,,,25,20,16,30,39,,25,23,27,19,,,,,19,15,14,14,20,19,16,,13,30,26,24,20,30,30,23,23,48,53,18,35,49,,31,33,22,33,26,,43,38,58,70,38,30,29,22,53,46,18,33,29,54,144,,23,,13,32,147,137,156,139,16,19,25,25,97,109,104,143,,,53,73,89,138,54,53,32,43,49,58,51,51,61,73,61,105,120,63,,62,105,66,,86,93,114,68,89,42,58,66,65,33,52,44,53,45,55,124,170,94,75,26,49,42,46,57,89,82,60,79,,75,112,88,139,150,128,17,21,37,29,49,45,84,25,160,35,99,196,225,213,237,182,135,122,57,55,66,53,33,49,100,190,153,214,115,21,69,61,59,65,,159,74,42,58,58,24,178,64,63,198,26,47,46,64,38,78,123,43,130,52,68,43,198,163,92,158,53,123,73,73,75,322,,206,193,170,26,70,110,92,19,24,16,218,32,208,143,26,13,202,144,175,93,36,179,20,206,,169,10,11,10,18,87,84,36,117,74,98,122,63,85,83,298
20171215,8,PM2.5,44,9,17,28,15,19,18,65,81,14,13,32,,,165,,141,162,139,,138,143,141,,146,165,,180,180,233,149,168,169,137,104,122,117,145,138,116,68,70,87,,110,200,193,199,,181,191,201,263,200,180,16,,5,20,23,57,70,52,70,14,117,127,,115,147,142,152,185,201,199,190,170,183,188,284,,269,364,272,304,268,272,305,16,7,2,8,10,5,10,19,112,89,95,,129,86,77,67,96,,150,71,76,70,80,62,61,61,86,82,,50,63,76,52,64,76,125,74,68,75,155,110,92,,95,103,145,133,144,128,150,241,16,14,14,11,17,17,10,12,10,14,29,23,36,34,43,44,29,37,27,21,29,22,16,31,26,19,29,24,19,20,21,21,98,,,,139,124,,124,154,144,,41,29,35,,20,34,25,23,36,29,30,27,36,,,,40,56,,37,40,39,28,17,,26,61,53,51,38,60,34,31,,10,,105,76,100,26,37,10,33,30,28,44,36,27,37,24,67,50,77,54,,64,47,34,37,27,26,32,44,38,,,19,,25,32,,16,32,24,17,10,11,,,76,29,29,28,22,23,44,29,27,39,33,37,44,29,32,31,33,7,,18,,17,13,4,15,,20,,9,13,30,18,12,,27,136,148,158,139,156,146,157,136,85,105,101,86,102,76,100,93,83,142,143,160,148,152,156,146,140,154,33,46,42,38,46,60,44,40,70,85,34,52,42,56,44,44,46,41,47,40,28,23,,20,26,23,19,24,19,30,18,,35,36,28,28,38,47,20,35,32,54,37,66,44,32,24,27,25,25,23,26,21,18,42,40,33,38,34,35,34,37,34,43,31,35,50,31,30,28,36,46,48,42,,31,19,20,24,13,21,6,22,29,12,13,16,13,11,21,,60,44,59,51,40,57,,,,58,62,54,53,51,,68,78,84,87,,,76,2,21,10,13,12,11,21,17,14,9,33,28,30,33,31,69,43,17,19,11,7,,,214,199,192,190,192,212,211,170,215,165,209,176,189,30,44,27,24,53,60,,53,64,38,,,,22,19,73,80,53,66,70,,27,48,53,49,54,54,30,29,21,25,26,18,17,37,43,14,21,8,18,4,16,11,19,5,19,11,57,67,51,50,58,69,52,43,35,30,24,72,35,42,34,10,12,8,7,,145,,102,106,131,126,136,,146,153,,153,149,147,144,203,236,155,205,200,210,88,132,114,,78,75,120,92,53,61,,130,,126,,142,90,88,120,147,123,163,87,89,99,52,63,58,171,158,163,,14,15,11,32,23,27,18,17,49,22,,78,74,75,81,81,85,64,67,57,39,27,27,30,26,19,42,17,20,14,55,55,40,18,14,,56,56,,63,86,68,,35,37,22,11,,,134,132,31,7,,11,1,11,9,125,114,,117,116,,204,,251,239,213,203,214,196,190,190,,151,44,59,,112,104,104,104,97,109,129,148,116,107,166,61,117,110,130,139,112,102,98,30,89,80,38,36,93,73,89,76,69,,73,93,60,86,59,220,49,85,80,100,57,87,66,83,93,57,39,52,56,49,39,37,32,38,44,29,28,34,26,21,31,27,5,168,148,,155,161,104,128,198,244,214,,244,,94,84,102,142,170,148,119,147,146,129,148,147,154,,148,122,117,109,123,107,80,82,87,46,44,44,38,74,41,,56,,,47,,56,61,62,11,14,11,14,19,18,16,24,16,37,18,17,27,17,8,8,85,85,103,92,42,37,38,36,44,43,72,44,51,44,51,46,36,56,74,,,75,105,77,90,108,51,64,71,59,65,167,22,23,13,,10,29,30,238,218,233,214,106,177,84,105,74,76,106,81,25,77,130,135,126,185,126,121,138,162,155,179,27,10,22,29,,13,51,39,21,22,18,23,46,19,36,45,40,226,163,154,154,93,88,109,86,95,83,85,104,88,81,52,44,95,115,58,87,36,45,43,54,49,,21,26,23,12,22,,19,29,,27,17,17,42,32,38,41,37,34,42,25,39,41,41,10,15,22,34,,13,45,38,,,96,81,7,101,77,120,96,115,156,137,157,,44,18,256,172,197,163,158,264,20,31,22,,39,186,,181,189,139,126,,135,118,266,192,208,116,,123,16,31,15,33,18,21,29,,8,30,10,7,,,11,,10,10,23,27,23,33,24,21,13,14,112,104,131,102,121,61,92,127,309,163,219,126,106,125,67,99,88,85,80,106,76,40,35,32,17,27,60,37,41,133,161,30,40,60,174,8,59,37,35,25,32,34,18,63,44,70,51,54,91,105,25,16,20,14,47,73,43,7,51,38,52,28,,28,,52,34,30,45,51,99,100,106,37,51,39,62,52,47,16,15,14,36,6,8,13,26,32,32,79,,,73,79,85,20,27,18,31,117,118,,14,14,36,39,32,10,8,10,11,4,23,16,19,21,3,17,24,,20,14,15,19,17,25,18,17,11,8,20,17,17,19,16,7,18,18,15,17,22,10,12,16,16,17,17,12,19,19,22,17,19,15,22,28,21,20,14,17,19,24,21,23,24,14,23,22,24,34,144,117,110,,136,147,136,144,,157,143,100,,94,107,125,128,114,135,131,88,85,129,263,146,121,,110,106,92,23,36,49,40,48,46,78,92,70,85,95,97,110,29,28,28,99,97,99,,56,60,,30,32,32,33,39,68,71,58,88,73,11,12,10,19,12,15,16,14,16,14,17,69,59,46,47,50,7,15,6,4,10,20,,,25,12,12,16,17,19,19,12,16,11,22,20,24,27,32,12,5,20,20,7,1,9,7,11,9,8,9,9,,12,10,15,15,13,11,5,4,14,13,20,18,8,9,49,55,44,71,67,50,43,47,76,63,83,66,20,22,39,24,60,53,50,58,53,44,64,,34,63,60,60,69,71,36,33,15,29,,59,83,,27,67,62,47,73,10,34,12,,,17,14,10,17,22,,15,16,7,13,,,,,7,8,5,3,13,13,6,,4,18,18,11,5,20,10,9,15,33,25,12,24,34,,18,23,15,16,15,,16,14,26,51,21,19,8,5,15,14,6,19,20,12,110,,10,,6,19,112,104,119,106,6,12,13,17,72,82,78,109,,,20,53,,105,29,22,7,24,17,38,32,33,42,51,35,79,85,32,,41,64,28,,58,69,86,34,40,18,32,29,27,16,22,17,27,31,27,94,129,70,55,4,29,15,22,40,66,60,43,38,,55,58,65,106,115,97,11,14,15,20,34,23,,10,122,24,,147,175,163,187,137,103,92,40,39,44,31,20,34,75,143,117,164,87,13,42,27,22,36,,121,54,26,41,41,13,134,46,45,148,18,12,32,26,21,57,93,30,99,32,49,30,148,124,68,120,37,93,53,53,55,272,,156,145,129,16,49,83,68,13,3,11,168,22,158,109,18,9,152,110,132,69,25,135,14,156,,128,7,5,4,12,44,62,25,88,54,73,92,45,63,61,248
20171215,8,PM2.5_24h,87,61,77,70,76,71,77,86,83,66,79,81,,,83,,81,85,79,,79,75,74,,79,87,,124,145,181,102,144,137,111,75,89,80,87,88,91,53,58,62,,70,146,148,160,,136,141,140,162,135,143,48,,39,48,57,64,74,75,80,60,87,88,,90,90,88,96,104,124,129,153,121,145,151,292,,254,334,257,305,287,260,306,71,53,43,74,58,58,71,74,102,155,135,,132,138,131,142,129,,149,42,48,41,44,32,34,33,61,50,23,67,78,94,85,78,56,93,97,90,93,93,79,53,,79,80,103,99,99,94,104,115,15,18,13,15,16,20,15,13,13,15,28,25,34,32,41,42,30,38,27,21,23,26,24,23,27,20,23,22,18,18,27,18,55,,,,123,111,,94,116,118,,39,27,35,,24,40,27,29,36,26,32,31,33,,,,31,37,,32,32,34,27,25,,30,53,38,37,40,44,30,26,,19,,86,64,82,28,38,14,33,28,31,47,36,27,42,26,30,39,34,38,,61,38,29,29,24,26,36,40,38,,,21,,29,30,,27,30,30,17,12,12,,,61,24,25,24,23,21,27,33,37,33,32,36,40,34,37,38,41,10,,17,,16,15,12,17,,23,,16,20,39,22,17,,16,129,144,162,147,171,150,170,138,38,70,66,55,64,46,67,85,55,128,132,153,141,128,144,128,128,149,35,36,39,39,46,51,40,43,44,67,41,49,48,50,43,44,44,40,48,55,46,41,,31,40,39,24,42,31,43,32,,38,34,27,26,50,53,22,35,30,70,51,70,65,55,31,37,40,40,45,36,33,27,67,59,49,55,54,51,58,45,50,53,46,44,68,51,48,43,46,53,61,52,,50,17,23,20,14,26,14,18,30,11,13,14,11,13,36,,50,43,51,52,35,54,,,,49,50,43,48,44,,82,80,80,84,,,74,25,21,22,24,26,31,32,24,22,20,26,18,20,21,26,31,32,36,54,20,18,,,157,156,161,155,148,170,157,157,173,146,164,164,157,44,57,34,42,52,106,,104,95,79,,,,72,77,61,70,59,65,63,,24,45,52,53,51,54,31,25,24,33,33,39,22,33,51,39,34,47,48,42,54,51,57,41,55,55,129,144,102,126,33,30,33,33,118,115,80,128,100,80,86,14,15,16,14,,130,,95,104,109,118,120,,125,116,,124,140,156,136,168,231,111,129,160,164,80,99,92,,67,42,50,47,21,39,,91,,87,,88,80,92,98,127,118,130,68,69,67,28,30,28,128,114,127,,20,24,15,34,32,26,19,20,28,21,26,64,63,71,76,57,76,58,66,65,49,24,27,31,22,18,30,22,31,20,89,90,72,26,14,,34,34,,39,48,37,,69,60,41,12,,,135,128,140,95,,87,75,92,93,98,97,,102,104,,164,,171,168,167,160,164,169,137,155,,100,97,105,,168,110,195,171,190,115,80,147,103,61,93,32,141,74,127,137,84,62,91,82,101,94,89,89,84,48,103,99,74,,36,87,80,101,76,136,59,57,66,77,42,94,76,64,91,56,45,62,60,47,40,41,40,39,53,33,29,35,29,37,33,31,5,158,132,,120,120,113,128,148,150,147,,156,,96,88,86,140,129,126,151,133,124,112,122,138,150,,143,115,116,104,113,110,93,94,102,60,51,46,50,71,44,,58,,,50,,56,60,52,15,19,17,20,17,16,10,18,14,30,27,18,27,18,12,9,85,78,90,83,46,40,43,38,48,46,55,38,45,43,47,50,42,47,97,,,99,89,64,79,91,57,65,70,62,64,64,21,15,13,,23,27,30,177,163,169,151,159,189,147,144,108,108,111,109,133,156,179,171,162,180,157,151,120,145,138,147,37,25,20,26,,81,60,42,59,25,11,25,49,32,53,54,45,120,108,146,139,61,53,90,68,65,57,51,62,54,54,40,41,62,67,34,53,26,22,26,41,32,,24,24,25,12,19,,31,24,,21,19,20,41,32,37,36,36,31,34,24,36,42,40,19,19,30,33,,16,42,39,,,72,84,21,105,84,105,99,122,153,122,146,,25,20,102,81,86,82,79,99,172,158,177,,168,200,,170,196,121,111,,124,110,178,158,153,143,,141,21,29,21,48,42,46,33,,26,31,25,40,,,27,25,25,17,33,42,37,86,67,73,73,74,156,206,151,197,156,125,120,128,154,98,146,119,109,112,80,87,77,100,117,90,73,42,44,82,35,39,54,36,41,75,113,24,32,35,76,11,47,31,45,38,32,41,20,44,51,36,36,39,68,67,23,23,27,33,63,58,48,15,60,50,45,44,,39,,68,54,48,46,45,74,79,85,40,50,46,51,45,46,35,29,30,47,5,8,15,30,33,30,60,,,59,64,74,30,34,24,35,88,90,,36,42,40,40,37,13,13,13,15,9,18,13,15,35,3,13,14,,20,18,18,21,20,23,16,10,12,9,12,15,17,33,33,28,30,25,21,27,24,19,20,24,22,24,24,20,24,26,28,22,27,23,25,28,31,30,26,30,28,25,25,22,23,15,20,22,21,29,119,108,106,,120,126,105,152,,168,145,100,,100,135,156,152,145,132,125,86,92,130,114,103,102,,132,131,128,30,38,50,44,52,43,76,77,69,125,127,133,147,31,41,44,126,115,127,,45,50,,42,39,38,34,45,58,60,50,81,77,36,38,37,44,34,30,25,31,34,32,29,64,63,56,44,50,15,23,19,17,17,35,,,38,32,30,27,25,36,36,17,20,21,23,29,30,37,42,19,16,21,24,11,3,11,12,15,11,6,9,13,6,10,14,23,13,21,22,18,8,15,13,19,21,8,7,42,66,50,72,65,57,46,46,64,67,69,72,45,53,41,52,67,72,69,70,42,53,62,,31,82,73,77,81,81,54,60,50,62,,64,80,,33,65,64,54,77,18,34,15,,28,17,19,29,34,31,,36,43,23,23,,,,,15,26,17,19,11,10,18,,13,22,16,26,32,16,7,11,18,20,28,12,19,24,,22,20,17,12,40,,14,21,25,34,25,21,18,16,48,43,13,11,24,20,107,,7,,7,10,102,103,106,112,63,62,63,56,72,83,70,104,,,27,104,95,108,41,47,17,41,43,62,34,32,78,82,66,51,52,47,,48,61,43,,82,88,57,49,27,23,33,33,29,20,26,25,40,34,37,130,155,71,62,8,58,40,27,41,74,80,69,132,,173,53,116,101,113,108,16,24,32,50,42,30,26,14,92,35,61,74,84,142,199,116,133,197,39,31,31,25,21,44,54,116,90,135,87,17,26,19,25,66,,107,41,25,61,46,37,87,31,50,71,115,58,75,104,28,48,77,28,51,29,39,31,116,113,42,69,33,116,45,49,46,151,,82,149,120,28,33,102,80,39,41,48,128,21,153,74,16,12,78,110,96,43,98,120,22,130,30,113,31,45,32,32,44,84,57,64,46,99,81,51,69,68,166
20171215,8,PM10,,36,50,71,41,45,37,69,83,40,44,50,,,169,,,,151,,,,159,,147,,,243,226,283,188,168,199,146,156,153,171,187,209,177,124,98,130,,178,275,252,409,,209,225,242,334,291,234,44,,22,,,97,149,69,176,31,175,185,,162,167,178,170,217,249,217,231,236,250,213,337,,337,388,296,386,301,310,369,46,24,16,25,17,20,50,51,156,114,138,,,131,130,104,128,,,95,101,79,109,114,91,71,121,100,265,81,77,104,70,71,116,139,74,101,92,,124,95,,,118,166,164,,,,261,43,26,28,22,27,24,36,30,29,34,43,42,53,42,,,55,43,51,29,,32,31,,43,37,47,24,34,29,27,29,116,,,,160,,,185,183,162,,42,47,,,33,49,51,44,,38,52,38,55,,,,61,66,,39,,39,38,41,,38,,,52,41,66,50,42,,51,,,90,103,39,60,,50,42,39,70,60,68,59,33,115,78,110,83,,76,92,64,41,44,47,40,53,73,,,31,,42,51,,27,51,41,19,19,27,,,,,32,37,,,53,,,,,,,,,,,,,18,,26,18,5,,,,,,18,,,12,,,190,197,182,177,,177,218,188,162,173,133,138,156,144,161,146,180,,,,,,159,198,,173,,,42,,,,,,,,,,,,,45,,,,,29,25,,36,37,40,,31,19,,,,57,55,69,61,71,70,38,51,51,80,60,74,66,52,41,54,33,42,48,41,27,20,45,55,45,48,58,76,39,64,41,49,42,47,50,48,38,35,60,48,62,43,,48,20,24,,15,,18,,,34,40,40,37,40,49,,70,71,76,63,88,81,,,,85,71,68,75,94,,80,99,105,120,,,108,20,,30,31,15,18,,29,18,27,53,35,,104,61,181,71,33,49,28,23,,,219,,272,257,229,220,220,247,320,178,269,220,240,124,103,94,105,116,114,,109,124,73,,,,58,76,97,93,91,,,,115,48,55,,,,,34,42,32,27,,19,60,45,22,24,26,19,20,25,47,68,53,61,59,77,80,96,70,76,73,75,60,41,53,51,121,53,45,42,24,24,27,10,,152,,126,146,174,131,174,,163,203,,202,196,181,147,204,246,,258,249,274,156,175,182,,146,145,126,113,83,119,,155,,163,,197,121,111,142,192,148,194,127,121,122,90,79,74,228,260,231,,,20,16,,,29,29,23,75,32,167,,,,,,,83,90,59,51,39,136,45,43,43,,23,26,23,59,55,51,18,21,,84,84,,92,89,93,,43,51,29,22,,,178,172,173,29,,28,20,18,18,157,153,,141,170,,261,,286,262,266,255,,,285,207,,226,78,90,,155,157,171,137,148,149,154,181,172,168,177,173,159,116,269,192,126,112,140,98,,106,68,65,106,78,102,99,92,,103,111,64,100,63,,91,131,113,159,87,,77,95,,67,,,,,51,,35,43,57,,,,,,,,7,180,158,,183,221,180,148,202,294,268,,267,,111,116,126,230,208,198,160,172,177,130,170,163,154,,154,135,137,,,,107,108,96,48,61,46,55,,43,,,,,,,67,70,81,11,,,14,,22,18,,,,23,30,33,20,24,24,112,113,117,130,,40,46,39,,51,160,80,136,95,70,66,49,,95,,,80,123,142,128,155,70,75,103,89,76,,26,,27,,14,70,40,322,262,278,249,142,181,107,124,95,101,121,122,58,106,158,164,141,221,191,177,241,252,228,224,63,28,58,39,,41,90,102,63,29,18,33,,39,53,60,67,,194,193,193,148,160,162,109,141,132,,142,153,106,54,54,131,158,103,114,64,82,66,81,74,,40,39,33,26,28,33,33,38,,31,25,37,,46,57,56,54,42,,30,,49,57,29,33,32,54,,47,58,48,,,105,,32,149,127,177,186,176,191,170,180,,72,41,271,,218,186,182,312,120,81,75,,164,238,,210,238,185,190,,178,188,314,206,253,122,,123,32,42,26,36,35,37,47,,12,35,28,12,,,16,8,35,20,41,33,28,,37,,17,23,141,135,145,160,151,99,131,129,,169,290,183,145,,102,115,98,143,144,143,105,77,51,48,35,58,84,51,48,151,187,52,59,140,318,23,94,40,36,35,47,91,27,129,47,81,90,66,127,189,37,26,,,76,97,53,14,79,49,,37,,34,,60,40,48,47,63,,104,116,45,55,55,86,71,,16,15,14,,39,30,24,29,55,,,,,98,96,95,32,27,26,40,138,127,,25,14,45,57,32,12,,15,12,,23,20,24,30,,,,,,14,15,,27,,,,16,12,28,,,24,,13,,18,21,26,26,21,,,,,,15,,,,17,24,22,,,,20,25,28,19,25,26,,32,21,47,39,48,36,,166,153,,171,176,188,,,,146,,,97,132,146,154,138,,,116,153,131,,154,136,,131,138,126,33,,55,46,59,62,90,103,72,,,,,,43,59,,,,,64,68,,32,,,,,81,,64,100,88,11,,15,,,25,,18,18,,22,101,105,74,70,68,7,40,33,15,12,22,,,27,26,,21,22,32,43,14,21,16,25,20,41,41,34,23,12,,,10,6,,8,12,10,9,,11,5,12,10,,25,23,12,10,8,20,,24,,8,,78,68,77,100,84,55,58,84,114,65,88,71,24,25,,26,69,73,60,,70,63,87,,61,77,86,64,91,79,46,40,28,,,80,120,,67,85,98,97,115,21,,,,,23,17,16,30,39,,25,17,27,,,,,,19,15,8,5,20,19,8,,5,30,20,24,20,30,30,,23,40,55,15,34,,,31,,21,33,26,,43,38,65,63,38,30,29,22,56,46,18,33,23,57,176,,23,,13,32,,105,119,,16,19,25,20,92,96,85,118,,,55,83,128,176,58,56,32,43,49,66,52,51,72,95,72,125,190,76,,73,160,82,,122,85,113,86,127,42,66,82,80,33,54,44,56,42,60,134,140,105,86,6,49,42,46,46,120,107,64,107,,77,173,90,148,136,128,17,,,24,,45,118,22,178,28,147,147,185,231,246,192,167,117,44,,82,56,33,38,75,163,185,245,103,18,87,72,68,80,,148,68,42,50,52,,185,,61,159,21,47,41,78,38,,106,39,103,53,72,39,,153,78,121,52,,83,79,80,312,,162,,165,26,89,,80,18,5,,228,,167,132,19,,,168,196,93,35,168,,179,,154,7,6,10,15,124,108,27,122,74,129,113,47,,,267
20171215,8,PM10_24h,87,77,97,87,93,87,81,95,95,84,103,76,,,111,,84,65,102,,84,77,86,,80,85,,161,195,226,131,165,173,145,116,120,127,134,139,134,83,89,101,,121,173,190,209,,169,177,176,210,197,185,92,,95,105,113,151,142,112,174,124,127,133,,121,117,119,119,138,140,146,175,176,183,168,359,,312,370,299,392,320,318,396,140,109,93,151,94,111,116,100,155,209,193,,178,221,213,199,182,,206,72,70,51,70,68,61,42,104,72,54,92,94,124,97,84,93,110,108,109,115,97,108,72,,92,108,133,145,116,102,105,127,37,32,26,23,29,31,27,25,27,32,44,42,50,40,47,49,53,43,50,40,36,34,31,35,55,54,37,25,34,30,34,28,67,,,,143,92,,144,141,142,,41,50,42,,44,62,52,54,42,43,51,45,49,,,,45,50,,49,39,47,37,40,,33,60,48,47,53,58,46,39,,47,,87,77,86,39,63,29,47,41,48,73,59,58,65,36,57,63,55,65,,83,75,56,35,50,54,54,51,62,,,39,,46,46,,44,48,45,24,26,30,,,,29,32,33,27,22,37,31,63,26,,24,27,38,30,20,40,19,,32,,34,29,17,38,,24,,18,27,20,22,16,,22,183,196,192,178,,175,226,178,81,129,101,121,111,107,127,148,120,143,156,168,167,157,163,171,150,163,29,,44,43,,56,43,49,36,,,,,,,45,,,,,66,58,,49,56,50,35,50,25,45,25,,63,60,60,52,88,86,40,66,47,96,74,88,88,76,56,68,53,62,80,54,45,40,66,79,75,80,78,79,72,78,49,59,49,52,80,54,51,59,63,67,56,47,,55,23,27,33,18,41,26,21,34,31,31,35,30,34,61,,66,59,68,70,63,85,,,,64,68,58,76,77,,108,111,113,132,,,106,54,29,40,44,33,52,49,35,35,44,69,40,37,66,56,79,71,63,98,47,40,,,185,176,222,210,198,203,187,217,258,170,194,210,203,117,117,108,110,106,156,,150,165,129,,,,119,138,91,82,70,79,70,,43,33,56,31,28,31,49,50,58,53,43,51,45,66,69,91,90,117,119,99,113,117,106,91,98,104,172,184,171,162,53,41,45,50,158,153,116,204,160,133,114,25,29,34,24,,140,,122,126,142,112,161,,167,157,,163,200,185,155,206,212,143,157,216,216,149,140,158,,96,76,73,76,34,82,,121,,129,,141,108,120,124,143,136,158,104,97,92,47,51,46,180,186,178,,26,24,19,48,84,43,35,39,48,51,63,58,51,59,48,67,46,98,92,74,80,37,38,54,44,53,53,28,30,26,104,104,86,30,20,,60,60,,72,72,68,,42,50,40,36,,,182,169,181,136,,140,111,130,140,121,125,,119,147,,209,,206,196,200,221,116,118,197,171,,172,172,157,,222,181,285,238,290,163,97,163,141,91,130,74,219,108,305,195,151,109,156,129,117,124,109,103,96,54,117,104,93,,44,110,89,119,125,166,87,87,90,121,59,93,96,73,100,86,43,52,52,43,46,44,47,48,63,,32,,,,35,,7,176,152,,149,160,178,149,149,174,174,,165,,118,123,116,172,157,151,207,151,153,137,137,145,152,,148,144,144,106,,110,127,127,113,63,60,55,61,68,55,,69,,,60,,72,77,78,16,23,15,18,,18,22,15,14,32,34,26,27,20,27,24,114,103,111,114,49,46,56,39,48,64,133,75,112,92,76,74,61,64,131,,,115,121,130,116,128,78,94,110,96,88,97,31,27,24,,29,53,45,218,199,202,190,217,215,170,163,118,132,142,148,207,203,212,208,215,215,224,211,219,219,219,178,84,69,89,62,,120,89,105,103,39,26,45,64,50,103,89,106,101,127,186,176,99,93,141,101,96,100,82,90,102,76,56,54,98,100,81,86,45,52,46,68,61,,53,54,43,26,39,31,37,40,,35,31,39,44,48,55,47,50,41,36,32,46,60,57,34,33,47,59,,56,49,47,,,99,100,46,140,118,142,160,162,173,163,180,,46,56,115,99,105,104,105,112,161,262,254,,250,252,,233,243,158,166,,159,175,227,182,207,153,,135,49,51,46,70,75,63,52,,48,62,59,74,,,41,27,50,30,62,62,53,127,109,62,120,113,247,280,214,306,188,211,184,172,166,136,228,189,162,136,119,100,86,166,197,132,107,82,62,90,66,55,53,50,54,101,149,35,48,77,145,25,82,49,47,36,49,59,24,58,50,44,58,49,98,121,33,42,42,63,96,85,56,19,69,54,48,56,,42,,85,65,59,51,56,90,85,96,49,54,55,61,60,46,38,34,18,49,34,21,25,31,45,39,,,,84,87,83,46,45,35,42,108,113,,48,50,48,55,40,27,20,23,26,13,21,18,25,20,10,18,17,,25,25,26,36,28,30,25,14,18,19,18,17,17,44,46,38,38,29,42,35,39,36,25,32,25,32,31,20,19,33,33,28,28,29,30,33,37,35,33,36,34,27,28,21,31,21,32,32,36,36,149,151,142,,142,151,140,167,,183,165,137,,109,172,178,184,179,,132,116,147,143,115,122,116,,172,175,174,47,45,58,53,60,60,81,85,82,133,137,146,,44,47,69,,,,,59,50,,47,37,44,45,56,75,60,58,106,96,17,27,31,48,29,36,31,18,37,30,29,123,107,93,73,73,21,37,45,22,27,38,,,42,46,53,63,40,46,75,22,34,39,35,33,41,56,86,27,20,28,30,13,19,14,15,15,17,10,15,17,10,16,20,27,29,32,25,28,12,31,22,24,25,13,8,76,69,80,94,95,68,66,95,101,89,97,91,66,70,76,64,83,110,93,102,71,90,92,,81,112,107,96,116,103,69,89,69,81,,90,115,,79,112,119,121,126,35,68,40,,47,22,29,44,49,52,,55,51,56,28,,,,,47,37,25,26,24,19,26,,20,47,42,54,56,67,27,21,29,45,42,27,39,46,,28,41,30,27,69,,44,48,52,55,57,53,114,36,98,110,24,24,67,53,208,,28,,21,30,116,120,122,117,80,82,91,84,79,95,79,136,,,87,142,161,176,87,111,61,57,99,110,75,78,117,99,100,105,127,68,,103,125,100,,130,119,105,134,99,65,60,87,66,51,58,51,82,78,64,209,210,106,90,15,54,58,51,56,153,162,135,305,,243,183,160,140,149,135,30,50,46,54,52,58,82,33,125,43,87,83,90,199,249,157,183,236,48,43,54,56,35,52,64,128,152,196,116,20,74,63,94,112,,148,71,46,75,65,48,128,53,62,83,141,110,129,150,50,59,86,43,57,46,59,39,136,140,55,87,48,,68,71,72,178,,94,171,148,33,67,119,105,47,69,67,162,32,159,121,28,18,89,142,167,74,138,152,32,160,49,150,41,34,47,40,131,135,76,97,70,136,112,59,78,77,173
20171215,8,SO2,5,6,8,6,8,5,6,15,5,9,7,6,,,16,,22,22,23,,19,14,22,,12,3,,20,17,28,18,25,34,55,34,28,48,49,50,38,42,31,63,,46,9,16,,,24,32,23,33,21,28,13,,42,9,10,24,25,25,27,18,21,15,,30,27,35,31,9,14,14,22,24,17,16,104,,51,132,213,225,288,37,170,22,33,27,22,13,11,9,13,36,52,75,,52,53,64,42,65,,37,30,23,18,34,18,11,16,22,23,20,52,103,36,47,60,24,41,67,24,9,41,35,22,,167,77,110,91,79,16,33,79,9,7,9,9,10,8,8,7,7,9,14,12,10,7,5,11,9,5,21,8,7,5,13,7,9,17,10,13,11,10,23,16,35,,,,13,6,,10,16,11,,5,8,7,,15,10,7,11,8,9,11,10,10,,,,14,22,,1,3,3,5,4,,6,11,8,18,13,6,11,8,,9,,3,8,10,15,13,6,12,11,11,13,10,6,14,9,22,25,15,25,,9,19,15,10,9,9,7,5,11,,,7,,17,18,,5,10,9,5,8,10,,,18,7,5,6,5,4,6,4,4,4,4,6,3,8,3,3,1,5,,4,,7,8,2,2,,3,,2,4,8,5,3,,4,17,19,30,26,20,26,39,22,26,22,23,20,26,15,23,15,32,22,20,21,22,11,11,22,23,20,4,2,3,5,4,2,1,4,3,4,4,5,4,3,5,6,2,2,5,6,11,11,,6,4,9,4,12,13,11,10,,3,8,6,11,8,8,5,8,7,12,19,14,22,20,9,16,7,8,11,38,19,18,24,23,25,16,24,19,13,10,9,19,32,19,22,9,12,8,12,16,10,13,,20,11,18,14,9,12,11,9,12,4,7,5,4,7,4,,14,13,12,6,19,10,,,,17,10,16,9,13,,8,6,5,10,,,10,21,7,8,3,7,21,28,14,10,14,14,10,9,10,12,26,18,7,6,5,2,,,38,38,31,36,39,34,38,29,22,44,33,21,33,31,28,99,21,57,31,,28,29,19,,,,58,42,1,10,6,9,11,,10,7,8,13,8,4,10,5,9,7,4,7,7,6,5,9,17,10,10,10,12,36,43,9,13,34,20,20,10,16,101,51,31,113,19,121,20,139,28,51,32,8,9,11,3,,57,,16,17,29,15,,,15,9,,11,12,18,14,43,54,48,97,46,93,32,13,11,,23,15,24,23,26,26,,24,,21,,33,24,35,30,28,17,28,17,10,5,18,13,15,18,31,13,,9,9,7,11,11,7,8,7,15,11,18,19,11,17,19,18,24,15,43,109,47,7,4,7,11,8,8,2,5,5,15,15,14,6,7,,33,31,,30,27,23,,19,8,9,8,,,13,8,11,13,,27,15,16,17,7,13,,17,23,,139,,137,121,106,140,146,119,114,145,,84,15,19,,57,67,47,76,126,74,80,48,43,59,43,49,39,94,98,103,112,109,63,135,135,92,263,37,71,34,43,44,26,,71,29,36,60,13,36,46,47,61,28,31,12,29,13,28,36,8,12,11,8,16,15,12,12,21,4,11,10,18,9,10,2,5,36,15,,24,13,11,14,8,32,9,,7,,13,10,12,11,10,8,9,28,24,12,16,23,21,,22,11,9,11,10,13,9,14,11,10,4,7,3,1,5,,2,,,3,,6,6,4,4,10,12,11,6,7,6,12,3,36,35,26,42,13,1,3,2,13,17,11,15,14,12,10,13,14,45,15,28,16,6,1,9,8,8,,,17,5,12,7,4,3,9,12,5,8,5,27,7,13,,15,49,9,16,32,26,26,13,26,22,29,14,11,52,71,8,10,19,12,10,160,15,17,39,22,19,17,28,2,2,4,,18,25,100,52,2,8,8,4,6,5,9,7,67,36,13,21,26,54,14,14,26,21,35,12,20,18,14,16,19,12,11,13,14,24,13,10,34,,12,16,16,5,3,15,14,26,,2,7,9,6,6,7,5,5,10,11,13,7,10,9,9,10,11,13,,10,6,2,,,24,19,21,15,9,4,8,12,10,10,11,,20,8,77,113,52,41,59,115,50,35,66,,47,244,,278,216,85,38,,78,52,73,54,16,29,,54,6,8,5,26,14,9,7,,4,71,27,17,,,6,4,23,27,9,10,8,26,12,12,11,12,63,49,43,45,29,32,28,21,267,51,152,282,33,36,41,41,27,116,116,105,94,17,10,35,22,66,50,60,10,71,44,15,24,33,57,8,9,27,24,13,10,10,6,20,9,24,43,25,18,66,10,19,28,10,34,49,52,7,17,17,15,13,,3,,24,5,8,17,32,6,10,27,8,19,7,25,5,4,16,7,19,7,7,7,4,23,2,17,3,,,28,14,26,9,19,2,12,15,22,,29,24,15,23,11,1,4,9,5,2,15,13,17,26,2,6,11,,10,8,7,5,7,11,8,4,4,7,6,4,11,19,11,14,16,19,17,2,9,6,,14,11,10,22,6,2,9,15,1,7,7,17,13,10,6,11,11,8,5,6,8,7,5,13,16,40,17,2,3,4,,18,14,8,12,,16,12,8,,8,9,10,7,11,8,7,8,9,6,10,10,12,,9,8,8,5,5,7,5,6,10,16,21,10,30,24,11,7,4,2,3,10,17,13,,6,4,,2,1,2,3,1,4,6,2,5,3,6,14,15,10,9,6,2,13,7,8,48,5,4,1,6,1,22,13,13,22,5,4,,,4,5,4,1,2,2,2,3,1,6,3,3,7,6,6,3,8,5,6,6,6,6,10,17,13,2,9,9,4,3,6,10,22,15,1,3,4,5,10,8,7,6,6,16,22,16,11,17,7,11,7,6,10,15,13,4,3,7,1,2,2,3,3,13,15,11,,9,17,7,7,13,20,20,3,9,24,,4,11,,5,6,7,4,8,6,20,8,,,11,8,7,12,14,,25,48,29,15,,,,,2,9,7,9,5,2,7,,37,14,7,12,48,,12,8,8,5,13,20,36,11,,33,9,5,5,7,,4,7,20,18,10,9,28,9,8,6,3,6,7,6,7,,7,,7,4,8,10,7,17,9,23,16,20,12,24,27,8,,,10,9,69,38,10,9,9,11,31,46,10,10,18,72,24,103,120,3,,31,26,9,,35,9,8,25,224,19,19,17,26,7,12,6,9,28,11,13,17,17,8,4,10,5,6,9,14,11,3,4,,11,25,7,51,51,48,3,3,4,12,13,9,32,4,16,12,10,14,22,41,291,72,69,39,6,8,12,17,9,15,19,20,18,9,9,11,44,31,42,24,,36,9,5,3,4,5,22,2,5,22,22,110,108,51,8,23,11,8,12,10,14,6,4,33,20,21,12,15,11,16,14,227,,17,10,21,7,30,9,13,4,22,9,29,12,21,10,2,4,22,15,33,21,33,26,4,78,,12,9,31,21,50,14,23,21,50,9,13,6,1,2,4,5
20171215,8,SO2_24h,16,14,20,15,20,21,17,21,12,19,19,13,,,18,,23,28,21,,22,17,19,,15,10,,18,20,29,22,20,20,17,36,35,43,46,52,39,29,52,42,,34,9,18,26,,26,39,32,34,30,30,27,,24,23,24,40,42,44,56,44,21,20,,23,38,41,40,7,14,15,21,25,17,19,113,,66,165,236,151,255,57,148,32,38,40,43,33,24,36,27,74,85,96,,107,126,103,100,152,,119,34,49,30,32,27,20,12,35,30,27,113,171,63,64,68,25,31,50,32,37,61,56,26,,142,126,98,100,125,22,61,56,9,7,9,9,9,8,8,7,7,9,13,10,7,6,4,9,8,5,13,9,6,7,13,8,6,17,10,15,11,11,20,16,24,,,,24,8,,12,22,10,,6,6,7,,15,11,7,10,7,9,10,11,10,,,,14,17,,2,3,4,5,5,,6,7,5,14,9,6,7,9,,8,,2,6,6,13,10,6,7,9,9,9,7,4,13,8,12,12,12,11,,9,10,8,9,8,9,7,7,14,,,8,,10,12,,18,5,5,5,8,10,,,13,5,5,6,5,3,5,4,3,4,4,7,2,8,3,3,2,5,,4,,8,8,2,4,,3,,3,4,8,5,4,,5,20,20,24,30,23,27,32,30,24,17,25,24,23,10,24,21,25,19,16,16,15,12,13,18,19,15,4,3,4,5,4,2,2,6,3,4,4,4,4,3,5,6,3,2,4,7,11,10,,6,5,9,5,11,13,9,10,,5,7,7,10,8,9,6,8,9,11,11,9,18,14,8,13,7,8,11,27,19,18,18,15,17,12,19,16,13,7,7,18,20,16,15,11,10,8,9,10,9,13,,14,10,14,12,10,12,10,9,10,4,6,4,4,6,8,,15,13,13,12,15,16,,,,17,14,14,9,17,,11,8,4,11,,,9,11,8,12,18,8,28,25,14,10,16,17,13,13,13,13,26,25,7,10,7,3,,,31,32,35,34,32,35,23,40,19,30,28,26,31,37,31,36,32,33,34,,32,29,30,,,,55,43,3,9,13,8,9,,11,6,8,9,9,10,12,6,7,7,3,12,7,7,6,26,27,30,27,26,20,26,24,20,21,20,76,98,37,60,42,34,21,53,106,90,54,149,138,207,116,7,8,10,7,,29,,15,17,20,13,14,,13,13,,12,36,38,38,35,42,32,53,29,52,24,15,10,,27,21,30,25,25,33,,15,,10,,15,20,26,21,23,17,28,11,8,6,13,11,12,25,28,21,,9,8,7,11,7,9,9,9,12,11,19,11,7,10,12,10,13,13,20,30,23,7,5,8,11,9,9,2,5,5,16,17,16,6,7,,21,19,,22,21,20,,12,9,8,9,,,7,7,8,60,,76,60,110,98,11,15,,19,24,,90,,88,73,93,109,119,102,72,114,,107,32,85,,105,92,120,121,111,106,44,59,45,34,39,26,110,79,111,145,107,72,39,119,78,97,161,145,37,29,59,41,35,,18,44,76,62,29,37,21,34,28,19,19,22,30,27,41,28,7,6,9,6,16,16,14,12,22,5,10,10,12,10,10,2,5,17,11,,18,12,12,10,14,19,12,,12,,17,12,15,14,8,6,11,16,16,10,14,16,18,,17,14,11,11,13,14,6,10,9,8,3,7,2,5,6,,2,,,3,,6,6,4,4,11,16,10,6,6,11,10,3,20,51,12,22,8,2,3,3,7,10,6,17,14,13,13,16,15,71,29,32,24,11,7,14,10,25,,,18,5,8,6,4,3,9,12,8,7,9,19,7,6,,13,20,10,18,28,25,22,28,39,31,34,14,16,70,57,17,18,23,20,22,30,24,26,21,25,22,15,9,7,9,14,,35,29,48,51,2,7,8,5,6,18,15,9,24,21,13,19,28,26,19,16,26,27,37,11,22,19,16,14,13,9,14,17,10,13,14,9,21,,13,17,17,5,3,15,13,24,,3,5,8,6,7,13,7,5,12,10,21,5,6,8,9,10,8,10,,9,4,2,,,36,21,26,13,9,4,8,10,8,8,7,,11,9,32,38,21,22,17,12,117,90,127,,110,189,,221,201,51,36,,69,51,83,71,58,71,,97,8,18,7,49,59,32,8,,16,31,19,34,,,25,12,60,37,13,12,11,77,79,80,99,72,91,115,80,109,60,49,53,61,263,112,244,195,56,58,76,61,48,89,85,87,62,21,16,22,24,29,36,17,11,28,37,9,15,14,25,7,19,28,25,15,12,11,8,12,15,13,17,19,14,33,8,33,37,50,72,83,50,8,6,17,16,17,,5,,20,7,7,23,16,10,10,19,12,21,6,21,7,7,17,6,19,5,6,7,3,23,2,12,4,,,17,8,14,9,16,2,9,13,15,,18,16,22,27,20,1,4,6,6,2,10,9,11,19,2,7,9,,11,10,9,7,6,9,8,4,4,5,6,4,6,21,10,14,18,27,19,6,12,10,6,28,30,32,42,4,4,11,7,2,10,7,17,12,11,9,16,14,16,6,7,7,7,5,9,16,18,11,7,13,15,,20,15,7,13,,19,13,14,,16,6,10,5,10,8,6,5,6,6,11,11,14,,8,8,8,8,4,5,8,5,8,14,19,6,12,11,11,6,4,3,5,10,16,8,,7,7,,9,1,2,4,2,4,6,2,8,4,8,15,14,8,9,7,8,14,8,13,18,5,3,1,12,1,13,8,8,16,4,6,,,5,4,4,2,3,4,2,4,3,12,4,4,9,5,4,3,7,5,9,5,6,6,12,11,11,1,6,8,4,3,7,9,18,21,2,3,4,5,9,8,6,5,6,15,20,18,12,10,9,11,8,10,12,11,11,5,5,6,3,4,4,16,3,20,18,14,,16,21,12,12,12,24,17,4,11,10,,5,7,,7,7,8,6,8,9,17,9,,19,11,10,14,13,14,,26,35,31,16,,,,,2,11,10,9,5,2,6,,40,12,13,22,51,,12,8,8,5,12,20,21,13,,9,8,7,5,8,,5,9,17,15,9,11,17,10,8,8,3,5,16,9,5,,8,,5,4,10,11,9,16,21,36,33,25,10,22,22,20,,,42,11,45,27,19,19,17,14,23,28,14,13,19,40,17,50,31,6,,37,39,16,,48,22,12,41,64,21,18,16,21,10,19,9,13,15,12,22,25,17,13,5,14,9,11,12,19,20,4,21,,31,32,49,41,46,39,5,25,17,11,14,11,36,4,17,12,19,12,19,34,223,51,130,51,5,8,9,11,10,24,6,16,15,11,9,8,21,24,56,20,,91,12,7,4,5,7,20,4,5,31,87,62,115,28,8,17,8,8,12,13,15,5,12,69,16,22,12,16,13,16,16,115,,17,12,17,6,24,11,12,5,41,24,27,7,14,22,2,4,25,17,36,19,69,27,8,38,9,12,19,37,33,45,9,32,26,32,12,23,6,2,8,4,7
20171215,8,NO2,42,17,40,53,35,40,30,76,65,27,36,45,,,65,,63,69,63,,63,64,58,,59,54,,71,55,52,76,50,60,47,79,71,80,78,80,84,74,63,81,,83,60,53,53,,78,65,59,60,59,74,12,,31,15,17,54,60,42,62,13,66,71,,73,52,61,60,56,58,54,61,60,61,61,77,,71,60,69,68,70,66,70,15,31,28,3,26,31,23,,43,56,59,,52,57,56,51,56,,57,57,36,41,63,37,46,21,62,52,40,41,39,45,40,44,38,55,45,35,28,58,66,38,,71,69,73,70,70,46,42,72,61,50,61,47,52,44,55,32,50,46,51,38,64,57,51,45,51,53,62,49,66,62,45,62,44,77,63,43,45,43,37,48,51,,,,51,46,,55,55,59,,49,31,27,,59,60,48,56,55,61,50,33,56,,,,49,39,,23,30,36,30,39,,43,47,45,50,45,43,37,52,,47,,48,47,55,56,75,32,61,52,58,70,61,47,60,54,58,51,54,53,,45,,49,55,51,59,35,53,46,,,45,,60,64,,20,46,41,21,12,31,,,49,42,51,38,22,28,40,42,37,32,21,40,32,58,48,43,24,17,,36,,56,38,8,37,,25,,33,36,42,43,35,,18,62,49,59,63,56,65,63,53,51,76,66,88,77,108,91,70,71,53,57,52,49,37,53,57,54,45,29,29,31,38,29,45,33,27,31,26,28,31,31,32,39,38,39,39,32,35,48,41,,42,37,48,38,37,33,41,26,,32,44,36,35,36,50,8,12,22,41,59,53,43,50,40,32,43,36,49,48,44,40,49,42,47,52,46,46,45,42,36,44,40,49,43,26,28,31,31,36,38,37,,42,27,32,39,23,23,29,32,36,5,7,9,11,19,24,,40,41,33,40,47,53,,,,35,59,38,36,53,,42,52,57,42,,,54,24,18,34,27,14,24,26,36,30,29,35,64,15,42,48,53,52,23,57,38,11,,,65,72,70,70,28,60,66,62,67,63,61,60,64,73,47,26,87,87,68,,81,47,13,,,,32,48,53,47,39,54,31,,34,39,34,34,41,41,34,35,31,36,36,11,32,29,33,19,27,12,16,20,18,40,43,24,28,41,28,31,29,26,55,52,40,50,26,41,16,43,23,31,20,25,35,35,9,,60,,51,56,54,55,,,53,18,,49,58,64,58,72,87,74,85,76,87,43,64,32,,38,55,54,57,56,52,,39,,50,,43,47,50,55,50,52,54,62,57,60,25,31,44,55,53,54,,34,39,36,22,36,40,25,8,46,30,40,38,31,32,30,32,35,34,24,17,18,25,21,25,18,27,16,27,24,24,47,44,43,34,31,,43,33,,49,49,54,,31,26,32,18,,,44,48,41,1,,13,12,6,18,40,56,,45,50,,39,,54,30,40,76,74,64,67,70,,48,36,98,,53,60,39,38,57,60,84,53,66,65,57,58,49,76,70,72,81,73,73,45,59,55,37,25,49,54,52,58,40,,48,38,31,41,28,38,33,55,51,45,31,31,65,46,129,75,52,52,55,52,43,34,34,41,28,37,36,30,55,34,38,30,10,52,57,,64,31,47,50,51,53,49,,56,,43,49,46,43,46,53,33,46,49,40,42,47,51,,52,27,41,38,31,36,39,40,29,24,20,21,24,16,14,,34,,,20,,37,20,13,21,38,21,32,21,25,18,22,10,33,15,28,30,14,8,12,34,43,37,36,,44,35,36,34,28,63,42,57,40,21,32,26,39,37,,,48,27,44,50,41,16,28,38,42,39,38,32,29,29,,33,30,20,99,57,69,57,35,38,46,37,40,43,56,62,25,42,46,55,45,43,46,44,74,60,62,94,19,14,17,19,,14,48,48,31,12,12,8,34,21,18,27,15,46,61,59,65,70,74,71,57,58,74,53,39,45,47,16,26,46,52,55,63,38,42,33,53,39,,38,81,36,50,33,58,45,51,,,36,37,20,37,60,32,40,42,49,43,44,58,516,35,29,56,60,,49,44,43,,,62,53,38,33,43,34,48,43,48,42,44,,47,39,66,61,44,92,45,40,30,33,24,,43,67,,60,62,66,49,,51,49,71,64,54,29,,36,21,20,15,21,31,13,51,,14,33,28,13,,,12,4,10,15,12,14,6,23,16,10,13,19,61,60,57,39,36,39,45,67,48,48,51,54,29,38,20,67,59,58,56,55,60,32,17,42,31,45,53,44,42,69,45,17,53,63,72,11,50,33,48,17,36,30,8,52,33,49,62,46,75,65,55,20,21,21,61,65,47,6,26,23,38,38,,42,,46,30,27,40,16,46,51,53,61,45,47,52,57,54,33,29,36,31,24,23,12,21,31,54,36,,,25,44,15,27,23,20,18,45,46,,22,43,60,62,42,33,7,39,19,6,25,24,25,22,2,20,24,,21,23,31,34,31,34,35,7,9,8,24,33,32,15,31,23,16,24,27,27,28,31,28,31,8,27,24,31,40,39,42,44,27,33,31,40,33,30,22,31,37,19,30,27,27,27,38,26,28,20,54,45,50,,43,45,46,45,,51,48,40,,45,52,41,36,46,30,48,39,46,37,63,64,46,,61,53,47,18,33,40,30,28,18,47,45,41,44,47,59,52,35,19,18,45,51,40,,33,36,,20,46,39,33,26,24,27,26,33,28,27,30,34,27,42,32,15,28,24,21,29,32,43,31,23,27,36,29,28,29,26,38,,,20,18,11,12,14,15,16,16,15,31,24,20,3,21,25,26,20,23,36,22,20,19,13,17,27,12,16,21,14,13,20,21,26,23,27,18,12,18,13,10,12,9,11,15,52,35,57,42,26,33,26,21,13,30,32,22,37,35,20,36,41,56,30,20,36,37,,39,51,73,51,57,52,22,11,8,23,,,32,,23,71,21,33,25,15,14,22,,,16,30,11,38,33,,32,32,41,15,,,,,3,16,28,27,17,16,32,,14,19,13,15,24,5,41,18,21,20,22,14,38,20,,11,10,27,18,17,,15,29,34,26,26,26,2,19,18,11,10,17,22,18,27,,7,,12,15,20,34,36,25,23,28,25,27,24,30,34,47,,,26,25,51,51,28,16,17,16,71,68,22,22,19,44,23,51,71,30,,40,35,32,,37,16,36,39,50,29,22,22,34,8,16,14,36,42,81,66,65,24,66,4,21,20,3,14,42,26,10,,,18,24,25,50,50,47,5,2,17,13,18,24,56,50,37,39,44,63,66,56,68,51,34,57,42,39,73,61,36,19,24,46,39,55,43,42,30,27,41,54,,56,35,42,12,24,48,69,45,48,55,14,33,25,37,16,49,57,24,62,43,52,36,25,66,39,48,49,50,58,39,41,46,,68,39,57,32,48,40,43,13,8,19,55,14,52,51,33,16,73,48,57,50,22,59,12,51,,58,13,20,16,25,28,59,19,73,50,64,49,32,36,28,48
20171215,8,NO2_24h,68,55,65,65,76,67,77,78,67,65,74,76,,,63,,61,67,65,,63,64,54,,64,59,,64,66,67,66,52,61,52,67,66,72,71,71,73,55,61,70,,65,53,50,49,,75,69,61,61,68,78,46,,49,47,50,58,60,61,67,57,69,76,,68,54,53,55,45,43,38,57,54,59,57,83,,81,81,83,83,83,82,87,37,37,40,52,42,42,37,37,63,77,81,,70,100,86,88,83,,92,68,40,53,50,34,49,18,65,56,31,63,59,53,56,60,28,39,55,47,53,57,66,30,,79,79,83,77,75,33,55,71,48,43,48,44,43,50,43,26,39,31,47,34,54,45,39,43,44,40,49,47,56,53,42,57,41,67,53,34,36,40,40,42,49,,,,56,50,,46,54,61,,36,25,26,,47,60,42,48,52,52,51,38,57,,,,49,42,,23,31,33,23,27,,32,35,28,35,34,36,33,42,,38,,44,45,52,57,77,29,64,56,60,73,60,48,64,50,46,66,61,62,,63,62,57,54,45,62,44,54,48,,,50,,48,54,,37,31,35,11,7,10,,,49,35,33,30,28,31,41,47,34,29,21,36,28,45,51,39,31,23,,35,,49,31,9,23,,35,,27,34,42,47,26,,21,65,56,65,72,63,75,70,58,54,65,66,81,64,88,82,73,56,53,59,53,52,45,53,52,60,47,27,28,34,39,30,44,35,31,29,22,30,32,32,30,40,36,40,39,32,29,56,47,,50,43,55,38,43,34,46,28,,30,37,36,24,32,50,12,28,23,41,60,62,57,70,49,38,50,50,61,53,50,43,69,56,62,68,59,61,58,55,37,45,40,46,49,28,27,28,30,40,43,37,,40,35,40,43,26,19,38,36,44,6,6,10,9,15,33,,44,47,47,50,37,48,,,,38,54,45,48,48,,39,39,51,37,,,45,25,18,27,31,13,28,24,27,24,28,39,38,15,39,40,45,46,36,61,41,24,,,71,73,70,79,45,65,68,72,58,65,64,67,62,61,54,28,64,72,48,,62,32,26,,,,50,49,52,51,32,46,38,,17,40,33,33,41,40,36,37,33,37,37,16,33,30,33,30,36,33,28,31,30,38,36,34,34,32,64,86,64,69,23,20,28,36,82,83,56,65,58,66,68,18,22,29,11,,59,,56,57,57,55,51,,52,31,,50,73,80,74,71,86,52,59,70,83,44,58,39,,17,45,52,56,50,50,,32,,42,,45,49,54,55,42,42,55,52,41,42,21,38,28,62,52,52,,30,36,31,24,36,28,19,12,29,26,36,27,26,29,27,22,28,34,22,22,26,28,27,38,17,23,16,30,24,23,49,46,45,34,30,,31,25,,35,35,39,,40,31,38,18,,,52,51,47,37,,36,33,46,32,27,45,,35,37,,43,,50,27,40,73,75,62,70,69,,48,41,85,,87,83,87,71,87,79,63,72,72,43,54,38,88,59,56,62,64,57,46,69,68,69,64,68,54,35,63,55,45,,12,47,50,53,43,44,29,45,43,44,24,34,48,50,92,65,49,44,53,40,36,31,32,32,26,32,32,24,29,23,40,28,7,50,55,,50,30,47,45,48,52,51,,58,,48,54,49,47,49,55,45,50,47,44,44,41,45,,45,33,49,44,39,41,44,43,39,27,22,23,25,16,14,,32,,,21,,29,18,14,20,38,22,34,20,22,17,22,10,33,24,24,29,17,9,11,24,37,39,29,49,39,44,40,50,33,70,48,72,42,39,42,34,47,40,,,55,27,37,43,37,27,25,29,34,38,31,35,27,28,,28,31,19,71,66,65,61,44,50,54,44,36,46,58,57,72,54,58,66,62,51,58,60,62,58,61,67,14,18,10,30,,34,32,24,29,27,21,5,41,16,41,45,37,38,50,52,55,59,51,76,54,53,68,43,35,37,44,20,42,39,39,37,46,22,22,36,44,34,,44,78,45,38,29,39,34,35,,,28,27,22,34,70,41,44,37,40,47,44,52,119,22,15,52,58,,46,48,45,,,55,37,39,37,45,36,50,45,47,44,46,,31,34,51,50,34,47,36,26,60,68,53,,74,80,,73,77,50,41,,45,46,70,67,65,44,,45,14,13,10,30,37,22,28,,18,23,22,32,,,20,14,30,20,15,14,9,44,51,44,48,48,91,115,81,82,51,68,67,88,49,55,64,60,67,76,58,67,57,62,58,59,55,29,20,32,31,30,47,25,30,51,41,8,19,31,47,11,27,23,30,14,38,29,3,26,40,27,46,20,62,46,49,19,20,34,64,69,49,8,23,28,39,49,,37,,34,28,31,36,19,49,40,52,55,46,45,45,48,48,39,27,42,36,24,18,17,28,29,30,26,,,50,38,59,35,30,22,13,36,42,,31,43,61,50,31,22,9,26,20,9,19,20,22,19,3,17,18,,22,21,24,33,36,40,34,6,7,4,22,21,34,20,35,29,21,36,30,31,33,32,32,37,16,37,38,28,37,37,39,48,28,34,31,39,33,30,25,34,33,15,23,21,23,19,34,22,25,28,65,47,53,,47,64,51,57,,59,56,46,,53,50,43,42,49,28,49,42,49,39,54,52,39,,59,54,45,29,38,43,32,33,24,48,49,47,44,47,60,49,37,23,16,49,53,51,,29,27,,20,44,42,39,25,27,29,28,36,27,29,30,36,28,44,32,26,28,30,29,34,30,43,32,24,28,37,30,30,31,28,40,,,23,28,13,15,16,16,18,17,18,31,29,21,5,20,24,26,17,26,32,25,20,33,16,17,25,12,19,22,17,14,22,26,26,21,28,19,12,21,20,13,17,10,12,27,38,41,43,31,29,31,28,24,15,25,34,26,38,35,28,37,47,53,40,19,32,32,,32,46,61,47,49,51,24,11,19,30,,31,37,,18,50,22,31,20,16,18,23,,24,16,30,28,40,34,,36,31,42,18,,,,,6,21,31,29,17,14,28,,18,15,16,28,34,3,27,22,21,20,18,16,26,17,,8,8,15,17,26,,17,18,32,28,23,30,19,16,29,16,13,23,43,25,16,,8,,6,11,23,41,43,34,30,42,34,34,21,31,31,40,,,19,42,61,62,29,24,15,14,42,38,27,34,30,34,22,38,51,34,,43,47,34,,42,29,27,24,22,21,11,23,24,15,25,17,28,25,33,72,71,27,54,4,29,18,10,23,55,59,29,44,,63,42,58,49,50,49,9,4,34,28,34,26,58,29,27,46,66,66,62,63,82,41,52,76,39,32,71,52,42,14,24,46,40,56,44,32,31,29,34,39,,76,28,48,14,36,51,69,35,49,57,43,45,43,41,16,53,50,22,49,53,57,29,35,67,39,52,50,58,57,51,49,48,,65,51,58,34,33,35,39,19,29,25,52,9,45,45,36,16,74,60,50,41,29,62,18,55,20,53,24,28,27,30,23,45,34,66,48,66,28,32,37,31,48
20171215,8,O3,26,51,10,13,26,24,41,4,,33,28,23,,,6,,5,6,5,,3,1,2,,,5,,5,4,7,4,1,,28,9,9,14,15,11,14,12,8,11,,12,1,5,2,,15,3,13,19,14,6,53,,36,54,64,8,5,25,11,42,3,5,,3,7,4,9,2,4,4,6,3,7,3,6,,5,5,16,3,8,4,3,66,42,47,42,55,48,43,22,12,,6,,10,7,3,7,5,,9,18,22,33,11,27,33,12,17,11,32,20,14,6,11,9,20,17,17,27,28,32,15,46,,8,7,9,5,7,60,16,41,35,41,40,49,44,33,45,61,45,43,2,19,4,5,11,9,11,9,9,23,12,11,6,17,11,23,28,28,31,31,41,19,,,,,3,4,,4,2,9,,16,24,39,,7,21,15,19,22,20,15,35,18,,,,20,25,,38,39,27,29,26,,29,3,8,4,14,4,27,21,,13,,2,2,1,3,9,20,2,1,2,2,2,1,3,3,2,4,3,2,,5,1,3,14,7,7,25,,1,,,12,,3,4,,31,8,10,66,74,39,,,3,5,11,9,4,4,19,4,6,11,24,6,13,33,9,8,23,53,,28,,10,20,39,50,,14,,13,14,5,11,10,,18,4,5,,5,6,8,5,4,32,1,5,4,9,10,14,6,6,3,8,4,3,6,6,7,3,6,11,4,6,6,5,23,4,7,9,11,3,9,3,10,5,5,7,11,4,5,2,3,,3,3,4,10,4,5,4,14,,17,34,29,34,9,12,71,64,38,18,40,30,34,21,2,3,,,1,2,7,3,1,4,5,2,2,3,2,1,6,5,5,3,,3,6,4,2,32,4,7,,5,12,11,6,17,17,18,11,13,71,91,53,50,52,34,,5,9,7,19,3,6,,,,11,6,12,5,7,,2,6,5,2,,,7,44,11,8,12,14,12,6,4,6,4,20,7,53,5,8,7,4,44,14,31,40,,,8,8,7,6,2,7,5,7,9,6,8,5,5,9,31,46,3,4,17,,5,35,44,,,,49,21,5,6,6,8,21,,4,7,5,8,7,6,4,5,4,2,4,33,4,9,10,44,39,51,52,43,43,41,19,36,37,28,51,45,36,39,8,10,12,15,37,33,36,28,37,33,48,42,29,21,68,,5,,9,3,8,3,,,,4,,2,5,3,1,,3,4,9,,8,9,8,10,,4,4,13,7,8,6,,12,,7,,8,4,6,15,2,,1,5,6,7,30,38,17,3,10,10,,6,7,5,24,5,35,56,69,10,56,19,25,32,32,36,23,26,18,3,6,3,5,7,3,47,39,42,8,7,6,4,6,4,8,5,,6,5,,7,7,7,,8,3,2,11,,,8,6,5,85,,38,51,63,45,11,20,,15,7,,6,,3,2,10,10,6,7,28,10,,2,9,,,14,14,15,8,20,10,9,10,23,19,17,21,14,5,16,14,12,2,6,14,6,16,15,26,25,20,21,21,42,,37,15,19,22,23,4,11,14,16,15,18,35,9,16,6,7,4,5,5,5,8,12,23,10,75,3,7,7,10,9,1,9,38,3,6,,13,11,2,,1,5,8,,,,,,,3,5,4,10,2,3,5,6,3,2,,,31,7,7,9,10,9,8,20,7,6,21,16,18,8,,13,,,13,,18,20,26,13,8,4,11,5,17,15,11,20,6,35,3,4,12,52,49,7,7,7,5,23,12,15,14,25,23,5,11,7,4,16,10,13,8,24,,,30,12,2,2,4,39,13,25,45,36,32,35,8,10,,5,10,3,4,6,4,5,4,3,25,13,8,4,7,4,52,17,5,7,7,9,7,7,3,2,4,2,52,57,53,56,,52,19,17,35,41,30,17,40,12,51,52,235,12,3,4,5,2,4,9,10,6,4,6,6,9,5,38,42,5,,14,4,23,28,30,4,14,,27,22,43,20,40,,26,30,,,48,42,38,18,37,34,78,21,11,26,7,21,6,34,36,24,20,,51,,1,,,3,6,4,3,5,6,3,7,7,8,6,,4,37,9,13,11,8,14,9,17,22,17,,18,6,,6,6,9,3,,9,5,2,9,8,21,,24,40,31,51,39,29,56,7,,56,26,50,72,,,46,57,54,50,72,81,85,37,40,48,46,41,13,10,6,10,11,22,16,5,9,14,5,6,42,35,40,10,31,3,7,7,12,12,18,18,22,33,12,14,25,23,33,41,37,15,7,47,14,42,27,52,19,23,29,16,22,12,4,26,2,,23,40,38,54,19,23,21,45,22,41,18,18,,14,,7,8,11,7,5,5,,3,24,2,22,19,16,4,44,28,17,44,21,24,20,46,29,34,3,,,5,12,14,26,21,30,20,20,6,,26,32,43,35,39,43,64,30,61,65,17,24,24,22,83,19,17,,21,23,12,8,9,8,7,20,16,18,7,20,5,1,2,2,14,21,7,7,6,4,4,6,6,6,7,13,14,2,7,3,32,9,5,7,11,16,19,10,12,8,6,7,7,6,6,8,4,8,5,10,3,,7,3,4,6,,10,5,2,,1,5,10,,2,2,11,9,6,14,,3,2,,2,2,,11,5,6,8,8,46,7,6,3,5,4,3,5,12,16,15,10,10,12,,6,14,,18,5,5,8,4,5,11,10,9,8,2,1,2,2,2,6,18,12,16,15,13,5,2,4,28,15,18,7,2,5,1,5,,,9,5,36,30,28,25,25,23,17,10,19,19,19,19,12,13,17,8,,24,26,27,20,20,,22,16,12,19,9,17,11,9,4,9,5,31,20,23,16,16,21,19,58,19,33,12,9,16,17,24,11,17,12,20,23,17,17,20,18,15,14,18,16,8,5,,5,42,31,17,33,67,56,45,17,123,,5,2,,17,13,20,10,16,19,17,16,,,39,41,44,26,21,,26,29,47,40,,,,,45,42,9,9,2,7,17,,36,19,29,31,29,80,72,72,16,,23,23,4,3,,39,46,19,13,12,,58,35,6,2,7,8,48,52,14,33,31,41,15,20,12,,62,,31,39,9,10,5,6,36,35,36,36,12,3,2,11,,,34,36,2,15,51,56,46,45,20,23,52,46,67,45,37,6,12,45,,13,3,27,,55,44,25,36,6,48,29,24,22,75,67,70,28,52,9,7,6,24,3,82,42,32,58,37,33,27,60,81,,73,63,62,5,3,8,45,66,118,50,47,20,11,32,18,2,2,4,5,2,14,6,17,16,29,31,8,2,13,27,24,9,14,3,1,12,5,3,39,10,,5,7,9,40,1,22,2,23,,,45,33,45,37,14,2,,33,1,27,26,16,5,12,18,7,28,17,8,6,20,11,,1,4,12,8,8,30,8,59,75,36,4,41,4,9,14,27,,4,22,8,17,,35,3,,1,16,12,15,9,6,3,50,8,7,3,,7,9,12,8
20171215,8,O3_24h,26,51,24,29,26,25,41,20,14,33,28,23,,,32,,35,32,29,,38,32,52,,40,35,,25,19,13,20,15,9,35,32,36,31,31,33,37,62,43,38,,46,40,61,47,,42,26,30,39,39,28,57,,47,59,71,23,23,29,18,42,23,20,,18,41,52,52,26,42,41,23,22,24,29,13,,15,16,32,8,15,9,11,67,62,64,54,60,67,60,50,42,31,29,,27,12,13,13,10,,78,46,46,58,63,64,60,72,66,43,76,42,35,21,49,41,87,73,63,61,58,87,70,105,,43,46,39,44,42,90,56,74,61,59,61,62,69,49,66,75,72,72,27,40,33,31,34,30,45,39,39,45,35,24,30,41,28,43,56,69,64,55,59,68,37,,,,29,32,,35,30,37,,36,42,50,,32,33,39,42,37,43,39,52,28,,,,29,40,,44,49,44,51,51,,50,33,44,40,44,38,56,57,,123,,14,21,13,22,13,56,10,10,6,9,9,13,38,38,54,32,52,45,,12,40,20,32,36,14,38,39,34,,,33,,36,37,,39,54,41,82,88,71,,,42,31,51,50,29,31,43,22,27,36,54,35,43,54,22,42,42,85,,64,,65,47,54,79,,24,,35,38,23,29,40,,37,21,6,2,48,7,11,9,10,54,32,24,46,46,27,50,35,57,20,21,21,19,18,24,20,15,25,25,22,18,19,20,36,14,18,28,37,10,17,10,21,11,13,14,19,12,12,17,28,,26,38,32,34,25,37,35,37,,92,91,71,86,130,111,87,83,63,105,147,112,146,92,29,32,24,38,37,24,28,26,47,62,67,68,41,42,38,44,48,45,39,52,44,55,49,53,66,85,22,33,,36,19,20,13,33,38,32,24,22,72,97,64,62,63,47,,39,45,33,34,50,25,,,,51,29,47,28,26,,39,52,41,36,,,42,61,33,30,27,34,28,16,27,31,25,92,97,97,89,92,85,78,112,109,114,100,,,14,14,11,8,7,9,12,12,28,12,19,7,15,66,56,80,68,55,94,,58,104,70,,,,80,48,32,35,53,39,42,,56,17,10,16,16,16,9,11,11,6,8,59,9,18,18,61,69,56,63,56,52,67,62,56,64,64,51,45,36,39,56,54,52,52,45,79,42,54,37,33,48,82,79,73,87,,25,,26,29,30,19,29,,29,31,,9,20,20,15,20,23,26,31,23,26,66,136,48,,67,59,57,41,59,47,,53,,48,,44,44,41,131,33,45,28,43,49,59,51,68,58,31,47,39,,31,28,30,40,21,91,113,110,87,97,98,97,97,93,101,99,92,86,73,81,76,65,62,48,92,92,86,40,44,39,63,66,65,31,38,,81,96,,105,115,112,,27,31,28,67,,,28,26,22,85,,41,59,63,52,58,58,,56,50,,21,,23,23,25,27,29,32,46,24,,8,9,18,,29,31,21,35,63,22,31,27,38,56,39,58,31,32,27,21,33,12,32,26,30,35,26,26,71,66,55,69,72,,88,50,40,51,40,50,61,46,57,60,77,52,42,42,41,30,25,37,22,36,46,52,57,47,118,30,42,41,43,70,43,38,95,18,22,,36,16,10,6,37,32,44,,17,,13,13,18,10,14,14,12,15,19,17,22,24,15,,18,46,18,16,31,20,14,28,23,11,13,25,58,26,23,,23,,,25,,48,39,36,38,28,29,32,22,35,33,29,29,18,41,15,11,18,58,63,44,36,34,40,27,28,15,26,30,107,86,89,94,91,19,12,23,12,53,,,50,45,41,39,45,66,51,46,58,71,61,60,36,50,,31,79,93,17,15,17,19,9,12,30,24,44,46,29,31,61,18,18,14,17,17,16,18,13,9,13,17,93,93,97,77,,70,85,89,75,57,45,37,60,59,72,84,235,83,39,20,27,50,50,36,43,44,60,65,52,57,53,59,53,41,1,66,50,57,74,55,62,58,,34,44,54,38,54,,47,61,,,66,66,51,55,43,35,94,41,45,43,27,34,23,65,75,39,36,,72,27,19,,,42,44,11,12,9,14,9,23,28,23,16,,83,93,41,40,49,46,47,37,25,27,19,,23,17,,21,20,34,25,,36,25,14,19,17,42,,48,90,91,93,45,46,58,36,,81,53,80,80,,,55,65,57,64,105,100,99,69,40,49,47,54,31,20,21,16,29,42,33,26,15,28,14,12,55,56,53,44,57,15,25,40,37,60,60,31,48,97,80,79,66,64,63,76,84,69,72,76,67,62,58,152,53,62,66,73,87,76,61,79,52,60,46,62,58,62,44,59,47,53,53,73,62,45,,62,,46,39,42,52,48,31,49,45,50,63,53,44,51,51,68,59,28,71,89,51,51,57,44,99,55,,,36,45,42,42,38,46,55,51,45,,49,62,68,54,60,70,74,84,85,75,49,51,53,53,88,54,61,,47,52,51,45,32,26,40,33,32,33,35,33,27,6,7,7,23,21,22,24,17,18,29,35,33,29,24,34,63,25,30,20,32,21,14,19,39,40,42,39,30,24,21,21,21,25,34,28,31,39,39,38,40,,13,12,10,17,,23,17,11,,9,12,20,7,9,19,29,25,24,31,53,46,45,,8,8,5,14,11,20,23,17,48,33,23,25,14,12,13,15,19,24,28,27,30,30,,29,32,,26,14,16,16,21,18,21,21,43,42,13,10,6,8,9,11,23,21,20,16,18,13,9,10,28,19,29,15,6,14,4,18,,,17,18,37,32,28,29,41,34,23,17,21,20,23,27,31,29,37,19,24,41,44,49,38,41,29,44,33,30,30,32,30,25,26,18,25,22,34,30,35,28,26,53,48,58,39,37,32,61,42,52,63,29,38,32,31,41,24,28,22,54,27,36,27,55,36,39,,30,48,65,51,58,81,114,97,158,136,,30,20,,40,44,37,29,41,74,90,73,,51,81,132,74,82,82,,41,33,58,53,,,,,45,43,38,38,5,21,31,,38,90,84,42,49,108,103,96,79,91,93,71,74,69,,65,64,62,51,89,,84,106,73,78,49,76,120,116,70,88,121,116,95,111,75,,80,,73,72,52,62,43,46,66,50,50,57,39,35,44,18,,,80,36,17,29,98,98,82,77,95,79,86,82,87,79,60,61,43,57,,46,35,82,,102,76,94,132,95,86,81,66,74,98,96,93,96,95,65,41,58,69,73,88,45,45,58,37,83,58,72,103,,73,99,82,24,20,88,88,66,118,50,47,57,78,75,59,28,31,35,25,10,23,30,40,69,42,53,56,39,29,66,62,45,51,8,34,39,75,73,77,58,,31,39,38,46,22,67,20,84,28,23,47,50,58,66,21,29,21,47,39,32,40,55,30,38,48,29,33,29,31,37,35,38,,23,20,26,30,102,48,27,64,79,55,45,66,21,27,38,49,34,13,49,47,27,23,43,17,87,43,43,40,42,37,79,90,61,44,38,13,38,17,81,19,42
20171215,8,O3_8h,4,30,12,4,5,5,10,4,,17,8,3,,,5,,9,7,4,,5,2,2,,,4,,5,4,7,4,1,1,23,8,8,12,12,8,12,11,8,10,,9,1,5,2,,14,3,12,16,14,6,54,,41,56,65,4,4,6,8,11,2,4,,3,7,4,9,4,6,6,5,3,7,2,6,,4,5,15,2,9,4,2,63,55,56,48,52,58,54,38,11,,6,,10,7,3,4,5,,8,34,35,43,34,38,50,29,22,26,46,18,14,6,9,8,20,19,16,24,26,35,22,68,,6,6,8,7,7,78,19,40,44,49,44,54,48,28,53,64,54,60,9,25,13,20,23,15,22,24,17,25,20,16,18,24,17,32,36,31,39,34,38,25,,,,,3,5,,6,3,11,,22,23,37,,19,20,20,27,20,24,21,25,10,,,,19,19,,40,27,21,42,41,,41,5,22,11,21,6,27,23,,12,,3,6,,3,9,17,2,1,2,2,2,2,3,3,2,4,3,2,,5,1,2,11,11,6,14,,1,,,11,,3,5,,33,24,22,77,80,58,,,2,11,17,11,6,6,17,11,16,22,31,20,23,44,14,18,28,52,,32,,22,30,45,60,,13,,22,16,14,12,25,,18,8,4,1,5,6,8,5,4,15,1,5,4,9,11,17,10,7,2,7,4,3,6,6,7,2,4,19,13,9,14,11,23,8,12,10,11,2,9,3,11,5,5,8,12,4,5,3,3,,4,3,4,13,4,5,3,15,,40,64,53,49,11,24,68,50,49,14,31,32,33,21,2,3,,,1,1,6,2,1,4,4,2,2,2,2,,6,5,7,7,,7,11,10,4,11,5,9,,7,11,7,7,19,25,13,10,10,66,81,55,57,55,28,,16,27,18,22,20,18,,,,30,20,31,14,17,,16,14,9,9,,,15,34,19,21,16,22,20,13,18,9,16,15,23,48,5,15,8,5,30,13,24,33,,,8,7,6,6,2,7,5,8,8,6,8,5,5,33,36,58,10,25,53,,23,54,43,,,,51,28,4,6,11,10,13,,21,8,7,9,8,6,3,5,4,2,4,32,4,9,10,53,54,53,57,51,48,52,29,35,40,40,36,27,17,23,32,29,24,21,21,22,19,19,16,33,17,54,54,54,69,,5,,6,3,8,3,,,,7,,3,5,2,1,1,3,15,21,,10,8,9,7,,22,19,32,18,24,6,,13,,9,,8,12,12,21,8,14,1,6,19,18,39,43,37,3,10,9,,22,16,21,25,16,50,65,59,30,54,38,44,41,40,43,40,37,26,18,15,8,4,5,3,61,60,57,11,9,9,4,7,7,12,6,,9,10,,22,22,20,,6,5,4,12,,,8,6,5,72,,38,52,55,48,24,30,,26,17,,6,,3,2,10,10,6,9,28,10,,2,3,3,,16,18,13,13,24,13,19,6,24,15,16,15,16,4,16,15,13,2,6,10,5,15,10,11,24,33,13,20,42,,63,13,18,23,13,5,14,18,16,14,23,26,11,10,22,17,11,14,12,15,21,22,28,22,54,9,12,12,15,13,4,11,66,3,6,,9,7,2,,1,5,7,,,,,,,3,4,3,6,1,2,5,6,3,2,,,32,7,7,9,10,5,6,11,8,7,21,15,20,6,,12,,,11,,32,30,30,19,16,9,16,7,21,19,14,19,8,35,9,6,12,54,53,10,12,7,6,22,21,12,19,23,23,7,15,7,6,13,11,15,8,30,,,42,13,8,11,12,47,24,37,50,56,44,38,18,15,,18,29,27,4,5,3,5,3,3,14,5,16,5,6,3,29,13,5,7,7,8,8,7,2,2,4,1,68,66,68,51,,32,69,60,61,29,24,26,47,12,53,53,208,11,3,8,13,3,4,4,24,6,4,9,4,16,9,28,22,7,1,33,22,35,44,33,5,19,,22,16,35,30,42,,28,37,,,55,51,32,14,20,18,76,21,16,28,9,22,7,49,54,30,20,,47,3,4,,,16,18,4,2,4,6,3,6,6,8,5,,22,39,23,18,22,18,23,27,16,18,12,,16,5,,5,6,9,5,,9,5,3,10,8,17,,22,55,46,60,39,35,52,25,,58,35,63,72,,,52,61,34,46,81,86,88,26,28,36,31,28,16,9,7,8,10,13,7,4,6,12,4,4,16,16,14,4,24,4,7,6,11,20,25,18,27,37,13,21,43,20,28,51,54,38,6,40,34,50,49,60,29,34,28,27,20,22,11,53,12,,26,55,54,55,20,20,17,44,26,56,42,11,,33,,12,19,20,19,13,6,7,7,30,4,24,22,16,2,39,27,19,38,22,23,27,41,32,56,6,,,10,15,16,30,21,31,26,23,10,,25,34,54,25,39,62,65,27,62,65,28,32,32,25,82,26,27,,24,26,22,16,11,10,14,22,22,28,27,26,4,1,2,2,14,9,7,7,8,6,4,8,8,8,7,13,15,5,8,5,19,10,8,9,19,21,20,16,18,12,12,12,11,13,11,11,9,13,5,9,4,,7,3,3,6,,10,4,2,,,4,11,,2,2,12,10,5,14,2,5,5,,3,2,,8,6,3,5,7,43,7,6,2,5,4,4,8,17,21,25,14,13,10,,8,15,,24,3,1,3,3,7,13,10,4,10,1,2,2,2,2,3,16,14,15,13,12,6,3,5,20,18,18,6,1,5,1,8,,,10,6,31,27,26,24,25,24,18,12,16,19,20,22,16,16,21,8,1,29,28,32,24,23,6,23,17,13,19,13,20,13,16,10,11,6,26,26,21,14,14,22,22,42,29,34,24,30,29,39,38,19,26,24,24,22,21,22,18,25,18,24,21,30,26,23,,22,40,36,16,42,68,66,68,42,96,,12,4,,24,29,30,21,28,22,21,21,,35,42,50,23,18,21,,24,27,47,40,,,,,37,32,19,24,3,13,22,,36,23,30,34,41,88,93,90,17,9,28,19,8,3,,47,52,35,32,6,,62,52,8,3,12,9,60,63,12,26,38,48,6,21,19,,63,,52,52,7,8,5,7,34,34,36,45,22,7,5,9,,,58,32,2,16,72,65,61,57,73,65,46,23,61,65,47,27,17,46,,7,4,40,,76,45,40,58,41,71,44,32,34,77,65,75,34,75,41,6,6,14,9,79,38,34,52,22,26,18,54,66,,29,38,45,9,6,10,40,65,109,27,23,18,11,52,24,3,2,4,4,2,12,7,12,15,27,29,8,3,14,34,22,10,16,3,10,21,4,3,50,35,,5,23,6,31,2,21,1,28,1,,43,26,39,30,19,,,37,4,8,17,15,5,14,13,6,16,12,26,23,24,11,,2,3,10,10,18,27,20,61,71,50,4,47,3,6,15,28,,3,37,18,15,,38,2,67,2,8,7,8,6,7,21,56,8,31,2,4,6,9,10,7
20171215,8,O3_8h_24h,4,30,14,5,5,5,10,5,,17,8,3,,,5,,17,10,4,,7,2,4,,,4,,6,4,7,4,2,2,23,8,8,12,12,8,12,11,8,10,,9,1,5,2,,14,3,12,16,14,6,54,,42,57,66,4,5,6,8,11,3,4,,4,7,7,10,5,8,7,5,3,7,3,6,,4,5,15,2,10,5,2,63,57,57,50,52,59,58,45,11,,7,,11,7,5,5,6,,8,43,45,56,52,61,59,60,22,29,59,24,20,6,16,14,25,26,16,24,26,38,30,81,,7,7,8,9,9,90,20,46,47,50,45,55,49,28,54,65,56,64,25,31,25,30,34,24,25,38,23,26,21,17,21,25,18,34,38,31,40,34,38,26,,,,,4,6,,10,6,14,,24,23,37,,27,20,20,36,20,24,27,25,16,,,,20,19,,41,27,21,44,44,,43,12,30,13,23,8,27,24,,12,,3,8,,3,9,17,2,1,2,2,2,4,3,5,2,4,3,2,,9,1,2,12,22,7,20,3,3,,,11,,5,10,,34,30,24,80,82,63,,,2,20,25,16,8,6,20,15,19,26,35,25,27,48,17,21,30,52,,53,,39,32,47,66,,14,,29,19,20,13,32,,21,13,4,1,5,7,8,6,4,15,2,5,5,9,12,18,10,7,2,7,4,3,6,6,7,2,5,22,16,11,16,14,24,9,13,10,14,2,10,3,12,5,6,8,12,4,5,4,3,,5,5,4,16,5,7,4,18,,80,75,62,61,12,50,68,50,61,14,31,34,35,25,2,3,,1,1,1,6,2,1,4,5,2,2,2,2,1,6,6,9,16,1,12,13,21,7,11,9,10,,15,11,7,7,19,30,13,10,10,66,82,55,58,59,45,,39,34,30,22,30,21,,,,39,24,42,28,26,,32,17,16,12,,,19,37,24,26,20,28,22,14,23,10,22,15,35,48,5,16,9,6,30,13,24,33,,,8,8,6,6,2,8,5,8,8,6,8,5,5,41,38,76,15,38,78,,43,81,68,,,,52,29,5,6,12,11,13,,48,8,7,10,8,7,4,5,4,2,4,46,4,9,11,55,57,53,59,53,48,57,34,46,49,46,36,27,18,23,40,34,26,28,21,22,19,19,16,33,17,61,61,59,69,,5,,6,5,8,3,,,,15,,5,5,3,1,2,4,16,28,,11,11,11,7,,33,23,38,21,27,6,,17,,14,,10,22,18,31,23,26,1,6,28,24,46,43,42,3,10,9,,31,27,29,25,19,52,66,59,43,55,51,47,42,42,44,42,38,35,33,41,35,6,6,3,71,78,71,14,12,14,7,12,13,14,6,,18,19,,39,48,35,,6,8,4,20,,,8,10,6,72,,38,52,55,48,30,35,,31,21,,6,,3,3,11,11,6,10,34,10,,3,3,5,,29,28,13,35,63,20,28,6,25,15,18,17,18,5,20,18,15,3,6,10,5,15,10,11,24,52,13,20,44,,75,13,18,23,13,6,16,21,16,16,36,28,11,10,24,19,12,15,13,18,26,26,30,26,54,13,16,18,20,18,6,16,88,5,6,,9,7,3,,2,5,7,,,,,,,3,4,3,6,1,3,5,14,3,2,,,34,7,7,10,11,5,6,11,8,8,21,15,22,6,,12,,,11,,48,34,34,26,17,9,18,9,25,22,17,20,12,38,12,10,14,54,54,16,18,10,11,22,23,13,20,23,23,8,15,7,11,13,11,15,8,35,,,48,25,16,22,24,50,26,40,51,60,48,47,25,20,,24,38,40,5,5,3,5,4,3,14,5,19,8,6,5,29,13,6,8,8,9,10,8,2,2,4,1,72,67,74,51,,32,80,70,70,29,24,28,53,13,53,54,208,11,4,18,27,6,4,5,27,6,4,10,5,17,10,28,22,8,1,37,26,44,53,36,6,25,,22,16,35,32,43,,29,38,,,60,52,36,20,20,18,81,25,28,31,12,24,9,51,56,31,29,,54,3,8,,,26,22,4,2,5,6,3,6,7,8,5,,26,40,26,19,24,20,25,31,16,18,12,,16,5,,6,6,13,10,,10,6,6,10,8,17,,22,61,60,68,39,36,52,35,,61,38,71,73,,,54,63,34,46,89,92,92,26,28,36,31,28,25,9,13,8,14,15,8,5,6,12,4,4,16,16,14,4,24,7,9,6,12,25,32,18,27,41,18,26,46,20,28,53,58,54,8,40,39,58,54,63,31,36,31,44,20,33,17,65,16,1,33,60,57,56,21,20,17,44,31,60,50,11,,42,,18,23,22,25,18,6,15,10,32,7,53,26,18,2,39,27,22,38,24,25,33,42,34,70,13,,,18,22,24,35,25,32,31,27,16,,26,40,58,28,42,66,65,36,62,65,32,35,34,27,82,36,37,,25,27,27,17,11,11,26,24,24,31,33,30,5,1,2,2,14,9,8,7,8,6,4,13,13,13,13,16,18,9,11,7,19,11,9,10,20,22,20,17,19,16,15,15,14,18,13,12,10,14,6,10,4,,8,3,4,6,,10,4,2,,,4,13,,2,4,13,11,6,14,8,11,13,,3,2,,8,6,4,5,7,43,7,7,3,5,4,4,8,18,23,27,14,14,10,,10,15,,24,3,1,3,3,7,15,12,4,11,1,2,2,2,2,3,16,14,15,13,12,10,4,6,20,18,19,6,1,6,1,10,,,10,7,31,27,26,24,25,25,18,14,16,19,20,23,17,19,22,8,4,36,34,39,28,26,10,23,17,13,19,14,22,13,22,14,11,6,26,29,21,14,14,24,23,42,33,37,29,39,34,43,40,23,28,28,26,26,23,24,19,34,20,32,22,44,36,32,,30,41,37,17,54,68,84,74,50,96,,14,5,,31,39,36,28,35,24,22,21,,35,49,53,23,18,21,,25,27,47,40,,,,,37,32,22,28,4,16,23,,36,28,31,35,44,92,100,95,17,9,32,22,32,3,,49,53,40,38,6,,65,68,11,4,14,10,62,73,12,26,52,69,6,21,20,,69,,69,63,12,9,6,9,34,34,37,46,28,19,20,9,,,71,32,3,16,76,67,69,72,83,73,49,23,68,75,52,34,20,46,,7,6,52,,92,49,77,96,65,82,58,46,48,78,77,80,36,78,50,6,6,16,15,79,38,40,55,22,26,18,54,66,,29,39,45,10,9,12,40,65,110,27,23,29,11,58,29,3,2,4,7,2,12,14,12,15,27,29,8,10,16,37,23,11,20,3,18,24,6,3,52,39,,6,33,6,31,2,23,1,39,7,,43,26,39,30,21,,,38,5,10,17,15,6,16,13,6,30,12,30,35,25,11,,9,4,10,13,27,33,24,61,71,53,4,48,3,6,18,33,,3,45,21,15,,40,2,67,2,8,7,8,6,14,61,56,8,38,2,15,6,9,10,7
20171215,8,CO,0.5,0.4,0.6,0.8,0.5,0.6,0.4,1.6,2,0.7,0.5,1,,,2.5,,1.3,2.5,1.8,,2.4,1.8,2,,2,2,,3.3,2.4,3.3,2.7,2,1.8,1.4,2.7,3,3,3.2,3.1,3.4,3.1,2.4,2.8,,4,2.5,2.8,2.6,,3.1,3.2,3.4,3.5,3.8,3.1,0.4,,0.3,0.6,1,1.3,2.8,1.1,2.7,0.4,2,1.9,,1.5,1.8,1.5,1.5,2.6,2.5,2.6,2.9,3,2.8,3,2.9,,3.5,4,3.5,3.4,3,2.9,3.1,1.2,0.8,0.7,0.7,0.6,0.6,0.4,1.5,1.6,1.2,1.2,,1.6,1.1,1.3,0.9,1.2,,1.6,1.7,1.7,1.7,1.8,1.6,1.4,1.4,1.9,2.1,1.3,1.2,1.2,1.5,0.6,0.8,1.5,1.4,1,1,1,1.4,1.6,1.7,,0.7,1.5,1.2,1.5,1.8,1.2,1.6,2.8,0.4,0.8,0.8,0.5,0.8,0.9,0.8,0.5,0.6,0.4,0.4,0.8,0.3,0.9,0.7,0.9,1.3,0.2,0.5,0.8,0.9,1,0.6,0.8,0.7,0.3,0.9,0.8,0.7,1,0.9,0.8,1.6,,,,1.7,1.5,,1.4,1.4,1.3,,0.7,0.3,0.5,,0.8,0.9,1.3,1,1.1,1,1.2,0.8,1.2,,,,1,0.7,,0.3,0.3,0.4,1,0.6,,0.7,0.8,1,0.7,0.5,0.8,1.1,0.7,,0.7,,2.3,1.7,1.9,1.2,1,0.7,0.9,1.2,1.2,1.1,1,0.8,0.7,0.6,1.4,0.9,0.9,0.9,,0.8,1.1,1,0.6,0.5,0.7,0.7,0.9,1.3,,,0.8,,0.8,0.8,,0.6,0.8,1,0.7,0.7,0.7,,,0.7,0.7,0.7,0.8,0.9,0.9,0.9,0.7,0.7,1.1,0.6,0.9,0.7,0.7,0.7,0.5,0.2,0.6,,,,0.8,0.4,0.3,0.4,,0.7,,0.9,1,0.8,1,0.9,,1.3,1.6,1.8,1.6,1.6,1.6,1.6,1.5,1.6,1.3,1.5,1,1.1,1.1,1.1,1,1.2,1.5,1.3,1.4,1.7,1.7,2,1.5,1.9,1.1,1.7,0.8,1,1.2,1,0.7,1.2,0.9,0.8,1.2,1.2,1.1,1,1,1,1.1,1,1,1.1,1.2,0.7,1.4,1.2,,0.8,1,1.1,0.8,1.1,0.9,0.8,0.9,,0.9,0.8,0.7,0.6,0.7,0.8,0.6,0.6,0.6,0.8,0.9,1.1,1,1.2,0.9,1.3,0.9,1.2,1.2,1.1,1.2,1,1.4,1.2,1,1.3,1.2,1.3,1.3,1.2,1.2,1.2,1.2,1.4,1.2,1.5,1.1,1.3,1.5,0.9,1.2,1.5,,0.8,0.9,1.3,1.3,1.4,1.3,0.8,1.1,1.4,0.5,0.5,0.4,0.5,0.6,0.7,,1.1,0.8,0.9,0.9,1,0.8,,,,0.9,0.9,0.8,0.9,0.9,,0.8,0.9,0.9,0.9,,,1,0.8,1,0.9,1,0.9,0.7,0.9,1,1,1.1,1.4,2.7,0.6,1.7,1.2,1.8,1.3,0.8,1.1,1,0.5,,,2.3,2.9,2.6,1.6,2.5,2.1,2.1,2.2,4.1,1.8,2.3,2.4,2.1,1.7,0.9,0.7,1.5,2.7,2.3,,2.2,1.5,0.2,,,,1.1,1.1,1.3,1.2,2.1,1.1,1.2,,2.1,0.8,1,0.9,1.1,1,0.9,0.8,0.8,1,1,0.7,0.7,1,1.6,0.4,1,0.5,0.4,0.5,0.3,1.3,1.4,0.5,0.7,1.4,,0.1,0.6,,1.2,1.5,1.3,1.1,0.8,0.8,0.7,1.6,1.1,1.1,1,0.5,0.7,0.5,0.6,,3.3,,1.6,1.5,1.8,1.8,2.1,,2.1,1.7,,1.5,1.6,1.1,1.7,3.1,4,3.7,5,4.1,5.1,1.3,1.6,1.1,,1.3,1.4,1.5,1.2,1.4,1.6,,1.7,,2.2,,2.1,1.3,1.6,1.2,2.1,1.2,1.8,1.5,1.2,1,0.8,0.9,1,1.8,1.6,1.7,,1.1,1.1,1.2,1,1.6,1.2,0.9,0.7,1.1,0.7,1.1,1.1,0.9,0.9,0.9,0.8,1.1,1.1,2.2,2.3,1,1.1,1.2,1,1,0.9,0.6,1.2,1,1.1,1.1,1.5,1.5,1.3,1.3,,1,1.1,,1.3,1.1,1.5,,0.9,1.4,0.8,1.3,,,3.1,2.1,2.7,0.8,,0.4,1.3,0.6,0.6,2,2.2,,2.5,2.4,,4.6,,3,3.6,4.3,2.5,1.7,2.1,4.6,2.7,,1.4,0.5,1.8,,1.8,2.1,1.7,4.2,1.5,1.7,1.3,1.3,1.3,1.5,1.2,1.5,1.3,2.7,2.6,2.9,2.7,3.1,2.8,0.8,1.8,1.6,0.7,0.9,1.4,1.3,1.9,1.5,1.3,,1.3,1.9,1.1,1.1,0.9,1.7,1.7,2,1.7,1.7,1,1.3,1.4,1.7,1.3,1.7,0.9,1.6,0.8,1.4,1.1,0.6,0.8,0.8,0.6,0.7,1.1,0.5,1.2,1.3,0.5,0.5,0.3,2.3,1.8,,2.7,3,1.9,1.6,2.7,3.8,2.6,,3.7,,1.8,1.7,1.8,2.5,2.8,2,1.7,1.7,1.9,1.9,1.6,1.7,1.8,,1.4,1.6,1.4,1.5,1.7,1.2,1.1,1.4,1.3,1.4,1,0.9,1.1,1.2,1,,1,,,1.4,,1.6,1.2,0.9,0.8,1,0.9,1.1,0.9,0.8,1.4,1.2,0.9,1.5,1.4,1.5,1.8,1.2,0.4,0.5,1.5,1,1.2,1.8,,1,1,0.9,1.1,1,5.7,1.9,2.3,3,0.7,0.6,0.5,0.4,0.9,,,0.8,0.9,0.8,1,1,0.8,1.3,0.8,0.8,0.8,0.8,1,0.7,1,,1,1.2,1.2,2.4,2.3,1.8,2.2,1.3,2.7,1.7,2,1.9,2.1,4.1,2.7,0.6,1.5,1.5,2.3,1.2,4,1.6,2.1,2.9,1.9,1.4,2.3,0.5,0.5,0.5,0.5,,0.4,1.5,1.2,0.6,0.5,0.6,0.9,0.7,1.1,2.5,3.1,1.2,2.4,2.8,2,1.9,1.7,1.8,1,1.2,1.8,1.6,1.7,1.1,1.6,1.3,1.4,1.7,2.5,1.7,1.6,1.4,1.4,1.3,1,1.7,1.5,,0.9,1,1,0.6,0.4,0.8,0.7,0.6,,0.3,0.3,0.8,0.5,0.6,0.9,0.8,0.8,0.8,1.1,1.2,1.3,0.8,1,0.5,0.5,0.5,0.7,,1,0.4,0.5,,,2.1,1.2,0.8,1.5,1.3,1.7,1.7,1.6,1.5,1.5,1.3,,0.9,0.6,11.1,10.5,5.8,3.9,6.4,14.7,0.9,1,0.9,,0.9,3.7,,3,3.4,2.5,2.6,,1.9,2,3.1,3.4,3.5,1.3,,2.1,0.7,0.7,1.1,0.5,1.2,1.1,1.8,,0.6,0.7,0.5,0.3,,,0.8,0.2,1.5,0.5,0.6,0.6,0.3,0.5,0.4,0.5,0.4,0.6,1.7,1.4,1.6,1.7,1.1,0.5,0.9,0.4,5.2,3.2,4.1,2.5,0.6,0.7,1,2.3,1.5,3.4,2.6,1.8,2.1,1.4,1.3,1.7,0.7,0.9,1.4,1.1,0.7,2.5,2.1,1.1,1.9,1.9,4.7,0.3,1.2,0.8,0.5,0.5,0.7,0.9,0.4,1.8,0.7,1.5,1.7,0.8,2.9,1.5,0.5,0.9,0.7,0.7,1.8,2.1,0.8,0.6,0.5,0.7,0.6,0.5,,0.5,,0.6,0.5,0.5,0.7,0.7,1,1,1.5,0.9,1,0.9,0.9,0.8,0.9,0.4,0.6,0.6,0.4,0.6,0.6,0.6,0.5,0.5,0.7,0.8,,,1,1,1.1,0.5,0.5,0.6,0.8,1.1,0.8,,0.6,0.6,0.7,0.7,0.7,0.9,0.5,0.6,0.5,0.4,0.7,0.7,0.6,0.7,0.4,0.5,0.7,,0.6,0.7,0.9,0.6,0.7,1.1,0.8,0.4,0.6,0.7,0.6,0.6,1.3,1.2,1.1,1,1,0.5,0.6,0.7,0.8,1.2,0.2,0.4,0.6,0.6,0.6,1.5,1.6,1.6,1.2,1.7,0.7,0.7,0.8,0.7,1.1,0.7,0.8,1.2,0.9,0.7,1,0.8,1,0.7,1.2,1.1,0.8,1.1,2,2.1,1.7,,2,1.7,2.4,1.9,,2.1,1.9,1.8,,1.7,1.4,1.3,1.2,1.6,1.9,1.6,1.6,1.9,1.7,1.8,1.6,1.4,,1.3,1,1.1,0.6,0.7,0.9,0.8,0.9,1.1,1.2,1.4,1.6,2.1,1.5,1.2,1.3,1,1.1,0.7,0.8,1.3,1.2,,1.4,1.5,,0.1,1,1.2,1.2,1.2,1.3,1.2,1.2,1.2,1,0.7,1.4,1.5,1.1,1.2,1.5,0.9,1.1,0.9,1,1.1,1.5,2,1.6,1.8,1.5,1.2,1.3,1.8,1.2,1.6,0.8,,,0.6,0.9,1.2,1.6,1,0.8,0.6,0.5,1.3,1.3,1.8,2,,0.3,,1.3,1,1.7,0.9,1.2,0.9,1,1.2,0.8,1.2,0.8,0.7,1,1,1.1,1.2,1.4,1,1.2,0.8,1,1,0.9,1,1,0.9,1.2,1,0.6,1,0.8,1.2,0.8,0.7,0.7,0.7,0.7,0.8,0.5,0.4,0.7,0.7,0.7,0.8,0.5,0.3,0.5,0.1,0.9,1,1.1,,1,0.8,0.7,1,1,0.9,0.6,0.7,0.9,0.6,,0.9,1.4,,0.8,0.8,0.9,0.5,0.7,0.4,0.8,0.5,,,0.9,0.8,0.7,0.9,1.2,,1.1,1.3,1.2,0.7,,,,,1.4,1.2,1.1,1,1,1.4,1,,1.1,1,0.8,1,0.7,1.3,1,0.8,0.6,0.7,0.9,1.4,1.1,1,,0.4,0.5,1.4,1.3,0.5,,0.8,1,0.7,1,0.9,0.9,1.4,1.1,1.5,1.1,0.8,1,0.8,1.1,2.3,,0.5,,0.4,0.4,1,1.4,1.4,1.4,0.8,1.1,0.8,0.9,0.9,1.3,0.9,1.3,,,0.7,0.8,2,2.8,0.7,0.6,0.2,0.1,0.4,1.5,0.8,0.6,0.7,1,0.7,1.6,2.1,0.5,,2.2,2.5,1.4,,1,1.3,2.9,1,1.1,1,0.3,0.4,0.7,0.5,0.9,0.4,0.6,1.5,0.9,2.8,3.3,2.8,4.2,0.9,3.9,0.9,0.6,0.9,1.2,1.4,1.7,0.6,,1,2.5,1.1,1.7,1.7,1.5,0.1,0.2,0.5,0.7,0.7,1.2,3.3,0.6,2,1.1,2.3,2.8,2.2,2.8,3.4,1.3,1.6,1.5,0.4,0.3,0.8,0.7,0.9,0.5,0.7,1.8,1.8,1.9,1.1,0.8,1.9,2,2,1.3,,1.2,0.8,0.9,0.6,0.9,0.6,2,0.7,0.9,2.9,0.7,0.5,2.3,1.4,1,0.7,1.8,0.7,1.5,0.8,1.1,0.4,1.5,1.6,1.3,1.8,1.2,1.2,0.9,0.9,0.7,3.9,,2.1,2.3,2,1.1,1.1,0.9,1,1,0.4,0.5,1.7,0.6,1.6,1.9,0.8,0.5,1.9,2.1,0.8,1.9,0.5,2.2,0.4,3.1,,2,0.8,0.9,0.7,0.8,1.2,1.7,0.3,2.6,1.2,1.7,0.9,1.5,1.2,1.2,3.2
20171215,8,CO_24h,1.6,1.5,1.7,1.9,1.9,1.5,1.9,2,2,1.7,1.8,1.9,,,1.9,,1.2,1.7,1.6,,2.1,1.3,1.3,,1.5,1.5,,1.7,2.1,2.3,1.7,1.6,1.4,1.3,2.2,2.8,2.2,2.5,2.6,2.3,2.2,2.4,2.6,,2.5,1.6,2,1.6,,2.3,2.3,2.4,2.7,2.7,2.3,1,,0.9,1.3,1.5,1.9,2.4,2.1,3.2,2,1.8,1.6,,1.3,1.4,1,1.1,1.7,1.7,1.5,2.1,2.1,1.9,2.1,3,,3.1,3.4,2.9,3.2,2.9,3,3,1.1,1.2,1.1,1.6,1.2,1.2,1.2,1.6,2.4,3.1,2.7,,2.7,2.8,3,2.7,2.4,,2.7,1.1,1.1,1.1,1.2,1,0.9,0.8,1.4,1.4,0.7,1.4,1.5,1.4,1,1,1.2,1.8,1.3,1.3,1.3,1.1,1.2,1.3,,0.6,1.4,1,1.4,1.4,1,1.4,1.8,0.4,0.9,0.8,0.5,0.8,0.9,0.8,0.5,0.5,0.4,0.4,0.7,0.3,0.7,0.7,0.9,0.6,0.2,0.5,0.6,0.9,0.9,0.6,0.7,0.6,0.3,0.7,0.7,0.6,0.9,0.8,0.6,1,,,,1.1,1,,1,0.8,0.9,,0.7,0.2,0.5,,0.7,1,1,0.9,1,0.8,1,1,1.1,,,,1,0.7,,0.2,0.4,0.6,0.9,0.5,,0.6,0.6,0.9,0.6,0.5,0.7,1,0.6,,0.7,,1.7,1.4,1.3,1.2,0.9,0.7,0.7,1.1,1.1,1,0.9,0.7,0.7,0.6,0.9,0.8,0.8,0.8,,0.8,0.9,0.8,0.6,0.5,0.6,0.7,0.7,1.1,,,0.7,,0.8,0.7,,0.8,0.8,0.8,0.7,0.6,0.6,,,0.8,0.6,0.6,0.7,0.8,0.7,0.8,0.8,0.7,1.1,0.7,0.8,0.7,0.7,0.8,0.6,0.7,0.6,,0.7,,0.6,0.4,0.3,0.4,,0.6,,0.7,0.9,0.8,0.9,0.8,,1.2,1.7,1.9,2.1,1.9,1.9,1.7,1.9,1.7,1.3,1,1.3,0.9,0.9,0.7,0.8,1,1,1.3,1.4,1.6,1.6,1.7,1.3,1.7,1.1,1.7,0.6,0.8,0.9,0.7,0.6,0.8,0.7,0.9,0.9,1,0.8,0.9,0.9,0.8,1,1,1,1,1,0.7,1.4,1.3,,0.8,1,1.1,0.8,1.1,1.1,1,1,,0.7,0.7,0.7,0.7,0.6,0.7,0.6,0.7,0.6,0.7,0.9,1,0.9,1.1,0.9,1.3,1,1.2,1.1,1.1,1.2,1,1.3,1.2,1,1.2,1.2,1.2,1,1.1,1.1,1.1,1.3,1.2,1.2,1.3,1,1.2,1.2,1,1.1,1.3,,0.7,1,1.3,1.3,1.4,1.4,0.8,1.1,1.5,0.5,0.4,0.4,0.4,0.6,0.7,,1,0.8,1,1,0.8,0.8,,,,0.8,0.9,0.7,0.9,0.8,,0.8,0.7,0.8,0.7,,,0.8,0.7,0.8,0.8,0.9,0.8,0.6,0.8,0.8,0.8,1,1.1,1.1,0.8,1.3,0.8,1.2,1,1.1,1.8,1.1,0.6,,,1.9,2.4,2,1.5,1.7,1.9,1.7,2,2,1.8,1.8,2.3,1.8,1.4,1.3,2,0.9,1.4,2,,1.6,1.9,0.6,,,,1.5,1.5,1.1,1.3,1.7,1.1,1.1,,1.5,0.8,0.8,0.8,0.9,0.9,0.8,0.7,0.7,0.9,0.8,0.7,0.6,0.9,1.5,0.9,1.1,0.9,1.3,1.1,0.7,1.1,1.1,0.9,1.1,0.9,1.8,2.6,3.1,2,1.1,0.8,1,1,2.5,2.6,1.8,2.4,2.3,2,2.1,0.5,0.6,0.4,0.6,,2.1,,1.4,1.2,1.4,1.6,1.9,,1.9,1.6,,1.3,2,1.7,2.2,2.9,3,2.2,2.9,2.9,3.5,1.1,0.9,0.9,,0.7,1,1.2,0.8,1.1,1.4,,1.1,,1.4,,1.2,1,1.3,1.1,1.6,1.2,1.3,1,1,0.8,0.6,0.6,0.6,1.6,1.4,1.3,,1.1,1,1.1,1.1,1.5,1,0.7,0.7,0.8,0.6,0.7,0.9,0.8,0.9,0.8,0.7,1,0.8,1.4,1.2,0.8,0.8,1,0.8,0.8,0.8,0.6,1.1,0.9,1.1,1,1.1,1.2,1.2,1.2,,0.7,0.6,,0.9,0.9,1,,0.9,1,0.7,1.1,,,2.7,1.9,2.6,2.4,,1.8,2.9,3,2.5,1.8,1.8,,2,1.9,,3.3,,2.3,2.7,2.9,2,1.2,1.9,3.2,2.2,,2.3,1.5,1.7,,5.4,3.4,5.6,4.7,4.4,2.9,1.8,1.8,1.6,1.1,1.3,1.1,3,3.2,4,4.5,2.8,2.4,2.4,1.5,2.1,1.6,1.5,1.8,1.5,1.1,2.8,1.8,1.5,,0.8,1.3,1.3,1.5,1.4,1.5,1.2,1.1,1.5,1.7,0.8,1.4,1.3,1.5,1,1.4,0.7,0.8,0.7,0.8,0.5,0.5,0.8,1.3,0.8,0.6,0.7,0.5,1,0.8,0.6,0.5,0.2,1.8,1.7,,1.7,1.7,1.9,1.6,1.9,1.7,1.9,,2.1,,1.6,1.5,1.4,1.9,2,1.4,1.9,1.5,1.4,1.6,1.4,1.5,1.7,,1.3,1.3,1.1,1.5,1.6,1,1.3,1.4,1.3,1.3,0.9,0.8,0.9,1.1,0.8,,1,,,1.3,,1.4,1.1,1.1,0.9,1,0.9,1,0.7,1.2,1.6,1.1,1.2,1.2,1.8,1.3,1.4,1.2,0.5,0.5,0.8,0.8,1,1,1,1,1.1,1,1.2,1.1,4.9,2.1,2.4,2.1,0.8,0.7,0.7,0.5,1,,,0.8,0.8,0.7,0.9,0.8,0.8,0.9,0.8,0.7,0.8,0.8,1,0.6,0.9,,0.9,1.1,1.1,1.8,1.8,1.4,1.7,1.9,2.5,1.8,2.2,1.7,2.1,2.9,2.4,1.4,2,1.7,2.2,1.4,2,1.7,2.1,1.5,1.5,1.4,1.5,0.6,0.6,0.4,0.6,,1.1,0.7,0.8,0.8,0.9,0.6,0.6,0.8,1.2,2.6,3,1.5,1.5,1.6,1.9,1.8,1.3,1,1,1.1,1.3,1,1.3,0.8,1.2,1,1.3,1.8,2.2,1.4,1,0.9,0.9,1.1,0.9,1.3,1.2,,0.9,1,1,0.5,0.3,0.5,0.7,0.3,,0.3,0.2,0.8,0.6,0.6,0.8,0.9,0.5,0.8,1,1.1,1.2,0.6,0.7,0.3,0.4,0.5,0.6,,0.9,0.5,0.6,,,1.6,1.1,0.7,1.5,1.4,1.7,1.6,1.4,1.4,1.4,1.3,,0.6,0.5,2.2,1.9,1.8,1.7,1.3,1.8,2,1.9,2.2,,1.8,3.3,,2.8,3.2,1.8,2.1,,1.6,1.6,2.5,2.8,2.6,2.2,,2.6,0.7,0.5,1.1,0.9,1.5,0.9,0.7,,0.7,0.6,0.5,0.9,,,1,0.5,0.8,0.4,0.6,0.6,0.3,1.4,1.2,1.1,1.2,1.5,4.3,5.4,3.6,6,1.8,1.3,1.5,1.4,2.6,2,3.1,2.4,1.2,1.5,1.9,2.5,1.5,3.1,3.2,1.6,1.8,0.9,1.1,1.2,0.6,0.9,1.1,1,0.7,1.5,2.4,0.9,1.2,1,2.7,0.2,1.1,0.7,0.6,0.7,0.6,0.8,0.3,1,0.8,0.8,1.1,0.3,1.8,1,0.6,0.9,0.9,1,1.7,1.3,1,0.7,0.5,0.7,0.6,0.5,,0.6,,0.5,0.6,0.5,0.6,0.6,0.8,0.8,1.1,0.7,0.7,0.8,1,0.6,0.7,0.6,0.7,0.7,0.6,0.6,0.6,0.5,0.5,0.4,0.5,0.7,,,0.9,1,1,0.6,0.6,0.6,0.6,1.1,0.9,,0.7,0.7,0.6,0.7,0.6,0.6,0.5,0.5,0.5,0.4,0.6,0.6,0.6,0.5,0.4,0.4,0.6,,0.5,0.4,0.6,0.6,0.6,1.1,0.7,0.3,0.5,0.6,0.6,0.5,1.1,1.3,1.2,1.1,1.2,0.6,0.4,0.5,0.6,0.7,0.2,0.5,0.7,0.6,0.7,1.5,1.6,1.6,1.3,1.7,0.7,0.6,0.8,0.7,1,0.9,1.2,1.2,1.2,0.6,0.6,0.5,0.7,0.3,1.1,0.9,0.8,1.4,2.1,2,1.5,,1.9,1.6,1.9,1.8,,1.9,1.9,1.9,,1.8,1.4,1.3,1.5,1.6,1.8,1.5,1.6,1.6,1.7,1.4,1.4,1.1,,1.3,1.2,1.2,0.6,0.7,0.9,0.8,0.9,1.1,1.2,1.4,1.3,2.1,1.6,1.3,1.4,1,1,0.6,1.4,1.4,1.3,,1.1,1.2,,0.6,1.2,1.2,1.4,1.2,1.2,1.3,1.2,1.2,0.9,0.6,1.2,1.4,0.9,1.1,1.4,1,1.1,1,0.9,1.1,1.4,1.8,1.5,1.5,1.4,1.1,1.1,1.4,1.1,1.6,0.8,,,0.7,0.9,1.1,1.5,1,0.6,0.7,0.6,1.1,1.9,1.8,1.7,,0.2,0.4,1.2,0.9,1.5,0.9,1.1,0.9,1,1.2,0.7,1.1,0.8,0.7,1,1,1,1.1,1.3,1,1.2,0.9,1,1,0.8,1,1,1,1.2,0.9,0.7,0.9,1,1,0.6,0.6,0.8,0.7,0.7,0.7,0.4,0.4,0.7,0.8,0.8,0.9,0.5,0.4,0.5,0.2,0.8,0.8,0.9,,0.7,0.8,0.8,1,1,0.9,0.7,0.7,0.8,0.6,,0.7,1,,0.8,0.7,1,0.6,0.7,0.6,1.1,0.6,,0.6,0.8,1,1,1,1.2,,1.3,1.2,1.3,0.7,,,,,1.5,1.2,1.2,1,1.2,1.4,1.1,,1,0.9,0.9,1.1,0.9,1,0.9,0.8,0.5,0.6,0.8,1.4,0.9,0.9,,0.4,0.5,1,1.1,0.7,,0.7,1,0.8,0.9,0.8,1,1.1,1,2.1,2.5,0.8,1.1,1.7,1.1,2,,0.4,,0.3,0.3,1,1.4,1.2,1.3,1.4,1.6,1.4,1.3,0.8,1,0.8,1.1,,,0.8,1.4,1.8,2.2,0.8,1.1,0.3,0.2,0.6,0.7,0.8,0.7,1,1.1,0.9,1,1.1,0.7,,2.6,2.4,1.5,,1.2,1.6,1.8,0.9,0.8,0.9,0.3,0.3,0.5,0.5,0.9,0.5,0.7,0.9,0.4,3.1,3.8,2.8,3.1,0.7,2.1,1,0.7,1.3,1.7,1.9,2,2.6,,3.4,3,2.8,2,1.9,1.6,0.6,0.5,0.7,1,1,1,2.6,0.6,1.7,1.2,1.7,1.8,1.5,2.3,2.9,1,2.5,2.2,0.3,0.3,0.6,0.5,0.8,0.6,0.7,1.1,1,1.7,0.7,0.8,2.5,1.4,1.4,1.2,,2.2,0.7,0.8,0.7,1,0.7,1.8,0.6,0.8,2.3,2.3,1.1,2.9,2.1,1,0.7,1.2,0.7,1.2,0.9,1.1,0.3,1.1,1.2,0.8,1.3,1.2,1.4,0.8,0.8,0.9,2.7,,1.6,2,1.5,1.1,0.8,0.8,0.9,1.2,0.9,1.2,1.4,0.5,1.4,1.5,0.7,0.5,1.5,1.8,1.2,1.6,2.1,1.6,0.5,1.7,0.5,1.7,0.9,0.9,0.8,0.9,1.4,1.6,0.9,1.9,1,1.7,0.7,1.4,1.1,1.2,1.9
20171215,9,AQI,45,33,50,68,38,42,38,69,102,38,50,35,,,209,,147,186,173,,162,193,204,,208,,,253,243,290,211,229,213,159,120,199,128,133,144,117,82,108,122,,180,271,246,282,,235,226,237,322,243,227,22,,22,25,36,56,94,50,132,44,137,148,,98,220,207,213,229,227,240,234,234,249,249,343,,333,400,348,348,319,334,329,42,27,22,30,35,17,39,37,188,74,53,,149,77,70,64,83,,137,113,127,114,124,90,98,105,143,117,,55,55,68,59,67,69,148,74,73,61,247,155,148,,110,109,163,173,152,182,292,354,44,34,51,37,34,30,35,30,31,40,43,44,55,40,58,64,72,54,54,35,43,34,36,48,47,49,45,35,37,42,33,36,135,,,,198,158,,162,221,206,,63,49,52,,44,53,57,54,55,52,54,40,53,,,,53,59,,43,53,60,42,43,,53,87,69,72,65,89,56,52,,52,,143,112,139,38,51,15,57,39,40,63,53,60,55,29,90,62,93,65,,,72,57,46,41,47,46,74,61,,,36,,43,51,,29,51,47,25,23,28,,,97,40,40,36,38,33,62,48,46,35,40,43,44,46,35,43,35,14,,29,,29,33,13,25,,26,,17,19,40,21,18,,30,189,200,205,190,199,200,209,189,73,156,163,104,149,123,144,95,138,198,201,220,204,,215,201,198,206,58,60,64,59,75,77,68,58,79,100,52,73,62,74,59,67,67,55,65,60,40,32,,30,38,42,30,33,32,38,26,,53,53,62,56,61,67,38,51,50,74,55,93,60,51,35,52,35,42,53,39,30,28,64,59,54,60,57,56,53,62,46,50,53,42,70,52,44,41,64,62,60,52,,39,26,20,32,18,28,17,32,46,36,38,48,32,46,53,,80,74,79,79,75,83,,,,79,75,74,77,102,,95,99,103,114,,,100,21,35,32,18,32,31,35,27,25,26,61,60,45,77,58,85,64,51,77,37,28,45,61,275,252,251,240,251,272,277,225,274,202,265,228,232,83,85,60,78,93,79,,80,89,60,,,,47,62,103,100,114,92,97,,82,55,63,62,62,67,49,48,48,45,50,38,32,61,65,20,59,32,40,20,20,55,56,35,52,54,59,69,67,49,87,90,83,69,52,42,33,99,49,54,50,53,34,54,22,,199,,132,130,178,165,195,,193,185,,186,188,196,186,272,291,231,247,245,245,110,192,144,,144,128,175,138,87,90,,186,,172,,203,133,135,156,203,178,208,127,117,113,94,112,98,201,199,206,,20,22,17,45,29,46,35,25,72,45,109,93,115,112,120,93,124,76,82,77,56,38,41,49,52,72,46,23,29,18,79,78,60,29,26,,73,84,,88,99,93,,58,55,45,29,,,179,180,199,25,,29,21,21,20,172,169,,165,166,,302,,338,322,252,237,238,238,247,239,,188,59,70,,117,90,112,105,112,107,152,142,88,99,153,87,165,198,192,216,202,175,152,54,80,134,54,54,143,128,123,123,124,,139,123,74,107,59,259,72,149,98,165,85,145,88,100,130,134,55,74,84,69,55,53,49,55,68,40,40,49,38,32,45,38,10,239,195,,221,219,147,186,273,295,283,,298,,133,125,127,213,229,216,200,169,192,189,200,199,206,,199,153,158,132,144,148,109,115,113,63,59,50,55,100,55,,73,,,55,107,83,85,69,16,19,19,22,25,25,14,25,30,48,20,32,55,20,28,28,119,117,134,125,59,55,55,55,68,65,111,58,95,82,74,78,58,70,98,,,98,137,106,122,147,90,90,103,84,90,87,38,26,25,,19,72,54,294,257,291,266,129,210,97,122,100,100,144,114,64,75,165,158,144,232,148,139,195,213,204,229,38,26,56,32,,27,70,74,59,36,25,38,65,38,52,59,107,284,244,225,208,137,119,117,110,134,122,104,140,128,119,79,69,144,179,100,137,70,87,75,112,85,68,39,46,36,30,30,34,34,43,,42,32,35,73,49,59,44,85,50,62,39,59,62,60,39,45,39,50,,34,62,65,,,214,188,44,142,95,176,173,153,212,155,205,,72,59,297,377,245,205,,,84,78,71,,84,248,,252,255,186,166,,195,186,278,271,261,128,,158,39,69,34,42,34,34,74,,21,59,30,39,,,22,17,28,21,46,45,45,53,53,50,38,26,137,125,170,135,109,70,132,120,330,224,298,213,94,107,64,129,120,128,118,137,118,73,57,,42,53,95,73,50,223,195,58,122,219,258,17,124,35,45,33,52,49,30,114,70,113,73,97,145,159,40,35,38,22,73,115,52,15,78,65,69,50,,50,,68,58,57,59,67,109,122,139,58,64,,90,63,62,20,19,19,36,36,23,19,45,54,45,104,,,98,98,118,46,36,27,43,159,158,,28,25,53,59,50,27,20,33,21,20,30,26,26,35,26,26,38,,32,25,25,28,24,35,26,26,12,15,15,22,16,32,28,26,33,29,20,22,28,20,18,25,23,25,22,18,25,26,29,26,20,26,38,30,23,35,22,,32,33,33,29,34,19,39,42,46,49,96,158,142,,208,178,208,199,,,204,137,,132,144,183,178,163,185,180,108,113,173,359,156,173,214,147,166,118,33,42,62,55,65,78,104,112,87,112,118,123,153,46,50,57,133,134,139,,79,87,,48,45,42,42,50,93,97,90,110,103,19,20,18,28,21,24,25,16,23,23,25,82,81,64,67,64,17,38,29,14,17,33,,,43,36,25,20,24,38,37,24,39,23,25,29,48,41,50,24,14,32,30,13,12,15,12,16,18,16,18,19,11,11,15,20,30,27,25,13,10,20,19,26,29,13,10,60,59,66,87,107,74,64,71,88,90,88,93,30,39,67,33,87,67,52,68,77,73,100,,61,98,88,85,92,93,52,45,25,46,,89,109,,60,79,72,71,98,34,54,21,,,25,22,21,30,47,,18,18,26,26,,,,,19,19,17,16,19,19,21,,32,45,33,19,37,51,48,22,29,52,45,15,54,57,,33,39,46,49,26,,43,54,64,72,51,43,42,43,76,66,28,32,39,67,279,,21,,16,51,169,147,155,148,18,24,26,30,98,108,108,143,,,62,72,104,150,45,41,40,53,72,104,55,48,67,82,67,155,175,67,,59,107,53,,84,90,117,139,103,50,58,67,61,38,49,43,55,85,74,156,210,88,85,35,50,39,41,45,91,88,68,85,,61,143,95,144,144,144,21,21,37,40,30,39,84,38,179,36,96,198,221,227,258,185,139,153,68,55,65,55,30,50,90,225,179,180,108,20,73,63,46,74,108,133,77,42,67,59,26,147,63,69,175,24,47,53,56,41,68,125,43,179,54,67,42,216,152,110,169,55,125,78,79,72,326,,198,,169,32,76,124,92,23,21,36,211,29,209,152,19,13,192,160,159,119,48,175,23,230,19,183,13,13,11,22,127,87,33,112,83,99,118,58,88,84,312
20171215,9,PM2.5,31,11,14,14,10,11,3,50,76,19,11,8,,,159,,112,140,131,,123,145,154,,158,189,,203,193,240,161,179,163,121,91,149,97,101,110,88,60,81,92,,136,221,196,232,,185,176,187,272,193,177,15,,2,17,25,35,68,35,100,15,104,113,,73,170,157,163,179,177,190,184,184,199,199,293,,283,350,298,298,269,284,279,11,6,5,15,24,3,17,22,141,54,35,,114,56,46,46,61,,104,85,96,86,94,67,73,79,109,88,,34,35,49,42,48,49,113,54,53,28,197,118,113,,83,82,124,131,116,137,242,304,19,15,14,16,21,21,11,9,10,15,27,26,29,28,41,46,52,38,29,24,30,21,23,33,27,21,31,24,25,26,23,24,103,,,,148,120,,123,171,156,,45,34,36,,29,37,30,31,39,28,33,28,33,,,,35,42,,30,37,43,29,30,,28,64,50,52,47,66,37,36,,22,,109,84,106,26,32,7,40,27,28,45,35,28,39,20,67,44,69,47,,,47,32,32,24,26,32,54,41,,,20,,25,32,,16,30,25,17,9,10,,,72,28,28,25,26,23,44,33,32,24,28,30,22,32,24,30,24,7,,20,,16,14,4,14,,18,,5,12,28,10,11,,21,142,150,155,143,149,150,159,142,53,119,124,78,114,93,110,71,105,148,151,170,154,156,165,151,148,156,41,43,46,42,55,56,49,41,58,75,36,53,44,54,42,48,48,39,47,43,28,22,,21,25,23,21,23,22,26,18,,35,37,29,28,39,48,20,35,31,54,36,69,43,34,24,28,24,21,23,24,21,19,46,42,34,43,35,36,37,39,32,35,37,27,51,33,30,27,36,44,43,36,,25,18,14,22,12,19,7,22,32,14,13,18,15,12,23,,59,54,58,58,45,60,,,,58,55,54,56,76,,71,74,77,86,,,75,3,24,19,10,22,16,24,17,12,17,39,41,31,32,29,37,44,33,50,18,10,31,25,225,202,201,190,201,222,227,175,224,152,215,178,182,34,42,31,25,58,56,,53,60,24,,,,20,24,77,75,86,68,72,,38,39,45,44,44,48,34,29,27,31,35,26,22,32,47,14,42,11,13,5,14,16,20,7,15,15,42,50,40,32,64,67,61,50,36,29,19,74,29,38,35,11,12,10,8,,149,,100,99,134,125,146,,145,139,,140,141,147,140,222,241,181,197,195,195,83,144,110,,110,97,132,105,64,66,,140,,130,,153,101,103,119,153,134,158,96,88,85,70,84,73,151,149,156,,14,15,10,31,20,32,19,17,52,19,82,69,87,84,91,69,94,51,60,56,38,26,28,31,27,21,32,16,20,12,58,57,43,20,15,,53,62,,65,74,69,,35,36,22,11,,,135,136,149,,,15,,8,7,130,128,,125,126,,252,,288,272,202,187,188,188,197,189,,141,40,49,,88,67,84,79,84,80,116,108,65,74,117,28,125,148,144,166,152,132,116,21,59,102,37,38,109,97,93,93,94,,106,93,54,80,42,209,47,114,73,125,63,111,65,75,99,102,39,54,62,50,39,37,34,39,49,28,28,34,26,22,31,26,5,189,146,,171,169,112,140,223,245,233,,248,,101,95,96,163,179,166,150,128,144,142,150,149,156,,149,117,120,100,110,113,82,87,85,45,42,35,36,75,39,,53,,,39,80,61,63,50,11,13,13,15,17,17,9,17,21,33,14,15,39,14,9,3,90,88,102,95,42,39,39,39,49,47,78,37,42,52,54,57,41,51,73,,,73,104,77,92,112,67,67,77,62,67,64,26,18,17,,13,30,38,244,207,241,216,98,160,72,92,75,73,110,86,25,55,125,120,110,182,113,106,146,163,154,179,15,17,30,22,,5,26,27,26,25,17,20,47,26,28,42,32,234,194,175,158,104,90,88,83,102,92,78,107,97,90,58,50,110,135,70,104,41,64,55,84,63,49,22,29,24,15,14,,17,30,,29,22,21,53,34,42,28,63,35,44,27,42,44,43,16,21,24,32,,15,44,47,,,164,141,7,108,71,133,131,117,162,118,155,,52,21,247,327,195,155,298,451,38,24,38,,62,198,,202,205,140,126,,146,140,228,221,211,97,,120,21,28,16,27,16,23,50,,10,42,12,4,,,15,,7,9,32,31,31,37,37,35,26,18,104,95,129,103,82,51,100,91,280,174,248,163,70,80,37,98,91,97,89,104,89,53,40,,20,35,71,53,35,173,146,41,92,169,208,8,94,18,31,23,36,34,21,86,51,85,51,72,111,121,28,19,26,15,53,87,31,5,57,47,50,35,,35,,49,41,40,42,48,82,92,106,41,46,,67,45,44,14,13,11,25,5,16,13,31,34,31,78,,,73,73,89,24,25,16,30,121,120,,19,17,37,42,35,11,7,11,9,4,21,16,18,22,2,18,26,,22,17,17,17,16,24,18,15,6,10,6,15,11,22,19,9,23,20,12,15,18,8,12,17,16,17,15,12,17,18,20,18,14,18,26,21,16,24,15,,22,23,23,20,23,12,27,23,24,34,,120,108,,158,134,158,149,,158,154,104,,100,110,138,134,124,139,136,81,84,131,309,119,131,164,112,126,89,23,29,44,39,47,57,78,84,64,84,89,93,117,32,35,39,101,102,106,,58,64,,33,31,29,29,35,69,72,67,83,77,13,14,12,19,13,16,17,11,16,16,17,60,56,44,48,46,7,13,6,4,8,23,,,30,25,17,14,16,26,24,13,27,16,17,20,27,27,35,15,6,22,21,7,5,10,8,11,10,11,12,13,1,6,10,14,17,13,17,9,3,14,13,18,20,9,7,42,42,40,64,80,54,46,46,65,67,65,69,21,27,48,23,64,48,33,49,56,53,75,,23,73,65,63,68,69,36,31,12,32,,66,82,,28,58,52,40,73,8,38,10,,,17,15,12,17,22,,9,9,1,18,,,,,8,8,6,4,9,13,9,,7,17,20,13,6,11,7,11,18,31,20,8,32,39,,23,27,27,23,14,,20,28,30,52,22,21,26,19,29,25,16,21,27,22,229,,2,,9,28,128,112,118,113,10,16,18,18,73,81,81,109,,,16,52,,113,23,20,11,36,32,78,36,31,48,60,41,118,132,39,,37,65,30,,62,67,88,106,60,27,25,26,28,16,20,16,28,48,30,119,160,65,63,24,25,19,18,31,61,63,47,42,,39,78,71,110,110,110,14,5,22,28,21,23,,10,135,25,44,148,171,177,208,139,106,117,49,39,42,33,20,35,67,175,135,136,81,10,44,27,14,46,81,101,56,27,48,42,18,112,45,50,132,16,9,37,23,22,49,95,30,135,31,48,29,166,116,83,128,39,95,57,58,52,276,,148,150,128,15,52,94,68,16,4,25,161,17,159,116,13,9,144,122,121,90,33,132,16,180,,138,9,6,6,14,83,64,20,84,61,74,89,41,65,62,262
20171215,9,PM2.5_24h,86,59,74,68,74,69,75,85,85,65,76,78,,,86,,84,88,81,,82,78,78,,82,92,,130,152,185,107,149,140,114,76,92,81,87,88,90,54,61,64,,74,152,152,166,,140,143,145,167,138,146,43,,37,47,54,63,75,74,82,59,88,89,,91,93,92,99,109,128,134,158,126,151,156,298,,260,344,265,311,292,266,312,68,51,40,70,56,56,68,71,107,151,129,,134,138,128,139,128,,150,44,49,43,46,32,36,35,63,51,23,67,78,93,84,77,57,92,95,89,90,97,79,55,,78,80,103,99,99,95,108,124,15,18,13,15,16,20,15,12,13,15,27,25,34,31,40,42,30,37,27,21,22,25,23,23,27,20,23,21,18,18,26,18,58,,,,124,113,,97,120,121,,39,26,35,,24,40,27,28,36,26,32,31,33,,,,32,37,,32,32,34,26,24,,29,53,38,38,40,44,30,26,,19,,88,65,84,27,37,14,32,28,31,46,35,26,41,25,33,39,36,37,,,38,29,30,25,26,35,39,37,,,20,,28,30,,26,30,30,17,11,12,,,61,24,24,24,24,21,28,33,36,32,32,36,39,33,36,38,41,10,,17,,16,15,12,17,,23,,16,20,39,21,17,,17,131,146,165,150,174,152,173,141,40,74,70,58,67,49,70,84,58,130,135,157,144,130,147,131,130,152,35,36,39,39,46,51,41,43,45,67,41,50,48,50,43,45,44,39,48,54,43,38,,29,38,37,22,39,28,41,30,,38,34,28,26,49,54,21,35,30,69,52,72,65,54,29,35,38,38,43,34,31,25,65,57,48,54,52,49,56,44,49,51,45,43,66,49,46,41,45,52,59,50,,48,17,22,20,13,26,14,18,30,11,13,14,11,12,35,,50,44,51,52,35,54,,,,49,50,43,47,45,,82,80,80,84,,,74,24,21,22,25,27,31,32,24,22,21,26,18,20,21,26,31,32,36,55,20,18,41,18,162,159,164,158,152,173,162,160,178,148,169,166,159,43,56,33,41,52,103,,102,93,77,,,,70,76,63,71,60,66,64,,23,44,51,52,50,53,30,24,23,32,32,39,20,32,50,36,32,44,45,39,50,47,53,37,51,50,123,139,98,120,34,31,34,34,114,111,77,125,98,78,84,14,15,15,14,,134,,97,106,112,121,124,,129,120,,128,142,158,139,175,238,116,134,164,168,82,103,94,,69,44,54,50,23,40,,95,,91,,92,82,94,101,129,120,133,70,71,69,30,32,30,133,118,128,,20,23,14,33,31,27,19,20,29,21,29,66,66,73,78,58,78,59,66,65,48,24,27,31,22,18,31,20,29,18,87,88,71,25,13,,36,36,,41,49,38,,65,57,38,12,,,137,130,143,91,,84,72,89,89,99,98,,103,105,,171,,180,176,172,166,169,173,143,160,,102,95,104,,168,109,193,166,178,114,82,147,104,62,96,33,143,77,129,139,88,65,92,79,97,93,85,87,86,48,100,92,75,,39,90,82,103,75,134,59,60,66,80,42,94,77,66,93,58,44,61,60,47,39,40,39,39,52,33,29,35,29,36,32,31,5,161,133,,124,124,115,130,154,156,153,,164,,97,89,87,142,133,129,153,134,126,114,125,138,150,,143,116,117,104,113,110,92,94,102,60,51,46,50,73,44,,58,,,50,72,56,60,53,15,19,17,19,16,14,9,17,14,30,26,18,28,17,12,9,85,78,91,83,46,41,44,39,49,47,56,38,45,43,47,50,42,48,96,,,98,90,64,80,92,58,65,70,63,64,64,21,16,13,,23,28,31,183,168,175,155,159,190,146,143,107,107,112,110,129,153,178,170,162,182,157,150,122,148,140,150,34,24,19,26,,80,59,40,57,25,11,25,49,32,51,53,44,127,114,150,142,63,56,90,69,67,59,52,64,55,56,39,42,64,69,36,55,27,24,27,42,33,29,23,23,24,12,17,,28,24,,21,19,19,41,32,37,35,35,30,34,24,36,42,39,18,18,29,33,,15,42,39,,,73,81,20,106,84,107,101,122,154,122,147,,26,20,108,91,90,85,88,114,167,152,172,,166,204,,175,201,123,113,,126,113,183,163,158,141,,140,21,28,20,48,40,46,34,,24,31,24,38,,,26,24,24,17,32,42,37,82,66,71,68,67,157,203,151,191,153,123,121,126,159,103,152,121,108,112,78,87,77,101,117,91,74,43,44,82,34,39,55,35,42,79,118,25,35,41,84,11,48,30,43,36,32,40,20,46,52,39,37,40,70,70,23,23,27,31,62,60,48,15,59,49,45,44,41,38,,68,54,48,46,46,75,80,87,40,50,,52,46,47,34,28,29,46,5,9,15,29,32,29,61,,56,60,65,75,30,33,24,35,90,92,,35,41,39,40,36,13,13,13,14,8,18,13,15,36,2,13,14,,20,18,18,21,20,23,16,10,12,9,12,14,16,33,33,28,30,25,21,26,24,19,19,24,22,24,23,19,23,25,27,22,26,23,25,28,30,29,26,30,28,26,25,22,24,14,20,22,21,29,121,111,108,,124,128,111,154,,170,148,100,,101,135,156,152,145,134,127,86,93,131,128,105,105,81,131,132,126,30,39,50,44,52,43,76,77,68,123,125,132,145,31,41,44,125,114,126,,46,51,,42,39,38,34,45,59,61,51,82,77,35,37,36,43,34,29,25,30,34,31,29,64,62,56,44,50,15,23,18,17,17,34,,,38,32,29,26,24,35,35,16,20,21,22,28,29,36,41,19,15,21,23,11,3,11,11,15,11,5,9,12,5,10,13,22,13,21,22,18,8,15,13,20,21,8,7,42,66,50,72,65,56,46,47,64,67,70,72,45,52,41,52,67,71,67,70,42,53,63,,31,83,73,77,81,81,55,59,48,61,,64,80,,32,64,64,53,77,18,33,15,,28,17,19,28,34,31,,36,42,22,23,,,,,15,25,16,18,11,10,18,,13,22,16,27,32,16,7,11,18,20,28,11,19,25,,22,20,17,12,39,,14,21,25,35,26,22,18,16,49,43,13,12,25,20,112,,7,,7,10,103,105,108,112,58,58,60,53,72,82,70,104,,,26,101,95,108,39,44,16,41,38,60,33,32,74,79,63,54,56,47,,47,61,42,,81,87,58,51,27,24,32,32,29,19,24,24,38,31,35,130,156,70,62,9,57,39,26,40,73,79,68,128,,168,52,113,103,114,109,16,23,32,50,41,29,26,14,93,33,60,78,89,146,204,118,132,190,39,31,31,25,21,44,54,120,93,137,87,16,27,20,25,65,168,110,41,25,61,46,36,89,32,49,74,110,57,74,103,28,47,78,27,55,29,40,30,119,115,45,73,34,115,46,49,47,159,,85,151,122,26,34,102,80,38,38,45,132,20,152,77,16,11,82,112,96,45,92,122,22,135,30,117,31,45,32,32,46,81,56,67,47,97,82,51,69,68,174
20171215,9,PM10,,33,50,86,38,42,38,66,85,38,50,35,,,,,,,,,,,173,,,,,277,272,352,243,199,203,162,132,219,163,176,183,158,101,109,137,,229,276,254,296,,237,230,239,356,301,232,15,,22,22,,61,138,49,190,44,153,171,,119,175,204,174,227,233,226,224,262,246,229,342,,351,364,333,379,300,320,337,42,27,22,30,,14,39,37,191,65,56,,150,85,90,75,86,,118,113,131,96,129,124,107,87,153,108,264,59,60,78,47,63,87,133,,76,72,,137,121,,90,112,165,175,129,,,,44,34,51,37,34,25,35,30,31,40,43,44,59,38,44,48,80,41,58,31,,34,36,,47,49,44,33,37,42,27,36,133,,,,161,,,172,182,176,,,47,,,44,54,63,58,42,54,57,40,56,,,,55,50,,35,,,41,40,,56,74,61,57,,,62,46,,54,,,103,,37,51,8,55,36,39,69,55,70,59,26,117,70,97,76,,,93,63,36,41,47,43,69,72,,,36,,43,52,,29,51,47,20,18,28,,,,31,34,31,,29,45,,33,29,,,44,34,26,,26,8,,22,,28,33,5,25,,,,7,19,,12,,,24,199,201,206,173,,192,232,197,76,183,155,140,170,184,181,89,153,,160,,158,,195,209,,181,,,48,,,,,,,,,,,,,49,,,,,36,29,,30,38,42,28,32,26,26,,,56,55,73,61,71,73,38,52,50,80,60,84,69,51,33,53,28,42,56,39,26,,50,65,57,60,64,62,42,73,35,44,51,42,55,53,44,41,78,45,55,46,,39,18,16,,,,17,22,,36,38,48,32,46,56,,85,70,82,67,99,116,,,,80,92,68,64,83,,84,94,97,121,,,105,21,,32,18,,31,29,27,25,26,72,69,,103,66,120,77,51,103,37,28,39,72,250,232,301,258,276,254,278,249,339,178,283,245,259,115,119,69,106,135,108,,110,128,70,,,,47,74,104,96,146,78,,,113,,62,,,,40,48,48,42,,34,,72,,18,,32,40,20,18,60,61,35,53,58,60,57,83,49,84,74,84,68,,,33,103,49,,,56,34,57,13,,,,112,123,176,145,188,,182,164,,171,200,191,157,263,249,239,263,244,259,135,189,171,,147,139,137,141,98,130,,175,,182,,210,148,114,161,194,148,202,143,138,119,136,106,107,222,272,226,,19,21,15,,,43,35,23,71,45,138,71,,,,83,,101,81,61,62,31,41,49,53,94,34,17,,12,64,69,67,27,26,,92,100,,89,87,104,,65,60,45,29,,,186,172,178,16,,29,21,14,20,173,173,,158,182,,309,,301,276,278,268,,,287,216,,208,67,89,,128,106,147,107,131,114,134,141,110,132,,124,128,,277,217,163,134,156,57,88,109,42,41,124,111,108,116,114,,149,112,,85,53,,94,177,122,194,98,,70,86,,143,44,,,,49,,35,,58,,,,,,,,10,207,168,,225,243,211,160,232,296,277,,321,,126,123,119,231,233,237,215,165,182,153,164,184,,,154,143,143,,,,101,115,98,,52,40,60,,45,,,,,,,70,76,62,12,15,14,16,,23,13,18,,,18,32,,20,28,28,118,115,125,147,,40,47,42,,62,171,66,140,114,80,65,50,62,93,,,76,132,162,130,146,77,94,114,92,85,106,,25,24,,15,93,52,306,278,301,283,114,197,96,92,95,150,140,139,77,95,166,165,151,228,183,176,278,255,226,246,38,26,62,25,,27,89,97,67,26,20,38,55,,53,55,70,,231,225,208,182,159,118,110,143,146,,133,170,107,63,60,148,173,149,141,89,110,90,110,90,86,39,43,36,30,30,34,34,41,,34,31,35,,48,61,44,74,,,29,,51,59,39,45,39,50,,34,56,59,,,190,,44,160,118,,270,159,189,156,204,,84,68,273,,211,163,,,118,105,91,,82,274,,266,237,208,199,,193,199,271,224,261,124,,,39,87,34,42,34,34,98,,19,49,30,39,,,20,12,28,21,43,36,33,41,54,,,,115,99,133,131,109,52,111,149,308,198,327,202,117,,77,116,101,150,151,140,116,94,59,84,42,56,108,80,46,212,167,54,156,247,387,13,119,35,43,28,51,39,27,106,51,97,96,87,157,252,37,35,,20,82,112,54,15,,48,,44,,,,61,44,52,59,61,,94,,54,55,,79,63,46,19,16,14,,36,20,15,,57,,,,,98,93,,46,35,27,30,133,122,,,,43,56,35,27,,33,21,,24,26,20,35,,18,,,28,21,24,28,24,31,,26,12,,6,,14,29,,26,,,20,15,28,20,,,,,,14,,18,,,20,20,,,21,27,19,,,24,23,,34,19,32,42,46,40,142,171,160,,203,191,198,,,,157,,,100,149,159,168,154,,,116,175,131,,150,138,,147,146,123,32,34,47,43,64,68,82,90,75,,,,,,40,63,,,,,63,72,,34,,,,,77,,70,99,92,13,15,12,,16,24,,16,,,19,89,111,77,63,58,,38,29,12,11,24,,,30,28,,17,24,31,37,24,,22,24,,48,41,36,24,14,,,,12,,10,11,18,,12,16,6,8,,15,30,27,,10,5,,,19,23,9,,69,68,82,102,118,59,60,92,90,,98,82,25,32,,25,85,65,54,58,75,87,113,,72,116,99,70,106,91,48,32,25,,,93,122,,69,78,84,92,104,34,46,21,,,23,22,21,30,47,,16,18,26,,,,,,19,19,11,5,19,18,12,,10,45,33,19,37,52,48,17,29,53,45,15,57,64,,30,31,46,49,26,,43,58,77,81,51,43,42,43,102,82,28,32,30,83,313,,12,,16,51,,,127,113,18,24,20,30,82,105,88,133,,,73,71,158,249,45,41,40,56,93,139,60,48,77,97,84,194,245,84,,68,164,55,,104,87,135,167,156,50,66,84,71,38,49,43,59,120,98,151,166,83,114,,50,39,41,41,132,125,85,120,,71,236,94,147,141,116,21,7,,32,22,39,118,38,173,26,141,,,246,259,196,142,147,,,79,59,30,50,80,191,204,236,98,12,96,75,46,98,124,122,82,42,58,55,23,162,,61,,24,47,,61,41,,112,38,155,58,73,33,168,156,111,160,55,,84,89,76,321,,,,178,32,102,,72,22,15,,228,29,181,159,15,10,,160,194,127,46,167,22,217,19,164,10,7,11,17,203,119,33,128,80,134,110,46,,,305
20171215,9,PM10_24h,87,75,95,87,90,85,73,94,97,81,100,64,,,112,,84,64,98,,83,77,92,,80,83,,168,204,233,137,170,176,147,116,124,127,132,138,134,84,91,103,,124,180,195,216,,172,179,181,216,201,187,87,,91,100,109,147,142,109,176,121,128,135,,123,118,122,121,144,147,155,181,180,189,175,364,,319,379,307,398,324,323,402,135,105,87,144,93,107,111,95,161,203,184,,181,219,210,196,179,,202,73,70,53,72,69,63,44,106,73,65,92,94,124,95,84,93,109,108,108,113,97,109,74,,91,108,134,145,116,101,105,126,37,32,27,24,29,31,28,25,27,32,43,41,49,38,45,49,53,40,49,39,35,34,31,35,54,53,37,25,33,30,33,27,71,,,,144,94,,147,144,145,,41,49,41,,43,63,52,54,42,43,51,45,49,,,,46,49,,48,38,46,36,39,,35,60,47,47,52,56,46,38,,45,,86,78,87,38,62,27,47,40,46,71,58,58,64,35,61,63,58,64,,,74,56,35,49,53,52,50,60,,,38,,46,46,,43,47,44,24,26,30,,,,29,32,33,27,23,37,31,48,26,,24,33,37,28,20,33,18,,31,,34,28,17,37,,24,,17,27,20,20,16,,23,184,197,195,180,,177,229,181,82,134,105,125,115,112,128,146,123,143,156,168,165,157,167,173,150,170,29,,45,43,,56,43,49,36,,,,,,,46,,,,,64,55,,47,53,48,33,49,25,44,25,,63,60,61,53,86,86,40,64,47,95,75,89,88,74,54,66,50,61,78,52,42,37,65,77,73,78,77,77,69,76,47,58,50,50,79,54,50,58,63,66,56,47,,54,22,26,33,18,41,26,21,34,31,31,35,30,34,60,,66,60,68,70,64,85,,,,65,69,59,75,78,,107,110,113,132,,,107,53,30,40,44,34,52,48,35,35,44,66,41,37,68,56,79,71,63,99,47,40,76,73,190,180,228,215,204,207,194,219,265,172,201,215,207,115,116,106,110,108,153,,149,164,126,,,,116,137,94,83,75,79,70,,45,33,55,31,28,31,47,49,56,51,43,52,44,65,68,86,88,111,99,95,107,111,102,86,92,98,165,178,166,155,54,42,46,51,158,154,112,197,157,136,114,26,29,34,23,,143,,123,128,146,121,166,,168,160,,167,203,187,158,212,217,149,163,220,221,150,143,160,,98,79,75,78,36,84,,125,,133,,144,111,120,128,148,138,158,107,100,94,51,53,48,186,193,180,,22,22,18,48,84,43,35,39,49,51,67,60,52,61,51,70,46,99,91,73,80,36,39,54,44,54,54,25,30,25,98,99,83,30,20,,62,62,,74,73,70,,50,51,40,37,,,185,171,184,131,,135,107,125,135,122,126,,120,149,,217,,216,200,207,227,124,124,205,178,,175,169,156,,223,178,284,229,272,162,100,165,143,94,133,77,218,109,306,197,153,112,157,124,112,124,103,100,98,54,114,105,94,,49,112,94,119,123,166,88,91,91,125,60,93,96,76,103,89,43,52,52,43,46,44,46,48,62,,32,,,,35,,7,178,155,,154,166,181,151,186,188,185,,186,,121,123,118,177,162,155,210,154,155,138,138,148,152,,149,144,144,106,,114,126,127,112,63,61,55,62,72,55,,69,,,61,81,71,76,77,15,23,15,18,,18,21,16,14,32,33,27,27,20,28,24,114,102,111,115,49,47,57,40,48,65,136,74,114,93,76,72,60,64,130,,,114,121,131,116,129,78,94,110,96,88,97,31,27,24,,28,55,45,226,205,210,197,215,218,169,162,116,134,142,150,203,200,212,207,215,218,225,212,223,223,223,183,81,66,87,60,,118,88,104,102,40,25,45,63,50,101,87,105,104,132,190,180,102,97,141,101,99,103,79,92,104,78,55,54,101,103,85,89,47,55,47,70,63,52,52,53,42,26,37,31,37,40,,33,30,38,44,47,55,47,50,40,36,32,46,57,55,34,32,45,58,,55,49,47,,,100,100,45,142,119,143,166,162,174,162,183,,47,57,125,101,111,107,106,114,158,251,248,,246,259,,240,248,162,169,,163,178,231,181,211,151,,135,47,52,44,69,72,62,57,,44,57,56,70,,,40,27,51,30,60,60,51,122,105,58,118,109,244,275,212,297,185,207,181,170,173,140,235,192,160,138,118,101,87,168,197,133,109,83,63,88,68,54,56,52,54,106,154,36,53,85,159,24,83,48,46,35,49,57,24,64,51,46,60,52,101,125,33,42,42,60,94,86,57,19,69,53,48,55,46,41,,84,63,59,51,56,91,86,97,49,55,,63,60,47,37,33,16,49,34,22,24,31,45,37,,,68,85,87,84,46,44,35,41,111,115,,48,50,47,55,39,27,19,23,25,13,21,19,25,22,10,18,17,,25,25,26,36,28,30,26,15,18,19,18,17,17,44,46,37,38,29,42,34,39,36,25,32,25,32,31,19,19,32,32,28,28,28,30,33,36,34,32,36,34,28,28,21,32,21,33,32,36,36,151,154,145,,146,155,146,167,,183,169,138,,110,173,178,184,179,,132,117,149,143,118,126,118,116,173,176,172,47,46,58,52,61,61,80,85,82,133,137,146,,43,47,69,,,,,59,51,,46,37,44,45,56,74,60,59,106,97,17,25,29,48,27,35,32,18,37,30,29,121,107,92,72,72,21,37,45,22,27,38,,,40,46,52,61,39,45,74,22,34,38,35,33,40,55,83,27,20,28,30,13,19,14,14,15,17,9,14,17,10,15,20,26,29,32,25,27,11,31,22,23,25,13,8,76,69,81,94,95,68,66,95,101,89,98,91,65,70,76,64,83,109,92,101,71,90,93,,81,113,107,96,116,102,70,88,68,81,,89,116,,79,111,118,120,125,35,66,40,,47,22,28,42,49,53,,54,50,55,28,,,,,46,36,25,26,24,19,26,,20,48,42,54,56,67,28,21,29,45,41,27,39,46,,27,41,30,28,67,,44,48,53,57,57,54,115,36,100,110,24,24,67,54,212,,28,,21,31,116,121,125,118,77,80,88,81,79,95,79,134,,,85,138,161,180,82,106,60,57,93,108,73,76,113,96,96,109,133,69,,99,126,98,,130,119,107,133,102,65,61,86,66,50,55,50,79,76,64,208,210,104,90,15,54,57,50,55,152,160,133,298,,238,186,157,141,151,135,30,48,47,53,50,57,84,33,126,40,90,83,90,204,254,161,182,228,48,42,55,55,35,52,65,132,155,201,115,19,75,64,91,112,259,151,71,45,74,65,47,130,52,60,84,134,108,131,147,50,59,88,42,63,47,59,37,139,142,58,92,48,,69,71,73,188,,92,171,151,32,68,120,104,47,64,67,168,32,162,125,28,16,90,146,167,75,130,154,31,165,48,155,41,34,47,40,137,133,74,100,70,138,112,58,78,77,190
20171215,9,SO2,4,7,6,5,6,4,5,12,4,9,5,3,,,20,,22,19,25,,18,17,26,,13,4,,20,13,29,22,27,35,47,49,43,63,69,73,53,34,29,46,,71,14,28,,,25,38,26,41,21,26,11,,50,11,11,18,26,18,29,15,23,23,,26,26,36,30,10,16,18,21,22,16,22,93,,54,150,212,232,243,40,195,20,41,31,17,11,11,10,15,37,27,39,,40,45,47,34,48,,36,31,31,26,31,22,12,17,16,27,27,41,50,26,46,74,20,27,59,12,12,43,36,27,,59,32,111,110,45,21,40,116,9,7,10,9,9,7,8,8,6,9,14,12,9,7,5,11,11,5,16,8,7,5,14,8,9,16,11,12,10,11,16,16,35,,,,14,6,,12,15,8,,6,7,7,,15,9,8,10,7,9,10,9,8,,,,13,24,,1,2,3,7,6,,10,10,8,19,13,7,10,7,,9,,5,8,10,16,13,6,11,11,10,11,10,6,15,9,25,24,15,24,,,23,16,10,8,10,7,4,11,,,7,,14,20,,6,10,12,5,8,10,,,18,7,5,7,5,4,7,4,4,4,4,7,3,9,3,1,1,5,,4,,8,8,2,2,,4,,2,4,9,7,4,,5,15,18,25,22,18,24,30,30,15,16,22,18,29,14,22,10,27,23,23,23,24,10,10,23,26,19,4,2,3,5,4,2,1,3,3,4,4,5,4,3,5,6,3,2,5,6,12,11,,7,6,8,6,12,13,10,11,,3,8,7,11,10,8,5,9,8,12,18,16,20,19,9,16,7,8,11,36,17,15,24,22,29,28,23,20,12,12,13,24,24,18,21,11,10,11,12,12,12,15,,17,11,16,14,9,14,12,9,14,4,6,5,5,8,6,,15,13,20,6,15,10,,,,18,11,16,8,14,,8,7,7,10,,,11,12,9,12,4,10,29,34,22,13,18,26,9,10,11,14,15,15,8,10,7,2,12,6,33,43,34,37,40,32,35,35,34,38,25,28,30,39,31,49,24,62,30,,23,29,20,,,,27,33,1,19,8,9,10,,11,6,8,10,8,4,10,6,8,7,4,9,7,6,6,10,20,10,11,13,12,35,38,10,13,31,12,12,7,8,61,99,37,39,25,110,22,244,24,,33,9,9,11,3,,57,,19,24,41,15,15,,16,10,,11,9,16,12,36,53,63,80,45,92,37,14,11,,22,12,25,20,19,28,,33,,24,,22,28,34,29,29,17,33,22,10,6,17,13,14,17,29,13,,9,9,8,10,8,9,9,8,16,12,30,29,22,22,27,28,33,13,36,46,45,7,6,6,11,8,9,2,5,5,16,17,18,7,8,,38,43,,41,40,32,,19,9,10,9,,,14,11,14,14,,21,21,15,16,8,22,,24,36,,184,,185,208,142,177,207,143,125,180,,43,15,24,,62,43,34,70,65,,64,42,30,37,27,25,47,95,73,87,121,137,77,99,93,74,177,33,57,37,45,49,32,,79,29,26,64,16,29,37,51,81,38,36,7,35,16,34,33,9,10,12,8,14,14,12,9,15,4,10,11,4,12,10,2,5,26,18,,25,15,12,17,8,26,15,,14,,13,13,12,11,9,8,9,28,26,13,17,23,21,,19,10,9,12,9,12,10,14,11,9,5,7,2,3,6,,2,,,3,6,7,6,4,4,10,12,12,6,6,7,12,4,25,31,19,45,11,1,3,3,15,20,13,13,17,13,11,12,12,41,35,28,16,6,3,18,9,14,,,19,7,12,7,4,2,13,12,4,7,11,32,7,12,,14,22,10,16,35,22,28,14,34,25,31,16,11,75,57,7,11,20,10,11,111,14,18,37,22,19,12,6,3,5,2,,16,91,101,65,2,7,8,3,5,3,8,6,65,35,12,15,30,49,15,12,26,23,36,12,19,14,17,20,14,11,14,13,15,18,13,9,35,17,13,17,16,5,4,15,12,21,,2,6,8,6,6,6,2,4,11,10,14,6,9,9,9,10,14,14,,11,6,2,,,29,28,14,15,10,4,8,13,10,10,10,,25,9,47,58,48,57,44,12,64,57,117,,46,245,,253,222,76,38,,70,68,74,56,19,33,,82,7,9,5,34,16,8,7,,6,40,12,18,,,14,4,18,21,8,10,9,70,23,13,23,13,57,59,47,52,30,44,31,23,302,57,131,240,17,33,19,33,22,85,107,80,107,36,11,18,24,53,34,140,10,65,47,13,39,35,55,8,16,19,23,13,13,10,7,21,9,26,19,30,21,70,9,18,20,9,39,46,46,8,24,28,42,,,3,,19,4,8,24,22,7,9,16,7,22,,17,4,6,22,7,24,6,6,7,3,16,,15,3,,,24,13,21,15,27,2,8,19,17,,30,20,11,16,12,2,4,8,7,2,14,13,16,35,2,10,13,,11,10,8,5,6,11,8,5,4,7,33,5,8,19,10,12,15,35,12,8,10,11,,13,13,12,22,4,3,10,31,2,9,6,20,12,22,13,16,,15,8,7,6,7,5,20,17,41,18,4,3,4,,16,15,7,12,,18,11,10,,9,10,11,7,12,8,7,10,10,6,6,9,9,2,10,9,8,7,4,6,6,5,12,16,20,12,12,13,11,7,4,2,4,11,18,12,,6,5,,2,1,2,3,1,5,6,2,6,3,7,14,14,9,9,7,5,17,9,8,30,5,5,1,7,2,15,11,12,22,7,3,,,5,6,4,1,2,1,2,3,2,11,3,4,7,6,9,3,9,4,7,6,6,6,9,16,13,2,8,10,5,3,7,9,23,22,1,3,4,5,11,8,7,6,6,16,22,16,11,16,6,11,8,15,19,15,14,5,4,15,1,3,3,5,3,11,16,19,,12,17,8,12,10,18,22,3,6,18,,5,11,,6,6,8,6,7,7,17,8,,22,11,8,7,12,27,,22,42,36,16,,,,,1,10,8,10,5,2,7,,95,22,7,15,42,,13,8,9,6,10,21,43,13,,16,9,17,6,8,,4,8,19,17,11,10,11,14,7,6,3,5,11,6,9,,3,,5,5,11,12,8,19,13,25,23,28,12,22,24,9,,,9,10,83,29,10,9,11,14,39,62,13,11,26,91,38,121,163,3,,32,19,8,,25,9,8,28,194,21,19,17,25,7,12,11,12,41,13,24,34,12,6,4,10,5,7,16,15,12,3,3,,8,25,10,49,64,39,3,3,4,8,10,9,30,6,17,12,11,13,18,44,307,73,74,40,5,10,16,19,8,31,20,20,21,9,9,8,54,22,35,34,60,29,13,5,4,5,5,22,3,5,20,23,118,32,47,8,24,13,8,14,11,13,6,6,35,24,50,11,15,11,13,11,228,,19,10,26,8,36,6,18,6,28,18,21,9,20,14,3,4,27,16,35,23,35,27,5,69,25,12,12,37,28,65,20,24,26,40,9,13,6,1,2,4,9
20171215,9,SO2_24h,15,14,19,15,19,21,17,21,12,18,18,13,,,17,,23,27,21,,22,17,19,,14,9,,18,19,28,23,21,21,19,33,33,41,44,48,36,29,52,42,,34,9,18,26,,25,38,32,32,29,29,24,,26,22,24,39,42,43,56,43,21,19,,23,35,40,39,7,14,15,21,25,17,19,116,,67,170,243,159,261,58,153,30,36,38,40,31,23,34,25,75,84,96,,103,121,98,97,146,,116,33,47,28,31,24,19,12,33,28,27,107,160,58,64,66,24,31,52,30,36,58,54,26,,138,122,98,100,118,21,59,58,9,7,9,9,9,8,8,7,7,9,13,10,7,6,4,9,8,5,13,9,6,7,13,8,6,17,10,15,11,11,20,16,25,,,,23,7,,11,22,9,,6,6,7,,15,11,7,10,7,8,10,11,10,,,,14,17,,2,3,4,6,5,,6,8,5,14,9,6,7,9,,8,,2,6,6,13,10,6,7,9,9,9,7,5,13,8,13,13,12,11,,,11,8,9,8,9,7,7,13,,,8,,10,12,,18,5,6,5,8,10,,,14,5,5,6,5,3,5,4,3,4,4,7,2,8,3,3,1,5,,4,,8,8,2,4,,3,,2,4,8,5,4,,5,20,19,24,29,22,26,32,31,24,17,25,24,23,10,24,20,25,19,16,16,15,11,12,18,19,15,4,3,4,5,4,2,2,6,3,4,4,4,4,3,5,6,3,2,4,7,11,10,,6,5,8,5,11,13,9,10,,5,7,7,10,8,9,6,8,9,11,12,10,18,15,8,13,7,8,11,27,19,18,18,15,17,13,20,16,13,7,8,18,20,16,15,11,10,8,9,10,9,13,,14,10,14,13,10,12,10,9,10,4,6,5,4,6,8,,15,13,14,12,15,16,,,,16,14,14,9,17,,11,7,4,11,,,9,11,9,12,18,8,28,26,15,10,16,17,13,13,13,13,26,25,7,10,7,3,12,5,31,32,35,34,32,35,24,38,19,31,28,26,31,37,31,36,32,34,34,,33,30,30,,,,54,43,3,9,13,8,9,,11,6,8,9,9,9,12,6,7,7,3,12,7,7,6,23,24,28,24,22,19,26,25,19,21,21,70,96,35,56,41,37,21,50,104,90,53,148,131,203,108,7,8,10,7,,30,,15,16,21,12,13,,13,13,,12,34,37,36,34,42,34,54,29,53,22,15,10,,27,21,30,25,25,33,,16,,11,,15,21,26,22,24,17,29,12,8,6,14,11,12,24,28,21,,9,8,7,10,7,8,9,9,12,11,19,12,8,11,12,11,14,13,21,32,24,7,5,8,11,9,9,2,5,4,15,16,16,6,7,,22,20,,22,21,20,,12,9,8,9,,,8,8,8,56,,74,56,104,91,11,16,,19,25,,94,,92,80,97,117,126,107,76,120,,102,31,84,,103,92,118,120,110,107,45,60,45,34,38,26,106,82,111,143,109,76,41,120,76,95,152,136,37,27,57,41,32,,20,44,76,62,28,37,22,35,30,20,20,21,30,27,40,29,7,7,9,6,16,16,14,12,22,5,10,10,12,9,10,2,5,18,11,,18,12,12,10,13,19,12,,12,,16,12,15,14,8,6,11,16,16,10,14,16,18,,17,13,11,11,13,14,6,11,9,8,3,7,2,4,6,,2,,,3,7,6,6,4,4,11,16,11,6,6,11,10,3,20,50,12,23,8,2,3,3,8,10,6,17,14,13,13,16,15,71,29,32,25,11,7,14,10,25,,,18,5,8,6,4,3,9,12,8,7,10,20,7,6,,13,20,10,18,29,25,22,27,39,30,33,14,16,71,59,17,17,23,20,21,34,23,25,22,25,22,15,8,6,8,13,,35,32,49,52,2,7,8,5,6,18,15,9,25,20,13,19,26,26,19,15,26,27,37,11,21,19,16,15,13,9,14,17,10,14,14,9,22,18,13,17,17,5,3,15,13,24,,3,5,8,6,7,13,6,5,11,10,19,5,7,7,9,10,8,10,,9,4,2,,,33,20,26,14,9,4,8,10,8,8,7,,11,8,33,39,23,24,19,12,114,87,125,,106,197,,230,208,52,37,,70,52,82,71,55,67,,94,7,17,6,47,56,30,8,,13,32,18,32,,,24,12,60,37,13,12,11,75,71,73,92,67,92,113,79,108,59,50,54,59,263,112,246,198,53,58,75,59,47,89,86,85,64,20,15,21,24,30,35,22,12,31,39,9,16,15,27,7,19,27,24,14,12,11,7,13,15,13,18,19,13,34,8,32,35,45,69,79,51,8,7,18,17,17,15,5,,20,6,7,23,16,10,10,19,12,21,,20,7,7,17,6,20,5,6,7,3,23,2,12,4,,8,17,8,15,9,16,2,9,14,15,,19,16,21,26,20,1,4,6,6,2,10,9,12,20,2,7,10,,11,10,9,7,6,9,8,4,4,5,7,4,6,21,10,14,18,28,19,6,12,10,6,27,28,31,42,4,4,10,8,2,10,7,17,12,12,9,16,14,16,6,7,7,7,5,10,16,19,11,6,12,14,,19,15,7,12,,18,12,13,,16,6,10,5,10,7,6,6,7,6,11,11,14,7,8,8,8,8,4,6,8,5,8,14,20,6,12,12,11,6,4,3,5,10,16,8,,7,7,,9,1,2,4,2,4,6,2,8,4,7,15,14,8,9,7,8,14,8,13,18,5,3,1,12,1,13,8,8,16,4,5,,,5,4,4,2,3,4,2,4,3,12,4,4,9,5,4,3,7,5,8,5,6,6,12,11,11,1,6,8,4,3,7,9,18,21,2,3,4,5,9,8,6,5,6,15,20,17,12,10,9,11,8,10,12,11,11,5,4,7,3,4,4,11,3,19,18,14,,16,20,12,12,12,23,18,3,11,11,,5,7,,7,7,8,6,8,9,16,9,,19,11,10,13,13,15,,26,36,31,17,,,,,2,10,10,9,5,2,6,,42,12,12,22,51,,12,8,8,5,12,21,21,13,,9,8,7,5,8,,5,9,17,15,9,11,17,10,8,8,3,5,16,9,5,,8,,5,4,9,11,9,16,21,36,33,25,10,22,21,20,,,42,11,47,28,18,18,16,13,23,28,13,13,20,42,17,53,37,6,,37,39,16,,48,22,12,42,66,21,18,16,21,10,18,9,14,15,12,22,25,16,12,5,14,9,11,12,18,20,4,21,,31,32,48,41,48,38,5,24,16,11,14,11,37,4,16,12,18,11,19,34,233,53,127,51,5,8,10,11,10,24,7,15,15,10,9,8,22,24,57,20,94,91,12,7,4,5,7,19,4,5,31,81,67,114,30,8,17,8,8,13,13,15,5,11,68,16,24,12,16,13,16,16,123,,17,11,17,6,25,11,12,6,39,24,26,8,14,22,2,4,25,17,36,19,60,26,7,39,11,11,19,38,33,47,10,33,26,32,12,22,6,2,8,4,7
20171215,9,NO2,28,18,23,30,25,27,21,63,63,25,19,18,,,68,,63,66,63,,65,65,61,,59,59,,72,57,57,80,53,62,49,76,74,77,77,78,81,57,60,73,,82,63,52,55,,80,70,64,59,69,76,12,,30,20,18,33,62,14,62,13,69,81,,71,53,60,58,51,51,49,60,59,63,60,76,,71,66,69,69,71,66,70,11,34,28,1,28,22,30,29,46,36,33,,43,40,40,41,41,,38,70,46,65,68,50,66,34,68,56,55,32,27,39,28,31,25,36,37,21,20,56,53,41,,48,45,61,57,51,48,44,73,59,58,76,58,66,51,61,35,56,46,50,36,63,60,53,46,53,54,58,52,67,65,49,66,46,86,63,32,44,43,42,41,55,,,,55,47,,52,57,60,,46,35,31,,60,50,44,57,50,55,56,32,59,,,,55,37,,30,33,39,40,54,,56,46,46,52,54,45,35,48,,42,,48,48,56,57,75,29,61,54,57,71,60,47,60,55,58,51,53,55,,,,50,53,51,60,53,55,45,,,42,,56,62,,32,47,49,23,13,23,,,49,44,48,38,24,29,38,38,34,30,20,34,32,57,51,44,25,23,,43,,57,46,7,33,,31,,34,34,42,42,36,,18,63,54,60,62,53,66,65,55,27,76,66,80,73,109,93,41,73,57,58,53,46,41,56,50,55,41,28,29,31,36,30,43,32,26,28,26,28,31,31,30,37,39,38,38,31,34,45,41,,42,37,44,34,36,31,40,25,,28,45,44,23,28,45,9,16,24,32,53,55,50,51,40,33,40,36,47,45,40,34,48,42,44,52,46,47,41,42,33,41,36,49,42,25,25,28,31,39,36,35,,36,29,26,42,21,22,30,37,36,8,4,9,12,15,33,,44,47,34,47,49,51,,,,38,49,43,34,51,,42,54,60,41,,,58,23,24,34,32,15,28,29,36,35,32,57,59,8,45,48,45,47,41,70,57,15,52,58,63,71,77,70,28,57,65,61,69,60,62,62,64,65,64,18,83,83,73,,76,51,14,,,,28,42,51,46,48,52,36,,34,38,33,34,40,39,33,35,30,36,35,12,29,27,29,26,30,14,23,25,19,43,35,33,24,40,24,26,27,18,43,51,40,46,25,36,17,39,16,31,19,33,35,42,10,,58,,52,53,56,55,44,,50,13,,46,53,60,54,69,82,82,88,78,82,50,61,29,,34,41,62,60,57,50,,42,,57,,44,48,52,51,50,49,59,63,54,59,41,33,42,51,49,46,,32,37,34,28,36,45,27,9,49,30,46,28,33,34,33,26,35,33,27,18,19,25,21,25,30,37,25,28,23,22,43,43,44,32,30,,39,36,,45,46,48,,31,25,29,20,,,46,47,50,5,,12,19,5,16,39,55,,47,44,,41,,50,37,45,73,72,62,67,66,,44,34,79,,38,38,24,36,49,,66,35,38,41,37,27,46,72,57,63,77,68,65,33,38,49,30,21,45,49,46,53,38,,53,29,24,36,26,24,32,58,51,48,30,22,64,43,121,56,53,52,58,49,42,35,39,40,19,35,36,33,42,35,35,30,12,59,55,,51,33,46,50,51,53,50,,55,,43,51,47,41,45,53,34,45,48,40,39,48,50,,48,28,40,39,31,35,35,36,29,23,20,22,24,17,12,,36,,,12,43,37,22,12,20,37,21,33,20,23,18,22,10,33,20,27,31,13,8,18,33,43,39,34,,46,41,44,43,39,65,40,54,40,20,38,26,41,42,,,51,28,45,50,41,16,32,51,46,43,47,38,31,34,,32,26,19,71,57,68,58,35,43,40,34,36,41,59,64,37,46,51,52,45,47,46,48,84,55,58,174,12,12,9,26,,12,42,39,33,20,16,3,35,19,23,45,18,55,59,57,64,74,74,77,50,56,77,53,41,44,46,16,28,43,48,55,62,58,41,38,40,39,30,47,92,47,54,53,58,41,55,,,35,44,18,33,62,36,43,39,48,41,39,44,24,37,29,59,64,,51,45,43,,,67,63,55,30,42,32,44,41,46,40,41,,49,36,53,57,37,96,44,38,33,49,31,,37,65,,61,63,64,48,,49,46,67,60,56,28,,34,34,33,20,20,27,4,49,,42,48,31,16,,,20,5,10,14,13,17,11,23,22,11,17,18,52,54,50,33,20,33,37,46,53,50,55,50,28,38,20,51,42,59,63,55,58,34,16,26,25,40,57,52,32,62,47,18,53,64,82,9,52,30,51,16,42,19,6,37,28,54,59,48,78,74,76,19,20,24,56,56,47,6,25,21,26,41,,44,,46,27,29,41,19,46,49,59,62,64,,48,53,48,32,24,37,30,31,24,14,34,31,56,38,,,54,47,33,28,30,21,34,42,45,,14,38,60,58,36,42,6,55,22,6,22,22,25,22,2,25,27,,27,28,36,34,28,34,33,9,11,16,30,32,30,15,29,23,16,27,26,29,30,33,24,29,8,24,23,23,32,35,38,42,29,31,30,39,30,29,26,,33,22,28,26,27,28,39,26,28,15,51,42,48,,42,51,46,45,,50,45,37,,43,51,42,32,46,28,50,37,48,36,51,54,38,38,56,48,42,20,31,36,28,27,20,47,44,46,36,45,53,55,36,21,13,40,47,46,,31,36,,21,38,37,33,20,25,28,28,35,30,25,29,35,27,42,32,17,26,26,23,30,29,43,29,25,27,34,26,27,27,25,34,,,18,19,12,14,17,16,13,14,18,32,26,22,2,33,30,31,22,25,36,26,24,23,12,16,26,13,18,22,16,10,22,21,32,24,24,17,12,22,17,9,13,10,12,15,52,47,58,37,30,44,32,30,24,29,36,31,44,43,36,42,51,63,36,24,39,42,,45,56,78,60,58,64,27,15,9,31,,36,32,,37,78,29,40,33,22,22,31,,22,20,38,15,48,49,,35,33,44,19,,,,,7,24,34,31,21,15,42,,18,21,10,19,28,7,70,28,27,22,13,25,40,20,,15,13,32,20,25,,17,31,34,26,26,29,15,26,27,15,19,26,40,16,30,,3,,18,25,23,43,38,27,25,28,27,29,21,32,30,50,,,12,25,51,54,22,14,33,20,69,80,26,23,22,54,33,46,68,47,,42,37,32,,40,17,44,30,48,46,22,30,34,8,18,19,38,63,74,69,71,36,69,3,40,34,4,26,42,33,13,,,22,32,35,50,50,43,6,3,29,20,25,29,57,59,38,38,63,63,67,60,68,53,30,53,49,37,81,61,34,25,26,49,40,49,45,40,31,28,42,61,48,42,36,37,14,25,42,70,48,49,54,12,31,22,34,18,46,53,26,60,52,53,43,28,66,55,52,57,54,56,38,48,46,,72,39,66,31,52,42,39,19,17,37,52,18,55,63,32,15,74,51,62,60,23,60,18,53,17,57,18,23,18,27,36,61,24,62,49,63,45,34,41,32,50
20171215,9,NO2_24h,66,54,63,63,74,65,75,78,68,63,72,73,,,63,,61,66,64,,63,64,53,,64,58,,65,65,67,67,52,62,53,68,67,73,71,72,73,55,61,70,,66,53,50,49,,74,69,61,61,68,77,43,,47,45,49,57,61,60,67,56,69,76,,68,53,53,54,45,43,39,57,54,60,58,84,,81,81,83,83,83,82,87,35,36,38,51,40,40,35,36,64,76,80,,70,99,85,87,83,,92,68,40,52,50,33,49,18,65,56,32,62,58,53,55,59,28,39,54,46,51,57,65,31,,78,78,82,76,74,33,54,72,48,43,49,44,44,50,44,26,39,31,47,34,55,45,39,43,45,40,50,47,57,54,42,57,42,67,54,34,35,40,40,42,49,,,,56,49,,46,54,61,,37,26,26,,48,60,43,49,52,52,51,37,58,,,,49,43,,23,31,34,23,27,,33,35,29,36,35,37,33,42,,38,,44,44,52,58,77,29,64,56,60,73,60,48,64,50,47,65,61,61,,,62,56,54,45,62,44,54,48,,,50,,50,55,,37,31,35,11,7,11,,,50,35,34,31,28,31,40,47,34,29,21,35,28,46,50,39,31,23,,36,,49,32,9,24,,34,,27,33,42,46,26,,20,65,56,65,71,62,74,70,57,54,66,66,81,65,89,83,71,57,53,59,54,52,45,53,52,60,46,27,28,33,39,29,44,35,31,30,23,30,32,32,30,40,36,40,39,32,29,55,46,,49,42,55,38,43,33,45,27,,29,37,36,24,32,50,11,27,23,41,61,62,57,69,48,38,49,49,61,52,49,42,68,55,61,67,58,60,58,54,36,44,40,45,48,28,27,28,30,40,42,37,,40,35,39,43,26,19,38,36,44,6,6,9,9,14,32,,45,47,46,50,37,48,,,,37,54,45,47,48,,39,39,51,37,,,45,25,18,27,31,13,29,25,28,24,29,39,38,15,39,40,45,46,36,61,40,24,39,32,71,73,71,79,44,66,69,72,59,65,64,67,62,60,55,27,65,72,49,,62,32,26,,,,49,49,52,51,33,46,37,,18,40,33,33,41,40,36,37,33,37,37,16,33,30,32,28,33,30,26,28,28,37,35,32,32,32,62,84,62,67,23,21,28,36,80,80,55,63,56,63,66,18,23,29,11,,59,,55,56,57,54,50,,53,30,,50,72,79,73,71,86,54,61,70,83,44,58,39,,18,44,52,56,50,50,,32,,43,,45,49,54,54,43,43,55,52,42,43,22,37,28,62,52,52,,30,36,31,24,36,28,19,12,29,26,36,28,26,29,27,23,29,34,22,21,26,29,27,38,17,23,16,29,24,22,48,45,44,34,29,,31,25,,36,35,39,,39,30,37,18,,,51,51,47,35,,35,32,44,31,27,44,,35,36,,43,,50,28,41,73,76,62,70,69,,48,41,85,,86,81,85,70,86,79,64,71,72,44,54,38,88,60,57,63,65,58,47,68,67,69,62,66,54,34,63,54,45,,14,47,50,52,42,43,29,45,43,44,24,34,49,50,94,65,49,44,54,41,37,31,33,33,26,32,33,25,29,24,39,28,7,50,55,,51,30,47,45,48,52,51,,58,,48,54,49,47,48,55,44,50,47,44,43,41,45,,45,33,49,43,39,41,44,43,38,27,22,23,25,16,14,,33,,,21,32,29,17,13,20,38,22,34,20,22,17,22,10,33,23,24,29,17,9,11,24,38,38,29,49,39,44,40,50,33,71,48,72,42,38,41,34,46,39,,,55,27,37,42,37,27,25,30,35,38,32,35,27,28,,28,31,19,71,66,66,62,43,50,54,43,37,46,58,58,71,54,58,66,62,51,58,60,63,59,62,72,12,16,9,28,,34,32,24,29,27,21,5,41,16,41,45,37,39,50,53,55,59,53,76,54,54,69,44,35,36,44,20,42,39,39,38,46,23,22,35,44,34,31,44,79,45,38,29,39,33,35,,,28,28,22,35,70,40,43,37,40,47,44,52,117,22,15,52,58,,46,48,45,,,55,37,40,36,45,36,49,44,46,44,46,,31,33,52,51,34,50,37,27,58,67,52,,72,80,,73,77,51,42,,46,46,70,67,65,42,,44,14,14,10,29,36,21,29,,18,23,22,30,,,20,14,29,20,14,14,9,44,50,43,46,46,91,114,81,81,51,68,67,86,50,56,64,60,65,75,58,67,57,62,59,60,56,28,20,31,31,30,48,26,30,52,42,8,21,33,49,11,28,23,30,14,37,28,3,27,40,28,47,21,63,47,52,19,19,32,64,69,49,8,23,28,38,49,18,37,,35,28,31,37,19,48,40,53,56,47,,46,50,49,39,27,42,36,24,18,17,28,29,31,27,,27,50,39,58,34,30,22,14,36,42,,31,44,62,51,31,22,9,28,20,9,19,20,22,19,3,17,18,,22,22,25,33,36,39,34,6,7,4,22,21,35,20,35,28,21,36,31,31,33,32,32,37,15,36,37,27,37,37,39,47,28,33,30,39,33,30,25,34,33,15,23,21,23,20,34,23,25,27,64,47,52,,46,63,51,56,,59,56,45,,53,50,42,41,48,28,49,42,49,39,54,53,39,41,59,53,44,28,37,44,33,33,23,48,49,47,44,47,60,49,36,23,15,48,53,51,,29,28,,20,43,42,39,25,27,29,28,37,28,28,30,36,28,44,32,25,28,30,28,33,30,43,32,25,28,37,29,29,31,28,40,,,22,27,13,15,16,15,17,16,18,30,28,21,5,20,24,26,18,26,32,25,20,32,15,17,25,12,18,21,17,13,22,26,26,21,28,19,12,20,19,13,17,10,12,27,38,41,44,31,29,31,28,24,15,25,34,27,39,35,28,37,47,53,40,20,32,32,,32,46,62,47,50,51,25,11,19,30,,31,37,,19,51,22,31,20,15,18,23,,23,16,30,27,40,35,,36,31,42,18,,,,,6,21,31,28,17,14,28,,18,16,16,27,34,3,27,21,21,20,18,16,26,17,,8,8,16,17,27,,17,17,33,28,23,30,18,16,30,16,13,22,44,24,16,,8,,7,11,24,41,43,33,30,41,34,34,21,31,31,40,,,18,41,61,62,28,23,15,13,42,39,25,33,29,34,22,39,52,34,,43,46,33,,42,28,27,24,22,22,11,23,24,14,24,16,28,25,34,72,71,28,54,4,29,18,10,23,55,58,29,45,,62,42,58,49,51,49,9,4,34,28,34,26,58,29,27,45,66,66,61,63,82,42,50,76,39,32,71,53,42,14,24,46,40,56,44,33,32,29,34,39,74,77,28,49,14,36,52,69,35,48,56,41,45,42,41,16,52,50,21,50,53,57,29,34,67,40,52,51,58,57,50,50,49,,64,51,58,33,33,35,39,19,27,25,52,9,45,46,36,16,74,59,50,42,29,62,17,55,20,53,24,28,26,30,23,45,33,67,47,65,29,33,37,32,47
20171215,9,O3,40,51,19,36,38,39,51,13,1,36,46,48,,,8,,11,15,9,,8,4,4,,2,6,,6,4,7,4,2,1,27,12,10,16,16,11,16,20,12,14,,14,1,6,2,,16,3,12,18,14,7,59,,37,51,68,31,4,57,13,46,3,6,,4,7,6,12,4,7,7,6,3,7,3,7,,5,5,16,3,8,5,2,70,40,48,45,49,53,40,31,15,17,29,,14,19,14,14,14,,19,12,10,14,8,13,16,7,11,9,21,31,31,9,23,22,32,29,26,42,46,38,24,48,,18,22,11,9,13,47,18,47,38,36,29,40,34,25,42,58,42,46,3,19,4,6,8,10,12,9,12,21,12,9,8,13,10,20,30,40,33,32,38,30,,,,,3,4,,4,3,10,,16,17,35,,11,33,23,22,28,26,21,32,19,,,,16,28,,34,35,27,17,10,,19,2,9,5,10,5,28,21,,16,,3,4,2,4,9,23,3,1,2,3,3,2,4,4,3,5,3,4,,,2,3,14,8,7,10,,1,,,17,,7,6,,21,9,7,64,72,49,,,3,4,11,9,5,6,25,6,8,13,26,12,15,31,9,8,24,44,,23,,16,8,40,54,,13,,13,14,4,10,8,,16,4,5,,5,5,9,6,4,43,1,5,4,10,10,16,21,6,3,10,6,7,7,6,8,5,9,12,5,7,7,4,12,5,8,10,13,4,10,4,12,6,6,8,12,5,7,4,4,,4,5,5,12,5,7,4,15,,20,37,20,40,27,21,70,59,43,31,38,36,30,20,2,4,,1,2,4,9,8,2,4,6,2,4,4,5,2,8,7,7,6,,6,8,8,6,34,6,9,,9,11,16,5,18,18,14,8,10,70,88,57,57,56,22,,4,6,9,13,3,4,,,,6,6,7,5,7,,5,6,6,2,,,8,59,11,11,10,14,9,4,5,5,6,7,8,63,5,10,15,9,28,9,17,38,21,6,9,8,8,7,3,8,6,8,11,12,8,5,5,16,12,56,4,5,10,,8,29,42,,,,57,27,5,5,6,7,12,,5,10,6,9,8,7,4,6,5,3,5,36,6,11,14,39,39,52,45,39,43,42,27,29,42,36,56,54,45,50,19,11,15,21,41,40,37,34,45,32,47,34,30,30,69,,7,,7,6,9,4,2,,1,15,,3,7,4,2,,3,3,9,,8,2,10,11,,5,23,9,6,8,8,,11,,7,,8,5,,16,3,2,1,6,7,8,14,35,17,4,11,12,,8,8,7,15,6,34,53,66,15,60,25,14,16,24,25,5,14,31,9,9,6,6,7,4,38,31,37,9,9,8,10,11,9,10,7,,10,9,,22,20,20,,9,5,5,12,,,10,9,8,77,,39,43,65,46,17,24,,19,15,,8,,4,3,11,14,9,12,29,12,,7,11,4,,23,28,25,11,27,17,13,21,37,32,28,42,18,10,22,22,18,7,9,28,19,22,26,34,32,25,29,28,46,,38,25,29,29,29,24,15,16,17,17,25,40,10,22,12,13,4,7,5,7,8,12,19,11,79,4,6,5,11,8,1,10,28,4,10,,8,12,2,,3,5,9,,,,,1,2,4,6,5,9,3,4,6,8,4,4,,3,30,7,7,9,11,11,10,18,9,7,22,16,21,10,,10,,,25,3,17,23,25,14,8,4,9,7,19,17,13,19,7,33,4,4,14,52,42,8,7,7,5,16,9,11,10,16,13,6,18,8,6,14,8,14,6,24,,,25,12,3,4,4,44,14,26,39,40,31,31,8,6,,6,7,2,4,6,6,6,6,4,33,22,12,4,7,5,43,15,7,7,8,9,8,8,4,3,5,2,63,63,65,51,,60,21,25,29,33,23,27,41,18,46,36,214,12,4,5,3,4,4,4,13,7,5,7,5,9,4,31,33,6,1,11,4,11,30,26,16,12,20,21,15,34,21,27,,31,34,,,64,46,42,25,20,19,73,24,16,31,12,21,7,36,39,33,20,,51,,3,,,4,5,5,7,8,12,8,8,9,11,8,,7,34,14,10,17,16,12,6,18,16,12,,27,6,,6,7,12,5,,12,7,2,10,8,20,,23,27,19,50,38,33,62,8,,21,11,43,70,,,34,53,53,52,64,64,68,37,35,46,43,43,17,17,13,16,19,28,20,11,8,16,6,10,46,38,41,21,41,4,8,11,13,16,24,29,39,40,15,16,36,25,29,46,40,22,7,52,17,46,24,57,14,33,32,28,31,14,9,23,5,1,18,36,39,49,25,35,24,45,22,40,18,9,,10,,7,5,5,4,5,5,1,4,21,2,,18,19,8,44,30,14,47,20,23,19,34,30,38,4,,,5,12,14,26,26,29,17,22,8,,31,40,51,52,33,34,63,13,59,63,21,25,27,21,83,15,15,,19,18,11,10,17,11,10,20,10,8,6,17,6,2,3,3,15,19,10,6,7,4,4,9,8,8,10,21,18,7,10,7,42,11,7,10,7,8,6,,7,10,8,8,8,9,7,8,4,8,7,11,5,,8,4,4,7,,12,6,3,,1,6,12,2,4,3,12,10,6,15,3,4,5,3,9,8,5,9,8,11,8,9,52,8,7,4,12,7,10,6,9,12,15,14,12,9,,8,16,,16,7,5,6,6,4,10,9,10,11,5,2,2,2,3,8,16,13,16,15,11,7,3,5,25,14,20,9,3,7,2,9,,,10,6,42,36,31,31,30,30,19,10,19,18,20,21,8,10,14,8,,20,18,22,21,21,2,20,12,9,15,17,15,11,6,4,11,7,28,19,23,17,16,21,18,60,23,29,17,12,11,10,13,2,18,14,19,10,7,12,5,16,8,12,14,14,7,3,,4,38,28,19,37,62,44,37,29,108,,3,2,,9,12,15,4,9,11,12,7,,23,33,32,40,19,10,,43,34,48,37,,,,,41,34,13,14,2,6,10,,30,27,50,22,25,78,63,69,16,,50,8,6,4,,37,44,7,12,9,,54,30,7,2,7,5,40,52,11,26,24,31,8,25,16,,66,,26,28,11,7,5,5,35,37,37,39,12,4,2,16,,,60,37,4,16,62,64,29,40,20,16,53,55,65,39,31,8,11,20,,13,3,29,,51,43,21,33,9,37,29,20,20,76,65,61,25,32,16,6,4,9,,82,27,22,57,29,30,26,57,72,,60,36,35,6,3,9,51,66,118,41,38,14,11,25,19,4,4,8,7,3,14,7,18,25,20,34,6,3,16,28,24,8,14,9,2,13,6,3,40,7,17,14,8,16,35,2,29,3,23,,1,49,35,52,39,10,4,,29,2,14,27,13,5,12,4,7,18,13,5,5,9,11,,4,4,14,8,20,34,10,57,67,16,6,37,5,7,15,30,3,4,12,1,14,,31,3,20,5,13,11,15,9,11,4,47,17,7,4,,6,5,7,8
20171215,9,O3_24h,40,51,24,36,38,39,51,20,14,36,46,48,,,32,,35,32,29,,38,32,52,,40,35,,25,19,13,20,15,9,35,32,36,31,31,33,37,62,43,38,,46,40,61,47,,42,26,30,39,39,28,59,,47,59,71,31,23,57,18,46,23,20,,18,41,52,52,26,42,41,23,22,24,29,13,,15,16,32,8,15,9,11,70,62,64,54,60,67,60,50,42,31,29,,27,19,14,14,14,,78,46,46,58,63,64,60,72,66,43,76,42,35,21,49,41,87,73,63,61,58,87,70,105,,43,46,39,44,42,90,56,74,61,59,61,62,69,49,66,75,72,72,25,40,30,31,34,27,37,38,39,45,35,24,30,41,28,43,56,69,64,55,59,68,37,,,,29,32,,35,30,37,,36,42,50,,32,33,39,42,37,43,39,52,28,,,,29,36,,44,49,41,51,51,,50,32,43,40,44,38,56,57,,123,,14,21,13,22,11,55,10,10,6,9,9,13,38,38,54,32,52,45,,,40,20,32,36,14,38,39,34,,,31,,36,37,,39,54,41,82,88,71,,,42,31,51,50,29,31,43,22,27,36,54,35,41,54,22,42,42,85,,64,,65,47,54,79,,24,,35,38,23,29,40,,37,21,6,2,48,7,11,9,10,54,32,24,46,46,26,50,35,57,20,21,21,19,18,24,20,15,25,25,22,18,19,20,36,14,18,28,37,10,17,10,21,11,13,14,19,12,12,17,28,,26,38,32,34,25,37,35,37,,92,91,71,86,130,111,87,83,63,105,147,112,146,92,29,32,24,38,37,24,28,26,47,62,67,68,41,42,38,44,48,45,39,52,44,55,49,53,66,85,22,33,,36,19,20,13,33,38,32,24,22,72,97,64,62,63,47,,39,45,33,34,50,25,,,,51,29,47,28,26,,39,52,41,36,,,42,61,33,30,24,34,28,16,27,31,25,92,97,97,89,92,85,78,112,109,114,100,108,116,14,14,11,8,7,9,12,12,28,12,19,7,15,66,56,80,68,55,94,,58,104,70,,,,80,48,32,35,53,39,42,,56,17,10,16,16,16,9,11,11,6,8,59,9,18,18,61,69,56,63,56,52,67,62,56,64,64,56,54,45,50,56,54,52,52,45,79,42,54,45,33,48,82,79,73,87,,25,,26,29,30,19,29,,29,31,,9,20,20,15,20,23,26,31,23,26,66,136,48,,67,59,57,41,59,47,,53,,48,,44,44,41,131,33,45,28,43,49,59,51,68,58,31,47,39,,31,28,30,40,21,91,113,110,87,97,98,97,97,93,101,99,92,86,73,81,76,65,62,48,92,92,86,40,44,39,63,66,65,31,38,,81,96,,105,115,112,,27,31,28,67,,,28,26,22,85,,41,59,65,52,58,58,,56,50,,21,,23,21,25,27,29,32,46,24,,8,11,18,,29,31,25,35,63,22,31,27,38,56,39,58,31,32,27,22,33,12,32,28,30,35,26,34,71,66,55,69,72,,88,50,40,51,40,50,61,46,57,60,77,52,42,42,41,30,25,37,22,36,39,43,49,44,118,30,42,41,43,70,43,38,95,18,22,,36,16,10,6,37,32,44,,17,,13,13,18,10,14,14,12,15,19,17,22,24,15,,18,46,18,16,31,20,14,28,23,11,13,25,58,26,23,,23,,,25,33,48,39,36,38,28,29,32,22,35,33,29,29,18,41,15,11,18,58,63,44,36,34,40,27,28,15,26,30,107,86,89,94,91,19,12,23,12,53,,,50,45,41,39,45,66,51,46,58,71,61,60,36,50,,31,79,93,17,15,17,19,9,12,33,24,44,46,29,31,61,18,18,14,17,17,16,18,13,9,13,17,93,93,97,77,,70,85,89,75,57,45,37,60,59,72,84,235,83,39,20,27,50,50,36,43,44,60,65,52,57,53,59,53,41,1,66,50,57,74,55,62,58,66,34,44,54,38,54,,47,61,,,66,66,48,47,43,35,94,41,45,39,27,32,23,65,75,39,36,,72,22,19,,,42,44,11,12,9,14,9,23,28,23,16,,83,93,41,40,49,46,47,37,25,27,19,,27,17,,21,20,34,25,,36,25,14,19,17,42,,48,90,91,93,45,46,62,36,,81,53,80,80,,,55,65,57,64,105,100,99,69,40,49,47,54,31,20,21,16,29,42,33,26,15,28,14,12,55,56,53,44,57,15,25,40,37,60,60,31,48,97,80,79,66,64,63,76,84,69,72,76,67,62,58,152,53,62,66,73,87,76,61,79,52,60,38,62,58,62,44,59,47,53,53,73,59,43,53,53,,46,34,42,52,46,31,42,44,50,63,,44,51,51,68,59,28,71,89,51,51,57,40,99,55,,51,35,45,38,42,38,46,55,51,45,,49,62,68,54,59,70,74,84,85,75,49,51,53,53,88,54,61,,47,52,51,45,32,26,40,33,32,33,35,33,27,6,7,7,23,21,22,24,17,18,29,35,33,29,24,34,63,25,30,20,42,21,14,19,39,40,42,39,30,24,21,21,21,25,34,28,31,39,39,38,40,,13,12,10,17,,23,17,11,,9,12,20,7,9,19,29,25,24,31,53,46,45,43,9,8,5,14,11,20,23,17,52,33,23,25,14,12,13,15,19,24,28,27,30,30,,29,31,,26,14,16,16,21,18,21,21,43,42,13,10,6,8,9,11,23,21,20,16,18,13,9,10,28,19,29,15,6,14,4,18,,,17,18,42,36,31,31,41,34,23,17,21,20,23,27,31,29,37,19,24,41,44,49,38,41,29,44,33,30,30,32,30,25,24,18,25,22,34,30,35,28,26,53,48,60,39,37,32,61,42,52,63,29,38,32,31,34,24,28,22,54,27,36,27,55,36,39,,30,48,65,51,58,81,114,97,90,134,,30,20,,40,44,37,29,41,74,90,73,,51,81,132,74,82,82,,43,34,58,52,,,,,45,43,38,38,5,21,31,,38,90,84,42,49,108,103,96,79,91,93,71,74,69,,65,64,62,51,89,,84,106,73,78,49,76,120,116,70,88,121,116,95,111,75,,80,,73,72,52,62,43,46,66,50,50,57,39,35,44,18,,,80,37,17,29,98,98,82,77,95,79,86,82,87,79,60,61,43,57,,46,35,82,,102,76,94,132,95,86,81,66,74,98,96,93,96,95,65,41,58,69,73,88,45,45,58,37,83,58,72,103,,73,99,82,24,20,88,88,66,118,50,47,57,78,75,59,28,31,35,25,10,23,30,40,69,42,53,56,39,29,53,62,45,51,9,34,39,75,73,77,58,100,31,39,36,46,22,67,20,84,28,23,49,50,58,66,21,29,21,47,39,32,40,55,30,38,48,29,33,29,31,37,31,32,,23,20,26,30,102,48,27,64,79,55,45,66,21,27,38,49,34,13,49,47,27,23,43,17,87,43,43,40,42,37,79,90,61,44,38,13,38,17,81,19,42
20171215,9,O3_8h,9,36,13,8,9,10,16,5,,21,13,9,,,5,,9,8,5,,6,2,2,,,4,,5,4,7,4,1,1,25,9,8,13,13,9,12,12,8,11,,10,1,5,2,,14,3,12,16,14,6,55,,41,56,66,7,4,12,9,16,2,4,,3,7,4,10,4,6,6,5,3,7,2,6,,4,5,15,2,9,4,2,65,54,55,48,53,58,52,37,12,2,9,,10,8,4,5,6,,9,30,31,38,29,32,44,23,22,25,39,19,15,6,11,10,21,19,17,27,29,35,21,63,,8,8,9,7,8,73,19,40,45,47,42,53,48,29,54,65,52,60,6,24,11,16,20,13,21,21,15,26,21,16,17,24,17,32,37,35,40,35,41,28,,,,,3,5,,5,3,10,,23,23,40,,17,22,20,25,22,24,21,28,11,,,,18,21,,40,29,22,40,38,,38,4,19,10,20,6,28,24,,14,,3,5,1,3,9,18,2,1,2,2,2,2,3,3,2,4,3,2,,,1,2,12,9,6,13,,1,,,12,,3,4,,32,21,21,75,79,57,,,2,9,15,10,6,6,18,10,14,20,30,18,22,42,13,17,27,51,,28,,20,28,45,59,,14,,20,15,12,12,22,,18,8,4,1,5,6,8,5,4,19,1,5,4,9,11,17,12,7,2,7,4,3,6,6,7,2,5,18,12,9,13,11,23,7,12,10,11,3,9,3,11,5,5,8,12,4,5,3,3,,4,3,4,12,4,6,3,15,,33,59,48,49,14,21,69,54,47,16,33,33,32,20,2,3,,,1,2,6,3,1,4,5,2,2,2,2,,6,5,7,6,,6,10,8,4,15,4,9,,7,11,8,7,20,24,15,10,10,67,82,55,58,55,25,,12,25,15,21,16,16,,,,28,17,27,12,14,,12,13,8,8,,,14,37,18,19,14,21,19,12,16,9,15,14,20,51,5,16,8,5,32,12,24,35,44,19,8,7,6,6,2,7,5,8,9,7,8,5,5,32,36,56,11,24,44,,19,47,40,,,,58,31,4,5,11,10,14,,16,8,6,9,8,6,3,5,4,2,4,30,4,9,11,51,53,53,56,50,47,51,30,32,39,40,39,31,20,27,31,27,23,20,25,26,22,21,20,32,22,51,51,50,69,,5,,6,4,8,3,,,,7,,3,5,2,1,,3,14,19,,10,7,9,7,,19,20,30,18,23,6,,12,,8,,8,10,12,19,5,11,1,6,17,16,35,43,36,3,10,9,,19,14,18,24,15,49,64,60,27,54,35,41,38,38,41,36,34,25,15,11,4,5,6,3,57,54,52,10,8,8,4,7,7,11,6,,8,10,,20,18,19,,6,4,4,11,,,8,6,6,74,,39,52,58,48,24,28,,26,17,,6,,3,2,10,10,6,9,28,10,,3,4,4,,16,19,15,10,20,12,17,8,26,17,18,18,16,4,17,15,13,2,6,12,7,16,12,14,26,30,15,21,44,,58,15,21,24,16,8,14,19,16,14,22,28,12,12,23,18,10,12,11,14,19,21,27,21,58,8,11,10,14,12,4,10,58,2,6,,9,8,2,,1,5,8,,,,,,,3,4,4,7,2,3,5,5,3,2,,,32,7,7,9,10,6,7,12,8,7,21,15,20,7,,12,,,14,20,29,29,29,18,14,8,16,7,20,18,14,19,8,35,8,6,12,54,52,9,10,7,5,22,20,12,19,23,22,6,16,7,5,14,11,16,9,30,,,40,12,6,8,9,48,23,36,49,55,43,36,16,14,,16,25,22,4,5,4,5,4,3,17,7,16,4,6,3,33,13,5,7,7,8,8,7,2,2,4,1,66,66,67,52,,38,63,55,56,31,25,26,46,13,53,51,214,11,3,7,10,2,4,5,24,6,4,9,4,14,8,28,25,7,1,30,20,31,42,32,7,18,20,23,16,36,29,41,,30,37,,,55,51,33,14,22,19,75,21,14,28,9,22,7,48,52,30,19,,47,3,4,,,13,16,4,3,4,7,4,6,7,8,6,,20,40,23,19,22,19,24,24,17,18,13,,18,5,,6,6,9,4,,10,5,3,10,8,18,,22,51,40,58,40,37,55,22,,53,32,60,74,,,49,60,39,51,78,83,85,30,31,40,36,32,16,10,8,9,11,15,9,5,7,13,4,5,21,19,18,6,26,4,7,6,11,19,24,20,30,36,13,20,43,21,28,50,53,34,6,42,32,49,45,60,28,34,28,26,24,20,11,48,13,1,25,52,52,55,20,22,19,44,25,54,39,11,31,29,,11,17,18,16,12,6,6,6,30,3,,21,16,3,40,28,18,39,22,22,25,40,32,52,5,,,8,14,15,29,21,31,24,22,9,,26,34,53,28,38,58,65,24,62,65,27,31,31,25,82,24,24,,23,26,20,15,12,10,12,22,21,25,24,24,4,1,2,2,14,11,8,7,8,6,4,8,8,8,7,14,15,4,8,5,23,11,8,10,19,21,20,17,18,12,11,12,10,12,11,11,8,12,5,10,4,,7,3,3,6,,10,4,2,,,4,10,,2,2,12,9,5,14,1,4,4,3,4,3,1,9,7,4,5,7,45,7,6,3,6,5,5,8,16,20,24,14,14,11,,8,15,,22,4,2,3,3,6,13,9,5,10,2,2,2,2,2,4,17,15,17,14,13,6,3,4,21,17,18,6,1,5,1,7,,,10,6,33,28,27,25,26,25,18,12,16,19,20,23,16,14,20,8,1,27,26,30,23,22,5,23,16,13,19,14,19,13,14,9,11,6,27,25,22,16,15,22,22,45,27,33,23,27,28,37,37,17,25,23,23,20,20,21,17,23,17,21,20,26,23,20,,18,40,36,16,40,68,65,65,40,98,,11,4,,21,26,27,18,25,21,20,20,,23,40,47,27,20,22,,26,29,48,40,,,,,38,34,18,23,3,12,21,,35,23,33,33,39,86,89,87,17,10,30,17,4,3,,46,52,31,28,6,,61,48,7,3,11,9,60,60,13,28,35,43,7,22,19,,63,,47,47,7,9,5,6,36,35,37,46,20,5,3,10,,,56,33,2,16,71,65,56,53,66,58,47,29,60,61,44,25,16,46,,8,4,37,,70,44,33,50,34,66,40,29,31,77,64,73,33,69,37,6,6,14,9,80,37,32,52,24,29,20,56,73,,36,38,45,9,6,10,42,65,110,30,27,16,11,48,24,3,2,4,4,2,12,6,13,17,28,31,8,2,14,32,22,9,15,4,9,20,4,3,50,35,9,6,20,8,32,2,22,1,26,,1,45,29,44,33,18,1,,38,5,8,19,16,5,13,13,6,15,13,23,20,23,11,,1,3,11,10,17,27,18,61,71,46,4,47,3,6,15,27,,3,34,16,16,,37,2,20,2,9,8,10,6,7,14,55,9,27,3,2,7,9,10,7
20171215,9,O3_8h_24h,9,36,14,8,9,10,16,5,,21,13,9,,,5,,17,10,5,,7,2,4,,,4,,6,4,7,4,2,2,25,9,8,13,13,9,12,12,8,11,,10,1,5,2,,14,3,12,16,14,6,55,,42,57,66,7,5,12,9,16,3,4,,4,7,7,10,5,8,7,5,3,7,3,6,,4,5,15,2,10,5,2,65,57,57,50,53,59,58,45,12,2,9,,11,8,5,5,6,,9,43,45,56,52,61,59,60,22,29,59,24,20,6,16,14,25,26,17,27,29,38,30,81,,8,8,9,9,9,90,20,46,47,50,45,55,49,29,54,65,56,64,25,31,25,30,34,24,25,38,23,26,21,17,21,25,18,34,38,35,40,35,41,28,,,,,4,6,,10,6,14,,24,23,40,,27,22,20,36,22,24,27,28,16,,,,20,21,,41,29,22,44,44,,43,12,30,13,23,8,28,24,,14,,3,8,1,3,9,18,2,1,2,2,2,4,3,5,2,4,3,2,,,1,2,12,22,7,20,3,3,,,12,,5,10,,34,30,24,80,82,63,,,2,20,25,16,8,6,20,15,19,26,35,25,27,48,17,21,30,52,,53,,39,32,47,66,,14,,29,19,20,13,32,,21,13,4,1,5,7,8,6,4,19,2,5,5,9,12,18,12,7,2,7,4,3,6,6,7,2,5,22,16,11,16,14,24,9,13,10,14,3,10,3,12,5,6,8,12,4,5,4,3,,5,5,4,16,5,7,4,18,,80,75,62,61,14,50,69,54,61,16,33,34,35,25,2,3,,1,1,2,6,3,1,4,5,2,2,2,2,1,6,6,9,16,1,12,13,21,7,15,9,10,,15,11,8,7,20,30,15,10,10,67,82,55,58,59,45,,39,34,30,22,30,21,,,,39,24,42,28,26,,32,17,16,12,,,19,37,24,26,20,28,22,14,23,10,22,15,35,51,5,16,9,6,32,13,24,35,44,62,8,8,6,6,2,8,5,8,9,7,8,5,5,41,38,76,15,38,78,,43,81,68,,,,58,31,5,6,12,11,14,,48,8,7,10,8,7,4,5,4,2,4,46,4,9,11,55,57,53,59,53,48,57,34,46,49,46,39,31,20,27,40,34,26,28,25,26,22,21,20,33,22,61,61,59,69,,5,,6,5,8,3,,,,15,,5,5,3,1,2,4,16,28,,11,11,11,7,,33,23,38,21,27,6,,17,,14,,10,22,18,31,23,26,1,6,28,24,46,43,42,3,10,9,,31,27,29,25,19,52,66,60,43,55,51,47,42,42,44,42,38,35,33,41,35,6,6,3,71,78,71,14,12,14,7,12,13,14,6,,18,19,,39,48,35,,6,8,4,20,,,8,10,6,74,,39,52,58,48,30,35,,31,21,,6,,3,3,11,11,6,10,34,10,,3,4,5,,29,28,15,35,63,20,28,8,26,17,18,18,18,5,20,18,15,3,6,12,7,16,12,14,26,52,15,21,44,,75,15,21,24,16,8,16,21,16,16,36,28,12,12,24,19,12,15,13,18,26,26,30,26,58,13,16,18,20,18,6,16,88,5,6,,9,8,3,,2,5,8,,,,,,,3,4,4,7,2,3,5,14,3,2,,,34,7,7,10,11,6,7,12,8,8,21,15,22,7,,12,,,14,32,48,34,34,26,17,9,18,9,25,22,17,20,12,38,12,10,14,54,54,16,18,10,11,22,23,13,20,23,23,8,16,7,11,14,11,16,9,35,,,48,25,16,22,24,50,26,40,51,60,48,47,25,20,,24,38,40,5,5,4,5,4,3,17,7,19,8,6,5,33,13,6,8,8,9,10,8,2,2,4,1,72,67,74,52,,38,80,70,70,31,25,28,53,13,53,54,214,11,4,18,27,6,4,5,27,6,4,10,5,17,10,28,25,8,1,37,26,44,53,36,7,25,20,23,16,36,32,43,,30,38,,,60,52,36,20,22,19,81,25,28,31,12,24,9,51,56,31,29,,54,3,8,,,26,22,4,3,5,7,4,6,7,8,6,,26,40,26,19,24,20,25,31,17,18,13,,18,5,,6,6,13,10,,10,6,6,10,8,18,,22,61,60,68,40,37,55,35,,61,38,71,74,,,54,63,39,51,89,92,92,30,31,40,36,32,25,10,13,9,14,15,9,5,7,13,4,5,21,19,18,6,26,7,9,6,12,25,32,20,30,41,18,26,46,21,28,53,58,54,8,42,39,58,54,63,31,36,31,44,24,33,17,65,16,1,33,60,57,56,21,22,19,44,31,60,50,11,32,42,,18,23,22,25,18,6,15,10,32,7,,26,18,3,40,28,22,39,24,25,33,42,34,70,13,,,18,22,24,35,25,32,31,27,16,,26,40,58,28,42,66,65,36,62,65,32,35,34,27,82,36,37,,25,27,27,17,12,11,26,24,24,31,33,30,5,1,2,2,14,11,8,7,8,6,4,13,13,13,13,16,18,9,11,7,23,11,9,10,20,22,20,17,19,16,15,15,14,18,13,12,10,14,6,10,4,,8,3,4,6,,10,4,2,,,4,13,,2,4,13,11,6,14,8,11,13,12,4,3,1,9,7,4,5,7,45,7,7,3,6,5,5,8,18,23,27,14,14,11,,10,15,,24,4,2,3,3,7,15,12,5,11,2,2,2,2,2,4,17,15,17,14,13,10,4,6,21,18,19,6,1,6,1,10,,,10,7,33,28,27,25,26,25,18,14,16,19,20,23,17,19,22,8,4,36,34,39,28,26,10,23,17,13,19,14,22,13,22,14,11,6,27,29,22,16,15,24,23,45,33,37,29,39,34,43,40,23,28,28,26,26,23,24,19,34,20,32,22,44,36,32,,30,41,37,17,54,68,84,74,50,98,,14,5,,31,39,36,28,35,24,22,21,,35,49,53,27,20,22,,26,29,48,40,,,,,38,34,22,28,4,16,23,,36,28,33,35,44,92,100,95,17,10,32,22,32,3,,49,53,40,38,6,,65,68,11,4,14,10,62,73,13,28,52,69,7,22,20,,69,,69,63,12,9,6,9,36,35,37,46,28,19,20,10,,,71,33,3,16,76,67,69,72,83,73,49,29,68,75,52,34,20,46,,8,6,52,,92,49,77,96,65,82,58,46,48,78,77,80,36,78,50,6,6,16,15,80,38,40,55,24,29,20,56,73,,36,39,45,10,9,12,42,65,110,30,27,29,11,58,29,3,2,4,7,2,12,14,13,17,28,31,8,10,16,37,23,11,20,4,18,24,6,3,52,39,9,6,33,8,32,2,23,1,39,7,1,45,29,44,33,21,1,,38,5,10,19,16,6,16,13,6,30,13,30,35,25,11,,9,4,11,13,27,33,24,61,71,53,4,48,3,6,18,33,,3,45,21,16,,40,2,67,2,9,8,10,6,14,61,56,9,38,3,15,7,9,10,7
20171215,9,CO,0.3,0.4,0.4,0.5,0.5,0.5,0.4,1.2,2.1,0.7,0.4,0.4,,,2.1,,1.1,1.6,1.7,,2,1.9,2.3,,1.9,2.9,,3.4,2.5,3.8,3,3,1.9,1.5,2.6,3.8,2.5,3,3,2.4,2,2.3,2.5,,4.4,3.8,3.2,3.2,,3.3,3.3,3.3,3.8,3.8,3.2,0.3,,0.3,0.6,1,0.4,2.7,0.3,2.5,0.4,1.8,1.8,,1.4,1.9,1.8,1.6,2.3,2.4,2.3,2.9,3,2.6,2.9,3,,3.5,3.9,3.8,3.3,3.1,3,3,1.1,0.8,0.7,0.6,0.6,0.6,0.5,,1.8,0.9,0.6,,1.4,0.9,1.1,0.7,0.8,,1.2,2.2,2.2,2.2,2.3,2.1,2,1.8,1.8,2.4,1.8,1,1,1.3,0.5,0.5,1.1,1.4,0.8,0.8,0.5,1.8,1.5,2,,0.4,1.2,0.9,1.5,1.4,1.3,2.1,3.3,0.4,0.9,0.9,0.6,0.8,0.9,0.9,0.5,0.7,0.4,0.4,0.8,0.2,1,0.8,0.9,1.9,0.3,0.5,0.9,1,1,0.7,0.9,0.7,0.4,1,0.8,0.8,1,1,0.7,2,,,,2.2,1.9,,1.4,1.7,1.5,,0.8,0.3,0.5,,0.8,0.8,1.2,1,1.1,0.9,1.2,0.9,1.1,,,,1.1,0.7,,0.3,0.3,0.5,1.1,0.8,,0.8,0.8,1,0.8,0.6,0.9,1.2,0.7,,0.9,,2.4,1.9,2,1.3,1,0.7,0.9,1.2,1.2,1.1,1,0.8,0.8,0.7,1.4,0.9,1,1.1,,,1.2,1,0.7,0.6,0.7,0.9,1,1.3,,,0.8,,0.8,0.8,,0.8,0.9,1.2,0.7,0.7,0.7,,,0.7,0.8,0.7,0.8,1,0.9,0.9,0.6,0.7,1.2,0.6,0.9,0.7,0.7,0.9,0.6,0.2,0.6,,,,0.7,0.5,0.3,0.4,,0.8,,1,1,1,1,1,,1.4,1.7,1.8,1.5,1.6,1.6,1.7,1.4,1.6,1,1.5,1.3,1.2,1.4,1.2,1.1,1,1.9,1.6,1.5,1.9,1.8,2.3,1.8,1.9,1.2,1.8,0.8,1,1.2,1,0.8,1.2,0.9,0.8,1.2,1.2,1.1,1.1,1.1,1,1.2,1,1.1,1.2,1.2,0.8,1.4,1.2,,0.9,1,1.1,0.8,1.1,0.9,0.9,0.9,,0.9,0.8,0.8,0.7,0.7,0.8,0.6,0.6,0.6,0.8,0.9,1,1,1.2,0.9,1.4,1,1.3,1.2,1.1,1.1,0.9,1.5,1.2,0.9,1.3,1.2,1.4,1,1.3,1.2,1.2,1.2,1.4,1.2,1.5,1.1,1.3,1.5,0.9,1.2,1.5,,0.8,0.9,1.3,1.3,1.5,1.3,0.8,1.2,1.4,0.5,0.5,0.4,0.5,0.6,0.7,,1.1,1,0.9,1,1,0.8,,,,0.9,1,0.9,0.9,1,,0.8,1,1,1.1,,,1.1,0.6,0.9,0.9,1,0.9,0.8,1.1,1.1,1.2,1.2,1.4,2.4,0.6,1.8,1,1.5,1.5,1.2,1.6,1.6,0.5,1,0.8,2.4,3.3,3.1,1.7,2.4,2.4,2.3,2.1,4,1.8,2.4,2.4,2.2,1.9,1.4,0.5,1.2,3.7,2.2,,2.5,1.6,0.2,,,,1.3,0.9,1.2,1.5,2.5,1.2,1.2,,2,0.8,1,0.9,1.1,1.1,1,0.9,0.9,1.1,1.1,0.7,0.8,1,1.6,0.5,1.3,0.5,0.5,0.6,0.4,1.3,1.3,0.6,0.7,1.2,,,0.4,,1.2,1.4,1.4,1.2,0.8,0.7,0.6,1.7,1,1,1,0.6,0.8,0.5,0.5,,3.1,,1.8,1.5,2.1,1.9,,,2.1,1.5,,1.5,1.5,1.1,1.8,3.6,3.8,5.9,5.3,3.5,4.1,1.9,1.6,1,,1.1,1.2,1.7,1.3,1.5,1.6,,2.1,,2.8,,2,1.4,1.9,1.2,2.1,1.3,1.7,1.7,1.4,1.1,1.2,1,1.1,1.8,1.4,1.5,,1,1,1.1,1.1,1.6,1.5,1,,1.4,0.7,1.1,1.2,1,1,1,1,1.2,1,2.2,1.8,1.3,1.2,1.2,1,1.1,0.9,0.7,1.2,1,1.2,1.1,1.6,1.8,1.3,1.5,,1.1,1.3,,1.5,1.3,1.3,,0.9,1.2,0.7,1.4,,,3.1,2.4,2.7,0.9,,0.2,1.7,0.6,0.7,2,2.1,,2.5,2.2,,4.8,,3.4,3.8,4.2,2.6,1.8,2.3,3.8,2.7,,0.8,0.5,1,,1.4,1.5,1.4,4.3,1.6,1.2,0.8,0.9,0.8,1,0.8,0.9,1.3,2.2,2.3,2.5,2.3,2.4,2.4,0.5,1.4,1.6,0.6,0.8,1.4,1.4,1.8,1.5,1.3,,1.5,1.2,0.9,1,0.9,0.7,1.2,2.3,2,2,0.9,1.4,1.6,1.7,1.3,1.5,1.3,1.5,0.9,1.5,1,0.6,0.9,0.8,0.8,0.9,1.2,0.6,1.3,1.1,0.6,0.8,0.3,3.3,1.9,,3,3,2.2,1.8,2.8,4.2,4.3,,4.6,,1.8,1.7,1.8,2.4,2.7,2.1,2,1.7,1.8,2,1.6,1.9,1.9,,1.4,1.5,1.4,1.5,1.7,1.3,1.2,1.4,1.3,1.4,1,1,1.1,1.2,1,,1.1,,,1.3,1.7,1.7,1.2,0.9,0.8,1,0.9,1.1,0.9,0.9,1.4,1.2,1,1.5,1.7,1.5,1.7,1.2,0.4,0.5,1.2,1.3,1.3,1.9,,1,1.1,0.9,1.1,1,6.1,2,2.6,3,0.7,0.8,0.5,0.5,1,,,0.8,0.9,1,1.1,0.9,0.8,1.8,1.1,1,1.1,0.9,1,0.8,1.1,,1,1.3,1.3,2.3,2.4,1.9,2.4,1.4,2.8,1.8,2,1.7,2,4.1,3.2,0.6,1.3,1.6,2.1,1.1,3,1.6,2.3,3.9,1.8,1.4,2.1,0.5,0.5,0.3,0.5,,0.4,2.5,0.9,0.7,0.6,0.7,0.7,0.8,1.1,2.5,3.2,1.3,2.2,2.5,2.2,2.1,2,2,1.3,1.2,1.8,1.8,1.9,1.5,1.7,1.4,1.5,1.7,2.4,1.5,1.8,1.6,1.6,1.3,1.2,1.4,1.6,1.7,0.9,1.1,1,0.6,0.5,0.8,0.8,0.7,,0.4,0.3,0.8,0.5,0.6,0.9,0.8,0.7,0.8,1.2,1.2,1.3,0.8,0.9,0.5,0.5,0.6,0.7,,1.1,0.4,0.5,,,3.2,2.5,0.9,1.5,1.5,1.6,1.4,1.6,1.5,1.6,1.3,,1,0.7,9.9,11.3,6.4,3.8,8.7,11.5,1,1.2,1.1,,0.8,4.2,,3.1,3.6,2.7,2.7,,1.9,2.2,2.8,3.2,3.2,1.3,,2.3,0.9,0.7,1.1,0.4,1,0.3,1.7,,0.7,1.1,0.6,0.3,,,0.7,0.3,1.5,0.5,0.7,0.6,0.3,0.8,0.5,0.6,0.5,0.6,1.5,1.3,1.5,1.7,0.8,0.4,0.8,0.4,4.6,3.3,4.4,2.4,0.6,0.7,0.9,2.2,1.3,3.1,3,2,2.1,1.8,1.4,0.8,0.5,1,1.6,1.2,0.6,2.2,2.1,1.1,2.3,2.8,4.9,0.4,1.6,0.9,0.7,0.4,0.7,0.8,0.4,1.4,0.8,1.8,1.5,0.9,2.9,1.7,0.8,0.9,0.8,0.7,2.1,2,0.8,0.6,0.5,0.8,0.7,0.6,,0.6,,0.6,0.6,0.6,0.7,0.7,1.3,1,1.6,1,1.1,,0.9,0.8,0.9,0.4,0.6,0.6,0.4,0.7,0.7,0.6,0.7,0.5,0.6,0.9,,,1,1.2,1.2,0.5,0.5,0.6,0.7,1.2,0.9,,0.6,0.6,0.7,0.8,0.7,1.1,0.5,0.9,0.5,0.4,0.8,0.7,0.7,0.7,0.4,0.6,0.8,,0.6,0.8,1,0.7,0.7,1.3,0.8,0.5,0.7,0.7,1.1,0.6,1.1,1.3,1.2,1.1,1.1,0.6,0.7,0.7,0.9,1.2,0.2,0.4,0.7,0.6,0.7,1.5,1.6,1.6,1.3,1.6,0.7,0.6,0.8,0.7,1.7,1.6,1.5,,1.9,0.7,1,0.8,1,0.6,1.1,1,0.9,1.1,2.2,2.3,1.9,,2.3,1.8,2.2,2,,2,2.2,2,,1.8,1.5,1.4,1.3,1.8,2,1.8,1.6,2,1.8,1.5,1.5,1.3,1.4,1.3,1.1,1.1,0.7,0.7,0.9,0.9,0.9,1.2,1.3,1.4,1.8,2,1.5,1.1,1.3,1,1.1,0.7,0.9,1.3,1.3,,1.4,1.5,,0.2,0.8,1.2,1.2,1.2,1.4,1.3,1.3,1.1,1.1,0.7,1.4,1.5,1,1.2,1.6,1,1.1,0.8,0.9,1.1,1.5,2,1.7,1.8,1.6,1.2,1.3,1.6,1.2,1.7,0.8,,,0.6,1,1.2,1.6,1.1,0.8,0.6,0.5,1.8,1.4,1.8,2,,0.3,,1.6,1.2,1.8,1.2,1.2,0.9,1,1.2,0.8,1.2,0.9,0.8,1,1.1,1.1,1.2,1.4,1.1,1.3,0.8,1,1,1,1.1,1,0.9,1.2,1,0.5,1,0.9,1.4,0.8,0.8,0.9,0.8,0.7,0.9,0.6,0.4,0.8,0.9,0.8,1,0.6,0.4,0.7,0.2,0.9,1,1.2,,1.1,0.9,0.8,1.3,1.4,1,0.7,0.7,0.9,0.6,,1.1,1.5,,1.1,0.8,1,0.7,0.8,0.6,1.1,0.6,,1.1,1,0.9,0.8,1,1.5,,1.1,1.2,1.3,0.8,,,,,1.4,1.3,1.1,1,1.1,1.5,1.1,,1.5,1.1,0.8,1,0.9,1.2,1.2,0.9,0.7,0.9,0.7,1.5,1.7,1.5,,0.5,0.6,2.1,1.3,0.8,,0.8,1.2,1,1.1,1,1,2,1.5,1.7,1.6,0.9,1.2,1,1.2,3.8,,0.4,,0.5,0.5,1.2,1.9,1.4,1.7,0.9,1.3,1,1,0.9,1.4,0.9,1.3,,,0.6,0.8,3,2.7,0.5,0.6,0.5,0.1,0.7,1.7,0.6,0.6,0.8,1.3,0.9,2.1,2.2,0.6,,2.4,3,1.4,,1,1.3,2.5,0.9,1.2,1.6,0.4,0.4,0.8,0.5,1,0.5,0.8,2,0.8,2.3,4,4.2,5.3,0.8,4.1,1.2,0.5,1.2,1.6,1.8,1.7,0.7,,1.1,4.1,1.7,1.8,1.7,1.4,0.1,0.2,0.6,0.7,0.7,1.1,3.6,0.6,2,1.1,2,2.2,1.8,3.9,4.1,1.4,1.6,1.6,0.4,0.3,1,0.8,0.9,0.6,0.7,2.2,1.9,1.7,1.2,0.8,2.6,2.3,1.5,1.6,1,1,0.8,0.8,0.6,1,0.6,1.8,0.8,0.9,2.3,0.7,0.5,2.3,1.4,1.1,0.7,1.9,0.7,2.4,0.9,1,0.4,2.3,1.8,1.7,2.6,1.2,1.2,1,0.8,0.7,3.7,,1.7,2.2,3,1.1,1.2,0.9,1,1,0.4,0.8,1.5,0.7,1.7,2.2,0.8,0.6,1.7,2.1,0.8,2.4,0.8,2.3,0.8,2.9,0.4,2,0.9,0.9,0.8,1,1.8,1.7,0.4,2.4,1.3,1.8,0.9,1.6,1.3,1.3,4.2
20171215,9,CO_24h,1.6,1.4,1.6,1.8,1.8,1.4,1.8,2,2,1.7,1.8,1.8,,,1.8,,1.1,1.6,1.5,,2,1.3,1.3,,1.5,1.5,,1.8,2.1,2.4,1.8,1.6,1.5,1.4,2.1,2.6,2,2.4,2.5,2.2,2.2,2.5,2.6,,2.6,1.7,2.1,1.7,,2.3,2.3,2.4,2.7,2.7,2.3,0.9,,0.8,1.2,1.5,1.8,2.4,2,3.2,1.9,1.7,1.6,,1.3,1.3,1,1,1.7,1.7,1.5,2.2,2.1,1.9,2.2,3,,3.2,3.5,3,3.2,3,3,3.1,1,1.1,1.1,1.4,1.1,1.1,1.1,1.5,2.5,3,2.7,,2.7,2.8,2.9,2.6,2.4,,2.6,1.1,1.1,1.2,1.2,1.1,0.9,0.9,1.4,1.5,0.8,1.4,1.5,1.4,1,1,1.2,1.8,1.3,1.3,1.2,1.1,1.2,1.3,,0.6,1.4,0.9,1.4,1.4,1,1.4,1.8,0.4,0.9,0.8,0.5,0.8,0.9,0.8,0.5,0.5,0.4,0.4,0.7,0.3,0.7,0.7,0.9,0.7,0.2,0.5,0.7,0.9,0.9,0.6,0.7,0.6,0.3,0.8,0.7,0.6,0.8,0.8,0.6,1.1,,,,1.1,1,,1.1,0.8,0.9,,0.7,0.2,0.5,,0.7,1,1,0.8,1,0.8,1,1,1.1,,,,1,0.7,,0.2,0.4,0.6,0.9,0.6,,0.6,0.6,0.9,0.6,0.5,0.7,1,0.6,,0.7,,1.8,1.4,1.3,1.2,0.9,0.7,0.7,1.1,1.1,1,0.9,0.7,0.7,0.6,0.9,0.8,0.9,0.8,,,0.9,0.8,0.6,0.5,0.6,0.7,0.7,1.1,,,0.7,,0.8,0.7,,0.8,0.8,0.8,0.7,0.6,0.6,,,0.8,0.6,0.6,0.7,0.8,0.8,0.9,0.8,0.7,1.1,0.7,0.8,0.7,0.7,0.8,0.6,0.7,0.6,,0.7,,0.6,0.4,0.3,0.4,,0.7,,0.7,0.9,0.8,0.9,0.8,,1.2,1.6,1.9,2.1,1.9,1.9,1.7,1.9,1.7,1.3,1,1.4,0.9,0.9,0.7,0.8,1,1.1,1.3,1.4,1.6,1.6,1.7,1.3,1.7,1.2,1.7,0.6,0.8,1,0.7,0.6,0.8,0.7,0.9,0.9,1,0.9,0.9,0.9,0.9,1,1,1,1,1,0.7,1.4,1.3,,0.8,1,1.1,0.8,1.1,1,1,0.9,,0.7,0.8,0.7,0.7,0.6,0.7,0.6,0.7,0.6,0.7,0.9,1,0.9,1.1,0.9,1.3,1,1.3,1.1,1.1,1.2,1,1.3,1.2,1,1.2,1.2,1.2,1,1.1,1.1,1.1,1.3,1.2,1.2,1.3,1,1.2,1.2,1,1.1,1.3,,0.7,1,1.3,1.3,1.4,1.4,0.8,1.1,1.5,0.5,0.4,0.4,0.4,0.6,0.7,,1,0.8,1,1,0.9,0.7,,,,0.8,0.9,0.7,0.9,0.8,,0.8,0.7,0.8,0.8,,,0.8,0.7,0.8,0.8,0.9,0.8,0.6,0.8,0.8,0.8,1,1.1,1.1,0.8,1.3,0.8,1.2,1,1.1,1.8,1.1,0.6,0.9,0.5,1.9,2.4,2.1,1.5,1.8,1.9,1.7,2,2.1,1.8,1.8,2.3,1.8,1.3,1.3,2,1,1.5,2,,1.7,1.8,0.6,,,,1.5,1.4,1.1,1.3,1.7,1.2,1.1,,1.5,0.8,0.8,0.8,0.9,0.9,0.8,0.7,0.7,0.9,0.9,0.7,0.6,0.9,1.5,0.8,1,0.9,1.1,0.9,0.7,1.1,1,0.8,1.1,0.8,1.7,2.4,3,1.8,1.1,0.8,1,1,2.5,2.6,1.7,2.4,2.2,1.9,2.1,0.5,0.6,0.4,0.6,,2.1,,1.4,1.2,1.4,1.6,1.9,,1.9,1.6,,1.3,2,1.7,2.1,3,3.1,2.4,3.1,3,3.5,1.1,1,0.9,,0.7,1,1.2,0.8,1.1,1.4,,1.1,,1.5,,1.3,1,1.3,1.1,1.6,1.2,1.3,1,1,0.8,0.6,0.6,0.6,1.7,1.4,1.4,,1.1,1,1.1,1.1,1.5,1,0.7,0.7,0.8,0.6,0.8,0.9,0.8,0.9,0.8,0.7,1,0.8,1.5,1.3,0.9,0.8,1,0.8,0.8,0.8,0.6,1.1,0.9,1.1,1,1.1,1.2,1.2,1.2,,0.7,0.7,,0.9,0.9,1,,0.9,1,0.7,1.1,,,2.8,2,2.6,2.3,,1.7,2.8,2.8,2.4,1.8,1.8,,2,1.9,,3.4,,2.4,2.8,3,2,1.3,1.9,3.3,2.2,,2.2,1.4,1.6,,5.3,3.3,5.5,4.7,4.2,2.8,1.8,1.8,1.6,1.2,1.3,1.1,2.8,3.1,4,4.5,2.8,2.4,2.4,1.5,2,1.6,1.4,1.7,1.5,1,2.7,1.8,1.4,,0.9,1.3,1.3,1.4,1.4,1.4,1.2,1.2,1.5,1.8,0.8,1.4,1.3,1.5,1,1.3,0.7,0.9,0.7,0.9,0.6,0.5,0.8,1.3,0.7,0.6,0.8,0.5,1.1,0.8,0.6,0.5,0.2,1.9,1.7,,1.8,1.8,1.9,1.6,2,1.8,2,,2.2,,1.6,1.5,1.4,1.9,2,1.5,2,1.5,1.4,1.6,1.4,1.5,1.7,,1.3,1.4,1.1,1.5,1.6,1.1,1.3,1.4,1.3,1.3,0.9,0.8,0.9,1.1,0.8,,1,,,1.3,1.5,1.4,1.1,1,0.9,1,0.9,1,0.8,1.1,1.6,1.1,1.1,1.2,1.8,1.3,1.4,1.2,0.5,0.5,0.9,0.9,1,1.1,1,1,1.1,1,1.2,1.1,5,2.1,2.4,2.1,0.8,0.7,0.7,0.5,1,,,0.8,0.8,0.7,0.9,0.8,0.8,0.9,0.8,0.7,0.8,0.8,1,0.6,0.9,,0.9,1.1,1.1,1.8,1.9,1.4,1.8,1.9,2.5,1.8,2.2,1.8,2.1,3,2.5,1.4,2,1.7,2.2,1.4,2.1,1.7,2.1,1.7,1.5,1.4,1.5,0.5,0.6,0.4,0.6,,1,0.8,0.8,0.8,0.9,0.6,0.6,0.8,1.2,2.6,3,1.4,1.6,1.6,1.9,1.8,1.3,1.1,1,1.1,1.3,1.1,1.3,0.8,1.2,1,1.2,1.7,2.2,1.4,1,0.9,1,1.1,0.8,1.3,1.2,1.3,0.9,1,1,0.5,0.3,0.5,0.7,0.3,,0.2,0.2,0.8,0.6,0.6,0.8,0.9,0.6,0.8,1,1.2,1.2,0.6,0.7,0.3,0.4,0.5,0.6,,0.9,0.5,0.6,,,1.6,1.1,0.7,1.5,1.4,1.7,1.6,1.4,1.4,1.4,1.3,,0.6,0.5,2.5,2.3,2,1.8,1.7,2.2,1.9,1.8,2.1,,1.8,3.4,,2.8,3.3,1.9,2.2,,1.7,1.7,2.5,2.8,2.6,2.1,,2.5,0.7,0.5,1.1,0.9,1.5,0.9,0.7,,0.6,0.6,0.5,0.9,,,0.9,0.5,0.8,0.4,0.6,0.6,0.3,1.4,1.1,1,1.1,1.4,4.2,5.3,3.5,5.8,1.8,1.3,1.5,1.3,2.7,2.1,3.2,2.4,1.2,1.4,1.8,2.4,1.5,3.2,3.2,1.6,1.8,0.9,1.1,1.2,0.6,0.9,1.1,1,0.7,1.5,2.4,0.9,1.3,1.1,2.9,0.2,1.1,0.7,0.6,0.7,0.6,0.8,0.3,1,0.8,0.8,1.1,0.4,1.9,1,0.6,0.9,0.9,1,1.7,1.4,1,0.7,0.5,0.7,0.6,0.5,0.6,0.6,,0.5,0.6,0.5,0.6,0.6,0.9,0.8,1.1,0.8,0.8,,1,0.6,0.7,0.6,0.7,0.7,0.6,0.6,0.6,0.5,0.5,0.4,0.5,0.7,,0.7,0.9,1,1,0.6,0.6,0.6,0.6,1.1,0.9,,0.7,0.7,0.6,0.7,0.6,0.6,0.5,0.5,0.5,0.4,0.6,0.6,0.6,0.5,0.4,0.4,0.6,,0.5,0.4,0.6,0.6,0.6,1.1,0.7,0.3,0.6,0.6,0.6,0.5,1.1,1.3,1.2,1.1,1.1,0.6,0.4,0.5,0.6,0.7,0.2,0.4,0.7,0.6,0.7,1.5,1.6,1.6,1.3,1.7,0.7,0.6,0.8,0.7,1,1,1.2,1.2,1.2,0.6,0.7,0.5,0.7,0.3,1.1,1,0.8,1.4,2.1,2,1.5,,1.9,1.6,1.9,1.8,,1.9,1.9,1.9,,1.8,1.4,1.3,1.4,1.6,1.8,1.5,1.6,1.6,1.7,1.4,1.4,1.1,1.2,1.3,1.1,1.2,0.6,0.7,0.9,0.8,0.9,1.1,1.2,1.4,1.4,2.1,1.6,1.3,1.4,1,1,0.6,1.4,1.4,1.3,,1.1,1.2,,0.6,1.2,1.2,1.4,1.2,1.2,1.3,1.2,1.2,0.9,0.6,1.2,1.4,0.9,1.1,1.4,1,1.1,1,0.9,1.1,1.4,1.8,1.5,1.6,1.4,1.1,1.2,1.4,1.1,1.5,0.8,,,0.7,0.9,1.1,1.5,1,0.6,0.7,0.6,1.2,1.8,1.8,1.7,,0.2,0.4,1.2,0.9,1.5,0.9,1.1,0.9,1,1.2,0.7,1.1,0.8,0.7,1,1,1,1.1,1.4,1,1.2,0.9,1,1,0.8,1,1,1,1.2,0.9,0.7,0.9,1,1.1,0.6,0.7,0.8,0.7,0.7,0.7,0.4,0.4,0.7,0.8,0.8,0.9,0.5,0.4,0.5,0.2,0.8,0.8,0.9,,0.8,0.8,0.8,1,1,0.9,0.7,0.7,0.8,0.6,,0.8,1,,0.9,0.7,1,0.6,0.7,0.6,1.1,0.6,,0.6,0.8,1,1,1,1.2,,1.3,1.2,1.3,0.7,,,,,1.5,1.2,1.2,1,1.2,1.4,1.1,,1,0.9,0.9,1.1,0.9,1,0.9,0.8,0.5,0.6,0.8,1.4,0.9,0.9,,0.4,0.5,1,1.1,0.7,,0.7,1,0.8,0.9,0.8,1,1.1,1,2.1,2.5,0.8,1.1,1.7,1.1,2,,0.4,,0.3,0.3,1,1.4,1.2,1.4,1.4,1.6,1.4,1.3,0.8,1,0.8,1.1,,,0.8,1.3,1.8,2.2,0.7,1,0.3,0.2,0.6,0.7,0.8,0.7,1,1.1,0.9,1,1.2,0.7,,2.6,2.4,1.5,,1.2,1.6,1.8,0.9,0.8,0.9,0.3,0.3,0.5,0.5,0.9,0.4,0.7,0.9,0.4,3.1,3.9,2.6,3.1,0.7,2.3,1,0.7,1.3,1.7,1.9,2,2.4,,3.3,3,2.8,2,1.9,1.6,0.6,0.4,0.7,1,1,1,2.6,0.6,1.7,1.2,1.7,1.8,1.5,2.4,3,1,2.5,2.1,0.3,0.3,0.6,0.5,0.8,0.6,0.7,1.2,1.1,1.7,0.7,0.8,2.5,1.4,1.5,1.2,2.9,2.2,0.7,0.8,0.7,1,0.7,1.8,0.6,0.8,2.2,2.1,1,2.8,2,1,0.7,1.3,0.6,1.3,0.9,1.1,0.3,1.1,1.3,0.8,1.4,1.2,1.4,0.8,0.8,0.9,2.8,,1.5,2,1.6,1.1,0.9,0.8,0.9,1.2,0.8,1.2,1.4,0.5,1.4,1.6,0.7,0.5,1.5,1.8,1.2,1.6,1.9,1.6,0.5,1.8,0.5,1.7,0.9,0.9,0.8,0.9,1.4,1.6,0.9,2,1,1.7,0.7,1.4,1.1,1.2,2
20171215,10,AQI,32,31,51,76,31,41,35,46,84,41,45,23,,,135,,89,95,110,,92,156,212,,182,,,281,244,354,,230,223,140,71,97,67,75,76,86,85,88,124,,155,309,284,342,,178,219,222,276,200,195,22,,27,22,26,30,55,39,37,36,70,65,,82,230,226,213,212,247,264,247,224,243,226,353,,346,370,308,354,338,344,322,53,18,17,41,24,20,52,43,100,57,51,,64,53,63,51,56,,77,137,159,144,143,104,118,112,234,180,,40,39,51,33,43,59,82,39,51,46,219,179,149,,138,147,149,153,204,159,319,147,52,37,42,38,39,32,32,22,31,36,45,46,60,40,58,68,74,58,51,38,48,33,36,48,46,46,53,32,48,49,33,36,147,,,,218,182,,156,224,211,,68,57,59,,48,49,54,57,54,53,54,42,53,,,,46,48,,39,52,45,73,73,,85,93,73,77,69,87,58,51,,58,,,119,153,39,53,13,54,38,48,73,56,62,59,30,94,65,94,65,,79,69,63,53,44,47,50,72,54,,,26,,42,48,,32,52,54,25,23,32,,,94,45,29,32,39,45,50,42,67,46,38,45,50,54,49,49,46,22,,41,,37,47,14,23,,22,,15,16,52,21,17,,29,208,217,210,189,214,214,223,196,64,163,172,109,160,125,172,110,150,203,203,226,203,,221,202,203,203,65,60,67,63,78,77,64,63,80,102,55,68,67,77,68,69,72,62,65,57,42,39,,30,43,41,32,34,35,38,26,,55,53,60,54,61,68,37,52,47,69,56,68,63,52,43,53,35,51,51,38,36,30,74,62,61,69,55,63,55,61,53,55,50,49,42,54,42,43,62,65,57,45,,40,26,23,33,20,25,18,32,48,40,46,49,40,48,64,,78,78,75,83,74,85,85,,,77,100,80,74,84,,90,94,94,102,,,92,21,40,37,25,32,35,39,38,30,44,61,79,48,60,55,45,55,65,80,45,37,84,64,273,247,258,236,244,279,287,234,289,198,287,226,233,119,79,55,88,93,81,,83,89,54,,,,43,58,95,103,144,94,123,,78,64,70,69,69,79,45,49,55,48,45,58,38,56,68,24,68,35,41,20,26,58,54,35,42,56,42,49,60,39,82,70,75,68,46,38,35,82,40,52,48,46,45,51,21,,195,,117,105,150,158,,,203,162,,188,190,195,188,267,282,254,265,255,250,147,,138,,123,125,185,143,99,100,,211,,206,,224,135,166,165,200,203,216,139,130,130,142,123,129,199,185,195,,20,20,16,42,30,37,41,25,72,41,70,77,97,100,105,73,104,74,90,85,64,37,42,52,55,66,55,23,36,27,83,82,68,28,30,,84,89,,72,83,90,,60,56,39,19,,,193,179,205,26,,25,27,21,25,189,188,,182,188,,304,306,333,297,365,253,267,250,241,233,,88,54,59,,95,64,95,73,102,79,105,118,65,65,92,57,84,156,109,82,113,137,192,44,62,93,50,51,123,137,107,119,130,,144,119,57,95,56,80,103,120,105,152,72,160,103,85,120,120,57,70,75,65,57,53,50,57,75,40,39,48,36,29,43,35,10,244,217,,218,220,166,192,296,299,286,,306,,144,135,137,219,241,221,,205,208,195,207,205,210,,201,147,155,130,156,145,108,124,110,84,64,53,67,99,59,,78,,,68,105,87,80,69,15,19,19,23,22,22,18,28,22,43,36,20,46,20,30,33,127,123,153,135,62,58,59,59,72,70,120,72,105,94,77,85,64,78,80,,,102,143,114,130,145,82,94,108,98,102,93,39,33,37,,32,61,59,256,223,276,264,140,189,88,108,102,95,127,119,82,162,135,144,137,228,135,137,255,218,211,244,38,27,52,32,,21,57,73,56,29,24,40,62,36,60,64,101,252,220,252,227,179,123,139,95,142,143,132,178,134,130,95,83,150,175,108,168,84,95,80,119,100,97,42,48,37,30,45,36,30,45,,40,38,47,68,46,54,52,78,55,77,58,79,68,74,47,45,38,53,,29,73,67,,,196,207,39,153,107,160,173,152,208,153,209,,92,48,378,377,245,267,,336,103,93,95,,89,258,,252,274,199,160,,199,178,246,252,244,143,,162,47,56,40,38,32,36,83,,57,79,32,27,,,24,12,19,20,36,48,40,45,51,25,40,22,80,84,95,103,50,40,82,49,246,196,291,145,67,64,45,125,117,123,134,155,127,98,83,79,49,56,103,67,55,160,254,60,162,159,139,18,204,36,43,28,59,46,33,127,83,134,114,110,163,199,40,32,42,23,104,130,63,15,87,70,79,58,,67,,85,57,62,59,74,124,117,183,60,84,,67,59,64,16,15,18,45,50,29,19,43,40,32,127,,110,100,102,125,37,42,29,43,159,158,,25,39,53,59,50,27,20,52,23,9,29,25,26,36,26,29,43,,32,32,34,33,29,38,23,38,12,20,42,28,14,40,39,24,41,26,23,20,25,22,15,22,20,20,18,20,26,33,25,22,23,25,35,32,33,38,26,,35,32,30,19,34,22,41,46,44,49,179,176,178,,193,,188,226,,,220,148,,149,178,202,195,192,201,176,115,129,176,375,172,182,,150,179,159,34,45,54,55,64,82,104,104,89,114,123,119,148,40,64,59,134,132,145,,79,88,,46,42,43,39,52,94,98,92,107,105,28,25,23,28,23,26,25,23,26,29,35,78,77,62,72,64,16,34,37,13,17,30,,46,42,31,40,25,28,38,33,32,30,28,33,29,53,47,53,25,19,26,29,14,12,16,12,16,25,20,20,19,11,11,18,19,39,38,23,13,10,20,19,18,22,15,10,59,59,74,78,110,84,73,81,84,90,104,85,36,48,84,46,85,63,70,75,80,99,109,,64,110,104,95,107,92,64,32,28,43,,88,108,,60,73,73,73,99,50,59,30,,13,21,20,30,33,41,,21,30,27,32,,,,,22,20,19,16,20,16,21,,38,55,60,24,39,60,57,24,48,65,53,25,75,70,,36,30,65,56,52,,49,38,68,73,54,58,60,55,72,101,45,54,55,71,,,20,,26,53,201,147,149,95,17,29,38,28,102,123,114,138,,,58,67,113,162,54,36,43,54,64,84,50,52,63,74,68,134,193,66,,64,94,57,,105,89,166,94,115,64,57,69,57,35,51,42,,62,52,168,210,109,114,29,55,44,38,43,103,95,85,88,,73,153,138,122,159,117,20,22,28,57,52,52,89,43,190,36,175,105,135,227,271,190,120,147,69,48,61,55,28,55,105,235,209,219,100,20,90,77,52,87,83,77,88,43,63,63,29,63,63,70,83,28,46,36,56,40,70,128,59,201,55,65,45,213,150,107,150,70,127,73,77,75,308,,119,,203,33,74,113,90,31,22,29,199,23,210,169,16,12,118,170,100,122,52,185,36,241,17,190,13,15,13,26,139,89,26,110,85,112,110,57,90,88,328
20171215,10,PM2.5,22,11,8,11,9,4,9,32,62,11,8,7,,,103,,66,71,83,,68,119,162,,137,198,,231,194,304,,180,173,107,41,72,42,28,45,39,63,65,94,,118,259,234,292,,134,169,172,226,150,146,15,,12,12,18,21,39,25,13,9,39,47,,60,180,176,163,162,197,214,197,174,193,176,303,,296,320,258,304,288,294,272,29,3,1,15,12,9,22,21,75,40,32,,37,37,35,28,39,,56,104,121,110,109,78,89,84,184,136,,26,25,34,17,30,28,60,27,28,26,169,135,114,,105,112,114,117,154,121,269,112,22,19,20,17,21,22,16,9,14,21,27,32,43,28,41,49,54,41,15,26,33,22,25,33,30,27,37,22,30,29,23,20,112,,,,168,137,,119,174,161,,49,35,42,,33,34,31,29,38,35,38,29,32,,,,26,33,,27,36,31,53,53,,63,69,53,56,50,64,41,35,,23,,,90,117,27,34,7,38,26,33,53,39,31,42,16,70,47,70,45,,50,40,36,37,25,26,34,52,36,,,18,,27,30,,17,29,26,17,11,12,,,70,29,19,22,27,31,35,29,48,32,26,31,35,38,34,34,32,6,,24,,17,16,4,14,,15,,5,8,36,10,8,,20,158,167,160,142,164,164,173,147,46,124,130,82,122,95,130,83,115,153,153,176,153,163,171,152,153,153,47,43,48,45,57,56,46,45,59,76,39,49,48,56,49,50,52,44,47,40,29,24,,21,26,24,22,23,24,26,18,,36,35,29,28,40,49,21,35,30,50,37,48,45,36,24,31,24,22,26,24,25,21,54,44,39,50,34,37,39,38,37,39,35,25,29,32,29,26,38,47,40,31,,26,18,16,23,14,17,9,22,33,17,14,22,17,13,28,,57,57,55,61,45,63,63,,,56,75,59,54,62,,67,70,70,76,,,68,2,28,18,9,22,22,27,26,21,19,41,44,33,29,28,30,39,47,56,23,13,62,29,223,197,208,186,194,229,237,184,239,148,237,176,183,53,40,28,26,62,47,,57,58,23,,,,26,26,71,77,110,70,93,,45,46,51,50,50,58,29,24,24,29,31,41,21,33,49,14,49,8,17,4,18,16,24,7,15,17,29,34,30,24,60,51,55,49,32,26,24,58,19,36,33,12,12,10,8,,146,,88,79,115,120,,,153,123,,141,143,146,141,217,232,204,215,205,200,112,,105,,93,95,139,109,74,75,,161,,156,,174,103,126,125,150,153,166,106,99,99,108,93,98,149,139,146,,14,14,9,29,21,23,17,17,52,19,51,56,72,75,79,53,78,36,67,63,42,25,29,32,26,21,31,14,20,9,61,60,49,15,11,,62,66,,52,61,67,,35,36,21,13,,,145,135,155,3,,12,2,11,11,142,141,,137,141,,254,256,283,247,315,203,217,200,191,183,,65,31,32,,71,46,71,53,76,58,79,89,47,31,68,21,62,119,73,60,85,104,144,26,44,69,35,33,93,104,80,90,99,,110,90,40,71,36,59,77,91,79,116,52,122,77,63,91,91,40,51,55,47,40,37,35,40,55,28,27,33,25,20,30,24,5,194,167,,168,170,126,144,246,249,236,,256,,110,103,104,169,191,171,,155,158,146,157,155,160,,151,112,118,99,119,111,81,94,83,62,46,37,48,74,42,,57,,,49,79,64,59,50,10,13,13,16,15,14,12,19,15,30,25,14,32,14,14,14,96,93,117,103,44,41,42,42,52,51,91,50,46,70,56,63,46,57,59,,,76,109,85,99,111,60,70,81,73,76,69,27,21,12,,22,27,42,206,173,226,214,107,142,65,81,76,71,96,90,60,123,103,110,104,178,103,104,189,168,161,194,26,6,19,22,,4,18,37,24,16,15,21,44,25,43,46,41,202,170,202,177,135,93,106,71,108,109,100,134,102,99,71,61,115,132,81,127,62,71,59,90,75,72,25,28,24,17,20,,18,31,,28,24,21,49,31,36,36,57,39,56,31,58,49,54,26,25,25,36,,16,53,48,,,147,157,14,117,80,122,131,116,158,117,159,,68,33,247,327,195,217,330,286,77,69,71,,66,208,,202,224,149,122,,149,134,196,202,194,109,,123,20,28,16,26,12,25,61,,16,53,17,7,,,11,,7,14,24,33,28,26,34,17,28,15,59,62,71,77,30,28,60,23,196,147,241,111,45,46,26,95,88,93,102,118,96,73,61,58,31,31,77,42,24,122,204,35,123,121,106,7,154,21,30,19,42,32,20,96,61,102,86,83,124,149,28,21,29,11,78,99,45,7,64,51,58,41,,48,,63,40,44,42,54,94,88,138,43,62,,48,42,46,11,10,10,31,8,13,13,30,28,22,96,,83,75,76,95,25,29,20,30,121,120,,16,27,37,42,35,10,7,12,9,6,20,17,18,22,3,20,30,,22,18,21,19,18,26,16,26,8,14,13,19,8,28,27,10,26,18,16,14,17,10,10,15,14,14,12,14,18,23,17,15,16,17,24,22,23,26,18,,24,22,21,13,20,13,26,32,27,34,135,133,134,,145,,141,176,,182,170,113,,114,134,152,146,144,151,133,87,98,133,325,130,137,153,115,135,121,21,31,38,39,46,60,78,78,66,86,93,90,113,28,46,42,102,100,111,,58,65,,32,29,30,27,36,70,73,68,80,79,19,17,15,19,16,18,17,16,18,20,24,57,56,23,52,46,7,13,10,4,8,21,,32,29,21,20,17,19,26,23,12,16,19,23,20,19,26,37,17,11,18,20,8,8,11,6,11,12,14,14,13,,7,12,13,27,15,16,7,3,14,13,12,15,10,7,42,42,41,57,83,62,53,53,62,67,78,63,25,33,62,32,63,45,51,55,59,74,82,,34,83,71,71,80,68,46,18,19,30,,65,81,,32,53,53,46,74,21,42,18,,7,14,14,16,17,19,,9,21,4,22,,,,,12,10,9,9,12,10,10,,13,39,26,14,12,11,18,8,18,29,37,8,44,51,,25,17,37,29,29,,10,26,36,53,26,25,39,28,34,45,23,35,39,22,,,4,,12,27,151,112,114,,10,20,26,19,76,93,86,105,,,16,48,,123,38,19,11,38,38,59,35,23,42,54,39,102,145,45,,34,65,32,,79,66,126,59,75,32,32,28,23,16,20,25,,20,24,127,160,82,86,20,39,25,16,30,63,65,63,57,,53,117,105,92,121,88,11,15,13,40,36,33,,10,143,25,132,79,103,177,221,143,91,112,50,33,38,34,19,39,79,185,159,169,75,11,43,28,24,61,61,56,65,29,45,45,20,37,45,51,61,19,10,25,23,24,51,97,36,151,31,47,31,163,115,80,115,51,96,53,56,55,258,,90,177,153,15,54,85,67,15,8,20,149,15,160,128,7,8,89,129,75,92,34,139,25,191,9,143,9,7,7,18,92,66,18,83,63,84,83,40,67,65,278
20171215,10,PM2.5_24h,84,56,72,66,71,66,72,83,85,62,72,75,,,88,,84,89,80,,82,80,82,,85,98,,136,156,193,,153,144,116,74,92,79,84,86,88,56,62,67,,76,158,158,174,,141,144,148,171,141,147,39,,36,45,53,62,74,73,81,58,87,88,,90,97,96,103,113,134,141,163,131,156,161,305,,265,351,270,316,297,273,317,64,47,37,66,54,54,65,66,108,146,124,,132,135,125,135,124,,148,46,52,45,48,34,38,37,69,54,23,66,76,92,82,76,56,91,92,88,88,99,81,57,,78,80,103,99,100,96,114,125,15,18,13,15,16,20,14,12,13,15,27,24,33,30,39,41,31,37,26,21,22,25,22,23,26,20,23,21,18,18,26,18,62,,,,126,116,,99,124,125,,39,26,34,,24,40,27,28,36,26,32,31,33,,,,31,37,,31,31,34,26,24,,29,54,39,38,40,44,30,26,,18,,,67,86,26,37,13,32,27,30,45,35,26,40,24,35,39,38,37,,59,37,28,30,25,26,36,38,36,,,20,,28,29,,26,29,30,17,11,12,,43,61,24,24,24,24,21,29,32,36,31,31,35,38,33,35,37,40,10,,18,,16,15,11,17,,23,,15,20,39,21,16,,17,134,149,169,152,177,155,176,144,41,77,73,61,71,52,74,84,61,133,138,160,147,133,150,134,133,154,36,36,39,39,46,51,41,43,46,68,41,50,48,51,43,45,45,40,48,54,41,36,,27,36,35,21,37,26,39,28,,38,34,28,26,48,54,21,34,30,67,53,73,64,54,28,33,37,36,41,32,29,24,63,56,47,53,50,47,54,42,47,50,43,41,63,47,44,40,44,51,56,47,,45,17,22,20,13,26,14,18,31,11,13,14,11,12,35,,51,44,51,52,36,54,49,,,49,50,44,47,46,,81,79,80,84,,,74,22,22,22,25,27,31,32,25,22,21,26,18,21,22,26,30,32,36,55,20,18,37,18,166,162,167,161,156,178,167,162,182,150,175,167,162,43,55,33,40,53,99,,99,90,74,,,,69,75,65,73,63,66,66,,23,44,51,52,50,53,29,24,23,31,31,39,19,31,49,34,31,41,41,36,46,43,49,33,47,46,116,132,93,114,35,32,34,34,110,107,74,120,95,75,81,14,15,15,14,,136,,98,107,115,123,128,,133,122,,130,145,160,141,180,245,121,140,169,172,85,,96,,71,46,58,53,25,42,,100,,97,,97,84,95,103,132,122,136,73,73,72,34,34,33,137,120,132,,19,22,14,33,30,27,20,21,30,22,30,67,67,75,80,60,79,59,66,65,48,24,27,31,23,18,32,19,28,16,85,86,69,23,12,,37,38,,42,50,40,,62,54,35,12,,,140,131,145,85,,81,68,85,85,100,100,,104,107,,176,133,185,183,179,170,175,177,148,164,,100,92,102,,167,106,191,152,165,112,83,147,104,63,95,33,142,79,129,137,88,66,94,77,95,90,81,83,87,48,96,93,75,,42,92,82,102,74,127,60,62,67,83,43,93,78,67,94,60,43,59,58,46,39,40,38,38,51,33,29,35,29,35,32,31,5,164,136,,128,128,117,132,161,164,160,,172,,98,90,89,144,136,132,,136,128,116,128,139,149,,142,116,117,105,114,111,92,94,101,60,51,46,50,74,45,,58,,,50,72,56,60,53,14,18,17,19,16,13,8,16,14,30,26,18,28,17,12,9,85,78,92,84,47,41,44,39,50,47,57,38,46,42,47,50,42,48,94,,,97,91,65,81,93,58,65,70,63,64,65,22,16,13,,23,28,32,188,170,180,160,159,191,144,142,106,105,111,110,126,153,176,169,160,183,155,149,127,150,143,154,33,22,17,25,,78,57,38,55,26,11,25,49,32,51,53,44,134,118,155,146,66,58,92,69,69,61,54,67,57,59,40,43,65,71,38,58,29,26,28,44,35,32,23,23,24,12,17,,26,24,,20,19,19,42,32,37,35,35,30,34,25,37,41,38,18,18,28,33,,15,42,39,,,75,82,19,107,84,109,102,121,155,122,148,,28,20,116,102,95,91,98,123,163,148,168,309,162,209,,180,207,125,114,,128,116,185,167,161,140,,138,20,28,20,47,37,45,35,,22,31,22,36,,,26,23,24,16,31,41,36,76,63,68,62,64,155,199,150,187,147,120,122,121,159,105,155,121,106,110,76,86,77,102,117,92,75,44,45,78,34,39,57,35,42,82,123,25,39,45,87,11,52,29,42,34,31,39,20,48,54,42,40,43,73,74,23,23,27,30,61,62,49,15,59,49,45,43,41,38,,68,53,47,46,46,77,82,90,40,51,46,52,45,47,32,27,28,45,5,9,15,29,31,28,63,,58,61,67,77,29,33,23,35,92,94,,34,41,39,39,35,13,12,13,14,8,18,13,15,35,2,13,15,,20,18,18,21,20,24,16,10,12,9,12,15,16,32,32,27,29,25,21,26,24,18,19,24,22,23,23,18,23,25,27,21,26,23,25,28,30,29,26,30,28,26,25,21,24,14,21,22,21,29,124,113,111,,126,,116,156,,172,150,101,,102,136,156,152,146,135,128,86,94,132,142,107,109,87,132,133,127,30,39,51,45,52,44,75,77,68,120,123,129,142,31,42,43,123,113,125,,46,53,,41,39,38,34,45,59,61,52,82,78,34,36,35,42,33,29,24,29,33,30,28,65,62,54,44,50,15,23,18,17,17,34,,32,37,31,27,25,24,34,34,16,19,21,22,27,28,35,41,18,14,20,23,11,3,11,11,15,11,6,9,12,4,10,13,21,14,20,21,17,8,15,13,20,21,8,7,42,65,50,71,66,56,47,47,63,66,70,71,45,52,42,52,66,71,66,70,43,54,64,,32,83,73,77,81,80,55,58,47,60,,64,81,,32,64,63,52,76,18,32,14,,26,16,19,28,34,31,,35,42,22,24,,,,,14,24,16,18,11,10,18,,13,24,16,27,31,17,8,11,18,20,29,11,20,25,,22,20,18,13,39,,15,21,25,36,26,22,18,15,49,43,14,12,25,20,112,,7,,8,10,106,106,110,113,54,54,56,50,72,82,71,105,,,25,99,106,109,39,41,16,40,35,57,33,31,70,74,59,56,60,47,,47,60,42,,80,86,62,51,28,24,31,32,29,19,23,23,,28,33,128,157,70,62,9,56,38,26,40,73,78,68,125,,163,55,111,103,116,109,15,23,31,49,41,28,26,14,94,32,63,79,91,150,210,120,130,187,39,31,31,26,21,43,56,125,98,141,87,16,27,20,24,64,163,110,43,25,59,46,35,88,33,48,75,105,55,73,99,27,47,79,27,60,29,40,29,123,117,47,76,34,113,46,49,47,167,,85,153,125,25,36,102,80,37,35,42,134,20,153,80,16,11,83,115,93,48,84,125,21,140,28,121,31,45,31,33,48,79,53,69,47,95,82,50,68,67,182
20171215,10,PM10,29,31,51,101,31,41,35,46,69,41,45,23,,,,,,,,,,,170,,,,,290,265,350,,193,205,161,91,129,84,100,101,121,79,106,140,,208,312,295,378,,186,229,248,320,233,209,15,,27,22,,27,52,39,37,36,90,78,,76,210,226,177,219,242,234,241,247,244,205,346,,361,344,334,390,318,326,335,56,18,17,41,24,20,54,43,102,46,51,,77,56,75,51,61,,88,136,168,118,153,146,128,95,250,160,296,40,39,51,33,37,67,93,35,52,46,,151,138,,,140,135,160,,134,,239,53,37,42,38,39,26,32,22,31,36,45,45,46,33,,53,88,,51,28,,33,33,,46,46,46,27,48,49,28,36,146,,,,,,,166,203,192,,,64,,,48,47,58,64,45,55,53,36,55,,,,46,39,,30,,43,75,74,,,73,58,69,63,81,53,52,,65,,,102,,36,56,12,56,35,43,73,62,73,60,21,125,75,101,79,,108,87,75,42,44,47,50,67,57,,,23,,42,48,,32,53,58,22,19,32,,,,45,29,27,29,36,49,33,,,,,,,,,,10,,41,,37,47,6,23,,,,8,12,,13,11,,,223,238,228,184,,211,259,194,72,212,149,150,156,194,171,117,202,154,180,,178,,199,179,,176,,,,,,,,,,,,,,,,50,,,,,36,39,,30,43,41,29,34,28,35,19,,60,55,70,58,71,78,37,54,47,76,62,85,73,41,43,56,35,51,51,38,,28,64,70,72,75,59,76,51,71,43,57,49,49,35,58,40,43,74,56,48,39,,40,23,17,24,,,18,,,40,46,49,40,48,78,,87,71,73,90,97,108,86,,,63,99,62,78,84,,80,88,87,123,,,96,21,29,37,25,24,35,30,30,30,44,72,107,,69,60,45,51,72,109,45,37,98,78,252,238,350,247,268,272,288,219,365,178,286,234,256,188,107,59,125,135,111,,115,128,58,,,,43,66,101,,137,,111,,105,,,,,,45,49,59,48,38,48,38,62,,24,53,35,41,20,22,66,58,35,42,61,40,35,69,39,88,62,75,71,33,,31,114,40,,,46,45,51,18,,149,,118,106,179,147,,,189,136,,206,210,176,177,259,259,278,309,249,259,201,,164,,158,139,142,150,101,114,,189,,210,,237,153,157,178,190,162,201,158,159,141,133,114,127,211,238,212,,16,19,,,,37,41,25,74,41,81,58,77,,,57,,97,116,75,78,37,37,54,59,81,60,23,36,27,72,76,80,28,30,,94,96,,86,77,102,,70,61,39,19,,,190,185,197,10,,25,27,14,25,182,183,,168,183,,323,314,306,252,362,279,,,248,208,,105,58,67,,109,76,128,72,118,87,91,115,65,79,,64,114,139,168,96,150,142,185,44,46,107,39,52,109,114,94,116,123,,150,92,,,62,,129,150,124,213,74,,91,69,95,132,,53,59,,,,,,,,,,,,,,8,273,175,,243,223,218,169,259,252,291,,257,,150,141,115,199,233,231,,172,203,176,170,191,,,,132,133,,,,107,114,91,,59,48,63,,,,,,,,,69,73,55,10,13,13,18,,22,15,,16,30,32,19,,17,30,33,119,128,133,168,49,52,54,44,,73,181,93,159,124,97,80,60,80,96,,,,138,177,149,156,86,109,143,105,106,119,34,33,37,,,71,55,270,242,304,273,132,177,87,90,99,111,152,142,104,143,168,148,148,227,166,169,388,273,241,287,31,27,53,27,,21,63,95,62,29,24,40,44,,58,59,68,206,198,270,238,203,164,148,93,139,190,169,158,170,123,,83,155,187,156,165,117,121,100,123,110,103,42,48,37,30,45,36,30,40,,39,38,47,,46,57,46,75,,,65,63,57,71,47,45,38,56,,29,66,58,,,213,188,39,170,146,155,176,192,192,192,209,,119,,482,,211,218,,318,106,134,133,,,255,,254,262,216,211,,197,231,236,,251,124,,126,47,61,40,38,32,28,108,,64,108,32,27,,,24,12,19,20,36,45,38,45,51,,35,22,97,73,108,105,50,39,114,49,262,210,335,236,83,,45,107,98,151,175,153,136,125,74,65,49,61,122,84,59,,239,69,182,193,222,14,252,36,36,25,50,38,33,109,61,109,108,103,179,274,39,32,,23,101,109,52,15,80,54,,47,,,,65,57,57,63,59,,91,,47,,,60,57,,14,14,,33,50,29,15,,28,,,,106,97,89,,37,30,28,32,159,128,,25,,43,59,50,27,8,54,23,,24,25,,36,,24,38,,27,32,34,33,29,,17,,10,19,42,27,8,29,,24,41,20,22,17,25,22,10,,,16,15,,,,20,15,17,18,,24,24,,26,,,24,,13,34,22,41,46,44,49,152,204,187,,194,,216,,,,172,162,,122,175,189,193,180,,144,128,181,,,175,,,138,167,162,34,31,46,45,60,90,94,81,84,,,103,,31,,64,,,,,61,76,,36,,36,28,,78,,73,91,91,,18,23,,,23,17,17,,20,26,99,102,74,68,51,7,34,37,8,11,26,,,,31,40,20,27,36,31,32,30,24,27,23,55,47,44,21,19,,,14,11,,9,13,25,,16,,11,,12,,38,38,16,13,,15,14,18,20,11,,68,66,98,103,109,68,71,112,100,87,103,90,34,40,,35,69,59,57,66,79,99,126,,77,114,157,113,148,107,48,32,26,,,91,122,,69,82,95,95,102,50,54,30,,12,21,20,30,33,41,,21,27,27,,,,,,22,20,16,12,20,16,14,,17,56,69,24,39,69,63,20,48,79,41,25,100,77,,29,30,80,61,54,,49,38,86,78,57,65,69,60,94,151,45,58,45,92,564,,13,,26,55,162,125,138,139,17,22,31,27,88,123,89,136,,,65,67,176,211,40,36,43,49,78,118,46,53,76,94,85,189,252,82,,77,138,64,,115,104,199,138,180,77,63,87,63,35,52,42,,74,54,174,198,112,152,,51,44,38,38,155,140,94,125,,70,207,123,139,162,116,20,,19,43,44,53,128,43,157,27,,,,245,278,211,148,146,54,37,71,60,20,44,97,204,247,242,91,12,129,104,53,124,98,69,79,43,54,62,,75,48,59,65,28,46,35,62,40,,114,67,186,60,71,37,192,139,113,179,71,,92,68,86,297,,,,223,33,98,,71,31,12,,201,23,177,222,16,11,,173,147,162,53,183,34,221,16,191,11,10,13,23,227,118,21,124,76,138,102,43,,,298
20171215,10,PM10_24h,82,72,93,88,87,82,66,92,97,80,96,51,,,114,,83,64,94,,82,76,100,,80,82,,177,208,241,,174,180,151,114,124,124,129,134,131,84,94,106,,128,188,200,227,,173,180,186,220,201,188,81,,88,96,107,143,139,108,172,117,126,132,,122,120,127,124,149,154,160,188,186,195,179,369,,325,386,315,404,328,328,407,128,98,82,136,88,102,108,92,163,196,177,,179,215,206,191,175,,197,76,73,55,75,72,66,46,114,76,77,91,93,122,93,83,92,107,101,107,110,96,109,76,,90,109,134,144,115,103,105,132,38,32,28,24,29,31,27,25,27,32,42,40,48,37,44,47,54,38,48,38,35,34,31,35,53,52,37,24,34,30,33,26,77,,,,144,95,,149,148,148,,40,49,40,,43,62,52,54,42,44,51,44,48,,,,46,48,,47,38,46,36,39,,33,61,47,47,51,56,45,38,,45,,,80,88,38,60,24,46,39,45,70,58,59,63,34,65,63,61,64,,84,74,57,36,49,52,52,49,59,,,38,,45,46,,42,45,43,23,25,29,,44,,31,31,32,27,24,39,29,48,26,,24,33,28,28,20,33,16,,30,,34,27,17,36,,24,,16,26,20,18,15,,23,187,201,200,183,,180,233,184,83,140,108,128,118,117,131,144,128,146,158,168,167,157,170,174,150,176,29,,45,43,,56,43,49,36,,,,,,,47,,,,,61,53,,44,51,46,31,48,26,43,23,,62,60,61,53,85,85,39,62,47,93,76,90,87,70,52,63,48,59,76,50,41,35,65,76,72,76,75,76,68,74,47,57,50,50,77,54,47,57,63,65,55,46,65,52,22,26,32,18,41,26,21,35,32,32,36,30,35,61,,67,60,68,71,64,85,76,,,65,70,59,73,79,,106,109,112,131,,,106,51,30,41,44,33,53,48,35,35,45,62,42,37,68,57,76,71,64,100,47,41,72,72,195,184,235,219,209,211,200,221,273,174,208,218,212,117,115,101,110,109,149,,149,161,124,,,,114,134,96,85,80,81,74,,48,33,55,31,28,31,46,48,54,49,41,51,42,64,67,82,85,106,80,90,101,107,98,80,86,94,156,168,160,148,55,43,47,52,152,154,107,192,152,136,114,27,30,34,23,,146,,124,128,148,128,169,,169,161,,169,205,190,161,217,223,157,172,223,223,154,,162,,102,82,77,83,39,85,,129,,138,,149,114,122,132,152,141,162,110,104,97,55,55,51,191,198,184,,21,22,18,48,84,42,36,39,50,51,68,62,56,62,58,71,46,100,92,73,80,36,39,54,45,55,55,24,30,24,92,95,81,29,20,,64,64,,75,74,71,,55,52,40,37,,,187,173,187,125,,130,102,119,129,124,128,,121,150,,225,165,222,208,215,233,133,124,210,184,,171,164,153,,222,174,282,209,253,160,100,165,144,96,135,78,217,111,305,195,154,114,158,120,109,119,97,95,99,54,109,106,95,,53,114,99,112,120,161,91,95,93,132,59,93,97,77,104,91,43,53,54,43,45,44,46,48,62,,32,,,,35,,8,184,159,,160,170,185,153,200,192,196,,191,,122,121,118,180,167,159,,156,158,140,142,152,152,,149,143,143,106,,,125,127,111,63,62,55,63,77,56,,70,,,62,81,71,76,76,14,22,15,18,,18,21,16,14,32,32,26,27,20,28,25,113,102,112,117,50,48,58,41,48,66,139,75,115,94,76,72,60,65,128,,,114,122,133,118,129,79,94,111,96,89,98,32,28,25,,28,56,45,233,210,218,203,214,219,167,161,115,132,142,153,197,200,212,206,214,220,225,212,232,227,226,191,76,62,83,56,,116,86,103,100,40,25,44,62,50,98,86,104,116,136,197,184,105,100,141,99,101,108,83,94,105,80,55,56,103,106,87,92,50,57,49,70,65,56,50,52,41,26,37,30,37,39,,32,30,38,44,47,55,47,50,40,36,33,50,55,55,34,30,44,58,,53,50,47,,,104,112,44,144,121,145,166,164,175,164,186,,51,56,150,102,117,113,107,125,150,244,242,405,248,264,,246,254,167,172,,166,183,233,183,214,149,,134,45,51,42,66,68,61,62,,41,59,54,65,,,40,27,50,29,59,57,50,114,99,58,109,105,243,269,210,288,179,203,181,164,178,144,243,194,157,140,114,99,87,170,197,134,111,84,63,82,67,54,60,52,55,108,160,38,59,90,167,24,90,47,45,34,48,56,25,67,53,50,63,55,106,132,32,42,42,54,92,87,58,18,70,53,47,54,46,41,,84,63,58,51,56,92,88,98,50,55,56,64,60,47,35,32,16,47,35,22,23,28,43,37,,,73,86,87,85,45,43,35,41,114,117,,47,50,46,54,40,26,18,24,24,13,22,20,25,22,10,18,19,,25,25,26,36,28,30,25,14,17,18,19,17,16,43,46,36,38,29,42,34,38,35,21,32,25,32,30,19,19,31,29,27,27,28,31,33,36,35,32,36,33,28,28,20,32,21,33,33,37,37,154,157,148,,151,,153,167,,183,169,141,,112,173,179,185,179,,138,118,152,143,120,130,122,121,174,178,173,47,45,59,53,62,62,80,85,82,133,137,103,,43,47,68,,,,,60,53,,45,37,43,43,56,73,60,59,107,98,17,24,29,48,27,34,30,18,37,29,29,120,106,91,72,71,21,38,45,22,26,37,,,40,45,52,58,38,44,73,23,34,37,35,33,40,54,80,27,20,28,30,13,17,14,14,14,18,9,14,16,9,14,19,26,29,32,24,26,12,30,21,23,25,13,8,76,69,81,95,95,68,66,94,101,89,97,91,65,69,76,63,83,107,90,100,71,91,94,,81,114,109,97,117,102,70,87,66,81,,88,117,,78,110,117,118,123,33,63,39,,45,22,28,42,49,53,,53,49,55,29,,,,,44,35,24,24,24,19,26,,20,49,43,54,56,66,29,21,30,43,40,27,40,47,,27,40,32,30,68,,44,48,54,58,58,54,116,35,101,110,24,25,67,53,224,,27,,21,30,119,123,127,120,74,77,85,79,79,95,80,133,,,82,134,169,182,81,98,58,56,87,104,70,72,108,93,93,112,138,69,,99,125,94,,129,118,111,128,104,66,61,87,66,48,54,48,,72,62,206,211,104,92,15,54,56,49,55,152,159,132,293,,232,185,156,142,153,136,29,49,46,52,49,56,85,33,126,38,89,80,92,209,261,165,180,226,47,41,55,54,35,50,68,136,160,206,115,19,77,64,88,113,252,151,72,45,71,64,47,129,51,58,83,126,106,127,144,49,59,89,42,70,47,59,36,142,143,62,100,48,,70,71,73,197,,89,171,156,30,70,121,102,47,59,62,171,32,164,132,27,15,90,149,165,77,121,157,31,170,46,160,41,34,47,41,142,132,72,103,70,138,112,58,78,77,205
20171215,10,SO2,3,8,6,5,6,4,4,10,7,9,4,2,,,14,,17,10,17,,12,14,25,,14,12,,16,17,30,,28,24,41,34,48,30,54,38,26,36,32,46,,75,12,26,192,,36,51,31,36,27,33,11,,38,17,10,13,17,15,18,12,17,13,,11,27,35,31,11,18,16,25,23,19,22,95,,94,197,253,108,219,56,192,,22,27,17,12,13,14,17,24,18,32,,28,34,41,26,33,,30,35,39,40,38,28,17,22,46,40,36,50,28,51,54,48,14,18,64,5,7,40,47,31,,54,39,84,141,38,19,48,118,8,7,8,9,9,7,8,8,7,9,13,12,9,7,5,11,11,5,11,8,7,5,13,8,7,17,10,12,9,9,14,15,56,,,,13,6,,13,16,14,,9,7,7,,14,9,7,10,7,8,9,8,7,,,,11,15,,1,2,3,6,6,,8,12,9,15,13,7,12,10,,10,,,9,11,14,13,6,12,11,10,14,10,5,14,9,25,23,15,23,,8,24,13,11,9,10,11,4,11,,,6,,7,15,,6,16,17,5,8,10,,,18,7,5,6,6,4,5,5,3,4,4,7,3,9,3,1,1,5,,,,8,8,2,3,,4,,2,5,8,11,4,,6,11,16,22,18,13,16,24,34,17,10,21,26,23,14,21,12,20,20,27,27,31,12,14,27,29,23,4,3,4,5,4,2,1,3,,4,4,5,4,3,5,6,3,2,5,6,12,,,7,6,9,7,12,15,11,11,,4,7,7,11,10,8,5,9,7,13,14,13,23,17,9,18,8,8,12,28,24,19,22,19,27,30,25,21,13,13,13,24,18,24,19,12,11,9,12,14,10,14,,16,10,17,14,9,12,11,9,11,4,5,5,4,6,5,,15,13,31,7,16,9,11,,,18,11,16,9,15,,8,7,6,10,,,14,10,12,14,13,14,36,34,32,15,24,30,10,9,12,19,12,13,8,10,7,2,14,8,31,37,40,32,36,30,38,38,42,39,28,26,31,48,31,23,41,70,30,,28,29,31,,,,24,37,1,17,7,10,19,,11,6,8,8,8,4,12,5,8,8,5,11,7,6,6,11,21,11,12,10,12,25,33,17,16,25,16,17,7,7,44,53,40,36,28,65,28,180,20,43,30,10,10,10,3,,45,,25,20,37,15,16,,21,30,,11,11,18,14,29,50,44,51,30,53,27,,17,,24,14,50,14,23,22,,30,,28,,32,31,34,31,33,20,37,,10,6,18,13,11,17,23,16,,9,9,8,9,8,9,9,8,18,13,34,23,21,30,35,18,42,13,31,40,48,8,,9,10,8,8,2,17,7,15,17,17,6,7,,47,36,,40,39,33,,14,6,6,13,,,17,13,21,14,,29,15,16,17,11,27,,29,41,,230,175,173,169,253,246,267,185,198,254,,18,11,19,,59,29,32,58,98,47,45,36,27,23,23,20,25,69,43,37,76,107,68,73,52,53,108,72,38,44,37,43,42,,48,28,12,61,15,46,69,50,56,50,42,12,36,17,48,54,9,12,12,8,14,13,11,8,25,5,10,12,2,13,12,16,5,69,30,,25,18,16,22,17,15,11,,7,,14,14,16,10,9,7,,27,26,16,21,26,22,,17,10,9,12,9,12,8,21,12,7,5,7,2,4,6,,4,,,4,6,6,6,4,4,10,11,12,6,6,7,12,3,13,56,12,30,8,1,1,10,26,53,15,14,17,15,12,16,16,52,53,37,23,6,3,29,10,11,,,15,9,14,10,7,2,4,12,6,3,6,37,7,11,,14,18,8,17,28,24,26,18,51,32,38,21,17,144,46,10,28,20,11,13,61,14,24,47,31,29,,5,3,7,4,,13,122,99,49,2,7,8,2,6,3,8,7,43,31,11,14,25,40,14,12,44,27,38,11,17,16,16,19,9,10,14,15,13,18,12,9,17,12,13,17,16,4,3,15,12,22,,3,5,7,6,6,1,2,4,11,10,14,6,7,9,8,9,12,14,,12,4,2,,,46,47,15,16,10,4,8,13,10,11,12,,21,17,,60,27,64,35,101,134,67,93,,130,236,,238,246,69,37,,65,80,57,62,57,31,,74,9,22,5,27,15,9,7,,8,38,7,19,,,28,,24,42,10,10,7,78,20,11,22,12,46,55,34,48,23,35,32,23,352,60,150,367,83,33,20,13,10,50,65,104,112,28,15,14,25,46,35,192,13,46,,18,49,34,54,10,31,36,25,10,14,12,11,28,21,24,34,18,25,46,10,13,11,8,42,55,33,8,11,26,84,,14,,,22,4,8,27,27,7,10,18,8,16,,7,5,5,20,5,16,7,5,8,4,14,,15,3,,24,21,9,23,8,28,3,7,23,14,,24,21,10,17,13,2,4,10,6,2,16,,17,23,2,20,38,,10,12,9,7,6,11,8,4,4,6,42,5,7,31,11,12,11,20,12,6,10,13,,14,13,10,19,3,1,10,13,1,8,5,18,12,21,15,21,,23,10,6,7,8,5,21,27,41,18,4,3,5,,19,,10,10,,16,10,10,,9,10,12,9,14,9,8,,11,6,6,10,11,3,12,10,8,6,5,7,7,5,13,16,20,24,11,11,11,8,4,2,4,11,18,17,,7,4,,2,1,1,3,1,5,7,3,6,3,7,15,16,8,9,7,10,10,13,7,29,5,5,2,7,2,13,9,10,18,6,3,,6,5,5,3,1,4,3,1,3,4,8,3,5,4,6,3,3,7,4,7,6,7,6,8,17,13,3,6,8,5,3,,10,14,20,1,3,4,5,15,8,6,,6,15,22,16,11,16,9,11,13,9,13,23,17,12,6,23,2,3,6,7,3,14,21,23,,16,20,10,11,11,19,23,2,8,24,,5,13,,7,7,9,8,7,8,18,9,,19,13,10,9,14,20,,28,67,33,16,,,,,2,10,10,11,11,1,9,,114,24,17,16,50,,13,8,9,8,13,20,60,18,,15,9,,6,8,,4,8,19,17,13,11,23,15,8,8,3,5,12,12,11,,3,,5,4,20,16,12,18,14,34,30,24,10,26,23,12,,,8,11,76,24,11,9,13,15,40,66,12,10,19,65,35,73,159,5,,39,22,27,,21,12,10,44,174,23,20,19,26,7,13,7,,19,16,23,26,12,8,5,17,5,7,17,13,11,3,3,,8,24,13,58,77,38,3,1,5,7,7,10,31,5,28,13,19,9,11,43,296,62,,34,3,11,19,12,8,27,5,19,28,9,11,8,46,24,19,48,90,24,12,4,5,5,,11,17,6,11,19,122,55,24,8,36,16,8,14,,12,6,5,37,33,36,12,16,11,12,11,225,,11,9,37,8,37,6,17,7,29,11,21,8,22,,3,4,23,15,35,23,29,41,7,56,19,15,15,43,25,63,24,25,17,40,10,15,9,2,3,6,7
20171215,10,SO2_24h,14,13,18,13,17,20,16,21,12,18,18,12,,,17,,22,26,20,,21,17,19,,14,9,,18,18,28,,21,21,20,31,32,38,41,43,33,29,51,41,,36,9,19,39,,25,38,32,31,29,28,23,,27,22,23,37,40,41,55,41,20,19,,22,33,38,37,8,14,15,22,25,18,20,118,,69,176,251,160,265,59,158,28,36,37,37,29,22,31,24,75,84,94,,94,117,93,94,133,,110,33,45,27,30,23,18,12,32,27,27,104,149,55,64,66,24,30,52,28,34,56,52,25,,134,117,98,101,107,20,57,60,9,7,9,9,9,8,8,7,7,9,13,10,7,6,4,9,8,4,13,9,6,7,13,8,6,17,10,15,11,10,20,16,26,,,,23,7,,11,21,9,,6,6,7,,15,10,7,10,7,8,10,11,10,,,,14,17,,2,3,4,6,5,,6,8,5,14,10,6,7,9,,9,,,6,6,13,10,6,7,9,9,9,7,5,13,8,14,14,12,12,,9,12,8,9,9,9,7,7,13,,,8,,10,13,,18,6,6,5,8,10,,16,14,5,5,6,5,3,5,4,3,4,4,7,2,8,3,3,1,5,,4,,8,8,2,4,,3,,2,4,8,5,4,,5,20,19,24,29,22,26,32,31,24,17,25,25,23,11,24,20,25,19,17,17,16,11,12,18,20,15,4,3,4,5,4,2,2,6,3,4,4,4,4,3,5,6,3,2,4,7,11,10,,6,5,8,5,11,13,9,10,,5,7,7,11,8,9,6,8,9,11,12,10,19,15,8,14,7,8,11,27,19,18,18,15,17,14,20,16,12,8,8,18,19,16,15,11,10,8,9,11,9,12,15,14,10,14,13,10,12,10,9,10,4,6,5,4,6,8,,15,13,15,12,15,16,13,,,16,14,14,9,17,,10,7,4,11,,,9,11,9,12,19,8,28,26,16,10,17,17,13,13,13,14,26,25,7,10,6,3,12,5,32,32,35,34,32,34,25,38,21,32,29,26,30,37,31,35,32,36,34,,33,30,30,,,,51,44,3,10,13,8,10,,11,6,8,9,9,9,12,6,7,7,3,12,7,7,6,20,20,25,21,19,18,26,25,19,21,21,63,92,31,53,39,36,21,49,100,87,51,142,122,160,102,7,8,10,7,,31,,15,16,22,12,13,,13,13,,12,32,35,34,33,42,35,54,29,53,23,,10,,27,21,31,25,25,33,,16,,11,,15,22,27,23,24,17,29,12,8,6,14,11,12,23,27,20,,9,8,7,10,7,8,9,8,12,10,20,12,8,12,13,12,16,13,22,32,25,7,5,8,11,8,9,2,6,5,15,16,16,6,7,,23,21,,23,22,20,,12,9,8,9,,,8,8,9,52,,72,51,88,83,10,16,,19,25,,99,81,91,85,102,127,136,113,83,130,,96,30,81,,103,89,117,116,110,105,43,60,44,34,38,25,100,83,108,139,110,77,42,118,73,87,145,133,36,26,56,41,29,,22,44,75,61,27,38,24,36,31,21,21,21,30,26,41,30,7,7,9,6,16,15,14,12,23,5,10,10,12,9,10,3,5,20,12,,18,12,11,10,13,18,12,,11,,16,11,15,14,8,6,,17,17,11,14,17,19,,17,13,11,11,13,14,6,11,9,8,3,7,2,4,6,,2,,,3,7,6,6,4,4,11,16,11,6,6,11,10,3,20,50,12,23,9,2,3,3,8,12,7,17,14,13,13,16,15,69,30,32,25,11,7,14,10,25,,,18,5,9,6,4,3,9,12,8,7,10,21,7,6,,13,20,10,18,28,25,22,26,39,30,34,14,16,75,59,17,17,23,19,21,36,23,25,23,25,23,15,6,5,6,13,,34,35,51,51,2,7,8,5,6,17,15,9,26,20,13,19,25,27,19,15,27,27,37,11,20,19,16,15,12,9,14,16,10,14,14,8,22,17,13,17,17,5,3,15,13,24,,3,5,8,6,6,13,6,5,11,10,18,5,7,7,9,10,8,10,,9,4,2,,,32,20,25,14,9,4,8,11,9,9,7,,11,8,34,40,23,26,20,17,114,86,122,216,106,204,,237,215,53,38,,71,53,82,71,55,64,,90,7,17,6,45,46,27,8,,11,32,17,31,,,24,12,59,38,13,11,10,71,62,66,77,61,92,112,78,106,58,50,55,57,264,112,246,206,50,57,73,55,44,87,86,85,66,20,15,21,24,30,34,29,12,33,40,10,17,16,28,7,19,27,24,14,12,10,7,13,15,14,19,19,13,34,8,31,34,37,66,75,51,8,7,18,20,17,15,5,,20,6,7,23,17,10,10,19,12,21,6,20,7,7,18,6,19,5,6,7,3,23,2,12,4,,10,18,8,15,9,17,2,9,14,15,,20,16,21,26,20,1,4,6,6,2,10,9,12,20,2,8,11,,11,10,8,7,6,9,8,4,4,5,9,5,6,22,10,14,17,27,19,6,12,11,6,26,26,30,41,4,4,10,7,2,10,7,17,12,13,10,16,14,17,6,7,7,7,5,10,17,20,12,6,11,13,,19,,7,12,,18,12,13,,16,7,10,5,10,7,6,6,7,6,11,12,14,7,8,8,8,8,4,6,8,5,9,14,20,7,12,12,11,6,4,3,4,10,17,9,,7,7,,9,1,2,4,2,4,6,2,8,4,7,15,14,8,9,7,8,13,8,13,19,5,4,1,12,1,13,8,8,16,5,5,,6,5,4,4,2,2,4,2,4,3,11,4,4,9,5,4,3,7,5,8,5,6,6,12,12,11,1,6,8,4,3,7,9,19,21,2,3,4,5,10,8,6,5,6,15,21,17,12,10,9,11,8,10,12,12,11,5,4,8,3,4,4,6,3,19,18,14,,16,20,12,12,12,22,18,4,10,12,,5,7,,7,6,8,6,8,9,16,9,,19,11,10,13,13,15,,26,37,31,17,,,,,2,10,10,10,5,2,6,,44,12,11,22,51,,12,8,8,5,12,21,21,13,,9,8,7,5,8,,5,9,17,15,10,11,18,10,8,8,3,5,16,9,6,,8,,5,4,10,12,9,16,21,37,34,26,10,23,21,20,,,41,11,49,28,17,17,15,13,22,29,13,12,20,42,18,54,44,6,,37,38,16,,47,21,12,40,67,22,17,16,21,10,18,8,,15,12,22,26,16,12,5,14,9,10,12,18,20,4,21,,31,31,47,41,49,38,5,24,15,10,14,11,37,4,16,12,17,11,19,35,243,54,128,50,5,8,10,12,10,25,7,15,15,10,9,8,23,24,57,21,94,89,12,7,4,5,7,19,5,5,30,74,71,112,30,8,18,8,8,13,13,14,5,11,68,17,24,12,16,13,16,16,131,,17,11,18,6,26,11,12,6,37,22,25,8,15,22,2,4,24,16,36,19,54,26,7,40,12,11,19,38,33,48,10,33,25,32,11,22,6,2,7,4,7
20171215,10,NO2,22,16,18,22,19,23,16,41,48,18,17,10,,,62,,54,49,57,,53,65,66,,62,59,,80,63,64,,54,67,56,63,66,56,57,60,49,52,56,71,,80,60,55,57,,81,71,80,71,80,78,7,,24,18,16,13,,9,27,9,59,49,,52,53,58,58,49,49,46,57,56,60,58,78,,77,71,72,77,74,72,72,,25,27,2,26,18,34,22,27,28,30,,18,25,34,30,31,,20,67,53,72,66,58,70,38,74,55,55,32,21,43,27,26,17,19,35,12,13,44,51,42,,45,52,54,50,46,38,48,47,58,66,61,67,70,58,62,36,60,45,52,38,63,60,52,47,48,56,55,57,63,53,44,70,43,74,62,28,38,38,36,33,57,,,,51,49,,53,59,60,,43,35,35,,58,59,48,51,61,49,67,38,55,,,,49,36,,28,35,40,37,47,,55,46,45,53,50,45,41,52,,50,,,47,52,57,77,26,62,55,58,72,60,48,61,60,59,56,57,55,,,,51,57,53,65,56,58,46,,,40,,51,57,,32,47,52,22,12,30,,,49,43,46,37,25,31,40,32,32,30,17,34,31,58,45,44,24,43,,50,,56,44,7,38,,29,,30,31,41,42,33,,17,64,55,55,61,49,68,62,57,31,68,63,70,65,108,88,44,71,64,59,51,43,48,59,49,57,36,29,28,31,36,30,44,31,26,31,25,27,30,30,29,38,37,39,38,29,33,48,39,,42,35,47,33,36,29,39,22,,38,44,42,24,23,43,8,19,22,29,52,56,51,56,38,35,40,35,48,44,40,31,54,46,46,54,46,48,40,42,33,39,33,44,37,24,22,24,31,33,36,32,,34,31,32,39,24,20,29,37,34,6,4,15,12,9,25,,44,44,36,53,49,49,36,,,37,43,46,,48,,45,59,61,49,,,59,21,25,34,36,15,31,28,35,32,33,50,58,21,40,45,30,35,34,74,51,18,40,57,68,75,77,73,31,61,70,63,72,59,56,65,66,63,69,10,81,79,56,,76,35,14,,,,23,39,49,46,45,51,38,,29,38,32,33,40,38,32,34,30,34,34,13,27,26,28,19,25,15,20,21,16,30,26,17,21,30,19,21,26,16,26,38,32,40,21,26,16,30,9,,13,26,37,42,11,,56,,51,49,54,53,39,,44,13,,45,48,54,48,65,74,79,95,70,71,50,,33,,36,45,65,61,48,48,,44,,58,,44,52,53,53,51,50,62,40,56,63,36,37,,49,45,44,,30,35,32,33,36,27,21,,42,24,40,24,29,32,32,19,31,29,31,28,21,23,17,21,21,43,34,24,27,23,41,41,44,26,22,,50,44,,41,42,55,,27,21,28,15,,,52,47,48,5,,12,10,5,13,37,49,,40,42,,49,59,55,43,52,69,67,58,64,58,,23,19,32,,31,26,18,28,44,28,47,28,28,17,29,18,24,51,28,26,48,54,48,30,28,32,26,23,36,49,35,47,38,,42,23,20,32,16,18,39,57,51,56,30,18,60,31,80,46,52,51,58,51,41,33,38,40,16,34,34,32,52,34,43,,13,53,54,,62,33,50,54,50,53,50,,55,,46,54,50,36,45,51,,47,49,43,41,50,49,,42,29,39,39,31,34,34,36,29,25,19,21,23,18,12,,37,,,12,37,32,20,15,17,35,18,30,18,22,16,20,10,31,22,25,30,15,28,,36,49,40,38,,48,41,39,48,35,79,48,60,49,21,36,27,38,39,,,54,38,48,,42,14,34,52,48,44,52,41,32,39,,32,27,18,65,56,71,62,30,55,40,31,36,43,71,51,48,47,53,49,40,47,,52,97,58,62,77,15,12,11,29,,11,28,38,25,29,21,9,37,20,37,48,22,32,59,56,62,70,66,66,43,59,81,54,41,43,48,20,38,43,46,44,67,46,39,37,41,35,31,52,94,51,42,49,50,43,57,,,36,37,20,27,,37,44,45,54,39,35,29,30,29,22,58,64,,52,48,44,,,64,64,55,26,37,26,40,42,47,41,43,,56,42,,50,35,104,39,34,20,41,20,,32,68,,66,70,66,50,,51,46,45,44,35,27,,30,28,35,11,14,22,4,51,,31,36,19,15,,,22,,10,13,14,13,8,17,19,8,19,12,38,35,31,24,8,20,27,23,57,49,63,54,50,27,13,19,18,48,56,49,63,29,18,18,18,40,61,53,37,58,54,29,62,63,70,8,60,29,42,9,40,20,6,33,37,44,54,19,75,64,32,13,12,22,48,56,29,6,30,19,20,,25,43,,43,24,27,34,16,46,49,60,69,63,,42,51,44,29,21,36,27,33,25,18,47,34,53,36,,21,26,50,33,31,31,25,23,39,41,,17,33,56,59,32,25,6,58,24,5,18,21,27,23,2,26,26,,25,26,35,39,34,36,33,7,11,10,34,36,27,16,29,23,,23,25,27,27,32,23,29,10,27,25,19,27,30,33,35,26,28,26,36,29,26,24,,29,22,28,25,27,27,38,30,28,15,53,42,45,,45,,48,45,,50,44,39,,42,54,41,35,47,30,52,37,50,33,48,50,38,43,51,44,36,20,33,41,110,27,20,44,45,52,28,40,54,46,36,21,20,41,47,44,,30,35,,20,45,38,33,20,23,28,26,32,29,24,26,36,26,41,30,19,26,26,26,30,25,41,29,26,27,31,23,26,24,23,33,,26,16,19,11,14,20,15,15,12,18,33,26,24,3,23,30,30,19,25,37,27,22,25,12,17,26,13,17,20,16,10,22,19,32,24,23,15,13,27,20,6,10,11,10,21,52,41,45,37,30,37,34,27,21,32,37,29,43,46,36,38,49,59,34,21,38,37,,36,59,79,62,58,64,61,16,11,18,,35,36,,32,79,32,40,31,26,23,23,,23,22,40,20,51,40,,39,35,48,24,,,,,9,36,38,31,26,18,41,,22,33,38,21,29,12,49,25,33,27,14,18,53,24,,12,8,28,21,22,,16,21,36,28,29,34,16,25,24,16,10,42,42,26,28,,5,,23,29,29,45,42,31,11,30,26,28,13,36,31,39,,,8,23,57,55,34,15,29,23,57,63,23,23,22,44,30,36,68,57,,43,48,36,,32,19,42,46,47,34,24,26,33,9,17,14,,20,27,69,77,33,70,4,56,39,3,41,52,43,22,2,,30,29,27,51,54,47,6,3,55,31,39,42,66,46,45,38,71,53,55,62,69,49,30,41,51,35,84,62,31,30,27,53,51,55,49,39,36,34,27,60,43,30,32,31,12,26,,46,46,50,47,11,27,21,22,16,49,53,33,60,46,55,39,31,67,56,50,55,54,55,37,49,51,,59,40,68,27,48,46,41,26,15,17,45,11,58,72,31,16,62,56,30,58,17,66,20,54,27,50,19,26,21,29,32,60,17,57,47,66,39,33,41,32,49
20171215,10,NO2_24h,64,52,60,61,71,63,72,77,68,61,69,70,,,62,,60,65,62,,62,64,53,,65,58,,66,65,67,,53,63,54,68,67,72,70,71,72,54,61,70,,67,53,50,49,,74,69,62,60,68,77,41,,46,43,47,56,62,58,66,54,68,75,,67,52,52,54,45,43,40,58,55,60,58,84,,81,81,83,83,83,82,87,34,36,37,50,39,38,33,34,64,75,79,,69,97,83,86,81,,90,67,40,51,49,33,49,18,66,55,34,61,57,53,54,58,28,39,54,45,49,57,65,31,,77,78,82,76,73,33,54,71,49,44,50,45,45,51,45,27,40,31,47,34,55,46,40,43,45,41,50,48,57,53,42,58,42,67,55,33,36,40,40,41,50,,,,55,49,,46,54,61,,37,26,27,,48,60,43,48,52,52,52,37,57,,,,49,43,,23,31,34,24,28,,33,36,30,36,35,37,33,42,,38,,,44,52,58,77,30,64,56,60,73,60,49,64,51,48,64,60,61,,63,61,56,54,45,62,44,54,47,,,50,,51,55,,37,31,35,11,7,11,,51,51,36,35,32,28,31,40,45,33,29,21,35,28,46,50,40,30,24,,37,,50,32,9,24,,34,,28,33,42,46,27,,20,65,55,64,70,62,74,70,57,54,66,65,80,65,91,83,70,58,54,59,54,52,45,54,52,60,46,27,28,33,39,29,43,35,31,29,23,29,32,32,30,40,36,40,39,32,30,54,46,,49,42,54,37,42,33,45,27,,29,37,35,23,32,50,11,27,23,41,62,62,57,68,47,37,48,49,60,52,48,42,67,55,60,67,58,59,57,54,36,44,40,45,48,28,27,28,30,40,42,36,49,40,35,39,42,25,19,38,36,44,6,6,9,9,14,32,,45,46,45,50,38,48,50,,,36,53,44,47,48,,39,40,51,37,,,46,25,19,27,32,13,29,25,28,25,29,38,37,15,39,40,44,46,35,61,40,24,38,33,71,73,72,79,43,66,69,72,60,65,64,67,63,60,56,25,67,73,48,,62,32,26,,,,48,48,53,51,34,46,37,,18,40,33,33,41,40,36,37,33,37,37,16,33,30,32,26,31,27,23,26,26,36,34,30,30,31,60,81,60,65,23,21,29,36,76,78,53,61,54,62,64,19,24,30,11,,60,,55,56,57,54,50,,52,28,,50,71,78,72,72,87,55,63,71,83,45,,39,,19,44,52,57,49,50,,33,,44,,45,50,54,54,43,44,56,52,43,44,22,36,27,62,52,51,,30,36,30,24,36,28,19,12,29,26,37,28,27,30,28,23,29,35,23,22,26,29,26,37,17,24,17,29,24,22,46,44,43,34,29,,32,26,,36,36,40,,39,29,37,18,,,51,50,47,34,,35,31,42,30,26,44,,34,35,,44,50,50,30,42,74,75,62,70,69,,47,40,83,,86,79,83,68,84,77,63,70,72,44,54,38,86,60,56,62,64,58,48,67,66,67,61,63,53,34,62,54,44,,15,47,49,50,40,41,30,46,44,44,25,34,50,50,94,64,49,45,54,42,37,32,34,34,27,32,33,25,30,24,39,28,7,50,55,,51,30,47,46,48,52,50,,58,,48,54,50,46,48,55,,50,47,44,43,42,46,,45,33,48,43,39,41,43,42,38,27,22,23,25,16,14,,33,,,21,32,29,17,13,20,38,22,34,20,22,17,22,10,33,23,24,30,17,10,11,25,38,38,29,48,40,44,40,50,34,71,48,72,42,37,41,33,46,39,,,54,27,37,42,37,26,25,30,35,39,33,35,27,28,,28,31,19,71,66,67,62,43,50,53,43,37,46,59,58,70,54,58,65,61,51,58,59,65,59,62,73,10,14,8,27,,34,32,25,29,27,21,5,40,17,40,44,35,39,50,53,56,59,53,76,53,54,70,44,36,36,45,19,41,39,39,39,46,23,22,35,43,34,31,44,80,46,38,30,39,33,35,,,28,29,22,35,71,39,43,37,40,47,43,51,116,22,15,52,59,,46,49,45,,,54,38,41,36,44,35,49,44,46,43,46,,32,33,52,52,35,53,38,27,56,66,51,66,70,80,,73,77,53,43,,46,46,69,66,63,42,,43,14,15,10,28,35,20,30,,17,23,21,28,,,20,13,29,19,14,13,8,42,48,41,45,44,90,111,80,79,49,67,68,82,50,57,65,61,64,73,56,65,56,61,59,60,57,29,20,31,31,31,48,28,31,53,43,9,23,34,52,11,30,23,31,13,37,27,4,28,41,30,48,21,63,48,50,18,19,30,64,69,49,8,24,28,37,49,19,37,,35,28,31,37,20,48,41,53,57,49,47,46,51,49,39,27,41,36,24,19,17,29,29,32,28,,27,49,40,57,34,29,22,15,37,42,,31,45,62,52,32,22,9,29,20,9,19,20,22,20,3,18,19,,23,22,25,34,36,39,35,6,8,4,22,21,35,20,34,28,21,35,31,31,33,33,32,37,15,35,37,27,37,36,38,47,28,33,30,39,33,30,25,34,33,15,24,22,23,20,35,23,25,27,64,46,52,,46,,51,56,,59,56,45,,52,50,42,40,48,28,49,42,49,39,54,53,39,41,58,53,44,28,37,45,36,32,23,48,48,47,43,47,60,49,36,22,15,48,53,51,,29,29,,19,43,42,39,25,26,29,28,37,28,28,30,36,28,44,32,24,28,29,28,33,30,43,32,25,28,37,29,29,30,28,39,,26,22,27,13,15,16,15,17,16,18,30,28,21,5,20,24,27,18,26,32,25,20,31,15,17,25,12,18,21,17,13,22,25,26,21,28,19,12,20,20,13,17,10,12,27,39,41,43,31,29,31,28,23,15,25,33,27,39,36,29,37,47,53,40,20,31,32,,32,46,63,47,51,52,26,11,19,29,,32,37,,20,53,23,32,21,15,18,23,,22,16,31,27,41,35,,36,30,41,18,,,,,6,21,32,28,17,14,29,,18,16,16,26,34,3,27,21,21,19,17,16,26,17,,8,8,16,17,27,,17,17,33,29,23,31,16,16,30,16,12,23,44,23,17,,8,,7,11,24,41,43,33,29,41,34,34,21,31,31,40,,,17,40,61,62,26,21,15,13,42,39,24,32,29,34,22,38,52,35,,42,46,32,,41,26,28,24,22,23,12,23,25,14,23,15,,24,33,72,72,28,55,4,30,19,10,24,53,57,29,43,,60,41,56,49,51,48,9,4,34,28,34,26,58,30,26,45,66,65,61,63,82,42,49,75,40,32,71,54,42,15,24,46,40,56,44,33,32,29,32,40,73,77,28,49,14,35,53,68,36,48,55,39,45,41,40,16,52,50,22,51,52,57,29,34,67,42,52,51,58,56,49,50,50,,64,51,59,33,34,35,39,19,25,25,52,9,46,47,36,16,74,59,48,42,28,62,17,55,20,54,24,29,26,30,23,46,31,66,47,65,29,33,37,32,48
20171215,10,O3,47,55,28,45,45,44,58,34,16,44,49,56,,,16,,25,36,19,,23,10,8,,8,11,,6,4,6,,2,2,25,26,18,33,29,22,40,27,19,19,,14,1,6,3,,17,5,14,15,14,8,62,,46,55,73,55,26,64,41,53,9,22,,15,11,12,16,9,13,12,9,5,9,5,8,,8,7,16,3,9,7,5,55,52,50,48,54,58,39,39,30,30,38,,44,37,25,24,29,,39,16,11,9,11,8,15,15,12,13,23,36,42,11,30,33,48,43,36,55,56,50,39,50,,27,27,16,14,21,59,32,41,43,32,43,35,36,23,43,58,39,51,5,19,6,5,10,10,19,9,19,20,16,19,24,15,18,28,41,45,38,36,42,42,3,,,,3,4,,5,3,10,,14,17,29,,15,25,22,30,19,33,18,29,18,,,,20,35,,35,37,30,27,21,,25,4,13,5,14,6,22,22,,10,,,5,4,5,9,26,3,2,2,3,4,2,5,4,3,5,4,4,,2,2,3,15,8,7,9,1,2,,,21,,13,12,,22,9,6,65,73,42,,,3,7,14,11,5,5,16,13,10,16,31,15,17,40,10,8,27,23,,22,,25,12,44,48,,12,,15,17,6,10,10,,17,4,6,,5,6,8,6,4,45,3,5,4,13,10,18,16,8,3,12,9,13,7,7,13,7,17,11,6,7,7,5,15,5,8,10,15,5,11,5,13,7,7,9,13,7,8,5,7,,5,8,6,13,7,9,6,18,,23,47,26,40,46,29,71,62,53,49,39,42,38,26,3,6,1,3,3,6,12,10,2,5,7,3,6,6,7,5,12,11,12,13,3,10,12,14,10,46,7,11,,11,11,12,8,14,22,13,8,10,71,86,55,64,53,25,,6,8,11,7,4,5,4,,,8,6,8,7,7,,6,9,8,3,,,11,64,14,13,12,13,9,4,7,5,8,20,8,37,24,24,34,23,34,17,22,35,30,7,11,9,8,9,3,10,8,11,12,15,11,6,6,18,19,69,8,10,31,,10,50,50,,,,67,31,5,5,5,7,11,,6,10,7,10,9,9,5,7,6,4,5,39,7,13,16,48,52,53,51,46,46,55,42,51,54,48,68,64,58,57,35,24,23,27,47,54,42,48,54,45,54,42,30,33,65,,8,,9,10,10,5,,,6,17,,4,10,8,5,,3,3,9,,6,2,,8,,8,17,11,8,13,12,,12,,8,,8,7,,17,4,2,2,11,7,11,22,35,14,7,15,13,,10,10,9,9,7,55,62,66,32,67,50,17,13,17,17,10,14,48,16,21,13,7,9,7,51,34,33,13,9,9,16,17,13,14,15,,25,30,,41,39,32,,12,8,6,23,,,12,12,10,82,,40,59,67,52,23,34,,32,21,,9,7,5,6,14,19,12,16,34,17,,28,35,44,,39,45,39,31,38,,22,32,46,51,34,51,36,25,36,37,26,14,16,35,32,35,33,37,38,24,36,35,45,,47,36,36,36,41,37,16,17,19,17,30,43,16,28,24,22,6,8,6,7,11,14,22,12,43,5,9,8,13,12,3,12,30,3,15,,9,11,4,2,6,8,10,,,,1,3,4,6,7,7,,5,6,7,13,5,7,,7,29,7,7,10,11,12,11,19,11,12,22,20,20,14,,10,,,28,5,29,18,26,16,10,6,11,7,21,19,15,19,8,34,7,6,13,55,56,10,9,9,6,14,10,12,12,14,19,7,19,10,12,14,8,12,7,25,,,26,12,5,7,8,47,11,27,35,43,21,30,8,4,,8,8,7,7,10,7,7,15,6,40,32,21,5,7,22,29,18,9,11,17,11,12,9,5,4,6,3,58,58,63,46,,64,38,31,37,23,20,14,36,15,33,34,202,10,3,5,2,6,6,10,18,9,5,8,5,9,4,21,23,7,,11,4,18,31,29,17,17,16,19,16,33,33,37,,29,30,,,62,52,45,38,22,18,69,19,9,34,17,24,10,40,48,27,26,,49,,2,,,12,9,6,12,17,17,14,12,12,14,11,,8,24,18,14,21,18,16,17,48,39,30,,52,8,,7,8,15,9,,16,11,10,18,15,24,,30,33,23,57,45,37,62,10,,35,20,44,72,,,33,37,60,53,66,67,71,45,40,53,43,52,33,34,32,30,34,43,34,26,7,19,7,18,44,47,49,45,58,17,12,19,15,27,32,36,48,48,16,18,33,23,31,40,30,15,6,57,12,47,33,69,16,37,39,38,30,23,14,59,8,4,36,46,46,53,37,46,38,46,20,55,90,11,13,11,,9,9,9,6,8,6,2,4,25,5,,21,21,11,51,38,19,40,19,26,21,27,28,39,6,,4,6,12,14,21,19,22,12,25,14,,33,36,46,48,44,50,62,13,58,,26,26,24,21,81,14,18,,21,19,14,7,11,10,9,20,6,10,8,13,7,3,4,3,16,22,15,8,8,6,5,11,8,8,10,25,21,10,13,12,33,15,9,13,9,8,7,,8,11,11,10,10,11,8,7,5,9,5,12,7,,13,,7,7,,12,6,4,,3,8,15,3,6,5,13,13,7,18,10,11,11,9,15,14,11,9,7,6,5,8,58,11,8,6,21,11,13,13,8,11,15,14,13,12,,10,17,,15,6,4,6,6,10,13,15,17,11,6,5,3,3,5,11,18,14,17,15,15,11,5,8,18,16,22,11,4,10,2,11,,6,16,7,43,38,30,32,31,31,19,12,16,16,22,28,15,13,19,10,,18,18,18,21,20,3,19,13,12,15,18,14,15,10,4,12,9,25,19,19,22,19,21,21,53,30,40,38,10,11,11,13,10,14,14,21,9,8,9,6,22,9,14,17,22,10,8,,9,40,30,18,35,63,76,37,30,99,,6,3,,14,13,14,6,10,14,9,17,,39,38,28,35,20,20,,25,43,55,43,,,,,38,21,15,21,2,5,11,,27,22,10,18,24,80,76,76,26,,54,32,11,8,,51,55,11,16,14,,55,50,8,3,8,7,54,62,25,29,28,25,15,28,19,,64,,27,22,11,11,6,7,53,40,41,45,22,6,4,30,,,69,41,6,17,52,67,34,39,40,26,58,55,66,50,35,15,12,13,,16,4,31,,51,42,29,39,13,45,30,27,26,76,67,70,,76,47,5,4,11,2,81,21,20,53,17,16,20,52,60,,53,40,52,6,3,7,48,60,87,28,22,5,12,41,21,6,8,20,21,4,15,11,23,35,16,38,7,4,22,14,17,9,14,4,4,14,7,4,51,13,30,33,14,27,38,2,,19,30,1,23,51,44,57,47,11,3,,22,3,21,26,18,5,13,6,8,14,12,6,6,12,12,,17,5,15,12,41,29,9,53,69,36,11,50,7,10,16,32,15,5,39,3,26,,31,2,54,12,14,12,16,9,17,6,57,20,7,6,,9,6,10,11
20171215,10,O3_24h,47,55,28,45,45,44,58,34,16,44,49,56,,,32,,35,36,29,,38,32,52,,40,35,,25,19,13,,15,9,35,32,36,33,31,33,40,62,43,38,,46,40,61,47,,42,26,30,39,39,28,62,,47,59,73,55,26,64,41,53,23,22,,18,41,52,52,26,42,41,23,22,24,29,13,,15,16,32,8,15,9,11,70,62,64,54,60,67,60,50,42,31,38,,44,37,25,24,29,,78,46,46,58,63,64,60,72,66,43,76,42,42,21,49,41,87,73,63,61,58,87,70,105,,43,46,39,44,42,90,56,74,61,59,61,62,69,49,66,75,72,72,25,40,30,31,34,27,37,38,39,45,35,24,30,41,28,43,56,69,64,55,59,68,37,,,,29,32,,35,30,37,,36,42,50,,32,33,39,42,37,43,39,52,28,,,,29,36,,44,49,41,51,51,,50,32,43,40,44,38,56,57,,123,,,21,13,22,11,55,10,10,5,6,9,13,38,38,54,32,52,45,,12,40,20,32,36,14,38,39,34,,,29,,36,37,,39,54,41,82,88,71,,40,42,31,51,50,29,31,43,22,27,36,54,35,40,54,22,32,42,85,,64,,65,47,54,79,,24,,35,38,23,29,40,,37,21,6,2,48,7,11,9,10,54,32,24,46,46,26,50,35,57,20,21,21,19,18,24,20,15,25,25,22,18,19,20,36,14,18,28,37,9,17,10,21,11,13,14,19,12,12,17,28,,26,38,32,34,25,37,35,37,,92,91,71,86,130,111,87,83,63,105,147,112,146,92,29,32,24,38,37,24,28,26,47,62,67,68,41,42,38,44,48,45,39,52,44,55,49,53,66,85,22,33,18,36,19,20,13,33,38,32,24,22,72,97,64,64,63,47,,39,45,33,34,50,25,14,,,51,29,47,28,26,,39,52,41,36,,,42,64,33,30,24,34,28,16,27,31,25,92,97,97,89,92,85,78,112,109,114,100,108,116,14,14,11,9,7,10,12,12,28,15,19,7,15,66,56,80,68,55,94,,58,104,70,,,,80,48,32,35,53,39,42,,56,17,10,16,16,16,9,11,11,6,8,58,9,18,18,61,69,56,63,56,52,67,62,56,64,64,68,64,58,57,56,54,52,52,47,79,42,54,54,45,54,82,79,73,87,,22,,26,29,30,19,29,,29,31,,8,20,20,15,20,23,26,31,23,26,66,,48,,67,59,57,41,59,47,,53,,48,,44,44,41,131,33,45,28,43,49,59,51,68,58,31,47,39,,31,28,30,40,21,91,113,110,87,97,98,97,97,93,101,99,92,86,73,81,76,65,62,48,92,92,86,40,44,39,63,66,65,31,38,,81,96,,105,115,112,,27,31,28,67,,,28,26,22,85,,41,59,67,52,58,58,,56,50,,21,26,23,21,25,27,29,32,46,24,,28,35,44,,39,45,39,35,63,22,31,32,46,56,39,58,36,32,36,37,33,14,32,35,32,35,33,37,71,66,55,69,72,,88,50,40,51,41,50,61,46,57,60,77,52,42,42,41,30,24,34,21,34,36,40,42,40,118,30,42,41,43,70,43,38,95,18,22,,36,16,10,6,37,32,44,,17,,13,13,18,10,14,14,,15,19,17,22,24,15,,18,46,18,16,31,20,14,28,23,11,13,25,58,26,23,,23,,,28,33,48,39,36,38,28,29,32,22,35,33,29,29,18,41,15,11,18,58,63,44,36,34,40,27,28,15,26,30,107,86,89,94,91,19,12,23,12,53,,,50,45,41,39,45,66,51,46,58,71,61,60,36,50,,31,79,93,17,15,17,19,15,12,40,32,44,46,29,31,61,18,18,14,17,17,16,18,13,9,13,17,93,93,97,77,,70,85,89,75,57,45,37,60,59,72,84,235,83,39,20,27,50,50,36,43,44,60,65,52,57,53,59,53,41,1,66,50,57,74,55,62,58,66,34,44,54,38,54,,47,61,,,66,66,46,39,43,35,94,41,45,37,27,32,23,65,75,39,36,,72,22,18,,,42,44,11,12,17,17,14,23,28,23,16,,83,93,41,40,49,46,47,37,48,39,30,19,52,17,,21,20,34,25,,36,25,14,19,17,42,,48,90,91,93,45,46,62,36,,81,53,80,80,,,55,65,60,64,105,100,99,69,40,53,47,54,33,34,32,30,34,43,34,26,15,28,14,18,55,56,53,45,58,17,25,40,37,60,60,36,48,97,80,79,66,64,63,76,84,69,72,76,67,62,58,152,53,62,66,73,87,76,61,79,52,60,38,62,58,62,44,59,47,53,51,73,90,36,51,50,,46,32,40,52,42,31,40,44,50,63,53,44,51,51,68,59,28,71,89,51,51,57,40,99,55,,51,35,45,38,42,38,46,55,51,45,,49,62,68,52,58,70,74,84,85,75,49,51,53,53,88,54,61,,47,52,51,45,32,26,40,33,32,33,35,33,20,6,7,7,23,22,22,24,17,18,29,35,33,29,24,34,63,25,30,20,42,21,14,19,39,40,42,39,30,24,21,21,21,25,34,28,31,39,39,38,40,,13,,10,17,,23,17,11,,9,12,20,7,9,19,29,25,24,31,53,46,45,43,15,14,11,14,11,20,23,17,58,33,23,25,21,12,13,15,19,24,28,27,30,30,,29,31,,26,14,16,16,21,18,21,21,43,42,13,10,6,8,9,11,23,21,20,16,18,13,9,10,28,19,29,15,6,14,4,18,,6,17,18,43,38,31,32,41,34,23,17,21,20,23,28,31,29,37,19,24,41,44,49,38,41,29,44,33,30,30,32,30,25,23,18,25,22,34,30,35,28,26,53,48,60,39,40,38,61,42,52,63,29,38,32,31,26,24,26,22,54,27,36,27,55,36,39,,30,48,65,51,58,81,114,97,87,130,,30,20,,40,44,37,29,41,74,90,73,,51,81,132,74,82,82,,43,43,58,51,,,,,45,43,38,38,5,21,31,,38,90,84,42,49,108,103,96,79,91,93,71,74,69,,65,64,62,51,89,,84,106,73,78,49,76,120,116,70,88,121,116,95,111,75,,80,,73,72,52,62,43,46,66,50,50,57,39,35,44,30,,,80,41,17,29,98,98,82,77,95,79,86,82,87,79,60,61,43,57,,46,35,82,,102,76,94,132,95,86,81,66,74,98,96,93,,95,65,41,58,69,73,88,45,45,58,37,83,58,72,103,,73,99,82,24,20,88,88,66,118,50,47,57,78,75,59,28,31,35,25,10,23,30,40,69,42,53,56,39,29,52,62,45,51,9,34,39,75,73,77,58,30,33,39,34,46,22,67,20,84,28,23,51,50,58,66,21,29,21,47,39,32,40,55,30,38,48,29,33,29,31,37,31,31,,23,20,26,30,102,48,27,64,79,55,45,66,21,27,38,49,34,13,49,47,27,22,43,17,87,43,43,40,42,37,79,90,61,44,38,13,38,17,44,19,42
20171215,10,O3_8h,15,42,15,13,14,15,23,9,2,25,18,16,,,7,,10,11,7,,8,3,2,,1,5,,5,4,7,,1,1,26,11,10,15,15,10,16,14,10,12,,10,1,5,2,,15,3,13,17,14,6,56,,43,56,67,14,7,20,13,22,3,7,,5,9,5,11,5,7,7,6,3,7,3,6,,5,5,15,2,9,5,3,64,54,56,48,54,58,50,36,14,6,13,,15,12,7,8,9,,13,27,26,32,24,27,39,17,22,24,34,21,18,7,12,12,25,21,20,30,33,36,23,60,,10,11,10,7,10,69,21,40,45,47,43,51,48,31,54,66,52,60,6,22,9,14,17,12,21,17,16,28,21,16,18,24,17,33,38,38,41,36,44,32,,,,,3,4,,4,3,10,,23,24,40,,16,24,21,25,23,26,22,30,11,,,,19,24,,40,32,24,38,36,,37,4,18,10,18,7,28,24,,15,,,4,1,3,9,19,2,1,2,2,2,1,3,3,2,4,3,3,,4,1,2,12,8,6,13,,1,,,14,,4,5,,30,18,19,73,78,55,,1,2,8,14,10,6,6,17,10,13,19,30,17,21,41,12,15,27,48,,24,,20,25,44,57,,13,,18,15,10,11,19,,17,6,5,,5,6,8,5,4,23,1,5,4,9,11,17,14,7,2,8,5,5,6,6,8,3,7,16,11,9,12,10,23,7,12,10,12,3,10,3,11,5,5,8,12,4,6,4,4,,4,4,4,12,5,6,4,15,,33,56,44,46,18,19,69,60,48,21,34,33,33,20,2,4,,,1,2,7,4,1,4,5,2,3,3,3,1,7,6,8,6,,6,10,8,4,20,5,9,,7,12,9,8,18,23,16,10,11,68,83,56,59,54,23,,8,22,12,20,15,14,4,,,24,16,23,9,12,,9,13,7,8,,,14,41,16,17,13,19,17,11,14,8,13,15,17,50,7,18,12,7,34,13,25,37,42,14,8,8,7,6,2,8,6,8,9,8,8,5,5,31,36,54,11,21,39,,15,44,38,,,,60,34,4,5,10,9,14,,10,8,6,9,8,6,4,5,4,2,4,32,5,10,11,50,52,53,55,49,47,52,32,35,41,41,43,36,26,32,29,26,23,20,30,31,26,26,26,37,29,48,47,47,68,,6,,6,5,8,3,,,1,8,,3,6,3,2,,3,14,17,,10,6,,8,,16,18,27,17,21,7,,12,,8,,8,9,9,18,5,9,1,6,14,16,34,42,34,4,11,10,,16,11,16,22,14,49,64,62,26,57,35,37,35,36,38,32,32,27,13,10,5,5,6,4,54,50,48,10,8,8,6,8,8,12,7,,10,10,,21,19,18,,7,4,4,11,,,9,6,6,77,,39,53,60,50,23,28,,26,18,,6,7,3,3,10,11,7,10,28,11,,6,8,11,,17,21,19,11,20,12,16,11,28,22,20,23,18,7,19,18,14,4,7,15,10,18,15,18,29,26,18,24,42,,55,18,23,26,20,12,14,18,17,14,21,30,13,16,24,19,10,12,10,13,17,19,26,18,58,7,10,9,14,11,3,10,51,2,7,,9,8,2,,2,5,8,,,,,,1,3,5,4,,2,3,5,6,3,3,,1,32,7,7,9,10,7,8,13,8,8,21,16,19,8,,12,,,16,16,26,27,28,17,14,8,15,6,20,18,14,19,7,34,7,5,12,54,52,9,9,7,5,21,19,12,18,23,22,6,17,8,6,15,10,16,9,28,,,37,11,5,7,7,48,21,35,48,53,40,35,14,12,,14,21,18,4,6,4,5,5,4,20,11,16,4,6,6,36,14,6,7,8,9,8,7,3,2,4,2,65,65,66,53,,39,58,50,52,32,27,24,43,13,51,49,215,11,3,7,8,3,4,6,24,6,4,9,5,14,8,28,27,7,1,28,17,28,39,31,9,16,18,23,17,37,29,41,,32,38,,,57,52,34,17,24,22,74,21,13,29,10,22,7,47,51,30,19,,48,3,3,,,13,14,4,4,6,8,5,7,7,9,6,,18,38,23,20,23,20,24,23,20,21,15,,22,6,,6,6,10,4,,10,6,4,11,8,19,,24,48,36,57,42,38,57,19,,50,30,57,74,,,47,57,44,53,76,80,82,34,35,44,40,36,17,14,10,12,13,18,12,8,7,14,5,7,25,23,23,11,30,6,7,8,12,19,24,24,34,38,13,20,42,21,28,50,49,29,6,45,29,47,44,61,27,34,29,24,26,19,11,48,12,1,26,50,51,55,22,26,23,45,25,54,43,12,28,25,,10,15,16,14,10,6,4,6,29,3,19,20,16,4,42,30,18,40,21,23,24,38,31,50,5,,4,7,13,14,27,21,30,22,22,9,,26,34,52,31,38,57,64,22,62,65,26,30,30,24,82,21,23,,23,25,19,14,12,10,11,22,18,23,20,22,5,1,2,2,14,12,9,8,8,6,4,8,7,7,7,15,16,5,9,6,26,12,8,11,18,19,19,18,16,11,11,11,10,11,10,10,7,12,5,10,4,,8,,4,6,,10,5,2,,1,5,11,1,3,2,12,10,6,15,2,5,5,6,5,4,2,9,7,4,6,8,48,7,6,3,8,6,6,9,14,18,22,15,14,12,,8,16,,21,4,2,4,4,7,13,10,7,11,2,2,2,2,3,5,18,16,18,14,14,6,3,5,21,17,19,7,2,6,1,8,,6,11,7,34,30,28,26,27,26,18,12,17,19,21,24,16,14,19,8,,25,25,27,22,22,5,22,16,13,19,15,18,14,12,8,11,7,27,24,22,17,16,22,22,48,28,34,24,24,25,32,34,16,24,22,22,18,18,19,15,21,16,21,20,24,20,17,,16,41,35,16,39,68,60,62,39,107,,11,3,,19,23,24,16,22,20,19,20,,31,39,45,31,22,24,,26,31,50,41,,,,,40,34,17,23,3,10,21,,34,22,31,32,36,84,86,84,18,11,34,19,5,4,,46,52,27,26,8,,60,46,7,2,10,8,60,59,16,30,32,40,8,24,20,,62,,41,42,7,9,5,6,40,37,38,46,19,4,2,13,,,56,35,3,16,68,66,54,50,61,52,49,33,60,58,43,23,16,41,,9,4,35,,66,43,29,46,28,61,37,26,28,77,64,72,,69,37,6,6,13,9,80,35,30,52,25,28,22,58,75,,42,40,47,8,5,10,44,65,108,31,29,13,11,46,22,3,3,6,6,2,13,7,15,21,29,32,8,2,14,30,21,9,14,4,8,19,5,3,51,32,12,10,18,11,34,2,22,4,26,,8,46,34,47,37,17,1,,36,5,11,20,17,5,13,14,6,14,14,20,16,22,11,,3,4,12,10,20,26,16,60,72,44,5,47,4,7,15,28,2,3,33,14,19,,36,2,37,4,11,10,12,8,8,10,55,11,23,3,1,8,9,10,8
20171215,10,O3_8h_24h,15,42,15,13,14,15,23,9,2,25,18,16,,,7,,17,11,7,,8,3,4,,1,5,,6,4,7,,2,2,26,11,10,15,15,10,16,14,10,12,,10,1,5,2,,15,3,13,17,14,6,56,,43,57,67,14,7,20,13,22,3,7,,5,9,7,11,5,8,7,6,3,7,3,6,,5,5,15,2,10,5,3,65,57,57,50,54,59,58,45,14,6,13,,15,12,7,8,9,,13,43,45,56,52,61,59,60,22,29,59,24,20,7,16,14,25,26,20,30,33,38,30,81,,10,11,10,9,10,90,21,46,47,50,45,55,49,31,54,66,56,64,25,31,25,30,34,24,25,38,23,28,21,17,21,25,18,34,38,38,41,36,44,32,,,,,4,6,,10,6,14,,24,24,40,,27,24,21,36,23,26,27,30,16,,,,20,24,,41,32,24,44,44,,43,12,30,13,23,8,28,24,,15,,,8,1,3,9,19,2,1,2,2,2,4,3,5,2,4,3,3,,9,1,2,12,22,7,20,3,3,,,14,,5,10,,34,30,24,80,82,63,,1,2,20,25,16,8,6,20,15,19,26,35,25,27,48,17,21,30,52,,53,,39,32,47,66,,14,,29,19,20,13,32,,21,13,5,1,5,7,8,6,4,23,2,5,5,9,12,18,14,7,2,8,5,5,6,6,8,3,7,22,16,11,16,14,24,9,13,10,14,3,10,3,12,5,6,8,12,4,6,4,4,,5,5,4,16,5,7,4,18,,80,75,62,61,18,50,69,60,61,21,34,34,35,25,2,4,,1,1,2,7,4,1,4,5,2,3,3,3,1,7,6,9,16,1,12,13,21,7,20,9,10,5,15,12,9,8,20,30,16,10,11,68,83,56,59,59,45,,39,34,30,22,30,21,10,,,39,24,42,28,26,,32,17,16,12,,,19,41,24,26,20,28,22,14,23,10,22,15,35,51,7,18,12,7,34,13,25,37,44,62,8,8,7,6,2,8,6,8,9,8,8,5,5,41,38,76,15,38,78,,43,81,68,,,,60,34,5,6,12,11,14,,48,8,7,10,8,7,4,5,4,2,4,46,5,10,11,55,57,53,59,53,48,57,34,46,49,46,43,36,26,32,40,34,26,28,30,31,26,26,26,37,29,61,61,59,69,,6,,6,5,8,3,,,1,15,,5,6,3,2,2,4,16,28,,11,11,,8,,33,23,38,21,27,7,,17,,14,,10,22,18,31,23,26,1,6,28,24,46,43,42,4,11,10,,31,27,29,25,19,52,66,62,43,57,51,47,42,42,44,42,38,35,33,41,35,6,6,4,71,78,71,14,12,14,7,12,13,14,7,,18,19,,39,48,35,,7,8,4,20,,,9,10,6,77,,39,53,60,50,30,35,,31,21,,6,7,3,3,11,11,7,10,34,11,,6,8,11,,29,28,19,35,63,20,28,11,28,22,20,23,18,7,20,18,15,4,7,15,10,18,15,18,29,52,18,24,44,,75,18,23,26,20,12,16,21,17,16,36,30,13,16,24,19,12,15,13,18,26,26,30,26,58,13,16,18,20,18,6,16,88,5,7,,9,8,3,,2,5,8,,,,,,1,3,5,4,,2,3,5,14,3,3,,1,34,7,7,10,11,7,8,13,8,8,21,16,22,8,,12,,,16,32,48,34,34,26,17,9,18,9,25,22,17,20,12,38,12,10,14,54,54,16,18,10,11,22,23,13,20,23,23,8,17,8,11,15,11,16,9,35,,,48,25,16,22,24,50,26,40,51,60,48,47,25,20,,24,38,40,5,6,4,5,5,4,20,11,19,8,6,6,36,14,6,8,8,9,10,8,3,2,4,2,72,67,74,53,,39,80,70,70,32,27,28,53,13,53,54,215,11,4,18,27,6,4,6,27,6,4,10,5,17,10,28,27,8,1,37,26,44,53,36,9,25,20,23,17,37,32,43,,32,38,,,60,52,36,20,24,22,81,25,28,31,12,24,9,51,56,31,29,,54,3,8,,,26,22,4,4,6,8,5,7,7,9,6,,26,40,26,20,24,20,25,31,20,21,15,,22,6,,6,6,13,10,,10,6,6,11,8,19,,24,61,60,68,42,38,57,35,,61,38,71,74,,,54,63,44,53,89,92,92,34,35,44,40,36,25,14,13,12,14,18,12,8,7,14,5,7,25,23,23,11,30,7,9,8,12,25,32,24,34,41,18,26,46,21,28,53,58,54,8,45,39,58,54,63,31,36,31,44,26,33,17,65,16,1,33,60,57,56,22,26,23,45,31,60,50,12,32,42,,18,23,22,25,18,6,15,10,32,7,53,26,18,4,42,30,22,40,24,25,33,42,34,70,13,,4,18,22,24,35,25,32,31,27,16,,26,40,58,31,42,66,65,36,62,65,32,35,34,27,82,36,37,,25,27,27,17,12,11,26,24,24,31,33,30,5,1,2,2,14,12,9,8,8,6,4,13,13,13,13,16,18,9,11,7,26,12,9,11,20,22,20,18,19,16,15,15,14,18,13,12,10,14,6,10,4,,8,,4,6,,10,5,2,,1,5,13,1,3,4,13,11,6,15,8,11,13,12,5,4,2,9,7,4,6,8,48,7,7,3,8,6,6,9,18,23,27,15,14,12,,10,16,,24,4,2,4,4,7,15,12,7,11,2,2,2,2,3,5,18,16,18,14,14,10,4,6,21,18,19,7,2,6,1,10,,6,11,7,34,30,28,26,27,26,18,14,17,19,21,24,17,19,22,8,4,36,34,39,28,26,10,23,17,13,19,15,22,14,22,14,11,7,27,29,22,17,16,24,23,48,33,37,29,39,34,43,40,23,28,28,26,26,23,24,19,34,20,32,22,44,36,32,,30,41,37,17,54,68,84,74,50,107,,14,5,,31,39,36,28,35,24,22,21,,35,49,53,31,22,24,,26,31,50,41,,,,,40,34,22,28,4,16,23,,36,28,33,35,44,92,100,95,18,11,34,22,32,4,,49,53,40,38,8,,65,68,11,4,14,10,62,73,16,30,52,69,8,24,20,,69,,69,63,12,9,6,9,40,37,38,46,28,19,20,13,,,71,35,3,16,76,67,69,72,83,73,49,33,68,75,52,34,20,46,,9,6,52,,92,49,77,96,65,82,58,46,48,78,77,80,,78,50,6,6,16,15,80,38,40,55,25,29,22,58,75,,42,40,47,10,9,12,44,65,110,31,29,29,11,58,29,3,3,6,7,2,13,14,15,21,29,32,8,10,16,37,23,11,20,4,18,24,6,3,52,39,12,10,33,11,34,2,23,4,39,7,8,46,34,47,37,21,1,,38,5,11,20,17,6,16,14,6,30,14,30,35,25,11,,9,4,12,13,27,33,24,61,72,53,5,48,4,7,18,33,2,3,45,21,19,,40,2,67,4,11,10,12,8,14,61,56,11,38,3,15,8,9,10,8
20171215,10,CO,0.3,0.4,0.3,0.5,0.4,0.4,0.3,0.7,1.3,0.6,0.4,0.4,,,1.6,,0.6,1,1.2,,1.5,2,2.3,,1.8,2.1,,3.5,2.2,3.6,,2.3,2.2,1.8,1.9,3,1.3,3.5,1.8,1.4,2,2.2,2.5,,3.8,3,3.4,3.3,,2.7,2.7,3.3,3.5,3.2,2.8,0.3,,0.3,0.6,0.9,0.2,0.8,0.2,1,0.4,1,0.9,,0.9,2.1,1.9,1.8,2.2,2.3,2.1,2.6,2.6,2.3,2.6,3,,3.6,3.6,3.4,3.1,3.2,3,2.9,1.1,0.7,0.6,0.7,0.7,0.6,0.5,1.3,1.2,0.7,0.5,,0.7,0.6,1,0.5,0.6,,0.8,2.3,2.2,2.4,2.5,2.5,2.2,1.8,2.9,2.6,1.9,0.9,0.9,1.2,0.2,0.2,0.7,0.8,0.6,0.6,0.5,1.5,1.4,2.2,,0.4,1.5,0.7,1.3,1.5,1.2,2.7,1.5,0.5,0.9,0.8,0.6,1.1,1,0.9,0.6,0.7,0.5,0.4,0.8,0.2,1,0.8,0.9,2,0.3,0.5,1,0.9,1,0.6,0.8,0.6,0.4,0.9,0.8,0.9,1,0.9,0.8,2.8,,,,2.5,2.2,,1.5,2.2,1.6,,0.8,0.3,0.6,,0.8,1,1.1,1,1.1,0.8,1.1,0.9,1.1,,,,0.8,0.7,,0.3,0.4,0.5,1.1,0.7,,0.8,0.8,1.1,1,0.6,1,1,0.7,,0.8,,,2,1.9,1.4,1,0.7,0.9,1.3,1.2,1.1,1,0.8,0.8,0.8,1.4,1,1,1,,0.9,1.3,1,0.8,0.7,0.7,1,1,1.4,,,0.8,,0.7,0.6,,0.7,0.9,1.1,0.7,0.7,0.7,,,0.7,0.8,0.7,0.9,0.9,1.1,1,0.6,0.6,1.2,0.6,0.9,0.6,0.7,0.8,0.6,0.2,0.7,,1.1,,0.7,0.5,0.2,0.5,,0.8,,1,1,1.1,1.1,1,,1.4,1.8,1.8,1.4,1.5,1.5,1.6,1.4,1.7,1.1,1.4,1.2,1.2,1.3,1.3,1.2,1.2,1.7,2.1,1.6,1.8,1.9,2.3,1.7,1.9,1.3,1.9,0.9,1,1.2,1,0.8,1.1,0.9,0.8,1.2,1.3,1.2,1.1,1.1,1,1.2,1.1,1.2,1.2,1.3,0.8,1.5,1.3,,0.9,1,1.1,0.8,1.2,1,0.9,0.9,,0.9,0.8,0.8,0.7,0.6,0.8,0.6,0.6,0.6,0.7,0.8,0.8,1,1.2,1,1.4,1.1,1.2,1.1,1.1,1.2,1,1.4,1.2,0.9,1.3,1.2,1.3,1,1.2,1.2,1.2,1.2,1.3,1.2,1.5,1.1,1.3,1.4,0.9,1.1,1.5,,0.8,1,1.3,1.4,1.5,1.3,0.9,1.2,1.5,0.5,0.5,0.4,0.4,0.6,0.8,,1.1,0.8,0.9,1,1.1,0.9,0.8,,,0.9,1.1,0.9,0.9,1,,0.9,1.1,1,1.1,,,1.1,0.6,0.9,1,1.1,0.9,0.9,1.1,1.2,0.9,1.1,1,2.3,0.8,1.5,0.8,1.2,1.3,1.1,1.9,1.4,0.6,1,1.3,2.4,3.1,2.9,1.7,2.5,2.4,2.4,2.1,3.6,2.1,2.4,2.5,2.4,1.9,1.6,0.5,1.5,3.7,1.6,,2.3,1.4,0.2,,,,0.7,0.9,1.2,1,2.4,1.3,1.3,,2,0.9,1,0.9,1.1,1.1,1,0.9,1,1.2,1.1,0.8,0.8,1,1.6,0.5,1.4,0.5,0.7,0.6,0.3,0.9,1,0.7,0.8,0.9,0.1,,0.3,,1.1,1.1,1.2,1.1,0.8,0.6,0.7,1.9,0.8,1,1,0.5,0.8,0.5,0.6,,2.6,,1.7,,1.9,1.9,2,,2.1,1.5,,1.5,1.5,1.1,1.7,3.1,3.5,4.9,5.3,2.5,3.2,1.8,,1.2,,1.2,1.3,1.6,1.1,1.3,1.4,,2.3,,2.9,,2.1,1.3,2,1.3,2,1.8,1.8,1,1.4,1,1.1,1,,1.7,1.4,1.4,,1,1,1.1,1.2,1.6,1.1,0.9,0.6,1.1,0.6,0.9,1.2,1.1,1.1,1.1,0.9,1.3,0.8,2.1,1.5,1.1,1.1,1.2,1,0.9,1,0.8,1.1,1,1.1,1,1.2,1.5,1.2,1.2,,1.3,1.4,,1.4,1.4,1.6,,0.9,1,0.7,1.1,,,3.2,2.4,3,0.8,,0.6,1.3,0.6,0.8,2.1,2,,2.1,2.2,,4.2,3.1,3,3.3,4.6,2.6,1.8,2.2,3.4,2.6,,0.5,0.5,0.5,,1.2,1.2,1.2,3.4,1.9,,0.3,0.8,0.6,0.6,0.6,0.7,0.8,1.7,1.4,1.4,1.6,1.9,1.9,0.7,1.1,1.4,0.6,0.8,1.3,1.5,1.7,1.4,1.4,,1.4,1,0.9,1,0.8,0.5,1.6,1.8,1.8,2.2,1,1.2,1.5,1.7,1.2,1.4,1.2,1.3,1,1.3,1.1,0.6,0.9,0.9,0.8,0.8,1.2,0.6,1.3,1.1,0.6,0.7,0.4,2.5,1.9,,3,3,2.2,1.8,2.6,2.3,3.1,,2.7,,1.7,1.6,1.7,2.3,2.7,2.1,,1.7,2,2.1,1.7,2.2,1.9,,1.5,1.5,1.4,1.7,1.8,1.3,1.2,1.5,1.3,1.2,1,1,1.1,1.3,1,,1.1,,,1.4,1.7,1.6,1.3,0.9,0.8,1,0.9,1,0.9,0.8,1.4,1.2,1,1.3,2.1,1.4,1.5,1.2,0.5,0.5,1.1,1.4,1.2,1.5,1.3,1,1.1,1,1.2,1,5.5,2.3,2.6,2.8,0.7,0.7,,0.5,0.9,,,0.9,1,1,1.1,0.9,0.8,1.3,1.1,1,1.1,1,1,0.9,1.2,,1.1,1.3,1.3,2.1,2,1.8,2.5,1.5,2.7,1.9,2.1,1.6,2.1,3.1,2.1,0.8,2,1.5,1.8,0.9,2.4,1.5,2.2,4.4,2.1,1.7,2.3,0.5,0.5,0.4,0.5,,0.3,0.9,1.2,0.6,0.7,0.8,0.7,0.8,1.3,2.5,3.2,1.2,1.8,2.5,1.9,2.1,2.1,1.6,1.1,1.1,1.8,1.7,2.2,1.5,1.7,1.6,1.6,1.8,2.2,1.4,1.9,1.8,1.5,1.4,1.2,1.4,1.7,1.8,0.9,1.1,1,0.5,0.4,0.6,0.7,0.7,,0.4,0.3,0.8,0.6,0.6,1,0.7,0.7,0.9,1.2,1.1,1.3,0.8,1,0.4,0.4,0.6,0.8,,1.1,0.4,0.5,,,3.4,2.9,0.9,1.4,1.3,1.4,1.3,1.6,1.5,1.6,1.4,,1.1,0.8,10.7,10.1,5.8,4.6,7.9,11.8,0.3,0.9,0.8,,0.4,4,,3.2,3.6,2.4,2.6,,2,2.4,1.6,2.1,1.9,1.3,,2.1,0.9,0.9,1.1,0.4,1,0.3,1.6,,0.8,0.7,0.3,0.3,,,0.7,0.1,1.1,0.4,0.7,0.5,0.3,0.5,0.5,0.5,0.6,0.6,1.1,1,1.1,1.4,0.4,0.2,0.6,,3.4,2.9,4,1.9,0.5,0.6,0.5,1.5,0.6,1.8,1.7,2,2.6,1.4,1.5,0.6,0.4,1,1.8,1.1,0.7,1.2,2.4,1.4,2.5,2.3,2.4,0.4,2.5,1,0.9,0.4,0.7,0.8,0.5,1.3,1,1.4,1.4,0.4,2.6,1.8,0.6,0.8,0.6,0.7,2,2.3,0.6,0.7,0.6,0.9,0.7,0.6,0.9,0.6,,0.6,0.5,0.5,0.7,0.7,1.2,1.2,2.1,1,1,,0.9,0.8,0.9,0.4,0.6,,0.4,0.7,0.7,0.6,0.6,0.5,0.6,0.9,,0.9,1.1,1.2,1.2,0.5,0.6,0.7,0.7,1.3,0.8,,0.6,0.6,0.7,0.8,0.7,0.7,0.5,0.9,0.5,0.4,0.6,0.7,0.7,0.7,0.4,0.7,0.8,,0.6,0.7,1.3,0.8,0.8,1.4,0.7,0.5,0.7,0.7,1.1,0.8,1.1,1.6,1.2,1.1,,0.7,0.7,0.7,0.9,1.1,0.3,0.4,0.8,,0.8,1.4,1.5,1.5,1.3,1.6,0.6,0.7,0.9,0.8,1.6,1.3,1.5,,2.1,0.7,1,0.8,1,0.7,1,0.9,0.9,1.1,2.8,3.2,2.3,,2.1,,2.1,2,,2.3,2,1.9,,1.8,1.5,1.7,1.3,1.8,2,1.8,1.7,2,1.7,1.5,1.5,1.4,1.5,1.2,1,1.1,0.7,0.7,1,0.9,1,1.2,1.3,1.4,1.7,2,1.4,1.1,1.2,1,1.1,0.7,1.2,1.3,1.3,,1.3,1.4,,0.1,0.8,1.3,1.3,1.2,1.5,1.4,1.2,1.2,1.1,0.8,1.4,1.7,1,1.3,1.7,1,1.1,0.9,1,1.1,1.5,2,1.7,1.8,1.6,1.2,1.3,1.6,1.3,1.7,0.8,,0.7,0.6,0.9,1.2,1.6,1.2,0.8,0.6,0.4,1.3,1.4,1.8,1.9,0.3,0.3,,1.4,1.2,1.5,1.2,1.2,1,1,1.2,0.8,1.2,0.9,0.8,1,1.1,1.1,1.2,1.4,1.2,1.4,0.8,1,1,1.1,1.1,0.9,0.9,1.2,1,0.5,0.9,0.8,1,0.9,0.8,0.9,0.9,0.7,0.8,0.5,0.4,0.7,0.9,0.8,1,0.5,0.4,0.7,0.3,,0.9,1,,0.9,0.9,0.9,1.3,1,1.2,0.8,0.8,0.9,0.6,,1,1.6,,1.1,0.8,1.1,0.7,0.8,0.9,1,0.7,,1,1.1,0.9,0.9,1.1,1.2,,1.2,1.2,1.3,0.8,,,,,1.4,1.4,1.2,1,1.2,1.5,1.1,,1.1,1.3,1.4,1,1,1.3,1.1,0.8,0.7,0.9,0.7,1.4,2,1.6,,0.5,0.5,1.5,1.2,0.6,,0.8,1,1,1,1.1,1.2,1.9,1.6,1.5,2.1,1.1,1.6,1.3,1.6,3.9,,0.4,,0.6,0.6,1.3,1.7,1.2,1.8,0.8,1.3,1,1,0.8,1.6,1,1.2,,,0.6,0.8,2,2.5,0.7,0.7,0.5,0.2,0.8,1.5,0.5,0.5,0.7,1,0.9,1.6,2.3,0.8,,2.6,3.4,1.4,,1,1.4,2.2,1.6,1.4,1.5,0.4,0.4,0.7,0.5,0.9,0.4,,0.6,0.3,3.2,4.3,3.8,5.6,0.8,4.3,1.2,0.6,1.5,2.1,1.7,1.9,0.8,,1.3,3.1,1.1,1.9,1.9,1.5,0.1,0.2,0.8,0.8,0.8,1.4,3.7,0.7,2.6,1.2,2.2,1.3,1.2,3.1,4.2,1.2,1.5,1.5,0.5,0.3,0.9,0.7,0.8,0.8,0.8,2.2,2.3,2,1.2,0.9,2.8,2.6,0.5,1.6,0.7,0.6,0.8,0.8,0.6,1,,0.9,0.8,0.9,1.7,0.7,0.5,2.2,1.4,1,0.7,1.8,0.8,2.3,1,1,0.4,1.8,2.1,2.2,2.8,1.2,1.2,1,1,0.7,3.4,,1.1,2.1,2.8,1.1,1.2,1,1,1,0.4,0.5,1.4,0.6,1.8,2.6,0.9,0.6,1.6,1.9,0.6,2.2,0.5,2.1,0.9,2.4,0.6,2,0.9,0.9,0.8,0.9,2.1,1.6,0.4,2.3,1.3,1.8,0.9,1.6,1.3,1.3,2.6
20171215,10,CO_24h,1.5,1.4,1.5,1.7,1.7,1.3,1.7,2,2,1.6,1.7,1.7,,,1.7,,1,1.5,1.4,,2,1.3,1.3,,1.5,1.5,,1.9,2.1,2.4,,1.7,1.5,1.4,1.9,2.5,1.8,2.3,2.2,2,2.2,2.5,2.7,,2.7,1.8,2.1,1.8,,2.3,2.2,2.4,2.7,2.7,2.2,0.9,,0.8,1.2,1.4,1.8,2.4,2,3.2,1.9,1.6,1.5,,1.3,1.3,1,1,1.7,1.7,1.6,2.2,2.2,2,2.2,3.1,,3.2,3.5,3,3.2,3,3,3.1,1,1,1,1.2,1.1,1,1,1.4,2.5,3,2.6,,2.5,2.7,2.9,2.6,2.4,,2.5,1.1,1.2,1.2,1.2,1.1,0.9,0.9,1.5,1.5,0.8,1.4,1.5,1.4,1,1,1.2,1.7,1.3,1.2,1.2,1.1,1.2,1.4,,0.5,1.4,0.9,1.4,1.4,1,1.5,1.8,0.4,0.9,0.8,0.5,0.8,0.9,0.8,0.5,0.6,0.4,0.4,0.7,0.2,0.7,0.7,0.9,0.7,0.2,0.5,0.7,0.9,0.9,0.6,0.7,0.6,0.3,0.8,0.7,0.6,0.8,0.8,0.6,1.1,,,,1.2,1.1,,1.1,0.9,0.9,,0.7,0.2,0.5,,0.7,1,1,0.8,1,0.8,1,0.9,1.1,,,,1,0.7,,0.2,0.3,0.5,0.9,0.6,,0.6,0.6,0.9,0.6,0.4,0.7,1,0.6,,0.7,,,1.4,1.3,1.2,0.9,0.7,0.7,1.1,1.1,1,0.9,0.7,0.7,0.6,1,0.8,0.9,0.8,,0.8,0.9,0.8,0.6,0.5,0.6,0.7,0.7,1.1,,,0.7,,0.8,0.6,,0.8,0.8,0.8,0.7,0.6,0.6,,0.8,0.7,0.6,0.6,0.7,0.8,0.8,0.9,0.7,0.6,1.1,0.6,0.8,0.7,0.7,0.8,0.6,0.6,0.6,,0.7,,0.6,0.4,0.3,0.4,,0.7,,0.7,0.9,0.8,0.9,0.8,,1.2,1.7,1.9,2.1,1.8,1.9,1.7,1.9,1.7,1.3,1,1.4,0.9,0.9,0.8,0.8,1,1.1,1.3,1.4,1.6,1.7,1.8,1.4,1.7,1.2,1.7,0.6,0.8,1,0.8,0.6,0.8,0.7,0.9,0.9,1,0.9,0.9,0.9,0.9,1,1,1,1,1.1,0.7,1.4,1.3,,0.8,1,1.1,0.8,1.1,1,1,0.9,,0.7,0.8,0.7,0.7,0.6,0.7,0.6,0.7,0.6,0.7,0.9,1,0.9,1.1,0.9,1.3,1,1.3,1.1,1.1,1.2,1,1.3,1.2,1,1.2,1.2,1.2,1,1.1,1.1,1.1,1.3,1.2,1.2,1.3,1,1.2,1.2,1,1.2,1.3,1.3,0.7,1,1.3,1.3,1.4,1.4,0.8,1.1,1.5,0.5,0.4,0.4,0.4,0.6,0.7,,1,0.8,1,1,0.9,0.7,0.8,,,0.8,0.9,0.7,0.9,0.8,,0.8,0.7,0.8,0.8,,,0.8,0.7,0.8,0.8,0.9,0.8,0.6,0.9,0.8,0.8,1,1.1,1.1,0.8,1.3,0.7,1.1,1,1.1,1.8,1.1,0.6,0.8,0.5,2,2.5,2.1,1.5,1.8,1.9,1.8,2,2.2,1.8,1.9,2.3,1.9,1.3,1.2,1.9,1,1.6,1.9,,1.6,1.7,0.6,,,,1.4,1.4,1.2,1.3,1.7,1.1,1.1,,1.5,0.8,0.8,0.8,0.9,0.9,0.8,0.7,0.7,0.9,0.9,0.7,0.6,0.9,1.5,0.7,0.9,0.8,0.9,0.8,0.6,1,1,0.8,1,0.8,1.5,2.3,2.8,1.7,1.1,0.8,1,1,2.4,2.5,1.7,2.3,2.2,1.8,2.1,0.5,0.6,0.4,0.6,,2.2,,1.4,1.2,1.4,1.6,2,,1.9,1.6,,1.3,2,1.6,2.1,3,3.1,2.5,3.2,3,3.6,1.2,,1,,0.8,1,1.2,0.8,1.1,1.4,,1.2,,1.6,,1.3,1,1.3,1.1,1.6,1.2,1.4,1,1,0.8,0.6,0.6,0.6,1.7,1.3,1.4,,1.1,1,1.1,1.1,1.5,1,0.7,0.7,0.8,0.6,0.8,1,0.8,0.9,0.8,0.7,1,0.8,1.5,1.3,0.9,0.8,1,0.8,0.8,0.8,0.6,1.1,0.9,1.1,1,1.1,1.3,1.2,1.2,,0.8,0.7,,0.9,0.9,1,,0.9,1,0.7,1,,,2.8,2,2.6,2.1,,1.5,2.7,2.4,2.2,1.8,1.8,,1.9,1.9,,3.5,1.7,2.4,2.9,3.1,2.1,1.3,2,3.3,2.2,,2.1,1.3,1.6,,5.1,3.2,5.4,4.6,4.1,2.9,1.7,1.8,1.6,1.1,1.3,1.1,2.6,3.1,4,4.5,2.8,2.4,2.5,1.4,2,1.6,1.4,1.6,1.5,1,2.7,1.7,1.4,,0.9,1.3,1.3,1.3,1.3,1.4,1.3,1.2,1.5,1.8,0.8,1.3,1.3,1.5,1,1.3,0.7,0.9,0.7,0.9,0.6,0.5,0.9,1.2,0.7,0.6,0.8,0.6,1.1,0.8,0.6,0.5,0.2,1.9,1.7,,1.9,1.9,1.9,1.6,2,1.9,2.1,,2.3,,1.6,1.5,1.4,2,2.1,1.5,,1.5,1.5,1.6,1.4,1.6,1.7,,1.3,1.4,1.1,1.5,1.6,1.1,1.3,1.4,1.3,1.3,0.9,0.8,1,1.1,0.9,,1,,,1.4,1.5,1.4,1.1,0.9,0.9,1,0.9,1,0.8,1.1,1.6,1.1,1.1,1.2,1.7,1.3,1.4,1.2,0.5,0.5,0.9,0.9,1,1.1,1,1,1.1,1,1.2,1,5,2.1,2.4,2.2,0.8,0.7,0.7,0.5,1,,,0.8,0.9,0.7,0.9,0.8,0.8,0.9,0.8,0.7,0.8,0.8,1,0.6,0.9,,0.9,1.1,1.1,1.8,1.9,1.5,1.8,1.9,2.5,1.8,2.2,1.8,2.1,3,2.5,1.4,2,1.7,2.2,1.4,2.1,1.7,2.1,1.8,1.6,1.4,1.6,0.5,0.5,0.3,0.6,,1,0.7,0.8,0.8,0.9,0.6,0.6,0.8,1.2,2.5,3,1.4,1.6,1.7,2,1.8,1.3,1.1,1,1.1,1.3,1.1,1.3,0.9,1.2,1.1,1.2,1.7,2.2,1.4,1,1,1,1.1,0.9,1.3,1.3,1.4,0.9,1,1,0.5,0.3,0.5,0.7,0.3,,0.2,0.2,0.8,0.6,0.6,0.8,0.9,0.6,0.8,1,1.2,1.2,0.6,0.7,0.4,0.4,0.5,0.6,,0.9,0.5,0.6,,,1.7,1.1,0.7,1.5,1.4,1.7,1.6,1.4,1.4,1.4,1.3,,0.6,0.5,2.9,2.7,2.2,1.9,2,2.6,1.8,1.7,2,2.8,1.7,3.5,,2.9,3.3,1.9,2.2,,1.7,1.7,2.5,2.8,2.6,2.1,,2.4,0.7,0.5,1.1,0.8,1.4,0.8,0.8,,0.6,0.6,0.5,0.8,,,0.9,0.5,0.8,0.4,0.6,0.5,0.3,1.3,1,1,1.1,1.3,4.2,5.2,3.4,5.7,1.7,1.3,1.5,1.2,2.7,2.1,3.2,2.4,1.1,1.4,1.7,2.4,1.5,3.2,3.2,1.6,1.8,0.9,1.1,1.2,0.6,0.9,1.2,1,0.7,1.5,2.5,1,1.4,1.2,3,0.2,1.2,0.7,0.6,0.7,0.6,0.8,0.3,1,0.9,0.9,1.1,0.4,1.9,1.1,0.6,0.9,0.9,0.9,1.7,1.4,1,0.7,0.5,0.7,0.6,0.5,0.6,0.5,,0.5,0.6,0.5,0.6,0.6,0.9,0.8,1.1,0.8,0.8,0.8,1,0.6,0.8,0.6,0.7,0.7,0.6,0.6,0.6,0.5,0.5,0.4,0.5,0.7,,0.7,0.9,1,1,0.6,0.6,0.6,0.6,1.1,0.9,,0.7,0.7,0.6,0.7,0.6,0.6,0.5,0.6,0.5,0.4,0.6,0.6,0.6,0.5,0.4,0.4,0.6,,0.5,0.4,0.6,0.6,0.6,1.1,0.7,0.3,0.6,0.6,0.7,0.5,1.2,1.3,1.2,1.1,1.1,0.6,0.4,0.5,0.6,0.7,0.3,0.4,0.7,0.6,0.7,1.5,1.6,1.6,1.3,1.7,0.6,0.6,0.8,0.7,1,1,1.2,1.2,1.2,0.6,0.7,0.6,0.7,0.4,1.1,1,0.8,1.4,2.2,2,1.6,,1.9,,1.9,1.9,,1.9,1.9,1.9,,1.8,1.4,1.3,1.4,1.6,1.8,1.5,1.6,1.7,1.7,1.4,1.4,1.2,1.2,1.3,1.1,1.2,0.6,0.7,0.9,0.8,0.9,1,1.2,1.4,1.4,2.1,1.6,1.3,1.4,1,1,0.6,1.4,1.3,1.3,,1.1,1.3,,0.5,1.1,1.2,1.4,1.2,1.3,1.3,1.2,1.2,0.9,0.7,1.2,1.4,0.9,1.1,1.4,1,1.1,1,0.9,1.1,1.4,1.9,1.6,1.6,1.4,1.1,1.2,1.4,1.1,1.5,0.8,,0.7,0.7,0.9,1.1,1.5,1,0.6,0.7,0.6,1.2,1.8,1.8,1.7,,0.2,0.3,1.3,0.9,1.4,0.9,1.1,0.9,1,1.2,0.7,1.1,0.8,0.7,1,1,1,1.1,1.3,1,1.2,0.9,1,1,0.8,1,1,1,1.2,0.9,0.7,0.9,1,1.1,0.7,0.7,0.8,0.7,0.7,0.7,0.4,0.4,0.7,0.8,0.8,0.9,0.5,0.4,0.5,0.2,0.8,0.8,0.9,,0.8,0.8,0.8,1,1,0.9,0.7,0.7,0.8,0.6,,0.8,1,,0.9,0.7,0.9,0.6,0.7,0.5,1.1,0.6,,0.7,0.8,1,0.9,1,1.2,,1.2,1.2,1.3,0.7,,,,,1.5,1.2,1.2,1,1.2,1.4,1.1,,1,0.9,0.9,1.1,0.9,1,0.9,0.8,0.5,0.6,0.8,1.4,0.9,0.9,,0.4,0.5,1,1.1,0.7,,0.7,0.9,0.8,1,0.8,1,1.1,1,2.1,2.5,0.8,1.1,1.7,1.1,2.1,,0.4,,0.3,0.3,1.1,1.4,1.2,1.4,1.3,1.5,1.4,1.2,0.8,1.1,0.8,1.1,,,0.7,1.3,1.9,2.3,0.6,0.9,0.3,0.2,0.6,0.7,0.8,0.6,0.9,1.1,0.9,1.1,1.2,0.7,,2.5,2.4,1.4,,1.2,1.6,1.8,0.9,0.8,0.9,0.3,0.3,0.5,0.5,0.9,0.4,,0.9,0.4,3.1,3.9,2.7,3.2,0.7,2.4,1,0.7,1.3,1.6,1.8,2,2.3,,3.2,3,2.7,2,1.9,1.6,0.5,0.4,0.6,1,0.9,1,2.6,0.6,1.7,1.2,1.7,1.7,1.4,2.4,3.1,1,2.4,2.1,0.3,0.3,0.6,0.5,0.8,0.6,0.7,1.2,1.1,1.7,0.8,0.8,2.6,1.4,1.4,1.2,2.9,2.2,0.7,0.8,0.7,1,0.7,1.7,0.6,0.8,2.2,1.9,1,2.8,2,1,0.7,1.3,0.6,1.3,0.9,1.1,0.3,1.1,1.3,0.9,1.5,1.2,1.4,0.8,0.8,0.9,2.9,,1.4,2,1.7,1.1,0.9,0.8,0.9,1.2,0.7,1.1,1.4,0.5,1.5,1.6,0.8,0.5,1.5,1.8,1,1.7,1.7,1.6,0.5,1.8,0.5,1.7,0.9,0.9,0.8,0.9,1.4,1.6,0.8,2,1,1.7,0.7,1.4,1.2,1.2,2
20171215,11,AQI,40,28,41,55,21,27,24,27,63,32,37,19,,,92,,57,45,72,,57,114,138,,84,139,,306,223,332,,202,251,179,61,65,62,57,59,69,74,75,79,,127,293,266,309,,170,233,219,178,156,188,30,,27,31,23,24,44,31,22,39,36,39,,48,208,209,232,224,248,259,228,243,254,240,367,,326,367,327,341,343,363,354,,25,19,36,26,22,48,29,34,52,50,,36,36,61,50,52,,43,155,160,173,175,142,148,155,188,201,,48,48,60,49,54,40,49,49,51,50,214,134,93,,144,138,160,182,217,198,310,122,32,30,34,26,38,33,37,21,29,39,43,36,50,40,53,65,67,64,39,43,54,32,39,58,54,40,46,28,40,42,29,35,128,,,,204,188,,153,243,218,,53,57,48,,49,50,50,42,54,42,50,40,56,,,,52,46,,53,79,53,63,55,,59,84,70,78,70,93,60,54,,59,,,127,165,43,55,14,57,43,48,75,59,63,64,30,88,68,83,60,,83,61,62,79,51,51,59,65,52,,,25,,38,49,,37,58,55,25,24,35,,72,98,44,31,32,39,40,57,45,49,42,23,63,50,40,53,43,45,20,,31,,42,41,15,32,,19,,14,22,39,21,15,,33,229,218,215,211,225,233,228,210,73,195,173,119,192,129,172,153,158,211,210,,214,,235,205,208,215,68,58,,60,83,79,63,63,87,104,59,68,70,72,62,68,64,55,64,55,54,39,,36,49,45,40,41,33,39,29,65,60,53,59,54,60,67,36,51,47,68,63,70,72,53,50,63,46,49,57,44,38,29,75,65,60,78,57,68,61,61,58,64,53,47,49,44,43,39,62,67,57,49,,51,24,24,32,22,25,15,32,35,46,42,50,51,48,64,,80,82,73,134,64,89,100,,,84,98,82,75,85,,89,87,94,103,,,92,29,48,36,30,45,37,54,54,48,42,87,72,38,49,62,46,52,58,110,54,44,,88,282,246,251,246,251,291,285,220,300,206,280,229,244,89,86,56,64,74,80,,84,91,53,,,,36,52,90,79,124,79,134,,84,64,69,67,70,74,54,48,55,49,53,67,38,57,67,26,61,43,44,30,29,61,51,39,40,55,33,40,57,36,78,48,62,68,38,38,38,68,31,48,42,36,37,44,21,,202,,137,105,114,153,,,200,170,,206,180,183,183,249,242,255,287,226,206,150,,175,,147,144,176,144,109,79,,234,,231,,231,149,185,158,202,195,213,117,140,97,135,130,144,203,178,,,20,22,16,42,29,40,33,33,72,40,48,77,89,90,94,79,92,63,90,89,67,42,43,51,35,52,51,25,52,36,87,84,68,,20,,89,85,,88,99,89,,53,49,28,27,,,203,183,219,27,,23,26,22,26,204,198,,199,206,,336,297,324,295,362,258,275,279,260,242,277,56,53,40,,64,53,72,65,65,57,64,55,51,59,69,48,51,80,90,65,69,74,162,44,45,56,38,48,82,103,77,85,98,,134,109,32,84,56,85,59,67,83,100,69,119,114,73,148,130,53,67,68,62,57,53,55,59,65,39,38,45,35,26,43,33,11,246,188,,224,199,162,201,321,324,315,,345,,162,139,142,219,228,257,224,208,201,208,218,213,215,,211,144,158,149,158,155,104,124,115,94,72,57,83,114,123,,82,,,70,99,89,79,59,13,19,20,22,26,20,19,19,19,46,43,25,38,22,36,42,130,133,162,139,59,58,63,62,70,82,153,75,126,97,79,85,77,85,102,,,103,147,111,133,144,88,99,118,83,92,99,52,34,36,,30,56,52,170,168,198,260,75,166,65,89,60,,84,75,80,108,135,138,140,199,120,124,347,234,222,260,53,43,49,42,,22,47,92,56,27,22,49,57,40,59,65,101,242,232,248,212,186,130,115,97,153,158,155,189,145,145,92,84,133,155,127,173,105,100,79,104,107,103,40,46,40,33,37,36,34,48,,39,40,37,48,36,52,49,65,60,80,45,72,79,80,38,38,40,56,,31,57,39,,,84,93,42,149,92,159,159,142,193,144,178,,83,62,378,,,267,344,,75,73,64,62,66,279,,267,292,208,183,,207,208,130,152,104,149,,176,51,71,37,38,30,25,125,,47,68,35,24,,,17,33,22,20,48,52,40,36,41,28,33,26,57,59,73,62,29,30,51,19,90,124,151,114,63,42,32,95,89,104,134,133,137,113,100,53,46,55,110,60,52,130,206,37,168,67,108,20,272,40,97,22,72,41,36,130,108,147,87,99,172,134,45,33,33,41,108,139,35,16,90,89,74,57,67,79,,88,63,64,60,74,113,138,150,57,63,63,54,49,55,16,14,12,26,42,27,20,48,48,35,135,,124,94,95,118,54,38,33,52,166,165,,33,29,50,59,46,18,20,53,26,20,32,,28,36,26,33,42,,46,47,40,48,28,38,40,20,35,12,54,29,13,54,49,40,40,28,34,20,27,24,15,20,18,19,16,19,20,32,30,26,20,25,36,25,33,40,33,15,35,33,33,18,26,21,41,48,41,51,224,228,201,,215,,221,241,,253,227,165,,159,199,216,212,207,203,189,120,140,189,107,185,183,,173,165,160,31,38,52,50,63,97,103,108,95,115,123,128,142,48,57,65,139,124,145,,80,92,,57,53,49,45,49,99,102,90,112,107,35,29,26,32,32,32,26,26,29,28,28,69,78,67,78,64,15,23,32,13,,35,,30,38,33,36,31,33,48,36,15,49,25,25,32,56,48,59,30,21,29,30,14,18,18,12,16,21,19,19,19,11,12,20,20,37,53,29,12,10,19,19,18,20,16,10,54,67,75,70,132,97,75,87,80,83,90,89,40,53,48,49,80,64,72,68,80,92,105,,70,115,103,104,98,98,78,45,42,50,,82,115,,58,75,,72,94,36,67,25,,31,20,18,32,32,46,28,33,43,29,25,,,,,23,37,17,13,19,19,19,,44,63,115,28,52,67,51,32,67,52,55,17,68,78,,42,33,77,67,40,,48,50,70,75,82,58,77,61,64,75,57,55,74,64,388,,31,,38,64,221,156,159,,19,40,30,32,104,129,125,122,,,55,63,113,144,51,36,48,65,33,58,44,55,62,64,60,138,189,87,,75,115,58,,82,109,208,188,122,64,55,65,55,38,44,41,,43,44,152,219,104,113,25,72,51,43,52,,93,79,87,,93,147,150,124,149,127,21,18,45,68,55,59,95,32,222,36,145,52,78,209,289,206,149,105,55,64,66,53,26,62,110,251,229,205,93,19,98,91,54,102,53,65,79,40,84,69,20,51,65,64,48,28,38,33,56,42,79,138,59,185,49,79,55,218,179,107,142,58,130,77,79,78,303,,58,232,203,29,73,66,90,42,25,16,201,43,213,133,17,16,72,218,77,120,56,186,54,223,38,188,13,14,15,25,141,97,23,120,82,120,102,64,94,92,349
20171215,11,PM2.5,28,9,9,11,8,7,10,18,45,9,7,8,,,68,,40,31,52,,40,86,105,,,106,,256,173,282,,152,201,135,24,47,28,21,32,29,48,55,58,,96,243,216,259,,129,183,169,134,119,141,21,,7,18,14,13,22,17,10,7,21,27,,33,158,159,182,174,198,209,178,193,204,190,317,,276,317,277,291,293,313,304,,7,1,21,12,8,15,20,23,36,31,,25,24,31,27,32,,19,118,122,131,132,108,113,118,141,151,,29,33,36,23,38,18,30,34,23,26,164,102,69,,110,105,122,137,167,148,260,92,19,19,16,17,25,23,23,14,20,27,26,25,35,28,37,47,48,46,9,30,38,22,27,41,28,26,32,19,25,28,20,21,97,,,,154,141,,117,193,168,,37,25,33,,32,35,26,25,38,26,32,28,39,,,,36,32,,37,58,37,45,36,,42,62,51,57,51,69,43,38,,27,,,96,125,30,36,7,40,30,33,55,42,33,46,19,65,48,61,39,,48,32,34,58,33,27,42,47,36,,,17,,26,30,,19,33,27,17,12,13,,52,73,26,17,22,27,28,40,31,34,29,16,45,35,28,37,30,31,6,,20,,17,16,2,13,,13,,4,15,27,12,8,,23,179,168,165,161,175,183,178,160,53,146,131,90,144,98,130,117,120,161,160,184,164,170,185,155,158,165,49,41,,43,61,58,45,45,64,78,42,49,51,52,44,49,46,39,46,39,32,27,,23,26,29,22,24,23,27,20,46,39,34,28,29,41,48,22,33,28,49,45,47,52,37,27,35,25,22,22,28,26,20,55,47,42,57,35,35,43,37,41,46,36,29,34,30,30,26,41,48,40,34,,28,16,14,22,15,17,8,22,24,18,15,23,18,15,31,,59,60,53,102,43,66,75,,,62,73,60,55,63,,66,64,70,77,,,68,7,33,25,17,31,25,38,38,33,25,54,29,26,29,41,32,36,41,83,29,18,,38,232,196,201,196,201,241,235,170,250,156,230,179,194,49,44,20,33,52,47,,62,55,14,,,,18,20,67,58,94,58,102,,35,46,50,48,51,54,38,33,27,33,37,48,23,33,48,9,43,5,22,12,15,12,22,13,26,11,23,28,27,20,57,33,44,49,26,26,26,45,19,33,29,12,12,11,8,,152,,104,79,86,117,,,150,129,,156,136,138,138,199,192,205,237,176,156,115,,132,,112,110,133,110,82,58,,184,,181,,181,114,139,120,152,146,163,88,107,72,103,99,110,153,134,,,14,15,9,29,20,28,17,16,52,18,33,56,66,67,70,58,68,34,67,66,45,26,27,35,24,19,24,17,22,12,64,62,49,,12,,66,63,,65,74,66,,35,34,19,12,,,153,138,169,5,,13,4,9,13,154,148,,149,156,,286,247,274,245,312,208,225,229,210,192,227,29,31,17,,44,32,42,47,47,39,46,30,27,42,50,23,28,59,50,45,50,54,123,14,29,9,17,11,60,77,56,63,73,,102,82,22,62,30,63,39,47,61,75,50,90,86,53,113,99,37,48,49,44,40,37,39,42,47,27,26,31,24,18,30,23,5,196,141,,174,149,123,151,271,274,265,,295,,123,106,108,169,178,207,174,158,151,158,168,163,165,,161,110,120,114,120,118,78,94,87,70,52,40,61,86,93,,60,,,51,74,66,58,42,9,13,14,15,18,12,8,12,13,32,30,16,26,15,17,23,99,101,123,106,42,41,45,44,51,60,117,55,56,72,58,63,56,63,76,,,77,112,78,101,110,65,74,89,54,68,74,36,17,13,,18,29,35,129,127,148,210,55,126,42,66,29,,35,55,39,66,103,105,107,149,91,94,201,184,172,210,26,16,24,29,,4,19,46,26,18,12,31,40,28,28,47,48,192,182,198,162,140,99,87,72,117,120,118,142,111,111,68,62,101,118,96,131,79,75,58,78,80,77,28,32,28,20,21,,16,33,,23,28,21,33,22,35,34,47,43,59,21,52,58,59,26,23,23,39,,18,40,27,,,62,69,25,114,68,121,121,108,145,110,134,,61,33,247,310,456,217,294,,30,43,36,30,28,229,,217,242,158,138,,157,158,99,116,78,114,,133,24,38,16,14,10,17,95,,22,49,14,10,,,6,23,5,14,33,36,28,17,26,19,21,15,40,42,53,44,18,21,35,13,61,94,108,86,27,29,17,71,66,78,102,101,104,85,75,37,27,34,83,30,36,99,156,19,127,45,81,10,222,18,37,15,52,28,20,99,81,112,63,74,130,102,31,18,23,14,81,106,23,11,67,66,54,,48,58,,65,45,46,43,54,85,105,115,40,45,45,38,34,39,8,9,8,18,2,12,14,33,25,24,103,,94,70,71,89,21,24,23,36,126,125,,12,20,35,42,32,11,8,11,12,4,19,,19,25,3,23,29,,32,27,27,24,19,26,15,14,24,3,38,20,5,38,34,23,28,19,10,14,13,9,10,14,12,13,11,13,14,22,21,18,14,17,25,16,23,28,23,3,24,23,23,12,18,13,25,31,24,34,174,178,151,,165,,171,191,,203,177,125,,121,149,166,162,157,153,142,91,107,142,,139,138,145,131,125,122,21,26,36,35,45,72,77,81,71,87,93,97,108,33,40,47,106,94,111,,59,68,,40,37,34,31,34,74,76,67,84,80,24,20,18,22,22,22,18,18,20,19,19,50,57,33,57,46,6,11,10,7,,24,,21,26,23,24,14,23,33,25,10,34,17,17,22,18,26,42,21,14,20,21,7,12,12,7,11,11,13,13,13,5,8,11,14,15,18,20,8,4,13,13,12,14,9,5,29,48,18,48,100,72,55,54,59,61,67,66,28,37,,34,59,46,52,49,59,68,79,,40,87,71,78,73,73,57,27,29,35,,60,87,,33,55,,46,70,25,48,10,,11,12,12,16,17,21,18,20,19,14,17,,,,,11,14,9,8,13,11,13,,15,38,87,19,29,48,28,7,24,27,39,8,22,41,,29,19,48,38,21,,22,13,45,55,45,26,56,28,34,36,29,27,54,35,332,,15,,20,39,171,119,121,,8,15,19,17,78,98,95,92,,,16,45,,110,21,19,25,47,21,41,26,28,38,40,35,105,142,50,,48,77,38,,60,82,158,141,91,38,32,24,21,17,16,19,,13,14,116,169,78,85,,52,30,16,36,,63,58,59,,69,112,115,94,114,96,8,10,31,49,39,36,,10,172,25,111,36,57,159,239,156,114,79,34,46,41,32,18,44,83,201,179,155,69,13,39,29,22,76,28,47,58,25,62,50,8,23,47,46,33,14,9,23,29,20,58,105,42,139,26,58,39,168,135,80,108,41,99,56,58,57,253,,41,182,153,18,53,,67,29,5,11,151,29,163,94,11,8,52,168,35,91,31,140,38,173,26,141,9,8,8,17,94,67,16,91,60,91,76,46,70,68,299
20171215,11,PM2.5_24h,82,54,70,64,68,67,70,80,85,60,69,76,,,89,,83,88,79,,81,81,84,,86,99,,144,156,200,,156,149,119,73,91,77,80,84,85,57,64,67,,77,163,155,182,,142,145,150,172,141,148,39,,34,44,51,60,74,72,79,57,85,87,,89,101,100,108,118,139,147,167,135,160,165,311,,269,357,276,321,302,280,323,62,42,34,61,50,50,62,62,107,141,120,,131,132,122,132,121,,144,50,55,49,52,37,42,41,75,58,23,65,76,91,80,76,55,89,90,86,86,102,82,58,,79,81,103,101,103,98,119,125,15,18,13,15,16,20,14,12,13,15,26,24,33,30,39,41,31,37,24,21,23,24,22,23,26,20,23,21,19,18,25,18,64,,,,127,118,,101,130,128,,38,25,34,,24,40,27,28,36,26,31,30,33,,,,31,36,,31,32,34,26,24,,29,54,38,38,39,45,31,27,,18,,,68,88,26,36,13,31,27,30,45,35,25,39,24,37,39,40,36,,58,37,28,32,25,26,36,37,34,,,20,,28,30,,25,28,29,17,11,12,,43,61,24,23,23,25,22,30,32,36,31,30,35,37,32,35,36,40,9,,18,,16,15,11,17,,23,,15,20,39,21,16,,18,137,151,172,155,180,158,179,147,42,81,78,63,76,56,77,85,65,136,142,164,150,137,154,137,136,157,37,36,,39,47,51,40,42,47,68,41,50,49,51,43,46,45,40,48,53,39,34,,26,35,33,21,35,24,37,26,39,38,34,28,27,47,53,21,34,30,67,52,74,62,54,27,32,35,34,39,30,28,23,61,54,46,53,48,45,52,40,46,49,42,40,62,46,42,38,44,51,54,45,43,42,16,21,20,13,25,13,18,31,12,13,14,12,12,34,,51,44,51,55,36,55,52,,,50,51,44,46,47,,80,79,79,84,,,74,21,24,23,25,27,31,33,25,23,21,27,18,22,22,27,31,32,36,55,20,18,,18,171,166,170,165,159,183,172,164,187,151,179,169,165,43,54,31,40,52,94,,97,85,72,,,,67,74,66,73,65,66,68,,22,44,51,52,50,53,29,24,22,30,30,39,19,31,49,31,30,38,35,33,42,39,45,29,43,41,108,126,87,108,36,32,35,35,105,104,72,115,92,70,78,14,15,15,13,,139,,100,107,115,124,130,,137,125,,132,146,158,143,185,250,127,146,173,175,88,,100,,73,50,62,56,27,42,,105,,104,,103,86,96,105,134,124,138,75,76,73,37,37,36,141,123,134,,19,21,13,32,30,27,20,21,32,22,31,68,69,76,81,61,81,59,67,65,49,25,27,31,23,18,32,19,27,15,83,84,68,,12,,39,40,,43,52,42,,58,51,33,12,,,141,133,148,77,,76,64,79,80,101,102,,106,109,,184,146,191,189,185,175,181,181,154,168,176,96,89,99,,162,102,188,144,159,109,82,145,104,63,95,33,140,79,129,135,87,65,97,75,93,87,77,79,86,49,93,94,76,,45,94,81,97,73,124,60,62,69,85,43,92,79,67,95,63,42,58,57,45,39,40,38,38,51,32,28,35,29,34,32,31,5,167,137,,132,130,119,134,168,171,167,,181,,100,91,90,146,140,137,158,138,130,118,130,140,149,,142,117,118,106,115,111,91,94,100,61,52,46,50,75,47,,58,,,50,72,56,59,53,14,18,17,19,15,13,8,16,14,31,26,18,28,17,12,10,86,79,93,85,46,42,45,40,50,48,58,39,46,41,48,51,43,49,94,,,96,92,66,82,93,59,65,71,63,65,66,23,17,13,,23,29,32,185,171,182,164,156,190,141,141,102,105,108,109,122,150,174,167,159,183,154,147,131,152,146,158,31,19,16,25,,75,54,36,53,26,11,25,49,32,50,53,45,140,124,160,149,69,60,93,70,71,63,58,71,61,64,42,44,66,72,42,62,31,29,30,45,38,36,23,23,24,12,17,,25,24,,20,19,19,41,32,37,34,35,31,35,24,38,41,38,18,18,27,34,,15,41,38,,,73,81,19,108,83,110,104,120,155,121,148,,30,21,123,112,111,97,108,125,157,143,162,30,157,215,,185,213,128,116,,131,119,184,168,160,139,,137,20,28,19,45,34,43,37,,19,31,21,33,,,26,24,23,16,31,40,35,72,60,63,58,61,150,194,148,182,143,120,121,116,154,105,151,119,102,108,72,84,76,102,118,93,77,45,46,75,34,40,59,35,43,85,130,25,44,46,90,11,60,28,41,33,31,38,20,51,56,45,42,44,76,76,23,22,27,26,60,64,49,15,59,50,45,43,41,38,,68,52,46,45,46,78,83,93,41,50,46,52,45,46,31,26,27,43,5,10,15,28,30,27,65,,61,62,67,78,29,32,23,34,95,97,,32,40,38,38,35,12,12,13,14,8,18,14,16,35,2,14,16,,21,19,18,21,20,24,16,10,12,9,13,15,16,32,31,26,29,25,21,25,23,18,19,24,21,23,23,18,22,25,26,21,25,22,25,28,29,30,26,29,28,26,25,21,23,14,21,23,22,30,128,118,113,,129,,121,159,,175,153,103,,103,136,156,153,146,137,129,87,95,133,146,109,111,92,132,133,127,30,38,50,45,52,45,75,78,68,118,121,127,140,31,41,43,122,112,124,,47,54,,41,39,38,34,45,60,62,52,83,79,32,35,32,41,33,28,23,28,31,29,27,64,62,52,44,50,15,23,18,16,17,33,,26,37,31,27,24,23,34,34,16,19,21,22,27,27,34,40,18,14,20,22,10,3,10,10,14,11,6,9,12,4,9,13,21,14,20,21,16,8,15,13,20,21,8,7,42,64,48,70,67,56,47,47,63,66,69,70,44,52,41,51,66,70,65,70,43,55,65,,32,84,73,77,81,80,55,57,47,60,,64,82,,32,64,,52,75,17,32,14,,25,16,19,28,34,31,52,34,41,22,23,,,,,14,22,15,17,11,10,18,,14,24,19,27,31,18,9,10,18,21,29,11,18,24,,22,19,20,15,39,,15,20,26,37,26,22,19,15,49,43,14,13,26,19,118,,7,,8,11,110,108,111,115,50,51,53,47,72,82,72,105,,,24,96,104,109,38,38,16,39,30,52,32,30,65,70,55,59,66,46,,47,60,40,,79,85,67,48,29,25,31,31,28,18,22,22,,26,31,126,157,71,63,9,56,38,25,40,71,75,68,122,,156,56,110,104,117,110,15,23,31,49,40,27,25,14,96,30,65,78,92,152,215,122,129,188,38,31,31,26,21,43,57,131,103,144,86,16,28,20,24,65,158,110,44,25,58,47,34,86,33,46,74,99,53,72,96,27,48,80,27,65,28,40,29,127,119,49,79,34,112,46,49,47,174,,84,156,127,24,37,102,79,37,30,39,137,21,153,82,16,11,83,118,89,50,77,128,22,143,27,125,31,45,31,33,49,77,52,70,48,93,81,50,68,67,189
20171215,11,PM10,,28,41,59,21,27,24,27,,32,37,14,,,,,,31,,,,,,,117,,,331,223,363,,182,239,145,72,70,74,64,67,88,98,82,75,,152,279,277,310,,166,238,237,182,216,203,,,27,31,,24,44,31,22,39,36,38,,35,197,203,219,219,248,,221,267,254,203,346,,346,341,323,377,323,339,378,,25,12,36,26,22,48,29,34,40,50,,26,36,71,50,53,,43,155,171,139,187,202,160,129,194,176,379,48,45,70,49,,40,49,38,51,50,,137,118,,,125,140,159,,,,146,32,30,30,26,38,28,25,17,27,27,43,36,50,32,42,,78,,39,38,,23,,,58,40,,26,40,42,26,35,130,,,,208,,,175,209,206,,44,64,45,,49,50,50,42,41,42,50,33,62,,,,54,38,,,,44,61,60,,,68,69,72,64,79,60,52,,68,,,110,,40,59,14,55,43,44,74,62,76,65,24,120,85,92,69,,116,72,73,70,52,51,68,57,52,,,22,,34,49,,37,66,60,23,21,35,,,,44,31,29,,30,46,,,,,,,,,,,9,,31,,42,41,4,32,,,,7,,,,,,,258,299,247,225,,268,277,228,84,193,145,138,183,184,177,159,202,,182,,171,,190,207,158,168,,,,,,,,,,,,,,,,,,,,41,58,37,,36,49,45,40,41,,35,26,79,69,56,67,57,70,76,36,51,47,74,70,90,83,48,50,76,46,49,64,44,37,24,68,74,69,94,63,86,72,72,60,69,55,47,47,44,39,39,74,71,51,41,,52,24,24,23,17,,14,22,,46,42,50,52,48,77,,81,93,77,125,77,114,90,,,87,103,65,94,105,,79,82,91,115,,,95,29,35,35,30,32,37,44,46,46,42,124,94,30,49,73,34,40,66,153,57,44,,125,273,241,314,260,266,276,288,230,385,183,276,238,262,128,121,61,77,98,109,,118,131,56,,,,36,54,113,70,115,64,,,117,,52,48,,,41,42,59,49,37,48,38,63,,26,71,43,44,30,29,72,51,39,40,59,33,28,63,36,85,46,58,73,26,,,85,31,,,36,37,44,16,,156,,125,84,136,140,,,176,181,,192,193,143,153,274,283,287,290,250,278,196,,222,,114,144,,139,104,103,,221,,234,,263,162,185,151,173,174,187,127,168,125,127,126,133,195,216,,,,15,,,,36,33,33,71,40,,61,67,74,,,,76,100,83,84,42,43,51,26,54,52,18,54,36,75,85,78,,20,,100,81,,94,85,112,,55,46,25,27,,,225,200,210,18,,23,26,14,26,195,187,,176,185,,359,300,298,257,343,311,,,278,216,,61,55,40,,77,56,94,64,76,64,54,60,52,64,,48,51,75,130,79,63,82,158,44,45,61,38,48,75,87,66,90,95,,144,88,29,70,61,,67,84,97,137,74,,114,64,127,129,40,,,,,,,,56,,,,,,,28,8,278,186,,260,210,204,184,,298,286,,,,151,137,123,218,222,270,219,169,201,202,,224,166,,,145,139,,,,98,118,93,72,54,48,67,,,,,,,,81,72,75,56,12,18,14,15,,20,19,19,14,,39,25,,15,36,42,135,141,149,169,46,45,57,47,,90,240,91,201,125,71,89,84,70,87,,,88,139,171,155,142,88,116,163,115,117,136,51,34,36,,30,62,53,181,188,237,290,87,179,79,82,69,,117,76,110,165,138,138,151,186,160,151,457,287,263,262,55,43,49,40,,16,47,133,61,27,22,49,41,33,67,70,71,208,226,274,284,180,144,126,90,138,186,174,170,189,138,76,72,139,158,165,174,133,126,95,120,102,102,39,39,34,33,37,36,34,40,,39,32,37,35,36,54,40,51,,,45,,65,74,33,38,40,61,,31,44,34,,,92,74,39,149,122,141,142,198,192,203,205,,99,73,482,373,501,218,331,,100,95,78,74,81,288,,279,316,228,221,,213,246,147,131,150,126,,,52,92,37,38,30,24,116,,47,79,35,20,,,17,,22,14,33,40,36,36,41,19,33,26,49,59,74,68,29,26,51,13,129,186,251,168,75,35,32,82,73,120,165,127,132,124,91,54,46,59,129,70,47,107,182,37,194,83,158,20,352,40,143,21,55,41,36,,,,124,94,173,149,40,33,,41,101,124,35,16,86,,63,64,65,59,,,55,59,60,54,93,,119,43,,53,49,45,,16,14,11,24,42,27,15,33,48,,,,129,80,87,,57,38,32,44,169,127,,33,25,41,52,,18,,56,26,6,32,,,36,,31,36,,39,47,40,48,27,29,40,19,,12,,23,,57,,40,29,,34,18,27,24,,,,,,,15,,21,,18,,,25,23,32,26,3,,23,,12,26,21,41,48,41,52,220,260,248,,193,,248,206,,211,211,211,,144,188,203,197,190,,142,137,177,,164,165,,,136,143,152,31,29,44,42,51,94,97,,98,,,105,,,,70,,,,,60,71,,,,46,31,34,82,,70,86,95,,22,24,,,,20,24,24,23,23,83,104,83,61,53,,23,32,8,,26,,25,26,29,36,31,32,41,30,15,,22,25,,62,48,48,24,21,21,,7,,,7,12,21,,19,16,11,9,20,15,37,55,,12,5,18,15,13,17,16,9,57,61,100,89,145,,75,124,92,77,108,,37,46,48,37,59,59,57,56,79,101,121,,90,128,156,138,129,99,67,45,,,,84,134,,65,90,,93,104,31,61,25,,31,20,15,32,32,46,28,33,43,29,19,,,,,23,37,16,12,17,19,18,,24,75,129,24,53,,51,32,84,54,43,17,86,106,,37,33,104,84,40,,48,50,89,78,114,66,100,72,77,100,63,59,76,78,490,,31,,38,77,198,124,133,,19,40,30,32,85,154,120,110,,,59,71,175,202,51,36,48,52,33,54,44,59,73,78,69,167,268,123,,100,179,66,,105,109,206,268,194,77,59,80,59,38,44,41,,43,44,185,212,103,139,11,58,52,43,44,,136,103,124,,80,242,150,139,150,130,21,,,49,47,67,139,32,219,32,115,45,,228,310,216,155,117,60,,81,56,22,74,105,219,263,245,85,15,146,131,58,132,55,49,93,40,74,69,,52,77,55,43,28,38,27,62,42,,110,68,159,49,82,46,184,,132,148,57,,91,83,98,302,,,212,237,29,83,81,83,36,17,,183,43,219,216,17,16,,208,104,163,62,191,48,217,,174,12,12,15,22,232,144,20,107,94,138,95,,,,307
20171215,11,PM10_24h,81,70,90,85,83,82,58,88,98,78,92,49,,,118,,84,56,94,,82,76,103,,83,74,,186,209,249,,178,186,152,113,123,120,124,131,128,86,96,104,,129,193,200,236,,174,181,188,221,203,190,81,,85,92,106,139,137,106,168,114,124,130,,119,125,132,130,153,161,160,193,189,201,184,374,,330,392,321,408,332,334,412,125,91,75,126,83,96,104,89,162,188,172,,174,209,202,186,170,,190,80,78,58,80,78,71,50,121,80,92,90,91,121,91,84,91,104,95,105,107,95,110,78,,89,110,134,144,114,103,105,134,37,32,28,24,29,31,27,24,27,31,42,39,47,37,43,45,54,38,47,38,35,33,31,35,53,51,37,25,34,31,33,27,81,,,,147,97,,151,150,151,,40,49,40,,43,62,52,54,41,43,51,43,48,,,,46,47,,47,38,46,36,39,,33,60,47,47,51,56,45,38,,45,,,81,89,37,59,22,46,39,44,69,58,60,62,33,69,64,64,63,,83,74,57,37,48,52,52,48,57,,,37,,46,47,,41,44,43,23,25,29,,44,,33,30,32,28,25,39,27,33,26,,24,33,28,28,20,33,15,,30,,34,27,16,36,,24,,15,26,20,18,15,,23,192,207,204,187,,185,238,188,84,144,111,129,123,122,134,144,133,146,159,168,168,157,172,176,151,181,29,,,43,,56,43,49,36,,,,,,,47,,,,41,59,50,,42,49,44,30,46,26,41,24,66,62,60,60,54,84,84,39,61,47,92,76,92,85,66,50,61,46,57,74,48,39,33,63,74,71,76,73,74,67,72,48,57,50,50,75,54,46,56,63,65,54,44,63,52,22,26,31,17,41,25,21,36,32,32,36,31,35,61,,68,61,69,73,64,86,77,,,66,72,59,72,80,,105,108,111,130,,,106,50,32,41,44,33,52,49,36,36,45,65,42,37,67,56,76,71,64,100,46,41,,72,201,188,240,222,214,216,206,223,280,176,214,221,216,117,114,99,108,108,144,,148,156,121,,,,112,132,98,86,82,81,74,,50,33,55,40,28,31,45,47,54,48,40,51,41,65,66,77,81,100,71,84,96,102,93,74,80,90,145,161,152,141,57,43,47,52,144,153,107,180,146,132,113,27,30,33,22,,146,,126,127,149,133,172,,171,165,,171,207,188,162,224,231,166,180,228,229,158,,167,,102,83,78,86,41,85,,134,,145,,156,117,125,134,154,144,165,112,109,100,58,57,54,195,201,187,,20,21,17,48,84,42,36,38,51,50,70,64,58,66,58,72,52,101,92,74,80,37,39,55,43,55,56,24,32,24,87,89,79,,20,,67,66,,76,76,74,,55,52,39,36,,,190,175,190,120,,123,97,112,122,125,129,,123,151,,233,181,230,214,221,240,133,124,216,185,163,165,159,147,,216,167,280,198,242,155,99,163,143,96,138,78,211,110,304,193,152,108,161,116,107,115,92,89,98,54,107,107,95,,58,116,93,110,116,147,91,95,95,136,61,93,98,78,106,94,42,53,54,43,45,44,46,48,61,,32,,,,35,28,8,189,160,,167,174,188,156,200,204,201,,191,,123,123,119,183,171,165,216,158,160,143,142,157,154,,149,143,142,106,,,123,126,110,63,61,56,64,80,57,,70,,,62,80,71,76,75,14,21,15,17,,18,21,16,14,32,32,26,27,20,29,26,113,103,113,118,50,48,58,42,48,66,141,76,116,93,76,72,62,65,126,,,113,122,134,118,129,79,94,113,96,90,100,34,29,26,,29,56,46,231,212,223,210,210,219,164,160,113,132,141,151,193,199,210,204,213,220,223,211,244,230,229,197,72,56,78,54,,113,82,102,98,39,25,45,61,48,96,85,104,128,142,204,191,108,102,142,99,103,113,89,98,110,85,56,56,101,107,91,95,53,59,51,71,66,61,50,51,41,26,37,31,36,39,,31,30,38,43,47,54,46,49,40,36,34,50,54,54,33,30,43,58,,51,49,46,,,100,104,43,146,122,146,165,166,177,167,189,,54,57,174,138,137,118,120,127,141,236,234,74,245,270,,251,261,171,176,,171,188,231,183,214,147,,134,44,52,41,64,64,58,67,,37,59,51,60,,,40,27,50,29,56,55,50,105,95,54,99,98,236,262,206,278,172,200,180,157,173,147,240,195,152,134,109,97,85,170,198,134,112,86,64,78,64,55,64,53,56,111,166,38,66,92,172,25,100,46,52,33,48,55,25,67,54,51,66,58,109,136,32,39,42,47,90,89,58,18,70,53,47,54,46,41,,85,61,58,51,56,92,89,101,49,55,56,64,60,47,34,31,15,43,36,23,23,29,43,36,,,80,86,87,85,45,43,34,41,118,119,,47,48,45,54,40,25,17,26,23,11,23,20,25,23,10,19,20,,26,26,27,35,28,30,26,15,18,18,19,18,16,44,46,36,37,29,42,33,38,35,21,32,25,32,30,19,17,31,28,27,27,28,31,33,35,35,32,35,33,28,28,19,32,21,34,33,37,38,159,163,154,,155,,160,170,,187,171,147,,113,173,180,185,180,,139,120,155,143,126,132,122,125,174,178,174,46,45,59,53,61,64,81,85,83,133,134,104,,43,47,68,,,,,60,55,,45,37,43,41,45,73,60,59,106,98,17,24,29,48,27,34,29,18,36,28,28,120,106,90,72,70,22,37,45,21,27,36,,25,39,44,50,55,37,44,72,22,34,36,34,32,40,53,77,27,20,27,30,12,16,14,13,14,18,9,14,16,9,14,20,24,30,33,24,25,11,30,21,22,24,13,8,75,69,82,95,97,67,66,95,101,88,97,91,64,69,75,63,81,106,88,98,72,92,95,,81,115,110,99,117,101,71,86,67,81,,88,118,,78,108,,117,122,33,62,39,,44,22,27,43,49,54,74,52,48,53,28,,,,,42,35,24,24,24,19,26,,19,49,43,53,56,64,29,22,31,42,40,27,38,47,,27,39,35,32,66,,45,48,55,58,58,55,117,35,100,110,25,26,68,52,234,,27,,22,31,125,124,130,123,71,75,82,76,80,97,82,131,,,78,131,168,183,79,90,56,54,81,96,65,68,103,90,89,116,147,71,,98,127,89,,128,117,116,123,106,67,60,87,66,47,53,47,,67,60,203,211,104,95,14,54,56,49,54,148,156,130,285,,221,185,154,144,155,137,27,49,45,51,48,55,85,32,129,37,90,78,93,210,267,169,179,227,47,40,56,54,34,51,70,141,165,210,114,19,78,66,83,113,243,150,73,45,71,65,47,126,52,56,80,118,103,123,140,49,59,90,42,77,46,60,35,144,143,66,105,48,,71,71,74,204,,90,174,161,30,72,118,102,46,51,62,174,33,170,138,27,14,91,152,160,81,112,161,31,175,46,164,41,34,47,41,145,132,69,103,71,138,112,57,78,77,220
20171215,11,SO2,3,6,5,4,6,3,3,7,2,8,3,2,,,8,,13,7,11,,8,11,12,,15,28,,16,15,25,,28,16,41,23,27,28,37,33,26,36,31,40,,63,10,20,25,,34,50,32,33,33,43,,,14,13,11,12,12,15,12,11,9,6,,6,29,37,32,11,14,15,31,33,28,27,111,,92,,202,108,125,72,136,15,18,17,13,16,30,23,15,15,17,27,,22,24,31,30,30,,17,48,42,42,42,34,20,31,58,44,44,41,37,18,53,62,28,11,59,4,4,63,60,25,,154,65,128,99,55,33,47,79,8,7,9,9,9,8,8,7,6,10,12,11,8,7,4,10,10,5,14,8,7,5,12,7,7,15,9,12,9,9,13,15,38,,,,17,6,,12,21,13,,5,5,7,,14,9,5,9,6,7,,8,8,,,,10,12,,2,4,4,5,4,,6,10,9,14,14,6,12,12,,11,,,10,12,14,13,6,12,12,10,12,11,5,15,9,23,17,15,14,,22,17,15,14,10,10,14,5,12,,,6,,5,10,,8,14,12,5,8,10,,20,16,6,5,7,6,4,6,4,3,4,4,7,6,7,3,1,1,5,,9,,8,8,2,4,,4,,3,5,8,7,4,,7,9,14,20,17,15,13,23,23,17,10,22,16,24,17,20,13,19,27,25,19,28,15,15,31,30,,4,2,,5,4,2,1,3,,4,5,5,4,3,5,6,4,2,5,6,12,12,,6,6,11,7,13,15,11,11,8,6,7,7,10,10,8,5,10,7,11,18,15,25,17,10,19,8,9,13,31,20,17,26,28,31,35,28,21,15,12,24,38,24,17,16,10,11,10,12,16,11,13,,16,10,20,16,8,14,,9,10,4,6,4,4,6,6,,14,16,20,8,18,10,12,,,20,12,15,10,18,,10,8,6,11,,,15,10,15,18,12,16,48,39,33,14,38,25,12,8,13,18,14,15,7,12,7,2,,6,33,40,36,30,34,29,34,40,39,41,25,22,34,54,41,20,39,39,31,,41,32,36,,,,31,59,,14,8,13,23,,10,7,8,9,8,3,13,5,9,8,4,13,7,6,,11,17,11,15,10,11,18,21,14,14,19,15,16,7,8,43,20,30,40,30,48,,115,19,15,26,11,9,10,4,,44,,27,21,,14,16,,20,,,11,15,22,18,23,45,21,49,23,,63,,31,,23,15,43,15,17,25,,28,,28,,32,32,,27,,20,38,12,10,7,18,12,12,23,28,23,,10,9,8,11,8,12,10,10,19,11,18,24,14,24,29,20,40,12,35,52,23,9,,8,11,8,,3,16,13,17,17,17,,7,,29,27,,,38,35,,10,6,6,13,,,23,15,22,13,,24,18,17,17,22,37,,32,60,,226,125,142,134,207,217,241,163,202,227,235,15,11,11,,33,24,23,44,151,35,32,18,20,24,17,19,15,32,33,28,57,48,50,45,39,29,82,75,15,34,26,30,25,,37,22,8,52,13,31,45,52,53,58,38,14,53,25,42,46,9,11,12,9,13,13,11,8,30,6,10,13,8,12,14,,6,29,28,,36,31,18,25,20,19,14,,10,,20,15,21,11,9,6,,25,26,18,22,30,23,,19,11,9,11,10,12,8,23,11,,5,7,3,3,6,,4,,,4,6,7,6,5,4,11,10,10,6,6,6,9,3,3,58,9,22,7,1,3,29,37,38,23,16,16,14,14,17,15,121,29,62,46,6,3,,8,44,,,20,14,20,14,17,2,2,12,7,3,9,38,8,12,,17,18,9,21,30,27,23,20,74,28,38,22,,52,29,9,,23,14,12,34,13,22,36,35,37,,6,4,7,8,,14,83,131,39,2,8,9,7,6,4,9,7,30,25,11,21,19,33,13,11,31,24,39,11,17,19,16,18,9,10,10,10,12,14,10,9,20,9,12,15,15,4,3,15,12,25,,3,5,8,5,6,3,2,4,10,10,13,8,6,6,8,9,11,13,,12,5,2,,,39,38,17,16,11,4,8,15,12,30,13,,29,22,20,141,16,30,83,150,90,49,84,,73,239,,251,270,61,51,,51,31,35,32,42,31,,69,13,16,5,34,18,9,7,,10,24,7,22,,,11,,36,46,9,10,8,27,18,11,14,10,37,37,30,31,22,24,24,18,322,64,103,292,112,22,18,7,11,24,20,73,115,21,14,21,19,73,37,119,10,52,36,10,57,27,68,16,26,23,36,11,14,13,15,25,27,20,18,16,23,,10,12,9,8,41,43,38,7,10,21,63,10,14,4,,24,4,8,23,26,7,10,14,7,23,9,6,5,5,21,6,,10,5,7,4,15,,19,4,,17,26,12,26,8,12,3,7,13,15,,26,27,16,28,13,2,4,11,6,3,13,,15,24,2,40,30,,13,12,10,8,6,11,8,4,6,5,29,6,5,36,13,16,12,23,13,4,9,12,,15,14,17,19,2,1,10,12,1,9,10,18,15,19,14,22,2,22,8,6,7,7,4,18,23,27,20,3,4,6,,17,,9,9,,15,9,10,,9,12,13,11,15,12,9,7,11,9,8,11,11,5,15,11,10,9,5,5,6,4,13,27,17,39,12,14,12,8,4,3,4,11,20,15,,8,5,,2,3,2,3,2,5,7,6,6,2,8,15,16,9,10,7,10,15,13,8,13,4,4,6,7,1,11,9,9,17,6,3,,5,5,,4,1,4,6,1,3,5,8,3,7,5,6,3,3,8,5,7,5,6,6,9,17,13,4,6,8,5,4,,10,14,33,1,3,4,5,15,8,6,,6,15,20,16,10,,12,14,11,7,12,14,31,11,7,24,2,3,6,7,3,21,23,22,,20,20,14,15,14,13,18,1,4,6,,5,14,,7,11,,8,2,6,17,8,,21,12,8,12,14,24,9,25,69,38,16,,,,,2,,10,11,20,2,9,,130,25,12,19,45,,12,8,8,9,10,13,24,22,,5,9,,6,8,,3,,20,19,17,12,21,22,6,8,3,6,14,12,6,,11,,5,4,26,19,18,25,17,32,27,23,9,31,32,11,,,8,13,106,45,10,10,15,16,17,25,21,8,19,27,24,148,149,5,,30,32,19,,30,17,11,84,139,21,21,20,26,7,16,10,,16,13,19,51,18,14,7,12,6,7,16,,11,3,3,,8,18,7,59,56,39,4,6,5,6,7,11,57,4,88,13,20,7,8,33,270,62,77,29,2,11,17,12,8,21,4,22,33,8,12,10,37,29,9,52,33,16,16,4,5,6,6,5,16,5,8,19,46,69,40,9,20,14,8,18,,12,7,8,36,31,41,11,16,12,16,16,162,,7,8,39,8,27,13,16,8,23,8,26,7,23,,4,4,14,13,36,20,18,,8,47,10,18,16,42,30,58,17,30,17,41,9,16,11,3,4,7,11
20171215,11,SO2_24h,13,13,17,12,16,19,15,19,11,17,17,12,,,16,,22,25,19,,20,16,18,,14,9,,18,18,28,,22,21,22,29,31,36,38,41,30,29,50,40,,37,9,19,39,,24,37,32,30,28,28,23,,26,22,22,35,39,39,53,40,19,18,,21,32,37,36,8,14,15,22,26,18,20,121,,72,182,256,161,265,62,162,26,33,34,33,27,22,28,22,74,84,93,,89,113,90,93,114,,103,34,43,26,30,22,17,13,34,27,28,102,145,53,61,65,24,28,52,26,32,56,51,24,,134,114,99,101,103,20,56,61,9,7,9,9,9,8,8,7,7,9,13,10,7,6,4,9,8,4,13,9,6,7,13,8,6,16,10,15,11,10,19,16,27,,,,23,6,,11,20,9,,6,6,7,,15,10,6,10,7,8,10,11,10,,,,14,17,,2,3,4,6,5,,6,8,6,14,10,6,7,9,,9,,,6,6,13,10,6,7,9,9,9,7,5,13,8,14,14,12,12,,9,12,9,9,9,9,8,7,13,,,8,,10,13,,18,6,6,5,8,10,,16,14,5,5,6,5,3,5,4,3,4,4,7,3,8,3,2,1,5,,4,,8,8,2,4,,3,,2,4,8,5,4,,5,19,18,24,28,22,26,32,31,24,17,24,22,23,11,24,19,25,20,17,17,16,11,12,19,20,15,4,3,,5,4,2,1,5,3,4,4,4,4,3,5,6,3,2,4,7,11,10,,6,5,8,5,11,13,9,10,8,5,7,7,11,8,9,6,8,9,11,12,10,19,15,9,14,7,7,11,27,19,18,17,15,17,15,20,17,12,8,8,18,19,16,15,11,10,9,10,11,9,12,15,14,10,14,13,10,12,10,9,10,4,6,5,4,6,8,,15,13,15,12,15,15,13,,,16,14,14,9,17,,10,7,3,10,,,9,11,9,12,18,9,28,26,16,10,18,17,13,13,13,13,26,26,7,10,7,3,,5,32,32,35,34,33,34,25,38,21,32,29,25,31,38,32,34,32,36,32,,33,31,30,,,,49,44,3,10,13,8,10,,11,6,8,9,9,8,12,6,7,7,3,12,7,7,6,17,18,21,17,17,17,24,25,19,20,21,61,85,28,47,38,34,21,49,96,86,49,141,113,111,98,7,8,10,7,,32,,16,16,22,12,12,,13,13,,12,31,33,32,32,42,34,54,29,53,25,,11,,27,21,31,25,25,33,,16,,12,,16,23,28,24,24,17,30,12,9,6,14,11,12,22,27,19,,9,8,7,10,7,8,9,8,12,10,20,13,9,13,14,12,17,13,23,33,26,7,5,8,11,8,9,2,6,5,15,16,16,,7,,24,21,,23,23,21,,11,8,8,9,,,9,8,9,47,,68,47,68,77,10,16,,19,26,,105,85,93,87,106,136,144,117,90,138,128,92,25,76,,100,84,115,110,109,97,42,59,44,33,37,25,95,83,106,130,109,71,43,113,70,81,139,116,35,25,55,40,28,,22,43,72,58,26,37,25,37,31,23,22,20,32,25,41,30,7,7,9,6,16,15,14,12,24,5,10,11,12,9,10,3,5,20,12,,19,13,11,11,13,18,11,,11,,16,11,15,14,9,6,11,17,17,11,15,17,19,,17,13,11,11,13,14,6,11,9,8,3,7,2,4,6,,2,,,3,7,6,6,4,4,11,15,11,6,6,11,10,3,19,51,12,24,9,2,3,4,10,13,8,17,14,13,12,16,15,69,31,32,24,11,6,14,10,27,,,18,5,9,6,5,3,9,12,8,7,10,22,8,6,,13,20,10,18,28,25,23,26,40,29,34,15,16,76,59,16,17,23,19,20,36,22,25,24,26,23,15,6,4,5,13,,34,36,51,51,2,7,8,5,6,17,15,9,26,20,13,19,24,27,19,15,27,26,36,11,20,19,16,15,12,9,14,15,10,14,14,8,22,16,13,16,17,5,3,15,13,24,,3,5,8,6,6,13,5,5,11,10,16,5,7,7,9,10,8,10,,9,4,2,,,30,20,25,14,9,4,8,11,9,10,7,,12,9,35,45,23,27,23,23,113,84,118,,104,211,,243,223,55,39,,72,53,81,70,54,60,,87,7,17,6,43,42,25,8,,10,32,17,29,,,24,12,58,39,12,11,10,67,59,60,70,56,91,111,78,103,57,50,54,55,265,107,241,214,52,56,70,52,40,85,84,85,69,20,15,21,24,33,33,33,12,33,41,10,19,17,30,8,19,27,24,14,12,10,7,14,16,14,19,20,13,35,8,29,32,33,63,73,51,8,7,18,22,17,15,5,,21,6,7,23,17,9,10,18,11,21,6,20,6,7,18,6,19,6,6,7,3,22,2,12,4,,10,19,8,16,9,17,3,9,14,15,,20,16,21,26,19,1,4,6,6,2,11,9,12,20,2,9,12,,11,10,8,7,6,9,8,4,4,5,10,5,6,23,10,14,17,27,19,6,11,11,7,26,24,28,40,4,4,10,7,2,10,7,17,12,13,10,16,13,17,6,7,7,7,5,11,17,21,12,6,10,11,,19,,8,12,,17,11,13,,15,7,10,6,10,7,6,6,7,6,11,12,14,7,8,8,8,7,5,6,8,5,9,15,20,8,12,12,11,6,4,3,4,10,17,9,,7,7,,9,1,2,4,2,4,6,2,8,4,7,15,14,8,9,7,8,13,9,12,19,5,4,1,11,1,13,8,8,16,5,5,,6,5,4,4,2,2,4,2,4,3,11,4,4,9,5,4,3,7,5,8,5,6,6,12,12,12,1,6,8,4,3,6,9,19,22,2,3,4,5,10,8,6,5,6,15,21,17,12,10,9,11,8,10,12,12,12,5,5,8,3,4,4,6,3,20,19,15,,16,20,11,12,12,22,18,4,10,12,,5,7,,7,6,,6,8,9,16,9,,19,11,9,10,13,16,7,26,38,31,17,,,,,2,10,10,10,6,2,6,,43,12,9,21,50,,12,8,8,5,11,20,21,12,,9,8,7,5,8,,5,9,17,15,10,11,18,10,7,8,3,5,16,9,5,,8,,5,4,10,12,9,17,21,37,33,26,10,23,21,19,,,36,11,51,29,16,16,15,13,21,28,13,12,20,42,18,59,51,6,,36,37,14,,46,20,12,38,62,22,16,15,19,10,18,8,,15,12,21,26,16,12,5,14,9,10,12,17,19,4,20,,30,29,45,42,50,38,5,21,13,10,13,11,38,4,18,12,17,10,18,35,251,56,121,49,5,8,10,12,10,25,7,15,15,9,9,8,23,24,56,23,92,87,12,7,4,5,7,18,5,5,28,67,71,102,30,8,19,8,8,13,13,14,5,10,68,17,25,12,16,13,16,16,134,,16,11,19,6,26,12,13,6,35,21,25,8,15,23,2,4,23,16,35,19,49,26,6,40,12,10,19,39,33,49,10,33,25,31,11,22,6,3,6,4,7
20171215,11,NO2,15,13,17,21,15,19,11,17,21,12,12,10,,,46,,41,44,39,,38,61,44,,64,33,,82,69,64,,61,72,57,47,46,41,32,42,38,53,51,50,,70,58,54,53,,78,77,74,71,82,83,8,,12,15,16,12,,7,11,8,19,20,,21,53,54,56,45,45,43,51,52,53,51,77,,73,,83,74,79,76,84,10,22,24,2,25,33,23,18,9,24,26,,12,16,27,28,31,,10,63,52,66,67,60,68,42,61,55,61,30,,45,25,31,,10,32,11,10,44,47,29,,54,57,64,58,58,36,46,48,51,54,68,51,62,53,74,30,52,49,52,37,61,60,53,47,47,54,53,52,57,49,41,70,39,68,65,26,30,33,37,29,57,,,,58,49,,55,59,62,,42,31,32,,52,58,,52,57,51,,44,58,,,,54,35,,32,39,44,31,32,,44,46,46,52,56,46,38,49,,47,,,48,54,58,77,24,62,57,60,74,61,47,64,59,60,61,59,55,,59,,52,66,60,67,66,61,49,,,37,,53,56,,38,,53,20,12,27,,39,45,42,44,35,27,31,39,,34,27,16,30,32,55,46,41,22,39,,,,58,43,7,27,,28,,27,30,40,42,30,,18,61,55,59,62,53,64,61,62,34,65,62,70,64,106,75,51,64,52,54,55,44,56,56,45,58,38,27,27,,37,29,47,32,27,27,22,27,29,31,29,37,37,38,37,28,32,55,40,,,34,46,35,39,24,41,22,60,42,41,43,19,22,43,7,17,25,28,59,56,68,63,40,37,42,36,48,44,39,30,57,46,52,64,54,51,44,45,35,41,36,44,42,19,20,22,31,29,36,29,,33,29,31,37,26,19,29,40,33,6,5,10,9,7,24,,41,46,37,50,49,47,36,,,42,44,46,32,42,,46,60,64,55,,,66,20,27,35,33,15,31,28,33,33,35,60,48,8,38,57,36,32,29,93,43,14,,56,79,88,79,79,35,66,79,62,77,67,66,70,75,66,69,15,38,59,43,,68,37,13,,,,25,37,54,44,41,51,30,,31,37,32,32,39,36,33,,29,36,35,15,28,27,26,12,20,10,13,14,10,19,17,13,17,21,15,18,18,16,20,23,22,38,20,23,,21,7,18,11,23,29,44,11,,49,,52,53,54,52,34,,38,18,,42,38,42,35,57,65,72,81,66,64,48,,38,,25,39,58,56,54,42,,41,,58,,48,56,52,48,47,52,63,30,49,54,37,38,47,39,36,33,,28,34,31,32,33,29,18,18,39,23,34,25,28,31,33,20,27,26,30,,18,23,18,23,17,25,19,25,28,27,39,34,34,,25,,50,39,,42,47,46,,26,19,21,12,,,46,48,44,2,,11,7,7,15,30,37,,29,36,,56,57,55,45,55,70,65,50,61,53,54,17,15,23,,18,20,8,30,35,18,28,14,19,16,21,16,12,23,19,20,33,29,26,21,17,13,18,14,22,36,25,34,27,,34,12,15,25,14,16,30,51,47,56,23,13,56,28,58,41,53,51,56,52,39,33,50,,19,33,33,31,53,35,45,32,15,56,53,,64,39,38,43,54,57,54,,59,,54,56,51,38,44,49,,48,49,40,41,56,52,,46,32,41,38,31,36,41,36,28,27,19,23,22,15,12,,36,,,11,34,30,22,12,16,34,18,28,17,22,17,18,10,27,25,20,27,13,21,,46,50,40,39,,45,39,36,43,34,102,51,77,54,20,38,22,41,38,,,55,41,53,,46,14,22,37,44,44,,40,34,41,,33,27,19,61,61,66,69,13,70,34,25,20,,43,31,26,52,61,53,42,57,,55,96,60,71,76,10,9,9,23,,10,25,35,23,27,17,8,37,24,33,33,28,51,57,56,62,64,60,47,34,56,78,52,42,47,49,21,40,34,35,32,49,49,37,36,31,35,29,52,91,55,47,52,49,46,52,,,46,36,19,33,55,37,41,51,55,41,36,29,27,23,19,56,62,,53,50,46,,,28,30,83,24,35,23,35,44,46,45,44,,47,36,42,49,37,58,40,32,9,20,15,18,18,70,,68,70,69,55,,53,49,25,23,21,26,,30,16,12,8,13,23,2,37,,20,25,11,12,,,7,,11,13,11,11,7,12,14,8,14,11,28,27,25,14,7,17,17,20,46,40,50,58,43,23,9,12,14,32,31,42,,22,15,17,11,45,72,45,31,62,,14,72,48,62,11,44,22,53,9,39,37,9,29,42,32,38,,81,38,31,10,8,22,45,46,26,6,32,25,19,,24,,,33,25,28,38,24,45,48,57,66,62,42,42,47,43,28,17,,24,33,24,17,43,32,56,37,,32,43,48,20,33,34,24,41,33,37,,18,30,56,60,28,30,8,33,31,5,19,,28,24,2,26,27,,27,26,36,44,34,39,37,8,10,15,26,33,25,17,31,24,17,22,22,24,31,,26,33,11,,26,18,28,29,32,30,24,27,27,33,28,25,24,29,29,20,30,26,28,29,37,33,27,11,60,47,51,,45,,48,41,,46,41,40,,41,57,41,36,50,30,52,37,51,33,49,49,35,47,52,43,34,20,32,43,29,26,20,39,43,61,23,38,58,40,35,21,21,39,49,43,,29,34,,20,45,36,32,18,18,23,26,37,36,25,28,35,28,41,30,22,27,27,27,29,25,40,29,24,25,29,23,24,23,24,29,,25,14,27,11,14,20,19,13,12,22,32,23,25,6,21,22,29,18,25,37,27,21,24,12,16,25,11,16,19,16,11,19,23,27,28,24,15,12,28,14,6,9,9,9,16,30,32,22,32,31,31,32,24,24,35,42,36,50,50,35,37,,59,40,20,34,39,,35,61,83,65,60,67,48,8,11,17,,,47,,30,82,,43,,14,22,17,,30,18,20,23,39,36,34,33,27,46,20,,,,,7,33,34,26,24,18,37,,27,33,26,21,30,7,33,21,33,26,12,7,27,24,,6,7,32,23,20,,14,16,39,30,31,37,,35,19,12,5,29,44,34,9,,28,,19,28,32,46,42,37,8,25,19,26,16,34,37,33,,,6,22,62,65,19,12,26,20,20,30,46,17,16,27,21,51,71,28,,36,41,24,,30,31,26,38,33,21,21,21,30,8,19,15,,10,16,68,88,34,55,6,51,39,20,47,,41,19,12,,38,27,26,45,49,46,8,3,52,30,33,42,83,32,54,39,71,43,48,66,74,56,,32,43,38,84,56,29,28,28,55,54,48,53,37,43,44,27,62,37,18,38,35,26,35,39,20,46,54,41,8,21,17,25,16,48,49,27,61,48,51,37,32,71,48,49,51,58,54,38,48,57,,42,36,64,29,41,37,38,27,7,9,37,7,62,41,33,14,36,58,41,52,13,62,15,44,37,45,16,23,21,30,22,56,14,60,47,66,40,32,43,31,55
20171215,11,NO2_24h,61,50,58,59,68,60,69,75,67,59,66,68,,,61,,59,64,61,,60,64,52,,65,56,,68,65,67,,53,64,54,67,66,71,69,70,71,55,61,70,,67,53,50,49,,74,69,62,60,68,76,38,,44,42,45,54,63,57,65,52,66,73,,65,51,52,54,45,43,41,58,55,61,58,84,,81,81,83,83,83,82,88,32,33,35,48,38,37,31,33,64,74,78,,67,94,81,84,79,,87,67,41,50,50,33,49,19,67,54,36,61,57,54,53,58,29,38,54,43,48,57,65,31,,76,78,81,76,72,34,54,71,49,45,51,46,47,51,46,27,41,32,47,34,55,46,40,43,45,41,50,48,57,52,42,58,41,67,56,34,36,40,40,41,50,,,,56,48,,46,53,60,,37,26,27,,48,59,43,49,52,51,52,37,57,,,,49,42,,23,31,34,24,28,,34,36,30,37,36,38,33,43,,39,,,44,52,58,77,30,64,56,60,73,60,49,64,52,48,64,58,60,,62,60,55,54,45,62,44,54,47,,,50,,52,56,,36,30,35,12,7,12,,51,52,36,36,32,28,31,40,45,33,29,21,34,28,46,49,40,29,24,,37,,51,33,9,25,,34,,28,33,42,46,27,,20,64,55,64,70,61,74,70,57,54,67,66,80,65,92,83,70,59,54,60,55,52,46,55,52,60,46,27,28,,39,29,43,34,30,29,23,29,32,32,30,40,37,40,40,32,30,54,45,,48,41,53,37,42,33,44,27,39,30,37,35,23,32,50,11,26,23,41,62,63,58,69,46,37,48,48,59,51,48,41,66,54,59,67,57,59,56,53,36,44,40,44,48,28,27,28,31,40,42,36,49,39,35,39,42,25,19,38,37,43,6,6,9,9,13,31,,44,46,45,50,38,48,49,,,36,53,44,46,48,,39,40,52,37,,,46,25,19,28,32,13,29,26,28,25,29,40,37,15,39,40,45,47,35,61,40,24,,33,72,74,72,80,42,66,70,72,61,66,64,68,64,60,57,25,67,72,48,,61,32,25,,,,47,49,53,51,35,46,37,,19,40,33,33,41,40,36,37,33,37,37,16,33,30,32,23,28,25,21,24,24,35,33,28,28,30,58,78,57,63,22,21,28,36,73,75,53,58,52,56,61,19,24,30,11,,60,,55,56,57,54,49,,52,26,,49,70,77,71,71,87,57,65,72,84,46,,40,,20,43,52,57,49,50,,34,,45,,45,50,54,54,44,45,56,51,43,45,23,36,27,62,52,51,,29,35,30,25,35,28,19,12,30,25,37,28,27,30,28,23,30,35,23,22,25,29,26,36,17,24,17,29,24,22,45,43,41,,29,,34,27,,37,36,40,,38,29,37,18,,,51,50,47,31,,34,29,39,29,26,43,,33,35,,44,52,51,31,42,74,75,62,70,69,68,45,38,80,,82,76,81,67,82,74,62,69,71,44,54,38,84,60,55,60,63,57,48,66,65,65,59,61,52,33,61,53,44,,16,46,48,48,38,39,30,47,45,46,25,34,52,50,94,64,50,46,54,42,38,32,34,34,27,32,33,25,31,25,39,29,8,51,54,,52,30,47,46,48,53,51,,58,,48,54,50,46,48,55,44,50,48,44,43,43,46,,45,33,48,43,39,41,44,42,38,27,21,23,25,16,14,,34,,,21,32,29,17,12,20,38,22,34,20,22,17,22,10,32,23,24,30,17,10,11,26,38,38,30,48,40,44,39,49,33,71,48,73,42,36,41,33,46,39,,,54,27,37,42,37,25,25,30,35,39,33,35,27,29,,28,30,19,71,67,67,63,41,51,53,43,37,47,59,58,68,54,58,65,61,52,58,59,67,59,63,74,10,13,7,26,,33,31,25,28,28,20,5,40,17,38,43,33,40,51,54,57,59,54,75,52,54,71,45,36,37,46,19,42,38,38,40,46,24,23,35,43,34,31,45,81,46,39,31,40,34,36,,,29,29,22,35,71,37,42,38,41,47,43,50,115,22,16,53,59,,47,49,45,,,52,37,43,35,44,35,48,44,46,43,45,,33,34,52,52,35,54,38,28,54,64,50,18,68,81,,73,77,54,44,,48,47,67,64,62,40,,41,14,15,10,27,34,19,30,,17,23,21,26,,,20,13,28,19,14,12,8,40,47,39,43,42,87,108,78,76,48,66,67,79,50,57,64,61,63,72,54,64,55,61,59,60,58,29,19,31,31,32,50,29,32,55,44,10,26,36,52,12,30,23,32,13,37,27,4,29,42,31,49,21,64,49,46,18,18,29,64,69,49,8,24,28,36,50,19,37,,36,28,31,38,20,48,41,53,58,50,48,47,51,50,38,27,41,36,25,19,17,30,29,33,29,,27,48,40,55,33,29,22,16,37,42,,31,45,63,53,33,23,9,30,21,8,19,20,22,20,3,18,19,,23,22,26,34,36,39,35,6,8,4,22,22,35,20,34,28,20,35,31,31,32,33,32,37,15,35,36,27,36,36,38,46,28,33,30,39,34,30,26,33,33,15,24,22,24,20,35,24,25,27,64,46,52,,46,,50,56,,59,55,45,,52,50,42,40,47,29,49,42,50,39,54,53,39,41,58,52,43,27,37,45,36,32,23,48,48,48,42,46,59,48,36,22,14,48,53,51,,29,30,,19,43,42,39,25,26,28,28,37,29,28,30,36,28,44,32,24,28,29,28,33,30,43,32,25,28,37,29,29,30,28,39,,26,22,26,13,15,16,15,16,16,18,31,28,21,5,19,24,27,18,26,32,24,20,30,15,17,25,12,18,21,17,13,21,25,26,21,28,19,12,20,20,13,17,10,12,27,38,41,42,31,29,31,27,23,15,25,33,28,40,37,29,37,48,54,40,20,31,32,,32,46,63,48,52,52,27,11,19,29,,32,37,,20,54,,32,21,16,18,23,,22,16,31,28,42,36,41,35,30,41,18,,,,,5,22,32,27,17,15,28,,18,15,15,26,33,4,27,21,21,19,17,15,24,16,,8,8,16,17,26,,16,18,33,29,23,31,14,16,30,16,12,22,44,23,16,,8,,7,12,25,41,43,33,28,41,34,34,21,31,32,40,,,15,40,61,63,25,19,15,13,40,38,24,30,28,33,21,39,53,34,,42,45,30,,40,24,28,22,21,24,12,23,25,14,23,14,,23,32,72,72,29,56,4,30,19,10,25,52,55,29,42,,59,40,54,49,51,48,8,4,35,28,34,26,58,30,27,44,67,64,61,64,82,44,48,74,40,32,71,54,41,15,24,47,41,56,44,34,32,29,31,40,72,75,28,49,14,35,54,65,37,48,54,37,44,40,40,15,52,50,21,52,52,57,29,33,66,42,52,51,59,56,48,50,50,,62,50,59,33,35,35,39,19,23,24,52,9,47,47,35,16,73,59,47,43,27,63,16,55,21,54,24,29,27,30,23,46,29,66,47,66,29,33,38,32,48
20171215,11,O3,55,61,30,48,51,51,65,61,50,53,55,58,,,32,,40,43,41,,37,17,37,,13,35,,6,5,6,,2,2,27,44,38,48,55,39,50,31,27,34,,17,3,7,4,,22,8,14,16,16,10,62,,58,58,73,61,47,68,63,57,47,53,,44,20,23,24,13,17,16,15,9,16,11,11,,12,12,18,7,11,10,7,,62,58,57,58,47,53,44,50,39,48,,58,55,36,28,36,,60,28,22,18,18,10,22,20,25,19,25,42,43,12,36,34,52,56,43,60,63,68,56,56,,31,34,20,22,25,77,47,51,51,46,40,53,43,31,36,66,50,38,8,24,10,6,11,13,24,10,29,31,26,26,26,21,27,36,38,47,48,41,39,46,3,,,,4,4,,6,4,11,,22,26,36,,20,22,23,28,19,30,17,23,13,,,,16,36,,31,22,22,39,54,,38,5,13,5,11,7,27,25,,13,,,6,4,5,10,28,5,2,3,3,3,3,6,4,3,5,4,3,,4,2,3,17,6,7,8,2,2,,,30,,16,16,,19,6,7,66,74,45,,5,7,10,17,14,6,6,23,20,11,20,33,20,18,38,12,12,30,31,,32,,23,20,48,61,,12,,15,17,7,11,11,,16,3,5,,4,6,7,4,4,44,7,8,4,18,12,24,19,10,,18,8,19,8,9,23,10,18,13,7,,8,7,15,6,8,12,18,6,13,5,15,8,8,10,15,8,9,7,9,,6,15,12,11,8,15,9,21,18,25,46,29,49,60,38,80,70,55,63,43,47,44,33,6,9,3,6,6,7,12,11,3,8,9,5,9,10,11,11,21,23,20,26,14,21,20,19,23,66,8,14,,12,10,12,9,12,24,14,7,12,68,83,59,67,64,26,,8,9,11,6,5,5,5,,,9,7,9,14,6,,10,15,11,5,,,13,51,14,11,15,13,10,5,8,5,7,18,22,60,38,20,38,38,50,31,36,44,,16,12,10,8,10,6,12,10,18,17,16,14,8,8,21,26,63,49,36,56,,25,52,57,,,,69,36,5,9,6,9,20,,5,12,7,12,10,11,5,7,7,4,5,36,6,13,18,59,61,60,65,57,52,67,56,62,70,58,77,73,67,63,41,40,35,31,53,58,46,66,62,48,61,50,43,32,67,,14,,10,9,12,6,14,,14,12,,6,19,18,17,,2,2,8,,7,6,,7,,19,23,13,10,11,16,,10,,8,,8,8,,25,7,3,2,24,19,21,21,36,,17,22,24,,11,11,10,10,9,61,71,64,50,72,61,19,18,19,17,8,16,58,28,29,20,9,11,8,62,60,55,,10,10,32,37,33,,12,,55,65,,51,47,52,,12,11,12,36,,,22,18,19,85,,45,65,69,52,41,49,,45,35,,11,12,10,11,13,23,17,26,42,21,27,39,42,56,,59,55,55,43,61,63,41,54,58,53,46,53,52,46,45,46,38,34,32,51,50,59,50,51,49,34,43,45,54,,56,51,43,46,46,47,24,20,22,19,30,51,15,33,33,28,6,9,7,8,16,18,14,11,110,7,11,9,14,14,2,13,34,7,25,,11,12,16,12,6,8,11,,,,6,7,7,8,9,9,,10,15,15,18,7,12,,19,26,10,7,12,12,8,13,22,13,13,21,22,25,15,,15,,,28,12,31,29,34,16,11,7,13,9,20,19,18,20,,34,11,8,15,56,65,15,11,17,10,21,17,17,19,19,22,9,24,15,22,14,8,16,10,41,,,33,18,11,12,14,47,22,41,38,45,8,31,9,5,,8,10,8,24,18,13,9,72,12,60,47,64,,34,50,55,19,14,18,25,15,19,15,4,7,8,7,64,61,63,50,,70,48,34,47,27,26,12,42,18,35,52,201,10,4,5,3,6,6,29,29,12,7,7,6,7,3,20,22,15,1,23,12,17,36,31,31,17,17,23,22,34,25,27,,26,35,,,39,50,48,38,20,21,71,19,16,37,20,32,17,48,51,29,24,,45,,4,,,40,28,7,21,27,25,24,17,19,19,19,,19,31,21,26,24,30,28,30,65,70,50,52,73,12,,9,12,22,15,,23,19,30,36,30,31,,35,49,51,63,44,36,64,16,,61,33,64,76,,,49,5,58,57,73,74,76,58,48,55,51,58,45,44,41,48,40,50,48,35,20,34,19,27,47,51,53,58,65,34,36,31,19,38,42,41,57,50,19,27,42,23,33,60,17,29,17,59,7,53,24,69,18,30,41,46,33,42,31,59,15,24,34,49,48,52,53,62,42,47,19,59,36,14,20,13,,11,7,7,6,9,6,3,5,25,7,19,23,23,13,42,38,,50,21,33,23,33,29,34,6,,5,10,16,18,22,21,19,11,29,20,,40,40,43,40,40,48,63,38,51,64,27,30,24,21,81,15,18,,18,21,15,8,11,5,6,20,6,9,9,7,9,3,4,3,,24,19,11,6,9,3,10,10,11,13,27,23,13,14,14,20,16,10,16,9,9,8,7,8,13,11,10,11,10,11,7,6,13,6,13,7,,9,,6,8,,12,6,6,,5,10,18,5,7,11,17,18,12,23,19,21,26,15,21,21,18,8,7,6,6,8,63,16,12,7,28,14,14,21,9,12,15,19,14,16,,12,19,,15,8,7,9,9,25,22,22,8,9,9,6,4,5,6,10,19,17,19,17,19,14,8,8,23,18,24,11,4,8,3,15,,9,18,10,41,35,29,27,33,32,19,14,20,16,27,27,,14,21,11,1,19,21,21,23,21,4,20,14,12,15,20,18,13,14,4,12,9,28,23,26,23,23,24,24,72,55,54,62,,14,18,17,21,18,17,23,5,7,8,7,28,16,14,14,29,15,11,,9,37,35,17,62,63,50,23,27,87,,14,5,,14,16,,7,14,32,16,28,,36,48,52,37,36,29,33,26,40,53,45,,,,,42,29,25,29,2,8,16,,22,38,37,21,24,89,86,79,40,,63,50,50,37,,62,61,12,21,24,,61,60,12,7,10,12,77,82,32,48,42,45,20,43,23,,49,,38,39,18,19,12,14,58,47,52,52,19,7,6,47,,,71,63,13,20,74,74,36,42,87,60,33,63,75,67,44,16,12,47,,26,13,50,,68,38,55,64,30,57,36,34,33,78,66,67,,90,57,9,6,19,20,78,27,21,41,12,19,20,52,48,,43,51,62,8,4,8,50,55,85,29,28,8,16,61,28,9,14,30,28,4,18,18,29,44,30,27,8,14,26,13,24,8,14,8,6,17,13,7,53,17,53,50,13,28,28,4,12,50,38,1,35,59,54,66,58,12,3,14,33,4,24,27,19,6,14,11,9,21,15,6,10,6,14,,33,5,19,9,73,23,16,51,80,46,19,60,10,40,17,34,38,6,35,9,39,2,38,6,99,23,21,17,20,16,31,21,61,22,7,8,5,12,8,12,11
20171215,11,O3_24h,55,61,30,48,51,51,65,61,50,53,55,58,,,32,,40,43,41,,38,32,52,,40,35,,21,19,13,,15,8,35,44,38,48,55,39,50,62,43,38,,46,40,61,47,,42,26,30,39,39,28,62,,58,59,73,61,47,68,63,57,47,53,,44,41,52,52,26,42,41,23,22,24,29,13,,15,15,32,8,15,10,11,70,62,64,57,60,67,60,50,50,39,48,,58,55,36,28,36,,60,46,46,58,63,64,60,72,66,43,76,42,43,21,49,41,87,73,63,61,63,87,70,105,,43,46,39,44,42,90,56,74,61,59,60,62,69,49,66,75,72,72,25,40,30,31,34,27,37,38,39,45,35,26,30,41,28,43,56,69,64,55,59,68,37,,,,29,32,,35,30,37,,36,42,50,,32,33,39,42,37,43,39,52,28,,,,29,36,,44,49,41,51,54,,50,32,43,40,44,38,56,57,,123,,,21,13,22,11,53,10,10,5,6,9,13,38,38,54,32,52,45,,12,40,20,32,36,14,38,39,34,,,30,,36,37,,39,54,41,82,88,71,,40,42,31,51,50,29,31,43,22,24,35,54,35,36,54,22,32,42,85,,64,,65,47,54,79,,24,,35,38,23,29,40,,37,21,6,1,6,7,11,9,10,54,32,24,46,46,26,50,35,57,20,21,21,19,18,24,23,15,24,25,22,,19,20,36,14,18,28,37,9,17,10,21,11,13,14,19,12,12,17,28,,26,38,32,34,25,37,35,37,97,92,91,71,86,130,111,87,83,63,105,147,112,146,92,29,32,24,38,37,24,28,26,47,62,67,68,41,42,38,44,48,45,39,52,44,55,49,53,66,85,22,33,18,36,19,20,13,33,38,31,24,22,72,97,64,67,64,47,,39,45,33,34,50,25,14,,,51,29,47,28,26,,39,52,41,36,,,42,64,33,30,24,34,28,16,27,31,25,92,97,97,89,92,85,78,112,109,114,100,,116,14,14,11,10,7,12,12,18,28,16,19,8,15,66,56,80,68,55,94,,58,104,70,,,,80,48,32,35,53,39,42,,56,17,10,16,13,16,9,11,11,6,8,52,9,18,18,61,69,60,65,57,52,67,62,62,70,64,77,73,67,63,56,54,52,52,53,58,46,66,62,48,61,82,79,73,87,,22,,26,29,30,19,29,,29,31,,8,20,20,17,20,22,26,31,16,26,66,,48,,67,59,57,41,59,47,,53,,48,,44,44,41,131,33,45,28,43,49,59,51,68,58,31,47,39,,31,28,30,40,21,91,113,110,87,97,98,97,97,93,101,99,92,86,73,81,76,65,62,48,92,92,86,40,44,39,63,66,65,,38,,81,96,,105,115,112,,27,31,28,67,,,28,26,22,85,,45,65,69,52,58,58,,56,50,,21,26,23,21,25,27,29,32,46,24,52,39,42,56,,59,55,55,43,63,63,41,54,58,56,46,58,52,46,45,46,38,34,32,51,50,59,50,51,71,66,55,69,72,,88,51,43,51,46,50,61,46,57,60,77,52,42,42,41,30,19,29,19,29,32,39,41,38,118,30,42,41,43,70,43,38,95,18,25,,36,16,16,12,37,32,44,,17,,13,13,18,10,14,14,12,15,19,17,22,24,15,,19,46,18,16,31,20,14,28,23,13,13,25,58,26,23,,23,,,28,33,48,39,36,38,28,29,32,22,35,32,29,29,18,41,15,11,18,58,65,44,36,34,40,27,28,17,26,30,107,86,89,94,91,19,12,23,12,53,,,50,45,41,39,45,66,51,46,58,71,61,60,36,50,,31,79,93,24,18,17,19,72,12,60,47,64,46,34,50,61,19,18,18,25,17,19,18,13,9,13,17,93,93,97,77,,70,85,89,75,57,45,37,60,59,72,84,235,83,36,20,27,50,50,36,43,44,60,65,52,57,53,59,53,41,1,66,50,57,74,55,62,58,66,34,44,54,38,54,,47,61,,,66,66,48,38,43,35,94,41,45,37,27,32,23,65,75,39,36,,72,22,18,,,42,44,11,21,27,25,24,23,28,23,19,,83,93,41,40,49,46,47,37,65,70,50,52,73,17,,21,20,34,25,,36,25,30,36,30,42,,48,90,91,93,45,46,64,36,,81,53,80,80,,,55,65,60,64,105,100,99,69,48,55,51,58,45,44,41,48,40,50,48,35,20,34,19,27,55,56,53,58,65,34,36,40,37,60,60,41,57,97,80,79,66,53,57,76,84,69,72,76,67,62,58,152,53,62,66,73,87,76,61,79,52,60,38,62,58,62,53,62,47,53,51,73,90,36,51,50,,46,25,32,40,38,31,40,42,50,63,53,44,51,50,68,59,28,71,89,51,51,57,40,99,55,,51,34,45,37,42,38,46,55,51,45,,49,62,68,52,58,70,74,84,82,75,49,51,53,53,88,54,61,,47,52,51,45,32,26,40,33,32,33,35,33,17,6,7,7,23,24,22,24,17,18,29,35,33,29,24,34,63,25,30,20,42,21,14,19,39,40,42,39,30,24,21,21,21,25,34,28,31,39,39,38,40,,13,,10,17,,23,17,9,,9,12,20,7,9,19,29,25,24,31,53,46,45,43,21,21,18,14,11,19,17,17,63,33,23,25,28,14,14,21,19,24,28,27,30,30,,29,31,,26,14,16,16,21,25,22,22,43,42,13,10,6,8,9,11,23,21,20,17,19,14,9,10,28,19,29,15,6,14,4,18,,9,18,18,43,38,31,32,41,34,23,17,21,20,27,28,31,29,35,19,24,41,44,49,38,41,29,44,33,30,30,32,30,25,23,18,25,22,34,30,34,28,26,52,48,72,55,54,62,61,42,52,63,29,38,32,31,26,24,26,21,54,27,36,27,55,36,39,,30,48,65,29,62,81,114,97,87,130,,30,20,,40,44,,29,41,74,90,73,,51,81,132,74,82,82,33,43,43,58,51,,,,,45,43,38,38,5,21,31,,38,90,84,42,49,108,103,96,79,91,93,71,74,69,,65,64,62,51,89,,84,106,73,78,49,76,120,116,70,88,121,116,95,111,75,,80,,73,72,52,62,43,46,66,50,52,57,39,35,44,47,,,80,63,17,29,98,98,82,77,95,79,86,82,87,79,60,61,43,57,,46,35,82,,102,76,94,132,95,86,81,66,74,98,96,93,,95,65,41,58,69,73,88,45,45,58,37,83,58,72,103,,73,99,82,24,20,88,88,66,118,50,47,57,78,75,59,28,31,35,28,10,23,30,40,69,42,53,56,39,29,51,62,45,51,9,34,39,75,73,77,58,53,50,39,34,46,22,67,50,84,28,35,59,54,66,66,21,29,21,47,39,32,40,55,30,38,48,29,33,29,31,37,31,31,,33,20,26,29,102,48,27,64,80,55,45,66,21,40,38,49,38,13,49,47,39,20,43,17,99,43,43,40,42,37,79,90,61,44,38,13,38,17,37,19,42
20171215,11,O3_8h,22,49,17,18,21,21,31,16,8,31,25,23,,,10,,13,16,11,,11,4,7,,3,9,,5,4,7,,1,1,27,15,13,20,20,14,21,17,12,15,,12,1,6,2,,16,4,13,17,14,7,57,,45,56,68,21,12,28,20,29,9,13,,10,11,8,13,6,8,8,7,4,8,4,7,,6,6,16,3,9,5,3,64,54,55,49,55,57,50,36,19,11,18,,21,18,11,11,13,,20,25,25,27,20,24,34,15,22,22,31,24,21,8,15,15,30,26,23,35,37,40,28,57,,14,14,11,9,12,68,25,42,46,47,43,51,48,33,51,66,53,56,6,22,9,12,16,12,21,14,16,28,21,18,19,24,19,33,39,40,43,38,44,35,1,,,,3,4,,4,3,10,,24,26,40,,16,25,23,26,23,26,22,31,12,,,,19,27,,38,32,26,38,37,,36,5,17,9,18,6,28,24,,16,,,4,2,4,9,20,2,1,2,2,2,2,4,3,2,4,3,3,,4,1,3,13,7,6,10,,1,,,16,,6,7,,28,16,17,72,77,52,,2,3,8,14,10,6,6,19,11,12,18,30,17,20,40,12,14,27,46,,24,,20,24,44,57,,13,,16,15,8,11,16,,16,6,5,,5,6,8,5,4,27,2,5,4,10,12,18,16,7,2,9,5,7,6,6,10,4,8,15,10,,11,8,20,7,12,10,12,4,10,4,12,6,6,8,12,5,6,4,4,,4,5,5,12,5,7,4,16,18,28,53,39,43,24,16,71,63,50,27,35,35,34,22,2,4,,1,2,3,8,5,2,4,6,2,4,4,4,2,9,8,9,9,2,8,11,9,6,28,5,10,,7,12,10,8,18,22,17,9,12,68,83,57,60,55,24,,8,18,12,17,14,13,4,,,19,14,19,9,9,,7,12,7,6,,,12,44,15,15,13,17,15,10,12,8,11,16,15,53,12,18,16,12,38,16,27,39,,8,9,8,7,7,2,8,6,10,10,10,9,6,6,26,32,53,12,18,38,,14,44,40,,,,62,34,4,6,9,9,16,,8,9,6,9,8,7,4,6,5,3,4,33,5,10,12,51,53,54,56,49,48,53,34,38,45,42,49,43,32,37,31,25,24,22,35,37,30,32,33,40,36,47,45,43,68,,7,,7,5,9,4,2,,3,8,,3,8,5,4,,3,11,14,,10,6,,8,,15,18,24,15,19,8,,12,,8,,8,8,8,17,5,5,1,8,14,16,32,41,33,6,12,12,,14,10,14,20,12,50,65,63,26,59,37,34,32,33,35,28,28,30,12,12,7,5,7,4,54,50,48,10,8,7,9,12,10,,8,,16,17,,24,22,20,,7,5,6,15,,,10,8,8,79,,40,56,62,50,23,30,,27,19,,7,10,4,4,10,13,8,12,30,12,11,11,14,21,,22,24,24,15,26,18,18,17,32,26,24,28,23,12,22,21,18,8,11,20,16,24,20,24,34,24,22,28,44,,53,23,27,30,24,17,15,18,18,15,21,33,14,19,25,20,9,12,10,12,16,18,24,16,67,6,9,8,13,11,2,10,46,3,10,,10,9,4,2,2,6,8,,,,1,1,2,4,5,5,7,3,5,7,8,4,4,,4,30,7,7,9,11,8,9,16,9,8,22,17,20,9,,13,,,18,14,27,27,28,16,13,8,14,7,19,18,14,19,7,35,7,5,13,54,53,10,8,8,6,21,18,13,19,23,22,7,18,8,8,15,10,16,9,29,,,35,12,5,6,7,49,21,35,45,52,36,34,13,10,,12,18,14,6,8,5,6,14,5,26,16,22,4,10,12,43,15,7,9,10,9,10,8,3,3,5,2,64,64,65,52,,47,53,45,50,32,27,22,42,14,49,49,215,11,3,7,7,3,4,8,23,7,4,9,5,13,7,28,28,8,1,26,16,25,37,30,12,15,18,24,18,38,29,39,,33,39,,,56,52,36,21,26,22,74,20,13,30,12,23,8,47,51,29,20,,48,3,4,,,15,15,5,6,9,11,8,8,9,10,8,,17,39,23,21,24,22,24,23,27,27,20,52,30,6,,6,7,11,6,,12,7,7,14,11,21,,26,46,35,57,43,38,58,17,,50,30,56,75,,,47,50,49,55,74,78,81,40,38,46,43,42,19,18,13,17,16,22,17,12,9,16,7,10,30,27,29,18,36,9,11,11,12,21,26,28,39,40,14,21,42,22,29,51,44,26,7,48,25,47,40,61,25,34,31,27,28,20,12,47,11,4,25,49,49,54,26,31,26,45,24,54,41,14,25,22,,11,13,14,12,9,6,4,6,27,4,18,20,17,5,43,31,18,42,21,24,24,38,31,51,5,,4,7,13,14,26,21,28,20,23,10,,28,35,50,32,38,54,64,23,60,65,26,30,29,23,82,20,22,,22,24,18,13,12,10,10,21,16,20,18,20,5,2,3,2,14,15,10,8,8,6,4,8,7,7,8,17,16,6,9,7,27,12,8,11,16,18,18,17,15,11,10,10,10,10,10,10,7,12,5,10,5,,8,,4,6,,11,5,3,,1,6,12,1,3,3,13,11,6,16,4,6,7,9,8,7,4,9,7,5,6,8,50,8,7,4,11,7,7,10,13,17,21,15,14,12,,8,16,,20,5,3,5,4,9,14,12,8,11,3,2,2,2,3,6,18,16,18,15,15,7,4,5,22,17,20,8,2,6,1,8,,8,12,7,35,31,28,26,28,27,18,12,17,18,21,24,15,14,19,9,,24,24,26,22,22,4,22,16,13,18,15,18,14,12,6,11,7,28,23,23,18,18,22,22,52,31,36,29,21,22,30,31,16,23,21,23,16,16,17,14,20,16,20,20,24,17,14,,14,41,35,16,41,68,58,54,36,108,,11,3,,18,21,,14,20,21,18,20,,33,40,47,34,26,27,33,26,33,51,41,,,,,41,34,17,23,3,9,21,,33,24,32,31,35,84,84,82,21,13,38,22,11,8,,48,53,24,24,10,,59,46,7,3,9,9,61,60,19,34,34,39,11,27,20,,59,,38,40,8,10,6,7,43,38,40,46,19,4,3,18,,,56,39,4,16,67,66,50,48,62,51,47,37,61,57,42,21,16,42,,12,5,35,,64,42,32,47,25,59,35,26,26,76,65,71,,71,39,7,7,12,9,80,34,29,52,24,27,23,58,73,,47,43,50,8,4,9,46,63,104,33,30,12,12,46,22,4,4,10,10,3,14,8,18,25,30,32,8,4,16,27,22,9,14,4,5,18,6,4,51,27,18,16,16,14,34,2,21,10,26,,15,48,38,51,42,16,2,14,36,5,15,21,18,5,13,15,6,16,14,17,13,20,11,,7,4,13,10,25,26,16,58,74,42,7,48,5,12,15,30,7,4,31,13,22,,36,2,58,6,13,12,14,9,12,8,56,12,19,4,1,8,9,11,8
20171215,11,O3_8h_24h,22,49,17,18,21,21,31,16,8,31,25,23,,,10,,17,16,11,,11,4,7,,3,9,,6,4,7,,2,2,27,15,13,20,20,14,21,17,12,15,,12,1,6,2,,16,4,13,17,14,7,57,,45,57,68,21,12,28,20,29,9,13,,10,11,8,13,6,8,8,7,4,8,4,7,,6,6,16,3,10,5,3,65,57,57,50,55,59,58,45,19,11,18,,21,18,11,11,13,,20,43,45,56,52,61,59,60,22,29,59,24,21,8,16,15,30,26,23,35,37,40,30,81,,14,14,11,9,12,90,25,46,47,50,45,55,49,33,54,66,56,64,25,31,25,30,34,24,25,38,23,28,21,18,21,25,19,34,39,40,43,38,44,35,1,,,,4,6,,10,6,14,,24,26,40,,27,25,23,36,23,26,27,31,16,,,,20,27,,41,32,26,44,44,,43,12,30,13,23,8,28,24,,16,,,8,2,4,9,20,2,1,2,2,2,4,4,5,2,4,3,3,,9,1,3,13,22,7,20,3,3,,,16,,6,10,,34,30,24,80,82,63,,2,3,20,25,16,8,6,20,15,19,26,35,25,27,48,17,21,30,52,,53,,39,32,47,66,,14,,29,19,20,13,32,,21,13,5,1,5,7,8,6,4,27,2,5,5,10,12,18,16,7,2,9,5,7,6,6,10,4,8,22,16,,16,14,24,9,13,10,14,4,10,4,12,6,6,8,12,5,6,4,4,,5,5,5,16,5,7,4,18,87,80,75,62,61,24,50,71,63,61,27,35,35,35,25,2,4,,1,2,3,8,5,2,4,6,2,4,4,4,2,9,8,9,16,2,12,13,21,7,28,9,10,5,15,12,10,8,20,30,17,10,12,68,83,57,60,59,45,,39,34,30,22,30,21,10,,,39,24,42,28,26,,32,17,16,12,,,19,44,24,26,20,28,22,14,23,10,22,16,35,53,12,18,16,12,38,16,27,39,,62,9,8,7,7,2,8,6,10,10,10,9,6,6,41,38,76,15,38,78,,43,81,68,,,,62,34,5,6,12,11,16,,48,9,7,10,8,7,4,6,5,3,4,46,5,10,12,55,57,54,59,53,48,57,34,46,49,46,49,43,32,37,40,34,26,28,35,37,30,32,33,40,36,61,61,59,69,,7,,7,5,9,4,2,,3,15,,5,8,5,4,2,4,16,28,,11,11,,8,,33,23,38,21,27,8,,17,,14,,10,22,18,31,23,26,1,8,28,24,46,43,42,6,12,12,,31,27,29,25,19,52,66,63,43,59,51,47,42,42,44,42,38,35,33,41,35,6,7,4,71,78,71,14,12,14,9,12,13,,8,,18,19,,39,48,35,,7,8,6,20,,,10,10,8,79,,40,56,62,50,30,35,,31,21,,7,10,4,4,11,13,8,12,34,12,11,11,14,21,,29,28,24,35,63,20,28,17,32,26,24,28,23,12,22,21,18,8,11,20,16,24,20,24,34,52,22,28,44,,75,23,27,30,24,17,16,21,18,16,36,33,14,19,25,20,12,15,13,18,26,26,30,26,67,13,16,18,20,18,6,16,88,5,10,,10,9,4,2,2,6,8,,,,1,1,2,4,5,5,7,3,5,7,14,4,4,,4,34,7,7,10,11,8,9,16,9,8,22,17,22,9,,13,,,18,32,48,34,34,26,17,9,18,9,25,22,17,20,12,38,12,10,14,54,54,16,18,10,11,22,23,13,20,23,23,8,18,8,11,15,11,16,9,35,,,48,25,16,22,24,50,26,40,51,60,48,47,25,20,,24,38,40,6,8,5,6,14,5,26,16,22,8,10,12,43,15,7,9,10,9,10,8,3,3,5,2,72,67,74,53,,47,80,70,70,32,27,28,53,14,53,54,215,11,4,18,27,6,4,8,27,7,4,10,5,17,10,28,28,8,1,37,26,44,53,36,12,25,20,24,18,38,32,43,,33,39,,,60,52,36,21,26,22,81,25,28,31,12,24,9,51,56,31,29,,54,3,8,,,26,22,5,6,9,11,8,8,9,10,8,,26,40,26,21,24,22,25,31,27,27,20,52,30,6,,6,7,13,10,,12,7,7,14,11,21,,26,61,60,68,43,38,58,35,,61,38,71,75,,,54,63,49,55,89,92,92,40,38,46,43,42,25,18,13,17,16,22,17,12,9,16,7,10,30,27,29,18,36,9,11,11,12,25,32,28,39,41,18,26,46,22,29,53,58,54,8,48,39,58,54,63,31,36,31,44,28,33,17,65,16,4,33,60,57,56,26,31,26,45,31,60,50,14,32,42,,18,23,22,25,18,6,15,10,32,7,53,26,18,5,43,31,22,42,24,25,33,42,34,70,13,,4,18,22,24,35,25,32,31,27,16,,28,40,58,32,42,66,65,36,62,65,32,35,34,27,82,36,37,,25,27,27,17,12,11,26,24,24,31,33,30,5,2,3,2,14,15,10,8,8,6,4,13,13,13,13,17,18,9,11,7,27,12,9,11,20,22,20,18,19,16,15,15,14,18,13,12,10,14,6,10,5,,8,,4,6,,11,5,3,,1,6,13,1,3,4,13,11,6,16,8,11,13,12,8,7,4,9,7,5,6,8,50,8,7,4,11,7,7,10,18,23,27,15,14,12,,10,16,,24,5,3,5,4,9,15,12,8,11,3,2,2,2,3,6,18,16,18,15,15,10,4,6,22,18,20,8,2,6,1,10,,8,12,7,35,31,28,26,28,27,18,14,17,19,21,24,17,19,22,9,4,36,34,39,28,26,10,23,17,13,19,15,22,14,22,14,11,7,28,29,23,18,18,24,23,52,33,37,29,39,34,43,40,23,28,28,26,26,23,24,19,34,20,32,22,44,36,32,,30,41,37,17,54,68,84,74,50,108,,14,5,,31,39,,28,35,24,22,21,,35,49,53,34,26,27,33,26,33,51,41,,,,,41,34,22,28,4,16,23,,36,28,33,35,44,92,100,95,21,13,38,22,32,8,,49,53,40,38,10,,65,68,11,4,14,10,62,73,19,34,52,69,11,27,20,,69,,69,63,12,10,6,9,43,38,40,46,28,19,20,18,,,71,39,4,16,76,67,69,72,83,73,49,37,68,75,52,34,20,46,,12,6,52,,92,49,77,96,65,82,58,46,48,78,77,80,,78,50,7,7,16,15,80,38,40,55,25,29,23,58,75,,47,43,50,10,9,12,46,65,110,33,30,29,12,58,29,4,4,10,10,3,14,14,18,25,30,32,8,10,16,37,23,11,20,4,18,24,6,4,52,39,18,16,33,14,34,2,23,10,39,7,15,48,38,51,42,21,2,14,38,5,15,21,18,6,16,15,6,30,14,30,35,25,11,,9,4,13,13,27,33,24,61,74,53,7,48,5,12,18,33,7,4,45,21,22,,40,2,67,6,13,12,14,9,14,61,56,12,38,4,15,8,9,11,8
20171215,11,CO,0.3,0.4,0.3,0.4,0.4,0.4,0.3,0.3,0.4,0.5,0.3,0.4,,,1.2,,0.4,0.9,0.7,,1.3,1.5,1.1,,1.7,0.9,,3,2.9,3.3,,2.2,2.2,1.8,1.1,1.5,1,1.4,1.2,1.2,2,1.8,1.6,,2.6,2.6,3,2.6,,2.4,2.8,3.1,2.6,2.8,2.6,0.3,,0.4,0.6,0.9,0.1,0.3,0.2,0.6,0.4,0.2,0.4,,0.6,1.9,1.6,1.7,2.2,2.2,2.1,2.4,2.5,2.1,2.4,2.9,,3.3,3.4,3.5,3,3.2,3.1,3.3,1,0.6,0.6,0.6,0.7,0.7,0.4,1.1,0.8,0.6,0.5,,0.6,0.5,0.9,0.5,0.5,,0.5,2.5,2.2,2.6,2.8,2.8,2.4,2.1,2.3,3,2.4,0.9,0.9,1.2,0.2,0.4,0.6,0.5,0.5,0.5,0.4,1.4,1.1,1.5,,0.4,1.3,0.6,1.3,1.6,1.1,2.5,1.3,0.4,0.9,0.8,0.6,1,1.1,1,0.6,0.6,0.5,0.3,0.7,0.2,1,0.8,0.8,1.8,0.2,0.5,0.9,1,1,0.6,0.7,0.5,0.4,0.9,0.8,,1,0.9,0.7,2.2,,,,2.5,2.3,,1.6,2.6,1.7,,0.7,0.3,0.5,,0.7,1,1.2,0.9,1.2,0.8,1.2,0.9,1.1,,,,0.9,0.6,,0.3,0.4,0.5,1,0.6,,0.7,0.9,1.1,0.9,0.6,1,1,0.7,,0.8,,,2,1.8,1.4,1,0.6,0.8,1.3,1.3,1.2,1,0.8,0.8,0.7,1.3,1.1,1.1,0.9,,0.9,1.1,1,0.7,0.8,0.8,1,0.9,1.4,,,0.7,,0.7,0.6,,0.8,1,1,0.7,0.7,0.7,,1.6,0.7,0.7,0.7,0.8,0.9,1,0.9,0.6,0.6,1.1,0.6,0.8,0.7,0.6,0.7,0.5,0.2,0.7,,,,0.7,1,0.2,0.4,,0.9,,1,1,1.1,1.1,1,,1.5,1.7,1.8,1.6,1.6,1.7,1.6,1.4,1.6,1.1,1.4,1.3,1.2,1.4,1.4,1.2,1.3,1.6,1.5,1.5,1.8,1.9,2.4,1.4,2,1.3,2,0.9,1,,1.1,0.8,1.2,1,0.9,1.2,1.3,1.3,1.1,1.1,1,1.2,1.1,1.1,1.2,1.2,0.8,1.6,,,,1,1.1,0.8,1.2,0.9,0.9,0.9,0.9,1,0.8,0.8,0.7,0.5,0.7,0.6,0.6,0.6,0.6,1,0.8,0.9,1.2,0.9,1.4,1,1.3,1.1,1.1,1.1,1,1.4,1.2,1,1.3,1.3,1.3,1,1.1,1.2,1.2,1.2,1.3,1.1,1.4,1,1.3,1.3,0.9,1,1.4,,0.8,1,1.3,1.3,1.5,1.2,1,1.3,1.4,0.5,0.5,0.4,,0.6,0.8,,1.1,0.9,0.9,1.2,1.1,0.8,0.9,,,0.9,1.2,0.8,0.9,1,,0.9,1.1,1.1,1.2,,,1.2,0.6,1,1.1,1,0.9,0.9,1.1,1.1,0.9,1.4,1.1,1.8,0.9,1.3,0.9,1.1,0.9,1,2.2,1.2,0.5,,1.2,2.6,3.3,2.4,1.8,2.3,2.5,2.6,2,2.6,2.1,2.3,2.5,2.4,2,2,0.8,0.8,1.9,1.3,,2,1.6,0.2,,,,0.7,0.9,1.5,0.9,2.1,1.2,1.2,,2.3,0.9,1.1,0.9,1.1,1.1,1,0.8,1,1.2,1.1,0.9,0.8,1.1,,0.5,1.1,0.5,0.9,0.5,0.2,0.7,0.9,0.6,0.8,0.8,0.1,,0.2,,1,0.8,1,1.1,0.7,0.7,0.7,1.5,0.8,,0.9,0.5,0.7,0.5,0.6,,2,,1.6,1.4,1.5,1.8,2,,2.1,1.9,,1.4,1.5,1.1,1.6,2.4,2.6,3.6,4.6,2.3,2.6,1.6,,1.4,,0.9,1.3,1.6,1.1,1.5,1.4,,2,,2.7,,2.1,1.4,1.5,1.1,1.9,1.5,1.5,7.1,1.1,0.9,1.1,1,1.2,1.6,1.4,1.4,,1,1,1.1,1.2,1.5,1,0.8,0.6,1.1,0.6,0.7,1.2,1.1,1.1,1.1,1,1.3,0.8,1.8,1.3,1,1.1,1.1,0.9,0.9,0.9,0.6,1.1,1,1.1,1,1.1,1.3,,1.2,,1.2,1.2,,1.3,1.2,1.4,,0.9,1,,1,,,2.9,2.3,3,0.8,,0.3,1.4,0.6,0.9,1.9,1.6,,1.8,2,,4.2,2.8,2.6,3.1,3.9,2.4,1.6,2,3.2,2.6,2.3,0.7,0.5,0.4,,0.9,1.1,1,3.1,1,0.6,0.4,0.5,0.5,0.6,0.5,0.7,0.6,1.1,1.1,1.1,1.1,1.3,1.4,0.5,0.9,0.5,0.4,0.5,1,1.2,1.4,1.1,1.1,,1.3,0.6,0.7,0.8,0.7,0.5,1,1.3,1.5,1.8,0.6,1,1.4,1.7,1,1.3,1.1,1.1,1,1.2,1.1,0.5,0.9,0.8,0.8,0.7,1.1,0.6,1.2,1.1,0.6,,0.4,2.3,1.6,,2.3,2.9,1.8,1.7,3.9,3.3,,,3.5,,1.7,1.7,1.6,2.5,2.8,2.2,,1.7,1.6,1.8,1.6,2.2,1.9,,1.5,1.6,1.2,1.7,1.8,1.3,1.2,1.5,1.3,1,0.9,1,1.1,1.2,0.9,,1.1,,,1.4,1.7,1.6,1.3,0.9,0.8,1,0.9,1,1,0.9,1.4,,1,1.1,2.6,1.3,1.3,1.2,0.5,0.5,1.2,,1.1,1.2,1.3,0.9,1,0.9,1.1,1,6.7,1.9,3.4,2.8,0.7,0.8,0.2,0.4,1,,,0.8,1,1,1,0.9,0.8,1,0.9,0.9,0.9,1,1.1,0.9,1.2,,1.1,1.3,1.4,1.7,1.7,1.2,2.4,1,3.2,1.4,2,1.1,,1.5,1,0.6,1.4,1.5,1.7,0.8,2,1.3,1.9,2.9,1.7,1.8,2,0.5,0.4,0.4,0.4,,0.3,1.1,1.2,1.1,0.7,0.7,0.8,0.8,1.3,2.4,3.2,1.3,1.6,2.3,1.8,1.9,1.9,1.5,0.9,1,2.3,1.9,2.1,1.7,1.9,1.7,1.6,1.8,2,1.2,1.3,1.2,1.4,1.4,1.2,1.4,1.7,2.1,0.9,0.9,1,0.6,0.5,0.6,0.7,0.7,,0.3,0.3,0.8,0.5,0.6,1.1,0.9,0.7,0.9,1.2,1.1,1.3,0.7,0.9,0.4,0.4,0.6,0.7,,1.1,0.5,0.5,,,1.5,1.1,0.9,1.4,1.3,1.4,1.3,1.5,1.5,1.4,1.3,,1.1,1,,,,6.6,9.4,9.8,0.1,0.6,0.6,,0.3,4.1,,3.3,3.6,2.2,2.7,,1.9,1.9,0.9,1.2,1.2,1.2,,2,0.7,0.6,1.1,0.4,0.8,0.3,1.2,,0.6,0.5,0.2,0.3,,,0.5,0.1,0.3,0.3,0.6,0.5,0.3,0.4,0.4,0.5,0.5,0.6,0.9,0.8,0.9,1.1,0.3,0.1,0.3,,1.4,2,2.2,1.7,0.5,0.6,0.3,1.2,0.5,1,0.4,2.2,2.5,0.9,1.2,0.6,0.4,1.1,1.9,1,0.6,1.2,1.7,1.1,2.6,1.3,2.5,0.4,,1,1.8,0.4,0.7,1.1,0.7,1.1,1,1,1,0.4,2,1,0.7,0.8,0.6,0.6,2,1.9,0.6,0.7,0.6,0.9,0.7,0.6,0.8,0.7,,0.6,0.6,0.6,0.7,0.7,1.5,1.4,1.9,1,1,0.8,0.9,0.8,0.9,0.4,0.6,,0.4,0.7,0.7,0.7,0.5,0.5,0.7,0.9,,0.8,1.1,1.2,1.2,0.7,0.7,0.8,0.9,1.2,0.8,,0.5,0.5,0.8,0.9,0.8,0.7,0.5,0.5,0.5,0.5,0.7,0.7,0.8,0.7,0.4,0.7,0.8,,0.6,0.6,1,1.1,0.6,,0.8,0.4,0.8,0.8,0.9,0.8,1,2.3,1.3,1.3,1.2,0.7,0.6,0.7,1,1,0.5,0.5,0.7,,0.7,1.4,1.5,1.6,1.3,1.6,0.6,0.8,0.9,0.9,1.6,1.3,1.5,,2.3,0.6,0.9,0.8,1,0.7,0.9,0.9,0.9,1,4,3.2,3,,2,,2.2,2,,2.1,2,1.9,,1.9,1.6,1.4,1.4,1.8,2,1.8,1.6,1.9,1.7,1.4,1.4,1.2,1.5,1.3,1.1,1.1,0.7,0.7,1,0.8,0.9,1.2,1.1,1.3,1.6,1.9,1.5,1.2,1.1,1,1.1,0.7,1.2,1.3,1.3,,1.3,1.4,,0.2,0.9,1.3,1.3,1.3,1.3,1.3,1.4,1.2,1.2,0.8,1.4,1.6,1.1,1.3,1.6,1.1,1.1,0.9,1,1.1,1.5,2,1.9,1.7,1.6,1.2,1.3,1.6,1.3,2,0.8,,0.7,0.6,1,1.2,1.6,1.2,0.8,0.6,0.3,1.3,1.3,1.8,1.9,0.8,0.3,1.3,1.3,1.2,1.6,1.3,1.2,1,1,1.2,0.8,1.2,,0.8,1,1.1,1.1,1.2,1.4,1.1,1.4,0.8,1,1,1,1.1,0.9,0.9,1.2,1,0.4,0.6,0.6,0.9,0.8,0.8,0.8,0.9,0.7,0.8,0.5,0.4,0.8,1.1,1,1.1,0.5,0.3,0.6,0.3,0.8,0.9,1.1,,1,0.9,1,1.2,,1.2,0.7,,0.9,0.6,,1,1.9,,1,0.9,,0.8,0.8,0.5,1,0.5,,0.9,1,0.8,1,0.8,1.3,0.7,,1.2,1.3,0.7,,,,,1.5,1.8,1.1,1,1.1,1.4,1.1,,1.1,1.1,1,1.1,0.9,1.3,0.9,0.8,0.7,0.7,0.8,1.2,1,1.4,,0.4,0.5,1.3,1.2,0.6,,0.8,0.9,0.9,1.1,1.2,1.2,1.5,1.7,1.7,1.7,0.9,1.4,1.6,1.3,2,,0.8,,0.6,0.6,1.3,1.7,1.2,1.7,0.8,1.1,0.9,1,0.9,1.4,1.1,1,,,0.6,0.8,1.8,2.4,0.4,0.6,0.5,0.2,0.4,0.4,1,0.4,0.7,0.7,0.8,1.5,1.8,0.5,,2.3,2.4,1,,1.1,1.7,1.9,1.2,1.3,1,0.4,0.5,0.7,0.5,0.9,0.4,,0.5,0.1,3.1,4.9,4.2,3.5,0.7,4.1,1.7,0.6,1.8,1.7,1.5,1.8,1,,1.6,2.9,1,1.9,1.7,1.6,,0.2,0.8,0.9,0.8,1.6,3.5,0.6,6.7,1.2,2.4,1.3,1,2.9,4,1.1,1.4,1.2,0.4,0.3,0.9,0.6,0.8,0.7,0.8,2.1,2.2,1.7,1.2,0.9,2.3,3,0.4,1.5,0.5,0.4,0.9,0.8,0.8,1.2,0.6,0.4,0.7,0.9,1.5,0.7,0.5,2.1,1.3,1,0.7,1.7,0.8,2.6,0.9,1,0.4,1.9,2.5,2.1,2.2,1.3,1.3,1.1,0.9,0.8,3.1,,0.8,2.1,1.8,1.2,1.1,0.9,1,1.8,0.3,0.3,1.5,0.5,1.8,1.7,0.9,0.5,0.7,1.9,0.8,2.1,0.1,1.7,0.5,1.7,0.7,2,0.9,0.9,0.8,0.9,2.9,1.7,0.6,2.1,1.4,1.8,0.8,1.6,1.3,1.3,3.8
20171215,11,CO_24h,1.4,1.3,1.4,1.6,1.6,1.3,1.6,1.9,2,1.6,1.6,1.7,,,1.7,,0.9,1.4,1.3,,1.9,1.3,1.3,,1.5,1.4,,2,2.1,2.5,,1.8,1.6,1.4,1.8,2.4,1.7,2.1,2.1,1.9,2.3,2.5,2.7,,2.7,1.8,2.2,1.8,,2.2,2.2,2.4,2.7,2.7,2.2,0.8,,0.8,1.2,1.4,1.8,2.4,1.9,3.1,1.8,1.5,1.5,,1.2,1.4,1,1.1,1.7,1.8,1.6,2.2,2.2,2,2.2,3.1,,3.3,3.6,3.1,3.3,3.1,3,3.2,1,1,0.9,1.1,1,1,0.9,1.4,2.5,2.9,2.6,,2.3,2.7,2.8,2.6,2.3,,2.4,1.2,1.2,1.2,1.3,1.2,1,1,1.5,1.5,0.9,1.4,1.5,1.4,0.9,1,1.2,1.6,1.2,1.2,1.1,1.1,1.2,1.4,,0.5,1.4,0.9,1.4,1.4,1,1.5,1.8,0.4,0.9,0.8,0.5,0.8,0.9,0.8,0.5,0.6,0.4,0.4,0.7,0.2,0.7,0.7,0.9,0.8,0.2,0.5,0.7,0.9,0.9,0.6,0.7,0.6,0.3,0.8,0.7,0.6,0.8,0.8,0.7,1.2,,,,1.3,1.1,,1.1,0.9,1,,0.7,0.2,0.5,,0.7,1,1,0.8,1,0.8,1,0.9,1.1,,,,0.9,0.7,,0.2,0.3,0.5,0.9,0.5,,0.6,0.6,0.9,0.6,0.5,0.7,0.9,0.6,,0.7,,,1.5,1.3,1.2,0.9,0.7,0.7,1.2,1.1,1,0.9,0.7,0.7,0.6,1,0.8,0.8,0.8,,0.8,0.9,0.8,0.6,0.5,0.6,0.7,0.7,1.1,,,0.7,,0.8,0.6,,0.8,0.8,0.8,0.7,0.6,0.6,,0.9,0.7,0.6,0.6,0.7,0.8,0.8,0.9,0.7,0.6,1.1,0.6,0.8,0.7,0.7,0.7,0.6,0.6,0.6,,0.7,,0.6,0.5,0.3,0.4,,0.7,,0.7,0.9,0.8,0.9,0.8,,1.2,1.6,1.9,2.1,1.8,1.9,1.7,1.9,1.7,1.3,1.1,1.4,0.9,0.9,0.8,0.8,1,1.2,1.4,1.4,1.6,1.7,1.8,1.4,1.7,1.2,1.8,0.6,0.8,,0.8,0.6,0.9,0.7,0.8,1,1,0.9,0.9,0.9,0.9,1.1,1,1,1.1,1.1,0.7,1.4,1.3,,0.8,1,1,0.8,1.1,1,1,0.9,0.6,0.8,0.7,0.7,0.7,0.6,0.8,0.6,0.7,0.6,0.7,0.9,1,0.9,1.1,0.9,1.3,1,1.3,1.1,1.1,1.2,1,1.3,1.2,1,1.3,1.2,1.2,1,1.1,1.1,1.1,1.3,1.2,1.2,1.3,1,1.2,1.3,1,1.2,1.3,1.3,0.7,1,1.3,1.3,1.4,1.4,0.8,1.1,1.5,0.5,0.4,0.4,0.4,0.6,0.7,,1,0.8,1,1,0.9,0.7,0.8,,,0.8,0.9,0.7,0.9,0.9,,0.8,0.7,0.8,0.8,,,0.8,0.7,0.8,0.8,0.9,0.8,0.7,0.9,0.9,0.8,1,1.1,1.1,0.8,1.3,0.7,1.1,1,1.1,1.8,1.1,0.6,,0.5,2,2.5,2.1,1.6,1.8,1.9,1.8,2,2.3,1.8,1.9,2.3,1.9,1.3,1.3,1.9,1,1.7,1.7,,1.5,1.7,0.6,,,,1.4,1.4,1.2,1.3,1.7,1.1,1.1,,1.5,0.8,0.8,0.8,0.9,0.9,0.8,0.7,0.7,0.9,0.9,0.7,0.6,0.9,1.5,0.6,0.9,0.8,0.8,0.7,0.6,1,1,0.8,1,0.8,1.2,2.1,2.5,1.5,1.1,0.8,1,1,2.4,2.5,1.7,2.3,2.2,1.8,2,0.5,0.6,0.4,0.6,,2.2,,1.4,1.2,1.4,1.6,2,,1.9,1.6,,1.3,2,1.6,2.1,3,3.2,2.5,3.3,3.1,3.6,1.2,,1,,0.8,1,1.2,0.8,1.1,1.4,,1.2,,1.6,,1.3,1.1,1.3,1.1,1.6,1.2,1.4,1.3,1,0.8,0.6,0.7,0.6,1.7,1.3,1.4,,1.1,1,1.1,1.2,1.5,1,0.8,0.7,0.8,0.6,0.8,1,0.9,0.9,0.8,0.7,1,0.9,1.5,1.3,0.9,0.9,1,0.8,0.8,0.8,0.6,1.1,0.9,1.1,1,1.1,1.3,,1.2,,0.8,0.7,,1,0.9,1,,0.9,1,0.7,1,,,2.8,2,2.7,2,,1.4,2.5,2,2.1,1.7,1.7,,1.9,1.9,,3.6,1.8,2.5,2.9,3.1,2.1,1.4,2,3.4,2.3,1.9,2,1.2,1.5,,5,3.1,5.4,4.5,3.9,2.7,1.7,1.7,1.6,1.1,1.3,1.1,2.4,3.1,3.9,4.5,2.7,2.3,2.5,1.4,2,1.6,1.3,1.6,1.5,1,2.7,1.7,1.4,,0.9,1.3,1.3,1.2,1.3,1.3,1.3,1.3,1.5,1.8,0.8,1.3,1.3,1.6,1,1.3,0.7,0.9,0.7,0.9,0.6,0.5,0.9,1.2,0.7,0.6,0.9,0.6,1.1,0.8,0.6,0.5,0.2,2,1.7,,1.9,1.9,1.9,1.7,2.1,1.9,2.1,,2.3,,1.6,1.6,1.4,2,2.1,1.5,2,1.5,1.5,1.7,1.5,1.6,1.7,,1.3,1.4,1.1,1.5,1.6,1.1,1.3,1.4,1.3,1.3,0.9,0.9,1,1.1,0.9,,1,,,1.4,1.5,1.5,1.2,0.9,0.9,1,0.9,1,0.8,1.1,1.5,1.1,1.1,1.2,1.8,1.3,1.4,1.2,0.5,0.5,0.9,0.9,1,1.1,1,1,1.1,1,1.2,1,4.9,2.1,2.4,2.1,0.7,0.7,0.6,0.5,1,,,0.8,0.9,0.7,0.9,0.8,0.8,0.9,0.8,0.7,0.8,0.8,1,0.6,0.9,,0.9,1.1,1.1,1.8,1.9,1.5,1.8,1.8,2.6,1.8,2.2,1.8,2.1,3,2.5,1.3,2,1.7,2.2,1.4,2.1,1.7,2.1,1.9,1.6,1.4,1.6,0.5,0.5,0.3,0.6,,1,0.7,0.7,0.8,0.9,0.7,0.6,0.8,1.2,2.5,3,1.4,1.7,1.7,2,1.8,1.4,1.1,1,1.1,1.4,1.2,1.3,0.9,1.3,1.1,1.3,1.8,2.1,1.3,1.1,1,1,1.1,0.9,1.3,1.3,1.4,0.9,1,1,0.5,0.3,0.5,0.7,0.4,,0.2,0.2,0.8,0.6,0.6,0.8,0.9,0.5,0.8,1,1.2,1.2,0.6,0.7,0.4,0.4,0.5,0.6,,0.9,0.5,0.6,,,1.6,1.1,0.7,1.5,1.4,1.7,1.6,1.4,1.4,1.4,1.3,,0.7,0.5,3,2.8,2.3,2.1,2.4,3,1.7,1.7,2,,1.6,3.6,,2.9,3.4,2,2.2,,1.7,1.7,2.5,2.7,2.6,2,,2.3,0.7,0.5,1.1,0.8,1.4,0.8,0.8,,0.6,0.6,0.5,0.7,,,0.9,0.4,0.8,0.4,0.6,0.5,0.3,1.2,1,1,1,1.3,4.1,5.1,3.4,5.5,1.7,1.3,1.5,1.2,2.7,2.1,3.1,2.3,1.1,1.4,1.6,2.3,1.4,3.1,3.1,1.7,1.9,0.9,1.2,1.2,0.6,0.9,1.2,1,0.8,1.6,2.5,1,1.4,1.2,3.1,0.3,1.2,0.7,0.7,0.7,0.6,0.8,0.3,1,0.9,0.9,1.1,0.4,1.9,1.1,0.6,0.9,0.9,0.9,1.7,1.4,1,0.7,0.5,0.7,0.6,0.5,0.6,0.5,,0.5,0.6,0.5,0.6,0.6,0.9,0.9,1.2,0.8,0.8,0.8,1,0.7,0.8,0.6,0.7,0.7,0.6,0.6,0.6,0.5,0.5,0.4,0.5,0.7,,0.7,0.9,1,1,0.6,0.6,0.6,0.6,1.1,0.9,,0.7,0.7,0.6,0.7,0.6,0.7,0.5,0.6,0.5,0.4,0.6,0.6,0.6,0.5,0.4,0.5,0.6,,0.5,0.4,0.7,0.6,0.6,1.1,0.7,0.3,0.6,0.6,0.7,0.5,1.2,1.4,1.2,1.1,1.1,0.6,0.4,0.5,0.6,0.7,0.3,0.4,0.7,0.6,0.7,1.5,1.6,1.6,1.3,1.7,0.6,0.6,0.8,0.7,1.1,1,1.2,1.2,1.3,0.6,0.7,0.6,0.8,0.4,1.1,1,0.8,1.4,2.2,2.1,1.6,,1.9,,1.9,1.9,,1.9,1.9,1.9,,1.8,1.4,1.3,1.4,1.6,1.8,1.5,1.6,1.7,1.7,1.4,1.4,1.2,1.3,1.3,1.1,1.2,0.6,0.7,0.9,0.8,0.9,1,1.2,1.4,1.4,2.1,1.6,1.3,1.3,1,1,0.6,1.4,1.3,1.3,,1.1,1.3,,0.5,1.1,1.3,1.4,1.2,1.3,1.3,1.2,1.2,1,0.7,1.3,1.4,0.9,1.1,1.4,1,1.1,1,0.9,1.1,1.4,1.9,1.6,1.6,1.4,1.1,1.2,1.4,1.1,1.5,0.8,,0.7,0.6,0.9,1.1,1.5,1,0.6,0.7,0.6,1.2,1.7,1.8,1.7,,0.2,0.3,1.3,0.9,1.4,0.9,1.1,0.9,1,1.2,0.7,1.1,0.8,0.7,1,1,1,1.1,1.4,1,1.2,0.9,1,1,0.8,1,1,1,1.2,0.9,0.7,0.9,0.9,1.1,0.7,0.7,0.8,0.7,0.7,0.7,0.4,0.4,0.7,0.8,0.8,0.9,0.5,0.4,0.5,0.2,0.8,0.8,0.9,,0.8,0.8,0.8,1,1,0.9,0.7,0.7,0.8,0.6,,0.8,1.1,,0.9,0.7,,0.6,0.7,0.5,1.1,0.6,,0.7,0.8,1,0.9,1,1.2,1.1,1.2,1.2,1.3,0.7,,,,,1.5,1.3,1.2,1,1.2,1.4,1.1,,1,0.9,0.8,1.1,0.9,1.1,0.9,0.8,0.5,0.6,0.8,1.4,0.9,0.9,,0.4,0.5,1.1,1.1,0.7,,0.7,0.9,0.8,1,0.8,1,1.1,1,2.1,2.5,0.8,1.1,1.7,1.1,2.1,,0.5,,0.4,0.3,1.1,1.4,1.3,1.4,1.3,1.5,1.3,1.2,0.8,1.1,0.8,1.1,,,0.7,1.3,1.9,2.3,0.5,0.8,0.3,0.2,0.5,0.6,0.7,0.6,0.9,1,0.8,1.1,1.2,0.7,,2.5,2.4,1.3,,1.2,1.5,1.8,0.9,0.8,0.9,0.3,0.3,0.5,0.5,0.9,0.4,,0.8,0.4,3,3.9,2.8,3.3,0.7,2.5,1.1,0.7,1.3,1.6,1.7,2,2.2,,3.1,3,2.7,2,1.9,1.6,0.3,0.4,0.6,0.9,0.9,1.1,2.6,0.6,1.9,1.2,1.7,1.6,1.4,2.5,3.2,1,2.2,2.1,0.3,0.3,0.6,0.5,0.8,0.6,0.7,1.3,1.2,1.7,0.8,0.8,2.6,1.4,1.4,1.2,2.8,2.2,0.7,0.8,0.7,1,0.7,1.6,0.6,0.8,2.1,1.7,1,2.7,2,1,0.7,1.3,0.7,1.4,0.9,1.1,0.3,1.1,1.3,1,1.5,1.2,1.4,0.8,0.8,0.9,2.9,,1.4,2,1.7,1.1,0.9,0.8,0.9,1.2,0.6,1.1,1.4,0.5,1.5,1.7,0.8,0.6,1.4,1.9,0.9,1.7,1.6,1.7,0.5,1.8,0.5,1.8,1,0.9,0.8,0.9,1.4,1.6,0.8,2.1,1,1.7,0.7,1.5,1.2,1.2,2.1
20171215,12,AQI,29,27,39,52,18,38,26,22,22,56,36,19,,,48,,42,38,38,,39,77,62,,64,60,,266,267,339,,212,258,137,58,53,56,53,54,56,71,73,79,,110,305,286,324,,178,224,237,169,122,196,26,,39,32,25,34,41,27,32,41,34,39,,36,94,87,79,226,265,260,253,211,251,238,328,,234,355,206,173,166,122,296,23,22,31,34,26,21,55,32,27,48,39,,35,25,55,41,42,,23,85,82,82,90,93,80,65,88,115,,48,55,61,54,59,41,39,62,50,50,166,95,79,,114,118,135,166,200,238,198,109,29,32,33,26,35,,42,20,32,35,30,27,40,45,43,54,52,46,30,38,40,26,39,48,40,45,39,28,39,40,26,30,133,,,,217,198,,162,247,230,,52,44,40,,41,46,45,39,54,35,49,36,48,,,,64,54,,58,70,70,42,46,,36,92,78,93,72,110,62,58,,56,,188,130,198,45,56,11,58,48,46,73,60,63,67,33,91,58,80,65,,92,63,54,70,52,56,69,65,58,,,26,,36,46,,47,60,62,25,23,34,,83,54,48,29,36,53,49,59,30,39,29,16,39,46,49,39,46,35,19,,29,,40,45,15,22,,19,,13,19,29,20,14,,28,227,204,223,223,234,239,235,230,85,185,207,132,223,150,207,209,168,216,217,241,221,,246,209,218,229,57,58,68,63,89,79,67,62,82,104,68,70,78,69,64,64,68,58,62,50,62,44,,53,50,53,48,47,35,52,32,54,60,55,61,52,63,67,35,51,45,70,63,64,85,64,51,67,47,51,56,52,41,30,82,70,65,87,70,68,66,64,59,65,58,55,55,53,51,50,63,74,63,53,,55,28,20,30,22,20,15,30,35,39,48,52,53,54,59,,83,82,78,122,69,108,70,,,85,82,83,87,78,,88,79,100,91,,,87,36,48,56,33,55,55,57,64,55,65,54,50,29,53,59,55,46,62,105,53,36,76,89,255,228,249,228,239,265,267,212,255,190,242,214,252,65,81,56,55,66,77,,82,89,52,,,,35,50,99,85,75,94,128,,73,62,68,65,68,72,53,51,58,54,57,77,46,55,70,29,62,39,47,37,30,59,54,21,24,51,30,35,54,30,79,63,59,67,36,35,22,56,31,45,39,30,35,52,23,,170,,145,125,129,145,201,,206,192,,200,180,159,186,210,206,241,257,232,246,144,,195,,110,138,168,147,107,85,,237,,246,,222,145,213,182,201,213,222,,103,94,135,127,137,199,178,,,20,22,15,43,29,47,36,32,68,43,45,80,89,90,97,73,92,58,89,77,61,43,44,60,42,41,43,26,47,44,82,85,64,38,23,,70,67,,94,102,89,100,50,42,25,17,,,,212,216,27,,22,23,23,39,210,192,,201,212,,302,334,338,308,348,263,272,249,264,250,271,36,33,20,,59,48,65,48,51,54,60,42,29,46,63,37,35,62,82,57,63,62,87,30,31,32,26,39,53,74,58,55,73,,98,80,25,72,35,60,72,60,79,65,73,95,112,75,144,90,54,63,63,59,53,49,50,57,58,39,39,45,36,29,39,35,13,216,178,,206,209,172,185,359,330,,,350,,165,148,153,246,254,249,211,215,199,180,195,204,224,,211,147,158,145,160,156,107,118,113,94,67,72,118,115,147,,82,,,68,93,87,73,54,15,19,16,20,23,20,26,23,16,26,42,54,36,16,40,51,133,137,145,134,52,55,59,60,67,84,156,69,123,108,79,90,130,75,109,,,113,130,106,129,145,85,103,,97,103,98,57,46,46,,45,60,52,122,223,150,213,59,102,64,70,42,,47,58,52,82,109,99,102,117,96,89,259,243,234,256,47,38,51,38,,21,49,81,59,46,21,49,52,50,77,63,74,228,224,245,231,198,156,114,113,175,150,163,213,185,178,80,87,113,137,107,150,107,94,84,99,108,107,43,51,40,35,35,31,35,40,,39,45,39,42,35,55,48,68,53,65,32,,68,74,35,56,40,48,,35,40,28,,,55,67,48,159,147,148,163,127,173,173,163,,51,75,454,287,418,,,226,59,55,66,52,85,312,,298,301,218,196,,215,198,67,62,68,172,,158,44,36,30,35,33,22,90,,29,51,31,27,,,16,33,25,20,36,49,36,33,31,20,33,25,46,52,55,49,29,24,36,20,64,65,75,79,59,45,30,59,52,80,109,118,124,107,117,45,33,60,85,50,49,112,79,30,153,76,90,26,281,40,149,25,79,54,42,118,125,132,82,,128,110,53,32,22,37,118,148,31,18,90,78,75,55,62,70,,83,82,68,73,72,124,149,144,49,54,41,60,54,55,16,16,20,39,38,23,32,40,45,46,132,,127,99,102,124,40,43,34,52,186,163,,29,19,53,63,50,27,20,30,43,20,30,23,33,35,26,31,50,,53,52,47,59,29,42,28,6,16,11,19,22,12,59,55,54,53,20,27,26,28,31,15,19,16,16,18,19,18,39,26,22,23,25,29,33,40,39,39,15,39,30,23,23,29,20,30,47,41,52,277,244,232,,232,,240,224,,126,215,160,,160,204,228,218,210,192,189,128,138,190,108,168,186,,170,180,160,28,38,52,54,64,99,99,105,112,118,128,142,148,35,54,64,135,123,137,,78,92,,58,57,52,52,52,98,102,85,109,104,45,36,33,33,38,43,29,28,32,25,28,74,77,72,69,58,14,14,35,12,40,30,,33,42,53,36,18,42,42,43,19,35,29,25,35,58,47,62,34,28,25,29,13,16,18,12,16,16,12,23,19,13,15,22,20,35,54,23,12,13,28,19,19,22,12,10,51,60,67,60,122,92,79,92,87,69,90,84,48,60,53,53,74,67,55,59,79,102,103,,76,127,105,114,98,117,65,46,35,55,,72,87,,57,78,,74,94,23,79,19,,38,17,18,38,33,37,29,39,33,36,39,,,,,35,46,16,15,18,16,22,,28,65,51,35,48,77,28,25,55,52,57,20,24,28,,35,38,81,72,50,,52,40,64,68,77,65,87,72,61,59,38,51,84,55,182,,33,,32,41,206,144,160,,22,33,36,32,108,114,124,100,,,53,57,50,128,43,45,46,64,33,22,68,46,66,73,60,104,63,68,,60,100,54,,89,128,120,130,92,58,50,56,51,42,44,35,,43,38,159,253,117,103,26,67,61,39,58,106,90,82,93,,114,136,110,148,145,144,33,23,35,70,62,84,133,23,247,42,130,36,58,236,325,200,100,77,49,67,63,54,26,82,122,256,239,206,90,28,73,86,41,97,35,48,78,36,75,50,29,43,64,62,33,25,33,33,57,42,65,147,56,175,43,74,63,223,169,108,134,45,128,77,84,78,303,,29,218,192,33,77,68,107,83,26,16,168,24,209,98,18,13,32,246,73,115,44,185,42,190,53,186,10,16,13,15,118,92,20,105,79,123,102,68,97,93,362
20171215,12,PM2.5,20,11,8,13,8,6,6,10,15,5,8,7,,,33,,29,26,26,,27,56,44,,18,43,,216,217,289,,162,208,104,21,31,23,22,19,26,46,53,58,,83,255,236,274,,134,174,187,128,92,147,18,,5,22,11,9,14,15,8,14,13,23,,20,70,55,58,176,215,210,203,161,201,188,278,,184,305,156,131,126,92,246,7,8,3,17,5,6,18,14,18,33,23,,24,16,22,20,22,,11,63,60,60,67,69,59,47,65,87,,31,34,40,33,42,12,18,44,30,25,126,71,58,,86,89,103,126,150,188,148,82,18,22,23,18,24,,26,14,22,24,21,11,28,31,30,38,32,32,21,23,28,18,27,33,25,20,27,19,20,25,18,21,101,,,,167,148,,123,197,180,,36,20,28,,27,32,31,20,38,24,34,25,33,,,,46,38,,41,51,51,29,23,,25,68,57,69,52,83,44,41,,31,,141,99,148,31,35,5,41,33,32,53,43,30,48,23,67,37,59,47,,51,31,30,51,34,32,50,47,41,,,18,,25,29,,25,34,31,17,10,13,,61,38,22,20,25,37,34,42,21,27,20,11,27,32,34,27,32,24,7,,18,,17,17,4,12,,13,,6,13,20,9,6,,19,177,154,173,173,184,189,185,180,63,139,157,100,173,115,157,159,127,166,167,191,171,178,196,159,168,179,40,41,49,45,66,58,48,44,60,78,49,51,57,50,46,46,49,41,44,35,38,30,,26,27,33,21,26,24,27,22,34,40,36,30,28,45,48,23,32,28,51,45,44,63,46,33,38,26,25,31,32,26,21,60,51,45,64,40,40,47,41,42,47,41,34,39,37,33,29,45,54,45,37,,28,16,12,21,15,14,8,21,24,19,17,24,22,17,35,,61,60,57,92,46,81,51,,,63,60,61,64,57,,65,58,75,60,,,64,10,33,33,20,39,39,40,46,38,37,33,25,20,30,36,35,32,41,79,27,15,54,42,205,178,199,178,189,215,217,162,205,143,192,164,202,37,39,17,25,47,42,,60,57,18,,,,13,20,74,63,55,70,97,,39,44,49,47,49,52,37,30,30,37,40,56,28,34,51,18,33,9,29,23,19,10,17,7,15,12,21,24,24,16,58,45,42,48,25,24,15,28,20,31,27,11,13,16,9,,129,,111,95,98,111,151,,156,144,,150,136,121,140,160,156,191,207,182,196,110,,146,,83,105,127,112,80,63,,187,,196,,172,111,163,137,151,163,172,,77,70,103,96,104,149,134,,,14,15,8,30,20,32,17,18,49,19,31,59,66,67,72,53,68,29,66,56,30,30,30,36,23,19,23,18,22,16,60,63,46,17,10,,46,48,,70,76,66,75,35,29,17,9,,,,162,166,5,,9,6,11,15,160,144,,151,162,,252,284,288,258,298,213,222,199,214,200,221,11,14,12,,37,27,30,33,30,34,43,29,17,19,45,13,20,44,41,34,45,44,64,10,21,8,13,7,37,54,41,32,53,,73,59,17,52,24,43,40,43,58,47,53,71,84,55,110,67,38,45,45,42,37,34,35,40,41,27,27,31,25,20,27,24,5,166,134,,156,159,130,139,279,280,,,300,,125,113,117,196,204,199,161,165,149,136,146,154,174,,161,112,120,111,122,119,80,89,85,70,48,52,89,87,112,,60,,,49,69,64,53,38,10,13,11,14,16,14,18,16,11,18,29,38,25,11,22,11,101,104,111,102,36,39,42,43,48,62,88,50,59,81,58,67,99,55,82,,,85,99,70,98,111,63,77,,72,77,73,40,15,19,,31,29,35,92,173,115,163,42,53,40,51,18,,21,41,26,25,82,74,76,88,63,66,178,193,184,206,25,26,10,24,,7,16,47,23,32,14,34,34,35,56,45,40,178,174,195,181,148,119,86,85,132,115,124,163,139,134,59,64,85,104,80,115,80,70,62,74,81,80,30,33,28,21,24,,20,28,,27,31,23,29,23,39,33,49,37,47,17,,49,54,24,21,19,29,,21,28,19,,,39,48,9,121,112,113,124,96,131,131,124,,34,25,431,237,376,356,,176,20,10,25,17,12,262,,248,251,168,147,,165,148,43,44,31,130,,120,16,25,21,10,8,8,67,,20,26,7,10,,,4,23,5,13,23,34,25,11,18,9,11,9,32,31,39,25,10,11,25,9,46,28,43,58,24,31,21,42,36,59,82,89,94,80,88,30,16,33,55,28,32,84,58,13,117,52,67,7,231,16,114,17,58,38,29,89,95,100,49,,97,83,37,15,15,10,89,113,15,11,67,57,55,,44,51,,61,60,49,53,52,94,114,110,34,38,23,43,38,39,8,9,8,27,4,7,15,28,31,32,100,,96,74,76,94,24,30,21,36,140,124,,12,13,37,45,35,11,8,12,11,4,21,16,23,24,3,21,35,,37,30,28,30,20,29,19,4,11,3,13,9,5,42,39,38,37,14,12,18,16,10,10,13,11,11,12,13,12,27,18,15,16,17,20,23,28,27,27,7,27,21,16,16,20,14,21,31,28,34,227,194,182,,182,,190,174,,,165,122,,122,154,178,168,160,144,142,97,105,143,,127,140,129,129,136,122,19,26,36,38,46,74,74,79,84,89,97,108,113,24,38,46,103,93,104,,57,68,,41,40,36,36,36,73,76,63,82,78,31,25,23,23,26,30,20,19,22,17,19,54,54,52,50,40,7,8,8,8,28,21,,23,29,37,25,6,29,29,30,13,24,17,17,24,15,31,44,22,19,17,20,7,11,12,7,11,11,8,9,10,9,10,15,14,20,21,16,8,9,13,13,13,15,5,4,25,29,23,34,92,68,58,54,64,50,67,62,33,43,,37,54,48,39,42,58,76,77,,52,96,79,86,73,88,47,28,24,39,,52,64,,32,57,,54,70,16,58,13,,10,9,11,19,17,17,4,27,12,14,27,,,,,13,10,8,10,8,9,15,,15,47,19,24,16,56,16,9,32,21,40,12,10,15,,24,16,48,42,26,,17,20,43,49,54,27,42,45,37,23,19,21,62,27,137,,18,,18,19,156,110,122,,8,13,16,16,81,86,94,75,,,15,37,,97,21,22,27,46,12,,30,20,41,53,35,78,22,40,,43,75,34,,66,97,91,57,56,36,27,18,19,19,14,23,,14,16,121,203,88,77,2,48,38,17,41,73,62,60,69,,86,67,83,113,111,110,7,7,24,51,44,50,101,10,197,29,99,25,41,186,275,150,73,56,34,48,39,31,18,60,92,206,189,156,67,19,30,24,12,60,11,33,57,21,55,35,20,14,46,44,23,17,8,23,39,24,47,112,34,132,26,54,45,173,128,81,102,31,97,56,62,57,253,,20,168,144,14,54,11,80,61,4,11,127,14,159,73,7,7,22,196,24,87,21,139,29,143,37,140,7,7,7,10,73,63,14,79,58,93,76,49,72,69,312
20171215,12,PM2.5_24h,80,52,67,62,66,67,70,78,83,57,65,75,,,88,,82,87,79,,80,81,84,,83,98,,150,161,207,,159,154,119,72,90,75,79,82,83,58,64,68,,77,169,160,186,,144,149,152,173,141,151,39,,32,43,49,59,72,70,78,55,83,86,,87,103,100,108,121,145,152,172,137,165,169,315,,268,361,275,318,298,276,326,57,41,31,55,46,45,57,58,106,137,117,,129,129,117,128,116,,139,51,56,50,54,39,43,43,77,60,23,65,75,90,80,75,55,87,88,84,85,103,82,58,,80,82,104,103,106,102,121,125,15,18,13,15,17,20,15,12,13,16,26,23,32,30,39,40,31,37,24,21,24,24,22,24,26,20,24,21,19,19,25,19,67,,,,131,122,,104,135,132,,37,25,32,,24,39,27,27,35,25,31,30,33,,,,32,36,,31,33,35,26,24,,28,55,39,39,39,46,31,27,,19,,91,69,91,26,35,13,31,27,30,45,35,25,39,23,40,39,42,36,,57,37,28,33,26,26,37,38,33,,,20,,28,30,,25,28,29,17,10,12,,44,60,24,23,23,25,22,31,31,34,29,28,34,36,31,33,34,38,9,,18,,16,15,11,17,,22,,15,20,38,21,16,,18,139,152,174,155,182,161,181,150,45,86,83,65,82,60,83,89,69,138,145,167,154,140,158,139,139,160,37,36,39,38,48,51,40,42,48,69,41,50,49,51,44,46,46,40,48,52,38,32,,24,34,32,20,33,23,35,25,39,38,34,28,27,46,53,21,33,29,66,52,73,60,53,26,31,33,32,38,29,27,22,59,52,45,53,45,43,50,39,44,48,41,39,61,44,41,37,43,51,52,43,,39,16,21,20,13,25,13,18,31,12,13,15,12,12,34,,51,45,51,57,36,56,51,,,50,52,45,47,48,,79,78,79,83,,,74,20,24,23,25,28,32,34,26,24,22,28,19,22,22,28,31,33,36,56,20,18,33,18,175,168,172,166,163,185,176,165,190,152,183,170,168,42,53,30,39,52,89,,94,80,70,,,,65,72,67,74,64,67,70,,22,44,51,51,50,53,29,24,23,30,30,40,19,31,49,27,27,35,30,30,39,34,40,24,38,36,101,120,81,101,37,33,36,35,102,102,70,110,88,65,76,14,15,15,13,,139,,101,108,116,124,134,,141,127,,132,148,156,145,188,253,131,151,176,179,90,,104,,74,52,66,58,29,44,,111,,111,,108,87,99,107,135,127,141,76,78,75,40,40,38,144,126,,,19,21,13,32,29,28,20,21,33,22,32,70,71,76,83,63,82,58,67,65,49,25,28,32,23,19,32,19,26,15,80,82,66,22,12,,41,41,,45,54,43,36,55,48,31,12,,,,135,150,69,,72,60,74,74,103,103,,107,110,,188,161,198,193,190,180,187,185,159,172,182,92,83,95,,158,99,185,139,154,105,80,144,103,63,95,33,138,79,128,132,86,64,97,72,90,84,74,75,86,50,93,93,76,,47,94,80,89,71,121,60,62,70,86,44,91,80,68,96,64,41,57,55,44,39,40,38,38,50,32,28,34,29,34,32,30,5,168,137,,135,133,121,136,176,179,169,,189,,101,93,92,149,144,140,158,140,131,120,132,141,149,,142,118,119,107,116,112,91,94,99,62,52,47,52,76,48,,59,,,50,71,56,59,53,14,18,17,19,15,13,8,16,14,30,26,19,28,17,13,10,86,79,94,86,46,42,45,40,51,49,58,39,46,42,48,52,45,49,93,,,96,93,66,82,94,59,66,71,64,66,66,24,16,13,,23,29,32,181,173,182,166,152,186,137,138,98,,104,106,117,145,170,164,156,180,150,144,134,155,149,161,31,17,15,25,,72,51,34,51,26,11,25,48,31,50,52,45,145,129,164,152,74,65,94,71,75,66,62,76,67,69,44,46,67,74,44,66,34,31,31,48,40,40,23,24,24,13,17,,25,24,,21,20,19,40,31,36,34,36,31,36,24,37,41,39,18,18,26,33,,15,40,36,,,71,80,18,109,84,110,106,118,155,122,147,,31,22,138,119,123,108,109,130,151,138,155,24,150,220,,189,217,131,118,,134,121,181,165,158,138,,135,19,28,19,43,32,40,40,,17,30,20,31,,,26,24,23,16,30,40,35,68,58,59,55,59,145,189,146,178,139,118,119,111,148,103,145,115,99,106,68,82,75,101,117,93,78,46,47,73,33,40,60,36,43,88,132,25,48,48,92,11,69,28,44,31,32,38,21,54,59,48,43,45,76,78,23,22,26,24,60,66,48,15,58,50,45,42,40,38,,68,52,46,45,46,80,85,95,40,50,44,52,45,46,30,25,26,42,5,9,14,28,29,27,67,,65,63,68,79,28,32,23,34,97,99,,31,38,37,38,35,12,11,13,13,7,18,14,16,34,2,14,17,,21,19,19,21,19,24,16,10,12,9,13,15,16,32,31,26,29,25,21,25,24,18,18,23,21,22,22,17,22,25,25,21,25,22,25,28,30,30,26,28,28,26,25,21,23,15,21,23,22,30,134,122,118,,132,,127,160,,175,154,104,,105,137,157,153,147,138,131,88,96,134,149,109,114,97,132,134,127,29,38,50,45,52,46,75,78,69,116,119,126,137,31,41,43,121,110,123,,48,55,,40,39,38,34,45,60,62,52,83,80,30,34,30,39,32,28,23,27,30,28,26,64,61,51,45,49,15,22,18,16,18,33,,25,36,31,26,23,23,33,34,15,19,20,21,26,26,33,39,18,15,20,22,10,3,10,10,14,11,6,9,12,4,9,13,20,14,20,21,15,8,15,13,20,21,8,7,42,63,47,68,68,56,48,48,64,65,69,68,44,51,40,50,65,69,63,69,44,56,66,,33,84,74,78,80,80,55,56,46,59,,63,81,,32,64,63,52,75,17,33,15,,23,16,19,28,34,32,33,32,39,20,23,,,,,13,21,15,16,11,10,18,,14,24,18,27,31,20,9,10,19,21,29,11,18,24,,23,19,21,16,38,,15,20,26,37,27,23,19,15,49,42,13,13,28,19,104,,8,,8,11,113,109,113,115,47,48,50,44,72,82,72,105,,,23,93,102,108,38,36,16,39,27,46,32,29,63,67,52,61,65,46,,46,60,38,,78,83,69,44,28,26,30,30,27,18,22,22,,24,30,125,161,72,64,8,55,38,25,40,71,72,67,118,,150,56,107,105,118,111,13,21,32,49,40,27,29,14,99,29,66,77,91,157,221,124,125,188,37,31,31,26,21,44,59,137,108,145,86,16,27,21,22,64,152,110,45,25,58,47,33,85,34,45,75,93,51,68,98,27,47,82,26,70,28,41,29,131,121,51,81,34,111,47,50,48,179,,84,157,129,23,39,98,79,37,27,37,140,20,153,84,16,10,81,123,85,52,70,130,22,146,27,128,30,44,31,33,46,74,50,71,48,91,82,50,68,67,197
20171215,12,PM10,,27,39,54,14,38,26,11,,61,36,8,,,,,,,,,,,,,77,,,292,295,302,,179,251,109,65,55,62,56,58,62,91,77,83,,142,299,314,334,,169,234,255,181,166,206,,,39,31,14,34,41,27,32,41,34,39,,36,128,124,104,216,227,240,241,243,247,224,,,268,333,305,207,179,141,310,23,22,31,34,26,21,59,32,27,36,39,,29,25,59,41,42,,23,87,80,80,98,125,89,60,96,108,241,48,60,72,58,50,41,39,,50,50,158,97,86,,94,116,140,172,164,,180,116,29,26,26,,34,,,16,29,,27,27,36,31,32,,53,,27,38,,,,,40,45,34,25,39,40,23,27,129,,,,179,,,184,219,207,,,44,31,,41,43,42,39,,32,44,35,46,,,,64,43,,,,,34,46,,26,71,64,80,66,83,63,55,,62,,,116,,39,61,11,54,47,42,72,62,75,68,28,132,65,86,75,,133,75,58,61,54,61,80,56,54,,,20,,,46,,47,69,74,20,21,34,,61,38,48,21,32,,36,47,,,,,,,,,,,10,,29,,40,45,5,22,,,,7,,,9,7,,,292,291,206,232,,272,312,319,96,173,212,162,223,204,175,210,200,174,176,208,,,209,194,186,190,,,52,,,,,,,,,,,,,,,,,35,74,44,,56,50,55,48,47,30,54,26,57,70,59,72,53,75,74,35,51,45,76,72,77,93,46,51,83,47,51,62,54,41,27,81,81,80,104,89,86,82,78,56,78,55,59,59,49,51,50,71,71,57,54,,59,28,20,26,21,20,,25,,39,48,53,56,58,67,,92,105,74,122,88,113,63,,,98,88,69,,81,,79,76,100,131,,,90,36,36,62,33,48,55,61,64,59,79,58,50,27,56,67,59,,74,147,55,36,101,128,290,216,268,249,262,266,279,226,299,179,242,232,267,79,112,62,59,82,104,,113,128,54,,,,35,50,112,84,57,101,,,95,,55,,,,43,51,66,57,49,61,46,60,,29,74,39,47,37,30,68,58,16,23,52,29,,57,30,84,55,54,72,36,26,,62,31,,,30,35,53,23,,146,,132,95,110,118,195,,159,195,,198,183,136,,196,208,287,245,256,221,187,,235,,101,132,,139,101,101,,251,,277,,274,167,194,185,169,208,219,,122,106,128,121,129,187,210,,,18,15,10,,,47,36,32,74,43,,,67,68,,54,,65,118,73,72,43,44,69,42,41,43,,47,44,95,89,74,38,23,,90,82,,112,100,96,104,45,,,17,,,,213,204,26,,22,23,15,22,191,179,,173,302,,309,365,307,278,332,272,,,263,209,,36,33,15,,68,48,79,43,51,57,50,31,29,46,,37,35,68,114,64,57,46,87,30,31,32,26,39,50,63,49,59,71,,106,,,,24,,93,63,68,78,73,80,98,56,,101,,,,,,,36,,43,,,,,,,,13,215,189,,235,198,176,186,467,319,,,305,,156,142,149,230,253,246,210,199,206,200,184,217,205,,177,140,138,,,,102,117,87,80,68,56,,,,,63,,,,83,74,68,56,12,17,13,14,,20,24,,14,25,37,,,12,40,52,160,140,151,159,39,55,52,43,,89,262,88,196,150,69,69,112,,120,,,89,124,161,123,150,85,106,,104,105,126,48,46,46,,37,69,53,138,202,172,250,42,154,77,62,42,,47,55,53,114,147,122,132,170,142,122,391,283,285,257,47,,52,38,,20,49,111,68,,21,,54,48,58,64,72,201,223,301,335,175,,109,97,156,198,181,189,224,184,65,74,104,136,163,143,142,123,100,106,120,112,41,52,37,35,34,31,35,36,,31,,39,29,35,58,43,,,,32,,55,68,31,62,40,48,,35,30,25,,,43,,48,128,131,124,140,162,166,189,181,,51,100,449,,408,,,,67,59,81,54,119,325,,291,315,227,238,,232,257,84,69,85,,,131,44,32,28,35,33,22,100,,29,51,31,17,,,10,,25,,36,34,34,33,31,14,33,25,43,53,53,49,29,24,26,20,59,79,99,108,68,,27,48,45,90,123,114,130,121,97,45,33,69,119,50,49,93,79,30,181,102,123,26,370,40,228,23,,53,35,,,,113,,151,91,53,32,,37,106,119,31,18,92,,55,60,53,56,,70,61,58,54,60,,,,40,42,41,,54,,,16,20,,38,23,32,,41,,,,,,81,,40,38,34,38,142,126,,29,18,,57,,27,12,30,43,4,29,23,23,34,,31,37,,49,54,47,67,28,,23,,,10,,22,,48,51,44,39,18,27,18,28,31,,,,12,,14,12,,,19,17,,,28,29,29,34,11,28,24,20,,25,18,28,47,41,53,285,296,288,,238,,251,198,,201,188,,,157,197,206,204,197,146,144,153,177,175,165,161,,,159,162,156,28,27,52,44,51,103,108,83,120,102,,114,,26,,74,,,,,64,,,,,53,,,83,,70,83,92,,,,,,,21,20,,21,24,77,104,68,55,65,9,11,35,9,,24,,24,,,32,12,35,42,,18,25,29,18,33,65,47,53,34,23,17,21,,,,10,15,11,10,23,19,13,11,,20,35,57,18,11,10,28,16,17,17,9,,51,69,83,70,108,80,81,133,88,77,91,,43,55,56,39,57,57,57,53,77,109,111,,101,127,133,131,129,146,50,46,33,,,75,95,,64,100,,98,104,16,100,14,,38,17,14,38,33,37,29,28,33,36,,,,,,35,46,16,14,18,16,22,,28,75,51,34,48,,19,22,59,53,,20,21,28,,31,38,111,94,50,,54,40,77,79,104,80,124,93,72,68,38,51,85,59,276,,33,,32,41,197,124,137,,20,33,36,32,91,132,107,100,,,56,63,50,176,43,45,46,51,33,,85,46,81,88,69,108,76,86,,68,140,57,,112,121,137,210,134,66,50,61,51,42,44,35,,43,38,196,270,128,84,4,64,71,39,54,162,130,106,119,,100,222,114,138,145,120,33,23,30,54,51,118,,23,228,30,,29,,284,345,223,149,74,44,,76,57,21,87,,227,328,222,84,22,96,122,41,144,35,41,95,36,68,46,,43,71,52,28,22,33,27,64,42,,143,61,157,43,67,51,182,154,153,132,43,,80,69,91,310,,20,188,230,33,103,86,83,74,9,,174,24,218,142,18,13,,235,96,162,44,175,35,172,,153,10,10,13,14,185,134,18,97,86,113,99,53,,,316
20171215,12,PM10_24h,79,68,88,83,80,84,55,84,99,77,88,43,,,123,,84,55,99,,83,79,103,,83,,,194,216,252,,182,191,150,111,122,118,121,129,125,88,97,105,,130,199,205,241,,176,185,191,222,204,194,80,,82,88,101,135,134,103,163,111,121,126,,116,128,135,132,157,166,166,199,192,207,189,377,,332,396,325,405,329,330,413,118,88,69,116,77,89,100,87,162,183,169,,170,203,197,181,163,,182,80,79,59,81,81,72,52,124,82,102,90,90,120,90,83,91,101,95,103,105,97,109,78,,89,110,134,146,117,102,109,133,37,32,28,24,29,31,27,24,27,31,41,38,46,36,43,45,55,38,46,37,34,33,31,34,52,51,37,25,34,31,32,27,85,,,,148,100,,153,154,154,,40,48,39,,43,60,51,53,40,42,50,42,48,,,,46,47,,47,37,45,35,39,,32,60,47,48,51,57,46,38,,46,,74,84,89,37,58,19,46,38,43,68,57,61,61,33,73,64,67,63,,84,74,57,38,48,51,52,48,56,,,36,,46,47,,41,44,44,23,24,29,,50,38,34,30,32,28,26,40,27,33,26,,24,33,28,28,20,33,14,,30,,34,28,16,35,,24,,14,26,20,17,14,,24,196,212,206,189,,190,242,195,87,148,117,130,130,127,138,147,138,152,160,188,168,157,175,177,156,181,29,,46,43,,56,43,49,36,,,,,,,47,,,,38,58,48,,41,48,43,30,44,26,40,24,65,62,60,60,54,83,82,39,61,47,92,77,91,84,63,48,60,45,56,72,48,38,31,64,73,70,76,72,72,66,70,49,57,49,49,74,51,47,55,63,65,55,44,,50,22,25,31,17,34,25,21,36,33,33,36,32,36,61,,70,63,69,75,66,88,76,,,68,73,60,72,80,,103,106,110,130,,,105,49,32,42,44,34,53,51,37,38,47,67,42,36,68,57,77,71,63,101,45,41,56,70,207,191,243,224,218,218,212,225,284,177,218,223,220,114,113,97,106,107,138,,145,150,119,,,,108,130,100,88,79,83,74,,53,33,55,40,28,31,44,47,54,48,40,52,40,64,65,71,78,93,64,78,90,98,89,68,74,86,136,158,143,133,58,44,48,53,138,149,107,167,141,119,112,28,29,33,22,,149,,126,127,149,134,175,,171,167,,173,208,189,164,227,236,174,187,234,232,160,,172,,102,87,79,88,43,87,,139,,154,,162,120,128,138,156,150,169,113,111,102,62,60,56,198,205,,,19,20,17,48,84,42,36,38,53,49,71,67,61,67,58,74,52,101,94,74,81,38,40,56,44,54,56,24,33,24,84,85,77,27,20,,69,68,,77,77,75,62,53,52,39,34,,,,178,192,116,,115,92,104,113,127,130,,125,156,,238,201,238,220,226,244,148,126,222,190,163,158,151,139,,212,162,276,190,235,151,98,160,142,97,142,78,206,109,302,189,149,105,161,113,104,111,88,84,98,56,106,107,96,,61,117,93,110,109,129,93,96,97,138,62,92,100,77,106,95,42,53,54,43,45,46,46,48,60,,32,,,,35,28,8,190,161,,172,177,188,158,245,210,201,,199,,125,124,121,186,176,170,216,162,162,146,145,161,163,,153,143,142,106,,,122,125,109,65,62,56,64,80,57,,70,,,62,80,71,75,74,13,21,14,17,,18,21,16,14,31,32,26,27,20,30,27,114,104,115,120,50,49,59,42,48,67,143,76,118,94,75,72,64,63,125,,,111,122,135,119,130,79,94,112,97,90,101,35,30,27,,30,57,46,227,215,225,214,204,218,162,157,109,,136,149,187,196,208,201,210,218,220,207,253,234,234,199,70,53,74,51,,110,80,101,96,40,25,45,61,48,94,84,103,140,148,212,199,112,105,142,100,106,119,96,104,118,92,57,58,101,108,96,99,58,62,53,73,69,66,49,52,40,26,36,31,36,37,,31,29,38,42,46,54,45,49,40,36,34,50,53,54,33,31,42,57,,49,47,44,,,96,104,43,145,123,145,164,167,177,169,189,,55,59,190,146,150,118,122,129,129,227,225,64,241,277,,255,267,175,181,,175,192,228,180,212,146,,134,43,51,40,62,63,56,73,,34,58,50,55,,,39,27,49,29,54,54,49,99,91,45,92,94,228,256,203,270,168,199,177,151,164,143,229,189,149,138,103,94,84,167,197,133,114,86,65,76,62,57,68,54,57,114,168,38,73,95,175,26,114,45,64,33,48,55,26,67,56,52,69,58,111,137,33,38,42,45,88,91,58,18,71,51,47,54,45,40,,85,61,58,51,55,93,89,102,49,54,55,64,60,47,34,30,16,41,36,23,23,29,43,36,,,80,85,87,84,45,42,33,40,120,121,,46,47,45,54,40,24,15,25,23,10,23,20,26,24,10,21,21,,28,27,27,36,28,30,26,15,18,17,19,18,17,43,47,36,36,29,41,33,38,35,21,32,25,31,31,19,15,31,28,27,26,28,31,33,35,35,32,34,33,28,28,19,32,21,34,34,37,39,167,170,161,,160,,166,172,,189,172,147,,115,174,180,185,180,146,140,122,157,145,128,134,122,131,175,178,175,46,44,59,53,61,65,82,86,85,116,130,107,,42,47,67,,,,,60,55,,45,37,45,41,45,73,60,60,106,99,17,24,29,48,27,34,28,19,36,28,27,119,105,89,70,69,21,36,45,21,27,35,,24,39,44,49,51,36,43,72,22,33,35,33,31,41,52,74,27,20,26,29,12,15,14,13,14,17,9,14,16,9,12,19,22,30,34,23,23,12,30,22,23,24,13,8,75,69,81,94,98,67,66,95,101,86,96,91,63,68,75,62,79,104,86,95,73,93,96,,81,116,111,100,116,103,70,85,66,81,,87,118,,77,107,116,116,120,32,63,39,,43,21,27,43,50,54,55,49,47,51,27,,,,,40,34,23,23,24,19,26,,19,49,42,52,55,62,29,22,31,42,40,26,36,45,,28,39,38,35,65,,44,48,55,59,59,56,118,35,100,111,25,26,71,53,222,,28,,22,31,131,125,132,126,69,73,80,74,80,98,84,129,,,73,127,163,183,77,85,54,53,76,87,64,64,97,88,86,119,146,72,,96,128,84,,126,114,119,116,106,67,60,85,65,46,52,45,,64,59,201,212,106,96,13,55,56,49,54,147,151,129,276,,212,183,150,145,156,137,25,47,43,51,47,56,84,32,133,36,90,75,96,217,275,174,177,227,46,38,57,54,34,52,73,148,175,213,113,19,77,68,78,114,234,150,74,45,70,64,48,123,54,54,81,109,100,118,143,49,59,95,41,83,46,60,36,145,144,71,109,48,,71,71,75,211,,87,175,166,30,74,115,100,47,45,62,176,33,175,141,26,14,91,158,155,84,104,164,31,177,47,166,40,33,47,41,141,129,67,103,71,136,112,57,78,77,227
20171215,12,SO2,2,6,4,3,4,2,3,6,3,7,2,1,,,5,,11,6,8,,6,8,7,,13,19,,9,12,22,,26,16,36,14,14,22,33,27,21,38,33,38,,55,9,17,21,,34,46,30,33,32,34,,,10,6,10,11,11,14,12,11,8,5,,5,20,31,28,13,18,18,32,37,29,29,74,,74,,78,60,52,49,102,13,15,16,9,19,27,17,13,12,17,20,,18,17,21,24,19,,14,36,29,31,32,40,21,19,35,41,44,40,39,27,55,76,27,7,69,6,4,47,26,23,,106,62,71,112,60,44,40,50,9,7,8,10,9,8,9,7,7,11,11,10,7,6,4,10,9,5,12,7,6,4,12,7,8,15,10,12,10,10,12,15,47,,,,19,8,,11,21,,,6,3,7,,14,9,5,9,6,7,9,8,8,,,,9,11,,3,4,,6,6,,6,9,9,15,12,6,13,12,,10,,,10,12,13,12,6,13,11,10,12,10,5,14,10,16,14,14,10,,16,13,9,13,9,11,12,4,14,,,6,,4,9,,8,11,9,5,8,9,,15,9,6,5,6,5,4,5,4,4,4,4,7,6,6,3,1,3,5,,32,,8,8,2,3,,4,,3,5,8,6,4,,7,9,13,18,13,12,11,25,19,19,8,24,21,25,17,22,13,17,25,23,19,26,17,14,30,24,20,5,3,4,5,4,2,2,3,5,5,4,5,,3,5,6,3,2,6,6,13,11,,6,6,11,6,14,11,11,12,8,6,8,7,11,10,8,6,9,10,10,17,14,16,17,11,20,9,9,13,34,17,15,26,26,32,28,26,20,16,11,23,39,29,15,14,11,9,8,10,12,9,12,,14,11,20,17,8,12,,9,9,4,6,4,4,7,7,,14,17,15,8,18,10,12,,,22,13,15,9,17,,11,7,7,11,,,13,11,17,25,10,20,55,46,38,17,40,15,7,12,11,15,13,,8,7,6,2,15,7,27,35,34,27,33,24,28,41,26,36,27,20,36,36,41,34,44,45,27,,33,28,35,,,,19,52,6,15,14,17,21,,13,7,8,8,9,3,12,6,8,8,4,15,7,6,4,11,10,9,12,9,11,22,22,13,15,23,14,15,7,9,37,31,29,40,43,26,23,53,19,17,23,8,9,10,5,,46,,19,23,34,16,16,,20,16,,11,19,27,20,16,25,16,33,21,,124,,32,,25,12,24,34,18,22,,25,,25,,23,27,27,21,,22,35,11,8,7,17,10,12,30,27,,,10,10,9,11,9,12,10,9,18,13,12,20,13,23,27,19,36,9,52,55,37,8,7,7,10,8,8,3,13,10,17,19,17,6,6,,21,23,,,30,34,25,9,6,8,9,,,,15,20,15,,19,21,12,116,,,,42,67,,174,130,,112,163,141,178,109,147,161,153,13,11,8,,23,18,17,35,115,28,26,18,17,17,14,14,12,29,25,22,53,57,34,27,22,17,23,24,6,24,19,22,18,,23,22,7,41,11,19,31,42,53,36,22,12,30,35,58,25,8,7,11,9,11,13,11,,18,7,11,18,10,11,16,4,3,41,25,,41,46,20,29,20,22,,,14,,26,19,24,11,10,6,8,23,29,19,26,27,25,,18,11,9,12,10,12,9,27,12,6,5,7,4,3,6,,5,,,4,7,7,6,4,5,11,10,9,6,6,6,9,3,4,56,8,17,4,1,1,15,22,30,17,18,16,15,14,17,14,125,27,103,96,10,4,20,18,25,,,17,11,21,,18,2,2,11,7,1,,47,9,12,,18,23,15,19,35,27,24,18,36,32,31,,,27,20,8,,25,14,15,19,12,19,42,37,32,,13,13,15,7,,32,50,86,51,4,7,10,6,6,6,10,8,26,20,11,21,14,22,14,10,22,19,27,6,16,16,15,19,10,13,10,10,12,16,10,10,26,10,12,15,15,4,4,16,12,22,,3,5,8,5,6,6,2,3,9,11,12,,5,5,8,9,10,12,,11,4,1,,,23,28,16,17,9,5,8,16,14,26,13,,24,37,39,74,36,34,61,54,52,28,79,63,56,209,,199,198,59,45,,45,,28,24,45,30,,53,12,12,9,25,15,10,6,,11,39,9,17,,,12,16,41,29,9,10,8,17,20,9,7,8,27,25,18,23,18,19,20,13,122,38,69,153,116,21,18,7,26,33,31,75,58,20,12,23,20,99,155,60,9,44,29,11,67,26,51,17,21,22,35,12,18,17,22,17,18,19,18,16,19,,5,11,7,8,33,37,34,7,6,17,62,8,14,4,,28,4,8,25,14,10,9,14,9,18,5,8,5,8,21,5,12,8,4,7,4,20,2,15,5,,,12,6,17,15,19,4,7,11,19,,27,40,19,27,8,1,4,10,6,2,11,9,18,17,2,23,28,,15,12,9,8,6,10,8,4,5,5,23,9,4,32,16,21,14,25,22,7,9,18,1,13,10,13,22,1,1,6,6,1,11,11,18,14,16,10,21,1,21,4,7,7,7,4,3,25,16,18,6,8,7,,,,6,9,,14,8,14,,14,13,14,12,16,14,11,13,15,10,10,12,11,6,14,,11,8,4,7,6,5,14,28,17,35,19,18,14,8,4,3,4,13,20,15,,7,5,,5,1,2,2,1,5,7,5,5,3,8,15,16,9,10,7,10,14,13,7,16,4,5,6,8,1,10,7,7,15,5,3,,5,6,,4,1,3,5,1,3,2,10,3,9,5,7,,3,8,5,6,6,6,,8,13,11,3,5,7,5,3,,9,23,95,1,3,4,5,15,7,6,,6,15,20,14,10,18,11,17,10,7,10,11,50,14,9,31,3,4,,6,3,15,18,17,,15,21,12,13,13,14,15,1,10,1,,5,10,,8,9,,9,4,6,25,8,,20,11,8,23,19,16,10,24,51,36,16,,,,,2,5,11,12,18,2,8,,73,,10,21,59,,13,8,8,7,9,13,17,12,,3,9,19,7,8,,3,17,27,24,13,11,26,13,6,7,5,7,12,7,7,,1,,5,4,29,16,17,26,15,28,22,20,12,20,33,10,,,7,14,32,48,11,8,13,22,13,7,18,8,,24,16,58,46,4,,20,45,20,,40,24,16,62,49,23,22,20,24,7,14,8,,14,10,21,34,26,14,6,12,7,7,15,14,12,3,3,,8,10,3,39,67,31,4,14,9,10,15,12,48,3,121,14,18,5,6,29,220,74,79,19,2,9,12,11,8,20,5,19,26,8,11,11,15,16,18,41,18,12,19,4,5,5,5,4,18,5,6,18,74,25,60,8,14,16,8,10,10,13,7,10,40,20,31,11,18,11,19,16,119,,5,8,37,8,30,17,13,9,22,7,34,7,24,13,4,3,9,11,34,23,13,34,7,51,15,16,16,47,34,35,16,39,20,36,9,17,10,4,5,,13
20171215,12,SO2_24h,12,12,16,11,15,18,14,18,10,17,16,11,,,15,,21,24,18,,19,16,17,,13,8,,18,18,27,,22,22,23,27,30,34,36,39,28,29,49,40,,38,9,19,38,,24,36,31,30,28,26,23,,26,21,21,32,36,36,50,39,18,17,,20,31,36,35,8,14,15,23,26,19,20,121,,73,187,256,161,256,62,164,25,31,31,30,25,20,26,21,74,83,91,,83,109,87,91,102,,97,33,41,26,30,21,17,13,34,27,29,101,142,52,59,67,24,27,53,25,30,55,50,24,,134,112,98,102,102,21,55,61,9,7,9,9,9,8,8,7,7,9,13,10,7,6,4,9,8,4,13,8,6,7,13,8,6,16,10,15,11,10,19,16,28,,,,22,6,,10,20,9,,6,6,7,,15,10,6,10,7,8,10,10,10,,,,14,17,,2,3,4,6,5,,6,8,6,14,10,6,7,9,,9,,2,6,6,13,11,6,8,9,9,10,8,5,13,8,15,14,13,12,,10,12,9,10,8,9,8,7,13,,,7,,10,13,,18,6,6,5,8,10,,16,14,5,5,6,5,3,5,4,3,4,4,7,3,8,3,2,1,5,,5,,8,8,2,4,,3,,2,5,8,5,4,,5,19,18,24,27,22,25,32,30,24,16,24,20,23,11,24,19,24,20,17,17,17,11,12,19,20,15,4,3,4,5,4,2,2,5,3,4,4,4,4,3,5,6,3,2,4,7,11,10,,6,5,8,5,11,12,9,10,8,5,7,7,11,9,9,6,8,9,11,13,11,19,15,9,14,7,7,11,27,19,17,17,15,17,15,21,17,13,8,8,19,20,16,15,11,10,9,10,11,9,12,,14,10,14,13,9,12,10,9,10,4,6,5,4,6,8,,15,13,15,12,15,15,13,,,17,14,14,9,17,,10,7,3,10,,,9,11,10,13,16,9,29,27,17,10,19,16,13,13,13,13,26,26,7,10,6,3,11,5,32,32,35,33,33,34,26,37,22,33,29,25,31,37,32,34,32,37,30,,32,30,29,,,,45,44,3,10,13,9,11,,11,6,8,9,9,8,11,6,7,7,3,12,7,7,5,15,16,20,15,16,16,24,25,18,20,21,54,77,26,45,38,35,22,49,95,84,47,124,101,78,94,8,8,10,7,,33,,16,17,23,13,12,,13,13,,12,29,31,30,32,41,33,54,28,54,29,,12,,27,20,30,25,25,33,,16,,12,,16,23,28,24,24,17,30,12,9,6,14,11,12,22,26,,,9,8,7,10,7,8,9,8,12,10,19,13,9,13,15,13,18,13,25,35,26,7,5,8,11,8,9,2,6,5,15,16,16,6,7,,24,22,,23,23,21,17,11,8,8,9,,,,8,10,44,,65,44,63,74,9,16,,19,27,,107,91,95,88,110,141,150,120,94,144,134,84,23,71,,97,77,112,104,106,91,41,59,43,33,37,25,89,82,98,115,107,69,43,110,67,78,135,105,34,25,54,39,27,,23,43,71,57,26,34,26,38,33,24,22,20,32,25,42,28,7,7,9,6,16,15,14,12,24,5,10,11,12,9,11,3,5,21,13,,19,14,11,12,13,17,11,,11,,16,12,15,14,9,6,11,18,18,11,15,18,19,,17,13,11,11,12,14,6,12,9,8,3,7,2,4,6,,2,,,3,7,6,6,4,4,11,14,11,6,6,11,10,3,19,52,12,23,8,2,2,5,10,14,8,17,14,13,12,16,15,68,31,33,24,11,6,15,10,27,,,18,6,10,6,5,3,9,12,7,7,10,23,8,7,,13,20,10,18,29,25,23,25,40,29,34,15,,75,59,16,16,23,19,20,36,22,25,25,26,24,15,6,4,5,13,,33,37,52,51,2,7,9,5,6,16,15,10,26,20,13,19,23,28,18,14,27,26,36,11,20,19,16,15,12,9,14,15,10,14,14,8,22,15,13,16,17,5,3,15,12,24,,3,5,8,6,6,13,5,5,11,10,16,5,7,7,9,10,8,10,,9,4,2,,,29,20,25,14,9,4,8,11,9,10,8,,13,10,36,47,24,28,26,25,109,81,113,63,101,216,,244,224,56,41,,71,54,79,67,52,57,,85,7,17,6,41,38,24,7,,9,32,16,26,,,24,11,56,39,12,11,10,64,55,57,67,53,90,109,76,100,57,49,54,53,247,96,225,214,55,56,70,50,37,83,82,84,68,20,15,22,24,36,38,35,12,35,42,10,21,18,32,8,19,27,24,13,12,10,8,14,16,15,20,20,13,35,8,28,31,32,59,72,51,8,7,18,24,17,15,5,,21,6,7,23,18,9,10,18,11,20,6,19,6,7,19,6,19,6,6,7,3,23,2,12,4,,11,19,8,16,10,17,3,9,14,16,,21,17,21,26,19,1,4,7,6,2,11,9,13,20,2,10,13,,11,10,8,7,6,9,8,4,4,5,11,5,6,24,10,15,17,28,19,5,11,11,6,26,24,27,38,4,3,10,7,2,10,7,17,12,13,10,16,13,17,5,7,7,7,5,11,17,21,12,6,9,10,,19,,8,11,,17,11,13,,15,7,10,6,10,7,7,6,7,6,11,12,14,6,9,8,8,7,4,6,8,5,9,16,20,9,13,12,11,6,4,2,4,10,18,10,,7,7,,9,1,2,4,2,4,6,2,8,4,7,15,14,8,9,7,8,13,9,12,19,4,4,2,11,1,13,8,8,16,4,5,,5,5,4,4,1,2,4,2,4,3,11,4,5,9,5,3,3,7,5,8,5,6,6,12,12,12,1,6,8,4,3,6,9,19,25,2,3,4,5,10,8,6,5,6,15,21,17,12,11,9,11,8,9,11,11,14,6,5,9,3,4,4,6,3,20,19,15,,16,19,11,12,12,21,18,3,9,12,,5,8,,7,6,8,6,8,9,17,8,,19,11,9,10,14,16,8,26,39,30,17,,,,,2,10,10,10,6,2,7,,45,12,8,22,51,,12,8,8,5,11,20,21,12,,9,9,7,5,8,,5,9,17,15,10,11,18,10,8,8,3,5,17,9,5,,8,,5,4,11,12,9,17,20,37,33,26,10,23,22,19,,,26,11,51,30,16,16,14,13,20,26,12,11,20,41,18,60,52,6,,34,36,13,,46,19,12,34,58,22,15,14,17,9,17,7,,15,12,21,27,17,12,5,13,9,10,12,17,19,4,19,,30,27,43,42,52,38,5,18,12,10,13,11,38,4,22,12,16,10,17,35,253,59,116,48,5,8,11,12,10,25,7,15,16,9,9,8,23,24,56,24,90,83,12,7,4,5,7,17,6,5,22,63,70,96,31,8,19,8,8,13,13,14,6,9,66,18,26,12,16,13,16,16,135,,15,10,20,6,27,12,13,6,33,19,25,8,16,23,2,4,22,16,33,18,46,27,6,41,12,10,19,39,34,48,10,33,25,31,11,21,6,3,5,4,7
20171215,12,NO2,12,12,12,15,14,15,10,13,9,12,10,10,,,23,,28,30,22,,25,44,27,,,26,,84,79,64,,69,74,49,29,19,29,30,32,28,53,41,46,,67,58,53,52,,79,78,71,69,82,82,7,,7,10,17,10,,5,9,6,19,17,,16,38,43,42,45,45,44,50,48,51,49,50,,57,94,61,33,43,30,80,9,21,21,3,26,23,13,12,8,21,20,,11,11,18,22,23,,8,28,42,35,37,39,36,23,32,40,42,30,20,43,26,32,9,7,33,12,10,37,38,26,,49,57,64,62,61,49,30,48,54,56,63,52,55,52,83,32,61,47,52,38,59,53,49,45,40,54,59,45,51,47,39,61,38,59,59,23,28,31,31,27,59,,,,69,51,,56,59,65,,41,27,26,,53,58,,53,56,51,62,36,59,,,,52,33,,31,38,43,33,,,42,48,48,53,53,49,34,49,,40,,44,45,51,61,75,22,62,58,61,73,61,48,65,62,59,64,61,57,,58,,53,60,57,72,64,62,51,,,38,,56,61,,38,,51,18,13,22,,44,44,37,40,30,,33,37,,36,26,17,32,29,47,48,45,22,38,,41,,51,40,7,19,,28,,25,29,37,40,28,,20,61,55,59,65,54,63,64,59,41,67,66,75,73,108,84,54,61,55,56,52,48,56,53,45,62,,29,26,33,36,32,46,34,26,,22,27,28,30,28,37,36,38,37,27,31,,,,46,31,52,30,42,22,44,21,29,35,41,43,14,22,38,7,13,16,29,61,60,62,72,45,36,41,44,59,41,36,30,64,55,62,79,65,59,51,53,30,39,34,42,42,25,17,21,27,25,35,30,,33,26,30,38,25,22,29,36,33,7,5,5,7,6,23,,46,49,36,44,53,47,40,,,42,45,48,28,43,,46,43,70,56,,,71,19,26,36,33,16,29,30,36,35,22,,39,9,36,33,37,19,29,55,37,12,45,50,83,87,89,79,38,67,86,59,69,57,74,71,86,37,54,14,32,50,32,,53,20,13,,,,27,32,53,39,33,47,29,,38,33,32,30,,35,33,,32,32,36,,28,26,,11,15,8,10,13,10,22,17,12,14,22,16,17,20,16,19,27,23,32,17,22,10,12,7,15,10,19,31,43,11,,53,,52,59,57,50,32,,39,,,43,39,43,35,47,54,62,62,58,57,47,,41,,17,38,58,55,52,42,,41,,55,,48,49,57,50,49,58,67,23,35,52,44,37,44,34,30,,,27,32,30,29,34,29,16,20,36,28,30,25,28,32,30,20,28,26,26,,18,21,,23,16,21,,21,23,23,37,35,32,31,20,,34,,,29,35,32,37,29,19,22,10,,,,44,39,2,,7,7,5,,,44,,28,36,,56,67,60,53,59,61,64,45,54,52,47,18,16,19,,15,19,4,21,27,14,22,13,15,11,18,13,11,22,19,19,32,27,19,17,9,8,7,7,13,23,19,24,19,,,10,17,16,12,10,26,36,36,44,20,11,32,29,43,29,50,47,58,53,50,34,58,53,31,33,28,23,58,37,33,35,13,49,48,,57,35,33,41,56,60,58,,62,,51,,50,40,45,50,35,42,44,34,44,57,59,,50,35,44,40,29,35,41,35,29,,21,23,22,15,11,,36,,,9,31,27,18,12,16,32,16,29,15,19,16,17,10,23,27,18,24,13,11,,32,46,37,25,26,43,39,35,51,36,90,56,85,64,21,35,22,40,37,,,53,37,48,48,46,16,16,36,39,39,,46,36,43,,32,26,22,40,65,64,65,8,39,33,25,28,,29,23,23,23,60,52,41,53,,50,88,75,73,79,12,9,10,16,,13,17,23,22,30,18,7,38,22,35,30,33,45,54,55,60,63,59,57,39,56,74,49,36,47,49,22,40,34,35,43,46,37,30,34,27,35,27,52,81,48,45,51,44,42,45,,,45,38,22,46,40,33,38,45,47,36,,25,26,23,19,54,59,,55,49,47,,,20,24,82,18,32,17,28,40,42,47,40,,27,27,46,45,39,69,41,21,7,19,10,,17,87,,80,78,62,52,,45,,21,19,14,25,,30,15,9,11,10,18,3,17,,20,24,10,9,,,6,3,12,12,11,10,6,9,11,5,7,9,18,21,20,10,4,14,15,19,35,20,33,46,24,20,9,11,14,,31,39,44,20,12,16,9,,78,38,25,54,39,7,75,49,50,14,48,17,72,9,44,45,10,19,23,22,34,23,74,24,25,8,7,,37,39,26,6,33,31,17,40,22,50,,32,27,29,27,19,45,48,55,36,59,39,36,52,45,27,15,34,21,29,19,13,32,,47,33,,,64,48,54,30,36,26,35,25,38,,16,25,59,59,27,24,9,26,17,5,28,,39,23,2,25,29,,25,26,35,41,37,41,38,7,12,22,29,31,24,18,32,26,18,23,21,27,29,35,28,33,12,,28,17,26,,33,33,24,27,22,32,28,25,21,29,28,22,29,25,27,30,38,36,27,12,78,53,58,,41,,44,38,,41,38,39,,49,59,43,39,49,25,44,34,49,29,45,48,36,34,51,42,34,19,31,44,28,25,20,40,40,69,28,43,67,42,36,20,23,42,49,44,,27,32,,20,44,34,32,17,16,19,23,34,35,25,27,35,27,42,31,23,26,28,25,29,22,39,,23,25,27,19,22,22,22,28,,24,15,26,10,13,17,15,11,12,23,39,23,20,6,53,26,30,16,23,38,26,21,23,10,15,22,10,16,19,16,12,17,21,22,20,21,15,12,21,12,4,8,,13,10,24,27,17,,32,36,33,21,22,38,43,40,56,48,37,36,30,55,42,29,25,32,,26,61,82,62,55,78,58,30,18,16,,,38,,27,67,,44,50,7,12,8,,24,16,17,17,30,24,30,28,24,43,16,,,,,10,,30,26,17,14,34,,26,7,21,19,31,4,26,20,16,23,11,7,7,7,,6,5,,23,23,,14,14,32,31,30,28,,27,14,13,2,30,25,14,1,,3,,5,20,30,37,40,31,8,20,17,25,32,,33,24,,,6,17,20,68,16,10,21,18,15,12,28,14,16,21,16,34,34,17,,16,26,23,,28,30,22,19,13,18,19,15,21,8,16,12,,13,18,62,87,25,48,5,50,34,18,44,70,40,29,8,,37,29,24,39,47,37,10,4,44,25,28,51,55,26,60,37,51,28,30,64,87,60,27,22,45,37,79,61,30,29,25,53,50,47,55,35,23,27,22,41,33,12,41,44,33,27,33,17,41,56,33,6,22,14,26,16,43,52,21,60,,50,38,38,70,47,47,47,57,56,34,41,58,,27,35,70,26,48,39,41,21,6,7,35,8,63,,32,14,17,52,37,48,7,65,10,46,27,46,14,19,16,22,19,43,14,59,50,62,45,30,39,25,58
20171215,12,NO2_24h,58,47,55,56,66,58,66,73,65,57,63,65,,,59,,57,62,59,,59,62,52,,66,55,,69,66,67,,55,64,55,66,65,70,68,69,70,55,60,70,,67,53,51,49,,74,68,61,60,69,76,36,,42,39,43,53,63,55,63,51,64,70,,63,51,53,54,45,44,42,59,55,61,59,83,,81,82,83,82,81,80,88,30,32,34,44,36,35,29,31,63,73,76,,65,91,78,82,77,,84,64,40,48,49,32,47,19,66,52,36,60,56,54,53,58,29,37,54,43,47,56,64,31,,76,77,81,76,73,34,53,72,50,46,52,46,48,51,49,27,43,33,47,34,56,46,41,43,45,42,51,48,57,52,41,59,41,67,56,34,36,40,40,42,50,,,,56,48,,47,54,60,,37,26,26,,48,59,43,49,53,51,52,37,58,,,,49,42,,23,31,34,24,28,,34,37,31,38,37,38,33,44,,39,,44,45,52,58,77,30,64,56,60,73,60,49,64,52,50,63,57,59,,62,59,54,54,46,61,44,54,47,,,50,,53,56,,36,30,35,12,8,12,,51,51,36,37,33,28,31,40,44,32,28,20,34,28,46,49,40,28,25,,37,,51,33,9,25,,33,,28,33,41,46,27,,20,64,55,63,70,60,73,69,57,55,68,66,81,67,94,84,69,60,55,60,54,52,47,55,52,60,47,27,28,33,38,29,43,34,30,29,24,29,32,32,30,40,37,40,40,32,30,54,45,,48,41,53,37,42,33,44,27,38,30,37,35,23,32,50,11,26,24,41,63,64,58,69,46,37,47,48,59,51,47,41,65,54,59,68,57,58,56,53,36,44,39,44,48,28,27,28,31,40,41,35,,39,35,38,42,26,20,38,37,43,6,6,8,9,13,31,,44,45,44,50,39,48,48,,,36,52,44,45,48,,39,40,53,38,,,47,25,19,28,32,13,30,26,29,25,29,41,37,15,40,41,46,47,35,62,40,24,36,33,72,75,73,80,42,66,71,72,62,66,64,68,65,59,56,25,67,71,46,,60,31,25,,,,46,48,53,51,35,47,37,,21,40,33,33,41,40,36,37,33,37,37,16,33,30,32,21,26,22,18,22,23,33,32,26,27,30,55,75,54,61,22,21,29,36,70,73,51,56,50,50,59,19,24,31,11,,60,,55,56,58,54,48,,51,24,,49,69,75,69,71,87,57,65,72,84,47,,40,,20,43,53,56,49,50,,34,,46,,46,50,54,54,44,46,57,51,43,46,24,36,28,60,52,,,29,35,30,25,35,28,19,13,31,26,37,28,28,30,29,23,30,35,24,21,25,30,26,36,17,24,17,29,24,22,45,42,41,34,29,,34,28,,37,37,40,24,38,28,36,17,,,,50,46,29,,32,27,37,28,26,43,,33,35,,45,55,52,32,43,74,75,62,70,69,68,43,37,76,,79,73,78,65,79,70,60,67,70,44,53,38,82,59,54,58,62,56,48,64,63,63,57,58,51,33,60,53,44,,17,45,47,48,38,37,31,47,45,46,25,34,52,49,93,63,50,46,54,43,38,33,35,35,27,32,33,26,33,26,39,29,8,51,54,,52,30,47,46,49,53,51,,58,,49,54,50,46,48,55,44,50,48,44,43,44,47,,46,33,48,43,39,40,43,42,37,27,22,23,25,16,14,,34,,,20,32,29,17,12,20,37,22,33,20,22,17,22,10,32,23,24,29,17,10,11,26,39,38,30,45,40,44,39,49,33,70,48,73,42,35,40,32,45,38,,,54,28,38,42,37,24,25,30,35,39,33,36,27,30,,28,30,19,71,67,68,64,40,51,52,42,37,,58,57,66,53,58,65,60,52,59,59,69,60,64,75,9,12,7,26,,33,31,25,28,28,20,5,40,18,37,42,33,41,52,55,57,60,56,75,52,55,71,46,37,39,47,20,42,39,38,41,47,25,23,35,43,35,31,45,82,46,39,32,40,34,37,,,30,30,22,36,72,37,42,38,42,46,43,49,114,22,16,53,59,,47,49,45,,,50,37,45,34,43,34,47,44,46,43,46,,34,34,53,53,36,55,39,28,52,61,47,18,66,81,,74,77,56,45,,48,48,66,62,60,39,,41,14,15,10,26,33,19,30,,17,22,21,24,,,19,12,27,19,14,12,8,39,45,38,41,41,84,104,77,73,47,66,66,76,50,55,62,60,62,71,53,63,54,61,58,60,58,29,19,31,30,33,52,30,32,55,45,10,29,37,54,12,32,23,34,13,37,27,4,29,41,31,49,22,65,49,42,17,18,29,63,69,49,8,25,27,36,49,19,38,,36,27,30,37,20,48,41,54,58,51,48,48,52,51,38,26,41,36,25,19,17,30,29,34,29,,28,48,41,54,33,29,22,17,37,42,,31,45,63,54,33,23,9,31,21,8,19,20,23,20,3,19,20,,23,22,26,35,36,39,36,6,8,5,23,22,35,20,34,27,20,35,30,31,32,34,33,37,15,35,36,27,36,36,38,46,28,33,30,39,34,30,26,33,34,16,24,22,24,21,35,24,26,27,65,47,52,,46,,50,55,,58,55,45,,52,50,42,40,47,28,49,42,50,38,54,53,39,41,58,51,43,27,36,45,36,32,23,47,48,49,41,46,60,48,35,22,14,48,53,51,,29,30,,19,43,42,39,25,25,28,28,37,30,28,30,36,28,44,32,24,28,29,28,33,30,43,32,25,28,37,29,29,30,28,39,,25,21,26,13,14,16,15,16,15,18,31,28,21,5,20,24,27,18,26,32,24,20,29,14,17,25,12,18,21,17,13,21,24,26,20,28,19,12,20,20,12,16,10,11,26,37,40,41,31,29,31,28,23,15,25,33,28,40,37,30,36,47,55,40,20,31,32,,32,46,65,49,53,53,29,11,19,28,,32,37,,21,55,23,32,22,16,18,23,,21,16,31,28,43,37,36,34,29,41,18,,,,,5,21,32,27,17,15,29,,18,15,15,25,32,4,27,21,20,20,17,15,24,16,,8,8,16,17,26,,16,17,33,29,23,31,12,16,30,16,11,23,44,23,15,,8,,8,12,25,41,44,33,28,41,33,34,21,31,32,39,,,14,39,59,63,24,18,16,13,38,35,24,29,27,33,21,39,53,32,,40,44,29,,39,24,28,21,21,24,12,23,25,13,23,14,,22,32,71,73,30,57,4,31,20,10,26,52,53,29,40,,58,39,52,49,51,48,8,4,35,29,34,27,57,30,28,43,67,63,59,64,82,45,46,74,40,32,71,55,41,15,25,48,42,56,45,34,31,29,30,41,70,74,28,49,15,34,54,63,39,49,55,35,43,39,40,15,52,50,21,53,51,57,30,33,66,43,53,50,59,56,47,50,51,,60,50,60,33,37,35,39,19,21,23,52,10,49,47,35,16,70,58,46,43,26,64,16,54,22,54,24,28,26,30,21,46,28,67,47,66,30,33,38,32,49
20171215,12,O3,60,63,37,56,56,59,69,69,63,54,58,60,,,57,,57,58,64,,52,37,56,,29,44,,10,6,8,,4,5,32,60,65,61,60,52,63,35,45,40,,19,4,8,6,,29,14,19,21,24,15,66,,68,67,79,65,54,71,66,63,57,61,,54,44,45,46,17,21,20,21,17,21,16,29,,23,11,27,30,26,35,12,58,65,67,68,60,59,65,54,,46,59,,63,65,48,33,47,,66,54,51,47,44,30,50,47,50,36,50,44,50,13,39,36,,65,47,62,67,84,78,64,,48,46,27,28,37,85,68,62,48,42,36,52,45,42,29,61,39,41,10,27,16,17,19,21,36,12,22,35,29,24,24,25,25,37,39,53,50,45,47,52,3,,,,4,5,,7,5,11,,28,34,46,,19,20,10,28,21,30,,30,16,,,,17,36,,31,25,17,39,40,,39,6,10,5,15,7,38,31,,26,,8,11,9,6,10,30,5,2,4,4,4,4,6,5,3,5,4,6,,4,2,4,19,8,6,9,3,3,,,31,,17,14,,22,11,10,68,72,48,,9,11,14,19,21,5,7,26,,10,21,34,18,21,41,13,10,30,34,,32,,33,22,48,69,,13,,17,17,8,12,13,,15,4,5,,4,5,6,6,4,41,4,11,4,19,13,24,20,7,13,21,14,18,10,15,30,11,19,12,10,6,8,6,20,5,9,13,21,8,15,7,19,9,11,12,17,11,11,11,14,,,26,14,18,16,22,15,24,70,41,55,34,62,72,54,86,86,57,69,52,48,62,41,10,13,9,8,8,11,14,12,5,10,13,6,18,16,14,18,44,43,41,46,38,33,36,33,43,90,8,14,,14,13,15,10,14,22,14,10,14,66,92,65,74,69,33,,7,12,14,6,6,5,7,,,15,12,11,19,6,,25,41,13,16,,,20,66,15,11,16,13,11,4,7,5,7,69,39,63,50,56,48,58,71,54,55,53,47,38,18,17,12,17,10,19,16,27,28,29,21,12,10,47,37,65,62,52,78,,42,73,60,,,,68,44,6,13,18,13,20,,8,15,9,13,10,13,6,9,7,4,6,33,8,14,,64,68,64,72,61,54,67,58,67,76,61,81,79,72,68,46,38,38,39,60,63,,66,68,57,67,59,46,36,68,,11,,15,10,16,9,25,,25,9,,5,27,28,27,,3,2,8,1,7,12,,8,,24,25,19,14,15,15,,9,,7,,7,14,10,26,7,1,2,40,42,29,14,35,20,23,35,,,12,11,10,10,8,70,80,,49,68,71,29,24,25,30,18,25,71,32,36,26,13,14,10,66,69,61,,19,18,49,54,56,12,19,,71,78,,75,70,81,74,11,12,12,48,,,,27,32,85,,52,65,72,59,51,53,,56,46,,18,19,17,17,21,33,24,44,47,27,41,41,43,61,,69,62,66,63,75,62,64,58,65,65,52,62,55,,48,50,41,38,42,60,66,70,66,63,60,46,52,58,62,,59,55,46,59,50,56,34,30,33,32,39,56,33,38,44,39,7,13,7,8,9,21,8,6,85,5,10,8,13,14,6,9,31,23,46,,19,17,30,27,7,8,11,,,,13,,15,8,11,11,16,24,29,29,23,13,15,,23,26,9,8,17,13,11,16,23,17,12,21,22,27,16,,16,,,31,22,43,35,36,17,14,9,14,11,22,20,18,21,,31,14,11,17,66,72,40,18,31,39,,27,24,27,14,24,19,31,22,30,16,10,,11,49,,,54,34,25,32,29,53,36,45,47,54,,30,9,5,,8,11,6,47,23,28,21,88,52,69,59,75,,57,67,61,68,27,37,44,29,38,36,11,8,14,16,65,66,69,61,,66,60,45,51,30,26,17,42,24,36,53,179,13,5,5,3,3,5,27,31,8,6,6,8,7,5,19,24,16,1,26,17,27,45,30,36,16,19,26,32,41,27,26,,30,39,,,35,43,45,27,29,23,66,28,29,71,,37,25,47,51,27,25,,40,1,5,,,54,37,6,36,31,40,31,32,36,25,35,,40,63,,40,34,36,38,54,69,76,62,50,76,11,,11,13,34,25,,40,34,44,44,43,38,,40,55,60,64,49,42,65,30,,65,35,72,84,,,51,51,60,61,77,76,77,66,57,63,65,65,58,55,50,59,45,56,53,41,40,59,40,41,51,55,56,60,69,34,41,36,27,42,46,43,61,49,16,34,50,27,,67,21,33,28,64,,55,13,68,19,24,48,57,52,53,36,,25,46,53,53,51,53,70,83,44,48,28,73,34,17,25,18,,16,8,7,8,10,9,5,9,39,7,18,28,23,13,49,36,31,50,21,39,25,42,33,41,10,,,12,18,20,26,20,18,11,35,26,,45,43,52,29,53,55,64,47,68,64,18,,14,26,81,22,20,,25,25,18,9,9,5,7,19,6,8,9,13,10,3,4,4,16,23,20,10,10,4,12,11,10,11,12,29,24,16,16,17,35,15,15,17,10,10,9,8,9,15,14,14,13,12,11,7,6,11,10,12,6,,10,,9,9,,13,7,14,,10,13,21,8,10,26,30,30,23,38,36,34,38,36,30,30,27,10,6,6,8,7,70,23,19,9,28,15,12,23,9,13,14,22,19,20,,19,25,,15,8,8,9,8,38,33,34,15,11,10,8,5,6,7,10,21,21,22,23,23,18,12,12,41,21,26,13,5,10,6,19,,12,18,9,38,,30,30,35,34,20,12,22,23,29,22,31,13,24,12,2,23,23,25,26,24,8,22,14,12,16,22,20,14,20,11,14,9,30,24,31,22,24,29,23,80,63,64,70,23,21,19,24,30,25,18,31,9,11,14,9,30,27,21,17,23,26,20,,21,41,31,19,53,67,34,64,72,81,,24,24,,28,39,,18,26,45,27,48,,34,53,57,45,46,42,41,21,43,56,44,,,,,41,39,30,32,2,16,17,,22,,55,27,30,79,87,80,65,62,69,57,74,68,,67,64,24,30,38,,64,,25,20,16,26,102,106,44,57,54,56,38,58,36,,65,,51,48,30,37,25,33,68,57,62,60,13,17,13,68,,,74,79,58,28,76,75,44,45,97,70,53,67,79,76,51,38,20,71,,54,36,52,,79,50,67,100,58,66,42,42,46,77,70,73,,88,59,17,8,34,35,83,39,27,41,27,,24,48,56,,49,54,62,15,6,16,55,53,102,35,37,10,32,62,39,17,34,43,45,7,,26,,59,31,29,10,12,27,13,33,8,14,9,14,19,53,42,59,40,65,59,16,20,34,27,24,57,45,2,52,61,55,68,57,12,7,10,44,4,24,27,25,7,17,12,10,27,19,8,17,6,23,,50,7,34,13,98,16,16,57,82,49,28,61,16,64,17,33,59,9,41,14,49,14,42,7,79,34,30,27,30,26,45,46,64,27,8,14,9,15,11,16,12
20171215,12,O3_24h,60,63,37,56,56,59,69,69,63,54,58,60,,,57,,57,58,64,,52,37,56,,40,44,,21,19,13,,14,8,35,60,65,61,60,52,63,62,45,40,,46,40,61,47,,42,26,30,39,39,28,66,,68,67,79,65,54,71,66,63,57,61,,54,44,52,52,26,42,41,23,17,24,29,29,,23,15,32,30,26,35,12,70,65,67,68,60,67,65,54,50,46,59,,63,65,48,33,47,,66,54,51,58,63,64,60,70,62,43,76,44,50,21,49,41,87,73,63,62,67,87,78,105,,48,46,39,44,42,90,68,74,61,59,60,62,69,49,66,74,72,72,25,40,30,31,34,27,37,38,39,45,35,26,30,41,28,43,56,69,64,55,59,68,37,,,,29,32,,35,30,37,,36,42,50,,32,33,39,42,37,43,39,52,28,,,,29,36,,44,49,41,51,54,,50,32,43,40,44,38,56,57,,123,,14,21,13,22,11,53,10,10,5,6,9,13,38,38,54,32,52,45,,12,40,20,32,36,14,38,39,34,,,31,,36,37,,39,54,41,81,88,71,,40,42,31,51,50,29,31,43,22,24,35,50,35,32,52,22,32,42,85,,64,,65,47,54,79,,24,,35,38,23,29,40,,37,21,6,1,6,7,11,9,10,54,32,24,29,46,26,50,35,57,20,21,19,19,18,24,30,15,19,25,22,18,19,20,36,14,18,24,37,9,17,10,21,11,13,14,19,11,12,17,28,,26,38,32,34,25,37,35,37,97,92,91,71,86,130,111,87,86,63,105,147,112,146,92,29,32,24,38,37,24,28,26,47,62,67,68,41,42,38,44,48,45,41,52,44,55,49,53,66,90,22,33,,36,19,20,13,32,38,31,20,22,72,97,65,74,69,47,,39,45,33,34,50,25,14,,,51,29,47,28,26,,39,52,41,36,,,42,66,33,30,24,34,28,16,27,31,25,92,97,97,89,92,85,78,112,109,114,100,108,116,18,17,12,17,10,19,16,27,28,29,21,12,15,66,56,80,68,55,94,,58,104,70,,,,80,48,23,35,53,39,42,,56,17,10,16,12,15,9,11,9,6,8,49,8,18,18,64,69,64,72,61,54,67,62,67,76,64,81,79,72,68,56,54,52,52,60,63,46,66,68,57,67,81,79,73,87,,22,,26,29,30,19,29,,29,31,,8,27,28,27,14,14,26,31,10,17,66,,45,,67,59,57,41,59,47,,53,,48,,44,44,41,131,33,39,28,43,49,59,51,68,58,31,40,,,31,28,30,40,21,91,113,110,87,97,98,97,97,93,101,99,92,86,73,81,76,65,62,48,92,92,86,40,44,39,63,66,65,31,38,,81,96,,105,115,112,103,27,31,28,67,,,,27,32,85,,52,65,72,59,58,58,,56,50,,21,26,23,21,25,33,29,44,47,27,52,41,43,61,,69,62,66,63,75,63,64,58,65,65,52,62,55,46,48,50,41,38,42,60,66,70,66,63,71,66,55,69,72,,88,55,46,59,50,56,61,46,57,60,77,56,42,42,44,39,18,26,17,25,29,37,40,34,118,28,42,41,43,70,43,37,95,23,46,,36,17,30,27,37,32,44,,17,,13,13,15,10,13,13,16,24,29,29,23,23,15,,23,46,18,16,31,20,14,28,23,17,13,25,58,27,23,,23,,,31,33,48,39,36,38,28,29,32,22,35,32,29,29,18,41,15,11,18,66,72,44,36,34,40,27,28,24,27,30,107,86,89,94,91,19,12,23,12,53,,,54,45,41,39,45,66,51,46,58,71,61,60,36,50,,31,79,93,47,23,28,21,88,52,69,59,75,,57,67,61,68,27,37,44,29,38,36,13,9,14,17,93,93,97,77,,70,85,89,75,57,45,37,60,59,72,84,235,83,35,20,27,50,49,36,43,44,60,65,52,57,53,59,53,41,1,66,50,57,74,55,62,58,66,34,44,54,38,54,,47,61,,,66,66,48,38,39,34,94,41,45,71,27,37,25,65,75,39,36,,72,19,18,,,54,44,11,36,31,40,31,32,36,25,35,,83,93,41,40,49,46,47,54,69,76,62,52,76,17,,21,20,34,25,,40,34,44,44,43,42,,48,90,91,93,49,46,65,36,,81,53,80,84,,,55,65,60,64,105,100,99,69,57,63,65,65,58,55,50,59,45,56,53,41,40,59,40,41,55,56,56,60,69,34,41,40,37,60,60,43,61,97,80,79,66,53,57,76,84,69,61,76,67,62,58,152,53,62,66,71,87,73,58,77,52,60,53,62,58,62,70,83,47,53,51,73,90,36,51,50,,43,25,32,37,36,31,40,38,50,63,53,38,51,50,68,59,31,71,89,51,47,57,40,99,55,,51,34,45,37,42,38,43,55,51,45,,49,62,68,52,58,70,74,84,80,75,49,51,53,53,88,54,61,,47,52,51,45,32,26,34,33,29,33,35,33,17,5,6,6,23,24,22,24,14,18,29,35,33,29,24,34,63,25,30,19,42,21,15,19,39,40,42,39,30,24,21,21,21,25,34,28,29,39,39,38,40,,13,,10,17,,23,17,14,,10,13,21,8,10,26,30,30,24,38,53,46,45,43,30,30,27,14,11,17,8,17,70,33,23,25,28,15,14,23,19,24,28,27,30,30,,27,31,,26,14,16,16,21,38,33,34,43,42,13,10,5,8,9,11,23,21,22,23,23,18,12,12,41,21,27,14,6,12,6,19,,12,18,18,43,38,31,32,41,34,23,17,22,23,29,28,31,29,35,19,24,41,44,49,38,41,29,44,33,30,30,32,30,25,23,18,25,22,34,30,34,28,26,51,48,80,63,64,70,61,42,52,63,30,38,32,31,26,24,26,21,54,27,36,27,55,36,39,,30,48,65,27,62,81,114,97,87,130,,30,24,,40,44,37,29,41,74,90,73,,51,81,132,74,82,82,41,43,43,58,51,,,,,45,43,38,38,5,21,31,,38,90,84,42,49,108,103,96,79,91,93,71,74,69,,67,64,62,51,89,,84,106,73,78,49,76,120,116,70,88,121,116,95,111,75,,80,,73,72,52,62,43,46,68,57,62,60,39,35,44,68,,,80,79,58,29,98,98,82,77,97,79,86,82,87,79,60,61,43,71,,54,36,82,,102,76,94,132,95,86,81,66,74,98,96,93,,95,65,41,58,69,73,88,45,45,58,37,83,58,72,103,,73,99,82,24,20,88,88,66,118,50,47,57,78,75,59,28,34,43,45,10,23,30,40,69,42,53,56,39,27,51,62,45,51,9,34,39,75,73,77,58,65,59,39,34,46,27,67,57,84,28,52,61,55,68,66,21,29,21,47,39,32,35,55,30,38,48,29,33,29,31,37,31,31,,50,20,34,29,102,47,27,64,82,55,36,66,21,64,38,49,59,11,49,47,49,20,43,17,99,43,43,40,42,37,79,90,64,44,38,14,38,17,16,19,42
20171215,12,O3_8h,29,53,20,25,28,28,39,24,16,37,32,31,,,17,,20,22,19,,16,9,14,,6,14,,6,4,7,,2,2,28,22,20,26,26,20,27,20,17,19,,13,2,6,3,,18,5,14,17,16,8,59,,48,57,70,29,18,37,27,36,16,20,,16,15,13,17,7,10,10,9,6,10,6,10,,8,7,17,6,11,9,5,63,54,56,52,56,57,51,37,20,17,25,,27,25,17,15,18,,27,27,27,29,20,22,33,18,24,22,31,27,26,8,19,19,31,32,27,40,42,46,33,55,,19,19,14,12,15,68,30,45,45,46,42,51,45,34,47,64,50,52,6,22,9,11,15,13,22,13,17,29,22,19,19,23,20,33,39,43,44,39,44,37,1,,,,3,4,,5,3,10,,24,27,41,,16,25,22,26,24,28,23,32,14,,,,18,29,,37,33,26,36,36,,35,4,16,7,16,6,29,26,,18,,3,4,3,4,9,22,3,1,2,3,3,2,4,4,2,4,3,3,,4,2,3,14,7,6,10,1,2,,,18,,8,8,,27,13,14,70,76,50,,4,4,8,15,12,5,6,20,11,11,18,30,16,19,39,12,13,28,43,,26,,21,22,45,58,,13,,16,15,8,11,15,,16,4,5,,5,6,8,5,4,30,2,6,4,12,12,19,18,7,4,11,7,9,7,8,12,5,10,13,8,8,10,7,19,6,10,10,14,4,10,4,13,6,6,9,13,6,7,4,6,,4,8,7,12,6,9,6,16,44,25,50,36,44,32,22,73,68,50,34,38,37,38,25,4,6,2,2,3,4,9,6,2,5,6,3,6,6,6,5,14,13,13,14,7,11,14,12,11,39,6,10,,8,12,12,9,17,21,17,10,12,68,85,58,61,58,26,,8,15,12,16,10,12,5,,,16,13,15,10,8,,8,14,8,7,,,12,49,14,14,13,16,14,8,10,7,9,24,15,58,17,22,20,18,44,22,32,42,41,13,10,9,8,8,4,10,8,12,13,12,11,6,6,26,30,54,19,18,40,,17,46,44,,,,63,35,5,7,10,9,17,,6,10,7,10,8,8,4,6,5,3,5,34,5,11,12,52,54,56,57,50,49,53,35,42,49,43,54,49,39,43,31,26,26,22,41,43,33,38,41,43,43,48,43,40,68,,8,,8,5,10,4,6,,6,9,,3,10,8,7,,3,9,11,,9,6,,8,,14,19,21,13,18,9,,11,,7,,8,8,6,18,4,3,1,13,16,15,30,40,28,8,15,,,12,9,12,18,11,53,67,65,27,61,41,31,29,31,32,24,27,37,14,15,9,6,8,5,55,51,48,9,9,8,15,18,16,12,9,,24,26,,30,27,28,74,8,6,7,20,,,,11,11,81,,42,57,64,51,26,32,,30,22,,9,13,6,6,12,16,11,16,32,15,20,16,19,33,,29,30,30,22,33,25,23,24,37,33,28,34,28,13,26,26,21,12,15,27,24,31,28,30,37,27,28,33,47,,51,28,30,34,29,24,18,19,20,17,24,38,17,23,26,22,8,12,8,10,13,17,21,13,71,5,9,8,12,10,3,10,41,6,15,,12,11,8,5,3,6,9,,,,2,2,4,4,6,6,9,6,8,10,10,5,6,,6,30,8,7,10,11,9,10,18,10,9,22,18,20,11,,13,,,21,14,28,28,29,16,12,7,14,7,19,18,14,20,7,34,8,6,14,56,55,13,9,11,10,21,18,15,20,22,22,8,19,10,11,15,10,16,9,31,,,36,14,8,8,10,49,22,35,45,50,33,32,12,8,,10,15,10,12,10,8,8,24,11,34,23,28,,16,20,50,22,10,12,15,12,14,12,4,4,6,4,64,64,65,52,,54,50,42,47,31,27,21,41,15,46,49,212,11,4,5,5,3,4,11,24,7,5,8,5,13,6,28,29,9,1,24,14,24,37,31,17,15,18,25,20,39,28,38,,33,40,,,53,50,39,23,28,24,73,20,14,36,12,25,10,46,50,29,21,,48,2,4,,,18,17,5,11,13,15,11,12,13,13,12,,18,41,22,23,24,23,25,25,34,35,26,51,37,7,,7,8,15,8,,16,11,12,19,16,24,,28,46,36,57,44,38,60,16,,51,29,56,76,,,47,48,54,57,74,78,80,46,42,50,47,47,25,23,19,23,21,28,23,16,13,22,11,14,35,33,35,25,42,12,15,15,14,24,28,31,44,40,14,21,42,23,29,52,42,26,10,51,22,47,34,62,23,32,34,31,31,23,14,46,11,10,29,48,48,54,32,39,31,45,25,56,40,15,23,21,,11,11,12,10,8,6,3,5,29,4,18,21,18,7,44,33,20,44,20,26,23,38,31,44,5,,4,7,14,15,26,21,26,18,24,12,,31,36,49,33,40,53,64,26,61,65,24,29,26,23,82,21,21,,22,23,17,12,12,9,9,20,14,17,15,18,6,2,3,3,15,17,11,8,8,6,5,8,8,8,9,18,18,7,10,8,29,13,9,12,14,16,16,16,14,11,10,10,9,10,10,9,6,11,6,10,5,,8,,5,6,,11,5,4,,2,7,13,2,4,6,15,13,9,19,8,10,11,16,11,10,8,9,7,5,7,8,54,11,8,4,14,8,8,13,12,16,19,16,14,13,,10,17,,19,5,4,6,5,13,16,15,9,12,4,3,3,3,4,7,18,16,18,16,16,9,5,6,24,17,20,9,3,7,2,10,,9,13,7,36,31,28,27,29,29,19,12,18,19,23,24,17,14,20,9,,23,23,25,22,22,5,22,16,13,18,16,18,13,12,6,11,7,28,22,24,19,19,23,22,58,35,40,34,18,19,26,27,17,23,20,24,14,14,15,12,21,18,20,20,23,17,14,,13,41,34,17,42,68,55,52,38,104,,12,5,,18,22,23,13,20,23,18,22,,33,41,50,39,30,31,37,26,35,52,42,,,,,41,35,18,22,2,9,20,,31,24,35,29,32,83,83,81,27,62,42,27,20,16,,50,54,22,23,14,,59,44,10,5,10,11,65,66,24,38,35,40,15,32,21,,59,,37,40,12,14,8,10,48,42,43,47,18,6,4,25,,,57,45,11,18,68,67,48,46,63,50,46,44,62,58,42,21,16,44,,18,9,35,,64,42,37,53,25,58,33,28,28,76,66,71,,73,41,8,7,15,9,81,34,28,51,25,29,25,56,71,,52,46,54,9,4,9,47,62,105,35,32,12,14,47,23,6,8,15,15,3,14,11,19,30,30,32,8,5,17,24,23,8,14,5,5,18,12,8,52,26,25,22,14,15,34,5,21,17,29,,22,50,43,53,47,15,2,12,37,6,16,24,19,5,13,16,7,19,15,14,10,18,13,,14,4,16,11,34,25,14,58,75,42,10,50,6,20,15,32,14,5,31,12,26,2,36,3,63,10,16,14,17,12,16,12,57,15,16,5,2,9,9,12,9
20171215,12,O3_8h_24h,29,53,20,25,28,28,39,24,16,37,32,31,,,17,,20,22,19,,16,9,14,,6,14,,6,4,7,,2,2,28,22,20,26,26,20,27,20,17,19,,13,2,6,3,,18,5,14,17,16,8,59,,48,57,70,29,18,37,27,36,16,20,,16,15,13,17,7,10,10,9,6,10,6,10,,8,7,17,6,11,9,5,65,57,57,52,56,59,58,45,20,17,25,,27,25,17,15,18,,27,43,45,56,52,61,59,60,24,29,59,27,26,8,19,19,31,32,27,40,42,46,33,81,,19,19,14,12,15,90,30,46,47,50,45,55,49,34,54,66,56,64,25,31,25,30,34,24,25,38,23,29,22,19,21,25,20,34,39,43,44,39,44,37,1,,,,4,6,,10,6,14,,24,27,41,,27,25,23,36,24,28,27,32,16,,,,20,29,,41,33,26,44,44,,43,12,30,13,23,8,29,26,,18,,3,8,3,4,9,22,3,1,2,3,3,4,4,5,2,4,3,3,,9,2,3,14,22,7,20,3,3,,,18,,8,10,,34,30,24,80,82,63,,4,4,20,25,16,8,6,20,15,19,26,35,25,27,48,17,21,30,52,,53,,39,32,47,66,,14,,29,19,20,13,32,,21,13,5,1,5,7,8,6,4,30,2,6,5,12,12,19,18,7,4,11,7,9,7,8,12,5,10,22,16,11,16,14,24,9,13,10,14,4,10,4,13,6,6,9,13,6,7,4,6,,5,8,7,16,6,9,6,18,87,80,75,62,61,32,50,73,68,61,34,38,37,38,25,4,6,2,2,3,4,9,6,2,5,6,3,6,6,6,5,14,13,13,16,7,12,14,21,11,39,9,10,,15,12,12,9,20,30,17,10,12,68,85,58,61,59,45,,39,34,30,22,30,21,10,,,39,24,42,28,26,,32,17,16,12,,,19,49,24,26,20,28,22,14,23,10,22,24,35,58,17,22,20,18,44,22,32,42,44,62,10,9,8,8,4,10,8,12,13,12,11,6,6,41,38,76,19,38,78,,43,81,68,,,,63,35,5,7,12,11,17,,48,10,7,10,8,8,4,6,5,3,5,46,5,11,12,55,57,56,59,53,49,57,35,46,49,46,54,49,39,43,40,34,26,28,41,43,33,38,41,43,43,61,61,59,69,,8,,8,5,10,4,6,,6,15,,5,10,8,7,2,4,16,28,,11,11,,8,,33,23,38,21,27,9,,17,,14,,10,22,18,31,23,26,1,13,28,24,46,43,42,8,15,,,31,27,29,25,19,53,67,65,43,61,51,47,42,42,44,42,38,37,33,41,35,6,8,5,71,78,71,14,12,14,15,18,16,14,9,,24,26,,39,48,35,74,8,8,7,20,,,,11,11,81,,42,57,64,51,30,35,,31,22,,9,13,6,6,12,16,11,16,34,15,20,16,19,33,,29,30,30,35,63,25,28,24,37,33,28,34,28,13,26,26,21,12,15,27,24,31,28,30,37,52,28,33,47,,75,28,30,34,29,24,18,21,20,17,36,38,17,23,26,22,12,15,13,18,26,26,30,26,71,13,16,18,20,18,6,16,88,6,15,,12,11,8,5,3,6,9,,,,2,2,4,4,6,6,9,6,8,10,14,5,6,,6,34,8,7,10,11,9,10,18,10,9,22,18,22,11,,13,,,21,32,48,34,34,26,17,9,18,9,25,22,17,20,12,38,12,10,14,56,55,16,18,11,11,22,23,15,20,23,23,8,19,10,11,15,11,16,9,35,,,48,25,16,22,24,50,26,40,51,60,48,47,25,20,,24,38,40,12,10,8,8,24,11,34,23,28,,16,20,50,22,10,12,15,12,14,12,4,4,6,4,72,67,74,53,,54,80,70,70,32,27,28,53,15,53,54,215,11,4,18,27,6,4,11,27,7,5,10,5,17,10,28,29,9,1,37,26,44,53,36,17,25,20,25,20,39,32,43,,33,40,,,60,52,39,23,28,24,81,25,28,36,12,25,10,51,56,31,29,,54,3,8,,,26,22,5,11,13,15,11,12,13,13,12,,26,41,26,23,24,23,25,31,34,35,26,52,37,7,,7,8,15,10,,16,11,12,19,16,24,,28,61,60,68,44,38,60,35,,61,38,71,76,,,54,63,54,57,89,92,92,46,42,50,47,47,25,23,19,23,21,28,23,16,13,22,11,14,35,33,35,25,42,12,15,15,14,25,32,31,44,41,18,26,46,23,29,53,58,54,10,51,39,58,54,63,31,36,34,44,31,33,17,65,16,10,33,60,57,56,32,39,31,45,31,60,50,15,32,42,,18,23,22,25,18,6,15,10,32,7,53,26,18,7,44,33,22,44,24,26,33,42,34,70,13,,4,18,22,24,35,25,32,31,27,16,,31,40,58,33,42,66,65,36,62,65,32,35,34,27,82,36,37,,25,27,27,17,12,11,26,24,24,31,33,30,6,2,3,3,15,17,11,8,8,6,5,13,13,13,13,18,18,9,11,8,29,13,9,12,20,22,20,18,19,16,15,15,14,18,13,12,10,14,6,10,5,,8,,5,6,,11,5,4,,2,7,13,2,4,6,15,13,9,19,8,11,13,16,11,10,8,9,7,5,7,8,54,11,8,4,14,8,8,13,18,23,27,16,14,13,,10,17,,24,5,4,6,5,13,16,15,9,12,4,3,3,3,4,7,18,16,18,16,16,10,5,6,24,18,20,9,3,7,2,10,,9,13,7,36,31,28,27,29,29,19,14,18,19,23,24,17,19,22,9,4,36,34,39,28,26,10,23,17,13,19,16,22,14,22,14,11,7,28,29,24,19,19,24,23,58,35,40,34,39,34,43,40,23,28,28,26,26,23,24,19,34,20,32,22,44,36,32,,30,41,37,17,54,68,84,74,50,108,,14,5,,31,39,36,28,35,24,22,22,,35,49,53,39,30,31,37,26,35,52,42,,,,,41,35,22,28,4,16,23,,36,28,35,35,44,92,100,95,27,62,42,27,32,16,,50,54,40,38,14,,65,68,11,5,14,11,65,73,24,38,52,69,15,32,21,,69,,69,63,12,14,8,10,48,42,43,47,28,19,20,25,,,71,45,11,18,76,67,69,72,83,73,49,44,68,75,52,34,20,46,,18,9,52,,92,49,77,96,65,82,58,46,48,78,77,80,,78,50,8,7,16,15,81,38,40,55,25,29,25,58,75,,52,46,54,10,9,12,47,65,110,35,32,29,14,58,29,6,8,15,15,3,14,14,19,30,30,32,8,10,17,37,23,11,20,5,18,24,12,8,52,39,25,22,33,15,34,5,23,17,39,7,22,50,43,53,47,21,2,14,38,6,16,24,19,6,16,16,7,30,15,30,35,25,13,,14,4,16,13,34,33,24,61,75,53,10,50,6,20,18,33,14,5,45,21,26,2,40,3,67,10,16,14,17,12,16,61,57,15,38,5,15,9,9,12,9
20171215,12,CO,0.2,0.4,0.2,0.3,0.3,0.4,0.2,0.2,0.3,0.5,0.3,0.4,,,0.8,,0.3,0.7,0.4,,1.1,1.1,0.7,,1.4,0.8,,2.6,3.4,2.8,,2.4,2.1,1.4,0.6,0.9,0.5,1.3,0.8,0.8,1.9,1.5,1.3,,2.3,2.5,2.8,2.5,,2.4,2.7,3,2.5,2.5,2.6,0.2,,0.2,0.6,0.9,0.1,0.2,0.2,0.6,0.3,0.1,0.3,,0.4,1,0.8,0.9,2.2,2.3,2.2,2.4,2.4,2.2,2.3,1.9,,2.4,3.4,2,1.3,1.4,1.1,3,0.8,0.6,0.5,0.5,0.7,0.6,0.3,1,,0.6,0.4,,0.6,0.4,0.8,0.5,0.4,,0.4,1.3,1.2,1.4,1.4,1.7,1.2,1,1.3,1.8,1.4,1,0.9,1,0.4,0.4,0.4,0.3,0.6,0.5,0.5,1.1,0.9,1.4,,0.2,1.2,0.5,1.3,1.4,1.3,1.4,1.2,0.4,0.9,0.8,0.7,1,1.1,1,0.6,0.6,0.4,0.3,0.7,0.2,0.9,0.7,0.8,1.1,0.2,0.6,0.9,0.9,0.9,0.6,0.7,0.5,0.3,1,0.8,0.6,0.9,0.9,0.7,2.8,,,,2.7,1.8,,1.6,2.3,,,0.7,0.3,0.5,,0.7,1,1.2,0.9,1.2,0.9,1,0.9,1.2,,,,1,0.8,,0.3,0.4,0.5,1.1,0.7,,0.7,0.9,1.2,1,0.7,1.1,1.1,0.7,,0.8,,2.2,1.8,1.8,1.3,1,0.6,0.8,1.3,1.1,1.1,1,0.8,0.8,0.7,1.4,1,1.1,0.9,,0.9,1,0.9,0.6,0.7,0.8,0.9,0.8,1.3,,,0.7,,0.7,0.6,,0.8,0.9,0.9,0.7,0.7,0.7,,1.2,0.7,0.7,0.6,0.7,1,1.1,0.9,0.6,0.6,1.1,0.6,0.8,0.6,0.6,0.7,0.5,0.2,0.7,,0.8,,0.7,1.1,0.2,0.4,,0.8,,1,1,1.1,1.1,1,,1.5,1.8,1.8,1.7,1.5,1.8,1.6,1.6,1.6,1.3,1.6,1.6,1.6,1.8,1.7,1.4,1.8,1.7,1.5,1.6,1.9,2.1,2.2,1.6,2,1.4,2.2,1,1,1.3,1.1,0.9,1.2,1,0.9,1.2,1.3,1.3,1,1.1,1,1.2,1,1.1,1.2,1.2,0.8,,1.4,,0.8,1,1.1,0.8,1.2,0.9,1,0.9,0.6,0.9,0.8,0.8,0.7,0.5,0.7,0.6,0.6,0.6,0.6,0.9,0.8,0.8,1.3,0.9,1.3,1,1.3,1.1,1.1,1.1,1,1.4,1.2,1,1.3,1.3,1.2,1.1,1.1,1.1,1.1,1.1,1.2,1.1,1.4,1,1.3,1.2,0.9,1,1.4,,0.8,1,1.3,1.3,1.5,1.2,1.2,1.3,1.4,0.5,0.5,0.4,0.4,0.6,0.8,,1.2,0.8,0.9,1.3,1,0.8,0.9,,,0.9,1.1,0.8,0.8,1,,0.8,0.8,1,1,,,1.2,0.6,0.9,1.1,1,0.9,0.9,1.1,1.1,1,1.4,0.6,1.1,0.9,1.2,0.6,1,0.8,1,1.2,1.1,0.5,0.8,0.8,2.4,2.9,2.4,1.7,2.2,2,2.7,1.9,2.2,1.9,2,2.4,2.4,0.8,1.4,1,0.5,1,1.1,,1.3,1.3,,,,,1.1,0.9,1.5,1.1,1.3,1.4,1.3,,2.7,0.8,1.1,0.9,1.1,1,1,0.8,1,1.2,1.1,0.8,0.8,1,0.8,0.6,0.6,0.5,0.9,0.5,0.2,0.8,1,0.7,0.9,0.9,,0.1,0.2,0.3,1.4,0.9,1,1.3,0.7,0.6,0.5,1.2,0.7,1,0.9,0.4,0.7,0.5,0.6,,2.1,,1.6,1.5,1.6,1.7,1.7,,1.9,1.7,,1.5,1.4,1,1.5,1.8,1.9,2.9,5.6,1.9,2.5,1.6,,1.5,,0.8,1.3,1.7,1.1,1.4,1.3,,1.9,,2.4,,1.8,1.2,1.6,1.2,1.7,1.6,1.4,0.9,0.9,0.8,1.2,1,1.1,1.6,1.4,,,1,1,1.1,1.2,1.7,1,0.8,0.6,1,0.6,0.7,1.2,1.1,1.1,1.1,1,1.3,0.7,2,,1,1.1,1.1,0.9,0.8,0.8,,1,1,1.1,1,1.1,1.2,1.3,1.2,,0.9,1,,1,0.9,1.1,1.1,1,1.2,,0.9,,,,2.1,2.7,0.9,,,1.5,0.7,0.8,2,1.9,,1.9,2,,3.6,3.1,3,3.3,3.5,1.9,1.4,1.6,2.7,2.3,1.9,0.6,0.5,0.3,,0.9,1,0.8,1.8,0.9,0.6,0.4,0.4,0.4,0.5,0.4,0.6,0.5,0.9,1.4,1,1,1.1,1.1,0.4,0.8,0.4,0.3,0.5,0.8,1,1.3,0.9,1,,1.1,0.6,0.7,0.6,0.7,0.3,1,1,1.4,1.4,0.6,1,1,1.6,0.7,0.9,1.1,0.8,1,1.1,1.1,0.6,1,0.7,1.1,0.8,1,0.5,1.3,1.1,0.5,,0.6,1.9,1.5,,1.6,2,1.6,1.6,3.7,3.5,3.6,,4,,1.8,1.8,1.6,2.4,2.8,2.2,2.4,1.4,1.4,1.5,1.6,1.9,1.9,,1.5,1.5,1.4,1.6,1.7,1.3,1.2,1.5,1.3,1.6,1,1,1.1,1.2,0.9,,1.2,,,1.4,1.6,1.5,1.3,0.9,0.8,1,0.9,1,0.9,1,1.5,1.1,1,1.1,2.5,1.3,1.3,1.2,0.5,0.5,0.8,0.9,1,1,1.2,1,1,0.8,1.2,0.9,5.3,1.7,4.1,3.6,0.7,0.7,0.6,0.5,1,,,0.8,0.9,0.8,0.9,0.9,0.8,0.9,0.9,0.8,0.8,0.8,1.2,0.9,1.2,,1.1,1.4,1.6,1.4,2,1.1,1.9,0.8,1.7,1.3,1.9,1,,1.1,0.9,0.5,1,1.3,1.5,0.6,1.5,1.1,1.6,2.3,1.9,1.7,1.9,0.5,0.5,0.4,0.5,,0.4,0.5,1.3,0.8,0.7,0.7,0.7,0.9,1.3,2.5,3.2,1.3,1.3,2.1,1.9,1.9,2,1.6,1.1,1.3,2.4,2,1.9,1.3,1.9,1.6,1.9,2.1,1.9,1.2,1.3,1.2,1.3,1.3,1.2,1.4,1.8,1.9,0.9,0.9,1,0.6,0.5,0.6,0.7,0.7,,0.5,0.4,0.9,0.5,0.7,0.7,0.7,0.7,0.9,1.2,1.1,,0.8,0.9,0.4,0.4,0.6,0.6,,1.1,0.5,0.6,,,0.9,0.7,1,1.3,1.3,1.5,1.6,1.4,1.2,1.5,1.1,,1,,7.8,5.6,7.2,6.9,8,2.4,0.2,0.6,0.5,,0.2,4.3,,3.2,3.4,2,2.5,,1.6,1.7,0.7,1.1,1,1,,1.9,0.8,0.7,1.2,0.4,0.8,0.3,0.8,,0.6,0.5,0.2,0.3,,,0.5,,,0.2,0.5,0.5,0.3,0.4,0.3,0.4,0.4,0.5,0.8,0.7,0.8,0.9,0.2,,0.2,,1,1.1,1.3,1.2,0.4,0.6,0.5,1.2,0.4,1.2,0.5,1.8,2.1,0.7,1.1,0.6,0.4,1,1.6,1,0.5,1.1,,0.9,2.7,1.4,1.8,0.5,,0.9,2.4,0.4,0.8,1.4,0.9,0.9,0.7,0.8,0.9,0.6,1.5,0.6,0.3,0.7,0.6,0.6,1.6,1.5,0.6,0.7,0.6,0.8,0.7,,0.8,,,0.6,0.6,0.6,0.8,0.7,1.7,1.4,1.9,0.9,1,0.8,0.8,0.9,0.9,0.3,0.6,,0.4,0.7,0.7,0.6,0.5,0.4,0.6,0.9,,,1.2,1.2,1.2,0.7,0.7,0.8,0.9,1.2,0.8,,0.6,0.5,0.8,0.9,0.8,0.7,0.5,0.6,0.5,0.4,1,0.7,1.4,0.7,0.4,0.7,0.9,,0.6,0.7,0.9,1,0.8,,0.8,0.4,0.8,0.8,0.9,0.7,0.9,2.1,1.4,1.4,,0.7,0.6,0.7,0.9,,0.5,0.5,0.7,0.7,0.7,1.5,1.5,1.5,1.2,1.6,0.7,0.8,0.8,0.8,1.3,1.1,1.4,,2.1,0.6,0.8,0.7,0.8,0.5,1,1,0.9,1,4.7,3.6,3.4,,2.1,,2.2,2,,2,2,1.8,,1.9,1.6,1.6,1.3,1.8,2,1.5,1.5,1.8,1.6,1.3,1.3,1,1.3,1.3,1,1.2,0.7,0.8,1.1,0.8,1,1.2,1.1,1.3,1.7,1.9,1.5,1.2,1.1,1,1.1,0.8,1.2,1.3,1.3,,1.3,1.4,,,1,,1.3,1.3,1.2,1.3,1.3,1.3,1.1,0.8,1.5,1.7,1.1,1.5,1.6,1.2,,1,1,1.2,1.4,1.9,,1.7,1.3,1.2,1.4,1.6,1.2,,0.8,,0.7,0.7,1,1.2,1.8,1.1,0.8,0.6,0.3,1.6,1.5,1.8,1.9,0.7,0.3,,1.4,1.2,1.5,1.3,1.2,1,1,1.2,0.8,1.2,0.9,0.8,1,1.1,1,1.2,1.4,1.2,1.5,0.8,1,1,1,1,0.8,0.8,1.2,1,0.4,0.6,,0.9,0.8,0.8,0.9,0.8,0.7,0.8,0.5,0.4,0.9,1.1,1,1.1,0.5,,0.5,0.3,0.9,0.9,1.1,,0.8,0.8,1,1.1,1.1,1.2,0.8,0.8,0.9,0.6,,1,1,,0.9,0.8,,0.8,0.9,0.4,0.8,0.5,,0.9,1,0.8,0.9,0.8,1.2,0.6,,1.1,1.3,0.7,,,,,1.5,,1.1,1,1,1.4,1.1,,1,,0.9,1,1,1.2,0.8,0.8,0.5,0.7,0.7,1.2,0.7,0.9,,0.3,0.4,1.5,1.3,0.6,,0.8,0.8,0.7,1.1,0.9,1,1,1.3,1.3,1.7,0.8,1.3,0.9,0.9,1.8,,0.4,,0.4,0.5,1.3,1.4,1.5,1.3,0.8,0.9,0.8,0.9,1.1,1.2,0.9,0.8,,,0.5,0.7,0.6,2,0.4,0.5,0.5,0.3,0.3,,0.8,0.4,0.6,0.7,0.7,1,0.6,0.4,,1.3,1.6,1.2,,1,1.8,2,0.8,0.7,1.1,0.4,0.3,0.5,0.5,0.8,0.4,,0.5,0.1,2.7,4.9,3.9,4.1,0.7,1.6,1.6,0.6,2.1,,1.4,2,1,,1.7,3.1,1,2.1,2,1.4,,0.2,0.7,0.8,0.8,2.1,2.2,0.6,6.1,1.2,1.6,1,0.7,2.6,3.6,1.2,,1,0.4,0.7,0.8,0.6,0.8,1,0.8,1.8,1.7,1.7,1.1,0.9,1.1,1.5,0.5,1.1,0.4,0.3,0.9,0.8,0.8,0.8,0.6,0.3,1,0.9,1.3,0.6,0.5,2.1,1.3,1.1,0.7,1.7,0.7,2.4,1.3,1.1,0.5,2,1.9,1.8,2.3,1.3,1.3,1,0.9,0.9,3,,0.6,2.1,1.7,1.1,1.1,0.9,1,1.5,0.4,0.2,1.4,0.5,1.7,1.4,0.9,0.5,0.5,2,0.7,2,,1.6,0.5,1.5,0.6,1.8,0.9,0.9,0.8,0.8,2.4,1.6,0.3,1.8,1.3,1.8,0.8,1.6,1.6,1.4,3.8
20171215,12,CO_24h,1.3,1.3,1.4,1.5,1.5,1.2,1.5,1.8,1.9,1.5,1.5,1.6,,,1.6,,0.9,1.4,1.3,,1.9,1.3,1.3,,1.5,1.4,,2,2.2,2.5,,1.8,1.6,1.5,1.8,2.3,1.6,2,2,1.8,2.3,2.5,2.7,,2.6,1.9,2.2,1.9,,2.2,2.2,2.4,2.6,2.7,2.2,0.8,,0.7,1.2,1.3,1.7,2.3,1.8,3,1.8,1.4,1.4,,1.2,1.4,1,1.1,1.7,1.8,1.7,2.3,2.2,2,2.2,3,,3.3,3.7,3.1,3.2,3,3,3.2,1,1,0.9,1,0.9,0.9,0.8,1.4,2.5,2.9,2.6,,2.2,2.6,2.7,2.5,2.2,,2.3,1.2,1.2,1.2,1.3,1.2,1,1,1.6,1.5,1,1.4,1.4,1.4,0.9,0.9,1.2,1.5,1.2,1.2,1.1,1.1,1.2,1.4,,0.5,1.3,0.9,1.3,1.4,1.1,1.5,1.8,0.4,0.8,0.8,0.5,0.8,0.9,0.8,0.5,0.6,0.4,0.4,0.7,0.2,0.7,0.7,0.8,0.8,0.1,0.5,0.7,0.9,0.9,0.6,0.7,0.6,0.3,0.8,0.7,0.6,0.9,0.8,0.7,1.3,,,,1.3,1.2,,1.1,1,1,,0.7,0.2,0.5,,0.7,1,1,0.8,1,0.8,1,0.9,1.1,,,,0.9,0.7,,0.2,0.3,0.5,0.9,0.6,,0.6,0.6,0.9,0.6,0.5,0.7,1,0.6,,0.7,,1.7,1.5,1.3,1.2,0.9,0.7,0.7,1.2,1.1,1,0.9,0.7,0.7,0.6,1,0.8,0.8,0.8,,0.8,0.9,0.8,0.6,0.5,0.6,0.8,0.7,1.1,,,0.7,,0.8,0.6,,0.8,0.8,0.8,0.7,0.6,0.6,,0.9,0.7,0.6,0.6,0.7,0.8,0.8,0.9,0.7,0.6,1.1,0.6,0.8,0.7,0.6,0.7,0.5,0.6,0.6,,0.7,,0.6,0.5,0.3,0.4,,0.7,,0.7,0.9,0.8,0.9,0.9,,1.3,1.6,1.9,2.1,1.8,1.9,1.7,1.8,1.7,1.4,1.1,1.5,1,1,0.9,0.9,1,1.2,1.4,1.4,1.6,1.7,1.8,1.4,1.7,1.2,1.8,0.7,0.8,1,0.8,0.6,0.9,0.8,0.8,1,1.1,0.9,0.9,0.9,0.9,1.1,1,1,1.1,1.1,0.7,1.4,1.3,,0.8,1,1,0.8,1.1,1,1,0.9,0.6,0.8,0.8,0.7,0.7,0.6,0.8,0.6,0.7,0.6,0.7,0.9,1,1,1.1,0.9,1.3,1,1.3,1.1,1.1,1.2,1,1.4,1.2,1,1.3,1.2,1.2,1,1.1,1.1,1.1,1.3,1.2,1.2,1.3,1,1.2,1.3,1,1.2,1.3,,0.7,1,1.3,1.3,1.4,1.3,0.8,1.1,1.4,0.4,0.4,0.4,0.4,0.6,0.7,,1,0.8,0.8,1,0.9,0.8,0.8,,,0.8,0.9,0.7,0.9,0.9,,0.7,0.7,0.8,0.8,,,0.8,0.7,0.8,0.8,0.9,0.8,0.7,0.9,0.9,0.8,1,1.1,1.1,0.8,1.3,0.7,1.1,1,1.1,1.9,1.1,0.6,0.7,0.6,2,2.5,2.2,1.6,1.9,1.9,1.9,2,2.3,1.8,1.9,2.3,1.9,1.3,1.3,1.9,1,1.6,1.6,,1.4,1.6,0.6,,,,1.3,1.4,1.2,1.3,1.7,1.1,1.1,,1.6,0.8,0.9,0.8,1,0.9,0.8,0.7,0.8,0.9,0.9,0.7,0.6,0.9,1.5,0.6,0.8,0.7,0.7,0.7,0.5,1,1,0.7,0.9,0.8,1.2,1.9,2.2,1.4,1.1,0.9,1.1,1,2.4,2.4,1.7,2.3,2.1,1.7,2,0.5,0.6,0.4,0.6,,2.3,,1.4,1.2,1.4,1.6,2,,1.9,1.6,,1.3,2,1.6,2.1,3,3.2,2.6,3.5,3.1,3.6,1.2,,1,,0.8,1,1.2,0.8,1.1,1.4,,1.3,,1.7,,1.4,1.1,1.4,1.1,1.6,1.2,1.4,1.3,1,0.9,0.7,0.7,0.6,1.7,1.4,,,1,1,1.1,1.2,1.5,1,0.8,0.7,0.8,0.6,0.8,1,0.9,0.9,0.8,0.7,1.1,0.9,1.5,1.3,0.9,0.9,1,0.8,0.8,0.9,0.6,1.1,0.9,1.1,1,1.1,1.3,1.2,1.2,,0.8,0.8,,1,0.9,1,0.7,0.9,1,0.7,1,,,,2,2.7,1.9,,1.3,2.4,1.9,2,1.7,1.8,,1.9,1.9,,3.6,2,2.6,3,3.2,2.2,1.4,2,3.4,2.3,1.9,2,1.1,1.4,,4.9,3,5.3,4.4,3.8,2.6,1.6,1.7,1.5,1.1,1.3,1.1,2.3,3.1,3.9,4.4,2.7,2.3,2.4,1.4,2,1.6,1.3,1.5,1.4,1,2.7,1.7,1.4,,0.9,1.3,1.3,1.2,1.2,1.2,1.3,1.3,1.6,1.9,0.8,1.3,1.3,1.6,1,1.3,0.7,0.9,0.7,0.9,0.6,0.5,0.9,1.2,0.7,0.6,0.9,0.6,1.1,0.8,0.6,0.5,0.2,2,1.6,,1.9,2,1.9,1.7,2.2,2,2.1,,2.4,,1.6,1.6,1.5,2,2.2,1.6,2,1.5,1.5,1.7,1.5,1.6,1.7,,1.4,1.4,1.1,1.6,1.6,1.1,1.2,1.4,1.3,1.3,0.9,0.9,1,1.1,0.9,,1,,,1.4,1.5,1.5,1.2,0.9,0.9,1,0.9,1,0.8,1,1.5,1.1,1.1,1.2,1.8,1.3,1.4,1.2,0.5,0.5,0.9,0.9,1,1.1,1.1,1,1.1,0.9,1.2,1,4.8,2.1,2.3,2,0.7,0.7,0.6,0.5,1,,,0.8,0.9,0.7,0.9,0.8,0.8,0.9,0.8,0.7,0.9,0.8,1.1,0.7,1,,0.9,1.1,1.1,1.8,1.9,1.5,1.9,1.8,2.6,1.8,2.2,1.7,,3,2.4,1.3,2,1.7,2.2,1.4,2.1,1.7,2.1,1.9,1.6,1.4,1.6,0.5,0.4,0.3,0.6,,1,0.7,0.7,0.8,1,0.7,0.6,0.8,1.2,2.5,3,1.4,1.5,1.8,2,1.8,1.4,1.1,1.1,1.1,1.4,1.2,1.4,0.9,1.3,1.2,1.3,1.8,2.1,1.4,1.1,1,1,1.1,0.9,1.3,1.3,1.5,0.9,0.9,1,0.5,0.3,0.5,0.7,0.4,,0.3,0.2,0.8,0.6,0.6,0.8,0.9,0.6,0.8,1,1.1,1.2,0.6,0.7,0.4,0.4,0.5,0.6,,0.9,0.5,0.5,,,1.5,1.1,0.7,1.5,1.4,1.7,1.6,1.4,1.4,1.4,1.2,,0.7,0.5,3.3,3,2.5,2.4,2.7,3.1,1.6,1.6,1.9,,1.5,3.6,,2.9,3.4,2,2.3,,1.7,1.7,2.5,2.7,2.6,1.9,,2.1,0.7,0.5,1.1,0.8,1.4,0.8,0.8,,0.6,0.5,0.4,0.6,,,0.9,0.4,0.8,0.4,0.6,0.5,0.3,1.1,0.9,0.9,1,1.2,4,5,3.3,5.4,1.7,1.3,1.4,1.1,2.6,2.1,3,2.3,1.1,1.3,1.6,2.3,1.4,3,3,1.7,1.9,1,1.2,1.2,0.6,0.9,1.2,1,0.8,1.6,2.6,1,1.5,1.2,3,0.3,1.2,0.7,0.7,0.7,0.6,0.8,0.3,1.1,0.9,0.9,1.1,0.4,1.9,1.1,0.6,0.8,0.9,0.8,1.7,1.5,1,0.7,0.5,0.7,0.6,0.5,0.6,0.5,,0.5,0.6,0.5,0.6,0.6,0.9,0.9,1.2,0.8,0.8,0.8,1,0.7,0.8,0.6,0.7,0.7,0.6,0.6,0.6,0.5,0.5,0.4,0.5,0.8,,0.7,0.9,1,1,0.6,0.6,0.6,0.6,1.1,0.9,,0.7,0.7,0.6,0.7,0.6,0.7,0.5,0.6,0.5,0.4,0.6,0.6,0.6,0.5,0.4,0.5,0.6,,0.5,0.4,0.7,0.6,0.6,1.1,0.7,0.3,0.6,0.6,0.7,0.5,1.2,1.4,1.2,1.1,1.1,0.6,0.4,0.5,0.6,0.6,0.3,0.4,0.7,0.6,0.7,1.5,1.6,1.6,1.3,1.7,0.6,0.6,0.8,0.7,1.1,1,1.2,1.1,1.4,0.6,0.7,0.6,0.8,0.4,1.1,1,0.8,1.4,2.4,2.1,1.7,,1.9,,2,1.9,,1.9,1.9,1.9,,1.8,1.4,1.4,1.4,1.6,1.8,1.5,1.6,1.7,1.7,1.4,1.4,1.2,1.3,1.3,1.1,1.2,0.6,0.7,0.9,0.8,0.9,1,1.2,1.4,1.4,2.1,1.6,1.3,1.3,1,1,0.6,1.4,1.3,1.3,,1.1,1.3,,0.5,1.1,1.3,1.4,1.2,1.3,1.3,1.2,1.2,1,0.7,1.3,1.4,0.9,1.1,1.5,1,1.1,1,0.9,1.1,1.4,1.9,1.6,1.6,1.4,1.1,1.2,1.4,1.1,1.5,0.8,,0.7,0.6,0.9,1.1,1.5,1,0.6,0.7,0.5,1.2,1.7,1.9,1.7,0.1,0.2,0.3,1.3,0.9,1.4,0.9,1.1,0.9,1,1.2,0.7,1.1,0.8,0.7,1,1,1,1.1,1.4,1,1.2,0.9,1,1,0.9,1,1,1,1.2,0.9,0.7,0.9,0.9,1,0.7,0.7,0.8,0.7,0.7,0.7,0.4,0.4,0.7,0.8,0.8,0.9,0.5,0.4,0.5,0.2,0.8,0.8,0.9,,0.8,0.8,0.8,1,1,1,0.7,0.7,0.8,0.6,,0.8,1.1,,0.9,0.7,0.9,0.6,0.7,0.6,1.1,0.6,,0.7,0.8,1,1,1,1.3,0.8,1.2,1.2,1.3,0.7,,,,,1.5,1.3,1.2,1,1.1,1.4,1.1,,1,0.9,0.8,1.1,0.9,1.1,0.9,0.8,0.5,0.6,0.8,1.4,0.9,0.9,,0.4,0.5,1.1,1.1,0.7,,0.7,0.9,0.8,1,0.8,1,1.1,1,2.1,2.5,0.8,1.1,1.7,1.1,1.9,,0.5,,0.4,0.3,1.1,1.5,1.3,1.4,1.3,1.5,1.3,1.2,0.8,1.1,0.8,1.1,,,0.7,1.2,1.8,2.4,0.5,0.7,0.4,0.1,0.5,0.6,0.7,0.6,0.9,1,0.8,1.1,1.2,0.7,,2.4,2.3,1.2,,1.2,1.5,1.8,0.9,0.8,1,0.3,0.3,0.5,0.5,0.9,0.4,,0.8,0.4,3,4,2.9,3.3,0.7,2.5,1.1,0.7,1.4,1.6,1.6,2,2.1,,3.1,3,2.6,2,1.9,1.6,0.3,0.3,0.6,0.9,0.9,1.1,2.6,0.6,2,1.2,1.7,1.6,1.4,2.5,3.2,1,2.1,2.1,0.3,0.3,0.6,0.6,0.8,0.6,0.7,1.3,1.2,1.7,0.8,0.8,2.5,1.4,1.4,1.2,2.7,2.1,0.7,0.8,0.7,1,0.7,1.5,0.6,0.8,2.1,1.6,1,2.7,2,1,0.7,1.3,0.7,1.5,0.9,1,0.3,1.2,1.4,1,1.6,1.2,1.4,0.8,0.8,0.9,3,,1.3,2,1.7,1.1,0.9,0.8,0.9,1.3,0.6,1,1.4,0.5,1.5,1.7,0.8,0.6,1.4,1.9,0.8,1.7,1.5,1.7,0.5,1.9,0.5,1.8,1,0.9,0.8,0.9,1.4,1.5,0.8,2.1,1.1,1.7,0.7,1.5,1.2,1.2,2.2
20171215,13,AQI,38,30,35,51,24,33,22,25,21,54,39,20,,,32,,35,33,33,,26,55,26,,52,55,,263,318,303,,,253,74,56,41,52,47,43,47,73,60,79,,124,289,279,297,,156,176,199,133,112,162,22,,39,24,26,34,35,28,22,31,33,37,,33,52,50,52,220,230,219,280,226,255,255,178,,120,145,119,119,99,99,115,21,27,40,33,26,46,51,20,21,45,34,,26,21,52,37,41,,20,54,46,51,51,60,55,45,60,54,,48,59,60,56,54,40,42,59,50,43,149,93,93,,85,105,118,108,155,205,105,93,31,42,46,35,32,32,36,22,30,28,29,20,32,26,29,52,46,45,32,30,40,28,25,42,41,36,48,29,27,29,33,30,123,,,,226,189,,169,200,220,,49,44,38,,32,53,51,42,50,50,46,40,43,,,,43,57,,42,48,58,49,43,,49,92,79,92,73,104,60,62,,57,,175,135,172,43,55,11,62,48,49,79,59,61,65,33,79,46,73,75,,86,42,54,64,51,55,69,45,58,,,28,,33,46,,47,60,67,24,24,27,,44,26,28,18,18,58,53,57,23,38,26,32,30,36,30,30,35,29,18,,27,,40,37,15,21,,16,,12,26,28,20,13,,30,221,199,212,203,225,233,232,231,98,208,232,180,235,168,224,228,168,225,229,254,244,,262,216,230,,73,60,73,64,90,80,70,67,83,113,64,67,73,65,58,60,64,52,55,43,57,60,,52,51,57,32,54,32,52,36,59,64,55,61,48,69,67,36,55,46,77,64,63,85,77,57,69,52,57,65,50,43,30,93,79,70,95,68,70,70,67,70,75,68,61,62,63,55,46,67,69,60,56,,53,28,22,32,20,20,13,36,29,46,47,48,53,55,59,,80,89,69,105,75,95,73,,,84,90,82,78,76,,78,77,79,79,,,82,45,63,58,29,60,58,69,65,56,63,42,47,31,39,43,36,42,56,64,50,35,109,,220,209,231,189,202,227,228,162,204,119,213,173,228,61,59,64,57,65,75,,78,85,45,,,,34,51,94,88,68,124,130,,114,60,69,64,67,72,54,51,60,57,52,60,47,57,58,30,56,29,39,38,30,55,59,22,26,54,28,28,50,23,92,74,65,78,42,35,41,49,26,43,38,26,32,49,23,,,,142,118,144,78,135,,148,183,,214,156,149,155,214,210,229,214,209,160,147,,216,,95,122,132,127,97,79,,231,,228,,209,140,198,198,202,227,221,73,77,83,142,112,127,192,156,,,20,20,17,43,30,69,39,,64,40,52,87,92,95,102,77,94,60,90,75,62,43,48,55,35,36,40,25,32,35,80,83,62,23,12,,53,59,,90,88,85,93,45,38,19,22,,,223,221,230,26,,21,20,22,19,206,183,,193,214,,334,362,370,367,359,209,229,190,224,211,223,38,31,23,,51,28,55,32,31,42,55,30,29,33,49,29,23,40,68,51,50,51,73,30,46,24,22,25,34,43,30,52,44,,64,55,29,60,24,35,54,59,60,64,58,92,59,73,120,63,46,58,54,57,50,38,36,50,58,38,35,42,35,28,38,32,9,200,134,,179,179,155,165,337,356,,,392,,180,159,172,230,241,256,234,168,175,166,192,138,139,,119,160,175,148,153,162,,119,113,82,67,68,87,109,79,,74,,,60,98,78,70,53,16,27,18,22,26,20,17,26,15,20,45,30,29,17,41,38,125,130,140,122,52,53,62,54,59,83,117,69,64,55,83,88,92,69,97,,,103,105,93,118,147,88,92,112,76,98,87,62,48,50,,47,62,64,124,201,162,205,55,55,55,60,34,,36,52,58,61,64,67,67,68,67,62,219,246,238,202,72,49,68,42,,34,45,65,55,36,22,32,52,63,74,63,67,203,205,226,244,202,178,148,148,209,172,116,207,153,135,82,77,115,139,99,140,88,90,88,103,104,115,45,41,39,37,44,27,36,36,,52,39,47,53,42,46,46,59,48,60,28,48,59,59,35,56,32,45,,36,28,24,,,38,97,51,168,173,150,219,127,173,147,163,,29,66,228,223,273,261,123,204,60,60,75,61,83,331,,298,294,217,204,,206,143,56,53,45,138,,128,37,25,31,35,33,20,67,,46,37,24,26,,,17,18,26,21,26,40,38,30,29,20,21,21,31,29,39,22,16,24,33,18,43,39,55,60,56,50,22,23,23,64,75,84,104,82,100,45,26,56,75,39,35,77,135,34,144,80,89,41,215,94,238,36,80,69,52,99,122,113,73,95,152,110,50,29,17,25,102,124,28,22,79,85,65,65,68,70,,78,59,70,63,72,127,152,124,45,62,42,45,45,,20,13,16,33,31,16,37,38,38,29,128,,,114,109,138,52,52,40,52,156,152,,26,24,49,55,42,24,21,35,23,22,33,27,32,33,25,29,49,,46,56,46,53,29,42,33,15,16,26,25,32,12,59,58,49,45,25,34,26,34,37,15,19,15,16,16,16,16,29,25,20,23,28,33,26,35,42,38,21,43,26,29,30,28,15,25,43,42,49,280,266,248,,,,220,230,,238,223,160,,158,202,224,216,210,104,180,139,148,175,96,152,180,150,166,230,144,28,36,64,46,65,100,74,110,124,129,140,134,159,39,40,62,130,113,133,,79,90,,59,59,52,53,49,90,102,84,105,103,43,45,45,42,53,50,28,40,29,35,26,72,75,77,60,59,15,15,33,15,16,28,,33,32,39,36,29,40,52,42,25,25,41,20,40,58,48,59,33,22,29,29,13,21,18,12,16,18,12,10,13,11,15,19,24,46,55,30,15,16,32,28,23,22,12,10,55,56,62,52,113,94,79,86,82,63,89,68,57,67,60,60,70,65,58,63,77,113,103,,72,104,94,102,254,114,73,46,41,50,,54,60,,57,84,16,77,83,18,64,20,,45,18,20,30,28,33,28,40,30,47,25,,,,,33,57,21,18,19,16,25,,35,53,52,30,53,26,29,27,36,51,52,30,24,25,,25,36,59,60,47,,59,41,,55,64,49,99,61,58,54,30,35,52,32,156,,21,,20,21,192,142,156,86,26,32,31,33,115,108,122,89,,,50,55,39,63,47,40,52,69,36,54,61,35,63,58,59,54,58,56,,45,27,52,,89,117,99,124,66,77,44,52,42,38,40,42,,47,39,123,175,108,112,27,63,69,33,69,92,80,100,96,,109,117,93,180,155,129,34,17,36,70,78,77,70,24,272,52,19,30,32,241,301,217,114,52,53,44,56,56,28,88,113,244,218,235,84,25,43,29,46,79,34,43,93,39,58,36,25,28,61,62,36,23,28,33,52,44,52,158,52,153,45,58,67,238,178,89,135,46,120,70,85,82,351,,29,230,169,29,71,,95,63,25,16,170,37,143,96,31,11,26,199,81,113,32,222,28,196,29,134,12,14,12,12,108,84,22,82,75,124,99,63,92,87,
20171215,13,PM2.5,26,10,9,8,8,8,5,8,11,12,13,12,,,22,,24,23,23,,18,39,18,,36,39,,213,268,253,,,203,24,26,22,17,19,12,24,53,43,58,,94,239,229,247,,119,133,149,101,84,123,10,,7,12,8,6,10,13,8,13,12,14,,19,36,35,36,170,180,169,230,176,205,205,134,,91,111,90,90,74,74,87,6,6,3,23,12,3,16,14,14,31,20,,18,13,18,18,20,,8,38,32,26,34,40,35,31,43,38,,29,32,34,30,38,17,14,42,23,22,114,69,69,,63,79,89,79,118,155,79,69,20,29,32,24,22,22,25,15,19,19,14,9,18,18,20,36,24,31,15,21,28,19,17,29,26,23,33,20,14,20,21,20,93,,,,176,142,,128,150,170,,34,19,26,,22,37,28,29,35,35,31,28,30,,,,30,40,,29,30,41,34,30,,34,68,58,68,53,78,43,41,,28,,132,103,130,30,36,4,44,33,34,58,42,35,47,23,53,30,53,55,,45,29,32,46,30,32,50,31,41,,,19,,23,31,,25,38,38,16,11,11,,22,17,19,11,12,34,37,40,16,26,18,22,21,25,21,21,24,20,7,,16,,18,17,5,12,,11,,5,18,19,13,3,,21,171,149,162,153,175,183,182,181,73,158,182,136,185,127,174,178,127,175,179,204,194,182,212,166,180,,53,43,53,46,67,59,51,48,61,85,46,48,53,47,41,43,46,36,39,30,40,33,,28,30,40,22,28,22,28,23,39,44,33,31,28,50,48,23,32,28,56,46,43,63,56,33,41,26,28,34,32,26,21,69,58,47,71,49,48,51,47,51,55,49,40,44,45,39,31,48,50,43,36,,26,19,15,22,14,13,4,25,20,17,18,22,25,19,39,,59,66,50,79,44,71,53,,,62,67,60,57,52,,57,56,58,55,,,60,16,45,39,15,43,41,50,47,36,38,29,24,12,22,30,25,29,36,42,25,12,82,,170,159,181,142,152,177,178,123,154,90,163,131,178,25,29,17,22,35,55,,55,52,20,,,,13,21,70,65,44,94,99,,86,43,50,46,48,52,38,29,30,36,36,43,29,31,41,20,16,10,27,22,12,7,16,3,8,17,15,19,20,11,68,54,47,57,21,24,9,28,18,30,26,11,14,14,9,,,,108,89,110,,103,,113,138,,164,119,114,118,164,160,179,164,159,122,112,,166,,71,92,100,96,72,58,,181,,178,,159,107,148,148,152,177,171,53,56,61,108,84,96,144,119,,,14,14,8,30,21,50,24,,46,21,36,64,68,71,76,56,70,31,67,55,43,30,33,33,24,20,28,17,22,18,59,61,43,13,8,,37,42,,67,65,63,69,31,26,13,10,,,173,171,180,2,,2,4,13,8,156,138,,145,164,,284,312,320,317,309,159,179,143,174,161,173,5,9,10,,22,12,15,22,15,22,39,21,20,16,34,9,13,22,23,22,25,29,53,10,20,7,12,7,21,30,21,25,30,,46,39,20,43,16,24,35,38,43,46,41,68,32,53,91,45,32,41,38,40,35,26,25,35,41,26,24,29,24,19,26,22,5,150,102,,135,135,118,125,287,306,,,342,,136,121,130,180,191,206,184,127,132,126,144,105,106,,90,122,132,113,117,123,,90,85,60,48,49,64,82,58,,54,,,43,73,57,51,37,11,14,12,15,18,8,7,18,10,14,31,20,20,11,16,17,95,99,107,92,36,37,44,38,42,61,31,50,25,,61,65,68,50,72,,,77,79,69,89,112,65,68,84,54,73,64,44,18,26,,28,37,46,94,151,123,155,39,22,32,43,14,,17,36,26,23,36,36,45,48,30,37,169,196,188,152,52,27,11,29,,10,17,38,21,25,15,22,36,45,54,45,32,153,155,176,194,152,134,113,113,159,130,,157,117,103,60,56,87,106,74,107,65,67,65,77,78,87,30,27,27,22,28,,15,24,,36,27,21,37,29,32,32,42,33,43,19,33,42,42,17,28,16,27,,21,19,13,,,26,33,9,127,131,115,169,96,131,112,124,,20,14,178,173,223,211,,154,11,8,34,16,12,281,,248,244,167,154,,156,103,28,28,10,105,,97,13,16,13,9,8,6,48,,18,15,5,6,,,3,12,5,8,17,28,26,9,15,7,9,8,16,12,21,11,8,14,22,12,26,19,26,11,24,35,15,16,12,46,55,62,78,60,75,27,10,26,51,20,24,56,66,17,110,59,66,13,165,70,188,25,59,50,36,74,92,85,43,71,116,83,35,16,11,6,76,94,16,15,58,63,47,47,49,51,,57,42,51,45,52,96,116,94,31,44,29,31,30,,8,8,7,23,7,6,10,26,26,20,97,,,86,82,105,36,36,28,36,119,116,,18,13,34,39,29,11,8,11,9,4,23,18,21,23,3,20,34,,32,36,30,29,20,29,18,10,9,18,14,22,5,42,41,34,31,17,10,18,16,16,8,13,10,11,11,11,11,20,17,14,16,19,23,18,24,29,26,13,30,18,20,21,19,10,16,27,22,34,230,216,198,,,,170,180,,188,173,122,,120,152,174,166,160,,136,106,113,132,,116,136,115,126,180,110,19,25,46,32,47,75,38,83,94,98,107,102,121,27,28,41,99,85,101,,58,67,,42,42,36,37,34,67,76,62,79,77,30,31,31,29,37,35,19,28,20,24,18,50,55,56,43,42,8,10,9,10,10,16,,23,22,27,25,20,28,36,29,17,17,21,14,28,21,31,42,21,15,15,20,8,11,12,7,11,12,8,7,9,5,10,13,14,24,37,21,10,11,13,16,16,15,8,3,22,22,17,22,85,70,58,55,60,45,66,49,40,48,43,43,51,47,41,45,56,85,77,,52,78,70,76,204,86,53,28,23,35,,38,43,,32,62,,52,59,9,46,7,,13,9,11,15,14,15,19,28,21,9,17,,,,,23,11,11,12,8,8,16,,24,,25,19,28,9,6,11,25,17,29,21,12,17,,17,11,24,26,29,,20,15,,27,29,12,48,33,32,17,14,10,36,11,119,,8,,9,6,144,108,119,,7,10,14,15,87,81,92,66,,,15,27,,30,28,26,21,50,11,18,27,20,35,39,29,33,29,27,,27,7,24,,66,88,74,55,20,41,25,17,17,21,13,13,,13,12,93,132,81,84,7,45,50,20,50,62,58,75,61,,82,69,69,136,118,98,9,9,25,51,57,37,51,11,222,36,,21,22,191,251,167,86,36,37,30,34,31,19,65,85,194,168,185,62,17,30,20,17,58,10,30,69,24,41,25,17,10,42,44,25,16,13,21,26,23,36,120,16,117,30,41,48,188,134,66,103,32,91,51,63,60,301,,20,180,128,11,42,,71,45,3,9,129,10,109,64,5,6,18,149,34,85,18,172,19,147,11,102,7,5,6,6,75,61,10,60,55,94,74,45,68,64,
20171215,13,PM2.5_24h,78,49,65,59,64,66,68,75,80,53,62,71,,,87,,81,85,78,,78,80,83,,82,97,,155,168,210,,162,157,117,71,88,73,77,80,81,59,65,69,,79,175,166,189,,145,152,152,174,142,150,38,,31,41,47,58,71,68,76,54,82,84,,84,103,100,107,125,149,156,176,142,170,174,311,,264,354,270,312,289,268,320,50,36,26,50,42,39,52,53,105,135,114,,126,126,113,123,111,,135,51,56,50,54,40,43,44,75,60,23,64,74,89,79,74,55,85,86,83,84,105,82,59,,80,82,104,102,107,104,121,124,15,18,14,15,17,20,15,12,13,16,25,22,32,29,38,41,31,37,24,21,24,23,22,24,26,20,24,22,19,19,25,19,69,,,,135,124,,106,138,136,,36,24,32,,24,39,27,27,35,25,31,30,33,,,,32,36,,30,32,35,26,24,,28,55,39,40,39,47,32,28,,19,,93,71,93,26,35,12,32,27,30,45,35,25,39,23,42,39,44,38,,56,36,28,33,26,26,37,38,32,,,19,,28,30,,24,28,29,17,10,12,,43,59,24,22,23,26,23,32,29,32,28,27,32,34,29,32,33,36,9,,18,,16,15,11,18,,22,,14,19,36,20,15,,19,140,153,174,156,182,162,181,153,47,91,89,68,89,64,88,93,73,141,148,169,158,143,161,142,142,161,38,37,40,38,48,52,41,42,49,70,41,50,49,50,43,45,45,39,47,51,37,31,,24,33,31,20,32,22,34,24,38,38,34,28,27,46,53,21,33,29,65,51,74,58,52,26,31,32,31,36,29,26,21,57,51,44,53,43,41,48,37,44,47,41,39,60,43,40,36,43,51,49,40,,37,16,20,20,13,24,13,18,31,12,13,15,12,12,34,,52,46,51,58,36,57,52,,,51,52,46,48,49,,78,77,78,82,,,74,20,25,24,24,29,33,35,27,25,23,28,19,22,23,28,31,33,36,56,20,18,35,,177,169,174,166,164,185,178,164,191,151,185,169,170,41,52,30,38,51,84,,89,75,68,,,,62,70,68,75,61,67,72,,24,43,50,51,49,52,29,24,23,29,30,39,19,31,48,24,24,31,26,26,36,30,36,21,33,32,94,115,76,94,39,34,36,37,100,99,69,106,84,59,74,13,15,14,13,,,,102,108,117,125,135,,139,129,,134,149,156,145,190,255,135,155,179,180,92,,109,,75,55,69,61,30,45,,117,,118,,113,89,101,110,136,131,144,76,78,75,44,42,41,148,129,,,19,20,12,31,29,29,20,21,34,22,32,71,72,77,84,64,84,57,68,65,49,26,28,32,24,19,33,19,25,15,78,80,64,21,12,,42,43,,47,56,45,48,52,46,29,12,,,145,137,151,61,,66,56,69,68,104,104,,108,113,,193,178,206,200,198,181,190,186,162,174,185,87,78,90,,155,95,180,134,149,102,79,143,102,62,94,33,136,78,127,127,85,63,97,70,87,82,71,72,85,50,92,94,76,,48,93,79,87,70,115,60,62,71,87,45,91,79,68,96,64,40,55,53,44,38,39,38,38,49,32,28,34,29,33,32,30,5,169,136,,137,135,122,137,184,187,171,,198,,103,94,95,151,147,144,161,141,132,121,133,140,147,,140,119,120,108,117,114,,93,97,62,52,47,52,77,46,,59,,,49,71,56,58,52,13,17,16,18,15,12,8,16,14,29,26,19,27,17,13,10,86,80,95,86,46,42,46,40,51,50,57,39,45,41,49,53,46,49,91,,,95,92,67,83,95,59,66,72,63,66,66,25,16,14,,23,29,32,180,174,182,167,148,180,132,135,94,,100,103,113,138,165,160,152,176,145,140,137,158,152,163,31,16,15,24,,69,49,32,48,26,12,25,48,31,49,52,44,149,134,167,155,79,70,97,75,79,70,65,81,70,73,45,48,70,77,47,70,36,33,33,50,43,45,23,24,24,13,18,,25,24,,21,20,19,40,31,36,34,36,31,36,23,37,41,39,18,18,26,32,,15,39,35,,,71,80,17,110,86,112,108,117,156,122,147,,31,22,142,122,129,114,111,134,142,131,147,21,143,225,,192,219,134,121,,137,122,178,162,155,136,,132,19,27,18,41,31,38,41,,16,30,18,28,,,26,24,22,16,30,40,35,66,56,57,54,57,142,185,142,174,136,116,116,107,142,101,140,109,97,104,66,79,72,99,115,92,79,47,49,72,32,41,61,36,43,89,134,25,52,50,94,12,75,29,50,31,33,38,22,56,62,51,44,46,78,80,24,21,26,24,59,68,48,16,58,49,45,41,40,38,,68,51,45,45,44,81,87,96,40,49,44,52,45,47,28,24,25,41,5,9,14,27,29,26,69,,66,64,67,80,28,31,22,34,99,100,,30,37,37,38,34,12,11,12,13,7,19,14,16,32,3,15,18,,22,20,19,22,19,24,16,10,12,9,13,15,15,32,30,25,28,24,21,25,23,18,18,23,21,22,22,17,21,25,25,20,24,22,25,28,30,30,26,27,28,26,25,21,23,15,21,24,22,30,141,128,123,,132,,131,161,,175,156,105,,106,138,158,153,147,138,132,89,97,134,153,110,118,100,132,136,125,29,37,50,45,52,48,74,78,70,114,118,125,136,31,40,43,119,109,121,,49,57,,40,40,38,34,44,61,63,52,84,80,28,33,29,37,31,27,23,26,30,27,25,63,61,51,45,49,15,22,18,16,18,32,,25,36,31,26,22,23,33,33,15,19,20,20,25,25,32,38,18,15,20,22,10,4,10,10,14,11,6,9,11,4,9,13,19,15,21,21,15,9,15,14,20,21,8,7,41,61,45,66,69,57,48,48,64,64,69,66,43,51,35,50,65,68,62,67,45,58,66,,34,84,73,78,85,80,55,55,45,58,,62,80,,32,64,60,52,74,17,33,15,,20,16,18,28,34,32,14,30,38,19,21,,,,,14,20,14,16,11,10,18,,14,24,18,27,30,21,9,10,19,21,29,11,18,24,,23,19,21,16,38,,15,20,,37,28,23,19,15,49,42,13,13,30,19,96,,8,,8,11,115,110,115,117,43,45,47,42,72,82,73,103,,,22,89,100,104,37,36,16,39,26,41,31,29,61,65,49,62,65,45,,45,58,37,,77,83,71,43,27,27,29,29,26,18,21,21,,24,29,124,160,73,65,8,53,38,25,40,70,71,66,112,,146,57,103,107,119,111,12,20,31,49,40,26,31,14,104,28,67,76,90,161,224,127,122,188,37,30,31,26,20,44,60,142,113,147,85,16,28,21,22,63,146,109,46,25,56,46,32,83,35,44,76,87,49,65,96,26,46,83,26,74,28,41,30,135,123,53,83,34,110,47,50,48,185,,84,159,130,22,40,97,78,37,22,35,143,20,151,84,15,10,80,125,80,53,66,133,22,148,26,130,30,43,31,32,47,71,48,72,49,89,82,50,68,67,201
20171215,13,PM10,,30,35,52,24,33,18,,,57,39,18,,,,,,,,,18,,,,,,,288,359,259,,,267,98,62,41,53,47,43,47,92,61,88,,131,306,303,333,,148,176,212,162,136,183,17,,39,24,19,34,35,28,15,31,33,37,,33,53,49,49,236,220,211,252,269,264,235,,,184,133,178,161,132,122,111,12,27,40,27,26,46,52,17,21,34,34,,24,21,54,37,41,,20,55,40,51,52,69,59,44,68,57,136,48,67,70,61,51,40,42,47,50,43,124,79,91,,72,98,121,165,153,195,117,100,31,30,,,30,,,,25,22,29,20,32,,,,46,,32,28,,20,17,,41,36,34,22,27,29,33,30,131,,,,196,180,,186,238,213,,34,44,29,,32,38,51,42,36,,46,33,39,,,,42,44,,37,48,43,47,40,,,71,78,80,67,98,61,74,,63,,,118,144,38,60,11,51,46,41,72,63,71,64,29,108,46,72,80,,121,,58,54,51,59,72,37,52,,,23,,,46,,47,69,84,24,23,27,,44,26,23,17,18,66,43,49,,,,,,,,,,,10,,27,,40,37,7,12,,,,5,,,,,,,274,238,187,201,,239,275,315,111,198,229,206,227,224,220,226,202,188,186,208,,,223,199,196,,,,53,,,,,,,,,,,,,,,,,31,,69,,54,52,57,31,57,24,54,36,67,77,59,72,48,77,75,36,60,46,83,73,76,92,60,64,88,54,63,80,50,43,30,82,83,89,108,81,90,81,84,64,85,74,72,74,65,56,46,76,80,53,61,,56,26,22,23,20,20,,26,20,46,47,48,55,60,67,,72,86,67,105,100,115,95,,,104,86,89,60,101,,73,74,80,107,,,84,45,49,65,29,66,65,65,66,61,76,,47,31,39,,34,,61,77,50,35,132,,257,195,272,197,225,223,248,224,211,138,251,190,248,72,67,78,63,80,97,,106,119,45,,,,34,51,121,76,85,103,100,,126,,50,,,,48,51,70,64,48,52,47,64,,30,62,29,,38,30,59,68,17,24,57,20,,50,23,94,61,64,80,42,27,41,49,18,,27,26,32,49,16,,,,122,109,153,106,175,,,235,,261,171,123,,171,188,257,211,201,161,196,,250,,90,119,,140,90,96,,237,,246,,233,170,202,184,186,231,222,74,85,100,,94,115,189,193,,,,,17,,22,60,39,,58,40,,68,73,71,,59,83,69,108,77,73,30,40,59,27,36,38,,25,35,82,90,74,23,12,,51,60,,90,72,92,76,,27,,22,,,212,218,207,19,,21,16,,19,187,167,,166,306,,351,393,357,349,338,227,,,216,176,,38,31,23,,51,28,60,27,31,42,45,23,28,33,,29,23,40,85,51,50,52,61,30,46,18,12,25,34,36,25,53,44,,69,,25,,24,33,57,67,58,70,58,,67,,,67,36,,,,,27,,,41,,,,,,,,6,189,180,,196,189,163,173,288,322,,,,,155,152,177,217,229,237,221,175,187,168,167,196,187,,169,145,143,,,,,116,94,80,58,54,,,,,66,,,,87,71,61,54,11,27,14,16,,20,17,,12,18,40,30,,17,41,38,120,129,140,138,39,54,54,42,,78,184,78,77,60,72,75,90,52,105,,,89,124,119,123,138,71,96,128,102,96,99,61,48,50,,47,74,62,119,220,144,217,,59,59,69,34,,36,44,65,71,77,84,84,85,83,73,323,295,288,203,61,49,86,34,,34,45,79,60,32,19,31,51,,68,75,84,169,198,235,254,179,198,143,126,181,197,182,186,234,153,70,76,111,138,117,129,120,108,101,104,117,113,45,40,,37,44,27,36,36,,,34,47,,38,46,33,48,,,25,48,46,54,35,61,32,45,,36,21,16,,,28,,52,148,153,149,194,130,158,180,163,,23,81,187,,252,236,196,,69,69,100,71,116,345,,318,305,224,242,,223,235,62,55,45,,,122,37,25,31,35,33,19,,,46,37,23,24,,,11,,26,10,23,33,29,30,29,,19,17,31,29,39,22,16,24,33,17,43,39,60,69,62,,22,21,22,62,81,86,122,86,84,45,26,62,99,39,33,81,219,34,171,109,118,41,232,89,,26,59,86,40,,,,96,,167,,50,29,,25,92,110,28,15,,,51,62,51,,,65,67,59,,73,,,,37,,34,33,45,,12,12,16,,31,16,37,,27,27,,,,,93,,43,45,36,54,128,147,,19,24,35,41,,24,13,35,21,7,33,27,32,33,8,23,,,43,62,46,55,27,,33,,16,,25,,5,45,45,48,37,21,34,22,34,37,,,,16,12,14,11,,,20,17,,,21,29,33,31,21,,20,,,22,13,25,43,42,43,300,278,291,,,,216,185,,,174,,,163,186,201,210,197,157,,168,167,174,142,131,,115,133,195,149,26,30,55,44,51,108,98,88,132,100,,124,,,32,73,,,,,68,,,,,37,,,78,,66,82,93,,,,,38,38,24,29,23,,19,94,88,58,62,60,11,,33,10,13,28,,23,24,31,35,,36,40,38,17,24,41,20,,65,48,42,33,20,29,26,13,21,,8,,13,,8,,8,10,13,24,46,60,,14,,32,28,16,16,10,9,60,61,73,54,,77,84,121,93,56,106,60,55,61,59,43,51,57,59,55,85,101,102,,90,108,118,95,,157,63,46,41,,,56,65,,64,93,,104,116,9,,8,,45,16,14,30,28,33,25,,27,47,,,,,,33,64,21,17,19,16,25,,35,55,54,30,55,,9,20,,51,54,,23,,,24,36,67,69,47,,68,41,,60,77,49,147,72,66,57,30,35,40,32,214,,20,,17,21,174,132,150,121,26,32,31,33,112,117,97,80,,,50,60,39,75,47,40,53,52,36,58,71,35,76,66,68,57,66,62,,45,27,54,,102,104,92,198,81,103,44,53,42,38,40,42,,47,39,175,249,101,105,,58,86,33,59,133,110,92,141,,100,183,105,136,160,112,34,17,35,71,,103,,24,257,41,12,23,22,244,316,228,142,49,38,44,61,62,19,82,,221,253,287,80,19,32,,46,93,34,38,92,39,53,32,,28,71,50,,21,28,33,53,44,,137,54,144,45,50,55,,148,111,128,40,,74,71,87,358,,,180,196,29,91,,92,56,13,,162,37,174,142,31,9,,205,111,150,32,222,26,180,25,117,9,8,11,10,166,118,18,91,97,168,98,45,,,
20171215,13,PM10_24h,81,65,85,82,77,84,52,84,100,75,85,40,,,123,,84,55,99,,82,79,103,,83,,,201,225,255,,185,196,150,110,119,115,118,126,121,90,97,106,,132,207,213,245,,178,188,192,224,206,193,75,,79,84,95,132,131,101,157,109,119,124,,113,128,134,131,163,171,172,204,199,213,195,380,,329,388,321,399,322,322,404,107,81,62,106,70,82,95,80,160,179,165,,166,198,192,176,156,,175,80,79,59,82,82,72,53,121,82,107,90,90,119,90,82,90,98,91,101,104,98,108,79,,88,110,135,146,119,107,110,132,37,31,27,24,29,30,26,24,27,30,41,37,46,36,43,46,54,39,45,37,34,32,30,34,51,50,37,25,34,32,32,27,87,,,,151,127,,155,158,157,,39,47,37,,41,60,51,52,40,42,50,42,48,,,,46,46,,46,37,45,35,39,,32,57,48,49,51,58,46,39,,47,,74,86,99,37,57,17,46,39,43,68,57,62,60,32,77,64,69,65,,84,75,56,39,48,51,53,48,55,,,35,,46,47,,41,44,45,23,24,29,,49,32,33,29,31,33,27,41,27,33,26,,24,33,28,28,20,33,13,,31,,34,29,15,34,,24,,14,26,20,17,14,,24,198,214,205,187,,192,244,202,91,153,124,134,137,134,144,151,143,158,162,195,168,157,178,178,161,181,29,,46,43,,56,43,49,36,,,,,,,47,,,,36,56,47,,40,47,42,29,44,26,41,26,64,62,60,59,54,82,81,39,61,47,91,77,92,82,62,47,60,44,54,70,47,37,29,65,73,70,76,70,70,65,67,50,57,50,49,74,50,47,50,63,66,54,45,,48,22,25,30,18,30,25,20,35,32,33,37,34,36,62,,70,64,69,77,67,90,78,,,70,74,61,72,81,,102,105,109,129,,,105,48,33,43,43,36,54,52,39,39,49,67,42,34,68,57,77,73,63,102,45,41,57,,211,193,246,223,220,218,216,226,285,176,222,222,223,112,111,96,104,105,132,,141,143,115,,,,105,126,101,89,76,82,77,,57,33,53,40,28,31,43,47,54,48,40,52,40,64,63,66,73,85,53,70,84,93,86,64,69,82,127,156,136,124,60,45,50,55,135,145,106,161,135,104,107,28,29,33,21,,,,126,126,151,130,177,,168,171,,177,208,188,165,228,238,180,192,236,232,164,,177,,102,90,80,89,44,89,,146,,162,,168,123,131,142,158,154,174,113,112,104,63,62,59,202,209,,,19,20,17,48,64,43,36,39,54,49,72,70,64,67,58,75,71,99,94,74,81,38,40,56,43,54,55,24,32,25,81,83,76,27,20,,70,69,,78,78,76,69,53,49,39,33,,,194,180,194,112,,107,86,101,105,129,131,,127,162,,243,222,248,228,235,246,166,130,225,193,174,150,141,130,,209,156,271,184,227,146,96,158,140,96,146,78,201,107,299,184,147,102,160,110,102,107,84,80,97,56,105,108,97,,63,117,92,114,106,119,93,97,98,139,63,93,100,77,107,95,42,53,54,43,45,42,46,48,58,,32,,,,35,28,8,190,163,,176,180,188,160,277,222,205,,199,,127,126,123,189,180,175,219,165,164,147,147,164,166,,155,144,142,106,,,,125,108,66,62,57,64,80,57,,71,,,62,80,70,74,72,13,21,14,17,,18,22,16,14,30,32,26,27,20,30,28,113,104,116,121,50,49,60,42,48,68,142,76,117,92,75,72,66,63,124,,,110,123,135,118,131,78,94,113,97,90,101,36,31,28,,31,58,47,225,217,225,216,204,212,157,154,105,,131,145,182,190,202,197,205,214,215,201,258,236,238,201,68,51,74,49,,106,76,99,93,40,25,44,60,48,92,83,103,149,154,216,204,118,113,144,102,111,125,103,110,126,97,58,62,102,111,99,103,62,65,56,76,73,73,49,51,40,26,37,31,35,36,,31,29,38,42,46,53,44,49,40,36,33,50,52,54,32,33,41,56,,48,46,42,,,94,104,44,146,125,147,167,167,178,171,188,,54,62,190,146,155,126,126,132,124,218,215,66,235,281,,258,269,179,185,,180,196,224,177,208,144,,128,42,50,38,61,61,54,77,,33,56,49,50,,,39,27,48,28,53,52,48,95,88,42,87,90,222,250,198,263,164,196,173,145,155,140,217,180,146,138,99,92,81,165,195,132,115,87,66,76,61,59,71,55,57,116,176,38,80,99,179,26,120,47,65,32,48,56,27,67,58,53,71,58,113,141,34,37,42,44,86,93,58,18,71,51,47,53,45,39,,85,61,58,51,56,94,90,104,49,54,55,63,60,47,33,29,16,41,36,22,23,29,42,34,,,81,85,86,83,44,42,32,40,122,123,,45,45,45,54,40,24,14,26,22,10,24,21,26,24,10,21,21,,29,29,28,37,28,31,27,14,18,16,20,18,15,41,44,35,36,29,40,33,39,35,21,32,25,30,30,19,14,32,27,26,26,28,32,32,34,35,33,34,34,28,29,20,32,21,34,35,37,39,176,177,169,,160,,170,173,,189,172,147,,117,174,181,186,180,152,140,125,159,146,129,133,125,135,174,179,174,45,43,59,54,60,67,84,86,87,112,128,112,,42,45,67,,,,,61,56,,45,37,45,41,45,74,60,60,105,98,17,24,25,48,28,33,28,19,35,28,26,118,104,87,69,68,21,36,45,20,26,34,,24,37,43,48,49,36,43,71,22,33,35,32,31,41,50,70,27,20,26,28,12,16,13,13,14,17,9,14,16,9,11,17,21,30,35,23,22,12,30,22,22,23,13,9,74,68,81,93,98,68,67,96,101,85,96,88,62,67,74,61,78,102,84,93,74,93,96,,80,115,111,98,116,104,70,83,65,82,,86,116,,77,107,111,116,120,31,64,39,,41,21,27,44,50,55,27,46,45,49,25,,,,,39,35,23,22,23,19,26,,20,48,42,51,54,60,29,22,31,43,41,25,36,45,,28,40,39,36,65,,43,49,,59,60,56,118,35,100,112,25,26,71,53,213,,28,,22,32,134,126,133,125,65,70,76,71,81,99,84,127,,,70,122,157,179,76,82,52,53,72,81,62,59,95,87,83,120,145,71,,92,123,82,,125,112,120,112,107,69,59,84,64,45,50,44,,63,58,198,213,108,97,13,55,57,48,53,146,148,127,263,,205,181,147,146,158,137,24,43,41,51,47,57,85,31,139,35,87,72,94,220,278,178,173,227,45,37,58,54,32,54,73,154,181,217,111,19,76,69,75,112,224,148,74,44,68,64,48,121,56,53,84,101,96,115,139,48,,98,41,89,46,60,37,146,143,74,110,47,,71,70,76,219,,88,176,169,30,77,115,99,48,39,62,180,33,175,144,25,13,91,161,149,87,97,168,31,180,45,167,40,32,47,40,144,126,64,104,72,138,112,56,78,77,227
20171215,13,SO2,2,6,4,2,3,3,3,5,3,6,3,1,,,4,,9,5,7,,5,4,5,,5,15,,13,16,23,,21,13,25,10,11,18,23,22,14,37,28,44,,50,11,20,24,,27,39,28,28,28,30,,,14,5,,11,,14,12,11,6,5,,5,15,21,18,16,19,19,30,35,31,28,47,,43,48,39,35,28,35,51,12,16,16,7,12,17,11,10,10,19,19,,16,17,18,23,17,,14,20,16,16,18,27,18,12,28,30,26,39,41,16,41,51,23,5,46,11,5,40,79,39,,68,46,99,80,37,32,24,24,8,7,7,9,9,,9,7,7,10,10,11,7,6,4,10,8,6,12,7,6,,12,7,7,15,10,12,11,10,13,14,,,,,16,11,,11,21,12,,6,6,7,,13,8,5,9,7,6,7,8,7,,,,11,20,,2,2,4,5,5,,6,12,8,14,11,6,10,11,,10,,11,10,12,13,11,6,12,11,9,12,9,4,14,9,13,10,14,8,,12,9,7,11,9,10,9,5,11,,,6,,4,8,,6,8,10,5,7,9,,15,8,6,5,6,,4,5,3,3,4,3,7,4,6,3,1,3,5,,23,,8,8,2,3,,4,,2,,8,5,4,,7,9,11,15,13,5,10,20,16,22,6,21,27,20,12,23,15,15,24,20,19,20,18,14,28,22,19,5,3,4,5,4,2,1,4,4,5,4,5,4,3,5,6,3,2,6,6,12,11,,7,7,10,9,14,11,10,12,8,6,6,7,10,9,8,5,9,12,10,17,10,14,15,11,21,9,9,13,26,17,14,26,24,28,31,26,21,17,11,19,28,23,16,14,10,9,7,10,9,8,12,,13,11,20,17,8,14,11,9,10,3,6,4,3,6,7,,12,18,13,9,16,11,10,,,19,15,14,8,15,,10,7,3,11,,,11,9,18,28,9,22,55,48,39,21,47,14,8,8,,13,12,,7,7,6,4,12,,25,29,31,27,28,28,26,32,21,29,28,23,34,37,34,29,49,45,22,,26,24,32,,,,22,28,8,14,16,19,17,,15,6,8,11,9,2,14,,9,7,4,,7,6,4,7,5,10,7,7,11,18,14,10,11,14,14,16,7,10,43,36,33,39,24,28,22,45,27,21,31,8,8,10,4,,,,17,20,39,18,13,,16,9,,11,23,31,23,17,29,23,34,23,29,98,,24,,24,12,18,24,16,26,,19,,22,,20,26,22,21,29,21,33,9,7,5,16,10,12,28,26,,,9,9,8,12,9,18,12,8,15,12,16,20,13,22,27,22,34,9,39,37,44,8,11,6,10,8,8,2,6,7,17,18,16,,6,,19,20,,,25,30,24,6,6,,10,,,14,13,14,21,,21,16,16,19,49,62,,59,67,,126,142,127,131,109,111,116,87,114,122,105,13,10,8,,18,10,14,30,88,22,22,16,16,17,13,13,11,20,18,21,45,37,26,23,19,13,14,75,3,23,12,22,21,,,22,6,45,8,34,15,21,29,26,,9,16,30,55,15,9,7,11,8,12,13,10,8,12,8,19,14,6,12,25,4,,47,31,,39,50,23,30,20,,12,,16,,21,17,17,11,10,7,8,26,29,24,26,24,28,,22,12,10,11,10,12,,21,13,7,4,7,2,3,6,,4,,,4,7,7,6,4,4,11,10,10,,6,6,10,3,4,70,7,15,3,2,1,10,18,23,14,15,15,14,13,16,15,,80,35,33,11,5,36,16,31,,,15,8,16,,16,2,2,9,5,8,6,43,11,11,,26,22,5,19,30,28,22,17,19,29,29,14,,20,14,8,10,11,11,13,11,10,11,35,30,28,23,30,31,35,7,,44,45,72,50,5,6,11,7,6,8,13,8,29,20,10,25,14,19,13,12,25,19,265,4,15,14,19,24,10,14,10,10,12,14,10,10,20,11,12,15,14,4,3,15,12,24,,3,5,8,6,6,9,2,3,9,9,12,4,5,5,8,9,9,11,,11,4,1,,,16,20,13,17,12,6,10,16,14,17,11,,12,25,39,55,41,39,36,29,43,31,47,30,41,147,,104,119,43,41,,47,45,20,16,32,22,,27,18,16,9,30,12,9,5,,15,18,9,17,,,13,3,23,23,9,9,8,15,14,8,10,8,19,20,12,18,16,16,18,11,71,48,56,25,116,17,35,,32,,54,58,53,18,11,15,21,92,129,30,9,34,23,11,53,22,40,20,11,21,30,12,22,21,,12,16,10,4,13,8,15,5,11,6,14,39,33,34,14,7,21,51,8,14,3,,21,4,8,25,12,9,11,15,20,21,4,4,8,8,25,5,22,8,4,8,4,22,2,14,5,,9,19,7,7,12,16,6,7,9,18,,26,30,23,17,12,2,4,7,5,2,10,7,16,14,2,15,27,,14,13,10,10,6,9,8,5,4,4,37,6,3,33,15,23,12,20,14,1,8,13,29,14,12,,19,1,1,7,11,2,12,10,21,12,14,9,18,12,19,2,7,8,7,3,2,17,13,14,7,12,12,,5,,6,9,,15,9,17,,17,15,15,14,18,16,11,17,14,11,9,13,11,6,14,,12,8,4,8,6,4,15,32,15,69,22,19,25,9,4,3,4,15,25,21,,7,6,,4,3,,2,2,5,7,6,6,5,7,14,16,9,10,7,10,20,13,10,8,4,5,6,9,1,8,7,7,15,,14,,31,5,,4,,7,17,2,3,2,7,3,12,5,7,5,3,10,4,6,6,7,9,10,9,11,3,5,6,5,4,,9,27,72,2,4,4,5,12,,6,6,5,14,19,,10,17,13,13,8,7,9,10,38,10,7,14,2,4,8,4,3,17,20,16,,18,16,11,14,13,18,16,1,12,1,,5,9,,8,8,,9,8,7,6,7,,21,11,8,13,11,12,16,21,57,34,15,,,,,2,7,11,13,9,1,7,,65,11,9,21,61,,12,8,8,,9,14,13,11,,1,10,10,9,8,,3,9,,22,11,11,73,16,7,7,6,8,9,6,8,,1,,6,4,29,15,17,,15,25,20,17,13,19,22,9,,,7,12,17,22,10,9,14,18,12,7,12,8,18,22,13,18,17,3,,16,52,10,,39,20,12,41,16,,20,22,26,7,10,6,,12,8,15,16,14,10,4,13,8,7,14,16,14,3,3,,9,3,2,34,48,22,6,18,23,18,17,16,28,7,106,14,8,4,6,33,113,66,46,11,2,8,10,8,8,23,5,15,21,7,10,8,11,10,28,30,13,11,15,4,5,4,6,4,10,3,5,19,59,24,25,8,11,16,8,9,7,13,7,10,41,20,30,10,21,13,18,15,126,,4,8,40,7,20,15,11,10,23,6,34,7,23,11,4,3,7,10,26,26,11,22,5,28,15,13,15,41,35,23,17,31,14,38,11,19,9,3,5,7,7
20171215,13,SO2_24h,12,12,16,10,14,17,14,17,10,16,15,10,,,14,,20,23,18,,18,15,16,,12,8,,18,18,26,,23,22,24,26,28,33,35,39,27,30,48,41,,38,9,19,37,,24,36,30,29,28,26,23,,25,20,21,30,34,34,45,35,17,16,,19,30,35,34,9,15,15,23,26,19,21,121,,72,186,250,160,246,61,163,23,29,29,27,23,19,24,19,73,83,89,,76,105,85,87,94,,92,33,40,25,29,21,16,13,34,26,29,100,136,50,58,67,24,26,52,24,29,54,52,24,,133,110,98,101,100,21,53,59,9,7,8,9,9,8,8,7,7,9,13,10,7,6,4,9,8,5,13,8,6,7,13,8,6,16,10,15,11,10,19,16,29,,,,22,6,,10,20,9,,6,6,7,,15,10,6,10,7,8,10,10,10,,,,14,17,,2,3,4,6,5,,6,9,6,14,10,5,8,9,,9,,2,6,7,13,11,6,8,9,9,10,8,4,13,8,15,14,13,12,,10,12,9,10,8,9,7,7,13,,,7,,10,13,,18,7,7,5,8,10,,16,14,5,5,6,5,3,5,4,3,4,4,7,3,8,3,2,1,5,,6,,8,8,2,4,,3,,2,5,8,5,4,,5,19,18,23,27,21,25,32,30,25,16,24,20,23,11,24,18,24,20,17,17,17,12,12,20,20,16,4,3,4,5,4,2,1,5,3,4,4,5,4,3,5,6,3,2,5,7,11,10,,6,5,8,5,11,12,9,10,8,5,7,7,11,9,9,6,8,9,11,13,11,19,15,9,15,7,7,11,28,19,17,17,15,17,16,21,17,13,8,9,20,20,16,15,11,10,9,10,11,9,12,,14,10,15,13,9,12,10,9,10,4,6,5,4,6,8,,15,13,15,12,15,15,12,,,16,14,14,9,18,,10,6,3,10,,,9,11,10,13,15,9,29,28,18,10,20,16,12,12,13,13,26,27,7,10,6,3,11,,33,32,34,32,33,34,26,36,22,33,29,25,31,37,32,33,33,37,29,,31,29,28,,,,43,42,3,10,13,9,11,,11,6,8,9,9,8,11,6,8,7,3,12,7,7,5,12,14,18,12,13,16,23,24,18,19,21,48,68,23,44,36,36,23,50,93,83,46,116,90,54,89,8,8,10,7,,,,16,17,24,13,12,,13,13,,12,28,30,28,31,39,32,54,28,53,33,,12,,27,20,28,25,25,33,,16,,13,,16,24,28,24,24,17,30,12,9,6,14,11,12,22,25,,,9,8,7,10,7,8,9,8,13,10,20,14,9,14,16,13,19,13,26,36,28,7,5,8,11,8,9,2,6,5,15,16,16,6,7,,25,22,,24,24,22,21,11,8,8,9,,,10,9,10,41,,59,41,56,69,11,17,,21,29,,109,97,98,90,112,144,154,121,98,147,136,69,21,63,,94,71,108,98,105,85,40,58,43,33,37,25,83,81,92,104,107,66,42,109,66,76,133,104,34,26,53,39,27,,23,43,69,55,25,33,26,38,34,25,22,20,32,25,43,26,7,7,9,6,16,16,14,12,24,5,11,11,12,9,11,3,5,23,14,,20,16,12,12,13,17,11,,10,,16,12,15,14,9,6,11,18,18,12,16,18,19,,18,13,11,11,12,14,,12,10,8,3,7,2,4,6,,2,,,3,7,6,6,4,4,11,13,11,6,6,11,10,3,18,52,12,23,8,2,2,5,11,15,8,16,14,13,12,16,15,68,32,31,23,11,5,16,11,26,,,18,6,10,6,5,3,9,12,7,7,9,24,8,7,,14,19,10,18,29,25,23,25,39,29,34,15,,75,59,15,16,22,18,19,35,21,24,25,26,23,15,7,5,6,12,,33,37,52,51,2,7,9,5,6,15,15,9,27,20,13,19,23,28,18,14,27,25,46,11,20,19,16,15,12,9,14,14,10,14,14,8,22,14,13,16,16,5,3,15,12,24,,3,5,8,6,6,12,5,4,11,10,16,5,7,7,9,10,9,10,,9,4,2,,,29,20,25,14,9,4,8,11,9,11,8,,13,11,37,48,25,30,27,26,105,79,107,46,96,215,,239,218,57,42,,70,55,77,65,49,56,,83,7,17,5,40,35,22,7,,8,31,16,24,,,22,10,55,37,12,11,10,62,53,54,64,51,88,106,74,96,56,48,52,51,226,81,204,204,59,56,70,51,37,84,80,85,68,21,15,22,25,39,43,36,12,36,43,10,23,19,34,9,18,27,24,13,12,10,7,14,16,15,19,20,13,35,8,27,29,32,57,69,52,9,7,19,25,17,15,5,,21,6,7,24,18,9,9,18,11,20,6,18,6,6,20,6,19,6,5,7,3,23,2,12,4,,11,19,7,16,10,17,3,9,14,16,,21,17,21,25,18,1,4,7,6,2,11,9,13,20,2,10,14,,11,10,8,7,6,9,8,4,4,5,12,5,6,24,11,15,17,27,19,5,11,11,8,26,23,23,34,4,3,10,7,2,10,7,18,12,14,10,16,13,18,5,7,7,7,5,10,17,21,13,6,8,10,,18,,8,11,,17,11,13,,15,7,10,6,11,7,7,6,8,6,10,12,13,6,9,8,8,7,4,6,8,5,10,17,20,12,13,13,11,6,4,2,4,11,19,10,,7,7,,9,1,2,4,2,4,6,2,7,4,6,15,14,8,9,7,7,13,9,12,18,4,4,2,11,1,12,8,8,16,4,5,,12,5,3,4,1,3,5,2,4,3,10,3,5,9,5,3,3,7,5,8,5,6,6,12,12,12,2,6,8,4,3,6,9,19,27,2,3,4,5,10,8,6,5,6,15,22,17,12,11,9,11,8,9,11,11,16,6,5,9,3,4,4,6,3,18,19,15,,17,19,11,12,12,20,18,3,9,12,,5,8,,7,7,8,6,8,9,17,8,,19,11,9,10,14,16,12,26,40,30,16,,,,,2,10,10,10,6,2,7,,47,12,8,22,50,,12,8,8,5,11,20,21,12,,9,9,8,6,8,,5,9,,15,10,11,20,10,7,8,3,5,17,9,5,,8,,5,4,12,12,10,17,20,36,32,26,10,22,22,18,,,19,11,50,29,15,15,14,13,20,24,12,11,21,41,18,59,53,5,,33,31,11,,45,18,12,30,57,22,15,14,17,9,17,7,,15,12,20,26,17,12,5,14,9,9,12,16,18,4,18,,29,25,40,42,52,38,4,16,12,10,13,11,37,4,26,12,16,10,16,35,248,60,112,46,5,8,11,12,10,25,7,16,16,9,9,8,23,24,50,24,87,79,12,6,4,5,7,16,6,5,21,59,69,94,31,8,18,9,8,13,13,14,6,9,66,18,26,12,16,13,16,16,137,,14,10,21,7,28,12,13,6,30,18,24,8,16,23,3,3,20,15,32,18,44,27,6,42,13,10,19,39,34,48,10,32,24,31,11,21,7,3,4,5,7
20171215,13,NO2,10,12,11,14,15,13,9,8,5,11,11,10,,,22,,23,24,25,,23,20,16,,,20,,73,82,62,,72,77,36,22,16,24,25,21,21,45,31,60,,63,58,49,51,,75,74,66,60,74,78,8,,10,9,,12,16,4,9,5,17,15,,14,28,23,27,44,45,45,54,53,59,53,34,,31,51,40,22,29,26,41,7,20,22,2,23,13,8,9,4,22,21,,9,11,18,22,23,,7,15,27,20,22,24,21,15,26,30,22,30,22,40,29,28,10,6,27,12,9,36,44,32,,43,49,62,45,48,46,17,38,51,48,51,50,52,51,71,29,59,39,50,38,58,51,46,44,34,51,51,44,49,55,40,60,39,61,,20,,27,28,23,54,,,,68,53,,48,58,,,41,26,26,,51,59,,56,60,50,53,42,41,,,,44,32,,25,28,42,29,35,,37,45,44,53,48,46,26,41,,32,,41,44,48,60,75,21,63,58,61,69,58,49,65,62,60,65,71,60,,64,,56,59,52,68,57,63,54,,,39,,50,57,,38,38,43,16,11,14,,43,41,34,35,26,28,34,37,24,34,27,16,28,27,52,48,43,21,35,,37,,53,37,7,29,,28,,24,31,35,39,25,,17,64,52,49,54,43,61,57,54,50,55,56,76,63,97,73,61,58,54,61,55,56,52,55,49,65,52,28,26,31,35,29,40,31,27,26,24,27,28,,26,36,35,38,34,26,29,62,46,,,37,57,32,45,22,40,22,38,35,38,40,8,19,41,7,16,5,31,62,54,59,80,44,42,42,52,70,43,34,26,66,54,64,81,74,66,59,61,27,36,37,40,39,26,18,21,26,18,31,32,,34,28,30,37,25,19,,38,34,6,4,3,6,6,27,,46,44,30,48,52,45,35,,,37,47,49,25,44,,41,37,52,44,,,63,21,25,36,32,17,31,29,35,34,,,25,7,23,23,19,15,21,51,27,17,45,,73,90,93,74,34,63,84,42,54,40,87,65,86,17,26,15,27,40,33,,46,20,12,,,,26,28,47,,31,50,28,,35,36,31,29,,36,33,35,32,,34,13,29,25,28,9,10,9,8,11,8,23,11,11,10,12,13,14,17,14,28,33,29,34,13,18,,12,8,16,11,18,28,40,10,,,,51,58,63,43,31,,36,47,,41,41,46,37,43,50,66,58,50,,45,,40,,16,40,56,56,45,47,,38,,52,,48,42,53,47,,59,66,27,23,30,35,32,28,39,34,,,26,31,29,24,36,37,20,15,30,26,34,25,27,32,30,20,30,22,26,23,19,25,20,23,13,18,10,,19,18,35,32,28,23,19,,24,18,,,28,29,29,27,17,14,12,,,40,42,37,4,,10,8,7,12,46,,,35,44,,63,72,,66,54,69,61,47,56,58,45,15,11,17,,13,17,1,20,21,12,20,12,15,9,18,11,9,18,15,19,26,23,15,16,8,8,7,9,10,17,13,27,13,,7,10,15,17,11,14,22,38,31,37,13,7,22,26,35,,49,44,58,49,49,36,,49,34,27,26,21,51,33,32,31,13,43,45,,44,32,27,33,55,57,58,,62,,49,,51,37,44,47,40,39,40,36,36,44,35,,30,38,46,40,27,39,,32,25,31,19,24,23,14,11,,30,,,7,28,32,16,10,16,30,15,27,14,18,15,17,10,,29,18,20,13,8,,27,40,32,21,25,47,38,36,42,30,45,59,41,29,20,32,27,34,34,,,51,36,41,44,45,17,13,20,32,33,17,45,39,46,,36,25,21,47,55,62,54,10,15,31,19,12,,23,19,15,,34,35,33,35,27,28,67,70,62,,16,12,11,18,,13,17,22,19,19,22,10,40,20,28,21,,39,50,40,46,60,56,62,42,48,69,29,30,38,42,26,50,38,40,36,37,30,30,38,30,32,25,49,82,45,44,54,35,37,35,,,41,38,26,48,40,34,41,45,56,31,24,25,28,18,14,52,57,,53,50,47,,,18,20,66,15,33,23,36,46,40,45,41,,17,19,37,41,33,38,29,18,4,14,5,16,15,85,,61,52,42,30,,38,32,16,14,9,23,,22,12,8,10,11,15,2,17,,17,14,9,8,,,7,,10,13,10,8,6,8,11,5,6,7,14,16,13,7,3,10,11,17,22,21,23,8,35,20,10,13,9,,34,39,42,16,10,,7,,76,29,21,46,34,6,59,47,52,22,32,33,56,10,39,47,13,15,26,16,27,12,59,22,30,8,7,,31,32,25,7,27,27,20,37,20,42,,24,28,27,30,12,50,46,58,32,55,29,30,50,42,23,18,23,20,24,17,11,26,25,41,37,,33,61,44,45,31,33,26,36,22,36,,13,24,55,56,30,20,7,23,15,6,34,32,39,23,2,22,28,,24,31,37,41,37,40,39,9,8,15,29,25,23,17,31,25,19,27,21,27,30,,29,36,16,31,29,17,23,,26,32,23,25,25,33,29,26,15,28,28,20,26,23,25,26,44,35,27,14,84,60,66,,,,42,41,,44,41,43,,51,58,40,39,49,18,36,28,42,26,44,45,31,28,52,40,33,19,34,45,25,28,19,40,31,66,46,53,65,49,36,21,25,44,45,40,,24,27,,21,46,35,34,18,16,20,23,37,33,24,27,35,28,44,30,21,31,27,27,30,19,37,17,20,25,29,22,23,22,26,29,,26,15,26,10,15,16,17,13,11,18,33,22,18,5,30,24,29,18,23,35,26,22,,11,13,20,11,14,17,13,14,19,23,24,14,21,15,12,22,15,20,8,,11,11,22,26,13,21,31,32,39,20,6,32,46,39,45,31,29,34,28,47,42,27,21,28,,23,38,81,59,55,83,41,33,14,22,,33,27,,21,54,9,36,29,4,4,7,,23,15,14,13,24,17,26,35,22,34,11,,,,,10,23,22,22,13,11,34,,25,,16,19,32,3,22,19,9,,15,10,6,6,,4,4,,22,22,,15,15,,27,31,18,,25,12,12,11,21,10,10,2,,2,,5,11,30,39,42,,8,20,15,21,37,36,30,21,,,6,17,13,32,16,10,12,13,16,8,14,13,11,21,13,13,24,11,,10,23,20,,30,20,13,18,7,33,15,13,19,7,13,11,,11,15,53,52,16,30,2,,15,9,35,,41,34,9,,31,21,21,37,44,30,11,4,27,19,27,33,30,40,54,44,23,21,23,69,60,39,22,18,44,27,77,61,33,22,27,49,48,48,47,22,13,10,27,33,31,11,32,41,26,18,31,16,23,55,29,8,23,15,25,18,42,52,19,57,35,42,30,41,72,38,46,39,56,56,33,44,68,,26,38,61,23,30,31,39,14,9,5,38,5,45,,30,12,17,51,38,59,4,45,7,51,20,42,13,15,14,16,22,26,11,48,53,62,45,24,36,,55
20171215,13,NO2_24h,56,45,53,54,63,56,64,70,63,54,60,62,,,57,,56,61,57,,57,61,52,,68,53,,69,66,67,,56,64,55,65,63,67,66,67,67,56,60,70,,67,54,51,49,,74,69,61,60,69,76,34,,40,37,42,51,61,53,61,49,62,67,,61,51,52,54,45,45,42,59,56,61,59,82,,79,81,81,79,79,78,87,28,30,32,40,35,32,28,29,62,72,75,,63,87,76,79,74,,80,60,39,46,47,31,45,20,65,50,36,59,55,54,53,57,28,36,54,42,45,56,64,32,,75,77,82,75,72,35,52,71,50,46,52,47,49,51,50,28,44,34,47,34,56,46,41,43,45,42,50,48,57,53,41,59,41,68,56,34,37,41,41,42,51,,,,57,48,,47,54,60,,37,26,26,,49,59,44,49,53,52,52,38,57,,,,49,42,,23,30,35,25,28,,34,38,31,39,38,39,34,44,,40,,44,45,52,58,77,30,64,56,60,73,60,48,64,53,51,62,58,59,,61,57,54,54,45,61,44,55,47,,,49,,54,57,,36,29,35,12,8,12,,51,51,36,37,33,28,31,40,43,32,28,20,34,28,47,48,40,28,25,,38,,51,34,9,25,,33,,28,33,41,45,27,,20,63,55,62,70,60,73,69,57,56,68,66,82,68,95,85,68,61,55,60,55,52,47,56,52,61,47,27,28,33,38,29,43,34,30,29,24,29,32,33,31,40,37,40,40,32,30,54,45,,48,41,53,37,41,33,44,26,37,29,36,34,22,32,50,11,26,24,40,64,64,59,70,46,37,47,47,59,51,47,41,65,54,59,69,57,58,55,52,36,44,39,43,47,28,26,28,31,40,41,35,,38,34,38,42,26,20,38,37,42,6,6,8,9,13,31,,44,45,43,50,39,48,47,,,36,52,44,44,48,,39,41,53,39,,,48,25,20,29,32,13,30,26,29,26,29,42,37,15,40,41,45,46,35,63,41,24,36,,73,76,75,80,41,66,72,70,62,65,66,68,66,57,54,24,67,70,45,,60,30,25,,,,45,47,53,51,36,47,37,,22,40,33,33,41,40,36,37,33,37,37,16,33,30,32,18,23,20,15,19,21,33,31,25,26,29,52,71,52,59,22,22,30,36,67,71,51,55,48,45,57,19,25,32,11,,,,55,57,58,53,48,,51,24,,48,68,74,68,71,86,58,65,71,84,47,,40,,20,44,53,56,50,51,,35,,47,,46,50,54,54,44,48,58,50,43,46,25,36,29,60,52,,,29,35,30,25,35,29,19,14,31,26,37,29,28,31,29,24,31,34,24,21,25,30,26,36,17,23,17,29,24,22,44,42,40,34,29,,35,28,,38,37,41,26,37,28,35,17,,,51,50,46,27,,30,25,34,27,27,43,,34,35,,45,59,52,35,44,74,75,62,70,68,67,40,36,71,,76,69,75,63,76,67,58,66,69,43,53,37,79,58,52,56,61,54,47,62,60,61,55,54,51,33,59,53,44,,17,45,47,47,37,37,31,47,45,47,26,33,52,49,92,63,50,46,54,44,39,33,36,36,27,32,33,26,34,27,39,30,8,51,54,,52,30,46,45,49,53,51,,58,,49,54,50,46,48,55,44,49,48,44,43,44,47,,46,33,48,43,39,40,,42,37,28,22,23,25,16,14,,34,,,20,32,29,17,12,20,37,22,33,20,22,17,22,10,32,23,23,29,16,10,11,26,39,38,29,43,41,44,39,49,33,69,48,72,42,34,40,32,44,38,,,54,29,38,43,38,23,24,30,35,38,32,36,27,30,,28,30,19,70,67,68,64,38,49,51,41,36,,57,56,64,53,58,64,59,51,57,58,69,60,64,77,10,12,7,25,,32,31,24,28,28,20,6,40,19,36,40,32,41,53,55,57,61,57,75,52,56,72,46,38,40,47,20,43,39,39,42,48,26,24,36,43,35,31,46,83,47,40,34,41,35,38,,,30,31,22,36,71,37,42,38,42,45,42,49,114,22,16,54,60,,47,49,45,,,49,37,46,34,43,33,47,44,46,44,46,,34,35,53,53,36,56,38,27,50,58,45,17,63,81,,73,75,56,45,,49,48,64,61,58,38,,40,14,15,10,25,32,18,30,,16,22,20,22,,,19,11,26,18,13,12,8,38,43,36,40,40,82,100,74,70,45,64,63,73,48,54,60,58,62,70,52,62,52,62,57,60,57,29,19,32,29,34,54,31,33,56,46,10,31,39,56,13,33,24,35,13,37,28,5,29,41,31,50,22,66,49,42,17,17,29,62,68,49,8,25,27,35,49,20,38,,36,27,30,37,19,48,42,54,57,52,49,48,53,52,37,26,40,36,25,19,17,30,29,34,30,,29,48,40,53,33,29,22,18,37,42,,31,45,64,55,34,23,9,31,21,8,20,21,24,20,3,19,20,,23,23,27,35,36,39,36,6,8,6,23,22,34,19,33,27,20,34,30,31,32,35,33,38,15,35,36,26,35,36,37,45,28,33,30,39,34,31,26,33,34,16,24,22,24,21,36,25,26,27,67,47,52,,45,,50,55,,58,54,45,,52,51,42,40,47,28,49,41,50,38,54,53,39,41,57,51,43,26,36,46,36,32,23,47,47,50,42,46,60,48,35,21,15,48,53,51,,29,31,,18,43,42,39,25,25,28,28,37,31,28,30,36,28,44,32,24,28,29,27,32,30,43,32,25,28,37,29,29,30,28,38,,25,21,25,13,14,16,15,15,15,18,31,28,21,5,20,23,27,18,25,32,24,20,28,14,16,24,12,18,21,17,13,21,24,26,20,28,19,12,21,20,13,16,10,11,25,37,39,40,31,29,32,29,23,14,25,34,29,41,37,30,35,47,55,40,20,30,31,,31,46,66,49,53,55,29,12,19,28,,33,37,,21,55,22,33,23,16,18,23,,22,16,31,28,44,37,30,33,28,40,17,,,,,6,21,31,26,17,15,29,,18,15,15,25,32,4,27,21,20,20,17,15,24,16,,8,8,16,17,26,,16,17,,29,23,31,10,17,30,16,11,22,45,23,15,,8,,8,12,26,41,44,33,27,41,33,34,22,31,33,38,,,12,38,58,63,24,17,15,12,36,33,24,29,26,32,21,39,54,32,,39,42,28,,39,23,28,21,21,24,12,23,25,13,22,13,,22,32,70,73,30,57,4,32,20,10,27,52,52,29,37,,58,39,51,49,51,48,8,4,35,28,34,28,57,31,29,43,66,61,58,64,81,45,45,73,40,31,71,56,41,15,25,49,43,56,44,33,31,29,29,41,68,72,28,49,16,34,54,61,39,48,55,32,43,38,39,15,52,51,21,54,50,57,31,33,66,43,53,50,59,55,46,50,52,,59,49,60,33,38,35,39,19,19,21,52,9,49,48,35,16,68,58,45,44,25,63,15,54,23,55,24,28,26,30,22,45,26,67,47,66,32,33,38,32,49
20171215,13,O3,61,64,39,56,58,61,70,77,67,56,58,61,,,59,,63,66,64,,55,64,68,,59,51,,20,9,14,,8,10,41,68,70,68,67,64,71,45,50,34,,25,8,16,13,,39,21,30,32,35,21,68,,68,71,81,63,57,71,68,66,62,64,,58,51,61,60,23,29,26,22,20,23,18,43,,43,32,41,42,41,43,30,65,69,71,74,70,73,72,61,59,46,58,,66,67,49,34,48,,64,70,63,65,65,51,70,60,58,53,75,48,53,16,39,41,62,69,56,64,69,92,72,71,,57,60,31,41,52,100,80,72,43,45,35,49,45,33,32,60,34,45,11,27,17,19,21,20,41,17,28,36,31,18,20,26,26,37,30,59,55,50,51,57,4,,,,4,9,,14,8,,,29,37,47,,19,18,10,25,16,28,24,25,30,,,,20,40,,44,49,,41,,,44,8,17,10,22,13,46,38,,38,,,16,13,7,11,32,5,3,5,5,5,4,6,6,4,6,6,5,,6,2,4,18,11,7,12,13,3,,,30,,29,23,,24,19,17,71,74,59,,12,16,18,19,25,7,6,21,19,11,20,33,23,24,37,13,12,32,38,,35,,36,28,48,66,,13,,16,4,8,10,16,,14,3,5,,4,6,6,7,4,30,4,10,4,15,13,26,13,6,18,24,19,14,17,20,36,13,,15,11,10,9,9,17,8,9,18,18,9,17,9,21,12,14,14,21,14,14,11,24,,9,35,19,18,19,26,21,26,73,65,76,45,105,98,60,89,110,54,84,64,59,73,63,14,14,11,13,12,10,17,17,14,24,23,10,32,31,33,33,77,72,48,70,64,58,61,52,58,104,16,13,,16,11,16,10,16,27,19,10,16,73,103,61,72,73,35,,13,19,25,9,4,5,16,,,20,16,15,27,11,,45,54,44,35,,,34,64,16,12,18,12,11,4,8,6,9,81,66,79,75,78,73,69,74,68,71,66,58,,35,25,17,32,20,36,33,48,46,55,32,23,20,70,62,69,73,63,85,,52,83,56,,,,67,49,9,23,26,14,20,,13,15,10,17,11,14,8,10,8,7,9,34,10,16,17,67,74,67,75,64,59,70,68,70,82,73,89,84,79,72,41,36,36,42,65,68,46,69,72,61,72,62,52,46,72,,,,16,13,20,16,32,,35,19,,6,37,38,36,5,7,2,8,5,8,15,,8,,26,20,11,9,19,10,,11,,8,,7,26,23,38,8,1,3,44,60,61,21,36,31,32,38,,,13,13,11,12,8,68,84,73,55,72,82,38,35,37,40,29,34,84,44,52,37,18,21,16,78,82,,5,32,31,65,70,73,17,20,,80,,,92,96,105,101,13,17,21,56,,,33,31,34,82,,49,64,68,,,71,,77,60,,25,26,27,21,32,29,32,44,45,28,50,42,46,62,,74,65,71,75,87,65,61,62,67,68,54,66,58,54,54,51,47,45,51,63,72,74,69,64,68,57,62,63,73,,78,58,47,61,52,59,48,34,44,41,,60,45,45,48,,8,17,7,11,11,20,16,11,72,6,13,9,13,12,7,7,27,40,69,,41,30,48,46,8,8,13,,,,18,,18,11,12,14,16,36,42,38,41,43,42,,57,,10,9,25,15,,24,29,14,14,21,22,31,17,,25,,,37,29,36,34,36,19,17,10,16,11,23,23,19,25,14,33,15,14,17,70,76,57,30,47,55,34,25,26,28,31,33,52,47,58,69,20,13,,14,62,,,61,43,40,44,43,66,51,74,63,68,56,30,8,5,,7,11,7,47,40,35,38,90,80,79,70,84,,67,76,71,82,59,66,69,51,69,74,26,20,28,34,67,65,72,62,,66,62,52,58,40,22,14,39,32,42,63,54,17,11,6,7,2,3,26,27,9,6,14,15,17,13,16,20,14,1,34,24,31,42,24,31,21,23,28,31,43,24,20,,33,46,,,39,43,36,15,29,27,61,31,19,44,33,34,23,57,62,30,26,,54,1,7,,,56,197,8,47,41,41,36,34,46,33,41,,54,62,62,55,57,64,60,70,74,82,67,58,80,16,,19,24,52,47,,55,52,56,62,53,49,,58,64,67,68,48,44,64,32,,69,42,74,83,,,52,42,65,65,81,79,79,68,58,63,65,67,66,61,60,65,45,57,54,42,56,63,52,74,50,58,57,62,72,41,43,38,29,46,47,45,62,49,17,46,54,32,34,68,31,33,26,58,,43,24,68,25,26,51,63,50,63,41,70,43,54,48,54,53,53,86,100,48,50,38,77,18,,33,25,,20,10,10,14,14,9,12,13,25,8,14,27,22,11,61,39,29,53,27,36,28,50,41,41,10,,16,17,24,,21,22,19,10,39,36,,43,43,49,45,94,60,65,53,72,68,11,,16,30,79,33,,,30,25,20,14,10,6,7,17,9,12,9,18,12,3,5,4,16,20,22,11,12,4,14,11,9,12,14,31,27,21,23,19,41,18,14,18,11,10,9,10,10,15,18,18,17,19,11,7,7,11,11,15,12,,10,,9,11,,14,8,20,,20,19,30,16,19,39,44,44,37,45,53,57,61,56,38,39,36,8,5,5,8,7,79,40,43,19,22,17,21,23,8,11,13,26,29,33,,32,36,,14,7,8,8,9,43,42,41,16,17,13,8,6,6,7,12,26,18,27,21,24,25,17,19,52,24,26,12,5,10,4,20,,13,19,10,39,34,32,29,34,32,25,21,23,29,30,30,33,13,20,12,3,21,22,21,27,27,14,21,15,14,18,22,20,14,21,18,16,10,32,22,31,22,25,34,29,83,68,69,78,42,31,39,32,36,42,29,36,23,31,36,26,39,,39,29,36,41,34,,35,43,35,25,60,69,42,69,94,79,,50,52,,43,56,49,33,50,57,56,62,,35,56,61,55,56,54,53,24,51,71,55,,,,,41,,43,39,11,25,19,,23,80,75,32,32,81,90,84,79,80,68,67,75,72,,71,68,48,44,52,,70,69,,49,23,49,107,119,56,69,61,62,61,73,49,,65,,62,60,41,45,32,,80,68,75,73,16,22,22,76,,,76,84,74,62,76,76,60,54,99,85,71,71,87,79,53,61,32,88,,71,53,57,,84,64,76,115,70,67,51,47,52,80,76,76,,93,64,23,21,49,55,86,51,43,51,42,34,25,48,59,,60,65,65,20,9,22,50,48,111,46,39,31,60,51,51,23,58,49,52,10,28,48,49,67,35,52,11,17,28,16,33,11,15,8,34,31,71,65,56,59,66,61,31,28,53,53,25,61,59,3,57,58,55,68,62,9,9,19,47,5,36,37,36,7,17,21,12,39,25,11,23,7,31,,53,8,50,18,106,45,25,64,80,51,31,69,42,76,17,33,61,10,46,3,52,5,45,3,90,46,36,38,38,36,57,73,70,37,13,24,19,24,16,19,13
20171215,13,O3_24h,61,64,39,56,58,61,70,77,67,56,58,61,,,59,,63,66,64,,55,64,68,,59,51,,21,19,14,,14,10,41,68,70,68,67,64,71,62,50,40,,46,40,61,47,,42,26,30,39,39,28,68,,68,71,81,65,57,71,68,66,62,64,,58,51,61,60,26,42,41,23,20,23,26,43,,43,32,41,42,41,43,30,70,69,71,74,70,73,72,61,59,46,59,,66,67,49,34,48,,66,70,63,65,65,64,70,69,58,53,76,48,53,21,48,41,87,73,59,64,69,92,78,105,,57,60,36,44,52,100,80,72,61,59,58,62,64,49,66,74,72,72,25,40,30,31,34,27,41,38,39,45,35,26,30,41,28,43,56,69,63,55,56,63,37,,,,29,32,,35,30,37,,36,42,50,,32,33,34,40,32,43,37,52,30,,,,29,40,,44,49,41,51,54,,50,26,43,40,39,38,55,56,,123,,14,21,13,22,11,53,10,10,5,5,9,13,38,38,54,32,52,45,,12,40,20,32,36,14,38,39,34,,,31,,36,37,,39,54,41,81,84,71,,40,42,31,50,50,24,31,43,20,24,32,47,34,31,50,20,32,38,85,,63,,65,45,52,79,,24,,35,38,23,29,40,,37,21,6,1,6,7,11,9,10,54,32,24,10,43,26,50,35,57,20,24,19,19,17,24,36,15,19,25,22,18,19,20,36,11,18,23,37,9,17,10,21,12,14,14,21,14,14,17,28,,26,38,32,32,25,37,35,37,97,92,91,71,105,118,111,89,110,63,105,147,112,146,92,29,32,24,38,37,24,27,26,47,62,67,68,41,42,38,44,77,72,48,70,64,58,61,53,66,104,22,33,,36,19,20,13,32,38,31,20,22,73,103,65,74,73,47,,39,45,33,34,50,25,16,,,51,29,47,28,26,,45,54,44,36,,,42,66,33,30,24,34,28,16,27,31,25,92,97,97,89,92,85,78,112,109,114,100,108,,35,25,17,32,20,36,33,48,46,55,32,23,20,70,62,80,73,63,94,,58,104,70,,,,80,49,23,35,53,39,42,,56,16,10,17,12,15,8,11,9,7,9,47,10,16,18,67,74,67,75,64,59,70,68,70,82,73,89,84,79,72,56,54,51,52,65,68,46,69,72,61,72,81,77,73,87,,,,22,29,30,19,32,,35,31,,8,37,38,36,7,14,26,31,10,17,66,,45,,67,59,54,41,59,47,,53,,45,,44,44,41,131,33,34,28,44,60,61,51,68,58,32,40,,,31,28,30,40,21,91,113,110,87,97,98,97,97,93,101,99,92,86,73,81,76,65,62,48,92,92,86,40,44,39,65,70,73,30,38,,81,96,,105,115,112,103,27,31,28,67,,,33,31,34,85,,52,65,72,59,58,71,,77,60,,25,26,27,21,32,33,32,44,47,28,52,42,46,62,,74,65,71,75,87,65,64,62,67,68,54,66,58,54,54,51,47,45,51,63,72,74,69,64,70,66,62,67,73,,88,58,47,61,52,59,61,46,55,60,77,60,45,45,48,39,16,23,16,23,29,33,35,31,118,28,41,34,43,70,43,34,95,40,69,,41,30,48,46,37,32,44,,16,,18,13,18,11,13,14,16,36,42,38,41,43,42,,57,46,18,16,31,20,,28,29,17,14,25,58,31,23,,25,,,37,33,48,39,36,38,28,29,32,22,34,32,29,29,14,41,15,14,18,70,76,57,36,47,55,34,28,26,28,31,107,86,89,94,91,20,13,23,14,62,,,61,45,41,44,45,66,51,74,63,71,61,60,36,41,,31,79,93,47,40,35,38,90,80,79,70,84,,67,76,71,82,59,66,69,51,69,74,26,20,28,34,93,93,97,77,,70,85,89,75,57,45,37,60,59,72,84,235,83,32,20,27,50,46,36,43,44,60,65,52,55,46,59,53,41,1,66,50,57,73,55,60,58,66,34,44,54,38,54,,47,59,,,66,66,48,38,39,34,94,41,45,71,33,37,25,65,74,39,36,,72,11,18,,,56,197,11,47,41,41,36,34,46,33,41,,83,93,62,55,57,64,60,70,74,82,67,58,80,17,,21,24,52,47,,55,52,56,62,53,49,,58,90,91,93,49,46,65,36,,81,53,80,84,,,55,65,65,65,105,100,95,69,58,63,65,67,66,61,60,65,45,57,54,42,56,63,52,74,51,58,57,62,72,41,43,38,32,60,60,45,62,97,80,76,66,53,57,74,84,67,57,76,55,60,58,152,53,62,66,71,65,69,49,73,52,60,53,62,58,62,86,100,48,53,51,77,90,36,50,49,,37,25,31,33,32,29,40,37,48,52,53,28,46,42,68,59,31,71,86,49,45,57,41,99,55,,48,34,40,37,42,37,43,51,51,45,,47,62,68,52,94,68,73,84,79,75,47,51,53,53,88,54,59,,44,51,49,40,30,21,26,33,29,33,35,33,16,4,5,4,20,24,22,24,14,18,29,35,33,29,24,34,34,25,30,19,42,21,15,19,39,40,42,39,27,24,21,21,21,25,34,26,28,36,39,38,40,,13,,9,17,,23,16,20,,20,19,30,16,19,39,44,44,37,45,53,57,61,56,38,39,36,14,11,11,8,14,79,40,43,25,28,17,21,23,19,24,28,27,30,33,,32,36,,26,14,16,16,21,43,42,41,43,42,13,9,6,8,8,12,26,21,27,23,24,25,17,19,52,24,27,13,6,11,6,20,,13,19,18,43,38,32,32,41,34,25,21,23,29,30,30,33,29,35,19,24,41,44,49,38,41,29,44,33,30,30,32,30,25,23,18,25,22,34,30,34,28,25,51,48,83,68,69,78,61,42,52,63,36,42,32,36,26,31,36,26,54,27,39,29,55,41,39,,35,48,65,27,62,81,114,97,94,130,,50,52,,43,56,49,33,50,74,90,73,,51,81,132,74,82,82,53,43,51,71,55,,,,,45,43,43,39,11,25,31,,38,90,84,42,49,108,103,96,79,91,93,71,75,72,,71,68,62,51,89,,84,106,,78,49,76,120,119,70,88,121,116,95,111,75,,80,,73,72,52,62,43,46,80,68,75,73,39,35,44,76,,,80,84,74,62,98,98,82,77,99,85,86,82,87,79,60,61,43,88,,71,53,82,,102,76,94,132,95,86,81,66,74,98,96,93,,95,65,41,58,69,73,88,51,45,58,42,83,58,72,103,,73,99,82,24,20,88,61,66,118,50,47,57,78,72,59,28,58,49,52,10,28,48,49,67,42,53,56,39,28,51,62,45,51,9,34,39,75,73,77,59,66,61,39,28,53,53,56,61,84,28,57,61,55,68,66,21,29,21,47,33,36,37,55,30,35,48,21,39,29,31,37,31,31,,53,20,50,25,106,47,27,64,82,55,36,69,42,76,38,47,61,10,49,47,52,20,45,17,99,46,43,40,42,37,79,90,70,44,38,24,30,24,16,19,42
20171215,13,O3_8h,37,55,23,32,35,36,47,33,25,42,38,38,,,24,,27,30,26,,23,17,22,,14,20,,8,5,8,,3,2,30,29,28,33,33,27,35,24,22,22,,15,2,7,4,,21,8,16,19,18,10,60,,51,58,72,36,25,45,35,43,23,28,,23,20,20,23,9,13,12,11,8,12,8,14,,13,10,20,11,15,14,8,63,56,57,54,58,58,53,38,27,22,31,,34,33,23,18,24,,34,32,30,33,24,24,36,23,29,25,37,31,32,10,24,23,36,38,32,45,48,53,40,55,,25,26,16,16,21,71,37,49,43,44,39,49,44,34,43,62,46,49,6,23,10,10,14,14,24,12,18,30,23,19,19,23,20,33,38,44,44,39,44,39,2,,,,3,5,,6,4,10,,23,28,41,,16,25,20,26,23,28,23,32,17,,,,19,31,,37,37,28,35,34,,35,4,14,6,16,6,32,27,,21,,3,6,4,4,10,24,3,2,3,3,3,2,4,4,3,5,4,4,,4,2,3,15,7,6,10,2,2,,,20,,11,10,,25,12,13,69,75,50,,6,6,9,15,14,5,6,21,11,10,17,30,15,18,37,11,12,28,41,,28,,24,22,45,59,,13,,16,14,7,11,14,,16,4,5,,5,6,8,6,4,32,3,7,4,13,12,19,19,7,6,13,8,10,8,10,16,7,11,13,8,7,9,7,18,6,10,12,15,5,12,5,14,7,8,10,14,7,8,6,8,,5,12,8,13,8,11,8,17,54,31,50,35,51,42,28,76,74,50,44,43,40,43,30,5,7,3,4,4,5,10,8,4,8,9,4,9,9,10,9,22,21,18,22,15,17,20,18,18,52,7,11,,10,12,13,9,16,21,16,10,12,70,88,59,63,60,28,,8,13,14,14,6,9,8,,,13,12,12,12,7,,13,19,12,9,,,14,53,14,12,14,15,12,7,9,6,8,32,22,60,26,30,29,26,48,29,37,45,43,,14,11,9,12,6,13,11,17,18,18,14,9,8,29,33,56,26,23,43,,22,50,48,,,,62,35,5,9,11,9,18,,8,10,7,11,9,9,5,7,6,4,5,35,6,12,13,53,55,57,59,52,50,54,39,47,54,45,61,57,47,50,31,26,28,25,47,50,38,45,49,46,51,48,41,39,68,,,,10,7,11,6,10,,10,11,,4,14,13,11,1,3,7,9,1,8,7,,8,,14,18,16,11,15,10,,11,,7,,8,9,8,21,4,2,2,18,21,20,27,38,26,12,19,,,11,9,10,16,10,54,69,67,29,64,47,30,28,30,32,23,26,44,18,20,14,8,10,7,57,54,48,8,12,11,23,26,25,13,11,,33,29,,38,36,39,88,9,8,9,26,,,14,14,15,82,,43,58,66,51,25,37,,36,26,,11,16,9,8,15,18,14,20,35,17,30,21,25,38,,37,37,37,30,42,33,29,31,43,40,33,40,33,21,31,30,26,18,21,34,32,38,35,38,41,31,34,38,51,,52,34,33,38,34,30,21,20,23,21,25,43,20,26,28,21,7,11,8,9,12,17,20,11,71,5,9,7,12,11,4,10,36,10,23,,16,14,13,11,4,6,10,,,,5,2,6,6,7,7,11,10,13,14,15,10,11,,14,29,8,7,12,12,,12,20,11,10,21,19,22,12,,15,,,24,15,28,28,30,16,12,7,13,8,20,18,15,20,8,34,9,7,14,58,58,19,12,16,16,22,18,17,20,22,23,14,22,17,19,15,10,15,10,34,,,38,19,11,13,14,50,24,39,47,50,33,32,10,8,,8,12,7,18,14,12,12,35,20,42,31,36,,24,29,54,31,16,20,23,17,21,20,7,6,9,8,64,64,66,53,,60,48,42,45,33,26,19,41,18,44,50,191,12,4,5,4,3,4,14,23,8,5,9,7,11,6,26,30,10,1,23,13,24,36,29,20,16,19,26,22,40,27,34,,32,40,,,49,48,40,24,29,25,72,21,15,38,15,26,12,46,50,29,22,,49,2,4,,,22,39,6,16,17,19,15,15,18,16,16,,22,43,25,26,27,27,28,30,42,44,34,53,46,9,,9,10,20,14,,22,17,19,25,21,28,,33,46,39,58,44,38,61,15,,53,29,56,77,,,46,45,57,57,74,77,79,49,45,53,50,51,32,30,26,30,26,34,29,21,19,29,17,23,40,39,41,33,48,17,20,19,17,26,31,34,46,42,15,23,42,24,31,53,38,26,13,54,19,46,30,62,22,30,37,36,34,28,18,48,14,16,32,48,48,54,41,49,34,46,26,56,37,17,24,21,,11,10,11,9,9,6,3,6,28,5,18,22,19,8,47,34,20,46,21,29,23,39,32,39,6,,8,8,15,15,25,21,25,16,26,16,,33,38,48,36,47,52,64,30,62,65,21,27,23,23,82,22,20,,22,23,17,11,12,9,9,20,12,15,12,17,7,2,3,3,15,18,13,9,8,5,6,8,8,8,10,21,19,9,12,10,31,13,10,13,12,14,14,14,12,11,11,11,10,10,9,8,6,11,7,11,6,,9,,6,7,,12,6,6,,5,9,16,4,6,11,19,18,13,23,15,17,18,24,16,15,12,9,6,5,7,7,58,15,13,6,16,10,10,14,11,14,18,17,16,16,,13,20,,18,6,5,6,6,17,20,19,11,12,6,4,3,4,4,8,19,16,19,17,17,11,6,8,28,18,22,9,3,7,2,12,,10,14,8,38,32,29,28,30,30,20,13,19,20,24,24,20,13,19,10,1,22,23,24,23,22,6,22,15,13,18,18,18,13,14,7,12,8,29,22,25,20,20,24,22,64,40,45,40,20,19,25,25,19,24,20,25,15,15,17,14,24,17,21,20,24,19,15,,15,41,33,18,44,68,53,51,42,102,,15,12,,21,25,26,14,22,28,22,28,,33,43,49,44,35,33,42,26,38,54,44,,,,,42,35,20,24,3,11,19,,29,33,40,28,30,82,82,80,35,71,47,33,28,24,,52,56,24,24,20,,60,46,,11,11,16,70,73,28,42,38,42,21,38,24,,60,,39,41,16,19,12,11,53,46,48,50,17,8,7,34,,,59,51,20,24,68,68,47,46,64,51,49,52,67,59,43,24,17,48,,26,15,37,,66,45,42,60,28,57,33,31,31,77,67,71,,75,43,11,9,20,15,82,36,30,51,27,30,25,55,69,,56,51,57,10,5,11,48,60,106,37,34,14,20,47,26,8,16,20,21,4,16,16,24,36,30,35,8,7,19,22,24,9,14,6,8,18,20,16,51,28,32,29,16,17,36,12,22,24,34,1,28,52,44,55,50,13,4,14,37,6,20,27,22,6,14,16,8,22,16,12,11,14,15,,20,5,21,12,46,28,14,58,76,41,13,53,11,28,15,32,22,6,31,9,31,3,37,3,68,16,20,18,20,16,22,20,59,18,13,8,4,11,10,13,10
20171215,13,O3_8h_24h,37,55,23,32,35,36,47,33,25,42,38,38,,,24,,27,30,26,,23,17,22,,14,20,,8,5,8,,3,2,30,29,28,33,33,27,35,24,22,22,,15,2,7,4,,21,8,16,19,18,10,60,,51,58,72,36,25,45,35,43,23,28,,23,20,20,23,9,13,12,11,8,12,8,14,,13,10,20,11,15,14,8,65,57,57,54,58,59,58,45,27,22,31,,34,33,23,18,24,,34,43,45,56,52,61,59,60,29,29,59,31,32,10,24,23,36,38,32,45,48,53,40,81,,25,26,16,16,21,90,37,49,47,50,45,55,49,34,54,66,56,64,25,31,25,30,34,24,25,38,23,30,23,19,21,25,20,34,39,44,44,39,44,39,2,,,,4,6,,10,6,14,,24,28,41,,27,25,23,36,24,28,27,32,17,,,,20,31,,41,37,28,44,44,,43,12,30,13,23,8,32,27,,21,,4,8,4,4,10,24,3,2,3,3,3,4,4,5,3,5,4,4,,9,2,3,15,22,7,20,3,3,,,20,,11,10,,34,30,24,80,82,63,,6,6,20,25,16,8,6,21,15,19,26,35,25,27,48,17,21,30,52,,53,,39,32,47,66,,14,,29,19,20,13,32,,21,13,5,1,5,7,8,6,4,32,3,7,5,13,12,19,19,7,6,13,8,10,8,10,16,7,11,22,16,11,16,14,24,9,13,12,15,5,12,5,14,7,8,10,14,7,8,6,8,,5,12,8,16,8,11,8,18,87,80,75,62,61,42,50,76,74,61,44,43,40,43,30,5,7,3,4,4,5,10,8,4,8,9,4,9,9,10,9,22,21,18,22,15,17,20,21,18,52,9,11,,15,12,13,9,20,30,17,10,12,70,88,59,63,60,45,,39,34,30,22,30,21,10,,,39,24,42,28,26,,32,19,16,12,,,19,53,24,26,20,28,22,14,23,10,22,32,35,60,26,30,29,26,48,29,37,45,44,,14,11,9,12,6,13,11,17,18,18,14,9,8,41,38,76,26,38,78,,43,81,68,,,,63,35,5,9,12,11,18,,48,10,7,11,9,9,5,7,6,4,5,46,6,12,13,55,57,57,59,53,50,57,39,47,54,46,61,57,47,50,40,34,28,28,47,50,38,45,49,46,51,61,61,59,69,,,,10,7,11,6,10,,10,15,,5,14,13,11,2,4,16,28,1,11,11,,8,,33,23,38,21,27,10,,17,,14,,10,22,18,31,23,26,2,18,28,24,46,43,42,12,19,,,31,27,29,25,19,54,69,67,43,64,51,47,42,42,44,42,38,44,33,41,35,8,10,7,71,78,71,14,12,14,23,26,25,14,11,,33,29,,39,48,39,88,9,8,9,26,,,14,14,15,82,,43,58,66,51,30,37,,36,26,,11,16,9,8,15,18,14,20,35,17,30,21,25,38,,37,37,37,35,63,33,29,31,43,40,33,40,33,21,31,30,26,18,21,34,32,38,35,38,41,52,34,38,51,,75,34,33,38,34,30,21,21,23,21,36,43,20,26,28,22,12,15,13,18,26,26,30,26,71,13,16,18,20,18,6,16,88,10,23,,16,14,13,11,4,6,10,,,,5,2,6,6,7,7,11,10,13,14,15,10,11,,14,34,8,7,12,12,,12,20,11,10,22,19,22,12,,15,,,24,32,48,34,34,26,17,9,18,9,25,22,17,20,12,38,12,10,14,58,58,19,18,16,16,22,23,17,20,23,23,14,22,17,19,15,11,16,10,35,,,48,25,16,22,24,50,26,40,51,60,48,47,25,20,,24,38,40,18,14,12,12,35,20,42,31,36,,24,29,54,31,16,20,23,17,21,20,7,6,9,8,72,67,74,53,,60,80,70,70,33,27,28,53,18,53,54,215,12,4,18,27,6,4,14,27,8,5,10,7,17,10,28,30,10,1,37,26,44,53,36,20,25,20,26,22,40,32,43,,33,40,,,60,52,40,24,29,25,81,25,28,38,15,26,12,51,56,31,29,,54,3,8,,,26,39,6,16,17,19,15,15,18,16,16,,26,43,26,26,27,27,28,31,42,44,34,53,46,9,,9,10,20,14,,22,17,19,25,21,28,,33,61,60,68,44,38,61,35,,61,38,71,77,,,54,63,57,57,89,92,92,49,45,53,50,51,32,30,26,30,26,34,29,21,19,29,17,23,40,39,41,33,48,17,20,19,17,26,32,34,46,42,18,26,46,24,31,53,58,54,13,54,39,58,54,63,31,36,37,44,34,33,18,65,16,16,33,60,57,56,41,49,34,46,31,60,50,17,32,42,,18,23,22,25,18,6,15,10,32,7,53,26,19,8,47,34,22,46,24,29,33,42,34,70,13,,8,18,22,24,35,25,32,31,27,16,,33,40,58,36,47,66,65,36,62,65,32,35,34,27,82,36,37,,25,27,27,17,12,11,26,24,24,31,33,30,7,2,3,3,15,18,13,9,8,6,6,13,13,13,13,21,19,9,12,10,31,13,10,13,20,22,20,18,19,16,15,15,14,18,13,12,10,14,7,11,6,,9,,6,7,,12,6,6,,5,9,16,4,6,11,19,18,13,23,15,17,18,24,16,15,12,9,7,5,7,8,58,15,13,6,16,10,10,14,18,23,27,17,16,16,,13,20,,24,6,5,6,6,17,20,19,11,12,6,4,3,4,4,8,19,16,19,17,17,11,6,8,28,18,22,9,3,7,2,12,,10,14,8,38,32,29,28,30,30,20,14,19,20,24,24,20,19,22,10,4,36,34,39,28,26,10,23,17,13,19,18,22,14,22,14,12,8,29,29,25,20,20,24,23,64,40,45,40,39,34,43,40,23,28,28,26,26,23,24,19,34,20,32,22,44,36,32,,30,41,37,18,54,68,84,74,50,108,,15,12,,31,39,36,28,35,28,22,28,,35,49,53,44,35,33,42,26,38,54,44,,,,,42,35,22,28,4,16,23,,36,33,40,35,44,92,100,95,35,71,47,33,32,24,,52,56,40,38,20,,65,68,,11,14,16,70,73,28,42,52,69,21,38,24,,69,,69,63,16,19,12,11,53,46,48,50,28,19,20,34,,,71,51,20,24,76,68,69,72,83,73,49,52,68,75,52,34,20,48,,26,15,52,,92,49,77,96,65,82,58,46,48,78,77,80,,78,50,11,9,20,15,82,38,40,55,27,30,25,58,75,,56,51,57,10,9,12,48,65,110,37,34,29,20,58,29,8,16,20,21,4,16,16,24,36,30,35,8,10,19,37,24,11,20,6,18,24,20,16,52,39,32,29,33,17,36,12,23,24,39,7,28,52,44,55,50,21,4,14,38,6,20,27,22,6,16,16,8,30,16,30,35,25,15,,20,5,21,13,46,33,24,61,76,53,13,53,11,28,18,33,22,6,45,21,31,3,40,3,68,16,20,18,20,16,22,61,59,18,38,8,15,11,10,13,10
20171215,13,CO,0.2,0.4,0.2,0.3,0.2,0.4,0.2,0.1,0.2,0.4,0.3,0.4,,,0.7,,0.2,0.6,0.4,,1,0.6,0.5,,0.7,0.7,,2.1,3,2.2,,2.3,2.1,1,0.5,0.8,0.4,0.8,0.6,0.5,1.7,1.2,1.6,,2.2,2.2,2.5,2.2,,2.1,2.3,2.5,2.2,2.1,2.1,0.2,,0.2,0.6,0.8,0.1,0.2,0.2,0.6,0.3,0.1,0.3,,0.3,0.7,0.4,0.4,2,2.2,1.9,2.5,2.4,2.3,2.4,1.6,,1.5,,1.1,0.9,0.8,0.9,1.5,0.8,0.6,0.6,0.5,0.7,0.6,0.2,0.9,0.3,0.5,0.3,,0.5,0.3,0.8,0.4,0.4,,0.4,0.6,0.7,1,0.9,1,0.8,0.8,0.9,1.2,0.6,0.9,0.9,1.1,0.7,0.5,0.4,0.3,0.7,0.6,0.5,1,1,1.4,,,1,0.3,0.9,1.1,1,0.9,1,0.4,0.9,0.8,0.7,1,0.6,0.9,0.6,0.6,0.4,0.4,0.7,0.2,0.8,0.7,0.9,0.6,0.2,0.5,0.8,0.8,0.8,0.6,0.8,0.5,0.3,1,0.8,0.6,0.9,0.9,0.7,2,,,,3.3,1.5,,1.6,1.2,1.3,,0.7,0.2,0.5,,0.7,0.9,1.3,1,1.2,0.9,1,1.2,1.1,,,,0.9,0.8,,0.3,0.4,0.6,1.1,0.6,,0.7,,1.1,1.1,0.7,1,1,0.7,,0.8,,2,1.7,1.6,1.3,1,0.6,0.8,1.2,1.1,1,1,0.8,0.7,0.7,1.2,0.9,1.1,0.9,,0.9,1,0.9,0.7,0.5,0.8,0.9,0.7,1.3,,,0.7,,0.8,0.6,,0.8,0.9,0.9,0.7,0.7,0.7,,1.1,0.6,0.6,0.6,0.7,0.9,1.1,0.9,0.5,0.6,1.1,0.6,0.8,0.5,0.6,0.7,0.5,0.2,0.7,,0.8,,0.6,0.9,0.2,0.4,,0.9,,1,1,1.1,1.1,1,,1.5,1.9,1.7,1.6,1.5,1.6,1.5,1.4,1.6,1.4,1.6,1.6,1.6,1.9,2,1.6,2,1.7,1.4,1.8,2.1,2.3,2.3,1.8,2,1.5,,0.9,1,1.2,1.1,0.9,1.1,1,1,,1.3,1.3,1,,1,1.2,1,1.2,1.2,1.2,0.8,1.5,1.3,,0.8,1,1.1,0.8,1.2,0.9,0.9,0.9,0.7,0.9,0.8,0.8,0.8,0.5,0.7,0.6,0.7,0.6,0.6,0.8,0.7,0.8,1.2,0.9,1.3,1,1.3,1.2,1.1,1.2,1,1.3,1.1,1,1.3,1.3,1.3,1.1,1.1,1,1,1.1,1.2,1.1,1.4,1,1.2,1.2,0.8,0.9,1.4,,0.8,0.9,1.3,1.3,1.5,1.2,1.3,1.3,1.4,0.5,0.5,0.4,0.4,0.6,0.8,,1.2,0.7,0.8,1.4,1.1,0.9,0.8,,,0.8,1,0.8,0.8,1,,0.8,0.7,0.8,0.8,,,1,0.7,0.8,1.1,1,1,0.9,1.1,1.1,1,1.2,0.6,0.9,0.8,1.1,0.5,0.8,0.7,0.8,1,0.9,0.6,0.9,,2.1,2.7,2.2,1.2,1.9,1.7,2.4,1.5,1.7,1.4,1.9,2.1,2.2,0.5,0.7,1.7,0.5,0.8,1.5,,1.3,1.3,,,,,0.7,0.8,1.2,,1.3,1.4,1.4,,2.3,0.8,1.4,0.9,1.1,1.1,1,0.9,1,1.1,1.1,,0.9,1,0.8,0.4,0.4,0.5,0.6,0.4,0.3,0.7,0.7,0.5,0.6,0.6,0.2,0.2,0.1,0.2,1.6,1.5,1.6,1.7,0.6,0.6,0.5,1.2,0.7,1,0.9,0.4,0.7,0.5,0.6,,,,1.4,1.2,1.7,1.4,1.4,,1.5,2,,1.5,1.3,0.9,1.5,1.9,1.9,3.3,3.7,1.7,3,1.7,,1.3,,0.8,1.5,1.6,1.3,1.3,1.4,,1.6,,2.2,,1.6,1.1,1.5,1.1,1.7,1.6,1.4,0.9,0.8,0.7,1.1,1,1,1.5,1.3,,,1,1,1.1,1.2,1.6,1,0.8,0.6,0.9,0.7,0.9,1.2,1.1,1.2,1,1,1.3,0.7,2.1,,1.1,1.1,1.2,0.8,0.9,0.8,0.6,0.3,0.9,1,1,1,1.4,1.3,1.2,,0.8,0.8,,0.9,0.8,1,0.9,1,1.1,0.8,1.1,,,2.9,2.1,2.7,1.2,,0.1,1.3,0.8,0.9,,2.3,,2.2,2.3,,3.9,3.2,,3.6,3.5,1.9,1,1.4,2.6,2.3,1.7,0.4,0.5,0.4,,0.8,0.9,0.7,1.4,0.9,0.5,0.6,0.4,0.4,0.4,0.4,0.5,0.4,0.7,0.8,0.9,0.8,1,0.9,0.4,0.7,0.4,0.3,0.5,0.6,0.8,1.1,0.8,0.8,,0.8,0.5,0.7,0.6,0.6,0.3,0.8,0.9,1,1.1,0.5,0.8,0.8,1.5,0.4,,0.9,0.7,1,0.9,1,0.6,0.9,0.5,1,0.7,1,0.5,1.2,1.2,0.5,,0.8,1.8,1.5,,1.4,1.7,1.5,1.6,3.2,3,3.2,,3.7,,1.8,1.7,1.6,2.3,2.6,2.1,2.7,1.4,1.4,1.5,1.4,1.5,1.1,,1.1,1.5,1.4,1.5,1.6,1.3,,1.4,1.3,1.2,1,0.9,1.1,1.2,0.9,,1.1,,,1.4,1.6,1.7,1.2,0.9,0.9,1.1,0.9,1,1,1,1.5,1.1,1,1.1,2.9,1.3,1.2,1.2,0.5,0.5,0.8,,1,0.9,1.1,1,1,0.8,1.1,0.9,2.5,3,1.4,1.2,0.7,0.7,1,0.4,0.9,,,0.7,0.9,0.8,1,0.8,0.8,0.8,0.8,0.8,0.7,0.8,1.2,1,1.2,,1.3,1.5,1.7,1.4,1.7,1,1.7,0.8,0.9,1.2,1.5,,,1,0.8,0.6,1,0.8,1.2,0.4,1,,1.1,1.6,1.8,1.2,1.4,0.6,0.5,0.5,0.6,,0.5,0.4,1.2,0.8,0.6,0.8,0.8,0.9,1.2,2.5,3.2,0.9,1.3,1.9,1.5,1.4,2,1.6,1.6,1.8,1.8,1.5,1.6,1.2,1.7,1.4,2.2,2.6,2,1.3,1.3,1.2,1.3,1.3,1.3,1.4,1.8,1.8,0.9,0.9,0.9,0.5,0.5,0.5,0.7,0.7,,0.7,0.3,0.8,0.6,0.7,0.9,0.7,0.6,0.9,1.2,1.1,1.1,0.8,1,0.4,0.4,0.5,0.6,,1,0.5,0.5,,,0.7,0.6,1,1.3,1.1,1.8,2,1.5,1.2,1.3,1,,0.7,0.9,2.6,2.7,3.8,3.5,1.8,1.5,0.1,0.5,0.5,0.4,0.2,3.3,,1.9,1.8,1.7,2,,1.4,,0.6,0.9,0.8,0.9,,1.6,0.8,0.6,,0.3,1,0.4,0.7,,0.6,0.4,,0.3,,,0.5,0.2,0.2,0.1,0.6,0.5,0.3,0.3,0.3,0.4,0.3,0.5,0.7,0.6,0.7,0.7,0.2,,0.2,,0.7,0.9,1.1,0.6,0.5,0.6,0.3,1.2,0.4,1.3,0.6,1.9,2,0.6,1,0.3,0.3,1,1.6,0.9,0.4,0.9,1,0.9,1.8,1.3,1.4,0.6,1.7,1.2,1.6,0.5,0.7,1.2,0.6,0.8,0.6,0.6,0.7,,1.3,0.4,0.4,0.7,0.6,0.7,1.5,1.2,0.5,0.7,0.6,0.8,0.6,0.7,0.8,,,0.6,0.6,0.6,0.7,0.7,1.3,1.2,1.7,0.9,0.8,0.7,0.8,0.8,,0.4,0.6,,0.4,0.6,0.7,0.6,0.4,0.4,0.6,0.9,,1,1.1,1.2,,0.7,0.7,0.8,0.9,1.1,0.8,,0.6,0.5,0.8,1,0.8,0.6,0.5,0.5,0.5,0.4,1,,1.6,0.7,0.4,0.7,0.9,,0.7,0.9,1,0.9,0.8,,0.9,0.4,0.7,0.8,0.8,0.6,0.8,2,1.3,1.3,,0.7,0.6,0.7,0.8,1.8,0.5,0.5,0.7,0.7,0.7,1.4,1.5,1.4,1.2,1.6,0.6,0.7,0.8,0.8,1.1,1.1,1.4,1,2.2,0.6,0.8,0.6,0.8,0.5,1.1,1,0.9,0.9,4.8,4,3.8,,1.9,,2,2,,2,1.9,1.8,,1.7,1.6,1.3,1.2,1.7,1.8,1.4,1.5,1.6,1.5,1.1,1.1,0.9,1.3,1.2,1,1.2,0.8,0.9,1.1,0.8,1,1.1,1,1.2,1.5,2,1.5,1.1,1.1,1,1.3,0.8,1.3,1.3,1.2,,1.2,1.3,,,1,1.4,1.3,1.3,1.2,1.2,1.3,1.2,0.8,0.7,1.5,1.6,1.1,1.3,1.6,1.2,,1.2,1.2,1.3,1.4,1.9,,1.7,1.2,1.2,1.3,1.7,1.3,1.6,0.9,,0.7,0.7,1,1.2,,1.1,0.8,0.7,0.3,1.9,1.3,1.8,1.9,0.6,0.3,,1.4,0.9,1.5,1,1.2,1,1,1.2,0.7,1.1,0.9,0.8,1,1.1,1,1.2,1.4,1.2,1.4,0.8,1,1,1,1,0.7,0.8,1.1,1,0.4,0.6,0.5,0.8,0.7,0.8,0.8,0.8,0.7,0.7,0.4,0.4,0.8,0.9,0.8,1,0.5,0.2,0.5,0.3,0.9,0.8,1,,0.8,0.9,0.9,1.1,1,1.1,0.8,0.8,0.9,0.6,,0.7,0.6,,0.9,0.8,0.4,0.7,0.9,0.3,0.4,0.5,,0.9,1,0.8,0.9,0.8,1.2,0.6,1.3,1.1,1.2,0.7,,,,,1.5,,1,1.1,0.9,1.3,1.1,,1,0.6,0.9,1,1,1.2,0.8,0.8,0.4,0.5,0.8,1.3,0.7,0.9,,,0.4,1,1.2,0.5,,0.8,,,1.1,0.8,0.8,0.8,1.2,1.1,1.7,0.8,,0.6,0.8,1.8,,0.3,,0.4,0.3,1.4,1.4,1.4,1.4,0.8,0.9,0.8,0.8,1.1,1.2,0.9,0.7,,,0.5,0.7,0.6,1.4,0.4,0.6,0.5,0.2,0.2,,0.6,0.5,0.6,0.6,0.6,0.6,0.4,0.4,,0.8,1.3,1.2,,1.1,1.5,1.8,0.8,0.6,1.8,0.3,0.2,0.5,0.5,0.8,0.4,,0.5,0.1,1.7,2.3,2.5,2.9,0.5,1.5,0.8,0.6,1.9,1.3,1.5,2.2,0.9,,1.4,2.6,0.9,2.1,2.1,1.3,,0.3,0.1,0.8,0.9,1.1,1.5,0.6,3.6,1.2,0.8,0.8,0.6,2.9,2.1,0.7,1.3,0.8,0.4,0.6,0.7,0.6,0.8,0.8,0.7,1.5,1.6,1.9,0.8,0.8,0.7,0.6,0.8,1,0.3,0.3,0.8,0.8,0.6,0.5,0.5,0.3,0.9,0.8,1.2,0.7,0.5,2.1,1.2,1.1,0.6,1.4,0.7,2.1,,0.9,0.5,2.6,1.6,1.1,1.9,1.2,1.2,1,0.9,0.8,3.5,,0.5,2.1,1.6,1.1,0.9,0.8,0.9,1,0.4,0.2,1.4,0.4,1.4,1.3,0.9,0.5,0.5,1.9,0.6,2.2,,1.7,0.4,1.9,0.5,1.5,0.9,0.8,0.7,0.7,1.7,1.2,0.2,1.6,1.3,1.6,0.8,1.5,1.4,1.7,3
20171215,13,CO_24h,1.3,1.2,1.3,1.5,1.5,1.2,1.5,1.7,1.8,1.5,1.4,1.6,,,1.6,,0.9,1.4,1.2,,1.9,1.3,1.3,,1.5,1.3,,2,2.2,2.5,,1.8,1.6,1.4,1.7,2.3,1.6,2,1.9,1.7,2.3,2.6,2.7,,2.6,1.9,2.2,1.9,,2.3,2.2,2.5,2.6,2.7,2.2,0.7,,0.7,1.1,1.3,1.6,2.2,1.7,2.9,1.7,1.4,1.4,,1.1,1.4,1,1.1,1.8,1.8,1.7,2.3,2.2,2.1,2.3,3,,3.2,3.7,3,3.1,2.9,2.9,3.2,1,0.9,0.8,1,0.9,0.9,0.7,1.3,2.5,2.9,2.5,,2.1,2.6,2.6,2.4,2.1,,2.3,1.2,1.2,1.2,1.3,1.2,1,1,1.5,1.5,1,1.4,1.4,1.4,0.9,0.9,1.2,1.4,1.2,1.2,1.1,1.1,1.2,1.4,,0.5,1.3,0.9,1.3,1.4,1.1,1.5,1.8,0.4,0.8,0.8,0.5,0.8,0.9,0.8,0.6,0.6,0.4,0.4,0.7,0.2,0.7,0.7,0.8,0.8,0.2,0.5,0.8,0.9,0.9,0.6,0.7,0.6,0.3,0.8,0.7,0.6,0.9,0.8,0.7,1.4,,,,1.4,1.2,,1.1,1,1,,0.7,0.2,0.5,,0.7,1,1.1,0.8,1,0.8,1,1,1.1,,,,0.9,0.7,,0.2,0.3,0.5,0.9,0.6,,0.6,0.6,0.9,0.6,0.5,0.7,1,0.6,,0.7,,1.7,1.4,1.3,1.2,0.9,0.7,0.7,1.2,1.1,1,0.9,0.7,0.7,0.6,1,0.8,0.8,0.8,,0.8,0.9,0.8,0.6,0.5,0.6,0.8,0.7,1.1,,,0.7,,0.8,0.6,,0.8,0.8,0.8,0.7,0.6,0.6,,0.9,0.7,0.6,0.6,0.7,0.8,0.8,0.9,0.7,0.6,1.1,0.6,0.8,0.7,0.6,0.7,0.5,0.5,0.6,,0.8,,0.6,0.5,0.3,0.4,,0.7,,0.8,0.9,0.8,0.9,0.9,,1.3,1.6,1.9,2,1.8,1.9,1.7,1.8,1.7,1.4,1.2,1.5,1,1.1,0.9,0.9,1,1.2,1.4,1.4,1.6,1.7,1.8,1.4,1.7,1.2,1.8,0.7,0.8,1,0.8,0.6,0.9,0.8,0.8,1,1.1,0.9,1,1,0.9,1.1,1,1,1.1,1.1,0.7,1.4,1.3,,0.8,1,1,0.8,1.1,0.9,0.9,0.9,0.6,0.8,0.7,0.7,0.6,0.6,0.7,0.6,0.7,0.6,0.7,0.9,1,1,1.2,0.9,1.3,1,1.3,1.1,1.1,1.2,1,1.4,1.2,1,1.3,1.2,1.2,1.1,1.1,1.1,1.1,1.3,1.2,1.2,1.3,1,1.2,1.3,1,1.1,1.3,,0.7,1,1.3,1.3,1.4,1.3,0.9,1.1,1.4,0.4,0.4,0.4,0.4,0.6,0.7,,1,0.8,0.8,1,0.9,0.8,0.8,,,0.8,0.9,0.7,0.9,0.9,,0.8,0.7,0.8,0.8,,,0.8,0.7,0.8,0.8,1,0.8,0.7,0.9,0.9,0.8,1.1,1.1,1.1,0.8,1.3,0.7,1.1,1,1.1,1.9,1.1,0.6,0.7,,2,2.6,2.2,1.5,1.9,1.9,1.9,2,2.3,1.8,1.9,2.3,1.9,1.3,1.2,1.8,0.9,1.6,1.5,,1.4,1.6,0.6,,,,1.3,1.3,1.2,1.3,1.7,1.1,1.1,,1.6,0.8,0.9,0.8,1,0.9,0.8,0.7,0.8,0.9,0.9,0.7,0.6,0.9,1.4,0.5,0.8,0.6,0.6,0.6,0.5,0.9,0.9,0.7,0.9,0.8,0.9,1.7,1.9,1.3,1.1,0.9,1.1,1.1,2.3,2.4,1.6,2.2,2.1,1.6,2,0.5,0.6,0.4,0.6,,,,1.4,1.2,1.4,1.6,1.9,,1.9,1.6,,1.3,2,1.5,2.1,3,3.1,2.6,3.5,3.1,3.6,1.3,,1,,0.8,1,1.3,0.9,1.2,1.4,,1.3,,1.8,,1.4,1.1,1.4,1.1,1.6,1.3,1.4,1.3,1,0.9,0.7,0.7,0.6,1.7,1.4,,,1,1,1.1,1.2,1.5,1,0.8,0.7,0.9,0.6,0.8,1,0.9,0.9,0.9,0.8,1.1,0.9,1.6,1.3,0.9,0.9,1.1,0.8,0.8,0.9,0.6,1.1,0.9,1.1,1,1.1,1.3,1.2,1.2,,0.8,0.8,,1,0.9,1,0.8,0.9,1,0.7,1,,,2.8,2,2.7,1.9,,1.2,2.4,1.8,1.9,1.8,1.8,,2,2,,3.7,2.2,2.6,3,3.3,2.2,1.4,1.9,3.4,2.3,1.9,1.9,1,1.4,,4.8,2.8,5.1,4.3,3.7,2.5,1.6,1.7,1.5,1.1,1.2,1.1,2.2,3.1,3.8,4.1,2.6,2.2,2.4,1.4,2,1.5,1.3,1.5,1.4,1,2.7,1.7,1.4,,0.9,1.3,1.2,1.2,1.2,1.2,1.3,1.3,1.6,1.9,0.8,1.3,1.3,1.6,1,1.3,0.7,0.9,0.7,0.9,0.6,0.5,0.9,1.2,0.7,0.7,0.9,0.6,1.1,0.9,0.6,0.5,0.3,2,1.6,,1.9,2,1.9,1.7,2.2,2.1,2.2,,2.4,,1.7,1.6,1.5,2,2.2,1.6,2.1,1.5,1.5,1.7,1.5,1.6,1.7,,1.4,1.4,1.2,1.6,1.6,1.1,,1.4,1.3,1.3,0.9,0.9,1,1.1,0.9,,1,,,1.4,1.5,1.5,1.2,0.9,0.9,1,0.9,1,0.8,1,1.5,1.1,1,1.2,1.8,1.3,1.4,1.2,0.5,0.5,0.9,0.9,1,1.1,1.1,1,1.1,0.9,1.2,1,4.7,2,2.2,1.9,0.7,0.7,0.6,0.5,1,,,0.8,0.9,0.7,0.9,0.8,0.8,0.9,0.8,0.7,0.8,0.8,1.1,0.7,1,,0.9,1.1,1.1,1.8,1.9,1.4,1.9,1.8,2.5,1.8,2.1,1.8,,3,2.4,1.3,1.9,1.7,2.1,1.3,2.1,1.7,2,1.9,1.6,1.4,1.6,0.5,0.4,0.3,0.6,,1,0.7,0.7,0.7,1,0.7,0.6,0.8,1.2,2.4,3,1.3,1.5,1.8,2,1.8,1.4,1.2,1.1,1.1,1.5,1.3,1.4,1,1.4,1.2,1.3,1.9,2.2,1.4,1.1,1,1,1.2,0.9,1.4,1.4,1.6,0.9,0.9,1,0.5,0.4,0.6,0.7,0.4,,0.3,0.2,0.8,0.6,0.6,0.8,0.9,0.6,0.8,1,1.1,1.2,0.6,0.7,0.4,0.4,0.5,0.6,,0.9,0.5,0.5,,,1.5,1.1,0.7,1.5,1.4,1.7,1.6,1.4,1.4,1.4,1.2,,0.7,0.6,3.3,3,2.6,2.5,2.8,3.1,1.6,1.6,1.8,0.2,1.4,3.6,,2.9,3.3,2,2.3,,1.8,1.8,2.4,2.6,2.5,1.9,,2.1,0.7,0.6,1.1,0.8,1.4,0.8,0.8,,0.5,0.5,0.4,0.6,,,0.9,0.4,0.8,0.4,0.6,0.5,0.3,1.1,0.9,0.9,0.9,1.2,3.9,4.9,3.2,5.3,1.6,1.2,1.4,1,2.5,2,2.9,2.2,1.1,1.3,1.6,2.3,1.4,3,2.9,1.7,2,1,1.2,1.2,0.6,1,1.3,1.1,0.8,1.6,2.7,1,1.6,1.3,3,0.3,1.3,0.7,0.7,0.5,0.6,0.8,0.3,1.1,0.9,0.9,1.1,0.4,1.9,1.1,0.5,0.8,0.8,0.8,1.7,1.5,1,0.7,0.5,0.7,0.6,0.5,0.6,0.5,,0.5,0.6,0.5,0.6,0.6,0.9,0.9,1.2,0.8,0.8,0.8,1,0.7,0.8,0.5,0.7,0.7,0.6,0.6,0.6,0.5,0.5,0.4,0.5,0.8,,0.8,0.9,1,1,0.6,0.6,0.7,0.6,1.2,0.8,,0.7,0.7,0.7,0.7,0.6,0.7,0.5,0.6,0.5,0.4,0.6,0.6,0.7,0.5,0.4,0.5,0.6,,0.5,0.5,0.7,0.7,0.7,1.1,0.7,0.3,0.6,0.5,0.7,0.5,1.1,1.4,1.2,1.1,1.1,0.6,0.4,0.5,0.7,0.7,0.3,0.4,0.7,0.6,0.7,1.5,1.6,1.6,1.3,1.7,0.6,0.6,0.8,0.7,1.2,1.1,1.3,1.1,1.4,0.6,0.7,0.6,0.8,0.4,1.1,1,0.8,1.4,2.5,2.2,1.8,,1.9,,2,1.9,,1.9,1.9,1.9,,1.8,1.4,1.4,1.4,1.6,1.8,1.5,1.6,1.7,1.7,1.4,1.4,1.1,1.3,1.3,1.1,1.2,0.6,0.7,1,0.8,0.9,1,1.2,1.4,1.4,2.1,1.6,1.3,1.3,0.9,1,0.6,1.4,1.3,1.3,,1.2,1.3,,0.5,1,1.3,1.4,1.2,1.3,1.3,1.2,1.2,1,0.7,1.3,1.4,0.9,1.1,1.5,1,1.1,1,0.9,1.1,1.4,1.9,1.6,1.7,1.4,1.1,1.2,1.4,1.1,1.5,0.8,,0.7,0.6,0.9,1.1,1.5,1,0.6,0.7,0.5,1.2,1.6,1.9,1.7,0.1,0.2,0.2,1.3,0.9,1.4,0.9,1.1,0.9,1,1.2,0.7,1.1,0.8,0.7,1,1,1.1,1.1,1.4,1.1,1.2,0.9,1,1,0.9,1,1,1,1.2,0.9,0.7,0.9,0.9,1,0.7,0.7,0.8,0.7,0.7,0.7,0.4,0.4,0.7,0.8,0.8,0.9,0.5,0.4,0.5,0.2,0.8,0.8,0.9,,0.8,0.8,0.8,1,1,1,0.7,0.7,0.8,0.6,,0.8,1.1,,0.9,0.7,0.9,0.6,0.7,0.6,1.1,0.6,,0.7,0.9,1,1,1,1.3,0.6,1.1,1.2,1.3,0.7,,,,,1.5,1.3,1.2,1,1.1,1.4,1.1,,1,0.9,0.8,1.1,0.9,1.1,0.9,0.8,0.5,0.6,0.8,1.4,0.9,0.9,,0.4,0.5,1.1,1.1,0.7,,0.7,0.9,,1,0.8,1,1.1,1,2.1,2.5,0.8,1.1,1.7,1.1,1.9,,0.5,,0.4,0.3,1.1,1.5,1.3,1.4,1.3,1.5,1.3,1.2,0.8,1.1,0.8,1,,,0.6,1.2,1.8,2.3,0.5,0.7,0.3,0.1,0.4,0.5,0.7,0.6,0.8,1,0.8,1.1,1.2,0.7,,2.4,2.3,1.2,,1.1,1.5,1.8,0.9,0.8,1,0.3,0.3,0.5,0.5,0.9,0.4,,0.8,0.3,2.9,4,2.9,3.3,0.7,2.5,1.1,0.7,1.4,1.6,1.6,2,2,,3,3,2.6,2,2,1.6,0.1,0.3,0.6,0.9,0.9,1.1,2.5,0.6,2.1,1.2,1.7,1.6,1.3,2.5,3.2,1,2,2.1,0.4,0.3,0.6,0.6,0.8,0.6,0.7,1.4,1.3,1.7,0.8,0.8,2.5,1.4,1.3,1.2,2.6,2,0.7,0.8,0.6,1,0.7,1.5,0.6,0.8,2,1.5,0.9,2.7,1.9,1,0.7,1.3,0.7,1.5,0.9,1,0.3,1.2,1.4,1,1.6,1.2,1.3,0.8,0.8,0.9,3,,1.3,2,1.7,1.1,0.9,0.8,0.9,1.2,0.5,0.9,1.4,0.5,1.5,1.7,0.8,0.5,1.3,1.9,0.7,1.8,1.4,1.7,0.5,1.9,0.5,1.9,1,0.9,0.8,0.9,1.4,1.5,0.7,2.1,1.1,1.7,0.7,1.5,1.2,1.3,2.3
20171215,14,AQI,35,30,27,42,28,28,23,24,22,39,21,26,,,25,,33,33,39,,29,25,22,,22,38,,239,284,264,,228,252,65,48,29,46,39,33,52,70,58,85,,85,287,256,284,,128,153,156,129,102,158,29,,46,46,26,24,28,23,22,30,36,44,,41,47,46,49,205,182,192,228,258,284,249,115,,106,109,100,110,94,75,100,22,41,59,30,32,46,43,20,20,40,32,,25,20,49,33,36,,24,45,32,42,36,52,47,33,51,37,,51,55,44,54,49,43,35,49,38,35,113,67,100,,84,82,97,127,127,105,156,114,32,39,53,29,29,40,32,20,31,38,26,26,42,26,40,43,34,46,34,35,40,32,32,38,47,45,,28,36,26,90,26,113,,,,186,182,,169,199,214,,50,29,43,,35,42,45,44,45,36,,50,52,,,,50,50,,40,50,44,50,40,,43,90,77,,70,99,69,64,,57,,148,132,122,42,51,12,60,46,53,73,51,57,63,33,68,46,46,35,,91,54,51,39,47,53,63,33,33,,,26,,30,49,,44,54,50,23,24,25,,48,31,44,18,19,46,49,46,28,30,30,25,32,29,30,35,30,25,17,,44,,40,42,16,19,,16,,11,29,29,19,11,,28,206,199,202,204,204,227,196,211,119,221,242,192,230,199,234,243,165,234,,,253,,271,236,239,250,74,65,74,67,92,85,68,70,93,115,63,67,75,68,58,63,64,53,62,46,66,55,,49,57,60,42,53,29,52,35,64,66,52,60,47,72,67,34,53,48,75,69,59,92,89,59,70,59,61,69,52,36,37,107,88,74,103,83,77,84,79,75,79,77,63,68,,57,52,69,55,59,57,,60,42,20,26,20,22,14,32,28,48,50,53,50,51,,,80,77,70,67,74,93,77,,,85,84,85,65,72,,80,75,77,77,,,82,48,46,62,26,67,65,72,64,63,63,33,30,40,37,40,30,38,41,61,38,34,82,53,166,162,172,148,160,153,178,122,160,119,172,137,188,60,67,57,58,59,73,,72,83,63,,,,25,49,115,82,97,139,145,,77,63,68,65,67,74,53,49,60,55,50,67,50,56,57,32,42,38,63,36,23,47,40,23,27,51,28,29,49,24,90,79,68,74,31,29,20,41,48,42,36,25,30,36,23,,,,129,122,156,71,90,,84,222,,225,156,144,140,215,203,210,205,199,192,143,,188,,89,107,123,118,93,77,,209,,212,,208,150,163,190,190,234,216,68,74,64,119,85,92,170,147,,,20,19,15,42,26,60,31,28,63,51,63,90,93,97,104,85,108,58,87,79,64,40,49,55,51,55,63,31,39,29,83,83,63,18,14,,49,50,,84,85,80,92,45,36,18,23,,,230,230,239,25,,18,21,23,,210,190,,192,220,,313,343,376,362,357,195,189,173,180,178,189,51,37,26,,46,23,53,26,32,37,40,28,27,32,36,31,22,29,67,51,37,32,58,24,28,25,22,27,28,25,21,44,31,,53,39,26,43,25,57,57,55,58,80,,55,52,59,62,55,38,50,48,43,45,32,30,40,53,33,33,39,32,19,38,33,10,185,125,,178,138,148,152,340,333,,,391,,195,170,192,235,253,276,213,175,176,163,173,105,113,,107,,168,147,140,175,102,120,108,82,68,69,69,95,85,,67,,,62,95,79,70,48,16,23,22,23,20,18,15,23,13,23,42,25,23,12,32,25,114,122,117,110,52,60,69,59,43,80,57,51,49,36,75,72,64,74,107,,,100,103,96,104,140,75,92,83,80,83,77,65,54,51,,53,59,65,172,134,185,138,53,37,60,65,,,26,49,59,55,56,60,60,59,59,54,180,208,193,138,65,77,63,34,,39,45,67,53,41,25,55,64,63,74,64,77,213,195,183,229,203,217,214,182,189,162,,188,119,149,70,82,109,124,89,125,87,92,79,102,95,113,40,41,39,31,42,30,30,38,,43,35,45,68,54,52,46,68,46,55,35,63,62,57,30,28,30,42,,35,26,23,,,29,88,47,172,162,193,180,115,182,133,152,,26,42,214,204,202,207,208,202,65,53,81,64,56,259,,172,149,190,169,,176,125,51,34,40,120,,92,39,23,34,47,35,24,39,,38,35,25,27,,,17,15,26,20,36,30,32,28,28,20,25,21,21,21,21,21,26,32,33,25,24,31,49,24,,43,23,20,23,64,55,84,85,60,82,87,28,51,65,36,46,79,48,31,112,83,90,84,175,108,188,108,85,67,36,75,102,85,65,79,89,50,51,20,18,23,87,112,27,25,77,50,52,43,53,52,,88,122,83,69,67,102,115,98,37,49,35,32,43,55,17,13,17,43,30,12,9,30,45,39,119,,104,117,122,138,52,50,42,62,108,137,,29,19,49,55,38,19,21,24,23,22,30,55,30,26,21,22,18,64,47,60,53,59,33,42,28,6,28,7,19,20,18,58,54,50,40,22,19,29,33,37,16,19,13,18,15,15,15,25,25,21,28,26,22,30,35,42,36,30,43,28,29,33,29,19,21,43,40,49,288,269,258,,,,214,242,,252,227,166,,156,210,216,215,206,193,190,130,149,169,86,207,163,133,188,,160,31,46,64,53,64,99,84,108,125,140,134,118,162,35,49,59,129,113,129,,79,89,,50,54,48,46,50,119,92,89,98,102,35,43,43,45,46,39,29,36,28,46,33,68,77,94,62,57,15,13,42,16,14,33,,42,30,20,39,30,36,40,43,13,32,27,18,26,49,48,54,35,25,28,22,13,25,16,13,15,16,18,13,16,12,24,19,28,51,44,23,18,13,40,47,24,22,12,11,55,56,59,45,108,80,80,85,65,67,89,64,62,65,55,64,64,60,53,52,68,100,102,,74,99,98,107,118,119,63,70,35,50,,54,55,,56,88,19,75,84,20,35,23,,28,19,22,20,22,27,15,46,29,34,30,,,,,17,53,18,21,20,15,30,,49,45,45,32,45,29,30,28,26,40,52,28,25,23,,19,31,29,43,45,,25,39,34,52,44,57,101,57,44,52,24,24,28,27,104,,37,,22,21,175,144,150,97,28,38,29,31,112,100,123,85,,,56,55,26,49,41,40,39,52,42,51,53,51,66,59,56,53,56,49,,26,31,53,,89,77,80,117,135,74,39,50,48,36,40,36,,52,43,124,162,85,93,28,67,67,35,67,105,103,107,93,,85,90,125,165,156,123,23,23,36,77,80,49,54,36,256,53,,26,23,,172,195,86,33,54,48,36,55,28,82,100,221,202,225,87,26,46,29,54,65,33,38,80,36,54,33,18,25,51,54,32,20,23,35,43,44,33,155,45,132,48,65,69,229,165,59,123,55,114,83,80,82,322,,36,241,160,26,58,84,89,28,26,17,170,26,112,,45,15,20,215,81,102,21,220,19,218,32,85,15,17,17,15,45,69,33,78,80,134,90,58,84,77,
20171215,14,PM2.5,24,13,8,10,9,8,7,7,7,10,8,12,,,17,,23,23,27,,20,17,7,,15,26,,189,234,214,,178,202,20,20,13,15,18,12,20,51,39,63,,63,237,206,234,,97,117,119,98,76,120,8,,5,8,12,9,19,11,7,13,15,18,,13,29,24,29,155,137,144,178,208,234,199,87,,72,82,75,83,70,48,75,2,5,1,17,5,4,15,4,12,28,17,,17,10,14,14,16,,6,29,22,15,21,29,25,20,31,21,,24,28,27,26,34,17,17,34,18,15,85,48,75,,62,60,72,96,96,79,119,86,22,27,,20,19,28,22,14,18,26,18,18,29,18,28,30,19,32,22,24,28,18,22,26,28,20,,19,12,18,22,18,85,,,,140,137,,128,149,164,,35,20,30,,24,29,30,29,31,25,,35,36,,,,35,35,,27,35,26,35,,,30,67,56,66,51,74,50,46,,26,,113,100,92,29,33,8,43,32,37,53,35,24,45,23,41,32,8,22,,46,23,27,27,24,31,45,23,23,,,18,,21,34,,23,32,29,16,14,13,,18,16,15,11,12,32,34,32,19,21,21,17,22,20,21,24,21,17,8,,18,,17,17,6,11,,11,,6,20,20,12,4,,19,156,149,152,154,154,177,147,161,90,171,192,144,180,149,184,193,125,184,,217,203,201,221,186,189,200,54,47,54,48,68,63,49,51,69,87,45,48,55,49,41,45,46,37,44,32,38,36,,29,30,43,23,30,20,29,24,46,47,27,31,28,52,48,22,30,30,55,50,35,68,66,31,39,28,30,43,33,25,20,80,65,54,77,61,56,62,55,55,58,56,45,49,,39,32,50,39,42,40,,32,17,12,18,14,15,2,22,19,17,18,22,25,20,,,59,56,51,40,45,69,56,,,63,62,63,47,49,,59,55,56,56,,,60,20,32,43,13,48,38,52,46,45,38,23,21,10,21,28,21,26,27,41,18,17,60,19,126,123,130,113,122,117,134,83,122,90,130,104,141,21,29,22,18,28,51,,44,50,25,,,,17,26,87,60,72,106,111,,56,45,49,47,48,54,37,30,27,34,35,48,28,31,40,22,5,14,16,16,16,6,9,4,9,10,16,20,19,12,67,58,49,54,19,20,9,28,18,29,25,12,14,14,9,,,,98,92,119,,67,,62,172,,175,119,110,107,165,153,160,155,149,144,109,,141,,66,80,93,89,69,56,,159,,162,,158,115,124,143,143,184,166,49,54,46,90,63,68,129,112,,,14,13,8,29,18,43,19,18,45,26,45,67,69,72,78,63,81,30,64,58,40,28,28,32,27,23,45,19,24,19,61,61,44,12,7,,30,35,,62,63,59,68,31,25,12,10,,,180,180,189,2,,1,,12,,160,143,,144,170,,263,293,326,312,307,146,142,131,136,134,142,6,8,9,,17,9,13,18,14,18,28,19,16,17,25,11,13,20,24,24,24,22,41,9,19,5,12,4,14,17,13,16,18,,37,23,18,30,17,40,34,39,41,59,44,39,31,42,44,39,26,35,33,30,31,22,21,28,35,23,23,27,22,13,26,23,5,139,95,,134,105,113,116,290,283,,,341,,146,129,144,185,203,226,163,132,133,124,131,79,85,,80,,127,112,107,132,76,91,81,60,49,50,50,71,63,,48,,,44,71,58,51,32,11,14,15,16,14,12,6,12,9,16,29,17,16,8,14,8,86,92,88,83,36,43,50,42,30,59,23,32,15,,55,52,46,54,80,,,75,77,61,78,107,55,68,61,59,61,56,39,19,22,,33,42,47,130,102,139,105,37,20,26,47,,,13,34,25,23,29,29,40,30,24,31,136,158,145,105,47,56,37,17,,11,17,21,22,19,17,39,46,45,51,43,32,163,146,138,179,153,167,164,137,142,123,,141,86,114,51,60,82,94,66,95,64,68,58,76,71,85,28,28,27,19,29,,20,26,,30,24,22,49,38,36,32,49,32,39,24,38,44,40,16,19,13,24,,21,13,10,,,20,27,9,130,123,145,136,87,137,101,116,,18,14,164,154,152,157,158,152,9,9,21,,12,209,,130,114,143,128,,133,84,11,16,10,91,,68,15,11,14,17,5,8,27,,12,9,4,4,,,4,10,5,10,15,21,22,7,13,6,7,7,9,9,13,11,8,12,23,8,10,5,7,5,,30,12,8,7,46,39,62,63,42,60,17,12,20,38,16,31,58,33,15,84,57,67,28,132,81,141,81,63,48,25,55,76,63,39,58,66,23,32,10,12,6,64,84,10,17,56,35,36,,37,36,,65,92,61,50,48,76,87,73,25,34,24,22,28,39,8,7,7,30,1,2,5,21,31,27,90,,78,88,92,105,31,32,29,44,81,104,,20,13,34,39,26,11,8,11,11,5,20,23,17,18,3,15,12,46,30,34,31,28,23,29,19,2,14,3,3,14,12,41,38,35,28,14,13,20,16,16,8,13,9,12,10,10,10,17,17,13,19,18,15,21,24,29,25,20,30,19,20,23,20,13,13,28,24,34,238,219,208,,,,164,192,,202,177,126,,119,160,166,165,156,145,143,99,114,128,,157,124,101,141,,122,20,32,46,37,46,74,62,81,95,107,102,89,123,24,34,42,98,85,98,,58,66,,35,38,33,32,35,90,68,66,73,76,24,30,30,31,32,27,20,25,19,32,23,45,56,50,44,40,8,9,8,10,,19,,29,21,13,27,21,25,28,27,9,22,14,11,18,21,33,38,22,17,17,15,8,17,11,7,10,11,12,9,10,2,9,11,14,29,28,16,12,7,12,20,14,15,8,3,13,6,17,19,81,59,59,54,43,48,66,46,44,47,38,46,46,43,37,32,47,75,76,,45,74,73,80,89,90,45,51,22,35,,38,39,,31,65,1,55,62,5,24,4,,19,8,10,11,11,13,9,30,20,11,21,,,,,9,12,10,13,13,8,18,,34,30,19,14,19,8,6,12,18,17,29,14,9,13,,13,10,10,14,31,,17,27,19,23,19,12,29,40,16,19,9,2,19,5,78,,4,,5,2,132,110,115,,9,10,14,15,84,75,93,63,,,16,28,,24,27,28,12,36,10,17,28,16,26,39,23,22,23,19,,16,6,25,,66,56,59,51,5,35,17,16,19,22,14,18,,11,13,94,123,63,69,5,48,48,20,48,64,63,80,69,,63,33,95,125,119,93,5,9,15,56,59,27,38,12,206,37,,16,16,,130,146,53,16,38,33,18,31,19,60,75,171,152,175,64,18,32,20,12,46,10,26,59,23,38,23,12,7,30,38,22,14,11,20,17,27,23,118,27,100,32,47,50,179,125,40,93,39,86,61,59,60,272,,25,191,122,10,41,62,66,17,4,11,129,13,84,,5,6,11,165,32,76,12,170,12,168,15,63,8,8,8,7,31,50,11,57,59,102,67,41,62,56,
20171215,14,PM2.5_24h,77,47,63,57,61,64,65,72,77,50,60,68,,,86,,81,85,77,,78,79,81,,79,95,,159,171,212,,165,160,114,70,86,71,75,78,79,60,66,70,,80,180,170,191,,147,154,151,175,142,152,37,,29,40,45,57,70,67,73,53,80,82,,81,102,99,106,128,151,158,178,145,176,178,303,,258,341,262,305,279,259,312,44,31,21,46,37,32,47,48,104,132,112,,123,122,110,119,107,,131,51,56,50,54,40,43,44,73,59,24,63,73,87,78,73,54,84,84,81,82,106,81,61,,80,82,104,103,108,103,122,124,15,18,14,15,17,20,15,12,14,16,25,22,32,29,38,40,31,37,23,21,24,23,22,25,26,20,,22,19,19,25,19,71,,,,136,126,,109,140,139,,37,24,32,,23,39,27,27,36,26,31,30,33,,,,32,36,,30,32,34,27,24,,28,56,40,42,39,49,33,29,,20,,94,72,93,26,34,12,32,27,30,46,35,26,39,23,43,39,44,38,,56,36,28,33,25,26,37,38,31,,,19,,27,30,,24,27,29,17,10,12,,41,57,24,22,23,27,23,32,27,31,27,26,30,33,28,30,31,34,8,,18,,16,15,10,18,,22,,14,20,35,20,14,,19,140,154,173,157,181,164,180,154,50,96,95,72,95,69,95,99,77,145,150,173,161,146,166,146,146,164,38,37,41,39,49,52,41,42,51,71,41,49,49,50,42,45,45,39,46,50,36,30,,23,32,30,19,30,22,33,24,36,37,34,27,27,46,53,21,33,29,64,50,73,57,51,26,31,31,29,34,28,26,21,56,49,43,52,42,40,47,37,44,47,41,38,59,42,39,35,43,51,47,39,,35,16,20,20,13,23,12,18,32,13,13,16,13,13,34,,53,47,51,57,37,58,53,,,52,53,47,48,49,,78,76,77,81,,,73,19,26,25,23,30,33,36,28,26,24,28,19,22,23,28,31,33,36,57,20,18,37,18,177,169,174,165,164,184,179,162,190,149,182,166,170,40,51,31,37,50,79,,83,71,66,,,,60,68,69,75,59,66,72,,24,43,49,49,48,52,29,24,23,29,30,40,19,30,47,20,20,27,22,22,32,26,33,19,31,28,88,109,72,87,40,36,37,38,97,97,67,105,81,55,72,13,15,14,13,,,,101,107,117,125,133,,139,131,,135,149,155,145,191,257,137,157,180,182,95,,112,,75,58,71,63,32,47,,121,,123,,118,91,102,113,137,134,146,77,78,75,47,44,43,151,131,,,18,19,12,31,29,30,21,22,36,23,34,72,74,79,85,65,85,57,68,65,49,26,29,32,24,19,34,19,25,15,77,78,63,21,12,,42,43,,49,58,47,59,50,44,28,12,,,147,139,153,55,,61,51,64,66,107,106,,110,116,,199,192,213,207,205,182,191,187,164,176,185,82,72,84,,151,92,167,129,144,98,78,141,101,62,93,32,134,77,125,122,84,62,97,68,85,79,68,68,85,50,91,93,76,,49,91,78,84,68,114,61,62,72,89,46,90,78,68,95,63,39,54,52,43,38,39,37,38,49,32,28,34,28,32,32,30,5,169,135,,139,136,121,136,192,194,175,,205,,105,96,97,153,151,148,163,142,133,121,134,137,145,,137,119,121,109,117,115,90,93,97,62,52,48,53,77,46,,58,,,49,70,56,58,51,13,17,16,18,15,12,8,16,14,28,25,19,26,16,13,10,86,80,95,87,46,43,46,40,51,50,57,39,45,42,50,53,46,49,90,,,94,92,67,83,96,59,66,71,63,66,66,26,16,15,,24,30,33,180,171,180,167,144,174,127,131,93,,95,100,108,133,159,154,148,171,140,136,138,159,152,162,32,19,15,24,,66,46,30,46,26,12,26,48,31,50,51,44,152,137,166,157,85,76,101,79,84,74,67,86,73,77,47,51,72,80,50,73,38,35,35,53,45,50,24,24,24,13,18,,25,24,,22,20,19,40,31,36,34,37,31,36,23,37,41,38,18,18,25,32,,15,38,33,,,70,79,16,111,87,114,110,116,156,122,147,,31,22,145,126,132,117,114,137,133,123,138,21,134,224,,188,214,135,122,,139,123,174,159,152,133,,129,18,26,18,40,30,37,41,,14,28,17,24,,,25,23,21,16,29,40,35,65,55,55,52,56,139,180,138,168,134,113,113,103,138,99,136,104,,103,65,77,70,98,112,91,79,48,50,72,31,42,62,37,44,90,135,25,55,52,96,12,81,31,54,32,35,39,23,57,62,52,45,47,79,80,24,21,25,23,58,69,48,16,57,48,44,41,39,37,,68,52,45,45,44,82,88,96,40,49,43,50,44,47,26,23,24,40,5,9,14,27,29,26,70,,68,66,69,82,28,31,22,34,99,101,,29,36,37,38,34,12,10,12,13,6,19,15,17,30,3,15,18,18,22,21,20,22,20,25,16,10,12,9,13,15,15,31,29,24,27,24,21,25,23,18,17,23,20,22,21,17,21,24,25,20,24,22,25,28,30,30,26,27,29,26,25,22,23,15,21,24,22,31,148,134,128,,132,,134,162,,176,157,106,,107,138,158,154,147,138,133,90,99,135,157,114,119,102,132,135,125,28,37,51,45,52,48,73,78,71,113,116,122,135,30,40,43,118,108,120,,50,58,,39,40,38,34,43,62,64,53,84,81,27,31,27,36,29,26,22,26,29,26,24,62,60,51,44,48,14,21,18,16,17,31,,26,35,31,25,22,23,32,33,15,19,19,20,24,24,31,38,18,15,20,22,10,4,10,10,13,11,6,9,11,4,9,13,19,15,21,20,15,9,15,14,19,20,9,7,40,59,44,64,70,57,48,48,63,64,69,66,42,50,35,49,64,66,58,66,45,59,67,,35,84,73,78,86,81,55,55,42,57,,61,79,,32,65,58,52,74,17,33,15,,21,15,18,28,34,32,12,28,36,18,21,,,,,14,19,14,16,11,10,18,,16,24,18,26,29,21,9,11,19,21,30,11,18,24,,23,19,21,17,38,,15,20,26,37,28,23,19,15,48,42,13,13,30,19,96,,8,,8,11,117,111,116,118,41,41,44,39,72,81,74,102,,,20,86,84,102,37,36,16,39,25,38,31,28,58,62,47,62,64,43,,43,55,37,,78,82,73,43,27,28,27,28,25,18,20,20,,24,29,123,159,74,66,8,48,37,24,40,69,68,67,107,,142,56,103,108,120,111,11,18,30,48,40,26,33,14,108,28,67,75,89,161,219,129,119,186,37,30,31,27,20,44,62,145,117,148,84,16,28,21,20,62,141,108,46,25,54,46,31,81,36,43,75,82,46,62,93,26,45,85,26,77,28,42,31,139,125,53,85,34,108,48,51,49,191,,83,161,131,22,40,95,77,36,18,33,145,21,148,86,15,10,79,127,75,55,62,136,21,151,25,130,30,42,31,31,47,69,47,72,49,86,81,49,67,67,205
20171215,14,PM10,,30,27,42,28,28,12,8,,39,21,26,,,25,,24,24,,,21,,18,,,,,242,293,241,,212,266,79,48,29,46,39,33,54,90,65,108,,109,289,263,303,,138,173,166,148,135,164,29,,46,46,17,24,28,22,15,30,36,44,,41,47,46,49,181,164,,220,281,277,223,108,,162,106,109,150,127,100,95,14,41,68,30,32,46,43,20,20,31,32,,22,17,49,33,36,,24,45,30,42,36,53,47,33,52,37,101,51,60,44,58,42,43,35,40,38,35,109,81,108,,70,102,100,122,131,139,,107,29,29,56,,24,,,17,22,,23,24,,20,,,34,,34,29,,22,,,47,45,,21,36,22,130,19,98,,,,201,,,151,159,189,,,27,31,,31,33,45,44,36,30,,40,49,,,,46,39,,40,44,44,39,40,,34,,65,,68,86,57,46,,64,,,,,37,51,9,49,43,43,70,52,63,61,29,86,44,13,35,,131,57,51,32,47,56,58,27,33,,,19,,23,43,,44,58,50,18,20,25,,48,31,44,17,19,,34,42,,,,,,28,,,,,12,,44,,40,42,7,11,,,,,,,,4,,,222,228,190,195,,210,216,226,146,200,228,207,230,248,228,253,207,,,,,,,225,201,231,,,54,,,,,,,,,,,,,,,,,33,82,60,,49,64,55,42,55,22,54,33,76,82,53,69,47,80,74,34,55,48,80,77,67,95,73,68,90,67,72,88,54,,37,86,89,98,122,101,91,110,107,77,84,73,72,63,,63,53,77,55,,62,,70,42,20,26,19,,,30,21,48,50,56,50,52,,,86,72,71,84,97,106,64,,,63,78,99,59,93,,78,75,81,96,,,84,48,43,74,26,71,80,78,68,62,75,,30,40,37,,,,41,71,38,34,114,55,188,168,233,171,195,168,209,193,157,119,240,158,210,69,84,64,66,68,95,,94,115,76,,,,21,49,147,65,100,123,112,,,,61,,,,45,49,69,59,44,51,50,61,46,28,42,38,75,36,22,47,40,17,17,51,21,,49,24,92,66,67,77,31,23,9,41,48,41,,25,30,36,15,,,,102,124,145,92,118,,102,254,,251,162,128,109,174,186,206,194,185,204,198,,216,,78,126,,124,85,89,,216,,234,,237,161,169,193,206,216,195,71,68,69,,89,94,176,183,,,14,,10,,18,59,28,28,52,52,58,76,73,79,,77,,65,118,84,77,39,49,59,52,59,67,31,39,29,85,74,76,14,14,,49,45,,85,77,91,83,,28,,23,,,230,229,222,20,,18,18,12,,188,176,,169,274,,334,362,364,314,354,182,,,196,147,,52,37,26,,46,23,56,22,32,37,33,24,27,32,26,31,22,29,83,51,37,28,,24,28,23,18,27,28,23,17,44,31,,55,39,,31,,46,64,60,52,108,,41,53,,,50,36,,34,,33,28,,33,55,,,,,,,,,165,165,,158,162,163,155,324,302,,,372,,167,181,208,213,231,266,233,169,153,171,143,133,127,,133,,151,,,,108,117,88,,61,60,59,,,,56,,,,79,63,58,48,12,23,,19,,16,15,23,12,16,36,19,,,32,25,111,115,123,119,39,53,56,49,34,66,64,51,49,36,70,82,,60,103,,,96,106,141,101,130,76,91,98,88,90,96,79,57,52,,56,68,74,189,179,199,191,,37,69,68,,,26,,68,60,61,70,70,68,67,57,242,235,223,155,62,67,76,34,,39,45,83,56,41,22,55,,55,98,78,103,,170,172,216,179,210,187,159,169,198,168,160,188,146,68,103,99,138,116,130,120,109,94,108,105,110,38,37,,31,39,30,30,29,,36,29,45,,44,44,42,,32,,34,75,49,52,30,28,30,42,,35,15,12,,,27,,47,171,134,166,163,133,155,145,140,,19,42,164,200,157,162,178,,80,56,111,77,61,272,,179,161,198,216,,192,199,52,34,40,,,103,39,22,34,47,35,24,,,38,35,23,25,,,15,,26,,36,22,25,28,28,10,25,16,14,21,21,19,26,32,,25,24,31,49,20,,,23,12,18,59,56,101,105,70,61,47,28,52,80,36,46,62,40,31,132,115,130,118,185,117,,86,,70,33,,,,80,,97,50,51,20,,23,76,97,27,,60,39,40,43,37,36,,,,87,,62,,,,37,,33,,43,,9,11,17,,30,10,9,,33,,,,85,,101,,54,50,36,48,116,136,,,18,,44,,16,,24,23,6,30,60,30,20,10,21,,,47,69,55,68,30,30,23,2,28,6,10,15,,45,,39,31,22,17,20,33,37,,,,,,13,,20,,21,,,19,22,31,33,30,30,,22,,,26,14,,43,40,34,302,308,296,,,,227,,,,,,,161,188,192,199,199,158,144,149,155,156,122,,,,175,,159,31,32,63,45,56,108,94,84,140,123,132,95,128,33,,68,,,,,78,68,,40,,,,,113,,67,82,88,,,42,,40,,23,31,20,34,26,85,81,60,63,54,12,,42,16,14,33,,31,24,20,37,,35,40,43,12,29,27,18,18,49,46,,35,20,28,19,12,25,,11,,,12,,16,6,24,19,28,51,44,23,14,13,40,47,24,20,,10,60,61,68,45,85,84,82,120,79,58,85,66,57,63,60,,55,61,52,53,85,91,102,,98,81,131,106,143,172,63,62,35,,,57,58,,62,94,3,100,117,6,,5,,,17,16,20,22,27,12,46,26,34,,,,,,17,55,18,21,20,15,30,,39,45,45,32,45,,13,24,23,40,53,28,19,22,,17,31,29,43,43,,24,32,34,53,44,63,151,55,44,54,20,18,23,27,147,,37,,14,9,151,152,129,144,22,38,29,31,107,109,,101,,,62,60,26,49,41,40,39,42,42,51,55,51,81,68,62,56,61,49,,26,31,55,,114,84,69,183,219,97,39,50,48,36,40,36,,53,43,146,164,63,,,57,78,35,65,159,156,92,131,,93,130,109,141,160,125,23,23,26,65,62,49,,36,234,52,,26,20,,174,208,122,33,47,41,31,60,20,,,198,257,298,85,20,33,,58,80,33,35,84,36,50,30,12,25,51,40,,18,23,35,43,44,,,45,139,48,59,,201,159,68,129,49,,93,71,83,333,,,,171,26,66,73,86,28,9,,161,26,140,,45,15,17,206,111,151,21,211,19,219,23,104,10,12,14,10,,82,33,104,94,181,90,41,,,
20171215,14,PM10_24h,82,63,82,80,75,82,48,81,100,72,82,38,,,115,,82,57,99,,80,79,97,,83,,,205,227,257,,187,199,149,108,116,112,115,124,118,92,98,109,,134,214,219,248,,181,192,192,226,207,197,71,,76,80,89,129,128,99,150,105,118,122,,110,128,134,130,166,174,176,205,203,219,201,368,,325,375,313,390,313,313,391,98,73,57,98,63,74,88,74,159,175,162,,160,192,189,171,150,,168,79,78,59,81,82,72,53,119,82,110,89,89,117,89,81,90,95,87,99,101,100,108,81,,87,110,134,146,119,108,111,131,36,30,29,24,29,30,26,23,26,30,40,36,46,36,43,46,53,39,44,36,34,32,30,34,51,49,,25,34,31,37,27,87,,,,153,141,,156,161,160,,39,46,37,,41,59,51,52,40,42,50,42,47,,,,46,46,,45,37,44,36,39,,33,57,48,49,51,59,47,40,,48,,74,87,99,37,56,14,47,39,42,67,57,63,60,32,79,64,68,65,,85,76,56,38,48,51,52,48,53,,,34,,45,47,,40,43,44,22,23,29,,49,32,34,29,31,34,28,41,27,33,26,,24,32,28,28,20,33,13,,32,,34,30,15,32,,25,,13,26,20,17,13,,24,199,216,204,188,,194,243,204,96,155,130,140,144,141,151,157,149,158,164,195,168,157,178,183,166,185,29,,47,43,,56,43,49,36,,,,,,,47,,,,35,56,46,,40,47,43,30,43,26,41,27,62,61,59,59,53,82,80,39,62,47,89,76,93,81,61,47,61,43,53,68,47,35,28,66,72,69,75,69,69,64,67,52,59,51,50,74,50,47,48,63,66,54,44,,48,23,24,30,17,30,25,20,32,32,34,38,34,37,61,,71,64,69,77,69,90,77,,,70,74,63,71,83,,101,104,107,127,,,104,47,34,45,42,38,55,54,40,40,50,67,42,32,68,58,79,76,63,103,46,41,62,71,213,193,247,221,220,218,217,226,283,174,223,219,224,110,109,93,103,104,127,,136,138,112,,,,102,121,104,90,77,82,80,,57,33,53,40,28,31,43,47,54,48,39,52,39,64,61,59,67,78,54,63,77,89,82,60,65,79,118,154,130,115,61,46,51,56,132,142,104,155,130,82,106,28,29,33,21,,,,125,126,153,125,176,,167,176,,180,207,185,163,227,239,182,195,237,234,167,,180,,101,94,80,92,46,92,,152,,169,,175,127,134,147,161,157,177,112,111,104,63,64,62,205,211,,,18,20,16,48,52,44,35,38,55,50,74,72,67,69,61,77,71,97,96,76,82,38,42,57,44,54,56,24,32,25,82,80,76,26,20,,70,69,,80,79,77,77,53,47,39,33,,,196,182,196,104,,99,79,94,102,132,133,,130,169,,251,240,259,232,243,247,166,128,227,194,174,143,132,121,,205,150,256,177,219,142,94,155,139,95,144,79,195,106,296,178,143,99,163,107,99,104,80,76,97,56,104,108,97,,64,113,92,109,105,113,94,98,98,141,65,91,100,77,108,92,40,53,49,43,44,40,46,48,58,,32,,,,35,28,8,189,165,,179,181,187,161,283,230,205,,211,,129,129,127,191,184,181,222,168,165,148,147,162,161,,154,144,143,106,,,121,124,107,66,62,57,64,81,57,,70,,,62,80,70,73,70,13,20,14,16,,18,22,17,14,29,32,26,27,20,31,29,113,105,117,122,50,50,60,42,46,68,141,75,118,92,74,73,66,62,122,,,108,122,135,118,131,77,93,111,96,89,100,38,32,29,,32,59,48,226,217,223,218,204,205,153,150,105,,127,147,176,183,196,192,200,210,209,195,260,238,239,201,67,52,73,47,,102,74,97,90,40,25,44,60,48,91,83,103,157,158,214,206,124,120,147,106,116,131,110,115,131,101,59,64,104,114,102,107,65,68,59,80,76,79,48,50,40,26,37,31,35,36,,31,29,38,42,46,53,44,50,39,36,32,54,51,53,32,33,41,55,,47,44,41,,,92,104,44,148,125,150,169,167,179,172,186,,53,62,194,152,158,130,129,132,121,206,205,69,226,280,,254,263,181,189,,183,199,220,174,204,144,,124,41,49,38,60,60,53,81,,32,55,47,45,,,38,27,47,28,52,51,48,93,86,36,84,87,214,243,192,255,161,192,171,140,148,136,209,171,,142,97,89,79,162,191,132,115,87,67,77,60,60,73,55,58,117,176,39,84,102,184,31,127,50,66,35,48,58,28,71,58,54,73,58,113,139,35,36,42,43,83,94,58,18,69,48,47,52,44,38,,85,61,58,50,56,95,90,106,48,54,54,63,59,47,32,27,16,41,36,22,23,29,42,34,,,82,85,86,84,44,41,33,40,122,125,,44,43,45,53,40,22,13,26,21,9,24,23,27,24,10,21,21,18,30,31,29,38,28,31,27,13,19,16,19,18,15,39,44,34,34,28,37,32,39,35,21,32,25,30,30,18,14,30,26,26,26,29,32,32,35,35,33,34,34,27,29,20,32,21,33,35,38,39,185,185,177,,160,,175,173,,189,173,149,,119,174,181,186,181,154,141,127,160,147,129,135,128,143,174,179,173,44,42,59,54,60,68,85,86,89,114,123,108,128,41,46,67,,,,,62,58,,45,37,45,41,45,75,60,61,104,98,17,24,26,23,29,31,27,20,34,28,25,116,103,86,68,67,21,36,45,20,26,34,,26,36,42,47,47,35,42,71,21,32,34,32,30,41,48,69,27,20,27,27,12,17,13,12,14,17,9,14,16,8,12,17,21,31,36,22,20,12,31,23,22,23,13,9,73,67,80,91,98,68,67,98,100,83,95,85,61,67,73,60,76,99,81,91,75,92,95,,79,115,112,98,116,107,71,82,63,83,,84,115,,77,108,107,115,120,30,66,39,,42,21,27,43,50,55,24,43,43,47,23,,,,,37,35,23,22,22,19,26,,21,48,42,49,52,58,29,22,31,43,42,25,36,44,,28,40,39,37,65,,42,49,56,59,60,57,118,35,100,113,25,26,72,53,211,,28,,22,31,134,128,133,127,60,67,72,67,82,100,84,125,,,66,117,151,174,74,80,52,52,69,75,60,58,92,85,81,119,144,71,,89,120,80,,125,110,121,108,114,70,57,82,62,44,50,43,,63,58,195,212,107,98,13,55,56,47,53,145,144,125,251,,199,178,145,147,160,138,24,39,40,51,47,56,86,31,146,34,87,71,92,219,274,182,171,226,45,37,58,54,31,53,75,158,188,221,109,19,76,71,70,110,215,146,74,44,66,63,45,119,56,52,86,93,92,111,136,48,,99,42,96,46,60,37,150,145,75,111,47,,72,70,78,228,,90,176,172,29,78,111,98,46,34,62,182,32,172,148,25,13,86,163,143,90,92,172,30,184,43,166,39,31,46,39,143,124,62,106,73,140,111,56,78,78,234
20171215,14,SO2,3,5,3,3,3,2,3,6,3,5,2,1,,,4,,9,6,7,,6,2,5,,,12,,15,20,23,,17,11,20,9,9,17,19,22,14,36,37,42,,52,14,28,30,,21,31,24,24,23,25,,,21,8,4,12,,14,12,11,6,5,,4,14,22,18,17,17,17,32,35,32,28,42,,34,38,29,30,24,29,42,13,15,13,5,14,14,13,10,10,16,16,,16,16,18,19,20,,14,14,14,13,13,14,15,8,19,20,22,35,67,20,47,22,22,7,35,8,5,32,,53,,46,26,81,85,30,17,24,68,7,7,7,10,9,8,8,7,7,11,10,10,7,6,4,10,8,5,16,7,6,,13,7,8,15,,12,,8,12,15,,,,,17,9,,10,20,10,,9,5,6,,13,7,4,9,7,6,6,9,6,,,,12,12,,4,2,4,5,5,,6,31,8,,12,5,10,10,,10,,9,10,12,12,10,6,8,10,9,10,7,4,13,9,11,9,13,7,,11,8,6,9,8,10,7,5,12,,,6,,4,7,,5,,7,5,7,9,,15,11,6,4,6,6,4,6,,3,4,3,7,4,7,3,1,3,5,,18,,8,8,2,4,,3,,2,,7,6,4,,7,8,13,15,16,8,14,21,18,18,6,20,20,21,14,,16,13,23,19,17,17,15,12,23,21,17,4,3,5,5,22,2,2,4,4,5,4,5,3,3,5,6,3,2,5,6,12,12,,7,5,9,8,14,13,10,12,7,4,7,7,10,9,7,4,10,13,9,10,8,17,17,13,19,12,8,12,22,,13,24,22,26,28,24,18,16,10,13,21,19,,15,,8,7,10,8,8,11,,12,11,17,17,8,12,10,9,9,3,6,4,4,7,6,,10,15,10,11,16,11,9,,,16,13,12,8,14,,10,7,3,11,,,10,9,20,28,8,26,49,40,38,18,48,13,6,8,,11,,14,7,6,6,4,10,6,24,28,28,23,28,20,23,27,17,30,27,20,30,36,21,33,38,29,,,23,23,34,,,,25,42,6,15,10,15,13,,14,7,8,12,11,1,76,,8,8,5,17,7,7,4,7,5,8,8,6,11,12,8,8,8,9,17,22,8,25,57,34,29,36,16,16,23,28,22,23,,8,8,11,3,,,,19,14,21,15,13,,19,10,,12,37,44,36,21,33,23,29,,42,63,,18,,22,18,27,21,17,33,,24,,26,,23,,18,18,26,20,30,9,7,5,15,,16,29,27,,,9,9,9,11,10,14,9,9,14,14,18,17,12,20,23,18,29,10,30,29,30,8,9,6,11,9,9,2,6,6,16,17,16,,6,,13,13,,24,23,27,22,5,5,8,9,,,9,7,7,19,,20,14,12,17,49,65,,61,65,,94,90,102,88,91,50,54,54,76,56,51,10,9,8,,15,5,11,33,57,16,22,18,16,15,13,12,10,22,18,20,34,40,24,19,19,9,16,70,2,19,9,18,15,,13,23,5,42,7,47,21,22,14,22,23,6,13,21,34,11,8,8,9,7,11,13,10,7,9,6,10,10,2,11,34,4,,39,36,,37,48,32,35,16,,14,,14,,15,11,13,13,11,8,9,24,26,23,27,27,28,,23,,10,11,10,,9,23,15,9,8,8,1,5,7,,4,,,4,8,7,6,4,5,11,14,11,8,6,7,9,5,,64,12,14,3,2,1,7,16,21,14,14,14,13,13,15,14,27,58,23,16,8,,28,14,35,,,16,7,17,7,10,2,3,11,6,8,9,34,9,13,,23,20,,22,27,28,19,15,15,25,26,14,,15,12,8,10,10,9,11,8,10,11,23,20,19,18,2,2,4,4,,42,46,57,79,5,8,11,11,6,6,12,9,35,26,9,23,13,19,18,18,19,17,20,6,14,15,20,26,11,19,11,12,10,13,12,10,18,10,12,15,14,4,3,14,11,27,,2,5,8,6,6,2,1,4,9,9,,4,5,6,8,9,8,10,,10,3,1,,,12,17,13,18,12,7,10,14,13,14,11,,12,10,32,42,25,34,29,22,25,24,25,16,26,88,,78,101,45,41,,48,37,19,14,25,20,,19,7,8,4,30,11,9,5,,11,14,7,18,,,15,6,19,16,9,9,8,12,15,8,7,8,18,19,13,16,15,17,18,12,20,14,14,11,,16,28,10,10,,22,40,28,10,7,12,16,,85,17,11,12,15,11,39,23,38,,12,28,25,29,27,23,,6,12,8,8,,14,20,5,10,6,10,24,27,27,39,3,15,42,12,14,3,,23,4,7,,12,9,10,15,8,22,4,2,8,9,14,5,21,14,3,7,4,24,1,17,5,,13,18,6,10,13,11,6,14,10,17,,26,25,17,20,14,1,4,9,5,2,10,8,13,12,2,9,,,11,10,10,11,6,9,8,5,3,5,56,4,2,22,15,17,,18,18,1,8,8,34,14,12,15,18,3,1,8,15,1,13,8,21,16,19,10,16,11,16,3,8,7,7,4,1,16,10,15,8,17,17,,6,,6,9,,15,9,17,,18,16,16,15,19,18,12,10,16,10,7,10,,4,15,16,13,10,4,6,6,12,15,31,15,37,20,18,22,11,4,6,3,17,32,17,,8,6,,4,2,,2,1,,7,6,7,6,7,17,16,9,9,7,7,,9,11,12,5,5,,9,1,7,6,7,13,5,26,,21,7,4,3,2,2,3,2,1,4,7,3,14,8,6,6,3,20,4,5,6,7,6,12,7,10,2,5,6,5,4,7,9,22,28,2,4,4,5,11,7,5,6,6,14,19,18,9,15,9,10,7,7,8,7,31,7,5,8,3,4,7,4,,14,20,16,,18,16,9,10,17,20,16,1,,1,,5,9,,7,7,,7,9,8,5,7,,20,,7,8,7,8,11,19,39,33,13,,,,,2,6,10,13,9,1,7,,82,10,11,17,45,,12,7,9,4,7,14,13,10,,,10,5,6,8,,5,8,15,17,10,10,13,8,5,6,6,6,8,6,5,,1,,5,4,24,17,15,16,12,20,16,11,12,17,17,9,,,7,12,19,10,13,12,13,15,9,8,10,7,15,14,13,8,13,4,,17,34,5,,39,16,11,30,3,,11,14,21,7,8,5,,12,8,24,15,10,8,4,26,12,11,11,,18,14,3,,56,,2,32,45,31,8,32,45,15,23,17,21,20,83,13,3,4,5,22,82,66,25,6,1,9,8,8,8,25,6,21,23,9,10,7,13,12,33,18,18,11,14,3,5,4,5,3,3,3,6,16,42,26,30,8,11,16,7,12,7,13,7,9,38,20,23,10,24,12,17,14,101,,5,8,43,6,16,14,10,9,20,6,36,6,24,11,5,3,6,11,25,21,10,12,5,17,12,12,16,51,51,16,5,22,21,37,10,20,8,2,5,5,10
20171215,14,SO2_24h,11,11,15,9,14,16,13,16,9,15,14,10,,,13,,19,17,17,,17,14,16,,12,7,,18,18,26,,23,22,25,24,27,32,34,38,26,31,48,41,,39,9,19,36,,24,35,30,29,27,26,22,,25,19,20,29,34,33,40,33,16,15,,18,29,35,34,9,15,15,24,27,20,21,118,,71,182,241,158,238,60,161,22,27,26,24,21,18,21,18,71,82,87,,71,99,84,84,88,,87,31,39,24,28,20,15,13,33,26,29,96,131,48,59,65,24,25,47,23,27,53,52,25,,131,109,98,102,98,21,52,60,9,7,8,9,9,8,8,7,7,9,13,10,7,6,4,9,8,5,13,8,6,7,13,7,6,16,,15,11,10,19,16,30,,,,16,6,,10,20,9,,6,6,7,,15,10,6,10,7,8,9,10,9,,,,14,17,,2,3,4,6,5,,6,10,6,14,10,5,8,9,,9,,3,6,7,13,11,6,8,9,9,10,8,4,13,8,15,14,13,12,,10,12,9,10,8,9,7,7,13,,,7,,10,13,,17,7,7,5,8,10,,15,14,5,5,6,5,3,5,4,3,4,4,6,3,8,3,2,1,5,,7,,8,8,2,4,,3,,2,5,8,5,4,,5,19,18,23,27,21,25,32,30,25,15,23,20,23,12,25,18,24,20,18,17,17,12,12,20,21,16,4,3,4,5,4,2,1,5,3,4,4,5,4,3,5,6,3,2,5,7,11,10,,6,5,8,5,12,12,9,10,8,5,7,7,10,9,9,5,8,9,11,13,11,19,15,9,15,8,7,11,28,19,17,17,15,17,17,21,17,13,9,9,20,20,16,15,11,10,9,10,11,9,12,,14,10,15,13,9,12,10,9,10,4,6,4,4,6,8,,15,13,15,12,15,15,12,,,16,14,14,9,17,,10,6,3,10,,,9,11,10,14,12,10,30,28,19,10,20,16,12,12,13,13,27,27,7,10,6,3,11,6,33,32,33,32,33,34,26,35,22,33,29,25,31,37,31,32,33,37,29,,30,28,28,,,,42,41,3,11,14,10,11,,12,6,8,9,9,7,13,6,8,7,3,12,7,7,5,10,12,16,11,11,15,22,23,17,18,21,44,59,22,39,37,32,24,50,87,81,45,115,81,39,87,8,8,10,3,,,,17,17,24,13,12,,13,13,,12,27,30,27,30,39,31,54,28,54,34,,13,,27,20,28,24,25,32,,17,,14,,17,24,28,25,24,17,31,12,9,6,14,11,12,22,25,,,9,8,7,11,7,9,9,8,13,11,20,14,10,14,16,14,20,13,27,37,28,7,5,8,11,8,9,2,6,5,15,16,16,6,7,,25,22,,24,24,22,24,11,8,8,9,,,10,9,10,37,,55,38,49,64,13,19,,23,30,,109,98,99,91,113,143,154,120,99,148,136,67,20,51,,90,67,100,94,104,80,39,58,42,32,36,25,77,81,89,97,104,66,43,107,64,74,131,102,33,26,52,39,27,,23,42,64,53,24,33,27,39,34,26,22,19,32,25,42,26,8,7,9,6,16,16,13,13,23,5,11,11,12,9,13,3,5,24,15,,21,18,12,13,12,17,10,,10,,16,12,15,14,9,6,11,19,19,13,16,19,20,,18,13,10,11,12,14,7,13,10,8,3,7,2,4,6,,2,,,3,7,6,6,4,4,11,13,11,6,6,11,10,3,18,53,12,22,8,2,2,5,12,15,9,16,14,13,12,16,15,67,31,31,22,11,5,16,11,27,,,18,6,10,6,6,3,9,11,7,7,9,24,7,7,,14,20,10,18,29,25,23,24,38,28,33,15,,75,58,15,15,22,18,19,33,21,23,25,25,23,15,7,5,6,11,,32,37,52,52,3,7,9,5,6,14,15,9,27,20,13,20,22,28,18,14,26,24,45,11,20,19,16,16,12,10,14,14,10,14,14,8,22,13,13,16,16,5,3,15,12,23,,3,5,8,6,6,12,4,4,11,10,16,5,7,7,9,10,9,10,,10,4,2,,,28,20,25,14,9,4,8,11,9,11,8,,13,11,37,49,26,30,27,26,100,75,100,36,91,208,,230,211,58,43,,70,54,75,62,47,54,,82,7,17,5,39,33,21,7,,8,30,14,23,,,21,9,49,36,12,11,10,61,51,52,62,50,85,100,71,91,56,47,52,49,208,74,188,190,,56,69,49,35,84,77,84,68,21,15,22,25,40,46,36,13,37,44,11,24,19,35,9,18,27,23,14,12,10,7,14,16,15,20,21,13,35,8,26,26,31,55,66,51,10,7,18,26,17,14,5,,21,6,7,24,18,8,9,18,10,20,6,17,6,7,20,6,19,7,5,7,3,23,1,12,4,,11,19,7,16,10,17,3,10,14,16,,22,17,20,25,18,1,4,7,6,2,11,9,13,20,2,11,15,10,11,10,8,7,6,9,8,4,4,5,13,5,6,23,11,15,17,26,19,5,10,11,10,26,22,22,32,4,3,10,7,2,10,7,18,13,14,10,17,13,18,5,7,7,7,4,10,17,21,13,6,8,9,,17,,8,11,,16,11,13,,15,8,10,7,11,8,7,7,8,6,10,12,13,6,9,9,8,7,4,6,8,5,10,18,20,13,14,13,12,6,4,3,4,11,19,11,,7,8,,9,2,2,4,2,4,6,2,7,4,6,15,14,8,9,7,7,13,9,12,18,4,4,2,11,1,12,8,8,16,4,6,,14,5,3,4,1,3,5,2,4,3,10,3,5,9,5,3,3,8,5,8,5,6,6,12,12,11,2,6,8,4,3,6,9,19,27,2,3,4,5,10,8,6,5,6,15,21,17,11,11,9,11,8,9,11,11,17,6,4,9,2,4,4,6,3,16,19,15,,17,18,11,12,12,19,18,3,9,12,,5,8,,6,7,8,6,8,9,17,8,,19,11,9,10,14,16,12,25,39,30,16,,,,,2,10,10,10,6,2,7,,50,12,9,21,50,,12,8,8,5,11,20,21,12,,9,9,8,6,8,,4,9,17,15,10,11,20,10,7,8,3,5,17,9,5,,8,,5,4,12,12,10,17,19,36,32,26,11,22,21,17,,,13,11,49,28,15,14,14,13,19,22,12,11,20,40,18,59,53,5,,33,30,11,,45,18,12,29,56,22,14,13,16,9,16,7,,15,11,20,26,17,12,5,14,10,9,12,16,18,4,17,,30,26,39,42,53,38,4,14,13,10,13,12,37,5,28,12,15,9,15,35,239,62,109,45,5,8,11,12,10,25,7,16,16,9,9,8,23,25,44,24,84,74,12,6,4,5,7,15,6,5,20,54,69,91,30,8,18,9,8,13,12,14,6,9,63,18,26,12,17,13,16,16,138,,14,10,22,7,28,12,13,6,29,17,24,8,16,22,3,3,19,15,32,18,43,26,5,41,13,10,19,40,35,46,10,32,24,31,11,21,7,3,3,5,6
20171215,14,NO2,9,12,12,17,15,14,8,8,5,12,8,11,,,23,,27,29,23,,26,8,17,,8,21,,75,85,64,,73,84,32,20,15,22,20,19,23,44,37,58,,53,55,46,49,,64,73,59,56,74,74,7,,12,9,6,11,14,3,8,6,15,15,,14,26,22,26,43,44,44,57,61,66,55,35,,26,43,33,19,27,20,38,7,20,22,3,22,14,8,8,4,22,16,,8,11,17,20,27,,7,14,23,17,22,17,17,12,18,24,21,29,24,38,30,30,10,7,27,11,8,32,42,48,,43,39,58,52,50,36,20,49,46,45,,51,58,42,61,32,62,54,48,37,59,52,45,46,43,52,62,53,55,63,42,65,48,64,,19,24,25,28,21,,,,,69,56,,51,63,56,,43,24,24,,52,53,48,56,57,57,49,45,47,,,,43,30,,22,28,,28,34,,34,40,41,47,45,41,25,39,,34,,40,38,42,60,74,20,64,56,60,70,59,48,66,60,66,67,91,58,,65,,60,45,46,68,51,61,52,,,41,,45,53,,43,40,40,15,11,16,,46,45,40,35,28,29,34,45,14,32,23,16,23,31,53,41,44,21,34,,45,,51,40,7,37,,24,,22,,33,38,22,,15,47,42,39,40,31,45,50,44,57,51,51,60,52,80,62,60,54,58,66,58,59,57,56,59,69,52,30,28,34,39,29,36,35,29,27,22,27,28,25,28,36,33,37,35,27,29,56,49,,,39,60,30,44,23,44,23,45,35,27,39,9,19,44,5,10,5,28,54,46,56,89,49,34,46,61,78,41,31,29,74,58,68,86,85,79,75,74,31,39,,38,39,,19,19,25,16,34,32,,33,24,30,34,27,22,,39,30,6,4,2,5,4,23,,48,41,28,52,52,48,27,,,33,50,54,27,44,,48,36,44,44,,,62,23,27,35,31,17,32,29,35,32,38,,19,7,19,19,19,,19,42,23,21,22,29,46,75,74,55,28,45,68,25,42,47,60,50,76,13,17,13,19,26,,,50,22,,,,,18,24,47,46,20,50,30,,29,34,31,28,42,33,33,37,32,,36,18,30,24,28,8,9,9,8,10,9,15,,11,9,9,17,15,19,14,32,40,34,39,12,17,8,10,8,17,11,17,25,39,10,,,,53,54,64,50,34,,41,,,39,49,56,48,41,48,59,54,53,53,41,,35,,15,49,64,62,55,54,,36,,49,,46,35,52,52,,60,60,25,24,22,31,,49,46,42,,,27,31,30,24,33,28,14,14,22,30,33,23,28,33,31,20,31,20,22,21,20,25,,24,13,22,15,,18,14,35,31,29,22,20,,17,10,,,28,28,28,25,15,,9,,,47,49,43,6,,10,7,6,10,49,70,,33,41,,65,63,59,50,55,,46,39,52,40,31,8,9,17,,10,16,1,17,17,10,18,11,14,9,21,10,10,26,19,21,30,27,22,13,7,6,9,9,9,18,11,20,12,,3,10,18,18,11,14,18,32,19,26,,6,18,24,29,16,51,,56,52,50,39,51,54,49,27,28,28,49,29,35,,11,41,48,,39,28,29,36,57,59,57,,63,,55,66,57,40,47,49,46,38,38,35,32,34,24,,26,41,49,42,27,43,36,32,,27,20,24,22,12,11,,31,,,7,29,29,16,10,16,29,14,23,,19,15,18,10,,27,18,19,12,7,7,29,43,30,23,23,34,37,32,27,25,33,38,19,16,17,,23,35,41,,,50,34,45,40,36,13,11,13,31,24,17,39,37,47,,36,24,21,65,37,61,35,10,12,28,20,13,,21,17,18,,28,29,30,23,22,25,38,39,32,,6,6,4,14,,14,17,20,22,11,11,8,,10,20,17,,43,50,35,39,57,56,72,51,46,64,35,31,26,36,21,39,47,50,48,53,42,35,42,38,26,20,48,82,46,37,48,34,34,34,,,32,36,31,49,74,33,43,55,58,31,24,25,30,20,15,46,55,,54,51,46,,,17,19,59,19,39,26,,35,39,34,35,,15,9,45,35,26,33,26,20,2,13,2,10,13,59,,50,49,29,23,,30,28,14,11,8,14,,,7,5,6,10,14,3,18,,15,11,9,7,,,8,2,10,11,10,8,5,6,10,4,5,7,12,15,12,7,3,11,13,17,10,11,9,2,,20,9,15,10,42,27,33,20,13,6,173,6,37,68,17,26,32,25,5,53,45,53,25,25,48,50,38,42,53,,10,19,11,26,11,68,19,52,9,8,,33,28,23,11,28,27,22,43,23,41,,29,28,27,,14,48,51,59,55,53,33,31,47,43,24,14,23,21,21,18,11,28,,46,31,,33,58,44,48,33,37,28,20,22,34,,15,29,57,56,26,23,7,24,17,5,33,44,39,21,3,17,16,,26,38,46,51,41,43,43,11,9,6,35,30,25,17,31,26,20,30,24,29,30,39,31,36,17,32,30,18,25,26,28,31,21,23,20,33,31,27,19,28,29,22,30,26,,29,42,31,27,11,80,66,70,,48,,,45,,49,45,43,,50,55,40,43,48,25,40,29,43,26,40,42,27,26,50,,32,20,32,46,28,,20,40,41,36,60,48,51,63,37,23,26,40,48,43,,25,23,,24,48,37,36,20,,19,23,43,29,23,28,36,29,42,29,21,29,26,31,31,19,33,17,19,21,30,23,23,23,26,31,,25,19,26,10,,13,13,10,13,17,30,22,19,5,58,20,29,20,23,32,25,21,23,11,11,18,11,15,19,14,15,,24,23,13,22,15,13,16,20,13,7,8,10,9,20,,12,21,28,30,29,24,5,30,42,20,31,19,16,26,22,34,,24,20,27,,24,32,78,62,61,71,30,27,4,25,,28,23,,21,47,20,23,25,3,3,5,,18,15,12,10,13,14,21,27,21,29,11,,,,,6,20,19,24,13,10,27,,25,11,14,14,23,4,10,18,10,6,12,10,5,6,,6,5,14,18,15,,15,12,23,25,24,12,14,12,6,13,8,14,5,7,2,,2,,4,10,29,43,40,,9,17,16,19,34,31,,21,,,7,18,13,18,11,9,3,8,14,6,11,12,8,21,11,2,16,15,,11,22,19,,28,18,9,15,3,,8,10,16,8,11,9,,12,16,51,55,11,23,3,22,11,10,16,36,28,35,2,,27,,19,34,42,27,10,5,35,22,29,19,18,38,45,41,12,23,24,69,52,25,18,17,46,30,71,56,34,20,21,46,45,45,52,27,13,10,25,15,29,11,29,38,23,20,35,17,16,56,30,7,19,14,21,19,48,46,20,57,42,48,27,43,77,27,47,41,47,52,36,49,63,,26,42,56,23,24,38,31,12,7,5,47,7,34,19,28,14,18,60,38,60,4,61,8,51,17,45,12,16,14,15,2,21,14,48,52,59,44,22,34,27,54
20171215,14,NO2_24h,55,42,51,53,62,54,61,67,61,52,58,60,,,56,,55,60,56,,57,60,51,,65,52,,70,66,66,,56,65,55,63,61,65,64,65,66,57,60,71,,68,55,52,49,,75,70,62,61,70,77,32,,38,35,39,50,59,51,58,47,60,65,,59,51,52,53,46,45,43,60,56,62,59,80,,77,79,79,77,76,75,84,26,29,30,37,33,30,25,27,60,70,73,,61,83,73,76,71,,76,57,38,44,45,30,43,20,63,48,36,57,53,54,52,56,28,35,53,40,44,56,64,33,,75,76,81,75,72,35,52,70,50,46,53,47,50,51,51,28,45,35,47,34,56,46,41,43,45,43,50,48,57,53,41,60,42,68,,35,37,40,41,42,51,,,,57,49,,48,55,60,,37,26,26,,49,59,44,50,54,53,52,38,57,,,,48,41,,23,30,35,25,29,,35,39,32,39,38,39,34,45,,40,,44,45,52,58,77,30,64,56,60,73,60,48,64,53,52,62,59,59,,61,58,54,54,45,62,45,55,47,,,49,,55,58,,35,29,35,12,8,12,,52,52,36,38,33,28,31,40,41,32,28,20,33,28,47,48,40,27,26,,38,,52,34,9,26,,33,,28,33,41,45,27,,20,62,54,61,68,58,72,68,56,58,68,66,83,68,95,86,68,61,56,60,56,53,48,56,52,61,48,27,28,33,38,29,43,34,30,29,24,29,32,33,31,40,37,40,40,32,31,54,45,,47,42,54,37,41,32,44,26,36,29,35,34,21,32,50,10,25,23,40,64,64,60,71,46,37,47,47,59,50,46,40,65,54,59,70,58,58,55,53,36,44,39,43,47,28,26,28,31,39,41,35,,38,33,37,41,26,20,39,37,42,6,5,8,8,12,30,,45,45,42,50,40,48,45,,,36,52,44,44,48,,39,41,53,39,,,49,25,20,29,31,13,30,26,29,27,29,44,38,15,40,41,45,48,35,64,41,24,36,34,72,77,75,78,40,65,72,68,62,65,65,67,67,56,53,23,67,69,45,,59,28,25,,,,45,46,53,51,36,48,37,,23,40,33,33,41,40,36,37,33,37,37,16,33,30,32,16,21,18,14,17,19,32,30,24,25,28,49,67,50,55,22,23,30,37,64,68,49,53,45,40,55,19,25,32,11,,,,56,57,59,53,47,,52,22,,48,67,74,67,69,85,58,65,70,83,48,,40,,20,45,54,57,51,52,,36,,48,,47,50,55,55,44,49,59,50,43,46,26,36,30,60,53,,,29,35,30,25,35,29,19,14,31,27,37,29,28,31,30,24,31,34,24,21,26,31,27,36,17,24,17,29,24,22,44,42,40,34,29,,35,28,,39,38,41,28,37,27,35,17,,,51,49,46,24,,28,23,31,25,28,45,,34,36,,46,62,53,37,45,75,74,61,70,67,66,38,34,67,,73,66,69,60,73,64,56,64,67,43,52,37,77,57,51,54,60,53,46,60,58,59,53,52,50,33,58,52,43,,16,44,45,46,36,36,31,48,45,47,26,32,52,49,91,61,50,46,55,44,40,33,37,38,28,32,33,26,35,28,38,30,8,51,54,,52,30,45,45,50,54,52,,58,,49,55,51,45,48,55,44,49,47,43,43,44,47,,45,34,48,43,38,40,43,42,37,28,22,23,25,16,14,,35,,,20,32,29,17,11,20,37,22,33,20,22,17,22,10,32,24,23,28,16,10,11,27,40,37,30,40,41,43,39,48,32,69,47,71,41,34,39,31,44,37,,,54,30,39,43,38,22,23,29,35,38,31,35,27,31,,28,31,19,71,66,69,63,36,48,50,40,36,,56,55,62,53,57,62,58,50,56,57,68,60,63,78,10,12,7,25,,32,30,24,28,27,20,6,39,19,34,40,33,42,54,54,56,61,58,76,52,56,73,47,38,40,47,20,44,40,41,43,50,27,25,37,44,35,31,46,84,47,40,35,41,35,38,,,31,31,23,37,71,37,42,39,43,44,41,48,113,23,16,54,59,,48,49,45,,,48,37,47,33,43,33,47,44,47,44,46,,34,35,53,53,36,56,39,27,47,56,42,15,59,79,,71,73,56,44,,48,48,62,59,56,37,,41,14,15,10,24,32,17,29,,16,21,19,20,,,18,10,25,18,13,12,8,38,42,35,38,39,78,96,70,67,44,61,61,71,46,53,57,54,,70,51,60,51,61,56,59,56,29,19,38,29,35,56,32,33,57,46,10,33,40,58,14,33,25,35,14,38,29,5,29,41,31,50,22,67,49,42,16,17,29,61,67,49,8,25,27,34,48,20,38,,36,26,30,37,19,48,42,54,58,52,49,47,53,52,37,26,39,36,25,19,16,30,29,35,31,,30,49,41,52,33,30,22,19,36,42,,31,45,64,55,34,23,8,31,20,8,21,22,25,21,3,19,21,22,23,24,28,36,37,39,36,6,8,6,23,23,34,19,33,27,20,34,30,31,32,36,32,38,15,35,35,26,35,36,37,45,28,33,29,39,35,31,26,34,34,16,25,23,24,21,36,25,26,26,68,48,54,,45,,50,54,,57,54,45,,52,51,42,40,47,28,49,41,50,38,54,53,39,40,57,51,42,26,36,46,36,32,23,47,47,50,42,47,60,49,34,21,15,48,53,51,,30,31,,18,43,42,39,25,25,27,28,38,31,28,30,36,29,43,32,23,28,29,28,32,29,43,31,25,28,36,29,29,29,28,38,,25,21,25,12,14,16,15,15,15,18,31,27,21,5,21,23,27,18,25,32,24,20,27,14,16,24,12,18,21,17,13,21,24,25,19,27,19,12,20,19,13,16,10,11,24,36,39,38,31,29,32,29,23,14,25,34,28,40,36,29,35,45,54,40,20,28,30,,30,46,66,50,54,55,30,13,18,28,,32,36,,21,55,22,33,23,16,18,22,,22,16,31,28,44,37,28,32,28,39,17,,,,,6,21,30,26,16,14,29,,19,15,14,24,31,4,27,21,20,20,17,15,24,16,,8,8,16,17,26,,16,17,33,29,23,31,9,16,29,16,11,22,44,24,15,,8,,8,12,26,41,43,33,27,40,32,33,23,32,33,38,,,11,37,56,61,23,16,15,12,35,31,24,29,25,32,20,38,53,31,,38,42,28,,38,23,28,21,20,24,12,23,25,13,22,13,,22,32,70,73,30,57,4,31,20,10,27,51,50,30,35,,57,40,51,49,51,48,8,4,36,29,35,28,56,32,31,43,64,60,56,64,79,45,44,72,41,31,71,56,40,15,25,49,44,55,44,33,31,29,28,40,65,70,28,48,16,33,54,59,39,48,54,29,42,37,38,15,52,51,22,55,50,56,32,34,67,44,53,49,59,55,45,50,53,,57,49,60,33,38,34,38,19,17,21,53,9,48,47,35,16,67,58,45,46,24,63,15,54,23,55,24,28,26,30,22,44,24,68,46,66,32,33,38,33,49
20171215,14,O3,62,65,40,55,58,61,73,76,68,57,61,61,,,60,,60,62,67,,51,77,69,,70,52,,23,13,17,,12,11,46,70,73,70,72,67,70,48,46,36,,32,16,28,21,,50,29,38,41,40,31,70,,70,71,83,64,60,71,69,67,66,66,,60,53,62,62,30,35,33,27,17,22,21,46,,50,41,51,50,49,52,38,70,71,72,76,68,76,72,63,59,46,61,,62,63,47,33,41,,63,72,64,68,66,60,74,66,66,63,74,50,51,17,40,41,66,70,57,66,70,92,66,67,,61,67,35,43,51,103,86,70,47,46,37,46,40,41,39,56,32,28,13,27,17,18,22,18,32,15,20,26,23,9,15,16,15,32,,60,59,55,53,62,2,,,,4,5,,11,4,11,,26,36,48,,17,25,19,21,10,19,25,22,25,,,,21,45,,46,49,39,43,49,,44,38,23,18,27,20,49,40,,39,,17,26,23,7,11,34,5,3,3,5,5,6,7,7,3,6,36,21,,5,4,4,23,13,6,13,21,13,,,36,,37,30,,21,15,20,73,75,56,,11,15,16,20,25,6,6,12,18,16,25,36,28,19,38,16,11,31,38,,28,,37,25,49,58,,12,,18,5,8,10,18,,15,10,13,2,7,14,13,10,9,22,3,9,4,15,14,23,7,7,20,,20,16,18,22,27,16,21,16,11,9,10,12,13,8,9,18,22,11,19,11,22,14,15,15,23,15,16,,19,,14,27,24,19,16,27,16,26,81,75,85,56,120,119,63,90,114,68,107,74,68,86,73,14,15,11,19,22,10,16,14,31,43,42,24,42,40,37,44,68,65,54,84,90,85,80,78,69,106,12,14,,18,17,19,16,16,24,21,9,21,77,110,64,72,76,43,,17,29,34,18,5,8,25,,,31,16,13,30,14,,48,63,59,43,,,44,68,17,13,25,13,10,4,10,7,7,94,71,89,89,92,83,79,79,74,78,73,76,70,60,44,37,52,38,60,47,74,68,55,53,43,32,77,73,75,80,81,86,,55,87,54,,,,77,52,11,20,39,14,20,,18,18,12,19,13,18,9,10,10,8,9,,10,19,21,70,77,69,77,66,61,77,71,71,85,76,87,83,79,71,44,37,39,45,65,69,64,75,76,64,75,64,56,44,72,,,,15,11,14,14,36,,35,12,,12,37,37,35,11,21,2,10,9,18,16,,10,,31,18,10,9,14,11,,18,,14,,18,,34,42,14,3,5,42,57,68,26,20,15,32,39,,,12,12,10,12,8,80,97,80,70,77,83,45,39,41,45,38,41,95,64,66,42,26,28,18,93,96,90,25,41,43,66,73,73,21,22,,88,103,,110,113,118,117,16,22,21,69,,,21,21,20,78,,52,66,73,56,81,86,,92,78,,32,38,,35,42,45,43,54,46,40,63,50,52,63,,77,67,73,76,91,68,62,60,68,69,52,68,55,49,52,51,44,42,46,67,75,78,68,65,72,59,67,71,76,,78,60,48,62,53,56,54,42,63,55,63,61,47,47,50,45,10,16,9,10,9,18,12,7,22,9,21,11,17,12,8,10,29,47,76,,54,47,57,56,10,10,16,,,,13,,13,15,14,16,15,46,54,49,58,65,57,,72,12,11,11,30,17,21,29,32,15,13,21,24,33,19,,29,,,38,29,41,70,39,21,18,13,20,12,24,25,20,24,15,36,18,16,20,68,77,65,36,60,63,46,44,27,39,56,42,55,75,92,85,24,,26,16,59,,,70,59,49,58,61,85,81,100,84,88,78,31,8,6,,6,12,7,43,65,43,64,93,86,87,74,82,,76,85,75,91,73,82,81,72,83,87,56,55,59,56,72,68,74,66,,68,64,62,58,52,40,20,27,46,51,67,61,32,22,11,13,3,3,15,15,9,7,,18,35,24,30,33,11,,30,19,19,34,21,20,20,21,29,30,41,29,25,,35,45,,,49,44,29,14,33,27,52,22,14,49,35,28,18,56,62,32,30,,49,2,8,,,58,190,10,48,40,44,40,46,49,45,51,,60,75,63,70,73,73,73,74,77,84,71,76,82,32,,29,30,66,61,,70,,67,77,59,68,,67,71,73,74,48,44,63,30,,71,48,79,85,,,52,43,62,64,83,82,81,69,58,63,66,66,66,61,61,65,45,54,50,42,69,70,65,76,,57,57,61,71,40,57,48,53,51,54,45,64,67,19,65,50,41,44,66,35,34,26,59,,32,26,44,31,24,51,66,57,65,42,70,38,64,45,55,54,55,91,101,48,47,21,58,16,28,29,,,23,13,14,,14,13,13,15,26,9,13,13,22,12,52,41,29,53,21,37,28,53,42,39,17,,19,15,26,17,21,18,18,11,45,46,,37,52,48,38,94,58,65,54,73,70,14,14,14,28,66,31,28,24,30,23,20,14,6,4,4,15,9,16,9,13,13,3,4,4,16,17,18,10,9,6,12,12,10,11,14,34,28,21,23,21,46,25,22,18,11,10,9,10,9,14,15,16,14,15,11,7,7,11,12,15,12,,,,10,10,,13,9,27,,29,32,39,23,29,43,49,53,46,52,70,66,70,66,48,52,46,5,4,5,7,7,86,54,50,58,23,22,32,23,7,10,13,35,32,35,,36,38,,13,7,7,6,7,52,48,46,15,22,16,8,5,6,8,15,29,21,33,18,27,29,23,195,34,29,26,12,6,10,4,21,,15,14,10,40,36,34,32,36,32,24,26,24,27,33,18,,15,18,13,6,22,24,24,29,34,18,22,16,14,19,22,20,14,27,23,15,10,35,32,27,28,27,38,33,90,73,74,82,61,46,50,61,38,51,35,45,46,48,55,43,76,58,57,41,45,51,42,,43,48,40,22,36,73,48,64,23,79,,57,62,,57,67,60,55,64,63,68,71,,38,60,68,61,66,64,46,25,51,73,56,,,,,49,,51,43,16,33,24,,24,92,92,40,40,92,93,89,80,,79,75,78,73,,,68,62,54,83,,77,94,67,68,35,68,49,105,61,76,76,75,71,84,56,,65,,68,66,50,49,41,,88,80,83,83,25,27,26,83,,,77,88,83,86,86,80,80,70,99,88,73,72,84,81,55,82,48,88,,75,63,65,,95,74,82,120,73,70,58,51,55,81,81,80,,95,64,30,26,57,63,88,48,45,45,48,55,34,52,70,,70,,67,23,12,23,54,48,114,41,38,43,80,56,70,24,66,50,52,12,38,66,56,69,33,48,25,27,31,20,40,18,22,16,43,28,78,72,57,79,64,57,45,38,63,63,24,63,69,5,53,62,59,69,67,8,7,30,44,6,33,32,40,6,15,34,10,34,35,15,24,9,43,,55,7,58,18,127,33,38,66,81,52,32,66,63,84,16,36,62,9,52,2,53,,44,3,101,50,47,46,46,46,62,84,67,38,19,33,26,28,22,23,18
20171215,14,O3_24h,62,65,40,56,58,61,73,77,68,57,61,61,,,60,,63,66,67,,55,77,69,,70,52,,23,19,17,,14,11,46,70,73,70,72,67,71,62,50,40,,42,35,33,47,,50,29,38,41,40,31,70,,70,71,83,65,60,71,69,67,66,66,,60,53,62,62,30,42,41,27,20,23,21,46,,50,41,51,50,49,52,38,70,71,72,76,70,76,72,63,59,46,61,,66,67,49,34,48,,66,72,64,68,66,64,74,66,66,63,75,50,53,21,40,41,84,73,57,66,70,92,78,105,,61,67,35,43,52,103,86,72,61,59,58,62,63,49,66,74,67,72,25,40,30,31,34,27,41,38,39,45,35,26,28,41,27,43,,64,59,55,55,62,37,,,,20,29,,34,27,32,,36,40,50,,29,33,31,40,32,39,34,52,30,,,,29,45,,46,49,41,51,54,,50,38,35,34,34,35,49,50,,123,,17,26,23,22,11,53,9,10,5,5,9,11,38,38,51,32,52,37,,12,40,20,32,36,12,38,39,34,,,36,,37,34,,39,54,41,81,84,71,,35,40,31,44,47,24,31,43,20,21,29,45,28,31,50,18,25,32,85,,62,,55,45,52,79,,24,,33,38,23,29,40,,37,21,13,2,7,14,13,10,9,54,25,18,8,32,26,40,35,57,20,24,20,19,18,23,36,16,21,25,20,18,19,18,36,11,18,23,36,11,19,11,22,14,15,15,23,15,16,14,28,,26,38,32,29,25,32,35,29,97,92,91,71,120,119,111,90,114,68,107,147,112,146,92,27,31,20,38,37,22,26,26,47,62,67,63,42,42,38,44,77,72,54,84,90,85,80,78,69,106,22,33,,35,19,20,16,32,38,31,20,21,77,110,65,74,76,47,,39,45,34,34,50,25,25,,,51,29,47,30,26,,48,63,59,43,,,44,68,33,30,25,34,28,16,27,31,25,94,97,97,89,92,85,79,112,109,114,100,108,116,60,44,37,52,38,60,47,74,68,55,53,43,32,77,73,80,80,81,94,,58,104,70,,,,77,52,23,31,53,39,42,,56,18,12,19,13,18,9,11,10,8,9,46,10,19,21,70,77,69,77,66,61,77,71,71,85,76,89,84,79,72,56,54,47,47,65,69,64,75,76,64,75,77,72,64,80,,,,21,29,29,19,36,,35,31,,12,37,38,36,11,21,26,31,9,18,52,,45,,60,58,54,30,53,47,,53,,43,,37,44,39,131,33,34,28,44,60,68,51,68,57,32,39,,,31,28,30,40,21,91,113,110,87,97,90,97,97,93,101,99,92,95,73,81,74,65,57,48,93,96,90,40,44,43,66,73,73,30,38,,88,103,,110,115,118,117,27,31,28,69,,,33,31,34,85,,52,66,73,59,81,86,,92,78,,32,38,27,35,42,45,43,54,47,40,63,50,52,63,,77,67,73,76,91,68,64,62,68,69,54,68,58,54,54,51,47,45,51,67,75,78,69,65,72,59,67,71,76,,88,60,48,62,53,59,54,43,63,55,68,61,47,47,50,45,16,23,16,23,29,28,32,29,118,26,35,34,43,70,43,34,95,47,76,,54,47,57,56,37,32,40,,16,,18,10,18,15,14,16,16,46,54,49,58,65,57,,72,46,18,16,31,20,21,29,32,17,14,25,58,33,19,,29,,,38,33,48,70,39,38,28,28,28,22,34,32,29,29,15,41,18,16,20,70,77,65,36,60,63,46,44,27,39,56,107,86,89,94,91,24,13,26,16,62,,,70,59,49,58,61,85,81,100,84,88,78,60,36,41,,31,79,93,47,65,43,64,93,86,87,74,84,,76,85,75,91,73,82,81,72,83,87,56,55,59,56,93,93,97,77,,70,85,89,75,57,45,37,60,59,72,84,235,83,27,20,27,50,44,31,38,44,60,59,47,55,43,57,52,41,1,51,34,57,73,53,60,55,58,34,44,51,38,54,,47,59,,,66,66,48,38,39,34,94,41,45,71,35,37,25,61,70,36,36,,72,6,10,,,58,197,10,48,41,44,40,46,49,45,51,,82,93,63,70,73,73,73,74,77,84,71,76,82,32,,29,30,66,61,,70,52,67,77,59,68,,67,90,89,93,49,46,65,36,,81,53,80,85,,,55,65,65,65,105,100,95,69,58,63,66,67,66,61,61,65,45,57,54,42,69,70,65,76,,58,57,62,72,41,57,48,53,59,60,45,64,97,80,73,60,53,57,73,84,63,57,76,46,60,58,152,53,62,65,70,58,65,44,70,50,64,53,60,58,57,91,101,48,52,51,77,90,36,44,48,,37,25,26,31,30,29,40,36,39,27,53,28,43,33,68,59,31,68,27,49,41,57,42,99,51,,48,34,40,37,38,37,43,47,51,46,,47,62,68,52,94,68,73,84,79,75,46,49,50,53,88,50,53,48,44,50,43,37,22,14,26,33,26,33,35,33,15,3,5,4,19,24,22,23,13,16,29,35,33,29,24,34,34,25,30,21,46,25,22,18,32,32,29,25,26,24,21,21,21,25,34,25,23,26,32,38,40,,13,,10,15,,20,16,27,,29,32,39,23,29,43,49,53,46,52,70,66,70,66,48,52,46,11,8,11,8,10,86,54,50,58,28,22,32,23,19,24,28,35,32,35,,36,38,,26,13,13,9,17,52,48,46,33,37,16,9,6,8,8,15,29,21,33,23,27,29,23,195,52,29,27,13,6,11,6,21,,15,19,15,43,38,34,32,41,34,25,26,24,29,33,30,33,29,35,19,20,41,44,49,38,41,29,44,31,30,29,32,26,24,27,23,21,22,35,32,34,28,27,51,46,90,73,74,82,61,46,51,63,38,51,35,45,46,48,55,43,76,58,57,41,55,51,42,,43,48,65,27,62,81,114,97,94,130,,57,62,,57,67,60,55,64,74,90,73,,51,81,132,74,82,82,53,43,51,73,56,,,,,49,43,51,43,16,33,31,,38,92,92,42,49,108,103,96,80,91,93,75,78,73,,71,68,62,54,89,,84,106,73,78,49,76,120,119,70,88,121,116,95,111,75,,80,,73,72,51,52,43,46,88,80,83,83,39,35,44,83,,,80,88,83,86,98,98,82,77,99,88,86,79,87,81,60,82,48,88,,75,63,82,,102,76,94,132,95,86,81,66,74,98,96,93,,95,65,41,58,69,73,88,51,45,58,48,83,58,72,103,,73,99,82,24,20,88,61,66,118,50,47,57,80,68,70,28,66,50,52,12,38,66,56,69,42,53,56,34,31,51,60,39,51,16,43,39,78,72,77,79,66,61,45,38,63,63,56,63,83,28,57,62,59,69,67,21,21,30,47,28,36,37,49,26,35,48,18,39,35,31,37,31,43,,55,17,58,22,127,47,38,66,82,55,36,69,63,84,38,47,62,10,52,43,53,20,45,17,101,50,47,46,46,46,79,90,70,40,38,33,26,28,22,23,42
20171215,14,O3_8h,44,57,26,39,42,43,55,42,33,45,46,46,,,30,,33,36,34,,29,26,31,,23,26,,10,6,9,,4,4,32,37,36,40,41,34,42,29,27,25,,18,4,10,7,,25,11,19,22,22,13,62,,54,60,74,44,32,54,42,51,31,35,,30,25,27,30,12,16,15,14,10,14,10,20,,19,15,25,18,20,20,12,64,57,58,57,59,59,54,42,33,28,38,,41,40,28,22,28,,41,38,35,37,30,28,40,30,34,29,42,36,37,11,28,28,42,45,37,50,53,60,46,57,,32,34,20,21,26,74,46,54,43,43,38,47,42,34,40,60,42,44,7,23,10,10,15,14,24,12,19,29,22,17,17,21,19,32,,47,45,40,44,42,2,,,,3,5,,7,4,10,,22,28,41,,16,25,19,25,21,26,22,31,19,,,,20,33,,37,38,29,34,34,,34,8,14,7,16,8,34,28,,22,,6,9,7,5,10,26,4,2,3,3,4,3,5,4,3,5,8,6,,4,2,3,16,8,6,11,5,3,,,23,,16,14,,24,11,13,68,74,48,,8,8,10,16,16,5,5,20,12,10,17,30,16,17,38,11,10,28,39,,29,,25,21,45,58,,13,,16,13,7,11,13,,16,4,6,,5,7,8,6,5,33,3,7,4,14,12,20,17,7,9,14,10,12,10,11,19,8,13,13,8,7,8,7,17,6,9,12,16,6,13,6,15,8,9,10,15,8,9,6,10,,6,15,11,14,10,14,10,19,60,37,54,36,61,56,36,78,79,52,54,49,45,50,37,7,8,4,6,7,6,12,10,7,13,14,7,14,14,14,14,30,29,24,32,26,28,28,27,26,64,8,11,,11,13,14,9,16,22,16,9,14,71,91,59,64,62,30,,8,14,16,12,5,7,11,,,14,10,11,14,8,,18,25,19,14,,,18,57,14,12,15,14,11,5,8,6,7,42,29,63,36,38,38,36,53,36,43,49,47,27,20,16,13,17,10,20,16,25,25,24,19,13,11,34,36,59,35,32,49,,26,56,52,,,,64,36,6,11,14,10,18,,9,12,8,12,9,10,6,7,6,4,6,35,7,13,15,55,58,59,61,53,51,58,45,52,61,51,68,64,57,56,31,27,28,29,51,54,44,52,56,49,57,50,42,37,68,,,,11,8,12,8,16,,14,12,,5,18,17,16,2,6,5,9,2,9,8,,9,,16,18,13,10,13,11,,12,,8,,9,10,13,24,6,2,2,22,26,26,24,35,21,15,22,,,10,10,8,15,8,57,72,69,36,67,52,29,28,30,32,22,26,53,25,28,19,11,13,9,62,58,53,11,16,16,30,34,33,14,13,,42,42,,50,50,53,97,11,10,11,33,,,16,16,17,82,,44,59,67,51,34,45,,44,34,,14,20,10,12,19,23,19,26,37,21,45,27,31,41,,46,44,45,39,52,42,35,38,48,46,38,47,38,27,36,35,30,23,26,41,41,46,42,44,46,36,40,43,55,,54,40,36,42,39,36,27,23,29,26,31,48,24,30,30,24,7,11,7,8,10,16,18,11,67,6,11,8,13,11,4,10,33,16,32,,22,18,20,18,5,7,11,,,,6,2,7,7,8,9,13,16,20,19,21,18,18,,23,27,8,8,15,12,11,15,22,12,11,21,20,24,13,,16,,,27,17,30,33,31,16,12,8,14,8,20,19,16,21,9,34,10,8,15,59,62,26,16,23,24,25,21,18,22,25,25,20,30,27,29,16,10,16,10,38,,,42,25,17,20,21,53,31,46,50,54,37,32,9,6,,7,11,6,22,22,18,19,46,31,52,40,44,,33,39,56,41,25,29,32,26,30,30,14,13,16,15,64,63,66,56,,62,46,40,44,35,26,18,38,22,44,51,171,15,7,6,5,3,4,15,20,8,6,8,8,13,8,28,30,10,1,23,13,22,36,27,20,17,19,26,24,40,26,31,,30,38,,,48,46,40,24,29,25,70,22,16,40,19,27,14,46,50,30,24,,49,2,4,,,29,61,6,22,22,24,20,20,23,20,22,,26,47,29,31,32,32,33,35,49,52,41,59,54,12,,12,13,27,21,,29,19,27,34,28,34,,38,48,44,60,44,38,61,17,,54,30,58,78,,,46,43,59,58,74,76,78,52,47,55,53,54,39,36,33,38,31,40,35,26,27,36,25,32,,45,46,40,54,22,26,24,22,30,35,35,48,46,16,29,42,27,33,55,32,25,15,56,16,45,27,60,21,29,40,42,37,35,22,51,18,24,34,48,48,53,50,58,36,46,25,57,33,18,24,18,,13,10,10,8,9,7,5,7,27,5,17,21,20,9,48,35,22,48,21,31,24,41,33,38,8,,11,10,16,16,24,20,23,14,29,20,,35,40,48,38,54,51,64,35,63,66,19,24,21,24,80,22,20,22,24,22,16,10,12,8,8,19,10,14,9,16,8,2,4,3,15,19,14,9,8,5,7,9,8,9,11,24,21,12,14,12,34,15,11,14,11,12,12,11,10,12,11,11,11,11,9,8,6,10,8,12,7,,9,,6,8,,12,6,10,,9,12,19,7,10,16,24,23,18,27,24,25,27,31,21,21,18,9,6,6,7,8,62,21,19,14,18,12,14,15,10,13,16,19,18,19,,16,22,,16,6,6,7,6,23,24,23,13,13,8,5,4,4,5,9,21,17,21,17,18,14,9,32,30,20,22,10,4,8,3,14,,11,14,8,39,34,30,28,31,30,20,15,20,21,25,23,20,13,19,10,2,22,22,23,24,24,7,21,15,12,17,18,18,13,15,10,12,8,30,23,26,21,21,26,24,68,45,50,47,25,21,25,28,20,26,20,28,18,19,22,17,31,21,24,22,26,22,18,,17,42,33,19,44,67,52,50,40,98,,20,19,,25,30,31,19,26,33,28,34,,34,46,49,45,37,35,43,27,40,56,46,,,,,43,35,25,26,5,14,18,,28,43,48,28,30,83,82,80,42,71,54,41,38,33,,53,58,27,26,30,,63,53,19,19,14,23,67,79,33,47,44,47,30,44,28,,61,,42,43,22,24,16,12,58,50,53,54,18,11,10,43,,,62,58,30,32,68,70,49,48,66,53,55,59,74,61,44,30,21,53,,35,22,42,,70,50,49,69,34,56,38,34,35,77,69,72,,76,44,13,11,27,23,83,38,31,50,30,32,25,54,66,,60,51,59,11,6,12,49,58,106,39,35,18,29,46,33,11,24,26,27,6,20,24,30,41,30,36,10,10,22,20,27,10,15,8,13,19,30,25,50,32,39,35,19,21,40,19,23,32,39,2,32,54,46,58,50,12,4,18,37,5,24,30,24,6,14,18,9,26,19,10,12,12,20,,27,5,27,12,60,30,16,58,76,42,17,55,19,38,16,32,30,6,34,6,34,3,38,4,74,22,24,22,24,20,29,30,59,22,11,12,7,14,11,14,11
20171215,14,O3_8h_24h,44,57,26,39,42,43,55,42,33,45,46,46,,,30,,33,36,34,,29,26,31,,23,26,,10,6,9,,4,4,32,37,36,40,41,34,42,29,27,25,,18,4,10,7,,25,11,19,22,22,13,62,,54,60,74,44,32,54,42,51,31,35,,30,25,27,30,12,16,15,14,10,14,10,20,,19,15,25,18,20,20,12,65,57,58,57,59,59,58,45,33,28,38,,41,40,28,22,28,,41,43,45,56,52,61,59,60,34,29,59,36,37,11,28,28,42,45,37,50,53,60,46,81,,32,34,20,21,26,90,46,54,47,50,45,55,49,34,54,66,56,64,25,31,25,30,34,24,25,38,23,30,23,19,21,25,20,34,,47,45,40,44,42,2,,,,4,6,,10,6,14,,24,28,41,,27,25,23,36,24,28,27,32,19,,,,20,33,,41,38,29,44,44,,43,12,30,13,23,8,34,28,,22,,6,9,7,5,10,26,4,2,3,3,4,4,5,5,3,5,8,6,,9,2,3,16,22,7,20,5,3,,,23,,16,14,,34,30,24,80,82,63,,8,8,20,25,16,8,6,21,15,19,26,35,25,27,48,17,21,30,52,,53,,39,32,47,66,,14,,29,19,20,13,32,,21,13,6,1,5,7,8,6,5,33,3,7,5,14,12,20,19,7,9,14,10,12,10,11,19,8,13,22,16,11,16,14,24,9,13,12,16,6,13,6,15,8,9,10,15,8,9,6,10,,6,15,11,16,10,14,10,19,87,80,75,62,61,56,50,78,79,61,54,49,45,50,37,7,8,4,6,7,6,12,10,7,13,14,7,14,14,14,14,30,29,24,32,26,28,28,27,26,64,9,11,,15,13,14,9,20,30,17,10,14,71,91,59,64,62,45,,39,34,30,22,30,21,11,,,39,24,42,28,26,,32,25,19,14,,,19,57,24,26,20,28,22,14,23,10,22,42,35,63,36,38,38,36,53,36,43,49,47,62,20,16,13,17,10,20,16,25,25,24,19,13,11,41,38,76,35,38,78,,43,81,68,,,,64,36,6,11,14,11,18,,48,12,8,12,9,10,6,7,6,4,6,46,7,13,15,55,58,59,61,53,51,58,45,52,61,51,68,64,57,56,40,34,28,29,51,54,44,52,56,49,57,61,61,59,69,,,,11,8,12,8,16,,14,15,,5,18,17,16,2,6,16,28,2,11,11,,9,,33,23,38,21,27,11,,17,,14,,10,22,18,31,23,26,2,22,28,26,46,43,42,15,22,,,31,27,29,25,19,57,72,69,43,67,52,47,42,42,44,42,38,53,33,41,35,11,13,9,71,78,71,14,16,16,30,34,33,14,13,,42,42,,50,50,53,97,11,10,11,33,,,16,16,17,82,,44,59,67,51,34,45,,44,34,,14,20,10,12,19,23,19,26,37,21,45,27,31,41,,46,44,45,39,63,42,35,38,48,46,38,47,38,27,36,35,30,23,26,41,41,46,42,44,46,52,40,43,55,,75,40,36,42,39,36,27,23,29,26,36,48,24,30,30,24,12,15,13,18,26,26,30,26,71,13,16,18,20,18,6,16,88,16,32,,22,18,20,18,5,7,11,,,,6,2,7,7,8,9,13,16,20,19,21,18,18,,23,34,8,8,15,12,11,15,22,12,11,22,20,24,13,,16,,,27,32,48,34,34,26,17,9,18,9,25,22,17,21,12,38,12,10,15,59,62,26,18,23,24,25,23,18,22,25,25,20,30,27,29,16,11,16,10,38,,,48,25,17,22,24,53,31,46,51,60,48,47,25,20,,24,38,40,22,22,18,19,46,31,52,40,44,,33,39,56,41,25,29,32,26,30,30,14,13,16,15,72,67,74,56,,62,80,70,70,35,27,28,53,22,53,54,215,15,7,18,27,6,4,15,27,8,6,10,8,17,10,28,30,10,1,37,26,44,53,36,20,25,20,26,24,40,32,43,,33,40,,,60,52,40,24,29,25,81,25,28,40,19,27,14,51,56,31,29,,54,3,8,,,29,61,6,22,22,24,20,20,23,20,22,,26,47,29,31,32,32,33,35,49,52,41,59,54,12,,12,13,27,21,,29,19,27,34,28,34,,38,61,60,68,44,38,61,35,,61,38,71,78,,,54,63,59,58,89,92,92,52,47,55,53,54,39,36,33,38,31,40,35,26,27,36,25,32,,45,46,40,54,22,26,24,22,30,35,35,48,46,18,29,46,27,33,55,58,54,15,56,39,58,54,63,31,36,40,44,37,35,22,65,18,24,34,60,57,56,50,58,36,46,31,60,50,18,32,42,,18,23,22,25,18,7,15,10,32,7,53,26,20,9,48,35,22,48,24,31,33,42,34,70,13,,11,18,22,24,35,25,32,31,29,20,,35,40,58,38,54,66,65,36,63,66,32,35,34,27,82,36,37,22,25,27,27,17,12,11,26,24,24,31,33,30,8,2,4,3,15,19,14,9,8,6,7,13,13,13,13,24,21,12,14,12,34,15,11,14,20,22,20,18,19,16,15,15,14,18,13,12,10,14,8,12,7,,9,,6,8,,12,6,10,,9,12,19,7,10,16,24,23,18,27,24,25,27,31,21,21,18,9,7,6,7,8,62,21,19,14,18,12,14,15,18,23,27,19,18,19,,16,22,,24,6,6,7,6,23,24,23,13,13,8,5,4,4,5,9,21,17,21,17,18,14,9,32,30,20,22,10,4,8,3,14,,11,14,8,39,34,30,28,31,30,20,15,20,21,25,24,20,19,22,10,4,36,34,39,28,26,10,23,17,13,19,18,22,14,22,14,12,8,30,29,26,21,21,26,24,68,45,50,47,39,34,43,40,23,28,28,28,26,23,24,19,34,21,32,22,44,36,32,,30,42,37,19,54,68,84,74,50,108,,20,19,,31,39,36,28,35,33,28,34,,35,49,53,45,37,35,43,27,40,56,46,,,,,43,35,25,28,5,16,23,,36,43,48,35,44,92,100,95,42,71,54,41,38,33,,53,58,40,38,30,,65,68,19,19,14,23,70,79,33,47,52,69,30,44,28,,69,,69,63,22,24,16,12,58,50,53,54,28,19,20,43,,,71,58,30,32,76,70,69,72,83,73,55,59,74,75,52,34,21,53,,35,22,52,,92,50,77,96,65,82,58,46,48,78,77,80,,78,50,13,11,27,23,83,38,40,55,30,32,25,58,75,,60,51,59,11,9,12,49,65,110,39,35,29,29,58,33,11,24,26,27,6,20,24,30,41,30,36,10,10,22,37,27,11,20,8,18,24,30,25,52,39,39,35,33,21,40,19,23,32,39,7,32,54,46,58,50,21,4,18,38,6,24,30,24,6,16,18,9,30,19,30,35,25,20,,27,5,27,13,60,33,24,61,76,53,17,55,19,38,18,33,30,6,45,21,34,3,40,4,74,22,24,22,24,20,29,61,59,22,38,12,15,14,11,14,11
20171215,14,CO,0.2,0.3,0.2,0.3,0.2,0.3,0.2,0.1,0.2,0.4,0.3,0.4,,,0.7,,0.2,0.6,0.4,,1.1,0.4,0.5,,0.5,0.6,,2,2.6,2,,2.3,2,0.8,0.5,0.8,0.4,0.5,0.6,0.5,1.5,1.2,1.5,,1.9,2,2.3,2,,1.6,1.9,2,2,1.9,1.8,0.2,,0.2,0.5,,0.1,0.2,0.2,0.6,0.3,,0.3,,0.2,0.6,0.4,0.4,1.6,1.8,1.6,2.4,2.5,2.3,2.3,1.5,,1.3,1.6,0.9,0.8,0.8,0.7,1.4,0.7,0.6,0.5,0.5,0.6,0.6,0.2,0.9,0.3,0.5,0.3,,0.5,0.3,0.7,0.4,0.4,,0.3,0.5,0.6,0.9,0.8,0.8,0.7,0.7,0.6,0.9,0.5,0.9,0.9,1.1,0.3,0.4,0.5,0.4,0.6,0.5,0.4,0.8,0.7,1.3,,0.8,0.8,0.2,0.9,1,0.5,1.1,1.1,0.4,0.9,0.7,0.7,0.8,0.6,0.9,0.6,0.6,0.5,,0.7,0.2,0.9,0.7,0.8,1.1,0.3,0.5,0.9,0.8,0.9,0.6,0.8,0.5,0.3,,0.8,0.6,0.9,0.9,0.7,1.4,,,,2.1,1.4,,1.5,1.3,1.4,,0.7,0.3,0.5,,0.8,0.9,1.2,1,1.2,0.9,0.9,1.2,1.3,,,,0.9,0.9,,0.3,0.4,0.5,1,1.4,,0.7,,1.1,,0.6,1,1.1,0.7,,0.8,,,1.4,1.3,1.3,0.9,0.6,0.8,1.1,1.2,1,1,0.7,0.7,0.7,1.2,0.9,1.6,0.7,,0.8,1,0.8,0.5,0.5,0.7,0.8,0.6,1,,,0.7,,0.8,0.7,,0.8,0.9,0.8,0.7,0.7,0.7,,1.1,0.7,0.6,0.6,0.7,1.6,1,0.9,0.5,0.5,1.1,0.6,0.7,0.5,0.6,,0.5,0.2,0.7,,0.8,,0.6,0.5,0.2,0.4,,0.9,,1,1,1.1,1.1,0.9,,1.5,1.5,1.6,1.4,1.3,1.3,1.3,1.2,1.5,1.5,1.5,1.4,1.5,1.7,1.4,1.5,1.7,1.5,1.5,1.8,2.1,2.4,2.4,1.8,2.2,1.6,2.1,0.9,1,1.2,1,0.9,1.1,1,0.9,0.9,1.3,1.2,1,0.8,1,1.1,1,1.2,1.2,1.2,0.8,1.5,1.4,,0.8,1,1.1,0.8,1.3,1,1.1,0.9,0.7,0.8,0.7,0.8,0.8,0.5,0.7,0.6,0.6,0.6,0.6,0.8,0.6,0.8,1.2,0.9,1.3,1,1.3,1.1,1,1.2,1,1.3,1.1,0.9,1.3,1.2,1.2,1.1,1.1,1,1,1.1,1.2,1.1,1.3,1,1.2,1.2,0.8,0.9,1.4,,0.8,0.9,1.3,1.3,1.5,1.2,1.4,1.3,1.4,0.5,0.5,0.4,0.4,0.6,0.8,,1.2,0.7,0.8,1.3,1,0.9,0.7,,,0.8,1,0.8,0.8,0.9,,0.9,0.7,0.7,0.8,,,1.1,0.6,0.9,1.1,1,1.1,0.8,1.1,1.1,0.9,,0.6,0.8,0.8,1.1,0.5,0.8,0.7,0.7,0.9,0.8,0.7,0.6,0.5,1.6,2.3,1.7,1,1.5,1.3,2,1.2,1.5,1.5,1.5,1.9,1.9,0.5,0.6,1.2,0.4,0.6,1.6,,1.3,1.3,0.3,,,,0.7,0.8,1.3,0.9,1.1,1.3,1.5,,1.8,0.8,1,0.9,1.1,1,1,0.9,0.9,1.1,1.1,0.8,0.8,1,0.7,0.4,0.4,0.4,0.8,0.4,0.3,0.5,0.6,0.4,0.5,0.5,0.2,0.2,0.2,0.2,1.6,1.7,1.6,1.6,0.6,0.6,0.5,1.1,0.8,1,0.9,0.4,0.6,0.5,0.6,,,,1.3,0.9,1.3,1.3,1.5,,1.6,1.9,,1.4,1.7,1.2,1.8,1.8,1.9,2.8,3.3,1.6,,1.3,,1,,0.6,1.7,2.1,1.5,1.7,1.7,,1.5,,2,,1.6,1,1.3,1,,1.5,1.1,1,1,0.7,1.3,1.6,1.5,1.7,1.5,,,1,1,1.1,1.2,1.5,0.9,0.7,0.6,0.8,0.7,0.9,1.2,1.1,1.2,1.1,1,1.3,0.7,1.7,,1,1,1.1,0.8,0.9,0.8,0.6,0.7,0.8,1,0.9,1,1.1,1.2,1.1,,0.6,0.6,,0.9,0.8,1,0.9,1,1,0.9,0.9,,,3,2.1,2.8,1.1,,0.3,1.4,0.8,0.8,2.3,2,,1.8,1.9,,3.6,2.9,,3.3,3.5,1.2,0.4,1,2.3,1.5,1.3,0.4,0.6,0.4,,0.7,0.9,0.7,1.4,0.7,0.5,0.5,0.4,0.4,0.4,0.3,0.5,0.4,0.7,1.1,0.9,0.8,0.9,0.9,0.4,0.7,0.4,0.3,0.5,0.5,0.7,1,0.7,0.7,,0.6,0.5,0.7,0.6,0.6,0.3,0.8,0.7,0.8,0.9,0.5,0.7,0.7,1.4,0.4,0.6,0.8,0.8,0.8,0.9,0.9,0.6,1,0.6,1.2,0.7,1.1,0.6,1.2,1.2,0.7,0.3,0.7,1.7,1.5,,1.3,1.5,1.6,1.6,2.9,2.5,2.6,,3.2,,1.8,1.6,1.6,2.4,2.5,2,3.2,1.3,1.4,1.5,1.4,1.3,1,,1.1,1.5,1.3,1.5,1.6,1.2,1.1,1.4,1.4,1.1,0.9,0.9,1,1.1,0.9,,1,,,1.4,1.6,1.6,1.3,0.8,0.8,1,0.9,1,1,1,1.4,1.1,0.9,1,1.6,1.3,1.1,1.2,0.5,0.4,0.8,,0.9,1,0.9,0.7,1,0.8,1.1,0.9,,2.1,0.9,0.6,0.7,,1.2,0.4,0.9,,,0.6,0.9,0.7,,0.8,0.7,0.8,0.8,0.7,0.6,0.7,1.2,0.8,1.2,,1.2,1.4,1.6,1.7,1.3,1,1.3,0.8,0.9,1.1,1.1,0.8,,0.9,0.7,0.5,1,0.7,1,0.3,0.8,,,1,0.9,0.7,,0.4,0.4,0.3,0.6,,0.5,0.4,0.7,0.8,0.5,0.6,0.7,,1.2,2.4,3,0.7,1.3,1.8,1.4,1.5,1.8,1.6,1.8,2,1.7,1.4,1,1.2,1.5,1.3,1.6,1.8,2.4,1.7,1.5,1.3,1.5,1.4,1.3,1.4,1.9,1.3,0.9,0.9,1,0.5,0.5,0.5,0.7,0.6,,0.7,0.3,0.9,0.6,0.7,0.4,0.7,0.8,0.9,1.3,1.1,1.1,0.8,1,0.4,0.4,0.5,0.6,,,0.4,0.6,,,0.7,0.5,0.9,1.3,1.2,1.8,1.7,1.3,1.1,1.3,0.8,,0.8,0.6,1.7,2,1.8,1.6,1.5,1.4,0.1,0.5,0.4,0.5,0.2,2.2,,1.4,1.5,1.6,1.8,,1.5,1.4,0.4,0.9,0.8,0.5,,1.4,0.5,0.4,0.3,0.3,1.1,0.5,0.7,,0.6,0.4,0.2,0.2,,,0.5,0.2,0.2,0.1,0.6,0.6,0.3,0.3,0.3,0.4,0.3,0.5,0.6,0.5,0.6,0.7,0.2,,0.2,,0.4,0.7,0.7,0.5,,0.5,0.3,,0.4,1.2,0.3,1.5,1.3,0.5,0.8,0.4,0.2,0.9,1.1,0.9,0.4,0.6,0.7,0.9,1.4,1.2,1.4,0.7,1.4,1.3,1.4,1.1,0.8,1.4,0.9,0.7,0.4,0.5,0.6,0.4,1.2,0.4,0.4,0.7,0.6,0.7,1.5,1,0.5,0.7,0.6,0.8,0.6,0.6,0.8,0.6,,0.6,0.6,0.6,0.7,0.7,1,1.1,1.4,,0.8,0.7,0.8,0.8,,0.3,0.5,,0.4,0.6,0.6,0.6,0.6,0.4,0.6,0.7,,,1.1,1.2,0.9,0.7,0.7,0.8,0.8,1.1,0.7,,0.6,0.5,0.9,1.1,0.9,0.6,0.5,0.5,0.5,0.4,0.9,0.9,1.4,0.6,0.4,0.6,0.7,1.2,0.7,0.8,1.1,0.8,0.9,,1,0.4,0.7,0.7,1,0.6,0.8,2.3,1.3,1.4,1.2,0.7,0.6,0.7,0.8,1.1,0.4,0.5,0.7,0.7,0.7,1.5,1.5,,1.2,1.6,0.6,0.6,0.7,0.8,1.6,1.6,1.3,1.3,2.3,0.6,0.8,0.6,0.8,0.4,1.2,1,0.8,,4.5,4.2,4,,,,2.6,2,,2,1.9,1.8,,1.7,1.4,1.3,1.2,1.6,1.8,1.4,1.5,1.6,1.6,1,1,0.8,1.1,1.2,1,1.2,0.9,0.9,1,0.9,1.1,1.1,1,1.3,1.2,2.1,1.4,1,1.1,1.1,1.5,0.9,1.3,1.2,1.2,,1.2,1.3,,0.8,0.9,1.4,1.4,1.3,1.2,1.2,1.2,1.4,1.1,0.7,1.4,1.6,1.1,1.2,1.5,1.1,1.4,1,1.2,1.2,1.3,1.8,1.7,1.6,1.1,1.2,1.3,1.6,1.2,1.4,1,,0.8,0.7,,1.2,0.7,1,0.7,0.7,0.6,1.4,1.3,1.7,2,0.6,0.3,0.6,1.4,0.9,1.3,0.9,1.1,0.9,1,1.3,0.7,1.1,0.9,0.8,1,1.2,1,1.2,1.4,1.2,1.2,0.8,1,1,0.9,1,0.8,0.8,1.2,1,0.4,0.5,0.5,0.7,0.7,0.7,0.8,0.7,0.7,0.7,0.4,0.3,0.6,0.7,0.6,0.9,0.4,0.1,0.4,0.2,0.8,0.8,0.9,,0.8,0.7,0.9,1.1,1.1,1,0.7,0.8,0.9,0.7,,0.6,0.5,,0.9,0.7,0.9,0.6,0.9,0.2,0.3,0.5,,0.7,1,0.8,0.7,0.6,0.9,0.7,0.9,1.1,1.2,0.7,,,,,1.5,1.2,1,1,0.9,1.3,1,,1,0.6,0.9,1,0.8,1.2,0.8,0.7,0.4,0.5,0.7,1.3,0.6,0.8,,0.4,0.4,,1,0.4,,0.8,0.9,1.1,0.9,0.7,0.8,0.3,0.8,0.9,1.8,0.7,0.6,0.6,0.8,0.9,,0.3,,0.4,0.3,1.4,1.5,1.1,1.5,0.8,0.8,0.7,0.7,1.1,1.3,0.9,0.7,,,0.5,0.7,0.5,1.2,0.3,0.6,0.3,0.1,0.1,,0.5,0.4,0.7,0.5,0.6,0.4,0.4,0.4,,0.9,1.5,1.2,,1,1.4,1.7,0.8,0.5,1.2,0.1,0.1,0.4,0.5,0.8,0.4,,0.5,0.1,1.8,2.1,1.6,2.2,0.5,1.7,0.8,0.8,0.7,0.9,1.1,1.4,0.8,,1.3,,0.8,2,1.9,1.5,,0.2,0.2,0.8,1,0.8,1.2,0.6,2.4,1.2,0.5,0.7,0.6,3,1.7,0.5,1.1,0.7,0.4,0.7,0.5,0.6,0.8,0.7,0.6,1.4,1.5,1.8,0.9,0.9,0.7,0.6,0.9,0.6,0.3,0.3,0.7,0.8,0.5,0.5,0.5,0.3,0.6,0.8,1.2,0.8,0.5,2.2,1.2,1.3,0.7,1.1,0.7,1.6,1.8,0.9,0.5,2.8,1.6,0.9,1.5,1.3,1.1,1,0.9,0.8,3.1,,0.5,2.1,1.5,1.1,0.8,0.7,0.8,1,0.4,0.3,1.5,0.5,1.2,,1,0.5,0.6,2.3,0.7,2.3,0.6,2.9,0.4,1.9,0.5,1.7,0.9,0.9,0.8,0.7,0.6,1.1,0.2,1.4,1.2,1.6,0.8,1.5,1.3,,2.6
20171215,14,CO_24h,1.2,1.1,1.2,1.4,1.4,1.1,1.4,1.7,1.8,1.4,1.4,1.5,,,1.6,,0.8,1.3,1.2,,1.8,1.3,1.3,,1.4,1.3,,2.1,2.2,2.6,,1.8,1.6,1.4,1.6,2.2,1.5,1.9,1.9,1.6,2.4,2.6,2.7,,2.7,1.9,2.3,1.9,,2.3,2.3,2.5,2.6,2.7,2.3,0.7,,0.7,1.1,1.3,1.6,2.2,1.7,2.7,1.6,1.3,1.3,,1,1.4,1,1.1,1.8,1.8,1.7,2.3,2.3,2.1,2.3,2.9,,3.2,3.6,2.9,3,2.9,2.8,3.1,0.9,0.9,0.8,0.9,0.8,0.8,0.7,1.3,2.4,2.8,2.4,,2.1,2.5,2.6,2.3,2,,2.2,1.2,1.1,1.2,1.3,1.2,1,1,1.5,1.5,1,1.3,1.4,1.4,0.9,0.9,1.1,1.4,1.2,1.2,1.1,1.1,1.2,1.4,,0.5,1.3,0.9,1.3,1.3,1,1.5,1.7,0.4,0.8,0.8,0.5,0.8,0.9,0.8,0.6,0.6,0.4,0.4,0.7,0.2,0.7,0.7,0.8,0.8,0.2,0.5,0.8,0.9,0.9,0.6,0.7,0.6,0.3,,0.7,0.6,0.9,0.8,0.7,1.4,,,,1.5,1.2,,1.2,1,1,,0.7,0.2,0.5,,0.7,1,1.1,0.8,1,0.8,1,1,1.1,,,,0.9,0.7,,0.2,0.3,0.5,0.9,0.6,,0.6,0.6,0.9,0.6,0.5,0.7,1,0.6,,0.7,,1.7,1.5,1.3,1.2,0.9,0.7,0.7,1.2,1.1,1,0.9,0.7,0.7,0.6,1.1,0.8,0.8,0.8,,0.8,0.9,0.8,0.6,0.5,0.6,0.8,0.7,1.1,,,0.7,,0.8,0.6,,0.7,0.8,0.8,0.7,0.6,0.6,,0.9,0.7,0.6,0.6,0.7,0.9,0.8,0.9,0.7,0.6,1.1,0.6,0.8,0.6,0.6,0.7,0.5,0.5,0.6,,0.8,,0.6,0.5,0.3,0.4,,0.7,,0.8,0.9,0.8,0.9,0.9,,1.3,1.6,1.9,2,1.8,1.9,1.7,1.8,1.7,1.4,1.2,1.6,1.1,1.1,1,1,1.1,1.3,1.4,1.5,1.7,1.8,1.9,1.4,1.8,1.2,1.8,0.7,0.8,1,0.8,0.7,0.9,0.8,0.9,1,1.1,1,1,1,0.9,1.1,1,1,1.1,1.1,0.7,1.4,1.3,,0.8,1,1,0.8,1.1,0.9,0.9,0.9,0.6,0.8,0.7,0.7,0.6,0.6,0.7,0.6,0.7,0.6,0.7,0.9,1,1,1.2,0.9,1.3,1,1.3,1.1,1.1,1.2,1,1.4,1.2,1,1.3,1.2,1.2,1.1,1.1,1.1,1.1,1.2,1.2,1.2,1.3,1,1.2,1.3,1,1.1,1.4,,0.7,1,1.3,1.3,1.4,1.3,0.9,1.1,1.4,0.4,0.4,0.4,0.4,0.6,0.7,,1,0.7,0.8,1,0.9,0.8,0.8,,,0.8,0.9,0.7,0.9,0.9,,0.8,0.7,0.8,0.8,,,0.9,0.7,0.8,0.8,0.9,0.8,0.7,0.9,0.9,0.8,1,1,1.1,0.8,1.3,0.7,1.1,1,1.1,1.9,1.1,0.6,0.7,0.6,2,2.6,2.2,1.5,1.9,1.9,1.9,2,2.3,1.8,1.9,2.3,2,1.2,1.2,1.6,0.9,1.6,1.5,,1.4,1.5,0.5,,,,1.3,1.3,1.2,1.3,1.7,1.1,1.2,,1.6,0.8,0.9,0.8,1,1,0.8,0.8,0.8,0.9,0.9,0.7,0.6,0.9,1.4,0.4,0.7,0.6,0.6,0.5,0.4,0.9,0.9,0.7,0.9,0.8,0.8,1.5,1.7,1.3,1.2,0.9,1.1,1.1,2.3,2.3,1.6,2.2,2,1.5,1.9,0.5,0.6,0.5,0.6,,,,1.4,1.2,1.5,1.6,1.9,,1.9,1.6,,1.3,1.9,1.5,2.1,3,3.1,2.6,3.5,3.1,3.7,1.3,,1.1,,0.8,1,1.3,0.9,1.2,1.4,,1.4,,1.8,,1.4,1.1,1.4,1.1,1.7,1.3,1.4,1.3,1,0.9,0.7,0.7,0.7,1.8,1.4,,,1,1,1.1,1.2,1.5,1,0.8,0.7,0.9,0.6,0.8,1,0.9,1,0.9,0.8,1.1,0.8,1.6,1.3,0.9,0.9,1.1,0.9,0.8,0.9,0.6,1.1,0.9,1.1,1,1.1,1.3,1.2,1.2,,0.8,0.8,,1,0.9,1.1,0.9,0.9,1,0.7,1,,,2.8,2,2.7,1.8,,1.1,2.3,1.7,1.8,1.8,1.8,,2,2,,3.7,2.3,2.7,3.1,3.3,2.1,1.3,1.9,3.4,2.3,1.9,1.8,1,1.3,,4.7,2.7,4.7,4.1,3.6,2.4,1.5,1.7,1.5,1.1,1.2,1.1,2.1,3.1,3.8,3.8,2.5,2.2,2.4,1.4,1.9,1.5,1.2,1.5,1.4,1,2.6,1.7,1.4,,0.9,1.2,1.2,1.2,1.2,1.2,1.3,1.3,1.6,1.9,0.8,1.3,1.3,1.6,0.9,1.3,0.7,0.9,0.7,0.9,0.7,0.5,0.8,1.2,0.8,0.7,0.9,0.6,1.1,0.9,0.6,0.5,0.3,2,1.6,,1.8,2,1.9,1.7,2.3,2.1,2.2,,2.5,,1.7,1.6,1.5,2,2.2,1.6,2.1,1.5,1.5,1.7,1.5,1.6,1.7,,1.3,1.4,1.2,1.5,1.6,1.1,1.2,1.4,1.3,1.3,0.9,0.9,1,1.1,0.9,,1,,,1.4,1.5,1.5,1.2,0.9,0.9,1,0.9,1,0.8,1,1.4,1.1,1,1.2,1.8,1.3,1.4,1.2,0.5,0.5,0.9,0.9,1,1.1,1.1,1,1.1,0.9,1.2,1,4.8,2,2.2,1.9,0.7,0.7,0.7,0.5,1,,,0.8,0.9,0.7,0.9,0.8,0.8,0.9,0.8,0.7,0.8,0.8,1.1,0.7,1,,0.9,1.1,1.1,1.8,1.9,1.4,1.9,1.7,2.5,1.7,2.1,1.7,,2.9,2.3,1.2,1.9,1.6,2.1,1.3,2,1.7,2,1.9,1.6,1.4,1.6,0.5,0.4,0.3,0.6,,0.9,0.7,0.7,0.7,1,0.7,0.6,0.8,1.2,2.4,3,1.3,1.5,1.8,1.9,1.8,1.5,1.2,1.1,1.2,1.5,1.3,1.4,1,1.4,1.2,1.4,1.9,2.2,1.5,1.2,1.1,1.1,1.2,0.9,1.4,1.4,1.6,0.9,0.9,1,0.5,0.4,0.6,0.7,0.4,,0.3,0.2,0.8,0.6,0.6,0.8,0.9,0.6,0.8,1,1.1,1.2,0.6,0.7,0.4,0.4,0.5,0.6,,0.9,0.5,0.5,,,1.5,1.1,0.8,1.5,1.4,1.7,1.6,1.4,1.4,1.4,1.2,,0.7,0.6,3.3,3.1,2.6,2.5,2.8,3.1,1.5,1.5,1.7,0.3,1.4,3.5,,2.8,3.2,2,2.3,,1.8,1.8,2.4,2.6,2.5,1.8,,2.1,0.7,0.6,1,0.8,1.4,0.8,0.8,,0.5,0.5,0.4,0.5,,,0.9,0.4,0.8,0.4,0.6,0.5,0.3,1,0.9,0.9,0.9,1.1,3.8,4.7,3.1,5.1,1.6,1.2,1.4,1,2.4,2,2.8,2.1,,1.3,1.6,2.3,1.3,2.9,2.7,1.7,2,1,1.2,1.2,0.6,1,1.3,1.1,0.8,1.6,2.7,1,1.6,1.3,3.1,0.3,1.3,0.8,0.8,0.5,0.6,0.8,0.3,1.1,0.9,0.9,1.1,0.4,1.9,1.1,0.5,0.8,0.8,0.8,1.7,1.5,1,0.7,0.5,0.7,0.6,0.5,0.6,0.5,,0.5,0.5,0.5,0.6,0.6,0.9,0.9,1.2,0.8,0.8,0.8,1,0.7,0.8,0.5,0.7,0.7,0.6,0.6,0.6,0.5,0.5,0.4,0.5,0.8,,0.8,0.9,1,1,0.6,0.6,0.7,0.7,1.2,0.8,,0.7,0.7,0.7,0.7,0.7,0.7,0.5,0.6,0.5,0.4,0.6,0.6,0.7,0.6,0.4,0.5,0.7,0.5,0.6,0.5,0.7,0.7,0.7,1.1,0.7,0.3,0.6,0.5,0.7,0.5,1.1,1.4,1.2,1.1,1.1,0.6,0.4,0.5,0.7,0.7,0.3,0.4,0.7,0.6,0.7,1.5,1.6,1.6,1.3,1.7,0.6,0.6,0.8,0.7,1.2,1.1,1.3,1.2,1.5,0.6,0.7,0.6,0.8,0.4,1.1,1,0.8,1.4,2.6,2.3,1.9,,1.9,,2,1.9,,1.9,1.9,1.9,,1.8,1.4,1.3,1.3,1.6,1.8,1.5,1.6,1.7,1.7,1.4,1.4,1.1,1.3,1.3,1.1,1.2,0.6,0.7,1,0.8,0.9,1,1.2,1.4,1.4,2.1,1.6,1.2,1.2,0.9,1,0.7,1.3,1.3,1.3,,1.2,1.3,,0.5,1,1.3,1.4,1.2,1.3,1.3,1.2,1.2,1,0.7,1.3,1.4,0.9,1.1,1.5,1,1.1,1,1,1.1,1.4,1.9,1.6,1.7,1.4,1.1,1.2,1.4,1.1,1.5,0.8,,0.7,0.6,0.9,1.1,1.5,1,0.7,0.7,0.5,1.3,1.6,1.9,1.7,0.1,0.2,0.2,1.3,0.9,1.4,0.9,1.1,0.9,1,1.2,0.7,1.1,0.8,0.7,1,1,1.1,1.1,1.4,1.1,1.2,0.9,1,1,0.9,1,1,1,1.2,0.9,0.7,0.9,0.9,1,0.7,0.7,0.8,0.7,0.7,0.7,0.4,0.4,0.7,0.8,0.8,0.9,0.5,0.4,0.5,0.2,0.8,0.8,0.9,,0.8,0.8,0.8,1,1,1,0.7,0.7,0.8,0.6,,0.8,1.1,,0.9,0.7,0.9,0.6,0.7,0.5,1.1,0.6,,0.7,0.9,1,1,1.1,1.3,0.6,1.1,1.2,1.3,0.7,,,,,1.5,1.3,1.2,1,1.1,1.4,1.1,,1,0.9,0.8,1,0.9,1.1,0.9,0.8,0.5,0.6,0.8,1.4,0.9,0.9,,0.4,0.5,1.1,1.1,0.7,,0.7,0.9,0.8,1,0.8,1,1.1,1,2.1,2.5,0.8,1.1,1.7,1.1,2,,0.5,,0.4,0.3,1.1,1.5,1.3,1.4,1.2,1.4,1.3,1.1,0.9,1.1,0.8,1,,,0.6,1.2,1.8,2.3,0.5,0.7,0.3,0.1,0.4,0.4,0.7,0.6,0.8,1,0.8,1.1,1.2,0.7,,2.3,2.3,1.2,,1.2,1.5,1.8,0.8,0.8,1,0.3,0.3,0.5,0.5,0.9,0.4,,0.8,0.3,2.9,3.9,2.9,3.3,0.7,2.6,1,0.7,1.4,1.6,1.5,2,1.9,,3,3,2.6,2,2,1.6,0.1,0.3,0.6,0.9,0.9,1.1,2.5,0.6,2.2,1.2,1.6,1.5,1.3,2.5,3.1,1,1.9,2.1,0.4,0.3,0.6,0.6,0.8,0.6,0.7,1.4,1.3,1.7,0.8,0.8,2.5,1.4,1.2,1.2,2.6,1.9,0.7,0.8,0.6,0.9,0.7,1.4,0.7,0.8,2,1.5,0.9,2.7,1.9,1,0.7,1.3,0.7,1.6,0.9,1,0.4,1.3,1.4,1.1,1.6,1.2,1.3,0.9,0.8,0.9,3.1,,1.2,2,1.7,1.1,0.9,0.8,0.9,1.2,0.5,0.9,1.4,0.5,1.5,1.7,0.8,0.5,1.3,1.9,0.7,1.8,1.3,1.8,0.5,1.9,0.5,1.9,1,0.9,0.8,0.9,1.4,1.5,0.7,2.2,1.1,1.7,0.7,1.5,1.2,1.3,2.4
20171215,15,AQI,28,33,25,39,36,27,24,52,22,31,22,23,,,46,,26,42,37,,29,24,33,,22,32,,230,269,259,,243,260,76,43,25,48,42,37,45,79,63,80,,88,264,,266,,165,142,119,128,120,127,44,,75,44,18,24,30,23,22,35,30,36,,32,43,46,41,139,189,202,250,240,270,249,93,,94,102,100,94,83,71,92,22,48,46,30,31,31,37,20,19,36,37,,23,20,46,32,33,,20,38,28,38,26,43,41,27,51,34,26,37,42,40,43,38,40,35,38,34,23,112,107,76,,89,104,99,98,123,103,122,103,27,35,33,33,,39,31,20,29,30,25,23,35,27,28,43,54,39,43,30,38,28,33,36,41,34,49,33,30,30,41,29,,,,,160,170,,152,182,195,,38,44,35,,32,31,39,43,50,46,45,55,45,,,,52,48,,43,45,53,46,,,40,100,78,92,77,105,78,78,,64,,,120,117,35,38,16,45,36,39,53,40,42,59,29,69,35,34,21,,85,27,33,36,42,50,58,40,29,,,37,,32,46,,41,56,45,25,23,25,,48,26,34,19,16,33,26,44,42,23,25,23,26,34,27,26,40,26,23,,48,,43,40,15,25,,19,,11,16,19,20,10,,28,175,185,183,196,204,201,195,195,117,213,223,185,192,168,195,211,147,260,251,,265,,290,250,248,269,73,63,82,63,,82,65,68,80,110,68,78,80,73,62,67,67,60,73,54,59,59,,51,53,60,38,53,30,50,36,69,63,51,77,51,67,74,32,53,48,78,65,58,102,103,63,66,62,68,73,56,50,32,109,92,80,105,83,74,85,80,74,78,65,69,74,78,57,52,72,58,63,59,,57,27,21,23,18,22,13,25,30,45,54,52,54,52,,,85,75,67,68,78,109,72,,,77,82,82,69,70,,77,75,75,78,,,78,51,52,68,31,69,70,78,67,65,68,32,28,45,42,40,29,32,38,47,37,46,41,44,109,132,135,101,125,100,128,104,113,88,109,88,153,63,58,59,60,57,85,,69,80,60,,,,24,45,138,97,99,150,165,,63,65,69,,67,75,54,52,55,51,52,79,48,56,48,35,36,77,68,37,32,40,34,22,26,32,28,38,50,28,63,78,62,68,28,28,21,38,51,40,33,22,31,44,33,,,,114,153,173,107,119,,122,222,,230,145,135,138,170,152,189,206,204,199,118,,140,,83,113,115,108,97,83,,206,,203,,175,165,153,166,205,216,205,102,102,70,99,110,110,178,144,,,19,18,15,42,25,39,42,39,62,58,67,84,90,98,103,73,95,55,102,100,62,51,53,54,49,59,64,44,36,30,89,87,64,18,14,,43,49,,88,85,79,97,38,33,16,32,,,232,235,243,28,,21,23,25,,218,198,,196,220,,297,333,349,332,364,115,92,124,142,103,109,64,55,32,,45,26,53,43,34,68,38,28,24,34,33,33,28,32,63,46,42,32,45,20,28,24,22,22,31,25,25,44,31,,44,30,20,36,25,49,57,62,55,78,63,35,42,57,38,45,35,42,46,39,38,29,26,35,56,32,32,39,32,23,45,35,11,182,140,,152,138,133,166,,336,341,,343,,207,185,195,263,266,,207,180,162,149,159,107,104,,95,168,182,148,137,163,102,114,119,67,82,55,57,92,73,,70,,,60,95,85,64,54,15,23,25,23,20,24,14,22,16,23,20,31,22,13,31,30,105,115,117,104,52,62,68,60,50,79,34,43,34,36,70,64,42,64,113,,,97,93,78,94,127,78,67,66,78,74,88,62,52,53,,45,68,77,145,101,129,104,50,39,83,90,34,,41,53,71,55,60,59,56,51,58,55,109,94,94,107,35,36,45,35,,34,41,52,53,30,25,53,98,67,63,58,75,212,198,214,271,185,213,236,211,159,128,100,182,104,144,61,59,104,,76,105,105,93,72,85,89,114,39,39,38,31,43,29,32,40,,45,39,38,53,47,49,43,60,45,78,45,52,53,57,30,23,27,34,,30,27,26,,,36,42,51,180,160,204,230,123,180,144,163,,42,27,209,201,201,199,193,183,63,61,64,,26,162,,139,133,149,132,,122,115,52,23,39,85,,72,36,24,33,53,45,27,32,,47,80,25,27,,,18,16,23,20,28,31,29,32,29,20,30,24,20,19,20,29,26,35,32,14,26,29,39,25,,38,28,20,22,57,58,73,67,50,58,102,37,38,43,33,52,55,57,74,103,68,73,84,138,110,155,62,87,68,24,59,79,64,57,64,82,57,44,21,19,27,79,92,19,55,75,60,46,54,46,50,,82,85,92,,74,83,110,112,30,50,38,35,40,50,17,13,10,35,27,19,21,32,35,33,104,,93,99,105,,52,50,38,48,148,139,,30,25,48,45,46,21,22,26,58,22,29,35,24,23,16,15,11,64,43,56,54,53,32,42,29,26,8,12,25,26,13,46,54,53,49,28,19,25,32,33,16,19,13,19,16,16,20,20,20,19,23,22,20,19,38,46,38,38,40,29,33,26,29,21,19,40,36,49,247,272,263,,308,,271,250,,262,230,188,,159,195,222,208,205,196,193,120,140,176,78,201,165,122,183,150,189,41,50,72,54,64,93,109,109,114,129,133,129,145,46,43,64,130,113,,,83,89,,52,55,50,46,57,122,89,88,97,97,35,36,35,45,36,36,30,45,35,48,35,68,72,54,62,60,17,18,39,20,18,32,,35,40,24,35,32,35,45,44,17,25,25,17,26,32,51,52,29,22,28,20,14,23,18,13,16,16,23,18,16,11,14,19,22,40,40,23,15,13,25,45,16,20,15,13,53,52,41,41,92,88,73,77,68,77,89,65,59,64,57,60,59,58,55,51,70,93,102,,70,110,99,110,108,110,,73,51,60,,52,53,,58,79,71,74,87,20,22,24,,23,22,23,22,24,28,34,32,38,38,25,,,,,19,30,23,24,20,17,31,,59,60,54,28,37,30,30,29,25,31,42,49,25,23,,30,28,26,43,29,,30,32,24,51,40,54,87,32,22,39,27,27,25,29,57,,29,,23,22,156,125,139,90,27,25,26,26,103,103,125,84,,,56,22,30,53,51,50,26,38,43,47,34,45,73,62,56,56,55,50,,25,31,52,,93,73,68,129,69,84,36,50,44,38,28,27,,45,45,138,152,73,63,31,84,56,48,69,94,80,97,94,,94,82,109,134,178,129,30,22,32,74,63,43,50,43,239,46,22,30,56,260,137,163,76,29,48,40,29,55,25,68,112,228,204,193,87,29,46,28,51,56,36,38,83,30,50,32,18,20,43,45,20,24,25,35,,46,26,142,53,107,37,60,68,199,148,49,97,49,125,,77,87,313,,38,242,138,21,59,109,85,31,38,23,138,31,110,,20,16,26,286,79,95,19,280,20,238,30,118,16,30,17,,22,57,41,76,82,110,52,60,84,69,
20171215,15,PM2.5,19,11,8,9,7,3,7,12,4,16,7,7,,,11,,18,29,21,,20,11,14,,7,22,,180,219,209,,193,210,35,19,13,16,19,8,31,58,45,59,,65,214,,216,,125,108,90,97,91,96,20,,2,8,12,8,11,15,7,11,12,19,,9,21,21,25,106,142,152,200,190,220,199,69,,47,76,75,70,59,40,68,2,7,1,12,11,5,8,2,11,25,16,,16,10,13,13,14,,6,25,19,12,16,24,21,15,29,19,18,16,21,21,17,26,12,17,26,15,13,84,80,55,,66,78,74,73,93,77,92,77,15,24,12,23,,27,18,14,15,21,17,9,24,15,19,30,31,27,22,21,26,19,23,25,26,18,29,23,17,21,23,20,,,,,122,129,,116,137,146,,26,18,24,,21,20,27,30,35,32,31,39,31,,,,36,33,,30,31,28,32,,,28,75,57,68,56,79,57,57,,33,,,91,88,24,24,11,31,25,27,37,28,20,42,18,41,18,6,11,,40,12,16,25,19,29,41,28,17,,,18,,22,32,,22,36,27,17,15,11,,16,15,11,7,10,23,18,28,29,16,17,16,18,19,17,18,28,18,10,,24,,16,17,4,11,,13,,7,11,11,9,3,,19,132,139,138,147,154,151,146,146,88,163,173,139,144,127,146,161,112,210,201,234,215,220,240,200,198,219,53,45,60,45,66,60,47,49,59,83,49,57,59,53,44,48,48,43,53,38,38,32,,32,30,43,26,29,21,29,25,50,45,26,41,30,48,54,22,31,29,57,47,41,76,77,,36,29,35,41,32,23,21,82,68,59,79,61,54,63,49,54,57,47,50,54,57,40,36,52,41,45,41,,36,15,11,16,12,15,1,17,21,18,20,26,26,21,,,63,55,48,49,51,82,52,,,56,60,60,50,51,,56,55,55,55,,,57,22,34,42,15,50,51,57,48,47,47,20,19,10,20,28,18,22,19,22,13,22,24,13,82,100,103,68,95,75,97,69,85,65,81,65,117,25,29,18,25,37,63,,38,45,34,,,,15,17,105,72,74,115,125,,45,47,50,,48,55,38,33,27,35,36,58,28,35,33,13,2,9,6,6,10,5,10,2,13,7,19,26,21,15,45,57,44,49,19,19,7,24,17,28,23,10,14,16,23,,,,86,117,131,80,90,,92,172,,180,111,103,105,129,116,142,156,154,149,89,,107,,61,85,87,81,72,61,,156,,153,,132,125,117,126,155,166,155,76,76,51,74,83,83,134,110,,,13,12,8,29,17,21,16,16,44,30,48,62,67,73,77,53,71,28,76,75,43,32,29,34,26,24,44,21,25,21,66,64,46,12,7,,30,34,,65,63,58,72,26,23,11,11,,,182,185,193,5,,1,2,13,,168,148,,147,170,,247,283,299,282,314,87,68,94,108,77,82,7,8,8,,17,11,12,30,15,48,26,17,15,14,23,8,19,19,21,20,22,21,31,8,19,5,12,4,16,17,17,16,18,,27,21,14,25,13,34,40,44,39,57,45,24,27,40,26,31,24,29,32,27,26,20,18,24,35,22,22,27,22,16,31,24,5,137,107,,116,105,101,126,,286,291,,293,,157,139,146,213,216,,157,136,123,114,121,80,78,,71,127,137,113,104,124,76,86,90,48,60,39,27,68,53,,51,,,43,71,63,46,32,10,16,17,16,14,12,5,13,11,16,13,21,15,9,13,8,79,87,88,78,36,44,49,43,35,58,20,26,14,,51,46,29,46,85,,,72,69,57,70,96,57,48,42,57,54,65,44,33,34,,30,49,56,111,72,98,78,35,20,61,67,11,,14,37,28,26,31,30,37,25,26,29,82,70,70,80,17,1,3,24,,12,17,14,16,17,14,37,73,48,35,41,32,162,148,164,221,139,163,186,161,121,97,,137,78,110,43,42,78,89,53,79,79,69,52,63,66,86,27,26,26,19,25,,22,28,,31,27,21,37,29,34,30,43,31,57,26,36,37,40,21,16,11,20,,19,9,9,,,22,29,10,136,122,154,180,93,136,110,124,,16,13,159,151,151,149,145,138,3,5,11,,2,123,,106,101,114,100,,92,87,8,12,7,63,,52,10,9,9,21,5,8,22,,14,6,11,8,,,6,6,5,14,19,21,20,7,12,7,8,7,9,11,14,20,7,10,22,7,13,5,8,7,,26,9,11,9,40,41,53,48,30,41,21,15,14,19,13,36,39,40,54,77,47,53,41,105,83,118,44,64,49,16,42,58,46,36,46,60,20,27,10,13,11,58,68,9,39,55,43,32,38,32,35,,60,63,68,,54,61,83,84,21,35,26,24,28,35,8,7,7,24,7,5,5,22,24,23,78,,69,74,79,,29,29,26,33,113,106,,10,17,33,31,32,10,7,10,12,6,20,24,16,16,3,10,6,46,30,34,32,25,22,28,20,18,3,2,7,18,8,32,38,37,34,19,12,17,17,16,9,13,9,13,10,11,14,13,14,12,16,15,14,11,26,32,26,26,28,20,23,18,20,14,12,27,17,34,197,222,213,,258,,221,200,,212,180,141,,121,146,172,158,155,147,145,91,107,133,,151,125,92,138,115,142,27,35,52,38,46,69,82,82,86,98,101,98,111,32,30,46,99,85,,,61,66,,36,39,35,32,40,92,66,65,72,72,24,25,24,31,25,23,21,31,24,33,24,49,52,37,44,43,11,12,12,14,12,22,,24,28,11,24,22,24,31,27,10,14,17,8,18,19,33,36,18,15,15,13,9,16,12,9,11,11,16,12,11,3,5,9,13,24,26,16,10,7,12,20,11,14,10,5,11,6,9,16,68,65,53,56,49,56,66,47,42,46,38,43,42,41,39,29,51,69,76,,41,83,74,83,81,83,,53,22,43,,35,37,,30,58,37,45,64,4,13,3,,10,4,12,12,13,14,11,7,26,10,17,,,,,11,21,13,15,9,7,20,,42,39,18,10,10,13,7,10,13,15,24,13,9,11,,21,10,9,17,20,,21,14,14,30,22,18,5,19,5,16,5,1,10,,26,,7,,5,1,119,95,106,,4,8,12,14,77,77,95,62,,,17,,,20,27,24,7,26,16,23,17,17,26,37,23,24,20,24,,12,6,23,,69,53,49,42,14,22,18,15,18,21,11,13,,12,15,105,116,53,45,2,62,38,23,50,59,49,72,69,,70,37,82,102,134,98,5,4,11,54,45,27,35,13,189,32,,21,6,210,104,124,42,20,29,27,11,29,17,49,84,178,154,145,64,20,32,19,14,29,13,26,61,17,35,22,12,5,28,31,11,14,16,24,,24,16,108,25,80,25,43,49,149,113,34,72,34,95,,56,64,263,,9,192,105,9,42,82,63,21,3,16,105,7,83,,4,7,14,236,34,65,7,230,14,188,13,89,9,21,8,,15,38,15,52,60,,36,43,62,50,
20171215,15,PM2.5_24h,75,44,60,55,59,61,62,69,74,48,57,65,,,85,,79,85,76,,77,78,80,,76,94,,162,170,214,,164,162,112,68,85,68,74,76,78,62,66,71,,81,182,,192,,149,156,150,176,143,150,36,,26,38,43,55,68,65,70,51,78,80,,79,101,98,104,129,152,160,180,148,180,180,293,,249,328,253,294,267,248,299,36,26,16,41,31,25,42,42,102,129,109,,120,117,106,116,103,,127,51,55,50,53,40,43,44,73,58,24,61,72,85,76,72,53,83,81,80,79,106,82,61,,80,82,103,104,109,104,123,125,15,18,14,16,17,20,16,12,14,16,25,22,31,28,37,40,31,37,23,21,25,23,22,25,26,20,25,22,19,19,25,19,72,,,,137,127,,111,142,141,,37,25,32,,23,39,27,25,36,26,31,31,33,,,,32,36,,30,32,34,27,24,,28,54,41,43,40,51,34,31,,21,,94,73,93,26,33,12,32,27,30,45,34,26,38,23,44,39,43,37,,56,36,28,32,25,26,37,37,30,,,19,,27,31,,23,28,28,17,10,12,,40,55,23,21,22,27,23,33,26,30,26,25,30,31,27,29,29,32,8,,19,,17,15,10,17,,22,,14,19,34,19,14,,19,138,155,172,157,179,164,179,154,54,101,101,76,99,73,99,103,81,149,154,176,163,151,171,150,149,167,39,38,42,39,50,53,41,42,52,72,41,49,49,49,42,45,45,38,46,49,36,29,,23,31,30,20,30,22,32,23,35,37,33,28,27,45,53,22,33,28,63,48,72,56,50,26,31,31,28,33,28,26,21,55,49,42,52,42,39,46,36,44,47,40,38,59,42,38,34,43,50,46,38,20,34,17,20,20,13,23,12,18,32,13,14,16,14,13,34,,54,47,51,57,38,60,54,,,52,54,48,48,50,,76,75,76,80,,,72,18,27,26,22,31,34,36,29,26,25,28,20,21,23,28,32,33,36,58,20,18,38,19,174,167,172,162,162,181,177,158,188,146,180,162,169,39,50,30,36,49,75,,78,68,65,,,,57,65,70,76,59,66,74,,25,42,48,48,47,51,29,24,22,29,29,40,19,30,45,17,18,23,19,17,28,23,30,17,28,25,83,103,68,80,41,37,38,39,95,95,66,104,78,53,70,13,15,14,13,,,,100,108,118,122,133,,139,132,,137,147,154,144,190,257,139,160,182,183,96,,114,,75,61,73,65,34,48,,124,,127,,121,93,103,114,139,136,148,78,78,75,49,46,45,153,133,,,18,19,12,31,28,30,21,22,37,23,35,73,75,79,86,66,85,56,70,67,49,27,29,33,24,19,34,19,24,15,75,77,62,21,12,,43,44,,50,60,48,71,48,43,27,12,,,149,139,155,50,,56,46,59,63,112,109,,113,120,,203,207,220,214,213,180,188,186,164,173,182,78,67,77,,144,88,153,125,140,96,75,138,100,61,92,32,130,75,123,118,81,60,96,66,84,77,65,66,85,50,91,93,76,,49,90,72,83,66,113,61,63,73,90,47,88,77,67,93,62,38,53,51,42,38,38,36,37,48,31,28,34,28,31,32,30,5,168,135,,139,136,120,136,196,202,185,,208,,108,98,99,156,155,149,163,142,133,121,134,134,142,,134,120,122,109,117,116,89,93,96,61,52,47,52,76,48,,59,,,48,70,56,58,51,13,17,16,18,15,12,8,15,13,28,25,19,26,16,13,10,86,81,95,87,46,43,47,41,50,51,57,39,45,43,50,53,46,49,90,,,92,91,67,83,96,58,66,70,62,65,65,27,17,15,,24,31,34,179,169,177,165,139,168,124,128,88,,91,98,103,127,154,149,143,166,135,131,137,156,150,160,30,17,15,24,,63,43,29,43,27,12,26,48,32,47,51,43,155,140,166,158,89,82,107,84,88,77,70,91,75,80,48,52,75,83,51,76,40,38,36,55,48,56,24,25,24,14,19,,25,25,,23,21,19,39,30,36,34,38,31,37,23,37,40,38,19,18,24,31,,15,36,32,,,69,79,15,112,87,116,113,116,158,123,148,,31,22,148,128,135,120,117,139,128,115,128,21,124,218,,182,207,136,122,,139,123,169,156,147,130,,126,18,26,18,39,29,36,41,,14,27,16,20,,,25,22,19,15,29,39,34,64,54,52,51,54,134,170,132,160,131,110,110,101,135,96,133,100,101,102,64,75,68,96,110,91,79,49,51,71,31,42,62,37,44,90,136,26,58,53,98,14,84,33,57,32,37,40,23,58,64,53,46,48,80,80,24,20,25,23,57,69,48,17,56,48,44,40,39,36,,68,53,46,44,44,82,88,97,39,48,42,49,44,46,25,21,23,39,5,9,13,27,29,27,71,,70,66,70,82,27,30,22,33,100,103,,27,34,37,38,34,12,10,12,12,6,20,15,17,27,3,15,18,20,23,21,20,22,19,25,17,10,11,9,12,16,15,30,28,24,26,24,20,25,23,17,17,22,20,21,20,17,20,24,24,20,24,22,25,28,30,31,27,27,29,25,26,22,23,14,21,24,22,31,153,140,134,,139,,139,164,,178,159,107,,108,139,158,153,147,139,133,90,100,136,163,117,121,102,132,134,125,28,37,51,45,52,49,74,79,72,111,115,120,134,30,39,42,116,106,120,,50,59,,38,39,37,34,43,64,64,54,84,81,25,30,25,34,28,25,22,25,29,26,24,61,60,51,44,47,14,21,17,16,17,30,,25,35,30,25,21,22,32,33,14,19,19,19,23,23,30,37,18,15,20,21,9,5,10,10,13,11,7,9,12,3,9,13,18,16,21,20,14,9,15,14,19,20,9,7,39,56,42,62,70,58,49,48,63,64,70,65,42,49,35,47,63,64,56,64,45,59,67,,35,84,73,78,86,80,55,54,41,56,,59,77,,32,65,58,52,74,17,33,15,,20,15,18,27,34,32,12,26,34,16,20,,,,,13,18,14,15,11,10,18,,17,24,18,26,28,20,9,10,20,21,30,11,18,24,,24,19,21,17,39,,16,20,27,37,28,23,18,15,48,43,13,12,30,19,95,,8,,8,11,118,112,117,119,38,38,42,37,72,81,75,100,,,19,81,69,98,36,35,15,38,24,36,31,28,56,61,45,61,64,42,,42,54,37,,79,81,74,42,27,28,26,27,24,18,20,20,,23,28,122,158,74,66,8,47,35,24,40,68,65,67,102,,139,57,105,108,120,112,10,16,29,48,40,27,34,14,113,27,65,75,87,162,213,129,116,180,37,30,31,27,20,44,64,148,121,148,83,17,28,21,19,60,136,107,47,25,53,45,30,79,36,42,74,76,44,61,,25,44,86,26,80,28,42,32,141,126,54,85,34,107,49,51,51,197,,82,163,131,21,41,93,77,35,14,32,146,21,145,87,14,9,78,132,71,56,58,142,21,154,25,130,29,41,30,,47,67,45,73,50,81,80,49,67,66,209
20171215,15,PM10,20,33,25,39,36,27,21,54,10,31,22,23,,,46,,24,,37,,23,24,33,,19,23,,235,287,254,,231,272,101,43,25,48,42,37,44,84,69,80,,109,263,,269,,151,132,130,154,150,148,44,,100,44,17,24,30,19,15,35,30,36,,32,43,46,41,152,163,165,235,242,276,220,93,,138,100,100,133,115,91,87,18,48,46,30,31,31,37,18,19,28,37,,22,17,46,32,33,,18,38,23,38,26,43,41,27,51,34,21,37,42,40,43,35,40,35,,34,23,105,99,101,,,95,104,116,106,87,100,103,27,30,33,,,,21,18,24,23,22,23,29,18,24,33,57,,43,28,,26,25,,41,32,49,23,30,,41,28,,,,,165,,,153,178,184,,29,44,,,32,30,37,41,,38,,45,40,,,,46,37,,34,39,56,39,,,33,,58,74,64,85,65,63,,78,,,,,32,36,,38,33,39,49,39,42,57,23,88,24,12,18,,119,27,33,29,42,50,52,32,29,,,37,,,41,,41,61,45,18,21,25,,48,26,34,11,16,27,25,44,,,,,,34,,,,,23,,48,,43,40,6,25,,,,,16,11,,7,,,183,203,166,177,,179,212,198,138,190,206,216,180,230,238,215,215,,,,,,254,252,,249,,,,,,,,,,,,,,,,,,,,41,67,68,,52,55,60,31,56,26,50,34,80,75,52,103,52,79,86,32,55,48,82,76,65,105,82,75,81,74,86,96,61,50,32,93,95,99,129,114,93,100,109,63,81,68,68,72,86,59,51,74,57,57,68,,63,27,21,23,18,18,3,20,,45,57,53,58,53,,,84,73,68,79,105,127,63,,,68,96,88,64,86,,74,76,80,106,,,80,51,53,86,31,78,84,73,66,64,86,,27,45,42,29,,,38,47,37,46,41,44,136,144,157,151,159,128,187,158,99,106,168,115,198,76,65,68,69,64,99,,87,109,70,,,,19,45,164,130,108,119,143,,,,55,,,,54,54,60,52,45,58,48,61,35,35,36,104,85,37,32,40,34,17,25,32,26,27,50,28,69,65,58,73,28,21,10,38,51,39,,21,31,44,,,,,118,143,161,83,139,,119,210,,198,160,118,113,155,150,177,191,179,175,159,,168,,83,114,119,125,93,111,,191,,210,,180,165,153,164,170,210,175,104,93,80,116,107,102,187,189,,,18,,12,,,39,42,39,,66,74,79,78,80,,79,79,60,114,93,74,51,55,58,49,68,77,44,33,30,69,75,66,16,14,,38,41,,92,86,77,72,,,,32,,,231,233,227,25,,21,21,14,,197,183,,168,206,,312,366,331,321,356,122,78,,150,85,,77,59,32,,45,26,55,41,34,86,30,28,24,34,,33,27,32,76,46,42,32,42,19,28,15,19,19,31,24,23,44,31,,44,,15,28,25,39,64,58,54,94,51,33,42,48,35,41,30,,35,,,24,,29,61,,,,,,38,,6,152,163,,142,156,169,158,,308,303,,318,,178,202,210,254,261,,229,188,185,147,152,128,121,,129,149,150,,,,104,116,93,,,52,64,,,,53,,,,,,55,57,11,20,17,19,,24,12,22,12,22,20,31,15,11,31,30,102,104,109,109,40,56,59,46,36,60,34,43,34,36,70,59,,56,102,,,92,112,104,96,113,72,64,82,80,76,83,73,53,55,,45,77,88,197,152,174,150,,39,100,119,34,,41,41,92,60,69,67,62,51,66,59,148,120,124,130,35,36,45,34,,34,41,54,55,30,25,51,,52,76,59,100,,166,211,258,174,212,218,187,150,147,150,158,154,122,72,46,112,,102,120,137,103,79,100,68,97,39,35,26,31,43,29,32,32,,38,28,38,40,47,39,35,46,35,,45,47,41,51,27,19,27,34,,30,11,10,,,36,34,51,170,130,173,189,134,166,128,130,,42,25,164,192,158,,183,156,76,71,78,,24,173,,143,139,167,174,,148,155,53,23,39,,,82,36,19,33,55,45,27,24,,47,110,25,24,,,14,8,23,14,25,31,26,32,29,9,30,24,20,19,17,29,26,35,,14,26,29,39,20,,,28,13,14,54,59,88,81,50,42,46,37,38,43,33,41,48,50,,109,85,81,117,187,105,,44,77,64,24,,58,,64,,86,63,44,21,,27,75,75,19,,70,,34,41,38,,,62,,88,,58,76,,,22,,27,24,37,,,12,10,24,27,19,21,,30,26,,,81,,85,,54,50,32,35,,118,,30,,,40,,20,14,26,65,11,20,30,24,,6,,,,38,61,58,56,27,42,28,,6,5,25,,10,44,,37,47,,19,22,32,33,,19,,,,,,20,,19,,17,15,19,29,32,29,32,,,,18,28,21,15,40,36,,241,309,299,,307,,318,,,,194,,,157,178,189,200,185,151,150,131,147,149,106,,,95,152,143,168,41,35,55,44,69,104,91,85,139,123,111,,117,39,39,68,,,,,83,68,,45,,,33,41,113,,66,82,86,,30,24,,29,36,22,,26,36,28,75,81,57,66,55,17,,39,,,30,,,29,24,29,,35,40,44,17,25,23,13,19,32,51,,29,22,28,20,14,19,17,11,,,,12,,7,14,19,22,40,40,22,14,12,25,45,12,,12,13,56,54,41,41,,82,77,98,65,76,85,62,58,63,63,,53,62,57,51,81,105,103,,89,101,93,111,151,125,,71,51,55,,53,55,,66,83,92,97,107,4,,3,,23,17,20,22,24,28,34,32,30,38,24,,,,,19,,23,24,20,17,31,,59,70,57,28,37,,13,20,15,31,42,49,24,13,,21,28,26,43,26,,,31,17,51,40,57,123,32,22,39,13,7,20,10,64,,29,,11,2,126,133,122,130,17,22,16,17,95,113,112,97,,,61,,30,55,52,50,22,34,43,47,34,45,95,74,61,62,59,50,,20,31,54,,116,66,81,207,87,118,36,50,44,38,28,27,,45,45,170,145,,,4,64,62,48,54,137,110,96,137,,90,113,85,141,154,147,30,22,30,55,62,43,,43,198,39,20,30,62,281,133,173,101,26,48,40,18,59,22,54,,183,242,238,87,22,33,28,51,61,36,35,90,30,46,29,16,18,43,35,20,24,25,35,,46,19,,55,105,37,54,58,202,151,38,95,41,,,68,83,303,,38,,158,21,64,96,83,31,38,,171,31,146,,20,16,26,275,107,140,19,290,14,228,,115,12,25,15,,20,63,41,101,87,169,52,,,,
20171215,15,PM10_24h,75,60,79,79,74,80,46,80,94,69,80,37,,,114,,79,54,97,,78,75,92,,78,23,,208,226,260,,187,202,150,106,114,110,113,121,116,94,98,110,,136,218,,249,,183,194,192,228,210,195,68,,76,77,83,126,124,97,142,100,115,119,,107,127,133,128,168,174,179,208,205,225,203,356,,319,360,303,378,302,303,374,88,66,49,89,56,65,82,68,157,171,159,,153,185,185,167,146,,162,78,77,59,80,82,72,53,118,80,110,87,87,114,87,80,88,93,87,97,98,101,108,83,,87,110,133,146,120,107,112,131,36,30,29,24,29,30,26,23,26,30,40,36,45,34,42,45,53,39,44,35,33,31,30,34,50,48,37,25,34,32,37,28,89,,,,156,180,,157,163,162,,38,47,37,,40,58,51,48,41,42,50,41,47,,,,46,45,,40,37,44,36,39,,33,57,49,50,50,60,48,41,,50,,74,87,99,36,54,13,46,38,42,67,56,63,59,32,82,64,68,64,,86,75,56,37,47,51,53,48,51,,,34,,45,47,,40,44,44,22,23,28,,49,30,34,28,30,35,28,41,27,33,26,,24,32,28,28,20,33,13,,34,,35,30,14,31,,26,,13,26,18,17,12,,24,198,217,202,189,,195,243,205,100,161,136,146,147,147,157,162,155,158,164,195,168,157,184,190,166,188,29,,47,43,,56,43,49,36,,,,,,,47,,,,36,55,46,,40,47,44,30,43,26,41,28,60,60,58,61,53,82,80,39,62,47,88,76,92,80,62,48,62,44,54,67,47,35,28,67,72,69,75,70,69,64,67,53,60,51,50,74,52,48,44,64,66,55,45,36,47,24,24,30,17,28,25,20,33,33,35,39,36,38,61,,72,66,69,78,71,92,76,,,71,75,64,68,84,,99,102,105,126,,,103,45,35,46,40,39,55,55,42,41,51,67,42,33,68,58,81,76,64,103,47,42,63,73,212,192,246,219,219,216,218,225,278,171,223,213,225,109,107,90,101,102,123,,131,134,109,,,,99,116,105,93,78,85,83,,57,33,53,40,28,31,43,46,54,47,39,52,39,63,58,54,61,74,49,56,72,85,79,57,61,75,112,144,123,107,62,47,52,57,129,139,101,154,126,71,106,27,29,33,19,,,,125,127,154,120,177,,168,178,,181,205,182,161,224,239,182,198,238,235,169,,181,,97,97,83,94,48,95,,156,,174,,178,130,136,150,163,159,178,113,112,104,66,67,64,208,214,,,18,20,16,48,52,44,36,38,55,50,75,74,69,71,,78,74,97,98,78,82,39,43,58,43,55,57,24,32,25,81,79,75,26,20,,70,70,,81,80,79,84,53,47,39,34,,,198,185,198,96,,90,71,86,98,137,136,,133,172,,258,260,267,241,252,244,136,132,227,189,180,139,126,115,,197,144,239,171,213,139,91,151,137,94,147,79,189,104,293,173,138,97,161,103,97,101,77,73,97,56,104,108,97,,65,116,82,103,101,107,94,98,99,143,66,89,99,75,104,90,39,53,46,43,45,38,46,47,59,,32,,,,36,28,8,187,167,,180,182,186,161,283,241,210,,217,,131,133,130,195,189,183,223,169,166,149,149,160,157,,151,145,143,104,,,120,124,106,66,62,56,64,81,58,,70,,,62,79,70,72,70,13,20,14,17,,19,22,18,14,28,32,25,25,19,31,29,113,105,117,122,49,51,61,43,44,68,140,76,118,91,73,73,67,62,121,,,107,122,135,117,132,76,92,110,95,89,99,40,33,31,,33,60,50,226,216,221,217,204,199,149,148,102,,123,142,172,177,191,187,195,204,203,189,257,234,235,200,65,51,71,46,,98,71,95,87,39,25,44,60,49,88,81,101,164,161,215,208,129,127,152,111,120,134,116,120,135,104,61,65,107,117,105,110,69,71,61,83,77,84,47,50,39,27,38,30,35,36,,31,29,38,42,45,53,43,50,39,36,33,55,50,52,32,33,40,54,,47,43,39,,,91,93,44,150,125,153,171,167,182,172,185,,53,61,198,157,158,130,133,136,118,195,194,69,214,273,,246,255,182,190,,184,200,216,169,199,144,,120,40,47,37,60,60,52,80,,32,56,44,40,,,38,26,44,27,51,50,47,91,84,33,81,84,205,232,184,242,158,187,172,137,143,133,203,163,151,148,96,87,77,159,187,131,115,87,68,77,59,59,74,56,59,115,177,39,88,105,186,35,133,52,67,36,50,60,28,74,60,55,74,58,114,140,35,35,42,42,81,93,58,18,68,48,46,51,43,38,,83,62,59,49,55,94,90,107,47,55,53,61,59,47,31,26,15,39,37,23,23,29,42,33,,,85,85,86,83,43,41,31,39,124,127,,43,41,45,53,40,21,12,26,23,8,25,23,27,24,9,21,22,19,30,33,31,39,28,32,27,13,18,15,20,18,15,38,44,33,33,28,37,32,38,35,21,29,26,30,29,18,14,29,24,25,26,28,31,32,36,36,33,34,34,27,29,20,32,21,33,36,38,39,191,193,186,,168,,183,172,,189,173,149,,121,174,181,186,180,153,143,127,160,147,130,136,132,136,172,177,172,44,42,59,53,61,69,86,86,91,116,119,108,122,41,45,67,,,,,63,58,,45,37,45,40,44,77,62,61,104,98,17,24,26,23,29,29,26,20,33,29,25,114,102,84,67,66,21,37,45,20,26,34,,26,36,41,45,46,35,42,71,21,30,33,31,29,40,46,67,27,20,28,26,12,17,13,12,14,17,9,13,16,8,12,17,21,31,36,22,20,12,31,25,22,23,13,10,72,66,79,89,99,69,68,97,99,83,95,84,60,66,72,59,75,97,78,88,75,91,94,,78,115,111,99,118,107,70,80,62,81,,81,112,,77,107,106,114,120,28,69,39,,41,21,27,43,50,55,26,40,40,45,23,,,,,36,35,22,22,21,19,27,,23,48,42,48,51,56,29,23,31,44,42,26,36,42,,28,40,40,38,63,,43,48,56,60,60,57,118,34,100,111,24,26,72,52,205,,29,,21,31,134,130,135,127,55,63,68,64,83,101,86,123,,,64,111,145,170,73,78,49,50,66,71,59,57,91,83,79,118,142,71,,88,118,80,,126,108,122,107,116,71,56,80,61,44,49,42,,63,58,194,210,108,100,13,56,54,46,53,144,139,124,240,,194,176,145,147,160,139,24,34,40,51,47,57,88,31,152,34,85,70,92,219,265,185,168,218,46,36,58,55,30,53,75,161,193,222,108,20,76,72,66,106,207,144,74,43,65,61,43,116,56,50,84,85,87,107,,48,19,99,43,100,46,60,39,153,146,75,111,47,,73,70,79,235,,89,176,173,29,79,108,97,45,29,62,185,32,170,151,24,13,85,168,139,94,87,178,29,188,43,167,39,30,45,,140,121,61,108,74,142,108,56,82,80,243
20171215,15,SO2,2,5,4,4,3,3,3,9,1,5,2,1,,,4,,9,5,7,,5,2,5,,,9,,14,23,23,,18,12,20,8,8,16,18,20,12,33,40,37,,43,16,,32,,18,24,21,20,20,21,7,,11,4,4,12,,14,11,10,6,4,,4,13,22,17,15,17,16,31,36,29,28,37,,28,32,27,27,23,25,35,13,13,11,7,8,8,15,8,11,15,17,,16,17,19,21,21,,13,11,19,13,12,11,13,8,14,17,,28,58,34,45,12,12,7,26,9,3,46,58,31,,47,41,87,112,42,17,31,102,7,7,7,11,9,8,8,6,6,10,11,9,5,6,5,9,8,5,7,7,5,,13,7,8,15,,11,,8,12,14,32,,,,19,7,,10,20,13,,7,6,6,,13,7,5,8,6,6,6,8,5,,,,10,10,,4,1,3,5,5,,7,,7,,10,5,11,10,,10,,6,10,10,12,9,6,7,9,8,9,8,3,13,9,10,8,12,6,,10,7,6,9,8,9,7,4,11,,,6,,4,7,,6,6,6,5,8,9,,18,11,6,4,6,5,4,5,6,3,4,4,8,5,6,3,3,3,5,,15,,8,8,2,5,,4,,2,9,7,7,3,,7,9,18,19,21,11,18,25,24,18,5,17,13,17,11,,14,13,17,16,15,16,12,10,19,20,14,4,4,5,6,1,3,2,4,4,5,4,5,4,3,5,,3,2,5,6,13,12,,,5,9,8,14,13,10,11,7,3,6,8,11,8,10,3,9,9,8,7,8,15,16,15,19,13,8,12,16,10,15,18,16,21,22,24,20,18,12,9,16,15,15,15,9,8,7,10,9,7,9,,11,11,16,16,9,11,10,9,10,3,6,4,4,7,5,,9,12,9,10,15,10,10,,,14,11,12,8,14,,9,7,3,11,,,8,9,24,26,8,24,45,38,29,14,33,13,6,10,11,11,15,10,6,6,7,3,9,5,28,26,26,20,26,23,27,25,15,29,24,15,28,28,23,27,31,25,20,,24,23,,,,,27,46,6,11,6,15,9,,12,7,8,,10,2,31,6,9,8,4,18,7,6,4,7,4,7,8,5,10,,6,6,6,7,28,30,10,14,28,30,23,30,15,14,13,40,22,24,,,8,11,4,,,,12,15,18,15,12,,14,12,,15,22,32,23,26,36,23,38,,38,52,,19,,23,20,29,22,21,32,,27,,30,,28,40,15,13,17,19,28,13,11,7,19,19,16,36,25,,,9,9,8,10,,8,9,8,11,13,22,16,12,18,21,16,27,10,25,,13,8,7,6,10,9,8,2,5,5,15,17,15,13,6,,12,14,,23,21,22,21,12,14,13,11,,,8,5,5,14,,12,11,9,10,49,62,,63,73,,101,78,69,67,116,35,36,38,70,,39,7,9,7,,16,6,12,35,57,16,20,17,16,14,12,12,11,19,,19,35,37,20,27,22,8,64,64,2,18,12,19,10,,12,23,15,39,8,11,18,17,7,9,26,6,15,18,19,16,8,8,9,7,10,13,11,7,15,8,12,12,2,12,29,4,16,30,32,,31,44,33,35,,19,12,,19,,12,8,10,16,13,18,9,23,25,21,26,26,27,,24,35,10,11,10,,9,15,14,6,7,7,1,5,6,,4,,,5,9,8,7,4,5,12,12,12,6,6,6,8,8,,48,13,14,4,2,1,7,16,17,12,14,14,12,13,14,16,20,35,19,15,10,,19,10,14,,,16,6,13,6,8,2,9,9,5,3,6,28,9,10,,19,28,7,21,26,25,18,15,15,26,26,,,13,13,10,12,10,10,10,11,,11,15,18,18,15,2,2,2,3,,35,44,11,26,6,8,11,9,7,6,11,8,39,31,9,15,12,19,20,19,21,16,18,8,14,14,14,15,17,,16,17,9,12,11,9,20,9,12,15,14,4,4,13,11,26,,3,5,9,6,6,3,1,4,10,9,,4,3,5,8,9,7,9,,10,3,1,,,11,20,17,18,12,6,,16,14,15,12,,10,15,30,40,23,31,26,19,7,10,16,13,8,78,,63,67,44,34,,47,27,20,17,28,19,,18,4,7,3,30,10,8,6,,6,15,11,17,,,11,6,22,14,9,9,8,11,19,9,8,8,18,19,11,18,16,16,18,12,19,11,16,13,,26,20,8,9,43,19,24,20,10,5,12,15,,21,13,11,5,14,13,34,21,28,17,11,32,20,13,26,24,19,9,10,10,6,,11,23,3,11,6,9,31,35,25,57,3,15,38,11,14,3,,24,4,7,20,11,9,10,13,12,26,4,3,17,9,21,4,,9,2,8,3,23,2,17,4,,8,16,8,,17,16,6,18,8,16,,30,24,21,25,,1,4,7,6,2,10,7,11,,2,3,5,20,10,10,10,9,6,9,8,5,4,4,39,7,1,19,15,15,,15,18,2,8,4,28,13,12,4,18,1,1,4,8,1,11,7,18,16,21,,18,12,19,5,7,7,8,3,1,14,8,11,7,11,13,,8,,11,10,,15,10,19,,20,16,16,15,20,16,14,17,16,11,6,8,,3,16,16,14,11,4,2,7,5,17,40,15,34,19,17,18,13,4,3,3,18,33,24,,9,6,,5,1,2,2,2,5,8,6,5,7,6,16,15,10,9,7,10,19,9,13,16,7,5,7,8,1,6,5,4,12,5,21,,16,7,5,3,2,3,3,2,4,6,6,6,8,18,5,1,4,14,4,5,6,6,7,15,7,10,2,5,6,5,4,7,8,21,19,2,4,,5,9,7,6,6,6,14,19,11,9,13,7,9,6,7,9,4,20,7,4,7,5,5,7,4,4,14,20,17,,16,15,7,10,11,15,15,1,17,1,,4,9,,7,7,,7,9,10,5,7,,20,11,7,6,7,7,8,22,36,36,13,,,,,2,6,10,12,10,3,6,,98,10,10,14,38,14,12,7,8,5,7,13,14,11,,7,10,4,6,7,,6,10,17,16,10,10,10,,6,5,5,4,7,6,4,,1,,6,3,19,,13,16,7,18,12,10,10,13,15,8,,,7,7,19,9,13,10,10,13,9,9,9,8,10,20,13,7,10,4,,15,31,4,,35,15,10,17,4,21,12,9,16,7,7,2,,12,8,21,15,8,8,5,15,10,23,12,47,22,,3,,,6,8,38,42,24,5,38,37,19,20,16,18,7,63,13,3,3,5,28,71,62,22,6,2,9,8,9,8,26,4,26,25,12,9,7,14,13,29,18,14,11,16,3,4,4,5,2,4,3,5,13,43,28,,9,12,10,7,11,8,12,7,13,34,19,16,10,25,11,13,14,68,,5,9,36,6,14,7,9,7,18,5,33,7,24,10,6,4,5,15,26,23,8,4,5,12,15,12,12,37,28,,5,18,18,34,9,22,7,2,4,7,10
20171215,15,SO2_24h,10,10,14,8,13,15,13,16,8,15,14,9,,,13,,18,16,16,,17,13,15,,12,7,,19,18,26,,23,22,26,24,27,31,33,37,26,32,49,42,,40,9,,36,,23,34,30,29,27,26,22,,24,18,19,28,32,32,36,30,15,14,,17,28,34,33,10,15,15,24,28,21,21,114,,68,174,225,152,226,58,154,21,25,22,21,18,16,19,16,67,80,84,,67,93,82,81,86,,81,30,39,24,26,19,15,13,32,25,29,94,127,47,58,63,24,24,46,22,26,53,52,25,,129,108,99,104,96,21,51,63,9,7,8,9,9,8,8,7,7,9,13,10,7,6,4,9,8,5,13,8,6,6,13,7,7,16,10,15,11,10,19,15,30,,,,16,6,,10,20,9,,6,6,7,,15,10,6,10,7,8,9,10,9,,,,14,17,,2,3,4,6,5,,6,10,6,14,10,5,8,9,,9,,3,7,7,13,11,6,8,9,9,10,8,4,14,8,15,14,13,12,,10,12,9,10,8,9,7,7,13,,,7,,10,13,,17,7,7,5,8,10,,16,14,6,5,6,5,3,5,4,3,4,4,6,3,8,3,2,1,5,,7,,8,8,2,4,,3,,2,5,8,5,4,,5,19,18,23,27,21,25,32,30,25,15,23,20,23,12,25,18,23,20,18,17,17,12,12,20,21,16,4,3,4,5,4,2,1,5,3,4,4,5,4,3,5,6,3,2,5,7,11,10,,6,5,8,5,12,13,9,10,7,5,7,7,11,9,9,5,8,9,11,13,11,19,14,9,16,8,7,11,28,18,17,17,14,17,17,22,17,13,9,9,20,20,16,15,11,10,8,10,11,9,12,15,14,10,15,14,9,12,10,9,10,4,6,4,4,6,8,,14,13,14,11,15,14,12,,,16,13,14,9,17,,10,6,3,10,,,9,11,10,14,10,11,30,29,19,11,20,16,12,12,13,13,27,27,7,10,7,3,11,6,33,32,33,32,33,34,26,34,22,32,29,24,31,37,31,31,33,36,28,,30,26,28,,,,42,42,3,11,14,10,11,,12,6,8,9,8,7,13,6,8,7,4,12,7,7,5,10,11,14,11,10,14,22,23,16,18,20,42,53,20,35,36,30,24,50,86,78,44,116,71,37,87,8,8,10,3,,,,17,17,25,14,12,,13,12,,12,26,30,25,29,38,30,54,27,55,36,,13,,26,21,28,23,25,32,,17,,16,,17,25,28,25,24,17,31,12,9,6,15,12,13,22,25,,,9,8,7,11,7,9,9,8,13,11,20,15,10,15,17,14,21,13,27,38,28,7,5,8,11,8,9,2,7,5,15,16,16,6,7,,25,22,,24,24,23,23,11,9,8,9,,,11,8,10,34,,50,34,42,59,15,21,,25,32,,110,97,99,90,115,142,154,119,100,152,132,61,20,45,,86,62,93,89,104,74,38,56,42,32,36,25,70,78,87,90,100,65,43,106,64,72,131,102,33,26,52,39,27,,23,42,61,49,23,31,27,38,33,26,23,19,32,24,42,24,8,7,9,6,16,16,13,13,23,5,11,11,12,10,13,3,5,25,16,,22,19,13,14,12,17,10,,11,,16,11,15,14,9,7,11,19,20,13,17,19,20,,18,14,10,11,12,14,7,13,10,8,3,7,2,4,6,,2,,,3,7,6,6,4,4,11,13,11,6,6,11,10,3,18,54,12,22,8,2,2,5,12,15,9,16,14,13,12,15,15,67,31,30,22,11,5,16,11,25,,,17,6,10,6,6,3,9,11,7,7,9,24,7,7,,15,20,10,18,29,25,22,23,37,28,33,15,,74,56,14,15,21,17,18,32,20,22,25,25,23,15,7,5,6,11,,31,37,51,51,3,7,9,5,6,12,14,9,28,21,13,20,22,29,18,14,26,24,45,11,20,19,16,16,13,10,14,14,10,14,14,8,22,13,13,16,16,5,3,15,12,23,,3,5,8,6,6,12,4,4,11,10,16,5,7,7,9,10,9,10,,10,4,2,,,27,20,25,15,10,4,8,12,10,11,8,,14,12,37,49,26,31,27,27,94,70,93,30,85,202,,223,202,59,44,,70,54,73,60,45,54,,81,6,17,5,39,32,20,6,,7,28,13,21,,,21,8,46,33,11,11,9,60,50,50,61,48,81,94,67,86,55,46,51,48,197,69,177,178,62,56,68,47,34,83,74,83,67,21,14,22,25,42,46,36,13,37,44,11,25,20,35,9,18,27,22,13,12,11,8,14,16,15,20,21,13,36,8,23,23,28,53,62,50,12,7,18,27,17,14,5,,21,6,7,24,17,8,9,18,11,20,6,17,7,7,20,6,19,7,5,7,3,23,1,13,4,,11,19,7,16,11,18,3,10,13,16,,23,18,20,25,17,1,4,7,6,2,11,9,13,20,2,11,15,11,11,10,8,7,6,9,8,4,4,5,15,5,6,22,11,15,17,25,19,5,10,10,11,25,22,21,30,4,3,9,7,2,10,7,18,13,15,11,17,13,19,5,7,7,7,4,10,17,22,13,5,7,9,,17,,8,11,,16,11,13,,15,8,11,7,12,8,7,7,8,6,10,11,13,6,10,9,9,7,4,6,8,5,10,19,20,14,14,13,12,7,4,3,4,11,20,12,,7,8,,9,1,2,4,2,4,6,3,7,4,6,15,14,8,9,7,7,13,9,12,17,4,4,2,11,1,12,8,8,15,4,7,,14,5,3,4,1,3,5,2,4,3,9,4,5,9,5,3,3,8,5,8,5,6,6,12,12,11,2,6,8,4,3,6,9,20,27,2,3,4,5,10,8,6,5,6,15,21,16,11,12,9,11,8,9,10,10,17,6,4,9,3,4,4,6,3,16,20,15,,17,18,11,12,12,19,18,3,9,12,,5,8,,6,7,8,6,8,9,17,8,,20,11,9,10,13,16,11,25,39,30,16,,,,,2,9,10,10,6,2,7,,53,12,8,20,49,14,12,8,8,5,11,20,21,12,,9,9,8,6,8,,4,9,17,15,10,11,20,10,7,8,4,5,17,9,5,,8,,5,4,13,12,10,17,18,35,30,25,11,21,21,16,,,10,11,48,28,15,14,14,12,18,22,12,11,20,41,18,57,53,4,,32,29,10,,45,17,12,29,56,21,14,13,16,9,16,6,,15,11,21,26,17,12,5,15,10,10,12,18,18,4,16,,30,25,39,42,53,38,4,13,14,10,13,12,36,5,30,12,14,9,14,35,231,63,107,42,5,8,11,12,10,25,7,17,17,9,9,8,23,25,40,24,82,70,12,6,4,5,7,15,6,5,19,50,70,89,,8,19,9,8,13,13,14,6,9,59,19,26,12,17,13,16,16,137,,13,10,22,7,28,12,12,6,27,17,24,8,17,20,3,3,18,15,31,18,42,26,5,41,13,10,19,40,35,,10,31,24,32,11,21,7,3,3,5,6
20171215,15,NO2,10,12,11,16,16,14,9,14,4,14,10,12,,,19,,24,26,21,,29,12,24,,8,19,,80,85,70,,78,85,35,23,15,31,,19,27,46,41,53,,49,59,,53,,73,64,72,60,75,67,,,8,7,5,12,17,3,9,6,19,15,,15,23,20,24,46,,46,62,62,70,60,36,,23,41,34,17,27,19,,7,21,20,4,21,12,9,9,4,21,19,,8,12,20,20,26,,7,11,22,18,21,19,20,10,18,23,15,29,25,40,29,29,8,8,27,12,7,35,,40,,45,46,60,51,57,34,21,54,49,54,55,59,53,49,62,33,58,53,48,31,50,54,50,42,46,47,44,47,54,,44,68,45,67,65,22,25,25,27,27,54,,,,62,55,,58,64,54,,36,21,24,,52,61,51,55,51,57,52,48,41,,,,43,31,,26,30,30,30,36,,40,36,38,46,46,41,22,36,,37,,,44,43,60,76,29,66,58,62,73,61,49,66,57,67,70,67,41,,64,,58,51,45,67,52,69,49,,,42,,51,59,,40,51,44,15,15,15,,51,48,40,38,30,31,31,41,20,36,28,19,32,36,54,44,41,24,34,,50,,55,45,7,31,,28,,21,,37,39,20,,17,46,43,39,45,31,47,52,39,60,48,49,65,49,82,,55,47,61,72,63,60,55,64,65,73,56,31,32,36,41,35,40,38,29,27,21,28,32,26,27,37,32,39,37,29,31,49,42,,59,36,71,35,39,25,42,22,45,27,23,72,17,17,61,6,12,18,34,52,56,67,96,44,28,42,70,80,40,,29,71,63,65,83,76,74,74,67,31,38,38,,47,25,17,20,24,20,38,32,,36,25,28,35,24,20,26,34,30,7,7,5,6,9,19,,47,46,29,57,56,52,34,,,40,56,61,34,47,,45,35,44,37,,,53,22,30,36,30,17,33,31,34,33,38,,17,8,,21,21,,20,19,17,21,21,19,39,59,63,37,17,20,40,18,28,32,31,34,62,5,16,12,16,31,41,,54,23,19,,,,20,24,55,51,19,47,35,,11,35,35,,42,35,,39,,40,39,17,32,26,25,8,9,9,9,9,8,16,,12,10,7,17,16,21,18,27,47,35,43,14,21,7,12,9,22,12,14,25,35,10,,,,54,64,66,50,35,,40,,,36,56,65,55,40,46,54,52,55,45,37,,36,,16,43,62,54,60,57,,32,,43,,43,38,55,48,49,57,57,39,37,37,51,62,59,49,49,,,28,33,30,23,33,19,19,15,20,31,35,23,34,35,35,21,28,32,20,19,17,29,,30,14,21,15,22,17,12,38,33,31,,24,,15,10,,30,29,29,26,27,20,,11,,,48,52,45,2,,9,7,4,13,38,50,,30,31,,59,55,53,37,58,,33,32,74,37,22,6,11,19,,11,16,,24,25,9,17,11,14,10,20,10,11,28,16,20,30,29,19,16,11,9,14,9,9,19,14,23,14,,3,11,21,19,17,11,20,31,17,24,15,7,22,24,32,24,54,48,62,59,50,44,50,56,,29,28,32,48,32,38,,,,52,,43,30,33,41,50,,58,,65,,57,,55,44,52,55,47,41,40,38,31,34,24,,24,,51,45,30,53,38,34,,29,21,25,21,13,11,,34,,,7,27,33,11,9,14,31,14,23,,18,15,17,10,22,27,17,18,15,8,10,33,39,27,28,26,32,37,32,34,24,21,26,22,18,19,,27,44,48,,,49,36,38,38,30,9,13,12,29,15,18,38,37,44,,32,26,,55,27,43,25,10,15,35,26,11,,20,16,24,13,28,29,28,20,28,24,23,33,26,46,9,6,3,14,,15,20,8,18,10,9,10,28,6,19,16,22,33,51,36,42,51,53,72,50,40,58,23,35,,37,10,13,47,50,60,64,43,37,45,40,19,22,55,77,48,42,51,35,42,37,,,42,41,27,47,63,30,44,58,57,26,26,31,33,20,13,42,52,,51,54,52,,,18,25,36,20,46,27,,35,33,34,34,,15,10,47,39,,36,28,18,1,13,2,8,13,61,,36,40,26,,,25,19,16,13,9,14,,,6,6,7,13,17,2,21,,13,11,10,7,,,7,3,14,12,11,9,6,7,10,5,6,8,12,17,12,10,3,15,17,17,11,14,,4,,28,13,14,13,50,29,21,19,15,4,215,5,32,23,10,30,34,30,8,52,42,44,,29,51,47,13,56,35,8,18,19,19,30,14,70,28,53,9,9,,36,36,15,13,34,28,26,39,22,43,,27,30,27,31,13,49,51,58,55,55,34,32,48,44,24,13,,20,22,20,19,37,,44,33,,38,61,50,,33,39,29,17,26,38,,18,26,60,56,,19,,20,20,5,40,44,40,,3,15,,18,34,39,45,43,40,,42,12,15,24,32,34,26,18,32,26,19,30,28,31,31,37,32,37,,34,32,19,27,27,32,33,21,23,19,33,32,28,23,32,32,23,34,31,,34,38,29,24,10,84,68,75,,62,,,48,,52,48,45,,51,48,35,39,45,28,50,35,52,32,38,39,,33,49,,30,22,33,41,29,37,20,51,55,37,54,41,53,49,38,24,23,44,49,45,,27,26,,25,49,41,36,22,15,19,22,36,34,24,29,36,29,42,29,19,30,27,33,29,18,33,,16,22,32,26,24,25,28,30,,26,17,,10,13,16,16,11,10,20,27,26,18,7,60,20,31,21,23,35,25,20,23,12,11,17,11,16,18,15,16,,22,26,13,23,16,12,19,20,11,9,10,12,9,24,,12,18,20,30,34,26,16,,44,17,28,19,14,29,29,37,,24,26,28,,25,38,78,62,64,65,18,21,21,26,,27,29,,16,50,19,22,29,3,3,6,,15,,13,10,13,12,20,36,22,55,20,,,,,4,17,24,23,18,14,32,,27,11,14,11,19,4,10,15,10,7,11,10,6,7,,10,8,14,21,11,,17,15,22,28,18,12,10,6,11,12,3,14,3,1,1,,2,,4,10,26,41,40,49,5,18,15,19,24,32,,22,,,7,18,13,18,17,9,3,6,12,8,11,10,8,22,11,2,13,14,,10,23,22,,26,21,10,9,3,,7,8,16,8,10,9,,11,17,56,47,13,26,4,23,12,7,13,,25,22,2,,25,10,16,32,42,24,9,4,46,21,28,18,15,38,38,42,9,26,19,74,46,24,17,18,47,25,57,61,36,27,23,39,42,40,52,23,16,11,27,25,26,11,28,34,17,17,33,17,15,61,28,7,22,15,,21,52,48,19,58,43,47,28,38,84,23,50,42,50,,35,53,53,,26,43,57,24,22,49,30,12,7,7,47,9,36,28,30,18,20,76,46,66,5,,12,50,15,47,15,20,16,,2,18,10,44,55,63,17,25,33,24,53
20171215,15,NO2_24h,53,40,52,53,60,53,58,64,58,49,56,58,,,54,,54,59,54,,56,58,51,,63,52,,70,66,67,,56,65,54,62,60,64,64,63,64,59,60,72,,69,56,,50,,76,70,64,62,71,77,30,,35,33,36,48,58,49,55,45,58,63,,57,50,51,52,46,46,44,60,56,62,59,78,,74,77,76,74,74,73,84,23,27,28,34,31,27,23,24,58,68,71,,58,78,71,73,69,,71,54,37,43,43,29,42,19,61,46,36,56,51,53,51,55,28,34,52,39,42,56,64,33,,74,75,81,75,72,36,51,71,50,47,53,48,50,52,52,28,46,36,47,34,55,46,41,43,45,43,50,49,57,53,41,60,42,68,57,35,37,39,40,42,52,,,,57,49,,49,55,60,,38,26,26,,49,59,44,50,54,53,52,38,56,,,,48,41,,22,31,35,25,30,,35,39,33,40,39,40,34,45,,40,,44,45,52,58,77,30,64,55,60,72,60,48,64,53,54,63,58,59,,60,61,54,54,45,62,45,56,46,,,48,,56,58,,35,30,36,12,8,12,,52,52,36,38,33,28,31,41,40,32,28,20,33,28,48,47,40,27,27,,40,,52,35,9,27,,32,,27,32,40,45,27,,19,61,53,61,67,57,71,67,56,59,68,65,84,68,94,87,68,62,56,61,56,53,48,57,53,62,48,27,28,33,38,29,43,34,29,29,25,29,31,32,31,40,37,40,40,33,31,53,45,,48,42,54,37,41,32,44,26,36,29,34,35,21,32,50,10,25,23,40,65,64,61,72,46,38,47,48,60,50,47,40,64,54,59,70,58,58,56,53,36,44,39,42,47,28,26,27,31,39,40,35,45,38,33,37,41,25,20,39,36,41,6,5,8,8,12,29,,45,45,40,50,41,48,43,,,37,52,44,43,48,,39,41,53,39,,,49,24,20,29,31,13,30,27,30,27,29,45,38,15,40,41,45,49,36,64,41,25,35,35,71,76,75,77,39,64,71,65,61,63,64,65,68,54,52,22,66,67,45,,59,28,24,,,,44,46,54,52,36,48,37,,23,40,33,33,41,40,36,37,33,37,37,15,32,30,32,16,20,16,14,16,17,30,30,23,24,27,46,63,47,52,22,24,31,37,61,66,47,53,43,38,52,19,25,33,11,,,,56,58,59,54,47,,52,20,,47,66,74,66,68,84,58,65,69,82,48,,40,,20,46,54,57,52,54,,36,,49,,47,50,55,56,45,49,59,50,43,46,27,38,32,60,53,,,29,34,29,25,35,29,19,14,31,27,37,29,29,32,30,24,31,34,24,22,25,31,27,36,17,23,17,28,24,22,44,42,40,34,29,,35,28,,39,38,41,30,37,27,36,17,,,51,49,46,21,,26,21,27,23,29,46,,34,36,,47,62,53,38,46,75,72,60,70,66,64,36,33,64,,69,63,66,58,70,61,53,61,64,43,51,37,73,56,49,51,58,52,44,58,57,57,51,50,49,32,57,52,42,,16,43,44,44,35,36,31,48,44,47,26,31,51,48,90,58,50,46,55,45,40,34,37,39,28,32,33,26,36,28,38,30,8,51,54,,52,30,45,45,51,54,52,,58,,50,55,52,45,49,55,44,48,47,43,43,44,46,,45,34,48,43,38,41,43,42,37,28,22,23,25,15,14,,35,,,20,32,29,17,11,19,37,22,32,20,22,17,21,10,31,24,23,28,16,10,11,28,41,37,30,37,40,43,39,46,32,68,47,71,41,33,39,31,44,38,,,53,31,39,44,38,21,23,28,35,36,31,35,28,32,,28,31,20,71,64,69,62,35,46,50,40,35,,55,55,60,51,55,61,56,49,54,55,67,59,62,78,10,12,7,25,,31,30,24,28,27,20,6,39,19,33,40,33,43,54,53,55,62,59,77,53,56,73,46,39,41,48,20,43,41,42,45,51,28,26,38,45,35,31,47,85,48,40,36,41,35,39,,,32,32,23,37,71,37,42,40,44,43,40,48,112,23,17,53,59,,48,49,46,,,47,36,47,32,43,33,47,44,47,44,45,,34,34,53,53,37,56,39,27,44,54,39,13,56,78,,69,71,55,45,,47,47,60,56,53,37,,41,14,14,10,24,31,17,29,,16,21,18,17,,,18,9,24,18,13,12,8,37,41,34,37,38,74,90,66,63,43,59,59,69,45,51,57,52,64,69,50,58,50,60,55,58,54,29,19,47,28,36,56,31,34,57,46,11,35,41,59,14,33,26,36,14,40,30,5,30,40,31,50,22,68,50,43,16,16,29,59,65,48,8,26,27,34,48,20,39,,36,26,30,36,18,48,42,54,58,53,49,46,54,53,37,26,39,36,25,19,17,30,28,35,32,,31,49,41,52,33,30,22,19,36,42,,31,45,64,56,35,22,8,32,20,8,22,23,26,21,3,19,21,22,24,24,29,37,36,39,36,7,8,7,24,23,34,19,33,26,20,34,31,31,32,37,32,38,15,35,35,26,34,35,37,44,27,32,29,39,34,31,26,33,34,16,25,23,24,22,36,25,26,25,69,50,55,,46,,49,54,,57,54,45,,52,51,42,40,47,28,49,41,50,37,54,53,39,40,57,51,42,25,35,46,35,32,23,48,47,50,43,46,60,49,35,21,15,48,53,51,,30,31,,18,44,42,39,25,24,27,28,38,31,28,30,36,29,43,32,23,28,29,28,32,29,43,31,24,28,36,29,29,29,28,38,,25,20,24,12,14,16,15,14,15,18,31,27,21,5,23,23,27,18,25,32,24,20,26,14,16,24,12,18,21,17,13,21,24,25,19,27,19,12,20,19,13,15,10,11,23,35,39,37,31,29,32,30,22,14,25,35,28,40,36,28,35,44,53,40,20,27,29,,29,46,67,50,54,56,29,14,19,27,,32,36,,21,55,22,32,24,16,18,22,,22,16,30,28,44,37,26,32,27,40,17,,,,,5,21,30,25,16,13,29,,19,15,14,23,30,4,27,20,20,20,17,15,24,16,,8,8,16,17,26,,16,17,33,29,23,32,9,16,29,16,10,22,44,23,15,,8,,8,12,27,41,44,35,26,39,32,32,23,32,33,37,,,10,36,53,60,23,15,14,11,33,29,24,29,24,32,20,37,53,30,,38,41,27,,38,23,28,20,20,24,12,23,25,13,22,13,,22,31,70,73,30,57,4,31,20,9,27,53,49,30,33,,56,40,49,48,51,47,8,4,36,29,35,28,55,32,31,43,62,59,55,65,77,44,43,69,41,31,72,57,39,16,26,50,44,54,44,33,31,29,27,39,63,67,27,47,17,32,53,57,39,48,53,26,42,36,,15,52,51,22,56,50,56,32,34,68,44,53,49,59,55,44,50,53,,56,49,61,33,39,35,38,19,15,20,53,10,48,47,34,16,66,58,45,47,23,64,15,54,24,55,24,28,26,,22,44,23,68,47,65,32,33,38,32,49
20171215,15,O3,62,65,38,57,58,62,74,66,68,56,61,63,,,62,,63,65,69,,48,73,61,,69,54,,21,15,16,,12,11,46,68,73,62,71,67,66,47,45,41,,36,20,,24,,51,38,36,43,42,37,73,,76,74,,63,59,72,69,67,62,66,,60,57,65,63,30,37,35,28,22,23,23,45,,54,50,56,53,51,56,42,70,69,72,74,68,75,72,63,58,43,55,,63,62,43,31,40,,64,75,62,66,66,57,71,69,66,63,78,48,48,14,39,40,69,70,55,63,69,82,48,75,,56,63,35,39,41,97,74,61,44,37,,37,40,34,37,55,36,31,19,36,30,17,20,29,33,24,38,30,24,11,14,15,17,30,29,55,58,53,56,56,1,,,,5,4,,7,4,10,,34,42,49,,14,16,17,19,20,19,22,19,32,,,,23,46,,42,43,17,38,31,,38,65,29,21,26,24,59,45,,40,,18,18,22,7,11,28,4,3,3,5,5,9,5,8,2,11,42,42,,5,20,9,18,14,5,11,7,20,,,35,,27,23,,23,,17,76,72,60,,9,14,16,21,22,8,16,21,13,12,21,34,19,15,33,13,15,30,39,,22,,32,17,48,63,,14,,19,29,7,11,21,,14,19,22,9,11,24,21,16,24,23,5,7,4,14,12,19,6,13,16,24,17,,18,19,22,15,21,18,11,11,11,11,18,8,12,20,25,12,17,13,25,16,15,16,23,15,16,12,18,,11,28,23,16,15,24,14,27,89,80,90,44,111,117,64,94,122,78,108,83,68,98,77,11,12,11,21,24,10,15,15,45,52,59,45,23,20,26,20,56,58,41,,62,86,96,90,84,117,8,13,,14,17,19,15,23,27,22,17,19,77,106,60,71,69,52,,19,31,38,19,5,6,26,,,33,16,12,24,14,,58,72,68,56,,,56,67,17,14,28,12,11,4,11,7,,100,77,95,97,96,90,84,84,85,88,76,83,81,78,60,51,75,64,91,76,88,88,79,88,66,48,88,75,78,86,77,,,52,89,54,,,,75,52,9,14,41,18,18,,38,20,11,21,14,19,8,10,10,7,8,38,10,20,28,68,75,69,75,65,65,79,72,70,83,77,86,82,78,66,56,36,45,46,65,65,65,75,76,61,76,68,58,53,77,,,,13,4,11,13,39,,40,,,28,34,35,33,27,38,9,24,23,41,19,,9,,32,36,18,24,21,17,,38,,34,,30,38,34,49,10,4,6,26,36,45,12,23,14,34,36,,,13,13,11,13,9,89,92,85,81,91,101,42,36,38,42,33,44,106,52,48,36,28,25,20,94,99,97,38,40,43,65,72,72,19,19,,92,109,,131,122,,135,16,14,11,71,,,12,11,9,87,,59,71,79,60,100,97,,101,91,,41,45,46,44,44,54,60,69,40,50,78,54,51,59,,72,64,67,59,79,64,62,58,66,68,51,67,54,52,58,55,46,43,52,64,70,74,62,63,74,60,67,69,76,,83,60,45,,49,61,48,42,64,59,59,60,41,46,49,40,9,17,7,7,11,12,16,8,,7,17,9,18,10,2,96,33,43,78,,58,52,58,57,17,10,15,,3,,5,4,6,18,16,18,19,51,58,53,66,67,60,,78,12,11,12,30,16,27,35,39,12,12,23,25,32,20,,27,,,40,31,37,47,45,24,18,14,21,14,25,26,21,26,18,34,18,22,17,63,72,70,,68,67,48,48,30,43,56,45,84,93,94,83,26,19,27,11,57,,,78,66,63,69,77,99,93,106,94,103,87,31,8,8,,7,11,7,54,80,63,81,94,85,87,72,93,,83,91,74,97,76,88,89,80,81,,71,65,69,63,72,72,76,67,,69,62,74,66,52,44,27,24,50,53,69,58,38,31,17,17,11,8,9,10,19,15,183,15,38,28,55,57,14,,30,19,18,29,18,18,22,25,19,27,33,27,23,,29,44,,,38,42,37,20,37,34,28,18,13,52,33,27,12,57,64,41,30,,46,1,5,,,61,42,11,53,38,44,42,50,57,48,56,,68,85,70,73,78,80,82,83,79,84,72,75,81,35,,42,40,74,64,,79,78,64,64,57,65,,65,74,76,77,46,42,63,27,,72,47,79,84,,,56,51,59,61,83,82,81,68,58,64,66,65,63,57,57,60,45,51,47,43,68,69,63,77,,48,52,62,70,38,58,68,59,50,57,47,63,81,73,77,45,44,41,61,28,37,30,43,,25,27,70,18,32,53,58,53,56,38,69,36,57,37,55,51,55,89,98,53,44,22,52,15,34,34,29,,26,15,18,31,17,11,15,15,21,9,15,10,23,,52,41,,55,20,37,23,43,42,46,17,,,14,22,18,19,21,17,8,47,49,,41,52,53,24,,67,68,61,69,68,7,11,12,25,50,30,34,26,29,30,29,23,6,3,4,13,4,7,8,11,14,3,4,3,17,16,13,9,9,4,13,9,9,10,13,33,26,,21,20,32,25,21,18,11,10,9,9,9,12,13,13,12,13,9,7,6,16,13,16,12,,9,,10,11,,14,11,31,,34,41,51,35,36,45,51,54,44,54,72,70,72,60,55,58,54,4,3,7,6,4,94,47,46,62,25,24,37,36,6,8,13,35,35,,,33,37,,12,7,7,7,7,,54,52,25,23,17,10,6,7,9,16,32,23,31,20,34,33,27,27,37,33,26,13,8,12,5,24,,18,17,8,42,38,34,31,36,35,22,32,31,26,43,19,,13,18,13,3,22,25,23,29,35,21,24,17,14,19,22,18,17,25,26,15,10,40,38,31,27,26,33,31,92,71,72,84,75,61,57,61,39,42,44,48,51,54,59,48,79,57,58,,49,52,43,,46,45,45,16,38,75,55,71,56,79,,63,63,,64,69,65,61,66,64,70,76,,41,68,73,66,70,72,50,31,53,64,56,,,,,57,45,47,45,16,32,17,,25,103,105,46,48,93,93,92,80,87,81,81,78,72,,53,67,66,48,90,,81,101,75,80,41,75,63,80,58,73,86,85,77,91,62,,65,,71,69,60,61,50,74,86,79,83,81,39,28,26,86,,,79,68,87,93,80,80,83,74,100,88,73,71,88,79,56,85,62,90,,80,68,69,,102,80,83,116,73,79,61,53,57,81,82,80,,96,63,32,38,56,60,98,45,44,42,41,72,44,126,82,,76,,77,26,15,30,54,46,101,46,39,45,86,61,83,17,69,48,56,12,45,70,56,69,36,51,42,19,31,19,39,38,36,34,53,30,81,76,56,73,66,57,47,38,73,74,28,64,73,4,58,66,59,69,,7,4,26,46,7,34,32,43,8,15,39,10,33,36,12,33,12,52,,53,10,62,17,147,21,41,64,82,53,35,64,66,78,15,28,60,10,45,8,54,1,41,2,94,52,50,48,53,,68,89,72,43,21,34,55,25,22,29,21
20171215,15,O3_24h,62,65,40,57,58,62,74,77,68,57,61,63,,,62,,63,66,69,,55,77,69,,70,54,,23,19,17,,14,11,46,70,73,70,72,67,71,61,50,41,,41,35,,47,,51,38,38,43,42,37,73,,76,74,83,65,60,72,69,67,66,66,,60,57,65,63,30,41,36,28,22,23,23,46,,54,50,56,53,51,56,42,70,71,72,76,70,76,72,63,59,46,61,,66,67,49,34,48,,66,75,64,68,66,64,74,69,66,63,78,50,53,19,40,41,80,70,57,66,70,92,78,104,,61,67,35,43,52,103,86,72,57,59,58,62,63,47,65,74,67,72,25,40,30,31,34,29,41,38,39,45,32,26,28,40,27,43,56,60,59,55,56,62,37,,,,20,28,,32,27,26,,36,42,50,,29,33,31,40,32,39,34,52,32,,,,29,46,,46,49,41,51,54,,50,65,35,31,32,31,59,48,,123,,18,26,23,22,11,48,9,10,5,5,9,9,38,38,51,19,52,42,,12,30,20,32,36,12,38,39,34,,,36,,37,34,,39,54,40,81,84,71,,27,25,31,44,41,17,28,37,20,21,28,45,28,31,50,18,23,32,66,,62,,51,45,52,74,,24,,33,38,23,29,40,,37,21,22,9,11,24,21,16,24,54,23,13,6,29,26,26,35,57,20,24,20,19,18,22,36,16,21,25,20,15,19,18,36,11,18,20,31,12,19,13,25,16,15,16,23,15,16,13,24,,17,36,32,27,19,27,31,29,94,92,90,71,120,119,111,94,122,78,108,147,112,130,77,23,25,15,32,28,19,22,20,45,52,64,63,42,42,37,44,77,72,54,84,90,86,96,90,84,117,19,33,6,33,19,20,16,32,38,24,20,21,77,110,65,74,76,52,,39,45,38,34,50,25,26,,,51,29,47,30,26,,58,72,68,56,,,56,68,33,30,28,34,26,16,27,31,25,100,97,97,97,96,90,84,109,108,114,96,108,116,78,60,51,75,64,91,76,88,88,79,88,66,48,88,75,80,86,81,94,,58,104,70,,,,77,52,23,28,53,39,42,,56,20,12,21,14,19,9,10,10,8,9,46,10,20,28,70,77,69,77,66,65,79,72,71,85,77,89,84,79,72,56,54,45,47,65,69,65,75,76,64,76,77,67,63,80,,,,21,20,29,19,39,,40,31,,28,37,38,36,27,38,26,31,23,41,44,,45,,53,54,54,30,53,40,,47,,38,,30,38,35,131,26,34,22,44,60,68,51,68,57,34,39,,,31,28,30,40,21,91,113,110,87,97,101,97,97,93,101,99,92,106,67,76,70,65,54,25,94,99,97,40,41,43,66,73,73,30,38,,92,109,,131,122,118,135,19,29,25,71,,,33,31,34,87,,59,71,79,60,100,97,,101,91,,41,45,46,44,44,54,60,69,47,50,78,54,52,63,,77,67,73,76,91,68,64,62,68,69,54,68,58,54,58,55,47,45,52,67,75,78,69,65,74,60,67,71,76,,88,60,48,62,53,61,54,42,64,59,63,61,47,47,50,45,16,23,16,23,29,28,32,29,118,26,33,34,43,35,43,96,95,47,78,,58,52,58,57,33,32,40,,16,,18,9,18,18,16,18,19,51,58,53,66,67,60,,78,46,14,15,30,20,27,35,39,17,14,25,58,33,20,,29,,,40,33,48,70,45,38,23,26,25,22,33,32,29,29,18,41,18,22,20,70,77,70,36,68,67,48,48,30,43,56,45,86,93,94,90,26,19,27,16,62,,,78,66,63,69,77,99,93,106,94,103,87,60,36,41,,31,79,93,54,80,63,81,94,86,87,74,93,,83,91,75,97,76,88,89,80,83,87,71,65,69,63,93,93,97,74,,70,85,78,75,57,45,36,60,59,72,84,235,83,31,20,27,50,44,31,38,44,60,183,46,55,43,55,57,41,1,46,34,56,66,47,48,53,53,34,44,51,38,52,,47,57,,,66,66,48,38,39,34,94,41,45,71,35,37,25,57,66,41,36,,72,4,8,,,61,197,11,53,41,44,42,50,57,48,56,,79,85,70,73,78,80,82,83,79,84,72,76,82,35,,42,40,74,64,,79,78,67,77,59,68,,67,88,83,92,49,46,65,36,,81,53,80,85,,,56,65,65,65,105,100,95,69,58,64,66,67,66,61,61,65,45,57,54,43,69,70,65,77,51,58,57,62,72,41,58,68,59,51,57,47,64,97,73,77,55,44,46,68,84,63,33,73,44,60,58,70,41,52,62,66,57,65,42,70,45,64,53,60,58,57,91,101,53,52,45,77,90,34,40,46,,35,25,26,31,30,27,38,36,39,17,53,28,40,26,68,47,31,64,27,41,41,53,42,99,44,,43,34,40,35,36,37,43,42,51,49,,47,52,68,52,94,68,73,78,79,75,43,47,47,53,88,48,50,38,44,50,43,33,22,14,26,33,26,33,35,32,14,3,5,4,19,24,22,19,13,15,29,35,33,29,24,34,34,25,30,21,46,25,22,18,32,32,29,25,25,24,21,21,21,25,34,25,23,22,24,38,40,,13,,10,11,,17,12,31,,34,41,51,35,36,45,51,54,46,54,72,70,72,66,55,58,54,11,8,11,8,10,94,54,50,62,28,24,37,36,19,24,28,35,35,35,,36,38,,26,13,12,9,14,52,54,52,30,37,17,10,6,8,9,16,32,23,33,23,34,33,27,195,52,33,26,13,8,12,6,24,,18,19,14,43,38,34,32,41,35,25,32,31,29,43,30,33,29,35,19,19,41,44,49,38,41,29,44,28,26,29,30,23,24,27,26,19,17,40,38,34,28,27,51,45,92,73,74,84,75,61,57,61,39,51,44,48,51,54,59,48,79,58,58,41,55,52,43,,46,48,65,27,62,81,114,97,94,130,,63,63,,64,69,65,61,66,74,90,76,,47,81,132,74,82,81,53,43,53,73,56,,,,,57,45,51,45,16,33,31,,38,103,105,46,49,108,103,96,80,90,93,81,78,73,,71,68,66,54,90,,84,106,75,80,49,76,120,119,70,88,115,116,95,111,72,,79,,71,71,60,61,50,74,88,80,83,83,39,32,44,86,,,80,88,87,93,97,98,83,77,100,88,85,78,88,81,60,85,62,90,,80,68,82,,102,80,94,130,95,86,81,64,74,98,96,93,,96,65,38,38,69,73,98,51,45,58,48,83,58,126,103,,76,99,82,26,20,88,61,66,118,50,47,55,86,62,83,24,69,50,56,12,45,70,56,69,42,53,46,34,31,51,52,38,51,34,53,39,81,76,77,79,66,61,47,38,73,74,51,64,80,28,58,66,59,69,,21,16,30,47,28,36,37,43,22,35,48,17,39,36,31,37,31,52,,55,11,62,21,147,47,41,66,82,55,35,69,66,84,38,43,62,10,52,35,54,17,45,17,101,52,50,48,53,,79,90,72,43,38,34,55,28,22,29,41
20171215,15,O3_8h,52,59,30,46,49,50,63,50,42,49,52,54,,,38,,40,44,42,,35,35,38,,31,32,,12,8,10,,5,5,34,45,44,46,48,42,49,33,32,29,,21,7,,9,,30,15,22,26,25,17,64,,57,63,74,51,39,62,50,58,39,43,,37,31,35,36,16,20,19,17,12,16,12,24,,25,20,30,24,25,26,17,65,59,61,60,60,61,57,47,40,33,44,,48,47,33,26,32,,48,43,38,40,36,32,44,37,38,33,47,40,42,12,32,32,50,52,42,55,58,67,50,60,,38,41,23,25,31,78,53,56,44,41,37,45,41,33,38,59,40,40,9,25,13,12,15,16,26,13,22,28,22,16,17,18,19,30,34,48,46,43,46,46,2,,,,4,5,,7,4,10,,23,29,41,,15,22,17,24,19,26,20,27,21,,,,19,36,,38,37,26,34,33,,34,16,15,9,17,11,37,30,,24,,10,11,10,6,10,28,4,2,3,4,4,4,5,5,3,6,13,11,,4,4,4,17,9,6,12,6,6,,,26,,19,16,,23,11,12,69,73,50,,9,9,11,16,17,6,7,20,13,10,18,31,18,18,36,12,10,28,38,,28,,26,19,46,59,,13,,16,15,7,11,13,,16,6,8,1,6,9,10,8,7,35,4,8,4,14,12,20,14,8,11,17,12,13,11,13,21,10,16,14,8,8,8,7,17,6,9,14,18,7,14,7,17,10,10,11,17,10,11,7,12,,7,18,13,15,11,17,11,21,66,43,59,35,70,68,43,81,86,56,66,54,50,58,44,8,10,6,9,10,8,13,11,13,19,20,12,17,16,17,17,36,36,28,35,34,38,40,37,37,74,9,12,,12,13,15,10,16,23,17,10,14,72,95,59,66,64,34,,10,15,19,12,4,6,14,,,17,11,11,16,9,,25,33,27,20,,,24,60,14,12,17,13,10,4,8,6,7,51,37,67,48,48,48,46,58,44,50,53,52,36,29,23,18,26,18,30,25,35,35,33,29,21,17,43,42,65,46,41,52,,31,62,52,,,,66,39,7,12,18,11,18,,12,13,8,14,10,12,6,8,7,5,6,36,8,14,18,57,61,61,64,55,53,62,52,57,66,57,74,70,64,61,36,29,30,33,54,56,48,58,61,50,62,53,43,37,70,,,,12,8,12,9,21,,20,13,,8,22,21,20,5,10,3,11,5,13,10,,9,,19,21,13,11,14,12,,15,,12,,12,15,18,28,7,2,3,25,29,31,20,32,18,19,26,,,11,11,9,13,8,62,74,72,45,70,62,29,27,29,32,20,27,64,31,33,23,14,15,11,66,64,59,16,21,21,38,42,42,14,15,,53,57,,66,64,59,107,12,12,11,41,,,17,17,17,83,,47,60,70,53,46,54,,55,44,,19,24,16,17,23,28,25,34,39,26,52,33,36,44,,53,50,51,46,60,50,42,44,54,53,42,54,43,34,41,41,34,28,32,48,49,54,49,50,52,41,47,49,59,,60,45,39,45,43,43,31,27,35,32,38,51,27,34,33,28,7,12,7,8,10,16,16,10,69,6,12,8,14,11,4,21,31,21,41,,27,24,27,25,7,8,12,,,,7,3,8,9,10,10,14,22,26,25,29,26,25,,32,24,9,8,18,13,14,18,25,12,11,22,21,26,15,,18,,,30,19,32,34,33,18,13,8,14,10,21,20,17,22,11,34,11,11,16,60,64,34,17,31,31,29,24,20,24,29,28,30,40,38,39,18,11,18,10,43,,,47,32,25,28,30,60,40,56,56,60,45,31,8,6,,7,10,6,29,31,25,29,58,41,60,49,55,,42,50,58,51,34,40,42,34,40,34,22,20,24,23,64,64,67,57,,64,47,42,48,37,29,18,36,27,43,53,150,18,10,7,7,5,5,16,19,10,7,33,10,16,11,29,32,11,1,22,13,20,34,26,22,17,20,24,24,38,26,28,,30,38,,,47,45,40,24,28,25,62,23,16,43,22,28,15,47,52,30,25,,48,1,4,,,36,64,7,28,26,29,25,26,29,25,28,,32,51,37,38,39,41,40,43,56,59,48,62,61,16,,16,18,36,29,,38,29,34,40,34,40,,43,52,50,63,45,38,62,20,,56,33,63,78,,,47,42,59,58,75,76,77,56,49,57,56,57,45,42,40,44,36,45,40,31,35,43,32,41,47,49,51,47,60,26,33,32,28,35,40,38,52,52,23,37,42,30,35,56,30,27,18,55,12,43,25,62,20,29,43,46,41,41,27,54,22,31,37,48,48,53,59,68,40,46,24,57,31,19,26,17,,15,9,10,11,10,8,6,8,26,6,17,20,21,10,49,36,23,49,21,32,23,41,34,39,9,,11,10,18,16,23,21,22,12,33,26,,37,42,48,39,57,52,64,39,64,66,18,22,19,24,76,22,21,25,24,23,17,12,10,6,7,18,8,11,8,14,10,3,4,3,16,20,16,9,8,5,8,10,9,10,12,27,23,13,16,14,35,17,13,15,10,10,10,9,9,12,12,12,12,12,9,7,6,11,9,13,8,,9,,7,9,,12,7,13,,13,17,24,12,14,22,28,29,23,32,33,33,36,35,27,28,25,8,6,6,7,7,68,26,24,21,20,14,18,19,8,12,14,22,20,20,,20,25,,15,7,6,7,7,25,29,29,14,14,10,6,4,5,6,11,22,17,23,18,21,18,12,35,32,21,24,11,5,9,3,16,,12,15,8,40,35,31,30,32,31,21,17,22,22,28,23,20,13,19,11,2,21,22,23,24,25,9,21,15,12,17,19,18,14,16,12,13,9,31,25,26,22,22,28,25,74,50,54,55,33,26,28,31,23,28,23,30,22,23,26,20,38,27,29,21,29,26,21,,22,42,34,19,44,67,51,51,44,92,,28,27,,31,36,37,24,32,38,34,41,,35,49,52,48,42,39,45,28,43,58,47,,,,,44,35,29,29,7,16,16,,26,54,57,30,32,84,82,80,50,76,61,49,47,42,,54,59,31,30,40,,65,63,29,29,18,31,68,82,38,51,50,52,38,53,34,,63,,47,46,29,30,22,23,63,55,59,59,20,14,13,52,,,68,62,41,42,70,72,52,51,70,57,58,62,76,64,45,39,26,58,,44,30,48,,73,54,55,78,42,59,42,37,39,78,72,72,,78,47,16,14,32,30,85,38,32,48,32,37,28,62,66,,60,52,60,14,7,15,51,55,104,40,36,22,38,49,41,13,32,32,33,7,25,32,35,48,29,39,15,12,24,19,29,14,18,11,20,20,39,34,51,37,47,42,23,26,46,28,23,40,45,2,35,56,49,62,,10,5,20,37,4,27,29,26,6,14,18,9,27,22,9,16,10,25,,33,6,33,13,78,29,20,59,77,42,21,56,27,46,16,32,37,7,36,6,38,3,38,4,77,28,28,26,29,,37,41,61,26,11,16,14,16,12,16,13
20171215,15,O3_8h_24h,52,59,30,46,49,50,63,50,42,49,52,54,,,38,,40,44,42,,35,35,38,,31,32,,12,8,10,,5,5,34,45,44,46,48,42,49,33,32,29,,21,7,,9,,30,15,22,26,25,17,64,,57,63,74,51,39,62,50,58,39,43,,37,31,35,36,16,20,19,17,12,16,12,24,,25,20,30,24,25,26,17,65,59,61,60,60,61,58,47,40,33,44,,48,47,33,26,32,,48,43,45,56,52,61,59,60,38,33,59,40,42,12,32,32,50,52,42,55,58,67,50,81,,38,41,23,25,31,90,53,56,47,50,45,55,49,34,54,66,56,64,25,31,25,30,34,24,26,38,23,30,23,19,21,25,20,34,39,48,46,43,46,46,2,,,,4,6,,10,6,14,,24,29,41,,27,25,23,36,24,28,27,32,21,,,,20,36,,41,38,29,44,44,,43,16,30,13,23,11,37,30,,24,,10,11,10,6,10,28,4,2,3,4,4,4,5,5,3,6,13,11,,9,4,4,17,22,7,20,6,6,,,26,,19,16,,34,30,24,80,82,63,,9,9,20,25,17,8,7,21,15,19,26,35,25,27,48,17,21,30,52,,53,,39,32,47,66,,14,,29,19,20,13,32,,21,13,8,1,6,9,10,8,7,35,4,8,5,14,12,20,19,8,11,17,12,13,11,13,21,10,16,22,16,11,16,14,24,9,13,14,18,7,14,7,17,10,10,11,17,10,11,7,12,,7,18,13,16,11,17,11,21,87,80,75,62,70,68,50,81,86,61,66,54,50,58,44,8,10,6,9,10,8,13,11,13,19,20,12,17,16,17,17,36,36,28,35,34,38,40,37,37,74,9,12,5,15,13,15,10,20,30,17,10,14,72,95,59,66,64,45,,39,34,30,22,30,21,14,,,39,24,42,28,26,,32,33,27,20,,,24,60,24,26,20,28,22,14,23,10,22,51,37,67,48,48,48,46,58,44,50,53,52,62,29,23,18,26,18,30,25,35,35,33,29,21,17,43,42,76,46,41,78,,43,81,68,,,,66,39,7,12,18,11,18,,48,13,8,14,10,12,6,8,7,5,6,46,8,14,18,57,61,61,64,55,53,62,52,57,66,57,74,70,64,61,40,34,30,33,54,56,48,58,61,50,62,61,61,59,70,,,,12,8,12,9,21,,20,15,,8,22,21,20,5,10,16,28,5,13,11,,9,,33,23,38,21,27,12,,17,,14,,12,22,18,31,23,26,3,25,29,31,46,43,42,19,26,,,31,27,29,25,19,62,74,72,45,70,62,47,42,42,44,42,38,64,33,41,35,14,15,11,71,78,71,16,21,21,38,42,42,14,15,,53,57,,66,64,59,107,12,12,11,41,,,17,17,17,83,,47,60,70,53,46,54,,55,44,,19,24,16,17,23,28,25,34,39,26,52,33,36,44,,53,50,51,46,63,50,42,44,54,53,42,54,43,34,41,41,34,28,32,48,49,54,49,50,52,52,47,49,59,,75,45,39,45,43,43,31,27,35,32,38,51,27,34,33,28,12,15,13,18,26,26,30,26,71,13,16,18,20,18,6,21,88,21,41,,27,24,27,25,7,8,12,,,,7,3,8,9,10,10,14,22,26,25,29,26,25,,32,34,9,8,18,13,14,18,25,12,11,22,21,26,15,,18,,,30,32,48,34,34,26,17,9,18,10,25,22,17,22,12,38,12,11,16,60,64,34,18,31,31,29,24,20,24,29,28,30,40,38,39,18,11,18,10,43,,,48,32,25,28,30,60,40,56,56,60,48,47,25,20,,24,38,40,29,31,25,29,58,41,60,49,55,,42,50,58,51,34,40,42,34,40,34,22,20,24,23,72,67,74,57,,64,80,70,70,37,29,28,53,27,53,54,215,18,10,18,27,6,5,16,27,10,7,33,10,17,11,29,32,11,1,37,26,44,53,36,22,25,20,26,24,40,32,43,,33,40,,,60,52,40,24,29,25,81,25,28,43,22,28,15,51,56,31,29,,54,3,8,,,36,64,7,28,26,29,25,26,29,25,28,,32,51,37,38,39,41,40,43,56,59,48,62,61,16,,16,18,36,29,,38,29,34,40,34,40,,43,61,60,68,45,38,62,35,,61,38,71,78,,,54,63,59,58,89,92,92,56,49,57,56,57,45,42,40,44,36,45,40,31,35,43,32,41,47,49,51,47,60,26,33,32,28,35,40,38,52,52,23,37,46,30,35,56,58,54,18,56,39,58,54,63,31,36,43,46,41,41,27,65,22,31,37,60,57,56,59,68,40,46,31,60,50,19,32,42,,18,23,22,25,18,8,15,10,32,7,53,26,21,10,49,36,23,49,24,32,33,42,34,70,13,,11,18,22,24,35,25,32,31,33,26,,37,42,58,39,57,66,65,39,64,66,32,35,34,27,82,36,37,25,25,27,27,17,12,11,26,24,24,31,33,30,10,3,4,3,16,20,16,9,8,6,8,13,13,13,13,27,23,13,16,14,35,17,13,15,20,22,20,18,19,16,15,15,14,18,13,12,10,14,9,13,8,,9,,7,9,,12,7,13,,13,17,24,12,14,22,28,29,23,32,33,33,36,35,27,28,25,9,7,6,7,8,68,26,24,21,20,14,18,19,18,23,27,22,20,20,,20,25,,24,7,6,7,7,25,29,29,14,14,10,6,4,5,6,11,22,17,23,18,21,18,12,35,32,21,24,11,5,9,3,16,,12,15,8,40,35,31,30,32,31,21,17,22,22,28,24,20,19,22,11,4,36,34,39,28,26,10,23,17,13,19,19,22,14,22,14,13,9,31,29,26,22,22,28,25,74,50,54,55,39,34,43,40,23,28,28,30,26,23,26,20,38,27,32,22,44,36,32,,30,42,37,19,54,68,84,74,50,108,,28,27,,31,39,37,28,35,38,34,41,,35,49,53,48,42,39,45,28,43,58,47,,,,,44,35,29,29,7,16,23,,36,54,57,35,44,92,100,95,50,76,61,49,47,42,,54,59,40,38,40,,65,68,29,29,18,31,70,82,38,51,52,69,38,53,34,,69,,69,63,29,30,22,23,63,55,59,59,28,19,20,52,,,71,62,41,42,76,72,69,72,83,73,58,62,76,75,52,39,26,58,,44,30,52,,92,54,77,96,65,82,58,46,48,78,77,80,,78,50,16,14,32,30,85,38,40,55,32,37,28,62,75,,60,52,60,14,9,15,51,65,110,40,36,29,38,58,41,13,32,32,33,7,25,32,35,48,30,39,15,12,24,37,29,14,20,11,20,24,39,34,52,39,47,42,33,26,46,28,23,40,45,7,35,56,49,62,,21,5,20,38,6,27,30,26,6,16,18,9,30,22,30,35,25,25,,33,6,33,13,78,33,24,61,77,53,21,56,27,46,18,33,37,7,45,21,38,3,40,4,77,28,28,26,29,,37,61,61,26,38,16,15,16,12,16,13
20171215,15,CO,0.2,0.3,0.2,0.3,0.2,0.3,0.2,0.1,0.2,0.4,0.3,0.4,,,0.6,,0.1,0.5,0.3,,1,0.3,0.6,,0.4,0.5,,2,2.3,2,,2.3,1.9,0.9,0.6,0.9,0.5,0.5,0.7,0.6,1.6,1.3,1.2,,1.7,2.1,,2,,1.7,1.5,2,1.8,1.7,1.6,0.2,,0.2,0.5,0.7,0.1,0.2,0.2,0.6,0.3,,0.3,,0.1,0.6,0.3,0.3,1.8,1.8,1.7,2.3,2.4,2.5,2.3,1.2,,1,1.5,1,0.6,0.7,0.7,1.3,0.7,0.6,0.5,0.5,0.6,0.5,0.3,0.9,0.2,0.5,0.3,,0.5,0.3,0.7,0.4,0.3,,0.3,0.4,0.6,0.8,0.7,0.7,0.7,0.7,0.5,0.7,0.5,0.9,0.8,0.9,0.2,0.3,0.4,0.4,0.5,0.4,0.4,0.7,1,1.2,,0.9,0.9,0.6,0.8,1,0.5,0.8,1,0.4,0.9,,0.7,0.8,0.6,0.9,0.6,0.6,0.4,,0.6,0.2,0.8,0.6,0.8,1.3,0.1,0.5,0.8,0.8,1,0.6,0.8,0.5,0.3,1,0.8,0.5,0.9,0.9,1,,,,,1.8,1.7,,1.5,1.8,1.8,,0.7,0.3,0.5,,0.8,1.2,1.2,0.9,1.1,0.9,1,1.1,1.1,,,,0.9,0.8,,0.3,0.4,0.5,1,0.3,,0.7,0.8,1.2,0.9,0.7,1,1.1,0.8,,0.9,,1,1.5,1.2,1.3,0.9,0.6,0.8,1.1,1,1,1,0.7,0.8,0.7,1.3,0.8,1.1,0.6,,0.8,0.8,0.7,0.6,0.4,0.7,0.8,0.7,0.9,,,0.7,,0.8,0.7,,0.7,0.9,0.8,0.7,0.7,0.7,,1.1,0.6,0.6,0.6,0.7,0.9,0.9,0.9,,0.6,1.1,0.6,0.7,,0.6,0.7,0.4,0.2,0.7,,0.8,,0.6,0.5,0.2,0.4,,0.9,,0.9,1.1,1,1.1,0.9,,1.5,1.5,1.6,1.3,1.3,1.3,1.2,1.2,1.3,1.5,1.3,1.3,1.3,1.4,1.3,1.3,1.4,1.3,1.6,1.8,2.2,2.4,2.4,1.9,2.3,1.7,2.2,0.9,1,1.2,1,0.8,1.1,0.9,0.9,1,1.3,1.2,1,0.8,1,1.1,0.9,1.1,1.2,1.2,0.8,1.4,1.4,,0.9,1,1.2,0.9,1.2,1,1,0.9,0.7,0.8,0.7,0.9,0.7,0.5,0.8,0.6,0.6,0.6,0.6,0.8,0.6,0.8,1.2,0.9,1.3,1,1.4,1.2,1.1,1.2,1,1.2,1,0.9,1.2,1.2,1.2,1.1,1.1,1,1.1,1.2,1.2,1.1,,1,1.2,1.2,0.9,1,1.5,,0.8,0.9,1.3,1.3,1.5,1.1,,1.2,1.4,0.5,0.5,0.4,0.4,0.6,0.7,,1.1,0.7,0.7,1.3,1.1,1,0.7,,,0.8,1,0.9,0.8,1,,0.9,0.6,0.7,0.7,,,1,0.6,0.9,1.1,0.9,1,0.8,1.1,1,0.9,1.2,0.7,0.8,0.9,1.1,0.6,,0.7,0.8,0.7,0.7,0.6,0.6,0.3,1.4,2.1,1.4,0.6,1.2,1.1,1.7,1.1,1.2,1.2,1.1,1.6,1.6,0.3,0.6,1.1,0.4,0.6,1.5,,1.5,1.4,0.3,,,,1.2,0.9,1.4,1.3,1,1.2,1.6,,1.4,0.8,1,0.8,1.1,1,0.9,,0.9,1.2,1.1,0.8,0.8,1,0.7,0.4,0.4,0.3,0.7,0.3,0.3,0.6,0.5,0.4,0.5,0.4,0.2,0.3,0.2,0.2,1.2,1.5,1.4,1.4,0.6,0.6,0.5,1.1,0.7,1,0.9,0.3,0.6,0.5,0.6,,,,1.2,1.1,1.4,1.3,1.3,,1.4,1.8,,1.2,1.5,1.1,1.6,1.7,1.8,2.2,2.7,1.6,,1.3,,1,,0.6,1.4,1.9,1.3,1.7,1.7,,1.4,,1.9,,1.5,1.6,1.3,0.8,1.7,1.3,1,1.3,1.3,1,1.6,1.8,1.7,1.4,1.5,,,1.1,1.1,1.2,1.2,1.6,0.8,0.7,0.6,0.8,0.8,1,1.3,1.1,1.2,1.1,1,1.3,0.7,1.8,1.3,1,1,1.1,0.8,0.9,0.9,0.7,1,0.8,0.9,1,1.1,1.2,1.3,1.2,,0.7,0.7,,0.9,0.8,1,0.8,1,1.1,0.9,0.9,,,3.1,2.3,2.9,1,,0.7,1.4,0.7,0.7,1.7,1.6,,1.5,1.5,,3.6,2.8,2.8,2.7,3.3,,0.1,0.7,2.8,,1.1,0.3,0.5,0.2,,0.7,0.9,0.8,1.8,0.7,0.5,0.5,0.4,0.4,0.4,0.3,0.5,0.4,0.7,0.8,0.8,0.8,0.9,0.8,0.4,0.7,0.4,0.3,0.5,0.6,0.7,1.1,0.7,0.6,,0.5,0.5,0.7,0.6,0.6,0.2,1,0.6,0.8,0.8,0.6,0.7,0.7,1.3,0.4,0.7,0.9,,0.8,0.9,0.8,0.5,0.9,0.6,,0.8,1.1,0.7,1.3,1,0.7,0.6,0.8,1.8,1.5,,1.2,1.5,1.5,1.6,2.6,2.6,2.7,,2.8,,1.9,1.8,1.7,1.9,2.4,2.1,2.5,1.3,1.3,1.5,1.4,1.4,1,,1,1.5,1.3,1.4,1.6,1.2,1,1.3,1.4,1,1,0.9,1,1.2,0.9,,1.1,,,1.4,1.6,1.6,1.3,0.8,0.8,1,0.9,1,,1,1.4,1.1,0.9,1,1.4,1.3,1,1.2,0.5,0.5,0.8,0.7,0.9,0.9,0.9,0.7,1,0.7,1.1,1,2.1,1.6,0.9,0.6,0.7,0.5,1.3,0.5,0.9,,,0.6,0.9,0.7,0.9,0.7,0.7,0.8,0.7,0.6,0.6,0.7,1.2,0.9,1.2,,1.1,1.4,1.6,1.4,1.1,0.8,1.2,0.8,0.9,1.3,1.3,0.7,,0.9,0.7,0.6,,0.7,1,0.3,0.7,0.6,0.6,0.7,0.7,0.6,,0.4,0.4,0.3,0.5,,0.5,0.4,0.3,0.6,0.6,0.6,0.6,0.7,1.2,2.3,3,0.8,1.3,1.8,1.4,1.4,1.7,1.4,1.7,1.7,1.6,1.2,8.2,1.2,1.5,1.3,1.1,1.1,2.6,1.6,2,1.8,1.5,1.4,1.4,1.5,,,0.9,0.9,0.9,0.5,0.5,0.6,0.8,0.6,,0.7,0.3,0.9,0.6,0.7,0.2,0.7,1,1,1.4,1.1,1.1,0.6,1,0.4,0.4,0.5,0.6,,0.7,0.5,0.6,,,0.6,0.4,0.9,1.4,1.4,1.7,1.3,1.3,1.2,1.2,0.9,,0.7,0.7,1.6,2,1.7,1.6,1.3,1.3,0.1,0.5,0.4,0.6,0.2,2.1,,0.9,1.2,1.4,1.7,,1.2,1.1,0.4,0.9,0.8,0.4,,1.3,0.5,0.3,0.3,0.3,1,0.5,0.7,,0.5,0.5,0.2,0.2,,,0.5,0.3,0.5,0.3,0.6,0.6,0.3,0.3,0.3,0.4,0.3,0.5,0.6,0.5,0.6,0.8,0.2,,0.2,,0.4,0.7,0.7,0.5,,0.6,0.5,,0.4,,0.3,1,1.1,0.5,0.7,0.6,0.2,0.9,0.8,0.9,0.5,0.4,0.7,1,1.1,1.1,1.1,0.9,1.4,1.2,1,0.6,0.8,1.2,,0.8,0.4,0.6,0.8,0.4,1.2,0.6,0.6,0.7,0.6,0.7,1.4,1.1,0.4,0.7,0.6,0.7,0.6,0.7,0.8,0.6,,0.6,0.5,0.6,,0.7,1.2,1,1.5,,0.8,0.7,0.8,0.8,0.8,0.3,0.5,0.3,0.4,0.6,0.6,0.6,0.5,0.4,0.6,0.7,,1.1,1,1.2,0.8,0.7,0.7,0.8,0.8,,0.8,,0.5,0.5,0.9,1.1,,0.6,0.5,0.5,0.5,0.4,1.2,1.1,1.4,0.6,0.4,0.5,0.7,0.8,0.8,1.1,1.2,0.8,0.6,1.3,1,0.4,0.8,0.8,1,0.6,0.8,2.6,1.4,1.5,1.3,0.7,0.6,0.7,0.8,1.1,0.4,,0.7,0.6,0.7,1.6,1.6,1.4,1.3,1.7,0.7,0.7,0.7,0.8,1.6,1.6,1.5,1.6,2.7,0.6,0.8,0.6,0.8,0.4,1.2,1.1,0.8,2.5,3.4,3.3,3.3,,3.8,,3.7,2,,2,1.9,1.9,,1.7,1.4,1.2,1.2,1.6,1.8,1.5,1.6,1.6,1.6,0.9,1,0.7,1,1.2,,1.1,1,1.1,1,1,1.1,1,1,1.3,1.2,,1.5,1,1,1.2,1.4,0.9,1.7,1.2,1.1,,1.3,1.3,,0.9,1.1,1.4,1.3,1.3,1.2,1.2,1.2,1.4,1.2,0.7,1.4,1.5,1.1,1.2,1.4,1,1.3,1,1.2,1.1,1.3,1.8,1.7,1.5,1,1.2,1.3,1.5,1.2,1.5,1,,0.7,0.7,1,1.2,0.6,1.1,0.8,0.7,0.6,1.6,1.2,1.7,1.9,0.6,0.3,0.5,1.6,0.6,1.3,0.6,1.1,0.9,1.1,1.3,0.6,1.1,0.8,0.8,1,1.1,1,,1.3,1.1,1.2,0.8,1,1,0.8,1,0.9,0.8,,1,0.4,0.5,0.5,0.8,0.6,0.7,0.8,0.7,0.7,0.7,0.3,0.3,0.6,0.7,0.6,1,0.4,0.2,0.4,0.2,0.8,0.8,0.9,,0.7,0.7,0.8,1,1,1,0.7,0.7,0.8,0.7,,0.5,0.6,,0.9,0.7,0.9,0.6,0.9,0.2,0.3,0.5,,0.6,1.3,0.8,0.7,0.6,0.8,0.7,1,1.1,,0.7,,,,,1.5,1.2,1,1,0.9,1.4,1.1,,1,0.6,0.9,0.9,0.6,1.2,0.8,0.7,0.4,,0.7,1.3,0.7,0.8,,0.4,0.5,,1.1,0.3,,0.8,0.9,0.7,0.9,0.7,0.7,0.2,0.6,0.9,1.6,,0.6,0.3,0.7,0.6,,0.3,,0.3,0.3,1.3,1.5,1,,0.7,0.8,0.7,0.7,0.9,1.3,0.9,0.7,,,0.5,0.6,0.6,1.2,0.4,0.5,0.3,,0.1,,0.5,0.4,0.6,0.5,0.5,0.4,0.5,0.5,,1,1.5,1.3,,1,1.5,1.6,0.7,0.5,0.5,0.1,,0.3,0.5,0.7,0.3,,0.5,0.1,2.1,2,1.6,2.4,0.7,1.6,0.7,0.7,0.7,0.8,0.8,1,0.7,,2.9,,,1.9,2.1,1.7,,0.2,0.2,0.8,0.9,0.7,1.2,0.6,1.8,1.2,0.4,0.7,0.4,2.9,1.4,0.3,1,0.7,0.4,0.6,0.4,0.6,0.8,0.7,0.6,1.4,1.4,1.6,0.9,0.8,0.7,0.6,0.9,0.7,0.3,0.3,0.7,0.7,0.5,0.4,0.5,0.3,0.7,0.8,1,0.7,0.5,2.2,,1.3,0.7,1.2,0.7,1.3,1.3,1.1,0.5,1.9,1.8,0.8,1.3,1.3,1.1,1.1,0.8,0.8,2.4,,0.4,2.1,1.4,1.1,0.9,0.8,0.8,1,0.3,0.3,1.5,0.5,1.2,,1,0.5,0.6,3.4,0.7,2.4,0.9,1.9,0.5,2,0.5,1.5,0.9,0.9,0.7,,0.5,1,0.2,1.2,1.2,1.8,0.5,1.5,1.3,,2.3
20171215,15,CO_24h,1.2,1.1,1.2,1.3,1.4,1.1,1.4,1.6,1.7,1.4,1.3,1.5,,,1.6,,0.8,1.3,1.2,,1.8,1.2,1.3,,1.4,1.3,,2.1,2.2,2.5,,1.8,1.6,1.4,1.6,2.2,1.4,1.8,1.8,1.6,2.4,2.6,2.7,,2.7,2,,1.9,,2.3,2.3,2.5,2.6,2.6,2.2,0.7,,0.6,1,1.2,1.5,2.1,1.6,2.6,1.6,1.3,1.3,,1,1.4,1,1.1,1.8,1.9,1.7,2.3,2.3,2.1,2.3,2.8,,3.1,3.5,2.9,2.9,2.7,2.6,3,0.9,0.8,0.7,0.8,0.8,0.7,0.6,1.2,2.3,2.8,2.4,,2,2.4,2.5,2.3,2,,2.1,1.2,1.1,1.2,1.2,1.2,1,1,1.5,1.5,0.9,1.3,1.4,1.4,0.9,0.9,1.1,1.3,1.2,1.1,1,1.1,1.2,1.4,,0.5,1.3,0.8,1.3,1.3,1,1.4,1.7,0.4,0.8,0.8,0.5,0.8,0.9,0.8,0.6,0.6,0.4,0.4,0.7,0.2,0.7,0.6,0.8,0.8,0.2,0.5,0.8,0.9,0.9,0.6,0.7,0.6,0.3,0.8,0.8,0.6,0.9,0.8,0.7,1.4,,,,1.5,1.3,,1.2,1.1,1.1,,0.7,0.2,0.5,,0.7,1.1,1.1,0.8,1,0.8,1,1,1.1,,,,0.9,0.7,,0.2,0.3,0.5,0.9,0.6,,0.6,0.7,0.9,0.6,0.5,0.8,1,0.6,,0.7,,1.7,1.5,1.3,1.2,0.9,0.7,0.7,1.2,1.1,1,0.9,0.7,0.7,0.6,1.1,0.8,0.8,0.8,,0.8,0.9,0.8,0.6,0.5,0.6,0.8,0.7,1.1,,,0.7,,0.8,0.6,,0.7,0.8,0.8,0.7,0.6,0.6,,0.9,0.7,0.6,0.6,0.7,0.9,0.8,0.9,0.7,0.6,1.1,0.6,0.8,0.6,0.6,0.7,0.5,0.5,0.7,,0.8,,0.6,0.5,0.3,0.4,,0.7,,0.8,0.9,0.8,0.9,0.9,,1.3,1.6,1.9,1.8,1.8,1.9,1.7,1.8,1.7,1.5,1.2,1.5,1.1,1.1,1,1,1.1,1.3,1.4,1.5,1.7,1.8,1.9,1.5,1.8,1.3,1.8,0.7,0.8,1,0.8,0.7,0.9,0.8,0.9,1,1.1,1,1,1,0.9,1.1,1,1.1,1.1,1.1,0.8,1.4,1.3,,0.8,1,1.1,0.8,1.1,0.9,0.9,0.9,0.6,0.8,0.7,0.7,0.6,0.6,0.8,0.6,0.7,0.6,0.7,0.9,1,1,1.2,0.9,1.3,1,1.3,1.1,1.1,1.2,1,1.4,1.2,1,1.3,1.2,1.2,1.1,1.1,1.1,1.1,1.2,1.2,1.2,1.3,1,1.2,1.3,1,1.1,1.4,1.3,0.7,0.9,1.3,1.3,1.4,1.2,0.9,1.1,1.4,0.4,0.4,0.4,0.4,0.6,0.7,,1,0.7,0.8,1.1,0.9,0.8,0.8,,,0.8,0.9,0.7,0.9,0.9,,0.8,0.7,0.8,0.8,,,0.9,0.7,0.8,0.8,0.9,0.9,0.7,0.9,0.9,0.8,1.1,1,1.1,0.8,1.3,0.7,1.1,1,1.1,1.9,1.1,0.6,0.7,0.6,2,2.6,2.2,1.5,1.9,1.9,1.9,2,2.2,1.8,1.9,2.3,2,1.2,1.2,1.5,0.9,1.5,1.5,,1.4,1.5,0.5,,,,1.3,1.3,1.3,1.3,1.7,1.1,1.2,,1.6,0.8,0.9,0.8,1,1,0.8,0.8,0.8,1,0.9,0.7,0.7,0.9,1.4,0.4,0.7,0.5,0.6,0.5,0.4,0.9,0.9,0.7,0.9,0.8,0.7,1.2,1.7,1.1,1.2,1,1.1,1.1,2.3,2.3,1.6,2.2,2,1.4,1.9,0.5,0.6,0.5,0.6,,,,1.4,1.2,1.5,1.6,1.9,,1.9,1.6,,1.3,1.9,1.5,2,2.9,3.1,2.6,3.6,3,3.7,1.3,,1.1,,0.8,1.1,1.3,0.9,1.2,1.5,,1.4,,1.9,,1.5,1.1,1.4,1.1,1.7,1.3,1.4,1.3,1.1,0.9,0.8,0.8,0.7,1.8,1.4,,,1,1,1.1,1.2,1.5,1,0.8,0.7,0.9,0.7,0.8,1,0.9,1,0.9,0.8,1.1,0.9,1.6,1.3,0.9,0.9,1.1,0.9,0.9,0.9,0.6,1.1,0.9,1.1,1,1.1,1.3,1.2,1.2,,0.8,0.8,,1,0.9,1.1,0.9,0.9,1,0.7,1,,,2.9,2,2.7,1.7,,1.1,2.2,1.5,1.8,1.8,1.8,,2,2,,3.8,2.4,2.7,3.1,3.4,2.1,1.3,1.9,3.4,2.3,1.9,1.7,0.9,1.3,,4.4,2.6,4.6,4.1,3.5,2.3,1.5,1.6,1.5,1.1,1.2,1.1,2,3,3.7,3.6,2.4,2.2,2.4,1.3,1.9,1.5,1.2,1.5,1.4,1,2.6,1.8,1.4,,0.9,1.2,1.2,1.1,1.2,1.2,1.3,1.3,1.6,1.9,0.8,1.3,1.3,1.6,0.9,1.3,0.7,0.9,0.7,0.9,0.7,0.5,0.8,1.2,0.8,0.7,1,0.6,1.1,0.9,0.6,0.5,0.3,2,1.6,,1.8,2,1.9,1.7,2.4,2.2,2.3,,2.5,,1.7,1.6,1.5,2,2.3,1.7,2.2,1.5,1.5,1.7,1.5,1.6,1.7,,1.3,1.4,1.2,1.5,1.6,1.1,1.2,1.4,1.3,1.3,0.9,0.9,1,1.1,0.9,,1,,,1.4,1.6,1.5,1.2,0.8,0.9,1,0.9,1,0.8,0.9,1.4,1.1,1,1.2,1.8,1.3,1.4,1.2,0.5,0.5,0.9,0.9,1,1.1,1.1,1,1.1,0.9,1.2,1,4.8,1.9,2.2,1.9,0.7,0.7,0.7,0.5,1,,,0.8,0.9,0.7,0.9,0.8,0.8,0.9,0.8,0.7,0.8,0.8,1.1,0.7,1,,1,1.1,1.2,1.8,1.9,1.4,1.8,1.7,2.4,1.7,2.1,1.7,,2.8,2.3,1.2,1.9,1.6,2.1,1.2,2,1.7,2,1.9,1.5,1.4,1.7,0.5,0.4,0.3,0.6,,0.9,0.7,0.7,0.7,1,0.7,0.6,0.8,1.2,2.4,3,1.2,1.5,1.9,1.9,1.7,1.5,1.3,1.2,1.2,1.5,1.3,1.7,1,1.4,1.2,1.4,1.9,2.3,1.5,1.2,1.1,1.1,1.2,1,1.4,1.5,1.7,0.9,0.9,1,0.5,0.4,0.6,0.7,0.4,,0.3,0.3,0.8,0.6,0.6,0.8,0.8,0.6,0.8,1,1.1,1.2,0.6,0.7,0.4,0.4,0.5,0.6,,0.9,0.5,0.5,,,1.4,1.1,0.8,1.5,1.4,1.7,1.6,1.5,1.4,1.4,1.2,,0.7,0.6,3.4,3.1,2.6,2.5,2.8,3.1,1.4,1.4,1.6,0.4,1.3,3.4,,2.7,3.1,2,2.3,,1.8,1.8,2.3,2.5,2.4,1.7,,2.1,0.7,0.6,1,0.8,1.4,0.7,0.8,,0.5,0.5,0.4,0.4,,,0.9,0.4,0.8,0.4,0.6,0.5,0.3,1,0.9,0.8,0.9,1.1,3.7,4.5,3,4.8,1.6,1.2,1.3,1,2.4,2,2.8,2.1,1.1,1.3,1.5,2.3,1.3,2.9,2.6,1.7,2,1,1.2,1.2,0.6,1,1.3,1.1,0.8,1.6,2.7,1,1.6,1.3,3.1,0.3,1.3,0.8,0.8,0.5,0.6,0.8,0.3,1.1,0.9,0.9,1.1,0.4,1.9,1.1,0.5,0.8,0.8,0.8,1.6,1.4,1,0.7,0.5,0.7,0.6,0.5,0.6,0.5,,0.5,0.5,0.5,0.6,0.6,0.9,0.9,1.3,0.8,0.8,0.8,1,0.7,0.8,0.5,0.7,0.7,0.6,0.6,0.6,0.6,0.5,0.4,0.5,0.8,,0.8,0.9,1,1,0.6,0.6,0.7,0.7,1.2,0.8,,0.7,0.7,0.7,0.7,0.7,0.7,0.5,0.6,0.5,0.4,0.7,0.6,0.7,0.6,0.4,0.5,0.7,0.5,0.6,0.5,0.7,0.7,0.7,1.1,0.7,0.3,0.6,0.6,0.7,0.5,1.1,1.5,1.2,1.2,1.1,0.6,0.4,0.5,0.7,0.7,0.3,0.4,0.7,0.6,0.7,1.5,1.5,1.5,1.3,1.7,0.6,0.6,0.7,0.7,1.2,1.1,1.3,1.2,1.5,0.6,0.7,0.6,0.8,0.4,1.1,1,0.8,1.4,2.7,2.4,2,,2,,2,1.9,,1.9,1.9,1.9,,1.8,1.4,1.3,1.3,1.6,1.8,1.5,1.6,1.7,1.7,1.4,1.3,1.1,1.3,1.3,1.1,1.2,0.6,0.7,1,0.9,0.9,1,1.2,1.4,1.4,2.1,1.6,1.2,1.2,0.9,1,0.7,1.3,1.3,1.3,,1.2,1.3,,0.5,1,1.3,1.4,1.3,1.3,1.3,1.2,1.3,1.1,0.7,1.3,1.4,0.9,1.2,1.5,1,1.1,0.9,1,1.1,1.4,1.9,1.6,1.7,1.4,1.1,1.2,1.5,1.1,1.5,0.8,,0.7,0.6,0.9,1.1,1.4,1,0.7,0.7,0.5,1.3,1.5,1.9,1.8,0.2,0.2,0.3,1.3,0.9,1.4,0.9,1.1,0.9,1,1.3,0.7,1.1,0.8,0.7,1,1.1,1.1,1.1,1.4,1.1,1.2,0.9,1,1,0.9,1,1,1,1.2,1,0.6,0.9,0.9,1,0.7,0.7,0.8,0.7,0.7,0.7,0.4,0.4,0.7,0.8,0.8,0.9,0.5,0.4,0.5,0.2,0.8,0.8,0.9,,0.8,0.8,0.8,1,1,1,0.7,0.7,0.8,0.6,,0.7,1,,0.9,0.7,0.9,0.6,0.7,0.5,1.1,0.6,,0.7,0.9,1,1,1.1,1.3,0.7,1.1,1.2,1.3,0.7,,,,,1.5,1.3,1.1,1,1,1.4,1.1,,1,0.9,0.8,1,0.9,1.1,0.9,0.8,0.5,0.6,0.8,1.4,0.9,0.9,,0.4,0.5,1.1,1.1,0.7,,0.7,0.9,0.8,1,0.8,1,1.1,1,2.1,2.5,0.8,1.1,1.7,1.1,2,,0.5,,0.4,0.3,1.1,1.5,1.3,1.5,1.2,1.4,1.2,1.1,0.9,1.1,0.8,1,,,0.6,1.1,1.7,2.2,0.5,0.7,0.3,0.1,0.4,0.4,0.7,0.6,0.8,0.9,0.8,1.1,1.2,0.7,,2.3,2.2,1.2,,1.2,1.5,1.8,0.9,0.8,1,0.3,0.3,0.5,0.5,0.9,0.4,,0.8,0.3,2.9,3.9,2.9,3.3,0.7,2.6,1,0.7,1.4,1.6,1.5,1.9,1.8,,3,3,2.6,2,1.9,1.6,0.1,0.2,0.6,0.9,0.9,1.1,2.5,0.6,2.2,1.2,1.6,1.5,1.3,2.4,3,1,1.8,2,0.4,0.3,0.6,0.6,0.8,0.6,0.7,1.4,1.3,1.7,0.8,0.8,2.5,1.4,1.1,1.2,2.5,1.9,0.7,0.8,0.6,0.9,0.7,1.3,0.7,0.8,2,1.4,0.9,2.7,,1,0.7,1.3,0.7,1.6,1,1.1,0.4,1.4,1.4,1.1,1.6,1.2,1.3,0.9,0.8,0.9,3.1,,1.2,2.1,1.7,1.1,0.9,0.8,0.9,1.2,0.4,0.9,1.4,0.5,1.5,1.7,0.8,0.5,1.3,1.9,0.7,1.9,1.3,1.9,0.5,2,0.6,1.9,1,0.9,0.8,,1.4,1.5,0.7,2.2,1.1,1.7,0.7,1.5,1.2,1.3,2.4
20171215,16,AQI,30,32,28,44,28,30,23,41,24,29,20,29,,,45,,49,40,48,,39,28,38,,21,39,,226,244,256,,242,251,79,39,36,44,42,39,43,82,63,84,,93,233,,234,,168,149,137,156,117,165,52,,72,69,55,24,30,28,22,24,30,37,,37,43,46,46,179,213,210,252,239,269,255,72,,86,54,85,85,77,67,73,29,54,42,31,29,37,44,20,20,36,35,,26,18,50,33,35,,23,40,30,40,31,45,44,28,51,35,29,37,33,37,32,35,30,28,28,24,28,140,118,103,,117,105,114,128,130,153,201,238,26,29,35,38,29,40,25,19,31,30,27,17,29,26,43,35,51,36,24,38,40,35,32,45,43,41,38,35,30,28,30,28,72,,,,159,147,,153,166,186,,39,38,35,,39,50,46,41,58,46,45,75,36,,,,32,43,,40,39,52,59,51,,58,119,99,114,87,125,85,88,,70,,152,122,138,32,40,19,42,32,33,46,39,40,46,31,27,31,33,20,,65,19,20,28,41,45,59,40,29,,,21,,33,46,,38,51,41,25,24,28,,45,24,57,20,15,16,16,43,35,29,16,20,20,36,30,25,28,29,29,,41,,45,46,15,27,,18,,10,20,22,21,10,,30,182,173,198,192,192,201,202,192,117,188,190,163,188,140,210,196,138,273,272,279,281,287,288,274,274,280,72,64,74,63,52,79,70,67,79,105,77,79,92,84,72,78,80,63,79,55,59,53,,60,56,58,43,49,36,52,40,73,67,62,92,53,64,97,35,51,47,85,60,85,103,109,63,60,61,62,80,54,42,37,97,83,74,104,75,70,82,66,58,60,58,58,63,74,55,57,74,84,62,53,38,52,24,,32,18,22,14,25,35,41,52,56,54,55,80,,87,80,75,75,79,114,79,,,80,107,90,67,84,,73,78,78,75,,,74,52,65,67,24,77,61,69,70,62,65,33,35,52,34,39,29,30,41,30,30,41,47,29,93,93,109,87,97,89,97,90,105,112,86,83,117,61,68,79,71,68,94,,71,79,61,,,,33,42,135,156,120,139,168,,40,69,72,,69,80,60,53,56,57,62,69,46,57,53,52,51,74,83,55,50,48,46,22,30,36,33,48,49,27,65,68,58,64,36,28,19,47,37,38,36,23,20,52,30,,,,114,147,176,97,92,,92,176,,165,134,78,120,145,138,198,196,178,138,100,199,149,144,89,92,59,82,89,92,,182,,183,,156,201,170,172,165,218,202,165,165,129,112,127,125,113,119,,,18,18,17,42,23,37,37,35,57,47,67,55,69,83,90,58,70,60,85,67,56,54,56,56,42,57,60,35,36,32,97,92,70,19,12,,45,53,,93,97,83,102,30,30,16,38,,,244,240,249,33,,22,23,25,,210,195,,192,206,,92,67,58,55,60,80,77,100,219,113,77,63,60,26,,45,26,53,39,40,72,38,27,30,28,32,38,28,30,60,45,32,30,38,23,33,22,37,26,38,32,35,50,41,,40,28,22,34,44,35,68,64,65,88,58,28,36,49,43,40,33,49,43,30,39,30,25,38,56,35,33,40,32,33,50,39,14,192,176,,147,159,137,152,,300,303,,317,,202,200,205,268,,,242,169,176,162,172,92,87,,83,163,166,144,142,158,95,112,114,54,77,68,72,85,113,,68,,,60,87,83,72,52,13,27,23,29,16,16,14,18,15,28,25,25,29,13,34,41,98,114,108,97,57,57,67,54,64,75,26,38,36,28,62,64,35,67,109,,,98,93,66,80,113,67,77,67,66,74,66,59,44,58,,46,72,74,115,84,103,87,59,65,87,86,30,44,33,48,65,59,61,56,63,52,60,56,82,108,99,102,52,44,,34,,45,48,52,40,25,23,40,102,49,67,54,70,201,163,219,233,176,180,228,185,143,130,83,150,95,119,37,33,105,,72,104,99,89,74,84,83,97,42,40,36,29,40,23,38,32,,40,34,34,35,39,53,42,62,53,74,40,48,54,52,25,20,26,31,,26,29,27,,,30,40,51,190,176,204,253,143,200,170,195,,51,52,202,199,190,192,179,189,25,56,76,77,25,158,,78,73,110,100,,99,87,56,37,52,67,,57,36,25,32,52,52,32,29,,60,36,27,26,,,19,18,24,30,27,38,29,40,33,20,47,30,28,30,30,29,25,23,33,20,35,49,49,31,,26,20,18,19,63,64,70,57,37,42,44,44,43,42,38,50,90,57,46,80,66,75,75,134,65,99,59,79,75,92,64,68,62,58,69,78,72,48,24,21,30,89,97,20,70,83,53,53,60,55,58,,112,62,102,109,78,119,100,140,39,42,36,39,43,45,17,11,15,33,20,13,18,32,33,36,98,,90,109,112,125,42,53,31,57,169,144,,35,25,49,42,43,20,22,28,30,23,28,32,25,20,23,12,14,69,43,53,52,56,30,35,34,10,15,14,16,26,13,50,49,43,48,25,17,23,29,24,17,17,12,18,18,15,18,20,23,19,20,18,16,29,36,42,39,40,40,23,33,20,36,23,19,30,37,49,234,266,264,,312,,,241,,,231,115,,173,198,218,211,205,206,195,124,137,182,78,202,148,128,183,162,159,50,60,64,64,65,88,93,100,100,129,145,142,152,70,54,78,139,122,142,,82,94,,57,59,53,52,63,129,87,92,92,94,38,36,35,49,35,39,29,49,33,52,54,62,69,88,60,55,18,22,37,22,33,30,,32,42,42,38,23,37,53,56,18,25,19,33,23,49,58,55,33,25,30,26,14,22,26,16,16,16,16,16,16,10,10,13,19,27,41,24,15,17,33,34,25,25,18,14,52,50,28,47,80,80,67,71,73,71,103,78,58,63,59,55,55,58,66,51,67,103,105,,65,104,100,118,108,97,62,62,63,63,,51,54,,57,77,73,73,78,21,25,23,,61,23,25,27,27,32,29,41,45,58,42,,,,,29,45,43,30,18,20,38,,60,70,48,24,17,29,30,29,25,27,37,41,25,24,,,35,30,54,30,,36,52,25,51,31,67,70,24,46,45,29,36,25,30,54,,53,,21,27,137,138,134,90,26,23,25,25,114,109,120,83,,,58,,30,56,53,38,27,29,46,51,34,40,55,56,55,66,54,53,,26,39,57,,83,83,65,446,34,66,41,47,47,44,42,37,,56,43,,163,58,57,27,84,49,53,52,81,69,70,90,,87,93,84,147,159,130,51,18,35,65,69,42,49,33,215,46,38,39,55,245,107,117,68,43,42,39,20,54,25,70,84,195,183,135,79,35,43,28,51,57,38,39,87,31,48,35,22,29,45,36,37,32,31,36,,52,26,130,52,98,35,52,79,173,147,62,70,45,127,24,63,78,51,,51,237,153,18,55,,89,33,29,29,107,34,90,93,21,18,26,291,76,86,31,236,22,224,33,92,16,30,18,19,22,69,46,78,87,199,53,60,83,65,296
20171215,16,PM2.5,21,9,10,10,14,6,9,11,9,10,11,9,,,14,,15,9,12,,8,10,17,,5,17,,176,194,206,,192,201,40,17,25,10,16,22,22,60,42,62,,69,183,,184,,127,114,104,119,88,125,26,,,12,39,6,11,19,5,15,21,23,,9,26,23,26,135,163,160,202,189,219,205,52,,32,35,63,59,49,32,53,8,5,1,13,8,7,2,2,12,25,20,,18,10,16,14,16,,8,26,21,15,19,24,23,16,31,20,20,16,23,22,16,24,10,19,19,16,15,107,89,77,,88,79,86,97,99,117,151,188,18,18,23,26,19,28,15,12,14,21,17,9,12,18,30,24,28,25,15,26,28,23,22,31,28,21,26,24,15,19,21,19,52,,,,121,112,,117,126,140,,27,19,24,,27,35,28,26,41,32,31,55,25,,,,22,30,,28,27,24,42,28,,41,90,74,86,64,95,63,65,,27,,116,92,105,19,25,13,29,22,22,32,27,22,32,16,6,8,6,11,,26,9,8,19,18,26,42,28,18,,,14,,23,32,,21,32,27,16,13,12,,13,12,13,5,10,11,7,22,24,20,10,11,14,20,17,17,19,14,11,,20,,16,17,4,11,,12,,7,13,15,12,2,,21,137,131,148,144,144,151,152,144,88,141,143,124,141,107,160,147,105,223,222,229,231,237,238,224,224,230,52,46,54,45,,58,51,48,58,79,56,58,68,62,52,57,59,45,58,39,42,33,,31,30,39,26,31,25,30,28,53,48,38,53,30,43,72,23,30,26,63,38,63,77,82,,36,29,42,49,33,20,20,72,61,54,78,55,47,60,42,41,43,41,41,45,54,39,40,54,62,44,37,26,31,12,,17,11,15,2,17,24,17,21,26,27,23,52,,64,59,55,55,58,86,58,,,59,80,67,48,55,,53,57,57,53,,,54,25,47,45,15,56,43,50,51,44,43,18,19,12,19,27,15,21,20,10,8,14,14,8,69,69,82,58,72,66,72,67,79,84,58,61,88,30,30,21,27,45,70,,41,47,32,,,,12,19,103,119,91,106,127,,28,50,52,,50,59,43,37,30,40,44,50,31,40,36,9,4,6,5,8,7,6,10,1,10,3,23,33,21,14,47,49,41,46,25,19,7,25,12,26,25,10,13,15,12,,,,86,112,133,72,68,,68,133,,125,102,57,91,111,105,148,147,134,105,75,149,114,110,66,68,40,47,66,68,,137,,138,,119,151,129,130,125,168,152,125,125,98,84,96,95,85,90,136,,12,11,7,29,16,17,16,19,40,23,48,39,50,61,67,41,51,32,63,48,37,33,35,36,25,23,38,20,25,22,72,68,51,11,4,,31,37,,69,72,61,76,21,21,9,10,,,194,190,199,3,,9,4,10,,160,146,,144,156,,68,48,33,39,39,59,56,75,169,85,56,6,14,6,,18,11,14,27,17,51,26,17,15,13,22,8,15,14,18,19,19,20,24,11,23,15,15,6,22,22,24,21,24,,24,19,12,22,15,24,43,46,47,65,41,19,23,34,30,28,22,34,30,21,27,21,16,26,35,24,23,28,22,23,35,27,7,144,133,,112,121,104,116,,250,253,,267,,152,150,155,218,,,192,128,133,123,130,68,64,,61,124,126,110,108,120,71,84,86,38,56,49,52,63,85,,49,,,43,64,61,52,36,9,16,16,16,11,8,7,9,10,19,17,17,20,9,10,24,73,86,81,72,40,40,48,38,46,55,18,21,14,12,41,46,24,48,82,,,73,69,44,59,85,48,56,48,41,54,47,35,22,39,,19,52,54,87,61,77,64,42,47,60,63,11,10,12,33,32,28,34,33,39,27,29,33,56,81,74,76,8,2,,19,,14,19,14,15,17,16,28,76,28,26,38,30,151,124,169,183,133,136,178,139,109,99,,115,62,90,22,23,79,,48,78,74,66,54,62,61,72,26,27,25,18,28,,19,22,,28,21,19,24,18,37,29,44,37,54,28,33,38,36,14,14,7,18,,14,8,13,,,18,28,10,143,133,154,203,109,150,129,146,,18,32,152,149,143,144,135,142,1,2,13,23,,120,,57,52,83,75,,74,51,11,9,6,48,,38,10,8,6,18,7,8,18,,21,9,7,11,,,7,5,5,21,13,26,19,7,14,7,8,8,11,10,15,13,12,14,23,8,16,6,9,9,,18,11,12,9,45,46,51,40,18,29,22,,20,28,21,28,67,40,32,59,47,55,49,102,47,74,42,58,55,30,46,49,44,41,50,57,35,32,10,13,12,66,72,9,51,61,37,37,43,39,41,,84,44,76,82,57,90,75,107,27,29,21,27,30,31,8,7,7,23,3,5,11,22,23,25,73,,67,82,84,95,29,37,16,40,128,110,,9,17,34,29,30,10,9,10,15,7,19,22,17,14,3,8,4,50,29,34,29,27,21,24,21,2,10,2,9,18,5,35,34,30,33,17,8,16,16,13,8,11,8,12,10,7,12,13,16,13,14,12,11,20,25,29,27,28,28,16,23,14,24,14,12,20,16,34,184,216,214,,262,,,191,,205,181,,,131,148,168,161,155,156,146,94,104,137,,152,113,97,138,123,121,32,43,46,46,47,65,69,75,75,98,111,108,116,34,38,57,106,92,108,,60,70,,40,42,37,36,45,98,64,68,68,70,26,25,24,34,24,27,20,34,23,36,38,44,50,65,43,39,12,15,11,15,15,21,,22,29,29,26,16,25,37,24,12,17,13,23,16,34,41,39,20,17,21,12,9,9,13,11,11,11,11,11,10,3,4,7,13,7,25,12,10,6,12,17,17,17,9,6,2,7,9,11,59,59,48,51,53,47,77,57,41,45,41,39,37,40,41,30,38,77,79,,35,78,75,89,81,72,44,44,45,45,,33,36,,34,56,53,53,56,3,7,2,,17,6,14,15,14,16,20,24,31,24,23,,,,,12,31,22,19,8,14,25,,43,33,19,6,6,14,9,7,13,10,16,23,9,12,,,15,13,21,19,,25,11,8,25,17,20,4,3,8,,1,1,7,,24,,14,,6,7,104,105,102,,4,6,11,12,86,82,91,61,,,16,,,25,31,26,4,18,13,25,13,22,23,30,21,24,21,14,,13,13,29,,61,61,47,39,7,39,20,17,21,21,10,12,,12,13,,124,41,37,11,62,34,23,36,54,45,49,66,,64,32,62,112,121,99,16,12,24,47,50,29,34,12,165,32,8,13,6,195,80,88,43,30,29,27,10,28,17,51,62,146,138,103,58,24,30,19,14,32,15,27,64,18,33,24,13,5,31,25,13,5,15,22,,31,14,99,28,73,24,36,58,131,112,44,51,31,96,,44,57,35,,1,187,117,9,35,,66,23,6,20,80,9,67,69,10,8,18,241,31,52,6,186,15,174,10,68,11,21,10,13,15,33,16,53,64,149,37,43,61,47,246
20171215,16,PM2.5_24h,73,41,57,55,57,58,59,66,71,45,55,62,,,83,,78,83,74,,75,76,79,,74,92,,163,169,217,,162,164,110,67,83,66,72,74,76,64,67,72,,82,186,,194,,152,157,151,177,144,152,34,,24,36,42,54,66,64,67,49,76,79,,77,100,96,102,130,154,162,181,151,182,182,281,,238,313,244,282,256,236,285,29,19,10,36,25,18,36,35,99,126,106,,116,113,103,113,100,,123,51,54,49,53,40,44,44,73,58,24,59,70,83,74,70,52,82,78,77,76,108,84,62,,81,84,104,105,110,106,126,130,15,18,14,16,17,20,16,12,14,17,25,21,31,28,37,39,31,36,23,21,25,22,22,25,26,20,26,22,19,20,25,20,73,,,,137,128,,113,142,142,,37,25,32,,24,39,27,24,36,26,32,32,33,,,,32,36,,30,32,34,28,25,,29,55,42,45,41,53,36,33,,22,,95,74,94,26,33,12,32,27,30,45,34,26,38,22,44,38,43,37,,55,35,27,31,24,26,38,37,29,,,19,,27,31,,23,28,28,17,10,12,,38,53,22,20,21,26,22,33,26,29,26,24,29,31,27,28,29,32,8,,19,,17,15,9,17,,21,,14,19,33,19,13,,19,138,155,171,158,178,164,178,154,57,105,104,80,103,76,103,107,84,153,158,178,165,156,174,154,154,171,40,39,43,39,51,53,42,42,53,73,41,49,49,49,42,45,45,38,46,48,35,29,,23,31,30,20,29,22,32,23,35,37,33,29,27,45,53,22,33,28,63,47,71,54,50,26,31,30,28,33,28,26,21,54,48,41,52,41,39,45,36,43,46,40,38,58,41,37,33,43,50,45,37,22,33,17,,20,13,22,12,18,32,13,14,17,14,13,34,,54,48,52,58,39,61,54,,,54,56,50,48,50,,75,74,75,79,,,72,17,28,27,21,32,34,37,31,27,25,28,20,21,23,28,32,34,37,58,20,19,38,19,172,164,169,158,159,177,174,155,185,144,175,157,167,38,49,29,35,49,73,,74,64,61,,,,54,63,71,78,59,66,75,,25,42,48,47,46,50,29,24,22,29,29,39,19,29,44,14,17,20,16,14,24,21,27,15,26,22,79,97,63,75,42,39,39,39,93,93,64,103,75,51,67,13,14,14,13,,,,100,108,119,119,131,,138,132,,136,146,151,142,187,255,140,161,181,180,96,118,115,110,74,63,74,65,37,51,,126,,130,,122,96,105,116,139,138,149,80,82,77,51,49,48,153,134,152,,18,18,12,31,28,30,21,22,37,23,36,72,75,80,86,66,85,56,70,67,49,27,30,33,24,20,35,19,24,15,74,75,60,21,12,,43,44,,52,61,50,72,46,41,25,12,,,152,141,158,45,,51,42,53,61,115,112,,116,123,,200,199,216,210,209,177,184,183,166,172,177,75,64,72,,136,83,141,118,134,93,72,135,98,60,91,31,125,74,121,113,78,59,95,64,82,76,63,63,85,50,90,91,76,,49,88,69,80,64,111,61,64,73,92,48,87,76,66,91,59,37,52,50,41,37,37,35,37,48,31,28,34,28,30,32,30,5,167,134,,139,136,120,136,199,208,192,,214,,110,101,102,160,156,150,165,142,133,122,134,132,138,,131,121,123,109,118,116,88,92,95,60,52,46,52,75,52,,59,,,48,70,55,58,50,13,16,16,18,15,12,8,15,13,27,25,19,26,16,13,10,86,81,95,87,45,43,47,41,50,51,57,39,44,43,49,54,45,49,89,,,91,89,67,83,96,58,65,69,61,65,65,28,17,16,,24,32,35,176,165,174,162,135,163,120,125,84,97,86,94,98,121,149,144,138,161,130,127,135,153,147,158,29,16,,23,,59,41,27,41,27,12,26,50,32,45,50,41,158,141,166,159,94,86,112,88,91,80,72,95,76,83,48,52,77,86,53,78,43,40,38,57,49,60,24,25,24,14,19,,25,25,,23,21,19,38,29,36,33,38,31,38,23,37,40,38,19,19,23,30,,15,35,31,,,68,77,14,113,88,118,117,115,159,125,148,,31,22,150,131,137,122,119,141,122,107,118,22,115,212,,174,199,135,122,,138,121,165,151,143,127,,123,18,25,17,38,28,34,40,,13,25,15,17,,,24,21,16,15,28,39,33,62,53,50,49,52,128,159,125,150,128,106,107,98,132,94,130,97,103,101,63,72,66,95,107,90,79,49,52,70,31,41,62,37,44,91,137,26,60,54,100,16,87,33,58,32,39,41,23,58,66,54,46,49,81,79,24,20,25,22,57,70,47,19,56,47,43,40,39,36,,69,52,46,45,43,83,88,98,38,47,41,48,43,45,23,20,22,37,5,9,14,27,29,27,72,,72,68,71,83,27,30,21,33,102,104,,26,33,37,38,34,12,9,12,12,6,20,16,17,25,3,15,18,22,23,22,21,23,19,25,17,10,11,8,12,16,14,29,28,23,25,23,19,24,22,17,16,22,19,21,20,16,20,23,24,19,24,22,25,28,31,31,27,27,30,25,25,21,23,14,20,24,22,31,158,146,140,,145,,140,165,,179,160,107,,109,138,158,153,147,140,134,90,100,136,170,121,122,103,132,133,124,28,37,51,45,52,50,74,79,73,110,114,120,133,30,39,43,116,105,119,,51,60,,38,39,37,34,43,66,65,55,84,81,24,28,24,33,27,25,21,25,28,25,24,60,60,52,44,47,14,20,17,17,16,30,,25,34,29,24,21,22,32,33,14,19,19,19,23,23,30,37,19,16,20,21,9,5,10,10,13,11,7,9,12,3,9,13,18,15,21,20,14,9,15,14,19,20,9,8,37,53,41,60,70,58,49,49,64,63,70,64,41,48,36,46,62,62,55,62,45,60,67,,35,84,73,78,86,80,54,53,39,55,,57,75,,32,64,58,52,73,17,33,15,,19,15,18,27,34,32,14,24,34,15,20,,,,,12,18,14,15,11,10,19,,18,25,18,24,28,20,9,10,20,22,30,11,18,24,,24,19,21,17,38,,16,20,27,37,28,24,19,15,49,43,13,12,30,20,95,,9,,7,11,119,113,118,120,35,35,39,34,73,81,76,99,,,19,,53,95,36,35,14,37,22,35,30,29,54,59,44,61,63,41,,42,53,37,,80,80,75,41,27,28,26,26,24,18,20,20,,23,28,122,157,74,66,8,45,33,24,40,68,64,66,99,,135,57,104,109,120,111,11,14,28,48,40,27,35,13,117,27,63,73,85,160,205,128,115,167,37,30,30,27,20,44,64,150,123,145,81,17,29,22,18,58,132,105,48,25,50,44,28,77,36,41,72,69,41,58,89,25,42,88,26,82,28,42,34,143,126,55,85,34,106,47,51,52,193,,79,164,131,20,41,93,76,34,10,31,146,20,142,88,14,9,77,137,69,57,55,145,20,155,24,130,28,40,29,30,47,66,43,74,51,87,78,49,67,65,215
20171215,16,PM10,22,32,28,44,28,30,21,41,24,29,19,29,,,45,,49,40,48,,39,28,38,,17,39,,223,262,250,,206,257,107,39,29,44,42,39,43,91,76,90,,95,219,,224,,162,147,154,155,144,173,54,,93,88,48,24,30,,12,24,29,37,,37,43,46,46,165,183,,230,249,272,220,76,,122,58,93,120,104,83,68,29,58,42,31,29,37,44,20,20,28,35,,25,18,50,33,35,,23,40,28,40,31,45,44,28,52,35,22,37,27,37,32,24,30,27,,24,28,113,128,82,,,110,106,127,114,126,,,24,29,35,,,,19,17,26,24,18,17,25,22,,24,52,,24,27,,35,27,,43,41,28,24,30,25,28,24,89,,,,133,,,167,160,171,,37,38,31,,37,41,46,41,,38,40,63,32,,,,32,34,,30,33,54,48,51,,,,,,68,,76,,,89,,,102,,26,37,,34,28,33,43,37,40,43,20,15,11,11,18,,80,19,20,22,41,45,53,31,29,,,20,,24,43,,38,51,41,20,24,28,,45,,64,8,13,13,,43,,,16,20,16,36,28,18,22,29,29,,41,,45,46,6,27,,,,,19,,13,8,,,182,194,168,164,,171,206,172,131,173,166,177,181,193,193,190,190,225,255,232,247,250,265,279,224,266,,,54,46,54,,,48,,,,,,,,,,,,43,60,55,,69,61,65,43,49,28,53,37,85,81,74,133,55,77,127,35,52,47,93,70,,109,89,75,70,71,73,109,57,42,37,91,91,93,120,92,89,83,82,50,57,55,59,65,97,57,53,73,76,51,51,,54,24,,32,18,,13,22,,41,53,61,58,59,109,,75,86,69,95,105,118,77,,,106,106,97,69,118,,72,78,85,99,,,76,54,59,83,24,81,72,59,70,71,79,22,35,53,34,34,29,26,41,30,24,41,47,10,119,110,145,123,134,111,138,119,91,104,122,101,157,71,85,107,91,85,112,,91,107,71,,,,33,42,139,139,129,,,,31,,53,,,,61,53,62,57,49,65,46,63,56,53,51,98,115,60,50,48,46,17,30,36,31,41,49,27,70,60,53,70,33,,15,47,37,33,34,23,19,53,30,,,,105,156,161,97,111,,93,148,,143,139,86,,136,131,161,180,161,133,144,193,171,137,75,,68,114,88,,,144,,185,,196,269,184,155,171,174,168,150,146,127,132,129,126,133,156,,,13,,12,,19,37,37,35,44,47,78,50,71,84,79,57,67,69,102,65,62,57,62,61,42,63,69,35,30,,,69,66,19,12,,40,45,,97,99,97,93,,21,16,38,,,230,243,238,33,,22,23,22,,192,181,,162,199,,105,69,65,50,69,,,,,104,,75,70,26,,45,26,55,38,40,93,30,27,30,28,26,38,28,30,70,45,32,30,38,23,25,15,25,26,38,30,33,50,41,,40,24,22,34,44,27,86,64,56,87,62,27,36,45,32,38,33,43,,25,,23,22,,61,,28,,,23,50,33,14,,160,,144,164,174,157,,291,297,,278,,200,207,204,273,,,248,165,185,147,145,122,111,,103,150,148,,,,104,116,86,,60,56,65,,,,63,,,43,65,71,54,53,12,27,22,29,,16,13,18,12,22,23,20,,13,34,41,104,99,97,99,44,53,59,42,49,55,21,38,36,18,74,59,32,48,109,,,80,96,81,91,107,65,78,84,81,76,81,68,44,65,,46,94,76,153,118,134,118,,,124,122,23,44,33,36,79,68,72,62,75,54,69,62,114,127,121,120,54,44,,34,,45,48,53,40,25,21,,,49,84,46,89,,147,210,216,163,172,230,167,131,150,115,130,139,102,37,,114,,93,112,142,101,75,109,89,93,42,28,26,29,36,23,38,28,,40,34,34,31,39,52,,48,45,,40,46,41,45,25,18,24,31,,21,10,14,,,30,29,52,149,,158,222,157,,146,151,,51,53,165,203,166,163,164,,,62,101,103,22,158,,79,95,137,134,,123,124,61,37,54,,,64,36,25,32,53,54,32,29,,69,36,27,24,,,19,11,24,21,23,38,29,40,33,20,47,30,28,30,30,29,25,23,32,20,35,49,49,31,,19,20,13,11,57,55,75,53,37,29,44,44,43,42,38,50,74,56,,83,81,82,100,145,66,123,52,83,77,133,66,51,45,63,,95,94,48,24,21,30,85,93,20,,64,38,,43,42,,,97,60,98,93,62,96,,,,32,36,,34,,13,10,15,,20,13,18,,,,,,83,82,87,,42,41,31,45,,130,,35,21,,37,,17,10,28,30,,21,,21,,8,,9,,43,55,54,61,27,31,34,10,,12,,,7,41,,40,46,,17,22,29,24,,,8,,15,9,,20,,16,16,16,16,26,35,31,31,33,,19,26,17,36,23,15,30,37,,241,303,283,,330,,,,,,181,180,,157,172,187,192,187,161,153,139,157,156,105,,113,118,162,151,153,50,,58,51,78,98,90,87,113,106,111,,,90,48,76,,,,,86,75,,47,,,39,46,122,,70,81,84,,30,,,,,22,,,,,67,77,,60,56,16,,37,,33,29,,23,34,38,33,,37,42,62,17,23,15,26,19,42,51,,33,24,,26,14,22,26,,,14,,,16,9,6,12,13,27,41,24,12,10,33,34,21,17,18,14,54,50,28,47,84,77,70,92,80,91,132,59,55,62,67,39,60,66,81,51,84,104,104,,80,99,113,106,150,107,63,58,60,56,,51,57,,63,89,94,96,105,3,11,11,,71,18,23,27,27,32,23,41,32,65,42,,,,,29,33,43,30,18,16,38,,56,89,48,24,,,11,20,22,24,37,41,22,,,,35,30,57,30,,,53,11,51,31,83,90,20,46,45,10,36,14,19,58,,56,,16,27,111,138,115,129,8,22,25,20,100,130,131,88,,,66,,30,62,56,38,17,29,46,51,34,40,60,61,60,82,57,55,,23,39,64,,94,110,68,546,34,81,41,47,47,44,42,37,,61,43,,146,62,64,15,72,48,56,45,112,87,90,129,,88,136,65,136,170,127,51,17,35,48,62,,,33,208,43,38,39,60,277,105,133,85,42,32,28,16,57,20,,,152,218,197,82,27,31,25,51,63,38,35,84,31,46,32,22,29,44,28,37,32,31,36,,54,19,102,53,76,35,45,64,153,138,55,72,37,,,75,86,52,,52,,153,18,59,,86,31,29,,131,34,119,110,21,18,25,313,102,122,31,245,21,222,18,103,14,25,18,19,,88,46,105,105,179,54,,,55,292
20171215,16,PM10_24h,68,57,76,77,71,78,40,77,89,66,77,36,,,112,,78,52,96,,76,69,92,,74,31,,210,225,264,,183,203,150,104,111,107,111,117,115,97,99,111,,137,222,,248,,186,196,192,230,213,198,66,,75,75,78,122,119,97,136,96,112,116,,104,125,131,125,170,176,184,210,208,228,205,341,,311,343,292,365,292,292,356,78,58,42,81,48,56,75,62,154,167,154,,146,178,180,163,141,,156,77,75,59,79,82,72,53,116,80,110,84,84,111,84,77,86,91,87,94,95,103,109,84,,87,110,132,147,121,110,113,133,34,29,29,24,29,29,25,22,26,29,39,35,45,34,43,43,52,39,43,35,33,31,30,34,50,48,37,25,34,31,36,28,91,,,,155,180,,158,163,163,,39,47,37,,40,57,50,47,40,41,49,42,47,,,,46,45,,38,37,45,37,40,,33,57,49,51,51,61,50,42,,52,,74,88,99,36,53,13,46,38,41,66,56,62,58,32,82,63,68,63,,85,74,56,36,46,50,53,47,50,,,33,,44,47,,39,45,44,22,23,28,,48,30,36,26,29,33,28,41,27,33,24,20,20,33,28,25,20,28,13,,35,,36,30,13,29,,26,,13,26,17,16,12,,25,198,218,201,189,,195,242,205,104,165,140,150,150,152,161,164,160,167,172,204,176,204,189,197,172,193,,,48,44,54,56,,48,40,,,,,,,47,,,,37,55,46,,40,47,44,31,43,26,42,28,60,60,58,63,53,82,81,39,62,47,88,74,92,79,64,48,62,45,54,68,47,35,28,67,71,70,75,70,69,63,67,53,59,51,51,74,54,48,44,64,65,54,45,36,47,24,,30,17,28,24,20,33,34,36,40,37,39,63,,73,67,69,79,73,94,76,,,74,78,66,68,85,,97,100,104,124,,,102,44,35,48,37,41,56,56,43,43,52,64,43,34,68,57,80,75,64,102,47,42,63,70,210,189,243,216,216,214,216,221,273,169,219,207,223,107,105,90,100,100,120,,128,130,106,,,,93,113,106,97,81,85,83,,56,33,53,40,28,31,43,46,54,47,39,52,39,62,56,51,57,74,50,52,67,81,76,53,58,72,106,135,116,101,62,48,52,58,126,142,99,149,122,66,102,27,28,33,19,,,,123,128,155,118,176,,167,178,,178,202,178,161,221,237,183,199,235,231,168,153,182,137,96,100,84,96,52,98,,157,,178,,181,137,138,150,165,161,179,115,115,107,70,71,67,208,215,208,,18,20,16,48,46,44,36,38,55,50,77,69,70,73,79,78,72,96,99,78,82,40,44,58,43,55,54,25,31,25,78,76,74,26,20,,70,69,,82,82,81,86,53,45,37,34,,,201,188,201,86,,83,64,78,95,142,140,,136,175,,256,253,264,232,249,247,136,132,230,188,180,134,121,109,,189,136,224,161,204,136,87,146,135,93,144,78,182,102,289,167,131,95,159,100,94,98,74,70,97,56,103,107,97,,65,112,77,98,98,103,95,99,99,144,67,86,97,74,101,88,38,50,46,34,45,36,45,48,60,,31,,,23,38,30,8,188,166,,179,182,186,162,283,251,215,,227,,135,136,134,199,190,185,226,170,168,150,149,158,152,,146,145,144,104,,,120,124,105,66,61,56,65,82,61,,70,,,62,79,70,72,69,13,21,14,17,,19,21,18,14,27,32,25,26,19,32,30,113,105,117,122,49,51,61,43,43,68,139,75,117,90,73,73,66,62,120,,,106,121,133,117,131,75,90,108,95,88,98,41,33,32,,34,63,52,225,213,219,215,204,198,147,146,97,125,119,136,167,171,186,182,190,199,197,183,254,230,231,199,64,49,,45,,94,68,93,84,39,25,45,60,49,86,79,101,164,162,215,209,133,132,157,115,123,137,119,123,138,106,61,67,111,121,108,113,74,74,62,86,80,89,47,48,39,27,38,30,34,35,,32,29,38,41,45,53,43,50,40,36,33,56,49,52,33,32,39,52,,45,42,38,,,89,88,44,151,124,154,174,169,182,172,185,,53,62,202,167,158,132,135,138,118,185,184,76,202,266,,238,246,183,190,,184,200,211,164,195,144,,116,40,46,36,60,60,51,79,,34,54,41,34,,,35,25,41,25,49,50,46,89,82,32,79,82,193,217,175,225,154,181,166,133,139,130,199,157,154,140,95,84,75,156,182,129,114,86,68,76,59,59,73,56,60,117,177,40,91,106,186,39,135,52,73,37,53,62,33,76,62,55,75,58,115,140,36,35,37,41,81,92,57,19,68,47,45,51,43,37,,84,61,61,52,55,95,90,109,47,53,52,62,58,47,29,24,15,39,36,22,23,29,42,34,,,89,85,86,84,43,40,31,39,125,127,,42,39,46,53,40,21,12,26,22,8,25,23,26,24,8,22,22,19,31,34,32,40,28,32,27,14,18,15,19,18,14,37,44,33,32,28,36,31,37,34,21,28,22,28,27,18,13,28,24,25,26,28,31,32,36,36,33,34,35,27,28,20,32,21,32,35,38,39,197,202,194,,175,,185,172,,189,173,152,,123,174,181,186,180,155,144,128,161,147,131,138,130,134,170,175,170,45,42,58,53,62,71,86,86,93,114,117,108,122,44,45,67,,,,,63,60,,45,37,45,40,44,79,62,62,104,98,17,25,22,23,29,29,25,20,33,29,24,111,101,83,67,65,20,37,44,21,26,33,,25,36,40,42,47,35,41,71,20,30,30,30,28,40,44,64,27,20,27,26,12,17,14,12,14,16,9,13,16,8,12,16,20,31,36,21,19,12,31,25,22,22,14,10,70,65,76,87,98,69,68,97,99,84,97,83,58,64,70,56,74,94,77,85,75,89,94,,76,114,111,100,119,107,69,78,61,80,,79,111,,77,107,106,114,120,27,69,39,,42,21,26,43,50,55,25,37,40,43,24,,,,,35,34,23,21,20,18,27,,25,48,42,46,50,54,28,23,31,44,43,27,36,43,,28,39,40,39,62,,44,48,56,60,60,58,116,34,101,111,24,27,72,52,204,,30,,19,30,135,132,136,128,50,59,64,60,84,102,88,121,,,62,,139,167,71,76,45,48,63,68,58,56,89,82,78,117,139,71,,86,117,79,,125,107,122,127,116,72,53,79,60,43,49,42,,63,57,193,208,109,100,13,57,52,46,53,143,137,121,232,,188,175,142,147,155,138,25,30,40,50,48,58,90,30,158,34,83,69,90,218,255,185,166,201,46,35,57,55,29,53,75,163,198,221,106,20,76,72,63,103,200,140,74,43,62,60,41,112,56,49,82,77,83,101,131,48,19,99,44,102,46,59,40,154,146,77,109,47,,70,70,79,231,,88,176,172,28,79,107,96,44,24,62,185,33,166,149,24,13,82,174,136,98,84,184,28,191,41,167,37,30,44,38,143,118,59,110,76,143,105,56,82,75,258
20171215,16,SO2,3,4,4,3,3,3,3,8,1,5,3,1,,,4,,8,6,7,,6,2,4,,2,8,,22,31,22,,20,17,18,9,9,16,,20,12,30,32,37,,37,16,,31,,21,21,19,26,21,27,6,,3,3,5,11,8,14,10,9,6,4,,4,14,23,18,15,17,17,30,34,27,27,25,,25,16,26,24,21,24,29,13,13,13,6,9,11,23,8,10,18,21,,16,20,21,33,21,,15,13,21,18,15,13,13,10,13,16,13,34,57,45,44,13,15,5,30,8,3,60,56,34,,119,54,104,82,55,38,41,106,7,7,7,10,10,8,7,6,6,11,,9,5,6,4,9,9,4,10,8,6,4,13,7,7,15,,12,9,7,12,14,20,,,,21,6,,11,23,11,,7,6,7,,13,7,5,8,6,,6,8,5,,,,8,10,,4,2,2,5,7,,6,,7,16,10,6,9,11,,10,,6,10,9,11,9,6,7,9,8,8,7,3,12,8,,8,11,6,,8,6,5,9,8,9,8,6,11,,,6,,4,7,,5,4,5,5,8,9,,14,9,5,4,6,5,4,5,3,3,4,4,7,,8,3,1,1,5,,11,,8,8,2,4,,4,,2,9,8,7,3,,6,11,20,22,23,12,20,25,26,20,6,17,12,18,10,13,12,15,14,11,13,14,9,8,15,15,11,5,3,4,6,1,3,2,4,4,5,4,5,4,3,5,6,3,2,5,6,12,11,,,4,9,9,13,12,10,10,7,3,6,9,10,7,19,5,8,8,10,6,8,17,16,12,15,11,9,14,14,11,16,15,11,15,18,23,19,17,11,7,13,14,10,16,9,8,7,8,9,7,9,9,10,10,,13,8,11,10,9,10,3,7,5,,6,3,,9,13,9,8,13,9,9,,,15,10,12,7,17,,8,7,3,11,,,9,9,24,20,25,19,47,33,31,12,26,11,5,10,11,10,10,10,7,6,6,2,8,4,23,27,25,29,31,25,22,26,15,28,21,17,27,16,16,17,29,22,21,,22,27,,,,,42,45,6,8,8,12,9,,12,7,8,11,9,2,72,,9,10,8,20,6,7,5,7,5,8,8,6,9,,7,6,6,6,26,28,9,15,31,28,20,26,18,16,12,103,23,33,,,,10,4,,,,15,16,21,14,9,,9,14,,16,17,25,16,23,30,31,41,,30,26,,19,18,22,13,22,16,16,24,,24,,29,,21,8,15,12,17,16,24,16,14,10,26,,19,52,29,35,,9,8,8,10,9,8,8,9,9,11,23,10,10,13,16,14,20,9,16,,11,7,7,5,10,8,8,2,,5,15,17,15,7,6,,12,14,,22,21,21,23,11,8,7,10,,,7,4,4,12,,12,11,10,10,46,51,,48,57,,36,17,13,15,22,,21,57,57,,21,8,9,7,,18,11,10,38,82,17,18,16,16,15,13,12,10,15,,19,47,50,18,50,28,10,111,18,10,20,15,19,15,,16,21,18,36,16,32,16,21,6,7,22,6,16,18,26,20,8,7,9,7,10,13,11,7,11,10,12,11,6,11,25,4,19,30,30,,32,38,31,30,20,21,15,,22,,10,7,9,15,12,16,8,23,25,21,25,26,27,,22,8,9,11,12,13,8,15,12,6,7,7,3,5,6,,5,,,6,9,,6,4,6,13,11,10,6,5,6,8,9,4,20,13,12,6,2,1,6,15,13,10,14,14,13,13,15,16,20,35,17,10,9,7,12,10,13,,,15,5,9,5,5,3,12,8,4,1,7,30,9,11,,21,19,11,19,25,25,18,20,24,24,23,,14,14,12,12,13,9,10,11,13,,,15,17,17,15,1,2,,2,,42,56,10,24,6,7,11,8,7,5,10,8,36,29,9,17,13,18,15,13,27,17,19,140,17,16,10,11,20,17,13,13,8,13,15,13,22,9,12,15,14,3,3,13,12,26,,2,4,8,5,6,,1,4,8,10,,4,4,6,8,9,7,9,,8,3,2,,,10,21,24,19,13,5,,14,11,13,10,,10,6,31,84,23,30,25,17,8,15,16,14,11,54,,38,52,27,28,,32,21,25,26,14,18,,17,5,7,,18,8,8,5,,4,20,18,18,,,14,3,24,20,8,9,8,11,15,8,7,8,20,20,12,18,16,17,19,12,17,17,35,15,72,28,38,12,17,62,15,22,16,9,4,13,,,23,15,8,6,14,11,25,15,27,15,12,18,19,12,21,26,13,15,17,9,10,,20,29,2,13,7,7,19,,24,40,4,15,41,10,14,3,,25,5,8,19,10,9,10,14,8,21,4,10,3,7,23,4,,12,2,7,4,19,1,15,3,,13,15,7,10,10,11,6,8,8,16,,31,26,16,28,10,1,4,7,6,2,10,8,10,9,2,3,5,24,10,9,10,10,6,10,8,4,5,4,24,4,1,20,15,15,15,28,12,2,7,4,28,,9,2,20,3,1,5,9,2,10,7,18,14,18,15,18,11,18,6,7,8,,4,1,11,4,36,7,13,15,,10,,14,14,,18,12,26,,29,16,16,14,20,16,12,9,14,12,4,7,6,2,15,16,13,10,4,2,8,3,18,30,15,41,18,19,18,13,4,2,4,19,32,23,,10,7,,4,3,2,2,3,7,9,8,6,6,6,17,15,9,9,7,10,,9,16,12,5,6,6,7,2,6,5,5,12,4,21,,39,7,5,3,2,3,2,1,16,2,8,6,8,7,5,,3,10,4,5,5,6,6,15,7,11,1,,6,4,4,6,8,9,18,2,4,4,5,9,9,7,6,6,14,20,11,9,14,7,9,7,8,8,,19,6,21,6,5,6,8,5,6,21,18,16,,15,18,8,16,10,11,8,1,4,3,,5,10,,7,5,,7,9,8,5,8,,20,11,7,6,7,8,12,33,42,39,16,,,,,3,8,12,11,13,8,6,,90,11,8,14,29,15,14,9,7,4,8,14,12,11,,7,10,4,6,8,,5,9,14,16,10,10,10,,6,4,5,5,15,5,4,,2,,5,4,15,16,12,,6,14,10,6,11,15,,7,,,7,10,17,9,14,10,8,10,7,10,8,8,13,13,16,7,10,4,,15,24,3,,39,19,11,16,4,18,10,12,18,7,7,2,,12,8,,27,11,9,8,12,16,18,11,14,20,,4,,11,11,11,26,43,26,6,32,22,13,16,14,18,4,62,13,3,4,5,30,52,55,21,11,2,10,7,7,8,26,5,26,23,16,9,8,10,10,17,21,20,10,13,3,5,5,6,3,4,2,5,11,51,39,,9,10,10,8,13,7,11,7,12,38,21,15,10,25,,13,14,17,,5,12,43,6,12,7,10,6,18,6,36,7,26,10,5,4,4,17,25,22,8,6,8,13,14,10,10,29,26,33,4,17,11,31,8,30,7,4,5,9,11
20171215,16,SO2_24h,10,10,14,7,12,14,12,15,7,14,13,8,,,12,,18,16,16,,16,12,14,,11,7,,19,19,26,,23,22,26,23,26,31,33,36,25,33,49,42,,41,10,,37,,24,34,30,29,27,26,20,,24,18,17,27,30,30,32,28,14,14,,17,28,33,32,10,15,15,25,28,22,22,108,,64,163,216,147,216,56,145,19,23,20,17,16,15,16,14,63,78,82,,64,86,81,79,82,,75,29,38,24,26,18,14,13,30,24,28,90,120,47,56,60,24,23,45,21,24,53,53,25,,130,108,100,104,94,22,51,66,9,7,8,9,9,8,8,7,7,9,13,10,7,6,4,9,8,5,12,8,6,6,13,7,7,16,10,15,11,10,19,15,31,,,,16,6,,10,20,9,,6,6,7,,15,10,6,10,7,8,9,10,9,,,,13,17,,2,3,4,6,5,,6,10,6,14,10,6,8,9,,9,,3,7,7,13,10,6,8,9,9,10,8,4,14,8,16,14,13,12,,10,12,9,10,8,9,7,6,13,,,7,,10,12,,6,7,7,5,8,10,,15,14,6,5,6,5,3,5,4,3,4,4,6,3,8,3,2,1,5,,7,,8,8,2,4,,3,,2,5,8,5,4,,5,19,18,23,27,21,25,32,30,26,15,23,20,23,12,24,18,23,20,18,17,18,12,12,20,21,16,4,3,4,5,4,2,1,5,3,4,4,5,4,3,5,6,3,2,5,7,11,10,,6,5,8,6,12,12,10,10,7,5,7,7,11,9,9,5,8,8,11,13,11,19,14,9,16,8,8,11,27,18,17,16,14,17,17,22,18,13,9,9,20,20,16,15,11,10,8,10,11,9,12,14,14,10,,14,9,12,10,9,10,4,6,4,4,6,7,,14,12,14,11,14,14,12,,,16,13,13,9,17,,9,6,3,10,,,9,11,11,14,9,11,31,29,20,11,20,16,12,12,13,13,26,26,7,10,7,3,11,6,33,32,33,32,33,35,27,34,22,32,28,24,31,36,30,30,32,36,27,,29,25,28,,,,42,42,4,11,14,10,11,,12,6,8,9,8,7,16,6,8,7,4,12,7,7,5,9,10,14,10,9,13,22,22,15,17,19,40,52,18,32,35,31,24,50,84,77,43,118,64,36,87,8,8,10,4,,,,17,18,25,14,12,,13,11,,12,25,30,24,29,38,30,55,27,55,36,14,13,18,26,21,28,22,25,32,,18,,17,,18,25,28,24,24,17,31,12,9,7,15,12,13,23,25,14,,9,8,7,10,8,9,9,9,13,11,21,15,10,15,17,14,21,13,28,40,28,7,5,8,10,8,9,2,7,5,15,16,16,6,7,,25,22,,25,25,23,23,11,9,8,9,,,11,8,10,30,,46,31,36,55,16,23,,27,34,,109,93,97,88,114,142,151,118,100,152,128,59,19,40,,79,58,85,86,103,70,36,54,42,32,36,24,66,75,85,82,96,65,42,106,63,70,133,101,33,26,51,39,27,,23,41,60,47,22,31,27,38,33,26,23,18,32,24,42,24,8,7,9,6,16,16,14,13,22,5,11,11,12,10,14,3,6,26,17,,22,20,14,15,12,17,10,,11,,16,11,15,14,9,7,11,20,20,14,17,20,20,,19,13,10,11,12,14,7,13,10,8,4,7,2,4,6,,3,,,4,7,6,6,4,4,11,13,11,6,6,6,10,4,17,53,12,22,8,2,2,5,13,16,9,16,14,13,12,15,15,67,30,30,22,11,5,16,11,23,,,17,6,10,7,6,2,9,11,6,7,9,25,7,8,,15,21,10,18,29,25,22,22,36,28,32,15,15,74,55,14,14,21,17,18,32,20,22,25,24,23,15,6,4,,10,,31,37,49,49,3,7,9,5,6,11,12,8,28,22,13,20,22,29,18,14,26,24,44,16,20,19,16,16,14,11,14,14,10,14,14,9,22,12,13,16,16,5,3,15,12,23,,3,5,8,6,6,12,4,4,11,10,16,5,7,7,9,10,9,10,,10,4,2,,,26,20,26,15,10,4,8,12,10,11,8,,14,12,38,51,26,32,27,27,89,66,85,27,80,195,,216,195,59,44,,70,53,72,58,43,54,,81,6,11,5,37,30,19,6,,7,28,13,20,,,19,7,45,32,11,10,9,58,48,47,59,47,75,89,64,79,55,45,51,46,190,66,170,169,62,55,67,45,33,82,71,80,66,21,14,22,25,43,46,36,13,37,45,12,26,20,36,9,16,27,22,13,13,11,8,14,16,14,19,21,14,36,7,20,22,26,51,59,49,14,7,18,28,16,14,5,,22,6,7,23,17,8,9,18,11,20,5,16,7,7,20,6,19,8,5,7,3,23,1,13,4,,11,19,7,16,11,18,3,10,13,16,,24,18,20,25,16,1,4,7,6,2,11,10,13,20,2,10,15,12,11,10,8,7,6,9,8,4,4,5,16,5,6,22,11,15,17,24,18,5,10,10,12,24,20,19,30,4,3,9,7,2,10,7,18,13,15,11,17,13,19,5,7,7,7,4,10,17,22,14,5,7,9,,16,,8,11,,16,10,13,,16,9,11,8,12,9,8,7,9,6,10,11,13,6,10,9,9,7,4,6,8,5,11,20,20,16,14,14,13,7,4,3,4,12,20,12,,7,8,,8,2,2,4,2,5,6,3,7,4,6,16,14,8,9,7,7,13,9,12,17,4,4,2,11,1,11,7,8,15,4,8,,18,5,3,4,1,3,5,2,4,3,9,4,5,10,5,3,3,8,5,8,5,6,6,12,12,11,2,6,7,4,3,6,9,19,26,2,3,4,5,10,8,6,5,6,15,21,16,11,12,8,10,8,9,10,10,18,6,5,9,2,4,4,6,3,15,20,15,,17,17,11,12,12,18,18,3,8,12,,5,8,,6,6,8,6,8,9,17,8,,20,11,9,10,13,16,11,25,39,30,16,,,,,2,9,10,10,6,2,7,,56,12,8,18,47,14,12,8,8,5,11,20,21,12,,9,9,8,6,8,,4,9,16,15,10,11,20,10,7,8,4,5,17,9,5,,8,,5,4,13,12,10,17,18,33,29,23,11,20,21,16,,,9,11,47,27,15,14,13,12,17,21,12,10,20,40,18,57,53,4,,31,27,10,,44,17,12,29,56,21,14,13,16,9,16,6,,16,11,21,26,16,11,5,15,10,10,12,18,17,4,15,,29,25,38,41,53,37,4,12,14,10,13,11,36,5,32,12,13,9,13,35,223,64,106,39,5,9,10,12,10,25,7,17,17,9,9,9,23,24,36,24,80,67,11,6,4,5,7,14,6,5,18,46,70,85,31,8,18,9,8,13,12,14,6,9,55,19,26,12,18,13,16,16,134,,12,10,24,7,28,11,12,6,26,16,25,8,17,19,3,3,17,15,30,19,39,25,5,41,13,10,18,40,34,44,10,30,23,33,10,22,7,3,3,5,6
20171215,16,NO2,10,11,12,20,20,17,12,20,7,15,11,16,,,20,,26,25,21,,31,15,29,,9,15,,78,92,78,,80,83,43,29,20,33,,23,31,49,40,56,,51,58,,51,,81,71,76,62,76,74,,,6,6,7,17,24,4,11,6,,17,,20,25,22,26,46,51,49,64,68,73,63,28,,20,30,36,22,29,18,,10,22,27,3,22,17,13,12,4,30,31,,12,23,32,35,38,,11,14,23,23,25,18,23,11,20,24,,41,36,51,35,42,11,9,37,16,13,53,,49,,64,60,67,60,60,58,44,78,48,55,59,64,58,52,49,31,62,55,53,32,57,52,41,43,42,46,45,51,51,,44,66,46,65,60,21,22,24,29,29,49,,,,56,50,,62,60,56,,45,24,25,,51,64,50,53,55,51,53,46,44,,,,37,29,,27,26,25,29,,,41,43,47,51,49,49,25,35,,31,,44,46,52,63,80,24,69,63,66,77,67,50,69,62,54,61,65,40,,72,,39,53,48,67,57,75,55,,,42,,52,60,,51,52,49,14,14,18,,53,47,45,40,30,32,32,58,29,35,28,31,32,33,60,50,47,29,46,,51,,65,54,7,24,,28,,20,40,38,42,19,,19,54,53,47,53,37,58,59,49,51,53,49,69,51,78,52,52,48,70,82,68,74,62,66,72,82,69,33,30,36,46,38,48,42,32,32,22,29,29,28,28,38,35,40,38,31,30,52,45,,57,39,63,40,40,28,44,25,55,38,57,77,26,20,96,14,13,25,40,50,72,67,106,41,27,43,56,73,42,36,33,98,91,84,77,62,61,70,56,34,46,46,34,51,26,23,23,25,32,40,32,36,38,22,,35,26,19,28,36,33,6,10,7,,14,28,,44,54,33,63,60,53,39,,,51,63,73,39,48,,43,36,54,39,,,50,22,31,32,40,16,36,30,32,30,39,13,17,9,19,22,24,20,14,20,14,12,16,11,39,45,64,33,,16,36,21,37,45,27,29,40,5,15,10,16,24,44,,61,26,22,,,,31,32,50,56,19,41,35,,12,36,38,32,44,34,,,,43,40,20,34,27,23,10,11,11,12,11,8,16,8,10,8,8,18,22,23,20,28,43,32,40,22,28,11,19,16,24,,16,22,33,12,,,,56,64,67,51,34,,38,39,,35,51,61,48,42,53,53,56,57,,27,,38,19,16,15,41,28,33,29,,32,,42,,44,48,59,52,49,59,60,58,59,60,54,56,58,55,51,,,31,35,33,27,32,26,30,17,27,19,40,23,33,33,35,24,27,35,13,15,15,31,33,38,13,21,15,24,20,17,46,34,33,,23,,16,13,,30,35,27,29,30,21,26,10,,,49,50,45,4,,9,8,5,15,30,49,,35,34,,26,16,17,4,7,78,35,67,67,72,12,7,10,17,,12,18,13,34,39,13,19,15,20,12,27,11,13,25,,23,33,37,22,26,13,14,26,11,14,24,20,32,18,,3,14,24,26,33,15,20,33,20,21,17,15,28,29,48,34,58,56,62,45,52,45,49,52,57,30,30,29,48,35,42,34,14,37,58,,51,43,43,57,49,,56,,67,,51,,53,49,56,58,51,48,42,41,37,35,22,,23,,49,52,47,,43,37,25,33,23,27,24,15,12,,35,,,8,34,31,13,8,13,35,16,25,15,19,15,17,9,20,20,16,16,13,8,10,25,,28,30,32,27,34,28,48,23,23,26,26,17,24,34,30,42,43,,,50,32,29,34,26,8,14,14,47,18,18,41,38,45,,34,29,23,50,24,39,27,17,30,32,21,9,26,25,20,19,15,35,37,34,19,25,38,25,32,23,46,11,6,,15,,17,23,7,18,12,14,6,29,6,19,16,11,48,54,36,44,51,54,72,50,47,64,65,38,,50,8,9,37,46,60,66,54,50,65,60,20,23,54,80,49,41,45,38,41,37,,,39,41,23,52,,26,41,57,56,29,29,31,28,24,15,51,58,,52,58,53,,,17,27,38,23,49,28,33,36,31,35,38,,20,10,40,43,,38,26,17,3,14,3,8,14,63,,36,40,19,18,,20,18,19,15,,15,,,8,7,7,9,19,3,33,,12,13,16,6,,,10,5,15,14,10,9,6,8,13,5,7,10,17,20,15,16,4,20,24,21,13,16,19,4,37,35,19,17,18,49,24,28,22,23,5,20,8,43,27,16,32,47,40,14,49,39,51,54,41,29,66,16,61,57,10,30,33,32,49,20,94,40,53,11,10,20,41,44,18,14,41,36,19,44,23,46,,30,31,29,33,16,50,55,64,58,64,36,32,49,47,25,17,,21,28,24,29,26,30,47,36,,43,65,49,,38,41,29,39,27,41,,13,34,64,54,22,21,7,21,17,5,42,50,45,21,3,17,12,18,42,45,50,59,41,43,44,15,17,28,32,33,25,19,34,27,,38,29,32,31,30,34,33,,36,35,21,30,20,37,37,25,24,27,34,33,,26,32,32,23,34,31,34,35,37,28,23,12,82,67,74,,66,,,50,,54,50,61,,72,51,38,45,49,36,63,,48,39,39,38,,29,50,38,33,22,34,44,31,38,19,47,63,37,52,49,60,57,39,23,29,46,52,44,,30,25,,26,52,43,37,21,20,24,22,40,29,26,28,42,32,43,31,17,29,26,29,34,16,33,19,13,23,35,27,27,27,29,32,,32,21,,10,13,15,14,14,9,12,34,24,19,7,70,28,32,22,24,35,23,18,22,12,11,18,11,15,18,16,17,25,25,15,15,24,17,,19,13,13,12,12,12,9,29,32,15,23,24,32,24,29,11,,49,13,27,21,,29,42,45,32,24,27,28,,27,51,77,63,67,55,25,10,19,24,,28,30,,28,,22,25,33,3,7,8,,14,13,15,10,14,14,36,50,24,67,22,,,,,9,17,31,24,24,20,32,,23,6,9,10,15,3,15,15,10,7,13,12,6,6,,10,12,15,23,11,,13,13,22,30,15,12,9,6,8,6,3,13,3,2,1,,2,,9,14,22,45,41,53,6,19,14,16,36,37,43,24,,,7,,13,20,16,12,2,4,11,8,11,10,10,23,13,2,14,19,,11,23,22,,33,29,13,9,3,18,8,10,18,8,10,9,,11,17,,57,18,35,5,24,14,8,12,27,23,,,,27,13,15,34,39,24,10,6,43,20,26,18,21,32,34,43,10,30,18,81,44,16,20,24,50,23,39,59,37,24,25,44,41,40,47,26,13,10,20,25,27,15,33,34,16,16,43,20,20,62,26,7,24,20,,22,52,49,25,55,43,45,24,33,80,28,44,40,55,47,37,56,20,,27,45,69,27,18,46,27,11,17,12,58,6,34,22,35,16,21,82,,46,5,45,28,36,17,44,22,26,20,32,2,20,9,47,70,82,16,29,37,32,52
20171215,16,NO2_24h,51,37,50,52,58,51,56,62,54,46,54,56,,,53,,52,57,53,,54,56,51,,60,50,,70,66,67,,57,66,54,60,58,63,64,62,63,60,61,72,,70,56,,50,,78,71,65,63,72,78,28,,33,30,32,46,56,47,53,42,58,61,,55,49,50,51,46,47,45,60,57,62,59,75,,71,74,74,71,71,69,83,21,25,27,30,30,25,20,22,55,66,68,,55,74,69,71,66,,67,51,36,41,41,28,41,19,59,45,36,54,49,53,50,53,28,34,51,38,40,56,64,34,,73,74,80,74,72,37,51,71,51,48,54,49,51,52,53,28,48,37,47,34,55,46,41,42,44,43,49,50,57,53,41,60,43,69,57,35,36,39,40,42,52,,,,57,49,,50,56,60,,38,27,26,,50,59,45,50,54,53,52,39,56,,,,47,41,,22,31,35,26,30,,35,39,34,41,40,41,33,46,,41,,45,45,52,58,77,31,63,55,60,72,60,47,64,53,54,62,57,58,,60,61,53,54,45,62,46,57,46,,,48,,57,59,,35,31,36,12,9,13,,52,52,37,39,34,28,31,42,39,32,28,20,33,28,49,47,40,27,28,,41,,53,36,9,27,,32,,27,32,40,44,27,,19,61,53,60,67,56,70,66,55,60,68,64,83,67,95,85,67,63,57,62,57,54,49,58,54,63,49,27,28,33,38,29,43,34,29,29,25,29,31,32,31,40,37,40,40,33,32,53,45,,48,42,55,38,41,32,44,26,37,29,35,37,21,32,52,10,24,23,40,65,65,61,73,46,37,47,49,60,50,46,40,65,56,60,70,58,58,56,53,36,45,40,42,47,28,26,27,31,39,40,35,43,38,33,,41,25,20,38,36,41,6,5,8,8,12,28,,45,44,39,51,41,48,43,,,37,52,45,43,48,,39,41,53,39,,,49,24,20,29,31,13,31,27,30,27,30,45,38,15,40,41,45,49,36,65,42,25,35,35,69,75,74,74,38,61,70,63,61,62,62,63,67,53,51,22,63,66,45,,59,27,24,,,,43,46,54,52,36,49,37,,23,40,33,33,41,39,36,37,33,37,37,15,33,30,32,15,19,15,13,15,16,29,29,22,23,26,43,59,44,49,22,25,31,38,59,63,45,53,41,37,51,19,25,33,11,,,,56,58,60,54,47,,52,21,,46,66,73,65,67,82,58,64,67,82,47,64,40,19,20,45,54,56,52,53,,36,,49,,46,50,55,56,45,50,60,50,44,47,29,39,33,60,53,55,,29,34,29,25,35,29,20,14,31,27,37,29,29,32,31,24,31,34,24,21,25,32,27,36,17,23,17,28,24,22,44,41,40,34,29,,35,28,,39,39,41,30,36,27,36,17,,,50,49,46,18,,23,19,24,22,30,46,,35,36,,46,57,51,36,45,75,71,60,70,65,62,35,31,61,,64,59,61,55,67,57,49,58,62,42,50,36,70,54,49,49,57,51,43,56,55,54,49,49,48,32,55,51,41,,16,41,42,43,34,35,31,47,43,46,26,31,51,47,89,56,50,46,55,45,40,34,38,39,29,32,32,27,37,28,38,30,8,50,54,,52,31,45,46,51,54,53,,59,,50,55,52,46,49,55,44,48,47,43,42,44,45,,44,33,48,43,38,41,43,42,36,28,21,23,25,15,14,,35,,,19,32,29,17,11,19,37,21,32,20,22,17,21,10,31,24,22,27,16,10,11,28,41,36,30,34,40,42,38,46,32,67,46,71,42,33,39,30,43,37,,,52,32,40,44,38,20,23,28,35,35,30,35,28,32,,28,31,20,70,62,67,60,34,45,49,39,34,48,53,53,57,48,55,59,55,48,52,54,66,57,60,77,10,11,,24,,30,30,23,27,27,21,6,38,19,32,39,33,43,54,52,54,63,60,77,53,57,74,48,40,42,48,20,43,42,43,46,52,30,27,39,46,34,31,47,85,48,41,37,41,35,39,,,32,33,23,38,70,36,42,41,45,42,39,47,111,23,17,53,59,,48,50,46,,,46,36,47,32,43,32,46,44,46,44,45,,34,34,53,53,37,56,39,27,41,51,36,12,53,77,,68,70,54,44,,46,46,58,54,53,36,,42,13,14,9,22,30,16,29,,16,20,18,15,,,16,8,23,17,13,12,8,36,40,32,36,37,70,84,62,58,41,56,57,67,43,50,55,49,63,68,48,56,48,59,53,56,52,28,19,46,28,36,55,31,34,57,47,11,37,42,59,17,34,26,37,14,41,32,5,30,41,31,50,22,69,50,43,14,16,29,58,63,47,9,27,27,32,48,20,39,,36,26,29,36,18,48,43,55,59,53,48,46,54,52,36,25,39,35,26,20,17,29,28,35,32,,33,49,41,50,32,30,23,20,36,42,,31,45,65,56,35,22,8,31,20,7,23,24,27,21,3,20,20,21,24,26,30,38,36,38,35,7,8,8,24,24,33,18,33,26,20,34,30,31,32,36,32,38,15,34,34,26,34,34,36,43,27,32,29,38,34,30,25,33,33,17,26,23,25,22,36,25,26,24,70,51,56,,46,,49,53,,56,54,46,,52,51,42,40,47,28,50,41,51,38,54,53,40,40,56,50,41,25,35,46,35,32,22,48,48,49,43,47,60,49,35,21,16,48,53,50,,30,31,,19,44,42,39,25,24,27,28,38,32,28,30,36,29,43,32,22,28,29,27,32,28,42,31,24,27,36,29,28,29,28,37,,26,20,23,12,14,16,15,14,14,18,31,27,20,5,25,23,27,18,25,32,24,20,25,14,16,24,12,17,21,16,13,21,24,25,19,27,19,12,20,19,13,15,10,11,22,34,39,35,31,28,32,29,22,14,25,35,27,39,35,28,35,44,52,39,20,26,28,,28,46,67,50,55,55,29,14,19,27,,32,36,,21,55,22,32,25,16,18,22,,22,16,30,28,44,37,28,33,27,41,18,,,,,5,21,30,25,16,14,29,,19,15,14,23,29,4,27,20,20,20,17,15,24,16,,9,8,16,18,26,,16,17,33,29,23,32,8,16,29,16,10,22,44,24,15,,8,,8,12,27,41,44,36,25,38,31,32,23,33,34,36,,,10,,51,58,23,15,14,11,31,28,24,28,23,32,20,37,52,30,,37,40,27,,38,23,28,20,19,24,12,23,25,13,22,13,,21,31,71,72,30,58,4,31,20,9,27,53,48,30,32,,55,39,48,48,51,46,8,4,37,29,35,29,55,32,31,43,59,58,53,65,75,44,43,65,42,31,71,58,39,16,26,50,45,53,44,32,31,28,27,38,61,64,27,46,17,31,53,55,39,49,51,23,42,35,38,15,52,52,22,57,49,56,33,34,68,44,52,49,58,54,43,50,52,,54,48,61,33,39,35,37,19,13,19,54,10,48,45,34,16,64,59,44,48,22,63,15,53,24,55,24,28,26,30,22,44,23,68,47,66,31,33,38,33,50
20171215,16,O3,63,67,37,53,54,58,72,59,63,56,61,59,,,62,,60,65,68,,44,68,55,,67,57,,23,12,12,,12,11,41,63,69,59,57,64,64,44,47,39,,34,28,,32,,40,35,31,41,39,35,73,,81,77,64,58,50,72,68,67,58,63,,55,56,62,60,30,32,31,27,18,20,22,54,,60,69,52,48,49,62,41,68,67,68,72,66,72,66,59,58,33,43,,59,52,33,24,30,,59,70,57,59,60,56,66,66,63,59,78,36,35,10,30,27,63,66,42,58,61,61,30,66,,35,41,26,31,34,86,48,53,44,35,32,32,28,28,47,59,32,28,14,38,25,24,31,27,41,28,36,27,26,7,10,16,15,31,30,54,60,54,53,51,,,,,6,7,,5,5,10,,28,41,53,,17,12,19,23,19,26,18,24,30,,,,31,47,,44,48,19,36,30,,35,95,20,,24,15,54,46,,46,,9,16,14,7,11,34,6,2,2,4,3,10,5,6,20,27,44,46,,5,40,28,17,11,5,9,5,14,,,34,,19,18,,10,5,9,80,76,60,,7,15,10,21,22,14,22,17,16,12,20,15,18,20,39,,11,20,29,,23,,22,10,48,67,,14,,20,32,6,11,24,,15,20,22,10,14,28,19,17,24,32,7,10,4,18,16,19,10,17,10,15,10,,11,12,16,8,12,18,15,11,10,10,17,6,12,17,28,13,24,13,25,15,,16,25,16,18,8,12,,8,24,19,12,10,19,9,25,81,74,69,69,87,128,68,87,109,84,109,84,67,104,66,6,10,4,18,17,9,,14,16,18,38,53,12,11,14,10,33,29,23,,32,,84,86,97,103,7,12,7,11,21,,15,23,28,21,15,17,71,110,62,,67,37,,28,21,34,13,5,4,24,,,20,9,6,22,9,,61,78,62,60,,,63,57,14,15,20,14,11,5,11,8,7,103,80,97,100,100,,86,92,87,93,81,92,92,82,75,56,88,71,99,84,85,85,70,96,75,67,91,79,83,90,85,76,,50,88,55,,,,64,46,14,12,45,26,22,,41,21,12,22,14,22,9,9,10,6,8,42,10,20,32,64,72,64,71,62,64,76,69,69,81,75,83,78,74,64,53,38,45,46,60,60,60,69,68,59,,69,63,58,75,,,,11,3,11,12,38,,41,40,,36,37,36,36,30,37,14,25,27,44,32,,7,21,35,66,41,51,51,50,,45,,40,,32,19,18,30,13,1,6,9,11,18,22,37,20,28,34,33,,11,12,10,10,7,83,82,91,71,95,115,31,21,26,28,21,25,113,29,29,25,26,20,16,96,99,96,32,32,33,63,74,75,18,21,,92,112,,144,124,,143,9,9,8,70,,,13,10,10,84,,60,,78,56,105,95,,97,88,,58,61,61,63,62,,65,26,41,22,98,52,49,59,,66,59,61,41,60,59,56,54,58,63,42,62,51,53,54,49,41,34,49,54,67,68,48,59,69,55,61,62,71,,84,55,42,37,30,56,48,37,59,60,55,52,34,39,31,30,7,7,9,20,9,12,18,12,16,6,15,7,15,10,2,9,23,43,74,,55,39,51,42,22,17,24,,6,,3,3,4,12,13,14,26,53,60,51,60,68,63,,82,15,11,12,14,14,26,38,41,9,10,21,23,31,17,,28,,,41,28,38,56,46,28,15,14,21,16,25,27,22,32,30,43,25,31,23,62,66,83,47,72,71,42,52,30,48,41,47,82,95,96,88,26,,25,14,66,,,78,75,73,75,81,100,91,103,93,110,85,30,8,7,,7,11,,60,86,69,85,90,76,94,80,95,21,79,86,79,97,65,81,83,83,88,79,73,69,72,63,73,72,,66,,68,60,75,67,50,37,33,26,52,56,73,66,38,33,20,20,14,10,4,7,17,16,14,8,31,21,62,63,21,,24,14,7,17,11,14,16,,19,27,33,27,27,,31,45,,,41,40,46,21,,38,31,11,10,51,34,32,15,52,63,37,37,,54,,2,,,63,41,12,56,41,51,47,48,54,47,50,,68,91,81,74,82,84,90,87,77,82,70,70,80,47,,43,44,75,65,,80,78,61,65,60,63,,65,73,78,79,48,40,62,15,,72,45,72,83,,,55,57,57,59,84,81,81,67,54,64,64,63,56,52,54,51,44,45,40,42,63,66,57,77,43,46,45,56,60,,62,56,58,40,56,42,59,71,70,69,44,31,34,56,27,37,21,,,49,8,69,13,19,,46,40,42,20,63,15,39,28,52,49,46,83,45,51,41,26,53,30,33,33,32,,26,16,19,19,18,10,8,8,22,4,13,10,23,12,54,34,,50,18,37,20,54,40,45,15,,12,19,26,23,24,17,19,12,43,46,,34,46,48,42,41,63,68,61,76,72,5,8,7,,71,33,43,29,24,27,25,15,6,3,3,11,3,7,8,11,13,3,4,3,16,10,11,6,5,3,11,7,7,7,10,31,25,54,16,19,21,20,11,16,9,9,8,8,8,11,12,12,12,11,8,7,5,12,15,14,10,,9,,9,12,,15,9,21,,24,44,51,33,36,34,41,44,53,53,64,65,66,59,54,58,51,3,2,6,5,3,95,54,43,62,27,22,35,30,6,8,10,33,32,30,,34,40,,11,5,7,7,7,51,55,61,24,28,16,12,6,5,11,15,37,25,36,24,23,38,29,31,42,35,26,12,6,11,5,27,,18,19,7,43,42,38,34,37,44,24,21,33,29,29,19,5,12,16,12,4,25,27,26,31,37,20,26,18,16,20,22,18,17,30,25,13,8,54,43,51,26,26,30,29,94,68,67,82,79,64,65,89,42,47,48,42,56,57,58,36,81,48,51,49,50,52,48,,46,39,41,17,34,79,66,88,56,83,,64,66,,60,72,62,57,65,66,78,72,,45,73,79,70,74,76,49,25,57,59,58,,,,,56,49,39,45,12,27,16,,27,94,96,52,54,90,94,92,77,86,88,88,79,74,,58,63,69,34,87,,88,107,80,80,49,79,83,75,62,74,90,89,79,93,64,,67,,66,64,67,52,53,67,83,72,80,79,30,26,26,86,,,77,,89,96,79,78,84,75,101,89,74,72,89,78,54,84,66,85,,81,72,71,,94,76,84,111,78,79,61,51,55,82,82,81,,95,64,,34,49,54,86,46,42,39,36,87,51,59,90,,78,,84,28,20,,54,45,102,47,42,43,83,65,83,12,66,42,57,10,49,72,55,64,36,55,56,19,27,23,40,38,44,43,56,26,79,74,63,71,58,52,46,38,77,80,22,60,71,4,58,67,56,63,,6,4,23,37,15,35,35,47,8,14,32,19,37,34,7,37,12,67,,52,11,60,16,125,38,48,58,70,51,26,67,68,,14,30,58,8,45,33,53,11,25,15,104,51,45,46,51,41,67,89,76,41,11,23,64,24,22,,28
20171215,16,O3_24h,63,67,40,57,58,62,74,77,68,57,61,63,,,62,,63,66,69,,55,77,69,,70,57,,23,19,17,,14,11,46,70,73,70,72,67,71,51,50,41,,36,33,,39,,51,38,38,43,42,37,73,,81,77,83,65,60,72,69,67,66,66,,60,57,65,63,30,37,35,28,22,23,23,54,,60,69,56,53,51,62,42,70,71,72,76,70,76,72,63,59,46,61,,66,67,49,34,48,,66,75,64,68,66,64,74,69,66,63,78,50,53,17,40,41,69,70,57,66,70,92,78,94,,61,67,35,43,52,103,86,72,57,59,58,62,63,44,65,74,67,72,25,40,30,31,34,29,41,38,39,39,31,26,28,34,27,43,56,60,60,55,56,62,37,,,,17,25,,26,16,26,,36,42,53,,29,33,31,40,32,39,34,52,32,,,,31,47,,46,49,41,51,54,,50,95,33,30,32,31,59,48,,123,,18,26,23,22,11,46,9,10,5,5,9,10,38,38,51,27,52,46,,12,40,28,32,36,12,38,39,34,,,36,,37,34,,39,54,40,81,84,71,,22,25,31,42,41,17,28,28,20,20,28,36,28,29,50,18,23,32,65,,61,,51,45,52,69,,22,,33,38,23,29,40,,37,21,22,10,14,28,21,17,24,45,15,11,5,29,20,26,35,38,20,24,20,19,18,22,36,16,21,25,20,15,19,18,36,11,18,20,30,13,24,13,25,16,15,16,25,16,18,12,24,,14,35,24,23,19,27,24,27,92,92,90,69,120,128,102,94,122,84,109,132,102,104,77,14,18,11,21,24,12,17,17,45,52,59,53,42,40,37,44,77,72,54,84,90,86,96,90,97,117,17,32,7,33,21,,16,29,38,24,20,21,77,110,65,74,76,52,,39,45,38,34,50,25,26,,,51,29,47,30,26,,61,78,68,60,,,63,68,33,30,28,34,26,16,27,27,25,103,93,97,100,100,90,86,104,104,112,90,108,110,82,75,56,88,71,99,84,88,88,79,96,75,67,91,79,83,90,85,89,,58,99,70,,,,77,52,23,28,53,39,42,,56,21,12,22,14,22,9,10,10,8,9,46,10,20,32,70,77,69,77,66,65,79,72,71,85,77,89,84,79,72,56,53,45,47,65,69,65,75,76,64,76,75,66,63,80,,,,18,16,20,16,39,,41,40,,36,37,38,36,30,38,26,31,27,44,33,136,39,21,49,66,54,51,51,50,,45,,40,,32,38,34,131,26,34,15,44,60,68,49,68,57,34,39,33,,31,28,30,38,21,91,113,110,87,97,115,97,97,93,101,99,92,113,64,70,62,65,54,21,96,99,97,38,41,43,66,74,75,27,36,,92,112,,144,124,118,143,16,22,21,71,,,33,31,34,87,,60,71,79,60,105,97,,101,91,,58,61,61,63,62,54,65,69,47,50,98,54,52,63,,77,67,73,76,91,68,64,62,68,69,54,68,58,54,58,55,47,45,52,67,75,78,69,65,74,60,67,71,76,,85,60,48,62,53,61,54,42,64,60,63,61,47,47,50,45,16,23,16,23,29,28,32,29,118,26,30,34,43,35,43,96,95,47,78,,58,52,58,57,26,30,39,,14,,18,7,18,18,16,18,26,53,60,53,66,68,63,,82,46,11,15,30,17,27,38,41,17,14,25,58,33,20,,29,,,41,33,48,70,46,38,20,25,25,22,27,31,28,32,30,43,25,31,23,70,77,83,47,72,71,48,52,30,48,56,47,86,95,96,88,26,19,27,16,66,,,78,75,73,75,81,100,93,106,94,110,87,58,36,39,,29,77,93,60,86,69,85,94,86,94,80,95,31,83,91,79,97,76,88,89,83,88,87,73,69,72,63,92,92,,74,,70,85,78,75,54,45,35,60,59,71,84,235,38,33,20,27,32,40,29,36,42,46,183,37,51,41,62,63,30,1,45,34,53,66,41,36,43,37,34,32,50,38,52,,47,57,,,66,60,48,38,39,38,94,41,45,71,35,37,25,57,66,41,37,,72,4,8,,,63,197,12,56,41,51,47,50,57,48,56,,68,91,81,74,82,84,90,87,79,84,72,76,82,47,,43,44,75,65,,80,78,67,77,60,68,,67,80,79,88,49,46,65,36,,72,50,79,85,,,56,65,65,65,105,93,95,69,58,64,66,67,66,61,61,65,45,57,54,43,69,70,65,77,51,58,57,62,72,41,62,68,59,51,57,47,64,97,73,77,55,44,44,68,84,54,33,70,43,60,58,70,37,38,54,66,57,65,42,70,45,64,53,60,58,57,91,101,53,50,38,77,90,34,34,43,,30,25,26,31,21,22,38,30,39,16,53,28,33,26,61,41,31,59,27,39,40,54,42,99,33,,30,29,34,33,36,34,41,41,47,49,,45,52,68,52,94,68,73,78,78,75,37,41,44,52,87,45,50,31,40,41,35,23,22,14,26,33,26,33,35,32,14,3,5,4,17,24,22,14,13,10,27,35,33,29,24,34,31,54,27,21,46,25,22,18,32,32,29,25,25,24,21,21,21,25,33,25,17,19,15,38,34,,13,,10,12,,16,11,31,,34,44,51,35,36,45,51,54,53,54,72,70,72,66,55,58,54,11,8,11,8,9,95,54,50,62,28,24,37,36,19,24,28,35,35,35,,36,40,,26,13,12,9,14,52,55,61,25,33,17,12,6,8,11,16,37,25,36,24,34,38,29,195,52,35,26,13,8,12,6,27,,18,19,11,43,42,38,34,41,44,25,32,33,29,43,30,33,29,35,19,19,38,37,43,32,41,29,43,28,26,28,26,23,19,30,26,18,13,54,43,51,28,27,49,45,94,73,74,84,79,64,65,89,42,51,48,48,56,57,59,48,81,58,58,49,50,52,48,,46,48,65,27,62,81,114,97,94,130,,64,66,,64,72,65,61,66,74,78,76,,47,81,81,74,82,80,53,43,57,73,58,,,,,57,49,51,45,16,33,31,,38,103,105,52,54,108,101,95,80,87,90,88,79,74,,71,68,69,54,90,,88,107,80,80,49,79,120,119,70,88,113,109,89,111,72,,77,,71,69,67,61,53,74,88,80,83,83,39,28,26,86,,,80,,89,96,89,90,84,77,101,89,83,77,89,81,56,85,66,90,,81,72,77,,102,80,94,130,95,84,81,64,74,97,91,93,,96,64,35,38,69,68,98,51,45,58,48,87,58,126,103,,78,99,84,28,20,30,55,66,118,50,47,54,86,65,83,24,69,50,57,12,49,72,56,69,42,55,56,34,31,49,42,38,44,43,56,39,81,76,77,79,66,61,47,38,77,80,40,64,73,28,58,67,59,69,67,21,11,30,47,28,36,37,47,19,31,48,19,39,36,31,37,31,67,,55,11,62,20,147,47,48,66,82,55,35,69,68,84,38,43,62,10,52,33,54,14,45,15,104,52,50,48,53,46,79,90,76,43,38,34,64,28,22,29,36
20171215,16,O3_8h,56,61,34,51,52,54,66,57,50,52,56,58,,,44,,47,51,50,,40,44,45,,40,39,,14,8,11,,7,7,36,51,52,52,53,48,55,37,36,32,,24,10,,13,,33,19,24,28,28,20,67,,63,66,74,58,45,68,57,61,46,50,,44,37,42,43,20,24,22,19,14,18,15,30,,32,28,35,30,30,34,22,65,62,63,64,62,64,60,52,47,38,49,,54,52,37,28,36,,54,50,42,43,42,36,48,44,44,39,53,42,44,13,34,34,56,58,45,59,63,71,52,62,,42,45,25,28,34,82,57,57,45,40,36,43,39,32,38,59,38,38,10,27,16,14,18,18,30,16,26,28,23,15,18,18,19,31,34,52,50,46,47,50,2,,,,4,5,,7,4,10,,25,31,43,,16,21,18,24,19,26,21,26,23,,,,20,39,,38,38,24,35,34,,35,28,17,10,19,12,40,34,,28,,11,13,11,6,10,29,4,2,3,4,4,5,6,6,5,9,18,16,,4,9,7,18,10,6,10,6,7,,,29,,21,18,,20,11,12,70,74,52,,9,10,12,18,19,7,9,20,15,11,20,30,19,19,37,12,11,28,34,,27,,28,18,47,61,,13,,17,17,7,11,15,,15,8,10,3,7,12,11,9,10,35,4,8,4,15,12,21,14,9,12,18,13,14,12,14,22,11,17,14,10,9,9,8,16,6,9,15,20,8,16,8,19,11,11,12,19,11,12,8,13,,8,21,15,15,12,19,12,23,69,50,63,40,77,83,50,83,92,62,78,60,54,67,50,8,10,6,11,12,8,14,13,15,20,25,18,18,17,18,18,40,38,31,41,38,43,50,48,49,83,9,12,7,13,14,,11,17,24,17,10,15,72,97,60,68,66,34,,13,17,22,11,5,5,15,,,18,11,10,18,9,,32,42,34,28,,,31,62,15,12,18,13,10,4,8,6,7,62,46,73,60,60,54,56,64,53,58,58,58,44,38,31,25,36,27,42,35,45,44,41,40,30,24,54,48,70,56,51,60,,37,69,54,,,,68,42,8,13,23,14,18,,17,15,9,15,11,14,7,8,8,5,7,37,8,16,21,60,65,62,66,58,56,67,58,61,72,63,78,75,69,64,42,32,34,37,57,60,51,63,65,53,65,56,47,42,71,,,,12,8,13,10,27,,25,18,,12,26,26,24,9,14,5,13,8,17,13,10,8,21,22,28,16,16,19,17,,19,,16,,15,17,20,30,8,2,3,25,30,33,19,32,19,22,29,20,,11,11,10,11,8,68,78,75,53,75,74,29,25,28,30,20,27,76,34,36,26,17,17,12,72,71,67,20,24,24,46,51,50,16,17,,64,72,,83,79,68,114,12,12,12,48,,,18,17,18,82,,50,62,71,54,60,64,,65,54,,25,30,24,25,30,31,33,36,40,27,60,39,41,51,,60,56,57,50,65,57,48,50,58,59,45,59,47,41,46,45,38,32,37,53,56,60,53,54,58,45,52,54,63,,65,50,42,47,44,50,36,30,40,38,43,53,30,37,36,31,7,12,7,10,10,16,16,10,61,6,13,8,14,12,4,21,29,26,49,,32,28,33,30,10,9,14,,1,,7,4,9,10,11,12,17,28,34,31,36,34,32,,43,21,10,9,18,14,17,22,28,12,12,22,22,28,16,,20,,,34,20,34,39,36,19,14,10,16,11,22,22,18,23,15,35,14,14,17,62,66,44,23,39,40,32,29,22,28,31,31,39,50,49,49,19,11,20,11,48,,,53,40,34,38,40,68,50,65,62,69,52,30,8,6,,7,10,6,36,41,33,39,68,50,69,57,66,10,51,60,61,61,41,49,52,44,50,44,31,29,33,30,67,66,,59,,66,52,50,52,38,30,20,35,32,44,56,129,21,14,9,8,6,6,16,19,11,8,34,10,19,13,32,34,13,1,24,14,18,33,24,23,18,20,23,25,36,27,26,,30,40,,,46,45,41,25,27,26,56,22,16,46,26,29,16,49,55,32,27,,48,1,4,,,44,69,8,35,30,34,30,31,35,30,34,,40,58,47,45,48,50,50,53,63,67,54,64,69,21,,21,22,44,36,,47,40,42,47,41,45,,48,56,56,66,46,40,63,21,,58,35,66,80,,,48,42,59,59,76,76,77,60,51,59,58,60,50,48,46,49,40,48,43,35,41,50,39,50,47,50,51,53,63,30,40,38,34,39,45,41,57,57,31,44,44,31,35,58,29,30,20,56,12,44,22,64,19,28,45,50,43,45,29,59,23,36,37,50,49,52,67,71,44,46,24,58,32,21,27,20,,17,10,11,13,12,9,7,9,26,6,15,19,22,11,51,37,24,50,21,34,23,42,36,40,11,,11,12,20,18,22,20,20,12,36,31,,38,44,49,40,57,54,65,42,66,67,16,19,17,25,74,24,25,26,24,24,19,12,10,6,6,17,7,10,8,13,10,3,4,3,16,19,16,9,8,5,9,10,9,10,12,29,24,20,17,16,34,18,14,16,10,9,8,9,8,13,13,13,12,12,10,7,6,11,10,14,9,,10,,8,9,,13,8,16,,16,22,30,16,18,26,32,33,28,37,41,41,44,38,34,35,31,7,5,6,7,7,75,32,28,28,23,16,22,22,8,11,14,25,23,22,,23,28,,14,7,7,7,7,32,35,35,16,16,12,7,5,5,7,12,25,19,25,19,22,22,16,38,34,24,24,12,5,10,4,18,,13,16,8,41,37,32,31,34,34,22,18,24,23,29,23,18,13,19,11,2,21,22,22,26,27,11,22,15,13,17,21,18,14,19,14,14,9,34,28,30,23,23,29,26,78,56,59,64,43,32,34,39,27,32,27,33,26,28,31,22,46,32,33,26,34,32,26,,27,41,36,19,44,69,52,57,48,87,,35,35,,36,43,44,30,38,44,42,48,,36,54,56,51,48,46,45,28,46,60,49,,,,,46,36,33,34,8,19,16,,25,65,65,32,35,85,85,83,58,79,69,57,56,51,,57,61,37,32,50,,69,73,39,39,24,40,72,85,44,56,58,58,46,62,41,,63,,51,50,36,35,28,33,69,60,64,64,22,17,16,62,,,73,,52,52,73,74,56,55,80,65,61,66,79,69,47,49,33,63,,52,39,53,,78,58,62,87,50,62,46,41,43,79,74,74,,83,54,17,18,36,36,85,38,33,46,32,45,30,62,67,,61,49,63,16,9,16,52,53,102,39,35,25,48,53,49,14,40,36,40,8,30,40,41,54,30,42,21,14,26,18,31,17,22,16,26,22,48,43,54,45,52,48,28,29,50,38,23,47,51,2,42,59,52,64,57,9,5,20,38,6,28,30,30,6,15,20,11,28,24,9,19,9,32,,40,7,39,14,92,30,25,59,76,44,24,59,35,51,16,32,44,8,39,9,42,4,37,5,80,34,32,31,34,28,45,52,64,31,12,18,22,18,14,17,15
20171215,16,O3_8h_24h,56,61,34,51,52,54,66,57,50,52,56,58,,,44,,47,51,50,,40,44,45,,40,39,,14,8,11,,7,7,36,51,52,52,53,48,55,37,36,32,,24,10,,13,,33,19,24,28,28,20,67,,63,66,74,58,45,68,57,61,46,50,,44,37,42,43,20,24,22,19,14,18,15,30,,32,28,35,30,30,34,22,65,62,63,64,62,64,60,52,47,38,49,,54,52,37,28,36,,54,50,45,56,52,61,59,60,44,39,59,42,44,13,34,34,56,58,45,59,63,71,52,81,,42,45,25,28,34,90,57,57,47,50,45,55,49,34,54,66,56,64,25,31,25,30,34,24,30,38,26,30,23,19,21,25,20,34,39,52,50,46,47,50,2,,,,4,6,,10,6,14,,25,31,43,,27,25,23,36,24,28,27,32,23,,,,20,39,,41,38,29,44,44,,43,28,30,13,23,12,40,34,,28,,11,13,11,6,10,29,4,2,3,4,4,5,6,6,5,9,18,16,,9,9,7,18,22,7,20,6,7,,,29,,21,18,,34,30,24,80,82,63,,9,10,20,25,19,8,9,21,15,19,26,35,25,27,48,17,21,30,52,,53,,39,32,47,66,,14,,29,19,20,13,32,,21,13,10,3,7,12,11,9,10,35,4,8,5,15,12,21,19,9,12,18,13,14,12,14,22,11,17,22,16,11,16,14,24,9,13,15,20,8,16,8,19,11,11,12,19,11,12,8,13,,8,21,15,16,12,19,12,23,87,80,75,62,77,83,50,83,92,62,78,60,54,67,50,8,10,6,11,12,8,14,13,15,20,25,18,18,17,18,18,40,38,31,41,38,43,50,48,49,83,9,12,7,15,14,,11,20,30,17,10,15,72,97,60,68,66,45,,39,34,30,22,30,21,15,,,39,24,42,28,26,,32,42,34,28,,,31,62,24,26,20,28,22,14,23,10,22,62,46,73,60,60,54,56,64,53,58,58,58,62,38,31,25,36,27,42,35,45,44,41,40,30,24,54,48,76,56,51,78,,43,81,68,,,,68,42,8,13,23,14,18,,48,15,9,15,11,14,7,8,8,5,7,46,8,16,21,60,65,62,66,58,56,67,58,61,72,63,78,75,69,64,42,34,34,37,57,60,51,63,65,53,65,61,61,59,71,,,,12,8,13,10,27,,25,18,,12,26,26,24,9,14,16,28,8,17,13,11,9,21,33,28,38,21,27,17,,19,,16,,15,22,20,31,23,26,3,25,30,33,46,43,42,22,29,20,,31,27,29,25,19,68,78,75,53,75,74,47,42,42,44,42,38,76,34,41,35,17,17,12,72,78,71,20,24,24,46,51,50,16,17,,64,72,,83,79,68,114,12,12,12,48,,,18,17,18,83,,50,62,71,54,60,64,,65,54,,25,30,24,25,30,31,33,36,40,27,60,39,41,51,,60,56,57,50,65,57,48,50,58,59,45,59,47,41,46,45,38,32,37,53,56,60,53,54,58,52,52,54,63,,75,50,42,47,44,50,36,30,40,38,43,53,30,37,36,31,12,15,13,18,26,26,30,26,71,13,16,18,20,18,6,21,88,26,49,,32,28,33,30,10,9,14,,1,,7,4,9,10,11,12,17,28,34,31,36,34,32,,43,34,10,9,18,14,17,22,28,12,12,22,22,28,16,,20,,,34,32,48,39,36,26,17,10,18,11,25,22,18,23,15,38,14,14,17,62,66,44,23,39,40,32,29,22,28,31,31,39,50,49,49,19,11,20,11,48,,,53,40,34,38,40,68,50,65,62,69,52,47,25,20,,24,38,40,36,41,33,39,68,50,69,57,66,10,51,60,61,61,41,49,52,44,50,44,31,29,33,30,72,67,,59,,66,80,70,70,38,30,28,53,32,53,56,215,21,14,18,27,6,6,16,27,11,8,34,10,19,13,32,34,13,1,37,26,44,53,36,23,25,20,26,25,40,32,43,,33,40,,,60,52,41,25,29,26,81,25,28,46,26,29,16,51,56,32,29,,54,3,8,,,44,69,8,35,30,34,30,31,35,30,34,,40,58,47,45,48,50,50,53,63,67,54,64,69,21,,21,22,44,36,,47,40,42,47,41,45,,48,61,60,68,46,40,63,35,,61,38,71,80,,,54,63,59,59,89,92,92,60,51,59,58,60,50,48,46,49,40,48,43,35,41,50,39,50,47,50,51,53,63,30,40,38,34,39,45,41,57,57,31,44,46,31,35,58,58,54,20,56,39,58,54,64,31,36,45,50,43,45,29,65,23,36,37,60,57,56,67,71,44,46,31,60,50,21,32,42,,18,23,22,25,18,9,15,10,32,7,53,26,22,11,51,37,24,50,24,34,33,42,36,70,13,,11,18,22,24,35,25,32,31,36,31,,38,44,58,40,57,66,65,42,66,67,32,35,34,27,82,36,37,26,25,27,27,17,12,11,26,24,24,31,33,30,10,3,4,3,16,20,16,9,8,6,9,13,13,13,13,29,24,20,17,16,35,18,14,16,20,22,20,18,19,16,15,15,14,18,13,12,10,14,10,14,9,,10,,8,9,,13,8,16,,16,22,30,16,18,26,32,33,28,37,41,41,44,38,34,35,31,9,7,6,7,8,75,32,28,28,23,16,22,22,18,23,27,25,23,22,,23,28,,24,7,7,7,7,32,35,35,16,16,12,7,5,5,7,12,25,19,25,19,22,22,16,38,34,24,24,12,5,10,4,18,,13,16,8,41,37,32,31,34,34,22,18,24,23,29,24,20,19,22,11,4,36,34,39,28,27,11,23,17,13,19,21,22,14,22,14,14,9,34,29,30,23,23,29,26,78,56,59,64,43,34,43,40,27,32,28,33,26,28,31,22,46,32,33,26,44,36,32,,30,42,37,19,54,69,84,74,50,108,,35,35,,36,43,44,30,38,44,42,48,,36,54,56,51,48,46,45,28,46,60,49,,,,,46,36,33,34,8,19,23,,36,65,65,35,44,92,100,95,58,79,69,57,56,51,,57,61,40,38,50,,69,73,39,39,24,40,72,85,44,56,58,69,46,62,41,,69,,69,63,36,35,28,33,69,60,64,64,28,19,20,62,,,73,62,52,52,76,74,69,72,83,73,61,66,79,75,52,49,33,63,,52,39,53,,92,58,77,96,65,82,58,46,48,79,77,80,,83,54,17,18,36,36,85,38,40,55,32,45,30,62,75,,61,52,63,16,9,16,52,65,110,40,36,29,48,58,49,14,40,36,40,8,30,40,41,54,30,42,21,14,26,37,31,17,22,16,26,24,48,43,54,45,52,48,33,29,50,38,23,47,51,7,42,59,52,64,57,21,5,20,38,6,28,30,30,6,16,20,11,30,24,30,35,25,32,,40,7,39,14,92,33,25,61,77,53,24,59,35,51,18,33,44,8,45,21,42,4,40,5,80,34,32,31,34,28,45,61,64,31,38,18,22,18,14,17,15
20171215,16,CO,0.2,0.3,0.2,0.3,0.2,0.3,0.2,0.1,0.2,0.4,0.3,0.4,,,0.6,,0.1,0.4,0.3,,0.9,0.4,0.5,,,0.4,,1.6,2.3,2.1,,2,1.6,1.1,0.5,0.8,0.4,0.6,0.6,0.5,1.4,1.2,1.2,,1.7,1.9,,1.9,,1.7,1.5,1.9,1.8,1.7,1.6,0.2,,0.2,0.5,0.7,0.1,,0.2,0.6,0.3,0.1,0.3,,,0.6,0.3,0.4,1.6,1.9,1.7,2.3,2.5,2.4,2.3,0.6,,0.8,1,0.9,0.6,0.6,0.6,1.1,0.7,0.6,0.5,0.5,0.6,0.5,0.3,0.9,0.2,0.5,0.4,,0.5,0.3,0.8,0.4,0.4,,0.4,0.4,0.6,0.9,0.7,0.8,0.8,0.7,0.2,0.7,,0.9,0.8,1,0.4,0.3,0.4,0.4,0.5,0.4,0.4,0.9,1,1.4,,1.1,1,0.6,0.9,1.1,0.8,1.2,1.8,0.4,0.9,0.6,0.7,0.7,0.6,0.8,0.6,0.6,0.4,0.4,0.6,0.2,0.8,0.6,0.8,0.8,0.1,0.5,0.9,0.8,1.1,0.6,0.9,0.5,0.3,1,0.8,0.5,0.9,0.9,0.7,0.9,,,,1.8,1.7,,1.7,1.8,1.9,,0.7,0.3,0.5,,0.8,1.3,1.2,0.9,1.1,0.9,1.1,1,1.2,,,,0.8,0.7,,0.3,0.4,0.5,1,0.6,,0.7,1,1.2,1,0.8,1.1,1.1,0.8,,0.9,,1.2,1.5,1.2,1.2,1,0.6,0.7,1.1,1,1,1,0.7,0.7,0.7,0.8,0.7,1.1,0.6,,0.8,0.7,0.6,0.5,0.4,0.7,0.8,0.7,1,,,0.7,,0.8,0.7,,0.8,0.8,0.8,0.7,0.7,0.7,,1,0.6,0.6,0.6,0.7,0.8,0.8,0.9,0.5,0.5,1,0.7,0.7,0.5,0.6,0.8,0.4,,0.7,,0.8,,0.7,0.7,0.2,0.4,,0.9,,0.9,,1,1.1,0.8,,1.5,1.4,1.5,1.3,1.3,1.2,1.2,1.2,1.3,1.4,1.3,1.1,1.3,1.4,1.2,,1.3,1.3,1.5,1.8,2,2.5,2.3,1.8,2.4,1.7,2.2,,0.9,1.2,1,0.9,1.1,1,0.9,1,1.3,1.2,1,0.8,0.9,0.9,,1.2,1.1,1.1,0.7,1.5,1.4,,0.9,1,1.2,0.9,1.3,1,1.1,1,0.7,0.8,0.8,1,0.7,0.4,1,0.7,0.6,0.6,0.7,0.7,0.8,0.9,1.2,0.9,1.3,1,1.3,1.1,1.1,1,1,1.4,1.3,1,1.2,1.2,1.2,1.1,1.1,1.2,1.4,1.5,,1.2,0.9,1,1.2,1.2,1,1,1.4,1.2,0.8,0.9,,1.3,1.5,1.1,,1.2,1.4,0.5,0.5,0.4,0.4,0.6,0.7,,1,0.8,0.8,1.3,1.1,1,0.7,,,0.9,1,1.1,0.8,1,,0.8,0.6,0.7,0.7,,,0.8,0.7,0.9,1,1,1,0.8,1,1,0.8,1.1,0.8,0.8,0.9,,0.7,0.9,,0.6,0.6,0.7,0.5,0.5,0.3,1.4,1.8,1.4,0.6,1.1,1,1.5,1.1,1.2,1.4,0.9,1.6,1.3,0.3,0.5,0.7,0.4,0.6,1.5,,1.8,1.4,0.3,,,,0.8,0.9,1.2,1.4,1,1,1.4,,1.5,0.8,1,,1,1,0.9,0.9,0.9,1.1,1,0.8,0.8,1,0.6,0.4,0.4,0.3,0.7,0.4,0.2,0.6,,0.4,0.5,0.4,0.3,0.4,0.2,0.3,1.1,1.2,1.2,1.2,0.7,0.6,0.5,1.1,1.9,1,,0.4,0.6,0.5,0.6,,,,1.3,1.1,1.4,1.2,1.1,,1.2,,,1.1,1.3,0.9,1.4,1.6,1.7,2.2,2.8,,1.5,1,,1.2,1.2,0.6,0.7,1.1,0.6,1.1,0.9,,1.3,,1.8,,1.4,1.1,1.5,0.9,1.8,1.4,1.3,2,1.9,1.6,1.7,1.6,1.7,1.7,1.5,1.1,,1,1,1.1,1.2,,0.8,0.7,0.6,0.9,0.6,1,,1.2,1.2,1.1,1,1.3,0.8,1.5,1.2,1,1,,0.9,0.8,0.9,0.6,1,0.8,0.9,1,1.1,1.2,1.3,1.2,,0.7,0.7,,0.9,0.8,1,0.9,1,1,0.9,0.7,,,3,2.2,2.8,1,,0.6,0.5,0.6,0.7,1.5,1.5,,1.5,1.5,,1.5,,0.9,0.8,0.8,1.7,,1.8,2.8,,0.8,0.4,0.7,,,0.7,0.9,0.8,2.2,0.8,0.5,0.5,0.4,0.4,0.4,0.4,0.5,0.4,0.6,0.9,0.8,0.8,0.9,0.8,0.5,0.8,0.4,0.3,0.5,0.6,0.8,1.2,0.8,0.7,,0.5,0.6,0.7,0.6,0.9,0.3,0.9,0.7,0.8,0.9,0.6,0.7,0.7,1.3,0.5,0.8,0.8,0.9,0.8,0.9,0.9,0.5,0.9,0.6,0.7,0.8,1.1,0.7,1.3,1.1,0.7,0.7,,,1.5,,1.3,1.6,1.6,1.7,2.4,2.1,2.2,,2.6,,2.3,2.4,2.3,1.9,2.2,1.8,2.3,1.4,1.4,1.5,1.5,1.3,0.9,,1,1.4,1.2,1.4,1.8,1.2,1,1.4,1.4,1,1,0.9,1.1,1.1,0.9,,1,,,1.4,1.6,1.7,1.2,0.9,0.8,1.1,0.9,1,,1,1.4,1,0.9,,1.1,1.3,1,1.2,0.4,0.5,0.7,0.8,0.9,0.9,0.9,0.8,1,0.7,1.1,1,2.2,1.6,0.9,0.6,0.7,0.4,1.3,0.4,0.8,,,0.7,0.8,0.6,0.9,0.7,0.7,0.8,0.7,0.6,0.6,0.7,1.3,0.8,1.2,,1.2,1.4,,1.3,1,0.6,1.1,0.9,1.3,1.2,1.2,0.7,,0.9,0.8,0.6,,0.7,1.1,0.3,0.7,0.6,0.7,0.7,0.6,0.6,,0.5,0.4,,0.5,,0.5,0.5,0.3,0.7,0.6,0.6,0.6,0.6,1.1,2.2,2.9,0.7,1.3,1.8,1.3,1.7,1.6,1.4,1.6,1.5,1.6,1.3,1.4,0.8,1.7,1.5,0.8,0.9,2.1,1.5,1.9,1.8,1.6,1.6,1.9,1.7,,,0.9,0.8,0.9,0.6,0.4,0.6,0.8,0.6,,0.3,0.3,0.9,0.6,0.6,,0.7,1.4,1.2,1.4,1.2,1.1,0.5,0.7,0.4,0.4,0.5,0.7,,0.7,0.5,0.6,,,0.5,0.3,0.8,1.3,1.4,1.6,1.2,1.4,1.4,1.3,0.9,,0.7,0.5,1.7,2,1.6,1.6,1.3,1.2,0.2,0.5,0.4,0.6,0.2,1.5,,0.7,1,1.2,1.4,,0.8,1,0.4,0.9,0.8,0.4,,,0.5,0.4,0.3,0.3,1,0.5,0.8,,0.7,0.5,0.3,0.2,,,0.5,0.3,0.6,0.2,0.6,0.5,0.3,0.3,0.3,0.4,0.3,0.5,0.6,0.6,0.6,0.8,0.3,0.1,0.3,,0.4,0.7,,0.5,0.5,0.6,0.5,,0.4,0.9,,0.9,1,0.5,0.7,0.6,0.2,1,0.9,1,0.4,0.6,0.9,0.9,1.1,1.1,1.2,,1.3,0.8,1.3,0.7,0.9,1.3,0.3,1.1,0.5,0.8,0.9,0.5,1.4,0.8,0.8,0.8,0.7,0.7,1.4,1.5,0.5,0.7,0.6,0.8,0.7,0.7,0.8,0.6,,0.5,0.5,0.6,0.7,0.7,1.4,1.3,1.8,0.8,0.9,0.7,0.8,0.7,0.8,0.3,0.5,0.4,0.4,0.6,0.6,0.6,0.4,,0.5,0.7,,1,0.9,1.1,0.8,0.7,0.7,0.8,0.8,1,0.8,,0.6,0.5,1,1.1,1.2,0.6,0.5,0.5,0.5,0.4,1.3,1.1,1.3,,0.4,0.5,,0.7,0.9,1,1.2,0.8,0.7,1.1,1,0.4,0.8,0.9,0.9,0.6,0.9,2.3,1.4,1.4,1.3,0.7,0.6,0.7,0.8,1,0.4,,0.7,0.6,0.7,1.5,1.6,1.5,1.3,1.7,0.6,0.6,0.8,0.8,1.3,,1.4,1.2,1.5,0.6,0.8,0.6,0.8,0.4,1.2,1.1,0.8,,3.2,3.2,2.9,,3.9,,4,2.1,,2.1,2,1.9,,1.9,1.4,1.3,1.3,1.6,1.9,1.6,1.7,1.5,1.7,1,1,0.8,0.9,1.2,,1.2,1,1.1,1,1,1,1,0.9,1.3,1.2,,1.5,1,1,1.2,1.3,0.9,1.4,1.2,,,1.4,1.4,,0.8,1,1.3,1.3,1.3,1.3,1.3,1.3,1.5,1.1,0.8,1.3,1.6,1.2,1.2,1.4,0.9,1.1,0.9,1.1,1.3,1.2,1.8,1.6,1.5,0.9,1.2,1.3,1.5,1.2,1.5,1,,0.7,0.7,1,1.2,0.5,1,0.8,1,0.9,1.2,1.2,1.7,1.8,0.8,0.3,0.6,1.5,0.6,1.3,0.6,1.1,0.9,1,1.3,0.6,1.1,0.8,0.7,0.9,1,1,,1.3,0.9,1.3,0.8,1,1,0.8,0.9,1,0.9,,1,0.3,0.5,0.6,0.8,0.7,0.7,0.8,0.7,0.7,0.7,0.2,0.3,0.6,0.7,0.7,,0.5,0.3,0.5,,0.8,0.8,0.9,,0.8,0.8,0.8,1,1,1,,0.6,0.8,0.7,,0.4,0.6,,0.8,0.7,0.9,0.6,0.9,0.3,0.5,0.5,,0.6,0.8,0.8,0.7,0.6,0.9,0.8,1.5,1.1,,0.8,,,,,1.5,1,1.1,1,1,1.4,1.1,,1,0.5,0.8,0.9,0.4,1.1,0.8,0.7,0.4,0.4,0.6,1.3,0.6,0.8,,0.4,0.5,0.8,1.1,0.4,,0.7,1,0.5,0.9,0.7,0.7,0.2,0.5,0.8,0.9,0.4,0.6,0.3,0.7,0.6,,0.3,,0.4,0.3,1.1,,1,1.2,0.7,0.8,0.7,0.8,1,1.3,0.9,0.7,,,0.5,,0.4,1.2,0.4,0.6,0.2,,0.1,,0.5,0.4,0.5,0.5,0.5,0.4,0.4,0.4,,1,1.5,1.1,,1,1.7,1.6,0.7,0.5,,0.1,0.4,0.3,0.4,0.7,0.3,,0.5,0.1,,2.4,1.8,2.5,1.2,1.7,0.7,0.8,0.6,0.7,0.7,1,0.7,,,2.2,,1.8,2,1.7,,0.2,0.1,0.8,0.9,0.7,1.2,0.6,1.7,1.3,0.4,0.7,0.4,2.3,1.1,0.1,1,0.9,0.4,0.6,0.4,0.6,0.8,0.7,0.6,1.4,1.3,1.5,0.7,0.9,0.5,0.5,0.9,0.8,0.4,0.3,0.8,0.8,0.4,0.4,0.5,0.3,0.6,0.7,1,0.6,0.5,2.2,,1.3,0.6,1.1,0.7,1.3,2.5,1,0.5,1.7,2.2,0.9,1.1,1.5,1.2,1.1,0.8,0.8,0.6,,0.4,2.2,1.4,1.1,0.9,0.7,0.8,1,0.2,0.3,1.7,0.5,1.1,0.8,0.9,0.5,0.4,3.8,0.7,1.9,1.2,1.5,0.6,1.5,0.5,1.4,0.9,0.9,0.7,0.7,0.5,1.1,0.2,1.2,1.3,1.9,0.5,1.6,1.3,1.2,2
20171215,16,CO_24h,1.1,1,1.2,1.3,1.3,1.1,1.3,1.5,1.6,1.3,1.3,1.4,,,1.5,,0.8,1.3,1.1,,1.7,1.2,1.2,,1.4,1.3,,2.1,2.2,2.5,,1.8,1.6,1.4,1.5,2.1,1.4,1.8,1.8,1.5,2.4,2.6,2.6,,2.7,2,,1.9,,2.3,2.3,2.5,2.6,2.6,2.2,0.6,,0.6,1,1.2,1.5,2.1,1.6,2.5,1.5,1.2,1.2,,0.9,1.3,1,1,1.8,1.9,1.8,2.3,2.3,2.2,2.3,2.7,,3,3.4,2.8,2.8,2.7,2.5,2.9,0.9,0.7,0.6,0.7,0.7,0.7,0.5,1.2,2.2,2.7,2.3,,2,2.3,2.5,2.2,1.9,,2,1.1,1.1,1.2,1.2,1.2,1,1,1.5,1.4,1,1.3,1.3,1.4,0.9,0.9,1.1,1.3,1.2,1.1,1,1.1,1.2,1.4,,0.5,1.3,0.8,1.3,1.3,1,1.4,1.7,0.4,0.8,0.8,0.5,0.8,0.9,0.8,0.6,0.6,0.4,0.4,0.7,0.2,0.7,0.6,0.8,0.9,0.1,0.5,0.8,0.9,0.9,0.6,0.7,0.6,0.3,0.8,0.8,0.6,0.9,0.9,0.7,1.4,,,,1.5,1.3,,1.2,1.1,1.1,,0.7,0.3,0.5,,0.7,1.1,1.1,0.8,1,0.8,1,1,1.1,,,,0.9,0.7,,0.2,0.3,0.5,0.9,0.6,,0.6,0.7,0.9,0.7,0.5,0.8,1,0.6,,0.7,,1.7,1.5,1.3,1.2,0.9,0.7,0.7,1.1,1.1,1,0.9,0.7,0.7,0.6,1.1,0.8,0.8,0.8,,0.7,0.9,0.8,0.6,0.5,0.6,0.8,0.7,1.1,,,0.7,,0.8,0.6,,0.7,0.8,0.8,0.7,0.6,0.6,,0.9,0.7,0.6,0.6,0.8,0.9,0.8,0.9,0.7,0.6,1.1,0.6,0.8,0.6,0.6,0.7,0.5,0.4,0.7,,0.8,,0.6,0.5,0.3,0.4,,0.7,,0.8,0.9,0.9,1,0.9,,1.3,1.6,1.9,1.8,1.8,1.8,1.7,1.8,1.7,1.5,1.2,1.5,1.1,1.2,1,1,1.1,1.3,1.4,1.5,1.7,1.9,1.9,1.5,1.8,1.3,1.9,0.7,0.8,1.1,0.8,0.7,1,0.8,0.9,1,1.1,1,1,1,0.9,1.1,1,1.1,1.1,1.1,0.8,1.4,1.3,,0.8,1,1.1,0.8,1.2,0.9,0.9,0.9,0.6,0.8,0.7,0.7,0.6,0.6,0.8,0.6,0.7,0.6,0.7,0.9,1,1,1.2,0.9,1.3,1,1.3,1.1,1.1,1.2,1,1.4,1.2,1,1.3,1.2,1.2,1.1,1.1,1.1,1.1,1.2,1.2,1.2,1.3,1,1.2,1.3,1,1.1,1.4,1.3,0.7,0.9,,1.3,1.4,1.2,0.9,1.1,1.4,0.4,0.4,0.4,0.4,0.6,0.7,,1,0.7,0.8,1.1,0.9,0.8,0.8,,,0.8,0.9,0.7,0.9,0.9,,0.8,0.7,0.8,0.8,,,0.9,0.7,0.8,0.8,0.9,0.9,0.7,0.9,0.9,0.8,1.1,1,1.1,0.9,1.3,0.7,1.1,1,1.1,1.9,1.1,0.6,0.7,0.6,2,2.5,2.2,1.4,1.8,1.9,1.9,1.9,2.2,1.8,1.9,2.2,1.9,1.2,1.1,1.4,0.9,1.5,1.5,,1.4,1.5,0.5,,,,1.3,1.3,1.3,1.3,1.6,1.1,1.2,,1.6,0.8,0.9,0.8,1,1,0.9,0.8,0.8,1,1,0.7,0.7,0.9,1.4,0.4,0.7,0.5,0.6,0.5,0.4,0.8,0.9,0.6,0.8,0.7,0.6,1,1.5,1,1.2,1,1.2,1.1,2.2,2.3,1.6,2.2,2,1.4,1.9,0.5,0.6,0.5,0.6,,,,1.4,1.2,1.5,1.6,1.9,,1.9,1.6,,1.3,1.9,1.5,2,2.9,3.1,2.6,3.5,3,3.6,1.3,1.1,1.1,1.2,0.8,1.1,1.3,0.9,1.3,1.5,,1.4,,1.9,,1.5,1.1,1.4,1,1.7,1.3,1.4,1.4,1.1,0.9,0.8,0.8,0.8,1.8,1.4,1.5,,1,1,1.1,1.2,1.5,1,0.8,0.7,0.9,0.7,0.8,1,0.9,1,0.9,0.8,1.1,0.9,1.6,1.3,1,0.9,1.1,0.9,0.9,0.9,0.6,1.1,0.9,1.1,1,1.1,1.3,1.2,1.2,,0.8,0.8,,1,1,1.1,0.9,0.9,1,0.7,1,,,2.9,2,2.7,1.6,,1,2.1,1.4,1.7,1.8,1.8,,1.9,2,,3.7,2.5,2.6,3,3.3,2.1,1.2,1.8,3.4,2.3,1.9,1.6,0.9,1.2,,4.2,2.5,4.2,4,3.3,2.2,1.4,1.6,1.5,1.1,1.2,1,2,3,3.6,3.5,2.3,2.2,2.4,1.3,1.9,1.5,1.2,1.4,1.4,1,2.6,1.7,1.4,,0.9,1.2,1.1,1.1,1.2,1.2,1.3,1.3,1.6,1.9,0.8,1.3,1.3,1.6,0.9,1.3,0.7,0.9,0.7,0.9,0.7,0.5,0.8,1.2,0.8,0.7,1,0.6,1.2,1,0.6,0.5,0.3,2,1.6,,1.8,2,1.9,1.7,2.4,2.2,2.3,,2.6,,1.7,1.6,1.5,2,2.3,1.7,2.2,1.5,1.5,1.7,1.5,1.6,1.6,,1.3,1.4,1.2,1.5,1.7,1.1,1.2,1.4,1.3,1.3,1,0.9,1,1.1,0.9,,1,,,1.4,1.6,1.5,1.2,0.9,0.8,1,0.9,1,0.8,0.9,1.4,1.1,1,1.2,1.8,1.3,1.4,1.2,0.5,0.5,0.9,0.9,1,1.1,1.1,1,1.1,0.9,1.2,1,4.8,1.9,2.2,1.9,0.7,0.7,0.7,0.5,0.9,,,0.7,0.9,0.7,0.9,0.8,0.8,0.9,0.8,0.7,0.8,0.8,1.1,0.7,1,,1,1.1,1.2,1.8,1.9,1.4,1.8,1.6,2.3,1.7,2,1.7,2.2,2.7,2.2,1.1,1.9,1.5,2,1.2,1.9,1.6,1.9,1.9,1.5,1.3,1.7,0.5,0.4,,0.6,,0.9,0.7,0.7,0.7,1,0.7,0.6,0.8,1.2,2.4,3,1.2,1.4,1.9,1.9,1.7,1.6,1.3,1.2,1.3,1.6,1.3,1.8,1.1,1.5,1.3,1.4,1.9,2.3,1.5,1.3,1.2,1.1,1.3,1,1.4,1.5,1.7,0.9,0.9,1,0.5,0.4,0.6,0.7,0.5,,0.3,0.3,0.8,0.6,0.6,0.8,0.8,0.6,0.8,1.1,1.1,1.2,0.6,0.7,0.4,0.4,0.5,0.6,,0.9,0.5,0.5,,,1.4,1.1,0.8,1.5,1.4,1.7,1.6,1.5,1.4,1.4,1.2,,0.7,0.6,3.4,3.1,2.6,2.5,2.7,3.1,1.3,1.4,1.5,0.4,1.2,3.3,,2.6,3,2,2.3,,1.7,1.8,2.3,2.5,2.4,1.7,,2.1,0.7,0.6,1,0.7,1.4,0.7,0.8,,0.5,0.5,0.4,0.4,,,0.8,0.4,0.8,0.4,0.6,0.5,0.3,1,0.9,0.8,0.9,1.1,3.5,4.3,2.8,4.4,1.5,1.1,1.3,1,2.4,1.9,2.8,2,1.1,1.3,1.5,2.3,1.3,2.8,2.4,1.7,2,0.9,1.1,1.2,0.6,1,1.3,1.1,0.8,1.5,2.7,1,1.7,1.3,3.1,0.3,1.3,0.8,0.8,0.5,0.6,0.9,0.3,1.1,0.9,0.9,1.1,0.4,1.9,1.1,0.6,0.8,0.8,0.8,1.6,1.5,0.9,0.7,0.5,0.7,0.6,0.5,0.6,0.5,,0.5,0.5,0.5,0.6,0.6,1,0.9,1.3,0.8,0.8,0.8,1,0.7,0.8,0.5,0.7,0.7,0.6,0.6,0.6,0.6,0.5,0.4,0.5,0.8,,0.9,0.9,1,1,0.6,0.6,0.7,0.7,1.1,0.8,,0.7,0.7,0.7,0.8,0.7,0.6,0.5,0.6,0.5,0.4,0.7,0.7,0.8,0.6,0.4,0.5,0.7,0.5,0.6,0.5,0.8,0.7,0.7,1.1,0.7,0.3,0.6,0.6,0.7,0.5,1.1,1.5,1.2,1.2,1.2,0.6,0.4,0.6,0.7,0.7,0.3,0.4,0.7,0.6,0.7,1.5,1.6,1.5,1.3,1.6,0.6,0.6,0.8,0.7,1.2,1.1,1.3,1.1,1.5,0.6,0.7,0.6,0.8,0.4,1.1,1,0.8,1.4,2.7,2.5,2.1,,2.1,,2.1,1.9,,1.9,1.9,1.9,,1.8,1.4,1.3,1.3,1.6,1.9,1.5,1.6,1.7,1.7,1.4,1.3,1.1,1.2,1.3,1.1,1.2,0.7,0.8,1,0.9,0.9,1,1.2,1.4,1.4,2.1,1.6,1.2,1.2,1,1.1,0.7,1.3,1.3,1.3,,1.2,1.3,,0.4,1,1.3,1.4,1.3,1.3,1.3,1.2,1.3,1.1,0.7,1.3,1.4,1,1.2,1.5,1,1.1,0.9,1,1.1,1.4,1.9,1.6,1.6,1.4,1.1,1.2,1.5,1.1,1.5,0.8,,0.7,0.6,0.9,1.1,1.4,1,0.7,0.7,0.5,1.3,1.5,1.9,1.8,0.2,0.2,0.3,1.3,0.9,1.3,0.9,1.1,0.9,1,1.3,0.7,1.1,0.8,0.7,1,1.1,1.1,1.1,1.4,1.1,1.2,0.8,1,1,0.9,1,1,1,1.2,1,0.6,0.8,0.8,1,0.7,0.7,0.8,0.7,0.7,0.7,0.4,0.4,0.7,0.8,0.8,0.9,0.5,0.4,0.5,0.2,0.8,0.8,0.9,,0.8,0.8,0.8,1,1,1,0.7,0.7,0.8,0.6,,0.7,1,,0.9,0.7,0.9,0.6,0.7,0.5,1.1,0.6,,0.7,0.9,0.8,1,1.1,1.3,0.7,1.1,1.2,1.2,0.7,,,,,1.5,1.2,1.1,1,1,1.4,1.1,,1,0.9,0.9,1,0.9,1.1,0.9,0.8,0.5,0.6,0.8,1.4,0.9,0.9,,0.4,0.5,1.1,1.1,0.7,,0.7,0.9,0.8,1,0.8,1,1.1,1,2.1,2.5,0.8,1.1,1.7,1.1,2,,0.5,,0.4,0.3,1.2,1.5,1.3,1.5,1.1,1.4,1.2,1.1,0.9,1.1,0.8,1,,,0.6,,1.7,2.2,0.5,0.7,0.3,0.1,0.3,0.4,0.7,0.6,0.8,0.9,0.7,1,1.1,0.7,,2.3,2.2,1.2,,1.2,1.5,1.9,0.9,0.8,1,0.3,0.3,0.5,0.5,0.9,0.4,,0.8,0.3,2.9,3.9,2.9,3.3,0.7,2.5,1,0.7,1.4,1.6,1.5,1.9,1.7,,3.1,3,2.7,2,1.9,1.6,0.1,0.2,0.6,0.9,0.9,1.1,2.5,0.6,2.2,1.2,1.5,1.5,1.2,2.4,2.9,0.9,1.8,2,0.4,0.3,0.6,0.6,0.8,0.6,0.7,1.4,1.3,1.7,0.8,0.8,2.5,1.4,1,1.1,2.4,1.8,0.7,0.8,0.6,0.9,0.7,1.3,0.7,0.8,1.9,1.3,0.9,2.7,1.9,1,0.7,1.3,0.7,1.6,1,1.1,0.4,1.4,1.5,1.1,1.7,1.2,1.3,0.9,0.8,0.9,3,,1.2,2.1,1.7,1.1,0.9,0.8,0.9,1.2,0.4,0.9,1.5,0.5,1.5,1.7,0.8,0.6,1.3,2,0.7,1.9,1.2,1.9,0.5,2,0.6,1.9,1,0.9,0.8,0.9,1.4,1.5,0.6,2.2,1.1,1.7,0.7,1.5,1.2,1.3,2.3
20171215,17,AQI,26,25,26,41,33,41,32,40,21,31,22,20,,,35,,36,32,32,,,29,46,,23,40,,185,235,243,,215,212,148,48,43,52,42,45,45,82,58,84,,94,254,,235,,156,175,143,173,132,169,42,,61,41,57,27,33,25,21,25,,37,,32,47,50,51,145,147,122,275,251,,261,57,,76,36,73,78,70,61,51,28,40,45,37,29,47,51,24,24,38,51,,42,22,51,35,39,,35,39,30,40,32,46,45,30,50,35,30,42,42,43,29,36,28,78,28,46,30,172,105,139,,93,87,149,148,130,199,248,286,30,30,29,30,33,40,26,20,31,30,28,19,29,26,26,36,43,33,28,36,38,35,36,39,41,39,28,35,30,30,34,26,73,,,,162,132,,158,158,165,,48,38,45,,42,49,43,34,53,43,53,62,35,,,,30,46,,46,45,53,48,53,,53,153,128,132,104,144,103,114,,69,,128,129,127,34,42,13,46,34,36,50,38,39,45,34,26,32,23,23,,31,24,26,30,43,45,59,38,28,,,23,,33,46,,35,38,38,25,27,26,,33,28,47,24,22,19,20,43,30,25,20,27,18,31,33,25,24,30,32,,35,,56,51,15,36,,19,,10,23,23,23,11,,33,183,125,188,175,165,196,199,188,100,192,196,145,175,144,201,196,125,253,252,273,151,,278,269,261,270,73,64,75,68,54,92,,68,88,107,83,80,100,88,77,79,84,73,85,44,59,59,,56,52,56,51,48,36,55,39,80,69,85,101,54,68,109,35,52,48,99,64,115,107,104,54,61,55,56,77,52,43,34,92,80,72,88,65,61,74,58,58,57,56,53,55,83,62,60,75,92,45,38,27,34,22,,37,19,25,26,25,32,41,55,58,57,61,82,,84,105,78,104,85,119,82,,,105,82,89,72,80,,75,79,75,78,,,75,52,87,79,52,79,66,82,84,73,68,31,36,42,37,51,50,50,30,30,32,26,31,,80,83,92,82,89,83,78,85,124,110,81,84,90,79,82,70,69,63,113,,72,81,59,,,,43,48,117,152,122,152,152,,54,77,80,85,80,90,68,63,,60,67,82,53,67,58,65,60,88,102,68,67,74,60,22,31,53,38,68,53,32,63,67,57,58,83,33,17,79,34,43,69,30,32,50,25,,155,,108,129,163,104,75,,63,140,,139,80,78,65,142,137,196,210,176,117,75,,178,140,83,45,45,55,50,39,,159,,149,,158,172,159,169,115,192,143,230,221,207,124,124,129,98,92,85,,17,20,18,42,20,38,52,39,57,41,64,62,67,77,79,69,70,68,53,62,53,39,49,60,40,46,54,39,38,35,102,97,89,22,12,,73,82,,94,103,85,109,30,32,35,35,,,217,225,234,38,,31,24,27,53,185,176,,176,188,,45,54,52,38,54,,67,,218,207,48,62,61,27,,45,31,57,54,51,74,38,38,30,29,32,51,30,29,62,64,43,35,38,31,50,55,54,34,51,45,57,51,49,,42,47,22,36,30,37,77,65,113,93,75,32,38,49,52,45,28,40,38,35,38,32,27,35,56,39,36,43,35,46,52,48,9,,165,,186,149,139,163,271,,270,,,,224,213,234,,,265,258,179,172,166,198,72,70,,69,160,160,140,150,162,93,103,110,72,75,59,78,83,80,,70,,,62,95,93,68,53,16,29,,25,16,15,14,20,16,25,19,30,22,24,31,44,90,109,107,97,67,60,64,58,67,79,32,37,44,,64,72,45,67,107,,,110,94,65,75,98,69,73,70,76,79,68,56,38,57,,32,84,80,112,81,92,84,84,94,82,93,29,44,38,48,66,59,58,58,60,52,59,57,87,83,84,102,55,44,,28,,44,47,40,53,48,20,43,104,38,65,58,63,183,160,211,219,156,152,211,163,152,125,80,139,119,102,24,23,82,212,82,107,89,82,73,84,70,97,41,40,33,22,30,27,34,36,,48,28,32,45,35,36,43,46,55,65,45,52,48,49,29,29,29,39,,29,31,28,,,28,38,53,196,176,206,220,159,207,185,205,,54,30,188,,186,179,173,182,23,44,41,61,23,93,,73,71,80,84,,74,76,59,52,57,43,,53,38,32,38,51,51,37,41,,,51,38,26,,,19,19,27,23,38,46,33,44,37,23,35,34,30,28,34,51,54,45,46,22,33,34,58,33,,26,20,16,21,54,55,62,50,33,32,40,46,49,55,45,57,64,75,59,78,69,124,,143,97,145,67,87,78,58,87,72,69,78,74,102,71,57,22,25,28,88,94,18,57,90,62,59,58,62,52,,120,59,94,100,78,135,132,134,43,50,35,36,43,29,16,16,15,32,24,14,19,20,23,28,92,,89,89,99,125,51,53,43,73,189,134,,25,75,50,40,42,26,21,32,30,21,28,29,23,20,17,12,11,72,52,55,57,62,29,30,28,19,18,15,18,35,19,60,55,55,50,28,22,26,43,26,19,18,14,20,19,15,20,19,22,20,20,18,25,26,39,39,38,39,43,22,29,22,35,22,21,23,31,49,212,239,233,,286,,306,239,,,224,229,,186,204,221,213,204,210,200,134,143,188,81,169,125,149,182,178,163,55,64,64,68,78,84,89,92,89,140,156,138,168,71,65,84,138,125,135,,89,102,,70,63,62,57,69,98,99,94,88,92,35,40,36,48,38,40,29,49,32,55,50,63,67,72,52,58,22,23,41,16,24,29,50,46,49,45,38,37,42,46,53,19,32,26,,28,59,62,60,32,26,22,23,13,19,20,15,16,18,25,16,15,11,10,10,19,17,46,23,15,20,34,29,36,23,20,16,51,53,42,54,88,84,64,69,65,73,148,87,58,64,60,53,62,67,70,108,64,113,104,,73,103,95,104,100,104,69,69,57,75,,53,57,,57,72,78,78,84,21,16,32,,58,24,31,32,32,37,43,57,68,69,43,,,,,36,51,51,29,32,22,32,,42,55,36,23,34,30,30,30,25,31,54,28,25,31,,42,47,36,62,25,,28,55,25,39,42,56,95,30,75,74,30,53,26,29,49,,48,,27,32,127,149,139,101,24,23,22,26,117,110,120,78,,,43,,35,56,55,45,25,34,51,55,33,38,54,51,54,68,66,55,,32,44,68,,125,105,76,65,31,99,51,52,43,48,42,45,,51,42,,149,64,60,28,93,54,53,68,75,70,77,80,,100,79,55,142,153,113,46,34,33,58,58,54,48,42,193,50,39,50,43,224,72,92,56,58,52,48,30,50,29,69,79,180,162,134,78,38,42,26,46,64,43,46,82,34,52,36,25,21,49,39,36,48,39,48,19,55,26,124,39,108,38,53,90,176,,59,77,43,130,104,77,85,41,,42,,173,21,63,109,105,59,44,35,122,54,79,95,20,18,43,285,80,76,35,155,42,159,37,72,25,29,28,25,21,69,44,77,92,199,57,64,84,60,265
20171215,17,PM2.5,12,8,9,10,10,9,12,12,12,10,10,7,,,7,,13,18,7,,,14,14,,11,15,,139,185,193,,165,162,113,23,30,18,16,26,23,60,41,62,,70,204,,185,,119,132,109,131,100,128,17,,,15,40,10,16,17,6,15,,22,,12,24,24,26,111,112,92,225,201,,211,37,,14,13,53,49,34,21,,7,4,1,16,12,6,2,5,15,26,29,,29,13,17,16,19,,21,26,21,16,19,24,24,19,35,21,21,28,29,27,17,25,14,57,19,32,21,130,79,106,,69,64,114,113,99,149,198,236,21,21,20,21,17,28,18,14,16,21,11,7,14,15,18,25,21,23,18,25,26,24,25,27,26,22,14,24,18,21,21,18,53,,,,123,100,,120,120,125,,33,26,31,,22,33,28,23,37,30,37,44,24,,,,21,32,,32,31,29,33,37,,37,117,97,100,78,110,77,86,,40,,97,98,96,21,24,9,32,23,25,35,26,23,31,17,7,10,7,14,,8,13,9,21,21,26,42,23,15,,,16,,23,32,,20,24,25,16,14,13,,10,9,13,7,9,11,8,14,21,17,14,18,11,21,23,17,13,21,12,,16,,19,19,5,12,,13,,7,15,16,7,2,,23,138,95,141,132,125,147,149,141,75,144,147,111,132,110,151,147,95,203,202,223,,215,228,219,211,220,53,46,55,49,,68,,49,65,80,61,59,75,65,56,58,62,53,63,30,42,34,,34,29,36,25,33,25,31,27,59,50,63,63,30,46,82,23,30,24,74,45,87,80,78,,31,30,38,46,32,16,14,68,59,48,65,47,40,54,34,41,40,37,37,38,61,44,43,55,68,31,26,18,22,12,,19,13,17,2,17,22,18,26,29,34,30,60,,62,79,57,78,59,90,60,,,79,59,66,52,59,,55,58,55,57,,,55,25,64,58,31,58,46,60,62,53,44,16,20,16,18,26,16,20,11,6,7,5,18,,59,61,68,54,58,61,56,63,94,83,44,58,67,36,36,15,35,45,85,,44,50,25,,,,18,29,88,116,92,116,116,,35,56,59,63,59,67,49,45,,43,48,60,33,48,41,8,9,12,8,11,8,8,7,1,9,3,26,49,28,18,45,48,40,41,61,20,8,58,12,30,50,11,15,16,15,,118,,81,98,124,78,40,,42,107,,106,59,57,47,108,104,147,160,133,88,54,,134,107,61,31,23,38,35,27,,121,,114,,120,130,121,128,87,144,109,180,171,157,94,94,98,73,68,,,11,10,6,29,14,16,17,21,40,23,43,44,48,56,58,50,51,38,37,44,24,26,25,39,24,21,36,23,26,24,76,72,66,11,4,,53,60,,70,77,63,82,21,22,8,9,,,167,175,184,2,,8,3,11,9,139,133,,133,141,,24,20,26,19,26,,48,184,168,157,31,10,12,11,,20,15,25,37,27,54,26,26,19,20,22,12,15,20,22,46,22,22,23,14,35,39,23,20,34,31,40,24,33,,25,22,15,25,19,25,56,45,85,69,55,22,24,34,36,31,18,28,26,24,26,22,16,24,35,27,25,30,24,32,36,33,5,,125,,140,114,106,124,221,,220,,,,174,163,184,,,215,208,135,130,126,148,46,43,,43,122,122,107,115,123,69,77,83,52,55,42,57,61,59,,51,,,44,71,69,49,37,11,19,,17,11,10,7,11,11,17,13,21,15,10,10,15,67,82,80,72,48,43,46,41,48,58,18,20,14,,46,52,29,48,80,,,83,70,42,55,73,50,53,49,37,58,49,32,23,40,,20,54,59,84,56,68,61,62,70,60,69,13,11,13,33,40,40,35,35,41,30,32,36,64,61,61,76,6,19,,13,,15,19,16,14,21,14,30,78,7,36,32,26,138,122,161,169,119,116,161,124,116,95,31,106,90,76,12,16,60,162,51,80,66,60,53,52,51,72,23,20,23,13,21,,21,25,,33,19,18,31,24,25,30,32,39,47,31,36,33,34,20,20,8,24,,15,10,10,,,19,26,12,147,133,156,170,121,157,139,155,,22,8,141,137,140,135,131,137,2,1,8,17,6,69,,53,51,58,62,,54,44,8,8,11,30,,29,11,14,11,23,14,19,27,,19,22,14,8,,,8,10,10,16,26,32,20,15,18,13,11,14,14,12,18,24,35,31,32,12,23,9,23,20,,18,13,11,13,38,39,44,35,13,22,27,,27,39,31,40,46,55,42,57,50,94,,109,72,111,48,64,57,41,64,52,50,57,54,76,45,40,14,17,10,65,70,7,40,67,44,42,41,44,36,,91,42,70,75,57,103,100,102,30,35,24,25,30,20,11,11,10,22,7,4,11,14,12,5,68,,66,66,74,95,34,37,29,53,142,102,,9,19,35,28,29,11,10,12,12,8,19,20,16,14,3,8,5,52,32,39,40,31,20,21,18,13,12,2,5,24,13,43,39,39,35,19,12,18,21,12,8,9,9,11,10,9,14,13,15,14,14,12,17,18,27,27,26,27,30,15,20,15,24,15,14,15,12,34,162,189,183,,236,,256,189,,199,174,179,,140,154,171,163,154,160,150,102,109,141,,128,95,114,137,134,124,39,46,46,49,57,62,66,68,66,107,119,105,127,39,47,62,105,95,103,,66,76,,51,45,44,40,50,73,74,70,65,68,24,28,25,33,26,28,20,34,22,39,35,45,48,52,35,41,15,16,9,11,15,19,35,32,34,31,26,17,24,30,27,13,22,14,,19,42,44,43,20,14,15,16,8,13,14,10,11,12,17,11,10,3,3,7,13,11,24,14,9,5,13,17,25,16,12,11,9,5,5,11,65,62,46,45,47,53,113,64,41,46,41,37,44,38,46,81,37,85,78,,43,77,71,78,75,78,50,50,39,55,,36,39,,31,52,53,57,62,3,6,5,,11,8,17,16,16,19,27,36,49,42,30,,,,,14,24,24,20,11,12,21,,28,19,12,5,4,13,9,8,13,11,23,7,9,12,,29,17,19,24,14,,11,19,12,27,23,22,2,2,13,4,,7,6,,18,,11,,12,11,96,114,106,,6,10,14,13,88,83,91,57,,,14,,23,26,27,19,3,18,8,28,11,16,22,31,18,34,29,24,,15,14,31,,95,79,51,31,8,74,20,18,22,19,13,9,,10,11,,114,46,40,14,69,37,25,37,44,41,56,58,,75,25,39,108,117,85,12,6,9,41,41,38,33,13,145,35,,13,2,174,52,68,25,41,36,33,13,26,20,50,58,136,123,102,57,26,29,18,9,27,18,32,60,21,36,25,17,8,27,27,11,11,16,24,2,36,13,94,27,81,24,37,67,133,,42,56,30,99,78,56,63,22,,,186,131,13,45,82,79,27,17,24,92,17,47,71,6,10,11,235,39,34,5,118,29,121,14,47,17,20,18,17,11,42,23,56,68,149,40,46,62,43,215
20171215,17,PM2.5_24h,70,38,54,55,54,55,57,64,68,42,52,59,,,81,,76,81,72,,76,74,78,,72,91,,162,169,219,,162,161,110,66,82,64,70,73,74,66,67,72,,84,190,,196,,154,159,151,179,142,154,33,,22,35,41,52,64,62,64,47,76,76,,74,98,94,100,131,154,162,183,160,183,184,267,,226,298,234,269,244,226,282,20,12,5,29,19,11,29,29,96,123,102,,113,108,99,109,96,,118,50,54,49,53,41,44,44,72,58,25,58,69,82,72,69,50,80,75,75,74,111,84,64,,82,84,105,106,112,108,132,133,16,18,15,16,17,21,16,12,14,17,25,21,30,27,36,39,31,36,23,22,25,22,22,25,26,20,25,23,20,20,25,20,74,,,,137,127,,114,143,143,,37,25,32,,23,39,27,24,36,26,32,33,32,,,,32,36,,30,33,34,29,26,,29,58,45,48,44,57,38,36,,22,,96,76,95,26,32,11,32,27,29,45,34,26,38,22,44,38,43,36,,53,35,27,31,24,26,38,36,29,,,19,,26,31,,22,28,27,17,11,12,,36,51,22,20,21,26,22,32,26,28,25,24,29,31,27,28,28,31,8,,19,,17,16,9,17,,21,,13,19,33,19,12,,20,138,153,169,157,176,164,176,154,59,109,108,83,106,79,107,110,86,156,160,180,165,160,177,157,157,174,41,39,43,40,51,54,,43,54,74,41,48,50,49,42,45,45,38,46,47,35,29,,23,30,29,20,29,22,31,23,36,37,34,30,27,45,54,22,33,28,63,45,72,54,50,26,31,30,28,32,28,25,21,53,47,41,52,41,38,45,35,43,46,40,38,58,41,37,33,43,50,44,37,21,32,17,20,20,13,22,11,18,31,13,14,18,15,14,36,,56,50,52,59,41,63,56,,,55,56,51,49,52,,74,74,74,78,,,71,16,29,28,21,33,34,37,32,28,26,29,20,21,23,28,32,34,37,57,20,19,38,,168,160,166,154,156,173,170,151,183,141,170,152,163,38,48,28,35,49,72,,71,62,58,,,,51,60,72,80,60,68,77,,27,42,47,46,45,50,30,25,22,29,30,39,19,30,43,12,17,18,15,12,21,18,25,13,24,19,74,87,60,70,42,40,39,40,93,90,63,102,72,50,65,13,14,13,13,,144,,98,107,120,116,129,,136,131,,135,143,147,138,183,248,142,161,178,175,94,121,116,108,74,63,73,65,38,51,,128,,131,,124,98,106,117,137,138,148,86,86,81,54,52,52,153,134,155,,18,18,11,31,28,29,20,22,38,23,37,72,75,80,86,66,85,55,69,66,48,28,30,34,24,20,34,19,24,15,73,74,58,21,12,,44,45,,54,63,52,74,44,39,24,12,,,153,144,160,41,,46,37,48,55,118,114,,118,125,,197,192,211,206,205,179,180,185,168,174,171,72,60,67,,126,78,131,110,126,90,68,131,97,58,90,31,121,72,118,109,76,58,94,62,80,75,61,61,85,49,87,87,76,,49,86,66,77,62,108,61,64,75,90,48,85,74,65,88,58,36,51,49,41,37,37,34,36,48,31,28,34,28,30,32,30,5,167,133,,139,136,120,135,203,212,197,,219,,112,104,106,160,158,154,167,143,133,123,136,128,134,,127,121,123,109,118,117,87,92,94,59,51,46,52,75,53,,59,,,48,71,55,58,48,13,16,,17,14,12,8,15,13,27,24,19,25,15,13,10,85,82,95,87,45,43,47,41,50,52,57,39,44,44,50,55,45,49,88,,,91,90,66,82,96,57,65,68,60,65,65,28,18,18,,24,34,37,174,161,171,159,132,158,116,122,79,91,82,92,94,116,143,138,133,156,125,122,133,149,143,155,27,16,,23,,56,36,24,37,27,12,26,51,30,44,49,40,158,141,165,159,98,90,115,91,94,82,73,98,78,82,48,52,79,92,54,79,44,42,39,58,51,64,24,25,24,14,19,,25,25,,24,21,19,38,29,34,33,38,32,39,24,37,40,38,19,19,22,30,,16,34,30,,,65,73,14,114,90,120,119,115,159,126,149,,31,22,153,133,140,125,121,143,114,99,108,21,107,205,,176,192,133,120,,136,119,160,146,138,123,,120,17,24,16,37,27,33,38,,13,25,14,13,,,20,20,14,14,28,38,32,60,51,47,47,50,115,142,116,140,126,103,105,95,130,92,128,94,106,100,62,70,65,93,104,90,79,48,51,68,31,41,60,33,44,91,135,27,61,55,102,,89,34,61,33,41,43,24,59,66,54,47,49,82,78,25,20,25,22,57,70,46,20,56,47,43,40,39,37,,70,52,47,46,44,85,90,99,37,47,39,47,43,42,21,19,22,36,5,9,13,26,28,26,73,,74,68,72,84,27,29,22,34,106,104,,25,32,37,37,34,11,9,12,12,6,20,16,17,22,3,15,18,24,24,23,22,23,19,24,17,10,11,8,12,16,14,29,28,23,25,23,18,24,22,17,16,21,18,20,19,16,20,23,23,19,24,22,25,28,30,31,27,27,30,24,24,21,23,14,20,24,22,32,160,150,145,,149,,146,166,,180,161,111,,110,139,158,154,147,141,135,91,101,137,178,123,122,105,132,133,124,29,38,50,45,52,50,74,79,73,109,113,118,132,30,39,44,114,104,117,,52,59,,38,39,38,34,44,66,65,56,83,81,23,27,23,32,26,24,21,24,27,25,23,59,59,51,44,46,13,20,16,16,16,29,38,26,34,28,23,20,22,32,32,14,20,18,19,22,23,30,37,19,16,20,21,9,6,11,10,13,11,7,9,12,3,9,12,17,15,21,19,13,9,15,14,20,20,10,8,36,50,39,58,70,58,49,49,65,63,73,63,40,48,36,44,61,60,54,62,44,61,68,,35,84,73,78,85,80,53,53,39,55,,56,73,,32,64,57,52,73,17,33,14,,19,14,18,26,34,32,15,24,33,15,20,,,,,12,18,13,14,10,10,19,,18,25,19,23,27,20,9,10,19,21,30,11,18,24,,25,20,21,18,38,,16,19,27,37,29,24,19,15,49,43,13,12,30,21,95,,9,,7,11,119,114,119,122,33,34,36,32,73,80,77,97,,,18,,39,92,36,34,13,35,21,33,29,28,53,57,42,61,61,40,,41,52,37,,80,79,77,41,27,30,26,26,24,18,19,19,,22,28,122,155,74,66,8,45,32,23,40,68,63,65,95,,132,57,103,108,121,107,11,13,27,48,40,28,36,13,120,28,65,72,82,159,198,127,112,154,37,31,30,28,20,44,65,151,125,143,80,17,29,22,17,56,128,103,49,25,49,43,28,74,36,40,70,67,40,56,84,26,41,88,26,84,28,42,36,144,126,56,86,34,106,48,52,53,189,,80,165,131,19,42,91,76,33,10,30,144,20,138,87,13,9,75,142,67,57,52,146,21,154,24,129,25,34,26,28,46,65,41,75,52,91,76,49,68,65,219
20171215,17,PM10,26,25,26,41,33,41,32,40,21,31,22,20,,,35,,36,32,32,,,29,46,,23,40,,176,242,275,,221,202,,48,43,54,42,45,45,88,55,81,,108,270,,250,,150,172,158,172,148,177,42,,71,41,,27,33,21,15,25,,37,,32,47,50,51,128,136,126,245,271,,231,64,,102,36,80,106,90,72,52,28,40,45,37,29,47,52,24,24,30,51,,,22,52,35,39,,35,39,26,40,32,46,45,30,39,35,23,42,39,43,29,,28,,22,,24,,129,117,,78,102,135,160,115,,,,26,25,28,,22,,19,17,23,24,28,19,22,17,18,,43,,23,28,,25,,,41,39,22,26,30,25,34,25,71,,,,132,,,169,134,166,,45,35,,,42,49,43,33,,38,42,52,31,,,,30,36,,,34,56,43,49,,,,,,,,79,,,87,,,107,,27,35,,36,29,32,49,35,39,41,21,16,13,14,22,,31,24,24,24,43,45,56,25,24,,,20,,24,45,,35,38,38,21,27,26,,33,14,47,9,12,12,16,43,,,15,27,17,31,24,17,17,21,32,,35,,61,52,8,36,,,,,23,,14,11,,23,194,181,159,158,,170,205,162,132,181,155,162,165,184,194,194,188,,227,,252,,243,276,219,249,,47,63,51,57,,,56,72,,,,,,,58,,,,44,62,67,,62,53,61,51,,28,59,33,95,83,110,152,57,86,143,35,54,48,111,78,,113,79,58,72,59,61,104,54,43,34,92,90,94,102,77,72,78,65,48,60,61,54,60,82,52,58,83,89,36,29,27,34,22,,37,18,,26,19,24,41,60,65,64,71,94,,81,113,81,116,120,123,86,,,106,113,125,82,110,,75,80,83,103,,,77,54,74,87,53,79,82,78,78,76,85,30,36,42,37,51,50,50,28,25,28,24,20,,98,89,130,113,128,108,106,100,118,112,112,118,120,108,114,90,88,75,123,,93,112,68,,,,43,48,124,120,98,131,,,57,,,,,,63,59,,62,58,71,56,70,62,79,69,125,153,85,83,97,70,22,31,56,36,80,56,32,68,60,50,66,68,33,14,59,34,36,,30,32,50,25,,,,98,138,159,95,100,,76,128,,142,90,76,68,135,124,177,,157,111,100,,194,134,92,33,45,59,48,38,,144,,151,,161,194,184,,110,204,145,209,204,184,97,137,133,116,132,120,,,,8,,18,38,54,39,49,41,78,45,58,64,,57,52,85,51,,56,39,49,69,40,46,57,39,34,31,90,84,78,22,11,,64,77,,100,102,105,112,,24,35,35,,,212,228,207,38,,31,24,27,55,172,164,,148,186,,45,57,53,38,58,,48,,251,192,48,74,72,27,,45,31,63,57,52,96,29,36,30,27,28,52,30,21,73,69,43,35,38,31,37,,35,34,52,40,52,52,49,,42,47,20,34,30,37,103,80,,108,93,30,38,49,46,45,28,36,31,,29,28,26,,61,28,33,33,25,,47,42,8,,149,,152,174,188,155,232,,234,,,,227,225,225,,,284,259,149,185,,162,94,89,,88,140,138,,,,94,112,91,,61,50,67,,,,63,,,48,71,76,49,53,16,29,,22,,11,9,20,12,23,17,22,19,24,31,44,86,102,94,92,53,49,58,49,55,63,32,37,44,,68,55,45,,115,,,101,90,80,90,82,74,85,89,102,70,85,62,38,60,,32,117,74,138,112,116,117,118,129,106,108,18,44,38,46,82,68,66,65,70,53,67,63,123,108,117,117,59,44,,28,,44,47,40,55,48,19,32,93,38,80,66,75,152,142,192,204,148,142,210,150,136,138,109,126,130,97,24,20,88,,113,105,121,97,96,118,87,85,41,40,26,22,27,27,34,26,,,21,32,,35,33,30,40,53,,39,40,35,42,26,24,14,39,,24,11,10,,,28,29,56,169,150,188,201,157,,151,164,,57,30,151,161,166,162,152,143,,44,41,71,19,89,,87,91,110,114,,98,101,68,54,64,36,,55,38,32,38,52,51,37,41,,70,52,38,25,,,19,13,27,22,27,46,33,44,37,23,35,34,30,28,34,51,57,41,,22,30,34,66,33,,25,20,15,15,50,49,54,41,33,,40,46,49,42,40,47,,72,,74,81,124,,152,88,,55,96,88,55,116,54,57,69,63,128,92,50,22,,28,79,83,18,,79,48,,59,45,43,,105,57,91,,66,,102,131,34,36,31,,42,26,,14,13,23,24,13,19,,23,16,,,70,94,91,,52,53,43,56,151,120,,25,99,,,31,26,13,32,30,9,23,,20,,8,,11,,53,60,61,73,24,29,28,,17,3,15,,,57,,,44,,22,22,43,26,,9,14,16,19,9,,18,,,16,16,,24,36,27,35,36,35,18,29,16,33,22,14,23,31,,211,271,265,,320,,339,,,,188,221,,166,183,196,203,192,160,162,144,173,156,111,,124,126,149,139,156,59,47,50,57,78,86,85,91,96,,,109,,92,55,88,,114,,,85,82,,54,,,,,77,,78,80,84,,,25,,,33,,35,28,,,75,78,57,54,55,,,41,15,24,29,46,37,,40,36,37,42,46,56,,26,26,146,20,52,61,54,32,26,,18,12,14,15,15,11,,,12,,7,,,,17,46,23,15,20,34,29,29,23,20,,51,55,42,58,99,64,66,87,64,70,,83,54,63,69,40,61,84,90,,77,120,107,,96,109,114,95,128,95,86,63,64,67,,56,64,,63,92,106,96,100,7,14,32,,66,19,31,32,32,37,43,64,55,87,38,,,,,36,51,51,29,32,22,32,,42,59,36,23,34,,25,30,14,31,58,28,18,31,,39,47,36,74,17,,21,59,16,38,42,61,139,29,99,98,13,55,13,13,49,,48,,27,32,134,137,117,151,19,23,,26,120,137,143,79,,,43,,35,62,59,45,18,34,51,60,33,38,57,52,57,85,82,60,,32,44,86,,119,117,101,80,31,,52,53,43,48,42,45,,52,42,,160,78,69,28,79,58,56,85,99,89,91,110,,80,108,55,140,138,104,46,34,23,42,50,51,33,42,174,48,39,50,43,276,86,110,62,62,40,,22,50,24,51,,145,189,167,82,29,29,,46,78,43,39,91,34,52,34,,21,49,27,36,48,39,48,,59,15,98,39,,38,48,70,,,56,77,36,102,125,85,102,41,,42,,163,21,62,135,89,68,44,,123,57,108,105,20,18,43,311,109,101,35,134,37,135,37,94,23,24,28,24,,88,44,84,103,190,59,,,64,268
20171215,17,PM10_24h,64,54,74,75,69,76,40,76,83,63,74,35,,,106,,76,47,90,,78,65,91,,72,34,,209,226,266,,184,200,150,102,109,106,108,114,113,99,99,110,,134,228,,250,,188,198,194,233,210,200,61,,72,71,74,116,115,94,130,93,112,113,,100,123,129,123,170,177,184,211,220,228,208,325,,302,326,280,351,281,283,338,67,48,34,71,41,47,68,54,150,163,150,,145,170,173,158,136,,151,76,75,59,79,82,73,53,112,79,109,81,82,108,80,77,84,91,82,94,91,105,110,85,,87,111,133,150,123,109,116,133,33,29,29,24,28,29,25,22,26,29,39,35,44,33,41,43,52,39,42,34,33,31,30,34,49,47,37,25,34,31,36,28,93,,,,155,180,,160,163,164,,40,47,38,,39,57,50,47,40,41,49,43,46,,,,46,45,,38,37,45,38,41,,33,57,49,51,52,62,52,43,,53,,74,89,99,36,52,13,45,38,41,65,55,61,57,32,82,62,67,62,,83,73,54,35,46,50,53,46,49,,,32,,43,47,,38,45,43,22,23,28,,46,27,37,25,28,27,27,41,27,33,23,24,19,33,28,23,20,25,14,,36,,36,32,13,28,,28,,13,26,14,16,12,,25,199,218,198,189,,196,240,205,108,169,143,152,154,156,164,168,165,167,175,204,184,204,193,200,176,196,,47,50,46,56,56,,50,72,,,,,,,49,,,,38,55,46,,40,47,44,33,43,26,42,29,61,61,59,67,53,82,83,39,62,48,89,74,93,79,64,48,63,45,54,68,47,36,28,68,71,70,75,70,69,63,67,52,59,51,50,74,55,47,44,65,66,53,44,34,46,24,24,30,17,25,24,20,32,34,37,40,39,40,64,,74,70,70,81,75,95,78,,,75,79,69,69,86,,96,99,102,123,,,100,43,37,50,37,43,57,58,45,44,53,66,44,34,68,58,80,74,63,99,46,41,63,,208,185,240,212,214,210,212,217,268,166,216,203,220,106,104,88,98,98,119,,126,126,101,,,,89,108,108,98,81,88,83,,58,33,52,40,28,31,43,46,53,47,39,51,39,61,54,50,55,76,54,50,64,79,74,50,55,69,100,121,110,94,63,49,52,59,125,138,96,145,117,62,101,27,28,32,19,,153,,122,129,156,116,174,,166,176,,177,198,175,156,216,233,184,200,232,227,165,156,183,136,96,100,83,96,54,97,,159,,180,,182,141,141,151,164,162,178,120,119,111,73,75,72,207,215,205,,18,20,16,48,41,43,36,37,54,49,78,67,70,73,79,77,70,95,98,78,81,40,45,59,43,55,54,25,31,25,76,76,74,26,20,,71,70,,84,84,82,90,53,43,37,34,,,202,191,203,80,,75,59,71,89,145,143,,138,177,,252,247,259,229,246,250,107,132,234,191,147,131,116,105,,177,128,211,150,192,132,83,140,132,91,140,78,174,99,284,161,126,92,154,97,92,100,72,67,98,56,101,103,97,,65,109,71,95,93,97,96,98,100,143,67,83,94,73,97,86,37,47,44,34,44,35,44,48,60,28,31,33,25,23,41,34,8,188,166,,178,183,186,163,277,260,220,,233,,139,139,138,201,192,192,228,171,169,151,150,156,147,,141,144,143,,,,119,123,104,66,61,55,65,,58,,71,,,61,79,70,70,68,13,21,,17,,19,21,18,14,27,31,25,24,18,32,30,112,106,116,122,48,51,60,43,46,68,139,75,117,92,74,73,65,62,119,,,105,120,132,116,128,75,89,106,94,86,97,42,34,34,,34,66,53,224,210,216,212,198,194,144,144,91,117,115,132,161,165,180,176,185,194,192,178,251,225,227,197,61,48,,43,,90,65,88,80,40,25,44,63,49,84,78,100,165,163,214,208,137,136,161,117,126,139,122,127,140,107,61,64,113,125,110,115,77,76,65,89,82,92,46,48,38,27,37,30,34,35,,32,29,37,41,45,51,42,49,41,38,34,53,49,52,32,32,37,51,,45,41,37,,,86,80,44,152,125,156,176,169,182,172,185,,53,60,205,174,159,135,137,140,118,174,171,75,189,257,,232,240,182,189,,183,198,207,160,191,136,,112,39,46,35,59,59,50,78,,35,53,40,28,,,31,23,37,24,48,48,44,87,80,31,77,79,178,197,164,207,151,170,166,128,135,127,195,153,157,138,94,81,73,152,177,127,112,85,69,73,59,58,71,56,60,118,176,40,93,107,187,,138,54,74,38,56,65,34,81,63,56,76,58,118,139,37,34,37,39,81,90,56,19,69,48,44,52,43,38,,87,62,62,52,56,97,91,111,46,52,51,62,58,46,28,23,15,37,35,22,22,29,41,31,,,91,87,88,86,43,40,31,39,128,127,,41,41,46,53,40,20,11,26,22,7,25,24,26,24,7,22,21,20,32,35,33,42,27,31,27,14,16,14,19,18,14,37,43,32,32,28,35,31,37,33,21,22,18,26,25,18,13,27,24,24,25,28,32,32,36,36,33,34,35,26,28,20,32,21,31,35,38,39,201,209,201,,183,,192,172,,189,173,155,,124,174,181,187,180,156,146,129,162,148,130,140,130,133,169,174,168,45,42,58,54,63,71,87,86,93,114,117,108,122,47,46,68,,114,,,62,62,,46,37,45,40,44,80,62,63,103,98,17,25,22,23,29,29,25,21,31,29,22,108,100,82,66,64,20,36,44,20,26,32,50,27,35,40,40,47,35,41,70,20,29,29,33,25,40,44,61,27,20,26,24,12,16,15,12,14,16,9,13,16,8,12,16,20,30,35,20,18,12,31,26,22,23,14,11,69,65,74,85,98,69,68,96,97,82,98,80,57,63,68,54,72,91,76,83,75,89,94,,74,115,111,100,119,107,69,77,61,79,,78,108,,76,106,105,114,119,27,70,40,,45,21,27,43,50,55,28,37,38,43,25,,,,,35,34,23,20,20,18,28,,25,48,42,43,48,54,28,24,30,44,43,27,36,43,,29,39,39,41,60,,43,49,56,60,60,59,116,34,103,112,24,29,72,52,202,,29,,18,28,137,132,137,131,46,57,60,55,85,104,92,120,,,61,,133,163,70,74,42,45,60,64,58,55,87,81,76,116,137,70,,85,115,78,,124,107,122,128,115,72,53,77,59,43,49,42,,62,57,193,206,109,101,12,58,51,46,55,143,136,118,223,,184,173,139,147,151,134,26,26,39,50,48,59,89,29,157,34,81,68,87,218,247,185,163,187,46,34,57,55,29,53,77,165,200,220,104,20,74,74,60,101,193,137,74,43,60,59,40,108,56,49,81,76,80,95,129,48,18,99,43,102,46,59,42,156,146,78,110,47,102,72,71,81,227,,85,176,172,28,80,108,95,44,24,64,183,34,162,147,24,12,80,181,134,100,80,184,28,188,41,166,33,30,40,36,144,117,56,111,77,145,103,56,82,73,258
20171215,17,SO2,3,1,4,4,3,3,4,8,3,3,3,1,,,3,,8,5,7,,6,2,4,,2,6,,28,22,23,,19,19,21,7,9,15,17,19,11,26,29,34,,35,16,,29,,38,29,20,37,25,44,7,,3,3,6,10,8,13,8,8,,5,,4,16,27,18,15,17,16,27,29,21,24,23,,13,5,23,20,21,18,,15,13,12,7,11,10,43,7,10,23,26,,21,23,20,62,20,,15,12,33,20,15,13,14,9,12,15,15,44,124,49,51,36,12,10,36,16,3,36,29,40,,94,23,75,80,28,22,55,113,7,6,6,8,9,8,7,6,6,10,12,8,5,6,4,9,9,4,13,7,6,6,13,6,7,16,12,12,10,8,12,14,18,,,,20,6,,13,26,18,,5,6,7,,13,7,6,8,6,,7,8,5,,,,8,14,,4,2,2,5,5,,6,42,8,17,12,5,8,9,,10,,7,8,8,12,8,6,8,9,8,8,6,3,11,9,8,7,11,6,,6,6,5,10,9,9,7,7,11,,,6,,4,7,,6,4,4,5,8,9,,12,8,6,4,6,5,4,5,3,3,4,3,7,,8,,1,,5,,9,,8,9,2,4,,4,,2,9,7,8,3,,7,11,20,20,18,11,22,26,38,19,5,18,16,18,10,13,15,15,12,10,10,11,6,6,12,13,9,5,4,5,6,1,4,,4,4,6,4,5,4,3,5,6,3,2,5,6,12,12,,7,5,9,8,12,12,10,10,7,4,13,10,10,6,22,5,9,8,12,8,10,19,16,11,14,10,10,17,13,12,16,16,13,12,13,20,16,15,7,7,14,16,10,18,10,10,8,8,9,7,8,9,10,10,,14,8,11,9,9,10,4,8,6,5,7,4,,12,13,9,6,11,10,9,,,15,11,12,8,16,,8,7,3,10,,,9,9,16,16,15,14,40,27,28,12,17,10,6,8,10,10,10,10,6,4,5,1,8,,19,30,29,27,27,22,,27,14,28,21,20,29,43,36,7,39,29,19,,,24,48,,,,35,39,6,8,11,6,8,,16,8,8,12,9,,65,7,9,11,7,16,6,6,5,8,7,8,12,8,10,,14,6,6,10,23,27,12,22,49,25,20,26,26,22,13,215,23,27,63,,8,10,4,,11,,17,15,24,14,8,,9,15,,15,20,30,19,25,38,30,34,30,35,23,21,21,18,22,8,15,11,10,17,,28,,28,,16,9,15,,19,14,23,16,18,14,25,,14,53,29,27,,9,8,8,10,7,8,9,9,9,12,18,16,8,11,15,11,25,18,16,,15,6,5,7,10,8,8,2,,4,15,17,17,6,6,,15,18,,23,20,,28,9,8,7,8,,,6,3,3,12,,12,10,10,11,35,38,,40,49,,17,13,10,14,15,52,26,60,57,52,22,14,10,9,,22,8,13,87,47,18,14,26,16,17,14,12,14,25,17,27,48,38,17,68,30,17,172,34,43,24,18,21,15,,14,5,8,67,13,80,20,23,8,9,24,8,16,11,13,12,8,6,9,7,11,13,10,7,16,13,16,,7,12,22,4,6,32,32,,33,32,29,26,18,20,17,,14,,10,7,9,12,10,12,7,25,24,19,23,25,23,,21,9,9,11,11,12,9,,13,4,6,7,2,5,8,,8,,,5,8,,6,4,6,13,,10,5,6,6,12,4,8,18,15,13,5,2,1,4,,11,9,15,13,11,12,15,14,18,25,16,12,8,10,16,11,11,,,14,4,14,4,5,3,14,8,4,5,7,29,7,12,,20,19,14,18,24,24,17,28,30,23,24,14,14,15,14,15,14,11,11,11,16,13,14,17,19,18,15,2,3,,2,,51,53,11,12,5,6,11,7,8,5,9,7,32,28,9,18,12,17,13,11,27,17,21,13,16,17,9,10,16,13,12,14,15,20,19,16,20,11,11,15,14,2,2,13,11,23,,3,4,8,5,6,,1,4,12,9,,4,3,5,8,9,8,8,,9,3,1,,,12,14,20,19,12,6,9,14,10,11,10,,11,5,35,25,,30,26,19,13,12,20,21,17,40,,44,45,43,27,,31,17,26,20,1,17,,16,3,7,3,21,9,8,4,,4,14,13,17,,,37,5,72,28,9,9,8,14,30,10,7,12,22,19,12,27,19,25,21,12,23,24,61,21,31,23,36,10,51,15,13,25,14,31,5,27,,,21,17,5,5,18,11,20,13,24,,12,20,15,15,19,20,9,17,19,10,15,,16,29,11,14,11,8,15,15,26,29,7,11,52,12,14,3,,27,4,8,17,9,10,13,16,6,17,3,11,5,7,19,3,25,20,5,7,5,19,1,16,5,,10,10,8,9,10,11,6,7,10,14,,33,26,20,30,12,2,4,6,7,2,10,9,10,8,2,3,5,10,12,11,12,11,6,10,8,5,6,4,26,4,1,27,13,15,11,28,17,1,4,4,28,,9,7,21,3,1,10,22,2,8,6,16,12,18,13,18,11,17,10,8,7,,4,2,13,8,14,8,13,17,,10,,,14,,19,13,16,,23,14,15,14,20,18,11,9,13,13,4,8,7,2,16,15,12,9,4,3,8,5,17,16,15,39,18,18,15,11,4,1,4,20,32,,,9,7,,5,3,2,2,1,10,12,9,6,4,6,17,16,9,9,7,9,19,11,10,15,5,6,6,8,1,6,5,3,11,4,34,6,23,7,4,4,2,4,7,2,20,3,12,3,6,4,7,,3,11,4,4,5,6,6,17,7,10,2,,7,4,4,6,8,8,19,2,3,4,5,10,9,7,6,6,14,19,13,9,13,9,10,6,7,7,3,18,5,107,6,4,5,9,7,7,25,16,14,,13,16,7,13,16,10,3,1,4,3,,6,10,,6,4,,6,8,9,6,9,,18,10,7,6,7,7,14,27,38,40,19,,,,,,10,11,10,10,7,6,,57,12,8,13,33,14,14,9,7,4,9,16,11,10,,7,10,3,7,8,,4,8,15,17,8,10,10,10,4,5,4,4,20,5,4,,1,,5,4,14,16,13,,7,18,13,8,11,16,18,7,,,6,,18,11,11,7,7,9,13,11,9,7,8,19,20,16,9,4,,18,34,3,,50,26,12,16,11,23,8,14,15,7,10,3,,11,7,,31,10,9,5,14,10,17,11,16,19,2,4,,11,10,12,38,35,,5,67,13,12,15,13,18,5,51,12,4,4,5,28,50,53,24,11,2,10,7,6,8,27,6,27,26,14,9,9,9,10,13,28,14,12,11,4,5,6,6,3,2,2,5,13,71,38,30,,9,10,8,16,7,11,7,8,,22,15,10,26,10,12,15,15,,5,12,36,6,15,8,8,10,19,5,32,8,22,10,5,3,5,16,,15,10,11,5,18,13,7,15,45,29,30,3,18,10,26,8,19,6,6,9,16,12
20171215,17,SO2_24h,9,9,13,6,12,14,12,14,6,13,13,8,,,12,,17,15,15,,16,11,14,,10,7,,20,19,26,,24,22,27,23,26,30,33,36,25,33,49,43,,41,10,,37,,24,34,30,30,28,27,19,,23,17,14,26,28,29,29,27,14,13,,16,27,33,31,10,15,15,25,29,22,22,102,,60,154,208,139,208,53,142,18,22,17,15,14,14,15,14,60,76,80,,62,82,79,78,78,,69,28,37,23,25,18,14,13,29,23,27,85,118,47,55,60,24,23,44,20,22,52,52,26,,128,106,100,105,92,22,51,68,9,7,8,9,9,8,8,7,7,9,13,10,7,6,4,9,8,5,13,8,6,6,13,7,7,16,10,14,11,10,19,15,31,,,,17,6,,10,20,9,,6,6,7,,14,10,6,10,7,8,9,10,9,,,,13,17,,2,3,4,6,5,,6,12,6,14,10,6,8,9,,10,,3,7,7,13,10,6,8,9,9,10,8,4,14,8,16,14,13,12,,10,12,9,10,8,9,7,6,13,,,7,,10,12,,6,7,7,5,8,9,,15,14,6,5,6,5,4,5,4,3,4,4,6,3,8,3,2,1,5,,8,,8,8,2,4,,3,,2,5,7,6,4,,6,19,18,23,27,21,25,32,31,26,14,22,20,23,12,24,18,23,20,18,17,18,11,12,20,21,16,4,3,4,5,4,2,,5,3,4,4,5,4,3,5,6,3,2,5,6,11,10,,6,5,8,6,12,13,10,10,7,5,7,7,10,8,10,5,8,8,11,13,11,19,15,10,16,8,8,11,27,18,17,17,14,17,17,22,18,13,9,9,20,21,16,16,11,10,8,10,11,9,12,13,14,10,15,14,9,12,10,9,10,4,6,5,4,6,7,,14,12,14,11,14,13,11,,,15,13,13,9,17,,9,6,3,10,,,9,11,11,14,10,11,31,29,20,11,20,16,13,12,12,13,26,26,7,10,7,3,11,,33,32,33,32,33,35,27,34,22,32,28,24,31,37,30,29,32,36,27,,28,24,28,,,,41,42,4,11,14,10,11,,12,6,8,9,8,6,18,6,8,8,4,11,7,7,5,9,10,13,10,9,12,22,21,14,16,19,37,48,17,29,36,32,23,49,83,76,42,125,61,35,83,8,8,10,3,,35,,17,18,26,14,12,,13,12,,12,25,30,24,29,38,31,55,27,55,35,15,14,18,25,21,27,22,24,31,,18,,18,,18,24,27,25,24,17,31,12,10,7,16,12,13,24,25,15,,9,8,7,10,7,9,9,9,13,11,21,15,10,15,17,15,22,14,28,41,28,7,5,8,10,8,9,2,7,5,15,16,16,6,7,,25,22,,25,25,23,24,11,9,8,9,,,11,8,9,26,,42,28,32,52,18,24,,28,36,,107,89,96,86,112,138,147,117,100,150,125,58,19,37,,71,53,80,83,99,64,34,53,42,31,35,24,60,73,79,77,93,64,41,106,63,69,137,93,35,26,48,37,27,,23,40,59,48,20,32,26,37,32,25,23,17,32,23,42,24,8,7,9,7,16,16,14,13,22,6,11,11,11,10,14,3,6,27,18,,23,21,15,16,12,17,10,,11,,16,11,15,14,9,8,11,20,21,14,18,20,21,,19,13,10,11,12,13,7,14,10,8,4,7,2,4,6,,3,,,4,7,7,6,4,4,11,,11,6,6,6,10,4,16,52,12,22,7,2,2,5,13,16,9,16,14,13,12,15,15,66,29,30,22,11,5,16,11,22,,,17,6,11,7,6,3,9,10,6,7,9,25,7,8,,15,21,10,18,28,25,22,21,35,28,32,15,15,72,55,14,14,20,17,17,32,20,22,25,24,23,15,6,4,,10,,31,37,46,45,3,7,9,6,6,10,12,8,29,22,13,20,22,29,17,14,26,23,44,17,20,19,16,16,14,11,14,14,10,14,14,9,22,12,13,16,16,4,3,15,12,23,,3,5,8,6,6,11,4,4,11,10,16,6,7,7,9,10,9,10,,10,4,2,,,25,20,26,15,10,4,8,12,10,12,8,,14,12,38,51,27,32,28,28,84,61,79,26,76,186,,206,184,60,44,,70,49,70,55,41,54,,80,6,11,5,35,27,17,6,,7,28,13,19,,,17,6,45,31,11,10,9,54,46,44,56,44,69,81,59,72,54,45,50,45,183,63,168,161,61,53,65,42,34,78,68,78,65,21,14,22,23,45,46,36,13,37,44,12,26,20,36,,16,27,21,13,13,12,8,14,16,14,19,21,15,36,8,19,19,22,48,54,49,14,7,18,29,16,14,5,,22,6,7,23,16,8,9,17,10,20,5,16,7,7,20,6,20,8,5,7,3,22,1,13,4,,11,19,8,16,11,18,3,10,12,16,,25,19,20,25,16,1,4,7,6,2,11,10,13,20,2,10,14,12,11,10,8,7,6,9,8,4,4,5,16,5,6,22,11,16,17,24,17,4,9,10,12,24,19,18,29,4,3,9,8,2,10,7,18,13,15,11,17,13,18,6,7,7,7,4,10,17,21,14,5,7,9,,16,,8,11,,16,10,14,,16,9,11,8,12,9,8,7,9,7,9,11,13,5,10,10,9,7,4,6,8,5,11,20,18,17,15,14,13,7,4,2,4,12,20,12,,7,8,,4,2,2,4,2,5,6,3,7,4,6,16,14,8,9,7,7,13,10,12,17,5,4,3,11,1,11,7,7,15,4,9,3,18,5,3,4,1,3,5,2,5,3,9,3,5,9,5,3,3,8,5,7,5,6,6,12,12,11,2,6,7,4,3,6,9,18,26,2,3,4,5,10,8,6,5,6,15,21,16,11,12,8,10,8,8,10,10,18,6,9,9,2,4,4,5,3,16,19,15,,16,17,11,12,12,18,18,3,8,12,,5,8,,6,6,8,6,8,8,17,8,,20,11,9,10,13,16,11,26,39,31,16,,,,,2,9,10,10,6,2,7,,56,12,8,17,46,14,12,8,8,5,11,20,21,12,,9,9,7,6,8,,4,9,16,15,10,11,20,11,7,8,4,5,17,9,5,,8,,5,4,13,12,11,17,17,33,28,22,11,20,22,15,,,8,,46,26,15,13,13,12,17,20,12,10,20,40,18,56,51,4,,31,27,10,,43,16,11,29,56,21,14,13,16,9,16,6,,16,11,21,26,16,11,5,15,10,10,12,18,17,4,14,,28,25,37,41,51,36,4,13,13,11,13,11,36,5,34,12,12,8,13,35,212,65,104,37,5,9,10,12,10,25,7,18,18,9,9,9,23,24,35,24,77,64,11,6,4,5,7,13,6,4,18,44,70,84,32,8,18,9,8,14,12,14,6,9,55,19,26,12,18,12,16,16,133,,12,10,24,7,28,10,12,6,25,15,25,8,18,18,3,3,16,15,30,19,36,25,5,41,13,10,18,40,34,43,10,29,22,33,10,22,6,3,3,5,6
20171215,17,NO2,11,8,17,24,21,19,15,34,9,20,15,16,,,26,,31,29,30,,30,30,39,,15,17,,82,104,88,,87,84,50,51,38,52,40,35,44,47,40,61,,60,74,,62,,91,87,78,71,81,91,,,7,7,8,22,25,4,13,8,24,20,,24,36,28,34,50,58,52,75,74,77,72,40,,12,23,40,25,40,17,36,12,21,21,2,24,15,17,16,8,47,66,,21,38,44,57,51,,31,19,26,33,32,22,27,11,26,27,,55,53,58,50,59,17,17,54,35,26,67,,65,,59,51,72,71,62,70,70,96,53,56,55,58,65,43,49,32,61,53,,34,58,52,43,45,47,51,55,49,52,,41,64,42,70,55,21,28,28,28,35,54,,,,55,51,,58,55,49,,48,36,36,,53,64,63,67,66,57,57,42,42,,,,38,36,,33,33,33,34,,,47,53,53,,59,51,29,43,,41,,44,50,55,67,84,26,76,67,68,82,69,50,73,68,52,64,46,46,,56,,52,58,57,67,63,76,55,,,44,,57,66,,52,53,49,16,15,15,,53,56,50,47,43,37,40,49,31,35,25,35,35,38,65,41,48,36,61,,52,,,62,8,36,,33,,20,38,38,45,18,,21,61,53,60,46,35,63,59,65,57,53,53,76,53,73,58,56,57,57,67,57,62,51,58,67,69,55,42,35,43,50,42,56,,38,39,23,32,32,30,30,40,34,42,38,31,31,53,45,,55,44,62,43,42,34,46,30,75,50,99,88,29,43,103,15,21,30,48,64,85,68,114,41,29,44,52,62,44,41,36,100,89,101,114,53,52,61,48,40,51,48,,54,33,34,29,33,33,29,31,36,35,29,,42,30,22,30,38,39,6,26,11,17,25,32,,41,71,45,61,59,51,43,,,62,64,75,45,50,,51,41,59,50,,,53,22,26,33,39,17,32,28,37,34,35,16,23,6,26,27,30,22,9,12,6,5,12,,40,56,84,41,,25,38,22,57,54,36,45,38,8,18,8,29,36,37,,59,26,27,,,,34,35,48,53,19,39,37,,20,35,37,32,45,36,41,44,41,47,44,21,34,29,23,14,16,16,19,15,9,22,10,9,9,11,24,42,28,27,30,44,33,44,42,53,19,38,29,41,,21,,34,16,,56,,63,68,69,61,42,,43,47,,43,62,73,58,52,68,60,56,73,,25,40,37,28,20,5,30,23,20,20,,43,,52,,53,44,53,54,38,59,57,58,60,68,42,22,31,73,70,67,,34,39,36,28,37,28,41,20,31,20,36,27,31,34,34,23,28,34,14,15,18,27,22,40,14,23,16,24,21,20,46,39,38,,24,,27,25,,32,38,,33,32,24,29,10,,,50,52,44,5,,9,9,5,16,33,68,,52,42,,16,17,18,4,4,85,57,72,74,,17,12,14,22,,18,26,26,43,56,18,20,27,32,29,35,21,19,47,30,37,47,50,33,43,30,36,52,27,19,26,31,29,20,,4,42,42,55,30,47,25,41,26,22,26,38,45,32,60,37,54,60,59,40,55,46,53,56,60,30,31,28,50,36,42,34,16,62,76,,72,55,75,84,56,61,57,,72,,55,,59,54,59,61,53,62,58,57,49,44,,,22,,54,58,51,,58,37,39,30,21,28,24,16,14,,39,,,9,42,33,12,8,15,36,,28,17,21,16,19,9,20,22,17,20,14,6,11,16,,33,28,49,29,37,37,47,24,33,23,40,28,27,37,40,46,47,,,51,24,34,36,30,,14,16,43,25,19,41,36,45,,37,33,24,57,36,44,36,34,45,33,29,,29,32,22,22,15,40,46,29,31,33,41,24,47,41,49,6,6,,17,,19,23,10,11,18,19,3,35,7,24,23,8,61,62,50,56,55,59,75,54,48,65,77,52,,67,8,9,22,29,48,55,64,62,64,50,25,35,50,,44,35,42,40,38,44,,,34,31,26,56,,31,40,60,60,28,31,30,27,25,17,58,67,,58,62,56,,,16,22,,24,47,36,37,39,30,38,38,,37,11,47,33,,49,35,20,6,17,7,12,21,27,,35,38,21,21,,23,16,21,16,4,15,,18,9,8,,15,26,6,45,,13,13,16,8,,,26,5,21,15,12,11,7,14,16,8,13,22,27,29,34,59,15,34,36,26,23,30,42,12,44,50,35,20,42,47,23,33,20,47,9,32,,47,27,20,43,56,38,17,62,45,64,,54,41,64,17,72,60,9,44,49,40,60,24,92,41,34,19,22,32,40,,28,14,44,45,23,47,28,52,,30,33,30,32,15,48,57,60,58,64,36,34,51,49,30,24,20,27,33,28,37,33,31,56,43,,41,64,51,76,38,40,32,33,26,40,,24,38,68,53,29,32,8,23,21,7,44,50,40,21,3,18,21,42,52,55,61,64,41,44,43,16,17,30,36,39,28,23,36,30,,38,34,32,25,30,37,36,23,39,38,23,33,28,40,39,26,31,28,37,35,32,29,34,34,25,34,31,31,34,41,30,24,18,83,71,79,,69,,75,54,,57,52,68,,84,59,46,51,55,42,71,57,57,42,47,48,32,39,54,46,33,23,34,48,33,38,20,50,64,53,59,62,80,72,41,29,21,49,60,50,,33,27,,28,54,45,38,24,30,31,25,39,24,27,31,37,30,45,34,18,,26,33,34,15,33,,13,22,38,35,31,31,32,36,42,32,23,,9,15,15,16,16,10,16,31,23,23,5,57,25,33,23,27,37,25,20,25,14,12,19,18,22,24,20,,,26,21,16,26,18,,18,21,16,14,19,17,9,32,34,16,47,32,43,24,30,6,18,53,16,44,31,19,30,56,48,34,19,36,36,,32,58,83,66,65,70,21,18,17,25,,28,36,,18,,23,30,35,3,25,32,,11,14,23,13,16,15,64,62,41,67,28,,,,,2,25,37,21,23,21,31,,20,7,7,12,17,3,20,18,10,7,16,17,7,7,,11,17,15,24,9,,12,10,23,28,16,16,8,8,7,6,2,14,3,2,1,,2,,16,17,21,,52,65,12,26,21,20,45,42,43,26,,,6,,16,25,18,9,2,3,13,11,12,12,10,25,15,13,13,16,,14,31,24,,41,31,13,9,4,27,6,14,20,8,13,10,,11,20,,54,21,40,6,24,16,11,13,36,36,,,,26,12,14,44,42,,9,4,40,24,29,21,27,61,38,44,23,34,29,86,45,19,25,31,55,32,59,56,40,27,33,57,49,43,49,35,13,11,22,40,30,34,32,47,17,22,44,25,43,66,27,8,40,24,31,,52,53,36,65,46,44,29,31,,28,51,40,63,68,50,55,20,,40,48,86,28,25,42,32,,16,14,67,10,45,32,35,16,32,86,43,25,8,52,39,49,17,48,28,34,27,38,2,30,8,51,75,87,18,43,44,,56
20171215,17,NO2_24h,49,33,49,50,56,49,54,60,51,44,52,54,,,51,,51,55,51,,53,55,51,,57,49,,70,69,68,,59,66,55,60,58,63,63,61,63,61,61,72,,70,58,,52,,79,72,67,64,73,78,26,,30,27,29,44,53,44,50,40,55,58,,53,49,50,51,47,48,45,60,58,63,60,73,,67,70,72,68,69,66,79,19,23,25,27,28,22,17,20,52,64,67,,53,70,67,69,65,,64,48,35,40,40,27,40,19,57,44,35,52,48,53,48,53,27,34,50,38,38,57,63,36,,72,73,79,73,71,38,52,71,51,48,54,50,52,52,53,29,48,38,47,34,55,47,41,42,44,43,49,50,57,53,41,61,43,69,57,34,36,38,40,42,52,,,,57,49,,50,55,59,,38,27,26,,50,58,45,51,54,53,52,39,55,,,,47,40,,22,31,35,26,30,,36,41,35,42,41,42,33,46,,41,,45,45,52,58,77,31,63,55,59,72,60,47,64,53,55,62,57,57,,59,60,52,54,47,62,48,58,47,,,47,,57,60,,35,33,37,12,9,13,,53,52,37,40,35,28,32,42,38,32,28,21,33,28,49,46,40,27,30,,42,,52,37,9,27,,32,,27,32,40,44,27,,19,60,53,59,65,55,70,66,55,61,67,64,82,67,95,84,66,63,57,63,57,54,49,58,54,63,49,28,29,33,38,30,43,,29,30,25,30,31,32,31,40,37,40,40,32,32,53,45,,48,42,55,38,41,32,44,26,38,29,36,38,21,33,54,10,24,23,41,66,66,62,73,46,37,47,48,60,49,46,40,66,57,62,71,58,57,55,52,36,45,40,41,48,28,26,27,31,38,40,35,42,38,32,37,41,26,20,38,37,41,6,6,7,8,12,28,,44,45,39,51,42,48,42,,,38,52,46,42,48,,40,41,53,40,,,49,24,21,30,31,13,30,27,30,28,30,43,39,15,40,41,45,48,36,65,42,25,35,,68,74,74,72,37,59,68,61,61,62,61,62,66,51,51,21,62,65,45,,59,27,23,,,,43,45,54,53,37,49,37,,24,40,33,33,42,39,36,38,34,38,38,15,33,29,32,14,18,14,13,14,15,28,27,21,21,25,41,56,42,46,23,26,30,38,57,62,44,53,39,38,49,19,25,33,11,,61,,56,58,60,54,47,,52,22,,46,65,73,65,66,82,58,64,66,82,46,63,40,24,20,44,53,53,51,51,,37,,49,,47,49,55,56,44,50,60,51,45,49,29,39,33,60,53,55,,29,34,29,25,34,29,21,15,31,26,37,29,30,32,31,24,32,34,24,21,25,33,27,36,16,23,17,28,24,22,44,41,39,34,29,,35,29,,40,39,42,30,36,27,35,17,,,50,49,45,15,,21,17,21,20,30,48,,36,37,,45,53,50,35,43,75,71,60,70,65,60,34,30,58,,60,56,58,52,64,54,46,56,60,42,49,36,66,53,47,48,56,51,42,54,53,53,48,46,46,32,52,49,40,,16,40,41,43,33,35,30,46,42,44,25,30,50,46,87,54,50,47,55,45,40,34,38,40,31,32,32,27,38,29,38,31,9,51,55,,53,32,46,47,52,55,54,,59,,51,55,52,46,50,56,44,49,48,44,43,45,45,,44,33,48,44,39,41,44,42,36,28,21,23,25,15,14,,36,,,19,32,30,17,11,19,36,,31,20,22,17,21,10,30,24,22,27,16,10,11,28,41,36,31,34,39,42,38,45,31,68,46,71,42,33,39,30,43,37,,,51,31,40,44,38,20,22,27,35,34,29,35,28,33,,28,32,21,69,60,66,59,33,44,48,38,33,47,52,52,54,46,54,58,53,47,51,53,65,57,60,77,10,11,,24,,29,30,22,26,28,21,6,37,19,32,39,31,44,55,52,54,64,61,77,53,57,75,50,41,43,50,20,41,41,43,46,53,31,29,40,46,34,32,48,86,48,40,37,40,35,39,,,32,33,23,39,69,36,41,42,46,40,38,47,111,23,17,52,58,,48,50,46,,,44,36,48,31,44,32,45,44,46,44,45,,34,32,52,53,38,57,39,26,38,48,33,12,50,74,,65,68,52,44,,45,44,56,52,50,36,,41,13,14,9,21,29,15,28,,16,20,18,13,,,15,6,22,17,13,11,7,34,38,31,34,36,65,78,59,56,39,54,55,65,42,49,54,47,61,66,46,53,47,58,51,55,50,28,18,46,28,37,53,30,34,57,46,11,39,42,59,,35,27,37,14,42,33,6,31,42,31,50,22,69,49,44,14,16,27,57,62,46,8,27,27,31,48,21,40,,36,26,28,35,18,48,44,55,59,54,47,45,55,52,36,25,38,35,26,20,18,29,28,36,33,,34,50,42,51,32,30,23,21,36,42,,30,45,65,56,35,22,8,31,20,7,24,25,27,21,3,19,20,22,25,27,31,39,36,38,35,7,9,9,24,25,33,18,32,26,19,34,30,31,31,36,32,38,15,34,33,25,34,34,36,43,27,32,29,38,33,30,25,32,33,17,26,24,25,23,37,26,25,17,71,53,58,,47,,50,52,,56,53,47,,53,52,42,40,47,29,51,42,51,38,54,53,40,41,56,50,41,24,35,46,35,32,22,49,49,50,44,47,60,50,35,20,16,48,53,50,,30,31,,19,45,42,38,24,24,27,27,37,31,28,30,36,29,43,32,22,28,29,27,32,27,42,31,24,27,36,29,28,29,28,37,47,27,20,23,12,14,15,15,14,14,18,31,27,20,4,26,23,27,19,24,32,24,20,24,13,15,24,13,17,21,16,13,20,24,24,19,27,19,12,19,20,13,15,11,12,20,33,37,34,31,28,32,29,22,13,24,36,27,39,34,28,34,43,51,37,20,26,29,,28,46,68,51,55,56,29,14,19,27,,32,36,,21,55,22,32,25,16,17,22,,22,17,30,28,44,37,33,33,27,42,18,,,,,5,21,30,24,16,14,29,,19,15,14,22,28,4,28,20,20,20,17,15,24,16,,9,9,16,18,26,,16,17,33,29,23,32,8,16,29,16,11,22,44,24,15,,8,,8,13,27,42,45,37,24,37,30,31,24,33,34,36,,,10,,49,56,23,15,14,11,29,25,24,28,23,31,20,36,50,28,,37,40,27,,37,22,28,20,19,24,12,23,25,12,21,13,,21,31,71,72,30,58,4,31,20,9,27,53,49,31,31,,54,39,47,48,50,46,8,4,37,29,35,29,55,33,32,43,59,56,51,65,73,43,42,61,42,31,70,58,39,17,26,50,45,52,44,32,31,28,26,38,59,62,28,46,17,30,53,53,40,50,50,22,41,35,38,15,52,52,22,57,49,55,34,34,68,44,52,48,59,55,42,50,51,,53,47,62,32,39,35,36,19,12,18,54,10,49,44,34,16,61,59,44,47,20,63,15,53,25,55,23,28,26,30,22,44,22,68,48,67,31,33,39,33,50
20171215,17,O3,61,69,31,50,53,56,67,43,62,50,57,57,,,55,,53,60,56,,44,52,42,,58,55,,17,6,9,,6,7,37,42,50,43,32,53,51,38,41,35,,25,13,,20,,28,20,23,32,29,22,70,,79,74,71,53,47,70,66,63,52,59,,50,43,51,48,27,24,28,16,11,14,12,42,,74,77,46,47,37,63,40,66,65,66,66,59,70,61,54,51,17,9,,47,36,22,11,18,,37,66,53,49,52,51,61,63,58,53,76,21,16,6,16,12,54,55,21,42,48,43,13,40,,31,43,21,19,27,58,23,40,39,33,34,38,25,38,46,58,32,36,11,37,25,23,28,24,34,22,29,27,25,11,14,18,17,29,35,53,53,48,52,43,6,,,,3,5,,6,6,11,,22,23,37,,17,14,7,10,12,23,14,27,32,,,,29,37,,34,40,19,28,19,,29,,11,52,14,11,44,35,,29,,10,11,10,5,9,34,3,1,3,3,2,10,4,4,,28,43,40,,29,28,21,14,5,5,5,8,14,,,26,,14,10,,10,3,8,78,76,64,,5,7,5,12,12,7,12,35,13,13,26,8,16,18,36,27,8,8,12,,21,,13,4,48,63,,11,,23,,6,8,25,,13,17,27,6,19,36,22,26,14,27,8,12,5,20,18,18,13,11,7,12,8,7,8,10,9,5,9,11,12,7,8,6,15,,8,23,30,10,21,10,23,14,14,14,22,17,17,5,7,,5,13,9,8,6,8,6,17,62,55,55,60,100,106,66,85,106,76,99,82,62,105,56,4,7,2,8,6,8,14,13,6,10,13,13,8,9,11,7,22,17,14,25,16,73,67,73,84,91,15,11,6,10,16,,13,14,25,25,11,15,79,102,61,70,74,27,,31,7,25,7,4,4,18,,,6,9,6,16,9,,54,76,59,47,,,62,58,17,17,18,18,13,5,11,7,8,97,73,99,,95,85,83,95,93,102,83,98,,84,68,41,81,69,92,86,55,71,61,85,62,70,87,79,85,77,75,91,,47,88,51,,,,61,44,18,14,43,29,19,,40,25,14,21,16,24,9,10,8,6,8,43,11,20,36,59,66,59,63,58,62,73,70,69,80,71,72,54,63,53,47,33,39,38,43,38,53,51,50,44,29,63,58,53,72,,11,,6,2,9,4,29,,32,29,,32,27,26,28,26,23,10,37,12,38,35,6,6,7,30,75,53,56,65,60,,29,,31,,26,18,19,,30,,12,5,5,7,39,69,47,12,19,18,,8,9,7,8,,85,71,89,71,97,103,25,19,17,19,21,19,35,23,27,19,32,29,15,93,95,93,26,26,26,53,61,61,17,19,,95,112,,138,116,120,140,8,6,5,68,,,11,9,10,82,,59,,75,55,96,79,,83,78,,62,60,61,63,62,16,41,18,36,17,87,46,43,42,,56,49,48,23,36,53,39,42,46,45,31,51,45,27,42,36,28,14,34,36,48,48,23,44,63,52,52,60,69,,81,24,25,12,33,10,34,31,51,53,43,34,18,30,26,27,13,5,12,23,10,12,16,9,22,4,12,5,14,9,2,9,15,,52,,31,26,22,14,16,19,25,,4,,3,3,5,5,6,6,12,33,39,37,49,52,60,,78,12,8,10,11,12,13,40,29,11,15,22,19,30,14,,24,,,39,23,38,55,51,25,15,,19,17,26,27,23,36,35,42,32,31,24,61,64,90,41,69,75,26,45,28,36,41,42,75,96,86,81,24,19,12,9,57,,,72,80,67,72,75,103,100,101,84,103,80,29,8,6,,5,9,11,53,74,65,75,78,66,94,71,90,14,72,84,79,,60,70,88,71,80,74,72,56,54,,72,71,,63,,65,63,71,73,45,32,36,31,49,53,76,72,25,25,11,8,12,9,3,9,21,24,9,9,13,7,63,64,36,1,33,21,17,28,25,35,,,22,34,36,33,31,,34,39,,,51,55,41,14,,36,40,9,7,50,29,39,21,48,57,28,22,,45,,,,,61,45,12,61,50,51,50,46,53,43,49,,50,87,74,66,72,74,83,85,72,76,65,65,73,67,,40,41,71,59,,74,73,59,77,64,66,,67,73,77,,43,31,58,7,,73,46,70,81,,,36,58,44,51,82,78,80,60,50,60,58,50,43,42,33,14,35,32,28,37,48,52,29,66,37,34,32,50,34,,60,52,55,18,48,35,29,67,71,65,38,34,36,52,14,29,12,,,38,9,67,3,13,,28,23,34,11,59,13,33,42,39,36,33,70,25,42,39,23,20,19,33,26,25,,26,15,19,23,19,11,4,10,21,5,13,11,21,10,51,22,24,50,19,43,14,54,44,44,11,,13,19,26,21,24,21,19,13,50,55,,33,45,43,33,30,50,65,67,72,67,4,6,10,24,52,37,32,10,14,13,10,10,3,2,2,9,3,3,3,7,11,2,3,3,14,9,5,3,5,2,7,4,4,5,6,29,23,49,14,17,19,12,11,12,9,8,7,7,7,8,11,11,11,11,5,6,4,9,15,13,8,,8,,10,10,,14,11,13,,13,37,45,28,33,24,33,35,43,48,51,52,57,45,50,50,48,2,2,4,4,2,90,55,42,47,22,16,16,14,4,7,12,31,25,29,,37,43,,9,4,5,6,6,58,58,65,20,31,17,9,6,6,10,12,35,25,35,21,24,39,31,31,56,35,26,11,6,9,3,30,13,22,23,,44,39,39,35,34,44,27,30,24,22,26,26,3,11,14,10,1,23,27,24,33,39,22,18,13,11,16,22,17,16,28,23,11,7,56,52,49,27,26,25,23,93,66,67,82,57,57,62,83,39,49,47,36,54,42,50,,78,36,48,43,59,45,42,,39,39,39,15,38,72,64,85,60,83,,64,61,,62,68,61,52,63,65,49,43,,33,75,68,66,72,74,38,36,46,53,53,,,,,55,40,34,48,9,22,17,,28,87,91,48,50,95,95,89,79,79,93,83,79,74,,59,56,54,25,80,,89,100,80,82,53,77,90,95,70,81,94,92,82,90,63,,67,,56,60,68,48,42,53,75,66,69,72,21,22,28,84,,,75,,85,91,77,81,80,73,100,87,71,71,87,72,47,77,68,87,,79,69,79,,86,76,86,107,79,77,61,49,53,82,77,79,,96,62,,35,45,50,77,44,39,39,34,84,46,60,91,,81,72,86,24,17,35,56,24,103,42,40,43,79,38,73,6,50,37,45,7,45,66,52,54,24,42,39,20,20,21,34,25,37,43,53,16,79,71,60,56,43,31,49,25,77,73,22,55,54,1,54,64,38,59,58,5,1,18,24,4,28,37,37,6,,32,9,35,27,6,27,9,66,,39,9,40,14,118,21,42,54,68,46,16,61,53,,13,26,43,5,44,56,50,2,11,6,104,45,39,38,44,34,67,80,76,36,8,15,65,14,15,21,26
20171215,17,O3_24h,63,69,40,57,58,62,74,77,68,57,61,63,,,62,,63,66,69,,55,77,69,,70,57,,23,19,17,,12,11,46,70,73,70,72,67,71,48,50,41,,36,28,,32,,51,38,38,43,42,37,73,,81,77,83,65,60,72,69,67,66,66,,60,57,65,63,30,37,35,28,22,23,23,54,,74,77,56,53,51,63,42,70,71,72,76,70,76,72,63,59,46,61,,66,67,49,34,48,,66,75,64,68,66,64,74,69,66,63,78,50,53,17,40,41,69,70,57,66,70,92,78,93,,61,67,35,43,52,103,86,72,57,59,58,62,63,44,65,74,67,72,25,40,30,31,34,29,41,38,39,39,31,26,28,34,27,43,56,60,60,55,56,62,37,,,,12,18,,24,14,20,,36,42,53,,29,33,31,40,32,39,34,52,32,,,,31,47,,46,49,40,51,54,,50,95,31,52,29,24,59,46,,46,,18,26,23,22,11,46,9,10,5,5,9,10,38,38,51,28,52,46,,29,40,28,24,32,8,38,39,34,,,36,,37,30,,39,54,40,81,84,71,,12,16,31,35,33,17,28,35,20,20,28,36,28,29,50,27,23,32,65,,53,,51,45,52,69,,21,,33,38,23,29,40,,37,21,27,10,19,36,22,26,24,45,8,12,5,22,20,26,35,38,20,24,20,19,18,22,36,16,21,25,20,15,19,18,36,,18,23,30,13,24,13,25,16,15,16,25,17,18,12,24,,14,35,24,20,19,27,21,27,92,92,90,69,120,128,68,94,122,84,109,102,102,105,77,14,15,11,21,24,11,17,17,45,52,59,53,42,40,37,44,77,72,54,84,90,86,96,90,97,117,16,32,7,30,21,19,16,23,34,25,17,21,79,110,65,74,76,52,,39,45,38,34,50,25,26,,,51,29,47,30,26,,61,78,68,60,,,63,68,33,30,28,34,26,16,25,24,25,103,89,99,100,100,90,86,101,98,108,88,102,,84,75,56,88,71,99,86,88,88,79,96,75,70,91,79,85,90,85,91,,58,94,70,,,,77,52,23,23,53,38,42,,54,25,14,22,16,24,9,10,10,8,9,46,11,20,36,70,77,69,77,66,65,79,72,71,85,77,89,84,79,72,56,53,45,47,65,69,65,75,76,64,76,70,66,63,79,,19,,16,13,20,16,39,,41,40,,36,37,38,36,30,38,22,37,27,44,35,31,27,21,47,75,54,56,65,60,,45,,40,,32,38,34,131,30,34,12,44,60,68,49,69,56,34,39,33,,31,28,30,38,21,91,113,108,87,97,115,88,89,86,94,93,83,113,64,66,57,32,29,20,96,99,97,38,41,43,66,74,75,21,30,,95,112,,144,124,120,143,16,22,21,71,,,33,31,34,87,,60,71,79,60,105,97,,101,91,,62,61,61,63,62,54,65,69,47,50,98,54,52,63,,77,67,73,76,91,68,64,62,68,69,54,68,58,54,58,55,47,45,52,67,75,78,69,65,74,60,67,71,76,,84,60,48,62,53,61,54,42,64,60,63,61,47,47,50,45,16,23,16,23,29,28,32,29,118,26,30,32,43,35,43,96,95,47,78,,58,52,58,57,22,24,28,,14,,18,7,18,18,16,18,26,53,60,53,66,68,63,,82,46,11,15,30,17,27,40,41,17,15,25,58,33,20,,29,,,41,33,48,70,51,38,19,,21,22,27,30,23,36,35,43,32,31,24,70,77,90,47,72,75,48,52,30,48,56,47,84,96,96,88,26,19,27,16,66,,,78,80,73,75,81,103,100,106,94,110,87,58,33,37,,28,66,84,60,86,69,85,94,86,94,80,95,25,83,91,79,97,76,88,89,83,88,87,73,69,72,63,87,87,,67,,70,85,78,75,52,44,36,60,57,63,79,235,38,33,20,27,32,38,29,36,42,30,183,37,39,32,63,64,36,1,45,32,53,66,41,36,27,25,34,34,50,38,52,,47,57,,,66,60,48,38,39,38,94,40,45,71,35,39,25,57,64,41,37,,72,4,8,,,63,197,12,61,50,51,50,50,57,48,56,,68,91,81,74,82,84,90,87,79,84,72,76,82,67,,43,44,75,65,,80,78,67,77,64,68,,67,74,78,80,49,46,65,36,,73,48,79,85,,,56,65,65,65,95,93,93,69,58,64,66,67,66,61,61,65,45,57,54,43,69,70,65,77,51,58,57,62,72,41,62,68,59,51,57,47,64,97,73,77,55,44,44,68,84,54,33,,43,60,58,70,37,38,53,66,57,65,42,70,45,64,53,60,58,57,91,101,53,50,38,77,90,34,34,42,,28,24,26,31,21,20,38,28,39,16,53,28,29,19,61,41,31,59,27,43,40,54,44,99,27,,23,25,33,31,36,32,40,41,50,55,,45,52,68,52,94,68,71,78,76,72,33,37,37,41,86,45,50,31,40,37,32,23,22,14,26,27,26,32,35,30,14,3,5,4,17,24,22,14,13,10,27,35,33,29,24,34,28,54,23,21,46,25,22,18,32,32,29,25,25,24,21,21,21,25,31,25,17,19,15,23,18,,13,,10,12,,15,11,31,,34,44,51,35,36,45,51,54,53,54,72,70,72,66,55,58,54,11,8,11,8,9,95,55,50,62,28,24,37,36,19,24,28,35,35,35,,37,43,,26,13,12,9,14,58,58,65,25,31,17,12,6,7,11,16,37,25,36,24,34,39,31,195,56,35,26,13,8,12,6,30,13,22,23,10,44,42,39,35,37,44,27,32,33,29,43,30,33,29,33,19,19,36,36,41,33,41,26,42,27,23,27,23,23,17,30,26,16,10,56,52,51,28,27,45,36,94,73,74,84,79,64,65,89,42,51,48,48,56,57,59,48,81,58,58,49,59,52,48,,46,48,65,27,62,81,114,97,94,130,,64,66,,64,72,65,61,66,74,78,76,,47,77,79,70,77,76,53,43,57,73,58,,,,,57,49,51,48,16,33,31,,38,103,105,52,54,108,101,95,80,87,93,88,79,74,,71,68,69,54,90,,89,107,80,82,53,79,120,119,70,82,110,100,87,106,72,,76,,71,69,68,61,53,74,88,80,83,83,39,28,28,86,,,80,,89,96,86,83,84,77,101,89,81,73,89,81,56,85,68,90,,81,72,79,,102,80,94,130,95,83,74,58,66,82,82,84,,96,64,32,38,57,63,98,51,45,58,48,87,58,126,103,,81,99,86,28,20,35,56,66,118,50,47,52,86,65,83,24,69,50,57,12,49,72,56,69,42,55,56,27,31,47,40,38,44,43,56,39,81,76,77,79,66,61,49,38,77,80,34,64,73,28,58,67,59,69,67,21,9,30,47,28,36,37,47,10,23,48,19,39,36,31,37,31,67,,55,11,62,18,147,47,48,66,82,55,35,69,68,84,38,43,62,10,52,56,54,14,45,15,104,52,50,48,53,46,79,89,76,43,38,34,65,28,22,29,28
20171215,17,O3_8h,59,64,35,52,54,56,68,61,57,53,58,59,,,50,,53,57,56,,44,50,50,,47,45,,16,9,11,,7,7,37,55,57,56,55,54,59,39,40,35,,25,12,,15,,34,21,26,30,30,22,68,,68,68,75,60,50,70,64,63,52,57,,50,42,48,47,22,26,25,21,15,18,16,35,,40,37,38,35,34,41,27,65,65,66,67,63,66,62,55,52,38,46,,58,55,38,27,36,,56,56,48,48,48,40,54,51,50,45,60,41,42,12,34,33,59,62,45,59,63,72,50,61,,43,48,26,30,36,83,57,56,45,40,37,43,38,34,39,59,37,37,11,29,18,16,20,20,32,17,28,29,25,16,18,19,20,32,35,53,53,48,49,51,3,,,,4,5,,8,5,11,,25,32,43,,17,19,16,23,17,26,20,25,24,,,,22,40,,38,39,23,36,35,,36,32,17,17,19,13,42,35,,30,,12,14,12,6,10,31,4,2,3,4,4,6,6,6,5,12,23,21,,8,12,10,18,10,6,10,8,9,,,30,,22,18,,19,10,12,72,74,54,,8,11,12,18,19,7,10,21,16,12,21,28,20,19,38,15,11,26,30,,27,,28,17,48,62,,13,,18,17,7,10,17,,15,10,13,3,8,16,13,12,11,33,5,9,4,16,14,21,13,10,12,18,13,14,12,14,22,11,17,14,10,9,9,8,16,,9,16,22,9,17,9,20,12,12,13,20,13,14,8,14,,8,22,16,14,12,19,12,23,68,55,65,45,84,93,55,85,97,66,86,65,58,76,54,8,11,6,12,12,9,14,13,15,21,26,20,19,18,19,18,42,40,32,44,40,52,57,56,58,90,10,13,6,13,14,16,12,16,25,19,11,16,73,99,61,70,68,35,,16,17,24,11,5,5,16,,,18,11,10,20,10,,38,51,40,33,,,38,62,16,13,19,14,11,4,9,6,8,73,54,77,68,70,64,65,72,64,68,64,69,,48,38,29,46,35,52,45,51,52,48,50,37,33,62,56,73,66,60,72,,42,76,55,,,,68,44,10,14,28,16,19,,21,17,10,17,12,16,7,9,8,6,7,38,9,17,24,62,68,63,69,60,58,70,63,66,76,67,80,75,71,64,45,35,38,39,57,59,54,65,66,55,62,60,51,44,71,,13,,12,8,13,10,30,,28,20,,16,28,28,27,12,17,6,16,10,21,17,6,8,14,26,35,22,23,26,24,,22,,19,,17,19,20,32,12,2,5,25,30,32,22,36,23,23,30,22,,11,11,10,10,8,74,80,78,60,80,83,31,26,28,30,22,27,76,36,38,27,20,20,14,79,79,75,23,26,27,51,57,57,17,18,,75,87,,98,91,85,118,12,12,12,55,,,18,17,18,83,,52,65,73,56,71,70,,73,62,,32,34,32,32,36,31,37,37,41,28,63,44,45,56,,64,58,60,51,66,62,51,52,59,60,45,60,51,44,49,47,39,33,40,54,60,63,52,56,62,48,55,58,66,,71,50,42,45,44,48,38,32,44,42,46,52,31,38,38,33,8,12,8,12,11,16,15,10,53,6,14,8,15,12,4,21,28,29,54,,35,29,36,32,12,11,16,,2,,8,4,9,10,11,12,17,32,38,35,41,40,40,,52,19,10,10,19,14,17,26,29,13,13,22,22,29,16,,22,,,35,22,37,43,39,21,15,,17,12,23,23,20,25,20,36,18,17,18,63,68,54,27,47,48,33,34,24,32,34,34,48,60,59,59,20,13,20,12,52,,,59,48,42,46,48,75,61,75,67,77,59,30,8,6,,7,10,8,42,50,40,48,78,58,76,63,76,13,59,70,65,67,48,57,62,52,59,53,40,36,39,35,68,67,,60,,67,57,56,57,40,31,22,33,36,45,61,112,23,17,10,9,7,6,15,18,13,11,34,10,20,13,36,38,17,1,26,16,19,33,24,25,18,20,23,27,37,28,27,,31,40,,,44,46,41,23,28,28,52,20,15,48,29,32,18,51,57,31,28,,48,1,4,,,51,74,9,42,36,39,36,36,41,34,39,,46,65,56,52,55,57,59,62,70,74,61,64,75,28,,25,26,51,43,,55,49,49,55,48,50,,53,62,63,69,46,40,63,21,,65,40,69,81,,,48,43,58,59,79,77,78,63,53,61,60,61,54,51,48,49,42,48,44,38,46,54,42,57,45,50,50,57,62,34,46,44,39,39,48,42,55,60,38,50,44,32,36,59,25,31,21,,10,43,20,66,18,26,47,50,42,47,29,64,24,40,40,50,48,50,72,70,46,45,25,56,32,24,27,22,,20,12,13,15,14,9,8,10,26,7,15,18,22,12,52,36,26,50,21,36,23,44,37,41,12,,12,14,21,19,22,20,19,11,39,36,,38,45,48,37,57,56,65,49,67,68,14,16,15,25,70,27,28,22,24,23,19,12,8,5,5,16,6,9,8,12,11,3,4,3,16,18,15,8,8,5,10,9,8,9,12,30,25,26,18,17,31,18,14,16,10,9,8,8,8,12,13,13,12,13,9,7,6,12,11,14,9,,10,,9,10,,13,8,17,,17,26,34,19,22,28,35,36,33,41,47,47,50,43,39,40,36,6,4,6,6,6,79,38,33,34,24,18,22,23,7,10,13,27,25,25,,27,32,,13,6,7,7,7,40,41,42,18,19,13,8,5,6,8,13,27,20,28,20,24,26,19,41,38,26,25,12,6,10,4,21,13,14,18,9,41,37,33,31,34,36,22,21,24,24,30,24,17,13,19,12,2,22,23,23,27,30,14,22,15,13,17,21,18,15,22,17,14,9,38,32,33,25,24,29,27,82,62,63,72,50,38,40,48,32,36,32,35,32,32,36,25,54,36,38,30,39,36,31,,31,42,37,19,44,70,54,63,52,84,,43,42,,43,50,52,36,45,51,47,52,,38,59,61,54,55,54,44,27,48,60,51,,,,,47,37,36,38,9,21,17,,25,74,70,36,38,87,89,85,66,79,74,67,66,60,,60,63,43,34,58,,73,83,50,49,29,49,78,90,51,63,66,66,55,70,46,,63,,55,54,43,40,33,41,74,64,68,68,23,19,19,70,,,75,,62,62,75,76,63,59,90,74,63,68,82,73,49,57,40,71,,60,47,59,,82,62,70,96,59,68,50,44,47,80,75,76,,91,60,19,22,40,42,85,40,35,44,32,52,33,62,70,,64,56,69,19,11,20,53,47,101,39,36,28,56,54,56,14,46,40,44,8,34,47,46,58,30,43,25,16,26,17,32,19,24,21,33,23,58,51,57,51,56,50,33,30,55,47,22,54,55,3,49,61,52,65,59,9,5,20,37,6,29,32,33,7,15,23,11,30,25,9,22,9,38,,44,8,42,15,104,28,29,58,76,48,25,62,41,59,16,32,50,8,43,16,47,4,35,6,91,39,35,34,37,31,52,61,68,33,12,20,30,19,15,19,18
20171215,17,O3_8h_24h,59,64,35,52,54,56,68,61,57,53,58,59,,,50,,53,57,56,,44,50,50,,47,45,,16,9,11,,7,7,37,55,57,56,55,54,59,39,40,35,,25,12,,15,,34,21,26,30,30,22,68,,68,68,75,60,50,70,64,63,52,57,,50,42,48,47,22,26,25,21,15,18,16,35,,40,37,38,35,34,41,27,65,65,66,67,63,66,62,55,52,38,49,,58,55,38,28,36,,56,56,48,56,52,61,59,60,50,45,60,42,44,13,34,34,59,62,45,59,63,72,52,81,,43,48,26,30,36,90,57,57,47,50,45,55,49,34,54,66,56,64,25,31,25,30,34,24,32,38,28,30,25,19,21,25,20,34,39,53,53,48,49,51,3,,,,4,6,,10,6,14,,25,32,43,,27,25,23,36,24,28,27,32,24,,,,22,40,,41,39,29,44,44,,43,32,30,17,23,13,42,35,,30,,12,14,12,6,10,31,4,2,3,4,4,6,6,6,5,12,23,21,,9,12,10,18,22,7,20,8,9,,,30,,22,18,,34,30,24,80,82,63,,9,11,20,25,19,8,10,21,16,19,26,35,25,27,48,17,21,30,52,,53,,39,32,48,66,,14,,29,19,20,13,32,,21,13,13,3,8,16,13,12,11,35,5,9,5,16,14,21,19,10,12,18,13,14,12,14,22,11,17,22,16,11,16,14,24,,13,16,22,9,17,9,20,12,12,13,20,13,14,8,14,,8,22,16,16,12,19,12,23,87,80,75,62,84,93,55,85,97,66,86,65,58,76,54,8,11,6,12,12,9,14,13,15,21,26,20,19,18,19,18,42,40,32,44,40,52,57,56,58,90,10,13,7,15,14,16,12,20,30,19,11,16,73,99,61,70,68,45,,39,34,30,22,30,21,16,,,39,24,42,28,26,,38,51,40,33,,,38,62,24,26,20,28,22,14,23,10,22,73,54,77,68,70,64,65,72,64,68,64,69,,48,38,29,46,35,52,45,51,52,48,50,37,33,62,56,76,66,60,78,,43,81,68,,,,68,44,10,14,28,16,19,,48,17,10,17,12,16,7,9,8,6,7,46,9,17,24,62,68,63,69,60,58,70,63,66,76,67,80,75,71,64,45,35,38,39,57,60,54,65,66,55,65,61,61,59,71,,13,,12,8,13,10,30,,28,20,,16,28,28,27,12,17,16,28,10,21,17,11,9,21,33,35,38,23,27,24,,22,,19,,17,22,20,32,23,26,5,25,30,33,46,43,42,23,30,22,,31,27,29,25,19,74,80,78,60,80,83,47,42,42,44,42,38,76,36,41,35,20,20,14,79,79,75,23,26,27,51,57,57,17,18,,75,87,,98,91,85,118,12,12,12,55,,,18,17,18,83,,52,65,73,56,71,70,,73,62,,32,34,32,32,36,31,37,37,41,28,63,44,45,56,,64,58,60,51,66,62,51,52,59,60,45,60,51,44,49,47,39,33,40,54,60,63,53,56,62,52,55,58,66,,75,50,42,47,44,50,38,32,44,42,46,53,31,38,38,33,12,15,13,18,26,26,30,26,71,13,16,18,20,18,6,21,88,29,54,,35,29,36,32,12,11,16,,2,,8,4,9,10,11,12,17,32,38,35,41,40,40,,52,34,10,10,19,14,17,26,29,13,13,22,22,29,16,,22,,,35,32,48,43,39,26,17,,18,12,25,23,20,25,20,38,18,17,18,63,68,54,27,47,48,33,34,24,32,34,34,48,60,59,59,20,13,20,12,52,,,59,48,42,46,48,75,61,75,67,77,59,47,25,20,,24,38,40,42,50,40,48,78,58,76,63,76,13,59,70,65,67,48,57,62,52,59,53,40,36,39,35,72,67,,60,,67,80,70,70,40,31,28,53,36,53,61,215,23,17,18,27,7,6,16,27,13,11,34,10,20,13,36,38,17,1,37,26,44,53,36,25,25,20,26,27,40,32,43,,33,40,,,60,52,41,25,29,28,81,25,28,48,29,32,18,51,57,32,29,,54,3,8,,,51,74,9,42,36,39,36,36,41,34,39,,46,65,56,52,55,57,59,62,70,74,61,64,75,28,,25,26,51,43,,55,49,49,55,48,50,,53,62,63,69,46,40,63,35,,65,40,71,81,,,54,63,59,59,89,92,92,63,53,61,60,61,54,51,48,49,42,48,44,38,46,54,42,57,47,50,51,57,63,34,46,44,39,39,48,42,57,60,38,50,46,32,36,59,58,54,21,,39,58,54,66,31,36,47,50,43,47,29,65,24,40,40,60,57,56,72,71,46,46,31,60,50,24,32,42,,20,23,22,25,18,9,15,10,32,7,53,26,22,12,52,37,26,50,24,36,33,44,37,70,13,,12,18,22,24,35,25,32,31,39,36,,38,45,58,40,57,66,65,49,67,68,32,35,34,27,82,36,37,26,25,27,27,17,12,11,26,24,24,31,33,30,11,3,4,3,16,20,16,9,8,6,10,13,13,13,13,30,25,26,18,17,35,18,14,16,20,22,20,18,19,16,15,15,14,18,13,12,10,14,11,14,9,,10,,9,10,,13,8,17,,17,26,34,19,22,28,35,36,33,41,47,47,50,43,39,40,36,9,7,6,7,8,79,38,33,34,24,18,22,23,18,23,27,27,25,25,,27,32,,24,7,7,7,7,40,41,42,18,19,13,8,5,6,8,13,27,20,28,20,24,26,19,41,38,26,25,12,6,10,4,21,13,14,18,9,41,37,33,31,34,36,22,21,24,24,30,24,20,19,22,12,4,36,34,39,28,30,14,23,17,13,19,21,22,15,22,17,14,9,38,32,33,25,24,29,27,82,62,63,72,50,38,43,48,32,36,32,35,32,32,36,25,54,36,38,30,44,36,32,,31,42,37,19,54,70,84,74,52,108,,43,42,,43,50,52,36,45,51,47,52,,38,59,61,54,55,54,45,28,48,60,51,,,,,47,37,36,38,9,21,23,,36,74,70,36,44,92,100,95,66,79,74,67,66,60,,60,63,43,38,58,,73,83,50,49,29,49,78,90,51,63,66,69,55,70,46,,69,,69,63,43,40,33,41,74,64,68,68,28,19,20,70,,,75,,62,62,76,76,69,72,90,74,63,68,82,75,52,57,40,71,,60,47,59,,92,62,77,96,65,82,58,46,48,80,77,80,,91,60,19,22,40,42,85,40,40,55,32,52,33,62,75,,64,56,69,19,11,20,53,65,110,40,36,29,56,58,56,14,46,40,44,8,34,47,46,58,30,43,25,16,26,37,32,19,24,21,33,24,58,51,57,51,56,50,33,30,55,47,23,54,55,7,49,61,52,65,59,21,5,20,38,6,29,32,33,7,16,23,11,30,25,30,35,25,38,,44,8,42,15,104,33,29,61,77,53,25,62,41,59,18,33,50,8,45,21,47,4,40,6,91,39,35,34,37,31,52,61,68,33,38,20,30,19,15,19,18
20171215,17,CO,0.2,0.3,0.2,0.4,0.2,0.3,0.2,0.2,0.3,0.4,0.3,0.5,,,0.6,,0.1,0.4,0.3,,1,0.4,0.6,,0.4,0.4,,1.6,2.4,2.1,,1.9,1.4,1.2,0.6,1,0.6,,0.7,0.6,1.3,1.1,1.2,,1.7,2.1,,2,,1.6,1.6,1.9,1.9,1.7,1.7,0.3,,0.2,0.5,0.7,0.2,,0.2,0.7,0.3,0.1,0.2,,,0.7,0.4,0.4,1.4,1.6,1.3,2.4,2.5,3.9,2.3,0.7,,0.7,0.7,0.8,0.5,0.5,0.5,0.9,0.7,0.6,0.5,0.5,0.6,0.5,0.3,0.9,0.2,0.6,0.6,,0.6,0.4,0.8,0.5,0.5,,0.5,0.4,0.6,0.9,0.8,0.8,0.9,0.7,,0.7,0.5,1,0.9,1.2,0.3,0.4,0.4,1,0.6,0.6,0.5,1.1,1.1,1.5,,1.1,0.8,0.9,1.1,1.2,1,1.5,2.3,0.4,0.9,0.6,0.6,0.7,0.5,0.9,0.6,0.6,0.4,0.4,0.7,0.2,0.9,0.7,0.8,1,0.2,0.6,0.9,0.8,1.1,0.6,0.9,0.5,0.3,,0.8,0.7,1,0.9,0.6,0.9,,,,1.8,1.6,,1.9,1.5,1.9,,0.7,0.4,0.6,,0.8,1.1,1.5,1.1,1.3,0.9,1.4,0.9,1.2,,,,0.8,0.7,,0.3,0.4,0.5,1.1,1.1,,0.8,1.1,1.4,1.1,0.9,1.2,1.2,0.8,,0.9,,1.1,1.5,1.2,1.2,0.9,0.6,0.9,1.2,1,1,1,0.7,0.7,0.7,0.8,0.7,0.6,0.6,,0.5,0.7,0.6,0.6,0.6,0.8,0.9,0.7,1,,,0.7,,0.9,0.8,,0.9,0.9,0.9,0.7,0.7,0.7,,1.1,0.6,0.7,0.6,0.8,0.9,0.8,0.9,0.6,0.5,1.1,0.8,0.8,0.6,0.6,0.7,0.4,0.5,0.7,,0.8,,0.7,1,0.2,0.4,,0.8,,0.8,1.1,0.9,1,0.8,,1.5,1.4,1.3,1.2,1,1,1.1,1,1.5,1.4,1.2,1.1,1.3,1.3,1.1,1.1,1.3,1.3,1.5,1.7,2.3,2.4,2.4,2.2,2.2,1.6,2.5,0.9,1,1.3,1,0.9,1.2,,0.9,1,1.2,1.2,1,0.8,0.9,1,,1.1,1.1,1.1,0.7,1.5,1.4,,,1.1,1.3,0.9,1.4,1.2,1.1,1,0.7,0.8,1.1,1.1,,0.5,1.1,0.7,0.6,0.6,0.8,0.8,1,0.9,1.2,0.9,1.3,1,1.3,1.2,1,1,1,1.5,1.3,1.1,1.4,1.1,1.1,1,1,1.3,1.3,1.4,1.1,1.3,1.1,1,1.3,1.3,1,0.8,1.4,1.2,0.7,0.9,,1.3,1.5,1.1,1,1.2,1.4,0.5,0.7,0.5,0.5,0.8,0.7,,1,1.1,0.8,1.4,1.2,1,0.7,,,1,1,1,0.8,1,,0.8,0.7,0.7,0.7,,,0.8,0.7,0.9,0.8,1,1,0.7,0.9,1,0.8,1.1,0.8,0.8,0.7,0.9,0.7,1,0.9,0.5,0.6,0.6,0.4,0.5,,1.2,1.8,1.4,0.6,1.1,1,1.4,1.1,1.3,1.7,0.8,1.6,1.2,0.4,0.7,0.5,0.4,0.6,1.3,,1.3,1.4,0.3,,,,1.6,0.9,1,1.2,0.9,1,1.2,,1.7,0.8,0.9,0.8,1,1,0.9,,0.9,1.1,1,0.8,0.8,1,0.6,0.4,0.5,0.4,0.8,0.4,0.3,0.5,0.5,0.4,0.5,0.4,0.3,0.6,0.3,0.3,1.1,1.2,1.2,1.2,1.2,0.7,0.5,2.2,0.8,1.2,,0.3,0.6,0.5,0.6,,2.2,,1.3,1.3,1.5,1.3,1.1,,1.2,,,1.1,1.8,1.3,1.8,1.7,1.8,2.2,2.4,,1.6,0.9,0.5,1.1,1.2,0.6,0.4,0.8,0.4,0.8,0.6,,1.4,,6.9,,1.5,1.1,1.4,0.9,1.5,1.5,1.2,1.9,2,1.8,1.2,0.7,0.8,2.3,1.9,1.9,,1,1.1,1.2,1.3,1.1,0.9,0.7,0.6,0.9,0.6,0.9,,1.1,1.2,1.1,1,1.3,1.3,1.8,1.3,1,0.9,,0.9,0.8,0.9,0.7,1.1,0.8,1,1,1.3,1.3,1.3,1.2,,0.8,0.9,,1,0.9,1.1,0.9,1,1.2,0.8,0.6,,,3,2.1,2.8,0.9,,0.7,0.6,0.7,0.7,1.5,1.6,,1.6,1.5,,0.9,,0.8,0.7,0.7,1.8,,1.8,2.8,1.7,0.8,0.5,0.8,0.1,,0.8,1,1,2.8,1.1,0.5,0.6,0.5,0.5,0.5,0.4,0.6,0.5,0.7,,1.1,0.8,0.9,0.9,0.6,1,0.6,0.6,0.7,0.9,1,1.5,0.9,0.9,,0.5,0.9,0.9,1.1,0.8,1.1,1.2,0.8,0.9,1,0.8,1,0.8,1.2,0.6,0.7,0.8,0.7,0.7,1.2,0.9,0.6,0.9,0.7,0.7,0.8,1.2,0.7,1.3,0.6,0.7,0.7,0.9,1.7,1.7,,1.7,1.6,1.8,1.9,2.2,,2,,2.4,,2.9,2.6,2.9,2.1,2.4,2,1.9,1.5,1.6,1.7,1.5,1.3,0.7,,0.8,1.4,1.2,1.4,1.8,,1.1,1.5,1.4,1,1,0.9,1.1,1.2,1,,1.3,,,1.4,1.8,1.7,1.3,0.8,0.9,1,,1,1,1,1.4,1,0.9,1,1.1,1.3,1,1.1,0.5,0.4,0.7,0.8,0.9,0.9,0.9,0.7,1,0.8,1.1,1,2.2,1.2,1.1,0.7,0.7,0.7,1.4,0.3,0.8,,,0.7,0.8,0.6,0.8,0.7,0.6,0.8,0.8,0.6,0.6,0.7,1.3,0.7,1.2,,1.2,1.6,1.6,1.2,1.1,0.5,1.1,1.2,1.9,1.2,1.3,0.7,0.9,1,0.8,0.7,0.6,0.6,1.1,0.3,0.8,0.6,0.8,0.6,0.7,0.7,0.7,0.4,0.4,,0.5,,0.5,0.5,0.3,0.3,0.7,0.6,0.6,0.7,1.1,2.3,2.6,0.7,1.4,1.8,1.7,1.7,1.6,1.3,1.5,1.5,1.5,1.3,1.8,1.6,2.3,2.2,0.7,0.9,1.5,0.9,1.3,1.4,2,2,1.8,1.6,0.9,1.9,0.9,0.8,1,0.5,0.5,0.6,0.8,0.6,,1.3,0.4,0.9,0.6,0.7,,0.7,0.7,1.1,1.3,1.2,1.2,0.5,0.6,0.4,0.4,0.5,0.8,,0.8,0.6,0.7,,,0.5,0.3,0.9,1.3,1.2,1.9,,1.4,1.6,1.3,0.9,,1,0.6,1.7,,1.6,1.6,1.2,1.2,0.2,0.5,0.5,0.6,0.3,1.4,,0.5,0.8,1.1,1.4,,0.8,0.8,0.5,0.8,0.8,0.4,,,0.6,0.3,0.3,0.4,1,0.6,1.2,,,0.4,0.3,0.2,,,0.5,0.3,1,0.2,0.6,0.5,0.3,0.4,0.3,0.4,0.4,0.6,0.7,0.6,0.7,1.5,0.4,0.4,0.4,,0.6,0.8,0.7,0.6,0.8,0.9,0.9,,0.6,0.9,,0.9,1,1,0.8,0.8,0.4,1.1,0.9,1.1,0.5,0.6,0.8,1,1.4,1,1.8,,1.4,0.9,1.1,0.7,1,1,0.1,1.4,0.7,1,1.1,0.8,1.4,0.8,0.8,0.9,0.8,0.9,1.4,1.4,0.6,0.7,0.7,0.8,0.7,0.7,0.8,0.7,,0.5,0.5,0.6,0.7,0.7,1.5,1.4,1.8,0.8,0.9,0.7,0.7,,0.8,0.3,0.5,0.5,0.4,0.7,0.6,0.7,0.4,,0.6,0.7,,1,0.9,1,0.8,0.7,0.7,0.8,0.8,0.9,0.8,,0.6,0.5,0.9,1,1,0.8,0.5,0.6,0.5,0.4,1.5,1.4,1.1,0.7,0.5,0.5,0.6,0.6,0.9,1.1,1.4,1,0.6,1.2,1,0.5,0.9,1.2,0.9,0.7,0.9,1.6,1.4,1.3,1.3,0.7,0.6,0.9,0.9,1.4,0.4,0.6,,0.6,0.7,1.5,1.6,1.5,1.4,1.7,0.7,0.8,0.8,0.9,1.2,1.5,1.4,1.3,1.4,0.6,0.8,0.6,0.8,0.4,1.2,1,0.9,1.5,3,2.8,2.6,,3.7,,3.8,2.1,,2.1,1.9,2,,2,1.4,1.3,1.4,1.6,2,1.7,1.7,1.6,1.7,1.1,1,,1,1.2,1.1,1.2,1,1.1,1,1.1,1.1,1,1,1.3,1.2,,1.5,1.1,1.1,1.2,1.3,0.9,1.4,1.3,1.2,,1.4,1.3,,0.8,1,1.3,1.3,1.3,1.5,1.4,1.4,1.3,1,0.8,1.3,1.6,1.1,1.2,1.5,0.9,1.1,0.8,1,1.2,1.2,1.8,1.6,1.5,1,1.2,1.4,1.6,1.3,1.5,1,0.8,0.7,0.7,1,1.2,0.4,1,0.8,0.9,1,1,1.2,1.7,1.9,0.7,0.3,0.5,1.6,0.8,2,0.8,1.1,0.9,1,1.3,0.6,1.1,0.9,0.7,1,1.1,1,,1.4,1,1.2,0.8,1,,0.8,0.9,0.9,0.9,1.3,1.1,0.4,0.6,0.6,0.8,0.8,0.7,0.9,0.7,0.7,0.7,,0.4,0.6,0.9,0.7,0.7,0.5,0.3,0.5,0.2,0.8,0.8,0.9,,0.7,0.9,0.9,1,1.1,1.1,0.6,0.6,0.8,0.6,,0.5,0.6,,0.8,0.7,0.9,0.6,0.8,0.3,0.6,0.7,,0.7,0.8,0.8,0.8,0.6,0.9,1.3,1.7,1.1,1.7,0.9,,,,,,0.9,1.2,1,1,1.5,1.1,,1,0.5,0.8,0.9,0.5,1.1,0.8,0.7,0.4,0.4,0.7,1.3,0.7,0.8,,0.4,0.6,0.9,1.2,0.3,,0.7,0.9,0.5,0.7,0.7,0.7,0.2,0.4,0.7,0.7,0.4,0.6,0.3,0.4,0.7,,0.3,,0.4,0.3,1,1.3,0.9,1.1,0.7,0.8,0.7,0.8,1.1,1.4,,0.7,,,0.5,,0.6,1.1,0.4,0.5,0.2,,0.2,,0.5,0.4,0.5,0.6,0.5,0.5,0.3,0.4,,1,1.5,1.4,,1.3,1.7,1.6,0.7,0.5,1.1,0.1,0.4,0.3,0.4,0.8,0.4,,0.5,0.1,,2,1.9,2.5,0.6,1.6,0.7,0.9,0.6,,0.9,,0.7,,1.3,2.4,,2.1,2,,,0.4,0.1,0.8,0.8,0.7,1.2,0.6,1.7,1.3,0.5,0.7,0.5,2.2,1,0.1,1,1,0.4,0.7,0.5,0.6,0.8,0.7,0.6,1.5,1.3,1.5,0.7,0.9,0.5,0.5,0.6,1.2,0.4,0.4,0.7,0.8,0.4,0.5,0.5,0.3,0.7,0.8,1,0.6,0.7,2.3,1.4,1.3,0.8,1,0.8,1.4,1.8,1,0.6,1.4,,0.9,1.1,1.1,1.3,1.2,0.8,0.8,0.6,,0.4,2.1,1.6,1.2,0.9,0.7,0.8,1.1,0.4,0.3,2,0.6,1.1,0.8,0.9,0.5,0.5,3.6,0.7,1.3,0.6,1.6,0.9,1.6,0.5,1.3,1,0.9,0.8,0.8,0.5,1.1,0.2,1.1,1.4,2,0.5,1.7,1.8,1.4,1.8
20171215,17,CO_24h,1.1,0.9,1.1,1.2,1.3,1,1.3,1.5,1.6,1.3,1.3,1.4,,,1.5,,0.7,1.2,1.1,,1.7,1.2,1.2,,1.4,1.2,,2,2.3,2.5,,1.9,1.6,1.4,1.5,2.1,1.4,1.8,1.7,1.5,2.4,2.6,2.6,,2.7,2.1,,2,,2.3,2.3,2.5,2.6,2.6,2.2,0.6,,0.6,0.9,1.1,1.4,2.1,1.5,2.4,1.4,1.1,1.1,,0.8,1.3,1,1,1.8,1.9,1.8,2.4,2.4,2.3,2.3,2.6,,2.9,3.3,2.7,2.7,2.5,2.5,2.8,0.8,0.7,0.6,0.6,0.6,0.6,0.4,1.1,2.1,2.6,2.2,,1.9,2.2,2.4,2.1,1.8,,2,1.1,1.1,1.2,1.2,1.2,1,1,1.4,1.4,0.9,1.3,1.3,1.4,0.8,0.9,1.1,1.3,1.1,1.1,1,1.1,1.2,1.4,,0.6,1.3,0.8,1.3,1.4,1,1.5,1.7,0.4,0.8,0.8,0.6,0.8,0.9,0.8,0.6,0.6,0.4,0.4,0.7,0.2,0.7,0.6,0.8,0.9,0.1,0.5,0.9,0.9,0.9,0.6,0.7,0.6,0.3,0.8,0.8,0.6,0.9,0.9,0.7,1.4,,,,1.5,1.3,,1.3,1.2,1.2,,0.7,0.3,0.5,,0.7,1.1,1.1,0.9,1.1,0.8,1,1,1.2,,,,0.9,0.7,,0.2,0.3,0.5,0.9,0.6,,0.6,0.7,1,0.7,0.5,0.8,1,0.6,,0.8,,1.6,1.5,1.3,1.2,0.9,0.7,0.7,1.1,1.1,1,0.9,0.7,0.7,0.6,1.1,0.8,0.8,0.8,,0.7,0.9,0.8,0.5,0.5,0.6,0.8,0.7,1.1,,,0.7,,0.8,0.7,,0.7,0.8,0.8,0.7,0.6,0.6,,0.9,0.7,0.6,0.6,0.8,0.9,0.8,0.9,0.7,0.6,1.1,0.6,0.8,0.6,0.6,0.7,0.5,0.4,0.7,,0.8,,0.6,0.5,0.3,0.4,,0.7,,0.8,1,0.9,1,0.9,,1.3,1.6,1.9,1.8,1.8,1.8,1.7,1.7,1.7,1.6,1.3,1.4,1.1,1.2,1,1,1.2,1.4,1.4,1.5,1.8,1.9,2,1.5,1.9,1.3,1.9,0.7,0.8,1.1,0.9,0.7,1,,0.9,1,1.2,1,1,1,0.9,1.1,1,1.1,1.1,1.1,0.8,1.4,1.3,,0.8,1,1.1,0.8,1.2,0.9,0.9,0.9,0.6,0.8,0.8,0.7,0.6,0.6,0.8,0.6,0.7,0.6,0.7,0.9,1,1,1.2,0.9,1.3,1,1.3,1.1,1.1,1.2,1,1.4,1.2,1,1.3,1.2,1.2,1.1,1.1,1.1,1.1,1.2,1.2,1.2,1.3,1,1.2,1.3,1,1.1,1.4,1.3,0.7,0.9,1.3,1.3,1.4,1.2,0.9,1.2,1.4,0.5,0.5,0.4,0.4,0.6,0.7,,1,0.7,0.8,1.1,0.9,0.8,0.8,,,0.8,0.9,0.8,0.9,0.9,,0.8,0.7,0.8,0.8,,,0.9,0.7,0.9,0.8,1,0.9,0.7,0.9,0.9,0.9,1.1,1,1.1,0.9,1.3,0.8,1.2,1,1.1,1.9,1.1,0.6,0.7,,2,2.5,2.1,1.4,1.8,1.8,1.9,1.9,2.2,1.8,1.8,2.2,1.9,1.1,1.1,1.3,0.9,1.5,1.5,,1.4,1.4,0.5,,,,1.3,1.2,1.3,1.3,1.6,1.1,1.2,,1.6,0.8,0.9,0.8,1,1,0.9,0.8,0.8,1,1,0.7,0.7,0.9,1.3,0.4,0.7,0.5,0.6,0.4,0.4,0.8,0.9,0.6,0.8,0.7,0.6,1,1.3,0.8,1.2,1,1.2,1.1,2.2,2.2,1.6,2.2,1.9,1.4,1.9,0.5,0.6,0.5,0.6,,2.5,,1.4,1.2,1.5,1.6,1.9,,1.9,1.6,,1.3,1.9,1.5,2,2.8,3,2.6,3.5,3,3.5,1.3,1.1,1.1,1.2,0.8,1.1,1.3,0.9,1.3,1.5,,1.4,,2.2,,1.5,1.1,1.4,1,1.7,1.3,1.4,1.4,1.2,1,0.8,0.8,0.8,1.8,1.4,1.5,,1,1,1.1,1.2,1.4,1,0.8,0.7,0.9,0.7,0.8,1.1,1,1,0.9,0.8,1.1,0.9,1.7,1.4,1,1,1.1,0.9,0.9,0.9,0.7,1.1,0.9,1.1,1,1.1,1.3,1.2,1.2,,0.8,0.8,,1,1,1.1,0.9,0.9,1,0.7,1,,,2.9,2,2.7,1.5,,0.9,1.9,1.2,1.6,1.8,1.8,,2,2,,3.7,2.6,2.6,3,3.3,2.1,1.2,1.8,3.4,2.2,1.8,1.6,0.9,1.2,,3.9,2.4,3.9,3.8,3.1,2,1.3,1.5,1.4,1.1,1.2,1,1.9,2.9,3.7,3.3,2.2,2.1,2.4,1.3,1.8,1.4,1.1,1.3,1.4,1,2.5,1.7,1.4,,0.9,1.2,1.1,1.1,1.1,1.2,1.3,1.3,1.6,1.8,0.8,1.2,1.3,1.6,0.9,1.2,0.7,0.9,0.7,0.9,0.7,0.5,0.8,1.2,0.7,0.7,1,0.6,1.2,1,0.6,0.5,0.4,2,1.6,,1.8,2,1.9,1.7,2.4,2.3,2.3,,2.6,,1.8,1.7,1.6,2.1,2.3,1.7,2.2,1.5,1.5,1.7,1.5,1.6,1.6,,1.3,1.4,1.2,1.5,1.7,1.2,1.2,1.4,1.3,1.3,1,0.9,1,1.1,0.9,,1.1,,,1.4,1.6,1.5,1.2,0.9,0.8,1,,1,0.9,0.9,1.4,1.1,1,1.2,1.8,1.3,1.3,1.2,0.5,0.5,0.9,0.9,1,1.1,1.1,1,1,0.9,1.1,1,4.8,1.9,2.2,1.9,0.7,0.7,0.7,0.5,0.9,,,0.7,0.9,0.7,0.9,0.8,0.8,0.9,0.8,0.7,0.8,0.8,1.1,0.7,1,,1,1.2,1.2,1.8,1.8,1.3,1.8,1.6,2.3,1.7,2,1.6,2.1,2.7,2.2,1.1,1.8,1.5,2,1.1,1.9,1.6,1.9,1.8,1.5,1.3,1.7,0.5,0.4,,0.6,,0.9,0.6,0.6,0.7,1,0.7,0.6,0.8,1.2,2.4,3,1.2,1.5,1.9,1.9,1.7,1.6,1.3,1.2,1.3,1.6,1.4,1.8,1.1,1.5,1.3,1.4,1.9,2.3,1.6,1.3,1.2,1.2,1.3,1.1,1.5,1.5,1.8,0.9,0.9,1,0.5,0.4,0.6,0.7,0.5,,0.4,0.3,0.8,0.6,0.6,0.8,0.8,0.6,0.8,1.1,1.1,1.2,0.6,0.7,0.4,0.4,0.5,0.6,,0.9,0.5,0.6,,,1.4,1,0.8,1.5,1.4,1.7,1.6,1.5,1.5,1.4,1.2,,0.7,0.6,3.4,3.2,2.7,2.5,2.7,3.1,1.2,1.3,1.4,0.5,1.1,3.3,,2.5,2.9,2,2.2,,1.7,1.7,2.2,2.4,2.3,1.6,,2.1,0.6,0.5,0.9,0.7,1.3,0.7,0.8,,0.5,0.5,0.4,0.3,,,0.7,0.3,0.9,0.4,0.6,0.5,0.3,0.9,0.8,0.8,0.8,1.1,3.2,3.8,2.6,4,1.5,1.1,1.3,0.9,2.3,1.9,2.8,2,1.1,1.3,1.5,2.2,1.2,2.7,2.3,1.7,2,0.9,1.1,1.1,0.6,1,1.3,1.1,0.8,1.5,2.7,1,1.7,1.3,3.1,,1.3,0.8,0.8,0.5,0.7,0.9,0.3,1.1,0.9,0.9,1.1,0.5,1.9,1.1,0.6,0.8,0.8,0.8,1.6,1.5,0.9,0.7,0.5,0.7,0.6,0.5,0.6,0.5,,0.5,0.5,0.5,0.6,0.6,1,1,1.3,0.8,0.8,0.8,1,0.7,0.8,0.5,0.7,0.7,0.5,0.6,0.6,0.6,0.4,0.4,0.5,0.8,,0.9,0.9,1,1,0.6,0.6,0.7,0.7,1.1,0.8,,0.7,0.6,0.7,0.8,0.7,0.6,0.5,0.6,0.5,0.4,0.7,0.7,0.8,0.6,0.4,0.5,0.7,0.5,0.6,0.6,0.8,0.7,0.7,1.1,0.8,0.3,0.6,0.6,0.7,0.5,1.1,1.5,1.2,1.2,1.2,0.6,0.4,0.6,0.7,0.7,0.3,0.4,0.7,0.6,0.7,1.5,1.6,1.5,1.3,1.6,0.6,0.6,0.8,0.7,1.2,1.1,1.3,1.1,1.5,0.6,0.7,0.6,0.8,0.4,1.1,1,0.8,1.4,2.8,2.5,2.2,,2.1,,2.2,1.9,,1.9,1.9,1.9,,1.8,1.4,1.3,1.3,1.6,1.9,1.5,1.6,1.7,1.7,1.4,1.3,1.1,1.2,1.3,1.1,1.2,0.7,0.8,1,0.9,0.9,1,1.2,1.4,1.4,2.1,1.6,1.2,1.2,1,1.1,0.7,1.3,1.3,1.3,,1.2,1.4,,0.4,0.9,1.3,1.4,1.3,1.3,1.3,1.2,1.3,1.1,0.7,1.3,1.5,1,1.2,1.5,1,1.1,0.9,1,1.1,1.4,1.9,1.6,1.6,1.3,1.1,1.2,1.5,1.1,1.5,0.8,0.8,0.7,0.6,0.9,1.2,1.4,1,0.7,0.7,0.5,1.3,1.4,1.9,1.8,0.2,0.2,0.3,1.3,0.9,1.3,0.9,1.1,0.9,1,1.2,0.7,1.1,0.9,0.7,1,1.1,1.1,1.1,1.4,1,1.2,0.8,1,1,0.9,1,1,0.9,1.2,1,0.6,0.8,0.8,1,0.7,0.7,0.8,0.7,0.7,0.7,0.4,0.4,0.7,0.8,0.8,0.9,0.5,0.3,0.5,0.2,0.8,0.8,0.9,,0.8,0.8,0.8,1,1,1,0.7,0.7,0.8,0.6,,0.7,1,,0.9,0.7,0.9,0.6,0.8,0.5,1.1,0.6,,0.8,0.9,0.8,1,1.1,1.3,0.8,1.2,1.2,1.3,0.7,,,,,1.5,1.2,1.1,1,1,1.4,1.1,,1,0.8,0.9,1,0.8,1.1,0.9,0.8,0.5,0.6,0.8,1.3,0.9,0.9,,0.4,0.5,1.1,1.1,0.7,,0.7,0.9,0.8,1,0.8,1,1,1,2.1,2.5,0.8,1.1,1.7,1.1,2,,0.5,,0.4,0.3,1.2,1.5,1.3,1.4,1.1,1.4,1.1,1.1,0.9,1.2,0.8,1,,,0.5,,1.6,2.2,0.5,0.7,0.3,0.1,0.3,0.4,0.7,0.6,0.8,0.9,0.7,1,1.1,0.6,,2.3,2.2,1.2,,1.1,1.5,1.9,0.9,0.8,1,0.3,0.3,0.5,0.5,0.9,0.4,,0.7,0.3,2.9,3.8,3,3.3,0.7,2.5,1,0.7,1.4,1.6,1.5,1.9,1.7,,3,3,2.8,2,2,1.6,0.1,0.2,0.6,0.9,0.9,1.1,2.5,0.6,2.2,1.2,1.5,1.4,1.2,2.4,2.8,0.9,1.8,1.9,0.4,0.3,0.6,0.6,0.8,0.6,0.7,1.4,1.4,1.7,0.8,0.8,2.5,1.4,1,1.1,2.3,1.8,0.7,0.8,0.6,0.9,0.7,1.2,0.7,0.8,1.9,1.3,0.9,2.7,1.8,1.1,0.7,1.3,0.7,1.6,1.1,1.1,0.4,1.4,1.5,1.1,1.7,1.2,1.3,0.9,0.8,0.9,3,,1.1,2.1,1.7,1.1,1,0.8,0.9,1.2,0.4,0.8,1.5,0.5,1.5,1.6,0.8,0.5,1.2,2.1,0.7,1.9,1.1,1.9,0.5,2,0.6,1.9,0.9,0.9,0.8,0.9,1.4,1.5,0.6,2.2,1.1,1.7,0.7,1.5,1.3,1.3,2.3
20171215,18,AQI,36,21,38,60,37,64,30,44,20,23,36,24,,,35,,39,32,37,,19,36,55,,45,35,,179,263,258,162,239,200,143,55,76,55,66,71,49,69,109,84,,94,293,,296,,156,186,155,267,213,189,34,,49,39,57,22,33,25,21,36,66,39,,28,68,75,64,117,144,169,288,262,332,240,54,,72,34,54,76,67,61,24,54,65,64,50,40,60,59,23,25,38,68,,90,34,52,38,49,,54,42,35,43,37,48,48,32,60,42,33,42,53,52,31,36,34,130,33,60,40,163,95,142,,85,83,109,107,108,205,207,,28,33,26,25,30,36,25,23,32,27,22,19,36,33,33,42,51,36,31,35,39,38,35,40,39,38,38,45,36,33,39,32,78,,,,173,149,,163,183,183,,69,55,65,,37,54,49,46,57,46,53,67,36,,,,33,53,,59,49,50,49,54,,63,142,120,119,125,127,85,94,,78,,143,142,139,35,43,19,48,34,39,47,34,44,43,36,40,40,17,20,,38,26,27,40,44,37,49,39,24,,,27,,38,43,,35,32,34,25,24,23,,33,30,65,29,24,23,21,28,,32,22,45,32,37,36,30,23,45,20,,27,,38,39,14,37,,19,,13,27,32,22,10,,22,150,97,170,113,99,139,120,186,107,180,156,145,144,129,165,192,119,310,324,356,313,,342,299,307,336,75,65,89,74,99,104,,73,118,137,82,74,98,88,78,83,87,73,83,41,58,58,,62,55,57,45,57,36,45,38,83,74,108,94,53,78,107,35,52,45,99,84,124,89,87,55,59,51,59,77,45,36,20,78,74,72,78,60,59,69,53,57,55,58,53,52,75,57,59,73,79,36,30,28,28,31,22,37,23,23,36,28,39,40,62,58,59,63,84,,107,93,80,104,85,104,100,,,102,83,105,75,83,,80,83,77,83,,,78,51,73,73,74,79,82,80,80,70,67,67,48,35,49,52,53,56,35,43,32,33,57,33,80,78,102,79,87,88,80,93,137,108,89,82,85,115,104,75,88,88,118,,84,82,63,,,,45,53,123,155,98,163,139,,62,84,93,94,95,97,75,65,65,68,73,82,57,69,67,76,72,105,97,87,83,68,60,36,36,59,38,,58,44,59,59,50,58,57,48,19,129,44,52,195,43,44,62,33,,175,,99,158,155,103,70,,62,132,,128,90,80,79,139,153,195,134,173,112,78,156,140,185,92,25,31,45,25,30,,155,,145,,153,178,185,193,108,158,139,225,228,228,94,55,60,132,113,119,,18,20,19,,22,40,54,39,55,47,58,65,60,74,78,54,82,70,53,43,50,36,35,60,38,51,46,42,33,30,104,104,92,20,13,,84,88,,85,84,79,108,30,28,25,37,,,223,219,233,36,,32,26,26,44,166,170,,173,175,,42,42,44,32,38,206,62,242,179,211,39,51,54,26,,48,62,64,64,222,82,36,60,42,58,30,57,39,31,70,112,41,54,37,51,51,211,58,65,59,39,46,51,43,,57,38,40,64,38,77,87,110,70,107,69,55,39,49,69,36,44,42,45,42,39,32,29,36,52,46,42,49,39,59,50,52,10,211,186,,202,159,150,189,262,,259,,,,220,212,225,,303,252,248,211,207,199,188,68,61,,62,153,170,148,160,172,93,108,104,84,63,69,82,90,49,,70,,,59,99,79,74,59,19,29,,29,20,16,14,20,18,28,15,36,29,18,35,38,85,105,108,94,69,64,68,64,74,83,36,47,43,66,70,68,63,63,110,,,118,94,70,75,89,70,70,72,67,84,75,56,43,54,,49,82,93,150,84,85,82,93,115,105,113,27,21,38,47,77,102,63,61,70,80,58,68,81,89,105,134,40,31,,38,,52,56,77,45,48,22,49,88,48,55,,56,178,153,206,209,130,117,215,176,130,119,84,138,125,105,20,47,48,67,79,84,95,84,57,64,70,85,33,27,32,31,32,29,57,40,,52,35,29,50,48,36,45,54,52,55,43,53,42,42,32,32,28,31,,32,34,30,,,33,45,55,186,188,201,199,163,213,186,212,,55,53,190,160,172,169,147,162,41,49,38,58,34,89,,68,67,73,77,,68,74,59,51,45,40,,45,33,38,38,53,52,45,69,,59,52,42,26,,,20,18,24,20,39,57,44,57,46,22,36,48,68,103,50,75,98,,63,78,82,46,73,69,34,41,31,22,21,58,54,70,52,47,20,68,52,47,65,46,57,104,108,55,84,107,203,,166,92,105,75,98,102,69,109,82,84,87,83,98,62,60,30,29,40,78,87,23,50,90,73,73,68,67,50,,105,88,108,95,88,127,160,140,36,67,36,38,49,43,25,22,19,43,20,17,22,28,35,31,84,,78,79,85,113,67,75,64,72,160,134,,36,30,48,38,44,43,26,31,26,19,25,26,23,28,14,12,13,77,60,72,62,69,32,34,26,12,19,15,19,35,23,64,65,67,62,23,30,29,39,28,21,10,13,26,20,15,20,20,28,22,25,23,25,39,35,35,42,39,43,29,32,28,34,25,15,20,28,40,214,224,211,,271,,265,235,,244,223,228,,196,207,215,223,207,220,203,135,153,198,97,193,138,209,182,196,158,57,75,67,78,90,82,98,92,94,163,166,156,188,75,77,85,137,115,135,,95,113,,77,68,62,58,73,107,114,113,87,92,38,45,42,48,45,40,29,46,33,53,45,68,64,63,51,53,20,26,42,22,26,46,55,50,54,64,36,34,52,50,54,20,36,31,28,25,65,63,69,38,23,25,28,14,25,20,19,18,18,33,22,20,13,10,16,19,39,52,26,20,17,33,48,33,28,21,17,44,54,49,58,99,75,68,74,67,78,163,84,60,64,62,55,74,72,82,68,68,113,115,,77,138,102,102,118,125,78,72,63,80,,67,68,,57,68,75,72,82,31,31,90,,59,24,36,40,38,41,89,71,83,75,52,,,,,33,49,51,39,52,30,32,,36,25,41,29,31,27,44,33,25,36,64,38,24,22,,46,64,52,63,24,,28,50,25,38,50,60,94,32,76,62,30,65,26,29,28,,48,,27,34,139,144,132,97,18,27,31,26,112,104,123,74,,,28,,45,74,36,42,26,31,67,58,52,33,56,60,58,69,66,55,,40,49,72,,109,119,79,105,36,53,47,55,36,55,44,39,,49,43,127,144,62,67,25,95,72,49,74,86,75,79,83,,92,75,57,142,156,129,43,48,30,59,57,60,50,45,178,46,46,51,40,214,65,75,49,54,70,53,22,53,29,65,85,183,147,130,83,35,42,33,44,76,49,60,88,34,,39,30,25,55,43,34,44,40,48,60,63,26,125,64,103,36,46,108,196,144,69,74,40,132,102,84,90,35,,47,,163,20,76,95,99,76,41,29,163,42,73,89,17,13,53,258,83,49,36,186,57,178,35,63,36,52,42,40,21,73,47,77,100,206,60,69,95,58,263
20171215,18,PM2.5,16,5,9,8,5,11,8,13,8,10,8,10,,,10,,10,9,19,,2,12,14,,14,9,,135,213,208,123,189,150,109,31,52,23,32,41,25,50,82,62,,70,243,,246,,119,140,118,217,163,142,20,,7,16,40,7,18,17,12,17,15,19,,11,28,39,33,88,110,128,238,212,282,190,27,,9,10,37,45,28,20,,16,6,1,17,9,4,2,9,15,26,49,,67,20,20,18,27,,38,28,24,20,23,25,25,21,43,28,23,21,37,36,20,25,22,99,23,43,28,124,71,108,,63,61,82,80,81,155,157,,19,23,16,17,21,25,17,16,21,16,15,3,25,22,23,29,32,25,17,24,27,26,24,28,27,22,14,31,24,23,27,22,57,,,,131,114,,124,138,138,,50,39,47,,23,38,32,32,40,32,37,48,25,,,,22,37,,42,34,35,34,38,,45,108,91,90,95,96,63,70,,55,,109,108,106,20,21,6,33,20,27,32,22,24,30,13,10,16,7,13,,11,14,11,28,23,22,34,27,15,,,17,,26,30,,20,20,23,16,12,13,,11,11,17,9,10,16,12,10,,22,15,28,22,22,25,21,16,31,11,,12,,19,19,6,14,,13,,9,11,22,4,3,,15,115,60,129,85,74,106,91,140,80,136,119,111,110,98,125,144,90,260,274,306,263,278,292,249,257,286,55,47,66,54,74,78,,53,89,104,60,54,73,65,57,61,64,53,61,25,38,32,,32,28,37,24,32,25,29,26,61,54,81,62,30,57,80,22,28,22,74,62,94,66,64,,27,27,30,39,27,14,13,57,51,44,57,43,33,50,31,40,39,37,34,33,55,40,42,53,58,25,21,9,19,13,15,15,12,16,4,18,19,21,31,40,42,34,62,,80,69,59,78,63,78,75,,,76,61,79,55,61,,59,61,56,61,,,57,25,53,53,54,58,60,59,59,51,47,16,17,20,15,23,16,19,10,12,2,3,16,9,59,57,76,52,57,65,59,69,104,81,66,56,62,37,54,24,42,51,89,,62,56,22,,,,28,28,93,118,73,124,106,,44,62,69,70,71,72,55,47,39,49,53,60,40,49,48,14,12,16,21,13,12,11,16,1,10,7,26,103,36,29,41,42,35,40,32,26,8,98,16,32,146,14,17,27,19,,132,,74,120,118,77,36,,42,100,,97,67,59,58,106,117,146,102,131,84,57,119,107,139,68,17,13,31,15,19,,118,,111,,117,134,139,145,81,120,106,175,178,178,70,27,43,100,85,90,,11,9,6,,15,17,20,22,39,24,37,47,43,54,57,37,60,30,35,30,24,25,23,34,25,20,32,21,23,21,78,78,68,10,5,,62,65,,63,62,58,81,21,19,8,10,,,173,169,183,8,,9,,8,8,126,129,,131,132,,20,18,21,17,6,156,44,192,135,161,27,9,14,11,,25,44,42,46,172,60,25,43,29,41,21,32,25,20,33,84,22,38,23,33,34,161,32,47,42,27,32,23,29,,40,26,28,37,23,56,64,83,49,80,50,39,27,34,50,20,22,29,31,29,27,22,20,25,35,32,28,34,27,42,35,36,5,161,140,,152,121,115,142,212,,209,,,,170,162,175,,253,202,198,161,157,149,141,40,37,,37,117,129,113,122,130,69,81,78,62,45,50,60,67,18,,51,,,42,74,58,54,42,12,20,,18,14,8,5,9,12,19,8,25,20,12,11,16,63,79,81,70,50,46,49,46,54,61,25,25,15,27,51,49,37,45,83,,,89,70,48,55,66,51,51,48,48,62,55,38,30,38,,32,55,47,115,61,63,60,69,87,79,85,14,11,13,30,38,76,40,39,51,59,36,41,57,66,79,102,7,2,,13,,17,19,20,16,22,15,34,65,25,10,,24,134,117,156,159,99,88,165,133,99,90,,105,95,79,12,16,31,48,45,62,71,42,34,24,43,63,21,18,22,18,22,,40,28,,36,24,20,35,33,25,31,38,36,39,30,37,29,29,22,19,9,18,,15,12,9,,,22,31,12,140,141,151,149,124,163,140,162,,28,18,143,122,130,128,112,123,3,5,11,35,5,66,,49,48,45,51,,49,46,11,8,8,28,,24,14,14,11,26,17,25,49,,26,21,15,7,,,9,8,12,14,27,40,17,40,24,13,16,24,49,77,24,42,73,,45,57,60,29,53,50,18,26,15,15,14,41,38,51,36,23,14,49,33,29,47,32,40,78,81,39,62,80,153,,126,68,79,55,73,76,50,82,60,62,64,61,73,44,43,16,20,18,57,64,16,35,67,53,53,49,48,35,,79,65,81,71,65,96,122,107,25,48,25,26,34,30,17,15,13,30,1,2,10,19,18,11,62,,57,58,63,85,48,55,46,52,122,102,,25,19,33,26,28,12,18,14,14,9,17,18,16,19,3,8,5,56,43,52,40,50,22,22,18,8,13,6,6,24,16,46,47,48,44,16,10,20,23,15,8,7,9,13,11,10,14,14,19,14,17,16,17,27,24,24,29,27,30,20,22,19,23,17,10,14,7,28,164,174,161,,221,,215,185,,194,173,178,,147,157,165,173,157,170,153,103,117,148,,145,105,159,137,147,120,40,55,48,57,67,60,73,68,70,124,126,119,141,46,56,63,104,87,103,,71,85,,56,49,44,41,53,80,86,85,64,68,26,31,29,33,31,28,20,32,23,37,31,49,42,45,31,37,13,18,8,12,12,32,39,35,38,28,25,18,36,31,27,14,20,13,19,17,47,45,50,26,16,17,19,8,17,14,13,12,11,23,14,14,6,4,9,13,18,36,18,14,11,14,22,23,17,11,9,22,12,7,16,74,55,49,41,45,57,124,62,43,46,44,39,54,48,60,39,49,85,87,,47,105,76,76,89,80,57,52,45,59,,48,49,,31,49,47,46,60,2,17,17,,31,9,21,19,20,22,66,51,61,34,29,,,,,9,26,23,27,12,8,22,,25,12,14,9,4,11,8,11,13,13,21,10,10,14,,32,21,26,28,15,,15,11,17,18,27,23,1,6,12,14,1,11,5,,15,,9,,9,12,106,110,100,,6,14,16,15,84,78,93,54,,,14,,22,30,14,17,4,20,28,38,17,20,21,39,22,40,33,21,,20,27,37,,82,90,58,34,12,5,19,16,19,18,15,13,,12,15,96,110,43,44,2,71,52,27,35,47,40,58,54,,68,38,40,108,119,98,9,27,6,42,40,43,35,15,134,30,,8,4,164,46,55,26,38,51,37,12,33,20,47,63,138,112,99,61,24,29,18,7,39,23,43,65,22,,27,16,15,35,30,9,9,24,30,43,45,13,95,29,77,24,32,81,147,110,50,54,28,100,76,62,67,18,,,184,124,14,51,71,74,42,15,20,124,21,44,66,11,9,16,208,41,28,12,140,40,134,24,45,25,36,29,28,,51,25,56,75,156,43,50,71,41,213
20171215,18,PM2.5_24h,68,35,51,54,51,52,53,61,64,42,49,55,,,79,,74,79,71,,74,72,76,,70,88,,162,173,220,130,164,160,111,65,79,63,67,71,72,66,69,73,,84,196,,201,142,153,160,154,183,145,154,30,,19,32,38,50,61,60,59,45,73,73,,71,96,93,98,131,154,162,186,163,188,185,252,,214,283,224,256,232,218,278,11,6,3,23,14,4,21,22,94,118,98,,111,102,95,105,92,,115,50,54,49,53,41,44,44,70,58,25,56,68,80,70,67,49,78,71,73,71,111,84,66,,81,83,103,104,111,109,135,127,16,18,15,17,18,21,16,13,14,17,24,20,30,27,35,39,31,35,23,22,25,22,22,26,26,21,25,23,20,20,25,20,76,,,,138,127,,116,143,143,,38,26,33,,23,38,27,24,36,27,32,34,32,,,,32,36,,31,33,34,30,27,,30,60,48,51,46,59,40,38,,24,,97,78,96,25,32,10,32,27,29,44,34,26,37,22,44,38,43,36,,52,35,27,30,24,26,38,36,28,,,19,,26,32,,22,28,27,17,11,12,,34,49,21,19,20,25,21,31,26,28,25,24,28,31,27,28,27,31,8,,19,,17,16,8,17,,21,,13,18,32,18,12,,20,137,149,166,154,171,162,172,153,62,113,111,86,109,81,110,113,88,161,165,186,170,166,182,161,162,180,42,40,44,40,53,55,,43,55,75,42,48,50,49,42,45,45,38,46,46,35,29,,24,30,29,21,29,22,31,23,37,37,36,32,27,45,55,22,33,28,63,44,71,53,49,26,31,29,27,32,28,25,21,52,46,40,51,40,37,44,35,42,45,39,37,57,41,36,33,43,51,43,36,19,32,17,20,20,13,21,11,18,30,13,15,19,17,15,37,,57,51,53,60,42,64,57,,,56,57,53,49,52,,73,73,73,77,,,70,14,30,29,22,34,36,38,33,29,26,29,21,21,24,28,32,34,36,57,20,18,38,19,164,156,162,150,152,169,166,148,181,139,166,148,160,37,47,27,34,48,72,,68,60,53,,,,49,57,74,83,61,71,78,,28,42,47,46,46,50,30,25,23,29,30,39,20,30,42,12,17,16,15,11,19,17,23,11,21,17,71,78,57,66,43,41,39,40,90,87,61,97,69,49,67,13,14,14,13,,143,,97,107,120,112,126,,134,130,,133,140,142,135,180,238,143,159,176,171,92,123,117,119,74,63,72,64,39,51,,128,,132,,126,100,108,119,135,137,147,90,90,86,56,53,53,153,131,153,,17,17,11,31,27,29,20,21,38,23,38,72,75,80,85,66,84,54,68,65,47,27,30,34,25,20,34,19,23,16,71,72,58,20,12,,45,47,,55,64,53,75,42,38,23,12,,,153,146,162,37,,41,33,42,50,119,116,,119,126,,192,184,206,201,201,180,176,187,169,175,164,69,57,64,,112,75,117,103,120,87,65,129,94,58,88,31,116,70,114,104,73,57,92,60,78,78,59,59,84,48,85,78,74,,49,83,62,75,61,106,61,65,71,86,46,82,72,64,87,57,36,50,48,41,36,36,34,36,47,31,28,34,28,30,32,30,5,166,133,,140,136,119,135,206,217,202,,223,,115,106,109,162,163,157,169,145,134,124,137,124,130,,124,121,124,109,119,118,86,91,93,58,51,45,52,74,51,,59,,,48,72,56,57,48,12,16,15,17,14,12,8,15,13,26,24,19,25,15,12,10,84,82,95,86,45,43,47,41,50,52,57,38,44,44,50,55,45,49,87,,,90,90,66,82,95,57,64,67,59,64,64,29,19,19,,24,35,37,172,158,167,156,128,154,113,119,74,84,77,89,89,112,138,133,128,152,120,118,131,146,141,153,26,16,,23,,53,31,23,33,27,13,27,51,30,43,49,39,157,141,165,158,100,92,119,94,96,84,73,101,80,82,47,51,79,93,55,80,46,43,40,58,51,68,23,24,24,14,19,,24,25,,25,21,19,38,29,34,33,38,32,40,24,37,40,38,19,19,22,29,,15,33,29,,,63,70,13,115,91,121,121,116,159,127,150,,31,22,155,135,142,127,122,145,105,91,99,23,98,197,,178,185,131,118,,133,117,153,140,133,119,,116,17,24,15,36,26,32,37,,14,25,14,11,,,18,18,13,14,27,38,31,58,48,44,45,48,101,129,106,131,124,,103,93,126,91,127,92,104,99,62,67,62,91,101,89,78,47,50,65,31,31,55,32,45,91,134,28,63,57,107,,93,36,62,33,43,44,25,60,67,55,48,50,84,77,26,19,25,20,58,70,44,18,56,46,43,41,40,36,,71,53,49,47,45,86,91,100,36,47,38,46,42,41,20,18,20,35,5,9,13,26,27,25,73,,74,68,72,84,27,30,22,34,107,105,,24,30,37,37,33,11,9,12,12,6,20,16,17,20,3,14,18,27,24,24,23,24,19,24,17,10,11,8,12,17,14,28,28,23,25,22,18,24,22,16,16,20,18,20,18,16,20,22,23,19,24,22,24,28,30,31,27,26,30,24,23,21,23,14,20,23,21,32,163,154,148,,153,,149,167,,180,162,114,,111,139,158,154,147,142,136,92,102,137,187,125,122,110,132,134,123,29,38,50,45,52,50,74,79,73,109,113,118,131,31,40,44,113,102,115,,53,59,,38,40,38,35,44,67,66,57,83,81,22,26,22,30,25,23,20,23,26,24,22,58,59,50,43,45,13,19,16,16,16,28,39,27,33,26,23,20,23,31,32,13,20,17,19,21,23,30,37,19,16,20,21,9,6,11,10,12,11,8,9,12,3,8,12,17,15,22,18,13,9,15,15,20,20,10,8,35,47,38,55,71,59,49,49,64,63,76,63,39,47,39,43,60,58,53,61,44,62,69,,36,84,72,78,85,80,52,52,39,54,,56,71,,32,63,57,52,72,17,34,14,,20,14,18,26,34,32,22,25,32,15,20,,,,,12,17,12,13,10,10,19,,19,25,19,21,23,20,9,10,20,21,29,11,18,24,,25,20,21,18,36,,16,19,27,37,29,24,19,16,49,43,13,12,30,22,95,,9,,7,11,119,114,120,123,31,32,34,30,74,80,78,94,,,18,,28,89,34,33,11,34,21,32,29,28,50,56,41,60,60,39,,41,51,36,,78,78,77,42,28,29,25,26,24,18,18,19,36,22,27,121,153,74,66,7,46,32,23,41,67,62,65,92,,130,56,102,106,121,105,11,11,27,47,40,29,38,13,122,28,68,70,80,159,189,125,109,144,38,32,30,28,20,44,66,152,126,142,79,18,29,22,17,55,122,101,50,24,48,42,26,71,36,40,69,60,38,54,80,26,39,89,26,87,28,42,39,145,125,57,86,34,105,50,53,54,185,,81,166,131,19,43,89,75,32,9,29,143,20,134,87,12,9,73,146,65,57,48,147,21,153,24,126,23,30,23,25,48,64,37,75,54,95,75,49,68,64,222
20171215,18,PM10,36,17,38,70,37,78,30,44,15,23,36,24,,,35,,39,32,37,,,36,60,,45,35,,175,272,284,175,242,209,133,59,102,60,81,92,49,67,108,74,,103,280,,314,,233,181,157,271,244,200,34,,49,39,,22,33,24,12,36,82,39,,28,85,100,77,119,136,133,249,295,325,221,58,,94,34,57,102,83,71,24,57,80,78,50,40,69,67,23,25,32,81,,,34,54,38,49,,56,42,32,43,37,48,48,32,45,42,24,42,40,45,31,30,34,,31,48,32,126,107,143,,64,79,115,133,103,167,,302,24,29,25,17,26,,24,20,25,27,22,17,,,25,,52,,26,26,,30,30,,38,38,38,,36,28,33,,62,,,,136,,,157,,146,,,52,,,37,49,49,42,,43,41,51,30,,,,33,39,,,,44,45,58,,,,95,96,,114,96,87,,106,,,162,,26,27,,37,23,32,47,30,44,40,16,22,21,14,20,,38,26,27,32,44,37,44,29,24,,,27,,26,43,,35,32,34,18,24,23,,33,19,79,13,14,,15,28,,,21,45,,37,,,,33,19,,27,,38,39,9,37,,,,9,27,,16,10,,16,166,143,,103,,139,145,177,134,166,131,165,149,172,190,200,168,,,,,,,278,,,,50,,59,,,,65,,,,,,,,,,,,41,66,66,,73,59,64,45,64,26,45,27,96,87,131,138,55,106,139,35,53,45,113,97,97,100,93,60,68,51,67,104,45,36,17,98,98,93,90,70,67,61,55,56,51,65,55,54,68,62,53,74,84,,,28,28,31,19,37,23,19,36,28,39,40,73,66,55,76,103,,100,103,93,117,110,129,96,,,110,105,122,92,112,,84,88,84,104,,,80,52,69,78,87,87,90,66,76,70,83,84,48,35,49,53,56,62,35,43,30,33,64,18,99,105,148,108,123,107,110,93,141,121,128,114,119,180,158,100,125,125,118,,106,114,76,,,,45,56,138,122,86,128,,,48,,,,,,61,74,80,70,69,65,58,88,57,102,93,160,143,124,115,86,70,36,36,67,37,,65,44,68,55,45,65,63,48,12,125,44,53,,43,44,73,33,,,,93,126,145,100,89,,74,122,,130,104,74,75,137,145,175,115,164,110,94,176,169,203,124,23,31,39,25,30,,149,,159,,161,174,184,,95,172,123,212,217,210,,60,63,150,156,140,,12,9,7,,16,40,58,39,54,47,66,49,49,55,,58,,90,55,39,50,30,35,69,38,52,46,42,33,28,80,86,93,20,9,,70,80,,100,93,102,108,,19,25,37,,,222,217,215,36,,32,26,26,44,161,162,,148,176,,42,42,44,32,38,245,50,,225,191,32,52,58,26,,48,69,78,77,270,102,30,52,41,64,30,63,39,31,89,101,41,47,37,52,51,,53,,59,36,41,51,43,,63,,29,78,38,93,94,,89,87,60,42,39,48,,36,44,39,,,29,25,27,,53,38,42,49,35,,48,43,9,213,150,,204,197,221,171,235,,258,,,,216,209,211,,304,275,270,198,185,,155,86,72,,74,139,144,,,,94,111,90,,64,58,68,,49,,67,,,47,78,78,,60,19,24,,29,,16,,20,16,25,12,28,23,18,35,38,80,105,93,91,54,59,64,52,57,73,32,47,43,81,84,56,76,53,116,,,111,92,89,96,88,52,81,93,78,72,100,62,38,56,,49,113,136,168,117,113,112,129,117,109,122,27,,38,47,103,97,75,72,71,75,66,85,112,117,132,137,40,31,,38,,53,62,104,45,48,19,36,91,48,60,,61,142,143,202,206,133,114,210,160,121,117,118,128,132,107,,47,48,83,108,85,99,118,64,77,89,86,33,27,23,31,30,29,,34,,45,26,26,,39,34,31,55,46,,36,38,30,36,28,32,14,31,,25,14,9,,,33,37,59,169,156,189,196,163,,149,189,,59,55,159,155,,160,150,140,41,49,38,65,34,80,,64,80,96,103,,85,97,68,51,45,38,,45,33,38,38,56,54,45,87,,41,53,42,26,,,20,14,24,20,28,45,44,58,46,22,36,48,,,50,99,76,,,,,46,79,62,34,41,18,17,16,53,46,54,41,47,15,80,54,47,63,42,56,84,87,46,93,135,214,,172,84,88,,101,104,54,84,64,73,84,77,91,63,51,30,,40,85,74,23,,127,,,56,58,46,,86,,86,,66,115,,140,34,,26,30,38,,,16,,,18,13,18,21,35,12,,,63,73,80,92,72,82,60,78,,111,,,30,,27,44,43,,31,26,12,,18,19,22,6,,13,,66,72,74,72,29,34,,,14,14,19,,20,65,52,78,47,20,30,22,39,28,8,10,10,26,19,13,,14,,,,16,17,27,35,30,41,35,34,24,27,20,34,20,14,18,28,28,209,242,228,,271,,276,188,,,192,216,,164,184,193,199,193,,161,145,185,163,144,,141,165,154,155,181,64,,59,61,78,87,83,90,91,,134,128,,100,59,91,,92,,,90,98,,58,,50,41,,92,,95,80,78,,,30,,,,25,36,23,40,36,85,78,51,52,50,,,42,22,26,39,50,42,41,78,26,34,44,50,58,16,36,31,24,,62,61,61,34,21,,23,14,,19,18,14,18,,22,14,13,,,,39,43,21,17,17,33,48,29,28,21,17,44,58,49,66,142,61,72,97,84,71,,83,57,64,73,46,61,94,106,85,85,130,125,,103,134,141,100,150,199,72,72,65,,,75,81,,63,86,100,93,99,31,31,129,,68,21,36,40,38,41,89,91,75,100,54,,,,,33,49,52,38,53,30,32,,34,23,41,29,31,14,44,33,25,36,78,38,24,21,,39,77,54,75,19,,28,50,25,38,50,69,137,32,101,74,27,80,10,12,28,,48,,27,34,108,132,110,144,18,27,31,26,122,143,137,89,,,28,,45,98,36,42,26,31,83,65,53,33,61,70,65,88,81,60,,40,49,93,,140,122,102,159,36,55,47,60,36,59,44,39,,49,43,138,136,73,84,15,82,78,49,97,121,100,77,116,,84,100,60,159,141,126,43,48,28,45,52,,38,45,171,46,46,51,40,244,80,98,49,53,,,20,56,23,50,,150,187,157,88,28,,33,44,101,49,52,104,34,181,38,30,25,60,,34,44,40,48,51,66,14,109,78,82,36,40,87,,,61,77,34,106,120,85,95,35,,47,,190,20,102,120,99,102,41,,140,42,96,110,,13,55,258,115,49,36,171,46,160,26,73,36,40,42,36,6,95,47,95,122,190,64,,,59,242
20171215,18,PM10_24h,58,51,71,75,67,76,39,74,77,63,72,34,,,101,,75,45,86,,78,62,89,,70,34,,207,231,268,167,188,200,151,100,107,104,106,112,110,100,101,109,,133,234,,256,179,192,199,197,238,214,201,56,,67,66,68,105,111,90,120,89,110,109,,97,123,129,122,170,178,183,214,224,235,210,310,,292,309,268,337,270,274,320,55,41,33,61,34,39,60,45,143,156,145,,144,161,166,153,131,,145,75,74,59,78,82,73,53,107,78,109,78,80,105,76,74,82,91,79,91,87,106,110,88,,86,110,132,149,122,112,118,141,32,29,29,23,28,29,24,22,26,29,38,34,44,33,40,43,52,39,42,34,32,31,29,33,49,46,37,25,35,32,36,28,96,,,,154,180,,161,164,165,,41,47,38,,39,56,50,46,39,41,48,43,45,,,,45,45,,37,38,45,38,42,,34,57,52,53,53,65,54,45,,56,,74,93,99,35,51,13,45,38,40,65,55,60,55,31,82,61,67,61,,82,73,54,35,46,48,53,46,48,,,32,,41,47,,37,45,43,21,22,28,,44,26,41,24,27,27,26,41,29,33,23,31,19,34,30,23,19,27,14,,34,,34,32,12,28,,28,,12,25,14,15,11,,24,199,216,198,186,,195,236,204,112,172,145,154,156,158,166,170,169,167,175,204,184,204,193,204,180,198,,48,51,49,56,,,54,72,,,,,,,49,,,,39,55,45,,41,47,45,33,43,26,43,28,63,62,62,70,54,82,84,39,62,48,89,73,93,79,64,48,62,45,54,69,47,36,28,69,71,71,74,70,68,62,66,53,59,52,50,74,55,48,44,65,65,53,44,33,45,25,24,31,17,19,24,21,33,35,38,41,39,42,66,,76,72,71,82,77,96,80,,,77,80,72,69,87,,95,98,101,121,,,99,41,38,51,39,44,58,58,46,45,54,68,45,34,68,58,79,74,63,100,46,41,65,61,204,181,236,208,210,206,210,212,264,164,214,197,217,106,105,87,99,97,118,,124,124,98,,,,84,104,111,101,82,91,83,,60,33,51,40,28,31,43,47,53,47,40,51,40,61,52,51,56,77,56,51,64,77,72,47,52,68,96,106,105,90,64,50,52,60,123,135,93,144,112,61,98,28,29,33,20,,153,,120,129,156,114,172,,163,174,,175,194,170,152,212,228,184,197,228,222,161,160,184,158,97,98,82,94,55,96,,160,,181,,183,143,143,152,161,163,175,125,124,117,74,76,73,207,212,203,,17,19,15,48,37,42,36,37,54,47,79,67,69,73,79,77,70,94,96,77,79,40,45,60,43,54,53,26,30,25,76,77,73,26,20,,71,70,,84,85,84,93,53,42,36,34,,,203,193,205,73,,68,58,64,83,147,145,,140,180,,246,237,250,220,242,253,92,,237,194,114,126,111,100,,160,122,192,140,184,129,79,134,129,90,133,78,167,96,277,154,122,90,151,95,90,100,71,67,97,55,98,101,95,,66,109,68,93,89,94,94,97,96,136,65,77,91,71,98,84,37,46,44,34,43,34,39,42,59,33,34,41,30,23,42,36,8,190,165,,179,185,187,164,272,260,227,,241,,143,142,141,203,199,198,232,174,170,151,151,152,140,,136,143,143,,,,118,122,103,66,60,55,65,,57,,72,,,61,80,71,70,67,13,21,14,18,,19,18,19,14,26,30,25,24,18,32,30,111,106,116,121,48,52,60,42,48,67,138,74,116,92,75,72,66,61,117,,,103,119,131,116,126,74,89,105,93,85,97,44,34,35,,34,68,57,224,208,213,209,191,190,141,142,86,115,110,128,156,160,174,169,179,190,185,173,247,222,223,196,58,46,,42,,87,61,88,75,40,25,44,64,50,82,77,99,165,163,214,208,140,138,165,120,128,140,125,130,142,109,63,64,113,127,112,116,80,79,66,90,84,95,45,46,37,27,37,30,34,35,,33,28,37,41,44,50,42,50,42,38,34,51,48,51,32,32,36,49,,43,40,36,,,81,68,44,154,126,157,178,170,183,172,185,,53,60,209,182,161,138,140,142,113,162,157,74,177,248,,223,232,181,187,,181,196,200,155,185,128,,107,38,45,34,58,57,49,74,,35,52,38,27,,,29,21,36,23,46,47,43,85,76,30,73,76,162,183,149,195,148,,167,128,135,124,193,149,153,134,92,78,71,147,171,125,110,83,66,71,58,57,71,52,60,118,173,40,96,111,194,,141,54,77,38,58,67,36,82,64,57,77,60,119,137,37,33,37,39,80,89,53,19,71,48,44,52,44,38,,89,62,63,52,56,99,91,113,45,52,50,60,57,46,26,22,15,37,34,22,21,28,41,28,,,87,85,88,87,44,42,32,41,129,127,,40,39,46,52,40,21,11,26,22,8,25,23,26,24,7,23,21,20,34,38,35,44,27,32,27,14,16,14,19,18,14,37,45,32,32,28,34,31,37,33,18,18,17,25,23,17,13,26,24,24,25,27,30,32,35,36,33,33,34,26,28,19,32,21,30,34,38,39,204,214,206,,188,,196,173,,189,174,158,,126,174,181,187,180,156,148,130,163,149,133,143,131,136,168,172,168,45,42,57,54,64,71,88,86,94,114,120,111,122,51,47,69,,103,,,62,64,,46,37,46,40,44,81,62,65,103,98,17,25,23,23,29,29,24,22,28,28,23,106,99,80,65,63,19,36,43,20,26,33,48,29,35,38,36,46,34,41,70,19,29,29,32,25,40,44,58,28,20,25,23,12,16,15,13,14,17,9,13,16,8,12,15,20,30,35,18,17,12,30,27,23,23,14,11,67,65,73,83,100,69,68,96,96,81,98,81,55,62,67,52,70,89,76,80,75,89,95,,74,112,112,100,119,110,68,75,59,79,,78,106,,75,104,104,112,118,27,70,40,,46,21,27,44,51,55,35,38,38,45,26,,,,,35,34,22,18,21,18,28,,26,47,42,40,45,50,29,24,31,45,45,28,36,43,,30,38,39,42,56,,43,47,56,60,61,59,116,34,105,114,25,32,72,52,198,,29,,16,27,135,132,138,133,42,54,57,51,87,105,95,118,,,59,,128,159,67,72,39,44,61,63,58,54,86,80,76,113,134,68,,84,114,77,,121,106,122,133,114,72,53,76,58,42,48,41,75,62,57,189,202,109,102,12,59,51,46,57,144,134,115,216,,179,169,137,147,150,132,26,24,37,50,48,60,88,29,158,35,80,68,86,218,237,181,160,175,46,35,57,55,28,53,79,165,202,217,102,21,76,74,58,100,184,133,75,42,64,58,38,104,56,49,80,68,77,90,124,48,17,100,45,101,46,58,45,158,147,80,111,46,104,74,71,81,222,,85,177,174,27,81,107,94,46,23,61,181,34,158,144,24,12,79,186,132,100,76,186,29,187,40,162,31,30,37,32,140,115,51,111,80,147,100,57,82,71,257
20171215,18,SO2,3,1,3,3,3,3,4,7,3,2,2,2,,,3,,7,5,8,,6,3,5,,5,7,,33,21,26,32,22,37,18,10,26,16,22,23,12,27,54,40,,32,16,,28,119,23,41,26,25,20,43,6,,51,4,5,9,8,12,7,10,6,5,,4,25,33,22,21,17,15,26,32,19,23,17,,8,7,15,22,19,18,10,15,20,11,12,12,10,16,14,10,27,28,,32,36,26,60,26,,19,13,52,24,18,18,15,9,12,15,21,85,120,50,60,34,8,21,45,18,4,30,22,40,,36,18,68,90,18,22,37,185,7,6,6,8,8,8,6,5,7,9,10,8,5,7,4,8,9,3,14,7,7,5,14,6,7,15,11,11,9,7,14,14,19,,,,20,6,,18,25,17,,5,9,8,,13,7,6,8,6,7,6,8,5,,,,8,14,,5,2,2,5,6,,6,29,7,12,11,7,7,9,,10,,5,7,9,11,7,6,6,9,8,9,6,3,11,8,10,7,11,7,,6,7,5,11,9,8,6,5,11,,,6,,4,7,,5,3,4,5,8,9,,10,10,6,4,6,5,3,5,3,3,4,3,7,5,7,3,3,,5,,8,,8,8,2,8,,4,,1,9,7,8,3,,6,11,22,24,17,12,20,25,63,19,6,18,14,18,10,17,14,15,13,10,11,10,8,8,11,12,11,5,4,5,6,3,4,,4,4,6,4,5,4,4,5,6,4,2,6,7,11,12,,8,5,9,7,12,11,10,9,7,4,16,10,11,7,14,3,7,5,15,13,12,14,16,10,13,10,11,16,14,8,14,22,15,17,15,17,13,12,4,7,14,13,10,16,12,11,10,8,10,8,8,8,10,10,,12,9,13,9,9,11,3,8,6,6,7,4,,12,12,10,6,10,10,9,,,13,12,10,7,12,,8,6,3,10,,,8,9,12,19,8,14,42,36,27,16,21,11,7,8,10,10,11,11,5,6,4,1,8,4,20,29,33,23,25,22,20,29,16,29,23,16,27,36,31,7,23,18,17,,20,24,35,,,,36,39,4,7,13,6,8,,15,8,8,6,9,8,39,6,9,9,5,14,7,6,5,6,6,10,15,8,11,17,,6,7,10,25,35,11,23,32,22,20,28,19,23,14,113,69,44,128,10,9,12,5,,21,,18,26,23,16,12,,9,14,,15,19,30,19,27,42,31,33,30,43,36,24,19,20,21,6,15,8,8,15,,29,,23,,18,9,14,18,20,13,23,10,8,6,15,7,9,31,30,25,,10,9,8,10,8,8,9,9,8,16,18,21,9,17,19,10,14,18,17,28,15,5,6,6,10,8,8,2,5,4,12,17,21,5,6,,19,19,,20,15,26,20,7,5,5,9,,,6,3,4,19,,17,10,14,19,33,37,,37,45,,20,15,14,16,18,58,47,81,79,72,26,9,9,12,,12,9,20,72,57,22,14,31,19,25,21,19,13,23,21,29,31,32,13,36,28,37,206,51,44,21,16,19,14,,36,6,94,88,16,43,17,19,9,8,21,11,13,10,14,10,7,7,8,6,10,13,10,7,10,7,11,17,14,13,21,5,9,43,31,,38,28,26,25,17,20,16,,13,,11,7,9,11,9,8,6,24,23,15,24,23,20,,18,11,8,11,11,12,10,15,11,5,9,7,1,3,7,,9,,,5,8,5,6,4,6,12,,10,6,5,6,11,3,9,18,18,17,3,2,1,3,,9,8,19,13,12,11,16,12,18,34,20,14,8,13,19,13,9,,,14,4,13,4,4,2,9,8,5,13,6,39,8,10,,29,18,9,18,28,23,19,93,38,27,26,13,18,16,14,12,13,13,13,16,20,14,14,20,32,21,16,4,3,,3,,41,4,37,15,5,7,12,7,8,5,,6,40,28,9,20,12,17,14,10,29,17,23,14,18,15,9,10,13,10,10,13,13,20,12,10,21,13,11,14,14,3,3,13,11,25,,3,4,8,5,6,,1,4,17,14,5,5,3,5,8,9,8,8,,8,3,1,,,14,26,13,19,12,7,9,14,9,10,8,,11,10,41,28,,31,24,18,51,18,29,23,42,36,,33,36,45,46,,51,15,12,7,4,19,,17,3,9,3,34,15,9,5,,4,13,10,19,,,20,5,38,19,9,10,8,55,34,11,13,15,34,27,13,35,31,,21,18,49,123,80,47,82,23,35,13,16,16,10,15,8,51,7,43,16,68,19,17,12,7,15,16,18,19,27,,14,15,12,16,17,18,5,14,15,14,15,16,16,22,12,16,9,11,16,16,34,37,10,18,47,14,14,3,,23,4,7,25,16,7,13,15,7,21,10,11,11,15,17,5,23,20,4,7,7,22,2,18,6,,10,11,9,8,9,9,7,6,12,15,,27,25,15,27,25,2,4,6,6,2,9,8,10,9,2,3,6,6,16,19,27,18,7,10,8,5,4,9,15,5,2,26,11,12,10,19,34,1,4,4,29,6,,8,20,5,1,12,12,2,12,6,18,14,24,15,17,7,20,11,7,7,8,3,,7,10,5,7,14,17,,13,,,13,,18,12,8,,11,12,14,13,19,18,10,13,11,10,5,7,7,2,15,14,11,7,4,6,10,5,17,17,17,38,15,15,13,11,4,2,4,22,36,,,9,5,,5,1,2,2,1,12,14,9,7,5,6,17,14,8,10,8,8,15,11,10,13,5,6,7,10,1,6,4,3,11,4,9,6,9,6,4,3,2,4,8,2,20,2,9,3,4,4,9,8,3,10,4,5,5,6,6,12,7,11,2,,9,4,3,6,9,13,14,2,3,,5,9,9,7,5,6,14,20,15,9,14,9,11,6,7,4,7,17,5,239,5,4,5,16,9,8,19,19,16,,16,15,10,11,14,9,16,2,3,1,,6,10,,6,3,,6,8,8,21,8,,23,11,8,7,7,8,7,27,54,33,20,,,,,1,11,17,12,7,4,7,,60,13,7,15,29,12,14,9,8,4,10,13,18,11,,6,11,2,7,10,,4,10,17,20,7,10,9,9,6,6,4,4,20,5,4,,3,,6,4,17,24,12,16,7,25,21,22,12,51,47,7,,,6,,20,18,9,7,7,8,17,14,9,7,11,32,28,38,12,3,,25,71,3,,57,22,10,15,22,27,9,6,5,9,12,3,,13,8,21,27,10,9,5,9,7,27,10,21,20,2,3,,10,9,13,48,39,55,4,50,13,12,13,14,19,5,37,12,4,4,4,29,33,66,43,17,2,10,7,9,8,26,5,26,27,16,8,12,,12,4,33,17,20,11,5,5,4,5,4,3,2,4,17,62,37,27,2,8,7,8,13,8,11,6,10,37,22,17,9,28,10,11,12,15,,6,10,35,6,18,7,9,8,20,9,35,8,25,9,4,3,5,19,,10,11,14,5,29,14,7,17,42,38,37,4,28,22,26,6,13,6,12,11,14,11
20171215,18,SO2_24h,8,8,13,6,11,13,11,13,6,12,12,8,,,11,,17,14,15,,15,11,13,,9,7,,20,19,26,27,24,23,28,22,25,29,32,35,24,34,49,43,,41,10,,38,28,25,35,30,31,28,28,17,,24,15,13,25,26,28,27,26,13,12,,14,27,33,31,11,15,15,25,29,23,22,95,,56,146,198,132,200,50,135,18,21,16,14,13,14,14,13,57,73,77,,60,78,77,78,75,,64,27,37,23,24,17,14,13,28,22,26,83,118,46,54,60,23,22,45,19,19,51,51,27,,125,103,99,105,88,22,49,70,9,7,8,9,9,8,8,7,7,10,13,10,7,6,4,9,8,5,13,8,6,6,13,7,7,16,10,14,11,10,19,15,31,,,,17,6,,10,21,10,,6,7,7,,14,9,6,10,7,8,9,10,9,,,,13,18,,2,2,4,6,5,,6,13,6,14,10,6,8,9,,10,,4,7,7,13,10,6,8,9,9,10,8,4,14,8,16,14,13,12,,10,12,9,10,8,9,7,6,13,,,7,,10,12,,5,7,7,5,8,9,,15,13,6,5,6,5,4,5,4,3,4,4,6,3,8,3,2,1,5,,8,,8,8,2,4,,3,,2,6,7,6,4,,6,19,19,23,27,21,24,32,31,25,14,22,20,23,12,24,17,23,20,18,17,18,11,12,20,21,16,4,3,4,5,4,2,,5,3,4,4,5,4,3,5,6,3,2,5,7,11,11,,6,5,8,6,12,13,10,10,7,5,8,7,11,8,10,5,8,8,11,13,11,19,15,10,16,9,8,12,27,18,17,17,14,17,17,22,18,13,9,9,20,20,16,16,11,10,8,10,11,9,12,12,13,10,15,14,9,12,10,9,10,4,6,5,4,6,7,,14,12,14,10,13,13,11,,,15,13,13,9,17,,9,6,3,10,,,9,10,11,14,10,11,32,30,21,11,20,16,12,12,12,13,25,25,7,10,7,3,11,6,33,32,32,31,33,35,27,34,22,32,28,24,31,36,30,28,32,35,26,,28,24,28,,,,37,42,4,11,14,10,11,,12,7,8,9,8,6,19,6,8,8,4,12,7,6,5,8,10,11,10,8,12,21,21,14,15,18,35,43,16,27,37,33,23,49,81,75,42,125,57,36,82,8,8,10,4,,35,,18,18,26,14,12,,13,12,,12,25,30,24,29,38,31,54,27,55,36,15,14,19,24,20,27,21,24,30,,19,,19,,18,24,27,25,24,17,31,12,10,7,16,12,13,24,25,15,,9,8,8,10,7,9,9,9,13,11,21,16,10,15,18,15,22,14,28,42,28,7,5,8,10,8,9,2,7,5,15,16,16,6,7,,25,22,,25,25,23,23,11,8,8,9,,,11,8,9,23,,40,26,29,48,19,25,,29,37,,104,87,94,85,110,135,144,116,101,149,121,56,18,34,,63,48,72,80,96,61,34,52,41,31,35,24,56,70,75,72,90,63,40,105,62,69,143,86,36,26,44,36,27,,24,38,60,49,20,32,25,36,32,24,23,15,31,22,41,23,8,7,9,7,17,16,13,13,21,6,11,12,11,11,14,3,6,28,19,,24,22,15,17,13,17,11,,11,,16,11,15,14,9,8,11,21,21,14,18,21,21,,19,13,10,11,12,13,7,14,10,8,4,7,2,4,6,,3,,,4,7,7,6,4,4,11,13,11,6,6,6,10,4,15,51,12,22,7,2,2,5,13,16,9,16,14,13,12,15,15,66,28,30,22,10,6,16,11,21,,,17,6,11,7,6,3,10,10,6,8,9,26,7,8,,16,21,10,18,28,25,22,23,35,28,32,15,14,70,54,13,14,20,16,17,32,19,21,25,25,23,16,6,4,,10,,31,35,45,42,3,7,9,6,6,10,11,8,30,23,12,20,22,29,17,14,26,23,43,17,19,19,16,15,14,11,13,14,11,15,15,9,22,12,13,16,16,4,3,15,12,23,,3,5,8,6,6,11,4,4,12,10,15,6,7,7,9,10,9,10,,10,4,2,,,24,20,26,15,10,5,8,12,10,12,9,,14,12,38,51,27,33,28,28,79,56,72,26,71,179,,198,175,62,44,,70,46,65,53,39,53,,78,6,11,5,34,25,16,5,,7,29,13,19,,,16,6,45,30,11,10,9,53,43,41,52,40,64,72,53,67,54,,49,44,176,63,168,157,62,50,60,40,32,74,64,75,62,21,13,23,23,44,45,36,13,36,44,12,26,20,36,,16,27,21,13,13,12,8,14,16,14,18,21,15,36,8,16,17,14,45,52,46,15,7,18,31,16,14,5,,22,5,7,23,16,8,9,17,10,20,6,16,7,7,20,6,20,9,5,7,3,22,1,13,4,,12,19,8,16,11,18,3,10,12,16,,25,20,20,25,16,2,4,7,6,2,11,9,13,19,2,10,14,12,11,10,9,8,6,9,8,4,4,5,17,5,6,23,12,16,16,23,17,4,8,9,14,23,19,18,28,4,3,9,9,2,10,7,18,13,16,11,17,13,18,6,7,7,7,4,9,17,22,14,5,7,9,,15,,8,11,,16,10,14,,15,9,12,8,13,10,8,8,9,7,9,11,12,5,10,10,9,7,4,6,8,5,11,20,18,19,15,14,13,7,4,2,4,12,21,12,,7,8,,4,2,2,4,2,5,7,3,7,4,6,16,14,8,9,7,7,13,10,12,17,5,4,3,11,1,11,7,7,14,4,9,3,17,5,3,4,1,3,4,2,5,3,9,3,5,9,5,3,3,8,5,7,5,6,6,12,12,12,2,6,7,4,3,6,9,18,26,2,3,4,5,10,8,6,5,6,15,21,16,10,12,8,10,7,8,10,9,19,6,19,9,2,4,5,6,4,16,19,14,,16,17,10,12,12,17,19,3,8,11,,5,8,,6,6,8,6,8,8,17,8,,20,11,9,10,13,16,11,26,41,31,16,,,,,2,9,10,10,6,2,7,,56,12,8,17,44,14,12,8,8,5,11,20,21,12,,9,10,7,6,8,,4,9,16,15,10,11,20,11,7,8,4,5,17,9,5,,8,,5,4,13,13,11,17,16,32,27,21,11,21,23,15,,,8,,46,25,14,13,13,12,17,20,12,10,19,40,18,56,49,4,,30,28,10,,41,17,11,29,56,21,14,13,16,8,15,6,14,16,11,21,26,16,11,5,14,10,10,12,18,18,4,14,,27,24,36,41,50,37,4,13,13,11,13,11,36,5,35,12,12,8,12,35,203,66,102,35,5,9,10,12,10,25,7,19,18,10,9,9,24,24,34,25,74,62,11,6,4,5,6,12,7,4,17,40,69,73,32,8,18,9,8,13,12,14,6,9,50,20,26,12,18,12,15,16,130,,12,10,25,7,28,10,12,7,24,14,25,8,19,17,3,3,16,15,30,18,33,24,5,42,14,10,18,39,33,43,10,29,22,34,9,22,6,3,3,6,7
20171215,18,NO2,16,7,20,26,28,19,20,36,8,24,22,18,,,33,,38,37,39,,38,60,44,,29,27,,85,101,95,111,89,87,46,54,65,63,60,63,63,41,76,74,,66,88,,78,,106,99,88,88,101,98,8,,29,12,9,18,31,5,12,19,20,20,,24,58,49,48,74,71,64,84,82,84,80,41,,10,26,34,47,33,24,17,16,29,20,2,24,18,12,22,9,49,73,,51,56,53,59,57,,34,22,29,37,32,28,26,14,30,31,28,63,57,60,56,65,32,25,64,54,22,63,60,69,,49,42,58,58,57,75,55,99,47,51,51,49,50,34,48,31,64,53,,38,61,66,54,46,53,49,62,49,53,,39,59,44,72,61,26,28,36,38,34,56,,,,59,52,,55,60,50,,48,35,34,,66,59,61,70,68,63,54,42,41,,,,37,42,,40,38,35,39,52,,50,55,54,,64,54,28,38,,37,,45,58,56,69,85,37,70,67,71,84,68,53,76,72,79,80,33,31,,59,,40,66,59,64,50,75,48,,,43,,60,67,,54,54,47,14,14,7,,53,59,52,57,48,40,42,43,33,36,27,38,28,,53,,42,39,40,,41,,53,47,8,49,,29,,23,31,41,43,19,,18,63,64,70,46,48,61,65,73,62,61,60,85,58,75,62,64,67,67,77,71,70,60,71,67,75,68,35,42,46,56,39,68,,43,50,26,36,32,31,31,46,36,43,43,34,32,51,45,,52,43,59,45,40,37,44,36,74,52,103,102,28,59,81,13,16,36,47,92,94,98,95,43,32,46,49,55,44,42,40,77,67,79,99,52,52,54,47,46,51,45,55,59,35,37,37,43,49,28,32,29,37,37,39,48,33,22,36,42,44,6,32,22,27,31,38,,58,73,56,57,61,51,51,,,64,64,74,54,48,,59,52,71,71,,,58,23,26,41,37,19,39,35,40,41,43,23,32,6,31,33,31,28,10,17,7,6,14,5,72,87,114,66,,61,,51,87,71,93,58,70,10,26,8,23,38,43,,60,42,28,,,,42,41,51,58,22,42,41,,16,31,35,30,44,36,42,44,40,47,47,20,35,29,22,15,18,21,26,23,13,27,17,10,15,13,36,66,38,51,30,43,32,44,57,86,11,59,60,55,85,,38,38,24,,64,,65,70,68,68,64,,49,,,58,72,81,72,64,88,69,71,,84,41,47,36,30,26,6,24,26,19,23,,53,,69,,62,51,61,58,39,63,57,55,58,64,11,13,22,83,82,83,,35,40,37,29,39,46,49,25,37,34,37,29,31,36,34,23,29,35,18,17,23,22,20,39,17,25,17,29,25,25,50,42,38,30,25,,35,31,,39,45,,36,32,23,29,12,,,50,51,44,18,,19,15,9,29,55,103,,71,59,,16,17,17,4,3,95,69,83,88,,22,12,12,26,,27,41,46,55,71,25,22,41,51,64,56,32,55,51,40,43,42,58,54,66,31,68,68,47,29,25,31,28,19,,16,43,53,62,25,51,30,42,28,23,23,29,41,38,69,,56,58,61,48,56,46,54,59,58,31,32,,45,37,39,35,17,105,110,,101,62,90,102,58,64,,,76,,56,,58,68,70,72,62,62,63,73,64,50,18,,20,,58,61,52,56,65,43,47,34,24,28,29,16,16,,42,,,9,50,,14,6,19,37,,27,19,22,16,22,11,26,21,20,25,18,10,15,15,70,42,35,50,33,46,45,61,26,45,36,69,55,31,44,44,53,43,,,61,26,39,49,39,,21,26,36,59,30,43,36,45,,36,36,28,83,74,62,53,64,73,52,69,,41,35,24,19,25,73,88,53,78,55,,64,97,94,76,8,8,,22,,23,10,33,15,27,24,5,39,10,29,,14,73,77,52,58,70,69,82,56,55,76,62,37,,58,7,8,20,20,27,30,32,38,39,27,22,32,43,38,38,39,41,44,41,44,,,36,30,24,51,,32,52,66,64,29,31,27,31,22,23,55,62,,63,67,60,,,18,39,,29,46,39,39,39,35,35,37,,31,21,64,69,60,68,40,20,20,30,18,19,34,23,,33,38,29,20,,32,16,21,14,8,23,,23,11,11,,26,34,10,49,,13,16,16,13,,,21,7,23,16,14,18,11,29,25,8,18,34,52,58,49,62,33,,46,53,40,61,57,33,16,62,61,27,41,45,23,25,10,51,20,50,,,30,18,62,63,39,32,60,69,67,,60,38,50,18,72,64,8,34,47,45,58,26,79,22,19,19,19,19,38,31,42,13,56,51,30,51,37,54,,34,29,27,33,18,42,55,54,60,63,39,32,53,48,41,30,20,39,40,33,44,41,32,61,50,,43,71,62,66,39,38,33,33,27,49,,34,46,57,49,24,36,16,34,26,12,42,51,42,26,3,23,21,46,44,48,40,47,44,45,45,19,15,29,37,41,36,25,38,32,24,36,38,28,25,32,41,,25,44,40,26,35,40,42,43,30,33,31,41,37,33,23,35,34,29,35,33,34,34,,29,26,24,89,73,83,,69,,74,58,,60,57,68,,82,69,58,61,65,50,86,68,76,48,65,62,44,55,65,56,44,24,36,53,34,41,20,71,85,88,60,71,86,79,43,31,24,67,64,,,38,30,,31,55,47,40,27,39,39,31,39,30,28,35,41,33,48,37,19,,28,30,30,15,32,,14,25,40,36,36,34,37,36,46,34,22,40,11,17,15,19,15,10,15,28,27,17,3,30,,35,24,28,45,27,22,26,15,12,24,20,25,26,22,19,32,31,28,21,28,20,13,29,37,21,18,19,20,10,39,50,20,59,62,46,34,40,9,25,57,31,52,39,28,32,63,65,46,18,40,45,,39,63,80,70,72,72,15,58,39,33,,52,45,,21,48,41,43,44,12,56,44,,14,15,30,15,18,19,60,60,56,67,31,,,,,,28,52,31,22,20,35,,20,12,9,17,19,,34,21,12,10,33,23,10,10,,11,20,23,27,11,,13,14,29,23,18,29,9,10,10,8,2,19,6,2,6,,2,,14,16,25,47,53,62,30,43,37,35,45,47,57,28,,,7,,25,48,20,9,11,5,16,16,15,14,12,36,23,21,21,16,,27,46,26,,48,27,12,9,7,26,7,,13,12,16,10,,16,22,49,59,26,42,4,21,17,16,16,48,50,14,,,32,13,14,50,50,44,9,5,53,29,32,25,37,50,45,44,37,47,32,89,41,22,40,33,46,37,43,66,37,27,40,69,65,53,54,39,18,17,18,37,37,59,40,55,22,32,56,22,67,68,30,13,48,35,32,29,51,63,39,68,46,43,26,30,75,40,54,38,71,69,55,53,19,,56,50,108,30,43,41,42,,23,17,82,13,54,37,34,17,41,88,50,17,10,61,41,58,21,45,33,32,32,38,2,35,19,70,72,86,27,46,46,,64
20171215,18,NO2_24h,47,30,47,48,54,47,51,58,48,42,50,52,,,50,,49,54,50,,51,54,50,,55,47,,71,71,69,76,60,67,55,59,57,62,62,60,63,61,62,73,,70,60,,53,61,80,73,68,65,75,79,23,,27,24,26,42,51,41,47,38,52,55,,50,49,50,51,48,49,46,61,59,64,60,70,,64,67,68,66,66,63,76,16,22,24,24,26,20,14,17,49,63,66,,51,68,65,68,63,,60,44,34,38,39,27,37,19,54,42,35,51,47,53,47,52,28,33,49,38,36,56,62,37,,70,71,77,71,69,39,51,71,50,48,54,50,52,51,53,29,50,39,47,34,55,47,42,42,44,43,50,50,57,53,41,61,43,69,57,34,36,38,40,41,53,,,,57,49,,51,55,59,,39,28,26,,50,58,46,52,54,52,52,39,54,,,,46,40,,23,31,35,26,31,,36,42,36,42,42,43,32,46,,42,,44,46,52,58,77,32,63,55,59,72,60,48,64,53,57,62,57,56,,58,64,52,55,48,62,49,59,48,,,47,,58,61,,34,34,37,12,9,13,,52,52,38,40,35,28,32,42,37,32,27,21,32,27,49,46,40,27,31,,41,,52,38,9,27,,31,,27,32,39,44,27,,19,60,53,59,64,54,69,65,55,61,67,64,82,67,95,83,66,64,57,63,57,55,49,58,54,63,50,28,29,33,38,30,44,,30,30,25,30,31,32,31,40,37,40,40,32,32,52,45,,48,42,55,38,41,32,44,26,41,30,39,41,21,34,55,10,23,23,41,66,66,63,73,45,37,47,48,59,49,45,40,66,58,62,72,57,56,55,52,37,45,40,42,48,28,26,27,31,38,39,34,40,38,32,37,41,26,20,38,37,41,6,7,8,9,12,28,,44,46,38,51,42,48,43,,,39,52,46,42,48,,40,42,53,41,,,49,24,21,30,31,13,30,27,31,28,31,44,39,15,40,41,45,48,36,65,42,25,35,37,68,74,76,71,36,59,68,60,62,62,62,62,66,48,50,20,61,64,45,,59,26,23,,,,41,45,54,53,37,49,38,,24,39,33,33,42,39,36,38,34,38,38,15,33,29,31,13,17,11,12,14,13,27,26,20,20,24,40,54,41,45,23,28,30,38,55,61,42,53,38,38,49,19,25,33,12,,61,,56,58,60,54,48,,51,22,,46,65,73,64,65,82,58,64,65,83,46,62,40,26,20,42,51,51,50,50,,37,,49,,47,49,55,55,44,50,60,51,45,50,28,38,33,60,53,55,,29,34,29,26,34,29,22,15,32,26,36,29,30,32,31,24,31,34,23,21,24,31,26,35,16,23,17,28,24,22,44,41,39,34,29,,36,29,,39,40,41,31,35,26,35,17,,,50,49,45,13,,19,15,18,19,32,51,,38,39,,43,50,48,34,42,75,70,60,70,65,58,33,28,55,,55,53,54,50,63,51,44,54,58,43,49,36,64,52,46,46,54,51,42,53,51,52,48,45,45,32,49,47,39,,16,39,40,43,32,34,30,45,41,42,24,30,49,46,85,53,50,47,55,45,41,35,39,41,33,32,32,27,39,29,39,31,9,53,57,,55,33,47,50,52,56,54,,60,,51,55,53,46,50,56,44,49,48,45,43,45,44,,42,33,48,44,39,41,44,42,37,27,21,23,25,15,14,,36,,,18,33,30,16,11,19,36,21,30,20,22,17,21,10,29,23,22,26,16,10,11,28,42,37,31,33,39,41,37,45,31,68,45,71,43,32,39,30,44,37,,,50,31,41,45,38,19,22,26,35,34,29,36,29,33,,28,32,21,69,60,66,58,34,45,47,39,32,45,50,50,52,44,54,59,52,47,50,52,65,59,61,78,10,11,,24,,29,29,22,25,28,21,6,37,19,32,39,31,45,55,51,53,65,62,77,53,58,75,50,41,44,51,19,38,40,42,45,52,32,29,39,45,33,31,47,83,47,40,38,40,35,40,,,32,33,23,40,69,36,42,43,47,39,37,46,109,22,17,52,58,,48,50,46,,,42,35,48,31,44,32,45,44,45,43,44,,34,31,52,53,39,57,39,26,35,46,30,13,47,71,,63,65,51,43,,45,43,53,49,46,35,,40,13,14,9,20,28,13,28,,16,20,17,12,,,15,5,22,17,13,11,7,33,36,29,32,35,60,73,57,54,38,,54,64,41,49,53,45,58,64,45,51,46,57,49,52,48,29,17,47,27,37,51,29,35,57,45,13,41,44,60,,35,27,37,14,42,33,6,31,41,32,50,22,69,48,43,13,15,25,55,60,45,8,28,27,31,48,21,40,,35,25,28,35,17,47,45,55,58,54,47,45,55,52,36,25,37,35,26,20,19,30,28,37,34,,35,51,43,50,32,30,23,21,36,43,,30,44,64,56,34,22,8,31,20,7,24,26,28,21,3,19,21,23,26,28,32,39,36,37,35,8,9,10,24,25,33,18,32,26,19,34,31,31,31,36,33,39,16,34,33,25,34,33,36,42,27,32,29,38,33,29,24,32,32,18,27,24,26,23,37,26,25,16,71,54,59,,47,,51,52,,55,52,48,,54,52,42,41,48,30,52,42,52,38,54,54,40,42,56,50,41,24,34,46,35,32,22,50,50,51,44,48,61,51,35,21,16,48,53,50,,30,30,,19,45,42,38,24,24,27,27,37,31,28,30,36,29,43,32,22,28,28,27,31,26,41,30,23,27,36,29,28,29,28,36,47,28,20,23,12,14,15,15,13,13,18,31,26,20,4,27,23,28,19,24,32,24,20,23,13,15,24,13,17,21,17,14,21,24,24,18,27,19,12,19,20,13,15,11,12,19,33,36,32,33,29,32,29,23,12,24,38,27,39,34,27,34,43,51,36,20,27,29,,28,46,68,51,55,56,28,16,19,27,,34,36,,22,55,22,32,26,15,18,22,,22,17,30,28,44,37,36,34,29,43,18,,,,,5,21,30,23,16,14,29,,19,15,15,21,26,4,28,20,20,20,18,15,24,16,,9,9,16,18,25,,16,17,33,29,24,32,8,16,29,15,10,22,44,24,15,,8,,9,13,27,41,45,38,24,37,30,30,25,34,35,35,,,10,,46,55,22,15,13,10,28,24,24,28,22,31,20,35,49,27,,36,40,27,,35,22,27,20,19,24,12,23,25,12,21,12,36,20,30,71,72,30,58,4,30,20,9,27,54,50,31,33,,53,39,46,48,50,46,8,4,38,29,35,29,55,34,34,43,57,55,50,67,71,43,42,58,43,32,70,59,38,18,26,50,45,52,44,32,30,28,27,38,58,61,28,46,17,30,52,50,40,50,48,20,41,34,38,15,51,52,23,58,49,54,34,33,68,45,52,48,59,54,42,50,49,,52,47,64,32,39,35,36,19,12,17,54,10,49,44,33,16,59,60,44,45,19,62,15,53,25,55,24,28,25,30,22,44,22,69,48,67,31,34,39,32,51
20171215,18,O3,54,67,30,47,45,54,60,42,63,44,50,53,,,46,,43,50,40,,35,19,34,,39,43,,11,3,6,5,2,,41,32,20,27,,24,31,,13,23,,20,2,,4,,15,5,15,16,13,8,71,,51,68,73,57,,67,67,47,,58,,50,21,29,33,8,11,16,8,4,9,5,41,,75,66,53,23,43,52,58,61,53,67,60,58,67,63,47,47,13,6,,18,18,13,9,10,,32,61,48,44,49,42,60,61,51,46,67,17,13,6,11,8,34,43,15,27,52,41,18,32,,35,42,25,20,24,53,22,51,45,40,43,46,40,46,48,58,29,35,9,31,22,11,19,25,27,24,25,29,25,10,14,22,16,28,33,44,51,38,42,40,3,,,,3,4,,5,2,9,,16,19,31,,5,21,8,7,9,19,18,32,34,,,,32,26,,25,32,17,22,2,,26,13,10,7,8,9,46,38,,30,,7,2,8,5,10,25,5,1,2,2,2,6,4,4,8,12,54,55,,23,28,29,12,5,6,13,8,20,,,24,,11,9,,8,2,10,80,75,72,,3,2,2,6,8,5,9,25,8,14,25,5,28,15,38,22,18,6,30,,28,,14,12,43,63,,12,,21,18,5,10,32,,16,17,17,3,20,22,24,23,10,25,5,12,4,19,20,17,8,6,4,9,5,3,7,6,7,4,5,23,10,11,8,15,16,,7,14,34,6,21,8,23,9,12,15,19,13,16,3,4,,4,6,5,6,4,4,4,10,57,61,57,16,92,80,62,82,97,76,78,63,61,46,35,2,4,,2,2,10,10,8,2,4,6,3,3,3,6,2,6,8,7,6,1,53,46,44,65,72,17,9,11,7,8,14,7,12,28,17,7,11,80,104,61,71,68,17,,12,7,15,6,3,4,6,,,6,6,5,9,8,,39,63,43,24,,,59,63,18,14,15,17,10,6,12,8,7,85,74,102,78,80,75,69,95,90,101,83,96,103,50,41,14,57,50,46,60,34,37,39,21,47,36,82,70,84,80,71,87,,,71,44,,,,50,38,15,11,40,28,18,,45,25,15,,16,21,7,,9,4,6,49,11,20,37,60,68,56,59,53,59,64,61,67,73,66,57,32,43,28,43,31,36,34,29,13,58,31,16,30,13,52,,36,59,,7,,5,2,8,3,11,,22,,,16,17,17,13,12,4,3,20,2,,18,7,8,,27,75,58,51,67,57,,18,,16,,15,8,9,4,32,,16,5,5,6,66,70,57,4,10,7,,5,6,5,6,5,67,60,80,63,80,83,18,15,14,15,14,18,17,17,19,13,20,,12,89,87,87,16,15,14,30,31,23,12,14,,80,90,,79,51,47,109,5,6,5,65,,,8,7,6,68,,46,58,69,37,67,53,,62,60,,62,61,60,62,62,14,28,7,22,11,77,45,46,42,,44,33,29,8,25,44,32,29,30,16,15,41,16,20,,27,30,4,10,14,43,23,11,29,51,50,48,57,67,,68,24,12,17,36,8,31,31,48,54,46,39,20,24,19,,6,7,8,13,10,14,16,8,22,2,8,3,13,7,3,7,11,5,8,,11,13,4,4,10,14,18,,,,1,1,3,2,4,3,6,30,29,17,24,42,56,,74,9,8,8,9,11,6,27,24,10,13,22,15,29,9,,19,,,34,14,24,42,56,18,12,,17,18,27,27,24,32,34,47,32,30,18,60,60,78,33,59,64,20,34,19,24,26,36,66,80,66,46,18,14,9,4,57,,,61,73,60,54,63,,71,85,76,61,66,29,8,5,,5,9,7,32,34,47,56,44,33,76,35,81,,67,78,78,72,27,26,58,21,52,30,31,8,13,,69,68,,59,,58,80,48,68,33,26,28,28,45,47,62,71,17,10,4,5,6,4,6,11,17,16,17,24,13,8,62,64,37,,50,40,47,54,46,59,,24,29,36,41,32,35,,29,35,,,50,58,42,15,,30,24,5,7,48,30,39,21,47,46,37,28,,47,,1,,,58,28,11,53,55,52,50,45,48,45,48,,49,72,49,34,46,50,70,80,53,57,48,54,52,82,,42,41,57,56,,59,69,57,66,58,57,,63,69,72,76,29,22,53,8,,73,48,77,74,,,43,56,43,55,78,73,74,41,39,57,50,37,25,25,16,9,25,,18,23,22,26,20,40,27,30,13,,32,41,56,55,58,13,31,26,16,73,71,71,16,28,33,36,16,8,7,,,39,23,66,3,11,41,38,24,27,14,58,16,46,47,38,39,43,63,,27,40,17,18,18,27,14,22,,25,17,22,22,18,9,3,11,20,6,19,14,20,12,43,29,23,39,22,40,14,48,43,35,4,,12,9,15,19,27,24,20,12,51,46,,28,38,52,48,42,43,50,56,64,59,2,3,6,13,42,32,37,9,8,8,6,7,2,2,1,6,1,2,2,5,9,2,2,3,14,12,3,1,5,2,4,2,3,3,5,25,20,45,13,12,33,10,9,10,8,6,6,6,7,4,6,6,5,5,1,6,3,7,11,14,8,,6,,6,8,,12,6,6,,6,22,30,15,20,14,17,15,23,35,23,30,,19,35,36,33,1,1,1,2,,83,35,20,15,16,7,8,9,2,5,11,17,21,18,,36,42,,6,2,3,4,3,59,54,58,17,22,16,6,4,6,8,11,30,,30,23,29,39,32,32,68,35,22,10,4,7,2,29,14,19,26,,41,37,40,32,37,45,32,34,25,41,19,33,14,8,16,9,,21,23,22,33,40,21,16,9,10,14,20,14,11,23,18,9,4,37,40,34,22,22,22,19,91,56,48,76,40,25,62,60,22,41,37,29,32,29,41,33,66,26,27,31,55,30,25,,25,47,31,26,46,70,65,58,53,81,,34,46,,59,55,42,35,54,60,12,26,,43,76,59,63,71,66,22,23,32,48,48,,,,,57,41,18,36,5,18,17,,27,80,87,37,46,85,86,79,79,77,61,65,75,70,,62,55,44,26,75,,84,91,76,76,45,64,91,92,73,81,94,89,82,90,61,,69,,55,61,58,47,38,53,51,45,44,49,23,18,15,80,,,71,,74,65,74,78,67,69,94,81,69,68,81,60,38,69,64,86,,73,59,74,,79,77,87,108,76,77,58,48,55,74,72,76,,86,57,35,29,36,,80,42,38,35,34,68,39,58,88,,74,74,89,17,11,26,55,17,94,32,37,40,65,45,57,3,36,25,41,2,47,57,39,47,25,37,51,7,20,23,28,13,24,32,49,13,68,63,65,56,23,9,38,16,74,51,14,55,32,1,42,57,29,45,56,,,6,21,,31,39,39,7,12,20,6,41,16,5,23,7,66,,21,5,19,10,88,20,31,50,60,43,5,59,38,59,14,18,31,4,44,62,45,4,8,4,99,44,26,33,32,29,65,69,61,20,7,8,57,9,16,17,17
20171215,18,O3_24h,63,69,40,57,58,62,74,77,68,57,61,63,,,62,,63,66,69,,55,77,69,,70,57,,23,15,17,16,12,11,46,70,73,70,72,67,71,48,50,41,,36,28,,32,17,51,38,38,43,42,37,73,,81,77,83,65,60,72,69,67,66,66,,60,57,65,63,30,37,35,28,22,23,23,54,,75,77,56,53,51,63,58,70,71,72,76,70,76,72,63,59,46,61,,66,67,49,34,48,,66,75,64,68,66,64,74,69,66,63,78,50,53,17,40,41,69,70,57,66,70,92,78,81,,61,67,35,43,52,103,86,72,57,59,58,62,63,46,65,74,67,72,25,40,30,31,34,29,41,38,39,39,31,26,28,34,27,43,56,60,60,55,56,62,37,,,,8,14,,14,14,18,,36,42,53,,29,33,31,40,32,39,34,52,34,,,,32,47,,46,49,39,51,54,,50,95,30,52,27,24,59,46,,46,,18,26,23,22,11,40,9,10,5,5,9,10,38,38,51,28,54,55,,29,40,29,24,22,8,31,34,33,,,36,,37,30,,39,54,40,81,84,72,,12,16,27,35,33,14,22,35,20,20,28,36,28,29,50,27,23,32,65,,53,,51,38,49,69,,21,,30,38,23,29,36,,37,21,27,10,20,36,24,26,24,45,8,12,5,20,20,26,35,30,20,24,20,19,18,22,36,16,21,24,20,15,19,18,36,,18,23,34,13,24,13,25,16,15,16,25,17,18,12,24,,14,35,24,19,19,27,21,27,92,92,90,69,120,128,68,94,122,84,109,84,69,105,77,14,15,11,21,24,11,17,17,45,52,59,53,42,40,37,44,77,72,54,84,90,86,96,90,97,117,17,32,11,30,21,19,16,23,34,25,17,21,80,110,65,74,76,52,,39,45,38,34,50,25,26,,,51,29,47,30,26,,61,78,68,60,,,63,68,33,30,28,34,26,16,25,16,25,103,80,102,100,100,90,86,95,93,102,83,98,103,84,75,56,88,71,99,86,88,88,79,96,75,70,91,79,85,90,85,91,,58,94,70,,,,77,52,23,23,47,38,42,,48,25,15,22,16,24,9,10,10,8,9,49,11,20,37,70,77,69,77,66,65,79,72,71,85,77,89,84,79,72,56,53,45,47,65,69,65,75,76,64,76,69,63,63,77,,19,,16,13,20,16,39,,41,40,,36,37,38,36,30,38,22,37,27,44,35,28,18,21,47,75,58,56,67,60,,45,,40,,32,38,34,49,32,34,16,44,60,68,66,70,57,34,39,33,,31,28,30,31,21,89,97,100,81,97,115,87,84,81,89,89,79,113,64,66,50,32,29,20,96,99,97,38,41,43,66,74,75,21,27,,95,112,,144,124,120,143,16,22,21,71,,,33,31,34,87,,60,71,79,60,105,97,,101,91,,62,61,61,63,62,54,65,69,47,50,98,54,52,63,,77,67,73,76,91,68,64,62,68,69,54,68,58,54,58,55,47,45,52,67,75,78,69,65,74,60,67,71,76,,84,60,48,62,53,61,54,42,64,60,63,61,47,47,50,45,16,23,16,23,29,28,32,29,118,23,29,30,40,32,43,96,95,47,78,,58,52,58,57,22,19,25,,10,,18,7,18,18,16,18,26,53,60,53,66,68,63,,82,46,11,15,30,17,27,40,41,17,15,25,25,33,20,,29,,,41,33,48,70,56,33,19,14,21,22,27,29,24,36,35,47,32,31,24,70,77,90,47,72,75,48,52,30,48,56,47,84,96,96,88,26,19,27,16,66,,,78,80,73,75,81,103,100,106,94,110,87,56,33,35,,28,49,63,60,86,69,85,94,86,94,80,95,25,83,91,79,97,76,88,89,83,88,87,73,69,72,63,84,80,,67,,70,85,75,75,52,44,36,60,52,58,76,235,38,33,20,27,24,28,29,36,21,29,183,25,38,28,63,64,37,1,50,40,53,66,46,59,27,25,34,36,50,38,52,,47,57,,,66,60,48,38,39,38,94,34,37,71,35,39,25,57,64,41,37,,72,4,8,,,63,197,12,61,55,52,50,50,57,48,56,,68,91,81,74,82,84,90,87,79,84,72,76,82,82,,43,44,75,65,,80,78,67,77,64,68,,67,74,78,79,49,46,65,36,,73,48,79,85,,,56,65,65,65,89,93,93,69,58,64,66,67,66,61,61,65,45,,54,43,69,70,65,77,51,58,57,62,72,41,62,68,59,51,57,47,64,81,73,77,55,44,44,68,84,54,30,,43,60,58,70,37,38,53,66,57,65,42,70,45,64,53,60,58,57,91,101,53,50,38,77,90,34,34,42,,28,24,26,31,21,20,36,24,39,16,53,28,26,13,61,41,31,55,27,43,40,54,44,99,26,,21,23,27,28,36,32,39,40,51,55,,45,52,68,52,94,68,70,78,76,72,33,37,37,38,84,45,50,31,38,37,32,23,22,14,26,25,26,32,35,30,14,3,5,4,17,24,22,14,13,10,14,27,27,22,20,34,28,54,23,21,46,25,22,18,32,32,29,25,25,24,19,21,20,25,25,23,17,19,15,16,12,,13,,10,12,,15,11,31,,34,44,51,35,36,45,51,54,53,54,72,70,72,66,55,58,54,11,8,11,8,9,95,55,50,62,28,24,37,36,19,24,28,35,35,35,,37,43,,26,13,12,9,14,59,58,65,25,31,17,12,6,7,11,16,37,25,36,24,34,39,32,195,68,35,26,13,8,12,6,30,14,22,26,10,44,42,40,35,37,45,32,34,33,41,43,33,33,28,32,19,19,36,36,41,33,41,26,40,27,23,27,23,23,17,30,26,16,10,56,52,51,28,27,42,33,94,73,74,84,79,64,65,89,42,51,48,48,56,57,59,48,81,58,58,49,59,52,48,,46,48,65,27,62,81,114,97,94,130,,64,66,,64,72,65,61,66,66,78,76,,45,76,79,70,74,76,53,43,57,73,58,,,,,57,49,51,48,16,33,31,,38,103,105,52,54,108,101,95,80,87,93,88,79,74,,71,68,69,54,90,,89,107,80,82,53,79,116,119,73,81,103,92,82,96,64,,74,,71,69,68,61,53,74,88,80,83,83,39,28,28,86,,,80,,89,96,86,81,84,77,101,89,74,72,89,81,56,85,68,90,,81,72,79,,102,80,94,129,91,83,67,53,57,82,82,82,66,96,64,35,38,57,63,98,51,45,58,48,87,53,126,95,,81,94,89,28,20,35,56,66,118,50,47,45,86,65,83,24,69,50,57,12,49,72,56,69,42,55,56,27,31,44,40,38,44,43,56,39,81,76,77,79,66,61,49,38,77,80,30,64,73,28,58,67,59,69,67,21,9,30,47,28,36,39,47,8,23,39,19,41,36,31,37,31,67,,55,11,62,18,147,47,48,66,82,55,35,69,68,84,38,36,62,10,52,62,54,14,45,15,104,52,50,48,53,46,71,89,76,43,38,34,65,28,22,29,28
20171215,18,O3_8h,60,65,35,53,54,58,69,62,63,53,58,59,,,54,,55,59,59,,46,51,53,,50,49,,16,9,11,5,7,7,39,56,57,55,59,54,58,41,39,35,,26,12,,16,,34,21,26,30,30,22,69,,69,70,75,60,53,70,67,62,58,61,,54,43,50,50,22,26,26,20,15,18,16,39,,49,45,43,38,38,47,34,65,65,68,68,63,67,66,56,55,35,42,,54,52,36,25,34,,56,62,52,52,52,45,59,56,55,49,65,38,39,12,31,30,57,62,42,55,62,70,48,59,,44,50,28,30,36,82,56,58,45,40,37,44,38,37,39,59,36,35,12,31,20,17,21,22,34,19,28,30,26,14,17,20,20,32,33,53,54,48,49,51,3,,,,4,5,,8,5,10,,26,32,43,,16,18,14,20,16,24,20,25,26,,,,24,39,,37,38,21,36,32,,37,33,17,17,18,13,45,37,,33,,12,13,13,6,10,31,5,2,3,4,4,6,5,6,6,12,29,27,,10,16,13,17,9,6,10,8,11,,,31,,21,18,,17,9,12,74,74,58,,8,11,11,17,19,7,10,22,15,12,22,25,21,19,38,17,12,23,31,,28,,26,17,48,64,,13,,19,17,7,10,20,,15,12,14,4,10,18,15,14,12,30,5,10,4,17,15,21,12,10,13,18,13,13,12,14,21,10,15,16,11,9,9,10,16,,9,17,24,9,18,10,22,12,13,14,21,14,15,8,13,,8,22,16,14,12,18,12,22,66,60,67,44,91,98,59,87,102,68,90,68,60,77,56,8,10,6,12,12,9,14,13,15,21,25,20,18,18,19,18,41,39,31,43,40,58,61,59,65,94,11,12,8,13,14,16,12,16,26,19,11,16,74,101,62,71,70,34,,17,17,24,10,5,5,16,,,18,11,10,20,10,,42,58,45,36,,,44,62,16,13,19,14,11,5,10,7,7,81,63,86,75,77,70,71,80,73,78,70,79,67,52,42,30,52,41,57,52,54,55,50,51,42,36,70,63,75,75,68,80,,46,79,54,,,,66,45,11,14,32,19,20,,26,19,11,18,13,18,8,9,9,6,7,39,10,18,27,64,70,64,70,61,60,72,66,68,79,70,79,71,69,61,46,36,39,40,55,54,56,63,61,53,56,61,54,45,70,,12,,11,7,13,10,28,,30,20,,18,29,29,28,14,17,6,18,10,23,19,6,8,9,28,42,28,28,33,30,,22,,20,,18,19,21,31,15,2,6,24,29,32,28,41,29,23,29,20,,11,11,9,10,8,75,80,80,64,82,87,31,26,27,30,23,28,72,36,38,27,22,21,14,84,86,83,24,27,27,53,59,58,17,18,,82,96,,102,92,87,117,11,12,12,60,,,17,17,18,81,,53,65,73,54,77,73,,77,67,,39,40,40,40,42,31,39,36,40,27,65,46,46,56,,65,57,59,48,64,60,52,52,57,56,43,59,48,43,50,46,39,32,40,51,61,62,50,55,63,52,56,61,68,,73,48,38,42,44,44,40,33,48,47,48,52,32,38,38,35,8,11,8,12,11,16,14,9,50,6,13,8,15,11,4,20,25,30,54,,35,30,36,32,12,12,17,,2,,8,4,9,10,11,11,16,35,41,36,42,45,46,,60,16,10,10,18,14,16,28,30,13,13,22,22,30,16,,23,,,36,24,36,46,43,21,15,11,18,14,24,24,21,27,24,38,21,20,19,63,69,62,31,53,56,34,36,25,33,36,36,55,68,66,63,21,14,19,11,56,,,63,56,48,52,55,79,68,82,72,79,66,30,8,6,,7,10,8,45,52,45,54,81,61,81,64,83,18,67,77,72,75,50,58,67,53,64,56,43,36,40,40,69,68,,62,,66,62,58,61,41,32,23,32,40,47,64,95,24,18,10,10,7,6,15,17,14,12,36,13,20,14,41,43,20,1,31,21,23,36,26,30,19,22,24,30,38,28,27,,31,41,,,43,47,40,20,30,30,47,18,14,50,31,34,19,52,57,33,28,,48,1,4,,,56,76,10,47,40,44,40,40,45,38,44,,51,71,60,55,58,61,66,70,71,76,63,62,75,38,,29,31,56,49,,60,58,55,61,53,55,,58,66,69,72,44,38,62,21,,70,43,73,81,,,49,45,56,59,80,78,79,62,53,61,61,59,53,50,46,46,40,,42,38,48,55,43,60,42,47,46,58,59,38,52,48,45,37,48,40,51,63,44,57,42,32,36,58,24,30,21,,7,42,19,65,16,22,48,50,42,48,29,64,25,45,42,49,48,49,76,73,44,44,24,51,23,27,27,23,,22,13,14,18,15,10,8,11,25,7,16,17,22,12,50,35,27,50,21,38,22,47,39,41,11,,13,14,22,19,23,20,19,11,42,40,,38,45,48,37,56,56,64,55,68,66,11,12,13,24,65,29,30,20,22,22,18,12,7,4,4,14,5,8,7,11,11,3,4,3,16,16,14,8,8,4,10,8,8,9,11,30,24,31,18,17,31,18,14,16,10,9,8,8,8,12,12,12,12,12,8,7,6,11,12,14,9,,9,,9,10,,13,8,17,,18,27,36,20,24,30,35,37,35,44,48,49,56,44,41,43,39,5,4,5,6,5,82,40,34,35,24,17,22,22,6,9,13,27,26,26,,30,35,,12,6,6,7,7,47,46,47,18,20,14,8,5,6,8,13,29,21,29,21,25,29,22,44,44,29,25,12,6,10,4,23,14,16,19,9,41,37,34,31,35,37,24,24,25,27,30,24,17,12,18,12,2,22,24,23,29,32,16,21,14,13,17,22,18,14,24,18,13,8,39,34,35,25,25,29,26,87,65,64,77,54,40,46,53,33,39,34,36,34,35,40,29,60,38,39,32,43,39,33,,33,42,37,20,46,71,53,65,55,82,,46,47,,48,55,56,40,50,56,47,53,,38,64,65,58,61,60,42,26,47,60,52,,,,,50,40,36,40,9,23,18,,25,82,80,38,40,88,90,86,72,78,75,71,74,68,,62,63,47,35,66,,77,89,59,58,34,56,83,94,57,70,75,74,64,78,52,,64,,58,58,49,45,37,49,74,64,68,69,23,21,20,76,,,75,,70,68,78,78,67,63,97,81,65,69,84,74,50,64,46,80,,67,54,65,,86,67,78,105,67,72,54,47,51,79,76,76,,92,61,24,25,43,48,84,43,37,42,34,60,35,63,73,,66,63,74,20,12,23,54,42,102,40,38,33,63,55,60,14,49,40,47,8,39,53,48,59,31,43,30,17,26,18,34,20,26,24,38,22,65,59,59,56,55,47,36,29,60,53,21,58,55,3,51,62,51,63,61,8,4,18,37,6,31,33,36,7,15,25,11,33,26,9,24,8,45,,44,8,43,14,110,27,32,58,75,49,24,63,44,67,15,30,52,8,44,23,49,5,32,6,96,43,37,37,39,34,58,69,68,33,12,20,38,19,16,20,18
20171215,18,O3_8h_24h,60,65,35,53,54,58,69,62,63,53,58,59,,,54,,55,59,59,,46,51,53,,50,49,,16,9,11,5,7,7,39,56,57,56,59,54,59,41,40,35,,26,12,,16,,34,21,26,30,30,22,69,,69,70,75,60,53,70,67,63,58,61,,54,43,50,50,22,26,26,21,15,18,16,39,,49,45,43,38,38,47,34,65,65,68,68,63,67,66,56,55,38,49,,58,55,38,28,36,,56,62,52,56,52,61,59,60,55,49,65,42,44,13,34,34,59,62,45,59,63,72,52,81,,44,50,28,30,36,90,57,58,47,50,45,55,49,37,54,66,56,64,25,31,25,30,34,24,34,38,28,30,26,19,21,25,20,34,39,53,54,48,49,51,3,,,,4,6,,10,6,14,,26,32,43,,27,25,23,36,24,28,27,32,26,,,,24,40,,41,39,29,44,44,,43,33,30,17,23,13,45,37,,33,,12,14,13,6,10,31,5,2,3,4,4,6,6,6,6,12,29,27,,10,16,13,18,22,7,20,8,11,,,31,,22,18,,34,30,24,80,82,63,,9,11,20,25,19,8,10,22,16,19,26,35,25,27,48,17,21,30,52,,53,,39,32,48,66,,14,,29,19,20,13,32,,21,13,14,4,10,18,15,14,12,35,5,10,5,17,15,21,19,10,13,18,13,14,12,14,22,11,17,22,16,11,16,14,24,,13,17,24,9,18,10,22,12,13,14,21,14,15,8,14,,8,22,16,16,12,19,12,23,87,80,75,62,91,98,59,87,102,68,90,68,60,77,56,8,11,6,12,12,9,14,13,15,21,26,20,19,18,19,18,42,40,32,44,40,58,61,59,65,94,11,13,8,15,14,16,12,20,30,19,11,16,74,101,62,71,70,45,,39,34,30,22,30,21,16,,,39,24,42,28,26,,42,58,45,36,,,44,62,24,26,20,28,22,14,23,10,22,81,63,86,75,77,70,71,80,73,78,70,79,67,52,42,30,52,41,57,52,54,55,50,51,42,36,70,63,76,75,68,80,,46,81,68,,,,68,45,11,14,32,19,20,,48,19,11,18,13,18,8,9,9,6,7,46,10,18,27,64,70,64,70,61,60,72,66,68,79,70,80,75,71,64,46,36,39,40,57,60,56,65,66,55,65,61,61,59,71,,13,,12,8,13,10,30,,30,20,,18,29,29,28,14,17,16,28,10,23,19,11,9,21,33,42,38,28,33,30,,22,,20,,18,22,21,32,23,26,6,25,30,33,46,43,42,23,30,22,,31,27,29,25,19,75,80,80,64,82,87,47,42,42,44,42,38,76,36,41,35,22,21,14,84,86,83,24,27,27,53,59,58,17,18,,82,96,,102,92,87,118,12,12,12,60,,,18,17,18,83,,53,65,73,56,77,73,,77,67,,39,40,40,40,42,31,39,37,41,28,65,46,46,56,,65,58,60,51,66,62,52,52,59,60,45,60,51,44,50,47,39,33,40,54,61,63,53,56,63,52,56,61,68,,75,50,42,47,44,50,40,33,48,47,48,53,32,38,38,35,12,15,13,18,26,26,30,26,71,13,16,18,20,18,6,21,88,30,54,,35,30,36,32,12,12,17,,2,,8,4,9,10,11,12,17,35,41,36,42,45,46,,60,34,10,10,19,14,17,28,30,13,13,22,22,30,16,,23,,,36,32,48,46,43,26,17,11,18,14,25,24,21,27,24,38,21,20,19,63,69,62,31,53,56,34,36,25,33,36,36,55,68,66,63,21,14,20,12,56,,,63,56,48,52,55,79,68,82,72,79,66,47,25,20,,24,38,40,45,52,45,54,81,61,81,64,83,18,67,77,72,75,50,58,67,53,64,56,43,36,40,40,72,68,,62,,67,80,70,70,41,32,28,53,40,53,64,215,24,18,18,27,7,6,16,27,14,12,36,13,20,14,41,43,20,1,37,26,44,53,36,30,25,22,26,30,40,32,43,,33,41,,,60,52,41,25,30,30,81,25,28,50,31,34,19,52,57,33,29,,54,3,8,,,56,76,10,47,40,44,40,40,45,38,44,,51,71,60,55,58,61,66,70,71,76,63,64,75,38,,29,31,56,49,,60,58,55,61,53,55,,58,66,69,72,46,40,63,35,,70,43,73,81,,,54,63,59,59,89,92,92,63,53,61,61,61,54,51,48,49,42,,44,38,48,55,43,60,47,50,51,58,63,38,52,48,45,39,48,42,57,63,44,57,46,32,36,59,58,54,21,,39,58,54,66,31,36,48,50,43,48,29,65,25,45,42,60,57,56,76,73,46,46,31,60,50,27,32,42,,22,23,22,25,18,10,15,11,32,7,53,26,22,12,52,37,27,50,24,38,33,47,39,70,13,,13,18,22,24,35,25,32,31,42,40,,38,45,58,40,57,66,65,55,68,68,32,35,34,27,82,36,37,26,25,27,27,17,12,11,26,24,24,31,33,30,11,3,4,3,16,20,16,9,8,6,10,13,13,13,13,30,25,31,18,17,35,18,14,16,20,22,20,18,19,16,15,15,14,18,13,12,10,14,12,14,9,,10,,9,10,,13,8,17,,18,27,36,20,24,30,35,37,35,44,48,49,56,44,41,43,39,9,7,6,7,8,82,40,34,35,24,18,22,23,18,23,27,27,26,26,,30,35,,24,7,7,7,7,47,46,47,18,20,14,8,5,6,8,13,29,21,29,21,25,29,22,44,44,29,25,12,6,10,4,23,14,16,19,9,41,37,34,31,35,37,24,24,25,27,30,24,20,19,22,12,4,36,34,39,29,32,16,23,17,13,19,22,22,15,24,18,14,9,39,34,35,25,25,29,27,87,65,64,77,54,40,46,53,33,39,34,36,34,35,40,29,60,38,39,32,44,39,33,,33,42,37,20,54,71,84,74,55,108,,46,47,,48,55,56,40,50,56,47,53,,38,64,65,58,61,60,45,28,48,60,52,,,,,50,40,36,40,9,23,23,,36,82,80,38,44,92,100,95,72,79,75,71,74,68,,62,63,47,38,66,,77,89,59,58,34,56,83,94,57,70,75,74,64,78,52,,69,,69,63,49,45,37,49,74,64,68,69,28,21,20,76,,,75,,70,68,78,78,69,72,97,81,65,69,84,75,52,64,46,80,,67,54,65,,92,67,78,105,67,82,58,47,51,80,77,80,36,92,61,24,25,43,48,85,43,40,55,34,60,35,63,75,,66,63,74,20,12,23,54,65,110,40,38,33,63,58,60,14,49,40,47,8,39,53,48,59,31,43,30,17,26,37,34,20,26,24,38,24,65,59,59,56,56,50,36,30,60,53,23,58,55,7,51,62,52,65,61,21,5,20,38,6,31,33,36,7,16,25,11,33,26,30,35,25,45,,44,8,43,15,110,33,32,61,77,53,25,63,44,67,18,33,52,8,45,23,49,5,40,6,96,43,37,37,39,34,58,69,68,33,38,20,38,19,16,20,18
20171215,18,CO,0.3,0.3,0.2,0.4,0.3,0.3,0.2,0.2,0.3,0.4,0.3,0.5,,,0.6,,0.1,0.5,0.3,,0.9,0.4,0.6,,0.4,0.4,,1.5,2,2.2,1.9,1.9,1.4,1.1,0.6,1.4,0.7,0.9,1,0.7,2,1.9,1.5,,1.8,2.3,,2.3,,2.2,1.7,2.4,2.4,2.5,1.9,,,0.2,0.6,0.7,0.2,0.4,0.2,0.7,0.5,0.2,0.2,,,0.9,0.6,0.6,1.7,1.7,1.5,2.4,3.6,3.1,2.3,0.4,,0.6,0.8,0.5,1.1,0.4,0.5,,0.8,0.7,0.5,0.6,0.6,0.6,0.3,1,0.3,0.6,1,,1.2,0.5,0.9,0.6,0.6,,0.6,0.4,0.6,1,0.8,0.8,0.9,0.7,,0.8,0.5,1,1,1.3,0.4,0.5,0.6,1.7,0.8,0.7,0.5,1.1,,1.6,,1,0.9,0.8,0.9,1,1.4,1.3,3.7,0.4,0.9,0.7,0.6,0.8,0.5,0.9,0.6,0.7,0.5,0.5,0.7,0.2,0.9,0.7,0.8,1.7,0.2,0.6,0.9,0.9,1.1,0.7,0.8,0.6,0.4,,0.8,0.7,1,0.9,0.7,1.1,,,,1.2,1.3,,1.7,1.1,1.1,,0.8,0.5,0.6,,1,1.2,1.6,1.3,1.6,1.1,1.3,1,1.1,,,,0.9,0.8,,0.4,0.5,0.5,1.1,1.2,,0.8,1.2,1.5,1.3,1,1.4,1.2,0.8,,1,,1,1.8,1.1,1.3,0.9,0.7,0.8,1.1,1.1,1,1,0.8,0.8,0.7,1,0.8,0.5,0.6,,0.6,0.8,0.7,0.7,0.7,0.7,0.8,0.7,1,,,0.8,,0.9,0.8,,1,0.9,1,0.7,0.7,0.7,,1.3,0.8,0.8,0.7,0.8,1,1,0.8,0.6,0.6,1.1,0.8,0.7,0.7,0.6,0.8,0.4,0.6,0.6,,0.7,,0.7,0.7,0.2,0.5,,0.8,,0.9,1,0.8,1,0.8,,1.4,1.1,1.3,1.1,0.9,0.9,0.9,0.8,1.5,1.5,1.3,1.1,1.3,1.3,1.2,1.2,1.4,1.6,2.8,3.1,3.5,3.7,3.7,3.1,3.3,2.8,3.8,0.8,1,1.2,1,0.8,1.2,,0.9,1.1,1.3,1.3,0.9,0.8,1,1.1,1.1,1.1,1.1,1.1,0.7,1.5,1.5,,,1.1,1.3,0.9,1.4,1.2,1.2,1.1,0.8,0.9,1.3,1.2,,0.6,1,0.7,0.6,0.6,0.8,1,1,1.1,1.2,0.9,1.3,1.1,1.4,1.2,1,1,1,1.6,1.3,1.1,1.5,1.1,1.2,1,1.1,1.7,1.3,1.7,1.3,1.4,1.1,1.1,1.3,1.6,1.1,0.7,1.4,1.2,0.7,1,1.4,1.3,1.6,1.1,1,1.2,1.4,0.5,0.8,0.6,0.6,0.8,0.8,,1.2,1,0.8,1.3,1.1,1.1,0.8,,,1,1,1.1,0.8,1,,0.8,0.7,0.8,0.8,,,0.9,0.7,0.8,0.9,1,1,0.7,1,1,0.9,1.2,0.8,0.9,0.7,0.8,0.6,0.8,0.7,0.5,0.7,0.7,0.4,0.5,0.2,1.4,1.9,1.8,0.7,1.1,1.2,1.5,1.3,1.5,1.9,1.2,1.6,1.3,0.4,0.7,0.5,0.4,0.7,1.4,,1.2,1.6,0.4,,,,0.8,1,1,1.1,0.8,1.1,1.1,,1.6,0.8,1,1,1,1,0.9,0.9,0.9,1,1.1,0.9,0.8,0.9,0.6,0.4,0.5,0.4,1.1,0.5,0.3,,0.6,0.4,0.5,0.4,0.4,1.3,0.4,0.5,1.1,1.1,1.1,1.2,1,1,0.5,1.9,1.2,1.2,,0.4,0.7,0.7,0.6,,2.3,,,1.5,1.6,1.4,1.2,,1.1,,,1.3,1.6,1.2,1.7,1.9,2.2,2.3,2.4,2.2,1.9,1.2,0.5,0.9,1.2,0.8,0.4,0.7,0.3,0.6,0.5,,1.6,,1.6,,1.6,1.3,1.7,2.8,1.4,1.6,1.1,1.7,1.6,1.4,0.5,0.4,0.5,3,2.6,2.5,,1.1,1.1,1.2,1.4,1.2,1.1,1,0.7,1,0.7,0.9,1.2,1.2,1.4,1.1,1,1.4,1.2,1.9,1.4,1,0.9,1,0.9,0.9,0.9,0.7,1.1,0.9,1,1.1,1.6,1.5,,1.2,,0.9,1.1,,1.2,1.1,,1,1.1,1.3,0.8,0.6,,,3.1,2.2,2.8,1.1,,0.9,0.6,0.7,0.9,1.7,1.9,,1.8,1.6,,0.9,0.3,0.7,0.6,0.6,2.2,,2.2,3.1,2.2,0.8,0.6,0.9,0.2,,0.9,1.3,1.8,2.2,2.4,0.6,0.7,0.6,0.7,0.8,0.6,0.8,0.6,0.9,1.2,1.5,0.8,1.2,1.1,0.8,1,1.4,1,1,0.9,0.9,1.4,0.9,0.9,,0.7,1.1,1.2,1.9,0.8,1.6,1.2,0.8,1,1,0.8,1.1,0.8,1.2,0.6,,0.8,1.1,0.6,0.9,0.9,0.6,0.9,0.7,0.8,0.9,1.4,0.8,1.5,0.6,0.7,0.7,1,2.1,2.1,,2.6,1.8,2,2.1,2.2,2,2,,2.3,,2.5,2.4,2.4,3.2,3.5,2.7,2.4,1.6,1.7,1.9,1.9,1.3,0.7,,0.7,1.5,1.2,1.6,1.8,,1.2,1.6,1.4,1,1,1,1.3,1.2,1,,1,,,1.4,1.9,2,1.3,0.9,0.9,1.1,,1,1,1,1.4,1.1,0.9,1,1.1,1.3,1.1,1.2,0.6,0.5,0.8,1,0.9,1,1,0.8,1,0.8,1.2,1,2.3,1.6,1.3,1.2,0.7,1,1.4,0.4,0.9,,,0.7,0.8,0.7,0.9,0.7,0.7,1.1,0.8,0.8,0.8,0.7,1.3,0.8,1.1,,1.2,1.5,1.5,1.6,1.3,0.6,1,1.3,1.9,1.5,1.5,0.8,0.9,1.1,0.8,0.7,0.7,0.8,1.8,0.6,1.2,0.9,1.1,1.2,1.4,1,1,0.5,0.4,,0.6,,0.5,0.3,0.5,0.4,0.8,0.6,0.7,0.8,1.1,2.2,,0.7,1.6,2.1,1.6,1.7,1.7,1.5,1.5,1.5,1.6,1.4,1.4,1.1,2,1.8,0.7,0.9,1.2,0.6,0.8,0.8,1.2,1.4,1,1.1,0.7,1.6,0.9,0.9,1,0.6,0.5,0.6,0.8,0.6,,0.6,0.4,0.9,0.6,0.7,,0.8,0.9,1.2,1.3,1.2,1.3,0.5,0.6,0.5,0.5,0.6,0.7,,0.8,0.6,0.6,,,0.5,0.4,0.8,1.4,1.1,1.7,,1.4,1.5,1.3,1,,1,0.8,1.5,1.6,1.8,1.5,1.1,1.1,0.3,0.6,0.7,0.7,0.3,1.2,,0.4,0.6,1.1,1.3,,0.9,0.8,0.5,0.9,0.7,0.5,,0.9,0.6,0.3,0.4,0.4,1.2,0.6,1.8,,5.9,0.3,0.3,0.3,,,0.5,0.3,1.3,0.4,0.6,0.6,0.4,0.7,0.5,0.4,0.4,0.7,1.2,1.3,0.8,2,0.8,,0.5,0.4,1.1,1.2,1.2,1,1.3,1.1,1.7,0.7,0.9,0.9,0.2,0.8,0.8,2,1.1,1.9,0.4,1,1,1,0.8,0.9,0.9,1.2,1.4,1.7,2.6,,2,0.9,1,0.7,1.1,1,0.3,1.3,0.8,1.1,1.2,1.7,1.4,0.6,0.8,0.9,0.8,0.9,1.3,,0.9,0.7,0.8,1,0.8,0.8,0.8,0.7,,0.6,0.6,0.6,0.8,0.7,1.1,1.4,1.6,0.8,0.8,0.7,0.7,0.8,0.7,0.4,0.5,0.7,0.5,0.7,0.7,0.9,0.8,,0.7,0.8,,1,0.9,1.1,0.9,0.7,0.7,0.8,0.8,0.9,0.9,,0.6,0.6,0.8,1,0.8,0.9,0.6,0.7,0.5,0.5,1.4,1.7,1,0.9,0.5,0.6,0.6,0.6,0.8,1.3,1.3,0.9,0.8,1.5,1,0.4,0.9,1.2,0.9,0.7,0.9,1.7,1.4,1.4,1.3,0.8,0.7,1.2,1,1.4,0.4,0.6,0.7,0.6,0.7,1.5,1.6,1.5,1.3,1.7,0.7,0.8,0.9,0.9,1.3,1.7,1.4,1.4,1.6,0.7,0.8,0.7,,0.4,1.1,1,1,1.4,3.1,2.5,2.3,,3.1,,3.2,2.1,,2,2,2.2,,2.1,1.4,1.4,1.3,1.8,2.2,2.1,2.2,1.7,1.8,1.5,1.4,1.2,1.4,1.3,1.1,1.3,1,1.1,1.2,1.2,1.1,1,1.2,1.5,1.7,1.2,1.5,1.2,1.2,1.2,1.3,0.9,1.4,1.3,1.4,,1.5,1.3,,0.8,1.2,1.3,1.3,1.3,1.6,1.4,1.4,1.3,1.2,0.7,1.4,1.6,1.1,1.3,1.5,1,1.1,0.9,1,1.1,1.2,1.8,1.6,1.5,1,1.2,1.4,1.9,1.2,1.6,1,0.9,0.8,0.7,1,1.2,0.4,1,0.8,0.9,1,1,1.2,1.8,1.6,0.6,0.3,0.9,1.6,0.9,1.9,0.8,1.2,1,1,1.2,0.7,1.1,0.9,0.8,1.1,1.1,1,1.3,1.5,1.1,1.3,0.9,1,,1,1,1,0.9,1.3,1.1,0.4,0.6,0.7,,0.9,0.9,1,0.8,0.8,0.7,0.3,0.4,0.6,0.9,0.7,0.7,0.5,0.4,0.7,0.4,0.8,1,1,,0.8,1,1,1.2,1.2,1.2,0.6,0.7,0.8,0.7,,0.7,0.8,,0.8,0.7,1.1,0.7,0.9,0.4,1.9,0.7,,0.6,0.8,0.9,0.8,0.7,0.9,1.2,1.3,1.2,1.4,0.9,,,,,,0.8,1.2,1,1,1.5,1.1,,0.9,0.6,0.8,1,0.5,1.1,0.9,0.8,0.5,0.5,0.8,1.3,0.7,0.9,,0.4,0.6,1.1,1.3,0.4,,0.7,1,0.5,,0.7,0.8,0.3,0.8,0.7,0.9,0.3,0.6,0.3,0.3,0.7,,0.4,,0.4,0.3,1.1,1.4,0.9,1.2,0.7,1.1,1.1,0.9,1.1,1.3,,0.6,,,0.5,,0.7,1.4,0.4,0.5,0.2,,0.2,,0.5,0.4,0.5,0.7,0.6,0.6,0.3,0.4,,1.4,1.6,1.3,,1.3,1.5,1.6,0.7,0.5,1,0.1,0.4,0.2,0.4,0.8,0.4,,0.6,0.1,1.9,2.1,2,,0.6,1.5,0.7,0.7,0.8,,1,,0.8,,1.3,2.4,,1.9,2.2,1.5,,0.4,0.2,0.8,0.8,0.8,1.3,0.6,1.7,1.4,0.6,0.8,0.5,2.1,0.9,,1.4,0.9,0.5,0.7,0.4,0.7,0.9,0.8,0.6,1.6,1.5,1.5,0.7,0.9,0.6,0.6,0.4,1,0.5,0.6,0.8,0.8,0.7,0.6,0.5,0.3,1,0.8,1,0.7,0.8,2.4,1.4,1.3,0.9,1.3,0.9,1.4,0.8,1,0.6,1.1,1.7,1,1.2,1.5,1.3,1.2,0.9,0.8,0.5,,0.5,2.1,1.8,1.2,1.2,0.7,0.9,1.2,0.4,0.4,2.7,0.6,1.1,0.9,0.8,0.5,0.5,3.1,,1.1,0.5,1.6,1,1.7,0.5,1.2,1,0.9,0.8,0.8,0.5,1.2,0.2,1.3,1.5,2.1,0.6,1.8,3.4,1.1,2
20171215,18,CO_24h,1,0.9,1.1,1.2,1.2,1,1.2,1.4,1.5,1.2,1.2,1.3,,,1.4,,0.7,1.2,1.1,,1.7,1.2,1.2,,1.3,1.2,,2,2.3,2.5,2,1.9,1.6,1.4,1.5,2,1.4,1.7,1.7,1.5,2.4,2.6,2.5,,2.7,2.1,,2,2,2.3,2.3,2.6,2.7,2.7,2.2,0.5,,0.5,0.9,1.1,1.3,2,1.4,2.2,1.4,1.1,1.1,,0.8,1.3,1,1,1.8,1.9,1.8,2.4,2.4,2.4,2.3,2.5,,2.8,3.1,2.6,2.6,2.4,2.4,2.8,0.8,0.6,0.6,0.6,0.6,0.6,0.3,1,2,2.4,2.1,,1.9,2.1,2.3,2.1,1.8,,1.9,1.1,1.1,1.2,1.2,1.2,1.1,1,1.3,1.4,0.9,1.2,1.3,1.4,0.8,0.8,1,1.3,1.1,1,0.9,1.1,1.2,1.4,,0.6,1.3,0.8,1.2,1.3,1,1.5,1.8,0.4,0.8,0.7,0.6,0.8,0.8,0.8,0.6,0.6,0.4,0.4,0.7,0.2,0.8,0.6,0.8,0.9,0.2,0.5,0.9,0.9,0.9,0.6,0.7,0.6,0.3,0.8,0.8,0.6,0.9,0.9,0.7,1.5,,,,1.6,1.3,,1.3,1.2,1.2,,0.7,0.3,0.5,,0.7,1.1,1.1,0.9,1.1,0.8,1,1,1.2,,,,0.9,0.7,,0.2,0.4,0.5,1,0.6,,0.7,0.7,1,0.7,0.5,0.8,1,0.6,,0.8,,1.6,1.5,1.3,1.2,0.9,0.7,0.8,1.2,1.1,1,0.9,0.7,0.7,0.6,1.1,0.8,0.8,0.8,,0.7,0.9,0.8,0.5,0.5,0.6,0.8,0.7,1.1,,,0.7,,0.8,0.7,,0.7,0.8,0.8,0.7,0.6,0.6,,1,0.7,0.6,0.6,0.8,0.9,0.9,0.9,0.7,0.6,1.1,0.6,0.7,0.6,0.6,0.7,0.5,0.4,0.7,,0.8,,0.6,0.5,0.3,0.4,,0.7,,0.8,1,0.9,1,0.9,,1.3,1.6,1.9,1.8,1.7,1.8,1.7,1.7,1.7,1.6,1.3,1.3,1.2,1.2,1,1.1,1.2,1.4,1.5,1.6,1.8,2,2.1,1.6,1.9,1.4,2,0.8,0.8,1.1,0.9,0.7,1,,0.9,1,1.2,1.1,1,1,0.9,1.1,1,1.1,1.1,1.1,0.8,1.4,1.3,,0.8,1,1.1,0.8,1.2,1,0.9,0.9,0.6,0.8,0.8,0.7,0.6,0.6,0.8,0.6,0.7,0.6,0.7,0.9,1,1,1.2,0.9,1.3,1,1.3,1.1,1.1,1.2,1,1.4,1.3,1,1.3,1.2,1.2,1.1,1.1,1.1,1.1,1.2,1.2,1.3,1.3,1,1.2,1.3,1,1.1,1.4,1.3,0.7,0.9,1.3,1.3,1.4,1.2,0.9,1.2,1.4,0.5,0.5,0.4,0.4,0.6,0.7,,1,0.7,0.8,1.1,0.9,0.8,0.8,,,0.8,0.9,0.8,0.9,0.9,,0.8,0.7,0.8,0.8,,,0.9,0.7,0.9,0.9,1,0.9,0.7,0.9,0.9,0.9,1.1,1,1.1,0.9,1.3,0.8,1.2,1,1.1,1.9,1.1,0.6,0.7,0.6,1.9,2.5,2.1,1.3,1.8,1.8,1.9,1.9,2.2,1.8,1.8,2.2,1.9,1.1,1.1,1.2,0.8,1.5,1.5,,1.4,1.4,0.5,,,,1.2,1.2,1.3,1.3,1.6,1.1,1.2,,1.7,0.8,0.9,0.8,1,1,0.9,0.8,0.8,1,1,0.8,0.7,1,1.3,0.4,0.7,0.4,0.6,0.4,0.3,0.8,0.8,0.6,0.8,0.7,0.5,1,1.2,0.7,1.2,1,1.2,1.2,2.2,2.2,1.6,2.2,1.8,1.4,1.9,0.5,0.6,0.5,0.6,,2.5,,1.4,1.2,1.5,1.6,1.9,,1.9,1.6,,1.3,1.9,1.5,2,2.7,3,2.6,3.5,3,3.5,1.3,1.1,1.1,1.2,0.8,1.1,1.3,0.9,1.2,1.5,,1.4,,2.2,,1.5,1.1,1.4,1.1,1.7,1.3,1.4,1.4,1.2,1,0.8,0.8,0.8,1.9,1.5,1.5,,1,1,1.1,1.2,1.4,1,0.8,0.7,0.9,0.7,0.8,1.1,1,1,0.9,0.8,1.2,0.9,1.7,1.4,1,1,1.1,0.9,0.9,0.9,0.7,1.1,0.9,1.1,1,1.1,1.3,1.2,1.2,,0.8,0.8,,1,1,1.1,0.9,0.9,1,0.7,1,,,2.9,2,2.7,1.4,,0.8,1.8,1.1,1.4,1.8,1.9,,2,2,,3.6,2.4,2.5,2.9,3.2,2.1,1.2,1.9,3.4,2.2,1.8,1.5,0.9,1.1,,3.4,2.3,3.4,3.6,3,1.9,1.2,1.5,1.4,1.1,1.1,1,1.8,2.8,3.5,3.2,2.1,2.1,2.3,1.2,1.7,1.4,1.1,1.3,1.4,1,2.3,1.6,1.3,,0.9,1.2,1.1,1.1,1.1,1.2,1.3,1.2,1.5,1.8,0.8,1.2,1.2,1.6,0.9,1.2,0.7,0.9,0.7,0.9,0.7,0.5,0.8,1.1,0.7,0.7,1,0.6,1.2,1,0.6,0.6,0.4,2,1.6,,1.8,2,1.9,1.7,2.5,2.3,2.4,,2.7,,1.8,1.7,1.7,2.1,2.4,1.8,2.2,1.5,1.5,1.7,1.5,1.6,1.6,,1.3,1.4,1.2,1.5,1.7,1.2,1.2,1.4,1.3,1.2,1,0.9,1.1,1.1,0.9,,1.1,,,1.4,1.6,1.5,1.2,0.9,0.8,1,0.9,1,0.9,0.9,1.4,1.1,1,1.2,1.7,1.3,1.3,1.2,0.5,0.5,0.9,0.9,1,1.1,1,0.9,1,0.9,1.1,1,4.8,1.8,2.2,1.9,0.7,0.7,0.8,0.4,0.9,,,0.7,0.9,0.7,0.9,0.8,0.8,0.9,0.8,0.7,0.8,0.8,1.1,0.7,1,,1,1.2,1.2,1.8,1.8,1.3,1.8,1.6,2.3,1.6,2,1.6,2,2.6,2.1,1.1,1.7,1.5,2,1.1,1.9,1.5,1.9,1.8,1.5,1.3,1.6,0.5,0.4,,0.6,,0.9,0.6,0.6,0.6,1,0.7,0.7,0.8,1.2,2.4,3,1.2,1.5,1.9,1.9,1.7,1.6,1.4,1.3,1.3,1.6,1.4,1.8,1.1,1.6,1.4,1.4,1.8,2.3,1.6,1.3,1.2,1.2,1.3,1.1,1.5,1.5,1.8,0.9,0.9,1,0.5,0.4,0.6,0.7,0.5,,0.4,0.3,0.8,0.6,0.6,0.8,0.8,0.6,0.9,1.1,1.1,1.2,0.6,0.7,0.4,0.4,0.5,0.6,,0.9,0.5,0.5,,,1.4,1,0.8,1.5,1.4,1.7,1.6,1.5,1.5,1.4,1.2,,0.8,0.6,3.4,3.2,2.7,2.6,2.7,3.1,1.1,1.3,1.3,0.5,1,3.2,,2.4,2.8,2,2.2,,1.7,1.7,2.1,2.3,2.3,1.5,,2.1,0.6,0.5,0.9,0.7,1.3,0.7,0.8,,0.8,0.5,0.4,0.3,,,0.7,0.3,0.9,0.4,0.6,0.5,0.3,0.9,0.8,0.8,0.8,1,2.8,3.2,2.3,3.6,1.5,,1.2,0.9,2.3,1.9,2.8,1.9,1.1,1.3,1.5,2.1,1.2,2.6,2.1,1.7,1.9,1,1.1,1.2,0.6,1,1.3,1.1,0.8,1.5,2.7,1.1,1.7,1.4,3.2,,1.4,0.8,0.8,0.5,0.7,0.9,0.3,1.1,0.9,0.9,1.1,0.5,1.9,1.1,0.6,0.8,0.8,0.7,1.6,1.5,0.9,0.7,0.5,0.7,0.6,0.5,0.6,0.5,,0.5,0.5,0.5,0.6,0.6,1,1,1.3,0.8,0.8,0.7,1,0.7,0.8,0.5,0.6,0.6,0.5,0.6,0.6,0.6,0.5,0.4,0.5,0.8,,0.9,0.9,1,1,0.6,0.6,0.7,0.7,1.1,0.8,,0.7,0.6,0.7,0.8,0.7,0.7,0.5,0.6,0.5,0.4,0.8,0.8,0.8,0.6,0.4,0.5,0.7,0.5,0.6,0.6,0.8,0.7,0.7,1.1,0.8,0.3,0.6,0.6,0.7,0.5,1.1,1.5,1.2,1.2,1.2,0.6,0.5,0.6,0.7,0.8,0.3,0.4,0.7,0.6,0.7,1.5,1.5,1.5,1.3,1.6,0.7,0.6,0.8,0.7,1.2,1.1,1.2,1.1,1.5,0.6,0.7,0.6,0.8,0.4,1.1,1,0.8,1.4,2.8,2.5,2.2,,2.2,,2.3,1.9,,2,1.9,1.9,,1.8,1.4,1.3,1.3,1.6,1.9,1.6,1.6,1.7,1.7,1.4,1.3,1.1,1.2,1.3,1.1,1.2,0.7,0.8,1,0.9,0.9,1,1.2,1.4,1.4,2.1,1.5,1.2,1.2,1,1.1,0.7,1.3,1.3,1.3,,1.2,1.4,,0.4,0.9,1.3,1.4,1.3,1.3,1.3,1.2,1.3,1.1,0.7,1.3,1.5,1,1.2,1.5,1,1.1,0.9,1,1.1,1.4,1.9,1.6,1.6,1.3,1.1,1.2,1.5,1.1,1.6,0.8,0.8,0.7,0.6,0.9,1.2,1.3,1,0.7,0.6,0.5,1.3,1.4,1.9,1.8,0.2,0.2,0.3,1.3,0.9,1.3,0.9,1.1,0.9,1,1.2,0.7,1.1,0.9,0.7,1,1.1,1.1,1.1,1.4,1,1.2,0.8,1,1,0.9,1,1,0.9,1.2,1,0.6,0.8,0.8,1,0.7,0.7,0.8,0.7,0.7,0.7,0.4,0.4,0.7,0.8,0.7,0.9,0.5,0.3,0.5,0.2,0.8,0.8,0.9,,0.8,0.8,0.9,1,1,1,0.7,0.7,0.8,0.6,,0.7,1,,0.9,0.7,0.9,0.6,0.8,0.5,1.1,0.6,,0.8,0.9,0.8,1,1.1,1.3,0.8,1.2,1.2,1.3,0.7,,,,,1.5,1.2,1.1,1,1,1.4,1.1,,1,0.8,0.9,1,0.8,1.1,0.9,0.8,0.5,0.6,0.8,1.3,0.9,0.9,,0.4,0.5,1.1,1.1,0.7,,0.7,0.9,0.8,1,0.8,1,1,1,2.1,2.5,0.8,1,1.7,1.1,2,,0.5,,0.4,0.3,1.2,1.5,1.3,1.4,1,1.3,1.1,1,0.9,1.2,0.8,1,,,0.5,,1.6,2.1,0.5,0.7,0.3,0.1,0.3,0.3,0.7,0.6,0.7,0.9,0.7,1,1.1,0.6,,2.3,2.2,1.2,,1.1,1.5,1.9,0.8,0.8,1,0.2,0.3,0.5,0.5,0.9,0.4,0.7,0.7,0.3,2.9,3.8,2.9,3.3,0.7,2.6,1,0.7,1.4,1.6,1.5,1.9,1.7,,2.9,3,2.5,2,2,1.6,0.1,0.2,0.6,0.9,0.9,1.1,2.5,0.6,2.2,1.2,1.5,1.4,1.2,2.4,2.7,0.9,1.7,1.8,0.4,0.4,0.6,0.6,0.8,0.6,0.7,1.5,1.4,1.7,0.8,0.8,2.5,1.4,1,1.1,2.2,1.7,0.7,0.8,0.6,0.9,0.6,1.1,0.7,0.8,1.8,1.2,0.9,2.7,1.8,1.1,0.7,1.3,0.7,1.6,1.1,1.1,0.4,1.4,1.5,1.1,1.7,1.2,1.3,0.9,0.8,0.8,2.9,,1.1,2.1,1.7,1.1,1,0.8,0.9,1.2,0.4,0.8,1.5,0.5,1.5,1.6,0.8,0.5,1.2,2.1,0.7,1.9,1,1.9,0.5,2,0.6,1.9,1,0.9,0.8,0.9,1.4,1.4,0.5,2.2,1.1,1.7,0.7,1.5,1.4,1.3,2.3
20171215,19,AQI,30,21,40,50,41,52,28,32,19,30,36,32,,,34,,39,33,33,,19,51,55,,49,26,,172,226,260,172,256,201,46,67,104,68,51,68,55,56,68,90,,107,280,,295,249,156,225,214,292,241,236,34,,34,34,54,34,56,27,19,39,48,37,,32,60,73,67,172,150,189,255,,44,231,48,,69,34,45,71,66,59,63,62,90,72,51,53,81,53,49,28,109,82,,137,41,55,41,52,,72,48,42,46,44,52,50,31,59,64,36,41,59,53,43,39,41,80,53,72,55,135,94,110,,97,79,95,84,88,176,204,378,31,39,29,22,38,33,30,29,32,30,33,18,32,33,42,39,54,35,30,36,46,42,40,46,42,40,32,64,69,48,55,53,98,,,,203,179,,143,214,200,,90,59,77,,50,49,58,50,65,42,62,57,45,,,,40,59,,83,65,60,70,70,,79,109,102,95,118,108,84,93,,73,,204,163,192,32,41,20,52,33,38,52,36,52,46,35,39,31,21,23,,40,25,26,38,50,36,48,45,33,,,29,,38,43,,31,29,32,25,24,23,,35,31,35,31,25,22,19,23,21,39,26,60,27,50,29,36,26,60,14,,18,,26,30,13,51,,19,,14,19,32,22,17,,19,83,99,112,89,80,87,97,153,98,153,148,128,140,113,148,170,108,322,323,362,321,,334,322,318,328,83,75,83,79,98,87,,79,112,147,82,77,94,84,78,82,87,73,78,44,64,53,,61,53,52,39,55,33,44,35,110,83,99,81,52,75,105,36,48,44,99,68,105,66,78,55,58,44,60,72,35,29,20,72,66,64,69,54,56,63,53,57,54,50,54,57,69,55,60,68,68,36,32,30,27,34,26,32,21,20,41,46,41,45,60,59,59,59,86,,124,92,85,93,80,112,92,,,107,89,114,105,85,,88,89,80,93,,,82,51,78,74,68,73,70,80,90,77,68,75,50,33,38,53,53,71,51,55,32,44,,34,85,82,122,80,82,90,92,103,163,100,124,83,97,73,69,55,63,68,124,,97,88,52,,,,49,57,124,143,104,149,137,,53,82,89,88,92,92,75,68,65,70,74,68,62,69,73,83,73,93,89,90,88,58,51,18,21,52,39,114,75,47,56,52,45,55,119,143,15,72,77,61,,56,57,65,50,,173,,114,185,172,147,67,,56,118,,140,80,85,78,115,140,192,145,175,134,93,160,128,204,129,24,32,43,20,21,,163,,155,,155,175,185,199,104,142,145,200,175,178,43,34,45,160,140,160,,18,20,19,15,25,51,36,34,54,59,62,64,64,77,85,50,77,64,52,48,45,39,33,43,36,43,43,36,33,30,112,105,94,16,14,,88,93,,80,74,83,145,30,28,15,53,,,235,238,245,37,,37,,24,42,172,169,,179,183,,38,46,39,38,48,218,65,245,216,189,34,47,45,25,,49,53,99,92,297,108,36,95,118,72,46,69,122,40,82,83,65,55,38,158,50,227,52,88,52,36,55,48,40,,54,50,70,105,36,185,79,89,67,98,70,84,40,52,48,39,48,45,49,42,39,36,33,38,54,40,36,50,39,58,49,60,11,224,225,,217,225,152,200,250,266,259,,258,,216,210,223,323,334,314,253,199,218,211,211,65,61,,59,160,160,152,180,178,100,107,112,83,70,68,84,97,56,,75,,,59,100,72,69,60,20,32,28,26,20,20,14,20,17,30,19,45,35,22,38,34,83,103,114,98,75,72,75,69,87,85,53,59,54,78,79,77,62,67,128,,,124,100,81,83,85,77,79,88,107,97,78,58,41,52,,43,70,113,142,92,105,92,107,140,138,147,21,24,30,28,62,142,82,152,89,207,99,100,119,144,123,155,39,29,36,44,,45,47,63,49,51,28,49,94,49,63,42,48,202,182,202,203,118,108,221,172,122,114,70,104,115,94,20,20,35,54,61,60,60,60,35,43,59,70,36,36,35,36,39,29,105,42,,63,40,37,59,48,42,46,54,54,49,52,54,39,39,42,46,25,31,,29,34,30,,,37,53,63,178,195,206,200,165,208,180,214,,56,52,113,120,117,115,99,103,42,52,57,68,36,75,,58,67,69,72,,65,69,59,40,51,48,,36,50,53,39,50,52,46,163,,38,64,50,36,,,19,19,21,23,45,69,39,61,43,30,46,43,80,155,65,240,172,,105,94,70,64,76,53,53,58,43,29,38,46,42,69,54,78,32,,55,51,70,50,79,153,206,62,84,153,311,,241,69,117,85,122,102,60,114,92,93,90,84,99,67,67,36,26,45,73,,57,52,97,82,82,67,82,73,,82,59,104,112,75,120,153,122,36,50,35,36,43,32,28,28,23,36,23,19,26,35,35,34,92,,87,75,79,97,74,84,70,78,166,158,,33,25,49,42,36,27,21,24,25,22,22,23,19,25,15,13,18,80,63,73,58,38,30,39,26,15,17,20,23,22,17,70,75,79,59,40,30,33,42,33,21,21,15,24,21,22,28,23,25,25,26,26,29,38,40,46,45,41,48,42,36,32,35,28,24,22,27,31,208,221,210,,236,,239,228,,241,222,234,,214,206,230,225,213,238,210,138,148,220,134,237,234,242,178,,192,63,73,83,82,98,82,105,103,105,204,185,178,,73,89,89,152,125,145,,105,122,,85,69,67,58,77,123,135,129,88,92,54,54,49,50,57,52,30,64,39,59,55,57,62,64,45,52,20,26,42,22,24,53,74,54,68,82,38,36,46,55,58,29,34,36,33,57,59,60,69,38,23,20,35,13,20,20,20,19,20,30,28,25,15,11,16,19,44,55,32,22,19,57,62,41,27,29,18,53,58,54,63,114,79,73,76,69,100,73,78,60,72,74,62,74,81,103,109,83,110,123,,75,149,103,125,128,125,62,85,63,79,,114,108,,56,71,76,74,76,39,,83,,26,28,39,44,36,46,59,64,103,71,55,,,,,38,54,55,49,35,28,35,,26,32,40,43,61,35,66,29,27,36,64,64,40,43,,42,54,64,63,39,,52,63,29,41,60,72,87,,21,58,46,54,22,26,42,,33,,50,58,180,148,140,98,23,28,33,28,123,108,142,78,,,40,,55,76,36,41,27,39,63,63,34,40,60,72,70,75,72,55,,49,56,67,,105,112,83,92,38,50,42,48,40,50,43,44,66,46,46,125,160,64,71,25,129,83,46,75,113,94,74,87,,107,72,60,143,183,142,40,50,35,52,63,67,49,60,172,45,51,53,36,192,58,70,56,38,95,68,20,56,32,83,84,186,155,123,88,35,40,52,44,80,64,65,95,39,73,53,29,36,81,39,34,39,52,60,52,63,28,144,67,125,48,59,102,214,163,128,85,50,135,90,87,83,42,,41,228,205,22,76,119,108,92,36,26,178,48,70,98,19,14,45,237,82,34,26,180,67,190,35,56,62,87,73,73,20,91,33,84,107,215,75,68,102,60,254
20171215,19,PM2.5,17,5,10,10,11,9,8,11,8,19,12,12,,,10,,15,3,17,,12,17,13,,23,11,,130,176,210,130,206,151,32,36,78,31,29,41,25,37,49,67,,80,230,,245,199,119,175,164,242,191,186,14,,5,18,38,12,28,13,13,27,15,18,,15,36,42,42,130,115,142,205,,,181,14,,8,10,31,38,28,17,45,6,3,1,13,8,6,10,12,17,82,60,,104,25,25,21,32,,52,32,29,24,28,26,27,20,42,29,25,26,42,37,30,27,27,59,37,52,39,103,70,83,,72,58,71,62,65,133,154,328,19,27,19,15,26,23,21,20,22,21,20,5,22,23,29,27,25,24,20,25,32,29,28,32,29,26,22,46,50,33,39,37,73,,,,153,135,,109,164,150,,67,42,56,,35,34,41,35,47,29,44,40,31,,,,28,42,,61,47,43,51,51,,58,82,76,71,89,81,62,69,,53,,154,124,144,20,23,7,36,21,26,36,25,27,32,13,9,13,7,15,,14,13,11,26,30,21,33,31,22,,,20,,26,30,,17,19,22,16,11,13,,14,12,11,12,10,15,7,12,,27,14,43,13,26,20,25,18,43,8,,10,,18,21,9,16,,13,,7,9,22,11,9,,13,61,74,84,66,59,64,72,117,73,117,113,97,107,85,113,129,81,272,273,312,271,266,284,272,268,278,61,55,61,58,73,64,,58,84,112,60,56,70,62,57,60,64,53,57,30,38,30,,29,27,31,23,30,23,27,24,83,61,74,56,30,50,79,22,24,22,74,48,79,46,57,,25,27,36,45,20,13,11,52,46,40,50,38,27,45,28,40,38,34,34,33,50,39,43,49,49,25,22,8,18,16,18,16,13,14,8,32,18,21,32,42,42,35,62,,94,68,63,67,59,84,68,,,80,66,86,79,63,,65,66,59,69,,,60,24,57,54,49,53,50,59,67,56,49,23,22,22,15,23,23,25,14,16,1,6,,11,63,60,84,55,60,67,68,77,124,75,80,60,72,35,48,27,45,48,94,,72,55,11,,,,34,30,94,109,78,114,104,,37,60,66,65,68,68,55,49,43,51,54,49,44,49,53,10,11,23,21,16,20,12,17,2,11,7,27,86,55,32,35,36,31,32,90,109,10,47,56,39,,20,22,39,26,,131,,86,139,130,112,27,,14,89,,107,59,63,57,87,107,144,111,132,102,69,122,97,154,98,7,13,30,8,12,,124,,118,,118,132,139,149,78,108,111,150,132,134,30,19,31,122,107,122,,11,10,6,3,17,20,21,22,38,23,44,46,46,56,63,35,56,29,28,33,19,27,23,30,25,19,30,21,23,20,84,79,70,10,6,,65,69,,59,54,61,111,21,19,8,12,,,185,188,195,11,,6,,5,11,130,128,,135,138,,14,16,19,17,6,168,47,195,166,142,20,9,13,17,,26,34,74,68,247,81,25,71,89,51,24,38,92,23,49,61,47,39,26,120,35,177,32,65,36,25,39,23,27,,38,35,51,71,25,139,58,66,48,73,51,62,28,36,33,21,24,31,34,29,27,25,23,26,37,28,25,35,27,41,34,39,5,174,175,,167,175,116,150,200,216,209,,208,,166,160,173,273,284,264,203,149,168,161,161,37,35,,34,122,122,116,136,134,75,80,84,61,51,49,62,72,26,,55,,,42,75,52,50,43,11,22,19,18,14,14,2,8,11,16,13,31,24,13,15,16,61,77,86,73,55,52,55,50,64,63,27,32,20,30,58,56,44,48,97,,,94,75,49,61,63,56,58,65,80,72,55,35,26,32,,30,51,67,108,65,79,68,80,107,105,112,12,11,12,18,29,108,60,116,66,157,74,52,79,110,93,118,8,20,3,20,,19,17,13,13,28,19,34,70,34,45,29,13,152,137,152,153,89,81,171,130,92,86,,78,87,70,13,13,19,28,30,43,43,25,24,13,19,51,25,25,24,22,27,,79,29,,45,28,20,42,33,29,32,38,38,34,36,38,27,27,29,32,8,15,,13,11,9,,,25,37,12,134,146,156,150,125,158,136,164,,32,16,85,91,88,87,74,77,29,18,28,37,25,55,,41,48,39,40,,41,34,12,11,10,31,,25,15,25,11,34,20,32,124,,26,25,10,5,,,8,13,13,6,31,50,24,34,24,21,15,14,59,118,35,190,130,,79,70,51,27,40,28,37,41,24,19,26,32,29,50,38,57,22,,35,35,51,35,58,117,156,44,62,117,261,,191,50,88,63,92,76,43,86,68,69,67,62,74,48,48,17,18,31,53,,40,36,72,60,60,48,60,53,,60,42,78,84,55,91,117,92,25,35,24,25,30,22,19,19,16,25,7,6,17,24,24,17,68,,64,55,58,72,54,62,51,57,126,120,,23,17,34,29,25,11,14,13,15,10,15,16,13,16,3,8,6,59,45,53,41,23,21,24,18,10,10,14,16,15,10,51,55,58,42,28,18,23,23,15,9,5,10,15,11,15,19,16,17,17,18,18,20,26,28,32,28,28,33,29,25,22,24,19,12,14,8,19,158,171,160,,186,,189,178,,191,172,184,,164,156,180,175,163,188,160,105,113,170,,187,184,192,134,,144,45,53,61,60,73,60,79,77,79,154,139,134,162,53,66,66,116,95,111,,79,92,,63,50,48,41,56,93,103,98,65,68,38,38,34,35,40,36,21,46,27,42,39,40,43,46,31,31,14,18,12,15,12,37,54,38,49,39,26,17,32,35,27,20,19,18,23,40,42,43,50,26,16,14,24,8,14,14,14,13,13,21,19,17,10,4,9,13,24,34,22,15,13,14,24,24,18,14,12,10,6,4,27,86,58,53,45,50,75,53,57,43,52,54,44,54,53,77,82,61,83,93,,48,114,77,95,97,92,44,63,41,58,,86,81,,31,42,41,41,53,3,,31,,18,19,24,22,22,27,36,46,77,34,35,,,,,25,33,27,30,12,7,22,,18,11,18,16,32,13,10,8,13,13,34,12,12,18,,28,29,46,29,21,,13,16,20,25,30,36,2,,10,19,7,10,7,1,25,,12,,14,22,136,113,107,,10,19,18,15,93,81,108,57,,,14,,33,41,13,25,14,24,18,35,20,26,28,52,29,48,40,27,,33,33,47,,79,84,61,29,11,20,21,21,22,18,19,16,,14,19,95,122,46,46,6,98,61,27,41,85,52,54,50,,80,40,39,109,138,108,8,19,24,36,45,48,34,18,130,31,,12,7,144,41,47,36,26,71,49,12,37,22,61,62,140,118,93,65,24,28,19,9,46,46,47,71,27,53,35,20,19,37,27,7,10,27,43,33,45,13,110,48,95,33,42,76,164,124,97,63,35,103,67,64,61,18,,9,178,155,15,50,90,81,,14,18,134,25,41,73,12,6,5,187,42,23,10,136,48,143,20,27,44,64,53,53,,63,20,62,80,165,55,49,76,43,204
20171215,19,PM2.5_24h,65,32,48,51,48,50,50,58,61,41,46,52,,,78,,72,77,70,,72,71,74,,69,85,,164,175,221,130,167,161,109,62,78,62,65,68,69,65,69,72,,85,201,,205,148,151,160,157,186,149,154,26,,16,30,35,47,59,56,55,43,69,72,,68,94,90,96,132,154,163,187,164,183,186,237,,202,267,212,243,220,204,264,8,6,3,18,10,4,15,16,90,111,95,,110,95,91,100,89,,110,50,53,49,52,41,44,44,68,57,25,54,66,77,67,65,48,73,70,70,68,111,82,66,,80,81,100,101,109,109,138,137,16,19,15,17,18,21,16,13,15,17,24,19,30,27,35,38,31,35,23,22,25,22,22,26,26,21,25,24,21,21,26,21,78,,,,139,127,,116,144,144,,39,27,34,,24,37,28,24,36,26,32,34,32,,,,32,36,,32,34,34,31,28,,32,61,50,52,48,60,41,40,,26,,100,81,98,25,31,10,32,27,29,44,34,26,37,22,44,38,43,36,,50,34,27,29,25,25,38,36,28,,,19,,26,32,,21,27,26,17,11,12,,33,47,21,18,20,24,21,30,27,28,25,25,28,30,27,28,27,32,8,,18,,17,16,8,17,,21,,12,18,31,17,12,,20,134,146,162,150,166,159,168,151,63,115,114,88,111,83,112,115,90,167,171,193,175,172,188,167,168,186,43,40,45,41,54,55,42,44,57,77,42,49,50,50,43,46,46,39,46,46,35,29,,24,29,29,21,29,22,31,22,40,38,37,33,27,45,55,22,32,28,62,43,69,52,49,26,31,29,27,32,28,24,21,51,46,40,51,39,37,44,35,42,44,38,37,56,41,36,33,43,52,42,35,17,31,18,20,20,13,20,10,18,30,14,16,20,18,16,38,,59,52,53,61,43,66,59,,,58,57,55,51,53,,73,72,72,76,,,70,13,31,30,23,34,36,38,34,30,27,29,21,21,24,28,32,34,35,58,20,18,,19,160,152,159,147,148,165,162,145,179,135,163,144,156,36,46,26,34,48,72,,67,59,49,,,,47,54,76,86,63,73,81,,30,42,48,47,46,51,31,26,24,30,31,39,21,30,42,11,16,15,14,11,18,15,21,9,19,16,65,71,56,62,43,41,39,41,89,87,59,91,61,43,65,13,15,14,13,,143,,96,108,120,112,122,,130,128,,132,136,138,131,174,226,144,157,175,169,91,123,117,128,75,62,71,64,39,50,,130,,133,,127,102,111,120,133,136,146,94,93,89,56,53,53,152,130,151,,17,17,11,30,27,28,20,21,39,23,39,72,74,79,85,65,83,52,66,63,46,27,29,34,25,20,33,18,23,16,70,71,56,19,12,,47,48,,56,63,54,79,41,37,22,12,,,156,149,164,32,,35,30,37,44,120,118,,121,128,,186,173,201,196,196,180,170,188,170,174,156,66,54,60,,98,71,106,92,114,86,62,127,93,57,86,32,113,68,109,98,72,56,90,61,76,79,56,57,78,47,83,73,72,,49,81,60,74,59,106,58,63,66,82,46,80,68,64,85,55,35,49,47,40,36,35,33,36,46,31,28,34,28,30,33,30,5,166,134,,141,138,118,136,207,221,206,,227,,117,109,113,168,170,163,172,146,137,126,139,120,126,,120,121,124,110,119,119,85,91,91,57,50,45,53,73,50,,59,,,48,72,55,57,47,12,16,14,17,14,12,8,15,12,25,23,19,25,15,12,10,83,81,94,86,44,43,46,40,49,51,57,38,44,43,51,56,45,49,86,,,89,90,66,81,94,57,64,66,60,64,64,29,19,19,,24,36,39,170,154,164,152,124,150,110,118,68,77,72,84,83,108,133,130,124,151,117,114,129,145,139,151,25,16,15,22,,48,27,22,28,28,13,27,52,30,42,48,38,157,141,165,158,101,94,123,96,98,86,73,103,82,84,47,49,79,93,55,80,47,43,40,57,51,69,23,24,24,15,20,,25,26,,26,21,19,38,29,34,33,39,32,40,24,38,40,38,19,20,21,28,,15,32,28,,,61,68,13,116,93,123,122,116,160,128,151,,32,22,155,134,141,127,122,144,95,82,87,25,87,190,,171,177,128,115,,130,114,146,133,127,116,,113,16,24,15,35,26,31,39,,14,24,13,10,,,15,17,13,13,27,38,30,56,46,40,42,45,86,117,95,125,118,,101,92,122,87,122,87,102,98,61,64,61,88,97,88,77,47,48,64,30,31,49,29,46,92,135,29,64,60,115,,99,37,63,34,46,45,25,62,68,56,48,51,85,76,27,18,24,17,57,70,44,19,56,46,44,40,40,37,,72,53,50,49,46,87,93,100,36,46,38,45,41,40,19,17,19,33,5,9,13,26,27,25,73,,74,68,71,84,28,32,24,35,109,107,,22,29,37,37,33,11,9,12,11,6,20,16,17,17,3,14,18,29,25,25,23,24,18,24,17,10,11,8,12,17,13,29,29,24,25,22,17,23,21,16,15,19,17,19,18,16,19,22,23,18,23,21,24,27,29,30,26,26,29,24,23,21,23,14,19,23,21,31,163,156,149,,155,,152,167,,180,162,117,,114,140,159,154,147,144,137,93,103,138,198,129,126,116,132,,123,29,39,50,46,53,51,75,79,74,109,113,118,131,32,41,45,111,100,113,,54,60,,39,40,38,35,44,69,68,59,82,81,22,26,22,29,25,23,20,23,24,24,22,57,58,50,43,45,12,19,15,16,15,28,41,28,33,23,23,20,23,31,31,13,20,17,20,22,24,30,37,19,16,19,21,9,6,11,10,12,11,9,10,12,3,8,12,16,16,22,18,12,9,15,15,21,20,10,8,34,43,35,53,72,59,49,49,63,64,75,63,38,46,40,42,60,58,53,60,44,62,70,,36,84,72,78,84,80,51,51,39,53,,57,71,,32,63,55,51,71,16,34,14,,20,14,18,25,34,32,23,25,33,15,21,,,,,12,17,11,12,11,10,19,,18,25,20,19,22,20,10,10,20,21,29,11,18,24,,25,20,22,19,35,,16,19,27,37,30,24,19,,48,42,13,12,30,22,95,,9,,7,11,120,115,120,123,29,30,32,28,75,80,80,92,,,17,,13,86,33,32,11,32,21,32,29,28,45,53,38,57,59,37,,41,51,36,,75,77,78,42,27,29,25,25,23,18,17,18,36,22,26,120,150,74,65,7,48,33,23,41,69,62,64,91,,128,56,101,106,121,105,10,9,26,47,40,30,39,13,125,28,71,69,78,160,181,125,106,135,40,33,30,28,20,45,66,152,127,139,78,18,30,22,17,54,117,98,51,24,47,42,25,68,37,40,67,54,37,53,76,27,38,91,27,90,29,42,41,146,125,61,87,34,103,51,54,55,180,,79,167,132,18,44,88,75,32,9,27,143,20,129,86,12,9,71,147,64,56,45,148,21,154,23,122,22,29,22,24,48,63,33,74,55,100,74,49,69,63,223
20171215,19,PM10,30,16,40,50,41,54,28,32,19,30,36,32,,,34,,39,33,33,,,51,60,,49,26,,171,253,238,167,207,207,46,84,86,86,52,85,60,61,73,112,,117,293,,295,217,239,227,218,284,277,245,34,,34,34,41,34,61,27,15,,48,37,,32,70,96,83,149,168,186,230,,,212,48,,88,34,35,91,81,67,,73,129,94,51,55,112,56,49,28,114,95,,124,41,59,41,54,,,48,41,46,44,53,50,31,46,77,27,41,49,51,31,33,41,86,38,56,39,,88,126,,,70,83,96,72,140,,375,31,32,29,18,35,,28,22,27,27,33,18,26,,,30,58,,29,33,,37,33,,39,40,31,,,33,40,,,,,,,,,141,,,,,65,,,43,45,51,44,,41,,51,40,,,,40,43,,,,48,56,62,,,99,97,93,97,107,78,74,,81,,,141,,26,32,,40,26,32,48,36,54,40,18,20,18,13,23,,40,25,26,30,50,36,44,33,33,,,22,,,43,,31,29,29,16,21,23,,35,22,35,16,14,22,15,23,21,28,26,51,27,50,29,26,19,,,,17,,23,30,11,51,,,,13,19,,17,17,,,100,117,109,85,99,93,115,173,127,149,114,141,154,152,160,176,161,,278,,288,,311,338,293,328,,55,69,62,73,,,68,,,,,,,,,,,,44,78,55,,72,56,53,39,59,24,44,24,130,102,116,111,54,100,133,36,48,44,112,86,117,81,87,60,66,44,70,93,35,29,19,76,81,78,80,55,61,,55,56,54,50,57,63,60,58,56,80,78,,27,30,27,34,21,32,21,15,41,42,41,45,69,64,59,67,122,,126,115,99,135,103,121,106,,,129,117,126,106,91,,91,96,89,126,,,84,52,74,76,77,82,90,73,80,73,77,99,50,33,38,55,56,92,52,60,32,44,,25,107,114,194,109,111,125,122,104,188,112,198,116,136,96,87,60,64,85,111,,112,125,53,,,,47,63,131,116,97,,105,,46,,83,,,,68,85,80,83,61,,63,87,59,116,96,136,127,129,126,65,52,16,19,54,37,133,88,47,62,50,38,60,,,11,93,97,71,,62,64,79,50,,133,,96,140,145,,83,,61,114,,138,102,73,80,116,154,184,128,177,138,124,167,145,198,143,23,32,,17,21,,164,,156,,175,184,191,313,84,140,133,189,169,154,30,34,40,182,190,178,,13,,7,,17,51,36,34,45,67,56,55,57,60,,50,59,78,54,40,45,28,,43,34,43,40,36,24,30,97,99,93,15,10,,97,77,,88,70,107,113,,,15,56,,,252,240,243,37,,37,,24,42,164,168,,153,187,,38,46,39,38,48,238,59,200,236,191,34,47,45,24,,49,55,105,115,362,126,30,,,93,46,88,,40,114,79,55,56,38,,35,,53,,52,33,52,48,40,,57,49,,160,34,142,86,,64,112,63,66,38,49,,39,48,34,,30,30,25,24,28,57,,29,44,36,42,45,70,11,257,184,,245,,228,185,212,237,247,,250,,199,200,203,372,342,355,274,169,186,207,188,80,72,,68,159,143,,,136,100,117,101,62,52,60,75,,61,,66,,,48,83,83,53,61,20,25,22,23,20,15,13,20,17,30,18,,31,22,38,34,77,108,97,99,60,56,71,59,64,85,55,67,58,106,91,,66,63,132,,,119,103,112,100,100,73,86,114,97,92,105,66,41,53,,43,75,176,200,133,123,123,162,164,145,178,19,,30,28,73,132,96,133,110,160,118,150,188,199,185,179,39,25,36,44,,45,47,76,49,52,22,48,94,41,57,38,48,155,167,197,208,114,115,225,161,113,121,89,99,133,92,18,16,35,57,72,65,61,70,32,43,67,80,35,25,,36,35,29,,38,,,31,37,,45,38,34,46,46,,40,39,29,33,36,37,18,26,,20,13,9,,,37,38,76,182,146,175,192,180,159,177,188,,61,53,102,104,123,114,113,90,37,54,63,85,36,,,64,55,88,94,,79,87,67,40,52,48,,36,50,56,39,50,53,45,154,,30,77,50,36,,,19,16,21,23,38,50,39,71,43,23,46,43,88,131,79,,,,,81,55,77,102,55,56,61,43,21,30,46,40,55,42,97,30,167,59,52,57,46,,,168,49,93,167,341,,280,64,121,,105,94,48,91,73,79,96,81,94,74,56,36,,43,61,,42,,90,70,,65,71,57,,74,56,89,84,,105,117,118,26,,24,,33,27,20,21,19,30,23,19,26,27,,24,,,64,69,84,74,79,83,63,66,143,126,,28,25,,32,,27,21,24,25,18,,16,17,25,3,,18,,54,57,55,38,26,39,26,,17,,,20,13,54,55,79,52,28,30,28,42,33,11,11,13,24,21,19,,20,18,,18,20,20,,38,36,45,41,36,,33,22,32,24,,22,27,31,205,231,240,,220,,262,211,,215,223,227,,167,195,196,211,200,,163,157,196,178,217,201,201,224,160,,168,68,61,65,60,80,78,96,99,119,,,150,,58,66,95,130,99,117,,101,113,,66,,52,47,,108,104,109,78,84,,,,35,,48,25,,,,40,63,73,52,37,53,,19,42,17,24,40,73,39,,113,,36,41,59,65,20,34,36,,,59,61,72,36,22,14,,10,14,15,18,14,20,,27,20,11,,14,,44,59,23,18,13,64,74,41,27,29,14,56,65,58,75,134,68,74,102,69,91,88,84,61,73,82,56,78,111,147,,84,125,128,,99,179,152,110,158,199,67,106,75,70,,132,138,,61,91,101,98,101,39,152,115,,22,28,39,44,36,46,68,77,86,91,59,,,,,38,57,59,49,35,28,35,,24,32,40,43,71,35,81,29,27,36,78,77,40,43,,42,57,71,76,39,,53,75,27,41,69,94,123,,21,65,46,57,10,21,42,,33,,50,66,139,139,115,146,19,24,33,28,124,138,161,84,,,40,,59,102,36,41,27,39,76,75,34,40,70,85,90,100,94,60,,49,61,83,,152,105,88,134,38,50,42,48,40,50,43,44,81,46,46,156,145,71,91,13,102,108,46,100,164,137,69,123,,82,93,69,168,165,145,40,50,35,40,54,,39,69,156,36,52,55,36,234,64,90,61,34,,,20,62,27,62,,153,182,145,93,28,,53,44,109,74,57,105,38,73,56,21,36,111,28,34,39,54,58,54,75,27,155,70,,48,51,,,131,,75,41,114,105,118,87,42,,41,201,223,20,101,99,107,133,36,18,185,48,90,107,19,14,45,238,113,34,26,170,52,177,30,61,62,67,71,67,6,132,33,96,131,196,80,55,,64,233
20171215,19,PM10_24h,52,48,68,73,64,74,38,70,71,60,70,34,,,99,,73,43,83,,79,61,87,,70,33,,208,235,268,167,189,201,148,98,105,103,103,109,107,98,99,109,,133,241,,261,184,192,200,202,240,219,203,50,,61,58,60,96,108,84,111,86,106,105,,94,121,129,121,171,179,186,216,225,227,210,294,,281,293,255,322,259,261,314,53,44,35,54,30,34,54,37,137,146,141,,142,149,159,146,127,,141,74,74,59,78,82,72,53,102,79,108,76,78,102,72,71,80,90,74,88,84,105,108,89,,85,108,129,146,118,112,118,151,32,28,29,23,28,28,24,21,26,28,39,34,44,33,40,42,53,39,42,33,31,30,29,33,48,46,36,25,35,32,36,28,99,,,,154,180,,161,165,166,,41,49,39,,39,54,49,46,39,40,48,43,45,,,,45,44,,37,38,45,39,43,,35,61,55,56,55,68,56,47,,58,,74,96,99,35,51,13,45,37,40,64,54,60,55,31,81,60,67,61,,80,72,54,34,45,47,53,46,47,,,31,,40,47,,36,44,42,21,22,27,,43,25,40,24,27,26,25,40,28,30,23,36,20,36,29,23,20,27,14,,31,,33,32,11,28,,30,,12,25,14,15,12,,23,195,213,194,181,99,192,231,203,113,173,146,155,157,160,168,171,171,167,182,204,193,204,203,210,190,207,,51,53,52,61,,,57,72,,,,,,,49,,,,39,56,46,,41,47,45,34,44,25,43,28,68,64,64,73,54,82,84,38,61,48,89,73,94,79,64,49,62,45,55,69,47,35,28,68,71,71,74,69,67,62,65,53,58,51,51,74,55,48,44,65,66,53,44,32,44,26,24,29,18,18,25,22,34,36,40,42,40,43,69,,78,75,72,84,79,97,82,,,79,82,75,71,88,,94,97,100,120,,,98,39,40,52,40,46,58,58,48,46,54,69,45,34,68,58,79,74,62,102,47,42,,59,200,179,235,204,207,203,207,207,262,162,214,190,215,103,103,84,97,96,117,,122,123,93,,,,80,100,113,103,84,91,85,,61,33,52,40,28,31,43,48,54,48,41,51,41,61,52,53,57,74,59,53,63,74,69,44,49,66,88,96,103,85,64,51,51,60,122,135,90,138,101,62,96,29,30,35,22,,153,,118,128,155,114,170,,159,171,,174,190,166,147,206,225,185,193,226,219,160,161,184,168,99,96,80,95,56,92,,161,,181,,185,145,146,160,157,162,175,128,127,119,74,76,73,206,209,200,,17,19,15,48,36,41,36,36,53,47,78,66,68,71,79,77,68,93,94,74,76,39,45,59,42,53,51,26,30,25,78,79,72,24,20,,73,71,,83,84,84,95,53,42,35,34,,,206,197,208,66,,61,54,58,77,148,148,,142,182,,240,226,241,215,239,253,86,200,238,194,74,122,105,94,,144,116,177,125,177,128,75,132,127,90,128,79,165,93,265,146,117,87,146,94,86,100,70,67,92,54,96,96,92,,67,106,64,95,86,94,91,95,90,130,64,74,87,70,97,81,38,44,44,33,42,33,36,40,59,33,33,42,32,32,43,43,8,194,166,,183,185,188,165,266,259,233,,249,,145,144,145,212,208,205,235,175,172,155,155,149,135,,130,144,142,,,136,116,122,102,65,60,54,65,,56,,73,,,60,81,71,69,66,14,22,14,19,20,19,17,19,14,25,29,25,24,18,32,31,109,106,116,121,47,51,60,43,50,66,138,74,116,91,75,73,67,62,117,,,103,118,130,115,125,74,90,105,93,85,97,45,35,36,,34,68,63,225,205,210,206,187,187,140,142,83,112,105,122,150,155,169,165,175,188,180,170,246,222,222,196,56,43,65,41,,83,56,87,70,40,25,44,66,49,80,75,98,164,163,214,208,141,140,168,123,129,142,126,132,144,111,62,61,112,127,112,115,80,80,65,89,84,94,44,45,37,27,37,29,34,35,,33,28,37,41,44,50,41,50,43,38,35,50,47,51,32,32,35,48,,43,39,34,,,77,61,45,155,127,158,179,170,183,173,186,,53,59,204,174,161,139,141,143,108,147,141,75,165,247,,214,222,179,184,,179,193,193,149,179,121,,102,38,45,34,56,56,46,75,,35,53,38,26,,,26,19,35,23,44,45,40,82,72,30,69,72,141,165,136,186,148,,167,126,129,122,189,144,149,130,91,74,69,141,162,123,107,83,64,74,57,55,70,50,61,116,169,41,98,113,201,,151,55,81,38,61,67,36,82,65,59,78,61,120,134,39,30,37,34,79,89,52,18,72,48,44,52,45,39,,88,62,64,54,57,101,96,113,44,53,48,61,56,45,25,21,15,36,33,22,21,29,41,28,,,85,84,88,85,45,44,33,42,130,128,,38,37,47,51,40,21,12,26,22,8,25,23,26,24,6,23,22,20,35,39,36,43,27,30,26,13,16,13,18,17,13,37,47,34,32,27,32,30,37,32,16,16,16,23,22,17,13,26,22,24,25,26,29,32,35,35,33,33,34,26,28,20,32,22,30,34,38,38,205,217,210,,191,,200,176,,192,177,162,,129,174,181,187,181,156,150,132,165,150,138,148,136,146,167,,169,46,43,57,53,65,72,89,87,95,114,120,116,122,52,48,70,130,102,117,,64,66,,47,37,46,40,44,83,76,67,102,98,17,25,23,29,27,29,23,22,25,28,24,104,98,77,64,61,18,34,42,19,25,32,51,30,35,39,34,41,34,41,67,19,29,28,31,24,41,44,56,28,20,24,23,12,15,15,12,14,17,9,13,16,8,12,15,20,30,36,19,17,12,30,29,24,23,15,12,67,65,72,82,101,69,68,97,95,80,97,80,54,61,66,50,70,88,77,78,74,89,95,,74,112,112,99,119,113,67,74,58,78,,80,106,,74,102,103,110,116,27,69,39,,45,21,27,43,51,55,39,39,39,46,29,,,,,34,34,21,17,21,18,28,,25,48,42,38,43,48,31,24,31,45,46,29,37,42,,31,37,40,43,55,,41,43,57,60,61,58,115,,104,114,27,33,72,53,195,,29,,17,27,136,132,137,134,39,51,53,48,89,106,100,116,,,57,,122,155,64,69,37,42,61,63,57,53,85,79,75,110,132,66,,84,113,76,,118,104,121,137,112,72,52,74,57,42,47,41,76,60,56,187,199,107,102,12,62,53,45,59,146,135,111,211,,176,166,135,147,150,133,27,21,36,49,48,61,88,30,159,35,79,67,84,220,228,181,157,165,47,36,56,55,28,54,79,165,202,214,101,21,78,74,57,98,177,130,75,42,64,57,34,100,59,48,79,60,75,86,118,49,19,103,46,104,46,57,46,158,146,82,111,46,107,76,73,81,218,,84,180,176,26,82,106,94,49,22,54,180,34,154,141,23,12,77,188,131,98,70,187,29,189,38,158,30,32,36,31,134,114,46,112,82,150,99,57,82,70,256
20171215,19,SO2,2,1,3,3,5,2,2,5,1,5,4,2,,,4,,8,5,7,,7,5,6,,5,7,,30,22,32,40,28,42,17,14,20,23,33,29,16,21,60,42,,33,18,,30,29,23,30,23,35,29,27,8,,21,27,9,11,13,12,8,10,7,5,,4,24,33,25,18,18,14,30,,38,23,7,,9,7,8,8,14,13,9,14,16,13,9,15,13,11,13,10,41,39,,42,42,31,33,26,,22,15,25,33,17,19,15,16,16,21,22,121,191,48,74,30,10,17,49,12,11,24,19,26,,42,18,74,82,15,23,34,227,7,6,7,8,8,8,7,6,6,8,10,8,5,7,5,8,7,4,16,8,7,5,13,7,8,16,10,11,8,8,12,14,25,,,,21,9,,20,26,17,,11,7,7,,13,7,7,8,6,8,8,8,5,,,,8,10,,5,1,2,5,5,,6,10,7,14,10,5,7,12,,10,,5,8,7,11,8,6,7,9,8,9,6,3,11,8,8,8,11,8,,6,7,5,11,9,9,5,4,11,,,6,,4,7,,5,3,5,5,8,9,,10,9,5,4,6,5,3,4,4,3,4,4,6,6,7,3,1,1,5,,7,,8,8,2,9,,3,,1,6,8,6,,,6,13,27,38,27,16,23,31,43,21,8,19,17,19,11,19,16,18,14,11,12,11,9,9,12,13,13,5,4,4,6,3,3,,4,4,6,4,5,4,4,5,6,4,2,5,8,10,10,,7,6,9,5,11,11,8,9,10,8,11,9,11,8,13,4,6,5,16,10,11,18,13,10,12,10,11,14,12,7,12,19,12,14,14,16,13,11,4,7,14,13,11,15,12,11,11,9,9,7,8,8,9,10,,11,10,12,10,9,12,4,8,6,5,6,12,,28,12,10,6,10,9,9,,,15,11,10,8,11,,9,7,2,10,,,8,9,8,24,10,11,42,54,33,27,21,13,7,9,9,10,13,13,5,7,4,1,,7,22,27,38,24,26,21,26,29,30,38,22,14,29,14,11,6,17,14,20,,27,23,32,,,,30,57,4,7,16,8,8,,15,8,8,3,9,6,19,6,9,8,4,12,6,7,6,7,5,9,13,6,10,15,,6,7,10,30,37,11,26,35,22,17,30,36,44,19,76,38,39,137,10,10,14,6,,23,,20,36,23,17,13,,15,14,,15,19,32,20,24,44,38,41,,80,39,24,21,21,21,7,12,9,7,13,,33,,27,,23,9,15,8,17,14,28,10,9,6,12,6,7,29,29,37,,10,9,8,11,9,9,8,9,9,13,20,20,11,15,15,9,12,23,22,31,13,5,4,4,10,8,8,2,4,4,14,16,22,5,6,,20,18,,24,14,35,27,9,5,5,9,,,7,4,4,26,,22,14,14,29,40,45,,49,62,,22,18,11,19,20,54,57,77,75,37,29,9,10,11,,15,6,17,66,79,15,13,47,39,36,40,18,32,25,30,27,34,31,10,68,35,52,135,69,32,20,26,22,15,,46,8,74,67,25,40,14,15,2,6,19,10,15,9,11,10,7,6,9,7,11,13,10,7,11,6,10,11,15,14,19,5,8,36,32,,31,22,24,23,17,22,17,,14,,12,8,10,13,10,7,6,25,25,15,29,24,23,,21,10,9,11,11,12,8,13,11,11,5,7,3,3,7,,5,,,8,7,4,6,4,8,13,11,10,5,5,6,13,3,8,29,16,25,3,3,1,3,15,10,7,20,12,12,12,17,12,26,30,24,13,7,18,20,11,12,,,16,4,15,4,6,6,6,8,6,39,6,35,8,10,,45,17,7,24,32,36,24,28,47,29,34,12,17,16,14,8,14,13,21,15,39,20,18,23,31,25,12,6,3,2,2,,40,4,17,14,4,9,10,7,6,5,9,6,55,34,12,20,15,21,13,10,48,18,20,10,19,16,11,11,14,8,9,12,9,15,8,7,16,13,11,14,13,3,3,14,11,14,,3,5,8,5,6,8,1,4,23,9,3,4,3,5,8,9,8,8,,8,3,1,,,13,26,13,20,12,7,8,14,9,10,8,,11,8,36,26,,36,26,17,30,23,45,45,40,37,,32,80,66,30,,39,17,12,6,10,25,,49,4,10,3,32,12,8,4,,4,16,16,23,,,12,4,19,17,9,10,8,34,36,14,11,10,32,142,15,43,51,,29,20,66,161,37,30,49,23,32,67,10,16,13,12,11,46,12,19,15,47,21,14,13,20,30,18,20,21,38,,9,14,14,20,16,15,7,9,14,16,19,16,14,23,12,18,9,11,16,20,35,22,15,24,15,11,14,3,,24,4,7,24,14,7,9,14,14,22,8,23,16,11,19,3,25,19,4,14,7,21,3,23,7,,13,8,9,7,13,9,6,5,9,13,,26,24,17,27,29,1,4,10,8,2,9,8,9,9,2,3,8,6,17,18,18,22,6,10,8,4,4,8,18,5,1,21,12,16,11,19,11,1,3,3,28,5,,5,21,7,3,15,2,3,12,9,21,16,36,25,18,11,32,7,6,6,7,4,9,8,6,7,7,14,18,,14,,16,14,,18,13,6,,8,10,13,10,16,19,10,,11,10,4,,6,1,14,,10,6,4,5,10,4,18,19,23,23,15,13,14,13,4,2,4,21,34,24,,8,5,,5,3,1,2,2,13,13,10,9,4,6,16,15,9,8,8,14,14,15,11,10,7,7,8,12,1,5,4,4,11,4,5,7,7,6,7,3,2,4,7,2,21,7,7,3,9,4,7,5,3,7,4,5,5,7,6,10,9,11,2,2,11,4,3,6,8,15,28,1,3,,4,9,9,7,5,6,14,21,16,10,16,9,12,6,7,,8,17,5,207,5,3,4,14,8,6,17,20,18,,19,13,6,12,16,8,20,3,4,3,,6,13,,6,2,13,7,9,9,44,9,,20,10,9,7,8,8,10,30,47,29,21,,,,,3,13,17,13,7,4,7,,38,16,7,16,44,12,14,9,8,3,17,23,17,13,,7,10,4,8,10,,5,11,12,18,8,11,10,,5,7,6,4,15,11,5,,2,,6,3,15,31,12,20,10,32,25,31,16,103,68,7,,,7,,24,38,8,11,9,9,13,13,14,11,12,37,32,113,25,1,,22,43,4,,52,22,9,16,39,24,13,6,5,7,12,4,,13,9,18,16,9,7,4,9,11,17,10,16,21,3,3,,9,9,9,62,47,40,5,30,13,10,20,19,20,12,34,11,6,6,5,36,59,69,100,8,8,10,8,15,8,27,7,36,34,15,8,9,9,8,11,36,24,20,13,5,7,5,6,4,3,2,5,20,83,31,40,1,10,8,8,12,7,11,6,10,45,23,18,10,29,9,11,10,16,,5,12,32,5,20,8,9,6,19,66,32,7,25,11,3,3,5,20,25,8,12,16,5,32,6,13,22,49,45,46,3,31,11,25,7,10,6,8,6,,11
20171215,19,SO2_24h,8,8,12,6,11,12,10,13,5,12,11,7,,,11,,16,14,15,,14,10,13,,9,8,,21,19,26,29,24,24,28,22,24,29,32,35,24,35,48,43,,41,11,,39,28,26,35,30,32,29,28,15,,24,15,12,24,25,26,25,24,12,11,,14,26,33,30,11,16,15,26,29,23,22,88,,52,136,184,125,191,46,128,17,21,16,13,13,13,14,13,52,70,74,,58,75,75,76,73,,59,25,34,23,23,17,14,13,26,21,24,83,115,44,55,59,23,22,46,19,18,49,49,27,,120,98,98,103,78,22,48,78,9,7,8,9,9,8,8,7,7,10,13,10,7,6,4,9,8,5,13,8,6,6,13,7,7,16,10,14,11,10,19,15,31,,,,17,6,,11,21,10,,6,7,7,,14,9,6,10,7,8,9,10,9,,,,13,18,,2,2,4,6,5,,6,13,6,15,10,6,8,9,,10,,4,7,8,13,10,6,9,9,9,10,8,4,14,8,16,14,13,12,,10,12,8,10,8,9,7,6,13,,,7,,10,12,,5,7,7,5,8,9,,15,13,6,5,6,5,4,5,4,3,4,4,6,3,8,3,2,1,5,,8,,8,8,2,4,,3,,2,6,7,6,4,,6,19,19,24,27,21,24,33,31,25,14,22,20,23,12,24,17,23,20,18,17,18,12,12,20,21,16,4,3,4,5,4,2,1,5,4,5,4,5,4,3,5,6,3,2,5,7,11,11,,6,5,8,6,12,13,10,10,8,5,8,7,11,8,10,5,8,8,12,13,11,19,15,10,16,9,8,12,26,17,16,17,15,17,17,22,18,13,9,9,20,20,16,16,11,10,8,10,11,9,12,11,13,10,15,13,9,12,10,9,10,4,6,5,4,6,7,,15,12,14,10,12,12,11,,,15,12,12,9,17,,9,6,3,10,,,9,10,11,15,10,11,32,31,21,12,20,15,12,12,12,13,25,25,7,10,7,3,,6,34,32,33,31,33,35,27,34,22,32,29,24,31,35,30,28,31,35,26,,28,24,28,,,,33,42,4,11,14,10,12,,12,7,8,9,8,6,19,6,8,8,4,11,7,6,5,8,9,11,10,8,11,21,20,13,15,18,32,39,14,25,38,31,22,46,76,73,41,124,54,34,81,8,8,10,4,,35,,18,19,26,14,12,,14,12,,12,24,30,24,29,38,31,54,27,57,37,15,15,19,24,20,27,20,24,29,,20,,20,,19,24,27,25,24,17,31,12,10,7,16,12,13,25,25,17,,9,8,8,11,8,9,9,9,12,11,21,16,10,15,18,15,22,14,28,43,28,7,5,8,10,8,9,2,7,5,15,16,16,6,7,,25,23,,25,24,24,24,11,8,8,9,,,10,8,9,22,,36,23,26,43,20,27,,31,39,,101,82,93,82,108,132,140,115,101,145,116,53,17,29,,56,43,63,76,94,58,33,51,41,32,35,24,52,66,71,70,88,63,38,106,62,68,143,76,36,25,39,34,26,,26,36,57,50,20,32,24,35,31,23,23,13,30,22,39,23,8,7,9,7,17,16,13,13,21,6,11,12,11,11,14,3,6,29,19,,25,22,16,17,13,17,11,,11,,16,11,15,14,10,8,10,21,22,14,19,21,21,,19,13,10,11,12,13,8,14,11,8,4,7,2,3,6,,3,,,4,7,7,6,4,4,11,12,11,6,6,6,10,4,15,50,13,22,7,2,2,5,13,16,9,16,14,13,12,15,15,65,28,30,22,10,6,17,11,19,,,17,6,11,7,6,3,10,10,6,9,8,26,7,8,,17,21,10,18,29,25,22,23,35,27,32,15,14,69,53,13,13,20,16,16,33,19,21,25,25,23,16,6,4,6,9,,31,33,45,38,3,7,9,6,6,8,11,8,32,24,12,20,22,30,17,14,28,22,42,17,19,19,16,15,15,11,13,13,11,15,14,9,22,12,13,16,16,4,3,15,12,23,,3,5,8,6,6,10,4,4,12,10,14,6,7,7,9,10,9,10,,10,4,2,,,22,20,26,16,10,5,8,12,10,12,9,,14,12,37,50,27,33,28,28,70,51,65,28,63,172,,189,169,62,44,,69,42,61,49,37,52,,75,6,11,5,33,23,15,5,,7,28,13,19,,,15,5,42,29,10,10,8,52,41,36,49,37,58,69,48,62,53,,48,43,171,61,161,153,60,47,54,40,31,70,61,73,58,22,13,23,22,45,44,36,14,34,42,13,26,20,36,,15,26,20,14,14,12,8,13,15,14,19,20,16,36,8,14,14,13,42,50,44,16,7,18,31,16,14,5,,22,5,7,23,15,8,9,17,10,20,6,17,8,7,21,6,20,10,5,8,4,22,1,14,4,,12,19,8,15,11,18,3,10,12,15,,26,20,20,25,17,2,4,7,6,2,11,9,13,19,2,10,14,12,11,10,9,8,6,9,8,4,4,5,17,5,6,23,12,16,16,22,16,3,8,8,15,23,19,16,26,4,3,10,9,2,10,7,18,13,16,12,17,12,19,6,7,7,7,4,9,17,21,14,5,8,10,,15,,8,11,,16,11,13,,14,10,12,9,13,10,8,8,9,7,9,11,12,4,11,,9,7,4,6,8,5,12,21,18,19,15,13,13,8,4,2,4,13,22,13,,7,8,,3,2,2,4,2,5,7,4,7,4,6,16,14,8,9,7,7,13,10,12,17,5,5,3,7,1,10,7,7,14,4,9,4,16,5,3,4,1,3,4,2,6,4,8,3,6,9,5,3,3,8,5,7,5,6,6,12,12,12,2,6,7,4,3,6,9,18,25,2,3,4,5,10,8,6,5,6,15,21,16,10,12,8,10,7,8,10,9,19,6,28,9,2,4,5,6,4,16,19,14,,16,16,10,12,12,17,19,2,8,11,,5,9,,6,6,8,6,8,8,17,8,,20,11,9,10,13,16,11,26,42,31,16,,,,,2,9,10,10,6,3,7,,56,12,8,16,44,13,12,8,8,5,11,20,22,12,,9,10,7,6,8,,4,9,16,15,10,11,20,,7,8,4,5,17,9,5,,8,,5,3,14,14,11,17,15,30,25,20,11,23,24,14,,,8,,42,26,14,13,12,12,17,20,13,10,19,38,18,56,48,4,,30,28,10,,40,16,11,29,57,21,14,13,16,8,14,6,14,17,11,20,26,15,11,5,14,9,10,12,18,18,4,13,,22,24,35,42,49,37,4,14,12,11,13,12,36,5,36,12,11,8,12,35,195,67,100,34,5,9,10,12,10,25,7,20,19,10,9,9,24,24,34,26,72,60,11,6,4,5,6,11,7,4,16,36,67,69,33,7,18,10,8,13,12,14,6,9,48,20,25,12,19,12,15,16,128,,11,10,26,6,28,10,12,7,23,16,26,8,19,16,3,3,15,16,30,18,29,24,5,42,14,10,17,39,32,43,10,29,21,34,9,21,6,3,4,6,7
20171215,19,NO2,18,7,27,37,43,21,19,21,18,39,31,15,,,47,,47,44,54,,37,52,55,,34,35,,92,99,92,118,90,86,23,62,61,69,46,68,78,34,78,80,,69,91,,81,75,105,97,89,83,98,101,10,,23,25,13,27,42,4,18,18,22,20,,21,54,48,49,81,80,67,85,,88,79,24,,10,25,31,21,39,23,13,13,24,23,5,22,15,11,16,13,64,72,,63,67,63,61,60,,43,33,31,48,34,25,33,18,32,26,26,65,56,60,62,62,30,24,57,59,28,61,69,50,,55,46,57,56,52,68,52,93,52,45,55,44,51,29,49,28,62,39,45,34,57,63,57,47,36,49,59,49,56,56,38,68,42,74,54,26,32,32,40,30,58,,,,55,52,,57,57,48,,41,33,31,,59,67,63,67,71,74,53,43,48,,,,40,39,,38,47,39,37,43,,46,50,47,54,56,43,24,37,,39,,51,55,58,64,81,39,68,66,69,79,61,53,75,70,77,62,41,34,,67,,34,65,61,66,50,70,58,,,40,,41,50,,53,52,47,12,12,8,,58,62,52,62,50,40,38,35,34,34,26,39,27,,54,,45,,21,,35,,46,50,8,46,,31,,27,29,43,44,17,,20,72,72,69,72,53,76,75,70,73,75,65,103,69,85,75,65,74,66,76,68,71,59,69,70,77,69,29,33,35,52,37,57,,33,40,26,34,31,33,31,44,37,45,41,36,32,52,45,,48,41,53,43,40,39,45,39,90,48,60,90,42,41,74,11,11,31,64,108,106,97,69,45,35,48,45,52,50,43,40,63,54,61,74,50,51,52,45,42,50,42,52,54,35,38,34,39,57,28,34,30,38,38,,50,32,23,38,47,45,7,28,21,24,26,38,,63,72,69,60,60,49,49,,,66,61,73,58,49,,88,80,72,93,,,78,22,29,54,35,20,45,50,48,51,49,30,48,7,34,36,37,45,14,32,9,8,,5,100,117,109,98,,91,96,82,117,91,108,99,106,11,23,7,22,50,62,,65,47,26,,,,41,56,58,62,30,48,49,,19,36,36,36,44,37,42,42,40,47,45,17,39,30,20,17,13,20,23,15,11,28,14,23,18,15,41,74,45,47,26,33,26,37,82,95,22,50,55,78,80,,54,43,28,,66,,64,74,68,62,69,,65,55,,55,76,85,83,71,90,72,85,89,88,46,53,35,29,26,4,26,23,19,18,,56,,78,,68,54,63,57,37,63,65,58,57,60,9,9,17,82,85,86,,35,40,38,29,39,70,40,27,53,38,42,30,31,33,35,23,30,37,20,17,18,22,21,30,19,27,23,34,28,26,53,47,45,31,27,,37,34,,53,48,64,48,34,24,30,24,,,47,51,44,25,,29,18,13,31,64,126,,76,102,,15,19,15,4,2,82,84,70,77,36,30,16,13,32,,55,52,69,62,73,46,24,65,74,63,59,52,68,55,44,36,64,56,50,77,48,72,44,44,30,31,39,35,18,,17,46,56,60,28,44,30,38,22,24,23,25,47,36,91,36,55,61,61,48,54,41,43,51,60,32,32,31,36,37,41,35,18,112,110,,92,,84,101,59,72,,,74,,56,68,58,71,79,84,65,76,76,79,58,64,18,,22,,60,60,44,57,63,48,60,45,25,29,29,21,17,,38,,,10,51,,10,8,19,39,22,31,20,22,16,21,14,27,23,24,28,21,14,17,16,92,69,67,48,34,45,44,62,29,72,53,91,74,35,46,45,51,65,,,79,32,46,58,51,33,36,46,52,85,53,45,36,45,,36,39,27,99,85,95,89,70,68,95,94,24,48,41,24,13,42,90,101,44,89,87,,91,105,107,267,8,8,4,23,,22,18,18,15,31,25,10,39,15,35,,21,78,84,59,65,80,74,79,56,74,82,32,20,,49,7,8,15,13,15,25,17,18,23,18,13,4,46,44,40,40,37,46,42,42,,,40,38,27,49,52,34,44,58,52,30,32,27,28,30,21,49,62,,57,68,60,,,22,37,41,33,48,45,42,38,33,34,38,,48,31,48,58,54,59,29,19,19,30,24,30,42,25,,25,56,38,25,,22,18,24,18,13,31,,38,14,15,9,21,26,6,48,,15,22,21,15,,,12,5,15,13,14,15,9,33,23,11,13,26,64,75,56,59,50,,62,68,37,56,35,16,9,63,60,57,41,39,21,16,9,54,40,23,,,36,20,51,71,61,21,49,62,68,,44,31,66,22,72,59,7,35,37,51,52,11,66,26,20,14,17,15,38,35,36,10,46,44,60,57,31,53,,26,30,27,33,16,43,43,51,57,63,36,30,51,46,43,35,42,41,41,29,45,34,41,67,53,,47,72,64,71,35,36,31,36,23,37,,34,49,48,52,9,29,11,31,24,6,36,45,33,26,3,25,26,47,34,40,42,32,44,46,44,21,16,31,36,43,34,25,39,33,27,41,31,29,25,32,41,41,26,42,41,26,35,37,42,43,32,37,35,45,38,33,29,35,37,29,39,33,35,36,47,32,26,28,92,75,85,,72,,78,61,,63,61,62,,76,73,63,64,70,63,92,76,81,61,73,71,60,61,76,,51,25,37,53,34,43,19,90,83,91,65,70,88,86,41,29,25,70,64,,,37,31,,29,55,48,41,28,33,48,50,37,28,26,33,43,33,49,36,18,28,28,25,36,18,33,,15,29,39,33,34,34,36,36,47,28,21,48,10,19,18,28,15,10,57,26,22,20,2,53,36,37,26,28,43,26,21,25,13,12,23,16,25,27,18,19,31,34,34,37,29,22,14,29,51,22,21,18,20,10,41,54,26,78,76,81,54,43,,43,68,24,61,49,41,39,82,77,56,21,42,37,,41,57,81,71,60,74,14,59,37,52,,62,80,,30,54,57,64,91,25,49,44,,17,18,29,21,21,25,47,56,53,61,29,,,,,,28,52,38,23,19,30,,18,23,11,28,40,,42,20,22,14,23,19,15,16,,10,9,26,28,27,,23,28,32,,21,56,8,,19,11,2,18,21,11,13,,3,,9,16,30,60,45,63,45,44,41,42,62,43,63,32,,,8,,55,66,21,14,14,8,14,15,23,18,14,39,29,44,19,8,,27,44,29,,41,24,19,9,18,38,8,,21,11,20,13,,18,22,57,56,32,,5,24,20,18,20,57,51,9,2,,32,15,15,66,58,50,11,4,58,29,46,31,41,73,46,43,44,58,47,87,49,23,52,27,42,46,40,57,31,15,43,76,73,63,62,36,22,28,28,48,45,66,38,56,21,61,55,20,75,64,32,22,62,38,41,25,56,63,41,67,46,50,23,30,72,58,54,47,70,63,74,51,18,,55,56,125,31,43,59,52,,14,20,85,12,57,44,34,17,37,90,60,12,9,63,40,59,23,57,40,40,41,43,2,42,11,71,71,79,53,39,44,39,69
20171215,19,NO2_24h,45,27,46,47,53,46,49,55,45,40,47,49,,,49,,48,52,49,,50,54,50,,53,46,,72,73,69,82,62,68,54,59,56,62,60,60,63,62,63,73,,71,62,,55,63,81,74,69,65,76,79,20,,25,22,23,40,50,38,45,36,50,52,,48,48,49,50,49,50,47,62,59,65,61,68,,60,64,65,63,64,59,72,15,22,24,23,26,19,14,16,47,61,66,,50,65,64,66,62,,57,41,33,37,37,27,36,18,52,40,33,51,46,52,46,51,28,32,48,38,33,55,61,38,,68,68,75,69,67,40,50,70,51,48,54,49,53,50,53,29,50,39,46,33,55,48,42,42,43,44,50,50,56,55,40,61,42,68,57,33,35,38,39,40,54,,,,57,49,,52,55,58,,39,28,26,,50,58,46,52,54,52,51,40,54,,,,45,39,,24,32,36,27,31,,37,43,37,43,43,43,32,46,,42,,45,46,52,59,77,33,64,55,60,72,60,48,65,54,59,62,56,55,,58,66,51,55,48,61,49,60,48,,,47,,57,61,,34,35,38,12,9,12,,52,52,39,42,36,28,33,42,36,32,27,22,32,26,49,45,40,27,31,,40,,51,38,8,28,,31,,27,32,39,44,27,,19,60,53,59,64,53,69,65,56,61,67,64,82,67,95,82,65,65,57,63,57,55,49,58,55,63,51,28,29,33,38,30,44,33,29,31,25,30,31,32,31,40,37,40,40,32,32,51,44,,48,41,55,38,40,32,44,27,43,30,39,43,22,33,55,10,22,23,41,68,67,64,72,45,36,46,47,58,48,45,39,65,57,62,72,56,55,54,51,37,45,40,41,47,28,26,27,31,39,38,34,38,38,32,37,41,26,20,38,37,41,6,8,8,9,13,28,,45,46,38,50,43,47,42,,,39,52,47,42,47,,42,44,54,43,,,51,24,21,31,31,14,30,28,31,29,31,43,40,15,40,41,45,48,36,65,41,24,,35,69,76,78,72,34,60,69,61,64,62,64,64,68,46,48,19,60,63,45,,59,27,22,,,,40,44,55,53,37,50,39,,24,39,33,33,41,38,36,38,34,38,38,15,33,29,30,12,16,11,12,13,11,26,24,19,18,22,38,53,39,43,24,28,29,38,54,61,41,52,38,39,49,19,26,33,12,,61,,56,59,60,54,48,,51,24,,46,65,73,64,65,82,58,64,65,83,45,62,39,26,21,40,50,49,48,47,,37,,50,,48,49,55,55,43,50,60,51,46,51,27,37,32,60,54,56,,29,34,29,26,34,30,22,16,33,26,36,29,30,32,31,24,31,34,23,20,24,30,25,34,17,23,17,28,24,22,44,40,39,33,29,,36,29,,39,40,43,33,34,26,34,17,,,50,49,44,11,,18,13,15,18,34,54,,40,41,,42,46,46,32,41,75,70,60,70,63,55,31,27,52,,52,52,52,49,61,49,41,54,57,43,48,37,63,51,45,46,54,50,42,53,49,51,46,43,42,32,47,45,37,,17,38,40,43,32,34,29,44,39,41,24,29,49,45,83,51,50,48,55,45,41,35,39,41,35,32,31,27,40,30,39,31,10,55,59,,56,33,48,52,52,56,54,,60,,51,55,53,47,51,57,45,50,49,46,44,46,43,,41,32,48,45,39,42,45,42,37,28,21,23,25,15,14,,36,,,18,33,30,16,11,19,35,21,30,20,22,17,21,10,29,23,21,26,16,10,11,28,44,38,33,35,38,41,37,45,31,68,45,70,43,32,40,31,44,38,,,51,31,41,45,39,19,22,27,36,35,30,36,29,34,,28,31,21,70,60,66,59,34,45,48,41,31,44,50,48,49,43,55,60,51,49,51,52,66,61,63,87,9,11,7,23,,27,27,22,22,28,21,6,37,19,31,40,31,47,56,51,53,66,63,77,52,59,76,49,41,44,50,18,36,40,42,44,50,32,29,38,43,32,28,47,81,47,40,38,40,35,40,,,33,33,23,40,68,36,42,44,48,38,37,45,107,22,17,51,57,,48,50,47,,,40,35,48,30,44,33,44,43,45,43,44,,34,31,51,53,40,58,38,25,33,43,28,15,44,68,,60,64,50,41,,44,42,51,47,44,34,,39,12,14,9,19,26,11,28,,16,19,17,12,,,13,5,21,17,13,11,7,32,34,27,29,33,56,69,54,52,38,,54,63,40,48,52,43,55,63,44,50,44,55,47,50,45,29,17,45,26,36,50,28,35,56,45,13,43,45,60,,36,28,39,14,42,32,6,31,40,33,49,22,68,47,43,12,13,23,54,58,44,8,29,27,31,49,22,41,,35,25,27,34,17,47,45,55,58,54,46,44,54,52,36,25,37,35,26,21,21,30,28,38,35,,36,51,44,50,32,30,24,23,35,43,,29,44,63,56,33,22,8,31,20,7,25,27,28,22,3,19,21,24,27,28,32,39,36,37,34,8,9,11,25,26,32,18,32,26,20,34,31,31,30,35,33,39,16,34,33,25,33,33,36,41,27,32,29,38,33,29,24,31,32,18,27,24,26,24,38,27,25,16,72,54,60,,48,,52,52,,55,52,49,,55,53,43,42,49,31,54,44,53,39,55,54,40,43,57,,41,23,34,46,35,32,21,51,51,53,45,49,62,52,35,20,17,48,53,49,,31,30,,20,46,42,38,24,24,28,28,36,30,28,30,36,29,43,32,21,27,28,27,31,26,40,30,22,26,36,29,28,29,28,36,47,28,20,24,12,14,15,15,13,13,19,30,26,20,4,28,23,28,19,24,33,24,20,22,13,15,24,13,18,21,16,14,21,24,24,18,27,18,12,20,21,14,15,11,12,18,32,36,31,35,31,34,29,24,12,25,39,26,40,34,28,35,44,51,36,20,28,29,,28,46,69,51,55,56,28,18,20,28,,36,37,,22,55,23,33,28,15,18,22,,22,17,29,27,43,36,38,35,30,44,19,,,,,5,21,30,23,17,14,29,,19,16,15,20,26,4,28,19,20,20,18,15,24,16,,9,9,17,19,25,,16,17,33,28,24,31,7,,28,16,10,22,45,24,15,,8,,9,13,27,42,45,38,25,36,29,30,26,34,36,35,,,9,,45,54,22,14,13,10,27,24,24,28,21,30,19,35,48,26,,36,40,27,,34,22,27,20,19,23,12,22,25,11,20,12,37,20,29,70,70,30,58,4,30,20,9,27,55,50,30,32,,54,39,45,49,50,46,9,4,38,30,35,29,55,35,35,42,56,54,49,67,69,42,42,54,43,33,70,59,38,18,27,50,46,52,45,32,30,28,27,38,56,60,28,46,17,30,52,48,42,51,47,18,41,33,38,16,51,53,23,58,49,54,34,33,68,46,52,48,59,54,42,49,47,,52,46,66,31,40,35,36,18,12,16,55,10,50,43,33,16,57,61,44,44,18,62,16,53,25,54,24,28,26,30,22,44,19,69,49,68,32,34,39,33,52
20171215,19,O3,52,65,25,37,28,53,63,57,50,29,41,59,,,30,,30,40,21,,32,23,22,,30,33,,5,4,6,4,2,,60,19,16,17,,17,14,48,9,19,,19,1,,2,,15,3,12,18,16,7,64,,57,52,59,47,,70,57,46,53,57,,51,24,27,28,3,4,9,8,,8,7,63,,77,68,54,51,35,54,63,62,60,65,65,63,68,64,52,40,5,5,,12,7,5,8,8,,24,50,40,33,45,43,53,50,48,50,64,15,13,5,5,10,33,39,16,22,45,37,11,41,,24,33,17,14,20,51,19,49,40,44,37,51,39,54,47,62,32,51,15,36,23,13,18,21,37,25,24,30,24,9,15,16,17,27,39,45,49,43,40,47,1,,,,3,4,,4,2,9,,22,23,35,,13,17,7,9,7,9,20,25,23,,,,27,27,,22,21,16,23,2,,28,10,17,13,12,18,47,39,,28,,2,4,4,6,13,24,3,1,2,3,6,4,4,6,9,26,45,49,,16,33,33,11,4,5,11,7,9,,,26,,25,18,,5,4,9,79,74,68,,2,2,2,7,6,3,9,35,6,15,24,5,27,15,39,24,13,6,42,,26,,15,5,37,56,,12,,15,26,4,9,23,,18,10,11,5,9,17,14,14,12,21,,9,4,12,18,14,11,6,3,9,5,3,7,6,7,5,7,28,28,26,16,17,19,,18,26,32,8,22,7,22,10,11,13,20,11,16,3,3,,4,3,4,8,4,2,3,7,56,48,64,3,52,76,41,83,102,76,32,29,34,32,24,2,4,,1,1,4,8,5,2,4,5,2,2,2,4,1,4,4,5,3,,35,29,33,51,52,15,6,10,5,7,5,4,13,27,13,5,11,81,96,57,67,60,25,,4,6,2,5,2,4,4,,,6,6,4,4,6,,9,31,43,3,,,38,88,10,13,34,19,6,4,10,6,4,67,39,95,68,73,67,49,94,83,100,82,,106,20,13,7,27,17,8,27,27,12,20,8,5,9,75,66,84,77,55,58,,38,60,44,,,,50,23,9,7,28,21,10,,41,22,13,15,15,20,7,6,8,4,6,54,7,17,40,59,72,58,61,59,63,61,59,55,65,61,50,25,26,30,43,36,41,39,18,17,45,35,16,12,12,39,21,31,51,,7,,5,3,8,3,3,,9,20,,13,12,13,4,4,3,3,9,1,15,14,8,10,3,31,75,54,53,63,61,,14,,9,,9,4,7,,36,,10,5,11,14,66,74,58,4,10,7,,5,6,5,5,4,35,66,73,44,70,68,14,10,11,12,10,13,10,11,15,14,13,20,10,85,83,80,14,12,14,6,11,7,9,10,,69,75,,27,30,15,70,5,5,3,52,,,8,6,6,58,,35,51,63,28,56,38,,56,21,,62,62,62,62,63,19,9,19,26,44,67,40,41,35,,15,22,19,8,22,23,31,8,22,16,13,21,15,12,17,26,12,3,7,15,25,23,28,30,47,42,39,47,66,,64,18,10,24,32,12,37,35,52,51,48,42,15,24,11,25,5,4,7,14,12,21,26,16,30,2,8,4,12,5,2,6,16,4,7,,14,11,10,4,12,8,,,2,,2,3,4,2,5,4,5,12,13,10,29,21,51,,66,8,7,7,9,12,3,18,11,4,13,21,15,23,8,,18,,,32,7,15,34,52,18,10,4,12,19,27,26,26,24,32,44,29,29,9,53,54,80,11,30,25,19,27,15,22,18,29,39,60,37,12,11,11,6,3,29,,,44,64,52,50,49,58,40,57,37,30,31,29,9,3,,7,9,15,17,24,21,18,20,19,36,12,67,25,58,74,76,52,6,9,57,13,20,4,5,3,6,,69,66,73,52,,57,71,63,69,23,20,16,25,33,42,58,68,13,5,5,5,1,2,10,14,9,9,45,42,22,14,61,63,44,1,61,46,57,71,59,69,71,59,26,33,41,28,35,,25,36,,,42,45,38,13,23,26,31,9,13,50,30,39,25,39,46,34,26,,48,,1,,,52,27,8,48,52,44,,45,49,45,44,,32,60,59,38,45,53,73,71,51,56,41,40,45,88,,48,25,53,50,,71,65,52,60,53,50,,47,64,66,74,36,31,56,8,,66,44,72,69,,,47,57,55,58,76,70,77,35,40,54,54,43,13,16,8,10,13,,5,7,25,29,36,55,43,27,11,15,29,51,50,59,56,10,19,30,28,75,61,75,22,20,26,44,28,16,11,,,45,10,58,4,13,42,35,33,20,17,56,20,42,42,44,40,46,59,,24,46,18,15,24,20,19,20,,33,19,22,21,21,11,13,15,23,6,19,20,22,13,46,25,23,38,23,59,17,43,29,35,2,,7,7,12,16,20,25,22,9,51,55,,22,43,52,28,55,53,60,48,64,68,3,4,9,11,46,29,30,5,12,9,4,5,2,2,1,3,2,2,2,3,6,1,2,2,14,6,2,1,5,2,4,2,3,3,4,24,21,46,12,11,53,7,6,9,7,6,6,6,6,2,6,5,8,5,,6,2,6,9,11,5,,7,,6,6,,11,5,3,,1,13,23,9,9,5,14,10,18,17,,4,,,23,,24,1,1,1,2,1,81,14,14,8,12,6,10,5,3,6,12,14,23,13,,36,40,,8,2,3,3,2,59,39,24,11,15,20,9,5,6,9,15,32,,29,29,23,36,31,27,69,33,20,9,2,5,2,23,,18,25,8,41,33,34,26,30,50,36,39,36,43,12,21,7,6,13,7,,22,23,23,34,39,22,18,9,9,18,16,13,7,14,6,8,1,31,29,13,20,20,22,17,89,54,46,67,6,12,22,32,15,26,22,13,44,17,31,18,48,7,14,22,45,26,28,,23,43,32,21,54,60,60,58,33,75,,6,5,,47,20,27,17,19,55,11,15,,44,60,66,59,71,64,50,22,29,52,52,,,,,57,40,10,21,3,19,23,,28,52,77,23,27,77,76,75,61,65,64,58,71,58,,59,61,18,16,50,,72,66,68,64,34,28,90,,43,74,93,88,68,81,48,,70,,63,61,45,32,37,49,32,41,36,40,9,19,8,73,,,69,,44,47,73,70,60,61,91,79,59,62,76,53,31,51,61,96,,69,56,74,,85,73,74,103,62,64,54,38,44,75,69,74,,78,51,23,25,21,29,79,40,36,34,29,33,38,61,77,,72,74,91,11,6,17,52,22,91,30,16,30,56,21,52,3,27,15,27,2,42,55,32,51,31,25,50,11,26,34,25,10,16,18,40,18,63,49,55,42,11,4,30,16,64,16,22,57,27,4,32,47,15,40,44,6,,2,20,,28,25,41,5,13,7,6,24,15,5,4,6,67,,20,4,10,9,72,20,21,39,66,41,4,56,30,47,13,19,34,3,,65,45,5,8,4,110,29,13,20,19,16,62,58,68,19,6,3,29,13,29,17,13
20171215,19,O3_24h,63,69,40,57,58,62,74,77,68,57,61,63,,,62,,63,66,69,,55,77,69,,70,57,,23,15,17,14,12,11,60,70,73,70,72,67,71,48,50,41,,36,28,,32,14,51,38,38,43,42,37,73,,81,77,83,65,60,72,69,67,66,66,,60,57,65,63,30,37,35,28,22,23,23,63,,77,77,56,53,51,63,63,70,71,72,76,70,76,72,63,59,46,61,,66,67,49,34,48,,66,75,64,68,66,64,74,69,66,63,78,50,53,17,40,41,69,70,57,66,70,92,78,81,,61,67,35,43,52,103,86,72,57,59,58,62,63,54,65,74,67,72,25,40,30,31,34,29,41,38,39,39,31,26,28,34,27,43,56,60,60,55,56,62,37,,,,8,10,,14,12,15,,36,42,53,,29,33,31,40,32,39,34,52,34,,,,32,47,,46,49,39,51,54,,50,95,30,52,27,24,59,46,,46,,18,26,23,22,13,35,6,10,5,5,9,10,20,38,51,28,54,55,,29,40,33,24,22,8,31,28,33,,,36,,37,30,,39,54,40,81,84,72,,12,16,26,35,25,14,22,35,20,20,28,36,28,29,50,27,23,32,55,,53,,51,38,49,69,,21,,30,38,23,29,36,,37,21,27,10,20,36,24,26,24,45,8,12,5,20,20,26,35,23,20,24,20,19,18,22,36,16,21,28,28,26,19,18,36,11,18,26,34,13,24,13,25,16,15,16,25,17,18,12,24,,14,35,24,19,19,27,21,27,92,92,90,69,120,128,68,94,122,84,109,84,68,105,77,14,15,11,21,24,11,17,17,45,52,59,53,42,40,37,44,77,72,54,84,90,86,96,90,97,117,17,32,11,27,21,19,16,23,34,25,17,21,81,110,65,74,76,52,,39,45,38,34,50,25,26,,,51,29,47,30,26,,61,78,68,60,,,63,88,33,30,34,34,26,16,25,12,25,103,80,102,100,100,90,86,95,93,102,83,,106,84,75,56,88,71,99,86,88,88,79,96,75,70,91,79,85,90,85,91,,58,94,70,,,,77,52,23,23,45,38,34,,48,25,15,22,16,24,9,10,10,8,9,54,11,20,40,70,77,69,77,66,65,79,72,71,85,77,89,84,79,72,56,53,45,47,65,69,65,75,76,64,76,69,63,63,77,,19,,16,13,20,16,39,,41,40,,36,37,38,36,30,38,22,37,27,44,35,20,18,21,47,75,58,56,67,61,,45,,40,,32,38,34,49,36,34,16,44,60,68,66,74,58,34,39,33,,31,28,30,29,21,89,97,91,81,97,115,84,78,75,82,84,73,113,64,66,48,32,29,20,96,99,97,38,41,43,66,74,75,21,22,,95,112,,144,124,120,143,16,22,21,71,,,33,31,34,87,,60,71,79,60,105,97,,101,91,,62,62,62,63,63,54,65,69,47,50,98,54,52,63,,77,67,73,76,91,68,64,62,68,69,54,68,58,54,58,55,47,45,52,67,75,78,69,65,74,60,67,71,76,,84,60,48,62,53,61,54,42,64,60,63,61,47,47,50,45,16,23,16,23,29,28,32,29,118,20,29,28,36,28,37,96,95,47,78,,58,52,58,57,22,19,25,,6,,18,7,18,18,16,18,26,53,60,53,66,68,63,,82,46,11,15,30,17,27,40,41,17,15,25,25,33,20,,29,,,41,33,48,70,56,28,19,14,21,20,27,27,26,36,35,47,32,31,24,70,77,90,47,72,75,48,52,30,48,56,47,84,96,96,88,26,19,27,16,66,,,78,80,73,75,81,103,100,106,94,110,87,49,30,30,,28,38,57,60,86,69,85,94,86,94,80,95,25,83,91,79,97,76,88,89,83,88,87,73,69,72,63,81,78,86,67,,70,85,75,75,52,44,36,60,52,58,76,235,38,33,20,27,14,21,29,36,21,24,183,42,38,28,63,64,44,1,61,46,57,71,59,69,71,59,34,36,50,38,52,,47,57,,,66,60,48,38,39,38,94,31,34,71,35,39,25,57,64,41,37,,72,4,8,,,63,197,12,61,55,52,50,50,57,48,56,,68,91,81,74,82,84,90,87,79,84,72,76,82,88,,48,44,75,65,,80,78,67,77,64,68,,67,74,78,79,49,46,65,36,,73,48,79,85,,,56,65,65,65,89,93,93,69,58,64,66,67,66,61,61,65,45,,54,43,69,70,65,77,51,58,57,62,72,51,62,68,59,51,57,47,64,81,73,77,55,44,44,68,84,54,30,,43,60,58,70,37,38,53,66,57,65,42,70,45,64,53,60,58,57,91,101,53,50,38,77,90,34,34,42,,33,24,26,31,21,19,30,22,39,16,53,28,26,13,61,41,31,55,27,59,40,54,44,99,25,,21,23,26,26,36,32,36,36,51,55,,45,52,68,52,94,68,70,78,76,72,33,37,37,38,84,45,50,31,36,37,32,23,22,14,26,25,26,32,35,30,14,3,5,4,17,24,22,14,13,10,14,21,21,21,20,34,28,54,23,21,53,25,22,18,32,32,29,25,25,23,19,21,19,24,22,19,17,19,15,16,12,,13,,10,12,,15,11,31,,34,44,51,35,36,45,51,54,53,54,72,70,72,66,55,,54,11,8,11,8,9,95,55,50,62,28,24,37,36,19,24,28,35,35,35,,37,43,,26,13,12,9,14,59,58,65,25,31,20,12,6,7,11,16,37,25,36,29,34,39,32,195,69,35,26,13,8,12,6,30,14,22,26,10,44,42,40,35,37,50,36,39,36,43,43,33,33,28,32,19,19,36,36,41,34,41,22,37,22,22,25,23,23,17,30,26,16,10,56,52,51,28,27,39,33,94,73,74,84,79,64,65,89,42,51,48,48,56,57,59,48,81,58,58,49,59,52,48,,46,48,65,27,62,81,114,97,94,130,,64,66,,64,72,65,61,66,66,78,76,,45,76,79,70,74,76,53,43,57,73,58,,,,,57,49,51,48,16,33,31,,38,103,105,52,54,108,101,95,80,87,93,88,79,74,,71,68,69,54,90,,89,107,80,82,53,79,114,,73,81,94,92,82,93,64,,70,,71,69,68,61,53,74,88,80,83,83,39,28,28,86,,,80,,89,96,86,81,84,77,101,89,74,72,89,81,56,85,68,96,,81,72,79,,102,80,94,124,86,83,61,53,57,82,82,82,66,96,64,35,38,57,63,98,51,45,58,48,87,51,126,91,,81,74,91,28,20,35,56,66,118,50,47,45,86,65,83,24,69,50,57,12,49,72,56,69,42,55,56,27,31,42,40,38,44,43,56,39,81,76,76,79,66,61,49,38,77,80,29,64,73,28,58,67,59,69,67,21,9,30,47,28,36,39,47,8,19,39,19,41,36,31,37,31,67,,55,11,62,18,147,45,48,66,82,55,35,69,68,84,38,36,62,10,52,65,54,14,45,15,110,52,50,48,53,46,68,89,76,43,38,34,65,28,29,29,28
20171215,19,O3_8h,59,66,35,51,51,58,68,61,63,50,56,59,,,54,,54,58,56,,45,52,51,,53,49,,16,8,11,4,7,7,43,53,54,51,60,51,54,44,37,33,,26,12,,15,,33,21,26,30,30,22,69,,69,69,73,59,54,70,66,61,59,62,,55,44,50,50,21,24,25,20,16,18,16,45,,57,52,48,43,41,52,40,65,65,68,69,64,70,67,57,53,31,37,,49,46,32,23,30,,51,65,55,54,56,49,63,60,58,53,70,35,35,11,27,27,54,60,39,50,60,66,42,57,,43,49,27,29,36,79,52,57,44,40,36,44,38,40,41,59,33,37,13,32,22,18,22,23,35,21,28,30,26,12,16,19,18,31,34,53,54,48,49,51,3,,,,4,5,,7,4,10,,26,32,43,,15,18,12,18,14,22,20,26,28,,,,25,38,,36,38,21,34,25,,35,34,17,18,18,15,48,39,,34,,10,13,13,6,11,30,4,2,3,4,4,7,5,6,7,15,34,33,,12,20,16,16,9,6,10,9,12,,,30,,22,18,,15,8,12,76,74,61,,7,10,10,16,18,7,11,24,13,13,23,21,22,18,38,18,12,20,33,,27,,25,15,46,63,,13,,19,19,6,10,22,,15,12,15,4,11,19,16,15,13,28,4,10,4,16,16,20,11,9,11,16,12,10,12,14,19,10,13,18,14,11,10,11,17,7,10,19,26,10,20,10,22,12,13,14,21,14,16,8,13,,8,20,15,13,11,16,11,20,71,62,69,41,91,100,60,87,106,71,86,66,58,76,54,8,10,6,11,12,9,13,12,15,21,25,20,18,16,18,17,39,37,29,39,38,60,62,61,69,92,12,12,8,12,14,15,11,16,26,19,10,16,76,103,61,71,70,34,,16,16,23,10,4,5,16,,,17,11,9,19,10,,42,60,49,36,,,47,66,16,14,22,15,10,4,10,7,7,87,65,90,80,84,74,72,86,79,86,75,,82,53,43,29,54,42,56,54,55,54,51,50,42,36,77,68,78,78,70,80,,48,80,52,,,,64,44,11,14,35,20,18,,30,20,12,18,14,19,8,9,9,6,8,42,10,18,30,64,72,63,69,61,61,71,66,67,78,70,76,65,64,56,47,36,40,41,51,49,56,59,55,48,49,60,51,45,68,,11,,11,6,12,9,27,,30,22,,18,28,29,26,14,17,6,18,10,24,20,7,8,8,30,49,33,33,39,35,,23,,20,,18,18,19,32,19,1,8,22,28,31,33,46,33,21,28,16,,10,10,9,10,7,72,79,82,63,81,88,30,25,26,29,23,27,66,34,36,26,22,22,15,87,89,86,22,27,28,50,56,55,16,18,,83,97,,100,90,81,111,10,11,11,62,,,15,15,16,78,,52,62,72,50,79,72,,78,65,,45,46,48,46,48,30,38,35,38,30,70,46,46,53,,59,53,54,44,59,55,51,46,53,51,39,55,44,38,46,43,36,28,36,47,58,57,47,52,63,53,56,61,70,,74,44,34,39,42,40,42,35,52,51,50,50,32,37,35,34,8,11,8,13,10,16,16,10,38,5,13,7,14,10,4,19,23,29,51,,35,29,35,31,13,12,17,,2,,7,3,8,9,10,11,14,36,40,36,44,46,50,,66,13,9,10,18,14,15,28,28,12,13,22,21,30,15,,23,,,36,23,34,47,45,21,15,11,18,15,25,25,22,28,25,39,23,23,18,63,68,70,31,54,57,34,38,25,33,35,37,59,72,69,62,21,14,18,10,54,,,65,62,54,57,60,81,70,84,72,77,69,30,8,6,,6,10,9,44,53,46,55,75,62,78,59,83,20,70,80,74,80,49,57,71,52,64,55,43,36,39,46,70,68,73,62,,65,65,61,64,41,31,24,30,41,48,65,79,24,18,10,10,6,6,12,16,14,12,41,17,22,15,46,48,24,1,36,25,28,40,29,35,28,28,25,31,39,28,28,,31,41,,,43,46,39,17,30,30,42,17,14,52,32,34,20,50,56,33,28,,48,1,4,,,58,76,10,50,44,46,42,43,49,41,47,,53,74,65,56,61,64,71,76,69,75,62,61,71,47,,34,32,60,53,,66,64,58,64,56,57,,59,68,71,73,43,37,60,20,,70,44,74,80,,,49,52,56,59,80,78,79,59,52,61,61,57,49,46,42,42,37,,37,35,49,54,45,63,42,44,40,52,55,41,53,52,49,34,45,39,48,66,50,63,40,32,35,56,25,28,20,,,41,18,64,14,20,48,49,42,45,27,64,26,48,43,49,47,48,76,75,42,44,24,46,22,27,27,24,,24,14,16,20,16,10,9,12,25,7,16,17,22,12,51,33,26,48,21,41,21,48,39,41,11,,13,14,21,19,23,21,19,11,45,45,,35,45,50,36,58,56,63,56,70,67,8,8,11,22,61,31,32,17,22,20,16,12,6,3,4,12,5,7,6,10,11,2,4,3,15,14,12,6,8,3,10,7,7,8,10,30,24,36,17,17,35,16,14,15,10,9,8,8,8,10,12,12,12,11,8,7,5,10,12,14,9,,8,,9,10,,13,8,17,,17,28,36,21,24,29,35,36,36,43,46,47,61,43,42,,40,4,3,4,5,4,85,40,35,35,22,16,21,20,6,8,12,27,27,25,,33,38,,11,5,6,6,6,51,48,48,18,21,16,9,5,6,9,13,30,22,30,22,26,32,25,47,50,31,25,12,5,9,4,24,14,17,20,9,41,37,35,31,35,40,26,27,27,30,28,24,16,11,17,11,2,22,24,24,30,34,18,21,14,12,18,21,18,14,24,19,13,7,39,35,33,24,24,29,26,89,65,63,78,48,40,47,55,33,40,35,35,39,36,43,30,62,37,39,33,45,40,35,,35,43,37,20,45,71,54,70,56,80,,45,47,,52,56,52,41,51,59,46,52,,39,65,66,61,66,64,44,26,45,60,53,,,,,52,42,34,39,9,24,19,,26,84,85,38,41,86,89,85,75,77,75,72,76,70,,61,63,48,35,69,,78,90,67,65,37,58,84,,58,73,81,80,70,82,55,,67,,62,61,52,46,40,55,70,64,66,67,22,22,20,80,,,75,,74,71,78,77,70,65,98,83,68,69,84,72,48,68,53,86,,73,60,68,,88,71,80,110,71,72,56,47,52,79,76,77,,91,60,27,27,43,49,85,44,39,41,36,62,38,64,77,,70,68,78,20,12,24,54,38,102,40,36,36,68,50,64,13,51,39,47,8,42,58,48,60,31,42,36,16,26,21,34,20,26,25,43,23,72,64,59,60,50,41,38,27,64,55,23,59,54,3,51,60,46,60,59,8,4,17,35,5,31,33,38,7,15,25,10,34,26,9,24,8,52,,43,8,42,14,110,27,33,56,74,48,22,63,47,68,15,28,51,7,45,30,50,5,28,6,98,44,36,37,39,34,62,74,69,33,12,19,40,19,19,20,18
20171215,19,O3_8h_24h,60,66,35,53,54,58,69,62,63,53,58,59,,,54,,55,59,59,,46,52,53,,53,49,,16,9,11,5,7,7,43,56,57,56,60,54,59,44,40,35,,26,12,,16,,34,21,26,30,30,22,69,,69,70,75,60,54,70,67,63,59,62,,55,44,50,50,22,26,26,21,16,18,16,45,,57,52,48,43,41,52,40,65,65,68,69,64,70,67,57,55,38,49,,58,55,38,28,36,,56,65,55,56,56,61,63,60,58,53,70,42,44,13,34,34,59,62,45,59,63,72,52,81,,44,50,28,30,36,90,57,58,47,50,45,55,49,40,54,66,56,64,25,32,25,30,34,24,35,38,28,30,26,19,21,25,20,34,39,53,54,48,49,51,3,,,,4,6,,10,6,14,,26,32,43,,27,25,23,36,24,28,27,32,28,,,,25,40,,41,39,29,44,44,,43,34,30,18,23,15,48,39,,34,,12,14,13,6,11,31,5,2,3,4,4,7,6,6,7,15,34,33,,12,20,16,18,22,7,20,9,12,,,31,,22,18,,34,30,24,80,82,63,,9,11,20,25,19,8,11,24,16,19,26,35,25,27,48,18,21,30,52,,53,,39,32,48,66,,14,,29,19,20,13,32,,21,13,15,4,11,19,16,15,13,35,5,10,5,17,16,21,19,10,13,18,13,14,12,14,22,11,17,22,16,11,16,14,24,9,13,19,26,10,20,10,22,12,13,14,21,14,16,8,14,,8,22,16,16,12,19,12,23,87,80,75,62,91,100,60,87,106,71,90,68,60,77,56,8,11,6,12,12,9,14,13,15,21,26,20,19,18,19,18,42,40,32,44,40,60,62,61,69,94,12,13,8,15,14,16,12,20,30,19,11,16,76,103,62,71,70,45,,39,34,30,22,30,21,16,,,39,24,42,28,26,,42,60,49,36,,,47,66,24,26,22,28,22,14,23,10,22,87,65,90,80,84,74,72,86,79,86,75,,82,53,43,30,54,42,57,54,55,55,51,51,42,36,77,68,78,78,70,80,,48,81,68,,,,68,45,11,14,35,20,20,,48,20,12,18,14,19,8,9,9,6,8,46,10,18,30,64,72,64,70,61,61,72,66,68,79,70,80,75,71,64,47,36,40,41,57,60,56,65,66,55,65,61,61,59,71,,13,,12,8,13,10,30,,30,22,,18,29,29,28,14,17,16,28,10,24,20,11,9,21,33,49,38,33,39,35,,23,,20,,18,22,21,32,23,26,8,25,30,33,46,46,42,23,30,22,,31,27,29,25,19,75,80,82,64,82,88,47,42,42,44,42,38,76,36,41,35,22,22,15,87,89,86,24,27,28,53,59,58,17,18,,83,97,,102,92,87,118,12,12,12,62,,,18,17,18,83,,53,65,73,56,79,73,,78,67,,45,46,48,46,48,31,39,37,41,30,70,46,46,56,,65,58,60,51,66,62,52,52,59,60,45,60,51,44,50,47,39,33,40,54,61,63,53,56,63,53,56,61,70,,75,50,42,47,44,50,42,35,52,51,50,53,32,38,38,35,12,15,13,18,26,26,30,26,71,13,16,18,20,18,6,21,88,30,54,,35,30,36,32,13,12,17,,2,,8,4,9,10,11,12,17,36,41,36,44,46,50,,66,34,10,10,19,14,17,28,30,13,13,22,22,30,16,,23,,,36,32,48,47,45,26,17,11,18,15,25,25,22,28,25,39,23,23,19,63,69,70,31,54,57,34,38,25,33,36,37,59,72,69,63,21,14,20,12,56,,,65,62,54,57,60,81,70,84,72,79,69,47,25,20,,24,38,40,45,53,46,55,81,62,81,64,83,20,70,80,74,80,50,58,71,53,64,56,43,36,40,46,72,68,74,62,,67,80,70,70,41,32,28,53,41,53,65,215,24,18,18,27,7,6,16,27,14,12,41,17,22,15,46,48,24,1,37,26,44,53,36,35,28,28,26,31,40,32,43,,33,41,,,60,52,41,25,30,30,81,25,28,52,32,34,20,52,57,33,29,,54,3,8,,,58,76,10,50,44,46,42,43,49,41,47,,53,74,65,56,61,64,71,76,71,76,63,64,75,47,,34,32,60,53,,66,64,58,64,56,57,,59,68,71,73,46,40,63,35,,70,44,74,81,,,54,63,59,59,89,92,92,63,53,61,61,61,54,51,48,49,42,,44,38,49,55,45,63,47,50,51,58,63,41,53,52,49,39,48,42,57,66,50,63,46,32,36,59,58,54,21,,39,58,54,66,31,36,48,50,43,48,29,65,26,48,43,60,57,56,76,75,46,46,31,60,50,27,32,42,,24,23,22,25,18,10,15,12,32,7,53,26,22,12,52,37,27,50,24,41,33,48,39,70,13,,13,18,22,24,35,25,32,31,45,45,,38,45,58,40,58,66,65,56,70,68,32,35,34,27,82,36,37,26,25,27,27,17,12,11,26,24,24,31,33,30,11,3,4,3,16,20,16,9,8,6,10,13,13,13,13,30,25,36,18,17,35,18,14,16,20,22,20,18,19,16,15,15,14,18,13,12,10,14,12,14,9,,10,,9,10,,13,8,17,,18,28,36,21,24,30,35,37,36,44,48,49,61,44,42,,40,9,7,6,7,8,85,40,35,35,24,18,22,23,18,23,27,27,27,26,,33,38,,24,7,7,7,7,51,48,48,18,21,16,9,5,6,9,13,30,22,30,22,26,32,25,47,50,31,25,12,6,10,4,24,14,17,20,9,41,37,35,31,35,40,26,27,27,30,30,24,20,19,22,12,4,36,34,39,30,34,18,23,17,13,19,22,22,15,24,19,14,9,39,35,35,25,25,29,27,89,65,64,78,54,40,47,55,33,40,35,36,39,36,43,30,62,38,39,33,45,40,35,,35,43,37,20,54,71,84,74,56,108,,46,47,,52,56,56,41,51,59,47,53,,39,65,66,61,66,64,45,28,48,60,53,,,,,52,42,36,40,9,24,23,,36,84,85,38,44,92,100,95,75,79,75,72,76,70,,62,63,48,38,69,,78,90,67,65,37,58,84,,58,73,81,80,70,82,55,,69,,69,63,52,46,40,55,74,64,68,69,28,22,20,80,,,75,,74,71,78,78,70,72,98,83,68,69,84,75,52,68,53,86,,73,60,68,,92,71,80,110,71,82,58,47,52,80,77,80,36,92,61,27,27,43,49,85,44,40,55,36,62,38,64,77,,70,68,78,20,12,24,54,65,110,40,38,36,68,58,64,14,51,40,47,8,42,58,48,60,31,43,36,17,26,37,34,20,26,25,43,24,72,64,59,60,56,50,38,30,64,55,23,59,55,7,51,62,52,65,61,21,5,20,38,6,31,33,38,7,16,25,11,34,26,30,35,25,52,,44,8,43,15,110,33,33,61,77,53,25,63,47,68,18,33,52,8,45,30,50,5,40,6,98,44,37,37,39,34,62,74,69,33,38,20,40,19,19,20,18
20171215,19,CO,0.3,0.2,0.3,0.4,0.4,0.3,0.2,0.1,0.4,0.6,0.4,0.5,,,0.6,,0.2,0.5,0.4,,0.9,0.5,0.7,,0.5,0.5,,1.8,2,2.3,2.3,2,1.5,0.6,0.8,1.3,0.8,1,1.2,1,0.9,1.7,1.5,,2,2.4,,2.3,2.6,2.5,2.3,2.7,2.7,3,2.3,,,0.3,0.6,0.8,0.2,0.8,0.2,0.7,0.5,0.3,0.2,,,0.7,0.7,0.6,1.8,1.9,1.6,2.4,,2.5,2.2,0.2,,0.6,0.8,0.4,0.4,0.5,0.5,0.4,0.7,0.6,0.5,0.5,0.6,0.6,0.3,0.9,0.3,1.6,1.2,,1.9,0.6,1,0.6,0.7,,0.8,0.4,0.7,1,0.8,0.9,1,0.7,,0.8,0.6,1.1,1.1,1.2,0.5,0.7,0.6,1.1,0.8,0.8,0.6,1,2.9,1.4,,1,1,0.9,0.9,0.9,1.3,1.5,3.8,0.5,1,0.7,0.6,0.8,0.5,0.9,0.6,0.7,0.5,0.5,0.7,0.2,0.9,0.7,0.8,0.6,0.2,0.5,0.9,0.9,,0.7,0.8,0.7,0.4,1.3,0.9,0.8,1,1,0.8,1.3,,,,1.3,1.2,,1.4,1,1,,0.8,0.4,0.6,,1,1,1.8,1.3,1.6,1.3,1.5,1,1.1,,,,0.8,0.7,,0.4,0.5,0.5,1.1,1.2,,0.8,1.4,1.6,1.3,1,1.4,1.2,0.8,,1,,1.3,1.7,1.3,1.2,0.8,0.6,0.8,1.1,1,1,0.9,0.8,0.7,0.6,1,0.8,0.4,0.7,,0.6,0.7,0.6,0.7,0.8,0.7,0.9,0.7,1.1,,,0.8,,0.8,0.7,,0.9,0.8,1,0.7,0.7,0.7,,1.1,0.7,0.7,0.7,0.8,1,0.8,0.8,0.7,0.6,1.1,0.8,0.7,0.8,0.6,0.8,0.5,0.6,0.6,,0.7,,0.7,1.4,0.2,0.6,,0.7,,0.9,1,0.9,1,0.7,,1.4,1.2,1.5,1.1,1.1,1.1,1.1,1.1,1.1,1.7,1.4,1.2,1.4,1.5,1.3,1.4,1.3,1.8,2.5,2.8,3,3.6,3.3,2.5,3.5,2.7,3,0.8,0.9,1.1,1,0.8,1.1,,0.9,0.9,1.3,1.3,0.9,0.8,0.9,1.1,1.2,1,1.1,1.1,0.7,1.5,1.5,,1.1,1.2,1.4,0.8,1.4,1.1,1.1,1.1,1,1,1,1.3,,0.7,1,0.7,0.6,0.6,1,1.2,1.3,1.1,1.1,0.9,1.3,1.1,1.5,1.2,1,0.9,0.9,1.6,1.3,1.2,1.5,1.1,1.2,1,1.1,2,1.4,1.6,1.5,1.5,1.1,1.1,1.3,1.5,1,1.2,1.5,1.2,0.7,1.1,1.5,1.4,1.6,1.1,1,1.4,1.4,0.5,0.8,0.6,0.6,0.8,0.8,,1.2,1.1,0.9,1.3,1.1,1,0.8,,,1,1.1,1.2,0.9,1,,1,0.8,0.8,1,,,1,0.6,0.8,1,1,0.9,0.8,1.2,1,1,1.3,0.9,0.9,0.8,0.8,0.5,0.9,0.8,0.6,0.9,0.7,0.4,,0.2,1.5,2.1,2.3,0.9,1.4,1.6,,1.6,2.1,2,1.6,2.1,1.5,0.3,0.6,0.5,0.4,0.7,1.9,,1.3,1.5,0.4,,,,0.8,1.2,1,1.1,1,1,1.2,,1.6,0.8,0.9,1.1,1,1,0.9,0.8,0.9,1,1,0.8,0.8,0.9,0.7,0.5,0.4,0.4,1.1,0.4,0.3,,0.6,0.5,0.4,0.4,0.4,1.1,0.5,0.6,1,1,1.1,1.1,2,2.2,0.6,1.7,1,2,4,0.5,,0.8,0.7,,2.3,,,1.7,1.5,1.7,1.4,,1.2,1.6,,1.2,1.6,1.2,1.7,1.8,2.3,2.4,2.5,2,1.9,1.4,0.6,0.9,1.1,0.8,0.3,0.7,0.3,0.6,0.5,,1.7,,1.7,,1.7,1.5,1.8,1.4,1.3,1.4,1.2,1.5,1.5,1.2,0.4,0.3,0.3,3.1,3,2.9,,1.1,1.1,1.2,1.4,1.3,1.3,1,0.7,1.5,0.7,1,1.3,1.3,1.4,1.2,1,1.3,1.2,2,1.4,1,0.9,0.9,0.9,0.9,1,0.7,1.1,0.9,1,1.2,1.4,1.6,,1.2,,1.1,1.3,,1.6,1.1,1.7,1.4,1,1.2,0.8,0.7,,,3.1,2.2,2.7,1.1,,1,0.7,0.7,0.9,1.8,2.1,,1.9,2.2,,0.8,0.2,0.7,0.6,0.6,2,,1.9,3.6,0.7,0.7,0.6,1,0.5,,1.1,1.4,2.5,2.1,3.6,0.7,0.8,1.1,1.4,1,0.6,1,1.4,1.9,1.4,1.4,1.4,1.4,1.2,1.9,1.2,2,0.8,1.3,0.9,0.9,1.5,0.9,0.8,,0.7,1.6,1.6,2.4,0.8,1.8,1.1,0.7,0.9,1.1,0.7,1,0.8,1.1,0.8,0.6,1.1,0.8,0.6,1.3,0.9,0.5,0.8,0.7,1,0.8,1.3,,1.5,1,0.9,1,0.9,2.6,3.5,,3.4,2.7,2.3,2.5,2.2,2.1,2.2,,2.6,,2.3,2.1,2.2,3.5,4.1,3.3,2.6,1.8,1.8,2,2.3,1.4,0.6,,0.7,1.6,1.3,1.7,2,,1.4,1.7,1.6,1.1,1,1,1.2,1.2,1,,1,,,1.4,2,2,1.3,0.9,0.9,1.1,1.1,1,0.9,1,1.4,1,0.9,1,1.1,1.4,1.1,1.2,0.6,0.5,1.1,1.3,1.1,1.1,1,0.8,1,0.9,1.2,1,2.6,2,1.6,1.4,0.8,1,1.5,0.4,1,,,0.8,0.8,0.8,1,0.8,0.9,1.2,1,1,,0.9,1.2,0.8,1.1,,1.2,1.4,1.3,1.6,1.3,1.5,1.2,1.3,1.9,2.1,1.7,,1,1.1,0.9,0.6,0.8,1.4,3.3,,2.5,1.7,1.3,1.5,2,1.3,1.2,0.4,0.4,0.3,0.6,,0.5,0.3,0.4,0.4,0.9,0.7,0.8,0.7,1.2,2.3,1.6,0.7,1.8,2.3,1.6,1.9,2.1,1.8,1.5,1.5,1.9,1.5,0.8,0.6,1.7,1.4,0.7,0.9,1.1,0.5,0.6,0.6,0.7,0.8,0.6,0.9,0.6,0.8,0.9,0.9,1,0.6,0.5,0.6,0.8,0.6,,0.4,0.4,0.9,0.6,0.7,0.9,0.8,0.6,1.1,1.2,1.2,1.2,0.5,0.5,0.5,0.5,0.5,0.7,,0.7,0.5,0.6,,,0.5,0.4,0.8,1.4,1.1,1.7,1.2,1.4,1.4,1.3,1,,1.1,0.6,1,1.2,,1,0.8,0.8,0.3,0.7,0.8,0.8,0.4,1.1,,0.3,0.6,1.1,1.3,,0.8,0.8,0.5,0.9,0.8,0.7,,,0.6,0.2,0.4,0.4,1,0.6,1.7,,0.5,0.3,0.4,0.3,,,0.5,0.3,1.2,0.4,0.7,0.5,0.4,0.6,0.4,0.5,0.4,0.6,1.3,1.9,0.9,2.8,1.3,,0.8,0.5,1.1,1.1,1,0.7,1.3,1.1,1.1,1.6,1.2,0.8,0.5,0.7,0.9,1.5,1.3,1,0.4,,1.1,0.9,0.6,1.1,2.3,1.3,1.2,1.8,4.2,,1.2,0.8,1.4,0.7,1.2,0.8,0.4,1.3,0.8,1.1,1.2,1.2,1.3,0.6,0.8,0.9,0.8,0.9,1.3,0.9,0.9,0.7,0.7,1,0.8,0.8,0.8,0.8,,0.6,0.6,0.6,0.8,0.7,1,1,1.3,0.7,0.8,0.6,0.7,0.6,0.7,0.4,0.6,0.7,0.6,0.6,0.6,1,0.5,0.5,0.8,0.9,,1.2,1.1,1.2,1,0.7,0.7,0.7,0.8,0.9,0.8,,0.6,0.6,0.7,1,0.7,0.8,0.5,0.5,0.5,0.4,1.2,1.3,0.8,0.8,0.5,0.6,0.7,0.6,0.8,0.9,1.3,0.7,0.8,1.3,1.2,0.4,0.9,1.2,0.8,0.7,0.9,2.1,1.4,1.5,1.3,0.8,0.9,1.1,1.1,1.4,0.4,0.6,0.6,0.6,0.7,1.5,1.6,1.5,1.3,1.7,0.7,0.8,0.9,0.9,1.7,2,1.6,1.7,1.9,0.6,0.8,0.6,,0.4,1.1,0.8,0.9,1.4,3,2.7,2.4,,2.9,,,2.1,,2.3,2.1,2.1,,2,1.5,1.5,1.4,1.8,2.5,2.3,2.9,1.7,2.5,2,1.9,1.7,1.8,1.4,,1.4,1,1.1,1.2,1.2,1.1,1,1.7,1.8,2.1,1.2,1.6,1.3,1.7,1.2,1.3,,1.4,1.3,1.3,,1.4,1.3,,0.8,1,1.3,1.4,1.3,1.6,1.5,1.6,1.1,1.4,0.7,1.4,1.5,1,1.4,1.5,1,1.1,1,1,1.2,1.3,1.8,1.7,1.6,1,1.2,1.4,1.7,1.2,1.6,1,0.8,0.7,0.7,1,1.2,0.4,1.1,1,0.9,1,1.3,1.1,1.6,1.6,0.6,0.4,0.9,1.5,1.2,1.9,1.2,1.1,1,1,1.2,0.7,1.1,0.9,0.9,1.1,1,1.1,1.3,1.6,1.2,1.4,0.9,1.1,1.1,0.9,1.1,1,0.9,1.3,1.1,0.4,0.7,0.7,,1.1,1,1.2,0.9,0.8,0.7,0.4,0.5,0.7,1,0.9,0.8,0.6,0.6,0.9,0.4,0.9,1,1,,0.8,1.1,1.1,1.4,1.2,1.3,0.5,1.1,1.1,0.8,,0.9,1.5,,0.9,0.9,1.3,0.8,1.1,0.6,2.5,0.7,,0.6,0.8,0.9,0.8,0.7,1,1,1.2,1.2,1.4,1,,,,,1.1,0.8,1.3,1.1,1,1.6,1.1,,0.9,0.8,0.8,1,0.9,1.2,1,0.8,0.6,0.6,0.9,1.4,0.8,1,,0.4,0.5,1.2,1.3,0.7,,0.8,1.1,0.8,,0.8,1.2,0.3,,1.2,1.2,0.3,0.7,0.4,0.5,1.2,,0.4,,0.4,0.3,1.2,1.6,1,1.5,0.8,1.2,1.3,0.9,1.3,1.5,1.4,0.7,,,0.5,,1.1,1.4,0.3,0.7,0.1,,0.1,,0.7,0.5,0.6,0.7,0.7,0.6,0.8,0.3,,1.3,1.6,1.2,,1.3,1.5,1.6,0.7,0.7,0.9,0.1,0.7,0.3,0.4,0.9,0.5,1.1,0.6,0.1,1.9,2.4,2.3,,0.7,1.5,0.7,0.8,0.7,1.1,1,1.1,0.9,,1.2,2.7,,2.4,3.2,1.6,,0.3,0.3,0.7,0.9,0.9,1.3,0.7,1.7,1.4,0.6,1,0.5,2.2,0.8,0.6,1.8,0.8,0.5,0.7,0.4,0.7,0.9,0.7,0.7,2,1.6,1.6,0.8,0.8,,0.7,0.9,1.1,0.8,0.7,0.8,0.8,0.6,0.9,0.6,0.3,1.1,0.8,1,0.8,0.9,2.4,1.5,,0.8,1.4,0.9,1.6,0.8,1.1,0.6,1.1,1.2,1.5,1.3,1.3,1.3,1.2,0.9,0.8,0.5,,0.5,2.2,2.8,1.2,1.3,0.9,1,1.2,0.4,0.4,3.1,0.6,1.2,1,0.9,0.5,0.5,2.8,0.5,1,0.3,1.7,0.8,1.9,0.5,1.4,1.1,1,0.9,0.9,0.5,1.2,0.3,1.4,1.4,2.1,0.8,1.6,2.3,1,2.1
20171215,19,CO_24h,1,0.8,1,1.1,1.2,1,1.1,1.3,1.4,1.2,1.1,1.3,,,1.4,,0.7,1.2,1,,1.6,1.1,1.2,,1.3,1.2,,2.1,2.3,2.5,2.1,1.9,1.6,1.4,1.4,2,1.3,1.7,1.6,1.4,2.4,2.5,2.4,,2.7,2.1,,2.1,2.1,2.3,2.3,2.6,2.7,2.7,2.2,0.5,,0.5,0.8,1,1.3,1.9,1.4,2.1,1.3,1,1,,0.7,1.3,1,1,1.8,1.9,1.8,2.4,2.5,2.4,2.4,2.4,,2.7,3,2.5,2.4,2.3,2.2,2.7,0.8,0.6,0.5,0.6,0.6,0.6,0.3,1,1.9,2.3,2,,1.9,2,2.3,2,1.7,,1.8,1.1,1,1.2,1.2,1.2,1.1,1,1.3,1.3,0.9,1.2,1.3,1.4,0.7,0.8,1,1.2,1.1,1,0.9,1.1,1.3,1.4,,0.6,1.2,0.8,1.2,1.3,1,1.5,1.8,0.4,0.8,0.7,0.6,0.8,0.8,0.8,0.6,0.6,0.4,0.4,0.7,0.2,0.8,0.6,0.8,0.9,0.2,0.5,0.9,0.9,0.9,0.6,0.7,0.6,0.3,0.8,0.8,0.6,0.9,0.9,0.7,1.5,,,,1.6,1.3,,1.3,1.2,1.2,,0.7,0.3,0.5,,0.7,1.1,1.1,0.9,1.1,0.9,1.1,1,1.2,,,,0.9,0.7,,0.2,0.4,0.5,1,0.7,,0.7,0.8,1,0.7,0.6,0.9,1,0.6,,0.8,,1.6,1.5,1.3,1.2,0.9,0.7,0.8,1.2,1.1,1,0.9,0.7,0.7,0.6,1.1,0.8,0.8,0.8,,0.7,0.9,0.8,0.5,0.5,0.6,0.8,0.7,1.1,,,0.7,,0.8,0.7,,0.7,0.8,0.8,0.7,0.7,0.7,,1,0.7,0.6,0.6,0.8,0.9,0.9,0.9,0.6,0.6,1,0.6,0.7,0.6,0.6,0.7,0.5,0.4,0.7,,0.8,,0.6,0.6,0.3,0.4,,0.8,,0.8,1,0.9,1,0.9,,1.4,1.6,1.8,1.7,1.7,1.7,1.6,1.7,1.6,1.6,1.3,1.3,1.2,1.2,1.1,1.1,1.2,1.5,1.5,1.6,1.9,2,2.1,1.6,2,1.4,2,0.8,0.9,1.1,0.9,0.7,1,0.8,0.9,1,1.2,1.1,1,0.9,0.9,1.1,1,1.1,1.1,1.1,0.8,1.4,1.3,,0.8,1,1.1,0.8,1.2,1,1,0.9,0.7,0.8,0.8,0.8,0.7,0.6,0.8,0.6,0.7,0.6,0.7,0.9,1,1,1.2,0.9,1.3,1,1.3,1.1,1.1,1.1,1,1.4,1.3,1,1.3,1.2,1.2,1.1,1.1,1.2,1.1,1.2,1.2,1.3,1.3,1,1.2,1.3,1,1.1,1.4,1.3,0.8,0.9,1.3,1.3,1.5,1.2,0.9,1.2,1.4,0.5,0.5,0.4,0.4,0.6,0.7,,1,0.7,0.8,1.1,0.9,0.8,0.8,,,0.8,0.9,0.8,0.9,0.9,,0.8,0.7,0.8,0.8,,,0.9,0.7,0.9,0.9,1,0.9,0.7,1,0.9,0.9,1.1,1,1.1,0.9,1.2,0.8,1.2,1,1.1,1.9,1.1,0.6,,0.6,1.9,2.5,2.2,1.3,1.8,1.8,1.9,1.9,2.2,1.8,1.8,2.2,1.9,1.1,1.1,1.1,0.8,1.4,1.5,,1.4,1.4,0.4,,,,1.2,1.2,1.3,1.3,1.6,1.1,1.2,,1.7,0.8,0.9,0.9,1,1,0.9,0.8,0.8,1,1,0.8,0.7,1,1.2,0.4,0.6,0.4,0.6,0.4,0.3,0.8,0.8,0.6,0.7,0.7,0.5,0.8,1.1,0.7,1.2,1.1,1.2,1.2,2.1,2.1,1.5,2.2,1.8,1.4,2,0.5,0.6,0.5,0.6,,2.5,,1.4,1.2,1.5,1.6,1.8,,1.9,1.6,,1.3,1.9,1.5,2,2.7,3,2.6,3.5,3,3.4,1.3,1.1,1.1,1.2,0.8,1,1.3,0.9,1.2,1.4,,1.5,,2.2,,1.5,1.2,1.5,1.1,1.7,1.3,1.4,1.5,1.2,1,0.8,0.8,0.8,1.9,1.5,1.5,,1,1,1.1,1.2,1.4,1,0.8,0.7,0.9,0.7,0.8,1.1,1,1.1,1,0.9,1.2,0.9,1.7,1.4,1,1,1.1,0.9,0.9,0.9,0.7,1.1,0.9,1,1,1.1,1.3,1.2,1.2,,0.8,0.9,,1,1,1.1,1,0.9,1,0.7,1,,,2.9,2.1,2.7,1.2,,0.7,1.6,1,1.3,1.8,1.9,,2,2,,3.5,2.2,2.5,2.8,3.1,2.1,1.1,1.9,3.5,2.2,1.7,1.4,0.9,1.1,,2.9,2.2,3,3.4,2.9,1.9,1.2,1.5,1.4,1,1.1,1,1.8,2.7,3.4,3,2.1,2,2.2,1.3,1.7,1.4,1.1,1.2,1.3,1,2.1,1.5,1.3,,0.9,1.2,1.1,1.2,1.1,1.2,1.3,1.2,1.5,1.7,0.8,1.2,1.2,1.6,0.9,1.2,0.8,0.9,0.7,0.9,0.7,0.5,0.8,1.1,0.8,0.7,1,0.6,1.2,1,0.6,0.6,0.4,2,1.7,,1.9,2.1,1.9,1.7,2.5,2.4,2.4,,2.7,,1.8,1.7,1.7,2.2,2.5,1.9,2.2,1.5,1.6,1.7,1.5,1.6,1.5,,1.3,1.5,1.2,1.5,1.7,1.2,1.2,1.4,1.3,1.2,1,0.9,1.1,1.2,0.9,,1.1,,,1.4,1.6,1.6,1.2,0.9,0.8,1,0.9,1,0.9,0.9,1.4,1.1,1,1.2,1.7,1.3,1.3,1.2,0.5,0.5,0.9,0.9,1,1.1,1,0.9,1,0.9,1.1,1,4.8,1.8,2.2,1.9,0.7,0.7,0.8,0.4,0.9,,,0.7,0.9,0.7,0.9,0.8,0.8,0.9,0.8,0.7,0.8,0.8,1.1,0.7,1.1,,1,1.2,1.2,1.8,1.8,1.3,1.7,1.6,2.3,1.7,2,1.6,2,2.6,2.1,1,1.7,1.5,2,1.1,1.9,1.5,1.8,1.8,1.5,1.3,1.6,0.5,0.4,0.3,0.6,,0.8,0.6,0.6,0.6,1,0.7,0.7,0.8,1.2,2.4,3,1.2,1.5,2,1.9,1.7,1.7,1.4,1.3,1.3,1.7,1.4,1.8,1.1,1.6,1.4,1.4,1.8,2.3,1.6,1.3,1.2,1.2,1.3,1,1.5,1.4,1.7,0.9,0.9,1,0.5,0.4,0.6,0.7,0.5,,0.4,0.3,0.8,0.6,0.6,0.8,0.8,0.7,0.9,1.1,1.1,1.2,0.6,0.7,0.4,0.4,0.5,0.6,,0.9,0.5,0.5,,,1.3,1,0.8,1.5,1.4,1.7,1.6,1.5,1.5,1.4,1.2,,0.8,0.6,3.4,3.2,2.7,2.6,2.7,3.1,1,1.2,1.2,0.5,0.9,3.1,,2.3,2.6,1.9,2.2,,1.7,1.7,2,2.3,2.2,1.5,,2.1,0.6,0.5,0.9,0.7,1.3,0.7,0.8,,0.8,0.5,0.4,0.3,,,0.6,0.3,1,0.4,0.6,0.5,0.3,0.9,0.7,0.7,0.8,1,2.4,2.7,2.1,3.2,1.4,,1.2,0.9,2.2,1.9,2.7,1.9,1.1,1.3,1.4,2.1,1.2,2.5,2,1.7,1.8,1,1.1,1.2,0.6,1,1.2,1,0.8,1.5,2.6,1.1,1.7,1.4,3.2,,1.4,0.8,0.9,0.5,0.7,0.9,0.4,1.1,0.9,0.9,1.1,0.5,1.9,1.1,0.6,0.8,0.8,0.7,1.6,1.5,0.8,0.7,0.5,0.7,0.6,0.6,0.7,0.5,,0.5,0.5,0.5,0.6,0.6,1,1,1.4,0.8,0.8,0.7,0.9,0.7,0.8,0.4,0.6,0.6,0.5,0.6,0.6,0.6,0.5,0.4,0.5,0.8,,1,0.9,1,1,0.6,0.6,0.7,0.7,1.1,0.8,,0.7,0.6,0.7,0.8,0.7,0.7,0.5,0.6,0.5,0.4,0.8,0.8,0.8,0.6,0.4,0.5,0.7,0.5,0.6,0.6,0.9,0.7,0.6,1.1,0.8,0.3,0.6,0.7,0.8,0.5,1.1,1.6,1.2,1.2,1.2,0.6,0.5,0.6,0.7,0.8,0.4,0.4,0.7,0.6,0.7,1.5,1.5,1.5,1.3,1.6,0.7,0.7,0.8,0.7,1.2,1.1,1.2,1.1,1.5,0.6,0.7,0.6,0.8,0.4,1.1,1,0.8,1.3,2.8,2.6,2.3,,2.2,,2.3,1.9,,2,1.9,1.9,,1.8,1.4,1.3,1.3,1.7,1.9,1.6,1.7,1.7,1.7,1.4,1.4,1.2,1.2,1.3,,1.2,0.7,0.8,1,0.9,0.9,1,1.2,1.4,1.5,2,1.5,1.2,1.2,1,1.1,0.7,1.3,1.3,1.3,,1.2,1.3,,0.4,0.9,1.3,1.4,1.3,1.3,1.3,1.2,1.3,1.1,0.7,1.3,1.5,1,1.2,1.5,1,1.1,0.9,1,1.1,1.4,1.9,1.6,1.6,1.3,1.1,1.3,1.5,1.1,1.6,0.9,0.8,0.7,0.6,0.9,1.2,1.3,1,0.7,0.6,0.5,1.3,1.3,1.9,1.8,0.3,0.2,0.4,1.3,0.9,1.3,0.9,1.1,0.9,1,1.2,0.7,1.1,0.9,0.7,1,1.1,1.1,1.2,1.4,1.1,1.2,0.8,1,1,0.9,1,1,0.9,1.2,1,0.6,0.8,0.8,1,0.7,0.7,0.8,0.7,0.7,0.7,0.4,0.4,0.7,0.8,0.7,0.9,0.5,0.3,0.5,0.2,0.8,0.8,0.9,,0.8,0.8,0.9,1,1,1,0.7,0.7,0.8,0.6,,0.7,1,,0.9,0.7,0.9,0.6,0.8,0.5,1.1,0.6,,0.7,0.9,0.8,1,1.1,1.3,0.8,1.2,1.2,1.3,0.7,,,,,1.5,1.2,1.1,1,1,1.4,1,,1,0.8,0.9,1,0.8,1.1,0.9,0.8,0.5,0.6,0.8,1.3,0.9,0.9,,0.4,0.5,1.1,1.1,0.7,,0.7,0.9,0.8,1,0.8,1,1,,2.1,2.5,0.8,1,1.7,1.1,2,,0.5,,0.4,0.3,1.2,1.5,1.3,1.4,1,1.3,1.1,1,0.9,1.2,0.9,1,,,0.5,,1.6,2.1,0.5,0.7,0.3,0.1,0.3,0.3,0.7,0.6,0.7,0.9,0.7,1,1.1,0.6,,2.3,2.2,1.2,,1.1,1.4,1.9,0.9,0.8,1,0.2,0.3,0.5,0.5,0.9,0.4,0.7,0.7,0.3,2.9,3.7,2.9,3.4,0.7,2.6,0.9,0.7,1.4,1.6,1.5,1.8,1.7,,2.9,3,2.3,2,2,1.6,0.1,0.2,0.6,0.9,0.9,1.1,2.5,0.6,2.2,1.2,1.4,1.4,1.1,2.4,2.7,0.9,1.7,1.7,0.4,0.4,0.6,0.6,0.8,0.6,0.7,1.5,1.4,1.7,0.8,0.8,2.6,1.4,1,1.1,2.1,1.7,0.7,0.8,0.6,0.9,0.6,1.1,0.7,0.8,1.8,1,0.9,2.6,1.8,1.1,0.7,1.3,0.7,1.6,1.1,1.1,0.4,1.4,1.5,1.1,1.7,1.2,1.3,0.9,0.8,0.8,2.8,,1.1,2.1,1.7,1.1,1,0.8,0.9,1.2,0.4,0.7,1.6,0.5,1.5,1.6,0.8,0.5,1.1,2.1,0.7,1.9,0.9,1.9,0.6,2,0.6,1.9,1,0.9,0.8,0.9,1.4,1.4,0.5,2.2,1.1,1.8,0.7,1.5,1.4,1.3,2.4
20171215,20,AQI,46,26,53,77,40,74,45,21,25,65,42,46,,,34,,38,32,32,,21,48,52,,36,29,,190,211,233,225,229,220,59,72,70,68,56,71,66,117,65,92,,153,278,,279,262,156,250,246,271,230,244,46,,44,52,74,24,66,23,42,29,41,39,,37,57,63,65,150,224,183,280,37,45,249,44,,68,37,43,68,62,55,62,67,65,55,58,55,81,60,53,34,209,105,,112,55,59,42,60,,105,46,39,43,44,51,49,31,55,32,38,52,64,64,69,57,44,87,70,54,67,147,109,104,,97,72,78,70,85,139,188,324,36,42,33,32,42,38,35,33,35,33,32,26,43,39,55,40,32,48,39,45,55,42,42,59,48,52,42,83,110,67,68,73,150,,,,206,195,,140,210,203,,98,74,87,,50,46,54,50,65,54,54,74,50,,,,51,65,,108,93,87,70,74,,82,103,95,89,93,105,92,95,,65,,182,156,178,35,,19,55,31,36,48,30,51,52,29,29,25,20,24,,26,24,22,35,47,32,46,46,39,,,29,,38,40,,29,25,29,25,23,23,,33,33,24,28,25,18,20,24,54,40,43,58,46,42,46,50,35,43,16,,19,,26,30,12,45,,16,,13,15,32,24,20,,15,89,119,104,108,103,103,115,94,89,132,130,118,132,98,138,165,113,316,318,359,317,,333,320,316,328,90,92,85,92,115,88,229,90,85,156,78,80,89,89,75,83,87,75,79,69,54,53,,54,52,61,32,43,33,40,32,98,87,102,81,46,77,84,38,42,40,97,64,84,67,72,47,52,43,52,67,30,21,21,65,61,60,67,46,55,59,40,52,55,45,49,57,67,53,59,59,60,36,29,14,25,29,20,32,27,19,38,35,38,34,61,65,60,62,108,,99,89,90,118,84,115,92,,,104,82,105,89,82,,104,103,88,105,,,90,53,68,70,62,72,83,90,80,82,67,74,55,32,45,51,58,75,52,66,41,46,,,98,83,169,85,87,103,98,119,228,93,143,89,128,67,62,53,72,59,88,,104,93,52,,,,54,67,110,135,98,123,140,,57,79,84,87,87,88,73,68,72,68,70,54,65,71,79,85,87,115,72,100,95,78,66,23,30,68,46,83,82,42,53,44,38,52,90,114,31,77,62,78,204,60,59,62,47,,186,,239,226,224,280,118,,62,107,,119,89,94,90,100,110,190,147,160,124,104,195,134,201,147,26,30,42,21,22,,168,,163,,156,162,175,202,118,137,183,166,185,169,27,27,27,168,168,163,,18,21,19,15,22,36,30,26,54,37,62,48,52,69,74,38,63,62,49,51,43,25,28,38,33,40,40,25,28,26,125,119,107,16,14,,72,74,,79,64,82,87,26,26,15,57,,,243,235,230,35,,35,,,38,185,180,,183,196,,38,30,22,23,38,153,69,201,230,53,33,35,38,23,,50,54,159,166,180,125,35,159,186,98,68,62,166,39,123,74,68,52,49,82,124,145,36,42,65,67,78,52,57,,38,67,103,165,51,209,68,59,55,70,67,72,36,52,65,35,30,43,49,45,43,42,42,40,64,38,35,48,36,45,54,49,12,295,247,,271,267,168,210,245,274,262,,267,,222,212,227,333,333,306,235,232,224,214,222,67,55,,59,170,169,159,180,178,109,124,123,89,72,75,97,93,64,,77,,,55,98,70,69,67,17,32,29,28,20,15,14,16,22,28,19,41,42,23,36,29,84,104,117,113,82,75,77,75,95,92,64,61,101,82,80,67,61,79,109,,,134,108,95,92,92,77,89,99,82,98,94,62,54,52,,40,65,110,158,114,132,94,111,166,168,183,23,24,19,32,56,113,165,182,97,248,128,119,126,162,152,,27,21,23,38,,46,26,102,36,40,25,62,95,36,60,54,55,170,159,179,193,119,103,203,165,114,110,39,62,77,69,28,25,25,34,62,48,41,42,29,23,38,39,40,39,39,39,35,35,88,69,,94,50,36,64,54,58,54,82,50,63,59,59,38,36,43,52,21,27,,26,34,30,,,35,50,61,175,169,198,208,170,216,189,218,,70,44,140,139,135,133,132,115,45,52,67,90,58,57,,51,62,71,68,,69,64,54,22,46,52,,50,51,55,69,48,36,43,189,,34,59,51,35,,,19,19,18,24,44,76,50,53,47,19,30,30,55,99,83,,173,,103,67,41,43,54,42,70,77,54,68,55,46,42,63,53,97,51,137,54,58,72,55,63,142,,38,80,69,234,,123,94,134,107,90,90,55,119,97,104,80,84,78,75,69,37,29,36,67,78,60,30,108,109,102,79,93,87,,87,80,74,85,69,108,132,133,36,57,43,42,43,48,30,28,28,36,21,17,23,40,53,33,98,,100,103,92,112,73,92,77,80,152,158,,38,33,48,45,39,21,20,18,28,21,17,19,15,18,17,11,13,82,43,45,39,19,28,36,26,23,16,16,19,52,23,70,78,67,67,40,29,38,32,33,21,20,16,23,22,26,33,34,29,23,29,32,23,45,46,48,50,54,48,46,42,32,39,29,19,26,21,28,195,208,215,,228,,237,233,,239,223,226,,216,223,247,236,227,253,225,153,158,248,143,311,271,238,200,,182,63,89,93,87,103,78,123,120,119,199,204,190,,73,93,93,147,133,148,,114,133,,87,68,69,62,78,134,147,143,88,93,65,60,58,55,65,60,32,73,42,70,69,62,61,63,43,46,20,28,46,23,24,58,114,53,62,122,56,34,46,60,55,39,50,47,48,33,62,63,64,38,30,29,39,12,22,20,23,18,20,26,29,26,15,11,18,19,55,59,35,22,20,53,53,31,26,27,20,53,61,61,61,132,87,75,94,80,110,67,109,63,84,79,70,80,93,99,110,94,108,114,,77,140,132,142,145,137,62,99,89,88,,124,132,,57,70,74,80,84,41,,77,,34,28,38,69,52,54,53,59,100,61,52,,,,,45,53,58,45,32,27,29,,29,65,40,65,70,49,73,36,44,36,59,56,29,59,,48,48,68,55,56,,57,54,48,68,63,82,87,,61,104,32,62,37,54,72,,21,,58,68,155,166,140,93,32,29,43,35,117,123,152,89,,,40,44,76,69,39,45,28,41,49,54,51,55,67,75,70,76,68,51,,52,58,70,,118,109,84,73,52,53,36,55,37,50,39,40,82,49,39,272,172,72,67,25,125,90,51,51,110,103,60,82,,70,74,68,166,195,143,46,37,36,49,62,68,58,64,172,50,57,52,39,202,60,69,102,30,108,98,19,51,32,65,79,219,166,115,102,29,40,54,39,83,79,62,119,31,74,70,30,47,84,45,33,34,63,60,64,68,30,159,69,252,55,73,90,222,192,207,143,62,135,75,100,105,26,,45,231,279,23,75,124,112,75,33,23,163,39,66,95,24,12,36,222,81,33,23,182,68,196,54,62,89,113,107,105,18,92,38,110,107,210,79,69,90,63,264
20171215,20,PM2.5,11,3,6,12,10,6,10,11,12,10,9,11,,,19,,23,6,19,,12,15,19,,13,14,,143,161,183,175,179,170,42,41,47,36,37,46,25,88,47,68,,117,228,,229,212,119,200,196,221,180,194,11,,2,23,54,10,30,16,16,20,14,27,,15,32,44,47,115,174,138,230,,18,199,7,,9,13,30,35,23,12,44,7,4,6,18,5,7,10,14,20,159,79,,84,38,33,22,43,,79,31,27,21,27,26,26,20,39,20,26,29,46,46,50,40,27,64,51,37,48,112,82,78,,72,52,57,51,63,106,141,274,25,29,19,22,29,26,24,23,24,23,22,18,30,27,39,28,20,33,27,31,39,29,29,42,33,36,29,61,83,48,49,53,115,,,,156,146,,107,160,153,,73,54,64,,35,31,38,32,47,38,38,54,35,,,,33,47,,81,69,64,51,54,,60,77,71,66,69,79,68,71,,42,,137,119,134,24,,8,39,21,25,33,20,25,36,15,5,11,7,16,,9,13,9,24,26,19,32,32,27,,,20,,26,28,,16,17,20,16,12,14,,5,7,14,8,10,10,9,11,38,28,30,41,32,29,32,35,23,,7,,10,,18,21,8,19,,9,,6,8,22,14,9,,9,66,90,78,81,77,77,87,70,66,100,99,89,100,73,105,125,85,266,268,309,267,265,283,270,266,278,67,68,63,68,87,65,179,67,63,119,57,59,66,66,55,61,64,55,58,50,37,30,,29,26,28,22,30,23,28,22,73,64,76,57,28,56,62,23,21,22,72,37,55,47,52,,23,26,35,33,17,12,10,47,41,35,48,32,24,42,24,36,39,31,30,30,48,37,42,42,42,25,20,8,17,20,14,17,14,11,10,21,20,19,31,47,43,34,81,,74,66,67,89,60,87,68,,,78,60,79,66,60,,78,77,65,79,,,67,24,49,51,44,52,61,67,59,60,48,28,32,22,17,26,33,36,20,38,8,8,,,73,61,128,61,64,77,73,90,178,69,94,64,97,32,44,24,52,42,65,,78,58,17,,,,38,34,83,103,73,93,107,,40,58,62,64,64,65,53,49,41,49,51,38,43,44,58,16,10,15,29,24,20,14,12,3,14,13,32,61,60,29,30,28,26,24,67,86,12,56,44,56,154,27,27,35,25,,140,,189,176,174,230,89,,28,80,,90,66,70,67,75,83,143,112,122,94,78,146,102,151,112,5,13,29,7,7,,127,,124,,119,123,132,152,89,104,138,126,139,128,12,7,5,127,127,124,,11,9,6,3,15,18,21,18,38,22,44,33,36,50,54,26,45,30,34,32,24,17,19,26,23,18,28,16,19,18,95,90,80,10,5,,52,54,,58,46,54,64,18,18,8,19,,,193,185,180,16,,8,,,15,139,136,,138,147,,13,11,15,15,4,117,42,151,180,37,15,11,14,14,,27,37,121,126,136,95,24,121,140,73,28,27,126,27,93,54,48,31,34,40,94,111,25,29,47,48,57,28,40,,25,48,77,125,22,159,49,42,39,51,48,52,24,36,47,24,21,30,34,31,30,29,29,28,37,26,24,33,25,31,38,34,5,245,197,,221,217,107,160,195,224,212,,217,,172,162,177,283,283,256,185,182,174,164,172,34,32,,35,129,128,121,136,134,82,94,93,66,52,55,72,69,46,,56,,,39,73,47,50,48,11,22,20,19,14,10,8,7,15,19,13,27,29,16,15,3,62,78,88,85,60,55,56,55,71,68,31,32,44,37,59,48,43,58,82,,,102,81,52,68,68,56,66,74,60,73,70,44,38,34,,28,47,77,120,86,100,67,72,126,127,138,14,10,11,9,28,85,125,137,72,198,70,84,88,123,116,119,6,9,2,16,,21,14,15,13,20,17,41,71,13,35,38,10,129,121,135,145,90,77,153,125,86,83,,44,55,50,16,17,17,20,18,33,25,17,20,7,10,21,27,27,27,23,24,,65,50,,70,35,25,46,38,41,38,60,35,45,42,42,26,25,30,36,8,13,,12,8,5,,,24,35,13,132,128,148,158,129,166,142,168,,43,9,107,106,103,101,100,87,18,18,43,67,41,40,,33,44,38,24,,40,33,10,11,12,33,,35,16,27,14,33,18,30,142,,22,25,18,16,,,6,13,7,10,26,51,35,34,28,9,17,21,29,74,61,,131,,77,48,28,16,28,29,51,56,32,49,39,31,29,45,37,72,28,104,31,41,52,39,45,108,,26,59,50,184,,93,70,102,80,67,67,39,90,72,78,59,62,57,55,50,13,20,24,48,57,43,21,81,82,76,58,69,64,,64,59,54,63,50,81,100,101,25,40,30,29,24,33,21,19,19,25,6,8,16,28,37,23,73,,75,77,68,84,53,68,56,59,116,120,,26,20,33,31,27,11,10,12,13,10,10,13,10,12,3,7,7,60,30,31,13,13,19,25,17,6,11,7,8,36,15,51,57,48,48,28,20,26,22,20,9,5,11,16,13,18,23,22,20,16,20,22,15,31,32,33,35,38,33,32,29,22,27,20,13,15,10,19,146,158,165,,178,,187,183,,189,173,176,,166,173,197,186,177,203,175,117,120,198,,261,221,188,150,,137,45,66,69,64,77,57,93,91,90,149,154,143,,53,69,69,112,101,113,,86,101,,64,49,50,44,57,102,112,109,65,69,47,43,41,39,47,43,22,53,29,51,50,38,41,45,30,25,10,19,12,16,13,41,86,37,44,92,25,18,32,43,32,27,19,32,33,17,44,45,46,26,21,20,27,8,15,14,16,12,14,18,20,18,10,7,12,13,37,29,24,15,14,17,20,18,18,14,14,24,1,4,36,91,64,55,50,59,83,40,82,45,62,58,51,59,63,74,83,70,81,86,,52,107,100,108,111,104,44,66,66,65,,94,100,,31,47,49,47,62,22,,39,,22,19,25,43,34,36,37,42,75,26,30,,,,,31,33,32,31,13,9,18,,17,25,14,25,46,34,24,10,13,22,42,8,12,18,,33,23,49,25,35,,28,23,33,40,37,49,1,,34,60,5,39,17,22,52,,12,,15,22,118,126,107,,17,19,22,16,88,93,116,66,,,13,28,48,50,24,31,9,28,22,30,22,35,29,46,30,41,30,24,,35,40,48,,89,82,62,21,11,37,22,20,20,19,23,17,,14,20,222,130,52,45,7,95,67,27,35,82,58,43,58,,51,41,49,126,146,109,6,11,25,34,44,49,41,20,130,35,2,19,5,152,43,48,76,21,81,73,11,27,22,47,58,169,126,87,76,20,28,19,9,56,58,44,90,20,54,51,21,17,48,31,9,18,28,43,36,49,14,121,50,202,39,53,67,172,144,157,109,44,103,55,75,79,12,,15,181,229,15,49,94,84,55,15,16,124,27,37,71,5,5,10,172,38,23,16,137,49,147,22,35,66,85,80,79,,57,26,83,80,160,58,50,67,45,214
20171215,20,PM2.5_24h,62,29,45,48,45,46,47,54,57,37,43,49,,,75,,70,74,68,,69,70,72,,66,83,,164,175,220,135,168,162,105,61,76,60,64,67,67,67,66,72,,87,205,,209,155,149,161,161,188,150,155,23,,12,26,33,43,57,53,51,41,66,69,,66,92,88,94,133,156,163,190,157,177,186,224,,188,250,200,230,206,193,249,8,6,3,17,9,4,12,10,86,107,93,,107,89,86,94,87,,105,50,53,49,52,41,44,44,66,55,25,52,64,75,65,63,46,69,69,68,66,112,82,66,,79,79,98,98,107,109,138,145,17,19,15,17,19,21,16,13,15,18,24,20,30,27,35,38,31,35,23,22,26,22,22,27,26,21,25,26,24,22,27,22,83,,,,140,128,,116,146,145,,41,28,36,,24,37,28,25,36,27,32,35,32,,,,32,37,,34,36,35,32,30,,34,62,51,54,50,62,43,41,,27,,102,83,100,25,,9,32,27,29,43,33,26,38,22,44,37,43,36,,49,34,26,29,25,25,38,36,28,,,19,,26,32,,20,27,26,17,11,12,,31,45,20,18,19,24,20,29,27,28,25,26,28,31,28,28,27,32,8,,17,,17,16,8,17,,20,,12,17,31,16,11,,19,129,142,158,146,160,154,163,147,63,117,115,90,112,84,114,117,92,173,176,199,180,178,194,173,173,192,44,41,46,42,55,56,49,45,57,79,43,49,51,50,43,46,46,39,47,45,35,29,,24,29,29,21,28,22,30,22,43,39,39,34,27,46,55,22,32,28,63,42,67,52,48,26,31,28,27,32,28,24,20,51,45,39,50,39,36,44,35,41,44,37,36,55,41,35,33,43,52,41,35,16,30,18,20,20,13,19,10,19,30,14,17,21,19,16,40,,60,53,54,62,44,67,60,,,59,58,57,51,54,,73,72,72,76,,,69,12,31,30,23,35,36,39,35,31,28,30,22,20,24,28,32,34,36,57,20,18,,,157,148,158,143,144,162,158,143,179,132,159,140,153,35,46,26,34,47,71,,66,58,45,,,,44,52,77,87,64,75,84,,31,43,48,47,47,51,32,27,25,31,32,38,22,31,42,11,16,14,15,10,16,13,18,7,17,14,61,66,55,58,43,42,38,41,87,84,55,86,58,44,68,13,15,15,13,,143,,100,110,123,118,120,,125,125,,130,132,135,128,169,220,144,155,172,165,90,126,117,132,77,60,70,63,39,48,,132,,133,,128,103,113,122,131,135,146,96,96,91,56,52,53,151,130,148,,16,16,10,29,26,28,20,21,39,23,40,71,73,78,84,64,82,51,65,61,45,27,28,34,25,20,33,18,22,16,69,70,56,17,12,,47,49,,56,63,55,78,39,36,21,13,,,159,152,165,26,,30,26,,37,122,120,,123,130,,181,163,195,190,191,176,163,184,172,167,146,62,50,57,,85,68,98,89,107,85,60,125,90,57,83,32,110,65,103,95,70,55,86,59,75,76,52,51,71,47,82,70,69,,48,79,60,75,57,107,56,61,62,78,46,77,65,63,83,53,35,48,47,40,36,35,33,35,46,31,27,34,28,29,33,30,5,169,136,,144,141,117,137,207,225,209,,230,,120,111,116,174,177,168,174,149,139,129,140,115,121,,116,122,124,111,120,120,84,90,91,56,50,45,53,73,50,,59,,,47,72,55,57,46,12,16,14,16,14,12,8,14,12,25,22,20,25,15,12,10,82,81,95,86,44,43,46,40,49,51,57,38,44,43,52,56,45,50,85,,,89,90,65,81,93,57,64,67,60,64,65,30,20,19,,24,37,41,167,151,161,149,120,146,108,117,63,70,69,78,77,102,130,128,120,151,113,111,127,144,138,150,24,16,15,22,,43,22,22,24,27,13,28,53,30,41,48,37,156,140,164,158,103,96,125,98,99,88,73,103,82,84,46,48,78,92,54,78,47,43,39,56,49,67,24,24,24,15,20,,26,27,,28,22,19,38,30,34,33,40,33,41,25,38,39,38,19,20,20,28,,16,31,27,,,59,65,12,116,94,124,124,117,160,129,152,,32,21,156,135,141,128,122,144,82,72,77,30,75,181,,163,170,125,112,,127,111,136,126,121,112,,109,15,23,15,34,24,29,42,,14,24,13,9,,,13,15,12,13,26,38,29,53,43,36,39,41,70,104,86,116,115,,97,89,118,83,117,82,100,95,59,62,59,84,92,86,74,48,47,64,30,30,47,28,47,91,136,29,66,60,119,,102,38,66,36,47,46,26,63,68,58,49,52,86,76,29,17,21,16,57,70,44,19,57,47,44,41,41,38,,72,53,51,50,46,87,94,100,36,46,37,45,40,40,18,16,18,32,5,9,13,26,28,24,73,,74,68,71,84,29,33,25,37,110,108,,21,27,37,37,33,11,9,12,11,6,19,16,17,17,3,14,18,32,26,25,23,24,18,24,17,10,11,8,11,17,13,29,30,24,26,22,17,23,21,16,15,18,16,19,17,16,19,22,23,18,23,21,23,27,29,30,26,26,28,25,24,21,23,15,19,23,20,31,163,158,150,,158,123,155,168,,181,163,121,,116,140,160,155,147,147,138,94,103,140,209,136,131,123,133,,122,30,39,50,46,54,52,76,80,75,110,113,118,,33,42,46,110,99,111,,56,62,,41,40,38,35,44,71,70,62,82,81,23,26,22,29,25,24,20,24,24,24,22,56,57,49,42,44,12,18,14,15,14,27,47,29,33,25,23,19,23,31,30,14,20,17,19,21,24,30,37,19,15,19,20,9,7,11,10,12,11,10,10,12,3,8,12,16,17,22,18,12,9,15,16,21,20,11,9,33,39,33,51,73,59,50,49,61,64,73,64,38,46,40,42,59,56,54,60,45,62,70,,37,83,72,79,84,80,50,50,40,52,,58,70,,32,62,54,51,70,16,34,14,,19,14,19,24,34,32,25,25,33,16,21,,,,,12,17,11,11,11,10,18,,18,25,21,18,20,21,10,10,20,21,29,11,18,24,,25,19,22,19,35,,16,19,28,37,30,24,19,,46,42,13,13,30,22,94,,9,,8,12,120,116,120,121,27,28,30,26,76,80,83,90,,,16,65,18,81,32,32,11,32,21,32,28,29,41,50,35,54,58,36,,40,50,35,,73,76,79,42,27,29,25,24,23,18,17,18,37,21,25,123,146,73,64,7,50,34,23,42,70,62,62,90,,126,56,99,106,121,105,10,9,25,46,40,30,41,13,127,28,67,67,75,160,173,124,102,123,42,35,29,29,20,46,66,154,128,136,78,18,30,22,17,53,111,95,53,24,46,41,24,65,38,39,65,47,35,51,72,28,37,93,28,98,30,43,43,148,125,66,90,35,102,51,55,56,175,,77,168,136,17,44,87,75,31,9,24,144,20,124,86,12,8,69,149,63,55,40,149,22,156,23,119,22,28,23,25,47,61,29,75,56,103,73,49,70,63,225
20171215,20,PM10,46,26,56,103,40,98,45,21,25,79,42,46,,,34,,38,32,32,,,48,53,,36,29,,203,220,206,232,232,198,56,94,89,86,62,92,82,96,74,88,,174,303,,293,221,245,247,255,270,267,241,46,,44,53,61,24,81,22,42,23,41,39,,37,63,75,60,167,207,185,272,,20,211,44,,85,37,,85,74,60,,84,80,59,65,60,112,70,55,34,223,123,,127,60,68,42,66,,89,46,38,43,44,51,49,31,45,32,26,50,60,55,51,,44,,,58,56,,84,107,,,68,63,70,63,121,,341,28,33,33,,34,,27,,27,26,28,23,35,28,,31,32,,36,34,,36,31,,46,50,41,,,51,59,,,,,,194,,,166,180,166,,,70,,,37,46,53,50,,44,40,79,46,,,,52,48,,,,,59,65,,,,85,79,98,98,73,,,80,,142,122,,29,,,42,26,30,44,26,52,46,18,12,15,13,24,,26,24,22,27,47,31,40,34,38,,,22,,,38,,29,25,21,18,20,23,,20,17,16,10,13,17,10,24,,,,,,30,,,35,43,,,16,,21,28,11,45,,,,12,12,22,,20,,15,111,132,125,110,,114,144,118,109,142,130,146,140,143,145,173,153,274,297,,306,,301,332,290,311,,,83,74,,,,74,,,,,,,,,,,,,57,56,,58,54,72,29,42,24,35,23,115,105,116,112,46,102,95,38,42,40,108,77,117,83,84,47,53,43,53,83,30,21,12,62,72,69,79,46,59,,40,50,52,39,49,63,52,51,53,64,69,,20,12,21,29,,32,27,19,38,35,38,34,72,68,63,73,105,,116,105,103,113,117,143,94,,,121,108,118,120,103,,114,116,97,131,,,96,56,61,88,63,69,96,86,77,79,80,97,59,,45,51,66,99,53,82,41,46,,,118,106,194,120,110,134,134,117,285,110,236,128,206,83,67,55,56,59,102,,126,135,53,,,,47,83,123,120,108,96,111,,44,,78,,,,73,74,93,86,71,,80,91,,120,124,180,93,149,140,106,81,23,30,85,45,87,98,42,56,44,31,53,118,151,31,61,57,106,246,69,67,73,47,,150,,,,,,90,,74,98,,122,112,107,82,97,124,194,128,161,133,137,183,152,188,174,26,30,29,15,22,,164,,179,,174,180,157,184,119,132,164,157,165,152,27,27,27,196,212,184,,17,20,,7,21,36,29,24,49,37,73,41,52,54,54,36,50,74,45,52,43,18,,31,29,40,,25,26,25,,97,93,15,13,,75,67,,103,75,113,119,20,21,14,64,,,302,285,274,35,,35,,,38,172,179,,161,194,,38,30,16,23,38,117,87,154,281,45,33,35,38,23,,50,58,143,207,204,139,29,,162,109,86,73,143,39,158,74,85,54,47,114,,117,36,38,62,62,75,53,53,,38,80,88,215,51,,53,53,51,,63,,36,48,,34,,32,,39,,,,,77,32,26,34,29,34,57,48,12,293,220,,299,,286,214,,240,246,,242,,203,205,223,365,347,349,261,203,205,202,212,84,60,,68,166,155,,,137,115,123,116,,56,70,75,,59,,68,,,50,75,90,53,64,17,31,,22,20,11,12,16,20,28,18,41,33,,36,29,79,113,104,122,67,61,78,62,72,100,77,72,151,114,78,82,71,66,143,,,123,106,140,112,121,77,99,108,104,103,123,66,42,54,,35,65,170,227,128,197,137,172,153,193,210,23,,19,32,62,131,134,165,118,255,206,187,202,246,200,195,27,,,38,,46,26,154,36,40,23,74,90,36,69,46,59,137,157,180,209,123,147,203,150,111,122,39,63,104,69,28,22,23,34,74,48,41,42,,23,38,39,40,34,35,39,32,35,,,,,39,33,,49,44,,70,43,,,,27,30,42,40,16,23,,18,9,5,,,34,,71,175,168,183,190,176,,176,185,,89,44,124,119,106,119,125,121,45,53,84,84,,53,,51,59,92,85,,87,77,57,22,46,53,,44,51,59,87,41,36,37,165,,34,68,51,35,,,19,19,18,24,44,101,46,56,47,16,30,27,60,118,108,194,136,,89,63,41,43,57,41,74,79,57,54,46,46,40,50,41,121,51,,58,50,,56,48,123,,37,73,81,341,,112,98,,90,84,77,,112,73,85,97,79,75,75,59,37,,36,67,65,44,28,,,,72,78,,,73,,71,69,,106,101,110,26,49,31,,43,,,22,20,,17,12,20,,45,28,,,,89,91,87,79,85,58,88,119,127,,,33,34,38,,21,,17,28,,17,,,,,7,12,,35,38,39,17,22,33,26,23,,16,19,,23,66,,,60,32,25,32,28,33,12,13,14,22,22,19,,34,,20,24,26,23,31,46,45,50,40,38,34,34,26,35,26,14,26,21,26,189,233,216,,207,,231,199,,198,199,226,,190,211,219,230,221,,181,170,211,212,235,,224,226,185,,173,72,,81,65,79,76,122,108,145,170,,151,,60,,92,127,118,121,,113,128,,68,,52,54,,124,121,124,78,82,,,,,,,,,32,,,74,72,65,36,46,,20,46,20,24,,,42,,122,62,34,44,66,59,27,50,47,35,33,67,65,65,31,22,,,12,,,21,14,20,,,,,,,17,60,68,,19,19,56,55,31,26,27,20,55,72,72,71,214,75,88,137,99,112,84,101,71,89,86,68,,136,92,85,79,123,111,,104,169,176,145,159,161,64,147,88,102,,140,167,,63,90,97,110,115,41,,104,,34,28,38,87,53,58,51,65,94,71,53,,,,,40,55,66,44,32,27,29,,29,79,40,79,90,,95,36,44,36,63,62,29,67,,46,48,76,59,61,,64,57,47,85,76,114,124,,72,158,32,74,28,58,87,,21,,66,86,151,163,123,135,32,26,43,35,157,139,172,78,,,40,44,101,78,39,45,28,41,49,57,52,59,84,99,89,102,85,52,,53,65,90,,143,95,90,96,53,46,36,60,37,50,39,40,113,49,39,,166,84,83,15,109,111,52,51,169,155,61,114,,74,98,60,197,172,143,46,37,32,,58,,46,78,,41,64,54,39,205,59,87,,29,,,19,52,,52,,179,211,139,109,24,,57,39,116,90,55,120,31,74,88,22,47,118,,33,34,76,53,78,75,19,128,74,,58,62,,,,170,,52,114,90,120,,26,,45,198,300,23,100,119,114,81,33,,187,31,82,102,24,6,36,214,111,,22,190,59,175,57,73,91,89,106,100,9,133,34,95,111,202,85,61,,72,236
20171215,20,PM10_24h,47,45,66,74,62,74,36,65,64,59,66,35,,,96,,71,38,80,,80,60,87,,68,32,,210,234,268,176,191,202,145,97,104,103,101,107,105,100,96,108,,136,247,,266,189,195,202,207,242,222,204,45,,56,49,52,89,104,80,103,82,102,102,,92,120,127,118,173,182,188,219,215,219,210,277,,270,276,251,307,246,248,308,53,45,36,51,29,37,51,33,129,141,138,,140,140,151,138,123,,132,74,73,59,77,82,72,54,98,77,108,73,76,99,69,70,78,86,72,86,82,105,107,90,,84,106,126,141,114,112,118,163,32,28,29,23,28,28,24,21,26,28,38,34,44,33,40,41,52,40,42,33,30,30,28,32,47,45,36,25,35,33,38,28,103,,,,157,180,,161,166,167,,41,50,39,,38,54,49,46,38,40,47,45,45,,,,45,44,,37,38,46,40,45,,35,61,57,58,58,69,57,48,,60,,97,97,99,35,,13,45,37,39,63,53,60,55,30,81,59,66,60,,78,71,53,33,45,46,52,46,47,,,30,,39,47,,35,44,41,20,22,27,,41,24,39,23,26,26,25,39,28,30,23,36,20,36,29,23,23,30,13,,29,,32,32,10,29,,30,,11,24,16,15,13,,22,191,209,190,177,99,188,227,198,114,174,147,156,158,161,169,172,174,181,190,204,203,204,208,215,198,216,,51,57,58,61,,,62,72,,,,,,,49,,,,39,55,46,,42,47,46,34,44,25,42,28,72,67,66,75,54,83,83,38,61,48,90,72,94,78,63,49,62,45,55,69,46,34,27,68,71,71,74,68,67,62,64,52,57,50,50,73,55,48,44,65,66,52,43,29,44,26,24,29,18,18,26,23,34,36,42,44,41,44,71,,80,77,74,86,81,99,82,,,81,83,78,73,89,,94,97,99,120,,,98,37,40,52,40,47,58,58,48,47,55,70,46,34,68,58,78,75,63,102,48,42,,,196,176,234,199,202,200,205,203,262,159,217,187,215,99,100,82,95,94,115,,121,122,88,,,,76,96,115,106,85,92,91,,61,33,53,40,28,31,44,48,56,50,42,50,42,61,52,55,59,77,61,56,64,73,67,42,46,64,83,89,100,80,64,51,50,61,122,134,86,130,95,66,107,31,32,37,23,,154,,118,128,156,114,166,,155,168,,172,186,163,144,201,218,186,190,224,215,159,164,183,172,103,94,79,93,56,88,,163,,181,,186,148,148,162,156,162,175,130,130,121,73,76,73,205,209,197,,17,18,15,41,34,41,36,35,53,45,78,65,67,69,66,75,65,91,92,73,74,38,44,57,42,53,52,26,30,25,78,80,72,23,19,,73,71,,83,83,86,98,49,40,33,34,,,212,203,211,59,,54,49,,68,150,150,,145,185,,235,213,231,210,234,247,86,177,241,184,66,116,98,88,,128,110,163,123,167,126,72,128,125,90,125,79,160,89,251,141,113,84,139,94,85,101,69,66,85,54,95,95,89,,66,103,61,99,85,94,86,91,85,127,64,70,85,69,97,78,38,43,44,34,43,33,36,40,59,33,32,40,31,33,45,44,9,199,168,,188,186,192,167,266,258,238,,249,,148,147,149,221,216,214,238,179,175,158,157,146,130,,126,145,143,,,136,114,121,102,65,59,55,65,,54,,73,,,60,80,72,68,66,13,22,14,19,20,18,16,19,14,25,28,25,25,18,32,30,108,106,116,121,46,51,59,43,53,65,139,74,117,90,75,73,68,62,116,,,102,117,131,115,125,74,89,105,93,85,98,46,35,37,,35,67,68,225,203,211,204,182,182,140,144,80,112,100,115,142,149,165,162,170,188,179,169,245,223,222,196,54,42,64,40,,78,51,91,65,40,25,46,67,49,78,73,97,162,163,214,209,142,143,170,125,131,143,121,131,144,110,60,60,110,126,112,113,80,81,65,87,83,92,44,43,36,28,36,30,34,35,,34,29,36,41,45,49,41,51,43,38,35,50,46,51,32,32,34,47,,42,37,33,,,73,61,46,156,129,159,179,170,183,173,186,,54,59,200,174,161,140,141,143,104,133,127,76,155,237,,204,214,177,181,,176,190,184,141,172,113,,95,38,44,36,54,52,44,82,,35,52,38,25,,,23,18,34,22,42,45,39,78,68,29,65,67,116,148,125,173,148,,163,123,125,117,182,137,146,126,89,72,67,134,150,120,103,83,62,71,56,53,68,48,62,114,169,42,99,114,205,,152,56,84,40,62,67,36,85,66,61,78,63,119,135,41,29,37,31,78,89,52,18,71,48,43,53,47,39,,87,62,64,55,57,101,96,113,44,52,47,61,55,45,23,20,16,33,32,21,21,29,41,28,,,85,83,88,85,46,45,34,45,131,128,,36,36,47,51,41,21,12,25,22,8,25,24,26,24,6,22,22,21,36,39,36,42,26,30,26,13,16,13,18,16,14,39,51,33,33,27,31,29,35,31,16,16,14,22,21,17,13,26,22,24,24,25,28,31,34,35,33,32,33,27,29,20,33,22,29,34,37,37,205,220,212,,193,148,203,177,,193,179,166,,132,174,182,188,182,156,152,133,167,153,144,150,142,154,169,,169,46,43,58,53,66,72,90,89,98,118,120,120,,53,48,71,128,106,119,,66,70,,49,37,47,40,44,85,87,70,101,97,17,25,23,29,25,29,21,22,23,26,23,101,96,76,62,60,17,32,41,18,24,30,53,32,34,41,34,36,34,42,62,20,29,28,30,24,42,44,54,28,20,24,23,12,15,15,12,14,17,9,13,16,8,12,15,20,31,37,18,16,12,31,30,24,23,15,12,65,65,70,80,107,69,69,99,93,82,97,81,53,60,66,49,69,86,76,76,74,89,96,,75,113,112,100,119,114,66,75,57,77,,82,106,,73,101,101,109,115,26,64,39,,43,21,28,44,50,55,40,40,40,46,31,,,,,34,34,22,16,22,19,27,,25,50,42,36,42,44,33,24,31,44,47,30,37,44,,31,36,41,44,54,,41,44,57,61,62,58,114,,102,115,28,35,71,52,189,,27,,19,29,136,134,136,134,36,48,50,45,92,108,104,113,,,55,91,121,148,62,65,37,41,60,63,56,53,82,78,72,106,130,65,,82,112,73,,115,102,120,139,109,70,51,72,56,42,46,41,79,59,54,185,194,105,101,12,64,55,45,60,147,136,108,206,,171,164,131,148,149,133,27,20,35,49,48,61,87,32,159,35,79,65,82,220,218,179,156,151,47,36,56,55,28,55,79,167,205,211,100,21,80,75,58,98,168,125,77,41,63,57,32,96,62,48,77,52,73,83,114,50,19,106,48,108,47,58,46,159,146,89,114,46,109,77,75,81,213,,82,181,182,25,83,105,93,49,22,54,181,33,150,138,24,12,74,190,129,98,64,189,30,190,37,154,30,31,36,32,121,114,41,111,84,152,99,57,82,70,254
20171215,20,SO2,1,3,1,2,2,1,2,5,3,2,1,1,,,5,,8,5,8,,7,5,6,,5,9,,43,24,40,39,40,38,16,19,22,30,33,37,23,34,54,44,,59,20,,32,31,27,35,28,39,29,29,11,,8,29,14,10,13,11,11,6,6,6,,4,21,34,26,19,23,18,26,45,28,21,5,,11,11,7,6,6,6,10,13,13,16,6,11,16,9,10,10,63,49,,55,38,33,86,39,,35,15,17,34,18,18,15,26,16,16,21,164,143,38,58,63,8,26,46,10,36,27,17,26,,36,18,88,66,13,25,34,145,7,6,6,8,8,8,7,6,6,8,10,9,6,6,4,8,7,3,12,8,7,4,14,7,9,16,10,11,9,9,12,15,29,,,,18,9,,19,26,16,,9,7,7,,15,7,8,10,6,11,7,8,5,,,,8,9,,5,2,2,5,5,,6,8,6,11,9,5,7,12,,10,,4,8,6,12,,7,9,8,8,9,6,4,11,8,8,8,11,7,,6,7,5,11,10,8,5,8,12,,,6,,4,7,,5,3,5,5,8,9,,11,8,5,4,6,5,3,5,4,3,4,4,6,6,6,2,3,1,5,,5,,8,8,2,8,,4,,2,5,8,6,,,6,17,30,35,32,32,29,40,49,25,9,21,18,21,12,19,19,18,16,12,14,13,11,11,14,15,15,4,3,4,5,3,3,5,4,4,6,5,5,5,4,6,7,4,2,6,8,10,10,,7,5,8,6,11,13,8,9,10,10,11,9,11,11,13,4,7,6,16,10,12,19,14,9,12,10,9,14,20,7,15,17,10,13,13,16,11,10,3,8,24,13,11,13,11,10,12,10,9,6,8,8,9,10,12,12,10,11,9,9,11,4,8,5,4,6,21,,29,10,10,6,9,9,9,,,13,9,10,8,11,,10,8,3,10,,,11,9,9,27,20,17,54,51,42,30,20,12,12,16,9,11,18,21,5,10,3,1,,,26,30,54,27,26,21,27,27,67,42,27,14,42,12,8,7,23,28,23,,29,24,29,,,,47,63,5,8,16,11,10,,14,9,8,,9,6,14,6,9,8,5,13,7,7,6,8,5,9,9,7,10,14,9,6,6,9,26,20,15,24,56,23,17,28,22,35,34,63,114,61,95,11,12,13,6,,16,,18,24,24,16,30,,21,14,,14,29,40,21,24,42,47,45,42,66,25,24,22,22,21,7,11,8,8,13,,50,,32,,36,11,16,13,17,13,37,12,11,9,12,7,8,29,33,57,,8,8,7,11,9,9,9,8,9,10,19,18,8,13,12,9,11,26,22,21,17,5,3,4,10,8,8,2,4,4,10,12,14,5,6,,24,23,,45,15,30,11,6,5,6,8,,,7,4,5,22,,29,19,,47,65,53,,57,80,,18,15,9,13,11,25,32,27,88,28,30,17,11,11,,31,10,22,63,58,17,12,57,41,47,54,16,32,33,65,26,36,41,10,75,93,49,79,74,18,31,31,21,20,,28,13,78,69,20,58,6,4,1,4,14,9,27,9,9,11,7,6,8,7,11,13,10,7,9,6,9,15,8,13,22,4,7,18,16,,14,13,21,11,19,26,19,,18,,17,13,15,13,10,7,5,29,24,16,28,32,28,,22,11,9,12,10,12,10,14,15,11,6,8,6,3,6,,6,,,4,7,5,6,5,8,14,13,11,5,5,6,10,3,7,27,18,28,3,2,1,3,14,11,10,22,13,12,12,18,13,36,18,33,11,6,15,18,13,15,,,15,5,13,6,6,7,7,8,6,,5,26,6,8,,23,16,8,23,34,40,23,25,54,51,77,14,15,16,15,9,12,17,16,16,36,19,22,22,29,29,11,4,3,2,4,,35,3,14,14,4,11,10,7,6,6,8,5,61,38,24,22,14,20,14,11,47,20,17,7,19,14,12,14,26,8,7,11,8,10,6,6,11,10,11,15,14,4,3,14,11,14,,3,5,8,5,6,12,1,4,11,20,3,5,4,5,8,9,10,7,,9,2,1,,,20,18,18,20,12,6,9,13,9,10,7,,11,7,34,27,25,36,27,22,38,23,26,20,27,46,,63,50,39,17,,52,16,16,16,23,23,,43,4,10,3,25,11,7,4,,5,21,15,23,,,16,4,24,,9,9,7,120,32,8,22,20,28,65,28,43,55,,38,22,64,67,44,29,30,41,63,25,12,15,13,25,13,40,9,13,16,40,18,13,8,40,62,9,22,17,43,,8,26,13,22,13,12,9,18,11,17,38,18,27,27,14,18,8,12,15,19,40,10,15,14,20,8,14,3,,22,3,7,22,11,7,9,18,6,21,9,12,15,13,21,3,23,19,3,10,7,25,4,15,6,,13,5,11,11,7,3,6,6,8,13,,27,25,16,36,21,1,4,8,6,2,8,7,8,11,2,3,9,6,11,12,10,12,6,10,8,4,4,6,10,4,1,21,15,17,13,17,24,2,3,3,27,3,14,5,22,6,3,12,5,1,12,10,20,14,26,19,19,13,28,4,6,6,6,4,2,13,7,7,4,14,17,,14,,16,16,,20,15,5,,6,8,11,8,13,20,12,10,10,10,4,5,7,3,13,,9,7,4,9,9,5,16,19,27,18,20,16,14,,4,1,4,16,27,22,,8,5,,5,3,2,2,1,11,11,8,11,4,6,16,14,9,8,8,19,19,19,12,10,5,7,8,21,2,5,4,4,12,4,25,7,59,14,7,5,2,6,19,2,20,3,10,2,10,4,7,5,3,9,4,5,5,7,6,11,7,12,2,1,8,4,3,6,9,14,29,1,3,7,4,10,9,8,5,6,15,24,15,10,14,9,15,7,10,6,9,18,6,30,6,3,5,10,6,8,12,15,14,,13,11,7,12,18,11,19,2,3,3,,5,12,,8,3,15,10,12,10,26,9,,20,11,9,8,9,8,9,28,44,28,18,,,,,1,13,17,11,6,4,6,,34,10,7,18,53,11,14,10,8,4,16,18,22,15,,7,11,8,9,9,,5,9,13,15,9,13,11,,6,11,2,6,28,9,7,,5,,5,4,20,25,12,18,16,33,37,31,,31,44,10,,,6,5,40,27,16,14,13,10,13,13,11,8,12,50,26,106,22,1,,22,89,5,,53,33,9,16,47,21,12,18,25,7,13,4,12,13,10,60,16,8,,5,13,13,11,10,17,21,3,3,,9,8,3,74,54,23,5,6,16,10,17,14,38,11,48,11,8,8,5,55,51,82,202,6,3,9,9,7,8,20,6,48,42,16,9,7,9,12,4,39,58,21,21,5,7,6,5,3,2,2,5,62,80,28,46,1,12,9,8,17,8,11,6,8,44,33,22,10,23,10,11,10,16,,8,12,13,6,21,10,10,6,19,7,32,7,32,10,4,3,4,18,29,8,14,14,4,35,7,14,17,48,33,43,3,29,12,31,7,9,6,12,4,,13
20171215,20,SO2_24h,7,8,11,5,10,11,9,12,5,11,10,7,,,11,,15,13,14,,14,10,13,,9,8,,22,19,27,31,25,25,29,21,24,29,32,34,24,36,47,43,,43,11,,40,29,26,35,31,32,29,29,13,,23,14,11,22,24,25,23,22,12,10,,13,26,33,29,12,16,16,26,30,24,22,81,,47,126,170,117,178,43,121,17,20,16,13,13,13,14,12,48,68,73,,56,73,74,76,72,,55,23,32,23,22,17,14,14,25,21,23,87,109,42,56,59,22,23,46,18,17,48,46,27,,115,94,98,99,68,22,46,81,9,7,8,9,9,8,8,7,7,10,12,10,7,6,4,9,8,5,13,8,7,6,13,7,7,16,10,13,11,10,19,15,32,,,,17,6,,11,22,11,,7,7,7,,14,9,7,10,7,8,9,10,9,,,,13,18,,3,2,4,6,5,,6,13,6,15,11,6,8,10,,10,,4,7,8,13,,6,9,9,9,10,8,4,14,8,16,14,13,12,,10,12,8,10,8,9,7,6,13,,,7,,10,12,,5,7,7,5,8,9,,15,13,6,5,6,5,3,5,4,3,4,4,6,3,8,3,2,1,5,,8,,8,8,2,4,,3,,2,6,7,6,4,,6,15,20,25,27,22,25,34,31,25,14,22,20,23,12,23,16,23,20,18,18,18,12,13,20,21,17,4,3,4,5,4,2,2,4,4,5,4,5,4,3,5,6,3,2,5,6,11,11,,6,5,9,6,12,13,10,10,8,5,8,7,11,9,10,5,8,8,12,13,11,19,16,10,16,9,8,12,26,17,16,18,15,18,17,22,18,13,9,10,21,20,16,16,11,10,8,10,11,9,12,11,13,10,15,13,9,12,10,9,10,4,6,5,4,6,8,,15,12,14,9,12,12,10,,,15,12,12,9,16,,9,6,3,10,,,9,10,11,15,10,12,32,32,22,13,20,15,12,12,12,13,25,25,7,10,6,2,,,34,32,33,32,33,35,28,34,24,32,29,24,32,34,29,27,31,36,26,,28,24,28,,,,31,43,4,11,14,10,12,,12,7,8,9,8,6,20,6,8,8,4,11,7,6,5,8,9,11,10,8,11,19,19,12,14,16,30,35,14,23,40,28,22,45,71,69,41,122,54,36,80,8,8,10,4,,35,,18,19,26,14,13,,14,12,,12,25,31,24,29,38,31,54,28,58,36,15,16,20,23,18,26,20,23,27,,22,,20,,20,24,27,24,24,17,32,12,10,7,16,12,13,25,26,19,,9,8,8,11,8,9,9,9,12,11,21,17,10,16,18,15,22,14,29,43,28,7,5,8,10,8,9,2,6,5,14,16,16,6,7,,26,23,,26,24,25,22,10,8,8,9,,,10,8,9,20,,33,20,,39,22,29,,32,41,,97,74,90,79,106,127,135,111,103,140,111,47,16,26,,51,40,56,73,91,55,32,51,40,33,35,24,50,62,67,68,85,62,36,99,63,66,141,74,36,26,36,33,26,,27,34,50,52,20,34,24,34,29,22,23,12,29,22,37,22,8,7,9,7,16,16,13,13,20,6,11,12,11,11,15,4,7,30,20,,25,22,16,17,13,18,11,,11,,16,11,15,14,10,8,10,22,22,15,19,22,21,,20,13,10,11,12,13,8,15,11,8,4,7,2,3,6,,3,,,4,7,6,6,4,4,11,13,11,6,6,6,10,4,15,49,13,22,7,2,2,5,13,16,10,16,14,13,12,15,15,66,28,30,22,10,7,17,11,18,,,17,6,12,7,6,3,10,10,6,9,8,26,7,8,,17,20,10,18,29,26,22,23,35,28,34,14,13,68,52,12,13,19,16,16,33,19,21,26,25,24,16,6,4,6,9,,30,31,44,35,3,7,9,6,6,7,11,8,34,24,13,20,22,30,17,14,29,22,39,17,19,19,15,15,15,11,13,13,10,15,14,9,22,11,13,16,16,4,3,15,12,23,,3,5,8,6,6,10,3,5,13,11,13,6,7,7,9,10,9,10,,10,4,1,,,21,20,26,16,10,5,8,13,10,12,9,,14,12,36,49,27,33,28,28,63,47,63,27,57,164,,182,162,59,41,,68,39,57,45,36,49,,72,6,10,5,32,20,13,5,,7,28,13,19,,,15,5,39,29,10,10,8,53,39,32,46,34,51,66,44,58,51,,47,41,162,60,152,147,60,46,51,39,29,67,59,70,56,21,12,21,22,45,43,36,14,33,42,13,26,20,37,,15,26,20,14,14,12,8,14,15,14,20,20,16,37,8,14,12,12,40,46,42,16,8,18,31,16,14,4,,22,5,7,23,15,8,9,17,9,20,6,16,8,8,21,6,20,10,5,8,4,22,2,14,4,,13,18,8,16,11,17,4,10,12,15,,26,21,20,26,17,2,4,7,6,2,11,9,13,18,2,10,15,12,11,10,9,8,6,10,8,4,4,5,18,5,6,23,12,16,16,22,17,3,8,8,15,21,18,15,26,4,3,10,9,2,10,7,18,13,17,12,17,12,19,6,7,7,7,4,9,17,20,14,5,8,10,,14,18,9,11,,16,11,13,,13,10,12,9,13,11,8,8,10,8,8,10,12,4,11,,9,7,4,6,8,5,12,21,19,20,14,14,13,,4,2,4,13,22,14,,7,7,,3,2,2,3,2,6,7,4,7,4,6,16,14,8,9,7,7,13,10,12,17,5,5,3,7,1,10,7,7,14,4,10,4,20,5,4,4,1,3,4,2,6,4,8,3,6,9,5,3,3,8,5,7,5,6,6,12,12,12,2,6,7,4,3,6,9,17,26,2,3,4,5,10,8,6,5,6,15,21,15,10,13,8,10,7,8,9,9,19,6,29,9,2,4,5,6,4,16,19,14,,15,15,10,12,12,16,20,2,7,11,,5,9,,6,6,8,6,8,8,17,8,,20,11,9,10,13,16,11,26,42,31,16,,,,,2,9,10,10,6,3,7,,56,12,8,16,41,13,12,8,8,5,11,19,22,12,,9,10,7,6,8,,4,9,16,15,10,11,20,,7,8,4,5,17,9,6,,7,,5,4,14,14,11,17,15,29,23,20,11,23,25,14,,,8,11,42,25,14,13,12,12,16,19,12,10,19,36,18,57,47,4,,28,30,10,,39,15,11,28,57,21,14,13,17,7,14,5,14,16,11,22,25,14,10,5,14,9,10,12,18,17,4,12,,21,24,32,42,49,36,4,14,12,11,13,12,36,5,38,12,11,8,12,36,186,68,102,32,5,9,10,12,9,25,7,21,20,10,9,9,24,24,34,27,70,56,12,6,4,5,6,11,6,4,14,34,67,61,34,7,18,10,8,13,12,14,6,9,47,21,25,12,19,11,15,15,125,,11,10,26,6,29,10,12,7,23,15,26,8,20,15,3,3,14,16,31,18,24,23,5,42,14,11,16,38,31,42,10,29,19,35,9,19,6,4,4,6,7
20171215,20,NO2,11,7,16,15,31,12,9,14,7,13,19,10,,,45,,57,48,51,,41,44,51,,39,43,,92,95,88,109,86,83,21,67,63,69,64,69,73,67,76,87,,81,91,,81,74,100,93,87,80,94,96,17,,17,24,29,19,51,4,38,13,22,29,,26,41,45,43,79,71,71,83,59,89,79,24,,14,29,27,16,24,17,15,11,22,23,3,21,17,10,12,18,69,72,,61,70,64,66,64,,63,32,30,44,37,27,33,17,29,19,20,62,58,58,60,66,23,20,54,42,59,59,67,48,,51,44,58,53,47,63,47,88,50,50,52,48,50,34,52,36,56,37,43,32,55,59,47,44,28,43,56,54,60,58,37,67,45,76,57,26,31,31,42,32,58,,,,53,51,,55,55,44,,38,38,34,,72,68,62,70,67,76,55,40,50,,,,37,35,,35,44,44,31,40,,42,42,38,40,42,42,29,38,,37,,51,54,61,57,,37,67,61,64,77,60,49,68,58,57,49,39,34,,43,,33,60,59,64,47,54,54,,,33,,32,37,,50,49,41,11,12,8,,65,66,47,55,49,36,39,34,33,32,27,29,28,31,46,43,40,38,31,,38,,44,49,9,44,,32,,25,30,44,47,,,18,75,77,73,76,65,82,81,76,93,75,70,108,75,103,85,71,74,67,76,70,72,60,70,70,77,69,31,38,45,43,35,43,16,30,30,24,34,30,33,29,42,35,44,39,34,31,53,46,,47,42,50,46,41,38,46,36,69,49,65,80,17,40,73,14,13,30,68,87,80,78,58,45,33,47,42,51,55,42,42,55,48,53,62,47,50,46,44,39,49,39,47,48,32,35,35,31,46,29,33,27,36,37,,50,29,21,39,43,45,8,19,18,21,25,47,,62,68,69,61,61,54,45,,,64,56,69,55,49,,92,102,95,94,,,103,20,29,50,41,20,51,53,56,56,54,31,56,11,49,57,49,60,14,60,10,11,,,105,127,109,122,107,104,108,93,118,99,115,97,121,10,26,8,17,41,60,,70,35,23,,,,61,57,64,66,37,50,50,,18,36,35,34,45,38,44,45,42,46,47,20,40,32,20,18,16,13,17,17,13,,10,16,10,11,36,60,57,31,22,31,20,27,43,83,46,55,58,72,68,51,56,44,29,,62,,62,64,62,65,69,,70,54,,56,82,89,82,70,86,73,84,88,83,47,57,37,28,39,3,24,18,16,14,,59,,78,,70,55,61,54,48,64,74,57,50,51,9,9,15,77,83,83,,36,41,38,30,39,44,39,23,55,27,42,27,27,31,31,22,27,38,19,17,19,25,20,27,15,24,19,32,26,25,48,43,44,31,27,,39,30,,59,40,59,38,33,24,30,20,,,48,49,42,25,,33,21,,28,72,50,,48,63,,12,16,11,4,1,37,46,26,66,39,30,21,15,37,,54,60,58,65,70,35,20,62,72,58,62,33,65,59,49,30,63,53,48,61,64,69,33,31,41,39,54,42,32,,8,52,54,57,20,48,19,25,11,24,14,14,49,25,82,43,50,59,61,43,53,40,58,53,57,31,32,32,37,37,36,33,17,80,85,,66,,84,68,67,72,71,,73,,57,68,60,72,79,85,65,86,83,82,74,56,20,,32,89,59,59,38,53,66,57,63,43,24,30,30,12,17,,41,,,6,34,,12,5,17,38,20,28,18,22,16,20,15,25,22,21,27,17,13,16,43,90,81,80,48,34,47,44,65,31,80,52,136,61,38,48,43,51,81,,,87,47,60,81,67,38,44,73,57,,56,40,32,42,,36,39,29,89,106,103,97,66,78,108,91,27,47,,25,14,49,87,85,64,71,90,,62,96,102,,9,8,4,30,,26,13,14,16,38,29,10,42,17,55,43,33,64,84,73,75,74,71,78,56,71,85,18,15,,34,7,10,16,18,12,24,13,14,20,14,11,2,46,37,41,44,41,50,39,48,,,36,38,26,46,57,35,45,50,48,38,33,25,23,31,23,41,53,,52,68,60,,,25,24,43,32,51,37,38,37,35,36,39,,76,33,34,37,33,42,27,18,22,27,14,16,30,22,,43,38,12,14,,18,20,30,30,25,27,,35,9,9,6,18,19,3,43,,15,23,18,11,,,14,2,15,11,12,11,6,33,24,6,16,32,53,67,59,58,46,,61,48,27,29,26,17,5,72,46,54,47,41,29,19,14,49,25,17,,31,28,19,35,72,53,3,22,35,61,,14,41,59,26,63,61,7,35,22,42,53,23,70,25,26,14,11,12,39,32,48,7,44,46,56,50,35,52,,27,26,26,29,15,49,39,55,61,61,44,30,44,45,44,30,39,37,41,33,41,30,32,48,41,,48,77,68,71,42,31,31,36,18,33,,20,40,40,46,12,21,7,21,25,6,27,31,27,25,3,22,25,41,28,29,27,30,43,45,43,23,18,24,35,41,36,25,40,33,27,47,29,28,25,31,42,40,25,42,41,23,33,40,40,40,33,38,35,44,38,33,29,35,36,26,36,31,34,34,,32,27,29,87,76,85,,70,,76,62,,65,62,56,,67,73,64,66,69,64,99,74,89,65,72,,56,60,79,,54,24,37,53,32,42,18,89,61,84,68,75,90,,38,25,12,64,70,80,,31,27,,24,56,49,40,29,42,47,59,33,30,24,31,37,31,45,34,14,22,20,20,31,16,36,,17,29,39,33,32,33,36,32,,29,21,41,11,20,19,18,17,8,84,24,20,22,3,44,34,38,23,27,41,23,18,21,14,12,25,15,18,22,17,18,33,36,43,35,29,22,19,46,29,19,18,15,18,10,57,37,,76,91,74,71,47,44,59,75,55,69,65,52,42,78,89,66,19,34,29,,35,47,80,71,58,72,13,58,32,62,,57,71,,54,47,61,73,100,22,37,40,,21,17,38,27,33,32,34,46,47,51,18,,,,,11,28,46,31,23,19,26,,17,17,11,25,36,,35,26,27,39,33,24,16,13,,8,11,30,23,47,,28,14,55,,25,62,12,,45,22,5,30,74,19,23,,6,,6,10,26,65,42,70,50,57,47,41,,40,60,38,,,6,14,73,70,18,13,14,11,13,13,18,23,14,44,29,40,18,13,,30,46,29,,43,36,52,19,20,28,10,,35,14,20,13,13,16,23,96,64,38,66,5,34,33,18,35,80,74,11,12,,,25,30,68,60,48,15,3,57,30,47,33,42,78,54,45,48,60,50,83,40,19,61,22,49,43,38,40,27,15,45,79,74,52,92,29,28,31,21,52,49,63,33,29,23,66,43,23,75,45,35,44,69,58,46,19,60,63,32,72,47,41,28,29,72,66,56,48,70,64,73,50,14,,68,56,79,34,43,65,64,48,13,9,84,18,43,34,38,23,34,86,56,12,8,59,37,60,20,58,37,40,40,45,4,37,12,82,70,73,54,43,38,49,75
20171215,20,NO2_24h,42,25,43,44,51,43,46,52,42,37,44,47,,,47,,48,51,48,,48,53,50,,52,45,,73,74,70,86,63,69,53,59,56,62,60,60,62,62,63,73,,71,63,,57,64,82,74,70,66,77,80,17,,22,19,22,39,49,35,44,34,48,50,,47,47,49,49,51,51,48,63,59,66,61,65,,57,61,62,60,61,56,68,14,21,24,19,25,18,14,15,44,60,65,,50,63,62,64,61,,55,39,32,36,36,27,34,18,50,38,32,50,45,52,45,50,28,31,48,38,33,55,60,38,,66,66,73,67,65,41,49,70,51,48,54,49,53,50,53,29,50,39,46,33,55,48,42,42,42,43,51,50,56,55,40,61,42,68,56,32,35,37,39,39,55,,,,57,49,,52,55,57,,39,29,27,,51,58,47,52,54,53,51,40,53,,,,45,39,,24,33,36,27,31,,37,43,37,44,43,43,31,45,,41,,45,46,53,59,,33,64,55,60,72,60,48,65,55,60,61,56,54,,56,71,51,55,49,61,49,61,49,,,46,,56,60,,33,37,38,12,9,13,,53,53,39,43,37,28,33,42,35,31,26,22,31,27,49,45,40,27,31,,40,,51,39,8,28,,31,,26,32,39,44,27,,19,60,54,60,64,53,69,66,56,62,67,64,83,67,96,82,64,66,57,63,58,56,50,59,55,63,51,28,29,34,38,30,44,32,29,30,25,30,31,31,30,40,36,40,39,32,33,51,44,,47,41,54,38,40,32,44,27,45,32,39,44,22,33,55,10,21,23,42,68,67,64,71,44,36,46,46,57,48,44,39,64,56,60,71,56,55,53,50,36,44,39,41,47,28,26,28,31,40,37,34,37,38,31,37,41,26,20,37,37,40,6,8,8,10,13,29,,45,47,38,51,44,46,40,,,40,51,48,41,46,,44,47,57,46,,,53,23,21,32,32,14,31,28,32,30,32,43,41,15,41,42,44,48,33,63,41,22,,,70,78,79,73,37,61,71,62,66,64,66,65,70,43,46,18,59,62,45,,59,28,22,,,,38,44,55,53,37,51,39,,24,38,33,33,41,38,36,38,34,39,38,15,33,29,30,12,15,11,13,13,11,24,23,18,17,21,37,51,38,41,24,29,29,38,52,60,39,51,37,41,49,20,27,34,13,,60,,56,59,60,54,49,,52,25,,46,65,73,65,64,81,58,65,66,83,45,61,39,27,22,38,48,47,46,44,,38,,52,,48,48,55,54,43,51,60,51,46,52,27,36,31,60,55,57,,29,34,30,26,34,31,23,16,34,26,36,28,30,32,32,24,31,34,22,20,23,29,23,32,16,23,17,28,24,22,45,40,39,33,28,,36,29,,40,40,44,34,34,26,34,17,,,49,50,44,9,,16,12,,17,36,55,,40,42,,40,42,44,31,39,74,68,59,69,61,52,29,25,50,,48,50,49,47,59,46,40,53,56,43,48,37,62,51,44,45,54,50,42,52,48,50,44,41,40,33,46,45,35,,17,38,39,43,31,35,28,43,37,40,24,28,48,44,80,49,50,48,55,46,41,35,41,42,36,32,31,28,40,31,40,32,10,56,60,,56,33,49,52,53,57,55,,61,,51,56,53,48,52,58,46,51,51,48,45,46,42,,41,35,48,46,39,42,46,42,39,28,21,23,25,15,14,,37,,,17,33,30,15,11,19,35,20,30,20,22,17,21,10,28,23,21,26,16,10,11,29,46,40,35,36,38,41,36,45,30,69,46,71,43,32,40,31,44,40,,,52,32,42,46,40,20,22,29,37,35,31,36,29,35,,28,31,21,71,62,68,60,35,45,50,42,30,44,49,46,46,42,56,60,50,49,53,51,66,62,65,89,9,10,6,23,,27,25,21,21,27,21,6,37,19,30,39,28,47,57,52,54,67,64,76,52,59,76,48,39,44,50,17,33,38,41,42,48,31,29,36,41,30,25,47,79,46,40,38,41,35,41,,,33,33,23,41,67,36,42,45,49,38,36,44,105,22,16,50,57,,48,51,47,,,38,34,48,30,44,32,44,43,44,42,43,,35,30,50,51,40,57,38,24,30,40,27,15,42,64,,59,61,48,40,,42,40,49,44,41,33,,39,12,13,9,18,25,9,29,,16,19,17,11,,,13,4,21,16,12,10,7,30,32,24,27,32,52,65,52,50,37,,53,61,39,47,49,41,52,62,42,50,44,54,46,48,43,30,17,44,25,36,48,27,35,57,45,13,42,44,60,,35,28,40,15,42,32,6,31,39,34,49,22,69,46,42,12,11,21,52,56,43,8,29,28,32,49,22,42,,34,25,27,34,17,47,46,56,58,54,45,43,54,52,36,25,37,35,27,21,22,30,28,39,35,,37,53,45,50,32,30,24,24,34,42,,28,43,61,56,31,22,8,32,20,7,25,28,28,22,3,19,21,25,27,28,32,38,36,37,34,9,9,12,25,27,32,18,32,26,20,34,30,30,30,35,34,38,16,34,33,25,33,33,36,41,27,32,29,38,32,29,23,31,31,19,28,25,26,25,38,27,25,16,72,55,61,,49,58,53,51,,55,52,49,,55,54,44,43,50,32,56,45,54,40,56,55,41,43,58,,41,23,34,46,35,32,21,53,51,54,46,50,63,,35,20,17,49,54,50,,31,30,,20,46,42,38,24,25,28,29,35,30,28,30,36,29,43,32,21,27,27,26,31,25,40,29,21,26,36,29,28,29,28,35,47,28,20,25,11,14,15,15,13,12,22,30,26,20,4,28,23,29,19,24,33,23,20,21,13,15,24,14,17,21,16,14,21,24,24,19,26,18,13,20,21,14,15,12,12,18,33,35,31,36,33,35,31,25,13,27,41,27,40,34,28,35,45,52,37,20,28,29,,28,46,69,52,55,57,28,19,19,29,,37,38,,23,55,25,34,31,15,18,22,,21,16,29,27,42,36,37,36,31,44,19,,,,,5,22,30,23,17,14,28,,19,16,15,19,25,4,26,18,20,20,18,15,25,16,,9,9,17,19,25,,17,17,34,28,24,31,7,,27,15,10,22,44,24,16,,8,,9,13,27,43,45,39,26,34,29,29,26,34,37,35,,,9,31,46,54,20,14,13,10,26,24,24,27,21,30,18,34,47,26,,34,39,26,,34,21,28,20,19,23,12,22,25,11,19,12,36,19,29,71,69,30,57,4,30,21,9,27,54,49,28,32,,53,38,42,49,50,46,9,4,39,30,36,29,55,37,37,42,54,53,48,68,66,41,42,51,44,33,69,59,37,18,28,51,48,51,47,32,31,28,28,39,55,59,28,46,17,31,50,46,43,52,45,17,41,32,38,16,51,53,24,60,49,53,33,32,69,46,52,48,59,54,42,48,45,,51,46,67,31,40,36,36,19,11,14,57,10,49,43,34,16,54,62,43,42,16,61,17,53,23,54,24,28,26,31,21,43,17,69,50,68,33,35,39,33,53
20171215,20,O3,63,72,38,59,43,65,73,64,63,62,55,63,,,32,,18,35,22,,28,28,24,,24,25,,5,3,6,4,2,,58,12,16,16,18,14,14,18,9,10,,14,1,,2,,15,2,13,16,14,6,56,,60,51,42,54,7,68,36,53,58,46,,46,33,29,34,4,5,6,6,5,7,4,63,,69,63,58,58,54,64,63,65,60,61,66,60,64,65,54,34,4,6,,11,6,4,5,7,,8,49,39,34,41,40,51,51,47,60,66,16,10,5,5,7,40,42,16,33,17,32,11,39,,22,32,14,14,20,53,20,45,39,36,37,45,33,50,41,46,33,48,15,33,19,14,22,18,44,27,20,23,16,7,12,14,12,23,32,54,62,54,47,55,3,,,,3,4,,4,3,9,,24,17,32,,,11,6,6,8,6,14,25,20,,,,28,30,,29,17,12,30,2,,31,18,23,23,24,16,37,35,,26,,1,3,1,10,,28,3,2,3,2,4,4,7,12,25,36,44,47,,41,33,34,12,4,5,14,21,11,,,33,,32,29,,6,5,11,78,73,66,,1,1,2,6,3,4,6,27,10,18,25,21,27,22,43,28,17,,34,,23,,16,2,31,59,,10,,18,26,5,8,22,,16,7,8,2,8,8,10,8,7,12,,6,4,9,13,12,8,6,3,9,5,3,7,6,7,5,5,25,17,12,19,17,37,16,20,36,31,8,22,7,24,13,12,14,21,14,16,3,3,,4,3,4,6,4,2,4,9,42,36,42,3,90,62,6,75,100,74,5,21,31,34,28,2,4,,1,1,2,7,2,1,4,5,2,2,2,8,1,4,3,5,3,,23,19,20,37,62,16,9,13,8,7,5,4,18,26,11,6,8,78,97,56,67,57,24,,4,6,1,5,2,3,4,,,6,6,5,4,5,,3,7,16,2,,,11,91,14,16,27,18,6,4,5,5,6,55,35,83,45,41,49,30,96,58,99,78,,,14,8,10,8,2,8,10,,12,16,8,5,6,74,65,75,77,59,56,,36,67,47,,,,24,25,5,6,19,17,5,,45,21,13,17,15,19,6,5,7,4,5,50,6,15,40,55,65,60,62,55,57,59,60,56,70,61,53,27,5,46,46,37,43,45,35,17,23,30,26,14,8,23,16,25,46,,8,,5,1,8,3,2,,4,22,,11,8,8,4,4,3,3,10,,17,14,8,7,7,14,74,55,56,66,64,,13,,8,,8,4,8,,23,,2,10,20,27,62,72,58,4,10,7,,5,6,5,5,4,54,61,70,36,76,63,14,12,12,13,10,12,5,10,12,13,9,17,8,86,84,79,18,18,18,3,4,2,9,10,,51,63,,23,30,13,61,6,4,3,51,,,11,13,17,56,,30,47,,29,31,49,,44,34,,66,65,65,65,66,49,39,69,22,40,63,34,37,36,,17,15,19,8,18,33,31,7,30,17,13,30,23,7,18,27,11,3,7,16,12,19,36,38,35,34,26,38,53,,71,12,10,24,40,11,51,50,61,53,55,51,12,34,16,20,10,7,8,18,11,19,9,11,28,2,5,3,12,4,2,6,14,2,4,,21,5,2,4,6,7,11,,2,,6,5,8,2,5,3,8,2,4,5,11,27,47,,53,8,7,7,9,13,3,8,5,6,12,21,15,28,9,,14,,,27,16,13,22,57,21,11,7,15,18,26,26,25,16,35,45,35,30,12,54,55,49,9,13,7,21,20,11,17,10,20,25,47,10,16,3,9,6,2,23,,,39,49,35,27,30,46,40,38,38,,28,35,13,11,,8,8,12,19,7,13,10,23,6,18,7,63,25,54,70,76,34,7,10,31,17,9,6,20,2,5,3,68,65,72,46,,45,77,66,66,15,13,13,26,26,25,28,57,12,4,5,6,2,3,12,16,8,6,58,46,35,33,59,60,44,1,61,45,57,74,57,69,76,68,27,38,40,22,26,,26,27,,,43,43,33,11,15,27,33,18,19,38,25,54,33,39,44,45,34,,53,,,,,47,38,6,44,40,43,38,40,41,38,37,,7,54,66,54,62,63,69,67,50,59,53,56,52,90,,31,41,67,57,,70,59,42,44,40,57,,53,66,69,74,40,40,60,6,,59,42,77,71,,,47,60,54,58,77,76,80,35,37,58,49,35,15,12,5,11,11,,5,18,36,45,42,52,48,19,21,12,28,44,40,56,53,11,31,34,42,81,72,74,33,21,34,59,52,39,9,,,32,13,52,6,12,43,33,45,28,15,49,21,42,35,44,47,47,51,64,26,51,18,11,24,22,12,18,,32,18,25,31,25,7,20,13,20,7,17,21,25,15,38,29,16,41,16,53,15,47,35,39,8,,4,2,8,11,22,27,21,8,55,60,,30,48,56,42,51,56,63,53,59,65,4,8,8,14,53,28,24,8,6,6,4,2,1,2,2,2,1,2,1,3,5,2,2,2,13,,2,1,5,2,3,4,3,3,4,28,21,43,14,14,40,6,5,6,7,7,6,6,7,3,5,5,5,4,1,6,2,7,9,12,5,,7,,4,6,,11,6,2,,1,10,22,4,8,5,13,11,10,16,,3,3,,16,,16,1,1,1,3,1,82,11,26,9,10,5,10,,10,14,20,13,14,13,,46,49,,17,2,3,3,3,34,29,10,5,9,21,12,9,9,11,16,41,30,39,36,29,34,25,25,65,29,20,8,2,4,1,23,13,14,23,10,34,33,27,28,28,53,36,43,33,38,10,23,6,6,15,6,,27,31,31,33,39,19,19,12,10,17,14,9,4,5,5,8,1,20,12,29,27,26,23,18,87,36,58,55,5,9,20,8,8,7,8,5,15,6,14,10,38,12,8,15,42,32,32,,27,41,42,21,46,58,61,61,32,72,,6,4,,23,25,16,8,9,42,14,15,,44,54,63,39,54,50,35,22,32,50,61,,,,,,41,10,23,3,17,29,,29,58,69,27,31,81,78,59,41,26,48,40,70,64,,56,55,11,17,19,,67,81,26,20,26,14,84,,18,50,88,74,35,68,34,,67,,67,65,46,21,36,40,23,27,27,42,9,14,8,60,,,68,56,17,37,70,65,61,56,89,78,62,54,72,42,28,52,62,89,,56,44,75,,80,60,34,82,58,63,51,23,29,68,70,76,69,78,49,7,16,12,4,80,35,28,31,16,24,27,57,64,,51,57,61,5,2,8,48,53,86,29,16,32,52,22,36,3,21,12,23,2,47,57,24,56,22,23,47,24,31,35,24,10,14,26,8,27,,41,60,36,7,4,33,31,58,4,27,53,24,19,28,21,10,14,35,13,,2,23,1,28,30,32,5,12,1,6,22,13,5,4,5,71,,7,4,7,5,60,21,9,16,65,51,4,46,40,56,12,17,36,4,37,62,46,3,8,3,100,26,12,15,15,11,57,58,64,9,6,3,20,8,15,4,8
20171215,20,O3_24h,63,72,40,59,58,65,74,77,68,62,61,63,,,62,,63,66,69,,55,77,69,,70,57,,23,15,17,8,12,11,60,70,73,70,72,67,71,48,50,41,,36,28,,32,10,51,38,38,43,42,37,73,,81,77,83,65,60,72,69,67,66,66,,60,57,65,63,30,37,35,28,22,23,23,63,,77,77,58,58,54,64,63,70,71,72,76,70,76,72,63,59,46,61,,66,67,49,34,48,,66,75,64,68,66,64,74,69,66,63,78,50,53,17,40,41,69,70,57,66,70,92,78,81,,61,67,35,43,52,103,86,72,57,59,58,62,63,54,65,74,67,72,25,40,30,31,34,29,44,38,39,39,31,26,28,34,27,43,56,60,62,55,56,62,37,,,,8,10,,14,12,15,,36,42,53,,29,33,31,40,32,39,34,52,34,,,,32,47,,46,49,39,51,54,,50,95,30,52,27,24,59,46,,46,,18,26,23,12,,34,6,3,5,5,6,10,7,37,40,36,54,55,,41,40,34,24,22,8,31,26,25,,,36,,37,30,,39,53,38,81,84,72,,12,16,23,30,25,14,22,35,20,20,28,36,28,29,50,28,23,32,55,,53,,51,37,49,69,,20,,30,38,23,29,36,,37,21,27,10,20,36,24,26,24,45,8,12,5,20,20,26,35,17,20,24,20,19,18,22,36,16,21,28,28,26,19,18,37,16,20,36,34,13,24,13,25,16,15,16,25,17,18,12,24,,14,35,24,19,19,27,21,27,92,92,90,69,120,128,68,94,122,84,109,84,68,105,77,14,15,11,21,24,11,17,17,45,52,59,53,42,40,37,44,77,72,54,84,90,86,96,90,97,117,17,23,13,23,21,19,16,23,33,25,17,21,81,110,65,74,76,52,,39,45,38,34,50,25,26,,,51,29,47,30,26,,61,78,68,60,,,63,91,33,30,34,34,26,16,25,10,25,103,80,102,100,100,90,86,96,93,102,83,,,84,75,56,88,71,99,86,88,88,79,96,75,70,91,79,85,90,85,91,,58,89,70,,,,77,52,18,23,45,34,22,,48,25,15,22,16,24,9,10,10,8,9,54,11,20,40,70,77,69,77,66,65,79,72,71,85,77,89,84,79,72,56,53,45,47,65,69,65,75,76,64,76,69,63,63,77,,19,,16,13,20,16,39,,41,40,,36,37,38,36,30,38,22,37,27,44,35,19,15,21,44,75,58,56,67,64,,45,,40,,32,38,34,49,36,34,16,44,60,68,66,74,58,34,39,33,,31,28,30,28,21,89,97,91,81,97,115,72,69,67,72,74,63,113,64,66,44,32,29,20,96,99,97,38,41,43,66,74,75,21,22,,95,112,,144,124,120,143,16,22,21,71,,,33,31,34,87,,60,71,,60,105,97,,101,91,,66,65,65,65,66,54,65,69,47,50,98,54,52,63,,77,67,73,76,91,68,64,62,68,69,54,68,58,54,58,55,47,45,52,67,75,78,69,65,74,60,67,71,76,,84,60,48,62,53,61,54,50,64,60,63,61,47,47,50,45,16,23,16,23,29,28,32,29,118,17,23,24,31,24,18,96,95,47,78,,58,52,58,57,22,19,25,,6,,18,7,18,18,16,18,26,53,60,53,66,68,63,,82,46,11,13,30,17,27,40,41,17,15,25,25,33,20,,29,,,41,33,48,70,57,28,19,14,21,19,27,27,26,36,35,47,35,31,24,70,77,90,47,72,75,48,52,30,48,56,47,84,96,96,88,26,19,27,16,66,,,78,80,73,75,81,103,100,106,94,110,87,49,30,29,,28,38,49,60,86,69,85,94,86,94,80,95,25,83,91,79,97,76,88,89,83,88,87,73,69,72,63,81,78,86,67,,70,85,75,75,52,44,36,60,52,58,76,235,38,33,20,27,14,18,29,36,21,24,183,46,38,33,63,64,44,1,61,46,57,74,59,69,76,68,34,38,50,38,52,,47,57,,,66,60,48,38,39,38,94,31,34,71,35,54,33,57,64,45,37,,72,4,8,,,63,197,12,61,55,52,50,50,57,48,56,,68,91,81,74,82,84,90,87,79,84,72,76,82,90,,48,44,75,65,,80,78,67,77,64,68,,67,74,78,79,49,46,65,36,,73,48,79,85,,,56,65,65,65,89,93,93,69,58,64,66,67,66,61,61,65,45,,54,43,69,70,65,77,51,58,57,62,72,51,62,68,59,51,57,47,64,81,73,77,55,44,44,68,84,54,30,,43,60,58,70,37,38,53,66,57,65,42,70,43,64,53,60,58,57,91,101,53,51,38,77,90,34,34,42,,33,24,26,31,25,16,27,21,39,16,53,28,26,15,61,41,31,55,27,59,40,54,44,99,25,,21,21,26,26,36,29,36,34,55,60,,45,52,68,52,94,68,69,67,76,72,33,37,37,38,84,45,44,31,36,37,32,23,22,14,26,25,26,32,35,30,14,3,5,4,17,24,22,14,13,10,14,21,21,21,20,34,28,54,23,21,53,25,22,18,32,32,29,25,25,21,19,18,18,24,21,19,17,19,15,16,12,,13,4,10,12,,15,11,31,,34,44,51,35,36,45,51,54,53,54,72,70,72,66,55,,54,11,8,11,8,9,95,55,50,62,28,24,37,,19,24,28,35,35,35,,46,49,,26,13,12,9,14,59,58,65,25,31,21,12,9,9,11,16,41,30,39,36,34,39,32,195,69,35,26,13,8,12,6,30,14,22,26,10,44,42,40,35,37,53,36,43,36,43,43,33,33,26,30,17,19,36,36,41,34,40,22,30,22,19,21,23,23,17,30,26,16,10,56,52,51,28,27,38,33,94,73,74,84,79,64,65,89,42,51,48,48,56,57,59,48,81,58,58,49,59,52,48,,46,48,65,26,62,81,114,97,94,130,,64,66,,64,72,65,61,66,66,78,76,,45,76,79,70,74,76,53,43,57,73,61,,,,,57,49,51,48,16,33,31,,38,103,105,52,54,97,101,95,80,87,93,88,79,74,,71,68,69,54,90,,89,107,80,82,53,79,109,,73,81,94,92,82,93,64,,70,,71,69,68,61,53,74,88,80,83,83,39,28,28,86,,,80,88,89,96,86,81,84,77,101,89,74,72,89,81,56,85,68,96,,81,72,79,,102,80,94,120,86,83,61,53,57,82,82,81,69,96,64,35,38,57,63,98,51,45,58,48,87,51,126,91,,81,74,91,28,20,35,56,66,118,50,47,45,86,65,83,24,69,50,57,12,49,72,56,69,42,55,56,27,31,40,40,38,44,43,56,39,81,76,76,79,66,61,49,38,77,80,29,64,73,24,58,67,59,69,67,21,9,30,47,15,36,39,47,8,17,39,19,41,36,31,37,31,71,,55,11,62,18,147,45,48,66,82,55,35,69,68,84,38,36,62,10,52,65,54,14,45,15,110,52,50,48,53,46,68,89,76,43,38,34,65,28,29,29,28
20171215,20,O3_8h,60,67,35,52,50,59,69,60,63,51,56,60,,,51,,49,55,51,,42,50,47,,52,46,,16,8,11,4,7,6,46,47,48,45,53,46,48,41,32,30,,26,11,,15,,32,19,25,30,28,21,68,,68,67,68,57,47,70,62,60,59,60,,54,42,48,48,19,22,23,18,14,16,14,50,,63,58,51,46,45,56,47,66,64,68,69,64,71,67,57,51,26,30,,42,39,27,19,25,,44,64,53,52,56,50,63,61,57,56,72,31,30,10,23,23,53,57,35,47,54,60,34,54,,40,48,26,28,34,75,46,55,43,40,36,43,36,40,42,57,32,38,13,33,22,17,23,23,36,23,28,28,24,10,14,18,17,30,33,53,56,49,49,51,3,,,,4,5,,7,4,10,,25,30,42,,13,17,12,15,13,19,19,25,28,,,,26,37,,36,37,20,33,19,,34,35,19,21,20,16,48,40,,34,,9,12,12,7,,30,4,2,3,4,4,7,5,7,10,19,39,38,,16,24,20,16,8,6,11,11,13,,,30,,24,20,,13,8,13,77,74,63,,6,9,9,14,15,7,11,24,13,14,23,20,23,18,38,20,13,19,33,,26,,23,13,44,62,,12,,19,20,6,10,23,,15,13,16,5,12,19,16,15,13,24,4,9,4,15,16,18,10,9,10,15,11,8,12,13,16,9,11,19,14,12,11,12,19,9,12,22,28,10,20,10,23,13,13,15,22,14,16,6,11,,7,17,13,12,10,14,10,18,68,62,67,37,95,98,54,86,108,73,78,62,56,72,53,7,9,5,10,11,8,12,11,15,20,24,19,16,15,17,15,34,32,25,32,33,59,60,60,68,88,13,11,9,11,13,13,10,17,26,19,10,15,77,104,60,70,68,32,,16,16,22,10,4,5,15,,,16,10,8,17,10,,40,56,49,34,,,46,70,15,14,23,15,10,4,10,7,7,85,64,92,79,82,75,69,89,80,92,78,,,53,42,29,52,41,55,53,59,52,49,49,41,36,80,71,79,80,71,77,,47,79,51,,,,58,41,11,13,35,21,16,,35,21,12,19,14,20,8,9,9,6,7,44,9,18,31,63,71,63,68,60,61,70,66,66,77,70,72,58,56,54,47,36,40,42,48,43,52,54,50,43,41,55,46,43,66,,10,,10,5,11,8,24,,27,24,,19,26,26,24,15,17,6,18,10,26,20,7,8,8,28,55,38,39,46,41,,23,,20,,18,17,19,33,21,1,8,18,26,31,39,50,38,19,24,14,,9,10,8,9,6,70,77,80,61,82,87,28,23,24,27,22,26,58,31,34,25,22,23,14,89,91,89,22,27,28,44,50,48,15,17,,81,95,,93,85,70,110,10,10,10,63,,,15,14,14,74,,49,60,,46,77,71,,76,64,,51,52,55,52,54,32,40,38,35,32,73,45,46,50,,53,47,48,37,52,51,47,40,48,45,34,51,40,34,42,40,32,24,32,41,52,51,43,49,60,51,53,58,69,,76,39,30,34,41,34,44,38,55,53,53,50,29,36,31,31,8,10,8,14,10,16,16,10,30,5,12,6,14,9,4,19,21,26,46,,36,28,32,28,13,12,17,,2,,6,3,8,8,9,10,13,33,37,32,42,48,54,,70,11,9,10,17,14,14,27,26,10,13,22,20,30,14,,23,,,36,22,30,45,48,22,14,10,18,16,25,26,22,27,27,40,26,25,18,61,66,72,30,52,53,32,37,23,32,35,37,60,74,67,60,19,14,16,9,51,,,63,64,55,56,60,80,71,83,71,80,64,30,9,6,,6,10,9,41,51,44,53,66,56,71,53,82,21,70,80,76,75,47,54,70,51,60,51,44,35,38,44,70,68,73,60,,62,67,64,66,39,29,23,28,42,46,62,63,24,18,10,10,6,5,11,14,14,12,49,22,26,18,51,53,28,1,40,28,32,44,33,39,38,37,25,32,38,28,28,,30,40,,,44,46,38,15,27,31,38,15,13,48,31,36,21,49,56,36,29,,50,1,3,,,57,76,10,51,45,46,43,44,50,43,47,,48,73,66,58,64,68,75,77,67,72,61,62,68,57,,37,36,64,57,,70,68,57,64,56,59,,61,69,72,75,42,37,60,17,,69,45,75,79,,,48,53,55,59,80,78,79,55,49,60,59,53,43,41,37,36,33,,31,32,48,52,46,65,41,40,36,45,50,42,53,54,53,30,43,38,45,70,57,68,38,31,35,55,29,29,18,,,38,18,62,13,19,47,46,41,42,25,62,25,47,40,48,46,47,74,72,40,45,23,38,20,28,25,24,,26,15,19,23,18,10,11,12,22,7,15,16,22,12,50,32,24,47,21,43,20,49,40,40,10,,12,13,20,18,22,22,19,10,48,49,,34,46,50,38,58,56,63,57,69,67,6,8,10,21,57,32,33,16,19,18,15,11,4,3,3,10,4,6,5,9,10,2,3,3,15,11,10,5,7,3,8,6,6,7,9,29,24,40,17,17,36,15,12,13,9,8,8,8,8,9,11,11,10,10,7,6,4,10,12,14,9,,8,,8,9,,13,8,15,,16,27,36,20,24,26,33,33,34,40,42,43,55,38,40,,38,3,2,4,5,3,86,39,36,35,20,15,21,,6,9,13,26,26,24,,36,41,,11,4,5,6,6,51,47,45,17,21,17,9,6,6,9,14,33,24,32,24,27,34,27,48,53,32,24,11,5,8,3,25,13,17,21,9,40,36,35,31,34,42,28,31,29,32,25,24,11,10,16,10,2,23,25,24,31,36,20,20,14,12,18,20,16,12,22,18,12,6,38,34,33,25,25,28,25,90,62,63,76,46,38,47,53,30,38,34,32,40,36,43,31,63,35,38,33,48,41,37,,36,43,38,20,44,70,58,69,51,79,,43,45,,52,54,48,40,49,59,45,48,,40,65,67,60,67,65,43,26,44,59,55,,,,,53,43,32,38,9,24,20,,26,81,86,38,41,87,88,82,72,71,73,70,76,70,,60,62,46,33,67,,78,89,67,65,38,57,82,,55,72,85,82,69,84,55,,67,,64,63,54,44,41,56,65,60,62,65,22,22,20,78,,,74,74,69,72,77,76,72,66,97,84,69,68,83,68,45,70,58,89,,73,60,70,,88,72,76,108,71,72,57,45,50,78,76,78,69,90,59,25,28,41,45,84,44,39,40,35,57,38,65,78,,70,68,78,19,12,23,53,38,100,39,33,38,70,45,63,11,49,35,44,7,43,61,45,60,30,42,40,18,27,24,33,20,26,28,42,24,74,64,59,59,42,34,40,29,67,52,23,58,51,5,48,55,40,53,56,8,3,16,33,5,32,33,39,6,14,23,10,33,25,8,22,8,58,,38,7,38,13,105,27,32,51,72,48,19,61,50,67,14,26,48,7,45,36,50,4,24,5,100,43,34,36,37,32,63,75,69,30,11,18,42,18,20,19,18
20171215,20,O3_8h_24h,60,67,35,53,54,59,69,62,63,53,58,60,,,54,,55,59,59,,46,52,53,,53,49,,16,9,11,5,7,7,46,56,57,56,60,54,59,44,40,35,,26,12,,16,,34,21,26,30,30,22,69,,69,70,75,60,54,70,67,63,59,62,,55,44,50,50,22,26,26,21,16,18,16,50,,63,58,51,46,45,56,47,66,65,68,69,64,71,67,57,55,38,49,,58,55,38,28,36,,56,65,55,56,56,61,63,61,58,56,72,42,44,13,34,34,59,62,45,59,63,72,52,81,,44,50,28,30,36,90,57,58,47,50,45,55,49,40,54,66,56,64,25,33,25,30,34,24,36,38,28,30,26,19,21,25,20,34,39,53,56,49,49,51,3,,,,4,6,,10,6,14,,26,32,43,,27,25,23,36,24,28,27,32,28,,,,26,40,,41,39,29,44,44,,43,35,30,21,23,16,48,40,,34,,12,14,13,7,,31,5,2,3,4,4,7,6,7,10,19,39,38,,16,24,20,18,22,7,20,11,13,,,31,,24,20,,34,30,24,80,82,63,,9,11,20,25,19,8,11,24,16,19,26,35,25,27,48,20,21,30,52,,53,,39,32,48,66,,14,,29,20,20,13,32,,21,13,16,5,12,19,16,15,13,35,5,10,5,17,16,21,19,10,13,18,13,14,12,14,22,11,17,22,16,12,16,14,24,9,13,22,28,10,20,10,23,13,13,15,22,14,16,8,14,,8,22,16,16,12,19,12,23,87,80,75,62,95,100,60,87,108,73,90,68,60,77,56,8,11,6,12,12,9,14,13,15,21,26,20,19,18,19,18,42,40,32,44,40,60,62,61,69,94,13,13,9,15,14,16,12,20,30,19,11,16,77,104,62,71,70,45,,39,34,30,22,30,21,16,,,39,24,42,28,26,,42,60,49,36,,,47,70,24,26,23,28,22,14,23,10,22,87,65,92,80,84,75,72,89,80,92,78,,,53,43,30,54,42,57,54,59,55,51,51,42,36,80,71,79,80,71,80,,48,81,68,,,,68,45,11,14,35,21,20,,48,21,12,19,14,20,8,9,9,6,8,46,10,18,31,64,72,64,70,61,61,72,66,68,79,70,80,75,71,64,47,36,40,42,57,60,56,65,66,55,65,61,61,59,71,,13,,12,8,13,10,30,,30,24,,19,29,29,28,15,17,16,28,10,26,20,11,9,21,33,55,38,39,46,41,,23,,20,,18,22,21,33,23,26,8,25,30,33,46,50,42,23,30,22,,31,27,29,25,19,75,80,82,64,82,88,47,42,42,44,42,38,76,36,41,35,22,23,15,89,91,89,24,27,28,53,59,58,17,18,,83,97,,102,92,87,118,12,12,12,63,,,18,17,18,83,,53,65,,56,79,73,,78,67,,51,52,55,52,54,32,40,38,41,32,73,46,46,56,,65,58,60,51,66,62,52,52,59,60,45,60,51,44,50,47,39,33,40,54,61,63,53,56,63,53,56,61,70,,76,50,42,47,44,50,44,38,55,53,53,53,32,38,38,35,12,15,13,18,26,26,30,26,71,13,16,18,20,18,6,21,88,30,54,,36,30,36,32,13,12,17,,2,,8,4,9,10,11,12,17,36,41,36,44,48,54,,70,34,10,10,19,14,17,28,30,13,13,22,22,30,16,,23,,,36,32,48,47,48,26,17,11,18,16,25,26,22,28,27,40,26,25,19,63,69,72,31,54,57,34,38,25,33,36,37,60,74,69,63,21,14,20,12,56,,,65,64,55,57,60,81,71,84,72,80,69,47,25,20,,24,38,40,45,53,46,55,81,62,81,64,83,21,70,80,76,80,50,58,71,53,64,56,44,36,40,46,72,68,74,62,,67,80,70,70,41,32,28,53,42,53,65,215,24,18,18,27,7,6,16,27,14,12,49,22,26,18,51,53,28,1,40,28,44,53,36,39,38,37,26,32,40,32,43,,33,41,,,60,52,41,25,30,31,81,25,28,52,32,36,21,52,57,36,29,,54,3,8,,,58,76,10,51,45,46,43,44,50,43,47,,53,74,66,58,64,68,75,77,71,76,63,64,75,57,,37,36,64,57,,70,68,58,64,56,59,,61,69,72,75,46,40,63,35,,70,45,75,81,,,54,63,59,59,89,92,92,63,53,61,61,61,54,51,48,49,42,,44,38,49,55,46,65,47,50,51,58,63,42,53,54,53,39,48,42,57,70,57,68,46,32,36,59,58,54,21,,39,58,54,66,31,36,48,50,43,48,29,65,26,48,43,60,57,56,76,75,46,46,31,60,50,28,32,42,,26,23,22,25,18,10,15,12,32,7,53,26,22,12,52,37,27,50,24,43,33,49,40,70,13,,13,18,22,24,35,25,32,31,48,49,,38,46,58,40,58,66,65,57,70,68,32,35,34,27,82,36,37,26,25,27,27,17,12,11,26,24,24,31,33,30,11,3,4,3,16,20,16,9,8,6,10,13,13,13,13,30,25,40,18,17,36,18,14,16,20,22,20,18,19,16,15,15,14,18,13,12,10,14,12,14,9,,10,3,9,10,,13,8,17,,18,28,36,21,24,30,35,37,36,44,48,49,61,44,42,,40,9,7,6,7,8,86,40,36,35,24,18,22,,18,23,27,27,27,26,,36,41,,24,7,7,7,7,51,48,48,18,21,17,9,6,6,9,14,33,24,32,24,27,34,27,48,53,32,25,12,6,10,4,25,14,17,21,9,41,37,35,31,35,42,28,31,29,32,30,24,20,19,22,12,4,36,34,39,31,36,20,23,17,13,19,22,22,15,24,19,14,9,39,35,35,25,25,29,27,90,65,64,78,54,40,47,55,33,40,35,36,40,36,43,31,63,38,39,33,48,41,37,,36,43,38,20,54,71,84,74,56,108,,46,47,,52,56,56,41,51,59,47,53,,40,65,67,61,67,65,45,28,48,60,55,,,,,53,43,36,40,9,24,23,,36,84,86,38,44,92,100,95,75,79,75,72,76,70,,62,63,48,38,69,,78,90,67,65,38,58,84,,58,73,85,82,70,84,55,,69,,69,63,54,46,41,56,74,64,68,69,28,22,20,80,,,75,74,74,72,78,78,72,72,98,84,69,69,84,75,52,70,58,89,,73,60,70,,92,72,80,110,71,82,58,47,52,80,77,80,69,92,61,27,28,43,49,85,44,40,55,36,62,38,65,78,,70,68,78,20,12,24,54,65,110,40,38,38,70,58,64,14,51,40,47,8,43,61,48,60,31,43,40,18,27,37,34,20,26,28,43,24,74,64,59,60,56,50,40,30,67,55,23,59,55,7,51,62,52,65,61,21,5,20,38,6,32,33,39,7,16,25,11,34,26,30,35,25,58,,44,8,43,15,110,33,33,61,77,53,25,63,50,68,18,33,52,8,45,36,50,5,40,6,100,44,37,37,39,34,63,75,69,33,38,20,42,19,20,20,18
20171215,20,CO,0.2,0.2,0.2,0.3,0.3,0.3,0.2,0.1,0.3,0.4,0.3,0.4,,,0.6,,0.2,0.5,0.3,,1,0.5,0.7,,0.6,0.6,,1.9,2.1,2,2.3,2.1,1.5,0.6,1,1.5,1.1,1.3,1.5,1.2,1.8,1.7,1.3,,2.8,2.5,,2.4,2.7,2.6,2.3,2.9,2.6,2.9,2.4,0.4,,0.3,0.6,1,0.1,0.9,0.2,0.8,0.4,0.3,0.3,,,0.6,0.6,0.5,1.8,2.2,1.8,3.1,3.7,2.6,2.5,0.2,,0.7,0.8,0.4,0.4,0.4,0.4,0.4,0.7,0.6,0.6,0.5,0.6,0.7,0.2,0.9,0.3,2.7,1.7,,1.7,0.8,1,0.6,0.8,,1.2,0.4,0.6,0.9,0.8,0.9,1,0.7,,0.7,0.7,1.1,1.3,1.2,0.6,1,0.6,1.5,0.9,0.7,0.8,1.1,,1.1,,1,0.9,0.8,0.9,0.8,1.2,1.4,3.5,0.5,1,0.7,0.6,0.6,0.6,1,0.6,0.7,0.5,0.4,0.7,0.2,0.8,0.6,0.8,0.6,0.2,0.6,0.9,0.9,,0.7,0.8,0.7,0.4,1.3,1,0.9,1.1,1.1,1,1.4,,,,1.2,1.2,,1.3,0.9,0.9,,0.8,0.5,0.6,,1.4,1,1.7,1.6,1.4,1.6,1.2,1,1.3,,,,0.8,0.7,,0.4,0.6,0.6,1.1,1.2,,0.8,1.2,1.4,1.2,1.1,1.3,1.3,0.9,,1,,1.4,1.8,1.4,1.1,,0.6,0.8,1.1,0.9,0.9,0.8,0.7,0.7,0.6,0.8,0.7,0.4,0.6,,0.5,0.6,0.6,0.5,0.7,0.6,0.8,0.7,1,,,0.8,,0.8,0.6,,0.8,0.8,0.9,0.7,0.7,0.7,,1,0.7,0.7,0.7,0.8,0.8,0.8,0.8,,0.6,1,0.7,0.8,0.7,0.6,0.7,0.5,0.6,0.6,,0.7,,0.7,1.2,0.2,0.6,,0.8,,0.9,1,0.9,1,0.6,,1.4,1.4,1.8,1.3,1.2,1.3,1.3,1.2,1.1,2,1.6,1.4,1.7,1.7,1.7,1.6,1.5,2.1,2.2,2.4,2.7,3.1,3,2.4,3,2.4,2.9,0.8,1,1.2,0.9,0.8,1,1.2,0.9,0.9,1.3,1.2,0.9,0.7,0.9,1.1,1.1,1,1.1,1.1,0.7,1.5,1.4,,1.1,1.1,1.3,0.8,1.3,1.1,1.1,1,1,1.1,1.1,1.3,0.6,0.7,1.1,0.7,0.6,0.5,1.1,1.1,1.3,1.2,1.1,0.9,1.2,1.1,1.4,1.2,1.1,0.9,1,1.5,1.3,1.2,1.5,1.1,1.1,1,1,1.8,1.4,1.4,1.4,1.4,1.1,1,1.3,1.3,0.8,1.2,1.3,1.1,0.7,1.1,1.5,1.4,1.5,1.1,1,1.3,1.5,0.5,0.7,0.6,0.6,0.8,1,,1.4,1,1,1.3,1.1,1,0.8,,,1,1,1,1,1.1,,1.1,1.1,1.1,1.2,,,1.1,0.6,0.9,0.9,1,1,0.9,1.2,1.2,1,1.3,0.9,1,0.7,0.8,0.7,1,1,0.6,1.1,0.7,0.4,,,1.6,2.2,3,1.4,1.8,1.6,1.4,1.8,2.7,2.6,2.1,2.3,2.4,0.3,0.5,0.5,0.3,0.6,1.8,,1.3,1.4,0.3,,,,1.2,1.2,1.1,1.2,1.1,1,1.2,,1.6,0.8,0.9,1.1,1,1,0.9,0.8,0.9,1,1,0.8,0.8,0.9,0.6,0.6,0.5,0.3,0.8,0.4,0.3,0.3,0.6,0.5,0.4,0.4,0.5,0.8,1.2,0.5,1.1,1,1.1,1.1,1.5,1.9,0.6,1.7,2.9,2.2,3.9,,0.8,0.7,0.7,,2.3,,,1.9,1.8,2.9,1.8,,1.5,1.4,,1.2,1.7,1.2,1.7,2,2.1,2.4,3.3,2.2,1.9,1.2,0.6,1,1.2,1.1,0.3,0.7,0.3,0.6,0.5,,2,,1.8,,1.9,1.4,1.7,1.4,1.4,1.3,1.6,1.4,1.4,1.1,0.3,0.3,0.3,2.7,2.9,2.8,,1,1,1.1,1.4,1.1,0.9,0.9,0.6,1.3,0.6,0.9,1.2,1.3,1.4,1.2,1,1.3,1.2,1.9,1.5,1,0.8,0.9,0.8,0.8,0.9,0.7,1,0.8,0.9,1.2,1.3,1.5,1.2,1.2,,0.9,1,,1.2,1,1.4,0.9,1,1.1,0.8,0.7,,,2.9,1.9,2.4,1.1,,1,0.7,,0.8,1.8,1.4,,1.4,1.7,,0.6,0.1,0.7,0.6,0.5,0.1,0.4,0.4,3.6,0.6,0.8,0.7,1.1,0.7,,1.3,1.5,2.9,2.5,2.4,0.7,0.8,1.5,2,1.7,1.1,1,2,2.3,1.9,1.2,1.5,1.3,1.5,1.2,2.7,1.7,0.7,1,1,1.1,1.7,1,1,,0.5,1.2,1.4,2.2,0.7,2,0.8,0.4,0.6,0.8,0.6,0.8,0.8,1.1,0.7,0.7,1.4,0.8,0.6,1.3,0.9,0.6,0.9,0.7,0.7,0.8,1.3,0.9,1.5,0.9,1,1.1,0.9,2.1,2.5,,2.2,2.7,3.3,2.9,2.3,2.4,2.3,,2.5,,2.4,2.2,2.3,3.5,4.1,3.2,2.5,2,1.9,2.1,2.4,1.3,0.6,,0.7,1.6,1.4,1.9,2,1.5,1.6,1.7,2,1,1.1,1,1.2,1.1,1,,1,,,1.4,1.9,1.9,1.3,0.8,0.9,1.1,1,1,0.9,1,1.4,1,1,1,1.1,1.3,1.1,1.2,0.6,0.5,1.8,1.1,1.3,1.4,0.9,0.8,1.1,0.9,1.3,1.1,3,1.4,2.9,1.2,0.8,1.1,1.5,0.5,1,,,0.8,0.9,0.9,1.1,0.9,1,1.1,1.1,1.1,1.3,0.6,1,0.7,1,,1.1,1.4,1.3,1.6,1.5,1.8,1.3,1.2,2.3,2.5,3.2,,0.9,1.1,0.9,0.6,0.9,1.7,2.3,0.9,2.3,1.5,1.3,1.2,2.1,1.4,1.3,0.4,0.4,0.3,0.5,,0.6,0.2,0.3,0.3,1,0.7,0.8,0.7,1.1,2.5,1,0.7,2.1,2.5,2.5,2.5,2.2,2,1.5,1.5,2,1.7,0.5,0.4,1.2,0.9,0.8,1.1,1.1,0.5,0.5,0.5,0.7,0.6,0.5,0.8,0.3,0.6,0.9,0.9,1,0.6,0.5,0.6,0.8,0.7,,0.5,0.4,0.9,0.6,0.7,1,0.8,0.7,1,1.3,1.2,1.4,0.5,0.5,0.5,0.5,0.5,0.6,,0.6,0.4,0.5,,,0.5,0.4,0.8,1.4,1.2,1.5,1.1,1.4,1.4,1.3,1,,1.2,0.7,1.1,1.2,,1,0.9,0.9,0.4,0.7,0.8,0.7,0.4,1,,0.3,0.7,0.9,1.2,,0.8,0.8,0.6,0.9,0.9,0.7,,,0.6,0.2,0.3,0.4,0.9,0.5,1.2,,0.5,0.4,0.3,0.3,,,0.4,0.2,0.9,0.6,0.5,0.4,0.3,0.7,0.5,0.4,0.4,0.7,1,1.5,1.2,3.7,1.7,,0.9,0.3,0.7,0.9,0.8,0.8,1.3,1.2,1.1,1.9,1.5,0.9,0.5,0.8,0.7,1.2,1,0.8,0.4,,0.9,0.9,0.6,1.5,3.6,1.2,0.9,1,3.8,,0.8,1,1,0.8,1,0.8,0.4,1.5,0.6,1.2,1.1,0.9,1.4,0.6,0.9,1,0.7,0.9,1.2,0.9,0.8,0.7,0.8,1.1,1,0.9,1,0.9,,0.6,0.7,0.7,0.8,0.7,0.9,0.9,1.3,0.7,0.7,0.7,0.7,0.5,0.6,0.5,0.6,0.6,0.5,0.6,0.6,1,0.5,0.6,0.6,0.9,,1.1,1.2,1.4,1.1,0.7,0.6,0.7,0.7,0.8,0.8,,0.6,0.6,0.7,0.8,0.7,0.7,0.5,0.5,0.5,0.4,0.8,0.7,0.7,0.7,0.4,0.6,0.6,0.5,0.8,0.9,1,0.7,0.9,1.4,1.6,0.4,0.8,1.1,0.8,0.6,1,1.9,1.3,1.4,1.3,0.8,0.9,1,1.1,1.3,0.4,0.6,0.6,0.6,0.7,1.5,1.5,1.4,1.3,1.7,0.7,0.9,0.8,0.8,1.5,2,1.7,1.7,1.9,0.6,0.8,0.6,0.9,0.4,1.1,0.9,0.9,1.4,2.8,2.7,2.4,,2.6,,,2.2,,2.3,2.2,2.3,,2.3,1.6,1.6,1.5,1.9,2.9,3,3,2,2.9,1.9,2,1.8,1.7,1.4,,1.4,1,1.1,1.4,1,1.1,1,2.1,1.6,2.4,1.5,2,1.3,,1,1.2,1,1.3,1.4,1.4,,1.4,1.3,,0.7,0.9,1.4,1.4,1.3,1.8,1.5,1.5,1.3,1.3,0.7,1.4,1.4,1,1.2,1.5,0.9,0.9,0.8,0.9,1.1,1.3,1.8,1.7,1.6,1,1.2,1.4,1.6,1.4,1.6,0.9,0.8,0.6,0.7,0.9,1.2,,1.1,0.9,0.9,0.9,0.9,0.9,1.6,1.6,0.6,0.4,0.7,1.4,1.1,1.3,1.3,1.1,0.9,1,1.2,0.6,1.1,0.8,0.7,1,1,1.1,1.3,1.5,1.5,1.4,0.8,1,1.1,1.2,1,1,0.9,1.3,1.1,0.4,0.7,0.6,0.8,1.1,1.2,1.2,1.1,0.9,1,0.5,0.7,0.9,1.2,1,0.9,0.7,0.4,1.1,0.4,0.9,0.9,1,,0.8,1,1.2,1.5,1.4,1.2,0.5,1,1.1,1,,1,1.3,,1.1,0.9,1.3,0.9,1.2,0.6,2.1,0.9,,0.7,0.9,0.9,1.1,0.8,1.1,0.9,1.2,1.2,1.4,0.8,,,,,,0.8,1.4,1,1,1.6,1,,0.9,0.7,0.8,1,0.9,1.1,0.9,1,0.6,0.7,1.1,1.7,0.8,1,,0.4,0.6,1.4,1.2,1,,0.8,1,1,1.3,1,1.4,0.4,,2.2,2.6,0.3,0.9,1.1,0.7,1.4,,0.4,,0.4,0.3,1.1,1.7,1,1.4,0.8,1.5,1.2,0.9,1.3,1.6,1.4,0.9,,,0.5,0.6,1.4,1.6,0.4,0.6,0.1,,0.1,,0.6,0.6,0.6,0.7,0.7,0.5,0.8,0.3,,1.3,1.6,1,,1.3,1.6,2,0.7,0.7,1,0.2,1,0.5,0.5,1,0.5,0.7,0.7,0.2,6.1,2.8,3.2,3.2,0.6,1.6,0.9,0.7,1,1.2,1.2,1.2,1.1,,1.4,3.1,,2.8,2.4,1.5,,0.2,0.6,0.7,0.9,0.9,1.6,0.7,1.9,1.4,0.7,1.5,0.5,2.1,0.8,0.6,2.1,0.7,0.6,0.8,0.5,0.6,0.9,0.7,0.7,2.3,1.8,1.5,1,0.8,0.6,0.6,0.3,1.3,1,0.6,0.9,0.8,0.6,1.4,0.6,0.3,1,0.7,1,1.1,1.1,2.6,1.5,,0.8,1.6,0.9,3,0.8,1,0.8,1.2,1.4,3.2,1.5,1.1,1.2,1.2,1,0.8,0.4,,0.6,2.3,2.4,1.2,1.1,0.9,1,1.6,0.4,0.3,3,0.6,1,0.9,0.9,0.5,0.5,2.4,0.4,1,0.4,1.9,0.8,2,0.5,1.4,1.1,1,0.9,0.9,0.6,1.2,0.3,1.4,1.3,2.4,0.9,1.8,3.2,,2.3
20171215,20,CO_24h,0.9,0.7,1,1.1,1.1,0.9,1.1,1.2,1.3,1.1,1.1,1.2,,,1.4,,0.6,1.1,1,,1.6,1.1,1.2,,1.3,1.2,,2.1,2.3,2.6,2.2,2,1.6,1.4,1.4,2,1.3,1.7,1.6,1.4,2.4,2.5,2.3,,2.7,2.2,,2.1,2.2,2.4,2.3,2.7,2.7,2.7,2.2,0.4,,0.4,0.7,1,1.2,1.8,1.3,1.9,1.2,1,1,,0.7,1.3,1,1,1.9,1.9,1.8,2.5,2.5,2.4,2.4,2.2,,2.5,2.9,2.4,2.3,2.2,2.1,2.6,0.8,0.6,0.5,0.6,0.6,0.6,0.3,1,1.8,2.2,1.9,,1.9,1.9,2.2,1.9,1.7,,1.7,1,1,1.2,1.2,1.2,1.1,1,1.2,1.3,0.9,1.2,1.2,1.4,0.7,0.8,1,1.2,1,1,0.9,1.1,1.3,1.4,,0.6,1.2,0.7,1.2,1.2,1,1.4,1.9,0.4,0.8,0.7,0.6,0.8,0.8,0.8,0.6,0.6,0.4,0.4,0.7,0.2,0.8,0.6,0.8,0.9,0.2,0.5,0.9,0.9,0.9,0.6,0.7,0.6,0.3,0.9,0.8,0.6,0.9,0.9,0.7,1.5,,,,1.6,1.3,,1.3,1.2,1.2,,0.7,0.3,0.5,,0.8,1,1.2,0.9,1.1,0.9,1.1,1,1.2,,,,0.9,0.7,,0.2,0.4,0.5,1,0.7,,0.7,0.8,1,0.8,0.6,0.9,1,0.7,,0.8,,1.6,1.5,1.3,1.2,,0.7,0.8,1.2,1.1,1,0.9,0.7,0.7,0.6,1.1,0.8,0.8,0.8,,0.7,0.9,0.8,0.5,0.5,0.6,0.8,0.7,1.1,,,0.7,,0.8,0.7,,0.7,0.8,0.8,0.7,0.7,0.7,,1,0.7,0.6,0.6,0.8,0.9,0.9,0.9,0.6,0.6,1,0.6,0.7,0.6,0.6,0.7,0.5,0.4,0.7,,0.8,,0.6,0.6,0.3,0.4,,0.8,,0.8,1,0.9,1,0.9,,1.4,1.5,1.8,1.7,1.7,1.7,1.6,1.6,1.6,1.6,1.4,1.2,1.2,1.3,1.1,1.1,1.2,1.5,1.6,1.6,1.9,2.1,2.2,1.7,2.1,1.5,2.1,0.8,0.9,1.1,0.9,0.7,1,0.8,0.9,1,1.2,1.1,1,0.9,0.9,1.1,1,1.1,1.1,1.1,0.7,1.4,1.3,,0.9,1,1.1,0.8,1.2,1,1,0.9,0.7,0.8,0.8,0.8,0.7,0.6,0.8,0.6,0.7,0.6,0.8,1,1,1,1.2,0.9,1.3,1,1.3,1.1,1.1,1.1,1,1.4,1.2,1,1.3,1.2,1.2,1,1.1,1.2,1.2,1.2,1.3,1.3,1.3,1,1.2,1.3,1,1.1,1.4,1.2,0.8,0.9,1.4,1.3,1.5,1.2,0.9,1.2,1.4,0.5,0.5,0.4,0.4,0.6,0.8,,1.1,0.8,0.8,1.1,0.9,0.8,0.8,,,0.8,0.9,0.8,0.9,0.9,,0.8,0.8,0.8,0.8,,,0.9,0.7,0.9,0.9,1,0.9,0.7,1,1,0.9,1.1,1,1.1,0.8,1.2,0.8,1.2,1,1.1,1.8,1.2,0.6,,,1.9,2.5,2.2,1.3,1.8,1.8,1.9,1.8,2.3,1.8,1.8,2.2,1.9,1,1,1.1,0.8,1.4,1.5,,1.4,1.4,0.4,,,,1.2,1.2,1.3,1.3,1.6,1.1,1.2,,1.7,0.8,0.9,0.9,1,1,0.9,0.8,0.8,1,1,0.8,0.7,1,1.2,0.4,0.6,0.4,0.6,0.4,0.3,0.7,0.8,0.6,0.7,0.7,0.4,0.7,1,0.6,1.2,1.1,1.2,1.2,2.1,2.1,1.4,2.1,1.8,1.4,2,0.5,0.6,0.5,0.6,,2.5,,1.4,1.3,1.5,1.7,1.8,,1.8,1.6,,1.3,1.9,1.5,2,2.6,2.9,2.6,3.5,3,3.3,1.3,1.1,1.1,1.2,0.8,1,1.3,0.9,1.2,1.4,,1.5,,2.2,,1.6,1.2,1.5,1.1,1.7,1.3,1.4,1.5,1.2,1,0.8,0.8,0.8,1.9,1.6,1.6,,1,1,1.1,1.2,1.4,1,0.8,0.7,0.9,0.7,0.9,1.1,1,1.1,1,0.9,1.2,0.9,1.7,1.4,1,1,1.1,0.9,0.9,0.9,0.7,1.1,0.9,1,1,1.1,1.3,1.2,1.2,,0.9,0.9,,1,1,1.1,1,0.9,1,0.8,1,,,2.9,2.1,2.7,1.1,,0.6,1.4,,1.1,1.8,1.8,,1.9,2,,3.4,2.1,2.5,2.8,3,2,1.1,1.8,3.5,2.1,1.6,1.4,0.9,1,,2.4,2.1,2.6,3.3,2.7,1.8,1.2,1.5,1.3,1.1,1.1,1,1.7,2.6,3.2,2.8,2,2,2.2,1.2,1.7,1.4,1,1.1,1.3,1,2,1.5,1.3,,0.9,1.2,1.1,1.2,1.1,1.2,1.2,1.1,1.4,1.6,0.8,1.2,1.1,1.5,0.8,1.1,0.8,0.9,0.7,0.9,0.8,0.5,0.9,1.1,0.8,0.7,1.1,0.6,1.2,1,0.6,0.6,0.5,2,1.7,,1.9,2.1,1.9,1.8,2.5,2.4,2.4,,2.7,,1.9,1.8,1.7,2.3,2.5,1.9,2.3,1.6,1.6,1.7,1.6,1.6,1.5,,1.2,1.5,1.2,1.5,1.7,1.2,1.2,1.4,1.4,1.2,1,0.9,1.1,1.2,1,,1.1,,,1.4,1.6,1.6,1.2,0.9,0.8,1,0.9,1,0.9,0.9,1.4,1.1,1,1.1,1.7,1.3,1.3,1.2,0.5,0.5,0.9,0.9,1,1.1,1,0.9,1,0.9,1.1,1,4.8,1.8,2.2,1.9,0.7,0.7,0.8,0.4,0.9,,,0.7,0.9,0.7,0.9,0.8,0.8,0.9,0.8,0.7,0.8,0.8,1.1,0.7,1.1,,1,1.2,1.2,1.8,1.8,1.3,1.7,1.5,2.2,1.7,2,1.6,1.8,2.5,2,1,1.6,1.5,2,1.1,2,1.5,1.8,1.8,1.5,1.3,1.6,0.5,0.4,0.3,0.6,,0.8,0.5,0.6,0.6,1,0.7,0.7,0.8,1.2,2.4,2.9,1.1,1.5,2,1.9,1.7,1.7,1.5,1.3,1.3,1.7,1.4,1.7,1.1,1.6,1.4,1.3,1.7,2.3,1.5,1.3,1.2,1.2,1.3,1,1.4,1.4,1.6,0.9,0.9,1,0.5,0.4,0.6,0.7,0.5,,0.4,0.3,0.8,0.6,0.6,0.9,0.8,0.7,0.9,1.1,1.1,1.2,0.6,0.7,0.4,0.4,0.5,0.6,,0.8,0.5,0.5,,,1.3,0.9,0.8,1.5,1.4,1.7,1.6,1.5,1.5,1.4,1.2,,0.8,0.6,3.3,3.2,2.8,2.5,2.7,3.1,0.9,1.1,1.2,0.5,0.9,3,,2.2,2.5,1.9,2.1,,1.6,1.6,1.9,2.2,2.1,1.4,,2,0.6,0.5,0.8,0.6,1.3,0.6,0.9,,0.8,0.5,0.3,0.3,,,0.6,0.3,1,0.4,0.6,0.5,0.3,0.9,0.7,0.7,0.7,1,1.9,2.3,1.9,3,1.4,,1.2,0.9,2.2,1.8,2.6,1.8,1.1,1.2,1.4,2,1.2,2.4,1.9,1.6,1.7,1,1.1,1.1,0.5,1,1.2,1,0.8,1.5,2.7,1.1,1.7,1.4,3.3,,1.4,0.8,0.9,0.5,0.7,0.9,0.4,1.2,0.8,1,1.1,0.6,1.9,1.1,0.6,0.8,0.7,0.7,1.6,1.4,0.8,0.7,0.5,0.7,0.6,0.6,0.7,0.6,,0.5,0.5,0.5,0.6,0.6,1,1,1.4,0.8,0.8,0.7,0.9,0.7,0.8,0.4,0.6,0.6,0.5,0.6,0.6,0.6,0.5,0.4,0.5,0.8,,1,0.9,1,1,0.6,0.6,0.7,0.7,1.1,0.8,,0.7,0.6,0.7,0.8,0.7,0.7,0.5,0.6,0.5,0.4,0.8,0.8,0.8,0.6,0.4,0.5,0.7,0.5,0.6,0.6,0.9,0.7,0.7,1.1,0.8,0.3,0.6,0.7,0.8,0.5,1.1,1.6,1.2,1.2,1.2,0.6,0.5,0.7,0.7,0.9,0.4,0.4,0.7,0.6,0.7,1.5,1.5,1.5,1.3,1.6,0.7,0.7,0.8,0.8,1.2,1.2,1.2,1.1,1.5,0.6,0.7,0.6,0.8,0.4,1.1,1,0.8,1.3,2.9,2.6,2.3,,2.3,1.6,2.3,1.9,,2,1.9,1.9,,1.9,1.4,1.4,1.3,1.7,1.9,1.6,1.8,1.7,1.8,1.5,1.4,1.2,1.3,1.3,,1.2,0.7,0.8,1,0.9,0.9,1,1.2,1.4,1.5,2,1.5,1.2,,1,1.1,0.7,1.3,1.3,1.3,,1.2,1.3,,0.4,0.9,1.3,1.4,1.3,1.3,1.3,1.2,1.3,1.1,0.7,1.3,1.5,1,1.2,1.5,1,1.1,0.9,1,1.1,1.4,1.9,1.6,1.6,1.3,1.2,1.3,1.5,1.1,1.6,0.9,0.8,0.7,0.6,0.9,1.2,1.3,1,0.7,0.7,0.5,1.3,1.3,1.9,1.8,0.3,0.2,0.4,1.3,0.9,1.3,0.9,1.1,0.9,1,1.2,0.7,1.1,0.9,0.8,1,1.1,1.1,1.2,1.4,1.1,1.2,0.8,1,1,0.9,1,1,0.9,1.2,1,0.6,0.8,0.8,1,0.7,0.7,0.8,0.7,0.7,0.7,0.4,0.4,0.7,0.8,0.7,0.9,0.5,0.3,0.5,0.2,0.8,0.8,0.9,,0.8,0.8,0.9,1,1,1,0.7,0.7,0.8,0.7,,0.7,1,,0.9,0.7,0.9,0.6,0.8,0.5,1.1,0.6,,0.7,0.9,0.8,1,1.1,1.3,0.8,1.2,1.2,1.3,0.8,,,,,1.5,1.2,1.1,1,1,1.4,1,,1,0.8,0.9,1,0.8,1.1,0.9,0.8,0.5,0.6,0.8,1.3,0.9,0.9,,0.4,0.5,1.1,1.1,0.7,,0.7,0.9,0.8,1,0.8,1,1,,2,2.4,0.8,1,1.6,1.1,2,,0.5,,0.4,0.3,1.2,1.5,1.3,1.4,1,1.2,1,1,0.9,1.2,0.9,0.9,,,0.5,1,1.6,2,0.5,0.7,0.3,0.1,0.3,0.3,0.7,0.6,0.7,0.8,0.7,0.9,1.1,0.6,,2.3,2.2,1.2,,1.1,1.4,1.9,0.9,0.8,1,0.2,0.4,0.5,0.5,0.8,0.4,0.8,0.7,0.3,3,3.6,3,3.3,0.7,2.7,1,0.7,1.4,1.6,1.5,1.8,1.6,,2.9,3.1,2.3,2,2,1.6,0.1,0.2,0.6,0.9,0.9,1.1,2.5,0.6,2.3,1.2,1.4,1.4,1.1,2.5,2.5,0.9,1.7,1.7,0.4,0.4,0.6,0.6,0.8,0.6,0.7,1.5,1.4,1.7,0.8,0.8,2.6,1.4,1,1.1,2,1.6,0.7,0.8,0.6,0.9,0.6,1,0.7,0.8,1.8,0.9,0.9,2.6,1.8,1.1,0.7,1.3,0.7,1.7,1.1,1.1,0.4,1.4,1.5,1.3,1.7,1.2,1.3,0.9,0.8,0.8,2.8,,1.1,2.1,1.8,1.1,1,0.8,0.9,1.2,0.4,0.6,1.7,0.5,1.4,1.5,0.8,0.5,1.1,2.2,0.7,1.8,0.7,1.9,0.6,2,0.5,1.8,1,0.9,0.8,0.9,1.4,1.4,0.4,2.2,1.1,1.8,0.7,1.6,1.5,1.3,2.4
20171215,21,AQI,49,24,49,64,51,56,38,29,40,51,44,38,,,49,,33,29,32,,27,46,45,,35,29,,209,235,222,201,244,210,60,58,59,58,75,63,62,84,79,78,,133,276,,286,253,156,238,254,288,246,201,51,,56,48,82,22,45,27,55,28,43,51,,43,66,64,54,163,220,214,269,272,282,251,44,,66,38,43,66,61,55,67,55,42,27,58,53,35,53,53,37,140,135,,109,64,63,50,65,,107,43,38,44,42,49,46,29,57,28,40,52,100,83,77,62,43,83,63,47,67,147,132,95,,109,69,112,105,83,105,159,290,33,39,39,32,38,43,36,32,38,30,43,38,58,46,54,54,42,52,63,45,54,39,43,62,51,49,53,82,105,67,74,78,247,,,,206,202,,153,208,207,,125,84,102,,54,68,58,52,67,59,67,70,59,,,,58,84,,118,99,103,79,67,,79,105,97,97,92,113,103,109,,69,,176,165,183,30,38,19,46,30,38,49,32,42,50,29,32,21,17,19,,19,24,19,33,36,31,42,49,28,,,28,,39,45,,26,24,28,24,22,20,,34,34,25,27,23,18,21,29,48,39,38,39,40,52,36,35,42,24,14,,21,,24,26,9,51,,19,,13,22,45,24,14,,22,119,105,122,112,118,110,120,108,92,128,135,104,134,108,149,153,110,281,286,317,288,,290,293,284,308,,85,98,99,120,109,238,94,88,160,73,87,85,90,74,85,89,77,82,93,52,49,,46,45,50,30,45,25,38,29,93,77,84,76,42,69,75,36,52,39,89,63,79,65,64,35,39,39,41,57,31,21,20,57,53,53,72,40,45,53,32,48,54,42,42,40,53,50,54,52,55,33,29,13,23,32,23,36,25,18,32,26,39,39,56,65,54,55,69,,102,85,104,83,84,112,94,,,85,85,95,94,87,,115,117,93,120,,,98,54,69,73,63,62,84,88,75,69,63,69,65,29,57,59,61,75,44,64,31,53,,,124,97,156,89,88,109,109,130,221,97,168,105,134,49,57,48,63,56,77,,92,93,42,,,,48,72,110,138,108,108,125,,53,79,87,90,87,90,72,67,70,68,70,59,63,64,82,79,83,84,75,93,93,91,73,56,62,75,48,78,63,45,51,38,38,51,37,51,43,143,240,120,209,59,60,62,32,,206,,220,233,275,220,118,,75,94,,119,85,72,92,95,97,175,132,125,92,108,221,144,209,182,36,35,43,23,52,,205,,192,,192,168,166,190,97,137,202,165,178,160,22,31,22,156,149,168,,18,20,19,15,22,27,32,26,55,44,50,40,40,57,55,39,50,56,50,43,47,16,20,35,30,33,35,21,25,20,117,114,104,16,13,,54,64,,80,57,68,74,28,26,14,55,,,217,201,216,32,,41,,27,38,185,160,,163,198,,21,19,20,20,29,50,48,55,215,49,27,33,31,25,,55,55,205,142,215,122,35,176,163,103,109,69,165,43,114,55,79,54,64,134,64,216,40,30,58,67,122,55,68,,36,79,89,212,51,238,65,46,50,40,59,67,33,44,40,31,33,50,50,45,45,45,42,40,54,43,38,49,38,52,57,46,9,323,261,,263,252,209,268,255,287,279,,279,,211,199,208,321,331,317,253,246,237,230,234,57,55,,57,179,168,165,175,192,118,128,140,95,82,79,92,88,97,,75,,,55,90,72,73,84,19,28,26,28,25,13,14,14,23,30,22,40,49,29,32,19,92,107,140,128,80,79,82,77,98,94,73,63,104,82,77,77,75,85,142,,,140,117,97,100,107,77,93,122,108,108,94,64,46,50,,63,59,68,143,125,124,108,69,155,138,150,18,19,32,21,58,120,214,170,113,266,107,132,119,185,169,206,29,24,26,48,,51,24,89,48,57,25,50,95,33,70,117,65,156,130,129,123,114,90,196,158,124,113,19,49,63,32,32,35,33,32,53,42,33,24,28,21,28,24,41,42,39,48,53,52,135,112,,99,63,47,77,60,83,64,87,49,59,60,60,49,48,54,57,23,27,,21,35,31,,,33,50,65,189,180,175,203,223,259,224,255,,74,51,72,78,75,73,66,72,49,56,58,58,24,53,,54,53,75,63,,76,58,55,31,35,42,,72,53,56,74,43,38,36,99,,37,64,53,33,,,21,19,19,21,53,67,52,37,33,19,32,28,56,175,93,289,99,,80,63,28,31,45,27,75,92,57,92,74,44,39,46,45,103,55,59,53,52,63,47,62,147,135,54,69,73,152,,78,100,108,115,63,77,45,124,92,108,84,85,104,75,72,36,35,31,54,74,52,22,129,125,108,87,119,109,,104,123,105,80,70,138,135,165,40,49,53,45,40,25,36,32,32,43,30,19,24,39,57,40,120,,95,119,105,123,74,82,70,92,155,189,,20,36,48,42,40,17,20,18,20,19,13,16,16,16,19,10,10,80,33,26,16,15,25,38,28,12,22,12,18,21,33,75,74,72,73,45,38,42,38,33,21,20,16,21,20,28,26,37,26,28,26,30,33,45,54,57,58,54,58,40,43,35,43,29,24,33,27,35,203,204,198,,226,203,204,252,,255,238,238,,235,251,279,277,263,259,251,172,156,249,141,299,265,228,215,,200,64,80,105,82,107,87,138,124,137,201,207,176,,68,88,87,152,133,150,,120,138,,88,69,75,65,77,147,155,148,80,89,73,67,63,62,70,69,36,63,48,70,64,73,65,83,48,51,26,29,48,27,22,55,109,52,63,93,52,39,48,59,55,32,92,46,49,52,69,65,58,34,28,28,43,12,19,18,20,18,20,51,29,25,15,12,20,19,69,55,35,23,23,88,26,31,32,23,15,51,57,54,60,129,97,79,102,97,90,85,112,65,84,82,73,88,102,103,97,92,117,118,,72,135,148,165,156,152,59,105,92,99,,113,123,,59,78,82,83,93,48,,64,,31,28,32,63,55,62,46,59,82,58,40,,,,,46,62,39,45,37,28,27,,32,67,28,53,79,48,62,42,43,85,77,35,22,42,,53,50,60,53,52,,51,46,67,55,64,76,92,,91,108,31,57,77,65,128,,21,,42,55,149,158,150,91,40,39,38,30,123,137,169,95,,,26,50,61,75,47,57,28,46,51,54,56,62,57,63,62,61,54,49,,54,70,69,,,113,92,80,47,54,31,58,39,41,47,41,68,37,39,353,265,98,73,26,115,88,42,53,103,91,78,95,,108,77,90,123,143,134,42,20,49,55,65,63,58,60,159,39,66,48,38,209,57,65,135,26,134,104,17,62,32,83,104,225,190,125,125,22,48,52,31,94,74,64,104,36,79,70,26,44,84,45,31,51,56,54,69,64,32,176,80,239,70,85,100,222,192,173,259,72,139,84,115,105,27,,33,248,257,20,66,127,117,110,36,19,147,35,56,90,21,8,35,190,82,32,23,208,65,224,54,65,108,160,128,120,109,76,41,61,109,221,94,70,95,66,284
20171215,21,PM2.5,15,2,7,7,6,9,8,11,9,2,8,9,,,23,,16,6,19,,15,15,9,,16,16,,159,185,172,151,194,160,43,37,42,39,53,40,35,62,58,57,,101,226,,236,203,119,188,204,238,196,151,31,,7,19,60,9,29,17,26,19,10,21,,16,35,46,37,124,170,164,219,222,232,201,7,,10,15,30,35,23,12,48,9,8,5,11,11,5,11,14,22,107,103,,82,46,39,29,47,,80,29,26,23,26,24,24,18,40,16,28,34,75,61,56,44,24,61,45,31,36,112,100,71,,82,50,84,79,61,79,121,240,23,27,27,22,26,30,25,22,26,21,30,14,41,32,38,38,20,36,45,31,38,27,30,44,35,34,37,60,79,48,54,57,197,,,,156,152,,117,158,157,,95,62,76,,38,49,41,36,48,42,48,51,42,,,,41,62,,89,74,77,58,48,,58,79,72,72,68,85,77,82,,49,,133,125,138,21,21,10,32,20,26,34,22,23,35,13,7,12,7,11,,5,14,7,23,17,18,29,34,18,,,19,,27,31,,14,14,19,16,11,13,,3,7,11,7,10,8,7,11,33,27,26,27,28,36,25,24,29,,7,,8,,16,18,6,21,,13,,8,15,31,14,7,,15,90,79,92,84,89,83,91,81,68,97,103,78,102,81,114,117,83,231,236,267,238,238,240,243,234,258,,63,73,74,91,82,188,70,65,122,53,64,63,67,54,63,66,56,60,69,33,26,,25,24,27,21,27,17,26,20,69,56,62,49,28,46,55,23,22,25,66,36,50,45,46,,26,26,25,30,14,11,8,40,37,29,50,28,21,37,20,33,38,29,29,28,37,33,38,36,39,23,20,7,16,22,11,18,13,12,10,18,14,18,28,47,38,31,50,,76,63,78,61,62,84,70,,,63,63,71,70,59,,87,88,69,91,,,73,24,50,53,45,44,62,65,55,50,38,32,32,20,23,28,40,42,17,33,12,17,,,94,72,119,66,65,82,82,99,171,72,127,71,91,31,40,22,45,32,47,,68,56,16,,,,33,37,83,105,81,81,95,,35,58,64,67,64,67,52,48,40,49,51,42,41,44,60,18,7,20,15,21,20,14,16,1,10,15,33,57,38,31,28,22,26,21,20,23,7,109,190,91,159,29,29,31,20,,156,,170,183,225,170,89,,55,70,,90,63,52,68,71,72,132,100,95,68,81,171,110,159,137,2,15,30,5,9,,155,,144,,144,127,126,143,72,104,152,125,134,122,12,9,8,119,114,127,,10,9,5,3,15,18,18,18,39,21,35,28,26,40,39,21,35,28,29,30,20,11,14,24,21,18,24,13,17,14,88,86,78,10,4,,38,46,,54,32,46,54,19,18,8,16,,,167,151,166,18,,8,,8,17,139,122,,124,148,,9,7,12,10,5,29,33,39,165,34,13,12,16,16,,36,36,155,108,165,92,24,133,124,77,82,35,125,30,81,36,58,35,46,102,42,166,20,15,41,48,92,35,49,,23,58,66,162,17,188,47,32,35,28,42,48,23,28,28,14,23,35,35,31,31,31,29,28,38,30,26,34,26,36,40,32,5,273,211,,213,202,159,218,205,237,229,,229,,161,149,158,271,281,267,203,196,187,180,184,32,31,,25,135,127,125,132,144,89,97,107,71,60,58,68,65,72,,55,,,39,67,52,53,62,13,19,18,19,17,8,9,9,16,20,15,28,34,20,17,12,68,80,107,97,59,58,60,56,73,70,37,34,42,39,56,56,48,63,108,,,107,88,63,75,80,56,69,92,81,81,70,46,31,30,,38,42,46,109,95,94,81,46,118,105,115,12,7,11,14,41,91,164,129,85,216,77,100,90,139,128,156,20,11,18,29,,21,12,12,12,24,14,35,71,6,51,88,17,119,99,98,93,86,67,147,120,94,85,,34,44,19,20,24,18,22,10,25,19,15,19,8,9,10,27,29,27,30,37,,103,84,,74,45,32,56,43,61,46,64,34,42,43,43,34,33,38,40,12,17,,12,6,5,,,23,35,12,142,136,132,153,173,209,174,205,,54,33,52,57,55,53,45,52,23,17,19,16,16,37,,30,33,32,25,,34,32,26,16,14,29,,52,17,26,10,30,16,25,74,,17,27,21,14,,,7,11,8,8,26,48,36,15,20,6,10,9,31,132,65,239,74,,59,45,19,10,16,9,55,68,40,68,54,30,27,32,31,77,39,42,24,35,45,31,44,112,103,38,50,53,38,,57,75,81,87,45,56,31,94,68,81,62,63,78,55,52,18,24,21,37,54,36,10,98,95,81,64,90,82,,78,93,79,59,51,105,103,125,24,34,37,31,27,14,25,22,22,30,2,11,12,27,40,28,91,,71,90,79,93,54,60,51,68,118,142,,13,25,33,29,28,11,6,11,12,7,9,11,11,11,3,7,6,59,23,18,11,10,17,26,18,4,15,8,11,13,23,55,54,52,53,31,26,29,26,19,9,6,11,14,13,19,18,19,18,19,18,21,23,31,38,40,41,38,41,28,30,24,30,20,16,15,15,24,153,154,148,,176,153,154,202,,205,188,188,,185,201,229,227,213,209,201,130,119,199,,249,215,178,165,,150,46,59,79,60,80,64,105,94,104,151,157,133,,49,65,64,116,101,115,,91,105,,65,50,55,47,56,112,118,113,59,66,53,48,45,44,51,50,25,45,33,51,46,39,43,61,33,28,18,20,10,15,12,39,82,36,45,69,25,27,30,42,37,19,68,31,34,36,50,47,41,22,19,19,30,8,13,12,13,12,14,15,20,17,10,8,14,13,34,34,24,16,16,24,18,19,19,16,10,22,18,2,38,94,72,58,56,66,67,51,84,47,62,60,53,65,76,77,72,68,88,89,,51,103,113,125,119,116,42,62,68,74,,85,93,,31,57,60,51,69,25,,34,,18,18,22,41,39,44,32,38,60,27,26,,,,,32,44,22,31,13,10,16,,22,21,14,25,58,33,33,9,13,31,56,24,13,17,,37,29,40,23,35,,20,32,46,36,38,49,13,,59,63,8,31,56,28,97,,6,,11,17,114,120,115,,19,27,21,14,93,104,128,71,,,11,35,34,55,25,40,5,30,17,25,27,43,27,45,29,36,22,32,,35,43,37,,,85,68,24,17,26,21,24,24,19,19,14,,17,27,303,215,73,49,6,87,65,24,37,71,60,57,71,,81,50,67,93,109,102,9,7,29,39,47,45,41,22,121,27,,20,6,159,36,44,103,18,102,78,9,44,22,61,78,175,143,95,95,15,29,18,12,58,54,46,78,25,58,51,18,18,55,31,4,28,29,36,48,46,13,133,59,189,51,63,75,172,144,131,209,52,106,62,87,79,7,,15,198,207,14,39,96,88,83,8,13,112,24,33,67,12,5,9,143,47,22,12,158,47,174,38,37,81,122,97,91,82,54,18,42,82,171,70,51,71,45,234
20171215,21,PM2.5_24h,59,25,42,45,42,43,43,50,53,33,39,45,,,72,,68,71,66,,67,68,70,,64,80,,165,175,220,139,170,163,102,59,73,59,63,65,65,66,64,71,,87,208,,212,160,148,163,164,190,152,156,21,,9,22,32,40,54,50,48,38,63,67,,63,90,86,92,133,158,164,192,167,180,187,213,,175,234,188,216,193,183,235,8,6,3,17,9,5,11,11,81,101,91,,101,84,82,87,83,,101,50,53,49,52,41,44,44,65,54,26,51,64,73,63,62,44,67,69,64,64,113,83,66,,79,77,97,97,105,108,137,152,17,19,16,17,19,22,17,14,15,18,24,20,31,27,35,38,31,35,24,23,27,23,22,28,27,22,26,27,26,23,28,24,90,,,,141,129,,117,147,146,,43,30,38,,25,37,28,25,36,27,33,36,33,,,,32,38,,36,38,37,33,31,,35,63,52,55,51,64,44,43,,28,,104,85,102,25,31,9,32,26,28,43,33,26,37,21,43,35,43,35,,46,33,26,28,24,25,38,36,28,,,19,,26,32,,20,27,26,17,11,12,,30,44,20,18,19,23,20,28,28,28,25,26,28,31,27,28,27,31,8,,16,,17,16,7,17,,19,,11,17,31,16,11,,19,128,138,154,142,156,150,159,142,64,118,116,91,114,86,116,118,93,177,180,203,184,183,197,178,177,196,,42,48,43,57,57,56,46,58,81,43,49,51,51,43,47,47,40,47,45,35,29,,24,28,29,21,28,22,30,22,46,40,40,35,28,45,54,22,32,28,62,42,65,52,48,26,31,28,27,31,28,23,20,51,45,39,50,39,36,44,34,40,43,37,36,47,40,35,33,42,52,40,34,15,30,19,20,20,13,18,10,19,30,14,17,22,20,17,40,,61,54,56,62,45,68,61,,,60,58,58,52,54,,73,73,71,76,,,69,11,32,31,24,35,36,40,36,31,28,30,22,20,24,29,33,35,34,55,20,17,,,154,144,156,139,141,159,155,141,179,128,157,136,150,33,45,25,34,46,69,,64,57,41,,,,42,49,79,89,65,77,86,,31,43,48,48,47,51,34,28,25,32,33,38,23,32,42,11,15,13,14,10,14,11,16,5,16,12,56,63,52,54,43,41,38,41,82,79,50,85,59,43,72,14,16,15,13,,145,,102,112,127,119,118,,121,123,,128,129,130,125,165,214,145,152,168,160,89,129,117,137,80,58,69,62,40,45,,134,,133,,130,105,115,124,129,134,146,98,99,93,55,52,52,148,131,147,,16,15,10,27,25,27,20,21,40,23,40,69,71,77,82,63,79,49,62,59,43,26,27,33,25,20,32,18,22,16,69,69,56,17,11,,48,50,,57,62,55,75,38,35,20,13,,,161,154,165,20,,24,21,26,31,124,121,,124,132,,174,150,187,183,185,168,155,177,173,160,136,57,46,53,,74,64,90,85,106,80,59,120,86,58,81,32,104,63,97,92,67,54,81,58,72,77,48,47,65,47,74,67,65,,48,77,59,77,55,111,54,59,58,74,46,74,59,61,80,51,34,46,46,39,35,34,32,35,46,30,27,34,27,29,34,30,5,174,139,,148,142,118,140,208,229,213,,234,,123,114,119,180,183,175,177,152,142,132,143,111,116,,111,123,124,112,121,121,84,90,91,57,50,46,54,72,52,,59,,,46,72,56,56,47,12,16,14,16,15,12,8,14,13,24,21,20,25,15,12,10,82,81,95,87,43,43,46,40,49,52,57,38,44,43,52,55,45,50,85,,,89,89,65,81,93,57,64,68,61,65,65,31,21,20,,25,37,41,164,148,158,146,115,142,105,114,57,63,67,73,72,98,129,126,116,152,110,108,125,144,137,149,24,15,15,23,,38,18,21,19,26,13,28,54,30,41,48,37,155,138,161,155,104,97,127,100,100,89,73,101,82,82,45,47,77,90,52,77,46,42,38,54,47,63,24,25,24,16,21,,28,30,,30,23,20,39,30,35,34,41,33,41,26,38,39,38,20,21,20,27,,16,30,26,,,57,62,11,117,96,124,126,120,162,132,154,,33,21,154,134,140,126,120,143,70,65,72,29,66,172,,155,161,121,108,,123,106,129,119,115,107,,106,15,23,14,33,20,27,44,,14,24,13,9,,,11,13,12,13,25,37,28,48,41,32,36,36,63,95,80,113,106,,94,88,115,79,113,76,98,93,57,61,58,79,87,84,71,49,46,58,29,30,46,27,46,90,127,29,66,59,116,,100,40,67,38,46,46,26,65,68,60,49,53,87,76,31,16,18,15,56,70,40,18,59,48,46,42,43,40,,73,54,52,50,46,88,95,101,35,46,37,44,40,39,17,15,17,31,5,9,13,26,28,24,74,,75,69,72,85,30,35,26,38,111,110,,20,26,37,37,33,11,9,12,11,6,19,16,17,17,3,14,17,34,26,25,23,23,18,24,17,9,11,8,11,16,13,30,31,25,27,22,17,22,21,15,14,17,16,18,17,16,19,21,22,18,22,21,23,27,28,29,26,26,28,25,24,21,24,15,19,22,20,30,163,159,152,,160,125,156,169,,182,164,124,,119,142,162,157,149,149,140,95,104,143,223,142,136,129,134,134,124,30,40,51,46,55,53,77,81,76,110,114,117,,34,43,47,109,98,110,,58,64,,43,40,39,35,44,73,73,65,81,80,24,25,23,29,25,25,19,24,23,25,23,55,56,49,42,43,12,17,12,14,14,27,52,29,33,27,23,19,23,30,30,14,22,16,19,21,25,31,37,19,15,19,21,8,7,11,10,12,12,10,10,12,4,8,12,15,17,22,18,12,9,15,16,20,19,11,9,32,36,30,50,74,60,50,49,61,64,72,65,38,45,41,41,59,56,54,58,46,63,71,,38,83,72,79,85,81,50,49,41,52,,59,70,,31,61,54,50,70,16,34,13,,18,13,19,24,31,32,25,26,34,16,21,,,,,13,18,11,12,11,10,18,,18,25,21,17,19,21,11,10,20,21,30,12,18,24,,25,19,23,19,35,,17,19,28,36,30,25,19,17,42,38,13,14,31,22,96,,9,,8,12,120,116,120,120,26,26,28,24,76,81,85,89,,,16,59,20,78,31,31,11,30,20,32,28,29,38,48,34,53,55,35,,40,50,34,,,75,79,42,27,28,24,24,23,18,16,17,38,21,25,130,147,73,64,7,52,35,23,42,70,62,62,88,,124,55,97,105,120,104,9,9,24,46,41,31,42,13,129,28,68,65,72,161,163,121,100,114,44,37,29,29,20,46,66,156,130,135,78,17,31,23,17,52,101,92,54,24,47,41,22,62,38,39,63,39,34,49,67,29,35,95,29,105,31,44,44,150,126,71,97,36,102,52,56,57,167,,75,169,139,16,45,87,74,32,9,20,143,20,118,86,12,8,67,150,63,53,35,150,23,157,23,115,22,29,24,25,49,59,24,73,58,107,73,49,70,62,227
20171215,21,PM10,49,24,49,77,52,61,38,29,40,51,44,38,,,49,,33,29,32,,27,46,45,,35,29,,215,238,236,201,215,200,61,66,52,66,100,76,74,118,101,73,,175,282,,311,243,228,239,250,300,262,238,51,,61,48,62,22,45,27,59,25,43,52,,43,81,78,58,155,209,186,249,336,291,222,44,,81,38,38,82,72,59,,59,42,27,66,55,35,56,55,37,148,150,,114,72,75,50,70,,103,43,36,44,42,49,46,29,48,28,,54,,78,66,60,43,66,54,47,84,,100,96,,,60,,85,,89,,,30,27,31,,30,,25,23,27,26,43,38,47,,38,41,42,,50,35,,34,32,,52,46,42,,,61,64,62,,,,,190,,,184,191,172,,,77,,,42,62,52,53,,51,55,59,56,,,,65,,,,,,62,76,,,,81,78,83,98,81,,,88,,,140,,27,29,,37,24,30,45,29,42,44,17,16,14,13,16,,17,24,19,26,36,31,33,34,28,,,23,,,39,,26,21,20,16,21,19,,15,13,25,9,14,8,14,24,,,,,,,,,,24,,,15,,19,19,9,52,,,,13,17,,,14,,21,132,143,126,107,123,125,151,123,123,144,139,142,148,150,144,166,166,258,279,,302,,290,308,265,298,,63,88,,,,,78,,,,,,,,,,,,,53,49,,46,45,50,30,45,22,33,,107,86,97,102,42,88,81,36,53,39,99,75,108,80,63,35,39,39,41,63,31,15,17,59,54,55,93,39,45,43,32,42,51,36,35,36,44,50,46,53,48,,,9,17,25,15,36,25,17,32,24,39,39,61,63,48,59,76,,106,99,120,109,116,125,108,,,114,111,111,101,123,,124,134,100,147,,,107,58,56,81,68,67,107,84,82,77,76,88,80,,63,68,72,100,44,78,31,56,,,134,109,231,123,107,142,133,140,264,137,263,160,217,49,62,48,56,62,103,,118,135,42,,,,48,94,116,120,114,84,96,,55,,77,,,,73,74,90,82,62,43,75,78,68,108,115,117,99,135,136,131,96,62,73,100,45,83,76,44,52,38,30,51,37,51,43,134,268,117,225,67,70,74,32,,184,,277,231,291,230,149,,89,117,,136,116,94,80,93,105,178,112,146,105,140,221,173,190,188,36,35,,13,53,,188,,201,,184,158,144,192,106,123,191,154,165,155,22,31,22,171,211,193,,10,17,,,,24,32,21,46,44,49,36,40,43,,39,42,62,50,43,47,13,,24,,33,,21,18,15,,,80,11,6,,55,,,109,64,85,67,,,14,60,,,243,218,212,32,,41,,27,38,173,169,,149,197,,20,13,15,20,29,50,48,52,258,44,27,33,31,25,,59,59,175,174,250,137,30,151,188,136,126,88,182,43,177,59,72,57,72,,78,,40,30,56,60,121,60,64,,36,80,71,188,51,,54,45,39,,57,,33,44,34,31,,,,31,,,31,31,39,37,35,44,30,36,55,34,9,289,247,,266,281,303,247,,249,245,,250,,227,222,229,333,351,328,269,240,233,223,202,63,59,,63,175,164,,,147,128,141,144,,,69,87,,,,63,,,48,80,87,57,71,19,20,18,,,13,,14,20,30,20,31,,23,32,19,98,121,117,147,71,62,87,66,77,100,96,76,157,114,82,92,100,65,152,,,127,117,144,131,125,83,97,153,102,124,123,62,46,50,,76,54,86,180,170,177,136,87,157,181,209,18,19,32,21,63,120,184,152,139,260,163,180,177,238,219,216,,24,,48,,52,24,128,48,63,25,47,101,33,76,,80,135,143,149,144,101,128,191,144,115,137,18,47,76,32,32,30,33,27,55,42,33,19,,20,28,24,41,32,31,48,,53,,,,,,47,,47,62,54,75,47,,,,36,38,51,55,16,27,,18,6,,,,31,,80,179,162,159,,209,,202,239,,97,52,88,82,94,87,81,68,49,62,66,65,24,53,,58,56,99,75,,101,66,59,31,35,41,,63,55,61,98,37,38,31,92,,37,77,55,33,,,21,15,19,21,56,,43,37,33,19,32,28,61,,136,,114,,107,63,22,31,45,27,88,79,64,76,65,44,32,39,38,125,60,53,56,54,55,47,61,134,138,43,,90,253,,86,104,109,,68,66,34,108,70,92,97,79,106,69,63,36,,31,58,77,42,22,128,,,84,97,85,,86,,106,65,55,109,,128,40,46,39,,40,25,25,,30,,30,11,24,,,,,,92,104,99,,66,83,60,88,123,,,20,36,33,41,,17,,18,19,,,,,,6,,8,,,,,,20,31,28,10,,,16,17,,68,61,77,68,31,,33,35,33,10,13,12,17,18,,,37,19,21,24,29,26,31,55,48,55,51,45,32,37,30,32,28,18,33,27,26,189,220,214,,203,198,232,206,,206,201,241,,212,252,255,272,257,,215,181,212,242,231,,,212,187,,199,72,69,86,68,85,65,179,110,163,154,167,145,,63,67,91,,104,117,,118,132,,71,,,55,60,,128,127,71,81,,,,44,,51,,,,,,95,80,69,39,51,,26,48,27,22,,82,46,46,102,53,30,48,65,60,32,,46,,48,74,61,60,34,22,,,11,14,15,20,12,20,16,,20,11,,,,88,59,27,22,16,125,25,31,32,22,15,51,63,57,70,208,84,89,153,144,73,120,129,75,91,91,72,100,137,107,133,79,125,112,,93,149,187,168,177,190,54,159,83,111,,123,156,,68,101,110,116,123,48,141,78,,31,28,32,75,58,69,42,68,95,65,40,,,,,,55,39,42,37,28,27,,22,84,28,55,67,,73,42,43,119,67,31,18,42,,45,50,70,56,54,,52,43,84,59,77,101,134,,132,165,31,64,84,79,161,,21,,42,59,122,155,129,131,40,37,38,30,154,161,178,100,,,26,48,72,58,47,57,28,46,52,57,61,73,64,75,73,71,57,49,,57,90,87,,,138,120,110,47,57,31,65,39,41,47,41,85,37,38,374,237,115,96,8,117,106,42,48,156,131,66,131,,84,104,75,171,135,124,42,7,49,,53,70,45,69,156,36,82,48,38,195,64,80,116,24,,,17,66,22,72,,206,227,142,135,18,48,53,31,138,87,59,98,34,80,85,,44,117,,31,52,61,58,88,74,15,,101,207,72,74,,184,179,180,,62,115,103,130,94,27,,33,205,279,17,81,118,129,100,36,,187,29,62,86,21,8,35,201,114,,23,228,63,204,,80,110,131,132,118,161,102,41,71,123,243,101,58,72,82,265
20171215,21,PM10_24h,41,42,64,73,60,73,36,61,59,57,62,35,,,93,,67,32,77,,76,59,86,,66,32,,212,234,270,184,193,204,139,94,100,100,101,105,103,100,95,105,,137,252,,270,195,197,205,211,245,224,207,41,,51,41,48,83,99,76,96,77,99,99,,89,118,126,116,174,186,187,222,230,223,210,261,,258,259,237,292,234,236,300,50,43,36,51,30,37,51,31,120,133,135,,139,132,143,129,119,,124,73,72,59,76,82,71,54,96,74,112,72,75,97,67,69,75,83,68,83,80,106,107,90,,83,103,125,137,114,111,116,165,32,28,29,22,28,28,24,21,26,28,38,34,44,33,39,41,52,40,42,33,29,30,28,31,47,45,35,26,35,33,40,30,107,,,,159,180,,163,169,168,,41,52,39,,39,53,49,46,37,40,47,46,46,,,,46,45,,37,39,46,42,46,,35,61,59,60,59,72,58,48,,61,,97,99,99,34,50,12,45,36,38,62,53,59,54,30,80,56,66,58,,75,70,52,32,44,45,51,45,46,,,30,,39,47,,35,44,41,20,22,27,,38,23,38,22,26,24,24,39,27,30,23,36,20,36,29,22,23,29,13,,28,,31,32,10,30,,30,,10,23,16,15,13,,22,189,205,187,173,111,184,223,194,114,176,148,156,160,163,169,172,175,189,196,204,210,204,213,221,208,224,,54,61,58,61,,,65,72,,,,,,,49,,,,39,55,46,,42,46,47,35,43,25,42,28,77,68,68,78,54,83,82,38,60,48,90,72,94,79,62,48,61,44,54,68,45,33,27,67,70,70,76,67,66,62,63,52,57,49,50,72,55,48,44,64,65,53,43,27,43,26,24,29,19,18,26,23,34,37,43,45,42,46,72,,82,78,76,87,83,101,84,,,84,85,80,75,90,,94,98,98,120,,,98,37,40,52,40,48,58,59,49,48,55,71,47,34,68,59,78,75,61,98,48,42,,,194,174,235,196,198,198,204,199,262,158,220,185,216,94,98,80,92,92,114,,119,122,84,,,,71,92,117,108,86,91,94,,62,33,54,40,28,31,45,49,57,51,42,48,43,62,53,57,61,78,62,58,64,73,66,40,45,64,76,85,96,75,65,51,50,61,115,126,80,129,96,65,116,33,35,38,23,,158,,124,132,162,123,165,,152,165,,171,182,158,140,196,210,187,185,219,209,157,168,184,175,107,92,78,95,57,86,,166,,182,,186,149,149,164,154,161,176,132,133,123,72,75,72,202,211,196,,15,18,14,41,34,40,36,34,53,45,77,62,65,67,66,73,62,89,90,71,72,36,44,54,41,51,52,25,29,25,78,80,72,22,18,,73,72,,84,82,86,95,49,40,32,35,,,216,206,212,51,,47,43,47,59,153,153,,146,187,,226,196,223,203,228,237,81,135,243,176,60,109,91,82,,113,103,150,118,164,120,71,129,120,92,121,80,154,85,236,136,109,82,131,92,82,96,66,62,79,55,87,92,84,,66,102,62,103,82,92,83,88,79,124,65,70,77,67,92,75,38,43,44,34,43,33,36,39,59,34,33,41,31,34,47,43,9,204,172,,193,190,196,171,266,257,243,,255,,152,152,154,228,224,222,242,181,178,162,159,142,125,,122,147,144,,,140,114,121,103,64,59,55,67,,53,,73,,,58,80,73,67,66,14,22,15,19,20,18,15,18,14,26,27,25,25,19,31,30,107,106,116,123,48,51,60,44,55,65,139,74,118,91,75,72,68,61,117,,,102,117,131,116,124,74,89,107,93,87,100,47,36,38,,37,65,69,224,201,210,202,175,177,140,146,75,103,93,108,134,143,163,159,165,189,176,167,243,224,221,198,52,40,63,40,,72,46,93,60,40,25,44,69,46,76,71,94,160,163,211,208,142,144,172,126,132,144,116,129,142,109,59,58,108,123,109,111,79,79,66,84,81,87,43,42,35,29,36,31,34,35,,34,29,37,41,45,50,42,53,44,38,35,50,45,50,33,34,33,46,,41,36,34,,,69,61,47,156,130,159,179,172,184,175,188,,56,57,199,171,162,138,141,141,101,124,124,75,137,226,,196,204,174,177,,174,185,176,133,163,103,,93,38,44,38,51,46,42,83,,36,54,37,25,,,22,16,33,22,42,44,38,74,64,28,61,62,100,132,115,161,140,,157,119,120,113,175,130,143,122,86,71,66,126,137,116,98,83,61,65,55,52,66,47,60,111,159,42,100,113,207,,149,59,86,40,63,66,36,86,66,63,79,64,121,135,43,28,37,28,77,88,46,18,74,48,43,54,49,42,,89,59,66,56,57,102,98,115,44,52,47,62,55,44,22,20,17,28,32,21,21,29,41,28,,,86,85,89,86,47,47,35,47,133,128,,35,36,46,52,41,21,12,25,22,8,25,24,26,24,6,22,21,22,36,40,37,43,26,31,26,13,16,11,18,16,14,40,53,36,35,26,30,28,34,31,15,12,14,22,21,17,13,27,22,23,23,24,27,30,34,35,33,32,32,27,30,21,33,22,28,34,36,36,205,222,214,,195,151,206,179,,194,180,170,,136,177,185,192,184,156,158,135,168,158,150,152,142,162,171,173,170,47,44,59,53,66,72,94,90,101,123,128,122,,54,49,72,128,105,118,,69,74,,50,37,47,41,47,85,95,73,99,96,17,25,23,34,25,31,21,22,23,25,22,99,94,74,61,58,15,30,40,19,23,29,63,33,33,43,35,32,34,43,60,20,29,27,29,25,44,45,51,28,20,24,23,12,15,15,13,14,18,10,14,16,8,12,15,20,33,38,19,16,12,34,30,24,24,16,13,64,65,68,79,112,70,70,100,94,82,98,83,52,60,67,49,69,86,77,79,74,91,96,,76,113,114,101,120,117,65,76,56,77,,83,106,,72,100,100,108,115,26,61,38,,42,21,28,45,48,54,40,41,43,47,32,,,,,34,34,22,17,22,19,26,,25,51,42,36,41,38,34,24,31,45,48,29,37,44,,31,36,42,45,53,,42,43,58,61,62,58,114,36,97,111,28,36,67,52,188,,26,,20,31,135,135,135,133,34,45,47,43,95,110,107,112,,,53,85,124,140,59,63,35,41,59,63,56,54,79,76,71,103,125,64,,81,111,72,,,102,120,141,106,69,49,70,54,42,45,41,79,58,53,192,192,104,99,11,67,58,44,60,143,135,104,199,,165,162,123,148,148,132,27,19,33,49,49,62,86,34,164,34,79,63,78,221,208,176,153,140,47,36,55,55,28,55,79,171,207,208,101,20,81,74,58,98,154,120,78,40,64,57,30,93,64,48,75,43,70,79,108,51,18,106,50,118,48,59,46,161,147,95,117,47,110,78,77,82,205,,80,185,187,25,84,107,94,50,22,38,182,33,146,136,24,12,71,192,128,99,58,191,32,192,35,149,30,32,36,33,120,112,35,108,86,155,99,57,80,72,255
20171215,21,SO2,1,3,1,1,1,1,1,5,3,1,1,3,,,4,,8,5,8,,6,5,7,,6,7,,39,29,43,51,31,44,15,10,14,21,41,29,16,40,95,41,,51,19,,35,30,30,38,30,42,36,32,13,,46,28,11,12,12,12,15,8,4,3,,2,75,27,23,23,30,19,25,38,37,20,8,,14,14,9,8,8,7,11,13,13,15,5,13,14,16,9,11,42,60,,43,42,38,82,39,,37,16,16,42,20,23,16,14,12,12,23,88,51,37,62,123,6,28,54,10,29,30,18,22,,58,17,80,128,13,22,30,136,7,6,7,8,8,8,7,6,7,8,12,11,8,6,4,9,7,5,10,8,8,5,15,7,9,16,10,11,9,9,13,15,26,,,,18,9,,20,27,16,,8,5,7,,16,7,9,9,6,9,6,9,5,,,,8,11,,7,2,3,5,6,,7,10,6,10,9,4,8,11,,10,,4,7,8,11,7,7,7,9,8,8,6,4,12,8,7,7,11,6,,6,7,5,10,8,9,5,5,13,,,6,,3,7,,5,3,5,5,8,10,,9,9,5,5,6,5,3,5,3,2,4,3,6,6,6,2,3,1,5,,5,,8,8,2,8,,4,,2,5,8,6,2,,7,22,28,33,49,30,40,42,62,24,8,21,14,22,14,20,21,18,19,15,16,15,14,14,17,19,13,,3,4,5,3,2,2,5,4,6,5,5,5,4,6,7,5,3,6,8,10,10,,6,5,8,7,11,13,9,10,11,10,12,10,11,10,13,4,6,6,16,10,12,19,15,9,12,10,7,13,21,9,16,17,10,12,12,14,11,9,2,8,25,13,10,11,10,9,12,8,9,6,8,7,10,10,12,13,10,12,9,9,10,3,6,5,4,6,11,,23,11,11,5,10,9,9,,,15,10,11,8,12,,10,10,6,11,,,13,9,9,24,9,12,38,39,33,23,24,14,7,9,10,11,31,42,7,10,6,5,,,27,28,48,29,25,19,41,27,47,52,32,13,31,13,9,6,31,25,23,,29,26,9,,,,43,62,8,8,14,14,11,,12,9,8,,9,6,12,5,9,8,4,13,7,6,6,9,5,11,12,6,11,17,16,6,6,14,21,29,14,16,27,15,15,26,31,25,26,98,86,80,108,11,12,12,6,,23,,18,21,21,18,31,,22,14,,13,18,30,19,24,47,65,54,34,86,23,20,29,22,20,9,13,9,9,14,,49,,37,,48,12,21,13,18,12,58,15,13,12,11,8,8,25,32,66,,8,8,7,11,9,8,10,9,15,13,15,23,9,14,13,10,11,19,20,33,43,5,3,4,10,,8,2,4,4,8,11,11,5,6,,16,18,,23,13,25,11,5,5,5,8,,,7,4,5,27,,28,24,13,34,38,38,,39,52,,19,20,10,18,14,22,34,35,109,28,31,20,13,56,,65,34,28,58,57,25,12,84,36,44,51,27,33,39,54,26,41,58,11,95,59,57,68,71,12,53,39,41,34,,12,9,38,89,27,54,14,4,1,2,22,8,25,8,14,16,7,11,9,6,11,14,10,7,22,9,11,13,2,12,42,3,9,9,8,,11,10,9,8,22,29,21,,17,,21,15,18,13,10,7,5,21,17,11,22,34,29,,25,13,9,14,10,12,10,15,15,13,17,9,4,4,6,,3,,,5,6,4,6,5,7,13,12,10,5,5,6,10,3,8,30,23,30,4,2,1,6,15,12,11,17,14,12,12,16,12,20,15,34,11,5,9,16,13,13,,,15,6,18,7,7,5,5,9,7,1,12,31,7,7,,19,19,9,14,35,29,22,20,57,44,59,16,12,,16,11,13,24,18,14,43,16,18,28,31,21,20,6,3,2,6,,29,3,15,17,3,13,10,6,6,4,8,6,90,54,19,24,14,19,16,12,32,20,15,7,25,10,14,18,31,8,7,11,6,6,6,7,9,9,11,16,14,4,4,14,11,22,,2,5,8,5,6,13,1,4,12,22,3,5,5,5,8,9,9,7,,7,3,1,,,19,32,24,19,13,6,9,11,8,9,6,,9,16,23,20,20,26,21,16,17,20,25,19,24,33,,41,29,30,34,,67,17,17,16,12,19,,19,5,8,2,42,12,8,3,,9,48,20,19,,,19,4,28,,9,9,8,18,23,7,8,9,41,58,28,49,21,,23,20,28,24,19,15,26,45,79,18,13,18,20,23,33,23,9,10,17,28,15,10,7,48,29,9,22,18,23,,9,25,14,22,13,13,9,11,12,13,53,25,19,21,16,16,8,10,16,17,32,8,15,11,13,7,14,4,,22,4,8,28,10,6,10,16,16,23,10,6,18,11,20,4,20,23,4,7,6,26,4,15,3,,11,6,11,10,4,2,6,7,13,12,,29,23,24,32,18,2,4,11,7,2,9,7,8,13,2,10,8,5,9,10,9,9,6,10,8,4,4,5,16,4,1,21,13,16,11,19,12,1,4,3,23,3,9,7,21,4,2,12,4,1,14,11,22,25,22,17,22,8,25,4,6,7,8,4,1,10,9,4,6,14,17,,13,29,14,18,,22,18,5,,5,7,10,5,10,19,13,9,11,19,3,5,6,3,12,,10,7,4,26,8,5,16,19,24,13,19,16,14,,4,1,4,16,24,20,,8,6,,5,1,2,3,2,9,9,6,8,5,6,14,14,9,9,8,12,23,15,12,14,4,7,9,14,10,6,4,4,11,3,18,3,23,12,4,6,2,5,10,2,21,3,8,3,14,11,6,6,3,8,4,5,5,6,6,19,7,13,151,3,9,4,4,6,9,15,28,1,3,6,6,9,13,9,5,6,18,26,15,9,15,9,11,7,15,8,10,19,7,10,8,5,5,10,3,6,12,20,21,,12,9,8,13,15,12,16,1,14,3,,4,10,,9,2,14,11,10,8,30,8,,20,11,10,7,9,9,9,30,36,36,17,,,,,2,13,7,8,6,3,7,,63,15,8,16,73,13,14,10,7,3,12,14,22,13,,8,10,8,8,9,,4,8,9,,9,12,11,,10,13,1,6,28,25,9,,13,,6,4,14,22,14,21,18,41,36,24,39,29,29,9,,,6,7,24,33,12,12,14,11,20,13,11,10,12,38,28,91,14,1,,22,25,6,,,29,9,20,25,23,9,23,44,7,12,5,15,14,10,95,39,11,8,4,14,15,11,12,22,32,2,2,,9,9,1,108,29,18,4,1,35,12,20,15,24,10,45,11,10,7,5,57,23,67,187,6,3,8,10,30,8,28,5,41,38,16,12,6,11,20,6,28,46,25,15,4,5,5,6,1,6,2,5,41,94,49,46,1,10,10,8,24,9,10,6,8,42,29,20,12,26,10,11,11,20,,5,13,10,6,18,11,11,8,22,14,34,7,34,8,4,3,4,19,27,8,20,14,4,40,14,17,20,38,30,32,24,24,15,31,8,9,6,21,3,9,17
20171215,21,SO2_24h,7,7,10,5,9,10,8,12,4,10,9,6,,,10,,15,13,14,,14,10,12,,8,8,,23,20,28,33,25,26,29,21,23,28,33,34,23,36,48,43,,44,12,,40,30,27,36,31,33,30,29,12,,23,13,11,21,23,24,21,21,12,10,,13,28,32,29,12,17,16,26,30,25,22,76,,44,118,157,107,166,40,112,17,20,16,13,12,13,14,12,44,64,71,,55,70,72,75,70,,52,23,30,23,22,17,14,14,24,20,23,87,101,40,57,62,22,22,47,17,17,46,43,27,,111,88,98,96,60,22,43,84,9,7,8,9,9,8,8,7,7,10,12,10,7,6,4,9,8,5,13,8,7,6,13,7,7,16,10,13,11,10,19,15,32,,,,17,6,,12,22,11,,7,7,8,,15,9,7,10,7,8,9,10,9,,,,12,18,,3,2,4,5,5,,6,13,7,15,11,6,8,10,,10,,4,7,8,13,10,6,9,9,9,10,8,5,14,8,16,14,13,11,,10,12,8,10,8,9,7,6,13,,,7,,9,12,,5,7,7,5,8,10,,15,13,6,5,6,5,3,5,4,3,4,4,6,4,7,3,2,1,5,,8,,8,8,2,4,,4,,2,6,8,6,4,,6,15,20,25,28,23,25,34,32,24,14,21,20,23,12,23,16,23,21,18,18,18,12,13,21,21,17,,3,4,5,4,2,2,4,4,5,4,5,4,3,5,6,3,2,5,6,11,11,,6,5,9,6,12,13,10,10,8,5,8,7,11,9,10,5,8,8,12,13,12,19,16,10,16,9,8,12,26,17,17,18,15,18,17,22,17,13,9,10,21,20,15,16,11,10,8,10,11,9,12,11,13,10,15,13,9,12,10,9,10,4,6,5,4,6,8,,15,12,14,9,12,12,10,,,15,12,12,8,16,,9,7,3,10,,,10,10,11,15,10,12,32,32,23,13,20,15,12,12,12,13,26,26,7,9,6,2,,,34,32,34,32,33,34,29,33,25,34,29,23,32,33,28,27,32,36,26,,28,24,27,,,,31,43,4,11,13,11,12,,12,7,8,9,8,6,20,6,8,8,4,11,7,6,5,8,9,10,10,8,11,19,19,12,13,16,27,33,13,22,40,28,22,45,68,66,38,122,53,38,81,8,8,10,4,,34,,18,19,26,14,14,,14,12,,12,24,31,24,29,38,32,52,29,60,37,16,16,20,23,17,26,19,23,26,,23,,21,,21,23,26,24,24,17,33,12,10,7,16,12,13,25,27,22,,9,8,8,11,8,9,9,9,13,11,21,17,10,16,18,15,21,14,29,44,28,7,5,7,10,8,8,2,6,5,14,15,16,6,7,,26,23,,26,24,25,21,10,8,8,9,,,10,8,9,17,,25,17,19,27,24,30,,33,42,,90,70,84,74,102,122,130,107,105,134,106,42,15,24,,48,38,49,70,89,50,32,52,38,34,35,24,48,59,63,65,82,63,34,98,64,65,136,72,33,27,34,34,25,,27,32,47,54,20,35,24,33,28,22,23,11,28,21,35,22,8,7,9,7,16,16,12,12,20,6,11,12,10,11,16,4,7,30,20,,24,22,16,17,14,19,12,,11,,16,12,16,14,10,8,10,22,22,15,20,23,22,,20,13,9,11,11,13,8,15,11,8,5,7,2,3,6,,4,,,4,7,6,6,4,5,11,12,11,6,6,6,10,4,15,48,14,23,7,2,2,6,14,16,10,16,14,13,12,15,15,65,28,30,22,10,7,17,11,18,,,17,6,12,7,6,3,9,10,6,9,8,26,7,8,,17,20,10,18,29,26,22,23,35,28,34,14,13,68,51,12,13,19,16,16,34,18,20,26,25,24,16,6,4,6,8,,30,30,42,32,3,8,9,6,6,6,10,7,36,26,13,20,22,30,17,13,29,21,38,16,19,18,15,15,16,11,12,13,10,15,14,9,21,11,12,16,16,4,3,15,12,23,,3,5,8,6,6,9,3,5,13,11,13,6,7,7,8,9,9,10,,10,4,1,,,20,20,26,16,11,5,8,13,10,12,9,,14,12,35,48,26,33,28,28,60,45,59,26,54,156,,173,154,56,39,,66,37,53,41,33,45,,68,6,10,4,30,17,12,5,,7,28,13,19,,,14,4,36,28,10,9,8,50,37,27,43,29,47,62,40,54,46,,44,39,150,58,133,141,58,46,53,37,28,65,57,67,54,21,12,20,22,45,42,36,13,33,39,13,26,20,37,,14,26,19,14,14,13,8,14,14,14,21,20,17,37,9,14,11,12,38,43,41,16,8,18,31,15,14,4,,23,5,7,23,15,8,9,17,10,20,6,15,8,8,21,6,21,11,5,8,4,22,2,14,4,,13,18,8,16,11,17,4,10,12,15,,27,22,19,26,17,2,4,7,6,2,11,9,13,18,2,10,15,12,11,10,9,8,6,10,8,4,4,5,18,5,5,24,12,16,16,22,17,3,7,8,16,18,17,14,25,4,3,10,9,2,10,7,18,14,17,12,17,12,19,6,7,7,7,4,9,17,19,13,5,8,10,,14,20,9,12,,17,11,12,,12,10,12,9,13,11,9,8,10,8,8,10,11,4,11,10,10,7,4,7,8,5,12,21,19,20,15,14,13,,4,2,4,13,22,15,,7,7,,3,2,2,3,2,6,8,4,7,4,6,15,14,8,8,7,7,13,10,12,17,5,5,4,8,2,10,7,7,14,4,10,4,20,6,4,4,1,3,5,2,7,4,7,3,6,10,5,4,3,8,5,7,5,6,6,12,12,12,8,6,7,4,3,6,9,17,26,2,3,4,5,10,8,6,5,6,15,21,15,10,13,8,10,7,8,9,9,20,6,29,9,2,4,6,5,4,16,18,15,,15,15,9,12,12,15,20,2,8,11,,5,9,,6,6,9,6,8,8,18,8,,20,11,9,10,13,16,10,26,43,32,16,,,,,2,10,10,10,7,3,7,,56,12,8,16,42,13,12,8,8,5,11,19,22,12,,9,10,7,6,8,,4,9,16,15,10,11,20,12,7,8,4,5,16,9,6,,7,,5,4,14,15,11,17,14,28,23,19,12,23,25,13,,,7,10,41,25,14,12,12,12,16,19,12,9,19,34,19,58,46,3,,27,30,10,,,16,10,28,57,21,14,14,18,7,14,5,14,16,11,26,25,14,10,5,13,9,10,12,18,18,4,11,,20,23,28,45,47,36,4,14,13,11,14,12,36,6,39,12,10,8,11,37,176,66,101,31,5,9,10,13,9,25,7,22,21,11,9,9,24,24,34,27,67,52,12,6,4,5,6,10,7,4,13,27,68,60,35,7,18,10,8,14,12,14,6,9,44,21,25,12,19,11,14,15,119,,11,10,26,6,29,10,12,7,23,13,27,8,21,14,3,3,14,16,30,17,22,23,5,40,15,11,16,37,30,41,11,29,18,35,8,17,6,4,4,6,8
20171215,21,NO2,10,7,13,14,17,11,9,13,4,7,18,8,,,23,,43,38,44,,37,47,55,,44,40,,91,88,85,108,78,82,22,51,49,63,70,62,65,76,76,73,,77,90,,78,76,96,91,85,75,92,91,16,,33,23,27,19,34,11,44,11,19,12,,12,65,58,42,77,68,69,81,74,100,75,24,,16,48,27,20,26,16,19,10,22,26,2,21,25,9,11,20,70,70,,56,69,65,67,57,,62,33,31,54,39,27,31,13,33,19,20,65,58,56,60,67,18,16,51,47,55,62,60,44,,51,39,66,64,49,56,46,77,45,48,53,47,44,32,55,38,62,38,43,30,49,49,44,39,28,39,46,50,56,54,36,65,41,74,52,21,23,29,37,33,60,,,,57,55,,59,60,48,,36,43,38,,73,61,53,60,55,65,48,41,44,,,,35,32,,41,35,34,28,32,,36,43,36,45,40,46,36,42,,43,,50,55,63,58,76,37,60,59,61,74,59,48,67,58,64,41,27,23,,37,,21,53,48,59,47,62,38,,,33,,25,32,,44,47,43,10,11,9,,68,68,44,54,46,36,42,58,27,31,27,21,29,31,38,48,30,25,27,,41,,47,50,9,43,,34,,21,32,41,48,,,15,79,78,71,71,67,83,84,78,67,73,69,103,72,105,81,74,68,63,73,65,69,57,64,68,72,66,,34,46,46,30,41,40,36,22,32,34,25,33,28,41,33,42,39,32,30,51,45,,47,40,50,43,39,37,45,36,74,35,72,65,30,33,60,15,27,26,59,73,63,67,52,42,31,45,41,51,51,41,40,52,45,49,57,46,49,43,44,38,47,38,44,45,29,31,31,30,42,26,29,25,30,36,45,50,33,22,30,39,42,7,15,14,15,21,34,,60,65,68,62,58,53,43,,,59,57,69,52,50,,92,103,97,94,,,106,19,30,43,37,15,40,39,44,41,48,37,67,12,74,47,61,76,51,64,49,60,,,102,119,107,120,102,91,99,87,112,112,117,96,100,9,26,8,17,35,56,,60,27,6,,,,61,73,62,66,50,48,48,,26,35,31,28,39,36,46,42,37,46,45,16,39,28,21,13,12,15,15,13,17,,13,13,7,10,37,50,48,38,21,22,20,27,24,32,20,68,57,68,64,47,64,42,17,,63,,62,63,64,62,67,,66,61,,60,75,81,82,72,85,78,85,88,86,39,58,40,27,51,5,27,15,11,13,,60,,80,,70,51,62,55,40,61,73,62,50,56,8,9,11,73,78,75,,35,40,38,30,39,53,27,20,53,29,37,28,24,29,28,22,26,35,17,18,20,29,19,28,18,,25,30,23,24,43,40,42,31,26,,34,30,,56,32,51,40,32,22,28,21,,,47,45,44,13,,18,18,8,17,31,34,,32,36,,10,20,11,4,2,34,43,33,66,38,29,22,20,37,,55,64,49,65,62,39,33,60,64,54,61,50,63,58,46,28,60,55,44,68,63,75,28,32,35,43,62,41,37,,3,44,47,55,35,47,13,15,8,14,15,23,52,32,73,56,56,54,60,62,53,40,68,63,56,31,32,28,44,36,37,33,17,65,73,,61,63,65,58,73,73,72,,72,,54,64,55,69,77,85,62,75,72,72,77,36,19,,17,71,52,59,35,48,66,55,57,45,24,31,28,8,18,,33,,,6,34,49,10,4,16,34,19,26,20,21,16,22,14,24,25,18,25,14,12,12,48,86,72,72,38,42,51,35,66,31,87,49,122,57,33,43,41,46,80,,,91,75,60,78,64,43,47,74,54,74,39,40,30,37,,32,36,28,42,86,59,93,24,74,87,76,34,36,,31,41,53,84,80,70,68,83,90,52,85,95,179,7,8,4,37,,28,16,8,14,36,31,10,45,17,42,41,35,81,86,62,73,57,41,80,60,66,85,17,12,,23,10,17,18,15,12,25,10,9,18,15,11,2,44,45,43,36,38,43,34,43,,,32,37,24,45,50,34,39,54,52,41,36,27,25,24,25,45,51,,42,70,62,,,22,42,44,26,51,42,43,53,52,50,53,,76,58,24,28,23,30,25,14,14,28,12,16,23,19,,24,28,5,12,,17,15,30,24,13,15,,18,6,7,5,20,17,10,42,,14,42,18,8,,,18,2,18,12,11,9,6,21,16,5,9,17,59,70,54,57,31,,44,47,15,19,17,6,,64,37,50,48,53,45,12,33,38,36,18,,24,23,13,28,62,47,4,15,34,19,,17,36,58,26,44,30,7,34,25,33,57,30,55,19,52,12,13,10,39,28,21,7,47,42,55,51,38,58,,30,27,28,34,17,38,54,47,64,64,45,42,43,42,43,27,38,40,47,38,43,27,26,38,36,,43,74,62,73,33,32,31,20,16,36,,20,32,40,44,13,23,6,29,19,6,23,27,26,24,2,18,18,35,27,26,26,28,38,41,41,23,18,22,36,41,37,25,39,33,27,46,29,27,24,31,42,40,25,41,39,23,31,36,37,39,32,38,35,45,40,34,27,37,36,20,35,31,33,35,48,31,26,27,82,74,84,,68,49,73,63,,66,63,52,,64,67,57,58,61,66,93,76,88,73,71,65,57,58,78,,52,23,36,50,34,41,17,81,38,71,79,77,89,,37,21,11,62,67,83,,30,23,,23,51,45,37,27,45,37,44,36,26,22,31,36,26,40,29,11,21,17,19,27,17,40,,26,28,39,32,31,33,34,30,35,26,21,27,13,13,20,18,17,7,105,31,18,19,2,22,32,36,23,27,39,19,16,17,14,12,26,14,19,22,16,18,29,31,40,33,29,21,20,47,21,14,14,14,25,14,85,57,,65,81,76,64,50,40,62,75,67,70,72,53,47,77,86,53,22,30,33,,27,45,76,67,56,67,19,54,26,49,,43,63,,57,46,53,74,95,23,30,36,,19,17,35,21,35,22,37,42,30,55,18,,,,,2,29,21,21,19,18,26,,18,9,9,25,37,23,25,29,24,21,31,31,14,14,,11,6,28,23,38,,18,17,36,24,27,52,13,,62,24,10,46,85,48,37,,20,,5,9,22,64,51,74,69,62,51,38,66,56,63,44,,,4,15,19,61,16,16,21,17,14,15,22,32,14,35,27,29,13,8,,24,33,27,,,31,48,29,12,33,10,30,40,11,18,11,15,18,23,104,92,43,68,4,36,33,14,37,85,90,13,10,,40,38,37,62,49,43,8,3,56,31,51,27,28,77,34,45,67,59,32,78,25,16,57,22,56,31,26,33,26,17,38,77,74,53,97,25,46,34,28,41,47,64,32,30,41,60,39,16,57,44,31,19,71,51,49,16,63,67,36,72,50,33,34,32,76,64,58,48,70,67,70,50,17,,43,56,71,33,41,69,61,46,11,8,78,11,28,25,38,14,32,85,46,10,15,54,36,59,20,68,40,47,44,44,49,19,15,69,68,68,47,42,35,50,76
20171215,21,NO2_24h,39,25,41,41,48,41,43,49,39,34,42,44,,,45,,46,49,47,,46,52,50,,50,44,,74,75,70,90,64,70,50,58,55,61,60,59,62,63,63,73,,72,65,,58,65,82,75,71,66,77,81,15,,20,16,20,37,47,33,42,31,46,47,,45,47,50,49,52,52,49,64,59,68,62,62,,54,59,59,57,58,53,64,14,21,23,15,25,18,13,15,41,59,64,,48,61,61,63,59,,53,37,32,35,36,28,32,18,48,35,31,49,44,51,45,50,28,30,47,38,32,55,59,38,,64,63,72,66,64,41,47,69,50,48,54,49,53,49,54,30,51,39,46,33,55,49,42,42,41,43,51,50,56,55,39,61,42,67,56,31,34,36,38,38,56,,,,57,49,,53,56,56,,39,30,27,,52,58,47,53,55,53,51,41,53,,,,45,38,,25,34,36,27,31,,36,44,38,45,44,44,31,44,,41,,45,47,53,59,77,33,63,55,59,72,60,48,65,56,60,59,56,52,,54,,49,54,48,61,50,61,50,,,45,,54,59,,33,39,39,12,10,13,,53,53,40,44,37,28,33,42,34,31,26,22,30,27,49,45,39,26,31,,39,,50,40,8,29,,31,,26,32,39,44,26,,19,61,55,60,64,54,69,66,57,62,67,64,83,67,97,81,64,66,57,64,58,56,50,59,55,63,52,,29,34,39,30,43,32,29,30,26,30,30,31,30,40,36,40,39,32,33,51,43,,47,40,54,38,39,32,44,27,49,33,41,46,22,34,54,10,22,23,43,68,66,64,70,44,35,46,46,57,48,44,39,63,55,60,70,55,54,53,50,36,44,39,41,46,28,26,28,31,39,37,34,35,38,31,37,41,26,20,36,37,40,6,9,8,10,13,30,,46,47,39,51,45,46,41,,,41,51,48,41,46,,46,50,59,48,,,56,23,22,32,32,14,31,28,33,30,32,43,42,15,42,42,45,48,33,61,41,22,,,71,80,81,75,39,62,72,62,68,65,68,66,72,40,44,18,56,60,44,,59,28,21,,,,38,44,56,54,37,51,39,,24,38,32,32,41,38,37,39,34,39,39,15,33,29,29,12,15,11,13,13,11,24,22,17,16,20,35,49,38,39,25,29,29,38,49,57,37,50,37,40,48,22,29,35,13,,60,,56,59,59,55,49,,52,27,,46,65,73,65,64,81,59,65,67,83,44,61,39,27,23,34,47,45,43,42,,39,,53,,49,48,55,53,43,51,60,52,45,52,26,34,30,60,57,58,,29,35,30,26,34,32,23,16,35,27,36,28,29,32,31,24,31,33,22,20,23,28,22,31,16,23,17,28,24,22,45,40,39,32,28,,37,30,,41,40,44,34,33,26,33,17,,,49,49,44,7,,14,10,11,16,36,54,,40,42,,38,40,42,29,37,72,66,57,69,60,50,27,24,48,,45,49,46,46,58,43,39,51,55,43,47,37,59,50,43,44,54,50,42,52,48,50,42,40,38,33,45,44,34,,16,37,39,43,30,35,27,41,36,38,24,27,48,42,78,48,50,49,55,47,42,35,42,43,38,31,31,28,40,31,40,32,11,56,60,,57,34,50,53,53,58,55,,61,,51,56,53,49,53,59,46,51,51,48,46,46,40,,39,37,48,46,38,42,47,42,39,29,21,24,26,15,14,,37,,,17,33,30,15,10,18,35,20,29,19,22,17,21,10,28,22,21,25,15,10,11,30,48,42,38,36,37,41,36,45,30,69,46,71,43,31,39,32,44,41,,,53,34,43,48,41,21,23,31,38,36,31,37,29,35,,29,30,21,70,62,68,61,34,46,51,43,29,43,48,44,44,42,56,60,50,49,54,52,66,63,66,95,9,10,6,23,,27,23,20,20,27,21,6,37,18,28,36,24,48,58,52,54,66,63,76,51,59,76,46,38,43,48,16,31,37,39,40,46,31,29,35,39,29,22,47,77,46,39,39,42,35,41,,,33,34,24,41,66,36,42,46,49,37,36,42,103,22,17,50,56,,48,52,48,,,36,34,48,30,44,33,43,43,44,42,44,,37,31,48,50,39,57,37,23,29,39,25,15,40,61,,56,59,45,38,,40,38,47,42,39,31,,37,12,12,9,17,22,8,30,,16,20,17,10,,,12,3,20,16,12,10,7,28,29,21,24,30,49,62,50,48,37,,51,59,37,44,47,38,51,61,41,49,43,53,45,45,42,31,18,43,24,35,47,26,34,56,44,12,41,44,58,,35,29,41,16,42,32,7,32,37,34,49,22,69,46,41,12,11,20,51,54,41,8,30,28,32,49,23,43,,34,26,27,34,17,47,47,55,58,54,45,43,53,51,36,26,37,35,28,22,23,29,28,39,35,,38,54,46,51,32,30,24,24,33,41,,27,42,60,55,29,22,8,32,20,7,25,28,28,22,3,19,21,26,27,28,32,37,36,37,35,10,10,13,26,28,32,18,33,26,20,34,30,30,29,34,34,38,16,34,32,25,33,32,35,40,27,32,29,38,32,28,23,31,31,19,28,25,27,26,39,28,25,16,73,56,62,,50,57,54,51,,55,52,50,,55,55,44,44,50,34,57,46,55,41,56,55,42,44,59,49,42,22,33,46,35,32,20,54,51,55,47,51,64,,35,20,17,49,54,51,,31,30,,20,47,43,38,25,25,28,30,35,29,27,30,36,29,43,32,20,26,27,26,31,25,39,29,21,26,36,29,28,29,28,35,45,28,20,25,11,14,15,15,13,12,25,30,25,20,4,29,24,29,20,24,34,23,19,21,12,15,24,14,17,21,16,14,22,24,25,20,26,18,13,21,20,14,15,12,13,18,35,36,31,38,35,37,32,26,14,29,42,29,41,36,28,36,46,53,38,20,28,29,,28,46,70,52,55,57,28,20,19,29,,38,39,,25,55,26,36,34,14,18,22,,20,17,28,26,40,34,37,36,31,45,19,,,,,5,22,29,23,17,14,28,,19,16,15,19,25,4,23,18,20,20,19,16,24,16,,9,9,18,19,25,,17,17,33,28,24,31,7,17,26,16,10,22,43,23,17,,8,,9,13,27,44,44,41,27,34,29,29,28,35,39,35,,,9,28,44,53,20,13,13,10,25,23,24,27,20,29,18,32,44,24,,33,38,26,,,22,29,20,19,23,12,21,25,10,19,12,35,19,28,72,69,30,56,4,30,22,8,28,55,50,25,28,,50,37,40,49,50,45,8,4,39,29,36,30,53,38,37,42,54,53,46,68,64,39,41,48,45,33,67,58,36,18,28,52,49,51,50,32,32,28,29,39,54,57,28,45,18,32,49,44,44,52,43,14,42,32,37,15,51,54,24,61,49,53,33,32,69,46,52,48,59,54,42,47,44,,50,46,67,31,40,38,37,20,11,13,58,10,49,42,34,16,52,63,43,40,15,61,18,53,22,54,24,29,26,31,23,42,15,69,50,68,34,35,39,34,54
20171215,21,O3,61,73,37,58,57,63,71,66,68,66,55,63,,,55,,34,45,31,,34,23,18,,19,26,,5,4,6,4,2,,56,23,22,19,14,16,17,12,12,15,,10,1,,2,,15,3,13,17,14,5,57,,38,50,47,54,30,61,29,60,65,66,,62,12,16,35,4,5,6,6,4,9,3,58,,65,39,58,49,50,64,58,64,58,54,68,59,57,63,53,32,,7,,10,8,3,5,9,,9,47,31,25,38,39,52,56,39,60,59,15,10,5,5,7,41,48,17,27,17,27,12,38,,18,33,9,6,15,57,18,43,44,36,39,44,41,48,37,40,26,45,15,32,24,18,21,25,41,28,24,26,18,,14,14,14,22,37,65,72,61,59,57,,,,,3,5,,4,2,9,,22,10,25,,,19,16,14,20,11,28,27,27,,,,29,41,,22,28,19,34,8,,34,14,24,17,24,10,27,29,,16,,4,3,1,5,10,26,6,1,3,3,2,4,4,8,16,41,54,58,,45,43,45,12,7,5,11,15,24,,,33,,42,36,,9,8,8,75,70,62,,1,2,1,7,2,2,3,15,25,20,28,32,31,,50,26,30,,36,,18,,12,,26,53,,10,,20,25,7,8,21,,18,5,7,1,10,8,11,5,5,23,,5,4,9,11,13,6,7,4,10,6,3,9,8,8,6,5,,19,11,16,21,30,11,14,43,21,7,26,6,23,13,11,14,21,14,15,3,3,,4,3,4,5,4,2,4,8,12,19,24,3,60,50,5,68,73,71,5,30,34,35,24,2,3,,,1,2,6,2,1,4,5,3,2,2,11,1,4,3,5,3,,14,12,13,20,44,16,13,13,15,7,5,3,9,24,18,8,9,78,95,56,68,60,35,,4,6,1,5,4,3,4,,,5,6,4,4,5,,2,6,8,2,,,9,94,17,14,36,24,18,4,9,7,9,42,10,79,12,41,31,12,56,52,57,38,,,11,8,8,6,3,9,8,,11,7,9,5,4,71,63,70,74,60,57,,39,73,78,,,,25,13,4,6,6,16,7,,27,22,16,20,19,19,4,5,9,3,4,58,6,20,39,59,69,57,65,58,51,66,59,57,75,64,52,34,9,35,44,41,40,42,49,48,45,19,14,20,9,24,6,27,59,,6,,6,1,8,3,1,,4,13,,9,10,12,2,,2,3,10,,14,28,8,7,9,4,71,52,58,71,64,,12,,7,,9,6,9,,28,,2,8,19,21,62,69,61,4,10,8,,5,6,5,5,4,45,74,74,38,74,65,15,14,12,15,8,13,6,11,12,12,6,17,8,81,69,68,17,20,17,3,3,2,8,10,,34,43,,37,22,15,48,5,4,2,34,,,10,18,12,66,,42,47,65,47,51,57,,52,40,,66,58,61,58,61,52,44,55,22,39,63,29,31,42,,17,12,21,7,20,24,20,7,29,16,14,17,21,5,17,25,11,2,7,13,8,21,40,35,39,28,17,38,47,,71,17,15,13,24,8,49,51,62,61,54,44,9,26,15,6,4,11,9,4,11,19,3,2,23,2,7,2,11,6,1,6,10,2,4,,6,4,2,4,2,6,9,,,,9,9,13,2,5,3,8,5,6,9,5,47,47,,67,10,7,7,9,13,3,5,4,3,7,21,19,31,6,,16,,,30,7,10,17,51,22,15,9,17,14,27,27,22,23,32,41,34,29,19,54,60,38,7,12,6,24,20,9,27,4,18,13,43,8,10,3,7,6,3,32,,,37,16,30,26,26,39,29,32,28,23,38,35,18,20,,12,8,10,42,19,35,10,65,4,22,6,56,32,43,63,50,24,7,9,17,14,10,6,25,3,4,3,67,62,71,38,,45,74,69,68,11,8,12,24,27,34,33,55,12,3,5,5,11,25,13,11,6,4,60,48,30,50,54,54,43,1,57,44,57,75,55,65,66,63,27,31,38,28,27,,34,38,,,49,49,33,11,25,31,37,15,15,33,20,48,29,54,52,36,28,,58,,,,,48,21,7,46,35,31,29,10,7,14,6,,4,37,70,56,68,67,63,64,60,59,55,56,63,96,,50,52,68,58,,68,62,42,52,53,68,,69,69,70,75,36,41,57,5,,57,29,76,72,,,45,60,49,53,79,77,79,45,45,59,56,50,9,14,4,10,18,,15,20,49,53,49,64,43,21,22,10,27,13,19,63,31,18,18,32,51,84,75,72,39,21,26,57,58,39,42,,,33,13,48,19,34,43,32,42,34,8,47,28,44,16,46,46,51,47,67,48,51,16,9,22,18,7,11,,27,16,23,25,23,16,4,18,19,4,21,15,26,16,45,27,17,33,19,34,14,47,37,41,9,,8,3,9,11,20,26,20,16,58,52,,28,52,58,38,60,48,61,43,61,60,4,5,6,14,59,28,30,10,2,3,5,3,1,2,2,1,2,2,1,3,5,2,2,2,14,,2,1,5,1,4,3,3,2,4,24,22,45,15,14,17,3,2,5,6,6,6,6,6,7,5,5,5,3,1,6,2,6,10,12,5,,8,5,4,6,,12,5,6,,5,5,17,1,3,5,12,11,8,15,,3,3,,15,,16,1,1,1,2,1,83,9,40,9,5,6,12,,12,16,24,14,13,7,,45,48,,19,2,3,2,3,18,31,19,4,9,24,13,10,15,16,20,47,34,47,38,35,28,14,17,52,25,22,9,3,5,1,29,9,20,18,20,33,32,26,25,24,54,25,29,34,33,6,26,4,10,13,5,,33,33,38,36,41,18,20,9,9,17,13,10,4,4,11,7,1,15,10,47,39,36,23,8,85,11,39,38,5,7,18,7,,4,2,5,4,3,4,8,31,7,8,21,35,28,23,,27,33,38,21,45,57,66,61,33,76,,13,3,,11,17,19,4,9,47,13,12,,46,53,64,36,38,48,37,25,44,50,58,,,,,50,54,30,29,5,16,36,,29,68,71,28,27,66,75,60,34,32,41,27,70,61,,49,59,9,15,17,,82,72,36,39,23,14,83,,12,41,74,58,14,44,19,,58,,68,65,38,16,22,32,5,20,18,45,10,6,3,37,,,68,52,62,39,72,62,51,44,79,71,60,45,68,47,27,57,64,90,,54,49,75,,,63,31,57,61,55,53,24,23,70,68,75,66,74,47,5,7,9,2,81,37,29,35,11,21,20,54,63,,38,35,49,6,3,8,47,62,91,26,11,31,66,27,42,3,5,13,41,2,61,54,24,55,13,37,53,33,30,25,28,9,14,21,3,38,27,34,55,48,12,4,24,25,39,3,28,65,42,16,38,46,11,23,30,14,,3,19,1,31,40,24,5,12,1,7,23,14,5,4,5,65,,31,4,6,5,48,20,12,22,65,52,5,53,54,61,13,23,37,5,43,62,34,1,11,2,98,15,6,7,9,9,31,77,59,15,6,9,14,7,14,2,8
20171215,21,O3_24h,63,73,40,59,58,65,74,77,68,66,61,63,,,62,,63,66,69,,55,77,69,,70,57,,23,15,17,8,12,11,60,70,73,70,72,67,71,48,50,41,,36,28,,32,8,51,38,38,43,42,37,73,,81,77,83,65,60,72,69,67,66,66,,62,57,65,63,30,37,35,28,22,23,23,63,,77,77,58,58,54,64,63,70,71,72,76,70,76,72,63,59,46,61,,66,67,49,34,48,,66,75,64,68,66,64,74,69,66,63,78,50,53,17,40,41,69,70,57,66,70,92,78,81,,61,67,35,43,52,103,86,72,57,59,58,62,63,54,65,74,67,72,25,40,30,31,34,29,44,38,38,39,31,26,28,34,27,43,56,65,72,61,59,62,6,,,,6,9,,14,10,15,,36,42,53,,29,33,31,40,32,39,34,52,34,,,,32,47,,46,49,39,51,54,,50,95,30,52,27,24,59,46,,46,,18,26,23,10,13,34,6,3,5,5,6,10,7,32,40,41,54,58,,45,43,45,24,22,8,31,25,24,,,36,,42,36,,39,31,30,81,84,72,,12,16,22,30,25,14,22,35,25,20,28,36,31,29,50,28,30,32,55,,53,,51,35,49,69,,18,,30,32,23,21,36,,32,21,27,10,20,36,24,26,24,45,8,12,5,20,20,26,35,17,20,24,20,19,18,22,36,16,21,,28,26,19,21,37,16,20,43,34,13,26,13,25,16,15,16,25,17,18,12,24,,14,35,24,19,19,27,21,27,92,92,90,69,120,128,68,94,122,84,109,84,68,105,77,14,15,11,21,24,11,17,17,45,52,59,53,42,40,37,44,77,72,54,84,90,86,96,90,97,117,17,17,13,20,21,19,16,23,33,25,17,21,81,110,65,74,76,52,,39,45,38,34,50,25,26,,,51,29,47,30,26,,61,78,68,60,,,63,94,33,30,36,30,26,16,25,10,25,103,80,102,100,100,90,86,96,93,102,83,,,84,75,56,88,71,99,86,88,88,79,96,75,70,91,79,85,90,85,91,,58,89,78,,,,77,52,18,23,45,29,22,,48,25,16,22,19,24,9,10,10,8,9,58,11,20,40,70,77,69,77,66,65,79,72,71,85,77,89,84,79,72,56,49,45,47,65,69,65,75,76,64,76,69,63,63,77,,19,,16,13,20,16,39,,41,40,,36,37,38,36,30,38,22,37,27,44,35,14,15,21,41,75,58,58,71,64,,45,,40,,32,38,34,49,36,34,16,44,60,68,66,74,61,34,39,33,,31,28,30,28,21,89,97,91,81,97,115,60,58,56,61,61,52,113,64,66,42,32,29,20,96,99,97,38,41,43,66,74,75,21,22,,95,112,,144,124,120,143,16,22,21,71,,,33,31,34,87,,60,71,79,60,105,97,,101,91,,66,65,65,65,66,54,65,69,47,50,98,54,52,63,,77,67,73,76,91,68,64,62,68,69,54,68,58,54,58,55,47,45,52,67,75,78,69,65,74,60,67,71,76,,84,60,48,62,53,61,54,51,64,61,63,61,47,47,50,45,16,20,16,23,29,28,32,29,118,15,23,20,27,24,8,96,95,47,78,,58,52,58,57,22,19,25,,6,,18,9,18,18,16,18,26,53,60,53,66,68,63,,82,43,11,12,30,17,27,40,41,17,15,25,25,33,20,,29,,,41,33,48,70,57,28,19,14,21,19,27,27,26,36,35,47,35,31,24,70,77,90,47,72,75,48,52,30,48,56,47,84,96,96,88,26,19,27,16,66,,,78,80,73,75,81,103,100,106,94,110,87,48,30,29,,28,38,48,60,86,69,85,94,86,94,80,95,32,83,91,79,97,76,88,89,83,88,87,73,69,72,63,79,72,82,67,,70,85,75,75,52,44,36,60,52,58,76,235,38,33,20,27,14,25,29,36,21,24,183,48,38,50,63,64,44,1,61,46,57,75,59,69,76,68,34,38,50,38,52,,47,54,,,66,60,48,38,39,38,94,31,34,71,35,54,33,57,64,45,37,,72,4,8,,,63,197,12,61,55,52,50,50,57,48,56,,68,91,81,74,82,84,90,87,79,84,72,76,82,96,,50,52,75,65,,80,78,67,77,64,68,,69,74,78,79,49,46,65,36,,73,48,79,85,,,56,65,65,65,89,93,93,69,58,64,66,67,66,61,61,65,45,,54,43,69,70,65,77,51,58,57,62,72,51,62,68,59,51,57,47,64,84,75,77,55,44,44,68,84,54,42,,43,60,58,70,37,38,53,66,57,65,42,70,43,64,53,60,58,57,91,101,53,51,38,77,90,34,34,42,,33,24,26,31,25,16,27,21,39,16,53,28,26,16,61,41,31,55,27,59,37,54,44,99,22,,19,20,26,24,36,29,36,34,58,60,,45,52,68,52,94,68,68,67,76,72,33,37,37,38,84,42,43,29,36,37,31,23,22,14,26,25,26,32,35,30,14,3,5,4,17,24,22,14,13,10,14,21,21,21,20,34,28,54,23,21,53,25,22,18,32,32,29,25,25,18,18,18,17,22,20,18,17,19,15,16,12,,13,5,10,12,,15,11,31,,34,44,51,35,36,45,51,54,53,54,72,70,72,66,55,58,54,11,8,11,8,9,95,55,50,62,28,24,37,,19,24,28,35,35,35,,46,49,,26,13,8,9,9,59,58,65,25,31,24,13,10,15,16,20,47,34,47,38,35,39,32,195,69,35,26,13,8,12,6,30,14,22,26,20,44,42,40,35,37,54,36,43,36,43,43,33,33,24,27,16,16,36,36,41,36,41,22,26,20,17,21,22,23,17,30,26,16,10,56,52,51,39,36,38,33,94,73,74,84,79,64,65,89,42,51,48,48,56,57,59,48,81,58,58,49,59,52,48,,46,48,65,26,62,81,114,97,94,130,,64,66,,64,72,65,61,66,66,78,76,,46,76,79,70,74,76,53,43,57,73,61,,,,,57,54,51,48,16,33,36,,38,103,105,52,54,95,101,95,80,87,93,88,79,74,,71,68,69,54,90,,89,107,80,82,53,79,107,119,73,81,94,92,82,93,64,,70,,71,69,68,61,53,74,88,80,83,83,39,28,28,86,,,79,88,89,96,86,81,84,77,101,89,74,72,89,81,56,85,68,96,,81,72,79,,,80,87,120,84,83,61,53,57,82,82,81,69,96,64,35,38,57,63,98,51,45,58,48,87,51,126,91,,81,74,91,28,20,35,56,66,118,50,47,45,86,65,83,24,69,50,57,12,61,72,56,69,42,55,56,33,31,38,40,38,44,43,56,38,81,76,67,79,66,61,49,38,77,80,29,65,73,19,58,67,59,69,67,21,9,30,47,15,36,40,47,8,17,39,19,41,36,31,37,31,71,,55,11,62,18,147,45,48,66,82,55,35,69,68,84,33,36,62,10,52,65,54,14,45,15,110,52,50,48,53,46,68,89,76,43,38,34,65,28,29,29,28
20171215,21,O3_8h,60,68,34,52,50,59,69,59,63,52,55,60,,,50,,45,53,47,,40,45,41,,47,43,,14,8,10,4,6,5,48,41,42,39,44,40,41,36,28,27,,24,10,,13,,29,17,23,28,26,19,67,,64,65,63,56,42,69,58,59,59,60,,54,37,43,45,17,19,20,16,12,14,12,52,,66,59,54,47,46,58,50,66,63,66,68,63,69,66,56,47,20,24,,35,32,21,16,20,,37,61,49,47,52,48,61,60,55,57,70,27,24,8,19,19,50,54,30,42,47,52,26,50,,35,44,23,23,29,70,39,52,43,38,37,42,36,42,43,54,32,38,14,34,23,17,23,23,36,24,27,27,23,9,14,16,15,28,34,54,58,51,50,51,2,,,,4,5,,6,4,10,,24,26,39,,10,17,12,14,13,16,20,25,28,,,,28,37,,33,35,20,32,18,,33,36,20,22,20,15,45,38,,32,,8,10,10,6,11,29,4,2,3,3,4,7,5,7,12,23,45,45,,21,29,25,15,8,5,11,12,16,,,31,,26,22,,12,6,12,77,74,64,,5,7,7,12,12,6,10,23,14,15,24,20,24,18,40,22,15,17,32,,24,,20,9,41,60,,12,,19,23,6,9,23,,16,13,16,5,12,20,17,15,13,23,4,9,4,14,15,17,9,9,8,13,10,6,11,11,13,8,11,,15,12,12,14,21,10,12,25,28,9,22,9,23,13,13,15,22,14,16,5,9,,7,13,12,10,8,11,8,16,60,56,61,32,89,92,47,83,103,75,68,58,53,68,48,5,7,4,9,9,7,11,9,13,17,22,18,12,11,15,11,25,23,19,21,25,53,54,55,63,81,13,11,10,11,12,11,10,16,26,18,10,14,78,102,60,69,66,32,,15,14,19,10,4,4,14,,,14,9,7,14,9,,34,50,45,30,,,43,73,16,14,25,17,11,4,10,7,7,80,57,92,70,77,69,62,86,78,90,74,,,50,40,28,49,39,52,50,60,48,43,46,38,34,81,71,79,80,70,73,,45,78,53,,,,53,37,11,11,33,21,15,,37,22,13,19,15,20,7,8,9,5,7,48,9,19,34,62,70,62,67,60,60,69,65,64,76,69,68,52,47,49,47,36,41,42,46,41,52,48,43,38,32,50,40,41,64,,10,,8,3,10,7,20,,23,23,,20,23,23,19,14,16,6,18,11,27,22,7,8,8,26,61,43,45,52,48,,23,,20,,18,14,17,31,23,1,7,14,20,26,44,54,41,15,21,13,,8,9,7,8,6,67,75,80,59,82,85,26,21,21,24,19,23,48,27,28,22,20,22,13,90,89,86,23,26,26,36,41,39,14,16,,75,88,,86,76,55,103,9,9,7,60,,,12,12,11,72,,48,57,68,46,73,69,,73,61,,56,56,59,56,58,36,41,40,32,33,74,44,44,47,,46,40,42,29,44,46,42,33,44,39,29,45,35,28,37,37,28,18,26,35,44,44,40,45,56,48,47,55,66,,75,34,26,27,37,28,44,40,58,56,53,48,24,34,27,28,8,9,9,14,10,16,14,9,23,4,12,6,14,8,3,19,19,21,38,,31,25,26,23,12,11,17,,2,,5,4,7,7,8,8,12,29,33,29,38,49,55,,71,11,9,9,15,14,13,25,23,9,12,22,19,30,13,,22,,,35,19,27,43,50,22,14,10,18,16,26,26,23,27,29,42,28,27,18,59,64,69,26,48,47,31,36,21,32,32,35,55,74,61,53,17,13,15,8,48,,,60,60,54,54,58,76,68,78,67,74,62,31,10,8,,7,10,10,40,49,44,50,63,47,64,45,78,23,66,79,73,67,40,47,63,46,53,41,44,33,35,38,70,68,73,57,,59,69,66,67,35,28,23,26,41,45,58,64,23,17,10,10,8,8,9,12,13,12,55,26,27,23,56,57,31,1,43,31,35,48,36,44,45,43,25,32,38,28,29,,30,39,,,45,47,37,15,27,31,34,13,12,46,30,38,22,49,54,36,29,,50,2,2,,,56,54,10,51,44,45,42,41,45,41,43,,42,70,66,58,66,68,75,76,65,70,59,62,66,67,,41,39,66,59,,71,69,56,63,56,62,,62,70,73,76,41,36,59,13,,68,44,75,77,,,48,55,53,57,80,77,79,52,48,60,58,51,36,35,30,29,30,,26,29,48,51,45,63,40,35,32,38,44,38,50,57,53,26,39,36,44,75,64,71,36,30,34,54,32,30,20,,,37,16,59,12,20,46,42,40,38,21,59,23,46,36,47,45,47,69,67,40,45,20,30,21,27,22,22,,27,16,20,25,19,11,10,13,22,6,16,14,23,13,48,31,22,45,20,42,18,49,39,40,10,,11,11,18,17,22,22,20,11,50,51,,32,47,51,37,53,55,62,55,67,66,5,7,9,18,55,31,32,15,16,15,13,10,3,2,2,8,3,5,4,7,10,2,3,3,15,9,7,4,6,3,7,5,5,6,8,28,23,43,16,16,33,14,11,12,8,8,7,7,7,8,9,9,9,8,5,6,4,9,12,13,8,,8,5,7,9,,13,8,14,,14,26,35,18,22,22,29,29,31,36,35,37,45,31,37,51,36,2,2,3,4,2,87,35,35,34,18,14,20,,6,9,14,24,24,21,,38,42,,12,4,5,5,5,47,46,42,15,20,18,10,6,8,10,15,35,26,35,26,28,34,26,48,53,32,24,10,5,8,3,26,12,18,21,10,40,36,34,30,33,45,28,32,30,32,22,23,6,10,15,9,2,24,27,26,32,38,20,20,13,12,18,19,15,11,20,17,11,5,36,32,35,27,26,27,22,90,54,59,71,41,35,44,50,25,33,30,28,38,32,39,28,62,31,34,32,48,40,35,,34,42,38,20,42,68,61,68,43,78,,38,39,,48,49,44,36,44,58,39,41,,42,65,68,58,64,64,41,26,43,56,55,,,,,54,44,30,36,9,23,22,,27,79,86,38,40,85,86,79,66,65,69,65,75,68,,57,60,42,29,63,,80,89,64,64,38,52,79,89,50,69,87,81,64,80,51,,66,,64,64,54,41,40,53,55,54,55,61,21,20,18,74,,,73,66,68,69,76,74,71,65,94,83,68,64,81,64,42,70,62,89,,71,60,73,,,72,70,100,70,70,57,42,46,77,75,78,68,87,57,22,26,36,37,84,42,38,38,31,56,37,66,78,,68,62,76,18,11,21,52,40,98,37,30,38,71,42,62,9,42,30,43,6,47,62,42,58,28,40,45,20,27,25,32,20,26,29,38,24,68,60,59,58,36,27,39,28,66,46,23,59,49,7,45,54,35,48,51,8,2,14,29,4,31,34,38,6,13,21,9,31,24,8,20,8,62,,35,7,33,12,98,24,30,46,70,49,16,59,52,64,14,25,45,6,44,44,48,3,20,5,101,39,30,32,34,29,60,76,68,28,10,16,41,16,19,16,17
20171215,21,O3_8h_24h,60,68,35,53,54,59,69,62,63,53,58,60,,,54,,55,59,59,,46,52,53,,53,49,,16,9,11,5,7,7,48,56,57,56,60,54,59,44,40,35,,26,12,,16,,34,21,26,30,30,22,69,,69,70,75,60,54,70,67,63,59,62,,55,44,50,50,22,26,26,21,16,18,16,52,,66,59,54,47,46,58,50,66,65,68,69,64,71,67,57,55,38,49,,58,55,38,28,36,,56,65,55,56,56,61,63,61,58,57,72,42,44,13,34,34,59,62,45,59,63,72,52,81,,44,50,28,30,36,90,57,58,47,50,45,55,49,42,54,66,56,64,25,34,25,30,34,24,36,38,28,30,26,19,21,25,20,34,39,54,58,51,50,51,3,,,,4,6,,10,6,14,,26,32,43,,27,25,23,36,24,28,27,32,28,,,,28,40,,41,39,29,44,44,,43,36,30,22,23,16,48,40,,34,,12,14,13,7,11,31,5,2,3,4,4,7,6,7,12,23,45,45,,21,29,25,18,22,7,20,12,16,,,31,,26,22,,34,30,24,80,82,64,,9,11,20,25,19,8,11,24,16,19,26,35,25,27,48,22,21,30,52,,53,,39,32,48,66,,14,,29,23,20,13,32,,21,13,16,5,12,20,17,15,13,35,5,10,5,17,16,21,19,10,13,18,13,14,12,14,22,11,17,,16,12,16,14,24,10,13,25,28,10,22,10,23,13,13,15,22,14,16,8,14,,8,22,16,16,12,19,12,23,87,80,75,62,95,100,60,87,108,75,90,68,60,77,56,8,11,6,12,12,9,14,13,15,21,26,20,19,18,19,18,42,40,32,44,40,60,62,61,69,94,13,13,10,15,14,16,12,20,30,19,11,16,78,104,62,71,70,45,,39,34,30,22,30,21,16,,,39,24,42,28,26,,42,60,49,36,,,47,73,24,26,25,28,22,14,23,10,22,87,65,92,80,84,75,72,89,80,92,78,,,53,43,30,54,42,57,54,60,55,51,51,42,36,81,71,79,80,71,80,,48,81,68,,,,68,45,11,14,35,21,20,,48,22,13,19,15,20,8,9,9,6,8,48,10,19,34,64,72,64,70,61,61,72,66,68,79,70,80,75,71,64,47,36,41,42,57,60,56,65,66,55,65,61,61,59,71,,13,,12,8,13,10,30,,30,24,,20,29,29,28,15,17,16,28,11,27,22,11,9,21,33,61,43,45,52,48,,23,,20,,18,22,21,33,23,26,8,25,30,33,46,54,42,23,30,22,,31,27,29,25,19,75,80,82,64,82,88,47,42,42,44,42,38,76,36,41,35,22,23,15,90,91,89,24,27,28,53,59,58,17,18,,83,97,,102,92,87,118,12,12,12,63,,,18,17,18,83,,53,65,73,56,79,73,,78,67,,56,56,59,56,58,36,41,40,41,33,74,46,46,56,,65,58,60,51,66,62,52,52,59,60,45,60,51,44,50,47,39,33,40,54,61,63,53,56,63,53,56,61,70,,76,50,42,47,44,50,44,40,58,56,53,53,32,38,38,35,12,15,13,18,26,26,30,26,71,13,16,18,20,18,6,21,88,30,54,,36,30,36,32,13,12,17,,2,,8,4,9,10,11,12,17,36,41,36,44,49,55,,71,34,10,10,19,14,17,28,30,13,13,22,22,30,16,,23,,,36,32,48,47,50,26,17,11,18,16,26,26,23,28,29,42,28,27,19,63,69,72,31,54,57,34,38,25,33,36,37,60,74,69,63,21,14,20,12,56,,,65,64,55,57,60,81,71,84,72,80,69,47,25,20,,24,38,40,45,53,46,55,81,62,81,64,83,23,70,80,76,80,50,58,71,53,64,56,44,36,40,46,72,68,74,62,,67,80,70,70,41,32,28,53,42,53,65,215,24,18,18,27,8,8,16,27,14,12,55,26,27,23,56,57,31,1,43,31,44,53,36,44,45,43,26,32,40,32,43,,33,41,,,60,52,41,25,30,31,81,25,28,52,32,38,22,52,57,36,29,,54,3,8,,,58,76,10,51,45,46,43,44,50,43,47,,53,74,66,58,66,68,75,77,71,76,63,64,75,67,,41,39,66,59,,71,69,58,64,56,62,,62,70,73,76,46,40,63,35,,70,45,75,81,,,54,63,59,59,89,92,92,63,53,61,61,61,54,51,48,49,42,,44,38,49,55,46,65,47,50,51,58,63,42,53,57,53,39,48,42,57,75,64,71,46,32,36,59,58,54,21,,39,58,54,66,31,36,48,50,43,48,29,65,26,48,43,60,57,56,76,75,46,46,31,60,50,28,32,42,,27,23,22,25,19,11,15,13,32,7,53,26,23,13,52,37,27,50,24,43,33,49,40,70,13,,13,18,22,24,35,25,32,31,50,51,,38,47,58,40,58,66,65,57,70,68,32,35,34,27,82,36,37,26,25,27,27,17,12,11,26,24,24,31,33,30,11,3,4,3,16,20,16,9,8,6,10,13,13,13,13,30,25,43,18,17,36,18,14,16,20,22,20,18,19,16,15,15,14,18,13,12,10,14,12,14,9,,10,5,9,10,,13,8,17,,18,28,36,21,24,30,35,37,36,44,48,49,61,44,42,51,40,9,7,6,7,8,87,40,36,35,24,18,22,,18,23,27,27,27,26,,38,42,,24,7,7,7,7,51,48,48,18,21,18,10,6,8,10,15,35,26,35,26,28,34,27,48,53,32,25,12,6,10,4,26,14,18,21,10,41,37,35,31,35,45,28,32,30,32,30,24,20,19,22,12,4,36,34,39,32,38,20,23,17,13,19,22,22,15,24,19,14,9,39,35,35,27,26,29,27,90,65,64,78,54,40,47,55,33,40,35,36,40,36,43,31,63,38,39,33,48,41,37,,36,43,38,20,54,71,84,74,56,108,,46,47,,52,56,56,41,51,59,47,53,,42,65,68,61,67,65,45,28,48,60,55,,,,,54,44,36,40,9,24,23,,36,84,86,38,44,92,100,95,75,79,75,72,76,70,,62,63,48,38,69,,80,90,67,65,38,58,84,94,58,73,87,82,70,84,55,,69,,69,64,54,46,41,56,74,64,68,69,28,22,20,80,,,75,74,74,72,78,78,72,72,98,84,69,69,84,75,52,70,62,89,,73,60,73,,,72,80,110,71,82,58,47,52,80,77,80,69,92,61,27,28,43,49,85,44,40,55,36,62,38,66,78,,70,68,78,20,12,24,54,65,110,40,38,38,71,58,64,14,51,40,47,8,47,62,48,60,31,43,45,20,27,37,34,20,26,29,43,24,74,64,59,60,56,50,40,30,67,55,23,59,55,7,51,62,52,65,61,21,5,20,38,6,32,34,39,7,16,25,11,34,26,30,35,25,62,,44,8,43,15,110,33,33,61,77,53,25,63,52,68,18,33,52,8,45,44,50,5,40,6,101,44,37,37,39,34,63,76,69,33,38,20,42,19,20,20,18
20171215,21,CO,0.2,0.2,0.2,0.3,0.2,0.3,0.2,0.1,0.2,0.4,0.3,0.4,,,0.5,,0.2,0.4,0.3,,0.9,0.5,0.7,,0.6,0.5,,2.3,2.1,2.2,2.7,2,1.6,0.6,0.7,1.2,0.8,1.4,1,0.8,2,2.7,1.2,,2.5,2.4,,2.7,2.7,2.5,2.3,2.9,2.7,2.9,2.2,0.4,,0.3,0.6,1,0.1,0.7,0.3,1.1,0.4,0.3,0.1,,,1.2,0.6,0.7,2.1,2.3,1.9,2.8,3.2,3.1,2.7,0.2,,0.7,0.9,0.5,0.4,0.5,0.5,0.4,0.7,0.6,0.5,0.5,0.7,0.6,0.2,0.9,0.4,2.1,2.4,,1.7,0.8,1.1,0.6,0.8,,1.2,0.4,0.7,0.9,0.8,0.8,1,0.7,,0.7,0.8,1.3,1.5,1.4,0.8,0.8,0.6,1.8,0.9,0.7,0.7,1.2,1.6,1.1,,1.1,0.8,1.2,1.2,0.9,1.1,1.2,3.6,0.5,1,0.8,0.6,0.6,0.6,1,0.6,0.7,0.5,0.4,0.7,0.2,0.9,0.7,0.9,0.6,0.2,0.6,0.9,0.9,1,0.7,0.7,0.6,0.4,1.2,1,0.9,1.1,1.1,1,2.4,,,,1.1,1.2,,1.2,0.9,0.9,,0.9,0.6,0.7,,1.4,1,1.5,1.3,1.2,1.1,1.1,1.1,1.2,,,,0.7,0.8,,0.4,0.6,0.6,1.1,1.2,,0.9,1.2,1.3,1.1,1,1.2,1.5,1.1,,1.3,,1.6,1.9,1.8,1.1,0.8,0.6,0.7,1,0.9,1,0.9,0.7,0.7,0.6,0.9,0.6,0.4,0.6,,0.5,0.6,0.5,0.5,0.4,0.6,0.7,0.7,0.9,,,0.8,,0.8,0.6,,0.8,0.8,0.9,0.7,0.7,0.7,,0.9,0.7,0.6,0.6,0.8,0.9,0.9,0.9,,0.6,1,0.6,0.7,0.6,0.5,0.6,0.4,0.4,0.6,,0.8,,0.7,0.6,0.3,0.6,,0.8,,0.9,1,0.8,1,0.7,,1.4,1.5,1.8,1.3,1.1,1.3,1.2,1.4,1.4,1.5,1.7,1.4,1.7,1.8,1.7,1.7,1.7,2,1.9,2.2,2.4,2.9,2.6,2.1,2.7,2,2.7,,0.9,1.2,0.9,0.8,1,1,0.9,0.8,1.3,1.2,0.9,0.7,0.8,1,1.1,1,1.1,1.1,0.7,1.4,1.4,,1,1.1,1.3,0.9,1.3,1,1,1,1.1,1.2,1.1,1.3,0.6,0.7,1.2,0.7,0.7,0.5,1.1,1.1,1.3,1.2,1.1,0.9,1.2,1,1.3,1.2,1.1,0.9,1,1.4,1.3,1.2,1.5,1.1,1.1,0.9,1,1.7,1.4,1.4,1.4,1.4,1,1,1.2,1.3,1,1.1,1.3,1.1,0.6,1,,1.4,1.5,1,1,1.2,1.4,0.5,0.6,0.6,0.6,0.8,0.8,,1.4,0.9,1.1,1.2,1.1,1,0.8,,,1,1,0.9,1,1.1,,1.2,1.2,1.1,1.2,,,1.3,0.6,0.9,0.9,0.9,0.9,0.7,1,1,0.9,1.1,1.1,1.1,0.6,1.1,0.8,1,1.1,1,1.4,1.1,1.1,,,1.7,2.7,3.3,1.5,1.7,1.5,1.3,,2.3,3.3,2.4,2.6,1.8,0.3,0.4,0.5,0.3,0.6,1.7,,1.2,1.2,0.1,,,,1.4,1.3,1.1,1.3,1.3,0.9,1.2,,1.6,0.7,,1,0.9,1,0.9,0.8,0.8,1,1,0.7,0.8,0.9,0.7,0.5,0.5,0.4,0.7,0.4,0.4,0.1,0.6,0.4,0.5,0.4,0.5,0.9,0.8,0.6,1.1,0.8,0.9,0.9,0.7,0.6,0.5,2.3,2.4,3,3.7,,0.8,0.6,0.6,,2.6,,2.6,2.4,2.5,2.7,1.9,,1.5,1.5,,1.5,1.3,0.8,1.4,1.9,2.1,2.8,3.3,2.3,2,1.1,0.7,1,1.2,1.3,0.4,0.7,0.3,0.6,0.5,,2.1,,2.1,,2.1,1.4,1.7,1.4,1.3,1.3,1.8,1.4,1.4,1.2,0.3,0.3,0.3,2.3,2.4,2.2,,1,1,1.1,1.3,1.2,1.1,0.8,0.6,1.4,0.6,0.8,1.2,1.1,1.3,1.1,1,1.3,1.2,1.7,1.7,1,0.8,0.8,0.8,0.8,0.9,0.7,1,0.7,0.9,1.1,1.3,1.5,1.2,1.1,,0.9,1.1,,0.9,1,1.4,0.9,0.9,1.1,0.8,0.8,,,2.9,1.9,2.5,2.2,,0.9,0.7,0.7,0.7,1.1,1,,1,1,,0.7,0.2,0.8,0.7,0.6,0.1,0.4,0.4,3.5,0.6,0.8,0.7,1.3,0.7,,2.1,1.8,3.1,2.4,3.2,0.9,0.8,1.9,2,2,1.4,1.1,2.1,1.5,1.8,1.1,1.7,1.8,1.8,2.2,1.6,2.7,0.4,0.7,1,1.1,2.2,1,1,,0.5,1.1,1.1,2,2.2,2.1,0.7,0.4,0.5,0.7,0.5,1,1,1.1,0.6,1,1.2,0.6,0.7,1,0.9,0.5,1,0.7,0.7,0.9,1.4,1,1.5,0.7,1.1,1.2,0.9,2.2,2.5,,2.6,3.2,3.4,3,2.4,2.6,2.8,,2.9,,2.2,2,2,3.2,3.9,3,2.5,1.9,1.9,2,2.4,1.1,0.6,,0.6,1.8,1.4,2,2,1.6,1.7,1.7,1.8,1.1,1,1,1.3,1.1,1.1,,1,,,1.4,1.9,,1.3,0.8,0.9,1,1,0.9,0.9,1,1.4,1,0.9,1,1.1,1.3,1.1,1.2,0.6,0.5,1,1.1,1.2,1.4,0.9,1.2,1.1,0.8,1.3,1.1,2.6,1.3,2.9,1.1,0.8,0.9,1.5,0.5,1,,,0.9,1,0.9,1.1,0.9,1,1.1,1,1,1.1,1,1,0.7,1,,1,1.4,1.3,1.4,1.5,1,1.4,0.9,2.2,1.7,3.5,1.1,0.8,1.1,0.9,0.7,1,1.7,2.4,0.9,2.5,1.1,1.4,1.2,2.3,1.1,1.7,0.4,0.4,0.3,0.6,,0.6,0.2,0.3,0.2,0.9,0.8,0.8,0.7,1.2,2.4,1,0.7,2.4,2.8,2.5,3.1,1.8,1.2,1.6,1.6,2.1,1.7,0.4,0.3,1.4,0.5,1,1.4,1.1,0.5,0.5,0.5,0.6,0.5,0.5,0.8,0.3,0.7,0.9,0.8,1,0.6,0.5,0.7,0.8,0.7,,0.5,0.5,1,0.6,0.7,1.1,0.9,0.7,1.2,1.2,1.1,1.2,0.5,0.5,0.6,0.6,0.5,0.6,,0.6,0.4,0.5,,,0.6,0.7,0.8,1.4,1.2,1.6,1.3,1.8,1.9,1.7,1.5,,1.2,1,0.7,0.9,1.1,0.4,0.6,0.6,0.5,0.8,0.7,0.7,0.5,0.9,,0.2,0.7,0.8,1.1,,0.7,0.7,0.6,1,0.8,0.5,,,0.6,0.4,0.3,0.3,0.8,0.7,0.9,,0.6,0.8,0.4,0.3,,,0.5,0.2,0.8,0.5,0.5,0.5,0.4,0.4,0.4,0.4,0.3,0.5,1.6,2.4,1.2,4,0.9,,0.7,0.4,0.5,0.8,0.6,0.5,1.2,1.1,1.2,1.5,1.7,1.5,1.2,0.7,1.3,0.8,1.1,0.5,0.3,0.8,0.8,0.8,0.4,1.8,1.9,1.2,,1.1,0.9,,0.8,1.1,1.1,0.8,0.7,0.9,0.4,1.5,0.7,1.1,1.2,0.8,1.2,0.5,1,0.9,0.7,0.7,1.2,0.9,0.5,0.7,0.9,1.1,1,1,1,1,,0.6,0.8,0.7,0.9,0.7,0.9,1,1.3,0.7,0.7,0.6,0.7,0.5,0.6,0.5,0.6,0.6,0.5,0.7,0.7,1,0.4,0.5,0.5,0.9,,1.2,1.4,1.6,1.3,0.6,0.6,0.7,0.7,0.8,0.9,,0.6,0.6,0.7,0.8,0.7,0.8,0.5,0.5,0.5,0.4,0.8,0.7,0.7,0.6,0.5,0.5,0.6,0.4,0.9,0.9,1,0.7,0.8,1.5,1.8,0.4,0.7,1.2,0.8,0.7,1,1.8,1.3,1.3,1.2,0.7,0.9,1.1,1.1,1.3,0.3,0.6,0.6,0.6,0.6,1.5,1.5,1.4,1.2,1.6,0.8,0.8,0.8,0.9,1.6,2,1.8,1.7,2.1,0.6,0.8,0.6,0.9,0.5,1.1,0.8,0.9,1.3,2.7,2.8,2.4,,2.5,1.8,,2.5,,2.4,2.3,2.7,,3,1.7,1.7,1.6,2,3.1,2.9,3.3,2,2.5,1.8,,1.6,1.6,1.5,,1.4,1,1,1.5,1.1,1.1,1,1.8,1.4,1.8,,2,1.2,,1,1.1,0.9,1.3,1.4,1.5,,1.2,1.2,,0.7,0.8,1.4,1.4,1.4,1.7,1.4,1.5,1.3,1.2,0.6,1.3,1.4,0.9,1.1,1.4,0.8,1,0.7,0.8,1,1.3,1.9,1.7,1.8,1,1.2,1.4,1.6,1.3,1.5,0.9,0.8,0.6,0.7,0.8,1.3,0.9,1.2,0.9,0.9,0.9,1.2,1.1,1.7,1.6,0.7,0.3,0.6,1.3,1.2,1.2,1.3,1.1,0.9,1,1.3,0.6,1.1,0.8,0.7,1,1,1.1,1.3,1.5,1.3,1.4,0.8,1,1.1,1.7,0.9,1,0.9,1.3,1.1,0.6,0.9,0.8,0.8,1.1,1.2,1,0.9,1.2,1,0.7,0.8,1.1,1.2,1,0.8,0.7,0.5,0.9,0.4,0.9,0.9,1,,0.8,1.1,1.3,1.5,1.4,1.2,0.5,1,0.9,0.8,,0.8,1.1,,1.1,0.9,1.1,1,1.2,0.7,1.6,0.8,,0.7,0.9,0.9,1,1,1.1,0.9,1.1,1.2,1.5,0.8,,,,,1,0.7,1,1,1,1.6,1,,0.9,0.6,0.8,1,1.1,1.1,0.9,1,0.6,0.5,1.2,1.8,0.8,1,,0.4,0.5,1.3,1.2,0.7,,0.8,0.9,0.8,0.9,1.1,1.3,0.5,,3.1,2.9,0.5,1.2,1.6,1,3.4,,0.5,,0.4,0.3,1.1,1.6,1.2,1.3,0.8,1.9,1.1,1,,2.1,1.4,1,,,0.5,0.6,0.5,1.7,0.4,0.8,0.4,0.1,0.1,,0.7,0.6,0.6,0.7,0.7,0.5,0.7,0.2,,1.4,1.5,1,,,1.7,2.5,0.9,0.6,0.9,0.2,0.6,0.6,0.5,0.9,0.5,0.6,0.7,0.3,8.4,6,3.4,4.4,0.6,1.6,1,0.7,1.3,1.2,1.5,1.2,1,,1.6,3.1,,2.9,1.7,1.4,,0.2,0.9,0.6,0.9,0.9,1.5,0.8,1.2,1.3,0.8,1.2,0.5,2.2,0.7,0.5,2.2,0.7,0.7,0.8,0.4,0.6,0.9,1,0.7,2.4,2,1.5,1.2,0.8,0.7,1,0.3,1,0.9,0.8,0.8,0.8,0.8,1.2,0.5,0.3,0.7,0.7,1,0.8,1.1,2.5,1.7,0.7,0.7,1.8,1,3.4,0.8,0.9,1,1.2,1.4,2.7,2.4,1.1,1.2,1.1,1.1,0.9,0.5,,0.4,2.6,2.6,1.1,1.2,0.9,0.9,1.9,0.3,0.4,2.6,0.5,0.9,0.9,0.8,0.5,0.5,2.2,0.4,0.9,0.5,1.8,1.1,2.1,0.5,1.6,1.1,1,0.9,0.9,4.4,1.1,0.3,1.1,1.3,2.9,0.9,1.9,4.2,,2.5
20171215,21,CO_24h,0.9,0.7,0.9,1,1,0.9,1,1.1,1.2,1,1,1.2,,,1.3,,0.6,1.1,1,,1.6,1.1,1.2,,1.2,1.1,,2.1,2.3,2.6,2.3,2,1.6,1.3,1.4,1.9,1.3,1.7,1.6,1.4,2.4,2.4,2.2,,2.7,2.2,,2.2,2.3,2.4,2.3,2.7,2.7,2.7,2.3,0.4,,0.3,0.7,0.9,1.1,1.7,1.2,1.8,1.1,0.9,0.9,,0.7,1.3,1,1,1.9,2,1.8,2.5,2.6,2.5,2.4,2.1,,2.4,2.7,2.3,2.2,2.1,2,2.4,0.8,0.6,0.5,0.6,0.6,0.6,0.3,1,1.6,2.1,1.8,,1.8,1.8,2.1,1.8,1.6,,1.7,1,1,1.2,1.2,1.2,1.1,1,1.1,1.3,0.9,1.2,1.2,1.4,0.7,0.8,0.9,1.2,1,0.9,0.9,1.1,1.3,1.4,,0.6,1.2,0.7,1.1,1.2,1,1.4,2,0.4,0.9,0.7,0.6,0.8,0.8,0.8,0.6,0.6,0.4,0.4,0.7,0.2,0.8,0.6,0.8,0.9,0.2,0.5,0.9,0.9,0.9,0.6,0.7,0.6,0.3,0.9,0.8,0.6,0.9,0.9,0.7,1.6,,,,1.6,1.4,,1.3,1.2,1.2,,0.7,0.3,0.5,,0.8,1,1.2,1,1.1,0.9,1.1,1,1.2,,,,0.9,0.7,,0.3,0.4,0.5,1,0.7,,0.7,0.8,1,0.8,0.6,0.9,1.1,0.7,,0.8,,1.6,1.5,1.4,1.2,0.9,0.7,0.8,1.2,1.1,1,0.9,0.7,0.7,0.6,1.1,0.8,0.8,0.8,,0.7,0.9,0.8,0.5,0.5,0.6,0.8,0.7,1.1,,,0.7,,0.8,0.7,,0.7,0.8,0.9,0.7,0.7,0.7,,1,0.7,0.7,0.6,0.8,0.9,0.9,0.9,0.6,0.6,1,0.6,0.7,0.6,0.6,0.7,0.5,0.4,0.7,,0.8,,0.7,0.6,0.3,0.4,,0.8,,0.9,1,0.9,1,0.8,,1.4,1.5,1.8,1.7,1.6,1.7,1.5,1.6,1.5,1.6,1.4,1.2,1.2,1.3,1.2,1.2,1.3,1.5,1.6,1.7,2,2.1,2.2,1.7,2.1,1.5,2.1,,0.9,1.1,0.9,0.7,1,0.9,0.9,1,1.2,1.1,1,0.9,0.9,1.1,1,1.1,1.1,1.1,0.7,1.4,1.3,,0.9,1,1.1,0.8,1.2,1,1,0.9,0.7,0.8,0.8,0.8,0.7,0.6,0.8,0.6,0.7,0.6,0.8,1,1.1,1,1.2,0.9,1.3,1,1.3,1.1,1.1,1.1,1,1.4,1.2,1.1,1.4,1.2,1.2,1,1.1,1.2,1.2,1.2,1.3,1.3,1.3,1,1.3,1.3,1,1.1,1.4,1.2,0.8,0.9,1.3,1.3,1.5,1.2,0.9,1.2,1.4,0.5,0.5,0.4,0.4,0.6,0.8,,1.1,0.8,0.8,1.1,0.9,0.8,0.8,,,0.8,0.9,0.8,0.9,0.9,,0.8,0.8,0.8,0.9,,,0.9,0.7,0.9,0.9,1,0.9,0.7,1,1,0.9,1.1,1,1.1,0.8,1.2,0.8,1.2,1,1,1.8,1.2,0.6,,,1.9,2.5,2.3,1.3,1.8,1.8,1.9,1.8,2.3,1.9,1.8,2.2,1.9,0.9,1,1,0.8,1.4,1.4,,1.4,1.4,0.4,,,,1.2,1.1,1.3,1.3,1.5,1.1,1.2,,1.7,0.8,1,0.9,1,1,0.9,0.8,0.8,1,1,0.8,0.7,1,1.2,0.4,0.6,0.4,0.6,0.4,0.3,0.7,0.8,0.6,0.7,0.7,0.4,0.6,0.9,0.5,1.2,1.1,1.2,1.2,1.9,1.9,1.3,2.1,1.7,1.5,2.1,0.5,0.7,0.5,0.6,,2.5,,1.5,1.3,1.6,1.7,1.8,,1.8,1.6,,1.3,1.9,1.4,2,2.6,2.9,2.6,3.4,3.1,3.2,1.3,1,1.1,1.2,0.8,1,1.3,0.8,1.2,1.3,,1.5,,2.2,,1.6,1.2,1.5,1.2,1.7,1.3,1.4,1.5,1.2,1,0.8,0.8,0.8,2,1.7,1.6,,1,1,1.1,1.2,1.4,1,0.8,0.6,1,0.7,0.9,1.1,1,1.1,1,0.9,1.2,0.9,1.7,1.4,1,0.9,1.1,0.9,0.9,0.9,0.7,1,0.9,1,1,1.1,1.3,1.2,1.2,,0.9,0.9,,1,1,1.1,1,0.9,1,0.8,1,,,2.9,2.1,2.7,1,,0.5,1.2,0.8,1,1.8,1.8,,1.9,1.9,,3.3,1.9,2.4,2.7,3,1.9,1.1,1.7,3.5,2,1.5,1.3,0.9,1,,2,2,2.3,3.2,2.7,1.6,1.1,1.4,1.3,1.1,1.1,1,1.7,2.4,3,2.7,1.9,1.9,2.1,1.2,1.7,1.4,1,1.1,1.2,1,1.9,1.4,1.2,,0.9,1.1,1.1,1.2,1.1,1.2,1.2,1.1,1.3,1.5,0.8,1.1,1.1,1.5,0.8,1.1,0.8,0.9,0.7,0.9,0.8,0.5,0.9,1.2,0.8,0.7,1.1,0.6,1.2,1,0.6,0.6,0.5,2,1.7,,2,2.2,2,1.8,2.5,2.5,2.5,,2.8,,1.9,1.8,1.8,2.3,2.6,2,2.3,1.6,1.6,1.7,1.6,1.6,1.4,,1.2,1.5,1.2,1.5,1.7,1.2,1.2,1.5,1.4,1.2,1,0.9,1.1,1.2,1,,1.1,,,1.4,1.7,1.6,1.2,0.9,0.8,1,0.9,1,0.9,0.9,1.4,1.1,1,1.1,1.6,1.3,1.3,1.2,0.5,0.5,0.9,0.9,1,1.2,1,0.9,1,0.9,1.1,1,4.8,1.8,2.3,1.9,0.7,0.7,0.9,0.4,0.9,,,0.7,0.9,0.7,0.9,0.8,0.8,1,0.8,0.8,0.8,0.8,1.1,0.7,1.1,,1,1.2,1.2,1.8,1.8,1.3,1.7,1.5,2.2,1.7,2.1,1.5,1.7,2.4,1.9,0.9,1.5,1.5,2,1,2,1.5,1.8,1.8,1.6,1.3,1.6,0.4,0.4,0.3,0.5,,0.8,0.5,0.6,0.5,1,0.7,0.7,0.8,1.2,2.4,2.8,1.1,1.6,2,1.9,1.8,1.7,1.5,1.3,1.3,1.8,1.5,1.7,1.1,1.6,1.4,1.3,1.7,2.2,1.5,1.2,1.1,1.2,1.3,1,1.4,1.3,1.5,0.9,0.9,1,0.5,0.4,0.6,0.7,0.6,,0.4,0.3,0.8,0.6,0.6,0.9,0.9,0.7,0.9,1.1,1.1,1.2,0.6,0.7,0.4,0.4,0.5,0.6,,0.8,0.4,0.5,,,1.2,0.9,0.8,1.5,1.4,1.7,1.5,1.5,1.5,1.4,1.2,,0.8,0.6,3.3,3.1,2.8,2.5,2.6,3.1,0.8,1.1,1.1,0.6,0.8,2.9,,2.1,2.4,1.8,2.1,,1.5,1.6,1.9,2.1,2,1.3,,2,0.6,0.5,0.8,0.6,1.2,0.6,0.9,,0.8,0.5,0.4,0.3,,,0.6,0.2,1,0.4,0.6,0.5,0.3,0.8,0.6,0.6,0.7,0.9,1.7,2,1.7,2.8,1.3,,1.1,0.8,2.2,1.8,2.5,1.7,1.1,1.2,1.3,2,1.2,2.3,1.8,1.6,1.7,1,1.1,1,0.5,1,1.1,1,0.7,1.5,2.5,1.1,1.6,1.4,3.2,,1.4,0.9,0.9,0.5,0.7,0.8,0.4,1.2,0.8,1,1.1,0.6,1.9,1.1,0.6,0.8,0.7,0.7,1.6,1.4,0.8,0.7,0.5,0.7,0.6,0.6,0.7,0.6,,0.6,0.5,0.5,0.6,0.6,1,1,1.4,0.8,0.8,0.7,0.9,0.7,0.8,0.4,0.6,0.6,0.5,0.6,0.6,0.6,0.5,0.4,0.5,0.8,,1,1,1.1,1,0.6,0.6,0.7,0.7,1.1,0.8,,0.6,0.6,0.7,0.8,0.7,0.7,0.5,0.6,0.5,0.4,0.8,0.8,0.8,0.6,0.4,0.5,0.7,0.5,0.7,0.7,0.9,0.7,0.7,1.2,0.9,0.3,0.7,0.7,0.8,0.6,1.1,1.6,1.2,1.2,1.2,0.7,0.6,0.7,0.8,0.9,0.4,0.5,0.7,0.6,0.7,1.5,1.5,1.5,1.3,1.6,0.7,0.7,0.8,0.8,1.2,1.2,1.2,1.1,1.5,0.6,0.7,0.6,0.8,0.5,1.1,1,0.8,1.3,2.9,2.6,2.3,,2.3,1.6,2.3,2,,2,1.9,1.9,,1.9,1.4,1.4,1.3,1.7,2,1.7,1.8,1.7,1.8,1.5,1.4,1.2,1.3,1.3,1.1,1.2,0.8,0.8,1.1,0.9,0.9,1,1.3,1.4,1.5,2,1.6,1.2,,1,1.1,0.7,1.2,1.3,1.3,,1.3,1.3,,0.4,0.9,1.3,1.4,1.3,1.3,1.3,1.3,1.3,1.1,0.7,1.3,1.5,1,1.2,1.5,1,1.1,0.9,1,1.1,1.4,1.9,1.6,1.6,1.3,1.2,1.3,1.5,1.2,1.6,0.9,0.8,0.7,0.6,0.9,1.2,1.2,1,0.7,0.7,0.6,1.3,1.2,1.8,1.8,0.3,0.2,0.4,1.3,0.9,1.3,0.9,1.1,0.9,1,1.2,0.7,1.1,0.9,0.7,1,1.1,1.1,1.2,1.4,1.1,1.2,0.8,1,1,0.9,1,1,0.9,1.2,1,0.6,0.8,0.7,0.9,0.8,0.8,0.8,0.7,0.7,0.7,0.4,0.4,0.7,0.8,0.8,0.9,0.5,0.3,0.5,0.2,0.8,0.9,0.9,,0.8,0.8,0.9,1.1,1,1,0.7,0.7,0.9,0.7,,0.8,1,,0.9,0.8,0.9,0.6,0.8,0.5,1,0.6,,0.7,0.9,0.8,1,1,1.3,0.9,1.2,1.2,1.3,0.8,,,,,1.4,1.2,1.1,1,1,1.4,1,,1,0.8,0.9,1,0.8,1.1,0.9,0.8,0.5,0.6,0.8,1.4,0.9,1,,0.4,0.5,1.1,1.1,0.7,,0.7,0.9,0.8,1,0.8,1,1,1,1.9,2.3,0.8,1,1.5,1,2.1,,0.5,,0.4,0.3,1.2,1.5,1.3,1.4,1,1.2,1,1,0.9,1.2,0.9,0.9,,,0.5,0.9,1.5,2,0.4,0.7,0.3,0.1,0.3,0.3,0.7,0.6,0.7,0.8,0.7,0.9,1,0.5,,2.3,2.2,1.2,,,1.5,1.9,0.9,0.8,1,0.2,0.4,0.5,0.5,0.8,0.4,0.8,0.7,0.3,3.3,3.7,3,3.4,0.7,2.7,1,0.7,1.4,1.6,1.5,1.8,1.6,,2.8,3.1,2.2,2,2,1.6,0.1,0.2,0.6,0.9,0.9,1.1,2.5,0.6,2.2,1.2,1.4,1.4,1.1,2.5,2.4,0.8,1.7,1.6,0.4,0.4,0.6,0.6,0.8,0.6,0.7,1.6,1.5,1.7,0.9,0.8,2.6,1.4,1,1.1,1.9,1.5,0.7,0.8,0.6,0.9,0.6,1,0.7,0.8,1.7,0.8,0.9,2.6,1.7,1,0.7,1.3,0.7,1.8,1.1,1.1,0.5,1.5,1.5,1.3,1.8,1.2,1.2,0.9,0.8,0.8,2.7,,1,2.1,1.8,1.1,1,0.8,0.9,1.2,0.3,0.5,1.7,0.5,1.4,1.5,0.8,0.5,1,2.2,0.6,1.8,0.6,1.9,0.6,2,0.5,1.8,1,0.9,0.8,0.9,1.6,1.4,0.3,2.1,1.2,1.8,0.7,1.6,1.6,1.3,2.4
20171215,22,AQI,36,23,58,60,45,45,29,24,27,27,38,29,,,61,,30,30,40,,35,52,39,,44,29,,212,236,240,224,219,224,58,54,59,57,77,59,57,63,48,87,,69,271,287,268,261,156,252,265,293,258,246,42,,53,46,72,20,48,28,46,22,39,45,,37,74,75,68,176,226,212,239,258,308,238,44,,64,36,43,65,61,54,68,56,54,34,61,53,35,64,39,55,50,95,,90,52,65,52,62,,69,41,40,41,44,48,41,30,69,48,46,54,62,73,60,58,38,78,54,47,54,79,113,93,,65,58,188,133,109,103,162,246,48,39,42,38,48,43,39,36,40,36,52,48,59,54,70,73,46,68,69,53,65,42,48,74,57,54,72,82,110,68,73,70,196,,,,227,218,,170,231,228,,134,103,122,,57,82,58,68,70,68,97,80,77,,,,78,100,,124,122,113,77,85,,92,118,112,107,95,119,108,114,,74,,201,155,206,33,37,18,52,33,36,46,38,41,50,29,15,19,19,19,,18,22,19,40,30,30,39,52,31,,,28,,45,48,,24,24,25,24,23,21,,34,35,24,30,26,17,21,29,26,43,30,35,35,39,23,26,33,42,14,,21,,22,24,15,45,,19,,12,20,45,24,14,,29,117,100,125,93,115,87,117,114,77,147,138,110,104,102,110,147,103,254,256,289,265,,268,260,256,289,109,92,102,107,127,119,244,102,100,153,73,87,88,94,77,87,90,82,82,105,47,43,,46,46,38,30,36,19,35,26,78,72,68,69,45,65,72,35,54,49,78,60,75,59,58,42,39,40,37,54,23,21,21,52,51,39,56,36,26,45,28,43,49,40,38,43,48,42,50,48,50,32,26,12,19,29,22,32,30,19,23,29,27,35,51,57,46,53,73,,92,102,110,107,78,110,118,,,85,103,95,97,89,,109,117,97,119,,,99,56,52,56,51,49,69,64,53,51,52,72,56,29,78,55,65,84,56,,29,64,,,160,135,159,93,102,120,155,132,162,101,161,117,122,51,55,42,48,54,73,,89,86,38,,,,53,60,110,133,108,118,115,,62,82,90,93,92,93,65,65,66,67,67,48,60,69,79,73,78,61,60,90,87,83,67,57,57,68,42,68,59,46,52,39,36,53,34,29,51,128,163,102,137,58,60,58,42,,220,,172,200,225,182,99,,72,103,,165,74,65,73,95,94,152,119,125,92,117,221,156,201,199,42,44,49,21,40,,175,,175,,166,170,172,196,149,137,206,175,186,183,23,33,27,140,125,134,,18,20,20,15,22,33,32,26,50,34,46,36,30,49,48,30,42,57,45,50,45,15,16,28,29,31,36,17,20,15,88,94,77,15,13,,48,52,,62,50,57,75,26,23,14,53,,,196,203,224,36,,51,80,,53,148,125,,125,149,,27,18,20,20,22,44,45,58,182,49,30,42,32,27,,55,63,124,134,208,160,36,176,169,104,130,80,179,46,134,55,84,68,93,241,236,257,37,39,43,57,128,55,72,,32,82,75,201,61,248,52,39,39,26,49,68,38,35,31,49,39,54,52,53,48,52,45,45,53,49,42,52,39,57,55,46,9,308,247,,278,286,238,255,296,293,301,,276,,190,178,190,293,306,292,259,244,248,219,241,53,45,,41,178,170,170,179,,127,142,147,110,78,84,78,85,150,,77,,,57,95,87,68,82,19,28,26,28,23,18,14,16,20,38,23,52,42,26,30,26,100,114,139,138,84,83,89,84,103,98,74,75,111,70,75,124,59,82,137,,,132,148,108,123,125,88,104,97,94,100,94,62,45,49,,54,53,51,112,102,110,100,57,138,100,103,39,40,35,38,109,84,170,124,109,241,119,143,127,186,147,207,35,19,22,53,,55,29,70,57,30,26,75,94,30,70,64,67,163,149,139,120,74,33,183,147,123,109,23,43,58,18,43,45,40,40,48,40,32,24,26,22,26,26,46,54,49,65,55,59,138,114,,107,80,59,108,80,87,87,97,55,58,72,72,63,62,60,90,25,28,,23,35,31,,,54,46,62,198,189,200,165,205,240,207,236,,64,86,54,53,48,59,51,52,49,60,57,56,28,42,,51,45,70,58,,71,54,43,25,22,30,,60,53,53,66,39,39,36,95,,47,61,52,35,,,18,19,19,20,44,62,49,31,29,19,20,18,69,134,98,192,82,,73,64,23,26,40,21,83,94,59,114,87,53,50,43,54,69,62,53,49,32,46,30,56,112,135,64,59,65,53,,74,104,110,107,65,73,50,125,87,104,75,90,103,59,73,34,,24,55,65,36,26,145,125,123,119,120,125,,110,124,129,95,102,149,162,192,33,53,57,42,49,39,32,30,30,30,26,21,22,40,54,52,129,,112,134,129,127,72,87,68,75,163,287,,33,35,46,45,43,18,18,16,29,18,15,15,15,15,15,12,10,36,30,22,20,15,20,40,30,15,10,15,18,21,36,72,83,72,69,32,33,38,35,32,20,18,16,20,23,29,33,32,28,26,29,30,28,50,58,58,65,62,59,32,38,36,39,30,25,37,20,33,176,202,202,,193,180,213,241,,242,243,233,,236,257,294,286,273,264,242,178,166,253,130,259,251,234,220,241,183,67,88,114,80,110,89,152,112,127,206,206,186,,60,85,84,162,140,150,,122,137,,83,77,72,67,82,150,159,155,83,74,70,72,69,72,73,74,38,69,52,72,67,69,77,100,50,54,22,28,47,29,21,49,85,58,70,88,79,39,49,57,54,28,60,52,48,53,62,59,59,32,25,32,36,12,26,20,23,19,29,22,25,26,16,15,22,19,63,52,36,19,31,85,28,29,29,26,18,47,56,32,63,160,107,80,101,110,77,78,107,70,87,88,83,89,91,92,105,78,103,115,,76,147,145,144,144,144,,89,92,92,,87,104,,68,75,88,85,104,50,107,58,,35,27,38,51,51,55,60,60,87,69,45,,,,,39,58,22,30,31,23,32,,38,54,30,45,72,56,52,38,33,56,80,53,28,42,,42,43,54,52,41,,51,52,65,57,63,66,61,,108,144,29,35,,45,306,,53,,23,47,125,155,158,88,29,47,37,28,132,145,183,90,,,30,58,59,52,37,59,49,48,47,52,57,64,54,57,52,56,49,47,,54,69,61,,,123,107,75,34,64,29,57,44,26,40,41,61,43,39,203,274,105,120,26,109,84,45,57,123,107,75,103,,135,86,99,135,149,114,34,20,65,40,62,42,64,59,124,35,55,34,51,207,47,68,166,29,132,135,17,55,32,132,108,211,180,133,134,26,75,59,46,74,61,63,94,38,59,72,23,37,70,48,32,57,56,63,74,65,32,179,68,208,87,103,112,238,207,152,210,89,148,87,98,104,22,,33,255,264,21,55,128,110,107,26,20,106,33,56,85,21,11,26,200,79,33,25,207,72,218,37,71,82,122,94,97,133,75,42,78,93,216,92,69,77,63,301
20171215,22,PM2.5,12,4,8,11,6,6,8,3,7,7,5,9,,,7,,19,4,14,,15,11,14,,16,12,,162,186,190,174,169,174,36,32,42,34,56,34,31,45,33,56,,43,221,237,218,211,119,202,215,243,208,196,18,,7,19,52,14,31,17,25,15,12,17,,15,42,50,42,133,176,162,189,208,258,188,12,,9,12,30,34,23,12,49,10,6,3,19,15,3,8,16,37,35,71,,67,34,43,32,44,,50,27,27,19,27,23,20,19,50,33,32,32,44,53,43,41,20,57,38,32,33,58,85,69,,47,41,141,101,82,77,123,196,33,27,29,26,33,30,27,25,28,25,36,28,42,38,51,53,28,49,50,37,47,28,33,54,40,38,52,60,83,49,53,51,147,,,,177,168,,129,181,178,,102,77,92,,40,60,41,49,51,49,72,59,56,,,,57,75,,94,92,85,56,63,,68,89,84,80,71,90,81,86,,54,,151,118,156,23,24,9,36,23,25,32,26,23,35,14,4,13,6,12,,3,15,7,28,12,17,27,36,19,,,19,,31,33,,13,15,17,16,9,11,,3,5,6,4,8,8,8,4,18,30,21,24,24,27,16,18,23,29,7,,9,,15,16,10,25,,13,,7,12,31,10,9,,5,88,75,95,69,87,64,88,86,56,112,105,83,78,76,83,112,39,204,206,239,215,212,218,210,206,239,82,68,76,80,96,90,194,76,75,117,53,64,65,70,56,64,67,60,60,79,29,24,,19,21,22,17,25,13,24,18,57,52,49,43,28,41,52,23,25,34,57,32,48,36,41,,22,25,21,26,10,12,9,36,34,27,36,25,18,31,19,30,34,28,26,28,33,29,35,33,35,22,18,7,13,20,14,19,11,13,14,20,13,17,26,40,31,27,53,,68,76,83,80,57,83,89,,,63,77,71,72,66,,82,88,72,90,,,74,27,36,39,33,34,50,46,37,32,33,32,27,20,23,30,45,49,34,,13,45,,,122,103,121,69,76,91,118,100,123,61,120,83,92,33,33,17,33,28,17,,66,53,8,,,,37,40,83,101,81,89,87,,44,60,67,69,68,69,47,47,40,48,48,33,37,44,58,24,5,18,20,24,23,13,17,2,11,9,29,49,33,32,29,23,25,24,16,19,12,97,124,76,104,28,31,33,29,,170,,130,150,175,137,74,,52,77,,125,53,47,53,71,70,116,90,95,68,88,171,119,151,149,17,23,34,11,9,,132,,132,,126,129,130,147,114,104,156,132,140,138,9,12,17,107,95,102,,9,9,4,3,15,23,21,18,35,22,32,25,21,34,33,18,29,25,26,35,17,8,11,19,20,16,19,9,14,10,65,70,56,9,4,,33,36,,42,27,35,55,18,16,8,16,,,147,153,174,20,,13,17,,18,113,95,,95,114,,11,8,14,9,6,26,29,41,137,34,9,21,20,14,,36,45,94,102,158,122,25,133,128,78,99,36,135,32,64,38,62,46,69,191,186,207,17,27,30,40,97,35,52,,20,60,55,151,24,198,36,21,27,18,34,49,24,19,19,34,27,38,36,37,33,36,31,31,37,34,29,36,27,40,39,32,5,258,197,,228,236,188,205,246,243,251,,226,,143,134,143,243,256,242,209,194,198,169,191,20,16,,14,134,129,129,135,142,96,108,112,83,57,62,57,63,115,,56,,,40,71,64,49,60,13,19,18,19,16,12,8,11,14,26,16,36,29,18,17,16,75,86,106,105,62,61,66,62,77,73,37,40,51,32,55,94,42,60,104,,,100,113,78,93,95,65,78,72,70,75,70,44,30,22,,38,37,33,84,76,83,75,40,105,65,77,27,28,16,17,82,62,129,94,82,191,90,109,96,140,112,157,24,10,10,30,,7,9,12,9,17,13,55,70,9,51,46,21,124,114,106,91,54,,138,112,93,82,4,23,31,10,30,26,17,28,9,24,21,14,18,7,11,9,32,38,34,47,39,,105,86,,80,59,42,81,59,64,64,72,39,41,52,52,45,44,43,54,14,18,,14,6,6,,,38,32,12,148,142,150,125,155,190,157,186,,40,46,27,23,26,17,21,17,17,19,14,16,19,29,,20,20,32,21,,28,30,19,17,9,21,,42,17,26,14,27,20,25,71,,20,36,13,12,,,12,7,7,9,28,44,34,11,17,5,7,7,46,102,73,144,60,,53,46,16,9,13,8,61,70,42,86,64,37,35,30,38,50,44,37,19,20,25,18,38,84,103,46,42,47,33,,54,78,83,80,47,53,35,95,64,78,55,67,77,42,53,16,,14,29,47,17,18,111,95,93,90,91,95,,83,94,98,71,76,114,123,144,20,37,40,29,34,27,22,21,21,21,8,5,8,28,38,36,98,,84,102,98,96,52,64,49,55,124,237,,18,24,32,31,30,10,6,11,20,5,10,10,10,10,3,8,7,25,21,15,14,10,14,28,17,10,7,10,8,12,25,52,61,52,50,22,23,26,24,19,9,9,11,14,13,20,23,21,19,18,20,21,19,35,41,41,47,44,42,22,26,25,27,21,17,19,14,23,133,152,152,,145,136,163,191,,192,193,183,,186,207,244,236,223,214,192,134,126,203,,209,201,184,170,191,138,48,65,86,59,83,66,116,84,96,156,156,140,,43,63,62,123,107,115,,92,104,,61,56,52,48,60,115,121,118,61,54,51,52,50,52,53,54,26,50,36,52,48,39,56,75,35,33,15,19,16,11,14,34,63,41,51,65,27,27,26,38,38,19,43,33,33,37,44,42,42,22,17,22,25,8,18,14,16,13,14,15,17,18,11,10,15,13,25,27,25,13,16,20,19,20,20,16,11,13,15,2,38,97,80,59,59,61,56,55,80,51,64,65,61,66,66,68,79,57,77,87,,48,112,111,110,110,110,,57,68,68,,64,78,,37,55,65,61,78,28,80,29,,15,18,26,30,34,39,43,43,64,30,19,,,,,27,41,13,21,14,14,19,,26,16,11,28,52,14,18,10,13,35,59,31,15,29,,29,30,34,25,24,,13,19,43,40,42,41,7,,81,84,13,13,,25,256,,9,,6,15,95,118,120,,12,22,20,13,100,111,138,67,,,11,41,33,36,23,42,12,33,10,18,36,43,25,40,25,27,26,23,,32,50,35,,,93,80,28,11,46,17,21,18,18,16,18,,20,27,153,224,79,91,4,82,62,27,40,93,63,55,77,,103,58,74,103,114,86,12,7,47,28,44,23,46,25,94,24,,14,7,157,26,36,126,20,100,103,8,39,22,100,81,161,136,101,102,18,33,22,14,54,41,45,70,26,42,52,16,16,51,33,11,38,28,45,54,47,12,135,49,158,64,77,84,188,157,116,160,66,113,64,73,78,12,,2,205,214,13,31,97,83,80,8,14,78,23,20,63,9,4,12,150,49,23,17,157,52,168,23,47,60,92,70,72,101,50,19,43,69,166,68,50,56,45,251
20171215,22,PM2.5_24h,55,22,38,42,38,39,40,46,49,30,36,41,,,68,,66,68,64,,65,66,68,,62,77,,166,176,220,144,171,165,98,57,71,58,62,63,62,65,62,70,,85,210,192,214,164,146,166,167,191,154,158,20,,6,19,28,37,52,47,45,35,59,64,,61,89,85,90,134,161,166,192,169,183,187,202,,164,217,177,203,180,173,220,8,6,3,16,9,4,12,11,76,94,87,,96,79,76,79,80,,96,49,52,49,52,42,43,44,65,54,26,49,62,71,60,60,42,66,66,61,60,112,84,67,,78,75,99,97,104,108,138,157,18,20,17,18,20,22,18,14,16,18,24,20,31,28,36,39,31,36,25,24,28,23,23,29,27,22,27,29,29,24,29,25,95,,,,142,130,,117,149,148,,46,33,41,,26,37,29,26,36,28,35,37,34,,,,33,40,,39,40,39,34,32,,37,65,54,57,52,66,47,46,,29,,107,87,105,25,31,9,33,26,28,43,33,26,37,20,43,34,43,35,,44,32,25,28,24,24,37,37,28,,,19,,26,32,,19,27,25,17,11,12,,28,42,19,17,18,22,19,27,27,28,25,25,28,30,27,27,26,31,8,,16,,16,16,6,17,,18,,11,17,30,16,10,,18,131,134,151,137,151,145,155,139,65,120,117,92,114,87,116,119,92,179,182,206,187,186,200,182,180,200,46,43,49,45,59,58,63,47,59,82,43,50,51,51,43,47,47,40,47,45,35,28,,24,28,29,21,28,21,29,21,49,41,41,36,28,45,54,22,32,28,62,41,63,51,48,26,31,27,27,31,27,22,19,50,45,39,50,38,35,43,34,40,43,36,35,46,40,34,33,42,51,40,34,14,29,19,20,20,13,18,10,19,29,15,18,24,21,18,41,,62,55,57,63,45,69,63,,,60,60,59,53,55,,73,73,71,77,,,69,12,32,31,24,35,35,39,36,31,27,30,23,20,24,29,33,35,34,,20,17,34,,152,142,154,136,138,155,153,139,176,124,155,133,147,33,44,24,33,45,65,,62,56,38,,,,40,45,80,90,65,78,87,,32,44,49,48,48,52,34,29,26,32,34,37,24,32,43,12,15,12,15,11,14,10,15,4,15,11,51,61,49,50,43,41,38,40,76,73,45,84,60,41,72,14,16,16,14,,147,,104,113,129,120,114,,117,121,,129,125,125,121,159,198,145,148,165,155,88,132,118,139,83,57,67,61,40,44,,136,,133,,131,106,116,124,128,132,146,100,101,96,55,51,52,147,129,145,,15,15,10,26,24,27,20,21,40,23,40,66,69,75,80,61,76,47,60,58,42,26,27,32,25,20,31,17,21,15,68,68,55,16,11,,48,50,,57,62,55,73,36,34,19,13,,,161,156,165,14,,19,14,,24,126,121,,124,132,,166,139,179,177,176,161,148,169,172,153,126,53,41,48,,67,61,86,83,105,79,58,113,82,58,79,31,100,61,91,89,65,54,78,62,74,80,45,44,60,48,69,64,63,,47,76,59,80,53,114,51,56,56,69,46,72,54,59,76,50,34,45,45,39,35,34,32,35,45,30,27,34,27,28,34,30,5,177,141,,152,147,121,142,213,234,219,,238,,124,115,121,184,188,181,180,155,144,133,145,106,110,,106,123,125,113,122,122,84,91,92,58,50,46,54,71,55,,59,,,46,72,57,56,47,12,16,14,16,15,12,8,14,13,24,21,20,25,15,12,10,81,84,96,88,44,44,47,41,50,53,57,38,44,43,52,56,45,50,85,,,88,91,65,81,93,57,64,68,61,65,66,32,22,20,,25,36,41,160,144,154,142,108,136,100,111,53,56,60,67,68,92,126,122,111,151,106,106,124,143,135,149,24,14,15,23,,33,18,20,17,25,13,29,54,28,41,47,35,153,137,159,152,104,98,128,101,102,90,70,98,81,80,44,47,74,88,51,75,46,42,38,51,45,60,24,25,25,17,22,,31,32,,32,25,21,41,31,37,35,43,34,41,28,39,39,38,21,22,20,27,,16,29,26,,,55,60,11,118,99,126,126,122,163,133,155,,34,22,152,132,138,124,119,140,65,59,65,27,61,163,,146,151,117,104,,118,102,122,112,108,101,,101,15,23,14,30,19,25,46,,14,25,12,8,,,10,11,11,13,25,36,28,43,37,28,32,31,60,90,76,108,99,,90,85,110,76,109,69,96,90,56,61,57,76,82,81,67,49,46,51,28,30,44,27,42,89,117,30,66,58,112,,98,42,69,40,47,45,26,67,68,61,49,54,89,75,34,16,18,14,55,69,36,18,61,50,48,44,46,42,,74,56,54,51,48,89,97,103,34,46,37,44,39,39,16,15,15,29,5,9,13,26,29,24,76,,75,71,73,86,31,36,27,39,112,116,,19,24,37,36,33,11,8,12,11,6,19,16,16,17,3,14,17,35,26,25,22,22,18,24,17,10,11,8,11,16,13,31,32,26,28,22,17,22,20,15,14,16,16,18,16,15,19,21,22,18,21,20,22,27,28,29,26,26,28,25,24,21,24,15,18,22,19,30,163,160,153,,161,126,158,171,,182,165,128,,122,145,164,160,152,152,143,97,104,145,242,145,139,135,136,136,124,31,41,52,47,56,54,79,81,77,111,115,116,127,34,43,48,109,97,109,,60,67,,44,41,39,35,44,75,75,67,80,78,25,26,23,29,26,26,20,25,23,26,24,54,56,51,41,42,11,16,12,13,13,27,54,30,33,29,22,19,23,30,30,14,22,17,20,22,26,32,37,19,15,19,21,8,8,11,10,12,12,10,11,13,4,8,11,15,18,23,18,12,9,15,16,20,19,11,9,31,34,28,48,76,61,51,49,61,63,72,66,38,45,43,41,58,56,54,58,46,63,72,,38,84,73,80,86,81,,49,42,51,,59,70,,31,60,53,51,70,15,33,13,,17,14,19,24,30,30,27,26,34,16,21,,,,,14,18,12,12,11,10,17,,18,25,21,17,21,21,11,10,18,21,30,13,18,25,,25,19,24,19,35,,17,19,28,36,30,25,18,17,37,34,13,14,31,22,105,,8,,8,12,120,116,120,120,23,25,26,23,78,82,88,87,,,16,56,21,74,29,31,11,30,19,31,28,30,36,46,33,52,54,34,,40,49,33,,,76,79,42,27,29,24,23,22,17,16,17,38,20,24,129,147,73,64,7,53,36,23,42,71,62,61,85,,121,55,94,105,118,103,9,9,23,45,40,31,43,13,131,27,68,63,69,162,154,117,98,98,47,40,28,30,20,49,68,158,131,133,79,17,32,23,17,51,93,88,56,24,47,40,21,59,39,39,60,30,32,48,63,29,34,98,30,110,32,45,47,152,127,75,102,37,101,53,57,58,160,,72,171,142,16,45,88,74,33,8,17,140,20,113,85,12,7,64,152,62,52,31,150,25,159,22,111,22,29,23,25,52,58,21,71,58,110,73,49,69,61,231
20171215,22,PM10,36,18,65,69,45,45,29,24,27,27,38,29,,,72,,30,30,40,,35,53,39,,44,29,,215,225,292,225,211,217,66,57,56,63,93,68,64,52,,123,,87,273,319,305,236,245,252,261,307,265,246,42,,56,46,,19,48,28,46,22,39,45,,37,98,99,86,192,219,265,219,300,314,219,44,,77,36,31,79,71,57,,62,57,34,71,56,35,77,39,59,44,108,,102,54,79,54,68,,75,41,40,41,44,48,41,30,58,45,,57,62,81,64,53,38,,46,47,58,74,99,81,,65,58,,117,,,,216,41,32,40,,36,,35,34,35,35,51,48,65,47,,55,46,,66,,,42,42,,58,47,55,,,52,65,57,184,,,,190,,,183,190,179,,,94,,,46,69,64,60,53,63,77,67,73,,,,87,,,,,,70,76,,,,,81,79,104,94,,,95,,,136,,28,37,,38,27,30,41,36,41,45,18,9,15,12,16,,13,,19,31,30,27,27,,31,,,27,,,43,,24,23,,,20,17,,5,9,14,6,12,9,9,20,,,,,,27,21,,,30,7,,17,,19,17,13,45,,,,12,20,,13,14,,29,134,142,109,90,122,104,151,159,102,142,131,151,120,149,155,160,156,,224,,251,,242,262,214,274,,,87,,,,,,,,,,,,,,,,,,47,43,,46,46,38,30,35,16,33,,90,78,83,87,45,80,74,35,57,45,86,69,99,67,59,42,39,40,37,58,20,14,11,45,52,29,61,33,19,36,27,43,45,30,35,43,39,37,38,45,47,,20,8,,28,17,32,30,18,23,21,27,35,52,51,46,56,84,,87,96,103,108,82,113,117,,,101,117,102,120,113,,114,135,106,151,,,108,61,46,61,52,46,71,55,51,51,54,94,61,,105,60,80,118,61,,29,78,,,155,156,247,134,107,135,164,151,174,151,272,184,136,52,60,42,48,58,96,,108,122,38,,,,51,70,111,112,116,96,101,,55,,72,,,,73,70,81,84,60,35,69,87,63,95,106,72,70,130,123,115,83,64,63,85,40,67,68,45,53,39,29,56,23,29,51,134,253,137,160,66,70,66,39,,174,,215,194,261,187,136,,92,135,,175,98,73,62,90,102,145,128,175,107,155,230,186,168,180,42,44,,20,40,,176,,196,,197,150,148,180,142,124,166,164,167,171,23,33,27,157,179,154,,,10,,11,,29,32,23,47,34,38,30,26,,,30,32,64,45,,45,8,,,23,31,36,17,,11,,,65,10,9,,41,47,,74,50,64,69,,,,55,,,221,202,219,36,,51,109,,56,145,148,,116,169,,27,14,18,20,22,44,45,46,217,38,30,42,32,27,,60,74,122,163,248,177,31,186,172,129,149,110,169,45,217,60,83,86,95,,,,37,31,43,50,127,59,67,,32,66,,,71,205,51,39,37,20,49,57,38,35,22,42,,,,,34,,37,,50,43,41,41,32,,50,36,9,278,252,,277,311,306,259,246,249,269,,250,,191,185,196,304,326,311,301,227,258,214,217,55,45,,41,181,158,,,,143,152,160,,65,77,84,,,,57,,,45,80,82,54,70,18,20,,20,,12,,14,18,32,21,,29,,30,26,104,127,125,161,78,70,97,70,,103,97,99,171,90,85,114,64,100,155,,,122,143,165,149,141,89,117,142,110,106,102,59,45,49,,39,50,51,119,122,150,139,,149,149,152,29,,35,38,151,93,186,130,126,242,173,172,177,237,195,291,34,17,,55,,60,29,90,63,30,26,66,77,30,72,60,83,147,145,170,154,83,33,191,144,118,128,23,43,66,18,38,45,40,28,48,40,32,21,,21,26,26,42,38,,72,45,67,,,,,,52,,,78,66,75,44,,,,48,51,60,130,25,28,,23,6,,,,49,38,73,186,164,163,197,226,216,226,234,,78,121,57,56,48,67,51,54,49,69,64,62,24,40,,52,45,90,65,,92,57,43,24,22,30,,70,56,56,82,37,39,34,,,47,72,53,35,,,12,8,19,20,44,47,40,31,29,16,20,18,87,150,120,195,85,,79,66,20,26,40,20,105,78,60,95,77,51,44,37,47,80,52,50,49,32,46,30,61,,125,,46,55,55,,,87,105,95,67,60,35,,67,94,100,81,100,50,68,34,28,24,59,61,36,21,137,108,97,104,102,100,,84,94,107,71,,133,,161,27,39,47,36,34,,23,,22,24,19,12,18,,49,,,,107,117,116,107,76,79,58,60,142,,,33,34,,43,,18,,,22,,,,,,7,,7,,22,,,,19,29,30,,,,18,15,,71,66,,64,25,26,30,33,32,11,13,13,17,23,,,32,,22,23,23,23,,61,50,67,48,50,32,34,26,34,27,22,37,20,27,176,216,206,,237,177,218,213,,205,219,239,,214,267,286,289,278,232,201,212,223,221,209,,205,214,201,196,206,76,69,107,74,88,70,175,97,150,167,169,161,,61,,86,,,,,113,128,,67,,,49,60,,123,132,68,67,,,,,,,28,,,,,87,90,84,50,57,19,25,47,29,21,35,,,,,107,,49,63,58,24,61,53,39,45,66,63,51,26,22,,,10,,,21,14,29,,,,12,,,13,75,54,26,18,31,120,21,24,29,26,18,47,61,32,75,269,94,90,151,169,58,106,119,81,92,100,83,103,132,99,120,78,128,113,,101,153,174,149,175,180,,128,,99,,93,132,,86,100,101,120,120,50,106,66,,35,27,37,51,52,58,58,68,65,88,45,,,,,,48,22,27,31,23,32,,29,58,30,45,,61,53,38,33,62,74,55,28,34,,37,39,58,54,41,,51,53,79,49,75,82,72,,165,237,29,35,112,45,368,,56,,23,47,110,150,134,125,29,47,37,28,161,192,184,105,,,30,50,67,45,37,67,49,45,47,53,64,78,58,56,54,62,49,47,,58,82,72,,,119,114,100,34,62,29,64,44,24,40,41,71,43,38,346,355,118,164,,106,86,45,54,179,163,73,130,,,122,84,193,122,116,34,17,64,29,57,42,56,68,120,31,59,34,51,212,47,86,139,26,,,15,58,25,107,84,185,243,151,144,21,99,68,46,86,71,56,92,35,58,86,21,37,80,,32,63,61,61,82,65,12,151,80,168,91,90,89,,175,144,193,78,121,106,97,111,22,,33,213,280,21,59,137,116,110,26,,162,,61,85,21,11,26,187,108,,19,212,62,217,37,91,81,99,101,96,202,100,42,105,124,254,97,57,61,76,283
20171215,22,PM10_24h,40,39,62,72,57,70,35,57,54,54,60,34,,,91,,64,31,74,,73,59,84,,64,31,,214,234,273,192,194,206,135,92,98,98,99,103,100,98,93,105,,135,257,249,275,200,199,209,214,247,226,209,38,,46,35,39,76,95,71,91,72,95,96,,87,118,124,114,176,189,195,223,233,227,212,244,,246,242,223,277,222,223,292,47,42,35,49,31,37,52,31,112,123,130,,133,123,134,119,114,,118,72,72,60,76,83,71,54,94,74,116,71,74,94,67,68,73,82,63,79,78,106,107,90,,82,101,125,135,113,111,116,170,32,28,30,22,29,28,24,21,26,28,39,35,46,34,39,42,52,40,43,32,28,30,29,31,47,44,36,26,36,34,41,31,111,,,,162,180,,165,170,170,,41,54,40,,39,53,49,46,38,41,48,47,47,,,,48,45,,37,39,46,43,48,,35,61,60,62,61,74,60,48,,63,,97,101,99,34,50,12,44,36,38,61,52,58,53,28,79,53,65,56,,72,68,51,32,43,44,50,45,45,,,29,,38,46,,34,44,41,20,22,26,,35,22,38,21,25,23,23,38,27,30,23,36,20,35,27,22,23,29,13,,27,,31,31,9,31,,30,,9,23,16,14,13,,22,187,201,183,168,115,180,219,191,114,177,149,156,160,165,168,172,177,195,199,204,216,204,214,225,214,227,,54,63,58,61,,,65,72,,,,,,,49,,,,39,54,45,,42,46,46,35,43,24,41,28,80,70,69,79,54,82,82,38,60,48,90,71,93,79,61,48,60,44,53,68,44,33,26,66,69,68,76,64,65,61,62,51,57,48,50,63,54,47,44,64,64,53,43,25,43,26,23,29,20,18,26,23,34,37,44,47,43,47,73,,83,80,77,89,84,102,86,,,85,88,82,76,92,,94,99,98,121,,,98,37,40,52,40,48,57,59,49,47,54,72,48,34,71,60,79,77,61,,47,42,63,,192,173,236,193,194,195,202,196,258,156,224,185,212,92,95,78,87,90,113,,117,121,79,,,,68,87,119,108,87,91,97,,63,33,55,40,28,31,47,50,58,52,43,47,44,63,53,57,62,76,63,60,65,73,66,40,45,64,70,82,91,70,65,51,49,61,107,116,75,128,99,68,119,35,37,40,24,,160,,129,135,166,128,162,,148,164,,172,178,152,134,190,205,186,180,217,203,156,173,186,174,111,89,76,96,58,84,,168,,182,,189,150,149,165,154,159,176,134,135,126,71,74,72,201,210,195,,15,16,14,33,19,39,35,33,53,44,73,60,61,67,66,70,58,87,87,70,70,35,45,52,40,50,52,25,30,24,78,80,71,21,17,,73,72,,84,81,86,92,49,40,32,35,,,217,208,212,43,,42,39,,51,155,154,,146,188,,217,182,214,196,219,227,76,113,243,169,55,102,82,76,,104,99,143,117,162,118,70,132,115,94,117,81,145,81,223,133,105,82,124,88,79,92,63,58,74,56,82,89,81,,65,99,61,103,81,102,78,84,75,116,65,66,72,65,83,72,38,43,44,34,42,33,36,39,59,36,34,41,31,34,48,42,9,207,175,,198,196,200,174,264,257,250,,263,,155,154,158,233,232,230,246,186,183,164,163,139,120,,117,149,145,,,140,115,122,105,62,59,56,68,,53,,72,,,57,80,74,66,66,14,21,14,19,20,18,15,18,14,26,27,25,26,19,31,30,106,110,117,125,49,52,61,45,55,67,139,74,118,90,74,73,67,62,118,,,102,118,133,118,125,74,90,109,94,88,100,48,36,38,,37,64,69,219,197,209,199,171,172,137,144,70,103,88,102,128,137,161,155,159,189,173,165,240,224,219,202,49,38,62,41,,68,43,91,58,38,24,45,70,43,74,67,86,159,162,208,206,142,141,172,127,134,144,112,126,141,106,59,58,105,118,107,108,79,78,67,81,78,83,43,41,34,30,36,32,34,35,,34,29,38,41,45,51,44,54,44,38,36,50,45,50,34,38,33,45,,40,35,34,,,67,58,47,159,132,159,177,175,186,177,189,,57,61,197,164,160,136,138,139,91,116,117,74,122,214,,186,193,170,172,,169,179,168,125,154,90,,92,39,44,40,48,43,40,83,,37,55,38,25,,,20,14,32,21,41,43,36,68,59,28,57,56,90,122,107,150,132,,151,116,115,109,169,121,141,117,83,71,65,119,126,112,94,83,61,64,53,52,65,47,56,111,146,43,98,111,201,,149,60,87,43,63,66,37,86,64,66,80,66,123,134,46,28,27,27,76,88,43,18,77,52,47,57,52,45,,90,62,68,57,57,105,98,118,43,52,47,61,54,45,21,19,17,27,32,20,21,29,42,28,,,88,87,91,88,49,49,37,48,134,127,,33,36,46,52,41,21,12,25,22,8,25,24,26,24,6,22,20,22,36,41,37,43,26,30,27,13,15,12,18,16,13,42,55,36,37,26,29,27,34,31,14,13,14,21,21,17,13,27,22,23,23,24,25,29,35,34,34,32,33,27,29,21,33,23,28,34,35,36,205,224,216,,199,153,209,182,,195,182,175,,140,180,188,195,187,166,163,139,170,162,155,152,146,174,171,173,172,48,46,61,53,67,73,98,90,104,128,134,126,122,54,49,72,128,105,118,,71,78,,50,37,47,42,50,86,100,76,96,94,17,21,23,34,24,31,22,22,23,25,22,96,93,74,60,57,15,28,40,18,22,29,63,33,32,44,40,29,34,43,57,21,30,28,30,26,45,46,48,28,20,24,23,12,16,15,13,14,18,10,14,15,8,12,14,19,35,39,19,15,13,38,29,24,23,16,13,63,64,65,78,120,71,70,102,97,81,98,85,52,60,67,49,69,87,77,80,75,92,98,,78,114,117,103,123,120,,76,54,78,,83,107,,72,98,98,108,114,26,61,38,,41,22,28,44,46,52,42,42,43,49,33,,,,,35,34,23,17,23,19,25,,25,52,42,35,40,38,35,25,31,46,49,30,37,44,,31,36,44,46,52,,42,43,56,60,62,59,111,36,92,112,29,36,69,51,195,,27,,21,32,135,136,135,133,34,43,45,40,98,114,112,110,,,51,80,118,134,57,61,35,41,58,62,56,56,76,73,69,100,121,64,,80,109,70,,,102,120,143,105,67,48,69,53,41,45,40,79,56,52,196,195,104,101,11,68,59,44,60,143,134,101,190,,158,160,114,150,146,130,27,20,33,48,49,63,85,36,166,34,78,61,76,222,197,172,150,122,47,36,54,55,27,58,79,173,210,206,102,20,83,75,59,96,142,114,79,40,65,57,27,89,65,49,72,44,68,74,102,51,18,110,52,126,50,60,48,163,148,100,124,49,112,79,79,84,196,,77,189,193,24,83,107,94,52,22,22,182,33,141,133,24,12,68,194,126,99,52,193,34,194,33,145,29,32,35,33,123,111,32,107,88,159,98,57,76,72,262
20171215,22,SO2,3,3,1,1,3,3,1,4,3,1,3,1,,,3,,6,4,6,,5,6,6,,7,7,,40,67,38,42,34,46,17,11,15,24,33,31,18,18,18,70,,28,21,36,32,38,30,38,42,44,37,29,7,,24,6,6,13,27,12,14,8,6,3,,2,81,47,35,24,34,26,24,34,38,20,9,,12,16,11,9,10,8,12,15,12,14,6,12,16,15,6,14,41,52,,42,51,38,61,40,,22,13,19,28,23,26,18,14,13,20,19,67,52,34,109,143,6,18,35,11,25,25,20,16,,98,18,108,104,35,17,33,112,8,7,8,9,8,9,8,7,6,9,12,11,9,7,5,10,7,6,12,8,8,5,15,7,9,16,13,10,9,9,13,15,22,,,,16,8,,20,23,14,,7,9,8,,15,8,10,9,7,9,7,10,7,,,,9,13,,8,2,3,5,6,,6,11,6,14,9,5,10,12,,11,,4,8,7,11,7,7,8,9,8,8,6,3,12,8,7,7,11,6,,6,6,5,11,7,8,5,6,13,,,6,,4,7,,4,3,4,5,8,10,,10,9,5,4,6,5,4,5,3,3,4,3,7,5,7,1,3,1,5,,5,,8,9,2,14,,4,,2,7,9,5,2,,6,26,33,34,56,33,45,47,74,19,7,20,15,22,13,20,21,17,20,17,17,15,13,14,18,20,12,4,3,4,5,1,2,2,4,4,6,4,5,5,4,6,7,4,3,6,8,12,12,,8,5,8,7,12,14,10,10,11,9,11,9,12,10,13,5,8,7,16,9,11,18,13,9,13,9,7,12,15,12,16,15,10,12,12,15,12,10,3,8,22,14,10,14,10,9,9,8,10,7,9,7,10,10,16,13,10,15,8,9,9,3,6,6,5,7,10,,33,13,13,6,14,9,9,,,18,10,11,10,16,,10,10,11,11,,,14,9,10,19,6,15,30,28,30,17,20,14,9,11,9,12,23,30,12,,6,5,,,39,26,42,24,41,21,51,25,29,100,21,12,26,22,17,4,25,17,21,,23,26,13,,,,18,58,9,10,14,13,8,,13,9,8,,10,6,12,6,9,8,4,10,7,7,6,10,5,8,10,6,9,11,11,6,11,7,19,26,10,11,23,16,17,22,100,84,107,81,104,101,94,11,11,12,6,,17,,15,18,17,16,57,,27,17,,19,14,27,19,24,52,64,60,34,71,22,30,33,21,20,10,14,10,11,16,,50,,41,,35,13,24,13,23,12,45,16,14,12,13,8,8,28,25,52,,9,9,7,11,8,9,12,11,14,12,14,26,5,11,12,9,11,13,14,17,33,5,3,3,10,8,8,2,4,4,7,9,10,5,6,,10,11,,15,12,35,13,6,5,5,8,,,60,4,4,17,,16,13,,11,32,36,,38,46,,28,22,15,19,15,18,32,18,44,25,27,31,12,78,,54,60,30,80,52,66,14,62,35,52,46,31,34,43,38,34,54,59,11,93,68,62,96,90,7,42,41,43,35,,10,5,27,62,24,79,13,11,1,1,22,16,21,8,23,26,7,8,9,6,11,14,10,8,11,7,12,12,11,11,46,4,7,7,5,,11,9,5,7,30,31,23,,19,,20,15,17,14,10,9,5,15,12,10,14,25,27,,27,15,9,15,10,13,11,15,13,9,45,9,2,4,10,,4,,,4,6,4,6,4,6,13,11,10,5,5,6,11,4,13,58,24,20,4,2,1,6,14,11,9,15,14,12,12,15,13,14,17,35,14,5,10,16,10,15,,,13,8,19,15,9,11,3,16,13,2,10,25,7,7,,19,22,8,13,28,21,18,19,66,41,48,26,19,,17,30,11,24,15,14,22,21,23,36,34,24,23,2,3,2,3,,11,3,12,8,3,9,10,6,6,3,10,6,79,52,14,26,14,10,18,14,28,21,17,8,28,9,17,20,14,22,8,11,7,11,6,7,9,9,12,17,15,6,4,13,11,18,,2,6,9,5,6,14,2,4,22,10,2,5,3,5,8,9,7,8,,9,2,1,,,39,43,33,20,13,6,10,10,8,8,6,,10,28,21,17,18,23,19,12,14,18,21,15,19,23,,31,46,33,15,,86,14,22,7,8,18,,19,5,12,3,47,10,9,3,,7,65,20,18,,,16,4,51,41,10,10,10,86,25,7,5,6,48,69,37,52,18,,19,17,30,41,50,25,24,46,78,19,12,31,18,20,19,25,14,9,19,16,12,9,6,28,25,8,20,11,18,,7,22,14,22,14,16,9,11,14,13,40,24,5,14,14,14,11,9,15,16,29,46,10,11,14,6,14,5,,18,4,9,26,10,6,9,16,10,23,9,5,14,8,20,4,30,6,5,8,6,23,4,14,4,,11,6,6,8,5,4,6,7,17,10,,27,26,25,30,22,2,4,11,8,2,9,6,8,9,2,11,10,5,7,12,10,8,6,10,9,4,3,4,9,5,1,21,12,17,10,21,9,2,3,5,24,4,10,4,19,3,4,12,8,1,14,11,19,19,19,15,18,8,23,6,6,7,8,4,7,7,5,9,5,15,19,,13,3,13,20,,26,19,5,,7,7,9,5,9,16,12,8,12,22,3,5,6,1,11,12,9,7,4,10,11,6,20,20,20,11,21,16,14,,4,3,4,16,25,19,,8,5,,5,3,2,3,2,7,10,8,7,13,7,16,15,10,8,8,7,16,9,13,10,4,7,6,10,5,7,4,4,11,3,4,1,6,10,3,4,2,6,6,4,21,4,8,3,16,19,6,6,3,8,4,5,5,7,6,16,7,14,,4,9,4,4,7,9,11,17,2,3,5,6,9,14,10,5,6,18,30,15,12,15,7,13,8,13,10,12,19,15,9,23,20,5,10,3,7,13,21,21,,13,9,8,12,17,11,,2,11,3,,6,10,,9,4,15,9,9,8,24,9,,20,11,10,7,8,9,8,29,37,44,16,,,,,2,13,10,8,5,4,6,,45,23,8,27,39,14,14,10,8,3,10,13,14,12,,8,10,7,8,8,,5,9,8,,8,12,10,17,8,13,6,4,29,8,9,,16,,6,3,9,23,17,26,13,37,28,19,41,24,50,10,,,6,7,19,20,12,19,15,14,16,13,12,8,12,27,18,17,10,2,,23,21,5,,,17,8,21,27,24,11,21,18,6,11,8,14,15,10,38,43,17,9,4,14,14,11,12,20,32,2,3,,8,11,3,72,36,20,3,1,11,11,16,9,23,13,45,12,10,4,4,47,24,52,101,6,3,9,10,8,9,27,5,36,46,17,11,11,22,23,6,46,46,19,23,4,5,5,6,1,8,2,4,16,61,22,48,1,10,10,8,25,9,11,6,7,40,36,13,13,29,10,13,11,24,,4,14,9,6,13,16,10,8,26,5,28,7,25,8,4,4,4,18,27,10,17,14,6,36,9,25,19,39,31,32,28,25,21,45,8,10,6,17,3,8,19
20171215,22,SO2_24h,6,7,9,4,8,9,8,11,4,9,9,6,,,10,,14,12,14,,13,9,12,,8,8,,24,22,28,35,26,26,30,20,22,28,33,33,23,36,45,44,,44,12,20,41,31,27,36,31,34,30,30,11,,22,12,10,20,22,23,20,19,11,9,,12,30,33,28,13,18,17,26,31,25,22,71,,42,109,144,96,155,37,105,17,19,16,13,12,13,14,11,40,61,68,,52,66,68,72,67,,47,22,26,23,21,18,14,14,23,20,22,82,93,38,60,65,21,22,47,16,16,44,42,27,,108,83,98,96,56,21,41,86,9,7,8,9,9,8,8,7,7,10,12,10,7,6,4,9,8,5,13,8,7,5,13,7,8,16,10,13,11,9,19,15,32,,,,18,6,,12,22,11,,7,7,8,,15,9,7,10,7,8,9,10,9,,,,12,18,,3,2,4,5,5,,6,13,7,15,11,6,8,10,,10,,4,8,8,13,10,6,9,9,9,10,8,4,13,8,15,13,13,11,,9,12,8,10,8,9,7,6,13,,,7,,9,12,,5,7,7,5,8,10,,14,13,6,5,6,5,3,5,4,3,4,4,6,4,7,3,2,1,5,,8,,8,8,2,5,,4,,2,6,8,6,3,,6,15,20,26,29,23,25,35,33,24,13,21,20,23,12,23,16,23,21,18,18,18,12,13,21,22,17,4,3,4,5,4,2,2,4,4,5,4,5,4,3,5,6,3,2,5,6,11,11,,6,5,9,6,12,13,10,10,8,5,8,8,11,9,10,5,8,8,12,13,11,19,16,10,16,9,8,12,25,16,16,18,15,18,17,22,17,13,9,10,21,20,15,16,11,10,8,10,11,9,12,10,13,10,15,13,9,13,10,9,10,4,6,5,4,6,8,,16,12,13,8,12,12,10,,,15,11,12,8,16,,9,7,4,10,,,10,10,11,15,10,12,32,32,23,14,20,15,12,12,11,13,26,26,7,,6,2,11,,35,32,34,32,33,34,30,33,26,37,29,23,32,32,28,26,32,35,26,,28,24,27,,,,30,44,4,11,13,11,12,,12,7,8,9,8,5,20,6,8,8,4,11,7,6,5,8,8,10,10,8,11,19,19,12,13,16,25,31,12,20,40,29,22,45,68,65,40,123,54,41,82,9,9,11,4,,32,,17,19,25,15,16,,15,13,,13,24,30,23,29,39,34,49,30,60,37,16,17,20,23,16,26,19,22,25,,25,,22,,22,23,26,23,24,17,34,13,10,7,16,12,13,26,27,24,,9,9,8,11,8,9,9,9,13,11,20,18,10,16,18,15,21,14,29,45,29,7,5,7,10,8,8,2,6,5,14,15,15,6,7,,25,23,,26,24,26,20,10,8,8,9,,,12,8,9,16,,22,15,,24,25,31,,34,43,,82,66,72,71,95,116,124,102,104,128,99,39,14,26,,46,39,43,69,88,49,31,51,37,34,36,24,47,56,59,64,80,64,32,94,65,60,134,72,31,28,32,33,26,,27,28,41,56,19,37,23,33,27,21,23,10,27,21,34,22,8,7,10,7,16,16,12,12,18,6,11,12,9,11,18,4,7,29,19,,24,22,16,17,14,20,12,,12,,17,12,16,14,10,8,10,22,22,15,20,23,22,,20,13,9,12,11,13,8,15,11,8,7,7,2,3,6,,4,,,4,7,6,6,4,5,11,12,11,6,6,6,10,4,16,48,14,23,7,2,2,6,14,16,10,16,15,13,12,15,15,63,28,30,22,10,7,17,11,16,,,17,6,13,7,6,4,9,10,6,9,8,26,7,9,,17,20,10,18,29,26,22,23,36,28,35,15,13,69,51,12,13,20,15,15,34,18,20,27,26,24,17,6,4,6,8,,29,29,40,30,3,8,9,6,6,6,10,7,39,27,13,20,22,29,17,13,28,20,38,16,19,18,15,15,16,12,12,13,10,15,14,9,21,11,12,16,16,4,3,15,12,23,,3,5,8,6,6,9,3,5,13,11,12,6,7,7,8,9,9,10,,10,4,1,,,20,21,26,16,11,5,8,13,10,12,9,,14,13,34,46,26,33,28,29,54,39,54,25,51,147,,162,145,53,37,,65,34,48,37,31,40,,62,6,10,4,29,15,10,5,,7,29,14,18,,,14,4,35,29,10,9,8,48,34,22,40,25,45,60,37,50,41,,42,35,139,58,117,135,57,44,52,35,27,64,54,64,53,21,11,19,22,45,41,36,12,34,37,13,26,20,36,,14,26,18,15,14,13,8,14,13,14,22,21,16,37,9,14,11,11,35,40,39,17,8,18,31,15,14,4,,23,4,7,23,14,8,9,17,10,20,6,14,9,8,21,5,21,11,5,8,4,22,2,14,4,,13,17,8,15,11,16,4,10,12,15,,27,23,20,26,17,2,4,8,6,2,11,9,13,17,2,11,15,12,11,10,10,8,6,10,8,4,4,5,18,5,5,24,12,17,16,22,17,3,7,8,17,16,15,12,24,4,3,10,8,2,10,7,19,14,17,12,17,11,19,6,7,7,7,4,9,16,18,13,5,9,11,,14,18,10,12,,17,12,11,,12,10,12,9,13,12,9,8,10,9,8,10,11,4,11,11,10,7,4,7,8,5,13,22,19,21,15,14,13,8,4,2,4,14,22,15,,7,6,,3,2,2,3,2,6,8,5,7,5,6,15,14,9,8,7,7,13,10,10,17,5,5,4,8,2,10,7,7,14,4,10,4,19,6,4,4,1,3,5,2,8,4,7,3,7,10,6,4,3,8,5,7,5,6,6,12,12,12,8,5,8,4,3,6,9,16,25,2,3,4,5,10,9,7,5,6,15,21,15,10,13,8,10,7,8,9,9,20,7,29,10,3,4,6,5,4,16,18,15,,15,14,9,12,12,15,,2,8,11,,5,9,,6,6,9,6,8,8,17,8,,20,11,9,10,12,15,10,26,43,32,16,,,,,2,10,10,10,7,3,7,,55,13,8,16,42,13,13,8,8,5,11,18,22,12,,9,10,7,6,8,,5,9,15,16,10,11,20,12,7,7,4,5,15,9,6,,7,,5,4,14,15,12,17,14,28,22,19,14,24,27,12,,,7,10,38,24,14,12,12,12,16,19,12,9,18,32,18,57,45,3,,26,30,10,,,16,10,27,58,21,14,14,18,7,13,5,14,16,11,26,25,13,10,5,13,9,10,12,18,18,4,10,,19,23,24,46,47,35,4,14,13,11,14,12,36,6,41,12,10,8,11,38,166,64,94,30,5,9,11,13,9,25,7,23,23,11,9,9,24,25,28,28,64,45,12,5,4,5,6,10,7,4,13,24,68,59,37,6,17,10,8,14,12,14,6,9,42,22,24,12,20,11,14,15,113,,11,10,26,6,28,10,12,7,22,11,27,8,22,14,3,3,12,17,30,17,21,22,5,39,14,12,15,36,29,40,11,29,17,35,8,15,6,5,4,6,8
20171215,22,NO2,9,6,9,15,15,10,9,5,3,6,12,8,,,26,,26,23,28,,30,51,41,,53,16,,88,85,87,105,77,82,29,44,50,46,65,51,54,49,40,78,,67,87,75,75,72,97,88,84,75,89,91,8,,17,10,14,13,49,10,42,10,19,12,,13,74,64,67,75,69,65,71,68,94,70,24,,14,37,43,19,27,20,31,12,18,23,3,20,25,8,6,36,53,65,,54,56,60,61,53,,44,34,33,50,50,44,30,15,40,37,21,63,56,55,58,64,14,17,51,52,48,40,59,45,,49,41,72,62,56,53,45,70,41,41,43,39,39,34,45,34,54,32,43,27,49,45,40,37,29,38,51,49,54,56,34,59,38,84,48,22,27,26,32,26,60,,,,58,56,,64,65,52,,33,48,38,,60,61,42,47,56,45,42,39,44,,,,34,35,,42,32,32,24,28,,32,47,45,63,39,53,41,46,,47,,52,58,64,55,72,36,57,55,56,65,56,41,62,58,27,31,22,20,,26,,19,56,36,59,31,62,40,,,30,,30,34,,42,48,39,9,9,5,,68,69,48,60,51,34,42,58,23,34,27,19,29,27,43,44,27,19,23,,41,,43,47,10,50,,32,,21,31,39,48,17,,15,75,74,68,75,67,84,83,79,38,47,63,82,62,95,62,70,43,57,67,61,66,54,62,60,69,61,31,36,42,45,37,39,41,30,25,25,32,26,31,28,38,32,38,37,29,30,49,42,,44,37,50,41,36,33,42,32,65,36,57,54,51,37,50,10,27,36,51,65,57,63,50,40,29,42,41,50,46,42,42,52,45,49,55,45,47,43,41,37,45,37,43,44,29,29,30,27,31,26,30,24,24,35,44,47,33,21,26,41,37,7,11,10,12,19,28,,60,64,63,59,46,52,48,,,57,59,66,49,53,,81,101,98,83,,,106,19,23,35,33,17,31,27,36,30,35,34,74,10,59,43,65,78,81,,46,56,,,95,96,85,113,95,94,104,85,81,81,85,99,88,10,37,7,24,29,43,,47,16,5,,,,46,61,60,65,54,58,45,,40,34,29,26,38,35,44,41,36,44,44,14,33,25,20,13,12,9,13,11,13,,14,13,8,9,31,57,41,35,20,23,22,30,34,42,54,69,52,64,57,61,56,41,34,,62,,58,61,60,57,68,,69,63,,63,70,84,77,72,85,79,80,,97,46,54,41,25,49,7,23,21,15,14,,59,,80,,69,53,62,54,65,61,71,60,56,59,7,7,11,66,59,56,,35,40,39,30,37,43,36,24,36,30,42,26,22,27,27,20,25,31,17,15,21,30,17,26,22,24,25,27,23,23,37,35,34,30,25,,30,24,,42,31,39,39,32,22,28,19,,,49,51,43,1,,7,5,,6,32,37,,26,38,,13,21,15,4,2,29,37,19,54,32,26,31,23,26,,38,65,46,62,60,55,43,53,59,53,56,45,61,58,43,27,58,56,42,67,73,68,27,34,35,42,61,45,45,,2,37,49,53,39,52,12,15,9,16,13,39,42,29,61,58,55,52,56,66,54,37,64,59,48,30,32,26,47,36,37,32,13,64,73,,63,63,65,61,75,72,70,,69,,48,59,51,65,74,79,64,67,64,66,62,24,11,,13,69,51,56,31,47,62,52,55,35,25,31,26,9,18,,35,,,6,30,45,10,4,16,32,17,24,21,22,17,23,10,25,38,18,23,13,9,17,29,70,66,62,37,51,50,36,60,29,73,64,117,50,31,40,43,46,73,,,92,68,53,65,54,26,55,60,52,62,30,35,27,32,,30,37,35,55,58,53,81,20,67,79,61,64,63,54,40,85,62,73,74,68,66,77,82,79,82,93,122,8,9,6,23,,13,14,10,8,38,30,11,44,17,37,64,37,52,87,58,65,34,18,87,66,57,81,19,13,,28,12,20,23,23,14,25,8,8,17,12,11,2,50,,48,31,30,38,27,32,,,28,31,23,41,49,37,39,52,51,43,38,27,26,23,18,46,55,,38,70,61,,,37,45,46,25,50,43,49,54,54,54,55,,62,82,21,24,22,29,25,12,11,23,8,13,20,19,,28,30,4,12,,16,12,38,20,9,13,,20,7,10,6,20,12,15,41,,17,51,24,9,,,15,2,20,,11,8,6,17,16,5,7,14,59,68,57,53,25,,31,39,12,18,18,5,,41,26,42,44,49,42,28,36,31,47,20,8,21,19,9,22,50,40,6,12,19,14,,17,32,54,29,34,24,6,37,29,37,51,25,38,11,41,12,10,9,36,22,19,14,48,43,53,51,33,58,,50,27,32,37,17,44,53,54,65,62,44,41,41,42,45,25,41,44,52,41,44,30,28,36,36,,40,61,51,71,36,32,28,31,53,63,,26,34,35,36,16,25,6,27,33,6,22,27,23,20,4,21,20,32,27,26,27,28,35,36,39,23,17,26,33,41,37,24,39,31,26,44,30,28,25,32,39,36,22,38,36,24,30,36,36,38,33,37,33,42,40,34,26,37,36,20,32,28,29,31,46,31,26,28,76,73,82,,67,72,72,62,,65,62,49,,58,61,50,51,55,48,77,71,77,74,68,63,54,57,73,66,50,24,35,52,35,41,19,77,65,72,83,77,87,,37,22,8,62,69,72,,28,23,,20,49,45,36,24,38,38,33,35,26,19,24,36,25,34,25,10,18,17,18,25,19,42,27,30,29,41,32,31,30,33,27,28,23,27,26,10,12,14,19,24,8,98,32,17,20,2,52,33,35,24,26,40,20,17,19,11,11,27,12,17,20,14,16,29,29,39,30,29,22,24,38,22,13,12,15,22,13,94,56,44,58,77,72,60,48,41,63,72,68,69,69,56,44,73,76,53,21,32,31,,30,46,70,56,53,57,,53,17,24,,39,59,,44,51,47,74,88,26,22,35,,17,16,32,17,28,20,48,57,39,58,15,,,,,7,25,26,18,14,15,26,,16,26,10,20,37,37,28,28,23,20,33,25,12,15,,12,10,27,24,32,,23,20,35,23,25,50,13,13,52,31,13,22,94,20,37,,28,,5,8,17,75,57,82,52,58,45,36,65,53,63,42,,,5,15,12,16,15,18,34,20,11,14,28,25,15,28,16,16,12,15,,16,22,25,,,16,47,13,14,41,8,28,26,11,13,12,12,17,19,88,101,42,74,4,36,20,9,31,71,92,17,10,,38,28,36,61,52,37,8,3,54,27,41,14,75,73,26,41,67,33,21,76,27,10,35,22,61,30,22,33,24,20,34,75,74,57,91,32,61,40,23,54,46,52,30,26,19,54,44,18,76,48,23,6,45,30,52,16,63,68,27,72,44,31,38,36,79,65,58,41,70,67,62,53,19,,32,53,71,32,33,65,64,45,11,6,68,10,22,33,37,12,35,85,42,12,8,54,40,57,19,76,28,38,32,37,55,19,13,75,64,64,44,44,35,47,76
20171215,22,NO2_24h,37,23,38,39,45,39,40,46,36,32,40,41,,,44,,45,47,46,,45,51,49,,49,42,,75,75,71,93,65,70,48,56,54,60,59,58,60,62,62,73,,71,66,55,59,67,83,76,72,67,78,81,12,,18,14,17,35,46,31,41,29,44,45,,42,48,51,50,54,53,50,64,61,69,62,59,,51,56,57,54,55,50,61,13,21,23,11,24,18,13,14,38,57,62,,47,59,59,61,58,,50,35,31,36,36,29,32,18,46,35,31,49,44,51,45,50,27,29,46,37,31,54,58,38,,62,61,71,65,62,42,46,68,50,47,54,48,52,48,53,30,51,39,46,33,55,49,42,42,40,44,52,49,55,55,39,60,41,67,55,30,33,35,37,36,56,,,,57,50,,53,56,56,,39,30,28,,52,58,47,53,55,53,50,41,53,,,,44,38,,26,34,36,27,31,,36,45,39,46,44,45,31,44,,41,,45,47,53,59,76,33,63,55,59,72,60,48,65,56,60,58,55,49,,52,,47,55,48,61,49,62,49,,,44,,53,58,,34,40,39,12,10,13,,53,53,40,45,38,29,33,43,33,31,26,22,30,27,48,45,39,26,30,,40,,51,40,8,30,,31,,25,33,39,44,25,,19,61,55,60,64,54,69,66,58,61,66,64,82,66,97,80,63,65,57,64,58,56,50,59,55,63,52,28,29,34,39,31,43,33,29,30,25,30,30,31,30,39,36,40,39,31,33,50,43,,46,40,53,38,39,32,43,28,51,33,42,46,23,34,54,9,21,23,43,67,65,63,69,44,35,45,45,56,48,43,38,63,54,59,69,54,54,52,49,36,44,39,42,46,28,26,28,30,38,36,34,34,37,31,36,41,26,20,35,37,40,6,9,8,10,14,30,,46,48,40,51,46,46,41,,,42,51,49,41,46,,48,53,61,51,,,59,22,22,32,32,15,30,28,33,30,32,42,43,15,43,42,46,49,34,,40,22,33,,72,81,81,77,41,63,74,62,69,66,69,67,73,37,42,17,53,57,44,,60,27,20,,,,37,44,56,54,37,51,40,,24,37,32,32,41,38,37,38,34,39,39,15,33,28,28,12,14,11,13,13,11,24,22,17,16,20,34,48,36,37,25,30,29,38,46,54,35,50,36,39,47,24,30,35,14,,60,,56,59,59,55,50,,52,29,,47,65,73,65,64,81,60,66,67,83,44,60,39,27,24,32,45,43,41,40,,40,,54,,50,47,55,52,44,52,61,52,46,51,25,31,30,60,57,58,,29,35,31,26,34,33,24,17,36,27,36,28,29,31,31,24,30,33,21,19,22,28,22,30,16,23,17,28,24,22,44,40,38,32,28,,37,30,,42,40,44,35,33,25,32,17,,,48,49,43,6,,13,9,,14,37,54,,39,43,,36,38,40,27,35,70,64,55,67,58,47,27,23,45,,43,48,44,45,56,42,40,50,54,43,47,37,55,50,43,43,53,50,42,51,47,50,41,38,37,34,44,44,33,,16,36,38,43,30,35,26,40,34,37,23,27,47,41,75,48,50,50,55,48,42,35,43,43,39,31,31,28,41,32,39,32,11,56,61,,57,35,50,53,54,58,56,,62,,51,56,53,49,54,60,47,52,52,49,47,45,39,,38,39,48,47,37,42,48,43,40,29,22,24,26,14,15,,37,,,16,33,31,15,10,18,34,20,29,19,22,17,21,10,28,22,20,25,15,9,11,30,50,43,39,37,37,41,35,45,30,68,45,71,43,30,39,32,44,43,,,54,36,43,48,41,21,24,33,39,37,31,37,30,35,,29,30,21,69,62,67,62,33,47,51,44,29,43,47,43,43,42,57,60,50,50,54,53,66,64,67,97,9,10,6,23,,25,21,19,18,26,20,7,37,18,27,34,23,48,59,52,55,65,61,76,51,59,76,45,37,43,47,16,30,36,38,38,44,30,28,34,37,28,20,48,77,46,39,38,42,35,42,,,33,33,24,41,65,36,42,46,50,37,35,41,101,22,17,49,56,,48,52,48,,,35,34,48,29,44,33,43,43,44,42,44,,38,32,46,48,37,56,36,23,27,36,23,15,38,58,,54,57,43,36,,39,36,45,40,36,30,,35,12,12,9,16,21,7,31,,16,22,17,10,,,12,3,19,16,12,10,7,26,27,18,21,27,47,60,48,46,36,,49,57,35,42,44,36,50,59,39,48,43,53,44,43,41,31,19,41,22,34,45,26,32,56,43,12,40,42,56,,34,30,41,16,41,33,7,31,35,35,48,23,67,44,40,11,10,19,50,52,39,8,31,29,32,49,24,44,,35,25,27,34,17,47,47,56,59,54,44,43,53,51,36,25,36,35,30,23,24,30,28,39,36,,38,54,46,51,32,30,24,25,33,42,,26,41,58,54,27,22,8,32,20,7,25,28,28,22,3,20,21,27,27,29,32,36,35,37,35,10,10,14,26,28,32,19,33,26,20,35,30,30,29,34,35,37,16,34,32,25,32,32,35,40,27,32,29,38,32,28,23,31,31,19,28,25,27,26,39,28,25,17,73,57,63,,51,58,55,51,,55,52,49,,55,55,45,44,51,35,58,47,56,42,57,55,43,44,59,50,42,22,33,46,35,32,20,54,51,56,48,52,65,52,35,20,16,49,54,51,,30,30,,21,48,43,38,25,26,29,30,34,29,27,30,36,29,42,32,20,26,26,25,30,24,39,29,21,26,36,28,28,28,28,34,42,27,20,25,11,13,15,15,13,11,29,30,24,20,4,30,24,29,20,24,34,23,19,21,12,14,24,13,17,21,16,14,22,24,25,20,26,18,14,22,20,14,15,12,13,18,38,36,31,39,36,38,34,27,14,30,44,30,42,37,29,36,47,54,38,20,28,29,,29,46,70,52,55,58,,22,18,29,,39,40,,26,55,27,37,37,14,17,21,,19,17,28,24,38,32,38,37,32,46,18,,,,,5,22,29,22,17,14,28,,19,16,15,18,25,6,23,18,20,20,19,16,24,16,,9,9,18,19,25,,16,17,33,27,24,32,7,16,26,15,9,22,42,23,17,,8,,9,13,26,45,45,43,27,34,29,29,30,36,41,35,,,9,26,42,51,19,13,14,11,25,23,24,27,20,28,17,31,42,24,,31,37,26,,,22,30,19,19,24,12,20,24,10,18,11,34,18,28,71,70,30,56,4,30,22,8,28,55,51,24,23,,47,36,37,49,49,44,8,4,39,29,36,29,53,40,38,41,53,51,45,69,61,38,40,45,46,34,64,56,35,19,29,53,50,51,52,32,32,29,28,40,52,55,29,43,19,32,48,42,46,52,42,12,41,30,37,15,52,54,24,63,49,52,32,32,69,48,53,48,59,54,43,47,42,,49,46,67,31,40,39,38,20,10,12,58,10,47,41,34,16,50,65,42,38,14,60,19,53,21,54,24,29,26,31,24,42,13,69,51,68,35,35,39,35,55
20171215,22,O3,60,71,43,56,55,62,68,75,65,64,57,60,,,52,,55,62,54,,43,18,33,,8,51,,5,4,7,4,2,,50,30,22,34,14,25,25,28,37,14,,14,1,5,2,1,15,2,13,17,14,6,66,,60,61,69,60,11,60,30,57,62,64,,59,3,9,10,4,5,6,6,4,13,4,56,,65,50,42,48,46,58,43,61,62,58,66,60,56,64,57,19,5,5,,10,14,4,6,9,,19,46,20,26,26,21,51,51,32,31,55,15,9,5,4,6,47,41,14,21,20,39,14,33,,17,27,9,5,10,58,12,40,55,48,58,55,52,46,54,56,41,61,13,35,22,23,25,24,38,29,21,21,18,5,11,17,16,13,39,60,60,58,62,56,,,,,5,6,,4,4,11,,24,4,22,,11,19,36,31,26,38,33,32,34,,,,34,35,,17,28,21,35,24,,34,10,13,6,24,5,21,27,,11,,3,3,2,7,11,25,7,3,3,5,3,11,8,7,48,48,58,59,,56,45,46,13,17,5,24,8,20,,,37,,34,33,,10,4,9,76,73,65,,1,1,1,10,2,3,2,17,32,18,27,38,30,,44,32,37,,42,,15,,12,,23,49,,9,,20,25,9,7,18,,19,5,7,1,7,6,10,5,5,43,23,7,5,15,13,26,5,26,7,12,7,5,8,8,12,6,5,25,17,15,17,15,32,11,18,38,34,8,23,7,22,13,12,15,20,16,14,2,3,,3,5,4,5,4,4,4,9,7,12,27,2,39,31,4,63,44,36,5,35,30,30,21,2,3,,1,1,2,5,2,1,4,5,2,2,2,6,1,4,2,5,3,,11,11,12,14,28,16,6,14,18,6,5,4,7,29,21,5,11,73,106,55,71,58,39,,4,6,1,5,15,3,4,,,6,6,5,4,5,,2,6,6,2,,,8,97,23,17,31,18,22,9,12,11,12,42,13,78,22,39,21,6,38,,56,38,,,11,8,7,6,5,7,5,11,16,16,8,5,4,67,51,73,64,66,72,,48,78,84,,,,37,16,5,5,5,8,12,,13,20,16,20,17,19,6,5,9,4,5,52,8,21,41,58,68,62,65,60,55,69,58,62,77,64,58,32,12,34,42,38,36,36,42,41,11,17,10,16,6,9,9,24,35,,5,,6,1,8,3,2,,1,12,,8,10,7,3,,2,2,9,10,11,16,8,7,10,5,68,54,52,66,61,,13,,7,,8,5,8,,4,,2,10,17,18,62,72,56,8,22,21,,4,6,5,5,4,53,60,66,53,72,56,18,16,14,15,12,13,7,10,15,10,6,19,9,72,,58,18,17,16,4,4,2,8,11,,22,24,,28,14,6,45,4,3,2,28,,,10,9,6,78,,55,63,,63,46,58,,52,36,,59,56,56,55,58,54,45,75,29,42,65,20,27,45,,35,13,16,8,17,15,11,6,27,17,16,18,20,4,15,24,12,2,7,17,8,22,37,31,38,26,15,33,38,,72,26,12,12,19,4,51,52,63,60,57,30,18,29,22,5,6,13,12,4,9,22,4,5,26,2,7,3,11,4,1,6,21,2,4,,6,3,2,4,2,6,10,,,,11,10,13,2,5,3,6,3,5,8,5,54,52,,68,14,7,7,9,12,2,5,4,9,5,21,19,30,8,,10,,,27,4,12,15,45,23,16,11,18,13,25,26,20,29,27,33,29,25,23,60,55,51,13,14,13,25,11,12,25,9,26,17,21,7,12,2,8,6,3,35,,,33,9,19,22,19,54,21,36,32,28,38,41,23,21,,14,7,5,26,34,30,13,66,7,26,18,16,15,37,51,13,13,7,9,14,9,10,3,5,3,4,3,67,60,68,49,,68,75,66,77,11,7,3,32,27,37,17,49,12,3,4,5,31,45,6,5,10,5,54,43,33,42,49,51,35,1,54,43,60,76,55,68,62,60,22,31,34,37,40,,49,59,,,66,61,34,15,28,20,35,14,11,33,21,43,25,59,65,28,32,,52,,1,,,30,16,4,42,35,26,23,6,7,8,5,,18,13,70,57,68,67,62,64,62,64,57,57,65,95,,46,46,70,60,,69,67,35,59,59,68,,65,67,65,74,38,45,54,6,,58,22,62,70,,,44,60,44,50,77,78,80,48,46,59,58,53,12,12,4,8,23,,22,24,54,53,48,65,42,30,28,16,25,21,20,39,23,23,3,32,47,80,75,69,42,25,28,54,61,55,51,,,35,12,45,30,42,41,26,35,27,10,49,37,53,25,46,48,53,47,68,49,40,13,10,24,16,9,8,,11,14,17,19,19,12,9,10,19,5,19,18,23,17,43,22,26,28,21,34,15,38,33,39,9,,8,10,19,16,26,23,24,12,25,4,,30,47,54,38,60,44,57,43,34,55,4,4,8,27,45,22,25,9,2,3,5,4,1,2,1,1,1,2,1,3,5,1,2,2,14,2,2,1,5,2,5,6,4,3,6,22,22,43,13,12,11,3,2,4,6,6,6,6,6,7,7,6,7,5,1,5,2,6,8,12,5,,8,3,4,7,,14,5,6,,7,4,13,,2,4,15,11,11,15,,,2,,16,10,14,2,1,3,3,2,80,8,13,5,5,6,10,,12,16,23,16,12,11,,48,51,,21,2,3,2,2,26,35,38,4,8,33,20,13,17,21,26,47,44,47,42,40,19,9,9,50,21,19,9,3,8,2,32,4,24,15,19,42,41,32,22,20,67,26,29,35,34,7,6,,7,11,6,,29,31,32,34,40,17,21,12,11,18,15,8,5,8,14,8,1,13,26,44,39,40,16,10,85,4,30,31,5,7,10,7,,4,3,5,2,3,6,4,28,6,8,17,32,23,20,,20,34,41,32,47,58,,60,33,81,,14,3,,22,17,17,2,7,30,18,10,,46,55,61,39,41,47,21,26,35,47,51,,,,,26,40,28,31,10,18,41,,32,40,69,30,28,43,68,60,32,29,33,27,69,58,,50,56,11,14,17,,75,70,34,38,22,11,81,80,9,23,61,86,12,51,17,,50,,66,64,40,6,14,24,18,20,25,42,5,5,4,39,,,66,53,67,80,72,55,36,37,77,68,51,51,66,54,36,62,64,78,,58,49,76,,,66,29,92,57,47,54,30,38,70,71,73,69,74,50,,5,7,,81,36,35,46,17,30,17,49,61,,56,47,46,6,3,13,40,64,130,30,20,40,18,25,46,2,3,34,49,2,58,63,42,53,8,35,53,30,32,20,31,9,14,17,2,38,5,21,53,34,12,10,21,30,58,3,22,62,27,10,51,61,27,42,26,16,,3,25,1,35,46,21,7,14,1,7,33,16,5,4,5,61,,44,4,6,4,32,19,11,25,64,54,9,55,56,46,13,25,34,3,46,60,39,,8,2,57,8,16,12,16,11,19,75,60,9,8,10,10,2,7,2,8
20171215,22,O3_24h,63,73,43,59,58,65,74,77,68,66,61,63,,,62,,63,66,69,,55,77,69,,70,57,,23,15,17,5,12,11,60,70,73,70,72,67,71,48,50,41,,36,28,28,32,5,51,38,38,43,42,37,73,,81,77,83,65,60,72,69,67,66,66,,62,57,65,63,30,37,35,28,22,23,23,63,,77,77,58,58,54,64,63,70,71,72,76,70,76,72,63,59,46,61,,66,67,49,34,48,,66,75,64,68,66,64,74,69,66,63,78,50,53,17,40,41,69,70,57,66,70,92,78,81,,61,67,35,43,52,103,86,72,57,59,58,62,63,54,65,74,67,72,25,40,30,31,34,29,44,38,38,39,31,26,28,34,27,43,56,65,72,61,62,62,6,,,,6,9,,14,10,15,,36,42,53,,29,33,36,40,32,39,34,52,34,,,,34,47,,46,49,39,51,54,,50,95,30,52,27,24,59,46,,46,,18,26,23,10,13,34,7,3,5,5,6,11,8,15,48,48,58,59,,56,45,46,24,22,8,31,21,24,,,37,,42,36,,39,31,30,81,84,72,,12,16,22,25,25,14,22,35,32,20,28,38,31,29,50,32,37,32,55,,53,,51,35,49,69,,18,,30,32,23,15,36,,26,21,27,10,20,36,24,26,24,45,23,12,5,20,20,26,35,26,20,24,20,19,18,22,36,16,21,28,28,26,19,21,37,16,20,43,34,13,26,13,25,16,15,16,25,17,18,12,24,,14,35,24,19,19,27,21,27,92,92,90,69,120,128,68,94,122,84,109,84,68,105,77,14,15,11,21,24,11,17,17,45,52,59,53,42,40,37,44,77,72,54,84,90,86,96,90,97,117,17,16,14,20,21,19,16,23,31,25,17,21,81,110,65,74,76,52,,39,45,38,34,50,25,26,,,51,29,47,30,26,,61,78,68,60,,,63,97,26,30,36,30,26,16,25,11,25,103,80,102,100,100,90,86,96,,102,83,98,,84,75,56,88,71,99,86,88,88,79,96,75,70,91,79,85,90,85,91,,58,89,84,,,,77,52,18,23,45,29,22,,48,25,16,22,19,24,9,10,10,8,9,58,11,21,41,70,77,69,77,66,65,79,72,71,85,77,89,84,79,72,56,41,45,46,65,69,65,75,76,64,76,69,63,63,77,,19,,16,13,20,16,39,,41,40,,36,37,38,36,30,38,22,37,27,44,35,14,11,21,37,75,58,58,71,64,,45,,40,,32,38,34,49,36,34,16,44,60,68,66,74,61,34,39,33,,31,28,30,27,21,89,97,91,81,97,115,49,48,46,50,48,44,113,64,66,42,32,29,20,96,99,97,38,41,43,66,74,75,21,22,,95,112,,144,124,120,143,16,22,21,71,,,33,31,34,87,,60,71,,63,105,97,,101,91,,66,65,65,65,66,54,65,75,47,50,98,54,52,63,,77,67,73,76,91,68,64,62,68,69,54,68,58,54,58,55,47,45,52,67,75,78,69,65,74,60,67,71,76,,84,60,48,62,53,61,54,52,64,61,63,61,47,47,50,45,16,18,16,23,29,28,32,29,110,15,23,19,23,24,8,96,95,47,78,,58,52,58,57,22,19,25,,6,,18,10,18,18,16,18,26,53,60,53,66,68,63,,82,40,11,12,30,17,27,40,41,17,15,23,25,33,20,,29,,,41,33,48,70,57,28,19,14,21,19,27,27,26,36,35,47,35,31,24,70,77,90,47,72,75,48,52,30,48,56,47,84,96,96,88,26,19,27,16,66,,,78,80,73,75,81,103,100,106,94,110,87,47,30,29,,26,38,46,60,86,69,85,94,86,94,80,95,32,83,91,79,97,76,88,89,83,88,87,73,69,72,63,75,72,77,67,,70,85,75,77,52,44,36,60,52,58,76,235,38,33,20,27,31,45,29,36,21,24,183,48,38,50,63,64,44,1,61,46,60,76,59,69,76,68,34,38,50,38,52,,49,59,,,66,61,48,38,39,38,94,31,33,71,35,54,33,59,65,45,37,,71,4,8,,,63,197,12,61,55,52,50,50,57,48,56,,68,91,81,74,82,84,90,87,79,84,72,76,82,96,,50,52,75,65,,80,78,67,77,64,68,,69,74,78,79,49,46,65,36,,73,48,79,85,,,56,65,65,65,89,93,93,69,58,64,66,67,66,61,61,65,45,,54,43,69,70,65,77,51,58,57,62,72,51,62,68,59,51,57,47,64,84,75,77,55,44,44,68,84,55,51,,43,60,58,70,37,42,53,66,57,65,42,70,43,64,53,60,58,57,91,101,53,51,38,77,90,34,34,42,,33,24,26,31,25,16,20,21,39,16,53,28,26,17,61,41,31,55,27,59,36,54,44,99,17,,19,19,26,24,36,27,36,33,58,60,,45,52,61,52,94,68,68,67,76,72,33,37,37,38,84,39,43,29,36,37,31,23,22,14,26,25,26,32,35,30,14,3,5,4,17,24,22,14,13,10,14,17,18,21,20,34,28,54,23,21,53,25,22,18,32,32,29,25,25,17,18,18,17,19,20,18,17,19,15,16,12,,13,5,10,12,,15,11,31,,34,44,51,35,36,45,51,54,53,54,72,70,72,66,55,58,54,11,8,11,8,9,95,55,50,62,28,24,37,36,19,24,28,35,35,35,,48,51,,26,8,8,9,9,59,58,65,25,31,33,20,13,17,21,26,47,44,47,42,40,39,32,195,69,35,26,13,8,12,6,32,14,24,26,20,44,42,40,35,37,67,36,43,36,43,43,33,33,24,27,15,15,36,35,40,36,41,22,26,20,17,21,22,23,17,30,26,16,10,56,52,51,39,40,38,33,94,73,74,84,79,64,65,89,42,51,48,48,56,57,59,48,81,58,58,49,59,52,48,,46,48,65,32,62,81,,88,94,130,,64,66,,64,72,65,61,66,66,78,76,,46,76,79,70,74,76,53,43,57,73,61,,,,,57,54,51,48,16,33,41,,38,103,105,52,54,95,101,95,80,87,93,88,79,74,,71,68,69,54,90,,89,107,80,82,53,79,107,119,73,81,94,92,82,93,64,,70,,71,69,68,61,53,74,88,80,83,83,39,28,28,86,,,79,88,89,96,86,81,84,77,101,89,74,72,89,81,56,85,68,96,,81,72,79,,,80,87,120,79,83,61,53,57,82,82,81,69,96,64,35,38,57,63,98,51,45,58,48,87,51,126,91,,81,74,91,28,20,35,56,66,130,50,47,45,86,65,83,24,69,50,57,12,61,72,56,69,42,55,56,33,32,37,40,38,44,43,56,38,81,76,67,79,66,61,49,38,77,80,29,65,73,19,58,67,59,69,67,21,9,30,47,15,36,46,47,8,17,39,19,41,36,31,37,31,71,,55,11,62,18,147,45,48,66,82,55,35,69,68,84,25,36,62,10,52,65,54,14,45,15,110,52,50,48,53,46,68,89,76,43,38,34,65,28,29,29,28
20171215,22,O3_8h,60,69,35,52,49,59,68,59,63,53,55,60,,,49,,44,53,45,,38,38,36,,39,43,,12,6,8,4,5,4,49,36,36,35,34,35,35,34,27,24,,22,8,5,11,,24,14,20,25,23,16,66,,63,63,61,56,34,68,53,58,59,60,,54,31,36,39,14,15,17,13,10,13,10,53,,67,60,52,47,46,59,51,65,62,64,67,62,66,65,55,42,15,17,,29,25,16,12,16,,32,58,44,42,47,44,58,58,50,53,68,23,19,7,14,15,48,50,24,37,41,45,20,46,,30,39,20,18,24,64,30,48,44,39,40,44,37,43,45,54,33,42,14,35,24,18,23,24,37,26,27,27,22,9,13,16,16,25,34,54,58,51,51,51,2,,,,4,5,,5,4,10,,24,22,36,,10,16,14,15,15,19,21,26,29,,,,29,36,,29,32,18,31,15,,32,32,18,20,20,14,42,37,,28,,7,8,8,6,11,28,5,2,3,3,3,7,5,7,18,29,48,50,,28,34,31,14,8,5,12,10,16,,,31,,26,22,,10,4,10,78,74,65,,4,6,5,11,10,6,10,24,15,15,24,20,24,18,40,25,19,14,33,,22,,17,6,38,59,,12,,20,26,6,9,23,,16,12,15,5,12,19,16,14,13,26,6,8,4,14,15,17,8,12,7,12,8,4,9,9,11,7,9,21,16,13,13,14,23,10,14,27,29,9,22,9,23,13,12,15,21,14,16,5,7,,5,11,9,8,6,8,6,14,51,48,54,25,79,81,40,80,94,71,55,53,48,60,41,4,6,2,6,7,6,9,8,9,12,17,15,7,6,11,5,17,16,13,7,14,42,46,46,56,71,14,10,11,11,11,9,8,15,27,18,9,13,77,102,58,69,64,32,,13,11,15,8,5,4,11,,,11,8,6,11,8,,28,42,38,24,,,38,77,16,15,26,18,12,5,10,7,8,74,50,91,60,71,60,52,81,,87,70,92,,44,35,24,44,35,45,44,50,42,38,40,34,30,79,68,79,78,68,71,,44,77,57,,,,48,32,10,9,28,20,14,,36,22,14,19,16,20,7,7,9,5,6,48,9,19,37,60,69,61,65,59,60,68,64,63,76,67,64,46,39,44,47,36,41,41,43,37,45,41,34,32,22,43,33,38,59,,9,,7,2,9,6,16,,19,23,,19,19,19,15,13,14,6,18,11,26,22,8,8,8,22,68,48,50,59,54,,23,,19,,17,13,14,28,22,1,7,10,16,20,49,61,46,12,19,14,,7,8,7,7,5,64,71,78,57,82,82,22,18,18,20,16,20,37,20,22,18,18,21,12,87,88,82,22,22,23,28,32,30,12,14,,67,78,,76,64,36,94,7,6,5,55,,,10,10,10,72,,48,56,,47,69,66,,68,56,,60,58,59,59,60,37,41,42,30,33,75,40,41,45,,40,33,35,20,35,39,35,26,38,32,24,38,31,22,32,34,24,13,22,29,35,37,36,41,52,43,41,50,61,,74,30,21,20,33,21,44,41,58,56,52,44,21,32,24,22,8,9,9,13,10,16,14,9,24,3,10,4,13,7,2,18,18,14,29,,25,19,19,17,11,11,16,,2,,5,5,7,6,7,7,11,24,27,24,31,47,54,,71,11,8,9,12,13,10,22,20,8,11,22,19,29,11,,20,,,34,16,23,36,50,22,14,10,18,16,26,26,23,27,30,41,29,28,18,58,61,67,23,42,41,28,32,19,30,26,33,50,67,50,44,14,12,12,6,44,,,55,54,50,49,52,71,61,70,60,65,57,32,12,10,,8,9,10,38,45,43,44,60,37,57,38,70,22,62,75,66,56,32,38,55,38,44,29,38,26,28,27,70,67,72,55,,59,70,66,69,30,23,21,27,39,43,52,62,21,14,9,9,11,13,8,10,13,12,55,29,27,25,58,60,34,1,46,34,40,53,41,50,52,50,24,32,37,29,30,,32,40,,,48,49,38,15,26,30,32,12,12,44,28,40,23,49,55,36,30,,50,1,1,,,52,32,9,50,43,43,40,36,40,36,37,,37,62,67,56,65,67,74,75,63,67,58,59,64,75,,43,41,67,59,,71,69,52,61,56,62,,62,69,72,76,40,36,58,10,,66,40,73,76,,,47,57,51,56,80,77,79,50,46,59,57,50,30,29,23,22,27,,22,27,46,49,43,62,40,32,28,32,38,35,46,56,49,23,33,35,42,76,71,72,35,28,32,52,36,32,23,,,37,14,59,12,22,44,37,37,34,17,56,23,44,34,46,44,47,64,61,40,44,19,24,22,25,19,21,,26,16,21,24,20,11,10,12,21,6,17,15,23,14,46,29,22,42,20,42,16,47,38,40,9,,9,10,17,17,23,23,20,11,48,46,,31,46,52,37,48,53,62,54,62,64,4,6,8,18,52,30,32,13,12,12,11,9,3,2,2,6,2,3,3,6,8,2,3,2,14,7,5,3,6,2,6,5,4,4,6,27,22,46,15,15,28,11,8,10,8,7,7,7,7,7,8,8,8,7,4,6,3,9,11,13,7,,8,4,7,8,,13,7,11,,11,22,32,16,18,17,24,24,26,32,26,32,34,23,33,42,32,2,2,3,3,2,86,29,30,27,15,12,17,19,7,10,16,22,22,17,,39,44,,13,3,4,4,4,44,44,41,14,18,20,11,7,9,12,16,38,30,37,29,30,33,25,25,55,31,23,10,4,8,3,27,11,19,21,12,40,37,34,29,31,49,28,32,31,33,19,22,6,9,14,8,1,25,28,27,33,39,20,20,12,11,17,18,13,10,17,16,10,4,33,31,37,28,28,24,19,90,46,53,64,34,30,40,43,21,28,26,23,32,26,33,22,56,25,28,28,46,36,33,,32,40,39,21,44,66,,68,44,79,,33,31,,44,43,39,30,36,54,33,34,,43,64,67,55,61,62,38,26,41,53,55,,,,,51,44,27,35,8,21,24,,28,73,83,36,39,79,83,76,60,60,64,59,74,66,,56,59,35,24,54,,80,86,59,60,37,45,83,84,43,62,85,83,56,76,46,,64,,64,64,53,35,36,49,47,46,48,56,18,17,15,68,,,72,57,66,68,75,71,65,61,91,80,65,62,78,61,40,67,64,88,,69,58,74,,,71,64,97,68,68,57,40,44,75,74,77,68,85,55,17,24,29,28,83,41,36,38,27,52,35,66,77,,66,60,73,15,10,20,51,42,100,35,28,38,63,38,59,6,35,28,42,5,49,62,40,56,24,38,49,20,27,25,31,19,25,29,33,26,57,54,58,52,29,21,36,27,65,38,23,59,44,7,45,54,31,44,45,10,1,10,27,4,31,36,36,6,13,17,9,31,21,6,17,8,64,,33,6,26,10,86,22,27,41,68,49,13,58,51,58,13,23,42,5,43,51,46,3,15,5,96,34,26,27,30,24,54,74,67,24,9,13,39,13,18,13,16
20171215,22,O3_8h_24h,60,69,35,53,54,59,69,62,63,53,58,60,,,54,,55,59,59,,46,52,53,,53,49,,16,9,11,5,7,7,49,56,57,56,60,54,59,44,40,35,,26,12,10,16,,34,21,26,30,30,22,69,,69,70,75,60,54,70,67,63,59,62,,55,44,50,50,22,26,26,21,16,18,16,53,,67,60,54,47,46,59,51,66,65,68,69,64,71,67,57,55,38,49,,58,55,38,28,36,,56,65,55,56,56,61,63,61,58,57,72,42,44,13,34,34,59,62,45,59,63,72,52,81,,44,50,28,30,36,90,57,58,47,50,45,55,49,43,54,66,56,64,25,35,25,30,34,24,37,38,28,30,26,19,21,25,20,34,39,54,58,51,51,51,3,,,,4,6,,10,6,14,,26,32,43,,27,25,23,36,24,28,27,32,29,,,,29,40,,41,39,29,44,44,,43,36,30,22,23,16,48,40,,34,,12,14,13,7,11,31,5,2,3,4,4,7,6,7,18,29,48,50,,28,34,31,18,22,7,20,12,16,,,31,,26,22,,34,30,24,80,82,65,,9,11,20,25,19,8,11,24,16,19,26,35,25,27,48,25,21,30,52,,53,,39,32,48,66,,14,,29,26,20,13,32,,21,13,16,5,12,20,17,15,13,35,6,10,5,17,16,21,19,12,13,18,13,14,12,14,22,11,17,22,16,13,16,14,24,10,14,27,29,10,22,10,23,13,13,15,22,14,16,8,14,,8,22,16,16,12,19,12,23,87,80,75,62,95,100,60,87,108,75,90,68,60,77,56,8,11,6,12,12,9,14,13,15,21,26,20,19,18,19,18,42,40,32,44,40,60,62,61,69,94,14,13,11,15,14,16,12,20,30,19,11,16,78,104,62,71,70,45,,39,34,30,22,30,21,16,,,39,24,42,28,26,,42,60,49,36,,,47,77,24,26,26,28,22,14,23,10,22,87,65,92,80,84,75,72,89,,92,78,92,,53,43,30,54,42,57,54,60,55,51,51,42,36,81,71,79,80,71,80,,48,81,68,,,,68,45,11,14,35,21,20,,48,22,14,19,16,20,8,9,9,6,8,48,10,19,37,64,72,64,70,61,61,72,66,68,79,70,80,75,71,64,47,36,41,42,57,60,56,65,66,55,65,61,61,59,71,,13,,12,8,13,10,30,,30,24,,20,29,29,28,15,17,16,28,11,27,22,11,9,21,33,68,48,50,59,54,,23,,20,,18,22,21,33,23,26,8,25,30,33,49,61,46,23,30,22,,31,27,29,25,19,75,80,82,64,82,88,47,42,42,44,42,38,76,36,41,35,22,23,15,90,91,89,24,27,28,53,59,58,17,18,,83,97,,102,92,87,118,12,12,12,63,,,18,17,18,83,,53,65,,56,79,73,,78,67,,60,58,59,59,60,37,41,42,41,33,75,46,46,56,,65,58,60,51,66,62,52,52,59,60,45,60,51,44,50,47,39,33,40,54,61,63,53,56,63,53,56,61,70,,76,50,42,47,44,50,44,41,58,56,53,53,32,38,38,35,12,15,13,18,26,26,30,26,71,13,16,18,20,18,6,21,88,30,54,,36,30,36,32,13,12,17,,2,,8,5,9,10,11,12,17,36,41,36,44,49,55,,71,34,10,10,19,14,17,28,30,13,13,22,22,30,16,,23,,,36,32,48,47,50,26,17,11,18,16,26,26,23,28,30,42,29,28,19,63,69,72,31,54,57,34,38,25,33,36,37,60,74,69,63,21,14,20,12,56,,,65,64,55,57,60,81,71,84,72,80,69,47,25,20,,24,38,40,45,53,46,55,81,62,81,64,83,23,70,80,76,80,50,58,71,53,64,56,44,36,40,46,72,68,74,62,,67,80,70,70,41,32,28,53,42,53,65,215,24,18,18,27,11,13,16,27,14,12,55,29,27,25,58,60,34,1,46,34,44,53,41,50,52,50,26,32,40,32,43,,33,41,,,60,52,41,25,30,31,81,25,28,52,32,40,23,52,57,36,30,,54,3,8,,,58,76,10,51,45,46,43,44,50,43,47,,53,74,67,58,66,68,75,77,71,76,63,64,75,75,,43,41,67,59,,71,69,58,64,56,62,,62,70,73,76,46,40,63,35,,70,45,75,81,,,54,63,59,59,89,92,92,63,53,61,61,61,54,51,48,49,42,,44,38,49,55,46,65,47,50,51,58,63,42,53,57,53,39,48,42,57,76,71,72,46,32,36,59,58,54,23,,39,58,54,66,31,36,48,50,43,48,29,65,26,48,43,60,57,56,76,75,46,46,31,60,50,28,32,42,,27,23,22,25,20,11,15,13,32,7,53,26,23,14,52,37,27,50,24,43,33,49,40,70,13,,13,18,22,24,35,25,32,31,50,51,,38,47,58,40,58,66,65,57,70,68,32,35,34,27,82,36,37,26,25,27,27,17,12,11,26,24,24,31,33,30,11,3,4,3,16,20,16,9,8,6,10,13,13,13,13,30,25,46,18,17,36,18,14,16,20,22,20,18,19,16,15,15,14,18,13,12,10,14,12,14,9,,10,5,9,10,,13,8,17,,18,28,36,21,24,30,35,37,36,44,48,49,61,44,42,51,40,9,7,6,7,8,87,40,36,35,24,18,22,23,18,23,27,27,27,26,,39,44,,24,7,7,7,7,51,48,48,18,21,20,11,7,9,12,16,38,30,37,29,30,34,27,48,55,32,25,12,6,10,4,27,14,19,21,12,41,37,35,31,35,49,28,32,31,33,30,24,20,19,22,12,4,36,34,39,33,39,20,23,17,13,19,22,22,15,24,19,14,9,39,35,37,28,28,29,27,90,65,64,78,54,40,47,55,33,40,35,36,40,36,43,31,63,38,39,33,48,41,37,,36,43,39,21,54,71,,74,56,108,,46,47,,52,56,56,41,51,59,47,53,,43,65,68,61,67,65,45,28,48,60,55,,,,,54,44,36,40,9,24,24,,36,84,86,38,44,92,100,95,75,79,75,72,76,70,,62,63,48,38,69,,80,90,67,65,38,58,84,94,58,73,87,83,70,84,55,,69,,69,64,54,46,41,56,74,64,68,69,28,22,20,80,,,75,74,74,72,78,78,72,72,98,84,69,69,84,75,52,70,64,89,,73,60,74,,,72,80,110,71,82,58,47,52,80,77,80,69,92,61,27,28,43,49,85,44,40,55,36,62,38,66,78,,70,68,78,20,12,24,54,65,110,40,38,38,71,58,64,14,51,40,47,8,49,62,48,60,31,43,49,20,27,37,34,20,26,29,43,26,74,64,59,60,56,50,40,30,67,55,23,59,55,7,51,62,52,65,61,21,5,20,38,6,32,36,39,7,16,25,11,34,26,30,35,25,64,,44,8,43,15,110,33,33,61,77,53,25,63,52,68,18,33,52,8,45,51,50,5,40,6,101,44,37,37,39,34,63,76,69,33,38,20,42,19,20,20,18
20171215,22,CO,0.2,0.2,0.2,0.3,0.2,0.3,0.2,,0.2,0.4,0.2,0.4,,,0.6,,0.1,0.4,0.3,,0.9,0.5,0.7,,0.7,0.4,,2.5,2.1,2.5,3,2.2,1.8,0.7,0.6,1.1,0.6,1.1,0.9,0.7,1,0.8,1.4,,1.7,2.6,3.1,2.6,3,2.6,2.3,3,2.8,3,2.3,0.2,,0.2,0.6,0.7,0.1,0.9,0.3,1,0.4,0.3,0.1,,0.1,1.4,1.3,1,2,2.4,1.9,2.8,2.9,3.1,2.7,0.2,,0.7,0.9,0.6,0.4,0.5,0.5,0.4,0.7,0.6,0.5,0.5,0.6,0.6,0.2,0.9,0.6,0.7,1.4,,1.5,0.7,1.1,0.6,0.8,,0.9,0.4,0.8,0.9,0.8,0.8,0.9,0.8,,1,0.9,1.2,1.3,1.4,0.8,0.8,0.5,1.1,0.9,0.7,0.8,0.8,1.4,1.1,,1.1,0.9,2,1.4,1.2,1.1,1.2,3.4,0.6,1,0.8,0.7,0.7,0.6,1,0.7,0.8,0.6,0.5,0.7,0.2,0.9,0.7,0.9,0.6,0.2,0.6,0.9,0.9,1,0.7,0.7,0.6,0.5,1.2,1,0.9,1.1,1.1,0.9,1.9,,,,1,1.2,,1.2,0.8,0.9,,0.9,0.7,0.8,,1.2,1.1,1.4,1.2,1.4,1.1,1,1.2,1.2,,,,0.8,0.9,,0.5,0.6,0.6,1.1,1.2,,0.9,1.1,1.3,1.1,0.9,1.2,1.7,1.4,,1.4,,1.6,1.9,1.8,1.1,0.8,0.6,0.7,1,0.8,0.9,0.9,0.7,0.6,0.6,0.7,0.6,0.4,0.6,,0.4,0.6,0.5,0.5,0.3,0.5,0.6,0.7,0.9,,,0.8,,0.8,0.7,,0.8,0.8,0.9,0.7,0.7,0.7,,0.9,0.7,0.6,0.6,0.8,0.8,1,0.9,,0.6,1,0.6,0.7,0.7,0.5,0.6,0.4,0.5,0.6,,0.8,,0.7,0.5,0.3,0.6,,0.8,,1,1,0.8,1,,,1.4,1.6,1.7,1.3,1.4,1.5,1.5,1.5,1.5,1,1.2,1.1,1.2,1.3,1.4,1.1,1.6,0.9,1.6,1.9,2.2,2.7,2.4,1.9,2.3,1.7,2.6,0.8,0.9,1.2,0.9,0.8,1,1,0.8,0.8,1.2,1.1,0.9,0.7,0.8,1,1.1,0.9,1.1,1.1,0.7,1.4,1.4,,0.9,1,1.2,0.9,1.3,1,1,0.9,1.1,1.2,1.2,1.3,0.7,0.7,1.2,0.7,0.9,0.8,1.1,1.1,1.3,1.2,1.1,0.9,1.3,1,1.3,1.1,1.1,0.9,0.9,1.5,1.3,1.2,1.4,1.1,1.1,1,1,1.6,1.3,1.3,1.3,1.4,1,1,1.2,1.2,1.1,1.1,1.4,1.1,0.6,1,,1.4,1.5,1,0.9,1.2,1.3,0.5,0.6,0.5,0.5,0.7,0.8,,1.3,1,1,1.2,1,1,0.9,,,1,1.2,0.9,1.1,1.1,,1.2,1.1,1.1,1.4,,,1.3,0.6,0.8,0.8,0.9,0.9,0.6,0.9,1,0.8,1,1.3,1,0.6,1,0.9,1,1.1,2.2,,1.1,1.1,,,1.8,2.6,2.7,1.4,1.8,1.9,1.5,,1.8,2.2,1.8,2.8,1.5,0.3,0.5,0.4,0.3,0.5,1.7,,1,1,0.1,,,,1,1.2,1,1.2,1.6,1.1,1.2,,1.6,0.7,,1,0.9,0.9,0.9,0.7,0.8,1,1,0.7,0.7,0.9,0.7,0.6,0.5,0.3,0.6,0.4,0.3,0.4,0.6,0.4,0.5,0.4,0.4,0.9,0.6,0.5,1,0.7,0.9,1,0.7,0.6,0.6,2.2,2.1,2.8,2.8,0.5,0.8,0.7,0.7,,2.4,,2.4,2.3,2.4,2.4,3,,1.6,1.6,,1.6,1.2,0.8,1.3,1.9,2.1,2.3,3.8,2.9,2.5,1.3,0.8,1.1,1.2,1.4,0.5,0.8,0.4,0.8,0.6,,2.7,,2.8,,2.4,1.3,1.8,1.4,1.9,1.4,1.7,1.5,1.4,1.2,0.3,0.3,0.3,1.5,1.3,1.3,,1,1,1.1,1.3,1.2,1.2,0.9,0.6,1,0.7,0.8,1.2,1.1,1.2,1.1,1,1.2,1,1.6,1.3,1,0.8,0.8,0.7,0.8,,0.7,0.9,0.7,0.9,1.1,1.2,1.4,1.3,1.1,,0.9,1,,1,1,1.2,0.9,0.9,1.1,0.8,1,,,2.9,2,2.6,0.9,,0.7,0.6,,0.6,1,0.9,,1,1,,0.7,0.1,0.8,0.7,0.6,,0.4,0.3,1.8,0.5,0.8,1.1,1.3,0.6,,2,3.7,2.7,2.6,3.2,1.6,1.1,1.7,1.8,2.4,1.6,1.1,2.3,2.1,1.6,1.1,1.9,3.9,1.6,3.6,3.2,3.1,0.5,1,0.8,1,2.5,1.1,1.1,,0.5,0.8,1.1,1.8,1.8,2.3,0.7,0.4,0.5,0.7,0.5,1.5,0.7,1,0.5,1.4,1,0.6,0.7,0.8,0.9,0.6,0.9,0.7,0.7,1,1.4,1.1,1.5,0.7,1,1.1,0.7,2.6,2.7,,3,3.8,3.9,3.4,2.8,2.5,3.2,,3.7,,1.9,1.8,1.8,3,3.6,2.7,2.8,2.1,2.3,2.2,2.2,0.9,0.5,,0.5,1.8,1.4,1.9,2,1.7,1.6,1.8,1.7,0.9,1,1,1.2,1.1,1.1,,1,,,1.4,1.9,,1.3,0.9,0.9,1,1,0.9,0.9,1,1.4,1,0.9,1,1.4,1.2,1,1.1,0.6,0.5,0.8,0.9,1.2,1.2,0.9,1.1,1.1,0.8,1.2,1,2.5,1.6,3.2,1.1,0.9,1.1,1.2,0.6,1.1,,,0.9,1.1,0.9,1.1,1,0.9,1.3,1,0.9,1,0.9,0.8,0.6,1,,1,1.4,1.3,1.2,1.2,0.7,1.3,0.8,2.2,1.5,4.4,1.3,1.8,,1,1.1,0.8,1.4,2,1,2.3,1.2,1.4,1.5,1.8,1.6,1.6,0.4,0.5,0.3,0.4,,0.4,0.2,0.3,0.3,1,0.7,0.8,0.8,1.1,2.4,1.2,0.8,2.6,3,2.2,2.7,1.1,0.5,1.8,1.8,1.8,1.8,0.5,0.3,1.5,0.6,1.3,1.6,1.3,0.6,0.5,0.6,0.6,0.5,0.5,0.7,0.4,0.8,0.9,0.9,1,0.7,0.6,0.8,0.8,0.7,,0.6,0.5,1.1,0.6,0.7,1,0.9,0.7,1.1,1.2,1.1,1.2,0.5,0.5,0.6,0.6,0.5,0.6,,0.6,0.4,0.5,,,0.8,0.5,0.8,1.5,1.2,1.6,1.4,1.8,1.8,1.8,1.5,,0.9,1,0.6,0.7,0.8,0.2,0.4,0.4,0.3,0.7,0.6,0.6,0.3,1,,0.3,0.9,0.8,1.1,,0.7,0.6,0.6,0.9,0.8,0.4,,1.1,0.6,0.3,0.3,0.5,0.8,2.1,1,,0.6,1,0.4,0.3,,,0.5,0.2,0.9,0.7,0.5,0.5,0.3,0.4,0.3,0.4,0.3,0.5,2,2.3,1.5,3,0.8,,0.7,0.3,0.5,0.8,0.6,0.5,1.2,0.9,0.9,1.2,1.6,1.1,0.9,1,0.9,0.7,1.5,0.4,,0.7,0.7,0.8,0.5,1.2,1.6,1.2,,0.8,0.7,,0.7,1.1,1.2,0.9,0.6,0.9,0.4,1.5,0.8,1.1,1.1,0.7,1,0.2,0.9,0.8,0.7,0.7,1.1,0.8,0.5,0.7,0.9,1.1,0.9,1,1,1,,0.7,0.9,0.7,0.9,0.7,1,1.1,1.4,0.7,0.7,0.7,0.7,0.5,0.7,0.5,0.6,0.6,0.6,0.7,0.7,0.9,0.5,0.5,0.6,0.9,,1.2,1,1.2,1,0.6,0.6,0.7,0.7,1.6,1.6,,0.6,0.6,0.7,0.8,0.7,0.8,0.5,0.5,0.5,0.4,0.9,0.7,0.7,0.5,0.5,0.5,0.6,0.4,0.8,0.9,1,0.7,0.8,1.7,1.6,0.4,0.7,0.8,0.6,0.7,1,1.5,1.2,1.2,1.2,0.7,0.9,1,1.1,1.3,0.3,0.5,0.5,0.5,0.6,1.5,1.6,1.4,1.3,1.6,0.8,0.9,1.1,1,1.4,1.8,1.4,1.3,1.8,0.6,0.8,0.6,0.9,0.4,1.1,0.8,0.9,1.2,2.6,2.8,2.4,,2.7,2,2.7,2.4,,2.3,2.5,2.5,,2.6,1.9,1.9,1.8,2.2,3.2,1.9,2.3,1.9,2.1,1.8,1.9,1.6,1.7,1.5,1.3,1.4,0.8,0.9,1.2,0.9,0.9,1,1.8,1.6,1.9,1.3,2,1.3,,1,1.1,0.8,1.3,1.4,1.4,,1.1,1.2,,0.7,0.8,1.3,1.4,1.4,1.7,1.5,1.6,1.3,1.2,0.6,1.2,1.4,0.9,1.1,1.3,0.7,0.9,0.6,0.8,0.9,1.4,2,1.6,1.8,1.2,1.3,1.4,1.6,1.3,1.5,0.8,0.7,0.6,0.6,0.9,1.2,0.7,1.1,0.8,0.9,1.1,1.3,1.1,1.6,1.7,0.7,0.3,0.8,1.2,1.2,1.1,1.3,1.1,0.9,1,1.2,0.6,1,0.8,0.7,0.9,1,1.1,1.3,1.4,1.2,1.3,0.8,0.9,1.1,1.1,1,1,0.9,1.3,1.1,0.6,1.3,1,0.8,1.2,1.2,1.1,1.2,1.3,1,0.7,0.8,1,1.2,0.9,0.8,0.7,0.5,1,0.4,1,0.9,1,,0.9,1.2,1.2,1.3,1.4,1.2,,1,0.9,0.6,,0.7,1,,1,0.9,1,1.1,1.2,0.8,1.4,0.7,,0.7,0.9,0.9,0.9,0.9,1,0.8,1.5,1.2,1.8,0.8,,,,,1.1,0.7,1,0.9,0.9,1.5,1,,0.9,0.9,0.8,1,0.9,1.4,0.9,1,0.5,0.5,1.1,1.5,0.8,1.1,,0.4,0.5,1.2,1.2,0.5,,0.8,1,0.9,0.9,0.9,1.3,0.4,0.4,2.7,3.7,0.6,0.8,2.5,0.7,5.2,,0.6,,0.4,0.3,1,1.9,1.4,1.8,0.8,1.9,0.9,1,1.3,2.2,1.5,0.9,,,0.5,0.6,0.4,1.1,0.4,0.8,0.7,0.2,0.1,,0.6,0.5,0.6,0.7,0.6,0.6,0.8,0.3,,0.9,1.3,0.9,,,1.2,2.2,0.7,0.7,1.1,0.3,0.5,0.4,0.5,0.8,0.5,0.6,0.7,0.2,4.2,6.8,3.1,3.7,0.6,1.6,0.8,0.6,1.1,1.5,1.8,1.2,1.1,,1.4,2.8,,4.4,2.5,1.4,,0.2,1,0.6,0.9,0.6,1.9,0.8,1.1,1.2,0.9,0.7,0.4,2.3,0.8,0.4,1.5,0.7,0.7,0.8,0.4,0.6,0.9,1.3,0.8,2.8,2.3,1.6,1.3,0.8,0.9,1.3,0.3,1.3,0.7,0.6,0.9,0.8,0.5,1.2,0.6,0.3,0.7,0.7,1,0.7,0.8,2.5,1.7,0.6,0.6,1.7,0.9,3.6,0.9,1,1.2,1.1,1.4,3.1,2,1.2,1.3,1,0.9,0.9,0.5,,0.3,2.7,2.9,1.1,1,1.1,1,1.9,0.3,0.4,1.7,0.6,0.6,0.9,0.8,0.5,0.7,2.2,0.4,1,0.3,1.7,1.7,2,0.5,1.9,1,1,0.8,0.9,3.4,1.1,0.2,1.4,1.2,2.5,0.9,1.8,5.7,1,2.6
20171215,22,CO_24h,0.8,0.6,0.8,0.9,1,0.9,0.9,1,1.1,0.9,0.9,1.1,,,1.3,,0.6,1.1,0.9,,1.5,1,1.1,,1.2,1.1,,2.2,2.3,2.6,2.4,2,1.7,1.3,1.3,1.9,1.2,1.6,1.5,1.3,2.3,2.3,2,,2.6,2.3,2.6,2.2,2.4,2.4,2.4,2.7,2.7,2.8,2.3,0.3,,0.3,0.6,0.9,1,1.6,1.1,1.7,1,0.9,0.9,,0.6,1.3,1,1,1.9,2,1.8,2.5,2.6,2.5,2.5,2,,2.3,2.6,2.2,2.1,2,1.9,2.3,0.8,0.6,0.5,0.6,0.6,0.6,0.3,1,1.5,1.9,1.7,,1.8,1.6,1.9,1.6,1.5,,1.6,1,1,1.2,1.2,1.2,1.1,1,1.1,1.3,0.9,1.2,1.2,1.3,0.7,0.8,0.9,1.1,1,0.9,0.8,1.1,1.3,1.4,,0.6,1.1,0.8,1.1,1.2,1,1.4,2.1,0.4,0.9,0.7,0.6,0.8,0.8,0.9,0.6,0.6,0.4,0.4,0.7,0.2,0.8,0.6,0.8,0.9,0.2,0.5,0.9,0.9,1,0.6,0.8,0.6,0.3,0.9,0.8,0.7,0.9,0.9,0.7,1.6,,,,1.6,1.4,,1.3,1.2,1.2,,0.7,0.3,0.5,,0.8,1,1.2,1,1.1,0.9,1.1,1,1.2,,,,0.9,0.7,,0.3,0.4,0.5,1,0.8,,0.7,0.9,1.1,0.8,0.6,0.9,1.1,0.7,,0.8,,1.6,1.6,1.4,1.2,0.9,0.7,0.8,1.1,1.1,1,0.9,0.7,0.7,0.6,1.1,0.8,0.8,0.8,,0.7,0.9,0.8,0.5,0.5,0.6,0.8,0.7,1.1,,,0.7,,0.8,0.7,,0.7,0.8,0.9,0.7,0.7,0.7,,1,0.7,0.7,0.6,0.8,0.9,0.9,0.9,0.6,0.6,1,0.6,0.7,0.6,0.6,0.7,0.5,0.4,0.7,,0.8,,0.7,0.6,0.3,0.5,,0.8,,0.9,1,0.9,1,0.9,,1.4,1.5,1.8,1.7,1.6,1.6,1.5,1.6,1.5,1.6,1.4,1.1,1.3,1.3,1.2,1.2,1.3,1.5,1.6,1.7,2,2.2,2.2,1.7,2.1,1.5,2.2,0.8,0.9,1.1,0.9,0.8,1,0.9,0.9,1,1.2,1.1,1,0.9,0.9,1.1,1,1,1.1,1.1,0.7,1.4,1.3,,0.9,1,1.1,0.8,1.2,1,1,0.9,0.8,0.9,0.8,0.8,0.7,0.6,0.8,0.6,0.7,0.6,0.8,1,1,1,1.2,0.9,1.3,1,1.3,1.1,1.1,1.1,1,1.4,1.2,1.1,1.4,1.2,1.2,1,1.1,1.2,1.2,1.2,1.3,1.2,1.3,1,1.2,1.3,1,1.1,1.4,1.2,0.7,0.9,1.3,1.3,1.5,1.2,0.9,1.2,1.4,0.5,0.5,0.4,0.5,0.6,0.8,,1.1,0.8,0.8,1.1,1,0.8,0.8,,,0.8,0.9,0.8,0.9,0.9,,0.8,0.8,0.9,0.9,,,0.9,0.7,0.9,0.9,1,0.9,0.7,1,1,0.9,1.1,1,1.1,0.8,1.2,0.8,1.2,1,1,,1.2,0.6,0.7,,1.9,2.5,2.3,1.3,1.8,1.8,1.9,1.8,2.3,1.9,1.8,2.2,1.9,0.9,1,0.9,0.7,1.4,1.4,,1.4,1.4,0.4,,,,1.2,1.1,1.3,1.3,1.5,1.1,1.2,,1.7,0.8,1,0.9,1,1,0.9,0.8,0.9,1,1,0.8,0.7,1,1.1,0.4,0.6,0.4,0.6,0.4,0.3,0.7,0.8,0.6,0.7,0.7,0.3,0.6,0.9,0.5,1.2,1.1,1.2,1.2,1.8,1.8,1.2,2.1,1.7,1.5,2.1,0.5,0.7,0.5,0.6,,2.5,,1.6,1.4,1.6,1.7,1.9,,1.8,1.6,,1.3,1.8,1.4,1.9,2.5,2.8,2.6,3.4,3.1,3.2,1.3,1,1.1,1.2,0.9,0.9,1.2,0.8,1.2,1.3,,1.6,,2.2,,1.7,1.2,1.5,1.2,1.7,1.3,1.5,1.5,1.2,1,0.8,0.8,0.7,2,1.7,1.7,,1,1,1.1,1.2,1.4,1,0.8,0.6,1,0.6,0.9,1.1,1,1.1,1,0.9,1.2,0.9,1.7,1.4,1,0.9,1,0.9,0.9,0.9,0.6,1,0.9,1,1,1.1,1.3,1.2,1.2,,0.9,0.9,,1,1,1.2,1,0.9,1,0.8,1,,,2.9,2.1,2.7,1,,0.5,1.2,,0.9,1.8,1.8,,1.8,1.9,,3.2,1.7,2.3,2.6,2.8,1.8,1,1.6,3.4,2,1.5,1.2,0.9,0.9,,1.9,2,2.2,3.1,2.6,1.5,1.2,1.4,1.3,1.1,1.1,1,1.6,2.3,2.9,2.5,1.9,2,1.9,1.3,1.7,1.4,0.9,1.1,1.1,1,1.8,1.3,1.2,,0.8,1.1,1.1,1.3,1.1,1.2,1.1,1,1.2,1.5,0.8,1.1,1.1,1.5,0.8,1.1,0.8,0.9,0.7,1,0.8,0.5,0.9,1.2,0.8,0.7,1.1,0.7,1.3,1,0.7,0.7,0.5,2.1,1.8,,2,2.2,2,1.9,2.6,2.5,2.5,,2.9,,1.9,1.8,1.8,2.4,2.7,2.1,2.3,1.6,1.6,1.8,1.7,1.5,1.4,,1.2,1.5,1.3,1.6,1.8,1.2,1.2,1.5,1.4,1.2,1,0.9,1.1,1.2,1,,1.1,,,1.4,1.7,1.6,1.2,0.9,0.8,1,0.9,1,0.9,0.9,1.4,1.1,0.9,1.1,1.6,1.3,1.3,1.2,0.5,0.5,0.9,0.9,1.1,1.2,1,0.9,1,0.8,1.1,1,4.7,1.8,2.3,1.9,0.7,0.7,0.9,0.4,0.9,,,0.7,0.9,0.7,0.9,0.8,0.8,1,0.8,0.8,0.8,0.8,1.1,0.7,1.1,,1,1.2,1.2,1.8,1.7,1.3,1.7,1.4,2.2,1.6,2.2,1.5,1.7,2.2,1.8,0.9,1.5,1.5,2,1,2,1.5,1.8,1.8,1.6,1.3,1.7,0.4,0.4,0.3,0.5,,0.7,0.5,0.6,0.5,0.9,0.7,0.7,0.8,1.2,2.4,2.7,1.1,1.6,2.1,1.9,1.8,1.7,1.5,1.3,1.3,1.8,1.5,1.6,1,1.6,1.4,1.3,1.6,2.2,1.4,1.2,1.1,1.2,1.2,1,1.4,1.2,1.4,0.9,0.9,1,0.5,0.4,0.6,0.7,0.6,,0.4,0.3,0.9,0.6,0.6,0.9,0.9,0.7,0.9,1.1,1.1,1.2,0.6,0.7,0.4,0.4,0.5,0.6,,0.8,0.4,0.5,,,1.2,0.9,0.8,1.5,1.4,1.7,1.5,1.5,1.5,1.5,1.2,,0.8,0.7,3.2,3.1,2.7,2.4,2.6,3.1,0.7,1,1,0.6,0.7,2.8,,1.9,2.3,1.8,2,,1.5,1.5,1.8,2,2,1.2,,2,0.6,0.5,0.8,0.6,1.1,0.6,0.9,,0.8,0.5,0.4,0.3,,,0.5,0.2,1.1,0.4,0.6,0.5,0.3,0.7,0.6,0.6,0.6,0.8,1.6,1.9,1.7,2.6,1.2,,1.1,0.7,2.1,1.7,2.4,1.6,1.1,1.1,1.3,1.9,1.2,2.2,1.6,1.5,1.7,1,1.1,0.9,0.5,0.9,1.1,1,0.7,1.4,2.4,1.1,1.6,1.3,3.2,,1.4,0.9,0.9,0.6,0.7,0.8,0.4,1.2,0.8,1,1.1,0.6,1.9,1.1,0.7,0.8,0.6,0.7,1.5,1.4,0.7,0.7,0.6,0.8,0.6,0.6,0.7,0.6,,0.6,0.5,0.5,0.6,0.6,1,1,1.4,0.8,0.8,0.7,0.9,0.7,0.8,0.4,0.6,0.6,0.5,0.6,0.6,0.6,0.5,0.4,0.6,0.8,,1,1,1.1,1,0.6,0.6,0.7,0.7,1.1,0.8,,0.6,0.6,0.7,0.8,0.7,0.7,0.5,0.6,0.5,0.4,0.8,0.8,0.8,0.6,0.4,0.5,0.7,0.5,0.7,0.7,0.9,0.7,0.7,1.2,0.9,0.4,0.7,0.8,0.8,0.6,1.1,1.7,1.2,1.2,1.2,0.7,0.6,0.7,0.8,0.9,0.4,0.5,0.7,0.6,0.7,1.5,1.5,1.5,1.2,1.6,0.7,0.7,0.8,0.8,1.2,1.2,1.2,1.1,1.5,0.6,0.7,0.6,0.8,0.5,1.1,1,0.8,1.3,2.9,2.7,2.4,,2.3,1.6,2.3,2,,2,2,1.9,,1.9,1.4,1.4,1.3,1.7,2.1,1.7,1.8,1.7,1.8,1.5,1.4,1.2,1.3,1.3,1.1,1.2,0.8,0.8,1.1,0.9,0.9,1,1.3,1.4,1.5,1.9,1.6,1.2,1.2,1,1.1,0.7,1.2,1.3,1.3,,1.3,1.3,,0.4,0.9,1.4,1.4,1.3,1.3,1.3,1.3,1.3,1.1,0.7,1.3,1.5,1,1.2,1.5,1,1,0.9,0.9,1.1,1.4,1.9,1.6,1.6,1.3,1.2,1.3,1.5,1.2,1.6,0.9,0.8,0.7,0.6,0.9,1.2,1.2,1,0.7,0.7,0.6,1.3,1.2,1.8,1.8,0.3,0.2,0.4,1.3,0.9,1.3,0.9,1.1,0.9,1,1.2,0.7,1.1,0.9,0.8,1,1.1,1.1,1.2,1.4,1.1,1.3,0.8,1,1,0.9,1,1,0.9,1.2,1,0.5,0.8,0.8,0.9,0.8,0.8,0.8,0.8,0.7,0.7,0.4,0.4,0.7,0.8,0.8,0.9,0.5,0.3,0.6,0.2,0.9,0.9,1,,0.8,0.8,0.9,1.1,1,1,,0.7,0.9,0.7,,0.8,1,,0.9,0.8,0.9,0.7,0.8,0.5,1,0.6,,0.7,0.9,0.8,1,1,1.3,0.9,1.2,1.2,1.3,0.8,,,,,1.4,1.1,1.1,1,1,1.4,1,,1,0.8,0.9,1,0.8,1.1,0.9,0.8,0.5,0.6,0.8,1.4,0.9,1,,0.4,0.5,1.1,1.1,0.7,,0.7,0.9,0.8,1,0.8,1,0.9,1,1.8,2,0.7,1,1.4,1,2.2,,0.5,,0.4,0.3,1.2,1.5,1.3,1.4,0.9,1.2,1,1,1,1.3,1,0.9,,,0.5,0.9,1.5,2,0.4,0.7,0.3,0.1,0.3,0.3,0.7,0.6,0.6,0.8,0.7,0.9,1,0.5,,2.2,2.1,1.2,,,1.5,1.9,0.8,0.8,1,0.2,0.4,0.5,0.5,0.8,0.4,0.7,0.7,0.3,3.3,3.7,3,3.4,0.7,2.8,1,0.7,1.4,1.6,1.5,1.7,1.4,,2.6,3.1,2.1,2.1,2,1.6,0.1,0.2,0.6,0.9,0.9,1.1,2.5,0.6,2.2,1.2,1.4,1.3,1,2.5,2.3,0.8,1.7,1.4,0.4,0.5,0.6,0.6,0.8,0.7,0.7,1.6,1.5,1.7,0.9,0.8,2.6,1.5,0.9,1.1,1.7,1.4,0.8,0.8,0.6,0.9,0.6,0.9,0.7,0.8,1.7,0.7,0.8,2.6,1.7,1,0.7,1.4,0.7,1.9,1.1,1.1,0.5,1.5,1.6,1.4,1.8,1.2,1.2,0.9,0.8,0.8,2.5,,1,2.1,1.9,1.1,1,0.8,0.9,1.2,0.3,0.4,1.7,0.5,1.4,1.5,0.9,0.5,1,2.2,0.6,1.7,0.6,1.9,0.6,2,0.5,1.8,1,0.9,0.8,0.9,1.7,1.4,0.3,2,1.2,1.9,0.7,1.6,1.8,1.2,2.5
20171215,23,AQI,52,23,100,54,57,52,29,23,21,43,55,30,,,55,,52,50,56,,58,49,45,,54,45,,227,243,269,233,245,222,72,46,64,48,65,59,54,46,29,69,,43,253,300,302,256,123,228,276,273,139,204,29,,34,46,68,31,32,28,39,28,46,79,,51,77,82,69,183,269,244,225,249,44,217,43,,62,39,42,63,59,53,68,33,50,18,53,51,51,55,34,59,45,78,,70,45,57,47,54,,54,40,50,39,40,51,40,24,53,58,43,55,63,72,54,60,41,74,54,51,54,95,99,109,,60,43,87,87,97,94,149,170,59,53,60,49,59,58,59,52,55,50,62,53,80,73,78,80,59,74,69,72,90,54,57,105,73,83,98,94,104,65,82,63,165,,,,232,224,,182,233,234,,125,104,119,,73,79,93,83,93,69,99,88,79,,,,98,105,,134,145,143,85,89,,93,118,118,112,112,125,115,120,,83,,204,173,204,33,40,17,53,33,36,48,36,41,52,25,16,16,19,20,,18,22,20,35,27,30,38,52,35,,,30,,45,53,,23,21,25,25,24,21,,35,35,29,35,30,16,20,30,30,35,32,30,29,43,26,30,28,36,14,,20,,20,22,19,46,,20,,12,16,43,23,16,,27,113,129,122,113,115,105,119,128,53,73,94,87,48,86,80,153,62,244,244,275,246,,260,249,242,279,108,98,112,109,123,109,248,104,104,149,72,83,89,89,75,83,85,79,80,97,57,41,,29,29,30,26,39,17,32,22,70,68,65,67,50,62,69,34,48,49,75,56,70,55,53,34,42,33,35,48,23,20,21,52,51,38,52,33,32,39,29,39,45,35,35,36,39,36,46,46,46,30,25,12,20,29,25,40,23,18,26,29,29,35,48,48,43,51,70,,102,90,107,89,72,104,105,,,103,82,88,94,88,,133,119,103,125,,,100,56,33,47,46,46,42,43,46,38,39,61,52,30,65,57,58,74,115,88,32,67,51,,202,147,155,109,132,188,145,118,62,79,189,125,127,53,51,44,49,51,72,,78,79,38,,,,56,60,109,124,103,107,129,,43,79,89,92,89,89,65,65,73,65,65,57,57,70,75,64,61,54,46,77,73,73,67,46,58,67,40,54,58,48,53,43,38,54,31,31,61,122,123,85,79,62,62,60,41,,199,,152,156,182,190,152,,77,133,,168,63,58,75,95,98,152,105,117,125,129,240,178,192,185,53,47,50,33,47,,170,,169,,172,178,179,195,142,137,206,166,170,190,28,35,22,79,77,77,,18,20,19,15,20,44,41,30,50,38,57,30,27,45,42,29,36,52,34,36,36,14,13,25,32,42,51,13,18,11,65,58,36,15,13,,46,48,,48,46,55,65,25,23,14,42,,,206,210,213,41,,57,58,,56,105,88,,82,100,,32,25,21,20,23,42,48,54,69,49,27,49,26,21,,53,46,65,107,178,48,39,186,172,104,152,70,119,55,157,72,98,67,70,142,214,188,37,33,42,49,98,52,63,,30,69,72,160,100,243,49,39,46,31,45,109,39,25,36,67,45,57,64,58,55,62,62,57,58,50,43,54,40,54,58,48,8,304,268,,288,282,247,255,319,296,290,,268,,186,170,188,292,286,280,300,283,500,234,247,38,37,,39,182,170,166,168,,128,138,153,95,80,85,69,79,92,,72,,,57,93,90,75,75,19,28,29,26,25,20,14,23,20,33,32,48,43,29,36,41,97,110,132,122,87,87,90,87,102,100,78,75,113,60,79,94,73,83,122,,,125,139,110,133,144,78,113,93,110,98,83,55,40,46,,43,50,49,175,149,160,147,53,72,70,77,40,55,44,48,125,79,149,137,120,218,101,120,144,163,160,147,35,22,32,42,,55,35,54,95,33,30,59,94,37,59,59,62,162,158,119,179,53,32,173,158,102,100,29,40,54,36,46,45,46,42,52,41,28,25,26,22,35,19,59,72,63,75,84,62,119,97,,117,82,62,109,83,95,95,103,59,65,85,83,70,72,67,78,24,26,,20,33,29,,,48,46,59,204,166,192,139,201,236,215,231,,63,93,49,47,36,53,47,44,44,66,59,60,26,51,,38,40,67,56,,65,51,36,28,23,23,,55,48,55,69,39,35,36,94,,52,68,52,24,,,18,19,21,18,37,54,39,31,30,19,27,21,56,78,72,102,58,,68,75,20,29,39,22,76,83,55,95,95,63,63,43,58,57,69,43,42,31,24,22,69,80,74,58,53,58,49,,62,112,105,132,80,79,43,119,88,102,73,87,64,62,69,27,24,23,58,60,34,64,150,137,128,117,124,137,,128,179,135,123,100,168,206,207,43,53,55,49,48,39,28,28,26,45,25,19,21,52,53,45,143,,139,110,119,139,60,75,60,67,271,259,,31,39,42,42,39,15,15,19,23,18,13,13,13,12,13,13,16,30,20,20,14,16,23,40,26,11,15,14,17,35,25,77,77,68,68,35,35,33,32,29,17,16,18,25,25,22,28,26,32,26,26,26,33,45,57,62,60,59,62,33,36,42,38,28,24,31,24,29,179,203,198,,212,204,214,234,,232,239,233,,248,237,289,276,259,267,242,169,175,252,142,275,248,247,232,241,224,64,72,114,78,102,88,147,100,120,198,212,192,,69,87,90,168,148,155,,113,125,,77,80,70,64,84,159,170,162,78,69,67,73,70,77,73,69,39,72,55,74,69,71,89,98,72,58,32,26,48,30,26,46,72,50,84,72,74,48,47,53,57,49,57,51,48,49,57,58,62,32,22,23,38,15,26,22,20,19,34,28,23,30,12,11,19,18,51,53,39,19,20,55,27,33,32,20,19,53,58,52,63,186,110,84,125,100,79,88,92,88,92,100,93,103,122,92,128,88,98,110,,67,156,133,143,135,135,,79,73,89,,82,100,,65,78,90,89,97,45,75,51,,53,29,39,45,48,43,49,58,69,75,29,,,,,32,41,13,12,29,18,38,,25,62,26,42,78,43,42,25,25,57,79,52,46,61,,45,43,53,48,64,,55,51,54,54,62,58,46,20,83,236,31,46,,58,343,,70,,18,46,113,169,185,218,24,33,34,34,138,125,149,90,,,29,63,54,41,29,51,83,52,52,47,54,40,43,55,48,57,45,42,,48,57,61,,,85,94,76,55,58,31,43,25,27,29,36,58,41,39,156,255,109,117,26,99,83,39,59,112,118,85,94,,104,95,109,176,178,139,30,21,62,45,54,38,62,59,92,30,132,53,57,203,43,63,,45,123,145,22,59,33,150,118,189,160,125,148,29,71,71,44,68,54,57,108,36,46,67,32,68,69,54,48,61,55,58,74,68,32,188,78,202,95,113,117,239,217,163,188,97,156,89,85,94,26,,55,254,264,29,55,128,103,97,23,17,81,30,42,82,23,9,32,213,94,36,15,193,83,208,35,89,73,98,80,74,60,69,35,57,92,223,94,68,80,64,306
20171215,23,PM2.5,8,6,6,9,4,10,5,5,7,2,8,11,,,7,,12,5,12,,11,18,9,,,13,,177,193,219,183,195,172,52,25,46,32,47,42,21,28,20,50,,30,203,250,252,206,,178,226,223,106,154,18,,2,12,49,12,22,19,23,19,16,17,,15,56,51,48,138,219,194,175,199,,167,16,,9,13,29,32,22,12,49,8,6,1,18,17,5,7,12,42,31,57,,51,27,30,25,33,,34,26,34,18,23,24,20,14,37,41,30,32,45,52,37,43,19,54,38,31,38,71,74,82,,43,30,64,63,72,70,114,129,42,37,43,34,42,41,42,36,39,35,44,34,59,53,57,59,42,54,50,52,67,38,40,79,53,61,73,70,78,47,60,45,125,,,,182,174,,137,183,184,,95,78,90,,53,58,69,61,69,50,74,65,58,,,,73,79,,102,111,109,63,66,,69,89,89,84,84,95,87,91,,61,,154,131,154,23,27,8,37,23,25,33,25,27,36,16,4,11,6,14,,6,15,8,24,11,17,26,36,20,,,21,,31,37,,12,11,17,16,10,11,,4,6,5,3,7,4,5,2,21,24,22,21,20,30,18,21,19,25,6,,9,,14,15,13,27,,14,,7,6,30,10,11,,15,85,98,92,85,87,79,90,97,27,53,70,64,27,63,28,117,22,194,194,225,196,203,210,199,192,229,81,73,84,82,93,82,198,78,78,114,52,61,66,66,55,61,63,58,59,72,27,20,,17,20,17,15,22,11,22,15,51,49,47,40,29,36,50,22,26,34,55,27,43,33,37,,20,23,22,22,9,13,11,36,33,26,34,23,22,27,20,27,31,23,24,25,27,25,32,32,32,21,17,6,12,15,10,19,12,12,18,20,15,17,29,33,30,25,51,,76,67,80,66,51,78,79,,,77,60,65,70,65,,101,90,77,95,,,75,27,23,32,24,32,29,30,29,26,24,34,31,21,26,29,41,49,87,65,15,48,22,,152,112,118,82,100,141,111,89,44,58,142,93,96,31,27,13,24,19,34,,57,48,11,,,,39,27,82,94,77,80,98,,30,58,66,68,66,66,47,47,38,47,47,40,30,46,55,18,5,21,10,14,19,8,10,3,13,11,28,38,32,33,32,28,26,26,14,15,14,92,93,63,58,40,40,37,24,,149,,116,119,137,143,116,,56,101,,127,40,33,55,71,73,116,79,88,95,98,190,134,144,139,17,27,35,21,19,,129,,128,,130,134,135,146,108,104,156,126,129,143,13,8,11,58,41,56,,9,9,4,1,14,30,26,18,35,23,40,21,18,31,29,15,25,25,19,25,17,8,9,17,22,21,23,8,12,5,47,41,25,9,4,,32,33,,31,23,34,47,17,16,8,15,,,156,160,163,15,,14,19,,15,79,65,,60,75,,14,9,11,14,5,29,33,38,48,34,11,24,15,14,,31,21,46,80,134,28,27,140,130,78,116,30,90,39,99,52,73,46,51,108,164,141,17,14,29,34,73,29,45,,19,50,52,122,46,193,32,26,32,20,31,82,23,15,25,38,31,40,46,41,39,44,44,40,41,35,30,38,28,38,41,33,5,254,218,,238,232,197,205,269,246,240,,218,,140,129,141,242,236,230,250,233,236,184,197,13,13,,11,137,129,126,127,156,97,105,117,71,59,63,43,58,68,,52,,,40,69,67,55,55,12,19,20,18,17,14,7,16,14,23,22,33,30,20,20,14,72,83,100,92,64,64,67,64,76,75,57,40,62,26,58,70,53,61,92,,,95,106,78,101,110,57,85,69,83,73,61,39,21,26,,30,32,34,132,114,122,112,37,45,38,53,26,25,19,32,71,58,114,104,91,168,70,91,106,124,122,112,15,15,,28,,6,10,15,11,23,16,36,70,3,41,42,26,123,120,90,135,29,10,131,120,76,75,8,28,31,21,32,31,25,25,15,25,19,13,18,8,11,10,42,52,45,55,62,,90,72,,88,60,44,82,61,71,71,77,42,47,63,61,51,52,48,57,12,17,,13,7,7,,,33,32,11,154,126,144,106,151,186,165,181,,38,58,17,15,24,15,26,8,13,10,12,19,7,32,,19,19,22,15,,21,21,13,13,6,16,,35,18,31,20,27,17,25,70,,27,40,22,13,,,12,5,11,6,23,38,27,10,17,5,9,11,37,57,40,76,40,,40,55,14,7,13,7,54,61,35,71,71,45,45,30,41,35,50,26,15,13,15,12,50,59,54,41,37,41,32,,44,84,79,100,59,58,30,90,65,76,51,64,46,44,50,14,,16,41,43,10,46,115,104,97,88,94,104,,97,135,103,93,75,127,156,157,30,37,39,34,33,27,19,19,18,31,9,10,10,36,37,31,109,,106,83,90,106,43,55,43,48,221,209,,17,21,29,29,27,10,6,12,16,4,9,9,9,8,3,7,8,21,14,14,8,9,16,28,16,4,10,2,11,24,17,56,56,49,49,24,24,23,21,19,9,9,12,17,14,15,19,18,22,18,18,18,23,31,40,44,43,42,44,23,25,29,26,19,15,18,12,20,135,153,148,,162,154,164,184,,182,189,183,,198,187,239,226,209,217,192,128,132,202,,225,198,197,182,191,174,46,52,86,57,76,65,112,75,91,148,162,144,187,50,64,67,127,113,118,,85,95,,56,59,51,46,62,121,129,123,57,50,48,53,51,56,53,50,27,52,39,54,50,45,66,73,52,38,22,18,16,10,14,32,52,35,62,52,31,33,29,37,39,32,34,32,33,34,36,41,44,22,14,16,26,10,18,15,14,13,14,19,16,21,7,6,13,12,16,31,27,12,11,19,18,23,22,14,13,13,31,16,37,113,83,62,70,63,56,60,68,65,68,75,69,77,92,68,97,65,73,83,,48,119,101,109,103,103,,58,53,66,,60,75,,37,57,67,66,72,31,55,17,,37,20,27,27,32,29,34,39,50,49,20,,,,,22,25,7,8,8,12,23,,17,36,16,24,57,11,13,10,13,27,58,21,30,39,,31,30,34,22,46,,25,16,34,38,35,39,4,2,48,82,11,17,,27,293,,23,,7,18,85,128,139,168,10,16,16,13,105,95,114,67,,,11,45,26,24,20,25,36,36,9,14,38,28,24,39,23,22,25,20,,29,40,37,,,63,70,31,29,41,14,18,13,16,20,13,2,19,27,119,205,82,88,6,74,61,27,42,84,68,63,70,,78,54,82,133,134,106,10,3,44,31,38,26,44,28,68,21,100,5,4,153,21,30,,31,93,111,10,42,23,115,89,142,122,95,113,20,32,25,14,46,28,40,81,25,32,48,22,14,47,38,12,30,16,41,54,49,12,141,57,152,71,85,88,189,167,124,141,72,119,66,63,70,11,,,204,214,20,28,97,77,72,5,9,34,21,14,60,13,4,13,163,70,25,10,145,61,158,24,66,53,73,59,54,32,49,24,40,68,173,70,49,59,46,256
20171215,23,PM2.5_24h,50,19,34,38,35,35,35,41,45,27,32,37,,,65,,63,64,61,,62,64,65,,61,75,,169,176,222,150,173,167,94,55,69,56,62,62,59,63,59,69,,83,212,198,218,169,139,167,168,191,151,158,18,,5,16,28,33,49,44,42,32,56,61,,57,86,83,87,136,165,168,193,171,176,186,192,,154,202,166,190,168,163,206,8,6,2,16,10,5,12,11,72,87,82,,91,73,70,71,75,,90,49,52,48,52,42,43,44,64,54,26,47,61,67,57,58,41,64,63,57,57,111,84,69,,76,73,97,95,104,107,139,159,19,20,18,19,21,23,19,15,17,19,25,20,33,29,36,40,31,37,26,25,30,24,24,32,28,24,30,31,32,26,30,26,98,,,,145,133,,119,152,150,,49,35,43,,27,37,31,28,38,29,37,38,35,,,,35,42,,42,44,42,36,34,,38,66,56,59,54,68,49,48,,31,,110,90,107,25,31,9,33,26,28,43,33,26,37,20,42,32,42,34,,41,30,24,28,23,24,37,37,27,,,19,,26,32,,19,27,25,17,11,12,,27,41,18,16,18,22,19,26,26,28,24,25,27,30,26,26,26,30,8,,15,,16,16,6,17,,17,,10,16,29,15,10,,18,128,131,147,134,147,141,150,135,64,118,117,92,112,87,115,120,90,182,184,208,189,189,203,184,183,204,48,44,50,47,61,59,70,49,60,84,43,50,52,52,44,47,48,41,48,45,34,28,,24,27,28,21,27,21,29,21,51,42,42,36,28,45,54,22,32,28,62,40,60,50,48,26,31,27,26,31,27,22,18,50,44,38,50,38,35,43,34,39,42,36,35,41,39,34,33,42,49,39,33,13,28,19,19,20,13,17,10,20,29,15,19,24,22,18,41,,63,56,58,64,46,70,64,,,61,60,60,54,56,,73,73,71,77,,,69,13,31,30,23,35,34,38,35,30,27,30,23,20,25,29,34,36,34,51,20,18,32,,151,140,153,132,135,154,150,135,170,120,154,130,145,33,42,24,32,44,63,,61,55,34,,,,37,41,81,90,66,79,88,,32,44,49,49,48,52,35,30,26,33,34,37,24,33,43,12,14,13,15,11,14,10,15,4,14,10,49,59,47,47,43,41,38,38,68,66,41,83,59,42,70,15,17,17,14,,147,,105,113,129,121,113,,112,120,,129,120,120,117,153,182,145,144,161,153,88,136,120,139,86,55,65,61,41,42,,136,,133,,132,108,117,124,128,132,147,102,103,99,54,50,52,143,125,141,,14,14,9,25,23,27,20,20,40,23,41,63,66,72,76,58,73,45,58,56,39,25,26,32,25,20,31,17,21,15,67,66,53,15,10,,48,50,,57,61,55,71,35,32,18,13,,,161,158,165,10,,14,9,,17,126,119,,121,131,,159,129,171,169,168,153,142,162,167,147,117,49,37,44,,65,60,84,83,106,77,58,109,83,58,78,31,94,58,87,83,63,55,73,62,75,81,41,41,56,47,65,62,58,,46,73,57,82,52,117,49,53,53,65,46,70,51,56,73,48,33,44,45,39,35,34,32,35,44,30,27,34,27,28,34,30,5,181,144,,156,151,124,145,218,238,223,,240,,126,117,123,189,193,185,182,157,149,134,148,100,105,,101,124,125,113,122,123,84,91,93,58,50,47,54,70,56,,58,,,45,72,59,56,48,12,16,14,16,15,12,8,14,13,24,21,21,25,15,13,11,81,85,97,88,44,45,48,42,51,54,57,38,44,43,52,56,45,51,85,,,88,92,66,82,94,57,65,68,61,65,66,32,22,21,,25,36,41,158,142,152,141,102,129,93,105,48,51,56,64,64,87,122,117,106,148,102,103,123,141,134,147,23,14,14,24,,28,17,20,16,25,14,29,55,27,41,47,33,153,136,155,152,102,96,128,103,102,90,67,96,80,79,44,46,71,85,49,73,46,42,38,49,43,56,25,27,26,19,24,,34,34,,35,26,22,43,32,39,37,45,34,42,29,41,40,39,22,24,19,26,,16,28,25,,,54,57,10,120,101,127,125,123,163,134,156,,34,24,149,130,137,123,118,137,57,50,57,27,54,154,,138,142,112,99,,112,96,115,105,101,95,,96,15,23,15,28,18,24,47,,15,26,12,8,,,9,10,11,13,24,35,27,38,34,24,28,27,59,85,73,104,93,,85,81,104,72,101,64,92,87,53,60,57,72,77,78,65,48,46,47,26,29,43,26,38,88,108,30,65,57,109,,98,45,70,42,47,46,26,68,67,63,49,55,87,75,34,15,18,14,54,69,35,19,63,52,50,47,48,45,,76,60,56,54,49,92,100,106,34,45,37,43,39,38,15,14,14,28,5,9,12,27,29,25,78,,78,72,74,87,32,37,28,40,118,121,,18,23,36,36,33,11,8,11,11,5,18,16,16,17,3,14,17,35,26,25,22,22,18,24,17,9,11,8,11,16,13,33,34,28,29,22,17,22,20,15,13,16,15,17,16,15,19,20,22,17,20,20,22,26,28,29,26,26,28,25,24,21,24,16,18,22,19,30,162,161,154,,163,127,160,172,,182,166,131,,126,146,167,162,154,155,145,98,105,148,242,149,144,141,137,139,125,31,41,53,47,57,55,80,81,77,112,117,116,128,35,44,48,109,98,109,,61,69,,44,42,39,35,45,78,78,70,78,77,25,26,24,30,27,27,20,25,23,27,25,53,56,51,41,41,11,16,11,12,13,26,56,31,34,30,22,19,23,30,30,14,23,18,20,22,27,32,37,19,15,19,21,8,8,11,10,12,12,11,11,13,4,8,11,15,18,23,18,12,9,15,16,19,19,11,9,30,33,26,47,78,62,51,50,61,63,71,66,38,45,44,42,58,57,54,60,47,64,73,,39,85,74,81,86,82,,48,42,51,,58,69,,31,60,53,52,70,15,33,13,,18,14,19,23,29,29,27,27,35,18,21,,,,,15,18,12,12,11,10,17,,18,25,21,16,23,21,12,10,18,21,30,13,19,26,,25,20,24,20,35,,17,18,27,36,30,25,17,15,34,31,12,14,31,21,109,,9,,8,13,119,117,120,122,19,22,24,21,79,82,90,85,,,15,52,22,71,28,29,12,30,18,31,28,30,35,45,32,50,52,33,,39,48,33,,,75,78,41,28,29,23,22,22,17,16,16,35,20,24,126,147,73,64,7,53,37,23,42,72,62,61,79,,111,55,91,106,118,103,9,9,23,45,40,31,44,14,131,27,70,60,66,163,146,112,,83,50,43,27,31,20,52,69,158,132,132,80,17,32,23,17,50,84,84,58,24,46,40,20,56,40,39,57,23,30,46,59,30,33,100,31,115,34,47,49,155,129,78,105,39,101,54,57,59,151,,71,173,145,15,45,88,74,34,8,14,134,20,107,84,12,7,62,154,61,51,27,150,26,159,22,107,22,29,23,25,50,57,20,69,59,113,72,49,69,60,236
20171215,23,PM10,53,22,149,57,63,54,29,15,16,43,59,30,,,60,,54,50,61,,66,49,45,,58,45,,242,229,325,235,220,223,61,46,57,48,69,68,57,46,24,52,,36,265,335,375,248,195,224,267,284,171,201,29,,34,46,,31,30,26,39,25,46,107,,51,99,114,87,162,263,217,193,289,,206,43,,73,39,38,76,68,56,,33,50,18,55,51,52,59,34,65,39,90,,87,45,63,47,57,,57,40,50,39,40,52,40,24,47,54,,60,55,72,58,60,41,65,45,52,53,,90,98,,51,41,110,124,89,73,,174,48,41,47,,44,,48,38,44,47,54,55,62,54,63,59,63,,71,,,54,51,,67,,,,,63,,51,131,,,,220,,,207,217,207,,96,98,,,58,74,90,74,,72,76,71,81,,,,96,,,,,,76,81,,,,99,101,85,110,100,92,,99,,,155,,28,40,8,37,27,30,41,34,41,44,20,9,14,12,19,,15,,20,26,27,27,,36,35,,,26,,,46,,23,18,,16,19,18,,6,6,12,5,10,8,11,13,,24,24,23,22,,19,,,,6,,14,,15,,17,46,,,,10,12,,17,16,,27,122,134,116,105,127,116,149,144,56,80,81,114,48,122,109,157,73,,,,215,,231,227,,280,,,,,,,,,,,,,,,,,,,,,63,41,,29,28,30,26,39,17,31,,83,72,77,84,50,73,71,34,48,43,82,62,90,59,47,34,42,28,35,48,16,16,,37,52,34,53,29,,,21,35,37,35,35,33,28,27,,39,37,21,17,8,20,29,25,40,23,17,23,27,29,35,48,43,34,52,86,,97,79,104,98,94,123,125,,,113,113,83,110,110,,136,138,116,142,,,109,61,28,47,46,45,41,34,46,35,39,72,54,,79,64,65,98,123,112,32,71,52,,189,159,225,116,139,148,196,160,,105,188,200,169,55,51,44,49,52,94,,86,108,38,,,,61,70,119,115,115,,,,,,73,,,,66,72,95,77,60,,63,89,61,77,72,57,46,103,95,95,84,46,66,84,39,50,66,46,55,43,30,58,31,31,71,138,172,91,91,73,73,70,41,,151,,157,179,202,174,190,,92,140,,159,76,66,59,90,106,156,129,127,152,166,244,213,171,,56,47,39,33,47,,182,,195,,208,151,158,182,167,125,197,162,166,169,28,35,22,96,104,101,,,18,5,14,,44,41,30,39,38,52,29,27,34,,29,28,53,34,27,36,,,,30,42,51,10,,6,,50,,12,6,,41,47,,48,46,59,50,,16,13,42,,,231,221,219,41,,64,66,,62,108,109,,85,141,,32,25,21,18,23,35,39,40,88,36,27,49,26,21,,55,45,79,120,208,48,34,149,157,134,182,90,147,50,263,71,88,83,71,175,197,153,37,33,42,42,97,53,59,,30,51,,,149,,49,39,36,31,41,,39,25,,84,40,41,,,,,47,,,44,43,46,33,39,49,41,5,301,257,,314,300,319,268,290,251,285,,256,,176,177,174,301,288,292,357,245,637,220,247,38,37,,39,191,152,,,,145,163,162,72,65,78,88,,69,,56,,,47,78,80,58,71,19,20,,19,,,14,19,20,33,31,,36,22,36,41,106,116,121,142,79,69,100,72,,111,100,100,176,70,78,119,91,92,145,,,117,137,170,144,155,78,148,110,118,100,101,56,40,46,,41,50,48,163,121,145,131,,94,90,103,40,59,44,48,199,89,173,111,163,217,151,158,237,193,249,210,35,17,32,42,,59,35,58,139,26,30,67,78,37,67,64,73,145,153,147,200,56,32,181,151,99,106,29,40,57,36,42,45,46,42,54,41,24,16,,19,35,19,46,,,83,,73,,76,,93,,68,,63,79,81,78,48,,,,54,60,58,69,24,25,,20,8,,,,47,39,68,186,156,193,147,192,224,192,211,,75,135,49,47,36,56,47,44,44,82,68,70,26,52,,38,40,83,62,,79,52,36,28,23,21,,59,48,60,88,36,35,31,,,54,86,54,24,,,16,8,21,17,37,,36,31,30,10,27,21,62,83,94,121,65,,85,75,16,29,39,17,101,66,59,79,79,59,50,36,48,63,52,43,42,31,20,13,60,79,66,55,42,48,49,,51,104,138,,65,79,37,,72,90,96,79,51,64,66,27,24,19,47,66,34,,,105,,106,110,117,,97,,106,,84,151,,177,34,,,36,41,31,20,22,22,34,25,12,16,,44,,,,115,104,106,,63,71,54,55,235,223,,31,39,30,38,28,15,,14,18,4,,,,,,,,,,,14,16,22,29,26,11,10,14,,,17,75,70,,65,,30,26,32,29,9,14,14,17,25,18,,19,,25,22,23,23,,54,48,63,59,51,30,30,,34,24,24,31,24,26,172,214,200,,217,185,228,191,,,211,242,,207,256,276,288,262,,194,210,222,211,234,228,226,221,213,205,215,73,56,98,72,82,75,164,94,138,177,,156,,64,66,90,,,,,103,112,,66,,,46,,,,135,62,66,,,,,,,,,,,,91,100,92,60,65,23,20,48,30,26,37,,36,,61,98,,47,55,63,49,64,51,36,35,63,57,58,27,22,,,14,,,17,15,34,,20,,12,,14,15,52,56,,19,20,59,27,27,27,18,,55,66,54,76,322,98,92,200,149,107,126,98,97,101,116,104,98,123,126,105,77,114,110,,80,176,126,118,151,144,,106,67,79,,89,126,,80,104,107,123,124,44,70,51,,,28,39,45,48,43,45,66,56,99,26,,,,,27,41,11,11,29,17,38,,23,73,26,42,,43,42,25,25,64,69,54,46,71,,39,35,56,48,65,,59,51,58,49,73,65,46,,115,375,31,46,167,66,360,,89,,18,46,106,171,167,,24,33,34,34,153,184,171,93,,,29,52,57,41,28,52,115,46,53,47,58,39,43,43,48,63,45,42,,48,64,71,,,90,109,101,59,65,31,43,25,27,29,36,65,41,34,226,328,124,141,7,99,81,34,59,169,186,71,125,,95,140,87,208,152,134,30,10,54,36,46,33,57,68,103,25,,55,63,218,43,76,,42,94,,22,60,23,123,90,178,213,157,157,23,92,91,44,86,58,50,100,36,45,82,31,86,87,,48,71,60,56,71,67,,146,77,,99,101,103,210,191,140,,83,,106,104,88,26,,60,207,295,25,60,136,114,92,23,10,111,23,42,77,23,4,32,200,121,26,13,184,68,189,34,118,69,77,86,71,70,88,34,64,107,240,97,55,,67,283
20171215,23,PM10_24h,41,37,64,71,57,67,35,51,51,52,59,34,,,85,,64,33,73,,71,58,82,,63,33,,218,234,276,201,197,209,130,89,95,95,98,100,98,96,89,103,,131,260,257,282,205,198,211,217,248,223,210,37,,44,36,35,71,89,66,85,67,91,95,,83,116,123,113,176,194,198,223,238,218,211,228,,233,226,209,262,210,210,284,44,42,34,47,32,39,52,32,104,114,122,,126,113,123,108,108,,109,71,72,60,76,83,71,54,91,74,120,69,72,91,66,66,71,81,58,76,74,107,107,91,,79,98,124,134,112,110,119,174,33,28,31,22,30,28,26,22,27,29,40,36,47,35,41,44,53,41,44,32,28,31,30,31,48,44,37,26,36,35,40,32,114,,,,166,180,,167,173,173,,46,56,40,,40,53,51,47,38,43,50,48,49,,,,50,45,,37,39,45,45,50,,35,61,62,64,63,77,62,51,,65,,97,105,99,34,49,11,44,35,37,60,51,58,52,28,77,50,64,54,,69,66,49,33,43,44,50,45,45,,,29,,37,46,,33,43,42,20,22,26,,33,20,36,20,24,22,23,37,27,28,23,33,20,35,26,22,23,29,13,,27,,30,31,9,33,,30,,9,22,16,14,12,,23,183,197,179,164,118,177,214,188,112,174,147,156,156,165,167,172,175,195,202,204,220,204,218,228,214,230,,54,63,58,61,,,65,72,,,,,,,49,,,,39,55,45,,42,45,45,35,43,24,41,28,83,71,70,81,54,82,83,38,58,48,90,71,92,78,61,47,60,43,52,67,43,32,26,65,69,67,75,63,66,62,61,51,56,48,49,56,53,46,44,63,63,50,42,22,42,26,23,29,20,18,25,23,34,37,45,47,43,48,74,,85,81,79,90,85,104,88,,,87,90,84,78,93,,94,100,98,122,,,98,38,39,51,39,48,55,57,49,46,52,71,48,34,72,60,79,77,61,93,46,42,61,,192,172,236,190,192,192,202,193,257,153,223,186,211,90,92,76,83,87,112,,114,120,75,,,,63,82,118,107,88,93,97,,65,33,56,40,28,31,48,50,59,53,44,47,46,64,54,56,62,73,62,61,65,74,66,40,45,64,66,80,88,66,65,51,49,61,98,105,70,126,99,70,117,38,40,42,26,,159,,131,137,168,131,162,,143,163,,172,172,147,129,183,200,186,177,213,201,156,178,189,174,112,87,73,95,59,81,,169,,184,,191,150,150,166,155,159,177,137,137,129,70,73,71,196,204,190,,15,17,13,26,19,39,35,33,53,43,72,58,58,64,66,67,55,84,85,68,68,35,45,51,39,50,51,24,30,24,78,78,71,20,17,,72,71,,83,80,86,89,49,39,31,35,,,218,211,212,37,,38,34,,44,156,153,,144,188,,203,171,205,188,210,216,72,98,236,162,52,96,75,69,,101,97,139,117,164,116,70,124,112,94,116,81,135,77,214,124,101,82,114,89,85,91,59,56,70,55,78,88,75,,65,93,57,104,82,102,76,80,72,110,65,61,68,62,80,71,38,43,44,34,42,33,36,39,59,37,35,42,31,35,49,42,9,212,178,,205,202,205,179,267,261,251,,262,,157,157,160,238,237,237,250,189,204,165,168,134,115,,112,150,145,,,140,116,123,107,62,59,56,69,,54,,71,,,56,79,74,65,66,14,21,14,19,20,18,15,18,15,26,27,25,27,19,31,30,106,112,117,126,50,53,62,47,55,69,138,74,118,90,74,75,67,63,118,,,102,119,134,119,126,74,92,109,95,88,100,49,36,39,,36,63,68,217,194,207,196,166,166,131,140,66,98,83,96,126,131,159,149,152,188,169,162,241,221,219,202,47,35,60,42,,64,43,88,60,37,24,47,70,41,73,65,80,158,162,204,206,140,138,172,127,132,143,110,122,139,103,58,56,101,114,104,105,78,77,68,78,76,78,43,41,34,33,36,34,34,37,,37,29,39,41,46,53,46,56,45,38,36,50,45,51,34,39,33,44,,39,35,34,,,65,56,48,160,134,161,177,176,188,178,189,,58,64,190,154,159,135,136,134,89,107,108,73,109,203,,176,183,166,166,,164,172,160,118,146,85,,90,39,44,42,46,41,37,83,,38,56,38,25,,,18,12,31,20,40,43,35,62,54,27,53,50,84,112,100,141,123,,144,111,110,105,161,114,138,110,80,70,65,112,116,106,90,82,60,63,50,51,64,45,51,110,136,44,96,107,195,,149,63,91,43,63,67,37,86,62,69,81,67,120,134,46,28,24,27,75,87,42,17,78,56,47,59,54,49,,90,62,70,57,59,109,98,124,43,52,47,60,54,43,20,18,18,28,31,19,20,29,42,28,,,90,88,90,88,49,50,37,49,141,132,,32,35,45,51,40,21,12,25,22,8,25,25,26,25,6,22,21,24,37,41,37,42,25,30,27,13,15,11,18,16,13,44,57,36,38,26,29,27,34,30,14,13,12,20,21,17,13,26,22,22,22,22,24,28,35,34,35,32,33,27,29,21,33,23,28,34,34,35,205,226,218,,203,156,213,183,,196,183,181,,144,183,192,199,189,166,166,142,172,165,162,157,154,172,172,173,173,48,45,62,54,67,73,102,91,106,132,134,128,122,55,50,73,128,105,118,,73,82,,51,37,47,42,48,86,108,79,92,92,17,21,22,34,24,31,22,22,23,25,22,95,92,74,60,57,14,28,39,18,21,29,63,33,32,45,43,27,35,43,55,21,32,29,30,27,47,46,48,28,20,24,23,12,16,15,13,14,19,11,15,15,8,12,14,19,36,41,19,15,13,40,29,24,23,16,13,63,64,64,77,131,72,72,106,99,81,100,85,53,61,68,50,69,87,78,79,75,93,99,,78,115,117,104,124,122,,76,53,77,,83,106,,72,97,97,107,113,26,60,39,,40,22,28,43,45,50,42,43,43,52,33,,,,,35,35,23,18,23,19,25,,25,54,42,35,40,38,35,25,31,47,50,31,38,46,,32,36,45,47,52,,42,43,53,59,62,59,106,35,88,118,29,37,65,50,197,,29,,21,34,135,138,136,133,34,41,42,38,102,119,116,109,,,49,75,111,129,54,59,38,41,57,62,56,55,75,72,68,98,117,63,,77,105,70,,,101,119,141,104,67,46,66,51,40,44,39,77,55,50,192,196,104,101,11,70,61,43,60,144,135,98,174,,145,160,108,152,145,129,27,20,33,48,49,62,84,38,163,34,78,59,75,224,187,168,,105,50,36,52,56,27,62,80,174,211,204,103,20,82,76,57,94,131,107,80,39,64,57,26,87,67,49,71,45,65,69,96,51,18,112,53,131,53,62,52,168,151,102,124,51,112,81,80,85,188,,76,191,198,24,83,110,94,54,22,19,179,32,137,130,23,11,66,197,124,96,46,193,36,194,31,143,29,32,35,33,119,109,32,105,90,162,97,57,76,72,269
20171215,23,SO2,1,3,1,2,3,1,2,4,3,1,3,2,,,3,,5,3,5,,4,6,2,,7,5,,38,97,44,36,38,44,16,19,27,28,25,32,22,16,14,16,,15,19,64,42,39,26,42,33,42,31,29,7,,10,3,5,13,12,13,12,7,3,2,,2,83,51,47,15,26,23,22,40,,19,7,,13,16,12,7,9,8,14,14,12,13,6,16,14,13,6,14,44,53,,44,37,27,79,33,,22,13,21,18,23,21,15,12,24,35,19,88,116,39,98,170,5,6,32,16,20,28,23,13,,37,16,140,118,45,14,32,82,9,7,8,10,9,9,9,8,7,10,12,11,10,8,5,10,7,7,13,8,11,5,15,8,9,16,15,11,9,8,12,14,22,,,,17,8,,17,22,13,,8,7,8,,16,7,9,9,7,9,7,9,6,,,,10,13,,6,2,3,5,6,,8,12,7,18,10,7,10,12,,11,,6,13,8,11,8,6,8,9,7,9,6,3,11,9,7,6,11,6,,5,6,5,11,7,9,5,6,12,,,6,,4,7,,4,3,4,5,8,9,,9,9,5,4,6,4,3,5,2,3,4,4,6,3,9,1,3,1,5,,5,,8,9,3,17,,4,,2,6,8,6,3,,5,22,42,26,56,54,50,42,61,15,6,20,10,16,11,16,20,17,20,16,17,16,12,14,18,19,10,4,3,4,5,3,2,2,4,4,5,5,6,4,4,7,7,4,3,6,7,11,12,,7,5,8,7,12,13,10,8,12,9,11,9,11,8,15,5,7,7,16,9,10,17,13,11,13,9,10,13,12,10,14,15,10,12,11,14,11,9,2,7,22,13,10,14,8,8,7,7,8,6,9,8,11,11,18,19,11,15,8,9,9,4,6,5,4,7,7,,22,15,14,10,11,11,10,,,22,11,13,11,17,,12,10,13,11,,,14,9,9,14,5,12,19,21,23,13,14,14,9,14,10,12,13,18,16,21,6,6,18,,36,26,42,36,41,46,30,29,13,39,17,13,31,34,27,3,31,10,24,,25,23,34,,,,13,61,8,9,13,13,11,,10,9,8,144,10,6,14,6,9,8,5,11,7,7,6,8,4,11,8,6,11,10,8,11,10,7,23,25,10,15,23,21,18,21,16,17,211,89,133,110,61,11,11,12,5,,25,,14,19,16,15,55,,25,19,,19,23,32,32,35,114,58,58,35,69,23,23,29,21,21,12,15,11,13,26,,58,,46,,38,14,25,13,28,12,38,17,16,14,13,9,8,26,21,52,,10,9,8,10,9,17,14,11,11,12,20,25,4,10,10,10,12,18,20,35,46,6,4,2,10,9,9,2,4,4,6,12,12,5,6,,9,12,,21,11,53,24,7,6,6,7,,,114,4,4,21,,13,13,,9,41,44,,51,62,,28,18,16,18,15,23,32,25,21,25,35,37,13,10,,47,67,36,41,45,74,24,49,35,49,58,18,32,43,69,29,52,54,12,87,96,79,89,48,10,43,24,42,32,,12,9,27,69,16,38,17,10,1,2,18,19,34,8,16,17,9,8,9,6,10,13,10,17,12,6,10,13,31,6,28,4,6,7,5,,11,9,5,6,34,32,24,,17,,17,12,15,15,11,10,6,12,12,7,13,21,27,,25,14,10,14,9,13,11,12,13,8,24,8,5,1,11,,5,,,4,6,4,6,4,6,13,12,10,5,5,6,13,7,7,91,14,25,5,2,1,4,11,10,5,17,15,12,12,15,16,32,20,28,12,5,10,12,11,12,,,14,7,24,15,10,7,12,11,14,3,9,23,7,6,,23,15,8,18,34,27,29,18,38,37,34,20,20,28,34,32,11,20,16,15,29,19,35,20,37,29,23,2,3,4,2,,10,9,32,11,3,12,9,5,6,3,11,6,73,48,15,28,15,10,17,16,20,22,20,12,20,14,17,18,11,19,9,12,8,8,7,7,9,8,12,17,15,7,5,13,11,19,,3,5,9,5,6,14,1,4,30,9,1,5,3,5,8,9,9,7,,8,3,1,,,45,32,29,20,12,7,10,10,8,8,5,,13,19,20,14,15,21,17,12,11,10,22,17,12,22,,30,47,35,28,,47,16,10,9,19,19,,20,7,11,4,49,8,9,4,,6,42,13,18,,,5,6,43,54,10,10,9,26,22,8,13,9,32,44,46,42,20,,20,16,33,83,24,17,23,40,62,11,13,40,21,17,19,22,17,8,12,12,11,8,5,5,9,6,20,10,17,,8,20,25,21,16,19,10,16,16,13,25,19,10,23,15,15,13,8,12,14,28,41,5,9,14,8,15,6,,16,3,9,23,8,6,9,15,14,23,7,7,8,8,21,4,32,3,4,7,6,28,3,13,6,,15,8,12,11,11,2,6,6,13,10,,29,23,18,23,19,1,4,7,7,2,10,7,8,8,2,6,9,6,8,15,10,9,6,10,8,5,3,5,12,4,1,28,11,23,10,19,8,1,3,4,25,3,11,4,18,3,6,13,19,1,12,8,18,18,16,11,16,6,19,9,6,7,7,4,11,10,6,9,2,15,20,,14,1,11,25,,31,21,8,,13,5,8,4,8,15,11,9,13,16,3,5,6,3,9,10,9,7,5,8,12,3,24,21,18,10,19,16,14,14,4,4,7,16,25,14,,7,4,,4,2,1,3,2,9,11,7,6,7,7,16,16,9,7,8,11,14,9,12,12,4,10,8,10,7,6,4,4,11,3,7,2,7,9,5,4,2,8,7,3,22,6,7,2,13,13,5,6,3,7,4,5,6,7,6,19,8,14,,3,8,5,4,7,9,8,14,2,3,10,7,10,14,11,6,6,18,31,17,14,15,8,11,14,10,15,18,18,20,9,40,17,4,11,5,7,12,13,19,,11,8,8,12,20,11,,1,10,1,,5,11,,13,4,15,8,8,6,24,8,,20,11,10,7,9,9,13,32,32,38,17,,,,,3,14,8,8,5,3,5,,28,11,8,13,33,11,13,9,7,4,8,13,23,45,,9,11,5,7,8,,5,8,8,12,8,11,9,19,9,8,1,6,23,15,9,,26,,5,4,9,21,19,23,11,28,22,21,24,20,28,8,,,6,7,19,23,15,15,22,19,13,16,12,8,10,19,10,10,11,3,,18,17,5,,,13,9,20,110,23,14,9,8,7,11,5,14,15,11,33,34,12,10,5,13,7,8,13,24,31,2,3,,8,8,3,60,30,30,3,3,7,9,12,11,24,21,57,12,11,3,3,57,24,55,,8,4,10,9,6,9,24,8,39,57,21,12,10,21,23,3,37,72,17,16,5,4,5,6,1,8,2,3,13,36,19,36,2,11,13,8,33,9,11,6,8,39,39,16,12,25,12,14,13,23,,2,16,9,6,13,16,20,8,22,5,22,7,20,8,4,4,4,17,32,11,9,15,6,33,7,30,14,34,22,28,12,27,21,30,9,14,5,16,3,13,20
20171215,23,SO2_24h,6,7,9,4,8,8,7,10,4,9,9,5,,,9,,13,11,13,,12,9,11,,8,8,,25,25,29,35,26,27,30,20,22,28,32,33,22,35,44,43,,43,13,23,43,32,27,36,30,34,30,30,10,,21,11,9,19,21,22,19,18,11,9,,12,32,33,29,13,18,17,25,31,25,22,67,,40,99,131,86,143,33,97,16,19,16,12,13,13,14,11,37,57,66,,51,61,62,69,62,,43,21,24,23,22,18,14,14,21,21,22,78,90,36,62,67,20,22,47,16,14,42,40,26,,103,79,97,97,54,21,40,87,9,7,8,9,9,8,8,7,7,10,12,10,7,6,4,9,8,5,13,8,7,5,13,7,8,16,10,13,11,9,18,15,31,,,,18,6,,13,22,11,,7,7,8,,15,9,7,10,7,8,9,10,9,,,,12,18,,3,2,3,5,5,,6,13,7,15,11,6,9,10,,10,,4,8,8,13,10,6,9,10,9,10,8,4,13,8,15,13,13,11,,9,12,8,10,8,9,7,6,12,,,7,,9,12,,5,7,7,5,8,10,,14,13,6,4,6,5,3,5,4,3,4,4,6,4,7,3,2,1,5,,8,,8,8,2,5,,4,,2,6,8,6,3,,6,15,21,26,29,23,26,34,34,23,13,21,19,23,12,22,16,23,21,18,18,18,12,14,21,22,17,4,3,4,5,4,2,2,4,4,5,4,5,4,3,5,6,3,2,5,6,11,11,,6,5,9,6,12,13,10,10,8,5,9,8,11,9,11,5,8,8,12,13,11,19,16,10,16,9,8,12,25,16,16,18,15,18,17,22,17,13,8,10,22,20,15,16,10,10,8,10,11,9,11,10,13,10,15,14,9,13,10,9,10,4,6,5,4,6,8,,16,13,13,8,12,11,10,,,16,11,12,8,16,,9,7,4,10,,,10,10,11,15,10,12,31,31,23,14,20,15,11,12,11,13,24,25,7,9,6,3,11,,36,32,35,32,34,35,31,33,26,37,29,23,32,32,28,26,32,34,26,,28,24,28,,,,29,45,5,11,12,11,12,,12,7,8,15,8,5,20,6,9,8,4,11,7,6,5,8,8,10,10,8,11,18,18,12,13,16,25,30,12,19,40,30,22,44,63,62,46,124,56,46,82,9,9,11,4,,32,,17,19,24,15,18,,16,13,,13,23,30,23,30,43,35,48,31,60,38,17,18,20,22,15,25,19,20,24,,27,,23,,23,23,26,23,24,16,34,13,10,8,16,12,13,26,27,26,,9,9,8,11,8,9,9,9,13,12,21,18,10,16,18,14,21,15,29,45,30,6,5,7,10,8,8,2,6,5,13,15,15,6,6,,25,23,,26,24,27,21,10,8,8,9,,,17,8,9,16,,21,15,,22,26,32,,35,45,,77,63,69,65,89,110,118,97,103,121,93,38,14,24,,46,41,38,68,87,51,32,50,37,35,36,24,45,53,58,61,76,64,30,88,65,60,132,71,29,29,31,34,25,,27,25,38,57,18,38,23,32,26,21,24,11,28,20,33,22,8,8,10,7,16,16,11,12,17,6,11,12,9,11,19,4,7,29,19,,24,22,16,17,15,20,13,,12,,17,12,16,14,10,8,10,22,22,14,20,24,22,,20,13,9,12,11,13,8,15,12,8,8,7,2,3,6,,4,,,4,7,6,6,4,5,12,12,11,6,6,6,10,4,16,51,14,24,8,2,2,6,14,16,10,16,15,13,12,15,15,60,28,30,22,9,7,17,11,16,,,17,6,13,8,7,4,10,10,6,9,8,27,7,9,,17,20,10,18,30,26,23,23,36,28,35,15,14,67,51,13,12,19,15,15,34,18,21,27,26,24,17,6,4,6,8,,28,29,40,29,3,8,9,6,6,6,10,7,41,28,13,21,22,28,16,13,28,20,37,16,19,17,15,16,16,12,11,12,10,14,13,9,20,11,12,16,16,4,3,15,12,23,,3,5,8,6,6,9,3,5,14,11,11,6,7,7,8,9,9,10,,10,4,1,,,21,21,25,17,11,5,8,13,10,12,9,,14,13,33,45,25,33,27,29,49,36,53,25,47,138,,152,138,50,34,,62,32,44,34,29,37,,57,6,10,4,28,13,9,5,,7,30,14,18,,,13,4,35,29,9,9,8,45,31,19,37,22,44,57,36,48,39,,39,32,132,59,100,128,56,43,52,33,26,63,52,61,52,21,11,18,22,44,41,36,11,33,33,12,26,19,36,,13,26,19,15,14,14,9,14,13,14,23,21,16,37,9,14,11,11,33,37,38,18,8,18,31,14,14,4,,22,4,7,23,14,8,9,17,10,20,6,13,9,8,21,6,22,10,4,8,4,22,2,14,4,,13,17,9,16,11,16,4,10,12,14,,27,24,19,26,17,2,4,8,6,2,11,9,13,17,2,11,15,12,11,11,10,9,6,10,8,4,4,5,18,5,5,24,12,17,16,22,16,3,7,8,18,14,14,11,22,4,3,10,9,2,10,7,19,14,17,12,17,11,18,7,7,7,7,4,9,16,17,13,5,9,11,,14,18,10,12,,18,12,11,,12,10,12,9,13,12,9,8,10,9,7,9,10,3,11,11,10,7,4,7,8,5,13,22,19,21,16,14,14,8,4,2,4,14,23,16,,7,6,,3,2,2,3,2,7,8,5,7,5,6,15,15,9,8,7,8,14,10,10,18,5,5,4,8,2,10,7,7,14,4,10,4,18,6,4,4,1,3,5,2,9,4,7,3,7,10,6,4,3,8,4,7,5,6,6,12,12,12,9,5,8,4,3,6,9,16,24,2,3,4,5,10,9,7,5,6,15,22,15,10,14,8,10,7,8,9,10,20,7,29,12,4,4,6,5,4,16,17,15,,14,14,9,12,13,15,,2,8,11,,5,10,,7,6,10,7,8,8,18,8,,20,11,9,10,12,15,10,26,44,33,16,,,,,2,10,10,10,7,3,7,,54,13,8,16,40,13,13,8,8,5,11,18,22,14,,9,10,7,6,8,,5,9,15,16,10,11,19,12,7,7,4,5,14,9,6,,7,,5,4,15,16,12,17,12,27,21,19,14,24,27,12,,,7,10,36,24,13,12,13,12,16,19,12,9,18,32,18,56,44,3,,25,30,10,,,16,10,27,61,21,14,14,18,7,12,5,14,16,10,26,25,12,9,5,13,9,10,12,18,18,3,8,,18,22,21,47,46,35,4,14,13,11,14,12,36,7,42,12,10,8,10,38,156,63,,27,5,9,11,13,9,25,7,25,25,11,9,9,24,25,27,28,61,41,13,5,4,5,6,9,7,4,12,22,68,58,38,6,17,10,8,15,12,14,6,9,42,23,25,12,20,11,14,15,106,,10,10,25,6,28,10,13,7,22,10,28,8,22,13,3,3,12,17,31,17,19,21,5,38,15,13,15,36,28,39,11,28,17,35,8,15,6,6,4,7,9
20171215,23,NO2,7,5,7,15,10,10,8,5,2,7,8,10,,,18,,21,18,19,,22,54,20,,49,12,,86,85,87,103,77,81,27,40,55,38,59,55,53,27,33,68,,46,85,72,71,75,83,83,70,73,84,74,5,,8,3,9,23,25,9,30,10,14,9,,8,74,67,67,72,64,73,66,68,87,66,22,,14,32,39,18,23,17,35,9,17,23,2,22,20,8,6,35,52,61,,50,48,48,55,49,,37,35,36,33,45,43,23,10,36,50,20,61,52,53,56,62,14,19,53,52,45,52,56,49,,43,33,61,55,58,52,41,67,41,36,38,36,27,30,40,28,37,37,36,28,48,45,44,35,29,38,52,41,46,44,29,50,35,65,42,20,23,21,27,20,59,,,,60,54,,61,62,51,,31,36,34,,46,50,44,48,56,42,41,33,46,,,,32,31,,38,32,29,25,26,,33,55,55,63,48,56,43,48,,49,,52,56,63,45,65,34,46,45,49,55,43,37,52,49,26,28,18,20,,27,,17,48,44,60,34,54,40,,,30,,34,38,,40,42,40,8,8,4,,69,70,57,69,59,31,40,59,28,32,21,15,26,23,44,48,30,17,23,,39,,38,42,11,43,,31,,23,31,40,45,18,,15,73,68,65,79,70,86,81,74,22,22,48,32,29,67,23,68,31,54,62,60,59,55,58,58,67,51,32,29,40,42,33,33,37,30,26,29,32,27,30,27,38,30,37,38,27,29,50,40,,42,35,46,40,34,33,40,32,58,34,47,47,33,36,47,10,25,32,48,56,52,60,49,37,27,40,38,47,45,40,41,52,45,49,55,42,41,41,38,34,41,36,42,41,26,27,27,23,29,26,29,24,32,34,36,42,32,22,28,40,37,7,11,9,12,16,30,,59,58,61,47,53,54,50,,,53,64,63,45,56,,82,97,102,81,,,103,19,16,28,26,13,24,18,31,27,29,38,66,11,64,55,56,75,78,106,57,65,56,,91,89,87,96,96,80,111,76,36,38,64,93,87,8,24,6,22,34,31,,38,15,19,,,,25,43,59,63,50,45,45,,11,35,27,27,37,35,44,41,34,42,42,13,33,25,20,12,10,13,14,11,14,13,10,13,9,10,30,57,45,50,21,30,25,29,21,20,56,68,52,63,55,49,60,41,30,,64,,56,58,58,56,68,,68,65,,67,64,74,74,69,84,76,72,,98,57,54,39,25,39,8,22,17,18,24,,60,,80,,70,54,62,57,61,58,68,60,56,59,4,6,9,67,37,39,,35,40,38,29,37,47,35,24,34,26,51,25,21,24,26,19,23,30,16,16,20,28,17,26,24,27,27,26,23,22,32,26,25,30,26,,30,23,,32,28,34,36,31,22,28,18,,,48,52,45,3,,5,7,,5,26,41,,26,29,,14,19,16,4,1,31,42,25,27,33,28,27,16,16,,26,60,40,49,57,59,46,53,60,50,57,37,60,58,42,26,55,54,42,59,66,62,27,18,33,37,52,38,41,,1,35,39,44,28,43,11,17,10,18,12,34,48,37,63,55,52,48,66,62,45,41,53,50,50,29,31,26,42,36,34,34,11,66,72,,64,65,65,64,72,68,69,,63,,50,60,51,65,68,76,71,64,63,60,62,17,9,,12,67,57,49,28,44,58,42,50,33,26,29,25,11,22,,39,,,5,30,43,11,4,16,30,16,23,20,22,17,22,10,22,39,19,25,14,8,15,17,42,49,19,39,51,53,38,49,30,92,65,98,38,28,44,39,50,61,,,87,40,60,71,50,10,58,73,46,68,55,30,27,33,,28,36,27,84,63,79,79,18,35,56,39,59,69,58,61,70,62,70,75,72,60,76,80,87,78,81,76,10,13,10,17,,12,12,18,7,41,33,10,41,19,43,75,27,78,85,56,66,27,23,90,65,45,61,26,28,,35,12,18,30,39,21,31,6,6,17,11,11,2,52,38,48,29,22,34,25,23,,,28,26,23,43,34,29,30,39,48,38,36,27,26,26,11,43,52,,36,65,57,,,40,36,44,27,52,45,61,49,51,48,50,,64,80,20,22,19,26,22,11,6,22,8,13,18,24,,31,30,9,13,,17,12,20,11,20,14,,20,9,12,6,20,10,13,35,,19,36,25,7,,,5,2,21,,11,9,6,15,18,5,12,30,39,56,34,46,18,,29,56,10,21,15,4,9,32,30,18,29,41,49,27,40,34,45,17,7,12,14,6,17,32,25,4,10,16,15,,6,31,65,29,31,26,5,30,31,34,50,22,38,25,48,13,7,9,29,23,18,12,53,37,53,51,33,58,,63,28,31,42,22,45,51,55,60,27,41,41,38,41,44,25,40,45,49,38,42,34,31,37,35,,41,70,58,64,31,36,25,38,57,60,,18,28,33,35,19,26,8,37,31,5,20,24,22,20,5,25,31,31,26,26,26,28,34,37,39,22,13,22,34,34,37,23,36,31,22,42,31,28,24,31,34,32,17,33,32,24,31,31,32,37,29,33,28,38,40,35,24,37,36,20,27,25,28,25,46,30,25,28,71,73,81,,61,69,73,63,,64,61,46,,58,61,51,53,55,27,69,65,75,66,66,60,51,53,68,61,48,23,36,39,38,40,22,76,56,75,74,73,82,74,34,18,7,60,66,68,,21,20,,19,47,42,33,20,29,31,32,27,27,20,22,32,21,30,21,10,21,16,20,24,19,47,30,32,30,37,30,30,32,33,29,27,25,25,30,8,9,16,17,16,10,90,24,18,21,2,53,29,37,24,25,39,20,17,18,13,12,26,14,15,20,14,13,26,30,31,36,29,20,13,25,24,14,14,13,15,16,89,63,59,53,76,69,57,45,46,68,70,65,69,71,55,43,65,70,53,19,31,34,,28,47,69,53,53,59,,42,10,27,,42,58,,39,45,39,66,66,20,17,27,,14,16,27,15,24,15,42,48,24,53,21,,,,,16,29,25,15,15,12,19,,14,14,8,12,32,19,39,25,26,20,32,15,64,39,,15,17,25,18,40,,27,16,31,24,26,46,11,39,46,27,11,23,72,34,39,,34,,6,18,22,73,62,80,36,43,34,30,63,45,54,38,,,4,17,14,17,15,17,41,20,11,15,20,25,15,21,11,12,18,35,,16,20,23,,,17,56,11,50,31,7,18,18,15,15,9,12,14,17,78,92,37,79,4,23,14,3,27,68,73,11,6,,28,31,31,53,50,47,10,3,44,22,34,14,70,66,26,39,65,20,21,76,31,10,,32,50,30,19,32,25,27,30,75,73,62,87,26,54,50,14,56,42,36,33,25,10,48,39,14,65,42,18,5,24,17,31,12,64,66,23,76,40,29,40,36,74,69,55,39,66,63,61,57,20,,24,56,74,34,30,55,70,41,9,7,45,8,17,31,33,10,27,83,39,14,4,58,39,60,17,79,23,30,26,27,33,22,12,67,55,63,52,43,32,45,76
20171215,23,NO2_24h,34,21,36,37,43,36,37,43,33,29,37,38,,,43,,43,45,44,,43,51,47,,48,40,,76,75,72,96,66,71,46,55,53,58,58,57,59,60,60,72,,70,67,56,60,68,83,76,72,67,78,81,11,,17,12,16,34,44,28,39,26,41,42,,40,48,51,50,55,54,52,64,61,70,63,56,,47,54,56,51,52,46,58,13,21,23,7,24,19,13,13,37,56,60,,46,56,57,59,56,,48,34,31,36,38,30,32,18,44,36,31,48,43,50,45,49,26,28,46,37,30,54,57,39,,60,59,69,63,61,43,45,68,49,46,53,47,50,46,52,30,50,39,46,34,55,50,43,42,40,44,52,49,54,53,38,60,40,67,55,28,32,33,35,34,57,,,,57,50,,54,57,56,,38,31,28,,52,57,48,53,56,53,50,40,52,,,,44,37,,27,34,36,27,31,,36,46,40,48,44,46,31,44,,41,,46,48,54,58,76,33,62,55,59,71,60,47,64,57,58,56,53,47,,51,,45,55,48,62,49,62,49,,,42,,52,57,,34,40,40,12,10,13,,54,54,41,46,39,29,34,44,32,31,25,21,29,27,48,45,38,25,29,,40,,50,40,8,30,,30,,25,33,39,44,24,,19,62,55,60,64,54,69,67,58,59,64,63,79,65,97,77,63,64,57,64,58,56,50,59,56,64,52,29,29,34,39,31,43,33,29,30,26,30,30,31,30,39,35,40,38,31,33,50,43,,46,39,53,38,38,32,43,28,54,34,43,47,23,33,54,9,21,23,44,66,64,63,68,43,34,44,45,56,47,43,38,62,54,58,68,54,53,52,49,35,43,38,42,46,28,26,28,30,37,35,33,32,37,31,36,41,26,21,34,37,39,6,9,8,11,14,30,,46,49,41,51,47,46,42,,,43,51,50,40,46,,50,55,63,53,,,62,22,22,32,31,15,30,27,33,31,32,41,43,15,44,42,45,49,34,58,39,24,33,,73,82,82,77,44,64,76,62,68,64,69,68,74,33,40,16,50,54,44,,60,27,20,,,,35,43,55,54,37,51,40,,24,37,32,31,40,37,37,38,34,39,39,15,33,28,28,12,14,11,13,13,11,23,21,17,16,19,32,47,36,37,26,30,28,38,43,51,35,49,36,41,46,25,32,36,15,,60,,56,59,59,55,50,,52,32,,48,64,72,65,64,81,61,66,67,83,44,59,39,26,25,29,43,41,39,38,,41,,55,,51,47,55,52,46,52,61,52,46,52,24,29,29,60,56,57,,30,35,31,27,34,33,24,17,36,27,37,27,28,31,31,23,30,33,21,19,21,27,22,29,16,23,18,27,24,22,44,39,38,31,28,,37,30,,41,40,44,35,32,25,32,17,,,48,49,43,6,,12,9,,13,36,53,,39,42,,35,37,38,25,33,68,63,53,66,56,45,26,22,41,,41,48,43,43,55,41,40,48,53,43,47,36,53,50,42,41,53,51,42,50,46,49,39,36,35,34,44,44,32,,16,35,37,42,29,34,25,38,33,36,22,26,47,40,72,47,50,50,56,48,43,36,44,44,39,31,31,28,42,32,39,32,11,57,62,,58,37,51,54,55,59,56,,62,,51,57,53,50,55,61,48,53,53,50,48,44,37,,36,41,48,47,37,42,48,42,40,29,22,24,26,14,15,,37,,,15,33,32,14,10,18,34,19,28,19,22,17,20,10,27,23,20,25,15,9,11,30,50,44,39,37,38,41,35,45,29,68,45,71,43,29,38,32,43,44,,,56,36,44,50,42,20,26,35,39,39,32,37,30,36,,29,29,21,70,61,67,62,32,46,51,43,30,43,46,43,42,42,57,61,50,50,55,53,67,65,68,98,9,10,7,23,,22,19,18,18,26,20,7,37,18,27,34,22,49,61,52,56,64,60,76,50,58,75,44,36,43,46,16,29,36,38,37,43,30,28,33,35,27,19,48,75,46,38,38,42,35,41,,,32,33,24,42,64,36,42,46,51,37,36,40,98,22,16,49,56,,49,53,49,,,35,34,48,28,44,33,44,43,44,42,44,,39,34,45,46,36,54,35,22,24,34,22,15,36,56,,52,55,40,34,,37,34,43,38,34,28,,34,12,12,9,15,20,7,31,,17,23,18,10,,,11,3,18,15,11,10,7,24,24,15,19,26,46,58,46,45,34,,47,55,33,40,42,34,46,56,38,45,41,52,43,42,41,31,20,40,20,34,44,25,31,55,42,11,39,41,54,,34,30,43,17,41,33,7,32,34,36,48,23,65,44,41,12,10,19,48,50,37,8,32,29,33,49,24,44,,36,25,27,35,17,47,48,56,59,53,44,42,52,51,36,25,36,35,31,24,24,30,28,40,36,,39,55,47,51,32,30,25,26,34,43,,25,40,56,53,26,22,8,32,21,6,25,28,28,22,3,20,22,27,28,29,32,36,35,36,35,11,11,15,27,28,32,19,33,26,20,35,29,29,28,33,35,37,16,34,32,24,32,32,35,39,27,31,29,38,32,28,23,30,31,20,29,26,27,27,40,28,25,17,73,58,64,,52,58,56,51,,55,52,49,,55,56,45,44,51,34,59,48,57,43,58,56,44,44,60,50,42,21,33,45,35,33,20,55,51,57,49,53,66,53,35,20,16,49,54,52,,30,29,,21,49,43,37,24,26,29,30,34,28,26,29,36,28,42,31,19,25,25,25,30,24,39,28,21,26,36,28,28,28,28,34,39,27,20,25,11,13,15,15,14,11,32,30,24,20,4,31,25,30,20,24,35,23,19,21,12,14,23,13,17,21,16,14,22,24,26,21,26,18,14,22,20,13,14,12,13,17,41,38,32,40,38,40,35,28,16,32,45,31,43,38,30,37,48,55,39,20,28,29,,29,46,70,52,55,58,,23,17,28,,39,40,,27,55,28,39,39,14,17,21,,19,17,27,23,36,30,38,37,32,46,19,,,,,6,22,29,22,17,14,28,,19,16,15,18,25,7,23,17,20,20,19,16,26,17,,9,9,19,19,24,,17,17,33,27,24,32,8,17,25,15,9,21,41,22,17,,9,,9,14,27,47,45,44,26,34,28,28,32,37,42,35,,,9,24,39,48,18,13,16,12,24,23,23,27,19,27,17,30,40,24,,30,35,26,,,22,30,19,20,25,12,18,23,10,17,11,32,18,27,71,70,31,56,4,30,21,8,28,56,52,21,18,,43,35,35,49,49,44,8,4,39,28,35,29,52,41,37,41,52,49,43,69,59,36,,42,46,34,62,56,34,20,29,54,51,51,54,32,32,29,27,40,51,52,29,42,19,33,47,40,46,52,40,11,39,28,36,15,52,55,24,63,48,51,32,32,70,48,53,47,59,54,43,47,40,,48,46,68,31,40,40,40,21,10,10,58,10,46,41,34,15,47,66,42,37,13,59,20,53,20,55,23,28,26,31,24,41,12,68,51,68,36,36,39,35,56
20171215,23,O3,60,72,47,53,57,59,67,73,65,60,58,57,,,61,,61,67,65,,52,14,57,,10,57,,5,3,7,4,2,,54,32,17,38,18,20,28,45,45,17,,28,1,5,2,,22,4,17,17,14,12,67,,68,70,72,49,38,60,39,57,65,66,,62,2,5,8,3,6,7,6,5,9,3,59,,67,53,44,48,50,61,36,64,64,57,65,54,59,64,57,19,4,4,,10,18,11,7,10,,23,44,11,39,30,21,54,60,34,11,52,15,9,5,4,6,44,36,14,20,20,26,14,28,,20,34,8,5,7,59,13,36,66,66,76,67,76,55,69,76,70,64,16,34,22,25,20,24,36,29,19,29,28,9,25,28,24,30,52,54,52,51,58,57,1,,,,4,6,,4,3,10,,24,13,25,,31,30,34,33,25,42,35,36,32,,,,40,38,,14,26,22,33,24,,32,1,3,3,14,2,18,24,,10,,2,2,,14,17,20,18,12,9,13,16,15,16,14,49,51,60,58,,56,50,49,11,11,5,21,12,18,,,37,,27,26,,12,12,7,79,74,67,,1,2,1,10,2,7,4,19,26,19,34,47,32,32,43,27,30,46,44,,14,,14,1,23,49,,11,,17,23,6,7,15,,18,4,8,1,7,7,10,5,5,53,49,27,12,50,24,58,4,42,9,15,7,8,6,10,13,5,4,24,27,18,20,20,39,16,18,34,30,7,22,6,23,14,13,16,20,16,15,2,3,,3,4,4,5,4,4,3,9,6,22,28,2,38,22,5,66,37,31,5,31,26,31,18,2,4,,1,1,2,5,2,1,4,5,2,2,2,5,1,4,3,4,3,,18,16,17,16,22,15,7,15,10,6,5,3,9,35,16,4,9,78,106,54,79,51,24,,3,7,1,17,5,3,4,,,7,7,7,4,5,,3,6,6,2,,,8,87,32,27,27,29,34,21,19,13,18,36,10,75,12,24,26,6,33,20,40,26,29,,10,8,7,12,3,11,5,14,45,50,8,5,5,67,59,74,64,60,87,,53,82,54,,,,59,29,4,6,5,20,8,,35,19,16,19,18,19,4,5,9,3,6,52,8,20,38,60,71,58,65,60,54,70,61,60,73,64,55,30,22,26,41,30,33,35,55,59,9,17,6,13,5,17,3,9,36,,6,,6,1,8,3,2,,1,19,,5,13,11,3,2,3,2,10,9,10,5,8,8,11,14,66,55,53,61,47,,11,,7,,8,5,8,,9,,2,12,18,20,66,72,55,7,36,32,,5,6,6,5,4,46,57,62,47,71,37,17,18,15,16,15,16,7,10,10,11,7,18,8,64,60,54,14,14,13,3,3,2,8,10,,16,17,,6,11,5,22,4,3,2,25,,,10,9,5,73,,55,61,,63,53,57,,51,42,,53,56,52,54,58,49,40,63,44,39,61,21,35,47,,44,16,18,19,17,16,12,6,27,16,16,23,14,4,17,24,13,2,6,13,5,18,35,44,38,31,20,37,40,,74,25,22,11,29,8,51,52,63,59,58,29,11,18,20,6,11,16,4,8,11,13,9,8,36,2,7,2,11,5,1,6,23,2,4,,6,4,2,4,3,6,9,,,,5,4,8,3,5,3,6,3,5,8,5,61,52,,69,15,8,7,9,12,3,10,5,10,3,20,18,30,6,,7,,,30,5,10,11,46,24,18,12,20,12,23,25,18,30,22,30,23,17,20,61,58,69,36,39,64,18,11,9,21,19,30,6,12,7,20,2,6,6,2,26,,,31,33,7,8,17,70,20,28,36,23,21,47,22,21,,17,11,6,5,26,9,13,66,40,42,37,10,5,,28,25,11,6,8,8,9,9,2,2,3,7,12,65,49,62,55,,68,72,59,80,4,2,3,36,21,31,9,46,12,3,4,5,39,40,3,4,18,20,44,23,14,31,49,51,27,,43,38,61,77,55,68,59,57,20,33,33,43,58,,48,64,,,67,70,39,15,39,31,43,22,14,38,20,42,25,52,68,33,28,,49,,2,,,23,22,5,36,24,22,14,12,11,13,10,,11,12,70,58,69,69,62,64,66,64,56,57,66,95,,41,45,67,53,,68,65,57,68,48,62,,61,65,54,73,35,45,54,8,,57,29,60,72,,,57,59,42,44,77,77,80,49,41,58,51,34,26,15,26,8,27,,24,10,57,51,51,68,39,34,23,40,36,25,10,33,17,23,8,35,51,87,75,69,46,34,37,56,63,57,53,,,38,4,46,36,43,42,35,35,30,13,53,40,42,23,40,52,52,52,66,49,42,15,12,17,14,11,8,,7,12,15,14,15,13,11,12,22,4,17,23,29,20,37,20,14,34,17,31,15,32,26,37,8,,8,4,12,12,21,17,27,12,21,5,,34,62,51,56,65,39,45,24,32,57,6,7,9,14,40,14,11,5,2,3,4,4,2,2,1,2,2,4,2,4,4,1,3,2,15,1,2,1,4,2,9,8,5,5,7,20,20,44,14,10,8,2,2,3,7,6,5,5,5,7,8,8,7,7,1,6,2,6,6,13,5,,7,3,5,7,,15,6,10,,8,4,11,,2,6,17,13,11,15,,2,3,,13,8,10,4,2,7,3,5,73,8,16,4,5,6,12,9,16,21,25,15,13,13,,51,51,,24,4,3,2,2,34,40,34,2,5,33,21,16,23,28,32,53,41,53,36,37,18,5,9,46,18,24,11,5,8,2,24,4,18,15,15,45,44,30,26,33,66,33,48,42,40,6,,,4,10,7,,30,30,34,31,37,16,20,14,11,18,23,13,4,17,5,10,3,48,38,39,36,33,20,20,81,5,33,15,5,7,9,7,,3,3,4,3,2,3,3,22,7,8,17,34,21,15,,18,35,40,19,41,56,,60,32,79,,6,3,,25,13,24,4,21,24,22,15,,51,51,60,41,42,48,39,28,40,47,49,,,,,19,29,31,37,6,22,49,,38,50,63,44,32,65,60,64,25,27,27,32,20,17,,49,49,17,20,6,,65,72,34,34,18,10,79,46,7,16,62,82,16,40,14,,40,,56,50,37,5,8,26,31,32,37,48,6,4,2,34,,,66,51,63,78,72,56,21,38,77,67,60,53,64,59,40,64,57,48,,57,51,78,,,64,16,106,18,56,55,36,44,65,64,72,66,79,52,1,4,9,,81,39,36,59,24,32,25,52,66,,66,42,49,5,3,6,28,66,98,36,27,39,18,26,44,2,3,47,50,2,50,64,,40,15,35,54,30,31,14,32,9,14,11,3,50,1,6,63,26,19,21,17,33,67,2,28,64,28,14,59,59,45,56,50,20,,2,25,1,38,46,19,5,17,1,7,37,18,6,4,5,57,,52,4,6,5,21,25,4,29,65,53,24,57,61,44,15,28,41,4,47,56,45,,7,2,53,5,25,21,25,24,15,69,62,15,15,12,4,2,12,2,9
20171215,23,O3_24h,63,73,47,59,58,65,74,77,68,66,61,63,,,62,,63,67,69,,55,77,69,,70,57,,23,15,17,5,12,11,60,70,73,70,72,67,71,48,50,41,,36,28,28,32,1,51,38,38,43,42,37,73,,81,77,83,65,60,72,69,67,66,66,,62,57,65,63,30,37,35,28,22,23,23,63,,77,77,58,58,54,64,63,70,71,72,76,70,76,72,63,59,46,61,,66,67,49,34,48,,66,75,64,68,66,64,74,69,66,63,78,50,53,17,40,41,69,70,57,66,70,92,78,81,,61,67,35,43,52,103,86,72,66,66,76,67,76,55,69,76,70,72,25,38,30,31,34,29,44,38,38,39,31,26,28,34,27,43,56,65,72,61,62,62,6,,,,6,9,,14,8,15,,36,42,53,,31,33,36,40,32,42,35,52,34,,,,40,47,,46,49,39,51,54,,50,95,30,52,27,24,59,46,,46,,18,26,23,14,17,34,18,12,9,13,16,15,16,14,49,51,60,59,,56,50,49,23,22,8,31,21,24,,,37,,42,36,,39,31,30,81,84,72,,12,16,20,25,25,14,22,35,32,20,34,47,32,32,50,32,37,46,55,,53,,51,35,49,69,,18,,30,32,23,15,36,,23,21,27,10,20,36,24,26,24,53,49,27,12,50,24,58,35,42,20,24,20,19,18,22,36,16,21,28,28,26,20,21,39,16,20,43,34,13,26,13,25,16,15,16,25,17,18,12,24,,14,35,24,19,19,27,21,27,92,92,90,69,120,128,68,94,122,84,109,84,68,105,77,14,15,11,21,24,11,17,17,45,52,59,53,42,40,37,44,77,72,54,84,90,86,96,90,97,117,17,14,15,18,21,19,16,23,35,25,17,21,81,110,65,79,76,52,,39,45,38,34,45,25,26,,,51,29,47,30,26,,61,78,68,60,,,63,97,32,30,36,30,34,21,25,13,25,103,80,102,100,100,90,86,96,93,102,83,98,,84,75,56,88,71,99,86,88,88,79,96,75,70,91,79,85,90,85,91,,55,89,84,,,,77,52,18,23,45,29,22,,48,25,16,22,19,24,9,10,10,8,9,58,11,21,41,70,77,69,77,66,65,79,72,71,85,77,89,84,79,72,56,41,45,46,65,69,65,75,76,64,76,69,63,63,77,,19,,16,13,20,16,39,,41,40,,36,37,38,36,30,38,22,37,27,44,35,11,11,21,35,75,58,58,71,64,,45,,40,,32,38,34,49,36,34,16,44,60,68,66,74,61,34,39,33,,31,28,30,27,21,89,97,91,81,97,115,49,45,46,47,45,44,113,64,66,42,32,29,20,96,99,97,38,41,43,66,74,75,21,22,,95,112,,144,124,120,143,16,22,21,71,,,33,31,34,87,,60,71,,63,105,97,,101,91,,66,65,65,65,66,54,65,75,47,50,98,54,52,63,,77,67,73,76,91,68,64,62,68,69,54,68,58,54,58,55,47,45,52,67,75,78,69,65,74,60,67,71,76,,84,60,48,62,53,61,54,52,64,61,63,61,47,47,50,45,16,18,16,23,29,28,32,29,110,15,21,19,20,18,8,96,92,47,78,,58,52,58,57,22,19,25,,6,,18,10,18,18,16,18,26,53,60,53,66,68,63,,82,36,11,12,30,17,27,40,41,17,15,23,25,33,20,,29,,,41,33,48,70,57,28,19,14,21,19,27,27,26,36,35,47,35,31,24,70,77,90,47,72,75,48,52,30,48,56,47,84,96,96,88,26,19,27,16,66,,,78,80,73,75,81,103,100,106,94,110,87,47,29,29,,26,38,43,60,86,69,85,94,86,94,80,95,32,83,91,79,97,76,88,89,83,88,87,73,69,72,63,75,72,77,67,,70,85,75,80,52,44,36,60,52,58,76,235,38,33,20,27,39,45,29,36,21,24,183,48,38,50,63,64,44,1,61,46,61,77,59,69,76,68,34,38,50,43,58,,49,64,,,67,70,48,38,39,38,94,31,33,71,35,54,33,59,68,45,37,,61,4,8,,,63,197,12,61,55,52,50,50,57,48,56,,68,91,81,74,82,84,90,87,79,84,72,76,82,96,,50,52,75,65,,80,78,67,77,64,68,,69,74,78,79,49,46,65,36,,73,48,79,85,,,57,65,65,65,89,93,93,69,58,64,66,67,66,61,61,65,45,,54,43,69,70,65,77,51,58,57,62,72,51,62,68,59,51,57,47,64,87,75,77,55,44,44,68,84,57,53,,43,60,58,70,37,43,53,66,57,65,42,70,43,64,53,60,58,57,91,101,53,51,38,77,90,34,34,42,,33,24,26,31,25,16,20,18,39,9,53,28,29,20,61,41,31,55,27,59,34,54,44,99,17,,19,19,26,24,36,27,36,31,58,60,,45,62,61,56,94,68,68,67,76,72,33,37,37,31,84,39,43,29,31,36,31,23,22,14,26,25,26,32,35,30,14,3,5,4,17,24,22,14,13,10,14,14,13,14,16,34,28,54,23,21,53,25,22,18,32,32,29,25,25,17,18,18,17,19,15,15,12,16,15,16,12,,13,5,10,12,,15,11,31,,34,44,51,35,36,45,51,54,53,54,72,70,72,66,55,58,54,11,8,11,8,9,95,55,50,62,28,24,37,36,19,24,28,35,35,35,,51,51,,26,8,8,9,9,59,58,65,25,31,33,21,16,23,28,32,53,44,53,42,40,39,32,195,69,35,26,13,8,12,6,32,14,24,26,20,45,44,40,35,37,67,36,48,42,43,43,33,33,21,24,13,7,36,35,40,36,41,22,26,20,17,21,23,23,17,30,26,16,10,56,52,51,39,40,38,33,94,73,74,84,79,64,65,89,42,51,48,48,56,57,59,48,81,58,58,49,59,52,48,,46,48,65,32,62,81,,88,94,130,,64,66,,64,72,65,61,66,66,78,76,,51,76,79,70,74,76,53,43,57,73,61,,,,,57,54,51,48,16,33,49,,38,103,105,52,54,95,101,95,80,87,93,88,79,74,,71,68,69,54,90,,89,107,80,82,53,79,107,119,73,81,94,92,82,93,64,,70,,71,69,68,61,53,74,88,80,83,83,39,28,28,86,,,79,88,89,96,86,81,84,75,101,89,74,72,89,81,56,85,68,96,,81,72,79,,,80,87,120,79,83,61,53,57,82,82,81,69,96,64,35,38,57,63,98,51,45,59,48,87,51,126,91,,81,74,91,28,20,35,56,66,130,50,47,45,86,65,83,24,69,50,57,12,61,72,,69,42,55,56,33,32,37,40,38,44,43,56,50,81,76,67,79,66,61,49,38,77,80,29,65,73,19,59,67,59,69,67,21,9,30,47,15,38,46,47,8,17,39,19,41,36,31,37,31,71,,55,11,62,18,147,45,48,66,82,55,35,69,68,84,21,36,62,10,52,65,54,14,45,15,110,52,50,48,53,46,68,89,76,43,38,34,65,28,29,29,28
20171215,23,O3_8h,59,70,36,52,49,59,68,60,62,54,54,59,,,49,,44,53,45,,39,31,36,,32,43,,10,5,7,4,4,2,50,32,29,32,26,29,30,33,27,22,,20,6,5,8,,21,9,17,22,19,13,66,,62,63,62,54,30,66,49,56,59,60,,54,24,28,32,10,12,14,10,7,11,8,54,,69,61,51,46,46,60,50,64,61,62,66,60,64,64,54,38,10,11,,22,20,12,9,13,,26,54,37,39,43,39,56,57,46,46,65,19,14,6,10,10,44,46,19,31,35,38,15,40,,25,36,16,14,20,59,22,45,46,42,44,47,42,46,49,57,37,46,14,34,23,19,23,24,37,26,25,26,22,8,14,18,16,25,37,54,57,51,52,51,2,,,,4,5,,4,3,10,,23,19,32,,12,18,17,17,16,22,22,28,29,,,,31,35,,26,30,18,30,14,,31,23,15,17,18,11,37,34,,24,,5,6,5,7,12,27,6,3,3,4,5,8,6,8,25,34,50,52,,34,38,36,13,8,5,14,10,16,,,31,,26,22,,9,5,9,78,74,66,,3,4,3,10,7,6,8,24,17,16,26,21,26,20,42,27,20,17,34,,21,,15,4,35,57,,11,,19,25,6,8,22,,17,11,13,4,12,16,15,13,10,30,12,11,5,19,17,22,8,15,6,11,7,5,8,8,10,6,6,22,18,14,14,15,26,12,14,29,30,8,23,8,23,13,12,15,21,15,16,4,5,,4,8,7,7,5,6,5,12,40,41,46,20,70,69,32,76,84,66,42,47,43,52,34,3,5,1,4,4,5,8,6,4,6,10,10,4,4,8,3,10,9,8,7,6,32,36,37,48,59,15,9,11,10,10,6,7,13,28,18,8,11,77,102,58,70,62,28,,11,8,10,8,5,4,8,,,8,7,5,8,6,,22,34,30,18,,,32,79,18,17,26,20,15,7,11,8,9,66,42,88,48,62,51,43,75,69,81,64,79,,35,29,19,36,28,35,36,38,36,35,30,26,25,77,66,78,75,66,73,,44,76,57,,,,46,29,9,8,24,21,13,,36,22,14,19,16,20,6,6,9,4,6,50,8,19,38,59,69,59,64,58,58,67,62,62,74,66,60,39,32,40,45,36,39,39,41,37,38,34,26,26,12,37,25,33,54,,9,,6,2,8,4,11,,14,22,,16,17,16,12,10,10,5,16,9,21,20,8,8,8,20,71,53,54,64,58,,19,,16,,14,9,11,17,22,,6,8,13,16,56,67,52,9,19,17,,6,7,6,6,5,58,66,76,53,79,74,19,16,15,17,14,16,25,15,17,15,15,20,11,83,82,77,19,19,19,21,24,22,11,13,,57,67,,60,50,32,80,6,5,4,49,,,10,10,9,71,,48,54,,47,63,61,,62,50,,61,60,60,60,62,36,39,42,30,32,73,36,39,44,,37,27,29,15,27,33,29,20,34,26,20,33,26,16,26,30,20,8,16,22,27,30,32,39,48,40,35,46,56,,73,25,18,19,30,15,44,42,57,56,52,40,17,28,20,17,8,9,9,13,10,16,13,9,25,3,9,4,12,6,2,7,17,9,20,,19,13,12,10,9,10,15,,2,,5,5,7,4,6,5,10,18,20,18,24,46,54,,70,11,8,8,10,12,7,19,15,8,10,21,18,29,10,,17,,,32,13,20,32,50,22,14,10,17,16,26,26,22,28,31,41,30,28,18,58,59,67,25,38,41,24,28,17,28,21,31,40,57,40,36,11,11,10,5,41,,,49,50,43,42,45,67,52,60,53,54,48,34,14,12,,9,9,9,32,38,36,35,56,31,51,33,60,20,59,67,60,43,23,28,44,30,35,26,29,18,21,17,69,64,69,54,,59,72,65,71,24,18,18,28,35,41,44,60,18,11,7,7,14,17,7,10,13,12,38,30,24,26,57,59,36,1,48,36,45,59,45,56,58,55,24,33,37,31,35,,34,43,,,51,53,38,14,26,30,34,13,12,43,26,42,24,49,55,35,29,,51,,1,,,48,30,8,48,42,40,36,32,34,32,31,,30,53,67,55,64,66,72,73,61,65,56,57,62,82,,43,42,66,57,,70,67,51,61,54,61,,61,68,69,75,38,37,57,8,,64,38,71,74,,,47,58,48,54,79,76,79,48,44,59,55,46,25,24,19,15,24,,20,23,44,47,42,61,40,30,24,28,34,32,40,52,44,20,27,33,40,77,71,70,35,27,32,52,40,35,26,,,39,12,56,14,23,42,34,35,30,14,54,24,43,32,44,45,46,59,56,40,44,18,18,22,23,16,18,,23,16,20,22,20,11,9,12,21,5,17,16,24,14,45,26,20,39,19,41,16,45,36,39,8,,9,9,16,16,23,22,22,12,44,40,,30,48,52,41,50,50,59,49,58,63,4,6,8,17,51,28,29,11,9,9,8,6,2,2,2,4,2,3,2,5,7,2,2,2,14,5,4,2,5,2,6,4,4,4,6,25,22,46,14,14,25,8,6,8,7,7,6,6,6,6,8,7,8,6,3,6,3,7,10,13,6,,8,4,6,8,,13,7,8,,8,17,26,11,14,12,20,19,22,27,17,23,22,15,28,32,26,2,1,3,3,2,83,24,27,20,13,9,14,13,8,12,17,19,19,17,,42,46,,14,3,4,4,4,42,43,39,11,16,22,13,9,11,14,18,40,33,40,31,30,31,22,23,56,29,22,10,4,7,2,27,10,19,20,13,40,38,33,28,30,53,30,34,33,35,14,19,5,8,14,8,1,26,28,29,33,39,19,20,12,11,17,18,13,8,16,13,9,3,34,31,38,30,29,23,18,88,38,48,56,25,24,34,37,16,23,21,17,26,20,26,16,49,19,22,27,44,32,29,,28,39,38,22,44,64,,66,42,79,,26,24,,39,36,34,22,31,49,27,26,,44,62,65,52,58,59,36,26,39,51,54,,,,,46,42,25,34,7,20,28,,30,66,78,36,37,75,79,72,54,53,57,52,67,60,,55,57,29,21,44,,78,82,54,54,34,37,85,78,37,55,82,82,48,70,40,,61,,62,61,50,28,31,43,40,40,42,52,14,14,12,62,,,70,53,63,67,74,68,58,57,88,78,63,60,75,58,38,64,63,82,,66,56,75,,,69,55,96,61,65,56,37,43,73,72,76,68,82,54,12,19,24,20,81,40,35,40,25,47,33,56,75,,64,57,69,13,8,16,48,44,99,34,26,37,55,34,54,4,26,28,42,4,50,61,,52,22,36,50,22,27,24,30,15,22,26,27,28,46,45,59,46,23,17,32,27,64,29,23,59,38,9,45,53,29,43,43,11,1,7,24,3,32,37,32,6,13,12,8,32,19,6,13,7,65,,33,6,19,8,70,23,22,37,65,49,12,57,50,52,13,23,39,4,44,57,45,3,11,5,91,28,23,24,26,22,48,72,66,20,8,10,33,10,16,9,15
20171215,23,O3_8h_24h,60,70,36,53,54,59,69,62,63,54,58,60,,,54,,55,59,59,,46,52,53,,53,49,,16,9,11,5,7,7,50,56,57,56,60,54,59,44,40,35,,26,12,10,16,,34,21,26,30,30,22,69,,69,70,75,60,54,70,67,63,59,62,,55,44,50,50,22,26,26,21,16,18,16,54,,69,61,54,47,46,60,51,66,65,68,69,64,71,67,57,55,38,49,,58,55,38,28,36,,56,65,55,56,56,61,63,61,58,57,72,42,44,13,34,34,59,62,45,59,63,72,52,81,,44,50,28,30,36,90,57,58,47,50,45,55,49,46,54,66,56,64,25,35,25,30,34,24,37,38,28,30,26,19,21,25,20,34,39,54,58,51,52,51,3,,,,4,6,,10,6,14,,26,32,43,,27,25,23,36,24,28,27,32,29,,,,31,40,,41,39,29,44,44,,43,36,30,22,23,16,48,40,,34,,12,14,13,7,12,31,6,3,3,4,5,8,6,8,25,34,50,52,,34,38,36,18,22,7,20,12,16,,,31,,26,22,,34,30,24,80,82,66,,9,11,20,25,19,8,11,24,17,19,26,35,26,27,48,27,21,30,52,,53,,39,32,48,66,,14,,29,26,20,13,32,,21,13,16,5,12,20,17,15,13,35,12,11,5,19,17,22,19,15,13,18,13,14,12,14,22,11,17,22,18,14,16,15,26,12,14,29,30,10,23,10,23,13,13,15,22,15,16,8,14,,8,22,16,16,12,19,12,23,87,80,75,62,95,100,60,87,108,75,90,68,60,77,56,8,11,6,12,12,9,14,13,15,21,26,20,19,18,19,18,42,40,32,44,40,60,62,61,69,94,15,13,11,15,14,16,12,20,30,19,11,16,78,104,62,71,70,45,,39,34,30,22,30,21,16,,,39,24,42,28,26,,42,60,49,36,,,47,79,24,26,26,28,22,14,23,10,22,87,65,92,80,84,75,72,89,80,92,78,92,,53,43,30,54,42,57,54,60,55,51,51,42,36,81,71,79,80,71,80,,48,81,68,,,,68,45,11,14,35,21,20,,48,22,14,19,16,20,8,9,9,6,8,50,10,19,38,64,72,64,70,61,61,72,66,68,79,70,80,75,71,64,47,36,41,42,57,60,56,65,66,55,65,61,61,59,71,,13,,12,8,13,10,30,,30,24,,20,29,29,28,15,17,16,28,11,27,22,11,9,21,33,71,53,54,64,58,,23,,20,,18,22,21,33,23,26,8,25,30,33,56,67,52,23,30,22,,31,27,29,25,19,75,80,82,64,82,88,47,42,42,44,42,38,76,36,41,35,22,23,15,90,91,89,24,27,28,53,59,58,17,18,,83,97,,102,92,87,118,12,12,12,63,,,18,17,18,83,,53,65,,56,79,73,,78,67,,61,60,60,60,62,37,41,42,41,33,75,46,46,56,,65,58,60,51,66,62,52,52,59,60,45,60,51,44,50,47,39,33,40,54,61,63,53,56,63,53,56,61,70,,76,50,42,47,44,50,44,42,58,56,53,53,32,38,38,35,12,15,13,18,26,26,30,26,71,13,16,18,20,18,6,21,88,30,54,,36,30,36,32,13,12,17,,2,,8,5,9,10,11,12,17,36,41,36,44,49,55,,71,34,10,10,19,14,17,28,30,13,13,22,22,30,16,,23,,,36,32,48,47,50,26,17,11,18,16,26,26,23,28,31,42,30,28,19,63,69,72,31,54,57,34,38,25,33,36,37,60,74,69,63,21,14,20,12,56,,,65,64,55,57,60,81,71,84,72,80,69,47,25,20,,24,38,40,45,53,46,55,81,62,81,64,83,23,70,80,76,80,50,58,71,53,64,56,44,36,40,46,72,68,74,62,,67,80,70,71,41,32,28,53,42,53,65,215,24,18,18,27,14,17,16,27,14,12,55,30,27,26,58,60,36,1,48,36,45,59,45,56,58,55,26,33,40,32,43,,34,43,,,60,53,41,25,30,31,81,25,28,52,32,42,24,52,57,36,30,,54,3,8,,,58,76,10,51,45,46,43,44,50,43,47,,53,74,67,58,66,68,75,77,71,76,63,64,75,82,,43,42,67,59,,71,69,58,64,56,62,,62,70,73,76,46,40,63,35,,70,45,75,81,,,54,63,59,59,89,92,92,63,53,61,61,61,54,51,48,49,42,,44,38,49,55,46,65,47,50,51,58,63,42,53,57,53,39,48,42,57,77,71,72,46,32,36,59,58,54,26,,39,58,54,66,31,36,48,50,43,48,29,65,26,48,43,60,57,56,76,75,46,46,31,60,50,28,32,42,,27,23,22,25,20,11,15,13,32,7,53,26,24,14,52,37,27,50,24,43,33,49,40,70,13,,13,18,22,24,35,25,32,31,50,51,,38,48,58,41,58,66,65,57,70,68,32,35,34,27,82,36,37,26,25,27,27,17,12,11,26,24,24,31,33,30,11,3,4,3,16,20,16,9,8,6,10,13,13,13,13,30,25,46,18,17,36,18,14,16,20,22,20,18,19,16,15,15,14,18,13,12,10,14,12,14,9,,10,5,9,10,,13,8,17,,18,28,36,21,24,30,35,37,36,44,48,49,61,44,42,51,40,9,7,6,7,8,87,40,36,35,24,18,22,23,18,23,27,27,27,26,,42,46,,24,7,7,7,7,51,48,48,18,21,22,13,9,11,14,18,40,33,40,31,30,34,27,48,56,32,25,12,6,10,4,27,14,19,21,13,41,38,35,31,35,53,30,34,33,35,30,24,20,19,22,12,4,36,34,39,33,39,20,23,17,13,19,22,22,15,24,19,14,9,39,35,38,30,29,29,27,90,65,64,78,54,40,47,55,33,40,35,36,40,36,43,31,63,38,39,33,48,41,37,,36,43,39,22,54,71,,74,56,108,,46,47,,52,56,56,41,51,59,47,53,,44,65,68,61,67,65,45,28,48,60,55,,,,,54,44,36,40,9,24,28,,36,84,86,38,44,92,100,95,75,79,75,72,76,70,,62,63,48,38,69,,80,90,67,65,38,58,85,94,58,73,87,83,70,84,55,,69,,69,64,54,46,41,56,74,64,68,69,28,22,20,80,,,75,74,74,72,78,78,72,72,98,84,69,69,84,75,52,70,64,89,,73,60,75,,,72,80,110,71,82,58,47,52,80,77,80,69,92,61,27,28,43,49,85,44,40,55,36,62,38,66,78,,70,68,78,20,12,24,54,65,110,40,38,38,71,58,64,14,51,40,47,8,50,62,,60,31,43,50,22,27,37,34,20,26,29,43,28,74,64,59,60,56,50,40,30,67,55,23,59,55,9,51,62,52,65,61,21,5,20,38,6,32,37,39,7,16,25,11,34,26,30,35,25,65,,44,8,43,15,110,33,33,61,77,53,25,63,52,68,18,33,52,8,45,57,50,5,40,6,101,44,37,37,39,34,63,76,69,33,38,20,42,19,20,20,18
20171215,23,CO,0.2,0.2,0.2,0.3,0.2,0.2,0.2,,0.2,0.4,0.2,0.4,,,0.5,,,0.3,0.2,,0.8,0.5,0.5,,0.8,0.4,,2.7,2.1,3,3.2,2.3,1.9,0.6,0.6,1.2,0.5,1,0.8,0.6,0.7,0.6,1.2,,0.9,2.6,4.2,3.3,3,1.9,2.3,2.3,2.8,2.1,1.8,0.2,,0.2,0.5,0.7,0.2,0.5,0.3,0.8,0.4,0.3,0.1,,,1.9,1.6,1.4,2.4,2.5,2.4,2.9,2.8,3.2,2.7,0.2,,0.7,0.8,0.6,0.4,0.4,0.5,0.4,0.6,0.6,0.5,0.5,0.7,0.5,0.2,0.9,0.7,0.6,1,,1.2,0.6,1,0.6,0.7,,0.7,0.4,1,0.8,0.8,0.8,0.9,0.7,0.8,1.2,0.9,1.1,1.2,1.3,0.6,0.9,0.5,0.9,0.9,0.8,0.8,1.2,1.3,1.3,,1,0.7,1,1.3,1.2,1.1,1.3,2.9,0.7,1,0.8,0.8,0.7,0.7,1.1,0.8,0.9,0.7,0.4,0.7,0.2,0.9,0.7,0.9,0.6,0.3,0.7,1,1,0.9,0.8,0.8,0.7,0.5,1.2,1,0.8,1.1,1,0.8,1.6,,,,1.1,1.2,,1.3,1,1,,1,0.7,0.8,,1.1,1.2,1.4,1.1,1.6,1.2,1.1,1.2,1.2,,,,0.8,0.8,,0.5,0.6,0.6,1.2,1.2,,0.9,1.1,1.4,1.1,0.8,1.4,1.7,1.4,,1.6,,1.5,2,1.6,1.1,0.8,0.7,0.7,1,0.8,0.8,0.8,0.7,0.6,0.6,0.7,0.6,0.4,0.6,,0.4,0.6,0.5,0.6,0.4,0.5,0.6,0.7,1,,,0.9,,0.8,0.7,,0.8,0.8,0.9,0.7,0.7,0.7,,0.8,0.7,0.6,0.6,0.8,0.7,0.9,0.8,0.6,0.5,1,0.6,0.7,0.5,0.5,0.6,0.4,0.5,0.6,,0.7,,0.7,0.5,0.4,0.6,,0.8,,1,1,0.9,1,1.2,,1.5,1.7,1.8,1.5,1.6,1.6,1.6,1.5,2,0.6,0.6,0.4,0.5,0.5,0.7,0.4,1.3,0.6,1.5,1.7,2,2.5,2.4,1.8,2.2,1.6,2.5,0.8,0.9,1.1,0.9,0.7,0.9,0.9,0.8,0.8,1.1,1.1,0.9,0.7,0.8,1,1.1,0.9,1.1,1.1,0.7,1.4,1.4,,1,1,1.2,0.8,1.2,0.9,1,0.9,1.1,1.3,1.3,1.3,0.8,0.7,1.1,0.6,0.8,0.8,1.1,1.1,1.3,1.1,1.1,0.9,1.3,1,1.3,1,1,0.9,0.9,1.4,1.3,1.2,1.4,1.1,1.1,0.9,1,1.5,1.3,1.4,1.3,1.3,0.9,0.9,1.1,1.1,1,1.1,1.4,1.1,0.6,1,1.4,1.4,1.5,1,0.9,1.2,1.3,0.5,0.7,0.5,0.5,0.7,0.9,,1.6,1,1,1.1,1,0.9,1,,,1,1,0.9,1.1,1,,1.3,1.1,1.2,1.5,,,1.3,0.6,0.7,0.8,0.9,0.8,0.5,0.8,0.8,0.7,0.9,1,1,0.7,1.1,1,1,1.1,3.6,2.7,1.1,1.4,1.4,,2,2.6,2.6,1.1,2.2,1.9,1.8,,1.1,1.2,1.6,2.8,1.7,0.3,0.5,0.4,0.3,0.6,1.4,,1,1,0.4,,,,0.7,0.9,1.1,1.1,1.6,1,1.1,,1.3,0.7,0.8,1,0.9,0.9,0.8,0.8,0.8,0.9,0.9,0.7,0.7,0.9,0.7,0.5,0.4,0.4,0.5,0.4,0.4,0.5,0.5,0.5,0.5,0.4,0.4,0.7,0.4,0.5,1.1,0.8,1,1,0.6,0.5,0.7,2.3,1.6,2.5,1.8,0.6,0.8,0.7,0.7,,2.6,,2.1,2,2.1,2.2,2.8,,1.7,1.6,,1.5,1.1,0.7,1.1,1.9,2.1,2.6,3.6,2.9,2.7,1.5,1,1.1,1.3,1.2,0.6,0.9,0.5,0.9,0.7,,3.1,,3.1,,2.6,1.4,1.8,1.4,1.9,1.4,1.7,1.5,1.5,1.3,0.3,0.3,0.3,1.2,0.7,0.9,,1,1,1.1,1.3,1.2,1.3,1,0.6,0.9,0.7,0.9,1.2,1.1,1.1,1.1,0.9,1.2,1,1.6,2,1,0.8,0.8,0.7,0.9,0.7,0.7,0.9,0.7,0.9,1,1.2,1.3,1.2,1.1,,0.8,1,,1.1,0.9,1,1,0.9,1,0.8,1,,,3,2.1,2.6,1.1,,0.7,0.6,,0.6,1,0.9,,1,1,,0.8,0.1,0.8,0.7,0.6,0.4,0.4,0.4,1.3,0.5,0.8,1.1,1.2,0.6,,1.3,4.6,2.9,2.5,3.1,4.1,1.2,1.7,1.8,2.5,1.7,1.1,1.9,3.1,2.2,1.1,2.4,3.7,1.5,2.5,2.8,2.4,0.4,0.8,0.8,0.9,2,0.9,1,,0.5,1.3,0.9,1.2,1,1.6,0.7,0.4,0.6,0.8,0.5,1.4,0.8,1,0.5,1.1,0.7,0.6,0.8,0.8,0.9,0.5,0.9,0.8,0.7,0.9,1.4,1.1,1.5,1.2,1,1.2,0.7,2.6,2.9,,3.2,4,4.3,3.8,3.3,2.9,3.3,,4,,1.9,1.8,1.8,2.8,3.3,2.5,3.2,2.8,2.9,2.8,2.8,0.8,0.4,,0.5,1.8,1.6,1.8,2,1.7,1.3,1.5,1.4,0.9,1,1,1.2,1,1.1,,1,,,1.4,1.9,2,1.3,0.9,0.8,1,1,0.9,0.9,1,1.4,1,0.9,1,2,1.2,1,1.1,0.6,0.5,0.6,0.5,0.9,0.7,1,1.1,1.1,0.8,1.2,1,3.4,1.5,2.6,0.8,0.9,1.1,1,0.6,1,,,1,1,0.9,1.2,0.9,0.8,1.1,1,0.9,1,0.9,0.8,0.6,1,,1,1.3,1.4,1.6,1.4,0.9,1.5,0.8,1.3,1.2,2.3,1.4,2,,1.7,1,0.7,1.4,2.1,1.1,2.3,1.2,1.5,1.1,1.6,1.7,1.2,0.4,0.6,0.5,0.4,,0.4,0.2,0.4,0.2,1,0.8,0.8,0.7,1.2,2.4,1.3,0.8,2.5,2.9,1.9,2.2,0.9,0.5,1.8,1.9,1.3,1.2,0.7,0.6,1.7,1,1.3,1.6,1.5,1.1,0.7,0.7,0.6,0.5,0.5,0.7,0.3,0.8,0.9,0.9,1.1,0.7,0.7,0.8,0.9,0.7,,0.6,0.5,1.1,0.7,0.8,1,0.9,0.7,1,1.1,1.1,1.3,0.5,0.6,0.6,0.5,0.5,0.5,,0.5,0.4,0.5,,,0.8,0.5,0.8,1.5,1.3,1.5,1.4,1.6,1.7,1.7,1.3,,0.9,0.9,0.5,0.6,0.8,,0.4,0.4,0.2,0.6,0.6,0.6,0.3,1,,0.3,0.9,0.9,1.2,,0.8,0.7,0.5,0.9,0.8,0.4,,1,0.6,0.2,0.3,0.4,1,0.7,0.8,,0.7,0.7,0.4,0.2,,,0.5,0.2,0.9,0.7,0.5,0.4,0.3,0.4,0.4,0.4,0.3,0.5,1.1,1.5,1,1.9,0.6,,0.6,0.5,0.4,0.8,0.6,0.4,1.2,0.7,0.9,0.6,0.9,0.9,0.7,1.1,1,0.7,1.2,0.3,,0.7,0.6,0.7,0.5,0.6,1.1,1.2,,0.7,0.7,,0.7,1,1.7,0.9,0.7,1,0.4,1.3,0.8,1,1,0.5,0.9,0.4,0.8,0.9,0.5,0.8,1.2,0.8,0.5,0.7,0.9,1,0.9,1,1,1,,0.8,0.7,0.7,0.9,0.8,1,1.1,1.4,0.7,0.7,0.7,0.7,0.6,0.7,0.5,0.6,0.6,0.6,0.7,0.7,0.9,0.6,0.5,0.7,0.9,,1.2,1,1.1,1,0.7,0.6,0.7,0.7,1.5,1.4,,0.5,0.5,0.7,0.7,0.7,0.8,0.5,0.6,0.5,0.4,0.9,0.7,0.7,0.6,0.5,0.6,0.7,0.3,0.8,0.8,0.9,0.7,1.2,1.6,1.1,0.5,0.7,0.8,0.6,0.6,1,1.7,1.2,1.1,1.1,0.7,0.9,1,1.1,1.5,0.3,0.5,0.5,0.5,0.6,1.5,1.6,1.4,1.3,1.7,1,1.1,1.4,1.1,1.2,1.6,1.5,1.2,1.6,0.6,0.8,0.6,0.9,0.3,1.1,0.9,0.9,1.1,2.8,2.7,2.4,,2.7,2.2,2.8,2.2,,2.2,2.4,2.4,,2.5,1.8,1.8,1.7,2.1,2.7,1.8,2,2,2.1,1.8,1.9,1.6,1.7,1.4,1.3,1.4,0.8,0.8,1,1,0.8,1,2.1,1.5,2,0.9,2.1,1.3,1.6,0.9,1.1,0.7,1.3,1.4,1.3,,1,1.1,,0.7,0.8,1.4,1.3,1.3,1.8,1.5,1.6,1.3,1.2,0.5,1.2,1.3,0.9,1,1.3,0.7,0.9,0.6,0.8,0.9,1.4,1.9,1.5,1.8,1.1,1.2,1.3,1.6,1.3,1.6,0.9,0.7,0.6,0.6,0.8,1.3,0.7,1.1,0.8,0.9,1.1,1,1.2,1.6,1.6,0.7,0.3,0.9,1.2,0.9,0.9,1,1.1,0.9,1,1.2,0.6,1,0.8,0.7,0.9,0.9,1.1,1.3,1.5,1.1,1.4,0.8,0.9,0.9,0.9,1,1.1,1,1.3,1.1,0.5,1.3,1,1,1.1,1.2,0.9,1.2,1.2,1.3,0.9,0.7,1,1.3,1,0.8,0.7,0.6,0.8,0.4,1,1,1.1,,0.9,1.2,1.2,1.3,1.4,1.3,,0.9,0.8,0.6,,0.7,1,,1,1,0.9,1,1,0.6,1,0.6,,0.6,0.9,0.9,0.9,0.8,1,0.9,1.4,1.1,1.6,0.8,,,,,1.1,0.7,1,0.9,0.9,1.5,0.8,,0.8,0.6,0.8,0.9,0.9,1.2,1,0.9,0.5,0.5,1.1,1.4,1.1,1.4,,0.5,0.6,1.1,1.2,1.3,,0.8,1,0.8,1,0.9,1.2,0.3,1.3,2,2.9,0.5,0.9,2.2,1.3,6.2,,1,,0.4,0.4,1,2.2,1.9,2,0.8,1.5,0.8,0.9,1.2,1.9,1.3,0.9,,,0.5,0.7,0.4,1.1,0.4,0.6,1.8,0.2,0.2,,0.5,0.4,0.5,0.7,0.6,0.6,0.7,0.3,,0.8,1.1,0.8,,,1.2,2,0.7,1.7,1,0.3,0.2,0.3,0.5,0.9,0.4,0.6,0.7,0.2,3.1,6.3,2.1,3.5,0.7,1.5,0.6,0.6,1.2,1.5,1.6,1.3,1,,1.2,3,,3.5,2.7,2.2,,0.2,0.8,0.6,0.8,0.6,1.8,0.8,1,1.2,0.9,0.6,0.4,2.5,0.8,0.5,,0.8,0.7,0.9,0.4,0.6,1,2.2,0.8,3.3,2.9,1.7,1.5,0.7,1.1,1.4,0.2,1.3,0.5,0.5,0.9,0.9,0.5,1,0.5,0.3,0.7,0.8,1,0.6,0.5,2.2,1.4,0.6,0.6,1.6,0.9,3.7,0.9,1,1.2,1.1,1.4,3.3,1.7,2.4,1.3,0.9,0.9,0.8,0.5,,0.3,2.7,3.1,1.1,1,1.1,1.1,2,0.3,0.4,0.9,0.6,0.6,0.9,0.8,0.5,0.6,2.3,0.4,1.1,0.1,1.8,1.5,2,0.5,2.4,1,0.9,0.8,0.8,1.4,1.2,0.2,1.3,1.1,2.5,0.8,1.8,5.4,0.8,2.8
20171215,23,CO_24h,0.8,0.5,0.8,0.9,0.9,0.8,0.9,0.9,1,0.9,0.9,1,,,1.3,,0.6,1,0.9,,1.5,1,1.1,,1.2,1.1,,2.2,2.3,2.6,2.6,2.1,1.7,1.2,1.3,1.8,1.2,1.6,1.5,1.3,2.2,2.2,2,,2.6,2.3,2.7,2.3,2.5,2.3,2.4,2.7,2.7,2.7,2.2,0.3,,0.3,0.6,0.8,0.9,1.5,1,1.7,0.9,0.8,0.9,,0.6,1.3,1,1,1.9,2.1,1.9,2.6,2.6,2.6,2.5,1.9,,2.2,2.5,2,1.9,1.9,1.8,2.2,0.9,0.6,0.5,0.6,0.6,0.6,0.3,1,1.4,1.7,1.6,,1.7,1.4,1.7,1.4,1.3,,1.5,1,1,1.2,1.2,1.2,1.1,1,1,1.3,0.9,1.1,1.2,1.3,0.6,0.7,0.9,1.1,0.9,0.9,0.8,1.1,1.3,1.4,,0.7,1.1,0.8,1.1,1.2,1,1.4,2.2,0.4,0.9,0.7,0.6,0.8,0.8,0.9,0.6,0.6,0.4,0.4,0.7,0.2,0.8,0.7,0.8,0.9,0.2,0.5,0.9,0.9,1,0.6,0.8,0.6,0.3,0.9,0.8,0.7,0.9,0.9,0.7,1.7,,,,1.6,1.4,,1.4,1.3,1.2,,0.7,0.3,0.5,,0.8,1,1.2,1,1.2,0.9,1.1,1,1.2,,,,0.9,0.7,,0.3,0.4,0.5,1,0.8,,0.7,0.9,1.1,0.9,0.6,1,1.1,0.7,,0.9,,1.6,1.6,1.4,1.2,0.9,0.7,0.8,1.1,1.1,1,0.9,0.7,0.7,0.6,1.1,0.8,0.8,0.8,,0.7,0.9,0.8,0.5,0.5,0.6,0.8,0.8,1.1,,,0.7,,0.8,0.7,,0.7,0.8,0.9,0.7,0.7,0.7,,1,0.7,0.7,0.6,0.8,0.9,0.9,0.9,0.6,0.6,1,0.6,0.7,0.6,0.6,0.7,0.5,0.4,0.6,,0.8,,0.7,0.6,0.3,0.5,,0.8,,0.9,1,0.9,1,0.9,,1.4,1.5,1.7,1.6,1.6,1.6,1.5,1.5,1.5,1.6,1.4,1.1,1.2,1.3,1.2,1.2,1.3,1.5,1.6,1.7,2,2.2,2.3,1.7,2.1,1.5,2.2,0.8,0.9,1.1,0.9,0.8,1,0.9,0.9,1,1.2,1.1,1,0.9,0.9,1.1,1,1,1.1,1.1,0.7,1.4,1.3,,0.9,1,1.1,0.8,1.2,1,1,0.9,0.8,0.9,0.8,0.9,0.7,0.6,0.9,0.6,0.7,0.6,0.8,1,1,1,1.2,0.9,1.3,1,1.3,1.1,1.1,1.1,1,1.4,1.2,1.1,1.4,1.2,1.2,1,1.1,1.2,1.2,1.2,1.3,1.2,1.2,1,1.2,1.3,1,1.1,1.4,1.2,0.7,0.9,1.3,1.3,1.5,1.2,0.9,1.2,1.4,0.5,0.5,0.4,0.5,0.6,0.8,,1.1,0.8,0.8,1.1,1,0.8,0.8,,,0.9,1,0.8,0.9,0.9,,0.9,0.8,0.9,0.9,,,1,0.7,0.9,0.9,1,0.9,0.7,1,1,0.9,1.1,1,1.1,0.8,1.2,0.8,1.1,1,1.1,1.7,1.1,0.6,0.7,,1.9,2.5,2.3,1.3,1.8,1.7,1.9,1.8,2.2,1.9,1.8,2.2,1.9,0.8,0.9,0.9,0.7,1.3,1.5,,1.5,1.4,0.4,,,,1.1,1.1,1.3,1.2,1.5,1.1,1.3,,1.7,0.8,1,0.9,1,1,0.9,0.8,0.8,1,1,0.8,0.7,1,1.1,0.4,0.6,0.4,0.6,0.4,0.3,0.7,0.8,0.6,0.7,0.7,0.4,0.6,0.8,0.5,1.2,1.1,1.2,1.2,1.6,1.6,1.1,2,1.7,1.5,2.1,0.5,0.7,0.5,0.6,,2.5,,1.6,1.4,1.7,1.8,1.9,,1.8,1.6,,1.3,1.8,1.3,1.9,2.5,2.8,2.6,3.5,3.2,3.1,1.3,1,1.1,1.2,0.9,0.9,1.2,0.8,1.1,1.2,,1.7,,2.3,,1.7,1.2,1.5,1.2,1.7,1.3,1.5,1.5,1.3,1,0.8,0.8,0.7,1.9,1.6,1.6,,1,1,1.1,1.2,1.4,1,0.8,0.6,1,0.7,0.9,1.1,1,1.1,1,0.9,1.2,0.9,1.7,1.5,1,0.9,1,0.9,0.9,0.9,0.6,1,0.9,1,1,1.1,1.3,1.2,1.2,,0.9,0.9,,1.1,1,1.2,1,0.9,1.1,0.8,1,,,2.9,2.1,2.7,1,,0.5,1.1,,0.8,1.7,1.7,,1.8,1.8,,3.1,1.6,2.2,2.5,2.7,1.8,1,1.6,3.3,1.9,1.4,1.2,0.9,0.9,,1.8,2.1,2.2,3.1,2.6,1.6,1.2,1.3,1.3,1.2,1.1,1,1.6,2.3,2.7,2.4,1.9,2.1,1.8,1.3,1.7,1.5,0.8,1.1,1.1,1,1.8,1.3,1.1,,0.8,1.1,1,1.3,1.1,1.2,1.1,1,1.1,1.4,0.8,1.1,1,1.5,0.8,1.1,0.9,0.9,0.7,1,0.8,0.5,0.9,1.1,0.8,0.8,1.1,0.7,1.3,1,0.7,0.7,0.5,2.1,1.8,,2.1,2.3,2.1,2,2.6,2.6,2.6,,2.9,,1.9,1.8,1.8,2.4,2.7,2.1,2.4,1.7,1.7,1.8,1.7,1.5,1.3,,1.1,1.5,1.3,1.6,1.8,1.3,1.2,1.5,1.4,1.2,1,0.9,1.1,1.1,1,,1.1,,,1.4,1.7,1.6,1.2,0.9,0.8,1,0.9,1,0.9,0.9,1.4,1.1,0.9,1.1,1.6,1.3,1.3,1.2,0.5,0.5,0.9,0.9,1,1.2,1,0.9,1,0.8,1.1,1,4.6,1.8,2.2,1.9,0.7,0.7,0.9,0.4,0.9,,,0.7,0.9,0.8,1,0.8,0.8,1,0.9,0.8,0.8,0.8,1.1,0.7,1.1,,1,1.2,1.3,1.8,1.7,1.3,1.7,1.4,2.2,1.6,2.2,1.4,1.7,2.2,1.8,0.9,1.4,1.4,2,1,2,1.4,1.7,1.8,1.6,1.3,1.6,0.4,0.4,0.3,0.5,,0.7,0.5,0.6,0.5,0.9,0.7,0.7,0.8,1.2,2.4,2.6,1.1,1.7,2.1,1.8,1.8,1.7,1.4,1.3,1.4,1.8,1.5,1.6,1,1.6,1.3,1.3,1.6,2.1,1.4,1.2,1.1,1.2,1.2,1,1.3,1.2,1.4,0.9,0.9,1,0.5,0.5,0.6,0.7,0.6,,0.4,0.3,0.9,0.6,0.6,1,0.9,0.7,0.9,1.2,1.1,1.2,0.6,0.7,0.4,0.4,0.5,0.6,,0.8,0.4,0.5,,,1.2,0.8,0.8,1.5,1.4,1.7,1.5,1.5,1.5,1.5,1.2,,0.8,0.7,3.2,3,2.7,2.4,2.6,3,0.6,0.9,1,0.6,0.7,2.7,,1.8,2.2,1.7,1.9,,1.4,1.4,1.7,1.9,1.9,1.2,,1.9,0.6,0.5,0.8,0.5,1.1,0.6,0.9,,0.8,0.5,0.4,0.3,,,0.5,0.2,1.1,0.4,0.6,0.5,0.3,0.7,0.5,0.6,0.6,0.8,1.6,1.8,1.6,2.5,1.1,,1,0.6,2,1.7,2.3,1.5,1,1.1,1.2,1.8,1.2,2,1.6,1.5,1.6,1,1.1,0.9,0.5,0.9,1.1,1,0.6,1.4,2.2,1.1,1.6,1.3,3.1,,1.3,0.9,1,0.6,0.7,0.9,0.4,1.2,0.7,1,1.1,0.6,1.8,1.1,0.7,0.8,0.6,0.7,1.5,1.4,0.7,0.7,0.6,0.8,0.6,0.6,0.7,0.6,,0.6,0.5,0.5,0.7,0.6,1.1,1.1,1.4,0.8,0.8,0.7,0.8,0.7,0.8,0.4,0.6,0.6,0.5,0.6,0.6,0.7,0.5,0.4,0.6,0.8,,1.1,1,1.1,1,0.6,0.6,0.7,0.7,1.1,0.8,,0.6,0.6,0.7,0.8,0.7,0.7,0.5,0.6,0.5,0.4,0.8,0.8,0.8,0.6,0.4,0.5,0.7,0.5,0.7,0.7,0.9,0.7,0.7,1.2,0.9,0.4,0.7,0.8,0.8,0.6,1.1,1.7,1.2,1.2,1.2,0.7,0.6,0.7,0.8,1,0.4,0.5,0.6,0.6,0.7,1.5,1.5,1.5,1.3,1.6,0.7,0.7,0.8,0.8,1.2,1.2,1.2,1.1,1.5,0.6,0.8,0.6,0.9,0.5,1.1,1,0.9,1.2,2.9,2.7,2.4,,2.4,1.7,2.4,2,,2,2,2,,2,1.5,1.4,1.3,1.7,2.1,1.7,1.9,1.7,1.8,1.5,1.4,1.2,1.4,1.3,1.1,1.2,0.8,0.8,1.1,0.9,0.9,1,1.3,1.4,1.6,1.9,1.6,1.2,1.2,1,1.1,0.7,1.2,1.3,1.3,,1.3,1.3,,0.4,1,1.4,1.4,1.3,1.4,1.3,1.3,1.3,1.1,0.7,1.3,1.5,1,1.2,1.5,0.9,1,0.9,0.9,1.1,1.4,1.9,1.6,1.7,1.3,1.2,1.3,1.5,1.2,1.6,0.9,0.8,0.7,0.6,0.9,1.2,1.2,1,0.7,0.7,0.6,1.3,1.2,1.8,1.8,0.4,0.2,0.4,1.3,0.9,1.3,0.9,1.1,0.9,1,1.2,0.7,1.1,0.8,0.7,1,1.1,1.1,1.2,1.4,1.1,1.3,0.8,1,1,0.9,1,1,0.9,1.2,1,0.5,0.8,0.8,0.9,0.8,0.8,0.8,0.8,0.8,0.8,0.4,0.4,0.7,0.9,0.8,0.9,0.5,0.3,0.6,0.2,0.9,0.9,1,,0.8,0.8,0.9,1.1,1,1,,0.7,0.9,0.7,,0.8,1,,0.9,0.8,0.9,0.7,0.8,0.5,1,0.6,,0.7,0.9,0.8,1,1,1.2,0.9,1.2,1.2,1.3,0.8,,,,,1.4,1.1,1.1,1,1,1.4,1,,1,0.8,0.9,1,0.8,1.1,0.9,0.8,0.5,0.6,0.8,1.4,0.9,1,,0.4,0.5,1.1,1.1,0.7,,0.8,0.9,0.8,1,0.8,1,0.9,1,1.7,1.8,0.7,1,1.3,1,2.3,,0.5,,0.4,0.3,1.1,1.5,1.3,1.5,0.9,1.2,1,0.9,1,1.3,1,0.9,,,0.5,0.9,1.4,1.9,0.4,0.7,0.4,0.1,0.3,0.3,0.7,0.6,0.6,0.7,0.6,0.9,1,0.5,,2.1,2.1,1.2,,,1.4,1.9,0.8,0.8,1,0.2,0.4,0.5,0.5,0.8,0.4,0.7,0.7,0.3,3.2,3.8,3,3.4,0.7,2.8,0.9,0.7,1.4,1.6,1.5,1.7,1.2,,2.5,3.1,2.1,2.2,2,1.6,0.1,0.2,0.6,0.9,0.9,1.1,2.4,0.6,2.2,1.2,1.3,1.3,1,2.5,2.3,0.8,,1.3,0.4,0.5,0.6,0.6,0.8,0.7,0.7,1.7,1.6,1.7,0.9,0.8,2.6,1.5,0.9,1.1,1.5,1.2,0.8,0.8,0.6,0.9,0.6,0.9,0.7,0.8,1.7,0.7,0.8,2.5,1.7,1,0.7,1.4,0.7,2,1.1,1.1,0.5,1.5,1.6,1.5,1.8,1.3,1.2,0.9,0.8,0.8,2.4,,1,2.2,1.9,1.1,1,0.8,0.9,1.3,0.3,0.3,1.7,0.5,1.3,1.4,0.9,0.5,1,2.2,0.6,1.7,0.5,1.9,0.7,2,0.5,1.8,1,0.9,0.8,0.9,1.7,1.4,0.3,2,1.2,1.9,0.7,1.6,2,1.2,2.5
