date,hour,type,1001A,1002A,1003A,1004A,1005A,1006A,1007A,1008A,1009A,1010A,1011A,1012A,1013A,1014A,1015A,1016A,1017A,1018A,1019A,1020A,1021A,1023A,1024A,1025A,1026A,1027A,1028A,1029A,1030A,1031A,1032A,1033A,1034A,1035A,1036A,1037A,1038A,1039A,1040A,1041A,1042A,1043A,1044A,1045A,1046A,1047A,1048A,1049A,1050A,1051A,1052A,1053A,1054A,1055A,1056A,1057A,1058A,1059A,1060A,1061A,1062A,1063A,1064A,1065A,1066A,1067A,1068A,1069A,1070A,1071A,1072A,1073A,1074A,1075A,1076A,1077A,1078A,1079A,1080A,1081A,1082A,1083A,1084A,1085A,1086A,1087A,1088A,1089A,1090A,1091A,1092A,1093A,1094A,1095A,1096A,1097A,1098A,1099A,1100A,1101A,1102A,1103A,1104A,1105A,1106A,1107A,1108A,1109A,1110A,1111A,1112A,1113A,1114A,1115A,1116A,1117A,1118A,1119A,1120A,1121A,1122A,1123A,1124A,1125A,1126A,1127A,1128A,1129A,1130A,1131A,1132A,1133A,1134A,1135A,1136A,1137A,1138A,1139A,1140A,1141A,1142A,1143A,1144A,1145A,1146A,1147A,1148A,1149A,1150A,1151A,1152A,1153A,1154A,1155A,1156A,1157A,1158A,1159A,1160A,1161A,1162A,1163A,1164A,1165A,1166A,1167A,1168A,1169A,1170A,1171A,1172A,1173A,1174A,1175A,1176A,1177A,1178A,1179A,1180A,1181A,1182A,1183A,1184A,1185A,1186A,1187A,1188A,1189A,1190A,1191A,1192A,1193A,1194A,1195A,1196A,1197A,1198A,1199A,1200A,1201A,1202A,1203A,1204A,1205A,1206A,1207A,1208A,1209A,1210A,1211A,1212A,1213A,1214A,1215A,1216A,1217A,1218A,1219A,1220A,1221A,1222A,1223A,1224A,1225A,1226A,1227A,1228A,1229A,1230A,1231A,1232A,1233A,1234A,1235A,1236A,1237A,1238A,1239A,1240A,1241A,1242A,1243A,1244A,1245A,1246A,1247A,1248A,1249A,1250A,1251A,1252A,1253A,1254A,1255A,1256A,1257A,1258A,1259A,1260A,1261A,1262A,1263A,1264A,1265A,1266A,1267A,1268A,1269A,1270A,1271A,1272A,1273A,1274A,1275A,1276A,1277A,1278A,1279A,1280A,1281A,1282A,1283A,1284A,1285A,1286A,1287A,1288A,1290A,1291A,1292A,1293A,1294A,1295A,1296A,1297A,1298A,1299A,1300A,1301A,1302A,1303A,1304A,1305A,1306A,1307A,1308A,1309A,1310A,1311A,1312A,1313A,1314A,1315A,1316A,1317A,1318A,1319A,1320A,1321A,1322A,1323A,1324A,1325A,1326A,1327A,1328A,1329A,1330A,1331A,1332A,1333A,1334A,1335A,1336A,1337A,1338A,1339A,1340A,1341A,1342A,1343A,1344A,1345A,1346A,1347A,1348A,1349A,1350A,1351A,1352A,1353A,1354A,1355A,1356A,1357A,1358A,1359A,1360A,1361A,1362A,1363A,1364A,1365A,1366A,1367A,1368A,1369A,1370A,1371A,1372A,1373A,1374A,1375A,1376A,1377A,1378A,1379A,1380A,1381A,1382A,1383A,1384A,1385A,1386A,1387A,1388A,1389A,1390A,1391A,1392A,1393A,1394A,1395A,1396A,1397A,1398A,1399A,1400A,1401A,1402A,1403A,1404A,1405A,1406A,1407A,1408A,1409A,1410A,1411A,1412A,1413A,1414A,1415A,1416A,1417A,1418A,1419A,1420A,1421A,1422A,1423A,1424A,1425A,1426A,1427A,1428A,1429A,1430A,1431A,1432A,1433A,1434A,1435A,1436A,1437A,1438A,1439A,1440A,1441A,1442A,1443A,1444A,1445A,1446A,1447A,1449A,1450A,1451A,1452A,1453A,1454A,1455A,1456A,1457A,1458A,1459A,1460A,1461A,1462A,1463A,1464A,1465A,1466A,1467A,1468A,1469A,1470A,1471A,1472A,1473A,1474A,1475A,1476A,1477A,1478A,1479A,1480A,1481A,1482A,1483A,1484A,1485A,1486A,1487A,1488A,1489A,1490A,1491A,1492A,1493A,1494A,1495A,1496A,1508A,1511A,1512A,1513A,1514A,1515A,1518A,1519A,1520A,1524A,1552A,1559A,1562A,1564A,1585A,1586A,1587A,1588A,1589A,1590A,1591A,1592A,1593A,1594A,1595A,1596A,1597A,1598A,1599A,1600A,1601A,1602A,1603A,1604A,1605A,1606A,1607A,1608A,1609A,1610A,1611A,1612A,1613A,1614A,1615A,1616A,1617A,1618A,1619A,1620A,1621A,1622A,1623A,1624A,1625A,1626A,1627A,1628A,1629A,1630A,1631A,1632A,1633A,1634A,1635A,1636A,1637A,1638A,1639A,1640A,1641A,1642A,1643A,1644A,1645A,1646A,1647A,1648A,1649A,1650A,1651A,1652A,1653A,1654A,1655A,1656A,1657A,1658A,1659A,1660A,1661A,1662A,1663A,1664A,1665A,1666A,1667A,1668A,1669A,1670A,1671A,1672A,1673A,1674A,1675A,1676A,1677A,1678A,1679A,1680A,1681A,1682A,1683A,1684A,1685A,1686A,1687A,1688A,1689A,1690A,1691A,1692A,1693A,1694A,1695A,1696A,1697A,1698A,1699A,1700A,1701A,1702A,1703A,1704A,1705A,1706A,1707A,1708A,1709A,1710A,1711A,1712A,1713A,1714A,1715A,1716A,1717A,1718A,1719A,1720A,1721A,1722A,1723A,1724A,1725A,1726A,1727A,1728A,1729A,1730A,1731A,1732A,1733A,1734A,1735A,1736A,1737A,1738A,1739A,1740A,1741A,1742A,1743A,1744A,1745A,1746A,1747A,1748A,1749A,1750A,1751A,1752A,1753A,1754A,1755A,1756A,1757A,1758A,1759A,1760A,1761A,1762A,1763A,1764A,1765A,1766A,1767A,1768A,1769A,1770A,1771A,1772A,1773A,1774A,1775A,1776A,1777A,1778A,1779A,1780A,1781A,1782A,1783A,1784A,1785A,1786A,1787A,1788A,1789A,1790A,1791A,1792A,1793A,1794A,1795A,1796A,1797A,1798A,1799A,1800A,1801A,1802A,1803A,1804A,1805A,1806A,1807A,1808A,1809A,1810A,1811A,1812A,1813A,1814A,1815A,1816A,1817A,1818A,1819A,1820A,1821A,1822A,1823A,1824A,1825A,1826A,1827A,1828A,1829A,1830A,1831A,1832A,1833A,1834A,1835A,1836A,1837A,1838A,1839A,1840A,1841A,1842A,1843A,1844A,1845A,1846A,1847A,1848A,1849A,1850A,1851A,1852A,1853A,1854A,1855A,1856A,1857A,1858A,1859A,1860A,1861A,1862A,1863A,1864A,1865A,1866A,1867A,1868A,1869A,1870A,1871A,1872A,1873A,1874A,1875A,1876A,1877A,1878A,1879A,1880A,1881A,1882A,1883A,1884A,1885A,1886A,1887A,1888A,1889A,1890A,1891A,1893A,1894A,1895A,1896A,1897A,1898A,1899A,1900A,1901A,1902A,1903A,1904A,1905A,1906A,1907A,1908A,1909A,1910A,1911A,1912A,1913A,1914A,1915A,1916A,1917A,1918A,1919A,1920A,1921A,1922A,1923A,1924A,1925A,1926A,1927A,1928A,1929A,1930A,1931A,1932A,1933A,1934A,1935A,1936A,1937A,1938A,1939A,1940A,1941A,1942A,1943A,1944A,1945A,1946A,1947A,1948A,1949A,1950A,1951A,1952A,1953A,1954A,1955A,1956A,1957A,1958A,1959A,1960A,1961A,1962A,1963A,1964A,1965A,1966A,1967A,1968A,1969A,1970A,1971A,1972A,1973A,1974A,1975A,1976A,1977A,1978A,1979A,1980A,1981A,1982A,1983A,1984A,1985A,1986A,1987A,1988A,1989A,1990A,1991A,1992A,1993A,1994A,1995A,1996A,1997A,1998A,1999A,2000A,2001A,2002A,2003A,2004A,2005A,2006A,2007A,2008A,2009A,2010A,2011A,2012A,2013A,2014A,2015A,2016A,2017A,2018A,2019A,2031A,2054A,2064A,2065A,2066A,2067A,2068A,2069A,2070A,2073A,2074A,2075A,2160A,2161A,2162A,2163A,2164A,2165A,2166A,2167A,2168A,2169A,2170A,2171A,2172A,2173A,2174A,2175A,2176A,2177A,2178A,2179A,2180A,2181A,2182A,2183A,2184A,2185A,2186A,2187A,2188A,2189A,2190A,2191A,2192A,2193A,2194A,2195A,2196A,2197A,2198A,2199A,2200A,2201A,2202A,2203A,2204A,2205A,2206A,2207A,2208A,2209A,2210A,2211A,2212A,2213A,2214A,2215A,2216A,2217A,2218A,2219A,2220A,2221A,2222A,2223A,2224A,2225A,2226A,2227A,2228A,2229A,2230A,2231A,2232A,2233A,2234A,2235A,2236A,2237A,2238A,2239A,2240A,2241A,2242A,2243A,2244A,2245A,2246A,2247A,2248A,2249A,2250A,2251A,2252A,2253A,2254A,2255A,2256A,2257A,2258A,2259A,2260A,2261A,2262A,2263A,2264A,2265A,2266A,2267A,2268A,2269A,2270A,2271A,2272A,2273A,2274A,2275A,2276A,2277A,2278A,2279A,2280A,2281A,2282A,2283A,2284A,2285A,2286A,2287A,2288A,2289A,2290A,2291A,2292A,2293A,2294A,2295A,2296A,2297A,2298A,2299A,2300A,2301A,2302A,2303A,2304A,2305A,2306A,2307A,2308A,2309A,2310A,2311A,2312A,2313A,2314A,2315A,2316A,2317A,2318A,2319A,2320A,2321A,2322A,2323A,2324A,2325A,2326A,2327A,2331A,2332A,2333A,2334A,2335A,2336A,2337A,2338A,2339A,2340A,2341A,2342A,2343A,2344A,2345A,2346A,2347A,2348A,2349A,2350A,2351A,2352A,2353A,2354A,2355A,2356A,2357A,2358A,2359A,2360A,2361A,2362A,2363A,2364A,2365A,2366A,2367A,2368A,2369A,2370A,2371A,2372A,2373A,2374A,2375A,2376A,2377A,2378A,2379A,2380A,2381A,2382A,2383A,2384A,2385A,2386A,2387A,2388A,2389A,2390A,2391A,2392A,2393A,2394A,2395A,2396A,2397A,2398A,2399A,2400A,2401A,2402A,2403A,2404A,2405A,2406A,2407A,2408A,2409A,2410A,2411A,2420A,2421A,2422A,2423A,2424A,2425A,2426A,2427A,2428A,2429A,2430A,2431A,2432A,2433A,2434A,2435A,2436A,2437A,2438A,2439A,2440A,2441A,2442A,2443A,2444A,2445A,2446A,2447A,2448A,2449A,2450A,2451A,2452A,2453A,2454A,2455A,2456A,2457A,2458A,2459A,2460A,2461A,2462A,2463A,2464A,2465A,2466A,2467A,2468A,2469A,2470A,2471A,2472A,2473A,2474A,2475A,2476A,2477A,2478A,2479A,2480A,2481A,2482A,2483A,2484A,2485A,2486A,2487A,2488A,2489A,2490A,2491A,2492A,2493A,2494A,2495A,2496A,2497A,2498A,2499A,2500A,2501A,2502A,2503A,2504A,2505A,2506A,2507A,2508A,2509A,2510A,2511A,2512A,2513A,2514A,2515A,2516A,2517A,2518A,2519A,2520A,2521A,2522A,2523A,2524A,2525A,2526A,2527A,2528A,2529A,2530A,2531A,2532A,2533A,2534A,2535A,2536A,2537A,2538A,2539A,2540A,2541A,2542A,2543A,2544A,2545A,2546A,2547A,2548A,2549A,2550A,2551A,2552A,2553A,2554A,2555A,2556A,2557A,2558A,2559A,2560A,2561A,2562A,2563A,2564A,2565A,2566A,2567A,2568A,2569A,2570A,2571A,2572A,2573A,2574A,2575A,2576A,2577A,2578A,2579A,2580A,2581A,2582A,2583A,2584A,2585A,2586A,2587A,2588A,2589A,2590A,2591A,2592A,2593A,2594A,2595A,2596A,2597A,2598A,2599A,2600A,2601A,2602A,2603A,2604A,2605A,2606A,2607A,2608A,2609A,2610A,2611A,2612A,2613A,2614A,2615A,2616A,2617A,2618A,2619A,2620A,2621A,2622A,2623A,2624A,2625A,2626A,2627A,2628A,2629A,2630A,2631A,2632A,2633A,2634A,2635A,2636A,2637A,2638A,2639A,2640A,2641A,2642A,2643A,2644A,2645A,2646A,2647A,2648A,2649A,2650A,2651A,2652A,2653A,2654A,2655A,2656A,2657A,2658A,2659A,2660A,2661A,2662A,2663A,2664A,2665A,2666A,2667A,2668A,2669A,2670A,2671A,2672A,2673A,2674A,2675A,2676A,2677A,2678A,2679A,2680A,2681A,2682A,2683A,2684A,2685A,2686A,2687A,2688A,2689A,2690A,2691A,2692A,2693A,2694A,2695A,2696A,2697A,2698A,2699A,2700A,2701A,2702A,2703A,2704A,2705A,2706A,2707A,2708A,2709A,2710A,2711A,2835A,2842A,2845A,2846A,2858A,2859A,2860A,2862A,2865A,2866A,2867A,2868A,2869A,2870A,2871A,2872A,2873A,2874A,2875A,2876A,2877A,2878A,2880A,2881A,2882A,2883A,2884A,2885A,2897A,2900A,2902A,2907A,2914A,2915A,2916A,2919A,2920A,2921A,2922A,2923A,2924A,2925A,2926A,2929A,2994A,2996A,2997A,3000A,3002A,3003A,3004A,3005A,3006A,3008A,3009A,3010A,3012A,3014A,3015A,3016A,3018A,3019A,3020A,3021A,3022A,3025A,3026A,3027A,3028A,3033A,3034A,3035A,3036A,3038A,3039A,3046A,3048A,3051A,3054A,3057A,3058A,3059A,3061A,3064A,3065A,3066A
20170820,0,AQI,69,50,77,52,59,59,67,107,57,55,73,95,,,68,,69,70,,,65,62,46,,58,70,,93,95,80,100,70,90,59,60,66,89,118,98,82,37,46,46,49,55,82,137,85,77,57,64,99,83,100,65,50,56,65,46,63,53,45,43,56,33,46,44,,42,52,60,73,56,60,60,65,62,80,77,58,,,62,52,53,54,46,57,95,117,91,151,110,91,135,85,35,45,52,,42,52,44,41,47,,53,26,29,26,27,31,38,31,32,33,33,53,53,45,,42,14,24,20,19,44,103,75,79,,67,62,63,77,56,72,43,67,47,45,63,42,56,38,29,43,32,46,16,16,15,15,15,12,,16,21,24,22,25,20,16,25,16,20,19,18,16,23,18,16,,,,26,13,,28,26,26,,36,29,26,,30,37,26,24,22,21,22,31,24,,,,24,25,,25,22,23,21,24,,15,16,22,16,13,20,28,,,25,,28,,20,51,54,27,72,39,42,51,58,62,48,33,36,39,39,47,,39,42,57,42,42,38,52,52,52,,,18,,59,55,,51,33,38,26,25,22,,20,20,43,58,60,25,35,,34,34,29,27,33,46,33,32,25,29,69,,56,34,52,58,46,18,33,39,52,53,66,63,81,32,,53,58,61,42,50,62,52,58,,41,32,30,31,42,36,35,38,25,77,75,84,75,85,211,74,75,77,58,62,53,64,51,62,64,58,54,44,62,40,77,68,46,68,54,51,55,61,56,67,,56,83,32,98,44,57,58,62,27,33,19,24,26,40,25,25,23,19,35,18,22,23,19,47,56,42,40,48,37,75,62,19,15,18,16,22,22,23,27,45,30,35,46,24,74,74,75,25,57,60,59,74,59,53,59,42,40,66,61,62,69,11,13,23,14,13,40,,60,27,58,49,54,84,67,65,,38,50,38,45,54,,34,46,36,29,61,,31,52,29,41,31,27,36,38,39,32,42,36,32,23,28,36,25,45,15,14,15,20,25,15,49,50,47,51,57,53,55,101,46,51,42,93,70,63,54,81,69,48,18,,19,40,30,,,,51,48,57,57,77,63,49,,54,58,54,65,53,53,62,49,42,36,42,25,28,44,53,,83,97,115,98,90,88,74,73,83,86,64,60,55,53,47,33,39,49,49,34,30,43,61,54,58,36,39,35,44,,17,,18,20,18,20,52,,,43,,45,35,36,,54,55,34,56,53,38,52,35,45,29,86,30,27,30,36,35,,47,,49,,48,53,55,52,21,29,22,24,27,27,33,29,31,29,24,28,,70,75,55,68,74,25,39,25,30,26,35,18,15,18,22,21,18,12,16,20,46,44,61,63,29,17,38,58,58,58,10,10,12,77,64,,42,29,,51,53,49,26,26,47,56,23,,,50,58,63,95,,60,,72,68,59,58,,48,59,,74,89,83,,84,77,88,73,99,84,57,53,51,37,,21,28,23,28,48,26,,48,57,30,47,16,26,38,28,47,84,40,38,60,68,57,56,49,56,40,44,36,51,,20,59,56,60,38,44,39,69,54,87,35,43,40,39,42,26,23,22,16,24,,25,22,19,37,52,51,57,28,57,61,58,37,125,138,,104,148,100,124,60,62,58,56,73,69,68,69,77,74,97,78,99,125,140,93,162,88,97,,89,56,48,52,61,49,52,37,53,42,42,50,57,46,42,57,48,54,55,26,43,51,23,36,25,62,52,58,32,38,37,60,50,47,40,45,65,83,19,17,38,38,40,43,39,56,51,45,62,65,62,20,61,61,74,63,73,50,122,,,90,41,45,42,53,36,55,60,69,64,57,58,45,41,,49,46,55,52,40,51,53,45,56,59,60,67,67,83,74,80,85,97,117,93,119,104,106,60,,50,53,21,35,24,28,,48,34,108,85,42,29,43,40,46,107,98,122,31,23,40,37,36,25,29,22,30,28,35,33,28,,26,29,41,49,35,44,29,24,27,30,28,29,45,36,37,26,24,19,24,24,23,42,26,,22,22,39,25,20,23,22,20,20,25,,22,23,38,37,,52,40,48,,,34,35,54,46,27,19,28,68,,85,97,,53,54,,139,123,100,113,103,54,62,55,60,49,54,,53,46,68,59,,58,75,56,51,36,73,,78,59,65,64,32,23,48,73,,168,246,193,59,,,51,77,27,29,50,53,30,77,58,70,82,69,24,36,50,30,75,39,75,43,63,44,38,32,51,47,26,38,35,44,53,46,36,50,,,55,22,13,22,43,60,66,54,47,75,122,22,76,17,45,17,22,22,12,38,51,40,78,21,53,51,33,51,46,40,41,42,27,,56,50,63,36,30,36,,29,37,50,,43,44,59,49,25,26,33,57,45,52,45,62,52,60,84,40,39,19,26,27,44,,36,43,30,49,41,39,17,16,29,31,,59,62,22,17,24,44,46,33,15,47,57,46,54,40,58,51,66,55,45,53,61,66,45,45,38,74,57,64,74,86,18,70,38,59,56,40,54,51,56,63,33,43,40,52,40,114,88,80,84,97,73,67,69,77,55,50,52,49,59,48,46,28,51,48,38,40,51,63,68,70,68,,69,72,78,33,,32,38,88,,85,110,97,102,112,52,33,34,47,46,51,56,42,38,33,36,27,,39,62,67,53,46,49,48,54,35,33,33,35,47,52,53,20,27,20,,42,44,,38,40,47,32,54,32,20,28,64,62,57,38,47,53,37,41,41,51,58,68,69,24,40,62,31,27,37,55,70,64,65,33,39,46,46,45,52,57,54,61,70,28,45,56,57,43,35,63,84,80,74,72,67,126,35,,55,48,54,43,,64,58,46,65,63,58,65,69,68,20,57,55,51,48,26,24,34,38,39,51,90,64,68,78,54,62,49,58,55,50,43,52,54,55,50,64,53,73,85,,67,68,53,63,68,59,57,52,54,57,,26,31,,37,62,57,67,61,18,12,14,,25,13,20,22,22,29,28,51,23,55,33,19,25,20,27,69,57,57,39,50,19,17,,17,29,36,51,75,83,39,39,53,38,46,25,20,30,,27,34,25,29,37,47,18,20,27,31,40,60,58,32,76,105,38,14,18,,64,,34,,16,22,35,53,45,59,60,52,45,52,,22,23,22,13,30,28,20,43,62,15,23,21,23,46,44,41,56,48,52,50,31,30,54,,29,30,52,63,30,60,18,39,15,32,62,78,62,47,57,62,53,53,46,100,95,57,77,21,56,41,26,64,78,80,89,176,,143,411,208,61,79,76,25,23,25,69,83,60,24,22,57,46,59,73,62,72,53,65,62,44,28,22,40,54,22,36,32,40,30,48,39,18,78,27,34,41,33,19,57,27,28,25,51,58,53,79,58,58,32,50,82,55,28,20,13,20,23,24,14,28,28,15,18,25,24,52,53,43,78,,46,38,120,114,28,98,118,32,57,47,35,23,95,66,20,48,75,31,48,20,69,18,21,57
20170820,0,PM2.5,50,35,56,36,42,42,48,80,40,33,53,71,,,49,,50,51,,,47,44,32,,41,51,,68,69,59,75,51,67,31,37,44,52,47,54,47,22,32,30,8,27,59,104,63,56,40,46,74,61,75,47,35,39,29,22,45,16,11,14,12,21,32,21,,29,31,43,53,39,43,43,47,44,59,56,33,,,44,34,35,36,32,31,71,63,48,110,79,61,103,63,18,30,36,,22,26,24,22,31,,37,18,12,16,14,10,14,13,18,16,17,19,22,10,,12,7,7,8,9,12,28,25,14,,30,20,35,32,23,25,16,27,20,31,45,29,12,26,19,30,22,32,11,6,3,,8,,,9,,,15,17,4,7,17,11,11,13,7,11,16,12,11,,,,18,9,,8,11,18,,25,20,18,,9,22,4,5,9,13,6,10,11,,,,3,10,,17,13,16,8,14,,10,11,13,11,9,14,19,,,2,,19,,14,33,29,18,52,27,29,34,35,44,29,20,19,27,27,31,,27,29,32,26,21,23,36,36,31,,,12,,40,39,,25,20,26,15,17,15,,14,14,30,41,43,17,18,,7,10,7,9,14,28,12,10,4,15,26,,15,16,27,27,32,8,18,15,11,21,37,23,24,22,,18,17,29,7,22,26,36,31,,7,9,5,6,29,7,6,2,12,56,55,62,55,63,161,54,55,56,23,21,20,22,31,29,17,18,27,21,28,23,33,29,22,22,20,19,25,28,24,19,,35,32,22,73,21,40,26,25,15,14,11,11,17,15,17,12,14,13,24,10,15,4,13,28,27,29,14,19,20,55,44,13,9,11,7,11,11,16,17,30,21,24,23,14,31,38,38,15,22,42,37,54,38,36,28,24,20,25,32,38,34,6,6,11,7,8,17,,43,16,39,15,10,32,38,27,,22,15,14,27,19,,18,32,20,13,26,,20,29,14,22,7,17,4,16,17,15,10,11,12,16,8,21,17,14,5,7,6,2,12,3,26,22,24,23,33,33,30,69,32,24,29,47,32,26,30,29,35,13,8,,8,28,7,,,,26,19,26,15,31,36,23,,9,23,30,35,26,28,44,30,20,12,16,17,19,18,30,,61,72,87,73,67,54,54,53,61,53,41,43,27,37,28,19,22,22,34,19,21,29,31,32,32,17,19,20,14,,8,,12,11,12,9,36,,,30,,27,24,25,,23,22,22,20,28,18,22,9,12,5,51,12,14,15,11,24,,20,,19,,21,25,39,23,11,13,15,10,7,7,2,7,4,7,7,19,,51,55,38,49,54,17,23,17,21,18,24,9,10,12,15,12,12,6,6,14,20,24,25,45,11,8,26,33,28,27,3,5,7,43,46,,29,20,,30,33,28,17,17,20,17,5,,,25,39,45,48,,42,,52,49,42,41,,29,42,,49,66,55,,62,56,65,53,62,48,40,25,26,24,,13,13,13,18,24,18,,33,33,9,20,10,18,15,17,26,16,21,15,42,49,29,32,34,21,12,10,14,16,,14,29,10,22,15,22,15,17,18,28,6,17,28,27,22,14,14,11,8,7,,12,14,13,13,25,22,26,19,32,26,36,19,70,105,,78,113,75,94,43,44,41,36,53,50,49,50,56,46,72,56,74,95,107,69,123,65,72,,66,21,22,29,34,5,21,24,24,29,29,35,40,25,29,32,33,38,39,8,23,24,16,20,15,39,34,20,22,26,17,39,32,21,28,28,47,24,12,8,26,22,25,28,25,33,34,31,44,30,26,12,25,30,54,41,53,34,92,,,67,12,6,29,37,17,39,37,49,46,29,22,25,22,,30,32,26,26,20,23,24,30,38,35,36,27,7,39,54,57,61,72,88,69,90,75,77,25,,32,37,5,24,8,18,,18,16,28,23,4,4,30,17,13,39,47,23,14,16,15,13,25,11,8,15,19,18,24,19,16,,17,14,23,17,10,16,7,7,3,10,3,10,18,16,13,5,9,,10,6,10,4,13,,5,7,20,17,10,8,7,9,14,5,,8,3,22,24,,36,21,22,,,22,18,34,14,15,10,9,36,,63,72,,24,25,,106,93,75,72,77,38,44,39,38,34,38,,34,32,49,34,,41,55,32,20,23,53,,57,38,44,34,9,16,33,38,,75,88,60,42,,,23,18,5,7,35,20,20,56,41,51,60,30,13,19,13,17,55,26,55,30,29,30,26,22,27,28,13,26,24,24,16,20,16,12,,,9,12,9,15,21,18,38,13,29,16,33,5,51,11,27,10,3,15,6,17,23,15,32,10,19,19,20,29,22,28,10,17,14,,34,35,45,13,14,17,,19,24,22,,30,17,42,21,17,18,23,40,26,36,18,44,36,43,62,14,3,11,9,4,1,,12,9,15,20,19,11,1,2,20,20,,22,44,8,4,6,25,28,23,5,14,33,31,33,28,41,29,43,34,22,24,26,24,31,31,26,54,30,46,54,41,12,24,14,30,24,26,22,25,9,39,22,30,26,28,28,86,65,59,62,72,53,48,48,56,33,31,32,34,38,33,32,19,28,27,26,19,28,38,49,51,49,,45,52,57,20,,21,26,65,,63,83,72,76,84,36,22,23,12,32,27,30,29,24,23,24,13,,27,44,18,26,29,34,33,28,24,23,23,24,32,36,12,13,13,11,,14,28,,22,28,25,16,34,18,13,19,46,44,40,18,24,25,23,25,28,28,41,48,50,12,22,44,12,12,19,32,29,14,20,17,27,28,21,29,20,15,22,17,22,12,20,27,29,30,15,27,36,54,53,52,45,30,24,,27,27,24,30,,38,21,32,39,41,38,25,50,49,12,22,19,27,24,15,10,3,2,22,10,67,46,49,49,38,44,34,41,39,33,30,36,19,20,35,46,23,45,33,,30,49,31,45,49,42,34,29,38,40,,16,18,,16,29,26,36,15,7,7,5,,8,9,14,13,13,15,16,33,4,15,23,12,13,12,11,9,14,23,24,14,7,9,,1,13,25,27,21,23,27,23,37,26,32,9,13,16,,17,17,17,12,14,28,3,14,11,16,10,18,,11,11,30,26,7,3,,46,,4,,,5,22,36,31,36,43,29,28,28,,13,13,15,9,14,10,7,30,44,10,16,3,11,23,26,18,27,33,35,35,8,6,19,,13,21,36,44,17,35,12,27,3,19,20,13,25,4,15,16,8,37,32,48,34,27,18,13,27,26,14,25,33,40,27,62,,71,83,158,21,58,35,5,8,17,33,61,17,13,15,40,29,41,53,44,52,37,47,44,16,19,,28,38,15,17,22,28,21,29,27,8,15,10,12,28,15,11,40,10,15,17,34,41,37,58,38,35,21,25,39,22,19,14,1,12,4,9,5,19,19,7,12,6,13,15,28,15,55,,32,26,91,86,19,73,89,17,40,26,14,13,71,32,14,32,55,13,33,14,29,3,13,40
20170820,0,PM2.5_24h,42,43,43,40,44,45,35,41,39,44,43,44,,,34,,35,34,36,,31,34,20,,28,33,,54,60,47,68,47,52,39,35,34,46,40,50,39,17,19,28,18,27,74,90,92,67,40,35,50,52,45,41,31,39,17,31,33,13,10,20,14,22,39,33,,40,26,32,37,47,45,48,57,51,60,53,36,,34,35,30,35,31,29,33,43,40,44,52,41,40,49,48,15,24,29,,21,27,29,24,26,,31,21,22,21,23,18,26,19,27,20,18,15,13,9,,9,5,6,7,10,12,21,19,13,,25,22,21,23,21,19,14,21,36,37,36,37,30,43,37,35,32,36,16,14,16,12,22,7,15,20,9,27,26,26,21,24,28,27,26,34,34,28,35,30,18,,,,27,17,,13,18,21,,33,30,28,,24,35,26,27,34,30,32,32,28,,,,32,27,,34,39,31,21,24,,24,16,15,15,13,18,20,12,,5,,19,,15,29,27,15,37,28,28,32,32,29,29,20,23,30,32,24,,31,25,25,46,37,36,46,43,27,,,24,,34,35,,29,38,36,22,27,22,,27,21,30,36,40,19,27,25,19,25,19,19,24,27,28,24,19,22,35,,36,38,38,44,34,15,27,33,23,20,39,32,29,25,,30,36,45,29,40,43,56,48,,15,15,14,11,16,12,16,11,19,45,50,57,50,50,186,44,43,49,22,17,17,17,31,22,19,25,18,15,25,20,26,25,19,21,22,17,20,26,26,22,,25,24,26,37,20,43,24,26,16,17,17,15,11,23,14,13,14,13,30,8,13,6,14,25,31,28,13,20,23,38,34,17,15,14,7,13,16,19,23,30,28,39,30,20,25,26,23,19,21,31,32,33,29,25,25,21,18,23,30,29,33,7,7,10,9,10,16,,18,13,20,12,9,14,14,16,,14,10,10,15,11,,14,24,23,12,17,,16,17,6,16,5,13,7,11,19,14,5,17,11,16,11,18,24,19,10,6,6,5,9,3,51,48,39,50,54,57,45,59,34,39,37,60,47,26,28,12,25,21,9,,32,35,25,,,,23,18,10,16,17,16,19,,11,18,25,26,21,20,29,27,22,20,20,11,18,18,21,44,38,49,51,45,44,54,62,48,61,58,27,46,18,20,13,16,15,16,36,33,32,38,31,29,31,28,25,28,25,,20,,13,15,16,15,41,,,50,,44,30,31,29,34,28,28,39,36,31,18,13,11,8,24,24,23,23,24,28,,28,,27,,24,23,24,20,21,22,26,17,9,11,21,19,22,21,20,30,,51,46,47,43,49,18,25,17,27,21,31,10,10,10,11,13,11,5,11,17,21,28,38,40,13,14,19,28,24,28,12,13,13,41,45,,34,24,,27,35,27,30,17,22,22,8,,,33,36,42,23,,23,19,27,25,36,39,,35,40,,45,51,46,18,45,39,47,42,43,34,18,16,17,23,,14,11,10,16,14,11,,26,17,12,16,10,20,12,16,22,11,16,13,27,37,25,27,26,12,10,8,9,10,,6,27,17,21,22,26,16,20,24,21,9,9,19,20,14,17,22,22,22,24,,20,27,20,27,27,26,30,20,27,27,35,16,46,72,,51,61,48,57,51,68,58,58,68,40,40,44,48,67,59,61,58,26,37,29,37,37,42,,35,18,21,18,14,13,22,19,22,23,22,28,18,19,22,23,21,25,25,7,16,21,13,12,15,22,23,17,18,12,9,16,25,25,24,24,33,22,9,7,25,26,24,29,15,24,28,23,32,23,21,18,15,18,32,30,33,22,47,,,37,13,13,22,29,26,28,31,33,31,28,16,19,11,,18,19,15,36,42,37,40,26,35,32,36,32,28,41,39,55,60,59,70,58,76,57,59,30,,36,33,9,12,6,23,,18,21,15,21,7,8,18,12,17,20,34,15,24,24,37,35,16,17,12,8,24,20,22,24,25,24,25,24,20,21,15,24,13,13,16,12,16,14,28,35,30,29,31,,34,33,31,31,32,36,14,25,41,38,42,22,23,25,30,24,22,31,33,16,21,,26,27,25,,,17,14,22,26,17,18,22,17,7,16,20,,34,32,57,62,54,45,52,52,39,41,38,40,35,30,,24,22,31,24,,27,30,32,22,24,56,,56,34,31,35,7,15,12,26,,38,36,30,36,,,12,9,12,13,38,30,30,22,24,19,25,16,9,18,12,18,30,48,24,26,24,25,27,16,21,25,14,16,13,12,11,19,13,12,,15,10,13,11,13,19,28,30,21,25,13,22,5,25,13,18,7,9,10,8,15,17,13,17,12,18,20,15,19,12,14,22,11,13,,39,35,41,14,20,18,,23,27,20,,33,17,22,16,27,32,37,39,25,56,20,48,41,36,20,8,11,20,25,28,10,,20,11,18,18,18,18,11,21,9,17,,24,38,13,9,17,36,54,32,27,37,35,33,30,30,34,28,41,34,34,37,38,33,24,27,21,33,37,35,44,33,5,21,20,22,17,26,30,32,31,39,17,25,25,21,27,54,50,50,53,63,49,52,43,48,29,28,26,25,27,30,33,25,32,29,42,40,43,43,64,56,55,,46,60,53,38,,40,35,31,,30,15,14,16,15,19,14,17,12,15,26,25,23,21,16,14,13,,35,33,31,31,36,40,45,35,35,32,28,42,35,42,20,21,20,20,,9,24,,23,19,19,14,27,22,22,22,28,27,24,18,19,21,20,20,22,29,29,31,29,18,19,29,14,14,12,23,14,11,11,9,19,13,17,15,19,16,18,14,22,21,21,24,25,24,8,18,21,37,40,46,37,19,29,18,19,22,25,28,26,28,20,32,40,36,26,25,31,26,12,19,17,21,26,17,25,7,6,10,10,38,32,30,32,27,36,23,29,19,18,20,20,11,8,12,22,17,24,22,,16,21,20,20,19,24,15,24,20,31,,16,18,,8,21,17,24,15,4,6,5,,10,10,12,10,11,12,20,26,8,14,23,9,9,9,9,10,10,22,24,10,10,10,,9,9,14,16,12,16,18,12,26,19,21,11,7,9,,8,15,10,8,10,25,8,13,9,13,10,11,4,4,10,16,7,6,3,3,20,,7,,3,4,24,33,30,35,46,36,35,39,16,16,14,33,28,29,16,10,26,32,20,23,8,14,17,28,18,22,23,31,29,16,12,17,,20,21,21,47,35,28,20,26,6,19,26,16,23,23,22,23,24,34,29,18,29,13,16,12,17,14,10,17,24,27,12,35,,51,56,74,20,18,20,10,7,8,10,15,9,13,22,36,24,39,34,26,44,26,31,38,17,22,49,30,36,26,30,30,28,22,44,25,9,13,12,16,20,25,24,20,33,14,10,42,45,40,39,25,20,20,21,34,28,24,17,23,16,26,33,5,22,19,19,18,28,19,15,16,8,49,,26,38,56,58,31,46,38,11,32,20,26,16,40,26,27,27,57,22,22,25,17,19,10,40
20170820,0,PM10,,48,59,,43,,79,,55,59,61,108,,,64,,52,67,,,55,,43,,65,67,,136,139,109,97,67,,68,70,81,127,185,146,114,37,46,46,49,59,114,148,112,84,51,69,95,,100,57,36,62,80,46,58,56,45,43,61,33,39,44,,33,54,64,81,61,,52,73,65,65,84,66,,,55,54,56,58,43,64,100,183,132,251,169,132,164,108,35,45,54,,42,53,44,41,47,,50,25,22,25,27,26,28,19,25,23,19,55,56,45,,42,14,24,20,19,44,155,100,108,,84,73,75,104,61,94,43,83,47,37,,29,61,,,34,32,32,16,,12,,,7,,,21,21,,,,,18,,,,10,,,,11,,,,,11,,28,26,19,,,27,,,30,37,26,24,21,15,16,31,11,,,,24,21,,22,22,,21,24,,,,22,,,19,,5,,25,,,,,51,57,27,78,36,41,51,65,68,48,33,36,38,39,47,,30,40,63,42,42,38,47,54,54,,,14,,67,53,,52,33,32,26,23,15,,,14,33,53,64,20,35,,34,26,25,27,31,34,28,22,24,24,87,,61,34,53,65,38,18,33,39,53,56,81,75,112,,,56,66,71,42,50,73,49,66,,39,32,18,23,,14,16,38,19,96,68,90,78,75,,83,75,82,65,73,55,78,51,73,78,66,58,44,74,40,103,86,46,85,57,52,59,71,62,83,,62,115,24,133,44,60,66,74,19,22,13,24,26,36,24,25,23,14,35,18,,13,,47,61,42,40,48,37,75,55,17,15,18,16,22,22,20,27,45,29,27,46,24,98,97,99,25,64,70,68,,68,55,68,42,40,82,71,74,88,11,13,23,14,13,35,,68,27,65,49,58,118,83,80,,38,50,38,45,58,,34,44,28,25,71,,31,54,29,41,31,27,36,38,39,32,42,36,32,22,28,36,24,45,7,14,9,7,16,6,49,50,47,52,64,56,59,152,40,51,37,135,89,76,58,111,88,48,9,,8,36,30,,,,52,48,63,64,104,75,49,,58,66,57,79,56,56,,49,42,36,42,17,27,44,56,,73,103,121,110,126,125,80,80,81,121,78,67,60,54,47,33,39,49,47,34,26,43,71,57,66,36,39,35,44,,17,,17,20,17,20,47,,,,,45,35,27,,58,59,34,61,55,38,54,35,45,29,121,22,22,20,15,,,47,,49,,48,55,40,53,19,,,24,12,16,14,16,16,29,23,24,,57,55,60,71,66,,39,20,23,,,18,10,16,,21,,12,16,15,46,44,72,,29,17,29,65,65,65,10,10,12,103,59,,29,28,,51,55,49,26,26,47,62,23,,,50,66,47,140,,69,,66,57,54,54,,48,58,,97,87,116,,115,79,91,87,148,118,57,55,51,37,,21,28,23,28,48,25,,43,63,30,47,16,26,38,28,47,118,40,38,70,70,64,62,45,61,40,44,36,52,,14,67,61,70,38,44,39,88,58,123,35,43,38,,42,26,,,9,,,25,22,13,37,53,51,64,25,63,72,66,32,199,148,,135,124,149,145,70,63,63,61,73,71,72,71,66,98,87,106,109,126,127,106,136,98,81,,69,61,48,54,71,49,54,37,55,,,44,53,46,34,64,,56,,26,43,51,,36,25,73,53,66,28,27,37,69,50,47,33,45,,116,19,17,36,38,40,43,39,62,51,44,59,80,73,20,71,72,89,76,62,50,125,,,101,41,45,39,44,34,49,69,87,49,63,65,45,41,,49,46,60,54,40,52,56,45,61,67,69,83,83,115,97,109,119,128,168,114,160,158,161,70,,50,46,6,,22,28,,48,33,166,119,42,23,35,40,46,163,146,194,31,16,40,37,36,19,15,19,30,28,,33,28,,26,29,41,49,35,44,15,8,5,12,12,,45,36,37,13,11,19,24,24,21,35,17,,16,19,39,24,11,,,,,6,,12,5,38,37,,48,40,48,,,34,35,58,46,27,,28,86,,86,82,,55,58,,135,130,125,175,141,51,63,54,70,39,43,,55,43,62,68,,54,68,61,51,36,89,,62,67,79,77,32,16,37,96,,286,382,336,,,,51,104,17,22,38,56,30,67,61,53,87,88,24,36,50,30,71,39,74,38,76,44,29,31,51,47,26,37,34,44,56,46,36,50,,,59,22,13,,43,69,81,58,47,100,194,22,101,17,45,17,22,,12,38,51,40,105,21,55,52,33,51,46,29,41,42,27,,62,,,36,30,36,,29,37,50,,,44,60,49,,19,31,60,45,,45,51,40,55,,40,39,17,26,17,44,,36,38,30,49,41,39,17,16,29,31,,67,64,10,17,9,44,46,27,15,47,63,46,57,36,63,51,81,60,45,55,72,81,,,37,62,63,64,83,121,,89,38,68,61,40,57,51,62,75,33,40,40,53,39,116,99,89,93,114,74,84,87,97,60,50,54,49,67,40,38,27,51,48,32,40,51,76,83,88,75,,87,70,77,30,,32,33,81,,73,105,107,105,88,48,32,34,47,43,52,61,42,38,,36,20,,36,74,84,55,46,48,,58,,28,32,35,47,52,55,20,27,20,,42,44,,38,,47,25,58,32,20,20,70,60,54,38,47,55,37,41,41,52,63,86,59,24,40,,31,27,37,59,89,77,80,33,27,46,46,45,53,63,57,71,89,28,45,62,64,,35,76,118,110,98,78,83,201,28,,60,48,57,42,,78,66,,79,76,65,80,66,82,20,63,60,52,48,26,24,34,38,39,51,119,62,68,105,47,65,43,55,47,50,43,53,58,59,48,75,56,96,120,,84,76,56,48,68,65,63,53,,48,,26,31,,37,74,63,84,71,18,12,14,,25,13,17,22,22,29,28,51,23,59,30,19,25,20,27,88,64,63,39,50,19,17,,17,29,,52,100,115,,39,,26,,25,20,30,,27,34,24,29,37,47,18,20,27,31,40,69,65,32,102,160,,14,9,,48,,10,,10,22,35,55,37,67,53,53,45,53,,22,23,,11,30,28,20,36,51,13,,14,14,46,44,41,62,45,54,47,12,11,57,,18,30,40,75,24,69,17,,10,32,74,105,74,47,63,74,55,49,44,149,140,63,103,21,61,27,26,77,105,109,128,301,,235,511,353,72,76,102,25,15,19,88,94,69,24,21,44,46,68,60,68,90,55,47,71,44,,18,34,52,,36,27,34,29,48,37,18,105,27,34,,33,19,63,27,25,24,51,55,,71,66,66,32,50,114,60,,18,13,20,,13,,,,9,,9,20,54,56,43,105,,42,,159,159,25,84,122,32,41,47,35,23,84,82,,48,67,29,43,17,87,18,,45
20170820,0,PM10_24h,46,52,55,44,49,54,58,54,46,65,57,66,,,65,,51,52,53,,54,46,33,,45,37,,91,91,78,91,76,59,85,67,61,108,106,100,80,36,33,49,54,53,126,143,123,100,48,54,54,61,55,50,58,47,61,69,70,57,44,38,44,34,52,47,,51,38,50,46,61,51,60,89,84,78,89,71,,49,60,45,65,64,41,75,79,81,84,104,82,71,72,82,27,37,43,,45,51,46,40,46,,60,36,31,29,36,31,40,25,31,31,20,43,60,33,,31,15,14,20,22,37,83,65,74,,79,74,70,66,58,45,40,61,61,57,51,57,67,55,56,50,51,57,45,34,42,31,44,45,49,39,42,49,48,52,45,48,46,59,46,87,70,92,91,83,24,,,,54,38,,43,40,40,,62,67,56,,49,66,60,52,60,57,54,69,44,,,,38,50,,58,67,63,46,51,,43,27,28,28,29,33,20,20,,24,,30,,27,49,49,24,54,40,41,48,58,50,47,35,39,47,42,38,,32,38,46,58,63,63,64,61,49,,,43,,66,52,,68,59,55,36,31,32,,43,32,49,50,51,40,44,48,44,52,35,34,47,49,58,40,36,35,65,,74,73,76,81,46,32,44,64,69,59,79,72,76,36,,75,75,105,70,79,100,87,88,,44,36,30,38,26,24,27,46,33,76,73,73,74,65,61,75,77,92,54,46,52,37,61,56,48,53,48,40,44,33,56,52,34,53,46,37,49,48,48,48,,39,51,38,63,40,63,45,43,19,24,21,34,20,34,24,23,22,14,42,11,14,13,21,46,49,50,33,36,36,51,44,29,27,21,18,35,35,36,33,52,46,57,47,31,58,52,49,46,47,53,62,47,59,41,52,45,34,59,59,62,62,15,16,19,19,19,30,,35,28,49,54,32,51,39,47,,28,30,37,37,38,,29,35,31,26,49,,26,37,25,31,19,24,34,33,29,28,34,37,30,28,35,35,33,47,15,13,10,12,18,12,85,81,78,99,100,99,69,103,45,69,60,98,111,80,72,32,69,61,34,,47,76,51,,,,53,54,31,47,36,36,38,,32,42,47,48,41,39,35,42,42,34,34,18,31,40,56,72,73,69,76,79,75,111,92,74,90,109,47,69,38,35,29,30,29,38,68,57,48,61,76,50,49,59,54,60,54,,33,,40,43,47,39,52,,,80,,84,41,38,43,76,71,62,76,77,48,44,31,34,31,58,44,43,42,30,44,,57,,56,,54,40,36,39,47,44,74,36,22,23,35,39,36,46,40,68,,68,62,73,70,70,44,50,29,47,39,54,21,20,17,15,30,17,17,28,30,37,52,72,67,22,25,23,50,47,51,20,25,24,82,61,,61,55,,49,59,48,52,27,46,47,28,,,69,58,54,76,,37,25,44,34,46,48,,48,50,,68,64,66,15,62,55,59,62,64,50,33,49,47,35,,19,23,33,26,41,16,,49,48,26,32,15,41,40,29,39,38,28,31,51,50,44,52,42,31,29,30,24,28,,14,64,50,62,34,59,58,41,61,57,31,29,26,22,25,25,49,43,56,44,,53,58,47,61,64,47,61,37,69,52,71,28,80,92,,87,81,94,91,70,102,87,85,101,66,65,63,62,93,83,80,84,57,58,49,55,52,62,,47,46,63,59,47,50,43,39,45,28,28,37,31,35,26,40,29,35,37,26,44,55,29,24,26,42,39,43,28,27,24,36,36,44,29,42,54,70,16,17,35,41,36,46,35,40,38,40,40,50,44,31,47,48,50,58,42,34,64,,,52,39,37,41,36,44,44,61,68,44,52,53,33,31,,37,35,39,62,68,65,77,42,48,62,61,58,57,70,76,110,121,112,110,114,122,119,123,71,,56,48,28,23,22,53,,40,51,33,58,48,22,40,24,37,56,70,57,39,30,74,61,42,26,17,19,44,56,47,39,32,,37,44,41,40,45,45,26,31,23,26,26,27,64,59,55,54,50,43,48,54,54,81,67,65,45,52,51,61,62,54,44,41,46,32,37,54,49,38,37,,36,52,50,,,32,27,37,51,38,35,44,39,14,33,32,,74,68,95,80,75,69,110,105,52,65,60,73,70,37,,35,33,44,47,,37,45,50,43,38,92,,88,73,76,67,22,31,26,57,,86,86,102,36,,,38,63,20,25,60,85,47,51,42,33,54,54,22,30,34,45,50,43,45,38,51,43,62,36,43,34,24,24,20,23,28,40,29,43,,41,43,32,25,23,44,71,78,45,49,60,110,28,60,40,31,12,21,18,18,33,40,44,59,17,59,96,31,42,31,30,45,32,26,,68,49,53,37,41,41,,57,45,57,,41,42,70,43,43,51,85,67,60,87,42,56,53,64,26,40,34,58,54,50,42,,40,34,34,36,46,39,31,31,33,32,,59,63,35,36,34,64,65,53,35,56,60,45,57,54,45,42,62,53,58,61,74,62,51,50,51,49,63,61,82,60,12,61,55,47,54,35,55,63,63,84,30,51,45,45,42,67,87,79,80,89,63,72,65,70,42,43,49,42,54,38,42,37,52,41,56,67,69,74,91,92,82,,68,76,70,63,,65,63,48,,38,24,22,24,20,33,23,23,26,31,58,48,56,43,25,25,21,,49,68,54,45,48,63,62,52,56,56,56,57,47,51,49,45,52,51,,41,44,,54,21,29,24,34,39,29,28,49,43,37,41,38,45,37,39,40,45,54,52,47,28,36,36,27,29,31,56,71,42,49,25,28,28,41,30,37,36,49,59,66,31,34,36,48,28,20,56,68,60,69,74,56,61,49,32,37,46,57,59,46,59,51,62,71,58,51,57,46,48,25,57,48,38,45,41,45,36,44,36,67,69,40,40,74,48,52,33,40,26,27,26,26,36,23,23,35,38,52,54,,48,51,32,31,35,43,51,26,29,33,,27,32,,47,73,54,78,51,13,10,17,,25,14,19,20,23,26,30,48,35,52,35,16,19,14,18,42,52,63,39,21,17,16,,21,28,27,41,45,51,56,30,23,23,34,27,15,22,,26,34,17,24,26,63,19,27,26,26,25,47,50,26,27,55,12,15,10,15,72,,17,,13,29,40,64,54,58,61,57,55,50,19,32,29,49,38,94,68,29,45,51,40,44,22,28,53,48,51,57,43,50,46,39,32,55,,32,40,37,84,48,38,40,31,11,32,46,53,45,77,76,76,52,67,43,36,83,45,45,15,31,24,28,37,64,84,80,163,,158,292,218,39,35,47,23,27,16,30,31,31,25,39,43,31,56,50,44,91,38,35,80,36,54,57,38,52,46,53,41,42,40,97,33,17,48,39,53,29,41,44,43,52,24,17,53,70,65,50,44,48,51,47,70,55,39,31,47,30,46,51,11,46,37,30,24,46,47,38,43,25,77,,56,60,77,111,71,52,56,26,43,33,53,31,56,66,39,45,74,48,34,37,58,38,26,48
20170820,0,SO2,3,3,2,1,3,3,3,1,3,2,3,3,,,6,,7,2,,,6,3,7,,16,3,,11,29,6,1,9,8,3,22,23,43,42,51,40,10,6,13,11,11,5,11,14,11,12,14,7,5,4,9,8,29,19,7,7,5,6,8,2,5,4,9,,1,10,17,15,3,5,5,4,6,3,5,7,,,14,22,8,8,6,16,12,15,15,12,15,10,12,10,6,50,20,,14,10,7,11,16,,16,7,10,8,9,2,5,5,5,4,6,6,8,7,,8,5,8,9,3,12,9,6,4,,4,8,10,12,9,6,9,12,4,6,6,6,5,6,7,5,7,7,14,12,9,21,7,9,10,6,5,7,4,9,4,4,8,5,8,22,14,16,14,14,4,,,,9,3,,7,13,14,,22,9,12,,3,5,2,3,3,6,3,7,16,,,,7,7,,14,5,5,5,6,,4,9,8,14,1,2,9,8,,9,,9,,5,9,6,7,9,7,7,11,5,13,9,4,5,6,6,3,,7,6,6,12,12,10,12,3,9,,,6,,7,3,,5,5,7,5,5,8,,5,4,14,14,14,5,5,,8,4,2,19,6,13,18,17,20,5,6,,9,6,5,10,2,7,6,34,31,32,36,30,16,2,,30,7,16,16,6,11,12,11,,2,3,2,1,11,3,5,8,7,5,9,9,7,5,5,9,6,8,9,7,7,11,12,6,5,6,10,8,16,11,18,17,31,13,17,4,14,11,17,17,,16,16,17,20,13,4,8,17,12,11,12,9,6,16,13,7,12,9,9,4,3,18,6,17,13,15,12,13,17,26,12,7,6,5,5,9,22,5,7,13,12,12,10,11,7,8,7,10,7,12,60,17,19,7,9,8,8,7,9,7,8,3,6,5,3,5,13,,14,10,11,15,9,9,11,15,,14,10,12,13,12,,8,8,16,10,7,,5,4,9,4,6,7,4,4,4,6,9,15,9,10,13,11,13,18,5,11,9,8,9,7,6,2,6,6,8,5,6,7,8,6,5,8,9,6,9,2,8,4,10,,8,6,2,,,,13,9,8,8,9,4,7,,9,21,38,60,15,23,8,19,11,8,7,4,8,12,7,,15,9,13,14,10,15,6,8,8,6,14,11,9,7,7,6,3,4,10,11,5,7,11,20,22,4,25,14,18,,8,,8,9,15,7,20,,,7,,4,10,7,,12,14,10,14,25,11,10,22,7,19,20,8,7,7,7,5,,11,,12,,4,20,28,25,5,8,8,10,9,2,2,2,5,14,11,12,,24,17,20,9,16,12,12,10,8,10,40,5,5,5,6,6,7,3,5,8,3,8,6,10,9,9,9,7,8,6,2,6,5,12,12,,17,17,,18,17,19,22,6,6,11,5,,,10,9,10,14,,16,,22,15,10,4,,3,8,,39,75,48,,33,10,3,11,22,21,2,12,15,13,,5,5,5,5,6,4,,15,12,9,7,9,14,7,5,6,7,8,2,11,18,12,16,13,9,6,5,8,6,,2,7,5,5,16,12,3,9,7,6,6,4,5,1,14,5,5,8,3,1,,12,9,14,14,20,19,25,9,12,67,29,9,11,11,,15,23,23,12,11,17,10,16,15,3,5,5,5,,15,10,1,13,16,5,11,7,10,,8,11,11,7,7,8,9,11,9,70,27,142,2,10,50,9,9,10,11,26,8,5,8,7,3,9,10,6,5,6,7,13,9,6,4,7,23,4,1,2,5,7,8,6,6,5,8,5,9,4,18,13,10,10,4,3,13,5,12,,,14,4,8,11,14,6,1,7,10,9,8,10,11,11,,11,25,12,11,11,15,5,11,8,6,8,13,10,10,14,4,5,2,2,4,4,4,1,9,,5,8,6,8,6,3,,6,6,11,5,3,5,3,3,6,6,5,4,7,11,8,9,4,1,4,6,7,4,5,5,5,,4,3,8,6,5,1,6,5,2,4,8,5,5,8,8,9,8,14,12,24,,7,10,,7,7,7,10,7,6,6,15,10,6,,16,11,13,9,,9,7,8,,,3,1,6,7,7,7,7,7,,9,11,,7,10,,11,14,6,15,20,9,10,17,11,17,16,,10,12,6,1,,7,20,7,5,20,23,,21,2,6,4,2,8,7,3,,5,27,17,20,,,3,4,13,13,7,5,9,8,8,10,9,8,6,8,9,7,11,8,6,5,12,8,6,18,8,12,13,9,4,6,4,3,5,10,,,6,7,7,9,4,1,3,3,15,7,7,3,35,2,4,3,3,10,7,7,1,3,12,2,26,12,2,12,13,13,4,10,26,,11,16,10,16,11,12,,10,1,7,,27,11,33,50,11,9,16,13,8,11,14,4,7,24,6,8,12,8,4,7,4,,10,129,13,34,16,4,6,12,21,16,,21,7,14,23,6,11,9,11,11,5,8,7,8,8,5,5,11,4,7,16,18,10,4,6,5,42,10,3,23,9,5,24,7,20,51,6,8,10,7,16,32,8,15,17,12,23,20,11,17,22,15,9,34,18,5,4,13,13,16,5,8,6,7,13,42,23,19,24,24,27,34,,11,7,11,9,,4,5,7,,5,9,7,6,6,9,7,9,2,6,7,4,6,6,9,8,5,,5,24,18,2,11,8,15,9,8,7,6,9,8,7,9,6,9,6,,10,14,,5,4,2,6,10,16,5,4,12,12,10,17,38,13,20,10,7,14,12,52,59,24,13,7,15,14,5,11,29,31,28,4,9,11,5,12,5,4,6,7,1,8,4,19,35,18,2,1,5,42,10,6,34,29,10,,16,14,10,8,,7,3,5,102,123,8,34,33,25,6,7,4,18,18,8,6,5,40,30,22,9,7,12,12,5,5,34,1,8,3,3,8,3,7,4,8,7,8,5,,7,13,26,6,13,4,16,4,27,3,,5,3,,6,27,5,7,7,8,8,6,,21,7,11,11,10,12,13,9,12,24,10,3,2,2,1,5,6,12,26,4,9,3,,4,4,2,37,47,6,17,9,4,3,6,4,12,14,,7,8,6,8,5,5,3,6,16,13,17,9,2,11,6,11,4,5,4,,3,,5,,6,1,4,9,8,4,11,8,8,6,,8,18,3,6,8,4,6,6,10,3,4,5,11,4,2,15,17,4,7,8,3,18,4,,9,15,5,6,7,8,12,11,4,10,6,11,9,5,7,5,5,5,5,7,5,2,12,6,7,3,6,12,3,2,4,6,,12,23,60,17,19,11,3,3,3,8,8,5,9,5,6,14,10,5,9,33,9,7,20,8,8,8,6,5,6,11,14,11,8,1,9,6,22,24,4,24,18,27,7,10,4,4,2,3,1,16,10,20,7,9,13,2,4,4,4,5,11,10,10,8,44,7,7,8,6,13,10,14,54,,6,9,17,22,17,12,22,5,20,2,3,5,5,53,4,3,19,6,10,5,2,12,16,12
20170820,0,SO2_24h,2,2,2,2,2,2,3,2,2,2,2,2,,,6,,7,2,4,,6,3,9,,10,3,,5,25,6,2,9,5,3,29,24,48,46,51,44,10,7,17,12,12,4,6,9,5,8,12,6,4,4,5,5,19,19,14,8,6,6,10,2,5,8,7,,5,14,16,18,3,5,5,5,7,5,8,11,,14,10,14,13,8,9,17,14,14,16,12,14,12,13,11,9,17,9,,10,8,9,9,10,,10,7,8,9,10,5,4,6,6,6,6,7,9,8,,9,5,8,10,2,10,9,6,4,,4,9,12,12,8,6,10,10,9,9,10,9,7,10,9,6,11,11,17,19,12,26,10,12,11,11,11,10,7,14,5,8,11,6,9,23,19,25,17,15,8,,,,13,5,,8,15,12,,29,13,15,,2,9,6,4,5,11,7,11,25,,,,14,15,,15,17,8,7,12,,6,10,8,16,2,2,9,8,,10,,11,,6,10,7,8,8,9,8,13,6,9,10,4,8,6,8,4,,7,7,7,13,11,12,14,5,8,,,8,,9,4,,5,5,8,7,6,9,,9,6,16,11,10,8,8,14,8,4,3,17,4,17,15,17,20,6,6,,9,7,5,12,4,10,12,28,33,29,21,27,4,5,,27,8,16,18,6,11,13,14,,8,3,3,2,11,6,5,6,7,4,7,6,7,3,2,8,5,8,8,6,7,9,10,4,4,6,6,8,17,13,18,19,18,14,19,11,12,12,12,13,,12,34,15,15,12,7,8,10,10,10,11,14,6,10,19,4,9,9,10,4,5,4,5,10,9,9,9,9,8,21,18,8,6,6,6,10,18,7,9,15,20,17,13,12,7,9,9,9,6,13,22,12,22,7,10,8,7,7,11,7,8,3,6,5,4,6,14,,14,12,11,17,10,12,13,12,,15,12,11,9,16,,8,5,14,9,7,,6,4,9,5,6,6,4,4,5,6,6,13,14,10,12,11,17,21,6,13,9,9,9,6,9,2,7,6,9,6,8,10,8,5,5,9,10,9,7,2,9,8,12,,14,9,3,,,,16,18,8,9,9,5,8,,11,20,53,59,15,25,8,56,12,10,10,3,10,12,10,20,24,20,14,20,14,17,7,8,10,7,6,9,5,4,10,6,3,5,12,11,12,59,22,32,31,4,20,14,13,,9,,10,11,12,8,15,,,10,,5,9,5,4,14,17,11,10,25,8,10,16,7,18,20,10,8,6,9,5,,11,,11,,4,12,17,14,9,10,11,12,11,4,3,3,6,15,12,12,,33,15,25,16,16,12,11,10,8,13,33,7,6,7,7,9,7,5,5,10,9,8,7,10,9,9,9,7,7,8,2,4,5,13,20,,16,16,,18,17,15,15,7,7,14,7,,,12,13,11,12,,12,11,15,12,10,4,,2,8,,26,32,22,21,29,4,3,8,6,9,3,13,14,12,,6,7,6,9,6,7,,17,13,12,10,10,21,5,7,10,7,8,2,12,32,21,22,17,8,6,5,8,5,,2,7,6,5,18,12,4,5,8,7,7,4,6,4,15,5,14,14,11,3,,17,15,20,13,17,14,19,8,18,39,29,6,8,10,,8,15,11,10,6,10,6,7,33,3,5,4,5,11,10,5,2,13,11,6,9,6,11,,9,12,10,8,7,9,9,11,9,27,21,29,6,7,18,9,12,13,13,15,9,6,9,7,6,11,11,8,5,6,7,10,8,6,5,7,13,4,2,2,6,7,9,7,6,6,9,5,9,6,20,20,11,12,4,6,12,7,14,,,11,5,3,12,7,7,4,4,15,10,7,10,7,10,,9,16,12,12,13,15,7,10,9,6,9,12,10,10,14,5,5,5,4,5,6,6,4,9,,6,8,5,4,8,36,,10,36,15,15,3,6,3,11,6,3,5,4,7,11,9,10,4,2,4,2,8,4,5,7,5,3,4,4,7,4,6,2,8,5,2,4,9,5,8,9,10,13,12,15,13,21,,15,18,13,10,7,13,15,15,18,13,22,15,14,16,19,17,15,10,,10,6,10,,,2,1,14,9,10,10,10,6,7,10,11,,7,11,14,10,15,4,12,20,10,10,18,12,16,16,,10,12,10,6,,12,12,19,17,30,30,,29,59,65,41,3,8,5,4,,5,10,7,23,,,6,2,13,8,9,7,11,13,16,11,25,12,7,9,11,10,19,5,7,6,14,18,14,13,9,11,11,10,8,9,4,6,5,7,,7,7,7,7,8,4,1,4,2,11,6,8,4,18,4,11,4,5,10,7,8,2,4,13,2,17,17,3,12,20,15,8,9,30,,11,14,12,12,14,10,,15,4,8,,22,9,27,26,25,18,44,10,18,22,8,7,15,19,12,9,9,10,9,11,3,,12,19,26,21,9,10,7,9,11,12,,18,23,19,11,8,13,11,8,14,6,14,14,9,14,5,7,15,6,8,14,10,9,5,6,6,27,14,6,24,8,5,22,18,21,46,4,8,14,17,9,29,12,18,19,13,6,17,19,20,19,29,17,40,33,9,4,13,13,14,4,9,7,7,8,83,91,78,59,21,13,19,,10,3,6,8,,4,5,6,,3,9,6,6,6,8,6,10,2,5,7,4,4,6,6,6,5,,6,16,23,5,11,10,19,10,14,10,8,10,11,6,14,8,10,17,,10,10,,10,3,4,4,8,5,3,6,8,9,13,18,18,16,11,21,14,12,12,26,28,27,13,9,17,17,7,14,10,19,15,6,7,9,8,8,4,4,5,6,1,6,5,16,45,19,5,2,4,23,12,10,13,14,11,12,14,12,14,9,2,7,3,17,71,76,13,18,14,12,6,7,4,12,12,10,17,14,44,34,25,11,9,14,13,13,9,11,7,5,3,3,5,4,6,3,7,8,9,7,,8,11,20,6,14,4,15,4,32,4,,4,3,,6,10,6,7,8,7,8,7,,21,8,13,16,14,13,15,8,14,24,10,4,3,3,2,5,6,10,16,4,9,3,,3,6,3,21,25,7,18,8,5,3,6,5,12,14,,20,25,7,9,5,24,4,6,8,14,15,9,4,9,5,10,5,5,5,5,3,,7,,6,1,4,8,6,5,9,9,9,6,7,8,10,8,4,64,11,5,8,10,4,4,5,9,6,2,19,13,4,7,8,4,16,5,,17,17,6,10,10,7,13,13,3,11,12,10,8,9,14,11,7,5,5,4,4,1,12,7,6,2,3,12,2,2,5,4,,11,18,23,11,10,9,3,3,4,9,8,7,12,13,6,13,10,6,7,29,10,8,22,12,11,15,6,6,8,9,8,11,9,5,7,5,15,15,43,16,23,13,8,15,3,4,7,6,5,14,8,14,7,9,22,4,7,8,8,6,21,32,10,14,15,14,9,14,6,14,13,15,22,,8,9,10,25,18,12,9,4,22,2,5,20,4,18,4,5,14,9,11,6,2,12,11,9
20170820,0,NO2,34,8,45,12,42,33,70,53,8,19,69,97,,,51,,37,37,,,44,36,15,,26,54,,77,49,49,66,18,39,9,56,85,47,64,84,81,30,32,29,31,36,44,38,30,25,26,27,62,58,63,18,19,19,19,18,27,31,25,33,38,20,55,84,,53,21,18,24,22,45,23,10,22,21,14,33,,,22,26,27,19,16,30,22,107,98,113,113,48,100,22,20,48,49,,25,34,32,34,51,,41,7,19,9,9,4,3,6,14,10,3,54,43,27,,48,6,11,30,18,40,72,69,40,,87,59,75,93,100,63,33,84,15,20,16,18,12,11,15,28,14,22,29,17,30,23,14,23,37,31,32,18,29,21,20,12,30,20,19,18,21,20,7,20,12,,,,11,11,,21,14,40,,37,34,36,,7,18,10,4,13,20,8,23,7,,,,7,17,,16,14,13,10,11,,17,15,20,19,16,16,15,9,,23,,11,,16,66,70,6,58,36,33,49,56,43,43,31,7,16,11,19,,7,13,18,35,26,34,28,19,10,,,16,,27,27,,11,9,8,6,3,7,,12,12,28,28,37,20,19,,46,67,57,42,66,92,65,63,49,58,44,,38,25,19,29,10,31,22,66,30,50,64,48,66,9,,52,50,36,34,38,37,42,41,,10,26,9,19,58,16,6,22,10,25,20,35,25,20,20,22,31,25,48,53,36,66,35,76,83,42,38,17,46,21,61,57,41,64,55,74,40,35,65,64,,84,72,43,119,75,42,75,80,54,65,38,47,38,79,48,26,41,38,47,31,8,45,18,35,40,38,30,23,25,87,77,16,12,13,14,19,23,14,19,58,43,40,2,37,36,54,47,31,56,72,55,28,29,62,56,54,35,48,40,56,47,7,7,18,13,4,6,,51,28,51,48,31,90,62,71,,38,59,42,49,77,,36,34,71,57,63,,46,8,22,24,7,21,18,23,27,24,26,20,35,11,24,22,21,38,16,26,29,7,50,16,42,30,56,48,43,67,34,74,16,35,21,82,39,19,16,2,24,12,1,,6,7,41,,,,27,26,110,63,64,100,54,,25,47,30,39,29,30,25,63,22,23,23,3,8,64,9,,35,43,69,52,32,33,22,33,38,36,32,41,29,26,14,18,19,33,35,46,14,20,59,81,57,36,33,39,31,,21,,22,21,28,18,40,,,19,,17,32,31,,30,11,27,34,29,35,15,40,15,2,14,9,25,16,4,17,,17,,15,,35,38,36,56,18,12,15,16,7,4,1,6,2,15,8,14,,27,25,27,21,35,20,23,21,23,16,24,12,6,7,6,15,7,10,25,13,28,19,28,43,18,19,20,47,32,46,9,9,7,44,31,,27,26,,20,17,25,23,12,35,32,15,,,19,15,23,36,,23,,13,24,11,9,,15,19,,21,51,22,,11,76,40,41,60,73,14,21,15,32,,8,27,18,35,47,24,,39,29,12,25,11,25,12,19,16,31,31,11,56,79,65,60,37,34,17,25,20,26,,5,19,28,45,12,12,27,33,17,31,19,16,23,12,56,22,45,22,30,15,,30,17,34,9,3,22,6,3,12,22,31,5,30,19,,30,32,20,26,26,19,29,24,35,20,9,19,11,,24,31,13,14,7,16,19,11,27,,16,21,28,27,22,15,29,29,22,10,22,42,12,8,25,15,8,32,29,7,24,41,19,3,6,33,26,39,15,9,15,35,41,23,29,38,31,46,10,17,10,14,17,19,11,20,15,18,18,13,66,12,51,30,17,19,18,19,20,,,61,38,17,19,18,16,19,24,21,24,15,35,25,27,,24,28,29,31,32,18,29,4,12,30,26,38,43,41,53,19,31,18,38,19,37,39,23,25,,15,8,16,23,12,37,,7,14,10,11,8,14,2,17,8,67,75,56,11,,18,19,14,6,13,42,15,24,21,9,,,12,10,32,18,15,18,10,9,5,2,5,9,21,28,25,17,6,19,15,18,18,19,9,,10,19,16,15,18,11,19,3,11,3,,6,7,18,11,,20,22,21,,,9,5,18,18,10,19,17,20,,20,14,,32,22,,27,29,16,46,22,24,20,17,21,36,12,,22,13,2,10,,10,2,30,24,20,54,,44,5,4,4,19,26,15,22,,9,9,11,17,,,20,31,12,7,8,7,3,35,45,21,50,39,7,14,22,8,17,11,28,36,27,17,27,26,2,33,31,29,23,19,12,8,16,20,,,62,12,11,6,21,24,10,19,18,34,24,14,28,7,26,2,12,5,2,26,34,40,56,6,23,22,10,9,10,17,16,45,16,,45,31,17,50,30,37,,22,5,10,,15,19,27,18,36,45,49,54,25,33,31,11,26,16,37,31,10,27,26,24,13,,14,53,51,38,29,28,12,14,16,8,,51,41,19,22,9,32,24,25,15,18,35,36,32,12,4,25,18,17,27,34,39,45,11,8,12,2,28,10,40,18,2,49,28,41,30,16,35,16,20,54,8,17,13,23,19,36,25,14,18,38,38,38,54,35,22,4,16,22,20,8,14,3,27,33,13,32,27,20,40,27,39,,36,34,23,12,,14,14,14,,11,12,10,7,5,12,16,11,15,12,27,14,14,15,10,11,8,,30,48,38,57,6,13,14,18,14,7,15,17,47,13,44,9,13,6,,9,18,,49,4,15,11,27,5,12,26,24,6,15,19,35,28,17,10,11,38,42,24,21,23,22,15,20,21,31,33,46,45,48,7,4,12,15,10,4,15,11,26,16,7,12,12,29,13,2,32,34,35,47,37,55,45,7,,36,24,12,23,,30,32,20,29,28,21,29,21,30,20,33,36,17,15,16,17,17,61,38,31,27,21,27,47,10,11,21,22,29,22,19,20,19,36,31,36,16,21,39,,19,44,42,45,12,49,16,17,49,13,,10,21,,15,50,29,27,31,6,11,12,,27,7,14,10,12,12,12,12,13,27,10,3,5,4,4,25,18,23,20,19,31,5,,6,7,1,19,39,26,27,20,10,7,11,10,7,9,,9,17,7,15,20,12,12,18,15,9,14,22,17,10,30,74,7,16,4,,12,,12,,3,11,13,21,18,30,33,19,28,25,,17,18,13,22,7,4,2,15,12,20,13,15,11,17,13,31,36,8,13,7,11,9,19,,12,13,12,30,14,32,36,9,5,13,3,3,8,7,7,9,12,14,17,97,79,53,65,4,92,82,37,43,10,15,1,74,,85,56,65,54,49,69,10,5,5,60,83,37,31,44,28,76,79,22,35,22,15,2,79,29,28,15,7,21,13,23,17,32,14,12,34,1,33,22,42,8,12,21,20,19,3,37,43,40,34,43,24,28,29,22,22,52,5,22,14,9,10,11,14,18,,17,13,9,18,46,26,16,38,,42,15,35,31,27,39,18,16,14,33,7,12,18,73,25,15,43,5,12,20,14,16,18,34
20170820,0,NO2_24h,30,14,36,31,35,35,42,22,13,28,41,45,,,36,,35,30,39,,34,28,18,,15,28,,44,32,24,33,18,35,8,52,54,44,43,58,56,26,40,26,30,32,43,35,32,24,20,14,19,22,23,16,17,17,18,24,20,27,18,25,21,12,44,45,,36,28,19,24,14,20,20,16,27,21,22,42,,17,33,25,35,31,18,40,32,43,44,56,36,36,43,27,16,28,35,,18,36,38,34,44,,39,13,21,21,17,8,11,9,15,16,4,37,38,23,,32,5,7,24,16,29,41,42,22,,55,62,53,54,58,28,24,43,25,32,33,28,31,27,25,29,24,33,38,24,32,35,32,33,29,42,40,22,37,31,29,22,23,33,35,32,42,35,31,31,21,,,,33,22,,22,25,25,,34,24,28,,16,27,22,12,34,35,18,43,21,,,,19,39,,24,30,24,17,19,,23,20,21,22,14,25,14,10,,21,,20,,21,41,46,6,35,30,40,52,38,32,32,28,20,23,24,25,,8,25,27,31,23,34,25,20,14,,,31,,24,27,,23,19,21,11,8,10,,16,17,24,22,33,20,18,21,23,51,32,19,45,66,32,31,31,23,20,,29,35,26,35,11,30,26,37,23,27,43,34,34,6,,28,47,42,43,50,48,52,47,,6,28,9,20,22,26,6,15,16,24,20,32,23,25,17,28,36,16,27,24,23,23,25,29,34,23,25,10,19,15,26,29,24,34,39,34,25,20,49,39,,45,55,30,48,61,36,54,23,31,36,39,38,20,32,44,12,27,20,34,12,19,17,14,24,37,31,23,20,11,40,34,25,14,11,12,18,22,16,16,42,46,48,37,31,23,34,29,23,27,34,33,22,24,41,29,34,27,22,34,35,31,7,5,11,11,6,11,,25,33,42,27,18,40,24,49,,30,33,30,33,34,,24,26,47,35,37,,36,9,14,19,4,13,8,15,20,14,12,18,23,11,22,22,25,31,15,18,17,12,23,13,46,36,60,50,46,50,32,42,17,35,26,45,32,34,32,9,35,26,5,,8,20,15,,,,28,27,45,32,28,42,30,,19,19,27,26,21,19,15,21,18,21,15,3,9,25,8,38,33,29,31,41,24,32,22,18,25,17,25,30,22,22,9,11,12,17,22,29,18,19,22,30,27,35,29,28,20,,22,,27,25,35,24,20,,,28,,26,27,21,19,30,12,28,31,30,30,17,25,15,2,8,22,35,26,15,22,,16,,17,,20,22,24,26,26,18,23,25,9,9,7,12,13,22,18,27,,28,20,34,22,47,19,23,20,19,19,18,14,9,10,11,15,8,12,13,10,12,19,26,25,7,10,10,27,20,26,10,11,14,46,33,,22,22,,21,21,21,21,12,25,25,16,,,22,18,29,23,,22,9,17,20,10,5,,11,15,,8,23,8,6,5,35,27,20,27,18,16,23,18,21,,17,19,30,42,28,8,,26,20,12,19,9,25,10,25,24,20,14,9,27,31,26,30,28,20,15,16,14,17,,5,27,21,22,11,16,20,24,11,19,10,12,15,11,28,18,35,32,35,28,,21,15,20,15,7,31,26,3,12,17,26,4,23,19,,21,14,16,14,21,24,32,29,43,17,10,17,12,19,23,23,16,17,11,21,13,13,24,,13,19,25,28,22,18,20,19,18,10,14,9,16,6,11,6,5,8,14,4,16,26,14,4,5,23,16,16,9,13,14,16,20,18,17,25,22,26,7,10,11,25,14,15,12,24,18,19,16,14,37,22,26,19,13,17,18,19,19,,,29,15,15,12,12,14,20,22,22,30,13,30,15,18,,15,23,17,32,31,18,29,4,11,22,21,22,31,38,32,16,23,25,28,26,32,27,29,19,,15,10,5,6,6,41,,12,25,14,20,12,22,3,16,13,17,16,16,10,,25,30,16,6,12,14,27,43,20,15,4,10,16,19,20,16,11,14,10,8,9,4,16,14,22,29,29,38,22,33,23,30,35,33,30,34,16,31,37,26,41,31,36,18,26,5,23,19,19,16,10,,20,34,25,,,14,6,16,13,11,18,14,15,14,17,12,,24,25,30,14,25,14,22,17,21,19,17,24,30,11,,18,11,7,14,,16,7,28,26,19,36,,27,30,24,25,12,12,10,24,,14,10,12,23,,,19,12,13,8,15,14,8,14,25,10,25,25,8,17,21,15,13,18,19,24,14,9,19,16,24,21,22,23,22,18,9,10,16,14,,26,29,13,14,7,12,29,8,10,14,26,22,7,22,11,16,2,10,5,2,19,26,21,36,6,22,22,12,11,10,14,14,21,18,,26,24,17,27,29,22,,16,9,9,,11,20,17,15,52,57,38,38,36,36,34,27,26,22,29,22,15,33,29,31,19,,24,35,45,29,24,25,23,15,14,7,,26,18,24,36,19,29,19,21,21,14,27,30,27,12,4,18,17,13,23,29,32,23,16,14,16,6,13,6,19,12,3,23,22,23,19,8,28,13,22,36,5,15,16,18,13,17,22,19,28,30,16,14,14,16,9,8,14,14,23,8,9,2,13,16,17,35,23,19,31,21,28,,27,32,22,19,,19,17,12,,9,9,9,5,4,15,16,13,13,13,27,15,21,20,16,10,14,,28,24,23,20,6,27,19,18,20,13,17,21,22,15,26,18,17,18,,17,20,,16,3,7,12,6,5,8,16,22,7,15,21,18,16,17,19,6,21,18,18,15,11,17,12,18,18,18,20,20,20,23,5,6,8,12,8,5,6,6,10,6,6,9,16,30,9,4,23,20,24,21,22,29,21,13,14,17,17,24,28,30,27,24,13,19,23,15,10,12,16,11,23,21,13,13,13,13,21,37,29,31,16,23,19,22,17,15,18,16,11,14,14,5,14,20,25,24,11,18,19,,18,31,26,29,26,28,14,21,51,14,,13,20,,12,37,18,19,18,6,8,9,,20,6,12,14,11,16,12,17,13,25,11,3,6,4,4,12,16,15,12,9,13,7,,5,8,6,10,18,20,12,14,10,7,8,12,7,9,,10,9,6,12,12,24,13,17,9,8,9,15,16,10,12,34,11,13,5,4,9,,14,,5,11,16,17,19,19,20,18,21,14,6,13,12,24,19,13,14,2,26,12,13,10,10,9,20,20,21,24,7,15,8,15,15,12,,16,16,11,28,18,30,17,15,6,10,4,6,10,18,17,17,23,16,15,30,27,9,17,5,28,30,5,17,14,15,1,17,,34,15,24,28,15,20,13,4,6,25,23,21,23,35,10,43,33,17,26,23,15,6,46,21,28,31,20,21,27,19,15,24,15,25,31,1,21,18,37,11,18,19,14,29,3,19,20,34,31,22,19,29,25,22,25,16,9,25,16,23,31,34,13,29,11,27,19,23,24,28,24,20,19,,45,18,28,39,22,27,17,11,19,19,10,8,22,43,13,19,31,10,9,22,17,15,10,18
20170820,0,O3,37,49,48,22,47,51,21,12,49,65,34,2,,,28,,49,40,,,30,88,108,,53,21,,26,68,38,19,64,56,101,50,16,46,7,10,25,80,90,67,70,39,67,54,66,73,97,72,29,53,27,94,111,123,128,108,79,9,1,13,5,2,36,12,,26,87,75,86,47,47,71,104,107,87,103,98,,,84,101,99,105,92,88,111,23,19,5,13,111,30,105,28,12,27,,35,30,44,39,31,,37,82,91,81,85,97,121,97,101,103,104,9,19,27,,12,25,18,29,29,16,7,23,8,,8,54,21,10,5,4,66,2,103,91,100,108,96,95,92,75,94,89,29,51,42,48,46,33,25,41,48,74,46,48,63,49,64,50,61,49,55,48,53,49,47,,,,57,30,,43,47,19,,16,15,24,,58,68,68,69,68,66,70,60,76,,,,69,80,,34,55,51,46,42,,46,32,33,30,34,26,33,43,,26,,35,,37,21,7,44,62,6,36,25,11,70,28,17,69,73,76,64,,70,66,55,25,31,25,27,75,80,,,53,,47,47,,75,66,62,50,49,45,,55,63,27,44,25,38,39,,6,3,6,7,2,19,23,16,36,,49,,34,62,85,48,69,33,43,12,36,12,20,22,9,24,,22,35,39,52,60,34,43,55,,129,69,95,97,26,113,111,85,79,85,95,79,83,91,83,90,77,42,41,28,50,28,49,13,3,42,41,51,22,42,4,11,45,6,36,34,15,12,17,12,,3,7,23,26,15,44,14,7,5,17,29,5,21,8,9,14,23,10,,15,40,25,19,41,54,47,23,23,67,28,25,33,40,28,24,33,25,31,26,29,24,26,28,26,33,40,37,36,5,12,46,66,79,8,7,10,16,5,4,4,4,,12,10,7,18,126,,67,77,80,63,86,19,53,49,,79,50,86,53,15,,21,44,23,17,13,,32,124,24,26,32,20,20,21,17,13,13,22,13,26,27,17,21,10,45,27,42,61,13,46,71,60,59,57,59,31,58,31,90,57,62,16,47,86,64,121,69,84,55,,58,74,55,,,,89,92,5,13,2,7,69,,64,22,39,26,49,36,34,6,40,44,48,45,22,14,38,,111,56,30,94,67,112,125,94,87,61,44,31,53,41,27,18,12,5,38,23,49,62,6,23,9,8,5,3,17,,53,,47,50,51,36,49,,,71,,68,40,46,,39,48,56,51,55,28,32,44,64,59,50,93,84,95,113,67,,58,,55,,24,26,42,29,67,90,67,76,84,85,105,90,97,71,76,58,,160,132,151,132,176,30,25,26,20,36,24,32,34,34,42,26,32,31,9,30,10,45,36,23,21,22,20,30,41,29,30,29,28,74,74,,22,17,,30,33,29,27,43,26,27,16,,,114,115,103,64,,83,,109,88,102,104,,123,116,,59,53,80,,47,8,23,41,12,23,110,42,53,34,,48,22,48,26,7,22,,25,2,24,13,22,40,16,18,9,6,9,,27,15,16,26,63,4,12,5,10,3,,17,74,71,35,61,74,6,4,13,21,4,50,36,43,12,41,35,68,49,76,,47,64,48,78,76,82,75,60,34,89,54,118,69,68,,65,65,83,58,67,90,88,88,106,88,94,85,82,,82,78,61,108,99,107,85,111,89,,104,38,24,42,39,59,28,29,39,58,43,26,98,64,42,35,40,24,28,48,17,21,24,39,19,19,13,6,10,51,32,13,25,43,45,23,31,4,14,10,68,89,65,69,87,88,109,98,101,109,6,57,6,9,59,87,91,120,35,,,44,14,32,24,32,113,91,104,108,134,96,26,28,19,,24,32,40,68,75,69,62,66,47,57,50,7,11,5,2,43,21,60,43,72,29,45,62,65,,86,85,65,54,74,41,,112,108,96,108,118,90,59,86,113,68,35,28,58,52,49,55,77,79,91,55,50,38,37,37,77,,70,25,25,44,48,46,92,76,84,94,89,90,46,67,60,81,75,,58,55,73,134,83,,68,68,73,47,63,73,69,61,59,78,,68,73,40,69,,28,55,56,,,57,41,36,52,61,59,51,74,,93,86,,27,53,,64,82,87,50,81,101,78,103,85,69,121,,112,119,141,116,,136,75,79,87,84,59,,54,98,78,100,42,20,61,42,,89,93,109,141,,,48,8,86,91,114,104,94,19,13,60,16,,45,54,38,71,30,10,21,44,11,39,38,15,25,4,9,8,19,3,2,11,5,34,,,14,34,37,31,4,5,7,12,14,11,7,10,29,25,15,24,3,8,,10,12,3,3,59,21,23,29,79,54,45,45,,45,,15,45,19,5,21,12,,20,29,53,,58,25,22,32,39,36,27,20,60,25,38,38,31,42,37,21,32,59,34,86,50,,50,13,20,19,55,46,40,36,47,65,,19,26,69,47,76,17,24,19,29,48,20,17,20,28,122,31,37,31,2,4,2,1,65,82,62,18,30,19,7,38,43,5,27,2,9,17,18,43,40,30,21,28,29,28,26,51,83,125,110,99,20,2,27,42,14,34,31,29,22,29,34,37,19,14,34,20,14,19,65,79,66,,66,92,96,104,,100,94,96,,101,89,74,79,78,96,103,104,86,100,50,61,60,59,87,74,85,,23,3,12,1,87,90,81,60,59,56,46,53,15,44,12,61,68,57,,74,50,,16,116,62,101,41,35,34,9,13,22,35,38,22,21,40,49,10,15,7,25,35,37,55,61,60,54,60,42,64,68,100,29,45,15,38,42,60,41,46,26,40,26,38,43,28,47,6,,,1,1,8,1,8,27,,8,8,38,42,,27,31,11,23,30,16,14,28,28,12,10,6,40,38,11,5,59,7,21,23,55,98,98,59,91,105,72,101,59,72,75,49,76,48,67,50,86,68,44,,60,30,43,32,48,53,59,103,53,104,,43,30,,82,62,62,80,61,16,23,18,,79,37,37,38,37,40,55,33,54,56,31,42,41,41,40,3,14,40,44,3,1,40,,41,26,28,46,27,3,21,14,4,5,9,11,44,45,,37,29,19,25,5,11,48,38,23,26,6,3,53,34,5,1,49,38,55,,49,,106,,50,44,52,44,61,24,71,94,82,85,,51,41,47,35,87,86,60,70,96,45,56,65,72,62,76,49,45,72,79,72,97,94,64,,92,52,71,64,96,48,38,85,46,79,91,82,87,90,96,97,84,54,58,10,18,9,2,54,8,5,38,43,,108,172,11,,11,19,18,43,33,9,72,72,66,6,4,26,32,33,96,4,4,42,54,90,125,132,40,10,20,69,71,36,53,22,60,31,59,78,48,49,6,14,43,130,62,54,91,56,87,19,50,30,41,63,44,90,80,94,88,22,61,33,34,42,72,75,42,45,38,47,35,80,75,68,96,79,78,,47,95,61,83,23,42,78,75,141,10,81,34,104,29,14,57,89,98,39,63,44,56,67,61
20170820,0,O3_24h,138,147,129,138,140,128,147,142,133,168,130,148,,,120,,125,113,124,,119,135,124,,167,98,,121,153,126,102,106,84,134,151,131,170,160,132,155,158,140,144,140,134,115,100,106,120,153,145,131,150,150,143,168,180,175,158,192,106,106,117,115,97,149,170,,168,141,150,152,123,151,143,138,152,158,132,184,,178,134,162,182,150,189,167,209,183,195,184,207,204,187,167,137,131,147,,138,162,140,118,144,,186,104,121,108,130,142,158,121,117,117,122,88,79,77,,84,82,76,87,66,53,143,126,95,,105,109,96,116,119,88,107,102,252,216,267,254,235,237,224,234,234,229,125,159,163,155,128,111,147,136,177,166,144,123,145,170,160,129,156,210,242,205,222,250,74,,,,116,104,,96,101,101,,169,207,188,,158,202,203,220,190,209,225,131,186,,,,161,131,,129,179,154,180,134,,179,92,111,89,115,89,152,164,,99,,57,,55,166,138,87,205,168,183,149,172,184,169,149,150,168,243,208,,147,173,131,209,210,163,230,205,185,,,199,,194,187,,168,183,143,136,104,133,,169,173,145,112,133,167,159,150,79,103,104,119,85,131,157,125,130,95,199,,181,217,212,202,272,106,89,126,133,107,132,131,133,143,,144,145,192,210,169,183,225,232,,133,128,116,124,136,125,124,101,101,110,118,113,112,106,112,102,92,124,112,101,105,120,118,118,102,127,94,114,131,102,135,101,105,101,93,105,86,96,222,206,,187,170,180,277,183,200,185,200,84,118,64,22,69,196,30,53,67,57,196,56,52,61,61,270,282,262,212,226,180,208,196,151,173,136,115,142,136,148,122,269,288,244,250,194,163,161,180,162,132,156,154,141,146,66,132,106,92,83,105,57,68,18,50,55,53,36,280,,270,182,177,205,199,158,186,199,,206,167,229,245,186,,126,199,230,180,171,,156,137,70,62,67,72,56,60,60,60,63,87,69,54,82,74,66,69,92,62,91,93,73,86,121,105,119,113,105,107,100,135,120,104,83,112,114,134,99,227,88,119,88,,93,129,155,,,,168,188,120,127,122,113,163,,126,97,75,96,95,99,124,130,126,142,146,55,130,105,93,186,194,199,190,193,195,186,182,183,184,164,148,160,155,138,89,93,84,95,166,181,142,154,161,158,160,209,194,200,229,,108,,83,100,102,81,150,,,199,,184,115,119,126,110,124,122,128,103,136,81,118,92,114,114,144,137,144,159,156,,119,,118,,102,148,149,151,120,144,119,116,124,106,148,125,124,120,119,101,,250,216,243,278,261,140,144,109,115,140,125,56,45,45,52,59,45,61,77,84,82,152,116,114,68,70,56,125,141,123,60,71,63,215,212,,209,203,,140,125,153,168,91,102,98,58,,,172,172,154,164,,146,170,182,151,140,145,,156,157,,202,174,216,220,169,120,131,133,138,140,120,103,99,107,,102,102,109,88,105,92,,138,128,112,116,83,135,77,96,84,89,95,83,156,191,147,137,145,78,64,78,71,64,,62,96,111,104,102,103,88,85,96,79,88,95,114,114,84,100,135,160,120,185,,150,143,150,121,101,120,109,101,94,129,110,124,122,115,,137,142,126,113,115,110,110,113,125,114,122,121,105,156,135,152,153,140,125,130,143,111,92,,108,129,111,123,124,142,78,87,98,99,100,110,119,123,102,88,103,94,81,84,73,70,88,67,75,64,68,69,68,76,45,48,95,84,79,81,68,81,32,36,108,94,117,115,108,140,146,150,139,143,96,101,70,71,175,176,178,171,114,,,138,134,124,131,121,174,167,187,185,187,167,92,95,83,,90,83,89,101,124,105,103,98,89,113,95,129,108,97,109,84,92,91,102,90,62,99,90,129,,140,139,106,105,127,96,,135,154,151,151,141,113,77,124,120,90,101,117,96,94,155,146,122,137,110,120,111,87,131,118,148,111,155,52,124,129,107,99,135,117,124,131,111,112,160,212,178,253,240,,207,190,248,301,230,234,145,133,211,145,171,224,204,103,104,99,94,181,196,90,111,,95,137,149,,,73,62,96,111,134,126,112,103,114,117,109,,199,202,130,121,127,123,140,143,195,183,165,176,161,163,,154,163,141,131,,136,121,169,162,185,175,,130,156,162,160,83,101,102,105,,142,137,163,200,,,116,112,141,150,161,155,140,107,86,83,100,99,111,100,108,114,165,111,121,149,110,112,110,103,127,123,88,91,96,82,81,77,90,80,,104,122,63,62,76,71,91,82,131,80,92,97,116,123,72,107,87,77,84,55,93,114,97,82,99,120,140,149,85,83,89,89,68,90,,50,75,52,59,62,58,,61,72,71,,65,86,90,87,94,86,101,81,102,99,89,61,88,103,111,61,99,130,129,128,104,,97,68,61,70,89,84,90,100,143,134,,100,90,88,82,76,267,270,247,264,245,143,158,154,153,134,138,138,131,151,158,140,132,191,170,170,198,114,117,125,117,78,88,80,85,173,91,86,97,76,69,100,113,105,123,115,171,162,191,168,182,125,127,153,148,100,82,108,86,71,89,94,128,89,97,134,100,142,114,108,129,123,,130,123,144,144,,144,164,128,,130,129,91,98,101,96,103,104,94,102,105,116,109,114,90,92,88,,90,68,68,93,109,112,132,84,144,132,119,122,88,85,69,105,107,99,,99,89,,85,125,102,104,105,93,95,99,78,76,74,74,79,76,75,78,90,84,88,82,86,106,104,105,95,88,144,160,184,172,177,73,81,53,72,77,82,91,78,72,100,61,68,82,71,102,79,63,65,111,121,107,106,76,97,84,118,116,94,109,121,112,114,143,141,107,110,95,102,124,57,67,59,78,73,108,86,110,127,126,135,169,172,207,170,179,183,152,195,157,134,137,121,168,178,186,172,156,144,157,,139,125,98,91,110,122,103,140,110,122,,106,98,,150,149,134,149,95,61,76,66,,112,80,75,72,74,71,85,70,95,80,67,66,66,66,64,71,75,115,123,34,42,54,,63,56,58,76,73,60,72,62,40,67,65,79,57,61,,46,45,48,59,60,11,57,76,79,76,60,55,78,69,73,67,76,68,82,81,67,,131,,77,75,133,159,135,157,169,175,165,174,85,113,121,97,109,116,111,121,97,112,94,102,114,109,87,98,97,101,92,95,80,135,123,105,,134,90,82,133,127,81,79,85,71,94,155,163,170,158,153,158,115,114,107,136,171,117,123,146,128,123,121,115,139,134,173,162,,229,96,88,124,136,123,90,89,90,138,139,112,99,170,154,202,168,128,139,141,170,139,136,129,194,179,180,190,188,65,102,103,123,200,204,64,67,56,91,130,156,131,172,212,114,108,108,164,216,189,129,167,155,174,164,85,174,65,152,58,151,184,158,95,92,69,52,155,119,196,190,191,205,,137,140,139,217,217,129,154,105,197,95,128,47,108,140,165,144,145,164,109,115,117,111,122,155
20170820,0,O3_8h,86,98,94,64,92,94,90,87,86,110,95,78,,,61,,75,70,58,,62,108,108,,104,62,,67,97,80,63,72,60,119,85,72,83,62,67,77,121,73,104,105,81,94,84,90,97,121,106,95,113,112,111,137,148,146,129,148,36,45,45,47,16,70,72,,66,100,103,106,68,87,88,116,123,118,113,114,,125,107,129,118,119,118,124,161,105,122,101,133,155,125,122,72,62,61,,76,64,71,68,83,,91,84,106,96,110,119,141,108,108,101,112,24,22,36,,24,37,40,27,34,20,41,50,34,,29,37,26,35,38,41,74,30,149,130,135,152,117,144,134,124,130,125,30,55,50,49,37,32,48,44,42,100,86,77,95,89,95,77,94,80,74,68,82,73,44,,,,61,50,,61,57,54,,43,49,51,,89,118,105,96,101,110,104,56,84,,,,69,74,,50,68,56,57,51,,59,36,38,31,38,25,43,50,,36,,41,,42,117,51,62,150,44,114,86,102,138,116,59,78,62,90,48,,95,45,34,64,69,52,67,136,135,,,114,,133,130,,91,78,72,65,66,66,,101,109,76,72,76,75,70,67,18,13,18,34,6,29,27,25,48,20,122,,98,97,121,85,118,46,56,62,71,47,60,56,59,76,,72,64,74,93,74,68,82,92,,120,56,88,91,75,97,104,81,81,98,106,94,96,99,100,96,85,90,67,57,66,72,68,58,52,76,67,65,61,67,49,47,68,48,54,63,44,49,105,114,,86,56,93,172,88,118,72,133,20,36,23,11,38,79,12,33,45,34,62,31,35,37,34,158,156,146,103,121,124,98,98,53,84,70,59,88,74,79,73,158,162,141,149,107,93,87,91,80,49,83,112,102,120,21,40,29,37,23,22,14,19,7,26,23,15,17,210,,181,113,123,137,144,83,132,110,,135,119,167,151,111,,76,97,104,77,74,,74,116,41,36,41,40,35,36,30,29,36,51,44,41,53,41,42,37,61,40,62,68,46,66,100,85,88,80,83,71,82,90,106,90,72,70,87,90,66,160,69,78,64,,63,91,95,,,,100,96,80,83,88,82,121,,103,55,48,48,67,58,65,58,68,76,81,48,61,56,50,138,153,138,128,145,129,143,151,142,143,122,80,73,95,75,57,43,41,30,99,100,75,103,95,88,93,58,54,46,88,,80,,55,62,60,56,97,,,104,,100,70,75,92,64,73,86,95,75,82,54,77,79,83,85,72,67,73,90,62,,74,,70,,62,86,91,87,76,100,73,73,87,84,102,83,83,72,77,56,,187,169,178,206,190,39,30,36,28,46,46,28,36,31,43,25,37,38,27,36,28,81,70,72,34,36,35,71,79,72,34,33,28,116,119,,70,59,,51,48,64,50,60,57,54,36,,,142,145,131,109,,106,158,136,116,110,121,,133,131,,114,105,133,189,98,65,72,83,76,90,108,57,64,68,,70,63,78,48,54,53,,82,47,53,62,46,86,32,29,25,29,29,17,85,92,84,69,93,30,24,31,27,27,,30,64,76,75,82,82,27,26,33,47,34,63,66,73,39,66,54,76,58,83,,55,64,58,84,75,96,80,74,74,117,79,116,93,82,,91,91,97,76,87,94,95,96,101,101,108,102,92,134,102,118,100,115,102,110,112,100,83,,98,77,58,74,77,91,48,51,56,79,76,81,95,96,74,64,77,63,52,63,41,43,44,53,42,42,35,44,31,57,33,28,64,63,61,41,31,34,17,18,83,72,82,77,88,93,112,104,112,114,40,58,38,29,122,125,119,127,75,,,72,61,59,64,64,152,133,151,155,166,139,51,63,50,,55,55,65,84,101,87,78,74,65,94,73,52,40,32,48,54,39,60,56,59,40,64,58,95,,114,112,83,80,94,63,,110,123,128,132,126,100,67,107,109,82,81,83,79,74,84,82,84,89,96,100,64,50,50,55,87,68,100,32,60,66,67,61,100,92,92,102,78,84,86,120,104,118,104,,87,86,85,150,120,136,67,70,87,65,72,126,120,63,59,80,64,93,104,49,76,,44,83,92,,,59,48,60,72,82,80,69,84,,100,87,,92,83,122,99,108,112,107,106,146,134,128,121,107,140,,131,137,129,122,,125,99,114,112,115,123,,100,121,116,124,53,59,73,60,,104,108,125,164,,,74,62,94,102,136,126,118,60,55,72,73,50,70,63,63,73,75,42,58,85,71,85,72,58,52,36,20,27,26,28,24,27,25,52,,,50,41,36,44,28,16,28,45,33,47,22,30,33,33,26,42,15,28,7,41,44,38,31,70,48,60,58,72,65,62,66,32,62,,34,49,23,33,33,33,,40,38,52,,53,34,44,48,37,36,47,33,64,42,57,48,61,62,67,43,53,69,42,78,69,,64,42,41,46,56,50,38,45,78,76,,49,44,62,53,59,75,78,72,54,83,48,46,43,61,119,65,65,69,19,23,26,37,109,109,100,61,50,55,56,53,52,48,44,48,36,38,36,52,52,45,60,72,66,73,66,118,123,153,130,128,57,51,64,81,55,51,64,50,43,44,52,68,48,46,59,44,59,61,91,107,98,,103,106,116,114,,111,119,100,,105,109,82,87,90,88,97,98,85,97,64,76,60,63,70,70,66,,44,33,25,34,97,88,87,73,85,78,70,75,58,54,49,71,76,68,,76,70,,72,114,79,90,81,55,62,48,44,48,48,42,48,38,45,53,41,41,45,42,50,71,82,83,77,66,89,75,96,102,118,54,54,33,52,56,57,59,52,43,64,40,51,46,41,68,32,23,18,43,50,50,48,34,41,45,46,46,35,86,79,68,72,45,60,57,45,52,57,62,30,21,30,60,60,36,26,82,54,65,60,112,115,158,107,126,143,109,150,123,110,111,97,145,122,134,118,121,109,104,,103,67,68,63,66,85,75,93,69,107,,76,62,,128,122,110,125,85,26,34,26,,98,50,56,52,55,57,63,50,74,67,48,47,45,46,45,26,32,80,87,18,20,39,,43,43,45,61,50,30,47,31,14,17,24,26,47,49,,39,36,31,38,20,10,52,43,45,44,32,22,57,41,42,34,58,53,56,52,54,,116,,61,59,78,88,87,77,128,134,130,139,75,67,72,54,50,94,92,90,69,99,62,68,72,76,70,81,54,58,75,83,72,108,97,86,,110,68,75,99,97,52,59,74,49,81,112,107,110,108,110,115,92,82,80,93,112,80,74,98,86,85,102,87,111,100,167,125,,164,73,60,97,91,85,80,84,83,86,92,80,51,59,135,105,64,85,95,99,141,130,93,28,49,76,56,118,118,38,74,62,78,109,103,51,34,36,73,78,95,94,127,125,104,68,66,76,99,142,80,115,97,110,83,70,107,40,47,38,76,82,53,55,54,38,33,82,86,142,150,122,124,,65,110,83,131,62,74,119,93,164,54,88,42,95,60,67,84,119,93,65,90,68,84,72,105
20170820,0,O3_8h_24h,111,133,117,104,120,122,128,128,119,150,124,135,,,105,,110,100,113,,104,124,115,,144,92,,102,121,103,90,85,72,124,138,116,144,132,116,140,140,130,138,132,125,100,98,94,103,131,120,117,132,134,122,159,170,166,148,182,89,94,98,105,70,116,126,,122,120,131,132,105,134,125,121,132,137,118,148,,148,119,146,143,131,158,142,188,168,187,173,192,188,176,152,114,113,118,,110,93,113,101,112,,138,95,112,96,111,119,141,108,115,105,112,64,61,65,,70,68,67,76,58,43,107,104,84,,89,94,78,97,96,79,100,85,217,194,196,224,199,217,199,205,204,202,96,126,129,127,103,89,121,112,144,139,122,105,130,139,142,118,147,170,176,155,170,178,54,,,,89,81,,82,83,85,,123,150,142,,148,187,176,184,167,176,196,131,147,,,,125,118,,117,158,93,140,107,,142,66,78,65,79,57,93,107,,68,,42,,47,155,124,82,190,146,163,134,142,176,147,137,122,140,162,154,,132,136,105,155,147,125,161,177,159,,,150,,180,169,,143,142,124,110,98,109,,153,154,129,104,123,133,130,108,67,77,94,101,62,105,118,102,109,79,180,,173,170,186,157,188,77,82,112,123,94,124,114,124,129,,131,105,140,158,125,129,154,161,,120,114,106,109,115,109,115,93,87,101,108,98,98,100,104,96,86,105,96,90,94,105,105,99,89,106,86,97,111,98,111,96,97,94,90,100,83,91,177,172,,151,132,148,232,151,153,137,166,60,80,41,18,54,148,27,48,57,36,152,48,40,50,51,230,221,202,178,187,152,156,154,106,136,112,88,118,109,124,103,233,243,208,219,158,128,134,148,136,96,132,135,121,134,47,94,76,72,67,74,46,57,11,41,42,41,29,236,,231,154,158,175,179,120,157,171,,178,151,212,213,155,,119,153,161,141,134,,118,118,61,55,60,61,51,54,50,50,55,74,60,48,72,62,57,58,77,56,79,81,63,83,108,90,102,94,92,87,89,111,111,94,76,95,100,104,76,169,74,92,79,,78,116,123,,,,140,144,104,112,114,103,146,,115,87,60,88,82,92,100,102,104,116,121,53,112,86,87,168,181,177,177,175,176,172,170,166,166,154,130,137,142,118,80,79,69,77,144,150,131,137,141,136,142,156,146,132,191,,93,,66,75,72,69,136,,,159,,152,104,107,112,100,109,104,120,98,123,64,97,84,97,98,118,108,117,128,116,,96,,93,,86,126,130,127,100,116,95,82,100,92,123,111,107,110,113,92,,225,199,211,249,231,108,100,85,88,99,99,47,43,43,46,50,42,53,65,75,65,128,112,102,56,52,44,117,123,113,51,54,55,168,172,,167,161,,115,105,132,132,76,85,86,52,,,149,151,140,156,,135,165,170,143,127,139,,150,150,,170,150,184,220,137,107,122,124,124,124,112,84,83,90,,91,86,95,71,90,84,,122,106,93,98,74,113,66,68,67,77,80,65,128,152,125,113,122,66,57,69,60,60,,55,90,102,100,97,99,77,72,82,74,78,87,104,100,79,86,105,135,102,146,,125,123,126,113,91,113,100,96,88,124,103,116,107,96,,114,112,110,96,100,98,99,101,101,104,111,107,94,134,117,135,129,116,104,110,119,100,84,,100,110,95,107,111,118,69,76,85,91,86,104,103,115,90,75,94,88,75,79,58,64,81,58,68,60,65,64,55,68,41,45,86,78,75,71,39,72,29,31,98,82,108,100,100,128,136,134,131,131,78,78,64,57,164,166,160,160,100,,,111,108,99,108,102,160,152,170,166,177,157,84,86,75,,81,74,79,92,109,94,88,88,81,102,82,105,91,79,100,74,76,74,84,74,53,87,79,108,,121,119,96,94,105,72,,122,133,140,136,133,107,72,119,116,89,97,112,89,87,120,116,103,110,96,112,96,78,110,100,123,96,141,48,104,123,99,94,116,102,103,114,95,99,120,152,139,222,191,,173,159,183,229,197,197,121,117,181,127,146,170,142,88,90,95,90,148,165,75,96,,83,121,129,,,67,58,83,86,102,99,86,97,92,111,104,,170,144,124,110,118,118,128,128,186,174,155,172,151,153,,144,152,129,122,,125,112,146,143,154,152,,118,139,152,148,76,91,97,100,,135,128,148,187,,,102,97,135,144,154,146,135,95,74,80,90,95,93,89,94,98,141,90,108,135,102,103,100,98,112,101,77,75,79,74,73,66,74,69,,87,120,58,61,67,64,60,66,102,70,80,84,84,103,68,86,78,66,74,45,88,100,92,77,92,90,110,123,81,81,82,86,65,70,,43,61,32,47,54,45,,46,56,55,,53,65,73,72,81,70,77,68,87,82,81,48,82,92,96,55,91,108,97,104,80,,71,56,54,61,68,69,66,70,117,108,,81,74,75,72,65,196,203,192,183,186,120,132,127,127,121,130,130,124,106,115,108,110,162,149,143,164,99,102,114,106,66,78,70,75,90,82,74,89,67,65,95,110,98,116,109,160,151,176,156,173,108,117,132,134,92,71,96,76,66,82,82,112,79,89,102,77,103,105,94,111,103,,117,112,128,127,,124,141,112,,115,115,85,91,96,88,97,98,85,97,94,107,97,103,80,81,78,,73,61,60,75,98,96,106,80,110,104,94,99,76,74,67,94,99,91,,89,82,,80,114,86,90,92,82,88,90,68,71,69,70,76,72,69,72,82,74,76,73,79,92,96,92,86,78,121,138,155,150,161,67,77,47,67,71,78,86,74,68,91,51,64,74,62,91,70,55,55,97,103,93,96,57,73,66,79,89,68,104,112,106,106,101,107,97,90,80,90,110,52,51,54,72,68,83,70,87,82,96,88,158,159,203,164,159,162,135,181,145,125,127,114,154,147,155,141,143,130,142,,130,108,93,89,94,113,85,118,84,111,,98,90,,142,140,129,141,92,51,62,50,,110,73,71,65,67,64,69,64,88,74,60,58,58,58,57,62,63,102,108,32,39,49,,57,51,51,74,71,51,64,49,32,44,52,61,52,56,,43,42,44,53,46,11,52,68,69,67,52,44,71,61,66,57,65,60,75,74,60,,125,,73,71,114,128,115,130,156,162,153,161,85,93,98,74,82,105,102,117,78,106,87,85,86,88,79,89,92,96,78,85,72,121,111,97,,126,85,75,124,115,72,74,76,59,89,124,126,134,136,128,135,115,101,100,129,163,106,111,128,122,118,114,110,132,122,167,153,,215,90,86,117,122,114,87,86,86,125,130,105,87,125,150,165,140,115,124,114,159,130,121,90,142,157,145,174,162,48,83,84,99,161,165,58,55,50,81,81,142,131,152,193,106,98,94,123,177,174,116,153,134,139,129,80,152,46,118,48,123,139,106,80,76,61,44,132,108,178,170,152,180,,116,124,113,187,167,119,140,100,183,92,122,45,95,115,142,128,132,128,93,100,109,94,95,137
20170820,0,CO,1.1,0.9,1.2,0.8,1.1,0.9,1.1,1.8,0.9,1.2,0.9,1.4,,,2,,0.8,0.6,,,1,0.6,0.8,,0.7,1.1,,1,0.8,0.7,1.6,0.8,0.6,0.8,1.1,1.4,2.1,2.6,2.3,1.6,0.5,0.4,0.4,0.4,0.5,0.8,0.9,0.9,0.9,0.6,0.8,0.9,0.5,0.7,0.9,0.4,0.4,0.4,0.5,0.5,0.5,0.7,0.5,0.6,0.6,1,0.7,,0.8,0.7,0.3,0.2,0.6,0.4,0.6,0.3,1,0.9,0.8,0.8,,,0.9,0.7,1,0.9,1.1,0.8,0.9,1.7,0.9,1.2,1.2,1.1,1.3,1.1,0.7,0.9,0.7,,0.6,0.8,0.7,0.8,0.9,,1.2,0.8,0.7,0.8,0.9,0.6,0.8,0.7,0.9,0.7,0.7,1,1.1,1,,1.1,0.7,1.2,0.8,0.9,0.9,0.8,1.1,0.6,,0.4,0.5,0.5,0.6,1.6,0.5,0.2,0.7,0.3,0.6,0.4,0.6,0.6,0.6,0.6,0.6,0.5,0.5,0.5,0.5,1.4,0.8,0.5,1,1.4,0.6,0.7,0.3,0.7,0.5,0.3,0.9,0.4,1.1,0.8,0.6,0.4,0.3,0.4,0.4,0.3,,,,0.6,0.5,,0.5,0.5,0.3,,0.9,0.1,0.2,,0.3,0.4,0.6,0.6,0.5,0.5,0.7,1,0.4,,,,0.3,0.2,,0.7,0.6,0.5,0.3,0.7,,0.5,0.6,0.3,0.3,0.3,0.3,0.7,0.5,,0.7,,0.7,,0.5,0.6,0.8,0.6,0.9,0.7,0.8,0.7,0.6,0.7,0.7,0.9,0.7,0.9,0.5,1,,0.5,0.5,0.4,0.5,0.4,0.4,0.6,1.1,0.7,,,0.7,,0.8,0.9,,,0.4,0.4,0.6,0.5,0.2,,0.5,0.4,0.5,0.5,0.7,0.7,0.5,,0.7,1,1.1,1.1,1.1,0.6,1.1,0.8,0.5,1.1,0.2,,0.6,0.5,0.4,0.3,0.3,0.3,0.4,1.3,0.8,0.6,1.2,1,1,0.5,,1.5,0.9,0.9,0.7,0.5,1,0.6,0.8,,0.3,0.3,0.4,0.4,0.9,0.5,0.4,0.2,0.6,1.3,1.2,1.5,1.6,1.3,1.7,1.7,1.2,1.5,0.8,0.8,0.6,0.7,0.6,0.5,0.8,0.5,0.7,0.8,0.8,0.5,0.8,0.7,0.9,0.8,0.5,0.4,0.6,0.8,0.9,0.8,,1,0.8,0.9,1.1,1,0.6,1,0.8,0.7,0.8,0.6,0.7,0.8,0.8,0.5,0.6,0.6,0.7,0.5,0.3,0.3,0.4,0.6,0.7,1.1,0.9,0.8,1,0.7,1,1,0.7,0.5,0.6,0.6,0.3,0.5,0.4,0.4,0.8,0.8,0.6,0.7,0.6,0.9,0.9,0.8,0.6,0.6,1.3,1.1,0.7,0.7,1,1.1,1.1,0.8,1,1,0.9,1.1,0.5,0.5,0.7,0.6,0.6,0.5,,1,0.6,0.9,0.7,1.3,1,1,0.8,,0.8,0.6,0.5,0.8,1,,0.8,0.6,1.1,1,0.9,,0.6,0.2,0.5,0.3,0.6,0.6,0.5,0.5,0.6,0.4,0.6,0.5,0.7,0.8,0.8,0.4,0.7,0.7,0.4,0.7,0.5,0.4,1,0.5,1.1,1.4,1.2,1.3,1.1,1,1,1.7,1.2,1.2,1.3,1.4,1.2,0.5,1.1,0.3,0.3,0.5,0.4,,0.9,0.5,0.5,,,,0.7,0.4,1.1,1.1,0.9,1.4,0.7,,0.8,0.9,1,1.2,1.4,0.9,0.6,0.8,0.5,0.2,0.8,0.3,0.5,0.7,1.1,,1.3,1.8,1,0.9,1.1,0.8,1.1,0.7,0.6,0.9,1,2.3,1,1.1,1.4,0.7,0.8,1.1,0.9,0.9,0.7,0.6,0.9,0.9,0.6,0.6,0.6,0.7,0.7,,0.4,,0.7,0.7,0.4,0.7,1.2,,,0.7,,0.7,0.9,0.8,,0.8,1.1,1.1,1.6,0.8,1.7,0.4,0.3,0.7,0.3,0.4,0.5,0.3,0.5,0.3,0.5,,0.5,,1.2,,0.4,1,0.8,1.3,1,0.4,0.8,0.4,0.4,0.3,0.4,0.4,0.5,0.4,0.6,0.5,,0.9,0.9,0.7,0.9,0.6,0.6,0.6,0.6,0.8,0.5,0.5,0.6,0.4,0.7,0.4,0.4,0.6,0.3,0.5,0.5,0.5,0.8,0.7,0.7,0.6,0.7,0.5,0.9,0.9,0.9,0.5,0.5,0.6,1.1,1.4,,0.9,0.8,,0.7,1,1,0.7,0.6,0.8,0.7,0.3,,,0.9,1.2,1.3,1.2,,1.1,,1.1,1.2,1.3,1.2,,1.3,1.3,,2.1,2.3,1.9,,2,1.8,1.1,1.1,1.2,1.6,0.8,1.1,0.5,0.5,,0.4,0.8,1.3,1.1,1.2,1,,1,1,0.5,0.7,0.5,0.6,0.9,1,1.2,1.3,1,0.9,0.7,0.7,0.7,0.9,0.6,0.8,0.7,0.6,0.9,0.6,,0.5,0.7,0.9,0.3,0.6,0.3,0.3,0.8,0.4,0.6,0.4,0.7,0.5,0.4,0.7,0.6,0.7,0.8,0.5,0.7,,1.5,1,1.2,0.9,0.5,0.6,1,0.3,0.3,0.6,0.3,0.6,1.3,2,,1.4,1.7,2.7,2.3,1.6,1.8,1.4,1.7,4.4,0.9,1,0.7,1,,1.3,1,0.8,1.3,1.1,1.4,1.4,1,1,,1.1,0.8,1.1,1,1.3,0.7,0.7,0.7,1,0.2,0.6,0.7,0.4,0.5,0.6,0.7,1.3,1.2,1.1,0.6,1.2,1.2,1.2,1,0.4,0.8,0.6,0.6,0.6,0.2,0.8,0.9,0.7,0.8,0.6,0.8,0.8,0.8,0.6,0.4,0.6,0.6,0.6,0.6,1,1.2,1.1,1.3,1.1,1.1,2,0.1,1.2,0.9,0.5,0.6,0.7,0.6,1.1,,,1,0.7,0.7,0.7,0.9,0.9,0.6,0.6,0.6,0.5,0.7,0.9,0.5,0.3,,0.3,0.9,1,1.1,1.1,1.3,1.2,1.6,1.6,1.7,1.5,1.3,1.3,1.4,1.6,1,1,1.3,1.2,1.2,1.3,1.3,1.2,0.9,,0.9,0.8,0.3,0.3,0.2,0.7,,0.4,0.2,0.2,0.8,0.3,0.6,0.5,0.8,0.6,3.1,1.5,2,0.6,0.6,0.6,0.7,0.8,0.2,0.4,0.7,0.2,,0.6,0.2,0.5,,0.4,0.6,1.1,0.4,0.5,0.3,0.5,0.3,0.4,0.5,0.3,0.3,0.6,0.8,0.8,0.5,0.4,0.8,0.9,0.4,0.3,0.3,0.4,,0.6,0.7,0.5,0.5,0.5,0.5,0.6,0.3,0.5,0.8,,0.3,0.3,0.6,0.9,,0.8,0.7,0.5,,,0.3,0.3,0.5,0.3,0.5,0.3,0.4,1.2,,1.2,1.2,,0.7,0.4,,1.6,2,1.7,1.7,1.2,1.1,1,1.3,1.6,0.9,1.1,,1.1,1,1.2,1,,1.3,1.2,1,1,0.9,1.9,,2.3,1,0.6,0.5,0.6,0.6,0.5,0.5,,0.7,0.5,0.3,0.4,,,0.3,0.4,0.5,0.6,0.4,0.4,0.4,0.8,0.8,1,1.1,0.4,0.5,0.4,0.4,0.5,0.6,0.5,0.3,0.3,1,0.7,0.5,0.4,0.8,0.6,0.9,1.1,1,1,0.9,0.7,1.2,1.1,,,0.2,0.8,0.6,0.6,0.5,0.5,0.5,0.4,0.5,0.6,2,0.7,1,,0.4,0.5,0.2,0.5,0.2,0.4,0.3,0.5,0.8,0.3,0.5,0.9,0.4,0.6,0.6,0.5,0.6,0.4,0.8,,0.5,0.7,0.6,0.7,0.7,0.4,,0.5,0.4,0.3,,0.3,0.7,0.4,0.7,0.5,0.6,0.5,0.8,0.3,0.7,0.4,0.6,0.4,0.6,0.6,1.1,0.4,0.3,0.3,0.4,0.8,,0.2,0.3,0.3,0.6,0.2,0.3,0.2,0.4,0.8,0.7,,0.9,0.7,0.4,0.5,0.4,0.7,0.6,0.6,0.5,0.7,1.1,1.1,0.8,0.9,0.6,1,1,0.9,0.6,0.8,0.7,0.8,0.6,0.7,0.7,0.7,1.2,1.1,0.9,1.2,0.3,1.1,0.7,0.9,0.6,0.5,0.7,0.7,1.2,0.7,0.9,1,0.3,0.4,0.3,1.3,1.1,1,0.7,1.3,0.8,0.4,1.3,0.7,0.8,0.5,0.8,0.7,0.6,0.7,0.8,0.4,0.3,0.9,1.4,1.1,0.8,1,3.3,2.2,2.2,,1.1,0.9,0.9,1,,0.9,1,0.9,,0.9,0.9,0.9,1,0.9,1.3,0.9,1.5,1.1,1.1,1,0.6,0.7,0.6,0.7,1,1,,0.8,1,0.9,1.1,0.7,1,0.7,0.5,0.3,0.8,0.8,0.8,0.7,0.6,0.9,0.6,0.8,0.8,,0.8,0.7,,1.2,0.8,1.1,0.8,1.2,0.9,0.6,0.8,1.2,0.9,0.7,0.6,1.8,0.6,0.8,0.6,0.6,0.5,0.7,0.6,0.6,1,0.4,0.8,0.8,0.8,1.3,2.3,1.7,1.6,1.2,0.4,0.4,0.6,0.3,0.4,1.1,1.4,1.1,1.1,1.4,0.9,2.3,1.5,1,0.7,0.8,1.1,1.4,1,0.9,1,0.6,0.8,0.6,,1.3,1.2,0.6,0.4,,0.7,1,0.7,1.5,1.4,1.3,1.1,1,1.5,0.4,0.7,0.7,0.5,0.6,0.7,0.4,0.7,0.7,0.5,0.7,1,0.4,0.6,0.7,0.4,0.6,0.5,0.4,0.6,0.6,0.7,0.7,0.3,0.4,0.4,0.4,0.5,0.9,1.4,,0.6,0.5,0.6,0.6,0.6,0.8,0.5,0.6,0.7,0.3,,0.7,0.7,,0.5,0.8,0.7,0.6,0.6,0.8,0.4,0.5,,0.5,0.7,0.6,0.6,0.7,0.5,0.4,0.5,0.2,0.5,0.4,0.4,0.5,0.5,0.4,0.8,0.9,0.6,0.6,1.1,1,0.6,,0.5,1.3,0.8,0.4,0.8,0.9,1,0.8,0.4,0.3,0.8,1,0.6,0.8,,0.3,0.3,0.7,0.7,0.7,0.1,0.6,0.7,0.7,0.7,1.5,1,0.9,0.4,0.9,1.4,0.4,0.4,0.4,,1.1,,0.2,,0.3,0.2,0.5,1,0.9,1.1,1.1,1.2,1.4,1.2,,0.8,0.7,0.6,0.8,0.3,0.5,0.2,0.5,0.8,0.5,0.4,0.4,0.4,0.6,0.6,0.7,0.5,0.9,1,0.9,0.1,0.3,0.4,,0.8,0.8,,1.2,0.7,0.9,0.6,1,0.5,0.6,0.8,0.7,0.7,0.4,0.4,0.5,1.9,1.1,1.2,1.7,1.2,2.4,2.6,0.3,1.9,1.1,0.7,1,1.1,0.7,1.2,1.5,,1.2,1.6,1.7,1.1,1.5,1.8,0.8,0.7,0.7,1.6,2,0.8,1.1,0.4,1.2,0.9,0.9,0.8,0.9,1.3,1,1.5,1.8,0.5,0.5,0.5,0.4,0.8,0.9,0.5,0.3,0.6,0.3,0.8,1.1,0.7,4.7,0.7,0.8,0.2,0.8,0.9,0.6,0.8,0.5,0.6,0.4,0.8,0.6,0.8,0.9,1.2,,0.4,0.5,1.5,0.3,0.4,0.4,0.7,0.3,0.6,0.7,0.4,1,0.8,0.5,0.6,0.6,0.8,0.5,0.5,2.3,,1.1,1.1,1.2,1,1,0.7,1.1,0.4,0.5,1,0.6,0.4,1.1,1.5,0.2,0.7,1.2,0.3,0.7,0.1,0.3,0.5,0.3,1.1
20170820,0,CO_24h,1.1,0.8,1.1,0.9,1.1,0.9,1,1.1,0.9,1,0.9,1,,,0.9,,0.7,0.5,1.2,,0.9,0.7,0.7,,0.7,0.9,,0.8,0.8,0.6,1.4,0.7,0.5,0.7,1.8,1.8,1.7,1.8,2.2,2,0.5,0.5,0.5,0.6,0.6,0.8,0.9,0.9,0.9,0.6,0.6,0.7,0.6,0.5,0.7,0.5,0.5,0.6,0.8,0.6,0.5,0.5,0.5,0.6,0.5,1.3,1,,1.1,0.9,0.4,0.3,0.6,0.4,0.7,0.6,1.2,0.9,1,1,,1.2,1.1,0.8,1.3,1.2,1.3,1.1,0.8,1.2,0.8,1,1,1.1,1.2,1.2,0.8,1,0.9,,0.8,1,0.9,1,1,,1,0.8,0.8,1,1,0.6,0.9,0.8,0.9,0.8,1.3,0.9,1,1.1,,1,0.7,0.8,0.8,0.9,0.8,0.6,0.9,0.6,,0.4,0.6,0.6,0.6,1.2,0.3,0.3,0.7,0.4,0.8,0.5,0.8,0.8,0.7,0.8,0.6,0.7,0.5,0.8,0.6,1.6,1.1,0.9,1.3,1.2,0.8,0.9,0.4,0.7,0.5,0.3,0.9,0.4,1.1,0.8,0.8,0.6,0.5,0.7,0.5,0.5,,,,0.9,0.6,,0.6,0.7,0.4,,1,0.3,0.4,,0.5,0.6,0.7,0.7,0.7,0.8,0.9,1,0.6,,,,0.6,0.5,,0.9,0.9,0.8,0.5,0.8,,0.7,0.8,0.4,0.4,0.4,0.5,0.8,0.5,,0.8,,0.8,,0.5,0.6,0.8,0.6,0.7,0.7,0.8,0.8,0.7,0.6,0.7,0.9,0.7,0.8,0.6,0.8,,0.5,0.4,0.4,0.6,0.5,0.5,0.8,1.1,0.7,,,0.7,,0.8,0.9,,0.2,0.6,0.6,0.6,0.6,0.3,,0.6,0.5,0.5,0.5,0.7,0.7,0.6,0.7,0.5,0.7,0.8,0.9,0.8,0.4,0.9,0.7,0.5,0.9,0.2,,0.6,0.7,0.5,0.4,0.3,0.4,0.4,1.4,0.6,0.5,1.1,1,0.9,0.6,,1.5,1.1,1.5,1,1,1.3,1.2,1.1,,0.3,0.3,0.4,0.4,0.6,0.6,0.5,0.2,0.7,1,1,1.2,1.3,1,1.4,1.5,1,1.3,0.7,0.7,0.6,0.6,0.7,0.5,0.7,0.5,0.6,0.8,0.6,0.5,0.6,0.6,0.5,0.6,0.4,0.4,0.6,0.7,0.7,0.6,,0.7,0.7,0.7,0.8,0.8,0.6,0.8,0.6,0.6,0.7,0.6,0.7,0.7,0.8,0.6,0.6,0.6,0.4,0.6,0.3,0.4,0.4,0.5,0.5,0.9,0.7,0.5,0.7,0.6,0.7,0.7,0.8,0.5,0.5,0.6,0.2,0.5,0.4,0.4,0.7,0.9,0.7,0.7,0.6,0.7,0.6,0.6,0.7,0.5,0.9,0.9,0.7,0.5,0.9,1,1,0.8,0.9,1,0.8,0.9,0.5,0.5,0.6,0.5,0.6,0.5,,0.7,0.6,0.8,0.6,1.1,0.8,0.8,0.6,,0.7,0.5,0.4,0.8,0.8,,0.7,0.6,1,0.9,0.8,,0.6,0.2,0.4,0.4,0.6,0.5,0.4,0.4,0.5,0.4,0.5,0.6,0.8,0.6,0.9,0.5,0.8,0.8,0.4,0.7,0.4,0.5,0.7,0.5,1.3,1.6,1.4,1.5,1.3,1.1,1.2,1.6,1.3,1.4,1.4,1.4,1.3,0.7,0.8,0.4,0.6,0.6,0.5,,0.9,0.7,0.6,,,,0.8,0.5,0.7,0.9,0.7,0.8,0.7,,0.8,0.7,1,1.2,0.7,0.8,0.4,0.5,0.5,0.6,0.7,0.3,0.5,0.2,0.9,1,1.3,1.5,0.9,0.9,1,0.8,1.2,0.7,0.8,1,0.7,1.7,0.8,0.9,0.8,0.6,0.7,1.1,1.2,1.2,0.9,1,1,1.2,0.8,0.6,0.6,0.7,0.6,,0.5,,0.8,0.9,0.7,0.9,0.9,,,1.2,,1.1,1.1,1,1.4,1,1.1,1.1,1.4,0.9,1.5,0.4,0.4,0.7,0.3,0.3,0.7,0.5,0.7,0.5,0.6,,0.5,,0.7,,0.4,1,0.7,1.1,1.3,0.6,1.2,0.5,0.4,0.4,0.5,0.5,0.6,0.6,0.8,0.7,,0.9,0.9,0.8,1,0.7,0.7,0.6,0.6,0.7,0.6,0.6,0.6,0.4,0.7,0.4,0.5,0.6,0.4,0.5,0.5,0.4,0.8,0.8,0.7,0.6,0.7,0.5,0.8,0.7,0.9,0.5,0.6,0.7,1,1.2,,0.9,0.8,,0.7,0.9,0.9,0.7,0.7,0.7,0.6,0.5,,,0.9,1.2,1.1,1.2,,1.2,1.2,1.4,1.2,1.3,1.2,,1.3,1.4,,1.5,1.6,1.3,1.5,1.4,1.3,0.9,0.9,1.1,1.4,0.9,1.1,0.6,0.5,,0.8,0.9,1.8,1.4,1.1,1.1,,0.9,0.8,0.6,0.6,0.5,0.8,0.9,1.3,1.2,1.1,1,0.8,0.8,0.8,0.6,1.2,1.1,0.7,0.7,0.5,0.7,0.5,,0.4,0.8,0.8,0.3,0.7,0.3,0.3,0.6,0.4,0.4,0.4,0.6,0.5,0.4,0.6,0.6,0.8,0.9,0.6,0.9,,1,0.9,1.1,0.8,0.7,0.7,1,0.4,0.4,0.6,0.4,0.5,1.1,1.7,,1.2,1.4,2.2,1.9,1.1,1.8,1.3,1.5,2.2,0.8,0.9,0.7,0.9,1.5,1.4,1,1.1,0.9,0.7,1,1,1,0.8,,0.9,0.8,1,0.9,1.2,0.8,0.8,0.7,0.9,0.5,0.7,0.5,0.3,0.5,0.6,0.6,1.2,1.1,1,0.7,1,1.2,1.1,1,0.4,0.7,0.5,0.7,0.6,0.3,0.8,0.7,0.6,0.8,0.5,0.8,0.7,0.8,0.5,0.4,0.6,0.6,0.6,0.6,1,1.3,1,1.2,1,1.1,1.7,0.6,1,0.9,0.3,0.3,0.4,0.4,0.5,,,0.6,0.7,0.7,0.6,0.8,0.8,0.5,0.5,0.6,0.4,0.6,0.9,0.4,0.4,,0.3,0.8,0.8,1.3,1.2,1.4,1.3,1.5,1.5,1.6,1.3,1.1,1.2,1.2,1.3,0.9,0.9,1.1,1.1,1.1,1.2,1.1,1,1.1,,1,0.9,0.3,0.2,0.2,1.1,,0.6,0.6,0.4,0.7,0.3,0.7,0.5,0.7,0.8,1.4,1.2,1.8,0.6,0.7,0.8,0.8,0.8,0.2,0.5,0.6,0.4,0.8,0.7,0.4,0.6,0.1,0.6,0.7,1.1,0.5,0.6,0.5,0.6,0.4,0.5,0.6,0.5,0.5,0.7,0.8,0.8,0.7,0.5,1,0.6,0.7,0.6,0.6,0.6,0.8,0.7,0.9,0.8,0.7,0.8,0.6,0.8,0.5,0.7,1.1,0.5,0.6,0.5,0.6,0.8,,0.8,0.7,0.6,,,0.4,0.2,0.5,0.4,0.6,0.4,0.4,0.9,0.8,0.8,0.8,,0.8,0.5,1.6,1.2,1.4,1.2,1.4,1.3,1.1,1.2,1.4,1.5,1,1.2,,1.1,1,1.5,1.3,,1.6,1.4,1.1,1.2,1.2,1.8,,2,1.6,1,1,0.5,0.4,0.4,0.5,,0.8,0.6,0.5,0.9,,,0.5,0.3,0.6,0.6,0.5,0.8,0.5,0.6,0.4,0.7,0.6,0.2,0.4,0.6,0.4,0.8,0.6,0.6,0.3,0.5,0.8,0.7,0.6,0.3,0.8,0.4,0.9,1,0.8,0.8,0.9,0.7,1.2,1,,0.5,0.2,0.8,0.7,0.6,0.5,0.6,0.4,0.4,0.5,0.5,0.9,0.6,0.9,0.4,0.5,0.4,0.4,0.5,0.3,0.4,0.3,0.5,0.6,0.3,0.5,0.5,0.4,0.7,0.6,0.5,0.5,0.3,0.8,,0.5,0.6,0.5,0.6,0.7,0.3,,0.5,0.4,0.3,,0.4,0.7,0.6,0.7,0.8,0.8,0.5,0.9,0.4,0.8,0.3,0.6,0.5,0.6,0.5,1,0.4,0.5,0.5,0.7,0.8,,0.5,0.2,0.4,0.5,0.3,0.4,0.4,0.5,0.7,0.6,,0.7,0.6,0.5,0.6,0.4,0.7,0.7,0.7,0.6,0.7,1.7,1.5,0.8,1.2,0.6,0.9,1,0.9,0.6,0.8,0.6,0.6,0.8,0.9,0.8,0.7,1.1,0.9,1,0.8,0.3,0.9,1,0.9,1.2,0.5,0.6,0.7,1.8,1,0.7,0.9,0.4,0.3,0.3,1.2,0.9,1,0.7,1.2,0.7,1,0.9,0.6,0.7,0.6,0.8,0.7,0.6,0.7,0.8,0.5,0.4,0.9,1.3,1.2,0.8,1.2,1.7,1.4,1.4,,1.2,1.1,1.2,1.2,,1.2,1.2,0.7,,0.7,0.5,0.6,0.6,0.4,1.2,0.8,1.4,1,1,0.9,0.6,0.7,0.5,0.6,0.8,0.9,,0.9,0.7,0.9,0.8,0.7,1.1,0.8,0.5,0.5,0.8,0.9,0.8,1.1,0.7,1.6,0.6,0.8,0.8,,0.8,0.6,,1.1,0.8,1,0.8,1,0.9,0.6,0.8,1,0.7,0.6,0.7,0.7,0.6,0.9,0.9,0.5,0.6,0.7,0.6,0.6,1,0.4,0.8,0.7,1,1.2,1.8,1.6,1.4,1,0.4,0.4,0.4,0.4,0.4,1.2,1.2,1,0.9,1.3,0.9,2.3,1.5,0.9,0.8,0.8,1,1,1.1,0.8,1.1,0.9,0.8,0.8,0.6,1,0.8,0.7,0.6,0.6,0.7,1,0.6,1.1,0.7,1.1,0.8,0.7,1.3,0.4,0.8,0.6,0.4,0.5,0.7,0.4,1,0.7,0.5,0.9,0.8,0.4,0.6,0.7,0.4,0.6,0.5,0.5,0.5,0.6,0.6,0.6,0.2,0.3,0.3,0.3,0.4,0.6,1,,0.4,0.4,0.4,0.4,0.5,0.5,0.4,0.5,0.7,0.3,,0.6,0.7,,0.5,0.6,0.6,0.5,0.5,0.7,0.5,0.5,,0.5,0.7,0.6,0.6,0.7,0.6,0.4,0.4,0.3,0.5,0.4,0.3,0.5,0.5,0.4,0.4,1,0.6,0.6,0.9,0.7,0.6,,0.5,1.3,0.9,0.2,0.6,0.8,0.9,0.7,0.4,0.3,0.8,1,0.6,0.8,,0.5,0.4,0.7,0.6,0.6,0.2,0.6,0.8,0.7,0.6,1.3,0.8,0.9,0.4,0.7,1,0.5,0.5,0.4,0.3,0.9,,0.2,,0.3,0.2,0.6,1,0.9,1,1.1,1.3,1.4,1.2,,0.8,0.7,0.9,0.9,0.7,0.7,0.2,0.5,0.5,0.5,0.5,0.4,0.4,0.5,0.6,0.5,0.5,0.8,1,0.9,0.2,0.4,0.4,,0.9,0.8,0.1,1.2,0.8,1,0.6,1.1,0.5,0.6,1.1,0.9,0.9,0.7,0.7,0.8,1.4,1,1.2,0.8,0.9,1.4,1.5,0.3,1.1,0.7,0.4,0.4,0.9,0.6,1.1,0.4,,0.5,0.9,0.5,0.8,0.8,0.8,0.7,0.7,0.7,0.7,0.7,0.5,1.2,0.4,1.2,0.7,1,0.8,0.8,1.1,1.1,1.8,1.8,0.5,0.6,0.8,0.4,0.8,0.9,0.4,0.5,0.7,0.5,1.1,1.1,0.9,1.8,1.4,1.3,0.3,1.1,1.1,0.4,0.9,0.5,0.4,0.5,1.1,0.7,0.6,0.8,1.3,0.6,0.5,0.6,1.4,0.4,0.5,0.5,0.8,0.7,0.9,0.7,0.7,0.5,1,0.7,0.8,0.5,0.7,0.4,0.5,1.6,,1.1,1.3,0.9,0.9,0.9,0.6,0.8,0.3,0.8,0.6,0.7,0.5,1,1.4,0.3,0.7,1.4,0.5,0.3,0.3,0.3,0.7,0.3,0.9
20170820,1,AQI,63,57,77,48,73,58,65,108,54,65,82,85,,,69,,72,68,,,68,46,50,,73,72,,84,94,77,83,70,88,57,73,69,106,106,91,77,33,48,50,48,52,81,123,100,74,60,77,109,89,88,64,53,49,49,54,64,60,51,45,70,35,45,51,,45,58,60,78,59,69,62,70,67,82,69,61,,,67,53,54,57,52,65,90,73,103,129,109,112,109,94,37,40,72,,38,54,54,40,45,,60,26,26,25,26,29,33,27,31,31,34,50,41,34,,36,13,29,26,24,41,72,82,73,,58,62,69,77,65,64,42,71,32,27,28,30,39,30,25,26,29,26,15,15,15,15,13,11,,15,19,22,18,22,20,18,22,15,20,18,21,20,20,17,20,,,,26,12,,32,15,53,,30,33,31,,17,20,16,20,17,22,19,16,22,,,,24,22,,19,22,20,16,17,,16,20,20,18,15,22,29,,,15,,30,,23,50,54,27,52,39,41,51,53,58,51,30,34,42,39,50,,38,43,55,60,41,44,54,60,51,,,20,,58,50,,53,26,38,26,25,25,,20,19,52,55,54,32,40,,40,31,28,20,33,46,29,18,26,28,63,,43,25,48,54,42,14,29,44,55,55,68,61,84,32,,57,49,65,38,52,60,52,54,,40,26,30,26,44,25,25,52,23,73,70,82,75,78,132,68,70,70,71,66,54,55,66,58,55,73,55,50,63,36,72,62,43,63,55,55,58,58,58,54,,55,57,38,93,53,58,56,55,26,31,18,23,25,39,28,26,22,24,38,18,20,12,18,36,47,39,40,23,40,77,62,19,21,16,13,36,20,23,20,36,42,30,52,27,63,59,62,38,54,59,51,49,55,53,57,52,52,64,55,60,65,14,13,16,21,12,35,,59,28,55,46,57,89,60,55,,40,51,32,42,67,,35,48,34,26,67,,33,53,38,28,22,24,47,39,32,34,53,34,28,25,32,32,31,56,16,11,14,18,19,13,50,56,49,51,55,50,55,98,54,59,42,63,81,46,56,72,51,47,16,,39,33,73,,,,56,52,60,83,102,74,40,,57,53,53,49,52,51,50,58,42,31,37,22,26,46,52,,83,98,114,89,97,79,67,67,82,93,63,62,45,52,41,30,33,46,50,44,39,64,54,58,49,31,30,51,35,,16,,25,24,32,20,64,,,45,,42,34,32,,60,56,36,72,50,46,53,44,40,34,87,29,26,30,34,26,,52,,53,,50,58,57,56,33,26,23,31,34,28,30,28,28,24,24,25,,75,80,58,67,74,26,38,29,35,26,32,28,15,20,19,20,18,10,21,17,32,37,64,57,30,12,49,53,54,46,10,19,17,91,75,,45,40,,39,57,49,,25,52,58,19,,,58,57,72,80,,59,,68,63,58,55,,52,58,,74,103,84,,94,94,85,75,107,93,53,54,54,42,,22,29,24,36,29,25,,63,57,29,57,22,38,38,30,44,78,51,35,63,64,60,64,72,56,41,34,33,44,,19,55,53,54,31,41,47,57,52,70,28,29,38,32,39,23,18,23,19,19,,29,49,34,30,56,50,53,28,54,58,51,33,128,166,,105,125,108,108,64,65,62,57,59,73,74,73,78,64,90,84,97,110,135,115,112,98,110,,117,51,54,49,47,34,51,45,52,36,46,52,51,52,53,54,50,59,55,29,44,67,23,27,22,54,53,57,36,21,12,75,52,51,46,45,58,93,17,23,39,38,41,42,36,48,50,42,59,55,54,18,56,52,77,69,107,58,115,,,102,47,41,38,49,53,51,59,66,53,59,57,49,40,,51,46,52,50,51,55,58,40,49,67,65,65,63,75,73,90,85,107,123,95,112,123,119,63,,53,64,34,41,22,46,,53,36,80,72,41,24,36,44,32,130,111,178,33,28,40,33,41,24,20,32,27,19,,38,30,29,23,15,52,48,22,50,28,23,25,29,27,27,20,24,20,24,20,13,20,18,22,43,20,,21,18,20,14,15,24,23,16,20,17,,19,20,33,38,,46,41,51,,,30,28,42,42,29,17,36,78,,89,98,,60,56,,115,107,100,109,93,49,57,53,,52,64,,56,52,68,63,,54,60,50,50,40,89,,68,53,55,52,29,46,39,45,,155,101,99,67,,,50,54,30,31,46,48,30,114,59,77,89,62,29,33,40,47,64,39,76,42,64,46,55,35,51,48,31,36,31,40,50,38,36,52,,,52,26,32,22,44,52,63,57,42,52,152,18,64,20,78,18,21,25,12,37,49,36,73,23,58,51,30,51,44,48,36,55,26,,58,32,59,41,38,41,,43,48,51,,32,49,55,25,30,46,42,49,38,35,40,72,54,43,40,49,33,33,18,25,32,,27,28,39,46,42,26,18,18,53,51,,68,52,20,22,21,35,51,40,17,24,57,50,53,42,62,53,63,55,55,46,61,52,42,40,30,62,67,74,97,70,14,77,33,71,48,33,52,43,52,59,32,42,39,45,38,122,85,77,82,97,74,68,67,69,48,42,52,52,54,43,49,32,51,47,38,41,53,59,68,66,62,,78,69,80,51,,40,49,80,,80,125,100,109,118,74,35,52,59,68,56,63,58,55,43,48,42,,42,63,64,58,43,49,38,54,61,38,41,38,50,50,51,20,21,20,,43,50,,49,40,39,28,53,35,23,29,59,54,57,34,54,73,40,51,42,60,65,77,69,36,49,55,33,33,29,59,70,58,63,24,39,46,37,35,44,52,50,60,71,37,35,54,59,52,35,57,71,78,75,79,72,144,30,57,61,44,36,52,,48,62,49,63,76,52,64,79,79,16,56,44,50,57,30,26,35,35,42,47,84,77,68,78,46,58,47,67,50,55,45,51,63,53,48,72,46,68,72,,63,58,54,59,,59,57,52,42,50,,25,34,,41,65,60,78,56,18,8,15,,27,13,23,23,23,32,30,55,16,26,28,17,21,21,22,71,57,54,52,52,19,16,,17,18,29,52,64,83,23,31,49,38,46,26,23,26,,22,38,32,31,32,31,19,33,24,19,45,58,52,12,73,119,14,14,19,18,35,,31,,15,18,33,58,62,55,62,45,45,55,,20,20,22,16,28,27,22,45,63,16,19,22,24,38,38,30,45,53,57,52,32,28,51,,34,27,46,53,29,48,22,33,15,33,61,70,58,28,33,51,71,95,55,89,70,181,98,22,65,42,47,74,54,52,73,395,,155,305,215,77,58,81,21,36,19,72,84,47,26,25,57,46,74,72,59,84,62,64,60,48,23,23,39,49,20,42,40,41,28,48,39,16,97,61,50,39,36,20,55,21,28,25,54,65,57,58,52,56,51,52,69,53,26,22,21,23,21,20,14,25,35,21,22,24,28,53,53,45,88,,49,51,127,102,29,94,94,28,58,39,41,18,102,68,20,65,72,29,50,23,48,18,24,70
20170820,1,PM2.5,45,40,56,33,53,41,45,81,38,47,60,63,,,50,,52,49,,,49,32,19,,53,52,,62,70,56,61,51,65,30,46,42,63,48,52,50,14,33,27,8,27,58,93,75,53,43,56,82,66,65,46,37,34,19,35,44,12,9,16,11,17,31,23,,31,41,43,57,42,50,44,47,45,60,48,32,,,48,36,34,40,36,36,67,51,59,98,82,84,82,70,20,27,52,,21,27,38,22,31,,36,17,14,16,14,11,13,13,17,16,11,17,11,10,,10,7,8,14,9,13,23,28,20,,25,21,33,33,30,26,25,35,7,8,13,14,13,21,5,10,,6,10,2,,,9,,,6,,,12,15,4,,15,7,7,9,3,8,14,9,14,,,,18,8,,8,10,18,,21,19,18,,5,10,3,,9,8,,5,11,,,,6,9,,3,9,14,6,9,,6,14,11,12,10,15,20,,,3,,21,,16,31,28,18,33,27,28,33,28,22,32,18,19,29,26,33,,26,30,31,43,22,28,38,43,29,,,9,,34,35,,22,14,26,15,17,17,,14,13,36,39,38,16,18,,13,16,8,13,20,17,20,12,18,12,26,,14,16,27,26,29,9,18,21,15,19,38,26,26,22,,18,15,47,19,29,29,30,29,,5,12,21,6,17,5,6,2,12,50,51,57,55,57,100,49,51,51,29,26,20,20,25,33,18,20,22,20,28,23,36,27,23,22,22,20,25,36,21,19,,36,19,26,69,20,41,24,17,16,17,9,13,16,19,17,12,14,14,24,9,14,5,12,25,25,27,19,8,20,45,44,13,9,11,4,14,13,16,14,21,18,21,20,15,27,32,38,17,25,39,32,34,34,26,38,25,21,26,29,34,31,4,7,11,5,8,17,,42,18,30,14,11,29,33,32,,28,13,14,28,24,,19,33,21,13,27,,22,29,19,19,2,9,15,22,17,19,12,15,14,17,9,22,16,15,4,1,7,2,13,4,24,25,25,33,39,32,34,59,38,37,29,26,38,22,23,27,33,20,9,,27,23,24,,,,27,10,26,19,44,32,23,,16,23,30,34,28,28,35,33,23,11,15,10,18,19,24,,61,73,86,66,72,44,43,48,60,53,44,37,19,33,22,15,20,21,34,24,27,32,37,39,33,15,17,23,13,,10,,11,13,14,9,46,,,31,,27,20,22,,24,32,25,39,28,28,17,14,12,5,49,9,13,13,6,14,,19,,31,,14,25,32,24,15,18,16,7,5,9,5,,5,7,9,17,,55,59,40,48,54,18,26,17,24,18,22,9,10,14,13,14,12,2,6,10,13,24,31,35,12,8,34,32,29,28,6,8,8,50,55,,31,25,,26,40,29,,17,24,19,5,,,31,40,52,49,,42,,49,45,41,39,,36,41,,54,77,62,,70,56,63,55,62,69,34,24,29,27,,15,14,,25,20,17,,45,39,8,18,10,19,11,18,23,14,15,11,44,32,28,42,52,22,13,9,12,15,,13,24,9,23,16,17,11,23,20,20,5,18,26,22,24,16,12,13,13,13,,15,19,16,8,24,20,25,19,30,27,32,16,71,126,,79,95,81,80,45,47,44,40,41,53,54,53,57,46,67,62,72,83,103,87,84,73,83,,88,20,29,23,22,17,23,20,24,25,32,36,30,23,37,32,35,42,39,10,20,33,16,16,15,34,37,25,25,6,8,55,33,28,32,31,22,24,11,4,27,26,25,27,25,30,35,29,42,33,25,10,22,24,56,47,80,41,87,,,76,25,26,26,34,19,33,39,44,36,34,25,19,21,,27,32,26,28,29,27,30,28,34,33,35,27,8,38,53,60,63,80,93,71,84,73,77,29,,35,46,4,24,10,17,,18,22,30,26,7,,16,20,14,51,36,35,17,19,16,18,21,11,14,17,17,12,,26,21,20,13,10,25,18,9,19,,7,3,10,3,3,14,9,10,4,6,,7,3,8,4,12,,4,7,10,,5,7,7,9,14,6,,6,4,23,26,,32,22,23,,,21,19,29,10,9,8,8,40,,66,73,,28,14,,87,80,75,82,69,33,32,30,,31,46,,39,36,49,38,,38,43,22,24,27,51,,49,32,39,33,7,32,26,31,,73,59,49,48,,,20,17,8,10,32,16,16,86,42,56,66,34,15,23,20,19,46,24,43,27,32,29,30,21,29,29,13,25,18,19,14,17,16,9,,,10,11,10,15,18,21,28,17,29,13,31,6,21,11,26,5,5,17,5,20,23,12,24,16,17,21,17,26,28,33,7,16,18,,34,9,42,16,15,16,,27,28,14,,22,17,30,17,19,25,19,26,21,20,25,52,38,21,28,9,23,23,12,16,7,,3,10,15,17,5,6,4,12,19,21,,29,36,10,4,8,24,33,23,6,13,37,33,34,29,44,31,45,34,26,25,27,22,29,28,21,44,48,54,44,38,1,37,8,36,21,23,23,24,13,31,22,29,26,26,26,92,63,56,60,72,54,48,48,50,29,27,27,36,32,30,34,22,34,25,26,18,23,35,46,46,41,,48,50,59,34,,25,34,59,,59,95,75,82,89,54,19,25,26,47,29,45,41,30,30,32,29,,29,41,18,29,30,34,26,28,23,26,23,26,33,34,12,14,14,13,,11,33,,22,28,21,19,37,18,16,20,42,38,40,17,19,31,25,24,29,30,33,56,50,25,17,39,15,11,18,29,29,21,23,12,27,32,23,16,19,19,22,17,27,12,22,38,35,36,11,22,30,57,52,47,43,26,21,21,38,28,25,28,,33,37,34,38,44,36,27,58,58,11,27,18,26,24,14,18,8,8,11,10,62,56,49,47,30,40,21,48,35,39,31,34,26,21,26,52,12,34,32,,29,41,38,42,,34,33,31,29,32,,15,18,,15,27,31,43,11,9,5,9,,8,9,16,13,14,18,21,39,11,10,19,10,10,12,8,8,14,21,34,11,8,9,,5,7,20,28,21,13,9,7,34,26,32,13,13,14,,11,26,22,10,14,17,11,7,13,13,7,17,,8,17,27,6,6,2,2,24,,5,,6,4,23,33,43,30,44,31,31,29,,14,12,15,9,13,9,8,31,45,9,13,2,6,21,21,21,25,37,35,36,9,7,21,,10,16,32,37,20,33,15,23,6,23,19,10,25,5,9,24,18,25,20,30,51,45,33,15,47,26,14,27,27,21,13,99,,106,98,165,28,12,50,11,6,7,30,62,16,15,17,40,32,54,52,42,57,44,46,43,15,16,,27,34,12,22,28,23,17,33,27,8,15,11,9,27,18,11,26,3,16,17,32,47,40,41,36,38,27,19,50,26,18,15,13,14,5,13,1,17,24,13,15,7,14,21,30,18,62,,34,29,96,76,20,70,70,13,41,24,7,11,76,35,14,47,52,11,32,16,22,,14,51
20170820,1,PM2.5_24h,41,42,43,38,43,44,36,42,38,44,42,45,,,36,,36,35,,,32,34,21,,29,34,,55,60,47,68,47,53,38,36,35,47,41,51,40,17,19,28,18,27,74,91,91,67,40,36,52,52,46,41,32,38,16,31,33,13,10,20,14,22,38,33,,39,27,33,37,46,44,47,57,51,60,53,36,,,36,30,35,31,30,33,45,41,44,54,43,43,52,49,16,24,30,,21,27,30,24,26,,31,21,21,20,22,17,26,18,26,20,18,14,12,9,,9,5,6,7,10,12,22,19,12,,25,22,21,23,22,19,14,21,35,36,36,37,29,42,36,33,31,35,16,14,16,12,22,7,15,19,9,27,26,26,21,23,27,26,25,33,32,27,34,29,17,,,,26,16,,12,17,21,,32,30,28,,23,34,25,26,32,29,30,30,27,,,,30,27,,33,38,30,21,24,,24,16,14,14,13,18,20,12,,5,,18,,15,28,27,16,36,28,28,32,31,29,29,20,24,30,32,25,,31,26,25,45,36,36,45,43,27,,,23,,34,35,,29,36,35,22,26,21,,27,21,31,36,41,20,27,,19,25,18,19,24,26,27,22,19,21,35,,36,38,37,43,34,15,27,33,23,20,39,32,30,25,,29,35,45,28,40,42,55,47,,15,15,14,10,16,12,16,10,18,46,51,58,51,51,176,45,44,50,22,17,17,17,31,22,19,25,18,15,26,20,27,25,19,21,22,17,20,26,26,22,,26,24,25,39,19,42,24,26,16,16,16,15,11,23,14,13,14,13,29,8,13,6,14,25,31,28,13,19,24,39,34,17,15,13,7,13,15,18,23,29,28,39,31,20,24,26,23,19,21,32,33,33,29,25,26,22,19,23,29,30,32,7,7,10,9,10,16,,19,13,21,12,9,15,15,17,,14,10,10,15,12,,15,24,24,12,18,,16,18,6,16,5,13,8,11,19,14,6,17,11,16,11,18,24,19,10,6,6,5,9,3,50,46,38,49,53,56,44,59,34,38,37,58,46,26,27,13,25,21,9,,33,34,25,,,,24,18,11,16,18,17,19,,12,19,26,26,21,21,29,27,22,20,20,12,18,18,21,,38,51,54,46,46,54,61,48,61,58,28,46,18,21,14,16,15,17,36,32,31,37,31,29,31,28,24,28,25,,20,,13,15,15,15,42,,,49,,43,29,31,,33,28,28,39,36,31,17,13,11,7,25,24,23,22,24,27,,28,,28,,23,23,24,20,21,22,25,15,9,10,20,18,21,20,19,30,,52,47,47,44,50,18,24,16,27,21,31,10,10,10,11,13,11,5,11,16,21,28,38,39,13,13,19,28,24,28,11,13,13,41,45,,34,25,,27,36,27,,17,21,22,8,,,34,36,43,25,,24,,29,26,36,39,,34,40,,46,53,47,,46,40,48,43,44,34,19,17,18,23,,14,11,11,17,15,11,,27,18,12,16,10,20,12,16,22,12,16,14,27,37,25,28,27,13,10,8,9,10,,7,26,16,21,22,25,16,20,24,20,9,9,19,20,14,17,21,22,22,24,,20,26,19,26,26,26,30,20,28,26,35,16,47,75,,53,63,49,58,52,68,58,58,68,42,42,45,50,67,60,62,59,28,41,32,40,38,42,,36,18,21,18,14,13,21,20,22,23,22,29,18,19,22,24,21,25,25,7,16,22,14,12,15,22,23,17,18,11,9,18,25,25,24,24,32,22,9,7,25,26,24,29,16,24,29,24,33,24,22,18,15,18,32,30,34,22,48,,,39,14,13,21,28,25,28,31,33,32,28,17,19,11,,18,19,16,35,41,36,40,27,35,32,36,32,28,42,41,55,61,61,72,59,77,58,61,29,,36,33,8,12,6,22,,17,21,16,21,7,8,17,12,17,22,35,16,24,24,35,34,16,17,12,8,23,19,22,24,24,24,25,23,21,21,14,24,12,12,16,12,14,13,28,33,29,28,30,,33,32,29,30,31,,14,25,40,39,42,22,22,23,29,23,,30,32,17,21,,26,27,25,,,17,14,23,25,17,17,21,18,,18,23,,34,32,,62,55,45,52,52,39,40,38,,34,31,,24,22,31,25,,27,30,32,22,25,55,,56,34,31,35,7,15,11,26,,39,37,31,37,,,12,9,12,13,37,30,29,25,25,21,27,17,10,18,13,18,31,44,25,26,25,25,27,17,22,26,14,17,13,13,11,19,13,12,,,10,13,11,14,19,27,30,21,25,13,23,5,25,13,18,7,10,10,8,15,17,13,17,12,18,20,16,19,12,14,22,12,13,,39,33,40,14,20,18,,23,26,19,,32,17,21,16,26,31,36,39,25,54,20,49,41,36,20,8,12,20,24,27,10,,19,10,17,17,18,17,11,21,10,17,,24,39,13,9,17,35,53,31,26,37,35,34,31,30,35,29,42,34,34,37,38,33,25,28,22,34,37,36,44,33,5,21,20,22,17,26,30,31,31,38,18,25,25,21,27,56,51,50,54,63,50,52,44,48,28,27,26,26,27,30,33,25,32,29,41,40,42,43,64,57,55,,47,60,54,37,,39,35,33,,32,18,17,19,18,20,15,18,12,17,26,26,24,22,16,14,13,,34,32,29,30,36,39,44,34,35,33,29,42,34,40,19,20,19,20,,9,24,,22,20,19,14,27,22,22,22,28,28,25,18,19,21,20,20,23,29,29,32,30,18,19,29,14,14,12,24,15,12,11,9,20,13,17,15,19,16,18,14,22,21,21,25,26,25,8,19,21,37,40,46,38,20,29,19,19,22,24,28,,28,20,32,40,37,27,25,32,27,12,19,17,21,26,17,25,6,6,10,10,39,33,31,33,28,36,22,30,20,19,21,20,12,9,13,24,17,25,22,,16,22,20,21,19,24,16,25,20,32,,16,18,,8,21,18,24,15,4,6,6,,10,9,12,10,11,12,20,27,8,14,23,9,9,9,9,10,10,22,25,10,10,10,,9,9,14,17,12,16,18,12,26,19,21,11,8,9,,8,16,10,8,10,23,9,13,9,13,10,12,3,4,10,17,7,6,3,3,21,,7,,3,4,24,31,30,33,45,36,34,37,,16,14,32,27,28,16,10,26,32,19,22,8,13,17,27,17,21,24,31,30,16,12,17,,19,20,21,47,34,27,20,25,6,19,26,15,23,22,22,23,23,33,28,19,30,15,16,12,18,14,11,17,24,26,12,36,,52,57,77,20,18,22,10,7,8,11,17,10,13,22,36,24,40,35,27,44,27,32,38,17,22,48,30,35,25,30,30,28,22,44,25,9,13,12,16,21,25,23,21,31,14,11,41,44,40,39,26,21,20,21,35,27,24,17,23,15,25,31,5,22,19,18,18,26,18,15,16,8,50,,26,37,58,58,31,47,39,11,33,20,26,16,41,26,26,27,58,21,23,25,17,18,10,41
20170820,1,PM10,,48,,,,,79,,45,47,64,91,,,62,,,58,,,61,,50,,64,75,,113,115,94,107,80,69,64,96,87,162,162,132,103,33,41,50,48,54,111,123,100,97,56,71,101,,85,59,48,46,49,58,77,70,52,45,90,35,43,51,,32,56,69,77,64,66,53,90,83,,88,72,,,62,55,58,62,45,80,118,95,155,196,167,103,150,100,37,40,70,,38,58,56,40,43,,69,26,22,25,26,26,27,18,23,23,18,50,41,34,,36,13,29,26,24,41,94,113,95,,66,73,88,103,80,78,42,92,32,15,22,,39,,17,11,16,18,10,,6,3,10,6,,,7,14,,,,,,,,,3,,,,16,,,,,8,,32,,56,,29,33,31,,11,15,16,,,15,7,5,12,,,,24,19,,17,22,,11,17,,10,,20,13,14,20,,15,,15,,29,,,50,57,27,53,37,41,52,56,66,52,30,34,42,39,50,,29,41,60,46,41,44,45,64,52,,,,,66,47,,55,26,34,26,23,,,19,,48,52,54,32,40,,40,27,24,14,23,36,,,,27,75,,43,25,48,57,35,14,29,44,60,60,85,72,117,,,63,49,74,38,54,69,53,57,,40,22,,24,44,23,17,54,18,96,74,114,89,83,,75,,82,92,81,58,60,81,65,59,95,60,50,75,36,94,73,43,75,60,60,65,65,65,57,,60,63,29,130,55,49,62,59,20,27,14,23,25,39,27,26,22,16,38,18,,12,,35,47,35,40,23,40,103,60,,21,,13,36,20,18,17,36,42,24,53,23,76,68,73,38,58,67,52,37,59,55,64,53,53,77,59,70,79,14,13,14,21,,32,,61,28,59,46,63,127,70,60,,35,52,32,42,83,,35,44,29,26,83,,33,55,38,28,22,24,47,39,32,34,55,34,28,17,32,30,31,62,8,9,8,4,14,6,50,61,49,51,55,50,59,146,47,67,42,75,112,46,61,94,52,47,10,,30,29,95,,,,62,54,70,115,153,97,40,,63,55,55,34,53,51,37,65,42,31,37,22,22,46,53,,108,80,114,125,136,107,84,78,73,135,76,73,45,54,41,30,33,46,50,44,,78,57,65,49,31,30,52,35,,13,,25,24,32,20,72,,,32,,42,34,27,,70,62,36,94,50,46,55,44,40,34,124,25,16,19,10,,,54,,56,,50,65,63,62,33,,23,11,10,19,18,15,15,19,20,17,,78,65,66,84,69,,32,29,35,,25,28,,,,18,,7,21,17,32,37,77,64,30,8,,56,57,46,,19,17,131,79,,36,40,,39,61,49,,22,53,66,19,,,66,56,,109,,61,,63,64,54,56,,50,58,,98,100,104,,119,138,,96,164,118,55,57,57,42,,20,29,24,30,23,24,,46,64,29,64,22,38,38,30,44,105,52,35,75,78,69,78,58,61,41,34,33,44,,14,59,55,57,31,41,47,64,53,90,28,29,38,22,39,21,,23,13,19,,29,49,34,30,62,50,56,,58,66,52,24,206,140,,135,168,151,165,77,64,72,61,67,75,72,72,84,78,86,94,89,141,123,110,130,102,98,,,51,57,49,47,34,51,45,54,,,45,51,53,,57,42,58,,29,44,83,,27,22,58,52,63,32,21,,81,53,51,42,45,65,136,17,23,36,33,41,42,34,48,50,40,61,60,57,17,61,54,74,87,,50,110,,,90,47,41,,46,56,51,68,82,56,68,64,49,40,,51,38,54,50,52,59,65,37,43,83,80,79,75,99,83,129,111,160,147,128,172,196,188,75,,55,54,34,41,10,46,,56,36,109,93,41,24,36,44,24,209,171,306,33,24,40,33,41,22,,32,27,19,,28,27,,23,13,54,48,22,50,10,17,8,12,17,13,19,24,20,9,9,13,18,10,16,23,,,18,18,,13,10,,,10,,8,,13,9,30,37,,43,41,51,,,30,23,37,42,29,8,36,106,,103,106,,69,61,,154,125,127,153,114,49,64,56,,54,49,,62,54,60,76,,52,69,50,50,40,127,,54,56,58,54,29,39,39,,,260,151,147,,,,50,57,13,28,,48,21,,65,56,78,73,29,28,40,47,63,39,101,42,77,46,60,35,52,48,31,33,31,40,50,38,36,54,,,54,26,32,,44,54,75,64,42,53,254,18,77,20,106,18,21,,12,37,49,36,95,20,66,52,30,51,44,,36,60,25,,66,32,,41,38,41,,43,48,51,,28,49,60,22,,46,42,49,38,35,40,64,50,43,31,49,30,,17,18,32,,27,28,39,46,42,26,11,15,56,51,,86,54,14,22,13,,52,40,17,24,64,50,55,35,68,55,68,59,60,46,72,54,,39,22,55,74,86,143,90,9,104,33,92,48,30,54,43,54,67,31,41,39,45,34,136,103,80,89,104,72,86,81,87,48,42,53,47,57,37,37,32,51,47,36,41,55,68,85,82,74,,105,67,71,52,,40,42,75,,72,121,114,109,97,69,35,53,67,86,61,62,,59,,48,39,,42,75,78,66,35,43,33,58,72,31,41,37,50,50,52,17,17,20,,43,50,,49,,39,28,41,35,18,25,68,56,47,34,58,95,40,52,38,70,80,64,62,36,49,43,33,33,29,67,89,66,75,24,,44,37,35,44,53,50,70,92,37,35,49,67,38,35,63,91,100,99,108,93,238,23,63,72,44,33,53,,,74,,75,101,48,77,72,98,14,62,44,50,63,30,25,35,35,42,47,113,,69,105,46,66,47,,45,60,40,51,76,56,48,64,46,85,94,,76,65,45,56,56,68,63,54,,50,,25,34,,41,80,69,106,62,18,7,15,,26,12,18,23,23,32,,47,14,26,27,17,21,21,22,91,63,57,53,53,19,16,,17,18,,54,78,115,23,31,,,,26,23,26,,22,35,27,31,32,31,19,33,24,13,45,65,53,,95,187,13,11,2,8,,,11,,,18,27,66,74,59,68,,41,59,,18,20,,,,11,15,40,53,13,13,8,17,38,38,,45,54,64,54,12,21,52,,17,27,,41,27,46,16,,9,32,71,90,66,,33,51,92,139,60,128,83,312,145,16,70,36,47,98,58,53,96,496,,260,424,330,103,65,112,19,36,15,94,104,47,26,24,49,43,62,,60,118,55,50,64,48,21,21,32,48,,42,,41,28,42,37,16,106,72,50,,36,20,59,20,24,24,58,64,50,57,53,62,51,53,65,56,,,21,23,,20,4,17,,21,,9,28,55,56,45,125,,49,51,171,139,23,,99,28,49,39,41,18,95,86,,51,85,22,50,19,48,14,17,61
20170820,1,PM10_24h,,52,,,,,60,,43,64,58,70,,,66,,52,53,,,55,47,34,,47,40,,93,91,79,93,77,59,83,68,64,111,109,103,82,36,33,49,54,51,125,142,123,101,49,55,58,62,57,51,57,47,60,68,68,58,45,38,46,35,52,47,,49,39,51,47,61,52,60,89,84,79,88,71,,,60,46,64,64,41,75,81,83,87,109,85,73,75,84,28,38,44,,45,51,47,40,46,,62,35,30,29,34,31,39,24,30,30,20,41,56,32,,31,14,15,20,22,36,84,68,75,,78,74,70,68,59,47,40,62,60,56,49,57,66,56,55,49,50,55,44,35,41,30,43,44,50,39,41,47,47,52,46,48,46,59,46,89,65,94,93,89,22,,,,53,36,,41,39,40,,62,67,55,,48,64,58,50,60,55,52,66,42,,,,37,49,,56,65,64,45,51,,43,27,28,27,28,32,20,19,,24,,29,,26,49,49,23,53,39,41,48,57,50,47,34,39,47,42,39,,32,39,47,57,62,61,63,62,50,,,43,,66,51,,67,58,54,36,30,32,,42,32,50,51,51,40,44,,44,49,34,33,44,48,56,40,36,35,66,,73,71,75,80,46,31,44,64,70,59,80,72,77,37,,75,73,104,68,78,98,85,87,,44,34,30,38,27,24,27,46,32,77,75,78,75,66,61,77,78,92,55,48,53,38,62,55,49,54,48,40,46,33,57,52,34,52,46,38,50,48,49,48,,40,52,37,65,41,61,46,43,19,24,20,34,20,34,24,23,22,14,41,12,14,13,21,46,49,50,33,36,36,54,44,29,27,21,18,35,34,35,32,51,47,55,49,31,59,53,51,46,48,54,62,46,59,41,54,46,35,60,59,63,62,14,16,18,19,19,30,,37,28,49,54,33,54,41,48,,28,30,36,37,40,,30,36,32,26,51,,27,38,26,32,19,24,35,33,29,28,34,36,30,27,34,35,32,47,15,13,10,12,19,12,83,79,77,97,96,94,69,105,45,68,59,97,109,79,71,35,69,62,32,,47,74,53,,,,55,55,34,51,41,39,38,,33,43,48,47,41,40,35,44,43,34,35,18,31,41,56,,75,70,78,81,78,110,91,74,89,110,48,70,39,36,29,30,30,38,66,55,48,62,75,51,48,57,52,59,54,,32,,38,42,46,37,53,,,78,,80,40,37,,76,72,60,77,77,48,44,31,34,30,60,42,42,41,30,45,,58,,56,,54,41,37,40,46,44,70,33,21,22,35,38,35,45,39,65,,69,63,74,70,70,44,49,29,47,39,51,22,20,17,15,29,17,17,28,30,37,50,70,66,22,23,23,50,48,51,20,25,25,85,62,,60,55,,48,59,47,,27,45,48,28,,,70,59,55,79,,39,,46,36,46,47,,48,50,,70,69,68,,65,59,59,64,72,53,34,49,47,35,,19,23,34,27,42,17,,49,49,27,33,16,41,40,29,40,41,30,31,51,53,44,52,43,32,29,29,24,28,,13,62,51,62,33,58,57,43,61,57,31,30,26,22,26,25,49,43,54,44,,52,57,47,60,64,47,60,37,69,53,70,28,85,93,,89,86,97,94,72,102,88,86,101,67,67,63,64,94,84,82,85,61,63,52,59,54,63,,45,45,63,58,47,50,43,39,44,28,27,37,32,35,26,40,29,35,37,27,44,55,29,24,27,42,40,43,29,27,25,38,36,44,29,41,54,72,16,17,35,40,36,46,35,41,39,40,41,51,44,31,47,48,50,58,42,34,66,,,54,40,37,41,37,44,44,60,69,44,52,53,34,31,,37,35,41,62,66,65,76,42,49,63,62,60,58,72,80,112,122,115,113,116,127,124,127,70,,55,47,26,22,21,52,,40,51,36,58,47,22,40,25,38,64,76,71,40,30,71,60,42,26,17,19,42,53,47,39,32,,36,43,42,41,42,46,25,30,22,25,26,26,63,57,54,52,49,41,47,52,52,78,67,,44,50,51,59,59,54,44,39,46,31,,53,48,37,37,,36,52,50,,,32,27,38,51,38,33,43,42,,37,37,,73,69,,83,76,72,111,106,51,62,61,,66,37,,37,34,44,48,,37,45,51,44,39,92,,87,72,76,67,22,31,25,54,,97,89,106,37,,,38,63,20,25,59,84,46,52,43,35,56,55,23,31,35,46,51,42,48,38,53,44,62,36,44,35,25,25,20,24,28,40,30,43,,,43,31,25,23,45,70,77,45,49,57,118,28,60,41,34,13,21,18,17,33,40,42,60,17,59,94,31,42,32,30,45,34,25,,68,48,53,37,41,40,,55,44,55,,39,41,69,42,42,50,82,66,58,85,42,56,53,64,26,41,34,56,52,47,41,,39,33,34,36,45,39,31,31,34,33,,60,62,34,35,32,64,64,53,35,55,61,45,58,54,47,43,62,54,59,60,73,63,52,50,50,50,63,63,83,61,12,62,54,47,53,35,55,62,63,83,30,51,44,46,42,70,88,79,80,90,63,73,66,71,42,43,49,42,54,38,42,36,52,41,55,66,69,74,92,93,83,,71,76,71,63,,64,63,51,,41,30,26,28,23,35,24,25,28,33,59,49,58,44,23,25,20,,48,66,54,45,48,62,61,51,58,56,56,57,46,51,49,44,51,49,,41,44,,52,22,29,24,34,39,29,27,49,43,38,42,39,47,37,40,40,45,55,52,47,29,36,36,27,29,30,56,71,42,50,24,28,28,41,30,37,37,50,60,66,31,34,37,48,29,21,56,69,61,69,77,57,69,48,33,38,45,53,55,,60,52,63,73,59,51,59,46,50,25,57,48,38,45,41,45,37,44,36,66,71,40,42,74,48,53,33,40,27,28,27,27,38,24,25,37,38,53,56,,49,51,33,31,36,44,52,28,29,37,,27,32,,46,73,55,78,51,14,10,16,,24,14,18,20,23,26,30,48,34,52,35,16,19,15,18,43,53,63,40,22,18,16,,20,27,27,41,45,53,55,31,23,22,34,27,16,20,,26,34,18,24,26,58,19,28,26,26,26,49,51,26,29,64,12,16,10,15,72,,17,,13,29,39,60,55,55,60,57,54,50,,32,29,50,38,95,66,29,43,51,37,42,22,25,52,47,45,50,44,51,47,38,31,55,,31,39,37,83,47,38,39,31,12,31,49,55,47,79,75,77,55,70,44,40,85,58,50,15,33,25,28,39,63,82,82,172,,159,295,221,42,37,50,23,29,16,34,34,32,25,38,43,31,56,50,46,93,38,36,79,37,53,55,38,52,46,52,41,43,40,94,34,17,50,40,52,29,41,42,45,50,24,17,53,69,64,50,46,49,52,49,70,54,40,31,47,30,46,49,11,44,36,30,23,44,46,38,44,26,80,,56,60,81,110,70,52,57,27,45,34,54,31,56,67,39,46,76,46,35,36,58,37,25,49
20170820,1,SO2,2,2,2,2,2,2,2,2,2,2,2,2,,,7,,7,2,,,6,3,9,,14,3,,8,31,7,1,9,7,4,34,29,64,48,59,45,6,5,15,11,11,5,9,14,10,11,16,7,6,4,9,8,29,20,8,7,5,5,7,2,5,4,9,,1,10,18,16,4,5,5,4,6,5,6,8,,,18,30,9,9,6,18,12,13,15,12,14,10,10,10,7,15,37,,8,8,87,12,20,,15,8,8,8,9,6,5,5,4,4,6,6,8,7,,8,5,8,9,3,12,9,6,4,,4,7,10,13,9,9,15,12,4,5,6,5,4,7,6,3,7,5,12,12,9,21,7,8,10,6,5,6,5,11,5,2,7,6,7,15,11,12,11,12,4,,,,9,1,,7,11,17,,23,9,12,,3,5,2,3,3,6,3,7,16,,,,7,7,,8,5,5,5,5,,4,9,6,16,1,2,9,8,,7,,15,,5,9,6,7,9,7,8,13,5,9,9,4,5,6,6,2,,7,6,7,14,10,10,11,4,8,,,5,,7,4,,5,5,8,4,5,8,,5,4,18,10,9,5,5,,8,4,2,16,6,16,19,19,31,6,6,,8,6,5,11,2,8,8,67,53,50,36,37,24,2,,46,6,15,15,6,11,13,9,,2,3,3,3,11,5,5,13,7,5,9,8,7,6,5,9,5,8,7,8,9,9,13,7,6,5,9,5,21,12,17,16,18,14,22,4,12,11,20,21,,18,13,18,22,15,4,8,20,11,13,13,9,6,13,12,7,11,10,7,14,2,2,6,14,10,10,15,15,14,27,13,7,5,5,6,8,32,5,13,13,17,14,10,17,7,13,9,10,6,16,96,14,22,6,11,9,7,7,9,8,8,3,6,5,3,5,16,,17,9,10,17,8,9,13,14,,14,11,12,13,12,,8,8,16,10,8,,5,7,9,3,6,6,6,6,5,6,50,13,10,11,12,11,14,18,6,11,9,9,9,7,6,1,7,6,8,5,7,10,8,6,5,8,9,8,5,2,8,9,4,,6,6,6,,,,29,7,8,8,11,5,9,,12,20,170,24,16,19,8,28,14,9,8,4,8,11,9,,18,19,11,15,11,18,7,8,9,6,13,9,10,7,8,6,2,5,12,12,7,8,15,60,15,4,21,13,19,,8,,8,9,12,7,23,,,7,,4,10,6,,14,50,15,14,24,17,10,17,7,18,21,7,6,6,7,4,,11,,13,,4,12,18,21,5,8,9,9,8,1,2,2,6,14,11,11,,35,16,25,7,19,15,11,11,11,11,20,5,6,5,7,6,7,3,7,9,4,7,6,8,10,9,10,5,9,5,3,4,6,13,14,,14,14,,17,19,20,,6,6,21,5,,,10,9,9,13,,12,,15,11,9,4,,3,8,,24,53,35,,37,10,3,10,28,27,3,12,12,13,,5,5,5,5,6,4,,14,13,7,7,9,15,5,6,6,7,8,2,16,11,16,35,39,10,6,6,8,6,,2,6,5,5,18,11,1,7,5,4,6,4,5,2,,5,5,7,2,1,,22,34,34,24,29,21,23,10,17,76,28,9,12,11,,14,22,20,12,10,18,10,16,17,3,6,6,5,12,14,8,2,12,11,6,14,6,10,,9,11,10,8,6,8,9,12,9,29,29,142,3,10,45,8,13,11,10,21,8,8,8,7,3,14,19,7,5,6,7,11,16,6,12,22,18,5,1,2,5,5,7,6,6,5,8,4,9,4,17,13,10,10,3,3,10,4,22,,,16,4,3,11,11,6,2,11,10,8,8,14,12,12,,14,21,9,11,11,15,6,11,8,6,8,12,10,10,14,4,5,2,2,3,4,4,1,9,,5,8,9,5,6,2,,4,6,15,5,1,5,3,3,6,6,5,4,10,12,8,10,4,1,5,4,7,6,4,5,5,4,3,3,8,7,5,2,6,3,2,4,8,5,5,6,7,8,7,13,10,21,,5,10,,6,7,7,10,5,7,6,16,10,4,,15,10,13,9,,9,6,9,,,3,1,7,7,7,7,7,6,,9,10,,13,17,,11,14,8,12,19,11,14,15,,20,18,,10,12,5,1,,7,16,9,7,16,21,,23,1,6,4,10,8,7,3,,8,12,10,23,,,3,4,13,11,7,6,9,6,6,12,10,7,6,7,9,6,14,7,5,5,18,8,6,8,8,10,12,6,8,5,3,6,5,15,,,6,7,7,8,3,1,2,3,10,5,8,3,4,1,4,3,4,12,6,6,2,4,16,3,18,10,1,13,12,12,4,7,30,,11,14,10,19,11,10,,10,1,8,,26,10,16,20,26,32,25,15,15,30,13,6,8,28,17,8,9,5,3,6,2,,8,12,31,48,7,4,7,8,28,29,,18,12,18,20,8,11,9,10,18,5,11,9,7,8,5,8,29,5,7,17,14,10,4,6,5,53,8,3,16,7,4,21,8,25,48,6,9,17,11,15,29,9,15,19,14,44,53,14,32,26,47,15,66,14,6,4,13,10,13,5,7,7,7,9,50,43,27,25,26,32,33,,15,6,14,12,,5,6,7,,5,9,7,7,6,9,7,10,3,6,7,4,6,6,9,13,5,,6,51,25,2,11,8,8,9,11,18,6,9,9,7,14,6,10,5,,14,10,,8,3,7,5,12,14,4,3,12,11,9,17,27,17,20,11,7,27,10,138,87,31,14,10,15,14,6,29,18,25,19,10,9,13,5,10,6,4,8,8,1,8,4,18,30,20,2,1,4,18,14,9,37,18,9,14,15,12,12,8,,6,3,10,34,104,10,33,16,24,6,7,4,17,52,8,6,7,37,37,21,9,6,12,11,5,4,12,16,5,4,2,6,3,7,4,8,7,8,5,,7,12,25,6,11,4,14,7,29,11,,5,3,,6,27,5,7,8,8,8,6,,20,8,11,10,9,10,20,7,12,23,10,3,2,3,1,4,6,12,87,5,9,4,,3,4,2,27,71,6,17,8,4,3,8,4,11,15,,14,5,6,8,5,5,3,6,10,10,15,9,2,5,5,10,5,5,4,4,3,,4,,5,1,3,8,6,9,12,7,8,7,,7,15,3,5,8,4,5,7,10,3,4,4,8,3,2,11,9,4,7,7,3,11,4,,8,14,4,5,6,7,12,11,4,9,5,7,7,6,7,6,5,6,5,5,6,3,13,6,8,3,14,13,3,1,4,5,,12,84,89,10,18,9,3,3,3,8,8,5,10,5,6,14,11,6,9,31,9,6,23,11,7,6,6,5,5,12,16,12,9,2,8,6,28,36,3,24,21,18,6,8,4,4,13,3,1,20,9,13,18,10,14,2,4,4,4,5,11,11,10,9,24,8,9,8,6,13,10,13,42,,7,10,17,13,18,17,16,4,20,2,3,5,4,49,3,3,16,6,11,6,1,12,21,22
20170820,1,SO2_24h,2,2,2,2,2,2,3,2,2,2,2,2,,,6,,7,2,,,6,3,9,,10,3,,5,25,6,2,9,5,3,30,25,50,47,52,45,10,7,17,12,12,4,6,9,5,8,12,6,4,4,5,5,20,19,14,8,6,6,10,3,5,8,7,,5,14,16,18,3,5,5,5,7,6,8,11,,,11,15,13,9,9,18,14,14,16,12,14,12,13,11,9,17,10,,10,8,13,10,11,,11,7,8,9,10,5,4,6,6,6,6,7,9,8,,9,5,8,10,2,10,9,6,4,,4,9,12,12,8,6,10,11,8,9,10,8,7,10,9,6,10,11,17,18,12,26,10,12,11,11,11,10,7,14,5,7,11,6,9,22,18,25,17,15,8,,,,12,4,,8,15,12,,29,13,15,,2,9,6,4,5,10,7,11,24,,,,14,13,,14,15,8,7,12,,6,10,8,16,2,2,9,8,,10,,11,,6,10,7,8,8,9,8,13,6,9,10,4,8,6,8,4,,7,7,7,13,11,11,13,5,8,,,7,,9,4,,5,5,8,7,6,9,,9,6,16,11,10,8,8,,8,4,3,17,4,17,15,17,20,6,6,,9,7,5,12,4,10,12,29,35,30,22,28,5,5,,28,8,16,19,6,11,13,14,,8,3,3,2,11,6,5,6,7,4,7,6,7,3,2,8,5,8,8,7,7,9,10,4,4,6,6,8,18,13,18,15,18,14,19,10,12,12,12,14,,12,34,15,15,12,7,8,11,10,10,11,14,6,10,19,4,9,9,10,5,5,4,5,11,9,9,9,9,9,21,18,8,6,6,6,10,18,7,8,15,20,17,13,12,7,9,9,9,6,13,25,13,22,7,10,8,7,7,11,7,8,3,6,5,4,6,14,,14,12,11,17,10,12,13,13,,15,12,11,9,16,,8,5,14,9,7,,6,4,9,5,6,6,4,4,5,6,8,13,14,10,12,11,17,21,6,13,9,9,9,6,9,2,7,6,9,6,8,10,8,5,5,9,10,9,7,2,9,8,12,,14,9,3,,,,17,18,8,9,9,5,8,,11,20,60,57,15,25,8,55,12,10,10,4,10,12,10,,24,20,14,20,13,16,7,8,10,7,6,9,5,4,10,6,3,5,12,11,12,58,22,33,29,4,20,15,14,,9,,10,11,12,8,16,,,10,,5,9,5,,14,18,11,10,25,8,10,16,7,18,21,10,8,6,8,5,,11,,11,,4,12,17,14,9,10,11,12,11,4,3,3,6,15,12,12,,34,16,25,16,16,12,11,10,8,13,32,7,6,7,7,9,8,5,5,10,9,8,7,10,9,9,9,6,7,7,2,4,5,13,20,,16,16,,17,17,15,15,7,7,15,7,,,11,12,11,12,,12,,16,12,10,4,,2,8,,26,34,23,,31,4,3,8,7,10,3,13,14,12,,6,7,6,9,6,7,,17,13,12,10,10,21,5,7,10,7,8,2,13,32,21,20,17,8,6,5,8,5,,2,7,6,5,18,12,4,6,8,7,7,4,6,4,15,5,13,14,10,3,,18,16,22,13,18,14,20,8,19,41,29,6,8,9,,8,15,12,10,6,11,6,7,32,3,5,4,5,11,10,5,1,13,11,6,9,6,10,,9,12,10,8,7,9,10,11,9,28,21,33,6,7,20,9,12,13,13,15,9,6,9,7,6,11,11,8,5,6,7,10,8,6,5,8,13,4,2,2,6,7,9,7,6,6,9,5,9,5,20,20,11,12,4,6,12,7,14,,,11,5,3,12,7,6,4,5,15,10,7,10,7,10,,9,16,12,12,13,15,7,10,9,6,8,12,10,10,14,5,5,5,4,5,6,6,4,9,,5,8,5,4,8,36,,10,35,15,14,3,6,3,11,6,3,5,4,7,11,9,10,4,2,4,2,8,4,5,7,5,3,4,4,7,4,6,2,8,4,2,4,9,5,8,9,10,13,12,15,13,21,,14,18,,10,7,13,15,14,17,12,22,15,14,,18,17,15,10,,10,6,10,,,3,1,14,9,10,10,10,6,,10,11,,8,11,,10,15,4,12,20,10,10,18,,16,17,,10,12,10,6,,12,12,18,17,31,30,,30,57,63,38,3,8,5,4,,5,10,7,23,,,6,2,13,8,9,7,11,14,16,12,24,12,7,9,11,10,18,5,7,6,14,18,14,14,9,11,11,10,9,8,4,5,5,8,,,7,7,7,8,4,1,4,2,11,6,8,4,17,4,11,4,5,10,7,8,2,4,13,2,17,17,3,12,20,15,8,9,30,,12,14,12,12,14,10,,15,4,8,,22,9,27,26,25,19,44,10,18,21,8,7,14,19,12,9,9,10,9,11,3,,12,19,25,22,9,9,8,9,12,13,,17,22,19,12,8,13,11,8,15,6,14,14,9,14,5,7,16,6,8,14,10,10,5,6,6,28,14,5,24,8,5,21,17,21,48,4,8,14,17,9,29,12,18,19,13,7,18,18,21,19,28,16,40,33,9,4,13,13,14,4,9,7,7,8,81,85,74,58,21,13,20,,10,3,7,8,,4,5,6,,3,9,6,6,6,8,6,10,2,5,7,4,4,6,6,6,5,,6,17,23,4,11,10,18,10,14,10,8,10,10,6,14,8,10,16,,10,10,,10,3,4,4,8,6,3,6,8,9,13,18,19,16,12,21,14,12,12,31,30,26,13,10,18,17,7,15,11,19,16,6,7,9,8,8,4,4,5,6,1,6,5,16,45,19,5,2,4,22,12,10,14,14,11,12,14,12,14,9,,8,3,17,69,75,13,19,14,13,7,7,4,12,14,10,17,14,44,34,25,11,9,14,13,13,9,11,7,5,3,3,5,4,6,3,7,8,9,7,,8,10,20,6,14,4,15,5,32,4,,4,3,,6,11,6,7,8,7,8,7,,21,8,13,16,14,13,15,8,14,23,10,4,3,3,2,5,6,10,19,4,9,3,,3,6,3,20,26,7,18,8,5,3,6,5,11,15,,21,25,8,9,5,20,4,6,9,14,15,9,4,9,5,10,5,5,5,5,3,,6,,6,1,4,8,6,5,9,9,9,6,,8,10,8,4,64,10,5,8,10,3,4,5,9,6,2,19,13,4,7,8,4,16,5,,17,17,6,9,10,7,13,13,3,11,12,10,8,9,13,11,7,5,5,4,5,1,12,7,6,2,4,12,2,2,4,4,,11,21,26,11,11,9,3,3,4,9,8,7,12,13,6,12,11,6,8,29,10,8,23,12,11,15,6,6,8,9,8,11,9,5,7,5,16,15,42,16,23,13,8,15,3,4,7,6,5,15,8,15,7,9,22,4,7,8,8,6,20,31,10,14,16,14,9,13,6,14,13,14,23,,8,9,11,24,18,13,10,4,22,2,5,19,4,20,4,5,14,9,11,6,2,12,12,10
20170820,1,NO2,33,9,51,15,56,43,70,62,6,14,69,90,,,48,,26,23,,,39,21,27,,23,46,,95,53,70,59,15,53,10,75,93,54,61,86,89,15,44,37,28,31,44,30,26,20,36,19,75,66,61,14,18,15,16,15,32,40,23,31,34,11,51,86,,55,23,22,30,23,43,24,9,26,24,14,36,,,27,26,39,63,19,45,27,35,76,108,100,98,110,41,24,44,44,,23,47,30,40,39,,45,7,18,11,7,4,4,6,14,11,2,38,32,30,,37,6,13,31,14,48,62,74,40,,80,61,85,95,100,62,40,66,21,22,22,23,21,11,21,20,13,24,28,18,26,25,23,22,32,30,38,16,22,16,14,2,28,19,15,10,17,13,6,19,15,,,,12,13,,34,20,54,,31,27,29,,8,19,20,6,33,44,15,31,9,,,,11,19,,7,10,10,8,10,,15,19,22,22,18,20,11,9,,20,,18,,15,70,59,6,51,31,39,48,37,17,51,31,6,12,10,12,,6,11,14,53,22,49,23,27,15,,,10,,21,25,,11,8,9,4,3,6,,11,13,34,45,54,21,19,,40,62,56,39,66,91,48,34,39,56,41,,31,26,24,33,10,28,20,70,31,54,78,39,59,8,,48,39,33,42,38,45,40,41,,10,18,38,18,45,29,15,42,9,22,18,34,25,19,18,21,26,26,67,68,43,69,52,43,42,53,33,26,52,19,59,61,44,58,58,84,33,37,38,48,,74,66,43,126,59,48,73,63,52,62,35,43,34,69,56,28,37,47,41,34,6,11,15,29,41,30,27,23,24,61,79,15,10,11,14,17,20,13,18,53,58,53,2,53,29,40,44,28,58,80,40,31,32,48,48,53,38,46,38,47,39,8,8,18,12,4,9,,62,44,55,35,26,92,26,73,,51,76,46,54,70,,41,30,68,43,56,,49,8,27,22,7,24,21,25,22,26,35,21,35,10,22,23,25,39,13,22,28,11,38,22,31,30,53,35,44,60,39,72,16,33,20,45,36,22,15,2,32,13,2,,6,7,20,,,,19,18,100,58,66,89,25,,46,38,42,16,38,20,23,41,26,28,23,3,9,62,7,,39,35,50,50,32,33,21,26,27,34,30,34,26,29,15,11,13,31,37,48,20,25,36,78,49,35,34,40,30,,21,,18,21,34,33,52,,,21,,15,25,25,,39,14,33,34,26,33,16,31,17,4,14,9,23,13,2,9,,14,,13,,32,36,33,43,17,14,16,7,1,2,3,4,5,13,6,12,,26,31,32,18,66,30,22,20,23,15,18,8,5,6,7,17,6,9,20,12,12,20,41,32,17,19,20,54,27,57,8,15,14,38,29,,31,30,,18,25,36,,11,41,36,17,,,17,11,22,56,,18,,10,22,13,7,,12,14,,24,56,26,,10,76,28,50,61,62,16,25,12,26,,7,16,14,32,29,5,,54,21,11,28,12,30,7,21,12,31,28,11,45,39,56,54,45,28,18,24,16,22,,6,15,20,50,12,18,26,28,14,29,15,13,14,11,,23,28,20,19,34,,53,24,58,13,10,30,10,2,12,29,24,5,28,15,,29,26,16,31,26,19,30,25,40,20,12,21,13,17,29,29,12,12,6,15,28,11,29,,15,19,24,44,21,14,27,28,25,13,26,41,12,9,37,24,5,24,29,8,14,39,14,4,6,19,20,34,23,8,9,27,40,26,39,50,42,42,10,14,10,16,12,16,11,18,17,17,15,18,63,11,45,27,16,17,16,13,20,,,30,29,12,19,14,15,15,24,24,23,14,36,21,32,,18,28,24,29,27,15,36,6,9,31,26,34,39,36,46,21,28,18,26,17,42,27,26,31,,13,8,19,20,12,18,,7,13,15,13,8,24,3,17,10,70,60,31,28,,22,27,19,6,34,35,12,17,18,6,,7,9,9,33,14,19,21,10,8,7,2,4,10,14,16,21,7,2,10,6,9,14,11,6,,10,35,21,17,28,11,17,4,10,5,,8,9,18,14,,20,17,22,,,8,5,34,17,8,20,13,17,,18,13,,34,36,,40,36,26,40,13,35,29,15,,65,16,,22,13,2,15,,15,4,28,20,12,79,,84,5,4,4,13,32,11,9,,12,8,12,17,,,25,28,12,7,8,7,2,30,39,20,42,50,7,11,18,8,17,10,28,32,27,9,34,21,,29,31,29,28,16,9,14,14,19,,,53,11,12,6,19,29,9,15,10,28,22,12,27,8,14,2,7,2,2,31,38,38,54,7,20,19,10,12,9,14,20,39,16,,50,25,21,44,29,33,,20,5,7,,19,19,20,13,59,72,52,50,34,48,39,13,18,27,34,21,10,15,30,12,11,,16,43,43,38,12,23,8,12,15,7,,67,42,17,23,13,28,15,29,19,14,25,38,33,12,5,18,31,16,25,32,38,42,13,13,17,2,27,11,34,13,2,46,23,37,22,28,30,23,31,41,7,14,13,17,19,36,40,10,18,22,33,35,30,38,3,7,11,11,17,27,10,3,21,36,12,32,28,15,37,25,30,,42,35,30,11,,12,12,12,,12,12,10,7,4,14,17,13,14,12,20,9,5,13,9,11,8,,22,56,33,55,5,13,11,16,18,9,12,14,51,37,36,10,12,6,,15,22,,54,2,14,15,14,2,12,17,18,5,12,19,22,24,19,7,10,35,32,25,15,25,30,19,19,19,31,38,40,42,55,10,4,11,16,8,2,12,11,20,4,7,8,21,27,15,3,27,27,43,38,38,51,36,6,21,33,24,13,21,,20,34,21,21,22,23,29,20,22,24,32,29,15,14,13,15,36,62,37,32,29,14,19,24,8,7,13,20,20,44,24,13,27,35,30,33,10,16,28,,16,41,37,43,11,50,20,20,20,15,,9,16,,16,57,35,34,40,6,9,13,,22,8,14,10,13,14,13,15,12,29,12,4,6,7,3,21,18,19,33,22,31,4,,9,5,3,12,39,24,19,11,7,7,8,11,5,10,,22,6,11,14,18,9,10,17,8,4,11,20,15,7,32,64,7,8,3,2,5,,5,,3,10,20,25,26,24,41,20,29,29,,15,13,13,32,6,4,2,15,12,16,11,13,9,21,16,27,21,7,13,8,6,11,19,,7,5,10,35,11,31,18,9,4,12,2,2,3,7,8,8,10,14,6,79,67,51,61,4,88,84,42,52,11,25,1,63,,65,40,42,63,29,58,13,4,2,55,77,37,26,45,28,71,38,19,25,24,17,1,84,28,30,11,8,20,8,26,12,40,15,13,36,1,29,31,14,13,16,20,14,9,2,34,54,56,40,25,18,20,18,16,22,55,5,21,7,21,13,21,13,28,,26,28,13,17,51,39,19,44,,36,15,35,35,30,20,16,15,16,39,5,24,14,75,19,19,41,5,13,27,9,16,26,40
20170820,1,NO2_24h,29,14,35,29,34,33,42,22,13,26,40,48,,,37,,35,30,,,35,27,19,,16,28,,46,33,26,34,18,35,8,53,56,44,43,60,57,25,38,26,28,31,43,34,32,24,21,15,21,24,25,16,17,17,18,23,20,27,18,25,21,12,44,45,,36,28,19,25,15,21,20,16,27,21,22,41,,,33,26,34,33,18,40,31,43,45,58,38,37,45,28,16,29,35,,18,36,37,35,44,,39,13,21,20,15,8,11,9,15,15,4,37,37,23,,32,5,7,24,16,29,42,44,23,,56,62,54,56,60,30,25,44,25,32,33,27,31,26,25,29,23,32,38,24,32,33,31,33,28,40,40,21,36,31,28,21,23,33,34,30,40,34,29,31,21,,,,32,21,,22,24,26,,34,25,28,,16,26,21,11,31,33,17,39,19,,,,18,37,,23,27,22,16,18,,23,19,21,22,15,25,14,10,,21,,20,,21,41,45,6,35,30,39,51,37,31,32,28,20,22,23,25,,8,25,27,32,23,35,25,19,13,,,30,,24,27,,21,18,20,11,8,10,,16,16,25,23,34,20,18,,24,51,33,20,45,67,32,31,31,25,21,,28,34,26,34,11,30,25,37,22,27,43,34,34,6,,28,47,41,41,48,46,50,46,,6,28,10,20,24,26,6,16,15,24,20,32,23,25,17,28,36,16,28,26,23,24,26,29,34,24,24,10,20,15,27,29,24,34,39,36,25,20,50,39,,46,55,30,51,61,36,55,24,32,37,38,38,20,34,44,13,27,21,34,14,19,17,14,24,38,31,23,20,12,41,36,25,14,11,12,18,21,16,16,42,47,48,35,32,23,35,30,24,28,35,33,23,25,41,30,35,27,22,34,36,31,7,5,11,11,6,11,,26,33,41,26,19,42,24,50,,31,34,30,33,36,,24,26,47,35,38,,36,9,14,18,4,13,9,16,20,14,12,18,23,10,22,22,24,31,15,18,17,12,24,13,45,36,59,48,46,49,32,44,16,34,25,44,31,32,31,8,34,26,5,,8,20,16,,,,28,27,48,33,30,44,29,,20,20,28,25,22,19,16,22,18,21,15,3,8,26,8,,31,30,31,40,24,32,21,18,25,18,25,30,22,23,9,11,12,18,22,30,17,19,22,31,26,34,29,28,21,,22,,27,25,35,24,21,,,28,,25,26,21,,31,12,28,30,31,29,17,26,15,2,8,21,33,26,15,21,,16,,17,,20,22,25,27,26,18,23,23,9,9,7,12,12,22,17,25,,28,20,33,22,47,19,22,20,20,19,18,14,9,10,10,15,8,12,13,10,12,18,25,25,7,10,10,28,20,27,10,11,14,46,33,,22,22,,20,20,21,21,12,25,26,16,,,22,18,29,24,,22,,17,20,10,5,,11,15,,8,24,9,,5,37,28,21,29,20,16,23,17,21,,17,19,30,42,28,9,,26,20,12,20,9,24,10,25,23,21,14,9,27,31,27,31,29,20,16,16,14,17,,5,26,22,24,11,16,20,24,11,20,10,12,15,11,28,17,35,31,35,27,,22,15,22,15,7,29,24,3,12,17,27,4,23,19,,22,15,17,15,22,24,32,29,43,18,10,17,12,19,24,23,16,16,10,21,13,13,24,,12,19,25,28,22,18,20,20,18,10,15,10,16,6,11,7,5,9,15,4,16,26,14,4,5,22,16,16,9,13,14,16,20,18,17,26,22,27,7,10,10,24,13,15,12,24,18,19,16,14,38,21,26,19,13,17,18,19,20,,,29,16,15,12,12,14,19,22,22,29,13,30,15,18,,15,23,17,30,29,18,30,4,11,23,21,22,31,38,33,17,23,25,28,26,32,27,29,18,,13,9,5,7,6,40,,12,25,14,19,12,23,3,16,13,19,18,17,11,,24,30,16,6,13,15,26,41,20,14,4,10,16,18,21,16,11,14,11,8,9,4,16,14,22,27,28,37,22,32,22,29,33,32,28,,15,30,35,24,41,29,34,17,26,4,,18,18,16,10,,19,32,24,,,13,6,17,13,11,18,13,15,,17,12,,24,26,,16,26,15,23,17,21,18,17,,30,11,,18,11,7,14,,16,7,28,26,18,37,,28,29,24,24,12,13,10,23,,13,10,12,23,,,19,12,13,8,15,14,7,15,25,11,26,25,8,17,21,15,14,17,19,24,14,9,20,17,24,21,22,23,23,18,9,10,16,14,,,29,13,14,7,12,30,8,10,14,26,22,7,23,11,16,2,10,5,2,19,26,21,36,6,22,22,12,11,10,14,14,21,18,,27,25,17,28,29,23,,16,9,8,,11,20,17,16,52,58,38,38,35,35,34,27,25,22,30,22,15,31,28,29,18,,24,35,44,29,23,25,22,15,14,7,,27,19,24,35,19,29,19,21,21,15,27,30,27,12,4,18,17,13,23,29,31,24,16,14,16,6,13,6,19,11,3,23,22,23,19,8,28,13,22,36,5,14,15,17,13,18,23,19,27,30,17,15,15,18,9,8,14,14,23,9,9,2,13,16,16,35,23,19,31,22,28,,27,33,22,19,,19,17,12,,9,9,9,5,4,15,17,13,13,14,27,15,21,20,15,10,13,,27,24,23,21,6,27,19,18,20,13,17,21,22,15,27,18,17,17,,16,19,,18,3,7,12,6,5,8,16,21,7,15,21,18,17,17,18,6,21,18,18,15,11,17,12,18,18,19,21,21,20,24,5,6,8,12,8,5,7,7,10,5,6,9,16,30,9,4,23,21,25,21,22,29,21,13,14,18,17,23,26,,27,23,13,19,23,15,11,13,16,12,24,22,13,13,13,13,22,38,30,31,17,23,20,22,16,15,18,16,11,15,14,5,14,21,26,25,11,17,19,,18,31,26,29,25,28,14,21,51,14,,13,19,,12,38,18,19,19,6,8,9,,19,6,12,14,11,16,12,17,13,25,11,3,6,4,4,12,16,16,13,9,14,7,,5,8,6,10,19,20,12,14,10,7,8,12,6,9,,10,9,6,12,12,21,12,17,9,8,9,15,16,10,12,35,11,12,5,4,9,,14,,5,11,16,17,19,19,21,18,21,15,,13,12,23,20,12,13,2,25,12,13,10,11,9,19,19,22,24,7,15,8,14,15,12,,15,15,11,28,18,30,16,14,6,10,4,6,10,17,16,16,22,16,15,32,29,11,19,5,30,32,6,19,14,15,1,16,,33,16,24,30,15,22,13,4,6,26,25,22,22,35,11,44,34,17,26,23,15,6,46,21,28,30,20,21,26,19,15,25,14,24,31,1,21,18,37,11,18,18,14,28,3,19,21,34,31,22,20,29,25,22,25,17,9,25,16,23,30,32,13,28,10,27,19,21,23,28,25,21,20,,45,18,29,36,22,28,17,11,19,20,9,9,21,43,13,19,31,10,8,21,16,15,10,19
20170820,1,O3,29,43,43,12,24,34,9,3,46,63,25,5,,,26,,54,52,,,29,106,77,,54,19,,3,53,10,14,60,37,90,20,6,11,12,6,8,84,70,52,68,47,63,57,68,79,72,73,8,36,26,90,87,124,127,101,68,2,1,11,3,2,32,7,,16,71,55,61,46,38,61,99,98,79,98,88,,,74,95,77,48,58,63,98,93,44,4,22,20,12,61,27,3,22,,25,8,47,23,46,,33,73,83,75,82,92,105,84,99,99,107,25,25,19,,23,20,17,21,26,11,16,20,12,,6,37,5,8,,7,60,1,88,85,87,94,83,76,79,82,90,81,24,46,47,47,38,30,24,44,35,68,51,49,63,55,60,48,64,57,65,61,56,53,40,,,,53,21,,28,40,3,,19,15,27,,52,61,51,63,36,39,59,46,70,,,,64,68,,58,68,60,49,44,,49,25,27,25,30,19,33,41,,28,,22,,30,14,16,49,40,10,33,32,39,53,19,10,70,74,76,71,,71,63,59,13,34,8,30,63,75,,,62,,62,49,,64,59,51,54,52,48,,54,59,17,31,9,36,32,,13,4,6,7,1,17,26,47,53,,36,,31,56,66,28,64,35,38,8,30,7,10,21,11,21,,23,37,33,36,56,20,34,45,,107,83,46,81,38,79,78,53,73,92,100,81,77,94,89,94,84,22,17,10,38,22,18,35,41,21,42,26,12,44,4,11,36,13,28,20,27,6,27,10,,3,3,15,15,17,36,6,4,5,17,31,7,23,8,5,9,35,5,,14,36,33,19,32,34,36,19,18,48,24,12,29,37,28,26,30,26,26,23,13,5,10,9,6,19,32,18,41,4,3,35,48,46,14,7,11,8,5,4,10,3,,19,12,3,17,111,,41,55,56,61,80,5,70,36,,65,27,74,37,15,,3,44,20,21,17,,26,115,14,25,31,17,16,18,19,9,3,18,12,27,28,14,15,8,50,30,44,55,22,41,78,57,51,64,52,36,50,15,87,53,60,44,45,81,64,117,62,77,50,,58,69,79,,,,97,102,5,5,2,7,106,,29,27,22,49,30,45,33,17,30,36,42,45,15,11,43,,91,71,51,93,82,101,112,96,107,60,42,36,51,34,27,19,16,7,26,15,36,56,16,20,19,9,5,,15,,49,,45,46,42,22,21,,,67,,69,47,50,,24,17,47,46,51,28,30,42,60,39,44,90,82,93,108,82,,55,,56,,28,26,40,33,69,78,63,98,106,89,94,89,87,75,75,59,,164,105,137,122,105,19,22,26,18,33,27,31,32,33,37,18,28,31,12,27,26,32,13,26,21,21,18,20,37,16,31,21,19,81,82,,15,8,,28,21,15,,36,16,17,9,,,92,93,90,43,,83,,108,84,90,116,,129,121,,45,46,65,,44,9,38,15,6,29,104,29,52,34,,53,32,57,36,26,34,,9,2,20,3,19,31,19,11,8,8,14,,36,68,15,31,49,3,8,5,10,5,,14,72,73,20,64,52,2,4,14,11,8,47,45,40,22,33,40,63,54,52,,25,54,18,62,46,68,64,51,32,70,53,105,66,69,,63,74,77,49,57,84,81,81,89,81,84,79,74,102,74,69,74,108,98,107,67,111,85,,97,38,26,26,38,59,27,27,32,48,39,23,85,55,23,35,50,21,19,47,21,18,26,47,15,28,18,8,5,42,27,17,20,33,36,6,13,4,11,13,55,69,72,61,84,92,111,104,105,99,6,55,6,12,50,82,92,123,38,,,79,25,35,24,37,104,87,94,104,130,92,19,28,12,,24,27,38,67,78,68,50,71,52,44,46,7,12,5,2,40,9,61,54,65,19,60,53,54,,85,82,51,54,69,65,,102,106,94,111,118,76,52,68,101,68,37,50,37,40,41,44,72,75,24,43,58,44,146,46,71,56,73,26,18,50,43,45,88,72,79,92,85,84,48,69,57,75,63,,62,56,70,135,63,,66,55,61,43,47,75,71,51,50,54,,60,62,35,58,,26,54,49,,,56,39,20,37,59,52,53,78,,97,84,,22,56,,39,62,66,49,100,66,68,99,,20,108,,104,111,135,99,,118,73,86,92,94,22,,15,98,83,100,52,12,75,66,,83,94,95,136,,,27,3,93,99,111,106,95,21,18,74,30,,49,52,40,64,35,8,14,46,5,52,21,21,23,14,8,4,14,2,2,2,4,36,,,16,29,34,31,8,5,12,9,21,13,6,15,36,24,31,23,3,8,,,3,2,3,53,18,16,21,65,47,39,52,,18,,19,47,23,7,20,12,,18,30,44,,63,21,30,45,31,11,24,17,52,11,33,23,30,39,40,26,31,75,21,79,51,,47,14,19,16,56,56,57,48,54,63,,17,28,64,48,66,24,37,12,20,49,33,17,17,27,112,33,23,27,2,8,2,1,52,51,39,20,24,9,2,42,44,2,11,2,15,14,13,32,28,28,25,28,21,34,17,57,50,121,105,107,29,11,42,39,23,27,34,23,26,1,41,47,26,12,28,19,15,25,69,80,75,,51,88,83,102,,97,94,95,,94,83,71,74,75,89,96,99,85,99,68,86,82,76,86,80,81,,22,2,15,,88,86,83,60,49,47,47,50,2,13,27,53,65,54,,48,42,,5,89,73,80,68,35,24,19,23,13,35,35,32,16,33,47,5,16,14,23,39,29,44,51,50,46,56,44,55,72,94,21,45,13,33,43,65,36,46,34,49,23,41,30,25,43,4,,,,,5,,13,24,21,8,6,35,41,,37,24,7,25,35,13,10,28,33,6,7,5,36,34,12,7,32,4,21,19,50,95,101,68,86,104,78,95,59,25,63,48,51,38,60,49,107,71,58,,62,34,44,32,54,48,50,82,47,105,,40,28,,74,52,43,59,50,16,18,16,,84,34,33,38,32,35,62,36,49,52,28,39,38,36,40,5,11,38,26,2,,39,,36,26,23,58,23,1,21,23,4,3,10,8,43,44,,26,40,12,23,4,10,48,40,44,37,4,2,55,37,1,1,44,43,58,55,56,,99,,48,42,35,28,31,13,55,88,76,76,,56,46,42,16,88,84,69,70,95,50,58,68,75,54,71,34,45,78,82,75,100,87,58,,108,72,64,51,87,59,51,83,45,81,95,81,86,89,88,91,88,78,89,31,43,11,1,55,3,,28,30,108,89,172,10,,21,29,31,21,42,7,65,61,59,5,4,24,35,38,89,2,45,48,66,74,115,121,27,4,17,72,69,42,62,17,53,15,56,75,39,48,8,5,62,50,45,39,91,67,88,13,42,13,41,72,54,99,94,100,91,9,57,28,39,29,65,62,43,33,15,32,19,76,65,55,69,74,65,,50,94,57,51,19,32,78,76,128,2,76,23,114,27,13,45,86,92,28,51,62,56,74,43
20170820,1,O3_24h,138,147,129,138,140,128,147,142,133,168,130,148,,,120,,125,113,,,119,135,124,,167,98,,121,153,126,102,106,84,134,151,131,170,160,132,155,158,140,144,140,134,115,100,106,120,153,145,131,150,150,143,168,180,175,158,192,106,106,117,115,97,149,170,,168,141,150,152,123,151,143,138,152,158,132,184,,,134,162,182,150,189,167,209,183,195,184,207,204,187,167,137,131,147,,138,162,140,118,144,,186,104,121,108,130,142,158,121,117,117,122,88,79,77,,84,82,76,87,66,53,143,126,95,,105,109,96,116,119,88,107,102,252,216,267,254,235,237,224,234,234,229,125,159,163,155,128,111,147,136,177,166,144,123,145,170,160,129,156,210,242,205,222,250,74,,,,116,104,,96,101,101,,169,207,188,,158,202,203,220,190,209,225,131,186,,,,161,131,,129,179,154,180,134,,179,92,111,89,115,89,152,164,,99,,57,,55,166,138,87,205,168,183,149,172,184,169,149,150,168,243,208,,147,173,131,209,210,163,230,205,185,,,199,,194,187,,168,183,143,136,104,133,,169,173,145,112,133,167,159,,79,103,104,119,85,131,157,125,130,95,199,,181,217,212,202,272,106,89,126,133,107,132,131,133,143,,144,145,192,210,169,183,225,232,,133,125,116,124,128,119,122,101,101,110,118,113,112,106,112,102,92,124,112,101,105,120,118,118,102,127,94,114,131,102,135,101,105,101,93,105,86,96,222,206,,187,170,180,277,183,200,185,200,84,118,64,22,69,196,30,53,67,57,196,56,52,61,61,270,282,262,212,226,180,208,196,151,173,136,115,142,136,148,122,269,288,244,250,194,163,161,180,162,132,156,154,141,146,66,132,106,92,83,105,57,68,18,50,55,53,36,280,,270,182,177,205,199,158,186,199,,206,167,229,245,186,,126,199,230,180,171,,156,137,70,62,67,72,56,60,60,60,63,87,69,54,82,74,66,69,92,62,91,93,73,86,121,105,119,113,105,107,100,135,120,104,83,112,114,134,99,227,88,119,88,,93,129,155,,,,168,188,120,127,122,113,163,,126,97,75,96,95,99,124,130,126,142,146,55,130,105,93,,194,199,190,193,195,186,182,183,184,164,148,160,155,138,89,93,84,95,166,181,142,154,161,158,160,209,194,200,229,,108,,83,100,102,81,150,,,199,,184,115,119,,110,124,122,128,103,136,81,118,92,114,114,144,137,144,159,156,,119,,118,,102,148,149,151,120,135,119,116,124,105,148,125,124,120,119,101,,250,216,243,278,261,140,144,109,115,140,125,56,45,45,52,59,45,61,77,84,82,152,116,114,68,70,53,125,141,123,60,71,63,215,212,,209,203,,140,125,153,,91,102,98,58,,,172,172,154,164,,146,,182,151,140,145,,156,157,,202,174,216,,169,120,131,133,138,140,120,103,99,107,,102,102,109,88,105,92,,138,128,112,116,83,135,77,96,84,89,95,83,156,191,147,137,145,78,64,78,71,64,,62,96,111,104,102,103,88,85,96,79,88,95,114,114,84,100,135,160,120,185,,150,143,150,121,101,120,109,101,94,129,110,124,122,115,,137,142,126,113,115,110,110,113,125,114,122,121,105,156,135,152,153,140,125,130,143,111,92,,108,129,111,123,124,142,78,87,98,99,100,110,119,123,102,88,103,94,81,84,73,70,88,67,75,64,68,69,68,76,45,48,95,84,79,81,68,81,32,36,108,94,117,115,108,140,146,150,139,143,96,101,70,71,175,176,178,171,114,,,138,134,124,131,121,174,167,187,185,187,167,92,95,83,,90,83,89,101,124,105,103,98,89,113,95,129,108,97,109,84,92,91,102,90,62,99,90,129,,140,139,106,102,122,96,,135,154,151,151,141,113,77,124,120,90,101,117,96,94,155,146,122,137,110,120,111,87,146,118,130,103,155,52,124,129,107,99,135,117,124,131,111,112,160,212,178,253,240,,207,190,248,301,230,,145,133,211,145,171,224,204,103,104,99,,181,196,90,111,,95,137,149,,,73,62,96,111,134,126,112,103,,117,109,,199,202,,121,127,123,140,143,195,183,165,,161,163,,154,163,141,131,,136,121,169,162,185,175,,130,156,162,160,83,101,102,105,,142,137,163,200,,,116,112,141,150,161,155,140,107,86,83,100,99,111,100,108,114,165,111,121,149,110,112,110,103,127,123,88,91,96,82,81,77,90,80,,,122,63,62,76,71,91,82,131,80,92,97,116,123,72,107,87,77,84,55,93,114,97,82,99,120,140,149,85,83,89,89,68,90,,50,67,45,59,62,54,,61,72,71,,65,86,90,87,94,86,101,81,102,99,89,61,88,103,111,61,99,130,129,128,104,,97,68,61,70,89,84,90,100,143,134,,100,90,88,82,76,267,270,247,264,245,143,158,154,153,134,138,138,131,151,158,140,132,191,170,170,198,114,117,125,117,78,88,80,85,173,91,86,97,76,69,100,113,105,123,115,171,162,191,168,182,125,127,153,148,100,82,108,86,71,89,94,128,89,97,134,100,142,114,108,129,123,,130,123,144,144,,144,164,128,,130,129,91,98,101,96,103,104,94,102,105,116,109,114,90,92,88,,90,68,68,93,109,112,132,84,144,132,119,122,88,85,69,105,107,99,,99,89,,85,125,102,104,105,93,95,99,78,76,74,74,79,76,75,78,90,84,88,82,86,106,104,105,95,88,144,160,184,172,177,73,81,53,72,77,82,91,78,72,100,61,68,82,71,102,79,63,65,111,121,107,106,76,97,84,118,116,94,109,,112,114,143,141,107,110,95,102,124,57,67,59,78,73,108,86,110,127,126,135,169,172,207,170,179,183,152,195,157,134,137,121,168,178,186,172,156,144,157,,139,125,98,91,110,122,103,140,110,122,,106,98,,150,149,134,149,95,61,76,66,,112,80,75,72,74,71,85,70,95,80,67,66,66,66,64,71,75,115,123,34,42,54,,63,56,58,76,73,60,72,62,40,67,65,79,57,61,,46,45,48,59,60,11,57,76,79,76,60,55,78,69,73,67,76,68,82,81,67,,131,,77,75,133,159,135,157,169,175,165,174,,113,121,97,109,116,111,121,97,112,93,90,114,109,87,98,97,101,92,95,80,135,123,105,,134,90,82,133,127,81,79,85,70,93,155,163,170,158,153,158,115,114,107,136,171,117,123,146,128,123,121,115,139,134,173,162,,229,96,88,124,136,123,90,89,90,138,139,112,99,170,154,202,168,128,139,141,170,139,136,129,194,179,180,190,188,65,102,103,123,200,204,64,67,56,91,130,156,131,172,212,114,108,108,164,216,189,129,167,155,174,164,85,174,65,152,58,151,184,158,95,92,69,52,155,119,196,190,191,205,,137,140,139,217,217,129,154,105,197,95,128,47,114,140,165,144,145,164,109,115,117,111,122,155
20170820,1,O3_8h,29,43,43,12,24,34,9,3,46,63,25,5,,,26,,54,52,,,29,106,77,,54,19,,3,53,10,14,60,37,90,20,6,11,12,6,8,84,70,52,68,47,63,57,68,79,72,73,8,36,26,90,87,124,127,101,68,2,1,11,3,2,32,7,,16,71,55,61,46,38,61,99,98,79,98,88,,,74,95,77,48,58,63,98,93,44,4,22,20,12,61,27,3,22,,25,8,47,23,46,,33,73,83,75,82,92,105,84,99,99,107,25,25,19,,23,20,17,21,26,11,16,20,12,,6,37,5,8,,7,60,1,88,85,87,94,83,76,79,82,90,81,24,46,47,47,38,30,24,44,35,68,51,49,63,55,60,48,64,57,65,61,56,53,40,,,,53,21,,28,40,3,,19,15,27,,52,61,51,63,36,39,59,46,70,,,,64,68,,58,68,60,49,44,,49,25,27,25,30,19,33,41,,28,,22,,30,14,16,49,40,10,33,32,39,53,19,10,70,74,76,71,,71,63,59,13,34,8,30,63,75,,,62,,62,49,,64,59,51,54,52,48,,54,59,17,31,9,36,32,,13,4,6,7,1,17,26,47,53,,36,,31,56,66,28,64,35,38,8,30,7,10,21,11,21,,23,37,33,36,56,20,34,45,,107,83,46,81,38,79,78,53,73,92,100,81,77,94,89,94,84,22,17,10,38,22,18,35,41,21,42,26,12,44,4,11,36,13,28,20,27,6,27,10,,3,3,15,15,17,36,6,4,5,17,31,7,23,8,5,9,35,5,,14,36,33,19,32,34,36,19,18,48,24,12,29,37,28,26,30,26,26,23,13,5,10,9,6,19,32,18,41,4,3,35,48,46,14,7,11,8,5,4,10,3,,19,12,3,17,111,,41,55,56,61,80,5,70,36,,65,27,74,37,15,,3,44,20,21,17,,26,115,14,25,31,17,16,18,19,9,3,18,12,27,28,14,15,8,50,30,44,55,22,41,78,57,51,64,52,36,50,15,87,53,60,44,45,81,64,117,62,77,50,,58,69,79,,,,97,102,5,5,2,7,106,,29,27,22,49,30,45,33,17,30,36,42,45,15,11,43,,91,71,51,93,82,101,112,96,107,60,42,36,51,34,27,19,16,7,26,15,36,56,16,20,19,9,5,,15,,49,,45,46,42,22,21,,,67,,69,47,50,,24,17,47,46,51,28,30,42,60,39,44,90,82,93,108,82,,55,,56,,28,26,40,33,69,78,63,98,106,89,94,89,87,75,75,59,,164,105,137,122,105,19,22,26,18,33,27,31,32,33,37,18,28,31,12,27,26,32,13,26,21,21,18,20,37,16,31,21,19,81,82,,15,8,,28,21,15,,36,16,17,9,,,92,93,90,43,,83,,108,84,90,116,,129,121,,45,46,65,,44,9,38,15,6,29,104,29,52,34,,53,32,57,36,26,34,,9,2,20,3,19,31,19,11,8,8,14,,36,68,15,31,49,3,8,5,10,5,,14,72,73,20,64,52,2,4,14,11,8,47,45,40,22,33,40,63,54,52,,25,54,18,62,46,68,64,51,32,70,53,105,66,69,,63,74,77,49,57,84,81,81,89,81,84,79,74,102,74,69,74,108,98,107,67,111,85,,97,38,26,26,38,59,27,27,32,48,39,23,85,55,23,35,50,21,19,47,21,18,26,47,15,28,18,8,5,42,27,17,20,33,36,6,13,4,11,13,55,69,72,61,84,92,111,104,105,99,6,55,6,12,50,82,92,123,38,,,79,25,35,24,37,104,87,94,104,130,92,19,28,12,,24,27,38,67,78,68,50,71,52,44,46,7,12,5,2,40,9,61,54,65,19,60,53,54,,85,82,51,54,69,65,,102,106,94,111,118,76,52,68,101,68,37,50,37,40,41,44,72,75,24,43,58,44,146,46,71,56,73,26,18,50,43,45,88,72,79,92,85,84,48,69,57,75,63,,62,56,70,135,63,,66,55,61,43,47,75,71,51,50,54,,60,62,35,58,,26,54,49,,,56,39,20,37,59,52,53,78,,97,84,,22,56,,39,62,66,49,100,66,68,99,,20,108,,104,111,135,99,,118,73,86,92,94,22,,15,98,83,100,52,12,75,66,,83,94,95,136,,,27,3,93,99,111,106,95,21,18,74,30,,49,52,40,64,35,8,14,46,5,52,21,21,23,14,8,4,14,2,2,2,4,36,,,16,29,34,31,8,5,12,9,21,13,6,15,36,24,31,23,3,8,,,3,2,3,53,18,16,21,65,47,39,52,,18,,19,47,23,7,20,12,,18,30,44,,63,21,30,45,31,11,24,17,52,11,33,23,30,39,40,26,31,75,21,79,51,,47,14,19,16,56,56,57,48,54,63,,17,28,64,48,66,24,37,12,20,49,33,17,17,27,112,33,23,27,2,8,2,1,52,51,39,20,24,9,2,42,44,2,11,2,15,14,13,32,28,28,25,28,21,34,17,57,50,121,105,107,29,11,42,39,23,27,34,23,26,1,41,47,26,12,28,19,15,25,69,80,75,,51,88,83,102,,97,94,95,,94,83,71,74,75,89,96,99,85,99,68,86,82,76,86,80,81,,22,2,15,,88,86,83,60,49,47,47,50,2,13,27,53,65,54,,48,42,,5,89,73,80,68,35,24,19,23,13,35,35,32,16,33,47,5,16,14,23,39,29,44,51,50,46,56,44,55,72,94,21,45,13,33,43,65,36,46,34,49,23,41,30,25,43,4,,,,,5,,13,24,21,8,6,35,41,,37,24,7,25,35,13,10,28,33,6,7,5,36,34,12,7,32,4,21,19,50,95,101,68,86,104,78,95,59,25,63,48,51,38,60,49,107,71,58,,62,34,44,32,54,48,50,82,47,105,,40,28,,74,52,43,59,50,16,18,16,,84,34,33,38,32,35,62,36,49,52,28,39,38,36,40,5,11,38,26,2,,39,,36,26,23,58,23,1,21,23,4,3,10,8,43,44,,26,40,12,23,4,10,48,40,44,37,4,2,55,37,1,1,44,43,58,55,56,,99,,48,42,35,28,31,13,55,88,76,76,,56,46,42,16,88,84,69,70,95,50,58,68,75,54,71,34,45,78,82,75,100,87,58,,108,72,64,51,87,59,51,83,45,81,95,81,86,89,88,91,88,78,89,31,43,11,1,55,3,,28,30,108,89,172,10,,21,29,31,21,42,7,65,61,59,5,4,24,35,38,89,2,45,48,66,74,115,121,27,4,17,72,69,42,62,17,53,15,56,75,39,48,8,5,62,50,45,39,91,67,88,13,42,13,41,72,54,99,94,100,91,9,57,28,39,29,65,62,43,33,15,32,19,76,65,55,69,74,65,,50,94,57,51,19,32,78,76,128,2,76,23,114,27,13,45,86,92,28,51,62,56,74,43
20170820,1,O3_8h_24h,29,43,43,12,24,34,9,3,46,63,25,5,,,26,,54,52,,,29,106,77,,54,19,,3,53,10,14,60,37,90,20,6,11,12,6,8,84,70,52,68,47,63,57,68,79,72,73,8,36,26,90,87,124,127,101,68,2,1,11,3,2,32,7,,16,71,55,61,46,38,61,99,98,79,98,88,,,74,95,77,48,58,63,98,93,44,4,22,20,12,61,27,3,22,,25,8,47,23,46,,33,73,83,75,82,92,105,84,99,99,107,25,25,19,,23,20,17,21,26,11,16,20,12,,6,37,5,8,,7,60,1,88,85,87,94,83,76,79,82,90,81,24,46,47,47,38,30,24,44,35,68,51,49,63,55,60,48,64,57,65,61,56,53,40,,,,53,21,,28,40,3,,19,15,27,,52,61,51,63,36,39,59,46,70,,,,64,68,,58,68,60,49,44,,49,25,27,25,30,19,33,41,,28,,22,,30,14,16,49,40,10,33,32,39,53,19,10,70,74,76,71,,71,63,59,13,34,8,30,63,75,,,62,,62,49,,64,59,51,54,52,48,,54,59,17,31,9,36,32,,13,4,6,7,1,17,26,47,53,,36,,31,56,66,28,64,35,38,8,30,7,10,21,11,21,,23,37,33,36,56,20,34,45,,107,83,46,81,38,79,78,53,73,92,100,81,77,94,89,94,84,22,17,10,38,22,18,35,41,21,42,26,12,44,4,11,36,13,28,20,27,6,27,10,,3,3,15,15,17,36,6,4,5,17,31,7,23,8,5,9,35,5,,14,36,33,19,32,34,36,19,18,48,24,12,29,37,28,26,30,26,26,23,13,5,10,9,6,19,32,18,41,4,3,35,48,46,14,7,11,8,5,4,10,3,,19,12,3,17,111,,41,55,56,61,80,5,70,36,,65,27,74,37,15,,3,44,20,21,17,,26,115,14,25,31,17,16,18,19,9,3,18,12,27,28,14,15,8,50,30,44,55,22,41,78,57,51,64,52,36,50,15,87,53,60,44,45,81,64,117,62,77,50,,58,69,79,,,,97,102,5,5,2,7,106,,29,27,22,49,30,45,33,17,30,36,42,45,15,11,43,,91,71,51,93,82,101,112,96,107,60,42,36,51,34,27,19,16,7,26,15,36,56,16,20,19,9,5,,15,,49,,45,46,42,22,21,,,67,,69,47,50,,24,17,47,46,51,28,30,42,60,39,44,90,82,93,108,82,,55,,56,,28,26,40,33,69,78,63,98,106,89,94,89,87,75,75,59,,164,105,137,122,105,19,22,26,18,33,27,31,32,33,37,18,28,31,12,27,26,32,13,26,21,21,18,20,37,16,31,21,19,81,82,,15,8,,28,21,15,,36,16,17,9,,,92,93,90,43,,83,,108,84,90,116,,129,121,,45,46,65,,44,9,38,15,6,29,104,29,52,34,,53,32,57,36,26,34,,9,2,20,3,19,31,19,11,8,8,14,,36,68,15,31,49,3,8,5,10,5,,14,72,73,20,64,52,2,4,14,11,8,47,45,40,22,33,40,63,54,52,,25,54,18,62,46,68,64,51,32,70,53,105,66,69,,63,74,77,49,57,84,81,81,89,81,84,79,74,102,74,69,74,108,98,107,67,111,85,,97,38,26,26,38,59,27,27,32,48,39,23,85,55,23,35,50,21,19,47,21,18,26,47,15,28,18,8,5,42,27,17,20,33,36,6,13,4,11,13,55,69,72,61,84,92,111,104,105,99,6,55,6,12,50,82,92,123,38,,,79,25,35,24,37,104,87,94,104,130,92,19,28,12,,24,27,38,67,78,68,50,71,52,44,46,7,12,5,2,40,9,61,54,65,19,60,53,54,,85,82,51,54,69,65,,102,106,94,111,118,76,52,68,101,68,37,50,37,40,41,44,72,75,24,43,58,44,146,46,71,56,73,26,18,50,43,45,88,72,79,92,85,84,48,69,57,75,63,,62,56,70,135,63,,66,55,61,43,47,75,71,51,50,54,,60,62,35,58,,26,54,49,,,56,39,20,37,59,52,53,78,,97,84,,22,56,,39,62,66,49,100,66,68,99,,20,108,,104,111,135,99,,118,73,86,92,94,22,,15,98,83,100,52,12,75,66,,83,94,95,136,,,27,3,93,99,111,106,95,21,18,74,30,,49,52,40,64,35,8,14,46,5,52,21,21,23,14,8,4,14,2,2,2,4,36,,,16,29,34,31,8,5,12,9,21,13,6,15,36,24,31,23,3,8,,,3,2,3,53,18,16,21,65,47,39,52,,18,,19,47,23,7,20,12,,18,30,44,,63,21,30,45,31,11,24,17,52,11,33,23,30,39,40,26,31,75,21,79,51,,47,14,19,16,56,56,57,48,54,63,,17,28,64,48,66,24,37,12,20,49,33,17,17,27,112,33,23,27,2,8,2,1,52,51,39,20,24,9,2,42,44,2,11,2,15,14,13,32,28,28,25,28,21,34,17,57,50,121,105,107,29,11,42,39,23,27,34,23,26,1,41,47,26,12,28,19,15,25,69,80,75,,51,88,83,102,,97,94,95,,94,83,71,74,75,89,96,99,85,99,68,86,82,76,86,80,81,,22,2,15,,88,86,83,60,49,47,47,50,2,13,27,53,65,54,,48,42,,5,89,73,80,68,35,24,19,23,13,35,35,32,16,33,47,5,16,14,23,39,29,44,51,50,46,56,44,55,72,94,21,45,13,33,43,65,36,46,34,49,23,41,30,25,43,4,,,,,5,,13,24,21,8,6,35,41,,37,24,7,25,35,13,10,28,33,6,7,5,36,34,12,7,32,4,21,19,50,95,101,68,86,104,78,95,59,25,63,48,51,38,60,49,107,71,58,,62,34,44,32,54,48,50,82,47,105,,40,28,,74,52,43,59,50,16,18,16,,84,34,33,38,32,35,62,36,49,52,28,39,38,36,40,5,11,38,26,2,,39,,36,26,23,58,23,1,21,23,4,3,10,8,43,44,,26,40,12,23,4,10,48,40,44,37,4,2,55,37,1,1,44,43,58,55,56,,99,,48,42,35,28,31,13,55,88,76,76,,56,46,42,16,88,84,69,70,95,50,58,68,75,54,71,34,45,78,82,75,100,87,58,,108,72,64,51,87,59,51,83,45,81,95,81,86,89,88,91,88,78,89,31,43,11,1,55,3,,28,30,108,89,172,10,,21,29,31,21,42,7,65,61,59,5,4,24,35,38,89,2,45,48,66,74,115,121,27,4,17,72,69,42,62,17,53,15,56,75,39,48,8,5,62,50,45,39,91,67,88,13,42,13,41,72,54,99,94,100,91,9,57,28,39,29,65,62,43,33,15,32,19,76,65,55,69,74,65,,50,94,57,51,19,32,78,76,128,2,76,23,114,27,13,45,86,92,28,51,62,56,74,43
20170820,1,CO,1,0.9,1.2,0.8,1.2,0.9,1.1,1.8,0.9,1.1,0.9,1.3,,,1.9,,1,0.7,,,1,0.6,0.8,,0.7,1.2,,1,0.9,0.6,1.6,0.9,0.7,1,2.6,2.3,3.8,2,3,2.6,0.3,0.4,0.5,0.5,0.5,0.8,0.8,1,0.8,0.7,0.8,0.9,0.6,0.6,0.8,0.4,0.4,0.4,0.4,0.5,0.5,0.5,0.5,0.6,0.5,1,0.8,,0.8,0.8,0.3,0.2,0.6,0.4,0.6,0.3,1,0.9,0.8,0.8,,,0.9,0.7,1,1,1.1,0.9,0.7,1.1,0.9,1.1,1.1,1.3,1.3,1.2,0.8,0.9,0.8,,0.6,0.9,0.6,0.8,0.7,,1.1,0.8,0.7,0.8,0.9,0.6,0.7,0.7,0.7,0.8,0.7,0.9,1,1.1,,0.9,0.7,1.2,0.8,0.9,0.9,0.7,1.2,0.7,,0.3,0.4,0.6,0.6,1.7,0.5,0.4,1,0.3,0.6,0.5,0.6,0.7,0.6,0.7,0.5,0.5,0.5,0.6,0.5,1.3,0.9,0.6,1,1.5,0.9,0.7,0.3,0.6,0.4,0.2,0.8,0.4,1,0.7,0.6,0.3,0.3,0.5,0.4,0.4,,,,0.7,0.6,,0.5,0.5,0.3,,0.9,0.2,0.3,,0.3,0.5,0.6,0.6,0.5,0.5,0.7,0.8,0.4,,,,0.3,0.2,,0.6,0.6,0.5,0.3,0.7,,0.5,0.7,0.3,0.3,0.3,0.4,0.8,0.5,,0.7,,0.7,,0.5,0.6,0.8,0.6,0.8,0.7,0.9,0.8,0.6,0.6,0.8,0.8,0.7,0.9,0.6,0.9,,0.5,0.5,0.4,0.6,0.4,0.5,0.6,1.2,0.7,,,0.6,,0.7,0.8,,,0.4,0.3,0.6,0.5,0.2,,0.4,0.4,0.5,0.5,0.7,0.6,0.5,,0.7,0.9,1,1,1,0.6,0.9,0.7,0.5,1,0.2,,0.6,0.5,0.4,0.3,0.3,0.3,0.4,1.3,0.8,0.6,1.3,0.9,0.9,0.5,,1.5,0.7,1.1,0.7,0.7,1.1,0.9,0.7,,0.3,0.3,0.5,0.4,0.8,0.5,0.5,0.2,0.6,1.1,1.1,1.3,1.6,1.2,1.6,1.5,1.1,1.5,0.8,0.9,0.7,0.7,0.7,0.5,0.8,0.5,0.7,0.8,0.8,0.6,0.8,0.6,0.9,0.8,0.7,0.5,0.6,0.9,1,0.9,,1,0.7,1,1.1,1,0.6,1.1,0.7,0.7,0.7,0.6,0.7,0.8,1,0.7,0.6,0.6,0.7,0.5,0.3,0.3,,0.6,0.7,1.1,0.9,1,1,0.7,0.9,1,0.7,0.5,0.5,0.6,0.2,0.4,0.4,0.4,0.7,0.8,0.6,0.6,0.6,0.8,,0.8,0.7,0.5,1.2,0.9,0.8,0.6,1,1.2,1.2,0.9,1.1,1.1,1,1.1,0.5,,0.7,0.6,0.6,0.5,,1,0.7,0.8,0.6,1.2,1.1,0.8,0.7,,0.9,0.6,0.6,0.9,0.9,,0.9,0.6,1.1,1,0.9,,0.7,0.2,0.5,0.4,0.5,0.5,0.5,0.5,0.7,0.5,0.7,0.5,0.7,0.6,1.1,0.7,1,0.9,0.3,0.6,0.5,0.4,0.9,0.5,1.1,1.4,1.1,1.3,1.1,0.9,1.1,1.7,1.2,1.2,1.3,1.3,1.2,0.4,0.6,0.3,0.4,0.5,0.4,,0.9,0.5,0.6,,,,0.8,0.4,1.4,1.3,1.1,1.8,0.6,,0.8,0.7,2.4,0.6,0.8,0.5,0.4,0.8,0.5,0.6,0.8,0.3,0.5,0.7,1,,1.3,1.6,0.8,0.9,1.1,0.7,1.1,0.6,0.7,0.9,0.9,2.4,0.9,1,0.8,0.6,0.7,1.1,1,1.1,0.9,0.6,0.6,1.8,0.5,0.5,0.5,0.7,0.7,,0.4,,0.6,0.8,0.5,0.7,1.2,,,0.8,,0.7,0.9,0.8,,4.4,2.8,1.3,1.3,0.8,1.3,0.4,0.4,0.7,0.4,0.5,0.5,0.2,0.5,0.3,0.4,,0.5,,0.9,,0.3,1,0.7,1.2,1,0.6,0.8,0.3,0.3,0.2,0.4,0.3,0.5,0.4,0.6,0.5,,0.9,0.9,0.9,0.9,0.6,0.6,0.6,0.5,0.7,0.5,0.5,0.6,0.4,0.7,0.4,0.5,0.6,0.3,0.5,0.5,0.4,0.8,0.8,0.7,0.7,0.7,0.5,0.9,0.8,0.9,0.5,0.5,0.8,1,1.3,,0.9,0.8,,0.7,1.1,1.1,,0.6,0.7,0.6,0.3,,,1,1,1,1.1,,1,,1,1.2,1.3,1.1,,1.2,1.3,,2,2.4,1.9,,2,1.8,0.7,1.1,1.9,1.6,0.9,1.2,0.5,0.5,,0.4,0.7,1.2,1,1,1,,1,0.9,0.5,0.7,,0.6,0.9,1.1,0.9,1.1,1,0.8,0.9,0.6,0.6,1,0.9,0.9,0.7,0.5,0.9,0.5,,0.5,0.7,0.8,0.4,0.6,0.3,0.3,0.8,0.4,0.5,0.4,0.6,0.5,0.4,0.7,0.6,0.6,0.8,0.5,0.9,,2.3,1.1,3.1,0.6,0.4,0.7,0.9,0.3,0.3,0.6,0.3,0.5,1.3,2,,1.4,1.7,2.8,2.3,1.5,1.7,1.3,1.7,4.7,1.1,1.2,0.9,1.3,2.1,1.3,1,0.9,1.3,1.1,1.4,1.4,1.1,1,,1.1,0.8,1.1,1,1.2,0.7,0.8,0.8,1,0.3,0.7,0.7,0.3,0.5,0.6,0.8,1.3,1.2,1,0.6,1.1,1.3,1.1,1,0.4,0.7,0.6,0.7,0.6,0.2,0.7,0.8,0.7,0.8,0.6,0.9,1,0.8,0.6,0.4,0.6,0.6,0.7,0.6,1,1.2,1.1,1.3,1.1,1.2,1.7,0.1,1.1,0.8,0.5,0.5,0.6,0.5,0.8,,,0.7,0.7,0.7,0.6,0.8,0.8,0.5,0.6,0.6,0.4,0.7,0.9,0.5,0.2,,0.3,0.9,0.9,1.2,1.1,1.3,1.2,1.6,1.5,1.7,1.5,1.2,1.3,1.3,1.6,1,1,1.3,1.2,1.2,1.3,1.3,1.2,1,,0.9,0.9,0.3,0.3,0.2,0.5,,0.3,0.2,0.3,0.7,0.3,0.7,0.5,0.9,0.8,2.7,1.4,1.8,1.2,1,0.7,0.8,0.7,0.2,0.6,0.7,0.2,,0.5,0.2,0.4,,0.4,0.5,1.2,0.4,0.6,0.4,0.5,0.3,0.4,0.5,0.3,0.3,0.6,0.7,0.7,0.5,0.4,0.6,0.7,0.4,0.2,0.3,0.4,,0.5,0.7,0.6,0.8,0.5,0.5,0.6,0.3,0.4,0.8,,0.3,0.4,0.6,0.9,,0.7,0.6,0.6,,,0.3,0.3,0.6,0.3,0.5,0.4,0.3,1.3,,1.2,1.2,,0.8,0.6,,1.6,2.2,1.6,1.6,1.5,1,1.2,1.2,,0.9,1.2,,1.1,1,1.2,1,,1.8,1.1,0.9,1,0.9,1.9,,2.2,1,0.6,0.5,0.5,0.8,0.3,0.4,,0.7,0.4,0.3,0.4,,,0.3,0.4,0.6,0.5,0.4,0.4,0.4,0.7,0.8,1.1,1.1,0.5,0.4,0.4,0.4,0.5,0.7,0.4,0.2,0.5,0.9,0.7,0.5,0.4,0.8,0.4,0.9,1.1,1,1.1,0.8,0.8,1.2,1,,,0.2,0.8,0.6,0.6,0.5,0.5,0.3,0.4,0.4,0.6,2.2,0.3,0.6,0.3,0.4,0.4,0.3,0.5,0.2,0.5,0.4,0.5,0.7,0.3,0.4,0.7,0.4,0.6,0.6,0.6,0.5,0.4,0.8,,0.5,0.6,0.6,0.6,0.7,0.4,,0.5,0.4,0.3,,0.3,0.7,0.6,0.6,0.5,0.6,0.5,0.8,0.3,0.7,0.4,1,0.4,0.8,0.5,0.9,0.4,0.3,0.4,0.4,0.7,,0.2,0.2,0.4,0.6,0.2,0.3,0.3,0.4,0.8,0.8,,0.7,0.7,0.4,0.5,0.4,0.7,0.6,0.6,0.5,0.7,1.4,1.3,0.8,0.8,0.6,0.9,1.1,0.9,0.6,0.7,0.7,0.8,0.6,0.7,0.6,0.7,1.1,1,0.8,1.1,0.2,1.1,0.8,1,0.6,0.5,0.7,0.6,1.5,0.9,0.8,0.5,0.5,0.3,0.3,1.4,1.2,0.9,0.6,1.3,0.7,0.2,1.3,0.7,0.7,0.5,0.8,0.6,0.5,0.7,0.8,0.4,0.3,0.9,1.4,1,0.8,1,2.9,2.1,2.2,,1.2,0.8,0.8,1,,0.9,1,0.8,,0.9,0.9,0.9,1,0.8,1.4,1,1.6,1.2,1.2,1,0.6,0.8,0.6,0.9,1.2,1.1,,0.8,1,0.9,1,0.7,1,0.7,0.5,0.4,0.8,0.8,0.7,0.8,0.6,0.8,0.6,0.8,0.7,,0.9,0.7,,1.2,0.9,1.1,0.8,1.1,0.9,0.6,0.8,1,1,0.6,0.6,1.2,0.7,0.9,0.6,0.6,0.5,0.6,0.5,0.6,1,0.4,0.8,0.8,0.7,1.5,2.2,1.7,1.6,1.1,0.4,0.4,0.6,0.5,0.4,1.1,1.3,1.2,1,1.4,0.9,2.3,1.6,1,0.7,0.7,1.1,1.3,1.3,0.9,0.9,0.5,0.7,0.6,0.8,1.3,1.2,0.6,0.4,,0.6,1,0.8,1.3,2.6,1.3,1.1,1,1.3,0.4,0.8,0.6,0.5,0.7,0.7,0.4,0.8,0.6,0.5,0.7,0.9,0.4,0.5,0.6,0.4,0.5,0.4,0.4,0.6,0.7,0.7,0.7,0.4,0.4,0.4,0.3,0.4,0.8,1.2,,0.6,0.5,0.5,0.5,0.6,0.8,0.5,0.6,0.7,0.3,,0.6,0.6,,0.5,0.8,0.7,0.5,0.6,0.5,0.6,0.5,,0.4,0.7,0.6,0.5,0.7,0.4,0.4,0.5,0.2,0.5,0.3,0.4,0.5,0.5,0.5,0.6,0.9,0.6,0.8,1.1,0.8,0.6,,0.5,1.2,0.8,0.2,0.8,0.9,0.9,0.6,0.3,0.4,0.8,1.1,0.6,0.8,,0.3,0.3,0.7,0.7,0.7,0.1,0.6,0.7,0.6,0.5,1.6,0.9,1,0.4,0.9,1,0.5,0.4,0.4,0.3,0.9,,0.2,,0.3,0.2,0.5,1,1,1,1.1,1.1,1.3,1.2,,0.7,0.6,0.6,0.7,0.2,0.5,0.2,0.5,0.8,0.5,0.3,0.4,0.4,0.7,0.7,0.4,0.3,0.9,1,0.9,0.1,0.3,0.3,,0.7,0.7,,1.2,0.7,0.8,0.6,1,0.5,0.6,0.8,0.6,0.7,0.4,0.4,0.6,1.8,0.9,1,1.2,1.1,2.7,2.6,0.2,1.7,1.2,0.7,0.9,0.9,0.8,1.2,1.3,,1.2,1.5,1,1.2,1.1,1.9,0.8,0.7,0.7,1.3,1.4,0.7,1.1,0.3,1.3,1,0.8,0.8,1,1.2,1.1,1.5,2,0.6,0.6,0.5,0.4,0.8,0.8,0.6,0.3,0.7,0.4,0.8,1.2,0.7,9.7,0.8,0.5,0.3,0.8,0.9,0.5,0.7,0.5,0.5,0.6,0.8,0.6,0.8,0.9,1.1,,0.6,0.5,1.5,0.3,0.5,0.4,0.7,0.3,0.7,0.7,0.5,1.2,0.8,0.6,0.6,0.6,0.8,0.5,0.4,2.4,,1.2,1.1,1.2,0.9,1,0.6,1.1,0.4,0.6,0.8,0.6,0.4,1.1,1.5,0.2,0.9,1.2,0.3,0.7,0.2,0.3,0.5,0.3,1.1
20170820,1,CO_24h,1,0.8,1.1,0.9,1.1,0.9,1,1.1,0.9,1,0.8,1,,,0.9,,0.8,0.5,,,0.9,0.7,0.7,,0.7,1,,0.9,0.8,0.6,1.4,0.7,0.6,0.7,1.9,1.9,1.9,1.8,2.3,2,0.5,0.5,0.5,0.5,0.5,0.8,0.9,0.9,0.9,0.6,0.6,0.7,0.6,0.5,0.7,0.5,0.5,0.6,0.8,0.6,0.5,0.5,0.5,0.6,0.5,1.3,1,,1.1,0.9,0.4,0.3,0.6,0.4,0.7,0.6,1.2,0.9,1,1,,,1.1,0.8,1.3,1.2,1.3,1.1,0.8,1.2,0.8,1.1,1,1.1,1.2,1.2,0.8,1,0.9,,0.8,1,0.9,1,1,,1,0.8,0.8,0.9,1,0.6,0.9,0.8,0.9,0.8,1.3,0.9,1,1,,1,0.7,0.9,0.8,0.9,0.8,0.6,0.9,0.6,,0.4,0.6,0.6,0.6,1.3,0.3,0.3,0.7,0.4,0.8,0.5,0.8,0.8,0.7,0.8,0.6,0.7,0.5,0.8,0.6,1.6,1.1,0.9,1.3,1.2,0.8,0.9,0.4,0.7,0.5,0.3,0.9,0.4,1.1,0.8,0.8,0.6,0.5,0.7,0.5,0.4,,,,0.9,0.6,,0.6,0.7,0.4,,1,0.3,0.4,,0.5,0.6,0.7,0.7,0.7,0.8,0.9,1,0.6,,,,0.6,0.5,,0.8,0.9,0.8,0.5,0.8,,0.7,0.8,0.4,0.4,0.4,0.5,0.8,0.5,,0.8,,0.8,,0.5,0.6,0.8,0.6,0.7,0.7,0.8,0.7,0.6,0.6,0.7,0.9,0.7,0.8,0.6,0.9,,0.5,0.4,0.4,0.6,0.5,0.5,0.8,1.1,0.7,,,0.7,,0.8,0.9,,0.2,0.6,0.6,0.6,0.6,0.3,,0.6,0.5,0.5,0.5,0.7,0.7,0.6,,0.5,0.7,0.8,0.9,0.8,0.4,0.9,0.7,0.5,0.9,0.2,,0.6,0.7,0.5,0.3,0.3,0.4,0.4,1.4,0.6,0.5,1.1,1,0.9,0.6,,1.5,1.1,1.5,1,0.9,1.3,1.1,1,,0.3,0.3,0.4,0.4,0.6,0.6,0.5,0.2,0.7,1,1.1,1.2,1.4,1,1.4,1.5,1,1.4,0.7,0.8,0.6,0.6,0.7,0.5,0.7,0.5,0.6,0.8,0.7,0.5,0.6,0.6,0.5,0.6,0.4,0.4,0.6,0.7,0.7,0.6,,0.8,0.7,0.7,0.8,0.8,0.6,0.9,0.6,0.6,0.7,0.6,0.7,0.7,0.8,0.6,0.6,0.6,0.4,0.6,0.3,0.4,0.4,0.5,0.5,1,0.7,0.5,0.7,0.6,0.7,0.8,0.8,0.5,0.5,0.6,0.2,0.5,0.4,0.4,0.7,0.9,0.7,0.7,0.6,0.7,0.6,0.6,0.7,0.5,0.9,0.9,0.7,0.5,0.9,1,1,0.8,0.9,1,0.8,0.9,0.5,0.5,0.7,0.5,0.6,0.5,,0.8,0.6,0.8,0.6,1.1,0.8,0.8,0.6,,0.7,0.5,0.4,0.8,0.8,,0.7,0.6,1,0.9,0.8,,0.6,0.2,0.4,0.4,0.6,0.5,0.4,0.4,0.5,0.4,0.5,0.6,0.8,0.6,0.9,0.5,0.8,0.8,0.4,0.7,0.4,0.5,0.7,0.5,1.3,1.6,1.3,1.5,1.3,1.1,1.2,1.6,1.3,1.4,1.5,1.4,1.3,0.7,0.8,0.4,0.6,0.6,0.5,,0.9,0.7,0.6,,,,0.8,0.5,0.8,0.9,0.7,0.9,0.7,,0.8,0.7,1.1,1.2,0.7,0.8,0.4,0.5,0.5,0.6,0.7,0.3,0.5,0.2,0.9,,1.2,1.5,0.9,0.8,1,0.8,1.2,0.7,0.8,1,0.7,1.7,0.8,0.9,0.8,0.6,0.7,1.1,1.2,1.2,0.9,1,1,1.2,0.8,0.6,0.5,0.7,0.7,,0.5,,0.8,0.9,0.7,0.9,0.9,,,1.1,,1.1,1.1,1,,1.2,1.2,1.1,1.4,0.9,1.4,0.4,0.4,0.7,0.3,0.3,0.7,0.4,0.7,0.5,0.6,,0.5,,0.7,,0.4,0.9,0.7,1.1,1.3,0.6,1.2,0.5,0.4,0.4,0.5,0.5,0.6,0.6,0.8,0.7,,0.9,0.9,0.8,1,0.7,0.7,0.6,0.6,0.7,0.6,0.6,0.6,0.4,0.7,0.4,0.5,0.6,0.4,0.5,0.5,0.4,0.8,0.8,0.7,0.6,0.7,0.5,0.8,0.7,0.9,0.5,0.6,0.7,1,1.2,,0.9,0.8,,0.7,0.9,0.9,,0.7,0.6,0.6,0.5,,,0.9,1.1,1.1,1.2,,1.2,,1.4,1.2,1.3,1.2,,1.3,1.4,,1.6,1.7,1.4,,1.5,1.4,0.9,0.9,1.1,1.4,0.9,1.1,0.5,0.5,,0.8,0.9,1.8,1.4,1.1,1.1,,0.9,0.8,0.6,0.6,0.5,0.8,0.9,1.3,1.2,1.1,1,0.8,0.8,0.8,0.6,1.2,1.1,0.7,0.7,0.5,0.7,0.5,,0.4,0.8,0.8,0.3,0.7,0.3,0.3,0.6,0.4,0.4,0.4,0.6,0.5,0.4,0.6,0.6,0.8,0.9,0.6,0.9,,1.1,0.9,1.2,0.8,0.6,0.7,1,0.4,0.4,0.6,0.4,0.5,1.1,1.8,,1.2,1.4,2.2,2,1.1,1.8,1.3,1.5,2.2,0.9,0.9,0.7,0.9,1.5,1.4,1,1.1,0.9,0.7,1.1,1,1,0.8,,0.9,0.8,1,0.9,1.2,0.8,0.8,0.7,0.9,0.4,0.6,0.5,0.3,0.5,0.6,0.6,1.2,1.1,1,0.6,1.1,1.2,1.1,1,0.4,0.7,0.5,0.7,0.6,0.3,0.8,0.7,0.6,0.8,0.5,0.8,0.7,0.8,0.5,0.4,0.6,0.6,0.6,0.6,1,1.3,1,1.3,1,1.1,1.7,0.6,1,0.9,0.3,0.3,0.4,0.4,0.5,,,0.6,0.7,0.7,0.6,0.8,0.8,0.5,0.5,0.6,0.4,0.6,0.9,0.4,0.4,,0.3,0.8,0.8,1.3,1.2,1.4,1.4,1.5,1.5,1.6,1.4,1.1,1.2,1.2,1.3,0.9,0.9,1.1,1.1,1.1,1.2,1.1,1,1.1,,1,0.9,0.3,0.2,0.2,1.1,,0.6,0.6,0.4,0.6,0.3,0.7,0.5,0.7,0.8,1.4,1.2,1.8,0.6,0.7,0.8,0.8,0.8,0.2,0.5,0.6,0.3,0.8,0.7,0.4,0.6,0.1,0.6,0.7,1.1,0.5,0.6,0.4,0.6,0.4,0.5,0.6,0.5,0.5,0.7,0.8,0.8,0.7,0.5,0.9,0.6,0.6,0.6,0.6,0.6,,0.7,0.9,0.8,0.7,0.8,0.6,0.8,0.5,0.7,1.1,,0.6,0.5,0.6,0.8,,0.8,0.7,0.6,,,0.4,0.2,0.5,0.4,0.6,0.4,0.4,0.9,,0.8,0.8,,0.8,0.5,,1.2,1.5,1.2,1.4,1.4,1.1,1.2,1.3,,1,1.2,,1.1,1,1.5,1.3,,1.6,1.4,1.1,1.2,1.1,1.9,,2,1.6,1,1,0.5,0.4,0.4,0.5,,0.8,0.6,0.5,0.8,,,0.5,0.3,0.6,0.6,0.5,0.7,0.5,0.5,0.4,0.7,0.6,0.2,0.5,0.6,0.4,0.8,0.6,0.6,0.3,0.5,0.8,0.7,0.6,0.3,0.8,0.4,0.9,1,0.8,0.8,0.9,0.8,1.2,1,,,0.2,0.8,0.7,0.6,0.4,0.6,0.4,0.4,0.5,0.5,1,0.6,0.9,0.4,0.5,0.4,0.4,0.5,0.3,0.4,0.3,0.5,0.7,0.3,0.5,0.5,0.4,0.7,0.6,0.5,0.5,0.3,0.8,,0.5,0.6,0.5,0.6,0.7,0.3,,0.5,0.4,0.3,,0.4,0.7,0.6,0.7,0.8,0.8,0.5,0.9,0.4,0.8,0.3,0.7,0.5,0.6,0.5,1,0.4,0.5,0.5,0.7,0.8,,0.5,0.2,0.4,0.5,0.3,0.4,0.4,0.5,0.7,0.6,,0.7,0.6,0.5,0.6,0.4,0.7,0.7,0.7,0.6,0.7,1.7,1.5,0.8,1.2,0.6,0.9,1,0.9,0.6,0.8,0.6,0.6,0.8,0.9,0.8,0.7,1.1,0.9,1.1,0.8,0.3,0.9,1,0.9,1.2,0.5,0.6,0.7,1.8,1,0.7,0.9,0.4,0.3,0.3,1.2,0.9,1,0.7,1.2,0.7,1,0.9,0.6,0.7,0.6,0.8,0.7,0.6,0.7,0.8,0.5,0.4,0.9,1.3,1.2,0.8,1.2,1.8,1.4,1.5,,1.2,1.1,1.2,1.2,,1.2,1.2,0.7,,0.7,0.5,0.6,0.6,0.5,1.2,0.8,1.4,1,1,0.9,0.6,0.7,0.6,0.6,0.8,0.9,,0.9,0.7,0.9,0.8,0.7,1.1,0.8,0.5,0.5,0.8,0.9,0.8,1.1,0.7,1.6,0.6,0.8,0.8,,0.8,0.6,,1.1,0.8,1,0.8,1,0.9,0.6,0.8,1,0.7,0.6,0.7,0.8,0.7,0.9,0.9,0.5,0.5,0.7,0.6,0.6,1,0.4,0.8,0.7,1,1.2,1.8,1.6,1.5,1,0.4,0.4,0.4,0.4,0.4,1.2,1.2,1,0.9,1.3,0.9,2.3,1.5,0.9,0.8,0.8,1,1,1.1,0.9,1.1,0.9,0.8,0.8,0.6,1,0.8,0.7,0.5,,0.7,1,0.6,1.1,0.8,1.1,0.8,0.7,1.3,0.4,0.8,0.6,0.4,0.5,0.7,0.4,1,0.7,0.5,0.9,0.8,0.4,0.6,0.7,0.4,0.6,0.5,0.5,0.5,0.6,0.6,0.6,0.2,0.3,0.3,0.3,0.4,0.6,1,,0.4,0.4,0.4,0.4,0.5,0.6,0.4,0.6,0.7,0.3,,0.6,0.7,,0.5,0.6,0.6,0.5,0.5,0.7,0.5,0.5,,0.5,0.7,0.6,0.6,0.7,0.6,0.4,0.4,0.3,0.5,0.4,0.3,0.5,0.5,0.4,0.4,1,0.6,0.6,0.9,0.7,0.6,,0.5,1.3,0.9,0.2,0.6,0.8,0.9,0.7,0.4,0.3,0.8,1,0.6,0.8,,0.5,0.4,0.7,0.6,0.6,0.2,0.6,0.8,0.7,0.6,1.3,0.9,0.9,0.4,0.7,1,0.5,0.5,0.4,0.3,0.9,,0.2,,0.3,0.2,0.6,1,0.9,1,1.1,1.3,1.4,1.2,,0.8,0.7,0.9,0.9,0.7,0.7,0.2,0.5,0.5,0.5,0.5,0.4,0.4,0.5,0.6,0.5,0.5,0.8,1,0.9,0.2,0.4,0.4,,0.9,0.8,0.1,1.2,0.8,1,0.6,1.1,0.5,0.6,1.1,0.9,0.9,0.7,0.7,0.7,1.5,1,1.2,0.8,0.9,1.5,1.5,0.3,1.1,0.8,0.4,0.4,0.9,0.6,1.1,0.4,,0.5,0.9,0.5,0.8,0.8,0.9,0.7,0.7,0.6,0.8,0.7,0.5,1.2,0.4,1.2,0.7,1,0.8,0.8,1.1,1.1,1.8,1.8,0.5,0.6,0.8,0.4,0.8,0.9,0.5,0.5,0.7,0.5,1.1,1.1,0.9,1.8,1.4,1.2,0.3,1.1,1,0.4,0.9,0.5,0.4,0.5,1.1,0.7,0.6,0.8,1.3,0.6,0.6,0.6,1.4,0.4,0.5,0.5,0.8,0.6,0.9,0.7,0.7,0.5,0.9,0.7,0.8,0.5,0.7,0.4,0.5,1.7,,1.2,1.3,0.9,0.9,0.9,0.6,0.8,0.3,0.8,0.6,0.7,0.5,1,1.4,0.3,0.7,1.4,0.5,0.4,0.3,0.3,0.7,0.3,0.9
20170820,2,AQI,68,58,83,49,88,60,65,95,57,57,80,84,,,78,,75,64,,,75,57,74,,82,80,,91,102,80,123,68,89,104,84,70,103,158,113,95,37,45,52,48,48,93,145,115,78,60,74,95,88,80,64,67,49,54,41,73,60,51,50,49,36,45,57,,45,53,68,80,63,70,70,67,63,78,62,60,,,73,56,56,59,59,71,84,80,97,111,106,141,109,84,41,36,55,,,58,67,44,54,,64,27,24,,27,30,33,25,29,28,30,41,40,36,,34,15,20,39,17,41,90,73,72,,70,61,84,79,73,59,63,77,24,23,22,27,23,21,23,20,24,24,24,14,20,19,16,19,,20,25,19,18,19,17,14,20,15,30,18,16,17,28,17,23,,,,28,23,,40,22,57,,42,29,31,,18,16,14,21,14,20,17,14,20,,,,25,21,,23,21,23,15,14,,22,22,23,18,16,27,29,,,35,,37,,32,41,47,28,33,33,39,42,42,45,47,31,33,38,39,46,,38,39,55,55,42,51,57,57,53,,,24,,47,38,,52,26,47,25,26,23,,20,18,58,51,53,27,34,,24,16,19,27,26,52,18,18,27,29,56,,47,40,53,38,42,16,30,54,63,54,75,68,80,30,,63,35,78,45,64,65,73,54,,32,34,50,44,38,31,29,67,22,71,68,77,75,75,76,65,68,87,93,61,58,55,81,69,62,56,73,49,65,39,83,61,52,64,53,60,53,57,37,49,,59,48,40,87,50,57,52,54,24,30,18,22,25,38,28,27,22,24,41,16,19,12,16,43,50,38,25,24,33,62,63,16,12,16,12,22,32,22,19,28,37,41,38,29,50,56,55,39,51,57,45,35,48,52,71,53,55,73,60,57,77,12,14,26,24,15,32,,57,38,49,45,49,83,54,67,,35,55,44,41,72,,36,48,37,26,61,,32,53,36,36,19,30,40,40,46,32,66,41,37,28,40,41,39,57,17,15,16,19,18,15,63,59,56,55,59,53,63,98,54,61,54,50,80,50,52,52,52,45,16,,26,29,62,,,,51,53,62,89,103,75,36,,57,42,58,49,57,42,49,51,47,39,38,29,23,39,46,,81,90,100,89,108,91,72,62,70,89,61,67,43,43,38,33,35,43,52,57,40,31,60,31,53,42,42,54,23,,32,,33,41,41,36,59,,,43,,57,32,35,,63,62,60,66,51,33,53,44,46,42,85,27,32,28,33,27,,54,,57,,50,49,39,39,33,27,28,30,31,27,29,28,29,28,31,28,,78,84,64,67,77,26,38,29,38,28,30,20,21,20,18,28,15,10,20,33,18,43,65,51,23,18,48,54,59,54,22,18,25,89,90,,48,46,,52,67,57,44,26,43,56,32,,,58,62,57,84,,58,,59,57,54,62,,54,60,,80,108,87,,99,84,83,82,107,105,54,62,52,42,,25,29,29,30,35,25,,60,62,31,39,21,45,28,30,40,60,54,35,80,29,59,65,80,51,42,28,33,40,,19,39,51,44,28,56,,48,51,32,19,28,35,37,35,20,17,22,18,26,,37,42,39,24,54,51,47,23,42,53,44,31,130,142,,104,140,113,110,69,72,69,63,68,70,78,78,79,75,93,104,105,99,134,89,112,102,107,,85,50,48,56,49,51,53,45,53,50,52,53,38,51,62,54,46,58,55,26,43,76,16,19,27,48,51,59,59,17,15,43,51,63,48,61,65,82,18,22,42,39,38,42,35,50,49,38,55,63,61,20,49,36,80,64,78,60,94,,,83,29,36,39,52,29,51,58,57,50,53,54,51,52,,43,45,47,55,54,57,68,39,47,74,53,62,67,82,219,102,93,106,120,94,85,125,120,64,,54,62,26,36,17,33,,43,34,70,64,41,23,50,36,45,108,102,138,46,32,43,48,29,45,40,36,33,39,,35,35,36,26,20,53,49,26,37,51,22,27,29,23,25,22,22,19,20,17,19,15,17,20,38,19,,19,23,20,13,20,16,17,19,22,18,,16,17,44,32,,46,37,47,,,30,28,43,36,26,20,40,76,,84,92,,62,72,17,108,108,98,94,90,64,64,42,,63,67,,58,62,73,64,,54,64,48,52,40,83,,64,51,43,46,21,50,43,36,,89,74,81,70,,,49,50,30,33,38,52,30,99,59,73,84,70,31,33,46,43,62,35,65,42,68,52,70,39,53,37,24,30,28,31,44,31,30,48,,,52,27,20,25,33,54,69,53,40,51,121,15,55,18,35,22,20,25,21,38,52,47,69,20,25,44,30,46,41,42,28,53,32,,64,42,68,28,32,28,,38,44,51,,32,42,32,43,42,59,42,54,56,43,46,79,48,46,45,43,34,20,42,27,25,,21,34,30,39,37,23,22,21,29,40,,55,56,22,21,19,53,45,51,23,42,60,49,57,40,73,52,62,52,46,52,68,49,42,38,29,54,61,72,85,58,15,70,51,66,50,41,54,42,55,49,32,45,43,41,38,120,94,68,82,90,77,78,70,63,44,39,48,43,53,43,43,37,48,47,38,43,52,55,61,63,59,,84,70,73,37,,39,39,82,,80,117,95,104,118,90,45,57,71,79,64,68,58,50,65,70,67,,39,63,64,63,36,43,40,43,36,38,32,39,53,43,51,28,29,30,,45,51,,54,35,39,37,52,33,25,28,60,51,40,43,48,61,55,41,43,51,59,,65,52,54,54,33,40,27,61,73,55,63,31,29,48,31,26,36,44,53,57,73,37,48,46,55,32,40,54,66,74,73,77,69,83,32,53,64,60,50,47,,62,69,49,52,74,60,67,80,71,20,62,54,49,59,25,33,32,41,44,53,74,64,59,68,48,54,46,59,49,51,42,51,58,49,46,65,51,61,59,,57,56,47,55,107,62,52,57,28,59,,25,36,,41,70,68,76,67,10,6,9,,24,12,23,24,23,34,33,43,27,43,32,16,18,17,18,59,50,51,52,37,19,15,,18,21,19,52,62,83,34,16,48,28,33,16,19,23,,31,33,30,31,33,30,15,18,20,13,53,43,43,12,70,86,16,15,18,17,17,,30,,15,13,31,65,62,49,63,49,55,56,,25,18,20,20,29,27,16,52,63,17,18,24,19,44,52,35,35,56,53,55,35,29,52,,37,26,48,49,30,38,17,29,14,41,59,66,51,29,28,29,62,88,55,70,91,137,85,17,62,50,54,79,44,50,71,300,,169,340,201,68,48,95,36,35,21,55,69,39,25,25,62,51,87,69,63,84,64,68,65,53,30,21,39,41,24,41,23,40,37,65,39,18,72,17,25,33,40,22,51,25,26,26,77,64,44,54,62,53,57,67,64,57,23,26,22,32,16,30,16,25,35,25,42,21,25,53,57,41,94,,59,48,132,98,39,95,80,29,63,46,32,19,94,63,20,74,68,30,51,36,40,17,26,54
20170820,2,PM2.5,49,41,61,34,65,43,46,71,40,40,59,62,,,57,,55,46,,,55,36,54,,60,59,,66,76,57,93,49,66,78,53,51,66,92,61,55,9,31,32,18,21,63,111,87,57,43,54,71,65,59,46,34,34,12,25,42,8,7,19,10,18,31,40,,31,36,49,59,43,51,51,48,45,57,43,43,,,53,39,36,35,42,39,62,59,57,67,12,59,82,62,22,24,37,,,29,48,24,37,,33,17,10,,14,11,12,13,16,16,12,17,11,13,,10,7,8,13,9,13,26,28,18,,31,24,33,31,29,28,36,36,7,15,,14,12,12,16,7,,13,5,2,6,,8,,,6,,,12,13,8,,14,7,13,10,6,9,15,9,14,,,,19,9,,9,11,19,,29,20,16,,,5,4,,9,6,,7,12,,,,12,10,,16,13,16,4,9,,8,14,11,12,11,17,20,,,6,,22,,22,24,25,18,23,23,24,27,19,19,27,19,19,26,27,30,,26,27,31,39,23,28,40,40,31,,,8,,30,26,,25,15,32,14,18,16,,14,10,41,35,37,17,19,,11,8,10,12,18,25,12,12,14,16,25,,14,20,26,26,29,8,21,28,18,17,45,26,31,21,,24,22,47,11,34,42,53,22,,5,12,20,7,5,7,20,15,12,47,49,56,55,55,46,47,49,44,30,24,24,20,30,33,21,19,27,20,32,24,39,26,25,24,25,23,26,40,22,22,,24,18,28,61,22,40,24,26,16,17,8,12,17,18,14,14,15,14,24,9,13,5,11,30,21,26,10,10,17,44,45,11,8,11,2,15,16,15,13,18,16,20,18,17,27,31,35,18,26,40,31,23,29,27,31,24,25,26,25,33,33,3,8,13,4,10,14,,40,23,26,20,11,29,24,27,,24,18,11,25,25,,20,33,23,13,28,,22,29,11,25,2,15,16,19,32,22,26,15,14,19,11,22,15,19,4,10,5,3,9,4,45,34,30,29,41,36,38,62,38,36,32,32,38,26,22,17,28,25,1,,18,20,35,,,,23,21,32,26,48,55,8,,17,22,34,34,30,29,34,33,25,11,14,20,16,19,26,,56,67,75,65,81,40,52,35,51,60,37,46,22,25,20,19,22,19,36,27,28,16,29,17,30,19,19,30,13,,12,,11,11,13,9,36,,,30,,33,22,19,,25,34,28,44,27,22,22,14,19,7,46,7,14,12,8,7,,28,,33,,18,23,21,25,20,18,19,5,7,5,5,,14,19,12,19,,57,62,42,48,56,18,26,16,26,19,21,9,10,14,12,16,10,,9,23,12,29,29,33,16,8,33,30,30,31,10,12,8,60,67,,33,28,,29,38,29,26,18,26,22,4,,,34,44,40,44,,41,,42,40,38,44,,38,43,,59,81,64,,74,56,61,56,63,79,27,23,31,29,,17,13,13,21,24,17,,43,33,7,14,13,24,10,19,20,14,21,4,59,20,36,37,59,19,13,7,11,13,,13,24,14,21,11,27,17,23,17,22,5,1,24,20,17,12,8,10,8,10,,6,13,12,4,23,19,24,16,28,27,28,14,72,108,,78,107,85,83,50,49,44,45,49,51,57,57,58,55,69,78,79,74,102,66,84,76,80,,63,24,27,17,19,19,20,24,25,28,36,37,26,22,44,31,32,41,39,10,19,27,11,11,17,33,32,24,42,3,5,28,35,26,33,31,,24,6,2,29,27,26,26,24,28,34,26,39,36,31,11,23,14,59,39,57,43,70,,,61,20,8,27,36,16,28,41,40,35,26,21,24,17,,29,31,26,30,32,29,32,27,31,31,34,25,8,38,169,55,60,67,91,57,49,72,68,30,,37,44,11,9,9,9,,20,14,29,26,13,1,11,20,11,49,58,26,32,18,23,27,20,31,28,17,11,9,,21,24,25,18,8,26,,18,21,9,8,9,10,3,7,15,10,13,5,6,,8,9,12,9,13,,4,7,14,,14,8,10,13,15,6,,10,4,23,22,,32,19,24,,,21,19,28,15,7,11,6,42,,62,68,,31,37,,81,81,73,70,67,46,39,29,,45,48,,41,44,53,34,,35,46,26,24,28,44,,46,22,30,25,10,35,27,25,,65,54,43,51,,,12,17,11,17,26,19,13,74,42,53,62,34,15,20,26,19,44,22,38,29,31,29,50,21,25,22,14,21,19,17,15,20,14,10,,,11,12,10,17,23,23,33,17,28,18,28,6,11,12,24,15,3,17,5,26,28,15,28,14,17,14,17,29,25,29,3,15,15,,35,29,49,16,19,11,,17,29,11,,15,22,22,20,22,37,18,35,39,30,14,58,30,30,31,5,19,12,13,18,17,,14,9,17,27,1,7,4,1,18,18,,22,39,11,5,10,24,31,24,10,12,43,34,34,28,53,32,44,35,25,25,27,22,29,25,20,37,34,47,51,30,1,29,23,30,16,23,31,20,20,31,22,31,28,26,26,91,70,49,60,67,56,57,46,42,28,22,22,30,30,30,30,19,32,25,26,19,27,31,40,45,40,,53,51,53,23,,26,27,60,,59,88,71,78,89,67,24,33,46,58,46,43,41,29,47,51,36,,27,45,18,36,25,30,28,30,25,26,22,27,37,30,12,15,15,14,,17,35,,24,24,27,23,36,19,17,19,40,32,28,18,22,30,27,23,29,34,36,,47,21,23,38,13,18,13,40,29,17,21,18,20,31,16,10,14,13,25,15,26,14,33,21,30,22,24,20,27,52,45,48,50,29,20,19,34,28,35,27,,39,34,34,36,47,31,27,59,51,12,28,18,28,27,17,23,2,10,17,6,53,46,42,42,26,38,22,42,34,32,29,30,36,21,32,47,24,30,35,,12,27,24,39,80,44,33,40,19,42,,15,18,,15,33,30,38,22,5,4,5,,3,8,16,14,14,19,23,30,9,1,22,9,9,11,6,12,13,19,33,8,10,9,,4,8,13,26,30,11,10,11,33,16,23,11,12,12,,12,23,21,11,12,12,7,11,13,5,8,13,,3,18,18,10,5,6,2,10,,3,,3,3,21,32,35,31,41,29,34,29,,12,12,14,9,12,9,7,27,45,9,12,2,11,19,32,24,24,36,34,38,10,9,17,,8,14,33,34,21,26,11,18,3,24,17,7,26,5,7,12,14,20,18,22,49,49,38,,36,30,15,31,17,13,19,100,,103,162,151,26,16,68,13,1,11,23,50,19,14,17,44,27,64,50,45,48,46,49,42,28,21,,27,26,11,25,16,28,14,35,27,12,16,10,9,23,22,12,26,2,17,18,56,46,28,38,44,37,40,23,46,30,16,13,15,18,9,17,3,17,24,17,18,8,13,25,21,14,70,,42,27,100,66,21,71,59,11,45,29,14,13,70,34,14,54,49,10,35,23,18,,14,38
20170820,2,PM2.5_24h,41,42,43,38,43,44,36,42,37,43,43,47,,,37,,37,35,,,32,34,23,,31,36,,56,61,48,69,47,54,42,37,36,48,44,51,41,16,20,28,17,26,75,92,91,67,41,37,54,53,46,41,31,37,15,30,33,13,9,20,14,22,38,33,,39,27,33,38,45,44,47,56,50,60,53,36,,,37,30,35,32,30,33,46,43,45,55,43,45,55,50,16,25,31,,,28,31,25,27,,32,21,19,,20,16,24,18,25,20,17,14,12,9,,9,6,6,8,10,12,22,20,12,,25,22,22,24,22,19,15,22,34,35,38,36,28,41,35,32,31,34,16,14,16,12,21,7,16,19,9,27,25,25,20,22,27,25,24,32,31,26,33,29,16,,,,25,15,,12,17,20,,31,29,27,,22,33,24,25,31,28,29,28,26,,,,28,26,,33,36,29,21,24,,24,16,14,14,13,18,20,12,,5,,19,,15,28,26,16,34,27,28,31,30,28,29,19,24,30,32,25,,31,26,26,44,35,36,45,42,28,,,22,,34,35,,29,36,36,22,25,20,,26,21,31,37,41,20,26,,18,23,17,18,23,26,26,22,18,20,35,,35,37,37,43,34,15,27,33,23,20,39,32,30,25,,29,35,45,28,39,42,54,46,,15,15,14,10,15,11,16,10,18,46,51,59,52,51,163,46,45,51,22,17,18,17,31,23,19,24,18,15,26,20,27,25,20,21,22,17,21,26,26,22,,26,23,25,40,19,42,24,26,16,16,16,15,11,23,14,13,14,13,28,8,13,6,14,26,31,28,13,19,24,39,35,16,14,13,6,13,15,18,23,29,28,38,31,20,24,26,24,19,22,32,33,33,29,25,26,22,19,23,28,30,32,6,7,10,8,10,17,,20,14,21,12,9,15,16,17,,15,10,10,15,12,,15,25,24,12,18,,16,18,6,16,5,13,8,11,19,15,6,17,11,17,11,18,24,19,9,6,6,5,10,3,49,45,38,48,52,55,44,59,34,38,37,57,45,26,27,13,25,21,9,,32,33,25,,,,24,18,12,16,20,19,18,,12,19,26,26,22,21,29,28,22,20,21,12,18,18,22,,39,52,55,47,47,53,60,48,61,57,28,47,18,21,14,17,16,17,35,31,31,36,31,29,30,28,24,28,25,,19,,13,14,15,14,42,,,49,,43,28,30,,32,28,28,38,35,30,18,12,11,7,26,23,22,22,23,27,,29,,28,,23,23,24,20,20,21,25,14,8,10,19,17,21,20,19,29,,53,49,48,44,50,18,23,16,27,21,31,10,10,10,11,13,11,5,11,17,21,28,38,39,13,13,19,28,24,28,11,13,13,42,46,,34,25,,27,36,27,30,17,21,22,7,,,34,37,44,27,,26,,30,27,36,39,,34,40,,48,54,48,,48,41,48,44,45,36,20,17,18,23,,14,11,11,17,16,12,,28,18,13,16,10,20,12,16,22,12,17,14,27,36,25,28,29,13,10,8,9,10,,7,25,15,21,18,26,16,20,23,20,9,9,19,19,15,17,21,21,21,23,,20,26,19,25,26,26,29,20,28,26,35,16,48,78,,54,65,51,60,53,67,58,58,68,43,43,47,51,67,61,63,60,31,44,34,42,38,43,,37,17,22,18,14,14,21,20,22,23,22,30,18,19,23,24,22,26,26,7,17,21,14,12,15,23,24,17,20,11,9,18,25,25,24,24,32,22,9,7,25,26,24,29,17,25,30,24,33,25,22,18,15,18,32,30,35,23,49,,,39,14,13,22,29,25,28,31,33,32,28,17,19,11,,18,19,16,35,41,36,40,27,35,32,36,32,28,42,46,56,62,62,73,60,77,59,62,29,,36,33,8,12,6,22,,17,21,17,21,7,8,18,12,17,23,36,17,25,24,34,33,16,18,12,8,22,18,22,24,24,24,25,22,22,22,14,24,11,12,15,12,14,13,27,32,29,27,29,,33,31,28,29,30,,13,24,39,37,40,21,22,22,28,22,,30,31,17,21,,26,27,25,,,18,14,24,24,17,17,20,19,,20,26,,34,33,56,62,55,46,53,52,39,40,38,40,35,32,,25,23,32,25,,28,31,33,23,25,55,,55,34,31,34,8,16,11,25,,40,38,31,38,,,12,9,12,14,37,29,28,28,25,21,28,18,10,19,13,18,33,41,26,27,25,26,28,17,22,26,14,17,13,13,11,19,14,12,,,10,13,11,14,19,28,30,21,26,13,23,5,25,14,18,8,9,11,8,15,17,13,17,12,18,20,16,19,13,15,22,12,13,,38,32,40,14,19,17,,22,25,19,,32,17,21,15,25,31,35,38,25,51,20,49,40,36,22,8,12,20,23,27,10,,19,9,16,17,17,17,11,21,10,18,,23,39,13,9,17,35,52,31,26,37,36,34,31,31,36,29,42,34,33,36,37,33,26,28,22,35,38,37,44,33,5,22,20,22,17,26,30,31,30,37,18,26,25,22,27,58,52,50,54,64,50,53,44,49,28,27,25,26,28,31,33,25,32,29,41,39,42,42,64,57,55,,48,61,55,37,,39,35,35,,34,22,20,22,22,23,16,18,14,19,27,27,25,22,17,16,14,,33,32,28,30,35,38,43,34,36,33,29,42,33,38,19,20,19,19,,10,24,,22,20,20,15,28,22,21,22,29,28,26,18,19,22,20,20,24,30,29,32,30,17,19,30,14,14,12,24,15,12,12,10,20,14,17,15,19,17,19,14,22,21,22,25,26,25,9,19,22,38,40,46,38,20,29,19,20,22,25,27,,29,20,32,40,37,27,26,33,29,12,20,17,22,26,18,26,6,7,10,10,40,34,32,33,27,36,23,31,20,20,21,21,13,10,14,25,17,25,22,,16,22,20,22,21,25,17,26,20,32,,16,18,,8,22,18,25,15,4,6,6,,9,9,11,10,11,12,20,28,8,14,23,9,9,9,9,10,11,22,25,10,10,10,,10,9,14,17,12,16,18,12,26,19,21,11,8,9,,8,16,11,8,10,21,9,13,9,13,10,12,3,4,10,17,7,6,3,3,21,,7,,3,4,24,30,30,33,44,35,34,35,,16,14,31,26,27,16,9,25,32,18,22,7,12,17,28,17,20,25,32,31,16,12,17,,19,19,22,46,33,27,19,25,6,19,26,15,23,22,21,23,21,32,27,19,31,17,17,11,19,14,11,18,23,26,13,38,,52,61,80,21,18,23,10,7,8,12,19,10,13,22,36,24,42,36,28,44,28,32,38,16,22,46,30,35,24,29,30,28,22,44,26,9,13,12,15,21,25,22,21,29,14,11,41,44,40,39,27,23,21,21,36,26,24,17,23,15,23,30,5,21,19,17,17,25,18,15,17,8,52,,27,37,61,57,31,48,40,11,34,21,26,16,41,27,26,28,59,21,23,24,17,17,11,41
20170820,2,PM10,,,,,,,80,,47,51,65,83,,,,,,59,,,55,63,,,,59,,132,133,110,,83,93,109,118,90,156,266,176,139,22,32,53,48,48,135,168,120,105,62,70,75,78,66,63,83,44,58,41,96,70,52,50,49,36,43,53,,39,56,66,67,76,59,58,81,73,59,74,70,,,67,61,61,68,53,91,106,106,144,171,161,232,137,93,41,36,59,,,65,65,44,57,,77,27,23,,27,26,26,20,21,24,19,41,40,36,,34,15,20,39,17,41,129,96,93,,89,71,117,108,95,67,76,103,,,5,,17,,,16,9,13,17,,7,5,16,10,,6,12,8,,15,9,6,,11,30,18,11,13,28,17,23,,,,20,23,,40,22,64,,29,,31,,9,9,9,1,,12,7,9,20,,,,25,21,,20,21,,14,14,,22,22,23,16,12,27,,18,,35,,37,,23,41,47,28,32,33,39,42,42,45,47,31,33,36,39,46,,30,37,59,44,42,51,43,60,55,,,,,47,36,,54,26,47,25,24,20,,,18,46,52,54,27,34,,24,,12,27,20,45,,,16,29,61,,47,40,56,36,36,13,30,58,76,57,100,86,110,,,76,35,105,45,77,80,66,58,,32,34,50,44,38,31,25,84,18,92,81,74,98,79,102,76,80,123,135,72,66,60,111,88,74,61,95,49,79,39,115,72,53,77,56,69,56,55,37,49,,67,48,33,123,50,58,54,58,23,24,17,22,24,38,24,27,22,16,41,16,,12,,33,50,30,25,24,33,65,65,,,,12,22,32,,15,28,37,41,38,29,50,62,59,39,51,56,32,35,48,53,92,55,60,95,69,64,103,12,14,26,24,,27,,60,38,49,45,49,115,58,84,,35,59,44,41,93,,36,45,32,26,71,,32,56,36,,19,30,40,40,,29,82,41,37,26,40,41,39,63,5,,5,5,16,15,71,68,62,59,67,55,76,145,45,72,58,50,110,50,54,53,53,45,9,,20,20,73,,,,52,56,74,127,155,92,31,,63,42,65,36,63,37,36,52,47,39,38,20,16,39,46,,112,97,107,127,137,131,94,74,62,128,72,84,43,43,38,33,35,43,51,63,32,31,69,26,55,42,42,57,23,,32,,33,41,41,36,67,,,39,,64,24,35,,75,74,70,82,51,33,56,44,46,42,119,18,32,14,10,8,,58,,64,,50,49,39,39,33,27,26,16,7,20,12,6,21,26,31,28,,84,93,78,76,83,18,27,29,26,,23,20,21,,,28,14,6,20,,13,43,79,51,21,18,,57,68,57,22,16,25,127,81,,42,46,,54,83,64,44,19,43,62,32,,,66,58,42,117,,49,,53,50,54,52,,48,56,,82,91,97,,112,118,,113,164,116,57,73,54,41,,20,29,29,29,28,24,,49,73,31,39,21,45,28,30,40,69,57,35,81,,67,80,98,51,42,28,33,40,,13,39,51,44,28,62,,48,52,,19,28,34,37,35,20,8,21,18,26,,37,42,39,23,57,51,47,,42,55,44,19,209,155,,140,135,156,158,84,94,88,65,75,85,87,74,77,92,95,127,87,124,131,100,112,114,108,,91,50,48,61,49,51,56,45,56,,,52,38,52,,57,34,52,54,26,43,101,,19,27,48,51,68,,17,15,43,52,76,40,71,79,113,18,22,36,,37,42,27,50,44,37,58,76,71,20,49,36,74,78,60,61,78,,,76,22,36,,44,25,51,66,59,48,55,57,51,53,,43,39,47,59,57,63,86,33,47,98,56,74,83,114,,153,136,162,123,137,120,200,190,78,,58,67,26,36,9,33,,43,26,90,78,41,19,50,36,45,165,153,226,36,32,43,48,28,,38,36,33,39,,35,30,,25,20,56,49,26,37,52,18,,12,14,11,,,,11,9,19,,,,21,,,18,23,,13,20,12,12,,,7,,12,7,44,32,,43,37,47,,,29,27,43,36,26,13,40,102,,105,112,,74,94,,124,138,129,129,107,60,77,39,,70,59,,60,58,59,78,,57,68,48,54,39,116,,61,51,40,46,21,35,43,26,,128,92,112,,,,49,50,14,30,28,54,19,107,65,55,77,90,31,33,46,43,64,35,80,41,86,54,89,39,55,37,24,28,28,31,44,31,30,48,,,53,27,20,,28,58,87,55,31,51,192,15,59,16,,15,20,,21,27,53,47,87,18,19,44,30,46,41,,28,56,32,,77,31,,28,32,28,,38,44,51,,32,42,,43,42,67,42,58,61,41,46,61,48,46,,43,34,,42,,23,,21,34,30,36,37,17,8,19,29,40,,60,62,22,21,19,55,44,51,23,42,63,46,63,36,80,53,69,54,46,54,85,49,33,38,27,58,71,94,119,66,15,89,52,82,50,41,57,42,59,49,31,36,43,41,26,138,124,82,77,103,67,91,89,76,44,39,48,35,55,38,35,37,48,47,38,43,54,59,72,72,67,,117,76,90,37,,39,37,85,,78,119,114,104,98,86,45,64,91,105,76,86,46,50,51,90,84,,39,76,78,75,25,41,28,40,36,32,28,32,53,43,52,28,29,30,,45,52,,58,,31,37,,33,21,21,70,51,40,43,48,71,59,41,43,51,67,130,61,53,58,56,33,40,27,71,95,59,76,31,23,48,31,26,36,44,56,63,96,37,35,46,60,30,40,57,81,98,95,103,81,115,32,56,77,70,45,47,,73,87,,47,98,70,84,83,92,20,74,57,49,67,24,30,32,41,44,56,97,48,56,85,48,49,46,49,39,51,39,51,65,49,41,60,52,71,67,,64,61,47,54,,56,54,52,,,,25,36,,41,89,86,101,84,10,6,9,,9,12,18,24,23,34,,40,27,43,,16,18,17,18,67,50,52,54,37,19,15,,18,21,,53,74,115,34,13,,28,,15,19,23,,31,27,25,31,33,30,12,18,20,10,55,43,43,12,89,122,16,8,,10,11,,5,,3,13,31,80,73,49,75,49,60,62,,25,17,16,20,13,,11,53,49,,,5,19,44,53,,30,61,56,60,35,20,53,,18,26,,39,,,12,29,6,41,68,82,52,,19,21,74,126,59,89,132,223,120,13,74,50,58,108,44,50,91,420,,288,452,298,86,48,139,36,35,21,60,76,39,25,19,52,51,,62,57,117,63,56,79,56,21,16,31,41,,41,16,33,37,80,38,17,93,17,25,,40,22,51,18,25,23,57,76,44,54,58,51,41,83,64,64,19,26,17,32,13,30,4,,29,25,42,12,25,55,63,41,136,,62,48,174,146,39,,75,29,52,46,32,,103,76,,60,74,21,52,36,40,17,26,46
20170820,2,PM10_24h,,,,,,,61,,44,64,58,71,,,67,,52,55,,,54,48,34,,48,42,,95,93,82,93,77,61,85,72,66,114,115,107,85,35,33,49,54,50,126,144,123,101,49,56,60,65,57,51,56,47,59,67,66,59,46,39,47,35,51,47,,48,40,51,48,61,52,59,87,83,78,87,70,,,60,47,64,64,42,75,84,86,90,113,89,81,79,86,28,38,45,,,52,48,41,47,,62,34,30,,33,30,38,24,29,29,20,38,53,32,,31,15,16,20,21,36,85,69,73,,79,74,73,69,61,47,42,63,61,56,48,57,65,56,56,47,48,54,44,36,40,29,43,43,50,37,40,46,48,50,45,46,46,57,45,83,61,90,89,86,22,,,,49,34,,40,37,42,,60,68,54,,47,62,56,48,60,53,50,60,40,,,,37,48,,54,63,64,44,50,,43,27,28,27,28,32,20,19,,25,,29,,25,49,48,23,50,39,41,47,56,49,47,34,39,47,42,39,,32,39,48,56,61,60,62,61,50,,,42,,64,51,,67,57,54,36,30,32,,43,32,50,51,52,40,44,,43,48,33,32,42,47,55,40,35,35,67,,71,70,74,78,46,31,44,65,70,59,81,73,77,37,,75,72,105,67,78,98,84,85,,44,34,30,38,27,25,26,47,30,78,75,78,76,67,64,77,79,94,58,49,54,39,63,56,50,54,49,40,48,34,60,53,35,52,46,39,50,48,49,48,,41,51,37,68,41,61,46,43,19,24,19,33,20,35,24,22,21,14,41,12,15,13,21,46,50,50,33,35,37,54,45,29,28,21,17,35,34,35,32,50,47,55,49,31,58,53,52,46,48,55,62,47,59,42,56,46,35,62,59,64,63,14,16,19,20,19,30,,38,29,49,53,34,57,42,50,,29,31,36,37,42,,30,36,32,26,53,,28,39,26,31,19,25,35,34,29,28,36,36,30,27,34,35,32,46,15,13,10,11,19,12,81,77,75,96,93,90,69,107,45,66,58,94,107,78,72,36,67,61,30,,45,71,55,,,,55,56,36,56,46,42,38,,35,43,49,47,42,40,35,44,43,35,35,18,30,41,55,,77,73,79,84,81,110,91,74,88,110,49,72,39,36,30,31,30,39,66,53,48,61,77,49,48,56,52,59,52,,30,,37,41,44,35,54,,,75,,77,39,36,,76,72,60,77,76,47,44,30,34,30,63,42,41,40,29,44,,58,,56,,53,40,37,39,45,43,69,30,19,22,33,36,34,44,39,62,,70,65,74,70,71,43,48,29,47,38,50,22,20,18,15,30,17,17,28,30,36,50,69,66,22,23,23,50,48,51,20,25,24,86,62,,60,54,,48,59,47,50,27,44,48,28,,,70,60,56,83,,41,,47,37,46,47,,47,49,,72,71,70,,69,62,59,66,78,58,36,50,47,35,,19,23,34,27,42,17,,48,50,28,34,16,41,41,29,40,43,33,31,51,53,44,53,45,33,29,29,25,28,,13,61,51,62,33,58,56,43,61,58,31,30,26,23,27,24,48,42,53,43,,51,56,47,58,63,46,60,37,68,53,70,28,89,97,,91,90,99,97,74,101,89,85,100,69,69,65,66,94,85,84,84,65,67,55,63,55,63,,46,44,63,58,47,51,43,39,44,27,27,38,32,36,26,40,29,36,38,27,43,55,29,23,27,41,40,44,29,27,25,39,36,45,29,42,57,73,16,17,34,40,37,45,36,41,40,40,42,52,45,30,46,47,50,58,42,35,66,,,55,39,37,42,37,42,45,61,68,45,52,53,34,32,,37,36,42,61,65,65,77,41,49,65,62,61,61,74,85,116,124,118,115,118,128,128,132,69,,54,47,23,22,19,50,,41,51,39,59,47,22,41,25,38,70,83,81,40,30,70,60,41,25,17,20,40,49,47,39,32,,36,41,43,42,41,46,25,27,22,24,25,24,63,58,54,50,48,40,47,52,51,76,67,,42,49,51,57,57,51,42,37,45,29,,51,46,37,37,,36,52,50,,,33,27,39,50,38,32,43,46,,41,43,,73,70,87,83,78,74,110,106,50,61,61,76,65,38,,38,35,45,49,,38,46,52,45,40,92,,86,72,75,66,22,31,25,48,,102,91,107,39,,,38,62,19,26,57,82,45,55,44,36,57,57,23,32,35,46,52,42,50,39,56,45,65,37,44,36,25,26,21,24,28,40,30,42,,,43,31,25,24,44,71,77,45,49,56,122,28,60,41,34,13,21,19,18,33,40,40,61,17,58,94,31,42,33,30,44,35,26,,67,46,52,37,40,39,,52,42,54,,38,40,62,40,41,51,78,65,58,81,42,57,53,64,27,41,33,55,51,48,41,,38,33,34,36,45,38,30,30,33,34,,60,62,33,35,32,62,63,52,35,55,61,45,59,55,50,44,63,55,58,60,73,63,51,50,50,50,64,64,84,61,13,63,53,48,52,35,55,60,63,80,31,50,44,46,41,74,90,79,80,91,64,74,67,72,42,43,48,41,54,38,41,36,52,41,54,65,68,74,92,93,83,,74,77,73,62,,63,62,53,,42,36,31,32,27,38,25,27,31,36,60,51,59,45,23,28,22,,47,65,54,45,47,61,59,50,58,56,55,56,45,51,49,44,51,48,,40,44,,52,22,30,25,34,39,28,27,50,44,38,41,40,48,39,40,40,45,55,56,47,30,37,38,27,30,30,56,71,43,50,24,29,29,41,30,37,37,51,60,66,31,34,37,48,29,22,55,69,61,70,79,58,72,46,34,39,45,48,53,,60,52,65,73,60,53,59,47,51,25,57,48,38,46,40,45,37,44,36,67,73,41,43,74,48,52,34,41,28,30,27,28,40,26,26,39,39,54,58,,50,52,33,32,35,44,52,31,31,37,,27,33,,45,74,56,79,53,14,9,15,,23,14,18,20,23,26,31,48,34,52,35,17,19,15,18,43,54,63,41,23,18,16,,20,27,27,41,45,57,54,30,23,22,34,26,16,20,,26,34,19,25,27,54,19,28,26,25,27,49,51,25,32,68,13,16,10,15,69,,17,,13,29,39,58,54,54,60,56,53,51,,31,29,47,37,93,66,29,42,50,36,41,21,23,51,47,44,44,46,51,48,37,31,55,,30,38,37,81,47,38,38,33,12,31,51,57,47,81,74,76,56,71,44,43,89,66,54,15,35,26,30,42,61,82,84,177,,161,303,226,44,37,54,24,30,16,35,37,33,25,38,43,31,58,52,47,95,40,36,78,38,53,54,38,51,45,51,39,43,40,92,34,16,51,38,46,30,41,42,46,48,24,18,53,69,63,50,47,50,52,51,71,54,40,30,47,30,42,46,11,43,33,29,24,42,46,39,46,27,83,,57,59,85,109,70,52,58,27,45,35,53,31,56,68,40,46,77,45,36,36,58,35,25,49
20170820,2,SO2,2,2,2,2,2,2,2,2,2,2,3,2,,,6,,7,2,,,5,3,12,,13,3,,8,29,7,1,9,7,3,45,39,69,52,61,69,3,4,17,10,10,5,11,12,10,10,16,6,6,4,8,8,28,21,9,7,5,6,7,2,5,4,10,,2,10,16,20,4,5,5,4,6,7,6,6,,,17,24,9,26,6,23,12,11,14,12,14,10,12,11,6,10,19,,,8,118,12,57,,13,7,7,,9,7,5,5,4,5,6,6,8,7,,8,5,8,10,4,12,9,6,4,,4,7,11,14,9,6,13,12,4,5,6,5,4,7,6,5,6,5,12,13,9,23,9,7,10,8,8,6,6,11,4,2,8,6,8,15,11,12,11,12,5,,,,10,1,,7,10,19,,23,7,10,,3,5,2,3,3,6,3,7,18,,,,7,9,,6,8,6,5,9,,4,9,6,16,2,2,12,8,,7,,11,,5,9,6,7,8,9,8,13,5,8,9,4,5,6,6,2,,8,6,7,13,10,11,11,5,9,,,5,,7,4,,5,6,10,5,5,8,,7,4,17,15,13,4,5,,6,4,2,14,5,19,26,23,26,6,6,,8,7,5,10,2,8,18,103,64,49,33,48,24,2,,47,6,15,18,6,11,13,11,,1,3,6,7,11,5,6,12,7,5,8,8,7,6,5,9,5,8,6,8,11,9,10,8,4,4,7,6,49,12,25,16,24,13,20,4,12,12,19,26,,16,12,21,22,18,4,12,20,10,15,12,9,6,14,12,7,10,10,8,6,2,3,5,13,10,10,20,15,10,32,20,7,5,5,5,8,18,7,9,14,19,17,11,15,8,17,8,12,5,26,22,13,20,7,10,8,7,7,9,7,8,3,5,5,3,5,18,,19,11,11,19,8,9,25,23,,16,12,11,9,12,,8,8,16,10,8,,5,13,9,2,5,6,6,7,7,7,28,12,13,15,12,11,18,26,6,11,10,9,8,7,7,2,7,6,9,5,7,14,7,6,5,8,9,7,3,2,8,10,2,,5,5,7,,,,23,7,9,8,10,5,9,,9,25,187,22,73,14,9,71,17,9,8,4,8,12,10,,20,37,11,14,15,17,7,9,9,7,8,8,5,7,10,5,3,4,17,15,7,6,7,13,11,4,23,14,12,,8,,8,8,8,7,13,,,7,,4,11,7,,13,29,15,13,27,23,11,19,7,19,21,7,6,7,7,4,,13,,15,,4,10,16,18,5,8,8,8,8,1,3,1,6,14,11,12,,16,15,19,8,17,13,11,10,10,11,28,5,5,13,6,8,7,3,7,9,3,8,7,14,10,9,10,5,8,5,3,6,5,15,18,,12,11,,23,17,20,21,6,6,8,5,,,9,8,8,11,,10,,12,7,10,4,,2,7,,16,54,31,,39,20,10,8,27,18,3,12,12,14,,5,5,5,5,5,4,,12,12,7,7,9,17,5,5,6,7,8,2,22,7,22,28,48,10,5,5,8,6,,2,6,5,5,18,11,3,3,7,5,6,4,5,3,12,4,5,5,3,2,,9,12,11,16,33,25,24,8,19,56,35,6,11,11,,12,20,18,11,9,27,12,17,19,3,6,8,6,15,11,8,2,13,16,7,15,6,11,,10,12,10,8,6,8,9,10,11,149,46,73,10,9,62,8,10,10,10,22,9,7,8,7,4,13,13,6,5,6,6,9,14,7,16,7,14,4,2,2,5,3,7,6,6,5,8,5,10,4,32,13,11,10,3,3,9,4,18,,,11,3,1,11,9,5,4,14,10,8,8,12,9,11,,14,18,13,11,14,15,9,10,8,6,9,12,10,10,13,4,5,2,2,3,4,4,2,9,,6,8,4,4,6,4,,5,6,24,5,6,5,3,3,6,3,4,4,10,12,9,10,4,1,5,3,7,5,5,5,5,4,3,3,8,7,6,7,5,4,2,4,9,5,4,6,13,8,8,13,9,19,,5,12,,6,7,8,9,8,11,9,16,10,3,,14,10,13,9,,9,2,6,,,1,1,14,7,7,7,7,6,,8,11,,25,15,,9,10,9,10,21,10,13,9,,15,16,,10,13,5,3,,6,15,10,12,13,21,,20,3,5,4,8,9,5,3,,14,6,5,28,,,3,4,13,9,7,4,9,12,7,17,11,7,6,7,9,7,15,7,6,5,13,8,6,22,8,9,12,8,9,5,4,6,4,11,,,7,7,7,8,1,1,1,3,9,5,8,4,3,3,3,4,6,12,6,6,2,3,15,3,12,11,3,13,12,12,4,6,29,,19,13,9,17,12,10,,10,1,10,,22,9,12,25,43,40,42,19,41,23,8,11,6,24,11,8,5,14,4,6,4,,9,5,13,8,19,7,6,8,22,16,,10,11,12,21,10,15,9,9,34,4,10,9,7,8,5,10,16,6,7,15,8,10,5,5,6,31,7,3,20,9,4,21,7,31,45,3,9,15,10,12,27,9,15,19,15,28,44,17,28,19,90,55,52,29,7,4,12,10,12,3,10,6,7,18,57,56,42,31,25,28,29,,18,6,12,10,,5,6,7,,5,9,7,7,6,9,7,10,3,6,7,4,6,6,10,14,6,,6,20,34,3,11,8,8,8,21,15,6,9,9,10,14,6,11,6,,18,13,,7,3,8,5,6,10,3,4,11,11,9,21,22,18,24,11,7,35,9,485,68,32,18,15,19,16,7,34,24,25,12,9,5,15,10,10,5,4,7,9,1,8,4,20,30,18,2,1,4,13,13,8,15,23,8,20,20,11,17,9,,6,3,9,35,240,10,20,4,6,6,7,4,53,53,9,6,7,33,35,22,8,6,12,6,5,4,10,7,5,5,3,5,3,7,4,8,7,8,5,,7,11,17,6,11,4,16,6,25,7,,4,3,,6,28,5,7,8,9,7,5,,20,7,10,11,8,11,22,7,12,23,9,3,2,3,1,4,6,11,19,5,10,3,,4,3,2,23,75,6,16,8,4,4,48,4,11,14,,30,10,7,9,5,6,3,5,5,8,15,9,1,4,4,9,5,4,4,4,3,,4,,6,1,3,8,6,8,9,8,9,6,,9,13,3,5,8,4,5,7,9,3,4,5,7,5,2,9,8,4,6,8,3,10,4,,8,14,5,6,5,5,11,12,3,9,5,10,6,6,7,5,5,5,5,5,5,2,13,6,7,1,5,13,4,2,4,4,,10,137,66,12,16,8,3,3,3,8,8,5,8,5,6,19,10,7,8,30,9,6,21,12,8,7,6,4,5,10,9,11,9,3,8,6,22,26,3,24,43,10,6,8,4,4,8,3,2,17,9,12,16,11,11,4,4,4,4,6,12,13,11,9,22,9,19,8,7,13,11,13,31,,8,10,14,15,15,12,9,4,25,2,3,6,4,36,3,5,21,6,14,6,1,12,18,10
20170820,2,SO2_24h,2,2,2,2,2,2,2,2,2,2,2,2,,,6,,7,2,,,6,3,9,,11,3,,5,25,6,2,9,5,3,32,26,51,48,53,46,10,6,17,12,12,4,7,9,6,8,12,6,4,4,6,5,20,20,14,8,6,6,10,3,5,8,8,,5,14,16,18,3,5,5,5,7,6,8,11,,,11,15,13,10,9,18,14,14,16,12,14,12,13,11,9,17,11,,,8,17,10,13,,11,7,8,,10,5,4,6,5,6,6,7,9,8,,9,5,8,10,2,10,9,6,4,,4,9,12,12,8,6,10,11,8,8,10,8,7,10,9,6,10,10,17,18,12,26,10,12,11,11,11,10,7,13,5,7,11,6,9,22,18,25,16,15,7,,,,12,4,,8,14,12,,29,13,15,,2,9,6,4,5,10,6,11,24,,,,13,13,,14,15,7,7,12,,6,10,8,16,2,2,9,8,,10,,11,,6,10,7,8,8,9,8,13,6,9,10,4,8,6,8,4,,7,7,7,13,11,12,13,5,8,,,7,,9,4,,5,5,8,7,6,9,,9,6,16,11,10,8,8,,8,4,3,17,4,17,15,17,20,6,6,,9,7,5,12,4,10,13,33,36,31,22,29,6,5,,29,8,16,19,6,11,13,14,,8,3,3,2,11,6,5,6,7,4,7,6,7,3,2,8,5,8,8,7,7,9,10,5,4,6,6,8,19,12,18,15,18,14,19,9,12,12,13,14,,12,33,16,16,12,7,8,11,10,10,11,14,6,10,19,4,9,9,9,5,5,4,5,11,9,9,9,9,9,21,18,8,6,6,6,10,18,7,8,15,20,17,13,12,7,9,9,9,6,14,25,13,22,7,10,8,7,7,11,7,8,3,6,5,4,6,14,,14,12,11,17,10,12,14,13,,16,12,11,9,16,,8,5,14,9,7,,6,5,9,5,6,6,4,4,5,6,9,13,13,11,12,11,18,22,6,13,9,9,9,6,9,2,7,6,9,6,8,10,8,5,5,9,10,9,7,2,9,8,12,,13,9,3,,,,17,17,8,9,9,5,8,,11,20,67,54,17,25,9,58,12,10,10,4,10,12,10,,24,21,14,19,13,16,7,8,10,7,6,9,5,5,10,6,3,5,12,11,13,56,20,32,27,4,19,14,14,,9,,10,11,12,8,15,,,10,,5,9,5,,14,19,11,10,26,9,10,16,7,18,21,10,8,6,8,5,,11,,11,,4,12,17,14,9,10,11,12,11,4,3,3,6,15,12,12,,34,16,26,16,17,12,10,10,8,13,32,7,6,7,7,9,8,5,6,10,8,8,7,10,9,9,9,6,7,7,2,4,5,13,20,,16,16,,17,17,15,15,7,7,15,7,,,11,12,11,12,,12,,16,12,10,4,,2,8,,27,36,24,,32,5,3,8,8,10,3,14,14,12,,6,7,6,9,6,7,,17,13,12,10,9,21,5,7,10,7,8,2,13,32,21,20,18,8,6,5,8,5,,2,7,6,5,18,12,4,5,8,7,7,4,6,4,14,5,13,14,9,3,,18,17,22,14,18,15,20,8,19,41,30,6,8,9,,9,16,12,10,6,11,7,8,32,3,5,4,5,11,10,6,1,12,11,6,10,6,10,,8,12,10,8,7,9,10,12,9,34,22,34,7,7,22,9,12,12,13,16,9,6,9,7,6,11,12,8,5,6,7,10,8,6,5,8,14,4,2,2,6,7,9,7,6,6,9,5,9,5,20,20,11,12,4,6,12,7,14,,,11,5,3,12,7,6,4,5,14,10,7,10,7,10,,9,16,12,12,13,15,7,10,9,6,8,12,10,10,14,5,5,5,4,5,5,6,3,9,,5,8,5,4,8,36,,10,35,15,12,3,6,3,11,6,3,5,4,7,11,9,10,4,2,4,2,8,4,5,6,5,4,4,4,8,5,6,2,8,4,2,4,9,5,8,9,10,13,12,15,13,21,,14,17,,10,7,12,14,14,16,12,21,15,14,,18,17,14,10,,10,6,9,,,2,1,14,9,10,10,10,6,,10,11,,8,11,14,10,15,5,12,21,10,10,18,13,16,17,,10,12,10,6,,12,13,18,18,31,30,,30,54,60,36,3,8,5,4,,5,10,7,23,,,6,2,13,8,9,7,11,14,16,12,24,12,7,9,11,10,18,5,7,6,14,18,14,14,9,11,11,10,9,8,4,5,5,8,,,7,7,7,8,3,1,4,2,11,6,8,4,17,4,11,4,5,10,7,8,2,4,13,2,16,17,3,12,20,15,8,9,30,,12,14,12,13,14,10,,15,3,8,,23,10,27,26,26,20,44,11,19,21,8,7,14,19,11,9,9,10,9,11,3,,12,18,24,22,9,9,8,9,12,13,,17,22,18,13,8,13,11,8,16,6,14,14,9,14,5,7,16,6,8,14,10,10,5,6,6,27,14,5,24,8,5,21,17,20,50,4,8,14,17,8,29,12,18,19,13,8,19,18,22,18,30,17,40,33,9,4,13,13,14,4,9,7,7,9,78,82,72,57,21,14,20,,10,3,7,8,,4,5,6,,3,9,6,6,6,8,6,10,2,5,7,4,5,6,6,6,5,,6,18,23,5,11,10,16,10,14,10,8,10,10,6,14,8,10,15,,11,10,,10,3,4,4,8,6,3,6,8,9,13,18,18,15,12,20,14,13,12,50,32,26,13,10,19,17,7,15,11,19,15,6,7,9,8,8,4,4,6,6,1,6,5,16,45,19,5,2,4,21,12,10,14,14,11,12,14,12,15,9,,8,3,17,66,76,13,20,14,12,7,7,4,14,15,10,17,14,44,35,25,11,9,14,12,12,9,11,7,5,3,3,5,4,7,3,7,8,9,6,,8,10,20,6,14,4,15,5,32,4,,4,3,,6,12,6,7,8,7,8,7,,21,8,13,16,14,13,15,8,14,23,10,4,3,3,2,5,6,10,19,4,9,3,,3,6,3,20,28,7,18,8,5,3,8,5,11,15,,22,25,8,9,5,18,4,6,9,14,15,9,4,9,5,10,5,5,5,5,3,,6,,6,1,4,8,6,5,9,9,9,6,,8,11,8,4,62,10,5,8,10,3,4,5,9,6,2,19,13,4,7,8,4,16,5,,16,17,6,9,9,7,13,13,3,11,12,10,8,9,13,11,6,5,5,4,5,1,12,7,6,2,4,12,2,2,4,4,,11,26,27,11,11,9,3,3,4,9,8,7,12,13,6,12,11,6,8,29,10,8,23,12,11,14,6,6,7,9,8,11,9,5,7,5,16,14,35,16,24,13,8,14,3,4,7,6,4,15,9,15,8,9,21,4,7,8,8,6,19,30,10,14,16,14,10,13,6,14,13,14,24,,8,9,11,23,17,13,10,4,23,2,4,19,4,21,4,5,14,8,11,6,2,12,12,10
20170820,2,NO2,29,8,64,33,83,46,67,50,10,12,101,91,,,31,,25,25,,,33,24,34,,17,38,,93,62,57,72,25,70,8,84,91,52,64,79,83,9,47,29,27,34,45,62,33,31,33,28,35,48,44,17,19,15,16,15,28,31,20,26,34,11,58,79,,62,25,24,31,52,40,49,6,27,24,13,33,,,39,27,41,72,30,44,30,,,105,65,,120,33,27,37,54,,,49,36,47,39,,65,7,18,,5,3,4,5,15,12,1,31,29,29,,36,5,14,40,11,43,59,76,37,,75,79,79,91,94,61,48,57,15,19,17,20,16,14,17,32,13,24,48,23,40,37,32,38,26,40,49,19,31,23,22,11,25,19,27,32,23,16,9,23,17,,,,20,21,,35,31,43,,31,19,22,,7,25,27,4,26,39,18,23,19,,,,14,28,,7,17,10,8,11,,13,18,24,21,26,25,7,7,,19,,13,,16,30,37,5,23,20,21,31,20,15,30,29,7,12,10,14,,6,8,12,51,23,43,29,32,18,,,7,,20,22,,9,8,10,5,3,9,,14,15,33,21,31,19,17,,25,20,37,43,41,103,15,29,54,57,36,,37,32,31,28,10,31,33,72,50,48,67,51,65,7,,47,47,37,54,41,49,43,46,,11,11,33,33,25,21,28,51,9,19,16,29,30,19,17,20,26,37,79,59,50,68,58,46,56,30,69,42,56,16,56,55,51,57,39,74,31,41,32,46,,61,60,40,121,57,49,58,56,47,59,36,35,34,67,55,25,38,48,44,19,5,12,12,40,40,33,28,25,15,80,76,11,9,9,12,19,22,13,17,54,57,57,2,47,28,,43,38,52,75,33,26,30,41,40,34,40,40,35,38,42,10,8,17,11,3,11,,52,40,53,30,22,86,38,91,,57,52,39,52,57,,39,34,73,36,58,,45,5,29,32,6,26,20,23,23,26,33,24,32,22,25,24,33,42,10,14,20,7,35,17,42,29,58,38,40,38,26,71,15,25,22,42,28,20,13,4,29,17,2,,6,7,19,,,,15,12,92,52,62,78,19,,51,22,44,14,29,9,25,38,30,28,22,3,9,56,6,,40,45,45,50,44,34,18,19,18,23,24,36,19,23,15,19,20,22,34,53,24,6,21,2,23,40,35,43,23,,26,,20,21,33,34,36,,,12,,14,26,23,,28,14,37,38,33,40,15,36,17,5,10,9,21,14,3,4,,20,,18,,37,24,22,24,14,13,17,7,1,2,6,4,3,13,5,12,,24,36,25,15,65,31,22,18,24,12,20,10,5,18,6,20,6,9,19,11,14,36,38,22,16,19,18,57,27,54,9,15,21,51,33,,25,27,,30,28,41,25,11,37,39,19,,,13,10,20,33,,15,,9,16,21,5,,37,15,,12,52,28,,5,131,47,32,58,69,9,37,18,20,,5,12,10,28,26,2,,51,17,7,24,14,46,6,24,10,26,23,12,48,18,48,36,57,24,19,20,13,20,,5,13,16,42,12,17,24,24,14,27,16,11,9,14,23,19,21,22,29,25,,12,34,12,15,14,32,10,3,10,21,28,5,26,16,,28,29,18,36,24,19,28,27,44,22,13,20,16,23,30,51,15,10,5,13,32,11,29,,14,15,22,42,19,15,22,24,24,14,23,18,12,13,27,33,5,24,28,8,20,34,11,3,8,20,23,32,18,8,7,16,44,50,34,49,46,38,7,10,9,15,8,18,11,15,15,17,20,16,60,12,43,24,17,16,15,15,20,,,24,9,16,18,15,11,20,23,27,26,9,39,21,39,,24,22,29,28,28,13,28,6,9,33,19,26,33,35,46,13,28,21,23,15,41,31,24,19,,12,6,14,16,17,19,,6,13,11,13,7,25,2,16,27,69,46,19,26,,26,27,12,5,33,30,14,16,15,8,,9,11,11,25,13,24,25,12,8,5,2,8,8,26,15,32,17,2,16,9,11,19,20,11,,10,28,29,16,36,32,28,10,16,4,,10,10,19,12,,24,10,9,,,8,6,43,16,7,15,7,16,,16,12,,32,37,21,30,49,28,21,10,19,44,13,,36,16,,35,22,2,17,,11,3,28,18,12,67,,60,4,5,4,10,24,10,8,,12,8,10,18,,,21,25,13,7,8,7,2,26,28,9,32,45,6,17,20,10,18,9,22,35,21,12,38,28,44,27,29,25,27,16,12,15,14,15,,,44,14,9,10,14,26,10,15,13,27,20,8,29,4,7,2,5,2,2,27,38,33,49,8,19,22,9,14,7,12,18,39,17,,49,24,19,46,35,35,,19,6,12,,19,21,13,19,60,69,50,51,54,40,25,19,13,9,33,25,9,18,23,16,10,,14,33,41,32,6,22,8,11,14,8,,66,58,24,25,7,34,14,29,25,13,28,35,21,12,6,16,17,17,24,31,36,39,11,14,22,2,25,6,23,6,3,42,18,33,14,19,26,18,18,34,6,25,19,22,17,26,27,13,15,24,14,12,6,20,10,13,13,13,17,18,8,3,19,22,24,40,22,20,34,21,22,,52,43,32,10,,10,11,14,,13,10,9,6,4,11,14,11,15,11,18,8,6,12,6,10,8,,20,46,44,52,4,13,11,16,18,10,11,17,38,28,42,9,15,5,,16,20,,48,2,14,20,5,3,11,12,23,5,11,26,22,22,35,8,7,25,33,24,17,20,28,19,17,18,31,40,37,34,46,9,7,8,15,8,2,19,6,15,2,7,12,18,22,12,3,24,26,45,35,36,54,17,7,13,30,21,15,22,,39,33,20,14,33,26,23,15,24,23,34,32,15,17,13,13,18,51,30,32,18,15,13,21,8,6,12,16,24,29,23,15,30,32,32,34,11,15,20,,11,41,35,38,15,46,22,29,39,14,,8,16,,14,47,29,26,30,4,6,7,,25,8,10,13,17,24,9,10,13,28,13,4,6,5,2,19,17,18,30,28,27,4,,12,5,2,10,33,22,22,10,8,6,12,14,5,8,,16,7,9,14,15,8,10,15,7,2,12,17,15,6,25,51,6,4,3,3,2,,4,,3,9,15,27,21,24,41,25,30,30,,16,11,12,23,6,5,2,18,12,9,11,9,14,32,26,24,15,6,10,6,5,6,15,,4,3,8,43,10,31,11,9,5,9,2,2,2,7,6,8,14,13,8,101,76,32,58,4,75,79,8,38,13,15,1,56,,53,27,34,73,28,51,14,4,4,40,64,41,23,38,14,59,69,27,23,40,18,8,83,24,28,13,10,19,6,21,6,39,18,15,41,10,26,30,16,13,17,21,12,5,3,32,62,63,52,20,18,22,17,15,12,33,6,23,6,51,22,45,10,32,14,28,27,15,16,48,38,34,42,,40,15,31,34,30,13,9,14,19,38,4,9,14,65,20,23,56,4,9,25,9,27,23,26
20170820,2,NO2_24h,28,13,35,28,34,33,43,22,12,24,41,50,,,37,,34,30,,,33,26,19,,16,28,,49,34,27,36,18,37,8,55,57,45,43,61,58,22,37,26,28,30,43,36,32,24,21,15,22,25,26,16,17,17,18,23,20,27,18,25,21,12,45,46,,37,28,20,25,16,22,22,16,27,21,22,40,,,33,26,34,34,19,39,30,43,45,60,39,37,47,28,16,29,36,,,37,37,36,44,,40,12,20,,14,7,11,9,14,15,4,36,36,23,,32,5,7,24,15,29,43,45,23,,57,63,56,58,62,30,25,44,25,32,32,27,31,25,25,29,23,32,38,23,32,32,31,33,27,39,40,21,36,30,28,21,23,33,34,29,39,34,26,32,20,,,,31,21,,22,24,26,,34,24,28,,15,23,21,11,28,31,17,37,17,,,,18,37,,22,26,21,16,18,,22,19,20,21,15,24,14,10,,22,,19,,21,39,43,6,33,29,38,48,35,29,31,28,20,22,22,25,,8,25,27,32,23,36,25,19,13,,,29,,24,27,,20,17,19,11,7,10,,16,16,24,22,33,20,18,,25,49,33,21,44,68,31,31,32,26,22,,28,34,25,33,11,30,25,37,22,28,43,34,35,6,,28,48,40,40,46,46,48,45,,7,28,12,21,24,27,7,18,15,24,20,32,23,25,17,28,36,16,30,28,24,26,27,30,35,24,25,11,22,14,28,30,25,34,38,37,25,20,49,40,,46,55,30,54,62,35,56,25,33,38,37,37,20,36,44,14,27,22,33,14,19,17,14,25,39,32,23,21,12,42,38,24,14,11,12,18,21,15,16,43,48,49,33,33,24,35,31,24,29,37,33,23,25,41,31,35,27,24,34,36,32,7,5,12,11,6,11,,28,34,41,26,19,44,25,52,,32,35,31,34,37,,25,26,48,35,39,,36,9,14,19,5,13,9,16,20,15,13,18,23,11,22,21,24,31,14,18,17,11,25,13,44,35,58,47,46,48,31,45,16,33,24,44,30,30,29,8,34,25,5,,8,19,16,,,,27,27,50,34,30,46,30,,21,20,29,24,22,19,16,23,19,22,16,3,8,28,8,,30,30,31,39,24,32,21,18,24,17,25,31,22,23,10,12,13,18,23,30,17,18,21,29,26,34,29,28,21,,22,,27,25,35,24,22,,,26,,24,26,20,,30,12,28,30,31,29,17,26,15,3,8,21,32,26,14,21,,16,,16,,21,22,25,27,26,18,23,23,9,9,7,11,12,22,17,23,,28,21,33,22,47,18,22,19,20,18,18,14,9,11,10,16,8,12,14,10,12,18,25,25,8,11,11,29,21,28,10,12,14,47,34,,22,22,,20,20,21,20,12,25,26,16,,,21,17,29,24,,22,,16,20,10,5,,12,15,,9,26,10,,5,43,28,22,30,23,16,24,17,21,,17,19,31,42,28,9,,27,20,12,20,9,25,10,25,23,21,15,10,27,29,27,31,29,20,16,16,14,17,,5,26,22,25,10,15,20,24,12,20,10,12,14,12,28,17,34,30,34,27,,22,16,22,15,6,27,21,3,11,17,27,4,23,19,,22,16,17,16,22,24,32,28,43,18,10,17,12,19,24,24,16,16,10,21,14,13,24,,13,19,26,28,22,18,20,20,18,11,15,10,16,6,11,8,5,10,16,4,15,26,14,4,5,22,16,16,10,13,14,16,20,19,17,26,24,27,7,10,10,24,13,14,12,24,17,19,16,14,38,21,26,19,13,18,18,19,20,,,29,16,15,13,12,14,19,22,22,28,13,30,15,19,,15,23,17,29,28,17,30,4,10,23,21,22,30,38,33,17,24,25,28,26,33,28,29,17,,12,8,6,7,7,41,,12,24,13,18,12,24,3,16,14,22,19,18,12,,24,29,16,6,14,16,24,38,20,14,4,10,16,18,22,16,12,15,11,7,8,4,16,14,21,26,29,36,20,31,21,28,32,30,27,,15,29,35,24,40,27,33,16,25,4,,17,17,16,10,,19,30,22,,,13,6,18,14,11,18,13,15,,17,12,,24,25,30,16,27,15,23,16,21,19,17,25,31,11,,18,11,7,15,,16,6,28,26,18,37,,29,28,23,23,12,13,10,22,,13,10,12,23,,,18,12,13,8,14,13,7,15,25,11,26,26,8,17,21,15,14,17,19,24,14,10,21,17,25,21,22,24,23,18,9,10,16,14,,,29,13,14,7,12,30,8,9,14,26,22,7,24,11,16,2,10,4,2,19,26,21,37,6,22,22,12,11,10,14,15,22,18,,28,25,17,29,29,23,,16,9,8,,11,20,17,16,52,58,38,39,35,35,33,25,24,22,30,22,15,30,27,27,18,,24,34,42,29,23,26,22,15,14,7,,28,20,23,35,18,29,19,21,22,15,27,30,27,12,4,18,17,13,23,29,30,25,15,14,16,6,13,6,18,11,3,23,22,23,18,8,28,13,22,35,5,14,15,17,14,18,23,18,26,29,17,15,15,18,9,8,14,14,23,9,9,2,14,17,16,35,22,19,31,22,28,,28,33,22,18,,19,17,12,,9,9,9,5,4,15,16,14,13,14,27,15,20,20,13,9,11,,26,25,24,23,6,26,18,18,21,13,17,22,23,15,27,17,17,16,,15,18,,19,3,8,12,6,5,8,15,22,7,15,21,18,17,18,18,6,20,18,18,14,12,17,12,18,18,19,21,22,20,25,5,6,8,13,8,5,7,7,10,4,6,9,16,30,9,4,23,21,26,22,22,30,21,13,14,18,16,22,25,,27,23,13,18,23,16,11,12,16,12,24,22,13,13,13,13,22,38,30,32,17,23,20,22,16,14,18,17,12,15,14,6,15,22,27,26,11,16,19,,17,31,26,29,24,29,14,22,52,14,,13,19,,12,38,19,20,19,6,8,8,,19,6,11,14,11,16,12,15,13,25,11,3,6,4,4,12,16,16,13,10,15,7,,5,8,6,10,19,20,12,14,10,7,9,12,6,9,,10,9,6,12,12,19,12,17,9,7,9,15,16,10,13,36,10,11,5,4,9,,13,,4,11,16,17,18,19,21,19,22,15,,13,12,23,20,11,13,2,24,12,13,10,11,10,19,19,23,24,8,15,8,13,15,12,,15,14,11,28,17,30,15,14,6,10,4,6,9,16,16,16,20,15,14,36,32,12,21,5,32,34,6,20,14,15,1,17,,32,16,24,32,16,24,13,4,6,27,27,22,22,35,10,44,36,18,26,23,15,6,47,21,28,28,20,21,25,19,15,26,14,23,31,2,21,18,33,11,17,18,14,28,3,20,23,35,31,21,20,29,25,22,25,18,9,25,16,25,27,30,12,28,9,27,20,20,23,29,25,22,22,,43,18,30,34,22,28,16,11,19,20,9,9,21,43,14,18,32,10,8,21,16,15,10,19
20170820,2,O3,35,41,25,4,2,25,4,5,31,57,2,3,,,39,,45,43,,,27,86,60,,68,24,,4,41,18,11,41,16,115,5,5,8,7,5,10,118,64,64,68,44,50,24,54,54,72,50,42,52,56,82,71,119,123,96,63,4,,10,2,2,22,5,,7,58,45,47,11,26,27,99,91,83,95,85,,,56,91,69,26,34,55,95,83,61,4,57,24,6,62,11,6,2,,,6,32,4,39,,1,70,75,,85,95,105,78,91,88,95,32,30,21,,21,25,12,7,34,11,3,20,9,,4,18,4,6,,5,32,1,75,72,70,85,73,66,66,62,75,74,13,43,35,38,29,21,39,34,20,59,40,39,53,42,57,45,47,30,51,52,44,45,37,,,,36,10,,26,19,7,,16,24,35,,57,49,44,67,44,44,52,44,51,,,,53,52,,54,58,51,45,40,,47,22,23,22,22,12,36,48,,32,,26,,29,48,39,41,44,45,48,43,51,48,47,15,68,62,77,63,,72,64,61,10,27,13,22,53,64,,,76,,48,38,,72,48,44,49,54,46,,50,53,13,47,26,31,23,,30,49,30,7,22,16,47,54,26,1,30,,21,49,54,32,55,35,28,5,22,10,11,11,4,19,,19,26,26,17,27,12,26,29,,99,87,54,38,71,87,56,17,68,95,99,85,62,91,89,95,81,4,5,16,29,18,2,34,23,52,4,4,5,47,4,12,20,9,38,20,20,6,27,5,,2,1,12,6,7,32,6,4,4,14,31,14,24,10,6,7,22,5,,21,38,34,21,17,23,23,13,12,44,10,10,26,32,27,19,23,24,25,24,4,2,3,6,5,18,18,12,23,5,6,28,36,29,12,21,20,7,5,4,11,3,,18,9,6,16,102,,46,49,49,58,74,8,49,18,,52,40,71,32,25,,1,35,7,21,14,,28,107,11,15,31,13,13,19,18,9,3,12,13,16,23,12,8,6,53,36,51,60,28,45,54,49,40,50,48,40,58,12,84,55,54,40,50,71,60,104,53,66,50,,57,57,74,,,,92,97,5,5,2,6,115,,21,38,12,46,30,53,25,14,22,28,34,46,11,11,47,,81,73,51,83,56,90,114,104,125,68,43,26,64,37,23,11,6,17,27,5,22,84,65,97,71,3,3,1,36,,38,,41,40,29,18,31,,,69,,65,49,51,,33,18,35,34,45,21,30,30,58,37,39,84,78,88,103,85,,43,,46,,23,38,52,48,73,64,59,95,97,86,91,88,90,73,84,58,,140,78,152,126,93,15,19,26,16,36,23,26,31,15,39,9,28,30,10,24,21,13,12,34,22,23,20,9,31,16,30,22,10,60,78,,15,8,,16,11,8,18,29,15,10,5,,,94,89,86,55,,86,,107,90,73,115,,107,125,,51,47,58,,46,15,23,44,8,16,91,8,30,38,,56,31,65,36,30,42,,2,2,26,2,16,7,17,8,8,9,21,,19,84,19,48,19,3,5,4,13,6,,17,70,71,26,59,53,3,8,10,5,9,50,50,44,26,34,52,70,49,71,,71,40,73,75,35,57,60,50,24,75,38,98,65,61,,59,64,70,38,51,77,78,74,77,71,74,68,65,87,55,34,68,112,102,109,62,111,79,,96,36,25,25,41,56,28,27,27,43,36,39,76,43,32,28,41,18,15,45,16,15,28,45,9,21,8,5,7,39,23,19,12,7,33,2,4,3,16,16,59,63,87,53,75,98,113,108,102,105,6,45,6,11,44,79,74,115,53,,,89,65,41,45,31,92,76,81,100,121,89,11,23,5,,15,34,33,63,72,67,54,56,48,48,59,6,10,5,2,53,,50,57,60,33,50,57,66,,83,82,48,49,54,67,,104,106,104,105,112,73,56,81,68,72,48,68,34,40,32,35,68,68,17,41,51,44,,44,71,57,75,27,27,51,36,35,83,68,84,90,72,79,35,68,43,62,54,,47,53,62,121,53,,59,55,50,39,32,39,52,40,38,56,,50,53,27,58,,20,60,64,,,55,38,10,40,62,61,61,78,,97,85,,15,26,7,46,37,52,75,99,111,42,100,,63,105,,91,97,144,95,,133,48,83,96,91,24,,28,96,76,100,60,35,82,67,,92,77,79,123,,,29,2,96,105,109,103,93,20,30,88,48,,35,30,31,45,28,7,12,30,4,40,14,11,22,21,8,8,15,1,2,6,3,36,,,18,12,35,19,12,5,11,14,15,14,6,19,40,31,46,26,4,6,,,3,2,3,56,10,15,11,46,39,34,57,3,23,,16,46,18,4,14,8,,13,29,27,,52,15,37,27,30,8,34,23,36,17,47,25,51,65,35,28,28,64,35,85,47,,52,19,20,21,70,71,70,67,46,71,,14,23,52,36,47,16,44,15,14,44,24,17,19,27,110,32,38,29,2,7,1,1,43,39,29,15,9,12,8,42,38,1,14,2,24,15,19,34,29,31,28,19,14,25,16,60,77,127,109,88,48,58,75,87,12,19,34,13,25,14,39,38,31,27,22,12,14,15,67,90,92,,27,69,73,88,,87,84,88,,90,88,73,76,77,87,95,97,77,93,76,88,85,80,94,89,88,,25,2,8,3,92,89,82,58,45,44,49,46,20,25,17,52,54,53,,43,44,,17,88,68,56,76,38,25,25,13,10,34,23,27,15,14,43,5,26,5,26,34,29,38,45,49,41,55,48,62,75,104,19,39,16,32,38,75,39,52,43,52,21,39,32,25,42,3,,,,2,5,,19,17,24,10,5,27,40,,17,23,9,33,28,9,11,28,25,5,7,5,33,24,12,8,42,3,24,18,51,83,98,68,84,100,76,98,31,34,56,35,28,38,51,37,83,71,66,,74,27,42,36,45,42,39,66,38,86,,35,23,,64,55,48,59,49,17,18,19,,76,32,35,33,24,21,55,33,47,48,29,37,37,36,39,5,8,34,14,2,,37,,33,22,22,63,30,1,18,26,4,3,6,3,42,45,,26,34,14,22,5,9,46,40,45,41,6,2,49,34,4,4,46,48,57,52,54,,94,,45,41,41,17,27,17,47,80,71,72,,37,40,36,16,90,85,50,64,92,52,49,75,60,41,58,37,60,92,94,85,103,92,60,,118,79,58,48,84,54,53,80,42,83,96,80,85,92,89,90,78,76,84,4,9,10,1,54,10,,77,45,96,85,173,14,,27,44,40,7,44,8,54,56,38,32,15,17,32,35,92,3,12,30,65,47,116,104,11,4,15,65,65,38,76,14,51,10,54,67,32,35,7,5,64,46,38,19,85,80,83,12,39,4,38,75,44,94,85,87,93,51,53,24,37,7,50,32,49,18,9,28,16,65,53,48,58,58,54,,37,82,56,48,21,74,92,76,116,2,89,36,110,28,12,31,61,93,32,47,56,35,69,48
20170820,2,O3_24h,138,147,129,138,140,128,147,142,133,168,130,148,,,120,,125,113,,,119,135,124,,167,98,,121,153,126,102,106,84,134,151,131,170,160,132,155,158,140,144,140,134,115,100,106,120,153,145,131,150,150,143,168,180,175,158,192,106,106,117,115,97,149,170,,168,141,150,152,123,151,143,138,152,158,132,184,,,134,162,182,150,189,167,209,183,195,184,207,204,187,167,137,131,147,,,162,140,118,144,,186,104,121,,130,142,158,121,117,117,122,88,79,77,,84,82,76,87,66,53,143,126,95,,105,109,96,116,119,88,107,102,252,216,267,254,235,237,224,234,234,229,125,159,163,155,128,111,147,136,177,166,144,123,145,170,160,129,156,210,242,205,222,250,74,,,,116,104,,96,101,101,,169,207,188,,158,202,203,220,190,209,225,131,186,,,,161,131,,129,179,154,180,134,,179,92,111,89,115,89,152,164,,99,,57,,55,166,138,87,205,168,183,149,172,184,169,149,150,168,243,208,,147,173,131,209,210,163,230,205,185,,,199,,194,187,,168,183,143,136,104,133,,169,173,145,112,133,167,159,,79,103,104,119,85,131,157,125,130,95,199,,181,217,212,202,272,106,89,126,133,107,132,131,133,143,,144,145,192,210,169,183,225,232,,133,124,116,124,123,119,122,101,101,110,118,113,112,106,112,102,92,124,112,101,105,120,118,118,102,127,94,114,131,102,135,101,105,101,93,105,86,96,222,206,,187,170,180,277,183,200,185,200,84,118,64,22,69,196,30,53,67,57,196,56,52,61,61,270,282,262,212,226,180,208,196,151,173,136,115,142,136,148,122,269,288,244,250,194,163,161,180,162,132,156,154,141,146,66,132,106,92,83,105,57,68,18,50,55,53,36,280,,270,182,177,205,199,158,186,199,,206,167,229,245,186,,126,199,230,180,171,,156,137,70,62,67,72,56,60,60,60,63,87,69,54,82,74,66,69,92,62,91,93,73,86,121,105,119,113,105,107,100,135,120,104,83,112,114,134,99,227,88,119,88,,93,129,155,,,,168,188,120,127,122,113,163,,126,97,75,96,95,99,124,130,126,142,146,55,130,105,93,,194,199,190,193,195,186,182,183,184,164,148,160,155,138,89,93,84,95,166,181,142,154,161,158,160,209,194,200,229,,108,,83,100,102,81,150,,,199,,184,115,119,,110,124,122,128,103,136,81,118,92,114,114,144,137,144,159,156,,119,,118,,102,148,149,151,120,135,119,101,111,100,148,125,124,120,119,101,,250,216,243,278,261,140,144,109,115,140,125,56,45,45,52,59,45,61,77,84,82,152,116,114,67,56,50,125,141,123,60,71,63,215,212,,209,203,,140,125,153,168,91,102,98,58,,,172,172,154,164,,146,,182,151,140,145,,156,157,,202,174,216,,169,120,131,133,138,140,120,103,99,107,,102,102,109,88,105,92,,138,128,112,116,83,135,77,96,84,89,95,83,156,191,147,137,145,78,64,78,71,64,,62,96,111,104,102,103,88,85,96,79,88,95,114,114,84,100,135,160,120,185,,150,143,150,121,101,120,109,101,94,129,110,124,122,115,,137,142,126,113,115,110,110,113,125,114,122,121,105,156,135,152,153,140,125,130,143,111,92,,108,129,111,123,124,142,78,87,98,99,100,110,119,123,102,88,103,94,81,84,73,70,88,67,75,64,68,69,68,76,45,48,95,84,79,81,68,81,32,36,108,94,117,115,108,140,146,150,139,143,96,101,70,71,175,176,178,171,114,,,138,134,124,131,121,174,167,187,185,187,167,92,95,83,,90,83,89,101,124,105,103,98,89,113,95,129,108,97,109,84,92,91,102,90,62,99,90,129,,140,139,106,102,119,88,,135,154,151,151,141,113,77,124,120,90,101,117,96,94,155,146,122,137,110,120,111,87,146,118,128,103,155,52,124,129,107,99,135,117,124,131,111,112,160,212,178,253,240,,207,190,248,301,230,,145,133,211,145,171,224,204,103,104,99,,181,196,90,111,,95,137,149,,,73,62,96,111,134,126,112,103,,117,109,,199,202,130,121,127,123,140,143,195,183,165,176,161,163,,154,163,144,131,,136,121,169,162,185,175,,130,156,162,160,83,101,102,105,,142,137,163,200,,,116,112,141,150,161,155,140,107,86,88,100,99,111,100,108,114,165,111,121,149,110,112,110,103,127,123,88,91,96,82,81,77,90,80,,,122,63,62,76,71,91,82,131,80,92,97,116,123,72,107,87,77,84,55,93,114,97,82,99,120,140,149,85,83,89,89,68,90,,49,63,45,59,62,54,,61,72,71,,65,86,90,87,94,86,101,81,102,99,89,61,88,103,111,61,99,130,129,128,104,,97,68,61,70,89,84,90,100,143,134,,100,90,88,82,76,267,270,247,264,245,143,158,154,153,134,138,138,131,151,158,140,132,191,170,170,198,114,117,125,117,78,88,80,85,173,91,86,97,76,69,100,113,105,123,115,171,162,191,168,182,125,127,153,148,100,82,108,86,71,89,94,128,89,97,134,100,142,114,108,129,123,,130,123,144,144,,144,164,128,,130,129,91,98,101,96,103,104,94,102,105,116,109,114,94,92,88,,90,68,68,93,109,112,132,84,144,132,119,122,88,85,69,105,107,99,,99,89,,85,125,102,104,105,87,95,99,78,76,74,74,79,76,75,78,90,84,88,82,86,106,104,105,95,88,144,160,184,172,177,73,81,53,72,77,82,91,78,72,100,61,68,82,71,102,79,63,65,111,121,107,106,76,97,84,118,116,94,109,,112,114,143,141,107,110,95,102,124,57,67,59,78,73,108,86,110,127,126,135,169,172,207,170,179,183,152,195,157,134,137,121,168,178,186,172,156,144,157,,139,125,98,91,110,122,103,140,110,122,,106,98,,150,149,134,149,95,61,76,66,,112,80,75,72,74,71,85,70,95,80,67,66,66,66,64,71,75,115,123,34,42,54,,63,56,58,76,73,60,72,62,40,67,65,79,57,61,,46,45,48,59,60,11,57,76,79,76,60,55,78,69,73,67,76,68,82,81,67,,131,,77,75,133,159,135,157,169,175,165,174,,113,121,97,109,116,111,121,97,112,93,90,108,100,87,98,97,101,92,95,85,135,123,105,,134,90,82,133,127,81,79,85,65,93,155,163,170,158,153,158,115,114,107,136,171,117,123,146,128,123,121,115,139,134,173,162,,229,96,88,124,136,123,90,89,90,138,139,112,99,170,154,202,168,128,139,141,170,139,136,129,194,179,180,190,188,65,102,103,123,200,204,64,67,56,91,130,156,131,172,212,114,108,108,164,216,189,129,167,155,174,164,85,174,65,152,58,151,184,158,95,92,69,52,155,119,196,190,191,205,,137,140,139,217,217,129,154,105,197,95,128,47,114,140,165,144,145,164,109,115,117,111,122,155
20170820,2,O3_8h,32,42,34,8,13,30,6,4,38,60,14,4,,,32,,50,48,,,28,96,68,,61,22,,4,47,14,12,50,26,102,12,6,10,10,6,9,101,67,58,68,46,56,40,61,66,72,62,25,44,41,86,79,122,125,98,66,3,,10,2,2,27,6,,12,64,50,54,28,32,44,99,94,81,96,86,,,65,93,73,37,46,59,96,88,52,4,40,22,9,62,19,4,12,,,7,40,14,42,,17,72,79,,84,94,105,81,95,94,101,28,28,20,,22,22,14,14,30,11,10,20,10,,5,28,4,7,,6,46,1,82,78,78,90,78,71,72,72,82,78,18,44,41,42,34,26,32,39,28,64,46,44,58,48,58,46,56,44,58,56,50,49,38,,,,44,16,,27,30,5,,18,20,31,,54,55,48,65,40,42,56,45,60,,,,58,60,,56,63,56,47,42,,48,24,25,24,26,16,34,44,,30,,24,,30,31,28,45,42,28,40,38,45,50,33,12,69,68,76,67,,72,64,60,12,30,10,26,58,70,,,69,,55,44,,68,54,48,52,53,47,,52,56,15,39,18,34,28,,22,26,18,7,12,16,36,50,40,,33,,26,52,60,30,60,35,33,6,26,8,10,16,8,20,,21,32,30,26,42,16,30,37,,103,85,50,60,54,83,67,35,70,94,100,83,70,92,89,94,82,13,11,13,34,20,10,34,32,36,23,15,8,46,4,12,28,11,33,20,24,6,27,8,,2,2,14,10,12,34,6,4,4,16,31,10,24,9,6,8,28,5,,18,37,34,20,24,28,30,16,15,46,17,11,28,34,28,22,26,25,26,24,8,4,6,8,6,18,25,15,32,4,4,32,42,38,13,14,16,8,5,4,10,3,,18,10,4,16,106,,44,52,52,60,77,6,60,27,,58,34,72,34,20,,2,40,14,21,16,,27,111,12,20,31,15,14,18,18,9,3,15,12,22,26,13,12,7,52,33,48,58,25,43,66,53,46,57,50,38,54,14,86,54,57,42,48,76,62,110,58,72,50,,58,63,76,,,,94,100,5,5,2,6,110,,25,32,17,48,30,49,29,16,26,32,38,46,13,11,45,,86,72,51,88,69,96,113,100,116,64,42,31,58,36,25,15,11,12,26,10,29,70,40,58,45,6,4,,26,,44,,43,43,36,20,26,,,68,,67,48,50,,28,18,41,40,48,24,30,36,59,38,42,87,80,90,106,84,,49,,51,,26,32,46,40,71,71,61,96,102,88,92,88,88,74,80,58,,152,92,144,124,99,17,20,26,17,34,25,28,32,24,38,14,28,30,11,26,24,22,12,30,22,22,19,14,34,16,30,22,14,70,80,,15,8,,22,16,12,18,32,16,14,7,,,93,91,88,49,,84,,108,87,82,116,,118,123,,48,46,62,,45,12,30,30,7,22,98,18,41,36,,54,32,61,36,28,38,,6,2,23,2,18,19,18,10,8,8,18,,28,76,17,40,34,3,6,4,12,6,,16,71,72,23,62,52,2,6,12,8,8,48,48,42,24,34,46,66,52,62,,48,47,46,68,40,62,62,50,28,72,46,102,66,65,,61,69,74,44,54,80,80,78,83,76,79,74,70,94,64,52,71,110,100,108,64,111,82,,96,37,26,26,40,58,28,27,30,46,38,31,80,49,28,32,46,20,17,46,18,16,27,46,12,24,13,6,6,40,25,18,16,20,34,4,8,4,14,14,57,66,80,57,80,95,112,106,104,102,6,50,6,12,47,80,83,119,46,,,84,45,38,34,34,98,82,88,102,126,90,15,26,8,,20,30,36,65,75,68,52,64,50,46,52,6,11,5,2,46,9,56,56,62,26,55,55,60,,84,82,50,52,62,66,,103,106,99,108,115,74,54,74,84,70,42,59,36,40,36,40,70,72,20,42,54,44,146,45,71,56,74,26,22,50,40,40,86,70,82,91,78,82,42,68,50,68,58,,54,54,66,128,58,,62,55,56,41,40,57,62,46,44,55,,55,58,31,58,,23,57,56,,,56,38,15,38,60,56,57,78,,97,84,,18,41,7,42,50,59,62,100,88,55,100,,42,106,,98,104,140,97,,126,60,84,94,92,23,,22,97,80,100,56,24,78,66,,88,86,87,130,,,28,2,94,102,110,104,94,20,24,81,39,,42,41,36,54,32,8,13,38,4,46,18,16,22,18,8,6,14,2,2,4,4,36,,,17,20,34,25,10,5,12,12,18,14,6,17,38,28,38,24,4,7,,,3,2,3,54,14,16,16,56,43,36,54,2,20,,18,46,20,6,17,10,,16,30,36,,58,18,34,36,30,10,29,20,44,14,40,24,40,52,38,27,30,70,28,82,49,,50,16,20,18,63,64,64,58,50,67,,16,26,58,42,56,20,40,14,17,46,28,17,18,27,111,32,30,28,2,8,2,1,48,45,34,18,16,10,5,42,41,2,12,2,20,14,16,33,28,30,26,24,18,30,16,58,64,124,107,98,38,34,58,63,18,23,34,18,26,8,40,42,28,20,25,16,14,20,68,85,84,,39,78,78,95,,92,89,92,,92,86,72,75,76,88,96,98,81,96,72,87,84,78,90,84,84,,24,2,12,2,90,88,82,59,47,46,48,48,11,19,22,52,60,54,,46,43,,11,88,70,68,72,36,24,22,18,12,34,29,30,16,24,45,5,21,10,24,36,29,41,48,50,44,56,46,58,74,99,20,42,14,32,40,70,38,49,38,50,22,40,31,25,42,4,,,,1,5,,16,20,22,9,6,31,40,,27,24,8,29,32,11,10,28,29,6,7,5,34,29,12,8,37,4,22,18,50,89,100,68,85,102,77,96,45,30,60,42,40,38,56,43,95,71,62,,68,30,43,34,50,45,44,74,42,96,,38,26,,69,54,46,59,50,16,18,18,,80,33,34,36,28,28,58,34,48,50,28,38,38,36,40,5,10,36,20,2,,38,,34,24,22,60,26,1,20,24,4,3,8,6,42,44,,26,37,13,22,4,10,47,40,44,39,5,2,52,36,2,2,45,46,58,54,55,,96,,46,42,38,22,29,15,51,84,74,74,,46,43,39,16,89,84,60,67,94,51,54,72,68,48,64,36,52,85,88,80,102,90,59,,113,76,61,50,86,56,52,82,44,82,96,80,86,90,88,90,83,77,86,18,26,10,1,54,6,,52,38,102,87,172,12,,24,36,36,14,43,8,60,58,48,18,10,20,34,36,90,2,28,39,66,60,116,112,19,4,16,68,67,40,69,16,52,12,55,71,36,42,8,5,63,48,42,29,88,74,86,12,40,8,40,74,49,96,90,94,92,30,55,26,38,18,58,47,46,26,12,30,18,70,59,52,64,66,60,,44,88,56,50,20,53,85,76,122,2,82,30,112,28,12,38,74,92,30,49,59,46,72,46
20170820,2,O3_8h_24h,32,43,43,12,24,34,9,4,46,63,25,5,,,32,,54,52,,,29,106,77,,61,22,,4,53,14,14,60,37,102,20,6,11,12,6,9,101,70,58,68,47,63,57,68,79,72,73,25,44,41,90,87,124,127,101,68,3,1,11,3,2,32,7,,16,71,55,61,46,38,61,99,98,81,98,88,,,74,95,77,48,58,63,98,93,52,4,40,22,12,62,27,4,22,,,8,47,23,46,,33,73,83,,84,94,105,84,99,99,107,28,28,20,,23,22,17,21,30,11,16,20,12,,6,37,5,8,,7,60,1,88,85,87,94,83,76,79,82,90,81,24,46,47,47,38,30,32,44,35,68,51,49,63,55,60,48,64,57,65,61,56,53,40,,,,53,21,,28,40,5,,19,20,31,,54,61,51,65,40,42,59,46,70,,,,64,68,,58,68,60,49,44,,49,25,27,25,30,19,34,44,,30,,24,,30,31,28,49,42,28,40,38,45,53,33,12,70,74,76,71,,72,64,60,13,34,10,30,63,75,,,69,,62,49,,68,59,51,54,53,48,,54,59,17,39,18,36,32,,22,26,18,7,12,17,36,50,53,,36,,31,56,66,30,64,35,38,8,30,8,10,21,11,21,,23,37,33,36,56,20,34,45,,107,85,50,81,54,83,78,53,73,94,100,83,77,94,89,94,84,22,17,13,38,22,18,35,41,36,42,26,12,46,4,12,36,13,33,20,27,6,27,10,,3,3,15,15,17,36,6,4,5,17,31,10,24,9,6,9,35,5,,18,37,34,20,32,34,36,19,18,48,24,12,29,37,28,26,30,26,26,24,13,5,10,9,6,19,32,18,41,4,4,35,48,46,14,14,16,8,5,4,10,3,,19,12,4,17,111,,44,55,56,61,80,6,70,36,,65,34,74,37,20,,3,44,20,21,17,,27,115,14,25,31,17,16,18,19,9,3,18,12,27,28,14,15,8,52,33,48,58,25,43,78,57,51,64,52,38,54,15,87,54,60,44,48,81,64,117,62,77,50,,58,69,79,,,,97,102,5,5,2,7,110,,29,32,22,49,30,49,33,17,30,36,42,46,15,11,45,,91,72,51,93,82,101,113,100,116,64,42,36,58,36,27,19,16,12,26,15,36,70,40,58,45,9,5,,26,,49,,45,46,42,22,26,,,68,,69,48,50,,28,18,47,46,51,28,30,42,60,39,44,90,82,93,108,84,,55,,56,,28,32,46,40,71,78,63,98,106,89,94,89,88,75,80,59,,164,105,144,124,105,19,22,26,18,34,27,31,32,33,38,18,28,31,12,27,26,32,13,30,22,22,19,20,37,16,31,22,19,81,82,,15,8,,28,21,15,18,36,16,17,9,,,93,93,90,49,,84,,108,87,90,116,,129,123,,48,46,65,,45,12,38,30,7,29,104,29,52,36,,54,32,61,36,28,38,,9,2,23,3,19,31,19,11,8,8,18,,36,76,17,40,49,3,8,5,12,6,,16,72,73,23,64,52,2,6,14,11,8,48,48,42,24,34,46,66,54,62,,48,54,46,68,46,68,64,51,32,72,53,105,66,69,,63,74,77,49,57,84,81,81,89,81,84,79,74,102,74,69,74,110,100,108,67,111,85,,97,38,26,26,40,59,28,27,32,48,39,31,85,55,28,35,50,21,19,47,21,18,27,47,15,28,18,8,6,42,27,18,20,33,36,6,13,4,14,14,57,69,80,61,84,95,112,106,105,102,6,55,6,12,50,82,92,123,46,,,84,45,38,34,37,104,87,94,104,130,92,19,28,12,,24,30,38,67,78,68,52,71,52,46,52,7,12,5,2,46,9,61,56,65,26,60,55,60,,85,82,51,54,69,66,,103,106,99,111,118,76,54,74,101,70,42,59,37,40,41,44,72,75,24,43,58,44,146,46,71,56,74,26,22,50,43,45,88,72,82,92,85,84,48,69,57,75,63,,62,56,70,135,63,,66,55,61,43,47,75,71,51,50,55,,60,62,35,58,,26,57,56,,,56,39,20,38,60,56,57,78,,97,84,,22,56,7,42,62,66,62,100,88,68,100,,42,108,,104,111,140,99,,126,73,86,94,94,23,,22,98,83,100,56,24,78,66,,88,94,95,136,,,28,3,94,102,111,106,95,21,24,81,39,,49,52,40,64,35,8,14,46,5,52,21,21,23,18,8,6,14,2,2,4,4,36,,,17,29,34,31,10,5,12,12,21,14,6,17,38,28,38,24,4,8,,,3,2,3,54,18,16,21,65,47,39,54,2,20,,19,47,23,7,20,12,,18,30,44,,63,21,34,45,31,11,29,20,52,14,40,24,40,52,40,27,31,75,28,82,51,,50,16,20,18,63,64,64,58,54,67,,17,28,64,48,66,24,40,14,20,49,33,17,18,27,112,33,30,28,2,8,2,1,52,51,39,20,24,10,5,42,44,2,12,2,20,14,16,33,28,30,26,28,21,34,17,58,64,124,107,107,38,34,58,63,23,27,34,23,26,8,41,47,28,20,28,19,15,25,69,85,84,,51,88,83,102,,97,94,95,,94,86,72,75,76,89,96,99,85,99,72,87,84,78,90,84,84,,24,2,15,2,90,88,83,60,49,47,48,50,11,19,27,53,65,54,,48,43,,11,89,73,80,72,36,24,22,23,13,35,35,32,16,33,47,5,21,14,24,39,29,44,51,50,46,56,46,58,74,99,21,45,14,33,43,70,38,49,38,50,23,41,31,25,43,4,,,,1,5,,16,24,22,9,6,35,41,,37,24,8,29,35,13,10,28,33,6,7,5,36,34,12,8,37,4,22,19,50,95,101,68,86,104,78,96,59,30,63,48,51,38,60,49,107,71,62,,68,34,44,34,54,48,50,82,47,105,,40,28,,74,54,46,59,50,16,18,18,,84,34,34,38,32,35,62,36,49,52,28,39,38,36,40,5,11,38,26,2,,39,,36,26,23,60,26,1,21,24,4,3,10,8,43,44,,26,40,13,23,4,10,48,40,44,39,5,2,55,37,2,2,45,46,58,55,56,,99,,48,42,38,28,31,15,55,88,76,76,,56,46,42,16,89,84,69,70,95,51,58,72,75,54,71,36,52,85,88,80,102,90,59,,113,76,64,51,87,59,52,83,45,82,96,81,86,90,88,91,88,78,89,31,43,11,1,55,6,,52,38,108,89,172,12,,24,36,36,21,43,8,65,61,59,18,10,24,35,38,90,2,45,48,66,74,116,121,27,4,17,72,69,42,69,17,53,15,56,75,39,48,8,5,63,50,45,39,91,74,88,13,42,13,41,74,54,99,94,100,92,30,57,28,39,29,65,62,46,33,15,32,19,76,65,55,69,74,65,,50,94,57,51,20,53,85,76,128,2,82,30,114,28,13,45,86,92,30,51,62,56,74,46
20170820,2,CO,1,1,1.2,0.8,1.3,0.9,1.1,1.5,0.9,1.1,1.1,1.3,,,1.2,,1.1,0.8,,,1.1,0.7,1,,0.7,1.2,,0.9,1,0.6,1.5,0.8,0.7,0.8,3.2,2.7,2.8,3,2.7,2.7,0.3,0.4,0.4,0.5,0.5,0.9,1,0.9,0.9,0.7,0.8,0.8,0.7,0.6,0.8,0.4,0.4,0.4,0.4,0.5,0.5,0.5,0.5,0.6,0.5,1,0.8,,0.8,0.8,0.3,0.2,0.6,0.4,0.6,0.3,1.1,0.9,0.8,0.8,,,0.9,0.7,1,1,1.1,0.9,0.7,0.9,0.8,1.1,1,1.1,1.3,1.1,0.8,0.9,0.7,,,0.9,0.7,0.8,0.8,,0.9,0.8,0.7,,0.9,0.6,0.7,0.7,0.6,0.8,0.7,0.9,1,1.1,,0.9,0.7,1.1,0.9,0.9,0.9,0.8,1.2,0.6,,0.3,0.4,0.6,0.6,1.8,0.5,0.5,0.9,0.3,0.6,0.4,0.6,0.7,0.6,0.6,0.6,0.5,0.5,0.7,0.5,1.5,1,0.9,1.2,1.3,0.6,0.8,0.3,0.6,0.5,0.2,0.8,0.4,1.1,0.8,0.7,0.5,0.3,0.6,0.4,0.4,,,,0.8,1,,0.7,0.5,0.3,,1.1,0.3,0.3,,0.3,0.5,0.7,0.6,0.5,0.5,0.7,0.8,0.6,,,,0.5,0.2,,0.6,0.7,0.6,0.3,0.7,,0.5,0.6,0.3,0.3,0.3,0.4,0.8,0.5,,0.8,,0.7,,0.5,0.6,0.9,0.6,0.8,0.7,0.9,0.7,0.7,0.6,0.7,0.8,0.7,0.8,0.6,0.9,,0.5,0.5,0.4,0.6,0.4,0.5,0.7,1.2,0.8,,,0.6,,0.7,0.8,,,0.4,0.4,0.6,0.5,0.2,,0.5,0.4,0.6,0.5,0.7,0.6,0.5,,0.5,0.5,0.7,1.1,0.8,0.6,0.8,0.7,0.5,1,0.1,,0.6,0.5,0.4,0.3,0.3,0.3,0.4,1.4,0.8,0.6,1.3,1,1,0.5,,1.6,0.7,1.2,1,0.9,1.2,0.8,0.9,,0.3,0.2,0.4,0.5,0.6,0.5,0.6,0.3,0.6,1,1.1,1.3,1.5,1.2,1.5,1.5,1,1.5,0.8,0.8,0.6,0.8,0.7,0.5,0.8,0.5,0.7,0.9,0.8,0.5,0.8,0.5,1,0.7,0.5,0.6,0.6,0.8,0.9,0.9,,1,0.7,1.2,1.1,1.1,0.6,1.1,0.8,0.7,0.7,0.6,0.7,0.8,1,0.6,0.6,0.6,0.7,0.6,0.3,0.3,0.5,0.6,,1,0.8,1.1,0.9,0.6,0.9,1,0.7,0.4,0.5,0.6,0.2,0.4,0.3,0.4,0.6,0.8,0.6,0.6,0.6,0.7,0.7,0.7,0.7,0.5,1.1,0.8,0.7,0.5,1,1.1,1.2,0.9,1.1,1.1,1,1.2,0.5,0.6,0.7,0.5,0.6,0.5,,0.9,0.6,0.8,0.6,1.2,1,0.9,0.7,,0.8,0.5,0.5,0.8,0.9,,0.9,0.6,1.2,0.9,0.9,,0.7,0.3,0.5,0.5,0.5,0.6,0.5,0.5,0.7,0.5,0.6,0.8,0.7,0.7,1.1,0.9,0.8,0.8,0.3,0.5,0.5,0.4,0.8,0.5,1.2,1.4,1.2,1.4,1.1,0.9,1.1,1.8,1.2,1.2,1.4,1.2,1.2,0.5,0.5,0.3,0.5,0.6,0.4,,0.9,0.5,0.6,,,,0.7,0.3,1.5,1.3,1.1,2.1,0.6,,0.8,0.4,2.5,0.5,0.7,0.4,0.4,0.7,0.5,0.5,0.6,0.3,0.5,0.8,1,,1.3,1.2,0.7,0.9,1.2,0.7,1.1,0.6,0.8,0.9,0.8,3.6,1,1,0.8,0.7,0.7,1,1.4,1.2,1,0.5,0.6,0.4,0.5,0.6,0.5,0.8,0.6,,0.4,,0.6,0.7,0.6,0.7,1.1,,,0.8,,0.7,0.9,0.7,,3.3,3.4,1.2,1.2,0.9,1.2,0.4,0.4,0.7,0.4,0.5,0.5,0.2,0.5,0.3,0.4,,0.5,,0.7,,0.3,0.9,0.6,1,1,0.4,0.9,0.3,0.3,0.3,0.4,0.3,0.4,0.4,0.6,0.5,,0.8,1,0.7,0.8,0.6,0.6,0.6,0.6,0.6,0.5,0.5,0.7,0.4,0.9,0.4,0.5,0.6,0.3,0.5,0.5,0.4,0.8,0.7,0.7,0.6,0.7,0.5,0.9,0.8,0.9,0.5,0.5,0.8,1,1.3,,0.8,0.8,,0.8,1.1,1.1,0.7,0.6,0.6,0.6,0.3,,,1,1,1,1.1,,1,,0.9,1.1,1.2,1,,1.2,1.2,,1.8,2.9,2.2,,2.3,1.6,0.9,0.9,2.2,1.5,0.8,1.4,0.5,0.3,,0.4,0.7,1.2,1,0.9,0.9,,1,0.7,0.5,0.6,,0.7,0.9,1.1,0.9,1.1,1,0.8,1.1,0.6,0.7,1.3,1.3,0.8,0.7,0.5,0.8,0.5,,0.5,0.7,0.7,0.3,0.6,0.3,0.3,0.6,0.4,0.5,0.4,0.6,0.5,0.4,0.7,0.6,0.6,0.8,0.6,0.8,,0.7,1.6,2,1,0.4,0.7,1,0.2,0.2,0.6,0.4,0.5,1.3,2.1,,1.4,1.7,2.7,2.3,1.3,1.7,1.3,1.7,5.3,1.4,1.4,1,1.6,2.1,1.3,1.1,1.4,1.2,1,1.3,1.4,1.1,1,,1,0.8,1.1,1,1.2,0.8,0.8,0.7,1,0.3,0.7,0.6,0.3,0.5,0.6,0.7,1.3,1.2,1,0.6,1.1,1.2,1.1,1,0.4,0.7,0.6,0.7,0.6,0.2,0.6,0.7,0.7,0.9,0.7,1.1,1.1,0.8,0.6,0.4,0.6,0.6,0.6,0.6,1,1.2,1,1.3,1,1.1,1.8,0.1,1,0.7,0.5,0.4,0.6,0.5,0.6,,,0.6,0.7,0.7,0.6,0.8,0.8,0.6,0.6,0.6,0.5,0.7,0.9,0.5,0.2,,0.4,0.8,0.8,1.2,1.1,1.3,1.3,1.6,1.5,1.7,1.4,1.2,1.2,1.3,1.6,1,1,1.2,1.2,1.2,1.2,1.3,1.1,1,,0.9,0.9,0.4,0.3,0.2,0.6,,0.4,0.2,0.4,0.4,0.3,0.7,0.5,0.7,0.8,1.7,1.3,1.8,0.9,0.7,0.7,0.8,0.7,0.2,0.6,0.7,0.2,,0.5,0.2,0.4,,0.4,0.5,1,0.4,0.5,0.4,0.5,0.3,0.4,0.5,0.2,0.3,0.6,0.7,0.7,0.5,0.4,0.7,0.7,0.6,0.2,0.2,0.4,,0.5,0.7,0.6,0.7,1,0.6,0.7,0.4,0.6,0.7,,0.4,0.5,0.6,0.9,,0.8,0.5,0.5,,,0.3,0.3,0.7,0.5,0.5,0.3,0.3,1.2,,1.2,1.1,,0.9,0.5,1.7,1.3,2.2,1.7,1.4,1.3,1,1.2,1.1,,0.8,1.2,,1,0.9,1.1,1,,1.5,1.1,0.9,1,0.9,1.7,,2,1,0.6,0.5,0.4,0.5,0.3,0.4,,0.8,0.4,0.3,0.7,,,0.2,0.2,0.7,0.5,0.3,0.3,0.3,0.7,0.8,1.1,1,0.4,0.4,0.4,0.6,0.5,0.6,0.4,0.2,0.5,0.8,0.7,0.5,0.3,0.7,0.3,0.8,1.1,0.9,1.1,0.8,0.8,1.2,1,,,0.2,0.8,0.6,0.6,0.4,0.6,0.3,0.5,0.4,0.6,1.7,0.4,0.5,0.3,0.4,0.4,0.3,0.5,0.2,0.5,0.3,0.5,0.7,0.3,0.5,0.6,0.5,0.7,0.6,0.5,0.5,0.4,0.8,,0.5,0.6,0.6,0.8,0.7,0.4,,0.5,0.4,0.3,,0.3,0.7,0.6,0.7,0.6,0.7,0.5,0.8,0.4,0.7,0.5,1.1,0.4,0.5,0.5,0.9,0.4,0.3,0.3,0.4,0.6,,0.3,0.2,0.4,0.6,0.2,0.3,0.3,0.4,0.8,0.8,,0.8,0.7,0.4,0.5,0.4,0.8,0.6,0.7,0.6,0.7,2.2,1.3,0.8,0.8,0.6,0.8,1,0.9,0.6,0.7,0.5,0.8,0.6,0.7,0.7,0.7,1,0.9,0.8,1.1,0.2,1,0.8,0.8,0.5,0.4,0.6,0.5,1.8,0.5,0.8,0.5,0.5,0.3,0.3,1.3,1.1,0.9,0.6,1.2,0.7,,0.9,0.6,0.7,0.4,0.9,0.7,0.5,0.7,0.8,0.4,0.3,1,1.4,1,0.9,0.8,2.6,1.5,1.5,,1.3,0.9,0.8,0.9,,0.9,1,0.9,,0.9,0.9,0.9,1,0.8,1.4,1.1,1.6,1.2,1.2,1.1,0.6,0.8,0.7,1,1.4,1.3,,0.7,0.9,1,1,0.7,1,0.7,0.5,0.4,0.8,0.8,0.7,0.8,0.7,1,0.5,0.9,0.8,,0.9,0.7,,1.2,0.8,1,0.9,1.1,0.8,0.6,0.8,1.1,1,0.6,0.8,0.8,0.7,1.3,0.6,0.6,0.5,0.7,0.5,0.6,1,0.4,0.9,0.8,0.7,1.4,2,1.6,1.6,1,0.4,0.4,0.5,0.6,0.4,1.1,1.3,1.1,0.9,1.4,0.9,2.4,1.6,0.9,0.7,0.7,1,1.3,1.1,0.4,0.8,0.8,0.9,0.6,0.7,1.6,1.3,0.7,0.4,,0.9,1,0.8,1.1,1.7,1.3,1,1,1.2,0.4,0.8,0.6,0.5,0.6,0.6,0.4,0.8,0.6,0.5,0.7,0.9,0.4,0.6,0.5,0.4,0.5,0.4,0.4,0.6,0.7,0.7,0.7,0.4,0.4,0.4,0.3,0.5,0.7,1.1,,0.5,0.4,0.5,0.5,0.5,0.7,0.5,0.6,0.6,0.3,,0.6,0.6,,0.5,0.7,0.7,0.5,0.6,0.4,0.4,0.5,,0.4,0.7,0.6,0.5,0.7,0.3,0.4,0.5,0.2,0.5,0.3,0.4,0.5,0.5,0.5,0.6,0.9,0.5,0.7,1.1,0.7,0.6,,0.5,1.2,0.8,0.2,0.8,0.9,1,0.6,0.3,0.3,0.8,1,0.6,0.7,,0.4,0.3,0.7,0.7,0.6,0.1,0.6,0.7,0.6,0.5,1.3,0.9,1,0.3,0.7,0.8,0.4,0.4,0.4,0.2,0.9,,0.2,,0.3,0.2,0.5,1,1,1,1,1.1,1.3,1.2,,0.8,0.6,0.6,0.7,0.2,0.5,0.2,0.5,0.8,0.4,0.4,0.4,0.4,0.7,0.7,0.3,0.3,0.9,1,1,0.1,0.2,0.4,,0.6,0.6,,1.3,0.6,0.8,0.6,1,0.5,0.6,0.8,0.6,0.7,0.4,0.4,0.6,1.8,0.9,0.9,1,1.1,2.6,2.4,0.3,1.4,1,0.5,0.7,1,0.7,1.2,1.1,,0.8,1.4,0.7,1.6,0.9,2.1,0.8,0.7,0.8,0.8,0.9,0.6,1.1,0.3,1.2,0.9,0.9,0.8,1,1.1,1,1.5,1.8,0.6,0.7,0.5,0.4,0.7,0.7,0.4,0.3,0.6,0.5,0.8,1.2,0.8,3.2,0.7,0.5,0.4,0.8,1,0.4,0.7,0.5,0.5,0.5,0.8,0.7,0.7,1.1,1,0.8,0.7,0.4,1.5,0.3,0.4,0.4,0.6,0.5,1.3,0.7,0.6,0.5,0.8,0.6,0.6,0.6,0.7,0.5,0.5,2.3,,1.3,1.1,1.2,0.9,0.9,0.6,0.8,0.4,0.7,0.7,0.6,0.4,1.1,1.5,0.2,1.1,1.7,0.3,0.6,0.1,0.3,0.7,0.2,1
20170820,2,CO_24h,1,0.8,1.1,0.9,1.1,0.9,1,1.2,0.9,1,0.8,1,,,1,,0.8,0.6,,,0.9,0.7,0.7,,0.7,1,,0.9,0.8,0.6,1.4,0.8,0.6,0.7,2,2,2,1.9,2.3,2.1,0.5,0.5,0.5,0.5,0.5,0.8,0.9,0.9,0.9,0.6,0.6,0.7,0.6,0.5,0.7,0.5,0.5,0.5,0.8,0.5,0.5,0.5,0.5,0.6,0.5,1.3,1,,1.1,0.9,0.4,0.3,0.6,0.4,0.7,0.5,1.2,0.9,1,1,,,1,0.8,1.3,1.2,1.3,1.1,0.8,1.2,0.8,1.1,1,1.1,1.2,1.2,0.8,1,0.9,,,1,0.9,1,1,,1,0.8,0.8,,1,0.6,0.9,0.8,0.9,0.8,1.3,0.9,1,1,,1,0.7,0.9,0.8,0.9,0.8,0.6,1,0.6,,0.4,0.6,0.6,0.6,1.3,0.3,0.3,0.7,0.4,0.8,0.5,0.8,0.8,0.7,0.8,0.6,0.7,0.5,0.8,0.6,1.6,1.1,0.9,1.3,1.2,0.8,0.9,0.4,0.7,0.5,0.3,0.9,0.4,1.1,0.8,0.8,0.6,0.5,0.7,0.5,0.4,,,,0.9,0.6,,0.6,0.7,0.4,,1,0.3,0.4,,0.5,0.6,0.7,0.7,0.6,0.7,0.9,1,0.6,,,,0.6,0.5,,0.8,0.9,0.8,0.5,0.8,,0.7,0.8,0.4,0.4,0.4,0.5,0.8,0.5,,0.8,,0.8,,0.5,0.6,0.8,0.6,0.7,0.7,0.8,0.7,0.6,0.6,0.7,0.9,0.7,0.8,0.6,0.9,,0.5,0.4,0.4,0.7,0.5,0.5,0.7,1.1,0.7,,,0.7,,0.8,0.9,,0.2,0.6,0.6,0.6,0.6,0.3,,0.6,0.5,0.5,0.5,0.7,0.7,0.6,,0.5,0.7,0.8,0.9,0.8,0.5,0.9,0.7,0.5,0.9,0.2,,0.6,0.6,0.5,0.3,0.3,0.4,0.4,1.4,0.6,0.5,1.1,0.9,0.9,0.6,,1.5,1.1,1.5,1,0.9,1.3,1.1,1,,0.3,0.3,0.4,0.4,0.6,0.6,0.5,0.2,0.7,1,1.1,1.2,1.4,1.1,1.4,1.5,1,1.4,0.7,0.8,0.6,0.6,0.7,0.4,0.7,0.5,0.6,0.8,0.7,0.5,0.6,0.6,0.6,0.6,0.4,0.4,0.6,0.7,0.7,0.7,,0.8,0.7,0.7,0.9,0.8,0.6,0.9,0.6,0.7,0.7,0.6,0.7,0.7,0.8,0.6,0.6,0.6,0.5,0.6,0.3,0.4,0.4,0.5,0.5,1,0.7,0.5,0.7,0.6,0.7,0.8,0.8,0.5,0.5,0.6,0.2,0.5,0.4,0.4,0.7,0.9,0.7,0.7,0.6,0.7,0.6,0.6,0.7,0.5,0.9,0.9,0.7,0.5,0.9,1,1,0.8,0.9,1,0.8,0.9,0.5,0.5,0.7,0.5,0.6,0.5,,0.8,0.6,0.8,0.6,1.1,0.8,0.8,0.7,,0.7,0.5,0.4,0.8,0.8,,0.7,0.6,1,0.9,0.8,,0.6,0.2,0.4,0.4,0.6,0.5,0.4,0.4,0.5,0.4,0.5,0.6,0.8,0.6,0.9,0.5,0.8,0.8,0.4,0.7,0.4,0.5,0.7,0.5,1.3,1.6,1.3,1.5,1.3,1.1,1.2,1.6,1.3,1.4,1.5,1.4,1.3,0.7,0.8,0.4,0.6,0.6,0.4,,0.9,0.7,0.6,,,,0.8,0.5,0.8,0.9,0.7,0.9,0.7,,0.8,0.7,1.1,1.2,0.7,0.8,0.4,0.5,0.5,0.6,0.7,0.3,0.5,0.2,0.9,,1.2,1.5,0.9,0.8,1,0.8,1.2,0.7,0.8,1,0.7,1.8,0.8,0.9,0.8,0.7,0.7,1.1,1.2,1.2,0.9,1,1,1.2,0.8,0.6,0.5,0.7,0.6,,0.5,,0.8,0.9,0.7,0.9,0.9,,,1.1,,1,1.1,0.9,,1.3,1.3,1.1,1.4,0.9,1.4,0.4,0.4,0.7,0.3,0.3,0.6,0.4,0.7,0.5,0.6,,0.5,,0.7,,0.4,0.9,0.7,1.1,1.3,0.6,1.2,0.5,0.4,0.4,0.5,0.5,0.6,0.6,0.7,0.7,,0.9,0.9,0.8,1,0.7,0.7,0.6,0.6,0.7,0.6,0.6,0.6,0.4,0.7,0.4,0.5,0.6,0.4,0.5,0.5,0.4,0.8,0.8,0.7,0.6,0.7,0.5,0.8,0.7,0.9,0.5,0.6,0.7,1,1.2,,0.9,0.8,,0.7,0.9,0.9,0.7,0.7,0.6,0.6,0.5,,,0.9,1.1,1.1,1.2,,1.2,,1.4,1.2,1.3,1.2,,1.3,1.4,,1.6,1.7,1.4,,1.5,1.4,0.8,0.9,1.2,1.4,0.9,1.1,0.5,0.5,,0.8,0.9,1.8,1.4,1.1,1.1,,0.9,0.8,0.6,0.6,0.5,0.8,0.9,1.2,1.2,1.1,1,0.8,0.8,0.8,0.6,1.2,1.1,0.7,0.7,0.5,0.7,0.5,,0.4,0.8,0.8,0.3,0.6,0.3,0.3,0.6,0.4,0.4,0.4,0.6,0.5,0.4,0.6,0.6,0.8,0.9,0.6,0.9,,1.1,0.9,1.2,0.8,0.6,0.7,1,0.4,0.4,0.6,0.4,0.5,1.1,1.8,,1.2,1.5,2.2,2,1.1,1.8,1.3,1.5,2.4,0.9,1,0.8,1,1.6,1.4,1.1,1.1,0.9,0.7,1.1,1,1,0.8,,0.9,0.8,1.1,0.9,1.2,0.8,0.8,0.7,0.9,0.4,0.6,0.5,0.3,0.5,0.6,0.6,1.2,1.1,1,0.6,1.1,1.2,1.1,1,0.4,0.7,0.5,0.7,0.6,0.3,0.8,0.7,0.6,0.8,0.5,0.8,0.8,0.8,0.5,0.4,0.6,0.6,0.6,0.6,1,1.3,1,1.3,1.1,1.1,1.7,0.6,1,0.9,0.3,0.3,0.4,0.4,0.6,,,0.6,0.7,0.7,0.6,0.8,0.8,0.5,0.5,0.6,0.4,0.6,0.9,0.4,0.4,,0.3,0.8,0.8,1.3,1.2,1.4,1.4,1.5,1.5,1.6,1.4,1.1,1.2,1.2,1.4,0.9,0.9,1.1,1.1,1.1,1.2,1.1,1,1.1,,1,1,0.3,0.2,0.2,1.1,,0.6,0.6,0.4,0.6,0.3,0.7,0.5,0.7,0.8,1.5,1.2,1.8,0.6,0.7,0.8,0.8,0.8,0.2,0.5,0.6,0.3,0.8,0.7,0.4,0.5,0.1,0.6,0.7,1.1,0.5,0.6,0.4,0.6,0.4,0.5,0.6,0.5,0.4,0.7,0.8,0.8,0.7,0.5,0.9,0.6,0.6,0.6,0.6,0.6,,0.7,0.9,0.8,0.7,0.8,0.6,0.8,0.5,0.7,1,,0.6,0.5,0.6,0.8,,0.8,0.7,0.6,,,0.4,0.2,0.5,0.4,0.6,0.4,0.4,0.9,,0.9,0.8,,0.8,0.5,1.7,1.3,1.5,1.3,1.4,1.4,1.1,1.2,1.3,1.5,0.9,1.2,,1.1,1,1.5,1.3,,1.6,1.4,1.1,1.1,1.1,1.9,,2.1,1.6,1,1,0.5,0.4,0.4,0.5,,0.8,0.6,0.5,0.8,,,0.5,0.3,0.6,0.6,0.5,0.7,0.5,0.5,0.4,0.7,0.7,0.2,0.5,0.6,0.4,0.8,0.6,0.6,0.3,0.5,0.8,0.7,0.6,0.3,0.8,0.4,0.9,1.1,0.9,0.8,0.9,0.8,1.2,1,,,0.2,0.8,0.7,0.6,0.4,0.6,0.4,0.4,0.5,0.5,1,0.6,0.9,0.4,0.5,0.4,0.4,0.5,0.3,0.4,0.3,0.5,0.6,0.3,0.5,0.5,0.4,0.7,0.6,0.5,0.5,0.3,0.8,,0.5,0.6,0.5,0.6,0.7,0.3,,0.5,0.4,0.3,,0.4,0.7,0.6,0.7,0.7,0.8,0.5,0.9,0.4,0.8,0.3,0.7,0.5,0.6,0.5,1,0.4,0.5,0.5,0.6,0.8,,0.5,0.2,0.4,0.5,0.2,0.4,0.4,0.5,0.7,0.6,,0.7,0.6,0.5,0.6,0.4,0.7,0.7,0.7,0.6,0.7,1.7,1.5,0.8,1.2,0.6,0.9,1,0.9,0.6,0.8,0.6,0.6,0.7,0.9,0.8,0.7,1.1,0.9,1.1,0.9,0.3,0.9,1,0.9,1.2,0.5,0.7,0.7,1.8,1,0.7,0.9,0.4,0.3,0.3,1.2,0.9,1,0.7,1.2,0.7,1,0.9,0.6,0.7,0.6,0.8,0.7,0.6,0.7,0.8,0.5,0.4,0.9,1.3,1.2,0.8,1.2,1.8,1.5,1.5,,1.2,1.1,1.1,1.2,,1.2,1.2,0.7,,0.7,0.5,0.6,0.7,0.5,1.2,0.8,1.4,1,1,0.9,0.6,0.7,0.6,0.7,0.9,0.9,,0.9,0.7,0.9,0.8,0.7,1.1,0.8,0.5,0.5,0.8,0.9,0.8,1.1,0.7,1.5,0.6,0.8,0.8,,0.8,0.6,,1.1,0.8,1,0.9,1,0.9,0.6,0.8,1,0.7,0.6,0.7,0.8,0.7,0.9,0.9,0.5,0.5,0.7,0.5,0.6,1,0.4,0.8,0.7,1,1.2,1.8,1.6,1.5,1,0.4,0.4,0.4,0.4,0.4,1.2,1.2,1,0.9,1.3,0.9,2.3,1.5,0.9,0.8,0.8,1,1,1.1,0.8,1.1,0.9,0.8,0.8,0.6,1,0.8,0.7,0.5,,0.7,0.9,0.6,1.1,0.8,1.1,0.8,0.7,1.3,0.4,0.8,0.6,0.4,0.5,0.7,0.4,1,0.7,0.5,0.9,0.8,0.4,0.6,0.7,0.4,0.6,0.5,0.5,0.5,0.6,0.6,0.6,0.2,0.3,0.3,0.3,0.4,0.6,1,,0.5,0.4,0.4,0.4,0.5,0.6,0.4,0.6,0.7,0.3,,0.6,0.7,,0.5,0.6,0.6,0.5,0.5,0.7,0.5,0.5,,0.5,0.7,0.6,0.6,0.7,0.6,0.4,0.5,0.3,0.5,0.4,0.3,0.5,0.5,0.4,0.4,1,0.6,0.6,0.9,0.7,0.6,,0.5,1.3,0.9,0.2,0.6,0.8,0.9,0.7,0.4,0.3,0.8,1,0.6,0.8,,0.5,0.4,0.7,0.6,0.6,0.1,0.6,0.8,0.7,0.6,1.3,0.9,0.9,0.4,0.7,1,0.5,0.4,0.4,0.3,0.9,,0.2,,0.3,0.2,0.6,1,0.9,1,1.1,1.3,1.4,1.2,,0.8,0.7,0.9,0.9,0.7,0.7,0.2,0.5,0.5,0.5,0.5,0.4,0.4,0.5,0.6,0.5,0.4,0.8,1,0.9,0.2,0.3,0.4,,0.9,0.8,0.1,1.2,0.8,1,0.6,1.1,0.5,0.6,1.1,0.9,0.9,0.7,0.7,0.7,1.6,1,1.2,0.9,0.9,1.5,1.6,0.3,1.1,0.8,0.4,0.4,0.9,0.6,1.1,0.5,,0.5,0.9,0.5,0.8,0.8,0.9,0.7,0.7,0.7,0.8,0.7,0.5,1.2,0.4,1.2,0.7,1,0.8,0.8,1.1,1.1,1.8,1.8,0.5,0.6,0.7,0.4,0.8,0.9,0.4,0.5,0.7,0.5,1.1,1.1,0.8,1.8,1.4,1.1,0.3,1.1,1,0.4,0.8,0.5,0.4,0.5,1.1,0.7,0.6,0.8,1.3,0.6,0.6,0.6,1.4,0.4,0.5,0.5,0.8,0.6,0.8,0.7,0.7,0.5,0.9,0.7,0.8,0.5,0.7,0.4,0.5,1.7,,1.2,1.3,1,0.9,0.9,0.6,0.8,0.3,0.8,0.6,0.7,0.5,1,1.4,0.3,0.7,1.4,0.5,0.4,0.3,0.3,0.7,0.3,0.9
20170820,3,AQI,64,65,80,53,100,73,65,89,55,68,83,83,,,83,,75,80,,,83,64,62,,87,89,,109,91,87,108,65,78,76,77,73,104,84,82,107,30,45,52,42,47,115,135,135,89,69,73,97,87,79,74,65,52,52,54,69,56,40,38,53,32,48,57,,50,55,63,84,62,63,59,72,78,83,73,67,,,73,61,57,62,62,80,95,79,93,109,105,102,92,93,43,37,46,,,57,52,43,52,,69,27,40,23,30,32,35,25,27,27,33,38,56,44,,33,13,12,35,23,38,100,68,68,,80,84,87,86,61,56,63,70,22,21,20,27,20,19,22,18,21,19,19,22,24,19,17,21,21,17,18,27,19,18,23,19,28,15,20,20,14,15,19,15,38,,,,33,26,,45,28,29,,39,28,19,,18,16,20,21,19,19,18,16,27,,,,22,22,,33,22,23,20,28,,15,22,19,18,24,25,30,16,,19,,35,,28,36,41,29,38,29,37,38,39,29,36,32,33,46,43,49,,42,39,54,50,46,52,54,52,57,,,24,,44,29,,51,30,38,26,28,23,,22,20,89,79,70,28,30,,36,18,19,18,26,48,19,22,23,30,50,,49,51,53,57,45,22,31,66,74,62,82,93,75,30,,66,49,87,64,62,103,70,66,,34,39,45,44,27,27,40,61,24,66,69,79,77,75,71,69,69,80,90,64,69,54,88,74,77,47,76,51,71,33,83,55,49,57,48,55,55,54,36,44,,51,42,39,83,38,57,54,64,23,29,23,21,27,48,29,27,23,22,41,16,16,13,18,55,44,36,22,15,24,67,60,15,12,13,11,19,35,36,22,29,33,30,36,26,44,52,46,58,45,70,49,30,50,51,53,52,47,60,55,55,84,18,11,23,17,15,29,,52,40,48,41,36,80,49,75,,32,53,53,44,63,,33,50,39,28,62,,31,52,37,45,12,30,40,44,24,38,52,47,33,35,45,42,30,60,18,12,16,21,16,20,74,64,59,62,68,59,60,93,49,56,55,61,76,33,51,33,43,29,16,,29,19,59,,,,55,57,63,90,104,61,56,,49,39,67,48,62,43,53,57,48,43,36,22,23,48,43,,77,97,87,84,107,90,64,55,73,92,78,93,65,51,37,32,33,44,55,55,42,25,46,25,35,54,46,,28,,45,,34,34,52,38,58,,,50,,56,32,31,,64,66,69,70,52,33,58,43,50,42,87,25,26,26,33,26,,57,,62,,44,33,25,35,36,39,47,24,26,22,27,26,25,40,31,45,,87,87,60,65,77,23,43,27,35,26,33,29,24,23,23,20,16,10,23,17,23,48,56,50,25,20,38,56,58,50,20,25,25,95,102,,48,46,,53,32,50,63,25,58,53,34,,,59,63,69,80,,49,,54,53,59,60,,59,59,,79,99,90,,99,101,92,85,107,89,57,66,51,48,,28,31,33,30,45,28,,57,53,23,34,23,56,33,31,41,42,57,33,80,35,58,56,53,37,42,38,33,39,,18,48,42,51,18,56,,44,52,28,18,37,46,39,29,25,18,22,16,20,,24,23,25,50,54,48,40,23,50,65,56,30,115,134,,104,122,105,110,78,74,72,73,112,68,77,78,77,107,95,85,107,87,109,85,172,95,92,,80,34,38,62,47,52,50,49,56,42,49,50,36,48,59,53,40,57,57,29,51,84,20,23,24,49,47,62,32,19,11,29,51,70,59,65,78,67,32,15,42,40,40,41,32,48,42,33,50,56,54,19,54,34,72,64,73,57,70,,,68,36,67,38,43,45,58,59,59,51,49,58,51,53,,42,35,38,54,57,55,57,46,49,67,56,62,67,84,117,87,86,92,105,76,65,111,93,73,,59,70,22,33,18,34,,32,32,77,62,40,27,40,29,43,93,92,91,38,29,64,60,38,32,48,41,33,36,25,35,29,29,30,17,54,40,53,37,29,26,25,28,25,26,19,26,19,19,14,15,17,17,23,38,18,,18,33,22,11,39,25,25,18,26,16,,15,17,45,36,,49,36,46,,,32,29,52,38,24,20,26,69,,79,82,,57,65,125,97,97,93,89,87,58,76,35,,56,72,,58,53,68,66,,58,64,62,51,37,103,,64,39,33,39,24,45,39,30,,69,82,74,73,,,39,44,34,34,36,51,29,78,60,69,79,69,33,38,59,45,72,34,64,45,60,70,79,46,50,39,32,30,25,30,36,31,26,49,,,53,28,22,25,49,52,58,38,40,49,106,12,45,16,33,19,25,20,33,38,48,57,60,20,36,47,26,48,48,36,38,33,30,,68,46,52,32,36,35,,58,50,52,,39,53,32,61,34,52,51,55,53,25,35,59,40,52,48,33,36,24,28,27,18,,17,25,26,29,44,24,20,18,38,32,,54,60,35,28,28,60,46,54,25,45,63,50,55,40,65,51,62,54,53,52,72,52,42,40,33,52,79,67,74,60,16,56,51,59,52,40,56,51,57,44,33,42,43,51,36,117,94,64,77,88,72,77,65,62,38,35,52,35,49,43,46,39,54,44,42,45,53,55,68,69,64,,74,79,69,46,,53,50,79,,82,108,88,102,107,103,53,67,81,94,66,75,77,54,100,84,66,,42,63,66,64,38,38,42,36,32,35,32,38,51,42,49,18,19,33,,44,50,,58,39,37,33,52,32,25,21,53,52,41,53,45,51,52,33,41,55,68,92,64,42,54,54,31,43,28,58,71,55,60,31,26,43,31,26,43,41,42,56,65,30,44,54,51,54,22,47,64,66,69,74,68,75,26,27,66,56,62,48,,68,62,52,52,67,64,67,70,60,33,62,52,60,59,23,20,32,40,34,54,80,60,53,61,55,49,41,52,45,50,39,49,58,49,41,54,59,58,52,,61,57,36,40,,62,68,55,36,53,,25,32,,50,67,62,69,68,9,6,6,,23,12,23,21,22,31,28,43,39,46,26,15,17,16,18,54,42,65,53,50,28,14,,21,33,10,44,47,83,44,16,48,24,36,33,23,20,,31,28,24,22,30,29,14,23,19,13,31,31,33,12,59,75,22,21,18,17,18,,28,,14,13,28,55,54,43,66,57,49,57,,24,18,19,19,29,26,16,55,57,15,18,24,20,59,64,37,33,54,54,56,35,32,53,,38,28,45,46,28,30,18,35,14,36,55,56,40,27,28,29,57,71,53,59,95,124,109,20,59,53,57,61,42,51,70,226,,188,249,139,79,35,88,24,35,19,35,52,61,29,34,63,49,100,89,70,84,70,67,94,,31,18,43,36,23,43,28,38,43,69,40,16,60,18,36,43,52,30,52,24,28,19,58,67,58,52,60,46,43,55,55,57,22,20,18,38,30,29,16,28,35,26,58,17,18,53,55,44,83,,73,45,135,96,40,88,56,27,68,33,51,25,85,56,20,78,70,27,53,25,40,53,21,48
20170820,3,PM2.5,46,47,59,37,75,53,47,66,39,49,61,61,,,61,,55,59,,,61,46,29,,64,66,,82,61,64,81,47,57,52,49,48,66,48,52,56,8,31,31,23,24,87,103,103,66,50,53,72,64,58,54,34,36,19,31,50,8,6,22,9,22,33,40,,27,39,45,62,44,45,42,52,55,61,43,48,,,53,43,36,33,44,41,59,56,61,74,34,63,68,69,22,24,27,,,27,34,22,36,,35,17,28,15,14,11,12,13,18,17,15,19,13,12,,11,7,7,11,10,13,33,29,15,,32,25,33,27,24,18,26,27,7,8,,13,3,12,9,11,1,11,5,3,5,,6,,1,7,,,13,12,13,1,14,7,9,11,7,10,13,9,16,,,,23,10,,9,10,20,,27,19,13,,,3,5,,10,9,,,13,,,,8,12,,23,15,16,14,14,,8,15,13,12,13,16,21,,,4,,24,,19,21,24,18,26,20,23,26,17,15,21,18,19,32,30,33,,29,27,32,35,26,27,38,33,33,,,7,,24,20,,25,18,26,14,19,16,,14,14,66,58,51,19,20,,10,6,6,7,12,25,13,5,10,21,25,,17,21,24,28,31,9,20,36,22,17,49,25,38,21,,32,34,64,21,44,77,51,46,,5,7,12,15,5,15,24,17,15,47,50,58,56,55,44,50,50,39,38,25,21,21,38,31,22,19,28,20,36,23,37,30,25,26,26,23,28,38,21,23,,19,18,27,61,24,40,24,39,13,15,8,12,16,25,12,15,16,12,23,10,11,5,12,39,17,25,8,10,15,42,38,10,8,9,1,13,17,15,15,17,16,20,17,18,27,32,27,22,24,41,30,20,27,25,32,24,23,30,23,31,42,4,7,16,5,10,20,,36,28,33,20,12,23,20,33,,22,11,14,22,21,,18,35,27,14,26,,21,28,14,22,8,20,12,15,15,19,13,13,15,19,11,21,14,22,5,8,5,,7,6,54,46,39,39,49,42,43,69,34,37,35,43,49,23,20,11,19,19,3,,20,12,28,,,,22,13,33,30,46,41,13,,12,21,39,33,29,30,37,34,27,12,17,15,16,19,18,,55,72,64,62,80,49,46,36,53,59,57,69,47,31,20,18,21,22,37,31,27,13,32,17,24,23,21,,15,,31,,11,11,16,11,41,,,35,,27,22,17,,28,35,29,44,28,23,22,14,22,10,49,5,12,12,9,17,,37,,44,,19,23,17,24,25,18,21,5,5,,9,,8,14,12,31,,64,64,43,47,56,16,24,18,24,18,23,10,10,16,16,14,11,1,12,11,16,26,29,35,17,8,26,28,28,27,14,17,8,69,76,,33,32,,23,20,25,38,17,30,24,5,,,39,45,50,39,,34,,38,37,42,43,,42,42,,58,74,67,,74,65,68,56,80,66,30,32,34,33,,19,15,12,20,31,19,,36,26,6,14,13,32,11,18,21,16,19,3,59,24,41,35,35,14,13,8,12,14,,12,22,20,25,11,24,19,27,19,18,10,20,32,19,3,14,7,8,5,7,,5,9,11,15,22,18,24,16,27,29,27,14,73,102,,78,92,75,83,57,54,47,53,84,49,56,57,56,80,71,63,80,64,82,63,130,71,68,,59,18,22,21,20,15,27,17,30,29,34,32,19,22,42,30,28,40,40,13,14,18,14,16,16,34,30,24,22,2,1,20,31,35,42,40,,25,7,2,29,28,28,26,22,24,29,22,35,35,24,11,25,13,52,46,53,40,51,,,49,25,48,26,21,31,41,22,26,33,34,20,22,16,,29,24,26,33,39,36,38,32,34,33,37,25,10,39,88,52,60,55,79,51,41,63,57,31,,42,51,3,22,8,14,,18,8,41,28,6,6,7,17,17,36,31,21,26,19,41,43,20,16,33,25,20,12,,24,18,20,11,10,23,,11,17,10,9,6,10,4,4,13,10,12,5,,,9,7,16,15,12,,4,9,15,5,27,7,10,12,18,5,,6,1,21,22,,34,21,25,,,21,20,23,12,6,7,15,44,,58,60,,28,31,95,72,72,69,59,64,26,40,17,,33,52,,41,36,49,40,,41,46,44,31,23,48,,46,20,23,22,8,31,26,21,,50,47,36,53,,,12,13,13,17,25,18,15,57,43,50,58,32,16,19,38,20,52,21,46,29,31,51,29,22,22,27,15,21,15,16,13,16,12,11,,,11,12,15,17,14,24,32,19,28,18,28,5,24,11,23,13,1,14,5,26,27,20,25,8,14,17,14,31,29,25,10,10,14,,45,32,36,16,23,13,,24,35,24,,22,30,22,33,19,11,21,33,18,17,21,42,28,28,33,10,12,9,8,15,3,,4,11,13,19,4,11,8,11,17,15,,27,39,9,7,17,27,32,26,15,14,45,35,33,28,47,34,44,36,26,25,27,23,29,23,20,36,58,48,53,43,6,24,22,27,21,23,27,22,31,30,22,29,30,26,25,88,70,46,56,65,52,56,44,44,26,19,21,23,27,30,32,26,38,30,26,26,27,29,44,48,46,,54,58,50,31,,37,34,58,,60,81,65,76,80,77,34,48,49,70,39,55,56,30,75,62,37,,23,38,6,35,26,26,29,24,22,24,22,26,29,19,12,12,13,15,,16,35,,25,27,24,23,36,18,17,13,33,35,27,19,22,29,28,22,28,37,38,61,46,29,12,38,16,18,16,41,32,22,17,13,18,28,11,5,15,12,22,19,29,15,25,38,26,35,14,20,26,47,42,46,49,21,18,17,44,29,37,29,,44,28,36,36,37,31,48,51,41,14,26,18,30,26,16,14,1,5,13,5,59,43,37,37,39,34,19,36,31,30,27,29,24,24,19,33,42,30,36,,12,28,19,28,,44,49,39,25,37,,15,17,,18,37,34,28,23,6,3,4,,13,8,16,13,13,18,19,29,8,16,18,8,8,11,6,14,13,25,34,12,14,9,,3,9,7,21,16,20,7,11,33,12,25,14,13,14,,10,12,15,10,12,9,6,16,13,9,13,11,,1,17,16,6,4,6,1,8,,,,1,3,19,28,34,23,44,27,34,28,,13,12,13,9,11,9,6,23,40,10,12,2,7,42,33,14,23,35,34,36,10,12,22,,7,11,31,32,19,21,8,24,4,23,17,6,24,5,5,7,16,17,18,20,30,53,48,4,28,29,14,22,23,10,16,83,,82,167,106,40,20,65,13,24,4,12,36,24,16,17,45,18,75,66,51,49,51,48,48,,20,1,30,20,11,25,16,19,27,48,28,11,16,11,9,30,32,17,26,3,18,13,41,48,32,35,43,32,30,26,38,24,15,14,12,13,17,19,7,17,24,17,18,9,12,24,20,10,61,,53,31,103,70,23,65,39,10,49,21,29,17,63,32,14,57,51,11,37,7,11,23,13,33
20170820,3,PM2.5_24h,41,41,43,38,43,44,37,42,35,43,43,48,,,38,,38,37,,,33,35,23,,34,38,,57,61,49,69,47,54,42,37,37,49,44,51,42,16,20,28,17,26,75,92,91,67,41,38,55,54,47,42,31,36,16,29,32,13,9,20,14,22,38,33,,38,28,34,39,44,43,46,55,51,59,52,37,,,37,30,35,31,31,33,48,45,47,56,44,47,56,52,17,25,31,,,28,32,25,28,,32,20,18,20,19,16,23,18,24,19,17,15,12,10,,9,6,6,8,10,12,23,21,12,,26,22,22,25,22,18,16,22,33,34,37,35,27,40,34,30,29,33,16,13,16,11,21,8,15,18,9,26,24,24,20,20,26,24,23,31,29,25,32,28,15,,,,25,15,,12,16,19,,31,29,26,,21,31,23,24,30,26,27,27,25,,,,26,25,,32,33,28,21,24,,24,16,14,14,13,18,20,12,,5,,19,,14,28,26,16,33,27,28,31,30,27,29,19,24,31,32,25,,32,26,26,43,35,35,45,42,28,,,21,,33,34,,29,35,36,21,24,20,,26,20,33,37,42,20,26,,18,22,16,17,22,26,25,21,18,20,34,,35,36,36,42,34,15,27,34,23,21,39,32,31,25,,29,34,46,27,39,44,54,46,,14,15,14,10,15,11,16,10,17,47,51,59,52,52,152,46,46,51,23,18,18,17,31,23,20,24,19,16,27,21,27,26,20,21,22,18,21,27,25,22,,25,23,25,42,19,42,23,27,16,16,15,14,11,24,14,13,14,13,28,8,13,6,14,26,31,28,13,19,24,39,35,16,14,13,5,12,15,18,23,29,28,38,31,20,24,26,23,19,22,33,33,33,29,25,26,22,20,24,28,31,32,6,7,11,8,10,17,,21,15,22,13,9,16,16,18,,15,10,11,16,12,,15,25,24,12,19,,17,19,7,17,5,13,8,11,19,15,6,17,11,17,11,18,24,19,10,6,6,5,10,3,50,44,38,47,51,54,43,60,34,37,37,56,45,26,27,13,26,21,8,,31,32,25,,,,24,17,13,18,21,20,17,,12,19,27,27,22,22,30,28,22,20,21,12,18,18,21,,40,54,56,48,50,53,60,47,60,57,29,48,20,22,15,17,16,17,35,30,31,35,31,28,30,28,24,,25,,18,,12,14,15,13,41,,,48,,42,28,29,,32,28,28,38,35,29,17,12,11,7,26,23,22,21,22,26,,30,,29,,23,23,24,20,20,21,24,13,8,9,18,16,20,20,19,29,,54,50,49,45,51,18,23,16,26,20,30,10,10,10,11,13,11,5,10,16,21,28,38,39,13,13,18,29,25,29,11,13,13,43,48,,34,25,,27,35,27,30,17,22,23,7,,,35,38,45,28,,27,,31,28,36,39,,34,40,,49,56,50,,50,42,50,45,47,38,21,18,19,24,,15,11,12,18,17,12,,28,19,13,17,10,21,12,16,22,12,17,14,28,34,25,28,29,13,10,8,9,10,,7,24,16,21,18,26,16,21,23,20,9,10,20,19,15,17,20,21,20,22,,19,25,19,25,26,26,29,20,28,26,35,15,50,80,,56,67,52,61,54,66,58,58,69,44,44,48,52,68,62,64,61,33,47,36,47,39,44,,38,17,22,18,15,14,21,20,22,23,23,30,19,20,24,24,22,27,26,7,17,21,14,12,15,23,24,18,20,11,9,18,25,25,24,24,32,22,9,7,25,26,24,28,17,25,30,24,33,26,22,18,16,18,32,31,35,23,49,,,40,15,15,22,29,25,28,30,33,32,28,18,20,11,,19,20,17,35,40,36,40,27,35,33,36,33,27,42,48,56,63,62,74,60,76,60,62,29,,36,34,8,12,6,21,,17,20,18,22,7,8,17,12,17,24,36,17,25,24,34,34,16,17,13,9,21,17,22,25,23,23,24,22,22,22,14,23,10,11,14,12,13,12,26,30,28,26,30,,32,30,28,28,29,,13,23,38,36,39,20,21,21,27,21,,28,30,17,21,,26,27,25,,,18,14,24,23,16,17,20,20,,23,28,,33,32,57,62,56,47,53,52,38,39,37,40,35,33,,26,24,33,26,,28,31,34,24,25,54,,54,34,31,34,8,16,12,24,,41,38,32,39,,,12,9,12,14,36,29,28,30,26,23,30,19,11,19,14,19,34,38,27,27,26,27,29,17,22,26,14,18,13,13,11,19,13,11,,,10,12,12,14,18,28,29,20,26,13,23,5,26,14,18,8,9,11,8,16,17,13,17,12,19,20,16,20,14,15,22,12,14,,38,31,39,14,19,17,,22,25,18,,30,17,21,16,24,30,34,38,24,47,19,50,40,36,22,9,12,19,22,27,10,,18,9,15,17,16,16,10,20,11,17,,23,39,13,9,16,35,52,31,26,36,37,34,31,31,37,29,42,34,33,36,37,32,26,29,22,35,39,38,45,33,5,22,19,22,17,25,29,30,30,36,18,26,25,22,27,60,53,50,54,64,51,53,44,49,28,27,25,25,27,31,33,24,32,29,40,38,41,42,64,58,55,,49,62,55,37,,39,35,37,,36,26,22,26,25,25,16,20,16,21,27,28,27,23,19,17,15,,31,32,26,30,34,38,42,34,36,33,28,41,32,37,18,20,19,19,,10,24,,21,21,20,15,28,21,21,21,30,28,26,18,19,22,20,20,24,30,30,33,31,17,19,30,14,14,12,25,15,12,12,10,20,15,16,15,19,17,19,15,23,20,22,25,27,25,10,19,22,38,40,47,38,20,29,19,20,23,25,27,,30,20,33,40,37,28,26,34,29,12,20,18,22,25,18,26,6,6,11,10,41,35,33,33,28,36,23,32,21,21,22,22,14,10,15,25,18,25,23,,16,22,21,22,21,26,18,27,21,33,,16,18,,9,22,19,25,15,4,6,6,,9,9,11,10,11,12,21,28,9,14,23,9,10,10,9,10,11,22,25,10,10,10,,10,10,14,17,12,16,18,12,27,19,21,11,8,10,,9,17,11,9,10,19,9,14,9,13,10,12,3,4,11,18,8,6,4,3,21,,7,,3,4,24,29,30,32,43,35,33,33,,16,14,30,25,26,15,9,25,32,17,21,7,11,18,28,16,20,26,32,31,15,12,18,,18,18,22,46,32,26,18,26,6,19,26,15,23,21,21,23,20,31,26,19,32,18,19,11,20,15,11,18,23,25,14,38,,51,67,83,22,18,25,10,8,8,12,20,10,13,22,36,24,44,38,29,44,29,33,39,14,22,40,31,34,23,29,29,28,23,44,26,10,14,12,15,21,26,22,21,26,14,11,41,44,40,39,28,24,21,22,36,25,23,17,24,14,21,28,5,21,19,16,16,24,18,15,17,8,53,,28,37,64,56,31,49,40,11,34,21,26,16,42,28,26,29,59,20,24,23,16,17,11,41
20170820,3,PM10,,,,,,,69,,48,69,70,99,,,77,,59,66,,,67,55,73,,,,,117,132,100,82,77,79,102,103,96,157,117,114,164,18,,53,42,47,154,164,109,114,68,72,72,64,80,90,80,49,54,58,68,61,40,38,56,31,48,61,,50,60,75,75,68,51,60,78,105,82,96,83,,,66,71,63,73,57,109,140,108,135,168,159,154,123,108,43,37,46,,,64,54,43,54,,87,27,31,23,27,25,25,21,22,26,19,38,61,44,,33,13,10,35,23,38,150,85,85,,109,118,123,121,72,62,76,89,13,,8,,12,,9,13,11,14,19,6,23,5,,21,,8,11,9,,15,,8,,11,,20,10,15,19,,38,,,,26,26,,45,28,29,,31,,18,,10,15,20,2,,14,7,15,27,,,,22,22,,,19,19,20,28,,14,,15,12,24,25,,1,,19,,34,,26,36,41,29,35,29,37,38,39,29,36,32,33,43,40,49,,33,39,58,46,46,54,42,53,63,,,8,,44,28,,51,30,35,26,26,21,,22,15,,87,71,23,30,,36,13,12,17,18,28,15,9,18,22,50,,49,52,56,63,37,22,31,82,97,73,113,136,99,,,82,43,109,77,73,95,72,82,,23,39,45,44,27,27,40,71,21,81,82,68,92,72,92,75,77,109,130,77,88,58,126,97,103,47,102,51,91,26,116,60,49,63,48,60,59,48,36,44,,52,42,28,112,38,57,57,77,23,21,23,21,27,48,25,27,22,12,41,16,,12,,47,44,35,22,13,24,84,69,,10,,11,19,35,36,,29,33,30,36,21,44,53,46,65,45,90,49,30,50,52,56,53,47,69,60,60,118,18,11,21,17,,24,,49,36,47,41,36,110,49,100,,32,55,55,44,75,,33,48,39,28,73,,31,54,37,45,12,30,40,44,24,38,53,47,33,35,45,42,30,69,5,,,5,12,9,76,72,67,73,82,65,68,136,43,61,60,71,102,28,52,33,43,29,3,,22,19,68,,,,60,63,76,130,158,72,61,,49,39,83,48,74,37,40,59,48,43,36,18,18,48,43,,104,101,82,116,134,130,75,59,70,133,98,101,78,52,37,32,33,44,59,59,42,,45,,,57,46,,28,,40,,34,34,53,38,48,,,47,,62,30,31,,78,82,88,89,53,30,66,43,50,42,124,25,14,18,12,,,63,,73,,44,29,17,,32,39,47,9,7,9,18,9,9,40,31,33,,94,84,68,69,79,23,43,27,29,,,29,24,,,15,13,4,23,17,21,48,62,38,17,20,,61,66,50,19,25,25,140,84,,40,43,,56,32,50,76,20,66,55,34,,,67,58,,110,,39,,42,55,54,52,,54,51,,,,,,86,152,,120,155,115,63,82,52,38,,21,31,33,30,41,26,,63,55,23,34,23,62,33,31,41,42,63,33,78,,53,62,56,37,42,38,33,39,,12,48,42,51,18,61,,44,53,28,18,37,,39,29,25,,8,6,11,,,10,,50,58,48,40,22,50,79,62,19,179,124,,125,116,159,151,78,91,93,80,98,75,76,68,68,104,113,101,113,116,107,94,151,98,92,,75,34,38,74,47,53,50,49,61,,,50,36,48,,55,34,56,,29,52,117,,18,24,47,47,74,,19,11,27,51,90,52,80,105,83,32,15,33,,33,41,23,48,39,32,47,62,57,19,57,34,79,74,55,56,81,,,86,,,,43,42,,68,67,52,43,66,51,56,,34,,,57,63,59,64,41,49,84,61,73,83,117,123,124,122,134,110,101,80,171,135,95,,63,73,22,33,18,34,,31,20,103,74,40,19,40,,43,135,133,132,35,29,78,67,38,16,47,41,33,36,25,33,28,,24,17,58,40,55,37,29,26,,15,13,17,15,11,12,11,13,15,15,10,,34,,,18,33,18,11,38,25,25,18,21,8,,10,6,45,36,,46,36,46,,,32,29,54,38,24,9,26,87,,76,88,,63,79,117,139,120,121,128,105,65,101,35,,61,61,,53,55,58,82,,52,66,57,51,37,156,,65,39,31,39,24,35,39,25,,72,113,97,,,,39,44,15,26,,51,16,77,65,,74,87,33,38,68,45,73,34,56,45,69,74,107,46,50,28,32,27,25,30,36,31,26,49,,,55,28,19,,49,53,65,38,,49,162,12,45,12,25,15,25,,33,35,48,64,70,20,36,47,26,48,48,,38,33,30,,85,,,32,36,35,,65,45,54,,39,56,,72,34,54,52,59,56,20,35,55,32,53,35,33,36,15,28,27,18,,17,25,26,29,44,13,,,38,32,,58,69,35,28,28,70,44,57,25,45,64,40,59,34,77,52,71,58,55,53,94,53,39,40,33,54,88,82,98,57,16,61,52,67,54,40,61,51,63,44,33,36,41,51,27,128,122,74,71,97,69,87,79,74,32,35,53,35,49,38,40,39,48,44,42,45,55,60,85,88,75,,73,76,77,46,,44,50,71,,68,106,98,99,85,103,56,64,112,128,82,71,,58,82,106,82,,42,75,81,78,,34,,36,23,33,31,32,51,42,49,,19,33,,44,46,,65,,37,33,,32,24,21,56,53,41,55,45,51,54,33,41,59,85,134,58,39,57,58,31,43,28,61,92,59,69,31,19,43,31,26,43,41,42,62,80,30,44,47,51,57,22,47,77,82,88,97,64,99,26,27,82,62,74,48,,86,73,,48,84,78,80,78,69,33,73,53,69,67,23,19,32,40,34,58,95,,47,72,48,45,41,51,36,50,34,49,65,49,41,58,52,65,54,,72,64,36,29,27,52,55,43,28,,,25,32,,50,84,74,87,86,6,4,5,,14,12,17,21,22,31,28,43,39,46,,15,17,16,18,58,42,80,56,50,28,14,,21,33,,44,47,115,44,,,24,29,33,23,14,,31,28,24,22,30,29,,,15,12,31,31,33,11,68,100,9,5,,5,14,,5,,5,12,25,59,58,43,82,64,49,63,,24,17,15,19,12,11,8,59,42,10,,4,10,51,78,37,24,57,57,62,35,19,56,,22,21,,35,,,18,,7,36,59,62,40,11,18,17,64,92,56,67,139,198,167,9,67,55,63,72,42,51,87,368,,326,384,202,107,35,123,24,32,19,35,49,71,29,34,54,49,,,57,117,65,58,138,149,31,16,34,36,,43,28,38,43,87,37,15,70,18,36,,54,30,54,19,28,17,41,73,65,54,55,43,,60,60,63,17,19,,38,30,29,8,28,,26,65,15,18,55,60,44,,,85,40,146,142,40,,62,27,61,33,51,22,77,61,,64,74,16,54,25,40,55,,39
20170820,3,PM10_24h,,,,,,,63,,44,63,59,76,,,68,,53,55,,,54,48,36,,49,43,,96,94,82,92,77,63,87,73,68,116,113,107,88,32,32,48,53,49,128,146,122,102,50,57,63,66,58,53,57,46,59,65,65,60,47,39,48,35,51,47,,48,41,52,50,60,52,58,87,83,78,86,70,,,60,48,63,64,43,76,88,89,94,118,93,83,82,88,29,38,45,,,53,49,41,48,,64,32,29,28,32,30,37,24,27,28,20,38,54,32,,31,15,16,21,22,35,88,71,72,,81,76,76,72,61,46,43,64,59,57,46,58,63,57,54,46,47,53,43,36,39,28,43,42,50,36,37,44,48,47,45,45,46,55,44,78,58,85,84,89,23,,,,47,33,,39,36,41,,59,68,53,,45,59,55,46,60,51,48,57,38,,,,36,46,,55,61,60,44,50,,42,27,27,27,28,32,20,18,,25,,29,,25,48,48,23,48,38,40,47,55,46,46,34,39,47,42,40,,33,39,48,56,60,60,60,61,51,,,40,,63,49,,66,56,54,35,30,31,,43,32,49,52,53,39,44,,42,45,31,31,40,45,53,38,34,34,66,,70,70,73,77,46,31,44,66,72,59,82,76,77,37,,76,71,106,68,78,97,84,86,,43,34,31,38,27,25,27,48,29,79,76,79,77,67,64,78,79,95,61,51,56,40,65,56,53,54,51,41,50,34,63,54,36,52,46,41,50,49,48,48,,41,51,36,70,41,60,47,45,19,23,18,33,20,36,24,22,21,14,40,12,15,13,21,47,51,51,33,35,37,55,47,29,27,21,16,34,34,35,32,50,48,55,49,31,58,53,52,48,48,57,61,47,58,42,56,47,36,62,59,63,66,14,16,19,20,20,30,,39,30,49,53,35,60,43,52,,29,31,37,37,43,,30,37,32,27,54,,28,40,27,32,19,25,35,34,29,29,37,37,30,27,34,35,32,46,15,13,10,11,20,12,80,76,72,94,91,86,68,109,45,65,57,93,105,76,70,37,67,60,27,,44,68,56,,,,56,57,38,61,50,44,39,,36,43,51,47,44,40,36,45,44,37,36,18,30,41,54,,78,76,80,86,84,109,89,74,87,110,51,74,40,37,30,31,31,39,65,51,47,60,75,49,47,54,52,,52,,30,,35,40,42,33,53,,,73,,75,38,36,,76,73,61,77,74,45,44,30,34,30,64,41,40,39,28,44,,58,,57,,52,40,36,39,43,44,68,29,18,20,32,34,32,43,38,60,,72,66,75,71,72,42,48,30,46,39,50,23,21,18,15,30,17,17,28,29,36,50,68,65,22,23,23,51,49,51,20,25,24,88,63,,59,54,,48,57,47,51,27,45,49,28,,,71,60,57,86,,41,,49,38,46,47,,47,49,,74,71,72,,71,66,62,70,85,61,38,53,48,35,,19,24,35,27,43,18,,48,51,28,34,16,41,41,29,41,44,35,32,51,53,44,53,45,34,29,29,25,29,,13,61,51,62,32,58,53,43,61,58,30,30,27,24,27,24,48,41,50,42,,51,53,48,59,63,46,58,36,67,54,71,28,93,100,,93,93,103,100,75,100,88,85,101,69,70,66,66,96,87,85,85,68,69,57,70,55,63,,46,43,62,59,48,51,43,40,45,28,28,39,33,38,26,41,30,37,38,27,44,58,30,23,27,41,41,45,29,27,25,39,36,46,29,42,62,74,17,17,34,40,37,45,36,42,41,39,42,54,46,30,46,47,51,58,43,35,67,,,57,39,37,42,37,41,45,61,68,45,52,53,35,33,,37,36,42,60,64,64,77,41,48,65,61,63,63,77,93,117,125,120,117,118,127,132,133,69,,53,47,23,23,18,47,,40,51,43,60,47,22,41,26,39,75,85,84,40,31,69,60,41,24,19,21,38,45,41,39,31,,35,39,45,43,42,45,26,26,22,22,24,23,61,56,52,48,47,39,46,51,51,74,67,,41,48,49,54,55,49,40,36,43,27,,50,45,37,37,,37,51,50,,,33,28,40,50,37,30,42,48,,43,45,,71,70,88,85,80,75,110,105,51,61,60,77,65,39,,39,37,45,50,,39,47,54,47,40,94,,85,70,73,65,22,30,25,46,,100,93,108,39,,,39,62,20,27,56,81,44,57,46,36,57,59,24,32,36,46,54,42,51,39,58,46,69,38,45,36,26,26,21,24,29,40,30,42,,,43,31,25,24,44,71,76,45,50,54,121,28,61,41,34,13,21,19,19,33,40,40,61,17,58,93,32,43,34,31,44,36,26,,67,46,51,37,39,39,,51,41,53,,38,40,57,41,40,50,75,64,58,74,42,57,52,64,27,41,33,51,49,46,40,,37,33,33,36,46,38,30,31,33,33,,60,63,33,34,31,62,63,53,35,55,62,45,59,55,52,44,63,55,58,60,73,64,52,50,51,51,65,64,85,61,13,63,52,50,50,35,55,59,62,78,31,50,44,46,41,77,91,79,80,91,64,75,68,72,41,42,48,41,54,39,41,36,52,41,54,64,68,73,93,94,84,,75,78,74,61,,63,62,54,,44,41,35,36,30,42,26,30,35,41,62,53,60,46,25,31,25,,45,64,54,46,47,60,59,49,57,55,54,55,44,50,48,45,50,48,,39,43,,51,22,30,25,34,39,28,27,51,44,39,41,39,48,39,39,41,45,55,59,47,30,38,39,28,30,30,55,72,43,50,24,28,30,41,30,38,38,51,61,65,31,35,38,49,32,22,53,69,62,70,81,58,75,44,35,40,46,49,50,,62,52,67,72,61,54,61,48,52,25,58,48,40,44,40,43,37,44,36,67,74,42,43,74,49,52,34,41,28,31,28,30,41,28,27,40,40,55,59,,52,52,34,32,35,45,52,33,33,37,,27,33,,45,74,57,79,54,14,9,13,,22,14,17,20,22,26,30,49,36,52,35,17,20,15,18,44,54,64,41,24,18,16,,20,28,27,41,45,61,54,31,23,22,34,26,16,20,,27,34,19,25,27,51,19,29,26,25,28,49,51,26,34,70,13,16,11,16,69,,16,,13,28,39,56,54,53,61,56,52,51,,31,28,45,36,92,65,29,42,49,35,39,20,21,50,48,44,41,47,52,49,36,30,56,,28,36,37,79,46,38,37,35,12,32,52,58,47,79,74,75,57,72,44,45,94,73,60,14,37,27,32,43,61,82,84,179,,162,313,229,47,38,58,25,30,17,36,38,34,25,39,43,32,58,53,48,96,42,37,79,41,52,52,38,51,45,50,38,44,39,90,35,16,52,38,46,30,42,41,46,46,24,18,52,69,63,50,48,51,53,52,71,54,40,30,49,30,39,43,11,42,31,28,25,39,45,40,47,28,85,,58,59,88,107,69,53,59,28,46,35,53,30,56,69,40,46,78,43,37,35,57,35,24,49
20170820,3,SO2,2,2,2,2,2,2,2,2,2,2,3,2,,,7,,8,2,,,6,3,13,,16,3,,7,29,7,1,9,8,3,37,32,52,37,43,50,4,3,19,10,13,6,13,18,15,9,15,7,5,4,7,7,24,18,10,6,5,5,8,2,4,5,10,,3,11,18,19,4,6,6,5,12,18,8,7,,,15,26,8,10,6,18,12,12,14,12,13,11,11,10,5,10,13,,,8,30,6,37,,14,8,8,8,9,7,6,5,4,4,6,7,8,8,,8,5,8,10,3,13,9,6,4,,4,9,13,15,10,5,10,12,4,5,6,5,4,8,6,6,6,7,11,11,8,22,8,8,9,7,7,7,7,11,5,3,7,5,8,16,13,14,11,12,6,,,,11,1,,6,11,15,,21,8,9,,3,5,2,3,3,7,2,8,18,,,,8,8,,7,9,5,5,5,,4,9,6,15,3,2,11,7,,7,,12,,4,9,6,7,14,8,8,12,4,8,8,5,5,6,6,2,,7,6,7,17,10,11,13,5,11,,,5,,6,4,,5,7,7,4,6,8,,7,5,33,32,16,4,5,,6,4,2,14,4,20,17,17,26,6,5,,9,7,5,10,2,8,12,75,74,53,36,86,15,2,,49,6,18,21,6,14,15,15,,1,3,4,4,10,5,6,11,7,7,9,8,7,6,6,9,6,8,6,7,10,9,10,7,4,4,5,7,31,11,26,15,20,13,16,3,11,11,20,24,,17,9,23,21,19,5,11,18,11,15,11,8,6,11,14,7,9,10,7,2,2,3,5,10,7,9,15,12,6,30,28,6,5,5,6,10,8,8,8,13,16,15,10,14,8,13,8,14,6,33,16,12,24,7,10,8,8,7,8,7,14,3,6,6,3,4,18,,21,13,10,23,9,10,18,22,,19,14,11,6,12,,8,8,16,10,8,,5,11,10,4,5,6,6,7,8,7,20,14,19,18,12,20,20,36,6,10,10,8,8,7,8,1,7,6,9,5,7,11,8,7,5,9,10,7,3,2,7,9,5,,4,5,4,,,,29,6,8,8,10,5,8,,10,26,193,20,52,13,10,197,18,12,10,5,10,14,12,,18,23,11,13,16,15,7,9,10,6,8,9,5,5,5,6,2,4,16,17,8,14,4,11,13,4,29,,14,,9,,8,7,9,8,16,,,7,,4,11,10,,15,23,13,15,28,24,11,20,7,19,21,10,6,6,7,4,,12,,15,,4,10,14,17,4,8,8,10,9,2,3,3,7,15,11,12,,70,17,16,8,17,14,11,15,10,15,49,16,8,15,10,7,7,3,9,10,5,8,6,17,11,10,11,6,7,5,3,5,5,16,18,,15,10,,13,13,16,22,5,9,12,6,,,8,8,8,10,,10,,12,7,11,4,,1,8,,9,23,16,,30,22,5,21,19,25,2,11,12,13,,5,5,5,5,5,4,,9,11,7,7,9,21,5,5,6,8,8,2,16,6,17,33,21,10,5,5,8,6,,2,6,5,5,20,9,2,2,7,5,6,4,5,3,13,5,4,5,3,1,,6,8,5,23,39,24,22,7,23,53,37,5,10,11,,10,18,18,12,9,26,13,16,15,3,6,7,7,16,9,7,3,17,15,8,13,6,13,,12,11,10,8,6,8,8,9,9,23,36,22,17,10,25,9,8,11,11,35,8,6,8,7,4,18,15,6,5,6,7,8,10,7,30,10,26,4,2,2,5,3,6,6,6,5,9,5,10,5,94,13,12,12,3,3,9,4,12,,,9,3,1,10,6,6,5,8,10,8,8,11,7,10,,12,19,15,11,14,14,8,10,8,6,8,12,10,10,14,4,5,2,2,4,3,4,1,9,,5,8,5,4,6,4,,4,6,18,5,3,5,3,3,6,2,4,4,10,13,8,8,4,1,5,2,7,5,5,5,5,4,3,3,10,8,6,4,5,4,2,4,9,5,4,6,9,9,8,13,9,20,,5,11,,6,7,8,10,9,18,13,16,10,3,,16,10,13,10,,8,3,10,,,1,1,9,7,7,7,7,7,,9,10,,32,27,19,8,8,7,8,24,9,11,8,,13,17,,10,13,5,3,,8,16,33,8,9,21,,22,1,5,4,9,7,6,3,,6,4,4,31,,,2,4,13,9,7,5,8,10,6,13,26,8,7,7,11,8,16,8,7,5,15,9,6,18,8,9,12,6,9,5,5,4,3,9,,,6,7,7,8,1,1,1,3,9,8,8,4,2,3,3,4,5,12,6,6,2,4,17,2,17,10,3,12,12,12,4,5,28,,28,15,10,19,12,12,,9,1,12,,24,9,25,22,12,8,10,51,29,22,10,8,7,26,10,8,5,11,4,7,2,,9,3,11,1,10,7,6,8,13,13,,12,17,19,13,19,13,9,7,13,5,9,12,7,8,6,12,12,7,7,16,9,11,4,6,5,42,9,3,20,8,4,14,7,21,47,2,9,16,12,11,28,10,15,19,16,37,46,17,33,36,73,50,64,36,7,5,11,10,12,4,13,6,7,10,34,40,32,56,26,30,34,,16,8,14,9,,5,5,8,,6,9,8,8,6,9,7,10,3,6,7,5,7,6,9,8,5,,8,11,38,4,11,10,7,8,12,15,7,9,10,15,12,6,11,6,,12,13,,7,5,4,5,4,11,3,3,11,12,17,45,17,18,26,13,8,42,19,183,95,31,20,14,20,19,9,19,20,20,10,12,5,25,12,15,5,4,6,7,1,9,4,17,35,16,2,1,5,12,12,7,21,20,9,17,23,11,12,8,,7,3,9,85,85,9,,6,6,6,7,4,51,67,9,6,7,33,32,22,7,8,11,6,16,9,17,3,5,3,4,5,3,7,4,8,7,8,5,,7,16,18,5,11,7,16,3,26,8,,4,3,,6,28,5,7,8,10,7,5,,20,8,11,12,8,10,13,7,11,26,6,3,3,3,1,4,6,9,10,5,10,3,,5,4,2,29,72,7,17,8,5,4,23,8,12,14,,17,12,6,9,5,6,3,5,4,7,15,9,1,4,5,9,4,6,4,4,3,,4,,6,1,3,9,6,6,8,8,9,6,,12,17,3,4,8,4,7,8,10,5,7,5,6,3,1,9,8,5,7,8,3,10,4,,8,14,4,5,4,6,11,12,3,7,5,9,5,5,7,5,5,5,5,4,5,1,13,6,6,1,3,13,4,2,4,4,,15,117,32,13,15,8,3,3,3,8,7,5,9,18,6,26,11,7,8,31,9,6,21,24,7,6,6,4,5,8,6,11,9,2,8,6,36,34,3,17,67,18,5,8,5,3,1,3,6,15,9,12,13,12,12,5,4,4,4,6,15,11,11,8,27,7,10,8,7,14,12,13,9,,9,10,13,23,20,12,7,5,26,2,4,6,5,20,2,8,23,7,13,7,1,12,15,11
20170820,3,SO2_24h,2,2,2,2,2,2,2,2,2,2,2,2,,,6,,7,2,,,6,3,10,,11,3,,5,25,6,2,9,5,3,32,26,51,47,53,46,10,6,17,12,12,4,7,10,6,8,12,6,4,4,6,5,20,20,14,8,6,6,10,3,5,8,8,,6,15,16,18,3,5,5,5,7,6,8,11,,,12,16,13,10,9,18,14,14,16,12,14,12,13,11,9,17,11,,,8,18,10,14,,11,7,8,9,10,5,4,6,5,6,6,7,9,8,,9,5,8,10,2,10,9,6,4,,4,9,12,12,8,6,11,11,8,8,10,8,7,10,9,6,10,10,16,18,11,26,10,12,11,11,10,10,7,13,5,7,11,6,9,21,17,24,16,15,7,,,,12,4,,8,14,13,,29,13,15,,2,8,5,4,5,10,6,10,23,,,,13,13,,14,14,7,7,11,,6,10,8,16,2,2,9,8,,10,,11,,6,10,7,8,8,9,8,13,6,9,10,4,8,6,8,4,,7,7,7,13,11,12,13,5,8,,,7,,9,4,,5,5,8,7,6,9,,9,6,17,12,10,8,8,,8,4,3,17,4,17,15,17,20,6,6,,9,7,5,12,4,10,13,35,38,31,23,31,7,5,,30,8,16,19,6,12,13,14,,8,3,3,2,10,6,5,7,7,5,7,6,7,4,2,8,5,8,8,7,7,9,10,5,4,6,6,8,20,12,19,15,17,13,18,8,12,12,13,14,,12,31,16,16,12,6,8,11,11,10,11,14,6,10,19,4,10,9,9,5,5,4,5,11,9,9,10,10,9,21,18,8,6,6,6,10,18,7,8,15,20,17,13,13,7,9,9,9,6,15,24,13,22,7,10,8,7,7,11,7,8,3,6,5,4,6,14,,15,12,11,18,10,12,14,14,,16,12,12,9,16,,8,6,14,9,7,,6,5,9,5,6,6,4,4,5,6,9,13,13,11,12,12,18,21,6,13,9,9,9,6,8,2,7,6,9,6,7,10,8,6,5,9,9,9,7,2,9,8,11,,13,9,3,,,,18,17,8,9,9,5,8,,11,20,74,53,19,25,9,66,12,11,10,4,10,12,10,,24,22,14,19,14,15,7,8,10,7,7,9,6,5,10,6,3,5,12,11,13,56,18,31,27,4,20,,14,,9,,10,11,12,8,15,,,10,,5,9,5,,14,20,12,10,26,9,10,16,7,18,21,10,8,6,8,5,,11,,11,,4,12,17,14,9,10,11,12,11,4,3,3,6,15,11,12,,36,16,25,16,17,13,11,10,9,13,33,7,6,7,7,9,8,5,6,10,8,8,7,11,9,9,9,6,7,7,2,4,5,13,20,,16,16,,17,17,15,15,7,7,15,7,,,11,11,11,12,,12,,16,12,10,4,,2,8,,27,37,24,,33,6,4,9,9,11,3,14,14,12,,6,7,6,9,6,7,,17,13,12,10,9,22,5,7,10,7,8,2,13,24,21,20,18,9,6,5,8,5,,2,7,5,5,18,12,4,5,8,7,7,4,6,4,14,5,12,13,9,2,,18,16,22,14,19,15,20,8,20,41,30,6,8,9,,9,16,12,10,7,12,7,8,31,3,5,4,5,11,10,6,1,12,11,6,10,6,9,,8,12,11,8,7,9,10,12,9,34,23,32,8,8,23,9,12,12,13,17,9,6,9,7,6,11,12,8,5,6,7,10,8,6,6,8,15,4,2,2,6,7,9,7,6,6,9,5,9,5,23,20,11,12,4,6,12,7,14,,,11,5,3,12,7,6,4,6,14,10,7,10,7,10,,9,17,13,12,13,15,6,10,9,6,8,12,10,10,14,5,5,5,4,5,5,6,3,9,,5,7,5,4,8,35,,9,34,16,12,3,6,3,10,6,3,5,4,8,12,9,10,4,2,4,2,7,4,5,6,5,4,4,4,8,5,6,2,7,4,2,4,9,5,8,9,10,12,12,15,13,21,,14,16,,9,7,12,14,13,16,12,20,15,13,,18,16,14,10,,10,6,9,,,2,1,14,9,10,10,10,6,,10,11,,9,12,15,10,15,5,12,21,10,10,18,13,16,17,,10,12,10,5,,11,13,19,18,31,30,,30,50,54,34,4,8,5,4,,5,10,7,23,,,6,3,13,8,9,7,10,14,16,12,24,13,7,9,11,10,16,5,7,6,15,18,14,15,9,11,11,10,9,8,4,5,5,8,,,7,7,7,8,3,1,4,2,11,6,8,4,17,4,11,4,5,10,7,8,2,4,14,2,16,17,3,12,20,15,8,9,30,,13,14,12,13,13,10,,15,3,8,,23,10,28,26,26,20,40,12,19,21,8,7,14,19,12,9,9,11,8,10,3,,12,18,23,21,9,9,7,9,12,13,,16,21,18,12,8,13,11,8,16,6,14,14,9,14,5,8,15,6,8,14,10,10,5,6,6,26,14,5,24,8,5,20,16,19,51,4,8,14,18,8,29,12,18,19,13,10,20,18,22,19,31,18,40,33,9,4,13,13,14,4,9,6,7,9,75,76,61,57,21,15,21,,11,3,7,9,,4,5,6,,3,9,6,7,6,8,6,10,2,5,7,4,5,6,7,6,5,,6,18,23,5,11,10,16,10,14,11,8,10,10,6,14,8,10,14,,11,10,,10,3,4,4,8,6,3,5,8,9,13,18,18,15,13,18,14,14,12,57,34,25,14,10,19,17,7,15,11,19,15,6,7,10,8,9,4,4,6,6,1,6,5,16,45,19,5,2,4,20,12,10,14,14,11,12,14,12,14,9,,8,3,17,63,76,13,20,13,12,7,7,4,15,17,10,17,13,44,35,25,11,9,14,12,13,9,12,7,5,3,3,5,4,7,3,7,8,9,6,,8,10,20,5,14,4,15,5,32,4,,4,3,,6,13,6,7,8,8,8,7,,21,8,13,16,14,13,15,8,14,24,10,4,3,3,2,5,6,10,18,4,9,3,,3,6,3,20,29,7,19,8,5,3,9,5,11,15,,22,25,8,9,5,16,4,6,9,14,15,9,3,9,5,10,5,5,5,5,3,,6,,6,1,4,8,5,5,9,9,9,6,,8,11,8,5,59,10,6,8,10,3,4,5,9,5,2,19,13,4,7,8,4,16,5,,16,17,6,9,9,7,13,13,3,11,12,10,8,9,13,11,6,5,5,4,5,1,12,7,6,2,4,12,2,2,4,4,,11,30,27,12,12,9,3,3,4,9,8,7,11,13,6,13,11,7,8,29,10,8,24,12,11,13,6,6,7,9,8,11,9,5,7,5,16,15,28,17,26,14,8,14,3,4,7,6,4,15,9,15,8,9,21,4,6,7,8,6,18,30,11,14,17,14,10,13,6,14,13,14,25,,8,9,11,21,17,13,10,4,23,2,4,19,4,21,4,6,14,8,10,6,2,12,12,10
20170820,3,NO2,37,9,53,47,60,58,64,55,31,20,95,84,,,38,,34,29,,,41,18,68,,15,39,,91,75,56,68,36,58,10,83,86,54,58,67,92,13,37,31,25,36,52,56,58,55,25,25,26,22,27,21,17,15,16,17,24,37,17,30,27,11,67,73,,62,32,29,38,36,54,43,14,34,30,24,66,,,49,34,51,85,39,60,42,51,56,107,57,110,114,44,24,38,45,,,40,49,41,51,,55,8,18,10,5,3,4,5,16,13,2,41,29,36,,39,6,9,37,13,28,56,58,31,,66,83,67,69,82,35,49,61,18,20,18,17,21,13,15,35,16,31,15,10,12,17,13,18,12,25,36,8,31,18,15,5,25,21,22,26,28,25,22,18,23,,,,36,14,,33,35,41,,26,19,22,,6,31,12,5,37,38,12,31,26,,,,14,30,,9,15,14,10,12,,13,20,24,22,29,30,5,6,,18,,14,,9,30,30,6,24,16,21,30,23,13,22,30,7,13,12,14,,8,10,15,54,31,42,31,24,20,,,7,,16,19,,12,11,11,4,5,6,,16,21,35,34,44,17,17,,33,36,38,36,51,96,21,43,46,49,31,,46,38,29,40,9,31,32,50,53,43,64,64,62,6,,55,50,35,45,39,36,38,41,,10,10,16,24,15,25,23,35,9,22,18,37,37,19,16,23,28,27,79,55,50,62,50,50,72,18,61,39,50,11,50,41,41,39,35,59,32,38,38,42,,54,55,36,111,53,46,56,52,45,58,35,27,32,59,57,23,33,43,43,13,6,10,11,37,30,33,22,18,10,63,62,10,7,8,11,20,17,14,16,43,47,49,2,42,26,,37,54,46,66,36,22,33,40,32,28,36,42,33,28,44,14,9,12,13,4,12,,35,37,48,23,13,81,46,83,,53,60,33,45,68,,30,35,65,33,42,,34,5,27,30,7,30,17,24,27,25,31,21,31,19,31,36,27,42,9,14,22,5,31,6,28,23,46,29,32,47,19,57,20,22,17,48,23,18,12,5,19,15,,,6,11,17,,,,17,12,86,47,59,82,89,,39,17,40,11,24,8,29,35,27,29,24,3,9,42,6,,30,52,25,42,57,34,,14,15,17,27,38,21,22,15,18,13,17,38,49,31,7,13,4,18,43,38,,22,,26,,24,26,47,35,36,,,15,,14,28,26,,42,14,36,43,30,41,16,37,17,4,8,13,16,14,3,4,,23,,29,,28,18,13,19,15,15,35,17,5,7,7,9,8,15,5,14,,29,30,37,14,63,19,31,23,23,15,20,23,21,21,16,10,6,9,19,11,21,25,36,25,16,17,17,58,39,52,8,22,26,53,33,,24,24,,17,12,23,45,10,48,31,23,,,13,12,20,45,,12,,12,20,18,8,,42,17,,2,32,9,,4,99,33,47,53,68,7,34,18,17,,5,11,9,24,15,2,,36,17,6,22,15,44,11,23,10,21,19,12,46,27,49,50,56,24,20,18,11,18,,5,15,12,29,9,10,21,18,11,25,7,12,6,11,16,21,18,23,32,32,,7,4,4,16,8,28,9,3,10,26,24,3,27,11,,29,30,17,25,30,23,31,32,43,21,13,22,15,32,44,77,14,10,5,12,22,9,21,,14,13,18,44,26,12,29,25,21,14,17,12,32,12,29,23,7,29,26,6,15,26,7,3,7,28,24,31,13,9,7,13,39,52,34,48,46,38,7,10,10,11,10,14,10,14,14,13,22,13,58,13,35,22,14,13,15,13,29,,,18,9,19,10,17,12,15,21,24,29,8,38,23,36,,31,21,29,20,22,9,26,5,8,30,19,20,30,30,44,11,27,13,23,12,15,27,19,22,,11,5,16,18,12,13,,4,14,22,14,3,8,1,16,17,34,42,20,18,,24,30,9,2,32,20,19,23,16,8,,7,8,7,22,14,27,28,16,10,6,1,7,7,12,12,20,13,8,16,13,15,22,20,21,,11,24,39,20,36,38,38,10,18,5,,14,11,17,15,,32,15,21,,,8,6,37,17,6,11,7,18,,16,12,,32,32,41,35,36,35,21,16,18,40,11,,30,19,,36,26,2,20,,12,5,55,26,13,72,,72,3,3,8,11,26,9,10,,15,5,7,20,,,22,24,12,7,8,4,2,22,27,14,49,36,4,15,34,13,17,10,22,32,17,11,27,27,34,23,28,23,20,14,8,6,16,8,,,14,11,9,10,14,23,11,10,14,21,20,8,30,7,5,2,2,2,2,25,35,29,44,9,17,24,9,14,7,12,12,19,18,,52,33,21,44,35,36,,11,13,17,,16,15,33,41,49,53,31,54,37,34,19,31,26,11,30,17,8,17,18,10,10,,15,28,28,17,11,22,14,12,16,6,,45,42,20,31,15,28,13,32,25,12,26,38,2,12,5,13,11,11,23,33,35,39,9,12,26,2,17,3,25,16,3,31,13,30,18,11,25,17,13,29,6,14,25,23,11,30,23,12,17,25,13,9,3,13,19,16,10,7,19,23,6,3,8,13,17,34,24,25,40,30,32,,55,41,32,10,,11,13,13,,14,9,9,4,3,10,14,10,14,11,19,9,9,13,6,8,6,,36,37,43,38,4,12,11,15,10,6,11,14,32,31,47,7,12,5,,14,24,,39,2,11,18,3,2,7,13,21,5,14,39,12,13,32,11,7,26,31,22,17,19,34,17,17,19,32,40,38,25,37,12,6,7,13,9,2,11,3,10,1,8,14,24,18,15,2,19,20,42,34,33,48,12,5,8,26,19,23,21,,41,36,21,19,23,22,21,20,25,21,29,30,21,27,14,12,14,40,27,30,15,12,11,25,11,13,14,14,24,29,20,15,27,32,34,36,10,13,17,,10,38,30,30,12,36,21,32,21,16,,8,12,,14,41,16,16,21,5,6,4,,26,8,15,13,14,24,13,16,13,30,12,3,5,5,4,17,17,31,27,24,25,3,,11,7,2,10,29,20,19,8,7,7,11,14,7,9,,9,15,7,14,13,6,11,11,9,4,11,15,15,5,21,44,2,1,1,1,3,,7,,3,10,16,20,20,13,58,21,33,29,,18,12,16,21,5,6,3,13,14,15,14,8,10,31,29,15,14,6,10,5,3,6,19,,3,1,5,51,10,31,8,9,3,8,3,3,4,8,6,8,11,9,6,95,71,19,55,4,64,57,2,12,10,10,1,50,,72,19,22,66,32,44,12,3,2,44,47,63,29,46,10,44,76,32,23,30,19,10,77,22,23,16,6,16,7,24,9,43,12,15,30,9,24,29,11,15,26,37,12,7,6,19,37,63,61,29,17,19,14,17,9,32,7,14,8,54,40,44,10,37,18,16,31,18,13,47,31,52,17,,49,12,26,46,28,17,25,7,15,30,5,14,14,54,18,25,49,7,10,32,,23,17,31
20170820,3,NO2_24h,29,13,36,29,34,34,44,23,12,23,42,52,,,36,,33,30,,,32,26,21,,16,29,,51,35,27,37,19,38,8,56,58,45,44,61,58,20,36,25,27,30,43,37,33,26,22,16,23,26,26,17,16,17,18,22,20,27,17,25,21,12,47,46,,39,29,20,26,17,23,23,16,28,21,22,41,,,32,26,35,36,20,39,29,44,44,61,39,39,50,28,16,30,37,,,37,37,36,44,,40,12,20,17,13,7,10,9,14,15,4,36,36,23,,32,5,7,25,14,29,43,46,24,,58,64,57,59,63,30,26,45,25,31,32,26,31,24,24,29,23,32,37,22,31,31,29,32,26,37,39,20,36,30,28,20,23,33,33,27,38,33,23,31,20,,,,31,21,,22,24,27,,33,24,27,,14,21,19,10,27,29,16,36,17,,,,18,35,,22,25,21,16,18,,22,19,21,21,16,25,14,10,,21,,19,,20,38,41,6,32,29,35,46,34,27,30,27,20,22,22,25,,8,25,26,33,24,35,25,19,13,,,27,,24,27,,19,16,18,11,7,10,,16,16,24,21,32,19,17,,26,48,33,22,44,69,31,31,33,28,23,,28,34,24,33,11,29,25,37,22,28,43,35,35,7,,28,48,39,39,45,44,46,45,,7,28,12,22,25,27,8,19,15,24,20,32,24,25,17,28,36,16,31,29,25,28,28,30,36,24,26,13,23,14,28,30,25,33,37,38,24,21,50,40,,46,55,30,56,62,35,57,25,34,40,36,37,21,37,44,14,27,24,33,14,18,17,14,26,39,32,24,21,12,42,38,24,14,10,11,18,21,15,16,43,48,48,31,33,24,35,32,26,29,38,32,23,25,41,31,35,27,27,34,35,32,8,5,12,11,6,11,,29,34,40,26,19,44,26,54,,33,36,31,34,37,,25,27,48,35,40,,36,9,15,20,5,14,10,16,21,15,14,18,23,11,22,22,24,31,14,18,18,11,25,13,42,34,57,46,45,47,30,46,16,31,23,43,29,29,27,7,32,25,5,,8,19,15,,,,27,26,53,35,30,47,33,,21,20,30,23,22,18,17,24,19,22,16,3,8,28,8,,30,31,31,39,26,32,21,18,24,17,25,31,21,23,10,12,13,18,23,31,16,17,21,27,25,34,29,,20,,21,,27,26,35,24,22,,,25,,22,25,20,,31,12,28,30,31,29,17,27,15,3,8,20,30,26,14,21,,17,,17,,21,22,24,26,26,19,24,23,9,9,7,11,12,21,17,23,,28,21,33,21,47,18,22,18,20,17,18,14,10,12,10,16,8,12,14,11,12,18,24,24,8,11,11,30,21,29,10,12,14,47,34,,22,22,,19,19,20,21,12,26,26,16,,,21,17,28,24,,22,,16,20,11,6,,14,15,,9,27,10,,5,46,29,24,32,25,16,24,17,21,,16,19,30,42,28,9,,27,20,11,20,9,25,10,24,22,21,15,10,27,29,27,32,31,20,17,16,14,18,,5,25,22,25,9,14,20,24,12,20,10,12,14,11,28,17,34,29,34,26,,21,15,21,16,6,25,19,3,11,18,26,4,24,20,,23,18,17,17,22,23,32,28,42,18,10,17,12,20,25,27,16,16,10,20,14,13,24,,13,19,26,29,22,18,21,20,18,11,15,9,17,6,12,9,5,11,17,4,15,26,14,4,5,22,16,17,10,13,14,15,20,20,18,26,26,27,7,10,10,24,13,14,12,24,18,18,15,14,39,21,26,19,13,18,18,19,20,,,29,15,15,13,13,13,19,23,22,28,13,30,15,20,,15,23,18,28,27,15,29,4,10,24,20,22,30,38,34,17,24,25,28,26,32,28,29,17,,12,7,6,8,7,40,,11,24,14,18,12,24,3,16,14,23,20,18,12,,23,29,16,6,15,17,23,36,20,13,4,10,15,17,22,16,12,15,10,7,8,4,15,13,21,25,28,35,20,31,20,28,32,29,26,,14,28,34,23,40,25,32,15,23,4,,16,17,16,10,,19,28,21,,,13,6,19,14,11,17,13,16,,17,12,,24,25,31,18,28,16,23,16,20,20,17,25,30,11,,19,12,7,14,,16,6,30,26,17,38,,30,27,21,22,12,13,10,21,,13,10,12,23,,,18,13,13,8,14,13,6,16,25,12,27,26,8,18,21,15,14,16,19,25,14,9,21,18,26,21,22,24,23,18,9,10,16,13,,,28,13,14,8,12,30,8,9,14,26,22,7,24,11,16,2,10,4,2,19,26,21,37,6,22,22,12,12,10,14,15,22,18,,29,26,18,29,29,24,,15,9,8,,12,20,17,17,51,57,36,40,35,34,32,24,24,21,30,22,14,27,26,25,18,,24,34,41,28,23,26,21,15,14,7,,29,21,22,34,18,28,19,22,22,15,27,30,26,12,4,18,17,13,23,29,29,26,15,14,17,6,13,6,19,11,3,23,20,23,18,8,28,14,22,35,5,14,15,17,14,19,23,17,24,28,17,15,15,18,10,9,14,14,23,9,9,2,14,17,16,34,21,19,32,22,28,,30,34,22,18,,19,17,12,,10,9,9,5,4,15,17,14,13,14,27,14,19,19,12,8,10,,26,26,25,23,6,24,18,18,21,13,18,22,23,16,27,17,17,15,,15,18,,20,3,8,13,7,5,8,15,22,7,14,22,18,17,18,16,6,20,19,18,14,12,18,13,18,19,19,22,22,20,25,6,6,8,13,9,5,7,7,10,4,6,10,17,29,9,4,22,21,27,22,23,30,21,12,15,18,16,22,24,,28,24,13,18,22,17,12,13,16,12,24,22,13,13,13,13,22,39,30,32,16,23,19,22,16,14,18,17,12,16,14,6,16,23,28,27,11,16,19,,17,31,26,29,23,30,14,23,52,15,,13,19,,12,39,19,20,19,6,8,8,,19,6,12,14,11,16,12,15,13,25,11,3,6,5,4,12,16,16,13,11,16,7,,6,8,6,10,19,20,13,14,10,6,9,12,7,9,,10,9,7,12,12,17,12,16,9,7,9,15,16,10,13,36,9,10,5,4,9,,13,,4,11,16,17,18,19,23,19,22,16,,13,12,22,20,11,11,2,23,12,14,10,11,10,19,19,23,24,8,15,8,12,14,13,,14,13,11,29,17,30,14,14,6,10,4,6,9,15,15,15,19,15,14,38,33,12,23,5,33,36,6,20,14,15,1,18,,32,16,24,33,17,25,13,4,6,28,28,23,22,35,10,45,36,19,26,23,15,6,47,21,27,26,20,21,24,19,15,25,14,22,30,2,20,18,31,12,18,18,14,27,3,19,24,36,31,21,19,29,25,22,24,18,9,24,16,26,25,29,12,28,9,26,21,19,23,30,25,23,22,,42,17,30,33,22,28,16,11,19,20,9,9,21,43,14,17,33,9,9,21,16,16,10,19
20170820,3,O3,25,28,33,2,20,17,2,2,12,43,2,5,,,22,,28,31,,,13,71,9,,75,20,,1,25,18,10,25,24,104,6,8,13,9,17,4,95,66,60,69,38,22,30,32,28,73,46,45,82,77,63,67,99,95,101,59,2,1,2,4,2,14,6,,2,45,32,31,21,9,30,74,77,60,70,36,,,40,85,50,9,18,30,63,54,55,4,51,10,11,42,9,1,2,,,6,8,3,13,,1,75,86,71,94,100,112,77,84,86,103,20,32,16,,14,21,18,8,30,22,3,18,6,,4,3,4,9,2,19,25,1,70,66,64,84,61,60,68,51,66,60,49,70,75,59,52,41,65,53,46,84,48,56,71,59,87,46,63,33,41,37,29,46,27,,,,14,3,,23,13,6,,22,22,36,,55,41,64,65,38,46,57,36,39,,,,54,44,,48,56,42,39,37,,45,18,20,19,17,5,39,50,,33,,23,,37,45,42,40,47,43,46,42,45,51,51,14,68,65,75,63,,59,65,55,7,13,10,18,51,63,,,75,,47,43,,62,38,40,51,54,50,,46,44,5,29,9,32,21,,11,29,26,14,12,17,33,34,39,2,31,,17,42,52,15,60,34,28,19,21,11,14,5,4,19,,12,18,23,19,11,19,27,31,,108,78,68,55,76,75,60,29,76,85,87,68,48,86,85,82,73,4,5,15,25,25,2,29,2,56,2,4,3,45,4,16,22,19,32,20,10,9,10,3,,3,2,11,5,6,34,2,5,5,17,26,19,24,16,5,10,39,11,,31,36,39,23,21,26,20,14,15,39,11,7,26,33,26,17,21,27,22,24,6,6,7,6,7,17,,12,6,5,5,21,27,15,10,20,24,7,5,4,12,4,,19,13,7,10,91,,62,46,43,58,82,7,32,15,,46,29,69,32,12,,10,28,5,23,23,,31,101,9,14,27,9,14,17,13,10,2,15,13,17,12,2,15,6,56,34,49,65,35,61,65,48,50,51,52,28,64,16,66,53,61,30,55,71,56,103,52,70,49,,58,50,64,,,,83,94,4,5,1,6,20,,31,35,8,42,26,45,16,15,20,23,23,48,11,15,49,,83,62,85,86,44,89,115,112,123,76,36,31,57,42,22,8,12,26,20,2,14,78,74,80,70,3,1,,43,,36,,34,30,15,18,30,,,58,,64,51,48,,16,19,30,26,49,35,26,24,59,33,40,76,81,83,103,83,,33,,33,,29,48,65,56,64,50,22,75,82,69,85,81,79,69,85,61,,127,82,112,125,84,23,8,18,13,29,23,13,13,16,28,20,30,32,8,22,8,19,10,31,23,21,21,4,13,21,32,6,1,51,78,,15,11,,22,20,17,4,28,4,14,1,,,91,79,81,40,,85,,99,84,77,100,,84,117,,66,58,79,,37,3,27,13,4,18,99,1,20,33,,56,39,69,31,44,52,,2,3,25,2,12,5,9,8,6,9,28,,17,69,15,23,4,3,4,5,8,5,,19,66,68,31,53,64,7,10,11,4,24,43,45,44,21,24,56,68,49,63,,76,73,78,96,39,57,57,38,19,58,34,95,56,63,,49,54,58,44,39,62,65,60,65,64,68,60,60,61,29,9,37,112,101,109,71,109,81,,91,41,37,25,35,67,20,25,23,35,33,38,53,38,23,25,30,15,14,47,16,17,27,34,10,11,4,5,10,38,22,19,7,4,27,2,2,1,15,16,60,61,71,48,78,95,99,104,102,100,7,34,9,12,45,71,63,107,79,,,91,60,31,54,24,90,73,77,100,109,85,10,18,3,,6,30,30,75,74,71,55,86,52,39,58,7,11,5,2,46,10,61,53,66,60,52,65,62,,83,82,38,39,51,82,,102,101,79,85,113,85,58,90,79,79,56,65,44,31,33,30,90,101,17,51,39,35,45,44,90,70,93,31,32,63,27,27,79,65,80,88,78,82,52,83,58,59,43,,54,53,54,119,39,,48,58,40,33,28,29,37,38,32,50,,45,52,31,62,,15,50,42,,,53,36,9,32,64,61,48,76,,94,83,,13,28,28,33,48,37,67,77,106,34,100,,66,95,,84,91,151,90,,136,70,38,81,89,4,,12,95,58,87,56,31,77,58,,77,71,76,109,,,22,1,108,106,113,105,92,15,24,55,9,,42,25,13,32,24,7,13,26,6,41,16,5,29,25,8,6,22,1,2,12,6,38,,,34,19,34,13,12,5,9,12,10,11,7,18,35,27,49,30,4,3,,1,3,4,5,52,9,8,11,37,36,35,53,22,55,,16,42,18,3,15,7,,16,18,21,,65,21,5,2,24,18,39,23,34,23,52,25,45,64,33,29,33,75,56,74,39,,45,24,29,26,64,74,61,56,44,72,,21,27,51,34,64,41,44,9,9,40,20,10,17,28,109,48,60,38,2,4,2,1,33,35,16,14,9,16,7,21,33,14,14,5,20,17,17,36,32,35,29,22,5,30,24,50,76,127,106,81,36,53,75,99,7,11,35,18,29,3,38,40,44,27,22,15,11,11,57,72,78,,16,63,64,79,,75,76,88,,86,84,68,77,75,92,99,101,81,97,77,89,85,78,91,89,89,,26,6,7,26,78,87,75,53,61,51,49,50,29,18,7,54,57,50,,36,31,,4,88,68,55,73,35,40,21,9,11,27,9,37,25,14,39,6,19,5,22,36,28,30,45,44,37,56,46,64,85,115,15,39,14,24,35,82,61,62,58,61,19,32,18,30,28,3,,,,8,3,1,22,21,30,13,6,12,35,,9,18,4,33,24,8,9,23,22,4,9,5,25,17,7,8,40,3,26,17,47,82,92,62,79,87,70,109,23,23,59,32,18,39,41,33,79,68,65,,67,30,50,33,40,49,33,61,47,97,,34,26,,58,53,56,65,51,12,17,19,,72,33,29,30,24,16,56,26,51,48,28,37,37,35,34,5,8,8,10,2,,37,,32,20,21,63,32,1,19,28,3,2,4,5,39,40,,29,23,14,20,4,7,42,34,37,33,5,2,53,38,7,5,68,65,57,53,55,,88,,43,40,34,22,27,16,23,81,64,71,,33,30,29,17,90,83,51,70,92,40,43,75,61,43,52,59,68,91,93,86,110,100,53,,119,87,56,32,78,48,57,81,44,79,95,80,86,84,89,90,77,75,81,4,20,41,19,62,10,21,89,78,94,93,176,16,,,54,49,6,42,11,43,53,39,18,30,3,16,31,93,5,6,23,59,60,108,111,7,6,21,57,70,36,71,15,46,9,61,59,39,33,5,4,68,42,10,7,68,76,72,24,48,3,35,52,38,88,78,78,90,37,50,37,39,3,26,30,49,10,10,37,14,52,57,42,53,38,76,,17,84,57,21,11,39,73,82,107,,90,28,97,35,9,24,65,84,31,42,46,34,67,37
20170820,3,O3_24h,138,147,129,138,140,128,147,142,133,168,130,148,,,120,,125,113,,,119,135,124,,167,98,,121,153,126,102,106,84,134,151,131,170,160,132,155,158,140,144,140,134,115,100,106,120,153,145,131,150,150,143,168,180,175,158,192,106,106,117,115,97,149,170,,168,141,150,152,123,151,143,138,152,158,132,184,,,134,162,182,150,189,167,209,183,195,184,207,204,187,167,137,131,147,,,162,140,118,144,,186,104,121,108,130,135,158,121,117,117,122,88,79,77,,84,82,76,87,66,53,143,126,95,,105,109,96,116,119,88,107,102,252,216,267,254,235,237,224,234,234,229,125,159,163,155,128,111,147,136,177,166,144,123,145,170,160,129,156,210,242,205,222,250,74,,,,116,104,,96,101,101,,169,207,188,,158,202,203,220,190,209,225,131,186,,,,161,131,,129,179,154,180,134,,179,92,111,89,115,89,152,164,,99,,57,,55,166,138,87,205,168,183,149,172,184,169,149,150,168,243,208,,147,173,131,209,210,163,230,205,185,,,199,,194,187,,168,183,143,136,104,133,,169,173,145,112,133,167,159,,79,103,104,119,85,131,157,125,130,95,199,,181,217,212,202,272,106,89,126,133,107,132,131,133,143,,144,145,192,210,169,183,225,232,,133,124,116,124,123,119,122,101,101,110,118,113,112,106,112,102,92,124,112,101,105,120,118,118,102,127,94,114,131,102,135,101,105,101,93,105,86,96,222,206,,187,170,180,277,183,200,185,200,84,118,64,22,69,196,30,53,67,57,196,56,52,61,61,270,282,262,212,226,180,208,196,151,173,136,115,142,136,148,122,269,288,244,250,194,163,161,180,162,132,156,154,141,146,66,132,106,92,83,105,57,68,18,50,55,53,36,280,,270,182,177,205,199,158,186,199,,206,167,229,245,186,,126,199,230,180,171,,156,137,70,62,67,72,56,60,60,60,63,87,69,54,82,74,66,69,92,62,91,93,73,86,121,105,119,113,105,107,100,135,120,104,83,112,114,134,99,227,88,119,88,,93,129,155,,,,168,188,120,127,122,113,163,,126,97,75,96,95,99,124,130,126,142,146,55,130,105,93,,194,199,190,193,195,186,182,183,184,164,148,160,155,138,89,93,84,95,166,181,142,154,161,158,160,209,194,,229,,108,,83,100,102,81,150,,,199,,184,115,119,,110,124,122,128,103,136,81,118,92,114,114,144,137,144,159,156,,119,,118,,102,148,149,151,120,135,119,98,106,94,148,125,124,120,119,101,,250,216,243,278,261,140,144,109,115,140,125,56,45,45,52,59,45,61,77,84,82,152,116,114,61,56,50,125,141,123,60,71,63,215,212,,209,203,,140,125,153,168,91,102,98,58,,,172,172,154,164,,146,,182,151,140,145,,156,157,,202,174,216,,169,120,131,133,138,140,120,103,99,107,,102,102,109,88,105,92,,138,128,112,116,83,135,77,96,84,89,95,83,156,191,147,137,145,78,64,78,71,64,,62,96,111,104,102,103,88,85,96,79,88,95,114,114,84,100,135,160,120,185,,150,143,150,121,101,120,109,101,94,129,110,124,122,115,,137,142,126,113,115,110,110,113,125,114,122,121,105,156,135,152,153,140,125,130,143,111,92,,108,129,111,123,124,142,78,87,98,99,100,110,119,123,102,88,103,94,81,84,73,70,88,67,75,64,68,69,68,76,45,48,95,84,79,81,68,81,32,36,108,94,117,115,108,140,146,150,139,143,96,101,70,71,175,176,178,171,114,,,138,134,124,131,121,174,167,187,185,187,167,92,95,83,,90,83,89,101,124,105,103,98,89,113,95,129,108,97,109,84,92,91,102,90,62,99,90,129,,140,139,95,95,105,82,,135,154,151,151,141,113,77,124,120,90,101,117,96,94,155,146,122,137,110,119,111,87,146,118,128,100,155,52,124,129,107,99,135,117,124,131,111,112,160,212,178,253,240,,207,190,248,301,230,,145,133,211,145,171,224,204,103,104,99,,181,196,90,111,,95,137,149,,,73,62,96,111,134,126,112,103,,117,109,,199,202,130,121,127,123,140,143,195,183,165,176,161,163,,154,163,151,131,,136,121,169,162,185,175,,130,156,162,160,83,101,102,105,,142,137,163,200,,,116,112,141,150,161,155,140,107,86,88,100,99,111,100,108,114,165,111,121,149,110,112,110,103,127,123,88,91,96,82,81,77,90,80,,,122,63,62,76,71,91,82,131,80,92,97,116,123,72,107,87,77,84,55,93,114,97,82,99,120,140,149,85,83,89,89,68,90,,49,63,45,59,62,54,,61,72,71,,65,86,90,87,94,86,101,81,102,99,89,61,88,103,111,61,99,130,129,128,104,,97,68,61,70,89,84,90,100,143,134,,100,90,88,82,76,267,270,247,264,245,143,158,154,153,134,138,138,131,151,158,140,132,191,170,170,198,114,117,125,117,78,88,80,85,173,91,86,97,76,69,100,113,105,123,115,171,162,191,168,182,125,127,153,148,100,82,108,86,71,89,94,128,89,97,134,100,142,114,108,129,123,,130,123,144,144,,144,164,128,,130,129,91,98,101,96,103,104,94,102,105,116,109,114,94,92,89,,90,68,68,93,109,112,132,84,144,132,119,122,88,85,69,105,107,99,,99,89,,85,125,102,104,105,87,95,99,78,76,74,74,79,76,75,78,90,84,88,82,86,106,104,105,95,88,144,160,184,172,177,73,81,53,72,77,82,91,78,72,100,61,68,82,71,102,79,63,65,111,121,107,106,76,97,84,118,116,94,109,,112,114,143,141,107,110,95,102,124,57,67,59,78,73,108,86,110,127,126,135,169,172,207,170,179,183,152,195,157,134,137,121,168,178,186,172,156,144,157,,139,125,98,91,110,122,103,140,110,122,,106,98,,150,149,134,149,95,61,76,66,,112,80,75,72,74,71,85,70,95,80,67,66,66,66,64,71,75,115,123,34,42,54,,63,56,58,76,73,60,72,62,40,67,65,79,57,61,,46,45,48,59,60,11,57,76,79,76,60,55,78,69,73,67,76,68,82,81,67,,131,,77,75,133,159,135,157,169,175,165,174,,113,121,97,109,116,111,121,97,112,93,90,88,89,87,98,97,101,92,95,86,135,123,105,,134,90,82,133,127,81,79,85,61,91,155,163,170,158,153,158,115,114,107,136,171,117,123,146,128,123,121,115,139,134,176,162,,229,96,88,124,136,123,90,89,90,138,139,112,99,170,154,202,168,128,139,141,170,139,136,129,194,179,180,190,188,65,102,103,123,200,204,64,67,56,91,130,156,131,172,212,114,108,108,164,216,189,129,167,155,174,164,85,174,65,152,58,151,184,158,95,92,69,52,155,119,196,190,191,205,,137,140,139,217,217,129,154,105,197,95,128,47,114,140,165,144,145,164,109,115,117,111,122,155
20170820,3,O3_8h,30,37,34,6,15,25,5,3,30,54,10,4,,,29,,42,42,,,23,88,49,,66,21,,3,40,15,12,42,26,103,10,6,11,9,9,7,99,67,59,68,43,45,37,51,54,72,56,32,57,53,78,75,114,115,99,63,3,1,8,3,2,23,6,,8,58,44,46,26,24,39,91,89,74,88,70,,,57,90,65,28,37,49,85,77,53,4,43,18,10,55,16,3,9,,,7,29,10,33,,12,73,81,73,87,96,107,80,91,91,102,26,29,19,,19,22,16,12,30,15,7,19,9,,5,19,4,8,1,10,39,1,78,74,74,88,72,67,71,65,77,72,29,53,52,48,40,31,43,44,34,70,46,48,62,52,68,46,58,40,52,50,43,48,35,,,,34,11,,26,24,5,,19,20,33,,55,50,53,65,39,43,56,42,53,,,,57,55,,53,61,51,44,40,,47,22,23,22,23,12,36,46,,31,,24,,32,36,32,43,44,33,42,39,45,51,39,13,69,67,76,66,,67,64,58,10,25,10,23,56,67,,,71,,52,43,,66,48,45,51,53,48,,50,52,12,36,15,33,25,,18,27,21,9,12,17,35,45,39,1,32,,23,49,57,25,60,35,31,11,24,9,12,12,6,20,,18,27,27,24,31,17,29,35,,105,83,56,58,62,80,65,33,72,91,95,78,62,90,88,90,79,10,9,14,31,22,7,33,22,43,16,11,7,45,4,13,26,14,33,20,19,7,21,6,,3,2,13,9,10,34,5,4,5,16,29,13,24,11,5,9,32,7,,22,37,35,21,23,28,26,15,15,44,15,10,27,34,27,21,25,26,24,24,8,4,7,7,6,18,25,14,23,5,5,28,37,30,12,16,18,7,5,4,11,3,,19,11,5,14,101,,50,50,49,59,79,7,50,23,,54,32,71,34,17,,5,36,11,22,18,,28,108,11,18,30,13,14,18,17,9,3,15,13,20,21,9,13,7,53,33,48,60,28,49,66,51,47,55,51,35,57,14,79,54,58,38,50,74,60,108,56,71,50,,58,59,72,,,,91,98,5,5,2,6,80,,27,33,14,46,29,48,25,15,24,29,33,46,12,12,46,,85,69,62,87,61,93,114,104,118,68,40,31,57,38,24,13,11,17,24,7,24,73,52,66,53,5,3,,31,,41,,40,39,29,19,27,,,65,,66,49,50,,24,18,37,35,48,28,29,32,59,36,41,83,80,88,105,83,,44,,45,,27,37,52,46,69,64,48,89,95,81,90,86,85,72,81,59,,144,88,134,124,94,19,16,23,16,33,24,23,25,21,35,16,29,31,10,24,18,21,12,30,22,22,20,11,27,18,31,16,10,64,79,,15,9,,22,17,13,11,31,12,14,5,,,92,87,86,46,,85,,105,86,80,110,,107,121,,54,50,67,,42,9,29,24,6,21,98,13,34,35,,55,34,64,34,33,43,,4,2,24,2,16,14,15,9,7,9,21,,24,74,16,34,24,3,6,5,10,5,,17,69,71,26,59,56,4,7,12,7,14,47,47,43,23,30,49,67,51,62,,57,56,56,78,40,61,60,46,25,68,42,99,62,64,,57,64,68,44,49,74,75,72,77,72,75,69,66,83,53,37,60,111,100,108,67,110,82,,95,38,29,25,38,61,25,26,27,42,36,33,71,45,26,29,40,18,16,46,18,17,27,42,11,20,10,6,7,40,24,18,13,15,32,3,6,3,14,15,58,64,77,54,79,95,108,105,103,101,6,45,7,12,46,77,76,115,57,,,86,50,36,41,31,95,79,84,101,120,89,13,23,7,,15,30,34,68,75,69,53,71,51,44,54,7,11,5,2,46,10,57,55,64,37,54,58,61,,84,82,46,47,58,71,,103,104,92,100,114,78,55,80,83,73,47,61,38,37,35,36,77,81,19,45,49,41,96,45,77,61,80,28,26,55,35,36,83,68,81,90,78,82,45,73,53,65,53,,54,54,62,125,52,,58,56,50,38,36,48,53,43,40,53,,52,56,31,59,,20,55,52,,,55,38,13,36,62,58,54,77,,96,84,,17,37,18,39,49,52,64,92,94,48,100,,50,103,,93,100,143,95,,129,64,69,90,91,17,,18,96,72,96,56,26,78,64,,84,81,83,123,,,26,2,99,103,111,105,93,19,24,72,29,,42,36,28,47,29,7,13,34,5,44,17,12,25,20,8,6,17,1,2,7,4,37,,,23,20,34,21,11,5,11,12,15,13,6,17,37,27,42,26,4,6,,,3,3,4,54,12,13,14,49,41,36,54,8,32,,17,45,20,5,16,9,,16,26,31,,60,19,24,25,28,12,32,21,41,17,44,24,42,56,36,28,31,71,37,79,46,,48,19,23,21,63,67,63,57,48,69,,17,26,56,39,59,27,42,12,14,44,26,15,18,27,110,38,40,31,2,6,2,1,43,42,28,16,14,12,6,35,38,6,13,3,20,15,16,34,30,31,27,23,13,30,19,56,68,125,107,92,38,41,64,75,14,19,34,18,27,6,39,42,34,22,24,15,13,17,64,81,82,,31,73,73,90,,86,85,90,,90,85,71,76,76,89,97,99,81,96,74,88,84,78,90,86,86,,24,3,10,10,86,87,80,57,52,47,48,49,17,19,17,53,59,52,,42,39,,9,88,70,64,72,36,30,22,15,11,32,22,32,19,20,43,5,20,8,24,36,29,37,47,48,41,56,46,60,77,104,18,41,14,30,39,74,45,53,45,54,21,37,27,27,38,3,,,,3,4,,18,21,25,10,6,25,39,,21,22,7,30,29,10,10,26,27,5,8,5,31,25,10,8,38,3,24,18,49,87,97,66,83,97,75,101,38,27,59,38,32,38,51,40,90,70,63,,68,30,45,34,46,46,41,70,44,96,,36,26,,65,53,49,61,50,15,18,18,,77,33,32,34,27,24,58,32,49,49,28,38,37,36,38,5,9,27,17,2,,38,,34,23,22,61,28,1,19,26,4,3,7,5,41,43,,27,32,13,22,4,9,45,38,42,37,5,2,52,36,4,3,53,52,57,53,55,,94,,45,41,37,22,28,15,42,83,70,73,,42,39,36,16,89,84,57,68,93,47,50,73,65,46,60,43,58,87,90,82,104,93,57,,115,79,59,44,83,54,54,81,44,81,95,80,86,88,89,90,81,76,85,13,24,21,7,57,8,7,65,51,99,89,174,13,,16,42,40,11,43,9,54,57,45,18,16,15,28,35,91,3,21,34,63,60,113,112,15,5,18,65,68,39,70,15,50,11,57,67,37,39,7,5,65,46,31,22,81,74,81,16,43,7,38,66,45,94,86,88,91,32,53,30,38,13,47,41,47,20,11,32,16,64,58,48,60,57,65,,35,87,57,40,17,48,81,78,117,1,85,29,107,30,11,33,71,90,30,47,55,42,70,43
20170820,3,O3_8h_24h,32,43,43,12,24,34,9,4,46,63,25,5,,,32,,54,52,,,29,106,77,,66,22,,4,53,15,14,60,37,103,20,6,11,12,9,9,101,70,59,68,47,63,57,68,79,72,73,32,57,53,90,87,124,127,101,68,3,1,11,3,2,32,7,,16,71,55,61,46,38,61,99,98,81,98,88,,,74,95,77,48,58,63,98,93,53,4,43,22,12,62,27,4,22,,,8,47,23,46,,33,73,83,75,87,96,107,84,99,99,107,28,29,20,,23,22,17,21,30,15,16,20,12,,6,37,5,8,1,10,60,1,88,85,87,94,83,76,79,82,90,81,29,53,52,48,40,31,43,44,35,70,51,49,63,55,68,48,64,57,65,61,56,53,40,,,,53,21,,28,40,5,,19,20,33,,55,61,53,65,40,43,59,46,70,,,,64,68,,58,68,60,49,44,,49,25,27,25,30,19,36,46,,31,,24,,32,36,32,49,44,33,42,39,45,53,39,13,70,74,76,71,,72,64,60,13,34,10,30,63,75,,,71,,62,49,,68,59,51,54,53,48,,54,59,17,39,18,36,32,,22,27,21,9,12,17,36,50,53,1,36,,31,56,66,30,64,35,38,11,30,9,12,21,11,21,,23,37,33,36,56,20,34,45,,107,85,56,81,62,83,78,53,73,94,100,83,77,94,89,94,84,22,17,14,38,22,18,35,41,43,42,26,12,46,4,13,36,14,33,20,27,7,27,10,,3,3,15,15,17,36,6,4,5,17,31,13,24,11,6,9,35,7,,22,37,35,21,32,34,36,19,18,48,24,12,29,37,28,26,30,26,26,24,13,5,10,9,6,19,32,18,41,5,5,35,48,46,14,16,18,8,5,4,11,3,,19,12,5,17,111,,50,55,56,61,80,7,70,36,,65,34,74,37,20,,5,44,20,22,18,,28,115,14,25,31,17,16,18,19,9,3,18,13,27,28,14,15,8,53,33,48,60,28,49,78,57,51,64,52,38,57,15,87,54,60,44,50,81,64,117,62,77,50,,58,69,79,,,,97,102,5,5,2,7,110,,29,33,22,49,30,49,33,17,30,36,42,46,15,12,46,,91,72,62,93,82,101,114,104,118,68,42,36,58,38,27,19,16,17,26,15,36,73,52,66,53,9,5,,31,,49,,45,46,42,22,27,,,68,,69,49,50,,28,18,47,46,51,28,30,42,60,39,44,90,82,93,108,84,,55,,56,,28,37,52,46,71,78,63,98,106,89,94,89,88,75,81,59,,164,105,144,124,105,19,22,26,18,34,27,31,32,33,38,18,29,31,12,27,26,32,13,30,22,22,20,20,37,18,31,22,19,81,82,,15,9,,28,21,15,18,36,16,17,9,,,93,93,90,49,,85,,108,87,90,116,,129,124,,54,50,67,,45,12,38,30,7,29,104,29,52,36,,55,34,64,36,33,43,,9,2,24,3,19,31,19,11,8,9,21,,36,76,17,40,49,3,8,5,12,6,,17,72,73,26,64,56,4,7,14,11,14,48,48,43,24,34,49,67,54,62,,57,56,56,78,46,68,64,51,32,72,53,105,66,69,,63,74,77,49,57,84,81,81,89,81,84,79,74,102,74,69,74,111,100,108,67,111,85,,97,38,29,26,40,61,28,27,32,48,39,33,85,55,28,35,50,21,19,47,21,18,27,47,15,28,18,8,7,42,27,18,20,33,36,6,13,4,14,15,58,69,80,61,84,95,112,106,105,102,6,55,7,12,50,82,92,123,57,,,86,50,38,41,37,104,87,94,104,130,92,19,28,12,,24,30,38,68,78,69,53,71,52,46,54,7,12,5,2,46,10,61,56,65,37,60,58,61,,85,82,51,54,69,71,,103,106,99,111,118,78,55,80,101,73,47,61,38,40,41,44,77,81,24,45,58,44,146,46,77,61,80,28,26,55,43,45,88,72,82,92,85,84,48,73,57,75,63,,62,56,70,135,63,,66,56,61,43,47,75,71,51,50,55,,60,62,35,59,,26,57,56,,,56,39,20,38,62,58,57,78,,97,84,,22,56,18,42,62,66,64,100,94,68,100,,50,108,,104,111,143,99,,129,73,86,94,94,23,,22,98,83,100,56,26,78,66,,88,94,95,136,,,28,3,99,103,111,106,95,21,24,81,39,,49,52,40,64,35,8,14,46,5,52,21,21,25,20,8,6,17,2,2,7,4,37,,,23,29,34,31,11,5,12,12,21,14,6,17,38,28,42,26,4,8,,,3,3,4,54,18,16,21,65,47,39,54,8,32,,19,47,23,7,20,12,,18,30,44,,63,21,34,45,31,12,32,21,52,17,44,24,42,56,40,28,31,75,37,82,51,,50,19,23,21,63,67,64,58,54,69,,17,28,64,48,66,27,42,14,20,49,33,17,18,27,112,38,40,31,2,8,2,1,52,51,39,20,24,12,6,42,44,6,13,3,20,15,16,34,30,31,27,28,21,34,19,58,68,125,107,107,38,41,64,75,23,27,34,23,27,8,41,47,34,22,28,19,15,25,69,85,84,,51,88,83,102,,97,94,95,,94,86,72,76,76,89,97,99,85,99,74,88,84,78,90,86,86,,24,3,15,10,90,88,83,60,52,47,48,50,17,19,27,53,65,54,,48,43,,11,89,73,80,72,36,30,22,23,13,35,35,32,19,33,47,5,21,14,24,39,29,44,51,50,46,56,46,60,77,104,21,45,14,33,43,74,45,53,45,54,23,41,31,27,43,4,,,,3,5,,18,24,25,10,6,35,41,,37,24,8,30,35,13,10,28,33,6,8,5,36,34,12,8,38,4,24,19,50,95,101,68,86,104,78,101,59,30,63,48,51,38,60,49,107,71,63,,68,34,45,34,54,48,50,82,47,105,,40,28,,74,54,49,61,50,16,18,18,,84,34,34,38,32,35,62,36,49,52,28,39,38,36,40,5,11,38,26,2,,39,,36,26,23,61,28,1,21,26,4,3,10,8,43,44,,27,40,13,23,4,10,48,40,44,39,5,2,55,37,4,3,53,52,58,55,56,,99,,48,42,38,28,31,15,55,88,76,76,,56,46,42,16,89,84,69,70,95,51,58,73,75,54,71,43,58,87,90,82,104,93,59,,115,79,64,51,87,59,54,83,45,82,96,81,86,90,89,91,88,78,89,31,43,21,7,57,8,7,65,51,108,89,174,13,,24,42,40,21,43,9,65,61,59,18,16,24,35,38,91,3,45,48,66,74,116,121,27,5,18,72,69,42,70,17,53,15,57,75,39,48,8,5,65,50,45,39,91,74,88,16,43,13,41,74,54,99,94,100,92,32,57,30,39,29,65,62,47,33,15,32,19,76,65,55,69,74,65,,50,94,57,51,20,53,85,78,128,2,85,30,114,30,13,45,86,92,30,51,62,56,74,46
20170820,3,CO,1.1,1.1,1.2,0.9,1.3,1.1,1.1,1.4,0.9,1.2,1,1.2,,,1.2,,1.2,0.8,,,1.3,0.8,1,,0.6,1.2,,0.9,1.1,0.6,1.5,0.7,0.6,0.9,3.1,2.6,1.9,2.6,2.8,4.8,0.3,0.4,0.4,0.5,0.6,0.9,0.8,0.8,0.9,0.7,0.8,0.8,0.7,0.5,0.9,0.4,0.5,0.4,0.5,0.5,0.5,0.6,0.5,0.6,0.6,1,0.9,,0.9,0.9,0.3,0.2,0.6,0.4,0.6,0.4,1.2,1.1,0.9,0.8,,,0.8,0.7,1,1.1,1.1,0.8,0.7,0.9,0.8,1.1,1,1.2,1.3,1.1,0.8,1,0.8,,,0.8,0.7,0.9,0.8,,0.8,0.7,0.7,0.8,0.9,0.6,0.7,0.7,0.8,0.8,0.8,0.9,1,1.1,,0.9,0.7,1.2,0.8,0.9,0.8,0.8,1.2,0.6,,0.3,0.4,0.6,0.5,1.5,0.2,0.4,0.6,0.3,0.6,0.4,0.6,0.7,0.6,0.6,0.8,0.6,0.6,0.5,0.4,1.1,0.8,0.6,1,1,0.5,0.8,0.2,0.6,0.4,0.2,0.8,0.4,1.1,0.7,0.7,0.5,0.4,0.6,0.4,0.4,,,,0.9,1.1,,0.7,0.6,0.3,,1,0.3,0.3,,0.3,0.5,0.6,0.6,0.5,0.5,0.8,0.8,0.8,,,,0.5,0.3,,0.7,0.7,0.6,0.3,0.7,,0.5,0.6,0.2,0.3,0.3,0.4,0.8,0.5,,0.8,,0.7,,0.5,0.6,0.8,0.6,0.7,0.7,0.9,0.8,0.7,0.5,0.7,0.9,0.7,0.9,0.6,0.9,,0.5,0.4,0.4,0.6,0.4,0.5,0.7,1.1,0.9,,,0.6,,0.7,0.8,,0.1,0.4,0.4,0.6,0.6,0.2,,0.5,0.5,0.6,0.5,0.7,0.6,0.5,,0.6,0.6,0.7,1,0.8,0.7,0.8,0.7,0.5,1,0.1,,0.7,0.6,0.4,0.3,0.3,0.3,0.4,1.4,0.9,0.6,1.2,1,1,0.5,,1.7,1,1.4,1.6,1.1,1.4,1.1,1.3,,0.3,0.2,0.4,0.4,0.6,0.5,0.5,0.3,0.6,1.1,1.1,1.3,1.6,1.4,1.6,1.5,1,1.5,0.8,0.8,0.6,0.7,0.8,0.5,0.9,0.5,0.8,0.9,0.9,0.5,0.8,0.5,0.9,0.7,0.4,0.4,0.8,0.8,0.9,0.8,,1,0.6,1.3,1.1,1,0.6,1.2,0.8,0.7,0.7,0.6,0.7,0.8,1,0.6,0.6,0.6,0.7,0.6,0.3,0.3,0.5,0.5,,1,0.8,1,0.9,0.6,0.8,0.9,0.7,0.4,0.5,0.6,0.2,0.4,0.3,0.4,0.6,0.8,0.6,0.6,0.6,0.7,0.6,0.6,0.9,0.5,1,0.8,0.7,0.5,0.9,1.1,1.1,0.9,1.1,1.1,0.9,1.2,0.5,0.6,0.7,0.6,0.6,0.5,,0.8,0.6,0.8,0.5,1.2,0.9,0.9,0.7,,0.8,0.5,0.5,0.8,0.9,,0.8,0.6,1.4,0.9,0.9,,0.6,0.2,0.4,0.5,0.5,0.6,0.5,0.5,0.8,0.5,0.5,0.9,0.9,0.8,1,0.8,0.9,1,0.3,0.5,0.4,0.4,0.7,0.5,1.2,1.5,1.2,1.4,1.2,1,1.1,1.7,1.2,1.2,1.4,1.3,1.3,0.5,0.5,0.3,0.5,0.5,0.4,,0.8,0.6,0.6,,,,0.7,0.3,1.2,1.2,1.2,1.7,1.2,,0.8,0.4,2.9,0.5,0.6,0.4,0.4,0.5,0.5,0.4,0.6,0.3,0.5,0.8,1.1,,1.2,1.4,0.6,0.8,1.1,0.7,1.2,0.6,0.8,0.9,1.3,2.8,1,0.9,0.8,0.6,0.7,1,1.5,1.3,1.1,0.5,0.5,0.5,0.5,0.6,0.6,,0.6,,0.6,,0.6,0.6,0.7,0.7,1.2,,,0.8,,0.7,0.9,0.7,,5.5,1.2,1.2,1.2,0.8,1.1,0.4,0.4,0.8,0.4,0.4,0.5,0.2,0.5,0.3,0.5,,0.4,,0.7,,0.3,0.8,0.5,1,1.1,0.4,0.9,0.4,0.4,0.3,0.4,0.3,0.5,0.4,0.6,0.5,,0.9,1,0.9,0.8,0.6,0.5,0.6,0.6,0.6,0.6,0.5,1,0.8,0.8,0.6,0.5,0.6,0.3,0.5,0.4,0.4,0.8,0.7,0.7,0.6,0.7,0.5,0.9,0.8,0.8,0.5,0.6,0.9,1.1,1.3,,0.8,0.8,,0.7,0.8,1,1,0.5,0.8,0.5,0.4,,,1,1,1,1,,0.9,,0.9,1.1,1.2,1.1,,1.3,1.2,,1.5,2.2,1.4,,2.2,2.3,0.8,1.7,2.3,1.5,0.7,1.2,0.5,0.3,,0.4,0.7,1.2,0.9,0.9,0.9,,0.9,0.7,0.5,0.6,,0.9,0.9,1.1,0.9,1,1,0.8,1.4,0.6,0.7,1.5,0.9,0.7,0.7,0.5,0.8,0.5,,0.4,0.7,0.7,0.3,0.5,0.3,0.3,0.6,0.4,0.5,0.3,0.6,0.4,0.4,0.7,0.6,0.6,0.7,0.6,0.7,,0.6,0.9,0.5,0.6,0.4,0.6,0.9,0.2,0.2,0.6,0.3,0.5,1.4,1.9,,1.4,1.7,2.7,2.3,1.2,1.7,1.3,1.6,3.4,1.3,1.3,0.9,1.5,2.1,1.3,1.1,1.3,1.2,1,1.3,1.4,1.1,1,,1.1,0.8,1,1,1.2,0.8,0.8,0.7,1,0.3,0.6,0.6,0.4,0.5,0.6,0.6,1.3,1.2,1,0.7,1.1,1.2,1.1,1,0.4,0.7,0.5,0.6,0.5,0.2,0.6,0.7,0.7,0.9,1,1,1.5,0.8,0.6,0.4,0.6,0.5,0.6,0.6,0.9,1.1,1,1.2,1,1.1,1.8,0.2,1,0.7,0.4,0.4,0.6,0.4,0.6,,,0.5,0.7,0.7,0.6,0.9,0.9,0.6,0.6,0.6,0.5,0.6,0.8,0.5,0.2,,0.4,0.8,0.9,1.2,1.1,1.3,1.3,1.6,1.5,1.6,1.4,1.2,1.2,1.2,1.6,1,1,1.2,1.2,1.1,1.2,1.2,1,1,,0.9,0.9,0.3,0.3,0.2,0.5,,0.4,0.2,0.6,0.7,0.3,0.6,0.5,0.6,0.8,1.6,1.4,1.9,0.7,1.3,1.1,1.3,0.7,0.1,0.7,0.7,0.2,,0.5,0.2,0.4,,0.4,0.5,1,0.3,0.6,0.4,0.5,0.4,0.4,0.5,0.2,0.2,0.5,0.6,0.6,0.5,0.4,0.8,0.7,0.6,0.2,0.3,0.4,,0.5,0.7,0.8,0.7,1.1,0.6,0.7,0.4,0.7,0.7,,0.5,0.5,0.6,0.9,,0.8,0.6,0.5,,,0.3,0.3,0.6,0.4,0.6,0.3,0.3,1.2,,1.1,1,,0.8,0.6,2.7,1.4,1.9,1.5,1.4,2.3,0.9,1.5,1.1,,0.8,1.1,,1,0.9,1.1,1,,1.3,1.1,1.2,1,1,1.7,,2,1,0.6,0.5,0.4,0.5,0.3,0.3,,0.7,0.3,0.3,0.8,,,0.2,0.2,0.7,0.6,0.3,0.3,0.4,0.7,0.7,1,1.2,0.4,0.4,0.4,0.7,0.6,0.7,0.4,0.4,0.4,0.8,0.7,0.5,0.3,0.6,0.2,0.9,1,0.8,1.2,0.9,0.7,1.2,1,,,0.2,0.8,0.6,0.6,0.4,0.6,0.3,0.4,0.4,0.5,1.6,0.4,0.5,0.3,0.4,0.4,0.2,0.5,0.2,0.7,0.3,0.5,0.6,0.4,0.5,0.6,0.4,0.7,0.6,0.5,0.4,0.2,0.7,,0.5,0.6,0.6,0.7,0.8,0.4,,0.5,0.5,0.5,,0.3,0.7,0.8,0.8,0.8,0.9,0.6,1.2,0.8,1.2,0.4,1.1,0.4,0.5,0.5,0.9,0.4,0.3,0.3,0.4,0.7,,0.3,0.2,0.4,0.6,0.2,0.3,0.3,0.4,0.8,0.7,,0.6,1,0.4,0.5,0.5,0.7,0.6,0.7,0.6,0.7,1.1,1.9,0.7,0.8,0.6,0.8,0.9,0.8,0.7,0.7,0.6,0.8,0.6,0.7,0.7,0.7,0.9,0.8,0.9,1.2,0.2,0.8,0.8,0.8,0.7,0.5,0.8,0.6,1.3,0.3,0.7,0.6,0.3,0.3,0.3,1.4,1.1,0.9,0.6,1.3,0.8,,1,0.6,0.7,0.5,0.6,0.6,0.4,0.7,0.8,0.3,0.3,0.9,1.4,1,0.9,0.9,3.2,1.6,1.6,,1.4,1,0.9,0.9,,0.9,1,0.9,,1,0.9,0.9,0.9,0.8,1.5,1.1,1.7,1.3,1.3,1.2,0.7,0.8,0.8,1,1.3,1.2,,0.7,0.7,1.1,0.9,0.7,1,0.7,0.5,0.3,0.8,0.8,0.7,0.8,0.9,1.1,0.5,0.8,0.8,,0.9,0.7,,1.2,0.8,1,0.9,1.1,0.8,0.6,0.8,1,0.9,0.6,2.1,0.6,0.6,1.4,0.6,0.6,0.5,0.7,0.5,0.6,1,0.5,0.9,0.9,0.9,1.4,2,1.6,1.6,1,0.4,0.4,0.4,0.6,0.4,1.2,1.3,1.1,0.9,1.5,0.9,2.4,1.6,0.7,0.7,0.7,0.9,1.2,1,0.6,1,0.9,0.7,0.6,0.6,1.8,1.2,0.7,0.4,,0.8,1.1,0.8,1.4,0.8,1.2,1,1,1.3,0.4,0.9,0.6,0.4,0.6,0.7,0.4,0.7,0.6,0.4,0.7,0.8,0.3,0.5,0.5,0.4,0.5,0.4,0.4,0.6,0.7,0.7,0.7,0.3,0.3,0.4,0.3,0.5,0.7,1.1,,0.6,0.4,0.4,0.4,0.5,0.6,0.5,0.6,0.6,0.3,,0.6,0.6,,0.5,0.7,0.6,0.4,0.6,0.4,0.3,0.5,,0.4,0.7,0.6,0.5,0.7,0.3,0.4,0.6,0.2,0.5,0.3,0.4,0.5,0.5,0.5,0.5,0.9,0.6,0.6,1,0.7,0.6,,0.5,1.2,0.8,0.2,0.7,0.9,1,0.6,0.4,0.3,0.8,1,0.6,0.7,,0.3,0.3,0.6,0.7,0.6,0.1,0.6,0.7,0.7,0.5,1.3,0.9,0.9,0.3,0.7,0.6,0.4,0.3,0.4,0.2,0.9,,0.2,,0.3,0.2,0.4,0.9,0.9,0.9,1,1.1,1.3,1.2,,0.8,0.6,0.6,0.7,0.3,0.5,0.2,0.5,0.7,0.5,0.4,0.4,0.4,0.6,0.7,0.2,0.2,0.9,1,1,0.1,0.2,0.4,,0.6,0.6,0.1,1.4,0.6,0.8,0.6,1,0.5,0.6,0.8,0.6,0.7,0.4,0.4,0.6,1.8,0.8,1,1,0.8,1.3,1.7,0.3,1.5,0.8,0.4,0.3,0.9,0.6,1.3,0.9,,1.1,0.9,0.6,1.7,0.8,1.5,0.8,0.7,0.8,0.8,0.7,0.8,1.3,0.3,1.1,0.9,1.2,0.8,1,0.9,1,1.4,1.7,1,0.6,0.5,0.4,0.7,0.8,0.4,0.3,0.6,0.4,0.8,1.1,0.8,2,0.8,0.3,0.2,0.8,1.5,0.5,0.6,0.6,0.4,0.6,0.8,0.7,0.7,1.1,1,0.7,0.6,0.4,1.5,0.3,0.4,0.4,0.6,1,0.9,0.7,0.5,0.6,0.7,0.6,0.7,0.5,0.8,0.4,0.5,1.8,,1.5,1.1,1.2,0.9,0.9,0.6,0.7,0.4,0.9,0.6,0.6,0.4,1.1,1.4,0.2,1.1,1.7,0.3,0.6,0.2,0.4,0.9,0.3,1
20170820,3,CO_24h,1.1,0.8,1.1,0.9,1.1,0.9,1,1.2,0.9,1,0.9,1,,,1,,0.8,0.6,,,0.9,0.7,0.8,,0.7,1,,0.9,0.8,0.6,1.5,0.8,0.6,0.7,2.1,2,2,1.9,2.4,2.2,0.5,0.5,0.5,0.5,0.5,0.8,0.8,0.9,0.9,0.6,0.7,0.7,0.6,0.5,0.7,0.5,0.5,0.5,0.8,0.5,0.5,0.5,0.5,0.6,0.5,1.3,1,,1.1,0.9,0.4,0.3,0.6,0.4,0.7,0.5,1.2,0.9,1,1,,,1,0.8,1.3,1.2,1.3,1.1,0.8,1.2,0.8,1.1,1,1.1,1.2,1.2,0.8,1,0.8,,,1,0.9,1,0.9,,1,0.8,0.8,0.9,1,0.6,0.8,0.8,0.9,0.8,1.3,0.9,1,1.1,,1,0.7,0.9,0.8,0.9,0.8,0.6,1,0.6,,0.4,0.6,0.6,0.6,1.3,0.3,0.3,0.7,0.4,0.8,0.5,0.8,0.8,0.7,0.8,0.6,0.6,0.6,0.8,0.6,1.6,1.1,0.9,1.3,1.2,0.8,0.9,0.4,0.7,0.5,0.3,0.9,0.4,1.1,0.8,0.8,0.6,0.5,0.7,0.5,0.4,,,,0.9,0.6,,0.6,0.7,0.4,,1,0.3,0.4,,0.5,0.6,0.7,0.7,0.6,0.7,0.8,1,0.6,,,,0.6,0.5,,0.8,0.9,0.8,0.5,0.8,,0.7,0.7,0.4,0.4,0.4,0.5,0.8,0.5,,0.8,,0.8,,0.5,0.6,0.8,0.6,0.7,0.7,0.8,0.7,0.6,0.6,0.7,0.9,0.7,0.8,0.6,0.9,,0.5,0.4,0.4,0.7,0.5,0.5,0.7,1.1,0.7,,,0.7,,0.8,0.8,,0.2,0.5,0.6,0.6,0.6,0.3,,0.6,0.5,0.5,0.5,0.7,0.7,0.6,,0.6,0.7,0.8,0.9,0.8,0.5,0.9,0.7,0.5,0.9,0.2,,0.6,0.6,0.5,0.3,0.3,0.4,0.4,1.4,0.6,0.6,1.1,1,0.9,0.5,,1.5,1.1,1.5,1.1,1,1.3,1.1,1.1,,0.3,0.3,0.4,0.4,0.6,0.6,0.5,0.2,0.7,1,1.1,1.3,1.4,1.1,1.4,1.5,1,1.4,0.7,0.8,0.6,0.6,0.7,0.4,0.7,0.5,0.6,0.8,0.7,0.5,0.6,0.6,0.6,0.6,0.4,0.4,0.6,0.7,0.7,0.7,,0.8,0.7,0.7,0.9,0.8,0.6,0.9,0.6,0.7,0.7,0.6,0.7,0.7,0.8,0.6,0.6,0.6,0.5,0.6,0.3,0.4,0.4,0.5,0.5,1,0.7,0.5,0.7,0.6,0.7,0.8,0.8,0.5,0.5,0.6,0.2,0.5,0.4,0.4,0.7,0.9,0.7,0.7,0.6,0.7,0.6,0.6,0.7,0.5,0.9,0.9,0.7,0.5,0.9,1,1,0.8,0.9,1,0.8,1,0.5,0.5,0.7,0.5,0.6,0.5,,0.8,0.6,0.8,0.6,1.1,0.8,0.8,0.7,,0.7,0.5,0.4,0.8,0.8,,0.7,0.6,1,0.9,0.8,,0.6,0.2,0.4,0.4,0.6,0.5,0.4,0.4,0.6,0.4,0.5,0.6,0.8,0.6,0.9,0.5,0.8,0.8,0.4,0.7,0.4,0.4,0.7,0.5,1.3,1.6,1.3,1.5,1.2,1.1,1.2,1.6,1.3,1.4,1.5,1.4,1.3,0.7,0.8,0.4,0.6,0.6,0.4,,0.9,0.7,0.6,,,,0.8,0.5,0.8,1,0.7,1,0.7,,0.8,0.7,1.2,1.2,0.7,0.8,0.4,0.5,0.5,0.6,0.7,0.3,0.5,0.3,0.9,,1.2,1.5,0.9,0.9,1,0.8,1.2,0.7,0.8,1,0.7,1.9,0.8,0.9,0.8,0.7,0.7,1.1,1.2,1.2,0.9,1,1,1.1,0.8,0.6,0.5,,0.6,,0.5,,0.8,0.9,0.7,0.9,0.9,,,1.1,,1,1.1,0.9,,1.5,1.3,1.2,1.4,0.9,1.3,0.4,0.4,0.7,0.3,0.3,0.6,0.4,0.7,0.5,0.6,,0.5,,0.7,,0.4,0.9,0.7,1.1,1.3,0.6,1.2,0.5,0.4,0.4,0.5,0.4,0.6,0.6,0.7,0.6,,0.9,0.9,0.8,1,0.7,0.7,0.6,0.6,0.7,0.6,0.6,0.6,0.4,0.7,0.4,0.5,0.6,0.4,0.5,0.5,0.4,0.8,0.8,0.7,0.6,0.7,0.5,0.8,0.7,0.9,0.5,0.6,0.7,1,1.2,,0.9,0.8,,0.7,0.9,0.9,0.7,0.7,0.6,0.6,0.5,,,0.9,1.1,1.1,1.2,,1.2,,1.4,1.2,1.3,1.2,,1.3,1.4,,1.6,1.8,1.4,,1.6,1.4,0.8,1,1.2,1.4,0.8,1.1,0.5,0.5,,0.8,0.9,1.8,1.4,1.1,1.1,,0.9,0.8,0.6,0.6,0.5,0.8,0.9,1.2,1.2,1.1,1,0.8,0.8,0.8,0.6,1.2,1.1,0.7,0.7,0.5,0.7,0.5,,0.4,0.8,0.8,0.3,0.6,0.3,0.3,0.6,0.4,0.4,0.4,0.6,0.5,0.4,0.6,0.6,0.8,0.9,0.6,0.9,,1.1,0.9,1.2,0.8,0.6,0.7,1,0.4,0.3,0.6,0.4,0.5,1.1,1.8,,1.2,1.5,2.3,2,1.1,1.8,1.3,1.5,2.4,0.9,1,0.8,1,1.6,1.4,1.1,1.1,0.9,0.8,1.1,1,1,0.8,,0.9,0.8,1.1,0.9,1.2,0.8,0.8,0.7,0.9,0.4,0.6,0.5,0.3,0.5,0.6,0.6,1.2,1.1,1,0.6,1.1,1.2,1.1,1,0.4,0.7,0.5,0.7,0.6,0.3,0.8,0.7,0.6,0.8,0.5,0.8,0.8,0.8,0.5,0.4,0.6,0.6,0.6,0.6,1,1.3,1,1.3,1,1.1,1.7,0.6,1,0.9,0.3,0.3,0.4,0.4,0.6,,,0.6,0.7,0.7,0.6,0.8,0.8,0.5,0.5,0.6,0.4,0.6,0.9,0.4,0.4,,0.3,0.8,0.8,1.3,1.2,1.4,1.4,1.5,1.5,1.6,1.4,1.1,1.2,1.2,1.4,0.9,0.9,1.1,1.1,1.1,1.2,1.2,1.1,1.1,,1,1,0.3,0.2,0.2,1.1,,0.6,0.6,0.4,0.7,0.3,0.7,0.5,0.7,0.8,1.5,1.2,1.8,0.6,0.7,0.8,0.8,0.8,0.2,0.5,0.6,0.3,0.8,0.7,0.4,0.5,0.1,0.6,0.7,1.1,0.5,0.6,0.4,0.6,0.4,0.5,0.6,0.5,0.4,0.7,0.8,0.8,0.7,0.5,0.9,0.6,0.6,0.6,0.6,0.6,,0.6,0.9,0.8,0.7,0.9,0.6,0.8,0.4,0.7,1,,0.6,0.5,0.6,0.8,,0.8,0.7,0.6,,,0.4,0.2,0.5,0.4,0.6,0.4,0.4,0.9,,0.9,0.9,,0.8,0.5,1.7,1.3,1.6,1.3,1.4,1.5,1.1,1.2,1.3,1.5,0.9,1.2,,1.1,1,1.5,1.3,,1.6,1.4,1.1,1.1,1.1,1.9,,2.1,1.6,0.9,0.9,0.5,0.4,0.4,0.5,,0.8,0.5,0.4,0.8,,,0.5,0.3,0.6,0.6,0.5,0.7,0.5,0.5,0.5,0.8,0.7,0.2,0.5,0.6,0.5,0.8,0.6,0.6,0.3,0.5,0.8,0.7,0.6,0.3,0.8,0.4,0.9,1.1,0.9,0.8,0.9,0.8,1.2,1,,,0.2,0.8,0.7,0.6,0.4,0.6,0.4,0.4,0.5,0.5,1,0.6,0.9,0.4,0.6,0.4,0.4,0.5,0.3,0.4,0.3,0.5,0.6,0.3,0.5,0.5,0.4,0.7,0.6,0.5,0.5,0.3,0.8,,0.5,0.6,0.5,0.6,0.7,0.3,,0.5,0.4,0.3,,0.4,0.7,0.6,0.7,0.8,0.8,0.5,0.9,0.4,0.8,0.3,0.7,0.5,0.6,0.5,1,0.4,0.5,0.4,0.6,0.8,,0.5,0.2,0.4,0.5,0.2,0.4,0.4,0.5,0.7,0.6,,0.7,0.6,0.5,0.6,0.4,0.7,0.7,0.7,0.6,0.7,1.7,1.5,0.8,1.2,0.6,0.9,1,0.9,0.6,0.8,0.6,0.6,0.7,0.9,0.8,0.7,1.1,0.9,1.1,0.9,0.3,0.9,1,0.9,1.1,0.5,0.7,0.7,1.8,1,0.7,0.9,0.4,0.3,0.3,1.2,0.9,1,0.7,1.2,0.7,0.9,0.9,0.6,0.7,0.6,0.8,0.7,0.6,0.7,0.8,0.5,0.4,0.9,1.3,1.1,0.8,1.2,1.9,1.5,1.5,,1.3,1.1,1.1,1.2,,1.2,1.2,0.7,,0.7,0.6,0.6,0.7,0.5,1.2,0.8,1.4,1,1,1,0.6,0.7,0.6,0.7,0.9,0.9,,0.8,0.7,0.9,0.8,0.7,1.1,0.8,0.5,0.5,0.8,0.9,0.8,1.1,0.7,1.4,0.6,0.8,0.8,,0.8,0.6,,1.1,0.8,1,0.9,1,0.9,0.6,0.8,1,0.8,0.6,0.7,0.8,0.7,0.9,0.8,0.5,0.5,0.7,0.5,0.6,1,0.4,0.8,0.8,1,1.2,1.8,1.6,1.5,1,0.4,0.4,0.4,0.4,0.4,1.2,1.2,1,0.9,1.3,0.9,2.3,1.5,0.9,0.8,0.8,1,1,1.1,0.8,1.1,0.9,0.8,0.8,0.6,1,0.9,0.7,0.5,,0.7,1,0.6,1.1,0.8,1.1,0.8,0.8,1.3,0.4,0.8,0.6,0.4,0.5,0.7,0.4,1,0.7,0.5,0.9,0.8,0.4,0.6,0.7,0.4,0.6,0.5,0.5,0.5,0.6,0.6,0.6,0.2,0.3,0.3,0.3,0.4,0.6,1,,0.5,0.4,0.4,0.4,0.5,0.6,0.4,0.6,0.7,0.3,,0.6,0.7,,0.5,0.6,0.6,0.5,0.5,0.7,0.5,0.5,,0.5,0.7,0.6,0.6,0.7,0.6,0.4,0.5,0.3,0.5,0.4,0.3,0.5,0.5,0.4,0.5,1,0.6,0.6,0.9,0.7,0.6,,0.5,1.3,0.9,0.2,0.6,0.8,0.9,0.7,0.4,0.3,0.8,1,0.6,0.8,,0.5,0.4,0.7,0.7,0.6,0.1,0.6,0.8,0.7,0.6,1.3,0.8,0.9,0.4,0.7,1,0.5,0.4,0.4,0.3,0.9,,0.2,,0.3,0.2,0.6,1,0.9,1,1.1,1.3,1.4,1.2,,0.8,0.7,0.8,0.9,0.7,0.7,0.2,0.5,0.6,0.5,0.5,0.4,0.4,0.5,0.6,0.5,0.5,0.8,1,0.9,0.2,0.3,0.4,,0.9,0.8,0.1,1.2,0.8,0.9,0.6,1.1,0.5,0.6,1,0.9,0.9,0.7,0.7,0.7,1.6,1,1.2,0.9,0.9,1.5,1.6,0.3,1.1,0.8,0.4,0.4,0.9,0.6,1.1,0.5,,0.5,0.9,0.5,0.9,0.8,0.9,0.7,0.7,0.7,0.8,0.7,0.6,1.1,0.4,1.2,0.7,1,0.8,0.8,1.1,1.1,1.8,1.8,0.5,0.6,0.7,0.4,0.8,0.9,0.4,0.5,0.7,0.5,1.1,1.1,0.8,1.9,1.4,1.1,0.3,1.1,1,0.4,0.8,0.5,0.4,0.5,1.1,0.7,0.7,0.8,1.3,0.6,0.6,0.6,1.4,0.4,0.5,0.5,0.8,0.6,0.8,0.7,0.7,0.5,0.9,0.6,0.8,0.5,0.7,0.4,0.5,1.7,,1.2,1.3,1,0.9,0.9,0.6,0.8,0.3,0.8,0.6,0.7,0.5,1,1.4,0.3,0.7,1.4,0.4,0.4,0.2,0.3,0.7,0.3,0.9
20170820,4,AQI,73,70,102,57,110,90,63,77,64,77,90,77,,,82,,88,74,,,88,77,68,,97,95,,87,108,87,102,71,87,52,74,71,99,74,83,80,33,43,47,44,51,98,149,100,90,73,65,97,107,78,72,59,49,54,67,70,48,42,44,53,43,54,59,,55,62,63,87,73,67,70,87,87,103,87,67,,,64,65,58,66,64,69,111,73,104,104,96,140,108,92,32,37,43,,,55,44,41,42,,58,26,30,25,30,34,36,25,33,30,34,44,63,37,,38,14,26,29,17,26,122,78,54,,77,81,83,69,57,43,53,62,24,23,18,25,19,17,21,18,21,20,17,21,23,18,15,13,23,16,21,24,19,17,21,18,22,16,17,18,18,17,20,18,54,,,,53,29,,46,22,39,,40,26,18,,14,21,14,18,22,21,14,15,31,,,,24,27,,33,23,24,16,23,,16,19,33,20,23,29,30,,,31,,35,,38,30,33,29,30,30,34,33,31,25,34,27,34,50,50,52,,43,46,57,54,46,55,45,67,57,,,20,,32,25,,49,29,35,26,26,25,,19,23,59,58,75,29,33,,28,25,24,28,22,44,24,23,20,21,45,,58,46,55,55,45,28,36,69,79,64,85,85,69,26,,70,74,100,99,92,124,113,118,,32,37,37,45,32,25,34,84,34,67,68,79,75,79,63,68,70,80,89,65,81,63,60,96,71,54,85,47,64,30,72,60,48,55,38,34,46,52,40,37,,44,39,36,78,39,57,33,52,22,29,23,23,25,59,29,27,22,21,42,15,16,14,18,60,32,33,20,15,23,58,54,14,14,12,9,23,31,28,23,28,28,29,24,28,40,47,38,56,33,67,45,31,49,52,71,42,47,64,57,47,65,23,12,25,19,15,31,,49,33,51,45,33,73,53,58,,35,57,53,37,66,,30,46,40,30,61,,30,53,35,41,17,36,36,51,45,35,53,42,34,25,42,44,30,55,18,12,19,19,21,20,82,73,56,67,74,67,67,103,59,59,54,73,75,28,47,35,45,21,16,,20,17,69,,,,55,55,51,77,101,58,58,,56,43,69,45,47,40,54,50,40,39,39,35,30,42,44,,73,95,84,84,103,79,65,59,67,75,84,114,60,65,34,25,31,41,62,72,51,22,37,25,40,68,52,63,33,,54,,37,38,57,37,72,,,59,,61,32,29,,72,61,69,77,52,25,57,39,58,46,79,24,29,27,35,24,,54,,59,,56,35,28,36,36,22,55,25,18,17,30,26,26,45,37,42,,89,88,65,64,75,49,53,23,39,26,44,35,16,23,26,22,19,10,20,16,27,41,62,49,20,21,29,50,53,56,20,26,26,93,102,,50,52,,28,36,32,35,23,66,42,36,,,61,,77,87,,39,,54,46,63,64,,63,57,,67,85,77,,89,97,84,97,109,84,52,64,51,40,,29,29,38,30,35,30,,52,,20,28,20,58,35,31,44,50,58,36,67,54,54,60,48,32,41,34,31,41,,16,32,42,53,19,41,88,39,54,32,38,31,39,35,29,23,19,27,21,31,,21,23,25,28,54,40,37,22,54,57,63,31,108,163,,100,115,103,113,78,82,68,78,78,64,70,70,77,123,115,138,100,84,108,77,99,89,88,,78,44,49,42,51,44,56,45,58,48,45,44,36,43,54,52,36,52,52,30,40,59,16,22,26,53,51,64,18,15,14,35,50,58,65,62,71,69,23,16,39,39,39,38,32,39,40,34,53,52,53,20,67,33,79,63,72,60,77,,,69,24,32,29,62,39,57,57,67,51,48,76,41,72,,39,29,38,53,59,56,62,46,58,64,55,61,70,86,95,83,77,65,63,55,56,80,59,70,,70,73,32,16,19,27,,30,30,64,57,41,26,56,30,44,81,75,81,34,31,80,77,35,36,55,37,33,43,,33,29,29,32,18,49,40,60,42,28,24,25,30,22,27,19,26,27,18,15,14,18,19,25,42,19,,17,22,30,23,36,24,24,20,22,20,,16,17,40,39,,48,36,39,,,35,29,49,38,19,20,28,57,,77,79,,68,77,108,112,93,102,88,90,55,74,35,41,39,69,,52,58,74,66,,59,68,63,45,48,108,,67,32,29,36,27,70,32,29,,56,72,71,74,,,36,37,33,33,38,43,30,65,58,70,83,64,30,48,64,54,69,34,63,52,54,54,43,41,45,35,36,25,32,35,32,34,26,31,,,47,20,24,27,25,51,53,52,39,41,96,11,43,28,32,16,23,13,19,40,44,60,54,22,31,54,22,51,46,32,25,35,24,,63,33,65,35,33,39,,46,57,54,,29,54,50,67,33,37,43,72,43,28,37,54,38,30,38,37,35,22,22,25,29,,27,38,42,31,29,20,15,18,43,29,,54,69,24,23,38,55,46,50,24,41,58,50,54,46,56,51,62,52,58,53,64,54,40,33,35,53,63,72,84,74,13,53,40,38,48,45,57,52,55,42,34,43,45,47,36,117,92,64,72,95,75,85,65,65,36,39,46,29,44,48,52,48,48,46,42,44,48,61,66,69,64,,82,75,70,52,,55,49,79,,79,113,90,93,97,108,62,89,82,102,100,77,80,57,102,107,100,,41,60,77,57,25,35,38,31,48,52,39,72,51,49,52,25,38,43,,44,45,,57,40,35,29,53,33,24,19,52,53,50,54,42,52,58,39,50,53,58,69,57,42,51,58,35,47,28,64,70,44,60,28,26,41,29,23,28,35,41,54,62,39,47,50,44,43,20,39,60,65,64,72,72,55,26,25,64,55,55,54,,68,75,43,46,49,47,65,58,48,29,56,54,45,56,29,30,26,42,29,53,60,48,48,63,52,45,39,54,46,48,40,48,57,42,38,53,58,75,60,,55,55,42,38,,47,58,51,39,43,,24,32,,49,67,56,60,58,5,5,10,,23,12,22,24,22,30,49,40,32,52,29,15,17,17,18,56,48,69,53,54,29,14,,17,23,12,46,50,83,52,18,42,25,23,32,22,21,,25,23,21,23,29,25,16,26,14,13,29,31,32,13,44,39,23,20,18,16,18,,27,,14,14,26,48,50,33,64,61,51,56,,26,20,30,20,29,26,18,49,50,,18,21,20,47,55,24,38,52,52,54,44,31,54,,38,27,43,39,26,29,18,52,15,39,36,42,38,25,28,28,65,76,62,88,85,57,86,19,52,52,47,49,42,47,73,195,,151,166,100,98,35,69,17,17,14,37,42,66,29,35,65,26,104,89,72,83,82,68,113,56,34,23,50,32,21,46,38,39,36,81,42,17,54,32,27,40,53,32,54,20,26,18,64,74,69,51,70,37,47,56,58,56,22,27,14,43,38,37,15,35,39,25,42,21,26,54,49,55,69,,88,52,142,105,,73,67,27,75,28,60,28,87,55,22,95,65,29,55,34,38,58,27,64
20170820,4,PM2.5,53,51,76,40,83,67,44,56,46,56,67,56,,,60,,65,54,,,65,56,49,,72,71,,63,81,64,76,43,64,28,54,41,63,41,50,55,23,30,28,22,22,73,114,75,67,53,47,72,80,57,52,42,33,24,48,39,7,9,24,15,30,38,42,,29,44,43,64,48,48,51,62,56,77,46,48,,,46,46,37,38,46,36,63,50,66,66,55,69,81,68,17,24,25,,,24,25,20,29,,28,17,8,15,14,12,12,13,23,19,21,20,12,13,,12,7,7,11,10,13,36,32,17,,28,21,31,17,22,13,27,28,11,11,,10,,11,12,6,3,14,3,,,,2,,,3,,,13,10,13,1,13,6,9,11,11,10,14,12,17,,,,37,12,,10,15,21,,27,18,12,,,7,4,,15,6,,,14,,,,13,15,,23,15,14,9,9,,5,13,13,14,12,17,21,,,9,,24,,26,18,20,18,21,21,21,23,12,14,21,14,20,35,35,36,,30,30,35,38,25,30,31,48,34,,,7,,22,17,,23,18,24,14,18,17,,13,14,40,40,55,20,18,,12,10,5,12,9,23,12,6,7,12,26,,21,24,26,27,31,9,22,44,28,14,50,34,39,18,,41,54,75,74,68,94,85,89,,5,5,17,12,22,10,8,24,5,48,49,58,55,58,45,49,51,40,34,28,26,23,43,34,22,20,28,20,34,21,42,35,26,26,26,22,28,36,21,23,,21,20,25,54,27,40,23,24,12,14,10,14,16,33,11,13,14,11,23,9,11,7,12,43,15,23,6,8,16,38,30,8,7,8,,12,18,14,16,19,19,20,15,19,25,29,26,24,23,38,25,19,27,25,37,23,24,25,22,30,32,4,8,17,5,10,20,,26,23,29,12,12,27,19,30,,23,16,14,22,17,,16,32,28,15,23,,20,29,8,25,6,21,10,16,31,18,13,14,14,17,9,20,14,23,2,4,8,,3,4,60,53,39,47,54,48,48,46,42,40,36,53,52,19,23,8,13,13,1,,13,10,26,,,,22,15,29,29,57,41,17,,10,19,44,31,25,28,38,35,28,14,19,24,16,19,20,,47,71,62,62,77,44,47,42,48,52,62,86,35,47,19,12,19,20,38,43,26,15,23,16,28,29,27,34,15,,38,,10,11,15,12,52,,,42,,39,22,20,,29,32,31,56,26,17,22,17,22,12,46,5,12,11,10,9,,30,,34,,26,24,19,25,25,15,18,7,5,5,11,,17,22,17,29,,66,65,47,46,55,34,29,16,23,18,27,9,11,16,18,15,13,1,11,11,15,26,32,34,14,8,20,27,28,26,14,18,8,69,76,,33,34,,19,25,22,19,16,30,26,6,,,41,36,56,43,,27,,38,32,45,46,,45,40,,48,63,56,,66,66,62,56,67,61,31,26,31,28,,20,14,15,21,23,21,,28,,7,14,12,30,12,19,24,13,24,5,48,38,38,31,32,13,15,8,10,15,,11,22,22,27,13,20,16,18,16,15,26,13,27,20,16,10,5,7,5,4,,6,9,9,4,22,18,23,15,27,29,28,13,71,124,,75,87,71,85,57,60,49,57,57,46,51,51,56,93,87,105,75,62,81,56,74,66,65,,57,19,21,29,18,17,28,27,32,33,31,28,22,22,38,30,25,30,36,14,15,21,11,15,16,34,31,28,11,8,,12,35,41,47,42,41,25,6,2,27,27,27,26,22,24,28,22,37,32,25,12,22,12,58,45,52,43,56,,,50,16,17,20,44,27,40,34,42,32,33,15,20,27,,27,20,26,32,42,39,44,32,41,33,39,30,11,38,71,45,56,30,45,34,36,40,35,35,,51,53,4,11,10,12,,16,3,41,36,4,12,12,11,17,21,40,33,22,20,59,56,8,,39,21,19,14,,18,20,20,10,9,21,21,14,15,10,7,10,18,5,1,11,9,12,6,5,,7,6,17,29,13,,4,6,21,10,25,8,13,11,15,3,,4,1,21,23,,33,21,23,,,22,20,23,12,7,6,19,40,,56,58,,32,56,81,84,69,76,65,67,27,33,22,,27,50,,36,41,54,42,,42,49,45,29,33,48,,48,16,20,25,9,51,21,20,,39,41,28,54,,,7,13,17,18,26,12,18,47,41,51,61,31,16,33,30,37,50,20,35,30,31,33,30,24,22,24,15,17,17,16,11,18,11,9,,,10,12,13,17,17,21,35,14,27,17,26,5,30,8,22,7,7,9,6,27,24,21,16,11,16,20,15,26,30,22,7,12,11,,43,18,47,14,18,18,,18,40,15,,18,38,35,46,23,25,16,52,30,19,17,38,26,15,25,5,15,7,7,10,7,,10,9,29,15,5,8,8,1,13,20,,35,43,6,3,7,29,32,28,15,16,41,35,38,32,36,34,44,36,32,27,28,24,28,23,19,37,41,52,44,54,6,25,17,26,15,26,32,20,25,29,22,30,31,26,25,88,68,45,52,71,55,63,41,47,24,24,21,20,27,33,36,33,33,32,29,30,29,31,46,47,46,,60,55,51,36,,39,34,58,,58,85,67,69,72,81,44,66,56,76,75,56,59,26,76,80,75,,20,33,6,38,17,24,26,19,33,36,27,52,28,29,11,17,20,19,,16,31,,20,28,24,20,37,17,14,13,34,37,35,21,21,29,34,22,32,36,39,50,40,22,13,41,14,17,18,46,26,12,15,15,18,26,20,5,16,18,23,12,30,21,32,24,22,30,14,17,25,43,36,52,52,21,18,17,42,32,39,37,,42,43,30,32,34,31,38,41,31,12,24,18,23,23,20,21,9,9,10,5,41,33,33,32,36,31,16,38,32,30,28,30,22,15,18,37,41,55,34,,12,34,29,25,,22,23,31,27,30,,14,17,,12,25,29,34,18,3,3,7,,3,8,15,12,13,20,34,25,6,17,20,8,8,10,6,8,13,28,34,14,11,9,,4,8,8,25,27,25,7,10,29,8,13,14,15,14,,5,10,14,8,11,7,5,18,7,4,14,14,,2,8,11,3,2,3,,10,,1,,2,2,18,26,34,23,38,25,29,26,,14,12,13,14,11,9,6,21,35,,12,2,11,32,29,14,19,36,36,38,21,17,18,,9,7,30,27,18,20,6,36,2,18,12,5,21,6,5,15,19,21,19,22,30,36,43,6,29,22,12,15,14,15,17,73,,107,64,69,65,19,43,8,9,6,11,29,26,16,19,47,16,78,66,52,56,60,49,52,31,19,13,35,16,10,29,26,26,25,59,29,11,16,14,5,28,31,17,38,5,17,12,46,44,37,32,51,25,28,25,33,21,15,18,6,13,22,23,8,18,24,17,20,13,13,17,18,12,50,,65,36,108,79,,53,48,14,55,14,24,19,64,30,15,71,47,9,39,14,10,35,9,46
20170820,4,PM2.5_24h,42,41,44,38,45,45,38,42,35,43,44,49,,,39,,39,38,,,35,36,25,,36,40,,58,62,50,70,47,55,41,38,37,50,42,51,42,16,20,28,17,25,76,93,91,67,42,38,56,55,48,43,31,36,16,29,32,13,9,21,14,22,38,33,,37,29,35,40,44,42,45,55,50,59,51,37,,,38,31,35,32,32,33,49,46,48,58,45,48,59,53,17,25,31,,,28,32,25,28,,32,20,17,19,18,15,22,17,23,19,17,15,12,10,,10,6,6,8,10,12,23,21,12,,26,22,23,25,22,18,16,22,32,33,40,34,26,38,33,29,28,32,15,13,15,11,20,8,15,17,9,25,24,23,20,18,25,22,22,30,28,24,31,27,15,,,,25,14,,11,15,19,,32,29,25,,20,29,22,23,29,26,26,27,24,,,,24,24,,32,30,27,20,24,,23,15,14,14,13,18,20,12,,5,,19,,14,27,26,16,32,26,27,30,29,26,28,19,24,31,33,26,,32,26,26,43,34,35,45,42,28,,,20,,33,33,,29,34,35,21,24,19,,26,20,33,37,42,20,25,,17,21,15,16,21,25,24,20,17,19,34,,34,36,36,41,34,15,26,34,23,20,40,32,31,25,,30,35,48,29,40,46,55,48,,14,14,14,10,15,11,15,10,17,47,52,59,52,53,143,47,46,50,23,18,18,18,31,24,20,23,20,16,27,21,28,26,20,22,23,18,22,27,25,22,,25,23,24,43,19,42,23,27,16,16,15,14,11,24,14,13,14,13,27,8,13,6,14,28,31,28,13,19,24,39,35,16,14,13,5,12,15,18,24,28,28,38,31,20,24,26,23,19,22,33,32,33,29,25,26,22,20,24,28,31,32,6,7,11,8,10,17,,22,15,22,13,9,16,16,19,,16,11,11,16,13,,15,26,24,13,19,,17,20,7,17,6,14,9,11,19,15,7,17,12,17,11,18,23,20,10,6,6,5,10,3,50,44,38,47,51,53,42,60,34,36,37,55,44,25,27,13,25,20,8,,30,31,25,,,,25,17,14,18,22,21,17,,12,19,28,27,22,22,30,28,23,20,21,12,18,18,22,,40,55,57,49,52,52,59,47,59,57,30,50,20,23,15,17,17,18,34,30,31,33,31,27,30,28,25,28,25,,18,,12,13,14,13,41,,,47,,41,27,28,,32,28,29,38,34,28,17,12,11,7,27,22,21,21,21,25,,30,,29,,22,22,23,20,20,21,24,12,7,9,17,15,19,20,19,29,,56,51,50,46,52,18,22,16,26,20,30,10,10,10,11,13,11,5,11,16,21,28,37,39,13,12,17,29,25,29,11,13,13,43,48,,34,26,,26,34,27,30,17,22,23,7,,,36,38,46,29,,27,,32,29,36,39,,34,39,,50,58,51,,52,44,50,46,48,40,22,18,20,24,,15,11,12,18,17,13,,28,,13,17,10,21,12,16,23,12,18,13,29,32,26,28,29,13,10,8,9,10,,8,24,16,22,18,25,16,21,23,20,10,10,20,19,15,16,20,20,20,21,,19,24,19,24,26,25,28,19,28,26,35,15,51,82,,57,69,54,62,54,66,57,57,68,45,46,49,54,67,62,66,62,35,50,38,50,41,45,,39,17,22,18,15,14,21,20,22,24,23,31,20,20,25,24,23,27,27,8,17,20,13,12,15,23,24,18,20,11,9,18,25,26,25,25,32,22,9,7,25,26,24,28,18,26,31,24,34,26,22,18,16,18,33,31,36,23,49,,,41,15,15,22,30,24,28,31,33,32,28,18,20,12,,20,20,17,35,41,36,40,27,35,33,36,33,26,42,49,56,63,61,74,60,74,60,62,29,,36,34,8,13,6,21,,17,20,20,22,6,8,17,12,17,25,37,18,26,25,34,35,16,16,13,9,20,16,22,25,22,22,24,22,23,22,14,22,10,10,13,12,12,12,25,29,26,25,29,,31,28,27,27,28,,12,21,37,34,38,20,21,20,26,20,,27,28,17,21,,26,26,25,,,18,15,24,23,16,16,20,22,,25,30,,33,32,59,64,56,48,54,53,38,39,37,41,35,34,,26,25,33,26,,28,32,35,24,25,53,,53,33,31,33,8,18,12,24,,40,38,32,40,,,12,9,13,15,36,28,27,31,26,25,32,20,11,20,15,20,35,36,28,27,26,27,29,18,22,27,14,18,14,13,12,18,13,11,,,9,12,11,14,18,28,30,20,26,13,24,5,27,14,18,7,9,11,7,16,17,13,17,12,19,20,16,20,14,16,22,12,14,,38,30,39,14,19,17,,21,25,17,,29,17,21,17,24,29,32,39,24,44,19,50,39,36,23,9,12,18,22,25,10,,18,8,15,16,15,16,10,19,11,18,,24,39,13,8,16,35,48,31,26,36,37,34,32,31,37,30,42,34,32,36,36,32,27,29,22,35,40,39,45,34,5,22,19,22,16,25,29,29,29,36,19,27,26,23,27,61,54,50,54,65,51,53,44,49,28,26,25,25,27,31,33,25,32,29,40,38,40,42,63,58,56,,51,62,56,37,,39,36,40,,38,29,25,29,28,28,18,22,18,24,30,29,28,23,20,20,17,,30,31,24,29,34,37,41,33,36,33,29,42,30,36,17,19,18,19,,10,24,,20,21,20,15,28,21,20,21,30,29,27,18,19,22,20,20,25,30,31,34,31,17,19,31,13,14,12,26,16,12,13,10,20,16,17,15,19,17,19,15,23,20,23,25,27,26,10,18,22,38,40,47,39,21,29,19,21,23,26,27,,30,21,33,40,37,29,27,34,30,12,20,18,22,25,18,26,6,7,11,9,41,35,33,33,29,36,23,32,22,21,22,22,14,11,15,26,19,27,24,,16,23,21,22,21,25,19,27,22,33,,16,18,,9,22,20,25,16,4,6,6,,9,9,11,10,11,12,21,28,9,14,23,9,10,10,9,10,11,22,26,10,11,10,,10,10,14,17,12,16,17,12,27,18,21,11,8,10,,9,16,12,9,11,17,9,14,9,13,10,12,3,4,10,18,8,6,4,3,22,,6,,3,4,24,29,30,32,43,34,32,30,,16,14,29,24,25,15,9,24,31,,20,7,10,19,28,16,20,27,33,32,15,12,18,,18,17,22,45,31,26,18,27,6,20,25,14,22,20,20,22,18,30,24,20,32,19,20,11,20,15,11,18,23,25,14,39,,52,68,84,24,18,26,10,8,8,12,20,11,13,23,36,24,46,39,30,45,31,33,39,14,22,35,31,34,22,28,29,29,23,45,27,10,14,13,15,21,26,22,23,24,15,11,41,43,40,39,29,25,22,22,37,24,23,16,23,14,20,26,5,21,18,16,16,22,18,15,17,9,54,,30,38,66,56,,50,41,11,36,21,26,16,44,28,26,31,59,19,25,22,16,17,11,40
20170820,4,PM10,,64,,,,,76,,,61,,87,,,71,,,64,,,,56,71,,,,,124,148,119,,92,86,53,87,91,147,97,116,109,26,30,47,44,52,124,153,106,115,67,69,,,80,71,66,49,58,63,90,48,42,44,56,41,55,57,,60,67,76,78,95,57,86,123,124,89,124,77,,,64,80,66,81,60,88,172,95,158,158,141,229,110,116,32,37,43,,,60,44,41,41,,65,26,21,22,29,26,24,21,27,30,23,44,75,37,,38,14,26,29,17,26,193,106,58,,103,111,115,87,64,43,55,73,24,,11,,12,,18,12,14,18,9,3,3,2,6,9,,7,6,8,,,,13,,6,,18,11,17,,18,57,,,,38,29,,46,20,39,,40,,18,,8,9,13,4,,14,5,15,31,,,,24,27,,,23,24,16,23,,16,18,33,17,23,29,25,21,,31,,32,,29,30,33,29,29,28,34,32,31,25,34,27,34,46,43,53,,34,46,64,49,46,59,41,69,64,,,7,,30,25,,49,29,32,26,26,23,,13,23,68,66,68,25,33,,28,25,24,28,22,42,24,18,16,21,45,,66,46,59,59,36,28,36,88,107,77,119,119,87,18,,90,72,150,132,99,163,99,128,,23,37,37,45,28,25,34,117,16,79,76,68,83,76,74,71,74,110,128,80,111,75,67,141,92,58,119,47,78,27,93,69,48,60,35,34,46,46,40,37,,44,39,,106,34,61,24,53,22,25,23,23,25,67,21,27,22,11,42,15,,13,,,32,,20,15,18,66,57,14,14,,9,23,31,28,21,,,27,24,23,40,47,33,62,31,84,45,31,49,53,91,42,47,78,63,47,80,23,,24,19,14,31,,49,32,51,45,33,95,56,65,,35,63,56,37,81,,30,45,40,30,71,,30,55,35,41,17,36,36,51,34,35,55,42,34,,42,44,30,60,6,4,,,5,,83,91,61,84,96,76,64,156,49,67,58,74,99,,47,22,45,18,2,,15,13,87,,,,59,60,51,103,152,63,65,,61,43,79,37,47,33,,50,40,39,39,,30,42,44,,96,95,82,105,123,107,64,68,67,99,95,109,70,73,34,25,31,41,73,93,51,17,37,,,85,54,76,33,,51,,37,38,64,37,,,,60,,72,28,28,,93,72,88,74,53,22,63,39,66,46,108,18,,19,14,11,,58,,68,,62,34,22,34,36,21,60,11,10,12,30,12,,45,37,38,,103,83,75,71,78,,56,21,39,,44,35,,19,,22,,,20,,27,41,74,36,15,21,,50,56,62,20,19,26,129,,,50,53,,26,27,24,35,19,81,42,36,,,71,,,124,,33,,,38,54,48,,56,58,,51,,,,71,143,,144,167,118,53,78,51,39,,22,29,38,30,35,26,,53,,20,28,20,66,35,31,44,50,65,36,66,,45,70,48,32,41,34,31,41,,12,27,42,55,17,41,125,39,57,32,,31,,35,29,23,8,7,10,7,,11,14,,26,58,40,37,20,57,64,76,23,166,132,,137,105,156,139,77,95,85,97,87,67,64,62,71,122,158,136,105,109,96,86,137,86,70,,71,44,49,,51,44,62,45,65,,,44,36,43,,54,30,54,,30,40,68,,19,26,56,51,77,18,15,14,35,49,63,58,73,92,87,23,16,28,,33,37,23,39,37,31,42,54,56,20,83,33,,72,56,48,61,,,,24,32,,,37,58,64,83,52,48,102,41,94,,36,20,30,55,67,61,72,37,42,78,60,71,90,121,73,115,98,80,56,60,61,109,68,90,,63,75,32,,12,27,,22,7,77,64,41,14,61,28,44,111,99,112,34,31,82,77,12,6,53,37,33,43,,33,26,,23,18,49,40,70,42,12,23,,,14,16,19,18,,13,,14,17,8,,31,,,13,22,,23,28,24,24,20,19,4,,13,8,40,39,,45,36,39,,,35,28,49,38,19,20,27,59,,76,69,,85,75,117,99,116,114,115,128,60,97,35,34,33,66,,51,60,59,82,,54,62,66,45,45,166,,67,32,25,36,27,89,32,29,,61,93,91,,,,36,37,,28,26,43,,49,63,64,111,78,30,41,77,57,83,34,76,54,58,57,43,41,45,24,36,25,32,35,32,34,26,31,,,47,20,24,27,25,51,56,54,,41,142,11,,28,29,16,23,13,19,40,44,70,57,22,31,57,21,52,46,22,25,35,24,,76,33,,35,33,39,,46,43,58,,29,51,44,84,,37,43,63,42,24,37,43,27,30,38,37,35,15,22,,29,,27,38,29,31,29,20,,18,43,24,,58,88,24,23,20,60,46,50,24,41,63,50,56,36,62,52,60,50,66,56,78,57,35,28,35,53,76,61,117,67,13,56,40,35,48,45,64,53,59,42,34,40,43,47,30,119,110,78,62,99,73,87,79,70,36,39,46,27,44,43,44,42,48,44,39,44,48,59,81,88,70,,67,82,68,51,,49,48,67,,67,96,104,92,81,106,72,88,113,139,106,90,59,64,109,104,107,,41,70,104,63,20,32,,31,34,,30,,51,49,54,23,38,43,,44,42,,64,,33,21,,33,24,16,54,55,44,58,42,54,65,39,50,56,65,81,61,42,52,63,35,47,28,66,90,44,70,28,19,41,29,23,28,35,41,57,74,39,47,50,44,32,19,39,70,79,78,87,84,59,22,23,78,59,58,57,,86,99,38,,35,47,80,59,48,29,61,57,45,62,,27,26,42,29,55,69,36,40,76,52,43,39,,35,48,39,48,63,42,38,48,50,68,70,,60,60,34,38,46,47,65,51,34,35,,24,32,,49,84,61,70,66,4,5,7,,17,12,16,24,22,30,,40,32,53,,15,17,17,18,62,48,87,55,57,29,14,,17,23,,46,50,115,53,18,,25,23,32,15,21,,25,23,21,23,29,25,16,,14,6,29,31,32,8,44,39,4,4,3,8,18,,4,,7,14,20,48,50,32,77,71,52,62,,26,20,30,18,13,15,11,49,40,,12,3,,47,60,24,38,54,52,52,44,20,57,,15,16,,37,,25,18,,3,39,36,42,38,8,14,,79,102,74,125,119,63,122,8,54,54,47,49,42,47,85,339,,251,281,150,145,35,88,11,17,14,37,40,81,29,35,47,26,,,54,116,83,62,176,62,34,23,41,32,,46,,39,32,112,37,17,57,32,27,,56,32,46,20,26,16,56,98,88,52,59,37,47,61,66,62,17,27,14,43,38,37,14,35,39,23,42,21,26,58,49,59,82,,87,51,126,137,,,62,20,66,28,69,,76,60,,,68,29,56,34,38,66,27,50
20170820,4,PM10_24h,,52,,,,,66,,,63,,76,,,66,,52,56,,,53,49,38,,49,44,,98,95,84,92,77,65,84,74,68,117,111,107,87,30,31,48,53,48,128,147,122,103,52,58,64,66,60,54,57,46,60,64,65,61,47,39,49,35,51,48,,49,43,53,51,60,53,57,88,84,78,88,70,,,60,50,63,64,44,76,93,91,98,123,96,90,85,91,30,39,46,,,53,49,42,48,,65,31,28,28,31,30,35,23,26,28,20,38,57,32,,31,15,16,22,22,35,93,73,71,,83,77,79,74,61,45,43,64,57,58,45,58,61,58,53,44,46,52,42,34,38,27,41,41,50,35,36,42,48,46,45,43,46,52,44,74,55,81,84,84,25,,,,46,33,,39,34,41,,59,68,50,,44,56,52,44,61,49,47,55,36,,,,35,45,,55,58,58,44,50,,41,27,28,26,27,32,21,18,,25,,29,,24,47,46,24,47,37,40,46,54,44,46,33,40,48,43,40,,33,39,49,55,59,60,60,61,52,,,38,,62,48,,66,54,53,35,30,30,,42,32,50,53,54,39,44,,41,42,31,31,39,45,49,37,33,33,66,,69,69,72,76,46,31,44,67,73,59,83,78,77,35,,76,72,109,70,79,101,84,88,,42,35,31,39,27,25,27,50,28,80,75,80,77,69,66,79,79,95,63,53,59,42,64,59,56,53,54,42,52,33,64,55,37,52,46,41,50,49,49,48,,41,50,36,72,41,60,47,45,19,24,19,33,20,39,24,22,21,14,40,12,15,13,21,48,51,51,33,35,37,55,47,28,27,21,16,34,34,35,32,50,49,53,49,31,57,53,51,49,48,59,59,47,58,43,56,46,36,61,59,62,66,15,16,19,20,20,30,,40,30,49,52,35,61,44,53,,30,33,38,37,43,,30,37,33,27,55,,28,42,27,32,20,26,36,35,30,30,38,37,30,28,34,35,31,46,15,13,10,11,20,12,80,75,70,93,91,84,66,112,45,63,57,91,103,76,69,37,65,58,26,,43,66,54,,,,57,58,40,64,54,45,40,,37,43,53,47,44,40,36,45,44,37,36,18,30,41,54,,79,78,81,87,88,109,88,74,85,108,52,75,42,39,31,31,31,39,65,52,48,58,74,48,47,56,53,61,52,,29,,33,38,40,32,53,,,72,,74,37,35,,77,67,61,78,73,43,43,31,34,30,65,40,40,38,27,43,,58,,58,,52,40,35,38,43,43,67,28,17,19,31,33,32,42,38,59,,74,68,75,72,73,44,48,29,45,39,50,24,21,18,15,30,17,17,28,29,35,49,67,63,22,22,23,52,49,52,20,24,24,90,62,,60,55,,47,56,46,51,27,46,48,28,,,72,61,58,89,,42,,49,39,46,47,,47,50,,74,74,74,,73,70,62,74,90,65,39,54,48,36,,20,24,37,28,44,18,,48,,28,34,17,42,41,29,41,44,38,32,51,51,44,53,45,34,30,29,26,29,,12,60,51,62,31,57,56,44,59,58,30,30,27,24,27,24,46,39,47,40,,50,51,48,57,63,45,56,35,66,54,71,28,97,103,,95,96,106,103,75,99,88,86,102,71,72,67,69,97,90,87,86,72,72,60,75,57,64,,47,44,63,59,49,51,43,40,46,28,28,40,34,38,26,41,30,39,38,27,44,57,30,22,27,42,42,46,29,27,25,40,36,46,30,44,66,74,17,17,34,40,37,44,36,43,42,39,42,55,46,30,47,47,51,59,43,36,68,,,58,38,38,43,37,41,46,61,69,45,52,55,35,35,,37,35,42,60,63,63,77,40,48,66,60,63,65,80,91,118,126,120,116,118,125,132,132,70,,53,47,23,23,18,46,,39,50,45,62,47,22,43,26,40,79,86,85,41,31,69,61,39,23,20,21,37,42,42,38,31,,35,38,46,43,44,44,24,25,22,21,23,23,59,54,52,47,47,38,45,49,51,71,67,,39,46,49,53,52,46,38,34,41,25,,48,43,37,37,,37,50,49,,,33,28,41,49,36,29,40,49,,44,47,,70,70,88,87,81,76,110,107,50,63,59,74,64,40,,40,38,45,51,,39,47,56,48,41,97,,83,69,71,65,22,32,25,45,,101,94,109,39,,,39,61,20,27,55,80,43,58,47,39,60,60,25,33,38,46,56,41,52,40,58,46,69,39,45,37,27,27,22,24,29,39,30,42,,,43,31,25,24,42,71,76,45,52,55,122,27,63,42,34,13,22,19,18,33,39,40,60,17,58,94,31,43,35,31,44,36,26,,67,45,50,36,38,38,,50,41,52,,37,39,49,42,40,49,70,65,57,70,42,57,51,63,28,42,33,47,47,45,40,,37,33,33,35,45,37,30,30,34,33,,59,64,32,34,30,62,62,53,35,55,63,46,60,56,54,45,64,55,58,61,73,64,52,50,51,51,66,65,87,61,13,64,50,49,49,35,55,58,62,75,32,50,44,47,40,80,92,79,79,92,65,75,68,73,41,42,48,40,53,39,41,36,52,42,54,63,67,73,92,95,85,,76,79,74,61,,63,62,56,,46,46,40,40,34,46,29,33,39,45,64,55,61,46,27,34,29,,43,64,55,46,46,58,59,48,57,56,54,56,44,50,47,44,50,48,,39,43,,51,22,30,25,34,38,28,26,51,44,39,41,39,49,40,38,41,45,55,60,47,31,39,40,28,31,31,55,72,43,51,24,28,31,41,30,38,38,51,62,64,31,36,38,48,32,22,50,69,62,69,83,58,74,42,35,41,47,50,49,,63,54,68,71,60,55,63,49,53,25,57,48,40,45,40,42,37,44,35,66,74,42,44,74,50,52,34,42,29,32,29,31,43,29,28,41,41,57,60,,53,53,34,32,35,45,52,35,33,37,,27,33,,45,75,57,80,55,14,9,12,,22,13,17,21,22,26,31,49,36,53,35,17,20,15,19,44,54,65,42,26,19,16,,20,28,28,41,46,63,55,30,23,22,35,27,17,21,,27,34,20,26,28,48,19,29,26,24,28,49,51,26,35,68,13,16,10,16,70,,16,,13,28,38,55,54,53,61,56,52,52,,31,28,45,35,90,63,28,41,47,,38,18,20,48,48,43,41,48,52,49,36,30,56,,27,33,37,78,46,37,36,37,11,32,52,59,47,78,73,77,58,73,45,49,97,75,63,15,37,29,34,44,61,80,84,186,,163,318,230,52,38,60,24,30,17,36,38,36,25,40,43,32,57,52,49,98,44,37,82,42,51,51,39,50,44,48,38,44,38,90,35,16,53,38,45,30,42,41,47,43,24,18,52,70,64,50,48,51,54,53,71,53,39,30,48,30,36,41,11,42,32,27,25,37,45,41,47,30,87,,58,59,91,107,,54,60,28,48,36,54,30,58,68,41,46,78,42,39,35,56,36,24,48
20170820,4,SO2,2,2,2,2,2,2,2,2,2,3,2,2,,,8,,9,2,,,6,3,13,,16,3,,7,29,7,1,9,8,3,23,26,39,31,42,38,8,3,19,11,13,5,10,14,13,9,15,7,5,3,7,6,18,16,13,6,5,6,8,2,5,7,13,,4,16,21,18,3,7,6,10,17,17,16,7,,,13,43,7,6,6,14,12,12,17,12,13,12,12,11,3,11,10,,,8,9,6,13,,13,9,7,8,9,8,6,5,4,6,6,6,8,7,,8,5,8,9,4,12,9,6,4,,4,11,14,25,13,4,10,10,4,5,6,5,4,7,6,6,7,6,8,10,8,21,7,10,9,7,6,6,6,11,5,3,8,6,7,15,15,16,12,13,5,,,,12,1,,6,16,14,,21,8,9,,3,5,2,3,1,8,2,8,22,,,,10,10,,6,8,5,5,5,,3,9,7,14,3,2,8,7,,7,,14,,5,9,6,7,16,8,8,12,4,10,11,5,6,6,9,2,,7,7,7,19,11,13,14,5,9,,,5,,7,5,,5,6,5,5,5,9,,7,5,41,27,22,6,5,,6,4,2,15,4,21,19,16,26,5,5,,11,7,5,12,2,11,10,79,85,72,36,66,11,2,,44,6,18,19,6,13,17,16,,2,3,2,4,9,6,6,11,6,7,11,9,7,6,8,9,7,8,23,7,7,10,8,6,3,4,5,8,28,11,25,14,20,12,15,4,11,11,16,21,,16,8,22,20,18,4,17,15,10,12,11,8,6,11,17,5,10,9,7,2,2,3,4,9,4,7,13,17,8,29,28,7,5,5,5,15,8,9,7,12,15,14,10,13,8,,8,15,6,19,15,11,29,7,13,8,7,7,8,7,12,3,5,5,3,5,17,,16,15,9,24,10,10,27,22,,20,14,15,6,12,,10,8,17,10,8,,5,28,10,4,5,7,7,7,9,7,27,16,17,10,14,20,18,45,5,10,9,9,8,6,8,2,7,6,11,5,7,10,10,7,6,10,11,6,2,1,6,4,3,,5,7,3,,,,62,16,8,9,9,5,7,,8,23,282,19,33,13,11,59,18,14,13,4,9,16,13,,24,13,11,25,13,13,6,9,13,6,8,6,5,5,5,6,2,4,15,19,8,11,4,10,15,4,26,11,15,,9,,9,8,9,8,31,,,7,,4,11,6,,21,24,12,11,28,24,11,16,7,19,21,10,7,5,8,4,,13,,14,,6,12,19,18,4,7,9,11,10,2,3,3,7,14,11,12,,37,18,77,8,16,18,12,12,11,31,56,14,6,12,8,6,8,3,10,11,11,8,6,8,10,9,11,8,9,8,2,4,5,17,17,,21,16,,11,13,8,13,6,9,17,9,,,8,8,8,11,,10,,14,6,11,4,,1,8,,7,6,9,,14,16,7,31,28,23,3,11,14,11,,5,5,5,5,5,4,,8,,7,7,9,24,5,5,6,7,8,3,11,7,18,19,33,8,5,5,8,7,,2,7,5,5,17,9,3,4,8,6,6,4,5,3,15,6,4,5,3,2,,9,6,4,13,34,24,20,8,35,52,38,5,9,10,,10,15,18,11,10,19,10,13,13,3,6,6,7,16,10,7,2,13,11,8,13,7,16,,15,11,9,7,7,8,6,8,8,5,36,24,27,8,27,8,17,12,10,23,8,6,8,7,4,16,17,7,5,6,6,8,11,10,38,8,23,4,2,2,5,3,7,6,6,5,9,5,10,5,78,13,14,14,3,3,10,5,19,,,9,3,3,11,5,5,6,11,10,7,6,11,11,11,,10,20,14,11,12,14,8,10,9,6,8,12,10,10,15,4,5,2,2,4,3,4,1,9,,6,8,7,4,6,3,,5,6,20,8,3,6,3,4,6,2,4,4,8,14,7,9,4,1,5,1,7,4,5,5,5,3,3,4,11,7,6,7,4,2,2,4,9,5,3,6,6,9,8,13,9,23,,7,12,,6,7,9,8,12,15,8,18,11,4,,17,11,13,12,,8,4,10,,,1,3,10,7,7,7,8,6,,9,10,,36,50,21,8,10,10,9,24,9,11,9,9,15,18,,10,12,4,1,,7,16,31,28,6,21,,21,3,5,4,8,8,6,3,,5,3,4,30,,,2,4,13,8,7,4,8,12,7,17,35,8,6,7,13,7,17,7,6,6,13,9,7,11,8,9,13,5,5,5,5,7,4,8,,,6,7,8,10,2,1,1,2,11,7,8,4,1,3,3,4,5,12,6,5,6,3,17,1,22,11,3,11,11,12,3,5,32,,28,16,12,21,12,15,,12,1,9,,25,11,17,14,11,9,12,34,32,23,7,6,7,19,24,8,4,11,3,6,3,,12,6,18,,4,12,7,8,14,13,,15,11,18,10,17,14,8,7,12,4,10,9,8,8,6,13,21,5,9,20,7,10,4,5,6,73,8,3,22,6,4,16,8,14,44,3,9,31,11,10,27,12,17,20,16,35,61,17,26,40,66,40,68,38,8,5,11,11,15,4,8,6,6,7,63,43,45,224,27,29,32,,14,9,15,7,,5,4,9,,9,9,8,9,6,9,7,10,3,6,7,4,6,6,9,9,5,,8,15,63,7,11,10,7,8,13,11,7,9,11,14,6,6,9,6,,9,8,,9,5,3,5,3,9,2,3,11,11,14,27,14,18,30,9,8,51,27,115,86,30,21,13,20,18,7,46,27,17,11,13,8,15,8,31,6,5,6,7,1,8,4,15,42,16,2,1,4,33,13,11,16,19,9,18,20,29,12,9,,8,3,10,23,31,9,23,26,36,6,7,4,15,26,9,7,8,38,32,22,8,7,11,9,73,40,8,3,5,2,3,5,4,7,3,7,7,8,5,,7,11,12,7,12,8,16,2,28,8,,3,3,,6,29,6,7,8,9,7,5,,20,7,12,9,9,9,19,4,18,22,5,3,2,2,3,3,6,8,9,5,11,3,,6,4,2,25,83,6,16,8,5,4,16,7,11,13,,16,15,9,9,4,6,3,5,4,7,15,9,2,4,4,8,4,4,5,4,3,,5,,5,1,3,8,6,8,9,8,7,5,,13,13,3,4,10,4,8,8,9,,7,4,6,1,2,8,8,4,7,7,3,10,5,,7,13,4,4,4,6,11,13,3,7,5,8,6,5,7,5,5,6,5,4,5,1,13,6,5,2,2,12,4,2,4,4,,9,112,31,10,14,7,3,3,3,8,8,5,11,11,7,25,9,7,9,34,9,5,21,21,6,7,6,4,5,12,15,11,12,2,9,6,44,31,3,25,69,11,7,10,4,4,4,5,19,14,11,11,13,12,14,14,5,7,5,6,17,12,10,10,23,7,8,9,2,16,13,14,9,,10,10,13,23,,6,6,6,24,3,3,8,9,19,3,8,24,7,15,6,1,12,14,19
20170820,4,SO2_24h,2,2,2,2,2,2,2,2,2,2,2,2,,,6,,7,2,,,6,3,10,,11,3,,5,25,6,2,9,5,3,32,26,50,46,53,46,9,6,17,11,12,4,8,10,6,8,12,6,5,4,6,5,20,20,14,8,6,6,10,3,5,8,8,,6,15,17,18,3,5,5,5,7,7,8,11,,,12,18,13,10,9,18,14,15,16,12,14,12,13,11,9,17,11,,,8,18,10,15,,11,7,8,9,10,5,4,6,5,5,6,7,9,8,,8,5,8,10,3,10,9,6,4,,4,9,13,13,9,6,11,11,8,8,10,8,7,10,8,6,10,10,16,17,11,26,10,12,11,11,10,9,7,13,5,7,10,6,9,21,16,23,16,14,7,,,,12,4,,7,14,13,,29,12,15,,2,8,5,4,4,10,6,10,23,,,,13,12,,14,14,7,7,11,,6,10,8,16,2,2,9,8,,10,,11,,5,10,7,8,9,9,8,13,6,9,10,5,8,6,8,4,,7,7,7,13,11,12,13,5,8,,,7,,9,5,,5,5,8,7,6,9,,9,6,18,13,10,8,8,,8,4,3,17,4,17,15,16,20,6,6,,9,7,5,12,4,10,13,37,40,33,23,33,7,5,,31,8,17,19,6,12,14,15,,8,3,3,2,10,6,5,7,7,5,7,6,7,4,3,8,5,8,8,7,7,9,10,5,4,5,6,8,20,12,19,15,16,13,18,8,12,12,13,14,,12,28,16,16,12,6,9,11,10,10,11,14,6,10,19,4,10,9,9,5,5,4,5,11,9,9,10,10,9,20,18,8,6,6,6,10,17,7,8,15,20,17,13,13,7,9,9,9,6,15,24,13,22,7,10,8,7,7,10,7,9,3,6,5,4,5,14,,15,12,11,18,10,12,14,14,,16,12,12,9,16,,8,6,14,9,7,,6,6,9,5,6,6,4,4,5,6,10,13,13,11,12,12,17,21,6,13,9,9,9,6,8,2,7,6,9,6,7,10,9,6,6,9,9,9,7,2,9,8,11,,13,9,3,,,,20,17,8,9,9,5,8,,11,21,85,48,20,25,9,68,12,11,10,4,10,12,10,,23,21,14,19,14,15,7,8,10,7,7,9,6,5,10,6,3,5,12,12,13,55,15,30,27,4,20,14,14,,9,,10,10,12,8,16,,,10,,5,9,5,,15,20,12,10,26,10,10,16,7,18,21,10,8,6,8,5,,11,,12,,4,11,17,14,8,10,11,12,11,4,3,3,6,15,11,12,,36,16,27,16,17,13,11,10,9,14,34,8,6,8,7,9,8,4,6,11,8,8,7,11,9,9,9,6,7,7,2,4,5,13,20,,16,16,,17,17,14,16,7,7,15,7,,,10,11,10,12,,12,,16,12,10,4,,2,8,,27,37,25,,34,6,4,9,10,12,3,14,14,13,,7,7,6,9,6,7,,17,13,12,10,9,22,5,6,10,7,8,2,14,18,21,20,18,9,6,5,8,5,,2,7,5,5,18,12,4,4,8,7,7,4,6,4,14,5,12,13,8,2,,17,16,21,14,20,16,20,8,21,42,30,6,8,9,,9,16,13,10,7,12,7,8,30,3,5,4,5,11,10,6,1,12,11,6,10,6,9,,8,12,11,8,7,9,10,12,9,31,23,32,8,8,24,9,12,12,13,17,9,6,9,7,6,12,12,8,5,6,7,10,8,6,8,8,16,4,2,2,6,7,8,7,6,6,9,5,9,5,24,20,10,12,4,6,12,7,14,,,11,5,3,12,7,6,4,6,14,10,7,10,7,10,,9,17,13,12,12,14,6,10,9,6,8,12,10,10,14,5,5,5,3,4,5,6,3,9,,5,7,5,4,6,34,,9,34,17,12,3,6,3,10,6,3,5,4,8,12,9,10,4,2,4,2,7,4,5,6,5,4,4,4,8,5,6,3,7,4,2,4,9,5,7,8,10,12,12,14,13,21,,13,16,,9,7,11,14,13,15,11,20,14,13,,18,16,14,10,,10,6,9,,,2,1,13,9,9,10,10,6,,10,11,,10,14,15,10,15,5,12,20,10,10,18,13,16,17,,10,12,9,5,,11,13,20,19,30,30,,30,46,50,32,4,8,5,4,,5,9,7,23,,,6,3,13,8,9,7,10,14,16,13,24,13,7,8,11,10,16,6,8,6,15,18,14,14,9,11,11,10,9,8,4,5,5,8,,,7,7,7,8,3,1,4,2,11,6,8,4,17,4,11,4,5,10,7,8,2,4,14,2,16,17,3,12,20,15,7,8,30,,14,14,12,14,13,10,,15,3,8,,23,10,28,26,25,20,30,14,20,22,8,7,13,19,12,9,9,11,8,10,3,,12,18,24,21,9,9,7,9,13,13,,16,21,19,12,8,13,11,8,16,6,14,14,9,14,5,8,15,6,8,14,10,10,5,6,6,27,14,5,25,8,5,20,15,18,53,3,8,15,18,9,29,13,18,19,13,11,23,18,22,20,32,19,41,34,9,4,13,13,14,4,9,6,7,9,72,75,58,62,22,16,22,,11,3,7,9,,4,5,6,,4,9,6,7,6,8,6,10,2,5,7,4,5,6,7,7,5,,6,18,24,5,11,10,14,10,14,11,8,10,10,7,13,7,10,13,,11,10,,9,4,4,4,8,6,3,5,9,9,13,19,17,15,14,16,14,15,13,61,35,25,14,10,20,17,7,17,12,19,14,6,8,10,8,10,4,4,6,6,1,6,4,16,45,19,5,2,4,18,12,10,14,14,11,12,14,12,14,9,,8,3,17,60,75,14,21,13,13,7,7,4,15,17,10,17,13,44,35,25,11,9,14,12,15,10,12,7,5,3,3,6,4,7,3,7,8,9,6,,8,10,20,5,14,4,15,5,32,4,,4,3,,6,14,6,7,8,8,8,7,,21,8,13,16,14,13,15,8,14,24,9,4,3,3,2,5,6,10,18,4,9,3,,3,6,3,20,31,7,19,8,5,3,9,5,12,15,,22,26,8,9,5,15,4,6,9,14,15,9,3,9,5,10,5,5,5,5,3,,6,,6,1,4,8,5,5,9,9,9,6,,8,11,8,5,57,9,6,8,10,,4,5,9,5,2,19,13,4,7,8,4,16,5,,15,16,5,9,9,7,13,13,3,10,11,11,8,9,13,11,6,5,5,4,5,1,13,7,6,2,4,12,2,2,4,4,,11,34,27,12,12,9,3,3,4,9,9,7,10,13,6,13,11,7,8,29,10,7,24,12,11,13,6,6,7,9,9,11,9,5,7,5,17,16,26,17,28,14,8,13,3,4,7,6,5,15,9,15,8,9,21,4,6,7,8,6,17,29,11,14,17,14,10,13,6,14,13,14,25,,8,9,12,21,,13,10,4,23,2,4,19,4,21,4,6,15,8,11,6,2,12,12,10
20170820,4,NO2,55,14,44,36,75,44,56,48,24,66,77,64,,,45,,42,30,,,40,25,68,,15,41,,85,58,64,71,28,55,10,63,79,45,50,68,82,23,55,26,28,51,54,28,26,37,22,22,29,26,28,20,16,13,16,17,22,35,16,26,25,9,62,62,,58,41,43,47,25,36,18,45,42,33,40,48,,,46,46,48,77,25,39,78,43,92,102,44,105,113,66,15,35,41,,,38,44,39,42,,48,8,14,9,7,4,2,5,16,13,1,47,29,33,,38,6,11,39,13,32,52,41,25,,65,74,55,55,71,25,46,47,17,18,26,20,22,15,15,35,16,28,13,11,16,20,16,21,6,28,18,13,30,18,18,10,25,17,27,33,35,33,18,36,21,,,,49,15,,30,42,41,,34,15,25,,14,42,27,11,32,41,22,27,37,,,,21,39,,15,16,15,9,11,,17,15,23,26,28,28,5,6,,16,,12,,10,24,25,6,32,17,20,28,16,16,23,23,6,13,15,14,,8,12,18,52,31,47,30,30,17,,,10,,13,16,,16,10,10,9,5,9,,14,25,35,35,38,26,23,,37,34,40,32,41,88,22,46,40,30,21,,51,35,27,50,8,43,26,52,46,50,46,57,54,5,,47,46,34,37,37,36,36,44,,10,9,11,16,12,30,15,38,4,22,20,42,48,20,18,23,29,34,77,59,49,71,26,73,42,39,61,23,47,10,46,42,37,31,27,36,27,32,31,38,,49,51,27,102,50,47,46,42,42,57,36,37,32,54,57,17,34,41,41,12,9,28,10,29,29,24,24,26,14,52,47,10,9,7,10,19,25,14,17,35,44,43,2,37,30,30,35,51,39,55,35,21,34,43,30,36,36,34,33,25,33,16,10,12,12,5,15,,20,38,61,26,22,73,33,72,,50,62,42,41,73,,17,32,61,35,33,,26,5,25,25,7,22,16,21,18,20,29,21,28,11,32,33,30,39,9,10,14,9,5,5,25,20,48,23,26,43,18,46,20,21,13,35,21,12,7,3,17,12,,,5,16,16,,,,21,14,72,46,54,82,80,,46,17,39,11,24,10,27,29,24,29,23,3,8,33,6,,21,42,28,47,54,27,16,12,15,12,30,33,24,28,10,9,12,19,44,48,39,10,43,1,43,49,37,40,29,,33,,21,23,44,30,48,,,14,,13,23,21,,66,14,34,32,40,31,17,40,18,3,7,13,12,13,3,8,,22,,24,,34,20,18,26,27,12,49,49,11,10,5,8,6,13,6,15,,30,26,38,14,51,21,34,29,25,19,25,10,12,14,11,10,8,10,20,14,24,28,33,30,18,14,13,53,29,52,13,23,25,52,34,,24,23,,11,14,11,20,13,46,35,22,,,12,10,21,60,,13,,12,18,10,9,,55,23,,2,17,5,,4,47,44,48,52,64,10,19,15,16,,6,8,14,24,20,2,,28,,8,20,15,34,9,26,11,16,25,11,36,38,40,42,44,24,22,18,10,21,,5,13,2,20,10,6,21,16,11,24,11,12,6,10,23,16,23,20,21,12,,17,1,6,15,8,30,8,3,16,29,29,3,33,10,,30,29,14,26,32,30,37,37,40,19,11,20,18,38,50,77,13,9,5,10,19,9,23,,12,12,14,12,20,13,18,15,19,14,12,17,50,10,37,7,8,13,20,4,13,26,6,3,7,22,24,26,9,9,7,17,41,26,34,42,42,34,8,9,10,8,10,11,10,12,14,12,28,12,57,15,38,18,14,15,14,11,17,,,15,26,14,12,14,9,11,23,19,27,11,37,27,33,,30,21,25,20,16,9,19,4,5,30,16,21,28,26,38,9,22,10,17,11,25,15,19,26,,12,5,16,13,9,11,,6,13,34,23,4,10,3,16,8,21,24,17,16,,24,31,8,2,23,13,17,22,15,8,,8,7,9,16,13,16,24,8,6,6,1,12,8,17,21,9,19,6,12,11,12,25,18,20,,12,20,32,18,41,29,45,11,20,4,,15,12,20,19,,35,24,15,,,9,8,31,12,8,12,7,12,,16,12,,43,36,34,31,31,28,21,21,32,25,21,13,36,24,,28,24,2,18,,10,5,32,67,23,74,,60,4,2,6,9,37,10,10,,14,4,6,22,,,28,21,11,6,8,7,2,28,39,30,42,33,4,18,33,15,15,9,17,34,17,8,27,24,20,16,30,21,20,16,13,13,13,11,,,16,13,12,10,15,21,11,12,19,16,17,11,29,12,5,2,3,3,2,31,36,28,36,9,19,22,9,11,5,11,6,11,17,,46,25,20,46,34,39,,17,16,18,,18,9,22,35,57,63,36,54,39,24,20,45,34,20,32,25,17,21,9,14,12,,17,45,30,,17,31,16,16,16,4,,30,25,18,24,14,28,14,30,24,12,25,22,2,12,6,11,17,7,23,32,33,38,10,9,18,4,20,3,22,8,3,23,19,23,13,13,29,11,9,33,5,25,25,30,9,32,37,12,15,31,14,11,4,14,21,15,12,9,27,16,3,2,6,10,26,41,21,29,30,28,32,,45,43,39,9,,10,13,14,,13,9,8,4,2,11,14,10,14,12,20,9,6,11,5,10,6,,42,43,44,53,4,12,11,14,11,6,9,12,43,40,45,8,8,8,,14,22,,30,4,10,11,4,3,6,11,17,5,16,23,11,13,31,7,10,24,31,23,18,21,37,18,18,20,29,38,36,25,34,10,6,6,11,10,3,8,3,10,1,7,22,22,18,14,3,18,18,34,28,32,26,26,7,10,22,20,29,26,,41,32,17,9,17,17,17,16,20,19,28,31,22,25,15,12,30,37,20,30,13,13,15,10,16,15,13,11,26,31,19,15,29,50,34,46,11,12,19,,10,37,32,33,14,30,17,33,19,14,,6,10,,12,42,14,17,19,4,6,5,,25,9,14,10,12,25,14,19,17,41,12,2,4,3,3,15,12,26,25,18,24,4,,9,10,6,9,26,19,5,8,8,7,10,13,15,7,,15,7,7,12,11,6,9,12,5,2,10,13,14,4,5,18,1,2,1,2,12,,8,,3,9,16,16,26,17,39,18,24,24,,19,12,16,20,5,5,6,13,9,,15,12,11,9,14,11,13,6,10,5,3,6,17,,2,2,5,25,10,31,10,8,4,7,2,2,3,9,7,8,11,11,8,76,75,12,22,4,43,37,2,8,8,10,1,48,,54,14,15,57,47,42,12,3,2,37,29,60,24,44,19,39,81,37,23,31,21,2,86,22,23,21,8,15,7,27,12,44,18,14,22,7,24,26,18,17,28,27,11,12,4,17,23,62,57,24,19,17,15,17,13,38,9,11,12,38,39,49,8,48,18,37,33,30,13,44,27,38,20,,53,12,19,41,,17,31,6,17,25,4,6,13,50,18,39,43,10,16,24,,22,15,36
20170820,4,NO2_24h,30,13,36,30,35,35,44,24,13,24,43,53,,,35,,33,30,,,31,25,23,,15,29,,53,36,29,39,19,39,8,55,59,45,44,61,58,19,36,26,27,30,44,37,33,26,22,17,24,26,27,18,16,16,18,21,20,28,17,25,21,12,48,47,,40,30,21,27,17,24,23,17,28,22,22,41,,,33,27,35,37,20,38,29,45,45,63,38,42,52,30,16,30,37,,,38,37,37,44,,41,11,20,16,12,7,10,9,13,14,4,37,36,23,,32,5,7,26,14,29,44,47,24,,58,65,57,59,64,30,26,45,24,31,33,26,31,23,24,30,23,33,35,21,31,29,28,32,24,36,38,19,36,29,27,19,23,32,33,26,36,31,22,31,20,,,,32,20,,22,25,27,,33,23,26,,14,21,19,10,27,28,16,34,17,,,,18,34,,21,24,20,16,18,,22,19,21,22,16,25,13,10,,21,,19,,20,37,39,6,31,28,33,44,32,25,30,27,19,22,22,25,,8,25,26,34,25,35,25,20,13,,,25,,24,26,,19,15,17,11,7,10,,16,17,24,20,31,19,17,,27,46,34,22,44,70,30,32,34,28,24,,28,34,24,33,11,29,25,36,23,28,42,36,35,7,,28,49,38,38,43,43,45,45,,7,28,12,22,25,27,9,20,14,24,20,33,25,25,17,28,36,16,33,31,26,30,28,32,37,24,27,13,24,13,29,30,25,32,36,38,24,21,50,40,,46,55,30,58,63,36,58,26,35,41,36,37,22,39,45,14,27,24,33,15,18,17,14,27,39,33,24,21,12,42,38,24,14,10,11,18,21,15,16,43,47,48,29,33,24,36,32,27,30,39,32,23,25,41,31,36,27,29,34,35,33,8,6,13,12,7,11,,29,34,40,26,18,45,27,55,,33,38,31,34,38,,24,27,49,35,40,,35,9,15,20,5,14,10,17,21,16,14,18,23,11,22,22,24,31,14,17,18,11,25,13,40,32,55,45,43,47,29,46,16,31,22,43,27,27,26,6,31,24,5,,8,19,15,,,,27,26,54,35,30,48,35,,22,20,31,22,22,18,17,24,19,23,16,3,8,28,8,,30,31,31,40,27,32,21,18,23,16,26,30,21,24,10,12,13,18,24,31,17,16,22,26,25,34,29,28,20,,21,,26,26,35,23,23,,,24,,21,25,20,,32,12,28,29,31,28,16,27,15,3,8,20,29,25,13,20,,16,,16,,22,22,24,26,26,19,25,24,9,9,7,11,13,21,16,22,,29,21,33,21,46,18,22,18,20,16,19,14,10,12,10,16,8,11,14,11,13,18,24,24,9,11,11,31,22,30,10,12,14,47,34,,22,22,,19,19,20,21,12,27,27,16,,,20,16,27,24,,21,,16,20,11,6,,15,15,,9,27,10,,5,48,30,25,33,27,16,24,17,21,,17,19,30,42,27,9,,27,20,11,20,9,26,10,24,22,21,15,10,28,28,28,32,31,21,17,17,14,18,,5,25,21,24,9,13,20,24,12,21,10,12,14,11,28,16,33,28,33,25,,21,14,20,15,7,25,18,3,11,18,26,4,25,20,,24,18,17,18,22,24,32,28,42,18,10,17,12,21,27,29,16,15,10,20,14,13,25,,13,19,26,28,22,18,21,20,18,11,15,10,19,7,13,9,5,12,17,4,15,26,14,4,5,22,17,17,10,13,14,15,20,20,18,27,27,27,7,10,10,24,13,14,12,24,18,18,16,14,40,20,27,19,14,18,18,19,20,,,29,16,15,13,13,13,18,23,22,28,13,30,15,20,,16,23,19,27,27,14,28,4,10,24,20,22,30,38,35,17,23,24,28,26,32,28,29,17,,12,7,7,8,7,39,,11,24,15,18,12,24,3,16,14,23,21,19,12,,22,28,16,6,16,18,22,34,19,13,4,11,15,17,22,16,13,16,9,7,8,4,15,13,20,24,27,34,20,30,20,27,31,27,26,,14,28,33,22,39,23,31,14,22,4,,16,16,16,10,,19,27,20,,,12,6,19,14,10,17,12,16,,17,12,,24,24,32,19,29,17,23,16,21,20,17,23,29,12,,20,12,7,14,,16,6,30,28,16,39,,30,25,20,21,12,14,10,21,,13,10,11,23,,,18,13,13,8,14,13,6,16,26,13,27,27,9,18,22,14,14,16,19,25,14,9,21,18,26,21,22,24,23,18,10,10,16,13,,,28,13,14,8,12,30,8,9,15,26,22,7,25,11,16,2,10,5,2,19,26,21,37,6,22,22,12,12,10,14,15,22,18,,30,26,18,30,29,25,,15,9,8,,12,20,17,18,50,56,34,41,35,33,30,25,24,21,30,22,14,26,24,23,18,,23,34,39,28,23,26,21,15,14,7,,29,22,21,34,17,28,19,22,22,15,27,30,26,12,5,17,17,13,23,29,29,27,15,14,17,6,13,6,19,11,3,23,20,22,17,8,28,14,22,36,5,15,16,17,14,20,23,16,23,28,17,15,15,18,11,9,14,14,23,10,9,2,14,17,16,34,21,19,32,22,28,,30,34,23,17,,18,16,13,,10,9,9,5,4,15,17,14,13,13,26,14,17,18,11,8,9,,25,26,26,24,6,24,17,18,21,13,17,22,24,17,27,17,17,15,,14,17,,20,3,8,13,7,5,8,15,21,7,14,22,17,16,19,16,7,21,19,18,14,12,19,13,18,19,19,22,23,20,26,6,6,9,13,9,5,8,6,10,4,6,10,17,29,9,4,22,21,27,22,23,30,21,12,15,18,16,22,24,,28,24,13,17,21,17,12,12,16,12,25,23,14,14,13,13,22,39,30,32,16,23,19,22,16,15,18,16,13,17,15,7,16,24,28,29,11,16,19,,17,31,26,29,22,30,14,23,52,15,,13,19,,12,40,19,20,20,6,8,8,,19,6,12,13,11,16,12,15,13,26,12,3,6,5,4,12,16,16,13,12,16,7,,6,8,6,10,20,20,13,14,10,6,9,12,7,9,,10,9,7,12,12,16,12,16,9,7,9,15,16,10,13,36,8,9,5,4,10,,13,,4,11,15,17,18,19,22,19,22,16,,14,12,22,20,11,10,2,22,11,,10,11,10,18,19,23,24,8,16,8,11,14,13,,13,12,10,28,16,30,14,14,6,10,4,6,10,14,15,14,17,14,14,40,35,13,23,5,33,36,6,19,14,15,1,19,,33,16,24,34,19,26,13,4,6,29,28,24,22,35,10,45,37,19,26,23,15,6,48,21,27,25,20,21,21,19,14,25,14,21,29,2,20,18,30,12,18,19,14,25,3,19,24,37,32,20,19,29,24,21,23,19,9,24,16,26,24,27,12,29,9,27,21,20,22,30,25,23,22,,42,17,31,31,,28,17,11,19,20,8,9,21,42,14,18,34,10,9,21,16,16,11,20
20170820,4,O3,16,25,31,2,2,34,3,2,17,2,,6,,,11,,23,29,,,9,72,7,,66,16,,1,43,6,,38,24,102,22,6,23,18,7,9,72,43,64,64,20,46,45,66,39,81,45,36,74,54,72,59,81,82,94,52,1,1,3,3,2,15,15,,4,24,14,15,31,40,66,32,65,43,42,47,,,33,65,43,15,35,46,28,65,9,5,55,8,7,18,11,,1,,,6,3,4,9,,2,80,96,77,96,106,113,80,81,82,108,12,30,14,,15,17,14,8,24,21,3,16,7,,4,6,4,11,,23,17,,69,71,56,80,60,54,67,47,66,61,53,67,72,55,48,39,72,51,67,74,49,54,66,55,69,50,52,29,34,28,36,23,31,,,,4,5,,18,6,3,,17,29,32,,42,25,39,55,34,34,44,39,22,,,,41,30,,41,50,40,41,38,,42,22,18,10,16,1,36,47,,33,,31,,37,53,44,36,35,46,50,43,53,47,50,36,71,68,66,64,,57,64,48,7,11,4,16,38,46,,,64,,52,46,,50,39,42,44,56,48,,46,37,4,27,11,13,15,,6,19,17,15,18,17,32,30,46,14,64,,11,38,54,1,56,25,28,14,14,10,27,5,9,23,,16,19,21,23,25,15,24,24,,102,94,64,65,72,65,71,23,106,75,78,56,28,75,72,74,64,4,6,6,4,15,29,3,13,35,3,32,3,42,4,11,19,20,32,33,15,8,10,3,,2,2,14,5,4,23,4,4,4,20,23,10,20,16,4,10,27,6,,23,29,18,23,,21,23,8,8,32,5,8,25,31,22,12,21,20,23,22,10,7,9,4,9,17,20,11,5,4,4,13,22,9,8,5,9,6,4,4,7,3,,10,16,3,14,80,,71,37,22,51,64,8,35,17,,40,22,55,32,7,,36,25,5,14,28,,35,83,8,19,25,16,17,20,22,13,3,14,13,22,15,4,8,5,57,38,60,60,65,64,66,47,46,50,55,27,66,32,69,52,64,37,55,81,61,110,50,65,49,,61,53,55,,,,74,87,14,4,2,6,13,,12,30,6,37,22,37,14,14,19,18,20,49,10,17,44,,94,63,70,81,44,100,106,104,109,84,40,30,50,37,25,15,7,15,7,2,9,58,21,79,26,3,2,1,24,,26,,40,36,19,22,15,,,53,,58,61,61,,3,20,31,34,37,41,20,20,58,21,38,75,90,85,109,75,,31,,34,,21,38,50,37,34,57,,25,55,52,96,81,83,67,77,64,,110,86,113,109,94,19,4,12,10,26,18,25,22,21,32,21,27,32,5,15,,16,7,21,24,26,25,6,27,7,21,8,2,48,74,,16,10,,24,18,28,17,22,3,7,1,,,86,79,76,14,,81,,92,82,83,88,,79,95,,56,63,83,,34,3,22,9,3,18,109,13,18,28,,56,42,57,27,34,61,,2,,21,3,11,5,11,9,6,14,12,,14,45,13,15,15,5,3,5,10,4,,20,59,68,32,51,68,9,10,10,5,19,36,49,38,18,28,60,84,66,98,,67,73,77,89,29,50,51,38,16,43,30,99,39,57,,45,45,60,38,33,48,58,52,62,65,70,64,52,43,15,7,36,108,97,112,74,108,79,,92,33,41,63,28,56,30,34,25,31,32,29,40,35,12,30,28,25,16,49,15,15,30,40,8,14,,5,12,37,21,14,7,28,30,2,5,1,14,17,62,67,43,44,78,100,111,107,82,102,6,29,8,15,44,65,63,97,73,,,97,28,27,36,23,87,64,67,95,106,74,10,16,4,,4,28,29,72,82,73,65,91,64,46,57,6,11,5,2,55,9,78,75,79,48,85,77,57,,81,80,50,42,60,79,,95,93,59,71,107,82,50,93,100,81,71,74,45,27,30,,112,114,39,67,43,39,87,45,84,66,102,31,36,59,37,29,89,76,80,93,70,84,57,81,84,56,45,,57,59,44,117,41,,52,62,41,34,23,32,23,36,28,63,,49,54,31,61,,13,37,46,,,48,31,11,27,43,55,49,82,,93,81,,6,45,44,36,46,40,60,62,57,46,77,129,46,84,,90,88,144,96,,139,60,61,18,59,1,,14,91,72,92,53,5,67,59,,65,71,75,98,,,6,2,105,104,115,108,94,4,6,25,21,,37,20,18,25,17,8,7,18,4,34,14,11,38,33,8,5,16,1,2,4,12,32,,,31,12,29,6,9,5,7,11,4,14,7,11,29,18,44,32,2,2,,,3,9,14,48,6,7,5,38,34,33,58,33,62,,17,47,21,3,12,6,,16,18,14,,42,35,18,15,33,19,43,21,45,49,45,23,38,47,23,26,35,68,67,80,36,,40,6,29,12,53,61,47,33,57,64,,32,34,70,38,119,38,35,20,10,31,18,26,14,29,102,60,56,57,2,3,1,1,30,29,21,15,8,18,10,34,30,17,18,10,25,16,12,46,38,34,29,17,1,8,23,40,37,130,111,71,34,37,57,68,10,8,42,14,22,6,42,39,46,30,17,8,16,8,68,69,73,,36,61,52,78,,74,74,78,,80,81,69,76,76,94,103,102,84,98,71,80,78,72,92,85,87,,4,4,9,1,77,85,72,49,60,55,56,59,1,6,4,48,57,43,,20,20,,8,81,66,68,68,39,39,28,15,12,24,24,39,25,15,44,5,21,5,22,32,22,25,41,37,36,56,49,71,92,121,19,39,17,25,28,84,59,65,61,57,18,24,14,36,30,2,,,,11,4,10,15,15,25,11,6,3,24,,8,18,11,36,26,11,6,25,23,7,9,4,20,14,6,8,23,20,47,16,47,71,85,69,69,78,71,115,15,16,59,28,12,17,40,19,73,62,53,,58,30,41,34,43,56,39,58,40,91,,34,28,,54,51,56,59,51,14,15,13,,73,30,30,28,25,11,53,31,42,45,21,39,39,40,37,5,9,5,7,2,,35,,32,14,14,63,32,4,38,29,4,3,5,2,29,39,,23,30,14,23,4,6,43,34,39,39,4,2,57,40,32,27,72,62,55,50,37,,84,,42,39,26,20,15,16,43,76,73,72,,21,24,36,24,90,82,55,68,100,,35,67,63,69,67,63,71,84,95,90,111,99,54,,119,85,58,60,80,52,56,76,45,78,86,76,79,80,87,89,77,73,78,19,7,59,62,58,29,41,93,78,96,90,178,9,,17,62,55,5,12,7,53,48,39,26,51,2,22,31,78,4,4,13,51,59,100,140,4,4,19,52,66,39,67,11,42,7,51,56,41,32,3,4,63,39,6,4,77,64,73,27,59,5,32,44,31,91,72,76,78,8,45,38,39,10,22,18,48,4,9,12,10,37,54,37,46,42,70,,8,77,60,22,,38,74,84,97,,93,33,99,34,12,12,64,80,25,52,59,31,65,34
20170820,4,O3_24h,138,147,129,138,140,128,147,142,133,168,,148,,,120,,125,113,,,119,135,124,,167,98,,121,153,126,102,106,84,134,151,131,170,160,132,155,158,140,144,140,134,115,100,106,120,153,145,131,150,150,143,168,180,175,158,192,106,106,117,115,97,149,170,,168,141,150,152,123,151,143,138,152,158,132,184,,,134,162,182,150,189,167,209,183,195,184,207,204,187,167,137,131,147,,,162,140,118,144,,186,104,121,108,130,135,158,121,117,117,122,88,79,77,,84,82,76,87,66,53,143,126,95,,105,109,96,116,119,88,107,102,252,216,267,254,235,237,224,234,234,229,125,159,163,155,128,111,147,136,177,166,144,123,145,170,160,129,156,210,242,205,222,250,74,,,,116,104,,96,101,101,,169,207,188,,158,202,203,220,190,209,225,131,186,,,,161,131,,129,179,154,180,134,,179,92,111,89,115,89,152,164,,99,,57,,55,166,138,87,205,168,183,149,172,184,169,149,150,168,243,208,,147,173,131,209,210,163,230,205,185,,,199,,194,187,,168,183,143,136,104,133,,169,173,145,112,133,167,159,,79,103,104,119,85,131,157,125,130,95,199,,181,217,212,202,272,106,89,126,133,107,132,131,133,143,,144,145,192,210,169,183,225,232,,133,124,116,124,122,119,122,101,106,110,118,113,112,106,112,102,92,124,112,101,105,120,118,118,102,127,94,114,131,102,135,101,105,101,93,105,86,96,222,206,,187,170,180,277,183,200,185,200,84,118,64,22,69,196,30,53,67,57,196,56,52,61,61,270,282,262,212,226,180,208,196,151,173,136,115,142,136,148,122,269,288,244,250,194,163,161,180,162,132,156,154,141,146,66,132,106,92,83,105,57,68,18,50,55,53,36,280,,270,182,177,205,199,158,186,199,,206,167,229,245,186,,126,199,230,180,171,,156,137,70,62,67,72,56,60,60,60,63,87,69,54,82,74,66,69,92,62,91,93,73,86,121,105,119,113,105,107,100,135,120,104,83,112,114,134,99,227,88,119,88,,93,129,155,,,,168,188,120,127,122,113,163,,126,97,75,96,95,99,124,130,126,142,146,55,130,105,93,,194,199,190,193,195,186,182,183,184,164,148,160,155,138,89,93,84,95,166,181,142,154,161,158,160,209,194,200,229,,108,,83,100,102,81,150,,,199,,184,115,119,,110,124,122,128,103,136,81,118,92,114,114,144,137,144,159,156,,119,,118,,102,148,149,151,120,135,119,98,106,94,148,125,124,120,119,101,,250,216,243,278,261,140,144,109,115,140,125,56,45,45,52,59,45,61,77,84,82,152,116,114,57,56,50,125,141,123,60,71,63,215,212,,209,203,,140,125,153,168,91,102,98,58,,,172,172,154,164,,146,,182,151,140,145,,156,157,,202,174,216,,169,120,131,133,138,140,120,103,99,107,,102,102,109,88,105,92,,138,128,112,116,83,135,77,96,84,89,95,83,156,191,147,137,145,78,64,78,71,64,,62,96,111,104,102,103,88,85,96,79,88,95,114,114,84,100,135,160,120,185,,150,143,150,121,101,120,109,101,94,129,110,124,122,115,,137,142,126,113,115,110,110,113,125,114,122,121,105,156,135,152,153,140,125,130,143,111,92,,108,129,111,123,124,142,78,87,98,99,100,110,119,123,102,88,103,94,81,84,73,70,88,67,75,64,68,69,68,76,45,48,95,84,79,81,68,81,32,36,108,94,117,115,108,140,146,150,139,143,96,101,70,71,175,176,178,171,114,,,138,134,124,131,121,174,167,187,185,187,167,92,95,83,,90,83,89,101,124,105,103,98,89,113,95,129,108,97,109,84,92,91,102,90,62,99,90,129,,140,139,95,90,105,82,,135,154,151,151,141,113,77,124,120,90,101,117,96,94,155,146,122,137,110,116,111,87,146,118,122,95,155,52,124,129,107,99,135,117,124,131,111,112,160,212,178,253,240,,207,190,248,301,230,,145,133,211,145,171,224,204,103,104,99,,181,196,90,111,,95,137,149,,,73,62,96,111,134,126,112,103,,117,109,,199,202,130,121,127,123,140,143,195,183,165,176,161,163,,154,163,151,131,,139,121,169,162,185,175,,130,156,162,160,83,101,102,105,,142,137,163,200,,,116,112,141,150,161,155,140,107,86,88,100,99,111,100,108,114,165,111,121,149,110,112,110,103,127,123,88,91,96,82,81,77,90,80,,,122,63,62,76,71,91,82,131,80,92,97,116,123,72,107,87,77,84,55,93,114,97,82,99,120,140,149,85,83,89,89,68,90,,49,63,45,59,62,54,,61,72,71,,65,86,90,87,94,86,101,81,102,99,89,61,88,103,111,61,99,130,129,128,104,,97,68,61,70,89,84,90,100,143,134,,100,90,88,82,119,267,270,247,264,245,143,158,154,153,134,138,138,131,151,158,140,132,191,170,170,198,114,117,125,117,78,88,80,85,173,91,86,97,76,69,100,113,105,123,115,171,162,191,168,182,125,127,153,148,100,82,108,86,71,89,94,128,89,97,134,100,142,114,108,129,123,,130,123,144,144,,144,164,128,,130,129,91,98,101,96,103,104,94,102,105,116,109,114,94,92,89,,90,68,68,93,109,112,132,84,144,132,119,122,88,85,69,105,107,99,,99,89,,85,125,102,104,105,87,95,99,78,76,74,74,79,76,75,78,90,84,88,82,86,106,104,105,95,88,144,160,184,172,177,73,81,53,72,77,84,91,78,72,100,61,68,82,71,102,79,63,65,111,121,107,106,76,97,84,118,116,94,109,,112,114,143,141,107,110,95,102,124,57,67,59,78,73,108,86,110,127,126,135,169,172,207,170,179,183,152,195,157,134,137,121,168,178,186,172,156,144,157,,139,125,98,91,110,122,103,140,110,122,,106,98,,150,149,134,149,95,61,76,66,,112,80,75,72,74,71,85,70,95,80,67,66,66,66,64,71,75,115,123,34,42,54,,63,56,58,76,73,60,72,62,40,67,65,79,57,61,,46,45,48,59,60,11,57,76,79,76,60,55,78,69,73,67,76,68,82,81,67,,131,,77,75,133,159,135,157,169,175,165,174,,113,121,97,109,116,111,121,97,112,,90,88,89,87,98,97,101,92,95,90,135,123,105,,134,90,82,133,127,81,79,85,61,89,155,163,170,158,153,158,115,114,107,136,171,117,123,146,128,123,121,115,139,134,178,162,,229,96,88,124,136,123,90,89,90,138,139,112,99,170,154,202,168,128,139,141,170,140,136,129,194,179,180,190,188,65,102,103,123,200,204,64,67,56,91,130,156,131,172,212,114,108,108,164,216,189,129,167,155,174,164,85,174,65,152,58,151,184,158,95,92,69,52,155,119,196,190,191,205,,137,140,139,217,,129,154,105,197,95,128,47,114,140,165,144,145,164,109,115,117,111,122,155
20170820,4,O3_8h,26,34,33,5,12,28,4,3,26,41,,5,,,24,,38,39,,,20,84,38,,66,20,,2,40,13,9,41,25,103,13,6,14,12,9,8,92,61,60,67,37,45,39,55,50,74,54,33,61,53,77,71,106,107,98,60,2,1,6,3,2,21,8,,7,50,36,38,27,28,46,76,83,66,76,64,,,51,84,60,24,36,48,71,74,42,4,46,16,9,46,14,2,7,,,6,22,8,27,,9,74,85,74,89,98,109,80,89,89,103,22,29,18,,18,21,15,11,28,16,6,18,8,,4,16,4,8,,14,34,1,76,74,69,86,69,64,70,60,74,69,35,56,57,50,42,33,50,46,42,71,47,50,63,53,68,47,56,37,48,44,41,42,34,,,,27,10,,24,20,5,,18,22,32,,52,44,50,62,38,41,53,41,46,,,,53,48,,50,58,48,44,40,,46,22,22,19,21,9,36,46,,32,,26,,33,40,35,42,42,36,44,40,47,50,42,19,69,67,74,65,,65,64,56,9,21,9,22,51,62,,,69,,52,44,,62,46,44,50,54,48,,49,48,10,34,14,28,23,,15,25,20,11,13,17,34,41,41,4,40,,20,46,56,19,59,32,30,12,22,10,16,10,7,20,,18,25,26,24,30,16,28,32,,104,86,58,60,64,76,66,30,81,87,91,72,54,86,84,86,76,8,8,12,24,20,13,25,20,41,13,16,6,44,4,12,24,15,32,23,18,7,18,5,,2,2,13,8,8,31,4,4,4,17,28,12,23,12,5,9,31,7,,22,35,31,22,23,26,26,14,13,41,12,9,26,33,26,18,24,24,24,23,8,5,7,6,7,18,23,13,19,4,4,24,33,25,11,13,16,7,5,4,10,3,,16,12,5,14,96,,55,47,42,57,75,7,46,22,,51,30,67,33,15,,12,33,9,20,20,,30,102,10,18,28,14,15,18,18,10,3,15,13,20,20,8,12,6,54,34,51,60,38,53,66,50,47,54,52,33,60,19,76,53,60,38,51,76,60,108,54,70,50,,58,57,68,,,,86,95,7,5,2,6,64,,23,32,12,44,27,45,22,15,23,26,30,47,12,14,46,,87,67,64,86,56,95,112,104,116,72,40,31,56,38,24,13,10,16,20,6,20,69,44,69,46,4,3,1,30,,37,,40,38,26,20,24,,,62,,64,52,52,,19,18,36,35,46,31,26,29,59,32,40,81,83,87,106,81,,40,,42,,25,38,52,44,60,62,36,73,85,74,92,85,85,71,80,60,,135,88,128,120,94,19,13,20,14,31,23,24,24,21,34,17,28,31,9,22,14,20,10,28,22,23,21,10,27,15,28,14,8,60,78,,15,9,,22,18,17,13,29,10,12,4,,,91,85,83,38,,84,,102,85,81,105,,100,114,,54,54,71,,40,8,28,20,5,20,101,13,30,33,,55,36,62,32,34,47,,4,2,23,2,14,12,14,9,7,10,19,,22,66,16,29,22,4,5,5,10,5,,18,67,70,27,57,59,5,8,11,6,15,44,47,42,22,30,52,71,54,71,,60,60,62,80,37,58,58,44,23,62,39,99,56,62,,54,59,66,42,45,68,70,67,73,70,74,68,63,73,43,30,54,110,100,109,68,110,81,,94,37,32,35,36,60,26,28,27,39,35,32,64,43,22,30,37,20,16,47,17,16,28,42,10,18,8,6,8,39,23,17,12,18,32,3,6,2,14,16,59,65,68,52,79,96,108,106,98,102,6,41,7,12,46,74,73,110,61,,,89,44,34,40,29,93,75,80,100,116,85,12,21,6,,12,30,32,69,76,70,56,76,54,44,55,6,11,5,2,48,9,62,60,68,40,62,63,60,,83,82,47,46,58,73,,101,102,84,93,112,79,54,83,87,75,53,64,40,34,34,36,86,90,24,50,48,40,93,45,79,62,86,29,28,56,36,34,85,70,81,91,76,82,48,75,60,63,51,,55,55,58,123,49,,56,58,48,37,32,44,46,41,37,56,,51,55,31,60,,18,50,50,,,53,36,12,34,57,57,53,78,,95,83,,14,39,26,38,48,49,63,84,85,48,94,129,49,98,,92,97,144,95,,132,63,67,72,83,13,,17,95,72,95,55,21,75,62,,79,78,81,116,,,21,2,100,104,112,106,94,15,20,60,27,,41,32,26,42,26,8,12,30,5,42,16,12,28,23,8,6,17,1,2,6,6,36,,,25,18,33,17,10,5,10,12,12,13,6,16,35,25,42,28,3,5,,,3,4,6,52,11,12,12,46,39,35,55,14,40,,17,46,20,4,15,8,,16,24,26,,56,23,22,22,30,14,35,21,42,25,44,24,41,54,33,27,32,70,45,80,43,,46,16,24,19,61,66,59,51,50,68,,21,28,59,39,74,30,40,14,13,41,24,18,17,28,108,43,44,38,2,6,2,1,40,38,26,16,12,14,7,35,36,8,14,5,21,16,15,37,32,32,28,22,10,24,20,52,60,126,108,87,37,40,62,73,13,16,36,17,26,6,40,41,37,24,22,14,14,15,65,78,80,,32,70,68,87,,83,82,87,,88,84,70,76,76,90,98,100,82,97,73,86,82,76,91,86,86,,19,4,10,8,84,87,78,55,54,49,50,51,13,16,14,52,58,50,,37,34,,8,86,69,65,71,37,32,23,15,12,30,23,34,20,19,43,5,20,7,23,35,27,34,46,45,40,56,47,63,81,108,18,40,15,28,36,76,49,56,49,55,20,34,24,29,36,3,,,,5,4,3,17,19,25,10,6,19,35,,18,21,8,32,28,10,9,26,26,6,8,5,28,22,9,8,34,8,30,18,49,83,94,67,80,92,74,104,32,24,59,36,27,33,48,34,86,68,60,,65,30,44,34,46,49,40,67,43,95,,36,26,,62,53,51,60,50,15,17,17,,76,32,32,32,26,21,56,32,47,48,26,38,38,37,38,5,9,21,14,2,,37,,33,20,20,62,29,2,24,26,4,3,6,4,38,42,,26,32,14,22,4,8,45,37,41,38,5,2,54,37,11,9,58,54,57,52,50,,91,,44,40,34,22,25,16,42,81,71,73,,37,35,36,18,90,84,56,68,95,,46,71,65,52,62,48,61,86,91,84,106,94,56,,116,81,59,48,82,53,54,80,44,80,93,79,84,86,88,90,80,76,83,14,20,30,21,57,13,16,72,58,98,89,175,12,,16,47,44,10,35,8,54,54,44,20,25,12,26,34,88,4,17,28,60,60,110,119,12,4,18,62,68,39,69,14,48,10,56,64,38,37,6,4,64,44,25,17,80,72,79,19,47,6,36,61,42,93,82,85,88,26,51,32,38,12,41,36,47,16,11,27,15,58,57,46,56,53,66,,28,84,58,36,,46,79,80,112,1,87,30,105,31,12,28,69,87,29,48,56,39,69,40
20170820,4,O3_8h_24h,32,43,43,12,24,34,9,4,46,63,25,5,,,32,,54,52,,,29,106,77,,66,22,,4,53,15,14,60,37,103,20,6,14,12,9,9,101,70,60,68,47,63,57,68,79,74,73,33,61,53,90,87,124,127,101,68,3,1,11,3,2,32,8,,16,71,55,61,46,38,61,99,98,81,98,88,,,74,95,77,48,58,63,98,93,53,4,46,22,12,62,27,4,22,,,8,47,23,46,,33,74,85,75,89,98,109,84,99,99,107,28,29,20,,23,22,17,21,30,16,16,20,12,,6,37,5,8,1,14,60,1,88,85,87,94,83,76,79,82,90,81,35,56,57,50,42,33,50,46,42,71,51,50,63,55,68,48,64,57,65,61,56,53,40,,,,53,21,,28,40,5,,19,22,33,,55,61,53,65,40,43,59,46,70,,,,64,68,,58,68,60,49,44,,49,25,27,25,30,19,36,46,,32,,26,,33,40,35,49,44,36,44,40,47,53,42,19,70,74,76,71,,72,64,60,13,34,10,30,63,75,,,71,,62,49,,68,59,51,54,54,48,,54,59,17,39,18,36,32,,22,27,21,11,13,17,36,50,53,4,40,,31,56,66,30,64,35,38,12,30,10,16,21,11,21,,23,37,33,36,56,20,34,45,,107,86,58,81,64,83,78,53,81,94,100,83,77,94,89,94,84,22,17,14,38,22,18,35,41,43,42,26,12,46,4,13,36,15,33,23,27,7,27,10,,3,3,15,15,17,36,6,4,5,17,31,13,24,12,6,9,35,7,,22,37,35,22,32,34,36,19,18,48,24,12,29,37,28,26,30,26,26,24,13,5,10,9,7,19,32,18,41,5,5,35,48,46,14,16,18,8,5,4,11,3,,19,12,5,17,111,,55,55,56,61,80,7,70,36,,65,34,74,37,20,,12,44,20,22,20,,30,115,14,25,31,17,16,18,19,10,3,18,13,27,28,14,15,8,54,34,51,60,38,53,78,57,51,64,52,38,60,19,87,54,60,44,51,81,64,117,62,77,50,,58,69,79,,,,97,102,7,5,2,7,110,,29,33,22,49,30,49,33,17,30,36,42,47,15,14,46,,91,72,64,93,82,101,114,104,118,72,42,36,58,38,27,19,16,17,26,15,36,73,52,69,53,9,5,1,31,,49,,45,46,42,22,27,,,68,,69,52,52,,28,18,47,46,51,31,30,42,60,39,44,90,83,93,108,84,,55,,56,,28,38,52,46,71,78,63,98,106,89,94,89,88,75,82,60,,164,105,144,124,105,19,22,26,18,34,27,31,32,33,38,18,29,31,12,27,26,32,13,30,22,23,21,20,37,18,31,22,19,81,82,,15,9,,28,21,17,18,36,16,17,9,,,93,93,90,49,,85,,108,87,90,116,,129,124,,54,54,71,,45,12,38,30,7,29,104,29,52,36,,55,36,64,36,34,47,,9,2,24,3,19,31,19,11,8,10,21,,36,76,17,40,49,4,8,5,12,6,,18,72,73,27,64,59,5,8,14,11,15,48,48,43,24,34,52,71,54,71,,60,60,62,80,46,68,64,51,32,72,53,105,66,69,,63,74,77,49,57,84,81,81,89,81,84,79,74,102,74,69,74,111,100,109,68,111,85,,97,38,32,35,40,61,28,28,32,48,39,33,85,55,28,35,50,21,19,47,21,18,28,47,15,28,18,8,8,42,27,18,20,33,36,6,13,4,14,16,59,69,80,61,84,96,112,106,105,102,6,55,7,12,50,82,92,123,61,,,89,50,38,41,37,104,87,94,104,130,92,19,28,12,,24,30,38,69,78,70,56,76,54,46,55,7,12,5,2,48,10,62,60,68,40,62,63,61,,85,82,51,54,69,73,,103,106,99,111,118,79,55,83,101,75,53,64,40,40,41,44,86,90,24,50,58,44,146,46,79,62,86,29,28,56,43,45,88,72,82,92,85,84,48,75,60,75,63,,62,56,70,135,63,,66,58,61,43,47,75,71,51,50,56,,60,62,35,60,,26,57,56,,,56,39,20,38,62,58,57,78,,97,84,,22,56,26,42,62,66,64,100,94,68,100,129,50,108,,104,111,144,99,,132,73,86,94,94,23,,22,98,83,100,56,26,78,66,,88,94,95,136,,,28,3,100,104,112,106,95,21,24,81,39,,49,52,40,64,35,8,14,46,5,52,21,21,28,23,8,6,17,2,2,7,6,37,,,25,29,34,31,11,5,12,12,21,14,6,17,38,28,42,28,4,8,,,3,4,6,54,18,16,21,65,47,39,55,14,40,,19,47,23,7,20,12,,18,30,44,,63,23,34,45,31,14,35,21,52,25,44,24,42,56,40,28,32,75,45,82,51,,50,19,24,21,63,67,64,58,54,69,,21,28,64,48,74,30,42,14,20,49,33,18,18,28,112,43,44,38,2,8,2,1,52,51,39,20,24,14,7,42,44,8,14,5,21,16,16,37,32,32,28,28,21,34,20,58,68,126,108,107,38,41,64,75,23,27,36,23,27,8,41,47,37,24,28,19,15,25,69,85,84,,51,88,83,102,,97,94,95,,94,86,72,76,76,90,98,100,85,99,74,88,84,78,91,86,86,,24,4,15,10,90,88,83,60,54,49,50,51,17,19,27,53,65,54,,48,43,,11,89,73,80,72,37,32,23,23,13,35,35,34,20,33,47,5,21,14,24,39,29,44,51,50,46,56,47,63,81,108,21,45,15,33,43,76,49,56,49,55,23,41,31,29,43,4,,,,5,5,3,18,24,25,10,6,35,41,,37,24,8,32,35,13,10,28,33,6,8,5,36,34,12,8,38,8,30,19,50,95,101,68,86,104,78,104,59,30,63,48,51,38,60,49,107,71,63,,68,34,45,34,54,49,50,82,47,105,,40,28,,74,54,51,61,50,16,18,18,,84,34,34,38,32,35,62,36,49,52,28,39,38,37,40,5,11,38,26,2,,39,,36,26,23,62,29,2,24,26,4,3,10,8,43,44,,27,40,14,23,4,10,48,40,44,39,5,2,55,37,11,9,58,54,58,55,56,,99,,48,42,38,28,31,16,55,88,76,76,,56,46,42,18,90,84,69,70,95,,58,73,75,54,71,48,61,87,91,84,106,94,59,,116,81,64,51,87,59,54,83,45,82,96,81,86,90,89,91,88,78,89,31,43,30,21,57,13,16,72,58,108,89,175,13,,24,47,44,21,43,9,65,61,59,20,25,24,35,38,91,4,45,48,66,74,116,121,27,5,18,72,69,42,70,17,53,15,57,75,39,48,8,5,65,50,45,39,91,74,88,19,47,13,41,74,54,99,94,100,92,32,57,32,39,29,65,62,47,33,15,32,19,76,65,55,69,74,66,,50,94,58,51,,53,85,80,128,2,87,30,114,31,13,45,86,92,30,51,62,56,74,46
20170820,4,CO,1.2,1.1,1.4,1,1.5,1.1,1.1,1.3,0.8,1.2,1,1.2,,,1.8,,1.3,0.9,,,1.4,0.9,1.5,,1,1.2,,1,1.2,0.6,1.5,0.7,0.6,0.9,2.9,3.3,2.4,2.3,3.8,3.2,0.4,0.4,0.4,0.5,0.5,0.8,0.7,0.7,0.7,0.7,0.8,0.8,0.7,0.6,0.8,0.4,0.4,0.4,0.5,0.5,0.6,0.5,0.5,0.6,0.5,1.2,1,,0.9,0.9,0.5,0.4,0.8,0.5,0.8,0.6,1.3,1.1,1.1,0.8,,,0.8,0.7,1,1.1,1.1,0.8,0.7,1,0.9,1.1,1,1.3,1.3,1.2,0.6,1,0.8,,,0.9,0.8,1,0.8,,0.8,0.7,0.7,0.8,0.9,0.6,0.7,0.7,0.7,1,0.7,0.9,1,1.1,,0.9,0.7,1,0.8,0.9,0.8,0.8,1.2,0.5,,0.3,0.3,0.5,0.3,1.3,0.1,0.4,0.7,0.3,0.6,0.5,0.6,0.7,0.6,0.6,0.8,0.6,0.5,0.4,0.3,1.1,1,0.7,1.1,0.9,0.8,0.7,0.2,0.7,0.4,0.2,0.8,0.3,1.1,0.7,0.7,0.5,0.4,0.6,0.4,0.4,,,,0.8,1,,0.6,0.7,0.4,,1.1,0.2,0.3,,0.4,0.6,0.7,0.6,0.6,0.6,0.8,0.8,1.4,,,,0.6,0.5,,0.7,0.7,0.6,0.3,0.7,,0.5,0.6,0.2,0.3,0.4,0.4,0.8,0.5,,0.7,,0.7,,0.6,0.5,0.8,0.6,0.6,0.7,0.8,0.7,0.6,0.5,0.7,1,0.7,0.9,0.6,0.9,,0.5,0.4,0.4,0.6,0.4,0.6,0.7,1.2,0.9,,,0.6,,0.7,0.7,,0.1,0.4,0.3,0.6,0.6,0.2,,0.5,0.5,0.7,0.5,0.7,0.6,0.5,,0.7,0.6,0.8,1,0.8,0.5,0.8,0.7,0.5,0.9,0.1,,0.8,0.6,0.4,0.4,0.3,0.4,0.4,1.5,0.9,0.6,1.1,1,1,0.5,,1.6,1.2,1.5,1.3,1,1.5,1.3,1.4,,0.3,0.2,0.4,0.3,0.6,0.5,0.5,0.3,0.5,1.3,1.2,1.4,1.6,1.7,1.9,1.7,1.1,1.5,2.6,0.9,0.6,0.9,0.6,0.6,0.8,0.5,0.8,0.9,0.9,0.5,0.9,0.5,0.9,0.7,0.3,0.3,0.7,0.8,0.7,0.7,,1,0.6,1.2,1,0.9,0.6,1,0.7,0.7,0.8,0.6,0.7,0.8,1,0.6,0.6,0.6,0.7,0.6,0.3,0.3,0.5,0.5,,0.9,0.6,0.8,0.8,0.6,0.8,0.8,0.7,0.5,0.6,0.6,0.2,0.5,0.3,0.4,0.6,0.8,0.6,0.6,0.5,0.7,0.6,0.6,0.8,0.5,1,0.8,0.7,0.5,0.9,1.2,1.1,0.9,1.1,1.1,0.9,1.1,0.5,0.6,0.7,0.6,0.6,0.5,,0.7,0.6,0.8,0.6,1.2,0.9,0.9,0.6,,0.8,0.5,0.5,0.8,0.9,,0.6,0.6,1.4,0.9,0.7,,0.5,0.4,0.4,0.4,0.5,0.6,0.5,0.4,0.7,0.4,0.5,0.7,0.9,0.6,1.2,0.8,1,1.3,0.3,0.4,0.4,0.4,0.6,0.5,1.2,1.5,1.2,1.4,1.2,1.1,1.1,1.5,1.3,1.2,1.4,1.3,1.3,0.5,0.5,0.2,0.4,0.4,0.4,,0.8,0.9,0.6,,,,1.1,0.5,0.9,1,1.2,1.3,1,,0.8,0.4,3.5,0.4,0.5,0.4,0.4,0.4,0.4,0.5,0.6,0.3,0.4,0.7,1.1,,1.2,1.6,0.6,0.8,1.1,0.7,1.1,0.6,0.8,0.8,1.2,1.8,1.3,1.1,0.7,0.5,0.7,1,1.6,1.8,1.2,0.6,0.6,0.4,0.5,0.6,0.6,0.8,0.6,,0.7,,0.6,0.6,0.6,0.7,1.3,,,1,,0.8,0.9,0.7,,5.2,2.1,1.2,1.3,0.8,1.1,0.5,0.4,0.8,0.4,0.4,0.4,0.2,0.5,0.3,0.3,,0.4,,0.6,,0.3,0.8,0.5,1,1.1,0.3,0.9,0.4,0.4,0.3,0.4,0.4,0.4,0.4,0.6,0.5,,0.9,0.9,1,0.8,0.6,0.6,0.6,0.7,0.8,0.6,0.6,0.6,0.4,0.7,0.4,0.5,0.6,0.3,0.5,0.4,0.4,0.8,0.7,0.6,0.6,0.6,0.5,0.8,0.7,0.8,0.6,0.5,0.7,1.1,1.3,,0.9,0.8,,0.7,0.9,0.8,0.7,0.5,0.7,0.5,0.5,,,1,1,1,1.2,,1,,0.9,1.1,1.2,1.1,,1.4,1.3,,1.5,1.7,1.4,,1.7,2.3,0.8,1.5,2.7,1.9,0.7,1.1,0.4,0.2,,0.4,0.7,1.2,0.9,0.9,0.9,,0.9,,0.5,0.6,,1.2,0.9,1,1,1,1,0.9,1,0.7,0.7,1.1,0.9,0.7,0.7,0.6,0.9,0.5,,0.4,0.7,0.7,0.3,0.5,0.3,0.2,0.5,0.4,0.5,0.3,0.6,0.4,0.4,0.7,0.6,0.6,0.7,0.5,0.7,,0.6,0.6,0.5,0.6,0.4,0.5,0.9,0.2,0.3,0.6,0.4,0.5,1.4,1.9,,1.4,1.8,2.7,2.3,1.1,1.7,1.1,1.4,2.4,1.1,1.2,0.8,1.5,2.3,1.5,1.1,1.2,1.2,1,1.3,1.4,1.1,1,,1,0.9,1,0.9,1.2,0.8,0.7,0.6,1,0.3,0.6,0.6,0.4,0.5,0.6,0.5,1.3,1.1,1,0.6,1.1,1.1,1.2,1,0.4,0.7,0.5,0.7,0.5,0.2,0.6,0.7,0.8,0.8,0.9,1.1,1.4,0.8,0.6,0.4,0.6,0.5,0.6,0.6,1,1.1,1,1.2,1,1.1,2,0.2,1,0.7,0.4,0.4,0.5,0.4,0.6,,,0.5,0.7,0.7,0.6,0.8,0.9,0.5,0.6,0.6,0.5,0.7,0.9,0.5,0.3,,0.4,0.8,0.9,1.2,1.1,1.4,1.3,1.6,1.5,1.6,1.4,1.1,1.2,1.2,1.6,0.9,0.9,1.1,1,1,1.1,1.1,0.9,1,,0.9,0.9,0.3,0.3,0.2,0.4,,0.4,0.2,0.6,0.8,0.3,0.7,0.5,0.6,0.8,1.4,1.3,1.9,0.6,1.6,1.1,1.4,0.6,0.1,0.6,0.6,0.2,,0.5,0.2,0.4,,0.4,0.5,0.9,0.4,0.5,0.4,0.5,0.4,0.4,0.5,0.2,0.2,0.5,0.6,0.7,0.6,0.5,0.7,0.7,0.5,0.3,0.3,0.5,,0.5,0.7,1.1,0.8,0.9,0.7,0.8,0.3,0.6,0.7,,0.4,0.4,0.6,0.9,,0.8,0.6,0.5,,,0.3,0.3,0.6,0.4,0.6,0.4,0.4,1.1,,1.1,1,,0.9,0.6,3.1,1.5,2.4,2.5,1.5,2.2,1.2,1.9,1.1,1.4,0.9,1.1,,1,0.9,1.2,0.9,,1.1,1.1,1.1,1.1,1,1.6,,1.9,1.1,0.5,0.5,0.4,0.8,0.3,0.4,,0.7,0.3,0.3,0.7,,,0.3,0.2,0.7,0.6,0.3,0.3,0.3,0.7,0.9,1.2,1.2,0.4,0.4,0.6,0.6,0.7,0.9,0.5,0.3,0.5,0.9,0.9,0.5,0.3,0.6,0.3,0.9,1,0.8,1.1,1,0.8,1.1,1,,,0.2,0.8,0.6,0.6,0.5,0.7,0.4,0.6,0.5,0.4,2,0.4,0.5,0.3,0.3,0.5,0.3,0.5,0.2,0.5,0.3,0.4,0.6,0.3,0.4,0.7,0.5,0.7,0.6,0.5,0.4,0.2,0.7,,0.6,0.6,0.6,0.8,0.8,0.4,,0.5,0.4,0.4,,0.3,0.8,0.8,0.9,1,1.1,0.8,1.3,0.8,0.7,0.4,1.1,0.4,0.5,0.5,0.9,0.4,0.3,0.3,0.4,0.7,,0.3,0.2,0.5,0.6,0.2,0.3,0.3,0.4,0.7,0.6,,0.7,0.8,0.4,0.5,0.4,0.7,0.7,0.7,0.6,0.7,1.2,0.9,0.8,0.9,0.7,0.8,0.9,0.8,0.7,0.7,0.5,0.8,0.6,0.7,0.6,0.8,1,0.8,0.8,1.2,0.2,0.9,0.8,0.8,0.5,0.5,1,0.5,0.9,0.1,0.7,0.6,0.3,0.4,0.3,1.3,1.2,0.9,0.6,1.3,0.8,,1.1,0.6,0.7,0.4,0.5,0.7,0.6,0.7,0.8,0.3,0.3,0.9,1.4,1.1,0.9,1.1,2.1,1.6,1.6,,1.4,1.5,1.3,0.9,,0.9,1,1.1,,1.1,0.8,0.9,0.9,0.7,1.5,1.2,1.8,1.4,1.4,1.2,0.7,0.9,0.8,0.9,1.3,1.2,,0.8,0.8,1.2,1,0.6,1,0.7,0.5,0.4,0.9,0.9,0.9,0.8,0.8,0.9,0.5,0.7,0.8,,0.8,0.7,,1.1,0.8,1,0.8,1.1,0.8,0.6,0.7,1.1,0.8,0.7,1,0.7,0.7,1.5,0.6,0.8,0.5,0.6,0.5,0.6,1.1,0.5,0.8,0.9,0.8,2.2,1.9,1.6,1.6,1.1,0.4,0.5,0.4,0.5,0.5,1.2,1.3,1.2,1,1.5,0.9,2.2,1.7,0.6,0.7,0.7,0.8,1.2,0.9,0.7,1,0.6,0.7,0.6,0.6,1.6,1.4,0.7,0.5,,0.9,1,0.7,0.9,0.8,1.1,1,1,1.3,0.4,0.7,0.6,0.4,0.5,0.7,0.4,0.8,0.5,0.4,0.7,0.8,0.4,0.6,0.5,0.4,0.5,0.4,0.4,0.6,0.7,0.6,0.7,0.3,0.4,0.4,0.4,0.5,0.7,1.1,,0.6,0.4,0.4,0.4,0.5,0.6,0.5,0.6,0.6,0.3,,0.6,0.6,,0.5,0.6,0.5,0.4,0.5,0.4,0.3,0.5,,0.4,0.7,0.6,0.5,0.6,0.3,0.4,0.4,0.3,0.8,0.4,0.3,0.5,0.5,0.5,0.4,0.8,0.6,0.6,0.9,0.7,0.6,,0.5,1.3,0.9,0.2,0.7,0.8,0.8,0.6,0.3,0.3,0.9,1,0.6,0.7,,0.3,0.3,0.7,0.6,0.6,0.1,0.6,0.7,0.6,0.5,1.2,0.9,0.9,0.3,0.6,0.5,0.3,0.3,0.4,0.2,0.9,,0.2,,0.3,0.2,0.4,0.9,1,0.9,1,1.1,1.2,1.1,,0.8,0.5,0.7,0.8,0.3,0.5,0.3,0.5,0.7,,0.5,0.4,0.4,0.3,0.5,0.2,0.2,1,1.1,1,0.1,0.2,0.4,,0.6,0.5,0.1,1.2,0.6,0.8,0.5,1.1,0.5,0.6,0.8,0.7,0.7,0.4,0.4,0.6,1.8,0.8,1,1,0.9,1.2,1.4,0.3,1.3,0.8,0.4,0.3,0.8,0.6,1.3,0.9,,0.5,1,0.5,1.7,1.3,1.5,0.9,0.7,0.8,0.7,0.6,0.8,1.1,0.3,1.2,0.9,2,0.9,1.1,0.9,1,1.4,1.5,0.6,0.6,0.6,0.4,0.7,0.8,0.4,0.4,0.6,0.4,0.9,1.1,0.8,1.2,1.2,0.3,0.3,0.9,1.1,0.5,0.7,0.6,0.4,0.5,1,0.7,0.7,1.2,1,0.8,0.8,0.5,1.4,0.3,0.4,0.5,0.6,1.2,1.1,0.7,0.5,0.6,0.7,0.6,0.9,0.5,0.7,0.3,0.5,1.9,,1.7,1,1.1,0.9,,0.6,0.6,0.4,0.9,0.5,0.6,0.4,1.2,1.4,0.2,1.3,1.7,0.3,0.7,0.3,0.3,0.8,0.2,1.1
20170820,4,CO_24h,1.1,0.8,1.1,0.9,1.1,1,1,1.2,0.9,1,0.9,1.1,,,1,,0.8,0.6,,,0.9,0.7,0.8,,0.7,1,,0.9,0.8,0.6,1.5,0.8,0.6,0.7,2.1,2.1,2,1.9,2.4,2.2,0.5,0.5,0.5,0.5,0.5,0.8,0.8,0.9,0.8,0.6,0.7,0.7,0.6,0.5,0.7,0.5,0.5,0.5,0.7,0.5,0.5,0.5,0.5,0.6,0.5,1.3,1,,1.1,0.9,0.4,0.3,0.6,0.4,0.7,0.5,1.2,0.9,1,1,,,1,0.8,1.3,1.1,1.2,1.1,0.8,1.2,0.8,1.1,1,1.2,1.2,1.2,0.8,1,0.8,,,0.9,0.8,1,0.9,,1,0.8,0.8,0.9,1,0.6,0.8,0.8,0.9,0.8,1.2,0.9,1,1.1,,1,0.7,0.9,0.8,0.9,0.8,0.7,1,0.6,,0.4,0.6,0.6,0.7,1.3,0.3,0.3,0.7,0.4,0.8,0.5,0.8,0.8,0.7,0.7,0.6,0.6,0.6,0.8,0.6,1.6,1.1,0.9,1.3,1.2,0.8,0.9,0.4,0.7,0.5,0.3,0.9,0.4,1.1,0.8,0.8,0.6,0.5,0.7,0.5,0.4,,,,0.9,0.6,,0.6,0.7,0.4,,1,0.3,0.4,,0.5,0.6,0.7,0.7,0.6,0.7,0.8,0.9,0.7,,,,0.6,0.5,,0.8,0.9,0.7,0.4,0.8,,0.7,0.7,0.4,0.4,0.4,0.4,0.8,0.5,,0.8,,0.8,,0.5,0.6,0.8,0.6,0.7,0.7,0.8,0.7,0.6,0.6,0.7,0.9,0.7,0.8,0.6,0.9,,0.5,0.5,0.4,0.7,0.5,0.5,0.7,1.1,0.7,,,0.6,,0.8,0.8,,0.2,0.5,0.6,0.6,0.6,0.3,,0.6,0.5,0.5,0.5,0.7,0.7,0.6,,0.6,0.7,0.8,0.9,0.8,0.5,0.9,0.7,0.5,0.9,0.2,,0.6,0.6,0.5,0.3,0.3,0.4,0.4,1.4,0.6,0.6,1.1,1,0.9,0.5,,1.5,1.1,1.4,1.1,1,1.3,1.1,1.1,,0.3,0.3,0.4,0.4,0.6,0.6,0.5,0.2,0.6,1,1.1,1.3,1.4,1.1,1.5,1.5,1,1.4,0.8,0.8,0.6,0.6,0.6,0.5,0.7,0.5,0.6,0.8,0.7,0.5,0.6,0.6,0.6,0.6,0.4,0.4,0.6,0.7,0.7,0.7,,0.8,0.7,0.8,0.9,0.8,0.6,0.9,0.6,0.7,0.7,0.6,0.7,0.7,0.8,0.6,0.6,0.6,0.5,0.6,0.3,0.4,0.4,0.5,0.5,1,0.7,0.6,0.8,0.6,0.7,0.8,0.8,0.5,0.5,0.5,0.2,0.5,0.4,0.4,0.7,0.9,0.7,0.7,0.6,0.7,0.6,0.6,0.7,0.5,0.9,0.9,0.7,0.5,0.9,1,1,0.8,0.9,1,0.8,1,0.5,0.5,0.7,0.5,0.6,0.5,,0.8,0.6,0.8,0.6,1.1,0.8,0.8,0.7,,0.7,0.5,0.4,0.8,0.8,,0.7,0.6,1,0.9,0.8,,0.6,0.2,0.4,0.4,0.6,0.5,0.4,0.4,0.6,0.4,0.5,0.6,0.8,0.6,0.9,0.5,0.8,0.8,0.4,0.7,0.4,0.4,0.7,0.5,1.3,1.6,1.3,1.5,1.3,1.1,1.2,1.6,1.3,1.4,1.5,1.4,1.3,0.7,0.8,0.4,0.6,0.6,0.4,,0.9,0.7,0.6,,,,0.8,0.5,0.8,1,0.8,1,0.7,,0.8,0.7,1.3,1.1,0.7,0.8,0.4,0.5,0.5,0.6,0.7,0.3,0.5,0.3,0.9,,1.2,1.5,0.9,0.9,1,0.8,1.2,0.6,0.8,1,0.8,1.9,0.8,0.9,0.8,0.7,0.7,1.1,1.2,1.2,0.9,0.9,0.9,1.1,0.8,0.6,0.5,0.7,0.6,,0.5,,0.8,0.9,0.7,0.8,0.9,,,1.1,,1,1.1,0.9,,1.6,1.3,1.2,1.4,0.9,1.3,0.4,0.4,0.7,0.3,0.3,0.6,0.4,0.7,0.4,0.6,,0.5,,0.7,,0.4,0.9,0.7,1.1,1.3,0.6,1.2,0.5,0.4,0.4,0.5,0.4,0.6,0.6,0.7,0.6,,0.9,0.9,0.8,1,0.7,0.7,0.6,0.6,0.7,0.6,0.6,0.6,0.4,0.7,0.4,0.5,0.6,0.4,0.5,0.5,0.4,0.8,0.8,0.7,0.7,0.7,0.5,0.8,0.7,0.9,0.5,0.6,0.8,1,1.2,,0.9,0.8,,0.7,0.9,0.9,0.7,0.7,0.6,0.6,0.5,,,0.9,1.1,1.1,1.1,,1.2,,1.4,1.2,1.3,1.2,,1.3,1.4,,1.6,1.8,1.4,,1.6,1.5,0.8,1,1.3,1.4,0.8,1.1,0.5,0.5,,0.8,0.9,1.8,1.4,1.1,1.1,,0.9,,0.6,0.6,0.5,0.8,0.9,1.2,1.2,1.1,1,0.8,0.8,0.8,0.6,1.1,1.1,0.7,0.7,0.5,0.8,0.5,,0.4,0.8,0.8,0.3,0.6,0.3,0.3,0.6,0.4,0.4,0.4,0.6,0.5,0.4,0.6,0.6,0.8,0.9,0.6,0.9,,1.1,0.9,1.2,0.8,0.6,0.7,1,0.4,0.3,0.6,0.4,0.5,1.2,1.8,,1.2,1.5,2.3,2,1.1,1.8,1.3,1.5,2.4,0.9,1,0.8,1,1.7,1.4,1.1,1.1,1,0.8,1.1,1.1,1,0.9,,0.9,0.8,1.1,0.9,1.2,0.8,0.8,0.7,0.9,0.4,0.6,0.5,0.4,0.5,0.6,0.6,1.2,1.1,1,0.6,1.1,1.2,1.1,1,0.4,0.7,0.5,0.7,0.6,0.3,0.8,0.7,0.6,0.8,0.5,0.8,0.9,0.8,0.6,0.4,0.6,0.6,0.6,0.6,1,1.3,1,1.3,1,1.1,1.7,0.6,1,0.9,0.3,0.4,0.4,0.4,0.6,,,0.6,0.7,0.7,0.6,0.8,0.8,0.5,0.5,0.6,0.4,0.6,0.9,0.4,0.4,,0.3,0.8,0.8,1.3,1.2,1.4,1.4,1.5,1.5,1.6,1.4,1.1,1.2,1.2,1.4,0.9,0.9,1.2,1.1,1.1,1.3,1.2,1.1,1.1,,1,1,0.3,0.2,0.2,1.1,,0.6,0.6,0.4,0.7,0.3,0.7,0.5,0.7,0.8,1.5,1.2,1.8,0.6,0.7,0.8,0.9,0.8,0.2,0.5,0.6,0.3,0.8,0.7,0.4,0.5,0.1,0.6,0.7,1.1,0.5,0.6,0.4,0.6,0.4,0.5,0.6,0.4,0.4,0.7,0.8,0.8,0.6,0.5,0.9,0.6,0.6,0.6,0.6,0.6,,0.6,0.9,0.8,0.7,0.9,0.6,0.8,0.4,0.6,1,,0.6,0.5,0.6,0.8,,0.8,0.7,0.6,,,0.4,0.2,0.5,0.4,0.6,0.4,0.4,1,,0.9,0.9,,0.8,0.5,1.9,1.3,1.6,1.4,1.5,1.5,1.1,1.2,1.3,1.5,0.9,1.2,,1.1,1,1.5,1.3,,1.6,1.4,1.1,1.1,1.1,1.9,,2.1,1.5,0.9,0.9,0.5,0.4,0.4,0.5,,0.8,0.5,0.4,0.8,,,0.5,0.3,0.6,0.6,0.5,0.7,0.5,0.5,0.5,0.8,0.7,0.2,0.5,0.6,0.5,0.8,0.7,0.6,0.3,0.5,0.8,0.7,0.6,0.3,0.8,0.4,0.9,1.1,0.9,0.8,0.9,0.8,1.2,1,,,0.2,0.8,0.7,0.6,0.4,0.6,0.4,0.4,0.5,0.5,1,0.6,0.9,0.4,0.6,0.4,0.4,0.5,0.3,0.4,0.3,0.5,0.7,0.3,0.5,0.5,0.4,0.7,0.6,0.5,0.5,0.3,0.8,,0.5,0.6,0.5,0.6,0.7,0.3,,0.5,0.4,0.3,,0.4,0.7,0.6,0.7,0.8,0.8,0.5,0.9,0.4,0.8,0.3,0.7,0.5,0.6,0.5,1,0.4,0.4,0.4,0.6,0.8,,0.5,0.2,0.4,0.5,0.2,0.4,0.4,0.5,0.7,0.6,,0.7,0.6,0.5,0.6,0.4,0.7,0.7,0.7,0.6,0.7,1.7,1.5,0.8,1.2,0.6,0.9,1,0.9,0.6,0.8,0.6,0.6,0.7,0.9,0.8,0.7,1.1,0.9,1.1,0.9,0.3,0.9,1,0.9,1.1,0.5,0.7,0.7,1.7,1,0.7,0.9,0.4,0.3,0.3,1.2,0.9,1,0.6,1.2,0.7,1,0.9,0.6,0.7,0.6,0.8,0.7,0.6,0.7,0.8,0.5,0.4,0.9,1.3,1.1,0.8,1.1,1.9,1.5,1.5,,1.3,1.1,1.1,1.2,,1.2,1.2,0.8,,0.7,0.6,0.6,0.7,0.5,1.2,0.9,1.5,1,1,1,0.6,0.7,0.6,0.7,0.9,0.9,,0.8,0.7,0.9,0.8,0.7,1.1,0.8,0.5,0.5,0.8,0.9,0.8,1.1,0.7,1.3,0.6,0.8,0.8,,0.8,0.6,,1.1,0.8,1,0.9,1,0.9,0.6,0.8,1,0.8,0.6,0.8,0.8,0.7,0.9,0.7,0.5,0.5,0.6,0.5,0.6,1,0.4,0.8,0.8,1,1.3,1.8,1.6,1.5,1,0.4,0.4,0.4,0.5,0.4,1.2,1.2,1,0.9,1.3,0.9,2.3,1.5,0.9,0.7,0.8,1,1,1.1,0.8,1.1,0.9,0.8,0.8,0.7,1.1,0.9,0.7,0.5,,0.7,1,0.6,1,0.8,1.1,0.9,0.8,1.3,0.4,0.8,0.6,0.4,0.5,0.7,0.4,1,0.7,0.5,0.9,0.8,0.4,0.6,0.7,0.4,0.6,0.5,0.5,0.5,0.6,0.6,0.6,0.2,0.3,0.3,0.3,0.4,0.6,1,,0.5,0.4,0.4,0.4,0.5,0.6,0.4,0.6,0.7,0.3,,0.6,0.7,,0.5,0.6,0.6,0.5,0.5,0.7,0.5,0.5,,0.5,0.7,0.6,0.6,0.7,0.6,0.4,0.5,0.3,0.5,0.4,0.3,0.5,0.5,0.4,0.5,1,0.6,0.6,0.9,0.8,0.6,,0.5,1.3,0.9,0.2,0.6,0.8,0.9,0.7,0.4,0.3,0.8,1,0.6,0.8,,0.5,0.4,0.7,0.7,0.6,0.1,0.6,0.8,0.7,0.6,1.3,0.8,0.9,0.4,0.7,1,0.5,0.4,0.4,0.3,0.9,,0.2,,0.3,0.2,0.6,1,0.9,1,1.1,1.3,1.4,1.2,,0.8,0.7,0.8,0.9,0.6,0.6,0.2,0.5,0.6,,0.5,0.4,0.4,0.5,0.6,0.5,0.4,0.8,1,0.9,0.2,0.3,0.4,,0.8,0.8,0.1,1.2,0.8,0.9,0.6,1.1,0.5,0.6,1,0.9,0.9,0.6,0.7,0.7,1.7,1,1.2,0.9,0.9,1.5,1.6,0.3,1.1,0.8,0.4,0.4,0.9,0.6,1.2,0.5,,0.5,1,0.5,0.9,0.9,1,0.7,0.7,0.7,0.8,0.7,0.6,1.1,0.4,1.2,0.7,1.1,0.8,0.8,1.1,1.1,1.8,1.8,0.5,0.6,0.7,0.4,0.8,0.9,0.4,0.5,0.7,0.5,1,1.1,0.8,1.9,1.3,1,0.3,1.1,1,0.4,0.8,0.5,0.4,0.5,1.1,0.7,0.7,0.8,1.2,0.6,0.6,0.6,1.4,0.4,0.5,0.6,0.8,0.6,0.8,0.7,0.7,0.5,0.9,0.6,0.8,0.5,0.7,0.4,0.5,1.8,,1.2,1.3,1,0.9,,0.6,0.8,0.3,0.8,0.6,0.7,0.5,1,1.4,0.3,0.8,1.5,0.4,0.4,0.2,0.3,0.7,0.3,0.9
20170820,5,AQI,85,70,100,68,107,102,57,67,57,92,97,72,,,97,,97,93,,,89,94,79,,97,97,,87,109,94,90,79,103,57,73,70,100,76,85,75,42,33,42,43,64,114,144,98,92,73,68,108,93,84,72,58,53,52,69,60,52,52,44,53,45,65,68,,55,63,66,80,75,70,77,87,78,95,85,67,,,60,72,61,68,64,81,85,97,104,105,92,107,99,109,28,38,40,,,54,43,46,39,,50,35,25,25,28,31,35,23,39,41,34,51,60,40,,36,19,20,35,26,35,108,102,70,,62,70,71,55,61,30,52,53,72,24,19,27,19,18,29,20,23,29,15,19,20,18,17,12,,15,21,23,20,21,22,13,20,16,16,19,22,20,31,25,37,,,,58,35,,46,,65,,47,28,25,,15,23,21,12,22,26,19,26,23,,,,26,21,,21,29,20,15,31,,24,20,24,29,30,45,33,43,,29,,39,,57,31,31,30,30,26,32,30,26,20,38,17,35,52,50,52,,43,48,56,65,46,52,40,44,61,,,17,,30,24,,47,34,38,26,26,26,,20,19,52,43,52,35,32,,26,28,27,25,27,42,33,27,23,22,53,,63,51,57,62,40,38,38,74,80,68,83,79,89,20,,70,74,114,99,94,122,142,128,,31,31,33,38,27,31,25,67,29,67,68,77,72,83,67,68,70,87,75,55,57,73,53,99,50,81,66,51,70,37,98,57,45,54,36,35,46,52,32,43,,43,48,33,79,45,63,32,49,22,35,20,25,27,64,28,27,22,21,36,14,16,14,13,65,25,30,17,30,23,51,39,12,15,10,8,16,26,20,23,33,32,32,23,29,38,42,39,64,36,58,45,30,48,51,70,51,52,67,52,,68,25,12,23,19,15,39,,45,40,53,39,33,68,44,57,,35,54,51,33,63,,34,45,40,30,58,,30,55,24,38,15,29,37,33,40,33,51,34,34,25,39,31,29,48,19,15,21,20,18,20,87,73,60,69,77,69,68,90,70,63,52,83,75,24,42,34,28,23,14,,18,18,62,,,,54,55,39,71,79,61,67,,45,33,73,40,50,35,53,57,45,37,40,39,23,51,49,,67,109,77,79,102,69,70,48,65,65,75,142,57,57,30,32,31,40,74,91,45,33,39,29,47,71,55,,35,,39,,41,41,44,47,68,,,77,,74,30,30,,75,60,69,75,55,42,72,43,60,44,70,25,25,28,34,26,,51,,59,,46,36,40,36,45,26,39,20,20,20,32,28,29,44,33,45,,87,87,69,65,77,68,46,39,37,29,48,19,16,19,20,25,18,11,20,20,31,44,65,46,15,18,25,52,56,52,26,36,33,98,102,,49,51,,33,36,33,32,23,60,52,37,,,56,59,72,93,,39,,54,42,59,63,,68,60,,57,70,57,,72,96,87,84,114,91,43,53,52,42,,29,28,47,32,34,32,,48,54,18,33,21,68,34,32,47,51,57,57,55,70,68,54,45,34,41,36,30,36,,15,46,34,46,20,52,40,51,54,34,46,25,36,32,33,23,19,25,21,,,20,25,26,27,46,46,46,22,52,52,64,29,97,152,,100,105,101,115,67,75,63,67,74,59,64,67,70,166,115,95,113,82,93,84,133,97,87,,77,37,41,39,39,28,56,46,58,38,43,36,41,36,43,51,38,50,50,28,37,58,19,25,30,53,50,59,14,25,16,26,52,55,55,59,69,59,20,19,38,39,38,36,32,37,42,33,55,51,57,22,63,36,64,62,60,63,78,,,67,18,35,48,41,48,52,60,64,52,47,69,43,101,,44,25,38,51,60,54,61,46,57,57,58,62,71,80,82,38,66,46,49,42,54,53,51,79,,77,68,23,16,21,25,,26,28,49,39,46,25,34,34,39,64,61,66,30,45,82,89,30,34,48,32,34,36,11,33,32,28,30,37,49,40,55,47,30,25,25,30,23,27,19,22,25,21,14,18,15,15,29,48,19,,21,20,30,16,38,20,18,13,19,22,,17,19,43,36,,38,35,36,,,33,40,49,32,17,16,33,59,,72,77,,93,78,114,105,92,79,101,103,48,68,49,42,43,73,,53,55,72,67,,58,72,54,55,44,86,,65,37,33,38,18,62,40,29,,53,52,68,80,,,25,35,33,35,36,37,30,60,59,80,77,61,,58,55,125,57,26,48,47,59,42,50,46,37,38,42,25,26,33,36,34,28,27,,,45,23,26,35,33,47,56,32,35,24,105,19,47,16,28,13,17,10,14,44,43,56,50,24,24,41,20,47,49,33,20,20,21,,74,65,64,37,45,44,,50,64,53,,36,68,43,73,27,30,33,53,,22,30,60,49,43,31,33,44,23,39,32,23,,36,27,30,40,30,29,19,29,31,57,,55,58,23,13,36,59,49,54,28,46,61,54,55,48,55,51,63,53,59,56,67,52,40,35,29,82,72,69,75,59,15,75,48,45,41,42,56,53,49,42,34,42,42,50,36,115,88,67,69,99,77,82,64,79,36,42,43,32,42,43,59,48,57,50,43,47,51,77,70,67,67,,78,84,68,57,,63,54,80,,80,98,83,80,89,103,69,115,80,102,80,86,75,54,97,113,78,,51,57,79,54,26,29,26,34,90,95,62,134,43,52,53,43,54,49,,46,46,,57,40,30,27,55,30,23,19,52,50,59,55,38,44,50,35,51,50,59,63,49,51,47,59,37,38,30,64,67,48,56,30,26,35,38,34,30,36,45,55,60,39,58,49,36,45,7,28,58,61,61,77,77,59,35,34,57,57,53,57,,73,68,36,42,43,52,60,50,51,22,53,52,36,41,38,26,24,41,16,52,65,60,49,61,100,48,43,45,48,48,42,50,63,43,44,43,47,65,64,,55,51,36,40,,41,59,53,64,49,,23,33,,43,64,55,58,47,5,5,10,,22,12,22,23,23,29,32,50,39,56,34,16,18,17,18,54,35,64,49,28,19,15,,18,19,16,45,51,83,35,11,42,17,29,18,21,18,,33,25,23,23,14,20,14,26,20,11,23,41,32,13,14,12,22,19,18,16,22,,27,,12,13,26,40,52,35,53,49,45,40,,30,18,29,32,30,27,22,49,45,,18,18,26,39,47,52,31,52,55,59,47,29,52,,35,25,39,40,27,20,22,54,16,30,28,33,29,25,26,26,62,82,60,74,88,38,40,19,46,40,38,40,34,42,74,249,,155,131,101,94,39,68,13,15,33,31,42,62,28,38,62,25,103,103,75,96,99,72,109,41,30,25,52,31,18,50,49,40,38,84,43,16,48,49,31,43,52,30,53,24,26,19,67,63,60,72,79,36,67,49,56,54,20,35,26,51,25,29,20,51,52,32,44,23,45,47,46,51,60,,89,53,140,107,58,82,57,26,105,29,54,31,85,63,23,94,63,26,60,40,31,62,20,55
20170820,5,PM2.5,63,51,75,49,80,76,40,48,40,68,72,52,,,72,,72,69,,,66,70,58,,72,72,,64,82,62,67,53,77,16,48,43,61,46,55,55,29,23,27,19,24,86,110,73,68,53,49,81,69,62,52,38,34,29,44,43,9,8,22,22,21,47,49,,39,44,41,59,55,51,56,64,57,71,48,48,,,43,46,39,40,46,40,59,50,66,79,62,61,74,82,15,24,23,,,24,24,24,25,,28,20,17,17,16,14,14,13,27,24,14,20,14,16,,13,9,7,12,10,13,34,40,21,,20,13,25,15,23,15,26,20,3,,,15,,12,20,13,14,20,,,,,,,,3,,,14,10,15,1,13,8,10,11,15,11,15,13,17,,,,41,17,,12,26,32,,19,19,12,,,16,6,1,15,18,,18,12,,,,16,10,,4,9,11,4,11,,7,14,11,14,13,20,23,30,,13,,27,,40,19,20,18,21,18,20,21,9,14,24,6,21,36,35,36,,30,33,34,47,26,27,25,28,36,,,7,,21,16,,22,20,26,14,18,18,,13,13,33,24,36,23,22,,7,15,12,17,17,23,23,14,16,13,26,,23,24,29,27,28,10,26,49,32,13,53,40,42,14,,39,54,86,74,70,92,108,97,,9,5,5,8,7,12,13,32,7,48,49,56,52,61,44,49,51,35,42,26,30,34,36,38,20,24,37,20,51,22,73,30,26,27,25,21,27,36,22,24,,19,28,23,58,31,45,22,34,13,17,11,14,17,34,12,12,15,12,21,8,11,7,9,47,12,21,4,9,16,34,27,8,7,7,,10,18,14,16,23,22,22,15,20,24,28,27,28,23,39,25,18,26,27,36,22,24,26,22,,29,5,8,16,5,10,18,,19,18,26,18,9,27,23,27,,24,15,17,21,17,,19,30,28,16,22,,20,31,5,19,3,20,13,13,8,23,17,17,12,17,11,19,12,23,3,3,3,3,1,3,64,53,43,50,56,50,49,45,51,45,36,61,55,15,15,6,19,10,5,,6,5,26,,,,34,17,15,14,48,31,13,,10,17,32,28,23,23,37,40,30,15,21,27,16,18,21,,43,82,56,58,76,41,51,28,47,47,55,108,30,38,17,17,20,19,51,57,31,17,27,20,32,29,24,,18,,27,,13,17,15,14,39,,,56,,53,12,20,,33,34,30,55,23,29,32,12,27,10,37,5,12,12,6,5,,25,,38,,21,24,28,20,18,18,17,5,7,9,9,8,16,17,14,31,,64,64,50,46,56,49,32,16,24,19,27,10,11,13,14,17,12,1,13,14,18,27,32,32,10,8,17,31,32,24,18,25,14,73,76,,34,33,,23,25,23,22,16,32,27,8,,,38,42,52,38,,26,,38,29,42,45,,49,43,,40,51,40,,52,67,64,61,78,64,26,26,31,29,,20,15,21,22,22,22,,25,18,6,14,11,40,14,19,26,14,23,20,39,51,49,31,31,14,15,8,10,12,,10,24,17,28,13,13,23,16,23,16,32,8,25,22,10,12,4,3,4,,,8,7,9,8,22,18,23,15,27,27,29,14,66,116,,75,79,73,87,48,55,45,48,54,42,46,48,51,126,87,71,85,60,69,62,101,72,64,,56,24,22,19,19,19,29,26,32,26,30,25,27,25,30,32,26,33,35,11,18,22,13,17,16,36,32,28,9,4,3,17,36,37,39,36,50,26,4,3,26,27,26,25,22,24,29,22,39,29,26,14,20,13,46,44,43,45,57,,,48,12,5,33,20,29,36,38,45,36,29,16,30,32,,18,16,26,33,42,38,43,32,40,33,41,30,14,40,60,26,33,29,34,29,36,37,34,41,,56,49,3,3,5,12,,15,2,34,27,2,13,18,11,14,31,26,30,18,31,60,66,4,4,24,21,18,10,4,23,22,19,8,8,23,22,14,19,9,6,14,20,5,2,11,10,13,12,4,,8,10,20,33,13,,4,5,21,11,26,8,12,9,13,3,,7,4,20,24,,26,20,22,,,22,21,21,19,8,6,23,42,,52,56,,39,49,86,79,68,58,72,77,30,36,34,29,30,53,,37,39,52,47,,41,52,37,39,21,53,,47,19,23,26,12,44,28,20,,37,36,19,59,,,4,8,16,18,24,8,18,43,42,59,56,34,,38,28,95,26,18,29,26,32,29,35,24,24,26,11,13,15,12,11,14,7,9,,,10,14,12,15,15,13,33,20,24,13,17,4,14,11,18,9,8,7,7,25,26,18,19,11,16,21,14,29,34,23,5,10,12,,54,47,46,13,19,21,,22,46,22,,16,49,30,53,11,18,15,34,,7,13,43,26,30,17,7,14,10,15,14,13,,21,11,21,25,2,10,13,3,16,40,,36,40,5,3,7,29,34,31,19,18,43,38,36,33,38,34,45,37,35,27,28,25,28,22,20,60,52,50,55,42,6,37,30,20,19,28,27,21,26,26,22,29,29,28,25,87,65,48,50,74,56,60,46,58,25,26,24,21,24,30,42,33,40,35,29,30,33,38,51,48,48,,57,62,46,40,,45,37,59,,59,73,61,59,66,77,50,87,59,76,50,55,55,21,72,85,57,,24,27,12,38,17,20,18,14,67,71,37,102,30,29,15,30,35,29,,15,32,,20,28,19,17,39,17,16,10,34,34,38,23,21,30,26,19,30,35,35,45,31,24,28,42,11,12,12,46,28,19,17,9,18,18,26,18,17,25,19,15,30,27,41,34,25,31,1,14,26,42,42,56,56,19,22,18,31,30,37,40,,53,38,25,29,30,31,34,35,35,11,22,18,21,22,26,18,5,8,6,9,47,43,34,31,75,33,27,27,33,31,29,31,26,10,23,30,26,47,34,,17,24,25,28,,26,18,32,46,34,,14,17,,11,22,22,31,11,3,3,4,,10,8,15,12,14,20,22,35,7,12,21,8,8,10,7,9,8,26,31,12,13,10,,3,5,9,20,27,22,9,7,29,10,9,12,12,11,,3,15,13,11,8,7,6,18,14,2,8,13,,1,,8,2,3,,,15,,1,,4,3,18,24,35,24,33,26,28,26,,15,12,14,22,11,9,8,34,30,,12,2,18,23,28,18,17,36,39,42,19,15,24,,13,5,27,28,16,14,5,38,3,21,8,2,20,6,5,7,18,17,17,19,27,26,28,6,24,18,8,8,16,18,18,98,,62,53,57,64,21,36,7,7,23,10,29,25,15,21,44,17,77,77,55,63,74,52,36,11,15,,36,15,11,29,34,24,18,61,30,11,17,11,5,30,25,15,28,9,17,13,48,45,35,52,58,15,24,19,33,18,14,24,18,15,15,19,14,23,28,22,20,14,25,19,20,13,41,,66,37,107,80,37,60,38,15,79,12,19,14,63,28,16,70,45,9,40,20,7,36,7,39
20170820,5,PM2.5_24h,43,40,45,37,45,46,38,43,34,44,45,50,,,40,,40,39,,,36,38,26,,37,41,,58,63,50,70,47,56,40,38,38,50,42,51,43,16,19,28,17,25,75,94,89,67,42,39,58,56,49,43,31,36,16,29,33,12,9,21,14,23,37,33,,37,30,35,41,43,40,44,54,50,59,51,38,,,38,32,36,32,33,34,51,47,50,60,46,50,60,55,17,25,32,,,28,32,26,28,,32,19,16,19,17,14,20,17,22,19,17,15,13,10,,10,6,6,8,10,12,24,22,12,,26,22,23,25,23,18,17,22,30,31,42,33,25,37,32,28,27,31,14,12,14,11,19,8,15,17,8,24,23,22,20,17,24,21,21,28,27,23,30,26,14,,,,24,14,,10,15,18,,31,28,24,,19,29,21,22,28,25,25,26,23,,,,22,22,,30,27,26,20,24,,23,15,14,14,13,18,20,13,,6,,19,,15,27,25,16,32,26,27,30,28,25,28,18,25,32,33,26,,32,27,26,43,34,34,44,42,29,,,19,,32,33,,29,34,35,21,23,19,,26,20,34,37,42,21,25,,16,20,15,16,21,25,24,19,16,19,33,,33,35,35,41,34,15,26,35,24,20,40,33,32,24,,30,36,49,31,42,47,57,50,,13,14,14,10,15,11,15,11,16,49,53,60,53,55,136,48,48,50,24,19,19,18,31,25,20,22,20,16,29,21,30,27,20,22,23,18,22,28,25,22,,25,23,24,45,19,42,23,27,16,16,14,14,12,25,14,13,13,13,27,8,13,6,14,29,30,28,12,19,24,39,34,16,14,13,4,12,15,18,24,28,28,37,30,20,24,26,23,19,21,34,32,33,29,25,27,23,20,24,28,,30,6,7,12,8,10,17,,22,16,22,13,9,17,17,20,,16,11,12,17,13,,15,26,25,13,19,,17,22,7,18,6,14,9,12,19,15,7,17,12,17,11,18,23,20,10,6,6,5,10,3,51,44,38,46,51,53,42,59,35,36,37,55,44,25,26,13,26,20,8,,29,30,26,,,,25,17,14,19,23,22,16,,12,19,29,26,22,22,31,29,23,20,22,13,18,18,22,,41,57,57,50,54,52,59,46,59,57,31,52,21,24,15,18,17,18,35,30,31,31,30,26,29,28,25,,25,,18,,12,13,14,12,41,,,47,,42,26,27,,32,27,29,38,33,27,17,12,11,7,27,21,20,20,20,25,,29,,29,,22,22,24,20,20,20,23,12,7,9,16,14,19,20,19,29,,57,53,51,46,53,20,22,16,26,19,30,10,10,10,11,13,11,5,11,16,21,28,37,38,13,12,17,30,26,29,11,13,13,44,49,,34,26,,26,33,26,29,17,22,23,7,,,36,38,47,30,,28,,33,30,36,39,,35,40,,50,58,52,,53,46,51,47,50,42,23,19,21,24,,16,12,13,19,18,13,,29,19,13,17,10,22,12,16,23,12,19,14,29,31,26,28,29,13,10,8,9,10,,8,24,16,22,18,24,17,21,22,20,11,9,20,18,14,15,19,19,19,,,18,23,18,24,26,25,28,19,28,26,35,15,52,85,,59,70,55,64,53,65,56,56,68,47,47,51,56,70,63,65,63,38,52,40,52,43,47,,40,18,23,19,16,15,21,20,22,25,24,31,21,20,25,24,23,27,27,8,17,20,13,13,15,24,25,18,19,11,9,18,25,26,25,25,34,22,9,7,25,26,24,28,19,26,31,23,34,27,22,18,16,18,33,32,37,24,50,,,42,15,15,22,29,24,29,31,34,33,28,17,20,12,,20,20,18,35,41,36,40,27,35,33,36,32,26,41,50,56,63,60,73,59,73,59,61,30,,37,34,7,13,6,21,,17,18,21,22,6,8,17,11,17,26,37,19,25,25,35,36,15,15,14,10,20,15,19,25,22,21,23,21,23,22,13,22,10,10,13,13,11,11,24,27,25,24,28,,30,27,26,26,27,,12,20,35,32,36,19,20,19,25,19,,26,27,17,21,,26,26,25,,,18,15,25,22,15,15,20,23,,27,33,,34,33,61,65,58,49,55,55,38,39,37,40,34,35,,26,26,33,27,,28,32,34,25,25,52,,52,33,31,33,8,19,12,23,,40,38,32,41,,,12,9,13,15,35,28,27,32,27,27,34,21,,21,16,23,35,34,28,27,26,27,29,18,22,27,14,18,14,13,12,18,13,10,,,9,12,11,14,18,28,29,20,26,13,24,5,27,14,18,7,9,11,7,16,17,13,17,12,19,21,16,20,15,17,22,12,14,,38,30,38,13,18,16,,20,25,17,,28,18,21,18,23,28,29,39,,43,19,50,38,36,24,9,12,17,21,24,10,,18,8,15,16,15,15,10,19,12,19,,24,39,12,8,15,35,48,31,26,36,38,34,32,32,37,30,42,34,32,35,36,32,27,30,23,37,41,40,46,35,5,22,19,22,16,25,29,29,29,35,19,27,26,23,27,63,54,50,54,65,51,54,44,49,28,26,25,25,27,31,34,25,32,29,39,37,39,42,63,58,56,,51,63,56,38,,40,36,42,,41,32,28,31,31,30,20,25,20,26,31,30,30,23,22,23,18,,29,31,22,29,33,36,40,32,37,35,29,45,29,35,17,20,19,19,,10,25,,20,22,20,15,29,20,19,20,30,29,28,18,19,23,21,20,26,30,31,35,31,17,19,32,13,14,12,27,17,12,13,10,20,16,17,16,19,17,19,14,24,21,23,26,27,26,10,18,22,38,40,48,39,21,29,20,22,23,27,27,,31,22,33,40,36,30,28,35,31,12,20,18,22,23,18,26,6,7,11,9,42,36,34,34,31,36,24,33,22,22,22,23,15,11,16,27,19,29,24,,16,23,21,23,22,25,19,28,23,34,,16,18,,9,22,20,26,15,4,6,6,,9,9,12,10,11,13,21,29,8,14,23,9,10,10,9,10,11,22,26,10,10,10,,10,10,14,17,13,16,17,12,27,18,21,11,9,10,,9,16,12,9,11,16,9,15,9,13,10,12,3,4,11,18,8,6,4,3,22,,6,,3,4,23,28,30,31,42,33,32,28,,16,14,28,24,24,14,9,24,31,,20,7,10,20,28,17,20,28,34,33,15,12,18,,17,15,23,45,30,25,17,28,5,20,25,14,22,19,20,22,17,27,23,20,32,20,20,12,20,16,11,18,23,25,14,41,,52,69,84,25,19,27,10,7,8,12,22,12,13,23,36,24,47,41,31,45,33,33,39,13,22,32,32,33,21,28,29,28,22,45,27,10,14,12,14,22,26,22,23,22,15,12,42,43,40,40,30,25,22,22,37,23,23,16,23,13,19,23,6,20,18,16,15,21,18,15,18,9,55,,31,38,69,56,31,51,41,12,38,21,26,16,46,28,25,32,59,18,26,21,15,17,11,39
20170820,5,PM10,,54,81,,80,,60,58,49,,77,72,,,78,,,73,,,80,,,,,,,117,138,138,,108,,64,96,89,150,102,119,78,,25,42,43,77,135,176,126,111,69,78,,79,85,70,66,55,54,88,56,53,53,44,56,45,64,56,,55,76,82,87,89,65,73,122,96,91,120,83,,,66,94,71,85,62,111,119,143,158,141,133,164,110,129,28,38,40,,,58,43,46,39,,50,35,23,22,28,26,27,23,30,41,22,51,69,40,,36,19,20,35,26,35,166,153,90,,74,90,92,60,71,30,53,55,94,1,8,,14,,,,,,10,,4,,5,8,,4,4,11,,21,,10,14,16,13,19,17,20,31,25,37,,,,60,35,,46,,80,,47,,25,,15,16,21,10,,,7,,23,,,,26,21,,21,29,20,15,31,,24,19,24,29,30,45,,,,29,,,,,31,31,30,29,22,32,29,26,17,38,17,35,46,43,52,,35,47,62,52,46,54,40,44,72,,,7,,25,24,,47,34,38,26,26,23,,20,14,54,43,41,35,25,,26,28,27,24,27,30,,27,16,22,55,,75,52,64,74,33,38,36,97,109,85,116,108,127,16,,90,98,160,133,118,172,130,160,,18,22,33,38,24,31,23,83,10,79,72,66,72,77,84,80,69,124,99,60,63,96,56,147,50,112,81,51,72,37,108,63,45,58,29,35,46,49,26,43,,43,48,23,105,38,56,31,48,22,35,20,25,27,78,20,27,22,12,36,14,,14,,,25,23,17,30,19,51,35,,15,9,8,16,20,15,18,,22,22,23,,38,42,32,78,36,66,45,30,48,51,89,52,54,83,54,,85,25,9,19,19,12,39,,45,40,56,39,33,85,44,64,,34,58,52,33,76,,34,45,40,30,66,,30,60,24,38,15,22,37,33,40,32,52,34,34,17,39,31,29,48,4,4,,3,3,,73,82,58,87,88,73,68,130,59,67,54,82,96,16,42,14,26,12,5,,6,17,73,,,,58,60,39,91,107,71,83,,45,33,96,33,50,35,39,43,45,37,40,,23,52,49,,84,,78,94,120,87,58,48,58,70,92,126,63,64,30,32,31,40,97,132,45,33,,,47,91,59,,35,,38,,41,41,44,47,85,,,66,,98,30,30,,99,70,88,60,59,38,93,43,70,44,90,19,21,,10,13,,52,,67,,46,36,,36,45,24,39,20,20,20,25,17,16,44,33,45,,89,74,78,79,81,,45,39,37,29,48,19,,15,,,13,7,20,16,31,44,80,40,10,18,,54,62,54,18,27,33,108,,,49,52,,25,36,24,27,19,69,53,37,,,62,64,55,136,,39,,,39,54,55,,63,58,,48,52,52,,66,142,92,117,177,132,43,56,54,34,,22,28,47,30,34,26,,48,58,18,33,21,85,34,32,47,51,63,63,58,,49,57,45,34,41,36,30,36,,11,46,34,46,20,53,40,52,57,34,,25,,25,33,23,,4,6,,,15,,,23,46,46,46,17,54,53,78,20,143,118,,140,103,152,132,52,79,62,72,57,59,62,56,61,162,150,114,111,108,91,69,127,89,76,,70,37,41,39,39,26,61,46,66,,,36,41,33,,52,29,50,,28,37,65,,19,30,55,50,68,14,25,16,26,51,59,47,67,61,68,20,19,,29,33,36,24,37,36,33,41,51,63,22,75,36,55,69,53,50,75,,,51,13,35,,41,48,51,69,77,48,47,88,41,151,,44,25,31,51,69,48,71,34,46,64,61,74,91,110,71,34,81,46,,,58,41,51,107,,69,61,23,4,6,25,,21,,45,36,46,17,34,34,39,78,71,81,30,33,89,80,,8,48,32,34,36,11,29,30,,18,37,49,40,60,47,,15,,,13,13,13,10,,21,,18,12,,22,46,17,,17,17,,16,30,20,15,12,16,4,,10,7,43,36,,37,35,36,,,33,40,49,32,17,13,30,65,,66,68,,135,105,117,88,103,80,152,100,48,86,45,37,,79,,55,53,65,84,,51,69,58,45,44,122,,56,37,24,,18,61,32,29,,54,53,86,,,,25,35,17,35,24,37,,54,66,77,94,71,,66,59,111,63,26,48,47,67,31,49,46,37,,42,25,26,33,36,34,28,27,,,45,23,26,35,33,47,62,32,24,24,160,19,47,16,28,11,17,10,14,44,43,62,50,24,24,41,19,47,41,,20,20,21,,74,,,37,45,44,,50,,56,,36,64,,79,17,30,33,56,,,30,50,49,40,31,33,44,22,39,32,23,,36,27,29,40,30,29,,29,31,47,,59,66,14,13,9,67,40,58,28,46,72,45,60,43,59,51,63,54,68,62,84,54,32,35,26,80,71,83,87,67,15,99,48,45,41,42,62,56,49,42,34,35,38,50,32,108,104,72,65,105,73,84,74,74,36,42,43,32,42,40,43,39,58,38,43,47,51,70,90,77,71,,63,75,85,56,,55,57,66,,66,91,82,84,72,93,79,113,107,143,109,121,86,57,98,110,99,,52,63,107,55,,27,20,34,,,74,,42,53,55,39,58,49,,46,46,,63,,30,27,,30,23,19,53,50,67,60,38,44,50,35,51,50,67,73,49,51,47,50,37,38,30,62,84,48,62,30,19,35,29,34,30,31,45,60,69,28,43,45,29,34,6,28,66,71,71,90,66,67,35,34,63,63,44,64,,82,85,26,32,42,53,70,50,51,22,56,53,36,41,32,24,24,41,16,53,60,,40,72,,42,43,45,39,48,36,50,76,43,44,39,47,65,78,,60,51,26,28,32,41,67,56,,39,,23,33,,43,78,59,65,47,3,3,10,,,12,17,23,23,27,22,,39,62,34,16,18,17,18,58,35,77,49,28,17,15,,18,19,16,45,52,115,35,11,,17,29,18,21,18,,18,25,23,23,14,20,13,,,11,23,41,32,2,13,9,5,5,3,6,19,,3,,4,13,,40,54,34,55,49,45,40,,30,16,29,29,13,11,22,38,45,,,3,,39,47,53,31,54,57,56,47,29,54,,16,20,,35,,19,22,,3,28,21,33,20,,13,8,73,113,70,97,126,34,39,10,46,40,38,40,34,42,75,384,,260,212,151,137,39,85,10,12,,31,31,73,28,38,46,20,91,,60,141,,66,167,41,30,25,41,31,,50,34,40,38,118,38,16,48,49,31,,54,30,55,24,26,17,54,74,69,68,63,36,83,49,61,58,15,34,26,52,25,29,,52,54,27,44,23,45,47,46,52,70,,86,53,113,127,65,,63,19,,29,57,31,79,76,,70,76,23,69,40,31,73,7,45
20170820,5,PM10_24h,,53,57,,52,,67,54,44,,61,78,,,65,,52,56,,,54,48,39,,50,44,,99,97,88,92,76,65,82,75,69,117,108,107,86,29,31,47,52,47,127,145,120,102,53,59,66,67,62,55,58,47,60,64,66,59,47,39,49,36,51,47,,49,45,54,53,59,51,56,87,84,77,89,71,,,60,52,63,65,45,77,95,96,102,126,99,95,87,94,30,39,46,,,54,50,42,48,,65,30,26,27,30,29,34,22,26,28,20,39,58,33,,32,15,16,22,22,35,96,77,72,,83,78,81,74,62,45,42,64,59,55,43,57,60,58,53,44,46,52,41,33,36,25,39,39,49,33,34,40,48,44,44,41,45,50,41,70,52,77,80,80,24,,,,47,32,,38,33,43,,59,70,49,,44,54,51,43,61,48,45,55,34,,,,35,42,,53,57,56,44,49,,41,26,28,27,28,33,21,18,,25,,29,,23,46,45,24,46,36,39,45,52,42,45,33,40,48,43,41,,34,40,50,55,59,59,59,61,53,,,36,,60,47,,65,53,53,35,30,30,,42,31,51,53,54,39,43,,40,40,30,30,38,43,48,36,32,32,66,,68,68,71,76,46,32,43,69,75,59,84,79,79,35,,77,74,112,74,80,104,85,92,,40,34,31,39,27,25,27,51,27,83,77,79,78,71,70,82,79,96,65,54,60,45,63,63,56,55,55,42,53,33,66,56,38,52,45,41,50,49,48,48,,42,50,35,75,42,60,47,45,20,24,19,34,20,42,24,22,20,13,40,13,15,13,21,48,50,51,32,35,37,56,46,28,27,21,15,33,34,34,32,50,49,53,48,32,56,53,51,52,47,60,57,47,57,43,56,47,37,60,59,,66,15,16,20,20,20,31,,40,31,50,52,35,62,44,54,,31,34,37,38,44,,30,38,34,27,57,,28,44,27,33,20,26,36,36,31,30,39,37,31,27,35,36,32,47,15,13,10,11,20,13,78,73,68,92,89,82,66,114,46,63,56,91,100,74,68,36,64,56,25,,42,65,55,,,,58,59,41,67,58,47,42,,38,43,56,45,45,40,37,46,45,37,37,18,29,42,54,,80,79,82,88,91,107,87,72,82,106,54,77,42,41,31,32,31,40,67,54,48,56,74,47,47,58,54,,52,,29,,32,37,37,31,54,,,71,,74,36,34,,78,62,63,77,71,42,42,31,34,29,65,40,38,38,26,41,,56,,57,,50,39,35,38,44,42,66,27,17,19,31,32,31,42,38,58,,75,69,76,73,74,45,48,30,45,39,50,23,21,18,15,30,16,16,28,29,35,49,68,62,21,21,23,53,50,52,19,24,25,89,61,,61,55,,47,55,46,49,27,47,49,28,,,72,61,59,91,,43,,49,40,46,48,,48,50,,75,72,74,,73,75,65,76,98,70,41,55,49,36,,20,25,38,28,44,19,,48,52,28,34,16,44,42,29,42,45,39,34,51,50,44,53,45,34,30,29,26,30,,12,61,50,61,31,56,57,45,59,58,30,31,27,24,28,24,45,36,44,,,48,51,48,56,63,46,55,34,66,55,72,28,101,105,,98,99,109,106,74,98,87,86,100,73,72,69,72,100,94,88,87,75,75,62,78,59,65,,48,44,64,59,50,51,44,40,46,28,28,40,35,38,26,42,30,39,39,27,44,58,31,23,27,43,42,47,28,28,25,40,36,46,31,44,66,75,18,17,34,40,37,44,36,43,42,38,42,56,47,29,48,46,51,59,44,37,68,,,58,37,38,42,37,41,46,61,69,46,51,57,36,41,,37,35,42,59,63,63,76,40,47,65,59,65,67,82,93,116,126,119,118,119,124,130,131,70,,53,47,22,21,17,44,,39,49,46,62,48,22,44,26,40,81,87,87,40,31,68,62,37,21,22,22,36,40,34,38,31,,35,38,48,44,45,45,23,25,22,19,22,22,57,52,52,45,47,36,43,49,49,69,65,,37,44,48,50,48,43,36,32,38,23,,47,41,37,36,,36,49,49,,,33,29,42,48,35,28,38,50,,45,50,,72,70,90,88,84,77,113,108,50,64,59,73,64,42,,40,39,45,51,,39,47,56,49,41,98,,81,68,69,65,22,33,25,45,,102,91,108,39,,,39,60,20,28,54,78,43,59,48,42,62,60,,34,39,50,57,40,53,41,59,44,69,39,45,37,28,27,22,24,30,39,30,41,,,43,32,25,25,41,70,77,44,52,56,122,27,64,42,34,13,22,20,18,33,39,40,60,17,57,93,31,43,36,32,42,36,26,,67,45,50,35,37,38,,49,41,51,,37,40,42,44,38,48,64,65,,62,42,57,51,62,29,42,34,44,45,43,38,,37,33,33,35,45,36,30,30,35,34,,60,64,31,33,29,63,61,54,36,56,64,46,61,56,55,45,64,55,58,61,74,64,52,50,51,52,67,66,87,62,13,65,49,49,48,35,54,58,61,73,32,50,44,47,41,82,92,79,78,92,66,76,69,74,41,42,47,40,53,40,41,36,52,42,54,62,66,74,91,94,84,,76,79,76,61,,63,62,57,,49,50,44,43,37,48,31,37,43,50,66,58,62,47,30,37,32,,42,63,56,46,45,57,56,48,57,56,54,56,43,49,46,44,51,48,,39,42,,51,22,31,26,34,38,27,25,52,45,40,41,39,49,41,38,41,45,54,61,46,32,40,42,29,32,31,53,72,44,52,25,28,32,41,31,38,38,51,62,64,31,36,39,48,32,22,49,69,62,69,83,59,74,42,36,42,48,50,50,,62,56,67,69,59,56,64,49,53,25,57,48,39,45,39,41,37,45,34,66,75,42,44,74,50,52,34,43,29,33,29,32,45,31,29,42,42,58,62,,54,52,34,32,36,45,54,37,33,37,,27,34,,44,76,58,79,55,13,9,12,,23,13,17,21,22,27,30,50,36,54,35,17,20,16,19,44,54,66,42,26,19,16,,20,28,27,41,46,67,55,30,23,21,35,27,17,21,,27,34,20,26,28,45,19,30,27,24,28,50,51,25,35,65,13,15,10,16,71,,16,,13,28,38,55,54,52,60,55,51,51,,31,28,41,34,88,60,29,40,46,,38,17,18,47,47,44,41,49,53,51,37,30,56,,27,32,37,77,46,36,36,39,11,33,50,59,45,80,72,74,60,74,46,52,101,75,64,15,38,29,34,44,61,80,83,196,,165,321,232,55,39,63,23,29,17,37,39,38,25,40,43,31,60,53,49,101,44,38,85,42,51,48,39,49,42,47,38,43,37,89,35,16,54,37,43,30,43,41,49,40,24,18,52,70,65,51,49,51,56,53,70,53,39,30,48,30,33,38,11,42,33,27,26,35,46,41,48,31,89,,59,60,94,106,70,54,60,28,48,37,54,31,59,69,42,48,79,40,40,34,56,37,23,48
20170820,5,SO2,2,2,2,2,2,2,3,2,2,2,2,2,,,8,,9,2,,,7,4,13,,13,3,,8,30,8,1,10,7,3,31,24,49,40,46,34,8,3,16,12,16,5,9,12,17,9,15,7,5,4,7,7,15,16,8,6,5,6,12,2,5,10,15,,4,17,20,20,4,7,6,13,15,16,17,8,,,10,38,8,7,6,15,12,12,15,10,12,10,10,10,3,11,9,,,7,30,6,8,,17,8,9,9,10,8,6,5,4,6,7,6,8,7,,8,5,8,10,4,11,9,6,4,,4,13,14,25,13,5,10,9,4,5,6,5,4,7,6,3,7,6,8,12,7,21,7,10,8,8,6,6,6,12,5,3,7,5,7,15,18,17,12,15,7,,,,16,2,,8,33,59,,19,7,9,,3,6,3,3,2,8,4,8,18,,,,9,9,,5,5,4,5,8,,4,10,7,16,3,2,9,8,,7,,13,,14,11,5,7,10,8,11,14,4,11,10,5,7,5,9,3,,7,7,7,20,12,12,14,6,10,,,6,,7,4,,5,6,5,4,6,9,,7,6,48,13,15,7,6,,6,5,2,15,4,20,13,12,25,6,5,,9,6,6,11,2,10,8,74,80,48,43,64,15,1,,57,6,16,18,6,13,15,11,,1,3,4,3,10,4,5,12,6,5,12,12,7,7,9,10,6,8,18,7,4,30,7,5,2,7,6,7,33,11,29,14,34,12,14,3,12,11,14,16,,21,26,20,23,15,4,14,11,10,9,10,14,6,13,17,4,8,10,7,2,2,3,9,9,2,8,15,18,10,27,27,8,6,5,5,12,7,10,6,11,14,14,10,12,7,,9,13,6,22,16,10,35,6,21,9,7,7,10,,9,3,6,6,3,6,18,,17,16,8,25,11,11,19,23,,23,14,17,6,22,,13,8,17,10,8,,5,57,10,3,5,7,7,6,8,7,16,11,19,14,14,23,37,52,5,11,8,9,8,6,8,1,7,6,10,5,7,10,19,7,6,11,12,6,2,2,6,3,3,,5,7,2,,,,30,31,9,8,8,5,7,,10,24,236,19,39,14,12,35,18,15,14,4,7,16,15,,16,20,11,19,12,11,6,10,12,5,10,6,6,5,4,6,2,4,19,21,10,9,5,11,13,4,27,,15,,9,,10,9,9,8,17,,,9,,4,14,8,,18,20,12,11,28,21,12,15,7,19,21,11,8,6,8,4,,12,,14,,7,16,22,23,6,8,9,10,8,1,2,2,5,15,11,12,,30,13,76,8,18,16,14,16,10,36,78,13,7,16,7,13,7,6,8,11,20,7,6,10,9,9,9,12,12,10,3,5,5,20,16,,16,15,,13,15,9,11,6,8,18,9,,,8,8,8,12,,11,,12,10,9,4,,1,8,,5,13,11,,8,21,6,16,27,27,2,12,15,9,,5,5,5,5,5,4,,7,11,7,7,10,46,5,5,6,7,8,3,9,19,30,25,32,9,6,5,8,5,,2,7,5,5,16,13,3,7,6,5,6,4,5,2,14,11,4,5,3,,,9,5,4,10,29,34,22,8,39,55,86,5,9,10,,11,14,16,11,8,12,8,9,10,3,6,5,7,32,13,8,3,18,18,8,15,10,19,,14,11,9,7,6,8,7,9,8,11,33,44,21,8,21,7,23,12,12,19,8,6,8,7,4,13,14,8,5,6,6,8,12,12,16,9,18,4,2,2,5,2,6,6,6,5,9,5,9,5,38,13,15,12,3,3,9,7,20,,,8,3,3,10,5,5,7,12,10,8,9,10,13,13,,9,20,13,11,12,15,7,11,9,6,9,12,10,10,15,5,5,2,2,4,4,4,1,9,,5,8,7,4,6,2,,5,6,23,8,3,6,3,3,6,2,4,4,8,14,8,9,5,1,4,1,7,5,5,5,5,4,4,4,10,7,6,3,4,3,1,3,9,5,4,6,10,10,8,13,9,18,,8,12,,6,7,11,12,12,9,8,17,11,2,,15,10,14,12,,9,3,10,,,1,1,14,7,8,8,8,5,,8,10,,46,64,27,11,21,13,12,22,8,10,9,10,14,17,,10,12,5,1,,7,15,13,88,9,21,,23,3,5,4,9,7,5,3,,4,3,4,30,,,3,4,13,8,7,6,9,9,7,27,22,7,,7,15,9,14,7,5,6,13,9,7,20,7,9,14,6,4,5,3,8,6,10,,,6,7,7,9,1,2,1,3,12,6,8,4,1,3,3,4,5,11,6,3,3,2,17,2,26,11,3,12,10,12,3,6,28,,28,16,10,18,12,16,,13,1,10,,25,13,13,9,18,16,10,35,,26,12,5,13,21,16,8,7,9,4,7,3,,15,10,19,9,7,11,7,8,8,12,,25,10,19,10,13,12,8,6,13,5,11,10,8,9,5,9,16,5,10,21,7,10,5,7,6,79,10,3,31,7,4,27,10,15,39,5,10,26,19,11,27,14,19,24,15,27,38,17,20,47,60,45,66,41,7,5,11,14,16,4,7,7,6,5,38,52,57,334,26,19,24,,17,12,17,8,,5,5,11,,10,10,8,9,7,9,7,10,3,6,6,4,6,5,9,8,5,,9,52,41,5,11,8,7,8,9,8,6,9,9,12,7,6,9,6,,8,5,,6,4,3,5,2,6,3,3,10,11,22,18,14,18,20,8,7,42,27,79,52,24,20,12,22,18,10,33,30,36,14,15,6,13,10,23,5,5,6,7,1,8,4,20,32,16,2,1,5,40,10,10,14,16,10,14,17,15,14,12,,9,4,8,17,20,8,13,33,13,5,7,4,8,20,9,7,7,39,32,25,7,7,13,11,65,28,5,3,6,2,2,5,4,7,3,8,8,7,5,,6,16,12,9,7,10,17,3,26,9,,3,2,,6,28,6,7,8,9,8,6,,20,8,12,11,9,9,14,6,15,23,8,3,3,2,1,4,6,7,8,3,10,3,,4,4,2,35,60,5,16,8,5,4,15,5,12,15,,97,11,8,9,5,6,3,5,5,7,15,9,1,3,5,8,4,4,5,5,3,,4,,6,1,3,7,6,9,7,8,6,4,,13,12,4,4,8,4,6,7,9,,6,6,9,3,2,16,9,4,8,8,3,10,5,,7,13,4,3,4,6,11,15,4,8,5,7,6,6,7,5,5,5,5,4,5,1,12,6,5,2,2,12,4,2,4,2,,9,76,29,11,14,7,3,3,3,8,8,5,10,10,7,27,15,8,10,33,12,5,16,12,6,6,6,5,6,12,5,12,12,6,9,6,38,31,3,24,26,8,9,11,4,4,36,8,18,14,11,10,9,10,14,2,6,29,7,6,15,11,12,18,15,7,9,9,1,17,13,15,10,,9,10,14,20,60,10,6,5,24,2,3,17,11,29,2,9,27,7,13,6,1,12,20,15
20170820,5,SO2_24h,2,2,2,2,2,2,2,2,2,2,2,2,,,6,,7,2,,,6,3,10,,11,3,,6,25,6,2,9,5,3,32,26,51,47,53,46,9,6,17,12,12,4,8,10,7,9,12,6,5,4,6,5,20,20,15,8,6,6,10,3,5,9,9,,6,15,17,19,3,5,5,6,8,7,9,10,,,12,19,13,10,9,18,14,15,17,13,14,12,13,11,9,17,11,,,8,19,10,15,,12,7,8,9,10,5,4,6,5,5,6,7,8,8,,8,5,8,10,3,10,9,6,4,,4,9,13,13,9,5,11,11,7,8,9,8,7,10,8,6,10,10,16,17,11,26,10,12,11,11,10,9,7,13,5,6,10,6,9,20,16,22,15,14,7,,,,12,4,,7,15,15,,28,12,14,,2,8,5,3,4,9,6,10,22,,,,12,12,,13,12,6,7,10,,6,10,7,16,2,2,9,8,,10,,11,,6,10,7,8,9,9,8,13,6,9,10,5,8,6,8,4,,7,7,7,14,11,12,13,5,8,,,7,,9,5,,5,5,8,7,6,9,,9,6,19,13,10,8,8,,8,4,3,17,4,18,15,16,20,6,6,,9,7,5,12,4,10,12,39,42,33,24,34,7,5,,31,8,17,19,6,12,14,15,,8,3,3,2,10,5,5,7,7,5,7,7,7,4,3,8,5,8,9,7,7,10,10,5,4,5,6,8,21,11,20,15,17,13,17,7,12,12,13,14,,12,25,16,16,12,6,8,11,10,10,11,14,6,10,19,4,10,9,9,5,5,4,5,11,8,9,10,10,9,20,18,8,6,6,6,10,17,7,8,15,20,17,13,13,7,9,9,10,6,15,24,13,23,7,10,8,7,7,10,,9,3,6,5,4,5,15,,14,12,11,18,10,12,15,15,,15,12,12,9,16,,8,6,15,9,7,,6,8,9,4,6,6,5,4,5,6,11,13,13,11,12,12,17,22,6,13,9,9,9,6,8,2,7,6,9,5,7,9,9,6,6,9,9,9,7,2,9,7,10,,13,9,3,,,,20,18,8,9,9,5,8,,11,21,95,45,20,24,9,69,12,11,10,4,9,12,11,,23,20,14,19,14,14,7,8,10,7,7,9,6,5,10,6,3,5,12,12,13,53,14,28,26,4,20,,14,,9,,9,10,12,8,16,,,10,,5,9,5,,15,19,12,10,26,11,10,16,7,18,21,10,8,6,8,5,,11,,12,,4,12,17,15,8,10,10,12,11,4,3,3,6,15,11,12,,36,16,29,16,17,13,11,11,9,14,36,8,6,8,7,9,8,4,6,10,8,8,7,11,9,9,9,6,7,7,2,4,5,14,20,,17,16,,17,17,14,16,7,7,15,7,,,10,10,10,12,,12,,16,12,10,4,,2,8,,27,37,25,,34,7,4,9,11,12,3,14,14,13,,7,7,6,8,6,7,,17,13,12,10,10,23,5,6,10,7,8,2,13,17,21,21,19,9,6,5,8,5,,2,7,5,5,18,12,4,4,8,7,7,4,6,4,14,5,11,12,8,,,17,16,20,14,21,17,20,8,22,42,32,6,8,10,,9,16,13,10,7,12,7,8,29,3,5,4,5,12,10,6,1,12,11,6,10,6,10,,8,12,11,8,7,9,10,12,9,30,24,33,9,8,24,9,12,12,13,18,9,6,9,7,6,12,12,7,5,6,7,10,8,7,8,8,16,4,2,2,6,7,8,7,6,6,9,5,9,5,24,20,11,12,4,6,12,7,14,,,11,5,3,12,7,6,4,6,14,10,8,10,8,10,,9,17,13,12,12,14,6,10,9,6,8,12,10,10,14,5,5,4,3,4,5,6,3,9,,5,7,5,4,6,31,,9,31,17,11,3,6,3,10,6,3,5,4,8,12,9,10,4,2,4,2,7,5,5,6,5,4,4,4,8,5,6,3,6,4,2,4,9,5,7,8,10,12,11,14,13,21,,13,16,,9,7,11,13,13,13,10,20,14,13,,18,16,14,10,,10,6,9,,,2,1,13,9,9,10,9,6,,10,11,,12,16,16,10,16,6,12,20,10,10,18,13,16,17,,10,12,9,5,,11,13,20,22,28,30,,30,42,45,30,4,8,5,4,,5,9,7,24,,,6,3,13,8,9,7,10,15,15,14,24,12,,8,11,10,16,6,8,6,15,17,13,13,9,11,11,10,8,8,4,5,5,8,,,7,7,7,8,3,1,3,2,11,6,8,4,17,4,11,4,5,10,7,8,2,4,14,2,16,17,3,12,19,15,6,8,30,,15,14,11,14,13,11,,14,3,8,,24,10,28,25,26,20,26,15,,22,8,7,13,19,12,9,9,11,8,9,3,,12,17,23,21,9,9,7,9,13,13,,16,21,19,12,9,13,11,8,16,6,14,14,9,14,5,8,15,6,8,14,10,10,5,6,6,29,14,5,25,8,5,19,14,18,55,3,8,15,18,10,29,13,18,19,14,12,23,18,22,22,33,20,41,34,9,4,13,13,14,4,9,7,7,9,70,75,53,72,22,16,22,,11,4,7,9,,4,5,7,,4,9,6,7,6,8,6,10,2,6,7,4,5,6,7,7,5,,6,19,25,5,11,10,13,10,14,11,8,10,10,7,12,7,10,13,,11,10,,8,4,4,4,8,6,3,5,9,9,13,19,17,15,14,14,14,17,13,64,35,24,14,10,20,17,8,18,13,20,13,6,8,10,8,11,4,4,5,6,1,6,4,16,46,19,5,2,4,18,12,10,14,15,11,13,14,12,14,10,,8,3,17,56,70,14,22,13,13,7,7,4,15,17,10,17,13,44,35,26,11,9,14,12,17,11,12,7,5,3,3,5,4,7,3,7,8,9,6,,8,10,19,5,13,5,15,5,31,5,,4,3,,6,15,6,7,8,8,8,7,,21,8,13,15,14,13,16,8,14,24,9,4,3,3,2,5,6,10,17,4,10,3,,3,6,3,21,32,7,19,8,5,3,10,5,12,15,,26,26,8,9,5,14,4,6,9,14,15,9,3,8,5,10,5,5,5,5,3,,6,,6,1,4,8,5,5,9,9,9,6,,8,11,8,5,55,8,6,8,10,,4,5,9,5,2,19,13,4,7,8,4,16,5,,14,16,5,9,9,7,13,13,3,10,11,11,8,9,13,11,6,5,5,4,5,1,13,7,6,2,4,12,2,2,4,4,,11,36,27,12,12,9,3,3,4,9,9,6,10,14,6,13,11,7,8,29,10,7,24,12,11,12,6,6,7,9,9,11,9,5,8,5,18,16,25,18,27,14,8,12,3,4,8,7,5,14,9,15,8,9,21,4,6,8,8,6,17,28,11,14,17,14,10,12,6,14,13,14,25,,8,9,12,20,19,13,10,4,23,2,4,20,5,22,4,6,15,8,11,6,2,12,12,10
20170820,5,NO2,43,13,63,25,71,40,48,51,7,66,68,51,,,44,,50,36,,,51,40,39,,22,44,,81,53,72,67,28,67,4,73,74,46,53,69,60,30,31,25,25,61,50,35,28,55,21,19,32,22,33,19,16,12,14,22,22,29,16,32,26,10,48,48,,41,51,51,54,23,47,21,45,34,28,40,45,,,60,56,74,68,36,51,78,91,94,101,49,100,105,66,14,29,40,,,34,43,31,42,,50,14,16,13,15,7,6,7,16,11,2,45,42,27,,42,11,10,30,21,47,53,33,28,,51,53,46,38,54,24,48,44,15,18,25,17,27,23,14,27,15,24,21,14,23,15,11,21,7,26,20,13,32,22,18,16,24,24,32,23,40,39,21,40,29,,,,52,28,,43,42,42,,38,27,30,,18,41,28,22,33,38,38,35,17,,,,18,26,,13,12,9,20,25,,31,17,25,37,27,34,10,8,,15,,10,,13,31,23,6,34,15,23,30,15,21,26,22,12,17,17,13,,8,14,17,46,31,41,28,25,21,,,16,,15,15,,15,13,9,8,7,12,,15,18,28,23,29,27,22,,30,48,42,31,45,84,28,47,42,30,31,,47,28,26,42,8,41,19,57,37,40,48,55,54,5,,42,54,34,40,39,43,39,37,,10,12,21,14,16,21,13,36,6,22,21,40,60,20,19,22,29,25,63,36,27,67,20,83,15,63,47,31,43,14,41,37,37,32,25,42,24,32,32,36,,43,50,28,99,42,44,39,38,41,55,39,48,29,53,55,11,35,41,36,12,9,22,15,29,23,22,28,25,14,42,42,11,8,11,10,15,24,18,16,31,45,40,2,33,25,36,33,51,36,52,39,19,37,41,30,41,35,33,29,,38,15,9,14,14,4,19,,20,37,68,28,27,67,24,48,,44,72,47,38,68,,16,32,60,32,35,,26,6,23,16,4,21,14,18,17,17,22,20,30,17,28,32,30,36,8,4,10,6,10,7,26,19,52,23,30,46,17,41,22,20,12,34,23,14,8,4,15,12,,,5,14,10,,,,13,20,51,42,54,71,81,,36,13,40,11,23,9,27,33,22,25,22,3,8,36,7,,21,26,15,32,32,23,17,12,14,18,30,43,26,26,6,17,13,21,47,45,41,13,44,23,46,48,35,,26,,25,,26,28,38,20,36,,,15,,14,27,23,,62,13,33,23,50,26,22,40,19,3,7,14,18,13,3,8,,24,,25,,35,28,24,36,36,15,29,37,7,8,2,5,2,20,7,35,,25,27,45,15,66,27,32,29,27,20,30,10,13,20,12,16,7,22,14,10,15,29,30,22,13,10,10,46,22,49,25,18,16,48,31,,23,22,,15,16,17,19,11,42,37,22,,,14,12,20,54,,17,,9,16,17,6,,43,22,,3,23,6,,4,120,29,31,49,59,4,11,16,13,,5,8,15,25,21,2,,23,14,7,20,13,35,6,23,13,16,23,14,38,29,38,51,35,25,21,16,11,22,,5,18,3,28,10,9,18,17,10,21,15,15,9,9,18,15,22,17,21,,,25,2,5,10,13,30,22,3,16,24,46,3,40,14,,30,29,36,23,25,23,32,27,42,18,11,18,13,46,49,80,16,10,6,10,19,8,18,,9,16,18,19,15,15,10,11,6,15,29,20,32,10,41,4,10,10,15,5,22,24,4,4,8,26,18,24,9,10,7,16,40,24,26,38,29,34,8,10,9,8,11,12,12,21,14,13,17,13,49,16,33,18,13,14,25,11,18,,,13,13,13,13,13,9,10,22,15,26,11,36,31,30,,25,22,26,20,16,5,17,3,4,21,19,22,27,24,38,8,10,13,14,13,23,15,17,18,,11,7,15,8,8,11,,12,14,25,21,7,11,3,16,6,14,25,10,27,,23,30,13,,18,14,16,20,15,10,,8,8,11,23,11,20,21,5,4,5,2,8,8,37,24,14,25,9,22,12,16,21,30,30,,10,23,34,22,41,15,26,11,18,3,,7,7,19,19,,20,20,22,,,10,8,33,20,9,12,8,11,,14,11,,48,46,41,18,37,30,23,20,26,23,21,15,35,13,,22,16,2,18,,13,11,28,47,28,66,,62,3,1,3,12,34,12,6,,10,4,6,23,,,29,19,11,6,9,5,2,24,36,22,40,35,,21,29,22,14,9,12,32,15,12,34,24,38,14,28,21,20,14,13,12,16,15,,,25,16,14,8,16,20,9,7,15,12,15,7,29,9,7,3,2,3,2,33,33,25,44,9,22,19,14,13,6,13,5,10,19,,41,25,17,43,28,38,,17,10,18,,18,10,25,14,54,48,22,43,,17,25,22,29,8,30,19,17,14,16,11,13,,24,51,41,31,16,31,20,21,14,5,,43,37,14,19,18,32,15,34,27,11,24,26,2,12,5,12,11,8,26,33,31,36,13,13,17,2,30,3,32,13,4,34,15,27,15,12,43,6,6,19,5,15,21,32,17,29,21,10,13,33,18,14,8,20,18,15,12,22,24,15,3,3,8,18,25,43,28,28,38,22,23,,46,42,35,8,,9,11,14,,13,10,8,5,3,11,13,10,12,11,19,7,5,8,5,8,4,,38,52,47,42,4,11,10,14,9,3,8,15,20,31,32,9,12,7,,11,15,,13,4,7,15,3,2,6,11,18,4,16,28,16,14,34,6,7,21,25,24,14,21,32,23,19,36,32,39,41,32,33,9,5,6,11,10,2,6,2,10,1,7,20,20,15,13,6,15,15,31,26,31,25,22,15,17,22,18,19,28,,38,26,15,10,18,16,16,14,12,17,27,29,19,17,14,13,22,34,22,32,16,11,11,12,19,13,10,24,36,26,18,21,31,57,45,60,11,16,16,,9,44,27,28,15,27,16,30,20,15,,7,10,,11,40,11,15,16,4,5,5,,26,9,13,13,13,27,14,12,14,40,20,2,4,5,2,14,10,22,21,12,20,3,,13,14,6,12,26,18,4,7,8,7,10,12,8,7,,14,7,6,12,9,7,8,10,4,3,8,13,12,3,3,9,1,4,1,2,8,,6,,3,8,16,16,26,26,27,23,19,17,,16,12,17,13,5,3,5,16,9,,15,11,8,20,11,19,14,6,9,5,4,6,17,,2,2,2,20,9,29,14,9,3,8,3,3,2,8,7,7,13,10,7,54,69,9,23,3,39,29,2,7,12,12,1,33,,40,15,19,57,44,41,10,3,2,32,31,55,22,38,19,38,76,33,30,46,18,2,79,23,31,12,10,17,12,22,7,45,24,19,22,6,22,24,10,10,25,19,11,14,3,15,40,56,61,28,23,14,10,9,20,15,8,16,34,48,27,37,10,47,12,39,38,21,17,37,33,52,22,,58,12,22,42,31,16,26,6,18,25,5,7,12,65,17,51,45,9,14,16,9,15,18,35
20170820,5,NO2_24h,31,13,36,28,36,34,43,26,12,26,43,53,,,34,,34,30,,,32,25,24,,15,30,,55,37,31,41,19,40,8,55,59,45,44,61,57,18,35,25,27,30,44,36,32,27,23,18,25,27,27,18,16,16,18,20,20,28,17,25,21,11,48,46,,40,31,23,29,18,25,23,18,28,22,23,41,,,33,27,36,38,20,38,30,48,46,63,39,44,54,31,16,30,37,,,39,38,37,44,,41,10,19,14,12,7,9,9,13,14,3,37,37,23,,32,5,7,26,14,30,45,47,24,,58,65,57,59,64,29,27,45,24,30,32,25,31,22,24,30,23,32,35,21,30,28,27,31,23,35,37,18,35,28,26,17,23,32,32,24,34,30,20,30,20,,,,32,21,,23,25,28,,33,23,26,,14,21,18,10,26,27,17,32,17,,,,17,32,,20,22,19,16,18,,23,18,21,22,17,25,13,10,,21,,18,,19,36,37,6,31,28,31,42,31,23,29,27,19,22,22,25,,8,25,26,35,25,34,25,20,13,,,23,,23,25,,18,14,16,11,8,10,,16,17,24,20,30,19,17,,28,46,35,23,45,70,30,33,34,29,24,,28,33,24,34,11,29,25,37,23,28,42,36,35,7,,27,50,38,38,42,42,43,44,,8,27,13,22,25,28,9,21,14,24,21,33,27,25,17,28,36,17,34,32,27,33,27,35,38,26,28,14,25,12,29,30,25,32,35,38,24,21,50,40,,46,55,30,60,63,36,58,26,36,42,36,38,23,40,46,15,27,25,34,15,18,17,14,28,40,32,24,21,12,42,38,24,14,10,11,17,21,15,16,42,48,48,27,33,25,36,32,29,31,39,32,23,25,41,31,36,27,30,34,,33,8,6,13,12,7,12,,29,34,40,26,18,46,26,55,,32,39,32,34,39,,24,27,50,35,40,,35,9,16,20,5,15,10,17,21,16,15,18,23,11,22,22,24,31,14,16,18,10,25,12,38,30,54,44,42,47,28,46,17,31,21,43,26,26,24,6,30,24,5,,8,19,15,,,,26,26,55,35,31,48,37,,23,20,32,21,22,17,18,25,20,23,17,3,8,28,8,,29,31,30,39,27,32,21,17,21,16,26,31,22,24,10,13,13,19,24,31,18,15,22,25,26,35,29,,20,,21,,26,25,35,22,24,,,22,,20,25,20,,33,12,28,28,31,27,16,28,15,3,8,20,28,25,13,20,,17,,17,,23,22,25,27,27,19,26,23,9,9,7,11,12,21,16,22,,28,21,33,21,46,18,22,19,20,15,19,14,10,12,10,16,8,11,14,11,13,18,24,24,10,11,11,32,22,31,9,12,13,46,33,,22,22,,19,19,20,21,12,27,27,16,,,19,16,26,25,,20,,15,20,12,6,,17,15,,9,27,10,,5,53,30,26,34,30,16,24,17,20,,17,19,31,41,27,8,,27,20,11,20,9,26,9,24,22,21,16,10,28,27,28,32,31,21,17,17,14,18,,6,24,19,23,8,12,20,25,12,21,11,13,13,11,28,16,32,26,32,,,21,14,19,15,7,24,17,3,11,18,27,4,26,20,,24,19,18,19,22,24,32,28,42,18,10,18,12,22,28,31,16,14,9,20,15,13,25,,13,19,26,28,22,18,20,20,17,12,15,10,20,7,15,9,6,12,17,4,16,26,14,4,5,22,17,18,9,13,13,15,20,19,18,27,27,27,7,11,9,23,13,14,12,24,18,18,15,14,40,20,27,19,14,18,19,19,20,,,29,15,15,13,13,13,18,24,22,28,13,30,16,21,,16,23,19,26,26,13,27,4,10,24,20,23,31,38,36,16,22,24,28,26,32,27,28,17,,12,6,7,8,7,37,,11,23,16,18,12,24,3,16,14,24,22,19,13,,21,27,15,6,16,18,21,32,18,12,4,11,15,16,23,16,13,16,9,6,7,4,15,12,20,23,26,33,19,29,19,26,31,27,26,,13,27,32,22,37,20,30,13,21,3,,15,15,16,10,,19,26,19,,,12,6,20,14,10,17,12,16,,17,12,,24,25,32,19,30,18,24,17,21,20,17,22,28,12,,19,12,6,14,,15,6,29,28,16,40,,31,23,18,19,12,15,10,21,,13,10,11,23,,,18,13,13,8,14,12,6,17,27,14,28,27,,18,22,15,14,16,19,25,14,8,22,17,26,20,22,24,23,18,10,10,16,13,,,28,13,14,8,12,31,8,8,15,26,22,7,25,11,16,2,10,5,2,19,26,21,37,6,23,22,12,12,10,14,14,21,18,,31,27,18,31,29,26,,15,9,8,,12,19,17,18,50,56,33,41,,31,29,26,23,21,30,22,15,24,23,21,18,,24,35,38,28,22,27,21,15,14,6,,30,23,21,32,16,28,19,22,22,15,26,30,25,12,5,17,17,12,22,29,29,27,15,15,17,6,13,6,20,12,3,23,19,22,17,8,29,14,22,36,5,15,16,18,14,21,23,15,22,27,17,14,15,18,11,10,14,14,24,10,9,2,14,16,15,34,20,19,32,22,28,,31,35,24,17,,18,15,13,,10,9,9,5,4,15,17,14,13,13,25,13,16,17,11,8,9,,25,28,27,24,6,23,16,18,20,12,16,21,24,17,26,17,17,15,,13,16,,20,3,8,13,7,4,8,14,21,7,14,22,17,16,20,14,7,21,19,18,14,13,19,13,18,20,20,23,24,21,26,6,6,9,13,9,4,8,6,10,4,6,10,17,29,9,5,22,21,28,23,24,30,22,12,14,18,16,22,24,,28,24,13,16,21,17,13,12,16,12,25,23,14,14,13,13,22,39,30,33,15,22,19,21,16,15,18,17,15,18,15,8,17,26,29,30,11,16,20,,17,31,25,29,21,30,14,24,52,15,,13,19,,12,40,19,20,19,5,8,8,,19,6,12,13,11,16,12,15,13,26,12,3,6,5,4,13,16,16,13,12,16,7,,6,8,5,10,19,20,13,14,10,6,9,13,7,9,,10,9,7,12,12,15,12,16,9,7,9,15,16,9,12,35,8,9,5,4,10,,13,,4,10,15,17,18,19,22,19,22,16,,14,12,22,20,11,9,2,21,11,,11,11,10,18,18,24,25,8,16,8,10,14,13,,12,12,9,28,16,30,13,13,6,10,4,6,9,14,14,14,16,14,14,41,37,13,24,5,34,36,6,18,14,16,1,20,,33,16,23,35,20,27,13,4,6,30,29,26,22,35,10,45,38,20,26,24,15,6,49,21,26,23,20,20,20,19,14,25,14,20,29,3,20,18,30,13,18,18,14,24,3,19,25,37,32,20,19,28,23,21,22,19,8,24,17,26,22,26,12,30,9,28,23,19,22,31,24,23,23,,42,16,31,29,23,28,17,11,19,20,8,9,21,43,14,19,34,9,9,21,15,16,11,21
20170820,5,O3,16,19,10,2,2,25,16,2,29,2,5,23,,,13,,16,27,,,3,44,50,,58,13,,2,47,1,1,29,13,112,6,6,12,10,6,23,49,79,64,59,10,23,31,50,19,69,44,37,75,48,57,53,75,78,86,52,2,1,5,2,2,24,21,,15,9,5,8,30,16,54,26,65,45,35,48,,,18,43,12,22,14,28,23,13,9,5,46,6,6,16,9,5,1,,,6,3,6,9,,2,64,79,76,80,98,111,72,72,80,108,11,14,17,,9,18,14,17,18,11,2,13,15,,10,12,5,18,1,17,7,3,79,74,60,86,60,35,72,64,71,69,45,59,64,57,52,38,68,48,65,71,44,45,58,41,62,39,47,27,32,25,29,21,24,,,,3,2,,8,6,5,,20,19,32,,32,18,33,36,31,33,22,28,44,,,,39,49,,40,59,47,36,34,,32,19,15,,15,,25,37,,28,,28,,32,43,43,35,30,52,47,44,56,39,46,50,64,60,65,62,,58,61,46,8,8,6,16,38,32,,,53,,47,45,,45,36,51,41,50,44,,39,42,13,38,17,6,15,,10,7,11,10,8,18,29,17,41,17,38,,14,41,60,11,60,23,30,7,17,10,21,5,6,22,,15,9,19,18,28,11,21,29,,98,98,65,63,85,99,77,23,90,69,70,52,26,68,66,69,59,4,16,27,23,14,33,3,40,7,11,15,3,34,2,9,15,15,29,24,17,4,7,4,,2,2,10,5,5,27,4,3,4,26,20,3,24,14,4,13,23,12,,18,29,20,17,,24,22,4,8,25,6,8,24,31,18,10,26,20,16,20,13,6,11,4,22,24,14,11,1,4,2,9,22,5,8,5,3,7,4,4,,3,,7,14,3,10,67,,62,33,6,44,53,9,40,32,,38,12,44,29,6,,36,21,5,14,20,,27,75,13,29,33,17,20,23,23,17,9,14,10,16,11,4,7,6,60,47,65,62,57,64,62,48,43,47,51,25,64,36,65,52,62,35,51,76,60,108,53,71,44,,56,57,51,,,,81,71,31,4,1,6,12,,28,35,6,36,25,36,12,7,18,19,19,46,10,14,45,,92,76,99,99,67,99,93,97,102,69,41,12,54,37,27,5,4,10,4,2,7,48,2,51,9,3,1,,28,,35,,32,28,29,31,34,,,48,,53,55,60,,3,22,33,54,23,33,16,21,58,,44,79,80,88,108,81,,33,,32,,15,20,32,20,16,46,19,29,52,47,102,87,92,52,76,41,,108,64,88,68,57,12,4,10,8,25,14,25,19,13,28,13,25,6,13,19,6,9,4,23,32,34,29,7,26,5,2,3,1,45,72,,46,9,,18,15,20,16,21,3,2,2,,,79,78,71,17,,75,,95,80,54,99,,93,105,,28,51,71,,37,7,33,25,3,17,111,13,10,29,,59,48,57,28,25,66,,2,3,22,2,12,6,10,8,4,17,16,,3,51,19,4,26,6,4,5,9,6,,22,45,64,24,48,50,6,4,10,4,15,32,52,34,19,28,59,79,65,,,63,80,83,84,16,44,27,36,16,53,13,91,24,48,,42,39,23,38,42,63,70,70,58,70,73,67,59,32,12,5,38,103,93,108,71,109,88,,98,25,25,53,30,52,55,63,57,29,14,25,45,32,5,28,22,26,20,45,7,15,29,39,7,11,2,5,10,36,22,15,8,25,34,2,17,1,14,16,57,62,35,35,59,91,108,104,69,103,7,23,7,10,40,68,38,95,75,,,93,46,32,42,28,82,57,96,93,101,76,10,10,4,,4,24,26,67,80,74,65,91,69,64,56,7,12,5,2,73,80,67,75,71,43,79,70,64,,83,73,58,50,66,72,,83,88,74,74,110,78,49,89,103,86,70,92,29,30,34,,96,106,43,58,44,36,,38,82,65,95,29,29,59,31,30,94,78,78,93,71,84,39,69,79,52,42,,48,47,45,103,33,,67,62,39,29,22,51,42,36,32,69,,54,58,32,56,,28,39,34,,,49,28,9,26,44,51,42,83,,98,85,,5,26,38,43,37,30,53,66,56,47,72,123,41,106,,97,96,136,95,,124,39,67,39,46,,,6,95,77,92,47,12,60,67,,61,58,64,89,,,4,1,103,105,113,106,93,2,7,36,10,,,14,21,15,12,8,7,10,4,33,6,6,25,39,7,3,14,2,2,8,6,26,,,21,9,21,10,7,5,12,16,6,28,6,14,27,20,40,26,3,2,,,4,11,7,45,5,5,,33,32,32,58,35,35,,14,47,19,3,26,5,,13,20,11,,46,39,19,30,44,43,56,25,,69,47,31,34,56,19,22,31,73,52,77,28,,25,5,25,11,51,57,44,25,57,52,,18,30,72,41,115,25,26,10,8,32,16,16,11,20,101,50,55,54,2,3,1,1,21,20,19,12,4,12,3,19,28,,19,2,19,14,11,52,45,47,26,28,8,9,14,38,84,142,117,68,33,27,51,60,8,8,33,5,16,3,44,49,40,20,16,7,8,9,53,70,74,,39,63,59,77,,75,76,73,,74,80,69,71,73,95,106,104,90,98,64,77,73,69,91,88,89,,7,3,10,1,82,83,74,52,65,63,61,66,13,4,5,42,45,37,,21,25,,23,71,64,50,62,40,51,28,7,11,21,6,32,25,13,46,3,24,11,14,36,16,25,30,27,13,58,54,63,74,127,23,35,18,24,28,84,71,67,62,65,16,20,22,38,26,2,,,,17,3,7,16,7,18,7,5,13,20,,9,22,10,29,20,10,5,22,30,6,8,4,25,25,6,4,23,10,37,15,44,74,83,62,69,86,81,88,5,17,51,10,13,9,26,8,72,46,55,,50,38,49,31,41,53,39,54,39,87,,30,25,,55,46,58,57,52,14,16,10,,68,29,28,26,23,11,55,29,44,44,11,40,40,38,39,6,11,4,5,2,1,36,,29,7,9,58,36,1,39,29,4,2,5,2,33,36,,20,27,15,22,6,4,43,40,31,32,3,3,55,41,44,36,69,58,56,51,34,,84,,38,37,28,17,12,8,56,68,73,74,,22,22,36,45,93,85,47,65,93,,27,56,61,61,69,49,70,79,104,89,104,89,48,,111,79,72,61,86,58,51,82,49,74,89,79,83,77,82,81,79,76,79,42,11,72,64,59,27,50,95,82,77,82,179,31,,40,56,39,5,11,8,40,48,32,30,38,2,20,31,72,3,4,19,45,28,105,130,4,6,17,68,62,39,57,13,41,6,39,46,34,35,3,5,81,42,5,4,70,57,72,27,44,9,33,31,27,92,79,86,60,24,40,31,20,3,34,30,40,5,16,7,9,41,48,38,36,25,61,,3,71,58,11,7,57,73,83,91,1,83,28,102,25,7,,66,83,18,60,57,39,64,51
20170820,5,O3_24h,138,147,129,138,140,128,147,142,133,168,130,148,,,120,,125,113,,,119,135,124,,167,98,,121,153,126,102,106,84,134,151,131,170,160,132,155,158,140,144,140,134,115,100,106,120,153,145,131,150,150,143,168,180,175,158,192,106,106,117,115,97,149,170,,168,141,150,152,123,151,143,138,152,158,132,184,,,134,162,182,150,189,167,209,183,195,184,207,204,187,167,137,131,147,,,162,140,118,144,,186,104,121,108,130,135,158,121,117,117,122,88,79,77,,84,82,76,87,66,53,143,126,95,,105,109,96,116,119,88,107,102,252,216,267,254,235,237,224,234,234,229,125,159,163,155,128,111,147,136,177,166,144,123,145,170,160,129,156,210,242,205,222,250,74,,,,116,104,,96,101,101,,169,207,188,,158,202,203,220,190,209,225,131,186,,,,161,131,,129,179,154,180,134,,179,92,111,89,115,89,152,164,,99,,57,,55,166,138,87,205,168,183,149,172,184,169,149,150,168,243,208,,147,173,131,209,210,163,230,205,185,,,199,,194,187,,168,183,143,136,104,133,,169,173,145,112,133,167,159,,79,103,104,119,85,131,157,125,130,95,199,,181,217,212,202,272,106,89,126,133,107,132,131,133,143,,144,145,192,210,169,183,225,232,,133,124,116,124,122,119,122,101,106,110,118,113,112,106,112,102,92,124,112,101,105,120,118,118,102,127,94,114,131,102,135,101,105,101,93,105,86,96,222,206,,187,170,180,277,183,200,185,200,84,118,64,22,69,196,30,53,67,57,196,56,52,61,61,270,282,262,212,226,180,208,196,151,173,136,115,142,136,148,122,269,288,244,250,194,163,161,180,162,132,156,154,141,146,66,132,106,92,83,105,,68,18,50,55,53,36,280,,270,182,177,205,199,158,186,199,,206,167,229,245,186,,126,199,230,180,171,,156,137,70,62,67,72,56,60,60,60,63,87,69,54,82,74,66,69,92,62,91,93,73,86,121,105,119,113,105,107,100,135,120,104,83,112,114,134,99,227,88,119,88,,93,129,155,,,,168,188,120,127,122,113,163,,126,97,75,96,95,99,124,130,126,142,146,55,130,105,93,,194,199,190,193,195,186,182,183,184,164,148,160,155,138,89,93,84,95,166,181,142,154,161,158,160,209,194,,229,,108,,83,100,102,81,150,,,199,,184,115,119,,110,124,122,128,103,136,81,118,92,114,114,144,137,144,159,156,,119,,118,,102,148,149,151,120,135,119,98,106,94,148,125,124,120,119,101,,250,216,243,278,261,140,144,109,115,140,125,56,45,45,52,59,45,61,77,84,82,152,116,114,57,56,50,125,141,123,60,71,63,215,212,,209,203,,140,125,153,168,91,102,98,58,,,172,172,154,164,,146,,182,151,140,145,,156,157,,202,174,216,,169,120,131,133,138,140,120,103,99,107,,102,102,109,88,105,92,,138,128,112,116,83,135,77,96,84,89,95,83,156,191,147,137,145,78,64,78,71,64,,62,96,111,104,102,103,88,85,96,79,88,95,114,114,84,100,135,160,120,,,150,143,150,121,101,120,109,101,94,129,110,124,122,115,,137,142,126,113,115,110,110,113,125,114,122,121,105,156,135,152,153,140,125,130,143,111,92,,108,129,111,123,124,142,78,87,98,99,100,110,119,123,102,88,103,94,81,84,73,70,88,67,75,64,68,69,68,76,45,48,95,84,79,81,68,81,32,36,108,94,117,115,108,140,146,150,139,143,96,101,70,71,175,176,178,171,114,,,138,134,124,131,121,174,167,187,185,187,167,92,95,83,,90,83,89,101,124,105,103,98,89,113,95,129,108,97,109,84,92,91,102,90,62,99,90,129,,140,139,95,90,105,82,,135,154,151,151,141,113,77,124,120,90,101,117,96,94,155,146,122,137,110,116,111,87,146,118,122,95,155,52,124,129,107,99,135,117,124,131,111,112,160,212,178,253,240,,207,190,248,301,230,,145,133,211,145,171,224,204,103,104,99,,181,196,90,111,,95,137,149,,,73,62,96,111,134,126,112,103,,117,109,,199,202,130,121,127,123,140,143,195,183,165,176,161,163,,154,163,151,131,,139,121,169,162,185,175,,130,156,162,160,83,101,102,105,,142,137,163,200,,,116,112,141,150,161,155,140,107,86,88,100,99,,100,108,114,165,111,121,149,110,112,110,103,127,123,88,91,96,82,81,77,90,80,,,122,63,62,76,71,91,82,131,80,92,97,116,123,72,107,87,77,84,55,93,114,97,82,99,120,140,149,85,83,89,89,68,90,,49,63,45,59,62,54,,61,72,71,,65,86,90,87,94,86,101,81,,99,89,61,88,103,111,61,99,130,129,128,104,,97,68,61,70,89,84,90,100,143,134,,100,90,88,82,119,267,270,247,264,245,143,158,154,153,134,138,138,131,151,158,140,132,191,170,170,198,114,117,125,117,78,88,80,85,173,91,86,97,76,69,100,113,105,123,115,171,162,191,168,182,125,127,153,148,100,82,108,86,71,89,94,128,89,97,134,100,142,114,108,129,123,,130,123,144,144,,144,164,128,,130,129,91,98,101,96,106,104,94,102,105,116,109,114,94,92,89,,90,68,68,93,109,112,132,84,144,132,119,122,88,85,69,105,107,99,,99,89,,85,125,102,104,105,87,95,99,78,76,74,74,79,76,75,78,90,84,88,82,86,106,104,105,95,88,144,160,184,172,177,73,81,53,72,77,84,91,78,72,100,61,68,82,71,102,79,63,65,111,121,107,106,76,97,84,118,116,94,109,,112,114,143,141,107,110,95,102,124,57,67,59,78,73,108,86,110,127,126,135,169,172,207,170,179,183,152,195,157,134,137,121,168,178,186,172,156,144,157,,139,125,98,91,110,122,103,140,110,122,,106,98,,150,149,134,149,95,61,76,66,,112,80,75,72,74,71,85,70,95,80,67,66,66,66,64,71,75,115,123,34,42,54,,63,56,58,76,73,60,72,62,40,67,65,79,57,61,,46,45,48,59,60,11,57,76,79,76,60,55,78,69,73,67,76,68,82,81,67,,131,,77,75,133,159,135,157,169,175,165,174,,113,121,97,109,116,111,121,97,112,,85,88,89,87,98,97,101,92,104,90,135,123,105,,134,90,82,133,127,81,79,85,61,87,155,163,170,158,153,158,115,114,107,136,171,117,123,146,128,123,121,115,139,134,179,162,,229,96,88,124,136,123,90,89,90,138,139,112,99,170,154,202,168,128,139,141,170,140,136,129,194,179,180,190,188,65,102,103,123,200,204,64,67,56,91,130,156,131,172,212,114,108,108,164,216,189,129,167,155,174,164,85,174,65,152,58,151,184,158,95,92,69,52,155,119,196,190,191,205,,137,140,139,217,217,129,154,105,197,95,128,47,114,140,165,144,145,164,109,115,117,111,122,155
20170820,5,O3_8h,24,31,28,4,10,27,7,3,27,33,8,8,,,22,,33,36,,,16,76,41,,64,18,,2,42,11,7,39,23,105,12,6,13,11,8,11,84,64,61,66,32,41,37,54,44,73,52,34,64,52,73,67,100,101,96,59,2,1,6,3,2,21,11,,9,41,30,32,28,26,48,66,79,62,68,61,,,44,76,50,24,32,44,61,62,36,4,46,14,8,40,13,3,6,,,6,19,8,23,,8,72,84,75,87,98,109,78,85,87,104,20,26,17,,16,20,15,12,26,15,5,17,10,,6,15,4,10,1,14,28,1,76,74,67,86,67,58,70,61,74,69,37,57,59,51,44,34,54,46,47,71,46,49,62,50,67,46,55,35,45,41,39,38,32,,,,22,8,,21,17,5,,19,22,32,,48,39,46,57,37,39,47,39,45,,,,50,49,,48,58,48,42,39,,43,21,21,15,20,7,34,45,,31,,26,,33,41,37,40,39,39,45,41,49,48,43,25,68,66,72,65,,63,63,54,9,19,8,20,49,56,,,66,,51,44,,59,44,46,48,53,47,,47,47,10,34,14,24,21,,14,22,18,11,12,17,33,36,41,7,40,,19,45,57,17,59,30,30,11,21,10,17,9,7,21,,17,22,24,23,29,15,26,32,,103,88,59,60,68,81,68,29,83,83,87,68,48,83,80,83,72,8,10,15,24,19,17,21,24,34,12,16,5,42,4,12,22,15,32,23,18,7,16,5,,2,2,12,7,8,30,4,4,4,19,26,11,23,13,5,10,29,8,,21,34,29,21,23,26,25,12,12,38,11,9,26,33,24,17,24,23,22,23,9,5,8,6,10,19,21,13,15,4,4,21,31,21,10,12,13,7,5,4,,3,,15,13,4,13,90,,56,44,35,54,71,7,45,24,,48,26,63,32,13,,17,31,8,19,20,,29,96,11,20,29,14,16,19,19,12,4,15,12,20,18,7,11,6,55,37,54,60,41,55,65,50,46,52,52,31,60,22,74,53,60,37,51,76,60,108,54,70,48,,58,57,65,,,,85,90,12,5,2,6,53,,24,33,11,42,27,43,20,13,22,25,28,47,11,14,46,,88,69,71,88,59,96,108,103,113,71,40,27,55,37,25,12,9,15,17,5,18,65,36,65,39,4,2,,29,,37,,38,36,27,22,26,,,59,,62,53,54,,16,19,35,39,41,32,24,27,59,32,41,81,82,87,106,81,,39,,40,,23,34,48,39,51,59,33,64,78,69,94,85,86,67,79,57,,130,83,120,110,87,18,11,18,13,30,21,24,23,20,33,16,28,26,10,21,12,18,9,27,24,25,23,9,27,13,23,12,7,57,77,,21,9,,22,17,18,14,27,8,10,4,,,88,84,81,34,,82,,100,84,75,104,,98,113,,49,53,71,,40,7,29,21,5,20,103,13,26,32,,56,38,61,32,32,51,,3,2,23,2,14,11,13,9,6,11,18,,18,63,16,24,23,4,5,5,10,5,,18,62,69,27,55,57,5,7,11,6,15,42,48,40,21,29,53,73,57,,,60,64,66,81,33,55,52,43,21,60,34,98,50,60,,52,55,58,41,44,67,70,67,70,70,74,68,62,65,37,25,51,109,98,109,69,110,82,,95,35,31,38,34,58,32,35,33,37,31,31,60,41,19,29,34,21,17,47,15,16,28,41,10,17,6,6,9,38,23,17,11,19,32,3,8,2,14,16,59,64,62,48,75,95,108,105,92,102,6,37,7,12,45,73,66,107,64,,,90,45,33,40,29,91,71,83,98,113,83,12,19,6,,11,29,31,69,77,71,58,79,57,48,55,7,11,5,2,53,27,63,63,68,41,65,64,61,,83,80,49,47,60,73,,97,99,82,89,112,79,53,84,90,77,56,70,38,34,34,36,88,93,28,52,47,40,93,43,80,63,88,29,28,56,35,33,87,72,80,91,75,83,46,74,64,61,49,,54,54,55,119,46,,58,58,46,36,30,45,45,40,36,58,,52,56,31,59,,20,48,47,,,52,34,12,32,54,56,51,79,,96,84,,12,36,29,39,46,45,61,81,79,47,90,126,47,100,,93,97,142,95,,130,58,67,65,76,10,,15,95,73,94,54,19,72,63,,76,74,78,111,,,18,2,101,104,112,106,93,12,17,56,24,,,28,25,36,23,8,11,26,5,40,14,11,27,26,8,5,16,1,2,6,6,34,,,24,16,31,16,10,5,10,12,11,16,6,15,33,24,42,27,3,4,,,3,6,6,51,10,10,10,44,38,35,56,19,39,,16,46,20,4,17,8,,15,23,23,,54,26,22,24,32,20,39,22,,34,45,25,40,54,30,26,32,71,46,79,40,,42,14,24,17,59,64,56,46,52,64,,20,28,62,39,82,29,37,13,12,39,22,17,16,26,107,45,46,41,2,5,1,1,36,35,25,15,11,13,6,32,35,7,15,4,21,15,14,40,34,35,27,23,10,21,19,49,65,129,110,83,36,37,60,71,12,15,36,15,24,5,41,43,37,23,21,12,13,14,63,76,78,,34,69,66,85,,82,81,84,,85,83,70,75,75,91,100,101,83,97,71,84,81,75,91,86,87,,17,3,10,6,83,86,77,54,56,52,52,54,13,13,12,50,56,47,,34,32,,11,83,68,62,69,37,36,24,13,11,28,19,33,21,18,44,5,21,8,21,35,25,32,42,41,35,56,48,63,80,112,19,39,16,28,34,78,53,58,52,57,19,31,23,31,34,3,,,,8,4,4,17,17,24,10,6,18,32,,16,21,8,31,27,10,8,25,27,6,8,5,28,23,9,7,32,8,31,17,48,81,92,66,77,91,75,101,27,23,58,31,24,28,44,29,83,64,59,,62,32,45,33,45,50,40,64,42,93,,35,26,,61,51,52,60,51,15,17,15,,75,32,31,31,26,19,56,31,47,47,23,38,38,37,38,5,9,18,12,2,,37,,32,18,18,61,31,2,27,27,4,3,6,4,37,41,,25,31,14,22,5,7,44,38,39,36,4,2,54,38,18,15,60,55,57,52,47,,90,,43,40,33,21,22,14,45,79,71,73,,34,32,36,24,90,84,54,67,94,,42,68,64,54,63,48,63,85,94,85,106,93,55,,115,80,62,50,83,54,54,80,45,79,92,79,84,84,87,88,80,76,82,20,18,39,29,58,16,22,76,63,94,88,176,16,,21,49,43,9,30,8,51,53,41,22,28,10,25,33,85,3,14,27,57,54,109,121,11,5,18,63,66,39,67,14,47,9,52,61,37,37,5,5,68,44,21,15,78,69,78,21,46,7,36,55,39,93,82,85,82,26,49,32,35,10,39,34,46,14,12,23,14,54,55,44,52,47,65,,23,82,58,31,14,48,78,80,108,1,86,30,104,30,11,22,68,86,27,50,56,39,68,43
20170820,5,O3_8h_24h,32,43,43,12,24,34,9,4,46,63,25,8,,,32,,54,52,,,29,106,77,,66,22,,4,53,15,14,60,37,105,20,6,14,12,9,11,101,70,61,68,47,63,57,68,79,74,73,34,64,53,90,87,124,127,101,68,3,1,11,3,2,32,11,,16,71,55,61,46,38,61,99,98,81,98,88,,,74,95,77,48,58,63,98,93,53,4,46,22,12,62,27,4,22,,,8,47,23,46,,33,74,85,75,89,98,109,84,99,99,107,28,29,20,,23,22,17,21,30,16,16,20,12,,6,37,5,10,1,14,60,1,88,85,87,94,83,76,79,82,90,81,37,57,59,51,44,34,54,46,47,71,51,50,63,55,68,48,64,57,65,61,56,53,40,,,,53,21,,28,40,5,,19,22,33,,55,61,53,65,40,43,59,46,70,,,,64,68,,58,68,60,49,44,,49,25,27,25,30,19,36,46,,32,,26,,33,41,37,49,44,39,45,41,49,53,43,25,70,74,76,71,,72,64,60,13,34,10,30,63,75,,,71,,62,49,,68,59,51,54,54,48,,54,59,17,39,18,36,32,,22,27,21,11,13,17,36,50,53,7,40,,31,56,66,30,64,35,38,12,30,10,17,21,11,21,,23,37,33,36,56,20,34,45,,107,88,59,81,68,83,78,53,83,94,100,83,77,94,89,94,84,22,17,15,38,22,18,35,41,43,42,26,12,46,4,13,36,15,33,23,27,7,27,10,,3,3,15,15,17,36,6,4,5,19,31,13,24,13,6,10,35,8,,22,37,35,22,32,34,36,19,18,48,24,12,29,37,28,26,30,26,26,24,13,5,10,9,10,19,32,18,41,5,5,35,48,46,14,16,18,8,5,4,,3,,19,13,5,17,111,,56,55,56,61,80,7,70,36,,65,34,74,37,20,,17,44,20,22,20,,30,115,14,25,31,17,16,19,19,12,4,18,13,27,28,14,15,8,55,37,54,60,41,55,78,57,51,64,52,38,60,22,87,54,60,44,51,81,64,117,62,77,50,,58,69,79,,,,97,102,12,5,2,7,110,,29,33,22,49,30,49,33,17,30,36,42,47,15,14,46,,91,72,71,93,82,101,114,104,118,72,42,36,58,38,27,19,16,17,26,15,36,73,52,69,53,9,5,,31,,49,,45,46,42,22,27,,,68,,69,53,54,,28,19,47,46,51,32,30,42,60,39,44,90,83,93,108,84,,55,,56,,28,38,52,46,71,78,63,98,106,89,94,89,88,75,82,60,,164,105,144,124,105,19,22,26,18,34,27,31,32,33,38,18,29,31,12,27,26,32,13,30,24,25,23,20,37,18,31,22,19,81,82,,21,9,,28,21,18,18,36,16,17,9,,,93,93,90,49,,85,,108,87,90,116,,129,124,,54,54,71,,45,12,38,30,7,29,104,29,52,36,,56,38,64,36,34,51,,9,2,24,3,19,31,19,11,8,11,21,,36,76,17,40,49,4,8,5,12,6,,18,72,73,27,64,59,5,8,14,11,15,48,48,43,24,34,53,73,57,,,60,64,66,81,46,68,64,51,32,72,53,105,66,69,,63,74,77,49,57,84,81,81,89,81,84,79,74,102,74,69,74,111,100,109,69,111,85,,97,38,32,38,40,61,32,35,33,48,39,33,85,55,28,35,50,21,19,47,21,18,28,47,15,28,18,8,9,42,27,18,20,33,36,6,13,4,14,16,59,69,80,61,84,96,112,106,105,102,6,55,7,12,50,82,92,123,64,,,90,50,38,41,37,104,87,94,104,130,92,19,28,12,,24,30,38,69,78,71,58,79,57,48,55,7,12,5,2,53,27,63,63,68,41,65,64,61,,85,82,51,54,69,73,,103,106,99,111,118,79,55,84,101,77,56,70,40,40,41,44,88,93,28,52,58,44,146,46,80,63,88,29,28,56,43,45,88,72,82,92,85,84,48,75,64,75,63,,62,56,70,135,63,,66,58,61,43,47,75,71,51,50,58,,60,62,35,60,,26,57,56,,,56,39,20,38,62,58,57,79,,97,84,,22,56,29,42,62,66,64,100,94,68,100,129,50,108,,104,111,144,99,,132,73,86,94,94,23,,22,98,83,100,56,26,78,66,,88,94,95,136,,,28,3,101,104,112,106,95,21,24,81,39,,,52,40,64,35,8,14,46,5,52,21,21,28,26,8,6,17,2,2,7,6,37,,,25,29,34,31,11,5,12,12,21,16,6,17,38,28,42,28,4,8,,,3,6,6,54,18,16,21,65,47,39,56,19,40,,19,47,23,7,20,12,,18,30,44,,63,26,34,45,32,20,39,22,,34,45,25,42,56,40,28,32,75,46,82,51,,50,19,24,21,63,67,64,58,54,69,,21,28,64,48,82,30,42,14,20,49,33,18,18,28,112,45,46,41,2,8,2,1,52,51,39,20,24,14,7,42,44,8,15,5,21,16,16,40,34,35,28,28,21,34,20,58,68,129,110,107,38,41,64,75,23,27,36,23,27,8,41,47,37,24,28,19,15,25,69,85,84,,51,88,83,102,,97,94,95,,94,86,72,76,76,91,100,101,85,99,74,88,84,78,91,86,87,,24,4,15,10,90,88,83,60,56,52,52,54,17,19,27,53,65,54,,48,43,,11,89,73,80,72,37,36,24,23,13,35,35,34,21,33,47,5,21,14,24,39,29,44,51,50,46,56,48,63,81,112,21,45,16,33,43,78,53,58,52,57,23,41,31,31,43,4,,,,8,5,4,18,24,25,10,6,35,41,,37,24,8,32,35,13,10,28,33,6,8,5,36,34,12,8,38,8,31,19,50,95,101,68,86,104,78,104,59,30,63,48,51,38,60,49,107,71,63,,68,34,45,34,54,50,50,82,47,105,,40,28,,74,54,52,61,51,16,18,18,,84,34,34,38,32,35,62,36,49,52,28,39,38,37,40,5,11,38,26,2,,39,,36,26,23,62,31,2,27,27,4,3,10,8,43,44,,27,40,14,23,5,10,48,40,44,39,5,2,55,38,18,15,60,55,58,55,56,,99,,48,42,38,28,31,16,55,88,76,76,,56,46,42,24,90,84,69,70,95,,58,73,75,54,71,48,63,87,94,85,106,94,59,,116,81,64,51,87,59,54,83,45,82,96,81,86,90,89,91,88,78,89,31,43,39,29,58,16,22,76,63,108,89,176,16,,24,49,44,21,43,9,65,61,59,22,28,24,35,38,91,4,45,48,66,74,116,121,27,5,18,72,69,42,70,17,53,15,57,75,39,48,8,5,68,50,45,39,91,74,88,21,47,13,41,74,54,99,94,100,92,32,57,32,39,29,65,62,47,33,15,32,19,76,65,55,69,74,66,,50,94,58,51,20,53,85,80,128,2,87,30,114,31,13,45,86,92,30,51,62,56,74,46
20170820,5,CO,1.3,1.1,1.5,1,1.6,1.2,0.9,1.2,0.9,1.2,1.1,1.1,,,2,,1.6,1.2,,,1.6,1.1,1.7,,1.6,1.2,,1.1,0.8,0.8,1.6,0.7,0.6,0.7,4.2,3.7,3.4,3.3,4.2,3.2,0.5,0.4,0.4,0.5,0.6,0.8,0.7,0.7,0.8,0.6,0.7,0.8,0.7,0.6,0.8,0.4,0.3,0.4,0.6,0.5,0.6,0.5,0.5,0.6,0.5,1.2,1.2,,1,1.2,0.7,0.6,0.7,0.5,0.8,0.7,1.2,1.1,1.1,0.9,,,0.8,0.8,1.2,1.1,1.1,0.8,0.7,1.2,0.8,1,1,1.2,1.3,1.2,0.6,1,0.8,,,0.9,0.8,0.9,0.9,,1.1,0.7,0.7,0.9,1.1,0.6,0.7,0.7,0.7,0.9,0.8,0.9,1.1,1,,1,0.7,1,0.8,0.9,0.9,0.8,1.3,0.6,,0.2,0.2,0.3,0.3,1.3,0.1,0.5,0.6,0.3,0.7,0.6,0.6,0.9,0.6,0.7,0.7,0.7,0.6,0.6,0.5,1.5,0.9,0.7,1.2,1,0.8,0.7,0.2,0.7,0.4,0.3,0.8,0.3,1.2,0.8,0.7,0.5,0.4,0.6,0.5,0.4,,,,0.8,0.9,,0.7,1,0.9,,1,0.2,0.3,,0.4,0.6,0.7,0.7,0.6,0.6,0.9,1.2,0.6,,,,0.6,0.3,,0.7,0.6,0.5,0.3,0.8,,0.6,0.6,0.3,0.4,0.4,0.4,0.8,0.5,,0.7,,0.7,,0.6,0.5,0.7,0.6,0.6,0.6,0.7,0.6,0.5,0.5,0.6,0.8,0.7,0.9,0.6,0.9,,0.5,0.4,0.5,0.5,0.4,0.5,0.8,1.1,0.9,,,0.6,,0.6,0.7,,0.1,0.5,0.4,0.6,0.6,0.2,,0.5,0.5,0.9,0.5,0.6,0.8,0.5,,0.6,0.6,0.8,1,0.8,0.6,,0.8,0.5,0.9,0.1,,0.8,0.6,0.5,0.4,0.3,0.4,0.4,1.5,0.9,0.6,1.2,1.1,1.1,0.5,,1.6,1.4,1.6,1.4,1.3,2.1,1.3,1.3,,0.3,0.2,0.4,0.3,0.6,0.5,0.4,0.3,0.5,1.6,1.5,1.8,1.7,1.9,2.1,2,1.4,1.5,2.7,0.8,0.6,4.1,0.6,0.8,0.7,0.6,0.7,0.9,1,0.6,0.8,0.5,1,0.7,0.3,0.4,0.7,0.8,0.7,0.6,,1,0.9,1.2,1,0.8,0.6,0.9,0.8,0.8,1,0.6,0.7,0.8,1,0.6,0.6,0.6,0.7,0.7,0.3,0.4,0.5,0.8,,0.9,0.6,0.6,0.7,0.6,0.7,0.7,0.7,0.5,0.6,0.6,0.2,0.5,0.4,0.4,0.6,0.8,0.6,0.6,0.5,0.7,1,0.6,0.8,0.5,1,0.8,0.6,0.5,1,1.1,1.1,0.9,1.1,1.1,,1,0.5,0.6,0.7,0.6,0.6,0.5,,0.8,0.7,0.8,0.6,1.3,0.9,0.8,0.6,,0.9,0.6,0.5,0.8,1.1,,0.6,0.6,1.3,0.9,0.7,,0.5,0.7,0.4,0.4,0.5,0.6,0.5,0.4,0.5,0.4,0.5,0.6,1.2,0.8,1.2,0.9,1.1,1,0.3,0.4,0.4,0.4,0.6,0.4,1.2,1.5,1.2,1.4,1.2,1.1,1.1,1.5,1.3,1.2,1.4,1.4,1.3,0.5,0.5,0.2,0.3,0.2,0.4,,0.8,0.8,0.6,,,,0.8,0.9,0.9,1,1.2,1.2,1.2,,0.9,0.3,2.6,0.4,0.5,0.4,0.4,0.7,0.4,0.4,0.6,0.3,0.4,0.8,1,,1,1.2,0.4,0.8,1,0.7,1.1,0.6,0.7,0.8,1.5,2.3,1.2,1.1,0.7,0.6,0.7,1,2.4,2.5,1.5,0.6,0.6,1.8,0.6,0.7,0.6,,0.6,,0.6,,0.9,0.7,0.5,1,1.1,,,1,,0.9,0.9,0.8,,6.3,1.3,1.2,1.7,0.9,1.3,0.5,0.5,0.8,0.4,0.3,0.4,0.2,0.5,0.3,0.4,,0.4,,0.6,,0.3,0.9,0.6,1.2,1.1,0.4,0.8,0.4,0.4,0.3,0.4,0.3,0.4,0.5,0.6,0.5,,0.9,0.9,1,0.8,0.6,0.6,0.6,0.6,0.8,0.7,0.6,0.6,0.4,0.7,0.5,0.5,0.6,0.4,0.4,0.4,0.4,0.8,0.7,0.7,0.6,0.6,0.5,0.8,0.8,0.8,0.7,0.6,0.8,1.1,1.2,,0.9,0.8,,0.7,0.9,0.9,0.8,0.5,0.7,0.6,0.8,,,1,1.1,1,1.1,,1,,0.9,1,1.2,1.1,,1.3,1.2,,1.4,2.1,1.8,,1.5,1.9,0.6,1.1,2.4,1.6,0.6,1.1,0.4,0.2,,0.4,0.7,1.2,1,0.9,0.9,,0.8,0.7,0.5,0.6,,1.5,0.9,1,1.1,1,1,0.8,1,0.8,0.8,1.2,1,0.7,0.7,0.6,0.9,0.5,,0.4,0.7,0.7,0.3,0.5,0.3,0.4,0.6,0.4,0.4,0.3,0.7,0.4,0.4,0.7,0.7,0.6,0.7,0.5,,,0.6,0.5,0.5,0.6,0.5,0.6,0.9,0.2,0.3,0.5,0.5,0.4,1.4,2,,1.4,1.8,2.7,2.4,1,1.5,0.9,1.3,1.4,1,1.1,0.8,1.2,2.3,1.7,1.1,1.3,1.2,1,1.3,1.5,1.1,1.1,,1,0.8,1,0.9,1.2,0.8,0.7,0.6,0.9,0.5,0.7,0.6,0.4,0.5,0.6,0.5,1.3,1.1,1,0.7,1.1,1.1,1.1,1,0.4,0.7,0.5,0.6,0.5,0.2,0.6,0.7,0.7,0.8,0.7,1,1.1,0.8,0.5,0.4,0.6,0.5,0.6,0.6,1,1.2,1,1.2,1,1.1,2.1,0.2,1,0.8,0.4,0.4,0.5,0.4,0.6,,,0.5,0.7,0.7,0.5,0.8,0.9,0.6,0.6,0.6,0.5,0.6,1,0.6,0.2,,0.4,0.8,0.9,1.2,1,1.3,1.2,1.5,1.4,1.6,1.4,1.2,1.2,1.2,1.6,0.9,0.9,1.1,1,1,1.1,1.1,0.9,1,,0.9,0.8,0.3,0.3,0.2,0.5,,0.4,0.2,0.7,0.6,0.4,0.7,0.6,0.6,0.8,1.4,1.3,1.9,0.5,1.2,1,1.3,0.7,0.1,0.5,0.7,0.2,,0.5,0.2,0.4,,0.4,0.5,0.9,0.3,0.5,0.3,0.5,0.3,0.4,0.5,0.3,0.3,0.5,0.6,0.9,0.7,0.6,0.8,0.6,0.6,0.3,0.4,0.5,,0.5,0.7,1,1.1,1,0.6,0.7,0.4,0.6,0.7,,0.3,0.4,0.7,1,,0.8,0.6,0.5,,,0.3,0.6,0.6,0.4,0.7,0.4,0.4,1.1,,1.1,1,,1,0.8,5.1,2.2,4.6,2.7,2,1.8,1.3,1.9,1.2,1.4,0.9,1.1,,1,0.9,1.2,1,,1.2,1.6,1.1,1.2,1,1.5,,1.8,1,0.6,0.5,0.5,0.6,0.2,0.4,,0.6,0.3,0.3,0.7,,,0.3,0.2,0.7,0.6,0.4,0.3,0.4,0.7,1,1.5,1,0.5,,0.6,0.5,1.1,0.6,0.4,0.2,0.5,1,0.7,0.6,0.3,0.7,0.3,0.8,1.2,0.9,1.1,0.8,0.8,1.1,1.1,,,0.1,0.8,0.6,0.6,0.7,1,0.4,0.4,0.5,0.4,1.5,0.3,0.5,0.2,0.3,0.4,0.3,0.5,0.2,0.5,0.3,0.5,0.6,0.4,0.4,0.5,0.5,0.7,0.6,0.6,0.4,0.2,0.7,,0.6,0.6,0.6,0.8,0.7,0.4,,0.5,0.5,0.4,,0.3,1,0.6,1,0.6,0.7,0.4,1.4,,0.5,0.4,1.1,0.3,0.5,0.5,0.9,0.4,0.3,0.4,0.4,0.7,,0.7,0.3,0.6,0.8,0.2,0.3,0.3,0.5,0.7,0.7,,1,0.7,0.4,0.5,0.5,0.7,0.7,0.8,0.6,0.7,1,1,0.8,1.1,0.6,0.8,0.9,0.8,0.7,0.7,0.5,0.8,0.6,0.9,0.6,0.8,1.2,0.8,1,1.3,0.3,1.3,0.9,0.9,0.6,0.6,1.2,0.5,1.1,0.2,0.7,0.5,0.4,0.4,0.3,1.3,1,0.9,0.6,1.3,0.8,0.6,1.1,0.6,0.7,0.5,0.5,0.8,0.7,0.7,0.8,0.2,0.3,1,1.4,1.1,0.9,1.1,2,1.3,1.2,,1.7,1.5,1.7,1,,1,1.1,1.2,,1.2,0.8,0.9,0.9,0.7,1.5,1.2,1.8,1.4,1.4,1.2,0.7,0.9,0.8,0.8,1.2,1.1,,0.8,1.2,0.9,1,0.7,1,0.7,0.5,0.6,1.1,1.1,1.1,0.7,0.7,0.9,0.6,0.8,0.8,,0.8,0.6,,1.1,0.8,1,0.9,1.1,0.9,0.6,0.8,1.1,0.8,0.7,0.8,0.7,0.7,1.4,0.6,0.7,0.5,0.6,0.6,0.5,1.1,0.5,0.9,0.9,0.8,2.4,1.8,1.6,1.7,1.1,0.4,0.5,0.5,0.5,0.4,1.2,1.3,1.1,1,1.6,0.9,2.5,1.6,0.6,0.6,0.7,0.8,1.2,0.8,0.4,0.6,0.5,0.7,0.7,0.6,1.4,1.2,0.7,0.5,,0.8,1,0.7,0.9,0.7,1.1,1,0.9,1.2,0.4,0.7,0.6,0.4,0.6,0.7,0.4,0.8,0.5,0.4,0.8,0.8,0.3,0.6,0.5,0.4,0.5,0.4,0.4,0.9,0.7,0.7,0.9,0.4,0.4,0.4,0.3,0.5,0.8,1.1,,0.6,0.4,0.4,0.4,0.5,0.6,0.5,0.5,0.6,0.3,,0.6,0.6,,0.4,0.6,0.5,0.4,0.5,0.4,0.5,0.5,,0.4,0.7,0.6,0.5,0.7,0.3,0.4,0.5,0.3,0.7,0.4,0.4,0.5,0.5,0.5,0.4,0.8,0.6,0.6,0.8,0.7,0.6,,0.5,1.3,0.9,0.2,0.6,0.9,0.8,0.6,0.3,0.3,0.9,1,0.6,0.7,,0.5,0.3,0.7,0.6,0.5,0.1,0.6,0.7,0.5,0.5,1.2,0.9,0.9,0.3,0.5,0.4,0.3,0.3,0.4,0.2,0.9,,0.2,,0.3,0.2,0.4,0.9,1,1,1,1.1,1.2,1.1,,0.8,0.5,0.7,0.9,0.2,0.5,0.4,0.5,0.8,,0.5,0.4,0.4,0.1,0.3,0.5,0.3,1,1.1,1,0.1,0.2,0.4,,0.5,0.5,,1.1,0.7,0.8,0.6,1.1,0.5,0.6,0.8,0.7,0.7,0.4,0.5,0.6,1.7,0.8,1.2,0.9,0.8,1.1,1.5,0.3,1.3,0.8,0.4,0.3,1,0.7,1.2,0.5,,0.4,0.7,0.6,1.4,1.6,1.3,0.8,0.7,0.8,0.7,0.6,0.8,1.1,0.3,1.1,0.8,2.8,1,1.3,1.1,1,1.4,1.5,0.5,0.6,0.5,0.4,0.6,0.8,0.5,0.4,0.7,0.4,1,1,0.7,1.6,1.9,0.3,0.4,0.9,1,0.4,0.7,0.6,0.4,0.6,1.2,0.8,0.7,1.5,1,0.7,0.4,0.7,1.4,0.4,0.4,0.5,0.6,0.6,1.1,0.7,0.7,0.6,0.7,0.6,0.8,0.5,0.7,0.3,0.5,2.1,,1.9,1.1,1.2,0.9,1,0.5,0.6,0.4,0.8,0.5,0.6,0.4,1.2,1.5,0.2,1.4,1.8,0.3,0.7,0.3,0.3,0.8,0.2,1
20170820,5,CO_24h,1.1,0.8,1.1,0.9,1.1,1,1,1.2,0.9,1,0.9,1.1,,,1.1,,0.9,0.6,,,1,0.7,0.8,,0.7,1,,0.9,0.8,0.6,1.5,0.7,0.6,0.7,2.2,2.1,2,1.9,2.5,2.2,0.5,0.5,0.5,0.5,0.5,0.8,0.8,0.9,0.8,0.6,0.7,0.7,0.6,0.5,0.8,0.5,0.5,0.5,0.7,0.5,0.5,0.5,0.5,0.6,0.5,1.3,1,,1.1,0.9,0.4,0.3,0.6,0.4,0.7,0.5,1.2,0.9,1,1,,,1,0.8,1.3,1.1,1.2,1.1,0.8,1.2,0.8,1.1,1,1.2,1.2,1.2,0.8,1,0.8,,,0.9,0.8,1,0.9,,1,0.8,0.8,0.9,1,0.6,0.8,0.8,0.8,0.8,1.2,0.9,1,1.1,,1,0.7,0.9,0.8,0.9,0.8,0.7,1,0.6,,0.4,0.6,0.6,0.6,1.3,0.3,0.3,0.7,0.4,0.8,0.5,0.8,0.8,0.7,0.7,0.6,0.6,0.6,0.8,0.6,1.6,1.1,0.9,1.3,1.2,0.8,0.9,0.3,0.7,0.5,0.3,0.9,0.4,1.1,0.7,0.8,0.6,0.5,0.7,0.5,0.4,,,,0.9,0.7,,0.6,0.7,0.4,,1,0.3,0.4,,0.5,0.6,0.7,0.7,0.6,0.7,0.8,0.9,0.7,,,,0.6,0.4,,0.8,0.8,0.7,0.4,0.8,,0.7,0.7,0.4,0.4,0.4,0.4,0.8,0.5,,0.8,,0.8,,0.5,0.6,0.8,0.6,0.7,0.7,0.8,0.7,0.6,0.6,0.7,0.9,0.7,0.8,0.6,0.9,,0.5,0.5,0.4,0.7,0.5,0.5,0.7,1.1,0.7,,,0.6,,0.8,0.8,,0.2,0.5,0.5,0.6,0.6,0.3,,0.6,0.5,0.6,0.5,0.7,0.7,0.6,,0.6,0.7,0.8,0.9,0.8,0.5,0.9,0.7,0.5,0.9,0.2,,0.6,0.6,0.5,0.3,0.3,0.4,0.4,1.4,0.7,0.6,1.1,1,0.9,0.5,,1.5,1.1,1.4,1.1,1,1.3,1.1,1.1,,0.3,0.3,0.4,0.4,0.6,0.5,0.5,0.2,0.6,1.1,1.1,1.3,1.4,1.2,1.5,1.6,1.1,1.4,0.9,0.8,0.6,0.8,0.6,0.5,0.7,0.5,0.6,0.8,0.7,0.5,0.6,0.6,0.6,0.6,0.4,0.4,0.6,0.7,0.7,0.7,,0.8,0.7,0.8,0.9,0.8,0.6,0.9,0.6,0.7,0.7,0.6,0.7,0.7,0.8,0.6,0.6,0.6,0.5,0.6,0.3,0.4,0.4,0.5,0.5,1,0.7,0.6,0.7,0.6,0.7,0.8,0.8,0.5,0.5,0.5,0.2,0.5,0.4,0.4,0.7,0.9,0.7,0.7,0.6,0.7,0.7,0.6,0.7,0.5,0.9,0.9,0.7,0.5,0.9,1,1,0.8,0.9,1,,1,0.5,0.5,0.7,0.5,0.6,0.5,,0.8,0.6,0.8,0.6,1.1,0.8,0.8,0.7,,0.7,0.5,0.4,0.8,0.8,,0.7,0.6,1.1,0.9,0.8,,0.6,0.2,0.4,0.4,0.6,0.5,0.5,0.4,0.6,0.4,0.5,0.6,0.8,0.6,0.9,0.5,0.8,0.8,0.4,0.7,0.4,0.4,0.7,0.5,1.3,1.6,1.3,1.5,1.3,1.1,1.2,1.6,1.4,1.4,1.5,1.4,1.3,0.7,0.8,0.4,0.6,0.5,0.4,,0.9,0.7,0.6,,,,0.8,0.5,0.8,1,0.8,1,0.7,,0.8,0.7,1.4,1,0.6,0.7,0.4,0.5,0.5,0.6,0.7,0.3,0.5,0.3,0.9,,1.2,1.5,0.8,0.9,1,0.7,1.2,0.6,0.8,1,0.8,1.9,0.8,0.9,0.8,0.7,0.7,1.1,1.3,1.2,0.9,0.9,0.9,1.1,0.7,0.6,0.5,,0.6,,0.5,,0.8,0.9,0.7,0.8,1,,,1.1,,1,1,0.9,,1.9,1.3,1.2,1.4,0.9,1.3,0.4,0.4,0.7,0.3,0.3,0.6,0.4,0.6,0.4,0.6,,0.4,,0.7,,0.4,0.9,0.7,1.1,1.3,0.6,1.2,0.5,0.4,0.4,0.5,0.4,0.6,0.6,0.7,0.6,,0.9,0.9,0.8,1,0.7,0.7,0.6,0.6,0.8,0.6,0.6,0.6,0.4,0.7,0.4,0.5,0.6,0.4,0.5,0.5,0.4,0.8,0.8,0.7,0.7,0.7,0.5,0.8,0.7,0.9,0.5,0.6,0.8,1.1,1.2,,0.9,0.8,,0.7,0.9,0.9,0.7,0.6,0.6,0.6,0.5,,,0.9,1.1,1.1,1.1,,1.2,,1.4,1.2,1.3,1.2,,1.3,1.4,,1.6,1.8,1.5,,1.6,1.5,0.8,1,1.3,1.4,0.8,1.1,0.5,0.5,,0.8,0.9,1.8,1.4,1.1,1.1,,1,0.8,0.6,0.6,0.5,0.9,0.9,1.2,1.2,1.1,1,0.8,0.8,0.8,0.6,1.1,1,0.7,0.7,0.5,0.8,0.5,,0.4,0.8,0.8,0.3,0.6,0.3,0.3,0.6,0.4,0.4,0.4,0.6,0.5,0.4,0.6,0.6,0.8,0.9,0.6,,,1.1,0.9,1.2,0.8,0.6,0.7,0.9,0.4,0.3,0.6,0.4,0.5,1.2,1.9,,1.3,1.5,2.3,2.1,1.1,1.7,1.2,1.5,2.4,1,1,0.8,1.1,1.7,1.5,1.1,1.1,1,0.8,1.1,1.1,1,0.9,,1,0.8,1.1,0.9,1.2,0.8,0.8,0.7,0.9,0.4,0.6,0.5,0.4,0.5,0.6,0.6,1.2,1.1,1,0.6,1.1,1.2,1.1,1,0.4,0.7,0.5,0.7,0.6,0.3,0.8,0.7,0.6,0.8,0.5,0.8,0.9,0.8,0.6,0.4,0.6,0.6,0.6,0.6,1,1.3,1,1.2,1,1.1,1.7,0.6,1,0.9,0.3,0.4,0.4,0.4,0.6,,,0.6,0.7,0.7,0.6,0.8,0.8,0.5,0.5,0.6,0.4,0.6,0.9,0.4,0.4,,0.3,0.8,0.8,1.3,1.2,1.4,1.4,1.5,1.6,1.6,1.4,1.1,1.2,1.2,1.4,0.9,0.9,1.2,1.1,1.1,1.3,1.2,1.1,1.1,,1,1,0.3,0.2,0.2,1.1,,0.5,0.5,0.4,0.7,0.3,0.7,0.5,0.7,0.8,1.5,1.2,1.8,0.6,0.8,0.8,0.9,0.8,0.2,0.5,0.6,0.3,0.8,0.6,0.3,0.5,0.1,0.6,0.7,1.1,0.5,0.6,0.4,0.5,0.4,0.5,0.6,0.4,0.4,0.6,0.8,0.8,0.6,0.5,0.9,0.6,0.6,0.6,0.6,0.6,,0.6,0.8,0.8,0.7,0.8,0.6,0.7,0.4,0.6,1,,0.6,0.5,0.6,0.8,,0.8,0.7,0.6,,,0.4,0.3,0.5,0.4,0.6,0.4,0.4,1,,0.9,0.9,,0.8,0.5,2.1,1.4,1.8,1.5,1.5,1.6,1.1,1.2,1.3,1.6,0.9,1.2,,1.1,1,1.5,1.2,,1.5,1.3,1.1,1.1,1.1,1.9,,2.1,1.5,0.9,0.9,0.5,0.4,0.4,0.5,,0.8,0.5,0.4,0.8,,,0.5,0.3,0.6,0.6,0.5,0.6,0.5,0.5,0.5,0.8,0.7,0.2,,0.6,0.5,0.8,0.7,0.6,0.3,0.5,0.8,0.7,0.6,0.3,0.8,0.4,0.9,1.1,0.9,0.8,0.9,0.8,1.2,1,,,0.2,0.8,0.7,0.6,0.4,0.6,0.4,0.4,0.5,0.5,1,0.6,0.9,0.4,0.6,0.5,0.4,0.5,0.3,0.4,0.3,0.5,0.7,0.3,0.5,0.5,0.4,0.7,0.6,0.5,0.5,0.3,0.8,,0.5,0.6,0.5,0.6,0.7,0.3,,0.5,0.4,0.3,,0.4,0.7,0.6,0.7,0.8,0.8,0.5,0.9,,0.8,0.3,0.7,0.5,0.6,0.5,1,0.4,0.4,0.4,0.5,0.8,,0.5,0.2,0.4,0.5,0.3,0.4,0.4,0.5,0.7,0.6,,0.7,0.6,0.5,0.6,0.4,0.7,0.7,0.7,0.6,0.7,1.7,1.4,0.8,1.2,0.6,0.9,1,0.9,0.6,0.8,0.6,0.7,0.7,0.9,0.8,0.7,1.1,0.9,1.1,0.9,0.3,0.9,1,0.9,1,0.5,0.7,0.7,1.7,0.9,0.7,0.9,0.4,0.3,0.3,1.2,0.9,1,0.6,1.2,0.7,1,0.9,0.6,0.7,0.5,0.8,0.7,0.6,0.7,0.8,0.5,0.4,0.9,1.3,1.1,0.8,1.1,1.9,1.5,1.5,,1.3,1.2,1.2,1.2,,1.1,1.2,0.8,,0.8,0.6,0.7,0.7,0.5,1.2,0.9,1.5,1,1,1,0.6,0.7,0.6,0.7,0.9,0.9,,0.8,0.8,0.9,0.8,0.7,1.1,0.8,0.5,0.5,0.8,0.9,0.8,1,0.7,1.1,0.6,0.8,0.8,,0.8,0.6,,1.1,0.8,1,0.9,1,0.9,0.6,0.8,1,0.8,0.6,0.8,0.8,0.6,1,0.7,0.5,0.5,0.6,0.5,0.6,1,0.4,0.8,0.8,1,1.3,1.8,1.6,1.5,1,0.4,0.4,0.4,0.5,0.4,1.2,1.2,1,0.9,1.3,0.9,2.3,1.5,0.9,0.7,0.8,1,1,1.1,0.8,1.1,0.9,0.8,0.8,0.7,1.1,0.9,0.7,0.5,,0.7,1,0.6,1,0.8,1.1,0.9,0.8,1.3,0.4,0.8,0.6,0.4,0.5,0.7,0.4,1,0.7,0.5,0.9,0.8,0.4,0.6,0.7,0.4,0.6,0.5,0.5,0.6,0.6,0.6,0.6,0.2,0.3,0.4,0.3,0.4,0.6,1,,0.5,0.4,0.4,0.4,0.5,0.6,0.4,0.6,0.7,0.3,,0.6,0.7,,0.5,0.6,0.6,0.5,0.5,0.7,0.5,0.5,,0.5,0.7,0.6,0.6,0.7,0.5,0.4,0.5,0.3,0.5,0.4,0.3,0.5,0.5,0.4,0.5,1,0.6,0.6,0.9,0.8,0.6,,0.5,1.3,0.9,0.2,0.6,0.8,0.9,0.7,0.4,0.3,0.8,1,0.6,0.8,,0.5,0.4,0.7,0.7,0.6,0.1,0.6,0.8,0.7,0.6,1.3,0.8,0.9,0.4,0.7,1,0.5,0.4,0.4,0.3,0.9,,0.2,,0.3,0.2,0.5,1,0.9,1,1.1,1.3,1.4,1.2,,0.8,0.7,0.8,0.9,0.5,0.6,0.2,0.5,0.6,,0.5,0.4,0.4,0.5,0.6,0.5,0.5,0.9,1,0.9,0.1,0.3,0.4,,0.8,0.8,0.1,1.2,0.8,0.9,0.6,1.1,0.5,0.6,1,0.8,0.9,0.6,0.7,0.7,1.8,1,1.2,0.9,0.9,1.5,1.6,0.3,1.1,0.8,0.4,0.4,0.9,0.6,1.2,0.5,,0.5,1,0.6,0.9,0.9,1,0.7,0.7,0.7,0.8,0.7,0.6,1.1,0.4,1.2,0.7,1.1,0.8,0.9,1.1,1.1,1.7,1.8,0.5,0.6,0.7,0.4,0.8,0.9,0.4,0.5,0.7,0.5,1,1.1,0.8,1.8,1.2,1,0.3,1.1,1,0.4,0.8,0.5,0.4,0.5,1.1,0.7,0.7,0.9,1.2,0.6,0.6,0.6,1.4,0.4,0.5,0.6,0.8,0.6,0.8,0.7,0.7,0.5,0.9,0.6,0.8,0.5,0.7,0.4,0.5,1.8,,1.3,1.3,1,0.8,1,0.6,0.8,0.3,0.8,0.6,0.6,0.5,1.1,1.4,0.3,0.8,1.5,0.4,0.4,0.2,0.3,0.7,0.3,0.9
20170820,6,AQI,94,70,109,77,105,107,72,65,60,74,103,70,,,104,,99,88,,,102,97,72,,97,104,,87,109,92,88,79,98,59,73,70,103,99,92,81,42,28,46,40,57,112,138,127,124,78,69,112,114,88,74,57,52,52,60,63,48,66,46,55,36,68,55,,64,61,70,77,73,73,87,87,83,97,87,74,,,58,73,63,71,69,76,92,82,101,93,87,114,103,104,28,42,39,,,62,47,51,41,,71,28,33,26,34,31,31,25,45,46,36,36,45,40,,35,16,20,22,32,48,93,91,66,,35,54,44,49,50,34,62,32,21,19,20,21,21,16,18,20,23,19,13,17,19,14,15,12,,16,18,18,22,22,26,18,20,17,28,19,28,23,22,20,54,,,,94,56,,63,71,100,,38,25,20,,21,34,22,19,28,26,24,42,20,,,,24,18,,22,29,19,23,34,,49,25,28,50,30,41,51,55,,27,,50,,40,37,28,32,26,25,33,32,29,27,38,17,37,50,53,53,,46,48,56,41,46,52,46,38,51,,,13,,32,24,,49,41,45,27,28,25,,18,20,60,53,63,35,29,,39,36,30,33,35,46,30,35,29,30,52,,67,63,62,59,42,33,43,76,83,67,83,84,77,19,,71,92,114,86,104,118,148,115,,30,30,28,33,28,26,29,58,28,68,69,77,65,79,73,69,70,64,68,43,43,53,39,81,41,60,41,55,56,30,100,67,49,52,35,41,50,54,42,40,,27,60,32,79,48,69,33,43,21,31,22,24,29,64,25,27,22,21,36,13,30,14,15,64,19,28,31,30,22,46,38,15,12,9,9,22,29,27,32,32,30,32,22,25,43,39,35,66,36,60,57,38,52,51,72,47,40,70,58,,54,26,12,29,19,19,39,,39,43,53,36,35,64,35,54,,35,55,52,42,75,,37,45,40,30,56,,28,53,28,26,19,25,27,33,32,29,42,39,21,23,51,39,37,55,18,13,21,19,19,17,87,77,64,72,79,73,65,81,70,68,54,89,73,32,34,33,29,24,24,,19,19,27,,,,49,57,34,61,81,53,61,,53,38,57,35,51,29,50,58,43,28,50,22,23,42,55,,68,89,72,70,85,60,57,49,59,68,83,250,65,77,32,34,32,39,94,89,52,45,72,52,47,74,58,62,47,,45,,49,43,54,35,52,,,83,,73,27,28,,65,62,70,69,78,45,78,50,77,52,79,27,25,22,33,25,,52,,52,,64,49,57,50,30,40,52,32,44,38,27,28,26,56,37,49,,89,87,75,65,78,60,54,37,52,27,39,16,22,20,18,53,16,16,15,13,35,48,52,48,16,16,22,59,59,51,35,32,30,96,114,,52,53,,33,40,36,39,23,55,54,29,,,63,59,77,97,,43,,48,38,59,62,,68,60,,50,63,55,,63,109,77,80,103,84,44,50,54,35,,29,27,38,38,45,32,,47,47,21,38,18,63,30,33,55,40,55,39,59,129,73,59,50,37,35,54,31,36,,13,37,43,46,33,45,50,41,86,33,30,39,30,33,28,30,17,21,21,,,16,20,20,23,42,44,53,32,57,49,64,29,97,129,,98,105,103,113,58,77,60,62,70,54,57,62,65,94,104,95,102,78,94,88,112,87,83,,75,30,37,51,42,33,51,46,50,38,40,40,46,44,48,53,40,42,55,23,49,56,18,23,31,75,44,52,15,38,14,13,48,54,52,49,55,64,15,15,36,38,35,36,32,40,45,38,53,47,50,24,57,41,102,58,68,53,68,,,65,15,42,35,40,55,50,59,65,60,60,74,48,65,,47,29,38,52,59,57,60,50,70,54,59,56,72,88,89,32,53,38,42,38,42,48,43,74,,74,67,23,18,21,31,,25,29,72,29,35,25,18,30,31,54,72,55,39,33,70,70,32,30,39,33,36,40,34,43,30,32,28,26,45,49,53,54,29,24,24,29,21,26,18,20,22,26,16,20,15,15,38,50,18,,21,19,28,22,52,17,15,13,18,18,,17,18,38,77,,35,38,35,,,37,41,48,47,28,25,43,58,,69,72,,80,82,99,103,99,84,84,102,55,68,52,41,42,70,,50,53,79,71,,70,80,60,55,49,83,,64,34,39,36,38,74,44,20,,38,45,55,78,,,30,42,32,37,38,42,31,54,62,85,92,74,,60,59,75,52,28,45,42,62,49,73,48,37,28,36,26,26,32,36,36,28,38,,,45,30,29,30,31,35,66,34,35,35,100,13,38,43,24,16,18,16,26,48,42,53,49,21,25,46,20,43,40,38,32,21,32,,66,58,94,45,26,45,,43,59,58,,26,74,48,78,24,24,39,60,,20,25,62,52,26,33,37,49,27,25,22,51,,49,49,39,52,28,35,15,32,52,53,,67,55,23,14,33,53,52,54,39,39,64,57,55,50,60,48,67,56,68,58,66,55,39,32,29,63,70,58,77,67,16,70,57,53,53,45,52,46,46,45,34,45,45,52,36,117,87,70,67,108,79,82,72,74,40,45,37,33,44,43,60,49,57,47,48,50,52,78,73,63,60,,77,79,71,52,,54,49,73,,72,89,75,80,87,98,74,135,82,98,109,75,74,58,94,102,80,,54,60,80,57,28,38,35,38,122,117,73,150,55,57,51,54,52,52,,44,50,,56,33,30,32,46,25,20,15,51,45,40,64,41,52,41,26,40,48,57,60,47,35,52,62,40,48,35,57,73,54,57,29,25,50,33,28,29,38,51,57,60,31,50,58,33,54,10,34,51,58,64,88,83,42,53,35,58,50,65,61,,69,51,33,39,42,51,58,52,54,25,49,54,40,32,30,45,24,32,28,52,50,52,49,61,48,51,39,42,46,47,48,49,56,52,38,49,46,65,57,,59,,38,40,,39,63,55,29,58,,23,33,,42,66,56,61,46,5,5,9,,22,13,22,30,19,25,39,45,26,47,38,18,18,18,18,52,18,61,43,16,17,16,,17,16,23,45,50,83,28,15,33,20,31,21,20,22,,43,31,20,20,21,18,15,19,13,9,29,26,28,12,14,15,21,19,19,17,14,,26,,11,13,28,43,49,46,52,51,42,51,,29,19,23,35,30,27,23,50,49,,18,12,17,41,44,,39,57,62,63,37,26,51,,35,22,29,39,26,25,19,42,14,39,28,25,26,29,27,27,50,62,51,66,58,51,52,19,38,40,30,30,37,43,74,177,,111,123,91,81,47,66,12,13,13,34,45,60,25,30,62,22,105,114,75,85,60,70,82,42,26,20,57,30,20,51,57,56,43,87,42,16,48,38,31,30,51,29,47,18,26,18,62,68,75,49,70,34,42,43,56,54,20,36,33,34,15,19,16,67,49,37,51,20,53,40,45,50,61,,99,50,140,107,57,84,82,27,118,30,61,23,83,66,30,93,66,33,65,35,37,28,29,49
20170820,6,PM2.5,70,51,82,56,79,80,52,47,43,54,77,51,,,78,,74,65,,,76,72,52,,72,78,,60,82,67,65,51,73,11,53,46,75,51,59,52,29,17,32,25,26,84,95,96,94,57,50,84,86,65,54,33,35,19,37,45,7,16,28,27,19,49,39,,46,41,41,56,52,53,64,59,57,72,55,53,,,39,47,43,43,50,38,52,56,67,38,64,63,77,78,15,27,22,,,33,27,29,27,,36,17,23,18,21,19,17,14,31,26,22,21,14,16,,13,8,8,14,10,14,22,36,16,,16,16,20,16,18,17,31,20,10,8,14,9,,11,11,14,16,8,,3,7,,3,,,5,,,15,10,18,1,14,7,18,12,12,11,15,11,20,,,,70,27,,24,49,49,,15,17,14,,3,17,12,5,19,18,14,29,12,,,,15,8,,6,8,13,10,19,,20,17,16,19,14,26,23,39,,18,,35,,28,22,18,18,18,17,23,22,11,15,24,8,23,35,37,37,,32,33,38,28,28,29,32,23,28,,,7,,20,16,,23,26,29,14,19,17,,12,14,43,31,45,23,16,,14,24,17,18,19,24,21,20,5,21,26,,34,30,28,29,29,10,30,45,30,13,52,42,45,13,,42,68,81,57,78,89,113,87,,5,9,9,8,5,7,8,20,5,49,50,56,47,58,43,50,51,30,35,24,28,28,27,35,18,26,28,21,39,21,75,32,26,27,24,21,27,35,20,24,,18,24,22,58,33,50,22,30,13,19,11,14,15,32,13,14,15,13,24,8,21,7,10,46,13,19,10,16,15,32,26,10,8,6,,11,20,15,22,22,21,22,15,17,30,27,24,27,25,42,32,21,26,24,40,22,21,34,24,,22,6,8,20,6,13,27,,21,20,29,25,14,27,20,27,,24,15,15,17,22,,21,30,28,16,21,,19,28,5,18,5,14,10,20,22,20,9,18,10,16,12,19,12,23,1,1,3,2,1,1,64,56,46,52,58,53,47,47,51,49,38,66,53,22,10,8,20,7,8,,6,10,18,,,,26,19,13,28,30,17,15,,20,22,27,24,31,17,35,41,30,16,23,15,16,18,24,,29,66,52,51,63,32,37,34,42,49,61,200,44,56,19,20,20,20,66,66,36,31,33,36,30,33,26,34,22,,31,,13,13,15,12,34,,,61,,50,14,19,,37,30,31,50,49,31,37,22,53,20,39,5,12,12,7,2,,24,,22,,41,23,40,23,11,20,20,22,24,26,7,12,13,14,22,29,,66,64,55,47,57,43,38,17,29,15,25,11,10,14,12,32,11,8,10,9,22,26,30,33,11,8,15,39,30,28,24,22,13,69,86,,36,37,,20,26,25,27,16,32,28,7,,,39,42,56,39,,27,,33,26,42,44,,49,43,,34,45,34,,45,82,56,59,70,61,25,16,32,24,,20,15,20,26,26,22,,27,20,6,19,12,22,15,20,34,18,25,9,42,98,53,32,35,16,13,11,11,14,,9,24,16,23,17,31,23,25,33,14,21,18,21,20,19,10,9,6,6,,,9,9,9,9,22,19,23,15,27,27,29,14,68,98,,73,79,69,85,41,56,43,44,51,38,40,44,47,70,78,70,76,57,70,65,84,64,61,,55,18,19,9,20,16,23,32,27,26,28,23,32,28,33,37,28,29,39,13,20,19,12,16,15,34,28,26,9,4,2,9,33,31,36,33,34,29,4,3,25,26,24,25,22,28,31,26,37,29,22,14,19,15,76,38,49,37,49,,,47,10,7,24,25,39,35,40,42,43,43,16,29,21,,26,20,26,35,42,40,43,35,51,34,40,30,16,45,66,22,32,26,29,26,29,33,30,36,,54,48,5,12,,9,,17,1,52,20,2,6,7,10,7,13,52,14,20,22,51,51,8,6,26,22,21,9,,25,18,22,8,14,21,19,12,20,6,6,10,19,8,2,11,13,15,15,3,,10,10,26,19,12,,3,4,19,9,36,8,9,8,12,3,,6,1,18,56,,24,20,22,,,23,20,21,15,9,17,18,41,,50,52,,39,52,74,77,74,62,58,76,34,39,36,27,29,51,,35,37,58,47,,51,59,43,39,34,48,,46,22,27,25,26,54,26,13,,26,29,12,57,,,3,5,20,23,21,15,11,33,44,63,68,39,,40,37,38,36,19,28,22,33,34,49,24,23,19,12,16,9,6,8,21,15,13,,,9,14,13,18,17,24,23,16,24,18,24,4,13,13,16,11,7,11,7,27,26,19,23,12,9,18,14,28,28,26,8,8,22,,42,41,70,18,13,22,,30,42,18,,17,54,33,57,10,3,14,43,,12,16,44,36,18,23,12,11,11,4,14,33,,24,13,27,26,9,3,8,12,22,37,,47,38,3,1,3,30,36,29,27,20,46,40,36,35,43,33,48,37,41,32,29,26,27,22,20,45,51,36,49,33,4,31,27,30,15,31,27,20,22,30,22,31,31,27,25,88,64,51,48,81,58,60,52,54,28,31,23,23,24,30,43,34,40,30,33,32,36,44,53,45,43,,56,58,46,36,,38,34,53,,52,66,55,59,64,73,54,103,60,73,82,55,54,17,70,76,59,,27,35,12,40,9,26,24,18,92,88,46,115,39,40,20,38,35,36,,18,29,,20,23,21,17,32,17,14,10,33,30,28,29,25,30,24,18,28,32,36,43,26,24,26,44,16,13,24,40,22,18,18,14,17,35,23,9,18,26,20,18,29,19,34,41,23,38,,10,26,39,46,65,61,22,23,22,27,28,47,37,,46,35,23,27,29,30,33,36,38,12,21,18,28,22,21,16,2,16,4,7,35,36,34,27,,31,22,23,32,31,33,31,26,13,19,34,32,47,33,,15,,23,27,,27,32,32,20,41,,15,17,,13,18,25,25,12,2,2,3,,3,8,15,14,11,17,27,31,11,15,26,9,9,11,7,8,10,23,27,8,9,10,,3,11,16,20,35,11,14,10,23,14,4,12,14,15,,7,17,14,8,12,6,7,13,9,5,12,8,,,,10,3,3,2,,2,,,,3,3,19,27,32,27,34,24,27,25,,15,13,16,17,12,9,10,35,32,,11,2,10,25,20,24,18,40,44,45,19,18,15,,11,5,20,27,13,17,9,29,3,27,5,1,18,5,6,15,9,14,13,18,24,20,28,6,26,16,9,13,19,22,12,60,,59,47,59,54,24,35,8,2,4,13,31,24,13,21,44,15,79,86,55,59,43,51,43,13,11,,40,15,12,29,40,27,24,57,29,11,17,10,5,21,23,15,32,9,17,12,44,49,46,32,51,22,25,23,33,29,13,25,23,16,10,13,9,37,34,24,23,12,29,16,20,12,42,,74,35,107,80,40,62,60,13,89,13,24,16,61,31,21,69,47,10,45,24,4,13,9,34
20170820,6,PM2.5_24h,43,40,46,37,46,47,38,45,33,44,45,50,,,41,,41,40,40,,37,40,28,,39,42,,58,64,52,70,48,57,38,39,38,51,42,51,43,16,19,28,17,25,75,92,88,68,43,40,60,58,50,44,31,35,17,29,33,12,10,21,14,23,37,33,,37,30,35,42,43,40,45,54,50,59,50,39,,,38,32,36,32,34,34,52,49,52,61,48,52,63,56,17,26,32,,,28,32,26,28,,33,18,15,18,16,14,19,16,22,19,17,16,13,10,,10,6,6,9,10,12,24,22,12,,26,22,23,24,23,17,17,22,29,30,39,31,24,36,31,26,26,30,14,12,14,11,18,8,15,16,8,23,22,21,19,15,23,19,20,27,26,22,29,25,14,,,,24,14,,10,16,19,,31,28,23,,18,28,20,21,27,24,24,26,22,,,,20,20,,28,24,25,20,23,,23,15,14,14,13,18,20,15,,6,,19,,15,27,25,17,31,25,27,29,27,25,28,18,25,32,34,27,,33,27,27,42,33,34,44,40,29,,,17,,31,32,,29,34,35,21,23,19,,26,20,34,37,43,21,24,,16,20,14,16,20,24,23,19,15,18,33,,33,35,35,40,33,15,26,35,24,20,41,33,32,24,,31,38,51,32,43,49,59,51,,13,13,13,10,14,11,14,11,15,50,55,62,53,57,129,49,49,49,24,19,19,19,31,25,20,22,20,17,29,21,32,27,21,22,23,18,22,28,25,22,,25,23,24,46,19,43,23,27,16,16,14,15,12,26,14,13,13,13,27,8,13,6,13,30,30,28,12,19,23,39,34,16,14,12,4,12,15,18,23,28,28,37,30,21,24,26,23,20,21,34,32,33,29,25,27,23,20,25,28,,30,6,8,12,8,11,18,,22,16,22,14,9,17,17,20,,17,12,12,17,13,,16,27,25,13,20,,18,22,7,18,6,14,9,12,19,16,7,17,12,17,11,19,22,20,10,6,6,5,10,3,51,43,38,46,50,52,42,59,36,37,37,55,44,25,25,13,26,20,8,,28,30,26,,,,26,17,15,19,23,22,15,,12,19,29,26,23,22,32,29,23,21,22,13,18,19,22,,41,59,57,52,55,50,58,45,57,57,32,57,22,26,16,18,17,18,35,31,31,29,29,26,28,28,25,28,25,,17,,11,12,13,12,40,,,47,,42,26,26,,31,27,29,37,33,26,18,12,12,7,27,20,20,19,20,24,,27,,29,,22,22,25,20,19,20,22,12,8,10,15,13,18,20,19,29,,58,54,52,46,53,21,23,16,26,19,30,10,10,10,11,13,11,5,11,16,21,28,37,38,12,12,17,30,26,29,11,13,13,44,50,,34,27,,26,32,26,28,17,22,23,7,,,37,39,47,31,,28,,33,30,37,40,,36,40,,51,59,53,,53,48,52,48,52,44,24,19,21,24,,16,12,14,19,18,14,,29,20,13,17,10,21,13,17,24,13,19,14,29,33,27,28,29,13,10,8,9,11,,8,24,15,21,18,24,17,22,22,19,11,10,21,18,15,14,18,18,18,,,18,22,18,23,25,24,28,19,28,26,35,15,54,87,,60,72,57,66,53,64,56,55,67,48,48,52,58,69,64,66,63,39,54,42,54,44,48,,42,18,23,18,17,15,21,20,22,25,24,31,22,20,26,25,24,28,28,8,17,20,13,13,15,24,25,18,19,11,9,18,25,26,25,26,34,22,9,7,25,26,24,28,19,27,32,24,35,28,22,18,16,18,34,32,38,25,50,,,43,15,15,22,29,25,29,31,35,33,29,17,21,13,,21,21,19,34,40,36,40,28,36,33,36,32,25,41,50,55,62,59,72,58,71,59,60,29,,37,34,7,12,6,20,,17,17,22,22,6,8,17,11,17,26,37,19,25,25,35,36,14,15,14,10,19,14,20,24,21,21,23,21,23,22,13,22,9,9,12,13,10,10,23,26,24,24,26,,30,26,25,25,26,,11,19,33,31,35,18,19,18,23,17,,25,26,17,22,,26,26,25,,,18,15,25,21,15,15,20,24,,29,35,,34,34,63,67,59,51,56,56,38,39,37,40,34,35,,27,27,34,27,,28,33,34,26,25,52,,51,33,30,32,8,20,13,23,,39,37,31,42,,,12,9,14,15,34,28,26,33,28,29,35,22,,23,17,24,36,31,29,27,27,27,30,19,23,28,14,18,14,13,12,19,13,10,,,9,12,11,14,17,28,29,21,26,14,23,5,26,14,19,7,8,12,7,16,18,13,17,11,19,21,16,21,16,17,22,12,14,,38,29,39,13,18,16,,20,24,17,,28,19,20,19,22,27,27,39,,42,19,50,38,35,24,9,12,16,20,23,11,,18,8,15,16,14,14,10,18,12,20,,25,39,12,7,15,35,47,31,26,36,39,35,33,32,38,30,42,35,32,34,36,32,28,30,23,37,41,40,46,35,5,22,19,22,16,26,29,28,28,34,20,27,26,23,27,65,55,50,54,66,52,54,45,50,28,26,25,25,27,32,34,26,33,29,38,37,39,42,62,57,55,,52,64,56,38,,40,36,44,,42,35,30,34,34,33,22,28,22,29,34,31,30,23,24,26,20,,27,30,20,29,32,36,39,32,40,37,30,48,29,34,16,20,19,20,,10,25,,20,22,20,15,29,20,18,19,31,29,28,18,20,23,21,19,26,31,31,35,31,17,19,32,13,14,13,27,17,13,14,10,20,17,17,16,19,18,19,14,24,21,24,27,26,26,10,18,22,38,40,50,39,21,29,20,22,24,28,27,,31,22,33,39,36,30,29,35,32,12,20,18,22,22,18,24,6,7,11,9,42,36,34,34,30,35,24,34,23,23,23,24,16,11,17,28,20,29,25,,16,23,21,23,23,26,20,29,23,34,,17,18,,9,22,20,26,15,4,6,6,,9,8,12,10,11,13,22,30,9,14,24,10,10,10,9,10,11,23,26,10,10,10,,9,10,14,17,13,16,18,12,27,18,21,11,9,10,,9,16,12,9,11,15,9,15,9,13,10,12,3,4,11,18,8,6,4,3,22,,6,,3,4,23,28,30,31,41,33,31,28,,16,14,27,23,23,14,9,24,30,,19,6,10,20,27,18,20,29,35,34,15,12,19,,17,14,22,44,29,25,16,29,5,21,25,13,22,19,19,22,15,25,21,20,32,20,21,12,21,15,11,17,22,25,14,43,,52,70,85,26,19,28,10,7,8,13,23,12,13,23,37,23,49,43,32,46,34,33,39,13,22,30,32,32,20,28,29,27,21,45,28,10,14,12,13,22,27,22,24,20,15,12,42,43,40,40,30,25,22,22,36,23,23,16,24,13,17,21,6,20,18,16,15,19,18,15,18,9,56,,32,38,72,56,32,52,43,12,41,21,25,17,47,28,25,34,59,18,27,20,15,15,10,39
20170820,6,PM10,74,,,,,,76,49,45,75,82,71,,,92,,76,70,,,80,,,,78,,,124,138,133,80,107,92,67,89,89,156,147,134,112,41,28,44,40,63,170,226,108,107,77,77,,90,81,77,63,54,54,70,75,48,81,46,59,36,63,60,,63,72,89,84,96,65,100,124,115,92,123,98,,,65,95,75,92,70,101,133,114,151,136,109,177,104,123,28,42,39,,,74,47,51,41,,92,28,23,24,34,28,31,25,34,46,24,36,45,40,,35,16,20,22,32,48,136,132,82,,35,58,44,49,50,34,74,32,,,14,9,17,12,,,,14,8,,,,4,12,,,6,16,,22,20,18,18,17,28,19,28,23,20,,57,,,,80,62,,75,91,150,,38,,17,,15,34,19,13,,,19,30,20,,,,24,18,,22,29,13,23,34,,49,22,28,50,30,41,51,,,27,,,,,37,28,32,25,21,33,32,29,27,38,17,37,46,45,52,,37,46,62,41,46,53,43,38,51,,,13,,32,24,,49,41,45,27,28,24,,18,18,,55,60,35,29,,39,36,30,33,35,46,28,35,29,30,53,,84,75,73,68,34,33,42,101,115,83,116,118,103,17,,92,123,178,122,118,185,127,134,,11,,28,33,18,19,16,66,9,79,81,68,77,66,96,79,73,78,86,43,43,55,36,112,41,70,41,60,61,30,94,84,49,53,31,41,50,57,42,40,,27,69,28,100,,66,33,40,21,31,17,24,29,78,18,27,22,14,36,13,,14,,,18,,31,30,18,37,28,14,12,,9,22,,27,,,,24,19,25,41,32,31,82,27,70,63,38,53,51,94,47,40,89,65,,58,26,12,22,19,,39,,39,43,55,31,35,78,35,58,,32,59,54,42,99,,37,45,39,30,62,,28,55,28,18,19,25,27,33,,21,42,39,21,22,51,39,37,60,3,3,,,5,,67,78,64,90,91,74,64,111,60,75,50,81,91,,34,9,27,12,24,,6,14,27,,,,49,64,34,72,111,55,71,,56,38,64,31,52,29,38,,38,28,50,17,22,42,59,,85,76,59,90,105,69,64,42,57,74,111,258,80,92,32,34,32,39,138,128,50,34,93,48,47,97,66,74,47,,33,,49,43,57,35,53,,,81,,95,27,28,,79,73,89,73,106,44,106,50,103,54,108,14,24,12,10,22,,54,,53,,78,49,,50,30,40,53,31,44,33,20,15,16,61,37,49,,88,68,83,62,74,54,52,37,53,27,39,13,22,,,55,,16,15,13,35,48,53,37,16,16,,67,68,51,25,,30,141,,,47,56,,33,40,32,39,,59,58,29,,,76,64,,143,,43,,,34,54,54,,63,55,,50,51,59,,52,159,61,93,156,118,44,50,58,34,,22,27,38,32,45,26,,47,47,21,38,12,75,30,33,59,40,59,39,64,,60,67,50,37,35,57,31,36,,11,37,43,46,33,39,50,41,122,33,28,39,22,33,26,30,9,6,9,,,13,14,10,18,42,44,56,32,63,49,77,23,143,133,,128,102,155,148,45,58,44,49,73,52,56,52,63,127,133,139,98,94,106,83,121,95,77,,68,30,37,51,42,33,51,38,50,,,40,40,44,,55,34,39,,23,49,61,,18,31,99,44,54,15,38,14,12,46,58,42,49,60,78,15,15,,30,34,35,26,40,38,37,46,47,50,24,64,41,,65,,46,73,,,64,,42,,40,50,50,68,80,54,50,97,48,79,,47,26,34,53,58,53,53,49,,58,68,61,94,126,95,,55,36,,,34,,,97,,69,62,23,,7,31,,,6,68,23,35,18,18,,18,57,66,59,39,33,74,70,19,9,39,33,36,40,34,43,30,,15,26,45,49,55,58,22,13,10,,13,14,18,,,26,16,20,14,12,,50,12,,14,15,,22,,11,10,11,,5,,10,6,38,58,,33,38,35,,,37,41,48,47,28,20,43,62,,68,72,,110,113,117,106,86,96,117,121,60,86,50,41,,61,,50,48,71,91,,60,81,55,53,49,116,,66,34,,27,27,66,44,19,,35,45,59,,,,30,42,22,37,,42,12,57,71,94,107,98,,70,67,100,50,27,45,42,74,45,96,48,37,25,36,26,26,32,36,36,28,38,,,45,30,29,30,31,35,81,34,,35,149,13,38,43,24,,18,,26,48,42,56,49,21,25,46,16,43,,29,32,21,31,,81,,,45,26,45,,37,44,65,,26,79,36,96,,20,39,51,,14,25,54,39,,31,37,49,27,25,,52,,49,49,28,54,28,35,13,32,54,47,,84,60,8,9,8,55,47,57,34,39,60,53,60,46,58,47,56,62,85,65,81,60,35,30,29,62,80,65,104,84,16,89,64,55,55,44,54,46,46,45,34,45,42,54,30,106,101,70,61,107,75,88,78,72,38,45,37,32,44,42,,40,59,47,40,50,54,78,83,72,66,,62,90,91,53,,51,45,67,,59,87,82,84,73,93,81,120,98,143,113,98,91,66,87,83,74,,57,70,110,56,14,35,25,38,,93,96,,50,62,52,47,53,50,,44,50,,62,,29,32,33,25,19,14,51,45,40,78,41,53,41,25,40,48,63,59,47,30,53,57,40,48,32,59,96,57,64,29,,35,30,28,29,35,51,64,69,31,50,48,27,,10,34,52,66,68,69,67,42,55,35,66,50,56,72,,88,52,26,,33,52,65,37,53,25,49,57,36,28,25,45,24,32,28,53,47,42,37,71,48,52,39,42,39,47,40,49,62,53,38,44,44,58,64,,68,,38,40,30,39,75,60,,,,23,33,,42,82,61,71,46,2,2,9,,9,13,16,30,19,24,,38,26,47,37,18,18,18,18,53,18,72,43,16,17,16,,17,15,19,45,46,115,28,12,,20,31,21,19,20,,33,31,19,20,21,18,9,14,,6,29,26,28,12,9,,4,8,,3,14,,1,,5,13,21,43,49,46,53,51,42,51,,29,19,,35,15,15,23,,49,,18,3,17,41,44,,39,58,59,57,37,26,51,,,21,,,,18,17,,4,,12,23,,8,12,,50,74,51,82,66,52,53,9,38,40,23,30,37,43,78,304,,172,196,132,111,47,82,,7,13,34,41,69,25,29,51,22,127,,61,119,68,69,113,42,26,17,46,30,20,51,,62,43,124,37,16,48,38,31,25,52,29,47,18,26,17,67,74,100,49,66,34,42,43,61,58,20,34,29,34,14,19,16,83,,37,52,20,55,40,45,50,72,,111,46,,118,57,,63,17,,30,71,18,85,81,,83,81,33,79,,37,28,29,
20170820,6,PM10_24h,51,,,,,,68,54,44,63,62,78,,,67,,54,58,53,,56,48,40,,52,44,,100,99,90,91,78,66,81,74,70,116,106,106,86,28,30,46,50,47,126,146,117,101,55,61,69,72,64,56,59,47,60,64,67,60,48,40,50,36,51,47,,49,47,56,55,61,51,58,88,84,76,90,72,,,60,54,64,66,46,79,99,99,106,129,101,101,90,96,31,39,46,,,54,50,43,49,,67,29,25,27,29,29,32,22,25,28,20,39,57,34,,32,15,17,23,22,36,98,79,71,,82,77,80,74,62,44,43,63,59,54,41,54,58,56,54,44,45,50,39,33,36,24,37,38,49,33,32,38,47,43,42,38,43,47,40,65,49,72,74,78,25,,,,47,33,,38,34,49,,58,71,46,,43,52,49,41,62,48,43,53,32,,,,35,38,,52,54,53,43,49,,41,25,28,28,28,33,24,16,,24,,29,,22,46,44,24,45,35,39,45,51,42,44,32,40,49,43,42,,34,40,51,55,58,59,59,60,53,,,34,,58,45,,64,52,52,34,30,30,,42,31,51,53,55,39,42,,40,38,29,29,37,41,46,34,32,31,65,,69,68,71,76,46,31,43,70,76,59,85,81,81,35,,77,77,114,76,81,108,86,95,,39,34,31,38,26,25,26,52,26,82,81,82,79,72,76,81,78,96,65,54,61,46,61,65,56,56,54,43,54,33,68,58,39,53,45,42,50,49,49,49,,42,51,35,77,42,61,47,45,20,25,18,34,21,44,24,22,20,13,40,13,15,13,21,49,49,51,33,35,36,55,45,28,26,21,15,32,34,34,32,50,50,52,47,32,56,53,51,54,47,60,57,46,57,43,56,47,37,60,59,,64,15,16,20,20,20,32,,41,32,51,51,36,63,45,55,,31,35,38,38,47,,31,39,34,28,58,,29,45,28,33,21,26,37,36,31,31,40,38,31,27,36,36,32,47,15,12,10,11,20,14,76,72,66,90,87,80,65,114,46,63,55,90,98,73,66,35,61,55,25,,41,63,55,,,,59,60,41,67,61,49,43,,39,43,58,45,45,40,37,47,45,38,38,18,29,42,56,,82,80,81,90,92,105,86,70,77,105,57,84,44,43,31,32,31,40,68,58,49,52,75,45,46,61,55,61,52,,27,,30,35,35,29,54,,,70,,73,35,34,,77,61,63,75,72,41,43,31,35,30,65,38,36,36,25,40,,54,,55,,50,40,35,39,43,42,65,26,18,20,30,31,30,42,37,56,,76,71,77,73,74,47,49,30,45,38,49,23,21,18,15,31,16,16,28,28,35,49,67,61,21,21,23,54,51,52,18,23,24,91,61,,61,56,,47,54,46,49,27,48,49,28,,,73,61,60,94,,43,,50,40,47,49,,49,51,,74,71,76,,72,80,65,79,106,74,42,55,50,37,,21,25,39,29,44,19,,48,53,28,35,16,44,42,29,43,45,41,34,51,50,45,53,45,34,30,29,27,30,,12,60,48,58,26,54,57,45,61,57,31,31,27,24,28,24,42,34,41,,,46,48,46,54,63,45,55,35,65,54,72,28,104,108,,101,99,113,109,72,96,85,83,100,75,74,71,74,102,96,91,87,75,78,63,80,62,67,,50,44,64,59,51,50,44,40,46,29,28,41,36,38,26,43,31,40,39,27,44,58,31,23,27,45,43,47,27,28,24,39,37,46,31,44,67,75,18,17,34,39,37,43,36,44,43,38,43,57,47,29,49,46,50,60,45,37,70,,,59,37,39,42,38,43,47,61,70,46,51,58,36,43,,38,35,42,59,63,62,74,41,47,64,58,65,69,85,93,117,125,116,119,120,122,132,132,70,,53,46,22,21,15,41,,39,46,48,61,49,23,43,26,40,83,86,89,40,31,68,62,36,20,22,23,35,38,34,37,30,,34,36,48,45,45,45,23,24,20,18,22,21,55,51,51,44,46,35,42,47,49,67,63,,35,42,46,48,47,40,34,30,37,21,,45,40,37,37,,36,48,48,,,33,29,43,48,34,26,38,50,,46,53,,74,72,92,91,85,78,115,110,50,65,59,72,64,43,,41,39,45,52,,39,48,56,50,41,98,,78,66,68,64,22,34,26,44,,101,90,107,39,,,39,57,21,29,54,76,41,60,50,46,65,62,,36,40,51,58,40,54,40,61,43,70,39,46,37,28,28,23,25,30,38,30,41,,,43,32,26,25,40,70,78,45,52,56,121,27,64,42,34,13,22,20,18,33,38,41,58,18,57,93,31,44,36,32,35,35,27,,67,45,49,35,36,37,,47,40,50,,36,41,42,45,38,47,60,65,,60,41,57,51,62,30,42,34,40,44,43,39,,37,33,32,36,44,36,29,30,36,35,,60,63,30,31,28,64,60,55,36,56,64,47,61,57,55,46,64,56,59,61,72,65,52,50,51,53,67,66,89,63,13,67,49,49,48,36,54,57,60,71,33,51,44,48,40,84,93,78,76,92,66,76,70,74,41,42,47,40,52,40,41,37,53,42,52,61,65,75,90,93,84,,77,81,77,61,,63,61,57,,51,52,47,46,40,52,34,42,45,55,68,60,64,48,33,39,34,,42,63,58,46,44,55,53,48,57,58,56,56,42,50,46,45,51,48,,39,42,,51,22,31,26,35,37,26,24,52,45,40,42,39,48,41,37,41,45,54,61,47,32,41,42,30,33,32,52,74,45,53,25,28,32,42,31,38,38,51,62,63,31,37,40,47,32,22,48,68,62,68,83,59,75,43,37,44,49,51,51,,62,57,67,67,58,57,65,49,54,25,57,48,39,42,37,40,37,45,34,66,75,43,44,73,51,52,35,43,30,34,30,34,47,32,30,42,43,59,64,,56,52,34,33,36,44,55,40,33,38,,27,34,,44,76,59,79,56,13,9,12,,22,13,16,21,22,27,31,50,36,54,35,17,20,16,20,44,54,67,42,26,19,16,,20,28,26,42,46,70,55,30,23,21,36,27,17,21,,27,35,20,26,27,43,19,30,27,23,28,50,52,26,35,65,13,15,11,16,71,,15,,13,28,37,54,54,52,60,55,50,51,,32,28,40,34,87,59,29,40,45,,37,15,18,46,47,46,42,50,55,52,37,30,56,,26,31,37,79,46,36,35,39,11,34,50,59,46,78,71,76,60,73,46,55,102,77,66,14,38,30,34,43,60,79,83,204,,166,324,234,58,40,64,24,28,16,38,39,40,25,40,43,31,66,52,50,102,46,39,86,43,50,46,39,48,40,46,38,43,36,89,36,16,55,35,42,30,44,41,49,38,25,18,53,69,67,51,50,51,56,53,68,52,38,30,48,30,30,35,12,43,31,27,27,32,47,41,48,32,90,,62,59,96,106,69,54,62,28,49,36,54,31,61,69,42,49,79,39,42,33,55,34,23,48
20170820,6,SO2,2,2,2,2,2,2,2,2,2,2,3,2,,,8,,9,2,,,7,4,11,,26,3,,9,29,7,1,9,9,4,30,25,55,45,52,44,8,3,19,11,15,7,14,17,18,9,17,8,4,5,7,7,14,16,8,6,5,6,10,2,5,11,15,,6,15,18,21,4,7,6,11,13,11,15,8,,,9,64,7,12,6,14,13,12,14,10,13,8,9,10,3,10,9,,,7,46,5,8,,30,8,7,10,10,8,6,5,4,5,7,6,8,7,,8,5,8,9,4,12,9,6,4,,4,11,13,16,13,7,11,11,4,5,7,5,5,6,7,3,7,7,9,16,9,22,8,10,8,10,7,6,7,13,5,3,8,5,8,15,24,20,12,19,10,,,,25,8,,23,60,60,,19,8,11,,3,7,6,6,3,8,9,9,18,,,,10,8,,6,6,5,6,8,,5,10,7,16,2,2,11,9,,7,,14,,11,10,5,7,8,8,11,18,6,12,9,5,7,6,12,3,,7,7,7,13,11,13,16,6,7,,,6,,7,4,,4,6,6,5,7,9,,9,5,25,18,16,7,5,,6,4,2,16,4,21,9,13,26,6,5,,7,7,5,12,2,9,8,71,81,60,45,64,17,1,,65,6,16,24,6,14,17,16,,2,3,3,2,9,8,6,11,6,5,12,12,8,7,9,9,6,8,27,5,4,21,7,5,2,7,5,6,30,13,33,14,49,13,15,4,16,15,15,15,,24,16,20,26,13,4,10,9,10,7,8,11,6,12,13,3,8,10,8,2,3,3,8,6,2,7,12,9,10,24,24,10,8,4,5,10,6,10,6,9,12,15,8,10,8,20,9,13,5,18,20,10,30,6,22,10,7,8,11,,8,3,6,5,4,6,19,,18,18,10,28,12,11,13,23,,26,15,17,7,31,,10,7,18,9,8,,5,33,11,3,6,7,6,6,6,6,10,10,17,10,14,25,40,40,6,11,10,9,8,9,8,1,7,6,9,5,7,10,15,7,6,11,11,5,2,2,6,2,3,,5,9,2,,,,15,19,8,8,8,4,8,,11,24,108,21,21,15,15,21,19,17,16,4,8,13,16,,10,11,9,9,11,12,6,9,13,5,10,11,8,9,4,6,2,4,18,19,10,11,6,53,15,4,37,12,19,,8,,9,8,9,8,14,,,9,,4,14,13,,19,19,14,15,28,20,13,13,7,19,21,9,9,5,7,5,,13,,13,,9,22,23,31,5,8,8,10,8,1,2,2,6,15,11,13,,48,11,56,7,17,17,17,19,11,22,74,9,8,17,7,42,7,7,7,37,16,7,6,12,9,9,9,13,10,9,4,5,5,19,16,,16,19,,14,13,14,11,7,7,9,8,,,8,8,7,13,,10,,12,10,9,4,,2,6,,6,14,10,,6,15,2,9,42,24,3,14,11,10,,5,5,5,6,6,4,,7,10,7,8,9,19,5,6,6,7,8,3,9,68,23,35,30,9,6,5,8,6,,2,7,5,5,16,12,2,6,13,4,6,4,5,2,14,7,7,8,6,,,8,7,7,15,49,29,26,9,27,41,34,5,9,9,,11,14,12,11,8,11,8,9,9,3,5,4,7,15,11,7,3,18,17,9,16,9,16,,13,11,9,8,6,8,7,10,11,57,35,62,14,11,55,8,17,14,13,21,8,6,8,7,4,13,13,7,4,6,6,7,9,12,15,12,16,4,1,2,5,3,6,6,6,5,9,5,9,5,24,14,17,11,3,2,10,8,13,,,8,4,3,10,6,5,8,11,11,7,7,7,9,13,,8,19,12,11,11,14,7,11,10,6,9,12,10,10,15,5,5,2,2,3,3,4,1,9,,5,8,6,4,5,2,,7,6,74,8,3,6,3,3,6,2,4,4,8,14,8,9,4,1,4,1,7,4,5,5,5,4,4,5,10,8,6,3,3,3,1,3,9,5,4,7,9,10,8,13,10,17,,9,12,,6,7,12,15,11,7,6,16,10,3,,15,11,13,11,,9,3,15,,,1,2,15,7,8,8,8,5,,8,10,,39,68,19,10,16,11,11,20,8,10,10,11,12,17,,13,15,6,10,,11,15,28,78,20,19,,21,1,5,4,19,7,6,4,,5,3,4,30,,,3,5,13,12,7,7,9,7,8,32,37,8,,7,13,9,19,8,6,5,17,8,6,47,7,12,13,9,9,5,4,4,6,11,,,7,7,7,9,4,2,1,4,12,6,8,3,1,2,4,4,5,12,6,1,1,3,18,2,13,10,3,11,9,13,3,11,27,,38,13,18,18,10,18,,19,1,9,,27,18,16,11,11,13,9,16,,24,18,5,10,25,18,8,7,8,4,6,3,,10,5,14,2,15,7,7,8,8,10,,129,17,20,10,13,10,8,7,13,5,10,11,8,10,6,5,18,5,10,20,7,11,6,7,6,52,11,4,26,7,4,34,11,24,36,6,10,51,21,12,27,20,21,25,15,23,54,18,33,44,70,45,71,33,8,4,11,14,16,3,10,7,7,8,50,50,72,341,28,15,20,,16,8,13,8,,5,4,11,,10,9,8,8,6,9,7,10,3,6,6,4,6,6,5,9,5,,9,23,23,4,11,8,10,8,9,8,6,9,8,14,11,6,10,7,,8,7,,4,5,1,5,3,6,2,3,9,13,10,17,16,19,23,9,6,29,26,49,42,21,20,12,33,22,9,25,15,32,37,14,7,20,11,10,6,5,7,9,1,9,5,26,31,29,2,1,4,55,9,7,11,14,10,13,21,13,16,11,,13,4,8,24,24,7,12,7,6,5,7,5,16,11,10,6,7,40,31,28,7,8,13,10,26,8,5,9,8,2,2,6,4,8,5,9,7,8,6,,6,,10,11,10,16,17,3,27,7,,3,2,,6,28,6,7,8,8,8,5,,20,8,12,12,9,10,14,7,19,23,6,3,3,2,1,3,6,7,9,4,11,3,,3,5,2,33,48,5,16,9,5,4,12,8,11,15,,127,8,5,9,4,7,3,5,6,6,14,9,3,10,3,9,5,3,4,5,3,,4,,5,1,3,9,7,11,9,7,6,4,,13,11,5,6,8,4,5,6,9,,5,5,12,3,1,50,19,5,8,8,3,11,6,,7,13,4,3,3,7,11,16,4,8,5,8,8,6,7,5,5,5,5,4,4,1,12,6,5,2,2,12,4,3,3,6,,13,63,63,10,16,7,3,3,3,8,8,6,11,10,6,25,23,7,10,32,11,9,15,13,6,7,7,5,9,11,4,12,12,6,8,6,39,27,2,24,15,7,7,13,5,4,99,9,32,14,11,11,7,8,12,3,5,32,6,5,13,11,12,41,16,9,8,9,3,19,21,18,8,,10,10,14,17,45,8,6,4,26,2,3,7,14,39,3,11,23,7,9,7,2,12,23,12
20170820,6,SO2_24h,2,2,2,2,2,2,2,2,2,2,2,2,,,6,,7,2,5,,6,3,10,,12,3,,6,26,6,2,9,6,3,32,27,51,46,53,45,9,5,17,11,12,4,8,11,8,9,13,6,5,4,6,6,21,20,15,8,6,6,10,3,5,9,10,,6,15,17,19,3,6,5,6,8,7,9,10,,,12,21,12,10,9,18,14,15,17,13,14,12,13,11,9,17,11,,,8,20,10,15,,13,7,8,9,10,5,4,6,5,5,6,7,8,8,,8,5,8,9,3,10,10,6,4,,4,9,13,13,9,5,11,11,7,8,9,7,7,10,8,6,10,10,16,17,11,26,10,12,11,11,10,9,7,13,5,6,10,6,9,20,16,21,15,14,7,,,,13,4,,8,17,17,,28,12,14,,2,8,5,3,4,9,6,10,22,,,,12,11,,13,11,6,7,10,,6,10,7,16,2,2,9,8,,10,,12,,6,10,7,8,9,9,9,14,6,9,10,5,8,6,8,4,,7,7,7,14,11,12,13,5,8,,,7,,9,5,,5,5,8,7,6,9,,9,6,20,13,11,8,8,,7,4,3,17,4,18,15,16,21,6,6,,9,7,5,12,4,10,11,41,43,34,25,35,8,5,,32,8,17,19,6,12,14,15,,8,3,3,2,10,5,5,8,7,5,8,7,7,4,3,9,5,8,10,7,7,10,10,5,4,5,6,8,21,11,20,15,19,12,17,7,12,12,13,14,,13,21,16,17,12,6,8,11,10,10,10,14,6,10,19,4,10,9,9,4,5,5,5,11,8,9,10,10,9,20,17,8,6,6,6,10,16,8,7,15,20,17,13,13,7,10,8,10,6,15,24,13,23,7,11,8,7,7,10,,9,3,6,5,4,6,15,,14,12,11,18,10,12,15,15,,16,12,12,9,17,,8,6,15,9,7,,6,9,9,4,6,6,5,4,5,6,11,12,12,11,12,13,18,23,6,13,9,9,9,6,8,2,7,6,9,5,6,9,9,6,6,8,9,9,7,2,9,7,10,,12,9,3,,,,20,19,8,9,9,5,8,,11,21,98,42,20,24,9,69,13,11,11,4,9,12,11,,22,20,13,18,14,13,7,8,10,7,7,9,6,5,10,6,3,5,12,12,13,51,13,29,26,4,20,14,14,,8,,9,10,12,8,16,,,10,,5,9,6,,15,19,12,10,26,11,10,16,7,18,21,10,8,6,8,5,,11,,12,,4,12,18,16,7,10,10,12,11,4,3,2,6,14,11,12,,36,16,28,16,17,13,11,11,9,15,36,8,6,9,7,11,8,4,6,10,8,8,7,10,9,9,9,7,7,7,2,4,5,14,19,,17,16,,17,16,14,16,7,7,15,7,,,10,10,10,12,,12,,16,12,10,4,,2,8,,27,38,26,,34,8,4,10,12,13,3,14,15,13,,7,7,6,9,6,6,,18,13,12,10,10,23,5,6,10,7,8,3,13,19,20,21,20,9,6,5,8,5,,2,7,5,5,18,12,4,4,8,7,7,4,6,4,14,5,11,12,8,,,16,16,19,14,22,18,20,8,22,43,32,6,8,10,,9,16,13,10,7,12,7,8,28,3,5,4,5,12,11,6,2,13,12,6,10,6,10,,9,12,11,8,7,9,10,11,9,31,25,34,9,8,24,9,12,12,13,18,9,6,9,7,6,11,13,7,5,6,7,10,8,7,9,8,16,4,2,2,6,6,8,7,6,6,9,5,9,5,23,20,11,12,4,6,12,7,14,,,11,5,3,12,7,6,4,7,13,10,8,10,8,11,,9,17,13,11,12,14,6,10,9,6,8,12,10,10,14,5,5,4,3,4,5,6,3,9,,5,7,5,4,5,28,,9,29,20,11,3,6,3,10,6,3,5,4,8,12,9,10,4,2,4,2,7,4,5,6,5,4,4,4,8,5,6,3,6,4,2,4,9,5,7,8,10,12,11,14,13,21,,12,16,,9,7,11,13,12,12,10,20,14,12,,18,15,14,10,,10,5,9,,,2,1,13,9,9,9,9,6,,10,11,,13,18,16,10,16,6,12,20,10,10,18,13,16,17,,10,12,8,5,,11,14,20,24,27,30,,30,37,39,27,5,8,5,4,,5,9,7,24,,,6,3,13,9,9,7,10,15,16,15,24,12,,8,11,10,16,6,8,6,15,17,12,15,9,11,12,10,8,8,4,5,5,8,,,7,7,7,8,3,1,3,2,11,6,8,4,17,4,11,4,5,10,7,8,2,4,14,2,15,17,3,11,19,15,6,8,30,,16,14,12,14,13,11,,14,3,8,,24,10,28,25,25,20,25,16,,23,9,7,13,19,12,9,9,11,7,9,3,,12,17,20,20,10,9,7,9,12,13,,21,20,18,12,9,13,11,8,16,6,14,14,9,14,5,7,15,6,8,14,10,10,5,6,6,29,14,5,26,8,5,20,13,17,56,3,8,17,19,11,29,13,18,19,14,13,24,17,21,23,34,20,42,33,9,4,13,14,14,4,9,7,7,9,68,73,48,83,22,16,22,,11,4,8,9,,4,5,7,,4,9,7,7,6,8,6,10,2,6,7,4,5,6,7,7,5,,6,19,25,5,11,10,12,10,13,10,8,10,10,8,11,7,10,13,,10,10,,7,4,4,4,7,6,3,5,9,10,12,18,17,14,15,13,14,17,14,64,36,24,14,9,20,17,8,18,13,20,13,7,8,10,8,11,4,4,5,6,1,6,5,16,46,19,5,2,4,20,12,10,14,15,11,13,15,12,14,10,,8,4,17,52,66,14,22,12,12,7,7,4,15,17,10,15,12,44,35,26,11,9,14,12,16,11,11,8,5,3,3,5,4,7,3,8,8,9,6,,8,10,20,6,13,5,15,5,31,5,,4,3,,6,16,6,7,8,8,8,7,,21,8,13,15,14,13,16,8,14,24,9,4,3,3,2,5,6,10,17,4,10,3,,3,6,3,21,32,7,19,8,5,3,10,5,12,15,,30,25,8,9,5,13,4,6,10,14,15,9,3,8,5,10,5,5,5,5,3,,5,,6,1,4,8,5,6,9,9,9,6,,9,11,8,5,53,8,6,8,10,,4,5,9,5,2,21,14,4,7,8,4,16,5,,13,16,5,9,8,7,12,13,3,10,11,11,8,9,13,11,6,5,5,4,5,1,13,7,6,2,4,12,2,2,4,4,,11,38,28,11,12,9,3,3,4,9,9,7,10,13,6,13,11,7,8,29,10,6,24,12,11,12,6,6,7,9,8,11,9,5,8,5,18,17,23,18,27,14,8,12,3,4,12,7,6,14,9,15,8,9,20,4,6,9,8,6,16,27,11,15,17,14,9,12,6,14,13,14,26,,8,9,12,19,20,13,10,4,23,2,3,20,5,23,4,6,16,7,11,6,2,12,12,10
20170820,6,NO2,38,10,63,31,68,35,57,50,3,59,80,46,,,45,,55,42,,,54,37,15,,57,42,,77,69,61,63,31,79,6,70,73,48,57,70,80,45,34,43,26,56,47,63,52,57,27,19,21,25,24,19,16,15,20,30,22,27,19,29,27,7,50,53,,43,48,53,57,32,44,25,35,47,33,40,57,,,58,49,65,63,47,50,86,69,89,95,71,95,95,65,14,25,38,,,35,39,28,35,,42,8,17,18,13,6,14,9,17,15,1,39,31,26,,36,10,10,26,25,42,45,39,21,,36,40,33,27,42,19,48,31,21,26,32,28,42,21,23,39,27,38,23,15,27,21,18,22,7,32,28,23,44,36,45,26,23,34,39,26,49,42,30,39,40,,,,52,41,,43,45,41,,35,19,26,,42,48,44,38,54,47,47,43,16,,,,16,25,,11,11,15,26,30,,37,30,38,36,24,28,11,10,,18,,9,,12,39,27,5,33,15,31,41,20,30,31,24,16,15,22,15,,7,15,21,36,28,40,35,26,17,,,24,,18,20,,18,17,13,14,9,12,,16,18,32,29,34,20,18,,32,52,39,30,46,78,37,48,44,31,38,,36,34,25,50,7,34,25,55,42,35,48,48,52,6,,47,52,31,47,35,35,37,41,,19,15,19,19,16,38,11,38,7,24,20,35,46,21,17,22,28,18,65,17,16,60,14,54,10,35,21,27,37,11,36,32,42,29,25,53,29,35,24,30,,39,47,32,95,40,48,40,32,38,47,43,48,29,51,50,10,36,41,36,11,29,19,18,22,28,20,30,23,13,39,37,15,14,11,10,17,19,22,16,25,37,42,2,28,31,27,31,46,33,46,46,17,39,37,29,41,32,30,29,,33,15,15,18,13,6,18,,23,39,65,29,55,64,16,57,,55,74,60,39,63,,18,33,54,28,32,,23,5,16,18,2,18,12,17,19,16,15,22,23,17,25,28,29,34,12,9,11,10,12,19,22,19,48,25,26,24,18,33,21,20,11,31,18,16,9,4,14,11,,,5,10,9,,,,11,13,53,36,45,65,76,,46,20,30,13,36,10,20,33,24,25,19,3,8,39,9,,10,12,6,21,14,23,15,13,17,13,50,45,32,35,10,21,12,24,44,45,38,30,36,66,43,45,37,35,26,,20,,20,18,34,14,37,,,16,,14,27,26,,60,14,32,51,41,27,21,41,18,4,13,9,24,29,4,13,,29,,30,,31,31,27,39,30,23,37,21,8,9,10,5,7,26,15,29,,27,26,46,15,72,30,30,26,30,16,30,14,9,21,10,21,7,22,11,9,19,27,28,30,8,9,8,43,28,43,18,15,14,53,36,,25,26,,15,16,23,19,14,39,37,20,,,13,11,21,62,,15,,9,17,27,10,,35,2,,5,20,10,,4,72,37,24,49,60,2,17,16,15,,5,9,24,44,37,2,,22,10,7,17,12,28,6,23,13,24,26,14,35,36,44,44,41,24,17,16,10,20,,5,23,6,24,13,9,18,18,9,18,15,18,25,13,25,20,28,28,24,,,25,11,15,17,13,37,41,2,16,17,25,4,39,18,,37,30,44,24,20,22,26,22,45,12,6,13,11,45,54,75,12,11,6,11,19,8,15,,8,22,19,29,18,14,13,13,6,17,35,25,25,10,34,3,7,16,16,7,22,28,6,3,8,23,14,20,10,13,7,7,34,25,26,33,30,35,8,10,8,10,13,19,14,22,26,20,18,14,43,23,31,16,12,14,31,15,17,,,17,11,13,10,16,14,11,25,14,39,11,32,26,28,,23,25,21,21,16,3,17,3,4,20,27,24,25,24,38,8,8,13,13,13,16,13,15,20,,8,8,13,10,9,12,,9,14,36,12,11,11,3,16,9,14,16,11,19,,20,32,13,6,17,17,20,21,17,13,,7,12,18,23,9,18,24,7,5,6,2,12,8,27,39,34,33,19,22,17,18,37,27,22,,12,30,39,28,42,14,21,9,14,4,,8,9,19,19,,14,31,21,,,18,9,29,15,10,20,22,12,,15,11,,40,54,39,11,34,31,18,19,23,26,18,23,35,20,,34,30,2,21,,23,7,42,33,36,62,,56,4,1,4,19,30,14,10,,14,3,5,25,,,24,17,16,7,8,6,2,15,36,30,39,33,,24,36,26,12,9,11,26,17,8,27,29,34,20,23,21,20,17,10,7,16,14,,,23,13,18,9,15,21,9,14,11,24,19,4,25,13,10,2,4,3,2,29,26,31,49,11,17,15,15,14,9,13,5,16,18,,48,24,21,41,30,34,,14,11,18,,18,25,36,15,47,48,16,33,,18,29,16,28,10,28,19,19,14,14,10,18,,24,48,57,26,17,21,30,25,12,3,,51,40,13,28,14,21,15,36,26,11,26,26,2,13,6,16,11,11,23,29,30,34,16,14,17,2,25,6,34,11,8,34,23,30,22,15,31,10,8,24,6,23,19,29,27,26,33,7,16,39,18,17,9,19,17,14,14,16,24,23,6,2,11,18,23,40,32,25,33,19,22,,36,51,40,10,,10,11,14,,12,9,8,5,3,11,13,10,14,15,17,7,5,10,6,10,5,,29,42,48,22,5,13,12,14,11,4,10,15,15,19,28,12,13,8,,10,13,,9,4,8,15,4,2,7,13,16,4,16,27,29,15,33,8,6,19,23,23,14,22,29,27,21,39,27,45,28,32,45,9,5,6,9,9,4,5,2,10,1,6,8,22,19,13,3,15,14,29,23,29,17,26,16,22,23,22,22,31,,41,27,13,11,18,16,14,12,12,21,26,27,18,15,13,11,26,37,21,33,21,10,11,11,15,10,15,50,31,25,25,14,32,46,48,50,11,18,15,,10,,31,30,17,28,14,29,21,13,,7,11,,11,35,10,12,14,4,7,5,,23,9,13,14,8,21,24,14,12,31,14,2,3,4,2,13,8,20,17,11,20,2,,9,13,7,11,17,17,10,12,8,6,12,12,9,12,,21,10,4,10,10,10,9,10,4,5,8,11,15,6,4,6,1,1,2,1,4,,7,,3,8,20,27,26,24,26,22,19,15,,14,13,18,16,5,3,3,16,12,,15,16,12,11,13,35,25,6,11,5,7,13,19,,3,4,2,23,10,27,10,9,7,8,3,3,2,7,7,7,13,7,6,45,30,9,14,3,41,38,2,7,16,17,1,22,,37,13,12,57,51,43,10,3,2,28,34,63,15,39,9,34,76,42,30,43,23,16,77,21,28,13,17,17,29,23,10,44,28,17,19,4,21,25,12,4,24,15,13,19,4,19,42,51,62,24,26,19,7,10,13,10,8,20,21,48,18,20,14,47,20,32,28,19,20,33,42,46,17,,63,12,28,40,32,12,37,5,22,22,8,12,12,59,21,49,38,10,14,22,16,17,15,30
20170820,6,NO2_24h,29,12,36,27,37,32,42,28,12,28,44,52,,,35,,34,30,39,,33,25,24,,16,30,,57,39,33,42,20,42,8,55,60,45,44,61,57,18,34,25,25,31,45,37,33,28,23,18,25,27,28,19,16,16,18,21,20,28,17,26,21,11,48,46,,40,32,24,30,18,27,23,19,29,23,24,41,,,33,26,37,38,20,37,32,49,46,64,40,47,57,33,16,30,38,,,39,38,37,44,,42,10,19,14,11,7,9,9,13,14,3,38,37,24,,33,5,7,26,14,30,46,47,24,,57,64,57,58,64,28,27,45,23,30,32,25,31,21,23,30,23,33,34,20,29,27,26,30,21,34,36,17,34,28,26,16,22,31,31,23,33,29,19,28,21,,,,33,21,,24,26,28,,32,22,25,,14,22,19,11,26,28,18,30,17,,,,17,29,,18,20,18,16,18,,23,19,22,23,17,25,14,10,,21,,18,,19,35,36,6,31,28,30,41,29,22,28,27,20,22,22,25,,8,25,26,35,25,33,25,20,12,,,22,,22,23,,18,13,15,11,8,10,,16,17,24,19,30,18,17,,28,45,35,23,46,68,30,34,35,29,24,,28,33,23,34,11,29,24,37,24,28,42,36,36,7,,27,51,37,38,41,41,42,43,,8,26,14,22,25,29,9,22,14,24,21,33,28,25,17,28,37,17,35,32,27,34,26,36,37,26,27,14,25,12,30,30,26,32,35,39,23,21,49,40,,47,56,30,63,63,36,58,26,36,43,36,39,24,40,46,15,28,26,34,16,18,18,14,28,40,32,24,21,13,42,38,24,13,10,11,17,20,16,15,41,48,48,24,33,25,36,33,30,32,40,32,22,25,41,31,36,27,32,34,,33,8,6,13,12,7,12,,30,34,41,25,20,46,26,55,,33,41,33,34,39,,25,28,51,35,41,,36,9,16,21,5,15,11,17,21,16,15,18,22,11,22,23,24,30,14,16,18,11,25,13,36,29,53,43,40,45,27,46,17,30,20,42,25,24,23,6,29,24,5,,8,17,15,,,,25,25,56,36,31,49,39,,24,19,32,20,22,16,18,25,20,23,17,3,7,29,8,,28,30,29,38,27,32,21,16,20,16,27,31,22,25,10,13,13,20,25,32,18,14,22,25,26,35,30,28,20,,20,,25,25,35,21,25,,,21,,19,25,20,,34,12,28,28,31,27,17,29,15,3,8,19,27,24,12,19,,17,,18,,24,22,25,28,27,20,26,23,9,9,7,11,12,21,16,22,,28,21,33,21,46,19,23,19,21,15,19,14,9,13,10,15,7,11,14,11,13,18,24,23,10,11,11,32,22,31,9,11,13,46,32,,22,22,,18,19,19,21,12,28,28,16,,,19,15,25,27,,19,,14,20,13,6,,18,15,,9,28,11,,5,56,31,26,36,32,16,23,17,20,,16,19,31,42,27,8,,27,20,11,20,9,26,9,24,22,21,17,10,28,26,29,33,31,21,17,17,14,18,,6,23,18,22,8,11,21,25,12,21,11,13,13,11,29,15,31,26,31,,,20,13,18,14,8,24,17,3,11,18,26,4,27,21,,25,20,20,19,22,23,32,27,42,18,10,18,13,23,30,34,15,14,9,20,15,13,25,,13,19,26,28,22,18,20,20,16,12,17,11,20,7,15,9,5,12,17,4,16,26,14,4,5,23,17,18,9,12,13,15,21,19,18,27,27,27,7,11,9,23,13,14,11,24,18,18,15,14,40,21,28,19,14,18,19,19,20,,,29,15,16,13,13,13,18,24,21,28,13,31,16,22,,16,24,20,26,26,13,26,4,10,24,20,23,31,38,36,16,21,24,28,25,31,27,28,16,,12,6,8,9,7,36,,10,22,16,17,12,24,3,16,14,24,22,19,13,,20,25,15,6,16,18,21,31,18,11,4,11,14,16,23,15,12,16,9,6,7,4,14,12,20,23,25,33,19,29,19,26,30,26,25,,13,27,31,22,37,19,30,12,20,3,,14,14,16,10,,18,25,18,,,12,6,20,14,10,17,12,16,,17,12,,25,26,33,19,31,19,24,17,20,20,16,22,28,12,,20,13,5,14,,16,6,28,26,17,41,,32,21,16,17,13,15,10,20,,13,9,11,22,,,18,13,13,8,13,12,6,17,27,15,28,27,,18,22,15,14,16,18,25,14,8,22,18,26,20,23,24,23,18,10,10,16,13,,,28,13,14,8,13,31,8,9,15,26,22,7,25,11,16,2,10,5,2,19,26,21,37,7,23,22,12,12,10,14,12,21,18,,32,27,18,32,28,27,,15,9,9,,12,19,18,17,49,55,31,41,,30,27,24,23,20,30,22,15,22,21,20,18,,24,35,38,28,21,27,21,16,14,6,,31,24,20,32,16,28,19,22,22,15,26,29,24,12,5,17,17,12,22,28,28,28,15,15,17,6,14,6,20,11,3,23,19,22,17,8,29,14,22,36,5,15,16,18,15,21,23,14,21,27,18,14,15,18,12,10,14,15,24,11,9,2,14,16,15,34,20,19,32,22,28,,32,36,25,16,,17,14,13,,10,9,9,5,4,15,16,13,13,13,24,12,15,17,11,8,9,,24,28,28,25,6,22,16,18,19,12,15,20,23,17,25,17,16,14,,13,15,,19,3,9,13,7,4,7,14,21,7,13,22,17,16,20,14,7,20,20,18,13,13,19,14,18,20,20,24,24,21,26,6,6,9,13,9,4,8,6,10,4,6,10,17,29,10,5,22,21,28,23,24,30,22,12,14,18,16,22,24,,28,24,13,15,20,18,13,12,16,12,25,23,14,13,13,12,22,40,30,33,15,22,19,21,16,15,18,18,16,19,16,8,18,26,30,32,11,16,20,,17,31,25,29,20,30,14,25,53,15,,13,18,,12,40,19,19,19,5,8,8,,19,6,12,13,11,17,12,15,13,27,12,3,6,5,4,13,16,16,13,12,16,7,,6,8,5,10,19,19,13,14,10,6,9,13,7,9,,11,9,7,12,12,14,12,16,9,7,9,15,16,10,12,35,7,8,5,4,10,,13,,4,10,15,17,19,19,23,19,22,17,,14,12,21,20,10,8,2,20,11,,11,11,10,18,18,26,25,8,16,8,9,14,13,,11,11,8,28,16,30,12,13,6,10,4,6,9,12,13,13,15,12,14,42,36,13,24,5,36,36,6,18,14,16,1,21,,32,17,24,37,22,28,13,4,6,30,30,28,22,35,10,46,41,20,26,25,15,6,50,21,26,21,20,20,18,19,14,26,14,19,29,3,20,17,29,13,18,18,14,21,3,19,26,38,33,20,20,27,23,20,21,19,8,23,17,28,22,23,12,30,9,28,23,19,22,31,25,23,23,,43,16,31,28,23,28,18,11,19,21,8,9,22,43,15,20,35,9,9,21,15,15,11,21
20170820,6,O3,13,16,11,2,2,35,11,2,38,2,2,28,,,13,,13,30,,,3,45,93,,18,16,,2,16,2,1,16,5,104,8,8,9,8,10,14,35,70,42,62,10,7,16,29,9,46,43,38,56,53,45,53,67,65,75,48,5,1,4,3,2,18,11,,8,19,8,13,17,20,38,32,47,25,32,33,,,12,44,19,27,3,24,18,26,8,5,15,8,9,12,10,6,3,,,6,9,7,16,,3,75,95,73,85,99,96,78,64,68,113,14,19,16,,13,19,17,23,14,10,6,16,16,,20,17,15,22,3,18,8,8,65,60,52,67,43,40,57,45,51,49,39,53,56,42,45,37,68,40,55,55,36,33,33,34,54,30,39,19,30,25,22,39,17,,,,3,2,,9,6,4,,24,29,32,,5,9,15,15,9,25,14,16,41,,,,40,49,,39,57,38,28,28,,26,3,3,1,17,,17,27,,26,,31,,32,35,41,39,32,37,34,32,50,26,37,32,63,60,62,56,,61,58,39,14,17,6,13,33,38,,,35,,42,40,,36,36,43,40,45,44,,35,41,5,32,12,16,18,,8,4,13,11,4,20,25,16,28,11,18,,29,35,56,,54,26,28,3,16,9,16,4,4,17,,10,10,20,14,16,14,21,24,,93,94,73,72,89,83,92,49,89,65,67,54,33,69,68,64,56,4,10,41,36,16,42,16,43,23,28,9,3,34,4,12,8,15,28,13,11,3,10,6,,3,3,6,5,4,18,2,3,4,17,16,3,24,16,5,12,35,14,,22,25,19,11,,18,21,3,11,22,8,6,18,21,13,9,22,20,11,17,16,10,7,5,17,13,28,16,1,6,4,6,23,1,8,5,2,8,5,4,,3,,13,13,4,13,60,,51,26,5,38,24,6,56,17,,26,8,27,23,6,,21,13,5,6,21,,28,79,26,30,36,23,26,26,23,19,22,10,16,13,11,7,6,6,56,41,67,58,60,53,66,45,47,44,56,39,64,43,68,53,62,38,59,72,58,105,56,74,49,,58,58,50,,,,81,77,26,4,1,6,12,,15,25,14,35,11,37,19,5,17,18,22,44,9,8,37,,100,101,106,106,95,92,85,80,91,69,26,12,44,29,24,2,8,10,7,3,8,21,9,15,4,3,1,,35,,39,,51,56,39,48,27,,,45,,55,50,53,,3,9,34,18,31,30,12,22,56,13,30,84,79,70,105,77,,26,,24,,16,9,21,16,21,28,3,44,47,43,84,87,81,48,63,42,,102,56,68,63,42,9,5,11,5,27,14,19,23,10,30,8,22,1,20,25,4,7,5,14,38,36,27,5,12,16,10,5,2,30,50,,13,4,,15,11,13,13,17,2,2,5,,,73,69,63,10,,74,,95,77,49,85,,88,107,,29,50,61,,45,2,29,48,4,15,107,6,4,17,,60,40,54,15,7,64,,4,6,20,4,13,5,12,8,5,10,14,,4,37,8,17,20,10,12,7,9,8,,28,40,56,27,38,45,3,6,10,6,18,27,30,30,20,31,54,67,65,,,50,64,63,73,22,31,13,33,8,45,18,92,19,39,,33,34,14,33,54,63,79,79,49,93,96,83,69,20,5,4,33,98,89,104,73,100,89,,98,26,28,35,31,50,51,52,58,26,8,19,43,30,10,22,24,17,18,39,4,12,28,30,3,4,6,6,8,33,20,25,7,19,28,4,13,1,14,14,55,56,39,25,48,62,76,74,57,96,6,15,9,10,37,69,26,88,48,,,82,48,38,42,25,70,55,58,93,87,70,11,14,3,,4,19,26,64,77,75,64,92,75,59,45,6,13,5,2,70,80,68,75,73,53,81,73,57,,85,73,59,55,65,72,,72,91,70,88,98,80,50,94,98,86,76,88,42,24,38,27,100,93,43,58,38,37,35,33,85,67,87,26,42,66,39,28,90,76,74,92,66,83,35,46,49,38,30,,42,45,28,105,41,,66,58,35,22,21,52,47,40,37,57,,54,56,33,59,,32,23,32,,,43,32,11,43,35,40,24,85,,101,89,,9,53,38,55,42,39,64,72,55,38,73,86,39,88,,75,69,128,90,,98,49,45,54,31,1,,3,95,65,88,42,17,61,64,,53,63,70,87,,,4,1,102,109,119,110,99,2,6,24,6,,,11,14,5,12,7,5,13,6,30,11,10,31,39,8,5,16,5,6,10,6,27,,,22,11,9,9,8,6,15,14,14,18,10,18,31,17,38,21,3,2,,3,9,8,8,35,6,8,2,34,28,38,54,30,9,,15,48,22,3,19,6,,14,16,16,,43,15,14,20,48,41,67,31,,63,34,37,28,49,20,21,29,76,56,68,26,,22,3,9,13,61,69,31,25,64,66,,18,30,73,43,105,36,23,1,8,32,12,12,8,22,99,35,50,37,2,3,1,1,16,17,19,11,2,6,1,17,20,,4,5,9,13,11,49,47,45,23,25,15,4,5,50,30,145,113,42,37,31,54,70,9,7,22,10,15,2,40,39,40,28,13,9,6,11,56,75,77,,55,63,60,73,,75,78,72,,73,78,64,68,70,91,99,103,82,87,57,70,65,58,87,82,82,,7,1,11,9,89,80,71,57,67,65,64,67,25,16,11,38,41,33,,28,33,,40,68,57,42,55,37,44,27,9,7,23,3,15,21,15,44,3,28,10,15,33,12,22,20,25,8,57,53,78,73,112,26,36,17,28,27,78,73,64,60,62,16,31,19,29,32,2,,,,2,4,6,11,6,11,8,8,14,20,,7,22,10,27,17,7,6,22,29,6,7,4,28,30,7,3,17,3,29,15,33,68,71,60,77,88,69,54,20,16,31,27,11,8,18,12,64,42,51,,40,,49,29,40,49,41,54,38,86,,28,21,,55,51,62,69,56,13,14,8,,70,25,26,26,31,16,51,28,47,44,22,39,40,39,40,4,10,4,3,2,,37,,34,8,8,56,42,3,26,20,3,1,3,2,26,24,,13,24,19,24,4,2,46,36,30,27,4,2,48,36,43,38,66,58,58,53,39,,83,,35,36,18,6,10,6,52,62,68,72,,23,20,45,36,94,86,34,61,80,,29,38,38,66,64,36,53,82,98,87,94,77,48,,109,70,77,60,82,57,59,84,44,77,88,78,82,91,85,86,80,78,82,49,66,71,91,60,21,24,93,81,70,65,179,41,,35,51,51,4,4,7,27,41,37,39,39,2,31,32,95,4,3,13,62,27,94,82,4,7,26,64,51,38,30,12,41,6,30,46,40,37,3,6,77,49,6,7,66,49,70,22,58,8,35,39,30,86,82,74,63,38,38,29,26,3,42,49,30,6,6,15,17,41,44,38,25,26,55,,1,68,53,5,5,51,52,84,88,3,65,23,98,24,9,6,79,76,14,49,50,37,73,59
20170820,6,O3_24h,138,147,129,138,140,128,147,142,133,168,130,148,,,120,,125,113,124,,119,135,124,,167,98,,121,153,126,102,106,84,134,151,131,170,160,132,155,158,140,144,140,134,115,100,106,120,153,145,131,150,150,143,168,180,175,158,192,106,106,117,115,97,149,170,,168,141,150,152,123,151,143,138,152,158,132,184,,,134,162,182,150,189,167,209,183,195,184,207,204,187,167,137,131,147,,,162,140,118,144,,186,104,121,108,130,135,158,121,117,117,122,88,79,77,,84,82,76,87,66,53,143,126,95,,105,109,96,116,119,88,107,102,252,216,267,254,235,237,224,234,234,229,125,159,163,155,128,111,147,136,177,166,144,123,145,170,160,129,156,210,242,205,222,250,74,,,,116,104,,96,101,101,,169,207,188,,158,202,203,220,190,209,225,131,186,,,,161,131,,129,179,154,180,134,,179,92,111,89,115,89,152,164,,99,,57,,55,166,138,87,205,168,183,149,172,184,169,149,150,168,243,208,,147,173,131,209,210,163,230,205,185,,,199,,194,187,,168,183,143,136,104,133,,169,173,145,112,133,167,159,,79,103,104,119,85,131,157,125,130,95,199,,181,217,212,202,272,106,89,126,133,107,132,131,133,143,,144,145,192,210,169,183,225,232,,133,124,116,124,122,119,122,101,106,110,118,113,112,106,112,102,92,124,112,101,105,120,118,118,102,127,94,114,131,102,135,101,105,101,93,105,86,96,222,206,,187,170,180,277,183,200,185,200,84,118,64,22,69,196,30,53,67,57,196,56,52,61,61,270,282,262,212,226,180,208,196,151,173,136,115,142,136,148,122,269,288,244,250,194,163,161,180,162,132,156,154,141,146,66,132,106,92,83,105,,68,18,50,55,53,36,280,,270,182,177,205,199,158,186,199,,206,167,229,245,186,,126,199,230,180,171,,156,137,70,62,67,72,56,60,60,60,63,87,69,54,82,74,66,69,92,62,91,93,73,86,121,105,119,113,105,107,100,135,120,104,83,112,114,134,99,227,88,119,88,,93,129,155,,,,168,188,120,127,122,113,163,,126,97,75,96,95,99,124,130,126,142,146,55,130,105,93,,194,199,190,193,195,186,182,183,184,164,148,160,155,138,89,93,84,95,166,181,142,154,161,158,160,209,194,200,229,,108,,83,100,102,81,150,,,199,,184,115,119,,110,124,122,128,103,136,81,118,92,114,114,144,137,144,159,156,,119,,118,,102,148,149,151,120,135,119,98,106,94,148,125,124,120,119,101,,250,216,243,278,261,140,144,109,115,140,125,56,45,45,52,59,45,61,77,84,82,152,116,114,57,56,50,125,141,123,60,71,63,215,212,,209,203,,140,125,153,168,91,102,98,58,,,172,172,154,164,,146,,182,151,140,145,,156,157,,202,174,216,,169,120,131,133,138,140,120,103,99,107,,102,102,109,88,105,92,,138,128,112,116,83,135,77,96,84,89,95,83,156,191,147,137,145,78,64,78,71,64,,62,96,111,104,102,103,88,85,96,79,88,95,114,114,84,100,135,160,120,,,150,143,150,121,101,120,109,101,94,129,110,124,122,115,,137,142,126,113,115,110,110,113,125,114,122,121,101,156,135,152,153,140,125,130,143,111,92,,108,129,111,123,124,142,78,87,98,99,100,110,119,123,102,88,103,94,81,84,73,70,88,67,75,64,68,69,68,76,45,48,95,84,79,81,68,81,32,36,108,94,117,115,108,140,146,150,139,143,96,101,70,71,175,176,178,171,114,,,138,134,124,131,121,174,167,187,185,187,167,92,95,83,,90,83,89,101,124,105,103,98,89,113,95,129,108,97,109,84,92,91,102,90,62,99,90,129,,140,139,95,90,105,82,,135,154,151,151,141,113,77,124,120,90,101,117,96,94,155,146,122,137,110,116,111,87,146,118,122,95,155,52,124,129,107,99,135,117,124,131,111,112,160,212,178,253,240,,207,190,248,301,230,,145,133,211,145,171,224,204,103,104,99,,181,196,90,111,,95,137,149,,,73,62,96,111,134,126,112,103,,117,109,,199,202,130,121,127,123,140,143,195,183,165,176,161,163,,154,163,151,131,,139,121,169,162,185,175,,130,156,162,160,83,101,102,105,,142,137,163,200,,,116,112,141,150,161,155,140,107,86,88,100,99,,100,108,114,165,111,121,149,110,112,110,103,127,123,88,91,96,82,81,77,90,80,,,122,63,62,76,71,91,82,131,80,92,97,116,123,72,107,87,77,84,55,93,114,97,82,99,120,140,149,85,83,89,89,68,90,,49,63,45,59,62,54,,61,72,71,,65,86,90,87,94,86,101,81,,99,89,61,88,103,111,61,99,130,129,128,104,,97,68,61,70,89,84,90,100,143,134,,100,90,88,82,119,267,270,247,264,245,143,158,154,153,134,138,138,131,151,158,140,132,191,170,170,198,114,117,125,117,78,88,80,85,173,91,86,97,76,69,100,113,105,123,115,171,162,191,168,182,125,127,153,148,100,82,108,86,71,89,94,128,89,97,134,100,142,114,108,129,123,,130,123,144,144,,144,164,128,,130,129,91,98,101,96,106,104,94,102,105,116,109,114,94,92,89,,90,68,68,93,109,112,132,84,144,132,119,122,88,85,69,105,107,99,,99,89,,85,125,102,104,105,87,95,99,78,76,74,74,79,76,75,78,90,84,88,82,86,106,104,105,95,88,144,160,184,172,177,73,81,53,72,77,84,91,78,72,100,61,68,82,71,102,79,63,65,111,121,107,106,76,97,84,118,116,94,109,,112,114,143,141,107,110,95,102,124,57,67,59,78,73,108,86,110,127,126,135,169,172,207,170,179,183,152,195,157,134,137,121,168,178,186,172,156,144,157,,139,125,98,91,110,122,103,140,110,122,,106,98,,150,149,134,149,95,61,76,66,,112,80,75,72,74,71,85,70,95,80,67,66,66,66,64,71,75,115,123,34,42,54,,63,56,58,76,73,60,72,62,40,67,65,79,57,61,,46,45,48,59,60,11,57,76,79,76,60,55,78,69,73,67,76,68,82,81,67,,131,,77,75,133,159,135,157,169,175,165,174,,113,121,97,109,116,111,121,97,112,,84,88,89,87,98,97,101,92,104,90,135,123,105,,134,90,82,133,127,81,79,85,61,85,155,163,170,158,153,158,115,114,107,136,171,117,123,146,128,123,121,115,139,134,179,162,,229,96,88,124,136,123,90,89,90,138,139,112,99,170,154,202,168,128,139,141,170,140,136,129,194,179,180,190,188,65,102,103,123,200,204,64,67,56,91,130,156,131,172,212,114,108,108,164,216,189,129,167,155,174,164,85,174,65,152,58,151,184,158,95,92,69,52,155,119,196,190,191,205,,137,140,139,217,217,129,154,105,197,95,128,47,114,140,165,144,145,164,109,115,117,111,122,155
20170820,6,O3_8h,22,29,26,4,9,28,8,3,29,28,7,12,,,21,,30,35,11,,14,71,49,,56,18,,2,38,9,6,35,20,104,11,6,13,11,8,11,76,65,58,65,28,35,34,50,38,69,50,34,62,52,68,65,94,95,92,57,3,1,6,3,2,21,11,,9,38,26,29,26,25,46,60,74,56,62,56,,,39,70,45,24,27,41,54,56,31,4,41,13,8,35,13,4,5,,,6,17,8,22,,7,73,86,74,87,98,107,78,82,84,106,19,25,17,,16,20,15,14,24,14,6,17,11,,8,16,6,12,1,15,25,2,74,71,65,83,63,55,68,58,70,66,37,56,58,50,44,34,56,45,48,68,45,46,57,48,65,43,52,32,42,38,36,38,29,,,,19,7,,19,15,5,,20,23,32,,40,34,41,50,32,37,41,35,44,,,,48,49,,47,58,46,40,37,,40,18,18,13,20,6,31,42,,30,,27,,33,40,38,40,38,39,43,39,49,44,42,26,67,65,70,63,,63,62,51,10,18,8,19,46,53,,,61,,50,44,,55,43,45,46,52,47,,45,46,10,34,14,22,21,,13,19,17,11,11,18,32,33,39,8,36,,20,44,57,14,58,30,30,9,20,10,16,8,6,20,,16,20,24,21,27,15,26,30,,101,89,62,62,72,81,72,32,84,80,84,66,46,80,78,80,70,7,10,19,26,18,21,20,27,32,15,15,5,41,4,12,20,15,31,22,17,6,15,5,,2,2,11,7,7,28,4,4,4,18,24,9,23,13,5,10,30,9,,22,32,27,19,23,24,24,10,12,35,11,8,25,31,22,16,24,23,20,22,10,6,8,6,11,18,22,13,13,5,4,19,30,18,10,10,12,7,5,4,,3,,14,13,4,13,85,,56,41,30,52,63,7,47,22,,44,23,57,31,12,,18,28,8,16,20,,29,93,14,22,30,16,18,20,20,13,7,14,13,18,17,7,10,6,55,38,56,60,44,55,65,49,46,51,52,32,61,26,73,53,60,37,52,75,60,108,54,70,48,,58,57,62,,,,85,88,14,4,2,6,46,,23,32,11,41,24,42,20,12,21,24,27,46,11,13,44,,90,74,77,91,65,95,104,99,110,71,38,24,53,36,25,10,9,14,15,5,16,58,31,57,33,4,2,,30,,37,,40,39,29,26,26,,,57,,61,52,54,,14,18,35,35,39,31,22,26,58,29,39,81,82,84,106,80,,37,,38,,22,30,43,35,46,54,28,61,73,64,92,86,85,64,77,54,,125,78,112,102,79,16,10,17,12,29,20,23,23,18,32,15,27,22,11,22,11,16,8,25,27,27,23,8,24,14,21,11,6,52,72,,20,8,,20,16,17,14,26,7,9,4,,,86,81,78,30,,81,,99,83,71,100,,97,112,,46,52,70,,40,6,29,26,5,19,104,12,22,30,,57,39,60,29,28,53,,4,3,22,3,14,10,13,9,6,11,18,,16,59,15,23,22,5,6,5,10,6,,20,59,67,27,52,55,5,7,11,6,16,39,45,38,21,30,54,72,58,,,59,64,65,80,31,51,45,41,19,57,31,97,45,56,,48,52,50,40,46,66,72,69,67,74,78,70,63,58,32,21,48,107,97,108,70,108,84,,95,33,30,38,34,57,35,38,37,35,27,29,57,39,18,28,32,20,17,45,13,15,28,39,9,15,6,6,9,38,22,18,10,19,31,3,9,2,14,15,58,63,58,44,70,90,103,100,86,101,6,34,8,12,43,72,59,104,61,,,88,45,34,40,28,88,69,79,98,109,81,12,18,5,,10,27,30,68,77,71,59,81,60,50,54,6,12,5,2,56,38,64,65,69,43,68,66,60,,83,79,51,48,61,73,,93,98,80,89,110,79,52,86,92,79,60,73,38,32,35,34,90,93,30,53,46,39,78,42,80,64,88,28,31,58,36,32,87,72,79,91,74,83,44,69,62,57,46,,52,52,50,117,45,,60,58,44,33,29,46,45,40,36,58,,52,56,32,59,,22,44,44,,,51,34,12,34,51,53,46,80,,97,84,,12,39,31,42,45,44,61,79,75,46,87,113,46,98,,90,92,140,94,,125,56,63,63,68,9,,13,95,72,93,52,19,70,64,,72,72,76,107,,,15,2,101,105,113,106,94,11,15,50,21,,,25,23,31,21,8,10,24,5,38,14,11,28,28,8,5,16,2,3,7,6,32,,,24,15,27,15,9,5,11,13,12,16,7,16,33,23,41,26,3,4,,1,4,6,7,48,9,10,8,42,36,35,55,20,34,,16,46,20,4,18,7,,15,22,22,,52,24,20,23,35,23,44,23,,39,43,27,38,53,28,25,31,72,48,77,38,,38,12,22,16,59,65,52,42,54,65,,20,29,64,40,86,30,35,11,12,38,20,16,14,26,106,43,47,40,2,5,1,1,32,32,24,14,9,12,5,29,32,6,13,4,19,15,14,42,36,37,27,23,11,18,16,49,59,132,110,76,36,36,59,70,12,13,33,14,22,5,41,42,38,24,20,12,12,13,62,76,78,,37,68,65,83,,80,80,82,,83,82,69,74,74,91,100,101,83,95,69,82,78,72,90,86,86,,15,3,10,7,84,85,76,55,58,54,54,56,15,14,12,48,53,45,,33,32,,16,81,66,58,67,37,37,25,13,11,27,17,30,21,17,44,4,22,8,20,35,23,31,39,39,30,56,49,66,78,112,20,39,16,28,33,78,56,59,53,58,19,31,22,30,34,3,,,,7,4,4,16,15,22,10,6,17,30,,14,21,8,30,25,10,8,25,27,6,8,4,28,24,8,6,30,7,31,17,45,79,88,65,77,90,74,93,26,22,53,30,22,25,39,26,80,60,58,,58,32,46,32,44,50,40,62,42,92,,34,25,,60,51,54,61,52,14,16,14,,74,30,30,30,26,18,55,30,47,47,23,38,38,37,38,5,10,16,11,2,,37,,33,16,16,60,32,2,27,26,4,2,6,4,35,38,,23,30,15,22,4,6,45,37,38,35,4,2,53,38,22,18,61,56,57,52,46,,89,,42,39,30,18,20,13,46,76,71,73,,32,30,37,26,91,84,51,66,92,,40,63,60,56,64,46,61,84,94,85,104,91,54,,114,79,64,52,83,55,54,81,45,79,92,79,84,86,87,88,80,76,82,25,26,44,40,58,17,23,79,66,90,84,176,20,,23,49,44,8,26,8,47,51,41,25,30,8,26,33,86,4,12,24,58,49,106,115,10,5,19,63,64,39,60,14,46,9,48,58,38,37,5,5,69,45,18,13,76,66,76,21,48,7,36,52,37,92,82,84,79,28,47,31,33,9,40,37,43,13,11,22,14,52,54,43,48,44,64,,19,79,57,26,13,48,74,81,104,1,83,28,103,29,10,20,70,85,25,50,55,39,69,45
20170820,6,O3_8h_24h,32,43,43,12,24,34,9,4,46,63,25,12,,,32,,54,52,27,,29,106,77,,66,22,,4,53,15,14,60,37,105,20,6,14,12,9,11,101,70,61,68,47,63,57,68,79,74,73,34,64,53,90,87,124,127,101,68,3,1,11,3,2,32,11,,16,71,55,61,46,38,61,99,98,81,98,88,,,74,95,77,48,58,63,98,93,53,4,46,22,12,62,27,4,22,,,8,47,23,46,,33,74,86,75,89,98,109,84,99,99,107,28,29,20,,23,22,17,21,30,16,16,20,12,,8,37,6,12,1,15,60,2,88,85,87,94,83,76,79,82,90,81,37,57,59,51,44,34,56,46,48,71,51,50,63,55,68,48,64,57,65,61,56,53,40,,,,53,21,,28,40,5,,20,23,33,,55,61,53,65,40,43,59,46,70,,,,64,68,,58,68,60,49,44,,49,25,27,25,30,19,36,46,,32,,27,,33,41,38,49,44,39,45,41,49,53,43,26,70,74,76,71,,72,64,60,13,34,10,30,63,75,,,71,,62,49,,68,59,51,54,54,48,,54,59,17,39,18,36,32,,22,27,21,11,13,18,36,50,53,8,40,,31,56,66,30,64,35,38,12,30,10,17,21,11,21,,23,37,33,36,56,20,34,45,,107,89,62,81,72,83,78,53,84,94,100,83,77,94,89,94,84,22,17,19,38,22,21,35,41,43,42,26,12,46,4,13,36,15,33,23,27,7,27,10,,3,3,15,15,17,36,6,4,5,19,31,13,24,13,6,10,35,9,,22,37,35,22,32,34,36,19,18,48,24,12,29,37,28,26,30,26,26,24,13,6,10,9,11,19,32,18,41,5,5,35,48,46,14,16,18,8,5,4,,3,,19,13,5,17,111,,56,55,56,61,80,7,70,36,,65,34,74,37,20,,18,44,20,22,20,,30,115,14,25,31,17,18,20,20,13,7,18,13,27,28,14,15,8,55,38,56,60,44,55,78,57,51,64,52,38,61,26,87,54,60,44,52,81,64,117,62,77,50,,58,69,79,,,,97,102,14,5,2,7,110,,29,33,22,49,30,49,33,17,30,36,42,47,15,14,46,,91,74,77,93,82,101,114,104,118,72,42,36,58,38,27,19,16,17,26,15,36,73,52,69,53,9,5,1,31,,49,,45,46,42,26,27,,,68,,69,53,54,,28,19,47,46,51,32,30,42,60,39,44,90,83,93,108,84,,55,,56,,28,38,52,46,71,78,63,98,106,89,94,89,88,75,82,60,,164,105,144,124,105,19,22,26,18,34,27,31,32,33,38,18,29,31,12,27,26,32,13,30,27,27,23,20,37,18,31,22,19,81,82,,21,9,,28,21,18,18,36,16,17,9,,,93,93,90,49,,85,,108,87,90,116,,129,124,,54,54,71,,45,12,38,30,7,29,104,29,52,36,,57,39,64,36,34,53,,9,3,24,3,19,31,19,11,8,11,21,,36,76,17,40,49,5,8,5,12,6,,20,72,73,27,64,59,5,8,14,11,16,48,48,43,24,34,54,73,58,,,60,64,66,81,46,68,64,51,32,72,53,105,66,69,,63,74,77,49,57,84,81,81,89,81,84,79,74,102,74,69,74,111,100,109,70,111,85,,97,38,32,38,40,61,35,38,37,48,39,33,85,55,28,35,50,21,19,47,21,18,28,47,15,28,18,8,9,42,27,18,20,33,36,6,13,4,14,16,59,69,80,61,84,96,112,106,105,102,6,55,8,12,50,82,92,123,64,,,90,50,38,41,37,104,87,94,104,130,92,19,28,12,,24,30,38,69,78,71,59,81,60,50,55,7,12,5,2,56,38,64,65,69,43,68,66,61,,85,82,51,54,69,73,,103,106,99,111,118,79,55,86,101,79,60,73,40,40,41,44,90,93,30,53,58,44,146,46,80,64,88,29,31,58,43,45,88,72,82,92,85,84,48,75,64,75,63,,62,56,70,135,63,,66,58,61,43,47,75,71,51,50,58,,60,62,35,60,,26,57,56,,,56,39,20,38,62,58,57,80,,97,84,,22,56,31,42,62,66,64,100,94,68,100,129,50,108,,104,111,144,99,,132,73,86,94,94,23,,22,98,83,100,56,26,78,66,,88,94,95,136,,,28,3,101,105,113,106,95,21,24,81,39,,,52,40,64,35,8,14,46,5,52,21,21,28,28,8,6,17,2,3,7,6,37,,,25,29,34,31,11,5,12,13,21,16,7,17,38,28,42,28,4,8,,1,4,6,7,54,18,16,21,65,47,39,56,20,40,,19,47,23,7,20,12,,18,30,44,,63,26,34,45,35,23,44,23,,39,45,27,42,56,40,28,32,75,48,82,51,,50,19,24,21,63,67,64,58,54,69,,21,29,64,48,86,30,42,14,20,49,33,18,18,28,112,45,47,41,2,8,2,1,52,51,39,20,24,14,7,42,44,8,15,5,21,16,16,42,36,37,28,28,21,34,20,58,68,132,110,107,38,41,64,75,23,27,36,23,27,8,41,47,38,24,28,19,15,25,69,85,84,,51,88,83,102,,97,94,95,,94,86,72,76,76,91,100,101,85,99,74,88,84,78,91,86,87,,24,4,15,10,90,88,83,60,58,54,54,56,17,19,27,53,65,54,,48,43,,16,89,73,80,72,37,37,25,23,13,35,35,34,21,33,47,5,22,14,24,39,29,44,51,50,46,56,49,66,81,112,21,45,16,33,43,78,56,59,53,58,23,41,31,31,43,4,,,,8,5,4,18,24,25,10,6,35,41,,37,24,8,32,35,13,10,28,33,6,8,5,36,34,12,8,38,8,31,19,50,95,101,68,86,104,78,104,59,30,63,48,51,38,60,49,107,71,63,,68,34,46,34,54,50,50,82,47,105,,40,28,,74,54,54,61,52,16,18,18,,84,34,34,38,32,35,62,36,49,52,28,39,38,37,40,5,11,38,26,2,,39,,36,26,23,62,32,2,27,27,4,3,10,8,43,44,,27,40,15,23,5,10,48,40,44,39,5,2,55,38,22,18,61,56,58,55,56,,99,,48,42,38,28,31,16,55,88,76,76,,56,46,42,26,91,84,69,70,95,,58,73,75,56,71,48,63,87,94,85,106,94,59,,116,81,64,52,87,59,54,83,45,82,96,81,86,90,89,91,88,78,89,31,43,44,40,58,17,23,79,66,108,89,176,20,,24,49,44,21,43,9,65,61,59,25,30,24,35,38,91,4,45,48,66,74,116,121,27,5,19,72,69,42,70,17,53,15,57,75,39,48,8,5,69,50,45,39,91,74,88,21,48,13,41,74,54,99,94,100,92,32,57,32,39,29,65,62,47,33,15,32,19,76,65,55,69,74,66,,50,94,58,51,20,53,85,81,128,2,87,30,114,31,13,45,86,92,30,51,62,56,74,46
20170820,6,CO,1.5,1.1,1.6,1.2,1.6,1.3,1.1,1.1,1,1.2,1.4,1,,,1.7,,1.8,1.3,,,1.7,1.3,0.8,,3,1.3,,1.3,0.9,0.7,1.7,0.7,0.7,0.7,4,4.5,3.5,4,4.3,3.7,0.5,0.4,0.8,0.5,0.5,0.8,0.8,0.9,0.9,0.7,0.7,0.8,0.7,0.5,0.8,0.4,0.4,0.4,0.6,0.4,0.6,0.5,0.6,0.7,0.5,1.3,1.3,,1.1,1.2,0.8,0.7,0.8,0.5,0.8,0.6,1.3,1.1,1.1,0.9,,,0.9,0.9,1.2,1.4,1.2,0.9,0.8,1.1,0.8,1.1,1.1,1.2,1.4,1.2,0.6,1,0.9,,,1.2,0.8,0.8,0.8,,1.7,0.7,0.7,0.9,1,0.6,0.8,0.7,0.7,0.9,1,0.9,1,1.1,,1,0.9,1.2,0.8,1,0.9,0.6,1.2,0.6,,0.1,0.2,0.3,0.3,1.3,0.2,0.7,0.5,0.4,0.9,0.6,0.6,1,0.6,0.8,0.8,0.8,0.8,0.7,0.7,1.9,1,0.8,1.2,0.9,0.8,0.7,0.3,0.7,0.5,0.3,0.9,0.3,1.2,1,0.7,1,0.8,0.6,1,0.4,,,,1.7,1.8,,1.1,2.6,1.2,,0.9,0.2,0.4,,0.6,1.5,1.1,1,1,0.7,1.4,1.2,0.6,,,,0.5,0.2,,0.8,0.6,0.6,0.4,0.8,,0.8,0.7,0.7,0.9,0.4,0.5,0.8,0.7,,0.8,,0.7,,0.6,0.6,0.7,0.6,0.6,0.6,0.8,0.6,0.6,0.6,0.7,0.8,0.8,0.9,0.6,0.9,,0.6,0.4,0.5,0.5,0.4,0.6,0.7,1,0.8,,,0.6,,0.7,0.7,,0.5,0.5,0.4,0.6,0.6,0.2,,0.6,0.5,0.6,0.5,0.7,0.6,0.5,,0.6,0.7,0.8,1,0.9,0.7,,0.8,0.5,0.9,0.1,,0.8,0.6,0.5,0.5,0.3,0.4,0.5,1.4,0.9,0.7,1.2,1,1.1,0.5,,1.8,1.5,1.6,2,1.2,1.7,1.5,1.7,,0.4,0.2,0.4,0.3,0.6,0.5,0.4,0.2,0.5,1.7,1.6,1.8,1.9,1.8,2.1,2.1,1.5,1.5,3,0.7,0.6,2.7,0.6,0.8,0.7,0.5,0.6,0.9,0.9,0.6,0.8,0.5,1.3,0.7,0.3,0.7,0.6,0.9,0.7,0.6,,0.9,0.8,1.1,1,0.8,0.6,1.1,0.7,0.7,0.9,0.7,0.7,0.8,1,0.6,0.6,0.6,0.8,0.7,0.3,0.4,0.5,0.9,,0.9,0.6,0.4,0.7,0.6,0.7,0.7,0.7,0.5,0.6,0.5,0.2,0.5,0.4,0.4,0.6,0.8,0.6,0.6,0.5,0.7,0.8,0.7,0.8,0.5,0.9,1,0.6,0.5,1,1.2,1.1,0.8,1.2,1.1,,1,0.5,0.6,0.7,0.6,0.6,0.5,,0.8,0.7,0.8,0.6,1.4,0.9,0.9,0.6,,1,0.6,0.5,0.8,1.3,,0.6,0.6,1.3,1,0.7,,0.4,0.4,0.4,0.4,0.5,0.6,0.5,0.4,0.5,0.4,0.5,0.5,1,1,1.3,0.7,0.9,0.9,0.3,0.4,0.4,0.4,0.6,0.5,1.2,1.5,1.3,1.4,1.2,1,1.1,1.5,1.3,1.2,1.4,1.5,1.3,0.5,0.5,0.2,0.3,0.1,0.3,,0.8,1,0.6,,,,0.6,0.7,1,1,1,1.2,1.2,,0.9,0.6,1.1,0.4,1,0.4,0.4,0.7,0.5,0.4,0.6,0.3,0.4,0.8,1.1,,0.8,0.5,0.3,0.5,0.8,0.7,1.2,0.6,0.7,0.8,2,5.3,2.4,2.3,0.7,0.8,0.7,1.1,3,2.7,1.7,0.7,0.7,2.6,0.6,0.7,0.7,0.9,0.6,,0.6,,1,0.9,0.8,1,1.2,,,1,,0.8,1,0.9,,5.5,1.3,1.5,1.7,0.9,1.1,0.6,0.5,0.8,0.5,0.4,0.4,0.2,0.5,0.3,0.4,,0.4,,0.7,,0.5,1.1,0.8,1.5,1.1,0.5,0.9,0.4,0.4,0.3,0.4,0.4,0.5,0.5,0.6,0.6,,1,0.9,1.1,0.8,0.6,0.7,0.7,0.7,0.8,0.6,0.6,0.6,0.4,0.7,0.4,0.6,0.7,0.4,0.4,0.5,0.4,0.8,0.7,0.7,0.6,0.6,0.5,0.9,0.7,0.8,0.6,0.6,1,1.1,1.3,,0.9,0.9,,0.7,0.8,0.9,0.7,0.6,0.6,0.6,1,,,1,1.1,1,1.1,,1,,0.9,1,1.2,1.1,,1.3,1.2,,1.6,2.1,1.7,,1.3,2,0.8,0.7,2.3,1.4,0.6,1.2,0.6,0.2,,0.4,0.8,1.3,1.2,1,0.9,,0.8,0.7,0.5,0.6,,0.9,0.9,1,1.5,1,1,0.9,1,1.3,0.8,1.1,1,0.7,0.7,0.6,1,0.5,,0.4,0.9,0.9,0.3,0.6,0.3,0.4,0.6,0.5,0.4,0.4,0.6,0.5,0.4,0.7,0.8,0.6,0.8,0.5,,,0.8,0.7,0.6,1.1,0.4,0.6,0.9,0.2,0.2,0.5,0.4,0.4,1.5,2,,1.5,1.8,2.8,2.4,0.9,1.4,0.9,1.3,2.9,0.8,0.9,0.6,1,2.3,1.6,1.1,1.8,1.3,1.1,1.4,1.5,1.1,1,,1,0.9,1.1,1,1.2,0.8,0.7,0.8,0.9,0.5,0.7,0.7,0.4,0.5,0.6,0.6,1.3,1.1,1,0.7,1.2,1.2,1.1,1,0.4,0.7,0.5,0.6,0.5,0.2,0.7,0.6,0.7,0.8,0.6,0.8,1.2,0.9,0.5,0.4,0.6,0.6,0.6,0.7,1,1.2,1.1,1.2,1,1.1,1.7,0.2,1,0.7,0.4,0.3,0.6,0.4,0.6,,,0.5,0.7,0.7,0.6,0.8,0.9,0.6,0.6,0.6,0.6,0.7,1,0.6,0.2,,0.4,0.9,0.9,1.2,1.1,1.3,1.3,1.5,1.4,1.5,1.4,1.2,1.4,1.3,1.5,0.8,0.9,1.1,0.9,1,1,1,0.9,0.9,,0.9,0.8,0.3,0.3,0.3,0.4,,0.4,0.2,1,0.3,0.4,0.7,0.6,0.6,0.9,1.4,1.2,1.9,0.6,1.1,1.2,1.8,0.7,0.2,0.6,0.7,0.2,,0.5,0.3,0.4,,0.4,0.5,1,0.3,0.6,0.4,0.5,0.4,0.5,0.5,0.3,0.3,0.6,0.7,0.9,0.7,0.6,0.8,0.6,0.5,0.5,0.5,0.5,,0.5,0.7,0.9,1,0.7,0.7,0.8,0.4,0.5,0.7,,0.3,0.4,0.7,1,,0.8,0.6,0.5,,,0.4,0.3,0.6,0.6,0.7,0.5,0.6,1.2,,1.1,1.1,,1,0.9,3.8,1.4,3.7,2.9,1.4,1.5,1.3,1.6,1.1,1.4,0.8,1.1,,1,0.9,1.3,1.1,,1.3,1.8,1.2,1.2,1.1,1.4,,1.8,1.1,0.6,0.5,0.8,1,0.3,0.4,,0.7,0.3,0.3,0.6,,,0.3,0.3,0.7,0.7,0.3,0.3,0.4,0.8,0.8,1.3,1,0.5,,0.7,0.6,1,0.6,0.5,0.2,0.5,0.9,0.7,0.6,0.4,0.8,0.5,0.9,1.2,0.9,1.1,0.7,0.7,1.1,1.1,,,0.2,0.8,0.7,0.6,0.7,1.1,0.4,0.5,0.6,0.5,1.8,0.3,0.4,0.3,0.4,0.4,0.3,0.5,0.2,0.6,0.2,0.6,0.8,0.4,0.5,0.6,0.4,0.7,0.6,0.6,0.5,0.3,0.8,,0.7,0.6,0.7,0.8,0.8,0.4,,0.6,0.5,0.4,,0.4,1.4,1,1.3,0.5,0.7,0.4,1.2,,0.5,0.4,1.1,0.3,0.5,0.5,0.9,0.4,0.3,0.4,0.5,0.7,,0.5,0.4,0.6,1,0.3,0.3,0.3,0.5,0.7,0.7,,1.1,0.9,0.5,0.5,0.6,0.7,0.7,0.7,0.7,0.7,1,1.2,0.8,1.3,0.6,0.8,0.9,0.8,0.8,0.8,0.5,0.7,0.6,0.9,0.6,0.7,1.2,0.9,0.9,1.3,0.3,1.3,1.1,1,0.8,0.5,1.2,0.8,1.3,0.7,0.7,0.5,0.4,0.4,0.3,1.2,1.2,0.9,0.6,1.3,0.8,0.7,1.1,0.5,0.7,0.6,0.7,0.6,0.7,0.7,0.8,0.6,0.4,1,1.4,1.1,1,1,1.7,1,1,,1.5,1.6,1.4,0.9,,0.9,1,1.2,,1.2,0.8,0.9,0.9,0.7,1.5,1.2,1.8,1.4,1.4,1.2,0.7,0.9,0.8,0.8,1.2,1.1,,1,0.8,0.7,0.9,0.8,1.1,0.8,0.6,0.7,1.2,1.2,1.2,0.7,0.6,0.8,0.7,0.8,0.8,,0.8,0.6,,1.1,0.8,1,0.9,1.1,0.9,0.6,0.8,1.1,0.8,0.6,0.8,0.9,0.7,1.4,0.6,0.6,0.5,0.6,0.5,0.5,1.1,0.5,1,1,0.9,1.2,2,1.6,1.8,1.1,0.4,0.5,0.5,0.5,0.4,1.2,1.3,1.1,1,1.6,0.9,2.4,1.6,0.9,0.6,0.7,0.9,1.2,0.9,0.5,0.6,0.8,0.8,0.7,0.6,1.6,1.3,1.6,0.5,,1.1,1,0.7,0.9,0.8,1.1,1,0.9,1.2,0.4,0.7,0.6,0.5,0.5,0.7,0.4,0.8,0.6,0.4,0.8,0.8,0.3,0.5,0.5,0.4,0.5,0.4,0.5,1,0.7,0.7,0.7,0.4,0.5,0.4,0.3,0.5,0.7,1.1,,0.6,,0.4,0.4,0.5,0.6,0.5,0.6,0.6,0.3,,0.6,0.6,,0.4,0.6,0.5,0.3,0.4,0.3,0.5,0.5,,0.4,0.7,0.6,0.6,0.6,0.4,0.4,0.5,0.3,0.6,0.3,0.4,0.5,0.5,0.5,0.3,0.8,0.5,0.6,0.8,0.9,0.6,,0.5,1.4,0.9,0.2,0.6,0.9,0.9,0.6,0.4,0.3,0.9,1,0.6,0.8,,0.6,0.3,0.6,0.6,0.7,0.3,0.6,0.7,0.5,0.5,1.2,0.8,0.9,0.3,0.6,0.4,0.4,0.3,0.4,0.2,0.8,,0.2,,0.3,0.2,0.5,1.1,1,1.1,1,1.1,1.2,1.1,,0.9,0.5,0.8,1,0.3,0.6,0.3,0.5,0.8,,0.6,0.4,0.4,0.1,0.4,1.1,0.5,1,1.2,1,0.1,0.2,0.4,,0.5,0.5,,1.2,0.7,0.9,0.5,1.1,0.5,0.6,0.8,0.6,0.7,0.4,0.6,0.6,1.7,0.8,1.1,0.9,0.7,1.1,1.4,0.3,1.2,0.8,0.3,0.2,1,0.8,1.2,0.5,,0.5,0.9,0.6,1.6,1.4,1.3,0.8,0.7,0.7,0.8,0.8,0.8,0.9,0.3,1,0.8,3.5,1.1,1.4,1.2,1,1.7,1.4,0.5,0.6,0.5,0.5,0.6,0.8,0.6,0.4,0.7,0.4,1,1,0.7,1.2,1.8,0.3,0.2,0.9,0.8,0.4,0.7,0.6,0.5,0.7,1.3,0.8,0.7,1.6,1,0.6,0.4,0.9,1.4,0.4,0.4,0.5,0.7,0.4,0.7,0.8,1.7,0.7,0.8,0.6,0.7,0.5,0.6,0.5,0.6,1.9,,2.5,1,1.1,1,1,0.6,0.7,0.3,0.8,0.6,0.6,0.4,1.2,1.5,0.3,2.2,1.8,0.3,0.7,0.4,0.4,0.8,0.2,1
20170820,6,CO_24h,1.1,0.8,1.2,0.9,1.2,1,1,1.2,0.9,1,0.9,1.1,,,1.1,,0.9,0.7,1.5,,1,0.8,0.8,,0.8,1,,0.9,0.8,0.6,1.5,0.7,0.6,0.7,2.2,2.2,2,1.9,2.6,2.3,0.5,0.5,0.5,0.5,0.5,0.8,0.8,0.9,0.8,0.6,0.7,0.8,0.6,0.5,0.8,0.5,0.5,0.5,0.7,0.5,0.5,0.5,0.5,0.6,0.5,1.3,1,,1.1,0.9,0.4,0.3,0.6,0.4,0.7,0.5,1.2,0.9,1,1,,,1,0.8,1.3,1.1,1.2,1.1,0.8,1.2,0.9,1.1,1,1.2,1.2,1.2,0.8,1,0.8,,,0.9,0.8,0.9,0.9,,1,0.8,0.8,0.9,1,0.6,0.8,0.8,0.8,0.8,1.1,0.9,1,1.1,,1,0.7,0.9,0.8,0.9,0.8,0.7,1,0.6,,0.4,0.6,0.6,0.6,1.3,0.3,0.3,0.7,0.4,0.8,0.5,0.8,0.8,0.7,0.7,0.6,0.6,0.6,0.8,0.6,1.6,1.1,0.9,1.3,1.2,0.8,0.9,0.3,0.7,0.5,0.3,0.8,0.4,1.1,0.7,0.8,0.6,0.5,0.7,0.5,0.4,,,,0.9,0.7,,0.6,0.8,0.4,,1,0.3,0.4,,0.5,0.6,0.7,0.7,0.6,0.7,0.9,1,0.6,,,,0.6,0.4,,0.8,0.8,0.7,0.4,0.8,,0.7,0.7,0.4,0.4,0.4,0.4,0.8,0.5,,0.8,,0.8,,0.5,0.6,0.8,0.6,0.7,0.7,0.8,0.7,0.6,0.6,0.7,0.8,0.7,0.8,0.6,0.9,,0.5,0.5,0.4,0.7,0.5,0.5,0.7,1.1,0.8,,,0.6,,0.8,0.8,,0.2,0.5,0.5,0.6,0.6,0.3,,0.6,0.5,0.6,0.5,0.7,0.7,0.6,,0.6,0.7,0.8,0.9,0.8,0.5,0.9,0.7,0.5,0.9,0.2,,0.6,0.6,0.5,0.3,0.3,0.4,0.4,1.4,0.7,0.6,1.1,1,0.9,0.6,,1.5,1.1,1.4,1.1,1,1.3,1.1,1.1,,0.3,0.3,0.4,0.4,0.6,0.5,0.5,0.2,0.6,1.1,1.2,1.4,1.5,1.2,1.6,1.6,1.1,1.4,1,0.8,0.6,0.9,0.6,0.5,0.7,0.5,0.6,0.8,0.7,0.5,0.6,0.6,0.7,0.6,0.4,0.4,0.6,0.7,0.7,0.7,,0.8,0.7,0.8,0.9,0.8,0.6,0.9,0.7,0.7,0.7,0.6,0.7,0.7,0.8,0.6,0.6,0.6,0.5,0.6,0.3,0.4,0.4,0.5,0.5,1,0.7,0.6,0.7,0.6,0.7,0.8,0.8,0.5,0.5,0.5,0.2,0.5,0.4,0.4,0.7,0.9,0.7,0.7,0.6,0.7,0.7,0.6,0.7,0.5,0.9,0.9,0.7,0.5,0.9,1,1,0.8,0.9,1,,1,0.5,0.5,0.7,0.5,0.6,0.5,,0.8,0.6,0.8,0.6,1.1,0.8,0.8,0.7,,0.8,0.6,0.4,0.8,0.8,,0.7,0.6,1.1,0.9,0.8,,0.6,0.2,0.4,0.4,0.6,0.5,0.5,0.4,0.6,0.4,0.5,0.6,0.8,0.6,0.9,0.5,0.8,0.8,0.4,0.7,0.4,0.4,0.7,0.5,1.3,1.6,1.3,1.5,1.2,1.1,1.2,1.6,1.4,1.4,1.5,1.4,1.3,0.6,0.8,0.4,0.6,0.5,0.4,,0.9,0.7,0.6,,,,0.8,0.5,0.9,1,0.8,1,0.8,,0.8,0.7,1.4,1,0.7,0.7,0.4,0.6,0.5,0.6,0.7,0.3,0.5,0.4,1,,1.2,1.5,0.8,0.9,1,0.7,1.2,0.6,0.7,0.9,0.9,1.9,0.9,1,0.8,0.7,0.7,1.1,1.3,1.3,1,0.9,0.9,1.1,0.7,0.6,0.5,0.7,0.6,,0.5,,0.7,0.9,0.7,0.8,1,,,1.1,,0.9,1,0.9,,2,1.3,1.2,1.4,0.9,1.2,0.4,0.4,0.7,0.3,0.3,0.6,0.4,0.6,0.4,0.6,,0.4,,0.7,,0.4,0.9,0.7,1.1,1.3,0.6,1.1,0.5,0.4,0.4,0.5,0.4,0.6,0.6,0.7,0.6,,0.9,0.9,0.8,1,0.7,0.7,0.6,0.6,0.8,0.6,0.6,0.6,0.4,0.7,0.4,0.5,0.6,0.4,0.5,0.5,0.4,0.8,0.8,0.7,0.7,0.7,0.5,0.8,0.7,0.9,0.5,0.6,0.8,1.1,1.2,,0.9,0.8,,0.7,0.9,0.9,0.7,0.6,0.6,0.6,0.5,,,0.9,1.1,1.1,1.1,,1.1,,1.3,1.2,1.3,1.2,,1.3,1.3,,1.7,1.9,1.5,,1.6,1.6,0.8,1,1.4,1.5,0.8,1.1,0.5,0.5,,0.8,0.9,1.8,1.4,1.1,1.1,,0.9,0.8,0.6,0.6,0.5,0.8,0.9,1.2,1.1,1.1,1,0.8,0.8,0.7,0.6,1.1,1,0.7,0.7,0.5,0.8,0.5,,0.4,0.8,0.8,0.3,0.6,0.3,0.3,0.6,0.4,0.4,0.4,0.6,0.5,0.4,0.6,0.6,0.8,0.9,0.6,,,1,0.9,1.2,0.8,0.6,0.7,0.9,0.4,0.3,0.6,0.4,0.5,1.2,1.9,,1.3,1.6,2.4,2.1,1.1,1.7,1.2,1.5,2.4,1,1,0.8,1.1,1.7,1.5,1.1,1.1,1,0.8,1.1,1.1,1,0.9,,1,0.8,1.1,0.9,1.2,0.8,0.8,0.7,0.9,0.4,0.6,0.5,0.4,0.5,0.6,0.6,1.2,1.1,1,0.6,1.1,1.2,1.1,1,0.4,0.7,0.5,0.6,0.6,0.3,0.8,0.7,0.6,0.8,0.5,0.8,0.9,0.8,0.6,0.4,0.6,0.6,0.6,0.6,1,1.3,1,1.2,1,1.1,1.7,0.6,1,0.9,0.3,0.4,0.4,0.4,0.6,,,0.6,0.7,0.7,0.6,0.8,0.8,0.5,0.5,0.6,0.4,0.6,0.9,0.5,0.4,,0.3,0.8,0.8,1.3,1.2,1.4,1.4,1.5,1.6,1.6,1.4,1.2,1.2,1.3,1.4,0.9,0.9,1.2,1.1,1.1,1.3,1.2,1.1,1,,1,0.9,0.3,0.2,0.2,1,,0.5,0.5,0.4,0.7,0.3,0.7,0.5,0.7,0.8,1.5,1.2,1.9,0.6,0.8,0.8,0.9,0.8,0.2,0.5,0.6,0.3,0.8,0.6,0.3,0.5,0.1,0.6,0.7,1.1,0.5,0.6,0.4,0.5,0.4,0.5,0.6,0.4,0.4,0.6,0.8,0.8,0.6,0.5,0.9,0.6,0.6,0.6,0.6,0.6,,0.6,0.8,0.8,0.7,0.8,0.6,0.7,0.4,0.6,1,,0.6,0.5,0.6,0.8,,0.8,0.7,0.5,,,0.4,0.3,0.5,0.4,0.6,0.4,0.4,1,,0.9,0.9,,0.8,0.5,2.2,1.4,1.9,1.5,1.5,1.6,1.1,1.2,1.3,1.6,0.9,1.2,,1.1,1,1.4,1.2,,1.5,1.4,1.1,1.1,1.1,1.8,,2.1,1.4,0.8,0.8,0.5,0.5,0.4,0.5,,0.8,0.5,0.4,0.8,,,0.5,0.3,0.6,0.6,0.5,0.6,0.5,0.6,0.5,0.9,0.8,0.3,,0.6,0.5,0.8,0.7,0.6,0.3,0.5,0.8,0.7,0.6,0.3,0.8,0.4,0.9,1.1,0.9,0.8,0.9,0.8,1.2,1,,,0.2,0.8,0.7,0.6,0.4,0.6,0.4,0.4,0.5,0.5,0.9,0.6,0.9,0.4,0.6,0.5,0.4,0.5,0.3,0.4,0.3,0.5,0.6,0.3,0.5,0.6,0.4,0.7,0.6,0.5,0.4,0.3,0.8,,0.5,0.6,0.5,0.6,0.7,0.4,,0.5,0.4,0.3,,0.4,0.7,0.6,0.7,0.7,0.8,0.5,0.9,,0.8,0.3,0.7,0.5,0.6,0.5,1,0.4,0.4,0.4,0.5,0.8,,0.5,0.2,0.4,0.5,0.2,0.4,0.4,0.5,0.7,0.7,,0.7,0.6,0.5,0.6,0.4,0.7,0.7,0.7,0.6,0.7,1.7,1.4,0.8,1.2,0.6,0.9,1,0.9,0.6,0.8,0.6,0.7,0.7,0.9,0.8,0.7,1.1,0.9,1.1,0.9,0.3,0.9,1,0.9,1,0.5,0.7,0.7,1.7,0.9,0.8,0.9,0.4,0.3,0.3,1.2,1,0.9,0.6,1.2,0.7,1,0.9,0.6,0.7,0.6,0.8,0.7,0.6,0.7,0.8,0.5,0.4,0.9,1.4,1.1,0.8,1.1,1.9,1.5,1.5,,1.3,1.2,1.2,1.2,,1.1,1.2,0.8,,0.8,0.6,0.7,0.7,0.5,1.3,0.9,1.5,1.1,1,1,0.6,0.7,0.6,0.7,0.9,0.9,,0.8,0.8,0.9,0.8,0.7,1.1,0.8,0.5,0.5,0.8,0.9,0.8,1,0.6,1,0.6,0.8,0.8,,0.8,0.6,,1.1,0.8,1,0.9,1,0.9,0.6,0.8,1,0.8,0.6,0.8,0.8,0.6,1,0.7,0.5,0.5,0.6,0.5,0.6,1,0.4,0.8,0.8,1,1.3,1.8,1.6,1.5,1,0.4,0.4,0.5,0.5,0.4,1.2,1.2,1,0.9,1.4,0.9,2.3,1.5,0.9,0.7,0.8,1,1,1.1,0.8,1.1,0.9,0.8,0.8,0.7,1.1,0.9,0.7,0.5,,0.7,1,0.6,1,0.8,1.1,0.9,0.8,1.3,0.4,0.8,0.6,0.4,0.5,0.7,0.4,0.9,0.7,0.5,0.9,0.8,0.4,0.6,0.7,0.4,0.6,0.5,0.5,0.6,0.6,0.7,0.6,0.2,0.3,0.4,0.4,0.4,0.7,1,,0.5,0.4,0.4,0.4,0.5,0.6,0.5,0.6,0.7,0.3,,0.6,0.7,,0.5,0.6,0.6,0.5,0.5,0.6,0.5,0.5,,0.5,0.7,0.6,0.6,0.7,0.5,0.4,0.5,0.3,0.5,0.4,0.3,0.5,0.5,0.4,0.5,1,0.6,0.6,0.9,0.8,0.6,,0.5,1.2,0.9,0.2,0.6,0.8,0.9,0.7,0.4,0.3,0.8,1,0.6,0.8,,0.5,0.4,0.7,0.7,0.6,0.2,0.6,0.8,0.6,0.6,1.3,0.9,0.9,0.4,0.7,1,0.5,0.4,0.4,0.3,0.9,,0.2,,0.3,0.2,0.5,1,0.9,1,1.1,1.3,1.4,1.2,,0.8,0.7,0.8,0.9,0.5,0.6,0.2,0.5,0.6,,0.5,0.4,0.4,0.5,0.6,0.6,0.5,0.9,1,0.9,0.1,0.3,0.4,,0.8,0.7,0.1,1.3,0.8,0.9,0.6,1.1,0.5,0.6,1,0.8,0.8,0.6,0.6,0.7,1.8,1,1.2,0.9,0.9,1.5,1.6,0.3,1.1,0.8,0.4,0.4,0.9,0.6,1.2,0.5,,0.5,1,0.6,1,0.9,1,0.7,0.7,0.7,0.8,0.7,0.6,1.1,0.4,1.2,0.7,1.2,0.9,0.9,1.1,1.1,1.7,1.8,0.5,0.6,0.7,0.4,0.8,0.9,0.4,0.5,0.7,0.5,1,1.1,0.8,1.8,1.1,1,0.3,1.1,1,0.4,0.8,0.5,0.4,0.5,1.1,0.7,0.7,0.9,1.2,0.6,0.6,0.6,1.4,0.4,0.5,0.6,0.8,0.6,0.8,0.7,0.7,0.6,0.9,0.6,0.8,0.5,0.7,0.4,0.5,1.8,,1.3,1.2,1.1,0.8,1,0.6,0.8,0.3,0.8,0.6,0.6,0.5,1.1,1.4,0.3,0.8,1.5,0.4,0.4,0.3,0.3,0.7,0.3,1
20170820,7,AQI,102,68,112,80,112,98,78,61,62,80,117,72,,,98,,99,94,92,,100,92,90,,100,108,,103,111,93,92,73,85,69,77,73,120,83,103,98,28,26,43,48,58,97,120,122,99,84,73,115,80,103,74,52,48,57,60,48,71,66,51,68,39,67,63,,59,63,67,79,82,102,150,89,83,102,87,83,,,61,71,64,75,64,73,71,82,104,97,92,107,110,89,28,53,41,,,71,51,56,51,,71,35,63,29,39,36,37,27,43,39,40,30,41,43,,44,12,21,29,29,48,57,52,58,,41,56,38,48,47,21,69,28,70,23,24,26,31,18,16,26,22,25,22,14,21,16,15,17,20,24,18,21,27,32,42,25,27,32,35,38,21,23,49,22,45,,,,118,90,,87,97,79,,42,35,26,,23,77,37,27,42,28,36,43,21,,,,23,22,,25,23,18,32,32,,42,32,54,57,29,43,40,58,,43,,48,,29,44,28,33,28,26,35,38,36,28,45,19,42,50,52,52,,46,48,55,38,44,53,46,39,51,,,16,,32,25,,53,45,50,27,25,25,,24,26,57,60,60,28,30,,40,44,35,38,41,51,36,38,27,33,57,,74,63,61,63,42,38,52,75,79,66,76,78,84,25,,72,94,111,83,103,112,145,120,,31,29,20,25,25,26,29,35,24,64,67,70,63,60,52,63,65,59,63,42,38,59,43,60,38,54,42,55,59,44,77,62,52,73,48,42,52,55,32,33,,33,54,32,78,43,69,46,43,23,33,20,30,24,69,22,26,20,21,45,15,23,14,16,53,23,26,25,23,20,49,38,25,39,12,9,28,33,47,40,32,25,30,22,22,44,35,35,59,39,63,73,43,47,46,72,56,51,106,62,,61,22,20,30,23,23,38,,38,46,53,42,39,69,39,52,,36,52,52,36,82,,36,49,42,27,51,,28,54,23,28,15,25,35,38,30,26,21,39,25,23,54,35,46,60,16,15,17,17,19,17,83,74,67,73,77,72,69,67,70,70,57,94,72,29,23,35,28,26,29,,16,19,65,,,,47,52,37,59,75,51,60,,73,55,56,40,54,32,48,62,49,38,41,23,37,46,53,,64,65,58,62,72,58,54,51,52,56,80,246,67,72,34,41,43,40,137,137,77,73,45,58,51,80,73,79,57,,49,,28,25,43,24,57,,,85,,70,28,36,,69,65,67,72,73,45,70,55,72,63,75,29,30,26,34,26,,62,,48,,65,51,63,54,19,30,63,34,35,35,26,29,27,53,40,54,,78,92,75,65,78,73,68,25,48,33,56,24,29,20,18,30,15,19,18,19,41,52,48,57,21,13,20,66,55,53,39,32,30,88,122,,54,58,,28,36,45,30,22,41,45,29,,,70,79,80,110,,40,,43,39,62,64,,69,64,,64,68,58,,59,95,85,69,109,79,52,58,63,44,,29,27,40,39,51,30,,55,38,13,39,19,51,31,34,63,39,52,48,62,,60,60,50,29,32,26,32,26,,12,49,49,53,32,42,51,40,107,65,30,44,36,25,48,27,16,22,22,20,,18,17,17,26,65,52,58,54,72,56,58,27,97,166,,94,118,110,114,58,88,67,69,78,53,54,57,62,112,98,97,89,104,108,84,120,87,89,,82,39,35,35,50,28,34,36,43,33,48,46,43,39,42,53,42,37,62,27,55,57,22,25,31,56,38,51,16,22,12,8,48,47,46,43,51,67,8,12,35,38,35,38,33,44,48,38,74,50,49,30,52,54,59,58,55,63,60,,,64,28,42,42,54,52,53,59,69,54,49,63,46,73,,49,34,51,59,67,68,67,48,67,53,68,67,80,103,97,28,36,35,39,35,45,46,42,65,,73,72,42,17,18,34,,22,29,62,35,31,26,44,29,29,50,54,53,43,46,67,67,23,26,43,32,37,43,57,50,29,30,27,10,48,38,48,55,32,25,22,26,18,23,26,28,25,26,17,21,20,20,32,45,25,,18,21,28,42,35,14,15,14,19,10,,14,13,36,38,,48,35,55,,,47,52,46,85,38,48,68,58,,65,68,,69,89,137,114,105,100,100,108,58,80,57,57,43,65,,54,55,82,73,,67,89,69,53,67,73,,73,31,28,30,67,115,46,20,,45,42,47,73,,,46,36,28,35,45,39,35,60,68,78,97,71,,62,63,74,35,30,36,33,69,62,67,51,39,45,31,28,24,23,34,36,25,49,,,45,28,43,32,38,58,54,40,38,46,105,10,47,63,27,13,16,16,19,52,38,51,55,22,29,45,18,42,32,33,39,41,35,,65,33,65,41,28,45,,29,60,58,,35,73,79,75,27,28,29,36,,17,38,57,55,52,34,32,35,23,16,25,47,,50,40,38,40,46,30,24,31,44,59,,63,65,24,16,28,54,57,44,52,44,73,59,57,54,62,48,68,53,63,58,66,52,39,33,33,59,80,77,80,68,12,70,65,68,52,48,52,47,48,47,35,59,51,54,40,112,99,68,72,114,79,84,80,80,39,47,43,40,49,46,64,53,57,51,50,51,58,68,74,59,58,,73,87,72,49,,53,49,69,,65,93,70,72,88,84,79,130,90,80,92,87,77,63,93,109,89,,57,61,69,53,27,40,39,43,134,123,75,153,53,70,50,50,51,53,,40,46,,51,35,40,35,43,25,19,18,46,42,40,53,54,56,36,49,39,45,55,70,32,22,52,58,42,59,36,57,68,61,56,28,28,42,35,21,31,35,47,52,60,33,33,44,43,46,7,36,48,60,70,80,80,44,53,44,54,30,29,52,,65,50,33,40,39,50,61,50,54,22,47,53,49,43,29,45,26,24,28,54,57,53,43,54,44,55,46,45,51,46,49,50,53,43,48,49,50,57,61,,51,57,41,38,,47,61,52,46,43,,26,37,,44,65,57,56,49,4,4,6,,25,12,22,28,27,30,30,50,32,39,24,18,19,19,17,44,16,65,48,18,19,16,,16,20,22,50,53,83,23,19,40,30,34,18,25,34,,37,35,19,22,28,27,15,22,10,18,26,32,35,14,13,18,21,18,18,16,25,,26,,11,14,28,49,54,49,48,44,50,51,,35,19,29,30,29,27,21,49,51,,15,16,15,48,47,85,64,62,62,63,32,28,52,,35,22,25,48,28,28,23,45,14,40,26,23,25,29,27,28,32,51,32,65,51,44,48,20,39,35,30,33,46,52,74,129,,86,131,112,78,56,67,9,15,20,33,51,70,23,46,59,26,113,118,69,97,62,73,63,40,23,17,59,30,25,54,46,49,42,99,42,16,52,28,39,23,46,30,55,14,26,19,73,77,75,44,67,43,63,48,63,55,19,36,13,60,16,24,19,89,62,31,35,22,51,33,51,46,66,,95,49,137,108,59,84,70,26,102,29,61,25,88,75,32,103,64,27,67,48,40,50,23,63
20170820,7,PM2.5,76,49,84,59,84,73,57,40,44,59,88,52,,,73,,74,70,68,,75,68,67,,75,81,,77,80,69,68,42,63,28,51,48,75,43,64,59,17,11,28,15,23,72,91,92,74,62,51,87,59,77,54,36,31,22,29,33,5,20,29,24,12,48,37,,40,45,42,58,57,76,115,65,61,76,58,61,,,41,50,46,45,46,36,49,52,70,72,63,60,83,66,16,35,24,,,43,33,39,32,,35,21,45,20,27,25,21,15,30,24,28,21,15,14,,13,8,8,20,10,14,18,18,16,,16,16,21,19,22,13,28,19,9,8,,13,2,12,8,14,3,10,2,6,1,,6,,,6,,,17,12,29,2,16,10,18,14,11,11,21,15,22,,,,89,45,,28,43,48,,29,19,18,,11,56,17,7,29,16,17,30,12,,,,13,13,,10,9,12,22,14,,29,22,24,21,16,30,22,41,,13,,33,,20,26,18,18,19,18,24,26,17,15,28,9,28,35,36,35,,32,33,33,23,25,29,32,22,27,,,8,,22,16,,26,29,31,12,17,16,,12,18,40,40,43,19,21,,11,21,19,18,17,28,19,26,13,16,24,,37,33,29,32,29,13,35,45,28,13,50,42,45,14,,38,61,82,57,77,84,111,91,,5,7,9,5,2,7,6,2,7,44,48,51,44,43,36,44,47,29,33,24,17,30,29,36,18,24,26,22,42,22,56,33,26,32,25,20,26,35,22,23,,19,25,22,57,29,50,21,30,14,18,12,13,14,38,12,14,13,13,30,10,16,8,11,37,16,18,9,15,14,34,26,17,8,6,,15,23,17,28,22,17,21,15,15,20,24,24,30,27,45,42,23,25,24,37,23,31,29,33,,32,6,10,21,6,16,26,,19,24,26,27,18,25,21,24,,21,19,12,19,30,,21,31,29,15,20,,18,30,3,19,9,17,10,14,21,18,11,19,11,16,14,19,13,24,3,,3,2,,2,61,54,48,53,56,52,50,48,51,51,40,70,52,20,14,13,19,8,20,,1,12,22,,,,21,26,9,29,41,26,20,,19,26,34,20,31,17,33,44,34,18,24,16,20,19,19,,29,47,32,39,50,41,38,27,36,34,56,196,45,52,20,25,26,21,104,104,56,53,31,36,35,41,32,41,25,,34,,9,9,14,10,40,,,63,,51,18,25,,34,35,33,46,50,31,32,27,39,20,49,7,12,10,12,7,,28,,27,,42,26,45,29,12,21,22,22,24,24,8,10,11,19,19,29,,57,68,55,47,57,53,49,17,33,14,37,12,11,14,12,18,10,10,12,13,23,33,33,36,13,9,14,43,31,32,27,22,13,65,92,,38,41,,19,25,28,21,15,25,28,7,,,48,58,59,41,,28,,30,27,44,46,,50,46,,37,49,41,,42,65,63,50,82,58,28,28,32,27,,20,16,20,27,25,21,,28,21,8,15,11,25,17,21,45,18,11,22,44,,43,36,35,13,10,7,13,9,,8,24,16,25,15,23,21,20,54,30,13,22,25,17,33,7,8,9,4,8,,6,9,9,11,21,18,23,15,28,26,27,14,70,126,,70,89,83,86,41,65,48,50,57,37,38,40,44,84,73,72,66,78,81,62,91,64,66,,60,23,22,24,16,18,18,18,22,23,33,29,30,26,29,37,29,24,44,10,21,10,15,17,16,31,26,24,11,,1,5,33,32,32,30,30,30,5,3,24,26,24,25,23,30,33,26,39,32,20,18,18,26,42,33,39,45,43,,,46,19,29,25,38,36,37,42,39,31,33,16,19,22,,29,23,18,42,48,49,48,33,48,36,44,33,25,61,72,19,25,24,27,24,31,32,29,39,,53,52,10,6,9,20,,12,2,44,24,1,5,8,13,12,15,23,18,29,26,48,48,6,6,27,20,24,12,40,26,20,21,3,7,19,16,13,20,4,6,11,17,12,5,11,17,17,15,11,,12,14,21,16,16,,4,6,19,29,24,8,10,9,13,4,,3,1,19,26,,33,20,34,,,24,19,24,34,15,30,30,41,,47,49,,36,66,104,86,79,75,75,81,39,33,40,35,30,47,,38,39,60,39,,48,66,50,35,48,46,,53,17,19,20,26,87,25,12,,31,18,8,53,,,4,6,18,22,31,11,12,43,48,50,72,48,,43,36,35,18,19,25,18,41,44,40,28,24,17,12,18,15,9,12,23,16,16,,,11,13,24,19,13,37,36,16,26,20,34,4,28,20,17,5,9,11,6,26,22,20,21,15,20,16,10,27,22,23,7,11,15,,46,23,47,17,13,27,,14,43,9,,24,53,58,55,16,9,6,25,,9,20,40,39,23,22,5,15,1,8,13,24,,29,19,26,28,10,3,5,3,17,42,,33,47,3,1,4,30,40,29,36,22,53,42,38,38,44,33,49,37,33,33,32,27,27,22,20,42,59,56,49,49,7,33,34,41,30,33,36,21,27,27,23,31,32,27,26,84,74,49,52,86,58,62,59,59,27,30,26,21,24,32,46,37,40,31,35,34,41,48,54,42,41,,53,64,52,34,,37,34,50,,47,69,51,52,65,62,58,99,67,59,67,53,53,22,69,82,66,,33,39,12,37,10,28,27,30,102,93,52,117,37,51,21,32,28,36,,21,28,,24,24,28,19,30,17,13,10,29,29,28,29,28,31,25,28,27,31,34,51,22,13,29,41,12,17,25,40,18,21,16,14,19,29,24,6,20,24,24,23,31,14,23,26,30,32,1,12,22,43,51,59,59,22,24,25,32,21,20,32,,39,27,23,28,27,29,31,34,38,12,20,19,25,25,20,25,2,8,4,6,40,37,30,26,13,39,28,23,34,31,34,28,29,11,19,33,32,28,33,,16,40,25,26,,29,35,34,32,30,,17,19,,11,24,23,21,12,2,2,4,,17,8,15,13,17,19,21,27,11,22,12,9,9,11,8,10,10,26,30,8,10,10,,6,12,13,22,37,23,11,10,28,21,6,11,17,17,,12,20,11,10,12,6,10,15,7,8,14,10,,,,12,3,3,1,,3,,1,,3,4,19,26,31,27,33,25,28,25,,16,13,16,18,12,9,9,34,33,,8,3,8,25,21,23,21,44,44,45,12,19,10,,12,6,16,33,19,19,16,31,4,28,4,4,17,6,7,15,5,10,14,19,24,20,20,6,21,14,9,13,30,26,2,46,,53,69,84,53,28,29,5,3,14,17,34,27,12,27,42,18,85,89,50,62,44,53,42,11,16,6,42,16,12,34,32,25,24,74,29,11,18,11,7,16,21,16,35,9,17,13,53,48,46,26,48,30,19,28,45,30,13,25,9,20,11,15,10,49,44,19,24,12,24,17,26,16,46,,71,34,104,81,42,62,51,9,76,19,22,14,65,30,22,77,46,10,48,33,3,24,8,45
20170820,7,PM2.5_24h,44,40,48,38,48,47,38,46,33,43,47,49,,,42,,42,41,40,,38,41,30,,41,44,,59,63,52,70,47,57,37,40,39,52,42,51,44,16,19,27,17,25,73,90,85,66,44,41,62,58,52,45,31,35,17,28,34,12,10,22,15,22,37,33,,37,31,35,43,43,41,47,53,50,59,50,40,,,39,33,36,33,34,34,53,50,54,63,50,54,65,58,18,26,32,,,29,33,27,29,,33,18,15,18,16,14,18,15,20,18,16,16,13,11,,10,6,6,9,10,12,23,22,12,,25,22,23,24,23,17,17,21,28,28,37,30,23,34,29,25,25,28,13,11,13,11,17,7,14,15,8,21,21,20,19,13,22,18,18,25,24,21,28,24,14,,,,26,15,,11,17,20,,30,28,22,,17,28,19,20,27,24,24,25,20,,,,18,18,,25,21,24,20,23,,23,15,14,15,13,18,20,17,,6,,20,,15,26,25,17,30,24,27,29,26,24,27,17,25,33,34,27,,33,28,27,41,33,34,43,39,29,,,16,,30,30,,29,33,35,20,22,19,,26,20,35,37,43,21,24,,15,19,14,16,20,23,22,19,15,17,32,,33,34,34,39,33,14,27,36,24,19,41,33,33,24,,32,39,52,34,45,50,61,52,,12,12,13,9,13,10,13,10,15,51,56,63,54,58,123,50,50,49,24,19,19,19,30,26,20,22,21,17,30,21,33,27,21,23,23,19,23,29,25,22,,25,23,24,48,20,44,23,27,16,16,14,14,12,27,14,13,13,13,28,9,13,6,13,31,30,27,12,19,23,39,33,16,13,12,4,12,15,18,23,27,28,37,29,20,23,26,22,20,21,35,32,32,29,25,28,23,21,25,28,,28,6,8,13,8,11,19,,22,16,22,14,10,18,17,20,,17,12,12,17,14,,17,28,26,14,20,,18,24,7,18,6,14,9,12,19,16,8,17,12,17,11,19,22,20,10,6,6,5,10,3,51,43,38,46,50,52,42,59,37,36,37,55,44,25,24,13,26,19,8,,27,29,26,,,,25,18,15,20,24,22,14,,12,20,30,26,23,22,32,30,24,21,22,14,18,19,22,,41,59,56,52,55,50,57,44,56,56,33,63,22,27,16,18,18,18,38,33,31,27,29,26,27,29,26,29,24,,16,,11,11,13,11,40,,,48,,42,25,26,,31,26,29,37,33,26,19,13,14,8,28,19,19,19,19,23,,27,,28,,22,23,27,21,18,20,22,12,9,10,14,13,17,19,18,28,,58,55,53,47,54,22,24,16,26,18,30,10,10,10,11,13,11,5,11,16,21,28,36,37,12,11,16,31,26,30,11,13,13,44,52,,34,28,,25,32,26,27,17,23,23,7,,,38,39,48,32,,29,,34,30,38,41,,37,41,,51,60,54,,54,49,53,49,54,44,25,19,22,24,,17,12,14,20,19,14,,29,20,13,17,10,21,13,17,25,13,19,14,30,32,28,28,29,13,10,8,9,10,,8,24,15,20,14,23,16,21,22,19,11,10,21,17,16,13,17,17,17,19,,16,20,17,22,25,24,27,19,28,26,35,15,55,90,,61,74,59,67,52,64,55,54,66,48,49,52,59,71,65,67,63,42,56,44,57,46,50,,43,19,24,19,17,15,21,20,22,25,24,32,23,21,26,26,24,28,29,9,17,19,14,14,15,24,25,18,19,11,8,18,25,26,25,26,33,22,9,7,25,26,24,28,20,28,32,24,35,29,22,18,16,18,34,33,38,26,51,,,44,15,16,23,30,25,29,32,35,33,29,17,20,13,,21,21,19,34,40,35,40,28,37,33,36,31,24,40,51,53,61,58,71,57,70,58,59,29,,37,33,7,12,6,20,,16,16,24,22,5,8,17,11,17,27,37,19,25,25,35,36,14,14,15,11,19,13,23,24,21,20,21,20,23,22,13,21,9,8,11,13,10,10,22,24,23,23,25,,29,25,24,24,25,,11,17,32,29,33,17,18,17,22,16,,24,24,17,22,,26,26,25,,,18,15,25,21,15,15,20,25,,30,37,,34,36,66,68,61,53,57,58,38,39,37,39,34,36,,27,27,34,27,,28,34,36,26,26,51,,50,32,30,31,9,23,14,22,,39,36,30,43,,,12,9,14,16,34,27,25,34,29,31,37,23,,24,18,24,36,29,29,27,28,27,30,19,23,27,15,18,14,13,12,19,13,11,,,9,12,12,14,17,28,29,20,26,14,24,5,27,14,19,7,8,12,7,17,18,13,17,10,19,21,16,21,16,18,21,12,15,,38,28,39,12,17,16,,20,24,16,,27,20,21,20,22,26,26,39,,41,19,50,38,35,25,9,12,15,18,22,12,,19,8,15,16,13,14,10,17,13,21,,26,39,11,7,14,35,47,31,26,36,40,35,33,33,39,30,43,35,32,34,35,31,28,30,23,38,42,41,47,36,5,22,19,22,16,26,28,28,27,33,20,28,27,24,27,67,56,50,53,66,52,54,46,50,28,26,25,25,27,32,34,26,33,29,37,36,38,42,60,56,55,,52,64,56,38,,40,36,45,,44,38,32,36,37,35,24,32,24,31,35,32,31,23,26,29,22,,27,30,18,29,31,35,37,31,43,40,31,51,29,35,15,21,19,20,,11,25,,19,22,20,16,29,19,17,18,31,30,28,19,20,23,21,20,27,30,32,35,31,18,20,33,13,14,14,27,17,13,14,10,20,18,17,15,19,18,20,14,25,20,24,27,26,27,10,18,22,38,41,50,40,22,29,20,22,24,28,27,,32,23,33,38,35,31,29,35,32,12,20,18,22,21,19,23,6,8,11,9,43,36,34,34,30,35,24,34,24,24,24,24,17,12,17,28,20,30,26,,16,24,21,23,23,26,22,29,23,34,,17,18,,9,22,21,26,15,4,5,6,,9,8,12,11,11,13,22,29,9,15,24,10,10,10,9,10,11,23,26,10,10,10,,9,10,14,17,14,17,18,11,27,18,20,11,9,11,,9,17,12,9,11,14,9,15,9,13,10,12,3,3,11,18,8,6,4,3,22,,6,,3,4,23,28,29,30,40,33,31,28,,16,14,26,22,22,14,9,24,29,,18,6,10,19,26,18,20,30,35,36,14,12,18,,16,14,22,44,28,25,16,29,5,21,24,13,22,18,19,22,13,23,20,20,33,21,21,12,21,16,11,17,22,26,13,43,,52,72,87,27,20,28,10,7,8,13,24,13,13,23,38,23,50,46,32,46,35,33,39,13,21,26,33,31,18,27,30,26,20,46,28,10,14,12,13,22,27,22,25,19,16,12,42,43,40,39,31,26,21,22,36,22,23,16,24,13,16,20,6,21,18,16,15,18,19,15,19,10,56,,34,38,74,56,32,53,44,12,43,21,24,17,49,29,25,36,59,17,28,20,15,15,11,39
20170820,7,PM10,,80,,,88,,79,71,53,68,,76,,,112,,79,77,88,,94,94,,,129,,,126,172,128,89,95,86,88,104,95,189,116,155,145,28,26,43,48,66,128,173,125,125,,95,,85,,77,44,48,63,70,48,92,81,51,85,39,65,76,,67,69,83,84,113,81,129,128,105,96,124,104,,,71,92,78,99,69,96,92,113,158,143,134,164,120,112,28,55,41,,,92,52,61,51,,92,35,,26,39,32,37,27,33,39,,29,41,43,,44,11,21,,29,48,64,54,65,,41,61,38,48,47,21,88,24,89,12,17,17,16,16,14,19,19,17,12,,7,,9,12,,6,6,15,,32,,25,27,32,35,38,13,11,49,22,45,,,,114,130,,124,143,107,,38,35,19,,23,81,37,27,,24,36,,21,,,,23,22,,25,23,13,32,32,,37,32,57,64,29,43,40,,,43,,35,,23,44,28,33,27,23,33,36,36,28,45,19,42,45,42,53,,37,47,59,38,44,55,40,39,51,,,16,,32,25,,55,45,50,27,25,25,,24,,55,70,61,26,30,,40,44,35,38,41,52,36,36,27,33,63,,98,75,72,76,37,38,53,99,107,82,102,106,117,25,,93,137,171,115,117,163,133,133,,23,22,15,23,12,17,11,35,14,78,63,59,75,54,54,76,61,68,75,42,38,68,43,70,38,57,42,60,53,44,89,73,53,95,48,42,53,59,27,28,,33,58,25,102,43,76,46,30,23,33,19,30,24,87,17,26,20,18,45,13,18,14,12,,17,,25,23,17,35,26,20,39,12,9,28,,47,,,20,,22,17,44,,30,67,31,68,95,43,47,46,94,62,51,162,74,,72,22,20,23,23,17,37,,38,46,56,42,39,88,39,54,,36,54,54,36,114,,36,49,39,27,52,,28,57,23,,15,20,35,38,22,19,21,39,25,,58,35,46,69,5,3,,,4,2,69,72,69,91,82,69,65,70,61,72,56,76,84,,23,,24,9,23,,4,19,80,,,,47,54,37,67,99,52,70,,96,59,41,40,57,32,36,,41,38,41,,37,46,56,,77,47,65,74,93,64,58,52,47,62,110,347,84,88,34,41,43,40,128,186,70,63,,66,51,110,95,107,64,,37,,28,25,43,24,58,,,79,,83,28,35,,87,80,84,93,95,36,90,60,94,76,100,19,,14,20,13,,73,,48,,79,52,,58,12,27,76,34,32,34,18,21,22,55,40,57,,82,69,82,69,72,55,71,24,48,33,62,24,29,,,30,12,19,,19,41,54,46,64,21,11,15,81,60,55,,27,30,108,,,58,55,,24,32,45,29,,41,45,29,,,90,72,63,170,,40,,30,32,54,56,,66,55,,77,71,66,,51,139,78,83,167,99,53,65,75,44,,22,27,40,33,51,26,,59,38,13,39,19,52,31,34,74,39,54,48,59,92,63,69,50,29,32,26,32,26,,10,49,49,56,32,42,52,40,164,79,30,44,30,24,33,27,10,15,12,8,,,15,16,26,79,53,66,57,93,62,65,24,144,137,,129,99,150,155,48,91,62,61,90,49,54,54,54,166,126,133,100,124,96,85,116,85,75,,74,39,35,29,50,28,34,36,43,27,,46,39,39,,53,42,37,,27,60,64,18,,31,61,38,51,13,22,12,,43,47,37,42,52,84,5,12,24,32,34,38,30,44,41,38,98,50,49,30,53,57,62,66,47,49,56,,,52,24,33,42,44,41,47,59,87,57,49,76,46,95,,49,34,52,59,61,59,63,44,48,56,86,84,109,155,106,,,29,,,,,,79,,63,60,42,8,,34,,,6,66,,18,17,44,27,24,50,57,55,43,46,75,67,11,13,43,32,37,43,,50,24,,14,10,48,38,48,60,32,15,,,17,14,26,28,,26,17,21,20,17,32,45,25,,16,19,22,40,29,14,,,14,6,,11,5,36,30,,45,35,59,,,47,54,46,120,38,48,85,63,,66,59,,88,125,117,124,108,119,129,153,66,110,56,64,,63,,52,56,76,96,,69,98,82,56,60,96,,63,31,23,28,83,119,46,20,,,42,47,58,,,46,36,22,30,,39,16,55,86,105,120,92,,74,75,97,35,30,34,33,88,61,84,52,39,45,31,28,24,23,34,36,25,49,,,45,28,43,32,38,66,58,40,,46,160,10,47,76,27,13,16,16,19,54,38,52,60,20,27,45,18,42,30,25,39,41,35,,80,28,,41,28,45,,29,,65,,35,78,,89,,27,29,,,17,38,45,,54,34,32,35,19,16,25,47,,50,40,35,40,46,30,24,31,44,,,76,54,5,6,,57,44,44,,44,72,44,64,56,57,45,64,50,76,66,82,54,37,33,33,60,68,93,110,75,12,89,79,85,54,43,54,47,48,47,35,67,51,58,40,98,119,67,61,112,71,87,82,74,36,47,43,40,49,43,,42,60,52,44,51,62,85,83,68,63,,56,81,76,47,,48,49,56,,54,87,82,78,,77,76,118,81,94,133,124,103,75,77,98,74,,64,72,88,55,10,38,,43,,105,100,,43,57,50,50,51,56,,40,46,,51,25,36,35,32,24,17,18,46,36,40,55,57,62,35,49,37,37,59,63,32,22,53,53,42,68,29,64,86,71,61,28,21,42,29,21,31,34,47,54,70,33,,44,39,36,2,36,48,65,74,75,,44,56,44,58,23,21,54,,79,50,24,,33,50,71,50,54,22,47,56,49,43,25,45,26,24,28,57,53,46,37,57,44,43,46,45,51,46,43,50,56,43,48,49,50,64,71,,52,55,41,29,34,47,71,54,39,39,,26,37,,44,80,64,61,49,2,2,6,,,12,17,28,27,30,29,50,32,39,24,18,19,19,17,44,16,80,48,18,19,16,,16,20,22,50,48,115,23,19,,22,34,18,20,34,,37,35,19,22,28,27,,,,18,26,32,35,14,8,12,4,10,2,7,25,,4,,,14,24,49,58,49,44,44,50,51,,35,17,29,30,14,16,21,44,52,,,16,15,48,47,120,78,60,62,61,32,,54,,,20,,,,,,34,5,,14,17,,7,12,,32,52,32,80,51,44,48,8,39,35,30,33,46,53,82,208,,121,212,150,105,62,83,9,13,,33,51,89,23,46,54,24,148,,55,143,67,70,75,40,,9,53,30,25,58,,49,42,125,37,15,53,28,39,17,46,30,59,10,26,18,,104,100,44,68,38,75,48,61,59,18,33,12,70,15,24,19,128,50,31,35,22,51,33,52,46,82,,109,45,,108,68,,66,13,78,29,72,25,83,99,,103,67,27,75,42,40,50,,
20170820,7,PM10_24h,,54,,,56,,69,57,45,64,,78,,,69,,56,59,54,,58,52,41,,57,44,,103,102,92,91,78,68,82,74,69,116,104,106,87,28,30,46,50,47,124,145,115,98,55,63,69,73,65,58,60,47,61,65,67,62,50,41,51,36,51,48,,49,48,57,57,63,53,62,88,84,77,90,73,,,61,55,64,67,48,79,100,102,110,133,105,106,93,99,31,40,46,,,56,50,44,49,,68,29,24,26,29,29,31,21,24,28,20,39,57,35,,33,14,17,23,22,36,97,77,69,,80,77,77,74,63,44,44,61,62,52,40,52,56,54,51,42,44,48,38,34,34,23,35,36,49,32,30,36,46,40,40,36,40,44,38,60,44,66,69,67,26,,,,51,39,,40,39,54,,58,69,44,,42,53,48,40,63,47,42,53,30,,,,34,36,,50,51,49,43,48,,40,26,30,30,28,33,26,16,,25,,29,,21,46,43,25,44,34,38,44,50,41,44,31,41,49,44,42,,35,40,52,54,58,58,58,58,53,,,32,,57,44,,63,51,52,34,30,30,,42,32,51,54,55,39,42,,39,36,29,28,36,40,44,33,31,31,65,,70,67,70,75,46,30,44,71,78,59,86,82,81,35,,77,81,116,78,82,109,87,96,,38,32,30,37,25,24,25,51,25,82,80,80,81,74,79,81,78,95,65,54,60,47,59,65,56,55,54,44,54,34,70,59,40,55,46,42,51,50,49,49,,42,51,34,80,42,62,47,45,20,25,18,34,21,47,24,22,20,14,40,13,15,13,21,50,49,51,33,35,36,54,44,28,27,21,14,32,34,35,32,51,50,52,46,32,56,54,51,56,47,61,58,46,56,43,57,48,37,65,60,,63,16,17,20,21,21,32,,42,32,51,50,36,64,46,55,,31,36,38,38,50,,32,40,35,28,59,,29,46,28,33,21,26,37,36,31,31,40,38,30,27,37,36,33,48,15,12,10,11,20,14,74,70,64,89,85,78,64,114,47,63,54,89,94,71,64,35,58,53,25,,40,61,56,,,,59,61,41,70,64,50,45,,41,44,58,44,46,39,38,47,45,38,38,18,29,42,55,,82,80,81,90,94,103,84,66,73,103,59,95,46,45,31,31,32,40,68,63,49,49,75,45,45,63,58,63,49,,26,,28,33,32,27,54,,,68,,72,34,34,,76,62,65,74,71,40,45,33,39,32,68,36,36,34,25,36,,53,,55,,50,40,35,40,42,41,64,26,19,21,29,30,29,42,37,55,,77,72,77,73,75,47,50,30,45,38,51,23,22,18,15,30,15,17,28,27,35,49,67,59,20,20,22,56,52,53,18,23,24,91,61,,61,57,,46,54,46,48,27,48,50,28,,,74,62,61,97,,43,,50,40,48,49,,50,51,,76,73,77,,73,84,66,81,109,75,44,55,52,37,,21,25,40,29,44,20,,49,52,28,35,17,44,42,30,44,46,42,35,51,52,45,53,45,34,30,28,27,30,,11,58,47,56,26,54,58,43,63,58,31,32,28,24,29,24,39,32,39,37,,45,44,43,52,64,45,55,36,66,54,71,28,108,110,,104,101,115,112,71,96,84,81,99,74,75,71,73,107,99,92,89,80,81,65,84,64,69,,51,45,64,59,52,50,43,40,46,29,28,42,37,39,26,44,31,40,40,27,45,57,30,23,27,46,43,48,26,27,23,39,37,46,31,44,65,76,17,17,33,39,37,43,36,45,44,38,46,58,47,29,49,46,51,61,45,38,70,,,60,36,39,43,38,43,47,61,72,47,51,59,37,46,,39,36,43,58,62,62,73,41,48,63,58,66,72,88,97,118,127,114,120,121,123,134,134,69,,52,45,23,21,15,40,,40,44,50,62,47,23,44,27,40,85,85,91,40,32,67,62,34,19,23,23,34,36,34,37,30,,31,34,49,45,46,45,23,23,19,16,21,20,53,49,50,42,44,34,41,45,47,65,61,,34,40,44,46,44,37,33,29,35,19,,44,38,36,37,,36,48,49,,,34,29,44,51,34,26,40,51,,49,56,,76,75,95,94,87,81,117,109,51,66,59,72,64,44,,42,41,46,53,,39,50,57,50,42,98,,76,65,66,62,25,37,26,43,,101,89,105,41,,,40,54,21,29,54,75,40,61,51,48,68,63,,38,41,53,57,39,53,40,62,44,71,40,46,38,28,28,23,26,31,38,29,41,,,43,32,27,26,40,70,76,45,53,56,121,27,64,43,34,13,22,20,18,33,38,41,57,17,56,91,31,44,36,32,35,34,27,,66,43,46,34,34,36,,45,40,49,,36,43,42,49,38,46,58,64,,59,41,57,50,62,30,43,34,37,41,41,39,,38,33,32,36,44,35,28,29,36,36,,61,63,28,30,28,64,59,55,36,56,65,47,62,57,56,46,65,56,59,60,72,65,52,50,51,54,68,68,91,63,13,68,49,51,47,36,53,56,60,70,33,52,44,49,41,86,93,77,75,93,67,77,71,74,41,42,47,40,52,40,41,37,53,42,51,60,64,75,89,92,83,,76,81,77,61,,62,60,59,,53,54,50,49,41,53,37,47,48,59,70,63,66,49,35,42,36,,42,63,59,46,42,54,52,48,58,61,57,56,42,50,44,45,50,48,,39,42,,50,22,31,26,35,36,25,23,53,45,40,42,40,49,41,36,41,45,54,61,46,31,41,43,31,34,32,51,74,46,54,25,27,33,41,31,37,38,50,62,64,32,37,41,47,33,22,47,68,63,68,84,60,76,44,38,45,49,50,51,,62,57,67,65,56,58,66,50,54,25,57,48,39,41,36,38,37,44,34,66,75,43,45,71,52,52,35,44,32,36,32,35,48,34,31,43,44,60,65,,56,52,34,33,36,45,56,42,34,38,,27,34,,44,77,59,79,56,12,8,12,,22,13,16,22,23,27,31,50,37,54,35,18,21,16,20,45,54,67,42,26,19,16,,20,27,25,42,46,75,54,29,23,21,37,27,18,22,,28,35,20,26,27,41,19,30,27,23,28,50,52,26,34,62,13,15,11,16,72,,15,,13,28,36,54,54,52,60,55,50,52,,32,28,40,33,85,58,29,40,45,,37,14,18,46,46,50,45,52,56,54,37,30,56,,25,29,37,80,46,36,35,39,11,34,49,59,46,77,69,77,59,71,46,57,103,75,67,14,38,30,34,43,60,79,83,207,,162,328,237,61,41,66,23,28,17,39,41,42,24,40,44,31,72,52,50,104,47,41,85,43,51,42,40,47,38,45,38,41,34,89,37,16,55,35,40,30,44,40,50,35,25,18,53,71,70,51,51,50,57,53,67,52,38,30,47,31,27,33,12,47,32,27,28,29,47,41,49,32,92,,64,58,96,105,69,54,62,28,51,36,54,31,63,70,42,52,79,38,43,31,55,34,23,48
20170820,7,SO2,2,2,3,2,2,4,3,2,2,2,3,2,,,10,,10,2,5,,7,5,13,,36,3,,9,30,8,1,9,10,3,37,26,68,41,65,50,9,3,16,11,15,7,17,18,12,10,18,8,5,5,8,6,13,17,6,6,5,7,9,2,5,11,19,,8,15,18,20,5,7,7,11,14,13,17,9,,,9,72,9,10,7,12,14,11,14,10,13,8,11,10,4,11,9,,,12,26,15,7,,36,7,7,8,12,9,6,6,4,6,7,7,8,7,,8,5,8,10,4,16,9,6,4,,4,14,16,18,14,8,13,10,4,6,7,5,5,6,7,4,8,7,10,18,11,22,10,11,8,11,8,6,8,16,6,3,9,5,9,17,26,29,11,26,6,,,,37,18,,19,52,30,,23,10,11,,3,9,6,5,5,8,7,9,18,,,,10,8,,7,7,6,7,10,,5,9,7,16,4,3,10,9,,8,,16,,8,10,6,7,7,7,10,15,7,12,12,4,7,6,14,4,,7,8,7,15,11,14,13,5,7,,,7,,9,5,,6,7,7,6,9,10,,8,5,31,24,16,5,5,,7,5,3,18,5,18,9,13,25,6,5,,6,7,5,11,2,11,10,74,67,75,56,49,19,2,,72,7,17,24,6,13,20,20,,2,3,4,1,9,6,6,13,6,5,12,12,7,7,8,10,7,8,21,5,3,25,6,6,2,5,4,7,27,14,23,14,35,14,26,4,16,17,13,12,,16,49,20,25,13,4,9,9,10,7,8,10,6,12,13,3,8,9,9,2,4,3,7,8,2,7,14,8,11,35,18,13,11,5,5,9,6,10,6,10,13,15,8,9,13,15,10,12,6,15,26,11,25,7,22,11,8,8,15,,8,3,6,6,3,6,21,,20,18,11,28,10,12,12,21,,25,16,21,8,25,,8,7,18,9,7,,5,24,11,3,5,7,6,5,6,6,8,16,17,9,12,23,29,46,7,11,12,9,8,9,8,2,7,6,9,5,7,9,13,7,5,12,10,6,2,2,6,3,3,,6,8,2,,,,10,11,8,8,8,4,8,,10,23,188,24,18,18,15,22,20,17,17,4,7,14,19,,9,13,8,9,9,12,6,8,11,5,13,10,9,10,5,10,3,5,28,27,13,19,8,27,15,4,49,13,26,,8,,8,8,7,8,15,,,9,,4,13,16,,17,17,12,14,31,23,14,16,7,19,22,8,7,5,7,5,,14,,13,,8,24,21,38,4,8,9,11,8,1,2,1,5,16,12,13,,23,13,21,8,16,18,17,14,11,18,69,21,14,21,10,16,9,13,19,29,19,8,6,18,9,9,9,15,10,12,8,18,18,17,18,,17,17,,13,12,20,16,7,6,12,10,,,9,9,8,13,,11,,14,11,10,5,,3,7,,8,24,12,,14,11,8,15,74,22,2,13,13,10,,4,5,5,6,6,4,,7,10,6,8,9,24,6,5,6,7,7,4,13,75,31,30,32,9,6,5,8,5,,2,9,6,5,16,12,4,4,12,7,7,4,5,3,19,10,7,8,4,2,,6,7,7,16,34,19,20,7,19,37,18,5,10,9,,11,14,14,11,9,20,9,12,13,3,6,4,8,18,9,6,2,16,13,9,16,13,18,,15,11,10,8,6,8,8,10,12,22,42,68,19,15,36,8,18,16,18,27,8,6,8,7,5,14,13,7,5,6,6,6,9,13,17,13,16,4,1,2,5,3,7,7,7,5,11,5,10,7,22,14,17,11,3,4,10,9,16,,,7,3,3,10,6,5,9,8,19,7,8,8,7,11,,8,19,10,14,11,15,7,11,9,6,9,12,10,10,15,4,4,2,2,3,3,4,1,10,,5,8,6,3,5,3,,5,6,75,12,4,8,3,3,6,2,5,4,8,14,9,9,4,2,4,3,8,3,4,5,5,3,4,5,11,9,7,3,3,2,1,3,9,5,4,7,10,11,10,13,11,27,,13,13,,7,7,11,14,10,8,6,16,10,4,,15,12,13,11,,11,5,14,,,1,2,12,7,8,8,8,5,,8,10,,24,52,25,13,17,12,17,29,8,9,11,12,17,17,,14,14,7,21,,18,17,31,61,56,17,,20,1,5,4,16,14,8,4,,6,3,4,33,,,3,4,14,10,7,6,9,9,16,56,35,12,,7,12,13,11,8,6,4,9,7,5,21,10,17,16,8,9,5,4,5,8,10,,,7,7,7,9,1,2,2,3,11,6,10,4,2,1,4,4,6,12,6,2,2,4,17,3,19,13,3,11,9,14,3,8,28,,26,17,17,21,10,24,,12,1,10,,22,20,20,20,25,16,28,5,,17,13,5,23,29,12,8,8,6,4,7,2,,9,12,22,2,14,7,7,8,13,10,,30,13,16,8,12,10,8,8,14,5,23,9,10,11,5,4,13,4,9,18,7,12,5,8,6,40,13,4,19,7,4,34,15,39,34,4,9,45,27,29,28,16,24,23,14,18,46,23,33,54,60,42,79,40,8,4,11,15,16,4,16,7,7,6,48,67,114,212,25,17,23,,18,9,15,7,,5,4,11,,10,9,7,9,7,9,7,10,3,6,6,4,6,6,8,7,5,,9,24,28,5,11,8,23,8,9,7,7,9,8,5,10,6,10,7,,7,8,,2,7,2,5,12,8,2,3,9,11,12,22,22,21,13,28,6,20,18,70,31,26,32,11,29,26,11,39,18,31,31,10,6,16,11,11,5,4,8,10,1,8,5,26,41,21,3,1,5,28,9,8,15,13,11,13,15,10,14,11,,9,4,7,38,30,7,11,6,27,6,7,4,16,20,9,7,7,40,32,27,7,7,12,9,23,26,4,2,8,2,4,7,4,8,5,9,8,9,7,,7,14,11,9,11,10,18,2,26,8,,3,2,,6,28,7,7,9,8,8,6,,21,8,11,19,10,13,14,12,12,26,7,4,4,3,1,4,6,7,8,5,10,3,,4,8,3,31,63,6,16,10,5,4,10,8,11,20,,33,13,16,11,6,6,4,5,6,6,15,9,2,8,5,8,3,3,3,5,3,,5,,6,1,3,11,7,18,7,8,6,4,,18,11,6,6,36,4,7,7,9,,6,5,8,3,1,24,17,5,8,8,3,11,5,,7,13,4,4,2,7,11,16,4,8,5,9,7,5,8,5,5,5,5,4,5,2,12,6,6,2,3,11,4,3,4,20,,13,41,115,12,17,7,3,3,3,8,7,6,11,16,6,17,25,8,10,32,11,18,14,16,9,7,7,6,8,15,6,12,10,6,8,5,39,19,4,25,13,8,7,11,4,4,11,8,17,12,12,11,5,8,12,1,5,22,7,6,13,13,12,58,22,9,8,9,3,21,18,19,11,,13,10,15,30,44,6,6,4,28,3,4,7,15,50,2,17,24,7,11,7,2,12,20,17
20170820,7,SO2_24h,2,2,2,2,2,2,2,2,2,2,2,2,,,6,,7,2,5,,6,3,10,,12,3,,6,26,6,2,9,6,3,32,27,51,46,54,46,9,5,17,11,12,4,9,11,8,9,13,6,5,4,6,6,21,20,15,8,6,6,10,3,5,9,10,,6,15,17,19,3,6,6,6,8,7,9,10,,,12,23,12,10,9,18,15,15,17,13,15,12,14,11,9,17,11,,,9,20,10,15,,14,7,8,9,10,5,4,6,5,5,6,7,8,8,,8,5,8,9,3,11,10,6,4,,4,9,13,13,9,6,11,10,7,8,9,7,6,10,8,6,9,10,16,17,11,26,10,12,11,11,10,9,7,12,5,6,9,6,9,19,15,21,15,14,7,,,,14,4,,9,18,18,,28,12,14,,2,8,5,3,4,9,6,10,22,,,,12,11,,12,10,6,6,10,,6,10,7,16,2,2,9,8,,9,,12,,6,10,7,8,9,9,9,14,6,10,10,5,8,6,8,4,,7,7,7,14,11,12,13,5,8,,,6,,9,5,,5,5,8,7,7,9,,9,6,20,13,11,7,8,,7,4,3,17,4,18,15,16,21,6,6,,9,7,5,12,4,10,10,42,43,36,27,35,9,5,,33,8,17,20,6,12,15,15,,8,3,3,2,10,5,5,8,7,5,8,7,7,4,4,9,5,8,10,7,7,11,10,5,4,5,6,8,22,10,21,14,19,12,17,7,12,12,13,14,,13,20,17,17,12,6,8,11,10,10,10,14,6,11,19,4,10,10,9,4,5,5,5,11,8,8,10,10,9,20,17,8,6,6,6,9,16,8,7,15,20,17,13,13,7,10,8,10,6,16,24,13,23,7,11,8,7,7,10,,9,3,6,5,4,6,15,,15,12,12,18,10,12,15,15,,16,12,12,9,17,,8,6,15,9,7,,6,10,9,4,6,6,5,4,5,6,11,12,12,11,12,13,18,23,6,13,9,9,9,7,8,2,7,6,9,5,6,9,9,6,6,8,9,9,6,2,9,7,10,,12,9,3,,,,19,17,8,10,10,5,9,,11,21,106,38,20,24,9,69,13,11,11,4,9,12,11,,21,20,13,17,13,13,7,8,10,7,7,9,6,5,10,6,3,5,13,13,13,43,13,27,25,4,21,14,15,,8,,9,10,12,8,16,,,10,,5,9,6,,16,19,12,10,26,12,10,16,7,18,21,10,8,6,8,5,,11,,12,,4,13,18,17,7,9,10,12,10,4,2,2,6,14,11,12,,36,16,27,16,17,14,12,11,9,15,38,8,7,9,7,10,7,5,6,11,8,8,7,10,9,9,9,7,7,7,3,5,6,14,18,,17,17,,16,16,14,15,7,7,15,7,,,10,10,10,12,,12,,15,12,10,4,,2,8,,28,39,26,,34,8,4,10,16,14,3,14,15,13,,6,7,6,9,6,6,,18,13,12,10,10,22,6,6,10,7,8,3,12,18,19,21,20,9,6,5,8,5,,2,7,5,5,18,12,3,4,8,7,7,4,6,3,14,5,11,11,8,2,,15,15,17,14,23,18,20,8,22,43,31,6,9,10,,9,16,14,10,7,13,8,9,26,3,5,4,5,13,11,6,2,13,11,6,11,6,11,,9,12,11,8,7,9,9,11,9,31,26,36,10,8,24,9,13,12,13,18,9,6,9,7,6,11,12,7,5,6,7,9,8,7,9,8,17,4,2,2,6,6,8,7,6,6,9,5,9,5,24,20,11,12,4,6,11,7,14,,,11,4,3,11,7,6,4,7,13,10,8,10,8,11,,9,18,13,11,12,15,6,10,9,6,8,12,10,10,14,5,5,4,3,4,5,5,3,9,,5,7,4,4,5,25,,9,28,23,12,3,6,3,10,6,3,5,4,8,12,9,10,4,2,4,2,7,4,5,6,5,4,4,4,8,6,6,3,6,4,2,4,9,5,7,8,10,12,11,14,13,22,,12,15,,9,7,11,13,12,11,9,19,14,11,,18,15,14,10,,10,5,9,,,2,1,13,9,9,9,9,6,,9,11,,14,20,16,10,16,6,12,21,10,10,17,13,16,17,,11,12,8,6,,11,14,19,24,27,30,,30,30,31,24,5,8,5,4,,6,9,7,24,,,6,3,13,9,9,7,10,15,15,17,23,12,,8,11,10,16,6,8,6,15,16,11,15,9,12,12,10,8,8,4,5,5,8,,,7,7,7,8,3,1,3,2,11,6,8,4,17,4,11,4,5,11,7,7,2,4,14,2,15,17,3,11,18,15,6,8,30,,16,14,12,14,12,12,,13,2,9,,24,11,28,24,25,19,24,16,,23,9,7,14,20,12,9,9,10,6,8,3,,12,17,19,20,10,9,7,9,13,13,,21,20,17,12,9,13,11,8,16,6,14,14,9,14,5,7,15,6,8,14,10,10,5,6,6,28,14,5,26,8,5,19,13,17,57,3,8,18,20,13,29,12,18,19,14,14,25,17,20,24,34,21,42,32,9,4,13,14,15,4,9,7,7,8,62,64,46,85,23,17,22,,12,4,8,8,,4,5,7,,5,9,7,7,6,8,7,10,3,6,7,4,5,6,7,7,5,,7,19,24,4,11,9,12,10,13,10,8,10,10,7,10,7,10,12,,10,10,,6,4,4,4,7,6,3,5,10,10,11,18,17,14,15,12,14,18,14,63,36,24,14,9,20,17,8,19,14,20,12,7,8,10,8,11,4,4,6,6,1,6,5,16,46,19,5,2,4,20,11,10,13,15,11,13,15,12,14,10,,8,4,17,48,62,14,22,12,13,7,7,4,14,17,10,12,12,44,34,26,11,9,14,12,16,11,11,7,6,3,3,5,4,7,4,8,8,9,6,,8,10,19,6,13,5,15,5,31,5,,4,3,,6,17,6,7,8,8,8,7,,21,8,13,16,14,13,16,8,14,24,9,4,3,3,2,5,6,10,16,4,10,3,,3,6,3,21,34,7,19,8,5,3,10,6,12,15,,31,26,7,9,5,12,4,6,10,14,15,9,3,8,5,9,5,4,5,5,3,,5,,6,1,4,8,5,6,9,9,9,6,,9,11,7,5,50,8,6,8,10,,5,5,9,5,2,21,14,4,7,8,4,15,4,,12,15,5,9,8,7,12,13,3,10,11,11,8,9,13,10,6,5,5,4,5,1,13,7,6,2,4,12,2,2,4,4,,11,39,32,11,13,9,3,3,4,9,9,7,10,13,6,14,12,7,8,29,10,7,24,12,11,11,6,6,7,9,8,11,9,5,8,5,19,17,21,19,27,13,7,11,4,4,12,7,7,14,9,14,8,9,20,4,6,10,8,6,16,27,11,17,17,13,9,12,6,14,13,14,26,,8,9,12,19,22,13,9,4,23,2,3,20,6,25,4,6,16,7,10,6,2,12,12,11
20170820,7,NO2,43,12,56,30,64,27,50,39,13,57,62,54,,,48,,54,46,46,,51,44,35,,58,42,,73,67,55,64,44,83,8,82,75,53,52,78,90,30,29,30,49,57,43,56,45,27,27,19,29,25,31,19,17,18,24,26,23,27,20,30,29,9,53,56,,46,49,47,54,33,36,32,30,44,28,35,76,,,60,35,56,77,38,52,47,59,72,75,75,80,81,50,13,20,33,,,49,32,42,34,,36,13,19,13,14,8,10,17,18,17,3,38,36,29,,30,9,8,24,26,29,26,40,21,,37,42,36,32,39,16,44,33,32,45,47,51,61,26,32,52,43,50,44,23,41,31,30,33,12,48,35,42,54,49,53,34,22,52,56,34,41,45,35,42,36,,,,54,41,,37,40,38,,46,18,28,,33,54,46,29,55,55,44,54,23,,,,23,33,,16,15,16,27,31,,38,23,30,27,26,31,14,13,,24,,18,,17,43,24,5,30,20,33,44,31,28,37,27,27,19,30,24,,8,30,24,34,26,40,25,30,20,,,18,,24,23,,31,17,21,12,14,14,,15,20,30,34,42,19,20,,28,50,37,27,43,76,36,43,51,34,39,,39,35,30,44,8,30,27,48,35,36,54,44,44,6,,43,48,37,39,39,38,40,44,,16,18,31,27,27,39,15,38,14,26,21,36,34,23,17,28,36,27,48,34,17,64,29,50,14,31,26,20,26,19,27,24,38,36,40,48,28,29,28,22,,39,44,34,89,36,45,35,27,37,47,40,37,29,48,44,14,36,42,35,9,32,16,23,16,39,18,28,22,13,40,34,27,23,13,9,17,24,23,20,29,33,41,2,21,25,24,28,39,31,36,49,18,32,37,28,33,30,25,32,,30,17,18,20,16,7,16,,27,56,61,39,62,66,16,62,,63,68,67,45,53,,22,34,50,30,40,,28,6,12,25,2,15,12,20,21,17,11,21,25,14,23,26,29,34,20,7,27,14,11,34,20,16,52,26,28,20,16,31,19,24,13,29,19,15,15,2,10,12,,,6,15,26,,,,14,16,59,35,41,59,72,,38,28,39,20,28,14,19,31,27,28,18,3,10,37,10,,10,13,8,23,15,26,17,12,15,31,58,54,40,40,13,21,14,27,47,56,36,43,36,73,44,44,38,34,32,,18,,16,15,26,16,47,,,17,,17,31,32,,56,13,30,54,47,34,30,44,23,5,16,6,12,21,5,15,,33,,39,,35,25,22,33,37,30,41,40,9,11,16,4,8,33,26,30,,26,23,47,16,67,32,30,22,29,23,29,21,21,24,17,19,12,24,13,16,15,23,22,25,12,14,8,40,29,39,15,16,15,58,44,,22,22,,12,15,26,20,12,30,30,24,,,14,13,21,50,,23,,15,28,25,11,,40,2,,3,26,11,,4,58,48,40,48,53,6,23,17,19,,8,18,45,64,35,4,,22,10,8,13,9,25,10,21,21,23,17,13,37,44,44,50,40,18,13,16,17,14,,4,26,20,33,9,17,16,21,11,18,15,15,20,11,23,21,31,43,21,33,,16,15,17,19,25,47,38,16,28,34,28,4,42,31,,45,40,27,30,25,38,38,32,51,11,6,11,9,56,55,65,9,11,8,15,17,10,20,,8,23,28,21,25,22,19,15,10,20,25,22,26,13,35,19,5,11,18,5,20,29,8,4,7,22,14,20,9,10,9,8,25,20,20,22,27,34,11,14,10,12,16,27,13,24,32,24,19,21,42,24,31,17,13,30,32,23,16,,,23,17,19,14,17,13,20,30,23,49,13,28,22,28,,21,30,27,22,15,5,17,3,4,25,27,26,31,34,40,7,8,13,16,13,20,19,19,18,,9,3,18,9,13,20,,6,14,37,18,11,11,3,16,11,29,16,14,21,,23,32,24,9,24,21,23,27,18,12,2,8,15,16,24,12,20,28,6,6,10,4,21,16,31,33,48,49,32,30,19,29,56,41,39,,17,26,36,26,50,21,24,10,18,6,,12,17,26,24,,21,30,37,,,30,12,22,13,11,18,12,14,,15,13,,28,50,47,22,36,29,26,26,25,34,30,35,47,15,,35,18,3,34,,29,17,58,43,42,56,,47,6,3,4,26,35,18,16,,13,4,5,31,,,25,19,25,9,8,7,2,20,38,19,36,34,,32,32,27,11,10,11,24,14,10,19,24,37,21,30,21,22,16,9,8,15,12,,,18,10,20,8,11,25,10,10,15,34,29,4,28,18,14,2,5,3,2,22,27,31,56,10,19,20,14,12,12,17,6,13,16,,46,30,20,39,26,32,,21,12,19,,10,25,22,32,54,56,34,38,,22,20,16,20,35,28,20,16,20,21,20,15,,25,38,45,17,17,24,28,27,13,4,,46,26,16,31,16,27,14,31,22,10,27,25,2,14,6,21,13,16,23,29,29,33,12,21,25,5,19,27,16,5,5,32,21,32,20,16,37,12,24,43,6,29,22,26,28,25,31,18,18,33,21,22,17,17,13,16,15,17,29,11,8,3,10,15,21,41,29,24,30,20,25,,39,49,53,11,,12,11,14,,13,10,10,7,5,14,17,13,15,18,21,10,7,11,8,10,7,,30,36,25,16,5,17,16,16,14,9,13,17,12,2,27,14,16,10,,8,14,,8,4,10,21,6,4,11,13,15,5,22,25,35,21,17,33,7,30,23,24,13,19,46,28,28,38,32,37,28,31,33,7,5,7,10,9,4,6,3,12,1,6,24,28,17,15,2,14,14,28,21,27,22,22,17,21,22,19,26,25,,37,24,14,16,11,17,13,12,18,24,24,25,17,16,13,10,29,34,29,28,15,14,14,16,26,24,18,35,36,31,23,16,29,46,49,40,15,21,22,,14,42,35,36,16,40,16,27,19,14,,11,17,,9,31,18,16,16,6,6,6,,23,9,16,24,12,30,28,19,19,40,11,3,4,4,2,11,9,19,17,14,18,10,,5,18,8,11,28,17,19,18,9,6,10,12,11,26,,20,9,9,13,9,7,9,17,7,4,7,11,17,7,6,8,2,2,2,1,20,,7,,2,8,20,25,27,18,16,27,21,22,,18,14,22,25,8,2,2,22,18,,13,14,12,5,10,27,37,8,14,8,8,11,36,,3,3,2,26,11,27,21,9,6,8,3,3,6,7,10,7,9,5,6,54,54,8,13,3,38,50,2,10,12,20,1,37,,24,4,11,59,43,45,12,4,1,30,36,58,14,35,17,34,75,42,32,47,20,22,70,18,30,20,29,18,27,20,10,42,37,20,24,2,19,26,19,10,21,14,18,22,4,26,35,45,51,24,28,33,12,16,16,9,10,21,24,48,26,28,15,48,19,23,40,25,21,32,55,30,29,,62,12,47,41,28,20,32,4,26,23,11,8,17,57,23,45,34,11,11,20,17,17,14,38
20170820,7,NO2_24h,29,12,36,26,38,31,42,29,12,28,44,52,,,35,,35,31,39,,34,26,24,,17,30,,58,40,34,44,21,44,8,55,60,45,44,61,57,18,32,24,25,31,45,38,33,28,24,19,26,28,28,19,16,16,18,21,21,28,17,26,21,11,48,46,,40,33,25,31,19,28,24,19,30,23,24,42,,,33,26,38,39,20,37,31,49,47,64,41,48,58,33,16,30,38,,,40,38,38,44,,42,10,19,13,11,7,7,9,13,14,2,38,37,24,,33,5,7,27,15,30,45,46,24,,56,64,56,57,63,28,28,44,23,30,33,25,32,20,23,31,23,33,34,20,29,26,26,30,20,33,35,17,33,27,26,15,22,31,30,22,32,28,18,27,22,,,,33,22,,24,26,28,,32,21,25,,15,23,20,12,27,28,18,30,16,,,,17,28,,17,19,18,16,18,,23,18,22,23,17,25,14,10,,22,,18,,19,35,34,6,30,27,30,40,29,22,28,27,19,22,21,25,,8,25,26,35,25,33,25,20,12,,,21,,21,22,,18,12,15,10,8,10,,15,17,24,19,30,18,17,,28,44,36,24,46,68,30,35,36,30,25,,28,33,23,34,11,29,24,37,24,28,42,36,36,7,,28,50,36,36,40,40,41,42,,9,26,15,22,25,30,10,23,14,24,21,34,28,25,18,28,37,18,35,32,27,36,26,37,37,26,27,14,26,12,30,30,26,32,35,39,23,21,49,40,,47,56,30,65,63,36,58,26,37,43,36,39,24,41,46,15,28,26,34,16,18,18,14,28,41,32,24,21,13,42,38,24,13,10,11,17,20,16,15,40,47,48,22,32,25,36,33,31,31,40,32,22,24,41,31,36,27,34,34,,33,9,7,14,12,7,12,,30,35,41,26,21,47,26,55,,33,42,34,35,39,,25,29,52,36,41,,36,9,16,21,5,15,11,18,21,17,14,19,22,11,22,23,24,30,14,16,18,11,24,14,34,27,52,42,38,44,26,45,17,30,20,41,23,23,21,5,28,23,5,,8,16,15,,,,24,24,56,36,31,50,41,,24,19,33,20,22,15,18,26,20,23,17,3,7,29,9,,27,28,28,37,26,31,20,16,19,16,28,32,22,25,10,13,13,20,26,32,18,14,21,26,27,35,30,28,20,,19,,24,24,34,20,26,,,20,,18,25,20,,34,12,28,28,30,26,17,30,15,3,9,18,26,23,11,18,,18,,19,,24,23,25,28,28,20,27,24,10,10,7,10,12,21,16,22,,27,21,32,21,46,19,23,19,21,15,20,14,10,13,9,15,7,11,14,11,13,17,23,23,10,11,11,32,22,32,9,12,13,45,32,,22,22,,18,18,19,21,12,28,28,16,,,18,14,25,27,,19,,13,19,13,6,,19,14,,9,28,11,,5,58,32,28,37,34,16,23,17,21,,16,19,31,42,27,8,,27,20,11,20,9,25,9,24,22,21,17,11,28,27,30,33,31,21,17,16,14,18,,6,22,18,22,7,11,21,24,12,20,11,13,13,10,29,14,31,26,31,24,,20,12,18,14,8,24,18,3,11,18,26,4,27,21,,26,21,20,20,22,24,32,27,43,18,10,17,12,25,31,36,15,14,9,20,15,13,25,,13,19,26,27,23,18,20,20,16,12,17,12,21,7,16,9,5,11,17,4,16,26,14,4,5,23,17,18,9,12,12,14,21,19,18,27,27,27,8,11,9,23,13,14,11,24,19,18,15,14,40,21,28,20,13,18,19,19,20,,,28,16,16,13,13,13,18,24,21,29,13,31,16,22,,16,24,20,26,25,12,25,4,10,24,20,24,32,38,37,16,20,23,27,25,31,27,28,16,,11,6,8,9,7,35,,10,22,17,17,12,23,3,16,14,24,22,19,14,,20,24,15,6,16,17,20,30,18,10,4,10,14,15,22,15,13,16,9,6,6,3,14,12,19,22,24,33,19,29,18,25,31,26,25,,12,26,31,21,37,17,27,11,18,3,,13,13,16,11,,18,25,19,,,13,6,21,14,10,16,12,15,,17,12,,25,27,33,20,31,19,24,17,20,20,16,23,28,12,,21,13,5,14,,16,6,29,26,17,41,,33,19,14,15,14,16,11,20,,12,9,11,22,,,19,13,14,8,12,12,5,17,28,15,29,28,,19,23,15,14,15,18,26,14,7,21,18,26,21,23,24,23,18,10,10,16,12,,,27,13,14,8,12,31,9,9,15,26,22,7,25,11,16,2,10,5,2,19,25,21,37,7,23,22,12,12,10,15,12,20,18,,34,28,18,32,28,27,,15,9,9,,12,20,18,18,48,54,30,41,,29,25,23,22,21,30,22,15,20,20,18,17,,23,34,37,26,21,27,21,16,13,6,,32,24,19,32,16,27,20,23,22,15,26,29,23,12,5,17,17,12,22,28,28,28,15,15,17,4,14,7,20,11,3,24,19,22,17,8,28,14,23,36,5,16,16,18,15,21,23,13,20,27,18,15,15,18,12,10,14,15,24,10,9,3,13,15,15,34,20,19,32,22,28,,32,37,26,16,,17,13,13,,10,9,9,6,4,15,16,13,13,13,24,12,15,17,11,9,10,,23,28,28,25,6,22,15,18,19,11,14,20,23,16,24,16,16,14,,12,15,,18,3,9,14,7,4,7,13,21,7,13,22,18,16,20,14,7,20,20,18,13,14,20,14,19,21,21,25,24,22,26,6,6,8,13,9,4,8,6,10,3,6,11,18,29,10,5,21,21,29,23,24,29,22,12,15,18,16,22,23,,28,24,13,15,19,18,13,12,16,13,25,23,14,13,13,12,22,40,30,33,15,21,19,21,17,15,18,19,17,20,17,9,18,27,31,33,12,16,20,,18,31,25,29,20,30,14,25,53,15,,13,18,,12,40,19,19,19,5,8,8,,19,6,12,14,11,17,13,15,13,27,12,3,6,5,4,13,16,15,13,12,16,7,,6,8,5,10,20,19,13,14,10,6,9,13,8,10,,11,9,7,12,12,14,12,16,9,6,9,15,16,10,12,34,6,7,5,4,11,,13,,4,10,15,17,19,19,22,19,22,17,,15,13,21,19,10,7,2,20,11,,11,12,10,17,18,26,26,8,16,9,9,13,14,,10,10,8,27,15,30,12,13,6,11,4,6,9,11,13,12,14,11,13,43,37,13,24,5,37,37,6,18,14,16,1,22,,31,16,24,38,23,29,13,4,6,31,31,29,22,35,11,46,43,21,26,26,16,6,51,20,25,20,20,19,17,20,14,27,16,18,30,3,19,17,29,12,18,18,14,20,3,19,27,38,34,19,20,27,22,19,21,19,8,23,17,28,21,23,12,31,9,26,24,19,22,31,26,22,24,,44,16,32,27,24,28,18,11,19,21,8,9,22,43,15,20,35,9,9,20,15,15,11,22
20170820,7,O3,11,17,18,2,2,51,12,2,27,2,12,14,,,13,,13,24,7,,6,32,58,,15,19,,2,20,8,2,6,3,101,10,15,19,14,14,11,68,70,63,41,20,26,22,26,33,51,47,36,56,47,46,48,66,63,61,46,3,1,3,4,2,16,8,,7,13,10,12,11,27,23,41,49,36,41,10,,,12,74,27,9,10,21,57,38,15,28,15,15,20,21,17,13,11,,,10,20,11,27,,6,66,91,83,96,108,116,72,71,79,103,20,19,20,,21,18,24,25,19,18,25,23,26,,17,16,14,19,9,26,17,12,50,36,35,40,27,38,44,33,35,36,22,43,41,38,33,29,63,28,47,42,27,22,21,27,35,18,24,20,41,29,19,31,17,,,,7,3,,16,11,10,,17,29,29,,15,10,16,21,10,19,15,10,36,,,,39,34,,39,52,39,27,28,,24,11,8,9,16,,19,22,,20,,23,,29,32,40,38,39,25,32,30,37,31,30,10,53,54,54,48,,62,40,38,18,22,8,18,32,34,,,44,,35,37,,30,44,37,41,37,41,,38,39,6,29,6,17,11,,8,4,10,14,6,21,24,17,16,2,10,,25,31,57,11,57,26,28,9,20,12,14,6,7,17,,13,18,16,26,1,16,22,27,,98,91,64,79,80,81,90,55,76,73,76,61,47,85,81,70,58,6,26,26,35,14,20,16,36,28,24,11,9,28,8,17,10,3,16,18,12,8,10,15,,4,4,8,10,8,7,3,5,5,17,20,9,25,16,8,9,24,17,,27,20,22,10,,9,24,8,12,22,9,5,7,9,8,9,20,15,9,14,12,12,8,7,21,18,31,22,4,3,8,7,23,9,8,5,2,6,4,4,,3,,13,20,8,14,56,,42,12,2,26,12,5,62,10,,15,8,16,13,9,,13,12,4,6,13,,26,75,31,25,35,26,24,23,21,18,27,10,12,15,10,6,6,6,50,45,54,54,58,37,71,47,46,47,55,44,66,44,76,56,63,40,56,78,57,112,63,82,43,,50,50,48,,,,68,68,18,4,1,6,12,,4,11,8,27,18,33,20,8,15,19,25,42,10,6,38,,98,102,103,104,94,84,73,75,84,48,27,15,48,35,24,3,7,12,19,10,16,20,15,24,3,5,3,3,25,,45,,69,70,62,57,13,,,40,,43,55,52,,11,7,42,18,42,40,9,18,55,26,30,92,93,81,108,81,,23,,20,,18,19,27,21,20,22,2,39,52,40,81,90,86,43,54,43,,76,48,54,51,45,11,7,16,7,18,13,10,7,9,22,8,19,4,16,9,4,6,13,18,31,29,28,8,11,22,11,7,4,19,32,,19,5,,19,11,10,14,15,5,2,4,,,72,63,62,15,,67,,80,68,47,95,,92,114,,42,45,57,,49,4,19,22,6,18,97,3,8,25,,57,41,37,10,28,59,,7,9,25,10,16,10,17,13,10,16,26,2,12,48,11,15,24,24,21,19,15,24,,34,43,45,24,51,31,8,9,11,7,18,30,45,42,25,38,50,47,69,62,,55,54,52,83,11,23,12,15,10,31,14,85,27,30,,25,29,42,28,51,34,56,59,53,87,86,81,69,15,7,9,38,99,89,95,86,94,85,,99,32,14,40,28,45,35,40,43,26,19,22,42,27,8,19,34,21,17,38,5,13,23,29,4,6,8,5,12,32,19,24,8,21,33,14,15,4,9,9,45,52,42,18,40,52,59,64,51,74,8,12,8,7,40,48,25,82,45,,,69,31,20,30,20,67,39,54,71,78,70,14,16,3,,4,8,20,66,79,78,67,96,82,64,42,7,16,5,2,77,81,66,69,72,48,70,67,65,,85,80,42,54,57,57,,70,90,67,75,97,81,48,90,90,83,76,88,52,38,37,33,72,81,44,68,35,31,43,39,85,68,85,26,53,66,32,28,96,80,68,83,54,72,29,46,30,24,18,,34,34,19,98,21,,55,67,39,24,13,38,41,42,36,32,,44,40,26,55,,31,29,18,,,38,26,14,56,39,54,58,78,,93,86,,16,100,39,47,45,42,57,62,62,20,58,45,19,91,,75,89,119,56,,78,25,30,34,29,5,,4,91,73,95,51,14,70,57,,57,60,68,82,,,8,5,89,109,124,118,110,4,15,52,14,8,,11,22,18,22,11,9,20,20,33,25,10,36,40,11,9,22,5,10,11,7,32,,,34,20,9,15,16,10,17,22,21,26,16,28,38,20,40,32,3,3,,28,21,19,16,44,7,12,8,43,31,34,57,38,27,,18,44,19,7,17,8,,20,17,18,,18,17,29,19,49,25,57,29,,49,44,28,40,30,20,24,33,71,44,79,36,,28,10,65,19,65,64,31,20,76,77,,27,36,74,46,89,28,21,6,12,29,11,14,10,14,99,20,36,22,3,6,3,5,22,10,13,18,16,8,36,38,20,2,4,4,12,14,11,45,36,35,18,19,7,12,6,44,38,116,114,74,48,44,54,71,12,10,22,12,16,56,39,43,41,31,11,7,8,9,58,85,78,,51,64,45,73,,71,73,77,,77,75,63,65,68,88,98,100,84,94,53,65,61,54,82,85,76,,6,5,16,11,86,77,74,60,65,59,60,65,35,29,16,41,45,34,,29,28,,50,61,51,32,48,37,48,27,8,6,17,7,6,11,27,11,4,9,6,13,36,15,12,22,20,10,62,60,87,77,123,29,36,18,27,26,74,70,64,57,58,16,20,13,19,26,2,1,,,,4,4,17,6,15,10,16,7,29,,11,26,6,22,25,7,6,25,23,5,7,5,32,33,6,3,12,3,22,15,36,57,62,43,62,68,64,72,7,7,44,20,9,8,16,24,46,43,46,,38,34,45,29,44,41,35,55,36,83,,24,14,,58,59,53,66,55,8,11,6,,66,24,23,18,26,6,46,21,34,42,21,38,39,39,39,2,8,3,4,2,,30,,37,6,4,54,32,3,15,11,3,2,3,2,21,6,,9,26,18,23,5,3,46,24,28,21,4,2,50,36,39,34,65,56,57,50,20,,82,,34,33,14,6,6,6,63,56,62,60,,20,14,39,25,90,84,36,55,60,,47,28,24,72,64,52,40,76,92,78,91,77,24,,110,70,78,49,82,55,52,80,42,78,83,72,71,91,86,89,81,81,83,41,21,83,97,62,24,9,88,71,82,60,179,21,,51,64,59,4,12,8,20,46,55,29,30,3,31,34,78,6,5,20,64,20,97,60,7,18,24,53,36,36,32,14,49,10,21,38,37,41,3,6,70,41,15,15,57,44,68,14,56,9,39,37,25,74,64,59,57,50,37,30,25,6,35,41,35,9,7,42,4,39,48,35,14,33,38,,6,74,36,6,8,33,44,83,81,7,63,28,91,25,6,9,84,81,24,53,52,45,72,38
20170820,7,O3_24h,138,147,129,138,140,128,147,142,133,168,130,148,,,120,,125,113,124,,119,135,124,,167,98,,121,153,126,102,106,84,134,151,131,170,160,132,155,158,140,144,140,134,115,100,106,120,153,145,131,150,150,143,168,180,175,158,192,106,106,117,115,97,149,170,,168,141,150,152,123,151,143,138,152,158,132,184,,,134,162,182,150,189,167,209,183,195,184,207,204,187,167,137,131,147,,,162,140,118,144,,186,104,121,108,130,135,158,121,117,117,122,88,79,77,,84,82,76,87,66,53,143,126,95,,105,109,96,116,119,88,107,102,252,216,267,254,235,237,224,234,234,229,125,159,163,155,128,111,147,136,177,166,144,123,145,170,160,129,156,210,242,205,222,250,74,,,,116,104,,96,101,101,,169,207,188,,158,202,203,220,190,209,225,131,186,,,,161,131,,129,179,154,180,134,,179,92,111,89,115,89,152,164,,99,,57,,55,166,138,87,205,168,183,149,172,184,169,149,150,168,243,208,,147,173,131,209,210,163,230,205,185,,,199,,194,187,,168,183,143,136,104,133,,169,173,145,112,133,167,159,,79,103,104,119,85,131,154,125,130,95,199,,181,217,212,202,272,106,89,126,133,107,132,131,133,143,,144,145,192,210,169,183,225,232,,133,124,116,124,122,119,122,101,106,110,118,113,112,106,112,102,92,124,112,101,105,120,118,118,102,127,94,114,131,102,135,101,105,101,93,105,86,96,222,206,,187,170,180,277,183,200,185,200,84,118,64,22,69,196,30,53,67,57,196,56,52,61,61,270,282,262,212,226,180,208,196,151,173,136,115,142,136,148,122,269,288,244,250,194,163,161,180,162,132,156,154,141,146,66,132,106,92,83,105,,68,18,50,55,53,36,280,,270,182,177,205,199,158,186,199,,206,167,229,245,186,,126,199,230,180,171,,156,137,70,62,67,72,56,60,60,60,63,87,69,54,82,74,66,69,92,62,91,93,73,86,121,105,119,113,105,107,100,135,120,104,83,112,114,134,99,227,88,119,88,,93,129,155,,,,168,188,120,127,122,113,163,,126,97,75,96,95,99,124,130,126,142,146,55,130,105,93,,194,199,190,193,195,186,182,183,184,164,148,160,155,138,89,93,84,95,166,181,142,154,161,158,160,209,194,200,229,,108,,83,100,102,81,150,,,199,,184,115,119,,110,124,122,128,103,136,81,118,92,114,114,144,137,144,159,156,,119,,118,,102,148,149,151,120,135,119,98,106,89,148,125,124,120,119,101,,250,216,243,278,261,140,144,109,115,140,125,56,45,45,52,59,45,61,77,84,82,152,116,114,57,56,50,125,141,123,60,71,63,215,212,,209,203,,140,125,153,168,91,102,98,58,,,172,172,154,164,,146,,182,151,140,145,,156,157,,202,174,216,,169,120,131,133,138,140,120,103,99,107,,102,102,109,88,105,92,,138,128,112,116,83,135,77,96,84,89,95,83,156,191,147,137,145,78,64,78,71,64,,62,96,111,104,102,103,88,85,96,79,88,95,114,114,84,100,135,160,120,185,,150,143,150,121,101,120,109,101,94,129,110,124,122,115,,137,142,126,113,115,110,110,113,125,114,122,121,101,156,135,152,153,140,125,130,143,111,92,,108,129,111,123,124,142,78,87,98,99,100,110,119,123,102,88,103,94,81,84,73,70,88,67,75,64,68,69,68,76,45,48,95,84,79,81,68,81,32,36,108,94,117,115,108,140,146,150,139,143,96,101,70,71,175,176,178,171,114,,,138,134,124,131,121,174,167,187,185,187,167,92,95,83,,90,83,89,101,124,105,103,98,89,113,95,129,108,97,109,84,92,91,102,90,62,99,90,129,,140,139,95,90,105,82,,135,154,151,151,141,113,77,124,120,90,101,117,96,94,155,146,122,137,110,116,111,87,146,118,122,95,155,52,124,129,107,99,135,117,124,131,111,112,160,212,178,253,240,,207,190,248,301,230,,145,133,211,145,171,224,204,103,104,99,,181,196,90,111,,95,137,149,,,73,62,96,111,134,126,112,103,,117,109,,199,202,130,121,127,123,140,143,195,183,165,176,161,163,,154,163,151,131,,139,121,169,162,185,175,,130,156,162,160,83,101,102,105,,142,137,163,200,,,116,112,141,150,161,155,140,107,86,88,100,99,,100,108,114,165,111,121,149,110,112,110,103,127,123,88,91,96,82,81,77,90,80,,,122,63,62,76,71,91,82,131,80,92,97,116,123,72,107,87,77,84,55,93,114,97,82,99,120,140,149,85,83,89,89,68,90,,49,63,45,59,62,54,,61,72,71,,65,86,90,87,94,86,101,81,,99,89,61,88,103,111,61,99,130,129,128,104,,97,68,65,70,89,84,90,100,143,134,,100,90,88,82,119,267,270,247,264,245,143,158,154,153,133,138,138,131,151,158,140,132,191,170,170,198,114,117,125,117,78,88,80,85,173,91,86,97,76,69,100,113,105,123,115,171,162,191,168,182,125,127,153,148,100,82,108,86,71,89,94,128,89,97,134,100,142,114,108,129,123,,130,123,144,144,,144,164,128,,130,129,91,98,101,96,106,104,94,102,105,116,109,114,94,92,89,,90,68,68,93,109,112,132,84,144,132,119,122,88,85,69,105,107,99,,99,89,,85,125,102,104,105,87,95,99,78,76,74,74,79,76,75,78,90,84,88,82,86,106,104,105,95,88,144,160,184,172,177,73,81,53,72,77,84,91,78,72,100,61,68,82,71,102,79,63,65,111,121,107,106,76,97,84,118,116,94,109,,112,114,143,141,107,110,95,102,124,57,67,59,78,73,108,86,110,127,126,135,169,172,207,170,179,183,152,195,157,134,137,121,168,178,186,172,156,144,157,,139,125,98,91,110,122,103,140,110,122,,106,98,,150,149,134,149,95,61,76,66,,112,80,75,72,74,71,85,70,95,80,67,66,66,66,64,71,75,115,123,34,42,54,,63,56,58,76,73,60,72,62,40,67,65,79,57,61,,46,45,48,59,60,11,57,76,79,76,60,55,78,69,73,67,76,68,82,81,67,,131,,77,75,133,159,135,157,169,175,165,174,,113,121,97,109,116,111,121,97,112,,84,88,89,87,98,92,96,92,104,90,135,123,105,,134,90,82,133,127,81,79,85,61,85,155,163,170,158,153,158,115,114,107,136,171,117,123,146,128,123,121,115,139,134,179,162,,229,96,88,124,136,123,90,89,90,138,139,112,99,170,154,202,168,128,139,141,170,140,136,129,194,179,180,190,188,65,102,103,123,200,204,64,67,56,91,130,156,131,172,212,114,108,108,164,216,189,129,167,155,174,164,85,174,65,152,58,151,184,158,95,92,69,52,155,119,196,190,191,205,,137,140,139,217,217,129,154,105,197,95,128,47,114,140,165,144,145,164,109,115,117,111,122,155
20170820,7,O3_8h,21,27,24,4,8,32,8,3,29,24,8,12,,,20,,27,34,10,,13,65,51,,51,18,,2,35,9,6,31,17,104,11,8,14,11,9,11,74,66,58,62,27,34,32,46,37,66,50,35,62,52,65,63,90,90,88,55,3,1,5,3,2,20,10,,8,34,24,27,24,25,43,58,70,53,59,50,,,35,71,42,22,25,38,55,53,29,8,37,13,10,33,13,5,6,,,7,17,8,23,,7,72,86,76,88,100,108,77,80,83,105,19,24,18,,17,20,17,16,24,15,8,18,13,,9,16,7,13,2,16,24,4,71,66,61,77,58,53,65,55,65,61,35,54,56,48,42,34,57,43,48,65,42,43,52,45,61,39,48,31,42,37,34,37,28,,,,17,7,,18,14,5,,19,24,32,,37,30,37,46,29,34,38,31,43,,,,47,47,,46,57,45,38,36,,38,17,16,12,19,5,29,39,,29,,26,,32,39,38,40,38,37,41,38,47,42,40,24,65,63,68,61,,63,59,49,11,19,8,19,44,50,,,58,,48,43,,51,43,44,46,50,46,,44,45,9,33,13,22,19,,12,17,16,11,10,18,31,31,36,7,32,,21,42,57,14,58,29,30,9,20,10,16,8,6,20,,15,20,23,22,23,15,25,30,,101,89,62,65,73,81,75,36,83,79,82,65,46,81,79,78,68,7,12,20,27,18,21,19,28,32,16,14,5,39,4,13,19,13,29,21,16,6,14,7,,3,2,11,7,7,25,4,4,4,18,24,9,23,14,5,10,29,10,,22,30,26,18,23,22,24,10,12,33,10,8,22,28,20,15,23,22,19,21,11,7,8,6,12,18,24,15,12,4,5,17,29,16,10,10,10,7,5,4,,3,,14,14,5,13,81,,54,37,26,48,56,7,49,21,,40,21,51,28,11,,17,25,7,15,19,,29,91,16,22,31,17,19,21,20,14,10,13,13,18,16,7,9,6,55,39,56,59,46,52,66,49,46,50,53,34,62,28,74,53,61,38,53,76,59,108,56,72,48,,57,56,60,,,,82,85,15,4,1,6,41,,20,29,11,39,23,41,20,11,20,23,26,46,11,12,43,,91,78,81,93,69,94,100,95,106,68,36,23,53,36,25,9,9,14,16,6,16,52,29,52,29,4,2,1,29,,38,,45,44,34,31,24,,,54,,58,53,54,,13,16,36,33,40,33,20,25,58,28,38,83,83,84,106,81,,35,,35,,21,28,41,33,42,49,24,58,70,61,90,86,85,61,73,53,,118,74,103,95,74,15,10,17,11,28,19,21,21,17,31,14,26,19,12,20,10,15,9,24,27,27,24,8,22,15,20,10,6,48,67,,20,8,,20,15,16,14,24,7,8,4,,,84,79,76,28,,79,,97,81,68,100,,96,112,,45,51,68,,42,6,27,25,5,19,103,10,20,29,,57,39,57,26,28,54,,4,4,23,4,14,10,14,9,7,12,19,,15,57,14,22,22,8,8,7,11,8,,22,56,64,26,52,52,5,7,11,6,16,38,45,39,22,31,53,68,60,69,,58,63,63,80,28,47,41,37,18,54,29,95,42,52,,45,48,49,38,47,62,70,68,65,76,79,72,64,51,28,20,46,106,96,106,72,106,84,,96,33,28,38,33,55,35,38,38,34,26,28,55,37,16,27,33,20,17,44,12,15,27,38,8,14,7,6,9,37,22,19,10,20,32,5,10,2,13,14,56,61,56,41,66,84,97,95,81,97,7,30,8,11,43,69,54,101,59,,,86,43,32,39,27,85,64,75,94,105,79,12,18,5,,9,24,29,68,77,72,60,83,63,52,52,7,12,5,2,59,45,64,65,69,43,68,66,61,,84,79,49,49,60,71,,90,96,78,87,108,79,52,86,91,79,62,75,40,33,35,34,87,91,32,55,44,38,71,41,81,64,87,28,34,59,35,32,88,74,78,90,71,81,42,66,57,52,42,,49,50,46,114,42,,59,60,44,32,27,45,45,40,36,54,,51,54,31,58,,24,42,41,,,49,33,12,37,49,53,48,80,,96,85,,12,48,32,43,45,44,61,77,73,42,83,96,42,97,,88,92,137,89,,118,52,59,59,63,8,,12,94,72,93,52,18,70,63,,70,71,75,103,,,14,2,99,105,115,108,97,10,15,51,20,1,,23,23,29,21,8,10,23,7,38,15,11,29,30,8,6,17,2,4,8,6,32,,,25,16,24,15,10,6,12,14,13,18,8,18,34,22,41,27,3,4,,5,7,8,8,48,9,10,8,42,35,35,56,23,33,,16,46,20,4,18,7,,16,21,22,,47,23,22,23,37,24,46,24,,40,43,27,38,50,27,25,31,72,47,77,38,,37,12,28,17,60,65,49,39,57,66,,21,30,65,41,86,30,33,10,12,37,19,16,14,24,105,40,45,38,2,5,2,2,31,29,22,15,10,12,10,30,30,5,12,4,18,15,13,42,36,36,25,23,10,17,15,48,56,130,111,76,38,37,58,71,12,13,32,14,21,12,40,42,38,25,18,11,11,13,61,77,78,,39,67,62,81,,79,79,82,,82,81,68,72,73,91,99,101,83,95,67,79,76,70,89,85,85,,14,3,11,7,85,84,76,56,59,55,55,58,18,16,12,47,52,43,,32,32,,21,78,64,55,64,37,39,25,12,10,26,15,27,20,19,39,4,20,8,19,35,22,28,36,36,27,57,51,69,78,114,22,38,16,28,32,77,58,60,54,58,18,30,21,29,32,3,,,,6,4,4,16,14,21,10,7,16,30,,14,22,8,29,25,9,8,25,26,6,8,5,28,25,8,6,27,7,29,16,44,76,85,62,75,87,73,90,23,20,52,29,20,22,36,26,75,58,56,,56,32,46,32,44,48,39,61,41,91,,32,24,,60,52,54,62,52,13,16,13,,73,30,29,28,26,17,54,29,45,46,23,38,39,38,38,5,9,14,10,2,,36,,33,15,14,59,32,2,25,24,4,2,5,3,33,33,,21,29,15,22,5,6,45,35,36,33,4,2,52,37,24,21,61,56,57,52,42,,88,,41,38,28,17,18,12,48,73,70,71,,30,28,38,26,91,84,49,65,87,,41,58,55,58,64,47,58,83,94,84,102,89,49,,113,77,66,52,83,55,54,81,44,79,90,78,82,86,87,88,80,77,82,27,25,50,48,59,18,21,80,66,89,81,177,20,,27,51,46,7,24,8,43,50,43,26,30,8,27,33,85,4,11,24,59,45,105,107,9,7,20,62,60,38,56,14,46,9,45,55,37,37,5,5,69,44,18,14,73,62,75,20,49,7,36,50,36,89,79,80,76,31,46,31,32,9,39,37,42,12,10,25,13,50,53,42,43,42,60,,17,79,54,23,12,46,69,81,101,2,80,28,102,28,10,18,72,84,25,51,55,40,69,44
20170820,7,O3_8h_24h,32,43,43,12,24,34,9,4,46,63,25,12,,,32,,54,52,27,,29,106,77,,66,22,,4,53,15,14,60,37,105,20,8,14,12,9,11,101,70,61,68,47,63,57,68,79,74,73,35,64,53,90,87,124,127,101,68,3,1,11,3,2,32,11,,16,71,55,61,46,38,61,99,98,81,98,88,,,74,95,77,48,58,63,98,93,53,8,46,22,12,62,27,5,22,,,8,47,23,46,,33,74,86,76,89,100,109,84,99,99,107,28,29,20,,23,22,17,21,30,16,16,20,13,,9,37,7,13,2,16,60,4,88,85,87,94,83,76,79,82,90,81,37,57,59,51,44,34,57,46,48,71,51,50,63,55,68,48,64,57,65,61,56,53,40,,,,53,21,,28,40,5,,20,24,33,,55,61,53,65,40,43,59,46,70,,,,64,68,,58,68,60,49,44,,49,25,27,25,30,19,36,46,,32,,27,,33,41,38,49,44,39,45,41,49,53,43,26,70,74,76,71,,72,64,60,13,34,10,30,63,75,,,71,,62,49,,68,59,51,54,54,48,,54,59,17,39,18,36,32,,22,27,21,11,13,18,36,50,53,8,40,,31,56,66,30,64,35,38,12,30,10,17,21,11,21,,23,37,33,36,56,20,34,45,,107,89,62,81,73,83,78,53,84,94,100,83,77,94,89,94,84,22,17,20,38,22,21,35,41,43,42,26,12,46,4,13,36,15,33,23,27,7,27,10,,3,3,15,15,17,36,6,4,5,19,31,13,24,14,6,10,35,10,,22,37,35,22,32,34,36,19,18,48,24,12,29,37,28,26,30,26,26,24,13,7,10,9,12,19,32,18,41,5,5,35,48,46,14,16,18,8,5,4,,3,,19,14,5,17,111,,56,55,56,61,80,7,70,36,,65,34,74,37,20,,18,44,20,22,20,,30,115,16,25,31,17,19,21,20,14,10,18,13,27,28,14,15,8,55,39,56,60,46,55,78,57,51,64,53,38,62,28,87,54,61,44,53,81,64,117,62,77,50,,58,69,79,,,,97,102,15,5,2,7,110,,29,33,22,49,30,49,33,17,30,36,42,47,15,14,46,,91,78,81,93,82,101,114,104,118,72,42,36,58,38,27,19,16,17,26,15,36,73,52,69,53,9,5,1,31,,49,,45,46,42,31,27,,,68,,69,53,54,,28,19,47,46,51,33,30,42,60,39,44,90,83,93,108,84,,55,,56,,28,38,52,46,71,78,63,98,106,89,94,89,88,75,82,60,,164,105,144,124,105,19,22,26,18,34,27,31,32,33,38,18,29,31,12,27,26,32,13,30,27,27,24,20,37,18,31,22,19,81,82,,21,9,,28,21,18,18,36,16,17,9,,,93,93,90,49,,85,,108,87,90,116,,129,124,,54,54,71,,45,12,38,30,7,29,104,29,52,36,,57,39,64,36,34,54,,9,4,24,4,19,31,19,11,8,12,21,,36,76,17,40,49,8,8,7,12,8,,22,72,73,27,64,59,5,8,14,11,16,48,48,43,24,34,54,73,60,71,,60,64,66,81,46,68,64,51,32,72,53,105,66,69,,63,74,77,49,57,84,81,81,89,81,84,79,74,102,74,69,74,111,100,109,72,111,85,,97,38,32,38,40,61,35,38,38,48,39,33,85,55,28,35,50,21,19,47,21,18,28,47,15,28,18,8,9,42,27,19,20,33,36,6,13,4,14,16,59,69,80,61,84,96,112,106,105,102,7,55,8,12,50,82,92,123,64,,,90,50,38,41,37,104,87,94,104,130,92,19,28,12,,24,30,38,69,78,72,60,83,63,52,55,7,12,5,2,59,45,64,65,69,43,68,66,61,,85,82,51,54,69,73,,103,106,99,111,118,79,55,86,101,79,62,75,40,40,41,44,90,93,32,55,58,44,146,46,81,64,88,29,34,59,43,45,88,74,82,92,85,84,48,75,64,75,63,,62,56,70,135,63,,66,60,61,43,47,75,71,51,50,58,,60,62,35,60,,26,57,56,,,56,39,20,38,62,58,57,80,,97,85,,22,56,32,43,62,66,64,100,94,68,100,129,50,108,,104,111,144,99,,132,73,86,94,94,23,,22,98,83,100,56,26,78,66,,88,94,95,136,,,28,3,101,105,115,108,97,21,24,81,39,1,,52,40,64,35,8,14,46,7,52,21,21,29,30,8,6,17,2,4,8,6,37,,,25,29,34,31,11,6,12,14,21,18,8,18,38,28,42,28,4,8,,5,7,8,8,54,18,16,21,65,47,39,56,23,40,,19,47,23,7,20,12,,18,30,44,,63,26,34,45,37,24,46,24,,40,45,27,42,56,40,28,32,75,48,82,51,,50,19,28,21,63,67,64,58,57,69,,21,30,65,48,86,30,42,14,20,49,33,18,18,28,112,45,47,41,2,8,2,2,52,51,39,20,24,14,10,42,44,8,15,5,21,16,16,42,36,37,28,28,21,34,20,58,68,132,111,107,38,41,64,75,23,27,36,23,27,12,41,47,38,25,28,19,15,25,69,85,84,,51,88,83,102,,97,94,95,,94,86,72,76,76,91,100,101,85,99,74,88,84,78,91,86,87,,24,4,15,10,90,88,83,60,59,55,55,58,18,19,27,53,65,54,,48,43,,21,89,73,80,72,37,39,25,23,13,35,35,34,21,33,47,5,22,14,24,39,29,44,51,50,46,57,51,69,81,114,22,45,16,33,43,78,58,60,54,58,23,41,31,31,43,4,,,,8,5,4,18,24,25,10,7,35,41,,37,24,8,32,35,13,10,28,33,6,8,5,36,34,12,8,38,8,31,19,50,95,101,68,86,104,78,104,59,30,63,48,51,38,60,49,107,71,63,,68,34,46,34,54,50,50,82,47,105,,40,28,,74,54,54,62,52,16,18,18,,84,34,34,38,32,35,62,36,49,52,28,39,39,38,40,5,11,38,26,2,,39,,36,26,23,62,32,2,27,27,4,3,10,8,43,44,,27,40,15,23,5,10,48,40,44,39,5,2,55,38,24,21,61,56,58,55,56,,99,,48,42,38,28,31,16,55,88,76,76,,56,46,42,26,91,84,69,70,95,,58,73,75,58,71,48,63,87,94,85,106,94,59,,116,81,66,52,87,59,54,83,45,82,96,81,86,90,89,91,88,78,89,31,43,50,48,59,18,23,80,66,108,89,177,20,,27,51,46,21,43,9,65,61,59,26,30,24,35,38,91,4,45,48,66,74,116,121,27,7,20,72,69,42,70,17,53,15,57,75,39,48,8,5,69,50,45,39,91,74,88,21,49,13,41,74,54,99,94,100,92,32,57,32,39,29,65,62,47,33,15,32,19,76,65,55,69,74,66,,50,94,58,51,20,53,85,81,128,2,87,30,114,31,13,45,86,92,30,51,62,56,74,46
20170820,7,CO,1.6,1.1,1.7,1.3,1.7,1.5,1.2,1,1,1.3,1.4,1.1,,,2.6,,2.6,2,3.1,,2.4,2.3,1,,3.6,1.4,,1.4,1,0.8,1.8,0.8,0.8,0.7,4.8,4.4,4.8,3.8,5.8,6.4,0.4,0.4,0.5,0.5,0.6,0.8,0.9,0.9,0.8,0.7,0.7,0.9,0.7,0.5,0.9,0.4,0.4,0.5,0.6,0.4,0.7,0.6,0.7,0.8,0.5,1.4,1.6,,1.3,1.5,0.9,0.8,1,0.7,1,0.7,1.4,1.2,1.2,1,,,1,0.8,1.2,1.3,1.2,0.9,0.7,1.1,0.9,1.1,1,1.1,1.3,1.1,0.6,0.9,0.9,,,1.3,0.8,1,0.8,,2,0.8,0.7,0.9,1.1,0.7,0.8,0.8,0.8,0.9,1,1,1,1.1,,1,1,1.4,0.9,1,0.9,0.5,0.9,0.6,,0.1,0.3,0.5,0.4,1.1,0.4,0.4,0.6,0.5,1.4,0.7,0.8,1.1,0.6,0.9,0.7,0.9,1,1,0.8,2,1.1,1,1.5,1,1,0.9,0.3,0.9,0.9,0.5,1,0.4,1.4,0.9,0.9,1,1.2,0.6,1,0.5,,,,2.6,2.9,,1.1,1.5,0.7,,1,0.2,0.4,,0.7,2,1.2,1,1.5,0.9,1.4,1.8,0.6,,,,0.6,0.4,,0.8,0.7,0.6,0.5,0.9,,0.8,0.8,0.5,0.5,0.4,0.9,0.9,0.7,,0.9,,0.8,,0.7,0.6,0.7,0.6,0.6,0.6,0.8,0.7,0.6,0.6,0.7,0.9,0.9,0.9,0.7,0.9,,0.5,0.5,0.5,0.5,0.4,0.6,0.7,1.1,0.8,,,0.6,,0.7,0.7,,0.4,0.5,0.5,0.6,0.6,0.2,,0.6,0.5,0.7,0.6,0.8,0.6,0.6,,0.6,0.8,0.9,1,0.9,0.6,,0.9,0.6,1,0.1,,0.8,0.6,0.5,0.5,0.3,0.4,0.5,1.3,0.9,0.6,1.3,1.1,1.1,0.5,,1.7,1.4,1.9,1.7,1.4,1.9,1.7,1.8,,0.4,0.2,0.4,0.3,0.6,0.6,0.4,0.2,0.6,1.5,1.5,1.7,1.9,1.4,1.8,1.9,1.4,1.6,1.6,0.9,0.6,3.2,0.7,2,0.7,0.5,0.7,0.9,0.8,0.6,0.7,0.5,1.1,0.9,0.5,0.8,0.6,0.9,0.7,0.5,,0.8,0.8,1,1,0.8,0.6,1.7,0.8,0.8,1,0.7,0.7,0.8,1,0.7,0.6,0.6,0.9,0.7,0.3,0.4,0.5,0.7,,1,0.6,0.4,0.7,0.6,0.7,0.8,0.9,0.7,0.6,0.5,0.2,0.5,0.4,0.5,0.6,0.8,0.7,0.6,0.5,0.7,0.6,0.6,0.8,0.6,0.9,1.1,0.6,0.5,1,1.1,1.2,0.9,1.1,1.1,,1,0.6,0.6,0.8,0.6,0.6,0.6,,0.8,1,0.9,0.7,1.5,1.1,0.9,0.7,,1,0.6,0.6,0.9,1.1,,0.7,0.6,1.2,0.9,0.8,,0.5,0.5,0.4,0.4,0.5,0.6,0.5,0.4,0.6,0.4,0.5,0.7,0.9,1.1,1.2,0.6,0.9,0.8,0.4,0.4,0.4,0.4,0.6,0.6,1.2,1.5,1.3,1.4,1.2,1,1.1,1.5,1.3,1.3,1.4,1.4,1.2,0.5,0.5,0.2,0.3,,0.3,,0.8,1.4,0.8,,,,0.7,0.6,1,1.1,0.9,1.2,1,,1.1,0.8,2.5,0.6,1.2,0.4,0.4,0.6,0.6,0.5,0.6,0.3,0.6,0.8,1.1,,0.9,0.6,0.3,0.6,0.8,0.7,1.2,0.6,0.7,0.8,2.5,7.2,2.6,2.8,0.8,0.8,0.9,1.2,3.6,3.4,2.2,0.9,0.7,2,0.7,0.7,0.7,0.8,0.7,,0.6,,0.8,0.8,0.8,1,1.3,,,1,,0.8,1,1,,3.3,1.1,1.5,3.1,1,1.3,0.7,0.7,1,0.6,0.5,0.4,0.2,0.5,0.3,0.4,,0.5,,0.8,,0.6,1.2,1,1.6,1.2,0.8,1,0.5,0.4,0.3,0.4,0.4,0.5,0.7,0.7,0.6,,0.9,0.9,1.1,0.8,0.7,0.9,0.8,0.7,0.9,1.3,0.8,0.7,0.5,0.8,0.5,0.6,0.7,0.5,0.5,0.5,0.4,0.8,0.7,0.7,0.6,0.8,0.5,1,0.9,0.8,0.7,0.7,1,1.1,1.4,,0.9,0.9,,0.6,0.8,1,0.7,0.6,0.5,0.7,1.1,,,1.2,1.2,1.2,1.3,,1.1,,0.9,1.1,1.2,1.1,,1.2,1.2,,1.8,2,1.7,,2,1.8,0.9,1.2,2.4,1.5,0.7,1.7,0.7,0.3,,0.5,0.9,1.4,1.5,1,1,,0.9,0.7,0.5,0.6,,1.1,0.9,1,2.7,1.1,1,0.9,1.1,1.7,1,1.9,1,0.7,0.7,0.5,1.1,0.5,,0.4,0.8,0.9,0.4,0.6,0.4,0.4,0.7,0.5,0.4,0.4,0.6,0.5,0.4,0.7,0.8,0.6,0.8,0.5,0.7,,0.7,1,1.1,1.2,0.5,0.6,0.9,0.4,0.3,0.6,0.6,0.4,1.5,2,,1.6,1.9,2.7,2.6,1.1,2.4,1.4,1.6,6.4,0.7,0.8,0.5,0.9,2.4,1.5,1.2,1.3,1.3,1.1,1.5,1.5,1.2,1.1,,1.1,0.9,1.2,0.9,1.2,0.8,0.8,0.8,1,0.5,0.8,0.7,0.4,0.6,0.7,0.8,1.3,1.2,1.2,0.7,1.2,1.3,1.2,1.1,0.4,0.8,0.5,0.6,0.5,0.3,0.7,0.6,0.7,0.8,0.5,0.9,1.2,0.9,0.5,0.4,0.6,0.6,0.7,0.8,1,1.4,1.2,1.4,1.1,1.2,2.5,0.3,1.1,0.9,0.4,0.4,0.6,0.4,0.6,,,0.5,0.7,0.8,0.6,0.9,1,0.7,0.7,0.7,0.7,0.7,0.9,0.6,0.2,,0.5,1,0.9,1.3,1.1,1.4,1.3,1.5,1.4,1.6,1.4,1.3,1.7,1.5,1.7,0.8,0.8,1,1,1,1,1,0.9,1,,0.9,0.9,0.4,0.3,0.5,0.5,,0.3,0.2,1.1,0.5,0.4,0.7,0.6,0.6,0.9,1.4,1.2,1.9,0.6,1.7,1.4,1.9,0.7,0.2,0.6,0.6,0.2,,0.6,0.3,0.5,,0.4,0.5,1,0.3,0.6,0.5,0.5,0.4,0.5,0.5,0.4,0.4,0.6,0.7,1,0.7,0.7,0.9,0.7,0.6,1.5,0.8,0.6,,0.5,0.8,0.8,1,0.7,0.7,0.8,0.4,0.6,0.8,,0.5,0.4,0.6,0.9,,0.8,0.6,0.6,,,0.4,0.7,0.5,0.7,0.8,0.5,0.7,1.2,,1.1,1.1,,1,0.9,4.5,2.3,3,2,2.3,2.9,1.2,1.4,1.2,1.7,0.9,1.1,,1.3,1,1.3,1.5,,1.5,2.3,1.3,1.2,1.2,1.5,,1.9,1.1,0.6,0.5,0.6,1,0.3,0.5,,0.6,0.4,0.3,0.6,,,0.6,0.3,0.7,0.5,0.4,0.3,0.4,0.8,0.9,1.5,1.1,0.6,,0.7,0.6,2.8,0.5,0.5,0.2,0.4,0.9,0.7,0.7,0.6,0.9,0.6,1.3,1.2,1.1,1.3,0.7,0.8,1.2,1.1,,,0.2,0.8,0.7,0.6,0.5,1,0.5,0.4,0.8,0.6,1.3,0.3,0.4,0.4,0.3,0.4,0.5,0.6,0.2,0.4,0.3,0.5,0.9,0.4,0.6,0.6,0.6,0.7,0.6,0.6,0.5,0.3,0.9,,0.7,0.9,0.6,0.8,0.7,0.5,,0.6,0.7,0.5,,0.4,1.4,1.2,1.5,0.8,1,1.2,1.1,,0.6,0.4,1.1,0.3,0.6,0.5,1,0.4,0.4,0.4,0.5,0.8,,0.4,0.4,0.5,0.8,0.3,0.4,0.4,0.6,0.7,0.8,,1,0.8,0.6,0.6,0.5,0.8,0.7,0.8,0.7,0.7,2.6,1,0.9,1.6,0.6,0.9,0.9,0.9,0.7,0.9,0.5,0.8,0.6,1,0.7,0.8,1.2,1.3,0.8,1.2,0.3,1.5,1.2,1.3,0.8,0.6,1.2,0.9,1.6,1.3,0.7,0.5,0.5,0.4,0.3,1.2,1.2,1,0.6,1.3,0.8,0.8,1.1,0.5,0.7,0.6,0.6,0.7,0.8,0.7,0.9,0.7,0.4,1,1.4,1.1,1,1,1.5,1,0.9,,1.4,1.6,2,0.9,,0.9,1,1.1,,1.1,0.8,1,0.9,0.7,1.5,1.1,1.8,1.4,1.4,1.2,0.7,0.8,0.8,0.9,1.2,1.1,,1.1,0.8,0.7,0.8,0.9,1.2,0.8,0.6,0.8,1.3,1.3,1.3,0.7,0.6,0.9,0.6,0.8,0.8,,0.8,0.7,,1.1,0.8,1.1,1.1,1.1,1.1,0.8,0.9,1.1,0.8,0.6,0.8,1,0.8,0.8,1.6,0.6,0.6,0.6,0.6,0.5,1.1,0.7,0.9,1.1,1.1,1.3,2.1,1.6,1.8,1,0.4,0.5,0.5,0.5,0.4,1.2,1.3,1.2,1,1.6,0.9,2.5,1.7,0.9,0.7,0.7,1,1.8,1,0.9,1,0.9,0.8,0.8,0.7,1.1,1,0.8,0.5,,0.9,1,0.7,1,0.7,1.1,1,1.1,1.4,0.5,0.7,0.7,0.5,0.7,0.7,0.4,0.9,0.7,0.5,0.8,0.8,0.4,0.5,0.5,0.4,0.5,0.5,0.5,1.3,0.8,0.7,0.8,0.3,0.5,0.5,0.3,0.5,0.8,1.1,,0.6,0.1,0.5,0.5,0.5,0.7,0.5,0.6,0.6,0.3,,0.7,0.7,,0.4,0.6,0.5,0.4,0.4,0.4,0.4,0.5,,0.5,0.7,0.7,0.9,0.7,0.9,0.5,0.6,0.3,0.6,0.4,0.4,0.6,0.5,0.5,0.4,0.9,0.7,0.7,0.9,1.1,0.6,,0.5,1.4,0.9,0.3,0.8,1,1.2,0.7,0.4,0.3,0.9,1.2,0.7,0.8,,0.6,0.4,0.8,0.7,0.8,0.2,0.6,0.7,0.6,0.6,1.2,0.8,0.9,0.3,0.6,0.5,0.4,0.3,0.4,0.3,0.8,,0.2,,0.3,0.2,0.5,1.2,1.1,1,1,1.2,1.3,1.2,,0.9,0.6,1,0.9,0.3,0.6,0.3,0.6,0.7,,0.5,0.4,0.5,0.1,0.4,0.8,0.5,1.1,1.3,1,0.2,0.3,0.4,,0.6,0.6,,1.2,0.6,0.9,0.5,1.1,0.5,0.6,0.8,0.7,0.7,0.4,0.5,0.6,1.8,0.8,1.1,0.8,0.8,1,1.4,0.3,1.3,0.8,0.4,0.3,0.9,0.8,1.2,0.7,,0.5,0.8,0.6,1.4,1,1.2,0.8,0.7,0.7,0.8,0.8,0.8,1,0.4,1.1,0.7,4.3,1.4,1.6,1.2,1,1.9,1.6,0.5,0.7,0.6,0.5,0.6,0.9,0.6,0.4,0.9,0.6,1,1,0.7,1.2,2,0.4,0.3,0.8,0.9,0.5,0.7,0.6,0.7,0.7,1.3,0.9,0.7,2.2,1.1,0.6,0.6,0.8,1.3,0.4,0.5,0.7,0.8,0.5,0.8,0.8,2.7,0.7,0.9,0.7,0.7,0.5,0.7,0.5,0.5,2,,2.7,1,1.2,1.1,1,0.5,0.7,0.3,0.8,0.6,0.6,0.4,1.3,1.6,0.3,2.3,1.8,0.4,0.6,0.4,0.4,0.8,0.1,1.2
20170820,7,CO_24h,1.1,0.8,1.2,0.9,1.2,1,1,1.2,0.9,1,0.9,1.1,,,1.2,,1,0.7,1.6,,1.1,0.8,0.9,,1,1.1,,0.9,0.8,0.6,1.5,0.7,0.6,0.7,2.3,2.3,1.9,2,2.6,2.4,0.5,0.5,0.5,0.5,0.5,0.8,0.8,0.8,0.8,0.6,0.7,0.8,0.6,0.5,0.8,0.5,0.5,0.5,0.7,0.5,0.5,0.5,0.5,0.6,0.5,1.3,1.1,,1.1,0.9,0.4,0.3,0.6,0.4,0.7,0.5,1.2,0.9,1,1,,,1,0.8,1.3,1.1,1.2,1,0.8,1.2,0.9,1.1,1.1,1.2,1.3,1.2,0.8,1,0.8,,,1,0.8,0.9,0.9,,1.1,0.8,0.8,0.9,1,0.6,0.8,0.8,0.8,0.8,1.1,0.9,1,1.1,,1,0.7,0.9,0.8,0.9,0.8,0.6,1,0.6,,0.4,0.5,0.6,0.6,1.3,0.3,0.3,0.7,0.4,0.8,0.5,0.8,0.8,0.7,0.7,0.6,0.6,0.6,0.8,0.6,1.6,1.1,0.9,1.3,1.2,0.9,0.9,0.3,0.7,0.5,0.3,0.8,0.4,1.1,0.7,0.8,0.6,0.6,0.7,0.5,0.4,,,,1,0.8,,0.6,0.8,0.4,,1,0.3,0.4,,0.5,0.7,0.7,0.7,0.7,0.7,0.9,1,0.6,,,,0.6,0.4,,0.8,0.8,0.7,0.4,0.8,,0.7,0.7,0.4,0.4,0.4,0.5,0.8,0.5,,0.8,,0.8,,0.5,0.6,0.8,0.6,0.7,0.7,0.8,0.7,0.6,0.6,0.7,0.8,0.7,0.8,0.6,0.9,,0.5,0.5,0.4,0.6,0.5,0.5,0.7,1.1,0.8,,,0.6,,0.8,0.8,,0.2,0.5,0.5,0.6,0.6,0.3,,0.6,0.5,0.6,0.5,0.7,0.7,0.6,,0.6,0.7,0.8,0.9,0.8,0.5,0.9,0.7,0.5,0.9,0.1,,0.6,0.6,0.5,0.3,0.3,0.4,0.4,1.4,0.7,0.6,1.1,1,0.9,0.6,,1.5,1.2,1.4,1.2,1,1.4,1.1,1.1,,0.3,0.3,0.4,0.4,0.6,0.5,0.5,0.2,0.6,1.2,1.2,1.4,1.5,1.3,1.6,1.6,1.1,1.4,1,0.8,0.6,1,0.6,0.5,0.7,0.4,0.6,0.8,0.7,0.5,0.6,0.6,0.7,0.7,0.4,0.4,0.6,0.7,0.7,0.7,,0.8,0.7,0.8,0.9,0.8,0.6,1,0.7,0.7,0.7,0.6,0.7,0.7,0.8,0.6,0.6,0.6,0.5,0.6,0.3,0.4,0.4,0.5,0.5,1,0.7,0.6,0.7,0.6,0.7,0.8,0.8,0.5,0.5,0.5,0.2,0.5,0.4,0.4,0.7,0.9,0.7,0.7,0.6,0.7,0.7,0.6,0.7,0.5,0.9,0.9,0.7,0.5,0.9,1,1,0.8,0.9,1,,1,0.5,0.5,0.7,0.5,0.6,0.5,,0.8,0.7,0.8,0.6,1.2,0.8,0.8,0.7,,0.8,0.6,0.4,0.8,0.8,,0.7,0.6,1.1,0.9,0.8,,0.6,0.3,0.4,0.4,0.6,0.5,0.5,0.4,0.6,0.4,0.5,0.6,0.8,0.7,0.9,0.5,0.8,0.7,0.4,0.7,0.4,0.4,0.7,0.5,1.3,1.6,1.4,1.5,1.2,1.1,1.2,1.6,1.4,1.4,1.5,1.4,1.3,0.6,0.8,0.4,0.6,0.5,0.4,,0.9,0.7,0.6,,,,0.8,0.5,0.9,1,0.8,1.1,0.8,,0.8,0.7,1.5,0.9,0.7,0.7,0.4,0.6,0.5,0.5,0.7,0.3,0.5,0.4,1,,1.2,1.4,0.7,0.8,1,0.7,1.2,0.6,0.7,0.9,0.9,2.1,1,1.1,0.8,0.7,0.7,1.1,1.4,1.3,1,0.8,0.9,1.1,0.7,0.6,0.6,0.7,0.6,,0.5,,0.7,0.8,0.7,0.8,1,,,1,,0.9,1,0.9,,2.1,1.3,1.2,1.5,0.9,1.2,0.4,0.4,0.7,0.4,0.4,0.6,0.4,0.6,0.4,0.6,,0.4,,0.7,,0.4,1,0.7,1.1,1.3,0.6,1.1,0.5,0.4,0.4,0.5,0.4,0.6,0.5,0.7,0.6,,0.9,0.9,0.8,1,0.7,0.7,0.7,0.6,0.8,0.6,0.6,0.6,0.4,0.7,0.4,0.5,0.6,0.4,0.5,0.5,0.4,0.8,0.8,0.7,0.7,0.7,0.5,0.8,0.8,0.9,0.5,0.6,0.8,1.1,1.2,,0.9,0.8,,0.7,0.9,0.9,0.7,0.6,0.6,0.6,0.6,,,0.9,1.1,1.1,1.1,,1.1,,1.2,1.2,1.3,1.2,,1.3,1.3,,1.7,1.9,1.5,,1.7,1.6,0.8,1,1.4,1.5,0.8,1.1,0.5,0.4,,0.8,0.9,1.8,1.4,1.1,1.1,,0.9,0.8,0.6,0.6,0.5,0.8,0.9,1.2,1.2,1.1,1,0.8,0.8,0.8,0.6,1.1,1,0.7,0.7,0.5,0.8,0.5,,0.4,0.8,0.8,0.3,0.6,0.3,0.3,0.6,0.4,0.4,0.4,0.6,0.5,0.4,0.6,0.6,0.8,0.9,0.6,0.9,,1,0.9,1.1,0.8,0.6,0.7,0.9,0.3,0.3,0.6,0.4,0.5,1.2,1.9,,1.3,1.6,2.4,2.1,1.1,1.7,1.2,1.5,2.6,1,1.1,0.8,1.1,1.8,1.5,1.1,1.1,1,0.8,1.2,1.1,1,0.9,,1,0.8,1.1,0.9,1.2,0.8,0.8,0.7,0.9,0.4,0.6,0.6,0.4,0.5,0.6,0.6,1.2,1.1,1,0.6,1.1,1.2,1.1,1,0.4,0.7,0.5,0.6,0.6,0.3,0.8,0.7,0.6,0.8,0.5,0.8,0.9,0.8,0.6,0.4,0.6,0.6,0.6,0.6,1,1.3,1,1.3,1,1.1,1.7,0.6,1,0.9,0.3,0.4,0.4,0.4,0.6,,,0.6,0.7,0.7,0.6,0.8,0.8,0.5,0.5,0.6,0.5,0.6,0.9,0.5,0.4,,0.3,0.8,0.8,1.3,1.2,1.4,1.4,1.5,1.6,1.6,1.4,1.2,1.3,1.3,1.4,0.9,0.9,1.2,1.1,1.1,1.2,1.2,1.1,1,,1,0.9,0.3,0.2,0.2,1,,0.5,0.5,0.5,0.7,0.3,0.7,0.5,0.7,0.8,1.5,1.2,1.9,0.6,0.8,0.8,1,0.8,0.2,0.5,0.6,0.3,0.8,0.6,0.3,0.5,0.1,0.6,0.7,1.1,0.5,0.6,0.4,0.5,0.4,0.5,0.6,0.4,0.4,0.6,0.8,0.8,0.6,0.5,0.9,0.6,0.6,0.6,0.6,0.6,,0.6,0.8,0.8,0.7,0.8,0.6,0.7,0.4,0.6,1,,0.6,0.5,0.6,0.8,,0.8,0.7,0.5,,,0.4,0.3,0.5,0.4,0.6,0.4,0.4,1,,0.9,0.9,,0.8,0.5,2.3,1.5,1.9,1.6,1.6,1.5,1.1,1.2,1.3,1.6,0.9,1.2,,1.1,1,1.4,1.2,,1.5,1.4,1.1,1.1,1.1,1.8,,2.1,1.4,0.8,0.8,0.5,0.5,0.4,0.5,,0.8,0.5,0.4,0.8,,,0.5,0.3,0.6,0.6,0.5,0.6,0.5,0.6,0.5,0.9,0.8,0.3,,0.6,0.5,0.9,0.7,0.6,0.3,0.5,0.8,0.7,0.6,0.3,0.8,0.5,0.9,1.1,0.9,0.8,0.9,0.8,1.2,1,,,0.2,0.8,0.7,0.6,0.4,0.6,0.3,0.4,0.5,0.5,0.9,0.6,0.9,0.4,0.6,0.4,0.4,0.5,0.3,0.4,0.3,0.5,0.6,0.3,0.5,0.6,0.4,0.7,0.6,0.5,0.5,0.3,0.8,,0.5,0.6,0.5,0.7,0.7,0.4,,0.5,0.4,0.3,,0.4,0.8,0.6,0.8,0.7,0.8,0.5,0.9,,0.8,0.3,0.8,0.5,0.6,0.5,1,0.4,0.3,0.4,0.5,0.8,,0.5,0.2,0.4,0.5,0.2,0.4,0.4,0.5,0.7,0.7,,0.7,0.6,0.5,0.6,0.4,0.7,0.7,0.7,0.6,0.7,1.8,1.4,0.8,1.2,0.6,0.9,1,0.9,0.6,0.8,0.6,0.7,0.7,0.9,0.8,0.7,1.1,0.9,1.1,0.9,0.3,0.9,1,0.8,1,0.5,0.7,0.7,1.7,0.9,0.8,0.9,0.4,0.3,0.3,1.2,1,0.9,0.6,1.2,0.7,1,0.9,0.6,0.7,0.6,0.8,0.7,0.6,0.7,0.8,0.5,0.4,0.9,1.4,1.1,0.8,1.1,1.9,1.4,1.5,,1.3,1.2,1.2,1.1,,1.1,1.2,0.8,,0.8,0.6,0.7,0.8,0.6,1.3,0.9,1.5,1.1,1.1,1,0.6,0.7,0.6,0.7,1,1,,0.8,0.8,0.8,0.8,0.7,1.1,0.7,0.5,0.5,0.9,0.9,0.9,1,0.6,0.8,0.6,0.8,0.8,,0.8,0.6,,1.1,0.8,1,0.9,1.1,0.9,0.6,0.8,1,0.8,0.6,0.8,0.8,0.6,1,0.7,0.5,0.5,0.6,0.5,0.6,1,0.4,0.8,0.8,1,1.3,1.8,1.6,1.5,1.1,0.4,0.4,0.5,0.5,0.4,1.2,1.2,1,0.9,1.4,0.9,2.4,1.5,0.9,0.7,0.8,1,1,1.1,0.8,1.1,0.9,0.8,0.8,0.7,1.1,1,0.8,0.4,,0.7,1,0.6,1,0.8,1.1,0.9,0.8,1.3,0.4,0.8,0.6,0.4,0.5,0.7,0.4,0.9,0.7,0.5,0.9,0.8,0.4,0.6,0.7,0.4,0.6,0.5,0.5,0.6,0.6,0.7,0.7,0.2,0.3,0.4,0.4,0.4,0.7,1,,0.5,0.4,0.4,0.4,0.5,0.6,0.5,0.6,0.7,0.3,,0.6,0.7,,0.5,0.6,0.6,0.4,0.5,0.6,0.5,0.5,,0.5,0.7,0.6,0.6,0.7,0.6,0.4,0.5,0.3,0.5,0.4,0.4,0.5,0.5,0.4,0.5,1,0.6,0.6,0.9,0.8,0.6,,0.5,1.2,0.9,0.2,0.6,0.8,0.9,0.7,0.4,0.3,0.8,1,0.6,0.8,,0.5,0.4,0.7,0.7,0.6,0.2,0.6,0.8,0.6,0.6,1.3,0.8,0.9,0.4,0.7,1,0.4,0.4,0.4,0.3,0.9,,0.2,,0.3,0.2,0.5,1,0.9,1,1.1,1.3,1.4,1.2,,0.8,0.7,0.8,0.9,0.5,0.6,0.2,0.5,0.6,,0.5,0.4,0.4,0.5,0.6,0.6,0.5,0.9,1.1,0.9,0.1,0.3,0.4,,0.8,0.7,0.1,1.3,0.8,1,0.6,1.1,0.5,0.6,1,0.8,0.8,0.6,0.6,0.7,1.9,1,1.2,0.9,0.9,1.5,1.6,0.3,1.2,0.8,0.4,0.4,0.9,0.7,1.2,0.5,,0.5,1,0.6,1,0.9,1,0.7,0.7,0.7,0.8,0.8,0.6,1.1,0.4,1.2,0.7,1.4,0.9,0.9,1.1,1.1,1.7,1.8,0.5,0.6,0.6,0.4,0.7,0.8,0.4,0.5,0.7,0.5,1,1.1,0.8,1.7,1,1,0.3,1,1,0.4,0.8,0.5,0.4,0.5,1.2,0.7,0.7,1,1.2,0.6,0.5,0.6,1.4,0.4,0.4,0.6,0.8,0.5,0.8,0.7,0.8,0.6,0.9,0.6,0.8,0.5,0.7,0.4,0.5,1.9,,1.4,1.2,1.1,0.8,1,0.6,0.8,0.3,0.7,0.6,0.6,0.5,1.1,1.4,0.3,0.9,1.5,0.4,0.5,0.2,0.3,0.7,0.3,1
20170820,8,AQI,118,79,112,104,124,113,87,59,60,98,105,87,,,109,,113,100,100,,114,113,105,,115,110,,109,107,92,114,71,84,75,70,69,102,90,93,92,25,26,44,43,57,92,115,108,95,75,67,109,105,93,77,54,46,51,58,56,65,62,56,68,51,72,69,,67,74,72,77,108,115,129,89,85,100,88,77,,,73,73,60,79,67,80,69,68,93,120,92,85,117,79,28,44,41,,,65,47,54,54,,67,30,38,29,40,34,40,28,32,33,33,45,51,49,,36,15,18,38,32,47,66,46,40,,52,57,54,55,52,16,60,33,31,29,32,27,30,15,22,30,21,25,22,17,20,16,20,23,19,20,19,26,34,45,40,38,52,37,43,52,29,24,45,33,46,,,,94,74,,79,78,61,,44,31,30,,19,65,31,17,40,36,36,50,19,,,,23,28,,21,18,16,34,42,,29,39,57,39,42,54,37,57,,48,,50,,33,51,34,33,33,29,36,39,46,31,49,25,41,52,63,53,,49,47,54,41,49,51,44,40,54,,,21,,37,28,,55,65,59,27,28,27,,19,28,48,54,57,33,31,,52,35,36,30,38,50,45,41,37,39,55,,69,65,69,78,39,50,55,71,74,68,73,74,86,40,,76,85,113,83,107,133,133,97,,29,27,20,26,25,25,26,49,19,51,48,49,56,50,42,53,54,69,52,61,47,47,51,62,36,54,48,64,67,31,62,47,52,40,43,54,57,58,33,33,,35,51,33,80,36,72,28,42,26,29,20,26,26,65,18,18,24,21,51,18,19,15,18,39,33,23,26,24,18,57,40,35,28,18,13,25,30,31,38,33,21,35,25,22,32,30,34,53,45,67,60,52,56,46,59,56,62,75,63,,64,24,14,22,9,23,38,,38,42,56,35,42,74,53,54,,29,52,53,43,75,,34,45,35,25,53,,29,53,26,32,12,23,32,27,29,23,21,41,24,25,53,39,45,60,19,20,21,15,15,17,89,75,67,75,78,75,73,67,70,72,62,92,73,26,26,39,38,21,11,,13,22,60,,,,49,45,45,91,73,54,68,,72,44,54,41,45,29,46,57,49,39,38,22,45,53,57,57,60,49,52,61,59,69,71,54,68,65,79,212,59,60,36,,39,43,119,148,94,122,65,59,59,77,68,65,60,,45,,21,22,24,18,58,,,95,,79,35,48,,47,73,71,98,68,53,76,58,70,62,72,27,30,28,34,27,,67,,59,,74,57,83,62,33,39,43,39,38,35,27,30,29,58,44,51,,88,99,79,68,78,74,74,31,58,52,57,33,20,16,16,36,12,27,15,35,30,52,42,50,19,20,20,68,55,56,36,32,28,84,117,,57,63,,28,38,42,22,20,29,39,33,,,85,85,99,112,,39,,40,45,65,63,,69,59,,63,68,62,,70,81,87,99,97,72,53,71,66,51,,26,24,34,31,51,28,,56,44,13,29,15,66,86,35,60,48,42,52,69,165,60,77,57,24,28,26,30,21,,12,53,56,63,24,62,52,51,,52,31,44,40,23,42,24,28,27,24,29,,15,15,14,40,66,45,32,45,72,65,33,26,89,109,,95,109,97,112,54,90,64,60,77,51,49,52,55,98,100,98,93,74,79,78,112,90,90,,83,56,40,34,49,58,26,33,31,55,45,51,43,48,45,52,39,37,62,26,57,61,23,21,36,53,39,58,20,22,11,7,45,43,42,39,46,50,12,19,35,38,35,41,46,52,50,50,59,54,80,46,53,43,58,63,55,52,62,,,62,37,40,45,54,62,62,63,75,59,58,58,43,83,,47,46,44,64,70,69,72,46,62,62,67,72,75,97,110,30,33,39,43,39,49,49,45,,,75,75,30,15,15,51,,25,36,53,33,41,22,25,25,32,58,49,52,59,63,65,66,36,22,35,31,37,30,33,43,28,29,26,14,34,33,21,49,31,27,21,29,18,24,25,30,29,25,20,22,26,23,34,48,26,,19,20,29,27,35,18,16,16,18,18,,13,15,47,35,,53,51,47,,,57,49,41,87,70,68,103,59,,68,67,,71,96,127,138,94,87,123,115,68,,61,68,53,68,,54,57,87,78,,78,120,71,52,70,,,77,35,28,30,55,133,41,31,,39,37,41,77,,,66,49,33,33,43,53,39,78,74,77,97,80,28,55,55,110,31,30,31,31,69,72,75,79,51,52,35,33,32,25,24,34,29,51,,,43,21,44,32,29,67,73,30,50,,85,12,53,69,30,15,15,15,16,51,40,49,60,21,57,83,19,45,33,38,45,21,38,,68,62,65,47,27,59,,64,72,84,,42,70,94,73,38,37,60,32,,22,31,59,36,38,30,31,43,21,17,25,52,,46,35,73,39,33,25,20,22,28,75,,57,53,24,17,27,53,57,51,36,34,70,62,58,58,53,49,65,53,58,63,85,56,40,32,31,69,64,65,60,67,23,83,71,66,65,45,58,40,51,51,41,66,58,80,60,104,103,75,73,113,79,92,74,78,39,49,45,41,52,52,62,50,58,51,55,53,64,75,72,69,62,,63,83,70,52,,54,53,68,,64,99,84,87,94,69,79,135,92,74,83,79,73,62,94,99,78,,56,62,63,53,30,50,55,53,133,120,86,144,46,80,45,48,49,48,,36,41,,42,38,40,47,48,38,22,20,47,45,38,46,40,50,43,55,42,56,59,64,33,26,56,54,39,58,42,58,71,58,54,30,28,40,35,24,50,42,46,53,61,25,48,49,53,57,15,40,38,59,73,83,73,54,53,41,32,26,16,46,,57,50,35,45,46,46,62,54,52,21,51,47,47,54,29,63,26,20,31,57,56,50,42,58,68,70,51,53,48,42,49,43,47,44,44,47,48,57,67,,62,57,30,40,31,46,52,48,25,55,,27,37,,39,66,52,55,37,4,7,6,,33,14,25,35,19,24,47,62,54,52,43,20,20,20,17,35,21,73,55,16,17,18,,14,29,20,39,52,83,22,26,33,32,37,16,50,47,,36,45,23,19,41,33,13,12,20,20,22,26,32,24,11,23,20,17,16,15,32,,26,,10,28,32,46,55,39,48,49,48,54,,36,22,23,29,26,26,21,50,52,,14,12,19,46,41,85,59,56,59,54,29,23,57,,34,23,28,50,27,29,19,39,15,43,26,20,23,26,26,26,30,64,25,72,56,40,51,19,48,33,24,36,43,53,73,124,,74,137,139,81,57,67,27,43,19,42,51,53,27,46,57,26,112,112,77,92,59,82,59,40,31,19,57,32,25,56,49,53,53,100,43,18,52,27,56,23,46,34,59,15,30,25,59,85,65,50,83,55,66,54,57,54,24,32,14,65,17,28,28,83,77,26,41,24,47,33,65,47,90,,114,52,132,108,64,75,64,24,70,32,59,23,89,80,30,110,57,28,65,54,44,51,23,59
20170820,8,PM2.5,89,58,84,78,94,85,64,42,43,73,79,64,,,82,,85,75,75,,86,85,79,,87,83,,82,73,68,86,44,62,31,48,49,65,47,67,60,15,8,28,12,26,68,87,81,71,55,48,82,79,69,56,28,32,17,31,26,4,23,31,23,23,52,44,,48,54,46,56,81,87,98,66,57,75,65,56,,,53,48,37,47,48,40,50,41,58,91,68,52,88,52,18,29,24,,,40,30,36,34,,36,20,26,20,22,23,21,18,22,22,23,23,19,16,,14,8,8,26,11,13,15,17,12,,15,14,20,17,20,10,28,16,15,14,6,14,6,10,12,13,1,12,5,8,6,,10,,,6,,,21,15,28,2,19,12,20,18,14,11,19,14,32,,,,66,42,,24,33,38,,18,17,15,,7,47,17,7,28,25,23,35,12,,,,13,17,,9,9,11,21,18,,20,19,18,18,28,24,22,40,,18,,35,,23,30,19,18,20,20,25,26,22,15,29,12,27,36,45,35,,34,32,30,28,28,26,30,21,31,,,8,,22,19,,28,47,40,12,17,15,,13,19,33,32,40,19,18,,19,24,15,13,26,26,31,27,14,27,26,,34,36,32,36,27,17,37,40,24,13,48,43,44,9,,37,63,85,57,80,101,101,72,,7,7,4,1,2,5,9,5,7,33,33,34,37,35,29,36,38,35,24,33,17,23,27,35,16,23,16,23,48,18,37,28,26,23,21,20,28,36,23,23,,15,26,23,56,25,52,19,29,16,17,10,14,13,33,11,10,12,13,35,12,13,9,12,27,17,16,11,13,12,33,28,21,9,8,1,17,21,17,26,23,14,24,17,15,22,21,18,27,31,48,43,36,32,32,34,24,33,27,40,,36,7,8,15,6,16,22,,26,26,31,22,15,22,31,27,,19,15,17,30,27,,19,28,24,13,21,,19,30,4,22,7,16,14,12,20,16,11,14,13,17,16,19,17,28,9,5,2,2,,1,66,55,48,55,57,55,53,48,51,52,44,68,53,17,18,8,26,6,1,,1,15,27,,,,22,26,13,38,41,24,18,,38,21,34,20,29,18,32,40,34,20,26,15,18,19,25,40,29,34,28,27,27,33,47,38,49,47,55,162,30,41,22,,24,22,80,113,70,92,38,31,37,45,38,39,30,,31,,9,11,12,12,41,,,71,,55,23,33,,32,41,36,73,44,34,34,36,46,22,39,7,12,12,14,7,,33,,31,,48,31,61,35,23,27,22,27,20,24,8,10,7,19,19,29,,65,74,58,49,57,54,54,17,41,15,37,12,11,11,11,25,8,9,10,24,21,36,29,34,13,9,14,49,32,34,25,20,14,62,88,,40,45,,19,26,28,15,14,20,27,8,,,63,63,74,45,,27,,28,31,47,45,,50,42,,40,49,43,,51,57,64,50,59,48,31,32,35,22,,18,14,17,21,22,19,,28,19,9,12,10,38,18,22,42,19,,24,50,125,40,40,40,11,8,7,11,6,,5,22,17,22,15,22,22,28,,32,10,17,28,14,20,15,9,9,7,10,,7,10,9,18,22,18,22,17,29,26,23,14,66,82,,71,82,70,84,38,67,46,43,56,35,34,36,39,67,75,73,69,23,58,57,84,67,67,,61,17,20,9,18,14,18,18,18,39,31,28,30,21,31,36,27,24,44,10,23,12,16,11,16,30,27,27,14,,1,,31,23,29,27,32,31,5,4,24,26,24,27,32,33,35,29,42,36,59,26,22,19,37,28,38,36,39,,,44,22,28,31,38,44,44,40,55,42,38,19,19,27,,18,23,18,46,51,50,52,32,44,37,48,40,35,72,83,21,23,27,30,27,34,34,31,,,55,55,1,10,1,16,,12,10,26,23,4,2,12,13,22,27,21,16,42,45,47,44,10,11,24,15,22,12,,25,18,20,8,9,9,17,13,25,6,6,9,13,12,6,14,17,20,14,14,,11,15,20,17,18,,4,6,20,7,24,8,11,10,12,4,,3,6,20,24,,37,31,28,,,25,16,26,53,26,41,77,42,,49,48,,39,70,96,105,70,64,93,87,49,51,41,35,37,49,,38,40,64,30,,57,91,51,35,51,,,56,16,19,19,22,101,23,8,,27,18,15,56,,,3,6,21,18,25,9,13,57,54,53,72,57,17,32,36,27,14,20,18,14,47,52,55,52,29,34,16,20,21,9,9,21,20,14,,,11,14,17,17,12,34,34,17,35,20,34,5,18,19,12,3,7,10,6,17,18,21,20,12,20,20,12,31,22,19,10,11,23,,49,44,47,21,17,30,,26,52,26,,29,51,70,53,20,20,21,22,,15,4,42,25,24,21,1,21,9,3,17,13,,30,19,53,27,6,8,5,11,17,55,,28,37,4,2,5,32,40,28,25,22,51,44,40,41,37,33,47,37,40,39,33,32,28,22,20,50,40,47,37,48,10,39,32,32,34,31,30,26,23,33,23,38,35,34,37,78,77,55,53,85,58,68,54,57,26,33,28,20,29,36,44,35,41,26,39,37,46,52,52,44,44,,45,61,51,36,,38,35,49,,46,74,62,64,70,50,58,103,68,54,61,51,52,31,70,74,57,,37,44,11,37,6,35,39,37,101,91,55,110,32,59,19,24,22,27,,15,25,,21,26,28,21,27,17,15,14,23,31,26,26,26,31,28,28,29,37,42,46,22,12,26,38,14,25,29,40,20,17,18,10,19,28,24,11,19,29,23,23,26,11,33,29,17,40,8,13,22,42,53,57,53,23,25,22,22,18,11,32,,37,24,24,31,32,32,35,38,36,14,25,21,23,33,20,45,6,2,3,8,37,35,29,28,28,41,27,32,31,29,34,30,20,13,15,23,33,36,34,,11,40,21,24,,32,31,32,14,39,,17,19,,13,17,23,18,17,2,2,4,,20,8,17,17,10,16,17,44,10,22,30,10,10,12,8,12,13,32,36,9,10,10,,7,16,14,24,22,26,11,10,23,22,9,10,18,16,,17,19,12,9,14,6,6,8,14,8,9,9,,2,5,10,2,3,3,1,17,,,,,6,22,26,31,27,33,24,27,26,,17,14,16,20,11,8,8,35,33,,8,8,7,31,21,29,21,36,42,35,9,12,18,,17,6,19,35,12,20,13,27,2,30,4,7,16,6,7,,6,11,15,21,26,18,15,8,23,15,10,17,27,29,16,65,,40,55,106,55,28,36,14,7,1,14,34,20,15,32,40,18,84,84,56,63,42,60,39,12,18,13,40,19,11,37,34,27,26,75,30,12,19,14,9,14,22,19,27,10,20,17,42,51,47,32,61,39,26,38,36,30,13,22,6,27,11,18,9,45,56,18,28,13,17,19,26,9,50,,86,36,100,81,46,55,46,6,51,20,31,8,66,29,21,83,36,10,47,33,7,33,6,42
20170820,8,PM2.5_24h,46,40,50,40,51,48,38,47,33,44,49,50,,,44,,43,42,41,,41,44,32,,42,46,,61,64,53,71,47,58,37,40,39,52,42,51,45,16,19,27,17,25,71,87,83,65,45,42,64,60,53,46,32,35,17,28,34,12,10,22,16,23,38,33,,37,32,35,44,45,43,49,52,50,59,49,41,,,39,34,36,34,35,34,54,51,55,66,52,55,67,59,18,27,32,,,29,33,28,29,,34,18,16,18,16,14,17,15,19,18,17,16,13,11,,10,6,6,10,10,12,23,22,12,,25,21,23,25,23,17,18,21,28,27,28,29,22,33,28,24,24,27,12,11,13,11,16,7,13,14,8,19,20,19,18,12,20,16,17,24,23,20,27,23,15,,,,28,16,,11,17,21,,28,27,21,,16,29,18,19,26,23,23,25,19,,,,16,17,,22,18,22,20,22,,22,15,14,15,14,18,20,19,,7,,20,,15,26,24,17,30,24,26,29,26,24,27,16,26,33,34,27,,33,28,27,39,33,33,42,37,30,,,15,,29,29,,29,33,35,20,22,19,,25,20,35,37,43,21,23,,15,19,14,16,19,23,22,18,14,17,32,,33,34,34,39,33,14,27,36,24,19,42,34,34,24,,32,39,53,34,46,52,62,53,,12,12,12,9,12,10,13,10,14,51,56,62,54,59,117,51,51,49,24,20,19,19,29,27,20,21,21,17,31,21,34,27,22,23,22,19,23,29,26,22,,25,23,24,49,20,45,23,26,16,16,13,14,12,27,14,13,13,13,28,9,13,6,13,31,30,27,13,18,23,39,33,16,13,12,3,12,15,18,23,27,28,37,29,20,23,26,22,20,22,35,32,32,29,25,28,23,21,25,28,,28,6,8,13,8,11,19,,23,16,22,14,10,18,18,21,,17,12,12,18,15,,17,28,26,14,21,,19,25,6,18,6,14,9,12,20,16,8,16,12,17,11,19,22,20,10,6,6,5,10,3,51,43,38,45,50,51,41,59,37,36,37,55,44,24,24,13,25,19,8,,26,28,26,,,,25,18,15,21,25,22,15,,14,20,30,25,23,22,33,31,24,21,23,14,18,19,22,48,41,59,56,52,55,49,56,43,56,56,34,69,23,28,16,,18,18,39,36,31,28,28,25,26,29,26,29,24,,16,,11,12,13,11,40,,,48,,42,24,26,,30,25,29,37,32,26,20,13,15,8,30,18,18,18,18,22,,26,,28,,23,23,29,22,17,19,21,13,9,11,13,12,16,19,18,28,,59,57,54,48,55,24,25,16,26,18,30,10,10,10,11,12,10,5,11,16,20,29,35,37,11,11,16,31,27,30,11,13,12,45,54,,35,28,,24,31,27,26,17,22,24,7,,,39,39,49,33,,29,,34,31,38,41,,38,41,,51,60,54,,55,50,54,49,54,44,26,20,23,24,,17,13,14,20,19,15,,29,21,13,17,10,22,13,17,25,13,20,14,31,36,29,29,29,13,10,8,9,10,,8,23,15,19,13,22,17,20,21,19,11,11,21,17,16,13,16,16,16,18,,16,19,16,21,25,24,27,19,28,26,35,15,55,89,,61,75,60,69,50,62,53,52,65,48,49,52,58,72,66,69,64,42,57,46,59,49,52,,45,19,24,19,18,15,20,19,22,26,25,33,24,21,27,26,24,28,30,9,17,19,14,14,16,24,25,18,18,10,8,17,25,25,25,26,32,22,9,7,25,26,24,28,21,28,33,24,36,29,24,18,16,18,35,32,37,26,52,,,45,15,16,23,30,26,30,32,36,34,29,17,20,14,,21,21,19,34,40,35,39,29,37,33,36,31,25,41,52,52,60,57,70,56,69,58,58,,,37,34,6,12,6,20,,16,16,24,22,5,8,17,12,17,27,37,20,24,25,36,36,14,14,15,11,19,12,23,23,20,19,21,19,22,21,12,21,8,8,10,13,9,9,20,22,21,22,25,,27,23,22,22,24,,10,16,30,27,32,16,17,16,21,15,,23,23,17,22,,26,26,25,,,19,16,26,22,15,16,22,26,,32,39,,35,38,69,71,62,54,60,61,38,40,38,38,34,36,,27,28,36,27,,30,37,37,26,27,50,,50,31,29,30,10,27,14,21,,38,34,28,44,,,11,9,15,16,33,26,24,35,30,32,40,25,12,24,19,25,35,26,29,27,28,28,31,20,24,28,15,18,14,13,12,19,13,11,,,9,12,12,14,17,28,29,20,26,14,24,5,27,14,19,7,9,12,7,17,17,13,16,10,19,21,16,22,16,18,21,12,14,,38,28,38,12,16,16,,19,24,15,,26,22,23,22,22,26,26,38,,36,19,50,38,35,25,9,13,14,17,21,12,,19,8,15,16,13,13,9,16,13,22,,26,39,10,7,13,34,45,31,26,36,40,36,34,33,39,31,43,35,32,34,34,31,29,30,23,38,42,42,47,37,6,22,18,22,16,27,28,27,27,32,20,28,27,25,28,69,58,50,53,66,52,54,46,50,28,27,26,24,27,32,35,26,34,29,37,36,38,42,59,56,54,,52,64,56,38,,40,36,47,,46,41,34,39,39,36,26,36,27,33,36,33,32,23,29,32,24,,26,30,18,29,30,34,36,31,46,43,32,54,28,35,14,20,19,20,,11,25,,19,22,21,16,29,19,17,17,31,30,28,19,20,24,21,20,27,30,33,36,31,18,20,33,13,14,15,27,18,13,15,10,20,18,18,15,19,18,19,14,25,20,24,27,25,27,10,18,22,38,41,51,41,22,28,20,23,23,28,26,,32,23,33,38,35,31,30,36,33,12,20,18,22,22,19,23,6,8,10,9,43,37,35,33,30,36,24,35,25,24,25,25,17,12,17,28,20,31,27,,16,24,21,24,23,26,23,30,23,35,,17,18,,10,22,21,25,15,4,5,6,,10,8,12,11,11,13,22,30,9,15,24,10,10,10,10,10,11,23,27,10,10,10,,10,9,14,17,14,17,17,11,27,18,20,11,10,11,,9,17,12,9,11,13,8,14,9,12,10,12,3,3,11,18,8,6,4,3,22,,6,,3,4,23,27,29,30,40,33,31,28,,16,15,25,20,21,13,9,24,29,,17,6,10,20,26,19,21,32,36,36,14,12,18,,16,13,22,44,27,24,15,30,5,22,23,13,22,17,18,22,12,21,19,21,33,21,21,12,21,15,11,17,23,26,13,45,,52,73,90,28,20,29,11,7,8,14,25,13,12,24,38,24,51,48,33,47,35,34,38,13,21,22,33,30,17,27,30,25,20,47,29,10,14,12,12,22,27,22,25,17,16,12,43,43,41,39,32,26,21,23,36,22,23,16,22,14,15,18,6,22,20,15,15,16,18,15,19,10,57,,36,38,76,56,33,54,46,12,44,21,24,17,51,29,24,38,58,16,29,19,14,14,11,39
20170820,8,PM10,,69,,,,,91,60,58,92,,96,,,125,,87,95,106,,107,101,81,,113,,,142,164,127,,91,77,100,90,88,154,130,135,133,24,20,44,43,63,125,146,110,92,61,78,,,76,74,58,39,51,66,61,80,73,61,85,51,66,87,,67,96,94,84,119,99,107,88,120,93,94,100,,,82,95,70,107,69,110,73,85,135,150,132,120,129,108,28,44,41,,,79,47,57,58,,83,30,26,25,40,33,38,28,25,33,26,45,51,49,,36,15,18,29,32,47,82,46,40,,54,64,58,60,54,16,69,33,31,22,26,21,21,14,22,18,16,16,22,,20,,20,23,,9,11,26,27,45,,38,54,37,43,54,29,24,45,33,40,,,,137,97,,107,106,71,,44,31,30,,19,66,31,15,33,,36,47,19,,,,23,28,,21,15,15,34,42,,24,39,63,39,42,57,37,,,48,,,,26,52,34,33,33,26,34,39,46,31,49,25,41,48,47,55,,39,47,58,41,49,51,44,40,58,,,21,,37,28,,60,62,68,27,28,27,,16,21,47,57,59,33,31,,54,35,36,30,37,50,38,41,37,33,60,,88,79,88,106,38,50,60,91,97,86,95,97,122,40,,101,109,168,115,126,162,117,129,,18,15,13,26,12,20,,49,19,51,35,49,61,,31,56,54,88,54,71,47,47,51,74,36,58,48,77,64,31,74,47,53,40,43,57,64,65,28,33,,35,51,27,110,,88,,,26,29,20,26,26,80,16,18,24,20,52,13,18,15,15,,33,,26,24,,63,,35,28,18,13,,,31,,,21,,18,,28,21,34,55,40,49,65,49,62,43,67,61,73,99,76,,78,24,14,15,8,22,38,,34,42,61,35,42,97,55,58,,29,54,56,40,99,,34,45,30,25,56,,29,55,26,30,12,23,32,27,24,19,21,41,24,,56,39,45,69,15,6,2,5,2,9,,75,65,93,81,71,64,76,60,77,66,81,87,26,25,,,12,4,,7,16,69,,,,49,45,45,131,95,57,85,,93,44,58,41,45,29,40,54,47,39,36,18,45,56,63,64,70,49,54,71,67,87,91,55,59,77,108,292,67,70,36,,39,43,188,183,106,116,79,67,67,103,86,79,69,,31,,15,,,17,59,,,122,,107,35,39,,47,96,92,107,86,55,101,65,89,73,94,20,30,13,24,13,,84,,68,,98,63,,74,,,43,28,38,34,17,17,23,66,44,51,,69,75,67,52,72,,70,31,48,54,63,33,20,12,,,,27,15,,29,50,40,50,13,20,,79,60,61,,32,28,83,,,50,50,,20,,42,20,,,36,33,,,93,97,74,173,,32,,30,37,54,53,,63,52,,75,56,74,,79,111,107,147,144,94,55,91,81,51,,21,24,34,31,51,24,,62,44,,29,15,82,121,35,70,48,42,53,77,,70,103,62,24,28,26,30,21,,8,56,62,75,24,74,54,52,162,53,31,44,,23,42,24,12,14,12,10,,10,14,10,40,82,45,28,45,93,80,24,24,105,136,,134,104,143,136,48,107,74,63,100,51,48,49,39,145,105,94,110,98,97,67,85,93,90,,79,61,40,34,49,65,24,33,31,,31,51,39,48,,50,33,37,,26,63,72,,21,36,55,33,66,,22,11,5,43,43,34,31,43,50,12,19,28,33,35,41,40,53,47,50,52,57,,46,56,43,65,76,59,50,73,,,52,37,36,44,46,67,64,76,94,54,66,66,43,115,,47,46,44,69,62,59,64,37,,73,78,93,99,142,114,,,28,,,34,,,,,67,79,30,,10,51,,,16,56,33,41,16,25,,,66,49,53,59,66,73,82,36,19,30,31,37,30,33,43,28,,14,14,34,33,21,49,20,12,10,,18,9,25,30,20,23,19,22,26,,34,48,22,,19,18,,27,29,18,11,16,17,6,,13,9,47,33,,49,51,47,,,64,49,41,123,90,86,120,64,,66,65,,92,141,143,123,115,101,189,163,67,,72,85,,68,,56,55,74,106,,79,108,92,53,78,,,72,35,,20,59,150,41,31,,,37,41,60,,,81,49,24,26,,55,23,93,98,104,122,110,28,59,59,170,31,30,31,31,88,72,87,108,51,54,35,33,32,25,24,34,26,51,,,43,21,44,32,29,84,96,30,43,,120,7,55,88,30,8,15,15,16,52,40,49,69,20,64,116,19,43,33,38,45,21,38,,68,,65,47,27,67,,77,64,117,,32,57,,76,32,32,70,,,16,31,50,32,38,30,31,43,14,17,,54,,46,35,,30,33,25,20,22,28,56,,64,55,,3,,56,53,52,30,34,76,46,66,61,54,49,,,65,76,120,62,28,31,31,57,77,56,69,50,23,116,91,82,79,45,65,40,52,52,41,82,66,110,69,95,116,68,59,111,75,90,80,76,39,49,45,41,54,50,47,42,60,52,40,55,73,99,79,88,66,,48,73,86,44,,46,56,61,,48,89,86,89,74,58,66,107,,72,111,108,96,73,108,91,99,,61,74,75,51,20,43,,44,104,114,121,112,42,,45,48,49,48,,36,41,,42,31,40,47,48,38,19,18,47,44,36,46,40,50,43,59,39,61,67,72,33,26,62,51,39,65,33,65,92,65,58,30,24,35,29,24,50,31,46,56,71,25,46,49,55,,15,40,38,66,74,116,73,58,55,41,30,,16,38,,64,50,,44,33,42,73,48,53,21,51,47,47,57,20,62,26,20,31,64,61,42,36,65,86,90,51,56,48,42,40,41,47,44,44,47,48,64,84,,74,55,29,40,31,44,53,48,25,41,,27,37,,39,81,53,59,37,2,7,4,,33,14,20,35,19,24,47,53,58,54,,20,20,20,17,35,21,95,60,16,17,18,,14,29,14,39,54,115,22,26,,25,37,16,50,47,,36,45,23,19,41,33,12,12,,20,22,26,32,24,8,23,4,10,3,8,32,,3,,10,28,29,46,59,38,41,49,48,58,,36,22,23,27,18,12,21,50,53,,,9,19,46,41,120,68,61,65,58,18,,64,,,14,,,17,,,,4,35,25,13,,11,12,13,30,78,23,94,61,40,51,12,48,33,24,36,43,56,75,197,,97,224,177,112,64,83,27,43,3,42,51,56,27,41,50,21,136,85,65,133,65,72,68,40,31,,52,32,25,62,34,56,55,130,39,15,53,27,62,23,46,34,67,12,30,22,49,120,80,50,70,,82,50,63,58,24,31,,80,17,28,28,115,87,,41,24,47,33,80,47,130,,139,37,,102,57,,56,12,72,32,67,23,92,109,,111,64,24,67,58,44,51,12,50
20170820,8,PM10_24h,,54,,,,,70,58,46,65,,79,,,71,,58,60,56,,60,54,44,,61,44,,105,105,95,91,80,69,83,73,68,115,105,104,88,28,29,46,49,47,122,141,114,96,56,65,69,75,66,59,60,46,61,65,67,63,47,42,52,35,52,50,,49,50,59,58,65,56,64,87,84,77,89,74,,,61,57,64,69,49,80,101,103,113,136,108,110,96,101,31,41,47,,,57,51,45,50,,69,28,24,26,29,29,31,21,22,27,21,40,58,36,,33,15,17,24,23,37,96,76,68,,77,76,76,73,63,43,45,60,62,50,40,51,55,52,50,41,43,47,36,33,32,21,33,35,50,30,27,34,42,40,36,34,38,41,37,56,42,60,62,58,26,,,,57,43,,43,44,55,,56,66,41,,40,53,47,38,61,46,41,51,28,,,,33,33,,49,47,45,42,47,,35,26,31,31,29,34,27,16,,26,,28,,20,46,42,25,44,34,38,44,50,40,44,30,41,49,44,43,,35,40,52,53,57,57,57,57,53,,,30,,54,42,,62,51,52,33,30,30,,42,31,51,55,56,38,41,,38,35,28,27,35,39,42,31,30,30,64,,70,67,71,76,44,30,45,72,78,59,87,82,81,33,,78,82,117,79,83,110,87,97,,36,31,29,36,25,24,25,51,24,83,78,78,82,76,77,80,77,97,64,54,60,47,57,66,56,54,53,46,54,34,71,59,40,54,46,43,52,50,49,49,,43,51,34,83,43,63,47,45,20,25,18,33,21,49,24,22,20,14,41,13,16,13,21,52,50,51,33,35,36,55,44,28,26,21,14,32,34,35,32,51,49,52,46,32,55,53,50,56,48,61,59,45,56,43,58,50,39,66,60,,64,16,17,20,21,21,32,,42,33,51,50,37,66,47,55,,31,37,39,38,52,,32,41,36,29,60,,30,48,28,33,21,26,37,36,31,31,39,39,30,27,39,37,34,49,16,11,10,11,19,13,72,69,62,88,83,77,63,113,47,62,54,88,93,67,61,36,58,49,24,,38,58,55,,,,59,60,41,73,66,50,46,,43,45,59,43,46,39,39,49,45,39,39,18,29,44,56,75,83,79,81,90,94,102,83,65,70,101,62,104,47,46,31,,31,40,74,67,51,47,73,44,45,65,59,63,50,,25,,28,34,33,26,53,,,67,,73,34,33,,72,63,65,74,70,40,49,34,41,34,71,36,34,32,24,32,,53,,54,,51,41,35,41,41,40,61,26,20,21,27,28,28,42,36,54,,78,73,78,73,76,47,50,31,45,39,52,23,22,17,15,29,14,17,27,27,34,50,66,58,20,20,22,57,53,53,18,24,24,90,61,,61,57,,45,54,46,46,27,48,50,28,,,75,62,62,101,,43,,49,41,48,50,,51,52,,78,72,79,,75,86,69,84,111,76,46,57,53,38,,21,25,40,30,44,20,,49,52,29,35,17,44,47,30,45,46,42,36,52,53,46,55,46,34,30,28,27,30,,11,54,47,55,25,54,58,41,64,58,32,33,28,23,30,24,35,30,36,35,,42,39,39,50,63,44,54,36,68,55,69,28,109,111,,105,103,117,114,69,94,82,79,97,73,74,70,73,111,101,95,91,82,84,67,84,67,72,,54,46,65,57,52,50,42,39,45,29,28,43,38,40,26,44,31,40,39,27,45,57,32,23,27,46,43,48,26,26,22,38,36,45,31,43,63,75,17,17,33,38,37,43,36,46,44,39,47,59,48,29,49,45,51,62,46,38,71,,,60,38,38,43,39,44,48,62,73,48,52,59,37,50,,40,37,44,58,61,61,71,42,48,63,59,68,74,90,101,120,128,111,121,122,121,137,136,,,52,46,24,20,14,39,,41,43,52,63,47,23,44,27,40,88,83,89,39,32,67,61,34,18,24,24,33,34,34,37,29,,29,32,49,44,43,44,22,23,17,15,19,19,50,47,46,40,43,33,40,44,46,63,58,,32,38,43,43,42,35,31,28,33,18,,42,35,37,37,,36,47,48,,,35,30,45,54,36,29,43,51,,49,59,,78,77,97,97,90,83,121,112,52,67,59,73,64,45,,43,41,47,55,,41,53,59,50,44,98,,74,62,65,59,26,42,27,42,,104,87,104,43,,,42,47,22,30,53,73,38,63,54,51,71,66,26,40,42,58,56,39,53,40,60,44,71,42,47,39,29,28,24,26,31,37,29,41,,,43,31,28,26,40,70,75,44,53,56,121,27,64,44,34,13,21,19,18,33,37,41,56,17,55,92,31,44,37,33,36,33,28,,65,41,45,33,33,37,,44,40,50,,34,44,42,50,38,45,57,64,,50,41,57,49,61,31,43,35,33,39,38,40,,38,33,31,35,43,34,27,28,36,37,,61,63,27,28,27,63,59,55,36,56,66,47,63,58,56,46,65,57,60,61,74,65,52,50,51,54,68,68,91,62,13,69,48,52,46,38,54,54,59,67,34,52,45,52,41,88,94,76,73,94,67,77,72,74,41,42,47,40,52,40,41,37,53,42,50,59,65,76,88,92,83,,75,81,77,60,,62,60,62,,55,58,52,53,45,53,38,51,49,60,72,64,68,51,40,45,39,,41,62,60,46,40,52,50,48,61,64,61,59,41,50,43,44,49,47,,38,41,,48,23,32,27,36,35,24,22,53,46,40,43,40,50,41,36,41,46,55,61,46,31,42,43,31,36,32,51,76,47,55,26,27,34,41,31,38,38,50,62,64,32,37,41,47,33,22,46,66,63,68,86,61,77,44,38,45,50,48,50,,63,57,69,63,55,57,67,50,55,25,57,48,39,41,35,38,37,43,33,66,76,44,45,71,51,54,37,45,33,37,32,36,48,35,32,43,44,61,67,,57,52,35,34,36,44,56,44,33,39,,27,35,,44,78,60,78,56,12,8,12,,22,13,16,22,23,26,32,51,38,54,36,18,21,16,20,44,54,68,43,26,19,16,,20,27,23,42,47,78,54,29,23,22,37,27,19,23,,28,36,20,26,28,41,18,29,28,23,28,49,53,27,34,60,13,15,11,16,73,,15,,13,27,36,53,54,52,59,55,50,53,,32,28,39,31,83,56,30,40,44,,36,12,18,45,45,53,47,54,57,55,36,26,56,,24,28,37,79,44,36,35,39,11,35,48,57,47,75,67,76,57,69,45,60,101,76,66,15,39,30,33,44,60,78,82,212,,156,331,240,63,43,69,24,29,16,40,42,43,24,40,44,32,77,55,51,108,48,42,84,43,48,40,40,45,36,44,37,40,33,88,37,16,54,34,41,30,44,40,51,32,26,18,53,73,71,51,52,50,58,53,68,52,37,29,47,34,24,31,13,53,36,25,28,26,42,40,51,33,95,,67,57,96,105,69,54,63,28,53,36,53,31,66,70,42,56,78,36,44,31,56,32,22,47
20170820,8,SO2,5,2,6,4,5,7,2,2,2,5,3,2,,,18,,18,4,5,,12,7,15,,42,3,,9,31,8,2,10,10,3,57,33,74,53,63,62,7,3,15,12,14,6,16,17,14,13,20,10,8,9,11,7,13,17,9,6,6,7,19,4,5,12,27,,12,16,20,19,5,8,7,10,17,14,17,8,,,15,83,8,13,12,13,14,13,13,12,14,9,18,11,5,11,8,,,21,6,18,10,,36,7,7,9,12,8,6,7,4,5,7,9,9,7,,9,5,9,10,4,15,10,6,4,,4,15,15,19,14,4,14,10,5,6,7,6,5,7,7,8,8,8,13,19,12,24,11,12,9,12,8,7,10,24,8,4,13,6,9,20,29,28,14,24,5,,,,29,17,,16,41,17,,19,10,11,,3,8,5,4,3,8,5,11,20,,,,12,11,,7,7,6,9,29,,7,10,7,16,3,2,10,10,,8,,15,,7,11,6,7,8,8,11,16,6,9,12,5,7,6,12,5,,8,8,7,16,12,12,13,4,9,,,6,,10,7,,7,10,11,6,9,10,,8,6,22,26,26,6,6,,8,5,2,18,4,13,10,15,24,7,5,,6,7,6,12,2,14,14,66,73,99,68,62,23,2,,70,9,26,24,6,15,22,20,,2,3,3,3,9,5,5,16,7,5,11,11,8,6,7,10,7,9,15,10,4,13,7,9,2,5,4,8,25,13,28,17,27,13,27,4,22,20,11,11,,12,23,19,26,12,8,9,11,10,8,8,10,6,15,18,6,14,13,12,2,6,1,13,10,3,10,22,9,13,40,34,14,11,6,5,9,5,13,6,14,22,20,12,12,7,16,9,13,9,17,57,21,30,7,19,11,7,7,22,,8,4,6,5,3,7,20,,19,17,13,29,8,13,16,27,,21,16,26,9,23,,8,6,16,9,7,,5,4,11,4,7,6,6,5,7,6,8,22,20,10,15,18,40,101,14,20,17,11,8,12,8,2,7,6,10,5,7,9,14,7,5,12,10,5,2,2,6,3,3,,7,7,2,,,,10,8,8,7,9,4,8,,13,25,140,23,19,18,17,20,21,17,18,4,10,16,21,5,11,13,7,10,9,10,6,8,9,5,20,52,10,8,7,,3,6,23,24,17,323,9,38,18,4,43,20,25,,9,,10,10,8,9,16,,,13,,7,12,10,,22,17,11,14,34,23,16,18,8,19,22,8,6,5,6,4,,16,,15,,9,15,18,37,4,8,9,10,8,1,2,1,4,17,12,13,,88,21,20,10,18,17,19,17,12,19,72,16,9,6,20,16,9,12,20,54,9,9,10,21,10,9,10,15,11,13,17,13,14,18,23,,18,17,,15,15,23,15,7,7,13,11,,,9,9,8,13,,12,,13,12,10,4,,2,8,,12,42,20,,17,23,4,45,123,23,2,12,17,13,,5,5,5,5,5,4,,8,11,7,8,10,133,7,6,12,7,8,4,23,76,40,46,40,8,6,5,10,5,,2,8,6,5,15,10,12,2,32,22,8,4,6,3,30,8,7,9,5,2,,7,7,7,11,22,15,16,7,24,44,6,5,13,11,,17,20,26,14,11,34,12,16,13,3,6,4,6,22,10,13,3,16,14,11,15,13,20,,18,10,9,7,5,8,7,10,13,8,41,56,21,14,36,8,19,19,19,28,10,8,9,7,6,12,12,7,5,6,6,8,11,12,15,10,20,5,2,2,5,3,6,7,7,6,12,5,11,7,30,13,17,11,4,4,11,11,12,,,6,3,3,11,6,6,8,12,15,8,7,12,10,11,,8,28,16,16,12,15,7,11,9,6,9,13,10,11,15,4,5,2,2,4,3,4,1,,,5,8,6,3,6,3,,6,6,58,8,4,7,3,3,6,3,4,4,10,19,9,11,4,1,4,2,8,5,4,5,5,4,6,8,14,8,7,3,3,3,1,3,9,5,7,8,11,11,10,14,11,28,,13,15,,7,7,12,16,10,9,7,17,10,4,,17,16,13,11,,9,6,16,,,1,3,14,7,8,8,9,5,,8,10,,21,54,29,18,22,15,22,36,10,12,25,20,17,17,,13,14,10,20,,21,17,43,50,43,,,20,3,5,4,12,13,7,5,,4,3,3,32,,,6,8,14,8,7,7,9,20,34,58,70,35,6,8,10,10,10,7,5,4,9,7,7,12,13,18,20,8,12,5,4,4,22,10,,,7,8,7,8,1,2,1,3,10,8,9,4,9,3,4,4,6,12,6,5,3,5,17,3,23,20,2,11,9,13,3,14,29,,23,16,10,24,10,20,,11,1,11,,15,25,21,22,38,55,28,7,,16,7,7,18,25,9,8,9,9,4,6,5,,9,4,24,15,14,7,7,9,14,10,,32,24,19,2,9,13,9,9,18,5,27,14,14,15,4,6,12,4,12,25,8,22,6,8,7,23,8,4,10,6,5,45,18,34,33,4,10,44,19,30,26,50,52,37,29,21,45,24,41,46,63,43,78,52,8,5,12,25,20,4,13,7,8,4,59,93,117,155,23,24,29,,18,9,15,7,,5,4,10,,7,9,7,8,7,9,7,10,3,7,7,4,6,6,8,6,5,,6,11,25,4,11,8,37,9,9,8,6,9,8,3,13,6,9,7,,7,7,,2,6,1,5,14,7,2,3,10,13,13,21,22,29,14,22,25,57,34,57,32,33,25,11,23,23,17,28,12,35,34,10,5,14,10,16,6,5,8,9,1,8,2,32,58,21,3,1,6,37,16,14,27,13,11,12,13,10,10,12,,11,6,7,96,108,9,13,24,19,8,7,5,12,16,9,70,6,40,32,32,7,7,13,10,26,14,4,5,9,5,5,6,4,9,5,8,8,10,7,,8,18,9,7,9,10,17,3,26,9,,4,2,,6,28,7,7,9,9,7,6,,20,8,12,15,8,11,10,7,14,21,9,4,5,4,2,4,7,9,10,6,10,3,,4,10,3,27,67,8,18,9,5,4,9,9,13,19,,71,8,13,12,6,7,4,5,6,7,15,9,4,12,4,8,4,3,5,4,3,,4,,5,2,4,10,8,18,7,7,7,3,,17,12,20,6,16,4,7,8,9,,9,5,7,3,2,19,12,5,7,8,3,12,5,,7,14,4,4,3,6,11,16,4,8,5,9,6,6,9,5,5,5,5,4,5,1,12,6,7,1,2,13,4,2,3,10,,16,34,66,21,18,7,3,3,3,8,9,6,16,26,6,16,33,9,12,34,12,12,13,15,9,8,7,8,6,12,9,12,13,7,8,5,40,24,3,23,17,32,9,11,4,5,84,10,21,12,19,13,5,8,49,3,6,10,11,7,13,11,13,44,39,9,8,9,3,18,21,15,21,,22,10,21,61,35,9,6,6,28,4,4,8,13,58,5,29,23,7,8,6,2,12,21,29
20170820,8,SO2_24h,2,2,2,2,2,3,2,2,2,2,2,2,,,6,,8,2,5,,6,4,10,,13,3,,6,26,6,2,9,6,3,33,27,51,46,53,46,8,5,17,11,12,5,9,11,8,9,13,7,5,4,6,6,21,20,15,8,6,6,10,3,5,9,11,,7,16,18,19,3,6,6,6,8,8,9,9,,,12,26,11,9,9,17,15,15,17,13,15,12,14,11,10,17,11,,,9,20,11,15,,14,7,8,9,10,5,5,6,5,5,6,7,8,8,,8,5,8,9,3,11,10,6,4,,4,10,13,14,9,6,11,10,7,7,8,7,6,9,8,6,9,10,15,16,11,26,10,12,11,11,9,8,7,12,5,5,9,6,9,19,16,21,14,14,6,,,,15,5,,9,19,18,,27,12,13,,2,8,4,3,4,9,6,10,22,,,,12,10,,12,9,6,6,10,,6,10,7,16,2,2,9,9,,9,,12,,6,10,7,8,9,9,9,14,6,10,10,5,8,6,9,4,,7,6,7,13,11,12,13,5,8,,,6,,9,5,,5,5,8,7,7,9,,9,6,18,14,11,7,7,,7,4,3,16,4,18,15,16,22,6,6,,9,7,5,12,4,10,10,42,43,38,28,36,9,5,,33,8,17,20,6,12,15,16,,8,3,3,2,10,5,5,8,7,5,8,8,7,4,4,9,6,8,10,7,7,11,9,5,4,5,6,8,21,10,20,14,20,12,16,6,12,12,13,13,,13,19,17,18,12,6,8,11,11,10,10,14,6,11,19,5,10,10,9,4,5,5,5,10,8,8,10,10,10,20,17,9,6,6,6,9,14,8,7,15,20,17,13,13,7,10,8,10,6,16,26,13,23,7,11,8,7,7,11,,9,3,6,5,4,6,15,,14,12,12,19,10,11,15,15,,16,12,13,9,17,,8,6,15,9,7,,6,10,9,4,6,6,5,4,6,6,11,13,12,11,12,14,19,26,6,13,9,9,9,7,7,2,7,6,8,5,6,9,9,6,6,8,9,9,6,2,9,6,9,,12,9,3,,,,19,15,8,9,10,5,9,,12,21,111,34,20,23,10,70,13,11,11,4,9,12,11,15,20,19,13,17,13,12,7,8,10,6,8,11,6,5,10,,3,5,14,13,13,39,12,26,23,4,22,14,15,,8,,9,10,12,8,16,,,10,,5,9,6,,16,19,12,10,26,12,11,16,7,18,21,9,8,6,8,5,,11,,12,,5,13,18,18,6,9,9,12,10,3,2,2,6,15,11,12,,35,16,28,16,18,14,12,12,9,15,40,8,7,9,8,10,7,5,7,13,8,8,7,10,9,9,9,7,7,7,3,5,6,14,18,,18,17,,16,16,14,15,7,8,15,7,,,9,10,9,12,,12,,15,12,10,4,,2,8,,28,40,27,,35,9,4,12,21,14,3,14,15,13,,6,6,6,9,6,6,,18,13,12,10,10,26,6,6,10,7,8,3,12,20,20,22,20,9,6,5,8,5,,2,7,5,5,17,12,3,4,9,7,7,4,6,3,15,5,11,11,8,2,,14,14,16,14,23,18,19,8,22,43,29,6,9,10,,10,17,14,11,7,14,8,9,24,3,5,4,6,13,11,6,2,13,11,7,11,7,11,,9,12,10,8,7,9,9,11,9,31,26,37,10,8,24,9,13,12,13,19,9,6,9,7,6,11,12,6,5,6,7,9,8,7,9,8,17,4,2,2,6,6,8,7,6,6,9,5,9,5,24,20,11,12,4,6,11,7,14,,,11,4,3,11,7,6,4,7,12,10,7,10,8,11,,9,18,13,11,12,15,6,10,9,6,8,12,10,10,14,5,5,4,3,4,5,5,3,,,5,7,4,4,5,24,,8,28,25,12,3,6,3,10,6,3,5,4,8,12,9,10,4,2,4,2,7,4,5,6,5,4,4,4,8,6,6,3,6,4,2,4,9,5,6,8,10,11,11,14,13,22,,12,15,,8,7,11,13,11,10,9,18,13,10,,18,15,14,10,,10,5,9,,,2,2,13,9,9,9,9,6,,9,11,,14,22,16,11,16,7,12,21,10,10,17,13,16,17,,11,12,8,6,,11,14,19,24,26,30,,30,23,25,21,6,8,5,4,,5,9,7,25,,,6,3,13,9,9,7,10,15,15,17,24,13,7,8,12,10,16,6,7,6,14,15,11,15,9,12,12,10,9,7,4,4,6,8,,,7,7,7,8,3,1,3,2,11,6,8,4,17,4,11,4,5,11,7,7,2,4,14,2,16,17,3,11,16,15,6,8,30,,17,14,12,14,12,12,,13,2,9,,24,12,29,24,26,21,22,16,,23,9,7,14,20,12,9,8,10,6,8,3,,12,17,19,19,11,8,7,9,13,13,,22,20,18,12,9,13,11,8,16,6,15,14,9,14,5,7,15,6,8,15,10,10,5,6,6,27,14,5,26,8,5,18,12,16,59,3,8,19,20,15,28,12,19,20,14,14,25,16,20,26,35,22,42,31,9,4,13,14,15,4,9,7,7,8,51,47,44,86,23,17,23,,12,4,8,8,,4,5,7,,5,9,7,7,6,8,7,10,3,6,7,4,5,6,7,7,5,,7,18,24,4,11,9,13,9,12,10,8,9,10,7,10,7,10,12,,10,10,,5,4,4,4,8,6,3,4,10,10,10,18,17,14,16,11,14,19,15,63,36,24,15,9,20,16,8,19,13,20,12,7,8,10,8,11,4,4,6,6,1,6,4,16,48,20,5,1,5,20,12,10,14,15,11,13,14,12,14,10,,8,4,16,43,61,14,22,13,13,7,7,4,14,17,10,14,11,44,34,26,11,9,14,12,16,11,11,8,6,3,3,5,4,7,4,8,8,9,6,,8,10,19,6,13,6,15,5,31,5,,4,3,,6,18,6,7,8,8,8,6,,21,8,13,16,14,13,16,8,14,24,9,4,3,3,2,5,6,10,16,4,10,3,,3,6,3,22,35,7,19,8,5,3,10,6,12,15,,33,26,8,9,5,12,4,6,10,13,15,9,3,8,5,9,5,4,5,5,3,,5,,6,1,4,8,5,7,10,9,9,6,,10,11,7,5,49,8,6,8,10,,5,5,9,5,2,22,14,4,7,8,3,15,4,,11,14,5,9,8,7,12,13,3,10,10,11,8,9,12,10,5,5,5,4,5,1,12,7,6,2,4,12,3,2,4,5,,11,40,33,12,13,9,3,3,4,9,9,7,10,13,6,14,12,7,8,30,10,7,24,12,11,10,6,6,6,9,8,11,10,5,8,5,20,17,18,19,26,13,7,11,4,4,16,7,8,14,10,14,8,9,18,3,6,10,8,6,15,26,11,18,18,12,9,12,6,14,13,14,27,,9,9,13,20,23,13,9,4,23,2,3,20,6,26,4,7,16,7,10,6,2,12,13,12
20170820,8,NO2,46,24,43,48,63,31,53,34,23,62,58,62,,,48,,55,48,48,,54,55,48,,46,44,,69,54,39,66,35,56,3,84,77,55,57,79,91,24,15,40,36,45,40,27,29,24,26,20,24,25,25,21,19,25,25,28,20,26,26,33,32,20,61,53,,46,46,42,48,31,34,35,17,41,28,26,67,,,55,53,38,73,58,51,24,36,55,70,58,62,55,34,12,18,28,,,48,23,35,38,,39,11,19,12,14,8,7,18,16,16,2,41,45,31,,34,6,7,25,13,21,26,39,12,,39,49,37,34,45,12,44,30,44,57,63,53,59,19,41,59,42,50,40,22,37,30,31,37,14,39,37,44,67,51,51,41,22,56,56,46,35,39,40,36,35,,,,49,35,,21,36,25,,37,21,28,,24,39,37,11,41,51,29,60,24,,,,24,39,,17,16,15,27,33,,35,17,23,21,21,23,14,15,,24,,17,,25,51,39,5,35,27,35,49,42,26,40,26,28,26,48,33,,11,28,27,32,28,38,25,30,22,,,20,,26,33,,37,17,20,9,13,11,,15,23,26,29,38,16,18,,31,49,32,20,36,60,46,41,49,29,37,,44,40,33,51,8,32,22,40,29,34,50,38,37,8,,37,50,37,36,37,43,44,49,,14,20,36,39,27,50,19,31,18,21,20,33,28,23,14,31,37,29,24,48,21,42,31,51,11,29,24,27,22,11,25,20,31,24,34,41,22,28,28,24,,34,41,29,84,37,51,35,23,35,44,36,25,28,56,36,14,38,41,46,18,20,22,20,22,45,17,25,18,10,34,35,26,19,16,9,16,15,18,16,29,37,39,2,20,20,32,30,34,38,33,43,36,30,40,30,35,28,27,32,,29,14,12,16,15,13,17,,52,48,57,31,44,64,30,71,,54,50,72,52,63,,27,36,44,34,42,,37,3,14,20,7,13,13,18,25,17,13,18,25,12,28,31,26,33,37,40,41,22,16,34,23,20,51,32,36,26,20,30,24,25,13,28,20,26,21,2,14,30,2,,8,19,18,,,,19,22,65,33,45,59,68,,48,19,33,18,23,13,16,24,25,27,17,3,11,26,7,19,32,16,13,31,16,30,16,14,19,22,49,70,30,32,20,,15,32,38,53,36,46,41,67,45,44,36,29,29,,15,,19,18,26,20,39,,,24,,24,32,25,,45,13,31,52,41,32,21,25,21,4,16,16,24,21,8,14,,32,,41,,30,19,20,33,32,34,38,41,9,12,15,3,8,29,22,28,,33,21,51,18,61,31,29,18,28,13,22,21,15,11,20,20,10,15,14,16,9,24,20,22,9,10,10,43,28,34,15,17,16,52,51,,20,20,,12,15,22,14,9,20,32,21,,,16,15,23,55,,31,,18,31,19,13,,28,2,,8,32,14,,3,56,49,43,49,49,4,30,16,19,,8,18,28,55,31,8,,32,8,6,12,8,48,15,23,30,26,10,11,43,39,46,64,42,15,9,18,20,10,,4,25,29,19,6,20,19,28,17,18,13,13,15,10,15,14,55,54,48,57,,22,21,26,18,27,44,25,21,30,42,16,3,36,25,,37,45,20,29,26,40,41,33,56,13,6,15,7,47,45,53,24,12,10,19,17,12,22,,10,32,27,27,43,23,22,21,11,21,22,22,30,11,28,16,5,20,16,2,19,24,18,7,5,27,16,26,3,16,15,11,19,16,16,19,19,29,10,16,18,30,19,22,16,48,38,35,23,39,44,25,34,17,15,47,28,37,16,,,36,14,24,19,25,15,28,38,30,69,16,26,23,26,,21,28,34,21,18,5,18,3,7,26,22,35,39,48,48,9,11,21,21,23,33,17,29,,,12,5,24,22,23,38,,5,17,34,37,13,15,5,15,8,28,30,19,18,,20,25,20,7,21,18,17,24,22,9,1,8,19,15,22,11,17,21,7,3,11,4,29,15,34,41,54,50,32,44,22,46,45,40,38,,15,28,47,33,44,24,30,11,16,3,,18,19,27,24,,26,51,34,,,28,8,23,8,9,16,9,15,,17,13,,28,51,47,34,45,37,37,32,36,49,40,37,47,12,,35,20,7,26,,30,13,53,42,29,,,41,10,5,4,28,22,17,18,,15,6,7,42,,,29,20,18,12,9,7,2,35,44,22,41,37,5,27,22,21,13,11,8,16,16,9,25,32,28,21,31,26,28,21,8,15,17,11,,,7,12,19,9,12,39,12,10,26,51,38,3,30,22,18,3,5,2,2,19,29,27,53,8,17,38,18,15,7,15,7,13,20,,20,23,13,37,14,30,,13,7,19,,12,31,20,31,76,74,58,39,,36,38,15,31,24,31,24,12,28,18,17,12,,22,31,40,15,27,28,22,18,12,8,,42,22,22,33,10,34,14,28,18,9,27,26,2,14,5,20,13,14,28,33,33,31,18,22,23,2,3,12,4,4,5,36,22,32,19,14,47,15,37,39,11,25,19,31,34,27,31,18,28,29,23,25,18,22,15,20,17,22,38,6,12,2,14,14,24,41,29,29,32,26,32,,42,40,45,14,,14,13,15,,11,11,12,10,6,19,20,15,16,18,22,10,8,10,8,9,4,,29,26,24,19,6,30,24,22,18,13,18,25,13,6,32,16,18,10,,6,11,,7,3,20,25,17,5,14,12,13,10,20,22,24,15,18,28,7,31,30,24,11,18,40,29,25,31,31,26,32,33,37,9,4,7,11,10,6,7,10,11,1,6,19,21,23,15,3,18,17,33,24,28,33,20,14,17,15,16,22,26,,29,24,12,17,14,18,8,16,16,22,24,25,17,18,11,12,24,31,33,29,16,17,22,28,21,33,35,47,35,31,27,17,24,45,50,40,19,38,31,,33,27,34,39,20,47,16,24,39,12,,11,20,,8,36,31,21,19,6,9,8,,20,10,22,22,10,21,27,17,16,37,11,6,8,7,5,13,12,20,14,14,19,12,,4,20,13,11,28,18,20,18,10,6,10,10,15,16,,21,13,14,15,9,8,12,21,9,6,5,11,20,12,8,17,2,4,3,3,21,,10,,5,12,15,20,28,18,21,21,32,33,,22,13,27,33,13,3,4,26,23,,19,16,18,5,16,39,29,7,17,8,10,18,48,,6,3,4,28,11,28,23,9,6,8,4,3,11,16,10,11,10,8,10,71,58,14,31,3,49,59,1,16,15,20,1,26,,34,3,7,62,36,38,12,4,3,38,42,31,24,41,17,28,74,46,36,38,19,8,64,21,31,23,27,22,23,23,8,35,42,24,34,1,17,20,31,17,19,19,20,24,6,35,27,45,49,28,28,42,21,21,26,8,11,24,28,41,29,30,17,40,22,16,33,23,18,36,59,22,41,,63,15,53,44,27,40,36,11,37,28,9,15,20,52,17,48,29,11,11,20,10,13,8,39
20170820,8,NO2_24h,30,12,37,26,40,30,42,30,12,29,45,52,,,35,,35,31,39,,35,26,25,,18,31,,60,41,35,45,21,45,8,56,60,45,44,61,58,18,32,24,24,31,45,37,32,28,24,19,26,28,28,19,16,16,18,20,21,28,17,26,21,11,49,47,,40,33,26,32,20,28,24,18,30,23,24,42,,,33,27,38,41,22,36,30,49,47,64,42,48,58,34,17,30,38,,,40,37,38,44,,42,9,18,13,10,6,6,9,13,13,2,39,38,25,,33,5,7,27,15,31,44,46,23,,55,63,56,57,63,28,29,44,24,30,33,26,33,19,24,32,23,33,34,19,29,26,25,30,19,33,34,17,33,27,25,15,21,30,30,22,31,28,18,26,22,,,,34,22,,24,26,29,,31,20,23,,15,23,20,11,27,29,19,30,16,,,,17,27,,15,17,17,16,18,,23,18,22,23,18,25,13,10,,21,,17,,19,35,32,6,30,27,29,40,29,21,28,26,19,22,22,25,,8,25,26,34,25,33,25,20,12,,,20,,20,20,,19,12,14,10,8,10,,15,17,23,19,30,17,16,,28,44,36,24,46,68,31,36,37,30,25,,29,33,23,34,11,28,23,36,24,29,42,36,35,7,,27,48,35,35,39,39,40,42,,9,25,16,23,26,31,10,24,14,24,21,34,29,24,17,28,36,19,35,32,26,36,26,38,36,26,26,15,26,12,30,30,26,32,34,40,23,21,49,40,,48,56,31,67,63,37,59,27,38,44,36,39,25,42,46,15,29,27,35,16,19,18,14,28,42,31,25,21,13,42,38,24,13,10,11,16,20,16,15,40,47,48,20,32,25,36,33,31,32,40,32,23,24,40,31,36,27,35,34,,33,9,7,14,12,7,12,,31,35,41,26,22,47,26,56,,34,42,34,35,40,,25,30,52,36,41,,36,9,16,21,5,15,11,18,21,17,14,19,22,12,22,23,24,30,16,16,19,12,23,15,32,26,52,41,37,43,25,45,17,29,19,41,22,22,20,5,26,23,5,,8,15,14,,,,24,22,56,36,31,50,42,,25,19,33,19,22,15,18,26,20,23,17,3,7,30,8,32,26,27,27,36,26,31,19,16,19,16,29,34,23,25,11,,13,20,26,32,19,15,22,27,27,36,30,28,21,,19,,24,24,34,20,27,,,19,,18,25,20,,34,12,27,28,30,26,18,29,16,3,9,17,26,23,11,17,,19,,20,,25,22,24,28,27,20,27,25,10,10,6,9,11,21,16,22,,26,22,32,20,46,20,22,19,22,15,20,14,10,13,10,15,7,11,14,11,13,17,23,22,10,11,11,33,23,32,8,12,13,45,33,,23,22,,17,18,19,20,12,28,28,16,,,18,14,24,27,,19,,13,19,13,6,,19,13,,9,29,11,,5,59,33,29,38,36,15,24,17,20,,16,18,31,42,26,8,,27,20,11,20,9,26,9,24,22,21,17,11,29,28,30,35,32,21,17,16,14,18,,6,22,18,21,7,11,21,24,12,21,11,13,13,10,29,13,32,27,32,25,,19,12,17,14,8,23,18,4,12,18,25,4,28,21,,26,22,20,21,22,24,32,27,43,18,10,17,12,26,32,37,15,14,9,19,15,13,25,,13,19,26,27,24,18,21,20,15,12,18,12,21,7,17,10,5,12,17,4,16,25,14,4,5,24,17,18,9,12,12,14,21,19,18,26,26,27,8,11,9,23,13,13,11,24,19,19,15,15,41,21,28,20,13,19,19,20,20,,,28,16,16,13,13,14,18,24,20,30,13,30,16,22,,16,24,21,25,24,12,24,4,9,24,20,25,33,39,37,16,20,23,26,25,30,26,27,,,11,6,9,10,8,35,,10,21,18,17,11,21,3,16,12,25,23,20,14,,19,23,15,6,16,17,20,30,17,9,4,10,13,14,22,14,13,16,8,6,6,3,14,12,19,22,24,32,19,28,18,25,30,26,25,,12,26,30,20,36,16,26,10,17,3,,13,13,17,12,,18,25,19,,,13,6,21,13,10,16,12,15,,17,12,,25,27,34,20,31,19,24,18,20,21,17,24,29,12,,21,14,5,15,,16,6,30,26,17,42,,33,17,13,13,14,16,11,20,,12,9,11,23,,,19,13,14,8,12,10,5,18,28,15,29,28,9,19,23,15,14,15,18,26,14,7,21,18,27,21,24,24,23,18,10,10,16,12,,,26,13,14,8,12,31,8,9,16,27,22,7,25,12,16,2,10,4,2,19,25,22,38,7,23,23,12,12,10,15,11,20,18,,34,27,18,33,27,28,,15,9,9,,12,20,18,19,49,55,31,42,,28,25,22,21,21,30,22,15,19,20,17,16,,22,35,37,26,20,26,20,16,13,6,,32,24,18,31,16,28,20,23,21,15,26,29,22,12,5,17,17,12,22,28,28,28,15,15,18,4,14,7,19,11,3,24,19,22,17,8,29,13,23,36,6,16,16,19,16,22,23,13,20,27,18,15,16,18,12,11,14,15,24,10,9,3,13,14,14,34,20,19,31,22,28,,32,37,27,15,,16,12,13,,11,9,9,6,4,15,16,13,13,13,24,12,15,17,11,9,9,,22,28,27,25,6,21,15,17,18,11,13,19,22,15,24,16,16,13,,11,14,,18,3,9,14,7,4,7,12,21,7,14,22,18,16,20,14,7,21,20,18,13,14,21,14,19,21,21,25,24,22,27,6,6,8,13,9,4,8,6,10,3,6,11,18,29,10,5,21,21,30,24,25,30,22,12,14,18,16,22,23,,28,24,13,15,18,18,13,13,16,13,25,24,14,14,13,12,23,40,30,34,15,21,18,21,17,16,19,20,18,21,17,9,18,28,31,33,12,17,20,,18,31,25,29,19,31,14,25,53,14,,12,18,,11,39,19,19,19,5,8,8,,19,6,12,14,11,17,14,15,13,28,12,3,6,5,4,13,16,15,13,13,16,7,,6,8,5,10,20,19,13,14,10,6,9,12,8,10,,12,9,7,12,12,13,12,16,9,6,9,15,16,10,12,34,6,7,5,4,12,,13,,4,10,15,17,19,19,21,19,23,17,,15,13,20,19,9,6,2,19,11,,11,12,10,16,17,28,27,8,16,9,8,12,16,,9,9,7,26,14,30,12,13,5,10,3,5,9,11,12,12,14,10,12,44,38,13,25,5,38,38,6,18,14,16,1,23,,30,16,24,38,24,30,13,4,5,31,32,29,22,35,11,46,45,22,26,27,16,6,52,20,24,18,20,19,16,20,14,28,16,17,30,3,19,17,28,12,18,18,15,18,3,20,27,39,34,19,20,26,21,19,20,18,8,23,17,29,21,22,12,31,10,25,25,18,22,31,26,21,25,,44,15,32,27,25,29,18,11,19,21,8,10,22,43,16,21,35,9,9,20,15,14,11,23
20170820,8,O3,21,16,30,18,9,46,10,10,24,2,13,9,,,24,,27,31,16,,14,25,43,,33,27,,17,38,34,19,30,22,111,23,35,34,26,29,23,80,83,49,58,40,47,50,51,47,61,51,52,65,60,51,54,66,72,78,60,7,4,7,7,5,20,16,,14,23,17,18,16,20,24,62,63,54,63,13,,,29,50,42,16,16,31,82,65,34,29,41,32,50,52,41,29,27,,,34,43,39,43,,35,80,106,87,91,106,126,79,83,89,99,25,20,26,,25,30,38,32,39,28,44,38,55,,26,25,22,32,19,44,27,28,36,27,20,42,30,48,38,30,36,38,33,54,51,51,36,32,58,43,54,47,16,21,25,24,25,18,19,13,49,37,30,42,16,,,,22,18,,42,24,29,,29,33,36,,30,31,29,52,27,29,36,11,39,,,,42,30,,45,57,43,32,30,,30,22,22,18,22,12,20,22,,22,,29,,26,27,30,43,37,17,35,29,27,37,31,19,53,51,42,43,,63,48,38,26,27,17,30,42,39,,,40,,39,32,,31,55,47,40,33,38,,43,40,17,40,16,22,26,,10,8,15,21,13,30,33,19,19,10,13,,27,32,56,6,76,32,33,18,35,19,32,15,22,24,,32,26,28,42,28,23,34,39,,91,84,61,64,78,71,81,59,57,103,104,91,70,98,103,86,80,36,42,17,32,34,11,23,35,32,29,13,21,38,15,31,23,26,28,31,21,14,14,19,,11,9,19,18,12,12,11,11,8,20,24,15,27,23,15,9,18,23,6,28,24,24,17,,21,24,16,18,29,17,13,10,16,12,11,25,27,19,23,14,13,12,8,20,29,28,27,15,10,20,15,13,19,9,6,3,8,6,7,,4,,24,23,15,9,50,,17,21,9,33,20,7,40,8,,23,18,16,10,13,,16,15,27,5,8,,18,118,29,26,29,27,23,24,17,18,24,11,12,14,12,1,7,8,32,21,39,48,48,37,70,54,51,45,49,41,63,48,69,59,64,44,55,68,56,123,60,65,35,,39,45,58,,,,66,62,11,5,2,6,13,,6,29,17,34,31,42,30,23,26,27,38,40,24,21,52,87,63,96,95,90,97,85,81,70,83,70,48,30,73,52,23,,7,10,43,29,35,48,26,24,25,9,7,9,27,,63,,66,70,74,54,32,,,36,,31,67,77,,46,50,49,34,65,86,25,48,62,37,35,84,83,87,107,86,,35,,29,,31,30,36,30,44,27,20,43,54,47,86,94,90,58,60,45,,104,47,63,67,57,21,16,25,13,35,24,10,15,23,20,6,21,18,16,14,12,17,25,27,41,36,30,13,20,22,16,12,11,34,37,,25,17,,26,21,24,28,22,16,4,7,,,72,68,64,23,,59,,88,65,72,101,,111,121,,46,41,58,,56,8,33,14,15,33,101,5,19,29,,63,51,63,35,48,65,,18,18,31,19,26,19,20,31,18,19,39,6,34,48,21,24,42,36,34,33,36,36,,36,51,51,54,63,49,18,14,19,16,33,52,62,57,36,56,30,37,40,37,,45,46,42,84,11,25,31,13,8,21,38,82,54,64,,50,44,80,41,62,42,66,69,43,83,84,76,76,31,25,28,32,102,90,92,89,89,74,,89,22,14,36,22,37,28,30,38,30,24,27,42,33,18,29,41,28,25,46,12,19,22,25,6,9,10,7,15,24,13,20,18,30,40,22,27,19,13,5,39,31,39,24,30,20,48,42,41,46,9,8,8,7,42,26,31,71,20,,,57,33,23,28,15,64,40,46,65,71,61,16,15,5,,7,9,16,72,82,78,69,98,82,72,45,8,20,7,5,76,77,54,62,58,29,71,51,,,83,83,33,34,47,42,,79,113,81,48,97,70,42,80,90,85,65,80,63,49,58,49,64,69,57,86,53,42,53,48,87,69,82,29,56,70,42,40,99,86,67,90,49,75,26,38,20,29,20,,32,24,32,99,24,,54,64,30,14,18,30,33,44,39,55,,40,46,27,61,,33,11,25,,,39,38,20,74,79,82,72,73,,84,80,,18,74,36,36,32,22,43,48,57,9,45,68,27,106,,73,87,111,74,,84,45,37,32,45,,,6,83,69,94,52,45,79,52,,53,62,72,68,,,13,25,103,105,135,128,124,30,32,69,42,44,72,41,40,46,39,26,23,41,27,42,28,11,63,52,43,20,35,9,18,10,10,41,,,58,20,15,19,26,20,23,35,33,24,28,37,51,33,44,45,6,6,5,45,38,47,31,66,15,63,40,45,47,46,58,38,60,,28,46,21,22,43,23,,30,25,24,,29,17,32,29,35,12,57,20,,31,30,25,31,37,27,17,59,65,49,75,50,,43,16,21,26,64,60,46,47,88,70,,35,36,74,52,86,23,39,12,24,37,18,22,13,24,110,31,41,34,9,12,7,13,28,20,18,62,63,58,70,66,28,7,9,8,31,17,13,48,38,38,29,12,9,10,12,51,70,136,110,100,59,61,62,71,18,21,36,12,32,71,47,54,49,39,22,13,17,11,67,78,75,,57,80,64,69,,68,68,85,,88,74,60,59,63,89,98,103,90,94,52,67,61,54,89,96,93,,11,14,20,14,96,74,74,57,61,54,50,55,42,31,21,44,46,37,,48,43,,49,50,43,34,42,49,59,47,14,9,26,24,24,28,31,20,19,14,15,21,44,21,24,29,33,25,73,83,82,83,118,30,44,23,31,31,68,68,59,57,72,19,23,28,24,27,5,2,,,2,8,6,11,11,11,18,19,6,32,,22,31,12,24,28,8,12,21,22,9,10,8,37,37,10,6,10,3,18,16,33,53,53,33,66,61,47,46,6,29,40,20,18,16,23,35,45,32,40,,30,41,42,28,36,40,33,56,40,73,,23,13,,61,57,43,63,52,8,8,4,,66,24,16,18,28,19,46,25,43,46,21,34,34,34,34,5,11,6,7,2,4,29,,38,5,1,53,34,4,17,15,3,2,4,3,16,16,,10,20,15,26,6,3,40,23,20,19,5,4,40,28,35,29,61,54,51,47,19,,81,,28,25,30,11,12,10,61,67,57,60,,19,16,40,31,83,82,48,55,48,,43,25,18,74,64,33,42,78,86,77,92,72,8,,107,71,77,48,84,52,42,80,45,78,82,62,62,83,81,83,81,79,79,22,20,64,61,60,20,8,76,60,81,60,178,54,,48,67,65,6,25,6,20,56,59,15,18,22,22,33,89,17,13,28,69,40,104,108,14,32,29,54,45,31,37,23,62,28,32,38,18,41,5,11,55,32,26,32,58,44,61,11,66,13,44,38,38,63,49,53,47,52,40,30,28,14,35,41,33,21,21,59,8,44,54,27,24,36,31,,17,66,44,13,21,23,31,75,71,26,64,19,81,34,23,14,104,89,33,67,64,63,73,43
20170820,8,O3_24h,138,147,129,138,140,128,147,142,133,168,130,148,,,120,,125,113,124,,119,135,124,,167,98,,121,153,126,102,106,84,134,151,131,170,160,132,155,158,140,144,140,134,115,100,106,120,153,145,131,150,150,143,168,180,175,158,192,106,106,117,115,97,149,170,,168,141,150,152,123,151,143,138,152,158,132,184,,,134,162,182,150,189,167,209,183,195,184,207,204,187,167,137,131,147,,,162,140,118,144,,186,104,121,108,130,135,158,121,117,117,122,88,79,77,,84,82,76,87,66,53,143,126,95,,105,109,96,116,119,88,107,102,252,216,267,254,235,237,224,234,234,229,125,159,163,155,128,111,147,136,177,166,144,123,145,170,160,129,156,210,242,205,222,250,74,,,,116,104,,96,101,101,,169,207,188,,158,202,203,220,190,209,225,131,186,,,,161,131,,129,179,154,180,134,,179,92,111,89,115,89,152,164,,99,,57,,55,166,138,87,205,168,183,149,172,184,169,149,150,168,243,208,,147,173,131,209,210,163,230,205,185,,,199,,194,187,,168,183,143,136,104,133,,169,173,145,112,133,167,159,,79,103,104,119,85,131,154,125,130,95,199,,181,217,212,202,272,106,89,126,133,107,132,131,133,143,,144,145,192,210,169,183,225,232,,133,124,116,124,122,119,122,101,106,110,118,113,112,106,112,102,92,124,112,101,105,120,118,118,102,127,94,114,131,102,135,101,105,101,93,105,86,96,222,206,,187,170,180,277,183,200,185,200,84,118,64,22,69,196,30,53,67,57,196,56,52,61,61,270,282,262,212,226,180,208,196,151,173,136,115,142,136,148,122,269,288,244,250,194,163,161,180,162,132,156,154,141,146,66,132,106,92,83,105,,68,18,50,55,53,36,280,,270,182,177,205,199,158,186,199,,206,167,229,245,186,,126,199,230,180,171,,156,137,70,62,67,72,56,60,60,60,63,87,69,54,82,74,66,69,92,62,91,93,73,86,121,105,119,113,105,107,100,135,120,104,83,112,114,134,99,227,88,119,88,,93,129,155,,,,168,188,120,127,122,113,163,,126,97,75,96,95,99,124,130,126,142,146,55,130,105,93,186,194,199,190,193,195,186,182,183,184,164,148,160,155,138,89,,84,95,166,181,142,154,161,158,160,209,194,200,229,,108,,78,84,79,77,150,,,199,,184,115,119,,110,124,122,128,103,136,81,118,92,114,114,144,137,144,159,156,,119,,118,,102,148,149,151,120,135,119,98,106,89,148,125,124,120,119,101,,250,216,243,278,261,140,144,109,115,140,125,56,45,45,52,59,45,61,77,84,82,152,116,114,57,56,50,125,141,123,60,71,63,215,212,,209,203,,140,125,153,168,91,102,98,58,,,172,172,154,164,,146,,182,151,140,145,,156,157,,202,174,216,,169,120,131,133,138,140,120,103,99,107,,102,102,109,88,105,92,,138,128,112,116,83,135,77,96,84,89,95,83,156,191,147,137,145,78,64,78,71,64,,62,96,111,104,102,103,88,85,96,79,88,95,114,114,84,100,135,160,120,185,,150,143,150,121,101,120,109,101,94,129,110,124,122,115,,137,142,126,113,115,110,110,113,125,114,122,121,101,156,135,152,153,140,125,130,143,111,92,,108,129,111,123,124,142,78,87,98,99,100,110,119,123,102,88,103,94,81,84,73,70,88,67,75,64,68,69,68,76,45,48,95,84,79,81,68,81,32,36,108,94,117,115,108,140,146,150,139,143,96,101,70,71,175,176,178,171,114,,,138,134,124,131,121,174,167,187,185,187,167,92,95,83,,90,83,89,101,124,105,103,98,89,113,95,129,108,97,109,84,92,91,102,90,62,99,90,,,140,139,93,88,105,82,,135,154,151,151,141,113,77,124,120,90,101,117,96,94,155,146,122,137,110,116,111,87,146,118,122,95,155,52,124,129,107,99,135,117,124,131,111,112,160,212,178,253,240,,207,190,248,301,230,,145,133,211,145,171,224,204,103,104,99,,181,196,90,111,,95,137,149,,,73,62,96,111,134,126,112,103,,117,109,,199,202,130,121,127,123,140,143,195,183,165,176,161,163,,154,163,151,131,,139,121,169,162,185,175,,130,156,162,160,83,101,102,105,,142,137,163,200,,,116,112,141,150,161,155,140,107,86,88,100,99,111,100,108,114,165,111,121,149,110,112,110,103,127,123,88,91,96,82,81,77,90,80,,,122,63,62,76,71,91,82,131,80,92,97,116,123,72,107,87,77,84,55,93,114,97,82,99,120,140,149,85,83,89,89,68,90,,49,63,45,59,62,54,,61,72,71,,65,86,90,87,94,86,101,81,,99,89,61,88,103,111,61,99,130,129,128,104,,97,61,65,70,89,84,90,100,143,134,,100,90,88,82,119,267,270,247,264,245,143,158,154,153,133,138,138,131,151,158,140,132,191,170,170,198,114,117,125,117,78,88,80,85,173,91,86,97,76,69,100,113,105,123,115,171,162,191,168,182,125,127,153,148,100,82,108,86,71,89,94,128,89,97,134,100,142,114,108,129,123,,130,123,144,144,,144,164,128,,130,129,91,98,101,96,106,104,94,102,105,116,109,114,94,96,93,,90,68,68,93,109,112,132,84,144,132,119,122,88,85,69,105,107,99,,99,89,,85,125,102,104,105,87,95,99,78,76,74,74,79,76,75,78,90,84,88,82,86,106,104,105,95,88,144,160,184,172,177,73,81,53,72,77,84,91,78,72,100,61,68,82,71,102,79,63,65,111,121,107,106,76,97,84,118,116,94,109,,112,114,143,141,107,110,95,102,124,57,67,59,78,73,108,86,110,127,126,135,169,172,207,170,179,183,152,195,157,134,137,121,168,178,186,172,156,144,157,,139,125,98,91,110,122,103,140,110,122,,106,98,,150,149,134,149,95,61,76,66,,112,80,75,72,74,71,85,70,95,80,67,66,66,66,64,71,75,115,123,34,42,54,,63,56,58,76,73,60,72,62,40,67,65,79,57,61,,46,45,48,59,60,11,57,76,79,76,60,55,78,69,73,67,76,68,82,81,67,,131,,77,75,133,159,135,157,169,175,165,174,,113,121,97,109,116,111,121,97,112,,84,88,89,87,98,92,92,92,104,90,135,123,105,,134,90,82,133,127,81,79,85,61,85,155,163,170,158,153,158,115,114,107,136,171,117,123,146,128,123,121,115,139,134,179,162,,229,96,88,124,136,123,90,89,90,138,139,112,99,170,154,202,168,128,139,141,170,140,136,129,194,179,180,190,188,65,102,103,123,200,204,64,67,56,91,130,156,131,172,212,114,108,108,164,216,189,129,167,155,174,164,85,174,65,152,58,151,184,158,95,92,69,52,155,119,196,190,191,205,,137,140,139,217,217,129,154,105,197,95,128,47,114,140,165,144,145,164,109,115,117,111,122,155
20170820,8,O3_8h,21,26,25,6,8,33,8,4,28,22,9,12,,,20,,27,33,11,,13,60,50,,48,19,,4,35,12,7,31,18,105,12,11,16,13,12,13,75,68,57,61,29,36,34,47,38,66,50,37,62,53,63,62,87,88,86,56,3,1,6,4,2,20,11,,9,33,23,26,23,24,40,58,69,53,60,45,,,34,68,42,22,24,37,58,55,29,10,38,15,15,36,17,8,9,,,10,21,12,25,,10,73,89,77,89,100,110,78,81,84,104,20,24,19,,18,21,19,18,26,16,13,20,18,,11,17,9,16,4,20,24,7,66,61,56,72,55,52,61,52,61,58,35,54,55,48,42,33,57,43,49,62,39,40,49,42,56,37,44,28,43,37,33,38,26,,,,18,8,,21,16,8,,20,25,32,,36,30,36,47,29,34,37,29,43,,,,46,44,,46,57,45,37,35,,37,18,17,13,19,6,28,37,,28,,27,,32,37,37,40,38,34,41,37,45,42,39,23,64,62,65,59,,63,58,48,13,20,9,20,44,49,,,56,,46,41,,49,44,44,45,48,45,,44,44,10,34,13,22,20,,12,16,16,12,10,20,31,29,34,7,30,,22,40,57,13,60,30,30,10,22,11,18,9,8,20,,18,20,23,24,24,16,26,31,,100,89,62,65,74,80,76,38,79,82,85,68,49,83,82,79,69,10,16,20,28,20,20,20,29,32,18,14,7,39,6,15,19,15,29,22,17,7,14,8,,4,3,12,9,8,24,5,5,5,18,24,10,24,15,6,10,28,12,1,23,30,26,18,23,22,24,11,13,33,11,9,21,26,19,14,24,22,19,21,11,8,8,6,13,19,24,16,12,5,6,17,27,17,10,9,9,7,5,4,,3,,15,15,6,13,77,,49,35,24,46,51,7,48,19,,38,20,46,26,12,,17,24,10,14,18,,27,94,18,23,31,18,19,21,20,14,12,13,13,18,15,6,9,6,52,36,54,58,47,50,66,49,47,50,52,35,62,31,73,54,61,38,53,75,59,110,56,71,46,,55,55,60,,,,80,82,14,4,2,6,38,,18,29,12,38,24,41,21,13,21,24,28,45,12,13,44,87,88,80,82,93,72,92,97,92,103,68,38,24,55,38,24,,8,13,19,8,18,52,28,49,28,5,3,2,29,,41,,47,47,39,34,25,,,52,,55,54,56,,17,20,38,33,43,39,21,28,58,29,38,83,83,84,106,81,,35,,34,,23,28,40,33,43,46,24,56,68,59,90,87,86,61,72,52,,116,71,98,91,72,16,11,18,11,29,20,20,20,18,30,13,25,19,12,19,10,15,11,24,29,28,25,9,22,16,19,10,6,46,63,,20,9,,21,16,17,16,24,8,7,4,,,82,77,74,27,,76,,96,79,68,100,,98,113,,45,50,66,,44,6,28,24,6,20,102,10,20,29,,58,40,57,27,30,55,,6,6,24,6,16,11,14,12,8,13,21,1,17,56,15,22,25,11,11,10,14,12,,24,56,62,30,53,52,7,8,12,7,18,40,47,41,23,34,50,64,57,64,,56,60,61,81,26,44,39,34,17,50,30,93,44,54,,46,48,53,39,49,59,69,68,62,77,79,72,66,49,28,21,44,105,95,104,74,104,82,,95,32,26,38,32,53,34,37,38,34,26,28,53,37,16,27,34,21,18,44,12,16,27,36,8,13,7,6,10,35,21,19,11,21,33,7,12,4,13,13,54,58,54,38,62,76,91,88,76,91,7,28,8,10,43,64,52,97,54,,,82,42,31,38,25,82,61,72,90,100,77,13,18,5,,8,22,27,68,78,73,61,85,66,54,51,7,13,5,2,61,49,63,65,68,42,68,64,,,84,79,47,47,59,67,,88,98,78,82,106,78,51,86,91,80,62,76,43,35,38,36,84,88,36,59,45,38,68,42,82,65,86,28,37,60,36,33,90,75,76,90,68,80,40,62,52,49,39,,47,46,44,112,39,,58,60,42,30,26,43,43,41,36,54,,50,53,30,59,,25,38,39,,,48,34,13,42,53,57,51,79,,95,84,,13,51,33,42,44,41,58,73,71,38,78,90,40,98,,86,91,134,87,,114,51,56,56,60,8,,11,93,72,94,52,21,71,61,,68,70,75,99,,,14,5,100,105,117,110,100,12,17,53,22,6,47,26,25,31,24,10,11,26,10,38,17,11,33,33,13,8,19,3,6,8,7,34,,,29,16,23,15,12,8,13,17,16,18,11,20,36,24,42,29,4,4,1,10,10,13,11,50,10,17,12,43,37,36,56,25,36,,18,46,20,6,21,9,,18,22,22,,45,22,23,23,37,22,47,24,,39,42,27,37,48,27,24,35,71,48,77,39,,38,12,27,18,60,64,48,40,61,67,,23,30,66,42,86,29,34,11,13,37,19,17,14,24,105,39,45,37,3,6,2,3,31,28,22,21,17,17,17,35,30,5,12,5,19,15,13,43,37,37,26,21,10,16,15,49,58,130,111,79,40,40,59,71,12,14,32,13,23,20,41,44,40,27,19,11,12,12,62,77,78,,42,69,62,80,,78,78,82,,83,80,67,71,72,91,99,101,84,95,65,78,74,68,89,87,86,,14,5,12,8,86,83,76,56,59,55,54,57,21,18,14,46,51,43,,34,33,,24,74,61,52,62,39,41,28,12,10,26,16,26,21,20,37,6,20,9,20,36,22,28,35,36,27,59,55,70,79,114,23,39,17,28,32,76,60,60,54,60,18,29,22,28,32,3,,,,5,4,4,16,13,19,11,9,15,30,,15,23,9,29,25,9,8,24,26,6,8,5,30,27,8,6,25,6,28,16,43,73,81,58,74,84,70,85,21,21,50,28,20,22,34,27,71,54,54,,52,33,45,32,43,47,39,61,41,88,,31,22,,60,53,52,62,52,13,15,12,,72,29,28,27,27,17,53,29,45,46,23,38,38,37,38,5,10,13,10,2,1,35,,34,14,13,58,33,2,24,23,4,2,5,3,31,31,,20,28,15,23,5,6,44,34,34,31,4,2,51,36,26,22,61,56,56,51,39,,87,,39,37,28,16,18,12,50,72,68,70,,29,26,38,26,90,84,49,64,82,,41,54,50,60,64,45,56,82,93,83,101,87,44,,113,77,68,51,83,54,53,81,44,78,89,76,79,86,86,87,80,77,82,26,25,51,50,59,18,19,80,66,88,78,177,24,,30,53,49,7,24,8,40,51,45,24,28,9,26,33,86,6,12,24,60,44,105,107,10,10,21,61,58,37,54,15,48,11,43,53,35,38,5,6,68,43,19,16,72,60,73,19,52,8,37,48,36,86,75,77,72,34,45,31,32,9,39,38,41,13,12,29,12,49,53,40,41,42,56,,17,77,53,22,13,43,65,80,97,5,78,27,99,29,11,18,76,85,26,53,56,42,70,44
20170820,8,O3_8h_24h,32,43,43,12,24,34,9,4,46,63,25,12,,,32,,54,52,27,,29,106,77,,66,22,,4,53,15,14,60,37,105,20,11,16,13,12,13,101,70,61,68,47,63,57,68,79,74,73,37,64,53,90,87,124,127,101,68,3,1,11,4,2,32,11,,16,71,55,61,46,38,61,99,98,81,98,88,,,74,95,77,48,58,63,98,93,53,10,46,22,15,62,27,8,22,,,10,47,23,46,,33,74,89,77,89,100,110,84,99,99,107,28,29,20,,23,22,19,21,30,16,16,20,18,,11,37,9,16,4,20,60,7,88,85,87,94,83,76,79,82,90,81,37,57,59,51,44,34,57,46,49,71,51,50,63,55,68,48,64,57,65,61,56,53,40,,,,53,21,,28,40,8,,20,25,33,,55,61,53,65,40,43,59,46,70,,,,64,68,,58,68,60,49,44,,49,25,27,25,30,19,36,46,,32,,27,,33,41,38,49,44,39,45,41,49,53,43,26,70,74,76,71,,72,64,60,13,34,10,30,63,75,,,71,,62,49,,68,59,51,54,54,48,,54,59,17,39,18,36,32,,22,27,21,12,13,20,36,50,53,8,40,,31,56,66,30,64,35,38,12,30,11,18,21,11,21,,23,37,33,36,56,20,34,45,,107,89,62,81,74,83,78,53,84,94,100,83,77,94,89,94,84,22,17,20,38,22,21,35,41,43,42,26,12,46,6,15,36,15,33,23,27,7,27,10,,4,3,15,15,17,36,6,5,5,19,31,13,24,15,6,10,35,12,1,23,37,35,22,32,34,36,19,18,48,24,12,29,37,28,26,30,26,26,24,13,8,10,9,13,19,32,18,41,5,6,35,48,46,14,16,18,8,5,4,,3,,19,15,6,17,111,,56,55,56,61,80,7,70,36,,65,34,74,37,20,,18,44,20,22,20,,30,115,18,25,31,18,19,21,20,14,12,18,13,27,28,14,15,8,55,39,56,60,47,55,78,57,51,64,53,38,62,31,87,54,61,44,53,81,64,117,62,77,50,,58,69,79,,,,97,102,15,5,2,7,110,,29,33,22,49,30,49,33,17,30,36,42,47,15,14,46,87,91,80,82,93,82,101,114,104,118,72,42,36,58,38,27,,16,17,26,15,36,73,52,69,53,9,5,2,31,,49,,47,47,42,34,27,,,68,,69,54,56,,28,20,47,46,51,39,30,42,60,39,44,90,83,93,108,84,,55,,56,,28,38,52,46,71,78,63,98,106,89,94,89,88,75,82,60,,164,105,144,124,105,19,22,26,18,34,27,31,32,33,38,18,29,31,12,27,26,32,13,30,29,28,25,20,37,18,31,22,19,81,82,,21,9,,28,21,18,18,36,16,17,9,,,93,93,90,49,,85,,108,87,90,116,,129,124,,54,54,71,,45,12,38,30,7,29,104,29,52,36,,58,40,64,36,34,55,,9,6,24,6,19,31,19,12,8,13,21,1,36,76,17,40,49,11,11,10,14,12,,24,72,73,30,64,59,7,8,14,11,18,48,48,43,24,34,54,73,60,71,,60,64,66,81,46,68,64,51,32,72,53,105,66,69,,63,74,77,49,57,84,81,81,89,81,84,79,74,102,74,69,74,111,100,109,74,111,85,,97,38,32,38,40,61,35,38,38,48,39,33,85,55,28,35,50,21,19,47,21,18,28,47,15,28,18,8,10,42,27,19,20,33,36,7,13,4,14,16,59,69,80,61,84,96,112,106,105,102,7,55,8,12,50,82,92,123,64,,,90,50,38,41,37,104,87,94,104,130,92,19,28,12,,24,30,38,69,78,73,61,85,66,54,55,7,13,5,2,61,49,64,65,69,43,68,66,,,85,82,51,54,69,73,,103,106,99,111,118,79,55,86,101,80,62,76,43,40,41,44,90,93,36,59,58,44,146,46,82,65,88,29,37,60,43,45,90,75,82,92,85,84,48,75,64,75,63,,62,56,70,135,63,,66,60,61,43,47,75,71,51,50,58,,60,62,35,60,,26,57,56,,,56,39,20,42,62,58,57,80,,97,85,,22,56,33,43,62,66,64,100,94,68,100,129,50,108,,104,111,144,99,,132,73,86,94,94,23,,22,98,83,100,56,26,78,66,,88,94,95,136,,,28,5,101,105,117,110,100,21,24,81,39,6,49,52,40,64,35,10,14,46,10,52,21,21,33,33,13,8,19,3,6,8,7,37,,,29,29,34,31,12,8,13,17,21,18,11,20,38,28,42,29,4,8,1,10,10,13,11,54,18,17,21,65,47,39,56,25,40,,19,47,23,7,21,12,,18,30,44,,63,26,34,45,37,24,47,24,,40,45,27,42,56,40,28,35,75,48,82,51,,50,19,28,21,63,67,64,58,61,69,,23,30,66,48,86,30,42,14,20,49,33,18,18,28,112,45,47,41,3,8,2,3,52,51,39,21,24,17,17,42,44,8,15,5,21,16,16,43,37,37,28,28,21,34,20,58,68,132,111,107,40,41,64,75,23,27,36,23,27,20,41,47,40,27,28,19,15,25,69,85,84,,51,88,83,102,,97,94,95,,94,86,72,76,76,91,100,101,85,99,74,88,84,78,91,87,87,,24,5,15,10,90,88,83,60,59,55,55,58,21,19,27,53,65,54,,48,43,,24,89,73,80,72,39,41,28,23,13,35,35,34,21,33,47,6,22,14,24,39,29,44,51,50,46,59,55,70,81,114,23,45,17,33,43,78,60,60,54,60,23,41,31,31,43,4,,,,8,5,4,18,24,25,11,9,35,41,,37,24,9,32,35,13,10,28,33,6,8,5,36,34,12,8,38,8,31,19,50,95,101,68,86,104,78,104,59,30,63,48,51,38,60,49,107,71,63,,68,34,46,34,54,50,50,82,47,105,,40,28,,74,54,54,62,52,16,18,18,,84,34,34,38,32,35,62,36,49,52,28,39,39,38,40,5,11,38,26,2,1,39,,36,26,23,62,33,2,27,27,4,3,10,8,43,44,,27,40,15,23,5,10,48,40,44,39,5,2,55,38,26,22,61,56,58,55,56,,99,,48,42,38,28,31,16,55,88,76,76,,56,46,42,26,91,84,69,70,95,,58,73,75,60,71,48,63,87,94,85,106,94,59,,116,81,68,52,87,59,54,83,45,82,96,81,86,90,89,91,88,78,89,31,43,51,50,59,18,23,80,66,108,89,177,24,,30,53,49,21,43,9,65,61,59,26,30,24,35,38,91,6,45,48,66,74,116,121,27,10,21,72,69,42,70,17,53,15,57,75,39,48,8,6,69,50,45,39,91,74,88,21,52,13,41,74,54,99,94,100,92,34,57,32,39,29,65,62,47,33,15,32,19,76,65,55,69,74,66,,50,94,58,51,20,53,85,81,128,5,87,30,114,31,13,45,86,92,30,53,62,56,74,46
20170820,8,CO,2.1,1.2,1.9,1.9,1.8,1.8,1.3,1.1,1,1.3,1.3,1.2,,,2.5,,3.4,2.4,3.7,,3.4,3.1,1.4,,3.5,1.7,,1.4,1,0.7,1.9,0.8,0.7,0.6,5.5,4.5,4.2,4.1,5.2,5.6,0.4,0.4,0.4,0.5,0.6,0.8,0.8,0.8,0.9,0.7,0.7,0.9,0.7,0.6,0.9,0.5,0.5,0.6,0.7,0.5,0.7,0.7,0.8,0.8,0.6,1.6,1.9,,1.5,1.6,1.2,1.1,1.2,0.8,1.2,0.6,1.5,1.3,1.2,1,,,1,0.8,1.1,1.5,1.4,1,0.6,1,0.8,1.2,1,1.1,1.3,1.1,0.7,0.9,0.8,,,1,0.6,1,0.8,,1.6,0.8,0.7,1,1.2,0.7,0.8,0.8,0.7,0.9,0.9,1.1,1.1,1.2,,1,0.9,1.4,0.9,1,0.9,0.5,0.9,0.6,,0.2,0.6,0.6,0.5,1.1,0.4,0.4,0.7,0.5,1.2,0.8,0.8,1.1,0.6,0.8,0.7,0.9,0.7,0.9,0.7,1.8,1.1,0.9,1.5,1,0.9,1.2,0.5,1.2,1.2,0.6,1.3,0.6,1.5,0.8,1.1,1.3,1.2,0.7,1,0.6,,,,1.3,1.2,,0.7,0.8,0.4,,1,0.3,0.4,,0.6,1,1,0.8,0.8,0.8,1,2.1,0.9,,,,0.7,0.5,,0.8,0.7,0.7,0.5,0.9,,0.7,0.7,0.4,0.4,0.5,0.4,0.9,0.7,,0.9,,0.8,,0.7,0.7,0.7,0.6,0.7,0.7,0.8,0.7,0.7,0.6,0.7,0.9,0.8,0.9,0.8,0.9,,0.6,0.4,0.5,0.5,0.5,0.6,0.7,1.1,0.8,,,0.6,,0.7,0.8,,0.4,0.6,0.6,0.6,0.6,0.3,,0.6,0.5,0.7,0.7,1,0.6,0.5,,0.7,0.8,0.9,1,0.8,0.5,,1,0.7,1,0.1,,0.9,0.7,0.6,0.6,0.4,0.5,0.6,1.5,1,0.6,1.2,1.1,1,0.6,,1.6,1.7,2.2,1.6,1.7,2.5,1.9,1.8,,0.3,0.2,0.5,0.4,0.6,0.5,0.4,0.3,0.6,1,1.1,1.3,1.7,1.1,1.5,1.6,1.2,1.8,0.8,2.5,0.8,0.9,0.8,2,0.8,0.5,0.7,1,0.8,0.5,0.8,0.5,1,0.7,0.5,0.6,0.6,1,0.7,0.6,,0.7,0.8,0.8,1,0.7,0.7,1,0.8,0.8,0.8,0.6,0.7,0.8,1,0.6,0.7,0.7,1,0.8,0.4,0.5,0.5,0.7,,1,0.6,0.5,0.8,0.6,0.7,0.7,1,0.7,0.7,0.5,0.3,0.5,0.4,0.5,0.6,0.9,0.7,0.6,0.6,0.7,0.7,0.6,0.8,0.7,1,1,0.8,0.6,1,1.1,1.2,0.9,1.1,1.1,,1.1,0.6,0.6,0.7,0.6,0.7,0.6,,1.1,0.9,1,0.7,1.5,1.3,0.9,0.9,,1,0.6,0.8,1.2,1.3,,0.7,0.7,0.9,1,0.9,,0.6,0.1,0.4,0.4,0.5,0.6,0.5,0.5,0.6,0.4,0.5,0.9,0.9,1,1.2,1.1,0.9,1.2,0.5,1.6,0.5,0.5,0.6,0.5,1.2,1.5,1.4,1.4,1.2,1.1,1.1,1.5,1.3,1.3,1.4,1.4,1.3,0.6,0.5,0.1,0.4,,0.4,,0.9,1.4,0.9,,,,0.9,0.6,1,1.1,1,1.4,1.2,,1.1,0.7,1.8,0.6,0.9,0.5,0.4,0.5,0.7,0.6,0.8,0.3,0.7,0.9,1.1,0.5,1.3,1.1,0.3,0.6,0.8,0.6,1,0.6,0.6,0.7,2.6,5,1.6,1.9,0.9,,0.9,1.3,2.6,2.8,2.3,1.9,0.9,1.8,0.8,0.8,0.7,0.7,0.7,,0.5,,0.9,0.8,0.7,1.2,1.2,,,1.4,,1.1,1.1,0.9,,1.6,1.1,1.5,3.7,1,1.3,0.6,0.5,1,0.5,0.6,0.5,0.3,0.6,0.3,0.4,,0.6,,0.8,,0.5,1.4,1.2,1.7,1.1,0.6,1.1,0.5,0.5,0.3,0.5,0.4,0.5,0.6,0.6,0.5,,1.1,1,1.2,0.9,0.9,1.2,0.9,0.8,0.9,0.7,0.7,0.8,0.5,0.7,0.5,0.7,0.8,0.5,0.7,0.7,0.5,0.9,0.8,0.7,0.8,0.7,0.6,1.2,1,1,0.8,0.8,1.1,1.1,1.5,,1,0.9,,0.7,0.9,1,0.6,0.6,0.7,0.8,1.2,,,1.1,1.2,1.1,1.2,,1.1,,1,1.1,1,1.1,,1.2,1.2,,1.8,2,1.7,,1.9,2.6,0.7,1.8,2.7,1.5,0.7,1.7,0.6,0.2,,0.5,0.8,1.3,1.2,1,1,,0.9,0.8,0.5,0.6,,1.8,1,1.1,3,1.2,1.1,1,1.3,1.4,1.1,3.3,5,0.7,0.7,0.5,1,0.4,,0.4,0.8,0.9,0.2,0.5,0.3,0.5,0.8,0.6,0.4,0.5,0.6,0.5,0.4,0.7,0.8,0.7,0.8,0.6,0.8,,0.8,0.9,0.9,0.9,0.7,0.7,0.8,0.4,0.4,0.6,0.3,0.4,1.5,2,,1.6,1.9,2.4,2.6,1.1,2.3,1.5,1.6,4,0.7,0.8,0.6,0.8,2.7,1.6,1.3,1.6,1.3,1.1,1.5,1.6,1.2,1.1,,1.1,0.9,1.1,0.9,1.2,0.8,0.9,0.9,1,0.6,0.8,0.7,0.5,0.6,0.7,0.7,1.3,1.3,1,0.6,1.3,1.3,1.3,1.1,0.4,0.9,0.5,0.8,0.5,0.4,0.8,0.7,0.7,0.8,0.6,0.9,1.1,0.8,0.5,0.5,0.7,0.7,0.7,0.7,1.1,1.6,1.2,2,1.1,1.4,3.2,0.5,1.2,1.1,0.4,0.6,0.6,0.5,0.7,,,0.6,0.7,0.8,0.6,0.9,1,0.8,0.8,0.8,0.9,0.8,1,0.6,0.4,,0.5,1.5,1.6,1.3,1.1,1.4,1.3,1.5,1.4,1.5,1.3,1.4,1.6,1.7,1.7,0.8,0.8,1.2,1,1.1,1.2,1.1,1,,,1,0.9,0.5,0.4,0.8,0.6,,0.4,0.2,0.7,0.8,0.4,0.8,0.7,0.7,0.9,1.4,1.1,1.8,0.6,1.8,1.2,1.6,0.7,0.2,0.6,0.6,0.2,,0.6,0.2,0.4,,0.5,0.5,0.9,0.3,0.6,0.4,0.5,0.4,0.6,0.5,0.5,0.4,0.7,0.7,1.1,0.7,0.6,0.9,0.7,0.7,0.8,0.7,0.7,,0.5,0.9,0.9,1.1,0.7,0.8,0.9,0.4,0.6,0.7,,0.7,0.4,0.6,1,,0.8,0.8,0.7,,,0.5,0.4,0.7,0.8,1,0.6,0.8,1.1,,1.1,1.1,,1,0.9,2.6,5.4,2.4,1.9,3.5,4.3,1.4,1.7,1.5,2.4,1.1,1.1,,1.1,0.9,1.4,1.2,,1.6,1.7,1.2,1.2,1.1,,,2,1.1,0.6,0.5,0.6,0.9,0.3,0.4,,0.6,0.4,0.3,0.7,,,1.4,0.5,0.6,0.6,0.3,0.2,0.3,0.9,1,1.5,1.2,0.8,0.4,0.5,0.6,0.7,0.4,0.5,0.1,0.3,1.2,0.9,1.5,3,1,0.7,1.5,1.2,1.1,1.2,0.7,0.8,1.2,1.1,,,0.2,0.8,0.7,0.6,0.5,0.9,0.5,0.4,0.7,0.7,0.8,0.3,0.5,0.4,0.4,0.4,0.4,0.7,0.2,0.4,0.4,0.5,0.7,0.4,0.6,0.8,0.8,0.7,0.6,0.6,0.5,0.3,0.8,,0.6,0.7,0.5,0.9,0.6,0.4,,0.5,0.6,0.5,,0.5,1.3,1.1,1.3,1.2,1.5,0.9,1.1,,0.8,0.5,1.1,0.3,0.6,0.6,1,0.4,0.4,0.4,0.5,0.7,,0.4,0.3,0.4,0.6,0.4,0.4,0.4,0.6,0.9,0.9,,0.9,0.7,0.5,0.6,0.5,0.8,0.7,0.8,0.6,0.7,1.9,1.1,1,1.5,0.5,0.9,0.9,0.9,0.8,1,0.6,0.9,0.7,1,0.7,0.6,1,1,0.7,1,0.4,1.8,1.3,1.6,0.7,0.7,1.3,0.8,1.5,0.9,0.8,0.8,0.6,0.7,0.6,1.3,1.1,1,0.7,1.3,0.8,0.9,1.2,0.6,0.8,0.9,0.9,0.9,1,0.7,0.9,0.7,0.5,1,1.3,1.2,0.9,1.1,1.8,1.4,1.4,,1.4,1.4,1.7,1,,0.9,1,1,,1,0.8,1,0.9,0.8,1.5,1.1,1.7,1.4,1.4,1.1,0.7,0.8,0.7,0.9,1.1,1.1,,0.9,0.7,0.8,0.8,0.9,1.3,0.9,0.7,0.9,1.4,1.4,1.3,0.7,0.7,0.9,0.6,0.8,0.8,,0.8,0.6,,1.1,0.9,1.1,1.1,1.1,1.2,0.9,1,1.1,0.9,0.6,0.8,0.8,0.7,0.9,0.8,0.6,0.8,0.8,0.6,0.5,1.2,0.6,0.9,1,1,1.3,2,1.7,1.8,1.1,0.5,0.5,0.5,0.5,0.5,1.3,1.3,1.2,1,1.7,0.9,2.5,1.7,1.3,0.8,0.9,1,1.6,1.2,1.1,1.3,1.1,1.1,0.9,0.7,0.9,1,0.6,0.5,,0.7,1,0.7,1.2,0.9,1.2,1.2,1.2,1.3,0.5,0.9,0.7,0.6,0.7,0.8,0.5,0.9,0.8,0.7,1,0.8,0.4,0.5,0.6,0.4,0.5,0.6,0.6,1.2,0.8,0.7,0.8,0.3,0.4,0.5,0.3,0.6,0.9,1.2,,0.7,0.3,0.6,0.6,0.7,0.8,0.5,0.7,0.7,0.3,,0.7,0.8,,0.4,0.6,0.6,0.4,0.5,0.4,0.5,0.5,,0.5,0.8,0.8,0.8,0.6,0.7,0.6,0.6,0.3,0.6,0.4,0.4,0.6,0.5,0.5,0.6,0.9,0.9,0.8,1,1.3,0.6,,0.5,1.7,1,0.3,0.8,1.2,1.5,0.8,0.6,0.4,1,1.2,0.8,1,,0.9,0.4,1,0.8,0.9,0.3,0.7,0.8,0.6,0.6,1.2,0.9,1,0.4,0.6,0.7,0.4,0.3,0.4,0.2,1,,0.2,,0.3,0.2,0.6,1.1,1.2,1,1,1.1,1.4,1.3,,1.2,0.6,1.2,0.9,0.4,0.6,0.4,0.7,0.6,,0.5,0.5,0.6,0.1,0.4,1,0.4,1,1.3,1,0.2,0.3,0.4,,0.6,0.6,,1.3,0.6,0.9,0.6,1.1,0.6,0.6,0.8,0.7,0.8,0.4,0.5,0.6,1.8,0.8,1.1,0.9,0.9,1.2,1.5,0.3,1.4,0.8,0.4,0.5,0.9,0.9,1.2,0.5,,0.6,0.9,0.4,1.5,0.9,1.2,0.8,0.7,0.7,0.9,0.8,0.6,1,0.5,1.1,0.6,4.2,2.3,2.1,1.4,1,1.6,1.5,0.6,0.7,0.6,0.5,0.7,0.9,0.7,0.4,0.9,0.7,1.2,1.1,0.7,1.3,1.4,0.4,0.4,1,1.8,0.5,0.8,0.6,0.8,0.6,1.7,0.9,0.7,2.5,1.2,0.6,0.7,0.6,1.3,0.4,0.4,0.7,0.9,0.5,0.9,0.9,1.3,0.9,0.7,0.7,0.8,0.5,0.7,0.8,0.4,2,,3,1.1,1.3,1.1,1.1,0.5,0.8,0.5,0.9,0.7,0.6,0.5,1.2,1.6,0.3,3.3,1.3,0.4,0.6,0.4,0.3,0.7,0.2,1.2
20170820,8,CO_24h,1.1,0.9,1.2,1,1.2,1,1,1.2,0.9,1,0.9,1.1,,,1.2,,1.1,0.8,1.7,,1.2,0.9,0.9,,1,1.1,,0.9,0.8,0.6,1.5,0.7,0.6,0.7,2.3,2.3,2,2,2.7,2.5,0.4,0.5,0.5,0.5,0.5,0.8,0.8,0.8,0.8,0.6,0.7,0.8,0.6,0.5,0.8,0.5,0.5,0.5,0.7,0.5,0.5,0.5,0.5,0.6,0.5,1.4,1.1,,1.1,1,0.4,0.3,0.7,0.4,0.7,0.5,1.2,0.9,1,1,,,1,0.8,1.2,1.1,1.2,1,0.8,1.2,0.9,1.1,1.1,1.2,1.3,1.2,0.8,1,0.8,,,0.9,0.8,0.9,0.9,,1.1,0.8,0.7,0.9,1,0.6,0.8,0.8,0.8,0.8,1.1,0.9,1,1.1,,1,0.7,0.9,0.8,0.9,0.8,0.6,1,0.6,,0.4,0.5,0.6,0.6,1.3,0.3,0.3,0.7,0.4,0.8,0.5,0.8,0.8,0.7,0.7,0.6,0.7,0.6,0.8,0.6,1.6,1.1,0.9,1.3,1.1,0.9,0.9,0.3,0.7,0.5,0.3,0.8,0.4,1.1,0.7,0.8,0.6,0.6,0.7,0.5,0.4,,,,1,0.8,,0.6,0.8,0.4,,1,0.3,0.4,,0.5,0.7,0.7,0.7,0.7,0.7,0.9,1.1,0.6,,,,0.6,0.4,,0.8,0.8,0.7,0.4,0.8,,0.7,0.7,0.4,0.4,0.4,0.5,0.8,0.5,,0.8,,0.8,,0.5,0.6,0.8,0.6,0.7,0.7,0.8,0.7,0.6,0.6,0.7,0.8,0.7,0.8,0.6,0.9,,0.5,0.5,0.4,0.6,0.4,0.5,0.7,1.1,0.8,,,0.6,,0.7,0.8,,0.2,0.5,0.5,0.6,0.6,0.3,,0.6,0.5,0.6,0.5,0.7,0.7,0.6,,0.6,0.7,0.8,0.9,0.8,0.5,0.9,0.7,0.5,0.9,0.1,,0.6,0.6,0.5,0.3,0.3,0.4,0.4,1.4,0.7,0.6,1.1,1,0.9,0.6,,1.5,1.2,1.4,1.2,1,1.4,1.1,1.2,,0.4,0.3,0.4,0.4,0.6,0.5,0.5,0.2,0.6,1.2,1.2,1.4,1.5,1.3,1.6,1.7,1.1,1.5,1,0.8,0.6,1,0.6,0.6,0.7,0.4,0.6,0.8,0.7,0.5,0.6,0.6,0.7,0.6,0.4,0.4,0.6,0.7,0.7,0.7,,0.8,0.7,0.8,0.9,0.8,0.6,1,0.7,0.7,0.7,0.6,0.7,0.7,0.8,0.6,0.6,0.6,0.6,0.6,0.3,0.4,0.4,0.5,0.5,1,0.7,0.6,0.7,0.6,0.7,0.8,0.8,0.5,0.5,0.5,0.2,0.5,0.4,0.4,0.7,0.9,0.7,0.7,0.6,0.7,0.7,0.6,0.7,0.5,1,0.9,0.7,0.5,0.9,1,1,0.8,0.9,1,,1,0.5,0.5,0.7,0.5,0.6,0.5,,0.8,0.7,0.8,0.6,1.2,0.8,0.8,0.7,,0.8,0.6,0.4,0.8,0.9,,0.7,0.6,1.1,0.9,0.8,,0.6,0.3,0.4,0.4,0.6,0.5,0.5,0.4,0.6,0.4,0.5,0.6,0.8,0.7,0.9,0.6,0.8,0.7,0.4,0.7,0.4,0.5,0.7,0.5,1.3,1.6,1.4,1.5,1.2,1.1,1.2,1.6,1.4,1.4,1.5,1.4,1.3,0.6,0.8,0.4,0.6,0.5,0.4,,0.9,0.8,0.7,,,,0.8,0.5,0.9,1,0.8,1.1,0.8,,0.8,0.7,1.6,0.9,0.7,0.7,0.4,0.6,0.5,0.5,0.7,0.3,0.5,0.4,1,0.9,1.2,1.4,0.7,0.8,1,0.7,1.1,0.6,0.7,0.9,1,2.2,1,1.1,0.8,,0.7,1.1,1.4,1.4,1.1,0.8,0.9,1.1,0.6,0.6,0.6,0.7,0.6,,0.5,,0.7,0.8,0.7,0.8,1,,,1,,0.9,1,0.9,,2.2,1.3,1.2,1.5,0.9,1.2,0.4,0.4,0.7,0.4,0.4,0.6,0.4,0.6,0.4,0.5,,0.4,,0.7,,0.4,1,0.7,1.2,1.2,0.6,1.1,0.5,0.4,0.4,0.4,0.4,0.5,0.5,0.7,0.6,,0.9,0.9,0.8,1,0.7,0.8,0.7,0.6,0.8,0.6,0.6,0.6,0.4,0.7,0.4,0.5,0.6,0.4,0.5,0.5,0.4,0.8,0.8,0.7,0.7,0.7,0.5,0.8,0.8,0.9,0.5,0.6,0.8,1.1,1.2,,0.9,0.8,,0.7,0.9,0.9,0.7,0.6,0.6,0.6,0.6,,,0.9,1.1,1.1,1.1,,1.1,,1,1.2,1.3,1.2,,1.3,1.3,,1.7,1.9,1.6,,1.7,1.7,0.8,1,1.5,1.5,0.8,1.2,0.5,0.4,,0.9,0.9,1.8,1.4,1.1,1.1,,0.9,0.8,0.6,0.6,0.5,0.8,0.9,1.2,1.2,1.1,1,0.8,0.8,0.8,0.6,1.2,1.1,0.7,0.7,0.5,0.8,0.5,,0.4,0.7,0.8,0.3,0.6,0.3,0.3,0.6,0.4,0.4,0.4,0.6,0.5,0.4,0.7,0.6,0.7,0.9,0.6,0.9,,1,0.8,1.1,0.8,0.5,0.6,0.9,0.3,0.3,0.6,0.4,0.5,1.2,1.9,,1.3,1.6,2.4,2.2,1.1,1.8,1.2,1.5,2.7,1,1,0.8,1.1,1.8,1.5,1.1,1.1,1,0.9,1.2,1.2,1.1,0.9,,1,0.8,1.1,0.9,1.2,0.8,0.8,0.7,0.9,0.4,0.6,0.6,0.4,0.5,0.6,0.6,1.3,1.1,1,0.6,1.1,1.2,1.1,1,0.4,0.7,0.5,0.6,0.6,0.3,0.7,0.7,0.6,0.8,0.5,0.8,1,0.8,0.6,0.4,0.6,0.6,0.6,0.6,1,1.3,1.1,1.3,1,1.1,1.7,0.6,1,0.8,0.3,0.4,0.5,0.4,0.6,,,0.6,0.7,0.7,0.6,0.8,0.8,0.5,0.5,0.6,0.5,0.6,0.9,0.5,0.4,,0.3,0.8,0.9,1.3,1.2,1.4,1.4,1.6,1.5,1.6,1.4,1.2,1.3,1.3,1.5,0.9,0.9,1.2,1.1,1.1,1.2,1.2,1.1,,,0.9,0.9,0.3,0.3,0.2,1,,0.5,0.5,0.5,0.6,0.3,0.7,0.5,0.7,0.8,1.5,1.2,1.9,0.6,0.8,0.8,1,0.8,0.2,0.5,0.6,0.3,0.7,0.6,0.3,0.5,0.1,0.6,0.6,1.1,0.4,0.6,0.4,0.5,0.4,0.5,0.6,0.4,0.4,0.6,0.8,0.8,0.6,0.5,0.9,0.6,0.6,0.6,0.6,0.6,,0.6,0.8,0.8,0.7,0.8,0.6,0.7,0.4,0.6,1,,0.6,0.5,0.6,0.8,,0.8,0.7,0.5,,,0.4,0.3,0.5,0.4,0.6,0.4,0.4,1,,1,0.9,,0.8,0.6,2.4,1.6,2,1.6,1.6,1.6,1.1,1.2,1.3,1.7,0.9,1.1,,1,0.9,1.4,1.2,,1.5,1.4,1.1,1.1,1.1,1.8,,2.1,1.3,0.7,0.7,0.5,0.5,0.4,0.5,,0.7,0.5,0.4,0.7,,,0.5,0.3,0.6,0.6,0.4,0.6,0.5,0.6,0.6,0.9,0.8,0.3,0.5,0.6,0.5,0.9,0.7,0.6,0.3,0.5,0.8,0.7,0.6,0.4,0.8,0.5,1,1.1,0.9,0.8,0.9,0.8,1.2,1,,,0.2,0.8,0.7,0.6,0.4,0.6,0.3,0.4,0.5,0.5,0.9,0.6,0.9,0.4,0.5,0.4,0.3,0.5,0.3,0.4,0.3,0.5,0.7,0.3,0.5,0.6,0.4,0.7,0.6,0.5,0.5,0.3,0.8,,0.5,0.6,0.5,0.7,0.7,0.4,,0.5,0.5,0.3,,0.4,0.8,0.7,0.8,0.8,0.9,0.5,0.9,,0.8,0.3,0.8,0.5,0.6,0.5,1,0.4,0.3,0.4,0.5,0.8,,0.5,0.2,0.4,0.6,0.2,0.4,0.4,0.5,0.7,0.7,,0.7,0.6,0.4,0.5,0.4,0.7,0.7,0.7,0.6,0.7,1.8,1.3,0.8,1.2,0.6,0.9,1,0.9,0.6,0.8,0.6,0.7,0.7,0.9,0.8,0.7,1.1,0.9,1.1,0.9,0.3,0.9,0.9,0.8,0.8,0.5,0.8,0.7,1.7,0.9,0.8,0.9,0.4,0.4,0.3,1.2,1,0.9,0.6,1.2,0.7,1,0.9,0.6,0.7,0.6,0.8,0.7,0.6,0.7,0.8,0.5,0.4,0.9,1.4,1.1,0.8,1.1,1.9,1.4,1.5,,1.3,1.2,1.2,1.1,,1.1,1.1,0.9,,0.8,0.6,0.7,0.8,0.6,1.3,0.9,1.5,1.1,1.1,1,0.6,0.8,0.6,0.7,1,1,,0.8,0.7,0.8,0.8,0.7,1.1,0.7,0.5,0.5,0.9,0.9,0.9,1,0.6,0.8,0.6,0.8,0.8,,0.8,0.6,,1.1,0.8,1,0.9,1.1,0.9,0.6,0.8,1,0.8,0.6,0.8,0.8,0.6,1,0.6,0.5,0.5,0.6,0.5,0.5,1,0.4,0.8,0.8,1,1.4,1.8,1.6,1.5,1.1,0.4,0.4,0.5,0.5,0.4,1.2,1.2,1,0.9,1.4,0.9,2.4,1.5,0.9,0.7,0.8,1,1,1.1,0.8,1.1,0.9,0.8,0.8,0.6,1.1,1,0.8,0.4,,0.7,1,0.6,1,0.8,1.1,0.9,0.8,1.3,0.4,0.8,0.6,0.4,0.5,0.7,0.4,0.9,0.7,0.5,0.9,0.8,0.4,0.6,0.7,0.4,0.6,0.5,0.5,0.6,0.6,0.7,0.7,0.2,0.3,0.4,0.4,0.4,0.7,1,,0.5,0.4,0.4,0.4,0.5,0.6,0.5,0.6,0.7,0.3,,0.6,0.7,,0.5,0.6,0.6,0.4,0.5,0.6,0.5,0.5,,0.5,0.7,0.6,0.6,0.7,0.6,0.4,0.5,0.3,0.5,0.4,0.4,0.5,0.5,0.4,0.5,1,0.6,0.6,0.9,0.8,0.6,,0.5,1.2,0.8,0.2,0.6,0.8,0.9,0.7,0.4,0.3,0.8,1,0.6,0.8,,0.5,0.4,0.7,0.7,0.7,0.2,0.6,0.8,0.6,0.6,1.3,0.8,0.9,0.4,0.7,1,0.4,0.4,0.4,0.3,0.9,,0.2,,0.3,0.2,0.5,1,0.9,1,1.1,1.3,1.4,1.2,,0.8,0.7,0.8,0.8,0.4,0.6,0.2,0.5,0.6,,0.5,0.4,0.4,0.4,0.6,0.7,0.5,0.9,1.1,0.9,0.1,0.3,0.4,,0.7,0.7,0.1,1.2,0.7,1,0.6,1.1,0.5,0.6,1,0.8,0.8,0.6,0.6,0.7,1.9,1,1.2,0.9,0.9,1.5,1.6,0.3,1.2,0.8,0.4,0.4,0.9,0.7,1.2,0.5,,0.5,1,0.6,1,1,1,0.7,0.7,0.7,0.8,0.8,0.6,1.1,0.4,1.2,0.7,1.5,1,1,1.1,1,1.7,1.8,0.5,0.6,0.6,0.4,0.7,0.8,0.5,0.5,0.7,0.4,1,1.1,0.8,1.6,0.9,0.9,0.3,1,1,0.4,0.8,0.5,0.4,0.5,1.2,0.7,0.7,1,1.1,0.6,0.5,0.6,1.4,0.4,0.4,0.5,0.8,0.5,0.8,0.8,0.8,0.6,0.9,0.6,0.8,0.5,0.7,0.4,0.5,1.9,,1.4,1.2,1.1,0.9,1,0.6,0.8,0.3,0.7,0.6,0.6,0.5,1.1,1.4,0.3,1,1.5,0.4,0.5,0.2,0.3,0.7,0.3,1
20170820,9,AQI,110,95,105,99,114,118,103,74,60,94,114,97,,,115,,120,105,113,,129,114,117,,103,,,97,106,87,123,78,100,57,74,69,94,95,93,87,27,26,42,40,49,94,133,85,85,75,68,103,87,77,69,51,67,64,68,60,68,59,56,66,53,79,70,,62,64,70,75,112,82,108,79,69,,78,71,,,85,64,65,83,56,86,72,75,87,102,96,85,125,76,30,38,41,,,58,46,45,49,,65,31,35,30,47,36,39,30,31,32,29,52,56,53,,41,17,20,40,29,39,58,32,24,,43,54,45,50,39,22,62,30,36,27,31,24,26,20,25,29,21,24,27,18,20,20,27,24,,20,20,34,38,50,36,51,42,,36,32,20,31,26,20,53,,,,75,42,,58,56,55,,43,38,31,,17,42,30,18,29,32,20,65,23,,,,25,24,,48,21,23,27,30,,25,29,42,28,54,36,32,55,,51,,64,,35,50,49,35,38,36,36,40,51,38,51,29,38,49,60,52,,54,49,56,42,50,53,46,50,62,,,14,,36,32,,57,69,52,32,27,28,,27,33,58,57,63,23,23,,44,33,35,23,36,50,46,30,26,43,60,,69,73,85,69,50,54,59,71,69,77,71,71,85,49,,77,81,117,81,125,133,132,115,,30,32,23,29,31,24,29,34,21,48,42,49,56,54,51,47,53,71,41,53,59,42,59,54,41,52,55,73,57,33,55,53,50,49,36,52,44,49,33,35,,28,51,35,72,40,68,29,43,22,31,22,31,27,63,18,15,33,28,32,19,20,16,16,26,52,25,23,31,20,54,57,37,33,38,37,23,28,30,18,40,46,45,28,29,36,52,43,54,69,60,52,68,61,60,65,56,56,63,65,,58,,14,18,16,22,39,,39,33,58,35,54,72,55,58,,30,45,51,51,86,,35,41,32,24,53,,32,51,27,24,13,20,34,23,27,23,31,38,36,22,43,53,48,59,15,28,24,15,19,18,98,79,68,74,85,75,84,69,70,79,66,89,84,25,27,39,32,27,83,,12,18,57,,,,55,51,57,90,64,88,71,,87,42,51,38,46,44,46,55,51,53,42,33,42,54,62,53,59,55,48,57,56,80,76,72,81,82,63,109,45,37,35,,35,42,87,92,80,,60,72,60,73,62,,60,,39,,38,38,40,43,57,,,117,,97,45,44,,64,73,71,112,76,58,68,58,58,56,77,26,29,27,34,27,,69,,62,,57,66,88,68,36,39,32,34,37,35,29,31,28,44,37,51,,97,85,83,69,72,82,64,42,62,31,53,24,16,19,32,20,16,36,30,52,28,54,53,53,23,30,25,62,58,58,38,38,28,82,98,,58,67,,28,27,53,25,19,28,51,31,,,75,79,97,112,,38,,43,50,59,58,,68,58,,76,84,88,,83,97,82,98,110,78,53,76,70,55,,27,22,27,28,37,24,,50,48,17,26,18,71,58,32,75,54,40,58,61,83,69,93,87,20,26,23,29,19,,13,62,52,46,24,56,68,52,91,48,42,29,35,25,42,29,28,29,19,25,,30,26,22,44,80,59,65,42,71,71,58,26,85,105,,94,107,90,132,48,74,60,57,68,54,65,47,48,122,113,97,97,69,89,72,114,93,90,,84,52,40,39,46,55,35,44,46,60,53,54,41,37,46,49,42,48,57,29,55,80,22,46,49,57,45,69,17,22,9,18,42,40,42,40,40,37,14,26,33,39,36,43,45,52,58,53,65,59,64,39,61,41,57,64,67,53,63,,,58,50,39,29,58,58,65,85,74,62,59,56,42,69,,44,47,26,62,79,70,79,48,63,60,73,67,68,108,103,38,33,43,46,43,53,50,48,,,78,74,48,17,39,56,,36,32,35,32,30,21,19,25,26,61,56,58,60,69,65,75,24,24,40,32,28,18,24,36,34,25,31,19,46,31,25,36,32,28,23,29,16,23,37,26,35,26,28,26,20,28,33,51,39,,21,26,35,43,46,25,20,14,15,18,,35,24,53,32,,53,34,46,,,39,25,54,117,91,78,109,59,,63,56,,77,101,92,119,109,87,117,102,64,,80,80,59,55,,58,54,84,81,,67,112,74,54,62,60,,74,28,25,31,52,97,40,49,,35,34,47,82,,,66,47,33,36,40,53,38,77,61,83,85,78,28,67,46,43,33,26,30,22,81,70,89,76,59,53,48,33,38,26,24,39,29,48,,,30,36,36,31,26,59,64,39,68,100,56,19,48,60,28,20,23,17,15,42,42,52,60,27,65,114,27,,31,34,51,25,38,,73,40,54,40,24,46,,47,72,73,,38,75,80,78,51,60,52,29,,35,39,52,49,60,45,51,39,27,41,26,54,,47,31,58,42,38,34,18,21,56,87,,49,77,25,17,34,58,74,48,43,41,63,63,59,61,50,49,58,54,62,61,62,67,50,41,51,49,42,43,53,38,17,90,72,77,78,51,65,47,54,53,48,71,66,80,69,99,108,64,75,,92,97,74,90,42,51,51,50,54,55,63,54,56,52,57,60,75,79,70,69,68,,64,74,64,55,,58,52,65,,62,99,79,88,95,58,67,117,80,63,84,72,72,67,89,98,78,,55,57,57,44,31,53,52,60,128,117,88,139,37,67,47,43,50,50,,31,36,,32,41,47,48,53,50,36,35,47,45,39,49,43,51,39,39,51,61,63,53,47,30,55,54,39,40,41,59,70,54,53,35,24,31,33,31,42,30,52,57,62,20,38,46,58,35,28,38,48,64,75,82,84,60,,45,21,25,10,43,35,44,57,46,48,57,56,69,55,54,35,62,56,43,45,37,74,27,21,29,56,58,49,42,58,62,67,47,54,40,39,43,43,50,51,50,44,51,64,65,,49,53,50,45,43,54,55,52,64,54,,29,40,,36,62,58,56,28,5,8,6,,22,14,19,27,19,23,48,52,44,37,33,21,22,21,20,51,37,59,61,19,18,18,,12,36,35,46,45,83,51,20,35,35,34,21,,23,,53,67,22,33,43,23,19,24,26,11,36,32,40,30,11,51,18,17,15,19,53,,25,,21,48,48,48,57,53,49,46,50,57,,44,30,23,26,26,25,26,49,55,,18,13,23,50,40,83,53,29,51,28,29,22,65,,35,22,32,64,25,36,29,46,14,33,28,20,22,27,26,26,27,62,26,83,87,51,66,19,52,32,25,37,45,54,75,122,,,209,137,93,62,68,25,30,17,55,58,45,26,58,49,23,113,122,82,87,62,84,56,40,33,22,54,35,15,58,65,55,55,100,45,18,61,18,72,33,47,37,74,18,30,23,70,91,83,52,87,55,39,46,54,48,26,32,30,55,22,31,31,71,73,29,50,34,43,33,68,40,106,,120,53,132,88,68,99,72,22,73,39,55,47,88,96,55,124,55,29,58,51,51,47,24,43
20170820,9,PM2.5,83,71,79,74,86,89,77,54,43,70,86,72,,,87,,91,79,85,,98,86,88,,77,,,51,65,64,93,57,75,40,49,50,70,47,69,61,10,6,29,9,28,70,101,63,63,55,49,77,64,56,50,26,48,34,49,32,8,28,28,23,36,58,51,,44,46,51,55,84,60,81,58,50,,56,44,,,63,45,47,51,38,46,52,53,64,76,60,56,95,54,19,25,23,,,33,30,27,29,,37,20,24,21,26,25,20,19,21,22,20,24,16,14,,12,8,9,28,12,13,13,13,8,,12,11,16,14,13,11,26,11,25,14,,16,10,13,17,14,1,7,6,7,5,,6,,,10,,,21,16,19,2,18,,21,11,14,11,16,14,37,,,,43,29,,21,28,30,,15,16,12,,3,19,17,4,20,22,12,47,13,,,,16,12,,33,9,12,16,12,,17,14,14,15,20,18,22,39,,21,,39,,24,28,22,18,24,25,25,26,25,18,32,16,26,34,43,33,,38,34,30,29,32,30,26,28,38,,,8,,22,22,,34,50,35,16,17,19,,15,19,38,34,45,15,16,,22,23,13,16,25,35,32,21,18,30,29,,39,43,34,37,35,23,42,38,22,18,48,39,47,12,,31,59,88,58,95,101,100,87,,9,2,8,,7,5,11,5,10,32,29,34,33,38,31,31,34,48,26,29,22,22,30,30,17,22,23,24,29,16,33,26,25,24,20,20,21,33,23,24,,9,24,24,49,28,49,20,30,13,19,10,16,16,30,12,10,15,15,22,13,10,9,10,18,20,17,12,16,14,29,40,21,11,11,13,16,19,17,12,28,18,31,19,20,25,22,17,29,31,43,36,49,31,38,44,25,29,30,37,,37,,6,12,6,8,21,,24,22,32,18,11,30,32,24,,16,10,14,28,35,,19,27,22,13,21,,20,27,5,16,3,14,10,11,15,16,10,15,15,15,12,22,15,25,2,5,2,3,4,3,73,58,49,54,63,55,62,50,51,58,44,66,62,14,18,6,22,9,61,,4,12,25,,,,34,28,18,33,46,38,24,,35,18,35,21,26,21,32,36,32,22,27,23,17,20,22,34,38,37,31,23,26,43,52,47,57,49,42,82,20,19,21,,21,22,52,68,59,111,43,45,43,53,41,,40,,23,,10,16,15,17,40,,,88,,72,31,29,,36,42,40,84,51,41,34,31,34,22,27,14,13,13,15,9,,50,,37,,31,35,65,39,25,27,22,20,20,24,20,7,9,19,17,27,,72,63,61,50,52,60,46,19,44,18,37,12,11,13,13,14,11,17,10,25,19,37,29,32,16,11,17,42,34,35,20,18,14,60,73,,41,48,,19,17,24,17,13,19,26,8,,,55,58,72,56,,26,,30,35,42,41,,49,41,,42,62,52,,57,55,60,59,83,45,37,37,35,25,,16,11,,14,16,15,,34,15,11,11,12,36,19,21,55,19,23,30,33,61,39,38,42,9,7,7,9,6,,4,20,11,23,13,28,17,27,35,28,8,9,24,15,21,11,14,11,10,11,,14,18,9,17,24,20,23,16,29,28,28,14,63,79,,70,80,60,100,33,54,43,40,43,30,29,31,33,92,85,72,72,40,66,52,86,69,67,,62,26,28,23,24,17,20,16,19,43,37,38,25,23,32,29,29,29,40,9,22,26,15,14,23,29,30,27,10,8,1,2,29,25,29,25,28,23,5,4,23,27,25,30,31,36,41,36,47,38,28,23,23,19,34,34,48,36,45,,,41,35,17,20,41,31,39,54,54,43,34,18,27,34,,19,26,18,44,58,51,58,33,45,36,52,46,35,81,77,26,23,30,32,30,37,35,33,,,57,54,20,10,4,16,,11,13,17,22,8,6,8,13,18,25,26,19,43,50,47,55,9,11,15,10,17,11,,23,14,17,6,10,10,13,13,25,7,5,9,12,8,3,16,18,24,16,19,,14,17,20,13,21,,5,8,24,30,32,9,11,9,10,6,,9,10,19,21,,37,21,27,,,22,17,23,88,36,56,82,42,,45,39,,45,67,68,90,82,64,88,76,46,68,50,53,42,39,,41,38,62,36,,48,84,54,38,35,43,,54,18,17,21,19,72,22,17,,24,20,11,60,,,26,4,21,16,20,14,15,56,40,61,48,37,16,22,28,24,14,18,15,15,59,51,61,45,40,33,20,19,26,13,12,22,18,11,,,9,15,16,16,12,31,34,12,37,24,21,5,25,17,10,3,16,11,5,12,17,21,20,12,24,16,17,,16,13,13,6,13,,53,28,37,20,6,22,,20,52,42,,19,55,59,57,29,41,18,12,,22,19,36,34,43,31,3,14,17,11,18,19,,29,17,41,29,5,3,3,13,29,64,,28,32,3,2,4,37,54,33,30,27,45,45,40,39,30,32,41,38,42,39,32,34,28,24,20,34,29,29,25,26,1,54,29,32,40,31,37,28,24,29,24,45,40,45,43,74,81,46,55,,68,72,54,67,28,33,29,24,34,39,45,38,38,36,40,41,55,56,51,49,44,,40,54,46,39,,41,36,47,,44,74,58,65,71,41,48,88,59,45,54,48,48,48,66,73,57,,37,39,10,28,12,37,36,43,97,88,57,106,24,48,16,23,20,28,,11,19,,19,25,32,25,34,22,25,24,27,31,22,26,25,29,26,24,31,33,30,34,27,12,28,38,15,15,23,40,20,21,18,6,15,20,23,5,19,21,21,17,29,13,21,32,21,24,8,16,21,46,55,60,62,22,,31,5,17,7,30,24,23,28,26,32,38,34,50,39,32,15,27,25,19,22,18,54,7,2,1,7,41,34,28,32,25,48,28,31,27,26,30,30,16,15,24,20,32,46,31,,20,27,31,29,,26,33,29,46,38,,19,23,,12,22,17,8,16,3,4,3,,6,8,13,12,11,12,33,32,12,19,23,11,11,13,10,13,8,24,43,13,11,11,,7,20,18,18,23,31,8,14,24,23,20,11,14,16,,25,15,3,13,21,6,6,8,10,6,8,14,,6,5,14,4,4,6,2,32,,1,,1,8,25,27,29,28,34,26,27,27,,19,15,16,18,11,8,7,27,24,,8,5,8,35,22,30,27,20,27,19,11,9,18,,12,7,22,46,10,25,20,32,7,23,5,5,15,6,9,,4,8,18,23,31,19,15,6,26,16,6,10,31,25,16,44,,,62,80,69,27,32,10,4,3,17,34,22,14,36,34,16,85,92,60,64,44,62,25,12,16,7,38,22,10,41,47,39,39,75,31,12,19,12,12,14,25,21,35,9,19,16,51,56,40,36,64,39,27,32,34,20,14,22,16,27,13,19,10,38,41,20,30,18,16,16,32,10,60,,91,37,100,61,49,74,52,12,53,18,27,6,65,31,39,94,38,11,41,29,8,19,15,30
20170820,9,PM2.5_24h,48,40,52,42,54,50,40,48,33,44,51,51,,,46,,45,44,42,,44,46,35,,44,,,61,64,54,73,48,59,37,40,39,53,42,50,45,16,19,27,17,25,70,86,81,64,46,43,65,60,54,46,32,36,18,29,34,11,11,23,16,23,39,33,,37,33,36,44,46,44,51,52,49,,48,41,,,40,35,37,35,35,34,55,52,57,68,53,56,69,60,18,27,32,,,30,34,28,30,,34,18,16,18,17,15,17,15,19,18,17,17,13,11,,11,6,6,10,10,12,22,22,12,,24,21,23,24,23,17,18,21,27,27,27,28,21,31,27,24,22,26,12,10,12,10,15,6,12,13,7,18,19,18,17,10,20,,16,23,21,19,26,21,15,,,,29,16,,11,18,21,,26,25,19,,14,27,17,17,25,22,22,25,18,,,,15,16,,20,16,21,19,22,,21,15,14,15,14,18,20,21,,7,,21,,15,26,24,17,29,24,26,28,26,24,27,16,26,34,35,27,,33,28,27,37,32,32,41,36,30,,,15,,28,28,,30,34,35,20,22,19,,25,20,36,37,44,21,22,,14,18,13,15,19,23,22,18,14,17,31,,33,33,34,38,33,15,27,36,24,19,42,34,34,24,,33,40,54,35,48,54,63,55,,12,11,12,8,12,10,13,10,13,51,56,62,54,59,112,51,51,49,23,21,19,20,28,27,20,21,21,18,31,21,34,28,22,23,22,19,23,29,26,22,,25,23,24,50,20,45,23,26,16,16,13,14,13,28,14,13,13,13,28,9,13,7,13,31,31,27,13,18,23,39,34,16,13,12,4,12,15,18,23,27,28,37,28,20,23,26,22,20,22,36,32,32,29,25,29,24,22,25,28,,28,,8,13,8,11,19,,23,16,23,14,10,19,19,21,,17,12,12,18,16,,18,29,27,14,21,,19,25,6,17,7,14,9,12,19,16,8,16,12,17,11,20,21,21,9,6,6,5,9,3,51,43,37,45,50,50,41,58,37,36,36,55,43,24,24,12,25,18,10,,24,27,26,,,,26,18,15,22,26,23,15,,15,20,31,25,24,21,33,31,24,21,23,14,18,19,22,48,42,59,54,52,54,48,55,42,55,55,35,68,23,28,17,,18,19,40,37,31,31,28,25,26,30,27,,25,,15,,11,12,13,11,39,,,49,,43,24,25,,29,25,29,37,32,25,20,14,17,9,31,17,17,18,17,20,,26,,27,,23,24,31,23,16,19,21,13,10,11,12,11,15,19,18,28,,59,57,55,48,55,25,26,16,27,18,30,10,10,10,11,12,10,5,11,16,20,29,35,36,11,11,16,32,27,30,11,13,12,46,54,,35,29,,24,30,26,26,17,22,24,7,,,39,40,50,34,,29,,34,31,39,42,,39,41,,52,61,55,,56,50,54,49,55,45,28,20,24,24,,18,13,15,20,19,15,,29,21,13,17,11,23,14,18,27,14,20,15,32,37,30,29,30,13,10,8,9,10,,8,23,14,19,12,22,17,20,21,19,11,10,22,17,16,13,16,16,16,17,,15,18,16,20,25,23,27,19,29,26,35,15,56,89,,63,75,61,71,49,61,52,51,63,48,50,52,58,75,68,70,65,44,59,47,61,51,55,,47,19,25,20,18,15,20,19,22,26,25,34,24,22,27,27,24,29,30,9,17,19,14,14,16,24,25,19,18,9,7,16,25,25,25,26,32,22,9,7,25,26,24,28,22,29,34,25,37,30,23,18,16,18,35,33,38,27,52,,,45,16,16,22,31,26,31,33,37,34,29,17,20,15,,22,22,20,34,40,35,39,29,38,33,37,32,25,42,54,51,58,56,68,56,67,57,57,,,38,35,6,12,6,20,,16,16,25,22,5,8,17,12,17,28,37,20,24,25,35,37,14,14,15,11,18,12,18,23,20,19,20,19,21,20,12,20,8,8,10,13,8,8,19,20,20,20,23,,25,22,21,21,23,,10,15,29,25,30,16,16,15,20,14,,21,21,17,22,,27,25,25,,,19,16,26,25,16,18,25,27,,34,40,,35,39,69,73,64,56,62,61,38,42,38,39,34,37,,28,28,38,28,,31,40,38,27,28,50,,49,30,28,28,10,30,15,21,,36,33,27,45,,,12,9,15,16,32,25,24,36,31,34,41,26,13,25,20,25,36,23,29,27,29,29,31,22,25,28,16,18,14,13,12,19,14,11,,,9,12,12,14,17,28,30,20,26,14,24,5,26,14,18,7,9,12,8,17,17,13,16,10,18,21,16,,17,19,19,12,14,,38,27,37,11,15,16,,18,25,15,,25,23,25,24,22,26,25,38,,36,19,49,37,35,26,9,13,13,16,20,13,,20,9,17,17,12,12,9,15,14,23,,26,38,9,7,12,34,44,31,25,35,41,36,34,34,39,31,43,35,32,34,33,31,29,31,24,39,42,42,47,37,6,22,18,22,16,28,28,26,26,31,21,29,28,26,28,69,59,49,52,,52,54,46,50,28,27,26,24,27,32,35,27,34,29,36,36,39,42,57,55,54,,51,63,55,38,,40,36,49,,47,44,37,40,42,36,27,39,29,34,36,33,33,24,31,34,26,,26,30,17,28,29,34,36,32,49,45,33,56,27,36,13,20,19,21,,11,25,,18,21,21,16,29,18,17,17,31,31,28,19,20,24,22,20,28,30,33,36,31,17,21,33,13,14,16,28,18,14,15,10,19,19,18,15,18,18,19,14,25,20,24,27,24,28,10,18,23,39,42,52,42,22,,20,22,23,27,26,24,31,23,33,37,35,32,31,36,34,12,20,18,22,21,18,24,6,7,10,8,44,37,35,34,30,36,25,36,26,25,25,26,18,12,18,29,21,32,27,,16,24,22,24,24,26,24,30,25,35,,17,18,,10,23,21,24,15,4,5,6,,10,8,12,11,11,13,22,31,9,15,24,10,10,10,10,10,11,23,28,10,10,10,,10,9,14,17,15,18,18,11,27,18,20,11,10,11,,10,17,11,9,11,13,8,14,9,12,10,13,2,3,11,18,8,5,4,3,24,,6,,3,4,23,27,29,29,40,33,31,28,,16,15,24,19,20,13,9,24,29,15,16,5,10,21,25,19,21,32,36,36,13,11,18,,15,13,22,43,26,24,15,29,5,23,22,12,22,16,17,21,11,19,18,21,33,21,21,12,22,16,11,17,23,26,14,46,,51,74,92,30,20,29,11,6,8,14,26,14,12,24,39,24,52,51,34,48,36,36,38,13,20,18,33,29,17,27,31,25,19,47,30,10,14,11,12,21,27,22,26,16,16,13,43,44,41,40,33,27,21,24,36,21,22,16,22,14,14,18,6,22,21,15,15,15,18,15,20,10,58,,38,38,78,57,34,56,48,12,45,21,24,16,54,28,24,41,57,16,29,18,14,13,11,38
20170820,9,PM10,94,77,,,,89,105,59,44,105,,108,,,97,,91,,108,,,,,,98,,,143,162,105,,98,,64,98,80,136,140,132,123,17,20,40,40,49,127,144,105,102,66,86,,77,,78,51,76,78,85,70,85,68,62,81,55,64,83,,65,65,69,60,124,77,93,81,86,,105,92,,,88,77,80,115,61,121,85,100,111,135,141,119,143,101,30,38,41,,,66,46,45,49,,79,31,28,26,47,35,36,21,24,31,25,53,62,56,,41,15,20,36,29,39,65,32,24,,43,57,45,50,39,22,74,30,,25,31,17,26,17,19,29,19,22,27,,16,5,27,24,,,19,34,38,50,36,51,42,,36,32,19,31,26,19,47,,,,100,,,65,62,60,,43,38,31,,17,42,30,14,22,,20,69,23,,,,25,24,,,15,23,27,30,,17,29,42,28,58,36,28,50,,51,,78,,,50,49,35,38,36,33,40,51,38,52,29,37,49,49,53,,42,49,62,41,50,55,46,50,74,,,14,,36,29,,64,66,54,32,27,28,,27,33,65,64,69,23,20,,44,23,35,19,,43,,30,25,,70,,87,96,119,87,45,57,67,92,87,104,92,91,119,49,,103,111,181,111,139,195,123,156,,30,24,13,29,13,19,,34,15,48,,48,62,42,52,47,56,92,41,56,67,42,67,57,41,53,59,95,64,33,59,56,50,49,36,54,44,49,26,33,,28,51,26,94,,78,,39,22,31,22,31,27,76,15,,33,22,27,15,20,16,16,26,53,,23,31,16,57,,37,33,38,37,,,30,,,46,34,,24,35,53,43,57,87,46,48,81,71,69,80,62,62,76,80,,65,,14,16,16,22,39,,39,33,65,35,58,94,60,65,,30,45,52,52,122,,35,41,28,24,55,,32,52,27,24,13,14,34,23,27,20,31,38,36,17,43,55,48,68,6,9,4,4,8,7,78,76,67,92,80,76,79,75,62,85,81,75,101,25,27,13,,12,77,,6,18,63,,,,59,51,63,130,76,126,91,,124,42,50,38,46,44,37,59,52,55,42,,42,58,73,56,68,60,48,64,61,110,101,94,111,114,76,137,45,37,35,,35,42,123,127,90,186,,65,,84,73,,70,,39,,38,38,40,43,52,,,136,,106,41,44,,78,95,91,104,101,50,85,66,66,61,103,25,29,22,19,25,,79,,74,,63,82,70,86,,,,34,37,34,,18,11,44,37,52,,84,65,90,54,59,,78,42,54,31,45,24,13,,32,,14,36,30,53,25,57,55,56,21,30,23,73,65,66,38,38,28,,79,,66,60,,28,27,56,22,15,,51,31,,,84,86,,174,,36,,34,40,54,56,,60,48,,102,96,125,,115,143,60,146,133,106,54,102,90,59,,18,20,27,28,37,21,,50,48,17,26,17,91,66,32,89,58,40,66,72,,88,135,124,20,26,23,29,19,,8,74,54,46,24,62,86,53,131,48,42,29,25,17,42,29,18,17,17,15,,30,19,22,44,109,67,80,42,91,92,65,26,87,135,,129,95,129,163,41,73,60,51,85,58,79,47,48,143,139,84,118,88,107,82,,92,95,,85,54,40,39,46,60,35,44,46,,,54,41,37,,49,35,48,,29,59,109,20,46,49,63,45,88,17,22,7,18,39,40,34,40,37,37,14,26,29,37,35,43,42,52,60,56,54,67,77,39,72,41,63,77,58,55,64,,,53,41,39,,49,66,79,120,89,74,67,61,42,88,,44,47,26,71,74,76,77,46,45,69,95,83,86,132,129,,,30,36,32,44,,37,,,101,71,48,17,39,62,,18,17,35,28,30,11,19,25,,72,62,65,58,66,72,76,19,13,40,23,28,,24,36,34,,22,19,46,31,25,30,32,16,9,,10,14,37,23,34,26,27,25,20,28,33,52,39,,20,26,,38,44,25,20,10,12,9,,35,24,55,32,,51,34,46,,,39,20,58,153,132,105,142,63,,65,61,,104,151,118,117,119,81,169,113,65,,109,110,54,59,,58,56,79,111,,81,105,91,51,73,,,84,23,,,53,,40,49,,,34,47,67,,,82,47,23,24,20,55,23,98,71,102,119,105,28,83,46,43,33,21,30,20,112,78,128,102,68,55,48,33,33,26,22,39,29,48,,,30,36,36,31,26,67,78,39,86,150,62,14,48,70,28,4,,17,15,42,42,54,69,15,80,177,27,,31,34,52,25,38,,53,35,57,40,24,46,,47,70,96,,38,73,,72,52,70,54,29,,35,39,47,39,,31,51,39,27,41,,57,,47,31,,34,38,34,15,21,62,72,,49,50,5,10,9,65,69,48,,41,65,57,68,71,50,49,42,48,73,72,74,83,50,41,52,,30,43,55,28,17,129,93,103,106,52,80,47,57,56,48,91,82,110,88,92,122,70,66,,77,93,82,82,42,51,51,50,58,54,49,47,62,48,51,69,85,108,68,87,85,,78,68,60,57,,59,52,58,,52,95,94,87,79,53,56,95,,49,117,94,93,65,80,76,77,,59,63,63,44,19,44,,46,110,105,125,137,37,49,47,43,50,50,,31,36,,32,41,47,48,55,50,30,30,47,44,39,49,43,51,39,39,51,72,76,55,47,30,59,46,39,40,41,67,89,58,55,35,24,31,28,31,42,24,54,64,73,20,38,45,65,34,28,38,48,72,80,88,92,70,,43,21,,,31,29,44,64,46,48,63,61,73,56,57,35,74,62,43,45,37,94,27,21,29,62,57,39,42,66,74,55,47,58,40,39,35,36,50,52,50,44,52,66,80,,49,55,50,45,43,58,60,54,,42,,29,40,,36,74,66,62,28,5,8,3,,22,14,18,27,19,23,47,53,44,37,27,21,22,21,20,51,37,68,71,16,18,18,,12,36,35,46,45,115,51,18,26,35,34,21,,19,,55,83,22,33,43,23,19,24,26,11,36,32,40,30,,52,,9,11,19,56,,5,,21,48,48,48,63,56,46,46,50,64,,44,30,19,19,14,11,26,49,60,,18,5,23,40,40,115,56,25,52,,18,,79,,,16,,,16,,,,10,33,,13,,13,12,7,20,74,23,116,123,52,81,11,53,32,25,37,43,58,73,193,,,356,224,124,74,85,25,30,13,60,66,45,26,65,48,21,114,,68,113,61,70,62,40,33,18,49,35,14,66,,56,59,144,41,16,72,,93,33,47,37,97,12,30,23,52,131,116,53,77,,34,44,58,48,26,24,30,60,22,31,31,92,96,21,50,34,43,33,85,40,162,,126,49,,125,84,,66,18,70,39,60,47,94,142,,108,59,22,54,52,51,47,,41
20170820,9,PM10_24h,57,56,,,,60,72,61,45,67,,81,,,74,,60,60,58,,61,55,44,,65,,,108,109,96,91,82,70,82,72,68,114,105,103,87,28,29,46,48,47,121,139,111,95,57,66,69,75,67,61,59,47,62,65,66,63,48,44,54,35,52,51,,50,51,60,58,69,57,66,86,83,,88,75,,,62,59,65,71,50,81,102,105,115,139,111,112,100,103,31,41,47,,,57,51,46,50,,70,28,24,26,30,30,31,21,22,28,21,40,59,37,,34,15,17,24,23,37,95,75,67,,75,76,74,73,63,43,46,58,62,49,39,49,53,49,48,39,41,45,34,33,30,20,31,33,49,29,24,32,40,40,34,33,36,,36,54,39,56,57,51,26,,,,62,43,,44,46,56,,50,60,38,,37,52,45,36,59,44,39,50,27,,,,32,31,,46,43,40,40,45,,34,26,32,31,31,33,27,18,,27,,32,,18,46,42,25,43,33,38,44,49,40,43,29,41,49,44,43,,36,41,52,53,56,56,56,56,55,,,28,,51,40,,62,51,52,33,29,29,,41,31,52,56,57,37,40,,36,33,27,25,34,38,40,30,29,29,64,,70,68,73,76,44,31,45,73,78,61,87,81,81,34,,78,81,118,79,84,112,87,98,,36,30,27,35,24,24,24,50,24,83,79,77,82,75,75,80,77,98,63,54,60,48,57,67,55,54,53,48,55,33,71,60,41,55,45,43,50,50,49,49,,43,52,34,86,44,64,47,45,21,26,18,33,22,50,23,22,21,14,41,14,16,13,21,51,51,51,34,36,36,55,44,29,27,22,15,32,34,34,32,51,49,51,46,32,54,53,50,55,50,61,58,46,56,45,58,51,40,67,61,,64,,17,20,20,21,33,,42,33,52,49,38,67,48,56,,31,38,39,39,56,,33,42,36,29,61,,31,48,29,33,21,26,37,36,31,30,39,39,30,27,40,38,35,51,15,11,10,11,19,13,70,68,61,87,82,75,62,112,47,61,54,86,92,64,59,35,57,46,26,,36,56,55,,,,58,58,42,75,66,53,48,,47,45,60,42,46,38,39,49,45,39,40,18,30,45,57,74,83,77,80,90,94,102,82,66,71,99,63,105,47,46,32,,31,40,75,69,52,51,69,45,46,66,60,,51,,24,,28,35,34,27,53,,,67,,73,33,33,,69,65,65,73,69,39,52,36,43,36,75,34,33,30,22,30,,53,,53,,51,43,38,44,38,40,57,26,21,22,25,27,27,42,36,53,,78,73,79,73,75,47,51,31,46,40,50,23,21,17,17,29,14,17,26,27,33,50,65,56,20,20,22,58,54,53,18,23,23,91,62,,61,58,,43,53,47,45,26,48,50,28,,,74,62,61,104,,42,,49,41,49,51,,51,52,,80,74,82,,78,89,69,88,113,79,47,59,55,39,,22,26,40,30,43,21,,48,52,29,35,17,46,48,30,48,47,42,37,54,54,48,59,49,34,30,28,27,29,,11,54,46,52,24,53,56,41,65,59,32,32,28,22,31,24,33,29,34,33,,41,37,37,48,64,45,54,36,68,57,69,28,109,112,,107,103,119,118,67,91,80,77,96,74,75,70,73,115,104,96,93,85,87,69,86,70,75,,57,45,65,56,52,49,41,40,45,29,28,44,38,40,26,45,31,41,39,28,45,57,26,25,28,46,43,49,26,25,22,38,36,44,31,43,63,74,18,18,33,38,37,43,37,47,46,40,48,60,48,29,49,44,52,63,47,39,72,,,61,38,39,43,40,45,49,64,74,49,53,59,38,52,,40,38,44,58,60,61,70,42,48,64,62,68,74,93,106,120,130,108,117,118,117,139,133,,,54,47,24,19,15,41,,41,43,53,61,46,22,44,28,40,90,85,91,38,32,66,60,34,18,25,23,32,34,30,36,29,,28,31,48,42,41,43,22,22,15,15,18,18,46,43,43,38,41,31,38,42,44,61,57,,30,37,41,41,40,33,29,26,31,17,,40,34,37,36,,37,45,48,,,36,30,46,58,40,32,47,53,,51,61,,78,80,98,98,93,85,124,112,53,67,60,76,63,46,,43,42,49,59,,44,57,60,50,44,97,,72,60,63,58,27,43,28,42,,104,84,103,46,,,44,45,23,30,49,69,37,65,55,53,73,67,26,42,43,58,57,38,53,40,60,45,72,45,48,40,30,28,24,26,31,37,29,40,,,42,31,28,27,40,69,75,44,55,59,122,27,63,44,34,13,22,17,18,33,37,41,55,17,54,94,31,,38,33,37,32,28,,64,38,44,32,31,36,,43,41,51,,34,46,42,51,39,46,57,62,,41,41,56,48,62,31,43,35,30,37,37,42,,39,33,32,35,41,33,25,26,38,38,,60,62,25,26,25,64,60,55,36,56,65,47,64,58,57,46,65,57,61,61,75,65,52,50,51,54,66,66,90,60,13,70,48,54,46,39,54,53,58,66,34,54,46,54,42,89,95,75,72,,67,78,72,74,41,43,46,41,51,41,42,38,53,42,50,58,65,78,85,91,82,,74,79,76,59,,61,60,62,,57,62,56,57,48,54,40,53,50,62,73,66,68,52,43,48,41,,41,60,59,46,39,49,47,48,65,66,63,63,40,49,42,43,49,47,,38,41,,47,24,32,28,37,35,24,22,54,46,40,44,41,51,41,36,41,47,56,61,46,31,43,44,32,36,33,51,77,48,56,26,27,34,42,32,38,38,50,61,65,31,38,42,46,33,22,45,65,64,68,87,63,78,,38,44,50,48,46,35,62,56,69,61,55,57,67,50,56,25,57,48,39,41,33,39,37,42,33,65,75,44,45,70,53,54,38,46,34,38,33,37,48,37,33,44,45,61,68,,57,52,35,34,37,45,57,46,33,39,,27,35,,44,78,60,77,56,12,8,11,,22,13,16,22,23,26,33,51,39,54,36,18,21,17,20,43,54,69,45,26,19,16,,20,27,23,42,47,81,54,28,24,23,37,27,20,23,,29,38,20,26,29,39,18,28,28,23,28,49,54,27,34,60,13,14,11,16,75,,15,,13,27,36,52,55,51,59,55,51,54,,32,27,37,29,80,54,30,40,43,32,34,11,18,44,44,58,48,54,58,56,34,25,57,,23,27,37,79,41,36,35,39,11,35,47,55,47,74,65,74,54,69,44,63,101,78,69,15,40,30,33,44,59,76,81,215,,154,340,245,66,44,70,25,29,16,41,44,44,23,41,45,32,80,56,52,110,49,43,82,43,45,37,41,44,34,44,37,40,32,88,38,16,55,33,42,30,44,40,52,30,26,19,53,75,73,51,54,50,58,53,66,51,37,28,42,34,23,30,14,57,43,24,29,25,41,40,53,33,100,,70,56,98,107,69,54,63,28,54,36,54,30,69,71,41,60,77,34,44,30,56,31,23,46
20170820,9,SO2,7,2,6,6,9,6,2,2,2,4,5,2,,,,,24,5,5,,18,8,19,,42,,,11,33,8,3,13,12,4,85,51,94,54,58,84,6,3,15,11,12,7,16,17,16,12,20,8,8,7,11,9,28,24,14,9,8,7,28,6,7,19,29,,17,15,21,24,6,8,8,9,15,,17,16,,,35,31,27,22,10,20,17,22,18,15,17,15,21,11,18,11,8,,,16,7,10,9,,21,8,7,9,11,7,6,6,5,5,8,8,9,7,,9,5,9,10,3,11,10,6,4,,4,12,12,18,9,3,13,7,5,7,7,7,5,7,7,7,8,8,10,17,12,26,11,11,9,12,9,8,11,20,9,6,13,,10,20,37,34,15,28,9,,,,21,11,,13,30,22,,24,15,13,,3,7,4,4,2,7,5,10,21,,,,13,10,,7,8,6,12,27,,7,9,6,15,3,2,23,10,,8,,23,,11,12,7,7,9,10,10,16,7,19,13,5,7,6,8,4,,7,7,8,10,11,12,14,5,10,,,6,,9,8,,7,10,11,6,9,10,,9,6,39,39,36,6,6,,10,5,3,18,3,12,15,13,14,7,6,,6,8,6,11,5,16,28,66,53,72,69,51,50,2,,95,2,27,32,7,23,27,33,,2,3,3,2,10,8,5,23,6,5,10,10,7,6,5,10,6,11,12,9,6,11,7,6,2,5,4,10,33,13,37,16,21,13,18,4,15,17,14,11,,12,15,18,28,12,10,8,17,11,11,14,17,6,18,20,17,16,27,12,3,8,1,9,13,2,13,11,10,15,28,91,13,12,11,11,9,6,11,8,25,28,27,17,15,7,15,10,16,11,18,37,28,24,7,22,12,7,7,24,,9,,6,6,3,4,19,,20,16,16,27,10,15,12,27,,19,16,24,14,18,,8,7,16,10,7,,6,3,11,4,8,7,7,5,7,6,9,23,17,9,17,21,39,43,10,18,15,11,9,7,8,2,7,6,10,6,7,9,13,6,5,10,10,6,2,1,6,4,3,,12,6,3,,,,12,7,7,8,12,5,8,,17,24,153,21,22,17,14,49,21,16,17,5,11,16,20,5,21,10,7,16,8,8,6,7,6,5,17,37,5,7,8,,4,7,24,22,18,,12,300,27,4,32,,19,,8,,9,9,8,9,23,,,16,,11,12,9,,35,16,11,15,33,23,16,17,9,19,23,8,6,5,7,4,,16,,18,,6,18,20,32,3,8,8,10,8,1,2,1,5,17,12,13,,111,27,74,24,24,18,19,19,13,17,63,12,9,12,19,11,10,8,13,40,5,9,14,12,11,11,12,13,13,19,8,8,9,27,34,,30,23,,14,13,18,12,10,9,27,11,,,9,9,9,12,,15,,16,17,10,5,,2,7,,54,108,80,,85,29,11,40,90,25,3,12,20,9,,5,5,5,5,5,4,,11,12,7,9,9,85,6,6,44,7,8,4,78,39,117,63,56,9,5,5,15,5,,2,7,5,5,15,11,11,3,31,28,11,4,5,3,36,6,8,10,4,2,,13,8,9,10,22,14,17,9,34,65,8,5,19,15,,21,23,33,22,11,26,14,16,11,3,6,5,6,20,11,22,6,15,12,11,14,12,20,,18,12,9,7,6,8,8,10,14,86,30,26,17,15,30,7,21,16,19,26,12,9,10,8,48,12,12,8,4,6,6,10,9,10,10,9,17,5,2,2,6,4,6,7,8,6,14,5,11,8,40,14,19,12,4,6,11,10,15,,,10,3,1,10,6,7,3,9,16,9,6,25,14,20,,15,23,9,15,13,15,7,11,9,7,9,12,10,11,15,4,5,4,3,4,4,5,1,,,6,9,8,4,7,4,,4,7,29,12,3,8,3,3,6,4,4,4,9,19,10,13,4,1,5,1,8,4,5,6,5,4,5,5,12,8,7,4,4,3,1,3,9,5,10,10,17,11,10,14,11,25,,15,17,,7,7,18,17,15,13,8,17,11,4,,19,18,13,11,,9,7,15,,,2,3,13,7,8,7,8,6,,8,10,,22,40,36,20,28,19,21,30,16,16,53,39,20,18,,12,13,7,5,,12,17,71,83,38,22,,21,3,5,4,15,17,7,4,,4,3,4,33,,,24,9,14,6,7,7,9,34,22,43,55,23,6,8,10,10,9,8,4,3,13,8,13,6,13,14,23,23,9,7,14,3,19,10,,,9,10,8,8,1,2,3,3,11,9,9,4,26,3,5,4,7,10,7,10,2,3,18,3,10,13,3,,9,13,4,16,26,,21,13,7,17,11,20,,11,2,10,,22,26,27,19,23,17,8,4,,24,6,7,19,25,8,8,8,13,4,6,10,,10,7,18,4,12,9,7,9,9,10,,37,338,15,11,13,15,15,10,19,5,22,17,26,38,4,6,9,7,16,24,11,18,8,8,8,10,10,5,14,8,5,69,21,38,45,6,9,34,34,30,29,186,172,164,87,26,38,28,39,,59,45,68,49,19,5,14,34,19,4,23,6,7,6,17,11,24,69,26,27,32,,18,7,13,8,,5,5,10,,5,10,7,8,7,9,8,10,4,7,7,4,6,6,8,6,5,,6,10,26,7,11,8,26,9,9,7,6,10,8,4,15,6,9,7,,7,7,,1,4,1,6,12,5,2,4,13,14,10,29,20,25,20,18,51,39,27,51,46,30,18,11,20,20,13,28,15,24,21,9,6,12,8,15,5,5,7,8,1,8,2,23,47,19,2,1,9,24,20,27,19,15,,16,13,10,10,13,6,11,7,17,70,111,17,20,16,19,12,8,9,14,18,12,90,5,40,33,30,8,8,13,12,16,7,4,1,7,3,4,6,3,8,5,8,8,11,9,,9,20,9,8,11,8,17,1,28,4,,5,3,,6,,7,7,9,9,8,6,,21,10,11,12,9,11,10,7,14,21,12,5,6,4,2,5,9,15,20,6,9,3,,3,12,4,26,38,8,18,9,6,5,18,16,13,20,,27,8,13,11,6,6,4,7,6,7,16,9,4,16,4,8,3,3,6,4,4,,4,,5,1,7,12,8,10,7,7,8,4,,13,11,15,7,9,4,6,8,10,,10,25,12,3,2,14,12,5,7,8,3,11,5,,7,14,4,4,5,5,12,14,4,8,5,7,5,6,8,5,5,5,5,4,5,1,12,6,9,1,4,13,4,4,3,7,,,25,35,25,17,8,3,3,3,10,12,8,16,29,7,13,38,17,17,38,12,7,14,21,12,8,7,10,6,12,10,13,15,9,8,5,41,25,3,23,35,45,9,10,4,5,67,14,13,12,27,15,5,8,15,1,6,19,13,8,15,14,14,29,23,11,8,11,3,15,23,15,84,,27,10,29,94,35,9,6,7,32,3,4,6,13,103,14,41,20,8,6,6,2,12,11,21
20170820,9,SO2_24h,2,2,2,2,3,3,2,2,2,2,2,2,,,6,,9,2,5,,7,4,10,,15,,,7,27,6,2,9,6,3,33,27,51,46,52,46,8,5,16,11,12,5,10,12,9,9,14,7,5,4,7,6,21,20,13,8,6,6,11,3,5,10,12,,7,16,18,19,4,6,6,6,9,,10,10,,,13,26,11,10,9,17,15,15,17,13,15,12,14,11,9,17,11,,,9,20,11,14,,14,7,8,9,10,5,5,6,5,4,6,7,8,8,,8,5,8,9,3,11,9,6,4,,4,10,13,14,9,6,11,9,6,7,8,7,6,9,8,6,9,9,15,16,11,26,10,12,11,11,9,8,6,12,5,5,9,,8,19,17,21,14,15,6,,,,15,5,,9,20,18,,26,11,13,,2,8,4,3,3,9,5,9,21,,,,11,10,,10,9,6,7,10,,6,9,7,16,2,2,10,9,,9,,12,,6,10,7,8,9,9,9,14,6,10,10,5,8,6,9,3,,7,6,7,13,11,11,13,5,8,,,6,,9,5,,5,5,9,7,7,9,,9,6,19,15,12,7,7,,7,4,2,16,4,18,15,16,22,6,6,,9,7,5,12,4,10,10,41,41,40,29,35,11,5,,33,7,18,20,6,13,15,16,,8,3,3,2,10,6,5,9,7,5,8,8,7,4,4,9,6,8,10,7,7,11,9,5,4,5,6,8,20,10,20,13,20,11,16,5,11,12,13,13,,13,18,17,18,12,6,8,11,11,10,10,14,6,11,19,5,10,11,9,4,4,4,6,11,7,8,11,10,10,20,20,9,6,6,6,9,13,8,7,15,20,18,13,13,7,10,8,10,7,16,26,13,23,7,12,9,7,7,11,,9,,6,5,4,6,15,,15,12,12,19,10,11,14,15,,16,12,13,9,17,,8,6,16,9,7,,6,10,9,4,6,6,5,4,6,6,11,13,12,11,13,14,19,27,7,13,10,9,9,7,7,2,7,6,8,5,6,9,9,6,6,8,9,8,6,2,8,6,9,,11,9,3,,,,18,13,8,9,10,5,8,,12,22,116,32,21,19,10,71,13,11,11,4,9,12,11,13,19,18,12,16,13,12,6,8,10,6,8,11,6,5,10,,3,5,14,14,12,33,12,36,23,4,22,,15,,8,,9,10,12,8,16,,,10,,5,9,6,,16,19,11,10,27,13,11,17,7,18,21,9,7,6,8,4,,12,,12,,5,14,18,18,5,9,9,12,10,3,2,2,6,15,11,12,,34,16,28,15,18,14,12,12,10,16,41,8,7,10,8,10,7,4,7,14,7,8,7,10,9,9,9,7,7,7,3,5,6,14,18,,18,17,,16,15,14,15,7,8,16,7,,,9,10,9,12,,12,,15,12,10,4,,2,8,,30,44,30,,38,10,4,13,24,15,3,14,15,13,,6,6,6,8,6,6,,17,13,11,10,9,29,6,6,11,7,8,3,15,21,24,24,22,9,6,5,9,5,,2,7,5,5,17,11,3,3,9,8,7,4,5,3,16,5,11,11,8,2,,14,13,15,14,23,18,19,8,22,43,28,6,9,10,,10,17,15,11,8,15,8,10,24,3,5,4,6,14,11,7,2,13,11,7,11,7,12,,10,12,10,8,7,8,9,11,9,32,27,37,10,8,24,9,13,12,13,19,9,6,8,7,6,10,11,6,5,6,7,9,8,7,9,8,17,4,2,2,6,6,8,7,6,6,9,5,9,5,25,20,11,12,4,6,11,7,14,,,11,4,3,11,7,7,4,7,12,10,7,10,8,11,,9,18,13,11,12,15,6,10,9,6,8,12,10,10,14,5,5,4,3,4,4,5,2,,,5,8,4,4,5,23,,8,27,26,12,3,6,3,10,6,3,5,4,8,13,9,10,4,2,4,2,7,4,5,6,5,4,4,4,8,6,6,3,6,4,2,4,9,5,6,8,10,11,11,14,12,22,,12,15,,8,7,11,13,11,10,8,18,13,10,,17,15,13,10,,10,5,9,,,2,2,13,9,9,9,9,6,,8,11,,15,23,17,11,16,7,12,21,10,10,17,14,16,17,,11,12,8,5,,11,14,20,25,25,30,,30,19,20,17,6,8,6,4,,5,9,7,25,,,7,4,13,9,8,7,10,14,14,17,24,12,7,8,12,10,15,7,7,6,13,12,10,13,9,12,13,11,9,7,5,4,6,9,,,7,7,7,8,3,1,3,2,11,6,8,4,17,4,10,4,5,11,7,7,2,4,14,2,16,17,3,,16,15,5,8,30,,17,14,12,15,12,13,,13,2,9,,24,12,30,24,25,21,20,16,,23,9,7,13,21,12,9,9,10,5,7,3,,11,17,20,18,11,8,7,9,13,13,,23,33,17,12,9,13,11,8,15,6,15,12,9,14,5,6,14,6,8,15,10,11,5,6,6,26,14,5,25,8,5,19,10,16,60,3,8,19,21,17,28,19,25,26,17,14,25,15,20,,36,22,42,31,10,4,13,15,15,4,10,7,7,7,42,36,39,83,23,18,24,,12,5,9,8,,4,5,7,,5,9,7,7,6,8,7,10,3,6,7,4,5,6,7,7,5,,7,18,23,5,11,9,12,9,12,10,8,9,10,6,10,7,10,11,,10,9,,4,4,4,5,8,6,3,4,10,10,9,18,17,15,16,10,15,20,15,64,37,25,15,9,20,16,8,20,13,20,12,7,8,10,8,12,4,4,6,6,1,6,4,17,48,20,5,1,5,19,12,11,14,15,,13,14,12,14,9,2,8,4,14,41,61,15,22,14,13,7,7,5,14,18,10,16,11,43,34,26,11,9,13,12,16,11,11,8,6,3,3,5,4,7,4,8,8,9,6,,8,10,19,6,13,6,15,5,31,5,,4,3,,6,19,6,7,8,8,8,6,,21,8,13,16,14,13,16,8,13,23,9,4,3,3,2,5,6,10,16,4,10,3,,3,7,3,22,36,7,19,8,5,4,10,6,12,15,,29,21,8,9,5,11,4,6,10,13,16,9,3,8,5,9,5,4,5,5,3,,5,,6,1,4,8,6,7,10,9,9,6,,10,11,8,6,36,8,6,8,10,3,5,5,9,4,2,22,15,4,7,8,3,14,4,,10,14,5,8,7,7,12,13,3,10,10,10,8,9,12,10,5,5,5,4,5,1,12,7,6,2,4,12,3,2,4,5,,11,40,33,12,13,9,3,3,4,9,9,7,10,12,6,14,13,8,9,30,10,7,24,12,10,9,6,6,6,9,9,11,10,5,8,5,20,17,17,19,26,14,8,10,4,4,18,8,8,13,10,14,8,9,17,3,6,10,8,6,15,26,11,19,19,12,9,11,6,14,13,14,30,,9,9,14,23,23,13,9,4,24,2,3,16,6,29,5,8,17,7,10,6,2,12,12,12
20170820,9,NO2,37,36,45,34,58,35,57,39,12,70,59,56,,,44,,57,42,43,,49,42,31,,37,,,44,37,24,41,21,38,5,83,82,60,55,76,84,19,11,23,15,32,45,33,26,25,19,15,14,24,20,19,21,20,27,22,22,29,29,39,31,20,43,37,,31,39,33,39,28,34,38,13,27,,22,63,,,54,35,55,67,38,50,23,40,42,43,31,30,49,24,16,13,27,,,30,25,23,33,,37,7,18,10,14,8,8,12,15,11,3,36,41,21,,28,7,7,22,10,16,19,37,6,,37,44,31,29,34,8,39,21,48,53,62,47,49,39,44,51,42,47,29,22,31,39,36,33,12,40,40,39,66,47,54,38,23,,53,26,30,31,34,30,35,,,,31,19,,15,24,15,,42,24,29,,14,25,23,9,40,41,18,46,20,,,,21,32,,10,15,11,27,31,,34,8,13,9,11,9,10,12,,24,,20,,21,47,63,6,36,37,49,56,44,31,43,30,20,22,31,27,,7,22,27,31,30,38,28,29,21,,,20,,23,35,,23,18,19,10,10,9,,21,20,32,22,36,17,18,,24,37,19,10,25,40,35,29,39,13,38,,34,53,38,40,14,34,33,37,22,27,47,35,39,9,,35,48,37,38,41,40,45,45,,18,13,27,27,19,43,13,28,13,19,19,29,23,23,15,23,30,23,19,31,32,34,29,29,14,24,29,33,27,7,25,22,27,24,36,33,15,23,35,23,,24,26,20,75,35,46,35,26,35,40,36,34,29,67,33,27,48,55,29,20,9,18,12,21,49,24,16,14,16,28,54,21,16,17,16,17,13,14,15,34,38,44,2,26,22,41,37,39,45,22,33,43,32,47,36,48,30,33,33,,35,,12,15,12,7,22,,47,39,45,27,45,62,23,70,,32,48,45,57,63,,33,35,47,45,44,,44,2,17,19,5,14,10,15,24,12,14,16,23,6,20,28,20,25,29,55,47,30,38,13,24,26,53,40,32,30,19,36,24,29,16,34,21,27,21,2,21,53,2,,8,20,15,,,,27,26,66,36,39,58,63,,39,11,34,14,20,10,17,23,21,23,16,3,8,24,7,25,42,36,13,50,14,28,15,8,17,19,32,39,15,18,14,,15,25,28,36,26,38,19,41,27,40,31,,29,,11,,18,15,23,17,26,,,23,,31,20,18,,44,11,31,49,25,22,14,15,16,3,9,17,22,21,8,12,,26,,26,,14,18,19,30,15,27,13,24,6,10,20,4,13,15,10,8,,43,28,45,23,61,29,25,20,28,10,23,14,10,10,14,5,13,12,12,13,6,29,21,25,8,11,10,41,29,28,13,12,12,60,53,,27,24,,11,12,15,13,12,19,43,21,,,14,15,22,35,,37,,30,34,12,6,,13,2,,17,40,18,,8,67,36,42,55,49,13,30,21,16,,7,14,18,25,20,6,,42,13,6,13,7,38,13,17,56,23,12,7,29,20,35,48,42,12,8,16,16,10,,5,24,6,12,4,13,25,39,27,24,16,10,14,8,18,15,55,58,38,50,,34,24,23,21,26,56,37,14,25,39,21,4,31,22,,30,34,21,22,21,25,33,32,36,12,6,15,8,30,34,39,28,12,8,23,15,14,21,,11,32,36,30,34,20,23,20,11,21,13,12,35,8,19,4,6,9,11,13,29,35,24,7,5,28,20,26,4,16,16,10,16,13,12,19,14,19,8,12,16,43,24,30,19,50,48,35,24,48,53,24,31,23,14,38,21,31,20,,,37,19,40,22,31,15,43,37,35,63,15,24,19,22,,17,22,24,18,21,6,17,4,7,29,26,42,42,64,54,8,8,23,19,25,24,16,31,,,12,5,34,21,29,26,,5,25,22,19,17,30,4,15,26,38,41,43,13,,15,18,16,4,17,15,12,21,16,8,1,9,12,12,18,11,16,21,7,4,10,6,26,15,34,35,53,44,25,51,38,38,39,33,40,,10,21,44,35,46,23,26,13,20,3,,18,19,28,21,,27,29,31,,,18,6,18,8,9,15,8,16,,18,13,,32,51,50,35,47,35,39,26,38,39,38,32,37,15,,18,13,2,15,,16,3,54,33,22,22,,41,12,4,5,20,14,18,13,,11,8,8,35,,,30,13,29,10,13,9,2,26,29,27,28,29,4,9,17,20,16,16,5,11,23,10,30,24,18,15,18,31,27,20,14,13,19,9,,,5,17,18,10,16,43,10,7,37,45,27,5,32,13,13,3,8,7,3,11,18,14,25,5,21,22,13,,6,14,7,14,19,,7,12,19,21,10,31,,12,7,5,,5,33,26,35,57,53,30,34,,36,35,22,25,13,28,29,16,15,16,21,15,,16,31,38,17,24,30,15,13,11,5,,42,23,13,31,11,36,24,26,18,13,29,29,2,18,5,14,11,11,42,49,39,33,19,24,22,3,11,9,18,5,5,42,29,37,37,7,40,16,27,38,10,28,21,34,36,31,26,18,31,,20,21,12,19,21,23,16,31,29,3,16,2,19,16,10,30,27,30,33,29,35,,35,36,30,15,,13,12,15,,11,9,10,6,5,16,17,15,14,17,22,12,9,9,8,10,5,,31,33,26,23,7,32,24,25,18,15,16,33,13,6,29,17,21,9,,10,10,,7,3,13,21,11,7,12,9,17,12,16,28,16,13,21,16,14,26,20,20,16,27,23,15,20,23,24,20,22,24,21,8,3,11,20,11,8,7,16,15,1,6,17,19,25,9,13,28,28,30,20,24,33,17,,21,13,11,15,25,25,28,19,10,14,14,23,13,17,20,15,28,32,12,11,12,16,24,36,36,31,11,23,27,24,21,28,29,24,33,32,21,17,21,34,46,39,23,32,28,,23,20,29,33,27,52,17,29,20,13,,13,25,,9,31,27,20,19,9,8,7,,18,8,12,14,9,20,17,15,14,30,11,7,9,7,7,19,25,19,18,10,7,8,,5,23,16,10,15,20,22,13,13,9,7,12,11,11,,13,16,10,12,13,10,12,18,11,8,4,11,21,10,11,23,6,6,8,9,28,,16,,7,15,16,21,27,20,22,21,33,28,,22,11,26,28,14,5,5,22,15,,22,15,18,6,19,25,31,6,21,8,16,27,46,,5,5,5,33,13,28,20,17,12,12,3,2,13,13,13,13,10,17,11,42,60,10,27,3,34,41,10,31,37,28,1,9,,,2,5,65,42,49,13,4,8,35,32,29,21,47,11,28,58,42,38,25,16,2,50,27,35,17,23,25,24,17,7,18,23,22,31,1,22,17,32,20,19,24,20,16,6,33,36,40,40,29,28,54,24,21,25,8,14,21,21,33,31,29,16,28,13,13,31,27,18,33,42,25,41,,62,14,35,46,33,31,33,17,29,16,5,18,23,60,18,46,28,10,7,14,9,10,9,26
20170820,9,NO2_24h,30,12,37,26,41,30,43,31,12,30,46,52,,,36,,36,31,40,,36,27,25,,19,,,60,42,35,46,22,45,8,55,59,45,44,61,58,18,32,24,24,32,45,37,32,27,23,18,26,28,28,19,16,16,18,19,20,28,17,27,22,11,49,48,,41,33,26,32,21,29,25,17,30,,23,42,,,33,27,37,42,22,36,30,49,48,63,42,48,57,34,16,29,38,,,39,37,38,43,,42,9,18,12,10,6,6,9,13,13,2,39,38,25,,33,5,7,27,15,30,42,45,23,,53,63,55,56,63,27,30,43,24,31,34,26,33,20,24,33,24,33,32,19,28,26,25,30,17,32,34,17,34,27,26,15,21,,30,22,30,27,17,26,23,,,,33,22,,24,26,28,,30,19,22,,14,24,20,11,27,29,19,31,16,,,,16,26,,14,16,16,16,18,,22,18,22,22,18,24,12,10,,21,,17,,18,35,32,6,30,27,30,40,28,21,28,26,18,22,22,24,,8,25,26,34,25,32,24,20,12,,,19,,19,20,,18,12,13,10,8,9,,15,17,24,20,31,17,16,,29,43,36,23,45,67,31,36,37,30,25,,29,33,24,34,11,28,23,36,23,29,42,35,35,7,,27,47,34,34,38,38,39,41,,10,25,17,23,25,31,11,24,14,24,21,34,29,24,17,27,36,19,35,33,27,37,27,38,36,26,27,17,26,11,30,30,26,32,34,39,23,21,49,40,,48,56,31,69,63,37,59,27,38,45,36,39,25,42,46,16,30,29,35,17,18,18,14,29,43,32,25,21,13,42,39,24,13,11,11,17,20,16,15,40,47,48,17,32,25,37,34,32,33,40,32,23,24,41,31,36,27,37,34,,33,,7,14,12,7,13,,32,35,41,25,23,48,26,57,,34,43,35,36,40,,25,29,52,36,41,,36,9,16,21,5,15,11,18,22,17,15,19,22,12,22,24,24,30,16,17,19,12,23,14,31,25,51,40,36,42,24,45,17,29,19,40,22,21,19,4,26,24,5,,8,15,14,,,,23,22,56,36,30,50,43,,25,19,33,18,22,14,18,26,20,23,17,3,7,30,9,30,26,27,26,37,25,30,18,15,19,16,30,34,22,24,11,,13,20,26,32,19,15,22,28,28,36,30,,21,,18,,23,23,33,19,27,,,18,,17,25,20,,34,12,27,27,30,25,17,28,16,3,9,16,26,22,10,16,,19,,20,,24,21,23,27,25,20,26,25,10,10,6,9,11,21,16,22,,26,21,32,21,46,21,23,19,22,14,20,14,10,13,10,15,7,12,14,11,13,18,22,21,10,11,11,34,23,32,8,11,13,46,33,,23,22,,16,17,19,20,11,27,29,16,,,17,13,23,27,,20,,13,19,14,6,,19,13,,9,29,12,,5,60,33,29,39,37,15,24,17,20,,16,18,30,42,26,8,,27,20,11,19,9,26,9,24,23,21,17,11,29,28,31,36,32,21,17,17,14,18,,6,21,17,20,7,11,21,25,13,21,11,13,13,10,29,13,32,28,32,26,,20,12,17,14,9,24,17,5,13,19,25,4,28,21,,26,23,20,21,22,24,32,28,43,18,9,17,12,27,32,38,16,14,9,19,15,13,25,,13,19,27,27,25,19,21,20,15,12,18,12,21,7,17,9,5,11,17,5,16,25,14,4,6,24,18,19,9,11,12,14,21,18,18,26,26,27,8,11,9,23,13,14,11,25,20,19,15,16,41,21,28,20,13,20,20,20,20,,,28,16,16,12,14,14,19,25,21,31,13,30,16,22,,16,24,21,24,24,11,24,4,9,24,20,26,33,40,38,16,19,22,26,24,29,25,27,,,11,6,10,10,9,34,,9,22,18,17,11,19,3,16,12,26,23,21,14,,19,23,15,5,16,17,19,29,17,9,4,10,13,14,21,13,13,17,9,6,6,3,14,12,19,22,25,32,19,28,18,25,30,26,25,,12,26,30,20,35,16,24,10,17,3,,12,12,17,12,,19,25,19,,,13,6,21,13,9,16,11,15,,16,12,,25,28,34,20,31,20,24,17,21,22,18,24,29,12,,21,14,4,14,,15,5,30,26,16,41,,34,15,11,11,15,16,11,19,,12,8,10,24,,,19,13,15,8,11,9,4,18,28,16,29,28,9,19,23,15,14,15,17,25,14,7,21,18,27,21,24,25,24,18,10,10,16,12,,,26,13,14,8,13,32,8,8,17,27,22,7,25,12,16,2,10,4,2,19,25,22,38,6,22,24,12,,10,15,11,19,18,,33,26,18,32,26,28,,15,9,9,,11,20,19,19,49,55,31,42,,28,25,21,21,20,30,22,15,18,19,17,15,,22,34,38,25,20,26,20,16,13,6,,33,24,18,31,15,28,20,23,21,15,26,28,21,12,5,17,17,12,23,29,28,28,15,15,18,4,14,6,19,10,3,24,18,23,17,8,30,13,22,36,6,16,16,20,17,22,23,13,20,,18,15,15,19,12,11,14,15,24,10,9,2,13,14,14,33,20,19,31,23,29,,32,37,27,14,,16,12,14,,11,9,9,6,4,15,16,13,13,13,24,12,15,17,11,9,9,,22,28,27,25,6,21,15,17,18,10,13,20,22,15,25,16,16,13,,10,14,,17,3,10,15,8,4,7,12,21,7,14,22,18,16,20,14,7,21,20,18,13,14,21,15,19,21,21,26,25,22,27,6,6,9,13,9,4,8,6,10,3,6,12,18,29,10,5,21,21,30,23,25,30,22,,14,18,16,22,22,24,28,23,13,14,17,18,13,13,17,13,25,24,14,13,12,12,23,40,30,34,15,21,17,21,17,16,19,20,19,21,17,10,19,28,32,33,12,17,21,,18,31,25,29,19,32,14,26,52,14,,12,18,,11,39,20,19,19,5,8,7,,19,6,12,14,11,17,14,15,13,28,12,4,6,5,4,13,16,15,13,13,16,7,,6,8,5,10,20,19,13,14,10,6,9,12,8,10,,11,9,7,11,12,13,11,16,10,6,9,15,16,9,12,34,5,6,5,5,12,,11,,4,10,15,17,19,18,21,19,23,18,,15,13,20,18,9,6,3,19,11,15,12,11,11,16,17,28,28,8,16,8,8,12,17,,8,9,6,25,13,30,12,12,5,10,3,4,9,10,11,11,13,10,12,45,40,13,25,5,38,39,6,18,14,16,1,22,,30,16,23,38,24,30,13,4,5,31,32,29,21,35,11,46,46,23,26,27,16,6,52,21,23,17,20,18,16,20,13,27,16,16,30,3,19,17,28,12,18,18,15,18,3,20,28,39,34,20,20,27,21,18,20,18,8,22,16,29,21,22,12,31,11,25,25,18,21,31,27,21,26,,45,15,32,27,25,29,18,11,20,20,8,10,21,43,16,22,35,9,9,19,15,14,11,23
20170820,9,O3,44,19,36,46,20,50,13,30,40,2,23,22,,,49,,46,54,45,,50,52,78,,55,,,51,70,64,48,55,51,102,38,38,49,45,37,47,84,83,78,85,51,61,57,71,66,89,72,77,87,88,72,81,124,116,107,95,19,16,14,19,24,56,49,,50,53,46,53,30,34,39,82,91,,81,35,,,46,95,40,29,42,44,83,62,64,66,76,80,59,63,63,53,46,,,76,59,60,59,,65,96,110,92,98,105,124,96,98,102,87,42,37,50,,46,52,54,56,61,41,62,59,71,,48,46,51,56,47,64,55,56,42,43,28,60,46,20,45,44,48,49,46,56,61,45,35,38,67,45,56,57,24,28,31,31,40,,30,38,60,51,35,53,26,,,,61,58,,75,55,66,,34,53,47,,42,49,47,56,32,41,52,29,49,,,,46,47,,56,66,56,38,35,,38,45,46,45,41,44,27,31,,24,,37,,38,37,16,59,36,25,21,26,32,33,38,23,66,68,71,66,,79,67,48,43,48,36,48,53,53,,,41,,53,37,,68,79,74,45,38,48,,44,55,20,44,29,28,36,,26,27,46,52,40,50,58,38,40,42,24,,50,26,60,22,64,44,36,38,47,32,50,32,36,30,,47,43,39,67,19,41,50,67,,82,101,73,72,98,75,92,60,65,105,109,95,92,91,97,107,96,73,50,37,26,41,16,51,36,52,27,23,31,60,31,42,44,39,38,53,44,36,23,28,,31,29,33,36,24,39,22,25,13,29,22,13,24,39,18,17,39,9,14,29,33,36,28,,22,31,34,28,32,27,17,26,28,31,20,32,33,30,30,24,33,27,25,24,46,36,37,30,30,41,32,27,36,10,14,6,17,10,18,,9,,30,29,17,23,51,,39,37,59,48,36,18,66,15,,51,27,47,22,47,,18,20,40,9,14,,15,124,26,30,32,26,27,30,18,24,25,15,14,18,20,5,13,13,38,13,32,41,26,55,69,53,55,43,56,42,70,47,74,56,64,42,60,68,58,123,52,47,35,,36,53,61,,,,55,55,8,7,14,7,19,,9,55,29,49,49,60,46,41,49,51,62,39,59,45,63,80,47,37,98,60,79,102,99,102,94,89,73,72,101,74,31,,16,19,85,78,66,88,80,85,72,24,20,,40,,80,,69,78,80,56,61,,,49,,37,86,87,,67,96,71,57,102,98,47,63,71,66,62,82,83,86,107,85,,55,,63,,63,50,53,46,88,56,84,46,58,48,88,97,89,68,71,59,,124,96,114,112,87,42,38,43,29,49,44,24,31,31,31,30,22,29,33,33,27,37,40,37,41,47,39,39,43,47,29,27,23,45,56,,43,39,,43,39,48,47,34,31,15,10,,,73,74,66,58,,55,,78,60,101,128,,133,139,,54,42,62,,51,22,81,41,36,53,112,19,33,47,,85,68,86,75,72,74,,42,37,40,40,38,70,37,59,18,38,51,24,78,76,64,64,58,51,44,49,51,46,,39,59,84,72,75,72,37,30,34,41,51,75,70,79,64,58,26,30,45,44,,41,49,51,100,8,19,17,17,16,22,29,82,73,72,,66,64,87,68,85,78,84,79,67,93,95,82,83,68,48,63,53,115,102,97,103,104,79,,91,22,8,38,30,37,24,30,34,39,43,50,48,47,37,38,54,47,44,37,18,24,27,31,16,30,29,18,19,26,14,23,45,48,52,36,44,43,18,14,30,19,31,15,30,17,36,45,45,35,10,13,16,14,74,41,59,86,49,,,61,39,7,26,9,79,55,78,76,86,75,26,24,14,,18,14,20,85,84,80,74,91,80,72,40,29,33,13,24,78,85,56,72,58,42,81,57,,,88,87,30,42,41,57,,113,102,104,101,87,65,44,68,67,83,57,58,71,68,80,76,75,76,75,100,70,56,69,59,89,69,97,32,62,70,54,48,100,88,73,92,50,72,27,45,24,40,34,,30,36,44,109,33,,67,67,43,18,25,31,38,42,36,55,,48,51,28,67,,34,41,41,,,50,47,40,80,80,88,82,71,,83,86,,47,57,48,41,41,,41,65,65,45,61,98,51,109,,105,104,134,113,,123,87,55,55,66,26,,22,87,72,97,74,87,96,68,,64,64,76,93,,,51,59,105,113,127,123,121,95,79,78,91,90,83,79,60,72,71,52,57,65,23,51,26,41,93,86,77,59,80,24,28,20,16,62,,,77,22,21,24,39,33,41,59,38,41,63,59,68,57,59,61,12,14,24,79,81,78,63,84,35,82,63,,59,59,66,46,73,,46,60,21,45,62,32,,54,40,56,,55,21,35,31,34,30,63,31,,42,30,27,34,50,30,23,65,75,50,78,54,,47,25,23,28,63,63,55,63,84,76,,33,38,78,52,106,33,38,31,47,41,34,39,34,32,112,65,42,57,20,27,18,34,46,31,30,62,47,46,60,62,35,20,31,23,62,41,24,61,56,53,38,17,11,13,14,92,121,154,126,,75,95,104,108,34,38,56,29,61,85,58,71,53,52,47,35,37,22,82,78,76,,79,95,101,67,,69,71,90,,95,92,74,79,80,100,113,110,101,104,55,65,66,60,93,95,89,,21,23,28,20,98,74,74,63,59,53,56,50,48,41,28,46,48,40,,51,53,,48,64,71,65,70,53,68,61,22,17,47,37,49,50,43,48,40,33,40,40,46,36,50,53,51,46,93,102,105,107,134,50,58,30,37,49,70,75,58,55,83,30,40,45,35,60,14,9,,8,21,21,22,14,,16,23,24,11,48,31,29,49,24,34,38,22,24,28,30,36,19,17,53,55,14,10,9,4,20,17,50,55,58,62,63,64,54,86,24,36,53,31,24,31,34,30,45,58,63,,62,56,59,39,59,52,27,54,34,77,,27,21,,65,60,52,63,53,9,11,8,,68,33,34,34,33,29,47,27,47,50,23,31,33,33,31,10,14,26,21,6,16,32,,38,12,8,58,49,20,24,23,4,3,9,8,26,26,,21,22,26,36,8,7,38,34,31,25,7,7,44,30,34,24,56,53,45,43,17,,79,,24,21,37,25,23,20,64,70,56,59,,38,31,33,35,81,78,75,64,82,,41,40,26,76,62,38,39,77,75,75,90,69,8,,112,69,74,40,80,56,48,72,44,79,87,63,65,84,81,81,86,75,79,64,26,74,66,58,38,29,65,45,58,49,180,92,,,80,78,10,18,11,24,56,53,25,37,22,35,49,112,27,37,50,78,73,117,134,30,46,43,69,62,33,38,41,65,59,74,52,25,41,7,18,52,33,52,62,72,55,61,24,59,39,70,53,59,56,49,49,51,53,44,48,43,29,37,48,37,48,54,70,18,45,54,35,54,41,42,,45,70,65,24,45,22,43,70,103,56,77,20,82,41,33,48,118,92,40,87,75,80,76,73
20170820,9,O3_24h,138,147,129,138,140,128,147,142,133,168,130,148,,,120,,125,113,124,,119,135,124,,167,,,121,153,126,102,106,84,134,151,131,170,160,132,155,158,140,144,140,134,115,100,106,120,153,145,131,150,150,143,168,180,175,158,192,106,106,117,115,97,149,170,,168,141,150,152,123,151,143,138,152,,132,184,,,134,162,182,150,189,167,209,183,195,184,207,204,187,167,137,131,147,,,162,140,118,144,,186,104,121,108,130,135,158,121,117,117,122,88,79,77,,84,82,76,87,66,53,143,126,95,,105,109,96,116,119,88,107,102,252,216,267,254,235,237,224,234,234,229,125,159,163,155,128,111,147,136,177,166,144,123,145,170,160,,156,210,242,205,222,250,74,,,,116,104,,96,101,101,,169,207,188,,158,202,203,220,190,209,225,131,186,,,,161,131,,129,179,154,180,134,,179,92,111,89,115,89,152,164,,99,,57,,55,166,138,87,205,168,183,149,172,184,169,149,150,168,243,208,,147,173,131,209,210,163,230,205,185,,,199,,194,187,,168,183,143,136,104,133,,169,173,145,112,133,167,159,,79,103,104,119,85,131,154,125,130,95,199,,181,217,212,202,272,106,89,126,133,107,132,131,133,143,,144,145,192,210,169,183,225,232,,133,124,116,124,122,119,122,101,106,110,118,113,112,106,112,107,96,124,112,101,105,120,118,118,102,127,94,114,131,102,135,101,105,101,93,105,86,96,222,206,,187,170,180,277,183,200,185,200,84,118,64,22,69,196,30,53,67,57,196,56,52,61,61,270,282,262,212,226,180,208,196,151,173,136,115,142,136,148,122,269,288,244,250,194,163,161,180,162,132,156,154,141,146,66,132,106,92,83,105,,68,,50,55,53,36,280,,270,182,177,205,199,158,186,199,,206,167,229,245,186,,126,199,230,180,171,,156,137,70,62,67,72,56,60,60,60,63,87,69,54,82,74,66,69,92,62,91,93,73,86,121,105,119,113,105,107,100,135,120,104,83,112,114,134,99,227,88,119,88,,93,129,155,,,,168,188,120,127,122,113,163,,126,97,75,96,95,99,124,130,126,142,146,55,130,105,93,186,194,199,190,193,195,186,182,183,184,164,148,160,155,138,89,,84,95,166,181,142,154,161,158,160,209,194,,229,,108,,78,84,80,77,150,,,199,,184,115,119,,110,124,122,128,103,136,81,118,92,114,114,144,137,144,159,156,,119,,118,,102,148,149,151,120,135,119,98,106,89,148,125,124,120,119,101,,250,216,243,278,261,140,144,109,115,140,125,56,45,45,52,59,45,61,77,84,82,152,116,114,57,56,50,125,141,123,60,71,63,215,212,,209,203,,140,125,153,168,91,102,98,58,,,172,172,154,164,,146,,182,151,140,145,,156,157,,202,174,216,,169,120,131,133,138,140,120,103,99,107,,102,102,109,88,105,92,,138,128,112,116,83,135,77,96,84,89,95,83,156,191,147,137,145,78,64,78,71,64,,62,96,111,104,102,103,88,85,96,79,88,95,114,114,84,100,135,160,120,185,,150,143,150,121,101,120,109,101,94,129,110,124,122,115,,137,142,126,113,115,110,110,113,125,114,122,121,101,156,135,152,153,140,125,130,143,111,92,,108,129,111,123,124,142,78,87,98,99,100,110,119,123,102,88,103,94,81,84,73,70,88,67,75,64,68,69,68,76,45,48,95,84,79,81,68,81,32,36,108,94,117,115,108,140,146,150,139,143,96,101,70,71,175,176,178,171,114,,,138,134,124,131,121,174,167,187,185,187,167,92,95,83,,90,83,89,101,124,105,103,98,89,113,95,129,108,97,109,84,92,91,102,90,62,99,90,,,140,139,93,88,105,82,,135,154,151,151,141,113,77,124,120,90,101,117,96,94,155,146,122,137,110,116,111,87,146,118,122,95,155,52,124,129,107,99,131,117,124,131,111,112,160,212,178,253,240,,207,190,248,301,230,,145,133,211,145,171,224,204,103,104,99,,181,196,90,111,,95,137,149,,,73,62,96,111,134,126,112,103,,117,109,,199,202,130,121,127,123,140,143,195,183,165,176,161,163,,154,163,151,131,,139,121,169,162,185,175,,130,156,162,160,83,101,102,105,,142,137,163,200,,,116,112,141,150,161,155,140,107,86,88,100,99,111,100,108,114,165,111,121,149,110,112,110,103,127,123,88,91,96,82,81,77,90,80,,,122,63,62,76,71,91,82,131,80,92,97,116,123,72,107,87,77,84,55,93,114,97,82,99,120,140,149,,83,89,89,68,90,,49,63,45,59,62,54,,61,72,71,,65,86,90,87,94,86,101,81,,99,89,61,88,103,111,61,99,130,129,128,104,,97,61,65,70,89,84,90,100,143,134,,100,90,88,82,119,267,270,247,264,245,143,158,154,153,133,138,138,131,151,158,140,132,191,170,170,198,114,117,125,117,78,88,80,85,173,91,86,97,76,69,100,113,105,123,115,171,162,191,168,,125,127,153,148,100,82,108,86,71,89,94,128,89,97,134,100,142,114,108,129,123,,130,123,144,144,,144,164,128,,130,129,91,98,101,100,113,110,101,104,105,116,109,114,94,96,93,,90,68,68,93,109,112,132,84,144,132,119,122,88,85,69,105,107,99,,99,89,,85,125,102,104,105,87,95,99,78,76,74,74,79,76,75,78,90,84,88,82,86,106,104,105,95,88,144,160,184,172,177,73,81,53,72,77,84,91,78,72,100,61,68,82,71,102,79,63,65,111,121,107,106,76,,84,118,116,94,109,121,112,114,143,141,107,110,95,102,124,57,67,59,78,73,108,86,110,127,126,135,169,172,207,170,179,183,152,195,157,134,137,121,168,178,186,172,156,144,157,,139,125,98,91,110,122,103,140,110,122,,106,98,,150,149,134,149,95,61,76,66,,112,80,75,72,74,71,85,70,95,80,67,66,66,66,64,71,75,115,123,34,42,54,,63,56,58,76,73,60,72,62,40,67,65,79,57,61,,46,45,48,59,60,11,57,76,79,76,60,55,78,69,73,67,76,68,82,81,67,,131,,77,75,133,159,135,157,169,175,165,174,,113,121,97,109,116,111,121,97,112,76,84,88,89,87,98,92,92,92,104,90,135,123,105,,134,90,82,133,127,81,79,85,61,85,155,163,170,158,153,158,115,114,107,136,171,117,123,146,128,123,121,115,139,134,180,162,,229,96,88,124,136,123,90,89,90,138,139,112,99,170,154,202,168,128,139,141,170,140,136,129,194,179,180,190,188,65,102,103,123,200,204,64,67,56,91,130,156,131,172,212,114,108,108,164,216,189,129,167,155,174,164,85,174,65,152,58,151,184,158,95,92,70,52,155,119,196,190,191,205,,137,140,139,217,217,129,154,105,197,95,128,47,114,140,165,144,145,164,109,115,117,111,122,155
20170820,9,O3_8h,23,23,24,10,7,35,9,7,27,14,8,14,,,23,,26,34,14,,16,53,50,,48,,,10,38,19,12,30,20,106,15,15,21,17,16,18,75,70,60,63,29,35,34,47,37,68,50,45,68,60,61,61,87,87,87,59,5,3,6,6,5,23,16,,13,30,22,25,21,24,38,56,68,,57,38,,,31,68,38,19,22,35,56,51,32,18,44,23,21,36,21,14,12,,,19,22,17,27,,14,76,92,80,91,102,113,79,80,84,102,22,25,22,,20,25,24,22,30,20,18,25,26,,17,18,15,22,10,27,24,14,61,56,48,68,50,45,57,47,56,54,38,56,57,48,41,34,62,43,51,61,36,37,45,39,54,,40,26,42,36,30,38,24,,,,19,13,,27,18,16,,22,30,35,,35,29,36,46,28,34,36,27,40,,,,44,42,,45,57,44,36,34,,36,20,19,16,21,9,27,36,,27,,28,,32,40,37,41,38,36,39,36,44,39,41,25,63,61,64,58,,64,58,47,17,22,12,23,42,46,,,54,,45,40,,49,47,47,44,46,45,,43,44,10,36,16,21,21,,14,18,21,18,15,24,35,28,32,12,28,,24,37,56,12,60,31,30,14,24,14,23,10,12,21,,20,21,24,28,19,19,28,34,,96,91,65,64,81,80,77,39,78,84,86,70,51,83,83,81,71,17,20,23,26,22,19,22,28,36,16,14,10,41,9,19,20,18,30,26,19,11,14,10,,7,6,14,11,9,24,7,8,6,20,23,11,24,19,8,11,28,12,4,25,29,26,19,19,20,24,12,14,31,12,9,20,25,20,13,24,23,19,22,12,11,10,8,16,23,25,18,11,8,11,16,24,15,9,10,9,8,5,6,,4,,17,17,8,14,70,,49,33,24,44,46,8,48,16,,36,20,43,24,16,,19,21,12,12,18,,26,95,19,24,31,20,20,23,19,16,14,13,13,16,14,5,9,7,50,34,52,56,47,52,65,49,47,47,53,36,64,35,71,54,62,38,55,73,58,111,55,68,44,,52,53,58,,,,75,76,15,5,3,6,27,,16,32,12,38,26,43,23,16,23,25,30,44,18,17,47,84,82,76,88,89,72,93,96,93,101,72,42,28,61,43,25,,8,15,26,16,22,56,36,57,35,7,5,,32,,45,,50,51,43,38,30,,,50,,51,59,61,,23,30,41,34,49,48,23,31,60,33,40,82,83,84,106,82,,35,,35,,27,32,42,34,45,44,26,50,62,54,89,88,86,60,71,52,,111,70,96,90,70,19,13,20,13,31,22,19,20,17,29,14,24,19,15,20,10,16,14,26,32,32,27,11,23,20,19,11,7,42,60,,24,13,,23,18,21,20,24,10,7,4,,,80,75,71,29,,73,,92,76,70,101,,98,115,,46,50,66,,44,8,33,27,10,24,103,8,18,31,,62,45,61,32,36,60,,10,11,26,10,18,16,17,18,9,16,26,4,23,57,21,26,26,17,16,16,19,17,,27,54,63,36,55,54,11,11,14,11,23,43,50,46,29,37,48,60,56,62,,58,60,65,86,21,38,34,30,15,44,27,90,45,54,,46,47,54,41,52,58,70,68,59,78,81,73,67,45,24,20,42,106,95,103,79,103,82,,94,30,24,39,31,50,34,38,38,32,26,31,49,36,18,27,34,25,21,43,12,16,27,34,8,13,8,7,12,33,19,20,14,23,35,10,16,9,14,13,51,51,48,33,55,67,81,81,69,83,7,22,9,11,46,58,47,93,55,,,80,44,27,38,22,79,57,70,87,95,75,14,17,5,,8,21,25,70,79,74,64,88,69,58,50,10,16,6,5,66,60,62,67,67,44,71,65,,,84,80,45,46,55,66,,90,98,80,81,103,77,50,86,87,82,65,77,48,38,43,42,85,88,42,66,47,40,55,44,84,66,90,29,42,63,37,33,91,77,76,90,64,79,38,60,48,45,36,,43,44,41,109,36,,58,62,40,27,23,38,39,40,35,55,,48,51,29,60,,26,36,38,,,47,34,16,47,56,62,54,78,,93,84,,16,51,35,42,41,37,58,69,71,35,73,92,44,98,,86,90,133,89,,114,53,52,51,57,9,,12,92,70,93,54,31,74,62,,65,66,72,94,,,17,12,101,107,119,113,103,22,25,53,30,18,54,29,27,32,28,16,17,28,12,38,18,13,42,42,21,14,28,6,9,10,8,37,,,37,16,22,14,16,11,17,23,18,22,18,26,40,28,45,34,5,5,4,20,20,22,18,54,12,25,18,,38,39,58,31,43,,21,48,20,11,26,12,,22,23,23,,44,22,24,22,37,24,52,25,,43,41,28,38,50,26,24,39,71,51,77,40,,38,14,28,20,61,65,48,42,64,68,,25,32,68,43,91,30,34,13,16,36,19,20,16,24,105,43,47,41,5,8,4,7,30,25,21,26,20,22,24,37,29,8,14,7,25,18,15,46,40,40,28,20,9,14,14,53,67,135,113,,46,51,66,79,14,15,35,14,27,30,43,47,43,32,21,13,15,12,64,77,78,,45,70,65,76,,74,75,81,,83,82,68,71,73,92,101,102,86,96,63,75,72,66,90,89,87,,13,7,14,11,87,81,74,56,60,56,56,57,27,21,14,46,49,41,,34,35,,30,71,61,50,62,41,47,33,12,10,27,17,29,25,22,37,11,22,12,22,37,22,28,36,36,27,64,62,76,83,119,26,41,19,28,33,77,64,61,57,64,19,29,24,30,34,4,2,,1,8,6,7,16,,19,12,11,12,31,31,14,26,11,30,26,10,10,24,26,10,10,6,32,29,8,6,22,6,28,16,43,68,75,57,71,79,66,84,16,22,49,25,17,21,31,25,63,53,55,,52,37,47,32,44,48,36,57,39,85,,29,21,,59,54,54,63,52,12,14,11,,70,29,28,27,27,16,51,28,44,46,22,37,37,37,37,5,10,11,9,2,3,34,,34,12,11,58,36,5,24,23,4,2,5,3,29,29,,19,26,17,24,5,5,43,33,33,30,5,3,50,35,30,25,63,57,54,50,34,,84,,36,34,28,16,16,12,51,70,66,68,,27,25,37,29,89,83,50,63,81,46,39,50,44,63,62,46,55,82,92,83,99,84,38,,113,76,69,50,82,54,52,79,44,78,88,74,77,85,85,86,80,77,81,31,22,59,58,59,22,23,84,68,82,73,178,35,,31,60,54,6,21,8,35,50,44,27,32,9,26,34,89,9,10,24,62,44,105,109,10,15,24,60,57,36,51,18,50,17,45,50,33,37,4,7,66,40,20,19,69,59,70,20,54,11,41,46,36,80,70,70,67,39,43,33,32,9,35,36,40,15,16,34,12,46,52,38,39,37,53,,17,74,54,19,17,42,60,80,94,12,78,27,95,31,14,18,80,85,27,57,57,46,70,48
20170820,9,O3_8h_24h,32,43,43,12,24,35,9,7,46,63,25,14,,,32,,54,52,27,,29,106,77,,66,,,10,53,19,14,60,37,106,20,15,21,17,16,18,101,70,61,68,47,63,57,68,79,74,73,45,68,60,90,87,124,127,101,68,5,3,11,6,5,32,16,,16,71,55,61,46,38,61,99,98,,98,88,,,74,95,77,48,58,63,98,93,53,18,46,23,21,62,27,14,22,,,19,47,23,46,,33,76,92,80,91,102,113,84,99,99,107,28,29,22,,23,25,24,22,30,20,18,25,26,,17,37,15,22,10,27,60,14,88,85,87,94,83,76,79,82,90,81,38,57,59,51,44,34,62,46,51,71,51,50,63,55,68,,64,57,65,61,56,53,40,,,,53,21,,28,40,16,,22,30,35,,55,61,53,65,40,43,59,46,70,,,,64,68,,58,68,60,49,44,,49,25,27,25,30,19,36,46,,32,,28,,33,41,38,49,44,39,45,41,49,53,43,26,70,74,76,71,,72,64,60,17,34,12,30,63,75,,,71,,62,49,,68,59,51,54,54,48,,54,59,17,39,18,36,32,,22,27,21,18,15,24,36,50,53,12,40,,31,56,66,30,64,35,38,14,30,14,23,21,12,21,,23,37,33,36,56,20,34,45,,107,91,65,81,81,83,78,53,84,94,100,83,77,94,89,94,84,22,20,23,38,22,21,35,41,43,42,26,12,46,9,19,36,18,33,26,27,11,27,10,,7,6,15,15,17,36,7,8,6,20,31,13,24,19,8,11,35,12,4,25,37,35,22,32,34,36,19,18,48,24,12,29,37,28,26,30,26,26,24,13,11,10,9,16,23,32,18,41,8,11,35,48,46,14,16,18,8,5,6,,4,,19,17,8,17,111,,56,55,56,61,80,8,70,36,,65,34,74,37,20,,19,44,20,22,20,,30,115,19,25,31,20,20,23,20,16,14,18,13,27,28,14,15,8,55,39,56,60,47,55,78,57,51,64,53,38,64,35,87,54,62,44,55,81,64,117,62,77,50,,58,69,79,,,,97,102,15,5,3,7,110,,29,33,22,49,30,49,33,17,30,36,42,47,18,17,47,87,91,80,88,93,82,101,114,104,118,72,42,36,61,43,27,,16,17,26,16,36,73,52,69,53,9,5,,32,,49,,50,51,43,38,30,,,68,,69,59,61,,28,30,47,46,51,48,30,42,60,39,44,90,83,93,108,84,,55,,56,,28,38,52,46,71,78,63,98,106,89,94,89,88,75,82,60,,164,105,144,124,105,19,22,26,18,34,27,31,32,33,38,18,29,31,15,27,26,32,14,30,32,32,27,20,37,20,31,22,19,81,82,,24,13,,28,21,21,20,36,16,17,9,,,93,93,90,49,,85,,108,87,90,116,,129,124,,54,54,71,,45,12,38,30,10,29,104,29,52,36,,62,45,64,36,36,60,,10,11,26,10,19,31,19,18,9,16,26,4,36,76,21,40,49,17,16,16,19,17,,27,72,73,36,64,59,11,11,14,11,23,48,50,46,29,37,54,73,60,71,,60,64,66,86,46,68,64,51,32,72,53,105,66,69,,63,74,77,49,57,84,81,81,89,81,84,79,74,102,74,69,74,111,100,109,79,111,85,,97,38,32,39,40,61,35,38,38,48,39,33,85,55,28,35,50,25,21,47,21,18,28,47,15,28,18,8,12,42,27,20,20,33,36,10,16,9,14,16,59,69,80,61,84,96,112,106,105,102,7,55,9,12,50,82,92,123,64,,,90,50,38,41,37,104,87,94,104,130,92,19,28,12,,24,30,38,70,79,74,64,88,69,58,55,10,16,6,5,66,60,64,67,69,44,71,66,,,85,82,51,54,69,73,,103,106,99,111,118,79,55,86,101,82,65,77,48,40,43,44,90,93,42,66,58,44,146,46,84,66,90,29,42,63,43,45,91,77,82,92,85,84,48,75,64,75,63,,62,56,70,135,63,,66,62,61,43,47,75,71,51,50,58,,60,62,35,60,,26,57,56,,,56,39,20,47,62,62,57,80,,97,85,,22,56,35,43,62,66,64,100,94,68,100,129,50,108,,104,111,144,99,,132,73,86,94,94,23,,22,98,83,100,56,31,78,66,,88,94,95,136,,,28,12,101,107,119,113,103,22,25,81,39,18,54,52,40,64,35,16,17,46,12,52,21,21,42,42,21,14,28,6,9,10,8,37,,,37,29,34,31,16,11,17,23,21,22,18,26,40,28,45,34,5,8,4,20,20,22,18,54,18,25,21,,47,39,58,31,43,,21,48,23,11,26,12,,22,30,44,,63,26,34,45,37,24,52,25,,43,45,28,42,56,40,28,39,75,51,82,51,,50,19,28,21,63,67,64,58,64,69,,25,32,68,48,91,30,42,14,20,49,33,20,18,28,112,45,47,41,5,8,4,7,52,51,39,26,24,22,24,42,44,8,15,7,25,18,16,46,40,40,28,28,21,34,20,58,68,135,113,,46,51,66,79,23,27,36,23,27,30,43,47,43,32,28,19,15,25,69,85,84,,51,88,83,102,,97,94,95,,94,86,72,76,76,92,101,102,86,99,74,88,84,78,91,89,87,,24,7,15,11,90,88,83,60,60,56,56,58,27,21,27,53,65,54,,48,43,,30,89,73,80,72,41,47,33,23,13,35,35,34,25,33,47,11,22,14,24,39,29,44,51,50,46,64,62,76,83,119,26,45,19,33,43,78,64,61,57,64,23,41,31,31,43,4,2,,1,8,6,7,18,,25,12,11,35,41,31,37,26,11,32,35,13,10,28,33,10,10,6,36,34,12,8,38,8,31,19,50,95,101,68,86,104,78,104,59,30,63,48,51,38,60,49,107,71,63,,68,37,47,34,54,50,50,82,47,105,,40,28,,74,54,54,63,52,16,18,18,,84,34,34,38,32,35,62,36,49,52,28,39,39,38,40,5,11,38,26,2,3,39,,36,26,23,62,36,5,27,27,4,3,10,8,43,44,,27,40,17,24,5,10,48,40,44,39,5,3,55,38,30,25,63,57,58,55,56,,99,,48,42,38,28,31,16,55,88,76,76,,56,46,42,29,91,84,69,70,95,51,58,73,75,63,71,48,63,87,94,85,106,94,59,,116,81,69,52,87,59,54,83,45,82,96,81,86,90,89,91,88,78,89,31,43,59,58,59,22,23,84,68,108,89,178,35,,31,60,54,21,43,9,65,61,59,27,32,24,35,38,91,9,45,48,66,74,116,121,27,15,24,72,69,42,70,18,53,17,57,75,39,48,8,7,69,50,45,39,91,74,88,21,54,13,41,74,54,99,94,100,92,39,57,33,39,29,65,62,47,33,16,34,19,76,65,55,69,74,66,,50,94,58,51,20,53,85,81,128,12,87,30,114,31,14,45,86,92,30,57,62,56,74,48
20170820,9,CO,1.8,1.2,1.7,1.4,1.9,1.6,1.4,1.7,0.9,1.3,1.5,1.3,,,3.1,,3.7,2.6,3.7,,4.6,2.9,1.9,,3.2,,,1.1,0.9,0.7,1.6,0.9,0.6,0.7,5,4.1,4,3.9,4.1,5.2,0.4,0.4,0.4,0.4,0.5,0.9,0.8,0.9,1.1,0.8,1,0.9,0.8,0.6,1.1,0.6,0.9,1,1.1,0.6,0.7,0.8,0.9,1.2,0.8,1.9,2,,1.7,1.4,1,0.9,1,0.7,1,0.6,1.3,,1.1,1.4,,,1.1,0.7,2.2,1.4,1.3,1.1,0.7,1.2,0.9,1.2,1.1,1.2,1.5,1.2,0.9,0.9,0.9,,,0.9,0.8,0.9,0.8,,1,0.8,0.8,1,1.3,0.7,0.8,0.8,0.8,0.8,0.9,1,1.1,1.1,,1,0.8,1.4,0.9,1,0.8,0.5,0.9,0.5,,0.2,0.5,0.7,0.5,1.1,0.4,0.4,0.7,0.5,1,0.8,0.8,0.9,0.7,0.8,0.7,0.7,0.6,0.6,0.6,1.5,1.5,1,1.2,1,0.9,1.1,0.5,1,0.8,0.7,1.1,0.5,,0.8,1,1.6,1.5,0.8,0.9,0.8,,,,0.9,0.7,,0.7,0.9,0.5,,1.2,0.4,0.5,,0.5,0.7,0.8,0.8,0.8,0.8,0.9,1.2,0.8,,,,0.7,0.4,,0.8,0.7,0.6,0.6,1.1,,0.8,0.6,0.3,0.3,0.4,0.4,0.9,0.7,,1,,0.8,,0.7,0.7,0.8,0.6,0.7,0.7,0.9,0.7,0.7,0.6,0.8,0.9,0.8,0.9,0.7,0.9,,0.6,0.5,0.5,0.7,0.5,0.6,0.8,1.1,0.8,,,0.7,,0.7,0.8,,0.2,0.6,0.6,0.6,0.6,0.3,,0.6,0.5,0.8,0.8,0.9,0.6,0.5,,0.5,0.7,0.7,0.9,0.7,0.4,,0.8,0.6,0.8,0.2,,0.8,0.7,0.6,0.5,0.3,0.6,0.6,1.4,1,0.7,1.1,1.1,1.1,0.6,,1.6,1.4,1.7,1.6,1.2,1.9,1.8,1.6,,0.4,0.2,0.4,0.4,0.6,0.6,0.4,0.3,0.6,0.9,1,1.2,1.6,1.1,1.4,1.4,1,1.9,0.8,1.1,1.4,0.8,1.1,0.7,0.9,0.5,0.9,1.1,0.9,0.5,0.8,0.4,0.7,0.7,0.4,0.5,0.6,0.8,0.9,0.6,,0.6,0.7,0.7,1,0.7,0.7,0.8,0.9,0.7,0.6,0.7,0.7,0.8,0.9,0.7,0.7,0.7,1,0.7,0.4,0.6,0.5,0.5,,1,0.6,0.4,0.7,0.6,0.7,1.1,1,0.7,0.8,0.7,0.3,0.5,0.4,0.5,0.7,1,0.8,0.6,0.7,0.7,0.7,0.7,0.9,0.7,0.9,1,0.9,0.6,1.1,1.1,1.2,0.9,1.1,1.1,,1.1,,0.6,0.7,0.6,0.6,0.6,,1,0.8,1,0.7,1.4,1.1,0.9,0.8,,0.8,0.6,0.5,1.1,1,,0.8,0.7,0.9,1,0.9,,0.7,0.1,0.4,0.5,0.6,0.5,0.5,0.5,0.5,0.4,0.5,0.6,1.1,0.6,1.1,1.4,1.2,1.4,0.4,1.4,0.6,0.6,0.8,0.5,1.3,1.6,1.4,1.5,1.2,1.1,1.2,1.6,1.3,1.3,1.5,1.4,1.4,0.5,0.6,0.1,0.5,0.2,0.4,,1,1.1,0.8,,,,1,0.9,1,1.2,1,1.5,1.2,,1.1,0.5,1.7,0.5,0.6,0.5,0.4,0.5,0.6,0.5,0.8,0.2,0.5,0.8,1.2,0.7,1.8,1.4,0.3,0.9,0.8,0.6,1,0.4,0.5,0.6,1.9,1.9,0.6,0.9,0.8,,0.8,1.2,1.6,1.6,1.8,1.5,0.9,4.4,1.1,0.8,0.6,,0.7,,0.5,,0.7,0.7,0.6,0.9,1.2,,,1.3,,1.2,1,0.8,,1.9,1.1,1.7,4.6,0.9,1.3,0.5,0.5,0.9,0.4,0.4,0.5,0.3,0.6,0.3,0.4,,0.6,,0.8,,0.4,1.4,1.2,1.6,0.9,0.5,0.7,0.5,0.5,0.3,0.5,0.4,0.5,0.4,0.5,0.4,,1.1,1,1.1,1,1,1.2,0.9,0.8,1,0.6,0.7,0.7,0.4,0.7,0.5,0.4,0.7,0.5,0.7,0.7,0.5,1,0.8,0.7,0.7,0.7,0.6,1.3,1.1,1,0.9,0.8,1.1,1.2,1.4,,1.2,1,,0.7,0.8,0.9,0.7,0.8,0.7,0.8,1.8,,,1,1.1,1.1,1,,1.2,,1.1,1.1,1,1,,1.1,1.1,,1.8,2,1.6,,1.7,2.5,0.6,1.4,2,1.7,0.7,1.5,0.6,,,0.4,0.7,1.2,0.9,1,1,,0.9,0.8,0.5,0.6,,0.9,1,1,5.2,1.2,1.1,0.8,1.2,0.9,0.9,2.3,3.6,0.6,0.7,0.5,0.9,0.4,,0.4,0.8,0.7,0.2,0.5,0.3,0.5,0.8,0.5,0.4,0.5,0.6,0.5,0.3,0.7,0.6,0.9,0.9,0.6,0.9,,0.9,0.8,0.7,1.2,1,1.1,1.4,0.3,0.3,0.7,0.8,0.4,1.4,1.9,,1.5,1.8,2.4,2.4,1,1.8,1.2,1.5,1.6,0.7,0.8,0.5,0.8,2.6,1.6,1.5,1.4,1.2,1,1.5,1.5,1.2,1,,1,0.9,1.3,0.9,1.2,0.9,1,0.8,1,0.5,0.7,0.7,0.5,0.6,0.7,0.5,1.4,1.2,1,0.7,1.3,1.4,1.2,1.1,0.5,0.8,0.6,0.8,0.5,0.4,0.9,0.8,0.7,0.8,0.6,0.9,1,0.8,0.5,0.4,0.7,0.8,0.8,0.8,1.1,1.6,1.4,2.1,1.2,1.5,3.2,0.4,1.1,1.1,0.4,0.5,0.6,0.5,0.7,,,0.6,0.7,1,0.7,1,1.1,0.9,0.8,0.9,0.9,0.8,1,0.6,0.3,,0.5,1,1.1,1.3,1.2,1.4,1.4,1.6,1.5,1.6,1.5,1.4,1.6,1.7,1.8,0.8,0.8,1.1,1,1.1,1.2,1.1,1,,,1,1,0.7,0.4,0.7,0.6,,0.3,0.4,0.4,0.4,0.5,0.8,0.7,0.7,1,1.9,1.2,1.9,0.5,1.1,1,1.1,0.8,0.2,0.5,0.6,0.2,,0.6,0.2,0.4,,0.5,0.6,0.8,0.3,0.5,0.4,0.6,0.4,0.5,0.5,0.5,0.4,0.7,0.8,1.2,0.7,0.6,1,0.7,0.8,0.7,0.6,0.8,,0.5,0.8,1.1,1.4,0.9,0.7,0.8,0.4,0.7,0.7,,0.9,0.7,0.6,1,,0.9,0.7,0.7,,,0.4,0.3,0.6,0.8,1,0.6,0.7,1.1,,1,1,,1,0.8,2.6,2.4,2.1,1.5,2.8,2,1.4,1.7,1.7,2.3,1,1,,1,0.9,1.3,1,,1.3,1.2,1.6,1.2,1.1,1.6,,2,1.1,0.6,0.5,0.6,0.5,0.3,0.4,,0.7,0.4,0.3,0.7,,,1.9,0.4,0.4,0.6,0.5,0.5,0.3,1,0.6,1.2,1.1,0.5,0.5,0.5,0.6,0.6,0.4,0.4,0.1,0.4,2.3,1,1.8,1.1,1.1,0.8,1.5,1.2,1.1,1.3,2.4,0.8,1.3,1.1,,,0.2,0.9,0.8,0.6,0.5,0.8,0.4,0.3,0.8,0.5,0.7,0.5,0.8,0.4,0.4,0.4,0.6,1,0.2,0.3,0.3,0.4,0.6,0.3,0.8,0.6,0.9,,0.6,0.6,0.5,0.3,0.8,,0.5,0.6,0.4,0.7,0.6,0.3,,0.5,0.4,0.4,,0.4,1.3,1.2,1.3,0.7,0.7,0.5,1,,0.6,0.6,1.1,0.3,0.5,0.6,1.2,0.4,0.4,0.4,0.5,1.4,,0.4,0.3,0.5,0.7,0.3,0.4,0.4,0.5,1,0.9,,0.8,1.1,0.5,0.6,0.5,0.8,0.7,0.7,0.7,0.7,1.2,1.1,1.1,2.1,0.5,0.8,0.9,0.9,1,1.3,0.6,0.8,0.7,0.9,0.7,0.6,1,0.7,0.7,1,0.4,1.8,1.3,1.6,1.2,0.8,1.6,0.7,1.3,0.9,0.8,1,0.9,0.9,0.7,1.3,1,1,0.7,,0.8,0.8,1.1,0.5,1,1,0.9,1.2,0.8,0.7,0.9,0.8,0.5,1,1.3,1,0.7,1.2,2,1.6,1.6,,1.2,1.1,1.1,1,,0.9,1,1,,0.8,0.8,0.9,0.8,0.7,1.5,1.1,1.7,1.4,1.3,1.1,0.7,0.8,0.7,0.9,1.1,1.1,,0.9,0.8,0.9,0.9,0.9,1.4,0.9,0.8,0.9,1.4,1.3,1.3,0.6,0.7,0.8,0.6,0.8,0.8,,0.8,0.6,,1.1,0.9,1.1,1,1.1,1.3,0.9,1.1,1.1,1,0.6,1.2,0.7,0.7,1.1,0.7,0.6,0.5,0.5,0.5,0.6,1.2,0.4,0.8,0.9,0.9,1.2,1.8,1.7,1.6,1,0.4,0.5,0.6,0.4,0.4,1.3,1.4,1.2,1.1,1.7,0.9,2.6,1.7,1,0.6,1,1.2,1.6,1.2,0.9,1.3,1.2,1,,1,0.9,1,0.6,0.5,0.5,0.6,1,0.7,1.2,1,1.3,1.1,1.2,1.4,0.5,0.9,0.7,0.5,0.6,0.7,0.5,0.8,1.1,0.8,1.2,0.7,0.5,0.6,0.6,0.4,0.6,0.5,0.5,0.8,0.8,0.7,0.8,0.3,0.4,0.5,0.4,0.6,0.8,1.1,,0.5,0.3,0.5,0.5,0.8,0.9,0.5,0.8,0.7,0.3,,0.7,0.9,,0.4,0.6,0.6,0.5,0.5,0.5,0.5,0.6,,0.6,0.8,0.7,0.6,0.7,0.4,0.5,0.5,0.3,0.5,0.5,0.4,0.6,0.5,0.5,0.7,1.1,0.9,0.8,0.9,0.7,0.6,,0.5,1.8,1.2,0.2,0.7,1,1.4,0.7,0.7,0.5,0.9,1.2,0.7,0.9,,0.5,0.4,0.9,0.7,0.9,0.3,0.7,0.8,0.6,0.6,1.2,0.9,1,0.4,0.6,0.9,0.4,0.3,0.5,0.3,1.2,,0.3,,0.3,0.3,0.7,1.2,1.2,1.1,1,1.2,1.4,1.3,,1.2,0.6,1,1,0.4,0.6,0.5,0.8,0.5,,0.5,0.5,0.5,0.1,0.4,0.6,0.5,0.9,1.3,1,0.1,0.2,0.4,,0.6,0.7,,1.4,0.7,0.9,0.7,1.2,0.7,0.6,0.8,0.6,0.7,0.4,0.6,0.6,1.7,0.8,1.1,0.8,1.1,1.2,1.6,0.3,1.3,0.8,0.5,0.6,1.2,1,1.1,0.3,,,0.7,0.3,1.5,1.1,1.3,1,0.7,0.7,0.9,0.7,0.7,1,0.6,1.1,0.6,3.9,2.6,2.3,1.8,1,1.5,1.6,0.6,0.8,0.6,0.5,0.8,1,0.5,0.4,0.8,0.6,1.2,1.1,0.7,1.6,1.6,0.4,0.4,1.2,1.7,0.4,0.8,0.6,0.8,0.6,2,0.9,0.7,2.6,1.3,0.8,0.8,0.9,1.3,0.5,0.4,0.5,0.9,0.9,1.2,0.9,1.2,0.6,0.8,0.9,1.2,0.5,0.7,0.7,0.5,1.9,,3.7,1.1,1.2,1.1,1.2,0.6,0.7,0.7,0.8,0.6,0.5,0.5,1.2,1.8,0.4,4.5,1.2,0.3,0.5,0.3,0.3,0.7,0.2,1.1
20170820,9,CO_24h,1.2,0.9,1.2,1,1.2,1,1,1.2,0.8,1,0.9,1.1,,,1.3,,1.2,0.9,1.8,,1.3,1,0.9,,1.1,,,1,0.8,0.6,1.5,0.7,0.6,0.7,2.3,2.3,1.9,2,2.7,2.5,0.4,0.5,0.4,0.5,0.5,0.8,0.8,0.8,0.8,0.6,0.7,0.8,0.6,0.5,0.8,0.5,0.5,0.6,0.7,0.5,0.5,0.5,0.6,0.6,0.5,1.4,1.2,,1.2,1,0.5,0.4,0.7,0.4,0.7,0.5,1.2,,1,1,,,0.9,0.8,1.2,1.1,1.2,1,0.8,1.2,0.9,1.1,1,1.2,1.3,1.2,0.8,1,0.8,,,0.9,0.8,0.9,0.9,,1.1,0.8,0.7,0.9,1,0.6,0.8,0.8,0.8,0.8,1,1,1,1.1,,1,0.7,1,0.8,0.9,0.8,0.6,1,0.6,,0.4,0.5,0.6,0.7,1.3,0.3,0.3,0.7,0.4,0.8,0.5,0.8,0.8,0.6,0.7,0.6,0.7,0.6,0.8,0.6,1.6,1.1,0.9,1.3,1.1,0.8,0.9,0.3,0.7,0.5,0.3,0.8,0.4,,0.7,0.8,0.7,0.6,0.7,0.5,0.4,,,,1,0.8,,0.6,0.8,0.4,,1,0.3,0.3,,0.5,0.7,0.7,0.7,0.7,0.7,0.9,1.1,0.6,,,,0.6,0.4,,0.8,0.7,0.7,0.4,0.8,,0.6,0.7,0.4,0.4,0.4,0.4,0.8,0.5,,0.8,,0.8,,0.5,0.6,0.8,0.6,0.7,0.7,0.8,0.7,0.6,0.6,0.7,0.8,0.7,0.8,0.6,0.9,,0.5,0.5,0.4,0.6,0.4,0.5,0.7,1.1,0.8,,,0.6,,0.7,0.8,,0.2,0.5,0.5,0.6,0.6,0.3,,0.6,0.5,0.6,0.5,0.7,0.6,0.5,,0.6,0.7,0.8,0.9,0.8,0.5,0.9,0.7,0.5,0.9,0.1,,0.7,0.6,0.5,0.3,0.3,0.4,0.4,1.4,0.7,0.6,1.1,1,0.9,0.6,,1.5,1.2,1.4,1.2,0.9,1.4,1.1,1.2,,0.4,0.3,0.4,0.4,0.6,0.5,0.5,0.2,0.6,1.2,1.2,1.4,1.5,1.3,1.6,1.7,1.2,1.5,1,0.8,0.6,1,0.6,0.6,0.7,0.4,0.6,0.8,0.7,0.5,0.7,0.6,0.7,0.6,0.4,0.4,0.6,0.7,0.7,0.7,,0.8,0.7,0.8,0.9,0.8,0.6,1,0.7,0.7,0.7,0.6,0.7,0.8,0.8,0.6,0.6,0.6,0.6,0.6,0.3,0.4,0.4,0.5,0.5,1,0.7,0.6,0.7,0.6,0.7,0.8,0.8,0.5,0.6,0.6,0.2,0.5,0.4,0.4,0.7,0.9,0.7,0.7,0.6,0.7,0.7,0.6,0.7,0.5,0.9,0.9,0.7,0.5,0.9,1,1,0.8,0.9,1,,1,,0.5,0.7,0.5,0.6,0.5,,0.8,0.7,0.8,0.6,1.2,0.9,0.8,0.7,,0.8,0.6,0.5,0.8,0.9,,0.7,0.6,1.1,0.9,0.8,,0.6,0.3,0.4,0.4,0.6,0.5,0.5,0.4,0.6,0.4,0.5,0.6,0.8,0.7,0.9,0.6,0.8,0.8,0.4,0.6,0.4,0.5,0.7,0.5,1.3,1.6,1.4,1.5,1.2,1.1,1.2,1.6,1.3,1.3,1.5,1.4,1.3,0.6,0.8,0.4,0.6,0.4,0.4,,0.9,0.8,0.7,,,,0.8,0.5,0.9,1,0.8,1.1,0.8,,0.8,0.6,1.6,0.8,0.7,0.6,0.4,0.6,0.5,0.5,0.7,0.3,0.5,0.5,1,0.9,1.2,1.5,0.7,0.8,1,0.7,1.1,0.6,0.7,0.8,1,2.2,1,1.1,0.8,,0.7,1.1,1.4,1.4,1.1,0.8,0.8,1.2,0.6,0.6,0.6,,0.6,,0.5,,0.7,0.8,0.7,0.8,1.1,,,1,,0.9,1,0.8,,2.2,1.3,1.2,1.6,0.9,1.2,0.4,0.4,0.7,0.4,0.4,0.6,0.4,0.6,0.4,0.5,,0.5,,0.7,,0.4,1,0.8,1.2,1.1,0.6,1,0.5,0.4,0.3,0.4,0.4,0.5,0.5,0.7,0.6,,0.9,0.9,0.8,1,0.7,0.8,0.7,0.6,0.8,0.6,0.6,0.6,0.4,0.7,0.4,0.5,0.6,0.4,0.5,0.5,0.4,0.8,0.7,0.7,0.7,0.7,0.5,0.9,0.8,0.9,0.6,0.6,0.8,1.1,1.2,,0.9,0.9,,0.7,0.9,0.9,0.7,0.6,0.6,0.6,0.6,,,0.9,1.1,1.2,1.1,,1.1,,1,1.2,1.2,1.1,,1.2,1.3,,1.7,1.9,1.6,,1.7,1.7,0.8,1.1,1.5,1.5,0.8,1.2,0.6,0.4,,0.9,0.9,1.8,1.4,1.1,1.1,,0.9,0.8,0.6,0.6,0.5,0.8,0.9,1.2,1.4,1.1,1,0.8,0.8,0.8,0.6,1.2,1.2,0.7,0.7,0.5,0.8,0.5,,0.4,0.7,0.8,0.3,0.6,0.3,0.3,0.6,0.4,0.4,0.4,0.6,0.5,0.4,0.7,0.6,0.8,0.9,0.6,0.9,,1,0.8,1,0.8,0.5,0.6,0.9,0.3,0.3,0.5,0.4,0.5,1.3,1.9,,1.3,1.6,2.4,2.2,1.1,1.8,1.3,1.5,2.7,1,1,0.8,1.1,1.9,1.5,1.1,1.2,1.1,0.9,1.2,1.2,1.1,0.9,,1,0.8,1.1,0.9,1.2,0.8,0.8,0.7,0.9,0.4,0.7,0.6,0.4,0.5,0.6,0.6,1.3,1.1,1,0.6,1.1,1.2,1.1,1,0.4,0.7,0.5,0.6,0.6,0.3,0.7,0.7,0.6,0.8,0.5,0.8,1,0.8,0.6,0.4,0.6,0.6,0.6,0.6,1,1.3,1.1,1.3,1,1.2,1.7,0.6,1,0.8,0.3,0.4,0.5,0.4,0.7,,,0.6,0.7,0.7,0.6,0.8,0.8,0.5,0.6,0.6,0.5,0.6,0.9,0.5,0.4,,0.3,0.9,0.9,1.3,1.2,1.4,1.4,1.6,1.5,1.7,1.4,1.2,1.3,1.3,1.5,0.9,0.9,1.2,1.1,1.2,1.2,1.2,1.1,,,0.9,0.9,0.3,0.3,0.2,0.9,,0.5,0.5,0.5,0.6,0.3,0.6,0.5,0.7,0.8,1.5,1.2,1.9,0.6,0.9,0.8,1,0.7,0.2,0.5,0.6,0.2,0.7,0.6,0.3,0.5,0.1,0.5,0.6,1,0.4,0.6,0.4,0.5,0.4,0.5,0.6,0.4,0.3,0.6,0.7,0.8,0.6,0.5,0.9,0.7,0.6,0.6,0.6,0.6,,0.6,0.8,0.8,0.7,0.8,0.6,0.7,0.4,0.6,1,,0.6,0.5,0.6,0.8,,0.7,0.7,0.5,,,0.4,0.3,0.5,0.4,0.6,0.4,0.4,1,,1,1,,0.8,0.6,2.3,1.6,2,1.6,1.7,1.5,1.1,1.3,1.3,1.7,0.9,1.1,,1,0.9,1.4,1.1,,1.4,1.4,1.1,1.1,1.1,1.8,,2,1.3,0.7,0.7,0.5,0.5,0.4,0.5,,0.7,0.5,0.4,0.7,,,0.6,0.3,0.6,0.6,0.4,0.6,0.4,0.6,0.6,0.9,0.8,0.3,0.5,0.6,0.5,0.9,0.7,0.6,0.3,0.5,0.8,0.7,0.6,0.5,0.8,0.5,1,1.1,0.9,0.8,0.9,0.8,1.2,1,,,0.2,0.8,0.7,0.6,0.4,0.6,0.3,0.4,0.5,0.5,0.9,0.6,0.9,0.4,0.5,0.4,0.4,0.6,0.3,0.4,0.3,0.5,0.7,0.3,0.5,0.6,0.4,,0.6,0.5,0.5,0.3,0.8,,0.5,0.6,0.5,0.7,0.7,0.4,,0.5,0.4,0.3,,0.4,0.8,0.7,0.8,0.7,0.9,0.5,1,,0.7,0.3,0.8,0.5,0.6,0.5,1,0.4,0.3,0.4,0.5,0.8,,0.5,0.2,0.4,0.6,0.2,0.3,0.3,0.5,0.7,0.7,,0.7,0.6,0.4,0.5,0.4,0.7,0.7,0.7,0.6,0.7,1.6,1.2,0.8,1.2,0.6,0.9,1,0.9,0.6,0.8,0.6,0.7,0.7,0.9,0.8,0.7,1.1,0.9,1.1,0.9,0.3,0.9,0.8,0.8,0.6,0.6,0.8,0.7,1.6,0.9,0.8,0.9,0.4,0.4,0.3,1.2,1,0.9,0.6,,0.7,1,0.9,0.6,0.7,0.6,0.8,0.7,0.6,0.7,0.8,0.5,0.4,0.9,1.4,1.1,0.8,1.1,1.9,1.5,1.5,,1.3,1.2,1.2,1.1,,1.1,1.1,0.9,,0.9,0.7,0.7,0.8,0.6,1.3,0.9,1.5,1.1,1.1,1,0.6,0.8,0.6,0.7,1,1,,0.7,0.7,0.8,0.8,0.7,1.1,0.7,0.5,0.5,0.9,0.9,0.9,1,0.6,0.8,0.6,0.8,0.8,,0.8,0.6,,1.1,0.8,1,0.9,1.1,0.9,0.6,0.8,1,0.8,0.6,0.8,0.8,0.6,1,0.6,0.5,0.5,0.6,0.5,0.5,1,0.4,0.8,0.9,1,1.4,1.8,1.6,1.5,1,0.4,0.4,0.5,0.5,0.4,1.2,1.2,1,0.9,1.4,0.9,2.4,1.5,0.9,0.7,0.8,1,1,1.1,0.8,1.1,0.9,0.8,,0.6,1.1,1,0.8,0.4,0.6,0.6,1,0.6,1,0.8,1.1,0.9,0.8,1.3,0.4,0.8,0.6,0.4,0.5,0.7,0.4,0.9,0.7,0.5,0.9,0.8,0.4,0.6,0.7,0.4,0.6,0.5,0.5,0.7,0.6,0.7,0.7,0.3,0.3,0.4,0.4,0.5,0.7,1,,0.5,0.4,0.4,0.4,0.6,0.6,0.5,0.6,0.7,0.3,,0.6,0.7,,0.5,0.6,0.6,0.4,0.5,0.6,0.5,0.5,,0.5,0.7,0.6,0.6,0.7,0.5,0.4,0.5,0.3,0.5,0.4,0.4,0.5,0.5,0.4,0.5,1,0.6,0.6,0.9,0.8,0.6,,0.5,1.2,0.8,0.2,0.6,0.8,0.9,0.7,0.4,0.3,0.8,1,0.6,0.8,,0.4,0.4,0.7,0.6,0.7,0.2,0.6,0.8,0.6,0.6,1.3,0.8,0.9,0.4,0.7,0.9,0.4,0.4,0.4,0.3,1,,0.2,,0.3,0.2,0.5,1,0.9,1,1.1,1.3,1.4,1.2,,0.9,0.7,0.8,0.8,0.4,0.6,0.2,0.5,0.6,0.5,0.4,0.4,0.4,0.4,0.6,0.7,0.5,0.9,1.1,0.9,0.1,0.3,0.4,,0.7,0.7,0.1,1.2,0.7,1,0.6,1.1,0.5,0.6,1,0.8,0.8,0.5,0.6,0.7,1.9,1,1.2,0.9,0.9,1.5,1.6,0.3,1.2,0.8,0.4,0.4,0.9,0.7,1.2,0.5,,0.5,1,0.6,1,1,1.1,0.7,0.7,0.7,0.8,0.8,0.6,1,0.4,1.2,0.7,1.6,1.1,1,1.1,1,1.6,1.7,0.5,0.6,0.6,0.4,0.7,0.8,0.5,0.5,0.7,0.4,1,1.1,0.8,1.6,0.8,0.9,0.3,1,1.1,0.5,0.8,0.6,0.5,0.5,1.2,0.7,0.7,1.1,1.1,0.6,0.5,0.6,1.4,0.4,0.4,0.5,0.8,0.5,0.8,0.8,0.9,0.6,0.9,0.6,0.8,0.5,0.7,0.5,0.5,1.9,,1.5,1.2,1.1,0.9,1,0.6,0.8,0.4,0.7,0.6,0.6,0.5,1.1,1.4,0.3,1.2,1.5,0.4,0.5,0.2,0.3,0.7,0.3,1
20170820,10,AQI,103,107,100,78,105,113,107,90,53,114,107,112,,,104,,103,84,108,,97,73,87,,82,,,82,95,74,120,70,73,64,65,62,87,73,84,78,32,27,37,40,40,92,115,89,89,68,61,79,78,74,67,64,70,62,72,67,70,57,57,63,59,87,58,,65,63,62,73,78,72,67,77,70,,64,81,,,75,57,70,83,55,88,82,88,107,97,84,79,114,79,34,35,39,,,54,43,39,41,,60,33,35,32,48,38,40,,28,30,25,32,57,37,,39,27,25,30,27,39,50,34,41,,34,39,31,42,28,28,46,25,23,29,25,,36,26,34,24,28,31,16,20,20,21,36,25,21,23,25,40,49,39,38,52,30,,33,17,29,22,19,37,55,,,,54,42,,52,59,49,,50,31,40,,15,34,21,21,36,25,25,35,24,,,,24,25,,27,26,23,28,37,,25,20,24,20,35,24,41,46,,58,,81,,30,54,50,35,47,42,40,47,56,35,54,,40,53,58,53,,50,50,61,46,49,61,49,62,61,,,24,,51,36,,69,54,40,35,27,28,,42,33,52,18,29,29,29,,36,32,31,23,25,53,31,26,30,18,64,,67,72,69,70,49,63,70,69,67,78,77,64,72,35,,82,80,,83,128,116,142,115,,28,33,30,46,37,34,32,40,26,52,46,50,55,50,56,48,50,69,,52,73,34,54,56,45,57,56,61,28,43,42,53,43,52,41,32,42,43,51,38,,25,36,33,67,50,52,35,70,23,31,24,37,25,58,22,18,31,25,39,22,14,19,15,22,64,41,26,26,36,48,63,37,27,36,33,28,26,27,21,48,43,43,35,36,58,57,61,60,69,54,49,69,55,75,66,75,47,62,53,,53,,25,24,28,27,36,,48,28,86,38,54,64,66,64,,33,55,42,51,62,,36,45,33,26,57,,34,49,35,32,12,19,34,23,28,25,28,35,35,20,28,46,21,30,13,,21,18,25,15,102,88,72,79,90,82,82,70,74,84,63,92,87,30,26,40,48,28,59,,13,19,52,,,,59,50,53,100,52,62,53,,78,45,49,41,48,34,46,68,52,44,41,28,42,54,49,54,64,63,40,65,54,71,63,70,84,64,53,57,42,29,33,,28,35,73,62,69,100,45,81,58,75,72,,65,,36,,33,39,41,34,52,,,110,,97,35,43,,,63,82,107,68,50,59,49,60,57,47,30,25,26,35,27,,56,,72,,30,58,72,70,49,33,39,42,39,45,30,31,31,32,30,39,,79,67,82,73,72,57,60,53,55,30,66,18,20,25,18,19,24,35,40,45,28,48,54,53,33,30,31,62,61,62,29,23,19,82,107,,73,67,,28,36,51,34,34,50,55,27,,,65,70,64,97,,42,,49,53,52,51,,54,50,,75,90,94,,88,92,78,83,98,73,59,71,69,49,,30,26,31,28,33,29,,63,50,23,25,24,58,88,31,64,53,38,52,56,30,55,60,61,22,26,21,27,20,,17,63,53,51,29,40,46,46,64,47,51,36,30,31,38,25,25,25,19,24,,30,35,20,53,72,58,66,31,61,58,44,26,87,100,,94,100,97,132,41,63,54,49,52,52,59,47,56,110,110,94,124,77,89,70,102,85,89,,84,58,63,48,58,54,45,52,47,50,43,52,48,49,52,48,38,51,50,32,73,82,18,27,49,41,48,52,23,15,24,20,40,42,40,,38,51,20,23,33,40,38,49,51,57,65,46,82,72,54,35,62,33,58,62,69,49,72,,,60,15,44,50,50,52,68,80,83,69,62,55,39,57,,48,42,29,60,69,64,68,49,57,66,72,73,61,97,72,47,43,54,65,48,59,54,52,,,80,77,60,17,30,57,,39,38,63,39,30,22,22,36,39,57,67,87,46,46,60,69,28,27,48,32,30,21,41,29,33,24,34,23,43,32,52,33,49,27,27,30,15,22,48,28,51,45,25,27,32,35,33,49,54,,21,23,49,51,64,31,20,19,18,20,,33,27,52,39,,77,,45,,,48,40,56,112,80,77,135,54,,56,46,,73,81,125,,123,93,152,100,78,110,82,90,58,56,,58,54,84,78,,72,83,83,50,55,74,,69,31,26,31,49,67,38,52,,32,40,52,79,,,44,35,38,38,40,47,36,54,47,69,60,51,28,42,71,54,33,26,27,30,90,67,79,64,62,59,48,35,36,37,34,44,37,42,,,29,46,32,32,22,68,83,36,84,66,41,24,61,35,23,22,18,17,23,31,38,54,53,29,89,85,34,,30,42,49,31,30,,52,33,59,28,24,43,,38,68,47,,58,78,94,82,26,37,32,40,,36,52,73,52,36,38,64,32,31,41,30,57,,52,45,62,63,42,45,30,25,74,78,,49,64,24,,30,62,95,54,64,65,68,62,60,63,43,49,57,57,62,73,51,70,51,51,44,34,58,49,55,38,18,68,56,41,39,53,68,52,56,53,46,80,69,70,80,102,95,84,73,,95,104,79,89,49,52,49,53,54,58,60,49,62,59,45,57,64,81,65,60,59,,48,63,54,52,,52,52,59,,54,87,73,72,77,50,59,93,70,53,64,75,64,53,85,103,75,,57,55,60,45,29,62,63,72,120,107,97,128,33,53,44,46,54,55,,30,34,,31,35,49,49,50,57,53,50,52,52,37,52,46,42,39,34,51,56,50,56,54,25,58,50,33,34,39,58,70,52,50,35,28,41,46,31,58,26,53,58,61,22,45,34,54,39,39,51,62,63,75,84,85,65,,45,21,23,13,53,44,38,57,55,58,63,64,62,65,57,31,72,57,33,41,31,52,28,35,40,60,60,52,43,64,58,64,42,49,36,42,42,39,53,46,43,42,51,64,67,,53,,51,41,50,55,57,56,43,55,,30,39,,38,60,61,54,22,13,6,9,,29,15,17,,19,24,49,53,29,54,55,25,23,79,22,53,64,58,42,16,19,18,,28,44,48,34,31,83,69,29,49,41,53,35,45,28,,33,48,14,29,54,31,20,25,16,16,26,18,48,30,18,82,17,15,17,29,65,,28,,22,38,41,50,62,51,52,48,51,53,,44,38,23,24,25,25,47,45,53,19,18,22,16,36,32,66,73,25,37,22,29,23,68,,36,23,23,60,26,36,26,52,17,43,29,23,25,27,25,30,28,46,25,63,107,50,62,30,52,31,30,51,54,57,74,107,,110,470,206,73,63,73,25,40,17,49,50,47,25,56,46,29,95,105,75,88,55,84,57,34,43,27,54,38,18,59,46,52,44,100,43,16,53,15,63,34,40,37,64,18,28,20,54,72,72,57,80,46,42,43,63,43,35,38,25,28,22,24,31,67,48,32,52,29,54,28,54,34,105,,103,49,129,73,71,67,75,25,100,35,38,33,80,80,67,88,50,33,58,45,51,50,28,46
20170820,10,PM2.5,77,80,75,57,79,85,80,67,37,86,80,84,,,78,,77,62,81,,72,53,64,,60,,,60,57,54,91,51,53,46,47,44,57,41,62,57,16,15,24,8,20,68,87,66,66,49,42,58,57,54,48,46,51,32,52,48,11,35,31,32,36,64,37,,47,45,44,53,57,52,29,56,46,,44,53,,,55,40,51,54,38,51,60,65,80,72,55,58,86,53,20,23,22,,,28,28,22,28,,33,21,23,22,29,25,21,,17,21,17,16,12,10,,10,8,9,14,12,14,11,12,12,,12,8,15,11,12,12,16,10,16,14,,,3,16,17,12,1,12,7,6,3,8,20,,,14,,,22,16,13,14,18,,21,11,20,11,13,17,34,,,,36,29,,24,32,34,,15,17,13,,4,16,13,4,25,17,7,22,13,,,,14,12,,10,8,13,4,8,,17,11,11,14,17,15,23,32,,23,,34,,21,33,23,18,29,27,28,30,30,18,35,,28,37,41,35,,35,35,34,32,29,35,27,44,40,,,11,,24,25,,50,38,28,18,18,19,,19,23,14,10,20,16,20,,25,14,15,12,9,37,21,17,21,7,31,,40,52,37,43,34,28,51,36,23,18,48,32,49,13,,36,56,,61,97,78,108,87,,9,2,5,2,7,7,9,10,10,33,31,35,28,35,30,31,35,42,,26,19,20,32,30,20,24,12,25,17,18,29,22,22,25,18,18,19,30,27,26,,11,25,23,29,35,36,23,51,13,21,11,17,16,25,15,12,17,15,27,15,9,12,10,15,21,20,9,12,17,33,40,24,14,14,11,19,18,16,4,33,22,30,24,25,26,27,25,33,38,38,34,46,28,55,44,34,25,31,22,,32,,6,12,8,8,19,,25,14,46,13,13,20,35,21,,22,10,17,29,21,,20,30,23,14,22,,21,25,10,22,3,11,10,9,16,15,10,17,12,14,14,21,12,21,4,,5,2,12,3,76,65,52,58,67,60,60,51,54,62,45,68,64,16,18,6,33,8,42,,9,13,29,,,,42,28,22,33,34,44,18,,32,18,33,20,23,20,31,31,27,23,27,19,17,20,32,26,36,45,25,34,23,32,38,45,59,38,33,38,20,14,17,,18,16,45,42,41,73,31,41,41,51,46,,47,,25,,12,15,16,17,34,,,83,,72,24,30,,,26,40,80,45,35,29,22,29,22,15,12,12,11,8,17,,37,,39,,17,34,52,37,34,23,27,29,27,31,7,1,7,12,7,27,,58,48,60,53,52,40,37,20,39,21,44,12,12,17,12,13,15,18,19,21,19,27,28,29,22,13,20,43,35,31,16,16,13,60,80,,42,47,,19,16,26,20,15,24,25,7,,,47,51,46,49,,27,,34,37,36,34,,38,35,,54,67,56,,65,58,57,55,73,41,42,32,38,24,,17,9,,14,15,14,,45,14,16,13,13,30,20,20,44,20,26,17,19,13,20,32,28,10,8,6,8,8,,4,18,37,16,12,26,15,18,30,31,6,11,20,9,25,7,17,16,12,16,,21,24,10,15,24,20,24,16,30,25,21,14,64,75,,70,75,66,100,28,45,38,34,34,31,29,30,34,83,83,70,94,47,66,51,76,63,66,,62,27,35,12,20,23,24,22,26,35,30,30,33,30,36,26,26,26,35,12,25,35,12,12,25,21,24,23,15,8,6,4,28,27,28,23,23,20,5,3,23,27,26,34,34,40,47,32,50,38,17,21,19,16,33,41,50,34,52,,,43,6,2,35,33,33,49,52,61,50,40,22,25,34,,18,28,18,43,50,45,49,31,40,36,52,53,39,72,52,31,30,38,37,32,42,38,35,,,59,56,17,3,15,18,,19,15,40,26,10,7,13,15,14,32,31,16,27,32,40,50,9,7,33,9,15,8,15,19,8,6,10,16,9,7,9,17,,4,2,11,8,1,17,19,25,28,17,,14,18,23,18,19,,6,8,34,29,46,10,14,8,12,6,,9,14,19,26,,56,,27,,,24,22,19,84,41,56,103,38,,39,32,,45,41,95,,93,69,116,75,57,48,45,67,41,36,,41,38,62,38,,52,61,61,35,34,50,,47,14,11,17,13,48,16,25,,22,11,8,58,,,21,4,19,19,24,15,11,26,26,37,24,25,17,20,24,23,13,18,15,17,56,48,58,46,38,42,26,22,25,15,20,19,19,10,,,8,10,14,14,15,48,35,16,38,20,14,5,33,12,5,1,12,8,5,9,12,20,16,11,24,12,19,,11,7,16,11,10,,36,23,42,19,12,19,,15,49,27,,41,57,70,60,18,22,20,28,,25,29,53,36,25,26,16,16,11,16,21,25,,34,22,44,45,2,2,9,2,40,57,,21,46,5,,5,44,71,38,46,47,49,44,40,36,28,32,40,40,38,41,29,32,29,30,20,10,21,34,39,26,5,25,24,20,16,34,37,29,25,29,24,47,43,40,44,76,71,48,53,,71,78,58,66,34,36,26,32,36,41,43,34,44,42,31,35,46,51,47,43,42,,33,45,38,34,,36,33,42,,38,64,53,52,56,32,42,69,51,37,46,46,46,37,63,77,55,,40,31,10,23,11,44,45,52,91,80,56,97,23,37,18,32,28,34,,9,14,,17,20,28,26,32,33,37,35,32,31,16,21,20,26,20,19,28,31,27,35,30,11,30,35,17,10,27,34,21,20,19,11,19,10,21,3,21,16,17,22,29,15,31,16,17,16,19,18,27,45,55,62,63,31,,31,5,16,9,29,24,21,23,29,34,36,39,43,47,35,16,24,19,18,23,17,36,9,8,9,8,35,36,30,34,16,46,29,29,25,28,29,27,21,14,25,21,23,46,32,,13,,30,26,,39,30,30,12,39,,19,22,,8,12,13,14,11,3,3,3,,4,7,9,,10,11,26,21,16,20,39,13,12,50,11,14,21,22,25,10,12,10,,6,30,14,17,12,29,11,9,34,21,18,11,9,11,,15,11,1,12,23,5,14,10,11,7,12,12,3,10,12,26,3,5,10,5,47,,3,,3,6,21,26,23,29,34,25,26,25,,20,19,16,14,12,8,15,28,31,13,9,4,5,20,14,26,18,13,24,14,16,13,23,,10,7,14,43,7,25,18,36,8,27,7,6,14,6,7,21,2,5,16,19,29,11,19,2,27,21,9,20,29,31,17,25,,76,53,66,51,25,39,9,18,1,15,28,20,13,38,32,20,71,79,55,65,39,62,19,8,15,,38,24,11,42,32,30,23,75,30,11,16,10,14,17,21,19,36,12,18,14,38,51,33,40,59,32,23,30,45,20,16,26,3,19,14,15,15,35,33,22,33,15,23,11,28,10,68,,77,34,98,47,42,48,55,14,75,18,17,8,59,38,48,65,28,12,41,28,5,19,7,32
20170820,10,PM2.5_24h,50,41,54,43,56,52,42,50,34,44,53,53,,,47,,47,45,44,,46,47,37,,45,,,62,64,54,74,49,60,37,41,38,53,42,51,45,16,19,27,17,25,69,83,78,62,47,43,66,60,54,47,33,36,18,30,35,12,12,23,17,23,39,33,,38,33,36,45,46,44,50,52,47,,46,42,,,41,35,37,36,36,35,56,53,59,70,54,57,71,61,18,27,32,,,30,34,28,30,,35,18,16,18,17,15,17,,19,19,18,17,14,11,,11,7,7,11,10,12,21,21,12,,24,20,22,24,22,17,18,20,26,26,27,,19,29,27,23,21,25,11,9,11,9,14,5,10,13,7,17,18,18,16,9,19,,16,21,20,18,24,20,15,,,,30,17,,12,18,22,,23,24,17,,13,26,16,15,24,21,20,24,18,,,,14,15,,19,15,20,17,20,,20,15,14,15,14,18,21,22,,8,,21,,15,27,24,18,29,24,26,28,26,23,27,,26,34,35,27,,34,28,27,36,31,32,40,37,31,,,14,,28,27,,31,32,34,20,21,19,,25,20,35,36,43,20,21,,14,18,12,14,18,24,21,17,14,16,31,,32,33,33,38,33,15,28,36,24,18,42,34,35,24,,33,40,,36,50,55,64,56,,12,10,12,8,12,9,13,10,13,51,55,61,53,58,107,50,51,49,,21,19,20,29,28,20,21,20,18,30,21,34,28,22,23,22,19,23,30,26,22,,25,23,24,51,21,46,23,27,16,16,13,14,13,28,14,13,13,13,28,10,13,7,13,31,31,27,13,19,23,39,34,16,13,12,4,12,15,18,22,28,28,38,29,21,23,26,22,20,22,36,31,32,29,26,29,24,22,26,27,,28,6,8,12,8,11,19,,24,16,24,14,10,19,20,21,,17,12,12,19,16,,18,30,27,15,22,,20,25,6,17,7,14,9,12,19,16,8,16,11,17,12,20,21,21,9,,6,5,9,3,51,42,37,45,49,50,40,58,37,36,36,55,43,23,23,12,25,17,12,,22,26,26,,,,26,18,16,22,26,24,15,,15,20,31,25,24,21,34,32,24,22,23,14,18,19,22,47,42,60,54,52,54,46,52,42,55,53,35,64,23,27,17,,18,19,40,37,30,33,28,26,27,31,28,,26,,15,,11,12,13,11,38,,,50,,43,23,24,,,23,29,37,31,24,21,15,18,9,31,16,16,17,15,20,,25,,27,,22,24,32,24,16,18,20,14,10,13,11,10,14,18,17,27,,58,57,56,49,56,25,27,17,27,18,30,10,10,11,11,12,11,5,11,16,19,29,34,36,11,10,15,32,28,31,11,12,12,47,56,,36,30,,23,28,26,25,17,22,24,7,,,38,40,50,36,,29,,35,32,40,42,,39,41,,52,62,55,,56,50,54,49,55,45,29,21,25,25,,18,13,15,20,19,15,,30,20,13,16,11,23,14,18,27,14,21,15,32,37,30,29,30,13,10,8,9,10,,8,22,16,19,12,23,16,19,20,19,11,10,22,17,17,12,16,16,15,17,,15,18,15,19,25,23,26,18,29,26,34,15,57,90,,64,76,61,73,47,60,51,49,61,48,49,52,58,76,69,70,67,45,61,48,62,53,57,,49,20,26,19,18,16,20,19,22,27,26,34,24,22,27,27,25,29,31,9,17,19,13,15,16,24,25,19,18,9,7,16,25,25,25,26,32,23,9,7,25,26,24,29,22,30,35,26,38,31,22,18,16,17,36,34,39,27,53,,,46,16,16,23,31,26,32,34,37,35,30,17,20,16,,21,22,20,34,39,35,39,29,38,34,38,33,26,43,54,50,57,56,67,55,66,57,57,,,38,36,7,11,6,20,,16,15,26,22,6,8,16,12,16,28,37,20,23,24,34,37,13,13,16,11,18,12,19,22,19,19,19,18,20,19,12,20,8,8,9,13,8,8,18,19,20,20,22,,21,20,20,20,22,,9,14,27,23,30,15,15,15,20,14,,20,20,18,23,,28,,25,,,20,16,26,27,17,20,28,28,,35,41,,35,39,71,74,66,58,65,63,39,42,38,41,34,37,,29,29,40,29,,33,41,39,28,29,49,,48,28,26,27,11,31,15,21,,35,32,26,46,,,13,9,16,16,32,24,23,37,31,35,41,26,13,25,20,26,35,22,29,27,30,30,33,23,26,29,16,19,15,12,12,18,14,11,,,9,12,12,14,17,27,29,20,27,15,25,5,26,14,18,7,9,12,8,17,17,13,16,10,18,20,16,,17,19,13,12,14,,37,27,37,12,14,15,,17,26,15,,26,25,27,26,22,26,24,37,,32,20,50,37,35,26,9,14,13,15,19,14,,21,9,18,18,11,11,8,14,15,24,,27,39,9,6,12,34,46,31,24,35,41,36,35,34,38,31,43,35,31,32,32,31,29,31,24,38,42,41,47,37,5,22,18,22,16,28,27,25,25,29,21,30,29,27,29,70,59,49,52,65,52,54,45,50,28,28,26,25,27,32,36,27,34,29,35,35,39,42,56,54,53,,50,62,54,38,,40,36,50,,48,46,39,42,45,37,28,41,31,35,37,34,33,24,34,37,28,,26,29,16,27,28,35,35,32,51,46,35,58,27,35,12,21,20,21,,11,25,,18,21,21,16,29,18,17,17,32,31,28,19,20,24,22,20,28,30,33,36,31,17,21,34,13,14,16,28,19,14,16,11,19,19,18,14,18,18,19,14,25,20,24,27,24,28,10,18,23,39,42,52,43,22,27,21,22,23,26,26,24,30,23,32,37,35,32,31,37,34,12,20,18,21,21,18,23,6,7,10,9,44,37,35,34,29,37,25,35,26,26,26,26,18,12,19,29,22,33,28,,16,,22,24,24,26,25,31,24,36,,17,19,,10,22,20,24,15,4,5,6,,9,8,12,,12,13,23,30,10,16,25,10,11,12,10,10,12,23,28,10,10,10,,10,10,13,17,15,17,17,11,27,18,21,11,10,12,,11,16,11,9,11,12,8,14,10,12,10,13,2,4,11,18,7,5,4,3,25,,5,,3,4,22,27,29,28,40,33,31,28,,16,15,23,17,19,12,10,24,28,14,16,4,10,21,25,20,21,32,36,36,13,11,18,,14,12,22,42,24,24,14,29,5,23,21,12,22,15,16,21,11,18,18,21,34,21,21,12,22,16,11,17,23,26,14,45,,51,75,93,31,20,30,11,7,8,14,27,14,12,25,39,24,54,53,36,49,37,38,37,13,18,16,33,28,16,26,31,25,19,48,31,10,14,11,12,21,27,22,27,16,16,13,43,44,41,40,34,27,21,24,36,21,22,16,19,14,13,17,7,23,22,15,16,14,18,15,20,10,59,,40,38,81,57,34,56,49,12,46,21,23,15,56,29,24,42,55,15,30,17,14,11,11,38
20170820,10,PM10,78,104,,,,,94,85,50,117,,103,,,,,,,84,,,,,,65,,,109,140,80,,56,65,68,77,70,124,96,105,90,,23,37,40,40,112,106,98,86,58,72,70,,76,64,68,,73,83,66,90,64,64,76,68,,65,,56,60,63,,65,55,83,93,89,,77,112,,,80,63,87,116,59,126,101,119,127,135,118,90,121,108,32,35,39,,,57,43,39,41,,69,33,29,27,48,38,38,,20,27,22,32,63,37,,39,17,17,27,27,39,50,34,41,,34,39,31,42,28,19,46,23,,29,25,,36,26,34,24,28,31,16,6,19,21,36,25,,23,25,40,49,39,38,53,30,,33,,27,22,,37,59,,,,57,34,,53,68,47,,50,31,40,,6,34,21,16,,23,25,35,24,,,,24,25,,27,20,18,28,37,,23,17,24,20,35,24,41,,,66,,111,,22,58,50,35,47,42,37,47,62,35,58,,37,53,50,56,,38,49,72,41,49,72,49,70,72,,,24,,52,33,,83,52,37,35,27,28,,42,30,54,18,,29,,,,32,31,23,25,,31,26,28,16,77,,84,91,88,89,49,75,83,88,84,105,104,77,94,35,,113,109,,109,149,181,152,142,,15,22,23,46,14,20,14,40,13,53,46,45,59,41,61,48,42,88,,54,95,34,57,62,45,63,62,71,28,43,42,55,43,53,41,32,42,38,52,37,,25,35,23,84,,53,35,,23,31,24,37,25,65,15,,31,24,31,18,13,19,14,21,77,41,26,26,36,34,76,37,27,36,33,21,26,27,21,34,43,37,30,26,66,64,72,69,87,42,48,88,59,86,81,100,47,73,55,,55,,25,24,28,27,36,,48,28,122,38,58,77,81,78,,33,59,42,52,73,,36,45,31,26,63,,34,49,35,,12,19,34,23,28,25,28,35,35,17,28,46,21,,9,,,3,18,7,96,89,79,98,93,86,86,81,65,95,63,86,113,30,23,17,,28,61,,10,18,53,,,,54,50,56,149,53,58,56,,106,45,49,41,48,34,46,61,53,44,41,23,42,58,49,57,78,55,40,80,57,91,75,90,117,78,55,63,42,27,33,,28,35,95,73,87,150,,111,63,100,94,,76,,31,,33,39,41,34,53,,,87,,,35,34,,,75,113,,86,39,68,49,69,63,47,23,22,23,10,26,,62,,93,,30,65,64,90,,33,,34,34,38,18,6,21,32,22,35,,81,78,99,78,84,,70,56,59,26,82,,20,20,17,,24,35,40,45,25,48,57,55,33,30,31,74,72,73,29,22,17,77,84,,95,83,,28,36,52,34,34,50,59,27,,,77,72,68,143,,42,,42,49,52,52,,52,40,,99,88,137,,97,133,,115,140,95,57,91,87,49,,19,18,26,28,33,20,,64,50,,15,24,66,126,31,78,56,37,53,62,25,59,69,71,21,26,14,27,20,,7,76,37,51,29,40,46,46,78,47,52,36,30,12,38,25,24,16,19,18,,27,33,20,55,94,66,81,31,72,66,44,25,109,121,,125,96,144,155,41,,51,49,54,54,67,47,61,138,122,102,149,103,108,77,83,93,95,,77,65,75,48,65,57,45,54,47,,,53,44,49,,48,37,51,,32,95,113,17,27,49,41,48,54,23,15,24,20,38,42,34,,38,51,20,23,31,40,37,38,51,60,68,46,114,93,57,35,74,33,65,74,59,48,78,,,53,14,44,,50,54,81,110,112,81,73,59,39,64,,48,42,29,63,74,77,72,49,52,81,84,68,72,110,85,47,,49,79,48,60,,53,,,84,82,70,10,30,64,,39,38,76,39,23,10,22,36,39,63,84,124,46,38,69,65,17,12,,18,30,9,,29,28,,30,21,43,32,53,33,49,8,5,,14,6,48,27,51,45,24,27,32,35,31,49,58,,17,23,,51,64,31,17,19,12,8,,33,27,54,39,,73,,45,,,48,40,62,156,110,96,123,49,,61,46,,95,111,125,,116,88,196,104,90,169,114,123,56,61,,54,49,81,105,,79,100,92,50,60,98,,87,28,,19,49,,38,54,,,40,54,64,,,44,35,29,29,,47,19,57,47,87,69,51,28,42,92,58,25,22,26,,129,69,101,56,74,46,48,35,35,37,34,44,37,42,,,19,46,32,32,21,86,116,36,117,81,41,24,72,35,23,4,16,17,23,30,38,57,56,,127,120,34,,30,42,49,31,30,,48,27,64,24,18,43,,38,74,47,,,61,,65,,37,32,33,,36,53,60,45,27,31,78,32,31,41,,63,,53,45,51,62,42,45,30,19,97,66,,49,63,11,,6,67,,51,47,55,70,65,69,76,43,49,63,54,73,95,52,90,51,52,44,34,66,49,,32,16,86,62,41,39,56,86,54,62,56,46,110,87,90,109,98,106,72,69,,88,101,86,87,48,54,49,56,57,56,56,49,68,48,42,63,73,112,68,53,52,,,54,52,53,,48,53,61,,46,79,72,75,62,50,46,78,,,,99,65,51,,82,65,,58,60,69,45,23,50,,61,123,90,143,144,31,52,44,46,58,60,,30,34,,31,35,49,49,50,63,44,38,54,54,37,54,46,42,39,34,52,61,50,61,58,24,65,44,33,34,38,66,89,54,50,35,23,41,46,31,66,26,55,66,72,15,43,34,58,39,39,52,73,74,74,71,,79,,44,21,,,55,44,38,63,59,65,75,78,74,64,64,31,94,64,33,41,31,49,28,35,40,69,69,39,43,78,66,61,40,49,36,42,36,32,55,46,43,42,51,58,83,,56,,52,41,50,60,63,62,42,,,30,39,,38,69,71,57,22,13,5,9,,29,13,15,,19,24,49,56,29,57,,25,23,108,22,56,77,65,42,16,19,18,,28,44,48,34,31,115,87,29,39,41,56,35,45,28,,33,48,14,29,57,31,18,25,,16,26,,48,30,,114,5,13,17,29,68,,10,,22,38,41,50,74,51,53,48,51,56,,44,38,22,24,21,13,47,45,55,,14,6,16,36,32,81,96,,37,,22,,85,,,12,,,17,,,,12,43,,14,,8,14,,12,46,22,75,164,50,74,4,53,31,30,51,57,64,67,164,,169,570,354,96,75,95,25,40,9,49,50,47,25,62,46,25,,,,105,59,76,64,34,43,27,49,38,18,62,,54,44,130,39,14,55,,76,34,40,34,77,14,28,20,56,94,93,56,,45,42,32,57,43,35,27,25,26,22,24,31,84,47,27,54,29,58,28,58,34,160,,,41,,95,92,53,70,22,110,35,38,33,94,110,,,50,27,60,45,52,50,16,
20170820,10,PM10_24h,60,58,,,,,73,62,46,68,,82,,,74,,60,60,60,,62,56,45,,65,,,110,112,96,91,81,72,81,73,67,116,106,103,88,29,29,46,48,46,119,134,109,93,57,67,71,75,69,61,60,47,62,64,66,65,48,45,56,37,52,52,,51,51,60,59,69,57,67,86,82,,88,76,,,63,59,65,73,50,82,103,107,117,141,113,113,102,105,31,41,47,,,58,51,46,50,,71,28,24,26,31,30,31,,22,28,21,40,60,37,,34,15,18,25,23,37,94,73,67,,73,74,72,71,61,43,46,58,62,47,37,,51,46,48,38,40,43,31,29,28,18,30,30,46,26,23,30,38,40,33,32,35,,36,54,39,54,55,49,28,,,,64,42,,45,48,56,,47,52,35,,34,50,42,34,58,41,37,46,26,,,,31,30,,42,39,35,37,42,,31,26,32,30,32,32,29,18,,29,,38,,19,46,42,26,43,33,37,44,49,39,44,,41,49,45,43,,36,41,53,52,55,56,55,57,56,,,27,,49,39,,62,49,50,33,29,29,,40,31,52,54,57,36,40,,36,32,25,24,31,37,38,29,28,28,65,,71,68,73,76,44,32,46,72,77,62,87,80,81,33,,79,81,,79,86,114,89,99,,35,30,27,36,24,23,24,50,23,83,79,75,82,75,74,80,76,98,,55,62,47,58,67,55,55,54,50,55,34,71,60,40,55,45,42,50,50,50,50,,43,52,33,88,45,65,46,45,21,26,18,33,22,51,23,22,21,15,41,14,16,14,20,51,53,52,34,36,36,55,46,29,26,23,16,32,34,34,31,50,50,51,46,32,55,53,52,57,52,60,58,48,56,47,60,54,41,69,59,,64,16,17,20,20,21,34,,44,33,55,48,40,68,51,57,,32,40,39,39,56,,33,43,36,30,62,,32,49,29,32,21,25,37,36,31,30,39,38,31,26,40,39,34,51,15,,10,11,19,13,69,66,59,85,79,73,61,112,47,60,53,85,90,61,57,35,57,45,27,,33,53,55,,,,58,57,42,76,66,53,48,,50,45,60,42,47,38,39,50,45,40,40,18,30,45,57,73,83,76,78,91,94,99,78,66,73,96,63,99,47,45,32,,31,40,75,70,52,56,68,49,46,67,62,,52,,24,,29,35,35,27,52,,,66,,73,32,32,,,61,65,68,66,37,54,37,45,37,76,32,31,29,21,28,,52,,54,,49,44,39,47,34,37,50,26,21,23,24,26,26,42,34,51,,77,72,78,73,74,49,52,32,47,39,51,23,22,17,17,29,15,17,26,27,32,50,64,54,20,20,22,59,55,55,19,22,23,93,64,,63,60,,42,52,47,45,25,48,48,27,,,73,62,61,106,,43,,48,42,49,51,,51,52,,81,75,85,,80,92,69,90,114,80,49,61,57,39,,22,25,40,30,42,21,,48,52,30,33,17,47,53,30,49,48,41,38,55,54,48,60,49,34,31,28,28,29,,11,53,45,51,24,53,52,41,65,59,33,32,28,22,31,24,32,27,32,31,,39,36,35,46,64,46,55,36,69,59,68,29,112,114,,110,102,122,120,64,91,78,75,92,74,77,69,73,119,106,96,97,88,90,70,87,73,78,,59,45,66,56,52,47,41,40,45,30,28,44,39,41,26,45,31,42,39,28,46,58,25,25,29,46,43,50,25,24,22,37,36,45,31,44,63,74,18,18,32,38,37,43,37,48,47,41,51,62,47,29,50,43,53,64,49,40,73,,,62,37,39,44,40,44,49,66,75,51,53,59,38,52,,40,39,43,57,58,61,68,42,49,66,64,69,74,94,105,118,131,106,113,114,115,141,130,,,56,49,25,18,15,42,,40,43,56,60,44,22,44,28,38,91,87,96,37,31,64,59,33,17,25,23,31,31,26,35,28,,28,30,48,41,42,42,24,22,13,15,17,17,44,40,40,37,39,30,38,40,42,59,55,,29,35,41,39,38,31,27,26,29,16,,38,32,37,36,,38,,48,,,37,30,47,62,43,35,50,55,,53,63,,78,81,100,100,95,86,128,113,55,72,61,80,63,47,,45,43,51,62,,46,59,61,49,44,96,,70,56,60,53,28,43,28,43,,104,83,101,48,,,44,46,24,30,48,65,34,64,55,54,73,66,27,43,46,60,56,37,52,40,64,47,74,46,49,40,30,29,25,26,32,36,29,40,,,41,32,29,28,40,70,77,45,59,60,122,27,62,44,34,12,22,16,18,33,36,42,55,17,55,94,31,,38,34,37,33,29,,62,36,42,30,29,35,,41,42,51,,34,47,42,52,39,45,55,61,,35,41,56,47,60,31,44,34,28,36,35,43,,39,33,32,37,40,32,23,25,40,40,,60,62,24,26,23,65,59,54,37,56,65,47,64,58,56,47,66,57,61,63,74,65,52,50,51,53,66,65,90,60,13,71,48,53,44,40,55,51,58,63,35,56,48,56,44,90,95,74,71,93,66,78,71,74,41,43,46,41,51,41,42,38,54,42,49,58,65,79,83,88,80,,74,78,76,58,,61,59,63,,58,66,59,60,51,55,41,56,52,63,73,67,68,52,45,50,43,,41,58,60,46,38,47,44,48,68,67,65,67,39,49,42,42,49,47,,38,41,,45,25,33,29,38,36,24,22,54,47,40,44,41,51,41,36,41,47,56,61,46,31,44,44,32,37,34,52,78,48,56,26,27,34,42,32,39,37,50,61,65,30,38,42,47,33,22,45,65,64,67,87,63,80,42,38,43,52,49,45,36,61,56,68,61,55,58,67,51,56,25,57,48,39,41,31,39,36,41,32,65,74,44,45,71,54,54,38,47,34,39,34,38,49,38,34,44,46,61,69,,58,,35,34,38,45,57,48,34,40,,27,35,,44,78,62,76,54,12,8,11,,20,13,16,,23,27,34,52,38,54,36,19,22,20,20,43,55,69,45,25,19,16,,21,27,23,42,48,84,56,28,28,24,39,27,21,23,,29,37,20,25,30,39,19,28,27,22,28,48,54,22,33,62,11,13,12,17,75,,13,,13,27,36,53,55,50,60,55,52,55,,32,28,34,27,78,52,31,40,43,30,31,9,18,42,43,61,50,55,58,57,34,24,58,,22,26,34,78,38,36,34,39,11,36,48,53,48,71,64,76,52,68,43,65,105,79,71,15,41,31,33,45,59,76,80,212,,153,357,256,68,45,70,23,29,16,41,46,44,22,42,45,32,82,56,52,110,50,46,81,43,41,34,41,44,33,44,38,40,32,87,39,16,55,32,44,29,45,40,53,28,26,19,53,76,74,52,54,50,56,51,66,50,37,27,36,34,22,29,15,59,44,24,30,24,41,39,54,33,103,,72,55,101,107,71,54,64,28,56,36,53,28,72,72,40,60,75,32,45,28,56,30,22,45
20170820,10,SO2,5,2,6,5,7,4,2,7,2,3,6,2,,,,,22,6,5,,12,7,27,,24,,,13,32,9,4,14,12,4,76,47,89,108,99,95,5,3,13,11,13,9,18,17,16,12,19,8,7,6,11,9,28,24,27,10,15,14,22,37,15,18,32,,19,13,18,19,7,8,10,10,14,,16,52,,,23,28,40,28,12,35,20,28,26,18,22,21,22,12,30,11,8,,,11,4,8,9,,15,9,7,10,15,8,5,,4,5,7,7,8,7,,9,6,8,9,3,10,11,6,7,,4,9,11,14,7,4,12,6,5,7,7,,6,7,7,8,8,8,7,16,11,29,13,12,9,15,8,9,11,17,7,6,10,,9,22,32,31,16,29,9,,,,17,8,,14,,22,,30,12,12,,3,7,4,4,2,8,5,11,20,,,,9,9,,9,8,6,10,22,,7,9,6,14,4,1,13,12,,10,,32,,18,12,8,8,11,11,11,16,8,19,15,,7,6,7,3,,8,7,8,10,11,16,14,5,11,,,6,,10,8,,8,8,9,6,8,10,,10,6,8,3,7,6,6,,7,5,2,19,2,12,7,20,15,6,6,,6,8,6,12,7,14,20,38,36,44,42,38,29,4,,41,13,,31,6,21,28,26,,2,3,4,3,10,7,5,15,6,5,10,9,8,5,4,11,6,12,,9,15,13,9,6,3,7,6,12,17,12,20,14,15,12,15,4,11,14,25,12,,11,11,15,26,15,11,13,14,11,11,25,13,6,17,11,17,17,26,,5,6,3,7,21,4,25,7,10,11,74,64,12,11,11,12,9,6,10,6,20,27,26,18,14,13,16,12,17,11,19,34,25,21,6,18,13,7,8,20,,10,,6,4,3,5,22,,18,16,13,26,13,23,28,21,,17,15,23,17,15,,8,8,16,11,7,,6,10,11,4,6,6,5,5,7,6,10,23,11,9,13,14,17,13,8,,10,9,12,6,8,2,7,6,10,5,8,8,11,7,5,9,10,6,2,2,6,4,1,,8,6,3,,,,10,5,7,8,11,7,10,,14,22,139,19,13,16,12,274,19,15,14,4,10,15,17,5,18,18,7,23,8,8,6,7,5,4,9,13,4,5,6,,4,6,25,15,15,158,22,224,31,4,23,,15,,8,,8,8,7,8,23,,,17,,11,8,5,,,15,11,13,31,21,17,17,8,19,24,8,7,5,7,4,,16,,16,,5,16,20,23,2,8,7,10,8,2,3,1,5,16,12,13,,85,22,50,43,40,17,17,16,14,17,36,8,10,17,16,9,15,6,16,23,10,10,8,8,12,10,11,13,13,14,4,7,6,33,37,,26,24,,10,13,15,10,10,22,61,9,,,10,10,10,15,,24,,24,24,10,4,,1,8,,77,115,113,,90,30,5,43,69,32,10,15,23,15,,5,5,5,5,6,4,,19,14,7,10,10,28,6,6,33,7,8,4,54,10,104,50,40,9,6,5,10,7,,2,7,5,5,15,10,6,3,12,14,9,4,5,4,28,6,11,14,9,3,,18,9,9,7,25,22,24,9,16,64,14,5,17,15,,19,23,32,19,11,18,13,14,7,3,5,4,6,19,16,28,10,13,10,12,16,9,19,,,12,10,7,6,8,7,9,12,8,55,19,19,13,19,7,16,15,17,19,13,10,9,9,40,9,10,7,5,6,7,13,8,8,7,9,14,5,2,2,6,4,7,7,9,6,14,6,15,8,23,13,17,12,4,6,10,8,11,,,9,3,3,10,6,15,9,9,20,16,10,19,12,26,,19,19,9,14,15,15,7,11,10,7,9,12,10,10,14,4,5,6,4,5,5,6,2,,,6,9,20,7,30,54,,12,9,54,8,3,8,3,4,6,5,5,4,10,15,13,13,5,1,5,1,8,3,5,5,5,4,3,3,11,8,7,4,3,2,1,3,9,5,11,13,20,16,15,15,13,21,,17,18,,7,7,19,16,16,17,8,17,13,4,,25,25,12,10,,10,,15,,,2,2,23,7,8,7,8,6,,8,10,,16,26,31,19,26,20,20,29,19,18,29,28,24,18,,11,13,7,7,,10,16,65,53,40,133,,28,1,5,4,15,11,10,4,,5,3,4,32,,,12,5,14,9,8,7,9,12,9,22,15,14,6,7,9,9,8,7,6,3,18,10,14,21,15,15,29,19,22,40,26,3,7,10,,,12,7,8,8,2,3,8,3,11,8,9,4,4,3,4,3,8,11,7,12,3,3,12,2,11,13,7,,9,13,8,15,29,,10,10,9,10,9,21,,9,1,11,,23,19,25,12,21,26,60,5,,27,7,11,10,24,9,8,9,5,4,8,5,,9,13,13,3,12,7,7,9,10,11,,18,23,15,10,9,13,14,9,17,7,19,20,18,28,4,7,8,7,16,21,8,16,7,,7,10,10,5,20,7,6,29,14,23,48,7,10,23,88,35,28,121,122,110,129,21,22,20,19,,45,28,58,34,27,4,16,33,16,5,18,7,7,7,34,8,12,5,27,18,30,,19,6,10,7,,5,5,8,,5,9,7,7,7,10,8,11,4,8,7,5,6,6,8,5,5,,5,11,74,23,11,8,9,8,9,8,6,9,10,7,11,6,9,7,,8,8,,1,7,1,6,14,3,2,4,14,16,7,24,16,15,21,9,52,27,16,48,51,21,18,10,21,19,8,48,22,21,11,6,8,11,6,10,5,5,7,8,1,6,4,17,45,15,2,2,10,19,20,20,13,20,,25,12,10,13,12,9,13,9,39,44,92,22,33,11,31,8,9,8,11,18,10,16,6,42,33,27,11,15,15,14,11,6,5,5,7,10,3,6,3,8,4,8,8,11,10,,9,,11,5,7,7,16,2,23,4,,4,3,,6,13,7,7,9,10,7,7,,22,15,18,,16,22,11,7,12,21,11,5,6,5,2,5,9,14,25,6,10,3,,2,11,6,23,30,8,18,9,5,4,20,15,14,15,,13,8,15,11,6,7,5,6,6,8,17,9,2,8,4,8,5,3,5,5,4,,5,,6,1,5,10,7,9,9,6,8,3,,10,11,8,10,8,4,6,8,10,4,8,8,17,3,2,13,13,4,7,8,3,11,4,,7,13,4,5,6,6,12,13,3,10,5,7,5,5,7,5,5,5,5,4,5,1,12,6,7,1,3,13,8,4,3,2,,71,27,31,18,19,11,3,3,4,12,20,22,17,30,6,12,33,20,17,41,12,7,32,15,12,7,7,7,6,9,9,12,12,9,8,5,20,14,150,19,29,22,10,10,3,5,3,11,10,13,25,22,5,8,10,1,8,24,18,6,16,16,14,17,16,11,11,12,2,14,32,16,116,,31,10,25,56,25,13,5,8,36,1,4,5,11,72,13,31,19,7,7,7,3,12,10,17
20170820,10,SO2_24h,3,2,3,2,3,3,2,3,2,2,3,2,,,6,,9,2,5,,7,4,11,,15,,,7,27,6,2,9,7,3,33,26,51,47,53,48,8,5,16,11,12,5,11,12,9,9,14,7,5,4,7,6,21,20,12,8,6,6,12,4,5,10,14,,8,16,18,19,4,6,6,6,9,,10,11,,,13,26,12,10,9,17,15,16,18,14,15,13,15,12,10,17,11,,,9,20,11,14,,14,7,8,9,10,5,5,,4,4,6,7,8,8,,8,5,8,9,3,11,9,6,4,,4,10,12,14,9,6,11,9,6,7,8,,6,9,8,6,9,9,14,15,11,26,10,11,10,11,9,8,6,12,5,5,9,,8,19,18,21,14,15,6,,,,16,6,,10,20,19,,25,10,12,,2,7,4,3,3,8,5,9,21,,,,10,10,,9,8,5,7,10,,6,9,7,15,2,2,10,9,,9,,13,,7,10,7,8,9,9,9,14,6,10,11,,8,6,9,3,,7,6,7,12,11,12,13,5,8,,,6,,9,5,,6,5,8,6,7,9,,9,6,18,14,12,6,6,,7,4,2,16,4,18,15,16,22,6,6,,9,7,5,12,4,10,10,40,39,40,29,33,12,5,,33,7,,21,6,13,16,16,,8,3,3,2,10,6,5,10,7,5,8,8,7,5,4,9,6,8,,7,7,12,9,5,4,5,6,8,20,10,20,13,19,11,15,4,11,12,13,13,,13,18,17,18,12,6,8,12,11,11,11,15,6,11,20,6,11,12,9,4,4,4,6,11,7,9,11,10,10,23,22,9,7,6,6,9,12,8,7,16,20,18,13,13,7,11,8,11,7,16,26,14,23,7,12,9,7,7,11,,9,3,6,5,3,5,16,,15,12,11,19,10,11,15,15,,16,12,13,10,16,,9,6,16,10,7,,6,10,9,4,6,6,5,4,6,6,11,14,12,11,13,14,19,27,7,,10,9,9,7,7,2,7,6,8,5,6,9,9,6,6,8,9,8,5,2,8,5,9,,10,8,3,,,,17,11,8,9,10,5,8,,12,22,119,32,20,19,10,81,13,11,11,4,9,12,12,12,19,17,12,16,13,11,6,8,9,6,9,11,6,5,10,,3,5,14,14,11,33,12,45,23,4,22,,15,,8,,9,10,11,8,16,,,10,,5,9,6,,,19,11,10,27,13,11,17,7,18,21,9,7,6,8,4,,12,,13,,5,14,19,19,5,9,9,12,10,3,2,2,6,15,11,12,,36,16,28,15,18,14,13,12,10,16,42,8,7,10,9,10,8,5,8,15,7,8,7,10,9,9,9,8,8,7,4,5,6,15,18,,18,18,,15,15,14,14,7,8,16,7,,,9,10,9,12,,13,,16,13,10,4,,2,8,,32,46,34,,39,11,4,15,27,16,3,14,16,13,,6,6,6,8,6,6,,18,13,11,10,10,29,6,6,12,7,8,3,17,21,27,25,22,9,6,5,9,5,,2,7,5,5,17,11,3,3,8,8,7,4,5,3,16,6,10,11,7,2,,14,13,14,14,24,18,19,8,22,44,27,6,10,10,,11,18,16,12,8,15,8,10,24,3,5,4,6,14,11,8,2,13,11,7,11,7,12,,10,12,10,7,7,8,9,11,9,31,28,37,11,8,24,9,13,12,12,19,9,6,8,7,7,10,10,6,5,6,7,9,8,7,9,8,17,4,2,2,6,6,8,7,6,6,9,5,9,5,25,20,11,12,4,6,11,7,14,,,11,4,3,11,7,7,4,7,13,10,7,11,8,12,,10,19,13,11,12,15,6,10,9,6,8,12,10,10,14,5,5,4,3,4,4,5,2,,,5,8,5,4,6,22,,8,26,28,12,3,6,3,10,6,3,5,4,8,13,9,10,4,2,4,2,7,4,5,6,5,4,4,4,9,6,6,3,6,4,2,4,9,5,6,8,10,11,11,14,12,22,,12,15,,8,7,12,13,11,10,8,18,12,10,,17,15,13,10,,9,,9,,,2,2,13,9,8,9,9,6,,8,10,,15,23,18,11,16,8,13,22,10,11,18,15,16,17,,11,12,8,5,,10,15,21,25,23,35,,30,16,17,14,7,8,6,4,,5,8,7,26,,,8,4,13,9,8,7,10,14,13,17,23,12,7,8,12,10,14,7,7,5,13,11,9,13,9,11,14,11,9,8,5,4,6,9,,,7,7,7,8,3,1,3,3,11,6,8,4,17,4,10,4,5,11,6,7,2,4,13,2,16,15,3,12,15,15,5,9,30,,18,14,11,14,12,13,,13,2,9,,24,13,30,24,25,22,21,15,,22,9,7,12,21,12,9,9,10,5,7,3,,10,17,19,18,11,8,7,9,13,13,,23,33,17,12,9,13,11,8,15,6,15,11,9,13,5,6,14,6,9,15,10,11,5,6,6,25,13,4,24,8,5,19,10,17,62,4,8,19,24,19,28,23,30,30,22,15,24,15,19,27,36,23,42,31,10,4,13,16,15,4,10,7,7,7,37,32,36,78,23,19,24,,13,5,9,8,,4,5,7,,5,9,7,7,6,9,7,10,3,6,7,4,5,6,7,7,5,,6,17,24,5,11,8,11,9,11,9,7,9,10,6,9,7,10,11,,10,9,,4,4,4,5,8,6,3,4,11,11,9,18,17,14,16,10,15,21,16,65,38,24,15,9,20,16,8,21,13,20,13,7,8,10,8,12,4,4,6,7,1,6,4,17,48,19,4,2,5,19,12,11,14,16,11,14,14,12,14,9,2,8,4,14,40,61,15,21,13,13,7,7,5,14,18,10,16,10,43,33,26,10,9,13,11,16,11,11,8,6,3,3,5,4,7,4,8,8,9,7,,8,,19,6,13,6,15,5,31,5,,4,3,,6,19,6,7,8,8,8,6,,21,9,13,,14,13,15,8,13,23,9,4,3,3,2,6,7,10,17,4,10,3,,3,7,3,22,36,7,19,8,5,4,11,6,12,15,,26,12,8,9,5,11,4,6,10,12,16,9,3,7,5,9,5,4,5,5,3,,5,,6,1,4,8,6,7,9,9,9,6,,10,11,7,6,23,7,6,8,10,3,5,6,9,4,2,22,15,4,7,8,3,14,4,,10,14,5,8,6,7,12,13,3,10,10,10,8,9,11,10,5,5,5,4,5,1,12,7,6,2,3,12,3,2,4,5,,13,40,33,12,13,9,3,3,4,10,10,7,10,12,6,14,13,8,9,31,10,7,24,12,9,9,6,6,6,9,9,11,10,5,8,5,20,17,23,19,26,15,8,10,4,4,18,8,8,13,11,15,8,9,15,3,6,11,8,6,15,25,11,20,19,12,9,11,6,14,14,13,34,,10,10,15,25,24,13,9,5,24,2,3,10,7,31,5,9,17,7,9,6,2,12,13,12
20170820,10,NO2,34,43,40,23,40,45,51,30,8,59,47,52,,,36,,42,32,33,,26,32,27,,27,,,35,24,17,25,19,31,6,58,60,58,44,70,67,15,13,14,17,27,53,40,25,27,15,10,14,21,18,12,18,16,25,26,22,30,27,36,35,25,31,23,,15,21,16,20,11,24,19,19,30,,23,76,,,34,20,61,57,34,53,28,48,44,42,26,35,28,21,17,6,24,,,23,20,19,25,,27,8,18,12,16,7,8,,15,9,2,22,25,12,,18,5,4,11,8,12,13,30,6,,28,35,26,23,28,5,27,14,46,47,45,,48,27,45,32,32,39,29,21,31,33,33,35,13,46,42,43,67,46,47,47,24,,52,15,43,31,17,35,30,,,,36,16,,16,21,17,,48,31,32,,17,20,20,8,29,35,12,41,22,,,,26,29,,9,12,8,26,30,,34,7,13,16,13,8,6,10,,21,,16,,17,49,64,6,42,44,45,57,46,29,45,,15,21,21,22,,9,15,21,36,35,48,33,26,20,,,32,,28,33,,24,14,12,9,10,11,,24,20,17,8,19,18,16,,9,31,14,7,13,33,25,21,35,10,34,,36,47,33,39,20,40,35,28,19,20,32,27,28,10,,15,51,,37,42,34,42,40,,14,13,17,17,15,25,7,30,9,18,16,28,15,22,10,24,31,14,,29,46,37,28,30,17,26,30,18,15,6,20,15,19,25,30,19,12,11,43,28,,32,24,16,38,56,48,46,40,36,44,42,27,26,58,24,32,54,49,,15,8,20,8,35,46,42,12,13,12,45,49,24,15,13,15,18,13,11,14,27,30,32,2,22,44,49,46,55,46,20,34,43,28,63,46,60,23,29,28,,33,,13,11,9,4,36,,36,34,24,28,29,43,22,55,,22,42,35,,23,,29,33,46,41,40,,43,3,15,21,3,13,7,16,21,13,13,12,19,6,15,20,14,14,26,,42,11,50,19,26,26,52,35,31,33,16,41,15,30,15,30,19,23,18,3,20,51,2,,8,18,15,,,,16,16,74,42,27,65,61,,34,9,41,11,22,7,14,20,17,22,13,3,7,13,7,21,34,45,14,54,23,27,12,8,14,16,17,11,13,15,10,,11,12,23,20,16,30,13,26,18,44,36,,31,,10,,18,14,21,17,18,,,20,,21,11,11,,,10,27,32,14,15,12,10,12,3,6,10,28,24,7,14,,17,,10,,9,15,20,20,17,14,14,19,5,10,19,4,8,9,8,4,,38,20,41,60,73,18,21,16,22,11,25,9,10,10,13,4,14,10,11,7,5,18,18,14,7,10,8,36,26,25,8,9,9,63,49,,32,28,,7,11,17,13,12,46,44,16,,,14,14,20,32,,37,,38,27,,2,,5,2,,21,36,19,,10,45,31,33,54,36,28,21,19,11,,8,12,15,22,10,2,,38,13,7,13,6,20,11,12,51,21,12,6,20,10,17,29,24,11,10,11,10,9,,5,17,2,9,4,6,26,37,16,33,14,8,6,7,15,9,46,49,34,48,,32,21,24,25,14,42,33,6,22,29,28,4,31,28,,30,34,27,22,16,15,25,24,27,11,5,10,6,28,22,29,29,10,7,15,13,17,21,,11,31,38,24,24,16,18,19,9,19,20,10,38,7,12,3,6,7,11,4,30,42,26,6,5,17,11,10,4,11,14,8,14,12,10,15,14,14,6,9,26,48,31,29,20,46,46,26,38,37,34,22,27,20,18,26,18,21,14,,,38,23,20,22,21,18,28,33,20,33,20,23,16,23,,14,20,14,17,22,5,16,4,8,29,25,37,35,53,40,10,8,27,22,30,27,16,27,,,12,5,21,12,28,52,,14,30,51,35,11,29,3,15,22,38,36,26,10,,13,16,12,3,14,16,12,19,12,4,,5,10,6,17,10,10,17,3,2,9,4,22,16,30,39,49,51,30,47,27,38,43,32,33,,10,21,48,37,56,30,28,11,28,3,,22,23,26,31,,23,,27,,,16,6,14,11,11,17,11,15,,18,11,,29,38,39,31,44,32,37,15,22,22,22,26,31,14,,12,8,2,10,,11,3,42,24,16,46,,32,13,6,5,14,8,12,11,,10,9,7,23,,,12,2,14,10,13,11,5,7,19,20,21,24,3,6,11,16,14,19,1,10,20,9,23,27,12,11,14,23,34,31,21,11,18,6,,,5,8,17,10,8,40,9,5,24,26,15,6,23,8,8,1,14,10,4,7,14,9,18,5,22,24,10,,6,11,10,14,20,,10,10,19,15,8,28,,19,8,2,,13,38,21,23,51,48,17,25,,20,26,20,19,13,23,28,15,14,13,16,15,,18,33,40,18,20,17,13,13,13,6,,25,26,16,30,14,34,30,31,21,19,33,29,2,19,4,12,10,12,46,62,28,30,22,21,18,2,9,32,15,3,4,20,14,25,13,16,60,11,32,32,7,31,23,30,32,26,29,17,25,,21,22,13,18,17,13,14,29,22,2,17,2,16,10,13,27,19,23,26,15,27,,23,30,14,13,,14,12,12,,9,7,8,5,5,20,18,16,13,17,,10,11,9,7,9,4,,41,35,38,33,8,38,22,21,17,18,16,34,18,10,26,16,21,12,,9,14,,7,4,11,18,8,4,10,8,20,18,13,21,12,9,17,11,20,19,14,17,10,21,21,15,15,16,17,17,16,10,10,5,2,6,12,9,6,5,4,10,1,6,12,16,25,7,31,32,36,28,17,16,21,25,,29,12,11,14,28,23,23,21,11,15,14,21,10,19,27,7,31,31,10,10,10,16,29,40,48,34,12,24,23,15,16,21,23,25,23,35,19,9,29,22,40,39,15,27,26,,18,,22,23,20,40,17,20,85,16,,18,24,,8,32,23,18,18,7,9,10,,18,8,11,,8,23,10,12,13,28,12,6,9,11,6,20,26,12,10,7,6,7,,4,22,20,8,13,25,18,17,14,11,14,12,5,7,,8,10,7,12,22,16,11,16,12,11,4,9,19,6,9,25,6,12,7,6,22,,12,,6,11,7,19,15,17,19,17,27,17,,13,14,21,19,15,4,4,17,16,28,19,7,15,9,15,14,21,6,18,8,14,19,25,,6,4,6,42,12,28,9,16,5,15,3,2,10,12,14,12,10,12,12,28,42,6,17,3,25,26,7,25,50,34,1,8,,17,4,7,62,45,42,20,4,12,22,17,28,17,46,9,37,28,37,31,26,13,2,52,16,41,13,14,26,32,18,7,10,12,19,30,1,22,14,26,15,14,10,19,21,4,20,26,28,33,28,26,51,20,19,17,8,17,18,25,14,27,26,14,22,3,12,28,26,18,26,47,27,42,,51,13,36,32,26,40,25,14,18,10,4,12,21,44,21,22,26,9,8,10,8,8,5,19
20170820,10,NO2_24h,30,13,37,25,41,31,44,31,12,31,47,52,,,36,,36,31,40,,36,27,25,,19,,,60,42,35,46,22,45,7,55,59,45,44,61,58,18,32,24,24,32,46,37,31,27,23,18,26,28,28,19,16,15,18,19,20,28,18,27,23,12,49,47,,40,32,25,31,21,29,25,17,30,,23,43,,,33,27,38,43,23,35,30,50,48,63,42,48,56,34,16,29,38,,,39,37,37,43,,41,8,18,12,10,6,6,,14,13,2,39,38,25,,33,5,7,27,15,30,40,44,23,,52,61,54,56,61,27,30,43,25,31,34,,33,20,25,33,24,33,32,18,28,26,25,29,16,33,34,18,35,28,27,16,22,,31,21,30,27,17,26,23,,,,32,21,,23,26,27,,29,18,22,,14,24,20,11,28,29,18,31,16,,,,16,26,,13,15,15,16,18,,22,18,22,22,18,23,11,10,,21,,17,,18,36,33,6,30,28,30,41,29,21,28,,18,22,22,24,,8,25,25,34,24,33,24,21,13,,,19,,19,20,,18,11,13,9,8,9,,15,17,24,19,30,17,16,,28,43,35,23,44,67,32,37,38,30,25,,30,33,24,34,11,29,23,35,23,30,41,35,35,7,,27,46,,33,37,38,38,40,,11,25,17,23,25,31,11,25,13,24,21,33,28,24,17,27,36,20,,33,28,38,27,38,36,27,27,17,26,11,30,30,26,32,34,39,23,21,50,40,,48,56,31,70,64,38,60,28,39,46,37,40,26,44,46,16,31,31,35,17,18,19,14,30,44,32,25,21,13,43,40,24,13,11,11,17,20,15,15,40,46,48,15,32,27,38,35,33,35,40,31,24,24,42,31,38,27,36,33,,33,9,8,14,12,7,14,,33,36,41,25,24,48,26,58,,34,43,35,36,40,,24,29,51,36,40,,35,9,16,21,5,15,11,18,22,17,15,19,22,12,22,24,23,29,16,,20,12,24,14,30,24,50,38,35,41,23,45,17,28,18,38,21,21,18,4,25,26,5,,8,14,14,,,,22,21,56,36,29,51,43,,26,19,34,18,22,13,18,26,19,23,17,3,7,29,9,30,26,28,25,38,25,30,18,15,19,16,30,32,22,23,11,,14,21,26,32,19,15,22,28,27,36,30,,21,,18,,22,22,32,18,27,,,18,,17,24,20,,,12,26,26,29,24,17,28,15,3,9,16,26,22,10,15,,20,,20,,24,21,23,27,24,19,24,25,10,10,6,9,11,21,16,22,,26,21,32,21,47,21,23,19,23,14,21,14,9,13,10,14,7,12,15,11,13,18,22,21,10,11,11,35,23,33,9,11,13,47,34,,24,23,,16,17,18,19,10,27,29,16,,,16,13,22,29,,20,,14,20,14,6,,19,12,,10,30,12,,6,60,33,30,41,38,15,24,17,19,,16,18,30,42,26,8,,28,19,10,18,9,26,10,24,24,22,17,11,29,28,31,36,32,21,17,17,14,18,,6,20,16,20,7,11,21,25,12,22,12,13,13,10,29,13,33,29,33,27,,21,12,17,14,8,25,17,5,13,20,26,4,28,21,,27,24,20,21,22,24,32,28,42,17,9,17,12,26,32,37,16,13,8,18,15,13,25,,13,19,27,26,25,18,21,20,15,13,18,12,22,7,17,9,5,11,16,5,16,26,14,4,5,24,18,18,9,11,12,14,21,18,18,26,26,27,8,11,10,24,13,14,11,26,21,19,16,17,40,21,28,20,13,20,20,20,20,,,28,17,16,13,14,14,19,25,21,31,14,30,16,23,,16,24,21,24,23,11,23,4,9,24,20,27,33,40,38,15,18,22,26,25,29,25,27,,,11,6,11,10,10,34,,9,22,20,18,10,19,3,16,12,26,24,21,14,,18,22,15,5,16,18,19,28,17,9,4,10,13,14,21,13,13,17,8,6,6,3,14,12,19,22,25,31,19,28,18,25,30,26,25,,12,26,31,20,35,16,23,9,17,3,,12,12,18,13,,19,,20,,,13,6,20,13,9,16,11,15,,16,12,,25,28,34,20,31,20,24,17,21,22,18,24,29,12,,21,14,3,14,,15,5,30,26,16,41,,33,14,9,10,15,16,12,18,,12,9,10,23,,,19,13,15,8,11,9,4,17,27,16,28,28,9,19,23,15,14,15,17,25,14,7,21,19,27,21,24,26,24,18,10,10,16,12,,,26,12,14,8,13,32,8,8,17,27,22,7,26,12,16,2,10,5,2,19,25,22,37,6,22,23,12,12,9,15,11,20,19,,31,26,18,32,25,28,,15,9,9,,11,20,20,20,50,55,31,41,,27,24,21,20,20,30,22,15,18,18,17,14,,22,34,38,24,19,26,20,16,13,6,,33,25,18,31,15,28,20,23,20,16,26,28,20,12,5,17,17,12,23,30,28,28,16,15,17,4,15,7,19,10,3,23,18,23,16,9,32,13,23,35,6,17,17,21,18,22,24,13,20,28,18,16,16,19,13,11,14,16,24,9,9,2,13,14,14,34,19,19,31,22,29,,32,37,27,13,,15,11,14,,11,9,9,6,4,15,16,13,13,13,24,12,15,17,10,10,9,,23,28,28,26,6,21,14,17,17,10,13,20,22,15,25,16,16,13,,10,14,,16,3,10,15,8,4,8,12,21,7,14,22,18,16,20,13,7,21,20,18,13,15,22,15,19,21,21,26,25,22,27,6,6,8,13,9,5,8,6,10,3,6,12,18,29,10,5,21,22,30,23,25,29,22,12,15,18,16,22,22,23,28,23,12,14,17,18,13,13,17,13,25,24,14,13,12,12,23,41,31,34,15,21,17,22,17,16,19,20,19,22,18,10,19,28,32,34,12,17,21,,18,,25,29,19,32,14,26,48,14,,12,18,,11,39,20,19,18,5,8,8,,19,6,12,,11,17,14,15,13,28,12,4,6,5,4,14,16,16,13,13,16,8,,6,9,5,10,20,19,13,14,10,7,10,12,8,10,,11,9,7,12,12,13,12,16,10,7,9,15,16,8,12,33,5,6,5,5,12,,10,,4,10,15,17,19,18,22,20,23,18,,15,13,19,18,9,5,3,18,11,16,12,11,11,15,16,28,28,8,16,8,8,12,18,,8,8,6,25,13,30,12,12,5,11,3,4,9,10,10,11,13,10,12,45,41,13,25,5,37,38,6,19,15,17,1,22,,28,16,22,39,25,30,13,4,5,30,31,29,21,35,11,47,46,24,27,27,16,5,51,21,22,16,20,18,16,20,13,27,17,16,29,3,19,17,28,11,18,18,15,18,3,20,28,39,34,21,20,28,20,17,20,17,8,22,15,29,20,22,12,30,10,24,25,18,21,31,28,21,26,,45,14,33,28,26,30,18,11,20,20,8,10,21,44,16,23,34,9,9,19,14,14,11,23
20170820,10,O3,58,10,49,77,54,41,25,64,72,10,45,38,,,75,,79,78,75,,82,75,89,,78,,,104,105,104,94,85,76,104,71,67,85,78,58,65,100,84,98,91,65,94,73,93,86,125,102,99,124,114,108,132,148,138,116,147,33,42,34,41,36,85,91,,98,98,94,101,73,94,94,,116,,93,40,,,80,117,50,56,77,62,80,58,68,69,83,77,76,67,108,93,73,,,96,81,80,84,,104,85,109,92,87,98,128,,89,88,71,81,73,78,,82,85,77,96,74,54,87,80,87,,69,72,72,82,64,88,84,78,56,55,54,,54,50,50,68,62,62,48,63,64,49,39,39,67,39,59,61,32,37,44,36,57,,43,53,54,57,53,54,50,,,,71,69,,84,71,81,,32,43,47,,48,67,60,65,52,57,66,42,49,,,,46,53,,59,81,71,43,40,,42,62,62,53,50,60,37,44,,32,,64,,69,50,30,45,46,36,41,37,46,49,54,,88,92,106,99,,91,103,74,70,76,56,74,83,85,,,22,,55,52,,104,128,109,55,60,53,,67,74,40,55,45,54,46,,57,44,60,70,58,75,74,62,68,57,48,,69,52,90,54,68,54,56,61,74,54,74,62,60,48,,82,61,,91,46,69,73,94,,88,104,94,104,118,106,100,65,81,112,116,95,111,97,114,108,98,104,,56,34,55,33,61,51,69,41,73,67,82,63,73,73,60,67,87,71,71,39,,,49,46,52,67,33,55,42,44,18,33,21,19,35,48,31,19,38,15,,34,44,41,33,35,36,37,58,48,55,33,36,65,71,50,43,41,40,42,38,61,59,55,54,62,59,55,55,54,63,71,47,48,61,13,25,13,33,25,37,,26,,28,34,23,28,57,,63,69,119,66,72,45,84,43,,81,44,75,48,61,,27,20,42,17,33,,26,80,32,30,34,32,33,31,24,26,27,27,23,22,31,17,24,27,41,,37,57,15,48,81,63,68,55,67,47,78,51,97,57,67,56,73,76,62,126,57,51,41,,33,59,58,,,,90,77,13,23,33,21,41,,16,77,42,75,70,85,72,76,72,80,90,40,83,79,77,95,72,41,105,64,70,112,111,98,106,102,95,119,115,90,45,,33,44,130,115,100,85,108,107,96,55,54,,64,,104,,77,93,90,66,102,,,73,,73,88,86,,,108,101,110,124,116,59,88,80,87,73,95,79,82,111,85,,87,,99,,91,86,82,85,103,102,102,65,71,62,93,99,98,79,93,78,,163,135,147,132,124,74,70,56,58,70,83,40,43,37,42,37,30,44,50,51,42,85,70,70,49,50,45,81,96,92,43,40,38,63,90,,94,91,,76,68,85,79,64,38,30,21,,,83,77,75,71,,62,,75,81,134,143,,153,148,,76,65,81,,68,72,114,79,73,92,108,53,53,67,,95,83,99,86,93,91,,94,85,59,77,60,99,59,74,33,55,65,49,81,95,86,79,86,68,58,67,57,61,,52,78,98,86,90,86,52,41,56,50,58,90,87,98,92,72,32,38,50,44,,47,54,52,71,23,38,19,23,23,44,23,83,75,65,,65,66,83,75,107,110,107,102,97,104,107,101,95,90,84,97,99,124,113,124,130,111,86,,110,30,15,48,41,49,31,35,38,60,52,73,61,70,64,52,77,63,57,66,39,36,42,44,50,67,63,61,23,34,24,28,71,68,71,58,60,63,24,24,17,16,22,15,41,35,50,76,46,64,31,15,27,30,97,81,89,113,40,,,80,46,,43,34,111,98,112,112,129,103,39,34,29,,31,21,28,90,96,89,85,91,84,72,48,69,73,48,59,69,84,56,70,57,43,82,66,,,93,94,56,54,65,39,,104,90,64,76,96,69,47,86,69,84,65,83,78,82,100,94,89,84,90,102,77,66,131,73,103,76,107,36,64,76,68,59,99,84,84,96,48,69,38,48,36,52,49,,47,47,51,123,60,,66,68,46,25,23,28,38,45,29,63,,49,56,31,57,,47,,71,,,50,44,63,78,78,84,78,77,,88,94,,92,79,72,61,62,,61,96,113,88,97,116,76,121,,122,124,143,132,,140,117,74,82,94,57,,54,99,81,98,86,101,111,76,,74,67,78,134,,,77,77,120,121,125,118,115,108,95,96,102,104,89,88,81,100,103,78,85,96,60,77,61,63,112,102,100,87,90,37,47,48,42,73,,,91,35,26,28,61,56,65,89,51,73,69,71,77,63,67,70,36,42,46,99,95,95,78,90,58,91,85,,72,71,81,63,78,,62,68,40,61,75,42,,78,71,86,,83,35,60,52,55,41,59,29,,57,48,38,46,59,70,37,83,81,57,75,70,,68,42,38,47,65,69,62,79,97,84,,47,48,75,50,95,79,79,60,81,74,56,78,62,75,124,100,74,92,57,65,61,72,64,48,56,89,68,56,80,76,55,63,66,59,66,56,49,82,69,72,50,24,18,28,26,145,155,187,169,,111,129,145,146,59,66,89,53,70,93,67,84,72,76,40,30,43,39,101,125,108,,116,115,134,80,,78,79,107,,108,115,91,96,101,110,125,117,118,117,67,78,71,73,88,97,96,,28,37,40,33,92,69,83,68,67,55,61,53,56,52,38,49,53,44,,59,49,,59,84,98,93,97,66,74,72,42,42,61,62,74,74,66,67,53,58,65,59,74,78,76,75,83,74,106,120,126,131,149,64,77,45,49,68,78,82,69,64,88,45,57,69,55,85,29,28,10,37,48,38,49,25,,23,36,37,24,57,55,44,57,41,42,47,53,45,48,45,57,39,40,70,72,23,17,9,5,33,19,85,97,109,102,77,81,67,101,47,42,65,57,22,61,58,49,85,84,93,,87,,74,68,72,81,24,57,38,67,,48,50,,70,70,62,73,57,13,19,16,,71,48,53,,51,38,49,35,51,49,23,34,33,37,34,27,30,45,45,14,25,36,,44,32,25,65,59,26,33,23,7,5,15,18,34,36,,34,34,40,48,75,22,38,42,32,23,18,15,52,37,34,27,52,48,47,45,31,,88,,26,27,70,55,62,53,74,78,69,80,,60,63,41,44,79,77,66,60,87,49,55,70,50,72,71,60,58,77,71,69,92,73,37,,113,72,73,31,82,56,62,79,52,77,90,71,77,86,79,81,89,79,78,85,67,87,88,93,47,44,72,61,41,39,179,76,,111,83,82,22,18,31,41,58,52,54,61,28,49,73,128,40,81,66,102,96,128,144,48,84,39,83,99,46,26,78,86,78,99,74,42,44,17,25,79,42,90,117,102,52,71,61,69,62,107,85,81,72,73,75,65,64,60,70,39,56,46,58,49,69,85,80,41,50,62,59,55,71,62,,80,84,66,66,81,24,64,77,139,74,97,33,99,58,48,92,133,103,54,106,85,107,89,104
20170820,10,O3_24h,138,147,129,138,140,128,147,142,133,168,130,148,,,120,,125,113,124,,119,135,124,,167,,,121,153,126,102,106,84,134,151,131,170,160,132,155,158,140,144,140,134,115,100,106,120,153,145,131,150,150,143,168,180,175,158,192,106,106,117,115,97,149,170,,168,141,150,152,123,151,143,138,152,,132,184,,,134,162,182,150,189,167,209,183,195,184,207,204,187,167,137,131,147,,,162,140,118,144,,186,104,121,108,130,135,158,,117,117,122,88,79,78,,84,85,77,96,74,54,143,126,95,,105,109,96,116,119,88,107,102,252,216,267,,235,237,224,234,234,229,125,159,163,155,128,111,147,136,177,161,144,123,145,170,160,,155,210,242,205,222,250,74,,,,116,104,,96,101,101,,169,207,188,,158,202,203,220,190,209,225,131,186,,,,161,131,,129,179,154,180,134,,179,92,111,89,115,89,152,164,,99,,64,,69,166,138,87,205,168,183,149,172,184,169,,150,168,243,208,,147,173,131,209,210,163,230,205,185,,,199,,194,187,,168,183,143,136,104,133,,169,173,145,112,133,167,159,,79,103,104,119,85,131,154,125,130,95,199,,181,217,212,202,272,106,89,126,133,107,132,131,133,143,,144,145,,210,169,183,225,232,,133,123,116,112,121,119,119,101,106,112,118,113,112,106,114,108,98,124,,101,105,120,118,118,102,127,94,114,131,102,135,101,105,101,93,105,86,96,222,206,,187,170,180,277,183,200,185,200,84,118,64,21,69,196,31,53,67,57,196,56,52,61,61,270,282,262,212,226,180,208,196,151,173,136,115,142,136,148,122,269,288,244,250,194,163,161,180,162,132,156,154,141,146,66,132,106,92,83,105,,68,18,50,55,53,36,280,,270,182,177,205,199,158,186,199,,206,167,229,245,186,,126,199,230,180,171,,156,137,70,62,67,72,56,60,60,60,63,87,69,54,82,74,66,69,92,,91,93,73,86,121,105,119,113,105,107,100,135,120,104,83,112,114,134,99,227,88,119,88,,93,129,155,,,,168,188,120,127,122,113,163,,126,97,75,96,95,99,124,130,126,142,146,55,130,105,93,186,194,199,190,193,195,186,182,183,184,164,148,160,155,138,89,,84,95,166,181,142,154,161,158,160,209,194,,229,,108,,77,93,90,77,150,,,199,,184,115,119,,,124,122,128,124,136,81,118,92,114,114,144,137,144,159,156,,119,,118,,102,148,149,151,120,135,119,98,106,89,148,125,124,120,119,99,,250,216,243,278,261,140,144,109,115,140,125,56,45,45,52,59,45,61,77,84,82,152,116,114,49,52,47,125,141,123,60,71,63,215,212,,209,203,,140,125,153,168,91,102,98,58,,,172,172,154,164,,146,,182,151,140,145,,156,157,,202,174,216,,169,120,131,133,138,140,120,103,99,107,,102,102,109,88,105,92,,138,128,112,116,83,135,77,96,84,89,95,83,156,191,147,137,145,78,64,78,71,64,,62,96,111,104,102,103,88,85,96,79,88,95,114,107,92,100,135,160,120,185,,150,143,150,121,101,120,109,101,94,129,110,124,122,115,,137,142,126,113,115,110,110,113,125,114,122,121,101,156,135,152,153,140,125,130,143,111,92,,110,129,111,123,124,142,78,87,98,99,100,110,119,123,102,88,103,94,81,84,73,70,88,67,75,67,68,69,68,76,45,48,95,84,79,81,68,81,32,36,108,94,117,115,108,140,146,150,139,143,96,101,70,71,175,176,178,171,114,,,138,134,124,131,121,174,167,187,185,187,167,92,95,83,,90,83,89,101,124,105,103,98,89,113,95,129,108,97,109,84,92,91,102,90,62,99,90,,,140,139,93,88,105,82,,135,154,151,151,141,113,77,124,120,90,101,117,96,94,155,146,112,120,110,116,111,87,146,118,122,95,155,52,124,129,107,99,131,117,124,131,111,112,160,212,178,253,240,,207,190,248,301,230,,145,133,211,145,171,224,204,103,104,99,,181,196,77,111,,95,,149,,,73,62,96,111,134,126,112,103,,117,109,,199,202,130,121,127,123,140,143,195,183,165,176,161,163,,154,163,151,132,,140,121,169,162,185,175,,130,156,162,160,86,101,111,105,,142,137,163,200,,,116,112,141,150,161,155,140,108,95,96,102,104,111,100,108,114,165,111,121,149,110,112,110,103,127,123,100,91,96,82,81,77,90,80,,,122,63,62,76,71,91,82,131,80,92,97,116,123,72,107,87,77,84,55,99,114,97,82,99,120,140,149,,83,89,89,68,90,,62,68,40,61,75,47,,78,71,86,,83,86,90,87,94,86,101,81,,99,89,61,88,103,111,61,99,130,129,128,104,,97,61,65,70,89,84,90,100,143,134,,100,90,88,82,119,267,270,247,264,245,143,158,154,153,133,138,138,131,151,158,140,132,191,170,170,198,114,117,125,117,78,88,80,85,173,91,86,97,76,72,100,113,105,123,115,171,162,191,169,182,125,129,153,148,100,82,108,86,71,93,94,128,89,97,134,100,142,114,108,129,123,,130,123,144,144,,144,164,128,,130,129,91,98,101,110,125,117,118,117,105,116,109,114,94,97,96,,90,68,68,93,109,112,132,84,144,132,119,122,88,85,69,105,107,99,,99,89,,85,125,102,104,105,87,95,99,78,76,74,74,79,76,75,78,90,84,88,82,86,106,104,105,95,88,144,160,184,172,177,73,81,53,72,77,84,91,78,72,100,61,68,82,71,102,79,63,65,111,121,107,106,76,97,84,118,116,94,109,121,112,114,143,141,107,110,95,102,124,57,67,59,78,73,108,86,110,127,126,135,169,172,207,170,179,183,152,195,157,134,137,121,168,178,186,172,156,144,157,,139,,98,91,110,122,103,140,110,122,,106,98,,150,149,134,149,95,61,76,66,,112,80,75,,74,71,85,70,95,80,67,66,66,66,64,71,75,115,123,34,42,54,,63,56,58,76,73,60,72,62,40,67,65,79,57,61,,46,45,48,59,75,22,57,76,79,76,60,55,78,69,73,67,76,68,82,81,67,,131,,77,75,133,159,135,157,169,175,165,174,,113,121,97,109,116,111,121,97,112,75,84,88,89,87,98,92,92,92,104,90,135,123,105,,134,90,82,133,127,81,79,85,61,85,155,163,170,158,153,158,115,114,107,136,171,117,123,146,128,123,121,115,139,134,180,162,,229,96,88,124,136,123,90,89,90,138,139,112,99,170,154,202,168,128,139,141,170,144,136,129,194,179,180,190,188,78,102,103,123,200,204,64,67,56,91,130,156,131,172,212,114,108,108,164,216,189,129,167,155,174,164,85,174,70,152,58,151,184,158,95,92,80,52,155,119,196,190,191,205,,137,140,139,217,217,129,154,105,197,95,128,47,114,140,165,144,145,164,109,115,117,111,122,155
20170820,10,O3_8h,26,19,27,19,14,37,12,14,32,8,15,18,,,28,,31,38,22,,22,52,53,,50,,,22,46,30,22,36,27,105,23,23,30,26,22,24,73,72,65,66,32,41,40,52,41,74,56,52,77,68,64,68,91,89,90,70,9,8,9,10,9,31,27,,25,36,28,31,29,32,46,50,72,,57,33,,,34,72,35,23,27,36,54,48,33,26,48,30,30,36,34,25,20,,,30,28,26,32,,27,78,96,81,91,102,116,,80,84,99,28,30,30,,28,32,32,33,35,26,29,33,35,,25,25,23,31,18,37,30,23,58,54,46,,48,43,55,48,54,53,42,58,60,50,42,37,66,43,56,61,34,37,44,38,54,,40,29,43,36,32,39,26,,,,23,20,,34,24,26,,24,32,36,,34,31,38,46,29,36,38,26,40,,,,43,42,,46,60,47,36,34,,35,25,24,19,24,15,28,35,,27,,33,,38,40,36,42,38,35,38,35,43,39,42,,66,65,68,63,,66,63,48,24,28,18,29,46,49,,,47,,46,42,,53,57,55,45,47,46,,45,46,14,37,18,24,24,,17,18,25,26,20,31,38,29,37,19,31,,30,37,61,15,62,33,33,21,30,20,31,17,18,25,,28,26,,38,22,26,34,42,,95,93,70,72,87,82,83,45,80,86,88,72,57,84,86,82,73,29,,28,27,27,23,25,32,38,21,22,18,45,16,26,27,25,34,35,25,19,15,11,,13,12,19,19,12,27,11,12,8,22,22,11,25,24,11,12,30,13,5,26,30,27,20,28,22,25,18,18,32,14,12,25,30,22,16,26,25,22,24,20,18,17,14,23,28,30,24,14,16,19,19,26,19,9,11,8,12,8,10,,7,,18,20,10,15,64,,51,35,33,46,45,13,52,20,,40,21,44,26,20,,22,19,17,12,20,,26,92,22,25,31,22,23,24,20,18,17,14,14,17,15,6,11,10,49,,50,56,46,52,69,51,51,48,55,37,67,40,73,55,63,40,58,74,58,114,55,66,43,,49,53,56,,,,75,74,16,7,7,8,18,,15,37,16,42,32,47,29,24,30,32,37,44,27,26,51,87,81,72,95,86,74,95,95,92,99,76,48,40,68,50,28,,12,18,39,30,32,56,42,58,38,13,11,,36,,54,,55,58,51,44,39,,,50,,52,64,66,,,41,49,44,59,60,27,38,62,40,44,83,84,83,107,82,,40,,42,,36,38,46,39,49,48,32,46,59,51,89,90,87,60,72,54,,114,77,95,91,74,26,19,24,18,35,29,21,22,20,29,18,24,21,20,24,13,24,22,30,35,35,30,20,31,29,20,14,10,42,61,,34,23,,30,25,31,27,28,13,10,6,,,79,73,70,31,,70,,88,75,77,105,,104,118,,50,52,69,,47,15,45,31,18,33,106,14,21,34,,66,52,65,38,44,66,,21,23,30,20,24,27,22,26,12,22,31,10,30,59,30,30,34,25,22,24,24,24,,31,55,67,44,59,58,18,16,20,17,30,48,55,53,37,42,46,56,56,58,,56,62,62,85,20,36,28,27,14,40,25,89,46,55,,47,47,56,46,59,62,73,71,62,82,85,77,70,45,28,28,46,108,97,105,87,103,83,,96,29,23,42,31,49,34,39,40,34,28,35,47,39,22,30,39,30,26,46,14,19,28,34,13,19,15,14,14,32,19,21,21,30,39,18,23,17,15,14,46,46,40,28,50,59,73,77,62,78,10,19,12,13,52,59,49,92,54,,,79,41,25,38,22,81,60,74,88,96,77,17,18,8,,10,19,24,74,82,77,68,92,74,61,49,17,24,12,12,68,63,63,69,67,46,75,66,,,85,82,46,46,56,62,,90,96,75,77,101,76,48,86,87,83,67,78,53,44,51,52,87,90,51,74,50,43,66,47,88,69,94,30,47,66,41,36,93,79,76,91,61,78,38,57,48,44,35,,43,43,40,109,36,,59,63,39,25,22,36,37,40,34,56,,48,52,30,60,,29,,39,,,46,35,22,52,58,64,57,78,,92,86,,26,58,43,44,44,35,56,68,71,41,73,95,46,100,,90,94,133,93,,115,62,51,49,57,13,,15,92,71,93,58,39,78,63,,63,64,72,95,,,23,21,104,109,121,114,106,32,33,54,37,31,65,36,34,39,38,25,26,36,19,43,23,20,53,52,33,24,37,10,14,15,13,41,,,46,18,20,16,22,18,24,32,22,29,26,32,44,32,48,40,9,9,9,32,32,34,28,58,18,34,27,,42,44,61,38,50,,27,50,23,18,34,16,,30,28,31,,48,25,26,25,40,29,55,26,,48,41,29,37,49,30,25,46,73,54,76,42,,40,16,30,23,61,65,47,44,71,70,,29,35,71,44,97,38,38,19,25,40,23,27,21,30,107,51,52,49,12,15,12,16,32,26,24,35,27,28,33,42,31,15,21,14,30,24,18,52,45,45,30,20,9,14,16,64,76,142,121,73,54,60,75,87,20,21,42,19,33,40,47,52,48,38,24,16,18,15,68,82,80,,56,76,72,74,,73,74,84,,85,85,70,74,76,95,105,105,91,99,62,74,70,65,89,90,88,,14,12,18,14,87,79,75,57,63,57,57,58,31,25,16,45,49,40,,36,35,,35,71,65,55,64,44,53,39,16,14,31,22,34,32,28,40,17,26,20,26,42,28,33,39,40,31,70,71,84,90,125,32,46,23,31,36,77,70,64,59,68,22,31,28,33,39,7,5,1,6,14,11,13,16,11,19,16,15,11,33,43,17,30,15,31,28,16,14,27,28,16,14,11,36,35,10,7,18,6,29,16,47,70,77,62,70,77,65,84,18,23,50,28,16,24,32,26,64,54,58,,54,,51,36,47,53,34,56,39,83,,31,25,,60,56,55,64,53,11,14,10,,69,31,30,,30,18,50,28,45,46,21,36,37,37,36,8,13,13,13,4,6,34,,36,13,11,59,40,8,26,22,4,2,6,5,28,28,,20,26,20,28,14,7,42,33,31,27,6,5,50,36,34,28,64,57,53,49,32,,84,,34,32,32,20,21,17,54,70,65,68,,30,28,37,32,88,82,52,62,80,44,40,50,43,67,64,49,55,80,89,81,98,82,35,,112,75,71,48,82,54,53,79,46,78,88,73,76,84,84,85,81,77,80,41,30,69,68,64,27,28,84,70,75,67,178,42,,43,65,60,8,18,11,34,51,46,30,38,10,28,39,93,13,19,29,66,50,107,114,15,25,27,62,61,37,45,26,54,25,51,51,34,38,6,10,68,40,26,31,71,55,68,26,57,18,49,47,41,78,68,69,64,41,44,39,32,16,35,39,40,22,26,40,15,44,53,39,38,39,54,,22,74,55,21,25,36,57,80,97,21,79,26,94,34,18,26,89,86,30,64,61,54,72,55
20170820,10,O3_8h_24h,32,43,43,19,24,37,12,14,46,63,25,18,,,32,,54,52,27,,29,106,77,,66,,,22,53,30,22,60,37,106,23,23,30,26,22,24,101,72,65,68,47,63,57,68,79,74,73,52,77,68,90,87,124,127,101,70,9,8,11,10,9,32,27,,25,71,55,61,46,38,61,99,98,,98,88,,,74,95,77,48,58,63,98,93,53,26,48,30,30,62,34,25,22,,,30,47,26,46,,33,78,96,81,91,102,116,,99,99,107,28,30,30,,28,32,32,33,35,26,29,33,35,,25,37,23,31,18,37,60,23,88,85,87,,83,76,79,82,90,81,42,58,60,51,44,37,66,46,56,71,51,50,63,55,68,,64,57,65,61,56,53,40,,,,53,21,,34,40,26,,24,32,36,,55,61,53,65,40,43,59,46,70,,,,64,68,,58,68,60,49,44,,49,25,27,25,30,19,36,46,,32,,33,,38,41,38,49,44,39,45,41,49,53,43,,70,74,76,71,,72,64,60,24,34,18,30,63,75,,,71,,62,49,,68,59,55,54,54,48,,54,59,17,39,18,36,32,,22,27,25,26,20,31,38,50,53,19,40,,31,56,66,30,64,35,38,21,30,20,31,21,18,25,,28,37,,38,56,26,34,45,,107,93,70,81,87,83,83,53,84,94,100,83,77,94,89,94,84,29,,28,38,27,23,35,41,43,42,26,18,46,16,26,36,25,34,35,27,19,27,11,,13,12,19,19,17,36,11,12,8,22,31,13,25,24,11,12,35,13,5,26,37,35,22,32,34,36,19,18,48,24,12,29,37,28,26,30,26,26,24,20,18,17,14,23,28,32,24,41,16,19,35,48,46,14,16,18,12,8,10,,7,,19,20,10,17,111,,56,55,56,61,80,13,70,36,,65,34,74,37,20,,22,44,20,22,20,,30,115,22,25,31,22,23,24,20,18,17,18,14,27,28,14,15,10,55,,56,60,47,55,78,57,51,64,55,38,67,40,87,55,63,44,58,81,64,117,62,77,50,,58,69,79,,,,97,102,16,7,7,8,110,,29,37,22,49,32,49,33,24,30,36,42,47,27,26,51,87,91,80,95,93,82,101,114,104,118,76,48,40,68,50,28,,16,18,39,30,36,73,52,69,53,13,11,,36,,54,,55,58,51,44,39,,,68,,69,64,66,,,41,49,46,59,60,30,42,62,40,44,90,84,93,108,84,,55,,56,,36,38,52,46,71,78,63,98,106,89,94,90,88,75,82,60,,164,105,144,124,105,26,22,26,18,35,29,31,32,33,38,18,29,31,20,27,26,32,22,30,35,35,30,20,37,29,31,22,19,81,82,,34,23,,30,25,31,27,36,16,17,9,,,93,93,90,49,,85,,108,87,90,116,,129,124,,54,54,71,,47,15,45,31,18,33,106,29,52,36,,66,52,65,38,44,66,,21,23,30,20,24,31,22,26,12,22,31,10,36,76,30,40,49,25,22,24,24,24,,31,72,73,44,64,59,18,16,20,17,30,48,55,53,37,42,54,73,60,71,,60,64,66,86,46,68,64,51,32,72,53,105,66,69,,63,74,77,49,59,84,81,81,89,82,85,79,74,102,74,69,74,111,100,109,87,111,85,,97,38,32,42,40,61,35,39,40,48,39,35,85,55,28,35,50,30,26,47,21,19,28,47,15,28,18,14,14,42,27,21,21,33,39,18,23,17,15,16,59,69,80,61,84,96,112,106,105,102,10,55,12,13,52,82,92,123,64,,,90,50,38,41,37,104,87,94,104,130,92,19,28,12,,24,30,38,74,82,77,68,92,74,61,55,17,24,12,12,68,63,64,69,69,46,75,66,,,85,82,51,54,69,73,,103,106,99,111,118,79,55,86,101,83,67,78,53,44,51,52,90,93,51,74,58,44,146,47,88,69,94,30,47,66,43,45,93,79,82,92,85,84,48,75,64,75,63,,62,56,70,135,63,,66,63,61,43,47,75,71,51,50,58,,60,62,35,60,,29,,56,,,56,39,22,52,62,64,57,80,,97,86,,26,58,43,44,62,66,64,100,94,68,100,129,50,108,,104,111,144,99,,132,73,86,94,94,23,,22,98,83,100,58,39,78,66,,88,94,95,136,,,28,21,104,109,121,114,106,32,33,81,39,31,65,52,40,64,38,25,26,46,19,52,23,21,53,52,33,24,37,10,14,15,13,41,,,46,29,34,31,22,18,24,32,22,29,26,32,44,32,48,40,9,9,9,32,32,34,28,58,18,34,27,65,47,44,61,38,50,,27,50,23,18,34,16,,30,30,44,,63,26,34,45,40,29,55,26,,48,45,29,42,56,40,28,46,75,54,82,51,,50,19,30,23,63,67,64,58,71,70,,29,35,71,48,97,38,42,19,25,49,33,27,21,30,112,51,52,49,12,15,12,16,52,51,39,35,27,28,33,42,44,15,21,14,30,24,18,52,45,45,30,28,21,34,20,64,76,142,121,107,54,60,75,87,23,27,42,23,33,40,47,52,48,38,28,19,18,25,69,85,84,,56,88,83,102,,97,94,95,,94,86,72,76,76,95,105,105,91,99,74,88,84,78,91,90,88,,24,12,18,14,90,88,83,60,63,57,57,58,31,25,27,53,65,54,,48,43,,35,89,73,80,72,44,53,39,23,14,35,35,34,32,33,47,17,26,20,26,42,29,44,51,50,46,70,71,84,90,125,32,46,23,33,43,78,70,64,59,68,23,41,31,33,43,7,5,1,6,14,11,13,18,24,25,16,15,35,41,43,37,30,15,32,35,16,14,28,33,16,14,11,36,35,12,8,38,8,31,19,50,95,101,68,86,104,78,104,59,30,63,48,51,38,60,49,107,71,63,,68,,51,36,54,53,50,82,47,105,,40,28,,74,56,55,64,53,16,18,18,,84,34,34,,32,35,62,36,49,52,28,39,39,38,40,8,13,38,26,4,6,39,,36,26,23,62,40,8,27,27,4,3,10,8,43,44,,27,40,20,28,14,10,48,40,44,39,6,5,55,38,34,28,64,57,58,55,56,,99,,48,42,38,28,31,17,55,88,76,76,,56,46,42,32,91,84,69,70,95,51,58,73,75,67,71,49,63,87,94,85,106,94,59,,116,81,71,52,87,59,54,83,46,82,96,81,86,90,89,91,88,78,89,41,43,69,68,64,27,28,84,70,108,89,178,42,,43,65,60,21,43,11,65,61,59,30,38,24,35,39,93,13,45,48,66,74,116,121,27,25,27,72,69,42,70,26,54,25,57,75,39,48,8,10,69,50,45,39,91,74,88,26,57,18,49,74,54,99,94,100,92,41,57,39,39,29,65,62,47,33,26,40,19,76,65,55,69,74,66,,50,94,58,51,25,53,85,81,128,21,87,30,114,34,18,45,89,92,30,64,62,56,74,55
20170820,10,CO,1.6,1.3,1.6,1.2,1.5,1.5,1.5,1.9,1,1.3,1.4,1.4,,,2.5,,2.8,2.2,3.2,,2.5,1.7,1.5,,1.7,,,0.9,0.7,0.7,1.5,1.2,0.6,0.7,3.5,3.4,3.1,3.3,3.9,4.4,0.4,0.4,0.3,0.4,0.5,0.9,0.8,0.8,1,0.8,0.8,0.9,0.8,0.7,1,0.8,0.9,1.1,1.4,0.8,1,1,1.1,2.9,1.1,1.8,1.9,,1.5,0.9,0.5,0.3,0.7,0.5,0.7,0.6,1.4,,1,2.7,,,1,0.7,2.4,1.4,1.4,1.6,0.8,1.3,1,1.2,1.2,1.3,1.4,1.3,1.1,0.8,0.8,,,0.7,0.6,0.8,0.7,,0.8,0.8,0.8,1.1,1.2,0.8,0.9,,0.8,0.8,0.8,0.9,1,1.1,,1,0.8,1.1,0.9,1,0.8,0.5,0.9,0.6,,0.3,0.4,0.6,0.6,1.1,0.5,0.4,0.6,0.6,0.9,0.6,,0.8,0.7,0.9,0.5,0.6,0.6,0.5,0.6,1.4,1.6,1.3,1.3,1,1.5,1.1,0.4,0.8,0.6,0.5,1,0.4,,0.8,0.7,1.3,1.3,0.6,1.3,1.1,,,,0.9,0.7,,0.8,0.8,0.5,,1.3,0.5,0.6,,0.6,0.6,0.8,0.7,0.7,0.8,0.9,1.2,0.7,,,,0.6,0.5,,0.8,0.7,0.6,0.6,1,,0.8,0.6,0.3,0.4,0.4,0.3,0.9,0.7,,0.9,,0.8,,0.6,0.7,0.8,0.6,0.7,0.7,0.9,0.8,0.7,0.6,0.8,,0.8,0.9,0.6,0.9,,0.6,0.5,0.5,0.7,0.5,0.6,0.8,1.1,0.8,,,0.7,,0.8,0.9,,0.3,0.5,0.5,0.6,0.6,0.3,,0.7,0.5,0.4,0.4,0.6,0.7,0.6,,0.5,0.7,0.6,0.9,0.6,0.3,,0.8,0.5,0.8,0.2,,0.8,0.7,0.5,0.6,0.3,0.6,0.7,1.6,1.1,0.7,1.1,1.2,1.3,0.6,,1.5,1.4,,1.5,1.1,1.4,1.1,1.3,,0.4,0.2,0.4,0.3,0.5,0.5,0.4,0.3,0.6,0.9,1,1.2,1.4,1,1.2,1.4,1,1.6,,1.1,2,0.8,1,0.8,1.1,0.6,1.2,1,0.6,0.5,0.6,0.4,0.6,0.6,0.4,0.3,0.6,0.6,0.8,0.6,,0.7,0.6,0.7,0.7,0.8,0.7,0.9,0.9,0.7,0.7,0.7,0.7,0.8,0.8,0.7,0.7,0.7,1,0.5,0.4,0.5,0.5,0.5,0.5,1,0.7,0.4,0.7,0.6,0.9,0.9,1.1,0.7,0.8,0.7,0.3,0.4,0.3,0.5,0.7,1,0.8,0.7,0.7,0.8,0.7,0.8,0.8,0.7,0.8,1,0.8,0.6,1.2,1.1,1.2,0.8,1.1,0.9,,0.9,,0.6,0.6,0.5,0.6,0.7,,0.9,0.8,1,0.6,1.3,0.9,0.9,0.7,,0.8,0.5,0.5,0.8,0.8,,0.9,0.7,0.9,1,0.9,,0.7,0.2,0.4,0.5,0.6,0.5,0.5,0.5,0.5,0.5,0.5,0.6,1,0.5,0.9,0.6,0.7,0.6,0.5,,0.7,0.4,0.9,0.5,1.3,1.6,1.4,1.5,1.3,1.2,1.2,1.6,1.4,1.4,1.5,1.4,1.4,0.5,0.6,0.1,0.6,0.2,0.4,,1,1.1,0.9,,,,0.7,0.6,1,1.2,0.9,1.2,0.9,,1,0.5,1.7,0.5,0.5,0.4,0.4,0.6,0.5,0.5,0.7,0.3,0.5,0.6,1.2,0.5,1.3,1,0.3,0.8,0.9,0.6,1,0.4,0.5,0.6,0.7,1,0.6,0.8,0.7,,0.7,1,1.1,1,1.3,1.1,1,2.9,0.8,0.8,0.7,,0.7,,0.5,,0.7,0.7,0.6,0.9,1.3,,,1,,0.9,0.9,0.7,,,1,2.6,2.2,0.9,1.1,0.5,0.4,0.8,0.4,0.3,0.5,0.3,0.6,0.3,0.4,,0.5,,0.6,,0.3,1.3,1,1.4,1,0.4,0.7,0.4,0.4,0.3,0.5,0.4,0.5,0.4,0.5,0.4,,1,0.9,0.9,2.2,0.9,0.9,0.9,0.8,1,0.6,0.8,0.6,0.4,0.7,0.5,0.4,0.7,0.4,0.6,0.5,0.4,1,0.7,0.6,0.7,0.7,0.5,1.2,1,0.9,0.7,0.6,0.9,1.2,1.3,,1.4,1.2,,0.6,0.8,1,0.6,0.7,0.8,0.8,0.9,,,1,1.1,1.2,1.1,,1.3,,1.2,1.1,1,1,,1,1.1,,1.7,1.8,1.6,,2,1.7,0.7,1.2,1.4,1.6,0.8,1.2,0.7,,,0.4,0.8,1.2,0.9,0.9,0.9,,0.9,0.9,0.5,0.7,,0.7,1,0.9,3,1.1,1.1,0.8,0.7,0.6,0.6,1,1,0.6,0.7,0.5,0.9,0.4,,0.4,0.7,0.7,0.2,0.6,0.3,0.4,0.7,0.3,0.4,0.4,0.6,0.5,0.3,0.7,0.7,1,1,0.7,1.1,,1,0.8,0.7,1.2,0.7,0.9,1.4,0.3,0.2,0.6,0.3,0.4,1.5,2.1,,1.5,1.7,2.5,2.3,0.9,1.6,1.1,1.5,1.5,0.7,0.7,0.4,0.8,2.6,1.6,1.6,1.9,1.1,0.9,1.2,1.4,1.2,,,1,0.9,1.2,0.9,1.3,0.8,0.9,0.8,1,0.7,0.7,0.7,0.5,0.5,0.7,0.6,1.4,1.1,1,0.6,1.3,1.4,1.2,1,0.5,0.7,0.4,0.6,0.5,0.3,0.9,0.7,0.7,0.8,0.6,0.8,1,0.8,0.5,0.4,0.8,0.9,1.1,0.7,1.2,1.6,1.4,1.4,1.3,1.4,1.2,0.3,1,0.9,0.4,0.5,0.5,0.4,0.7,,,0.7,0.8,0.8,0.7,0.9,0.9,0.7,0.7,0.7,0.6,0.8,0.9,0.5,0.4,,0.4,0.9,0.9,1.2,1.2,1.4,1.3,1.6,1.5,1.6,1.6,1.4,1.5,1.5,1.6,0.9,0.8,1.2,1.1,1.1,1.2,1.1,1,,,1,1,0.5,0.3,0.5,1.6,,0.5,0.3,1.6,0.7,0.4,0.9,0.7,0.7,1,1.9,1.2,2,0.6,0.6,0.9,1,0.7,0.2,0.5,0.6,0.2,,0.5,0.2,0.4,,0.5,0.6,0.8,0.3,0.5,0.3,0.6,0.4,0.5,0.6,0.5,0.3,0.7,0.8,1.1,0.7,0.6,1,0.7,0.9,0.8,0.7,0.6,,0.5,0.8,1.4,1.6,1.3,0.8,0.9,0.4,0.7,0.7,,1.2,0.8,0.7,1,,0.8,,0.6,,,0.4,0.3,0.5,0.7,1,0.6,0.7,1.1,,1,1,,1,0.7,2.9,2.8,2.8,1.5,3,1.4,1.1,1.3,1.4,1.7,1.1,1.1,,0.9,0.9,1.2,0.9,,1.2,1,1.3,1.1,1,1.9,,2.2,1.1,0.6,0.5,0.6,0.4,0.4,0.3,,0.6,0.4,0.3,0.6,,,0.3,0.2,0.5,0.6,0.5,0.5,0.3,0.6,0.3,1,0.6,0.4,0.4,0.4,0.5,0.6,0.3,0.3,0.1,0.4,2,1.1,1.4,1.5,1.1,0.7,1.5,1.3,1.1,2.3,1.4,0.8,1.2,1.1,,,0.2,0.8,0.8,0.6,0.4,0.7,0.5,0.3,0.6,0.4,0.6,0.4,0.3,0.5,0.3,0.5,0.9,1,0.1,0.3,0.2,0.4,0.5,0.3,0.4,0.5,0.6,,0.6,0.6,0.4,0.3,0.8,,0.4,0.5,0.4,0.6,0.6,0.3,,0.4,0.3,0.4,,0.4,1.2,1.1,1.1,0.6,0.6,0.4,0.9,,0.5,0.5,1.1,0.3,0.5,0.5,1,0.3,0.4,0.4,0.5,1,,0.4,0.4,0.7,1,0.3,0.4,0.4,0.5,1,0.9,,0.6,0.6,0.5,0.6,0.4,0.8,0.8,0.8,0.7,0.7,1.8,1.4,1,1.7,0.5,0.8,0.9,0.9,1.1,1.3,0.5,0.7,0.7,0.8,0.7,0.6,0.8,1.2,0.8,0.8,0.3,0.9,0.7,0.9,0.5,1.1,2.3,0.5,1.4,0.8,0.8,0.9,0.7,0.7,0.7,1.3,1,1,0.6,,0.8,1.1,1.3,0.7,1,0.9,0.9,1,0.5,0.7,0.9,0.8,0.5,1,1.3,1,0.8,1,1.4,1.1,1.3,,1,0.9,0.8,1,,0.9,1,0.9,,0.8,0.7,0.8,0.8,0.6,1.5,1.1,1.7,1.3,1.3,1.1,0.7,0.8,0.7,0.8,1.1,1.1,,1.4,0.9,1.3,1.2,0.9,1.5,1,0.8,0.8,1.4,1.3,1.2,0.7,0.7,0.9,0.7,0.9,0.9,,0.8,0.6,,1.1,0.9,1.1,1,1.1,1.4,1,1.1,1.1,1.1,0.5,1,0.6,0.6,1.3,0.6,0.5,0.5,0.5,0.5,0.6,1.2,0.4,0.9,0.9,0.9,1.1,1.8,1.6,1.4,1,0.4,0.5,0.4,0.5,0.4,1.3,1.3,1.2,1,1.7,0.9,2.5,1.5,0.8,0.5,1.1,1.1,1.4,1.1,0.8,1.1,1.3,1.5,,2.2,0.9,1,0.6,0.5,0.7,0.5,1,0.8,1.1,1.1,1.2,0.9,1.1,1.4,0.5,0.8,0.7,0.5,0.6,0.7,0.4,0.9,1.1,0.6,1.1,0.8,0.5,0.6,0.6,0.4,0.6,0.5,0.5,0.7,0.8,0.7,0.7,0.3,0.3,0.4,0.5,0.4,0.7,1.1,,0.5,,0.5,0.4,0.8,0.7,0.6,0.7,0.8,0.4,,0.8,0.9,,0.4,0.6,0.6,0.4,0.5,0.5,0.5,0.6,,0.6,0.9,0.8,,0.7,0.8,0.5,0.5,0.3,0.6,0.4,0.4,0.6,0.7,0.5,0.6,1.3,0.7,0.7,0.8,0.6,0.7,,0.5,1.6,1.1,0.2,0.6,0.8,1,0.8,0.6,0.5,1.2,1.1,0.6,0.8,,0.4,0.3,0.7,0.7,1.2,0.4,0.7,0.8,0.7,0.9,1.2,0.8,1,0.4,0.7,1.1,0.4,0.4,0.5,0.3,1.4,,0.2,,0.3,0.2,0.5,1.1,0.8,1.1,1,1.1,1.4,1.2,,0.9,0.7,0.9,0.9,0.4,0.6,0.4,0.5,0.6,0.7,0.4,0.4,0.5,0.2,0.3,0.4,0.6,0.8,1,1,0.2,0.2,0.5,,0.6,0.6,0.1,2,0.7,1,0.6,1.3,0.6,0.7,0.9,0.6,0.7,0.4,0.5,0.6,1.7,0.8,1.1,0.8,0.8,1.2,1.6,0.3,1.2,0.8,0.5,0.4,1.6,1,1.1,0.3,,0.1,0.8,0.3,1.3,1.1,1.1,1.1,0.7,0.7,0.7,0.7,0.6,1,0.6,1,0.6,2,2.2,2.2,1.9,1,1.4,2,0.5,0.9,0.6,0.5,0.8,1,0.5,0.4,0.6,0.4,1,1.1,0.7,1.1,0.7,1.4,0.3,0.9,1,0.4,0.8,0.6,0.5,0.5,1.8,0.9,0.7,2.7,1.4,0.7,0.6,0.8,1.3,0.6,0.4,0.5,0.7,0.8,0.9,0.9,0.9,0.5,0.8,1.2,1.2,0.5,0.7,0.6,0.5,1.9,,3.1,1,1.2,1,1,0.6,0.8,0.6,0.7,0.6,0.5,0.4,1.2,1.9,0.4,2.2,1.2,0.3,0.5,0.2,0.3,0.7,0.3,1.1
20170820,10,CO_24h,1.2,0.9,1.2,1,1.3,1,1,1.3,0.8,1,1,1.1,,,1.3,,1.3,0.9,1.8,,1.4,1,1,,1.2,,,1,0.8,0.6,1.5,0.7,0.6,0.7,2.3,2.2,1.9,2.1,2.7,2.5,0.4,0.4,0.4,0.5,0.5,0.8,0.8,0.8,0.8,0.6,0.7,0.8,0.6,0.5,0.8,0.5,0.5,0.6,0.7,0.5,0.6,0.6,0.6,0.7,0.6,1.4,1.2,,1.2,1,0.5,0.4,0.7,0.4,0.7,0.5,1.2,,1,1,,,0.9,0.7,1.3,1.1,1.2,1,0.8,1.2,0.9,1.1,1,1.2,1.3,1.2,0.8,0.9,0.8,,,0.9,0.8,0.9,0.9,,1.1,0.8,0.7,0.9,1,0.6,0.8,,0.8,0.8,1,1,1,1.1,,1,0.7,1,0.8,0.9,0.8,0.6,1,0.6,,0.4,0.5,0.6,0.7,1.3,0.3,0.3,0.7,0.4,0.8,0.5,,0.8,0.6,0.7,0.6,0.6,0.6,0.8,0.6,1.6,1.1,0.9,1.3,1.1,0.9,0.9,0.3,0.7,0.5,0.3,0.8,0.4,,0.7,0.8,0.7,0.6,0.7,0.6,0.5,,,,1,0.8,,0.6,0.8,0.4,,1,0.3,0.3,,0.4,0.7,0.7,0.7,0.7,0.7,0.9,1.1,0.6,,,,0.5,0.3,,0.7,0.7,0.7,0.4,0.8,,0.6,0.7,0.4,0.4,0.4,0.4,0.8,0.5,,0.8,,0.8,,0.5,0.6,0.8,0.6,0.7,0.7,0.8,0.7,0.6,0.6,0.7,,0.7,0.8,0.6,0.9,,0.5,0.5,0.4,0.6,0.4,0.5,0.7,1.1,0.8,,,0.6,,0.7,0.8,,0.2,0.5,0.5,0.6,0.6,0.3,,0.6,0.5,0.6,0.5,0.7,0.6,0.5,,0.6,0.7,0.8,0.9,0.8,0.5,0.9,0.7,0.5,0.9,0.1,,0.7,0.6,0.5,0.3,0.3,0.4,0.5,1.4,0.7,0.6,1.1,1,0.9,0.6,,1.5,1.1,,1.2,0.9,1.4,1.1,1.1,,0.4,0.3,0.4,0.4,0.6,0.5,0.5,0.2,0.6,1.2,1.2,1.4,1.6,1.3,1.6,1.7,1.2,1.5,,0.9,0.7,1,0.6,0.6,0.8,0.4,0.7,0.8,0.7,0.5,0.7,0.6,0.7,0.6,0.4,0.4,0.6,0.7,0.8,0.7,,0.8,0.7,0.8,0.9,0.8,0.6,1,0.7,0.7,0.7,0.6,0.7,0.8,0.8,0.6,0.6,0.6,0.6,0.6,0.3,0.4,0.4,0.5,0.5,1,0.7,0.6,0.8,0.6,0.7,0.8,0.8,0.5,0.6,0.6,0.2,0.5,0.4,0.4,0.7,0.9,0.7,0.7,0.6,0.7,0.7,0.6,0.7,0.5,0.9,0.9,0.7,0.5,0.9,1,1,0.8,1,1,,1,0.5,0.5,0.7,0.5,0.6,0.6,,0.8,0.7,0.8,0.6,1.2,0.9,0.8,0.7,,0.8,0.6,0.5,0.8,0.9,,0.7,0.6,1.1,0.9,0.8,,0.6,0.3,0.4,0.4,0.6,0.5,0.5,0.4,0.6,0.4,0.5,0.6,0.8,0.7,0.9,0.6,0.8,0.8,0.4,,0.4,0.4,0.7,0.5,1.3,1.5,1.4,1.5,1.2,1.1,1.2,1.6,1.3,1.3,1.4,1.4,1.3,0.6,0.7,0.3,0.6,0.4,0.4,,0.9,0.8,0.7,,,,0.7,0.5,0.9,1,0.8,1.1,0.8,,0.8,0.6,1.6,0.8,0.7,0.6,0.4,0.6,0.5,0.5,0.7,0.3,0.5,0.5,1,0.8,1.2,1.4,0.6,0.8,1,0.7,1.1,0.6,0.7,0.8,1,2.1,1,1.1,0.8,,0.7,1.1,1.4,1.3,1.1,0.8,0.8,1.3,0.6,0.6,0.6,,0.6,,0.5,,0.7,0.8,0.7,0.8,1.1,,,1,,0.9,1,0.8,,,1.2,1.2,1.6,0.9,1.1,0.4,0.4,0.7,0.4,0.4,0.6,0.3,0.6,0.4,0.5,,0.5,,0.7,,0.4,1,0.8,1.2,1.1,0.5,0.9,0.5,0.4,0.3,0.4,0.4,0.5,0.5,0.7,0.6,,0.9,0.9,0.8,1,0.7,0.8,0.7,0.6,0.8,0.6,0.6,0.6,0.4,0.7,0.4,0.5,0.6,0.4,0.5,0.5,0.4,0.8,0.7,0.7,0.7,0.7,0.5,0.9,0.8,0.9,0.6,0.6,0.8,1.1,1.3,,0.9,0.9,,0.7,0.9,0.9,0.7,0.6,0.6,0.6,0.6,,,0.9,1.1,1.2,1.1,,1.1,,1,1.1,1.2,1.1,,1.2,1.2,,1.7,2,1.6,,1.8,1.7,0.8,1.1,1.5,1.5,0.8,1.2,0.6,0.4,,0.8,0.9,1.8,1.4,1,1.1,,0.9,0.8,0.6,0.6,0.5,0.8,0.9,1.1,1.4,1.1,1,0.8,0.8,0.8,0.6,1.2,1.1,0.7,0.7,0.5,0.8,0.5,,0.4,0.7,0.8,0.3,0.6,0.3,0.3,0.6,0.4,0.4,0.4,0.6,0.5,0.4,0.7,0.6,0.8,0.9,0.6,0.9,,1,0.8,1,0.8,0.5,0.6,0.9,0.3,0.3,0.5,0.4,0.5,1.3,1.9,,1.3,1.6,2.4,2.2,1.1,1.8,1.3,1.5,2.7,0.9,1,0.7,1.1,1.9,1.5,1.2,1.2,1.1,0.9,1.2,1.2,1.1,0.9,,1,0.8,1.1,0.9,1.2,0.8,0.8,0.7,0.9,0.4,0.7,0.6,0.4,0.5,0.6,0.6,1.3,1.1,1,0.6,1.1,1.2,1.1,1,0.4,0.7,0.5,0.6,0.5,0.3,0.7,0.7,0.6,0.8,0.5,0.8,1,0.8,0.6,0.4,0.6,0.6,0.6,0.6,1,1.3,1.1,1.3,1.1,1.2,1.6,0.5,1,0.8,0.3,0.4,0.5,0.4,0.7,,,0.6,0.7,0.7,0.6,0.8,0.8,0.6,0.6,0.6,0.5,0.6,0.9,0.5,0.4,,0.3,0.9,0.9,1.3,1.2,1.4,1.4,1.6,1.5,1.7,1.4,1.2,1.3,1.3,1.5,0.9,0.9,1.2,1.1,1.2,1.2,1.2,1.1,,,0.9,0.9,0.3,0.3,0.2,0.9,,0.5,0.5,0.5,0.6,0.3,0.6,0.5,0.7,0.8,1.5,1.2,1.9,0.6,0.9,0.8,1,0.8,0.2,0.5,0.6,0.2,0.7,0.6,0.3,0.5,0.1,0.5,0.6,1,0.4,0.6,0.4,0.5,0.4,0.4,0.6,0.4,0.3,0.6,0.7,0.8,0.6,0.5,0.9,0.7,0.6,0.6,0.6,0.6,,0.6,0.8,0.8,0.7,0.8,0.6,0.7,0.4,0.6,1,,0.6,0.5,0.6,0.9,,0.7,,0.6,,,0.4,0.3,0.5,0.5,0.7,0.4,0.4,1,,1,1,,0.8,0.6,2.3,1.6,2,1.6,1.7,1.4,1.1,1.2,1.3,1.7,0.9,1.1,,1,0.9,1.3,1.1,,1.3,1.3,1.1,1.1,1.1,1.8,,2,1.2,0.6,0.7,0.5,0.5,0.4,0.5,,0.7,0.5,0.4,0.7,,,0.5,0.3,0.6,0.6,0.4,0.6,0.4,0.6,0.6,0.9,0.8,0.3,0.5,0.6,0.5,0.9,0.6,0.6,0.3,0.5,0.9,0.7,0.7,0.5,0.8,0.5,1,1.1,0.9,0.9,0.9,0.8,1.2,1,,,0.2,0.8,0.7,0.6,0.4,0.6,0.3,0.4,0.5,0.5,0.9,0.6,0.9,0.4,0.5,0.4,0.4,0.6,0.2,0.4,0.3,0.5,0.7,0.3,0.5,0.6,0.4,0.7,0.6,0.5,0.5,0.3,0.8,,0.5,0.6,0.5,0.6,0.7,0.3,,0.5,0.4,0.3,,0.4,0.8,0.7,0.8,0.7,0.8,0.5,0.9,,0.7,0.3,0.8,0.5,0.6,0.5,1,0.4,0.3,0.4,0.5,0.8,,0.5,0.2,0.4,0.6,0.2,0.3,0.3,0.5,0.7,0.7,,0.7,0.6,0.4,0.5,0.4,0.7,0.7,0.7,0.6,0.7,1.6,1.1,0.8,1.1,0.6,0.9,1,0.9,0.7,0.8,0.6,0.7,0.7,0.8,0.8,0.7,1.1,0.9,1.1,0.9,0.3,0.9,0.8,0.8,0.5,0.6,0.9,0.6,1.6,0.8,0.8,0.9,0.5,0.4,0.3,1.2,1,0.9,0.6,1.2,0.7,1,0.9,0.6,0.7,0.6,0.8,0.8,0.6,0.7,0.8,0.5,0.4,0.9,1.4,1.1,0.8,1.1,1.9,1.4,1.5,,1.2,1.2,1.2,1.1,,1.1,1.1,0.9,,0.9,0.7,0.7,0.8,0.6,1.3,1,1.6,1.1,1.1,1,0.6,0.8,0.7,0.7,1,1,,0.8,0.7,0.8,0.8,0.7,1.1,0.7,0.5,0.5,0.9,0.9,0.9,1,0.6,0.8,0.6,0.8,0.8,,0.8,0.6,,1.1,0.8,1,0.9,1.1,0.9,0.6,0.8,1,0.8,0.6,0.8,0.8,0.6,1,0.6,0.5,0.5,0.6,0.5,0.5,1,0.4,0.8,0.9,1,1.4,1.8,1.6,1.5,1,0.4,0.4,0.5,0.5,0.4,1.2,1.2,1,0.9,1.4,0.9,2.4,1.5,0.9,0.7,0.8,1,1,1.1,0.8,1.1,0.9,0.8,0.8,0.7,1.1,1,0.7,0.4,0.6,0.6,1,0.6,1,0.8,1.1,0.9,0.9,1.3,0.4,0.8,0.6,0.4,0.5,0.7,0.4,0.9,0.7,0.5,0.9,0.8,0.4,0.6,0.7,0.4,0.6,0.5,0.5,0.7,0.7,0.7,0.7,0.3,0.3,0.4,0.4,0.5,0.7,1,,0.5,,0.4,0.4,0.6,0.6,0.5,0.6,0.7,0.3,,0.6,0.7,,0.4,0.6,0.6,0.4,0.5,0.6,0.5,0.5,,0.5,0.7,0.6,,0.7,0.5,0.4,0.5,0.3,0.5,0.4,0.4,0.5,0.5,0.4,0.5,1,0.6,0.6,0.9,0.8,0.6,,0.5,1.2,0.8,0.2,0.6,0.8,0.9,0.7,0.4,0.3,0.8,1,0.6,0.8,,0.4,0.3,0.7,0.6,0.7,0.2,0.6,0.8,0.6,0.6,1.3,0.8,0.9,0.4,0.7,0.9,0.4,0.4,0.4,0.3,1,,0.2,,0.3,0.2,0.5,1,0.9,1,1.1,1.3,1.4,1.2,,0.8,0.7,0.8,0.8,0.4,0.6,0.2,0.5,0.6,0.5,0.4,0.4,0.4,0.4,0.6,0.7,0.5,0.9,1.1,0.9,0.1,0.3,0.4,,0.7,0.7,0.1,1.3,0.7,1,0.6,1.1,0.5,0.6,0.9,0.8,0.8,0.5,0.6,0.6,1.9,1,1.2,0.9,0.9,1.5,1.6,0.3,1.2,0.8,0.4,0.4,0.9,0.7,1.2,0.5,,0.5,1,0.6,1,1,1.1,0.8,0.7,0.7,0.8,0.8,0.6,1,0.4,1.2,0.7,1.6,1.1,1.1,1.1,1,1.6,1.7,0.5,0.6,0.6,0.4,0.7,0.8,0.5,0.5,0.7,0.4,1,1.1,0.8,1.6,0.8,0.9,0.3,1,1,0.5,0.8,0.6,0.5,0.5,1.2,0.7,0.7,1.2,1.1,0.6,0.5,0.6,1.3,0.4,0.4,0.5,0.8,0.6,0.8,0.8,0.9,0.6,0.9,0.7,0.8,0.5,0.7,0.5,0.5,1.9,,1.5,1.2,1.1,0.9,1,0.6,0.8,0.4,0.7,0.6,0.6,0.4,1.1,1.4,0.3,1.2,1.5,0.4,0.5,0.2,0.3,0.7,0.3,1
20170820,11,AQI,110,117,97,95,95,115,110,89,65,95,113,118,,,89,,75,69,105,,65,60,63,,57,,,80,62,68,97,69,59,79,58,64,79,48,79,63,36,33,35,34,35,72,128,87,83,73,57,75,77,64,64,65,65,61,71,65,60,64,58,61,59,79,57,,69,55,64,73,80,72,66,69,67,,73,100,,,67,55,72,79,65,76,76,94,118,99,85,82,107,83,45,37,43,,,48,44,38,42,,52,32,31,30,39,35,41,,28,28,24,33,52,28,,33,31,26,33,31,33,54,30,42,,32,37,36,34,27,33,45,30,23,35,38,,41,33,47,44,33,38,21,22,27,47,58,39,24,34,33,38,52,53,40,43,37,,44,32,47,44,51,30,60,,,,62,46,,53,40,50,,54,33,38,,28,31,24,41,30,32,24,51,23,,,,26,22,,26,29,23,38,32,,36,24,29,31,39,24,35,33,,57,,89,,52,57,54,26,54,46,45,54,59,45,59,,42,51,46,53,,50,50,58,54,54,63,52,67,57,,,34,,54,39,,62,44,38,37,30,25,,61,48,27,20,26,35,28,,28,36,30,29,30,40,41,36,29,26,69,,67,77,63,69,53,56,80,68,63,78,77,63,71,22,,77,83,,87,108,94,112,110,,34,36,28,36,35,36,33,45,28,46,49,49,51,46,58,57,54,62,,66,81,50,55,60,56,59,61,54,33,37,38,43,30,49,42,33,28,51,58,55,,35,38,33,55,59,54,46,,26,35,33,42,37,55,23,23,32,28,48,30,21,24,16,50,56,44,24,31,30,57,67,44,46,28,30,30,33,22,39,50,53,53,39,49,71,66,61,68,63,45,48,66,50,59,63,69,49,50,39,65,46,23,36,22,17,24,46,,51,31,63,32,52,57,46,49,,35,47,,45,29,,35,46,33,29,57,,32,51,41,35,27,22,26,27,38,27,51,30,29,26,33,30,30,46,18,20,17,20,22,17,95,85,70,80,90,80,82,72,78,88,67,97,92,35,28,39,40,38,19,,10,20,52,,,,55,49,56,44,45,52,67,,55,44,57,31,44,31,51,60,51,46,42,19,41,39,65,50,67,65,38,66,57,47,39,52,54,42,48,55,39,31,33,28,26,33,55,46,51,59,54,51,51,77,79,78,73,,52,,31,35,35,27,69,,,85,,58,54,32,,42,40,69,69,62,44,53,42,54,56,39,31,30,29,37,30,,40,,63,,34,43,49,43,52,46,39,35,32,28,32,32,31,29,31,28,,103,62,80,99,100,49,53,51,50,47,68,42,51,33,18,20,24,28,38,38,28,53,57,54,33,20,33,65,62,65,23,30,23,60,94,,75,63,,30,28,53,35,31,51,46,33,,,66,75,85,83,,51,,52,53,45,46,,48,48,,79,102,98,,87,69,70,65,92,61,64,59,67,47,,29,29,33,30,37,31,,65,51,36,36,21,45,53,29,60,41,28,50,48,30,42,39,34,26,25,26,28,24,,21,60,33,39,33,57,50,45,61,38,37,31,30,33,45,27,38,35,38,32,,33,39,23,57,68,56,40,50,54,62,34,26,78,104,,87,104,84,108,40,63,55,51,58,53,46,49,55,91,105,89,128,77,84,67,59,70,88,,83,62,69,47,62,52,56,55,52,48,40,49,51,49,48,47,44,48,46,30,62,86,27,26,39,41,34,38,25,16,22,18,36,36,30,,42,47,14,11,38,41,42,46,42,55,54,44,59,73,28,36,56,30,52,70,64,51,90,,,63,36,43,43,52,57,61,82,66,60,60,54,39,46,,55,42,31,63,77,72,77,43,52,62,70,82,57,80,56,47,52,60,62,52,68,57,60,78,87,78,79,51,26,59,73,,38,35,81,57,33,25,21,30,,65,67,78,49,33,60,73,31,28,32,36,30,25,36,30,34,25,41,28,41,37,26,43,32,26,28,32,20,25,45,38,53,44,28,27,27,38,43,58,40,,24,27,45,57,44,34,23,18,18,23,,43,38,46,42,,65,,43,,,41,37,57,98,84,84,110,50,,50,49,,68,73,132,,132,107,133,63,64,77,74,78,68,53,,51,49,83,71,,68,74,79,52,49,78,,68,35,31,34,41,45,38,67,,26,33,51,73,,,33,35,39,39,40,51,35,39,48,51,45,39,36,33,77,40,35,28,40,37,54,43,46,66,58,46,41,35,39,38,35,49,36,41,,,32,29,28,27,23,53,63,42,,53,32,38,47,37,22,22,21,22,49,32,33,47,41,31,57,91,44,42,27,35,33,28,25,,48,40,52,25,30,43,,38,73,45,,67,67,94,67,40,42,49,45,40,70,40,73,77,53,35,51,28,32,55,44,57,,51,54,70,84,38,28,24,26,71,69,,32,50,20,,30,70,112,65,84,68,68,62,56,60,46,50,60,54,63,67,52,63,56,50,50,35,52,65,57,31,21,61,58,30,37,55,65,56,58,51,47,58,56,63,65,102,87,103,82,106,100,94,85,99,54,53,54,58,55,60,62,55,60,65,39,47,52,65,63,53,55,,46,68,57,49,,51,52,54,,49,67,57,57,64,45,49,79,73,47,62,72,60,55,80,73,63,,55,56,62,49,26,72,74,77,109,94,84,114,36,53,44,57,62,60,,24,32,,31,42,51,47,50,68,70,69,55,55,35,36,30,34,36,25,45,44,47,54,47,39,54,49,35,33,44,58,64,46,50,24,36,34,51,24,54,31,54,62,62,20,48,39,52,35,49,53,71,79,64,72,73,85,45,68,27,25,39,51,46,57,57,64,65,61,53,63,60,59,31,59,40,36,44,20,46,29,32,33,57,70,55,68,58,54,53,37,50,36,33,42,35,54,32,34,46,47,46,56,,31,,50,41,42,54,59,50,32,57,,28,35,,33,62,53,52,32,8,9,9,,36,20,22,,20,20,50,51,43,55,49,23,26,,24,56,73,58,41,19,19,17,,20,58,53,34,39,99,69,34,52,31,58,48,12,18,,26,49,16,31,70,35,29,24,21,24,33,13,55,22,36,67,17,18,16,32,43,,31,,20,38,33,50,51,54,51,43,47,47,,46,38,26,21,31,29,40,32,41,,23,29,26,35,28,62,62,24,39,25,31,23,57,,38,24,25,48,25,40,38,50,18,41,40,23,22,31,26,26,26,43,24,54,168,31,43,35,42,35,39,55,90,73,70,101,,109,500,410,66,62,63,47,42,26,35,39,48,22,73,48,36,72,75,69,74,46,78,59,33,40,30,50,39,34,59,55,53,38,61,46,16,39,18,99,45,39,39,57,23,27,27,53,136,79,60,69,54,40,29,62,40,53,49,19,28,22,22,33,57,60,33,49,26,56,36,55,34,98,,67,46,117,,66,88,77,27,106,29,32,34,74,76,45,59,55,35,62,42,51,44,49,50
20170820,11,PM2.5,83,88,72,71,71,87,83,66,47,71,85,89,,,66,,55,50,79,,47,43,45,,40,,,56,40,43,72,50,42,49,41,46,58,31,58,45,18,18,22,7,17,51,97,64,61,53,34,55,56,46,46,34,47,29,41,46,16,34,35,25,37,58,40,,50,39,46,53,59,52,34,45,47,,42,75,,,48,39,52,48,47,45,55,70,89,74,50,60,80,61,22,24,26,,,23,29,21,29,,27,20,20,21,25,15,18,,16,19,15,15,10,10,,10,7,9,10,11,13,10,10,11,,10,8,15,12,12,11,15,9,16,19,12,,14,19,20,12,8,20,11,11,2,13,33,,2,18,,,23,16,14,24,20,,22,22,22,12,18,18,36,,,,37,32,,23,28,35,,17,18,16,,19,16,11,5,21,19,9,32,13,,,,18,10,,9,10,13,12,9,,25,10,12,12,16,15,22,10,,22,,37,,28,37,26,18,36,29,31,36,34,22,39,,29,35,32,36,,35,35,32,38,34,36,34,48,39,,,13,,25,27,,42,25,26,19,20,17,,25,26,16,11,18,17,19,,8,19,18,12,18,28,25,15,13,8,34,,46,56,38,49,37,31,59,34,27,20,48,33,43,15,,32,56,,64,81,66,84,83,,7,2,8,,7,10,12,10,12,30,26,29,26,32,27,29,32,37,,36,32,22,31,29,25,26,25,25,16,19,26,23,20,23,19,18,18,32,31,31,,14,25,23,23,42,37,26,,16,22,15,18,18,23,16,15,17,16,33,21,9,16,9,13,17,18,5,11,21,34,34,27,18,16,13,21,15,15,4,35,29,37,27,34,40,35,26,33,42,31,31,37,27,29,45,35,24,27,16,30,28,10,8,14,9,10,31,,23,19,43,12,9,14,28,21,,20,7,,18,14,,20,32,23,14,21,,20,27,6,20,11,15,10,14,25,18,8,19,11,17,16,21,16,25,12,14,8,4,15,3,71,63,51,59,67,59,60,52,57,65,47,72,68,16,19,5,28,26,6,,6,14,35,,,,39,15,21,24,24,28,9,,37,18,34,18,23,20,31,37,25,26,29,10,18,21,21,26,19,42,26,37,30,24,26,13,37,17,23,39,17,16,16,13,18,14,39,32,32,34,38,26,31,50,51,57,53,,36,,12,16,14,14,50,,,63,,41,38,20,,27,19,39,50,35,29,24,17,31,22,27,12,11,9,8,19,,27,,21,,10,30,34,30,36,32,27,20,22,19,3,2,5,9,5,19,,45,44,57,51,50,34,23,16,35,30,41,15,14,15,10,13,16,,13,26,19,30,32,30,23,14,23,42,35,38,16,16,13,43,70,,42,44,,20,15,24,20,16,23,24,10,,,46,55,63,38,,28,,35,37,31,30,,25,29,,58,76,73,,64,47,51,47,68,33,44,27,30,27,,17,10,,16,18,15,,44,14,25,21,13,23,14,18,38,16,6,24,10,12,21,27,22,10,8,7,8,11,,4,16,18,15,15,19,17,18,18,17,5,2,21,7,31,7,26,24,26,22,,22,25,10,27,25,21,23,16,28,25,19,13,57,78,,64,78,62,81,27,45,39,34,40,26,26,28,29,57,79,66,97,56,62,48,42,51,65,,61,35,39,17,30,24,25,25,29,33,28,34,33,34,33,23,21,30,32,9,28,44,10,18,19,18,21,20,11,3,9,8,25,17,21,22,26,20,5,2,26,28,29,32,24,31,38,30,42,36,11,23,12,14,18,37,46,30,67,,,45,16,30,30,36,40,39,47,39,40,37,26,25,21,,19,29,18,44,56,52,56,29,36,38,51,60,32,59,39,31,31,41,36,25,49,40,38,45,64,57,58,17,18,3,29,,18,17,56,33,5,8,12,13,,17,24,16,23,23,43,53,3,11,15,7,16,7,25,16,16,15,18,19,10,6,10,15,5,4,8,10,5,1,19,24,22,28,19,,16,21,30,37,23,,6,8,31,40,28,11,13,9,12,8,,24,23,25,29,,47,,25,,,22,20,20,73,41,62,83,35,,32,34,,39,39,100,,100,80,101,45,46,47,45,57,49,37,,33,30,61,45,,49,54,58,30,34,57,,49,15,10,12,9,31,11,20,,12,7,5,53,,,12,5,21,25,21,21,13,16,26,25,24,17,19,23,22,21,11,19,15,17,38,30,32,39,35,32,23,24,19,19,24,24,15,11,,,6,12,14,11,16,29,27,20,,12,9,4,23,10,2,8,11,7,11,9,10,15,11,16,14,6,19,21,11,6,13,11,14,,33,28,36,7,13,16,,18,53,19,,48,48,70,48,28,29,21,31,15,51,28,53,56,26,24,11,6,7,15,30,1,,34,32,51,62,9,3,8,16,29,50,,14,33,7,,8,51,84,42,62,49,49,44,37,37,32,33,43,38,33,39,31,30,30,35,24,24,36,47,24,16,5,27,15,21,17,39,38,29,26,26,25,39,39,36,38,76,64,45,49,4,75,70,63,74,38,35,30,41,38,43,44,39,41,47,25,24,32,40,45,37,39,,27,49,40,34,,34,32,33,,32,48,39,40,46,22,34,58,53,24,44,43,43,37,59,53,45,,39,30,10,27,12,52,54,56,82,70,54,86,25,36,16,38,36,38,,7,11,,15,21,30,22,35,49,51,50,39,39,13,17,17,23,17,15,29,29,29,31,20,19,26,34,14,18,18,38,18,18,17,12,17,5,19,1,23,19,35,16,28,14,33,27,25,24,13,19,27,58,46,52,53,27,28,26,6,17,23,26,21,27,26,36,37,33,33,36,43,41,17,18,15,21,24,13,32,5,7,10,11,47,39,34,41,8,33,23,18,25,23,29,24,23,8,17,20,20,25,28,,14,,21,25,28,35,31,35,22,40,,17,20,,10,17,13,27,19,2,2,2,,14,8,9,,9,8,35,18,12,10,34,13,14,,13,8,13,21,23,12,8,10,,3,28,19,20,7,14,10,7,36,13,25,9,7,8,,8,15,1,11,32,6,9,10,11,11,12,8,4,6,25,21,4,5,6,7,30,,4,,,5,23,25,25,27,33,26,26,24,,20,20,16,10,11,8,17,18,26,,10,3,5,16,12,16,17,14,21,17,10,9,28,,7,6,17,33,6,28,26,35,11,23,8,7,14,6,7,8,2,5,13,18,27,9,21,,21,18,7,20,50,31,22,22,,76,72,97,42,31,33,17,17,18,9,24,21,11,40,32,25,52,55,50,54,23,57,39,8,15,3,35,25,14,42,39,37,24,42,32,11,15,12,17,23,20,19,20,16,17,13,37,48,38,43,50,38,12,20,44,13,19,28,8,19,15,15,20,38,43,23,34,14,31,10,17,15,73,,48,32,88,,43,65,56,11,61,17,9,10,54,38,31,42,32,11,44,29,7,29,20,35
20170820,11,PM2.5_24h,52,42,56,45,57,54,44,52,35,45,55,54,,,48,,48,46,46,,47,47,39,,45,,,62,63,54,75,50,59,38,41,38,53,42,51,45,17,19,28,16,24,67,81,77,62,47,43,66,60,54,47,34,36,19,30,35,12,14,24,17,24,40,34,,38,34,37,46,47,44,50,52,47,,46,43,,,42,36,38,36,37,36,57,54,60,72,55,58,73,62,18,27,33,,,30,34,28,30,,34,19,17,18,18,16,17,,19,19,18,17,14,11,,11,7,7,11,10,12,21,21,12,,23,20,22,24,22,16,19,20,25,25,25,,19,27,26,22,20,24,10,9,9,9,15,5,9,12,6,16,18,17,16,9,19,,16,20,18,16,23,18,16,,,,31,18,,12,19,23,,22,24,17,,11,26,15,13,23,20,19,23,17,,,,14,14,,18,14,19,16,18,,19,14,14,14,14,18,21,22,,8,,22,,16,27,24,18,29,23,26,28,26,23,28,,26,34,35,28,,34,29,27,35,30,31,38,37,31,,,14,,28,27,,31,31,33,19,21,19,,25,20,35,35,42,20,20,,13,17,12,14,18,23,21,17,13,15,31,,33,33,33,38,33,16,29,35,24,18,43,33,35,24,,32,40,,37,50,56,64,56,,11,10,11,8,12,9,12,10,12,51,54,60,53,58,103,50,51,49,,22,20,20,29,28,20,21,21,19,30,21,34,28,22,23,21,19,23,30,26,23,,26,23,24,51,22,46,24,27,16,16,13,14,13,28,14,13,13,13,28,10,13,7,13,31,31,27,13,19,23,39,35,17,13,12,5,12,15,18,21,28,28,38,29,22,24,27,22,21,23,36,31,32,28,27,30,25,22,26,26,32,28,6,8,13,8,11,20,,24,17,25,14,10,19,21,21,,18,12,,19,16,,18,30,27,15,22,,20,26,6,18,7,14,9,12,19,16,8,15,11,17,12,20,20,21,8,6,6,5,9,3,50,42,37,44,49,49,41,58,37,37,36,55,44,23,23,12,26,17,12,,20,25,26,,,,27,17,17,23,26,25,15,,16,20,32,25,24,21,34,32,25,22,24,14,18,20,22,45,41,61,53,51,53,44,49,40,53,50,35,62,23,27,17,18,18,19,40,37,30,33,28,26,27,32,29,29,27,,16,,11,13,13,11,38,,,51,,43,23,24,,26,22,28,36,29,23,21,15,19,10,32,15,16,16,14,19,,25,,26,,21,24,32,24,16,17,20,14,11,13,10,10,13,17,16,27,,57,57,56,49,55,26,28,17,28,18,30,10,10,11,11,12,11,5,11,16,19,29,34,35,12,10,16,33,28,31,11,12,12,47,57,,36,31,,22,27,26,24,17,22,24,7,,,38,41,50,36,,30,,35,33,40,41,,38,41,,53,62,56,,56,49,54,49,56,45,31,22,25,24,,18,13,16,20,19,15,,30,20,14,17,11,23,14,18,28,14,20,16,33,36,30,30,30,13,10,8,10,10,,8,22,16,19,12,23,17,19,20,19,10,10,22,16,18,12,16,16,15,17,,15,18,15,19,25,23,26,18,29,27,34,15,58,90,,65,76,63,74,45,58,50,47,60,47,49,50,56,74,69,69,69,46,60,49,63,55,59,,51,21,25,19,19,16,20,19,22,28,26,35,25,22,27,27,25,29,31,9,17,20,12,15,16,24,25,19,17,8,6,15,25,25,25,26,32,23,8,7,25,26,25,29,23,30,35,26,38,32,22,18,16,17,36,34,40,27,54,,,47,16,17,23,31,27,32,35,37,35,30,18,20,16,,22,23,20,34,39,35,39,29,38,34,38,33,24,43,54,49,56,55,66,54,65,56,56,29,64,39,36,7,11,6,20,,16,15,28,22,6,8,16,12,16,28,36,21,22,23,34,37,13,13,16,11,17,11,20,22,18,18,18,18,19,18,12,19,8,7,9,12,7,7,18,19,19,19,21,,20,19,20,20,22,,9,14,27,22,28,14,15,14,19,13,,19,18,18,23,,29,,25,,,20,17,26,30,18,21,31,29,,36,40,,34,39,75,75,69,60,67,64,39,42,38,42,35,37,,29,30,42,30,,34,43,41,28,29,49,,47,27,25,26,11,32,16,21,,33,31,24,47,,,13,9,16,16,31,24,22,37,31,36,42,27,14,25,20,26,35,22,29,27,31,30,33,24,26,29,16,19,16,13,12,18,14,11,,,9,12,12,14,17,27,30,20,,15,25,5,26,14,18,7,9,12,8,16,17,13,16,10,18,19,16,23,17,19,10,12,14,,36,26,36,11,14,15,,16,26,15,,26,27,30,28,22,26,24,36,21,29,20,50,38,34,25,10,13,12,14,19,13,,22,10,20,20,10,10,8,13,16,26,,26,39,9,6,11,35,46,31,23,36,41,37,35,34,38,31,43,35,31,31,31,30,30,31,24,37,41,42,45,36,6,23,18,22,16,28,27,24,24,29,22,31,30,27,30,70,59,49,51,62,52,54,45,51,28,28,26,25,27,33,36,28,35,30,34,34,38,42,54,53,52,,49,61,53,37,,40,36,51,,49,48,40,43,47,37,29,42,33,36,38,35,34,25,36,39,29,,26,29,15,27,26,35,35,32,52,48,35,59,26,34,12,22,20,22,,11,25,,17,21,21,17,29,19,18,18,32,31,28,19,20,25,22,20,29,30,34,36,31,18,22,34,13,14,17,29,19,14,16,11,20,19,18,13,18,18,20,14,25,20,25,27,24,28,11,18,23,40,42,52,44,23,27,22,21,23,26,26,24,31,23,32,37,34,32,31,37,34,12,20,18,22,22,17,23,6,7,10,9,45,38,35,34,29,37,25,35,27,26,26,26,19,12,19,29,22,33,28,,16,,22,24,25,27,26,31,25,36,,17,19,,10,22,20,24,15,4,5,6,,9,8,12,,12,13,23,30,10,16,26,10,11,12,10,10,12,23,28,10,10,10,,10,10,13,17,15,17,16,11,28,18,21,11,10,12,,10,15,12,9,12,12,9,13,10,11,10,13,2,4,12,18,7,5,4,3,25,,5,,3,4,22,27,29,28,40,32,31,28,,16,15,21,16,18,12,10,23,28,13,15,3,9,21,24,20,22,31,35,34,13,11,18,,13,12,21,41,23,24,14,29,5,23,21,11,21,14,15,21,10,17,18,21,34,21,22,12,22,16,11,17,24,26,14,43,,51,76,95,31,20,30,11,8,8,14,27,14,12,25,39,24,54,53,37,50,36,39,36,13,18,15,33,28,16,26,32,25,19,48,31,10,14,11,12,20,27,22,27,16,17,13,43,44,41,40,35,28,21,23,36,20,22,17,16,14,13,17,7,24,23,15,16,14,19,15,21,10,60,,41,37,83,,35,58,49,12,48,21,23,15,58,29,24,42,54,14,31,16,14,11,11,37
20170820,11,PM10,,,73,,,,91,68,56,89,,98,,,69,,,53,,,,,,,,,,109,74,85,,79,60,107,61,72,81,48,76,68,,18,31,30,35,93,140,100,75,58,63,68,61,61,60,80,56,71,92,80,70,77,66,71,67,,63,,58,52,61,55,88,59,82,88,84,,95,112,,,76,59,89,108,63,101,102,130,144,129,119,107,106,105,34,35,43,,,48,44,38,38,,53,32,26,28,39,32,35,,19,23,23,33,54,28,,33,14,12,24,31,33,57,27,42,,32,37,36,34,27,22,45,24,,35,38,,41,33,47,44,33,38,21,11,27,47,66,39,,34,33,38,53,56,40,43,37,,44,30,47,44,51,30,69,,,,74,38,,56,,45,,57,33,38,,22,31,24,41,26,32,22,52,23,,,,25,22,,26,23,18,38,32,,32,18,29,31,39,19,35,33,,64,,128,,54,63,58,21,58,46,41,57,68,45,67,,37,51,45,55,,37,48,65,45,57,76,53,72,63,,,34,,57,36,,74,37,33,37,30,23,,72,48,27,20,,35,19,,28,36,30,17,30,,41,36,22,26,88,,83,93,76,87,54,62,99,85,75,106,104,76,91,,,104,116,,114,137,137,122,124,,34,19,25,36,21,19,,45,14,46,49,49,52,46,66,64,57,73,,81,112,50,59,70,62,67,71,57,33,37,28,43,29,49,42,31,,51,65,60,,35,38,24,59,48,58,46,93,26,35,33,42,37,60,17,,32,28,38,,14,22,14,50,61,44,20,31,26,63,84,44,46,28,30,27,33,,39,36,56,,30,37,91,82,71,85,76,,48,81,50,67,76,88,49,50,39,80,46,23,36,22,17,24,46,,52,24,75,32,53,64,46,49,,35,47,,45,25,,35,46,31,29,63,,32,52,41,35,27,,26,27,38,27,52,30,29,26,33,30,30,46,15,20,,4,18,4,91,101,77,100,94,86,80,83,68,97,84,94,121,35,24,14,32,,19,,9,17,54,,,,50,49,61,44,45,54,84,,60,44,63,31,44,31,51,70,51,46,38,19,41,39,79,50,83,79,27,82,64,47,39,53,58,42,48,58,39,31,33,28,25,33,55,39,52,67,,51,51,103,107,84,80,,52,,30,23,22,27,,,,,,,,32,,,40,88,,74,40,55,42,58,61,38,25,,24,9,22,,40,,75,,34,41,46,37,,,38,35,32,25,13,4,18,27,24,,,63,52,84,85,77,38,56,52,47,47,86,42,52,33,18,16,24,28,38,30,27,55,64,58,,,,79,73,80,19,30,23,,77,,100,76,,30,28,56,32,31,52,46,33,,,81,67,68,115,,52,,53,45,,46,,45,43,,76,,104,,99,87,55,73,104,71,77,67,83,47,,20,18,28,30,37,21,,79,51,,36,19,45,56,29,69,41,22,50,48,30,42,36,34,23,25,14,28,20,,8,70,32,39,33,64,50,45,71,38,37,21,,10,35,21,28,,32,25,,33,39,20,64,86,62,40,50,58,74,34,26,73,130,,124,85,113,143,40,,57,51,65,56,46,49,59,132,107,87,124,90,,71,62,90,98,,91,74,88,47,74,53,61,60,54,37,,48,51,48,38,47,44,48,34,30,74,122,27,20,39,41,34,38,25,16,22,18,35,36,27,,42,47,14,6,34,41,39,46,42,59,55,44,58,95,28,36,61,30,53,89,53,51,73,,,56,36,,,47,49,71,113,82,69,70,58,39,46,,60,31,31,76,74,85,80,43,48,73,69,86,64,67,61,47,53,69,73,54,70,51,70,106,96,92,70,51,23,68,95,,38,35,112,64,15,11,,25,,80,84,105,49,27,70,84,8,,24,17,23,14,30,30,20,,26,23,41,37,13,43,32,11,,,9,7,45,38,55,44,23,27,27,38,40,65,40,,19,27,38,58,44,34,23,,,10,,43,38,46,37,,61,,43,,,41,37,63,121,118,111,99,42,,50,48,,85,95,125,,116,98,196,62,78,104,98,100,58,54,,52,49,83,91,,72,84,83,53,45,91,,83,32,14,26,41,37,26,83,,24,33,51,53,,,33,35,32,38,23,52,24,19,48,52,45,33,36,28,103,40,25,26,40,29,57,32,45,81,66,41,41,32,39,38,32,49,36,41,,,15,29,28,27,21,56,75,42,,56,32,38,47,37,14,9,,22,49,22,32,47,41,,64,132,44,42,24,35,33,28,19,,40,30,41,8,14,43,,38,,45,,,,,,,38,49,32,40,52,32,72,,55,25,51,22,30,60,44,63,,52,57,60,66,38,21,16,16,92,57,,32,50,10,,12,87,90,79,79,59,62,,62,69,40,50,57,55,75,84,54,75,62,48,50,,47,78,63,31,12,71,65,28,37,59,79,62,66,52,47,66,61,75,80,101,101,75,73,,92,104,97,90,51,56,58,64,59,54,55,59,70,55,39,47,54,80,66,49,53,,46,62,49,49,,51,54,58,,49,63,64,62,51,45,39,69,,,,93,61,60,97,67,63,,56,61,73,49,15,61,,71,94,79,117,124,27,56,44,64,73,69,,24,32,,31,42,52,47,49,74,56,,54,56,35,36,30,34,36,25,45,44,47,58,47,36,57,40,29,25,44,65,78,45,49,24,36,34,52,24,58,31,58,74,73,20,45,32,53,25,49,56,91,86,63,63,,120,45,86,27,23,39,51,46,64,63,78,80,71,56,75,69,68,31,67,40,36,44,20,39,29,32,33,64,89,47,51,62,58,55,37,50,34,33,37,32,57,32,34,46,47,46,61,,31,,50,41,42,58,68,47,29,,,28,35,,33,73,56,53,32,8,7,9,,36,14,14,,18,20,,51,43,59,,23,26,114,24,62,95,65,41,19,19,17,,20,66,56,34,39,148,87,34,,31,65,48,,18,,26,49,13,31,89,35,29,24,21,24,33,13,60,22,,83,6,18,13,32,36,,10,,20,38,28,50,52,58,52,43,47,47,,46,38,26,19,14,13,40,32,41,,22,4,13,35,28,74,74,16,39,17,22,10,63,,9,23,,,11,,,,18,41,40,14,,13,16,10,12,43,22,58,286,31,43,,42,35,39,60,130,96,85,151,,168,754,510,81,73,76,47,42,,35,39,48,21,95,48,31,,,53,56,46,72,68,33,40,30,46,39,34,60,,43,38,71,42,13,39,,70,45,39,32,63,17,27,19,38,52,108,57,,58,40,27,,40,55,49,17,21,22,22,33,64,,26,42,26,62,33,60,31,112,,,46,,,81,65,70,26,161,29,27,34,94,101,,,60,28,64,38,52,41,49,35
20170820,11,PM10_24h,,,59,,,,74,65,46,69,,83,,,74,,61,60,60,,63,56,46,,67,,,112,112,96,91,82,71,82,73,68,115,106,102,88,29,29,45,47,46,118,134,108,92,57,67,73,76,70,62,60,48,63,65,67,64,50,46,57,38,52,53,,51,52,61,60,71,57,68,86,82,,88,78,,,64,60,66,74,51,82,105,109,120,143,115,115,104,106,31,41,48,,,58,51,46,50,,71,29,24,26,32,30,31,,23,28,21,40,60,37,,35,15,18,25,23,37,92,72,66,,72,72,71,70,60,42,48,58,62,45,37,,50,44,47,37,39,42,29,25,26,18,30,29,42,26,22,29,38,41,33,32,35,,37,52,39,53,55,48,29,,,,65,42,,46,50,55,,45,47,32,,31,48,40,32,56,38,35,43,25,,,,30,28,,37,35,31,34,39,,29,25,31,29,32,31,29,19,,31,,46,,21,46,42,26,43,33,37,44,50,39,44,,41,49,45,44,,36,41,53,51,54,56,53,58,57,,,27,,48,38,,62,46,48,32,29,28,,41,31,52,53,57,35,39,,35,31,25,23,30,37,37,28,27,27,66,,71,68,73,76,44,33,48,72,76,64,87,78,82,33,,79,80,,79,86,114,88,98,,35,29,27,36,23,23,23,50,22,83,77,74,82,75,74,81,77,97,,56,63,48,58,68,55,56,55,50,54,34,70,60,40,55,46,42,51,51,52,51,,44,53,33,89,45,66,48,48,21,27,19,33,23,52,23,23,22,15,41,15,16,14,18,51,54,53,34,37,36,56,48,30,27,23,17,32,35,33,32,51,50,51,45,33,57,55,53,58,54,60,58,48,55,49,61,55,42,69,58,58,65,16,18,20,19,21,35,,45,33,56,46,41,68,51,58,,33,40,,39,56,,34,44,37,30,64,,32,50,30,33,21,25,37,35,31,30,40,38,31,26,40,40,34,52,14,11,10,10,19,12,66,65,58,83,76,71,61,111,48,62,54,82,92,59,54,34,56,45,28,,31,50,55,,,,56,56,44,77,67,54,50,,51,45,61,42,47,38,40,51,46,41,40,18,30,45,58,71,83,76,76,91,94,95,75,65,72,91,64,97,47,44,32,31,31,40,75,69,51,56,68,50,47,69,64,64,53,,25,,29,35,35,27,52,,,64,,74,32,32,,59,57,65,64,62,35,55,38,46,39,74,31,31,27,19,27,,51,,54,,47,44,39,47,29,32,42,26,22,23,23,24,25,41,33,51,,75,71,78,72,73,48,54,33,47,40,52,25,23,18,17,28,15,18,27,27,32,50,64,53,20,20,22,61,56,56,19,22,23,93,65,,65,61,,41,51,46,44,25,49,48,27,,,72,62,61,109,,44,,49,42,50,51,,51,52,,80,76,84,,80,93,68,91,118,81,52,61,58,39,,22,25,38,30,41,21,,50,51,29,33,17,47,55,30,51,49,40,39,56,53,48,59,48,34,31,28,28,29,,11,53,45,51,25,54,53,40,65,59,33,31,28,22,31,23,31,26,31,30,,38,35,34,46,65,47,55,37,68,61,67,30,112,117,,112,102,124,119,61,91,77,73,91,74,76,69,73,120,106,96,98,90,89,70,87,76,82,,63,46,64,54,54,46,42,41,46,30,28,45,39,41,27,45,32,42,37,28,47,61,25,25,29,46,43,50,25,24,21,36,37,45,31,44,61,75,18,18,33,38,37,43,38,49,48,42,52,64,45,28,49,42,54,64,50,41,74,,,63,36,40,43,41,45,50,68,75,51,54,59,38,53,,41,39,43,58,57,61,67,42,49,67,65,70,74,94,101,115,127,105,110,110,113,138,128,69,96,57,50,26,18,17,44,,40,43,60,59,44,21,43,29,37,93,88,99,35,30,63,59,31,17,25,23,30,30,26,34,27,,27,29,46,40,40,41,25,20,12,15,16,16,42,38,39,35,37,29,36,38,40,57,52,,28,34,40,38,37,31,26,25,28,16,,37,30,37,37,,40,,48,,,38,31,47,65,46,39,53,54,,55,62,,77,82,103,102,98,89,133,114,56,74,62,82,64,48,,46,44,54,64,,48,62,63,49,44,95,,68,54,55,51,29,43,29,44,,100,82,99,49,,,43,46,24,30,45,63,33,63,55,56,74,66,27,44,49,60,55,36,52,40,65,47,74,48,50,41,31,29,26,27,32,37,29,40,,,40,31,28,27,40,68,77,45,,58,122,28,62,43,34,12,22,17,20,32,36,42,54,18,55,91,32,45,37,34,37,33,28,,59,34,41,28,27,34,,38,42,50,,34,47,42,52,38,44,54,58,54,36,40,56,47,60,31,43,34,27,35,34,44,,40,34,34,38,39,31,21,24,41,41,,59,62,22,25,23,65,60,55,39,56,65,47,64,58,55,47,66,57,61,62,73,64,52,49,50,54,65,65,88,59,13,73,49,52,44,40,56,50,57,62,36,58,49,57,47,91,96,74,71,93,67,78,71,74,41,43,47,42,49,41,43,39,54,42,47,56,63,78,81,85,78,,73,76,74,57,,60,59,65,,58,68,61,62,53,55,42,58,53,65,74,69,68,52,49,53,45,,41,58,60,46,36,46,41,49,68,68,66,69,39,48,42,42,50,48,,37,40,,43,27,34,31,39,37,25,21,54,47,41,44,41,52,42,36,41,48,56,62,46,32,44,44,32,37,35,53,78,49,56,26,28,35,42,31,39,37,50,61,66,29,39,42,49,34,23,45,65,65,67,84,63,82,42,40,43,51,48,46,36,61,57,67,62,55,57,66,52,57,25,58,48,39,42,30,39,36,40,32,63,75,44,46,71,55,55,38,47,35,39,34,38,50,38,34,45,47,61,68,,57,,36,35,38,46,58,50,34,40,,27,35,,44,78,62,75,53,12,8,10,,19,13,16,,23,27,34,52,39,55,36,19,22,25,21,43,56,69,45,26,19,16,,21,28,25,41,48,87,58,28,31,24,41,28,22,24,,28,34,20,25,33,39,20,28,26,21,28,46,55,21,33,64,10,13,12,18,73,,11,,13,27,36,53,56,49,60,55,52,55,,32,27,32,26,75,51,32,38,42,29,29,8,17,41,42,64,53,54,57,55,34,23,58,,20,25,36,76,36,37,34,39,10,36,48,52,49,70,62,74,50,68,42,65,113,78,71,14,41,31,33,46,61,76,81,209,,150,381,271,69,46,71,24,31,16,40,46,45,22,44,46,33,82,56,53,108,50,48,79,43,38,32,41,43,33,44,38,39,32,85,39,16,55,33,45,29,45,40,54,27,26,19,52,74,76,53,54,51,55,49,66,49,37,28,32,34,22,29,15,62,46,25,30,24,42,38,55,33,103,,72,54,105,,71,56,65,28,62,36,51,27,75,74,39,60,74,31,46,27,56,29,22,44
20170820,11,SO2,3,2,4,4,5,3,2,8,4,4,5,2,,,22,,13,6,5,,8,5,18,,16,,,12,31,9,4,15,12,5,78,79,128,67,97,100,6,3,13,11,12,8,16,15,12,21,18,7,5,5,8,9,23,20,12,9,30,19,34,20,38,15,30,,19,12,16,17,6,9,10,9,11,,13,43,,,23,20,31,19,28,28,20,33,32,19,27,25,24,12,12,10,8,,,9,5,7,7,,8,9,6,10,12,7,5,,5,5,7,7,8,7,,9,6,9,9,2,10,11,6,6,,4,8,10,14,6,6,14,6,6,7,9,,7,8,8,9,9,10,7,17,10,30,12,11,9,16,7,10,11,16,7,7,10,,9,35,21,24,23,21,11,,,,16,9,,15,,18,,31,10,11,,3,7,4,4,2,8,5,11,18,,,,10,10,,8,7,6,17,29,,12,9,7,15,6,2,10,11,,10,,26,,23,11,8,8,13,10,11,17,7,15,13,,7,6,7,3,,8,6,8,10,11,18,11,5,10,,,6,,9,5,,8,5,9,7,6,10,,17,12,5,3,5,6,6,,6,5,2,20,1,20,12,17,26,5,6,,9,6,6,12,7,16,22,28,30,29,27,29,20,4,,25,12,,36,7,18,26,22,,2,3,5,3,9,4,5,9,6,5,9,8,7,5,3,11,6,11,,13,23,21,10,6,5,8,9,14,11,13,13,13,10,10,13,3,11,14,,23,,10,9,14,24,25,8,23,14,18,15,13,10,6,17,11,15,18,18,,5,5,3,5,15,3,17,7,8,12,53,43,12,10,12,13,8,5,8,6,21,26,21,15,13,26,22,16,15,11,14,36,20,17,7,16,13,7,7,15,7,9,3,6,5,3,6,20,,18,16,13,27,16,20,29,19,,19,14,,15,14,,8,11,19,13,7,,6,6,10,3,6,6,5,5,7,7,8,12,10,10,13,12,16,15,8,18,10,9,10,7,8,2,7,6,10,5,8,9,10,7,5,8,10,6,2,2,6,3,2,,7,6,2,,,,13,4,8,10,10,9,11,,15,26,98,17,12,14,11,90,17,12,12,4,10,15,15,5,13,26,8,22,9,7,5,5,5,4,11,8,6,5,5,7,3,5,14,11,10,110,37,48,44,4,23,16,13,,9,,7,8,7,8,28,,,15,,6,6,3,,17,14,13,13,28,23,14,17,9,19,23,7,6,5,6,5,,13,,18,,4,13,18,18,3,8,7,10,7,2,3,1,5,15,12,14,,42,20,18,36,32,17,12,10,13,29,40,7,12,17,11,7,13,5,18,15,16,9,8,8,10,9,10,13,12,12,3,4,5,22,27,,21,19,,9,11,13,8,8,15,34,9,,,10,10,9,22,,66,,41,62,9,5,,1,8,,42,75,77,,61,26,11,34,35,25,20,15,13,16,,6,5,5,5,6,4,,30,15,9,12,10,12,5,5,31,7,8,3,12,7,17,15,23,9,5,5,10,5,,2,7,5,5,15,10,4,1,9,7,7,4,6,3,21,6,15,16,17,5,,14,10,10,10,24,24,20,8,21,59,6,6,14,17,,20,30,24,17,9,14,12,10,5,3,5,4,5,26,21,19,9,12,9,11,22,8,16,,,12,10,8,6,8,7,9,12,6,24,21,14,10,16,8,26,15,14,17,11,12,9,8,6,8,8,6,4,6,7,9,8,8,7,9,14,6,2,2,7,3,7,6,9,5,11,5,12,7,16,34,11,13,4,5,9,6,14,,,9,3,3,10,6,16,9,7,19,18,14,16,9,21,,13,16,9,15,12,15,7,11,11,7,9,12,10,10,14,3,5,5,3,5,5,5,2,11,8,7,9,75,35,144,8,,37,13,56,14,3,8,3,3,,7,4,4,9,13,27,29,4,1,4,1,7,4,4,5,5,3,3,3,10,7,7,3,4,3,1,3,9,5,8,11,17,16,11,15,13,20,,16,17,,7,7,15,15,12,10,8,17,11,4,,21,17,12,9,,11,,11,,,2,2,35,7,8,7,8,5,,8,10,,10,17,30,17,23,15,18,27,16,15,21,19,22,24,,11,14,7,,,8,15,30,16,28,194,,98,3,5,4,9,8,8,3,,5,3,4,31,,,11,5,16,9,7,7,9,7,8,9,5,10,6,6,9,7,8,8,5,3,10,8,8,20,11,10,26,15,16,8,8,3,,9,,,11,7,7,8,2,2,4,9,,8,9,4,2,2,3,4,7,10,7,10,2,3,14,2,18,11,4,61,9,14,6,12,28,,11,10,8,9,9,18,,8,4,15,,25,20,19,17,9,33,132,47,10,27,10,25,5,19,11,7,10,3,4,8,5,,11,26,22,6,6,7,7,9,12,11,,17,44,17,19,11,12,12,8,16,6,12,13,10,22,4,7,7,7,11,13,7,11,7,7,7,7,8,4,21,7,5,13,12,13,46,5,9,11,39,28,30,38,45,43,45,12,17,15,12,35,33,13,44,22,31,4,23,32,20,4,13,8,8,6,27,17,13,2,21,18,25,,16,7,13,7,,5,5,7,,4,9,6,7,7,12,10,12,6,10,8,4,6,6,10,6,5,,3,19,44,9,11,8,8,8,9,7,6,9,14,8,11,6,9,6,,8,6,,1,7,2,7,9,4,2,4,14,15,6,14,14,10,11,6,42,20,22,35,31,19,18,11,25,21,6,21,17,18,6,4,7,7,7,9,5,6,7,6,1,4,3,15,35,16,7,1,8,14,17,20,10,24,17,20,12,11,17,10,7,12,8,45,55,73,32,36,3,20,7,9,5,15,18,10,11,7,39,33,30,17,19,19,16,19,6,4,6,6,3,3,6,3,8,4,8,9,10,8,,9,,14,3,6,3,16,1,25,5,,4,3,,7,17,7,8,8,13,8,7,,20,17,19,,20,22,9,8,14,21,11,5,7,7,3,6,8,13,15,5,11,3,,2,9,5,20,25,9,19,10,5,5,15,17,13,16,,9,8,14,10,13,,5,7,63,28,18,9,2,6,4,9,4,4,6,5,4,,5,,6,2,4,9,5,8,9,7,9,3,,8,9,9,9,8,4,5,8,9,4,7,5,8,3,2,18,15,5,7,8,3,11,4,,8,13,4,5,5,6,12,13,3,10,6,7,5,6,8,5,5,5,5,5,4,2,12,9,6,1,3,13,9,4,3,2,,4,28,32,19,24,12,3,3,5,9,12,25,12,47,7,14,17,11,15,37,14,6,102,14,10,7,6,6,6,6,8,12,11,13,7,6,15,15,493,27,21,9,9,12,3,4,18,163,7,13,18,63,5,7,8,4,11,15,10,6,15,12,14,20,19,7,12,10,9,16,18,16,70,,20,10,25,,21,6,6,6,31,1,3,6,9,49,8,23,22,6,10,6,3,12,7,17
20170820,11,SO2_24h,3,2,3,2,3,3,2,3,2,2,3,2,,,7,,9,3,5,,7,4,11,,15,,,7,27,7,2,9,7,3,34,28,53,47,54,49,8,4,16,11,12,5,11,12,10,10,14,7,5,4,7,6,21,19,11,8,7,7,13,5,7,10,15,,8,15,18,19,4,6,6,7,9,,10,12,,,14,27,13,11,10,17,15,17,18,14,16,13,15,12,10,17,11,,,9,19,10,14,,14,8,8,9,10,5,5,,4,5,6,7,8,8,,8,5,8,9,3,11,9,6,4,,4,9,12,14,9,6,11,9,6,7,8,,6,8,8,6,9,8,13,14,10,26,10,11,9,11,8,8,7,12,5,5,9,,8,19,18,21,14,16,7,,,,16,6,,10,21,19,,25,9,11,,2,7,4,3,3,8,5,9,21,,,,10,10,,9,7,5,7,11,,6,9,7,15,2,2,10,9,,9,,14,,7,10,6,8,9,9,9,14,6,10,11,,8,6,9,3,,7,6,7,12,11,12,13,5,8,,,6,,8,5,,6,5,8,6,7,9,,9,6,18,14,11,6,6,,7,4,2,16,4,19,15,17,23,6,6,,9,7,5,12,4,10,11,40,38,40,30,32,13,5,,33,7,,21,6,13,16,17,,8,3,3,3,10,6,5,10,7,5,9,8,7,5,4,9,6,8,,7,7,12,9,5,4,5,6,8,20,10,20,13,19,11,15,4,11,12,13,13,,13,17,17,19,12,6,8,12,11,11,12,15,6,12,20,6,11,12,9,4,4,4,6,11,7,9,10,10,10,24,23,9,7,6,7,9,12,8,7,16,21,18,13,13,8,11,9,11,7,16,27,14,21,7,12,9,7,7,11,7,9,3,6,5,3,5,16,,15,12,11,19,10,11,15,16,,16,12,,10,16,,9,7,16,10,7,,6,10,9,4,6,6,5,4,6,6,11,14,12,11,13,15,19,27,7,13,10,9,9,7,7,2,7,6,8,5,6,9,9,6,6,8,9,8,5,2,8,5,8,,9,8,3,,,,16,10,8,10,9,5,9,,12,22,119,32,20,19,10,80,14,11,11,4,9,12,12,10,19,17,12,16,12,11,6,8,9,6,9,11,6,5,10,6,3,5,14,13,9,36,13,45,24,4,23,14,15,,8,,9,10,11,8,16,,,10,,5,9,6,,16,19,11,10,27,14,12,17,8,18,21,9,7,6,8,4,,12,,13,,5,14,19,19,5,8,8,12,10,3,2,2,6,15,11,12,,36,16,28,15,18,14,13,12,10,16,42,8,8,11,9,10,8,5,8,15,7,8,7,10,9,9,9,8,8,8,4,5,6,16,18,,18,18,,15,15,14,14,6,8,17,7,,,9,9,9,13,,15,,17,15,10,4,,2,8,,33,46,35,,38,12,5,16,28,17,4,14,15,12,,6,6,6,8,6,6,,18,13,11,10,10,28,6,6,12,7,8,3,17,21,28,25,23,9,6,5,9,5,,2,7,5,5,16,11,3,3,8,8,7,4,5,3,17,6,10,10,7,2,,14,12,14,14,24,18,19,8,22,46,26,6,10,11,,12,19,17,12,8,15,9,10,23,3,5,4,6,15,12,8,3,13,11,7,12,7,12,,10,12,10,7,7,8,8,11,10,31,28,37,11,8,24,9,14,12,12,19,9,6,8,7,7,10,10,6,5,6,7,9,8,7,9,8,17,4,2,2,6,6,8,7,6,6,9,5,9,5,25,21,11,11,4,5,11,7,14,,,11,4,3,11,7,7,4,8,13,10,8,11,8,12,,10,19,12,12,12,15,6,10,9,6,8,12,10,10,14,5,5,3,3,4,4,5,2,9,8,5,8,8,5,12,20,,8,26,30,12,3,6,3,10,6,3,5,4,8,13,9,11,4,2,4,2,7,4,5,6,5,4,4,4,9,6,6,3,6,4,2,4,9,5,6,8,10,11,10,14,12,22,,11,15,,8,7,12,13,11,10,8,17,12,10,,17,15,13,10,,9,,9,,,2,2,14,8,8,8,8,6,,8,10,,15,24,19,11,17,8,13,22,10,11,17,15,16,17,,11,13,7,5,,10,15,21,25,21,42,,32,14,14,12,7,8,6,4,,5,8,7,26,,,7,4,13,9,8,6,10,14,12,17,23,11,7,8,11,9,14,7,6,5,12,9,8,13,9,11,15,11,10,8,6,4,6,9,,,7,7,7,8,3,2,3,3,,6,8,4,17,4,9,4,5,11,6,7,2,4,14,2,16,14,3,14,13,15,4,9,30,,18,14,11,14,12,13,,12,2,9,,24,13,31,24,24,22,25,17,20,23,9,8,11,21,12,9,9,10,4,7,3,,10,18,19,18,11,8,7,9,13,13,,23,34,17,12,9,13,11,8,15,6,15,11,9,13,5,6,14,6,9,15,9,11,5,6,6,25,12,4,24,8,5,19,10,17,64,4,8,19,26,20,28,24,31,31,24,15,24,14,18,28,37,23,43,32,11,4,14,17,16,4,10,7,7,7,34,30,34,75,23,19,25,,13,5,9,8,,4,5,7,,5,9,7,7,6,9,7,10,3,6,7,4,5,6,7,7,5,,6,18,25,6,11,8,11,9,11,9,6,9,10,6,9,7,10,11,,10,9,,3,4,3,5,8,6,3,4,11,11,9,18,17,14,16,10,16,21,16,65,38,24,16,9,21,17,8,21,14,21,13,7,8,10,8,12,4,4,6,6,1,6,4,17,47,19,4,1,5,19,12,10,14,16,12,14,14,12,14,9,3,8,4,14,41,61,15,21,13,13,7,8,5,15,18,10,16,9,41,32,25,10,9,13,11,17,11,11,8,6,3,3,5,4,7,4,8,8,9,7,,8,,18,6,13,6,15,5,28,5,,4,3,,6,20,6,7,8,8,8,6,,20,9,13,,14,13,15,8,13,23,9,4,3,3,2,6,7,10,17,4,10,3,,3,7,3,22,36,7,19,8,5,4,11,7,12,15,,23,10,8,9,6,11,4,6,12,13,16,9,3,7,5,9,5,4,5,5,3,,5,,6,1,4,8,6,7,9,9,8,6,,10,11,7,6,19,7,6,7,10,3,5,6,9,4,2,23,15,4,7,8,3,14,4,,9,14,4,7,6,7,12,13,3,10,10,10,8,9,11,10,5,5,5,4,5,1,12,7,6,2,3,12,3,2,4,5,,13,41,33,13,14,9,3,3,4,10,10,8,10,14,6,14,13,8,10,31,10,7,26,12,9,8,6,6,6,9,9,11,10,5,8,6,21,17,42,20,25,15,8,10,4,4,19,14,9,14,11,17,8,9,14,2,6,11,8,6,15,23,11,20,20,12,9,10,6,14,14,13,35,,10,10,16,,23,13,9,5,24,2,3,6,7,32,5,10,17,7,9,6,2,12,13,12
20170820,11,NO2,46,30,45,42,39,55,42,23,5,52,54,41,,,27,,28,22,24,,21,15,16,,14,,,28,14,9,22,16,29,11,44,54,52,29,46,49,10,11,12,14,15,50,32,22,19,16,6,8,16,16,10,17,12,17,16,19,25,31,36,23,22,27,20,,11,24,13,17,10,16,16,14,18,,21,67,,,21,19,50,40,46,35,25,44,42,44,28,36,30,24,12,5,22,,,16,15,15,21,,20,5,15,12,11,7,5,,14,9,2,15,17,13,,15,3,4,8,5,8,7,21,5,,19,26,24,25,25,4,47,12,44,36,40,,31,28,39,31,22,30,27,20,30,38,41,31,11,40,45,30,67,48,45,41,26,,48,22,27,28,21,31,28,,,,41,18,,15,22,14,,47,31,30,,12,13,14,6,25,35,11,45,16,,,,16,32,,6,9,7,26,29,,33,8,13,12,15,9,4,7,,19,,12,,18,56,63,6,40,50,55,66,46,29,48,,10,15,13,16,,7,12,17,33,31,40,28,21,15,,,29,,27,29,,21,8,9,8,9,9,,23,23,20,11,20,19,13,,10,25,14,5,10,23,20,15,29,7,37,,29,45,30,40,15,27,33,24,10,10,23,20,19,4,,11,39,,26,30,20,31,33,,13,11,29,16,19,21,8,22,8,16,12,23,13,20,9,23,26,10,,33,63,38,26,29,24,24,36,7,8,5,9,9,9,21,25,16,10,11,43,41,,30,26,17,29,60,43,54,49,37,41,40,25,28,47,22,46,64,45,,17,4,17,1,25,32,27,11,12,11,36,36,26,14,9,11,14,12,8,12,27,29,34,,22,51,48,40,54,49,11,33,32,22,59,52,59,23,18,22,31,28,9,7,6,5,9,35,,31,30,18,25,17,17,20,46,,23,32,,32,19,,23,25,38,32,31,,38,4,12,16,2,11,7,15,20,10,9,13,16,11,18,20,17,19,14,27,25,5,41,16,26,22,48,32,31,33,20,32,16,31,14,28,16,24,17,5,26,41,2,,8,16,12,,,,21,13,65,42,20,41,54,,28,8,30,7,15,4,10,13,11,18,10,3,7,16,6,20,24,56,13,36,28,28,17,10,19,16,13,9,13,17,5,6,6,5,13,17,10,16,14,6,21,44,36,22,27,,13,,16,11,20,12,16,,,13,,13,11,10,,16,9,22,23,9,10,7,10,10,3,4,11,17,19,6,11,,7,,4,,7,10,14,14,15,12,12,22,3,8,15,3,8,9,7,4,,23,14,23,44,50,11,12,10,18,12,22,15,15,14,12,6,14,9,12,10,7,12,15,14,5,7,8,21,22,20,7,6,6,38,33,,23,20,,5,8,11,10,7,33,36,21,,,18,14,22,24,,31,,24,15,,2,,4,2,,4,29,13,,2,20,29,22,33,14,26,16,10,10,,7,9,15,19,8,2,,24,11,8,18,5,6,6,13,46,8,4,2,13,11,17,19,20,10,8,8,8,10,,5,17,2,10,5,7,21,32,9,23,8,8,4,7,20,5,43,39,41,42,,22,20,16,21,14,43,23,14,19,35,18,5,22,12,,24,28,16,10,13,12,23,21,22,12,4,11,5,29,21,17,25,9,5,16,14,14,,,,31,43,18,31,21,20,19,8,14,9,6,33,7,6,3,6,1,7,3,16,28,13,4,5,10,7,6,2,8,9,5,10,11,9,11,14,11,5,7,33,40,22,29,15,28,24,25,20,19,17,32,14,14,19,16,13,15,16,,,35,13,19,12,11,10,17,23,22,26,11,23,13,19,,12,20,13,18,17,11,17,3,10,20,17,29,27,35,28,18,12,28,26,14,32,22,29,10,11,12,5,19,25,26,16,,18,33,46,43,6,14,5,15,,41,18,23,5,,17,19,10,3,12,13,10,14,12,4,,10,7,4,10,6,5,11,6,3,7,2,14,12,24,38,45,45,14,32,22,32,54,47,30,,10,22,45,32,51,15,18,7,11,2,,15,17,33,26,,27,,20,,,15,6,10,12,11,17,12,15,,16,11,,27,32,40,26,37,34,31,14,18,17,17,18,23,16,,13,8,2,6,,9,2,28,21,14,36,,28,7,3,6,13,8,8,10,,10,9,8,21,,,11,1,17,11,12,12,4,2,16,12,17,10,3,5,10,8,11,18,1,7,8,1,10,18,6,8,8,20,26,21,3,7,10,6,,,3,11,10,,5,39,6,2,,19,8,3,19,7,2,1,7,7,1,6,9,7,13,4,20,8,9,17,5,10,4,9,19,,10,11,18,16,6,16,,18,2,1,,12,33,14,22,57,49,24,37,18,17,25,31,19,21,27,28,20,9,12,13,9,,19,33,38,19,14,14,9,15,7,5,,24,16,16,30,20,33,23,24,20,11,16,14,2,15,4,13,9,9,35,31,17,12,21,,16,2,3,39,9,2,2,9,8,12,9,6,16,6,9,24,7,21,21,20,21,16,21,13,22,21,17,12,10,15,9,11,11,18,21,3,11,,12,8,14,32,28,25,22,12,20,,26,27,17,12,,12,12,11,,7,7,8,4,5,16,18,15,11,12,,10,9,6,9,9,4,,44,31,25,38,10,31,21,22,17,12,16,28,22,12,21,16,21,12,,9,11,,11,3,10,18,5,3,11,7,22,7,12,11,10,7,7,8,7,10,11,10,8,12,14,10,15,15,10,11,13,7,8,4,1,4,9,7,5,2,1,6,1,6,7,12,20,6,32,26,17,18,11,20,11,23,20,22,9,9,12,22,21,20,15,12,14,11,16,10,16,25,6,18,25,11,10,8,17,31,46,46,42,13,22,17,14,22,22,17,16,17,19,14,7,25,25,33,32,10,9,9,,14,,17,18,18,20,33,23,51,24,,18,18,,8,31,23,19,19,4,7,7,,12,7,10,,9,17,9,14,10,21,10,6,9,11,5,8,20,10,7,6,6,6,,2,15,21,8,11,26,12,13,15,11,9,13,5,7,,7,13,5,10,19,,11,12,17,9,8,8,17,5,7,27,6,11,5,9,15,,8,,5,9,5,12,11,10,15,15,23,14,,13,9,18,11,13,3,3,18,16,20,16,5,12,8,10,13,17,7,24,12,11,27,14,,5,2,8,36,12,30,7,17,9,13,2,3,14,10,12,11,12,13,12,22,17,4,12,7,14,21,7,12,39,23,1,10,,19,6,19,54,43,27,15,4,14,21,16,32,11,60,6,37,13,18,23,15,16,2,46,15,37,14,10,24,30,14,6,6,6,13,31,1,20,17,72,12,11,5,14,31,2,12,20,25,31,19,19,35,29,24,11,10,12,15,12,13,25,25,11,21,6,11,25,21,21,24,29,15,27,,32,13,21,,21,28,22,8,17,7,3,12,26,34,16,17,25,5,5,12,10,9,3,13
20170820,11,NO2_24h,31,14,38,26,42,32,46,32,12,32,48,52,,,36,,36,31,40,,36,27,26,,20,,,59,42,34,45,22,45,8,55,59,45,44,61,58,18,32,24,24,32,46,37,30,27,23,18,26,27,28,19,16,15,18,19,20,28,19,28,23,13,48,47,,39,32,25,30,21,29,25,17,29,,23,43,,,32,27,38,43,24,34,30,51,49,62,43,49,56,34,16,28,38,,,38,37,36,43,,40,8,18,12,10,6,6,,14,13,2,38,38,25,,33,5,7,27,15,30,38,44,23,,52,60,54,55,60,27,31,43,26,31,35,,33,20,26,33,23,33,31,18,28,26,26,29,15,33,34,19,36,29,28,17,23,,32,21,30,27,17,25,23,,,,32,21,,23,25,26,,29,18,22,,14,24,20,11,28,30,18,32,16,,,,16,26,,12,14,14,16,18,,22,18,22,22,18,22,10,9,,20,,17,,18,37,36,6,31,29,32,42,30,21,30,,17,22,22,24,,8,25,25,34,24,33,24,21,13,,,20,,19,20,,18,11,13,9,8,9,,16,17,24,19,30,17,16,,28,43,35,23,43,67,32,37,38,30,26,,30,34,25,35,12,28,24,35,23,30,41,34,35,7,,27,45,,33,37,37,38,40,,11,25,18,23,25,31,11,26,13,23,21,33,28,23,16,26,35,19,,34,30,39,27,39,36,27,28,17,26,11,30,29,26,32,35,39,23,21,50,40,,48,56,31,69,65,38,60,29,40,47,38,40,27,44,46,17,33,32,35,18,18,19,13,30,44,33,24,20,13,44,41,25,14,11,11,17,20,15,16,40,46,48,13,32,28,40,36,34,36,40,32,24,24,43,33,39,28,35,32,36,33,9,8,14,12,7,14,,33,36,41,25,24,48,26,58,,34,43,,36,40,,23,28,50,35,39,,35,9,16,21,5,15,11,18,22,17,15,19,22,12,22,24,23,29,16,18,21,12,24,14,29,23,49,37,34,39,23,45,17,28,18,37,21,20,16,4,25,26,4,,8,14,14,,,,22,21,58,36,29,50,44,,26,19,34,18,22,13,18,26,19,23,17,3,7,29,9,29,26,29,25,38,26,30,18,15,19,16,30,32,22,23,11,14,14,21,26,32,18,16,22,27,28,37,31,27,22,,18,,21,20,31,17,27,,,17,,17,24,20,,33,12,25,26,28,23,16,28,15,3,9,16,26,22,10,15,,18,,19,,23,21,22,27,23,18,24,25,9,10,6,8,10,21,15,22,,25,21,32,22,47,21,23,19,23,14,21,14,9,13,10,14,7,12,15,11,13,18,22,20,10,11,11,35,24,33,9,11,12,47,34,,24,23,,15,17,18,19,10,27,29,16,,,16,13,22,29,,21,,14,19,14,6,,19,12,,9,30,12,,6,59,33,30,41,38,15,23,17,18,,15,18,29,41,25,8,,28,19,10,18,9,25,9,23,24,22,17,11,29,28,32,36,33,21,17,17,14,18,,6,20,16,20,7,11,21,26,12,22,11,13,13,10,29,13,33,29,33,28,,21,12,18,14,9,27,17,5,14,21,26,4,28,20,,27,25,20,21,22,24,32,28,42,17,9,16,11,26,31,37,16,12,8,18,15,13,25,,13,20,26,25,26,18,21,20,15,13,18,12,22,7,17,9,6,11,16,5,16,27,14,4,5,24,17,18,9,11,12,14,21,18,18,26,27,27,8,11,11,24,14,15,12,26,21,20,17,17,39,21,27,19,13,19,19,20,20,,,28,17,16,13,14,14,19,25,21,31,14,30,17,23,,16,24,21,23,23,10,23,4,9,24,20,27,34,40,38,15,18,22,25,24,29,24,27,17,11,11,6,12,11,11,32,,9,22,21,19,10,18,3,16,12,27,24,21,13,,18,22,15,5,16,18,18,27,17,9,4,10,13,13,21,13,13,17,8,5,6,3,15,12,19,22,26,31,18,28,18,26,31,27,25,,12,26,31,21,35,17,22,9,16,3,,11,11,19,14,,20,,20,,,13,6,20,13,9,16,11,15,,16,12,,24,28,34,20,31,21,24,17,21,22,18,24,30,13,,21,13,3,14,,14,5,31,26,15,41,,33,14,8,9,15,16,12,18,,12,9,10,24,,,18,13,15,8,11,9,4,17,27,16,28,28,9,19,23,15,14,14,16,24,14,7,21,19,26,21,24,25,25,19,10,10,16,12,,,26,12,14,8,13,33,8,8,,27,22,7,26,12,16,2,10,5,2,18,24,22,37,6,22,22,12,13,9,15,11,20,18,,30,25,18,32,24,28,,15,8,9,,11,21,20,20,50,54,31,41,29,27,24,21,20,21,29,22,15,17,18,17,14,,21,35,39,24,18,25,19,16,13,6,,33,25,18,30,16,28,20,23,20,16,26,27,19,12,5,18,17,12,24,29,28,27,16,15,17,3,15,8,19,9,3,24,18,23,16,9,31,13,22,35,6,17,17,21,19,22,24,12,20,28,18,16,16,19,13,11,14,16,24,10,10,3,13,14,14,33,19,19,30,22,29,,32,36,26,13,,15,11,14,,11,9,9,6,4,15,16,13,13,13,25,12,15,17,10,9,8,,24,29,29,27,6,21,14,17,17,10,13,20,23,15,25,16,16,13,,10,14,,16,3,10,15,8,4,8,12,21,7,14,22,18,16,20,13,7,21,20,19,13,15,22,15,19,21,21,26,25,22,27,6,5,8,13,9,5,8,6,10,3,6,12,18,29,10,6,21,22,30,23,24,29,22,12,15,18,16,22,23,24,28,23,12,15,17,18,13,13,18,13,25,25,14,13,12,12,23,41,32,34,15,21,17,22,16,16,19,20,19,22,17,10,20,28,32,34,12,17,20,,18,,25,29,19,32,15,26,44,15,,12,18,,10,39,20,19,19,5,8,8,,19,6,12,,11,17,14,15,13,28,12,4,6,5,4,13,16,16,13,13,16,8,,6,9,5,10,20,19,14,14,10,7,10,12,8,10,,11,9,7,12,13,13,12,16,10,6,9,15,16,7,11,33,4,5,5,4,13,,9,,4,10,14,17,19,18,22,20,24,18,,15,12,18,18,9,5,3,17,11,16,12,11,11,14,16,28,28,8,16,8,8,12,18,,8,8,6,25,13,30,12,12,5,11,3,4,9,9,10,10,13,11,12,45,41,13,25,5,36,38,6,18,16,17,1,21,,28,15,22,40,26,31,13,4,6,30,31,30,21,36,11,47,46,24,27,27,16,5,52,21,23,16,20,18,17,20,12,26,16,15,28,3,19,17,30,11,18,17,15,18,3,20,28,39,33,21,20,29,20,18,19,17,8,22,14,28,21,22,12,30,10,24,26,18,21,31,28,22,27,,46,14,32,,26,30,18,10,20,20,8,9,21,44,16,23,34,9,9,19,14,14,10,23
20170820,11,O3,45,49,52,55,58,36,42,83,104,36,34,58,,,99,,112,104,103,,94,104,108,,104,,,150,135,139,131,110,93,108,93,80,100,99,89,88,113,103,112,107,99,130,97,119,126,102,132,132,158,151,138,137,156,154,136,164,91,77,77,77,83,100,110,,122,109,115,119,88,123,114,,145,,113,73,,,104,132,83,96,91,103,90,63,72,70,88,79,85,71,141,116,93,,,100,98,97,101,,113,83,99,82,77,111,129,,88,86,76,101,92,87,,94,98,82,105,79,60,104,96,100,,83,91,79,98,75,105,81,94,71,72,62,,72,64,64,74,78,75,50,70,69,52,35,43,74,54,56,74,35,40,54,42,66,,68,61,79,73,63,72,72,,,,80,87,,110,87,108,,36,45,55,,58,82,75,73,68,61,75,38,68,,,,61,49,,68,90,72,47,43,,49,74,78,70,69,74,52,61,,39,,85,,85,61,37,65,70,32,43,45,56,75,68,,103,104,118,134,,110,127,95,122,120,120,117,124,117,,,20,,83,83,,122,140,119,79,87,79,,90,100,39,52,41,93,83,,68,70,72,90,70,98,96,84,92,77,77,,124,93,132,87,133,85,100,87,98,77,96,91,90,68,,105,91,,138,82,113,115,134,,96,114,87,112,110,115,105,77,89,130,139,117,128,90,131,124,119,128,,84,60,91,72,94,92,106,69,111,103,102,97,97,95,93,97,103,89,93,73,76,,102,92,88,104,59,83,71,95,20,42,38,33,40,73,50,23,37,27,,52,65,76,49,58,56,61,75,73,80,60,67,95,111,79,69,59,62,64,60,104,105,91,106,107,101,86,81,90,100,106,82,95,96,26,37,29,49,51,64,39,48,13,42,44,28,41,74,,102,99,160,93,102,83,94,66,,108,85,,78,91,,52,40,59,36,54,,46,83,38,40,45,41,39,38,33,36,37,32,31,21,31,21,26,26,53,29,52,64,27,53,90,79,89,75,79,61,81,49,103,64,72,73,83,74,62,122,50,56,44,,32,60,67,,,,101,100,31,50,50,46,55,,47,93,65,91,92,97,96,92,100,111,113,41,107,92,89,90,88,42,94,96,67,112,104,103,108,99,111,132,123,96,59,53,47,57,130,119,120,86,106,103,94,106,116,104,110,,135,,97,110,110,84,116,,,97,,95,102,100,,132,128,136,140,112,140,72,108,82,99,80,97,96,92,118,93,,115,,116,,98,117,115,114,123,134,124,75,89,78,101,101,97,92,99,,,206,157,184,199,200,107,96,62,92,121,110,59,52,49,54,61,45,66,74,,58,,108,102,57,56,50,138,152,149,58,54,52,112,144,,135,146,,92,87,123,109,87,79,67,21,,,84,85,80,100,,82,,115,108,141,144,,153,153,,138,106,134,,109,124,137,128,128,141,116,76,80,86,,90,92,104,88,97,97,,119,122,79,,65,106,69,84,45,73,87,73,,96,96,92,91,83,75,83,75,74,,66,81,104,90,93,91,74,57,71,61,75,99,96,105,81,85,40,54,53,56,,69,67,72,85,42,56,47,44,45,56,38,83,102,110,,100,104,116,111,123,131,122,119,116,114,119,109,108,118,110,134,108,144,134,137,146,125,94,,123,40,15,60,41,61,37,44,47,79,77,92,96,99,87,64,97,85,76,85,65,71,66,48,82,74,73,68,35,46,32,39,91,83,82,75,78,82,32,35,24,26,32,19,78,97,121,110,102,111,60,31,47,50,128,118,123,139,83,,,121,61,58,73,52,140,125,129,132,158,129,55,48,47,,45,30,36,93,103,87,86,100,87,93,72,104,88,78,95,63,76,56,61,68,41,72,63,93,93,98,102,87,62,90,92,,96,81,68,60,105,79,50,94,,82,78,89,96,95,119,117,98,88,102,113,93,79,56,73,106,80,130,39,76,88,81,70,94,81,89,100,64,78,55,60,48,84,82,,71,70,48,121,80,,75,77,51,35,37,56,56,56,51,72,,76,82,24,59,,50,,107,,,57,50,83,81,81,89,83,79,,92,91,,125,99,96,93,90,91,99,117,135,116,105,130,103,122,,131,136,146,144,,145,129,101,98,109,99,,82,110,99,107,97,120,119,79,,81,73,86,154,,,80,80,122,122,125,115,110,123,103,106,107,122,89,84,88,100,109,87,91,117,106,99,103,94,116,107,103,94,99,58,69,64,69,79,,,102,39,38,34,70,76,60,103,,74,81,83,73,58,69,69,65,68,49,100,103,98,87,98,57,72,83,77,85,84,90,74,77,,78,79,67,80,93,76,,95,92,114,,101,72,110,96,73,54,70,42,80,78,68,56,66,73,74,36,89,101,77,92,100,,92,74,61,79,76,89,75,82,105,91,,62,68,63,55,95,139,146,131,137,147,112,134,110,129,133,130,109,126,112,124,118,126,97,83,84,75,82,62,95,85,67,76,75,80,68,85,82,102,95,81,80,56,42,72,61,171,180,205,185,211,158,173,185,189,98,82,101,76,64,97,89,116,92,94,41,31,33,42,121,143,135,,127,126,142,86,,87,90,122,,122,120,92,98,99,139,148,143,143,149,81,92,84,86,92,90,88,,53,75,75,62,82,79,83,70,74,67,67,69,74,74,62,46,47,41,,68,59,,77,102,112,104,115,75,74,78,79,90,65,74,82,84,75,79,94,82,83,82,84,123,103,103,109,105,111,135,150,147,158,66,80,46,62,73,86,89,78,72,93,58,68,83,71,102,50,47,40,63,73,58,74,41,48,43,62,63,51,76,68,68,75,69,58,70,78,71,84,85,63,62,54,86,88,51,28,10,8,36,20,138,145,174,143,118,115,95,131,75,73,83,70,34,50,56,49,118,98,107,,93,,88,90,81,110,25,52,41,64,,76,73,,89,89,76,94,65,23,28,25,,86,63,69,,63,53,66,32,55,60,26,38,37,41,40,48,51,64,67,24,36,41,,48,57,51,81,75,37,50,36,16,17,31,40,36,37,,38,34,49,56,157,50,42,61,29,35,38,29,54,41,43,33,53,48,50,44,48,,99,,31,31,90,93,91,93,97,104,98,101,,61,74,53,66,98,90,53,61,76,69,73,90,81,79,81,67,68,74,60,60,98,72,58,,119,75,74,40,78,51,66,84,49,80,84,72,70,97,82,83,82,75,74,105,123,91,93,112,58,56,74,75,64,59,176,78,,106,82,72,45,35,60,58,63,60,59,66,40,70,88,144,96,112,111,127,124,132,148,78,101,39,84,119,71,23,100,103,97,119,101,61,50,25,28,49,54,114,124,127,42,85,84,87,271,147,123,114,100,78,81,91,85,92,91,59,62,51,65,63,80,90,93,64,57,60,115,81,106,118,,118,90,102,,138,55,99,84,149,77,102,32,114,77,51,108,146,112,82,127,87,139,80,139
20170820,11,O3_24h,138,147,129,138,140,128,147,142,133,168,130,148,,,120,,125,113,124,,119,135,124,,167,,,150,153,139,131,110,93,134,151,131,170,160,132,155,158,140,144,140,134,130,100,119,126,153,145,132,158,151,143,168,180,175,158,192,106,106,117,115,97,149,170,,168,141,150,152,123,151,143,138,152,,132,184,,,134,162,182,150,189,167,209,183,195,184,207,204,187,167,141,131,147,,,162,140,118,144,,186,104,121,108,130,135,158,,117,117,122,101,92,87,,94,98,82,105,79,60,143,126,100,,105,109,96,116,119,105,107,102,252,216,267,,235,237,224,234,234,229,125,159,163,155,128,111,147,136,177,161,144,123,145,166,160,,155,210,242,205,222,250,74,,,,116,104,,110,101,108,,169,207,188,,158,202,203,220,190,201,225,131,186,,,,161,131,,129,179,154,180,134,,179,92,111,89,115,89,152,164,,99,,85,,85,166,138,87,205,155,183,149,172,184,169,,150,168,243,208,,147,173,131,209,210,163,230,205,185,,,199,,194,187,,168,170,140,136,104,133,,169,173,145,112,133,167,159,,79,103,104,119,85,131,154,125,130,95,199,,181,217,212,202,272,106,100,126,133,107,132,131,133,143,,144,145,,210,169,183,225,232,,133,118,108,112,119,119,118,96,106,130,139,117,128,106,131,124,119,128,,101,105,120,118,118,102,127,94,114,131,102,135,101,105,101,97,105,89,96,222,206,,187,170,180,277,183,200,185,200,84,118,64,33,69,196,50,53,67,57,196,56,65,76,61,270,282,262,212,226,180,208,196,151,173,136,115,142,136,148,122,269,288,244,250,194,163,161,180,162,132,156,154,141,146,66,132,106,92,83,105,57,68,18,50,55,53,41,280,,270,182,177,205,199,158,186,199,,206,167,,245,186,,126,199,230,180,171,,156,137,70,62,67,72,56,60,60,60,63,87,69,54,82,74,66,69,92,62,91,93,73,86,121,105,119,113,105,107,100,135,120,104,83,112,114,134,99,227,88,119,88,,93,129,155,,,,168,188,120,127,122,113,163,,126,97,75,96,95,99,124,130,126,142,146,55,130,105,93,186,194,199,190,193,195,186,182,183,184,164,148,160,155,138,89,93,84,95,166,181,142,154,161,158,160,209,194,200,229,,135,,97,110,110,84,150,,,199,,184,115,119,,132,128,136,140,124,140,81,118,92,114,114,144,137,144,159,156,,119,,118,,102,148,149,151,123,135,124,98,106,89,148,125,124,113,119,99,,250,216,243,278,261,140,144,109,115,140,125,59,52,49,54,61,45,66,77,84,82,152,116,114,57,56,50,138,152,149,60,57,59,215,212,,209,203,,140,125,153,168,91,102,98,58,,,172,172,154,164,,146,,182,151,141,145,,156,157,,202,174,216,,169,124,137,133,138,141,120,103,99,107,,102,100,109,88,105,97,,138,128,112,116,83,135,77,96,84,89,95,83,156,191,147,137,145,83,75,83,75,74,,66,96,111,104,99,103,88,85,96,79,88,99,114,107,92,100,135,160,120,185,,150,143,150,121,101,120,109,101,94,129,110,124,122,115,,137,142,126,113,123,131,122,119,125,114,122,121,108,156,135,152,153,144,134,137,146,125,94,,123,129,111,123,124,142,78,87,98,99,100,110,119,123,102,88,103,94,81,85,73,71,88,67,82,74,73,69,68,76,45,48,95,84,82,81,78,82,32,36,108,94,117,115,108,140,146,150,139,143,96,101,70,71,175,176,178,171,114,,,138,134,124,131,121,174,167,187,185,187,167,92,95,83,,90,83,89,101,124,105,103,100,89,113,95,129,108,97,109,84,92,91,102,90,62,99,90,129,93,140,139,93,88,105,92,,135,154,151,151,141,113,77,124,120,90,101,117,96,95,151,146,112,120,110,116,111,87,146,118,122,95,155,52,124,129,107,99,130,117,124,131,111,112,138,155,152,253,240,,194,183,248,301,230,,145,133,211,145,171,224,204,103,104,99,,181,196,77,111,,95,,149,,,73,62,96,111,134,126,112,103,,117,109,,199,202,130,121,127,123,140,143,195,183,165,176,161,163,,154,163,151,144,,145,129,169,162,185,175,,130,156,162,160,97,120,119,105,,142,137,163,200,,,116,112,141,150,161,155,140,123,103,106,107,122,111,100,108,114,165,111,121,149,110,112,110,103,127,123,103,94,99,82,81,77,90,80,,,122,63,62,76,71,91,82,131,,92,97,116,123,72,107,87,77,83,55,100,114,98,87,99,120,140,149,84,85,85,90,74,90,,78,79,67,80,93,76,,95,92,114,,101,86,110,96,94,86,101,81,102,99,89,61,88,103,111,60,99,130,129,128,104,,97,74,65,79,89,89,90,100,143,134,,100,90,88,82,119,267,270,247,264,245,143,158,154,153,133,138,138,131,151,158,140,132,191,170,170,198,114,117,125,117,78,88,80,85,173,91,82,102,95,81,100,113,105,123,115,171,180,205,185,211,158,173,185,189,100,82,108,86,71,97,94,128,92,97,134,100,142,114,121,143,135,,130,126,144,144,,144,164,128,,130,129,92,98,101,139,148,143,143,149,105,116,109,114,94,97,96,,90,75,75,88,109,112,132,84,144,132,119,122,77,79,69,105,107,99,,99,89,,85,125,112,104,115,87,95,99,79,90,74,74,82,84,75,79,94,84,88,82,86,123,104,105,109,105,144,160,184,172,177,73,81,53,72,77,86,91,78,72,97,61,68,83,71,102,79,63,65,111,121,107,106,76,97,84,118,116,94,109,121,112,114,143,141,107,110,95,102,124,63,67,59,86,88,108,86,110,127,126,135,169,172,207,170,179,183,152,195,157,134,137,121,168,178,186,172,156,144,157,,139,,98,91,110,122,103,140,110,122,,106,98,,150,149,134,149,95,61,76,66,,112,80,75,,74,71,85,70,95,80,67,66,66,66,64,71,75,115,123,34,42,54,,63,57,58,81,75,60,72,62,37,67,65,79,57,61,,46,45,49,59,157,50,57,76,79,76,60,55,78,69,73,67,76,68,82,81,67,,131,,77,75,133,159,135,157,169,175,165,174,,113,121,97,109,116,111,121,97,112,75,84,90,89,87,98,92,92,92,104,90,135,123,105,,134,90,82,133,127,81,79,85,61,85,155,163,170,158,153,158,115,114,107,136,171,117,123,146,128,123,121,115,139,134,180,162,,229,96,88,124,136,123,90,89,90,138,139,112,99,170,154,202,168,128,139,141,170,148,136,129,194,179,180,190,188,100,103,103,123,200,204,64,67,56,91,130,156,131,172,212,114,108,108,271,216,189,129,167,155,174,164,85,174,91,152,62,151,184,158,95,92,93,64,155,119,196,190,191,205,,137,140,139,,217,129,154,105,197,95,123,47,114,140,165,144,146,164,109,127,117,139,122,155
20170820,11,O3_8h,28,21,30,26,19,40,16,24,44,7,19,25,,,37,,41,47,36,,33,56,66,,53,,,41,59,45,37,46,36,106,34,32,41,37,31,35,75,77,71,71,39,54,49,63,53,78,67,63,87,77,74,77,98,96,94,83,20,18,18,20,20,42,40,,40,44,39,42,37,47,56,46,80,,62,37,,,42,78,40,34,36,45,58,49,35,35,52,38,39,40,50,39,32,,,42,40,38,44,,41,79,98,83,89,104,118,,81,84,96,38,38,38,,38,42,40,45,41,30,42,43,47,,35,36,33,42,27,48,37,35,58,55,46,,49,44,55,51,56,55,42,58,60,49,40,37,67,44,57,60,33,35,42,36,51,,40,32,47,41,36,42,32,,,,31,30,,45,33,38,,26,35,39,,34,36,39,47,33,37,40,27,44,,,,44,43,,48,64,51,36,34,,35,32,32,26,31,24,29,36,,28,,41,,44,42,35,45,41,34,38,36,45,42,44,,70,70,73,72,,73,71,53,38,41,32,42,55,56,,,40,,51,46,,61,70,65,48,51,49,,50,54,18,40,22,31,31,,24,23,30,35,27,41,46,35,44,29,36,,44,44,71,24,71,39,42,30,40,28,41,28,29,31,,40,35,,52,31,38,45,55,,94,98,73,79,91,87,88,51,82,92,95,78,67,84,92,88,79,45,,37,31,35,32,33,43,44,29,36,30,52,28,36,36,34,42,45,35,30,23,22,,26,23,29,31,19,33,20,24,10,26,23,13,27,31,17,14,30,15,7,29,34,32,24,46,26,30,26,26,37,21,20,34,40,29,23,31,30,27,28,32,31,28,27,35,38,37,32,25,28,32,26,34,30,11,13,8,17,14,18,23,12,3,21,24,13,19,62,,56,42,48,50,48,23,60,26,,48,28,,32,30,,27,21,23,13,24,,28,90,25,29,34,26,26,27,23,21,22,17,16,18,18,8,12,12,48,33,51,56,44,51,72,54,56,51,58,41,69,44,78,56,65,46,62,74,59,116,55,64,42,,46,54,56,,,,77,75,19,13,13,13,22,,17,44,23,48,40,53,39,33,40,43,49,43,39,35,56,88,82,70,96,88,77,98,94,91,97,79,58,53,76,56,32,16,16,22,53,45,45,57,46,61,41,26,26,23,44,,66,,63,68,63,52,50,,,55,,56,70,72,,38,55,62,58,67,73,32,48,65,50,49,86,85,84,109,83,,51,,52,,44,46,52,46,56,59,44,46,60,52,91,92,90,63,74,53,,124,86,104,100,88,37,30,29,28,46,40,26,26,24,32,23,26,25,28,24,19,25,34,39,39,39,34,37,48,45,24,20,17,50,69,,49,40,,39,34,44,40,35,22,16,9,,,78,74,70,38,,69,,90,78,85,110,,113,123,,59,58,76,,56,30,58,46,34,48,108,24,28,41,,71,58,70,46,50,72,,36,40,37,22,30,40,29,36,17,30,39,19,32,62,40,39,45,35,31,34,33,32,,37,57,71,51,64,62,26,21,28,24,36,55,61,60,44,50,44,54,57,57,,55,61,62,84,20,36,27,27,18,39,25,87,52,61,,53,53,63,54,70,71,80,79,68,89,91,83,76,52,38,43,55,112,101,109,96,105,84,,100,29,20,47,31,48,36,41,42,40,34,42,52,47,30,35,47,39,34,51,21,26,33,36,22,27,24,22,17,34,21,24,32,40,46,27,32,27,17,17,41,41,35,24,50,59,76,78,62,79,17,18,16,18,63,64,57,96,54,,,82,42,29,40,26,88,67,80,92,102,82,23,22,14,,15,19,25,76,85,79,72,94,78,68,51,30,33,21,24,70,72,63,70,67,43,78,66,67,93,87,84,52,49,61,64,,89,94,73,74,100,76,48,87,88,84,70,82,60,52,62,66,88,89,62,82,57,48,68,51,90,70,98,31,52,69,48,42,95,81,77,92,59,77,38,54,46,47,40,,45,45,39,109,42,,63,66,40,25,23,40,40,43,36,58,,52,55,29,59,,34,,47,,,47,37,31,58,60,68,61,78,,92,86,,40,67,51,52,49,44,60,74,75,51,74,99,50,103,,96,99,133,100,,116,69,59,52,60,27,,24,94,76,95,63,50,83,65,,64,65,74,101,,,30,31,106,111,123,116,108,46,43,61,49,46,74,44,43,48,48,35,36,48,31,50,34,31,64,62,45,35,46,18,23,22,21,46,,,54,21,21,18,30,26,30,44,,37,35,40,49,36,50,44,16,17,16,44,44,46,38,64,24,42,36,45,48,50,65,45,53,,35,55,29,28,43,25,,40,37,42,,52,31,40,36,46,33,59,28,62,55,43,33,40,50,35,26,53,76,56,78,50,,46,23,34,29,62,66,49,47,78,72,,34,40,72,47,101,50,51,34,41,53,35,43,33,43,110,61,58,60,26,30,26,32,40,32,32,43,36,33,44,50,35,23,28,24,36,32,27,61,53,51,37,25,14,20,20,79,89,152,131,94,69,75,89,98,31,30,50,26,37,52,53,62,54,46,26,18,21,19,76,90,87,,70,83,82,75,,75,76,88,,90,89,73,76,79,101,111,110,99,105,62,74,70,66,89,90,88,,17,20,26,19,88,78,76,60,65,59,59,60,37,32,23,44,48,39,,40,39,,44,73,70,61,70,50,57,46,24,24,36,30,40,40,36,45,28,34,29,33,48,40,42,47,48,40,77,82,95,98,130,38,51,27,35,41,78,73,66,61,72,27,35,37,38,48,13,11,6,14,22,18,22,19,16,20,22,22,16,38,51,25,38,23,34,34,24,22,34,36,24,20,17,44,44,15,10,14,7,30,17,58,78,87,72,75,80,68,87,25,30,53,33,18,25,34,28,68,58,64,,57,,56,44,52,60,33,55,38,78,,36,31,,63,60,58,68,55,13,15,11,,71,34,35,,35,23,52,28,45,48,21,37,37,38,37,13,18,20,20,7,10,34,,38,18,15,61,45,12,30,23,6,4,9,10,28,28,,21,27,24,32,33,12,42,37,30,28,10,8,50,36,38,31,62,55,52,48,31,,85,,32,31,39,29,29,26,64,73,70,72,,33,33,40,38,88,83,52,61,78,59,44,52,45,71,68,50,55,78,85,78,96,78,36,,112,74,73,49,82,55,54,80,46,78,86,72,74,86,83,84,82,77,79,53,43,75,78,70,33,33,82,69,71,63,178,50,,58,68,63,13,17,17,35,52,48,35,42,15,35,46,100,25,32,40,75,58,110,118,24,37,30,66,68,42,39,36,61,36,58,56,37,40,8,13,66,42,39,46,79,51,70,34,62,52,63,56,51,79,68,69,64,47,50,46,35,23,38,44,42,30,36,47,21,44,53,48,42,48,60,,35,75,60,,44,38,60,80,102,30,80,27,96,40,24,36,99,90,36,75,66,68,74,68
20170820,11,O3_8h_24h,32,43,43,26,24,40,16,24,46,63,25,25,,,37,,54,52,36,,33,106,77,,66,,,41,59,45,37,60,37,106,34,32,41,37,31,35,101,77,71,71,47,63,57,68,79,78,73,63,87,77,90,87,124,127,101,83,20,18,18,20,20,42,40,,40,71,55,61,46,47,61,99,98,,98,88,,,74,95,77,48,58,63,98,93,53,35,52,38,39,62,50,39,32,,,42,47,38,46,,41,79,98,83,91,104,118,,99,99,107,38,38,38,,38,42,40,45,41,30,42,43,47,,35,37,33,42,27,48,60,35,88,85,87,,83,76,79,82,90,81,42,58,60,51,44,37,67,46,57,71,51,50,63,55,68,,64,57,65,61,56,53,40,,,,53,30,,45,40,38,,26,35,39,,55,61,53,65,40,43,59,46,70,,,,64,68,,58,68,60,49,44,,49,32,32,26,31,24,36,46,,32,,41,,44,42,38,49,44,39,45,41,49,53,44,,70,74,76,72,,73,71,60,38,41,32,42,63,75,,,71,,62,49,,68,70,65,54,54,49,,54,59,18,40,22,36,32,,24,27,30,35,27,41,46,50,53,29,40,,44,56,71,30,71,39,42,30,40,28,41,28,29,31,,40,37,,52,56,38,45,55,,107,98,73,81,91,87,88,53,84,94,100,83,77,94,92,94,84,45,,37,38,35,32,35,43,44,42,36,30,52,28,36,36,34,42,45,35,30,27,22,,26,23,29,31,19,36,20,24,10,26,31,13,27,31,17,14,35,15,7,29,37,35,24,46,34,36,26,26,48,24,20,34,40,29,26,31,30,27,28,32,31,28,27,35,38,37,32,41,28,32,35,48,46,14,16,18,17,14,18,23,12,3,21,24,13,19,111,,56,55,56,61,80,23,70,36,,65,34,,37,30,,27,44,23,22,24,,30,115,25,29,34,26,26,27,23,21,22,18,16,27,28,14,15,12,55,39,56,60,47,55,78,57,56,64,58,41,69,44,87,56,65,46,62,81,64,117,62,77,50,,58,69,79,,,,97,102,19,13,13,13,110,,29,44,23,49,40,53,39,33,40,43,49,47,39,35,56,88,91,80,96,93,82,101,114,104,118,79,58,53,76,56,32,19,16,22,53,45,45,73,52,69,53,26,26,23,44,,66,,63,68,63,52,50,,,68,,69,70,72,,38,55,62,58,67,73,32,48,65,50,49,90,85,93,109,84,,55,,56,,44,46,52,46,71,78,63,98,106,89,94,92,90,75,82,60,,164,105,144,124,105,37,30,29,28,46,40,31,32,33,38,23,29,31,28,27,26,32,34,39,39,39,34,37,48,45,31,22,19,81,82,,49,40,,39,34,44,40,36,22,17,9,,,93,93,90,49,,85,,108,87,90,116,,129,124,,59,58,76,,56,30,58,46,34,48,108,29,52,41,,71,58,70,46,50,72,,36,40,37,22,30,40,29,36,17,30,39,19,36,76,40,40,49,35,31,34,33,32,,37,72,73,51,64,62,26,21,28,24,36,55,61,60,44,50,54,73,60,71,,60,64,66,86,46,68,64,51,32,72,53,105,66,69,,63,74,77,54,70,84,81,81,89,89,91,83,76,102,74,69,74,112,101,109,96,111,85,,100,38,32,47,40,61,36,41,42,48,39,42,85,55,30,35,50,39,34,51,21,26,33,47,22,28,24,22,17,42,27,24,32,40,46,27,32,27,17,17,59,69,80,61,84,96,112,106,105,102,17,55,16,18,63,82,92,123,64,,,90,50,38,41,37,104,87,94,104,130,92,23,28,14,,24,30,38,76,85,79,72,94,78,68,55,30,33,21,24,70,72,64,70,69,46,78,66,67,93,87,84,52,54,69,73,,103,106,99,111,118,79,55,87,101,84,70,82,60,52,62,66,90,93,62,82,58,48,146,51,90,70,98,31,52,69,48,45,95,81,82,92,85,84,48,75,64,75,63,,62,56,70,135,63,,66,66,61,43,47,75,71,51,50,58,,60,62,35,60,,34,,56,,,56,39,31,58,62,68,61,80,,97,86,,40,67,51,52,62,66,64,100,94,68,100,129,50,108,,104,111,144,100,,132,73,86,94,94,27,,24,98,83,100,63,50,83,66,,88,94,95,136,,,30,31,106,111,123,116,108,46,43,81,49,46,74,52,43,64,48,35,36,48,31,52,34,31,64,62,45,35,46,18,23,22,21,46,,,54,29,34,31,30,26,30,44,,37,35,40,49,36,50,44,16,17,16,44,44,46,38,64,24,42,36,65,48,50,65,45,53,,35,55,29,28,43,25,,40,37,44,,63,31,40,45,46,33,59,28,62,55,45,33,42,56,40,28,53,76,56,82,51,,50,23,34,29,63,67,64,58,78,72,,34,40,72,48,101,50,51,34,41,53,35,43,33,43,112,61,58,60,26,30,26,32,52,51,39,43,36,33,44,50,44,23,28,24,36,32,27,61,53,51,37,28,21,34,20,79,89,152,131,107,69,75,89,98,31,30,50,26,37,52,53,62,54,46,28,19,21,25,76,90,87,,70,88,83,102,,97,94,95,,94,89,73,76,79,101,111,110,99,105,74,88,84,78,91,90,88,,24,20,26,19,90,88,83,60,65,59,59,60,37,32,27,53,65,54,,48,43,,44,89,73,80,72,50,57,46,24,24,36,35,40,40,36,47,28,34,29,33,48,40,44,51,50,46,77,82,95,98,130,38,51,27,35,43,78,73,66,61,72,27,41,37,38,48,13,11,6,14,22,18,22,19,24,25,22,22,35,41,51,37,38,23,34,35,24,22,34,36,24,20,17,44,44,15,10,38,8,31,19,58,95,101,72,86,104,78,104,59,30,63,48,51,38,60,49,107,71,64,,68,,56,44,54,60,50,82,47,105,,40,31,,74,60,58,68,55,16,18,18,,84,34,35,,35,35,62,36,49,52,28,39,39,38,40,13,18,38,26,7,10,39,,38,26,23,62,45,12,30,27,6,4,10,10,43,44,,27,40,24,32,33,12,48,40,44,39,10,8,55,38,38,31,64,57,58,55,56,,99,,48,42,39,29,31,26,64,88,76,76,,56,46,42,38,91,84,69,70,95,59,58,73,75,71,71,50,63,87,94,85,106,94,59,,116,81,73,52,87,59,54,83,46,82,96,81,86,90,89,91,88,78,89,53,43,75,78,70,33,33,84,70,108,89,178,50,,58,68,63,21,43,17,65,61,59,35,42,24,35,46,100,25,45,48,75,74,116,121,27,37,30,72,69,42,70,36,61,36,58,75,39,48,8,13,69,50,45,46,91,74,88,34,62,52,63,74,54,99,94,100,92,47,57,46,39,29,65,62,47,33,36,47,21,76,65,55,69,74,66,,50,94,60,,44,53,85,81,128,30,87,30,114,40,24,45,99,92,36,75,66,68,74,68
20170820,11,CO,1.6,1.3,1.6,1.4,1.4,1.4,1.4,1.6,1.2,1.4,1.4,1.5,,,2.3,,1.6,1.6,3.1,,1.5,0.9,1.1,,1,,,0.8,0.5,0.6,1.4,1,1,0.8,2.6,3,2.2,2,4.1,2.9,0.4,0.4,0.3,0.4,0.4,0.9,0.7,0.7,0.8,0.7,0.7,0.8,0.7,0.7,0.9,0.7,0.7,0.8,0.9,0.8,1.4,1.1,1.3,1.7,1.4,1.6,1.7,,1.5,1,0.4,0.3,0.7,0.4,0.7,0.5,1.1,,0.9,2.2,,,0.9,0.7,1.9,1.2,1.9,1,0.9,1.5,1.1,1.4,1.3,1.5,1.6,1.4,0.7,0.8,0.9,,,0.6,0.6,0.8,0.6,,0.7,0.8,0.7,1.5,1.1,0.7,0.9,,0.8,0.7,0.9,0.9,0.9,1,,0.9,0.7,1,0.8,0.9,0.8,0.5,0.9,0.7,,0.3,0.5,0.6,0.9,1.2,0.5,0.5,0.7,0.5,0.8,0.6,,0.7,0.7,0.8,0.6,0.6,0.5,0.6,0.6,1.5,1.6,1.4,1.2,1,1.5,1.2,0.4,0.8,0.6,0.4,1,0.5,,0.7,1.2,0.8,0.9,0.7,0.7,1.4,,,,1,0.7,,0.8,0.9,0.5,,1.1,0.6,0.5,,0.6,0.7,0.8,0.8,0.7,0.8,0.9,1.2,0.6,,,,0.6,0.5,,0.8,0.7,0.7,0.6,1,,0.8,0.6,0.3,0.3,0.4,0.4,0.8,0.6,,0.8,,0.8,,0.6,0.7,0.8,0.5,0.7,0.8,1,0.9,0.7,0.7,0.8,,0.8,0.8,0.6,0.9,,0.5,0.5,0.5,0.7,0.5,0.7,0.8,1.1,0.8,,,0.7,,0.9,0.9,,0.2,0.4,0.5,0.6,0.6,0.3,,0.7,0.6,0.4,0.4,0.6,0.7,0.5,,0.5,0.6,0.6,0.9,0.6,0.3,,0.7,0.5,0.8,0.2,,0.8,0.8,0.6,0.5,0.4,0.6,0.7,1.6,1.1,0.6,1.2,1.1,1.2,0.5,,1.5,1.1,,1.3,0.8,1.2,1.1,1.2,,0.3,0.2,0.5,0.3,0.6,0.6,0.4,0.2,0.6,0.8,0.8,1,1.3,1,1.2,1.4,0.9,1.4,,1.4,2.6,1,1.1,0.7,1.4,0.6,1.6,0.9,0.5,0.7,0.4,0.4,0.5,0.6,0.3,0.3,0.5,0.6,0.8,,,,0.6,0.7,0.6,0.8,0.7,0.9,0.9,0.7,0.7,0.6,0.7,0.8,0.8,0.7,0.7,0.7,1,0.5,0.4,0.6,0.5,0.5,0.4,0.9,0.6,0.4,0.6,0.6,0.8,0.8,1,0.6,0.7,0.7,0.2,0.4,0.3,0.4,0.8,1,0.9,0.7,0.8,0.9,0.7,0.7,0.7,0.6,0.7,0.9,0.8,0.5,1,1,1.2,0.8,1,0.8,0.8,0.8,0.6,0.6,0.6,0.5,0.6,0.6,,0.8,0.7,0.9,0.6,0.7,0.7,0.8,0.6,,0.8,0.5,,0.7,0.7,,0.7,0.6,0.9,0.9,0.8,,0.6,0.2,0.4,0.5,0.5,0.5,0.5,0.5,0.6,0.5,0.5,0.6,0.8,0.5,0.8,0.5,0.7,0.6,0.4,1.1,0.6,0.4,1,0.5,1.3,1.6,1.4,1.5,1.3,1.2,1.2,1.6,1.5,1.4,1.4,1.4,1.4,0.5,0.6,0.1,0.5,0.3,0.4,,1,0.9,0.7,,,,0.6,0.3,0.9,1,0.8,0.9,0.8,,1,0.6,1.5,0.4,0.5,0.4,0.4,0.4,0.4,0.6,0.7,0.3,0.5,0.7,1.2,0.6,1,0.8,0.3,0.7,0.9,0.6,1,0.4,0.5,0.6,0.7,0.8,0.7,1,0.7,0.6,0.7,0.9,0.9,0.9,1,1.2,0.9,1,0.8,0.8,0.7,0.8,0.7,,0.7,,0.7,0.7,0.5,0.8,1.6,,,0.8,,0.5,0.9,0.7,,0.9,0.9,1.6,1.8,0.7,1.2,0.3,0.4,0.7,0.4,0.2,0.5,0.3,0.6,0.3,0.4,,0.3,,0.5,,0.3,1,0.8,1.3,1,0.5,0.7,0.4,0.4,0.4,0.5,0.4,0.6,0.3,0.5,0.3,,0.9,0.8,0.7,1.6,0.9,0.8,0.7,0.6,1,0.7,0.7,0.7,0.5,0.7,0.6,0.4,0.7,0.3,0.6,0.4,0.4,0.7,0.8,0.6,0.7,0.7,0.5,0.9,0.8,0.9,0.6,0.5,0.7,1.1,1.2,,1.2,1,,0.6,0.8,0.9,0.6,0.6,0.7,0.7,0.6,,,1,1.1,1.1,1.2,,1.3,,1.2,1.1,,1,,1,1.1,,1.8,1.7,1.6,,1.7,1.2,0.8,0.8,1,1.3,0.9,1.1,0.5,,,0.4,0.7,1.2,0.9,1,0.9,,0.8,0.8,0.5,0.7,,0.4,0.9,0.9,2.3,1,1,0.7,0.6,0.7,0.6,0.8,0.6,0.6,0.7,0.5,0.9,1.3,,0.4,0.8,0.7,0.2,0.6,0.3,0.3,0.6,0.3,0.3,0.4,0.6,0.5,0.3,0.7,0.7,1.1,1.1,1,1.2,,0.8,0.8,0.7,1.2,0.7,1,0.8,0.4,0.2,0.6,0.3,0.4,1.4,1.8,,1.4,1.7,2.3,2.3,0.8,1.4,1,1.4,1.5,0.7,0.7,0.4,0.7,2.6,1.8,1.4,1.1,1,0.8,1.2,1.2,1,0.9,,1,1,1.3,0.9,1.3,0.9,0.9,0.8,1,0.6,0.7,0.7,0.5,0.5,0.6,0.5,1.3,1.1,0.9,0.7,1.1,1.3,1.2,1,0.4,0.7,0.4,0.5,0.5,0.2,0.7,0.6,0.6,0.8,0.6,0.8,1.1,0.8,0.5,0.3,0.9,0.9,0.7,0.6,1.1,1.3,1.1,1.3,1.1,1.2,1,1.4,0.9,0.6,0.5,0.4,0.4,0.4,0.7,,,0.6,0.7,,0.7,0.8,0.9,0.6,0.6,0.6,0.5,0.7,0.9,0.5,0.4,,0.4,0.9,0.8,1.2,1.2,1.4,1.4,1.5,1.5,1.6,1.4,1.4,1.4,1.3,1.5,1.1,0.9,1.2,1.1,0.9,1.3,1.1,1,1.1,0.9,1,1,0.2,0.4,0.4,0.6,,1.1,0.4,1.6,1.2,0.4,0.8,2.1,0.7,,1.8,1.2,2.1,0.6,0.5,1.1,1.1,0.7,0.2,0.5,0.6,0.2,,0.5,0.2,0.3,0.3,0.5,0.6,0.8,0.3,0.5,0.3,0.6,0.4,0.5,0.5,0.4,0.3,0.6,0.8,1,0.7,0.5,0.9,0.7,0.8,1.2,1,0.7,,0.5,0.8,1.2,1.2,1.2,0.7,0.9,0.4,0.6,0.6,,0.6,0.5,0.8,1,,0.9,,0.6,,,0.4,0.3,0.5,0.8,1,0.7,0.7,1.1,,1,1,,0.8,0.6,2.7,2.5,2.8,1.8,2.8,0.7,1.1,1.3,1.4,1.6,0.9,1.1,,1,0.9,1.1,0.8,,1.1,1,1.1,1.1,1,2,,2.5,1,0.6,0.5,0.6,0.4,0.4,0.3,,0.6,0.4,0.3,0.6,,,0.2,0.2,0.6,0.6,0.4,0.5,0.3,0.4,0.4,0.8,0.5,0.3,0.5,0.3,0.5,0.5,0.3,0.4,0.1,0.5,0.9,0.8,0.6,1.3,0.8,0.5,1,1.1,1,0.6,0.7,0.7,0.8,1.1,,,0.2,0.9,0.7,0.6,0.4,0.7,0.4,,,0.3,0.6,0.5,0.2,0.7,0.4,0.5,0.6,0.7,0.1,0.3,0.2,0.4,0.5,0.3,0.3,0.3,0.4,0.7,0.7,0.6,0.4,0.2,0.8,,0.4,0.5,0.4,0.6,0.6,0.3,,0.5,0.4,0.4,,0.4,1.1,1,1,0.5,0.7,0.4,0.9,0.3,0.5,0.5,1.1,0.3,0.5,0.5,1,0.3,0.3,0.4,0.5,0.8,,0.4,0.6,1,1.2,0.3,0.4,0.4,0.5,0.9,0.9,,0.8,0.8,0.5,0.8,0.5,0.8,0.8,0.8,0.7,0.8,1,0.9,0.8,1.3,0.5,0.9,0.9,0.9,0.9,0.9,0.5,0.6,1,0.9,1.2,0.6,0.9,1,1,0.8,0.2,0.6,0.7,0.6,0.4,0.8,1.1,0.4,0.9,0.8,0.8,0.6,0.4,0.4,0.4,1.2,0.9,0.9,0.6,,1,0.5,1.3,0.8,1.2,0.9,1.1,0.9,0.3,0.7,0.9,0.7,0.4,1,1.3,1.1,0.9,1.1,1.2,1,1.2,,1,1,1,1,,0.9,1,0.7,,0.7,0.7,0.9,0.8,0.7,1.4,1,1.7,1.3,1.2,1.1,0.7,0.8,0.7,0.8,1.1,1.1,,1.4,0.8,0.8,1.4,1,1.4,1,0.8,0.8,1.3,1.2,1.2,0.8,0.7,0.9,0.7,0.9,0.9,,0.8,0.6,,1.2,0.9,1,1,1.1,1.3,1,1.1,1.1,0.9,0.5,0.6,0.7,0.6,0.8,0.6,0.5,0.4,0.5,0.5,0.5,1.1,0.5,0.8,1,0.9,1.5,1.7,1.6,1.3,1.1,0.4,0.5,0.4,0.4,0.4,1.3,1.2,1.1,1,1.5,1,2.5,1.4,0.8,0.5,0.9,0.9,1.3,0.9,1,1.4,1.3,1.5,1.3,1.2,0.8,1,0.7,0.4,0.7,0.5,0.9,0.7,1.2,0.8,1.1,0.9,1,1.4,0.4,0.4,0.6,0.5,0.6,0.7,0.4,1.1,1.1,0.6,1.3,0.9,0.5,0.8,0.8,0.4,0.6,0.5,0.4,0.6,0.7,0.7,0.7,0.3,0.3,0.4,0.5,0.4,0.5,0.9,,0.4,,0.4,0.4,0.8,0.5,0.6,0.7,0.7,0.6,,0.7,0.7,,0.4,0.6,0.6,0.4,0.5,0.4,0.4,0.5,,0.5,0.9,0.7,,0.8,0.7,0.5,0.5,0.4,0.6,0.4,0.4,0.6,0.7,0.5,0.5,1.1,0.6,0.6,0.7,0.6,0.6,,0.5,1.3,1,0.2,0.5,0.8,0.9,0.8,0.5,0.4,0.8,1,0.6,0.7,,0.3,0.3,0.7,0.6,1.2,0.3,0.7,0.8,0.6,0.6,1.3,0.7,1,0.3,0.7,1.1,0.4,0.4,0.5,0.3,1,,0.2,,0.4,0.2,0.5,0.9,0.8,0.9,1,1.1,1.4,1.2,,0.9,0.6,0.9,0.8,0.3,0.6,0.4,0.3,0.3,0.6,0.4,0.3,0.5,0.1,0.3,0.4,0.5,0.6,0.9,0.9,0.1,0.2,0.4,,0.6,0.6,0.1,1.9,0.8,1,0.6,1.3,0.6,0.7,0.8,0.5,0.8,0.4,0.6,0.6,1.7,0.9,1.1,0.7,0.6,1.2,1.5,0.3,1.2,0.8,0.6,0.3,1.3,0.8,1.1,0.4,,0.6,0.8,0.4,1.3,1.2,1,1,0.7,0.7,0.6,0.6,0.7,0.9,0.6,1,0.6,1.2,1.8,2,1,1,1.3,2.3,0.5,0.7,0.6,0.5,0.8,0.9,0.4,0.5,0.5,0.3,0.8,1.2,0.7,0.7,0.6,2.8,0.3,0.8,0.8,0.4,0.9,0.6,0.3,0.6,1.6,0.8,0.7,1.9,1.3,0.7,0.6,0.4,1.4,0.5,0.5,0.5,0.6,0.7,0.7,0.8,0.9,0.6,0.7,1.7,0.9,0.6,0.7,0.5,0.4,1.8,,2.4,1.1,1.1,,1,0.6,0.8,0.4,0.7,0.5,0.4,0.4,1.1,1.6,0.3,1.4,1.4,0.3,0.5,0.3,0.3,0.8,0.2,1.3
20170820,11,CO_24h,1.2,0.9,1.3,1,1.3,1.1,1,1.3,0.9,1.1,1,1.1,,,1.4,,1.3,1,1.9,,1.4,1,1,,1.2,,,1,0.8,0.6,1.5,0.8,0.6,0.7,2.3,2.3,1.9,2.1,2.7,2.6,0.4,0.4,0.4,0.5,0.5,0.8,0.8,0.8,0.8,0.6,0.7,0.8,0.6,0.6,0.8,0.5,0.5,0.6,0.7,0.5,0.6,0.6,0.6,0.8,0.6,1.4,1.2,,1.1,1,0.5,0.4,0.7,0.4,0.7,0.5,1.2,,1,1.1,,,0.9,0.7,1.3,1.1,1.2,1,0.8,1.2,0.9,1.1,1.1,1.2,1.3,1.2,0.8,0.9,0.8,,,0.9,0.8,0.9,0.8,,1,0.8,0.7,0.9,1,0.6,0.8,,0.8,0.8,1,1,1.1,1.1,,1,0.7,1,0.8,0.9,0.8,0.6,1,0.6,,0.4,0.5,0.6,0.7,1.3,0.3,0.3,0.7,0.4,0.8,0.5,,0.8,0.6,0.7,0.6,0.6,0.6,0.8,0.6,1.5,1.1,0.9,1.3,1.1,0.9,0.9,0.3,0.7,0.5,0.3,0.9,0.4,,0.7,0.8,0.7,0.6,0.6,0.6,0.5,,,,1,0.8,,0.6,0.8,0.4,,1,0.3,0.3,,0.5,0.7,0.7,0.7,0.7,0.7,0.9,1.1,0.6,,,,0.5,0.3,,0.7,0.7,0.6,0.4,0.8,,0.6,0.7,0.4,0.4,0.4,0.4,0.8,0.5,,0.8,,0.8,,0.5,0.6,0.8,0.6,0.7,0.7,0.8,0.7,0.6,0.6,0.7,,0.7,0.8,0.6,0.9,,0.5,0.5,0.5,0.6,0.4,0.5,0.7,1.1,0.8,,,0.6,,0.7,0.8,,0.2,0.5,0.5,0.6,0.6,0.3,,0.6,0.5,0.6,0.5,0.7,0.6,0.5,,0.6,0.7,0.8,0.9,0.8,0.5,0.9,0.8,0.5,0.9,0.1,,0.7,0.6,0.5,0.3,0.3,0.4,0.5,1.4,0.8,0.6,1.1,1,0.9,0.5,,1.5,1.1,,1.2,0.9,1.4,1.1,1.2,,0.4,0.3,0.4,0.4,0.6,0.5,0.4,0.2,0.6,1.2,1.2,1.4,1.5,1.3,1.6,1.6,1.1,1.5,,0.9,0.8,1,0.6,0.6,0.8,0.4,0.7,0.9,0.7,0.5,0.6,0.5,0.7,0.7,0.4,0.4,0.6,0.7,0.8,0.7,,0.8,0.7,0.8,0.9,0.9,0.6,1,0.7,0.7,0.7,0.6,0.7,0.8,0.8,0.6,0.6,0.6,0.6,0.6,0.3,0.4,0.4,0.5,0.5,1,0.7,0.6,0.8,0.6,0.7,0.8,0.8,0.5,0.6,0.6,0.2,0.5,0.4,0.4,0.7,0.9,0.7,0.7,0.6,0.7,0.7,0.6,0.7,0.6,0.9,0.9,0.7,0.5,0.9,1,1,0.8,1,1,0.8,1,0.5,0.5,0.7,0.5,0.6,0.6,,0.8,0.7,0.8,0.6,1.2,0.9,0.8,0.7,,0.8,0.5,,0.8,0.9,,0.7,0.6,1.1,0.9,0.8,,0.6,0.3,0.4,0.4,0.6,0.5,0.5,0.4,0.6,0.4,0.5,0.6,0.8,0.7,0.9,0.6,0.8,0.8,0.4,0.6,0.4,0.4,0.7,0.5,1.3,1.5,1.3,1.5,1.2,1.1,1.2,1.6,1.3,1.3,1.4,1.4,1.3,0.6,0.7,0.3,0.6,0.4,0.4,,0.9,0.8,0.7,,,,0.7,0.5,0.9,1,0.8,1.1,0.8,,0.8,0.6,1.7,0.8,0.7,0.6,0.4,0.6,0.5,0.5,0.7,0.3,0.5,0.5,1,0.8,1.2,1.4,0.6,0.8,1,0.7,1.1,0.6,0.7,0.8,1.1,2.1,1,1.1,0.8,0.7,0.7,1.1,1.4,1.3,1.1,0.8,0.8,1.3,0.7,0.6,0.6,0.7,0.6,,0.5,,0.7,0.8,0.7,0.8,1.1,,,1,,0.9,1,0.8,,2.2,1.2,1.2,1.6,0.9,1.1,0.4,0.4,0.7,0.4,0.4,0.6,0.3,0.6,0.4,0.5,,0.4,,0.7,,0.4,1,0.8,1.2,1,0.5,0.8,0.5,0.4,0.3,0.4,0.4,0.5,0.5,0.6,0.5,,0.9,0.9,0.8,1,0.7,0.7,0.7,0.6,0.8,0.6,0.6,0.6,0.4,0.7,0.5,0.5,0.6,0.4,0.5,0.5,0.4,0.8,0.7,0.7,0.6,0.7,0.5,0.9,0.8,0.9,0.6,0.6,0.8,1.1,1.3,,0.9,0.9,,0.7,0.9,0.9,0.7,0.6,0.6,0.6,0.5,,,0.9,1.1,1.2,1.1,,1.1,,1,1.1,1.2,1.1,,1.2,1.2,,1.7,2,1.6,,1.8,1.7,0.8,1.1,1.5,1.5,0.8,1.1,0.5,0.3,,0.8,0.9,1.7,1.3,1,1.1,,0.9,0.8,0.6,0.6,0.5,0.8,0.9,1.1,1.5,1.1,1,0.8,0.8,0.8,0.7,1.2,1.1,0.7,0.7,0.5,0.8,0.6,,0.4,0.7,0.8,0.3,0.6,0.3,0.3,0.6,0.4,0.4,0.4,0.6,0.5,0.4,0.7,0.6,0.8,0.9,0.6,0.9,,1,0.8,1,0.8,0.5,0.7,0.9,0.3,0.3,0.5,0.3,0.5,1.3,1.9,,1.4,1.7,2.5,2.2,1.1,1.8,1.2,1.5,2.7,0.9,1,0.7,1.1,2,1.5,1.2,1.2,1.1,0.9,1.2,1.2,1.1,1,,1,0.8,1.1,0.9,1.3,0.8,0.8,0.7,0.9,0.4,0.7,0.6,0.4,0.5,0.6,0.6,1.3,1.1,1,0.6,1.1,1.2,1.1,1,0.4,0.7,0.5,0.6,0.5,0.3,0.7,0.7,0.6,0.8,0.5,0.8,1,0.8,0.6,0.4,0.6,0.6,0.6,0.6,1,1.3,1.1,1.3,1.1,1.2,1.6,0.5,0.9,0.7,0.3,0.4,0.5,0.4,0.7,,,0.6,0.7,0.7,0.6,0.8,0.8,0.6,0.6,0.6,0.5,0.6,0.9,0.5,0.4,,0.3,0.9,0.9,1.3,1.2,1.4,1.3,1.6,1.5,1.7,1.4,1.2,1.3,1.3,1.5,0.9,0.9,1.2,1.1,1.2,1.2,1.2,1.1,1,0.9,0.9,0.9,0.3,0.3,0.3,0.9,,0.5,0.5,0.6,0.6,0.3,0.6,0.6,0.7,0.8,1.5,1.2,1.9,0.6,0.8,0.8,1,0.7,0.2,0.5,0.6,0.2,,0.6,0.3,0.5,0.1,0.5,0.6,1,0.4,0.5,0.4,0.5,0.4,0.4,0.5,0.4,0.3,0.6,0.7,0.8,0.6,0.5,0.9,0.7,0.6,0.6,0.6,0.6,,0.6,0.8,0.8,0.8,0.8,0.6,0.7,0.4,0.6,1,,0.6,0.5,0.6,0.9,,0.8,,0.6,,,0.4,0.3,0.5,0.5,0.7,0.4,0.5,1,,1,1,,0.8,0.6,2.4,1.7,2.1,1.6,1.7,1.4,1.1,1.2,1.3,1.7,0.9,1.1,,1,0.9,1.2,1,,1.3,1.3,1.1,1.1,1,1.8,,2.1,1.2,0.6,0.6,0.5,0.5,0.4,0.5,,0.7,0.5,0.4,0.7,,,0.4,0.3,0.6,0.6,0.4,0.6,0.4,0.6,0.6,0.9,0.8,0.3,0.5,0.6,0.5,0.9,0.6,0.5,0.3,0.5,0.9,0.7,0.7,0.6,0.8,0.5,1,1.1,0.9,0.9,0.9,0.8,1.2,1,,,0.2,0.8,0.7,0.6,0.4,0.6,0.4,0.4,,0.5,0.9,0.6,0.9,0.4,0.5,0.4,0.4,0.6,0.2,0.4,0.3,0.5,0.6,0.3,0.5,0.6,0.4,0.7,0.6,0.5,0.5,0.3,0.8,,0.5,0.6,0.5,0.6,0.7,0.3,,0.5,0.4,0.3,,0.4,0.9,0.7,0.8,0.7,0.8,0.5,0.9,0.5,0.7,0.4,0.8,0.4,0.6,0.5,1,0.4,0.3,0.4,0.4,0.8,,0.5,0.3,0.4,0.6,0.2,0.3,0.3,0.5,0.7,0.7,,0.7,0.7,0.4,0.5,0.4,0.7,0.7,0.7,0.6,0.7,1.6,1.1,0.8,1.1,0.6,0.9,1,0.9,0.7,0.8,0.6,0.7,0.7,0.8,0.8,0.7,1.1,0.9,1.1,0.9,0.3,0.9,0.8,0.8,0.5,0.6,0.9,0.6,1.5,0.8,0.8,0.8,0.5,0.4,0.3,1.2,1,0.9,0.6,1.2,0.7,1,1,0.6,0.8,0.6,0.8,0.8,0.6,0.7,0.8,0.5,0.4,0.9,1.4,1.1,0.8,1.1,1.8,1.4,1.5,,1.2,1.2,1.2,1.1,,1,1.1,0.9,,0.9,0.7,0.8,0.8,0.6,1.3,1,1.6,1.2,1.1,1,0.6,0.8,0.7,0.7,1,1,,0.8,0.8,0.8,0.8,0.7,1.1,0.7,0.5,0.5,0.9,0.9,0.9,1,0.6,0.8,0.6,0.8,0.8,,0.8,0.6,,1.1,0.8,1,0.9,1.1,0.9,0.7,0.8,1,0.8,0.6,0.8,0.8,0.6,1,0.6,0.5,0.5,0.6,0.5,0.5,1,0.4,0.8,0.9,1,1.4,1.8,1.6,1.5,1,0.4,0.4,0.5,0.5,0.4,1.2,1.2,1,0.9,1.4,0.9,2.4,1.5,0.9,0.7,0.8,1,1.1,1.1,0.8,1.1,0.9,0.9,0.8,0.7,1.1,1,0.8,0.4,0.6,0.6,1,0.6,1,0.8,1.1,0.9,0.9,1.3,0.4,0.8,0.6,0.4,0.5,0.7,0.4,0.9,0.7,0.5,0.9,0.8,0.4,0.6,0.7,0.4,0.6,0.5,0.5,0.7,0.7,0.7,0.7,0.3,0.3,0.4,0.4,0.5,0.7,1,,0.5,,0.5,0.4,0.6,0.6,0.5,0.6,0.7,0.3,,0.6,0.7,,0.4,0.6,0.6,0.4,0.5,0.6,0.5,0.5,,0.4,0.7,0.6,,0.7,0.5,0.4,0.5,0.3,0.5,0.4,0.4,0.5,0.5,0.4,0.5,1,0.6,0.6,0.9,0.8,0.6,,0.5,1.2,0.8,0.2,0.6,0.8,0.9,0.7,0.4,0.3,0.8,1,0.6,0.8,,0.4,0.3,0.7,0.7,0.7,0.2,0.6,0.8,0.6,0.6,1.3,0.8,0.9,0.4,0.7,0.9,0.4,0.4,0.4,0.3,1,,0.2,,0.3,0.2,0.5,1,0.9,1,1,1.2,1.4,1.2,,0.8,0.6,0.8,0.8,0.4,0.6,0.3,0.5,0.6,0.5,0.4,0.4,0.4,0.4,0.5,0.7,0.5,0.9,1.1,0.9,0.1,0.3,0.4,,0.7,0.7,0.1,1.3,0.7,0.9,0.6,1.1,0.5,0.6,0.9,0.7,0.8,0.5,0.6,0.6,1.9,1,1.2,0.9,0.9,1.4,1.6,0.3,1.2,0.8,0.4,0.4,0.9,0.7,1.2,0.5,,0.5,1,0.6,1.1,1,1.1,0.8,0.7,0.7,0.8,0.8,0.6,1,0.4,1.1,0.7,1.6,1.1,1.1,1.1,1,1.5,1.8,0.5,0.6,0.6,0.4,0.7,0.9,0.5,0.5,0.7,0.4,0.9,1.1,0.8,1.6,0.8,1,0.3,1,1,0.5,0.8,0.5,0.5,0.5,1.2,0.7,0.7,1.2,1.1,0.6,0.5,0.6,1.3,0.4,0.4,0.5,0.7,0.6,0.8,0.8,0.9,0.6,0.9,0.7,0.8,0.5,0.7,0.5,0.5,1.9,,1.6,1.2,1.1,,1,0.6,0.8,0.4,0.7,0.6,0.6,0.4,1.1,1.4,0.3,1.2,1.5,0.4,0.5,0.2,0.3,0.7,0.3,1
20170820,12,AQI,115,92,115,115,108,117,84,84,68,90,119,87,,,70,,64,52,73,,62,49,39,,52,,,73,60,64,93,62,53,84,48,58,69,52,75,56,32,32,37,33,33,83,100,87,78,62,55,74,72,64,55,59,64,63,59,63,53,57,50,61,53,79,57,,75,50,60,59,79,63,58,68,65,,62,77,,,60,53,70,74,83,65,89,102,132,113,82,102,107,80,40,40,46,,,48,52,40,42,,43,32,34,29,35,36,43,,30,29,25,32,58,26,,31,33,26,34,28,28,58,36,32,,30,37,31,40,30,35,45,34,32,34,40,40,47,38,39,45,39,43,31,27,28,38,48,33,31,32,25,40,48,41,42,46,35,,47,53,39,42,51,49,50,,,,62,52,,56,53,55,,51,40,40,,22,,28,25,32,37,26,53,28,,,,25,25,,30,32,26,42,38,,28,28,33,27,37,30,36,43,,53,,52,,54,55,51,26,65,48,45,53,57,47,60,,45,47,43,46,,52,46,53,74,90,55,87,72,55,,,27,,57,42,,62,45,36,39,33,30,,53,44,32,33,32,53,36,,31,36,29,35,27,43,46,31,38,28,72,,79,78,84,73,59,74,79,65,60,75,76,56,59,28,,75,75,124,69,73,78,110,108,,33,37,33,41,37,39,36,40,31,51,48,53,52,51,59,58,61,51,,72,63,62,46,60,52,56,56,53,37,34,38,40,31,39,48,35,35,49,66,43,,45,70,46,49,59,87,54,100,30,43,34,49,33,56,25,25,34,31,52,32,28,28,18,45,47,32,31,28,32,58,55,51,40,,32,43,46,22,39,52,57,67,49,60,79,69,49,65,61,48,49,51,41,32,59,63,48,38,51,38,46,10,26,29,19,36,45,,49,37,69,40,50,45,49,47,,40,48,48,39,33,,31,45,35,34,53,,30,53,29,32,30,28,39,34,39,35,35,30,29,25,32,31,26,33,20,15,20,21,26,20,98,90,73,82,93,83,77,74,79,88,64,94,89,37,24,35,37,26,32,,18,21,39,,,,42,38,51,69,36,51,49,,57,36,53,39,36,33,52,50,47,40,43,25,39,52,54,36,60,60,32,62,56,32,38,30,40,36,43,51,43,34,25,24,25,30,48,43,40,32,54,33,35,78,71,74,83,,51,,35,,40,33,59,,,53,,35,34,35,,47,43,67,77,52,49,39,39,44,49,35,35,31,32,37,34,,43,,39,,35,42,41,46,40,44,43,39,33,41,35,32,30,31,30,28,,124,87,110,120,124,56,52,37,45,50,57,35,40,30,22,32,21,23,44,35,39,49,53,52,32,23,36,69,101,89,25,23,19,47,80,,94,85,,36,30,44,41,34,51,51,31,,,69,79,85,72,,56,52,58,53,48,49,,52,50,,90,95,84,,85,54,70,72,79,57,66,53,59,44,,34,31,38,30,34,31,,49,52,40,44,25,33,33,28,39,25,29,44,37,35,35,46,40,30,26,26,26,26,,24,48,35,39,31,55,33,37,49,26,37,34,33,35,29,28,33,38,45,42,,35,45,33,59,69,48,50,52,52,57,54,30,63,75,,72,148,87,93,45,55,53,45,62,54,56,53,54,115,100,85,92,68,70,58,66,69,75,,70,60,68,53,56,66,61,56,51,48,36,47,53,45,43,42,33,46,43,27,51,64,29,20,27,32,29,33,33,18,20,26,34,30,30,30,46,39,16,14,39,36,40,48,33,49,54,52,50,66,31,40,35,29,55,56,55,52,79,,,67,42,38,32,59,52,57,61,61,73,57,52,44,33,,49,36,29,57,72,65,69,47,55,59,74,72,48,72,51,42,21,18,34,19,63,36,32,79,84,78,78,52,77,68,34,,31,39,,59,34,25,28,30,76,66,56,58,32,33,85,82,32,28,34,40,38,29,47,26,34,26,43,25,42,41,29,34,31,26,29,33,26,29,45,48,36,47,31,18,62,38,49,63,51,,28,30,45,49,48,24,21,19,16,28,,36,36,50,45,,52,,44,,,30,26,55,95,81,89,112,50,,53,50,,56,68,88,,122,,120,59,61,64,66,73,64,48,,46,46,75,62,,59,60,57,58,43,87,,65,35,33,35,39,47,45,63,,30,27,47,72,,,33,36,45,50,40,48,34,41,46,35,42,40,30,33,29,36,38,33,33,41,45,35,35,36,52,57,31,32,34,25,36,42,34,35,,,36,57,21,27,50,71,57,29,56,41,26,40,24,31,22,,25,29,49,31,31,38,33,30,23,31,46,38,30,34,29,24,24,,54,43,62,33,36,39,,51,,42,,53,58,74,62,25,43,49,65,36,60,49,74,55,42,23,40,,33,45,49,58,,45,63,92,110,38,31,30,30,60,62,,46,50,22,19,24,103,134,75,92,85,69,62,55,59,52,49,62,56,60,64,54,64,66,64,60,29,49,59,57,40,21,64,43,26,24,51,58,55,56,50,42,62,57,61,52,99,83,87,72,95,95,98,90,101,54,53,51,57,53,63,62,55,62,63,22,28,40,54,64,50,50,,52,67,58,48,,52,52,52,,49,65,59,63,65,48,57,68,73,63,99,70,66,54,80,82,69,,58,58,64,53,27,78,89,78,102,87,70,100,40,74,41,59,60,57,,25,33,,36,38,48,44,44,73,74,77,58,59,40,34,37,31,24,27,53,39,47,36,38,35,55,49,30,36,41,56,65,55,82,22,33,24,72,23,57,32,51,51,61,27,35,28,45,32,40,54,72,70,53,60,46,58,51,37,29,31,33,38,,52,44,70,62,53,56,61,65,68,33,29,51,44,43,24,32,30,31,45,62,85,80,107,75,54,51,40,69,33,32,39,31,51,35,36,52,41,51,50,,42,,51,35,40,43,66,52,20,59,,30,36,,46,60,52,52,35,10,11,11,,32,25,27,,25,20,52,53,49,57,53,24,31,60,25,55,60,59,41,16,17,19,,32,58,62,35,33,95,56,24,45,31,44,32,61,20,,24,38,17,33,63,31,18,,39,26,45,37,57,20,36,62,19,17,19,23,52,,33,,21,29,34,38,47,44,51,44,43,39,,31,28,32,23,31,28,41,22,40,28,28,33,33,38,29,55,59,26,38,34,32,25,54,,37,26,25,59,26,39,23,55,28,43,22,23,25,29,27,27,26,23,24,41,139,37,32,35,39,31,48,55,78,51,72,123,,103,500,500,64,60,61,20,29,20,33,38,60,28,64,52,49,55,65,57,55,47,74,67,38,39,28,48,39,24,53,52,33,39,42,40,19,34,51,78,30,42,40,48,30,30,30,50,73,95,69,52,59,50,31,40,47,48,58,28,32,24,27,30,56,65,35,30,26,59,55,48,40,88,,47,45,112,60,73,,73,28,78,25,31,37,68,63,46,53,57,36,64,62,55,59,31,63
20170820,12,PM2.5,87,68,87,87,81,88,62,62,49,67,90,64,,,51,,46,36,53,,44,34,27,,36,,,53,33,46,69,44,36,62,33,41,50,28,55,38,11,13,20,7,11,61,75,64,57,42,37,54,52,46,39,23,41,27,36,34,17,35,32,24,26,58,40,,55,35,43,42,58,45,41,45,47,,44,56,,,43,36,51,40,61,39,66,76,100,85,59,76,80,59,19,24,30,,,26,36,24,28,,25,20,19,20,24,17,19,,12,18,15,14,9,11,,10,7,9,9,10,13,12,10,12,,11,11,15,14,12,11,13,9,18,20,28,21,15,26,25,15,13,22,8,12,2,15,12,5,13,22,7,28,26,18,16,24,24,,27,26,27,15,18,24,17,,,,34,33,,24,32,39,,18,20,20,,11,,7,14,22,22,12,27,13,,,,10,14,,15,16,12,16,15,,18,11,13,12,13,17,22,8,,27,,36,,36,34,25,18,47,30,31,35,33,25,40,,31,32,29,29,,36,32,29,48,41,31,39,52,39,,,12,,29,29,,39,24,24,21,21,20,,20,16,22,16,22,20,25,,16,25,19,14,18,30,32,21,22,17,39,,53,57,39,53,39,37,58,32,24,18,45,35,42,16,,35,49,,46,53,34,83,81,,7,2,12,4,5,7,7,7,7,27,26,32,23,30,27,29,32,32,,44,43,32,32,29,24,28,27,25,19,18,26,25,19,23,16,17,17,34,30,30,,31,27,25,20,38,64,27,75,20,24,19,21,17,27,17,17,19,19,36,22,11,19,10,14,19,18,3,18,22,34,39,28,19,,16,23,14,11,4,36,32,48,33,43,49,47,33,29,43,33,26,29,26,21,37,29,29,26,18,26,29,7,8,20,9,9,26,,19,19,44,15,10,9,22,21,,24,6,8,11,9,,16,31,24,16,23,,19,28,4,22,13,15,8,13,22,10,11,21,13,17,16,19,18,23,8,10,5,2,18,2,73,67,53,60,69,61,56,54,58,65,46,70,65,17,14,6,23,18,14,,12,14,27,,,,29,10,12,25,25,25,8,,35,18,31,18,22,21,30,35,25,28,30,17,19,21,22,18,11,34,22,31,35,18,26,17,26,13,21,35,16,14,11,12,17,10,33,30,26,18,38,20,18,54,50,52,57,,35,,13,,17,13,42,,,37,,24,16,20,,28,19,37,44,26,20,24,24,19,15,17,7,10,10,7,7,,16,,9,,9,29,23,26,25,26,20,27,7,19,8,2,8,5,5,5,,51,45,62,50,50,39,26,16,31,23,28,16,13,12,9,17,14,5,24,24,27,31,32,29,22,14,25,42,37,44,17,15,12,31,59,,44,46,,23,13,22,19,17,24,26,9,,,48,58,63,9,,32,34,41,37,31,33,,28,33,,67,71,62,,63,38,51,52,58,29,47,24,27,26,,18,12,,16,17,15,,29,21,28,18,14,21,11,16,21,13,6,20,14,12,23,28,23,10,9,8,8,11,,5,10,,14,13,28,11,12,12,15,10,8,23,15,16,16,23,21,30,26,,15,26,11,27,26,22,23,16,28,25,23,12,45,55,,52,113,64,69,30,39,35,26,33,23,23,25,25,87,75,63,68,49,51,40,42,50,55,,51,32,45,18,26,20,27,31,35,33,25,30,37,31,30,24,18,32,30,9,26,40,13,14,18,16,20,19,16,2,9,5,20,21,21,21,32,18,3,2,27,25,28,29,19,31,38,32,35,37,11,24,12,15,11,33,39,36,58,,,48,15,8,22,42,12,40,40,36,32,30,24,27,19,,26,25,20,40,52,43,50,30,39,39,54,52,30,52,35,19,11,12,13,11,39,25,17,40,62,57,57,21,56,32,18,,17,22,60,38,9,9,19,14,6,23,28,24,6,9,63,60,,5,15,5,26,6,19,15,13,12,15,11,15,14,6,14,5,5,6,10,3,2,24,31,25,30,18,,12,13,28,34,22,,7,11,31,30,33,11,11,7,11,9,,23,23,22,31,,36,,27,,,18,18,19,71,48,66,84,35,,31,35,,36,49,65,,92,,91,39,42,45,44,52,46,33,,29,25,55,36,,42,43,39,21,30,64,,47,14,13,17,8,30,14,14,,15,9,7,52,,,10,4,21,31,16,24,17,17,26,22,24,17,19,23,19,21,12,19,16,19,31,22,21,25,30,40,15,21,20,17,25,18,11,8,,,6,12,13,11,14,42,18,20,30,9,8,4,3,9,1,,8,6,14,7,9,10,7,16,5,3,11,23,7,2,7,7,13,,38,30,44,12,20,17,,4,,28,,37,41,54,44,13,29,25,47,25,43,21,54,39,25,10,2,,19,16,34,9,,31,45,68,83,14,15,3,16,33,44,,18,35,7,6,12,56,102,43,57,63,50,44,36,40,36,33,44,37,35,44,30,32,36,46,29,20,34,42,36,28,5,10,15,8,3,35,41,24,21,25,27,41,39,36,35,74,61,53,52,22,71,73,67,72,38,34,30,40,31,45,44,38,43,45,11,14,15,26,43,30,31,,33,48,41,31,,30,29,26,,28,47,42,45,47,25,40,49,53,27,58,42,42,36,59,60,50,,41,36,25,32,12,57,66,57,76,64,51,75,28,54,16,38,33,34,,5,17,,11,25,29,22,30,53,54,56,39,40,10,17,15,21,16,14,27,27,26,25,16,13,39,34,17,19,19,26,20,11,13,6,16,4,9,2,25,15,27,13,24,13,23,14,21,22,22,22,32,51,37,35,32,28,24,24,14,15,19,26,,23,12,29,38,29,32,32,47,49,17,13,15,19,22,12,22,9,2,10,4,63,49,38,46,16,29,20,10,23,22,27,16,15,14,16,36,18,14,27,,18,,30,20,28,30,40,29,14,42,,19,22,,5,13,16,14,19,2,2,2,,11,8,8,,9,8,36,22,8,23,37,14,16,43,14,7,10,21,24,9,8,10,,1,24,22,19,5,24,9,10,31,15,22,13,7,8,,4,9,2,8,28,5,11,,11,10,20,8,2,2,25,12,3,6,10,8,27,,4,,3,4,22,24,24,25,32,23,25,23,,19,18,15,8,12,7,16,12,17,13,9,3,4,21,10,19,22,16,21,19,10,10,24,,6,10,17,42,6,27,16,39,16,30,14,13,17,6,8,,5,2,10,16,29,6,18,,21,21,14,20,48,23,32,37,,41,122,156,31,29,34,13,20,9,8,26,21,9,42,36,34,39,47,40,32,29,54,43,8,19,16,33,24,14,37,36,17,15,29,28,11,14,12,27,21,19,17,18,21,18,13,35,53,33,50,36,31,11,19,28,16,15,41,14,17,11,12,19,35,47,19,17,13,33,12,15,10,65,,26,29,84,35,44,,53,9,57,16,7,15,49,42,32,37,34,9,46,44,8,38,13,45
20170820,12,PM2.5_24h,54,42,58,47,59,56,46,53,36,46,58,55,,,50,,49,46,47,,48,48,39,,46,,,62,62,53,74,50,59,39,41,38,52,41,51,45,17,19,27,16,23,66,81,75,61,47,43,66,60,55,47,34,36,19,31,36,12,15,24,18,24,40,34,,39,35,38,46,48,45,50,51,47,56,46,44,,,42,36,39,37,38,36,57,55,62,73,56,59,74,63,18,27,33,,,30,34,28,30,,34,19,17,19,18,16,17,,19,19,18,17,14,11,,11,7,7,11,10,12,20,21,12,,23,19,22,24,22,16,19,20,24,24,25,26,17,27,25,21,19,23,9,8,9,9,14,4,8,12,5,17,18,17,16,9,19,,16,20,18,16,22,18,16,,,,31,19,,13,20,24,,21,23,16,,11,,15,12,23,18,17,22,16,,,,13,14,,17,14,18,14,16,,17,14,13,14,14,17,21,22,,9,,23,,17,27,24,18,30,24,27,29,27,23,28,,26,34,35,28,,34,29,28,34,30,30,37,38,32,,,14,,28,27,,31,29,32,19,21,19,,24,20,35,35,41,20,20,,13,17,12,13,17,23,21,16,13,15,30,,33,33,33,38,33,16,30,35,23,18,43,33,35,23,,32,40,51,37,51,53,65,58,,11,9,11,7,11,9,12,10,12,50,53,59,52,58,99,50,51,48,24,23,21,21,30,28,20,21,21,19,30,21,34,27,22,23,21,19,23,30,27,23,,26,23,24,50,22,48,24,29,16,16,13,14,14,29,14,13,14,14,28,11,13,8,13,31,30,27,13,19,23,39,35,17,13,12,6,13,15,17,20,29,28,39,29,23,25,28,22,22,24,36,31,31,28,27,31,25,23,26,26,32,29,6,8,13,8,11,21,,25,17,26,14,11,19,21,22,,18,12,13,19,17,,18,31,27,15,22,,20,27,6,18,7,14,9,12,19,16,9,15,12,17,12,20,19,21,8,6,6,5,9,3,50,43,37,44,50,49,41,57,39,37,37,54,44,23,22,12,26,17,12,,19,24,25,,,,27,17,16,23,27,26,14,,17,20,32,25,24,21,34,32,25,22,24,15,18,20,22,43,39,60,51,50,53,42,48,39,52,48,36,62,23,27,17,18,18,19,40,37,29,33,29,26,27,32,30,30,28,,17,,11,,14,11,38,,,50,,42,23,23,,26,23,28,35,29,20,22,16,19,11,32,14,15,15,13,17,,24,,24,,20,24,31,24,17,18,20,15,11,13,10,9,13,17,15,25,,56,57,56,49,55,26,28,17,28,18,30,11,11,11,11,12,11,5,12,17,20,29,34,35,12,10,16,34,29,32,11,12,12,47,57,,36,31,,22,27,25,24,17,22,24,7,,,39,42,51,36,,30,25,36,33,40,41,,37,41,,53,62,56,20,56,49,54,49,57,45,32,22,25,24,,17,13,16,19,20,15,,30,20,14,16,11,23,14,17,28,14,19,16,33,35,30,30,30,13,10,8,10,10,,8,21,16,18,12,23,17,19,19,19,10,10,22,16,18,12,15,15,15,16,,15,18,14,18,25,23,26,18,29,27,34,15,58,90,,65,78,64,75,44,56,48,45,58,46,47,49,55,75,69,69,68,47,61,49,63,57,62,,53,21,26,20,20,16,21,20,23,29,26,35,27,23,28,27,25,29,31,9,18,21,12,15,16,24,25,19,17,8,6,15,26,25,25,26,32,23,8,6,25,26,25,29,23,31,36,27,39,32,22,18,16,17,36,35,41,28,55,,,47,17,17,23,32,27,33,35,37,35,31,18,20,17,,22,23,20,34,39,36,39,29,38,34,39,34,23,43,53,48,53,53,64,51,64,55,54,29,63,40,37,8,13,8,20,,16,16,30,23,6,8,16,12,15,28,36,21,22,23,34,36,12,13,17,11,18,11,20,21,18,17,18,17,19,17,11,19,8,7,9,12,7,7,18,19,19,18,20,,19,18,21,20,22,,8,13,26,22,28,14,15,13,18,13,,18,17,18,23,,30,,26,,,20,17,26,32,19,24,33,30,,37,42,,33,40,76,77,71,61,69,64,38,42,38,43,34,38,,30,30,43,31,,35,44,41,28,30,49,,46,26,24,25,11,33,16,20,,33,31,24,48,,,12,9,16,17,30,24,21,37,32,36,42,27,14,25,20,25,35,22,29,27,31,30,33,24,27,30,16,20,16,13,13,18,14,11,,,9,12,12,14,17,28,29,20,28,15,25,5,26,14,18,,9,11,8,16,17,13,16,10,17,18,16,24,17,18,9,12,14,,35,25,34,11,12,15,,16,27,15,,26,28,32,29,21,26,24,36,22,30,20,51,38,33,25,10,14,11,13,19,14,,22,12,22,23,10,10,7,13,17,27,,26,39,9,6,11,35,48,31,22,36,42,37,35,34,39,31,44,35,31,31,31,30,30,32,24,37,42,42,45,36,6,23,18,22,16,28,27,23,23,29,22,32,31,28,30,70,59,49,51,60,53,53,45,51,29,28,26,26,27,33,37,28,35,30,33,33,36,40,53,51,50,,48,60,52,37,,39,36,52,,50,50,42,45,48,37,31,44,35,36,39,35,35,25,38,41,31,,26,29,15,28,25,36,36,33,53,48,36,59,26,35,12,22,21,23,,11,24,,17,21,22,17,30,21,20,19,32,31,28,19,21,25,22,21,29,30,33,36,31,18,23,34,13,15,17,29,20,14,16,11,20,19,18,13,19,18,20,14,25,19,25,27,25,28,11,18,23,41,42,51,43,24,27,22,21,23,26,26,,31,22,31,37,34,31,31,37,35,13,20,18,22,22,17,23,6,7,10,8,46,38,36,35,29,37,25,35,27,26,27,26,19,12,19,29,22,33,28,,16,25,23,24,25,28,28,32,24,37,,17,19,,10,22,20,24,15,4,5,6,,9,8,12,,12,13,23,30,10,16,26,11,11,14,10,10,12,23,28,10,10,10,,10,10,13,17,15,17,15,11,28,19,22,11,10,12,,10,14,11,9,13,11,9,,10,11,11,12,2,3,13,18,7,5,5,3,26,,5,,2,4,22,27,30,28,40,32,30,28,,16,16,20,16,18,12,10,22,27,13,14,3,8,21,23,21,22,31,34,34,13,12,19,,12,12,22,41,21,24,14,29,5,23,20,11,22,13,15,20,10,16,18,21,34,20,22,11,23,16,10,16,25,25,15,44,,50,80,100,31,21,30,11,8,8,14,28,15,12,26,39,25,54,53,38,50,37,41,36,13,17,14,33,27,16,26,32,24,18,47,32,10,14,11,12,20,27,22,27,16,17,13,43,44,41,42,36,29,21,23,35,19,22,18,15,14,13,16,8,25,24,16,16,14,19,15,21,10,60,,41,37,84,56,35,58,50,12,49,21,21,14,60,29,23,44,53,14,32,17,14,13,11,37
20170820,12,PM10,,,,88,,,,,63,,,,,,,,46,43,56,,51,45,33,,,,,74,70,76,,56,55,102,46,63,80,54,92,61,12,19,24,23,31,116,93,94,73,49,60,,63,59,55,68,48,56,68,72,56,63,50,71,56,61,63,,60,39,52,,61,60,65,86,60,,74,91,,,70,56,90,97,73,80,127,141,134,136,114,118,93,106,27,35,46,,,48,49,40,42,,43,32,25,28,35,32,35,,15,23,23,23,65,24,,28,22,17,18,28,28,66,24,18,,27,31,31,37,23,19,45,15,,34,39,40,47,37,39,45,39,43,31,15,21,38,48,33,,29,23,38,48,41,42,46,33,,47,56,39,42,52,49,50,,,,74,53,,62,56,48,,51,40,40,,22,,28,23,29,37,19,55,19,,,,21,25,,30,22,17,42,38,,28,19,33,27,37,30,36,43,,56,,52,,58,60,52,24,75,48,44,55,63,47,69,,39,47,43,46,,36,40,56,53,66,59,61,75,58,,,27,,64,40,,73,35,31,39,33,23,,56,44,,33,23,56,32,,31,25,20,18,26,,,27,29,,93,,95,98,88,94,56,98,95,79,70,99,102,62,,20,,99,99,198,88,84,106,103,110,,22,22,33,33,20,23,17,40,12,52,44,55,53,51,68,65,71,52,,94,76,73,40,69,53,62,61,55,32,26,31,40,30,39,48,32,35,46,81,38,,42,39,37,49,67,74,57,80,30,43,34,49,33,62,18,,34,31,44,22,14,27,12,45,47,26,22,27,31,65,55,51,40,,32,43,46,22,39,43,63,56,36,44,100,87,49,80,71,,49,52,41,32,67,76,48,33,52,33,46,9,26,23,19,36,45,,48,32,83,35,50,45,49,47,,36,44,38,39,23,,31,40,32,34,55,,30,55,29,32,30,28,39,34,39,35,35,26,29,22,32,31,26,,17,10,6,3,19,8,108,99,78,102,107,94,87,92,68,103,76,92,127,37,24,15,37,,32,,14,17,29,,,,38,38,52,87,33,51,49,,64,36,55,39,36,30,54,50,47,29,38,,39,54,58,36,69,69,24,73,62,26,36,30,40,36,43,52,37,27,25,24,22,30,,30,38,,,,,105,91,97,81,,52,,34,,22,17,63,,,,,,34,35,,,43,83,,53,31,39,39,44,49,35,12,19,12,8,27,,43,,32,,35,38,39,46,31,39,30,32,24,41,16,5,18,23,21,11,,78,72,82,68,69,61,54,37,43,50,63,35,40,30,15,31,19,22,44,28,34,49,56,54,,19,32,88,87,79,20,23,17,,66,,89,83,,36,24,41,41,29,52,52,31,,,87,81,91,94,,61,53,59,50,,42,,42,43,,,,71,,72,56,60,,,64,82,55,68,44,,20,18,27,30,29,20,,49,54,,44,24,31,33,28,39,17,20,44,37,16,35,46,40,21,24,14,26,20,,11,48,35,39,31,59,33,37,49,22,37,28,,21,29,28,31,38,45,42,,35,45,33,67,88,48,50,54,53,64,57,30,,85,,94,,113,97,45,,55,44,74,57,61,56,57,127,99,75,114,85,56,65,81,86,98,,85,69,86,56,62,81,71,62,52,41,,47,50,44,34,42,28,42,,26,52,78,27,19,27,32,28,33,33,12,20,26,30,27,27,28,,39,16,10,37,36,38,48,33,49,57,54,49,81,31,40,35,29,59,61,48,43,79,,,61,42,38,,,54,59,72,72,58,63,53,44,33,,49,29,,64,74,80,77,47,48,68,80,65,48,,51,42,19,,34,,75,34,32,108,91,86,66,53,82,86,30,,31,39,,67,17,13,24,26,102,81,61,66,32,21,89,94,24,17,,15,,10,42,26,22,16,24,25,42,41,22,34,8,19,10,,10,,45,48,35,47,29,18,73,38,49,75,51,,21,30,35,49,41,24,13,10,,10,,36,36,50,36,,50,,44,,,30,25,60,90,112,90,95,49,,56,46,,61,68,111,,115,,,67,72,78,81,96,55,47,,44,45,73,74,,64,70,63,65,38,88,,63,35,18,25,30,45,21,75,,24,27,47,63,,,33,36,45,50,20,48,27,26,46,31,42,27,26,30,28,36,21,22,23,25,,,,29,53,,31,32,34,23,30,42,34,35,,,18,63,21,27,50,92,64,24,61,41,19,40,16,31,7,,12,25,49,20,25,38,33,,22,31,46,38,15,34,24,24,23,,52,30,45,22,26,39,,52,,42,,,57,,,25,43,49,71,30,,49,64,58,42,23,40,,28,45,,65,,43,63,,,38,,13,18,69,51,,46,39,16,,13,105,,97,64,78,60,54,60,68,37,49,56,61,70,77,57,78,82,,69,22,43,51,63,,11,77,43,21,20,51,59,60,61,50,42,74,64,72,54,96,100,80,84,34,93,102,102,96,56,56,51,62,56,56,57,60,74,54,22,28,40,58,78,47,49,,53,61,51,48,,53,54,54,,49,54,61,63,53,48,47,65,,,147,90,81,57,,84,68,,58,66,77,56,22,70,,75,87,67,,84,34,56,41,67,69,64,,25,33,,36,38,48,44,44,82,58,,65,67,40,34,37,31,23,27,55,38,47,36,38,35,56,44,28,36,41,61,79,44,46,22,33,24,93,21,64,32,52,51,71,27,35,28,45,26,40,57,93,72,53,70,35,66,51,37,29,31,33,36,,54,44,89,73,56,61,72,73,75,33,29,51,44,43,21,27,30,31,45,74,113,56,57,60,49,51,37,34,33,32,35,31,51,35,36,44,26,52,50,,42,,51,35,,40,82,54,20,,,29,36,,46,70,53,54,35,7,4,8,,22,14,14,,17,19,51,56,49,63,53,24,31,49,25,60,70,67,41,16,17,19,,32,66,74,35,33,139,61,24,,31,44,32,72,20,,24,38,10,33,75,31,18,,39,26,45,37,64,20,,74,7,17,19,23,53,,6,,21,29,34,38,47,44,52,44,43,39,,31,28,32,12,20,14,41,18,40,,26,3,7,38,29,60,68,26,38,34,20,,58,,7,15,,,11,,,,28,43,,18,17,15,16,14,12,17,,41,228,37,27,,39,31,48,60,105,52,86,196,,156,1205,742,77,69,72,17,20,19,33,38,70,18,78,44,41,,54,45,60,45,76,83,32,39,24,43,39,24,53,51,24,26,38,37,12,34,52,105,30,36,32,48,,28,20,49,86,116,63,,68,50,31,32,47,48,43,28,32,15,17,30,61,,24,28,23,68,42,48,31,115,,47,45,,70,95,,71,20,70,24,17,37,85,75,,,57,,63,63,59,68,31,52
20170820,12,PM10_24h,,,,53,58,60,,,47,,,83,,,74,,60,61,61,,64,56,46,,68,,,111,112,96,91,82,71,83,72,68,114,105,102,88,29,29,44,46,46,117,131,106,90,57,68,75,75,70,62,60,48,63,65,67,64,51,48,60,40,52,53,,52,52,62,61,70,57,69,87,81,75,88,78,,,64,61,67,76,53,81,107,112,122,145,116,117,105,108,31,42,48,,,58,51,46,50,,69,29,24,26,32,30,31,,23,28,22,39,60,36,,34,15,18,25,24,38,91,70,66,,71,71,69,69,58,42,49,57,62,45,37,49,49,42,47,37,39,42,27,23,24,18,30,27,41,24,21,29,39,41,34,33,35,,38,53,39,53,55,48,30,,,,66,43,,48,50,55,,45,45,31,,29,,39,30,55,35,32,43,24,,,,29,28,,34,33,29,32,36,,27,24,30,28,31,30,30,20,,32,,46,,23,47,43,27,45,34,38,44,51,39,46,,41,49,45,44,,36,41,54,50,54,54,52,59,58,,,26,,48,38,,62,45,47,32,29,28,,41,31,51,52,56,35,38,,35,31,24,22,29,36,34,27,26,26,66,,72,69,73,77,45,36,51,71,75,66,87,77,83,32,,79,80,117,80,87,113,89,99,,34,29,27,35,23,22,23,50,21,82,77,73,82,75,72,81,77,94,65,58,64,50,57,70,55,57,56,51,54,34,70,60,41,55,46,42,51,51,54,52,,45,53,33,89,47,67,49,50,22,28,20,34,24,54,22,23,22,16,41,15,16,15,17,51,54,52,33,36,35,57,49,31,28,24,18,32,34,32,31,51,51,52,45,34,60,58,54,60,56,60,57,48,54,48,62,56,42,69,58,57,66,16,18,20,19,21,36,,46,33,58,44,42,68,51,58,,34,41,41,40,56,,34,44,37,30,65,,32,52,30,33,22,25,37,35,32,30,40,38,31,26,40,39,33,53,14,11,10,10,19,12,67,67,58,82,78,70,63,110,49,63,55,79,93,58,51,34,55,45,30,,30,47,53,,,,55,55,45,79,67,55,51,,53,45,61,42,47,38,41,51,46,41,40,18,30,45,58,68,83,76,73,90,93,92,72,63,71,87,65,97,48,44,32,31,31,40,74,68,49,56,69,50,48,70,65,66,53,,26,,29,,35,27,52,,,65,,74,32,32,,59,56,63,64,62,33,55,39,48,41,75,29,29,25,18,27,,50,,53,,46,44,39,47,29,32,41,26,22,24,22,22,23,39,32,48,,75,70,77,71,72,48,53,32,47,39,52,26,24,19,17,28,16,18,28,27,32,49,63,52,20,20,23,62,58,58,19,23,23,93,65,,65,62,,40,50,45,44,25,49,49,27,,,73,63,63,111,,45,35,49,43,50,51,,51,52,,79,76,83,18,80,92,67,93,122,82,55,61,58,39,,22,25,35,30,41,21,,49,52,30,34,18,47,55,30,51,49,39,40,56,50,49,59,49,34,31,28,28,30,,11,52,45,50,25,54,53,41,64,59,33,32,29,22,32,22,30,26,30,29,,38,35,33,46,68,48,55,37,68,62,66,30,115,117,,113,102,126,120,60,90,75,71,91,74,75,68,72,122,106,95,99,92,89,71,89,79,84,,66,47,63,55,54,48,44,42,46,31,28,41,40,41,28,45,31,42,37,28,47,62,25,25,29,46,43,50,25,24,21,37,37,44,31,45,61,75,18,17,33,38,37,43,39,49,49,43,53,64,45,28,48,41,55,62,50,41,75,,,63,37,40,44,41,44,51,69,75,52,54,60,39,53,,42,39,44,58,56,62,68,42,50,67,66,70,73,95,98,111,120,105,106,110,112,135,125,71,94,58,51,27,21,20,44,,40,43,63,61,43,20,41,30,40,92,89,100,36,29,62,58,30,17,25,23,30,30,27,33,26,16,27,28,46,39,39,40,24,20,11,15,16,15,40,36,37,34,35,28,35,37,40,57,51,,27,33,38,37,36,29,25,24,28,16,,35,29,38,37,,40,,48,,,38,32,48,67,49,41,55,55,,56,61,,75,83,105,104,101,91,134,112,57,75,63,83,63,49,,47,44,55,66,,49,63,63,50,44,95,,66,53,53,49,30,45,29,46,,96,81,99,51,,,43,47,25,31,43,62,32,63,56,56,74,67,27,43,48,59,54,36,51,40,65,49,74,49,51,41,31,30,27,27,32,37,30,40,,,40,33,28,27,41,69,76,44,58,58,122,28,59,43,34,,22,18,22,32,35,43,54,18,53,87,32,46,36,34,37,33,28,,56,30,38,26,24,34,,39,41,50,,33,47,42,52,37,44,53,58,53,36,41,57,47,60,31,43,34,26,34,33,45,,40,35,34,38,38,31,20,23,43,41,,58,61,22,25,23,67,58,55,38,56,65,47,64,57,54,47,66,57,61,62,73,64,53,49,51,52,65,65,88,60,13,75,50,53,44,40,56,49,56,62,36,59,50,58,47,91,96,73,70,90,67,79,72,75,42,43,47,43,49,42,44,40,55,43,45,54,61,76,80,83,76,,73,75,72,57,,59,58,67,,60,68,63,64,55,56,43,60,54,67,78,71,68,53,50,56,47,,42,58,62,47,35,47,39,50,68,67,66,68,39,48,42,43,51,49,,37,40,,42,27,35,32,39,38,26,20,54,48,41,45,42,52,41,36,41,48,57,62,46,32,45,45,32,37,36,54,78,49,57,27,28,35,44,32,40,35,50,61,66,29,39,42,49,34,24,45,65,66,66,82,61,84,43,41,43,50,48,46,,62,56,68,62,54,56,65,53,58,25,57,49,40,42,29,39,36,39,33,62,76,45,46,71,56,55,38,46,35,40,35,39,50,39,35,45,46,62,68,,58,53,37,35,38,46,60,51,33,40,,27,36,,44,77,62,75,53,11,8,10,,18,13,16,,23,27,35,52,39,55,38,20,23,26,21,45,56,70,45,26,19,16,,22,29,28,42,48,91,59,27,31,25,40,28,24,24,,27,34,20,25,34,38,20,,26,20,29,47,55,21,33,65,9,13,13,18,72,,10,,13,27,36,54,55,49,60,55,52,54,,32,27,32,25,74,49,33,37,42,25,26,7,16,41,41,64,54,52,56,53,33,23,58,,19,25,35,75,33,37,33,39,10,36,49,52,48,67,60,71,48,66,42,65,115,77,71,14,41,32,32,46,62,75,81,208,,149,422,294,70,48,70,24,31,16,41,46,47,22,45,46,34,82,56,53,106,50,50,79,43,37,29,42,43,32,43,39,38,31,84,40,16,55,34,48,29,45,39,54,26,27,19,52,74,77,54,55,52,54,49,64,48,37,29,29,34,21,28,16,62,46,25,31,24,43,38,55,33,103,,71,54,108,107,71,58,66,27,63,36,49,27,78,75,38,60,73,30,48,29,56,31,23,44
20170820,12,SO2,3,3,3,4,4,3,2,7,3,4,4,1,,,16,,10,4,5,,8,3,13,,11,,,10,31,8,4,12,11,4,30,36,58,54,82,49,5,3,12,11,15,9,13,15,12,13,16,6,4,4,6,10,25,21,16,9,14,13,20,14,14,14,21,,16,10,15,16,5,7,9,8,8,,12,22,,,13,10,23,18,49,22,23,32,35,22,29,29,22,13,4,10,8,,,8,12,8,9,,5,9,9,9,9,7,5,,5,5,6,7,8,8,,9,6,9,9,2,9,11,6,5,,4,8,6,13,7,6,13,7,6,7,9,7,6,8,8,6,9,9,6,13,10,26,10,9,9,10,6,13,11,19,7,7,14,,10,28,18,19,24,23,7,,,,19,12,,14,21,22,,34,9,12,,3,,4,4,2,8,5,9,18,,,,9,10,,7,7,5,22,12,,11,9,8,15,3,2,10,11,,9,,13,,27,10,6,7,14,8,10,15,5,11,11,,6,6,7,3,,8,6,7,11,13,20,13,4,8,,,5,,8,5,,7,5,7,7,7,9,,10,6,5,3,5,6,6,,6,5,1,21,3,24,12,14,27,5,6,,13,7,5,12,5,17,16,24,22,17,20,21,12,8,,21,13,,21,7,12,19,12,,3,3,5,1,9,4,6,9,6,4,8,7,7,8,2,10,6,10,,12,19,16,9,5,6,8,8,12,10,12,10,13,9,10,13,3,11,15,,,,16,9,13,17,17,6,15,16,16,15,14,9,6,17,13,8,18,19,,4,5,16,4,13,3,10,6,6,9,27,50,11,9,11,10,8,5,7,5,18,21,20,16,13,24,26,20,13,9,12,16,14,11,7,19,13,7,8,12,7,9,3,6,6,3,7,17,,16,13,19,22,12,16,15,15,,16,14,19,15,13,,7,7,16,11,6,,6,8,10,3,6,7,5,3,6,7,7,12,9,9,13,11,15,14,9,19,10,8,9,7,8,2,7,6,10,5,8,8,9,6,5,8,10,6,2,2,6,3,2,,8,6,2,,,,19,5,8,15,10,12,15,,13,28,66,16,11,12,10,20,16,11,10,4,9,22,13,5,11,57,7,37,13,7,5,5,5,4,9,12,5,5,4,6,2,5,10,9,7,10,18,15,41,4,16,12,10,,8,,7,,7,8,22,,,8,,4,6,3,,14,13,12,12,27,19,12,14,9,19,22,7,8,6,7,4,,12,,17,,4,12,16,17,2,8,7,10,8,2,3,1,5,16,12,14,,43,22,21,33,20,19,14,10,12,20,20,8,12,14,14,11,11,4,14,25,15,8,8,7,10,9,10,13,11,10,3,3,4,13,20,,18,17,,9,10,8,7,7,17,27,9,,,9,10,9,22,,36,22,97,31,10,5,,1,6,,28,39,40,,28,20,11,23,26,22,16,11,12,8,,5,5,5,6,6,4,,10,14,9,11,10,11,5,6,18,7,7,3,8,7,11,12,9,9,5,5,9,5,,2,7,5,5,15,12,2,3,6,6,8,3,6,3,19,5,12,13,10,4,,10,20,12,19,24,19,20,9,15,40,13,6,13,16,,15,26,17,15,8,10,9,7,4,3,5,3,5,26,19,15,5,11,8,9,10,7,,,10,11,10,9,5,8,6,9,10,12,19,16,7,10,12,8,13,16,11,15,9,8,9,8,5,8,7,5,5,6,6,8,8,7,5,7,14,5,2,2,7,4,7,6,7,5,10,4,10,6,14,40,10,14,4,7,9,7,14,,,9,3,4,10,6,15,8,6,18,18,14,10,6,13,,10,15,10,14,13,14,7,11,10,7,9,12,10,10,13,4,5,3,2,5,5,5,3,10,9,7,10,26,16,103,7,,9,12,91,9,3,5,4,6,6,6,5,4,10,13,24,34,4,1,4,1,7,4,4,6,5,4,3,3,8,8,7,3,5,2,1,3,9,5,8,9,13,12,10,14,11,21,,18,16,,7,7,14,13,10,10,8,18,12,4,,18,19,11,8,,8,,9,,,1,2,22,7,8,7,8,6,,8,11,,8,14,23,16,20,10,18,23,15,13,22,19,20,34,,15,16,8,10,,8,15,11,10,21,149,,82,3,5,4,9,8,7,3,,6,4,4,30,,,5,4,16,11,8,7,9,7,8,6,5,7,6,6,9,6,8,7,4,4,7,7,6,16,7,8,19,47,7,5,4,3,,7,,,11,7,7,9,2,2,3,,10,6,9,4,3,2,4,,8,11,7,6,1,2,13,3,23,16,2,18,10,15,6,9,27,,12,9,8,10,10,11,,7,5,11,,23,19,19,21,70,64,20,40,11,28,9,17,8,14,7,6,,10,4,7,3,,11,26,29,7,4,6,7,8,7,11,,19,25,20,6,10,12,13,8,14,6,11,11,7,18,4,8,14,9,12,11,6,10,8,8,7,11,9,5,18,5,5,8,8,8,43,1,9,9,14,24,30,27,29,28,25,8,11,11,8,45,23,11,32,19,23,4,26,29,24,5,10,8,7,8,27,17,13,2,23,14,19,,15,6,11,7,,5,5,7,,4,9,6,7,6,10,9,12,5,9,7,4,7,6,12,7,5,,6,46,20,5,11,8,8,8,9,7,6,9,11,18,9,6,10,7,,7,7,,3,7,4,7,5,3,2,3,15,14,5,13,12,9,10,6,31,20,19,23,21,21,19,10,28,22,7,10,6,17,9,4,7,6,7,9,4,5,6,5,2,2,4,14,34,20,7,1,3,13,15,17,13,23,15,19,12,11,29,10,,9,6,26,24,20,27,24,4,10,6,8,5,8,14,10,10,7,31,33,25,18,18,19,16,14,6,4,15,5,2,2,5,4,9,6,9,9,10,8,,9,,18,3,7,3,15,1,27,16,,4,3,,7,16,7,8,9,13,12,11,,20,13,16,,16,15,12,6,14,23,11,7,7,9,3,7,7,11,12,5,11,3,,2,7,4,19,22,9,20,9,5,4,10,12,13,15,,10,8,12,9,26,7,5,,22,20,18,9,2,5,,8,4,4,5,4,4,,4,,7,1,4,8,5,7,8,7,8,4,,7,8,8,8,7,4,5,8,9,7,8,5,4,1,2,17,17,5,8,8,4,11,5,,8,13,4,5,6,5,12,12,3,11,6,10,7,6,8,5,5,5,5,5,4,2,12,9,8,3,3,12,6,4,3,3,,12,21,33,15,23,10,3,3,5,13,20,24,10,29,6,22,11,9,10,36,19,11,96,11,9,7,6,5,6,6,9,12,11,6,7,6,11,11,145,28,17,7,8,9,3,4,5,,4,13,10,46,5,8,8,5,6,10,12,10,13,11,14,20,23,7,11,10,9,17,13,14,41,,12,10,20,17,20,5,5,5,30,1,4,5,6,33,7,18,21,6,10,7,2,12,4,22
20170820,12,SO2_24h,3,2,3,3,3,3,2,3,2,3,3,2,,,7,,10,3,5,,7,4,11,,16,,,8,28,7,2,10,7,3,32,27,52,46,53,48,7,4,16,11,12,5,11,13,10,10,15,7,5,4,7,7,21,20,12,8,7,7,13,5,7,10,15,,8,14,18,19,4,6,6,7,9,8,10,13,,,14,27,13,11,11,17,15,17,19,14,16,14,15,12,10,16,11,,,9,19,10,14,,14,8,8,9,10,6,5,,4,5,6,7,8,8,,8,5,8,9,3,11,9,6,4,,4,9,12,14,9,6,11,9,6,7,8,7,6,8,8,6,8,8,13,14,10,25,10,11,9,11,8,8,7,13,5,5,9,,8,19,18,20,15,16,7,,,,16,6,,10,21,20,,24,8,11,,2,,4,3,3,8,5,9,20,,,,10,10,,9,7,5,8,11,,6,9,7,15,2,2,10,9,,9,,14,,8,10,6,7,9,9,9,14,6,11,11,,7,6,9,3,,7,6,7,12,11,12,13,5,9,,,6,,8,5,,6,5,8,6,7,9,,9,6,18,13,11,6,6,,7,4,2,16,4,19,15,17,23,6,6,,9,7,5,12,4,10,11,40,38,40,30,32,13,5,,33,8,17,21,6,13,16,16,,7,3,3,3,10,5,5,10,7,5,9,8,7,5,4,9,6,8,11,8,8,12,9,5,4,5,6,8,20,10,20,14,19,11,15,4,11,12,14,13,,14,17,17,19,13,6,9,12,12,11,12,14,6,12,19,6,12,13,9,4,4,4,6,12,7,10,10,10,10,24,24,9,7,6,7,9,12,8,7,17,21,19,13,13,9,12,9,11,7,16,26,14,20,7,13,9,7,7,11,7,9,3,6,5,3,6,16,,15,12,11,19,10,11,15,16,,16,12,13,10,16,,8,7,16,10,7,,6,11,9,4,6,6,5,4,6,6,11,14,12,11,13,14,19,27,7,13,10,9,9,7,7,2,7,6,8,5,6,8,9,6,5,8,9,7,5,2,8,5,7,,9,8,3,,,,16,9,8,10,9,6,9,,13,22,119,32,20,19,10,78,14,11,11,4,9,13,12,10,18,18,12,17,12,11,6,8,9,6,9,11,6,5,10,6,3,5,14,13,8,35,14,42,25,4,23,14,15,,8,,9,,11,8,17,,,10,,5,9,6,,16,19,11,10,27,15,12,17,8,19,21,8,7,6,7,4,,12,,13,,5,14,19,19,4,8,8,12,10,3,2,2,6,15,11,12,,37,16,28,16,18,14,13,12,10,16,41,8,8,11,9,11,8,5,9,15,8,8,7,10,9,9,9,8,8,8,4,5,6,16,18,,18,18,,14,14,14,14,6,8,17,7,,,9,9,9,13,,16,12,20,15,10,4,,2,8,,31,45,34,21,37,12,5,16,29,17,4,13,15,12,,6,5,6,7,6,6,,18,13,11,10,10,28,6,6,13,7,8,3,16,20,28,25,23,9,6,5,9,6,,2,7,5,5,16,11,3,3,8,8,7,4,5,2,17,6,10,10,7,2,,14,13,14,14,24,18,19,8,22,46,25,6,10,11,,12,19,17,12,8,16,9,10,21,3,5,4,6,16,12,9,3,13,11,7,12,7,12,,10,12,10,8,7,8,8,10,10,30,28,37,11,9,24,9,14,12,12,19,9,6,8,7,7,10,10,6,5,6,7,9,8,7,9,8,17,4,2,2,6,6,8,7,6,5,9,5,9,5,24,20,11,11,4,5,11,6,14,,,10,4,3,11,7,8,5,8,13,11,8,11,8,12,,10,19,12,12,12,15,6,10,9,6,8,12,10,10,14,4,5,3,3,4,4,5,2,9,8,5,8,9,6,16,19,,8,27,33,12,3,6,3,11,6,3,5,4,8,13,10,11,4,2,4,2,7,4,5,6,5,4,4,4,9,6,6,3,6,4,2,4,9,5,6,8,10,10,10,14,12,22,,11,14,,7,7,12,13,10,10,8,17,12,10,,17,15,13,10,,9,,9,,,2,2,14,8,8,8,8,6,,8,10,,15,24,19,11,17,8,13,22,10,11,17,15,16,18,,11,13,7,5,,10,15,20,24,20,47,,34,11,12,10,7,8,6,4,,5,8,7,26,,,7,4,13,9,8,6,9,13,12,17,22,11,7,8,11,9,13,7,6,5,12,9,8,13,9,11,15,12,9,8,6,4,6,9,,,7,7,7,8,2,2,3,3,11,6,8,4,17,3,9,,5,11,6,7,2,4,14,2,17,14,3,14,11,15,4,9,30,,17,14,11,14,12,13,,12,1,9,,24,14,31,24,26,24,24,18,20,23,9,8,10,22,11,9,9,10,4,7,3,,10,18,19,17,11,7,7,9,13,13,,23,34,17,13,10,13,11,8,15,6,15,10,9,13,5,6,15,6,9,15,9,11,5,6,6,25,12,4,24,8,5,19,10,17,61,4,9,20,26,20,28,25,31,31,24,15,24,14,18,29,36,22,42,32,11,4,15,17,16,4,10,7,7,8,34,28,32,73,23,19,25,,13,5,10,8,,4,5,8,,5,9,7,7,6,9,7,10,3,6,7,4,5,6,7,7,5,,6,19,25,6,11,8,11,8,10,9,6,9,10,6,9,7,10,11,,9,9,,3,4,3,5,8,6,2,4,11,11,9,18,17,14,16,10,17,21,16,66,38,25,16,9,21,17,8,21,14,21,13,7,8,10,8,12,4,4,6,6,1,6,4,17,47,19,4,1,5,19,12,10,14,17,12,15,14,12,15,9,,8,4,14,41,59,14,21,13,12,7,8,5,15,18,10,16,8,39,32,25,10,9,13,11,17,11,11,8,6,3,3,5,4,7,4,8,8,9,7,,8,10,18,6,13,6,15,5,28,6,,4,3,,6,20,6,7,7,8,8,7,,20,9,13,,14,13,14,8,13,23,9,4,4,3,2,6,7,10,17,4,10,3,,3,6,3,22,36,7,19,8,5,4,11,7,12,15,,23,10,8,9,7,11,4,,12,13,16,9,2,7,5,9,5,4,5,5,3,,5,,6,1,4,8,6,7,9,8,8,6,,10,11,7,7,16,7,6,7,10,4,5,6,9,4,2,23,16,4,7,8,3,14,4,,9,14,4,7,6,7,12,13,3,10,10,11,8,9,11,9,5,5,5,4,5,1,12,7,6,2,3,12,4,2,4,5,,13,41,34,13,14,9,3,3,4,10,11,9,10,14,6,15,13,8,10,32,11,7,29,12,8,7,6,6,6,9,9,11,10,5,8,6,21,17,45,20,25,14,8,10,4,4,19,14,9,14,11,18,8,9,14,3,6,11,8,6,15,22,11,21,20,12,9,10,6,14,14,13,34,,11,10,16,25,23,13,8,5,24,2,3,6,7,34,5,10,18,7,9,6,2,12,12,13
20170820,12,NO2,45,16,52,62,49,46,27,21,5,28,56,25,,,18,,26,17,17,,18,12,9,,6,,,29,12,12,24,7,22,11,24,31,32,24,38,23,9,12,8,12,12,48,23,25,18,13,6,4,14,12,7,19,12,16,16,17,12,19,16,19,18,23,20,,20,20,12,17,8,11,18,9,16,,16,36,,,15,13,35,24,78,23,31,44,33,28,26,30,24,20,7,4,17,,,16,13,16,20,,16,8,14,12,10,5,7,,12,8,1,16,10,17,,12,2,3,7,2,6,7,18,4,,17,23,21,16,25,3,23,9,32,27,28,23,22,24,22,19,15,26,21,15,19,20,27,24,5,25,32,33,59,42,40,33,30,,51,24,30,26,16,42,14,,,,33,20,,16,,21,,41,26,27,,8,,12,6,16,23,11,29,7,,,,11,25,,6,9,9,24,25,,29,6,11,10,11,11,1,8,,16,,7,,22,73,43,7,42,41,57,62,44,35,55,,9,10,12,11,,7,9,14,33,25,21,22,19,11,,,25,,34,33,,21,8,9,8,7,8,,13,13,23,9,20,16,10,,5,16,9,4,9,17,12,11,20,5,25,,21,46,21,29,13,26,35,14,5,5,15,18,13,4,,5,30,,14,26,16,21,26,,12,12,26,10,16,18,7,18,6,14,9,18,10,22,7,18,28,5,,40,29,48,15,28,10,23,19,5,6,3,6,8,8,16,19,14,8,8,33,26,,45,27,15,20,46,47,36,25,37,41,37,30,18,40,21,29,63,46,,12,2,27,2,23,28,17,9,10,7,21,38,19,13,9,10,16,18,6,10,27,28,35,,20,42,41,38,34,45,12,31,21,14,34,42,45,25,18,19,17,21,5,2,11,5,9,25,,23,27,20,24,12,11,12,40,,18,26,24,20,18,,13,16,37,33,30,,28,8,11,14,2,9,7,13,21,9,7,12,13,7,17,16,16,19,10,25,19,3,30,9,27,36,45,35,31,33,18,30,15,36,15,27,16,21,18,6,42,41,2,,8,14,14,,,,28,20,47,39,12,33,35,,28,10,23,6,14,3,9,9,12,16,7,3,6,12,5,25,22,55,15,44,22,34,16,15,18,16,15,11,11,9,5,4,4,5,10,14,7,3,8,2,10,40,26,16,18,,12,,15,,20,7,11,,,9,,11,10,8,,12,9,17,17,8,9,5,7,8,3,4,6,22,20,6,8,,6,,4,,8,9,15,14,14,10,10,17,2,7,6,2,8,8,6,3,,26,15,23,31,31,11,8,8,16,7,11,15,11,17,18,11,6,10,11,8,6,11,10,12,4,5,5,20,19,19,6,5,5,27,23,,19,16,,6,7,8,7,8,28,21,17,,,18,13,21,11,,28,13,18,13,2,2,,8,2,,1,21,6,,4,20,24,20,27,14,18,18,8,8,,6,9,12,21,4,2,,7,15,11,15,5,5,3,9,27,5,3,2,8,10,13,15,18,8,7,11,6,9,,,17,4,7,4,2,14,23,2,19,6,7,3,6,19,4,39,32,28,32,,13,28,9,26,11,34,30,14,13,43,18,5,19,12,,14,18,9,6,13,7,16,13,19,10,4,8,4,16,17,14,18,7,5,13,9,14,23,,,37,27,20,22,30,21,16,8,10,6,5,10,3,2,2,2,1,8,3,9,15,6,4,4,12,7,10,2,7,9,4,10,9,8,11,11,9,6,7,16,25,16,14,10,15,15,19,11,11,17,35,14,10,14,16,15,14,17,,,16,18,13,12,6,14,18,20,16,23,15,25,10,15,,11,20,9,15,18,5,15,4,12,18,17,19,19,29,22,14,9,24,29,17,23,31,25,8,10,10,3,10,13,21,11,,8,32,47,33,7,17,5,16,15,18,12,15,7,,15,18,9,2,13,12,9,14,11,3,,8,6,4,10,8,4,10,4,2,6,1,10,9,29,33,32,40,20,28,16,25,47,41,38,,9,20,31,23,41,13,16,11,18,2,,13,15,33,29,,28,,17,,,11,4,6,11,8,16,10,13,,16,12,,12,16,28,22,33,27,24,17,15,11,13,19,19,16,,17,11,1,7,,10,2,18,16,4,29,,22,7,4,6,11,10,9,7,,8,7,7,22,,,7,1,18,11,10,9,3,2,15,8,15,9,3,4,8,4,10,14,2,6,5,2,6,11,3,7,8,21,19,13,3,3,9,6,,,3,11,10,,2,26,3,1,8,9,7,2,19,4,2,,5,4,3,5,6,4,22,4,21,7,9,11,6,10,3,7,21,,7,11,19,16,6,10,,18,1,2,,8,28,12,24,49,52,10,42,12,19,23,22,18,21,37,26,,8,8,10,9,,19,34,37,22,12,13,7,12,8,5,,21,12,12,29,11,20,24,22,19,14,15,13,2,11,4,11,8,8,17,18,9,9,20,17,14,2,3,4,7,3,1,5,8,9,3,3,9,4,3,10,6,16,20,15,17,15,16,10,16,17,12,6,4,14,3,9,6,11,17,4,8,7,10,4,7,32,25,28,23,9,13,,21,25,14,10,,10,4,9,,7,7,8,5,5,19,14,11,10,12,1,9,7,7,9,8,5,,38,19,21,24,11,32,18,19,22,12,13,26,20,24,22,15,22,12,,7,8,,11,4,7,18,3,5,8,7,14,5,9,9,6,6,5,6,3,10,11,7,4,7,12,7,16,12,8,6,9,9,10,3,1,5,6,7,3,1,1,5,1,6,5,9,23,7,7,18,4,14,8,16,12,14,14,10,7,7,20,20,,15,15,5,8,6,15,7,11,11,5,10,17,8,8,10,10,38,43,32,50,10,21,17,10,24,16,16,13,8,12,11,9,27,21,30,27,8,8,8,,11,,8,14,21,14,23,21,19,23,,14,13,,6,33,26,20,16,6,8,6,,7,4,7,,5,11,11,14,14,20,10,5,8,9,5,2,10,8,5,7,5,6,,2,10,15,8,11,21,6,12,12,7,8,12,5,8,,5,5,3,11,14,5,11,,10,7,10,8,16,6,3,16,1,7,8,8,16,,6,,3,8,5,10,9,8,15,13,21,14,,10,7,23,10,16,3,4,16,9,7,12,5,8,6,13,13,15,7,23,12,12,19,18,,7,3,5,26,12,32,6,11,7,11,3,3,12,12,13,11,13,11,11,21,15,4,10,9,12,20,2,7,21,20,1,13,,17,6,14,53,47,24,15,5,15,19,13,28,8,48,6,55,14,14,16,10,16,2,41,12,45,17,8,18,21,15,6,4,6,8,20,1,15,13,51,7,10,5,9,26,3,10,14,21,8,17,14,36,24,20,9,12,7,14,12,13,13,14,9,17,9,9,13,13,22,23,22,7,21,,26,11,13,9,17,21,19,7,18,7,2,9,25,19,12,4,22,4,4,11,8,9,1,11
20170820,12,NO2_24h,32,14,40,27,43,33,45,32,12,33,50,52,,,36,,36,31,40,,36,27,25,,20,,,59,41,34,45,22,45,8,54,58,45,43,60,58,17,32,24,24,32,46,36,30,26,23,17,25,27,27,18,16,15,18,19,20,28,19,28,24,13,47,46,,39,32,25,30,21,29,25,17,28,23,23,43,,,32,27,38,43,27,33,31,52,49,62,43,49,56,34,15,28,38,,,37,36,36,42,,40,8,17,12,11,6,6,,14,13,2,37,37,25,,33,5,7,27,15,30,36,43,23,,51,59,53,55,59,27,32,42,26,32,35,27,33,20,26,32,23,33,30,18,28,26,26,29,15,33,35,20,37,30,29,19,24,,33,21,30,26,17,25,23,,,,32,21,,23,26,26,,30,19,23,,14,,20,11,28,30,18,33,15,,,,16,26,,12,14,14,16,19,,22,17,22,21,18,22,10,10,,20,,16,,18,40,37,6,32,30,34,44,31,22,31,,15,22,21,24,,8,25,25,34,25,33,24,22,13,,,20,,20,21,,18,11,13,8,8,9,,15,17,24,20,30,17,15,,28,42,35,23,42,67,32,37,38,29,26,,31,34,25,34,12,28,25,35,22,30,41,34,36,7,,27,44,33,32,36,36,37,39,,11,24,19,23,25,30,11,26,12,23,20,32,28,23,16,26,34,19,38,35,30,40,27,39,35,28,28,17,25,11,30,28,26,33,34,39,22,21,49,40,,50,56,31,69,66,39,60,30,41,48,39,39,27,45,45,18,35,34,35,18,17,19,13,31,43,32,24,20,13,44,42,25,14,11,11,17,20,15,15,40,45,48,12,32,30,41,36,35,38,40,32,24,24,43,34,40,28,35,32,36,34,9,8,14,12,8,15,,33,36,41,26,24,48,26,58,,34,43,36,35,41,,23,27,49,35,39,,34,9,16,21,5,15,11,18,22,17,15,18,22,11,22,23,23,29,15,18,20,11,24,13,28,23,48,36,34,38,23,44,17,28,17,36,21,20,16,4,25,27,4,,8,14,14,,,,22,21,58,37,29,50,44,,27,19,34,18,22,13,18,26,19,23,17,3,7,29,8,30,26,31,25,38,26,30,18,15,19,16,30,32,22,23,11,14,14,21,26,32,18,15,22,27,28,37,31,26,22,,17,,20,,30,17,27,,,17,,17,23,20,,33,11,24,26,28,23,16,27,15,3,9,16,26,22,10,14,,18,,18,,22,20,22,27,23,17,23,25,9,10,7,8,10,20,15,21,,26,20,31,22,46,21,23,19,23,14,21,14,10,13,10,14,7,12,15,11,13,18,22,20,10,11,11,35,24,33,9,11,12,47,35,,24,23,,15,16,18,19,9,28,29,16,,,16,13,22,30,,22,6,15,19,14,6,,19,12,,9,30,12,6,6,59,33,30,41,38,15,23,16,18,,14,17,27,40,25,7,,27,19,10,18,9,24,9,22,25,22,17,11,29,28,32,36,33,21,18,17,14,17,,6,20,16,20,7,11,21,26,12,22,11,13,13,10,29,13,34,30,33,28,,21,14,18,15,9,28,18,6,14,23,26,4,27,19,,27,25,20,21,22,23,32,27,41,17,9,16,11,26,31,36,16,12,7,17,15,13,25,,13,21,26,24,24,18,21,20,15,13,18,13,22,7,17,9,6,11,16,5,16,27,14,4,5,24,17,19,9,11,12,14,21,18,18,26,27,27,8,11,12,24,14,16,12,25,22,20,17,17,39,21,27,19,13,19,20,20,20,,,28,17,16,13,13,14,19,25,21,31,14,30,17,23,,16,24,21,23,22,10,22,4,9,24,20,27,34,40,38,14,18,22,26,24,28,25,27,17,10,11,6,12,11,12,30,,9,23,23,20,10,18,3,16,12,27,24,21,13,,18,22,15,5,16,18,18,26,17,9,4,10,12,13,21,14,13,17,8,5,6,3,14,12,19,23,27,31,19,28,18,26,32,27,26,,12,26,31,21,35,17,22,9,16,3,,11,12,20,16,,20,,20,,,13,6,20,12,9,16,11,15,,16,12,,24,28,34,20,32,21,24,17,21,22,18,24,30,13,,21,14,2,13,,14,4,30,26,15,41,,33,13,8,9,15,17,12,18,,12,9,10,24,,,18,13,15,8,11,9,4,17,27,17,29,28,9,18,22,15,14,14,16,24,14,7,21,19,26,21,24,25,25,18,10,10,15,12,,,26,12,14,8,13,33,8,8,17,27,22,7,26,12,15,,10,5,2,18,24,22,38,6,22,22,12,13,9,15,11,20,19,,30,24,18,31,24,27,,15,8,9,,11,21,20,21,51,55,31,41,28,27,25,21,21,21,30,22,15,17,18,17,13,,21,35,40,24,18,25,19,15,13,6,,33,25,18,29,15,28,21,24,19,16,26,27,18,12,5,18,17,12,24,29,28,27,16,15,18,3,15,9,19,9,3,24,18,23,16,9,31,12,21,34,6,18,17,21,19,22,24,12,20,28,18,16,16,19,13,12,14,16,23,10,10,3,13,14,14,33,19,19,29,22,29,,32,36,26,13,,14,11,14,,11,9,9,6,4,15,16,13,13,13,24,12,15,17,9,9,8,,25,29,30,28,6,22,14,18,16,9,12,20,23,16,26,16,17,13,,10,13,,16,3,10,16,8,4,8,12,20,6,14,22,18,16,20,13,7,21,20,18,13,15,22,15,19,21,21,26,25,22,28,6,5,8,13,9,5,8,6,10,3,6,12,18,29,10,6,21,21,30,23,24,28,22,12,15,18,16,22,23,,28,23,12,15,17,18,13,14,18,13,25,25,14,13,11,12,23,41,32,34,15,21,17,22,16,16,19,20,19,22,17,10,20,29,33,34,12,17,20,,18,32,25,29,19,32,15,26,39,15,,12,18,,10,40,20,19,19,5,8,8,,19,6,12,,11,17,14,15,13,28,12,4,6,6,5,13,16,16,13,13,16,7,,6,9,6,10,20,19,14,14,11,7,10,13,8,10,,10,9,7,12,13,13,12,,10,6,9,15,16,7,11,32,4,5,5,4,13,,9,,4,10,14,17,19,17,22,20,24,18,,15,12,18,18,9,5,3,17,11,15,13,11,11,14,15,28,28,8,16,8,8,13,18,,8,8,6,25,13,30,12,12,5,11,3,4,9,10,10,10,13,11,12,45,41,13,25,5,36,38,6,17,16,17,1,22,,28,15,22,41,27,32,13,4,6,30,31,30,21,37,11,48,46,24,26,26,16,4,52,21,24,16,20,18,17,20,11,25,15,15,28,3,19,17,30,11,18,17,15,19,3,20,28,38,32,22,20,29,20,18,19,17,8,22,14,27,21,23,12,30,10,24,25,18,21,31,28,21,27,,46,14,31,27,26,30,18,10,20,20,8,9,22,44,16,23,34,8,9,19,14,13,10,23
20170820,12,O3,59,116,49,40,52,62,89,89,95,99,42,95,,,128,,126,122,125,,111,114,118,,129,,,175,147,159,152,127,107,126,129,111,138,120,110,126,102,100,118,105,104,126,122,121,139,169,156,151,177,171,162,143,171,170,151,170,127,113,133,110,112,118,125,,122,131,131,141,108,135,131,141,160,,146,133,,,123,157,126,133,80,137,112,83,106,108,110,110,119,101,128,125,116,,,114,114,112,113,,124,94,108,91,99,115,137,,93,92,78,101,100,82,,98,103,81,107,70,59,119,114,102,,94,118,97,125,94,112,118,108,100,89,85,108,88,87,91,90,95,89,65,84,88,83,58,54,99,76,78,82,46,55,65,57,82,,67,77,92,85,82,68,101,,,,110,103,,129,114,102,,42,53,58,,68,,81,79,83,82,81,58,88,,,,79,71,,74,101,81,57,53,,64,88,95,84,82,89,66,78,,52,,110,,93,35,38,64,79,27,31,37,41,62,64,,115,114,128,138,,116,124,103,179,192,157,189,170,133,,,28,,91,77,,144,144,114,101,100,93,,75,75,43,61,60,140,112,,86,93,91,110,86,114,112,97,119,89,152,,183,132,187,145,167,114,71,98,110,81,113,106,105,88,,114,118,,160,97,126,152,158,,105,116,94,131,116,122,115,94,98,141,153,130,144,124,141,140,129,149,,,120,118,119,131,127,143,124,122,116,107,108,106,98,97,112,110,91,111,114,124,,129,176,145,132,112,159,139,185,37,61,59,49,60,103,70,55,58,27,,65,89,78,55,102,97,101,98,88,79,110,117,130,116,120,102,92,75,69,82,159,161,147,154,151,183,175,149,168,164,138,100,134,120,54,69,63,69,62,100,56,88,10,58,63,44,48,119,,154,116,175,126,127,98,141,107,,128,153,151,124,105,,82,68,75,49,60,,57,74,56,53,56,56,46,50,45,49,51,39,37,30,36,30,32,32,61,33,61,67,44,64,102,81,102,90,90,73,97,58,113,75,80,95,100,79,62,112,49,53,46,,39,66,67,,,,83,93,48,57,70,61,84,,94,101,79,96,100,103,106,99,114,122,124,45,112,118,95,80,88,57,93,77,74,101,98,95,104,96,126,141,135,108,58,58,50,59,136,133,128,102,107,103,110,154,156,150,186,,151,,111,,128,103,137,,,110,,109,104,105,,150,136,166,181,106,155,78,118,88,106,92,112,97,100,118,106,,124,,122,,105,132,130,122,128,139,136,99,105,89,110,101,96,97,96,89,,248,189,220,240,247,136,114,82,105,125,104,87,87,71,68,100,66,72,104,106,90,144,119,113,72,71,67,175,201,191,65,56,58,149,176,,195,188,,108,95,138,116,108,107,100,32,,,98,107,93,131,,100,131,133,121,152,154,,161,160,,166,145,182,,147,145,162,157,146,160,134,80,89,97,,107,98,120,91,106,99,,108,117,91,,79,105,70,85,62,79,90,70,,111,109,114,113,93,81,83,79,83,,74,81,100,94,98,96,89,77,87,81,88,108,102,109,84,83,52,72,72,81,,87,68,97,95,85,108,70,93,77,84,78,90,132,140,,151,156,151,145,136,151,145,142,133,126,128,120,117,152,138,,134,159,148,154,166,125,95,,131,44,52,79,55,77,45,50,60,90,88,93,111,115,87,70,103,90,76,86,84,97,91,53,82,72,70,64,43,57,42,47,106,89,87,83,88,83,35,43,44,39,43,40,105,143,148,149,141,131,83,55,62,70,157,145,154,161,127,,,151,54,60,67,60,159,138,165,148,178,146,64,62,62,,58,40,48,102,111,100,97,102,91,108,82,134,110,104,130,67,66,48,46,58,49,53,57,111,112,118,120,96,76,105,106,,90,82,84,73,106,78,46,96,80,89,88,102,102,103,160,156,101,89,108,125,103,91,148,81,108,83,136,41,82,95,90,77,99,83,91,104,81,92,67,80,77,111,97,,87,69,66,137,80,,89,91,66,44,45,67,66,59,51,87,,100,102,26,56,,33,,125,,,62,51,90,81,83,86,78,81,,95,88,,149,146,128,132,119,126,141,137,160,146,130,146,123,150,,145,146,150,148,,148,135,126,117,137,142,,111,109,103,109,122,148,142,86,,95,84,99,159,,,85,85,114,114,126,117,106,129,108,112,117,127,94,87,90,103,121,105,104,131,111,111,109,110,114,103,93,97,106,64,69,67,70,87,,,113,49,45,49,56,60,54,84,66,80,81,75,74,59,68,,78,90,60,97,98,95,80,94,73,79,75,89,96,94,91,72,75,,95,90,86,103,114,99,,105,96,121,,112,100,142,111,62,57,73,37,93,87,78,69,77,81,73,38,,103,88,96,118,,112,89,76,101,91,98,94,96,115,100,,79,71,70,59,74,205,210,180,193,174,131,156,137,155,121,149,111,143,150,163,134,131,135,122,118,90,91,103,116,97,65,81,74,81,75,90,98,114,110,101,105,89,87,112,102,169,165,189,166,196,156,167,192,202,117,98,112,92,77,98,103,136,104,103,48,39,43,47,137,159,159,,149,142,163,103,,101,106,137,,130,121,91,98,100,151,162,157,158,170,95,105,102,98,89,92,87,,108,110,105,127,86,92,95,76,80,78,86,83,122,105,98,50,50,45,,74,70,,115,118,122,124,132,80,88,88,121,125,64,78,82,77,76,79,101,87,91,84,87,106,106,104,93,111,113,139,159,164,185,68,73,46,64,72,80,85,78,74,94,62,60,75,56,94,75,64,55,92,102,87,94,63,76,66,77,75,56,94,,86,88,68,88,83,105,95,125,129,64,64,78,85,78,74,61,10,16,30,29,174,184,213,180,163,160,125,175,104,92,95,80,57,71,76,66,129,108,120,,106,,94,91,92,108,31,61,52,88,,94,91,,111,113,105,121,80,32,35,33,,102,80,84,,79,63,55,48,70,65,41,48,47,47,49,55,58,85,87,33,42,49,,56,56,63,92,87,52,66,53,21,31,47,60,41,42,,41,42,54,60,114,49,45,,70,60,54,44,57,44,48,42,58,46,45,45,61,,105,,37,37,100,117,110,117,111,118,109,111,,68,79,63,71,97,89,95,69,90,89,87,104,103,81,76,79,86,73,62,61,100,80,63,,117,81,77,53,83,54,69,91,51,89,70,72,76,91,84,86,81,73,74,119,145,99,100,112,75,74,91,86,91,69,177,74,,117,89,83,57,44,78,63,68,61,69,76,59,89,127,155,103,119,133,158,148,148,155,110,120,37,88,134,70,34,111,116,104,122,118,82,58,37,32,73,72,132,127,130,36,96,96,95,71,196,161,142,114,75,83,89,124,71,108,68,72,76,85,81,99,113,110,93,82,64,164,130,125,160,,142,100,146,163,177,97,137,87,140,79,97,38,120,105,92,134,165,113,109,153,92,164,87,150
20170820,12,O3_24h,138,147,129,138,140,128,147,142,133,168,130,148,,,128,,126,122,125,,119,135,124,,167,,,175,153,159,152,127,107,134,151,131,170,160,132,155,158,140,144,140,134,130,122,121,139,169,156,151,177,171,162,168,180,175,158,192,127,113,133,115,112,149,170,,168,141,150,152,123,151,143,141,160,158,146,184,,,134,162,182,150,189,167,209,183,195,184,207,204,187,167,141,131,147,,,162,140,118,144,,186,99,121,108,130,135,158,,117,117,122,101,100,87,,98,103,82,107,79,60,143,126,102,,105,118,97,125,119,112,118,108,252,216,267,254,235,237,224,234,234,229,125,159,163,155,128,111,147,136,177,161,144,123,145,166,160,,155,210,242,205,222,250,101,,,,116,104,,129,114,108,,169,207,188,,158,,203,220,190,201,225,131,186,,,,161,131,,129,179,154,180,134,,173,88,95,84,110,89,152,164,,99,,110,,93,166,130,87,205,155,183,149,172,184,155,,150,168,243,208,,147,173,131,209,210,157,206,205,185,,,199,,191,187,,168,160,134,136,104,133,,169,173,145,112,125,159,159,,86,93,95,110,86,117,154,125,130,89,199,,183,217,212,202,272,114,100,126,133,107,132,131,133,143,,144,145,192,210,169,183,225,232,,133,117,108,131,118,122,118,96,106,141,153,130,144,124,141,140,129,149,112,101,120,120,119,131,127,143,124,122,131,107,135,106,105,101,112,110,91,111,222,206,,187,176,180,277,183,200,185,200,84,118,64,49,69,196,70,55,67,57,196,65,89,78,61,270,282,262,212,226,180,208,196,151,173,136,115,142,136,148,122,269,288,244,250,194,183,175,180,168,164,156,154,141,146,66,132,106,92,83,105,57,88,18,58,63,45,48,280,,270,182,177,205,199,158,186,199,,206,167,229,245,186,,126,199,230,180,171,,156,137,70,62,67,72,56,60,60,60,63,87,69,54,82,74,66,69,92,62,91,93,73,86,121,105,119,113,105,107,100,135,120,104,83,112,114,134,99,227,88,119,88,,93,129,155,,,,168,188,120,127,122,113,163,,126,101,79,96,100,103,124,130,126,142,146,55,130,118,95,186,194,199,190,193,195,186,182,183,184,164,148,160,155,138,89,93,84,95,166,181,142,154,161,158,160,209,194,200,229,,151,,111,,128,103,150,,,199,,184,114,114,,150,136,166,181,124,155,81,118,92,114,114,137,124,144,152,156,,124,,122,,105,148,149,151,128,139,136,99,106,89,147,125,124,113,119,99,,250,216,243,278,261,140,144,109,115,140,125,87,87,71,68,100,66,72,104,106,90,152,119,114,72,71,67,175,201,191,65,56,58,215,212,,209,203,,131,125,153,168,108,107,100,58,,,172,172,154,164,,146,170,182,151,152,154,,161,160,,202,174,216,220,169,145,162,157,146,160,134,103,99,107,,107,100,120,91,106,99,,138,128,112,116,83,135,77,96,84,89,95,83,156,191,147,137,145,93,81,83,79,83,,74,96,111,104,98,103,89,85,96,81,88,108,113,109,92,100,135,160,120,185,,142,143,145,121,101,120,109,101,94,129,110,124,132,140,,151,156,151,145,136,151,145,142,133,126,128,121,117,156,138,152,153,159,148,154,166,125,95,,131,129,111,123,124,142,78,87,98,99,100,110,119,123,102,88,103,92,81,86,84,97,91,67,82,74,73,69,68,76,45,48,106,89,87,83,88,83,35,43,108,94,117,115,108,143,148,150,141,143,96,101,70,71,175,176,178,171,127,,,151,134,124,131,121,174,167,187,185,187,167,92,95,83,,90,83,89,102,124,105,103,102,91,113,95,134,110,104,130,84,92,91,102,90,62,99,90,129,112,140,139,96,88,105,106,,120,154,151,151,141,113,77,124,120,90,101,117,102,103,160,156,112,120,110,125,111,91,148,118,122,94,155,52,124,129,106,95,113,110,115,131,111,110,116,155,147,253,240,,194,183,248,301,230,,145,133,204,145,165,224,204,103,104,99,,168,183,77,98,,95,,149,,,69,61,96,111,134,126,112,103,,117,109,,199,202,130,132,127,126,141,143,195,183,165,176,161,163,,154,163,151,148,,148,135,169,162,185,175,,130,156,162,160,122,148,142,105,,142,137,163,200,,,104,112,141,150,161,155,140,129,108,112,117,127,111,100,108,114,165,111,121,149,111,112,110,110,127,123,103,97,106,82,81,77,90,87,,,122,63,62,76,71,91,82,131,80,92,97,89,123,72,100,,78,90,60,100,104,98,87,99,120,140,149,89,96,94,91,74,90,,95,90,86,103,114,99,,105,96,121,,112,100,142,111,91,86,101,75,102,99,88,69,88,103,101,56,99,130,119,124,118,,112,89,76,101,91,98,94,100,143,134,,100,90,82,79,119,267,270,247,264,245,143,158,154,155,133,149,138,143,150,163,140,132,191,170,170,181,114,117,125,117,78,88,80,85,173,91,98,114,110,101,105,113,105,123,115,171,180,205,185,211,158,173,192,202,117,98,112,92,77,98,103,136,104,103,134,100,142,110,137,159,159,,149,142,163,144,,144,164,137,,130,129,92,98,101,151,162,157,158,170,105,114,109,114,94,97,96,,108,110,105,127,109,112,132,84,144,132,119,122,122,105,98,105,107,99,,99,89,,115,125,122,124,132,87,95,99,121,125,74,78,82,84,76,79,101,87,91,84,87,123,106,105,109,111,144,160,184,172,185,73,81,53,72,77,86,91,78,74,97,62,68,83,71,102,79,64,65,111,121,107,106,76,97,84,118,116,94,109,,112,114,143,141,107,110,95,125,129,64,67,78,86,88,108,86,110,127,126,135,174,184,213,180,179,183,152,195,157,134,137,121,168,178,186,172,156,144,157,,139,125,98,91,110,122,103,140,110,122,,106,98,,150,149,134,149,95,61,76,66,,112,80,84,,79,71,85,70,95,80,67,66,66,66,64,71,75,115,123,34,42,54,,63,57,63,92,87,60,72,62,37,66,65,79,57,61,,46,45,54,60,157,50,57,,79,76,60,55,78,69,73,67,76,68,82,81,67,,131,,77,75,133,159,135,157,169,175,165,174,,113,121,97,109,116,111,121,97,112,89,87,104,103,87,98,92,92,92,104,90,135,123,105,,134,90,82,133,127,81,76,91,61,89,155,163,170,158,153,158,115,114,107,136,171,117,123,146,128,123,121,115,139,134,180,162,,229,96,88,124,136,123,90,89,90,138,139,112,99,170,155,202,168,133,158,148,170,155,136,128,194,179,180,190,188,111,116,104,123,200,204,64,67,56,91,130,156,131,172,212,114,108,108,271,216,189,142,167,155,174,164,124,174,108,136,72,151,184,158,99,113,110,93,155,119,196,190,191,205,,142,140,146,217,217,129,154,105,197,95,123,47,120,114,165,144,165,145,109,153,117,164,122,155
20170820,12,O3_8h,33,33,32,30,25,43,27,35,54,19,22,36,,,52,,54,59,54,,45,61,80,,61,,,63,72,64,56,57,46,108,47,45,56,50,44,50,79,84,78,76,50,64,58,70,66,89,81,78,100,92,85,88,109,107,101,98,36,32,35,33,33,55,54,,54,57,53,58,47,59,65,64,92,40,76,48,,,53,89,50,48,42,56,68,51,47,48,59,51,53,50,65,55,46,,,55,53,52,56,,56,80,100,84,89,105,121,,82,86,92,49,47,47,,48,53,48,58,47,35,56,55,59,,46,50,44,56,39,59,50,48,62,57,50,67,52,48,58,56,60,58,44,60,62,52,42,39,70,47,59,61,32,35,41,36,53,,42,38,55,48,42,48,40,,,,45,43,,59,47,51,,29,38,42,,37,,44,50,39,43,45,29,52,,,,49,48,,52,70,56,38,36,,38,40,41,35,39,35,33,40,,30,,51,,50,40,34,48,46,31,36,35,43,44,46,,76,75,81,81,,80,78,60,60,64,51,63,72,66,,,35,,56,50,,72,83,74,55,56,55,,54,58,23,44,28,47,43,,34,32,40,47,36,53,56,44,53,38,48,,65,55,87,42,85,50,48,40,52,37,52,40,41,39,,52,47,24,70,40,52,61,72,,94,100,76,87,97,94,94,60,81,100,104,87,81,90,100,96,87,63,29,41,46,48,43,49,58,58,44,47,44,61,41,48,46,44,52,55,44,42,36,39,,41,45,45,47,32,50,37,46,14,31,28,18,32,42,25,20,34,18,7,34,41,40,28,65,35,40,37,36,43,34,34,47,50,41,34,40,36,32,36,50,50,45,45,53,59,57,50,45,48,49,37,48,43,17,21,15,25,21,30,48,23,5,27,30,18,23,67,,66,52,67,59,56,34,73,37,,59,44,54,43,42,,33,26,32,18,28,,30,88,31,33,38,31,30,31,26,26,28,20,19,19,20,11,15,16,49,33,51,56,42,51,76,59,63,56,63,46,73,47,83,59,67,53,67,74,59,116,55,62,42,,43,56,58,,,,78,75,23,19,22,20,31,,27,53,32,55,50,62,50,44,51,56,62,42,52,48,62,86,81,69,99,87,80,98,93,90,96,80,68,67,87,65,36,24,22,28,69,61,60,62,57,64,52,45,45,53,64,,82,,72,,76,62,65,,,62,,62,76,78,,59,70,79,76,76,87,40,61,69,62,56,91,86,86,110,87,,62,,63,,55,58,62,57,68,69,61,55,66,57,93,94,91,67,76,57,,141,99,117,116,107,52,44,38,40,59,51,34,35,30,37,33,31,30,41,37,30,44,48,50,45,45,39,58,70,68,29,26,24,62,82,,71,62,,50,43,58,53,46,35,28,13,,,79,78,72,53,,72,131,95,82,94,119,,123,131,,72,68,88,,70,48,76,64,51,66,111,32,37,50,,77,65,78,54,60,77,,49,50,46,25,39,52,37,45,24,38,48,28,35,70,52,51,58,46,41,43,41,42,,44,60,75,59,70,65,36,30,37,33,44,64,68,69,53,56,43,53,57,54,,57,60,64,84,27,43,30,34,25,44,31,86,63,71,,66,67,74,67,82,84,91,90,77,96,98,90,84,66,54,49,67,118,107,114,108,107,86,,105,30,21,49,35,51,38,43,47,47,41,50,61,57,40,40,56,47,42,55,29,36,41,37,31,34,33,29,21,36,23,28,44,48,53,37,43,37,20,20,39,38,35,24,54,65,81,83,69,82,27,22,23,25,77,74,68,104,61,,,89,45,34,44,30,96,76,92,99,111,91,29,28,21,,21,21,28,80,89,83,76,95,81,76,54,46,46,33,40,72,79,59,66,64,44,74,63,78,102,92,89,58,53,67,67,,88,92,76,74,100,75,47,87,85,85,72,85,67,61,78,79,87,86,70,89,64,55,76,56,93,72,102,32,58,74,55,48,96,82,78,94,60,78,40,54,45,54,46,,49,46,42,112,46,,67,69,44,26,26,44,45,46,39,61,,58,61,28,59,,36,,57,,,48,40,41,65,65,72,65,78,,92,87,,58,79,62,64,58,58,70,83,88,64,80,102,60,112,,103,106,133,106,,118,78,67,64,70,47,,36,96,80,98,71,68,92,69,,67,66,77,108,,,40,42,107,112,124,117,110,62,56,72,61,62,85,52,52,57,61,47,48,62,45,60,46,43,74,71,55,47,58,26,31,30,28,53,,,65,26,23,24,35,33,36,53,33,46,44,48,55,41,53,,26,28,23,56,56,56,46,70,32,52,44,54,56,57,69,50,54,,44,60,37,40,56,36,,51,47,56,,61,40,55,48,50,38,63,30,86,60,47,39,44,54,42,27,56,81,59,80,60,,55,33,40,40,67,71,55,55,86,77,,40,45,72,50,96,71,73,54,64,71,49,59,48,59,112,72,65,71,44,50,43,48,54,44,45,52,47,44,58,58,40,31,35,33,43,41,37,69,62,59,46,34,25,32,30,95,105,159,138,115,85,91,106,115,44,41,59,36,44,63,61,74,61,55,30,21,24,24,84,102,98,,84,94,96,78,,78,80,95,,96,94,76,79,82,108,119,117,108,114,66,77,73,69,89,91,88,,30,34,38,35,89,78,78,63,67,62,63,64,52,44,35,44,47,39,,47,45,,58,77,77,68,78,55,63,54,38,38,40,36,46,46,43,49,40,42,40,41,55,51,52,54,55,49,84,93,106,107,138,44,55,30,40,47,77,77,67,63,77,33,40,44,41,56,22,19,13,25,33,28,33,25,26,25,30,31,23,47,,34,46,30,40,41,36,33,47,49,31,27,26,52,52,24,16,12,6,28,18,74,92,103,86,87,90,75,94,36,39,58,39,24,32,38,34,76,64,72,,63,42,62,51,58,67,32,55,40,78,,44,38,,70,68,64,76,59,15,18,14,,75,41,42,,42,29,52,31,49,50,24,38,38,38,38,20,24,30,30,11,16,36,,40,23,21,65,52,18,34,26,8,8,15,17,29,28,,23,29,30,37,47,18,42,,34,30,17,13,50,37,40,33,60,53,51,47,34,,88,,32,31,48,41,41,39,72,78,74,77,,39,40,44,44,89,84,57,61,77,69,50,56,50,73,69,52,57,77,81,74,95,76,37,,112,73,75,48,82,55,56,82,47,79,84,71,73,88,82,84,82,77,78,66,60,80,82,77,39,37,82,70,70,60,178,58,,73,72,66,19,21,26,37,54,51,40,46,22,43,58,109,37,47,55,88,70,116,120,37,52,32,70,76,46,35,49,70,48,67,64,42,43,12,16,67,46,55,61,85,47,73,42,67,60,84,71,64,82,69,70,65,61,53,55,38,31,44,52,46,42,49,60,32,50,54,64,52,58,71,,52,78,71,53,60,45,68,80,108,40,81,28,98,49,34,51,112,94,47,88,70,84,77,82
20170820,12,O3_8h_24h,33,43,43,30,25,43,27,35,54,63,25,36,,,52,,54,59,54,,45,106,80,,66,,,63,72,64,56,60,46,108,47,45,56,50,44,50,101,84,78,76,50,64,58,70,79,89,81,78,100,92,90,88,124,127,101,98,36,32,35,33,33,55,54,,54,71,55,61,47,59,65,99,98,81,98,88,,,74,95,77,48,58,63,98,93,53,48,59,51,53,62,65,55,46,,,55,53,52,56,,56,80,100,84,91,105,121,,99,99,107,49,47,47,,48,53,48,58,47,35,56,55,59,,46,50,44,56,39,59,60,48,88,85,87,94,83,76,79,82,90,81,44,60,62,52,44,39,70,47,59,71,51,50,63,55,68,,64,57,65,61,56,53,40,,,,53,43,,59,47,51,,29,38,42,,55,,53,65,40,43,59,46,70,,,,64,68,,58,70,60,49,44,,49,40,41,35,39,35,36,46,,32,,51,,50,42,38,49,46,39,45,41,49,53,46,,76,75,81,81,,80,78,60,60,64,51,63,72,75,,,71,,62,50,,72,83,74,55,56,55,,54,59,23,44,28,47,43,,34,32,40,47,36,53,56,50,53,38,48,,65,56,87,42,85,50,48,40,52,37,52,40,41,39,,52,47,33,70,56,52,61,72,,107,100,76,87,97,94,94,60,84,100,104,87,81,94,100,96,87,63,29,41,46,48,43,49,58,58,44,47,44,61,41,48,46,44,52,55,44,42,36,39,,41,45,45,47,32,50,37,46,14,31,31,18,32,42,25,20,35,18,7,34,41,40,28,65,35,40,37,36,48,34,34,47,50,41,34,40,36,32,36,50,50,45,45,53,59,57,50,45,48,49,37,48,46,17,21,18,25,21,30,48,23,5,27,30,18,23,111,,66,55,67,61,80,34,73,37,,65,44,74,43,42,,33,44,32,22,28,,30,115,31,33,38,31,30,31,26,26,28,20,19,27,28,14,15,16,55,39,56,60,47,55,78,59,63,64,63,46,73,47,87,59,67,53,67,81,64,117,62,77,50,,58,69,79,,,,97,102,23,19,22,20,110,,29,53,32,55,50,62,50,44,51,56,62,47,52,48,62,88,91,80,99,93,82,101,114,104,118,80,68,67,87,65,36,24,22,28,69,61,60,73,57,69,53,45,45,53,64,,82,,72,,76,62,65,,,68,,69,76,78,,59,70,79,76,76,87,40,61,69,62,56,91,86,93,110,87,,62,,63,,55,58,62,57,71,78,63,98,106,89,94,94,91,75,82,60,,164,105,144,124,107,52,44,38,40,59,51,34,35,33,38,33,31,31,41,37,30,44,48,50,45,45,39,58,70,68,31,26,24,81,82,,71,62,,50,43,58,53,46,35,28,13,,,93,93,90,53,,85,131,108,87,94,119,,129,131,,72,68,88,,70,48,76,64,51,66,111,32,52,50,,77,65,78,54,60,77,,49,50,46,25,39,52,37,45,24,38,48,28,36,76,52,51,58,46,41,43,41,42,,44,72,75,59,70,65,36,30,37,33,44,64,68,69,53,56,54,73,60,71,,60,64,66,86,46,68,64,51,32,72,53,105,66,71,,66,74,77,67,82,84,91,90,89,96,98,90,84,102,74,69,74,118,107,114,108,111,86,,105,38,32,49,40,61,38,43,47,48,41,50,85,57,40,40,56,47,42,55,29,36,41,47,31,34,33,29,21,42,27,28,44,48,53,37,43,37,20,20,59,69,80,61,84,96,112,106,105,102,27,55,23,25,77,82,92,123,64,,,90,50,38,44,37,104,87,94,104,130,92,29,28,21,,24,30,38,80,89,83,76,95,81,76,55,46,46,33,40,72,79,64,70,69,46,78,66,78,102,92,89,58,54,69,73,,103,106,99,111,118,79,55,87,101,85,72,85,67,61,78,79,90,93,70,89,64,55,146,56,93,72,102,32,58,74,55,48,96,82,82,94,85,84,48,75,64,75,63,,62,56,70,135,63,,67,69,61,43,47,75,71,51,50,61,,60,62,35,60,,36,,57,,,56,40,41,65,65,72,65,80,,97,87,,58,79,62,64,62,66,70,100,94,68,100,129,60,112,,104,111,144,106,,132,78,86,94,94,47,,36,98,83,100,71,68,92,69,,88,94,95,136,,,40,42,107,112,124,117,110,62,56,81,61,62,85,52,52,64,61,47,48,62,45,60,46,43,74,71,55,47,58,26,31,30,28,53,,,65,29,34,31,35,33,36,53,33,46,44,48,55,41,53,,26,28,23,56,56,56,46,70,32,52,44,65,56,57,69,50,54,,44,60,37,40,56,36,,51,47,56,,63,40,55,48,50,38,63,30,86,60,47,39,44,56,42,28,56,81,59,82,60,,55,33,40,40,67,71,64,58,86,77,,40,45,72,50,101,71,73,54,64,71,49,59,48,59,112,72,65,71,44,50,43,48,54,51,45,52,47,44,58,58,44,31,35,33,43,41,37,69,62,59,46,34,25,34,30,95,105,159,138,115,85,91,106,115,44,41,59,36,44,63,61,74,61,55,30,21,24,25,84,102,98,,84,94,96,102,,97,94,95,,96,94,76,79,82,108,119,117,108,114,74,88,84,78,91,91,88,,30,34,38,35,90,88,83,63,67,62,63,64,52,44,35,53,65,54,,48,45,,58,89,77,80,78,55,63,54,38,38,40,36,46,46,43,49,40,42,40,41,55,51,52,54,55,49,84,93,106,107,138,44,55,30,40,47,78,77,67,63,77,33,41,44,41,56,22,19,13,25,33,28,33,25,26,25,30,31,35,47,,37,46,30,40,41,36,33,47,49,31,27,26,52,52,24,16,38,8,31,19,74,95,103,86,87,104,78,104,59,39,63,48,51,38,60,49,107,71,72,,68,42,62,51,58,67,50,82,47,105,,44,38,,74,68,64,76,59,16,18,18,,84,41,42,,42,35,62,36,49,52,28,39,39,38,40,20,24,38,30,11,16,39,,40,26,23,65,52,18,34,27,8,8,15,17,43,44,,27,40,30,37,47,18,48,,44,39,17,13,55,38,40,33,64,57,58,55,56,,99,,48,42,48,41,41,39,72,88,76,77,,56,46,44,44,91,84,69,70,95,69,58,73,75,73,71,52,63,87,94,85,106,94,59,,116,81,75,52,87,59,56,83,47,82,96,81,86,90,89,91,88,78,89,66,60,80,82,77,39,37,84,70,108,89,178,58,,73,72,66,21,43,26,65,61,59,40,46,24,43,58,109,37,47,55,88,74,116,121,37,52,32,72,76,46,70,49,70,48,67,75,42,48,12,16,69,50,55,61,91,74,88,42,67,60,84,74,64,99,94,100,92,61,57,55,39,31,65,62,47,42,49,60,32,76,65,64,69,74,71,,52,94,71,53,60,53,85,81,128,40,87,30,114,49,34,51,112,94,47,88,70,84,77,82
20170820,12,CO,1.6,1.1,1.6,1.5,1.6,1.3,1.2,1.4,1.1,1.2,1.4,1.1,,,2.1,,1.3,1,2.4,,1.4,0.9,0.9,,0.7,,,0.8,0.5,0.6,1.7,0.4,0.8,0.8,1.2,1.5,0.8,1.8,2.5,1.4,0.4,0.4,0.3,0.4,0.4,0.8,0.6,0.7,0.7,0.6,0.7,0.7,0.7,0.6,0.7,0.6,0.7,0.7,0.9,0.7,0.9,0.8,0.9,1.4,1,1.6,1.4,,1.5,0.8,0.4,0.4,0.7,0.4,0.7,0.4,1.1,,0.9,1.2,,,0.8,0.6,1.4,1,2.7,0.9,1,1.5,1.3,1.4,1.4,1.5,1.6,1.4,0.5,0.7,0.8,,,0.7,0.7,0.8,0.7,,0.6,0.8,0.7,1,1,0.7,0.9,,0.7,0.7,0.9,0.9,0.9,1,,0.9,0.7,0.8,0.8,0.8,0.8,0.5,1,0.8,,0.4,0.8,0.4,0.9,1.1,0.5,0.5,0.7,0.4,0.7,0.5,0.6,0.7,0.7,0.7,0.6,0.6,0.5,0.5,0.5,1.3,1.1,0.8,1.1,1,1.2,0.8,0.4,0.9,0.6,0.5,1,0.5,,0.7,1.8,0.6,0.5,0.6,0.9,0.7,,,,0.9,0.8,,0.7,0.9,0.7,,1.1,0.5,0.4,,0.6,,0.8,0.8,0.7,0.7,0.9,1,0.5,,,,0.5,0.4,,0.8,0.7,0.7,0.5,0.8,,0.7,0.6,0.3,0.3,0.4,0.4,0.8,0.6,,0.8,,0.8,,0.6,0.7,0.8,0.6,0.8,0.7,0.9,0.8,0.8,0.7,0.8,,0.8,0.8,0.6,0.8,,0.5,0.4,0.4,0.7,0.5,0.5,0.8,1.1,0.8,,,0.7,,0.9,0.9,,0.2,0.4,0.4,0.6,0.6,0.3,,0.5,0.4,0.5,0.4,0.6,0.8,0.6,,0.5,0.6,0.6,1,0.6,0.3,,0.7,0.5,0.8,0.2,,0.7,0.8,0.6,0.4,0.4,0.6,0.6,1.4,0.9,0.5,1.1,1,1,0.5,,1.4,1,,0.7,0.4,0.7,0.6,0.7,,0.3,0.2,0.4,0.3,0.6,0.5,0.4,0.2,0.5,0.8,0.8,1,1.2,0.8,1.2,1.3,0.8,1.3,,1.6,1.5,1.3,0.9,0.7,1.1,0.6,0.9,0.9,0.5,0.5,0.4,0.4,0.5,0.6,0.3,0.3,0.4,0.6,0.6,0.6,,,0.6,0.6,0.6,0.8,0.8,0.8,0.8,0.7,0.7,0.7,0.7,0.8,0.7,0.7,0.7,0.7,0.9,0.5,0.4,0.7,0.5,0.5,0.4,0.9,0.5,0.3,0.6,0.5,0.7,0.9,0.9,0.6,0.7,0.7,0.2,0.5,0.2,0.4,0.8,0.9,0.8,0.7,0.8,0.8,0.7,0.7,0.7,0.6,0.7,0.8,0.7,0.4,0.9,0.9,1,0.8,0.9,0.8,0.7,0.8,0.6,0.5,0.7,0.5,0.6,0.6,,0.8,0.7,0.8,0.6,0.5,0.6,0.7,0.6,,0.7,0.5,0.4,0.7,0.7,,0.6,0.6,0.9,0.9,0.8,,0.5,0.3,0.4,0.6,0.5,0.5,0.5,0.5,0.5,0.4,0.5,0.5,0.8,0.5,0.8,0.5,0.7,0.6,0.4,1.2,0.5,0.4,1,0.5,1.3,1.7,1.4,1.6,1.3,1.2,1.2,1.6,1.5,1.4,1.4,1.4,1.4,0.5,0.6,0.1,0.6,0.3,0.4,,0.9,0.7,0.6,,,,1,0.7,0.8,1.2,0.7,1,0.8,,0.9,0.6,1.2,0.4,0.5,0.3,0.4,0.3,0.4,0.7,0.6,0.3,0.4,0.8,1,0.5,0.9,0.6,0.4,0.9,0.9,0.6,1,0.4,0.5,0.7,0.6,0.7,0.5,0.6,0.6,0.5,0.6,0.8,0.8,0.8,0.8,0.6,0.8,0.7,0.6,0.8,0.6,0.8,0.7,,0.8,,0.7,,0.5,0.7,1.2,,,0.6,,0.5,0.8,0.7,,0.8,0.9,1.2,1.4,0.7,1,0.3,0.4,0.6,0.4,0.2,0.5,0.4,0.5,0.3,0.4,,0.3,,0.5,,0.2,1,0.7,1.1,1,0.4,0.7,0.4,0.4,0.3,0.5,0.4,0.6,0.3,0.5,0.3,,1,0.8,0.8,1.4,0.7,0.8,0.7,0.6,0.8,0.6,0.6,0.8,0.8,1,1,0.5,0.8,0.4,0.6,0.4,0.4,0.8,0.7,0.6,0.7,0.7,0.5,0.8,0.8,0.9,0.6,0.5,0.7,1,1.2,,1,0.9,,0.6,0.7,0.8,0.5,0.6,0.6,0.6,0.4,,,0.9,1,1.1,1.2,,1.2,1.1,1.1,1.1,,1.3,,1.3,1.2,,1.6,1.7,1.5,,1.7,1.2,0.8,0.8,1.1,1.2,0.8,1,0.5,,,0.4,0.7,1.1,1.1,0.8,0.9,,0.8,0.8,0.6,0.6,0.7,0.4,0.9,0.9,1.4,1,1,0.6,0.6,0.6,0.6,0.9,0.7,0.6,0.7,0.5,0.9,1.4,,0.4,0.7,0.8,0.2,0.6,0.3,0.3,0.6,0.2,0.3,0.4,0.6,0.5,0.3,0.7,0.6,0.9,1,0.8,1,,0.8,1.3,0.9,1.5,0.6,0.7,0.7,0.4,,0.5,0.4,0.4,1.2,1.9,,1.3,1.6,2.1,2.1,0.8,1.2,0.8,1.2,1.1,0.7,0.7,0.4,0.7,2.6,1.7,1.2,1.1,1,0.7,1.1,1.1,1,0.8,,,1,1.1,0.9,1.3,1,0.9,0.8,1,0.4,0.7,0.6,0.3,0.5,0.6,0.5,1.3,1,0.9,0.6,1.1,1.2,1.1,1,0.4,0.6,0.3,0.5,0.5,0.3,0.7,0.6,0.6,0.8,0.5,0.8,1,0.7,0.5,0.4,0.7,0.7,0.7,0.6,1,1.2,1.1,1.3,1.1,1.2,0.9,1.4,0.8,0.5,0.4,0.4,0.4,0.4,0.7,,,0.5,0.7,0.8,0.7,0.8,0.9,0.5,0.5,0.6,0.5,0.7,0.9,0.5,0.3,,0.3,0.8,0.8,1.2,1.1,1.4,1.4,1.6,1.6,1.7,1.5,1.3,1.3,1.3,1.4,0.7,0.7,0.9,0.9,0.7,1.2,0.9,0.8,1.1,0.9,1,1,0.1,0.3,0.3,0.6,,0.5,0.6,1.2,0.9,0.4,0.8,0.7,0.8,1.1,1.3,1,2.1,0.7,0.5,1.5,2.1,0.7,0.2,0.5,0.6,0.2,,0.5,0.2,0.4,0.3,0.5,0.6,0.8,0.3,0.5,0.3,0.6,0.4,0.5,0.5,0.4,0.3,0.7,0.8,1,0.7,0.6,0.8,0.7,0.6,1.3,1.1,0.7,,0.5,0.8,0.8,1,0.7,0.7,0.9,0.4,0.5,0.6,,0.4,0.4,0.8,1,,0.9,,0.6,,,0.4,0.2,0.4,0.8,0.9,0.7,0.7,1.1,,1,1,,0.8,0.6,1.7,1.9,2.1,1.3,2.1,0.5,1,1.3,1.3,1.5,1,1.2,,1,1,1.1,1,,1.1,0.9,1,1.1,1,2.1,,2.5,1.1,0.6,0.5,0.7,0.5,0.5,0.3,,0.6,0.4,0.3,0.6,,,0.2,0.3,0.6,0.6,0.4,0.4,0.3,0.4,0.4,0.8,0.5,0.3,0.4,0.3,0.4,0.5,0.3,0.4,0.1,0.5,0.7,0.6,0.5,0.8,0.7,0.3,0.8,0.9,0.8,0.4,0.7,0.7,0.8,1.1,,,0.2,0.9,0.7,0.6,0.3,0.4,0.2,0.3,0.4,0.2,0.6,0.4,0.2,0.7,0.6,,0.5,0.5,,0.3,0.1,0.3,0.6,0.3,0.4,0.3,0.3,0.6,0.7,0.6,0.4,0.2,0.8,,0.4,0.6,0.5,0.6,0.7,0.3,,0.5,0.4,0.3,,0.4,1.1,1,1,0.5,0.6,0.4,0.9,0.3,0.5,0.4,1.1,0.3,0.5,0.6,1,,0.3,0.4,0.5,0.7,,0.4,0.8,1,1.3,0.3,0.4,0.4,0.5,0.8,0.8,,0.8,0.5,0.5,0.7,0.5,0.7,0.8,0.8,0.7,0.8,1.3,0.9,0.7,1.1,0.5,0.9,1,0.9,0.7,0.7,0.5,0.5,1.6,1.4,1.5,0.6,1,0.8,1.3,1,0.2,0.5,0.6,0.5,0.3,0.5,0.7,0.5,0.8,1,0.8,0.7,0.4,0.4,0.4,1.2,0.9,0.9,0.5,0.5,0.8,0.2,1.1,0.9,1,0.8,0.9,0.9,0.4,0.8,0.8,0.7,0.4,1,1.3,1,0.9,1.1,1.5,1.2,1.2,,1,1.1,1.1,1,,0.9,1,0.7,,0.7,0.7,0.9,0.8,0.6,1.5,1.1,1.7,1.4,1.3,1.1,0.8,0.8,0.6,0.8,1.1,1.1,,1.2,0.8,1,1.2,1,1.5,1,0.8,0.8,1.2,1.2,1.2,0.9,1.4,1.1,0.7,1,0.9,,0.8,0.6,,1.2,0.8,1,1,1.1,1.3,0.9,1.1,1.1,0.8,0.4,0.5,0.6,0.5,0.7,0.5,0.4,0.5,0.5,0.4,0.5,1.1,0.4,0.8,0.8,1,1.5,1.6,1.5,1.3,1.1,0.4,0.4,0.4,0.4,0.4,1.2,1.2,1,1,1.1,1,2.3,1.3,0.9,0.5,0.8,0.9,1.4,0.8,1,1.3,1,0.7,1.1,0.6,0.7,0.9,1.2,0.3,,0.4,0.9,0.5,0.9,0.6,1,0.8,0.9,1.3,0.4,0.3,0.6,0.4,0.5,0.7,0.4,1.1,1.1,0.5,1.3,0.9,0.5,0.8,0.7,0.5,0.6,0.5,0.5,0.5,0.6,0.7,0.6,0.3,0.4,0.4,0.4,0.3,0.5,0.9,,0.4,,0.4,0.3,0.5,0.5,0.6,0.7,0.7,0.4,,0.7,0.7,,0.4,0.6,0.6,0.4,0.5,0.4,0.4,0.5,,0.3,0.7,0.6,,0.6,0.8,0.5,0.5,0.3,0.6,0.4,0.4,0.6,0.7,0.5,0.4,1,0.5,0.6,0.7,0.6,0.7,,0.5,1.1,1,0.2,0.5,0.7,0.8,0.7,0.4,0.3,0.8,0.9,0.6,0.7,,0.3,0.3,0.6,0.6,0.9,,0.7,,0.6,0.6,1.4,0.7,1,0.3,0.6,0.7,0.4,0.4,0.5,0.3,0.9,,0.2,,0.3,0.2,0.5,0.9,0.8,0.9,1,1.1,1.4,1.2,,0.8,0.6,0.8,0.8,0.4,0.6,0.2,0.3,0.3,0.4,0.3,0.3,0.4,0.1,0.3,0.4,0.5,0.6,0.9,0.9,0.1,0.2,0.4,,0.6,0.5,0.1,1.3,0.8,1,0.7,1.2,0.6,0.7,1,0.9,0.9,0.4,0.5,0.6,1.8,0.9,1.1,0.7,0.7,1.1,1.5,0.3,1.1,0.8,0.4,0.2,1,0.7,1.1,0.4,,0.6,0.8,0.4,1.1,1.1,0.9,0.9,0.7,0.8,0.6,0.6,0.6,0.9,0.6,1.1,0.7,1,1.9,1.4,1,1.1,1.4,2.3,0.5,0.9,0.7,0.5,0.7,1,0.4,0.4,0.5,0.3,0.7,1,0.7,0.6,0.5,1.5,0.3,1,0.8,0.4,0.8,0.6,0.3,0.5,1.6,0.7,0.7,1.2,1.2,0.8,0.6,0.3,1.5,0.3,0.6,0.5,0.7,0.5,0.6,0.7,0.7,0.6,0.7,0.9,0.9,0.7,0.7,0.4,0.4,1.8,,2,1,1,0.7,0.9,0.6,0.8,0.3,0.7,0.5,0.4,0.4,1.1,1.6,0.3,0.9,1.3,0.3,0.3,0.4,0.4,1,0.2,1.3
20170820,12,CO_24h,1.2,0.9,1.3,1,1.3,1.1,1,1.3,0.9,1.1,1,1.1,,,1.5,,1.3,1,2,,1.4,1,1,,1.2,,,0.9,0.8,0.6,1.5,0.8,0.6,0.7,2.3,2.2,1.8,2,2.7,2.5,0.4,0.4,0.4,0.5,0.5,0.8,0.8,0.8,0.8,0.6,0.7,0.8,0.6,0.6,0.8,0.5,0.5,0.6,0.7,0.5,0.6,0.6,0.6,0.8,0.6,1.4,1.2,,1.2,1,0.5,0.4,0.7,0.4,0.7,0.5,1.2,0.9,1,1.1,,,0.9,0.7,1.3,1.1,1.3,0.9,0.8,1.3,0.9,1.1,1.1,1.2,1.3,1.2,0.8,0.9,0.8,,,0.9,0.8,0.9,0.8,,1,0.8,0.7,0.9,1,0.6,0.8,,0.8,0.8,1,0.9,1,1.1,,1,0.7,1,0.8,0.9,0.8,0.6,1,0.6,,0.4,0.5,0.6,0.7,1.3,0.3,0.3,0.7,0.4,0.8,0.5,0.7,0.8,0.6,0.7,0.6,0.6,0.6,0.8,0.6,1.5,1.1,0.9,1.3,1,0.9,0.9,0.3,0.7,0.5,0.3,0.9,0.4,,0.7,0.8,0.7,0.6,0.6,0.6,0.5,,,,1,0.8,,0.6,0.8,0.5,,1,0.3,0.3,,0.5,,0.8,0.7,0.7,0.7,0.9,1.1,0.6,,,,0.5,0.3,,0.7,0.7,0.6,0.4,0.8,,0.6,0.7,0.3,0.4,0.4,0.4,0.8,0.6,,0.8,,0.8,,0.5,0.6,0.8,0.6,0.7,0.7,0.8,0.7,0.6,0.6,0.7,,0.7,0.8,0.6,0.9,,0.5,0.5,0.5,0.6,0.4,0.5,0.7,1.1,0.8,,,0.6,,0.7,0.8,,0.2,0.5,0.5,0.6,0.6,0.3,,0.6,0.5,0.6,0.5,0.7,0.6,0.5,,0.6,0.7,0.8,1,0.8,0.5,0.9,0.8,0.5,0.9,0.1,,0.7,0.6,0.5,0.3,0.3,0.4,0.5,1.4,0.8,0.6,1.1,1,0.9,0.5,,1.5,1.1,1.3,1.1,0.9,1.3,1.1,1.1,,0.4,0.3,0.4,0.4,0.6,0.5,0.4,0.2,0.6,1.2,1.2,1.4,1.5,1.3,1.6,1.6,1.1,1.5,1,0.9,0.8,1,0.7,0.6,0.8,0.5,0.7,0.9,0.7,0.5,0.6,0.5,0.7,0.7,0.4,0.4,0.6,0.7,0.8,0.7,,0.8,0.7,0.8,0.9,0.9,0.6,1,0.7,0.7,0.7,0.6,0.7,0.8,0.9,0.6,0.6,0.6,0.6,0.6,0.3,0.4,0.5,0.5,0.5,1,0.7,0.6,0.8,0.6,0.7,0.8,0.8,0.5,0.6,0.6,0.2,0.5,0.4,0.4,0.7,0.9,0.8,0.7,0.6,0.7,0.7,0.6,0.7,0.6,0.9,0.9,0.7,0.5,0.9,1,1,0.8,1,1,0.8,1,0.5,0.5,0.7,0.5,0.6,0.6,,0.8,0.7,0.8,0.6,1.1,0.9,0.8,0.7,,0.8,0.5,0.5,0.8,0.9,,0.7,0.6,1.1,0.9,0.8,,0.6,0.3,0.4,0.4,0.6,0.5,0.5,0.5,0.6,0.4,0.5,0.6,0.8,0.7,0.9,0.6,0.8,0.8,0.4,0.7,0.4,0.4,0.7,0.5,1.2,1.5,1.3,1.5,1.2,1.1,1.1,1.6,1.3,1.3,1.4,1.4,1.3,0.6,0.7,0.3,0.6,0.4,0.4,,0.9,0.8,0.7,,,,0.7,0.5,0.9,1,0.8,1.1,0.8,,0.9,0.6,1.7,0.8,0.7,0.6,0.4,0.6,0.5,0.5,0.7,0.3,0.5,0.5,1,0.8,1.2,1.4,0.6,0.8,1,0.7,1.1,0.6,0.7,0.8,1.1,2.1,1,1.1,0.8,0.7,0.7,1.1,1.3,1.3,1,0.8,0.8,1.3,0.7,0.7,0.6,0.7,0.6,,0.5,,0.7,,0.6,0.8,1.1,,,1,,0.8,1,0.8,,2.2,1.2,1.2,1.6,0.8,1.1,0.4,0.4,0.7,0.4,0.4,0.5,0.3,0.6,0.4,0.5,,0.4,,0.7,,0.4,1,0.8,1.2,1,0.5,0.8,0.5,0.4,0.3,0.4,0.4,0.5,0.5,0.6,0.5,,0.9,0.9,0.8,1,0.7,0.7,0.7,0.6,0.8,0.6,0.6,0.7,0.4,0.7,0.5,0.5,0.6,0.4,0.5,0.5,0.4,0.8,0.7,0.7,0.7,0.7,0.5,0.9,0.8,0.9,0.6,0.6,0.8,1.1,1.3,,1,0.9,,0.7,0.9,0.9,0.7,0.6,0.6,0.6,0.5,,,0.9,1.1,1.2,1.1,,1.1,1,1,1.1,1.2,1.1,,1.2,1.2,,1.7,2,1.6,1.5,1.8,1.7,0.8,1.1,1.5,1.5,0.8,1.1,0.5,0.3,,0.7,0.8,1.7,1.3,1,1,,0.9,0.8,0.6,0.6,0.5,0.8,0.9,1.1,1.5,1.1,1,0.8,0.8,0.8,0.7,1.2,1.1,0.7,0.7,0.5,0.9,0.6,,0.4,0.7,0.8,0.3,0.6,0.3,0.3,0.6,0.4,0.4,0.4,0.6,0.5,0.4,0.7,0.6,0.8,0.9,0.6,0.9,,1,0.8,1,0.9,0.5,0.7,0.9,0.3,0.3,0.5,0.3,0.5,1.3,1.9,,1.4,1.7,2.5,2.2,1.1,1.7,1.2,1.5,2.7,0.9,1,0.7,1,2,1.5,1.1,1.2,1.1,0.9,1.2,1.2,1.1,0.9,,1,0.8,1.1,0.9,1.3,0.8,0.8,0.7,0.9,0.4,0.7,0.6,0.4,0.5,0.6,0.6,1.3,1.1,1,0.6,1.1,1.2,1.1,1,0.4,0.7,0.5,0.6,0.5,0.3,0.7,0.7,0.6,0.8,0.5,0.8,1.1,0.8,0.6,0.4,0.6,0.6,0.6,0.6,1,1.3,1.1,1.3,1.1,1.2,1.6,0.5,1,0.7,0.4,0.4,0.5,0.4,0.7,,,0.6,0.7,0.7,0.6,0.8,0.8,0.6,0.6,0.6,0.5,0.6,0.9,0.5,0.4,,0.3,0.9,0.9,1.2,1.2,1.4,1.3,1.6,1.5,1.6,1.4,1.2,1.3,1.3,1.5,0.9,0.9,1.2,1.1,1.1,1.2,1.2,1.1,1,0.9,0.9,0.9,0.3,0.3,0.3,0.9,,0.5,0.5,0.6,0.6,0.4,0.6,0.6,0.7,0.8,1.5,1.2,1.9,0.6,0.8,0.8,1,0.7,0.2,0.5,0.6,0.2,,0.6,0.3,0.5,0.1,0.5,0.6,1,0.4,0.5,0.4,0.5,0.4,0.4,0.5,0.4,0.3,0.6,0.7,0.8,0.6,0.5,0.9,0.7,0.6,0.7,0.6,0.6,,0.5,0.8,0.8,0.8,0.8,0.6,0.7,0.4,0.6,1,,0.6,0.5,0.6,0.9,,0.8,,0.6,,,0.4,0.3,0.5,0.5,0.7,0.4,0.5,1.1,,1,1,,0.8,0.6,2.4,1.7,2.1,1.6,1.7,1.4,1.1,1.2,1.3,1.7,0.9,1.1,,1,0.9,1.2,1,,1.3,1.2,1.1,1.1,1,1.8,,2.1,1.2,0.6,0.6,0.5,0.5,0.4,0.5,,0.7,0.5,0.4,0.6,,,0.4,0.3,0.6,0.6,0.4,0.6,0.4,0.6,0.6,0.9,0.8,0.4,0.5,0.5,0.5,0.8,0.6,0.5,0.3,0.5,0.9,0.7,0.7,0.6,0.8,0.5,1,1.1,0.9,0.9,0.9,0.8,1.2,1,,,0.2,0.8,0.7,0.6,0.4,0.6,0.4,0.4,0.5,0.5,0.9,0.6,0.9,0.4,0.5,,0.4,0.6,0.2,0.4,0.3,0.5,0.7,0.3,0.5,0.6,0.4,0.7,0.6,0.5,0.5,0.3,0.8,,0.5,0.6,0.5,0.6,0.7,0.3,,0.5,0.4,0.3,,0.4,0.9,0.7,0.9,0.7,0.8,0.5,0.9,0.5,0.7,0.4,0.8,0.4,0.6,0.5,1,0.4,0.3,0.4,0.4,0.8,,0.5,0.3,0.5,0.7,0.2,0.3,0.3,0.5,0.8,0.7,,0.7,0.7,0.5,0.5,0.4,0.7,0.7,0.7,0.6,0.7,1.6,1.1,0.8,1.1,0.6,0.9,1,0.9,0.7,0.8,0.6,0.7,0.8,0.9,0.8,0.7,1.1,0.9,1.1,1,0.3,0.9,0.8,0.8,0.5,0.6,0.9,0.6,1.5,0.8,0.8,0.8,0.5,0.4,0.4,1.2,1,0.9,0.6,1.2,0.7,0.9,1,0.6,0.8,0.6,0.8,0.8,0.6,0.7,0.8,0.5,0.4,0.9,1.4,1.1,0.8,1.1,1.8,1.4,1.5,,1.2,1.2,1.2,1.1,,1,1.1,0.9,,0.9,0.7,0.8,0.8,0.6,1.3,1,1.6,1.2,1.1,1,0.6,0.8,0.7,0.7,1,1,,0.8,0.8,0.8,0.9,0.8,1.1,0.8,0.5,0.5,0.9,1,0.9,1,0.6,0.8,0.6,0.8,0.8,,0.8,0.6,,1.1,0.8,1,0.9,1.1,1,0.7,0.8,1,0.8,0.6,0.8,0.8,0.6,1,0.6,0.5,0.5,0.6,0.5,0.5,1,0.4,0.8,0.9,1,1.4,1.8,1.6,1.5,1.1,0.4,0.4,0.5,0.5,0.4,1.2,1.2,1,0.9,1.4,0.9,2.4,1.5,0.9,0.6,0.8,1,1.1,1.1,0.8,1.1,0.9,0.8,0.8,0.7,1.1,1,0.8,0.4,,0.6,1,0.6,1,0.8,1.1,0.9,0.9,1.3,0.4,0.7,0.6,0.4,0.5,0.7,0.4,0.9,0.7,0.5,0.9,0.8,0.4,0.6,0.7,0.4,0.6,0.5,0.5,0.7,0.7,0.7,0.7,0.3,0.4,0.4,0.4,0.5,0.7,1,,0.5,0.4,0.5,0.4,0.6,0.6,0.5,0.6,0.7,0.3,,0.6,0.7,,0.4,0.6,0.6,0.4,0.5,0.6,0.5,0.5,,0.4,0.7,0.6,,0.7,0.5,0.4,0.5,0.3,0.5,0.4,0.4,0.5,0.5,0.4,0.5,1,0.6,0.6,0.9,0.8,0.6,,0.5,1.2,0.8,0.2,0.6,0.8,0.9,0.7,0.4,0.3,0.8,1,0.6,0.8,,0.4,0.3,0.7,0.7,0.7,0.2,0.6,,0.6,0.6,1.3,0.8,0.9,0.4,0.7,0.9,0.4,0.4,0.4,0.3,1,,0.2,,0.3,0.2,0.5,1,0.9,1,1,1.2,1.4,1.2,,0.8,0.6,0.8,0.8,0.3,0.6,0.3,0.5,0.6,0.5,0.4,0.4,0.4,0.4,0.5,0.7,0.5,0.9,1.1,0.9,0.1,0.3,0.4,,0.7,0.7,0.1,1.3,0.7,0.9,0.6,1.1,0.5,0.6,0.9,0.7,0.8,0.5,0.5,0.6,1.9,0.9,1.2,0.9,0.9,1.4,1.6,0.3,1.2,0.8,0.4,0.4,0.9,0.7,1.2,0.5,,0.5,1,0.6,1.1,1,1.1,0.8,0.7,0.7,0.8,0.8,0.6,1,0.4,1.1,0.7,1.6,1.1,1.2,1.1,1,1.5,1.8,0.5,0.6,0.6,0.5,0.7,0.9,0.5,0.4,0.6,0.4,0.9,1.1,0.8,1.6,0.8,1,0.3,1,1,0.5,0.8,0.6,0.5,0.5,1.2,0.7,0.7,1.2,1.1,0.6,0.5,0.5,1.3,0.4,0.4,0.5,0.7,0.6,0.8,0.8,0.9,0.6,0.9,0.7,0.8,0.5,0.7,0.5,0.5,1.9,,1.6,1.2,1.1,0.9,1,0.6,0.8,0.4,0.7,0.6,0.6,0.4,1.1,1.5,0.3,1.3,1.5,0.4,0.5,0.2,0.3,0.7,0.3,1
20170820,13,AQI,97,73,113,104,107,114,77,87,63,75,113,62,,,60,,60,50,59,,55,46,43,,46,,,95,68,73,92,51,64,113,49,53,65,66,67,56,32,35,33,30,29,72,74,73,68,80,63,69,83,70,68,64,83,83,65,87,53,57,47,59,52,72,55,,68,45,64,50,70,58,55,69,63,55,67,71,,,54,64,74,69,78,60,93,95,135,97,90,93,102,84,39,45,48,,,51,55,42,45,,47,31,36,30,38,36,42,32,32,29,27,33,47,25,,31,29,27,33,26,24,48,37,32,,35,41,40,41,31,36,47,35,49,43,48,51,54,36,51,51,52,54,30,31,37,30,34,35,32,27,36,42,48,42,41,47,35,,48,43,52,51,59,42,33,,,,61,50,,62,60,59,,49,39,42,,27,,34,28,35,36,28,30,35,,,,31,28,,26,30,27,32,31,,30,26,35,28,30,33,30,44,,40,,63,,65,49,37,26,54,35,39,42,40,49,50,,46,52,42,49,,52,46,52,116,103,45,97,79,70,,,16,,66,62,,55,47,40,39,34,30,,27,22,46,39,42,52,51,,30,40,32,38,31,41,43,38,40,35,98,,93,101,113,89,77,48,64,60,56,66,73,54,57,28,,68,65,,53,52,60,70,59,,34,37,34,40,40,41,36,35,30,57,58,51,49,57,53,59,54,53,,66,60,54,53,69,50,84,54,52,37,33,38,36,33,33,46,35,29,48,62,55,,58,110,75,89,52,125,77,114,31,41,31,50,37,62,36,32,38,33,52,26,31,33,26,49,51,49,31,32,33,51,61,55,43,56,38,33,31,25,40,105,109,94,101,59,148,133,123,114,104,50,44,46,47,25,57,62,41,43,51,36,42,6,15,33,15,43,48,,87,41,87,42,48,37,48,40,,42,57,48,57,40,,30,45,40,33,60,,27,55,38,40,20,25,40,35,39,36,46,29,27,25,38,26,23,30,22,14,23,22,26,25,90,84,73,83,88,82,72,79,80,83,65,99,87,36,24,35,38,24,15,,16,20,45,,,,36,36,45,59,36,45,44,,57,32,45,30,40,31,46,47,45,42,40,32,43,44,55,30,47,59,42,54,59,39,39,32,36,39,44,53,45,36,22,21,19,28,44,45,56,32,35,33,35,94,104,67,116,,68,,38,42,43,37,54,,,39,,38,31,31,,42,40,83,87,54,50,41,41,54,42,34,36,32,34,38,36,,40,,44,,35,48,45,45,42,60,42,34,35,31,33,31,29,29,30,27,,127,84,119,106,120,54,59,38,47,54,39,36,31,26,22,47,23,28,42,49,49,52,53,46,35,27,33,93,111,107,23,20,24,63,74,,106,95,,44,34,40,51,49,57,58,25,,,69,70,87,,,56,55,65,54,53,57,,64,68,,83,93,99,101,73,52,80,85,69,72,69,51,52,41,,34,33,,32,36,32,,40,40,36,39,27,35,49,30,35,26,28,30,39,40,39,40,39,29,25,29,26,26,,25,42,35,46,39,61,31,29,41,29,30,34,33,36,32,28,35,35,44,38,,35,47,35,70,65,45,52,54,54,51,59,33,54,77,,70,72,82,85,45,55,52,51,49,54,77,47,57,99,75,82,95,59,59,58,68,70,108,,67,56,62,53,42,60,65,58,55,64,39,41,50,49,38,39,35,39,39,31,47,52,29,32,24,25,28,61,25,20,22,32,32,38,28,82,46,40,10,12,42,39,40,44,37,51,54,63,60,63,31,35,28,25,74,54,59,60,88,,,67,29,,43,40,54,50,62,63,80,52,46,42,30,,43,35,21,61,65,62,63,55,67,63,79,63,44,65,50,25,20,15,21,16,22,28,20,86,80,89,73,43,29,51,39,,32,40,74,55,35,27,29,50,38,58,49,52,38,34,82,90,33,31,36,42,35,31,,29,36,29,45,51,52,37,30,36,30,26,30,32,27,29,56,51,42,52,47,23,30,38,36,65,58,,33,34,35,41,42,30,28,22,21,30,,31,32,57,29,,45,,43,,,22,25,35,92,73,89,109,53,,54,57,,55,64,87,,113,69,83,74,77,64,67,80,65,67,,58,73,72,59,,64,57,50,56,49,98,,69,34,34,35,44,54,54,56,,34,37,50,80,,,29,36,53,59,39,51,33,40,44,37,44,40,31,32,33,35,41,36,35,54,40,35,35,35,46,49,30,32,35,22,22,34,27,35,,,37,27,25,30,18,60,36,35,51,28,24,35,23,23,22,,25,33,30,31,30,41,40,29,28,31,38,39,30,31,29,21,26,,61,54,50,39,44,42,,39,65,39,,45,57,65,60,40,54,34,55,39,32,38,79,54,55,26,33,,35,52,39,51,,40,69,95,94,46,32,28,32,51,54,,51,46,20,19,24,95,117,67,70,128,64,60,61,56,58,46,58,52,62,64,53,61,65,,53,35,52,56,57,41,20,38,43,30,29,43,47,52,53,43,42,57,53,49,52,84,78,67,67,57,88,82,93,102,57,52,51,55,52,63,62,59,62,60,23,35,40,47,70,67,67,,59,65,79,51,,46,51,54,,49,65,62,78,73,58,64,63,69,67,84,62,59,55,58,83,59,,64,61,108,60,32,83,84,72,97,78,68,90,46,69,41,49,58,56,,30,35,,44,45,43,46,54,69,72,77,56,57,31,27,35,30,27,22,36,36,41,36,33,25,49,46,30,32,36,49,58,63,93,21,48,27,50,23,54,34,51,55,60,20,27,25,36,27,32,39,60,58,49,60,49,60,45,43,30,29,29,41,,43,42,41,53,30,56,61,60,62,27,33,41,33,32,27,26,29,38,42,64,89,103,116,101,50,79,45,93,37,36,39,33,51,36,31,48,42,41,53,,41,56,36,32,43,41,69,52,59,59,,34,37,,42,61,52,55,45,13,15,14,,35,29,30,,26,22,58,56,54,60,46,21,27,35,24,36,54,57,41,19,16,20,,25,41,46,43,34,152,42,22,29,23,48,22,68,15,,27,42,18,25,23,19,28,24,32,35,26,58,60,,35,20,20,17,18,19,42,,35,,16,25,34,41,45,42,50,41,45,38,,29,27,23,24,33,29,24,23,40,31,32,35,35,37,27,54,56,27,29,28,32,26,56,,38,25,35,43,29,32,23,42,20,38,26,25,26,30,27,27,26,24,25,44,122,41,38,,31,28,36,43,51,48,73,109,,105,500,500,53,44,55,23,37,25,38,41,60,32,71,52,73,54,64,70,63,87,73,73,39,37,30,45,38,19,46,48,33,40,42,33,20,100,48,63,23,47,40,44,32,35,34,49,68,83,80,53,57,42,36,42,49,20,58,23,25,28,35,30,51,62,38,32,30,53,80,68,45,82,,59,38,79,54,69,87,82,29,73,28,30,30,67,58,43,48,83,37,59,64,58,84,20,59
20170820,13,PM2.5,72,53,85,78,80,86,56,64,45,55,85,44,,,43,,38,29,37,,39,32,6,,24,,,40,28,53,68,35,46,85,24,37,47,38,46,37,12,8,17,6,12,52,54,53,49,28,38,50,61,43,35,15,44,24,22,31,23,32,28,24,28,52,34,,49,29,46,35,51,41,39,49,45,,46,37,,,36,34,48,35,57,36,69,71,103,72,65,69,76,62,17,26,33,,,30,39,27,26,,30,19,21,21,26,19,19,17,11,17,13,13,8,12,,9,7,9,8,10,12,11,12,13,,12,10,16,14,12,11,12,9,23,28,17,30,25,25,27,21,15,31,17,14,4,8,20,3,12,17,9,26,27,20,13,31,23,,31,21,28,19,20,29,10,,,,30,35,,27,34,42,,30,22,29,,11,,9,10,18,19,13,19,12,,,,12,11,,18,20,15,17,14,,21,12,11,12,13,16,21,6,,15,,45,,47,31,21,18,38,24,25,28,19,22,31,,32,36,28,30,,36,32,29,48,36,28,32,58,51,,,11,,38,44,,31,24,26,23,19,20,,18,15,24,20,29,23,31,,3,21,17,11,15,27,25,26,26,13,42,,54,57,43,58,43,33,46,30,23,17,41,32,40,18,,28,37,39,32,26,43,51,41,,7,7,13,4,12,10,3,10,17,29,30,35,28,31,28,32,38,31,,44,36,34,30,35,27,31,28,25,21,17,26,25,19,22,14,17,16,33,30,26,,39,31,27,29,32,70,27,63,20,24,20,21,17,36,19,20,23,21,36,18,12,23,12,16,23,20,9,15,23,34,37,27,20,20,16,19,13,10,3,36,41,53,42,40,66,55,44,29,39,33,28,26,31,13,30,27,26,27,18,25,24,4,8,17,10,10,22,,12,14,30,11,8,11,14,19,,22,6,7,9,8,,16,31,28,16,20,,18,30,3,18,9,16,6,14,15,12,14,20,11,17,12,18,16,21,11,,6,6,18,3,67,62,53,61,65,60,52,58,59,61,47,74,64,22,15,5,18,11,2,,8,10,31,,,,25,5,9,27,25,18,11,,29,17,29,19,21,19,24,29,22,29,24,19,18,22,17,16,7,33,29,31,42,11,24,12,25,27,26,37,15,14,11,10,13,9,30,31,34,16,19,18,15,52,57,45,54,,31,,15,14,16,15,35,,,25,,25,18,16,,22,14,35,41,21,24,17,24,17,10,7,9,9,8,6,5,,10,,16,,7,28,21,21,19,33,18,17,15,9,6,1,11,9,2,17,,48,45,66,47,49,35,29,18,29,20,27,15,12,11,9,15,10,7,27,31,34,30,31,27,19,14,23,46,40,55,16,14,13,34,46,,47,44,,24,16,21,28,23,24,29,7,,,50,51,64,,,36,39,47,38,30,35,,32,41,,61,69,59,8,53,34,53,63,46,34,50,20,22,26,,18,12,,16,18,14,,28,25,25,15,15,22,9,13,19,12,14,15,14,11,19,28,22,10,9,8,7,11,,5,10,4,13,11,25,12,10,9,13,9,4,22,17,19,12,24,22,28,23,,15,22,11,42,27,24,24,19,29,25,26,12,38,56,,41,,60,63,26,39,35,25,30,21,21,22,23,74,55,60,71,39,42,41,49,45,51,,48,31,38,29,22,41,29,29,38,46,27,28,35,27,26,20,18,27,27,9,22,26,14,18,15,14,19,18,4,4,5,8,17,26,19,21,32,16,2,2,29,27,28,27,20,31,35,31,38,45,12,22,11,14,20,22,31,27,65,,,48,20,,30,28,33,35,29,36,50,26,20,29,16,,27,24,11,40,47,42,45,33,48,43,58,45,28,47,27,9,8,10,12,11,9,19,14,44,59,66,53,4,16,8,9,,18,21,46,34,6,10,20,12,15,14,33,17,24,10,60,67,7,9,17,7,10,7,,19,4,14,15,12,14,13,7,15,7,5,8,9,3,,25,30,29,32,24,,16,26,21,23,25,,8,21,24,26,29,11,10,9,12,7,,16,21,19,20,,31,,26,,,14,17,17,68,50,66,82,37,,37,40,,37,36,64,,85,,59,54,56,42,48,59,46,36,,22,26,52,41,,46,33,35,26,25,73,,50,17,12,16,15,29,22,14,,14,7,8,59,,,13,6,27,28,17,18,14,17,24,21,24,19,17,22,18,21,14,20,17,28,28,18,18,21,24,34,14,16,11,15,15,15,9,10,,,8,9,9,10,11,13,17,24,25,8,8,5,5,16,1,,8,5,21,8,8,6,27,13,13,2,11,21,10,6,6,6,17,,43,38,35,19,23,22,,11,47,16,,31,40,47,43,28,38,17,35,27,22,22,58,38,34,3,2,,3,11,27,24,,27,50,71,70,21,14,8,19,27,38,,18,31,7,6,12,47,88,36,38,97,46,43,40,39,41,32,41,36,38,46,32,34,37,,26,19,26,24,38,25,5,15,16,18,11,30,31,18,20,30,26,40,37,34,34,62,57,48,45,38,65,60,69,76,40,32,32,39,32,45,44,42,43,43,12,14,15,22,51,35,31,,42,47,40,25,,24,25,25,,25,47,44,57,53,29,43,39,50,30,62,44,42,33,,61,42,,46,40,81,35,17,61,62,52,72,57,49,67,29,50,10,34,31,31,,6,23,,11,31,24,22,38,50,52,56,33,37,10,14,13,21,14,14,25,25,22,22,15,12,25,32,16,17,16,27,15,17,11,3,13,7,5,1,22,13,24,12,24,14,16,13,12,18,14,18,27,41,34,30,22,20,24,19,10,15,20,21,,22,11,25,30,21,29,30,43,44,17,14,13,19,22,10,17,4,5,8,5,66,53,51,56,8,31,16,14,24,25,27,19,13,9,19,33,12,10,27,,12,18,19,22,30,12,46,30,42,42,,20,22,,,21,23,11,11,2,2,2,,1,7,9,,10,11,39,28,14,26,32,14,14,24,16,7,26,20,24,13,8,11,,2,11,32,14,6,36,13,10,20,14,25,9,7,9,,2,11,3,7,13,5,14,3,12,6,8,9,1,1,24,10,1,4,7,5,27,,3,,3,5,23,22,23,23,25,19,21,19,,18,17,13,7,11,7,1,9,19,13,8,4,3,18,7,13,21,16,20,18,19,7,20,,7,7,24,30,6,22,11,29,6,25,18,15,18,7,8,5,6,9,8,18,29,9,15,,20,18,9,13,33,17,14,33,,33,171,226,26,23,25,9,4,17,11,26,12,9,44,35,29,38,46,33,45,24,53,46,7,22,21,31,21,13,28,33,12,15,29,23,11,75,10,19,15,22,17,12,22,18,14,34,49,33,59,30,34,15,25,22,16,14,41,16,14,11,10,16,34,44,13,10,13,30,11,20,7,59,,34,26,58,32,43,64,60,12,53,14,5,21,45,41,30,19,39,7,42,46,5,34,5,26
20170820,13,PM2.5_24h,55,43,60,49,61,58,47,55,37,48,60,55,,,51,,49,46,48,,48,48,39,,45,,,61,62,54,74,49,58,41,41,38,52,41,51,44,16,19,27,15,23,66,80,74,60,46,43,66,61,55,46,33,37,20,30,36,13,16,25,18,24,41,34,,39,35,38,46,47,45,49,51,46,52,47,44,,,42,36,39,37,40,36,58,57,63,76,56,60,75,63,18,28,33,,,31,34,29,31,,35,19,18,19,19,16,17,15,19,19,18,17,13,11,,11,7,7,11,10,12,20,20,13,,23,19,22,23,21,16,19,20,23,24,24,26,17,26,25,21,18,23,9,8,8,8,14,3,8,12,4,19,19,17,16,10,19,,17,19,17,15,22,17,16,,,,32,20,,14,21,25,,20,22,16,,11,,14,11,22,18,16,22,16,,,,13,14,,16,14,18,13,15,,16,13,13,14,13,17,21,22,,10,,25,,19,28,24,18,31,24,27,29,27,23,29,,26,34,35,28,,34,29,28,34,29,30,36,40,33,,,13,,28,27,,31,29,32,18,20,19,,24,20,35,34,41,20,20,,12,16,11,12,17,23,20,16,13,14,30,,33,33,33,38,34,17,31,34,23,18,42,33,35,23,,31,38,48,34,49,50,64,55,,8,9,11,7,11,9,11,10,12,49,52,58,51,57,96,49,51,47,24,24,22,21,30,29,20,21,22,20,29,21,34,27,22,23,20,19,23,30,27,24,,27,24,24,50,23,49,24,31,17,17,13,14,14,30,14,13,14,14,29,11,13,8,13,30,30,27,12,19,22,39,36,18,13,12,6,13,15,17,20,30,29,40,29,23,28,29,24,22,25,36,31,31,28,26,31,25,23,26,26,32,29,6,8,13,8,11,21,,25,17,27,15,11,19,21,22,,19,12,13,19,17,,18,31,27,15,22,,20,27,6,18,7,14,9,12,19,16,9,15,12,17,12,20,18,20,7,6,5,4,9,3,50,43,37,43,49,49,41,57,40,38,37,54,45,23,22,12,26,17,11,,19,23,24,,,,27,17,17,24,28,26,14,,18,20,32,25,24,21,34,32,25,22,24,15,18,20,22,41,38,59,50,49,53,41,47,38,51,47,36,62,23,27,17,18,18,19,40,37,29,32,29,25,27,33,31,31,28,,18,,12,13,14,12,37,,,49,,41,22,23,,26,23,28,35,30,20,22,17,20,11,32,14,14,14,12,16,,22,,24,,20,25,30,24,18,19,20,15,12,13,9,8,12,16,14,25,,56,57,56,48,55,27,27,17,28,18,30,11,11,11,11,13,11,5,12,17,20,29,34,34,12,10,16,35,29,34,12,12,12,46,58,,36,32,,21,26,25,23,17,22,24,7,,,39,43,51,37,,31,28,37,34,40,41,,37,41,,53,62,56,21,55,49,54,50,58,44,34,22,25,24,,17,12,15,18,19,15,,30,21,14,15,11,23,14,17,28,15,19,15,32,34,30,30,30,13,10,8,10,10,,8,21,15,19,12,23,17,19,19,19,10,10,23,17,18,12,15,15,15,16,,14,17,14,19,25,23,26,18,29,27,33,16,58,90,,65,79,64,76,42,55,47,44,56,44,46,47,52,76,68,68,68,48,62,50,64,58,63,,54,22,26,20,20,17,21,20,24,30,26,35,28,23,28,27,25,30,31,9,18,22,13,15,16,24,25,19,17,8,6,15,26,25,25,26,33,23,8,6,25,26,25,29,24,31,36,28,40,33,22,18,16,17,36,35,41,29,56,,,48,17,17,24,32,27,33,35,38,36,30,18,20,17,,23,23,20,34,39,36,39,30,39,34,40,34,22,43,53,46,51,51,61,49,61,53,52,30,62,40,38,8,13,8,19,,16,16,32,24,6,8,15,13,15,27,35,21,22,22,33,36,12,12,17,11,17,11,20,21,16,16,17,17,18,16,10,18,7,7,9,12,7,6,18,19,19,18,19,,19,18,20,20,21,,8,13,25,21,27,13,14,13,18,13,,17,17,19,23,,30,,26,,,20,17,26,34,20,26,36,31,,38,43,,33,40,77,79,73,63,70,64,39,41,38,44,34,38,,30,30,44,32,,36,44,40,28,30,49,,46,26,24,24,11,34,17,20,,32,30,24,49,,,13,9,16,17,30,23,20,37,32,37,43,27,14,24,21,25,35,22,29,27,32,30,33,25,27,30,16,20,16,13,13,18,14,11,,,9,12,12,14,16,28,28,20,28,15,25,5,25,14,18,,9,11,9,16,17,13,17,11,17,18,16,23,17,18,9,12,15,,36,25,35,11,13,15,,16,29,16,,26,30,33,31,21,26,23,35,23,29,21,51,37,33,24,9,,11,12,19,13,,22,14,24,26,10,10,7,12,18,28,,26,39,9,6,11,35,48,31,22,37,42,37,35,34,39,31,44,36,31,31,30,29,31,32,24,36,42,42,45,36,6,24,18,22,16,28,27,22,23,29,23,32,31,29,30,70,59,48,51,58,53,53,46,52,29,28,26,27,28,34,37,29,36,31,32,31,35,39,52,50,49,,48,59,52,35,,37,35,52,,51,52,43,47,50,37,32,45,36,37,41,36,36,25,39,44,32,,27,30,18,28,24,37,37,34,53,49,37,58,26,36,12,23,22,23,,11,24,,17,22,22,17,30,22,21,20,32,32,28,19,21,25,22,21,28,30,33,36,31,18,23,34,14,15,18,30,20,15,16,11,20,19,18,13,19,18,20,14,25,19,25,27,25,28,11,18,24,41,42,49,42,24,27,22,21,22,26,26,,31,22,30,36,33,31,31,38,35,13,20,18,22,22,17,23,6,7,10,8,47,39,37,36,28,37,25,35,28,27,27,26,19,13,19,30,22,32,28,,16,25,23,25,26,27,29,32,25,37,,17,19,,10,23,20,24,15,4,5,6,,8,8,12,,12,13,24,30,10,16,26,11,11,14,10,10,12,23,28,10,10,10,,10,10,13,17,15,18,15,11,28,19,22,11,10,12,,10,14,11,9,14,11,9,12,10,10,10,13,2,3,14,17,6,5,5,3,26,,4,,2,4,22,27,30,28,39,31,30,28,,16,16,19,15,17,11,10,22,27,12,13,3,8,21,22,21,22,30,33,33,14,12,19,,12,11,22,40,20,24,14,29,5,23,20,12,22,13,14,19,9,16,17,21,34,20,22,11,23,17,10,16,25,25,15,44,,50,85,106,32,21,30,11,9,9,14,29,15,12,26,39,25,54,53,38,50,37,42,37,13,16,14,33,27,16,26,31,23,18,46,31,10,17,11,12,20,27,21,27,16,17,13,42,44,41,43,36,29,21,22,34,18,22,19,13,14,12,16,8,26,26,16,16,13,20,15,22,10,60,,42,36,85,56,36,59,51,12,50,20,20,14,61,30,23,44,52,13,33,19,14,14,11,36
20170820,13,PM10,,,,,,,73,,52,,,,,,49,,69,50,62,,51,35,29,,,,,73,85,80,,51,,136,36,50,71,82,84,61,,17,24,26,25,66,74,63,70,47,57,52,62,59,59,78,48,76,80,68,56,63,47,68,53,59,60,,61,36,,39,61,55,58,87,56,,84,91,,,58,62,87,87,75,68,105,128,135,128,130,110,99,110,26,38,48,,,51,52,42,45,,47,31,26,28,37,36,34,23,14,20,21,27,47,25,,20,21,13,20,26,24,48,30,25,,34,41,40,27,29,22,31,14,49,43,48,52,57,35,51,51,53,57,30,,23,20,34,35,23,,19,42,48,42,41,47,35,,48,43,54,51,68,41,22,,,,71,50,,74,70,58,,49,39,38,,12,,34,18,24,28,25,30,17,,,,21,22,,24,22,25,32,31,,29,13,35,26,30,33,29,44,,40,,46,,74,49,37,24,57,33,39,42,40,49,50,,40,53,42,46,,37,39,54,55,63,45,54,84,84,,,14,,82,61,,59,36,35,39,31,27,,27,19,46,39,31,53,52,,21,40,20,23,26,34,43,,,35,83,,91,96,96,98,62,44,68,70,61,82,95,57,46,18,,86,79,,55,54,67,73,68,,19,19,31,22,17,20,14,35,21,63,54,51,49,63,55,68,,46,,81,69,58,55,87,50,63,57,53,36,21,34,36,23,31,46,28,28,37,71,,,66,60,45,36,54,70,56,80,31,41,31,50,37,69,23,,38,33,49,23,15,31,17,39,51,36,19,32,25,52,71,59,43,61,32,22,31,,40,53,67,54,,46,114,97,65,68,61,40,37,44,47,25,63,73,41,43,51,36,42,5,13,33,14,43,40,,40,29,64,31,44,37,45,40,,35,34,28,39,19,,30,39,37,33,69,,27,59,38,40,19,25,40,35,39,36,46,26,27,23,38,24,22,25,12,4,6,,21,5,84,99,78,104,96,102,82,95,68,99,72,114,123,36,24,12,38,13,3,,13,13,38,,,,29,36,45,68,,45,44,,63,31,45,24,40,26,46,47,45,33,40,32,43,44,59,30,47,67,,58,66,39,39,24,35,38,44,53,38,29,22,21,17,28,34,,62,28,,,32,92,94,83,81,,46,,25,27,21,21,58,,,,,,28,31,,,40,72,41,57,24,41,37,57,42,34,13,19,19,7,6,,37,,44,,23,35,33,,,69,,20,21,24,16,20,24,22,12,,,83,72,84,50,63,57,68,38,47,57,34,36,31,26,18,47,11,24,40,32,39,53,55,46,35,16,,83,74,100,23,,18,34,52,,84,85,,44,32,34,52,49,63,66,25,,,84,68,99,,,61,58,65,51,38,48,,44,48,,,,67,47,69,54,57,,87,58,72,52,54,41,,20,18,,29,30,19,,35,40,32,39,21,,49,26,35,,19,30,25,32,28,32,30,20,23,12,24,20,,10,42,35,46,39,71,27,26,41,17,30,31,24,18,32,22,31,29,44,38,,20,47,21,89,79,38,53,57,58,52,67,33,,102,,90,78,97,104,43,50,53,52,49,58,104,47,63,86,94,69,117,47,60,56,62,89,166,,75,61,73,56,42,70,79,65,60,,,41,49,49,31,39,28,31,,31,47,53,15,32,19,25,28,72,25,13,22,32,28,34,24,113,,40,10,12,35,37,35,44,36,52,57,53,70,58,23,35,28,25,57,57,41,37,81,,,63,27,,42,30,45,49,60,76,58,53,46,34,30,,43,33,21,72,60,73,71,59,70,75,91,53,44,57,50,,,,21,11,22,,,121,106,96,73,43,26,51,39,,32,40,98,60,28,13,27,50,38,65,49,53,38,13,88,100,8,14,23,11,35,,,23,23,,16,52,53,37,15,36,19,7,15,,11,13,62,51,36,53,47,23,23,,36,79,65,,19,23,29,41,36,22,10,11,,8,,25,30,63,24,,42,,43,,,16,,35,116,96,80,102,52,,57,56,,60,78,104,,103,88,115,85,,77,67,92,79,51,,43,45,66,68,,60,63,50,61,36,106,,60,32,16,20,32,47,25,61,,23,37,50,76,,,28,36,56,68,24,52,27,30,44,31,44,34,24,,33,27,25,26,23,31,,,,,46,,25,23,26,21,17,34,27,35,,,23,27,25,30,18,70,36,28,52,28,15,35,17,22,3,,19,23,,12,24,41,40,,27,17,38,39,20,31,21,17,,,71,,,28,36,36,,39,47,38,,34,58,,,35,44,34,59,32,,38,64,55,59,21,33,,15,53,34,52,,40,87,,87,46,26,18,19,52,42,,52,46,19,,15,106,102,83,51,113,62,60,72,61,,44,45,45,73,68,55,72,79,,56,24,53,62,64,40,11,38,43,18,29,43,47,54,56,42,42,62,55,48,54,82,100,84,84,63,82,92,102,99,55,54,51,56,54,59,56,61,73,52,23,35,40,47,78,49,41,,57,52,53,51,,46,51,57,,49,64,64,67,55,65,51,44,50,39,83,53,57,59,65,73,65,,56,71,,70,,69,,72,78,76,76,79,43,64,39,44,65,62,,30,35,,38,43,42,46,40,74,58,,61,64,31,27,35,26,27,21,36,32,41,36,33,22,49,42,25,28,36,49,65,37,47,18,48,27,50,18,58,34,52,60,70,14,27,25,36,23,32,39,70,60,43,69,49,69,45,43,21,,26,41,,43,42,41,56,21,62,72,70,73,27,33,41,33,32,24,21,29,38,42,77,121,68,67,75,49,54,33,35,36,36,39,33,51,36,29,47,20,41,56,,41,61,36,31,34,41,88,54,,,,31,37,,42,71,53,59,45,5,8,5,,8,16,14,,17,18,66,62,57,69,40,21,27,,24,36,58,63,41,19,16,20,,25,41,,43,34,254,42,22,21,23,48,18,86,14,,27,42,14,25,23,19,28,13,21,35,26,66,70,,,20,5,15,9,19,42,,4,,16,25,29,41,45,42,50,41,45,38,,29,20,23,12,26,14,5,13,40,21,21,11,8,37,20,58,62,27,21,28,,7,62,,,12,,,11,,,33,11,38,,21,24,,10,9,14,19,8,44,193,41,29,,31,28,36,43,51,48,79,167,,159,1379,964,55,44,59,19,37,24,38,41,70,18,92,46,57,,63,48,60,47,68,95,30,37,,39,38,,46,,24,29,,33,14,,48,76,23,37,31,43,,29,20,39,67,86,73,35,63,42,33,42,49,,59,19,23,16,14,25,51,62,37,30,21,56,40,43,21,74,,41,38,69,58,87,75,80,28,65,26,23,24,84,,,32,52,,53,59,65,66,11,67
20170820,13,PM10_24h,,,,,,,74,,47,,,,,,74,,63,62,62,,66,57,46,,68,,,109,113,96,91,82,71,86,71,67,113,105,101,87,29,29,44,45,45,115,129,104,89,56,68,73,74,70,62,61,49,64,66,67,65,52,48,62,41,51,54,,52,52,63,60,70,58,68,88,80,70,89,79,,,64,62,68,76,55,80,109,114,123,146,118,118,106,109,31,42,48,,,59,51,46,50,,69,29,25,26,33,31,32,22,23,28,22,39,60,36,,34,15,18,25,24,38,90,69,65,,70,69,68,68,56,42,49,57,62,45,37,49,49,41,48,37,39,42,26,21,23,17,29,26,37,23,19,29,40,42,34,34,36,,40,52,40,52,55,47,31,,,,69,43,,50,51,55,,44,42,30,,28,,38,29,54,35,31,42,23,,,,28,27,,32,30,28,29,34,,27,22,29,26,29,28,30,22,,33,,46,,25,47,43,27,46,34,38,44,51,39,46,,40,49,45,44,,36,41,54,50,53,54,50,61,60,,,25,,49,39,,61,44,46,32,29,27,,40,31,52,52,55,36,38,,35,31,23,22,27,35,34,26,24,25,66,,73,70,74,78,46,36,52,70,74,67,87,76,83,31,,78,79,115,75,84,109,88,95,,34,28,27,34,23,22,22,49,20,82,75,73,81,75,70,80,77,92,66,60,64,51,58,72,55,59,57,51,54,34,70,60,41,55,46,43,51,52,55,53,,46,54,34,89,49,68,49,51,22,28,21,34,25,55,22,23,23,17,42,16,16,15,17,51,54,51,32,36,34,58,51,33,29,26,19,32,34,32,32,52,52,53,45,34,64,59,55,60,57,59,56,48,55,47,63,57,42,69,59,57,67,16,17,20,18,22,37,,46,33,58,43,42,69,52,58,,34,42,41,41,56,,33,43,37,30,66,,31,53,30,33,22,25,37,35,32,30,40,37,32,25,40,38,33,52,13,11,9,9,17,12,68,68,59,81,79,71,64,109,50,64,56,79,94,57,49,34,54,43,26,,28,44,53,,,,54,55,45,80,69,56,52,,54,45,61,42,47,38,42,52,46,40,40,19,31,45,58,64,81,76,74,88,92,90,71,62,69,84,65,97,48,44,32,31,31,40,74,69,48,54,69,50,47,71,65,66,53,,27,,29,36,35,27,51,,,65,,72,31,31,,61,56,62,63,63,32,55,40,49,42,75,27,29,24,17,25,,50,,52,,46,44,39,47,29,34,41,26,22,24,21,21,22,38,30,44,,76,70,78,70,72,48,53,31,47,39,50,26,24,20,18,30,15,18,28,28,32,49,63,52,21,19,23,63,59,60,19,23,22,90,65,,66,63,,40,50,45,43,25,50,50,27,,,73,63,63,114,,46,40,50,44,50,51,,51,52,,78,75,82,26,79,93,67,93,120,81,56,61,58,38,,22,25,34,30,40,21,,48,51,30,33,17,47,56,30,51,50,38,40,55,48,48,60,50,35,31,28,28,30,,11,52,45,51,25,54,53,40,64,59,33,32,29,22,32,22,29,25,29,28,,36,35,32,46,69,48,55,38,68,61,67,30,118,118,,114,100,127,121,58,84,74,70,87,73,77,67,71,122,105,95,99,92,89,72,90,82,91,,69,48,62,54,53,50,46,43,47,30,28,43,42,42,28,45,32,42,38,28,48,64,24,26,29,46,43,52,24,24,21,37,38,45,31,49,61,75,18,17,33,38,37,43,39,50,50,44,55,64,45,28,48,41,55,64,51,42,76,,,63,36,39,43,41,44,51,69,75,53,54,61,39,53,,43,39,44,59,56,63,68,43,51,67,69,69,72,95,95,111,119,105,101,105,107,136,125,74,98,60,52,29,22,22,43,,41,43,66,63,41,19,40,31,39,91,88,99,36,29,59,57,29,16,26,22,30,30,27,32,25,16,26,29,45,38,38,39,24,19,11,15,16,15,40,37,37,33,34,27,34,36,39,57,52,,26,32,37,36,35,29,25,22,27,15,,33,28,39,37,,41,,48,,,37,32,48,68,52,43,57,57,,57,61,,75,84,106,107,103,93,137,113,58,76,62,83,65,50,,48,45,57,67,,50,63,63,50,44,97,,65,51,51,48,30,46,30,46,,96,81,98,55,,,43,46,26,33,41,60,31,61,56,57,73,67,27,42,48,58,54,36,50,40,65,49,74,49,51,41,31,30,27,27,31,37,30,40,,,40,33,28,27,39,70,74,44,57,58,122,28,58,43,34,,22,18,22,31,35,43,54,18,51,83,33,46,36,34,37,34,29,,57,30,40,26,25,34,,40,41,50,,33,48,42,52,36,44,52,58,52,35,41,57,48,59,30,43,,24,33,32,43,,41,38,34,40,37,31,19,23,44,42,,59,61,22,25,22,67,60,55,37,58,64,48,65,56,55,47,65,57,61,62,72,64,53,48,50,51,65,66,88,59,14,76,50,53,45,40,56,49,55,61,37,60,51,59,48,91,97,74,71,88,68,79,73,76,42,44,47,43,49,42,45,41,56,44,44,52,59,73,78,81,73,,72,74,72,56,,57,57,68,,61,68,65,66,56,57,44,61,56,67,78,72,68,53,53,58,49,,42,59,63,48,34,48,37,51,68,67,66,68,39,48,42,44,53,50,,37,39,,41,28,36,33,40,40,27,20,54,48,42,45,42,52,41,36,41,48,57,62,46,32,46,45,31,37,36,55,78,49,57,27,29,36,42,32,40,35,50,60,66,28,39,41,49,34,24,44,65,67,66,81,62,85,44,42,42,49,48,46,,62,56,64,61,52,55,65,54,58,25,56,49,40,43,28,38,35,38,32,62,78,46,47,72,55,56,39,46,36,40,36,39,50,40,35,46,45,62,69,,58,54,37,36,38,47,61,53,33,40,,27,36,,44,77,62,74,53,11,8,10,,18,13,16,,23,27,37,53,40,56,38,20,23,27,21,46,58,71,46,26,19,16,,22,29,28,42,49,101,58,27,29,25,40,28,28,24,,26,34,20,26,34,37,20,27,24,20,29,49,56,20,34,64,8,12,13,17,73,,10,,14,26,36,54,55,49,60,55,52,54,,32,26,29,24,73,48,33,35,42,23,24,7,15,41,40,66,55,51,54,51,33,22,59,,19,25,35,73,31,37,33,38,10,37,50,51,47,67,58,69,46,66,41,66,117,77,71,15,41,32,32,46,62,74,81,208,,151,469,326,71,48,69,24,31,17,41,46,49,22,47,47,35,84,57,55,106,51,52,80,43,35,28,42,42,32,43,36,37,31,84,39,16,57,34,49,29,45,39,54,26,27,20,52,74,75,55,54,53,53,48,63,48,37,31,26,34,20,28,17,61,48,25,32,23,44,39,55,33,102,,72,52,108,106,73,59,67,28,64,36,48,27,81,76,36,60,72,28,49,30,57,33,22,44
20170820,13,SO2,3,2,3,5,5,3,2,7,3,3,5,2,,,11,,9,2,5,,7,4,14,,8,,,8,29,9,3,11,11,5,13,15,36,77,51,36,5,3,12,11,11,7,6,11,8,8,14,5,5,4,3,13,30,27,16,11,10,11,13,15,9,13,15,,13,10,14,16,5,6,8,9,5,11,10,17,,,12,33,18,8,50,15,20,28,30,19,26,24,18,12,3,11,9,,,9,12,9,11,,11,9,8,10,12,7,5,5,5,4,6,6,8,8,,8,5,9,9,2,9,11,6,4,,4,8,7,12,7,6,13,7,7,7,8,11,6,7,8,6,10,9,4,12,9,24,8,8,8,9,8,11,11,19,8,7,10,,10,23,16,19,17,26,5,,,,18,16,,15,21,26,,32,7,9,,3,,4,4,2,8,5,9,18,,,,8,9,,8,9,7,14,22,,7,11,7,15,3,2,10,10,,8,,10,,29,8,5,7,6,7,6,12,3,8,8,,6,5,6,4,,8,6,7,15,17,12,15,5,8,,,6,,9,5,,7,5,7,6,6,8,,6,6,6,4,6,7,7,,6,5,2,21,3,17,18,13,26,5,6,,11,7,5,12,5,14,9,17,16,14,15,15,12,6,,15,8,18,18,7,14,16,12,,2,3,7,3,10,4,6,9,7,4,8,7,7,8,2,10,6,9,,11,10,14,9,5,5,8,7,10,10,11,10,12,9,9,12,3,10,14,14,,,17,13,13,20,14,7,10,14,13,12,18,9,6,14,10,9,15,17,,5,5,17,5,13,5,11,6,5,9,16,31,10,8,9,10,7,5,6,4,15,17,17,15,12,22,23,17,12,9,12,12,11,11,7,15,10,7,7,11,7,8,5,6,6,3,5,15,,16,10,15,19,10,14,11,12,,11,13,13,12,12,,7,6,15,10,7,,6,10,10,2,7,7,5,3,5,6,5,10,9,9,12,9,12,12,7,17,10,8,9,6,9,2,7,5,10,5,8,8,8,6,6,7,10,6,2,2,6,4,3,,7,6,4,,,,15,25,9,15,10,9,16,,28,22,69,15,10,11,8,15,15,10,8,5,8,21,13,5,10,47,8,20,14,6,5,5,5,4,6,9,5,4,3,6,2,4,9,8,7,8,3,12,10,4,13,11,10,,9,,8,7,6,7,15,,,7,,4,7,3,,12,12,12,12,26,20,11,15,9,18,22,7,8,6,7,5,,13,,17,,4,11,15,15,2,8,6,11,8,2,3,1,5,15,12,12,,31,19,17,15,17,15,12,9,10,15,14,8,9,10,10,15,9,4,13,37,10,8,7,7,10,9,9,10,9,8,3,3,4,13,17,,18,16,,9,10,7,7,17,21,22,7,,,9,9,8,21,,33,22,64,65,11,5,,2,7,,23,27,26,26,16,17,11,19,15,20,17,11,11,8,,5,5,5,7,7,4,,10,14,8,9,9,11,4,6,18,7,8,2,8,7,11,11,8,8,5,5,8,4,,2,7,4,5,15,12,1,1,4,6,8,3,7,3,12,4,11,10,10,2,,8,31,7,11,19,19,24,9,12,40,19,6,11,18,,11,20,16,14,8,9,8,6,4,3,5,4,5,15,12,6,5,11,7,10,11,6,9,,8,13,11,9,6,8,6,10,7,31,11,12,10,7,9,9,11,13,10,14,9,7,9,8,4,7,6,5,5,6,7,8,7,6,3,7,13,4,2,2,7,4,6,6,6,5,9,4,8,5,13,38,10,12,4,7,9,6,10,,,10,3,4,10,6,11,5,5,17,16,12,8,5,12,,7,14,12,13,14,15,8,11,9,7,9,12,10,10,14,4,5,2,2,4,4,4,3,11,9,7,10,12,10,22,9,,11,23,81,20,6,5,3,33,6,4,5,3,11,14,22,27,4,1,4,1,7,4,5,5,5,3,2,3,8,7,7,3,4,4,1,3,9,5,10,11,13,12,10,14,10,19,,15,17,,7,7,13,13,8,9,9,17,12,3,,15,11,11,8,,7,,11,,,1,3,22,7,8,7,8,5,,8,10,,7,10,18,15,16,9,14,24,13,13,20,18,20,52,,22,20,7,8,,6,15,9,7,12,61,,41,5,5,4,2,9,7,4,,5,3,4,31,,,3,3,15,11,7,7,9,7,8,6,4,7,6,6,9,7,7,7,6,5,7,7,5,17,6,7,14,47,3,5,3,2,7,7,,,9,7,8,8,2,2,2,17,10,5,7,3,3,2,3,,5,11,7,5,1,1,10,2,19,19,2,27,9,9,4,6,24,,6,10,10,9,12,12,,8,2,11,,27,17,18,14,44,45,52,10,10,30,12,5,8,25,10,,,8,5,7,3,,11,18,22,6,6,7,7,7,12,12,,10,15,16,15,8,13,14,6,12,8,9,9,7,14,4,5,8,7,14,14,7,10,6,7,6,11,10,4,13,6,5,9,7,6,40,3,8,8,8,22,28,17,23,25,22,7,7,9,5,24,18,10,22,9,13,5,21,22,21,5,11,8,7,6,24,20,17,6,21,10,16,,13,7,10,7,,5,5,6,,4,9,6,7,6,9,8,11,5,9,6,4,6,6,10,5,5,,6,31,13,2,11,8,22,8,9,7,6,9,11,21,8,6,9,6,,7,7,,2,7,9,6,4,3,1,3,14,13,5,12,11,8,8,5,17,16,15,14,16,13,25,14,25,23,11,9,6,16,10,3,7,5,7,9,3,5,5,5,4,2,3,11,34,24,2,1,2,11,13,14,11,13,15,12,12,11,32,9,,9,5,9,8,12,12,16,7,5,6,8,4,6,9,10,8,6,,42,25,16,17,18,17,12,6,3,16,5,2,3,6,4,9,7,10,9,9,8,,9,9,22,3,7,3,11,4,26,7,,5,3,,7,17,8,8,10,12,11,11,,20,11,15,,16,16,16,6,12,25,11,5,5,6,2,7,6,10,11,5,10,3,,2,7,3,18,16,8,21,8,4,4,9,9,12,14,,9,8,8,9,20,6,5,6,14,15,17,10,2,2,,8,5,4,7,4,4,,4,,6,1,3,7,5,5,6,6,5,4,,7,8,6,7,7,4,3,6,9,8,7,5,4,2,2,13,13,5,8,8,4,12,4,,8,13,4,4,6,6,11,12,4,13,7,14,8,6,7,5,6,5,5,5,4,2,12,11,8,1,3,12,5,3,3,3,,13,20,23,10,18,7,3,3,4,12,10,28,9,19,7,14,7,5,9,34,22,12,50,10,8,8,6,5,6,6,9,11,10,4,7,6,9,11,70,15,16,6,8,9,4,4,2,3,7,12,9,55,6,7,33,2,6,8,21,5,13,10,13,20,17,7,9,10,9,15,12,14,24,,10,9,17,13,19,5,5,8,29,1,4,6,5,24,6,11,20,6,14,7,2,12,4,13
20170820,13,SO2_24h,3,2,3,3,3,3,2,3,2,3,3,2,,,7,,10,3,5,,7,4,12,,16,,,8,28,7,2,10,8,4,30,26,51,46,52,46,7,4,15,11,12,6,11,13,10,10,15,7,5,4,7,7,22,20,12,8,7,7,13,6,7,9,15,,8,13,17,18,4,6,6,7,9,9,10,13,,,14,28,13,11,13,17,15,18,19,14,17,14,15,12,9,16,11,,,9,19,10,14,,14,8,8,9,10,6,5,5,5,5,6,7,8,8,,8,5,8,9,3,11,9,6,4,,4,9,12,14,9,6,11,9,6,7,8,7,6,8,8,6,9,8,12,13,10,24,9,10,9,10,8,8,7,13,6,5,9,,9,19,18,19,15,17,7,,,,16,6,,10,22,21,,24,8,11,,2,,4,4,3,8,5,9,20,,,,10,10,,8,7,5,8,11,,6,9,7,15,2,2,10,9,,9,,14,,9,10,6,7,9,8,9,14,6,11,11,,6,6,8,3,,7,6,7,13,11,12,13,5,9,,,6,,8,5,,6,5,8,6,7,9,,9,6,17,13,11,6,6,,7,4,2,16,4,19,16,17,24,5,6,,9,7,5,12,4,10,11,39,37,40,30,32,14,5,,33,7,17,21,6,13,16,15,,6,3,3,3,10,5,5,10,7,5,9,8,7,5,4,9,6,8,11,8,8,12,9,5,4,6,6,8,20,10,19,14,19,11,15,4,11,12,14,14,,14,17,17,19,13,5,9,12,12,12,12,14,6,13,18,6,12,13,9,4,4,5,6,12,7,10,10,10,10,24,25,9,7,7,7,9,12,8,7,17,21,19,13,13,10,13,10,11,7,16,26,14,20,7,13,9,7,7,11,7,9,3,6,5,3,5,16,,15,12,11,19,10,11,15,16,,16,12,13,10,16,,8,7,16,10,7,,6,11,9,4,6,6,5,4,6,6,11,14,12,11,13,14,19,26,7,14,10,9,9,7,7,2,7,6,8,5,6,8,9,6,5,8,9,7,5,2,8,5,6,,9,7,3,,,,17,10,8,10,9,6,9,,13,22,118,32,20,19,10,72,14,11,11,4,9,13,12,9,18,20,12,17,12,11,6,8,9,5,9,11,6,5,10,6,3,5,14,13,8,34,13,41,25,4,22,14,15,,8,,9,9,11,8,17,,,9,,5,9,6,,16,19,11,10,27,16,12,16,8,19,21,8,7,6,7,4,,12,,13,,5,14,19,19,4,8,8,12,10,3,2,2,6,15,11,12,,37,16,29,15,18,14,13,12,10,16,40,9,8,11,9,11,8,5,9,16,8,8,7,10,9,9,9,8,8,8,4,5,6,16,18,,19,18,,14,14,14,13,7,9,18,7,,,9,9,9,14,,17,13,22,18,10,4,,2,8,,30,44,33,22,36,13,5,17,30,18,5,13,15,12,,6,5,6,6,6,6,,17,13,11,10,9,26,5,6,13,7,8,3,16,20,26,25,23,9,6,5,9,6,,2,7,5,5,16,11,3,3,8,8,7,4,5,2,17,6,9,10,7,2,,14,13,14,14,24,18,20,8,22,47,26,6,10,11,,12,19,17,12,8,16,9,11,19,3,5,4,6,16,12,9,3,13,11,8,12,7,12,,10,12,10,8,7,8,8,10,10,28,28,37,11,9,24,9,14,12,12,19,9,6,8,7,7,10,10,6,5,6,7,9,8,7,9,8,18,4,2,2,6,6,8,7,6,5,9,5,9,5,24,20,11,11,4,5,11,6,14,,,10,4,3,11,7,8,5,8,13,11,8,11,8,12,,10,19,12,12,12,15,6,10,9,6,8,12,10,10,14,4,5,3,2,4,4,4,2,9,9,5,8,10,6,17,17,,8,26,36,12,3,6,3,12,6,3,5,4,8,13,10,12,4,2,4,2,7,4,5,6,5,4,4,4,9,7,6,3,5,4,2,4,9,5,6,8,11,10,10,14,12,23,,11,14,,7,7,12,13,10,10,8,17,11,9,,17,14,13,10,,9,,10,,,2,2,14,8,8,8,8,6,,8,10,,15,24,19,11,17,8,13,22,10,11,17,15,16,19,,11,13,7,5,,9,15,20,23,19,49,,35,10,10,9,7,8,6,4,,6,8,7,26,,,7,4,13,9,8,6,9,13,11,17,22,11,7,8,11,8,13,7,6,5,12,9,8,14,8,11,15,14,9,8,6,4,7,9,,,7,7,7,8,2,2,3,4,11,6,8,4,17,3,8,,5,11,6,7,2,4,14,2,17,13,3,15,11,15,4,9,30,,16,14,11,14,12,13,,12,1,9,,24,14,31,23,27,24,26,18,20,23,9,8,10,22,11,9,,11,4,7,3,,10,19,20,17,10,7,7,9,13,13,,23,33,17,13,10,13,11,8,14,6,15,10,9,13,5,7,15,6,9,15,9,11,5,6,6,25,11,4,24,8,5,19,10,17,60,4,9,20,25,20,28,25,32,31,24,15,24,14,18,30,36,23,42,32,11,4,15,18,17,4,11,7,7,8,34,28,31,72,23,19,25,,14,5,10,8,,5,5,8,,5,9,7,7,6,9,7,10,3,6,7,4,6,6,8,7,5,,6,20,26,6,11,8,12,8,10,9,6,9,10,7,9,7,10,10,,9,9,,3,4,3,5,8,6,2,4,11,11,9,18,17,14,16,10,17,21,17,66,38,24,17,9,21,17,8,21,14,21,13,7,8,10,8,12,4,4,6,6,1,6,4,17,47,20,3,1,5,19,12,10,14,17,12,15,15,12,16,9,,8,4,13,39,57,13,21,13,12,7,7,5,15,18,10,16,8,38,32,24,10,9,13,11,17,11,11,7,6,3,3,5,4,7,4,8,8,9,7,,8,10,19,6,12,6,15,5,28,6,,4,3,,6,21,6,7,8,8,8,7,,20,9,13,,14,13,14,7,13,23,9,4,4,3,2,6,7,10,17,4,10,3,,3,6,3,23,37,7,19,8,5,4,12,7,12,15,,23,9,8,9,7,11,4,6,12,12,16,9,2,7,5,9,4,4,5,5,3,,5,,6,1,4,8,6,7,9,8,8,5,,10,11,7,7,14,6,6,7,10,4,6,6,9,4,2,23,16,4,7,8,3,14,4,,9,14,4,6,6,7,12,13,3,10,9,11,8,8,11,9,5,5,5,5,5,1,12,7,6,2,3,12,4,2,4,5,,13,41,35,13,14,9,3,3,4,10,11,9,10,15,6,15,13,8,10,32,11,8,29,12,8,7,6,6,6,9,9,11,10,5,8,6,21,17,45,21,25,14,8,10,4,4,19,14,9,14,11,20,8,9,14,3,6,11,9,6,15,21,12,21,20,12,9,10,6,14,14,13,33,,11,10,16,25,24,13,8,5,24,2,3,6,7,34,5,10,18,7,9,6,2,12,12,13
20170820,13,NO2,28,11,45,40,35,35,30,18,7,15,39,10,,,13,,24,15,18,,12,10,8,,4,,,24,13,11,17,5,16,11,17,20,24,28,30,18,8,9,5,8,6,31,8,13,12,11,5,3,15,11,9,18,12,16,14,16,12,10,11,17,13,22,18,,15,20,11,13,7,14,13,14,10,,16,25,,,9,12,18,14,68,12,20,36,23,25,21,23,20,16,6,5,14,,,15,10,15,16,,15,7,15,14,11,6,6,14,12,8,2,10,9,17,,8,2,2,7,1,4,8,20,4,,17,21,19,14,21,3,14,11,30,26,26,28,20,17,19,18,16,23,16,13,17,17,22,19,5,23,19,24,51,36,31,29,34,,37,25,35,30,22,43,8,,,,26,21,,19,18,25,,32,6,13,,12,,13,11,12,17,15,23,5,,,,8,22,,6,15,9,13,20,,21,5,9,6,11,6,1,5,,16,,6,,20,51,36,7,44,27,38,49,28,33,50,,10,10,12,11,,6,8,13,29,21,12,16,34,26,,,24,,29,31,,14,6,7,5,5,6,,14,20,16,7,19,10,9,,4,14,7,4,5,16,8,9,21,5,17,,15,33,17,21,11,20,15,11,2,5,11,13,7,3,,4,26,11,12,21,13,17,24,,14,13,22,16,15,19,6,19,8,13,8,18,9,15,5,16,23,5,,36,18,33,14,35,11,16,12,4,3,2,5,6,8,11,18,11,5,6,,,,39,36,16,18,32,30,22,16,29,28,40,23,22,22,18,29,46,39,,8,1,21,2,17,27,14,7,8,7,12,22,15,11,9,9,12,11,5,8,21,23,29,,15,39,34,24,24,30,11,8,13,13,22,28,22,18,17,14,15,16,5,3,8,2,2,14,,20,24,16,12,8,7,8,29,,12,16,18,13,18,,13,13,36,25,26,,27,9,10,20,2,8,6,13,19,8,6,11,11,9,17,12,12,18,8,18,16,4,28,5,20,18,43,33,32,33,14,32,16,32,13,28,13,18,15,5,62,38,2,,7,16,10,,,,35,24,36,26,7,26,28,,24,5,23,5,14,2,7,7,8,14,6,3,5,12,4,19,22,49,11,36,17,27,12,8,14,9,12,8,9,11,3,3,3,4,8,12,6,2,2,2,6,34,22,14,13,,10,,13,8,17,6,10,,,7,,11,8,7,,10,9,14,16,6,9,5,13,7,2,3,3,21,16,5,4,,5,,3,,7,8,14,11,11,14,12,12,2,5,8,2,9,6,5,2,,19,13,20,12,27,9,11,6,11,7,9,12,7,10,10,15,6,7,11,11,6,8,8,9,4,6,5,20,16,19,5,5,5,22,15,,17,14,,5,3,4,6,18,19,13,13,,,13,11,21,9,,25,13,17,16,3,3,,10,2,,4,17,1,,4,17,22,20,23,11,16,12,5,6,,4,8,14,19,5,2,,8,6,10,8,5,5,2,7,27,7,4,2,6,3,8,11,13,7,6,7,3,8,,5,12,7,6,3,1,10,17,2,16,4,8,4,7,17,5,22,18,23,20,,6,22,4,24,6,39,30,6,9,32,13,4,12,5,,11,13,7,2,9,5,14,10,14,10,4,7,8,10,11,11,16,6,3,12,9,10,19,,10,22,25,16,27,23,20,20,8,7,3,2,8,3,1,2,2,1,5,3,8,13,5,4,3,11,7,8,2,7,8,3,8,10,8,10,9,7,4,6,10,26,14,10,9,15,15,15,9,8,16,27,13,8,13,12,12,11,22,,,14,6,11,11,8,10,11,17,20,19,15,20,10,13,,8,20,10,14,16,3,15,5,16,20,19,13,16,30,15,5,8,27,29,21,18,21,33,8,10,9,2,7,10,9,12,,11,25,34,31,12,18,4,17,10,14,7,10,6,,12,15,8,2,12,9,8,12,9,2,,7,4,4,8,5,4,8,5,1,5,2,8,9,25,26,30,41,16,41,16,27,26,23,28,,8,21,19,15,32,7,16,7,12,2,,10,13,18,15,,26,,22,,,9,4,5,8,8,16,10,13,,18,12,,8,9,26,16,26,22,16,21,13,10,12,14,17,13,,19,10,2,8,,10,2,16,13,4,26,,15,7,2,4,11,9,9,6,,9,7,5,28,,,6,1,16,11,9,8,4,2,16,6,15,9,2,2,8,4,10,13,1,10,4,2,5,10,2,6,6,22,11,12,5,3,4,6,,,2,8,10,,1,20,3,1,6,9,6,2,20,4,2,,4,3,1,4,5,2,14,3,21,6,9,12,5,10,2,5,20,,11,9,20,16,6,8,,19,2,2,,10,22,11,14,46,52,20,49,17,16,17,17,13,16,38,,,7,8,10,18,,16,24,32,19,11,16,6,16,12,4,,19,15,16,32,17,21,27,14,10,16,11,10,2,9,4,9,6,5,12,12,8,7,15,10,5,2,2,3,6,3,2,3,3,8,3,2,7,3,3,9,6,12,16,10,9,13,14,10,12,12,8,3,3,7,2,3,6,11,16,3,6,2,7,3,6,32,12,20,22,6,11,,19,23,10,8,,7,2,10,,7,7,7,3,5,16,15,10,11,11,2,9,6,5,8,7,5,,36,14,10,9,9,21,18,16,13,11,8,23,17,14,20,12,17,8,,5,6,,9,4,7,14,3,3,6,7,9,4,8,7,5,5,4,6,2,7,7,6,3,2,13,9,16,14,8,4,8,8,8,2,1,5,6,7,2,1,1,3,1,5,5,8,19,6,3,14,3,13,6,14,10,8,11,6,6,6,18,18,,14,11,4,6,3,12,3,7,7,5,12,12,6,6,6,6,38,43,37,42,8,19,12,7,16,15,13,11,7,12,12,3,23,24,33,29,5,6,6,,15,20,8,10,13,14,18,14,18,17,,14,12,,6,30,17,16,13,5,7,7,,10,3,6,,5,11,10,19,14,19,10,3,7,6,3,2,6,7,5,9,6,6,,1,8,7,8,8,17,5,11,7,4,6,7,4,6,,3,2,3,9,7,2,10,10,10,5,4,8,15,4,3,13,1,1,3,8,18,,5,,3,9,5,7,6,7,14,11,17,10,,7,6,19,6,10,3,3,14,14,6,8,4,6,7,10,11,13,5,17,9,12,21,14,,7,5,6,17,10,31,6,9,3,10,3,3,14,10,12,11,12,11,10,18,13,3,7,12,10,18,2,5,17,17,1,4,,10,6,9,29,23,11,15,4,9,16,9,13,9,29,8,35,6,12,18,7,15,2,26,9,23,24,8,17,20,16,8,4,5,6,14,1,10,10,44,8,8,4,7,23,3,11,15,18,6,36,13,28,20,21,18,10,11,13,22,7,12,8,7,19,7,9,9,11,17,13,18,4,13,,22,9,9,8,14,19,11,9,17,4,2,5,19,12,8,1,19,3,5,11,6,7,2,10
20170820,13,NO2_24h,32,14,41,28,44,34,45,33,12,33,50,51,,,36,,36,31,41,,36,27,25,,19,,,58,41,34,44,21,44,8,54,57,45,43,60,57,17,32,24,23,31,45,35,29,26,22,17,24,27,27,18,16,15,19,19,20,29,19,28,24,13,47,45,,38,31,24,30,21,30,25,17,28,24,23,43,,,30,26,38,42,29,32,31,52,50,62,44,50,56,34,15,28,38,,,36,36,36,42,,39,8,17,12,11,6,6,9,14,13,2,36,36,25,,33,5,7,27,15,30,36,43,23,,51,58,53,54,58,27,32,42,27,32,35,28,33,20,26,32,23,33,30,17,27,26,26,29,15,33,35,21,38,31,29,20,25,,34,22,30,26,17,26,22,,,,33,21,,23,26,27,,30,19,23,,14,,21,11,28,30,18,33,15,,,,16,26,,12,14,14,16,19,,22,17,21,21,18,22,10,10,,20,,16,,18,41,38,6,34,31,35,45,32,23,33,,13,22,20,24,,8,25,25,34,25,33,24,23,14,,,20,,21,22,,18,11,13,8,8,9,,16,17,24,20,30,17,15,,28,42,35,23,42,67,32,37,38,29,26,,31,35,25,35,12,28,25,35,22,30,41,34,35,7,,27,43,32,31,35,35,36,38,,12,24,19,23,25,29,11,26,12,22,20,32,27,23,16,25,34,19,40,36,30,41,28,40,34,28,28,17,25,11,30,28,26,33,34,39,22,21,50,40,,50,57,31,68,65,39,60,30,41,48,39,38,27,45,44,19,36,35,36,18,16,20,13,31,43,32,24,20,13,44,42,25,14,11,11,17,20,14,15,40,45,48,11,31,31,41,37,35,39,40,31,23,24,43,34,40,27,34,32,36,34,9,8,14,12,8,15,,33,36,41,26,24,48,26,58,,34,43,35,35,41,,23,27,49,34,39,,34,9,16,21,5,15,11,18,22,17,15,18,22,11,22,23,23,29,15,18,21,10,24,13,28,23,48,35,34,38,22,42,17,28,17,35,21,20,16,4,26,28,4,,8,13,14,,,,23,21,58,36,28,50,45,,27,19,34,18,22,13,18,26,19,23,17,3,7,29,8,30,27,32,25,39,26,30,18,15,19,16,30,32,22,23,11,14,14,21,26,31,18,15,22,27,28,37,31,26,22,,17,,20,19,29,16,27,,,17,,17,23,19,,33,11,24,26,27,22,15,27,14,3,9,16,26,22,10,14,,17,,18,,22,20,22,26,22,17,23,24,8,9,7,8,10,20,15,21,,26,20,32,21,46,21,23,19,23,14,20,14,10,14,10,14,7,12,15,11,13,18,21,20,10,11,11,35,24,33,9,11,12,46,34,,24,23,,15,16,18,18,10,28,29,16,,,16,12,22,30,,22,7,15,20,14,6,,19,11,,9,30,12,6,6,58,33,30,42,38,15,22,16,18,,13,16,27,37,24,7,,27,19,10,18,9,23,9,22,25,22,17,10,29,28,32,36,33,21,18,17,14,17,,6,21,16,20,7,11,21,26,12,22,11,13,13,10,29,13,34,30,32,28,,21,14,18,16,9,29,19,6,14,24,26,4,27,19,,26,25,19,20,22,22,31,27,40,17,8,16,11,26,30,36,16,11,7,16,15,13,25,,13,21,26,24,24,19,21,20,15,13,18,13,23,7,17,9,6,11,16,5,16,27,14,4,5,23,17,19,9,11,12,14,21,19,18,26,27,27,8,11,12,24,14,16,12,25,22,20,17,17,39,20,27,19,13,19,19,20,20,,,28,17,16,13,13,14,19,25,21,31,14,30,17,23,,17,24,21,23,22,10,22,4,9,24,20,27,34,39,37,14,17,22,26,23,28,25,27,17,10,11,5,12,12,12,29,,9,23,24,20,10,18,3,16,12,27,24,21,13,,17,21,15,5,16,17,17,25,16,9,3,10,12,13,21,13,13,17,8,5,6,3,14,12,20,24,28,32,19,29,18,26,32,28,26,,12,26,31,21,35,17,22,9,16,3,,11,12,20,16,,21,,21,,,13,6,20,12,9,16,11,15,,16,12,,24,28,33,20,32,21,24,18,21,22,18,23,30,13,,21,14,2,13,,13,4,30,26,15,41,,33,12,7,8,16,17,12,18,,12,9,10,24,,,18,13,15,8,11,9,4,17,27,16,29,28,8,18,22,14,14,13,15,23,14,7,21,20,25,21,23,26,24,18,10,10,15,12,,,26,12,14,8,12,32,8,8,17,26,22,7,26,11,15,,10,5,2,18,24,22,38,6,22,21,12,13,9,15,11,20,19,,30,23,18,31,23,26,,15,8,8,,12,22,20,21,51,55,31,41,28,27,25,21,21,22,30,23,,17,17,17,13,,21,35,40,24,18,24,18,15,13,6,,33,26,18,27,15,29,21,24,18,16,25,27,18,12,4,18,17,12,24,29,28,27,16,15,17,3,15,9,19,9,3,24,18,23,16,9,31,12,19,32,6,18,18,22,19,22,24,12,20,28,18,16,16,19,13,12,14,16,23,10,10,3,13,14,14,33,19,20,29,21,28,,32,36,26,12,,13,10,14,,11,9,9,6,4,15,16,13,13,13,23,12,15,17,9,9,8,,26,30,30,28,6,22,15,18,16,9,12,20,23,16,26,16,17,13,,10,13,,16,3,10,16,8,4,8,12,20,6,14,22,17,16,20,13,7,21,20,18,13,15,22,15,19,21,21,25,25,22,28,6,5,8,13,9,5,8,6,10,3,6,12,18,28,10,6,21,20,30,23,24,29,22,13,15,18,16,23,23,,28,23,12,14,16,18,13,14,18,13,25,25,14,13,11,12,23,41,32,34,15,21,17,22,16,16,19,20,18,22,17,10,21,29,33,34,12,17,20,,18,32,25,29,19,32,15,26,38,15,,12,18,,10,40,20,19,18,5,8,8,,18,6,12,,11,17,14,15,13,28,12,4,7,6,4,13,16,16,13,13,16,8,,6,9,6,10,20,19,14,14,11,7,10,13,8,10,,10,9,7,12,13,12,11,17,10,6,9,15,16,7,11,32,4,5,5,4,13,,9,,4,10,14,17,19,17,23,20,24,18,,15,12,18,17,9,5,3,17,11,15,13,11,11,13,15,28,27,7,16,8,9,13,18,,8,8,6,25,13,30,12,12,5,11,3,4,10,10,10,10,13,11,12,45,41,13,25,6,36,38,6,17,16,18,1,22,,29,15,21,42,27,32,13,4,6,30,31,30,21,37,11,49,45,24,27,26,16,4,52,21,24,17,20,18,18,20,11,24,15,15,27,3,19,17,29,11,18,16,15,19,3,20,29,38,32,23,20,30,20,18,19,17,9,22,15,27,21,23,12,29,10,23,25,18,21,31,28,21,27,,46,14,31,27,26,30,18,11,20,20,8,9,22,44,16,23,34,8,9,18,14,13,10,23
20170820,13,O3,108,152,87,89,97,108,116,124,123,148,92,127,,,157,,146,143,167,,134,136,136,,146,,,196,156,161,172,139,116,144,154,136,159,124,128,143,100,111,104,93,90,150,141,143,152,184,170,163,186,176,174,163,186,186,161,189,135,142,145,125,116,142,145,,146,144,136,155,122,145,145,154,170,164,152,176,,,138,171,179,167,121,168,138,112,136,124,145,139,129,122,124,144,137,,,128,138,129,143,,138,90,114,91,93,96,132,102,100,90,85,103,96,80,,97,92,85,104,67,58,124,118,102,,110,128,107,130,99,114,150,110,137,118,118,129,120,93,121,113,128,123,84,97,116,93,71,68,102,84,113,98,63,65,81,73,91,,94,76,93,92,67,86,105,,,,148,125,,154,132,116,,57,76,77,,84,,100,88,110,114,89,88,109,,,,98,89,,77,96,86,77,64,,80,81,95,87,87,87,74,93,,60,,133,,125,36,39,67,45,32,32,33,47,42,36,,121,130,133,156,,120,135,119,231,205,111,197,126,144,,,37,,114,110,,141,148,126,112,106,96,,68,61,86,83,83,156,134,,93,105,100,119,97,129,119,118,126,99,198,,194,201,226,191,181,116,86,102,116,86,113,113,110,87,,116,120,141,159,114,132,162,161,,107,118,106,128,127,131,113,110,96,153,166,141,156,144,158,150,144,162,164,148,150,161,141,157,154,187,148,129,116,105,113,102,104,103,107,110,90,112,169,164,,,219,180,191,159,249,181,228,79,107,70,100,49,169,114,100,99,44,,78,99,98,81,155,153,154,97,88,92,148,159,134,119,144,121,105,88,77,84,210,217,195,202,167,296,266,245,228,207,158,139,146,148,55,108,101,90,85,126,56,101,14,45,67,34,55,151,,189,131,189,134,152,98,153,118,,134,165,153,165,128,,86,80,90,71,80,,67,73,70,56,64,68,54,58,55,59,59,53,46,32,48,45,45,41,70,42,72,68,51,77,123,110,122,97,103,86,106,68,113,90,86,98,114,83,67,112,37,75,48,,49,64,97,,,,75,102,68,73,84,74,100,,74,101,79,94,98,99,87,103,106,116,105,47,119,116,106,94,96,63,103,97,83,102,91,100,105,99,139,160,144,115,60,62,50,62,140,144,138,101,112,103,111,195,207,163,232,,174,,120,134,135,116,159,,,123,,121,98,97,,134,123,186,189,110,157,82,130,92,121,105,113,100,106,119,113,,128,,126,,109,151,143,141,132,147,132,106,110,99,105,97,92,90,93,85,,254,187,237,211,240,137,131,89,108,129,115,110,78,69,69,136,73,87,132,155,104,139,131,114,85,84,78,194,222,213,62,60,74,170,179,,211,196,,115,106,128,128,150,133,117,38,,,113,122,109,144,,115,144,147,129,162,165,,171,174,,178,166,199,202,159,154,184,172,165,177,153,87,97,97,,106,103,129,102,114,101,,109,110,90,94,84,110,72,95,63,82,87,72,124,127,122,124,124,92,79,90,83,81,,79,89,100,99,98,103,98,91,98,91,91,107,105,115,80,88,86,110,100,113,,111,90,112,96,165,142,130,127,115,135,125,92,148,167,,172,177,172,166,141,163,155,154,154,134,136,126,119,167,147,169,155,167,156,163,172,137,,,,84,87,100,83,96,42,47,59,99,85,93,105,118,87,72,111,86,77,89,94,110,90,58,74,72,68,62,43,61,47,50,100,93,87,89,86,78,28,36,57,40,58,47,116,155,157,170,149,143,97,85,72,74,179,151,167,168,117,,,148,65,65,61,67,163,146,169,157,184,153,82,76,76,,75,47,57,107,124,108,106,90,84,112,82,142,126,119,134,80,64,42,39,49,43,61,44,119,120,126,124,122,92,128,121,,94,99,94,86,110,86,48,102,88,93,102,115,114,108,177,174,105,99,115,133,111,99,128,92,115,90,143,42,86,100,95,83,94,81,93,102,84,92,67,86,85,131,124,,94,86,100,103,128,,103,108,101,68,82,95,87,69,67,93,,99,101,38,69,,30,,106,,,70,60,92,86,78,86,80,85,,96,91,,156,109,,159,148,154,170,152,177,154,148,162,139,173,,166,178,157,161,,155,152,148,139,154,164,,124,108,106,110,140,163,163,91,,108,98,114,144,,,92,91,106,105,124,116,105,126,105,116,118,125,99,92,95,112,131,115,112,163,111,112,110,110,119,109,96,100,112,58,63,60,68,85,,,117,47,47,59,53,57,54,,72,88,76,79,73,59,68,,79,103,70,99,93,91,77,90,89,97,91,90,94,93,90,67,83,,113,110,119,122,140,134,,116,108,124,,118,128,165,138,73,62,75,25,83,91,83,72,79,78,81,,,112,99,106,130,,123,117,88,126,99,100,88,100,124,114,,77,69,64,60,74,196,208,161,176,219,134,149,158,147,118,142,117,133,150,158,137,129,149,142,134,110,123,130,138,129,63,94,88,93,88,88,101,118,116,102,111,122,120,143,135,161,150,167,152,152,119,127,133,161,109,101,119,93,83,104,106,139,103,107,60,49,67,74,160,173,173,,164,159,183,114,,116,120,143,,138,124,99,108,107,166,171,170,167,173,110,118,116,118,94,96,91,,123,132,130,150,100,104,99,90,107,93,102,96,146,140,130,62,63,55,,79,72,,139,132,137,134,138,86,100,93,124,120,74,67,70,69,67,70,81,81,84,71,78,78,112,123,96,102,115,126,161,170,194,67,75,46,61,73,85,87,78,73,98,62,54,68,62,86,74,62,51,105,113,105,104,60,105,69,94,91,55,105,,101,109,71,71,64,107,101,116,122,59,79,79,79,78,86,83,13,10,38,33,190,205,231,201,160,183,143,194,118,101,106,97,95,92,97,91,132,111,124,,111,121,98,96,101,109,57,93,76,81,,108,102,,128,129,119,138,89,41,48,43,,109,90,93,,82,70,65,59,83,71,53,58,56,54,60,60,66,98,100,37,45,55,,59,65,71,104,90,55,72,57,28,37,58,70,43,48,,45,46,56,64,59,48,51,75,102,89,69,61,60,44,47,46,63,53,55,48,71,,110,,41,41,108,117,116,120,106,120,111,121,,77,86,70,75,103,92,76,72,88,99,100,110,111,82,84,98,105,76,69,64,102,82,74,,121,80,79,71,90,53,71,96,62,98,80,78,80,93,85,85,81,74,78,130,162,114,119,134,89,87,97,94,99,79,178,93,,137,98,92,94,93,100,72,74,68,85,90,83,102,161,161,178,135,130,176,159,189,170,132,124,68,85,140,49,48,123,126,105,128,127,105,64,41,36,88,72,148,128,140,45,110,106,89,137,186,120,162,134,78,83,92,150,59,148,66,80,88,111,95,121,145,119,100,96,78,184,174,141,185,,167,117,166,154,169,159,141,90,146,88,95,45,130,94,136,151,186,118,126,171,94,187,63,155
20170820,13,O3_24h,138,152,129,138,140,128,147,142,133,168,130,148,,,157,,146,143,167,,134,136,136,,167,,,196,156,161,172,139,116,144,154,136,161,160,132,155,158,140,144,140,134,150,141,143,152,184,170,163,186,176,174,168,186,186,161,192,135,142,145,125,116,149,170,,168,144,150,155,123,151,145,154,170,164,152,184,,,138,171,182,167,189,168,209,183,195,184,207,204,187,167,141,144,147,,,162,140,129,144,,186,96,118,108,130,135,158,121,117,117,122,103,100,87,,98,103,85,107,79,60,143,119,102,,110,128,107,130,119,114,150,110,252,216,267,254,235,237,224,234,234,229,118,159,163,147,121,111,140,136,177,161,144,123,145,166,160,,149,201,242,205,222,250,105,,,,148,125,,154,132,116,,155,194,176,,158,,203,220,190,201,225,131,186,,,,139,131,,129,179,154,174,127,,173,88,95,87,87,89,152,164,,99,,133,,125,166,130,87,205,155,183,149,172,184,155,,136,168,243,208,,147,173,126,231,205,157,197,205,185,,,199,,191,187,,168,155,132,130,106,129,,169,173,145,112,125,156,147,,93,105,100,119,97,129,154,118,130,99,199,,194,201,226,191,272,116,100,123,133,107,130,130,132,143,,139,120,163,160,140,132,181,161,,133,118,108,131,127,131,118,110,106,153,166,141,156,144,158,150,144,162,164,148,150,161,141,157,154,187,148,129,131,107,135,106,105,103,112,110,91,112,222,206,,187,219,180,277,183,249,185,228,84,118,70,100,69,196,114,100,99,57,196,78,99,98,81,270,282,262,212,226,180,208,196,151,173,144,121,142,136,148,122,269,288,244,250,194,296,266,245,228,207,158,154,146,148,66,132,106,92,85,126,57,101,18,58,67,45,55,280,,270,182,189,205,199,158,186,199,,206,167,229,245,186,,126,199,230,180,171,,156,137,70,57,64,68,54,58,55,59,59,87,69,54,82,74,66,69,92,62,91,93,73,86,123,110,122,113,105,107,106,135,120,104,86,112,114,134,99,227,88,119,88,,93,129,150,,,,168,173,120,127,122,113,163,,126,101,79,96,100,103,124,130,126,142,146,55,130,118,106,186,194,199,190,193,195,186,182,183,184,164,148,160,155,138,89,93,84,95,166,181,142,153,161,158,160,209,207,180,232,,174,,120,134,135,116,159,,,199,,184,114,114,,150,136,186,189,124,157,82,130,92,121,114,131,123,128,151,130,,128,,126,,109,151,149,151,132,147,136,106,110,99,146,122,120,113,119,99,,254,216,243,278,261,140,141,107,115,140,115,110,87,71,69,136,73,87,132,155,104,144,131,114,85,84,78,194,222,213,65,60,74,215,212,,211,203,,131,125,153,145,150,133,117,58,,,172,172,154,164,,146,170,182,151,162,165,,171,174,,202,174,216,220,169,154,184,172,165,177,153,103,99,97,,107,103,129,102,114,101,,138,128,112,106,84,135,77,96,84,89,95,83,156,191,147,137,145,93,81,90,83,83,,79,95,111,104,98,103,98,91,98,91,91,108,107,115,92,88,135,160,120,185,,142,137,140,121,165,142,130,127,115,135,125,124,148,167,,172,177,172,166,141,163,155,154,154,134,136,126,119,167,147,169,155,167,156,163,172,137,95,,131,129,111,123,124,142,78,87,98,99,100,110,119,123,102,88,111,92,78,89,94,110,91,67,82,74,73,69,68,76,47,50,106,93,87,89,88,83,35,43,108,94,117,115,116,155,157,170,149,143,97,101,72,74,179,176,178,171,127,,,151,134,124,131,121,174,167,187,185,187,167,92,95,83,,90,83,89,107,124,108,106,102,91,113,95,142,126,119,134,84,92,91,102,90,62,99,90,129,120,140,139,122,92,128,121,,120,154,151,151,141,113,77,124,120,93,102,117,114,108,177,174,112,114,115,133,111,99,148,106,122,94,151,51,110,114,97,94,113,103,106,116,109,106,116,155,147,253,240,,194,183,248,301,230,,145,133,204,145,159,224,204,103,104,99,,149,170,77,91,,95,,149,,,70,61,96,111,134,126,112,103,,117,109,,190,202,130,159,148,154,170,152,195,183,165,176,161,173,,166,178,157,161,,155,152,169,162,185,175,,130,156,162,160,140,163,163,105,,142,137,163,200,,,101,97,141,150,158,155,140,129,108,116,118,127,111,100,108,112,165,115,121,163,111,112,110,110,127,123,103,100,112,82,81,73,78,87,,,122,63,62,72,71,76,69,131,72,88,93,87,117,72,80,,79,103,70,100,103,98,87,99,104,140,149,90,96,94,91,74,90,,113,110,119,122,140,134,,116,108,124,,118,128,165,138,91,86,101,75,102,99,86,72,87,103,95,56,,119,110,116,130,,123,117,88,126,99,100,94,100,143,134,,100,90,82,77,119,267,270,247,256,245,138,156,158,155,133,149,136,143,150,163,140,131,191,170,170,174,123,130,138,129,78,94,88,93,173,91,101,118,116,102,111,122,120,143,135,171,180,205,185,211,158,173,192,202,117,101,119,93,83,104,106,139,104,107,119,80,100,110,160,173,173,,164,159,183,144,,144,164,143,,138,129,99,108,107,166,171,170,167,173,110,118,116,118,94,97,96,,123,132,130,150,109,104,122,90,144,132,119,122,146,140,130,105,107,99,,99,89,,139,132,137,134,138,87,100,96,124,125,74,78,82,84,76,79,101,87,91,84,87,123,112,123,109,111,144,160,175,170,194,73,81,53,72,77,86,89,78,74,98,62,68,83,71,102,79,64,65,111,121,107,106,76,105,84,118,116,94,109,,112,114,141,141,106,110,101,125,129,64,79,79,86,88,108,86,110,127,126,135,190,205,231,201,179,183,152,195,157,134,137,121,168,178,186,172,156,144,157,,139,125,98,96,101,115,103,140,110,122,,108,102,,150,149,134,149,95,60,76,64,,112,90,93,,82,71,85,70,95,80,67,66,66,66,64,71,69,115,123,37,45,55,,60,65,71,104,90,60,72,62,29,50,65,79,57,61,,46,46,56,64,157,50,57,76,102,89,69,61,75,66,73,67,76,68,82,81,71,,131,,77,75,133,159,135,157,169,175,165,174,,113,121,97,109,116,111,121,97,112,99,100,110,111,87,98,98,105,92,104,90,135,123,105,,131,89,80,133,127,81,74,96,62,98,155,163,170,158,153,158,115,114,107,136,171,117,123,146,128,123,121,115,139,134,180,162,,229,98,92,124,136,123,90,89,90,138,139,112,102,170,161,202,168,133,176,159,189,170,136,124,186,179,180,190,188,123,126,105,128,200,204,64,67,56,91,130,156,131,172,212,114,108,108,271,204,189,162,167,155,174,158,150,174,148,123,80,151,184,158,121,145,119,100,155,119,196,190,191,205,,167,140,166,217,217,159,154,105,197,95,123,47,130,114,165,151,186,120,126,171,117,187,122,155
20170820,13,O3_8h,45,49,42,41,37,54,40,50,65,38,33,49,,,70,,70,73,77,,62,73,90,,72,,,87,86,84,77,71,59,112,66,61,74,64,59,65,85,88,83,80,60,80,72,82,82,103,97,94,114,108,100,101,123,120,111,115,52,50,52,48,48,69,69,,71,74,70,76,58,75,76,85,105,70,90,64,,,68,105,71,67,55,74,82,63,63,62,72,68,68,64,79,72,63,,,70,70,67,73,,74,84,104,86,91,105,124,85,86,87,89,61,57,55,,60,62,57,68,53,41,71,68,70,,58,64,57,70,51,71,68,62,70,62,57,74,60,55,64,62,67,65,48,65,68,57,44,42,75,51,65,64,35,38,44,40,56,,48,45,62,56,46,56,50,,,,63,58,,77,62,64,,34,45,48,,44,,53,56,49,54,54,36,60,,,,56,53,,57,75,61,44,40,,44,48,51,46,48,46,39,47,,34,,64,,62,39,34,52,48,29,34,34,42,44,45,,83,84,89,92,,88,88,69,88,88,64,86,83,80,,,33,,64,58,,84,97,84,64,63,62,,58,61,32,50,36,66,58,,44,44,51,61,47,67,68,56,64,48,68,,88,75,108,64,100,62,55,52,64,46,64,54,54,47,,65,61,49,87,50,67,79,88,,95,103,82,95,102,98,98,71,81,110,116,98,98,100,112,106,98,83,58,58,62,66,57,69,72,80,61,61,58,70,55,60,57,54,62,66,54,56,56,62,,47,72,66,70,51,78,59,74,23,41,34,30,36,61,39,30,44,22,10,42,50,49,36,88,52,57,49,46,51,52,52,61,61,57,48,50,45,40,44,75,76,68,70,71,93,88,79,74,73,68,54,64,61,23,34,27,35,31,45,50,35,7,32,37,22,29,77,,82,64,90,70,68,45,87,48,,71,64,69,60,58,,39,34,43,25,35,,35,88,38,36,41,37,34,35,30,31,34,25,24,21,25,16,20,20,50,32,52,57,41,53,84,66,72,62,69,54,78,51,89,64,70,61,75,75,60,117,53,63,43,,42,57,63,,,,77,79,28,28,32,28,42,,33,62,42,63,59,70,60,56,62,68,72,42,65,61,70,88,82,67,100,87,82,99,93,90,97,84,81,85,98,75,40,36,27,34,86,79,76,69,70,70,64,69,70,72,90,,99,,82,87,90,73,81,,,72,,70,81,82,,78,82,98,93,86,103,48,74,73,69,63,95,89,88,112,91,,74,,75,,66,74,76,72,82,82,75,65,73,63,94,96,91,72,79,63,,160,114,136,134,130,67,60,48,52,72,63,45,42,37,42,48,37,40,56,56,43,62,64,62,52,51,46,82,95,94,37,33,33,78,96,,92,86,,62,55,71,67,62,51,42,17,,,84,83,76,69,,77,138,101,89,107,127,,133,140,,91,82,104,202,86,66,95,83,72,86,116,41,48,58,,83,72,86,63,71,81,,63,63,54,41,48,66,44,56,32,46,57,37,56,80,65,66,70,57,50,54,51,52,,51,65,80,68,76,72,47,41,48,44,54,74,75,79,60,64,46,57,62,62,,63,62,68,86,46,55,42,46,38,55,45,86,79,86,,83,84,93,83,95,96,102,100,89,104,106,97,92,83,70,72,82,126,115,121,121,111,86,,106,38,29,54,41,56,37,41,47,56,50,59,68,67,50,46,68,55,49,61,40,48,49,40,40,42,41,36,25,39,26,32,56,56,60,48,51,47,22,22,39,35,38,25,61,73,87,91,79,88,38,29,31,33,94,85,84,114,66,,,96,47,39,46,35,107,87,101,107,121,101,38,36,30,,30,24,31,85,94,87,81,95,83,82,57,62,60,47,56,72,77,56,62,62,44,71,60,89,108,97,95,66,59,75,73,,90,94,79,76,100,76,47,89,83,86,76,88,77,71,96,91,88,85,79,98,72,63,83,62,97,75,108,34,65,79,63,54,96,82,80,95,62,79,43,56,46,64,57,,55,51,48,112,58,,72,75,51,31,33,50,51,50,43,64,,64,67,29,60,,36,,66,,,51,44,52,72,69,76,69,79,,92,88,,76,90,65,78,72,79,84,94,103,77,90,106,72,120,,112,117,136,115,,121,92,77,76,83,71,,51,98,84,100,83,87,105,72,,73,71,83,115,,,51,53,108,112,126,118,111,77,68,82,75,78,88,62,61,70,76,60,61,81,58,69,59,56,86,80,66,59,70,32,39,36,36,61,,,77,30,26,30,41,40,41,58,42,53,53,56,61,46,57,,35,41,32,69,67,66,55,75,42,63,56,63,64,65,73,54,60,,57,68,49,55,70,52,,64,58,70,,70,51,73,62,54,40,65,30,85,62,52,44,50,57,49,28,,86,65,84,73,,67,47,48,55,73,76,60,64,94,85,,47,50,71,52,90,92,96,73,85,94,64,76,66,75,114,84,72,80,63,70,60,64,70,59,59,65,62,59,74,71,44,43,44,44,51,50,49,77,71,66,57,46,39,49,45,110,114,162,142,129,95,103,116,127,57,53,70,47,52,76,69,85,69,66,35,27,32,32,98,114,110,,100,106,112,83,,83,86,104,,104,100,79,84,86,117,127,125,118,124,71,82,78,75,89,92,88,,45,50,53,53,91,81,82,68,72,66,68,67,68,61,50,47,49,41,,54,51,,72,85,86,78,87,60,69,62,52,52,47,44,50,52,50,52,49,49,49,48,60,59,63,66,64,60,91,102,118,119,147,50,60,34,45,52,77,79,68,64,81,38,44,50,44,64,31,27,20,38,45,41,45,30,42,32,41,42,28,58,,46,57,38,46,46,48,45,59,61,37,36,36,59,59,34,26,11,6,28,20,92,108,121,103,98,102,83,107,50,50,65,50,34,42,47,44,83,72,80,,71,63,69,59,66,74,34,60,44,77,,54,48,,80,78,72,86,63,18,22,18,,80,48,50,,49,37,53,34,54,53,29,40,40,40,41,26,31,41,42,15,21,39,,44,30,29,70,58,25,38,30,11,12,21,25,30,29,,26,31,35,42,54,23,43,42,43,37,25,20,51,37,40,34,59,52,51,47,38,,91,,32,31,58,54,54,53,78,84,79,83,,46,48,48,48,91,85,60,62,76,76,59,63,56,75,71,58,61,77,77,71,95,75,40,,114,74,76,49,83,54,59,83,49,82,83,71,73,90,83,84,83,77,78,77,79,85,89,86,46,41,82,72,73,60,178,66,,86,77,73,30,31,38,41,58,56,47,52,32,54,75,120,59,63,69,104,86,126,125,53,66,38,72,86,47,34,63,81,61,78,74,51,47,17,20,68,49,73,76,94,46,78,52,72,76,103,82,81,87,68,70,69,77,55,69,44,40,51,62,53,57,65,74,43,57,58,82,70,72,86,,72,84,85,71,80,58,76,81,115,51,82,30,102,57,50,70,127,98,60,102,75,103,77,95
20170820,13,O3_8h_24h,45,49,43,41,37,54,40,50,65,63,33,49,,,70,,70,73,77,,62,106,90,,72,,,87,86,84,77,71,59,112,66,61,74,64,59,65,101,88,83,80,60,80,72,82,82,103,97,94,114,108,100,101,124,127,111,115,52,50,52,48,48,69,69,,71,74,70,76,58,75,76,99,105,81,98,88,,,74,105,77,67,58,74,98,93,63,62,72,68,68,64,79,72,63,,,70,70,67,73,,74,84,104,86,91,105,124,85,99,99,107,61,57,55,,60,62,57,68,53,41,71,68,70,,58,64,57,70,51,71,68,62,88,85,87,94,83,76,79,82,90,81,48,65,68,57,44,42,75,51,65,71,51,50,63,55,68,,64,57,65,61,56,56,50,,,,63,58,,77,62,64,,34,45,48,,55,,53,65,49,54,59,46,70,,,,64,68,,58,75,61,49,44,,49,48,51,46,48,46,39,47,,34,,64,,62,42,38,52,48,39,45,41,49,53,46,,83,84,89,92,,88,88,69,88,88,64,86,83,80,,,71,,64,58,,84,97,84,64,63,62,,58,61,32,50,36,66,58,,44,44,51,61,47,67,68,56,64,48,68,,88,75,108,64,100,62,55,52,64,46,64,54,54,47,,65,61,49,87,56,67,79,88,,107,103,82,95,102,98,98,71,84,110,116,98,98,100,112,106,98,83,58,58,62,66,57,69,72,80,61,61,58,70,55,60,57,54,62,66,54,56,56,62,,47,72,66,70,51,78,59,74,23,41,34,30,36,61,39,30,44,22,10,42,50,49,36,88,52,57,49,46,51,52,52,61,61,57,48,50,45,40,44,75,76,68,70,71,93,88,79,74,73,68,54,64,61,23,34,27,35,31,45,50,35,7,32,37,22,29,111,,82,64,90,70,80,45,87,48,,71,64,74,60,58,,39,44,43,25,35,,35,115,38,36,41,37,34,35,30,31,34,25,24,27,28,16,20,20,55,39,56,60,47,55,84,66,72,64,69,54,78,51,89,64,70,61,75,81,64,117,62,77,50,,58,69,79,,,,97,102,28,28,32,28,110,,33,62,42,63,59,70,60,56,62,68,72,47,65,61,70,88,91,80,100,93,82,101,114,104,118,84,81,85,98,75,40,36,27,34,86,79,76,73,70,70,64,69,70,72,90,,99,,82,87,90,73,81,,,72,,70,81,82,,78,82,98,93,86,103,48,74,73,69,63,95,89,93,112,91,,74,,75,,66,74,76,72,82,82,75,98,106,89,94,96,91,75,82,63,,164,114,144,134,130,67,60,48,52,72,63,45,42,37,42,48,37,40,56,56,43,62,64,62,52,51,46,82,95,94,37,33,33,81,96,,92,86,,62,55,71,67,62,51,42,17,,,93,93,90,69,,85,138,108,89,107,127,,133,140,,91,82,104,202,86,66,95,83,72,86,116,41,52,58,,83,72,86,63,71,81,,63,63,54,41,48,66,44,56,32,46,57,37,56,80,65,66,70,57,50,54,51,52,,51,72,80,68,76,72,47,41,48,44,54,74,75,79,60,64,54,73,62,71,,63,64,68,86,46,68,64,51,38,72,53,105,79,86,,83,84,93,83,95,96,102,100,89,104,106,97,92,102,74,72,82,126,115,121,121,111,86,,106,38,32,54,41,61,38,43,47,56,50,59,85,67,50,46,68,55,49,61,40,48,49,47,40,42,41,36,25,42,27,32,56,56,60,48,51,47,22,22,59,69,80,61,84,96,112,106,105,102,38,55,31,33,94,85,92,123,66,,,96,50,39,46,37,107,87,101,107,130,101,38,36,30,,30,30,38,85,94,87,81,95,83,82,57,62,60,47,56,72,79,64,70,69,46,78,66,89,108,97,95,66,59,75,73,,103,106,99,111,118,79,55,89,101,86,76,88,77,71,96,91,90,93,79,98,72,63,146,62,97,75,108,34,65,79,63,54,96,82,82,95,85,84,48,75,64,75,63,,62,56,70,135,63,,72,75,61,43,47,75,71,51,50,64,,64,67,35,60,,36,,66,,,56,44,52,72,69,76,69,80,,97,88,,76,90,65,78,72,79,84,100,103,77,100,129,72,120,,112,117,144,115,,132,92,86,94,94,71,,51,98,84,100,83,87,105,72,,88,94,95,136,,,51,53,108,112,126,118,111,77,68,82,75,78,88,62,61,70,76,60,61,81,58,69,59,56,86,80,66,59,70,32,39,36,36,61,,,77,30,34,31,41,40,41,58,42,53,53,56,61,46,57,,35,41,32,69,67,66,55,75,42,63,56,65,64,65,73,54,60,,57,68,49,55,70,52,,64,58,70,,70,51,73,62,54,40,65,30,86,62,52,44,50,57,49,28,,86,65,84,73,,67,47,48,55,73,76,64,64,94,85,,47,50,72,52,101,92,96,73,85,94,64,76,66,75,114,84,72,80,63,70,60,64,70,59,59,65,62,59,74,71,44,43,44,44,51,50,49,77,71,66,57,46,39,49,45,110,114,162,142,129,95,103,116,127,57,53,70,47,52,76,69,85,69,66,35,27,32,32,98,114,110,,100,106,112,102,,97,94,104,,104,100,79,84,86,117,127,125,118,124,74,88,84,78,91,92,88,,45,50,53,53,91,88,83,68,72,66,68,67,68,61,50,53,65,54,,54,51,,72,89,86,80,87,60,69,62,52,52,47,44,50,52,50,52,49,49,49,48,60,59,63,66,64,60,91,102,118,119,147,50,60,34,45,52,78,79,68,64,81,38,44,50,44,64,31,27,20,38,45,41,45,30,42,32,41,42,35,58,,46,57,38,46,46,48,45,59,61,37,36,36,59,59,34,26,38,8,31,20,92,108,121,103,98,104,83,107,59,50,65,50,51,42,60,49,107,72,80,,71,63,69,59,66,74,50,82,47,105,,54,48,,80,78,72,86,63,18,22,18,,84,48,50,,49,37,62,36,54,53,29,40,40,40,41,26,31,41,42,15,21,39,,44,30,29,70,58,25,38,30,11,12,21,25,43,44,,27,40,35,42,54,23,48,42,44,39,25,20,55,38,40,34,64,57,58,55,56,,99,,48,42,58,54,54,53,78,88,79,83,,56,48,48,48,91,85,69,70,95,76,59,73,75,75,71,58,63,87,94,85,106,94,59,,116,81,76,52,87,59,59,83,49,82,96,81,86,90,89,91,88,78,89,77,79,85,89,86,46,41,84,72,108,89,178,66,,86,77,73,30,43,38,65,61,59,47,52,32,54,75,120,59,63,69,104,86,126,125,53,66,38,72,86,47,70,63,81,61,78,75,51,48,17,20,69,50,73,76,94,74,88,52,72,76,103,82,81,99,94,100,92,77,57,69,44,40,65,62,53,57,65,74,43,76,65,82,70,74,86,,72,94,85,71,80,58,85,81,128,51,87,30,114,57,50,70,127,98,60,102,75,103,77,95
20170820,13,CO,1.4,0.9,1.5,1.3,1.4,1.2,1.2,1.4,1.2,1.1,1.2,1,,,1.8,,1.3,0.9,1.9,,1.2,0.8,0.9,,0.7,,,0.7,0.5,0.6,1.6,0.4,0.6,0.8,0.8,0.9,0.3,1.9,1.5,1.2,0.4,0.4,0.2,0.4,0.3,0.7,0.5,0.5,0.5,0.6,0.6,0.7,0.7,0.5,0.6,0.7,0.7,0.8,0.9,0.7,0.8,0.7,0.8,1.3,0.9,1.6,1.1,,1.4,0.9,0.4,0.4,0.6,0.4,0.7,0.5,1,0.6,0.9,0.9,,,0.8,0.6,1,0.9,2.6,0.8,0.9,1.3,1.1,1.2,1.3,1.3,1.5,1.3,0.5,0.8,0.8,,,0.7,0.7,0.9,0.7,,0.7,0.7,0.7,1,1.1,0.7,0.9,0.8,0.9,0.7,0.9,0.8,0.9,1,,0.9,0.7,0.8,0.8,0.8,0.7,0.6,1,0.8,,0.3,0.8,0.4,0.9,1.1,0.5,0.4,0.7,0.4,0.7,0.5,0.7,0.7,0.6,0.7,0.6,0.6,0.5,0.4,0.4,1.2,1,0.7,1,1,1.2,0.7,0.4,0.8,0.6,0.4,1,0.5,,0.7,1.3,0.6,0.6,0.7,1.1,0.4,,,,0.8,0.9,,0.8,,0.9,,1,0.2,0.3,,0.5,,0.7,0.7,0.6,0.6,0.8,0.9,0.5,,,,0.5,0.5,,0.8,0.8,0.8,0.4,0.9,,0.7,0.6,0.2,0.3,0.4,0.3,0.7,0.5,,0.7,,0.9,,0.6,0.7,0.8,0.6,0.7,0.7,0.9,0.8,0.7,0.6,0.8,,0.8,0.8,0.6,0.8,,0.6,0.4,0.4,0.7,0.4,0.4,0.7,1.2,0.9,,,0.7,,0.9,0.9,,0.1,0.4,0.4,0.6,0.6,0.3,,0.5,0.5,0.5,0.4,0.6,0.7,0.6,,0.5,0.6,0.6,0.9,0.6,0.3,,0.7,0.5,0.8,0.2,,0.7,0.8,0.6,0.4,0.4,0.5,0.5,1.3,0.6,0.4,0.9,0.9,0.7,0.5,,1.3,0.6,0.7,0.4,0.4,0.6,0.4,0.5,,0.3,0.2,0.5,0.3,0.6,0.5,0.4,0.2,0.6,0.8,0.8,1.1,1.2,0.8,1.2,1.3,0.8,1.2,,1.6,0.8,1.2,0.8,0.9,1,0.6,0.7,0.9,0.4,0.5,0.4,0.4,0.5,0.5,0.3,0.3,0.4,0.6,0.5,0.5,,0.7,0.7,0.7,0.7,0.7,0.6,0.7,0.7,0.7,0.7,0.7,0.7,0.8,0.8,0.6,0.7,0.7,0.8,0.5,0.4,0.6,0.5,0.5,0.4,0.9,0.6,0.3,0.5,0.5,0.6,0.8,0.8,0.6,0.6,0.6,0.2,0.4,0.2,0.4,0.7,0.9,0.8,0.6,0.7,0.9,0.7,0.7,0.6,0.6,0.7,0.7,0.6,0.4,0.8,0.9,0.9,0.8,0.9,0.8,0.6,0.7,0.5,0.5,0.7,0.5,0.6,0.5,,0.8,0.6,0.7,0.5,0.5,0.6,0.7,0.6,,0.6,0.5,0.4,0.7,0.7,,0.6,0.6,0.9,0.9,0.7,,0.5,0.4,0.4,0.5,0.5,0.5,0.5,0.4,0.6,0.4,0.5,0.5,0.8,0.5,0.7,0.4,0.6,0.6,0.4,0.7,0.5,0.4,0.9,0.5,1.3,1.6,1.4,1.6,1.2,1.2,1.2,1.6,1.7,1.4,1.4,1.4,1.4,0.5,0.5,0.1,0.6,0.2,0.4,,1,1.4,0.6,,,,0.9,0.4,0.8,0.9,0.7,0.8,0.7,,1.1,0.5,1,0.4,0.5,0.3,0.4,0.3,0.4,0.7,0.6,0.3,0.3,0.7,1.1,0.5,0.9,0.6,0.3,0.9,0.9,0.6,1,0.5,0.5,0.6,0.5,0.6,0.6,0.7,0.6,0.5,0.6,0.8,0.7,0.8,0.9,0.6,0.6,0.5,0.4,0.7,0.7,0.8,0.7,,0.8,,0.6,0.6,0.5,0.7,1,,,0.6,,0.5,0.8,0.6,,0.7,0.8,1.1,1.2,0.6,1.1,0.3,0.4,0.6,0.4,0.2,0.5,0.3,0.5,0.4,0.4,,0.2,,0.5,,0.2,0.9,0.7,1.1,0.9,0.5,0.7,0.4,0.4,0.2,0.5,0.4,0.6,0.3,0.5,0.3,,0.9,0.8,0.7,0.8,0.7,0.7,0.7,0.5,0.7,0.6,0.6,0.9,0.7,1,0.6,0.6,0.8,0.3,0.6,0.5,0.4,0.7,0.7,0.6,0.7,0.7,0.5,0.9,0.7,0.9,0.6,0.5,0.7,1,1.1,,0.9,0.9,,0.5,0.7,0.8,0.5,0.7,0.6,0.6,0.3,,,1,1,1,1.2,,1.1,1.1,1.1,1.1,1,1.2,,1.4,1.4,,1.6,1.6,1.4,1.9,1.5,1.2,0.8,0.8,1,1.2,0.8,0.8,0.5,,,0.4,0.7,1.4,1,0.9,0.9,,0.8,0.7,0.6,0.5,0.7,0.4,0.9,0.8,1.1,1,1,0.6,0.6,0.6,0.6,0.8,0.7,0.6,0.7,0.5,0.9,0.6,,,0.7,0.8,0.2,0.6,0.3,0.3,0.5,0.2,0.3,0.3,0.6,0.5,0.3,0.7,0.6,0.9,0.9,0.8,0.9,,0.7,2,0.7,1.1,0.6,0.6,0.9,0.4,0.1,0.4,0.6,0.4,1.1,1.6,,1.2,1.5,1.9,2,0.8,1.2,0.8,1.2,0.9,0.6,0.7,0.3,0.6,2.2,1.3,0.9,1.1,0.9,0.7,1.1,1.1,0.9,0.8,,,0.9,1.1,0.9,1.3,0.9,0.9,0.8,1,0.4,0.6,0.5,0.3,0.5,0.6,0.5,1.4,1,0.9,0.6,1.1,1.1,1,1,0.4,0.6,0.3,0.6,0.5,0.3,0.7,0.6,0.6,0.7,0.5,0.8,1,0.7,0.4,0.3,0.7,0.7,0.7,0.6,1,1.5,1.1,1.3,1.1,1.2,1,1.2,0.8,0.5,0.4,0.4,0.4,0.3,0.6,,,0.6,0.7,0.8,0.6,0.8,0.8,0.5,0.5,0.6,0.4,0.6,0.9,0.5,0.4,,0.3,0.8,0.8,1.3,1.2,1.4,1.4,1.8,1.8,1.8,1.6,1.3,1.3,1.3,1.4,0.5,0.6,0.9,0.9,0.8,1.1,0.8,0.8,1.1,0.9,1,1,0.1,0.2,0.2,0.6,,0.5,0.4,1.1,0.8,0.4,0.8,0.7,0.8,1,1.3,0.9,1.8,0.9,0.4,1.3,1.6,0.6,0.2,0.5,0.6,0.1,,0.5,0.2,0.3,0.3,0.5,0.6,0.8,0.3,0.5,0.3,0.6,0.4,0.5,0.5,0.4,0.3,0.7,0.8,1.1,0.7,0.6,0.9,0.7,0.7,0.9,0.8,0.7,,0.5,0.9,0.7,0.8,0.6,0.7,0.8,0.4,0.5,0.6,,0.4,0.4,0.7,0.9,,0.8,,0.6,,,0.3,0.2,0.4,0.7,0.9,0.7,0.7,1.1,,1,1,,0.7,0.6,1.4,1.3,1.8,1.2,1.5,0.9,1.1,1.2,1.3,1.5,1,1.2,,1.1,1.1,1.1,1.1,,1.1,1,1,1.1,1,2.3,,2.5,1,0.6,0.5,0.7,0.7,0.6,0.3,,0.6,0.4,0.2,0.7,,,0.2,0.3,0.6,0.7,0.4,0.5,0.4,0.5,0.3,0.8,0.5,0.3,0.4,0.3,0.4,0.5,0.3,0.4,0.1,0.5,0.6,0.6,0.4,0.7,0.7,0.3,0.7,0.9,0.8,0.7,0.7,0.7,0.8,1.1,,,0.2,0.9,0.7,0.6,0.3,0.4,0.2,0.3,0.4,0.3,0.2,0.4,0.2,0.8,0.3,,0.3,0.5,0.2,0.2,0.1,0.3,0.5,0.3,0.3,0.3,0.3,0.6,0.6,0.6,0.4,0.2,0.7,,0.5,0.7,0.6,0.7,0.8,0.5,,0.6,0.4,0.4,,0.4,1.1,0.8,1,0.5,0.6,0.4,1,0.4,0.5,0.4,1.1,0.3,0.5,0.6,1,,0.3,0.4,0.4,0.7,,0.4,0.7,1,1,0.3,0.4,0.4,0.5,0.8,0.8,,0.7,0.6,0.5,0.6,0.5,0.7,0.7,0.7,0.7,0.7,1.1,0.8,0.7,1,0.6,0.8,0.9,0.8,0.6,0.7,0.5,0.5,1.3,1.1,0.9,0.6,0.9,0.8,1.4,1.2,0.2,0.5,0.6,0.5,0.3,0.5,0.7,0.4,0.7,1.1,0.8,0.7,0.4,0.3,0.3,1.1,0.8,0.9,0.5,0.4,0.5,0.1,0.8,0.6,0.8,0.7,0.7,0.7,0.4,0.8,0.8,0.7,0.4,1,1.4,1.1,0.9,1.1,1.8,0.9,1,,1,0.9,0.9,0.9,,0.9,0.9,0.7,,0.6,0.7,0.9,0.8,0.7,1.5,1.1,1.7,1.4,1.3,1.1,0.8,0.8,0.6,0.8,1.1,1.1,,1,0.8,0.8,1,1,1.4,1,0.8,0.6,1.2,1.1,1.1,0.9,1.2,1,0.7,1,0.9,,0.8,0.6,,1.2,0.8,1,1,1.1,1.3,0.9,1.1,0.9,0.6,0.4,0.5,0.5,0.5,0.7,0.5,0.4,0.4,0.5,0.4,0.5,0.9,,0.8,0.7,0.9,1,1.5,1.5,1.3,0.9,0.4,0.4,0.4,0.5,0.4,1.2,1.2,1,0.9,0.8,1,2.3,1.4,0.6,0.4,0.8,0.7,1.3,0.7,0.6,1.1,0.9,0.6,1,0.5,0.7,0.9,0.9,0.3,,0.4,0.9,0.4,0.7,0.5,0.9,0.7,0.8,1.3,0.4,0.5,0.6,0.3,0.4,0.6,0.4,1.1,1,0.8,1.2,0.8,0.5,0.8,0.7,0.5,0.6,0.5,0.5,0.5,0.6,0.7,0.6,0.3,0.4,0.4,0.4,0.3,0.5,0.8,,0.4,0.2,0.3,0.3,0.4,0.5,0.5,0.6,0.7,0.4,,0.7,0.6,,0.4,0.6,0.6,0.4,0.5,0.4,0.4,0.5,,0.3,0.7,0.6,,0.7,0.7,0.5,0.5,0.3,0.6,0.4,0.4,0.6,0.6,0.4,0.4,1,0.5,0.6,0.7,0.6,0.7,,0.4,1,0.8,0.2,0.4,0.7,0.8,0.6,0.3,0.3,0.7,0.8,0.6,0.7,,0.3,0.3,0.6,0.6,0.6,0.2,0.6,0.7,0.6,0.6,1.2,0.7,0.9,0.3,0.6,0.7,0.4,0.4,0.5,0.3,1.1,,0.2,,0.3,0.2,0.5,0.8,0.8,0.9,0.9,1,1.3,1.1,,0.8,0.6,0.8,0.7,0.3,0.6,0.2,0.3,0.4,0.4,0.3,0.3,0.4,,0.2,0.4,0.4,0.6,0.8,0.8,0.1,0.2,0.5,,0.6,0.6,0.1,1.2,0.7,1,0.7,1.1,0.6,0.7,1,1.3,1,0.4,0.6,0.6,1.8,0.9,1.1,0.7,0.6,1.1,1.4,0.4,1,0.7,0.4,0.1,0.9,0.7,1.1,0.3,,0.4,0.8,0.4,0.8,0.9,0.7,0.9,0.7,0.7,0.6,0.5,0.7,0.9,0.6,1.1,0.7,0.8,1.1,1.5,0.7,1.1,1.4,2.1,0.5,0.7,0.8,0.4,0.7,1,0.4,0.4,0.4,0.3,0.6,0.9,0.7,0.6,0.4,1.3,0.2,1,0.7,0.4,0.9,0.6,0.4,0.4,1.6,0.7,0.8,1.2,1.2,0.6,0.5,0.4,1.5,0.4,0.6,0.5,0.6,0.4,0.6,0.7,0.8,0.6,0.7,0.6,0.8,0.6,0.6,0.4,0.4,1.7,,1.8,1,0.9,0.7,0.9,0.6,0.8,0.5,0.6,0.5,0.4,0.4,0.9,1.3,0.3,0.8,1.2,0.3,0.4,0.6,0.3,1,0.2,1
20170820,13,CO_24h,1.2,0.9,1.3,1.1,1.3,1.1,1,1.3,0.9,1.1,1,1.1,,,1.5,,1.4,1,2,,1.4,1.1,1,,1.2,,,0.9,0.8,0.6,1.5,0.7,0.6,0.7,2.2,2.2,1.8,2.1,2.7,2.5,0.4,0.4,0.4,0.5,0.5,0.8,0.7,0.8,0.8,0.6,0.7,0.8,0.6,0.6,0.8,0.5,0.5,0.6,0.7,0.6,0.6,0.6,0.6,0.8,0.6,1.3,1.2,,1.1,0.9,0.5,0.4,0.7,0.4,0.7,0.5,1.2,0.9,1,1.1,,,0.9,0.7,1.3,1.1,1.4,0.9,0.8,1.3,0.9,1.1,1.1,1.2,1.3,1.2,0.8,0.9,0.8,,,0.9,0.8,0.9,0.8,,1,0.8,0.7,0.9,1,0.6,0.8,0.7,0.8,0.8,0.9,0.9,1,1.1,,1,0.7,1,0.8,0.9,0.8,0.6,1,0.6,,0.4,0.5,0.6,0.7,1.3,0.4,0.3,0.7,0.4,0.8,0.5,0.7,0.8,0.6,0.7,0.6,0.6,0.6,0.7,0.5,1.5,1.1,0.9,1.3,1,0.9,0.9,0.3,0.7,0.5,0.3,0.9,0.4,,0.7,0.8,0.7,0.6,0.6,0.6,0.5,,,,1,0.9,,0.6,0.9,0.5,,1,0.3,0.3,,0.5,,0.8,0.7,0.7,0.7,0.9,1.1,0.6,,,,0.5,0.3,,0.7,0.7,0.6,0.4,0.8,,0.6,0.7,0.3,0.3,0.4,0.4,0.8,0.6,,0.8,,0.8,,0.5,0.6,0.8,0.6,0.7,0.7,0.8,0.7,0.6,0.6,0.7,,0.7,0.8,0.6,0.9,,0.5,0.5,0.5,0.6,0.4,0.5,0.7,1.1,0.8,,,0.6,,0.7,0.8,,0.2,0.5,0.5,0.6,0.6,0.3,,0.6,0.5,0.6,0.5,0.7,0.7,0.5,,0.6,0.7,0.8,1,0.8,0.5,0.9,0.7,0.5,0.9,0.1,,0.7,0.6,0.5,0.3,0.3,0.4,0.5,1.4,0.8,0.6,1.1,1,0.9,0.5,,1.5,1.1,1.3,1,0.8,1.2,1,1,,0.4,0.3,0.4,0.4,0.6,0.5,0.4,0.2,0.6,1.1,1.2,1.4,1.5,1.3,1.6,1.6,1.1,1.5,1,1,0.8,1.1,0.7,0.7,0.8,0.5,0.7,0.9,0.7,0.5,0.6,0.5,0.7,0.7,0.4,0.4,0.6,0.7,0.8,0.7,,0.8,0.7,0.8,0.9,0.9,0.6,1,0.7,0.7,0.7,0.6,0.7,0.8,0.9,0.6,0.6,0.6,0.7,0.6,0.3,0.4,0.5,0.5,0.5,1,0.7,0.6,0.8,0.6,0.7,0.8,0.8,0.6,0.6,0.6,0.2,0.5,0.4,0.4,0.7,0.9,0.8,0.7,0.6,0.8,0.7,0.6,0.7,0.6,0.9,0.9,0.7,0.5,0.9,1,1,0.8,1,0.9,0.8,1,0.5,0.5,0.7,0.5,0.6,0.6,,0.8,0.7,0.8,0.6,1.1,0.9,0.8,0.7,,0.8,0.5,0.5,0.8,0.9,,0.7,0.6,1,0.9,0.8,,0.5,0.3,0.4,0.4,0.6,0.5,0.5,0.5,0.6,0.4,0.5,0.6,0.8,0.7,0.9,0.6,0.8,0.8,0.4,0.7,0.5,0.4,0.7,0.5,1.2,1.5,1.3,1.5,1.2,1.1,1.1,1.6,1.3,1.3,1.4,1.4,1.3,0.5,0.7,0.3,0.5,0.4,0.4,,0.9,0.8,0.6,,,,0.7,0.5,0.9,1,0.8,1.1,0.8,,0.9,0.6,1.7,0.8,0.7,0.6,0.4,0.6,0.5,0.5,0.7,0.3,0.5,0.6,1,0.7,1.2,1.3,0.6,0.8,1,0.7,1.1,0.6,0.6,0.8,1.1,2.1,1,1.1,0.8,0.7,0.7,1.1,1.3,1.3,1,0.8,0.8,1.2,0.6,0.7,0.6,0.7,0.6,,0.5,,0.7,0.7,0.6,0.8,1.1,,,0.9,,0.8,1,0.8,,2.2,1.2,1.2,1.6,0.8,1.1,0.4,0.4,0.7,0.4,0.4,0.5,0.3,0.6,0.3,0.5,,0.4,,0.6,,0.3,1,0.8,1.2,1,0.5,0.8,0.5,0.4,0.3,0.4,0.4,0.5,0.5,0.6,0.5,,0.9,0.9,0.8,1,0.7,0.7,0.7,0.6,0.8,0.6,0.6,0.7,0.4,0.7,0.5,0.5,0.6,0.4,0.6,0.5,0.4,0.8,0.7,0.7,0.7,0.7,0.5,0.9,0.8,0.9,0.6,0.6,0.8,1.1,1.3,,1,0.9,,0.7,0.9,0.9,0.7,0.6,0.6,0.6,0.5,,,0.9,1.1,1.1,1.1,,1.1,1,1,1.1,1.2,1.1,,1.2,1.2,,1.7,2,1.6,1.6,1.8,1.7,0.8,1.1,1.5,1.5,0.8,1.1,0.5,0.3,,0.7,0.8,1.6,1.1,1,1,,0.9,0.8,0.6,0.6,0.6,0.7,0.9,1,1.5,1.1,1,0.8,0.8,0.8,0.7,1.2,1.1,0.7,0.7,0.5,0.9,0.6,,0.4,0.8,0.8,0.3,0.6,0.3,0.3,0.6,0.4,0.4,0.4,0.6,0.5,0.4,0.7,0.6,0.7,0.9,0.6,0.9,,1,0.9,1,0.9,0.5,0.7,0.9,0.3,0.3,0.5,0.3,0.5,1.3,1.9,,1.4,1.7,2.5,2.2,1,1.7,1.2,1.5,2.6,0.9,1,0.7,1,2,1.5,1.1,1.2,1.1,0.9,1.2,1.2,1.1,1,,1,0.8,1.1,0.9,1.3,0.8,0.8,0.7,0.9,0.4,0.7,0.6,0.4,0.5,0.6,0.6,1.3,1.1,1,0.6,1.1,1.2,1.1,1,0.4,0.7,0.5,0.6,0.5,0.3,0.7,0.7,0.6,0.8,0.5,0.8,1.1,0.8,0.6,0.4,0.6,0.6,0.6,0.6,1,1.3,1.1,1.3,1.1,1.2,1.6,0.5,1,0.7,0.4,0.4,0.5,0.4,0.7,,,0.6,0.7,0.7,0.6,0.8,0.8,0.6,0.6,0.6,0.5,0.7,0.9,0.5,0.4,,0.3,0.9,0.9,1.2,1.1,1.4,1.3,1.6,1.5,1.7,1.4,1.2,1.3,1.3,1.5,0.9,0.9,1.2,1.1,1.1,1.2,1.2,1,1,0.9,0.9,0.9,0.3,0.3,0.3,0.8,,0.5,0.4,0.6,0.6,0.4,0.6,0.6,0.7,0.8,1.6,1.2,1.9,0.6,0.8,0.9,1,0.7,0.2,0.5,0.6,0.2,,0.6,0.3,0.4,0.1,0.5,0.6,1,0.4,0.5,0.4,0.5,0.4,0.4,0.5,0.4,0.3,0.6,0.7,0.9,0.6,0.5,0.9,0.7,0.6,0.7,0.6,0.6,,0.5,0.8,0.8,0.8,0.8,0.6,0.7,0.4,0.6,1,,0.6,0.5,0.6,0.9,,0.8,,0.6,,,0.4,0.3,0.5,0.5,0.7,0.5,0.5,1.1,,1,1,,0.8,0.6,2.4,1.7,2.1,1.6,1.7,1.4,1.1,1.2,1.3,1.7,0.9,1.1,,1,0.9,1.2,1,,1.2,1.2,1.1,1.1,1,1.8,,2.1,1.2,0.6,0.6,0.6,0.5,0.4,0.5,,0.7,0.4,0.4,0.6,,,0.4,0.3,0.6,0.6,0.4,0.6,0.4,0.6,0.6,0.9,0.8,0.4,0.5,0.5,0.5,0.8,0.6,0.5,0.2,0.5,0.9,0.7,0.7,0.6,0.8,0.5,1,1.1,0.9,0.9,0.9,0.8,1.1,1.1,,,0.2,0.8,0.7,0.6,0.4,0.6,0.3,0.4,0.5,0.5,0.9,0.5,0.9,0.4,0.5,,0.4,0.6,0.2,0.4,0.3,0.5,0.7,0.3,0.5,0.6,0.4,0.7,0.6,0.5,0.5,0.3,0.8,,0.5,0.6,0.5,0.7,0.7,0.3,,0.5,0.4,0.3,,0.4,0.9,0.8,0.9,0.6,0.8,0.5,0.9,0.5,0.7,0.4,0.9,0.4,0.6,0.5,1,,0.3,0.4,0.4,0.7,,0.5,0.3,0.5,0.7,0.2,0.3,0.3,0.5,0.8,0.7,,0.7,0.7,0.5,0.6,0.4,0.7,0.7,0.7,0.6,0.7,1.6,1.1,0.8,1,0.6,0.9,1,0.9,0.7,0.8,0.6,0.7,0.8,0.9,0.8,0.7,1.1,0.9,1.1,1,0.3,0.9,0.8,0.8,0.5,0.6,0.9,0.6,1.4,0.9,0.8,0.8,0.5,0.4,0.4,1.2,1,0.9,0.6,1.2,0.7,0.8,1,0.6,0.8,0.6,0.8,0.8,0.6,0.7,0.8,0.5,0.4,0.9,1.4,1.1,0.8,1.1,1.8,1.4,1.5,,1.2,1.2,1.2,1.1,,1,1.1,0.9,,0.9,0.7,0.8,0.8,0.6,1.3,1,1.6,1.2,1.2,1,0.7,0.8,0.7,0.7,1,1,,0.8,0.8,0.8,0.9,0.8,1.1,0.8,0.6,0.5,1,1,0.9,1.1,0.7,0.8,0.6,0.8,0.8,,0.8,0.6,,1.1,0.8,1,0.9,1.1,1,0.7,0.9,1.1,0.8,0.6,0.8,0.8,0.6,1,0.6,0.5,0.5,0.6,0.5,0.5,1,0.4,0.8,0.9,1,1.4,1.8,1.6,1.5,1.1,0.4,0.4,0.5,0.5,0.4,1.2,1.2,1,0.9,1.4,0.9,2.4,1.5,0.9,0.6,0.8,1,1.1,1.1,0.8,1.1,0.9,0.8,0.8,0.7,1.1,1,0.8,0.4,,0.6,1,0.6,1,0.8,1.1,0.9,0.9,1.3,0.4,0.7,0.6,0.4,0.5,0.7,0.4,0.9,0.8,0.5,0.9,0.8,0.4,0.6,0.7,0.4,0.6,0.5,0.5,0.7,0.7,0.7,0.7,0.3,0.4,0.4,0.4,0.4,0.7,1.1,,0.5,0.4,0.5,0.4,0.5,0.6,0.5,0.6,0.7,0.3,,0.7,0.7,,0.4,0.6,0.6,0.4,0.5,0.6,0.5,0.5,,0.4,0.7,0.6,,0.7,0.5,0.4,0.5,0.3,0.5,0.4,0.4,0.5,0.5,0.4,0.5,1,0.6,0.6,0.9,0.8,0.6,,0.5,1.2,0.9,0.2,0.6,0.8,0.9,0.7,0.4,0.3,0.8,1,0.6,0.8,,0.4,0.3,0.7,0.6,0.7,0.2,0.6,0.8,0.6,0.6,1.3,0.8,0.9,0.4,0.7,0.9,0.4,0.4,0.4,0.3,1,,0.2,,0.3,0.2,0.5,1,0.9,1,1,1.2,1.4,1.2,,0.8,0.6,0.8,0.8,0.3,0.6,0.3,0.5,0.6,0.5,0.4,0.4,0.4,0.4,0.5,0.7,0.5,0.9,1.1,0.9,0.1,0.3,0.4,,0.7,0.7,0.1,1.3,0.7,1,0.6,1.1,0.5,0.6,0.9,0.8,0.8,0.5,0.5,0.6,1.9,0.9,1.1,0.9,0.9,1.4,1.6,0.3,1.2,0.8,0.4,0.3,0.9,0.7,1.2,0.5,,0.5,1,0.6,1.1,1,1.1,0.8,0.7,0.7,0.8,0.8,0.6,1,0.4,1.1,0.7,1.6,1.2,1.2,1.1,1,1.5,1.7,0.5,0.6,0.6,0.5,0.7,0.9,0.4,0.4,0.6,0.4,0.9,1,0.8,1.6,0.8,1,0.3,1,1,0.5,0.8,0.6,0.5,0.5,1.2,0.7,0.7,1.3,1.1,0.6,0.5,0.5,1.4,0.4,0.4,0.5,0.7,0.6,0.8,0.8,0.9,0.6,0.9,0.7,0.8,0.6,0.7,0.5,0.5,1.9,,1.7,1.1,1.1,0.9,1,0.6,0.8,0.4,0.7,0.6,0.6,0.4,1.1,1.5,0.3,1.3,1.5,0.3,0.5,0.2,0.3,0.7,0.3,1
20170820,14,AQI,89,60,95,84,99,85,65,85,65,63,98,49,,,83,,55,65,101,,53,54,48,,47,,,99,64,75,77,58,63,89,43,58,71,57,74,53,31,33,37,34,,53,74,65,55,78,73,69,89,84,69,64,85,82,62,100,48,45,47,57,52,64,52,,62,45,50,49,64,54,63,67,62,62,58,104,,,54,68,106,80,77,74,75,84,119,123,92,80,104,79,40,53,53,,,52,60,47,50,,54,27,34,28,28,31,38,30,34,30,31,30,42,34,,30,29,28,33,27,20,49,37,32,,32,47,36,38,31,34,54,34,48,45,54,45,56,30,40,35,45,42,35,35,39,34,32,35,35,32,35,34,27,25,30,30,31,,34,50,32,37,37,60,35,,,,68,59,,65,59,61,,52,39,39,,32,,37,35,37,38,36,36,39,,,,33,34,,45,50,34,32,48,,50,27,30,27,36,28,30,30,,48,,65,,65,43,32,26,42,29,34,33,36,37,42,,45,54,42,49,,54,45,51,65,52,41,46,68,60,,,21,,71,45,,57,44,41,39,33,32,,28,26,41,40,46,51,45,,36,38,36,40,35,42,49,37,43,32,106,,89,116,115,101,109,46,57,55,56,52,66,42,56,36,,63,56,62,62,52,56,59,73,,46,38,35,40,40,41,36,45,33,55,68,50,59,52,54,59,57,67,59,66,55,75,47,75,53,84,48,51,35,36,34,33,32,32,33,35,34,46,103,101,,59,126,108,89,105,123,109,119,39,45,33,52,39,98,52,38,39,32,50,24,28,43,30,68,75,69,47,32,38,63,54,45,34,44,41,32,30,25,30,112,115,107,108,95,155,138,138,113,106,60,45,46,60,26,47,52,42,38,35,37,37,15,25,28,18,31,65,,70,42,88,38,48,32,48,39,,48,50,48,54,47,,30,46,40,32,53,,29,57,36,38,31,24,39,25,42,32,32,25,23,23,24,26,20,28,20,14,22,21,51,25,89,82,72,78,85,79,69,80,75,79,62,95,88,32,22,36,32,25,53,,18,22,42,,,,38,45,33,59,29,32,42,,40,35,39,29,35,30,31,33,38,38,32,23,44,52,45,30,51,56,35,44,62,36,35,33,35,33,49,60,48,39,19,20,19,28,47,50,54,31,36,34,36,108,104,61,113,,68,,40,45,45,40,50,,,43,,40,33,32,,35,54,82,77,40,52,38,52,34,46,39,37,30,30,36,33,,41,,40,,40,60,59,49,44,50,50,33,35,32,31,30,28,29,,27,,111,85,108,87,111,44,58,40,52,38,39,31,30,27,28,48,21,30,50,74,54,45,48,46,27,35,29,105,122,109,33,22,21,49,52,,101,92,,41,39,45,43,41,50,50,19,,,67,55,63,,,57,62,74,60,55,59,,73,70,,93,83,106,107,72,55,89,75,62,93,68,50,45,44,,34,27,,35,38,32,,38,40,33,34,27,37,36,29,33,36,39,22,37,38,40,39,32,26,23,27,25,23,,26,44,34,44,44,58,30,28,32,29,34,36,36,38,30,30,36,43,45,49,,35,48,36,46,109,49,51,53,55,47,51,44,49,77,,78,85,78,77,44,55,50,52,54,43,45,44,52,95,64,89,83,64,55,60,75,67,72,,70,55,68,36,53,39,62,58,58,48,42,38,40,52,38,34,37,32,32,45,37,30,31,35,22,28,27,34,20,20,14,26,30,30,27,33,43,36,10,11,38,39,39,39,41,55,60,70,59,73,31,32,28,22,95,53,50,64,83,,,67,20,29,26,26,53,55,72,60,97,53,37,32,29,,45,29,20,57,62,56,59,60,69,76,90,54,44,50,45,27,20,16,31,18,15,28,22,78,79,73,70,36,29,42,48,,43,49,61,51,37,31,24,36,45,47,37,40,36,34,75,84,50,33,37,41,37,34,37,30,40,31,43,16,44,34,45,36,30,26,30,33,29,30,53,45,52,50,47,36,38,46,40,57,55,,35,37,39,28,38,36,31,21,24,32,,27,29,28,25,,36,,37,,,27,23,29,82,64,79,94,60,,54,58,,52,60,87,,109,107,98,104,70,63,67,70,69,105,,102,95,74,60,,55,57,53,56,54,99,,77,34,34,35,42,47,50,70,,36,70,48,89,,,29,36,57,62,39,54,34,38,41,34,52,40,31,40,33,46,47,38,38,83,39,36,35,34,43,46,34,32,37,18,20,23,20,37,,,36,30,22,22,35,50,46,28,41,33,29,28,23,32,21,10,27,30,29,30,29,33,39,28,42,34,35,51,30,41,31,23,27,,69,48,61,42,45,47,,40,39,41,,54,57,73,58,40,54,37,50,44,29,47,63,62,45,33,33,,37,38,52,44,,46,69,70,92,46,30,29,32,48,46,,33,46,26,21,24,66,64,45,49,88,62,58,55,53,55,46,63,52,60,64,51,54,58,70,60,49,60,55,57,67,19,45,42,32,35,32,40,49,45,43,41,48,45,43,42,74,71,64,64,73,78,74,78,89,49,51,46,47,51,64,59,55,64,59,27,41,49,54,62,72,68,,74,63,97,39,,45,48,47,,45,84,63,79,77,64,70,68,65,74,85,64,54,46,,77,72,,65,60,59,62,37,79,79,69,97,75,74,84,52,82,42,62,57,58,,35,39,,48,42,51,45,53,61,62,67,54,52,25,23,24,36,25,24,36,33,28,30,29,28,45,45,37,34,35,46,58,45,72,22,26,22,40,23,74,33,45,54,58,20,35,22,30,29,29,32,52,36,43,58,38,38,40,29,31,28,37,40,35,38,39,52,40,29,53,56,60,56,28,33,25,33,32,30,25,28,47,28,57,95,102,114,97,52,59,44,89,43,35,36,33,42,38,39,48,42,40,43,,39,39,32,34,33,43,66,41,30,59,,36,35,,45,64,45,61,52,16,19,16,,35,28,29,24,27,24,57,57,54,64,50,21,28,29,28,36,40,56,40,26,18,19,,19,24,46,50,26,98,45,29,23,15,38,25,32,16,,29,31,16,25,19,15,22,26,27,30,24,58,62,13,22,30,21,19,20,20,33,,36,,17,22,36,37,38,39,48,34,36,43,,32,29,21,20,33,30,31,24,26,33,33,34,35,26,23,41,59,27,30,32,33,28,57,,39,26,26,32,28,35,23,38,20,34,28,30,25,32,28,28,26,24,25,43,74,39,40,62,31,32,31,31,54,49,69,85,,91,500,500,39,37,41,24,23,23,31,49,40,33,54,57,110,46,55,78,62,105,77,75,37,37,83,45,55,25,42,52,34,41,44,39,21,,32,62,30,47,43,45,28,36,35,54,70,66,60,65,60,39,42,37,53,28,62,25,26,30,38,30,51,67,40,33,35,58,87,85,44,99,,92,39,67,54,61,85,68,31,75,28,29,32,66,53,49,55,94,35,49,75,56,89,21,50
20170820,14,PM2.5,66,42,71,62,74,63,47,63,47,45,73,34,,,44,,39,47,42,,35,38,33,,30,,,46,37,55,56,41,45,42,27,41,49,38,54,32,8,7,16,7,,37,54,47,39,36,31,47,61,39,35,34,45,29,25,37,17,21,23,22,29,46,28,,44,26,35,34,46,38,45,44,42,4,40,44,,,37,32,44,33,47,34,55,62,90,93,68,58,78,58,16,28,36,,,34,43,29,28,,34,17,11,19,17,11,17,19,9,15,12,12,8,13,,9,7,8,8,10,12,10,13,10,,10,9,13,13,13,11,11,8,33,30,38,31,31,20,28,24,30,29,15,11,10,4,20,4,7,22,6,14,18,17,6,21,20,,19,17,22,16,17,27,12,,,,30,36,,30,34,42,,33,22,27,,12,,15,15,18,21,20,25,13,,,,14,11,,31,35,22,16,22,,25,12,12,12,12,15,21,5,,17,,47,,47,28,19,18,27,20,21,22,15,17,27,,31,38,29,27,,38,31,27,27,26,27,32,49,43,,,10,,32,31,,35,25,28,24,19,22,,18,18,25,22,32,23,31,,19,26,12,22,24,21,34,20,20,8,45,,54,56,43,59,44,32,40,27,19,11,33,27,35,17,,27,39,36,23,32,33,42,53,,9,9,10,3,14,7,11,17,7,30,30,34,32,31,28,30,31,32,42,34,24,28,32,33,26,32,29,24,20,18,23,21,18,20,15,16,17,32,34,27,,28,33,28,31,30,52,29,47,22,25,23,23,15,40,21,20,25,20,35,14,14,25,12,16,25,21,7,13,26,35,32,20,19,19,12,18,12,10,3,35,41,45,43,40,63,56,46,24,32,32,28,27,32,16,28,29,21,23,13,25,21,3,8,11,10,8,15,,9,15,31,8,6,9,8,18,,13,5,7,7,6,,16,32,28,16,21,,19,34,5,21,10,15,8,9,29,10,10,,9,16,10,18,14,19,11,9,6,6,22,4,66,60,52,57,63,58,50,59,55,58,44,71,62,18,15,5,22,15,37,,4,2,29,,,,23,17,16,22,17,21,29,,28,18,27,18,21,18,21,21,14,26,22,16,16,23,20,7,12,36,19,24,44,8,24,6,18,18,29,42,14,15,9,9,13,10,32,35,24,15,11,17,14,59,57,38,51,,24,,15,13,15,14,29,,,28,,19,16,11,,18,11,34,34,16,19,12,27,9,12,15,7,9,9,2,5,,12,,11,,16,29,21,22,22,27,21,10,12,9,2,1,8,7,,12,,42,46,66,46,47,28,25,19,29,15,27,13,11,7,9,13,8,8,27,43,35,30,33,28,16,14,17,45,41,46,16,13,11,30,36,,48,39,,26,22,20,30,21,23,32,7,,,41,39,45,,,40,44,54,43,37,40,,32,46,,54,61,49,41,52,35,66,53,36,39,49,21,22,29,,19,13,,19,20,15,,26,28,23,16,16,21,9,12,19,12,27,2,12,9,18,27,21,10,9,8,6,10,,4,9,3,11,8,20,10,8,10,10,8,12,22,10,9,9,25,23,31,24,,18,22,12,20,30,25,25,21,30,24,29,15,31,55,,40,,57,56,25,37,33,23,29,18,19,19,20,71,46,66,61,30,39,43,,48,52,,51,27,40,25,23,24,32,33,41,33,29,26,27,21,26,17,19,22,22,8,12,5,18,18,14,13,17,16,14,7,4,10,21,,18,20,30,18,2,1,26,27,27,25,24,31,36,27,42,53,11,19,10,14,19,18,32,16,61,,,48,8,14,18,17,37,39,29,29,38,25,25,22,12,,26,20,14,37,44,38,42,35,50,50,67,38,26,35,22,10,7,10,14,12,10,19,15,42,58,53,51,5,15,1,19,,24,34,33,29,10,7,9,14,31,8,24,8,11,13,49,62,35,6,21,7,9,5,20,20,10,10,12,11,12,13,9,16,9,4,,8,2,1,18,19,21,28,23,,21,32,21,23,21,,11,23,27,19,26,12,10,10,13,11,,11,6,19,17,,25,,21,,,12,16,18,60,46,58,70,42,,37,41,,36,33,64,,82,80,73,78,51,45,48,51,50,44,,24,34,54,39,,39,34,37,25,30,74,,56,16,9,9,15,31,20,20,,8,5,6,66,,,8,6,29,37,17,20,15,14,22,18,20,14,16,28,19,23,17,20,19,32,27,18,19,20,24,32,12,11,13,8,8,10,8,11,,,9,8,9,10,13,24,19,13,26,6,15,6,10,14,2,,6,7,20,8,9,,21,6,16,1,8,22,9,14,12,7,10,,50,33,37,24,31,31,,21,27,22,,38,40,47,41,28,38,25,35,29,20,13,45,44,29,5,2,,22,9,36,7,,32,50,51,68,14,16,4,12,28,32,,15,24,,5,10,40,46,30,24,65,44,41,35,37,39,32,41,36,40,46,33,33,35,51,28,34,38,39,39,48,1,13,16,11,6,20,19,19,15,30,26,33,31,30,29,54,46,42,44,53,57,54,57,66,34,30,29,32,30,46,42,39,46,42,15,22,20,28,44,31,29,,49,42,42,23,,22,23,23,,22,62,45,58,56,31,30,39,43,31,63,34,37,28,,56,52,,47,36,42,26,11,58,58,50,72,54,47,62,31,60,9,44,31,41,,9,27,,12,25,24,26,37,43,44,48,27,27,11,14,13,20,14,13,24,23,19,21,14,15,24,31,17,16,14,22,13,10,10,5,14,11,8,1,19,14,17,14,18,14,24,10,18,16,13,15,22,24,30,34,26,22,23,16,9,15,17,20,18,18,20,23,28,20,27,30,43,37,17,13,13,20,22,10,13,6,15,6,4,68,56,58,57,30,34,20,24,27,24,25,19,15,16,21,33,13,12,24,,11,7,15,22,20,30,33,26,20,42,,20,21,,1,28,14,9,13,2,2,2,,5,7,9,15,10,14,40,40,11,30,35,13,14,20,19,9,7,21,24,13,11,12,,1,9,25,14,14,20,9,14,14,10,13,11,5,6,,12,6,1,6,7,5,15,1,10,12,9,13,,1,15,12,2,2,3,1,23,,,,6,4,22,20,21,23,8,10,14,15,,16,15,13,9,11,7,,9,18,12,8,3,4,11,6,9,15,18,21,20,14,5,17,,5,8,14,22,8,24,15,26,6,23,17,18,17,6,8,5,5,8,5,17,24,14,16,,17,22,13,10,24,23,10,16,,47,126,161,17,10,8,13,8,4,8,34,7,10,38,37,25,29,39,42,38,29,56,55,7,23,61,31,39,12,26,36,12,14,29,27,11,,9,22,19,19,16,12,15,18,13,38,51,30,43,34,34,19,27,19,22,16,43,8,13,11,13,13,35,48,11,13,13,37,10,16,6,51,,31,24,41,31,40,63,49,8,55,16,2,22,47,37,32,29,40,8,34,39,8,27,8,28
20170820,14,PM2.5_24h,57,44,62,50,63,59,47,56,38,49,62,55,,,52,,50,47,49,,49,48,39,,46,,,61,62,54,74,49,58,41,40,38,52,41,51,44,16,19,27,15,23,64,78,73,59,46,43,66,61,55,46,33,37,20,31,36,13,16,25,19,25,41,34,,39,35,38,46,48,45,49,51,47,50,47,44,,,42,37,40,37,40,36,59,58,64,78,57,60,75,63,18,28,34,,,31,34,28,31,,35,19,18,19,19,16,17,15,19,19,17,17,13,11,,11,7,7,11,10,12,20,20,13,,23,19,22,23,21,16,19,20,22,24,26,26,17,25,25,21,18,23,8,8,7,7,13,3,7,11,4,19,19,17,16,10,19,,17,18,17,15,21,17,17,,,,33,21,,15,22,26,,20,21,16,,11,,13,11,22,18,15,22,15,,,,12,13,,17,14,17,12,13,,15,13,13,14,13,17,21,22,,10,,26,,20,28,23,18,31,24,26,29,26,23,29,,26,34,34,28,,34,30,28,33,29,30,35,40,34,,,13,,28,28,,31,28,31,18,20,19,,23,20,34,33,40,20,21,,12,16,11,12,17,23,20,16,12,14,31,,34,34,33,38,34,17,31,34,22,18,42,32,35,22,,31,37,46,32,46,50,61,52,,8,9,11,7,12,9,11,11,11,49,51,58,51,56,93,49,50,47,26,25,22,22,30,29,21,22,22,20,29,21,34,26,22,23,20,19,23,31,27,24,,27,24,24,50,24,50,25,32,17,17,13,14,14,30,15,13,15,14,29,12,13,9,13,30,30,27,12,18,22,39,36,18,13,12,6,13,15,17,19,30,29,41,29,24,29,30,25,23,25,36,31,31,29,26,31,26,23,26,26,32,29,6,8,13,8,11,21,,25,17,28,15,11,19,21,22,,19,12,13,19,16,,18,31,26,15,22,,20,28,6,18,7,14,9,12,19,16,9,15,12,17,12,20,18,20,7,6,5,4,9,3,50,43,37,43,49,48,41,56,41,38,37,53,45,24,22,12,26,17,12,,18,21,24,,,,27,17,17,24,28,27,15,,18,20,32,25,24,21,34,31,25,22,24,15,18,20,22,38,37,58,48,48,53,40,46,36,49,44,36,63,23,27,17,18,18,19,40,38,30,32,28,25,27,34,32,31,29,,19,,12,13,14,12,36,,,47,,40,22,22,,26,23,29,36,29,21,22,18,21,12,32,13,14,14,11,15,,22,,24,,20,25,30,24,18,19,20,15,12,13,9,8,12,15,,23,,55,56,56,48,54,27,27,17,29,18,30,11,11,11,11,13,11,5,13,18,21,29,34,34,12,10,16,36,30,35,12,12,12,46,57,,37,33,,22,27,25,23,17,22,24,7,,,39,43,52,37,,32,30,38,34,39,40,,37,41,,52,61,55,20,54,49,56,51,58,45,35,22,25,24,,17,12,15,17,19,15,,31,21,14,16,11,23,13,17,28,15,20,15,31,33,30,30,30,13,10,8,10,10,,8,21,15,19,12,23,17,18,18,20,10,10,23,17,18,12,15,15,15,16,,14,17,14,19,25,22,26,18,29,27,33,16,58,89,,65,80,65,76,41,53,46,42,54,43,45,46,51,75,68,69,68,48,62,50,66,60,63,,56,22,26,20,21,18,22,21,25,30,26,34,28,23,28,27,25,30,32,9,18,21,14,16,16,24,25,20,17,8,6,15,26,26,26,26,33,23,8,5,25,26,25,28,24,32,37,28,41,34,22,17,16,17,36,35,41,29,56,,,48,17,17,24,32,28,34,35,37,36,31,19,21,17,,23,23,20,34,39,36,39,30,40,35,42,34,22,43,52,44,48,48,58,47,57,52,50,30,61,41,38,8,14,8,19,,17,17,32,24,6,9,14,13,16,25,35,20,21,21,32,35,13,12,18,11,17,10,20,21,16,16,16,16,17,15,10,17,7,7,8,12,7,6,18,19,19,18,19,,18,18,20,19,21,,8,13,24,20,27,13,14,12,17,12,,16,16,19,23,,31,,26,,,20,18,26,35,21,27,37,32,,39,44,,33,40,78,81,75,65,72,66,39,41,37,44,35,39,,30,31,45,32,,37,44,40,28,30,50,,47,25,24,24,11,35,18,20,,32,30,23,51,,,13,9,17,18,29,23,20,37,32,37,43,27,14,25,21,25,35,22,29,28,32,30,33,25,27,31,16,19,16,13,13,17,13,11,,,9,12,12,14,16,28,28,20,28,14,25,5,24,14,17,7,9,11,9,16,16,13,18,11,17,16,15,24,17,18,9,12,15,,37,26,36,12,14,16,,16,30,16,,27,31,35,32,21,26,23,35,24,29,20,51,38,33,23,9,,11,11,19,12,,22,16,26,28,10,10,6,12,19,29,,26,39,9,6,11,35,47,30,22,37,42,37,36,34,40,31,44,36,31,31,30,29,31,32,25,36,41,41,45,36,6,24,19,22,16,27,27,22,22,29,23,33,31,29,30,70,59,48,51,58,53,54,47,53,30,28,26,27,28,34,38,30,36,32,30,30,34,39,50,48,47,,48,58,51,34,,36,34,53,,51,54,45,49,52,38,32,46,37,37,43,37,37,26,40,45,34,,28,31,19,28,23,38,38,35,54,49,37,58,26,38,12,24,22,24,,10,25,,17,22,22,18,31,23,22,21,32,32,28,19,21,26,22,21,28,30,32,36,31,18,24,35,14,15,18,30,20,15,16,11,20,19,18,13,19,18,20,14,25,19,25,27,25,27,11,18,23,41,42,48,42,24,26,22,21,22,25,26,25,31,23,30,36,33,31,31,38,36,13,20,18,22,22,16,22,6,7,10,8,48,40,38,37,28,37,25,35,28,27,28,26,19,13,20,31,23,32,28,,16,25,23,25,26,28,30,32,26,38,,17,19,,10,23,20,23,15,4,5,6,,8,8,12,12,12,14,25,31,10,17,26,11,11,15,11,10,12,23,28,11,10,10,,10,11,14,17,15,18,15,11,28,18,22,11,10,12,,10,14,11,9,14,10,9,12,10,10,11,13,2,3,14,17,6,5,5,3,26,,4,,3,4,22,27,30,28,38,30,29,27,,16,15,18,14,16,11,10,21,27,12,13,3,8,20,22,21,22,30,33,32,14,11,19,,12,11,22,39,20,25,14,30,6,23,20,12,22,12,14,18,9,16,17,21,34,20,22,11,23,17,10,16,26,25,15,44,,50,89,110,32,20,30,11,9,8,14,29,15,12,27,39,25,53,54,39,50,38,43,37,13,16,17,33,27,15,26,30,22,18,45,30,10,17,10,12,20,27,21,27,16,17,14,43,45,40,44,37,30,22,23,34,18,21,20,13,14,12,16,8,27,27,17,17,13,21,15,22,10,59,,43,35,85,55,36,60,51,12,51,21,19,14,63,30,23,45,51,12,33,20,14,15,11,36
20170820,14,PM10,,,,,75,,,70,57,,,34,,,50,,52,65,52,,55,,33,,34,,,71,70,79,56,45,,128,43,56,92,64,76,55,8,11,23,26,,53,88,58,58,55,52,50,80,54,58,73,46,80,73,69,48,39,47,63,53,57,54,,55,32,48,46,54,50,59,84,54,5,65,84,,,58,63,83,81,69,64,97,110,121,128,120,110,91,95,25,42,48,,,53,55,45,47,,58,25,21,28,27,31,31,25,12,15,20,21,42,34,,23,21,13,17,27,20,49,31,27,,32,47,36,33,31,21,30,29,,45,52,,62,,,,45,,35,,22,21,32,35,18,30,33,34,27,,13,,30,,,50,,37,37,69,16,,,,68,64,,79,68,72,,53,39,27,,25,,30,26,26,26,28,30,20,,,,21,21,,,,34,32,48,,50,21,24,21,36,21,25,30,,48,,51,,75,43,32,24,42,24,34,33,36,37,42,,41,56,42,44,,38,39,51,46,53,41,45,70,69,,,20,,91,45,,63,37,39,39,31,30,,22,19,41,40,39,52,39,,36,26,36,23,34,42,,37,26,19,91,,79,99,91,101,62,42,55,59,61,53,81,42,61,27,,75,62,73,46,54,61,65,73,,46,24,27,31,19,17,14,45,15,55,62,50,68,53,47,67,63,53,56,82,59,62,47,76,56,64,48,51,22,30,,31,21,31,33,26,34,34,54,38,,67,63,54,61,39,68,58,69,32,44,28,53,39,68,28,,38,32,49,24,16,31,17,46,48,44,25,24,34,40,57,45,28,34,27,,24,14,27,51,69,55,47,44,117,91,66,59,72,,31,33,56,26,47,53,42,38,33,37,37,15,25,28,17,31,31,,44,26,65,27,36,26,30,37,,31,28,23,34,12,,30,41,38,32,56,,29,64,36,38,31,20,39,25,32,32,32,25,23,23,24,18,15,,13,14,10,,51,8,79,88,82,99,73,83,83,107,66,85,71,84,125,32,,17,29,,41,,5,14,,,,,38,45,33,68,24,32,42,,,35,39,20,35,28,31,33,38,30,25,19,44,53,45,21,28,61,19,44,61,33,28,16,29,19,48,57,38,29,18,20,19,28,,36,58,16,,23,,111,93,71,78,,43,,33,26,,21,50,,,,,,21,23,,24,58,57,44,40,30,38,53,34,46,39,11,15,11,5,29,,35,,40,,40,39,40,34,22,,50,23,17,24,22,12,24,21,,,,61,56,79,48,67,42,66,40,53,38,39,28,14,21,18,44,20,24,41,47,58,45,41,46,,,18,73,78,81,33,20,14,41,49,,82,74,,39,39,24,40,41,50,50,19,,,83,53,57,,,64,52,70,63,42,54,,46,48,,62,,60,62,58,57,74,63,66,77,70,50,45,44,,20,20,,30,33,20,,34,32,23,34,25,21,36,23,33,36,,15,35,31,39,34,32,20,22,13,23,21,,9,44,34,44,44,66,29,15,32,11,34,36,23,18,30,19,27,32,38,39,,27,48,29,46,75,29,51,55,60,33,52,44,,103,,74,75,88,88,34,49,48,53,55,41,45,44,54,77,76,103,90,44,57,49,51,76,89,,76,60,86,33,56,38,73,66,62,,,38,40,53,30,34,25,31,,45,37,30,24,35,15,28,27,34,,17,14,26,29,30,23,33,31,36,5,2,32,36,29,39,41,55,57,48,61,66,30,28,28,22,54,55,39,40,74,,,57,14,29,26,26,,46,66,69,62,56,37,30,29,,45,27,,64,54,62,57,70,60,101,117,52,44,44,45,,,,31,17,,,,106,102,88,74,30,28,21,48,,43,48,71,52,34,11,24,36,39,47,37,40,33,14,85,84,,16,23,15,16,10,37,,22,,15,,44,34,45,36,22,,20,,8,6,56,45,54,50,47,36,33,,40,63,60,,23,34,,23,36,33,13,20,24,14,,14,14,27,21,,31,,37,,,,,28,112,78,81,84,70,,57,62,,48,69,100,,91,,103,128,65,72,73,83,71,99,,40,50,66,70,,59,64,46,62,34,110,,63,32,15,19,34,45,39,90,,20,90,48,79,,,26,36,63,73,21,57,22,36,41,31,53,28,31,40,33,46,36,29,33,47,,,,23,43,33,19,21,16,10,15,23,19,37,,,27,30,22,22,35,50,46,28,41,33,29,28,18,32,8,,20,17,,,24,33,39,8,42,24,26,52,19,41,20,18,16,,,34,71,36,38,42,,39,37,39,,,58,50,42,36,55,37,43,44,,47,61,,45,28,33,,,38,,43,,37,61,58,72,46,22,17,26,48,38,,33,46,13,18,17,82,73,34,44,91,58,,59,52,,45,75,53,70,68,51,57,66,53,69,38,70,60,63,56,5,45,42,,35,32,40,49,45,40,41,37,37,42,,74,91,78,78,75,70,77,81,88,48,52,46,47,51,58,56,52,69,45,27,41,49,58,62,51,38,,62,48,54,39,,45,48,47,,45,74,69,73,60,61,42,,53,52,84,77,58,46,66,68,65,,58,70,61,74,18,69,,55,77,99,98,82,45,60,36,63,63,64,,35,32,,48,40,51,45,43,71,50,,57,54,24,22,22,36,25,22,36,31,26,28,29,20,45,40,21,33,34,46,66,41,52,10,26,22,40,14,98,33,45,57,66,16,,16,30,,29,32,53,36,43,66,35,38,40,29,18,25,37,40,35,38,39,54,34,,56,62,60,61,28,33,24,33,25,18,,28,47,28,63,97,74,71,104,53,54,36,43,43,34,35,33,35,37,28,45,32,40,34,,39,28,29,34,31,37,81,35,25,,,30,35,,39,78,45,72,53,3,5,3,,17,16,14,20,18,18,43,58,57,78,,19,28,,25,36,40,62,40,26,18,19,,18,24,46,50,22,145,45,29,23,15,38,18,32,,,29,31,10,25,19,11,,9,27,30,24,66,74,5,,30,6,9,14,11,26,,6,,17,22,29,31,31,36,48,34,36,43,,32,26,17,15,18,19,1,12,26,18,17,7,17,26,13,41,67,27,29,32,,8,63,,7,9,,26,9,,16,,15,27,,30,22,8,14,12,13,12,,39,98,29,29,10,26,28,29,31,58,49,59,120,,132,1090,718,39,31,41,16,12,18,31,,40,18,41,45,45,,,61,54,52,70,100,28,37,,38,52,13,39,44,16,25,,36,16,17,32,73,30,34,30,40,16,30,18,41,70,81,57,47,70,39,42,37,50,28,73,25,21,17,18,17,52,49,20,18,19,65,30,38,21,67,,61,32,59,57,72,,71,31,93,25,23,23,81,37,,39,52,17,44,59,61,58,16,41
20170820,14,PM10_24h,62,57,,53,60,60,,68,49,,62,81,,,74,,64,63,63,,67,58,46,,68,,,110,113,97,88,80,72,88,70,67,113,105,101,88,28,28,43,44,45,112,127,101,88,57,68,73,74,71,63,61,49,65,66,67,65,52,49,63,42,51,54,,51,52,63,60,70,59,69,89,81,67,89,80,,,64,63,69,77,57,80,110,115,125,147,120,120,106,110,31,42,49,,,59,52,46,50,,69,29,25,26,33,31,32,22,23,28,22,39,60,36,,34,15,18,25,25,37,90,68,64,,70,69,68,68,55,42,49,56,62,46,38,50,49,40,48,37,39,41,26,19,21,16,28,26,34,22,19,29,40,42,34,35,36,,41,52,38,51,54,49,31,,,,72,46,,51,54,56,,44,40,29,,28,,37,28,52,34,30,42,23,,,,27,27,,31,29,28,27,31,,26,20,28,25,28,27,30,23,,33,,47,,28,47,42,27,46,33,37,44,51,40,47,,40,49,44,44,,36,42,55,49,52,53,49,62,61,,,25,,51,39,,61,43,45,32,29,27,,39,30,51,52,54,36,38,,33,29,23,22,26,35,30,25,22,25,66,,74,72,75,79,46,36,52,69,73,67,87,75,83,30,,78,74,108,71,80,104,84,89,,34,28,28,34,23,22,22,50,20,82,75,72,81,74,69,80,76,91,67,62,65,52,58,73,55,60,58,52,54,34,72,58,41,55,47,43,51,51,55,52,,48,56,35,89,49,68,49,53,23,29,21,34,26,56,22,23,24,18,42,16,16,16,17,51,53,51,32,36,34,58,52,34,28,26,19,32,35,32,32,53,52,54,45,34,67,62,56,61,58,61,55,48,56,47,63,57,42,70,59,57,67,16,17,20,18,22,37,,48,33,60,42,42,69,52,58,,34,42,42,41,56,,33,43,36,30,66,,31,54,31,33,22,25,37,35,32,30,40,37,31,25,39,38,32,52,12,11,9,8,18,11,68,68,60,80,78,70,64,108,51,64,57,79,95,56,49,34,53,43,26,,27,41,51,,,,53,55,45,81,69,55,52,,55,45,60,42,47,38,41,51,47,41,40,19,31,46,57,61,79,75,71,87,91,88,70,60,68,82,65,98,48,44,32,31,31,40,74,68,49,52,69,48,48,72,65,65,54,,28,,29,35,35,27,51,,,64,,70,31,31,,60,57,61,62,63,32,56,41,50,43,75,26,28,23,16,24,,50,,52,,46,44,39,48,29,34,41,26,22,24,21,20,22,37,,42,,76,69,78,69,72,47,53,31,47,37,50,27,24,20,18,32,16,18,29,29,33,49,63,51,21,19,22,65,61,63,19,23,22,88,64,,67,64,,39,49,45,43,26,51,50,27,,,74,63,65,116,,47,42,50,45,50,51,,51,52,,77,75,80,31,78,93,69,94,117,83,57,61,58,39,,21,24,34,30,39,21,,49,51,29,34,18,46,57,30,52,51,40,40,55,46,49,59,50,35,31,28,28,30,,11,52,46,51,26,55,53,40,64,59,34,33,29,22,33,22,28,24,29,28,,35,35,31,45,70,48,55,39,69,61,67,31,121,119,,113,99,128,122,57,80,72,67,84,72,75,66,71,120,105,95,99,91,89,72,90,84,90,,71,49,61,54,54,51,47,44,48,31,29,44,42,42,29,45,31,42,39,29,49,63,24,27,28,47,42,52,24,24,21,37,38,46,31,49,59,75,17,17,33,37,37,43,40,51,51,44,56,65,45,28,48,41,56,65,51,42,76,,,64,35,38,41,40,44,52,69,76,53,54,61,39,54,,43,38,44,59,56,63,68,45,51,70,71,69,72,95,92,111,118,105,97,100,105,137,125,75,99,61,53,29,23,23,44,,41,44,69,65,40,19,39,32,40,90,88,99,36,28,58,55,27,16,27,22,30,29,28,33,24,16,26,29,43,38,39,39,23,19,12,15,16,14,41,37,38,33,34,26,33,34,38,56,51,,26,31,37,35,35,29,24,21,26,15,,31,27,39,36,,42,,48,,,38,32,48,71,53,45,58,59,,59,61,,75,84,108,111,104,95,138,114,58,76,63,83,66,53,,48,46,58,68,,51,64,63,51,44,99,,65,50,49,48,31,46,31,49,,95,83,98,59,,,43,46,28,35,40,60,31,61,56,57,73,66,27,42,49,56,53,36,51,41,67,50,75,48,51,42,31,30,27,26,31,36,29,40,,,40,33,29,27,39,70,73,44,57,58,121,28,56,40,33,12,22,18,23,32,35,43,54,18,50,77,33,47,36,34,37,34,29,,59,31,43,27,26,35,,40,42,50,,33,50,42,53,36,43,51,57,51,35,41,57,47,59,30,42,,23,33,30,42,,41,39,35,42,37,30,19,22,45,42,,58,61,22,25,23,67,60,53,35,58,65,48,65,56,55,48,66,58,62,63,72,63,53,48,50,50,66,66,88,59,13,77,51,53,45,40,56,49,54,60,37,60,51,59,48,92,97,74,71,88,68,80,74,77,43,44,47,43,50,43,46,41,56,44,42,51,57,72,77,77,70,,73,73,72,53,,56,55,69,,62,70,68,68,59,58,45,62,57,67,80,73,69,53,56,59,52,,43,60,64,50,33,48,35,51,69,68,67,68,40,50,43,45,54,51,,37,39,,42,30,37,34,42,42,28,20,55,49,42,45,42,53,41,37,41,48,55,62,46,32,46,45,32,36,37,55,79,49,58,27,29,36,42,33,43,35,49,59,66,28,40,41,49,34,25,44,64,67,66,81,61,85,44,41,43,48,48,47,37,62,57,56,58,52,55,65,55,59,25,56,49,41,43,27,39,34,37,31,60,79,48,49,73,55,55,39,46,36,41,36,40,50,41,36,46,44,61,69,,58,54,38,36,39,47,63,52,33,40,,28,36,,43,78,62,74,53,11,8,10,,18,13,16,24,23,27,38,53,41,57,38,20,23,27,22,47,59,71,46,26,19,17,,22,28,29,43,49,106,58,27,27,25,40,27,29,24,,27,35,20,26,34,36,20,26,24,20,30,49,57,19,36,65,8,12,12,16,69,,10,,14,26,36,54,55,50,60,54,51,54,,32,26,27,23,71,47,32,34,42,21,23,7,15,40,40,67,56,49,52,50,34,21,60,,18,24,35,69,29,38,32,38,10,36,51,51,47,66,57,68,44,65,41,66,119,76,71,15,41,32,32,45,62,74,80,207,,153,503,346,71,47,70,23,30,17,42,47,49,22,45,47,36,84,58,55,104,52,53,81,43,33,27,42,42,31,43,34,36,31,84,38,16,55,35,51,29,45,39,55,26,27,20,51,73,75,56,55,54,54,49,63,48,36,33,25,33,20,27,16,63,48,26,32,23,46,39,56,33,101,,72,50,109,105,73,59,68,28,67,36,46,27,83,75,35,60,71,27,49,32,58,35,23,43
20170820,14,SO2,2,2,3,5,4,2,2,7,4,2,3,1,,,9,,10,2,6,,6,3,12,,7,,,9,28,8,2,10,10,4,15,16,35,56,52,35,5,3,12,11,10,4,5,6,3,7,14,5,5,4,4,15,29,25,15,14,7,9,17,43,8,12,11,,9,10,17,16,5,5,8,7,5,4,9,12,,,17,13,11,18,34,17,17,21,20,15,21,20,15,12,3,13,8,,,10,11,10,11,,13,9,6,12,14,6,5,5,5,5,6,6,8,8,,9,5,8,9,2,8,11,6,4,,4,7,6,11,6,5,13,6,7,6,8,6,6,6,8,4,9,8,5,12,8,23,8,8,8,9,7,9,9,14,7,6,9,,9,18,16,17,13,24,5,,,,18,16,,18,17,30,,29,8,9,,3,,3,3,2,8,4,9,19,,,,9,8,,10,14,6,8,6,,4,10,8,14,3,2,14,9,,8,,8,,9,8,5,7,5,7,6,11,3,7,7,,6,5,6,3,,8,6,7,13,12,11,13,3,6,,,6,,9,6,,6,5,8,6,6,9,,9,7,5,3,6,7,7,,6,5,2,22,3,17,14,11,22,5,6,,10,7,5,12,5,11,8,15,11,15,14,10,15,8,,13,9,13,20,7,15,17,13,,2,3,6,3,10,5,6,9,7,4,8,7,7,7,2,10,6,9,9,9,6,11,7,5,3,7,6,10,9,11,10,12,9,9,12,4,11,12,14,13,,11,14,12,16,13,6,10,12,13,11,16,8,6,12,11,10,17,9,,7,6,7,5,13,13,10,8,5,13,17,19,9,7,8,8,7,4,6,4,12,15,15,14,12,20,21,16,12,8,14,11,10,12,7,11,9,7,7,9,7,9,4,6,6,4,6,14,,12,8,10,18,9,11,10,10,,9,14,10,8,14,,8,5,17,10,7,,6,4,10,3,6,6,5,3,5,6,5,10,8,9,11,9,9,11,9,17,10,8,9,5,9,1,7,6,10,6,8,8,6,6,6,7,10,6,2,1,6,3,3,,6,7,3,,,,12,8,8,12,10,8,10,,21,25,50,17,10,10,8,17,14,9,7,4,7,21,13,16,82,44,8,69,17,6,6,6,5,4,4,7,5,4,3,9,2,4,8,8,7,7,2,11,9,4,12,8,11,,9,,7,7,6,7,12,,,9,,4,7,2,,10,12,13,10,26,22,11,14,9,19,24,6,8,6,7,5,,12,,18,,4,10,15,14,2,8,7,11,9,2,2,1,4,15,,11,,20,17,12,12,14,13,11,8,10,11,11,8,10,9,9,14,9,4,18,49,11,8,7,7,8,9,9,10,8,8,5,6,4,11,14,,18,17,,11,11,7,8,11,16,16,5,,,9,9,8,20,,47,30,67,78,10,4,,3,7,,20,19,22,21,17,14,11,14,11,22,13,9,13,6,,5,5,7,7,7,4,,14,13,9,7,10,11,5,6,22,7,7,2,6,11,9,10,7,8,5,4,8,4,,,6,5,5,15,12,3,1,4,6,8,3,8,3,11,4,10,8,12,2,,9,32,8,,18,17,28,8,11,25,16,6,10,16,,12,21,13,13,7,8,8,5,4,3,5,4,5,12,9,4,5,10,8,9,11,6,8,,7,11,11,9,8,8,6,9,6,10,12,11,8,3,8,10,10,11,11,14,8,6,10,8,3,7,6,4,5,6,6,7,6,5,2,6,12,3,2,2,6,4,6,6,6,6,8,4,8,5,12,28,9,11,4,7,9,5,15,,,11,3,4,10,5,10,6,5,15,16,14,6,4,15,,6,14,13,13,14,15,8,11,9,7,9,12,10,10,14,3,5,2,7,4,3,5,2,11,8,6,9,8,6,10,9,,17,32,47,13,2,6,3,57,6,7,7,3,9,15,16,18,3,1,4,1,7,3,4,5,5,4,2,3,8,5,7,3,4,3,1,3,9,5,8,9,10,11,10,14,11,19,,11,15,,7,7,14,13,6,9,10,17,11,6,,15,11,11,8,,8,,11,,,1,2,15,7,8,7,8,6,,8,11,,5,11,17,13,17,6,13,23,11,11,15,13,18,60,,30,20,5,3,,8,15,8,3,12,31,,25,5,5,4,3,9,9,4,,5,3,4,32,,,2,4,13,10,8,7,9,5,5,6,2,7,6,10,10,7,8,7,7,7,7,7,5,8,7,8,14,28,3,4,4,2,7,9,,,9,7,8,,7,2,3,16,8,6,7,3,3,1,1,2,5,11,7,5,1,1,8,2,19,13,2,35,9,4,4,7,27,,6,11,9,11,12,13,,7,2,10,,24,15,15,17,26,29,40,7,15,30,10,3,9,25,13,,,12,5,6,2,,10,11,14,3,8,8,8,7,12,11,,8,8,17,19,7,10,12,4,9,8,10,8,7,13,4,6,7,7,14,13,7,8,5,7,8,9,14,4,18,8,5,10,7,8,38,5,7,6,7,21,27,12,20,21,19,6,6,8,3,6,15,7,20,7,8,5,15,15,14,4,8,6,7,5,37,40,24,12,23,11,15,,14,7,10,7,,4,4,7,,3,9,6,7,6,9,9,11,4,7,6,5,7,6,10,5,5,,7,29,12,2,11,8,22,9,9,7,6,9,10,12,8,6,16,8,,7,7,,2,6,7,5,6,2,2,5,11,12,6,11,11,8,8,5,15,13,13,10,12,15,19,11,29,20,8,11,6,14,8,3,7,4,7,8,3,5,5,5,1,2,4,10,36,29,2,1,4,8,11,13,10,14,15,10,12,10,30,9,2,8,4,7,7,12,8,16,5,3,,8,4,5,7,10,7,5,20,43,23,15,13,15,15,7,7,4,11,6,3,3,5,4,9,9,11,8,9,7,,9,10,18,6,17,3,15,13,28,7,,4,3,,6,15,8,8,12,12,9,10,,20,10,15,21,20,11,15,6,14,23,10,5,5,4,2,8,7,9,10,4,11,3,,2,6,3,16,12,8,22,8,4,4,7,8,11,14,,8,9,6,8,12,4,7,6,9,11,19,11,2,2,4,8,5,4,7,5,4,,4,,6,1,3,6,4,5,4,5,4,3,,6,7,5,6,7,4,6,5,8,4,6,6,3,2,1,14,15,5,8,8,3,11,4,,7,12,4,4,6,7,12,11,3,17,6,11,7,6,7,5,6,5,5,4,4,2,12,10,6,1,2,12,5,2,3,2,,14,21,27,9,16,7,3,3,4,8,7,10,,15,8,12,5,6,9,31,26,7,27,9,7,13,6,4,6,6,8,11,10,3,8,6,7,8,24,17,11,6,7,9,4,4,1,3,6,11,9,86,6,8,40,2,8,6,12,5,14,10,14,26,23,6,8,9,10,14,12,14,19,,10,10,15,12,14,6,5,6,28,1,4,5,4,18,5,8,19,6,11,7,2,13,2,9
20170820,14,SO2_24h,3,2,3,3,3,3,2,3,2,3,3,2,,,8,,10,3,5,,7,4,12,,15,,,8,28,7,2,10,8,4,30,25,50,47,52,46,7,4,15,11,12,6,11,13,10,10,15,7,5,4,7,7,22,20,12,8,7,7,13,7,7,9,14,,7,12,16,18,4,6,6,7,9,9,11,13,,,14,28,13,11,14,17,15,18,19,14,17,15,15,12,8,15,11,,,9,20,10,14,,14,8,8,9,10,6,5,5,5,5,6,7,8,8,,8,5,8,9,3,11,9,6,4,,4,9,12,14,9,6,11,9,6,7,8,7,6,8,8,6,9,8,11,13,9,24,9,10,9,10,7,8,7,13,6,5,9,,9,19,17,18,14,17,7,,,,17,7,,11,22,21,,24,8,10,,2,,4,4,3,8,5,9,20,,,,10,10,,8,7,5,8,11,,6,9,7,15,2,2,10,9,,9,,14,,9,10,6,7,9,8,9,14,6,11,10,,6,6,7,3,,7,6,7,13,11,12,13,5,9,,,6,,8,5,,6,6,8,6,7,9,,9,6,17,13,11,6,6,,7,4,2,17,4,19,16,17,24,5,6,,9,7,5,12,4,10,11,39,37,40,31,32,14,5,,33,7,16,21,6,13,16,16,,5,3,4,3,10,5,5,10,7,5,9,8,7,5,4,9,6,9,11,8,8,13,9,5,4,6,6,8,20,11,19,14,19,11,15,4,12,12,14,14,,14,17,17,19,13,5,9,12,12,12,13,13,6,13,18,7,12,12,9,4,4,5,6,12,7,10,11,10,10,24,25,9,7,7,7,9,12,8,7,17,21,19,13,13,10,14,10,11,8,16,26,14,20,7,13,9,7,7,11,7,9,3,6,5,3,5,16,,15,12,11,20,10,12,15,16,,16,12,13,10,16,,8,7,16,10,7,,6,11,9,4,6,6,5,4,6,6,11,13,12,11,13,14,19,26,7,14,10,9,9,7,7,2,7,6,9,5,6,8,9,6,5,8,9,7,4,2,7,5,6,,8,7,3,,,,17,9,8,10,9,6,9,,14,23,116,32,20,19,10,67,14,11,11,4,9,13,12,9,20,21,11,19,12,11,6,8,9,5,9,11,6,5,10,6,3,5,14,13,8,33,12,40,23,4,22,13,15,,8,,9,9,11,8,17,,,9,,5,9,6,,16,18,11,10,27,16,12,16,8,19,22,8,7,6,7,4,,12,,14,,5,14,19,19,4,8,8,11,10,3,2,2,6,15,,12,,37,16,29,15,18,14,12,12,10,16,40,9,8,11,9,11,8,5,10,18,8,8,7,10,9,9,9,8,8,8,4,5,6,17,18,,19,18,,14,14,13,13,7,9,18,7,,,9,9,9,14,,19,15,24,20,10,4,,2,8,,29,43,33,20,35,13,6,18,30,18,5,13,14,11,,6,5,6,6,6,6,,17,12,11,9,9,25,5,6,13,7,8,3,16,19,25,24,23,9,6,5,9,5,,2,7,5,5,16,11,3,3,9,8,7,4,5,2,16,6,9,10,7,2,,14,14,14,14,24,18,20,8,22,47,26,6,10,12,,12,19,17,13,8,16,9,11,18,3,5,4,6,16,12,9,3,12,11,8,12,7,12,,10,12,10,8,7,8,8,10,10,29,28,37,12,9,24,9,14,12,12,19,9,6,9,7,7,10,10,6,5,6,7,9,8,7,9,8,17,4,2,2,6,5,8,7,6,6,9,5,9,5,24,19,11,11,4,5,11,6,14,,,10,4,3,11,7,8,5,8,13,11,8,10,8,12,,10,19,12,12,12,15,6,11,9,6,8,12,10,10,14,4,5,3,2,4,4,4,2,9,8,5,8,10,6,17,15,,9,24,38,12,3,6,3,14,6,4,5,4,8,13,11,13,4,1,4,2,7,4,5,6,5,4,4,4,9,7,6,3,5,3,2,4,9,5,6,8,11,10,10,14,12,22,,11,14,,7,7,12,13,10,11,8,17,11,9,,17,14,13,10,,9,,10,,,2,2,14,8,8,8,8,6,,8,10,,15,24,19,11,17,8,13,22,10,11,17,15,16,21,,12,13,7,5,,9,15,19,23,18,50,,35,8,10,8,7,8,6,4,,6,8,7,27,,,7,4,13,9,8,6,9,12,11,17,22,11,7,8,11,8,13,7,6,5,12,9,8,14,8,11,15,14,7,8,6,4,7,9,,,7,7,7,8,2,2,3,4,11,6,8,4,17,3,8,4,5,11,6,7,2,4,14,2,17,13,3,16,11,14,4,9,30,,16,14,11,14,12,13,,11,1,9,,24,14,31,23,27,25,27,18,19,24,10,8,9,23,11,9,,11,4,6,3,,10,18,19,16,10,7,7,9,13,13,,23,33,17,14,10,13,11,8,14,6,15,10,9,13,5,7,15,6,9,16,9,11,5,6,6,25,11,4,23,8,5,19,10,17,59,4,9,20,24,20,28,26,32,32,25,16,24,14,17,30,36,23,42,31,11,4,15,18,17,4,11,7,7,8,34,29,32,72,23,19,25,,14,6,10,8,,5,5,8,,5,9,7,7,6,9,7,10,3,6,7,4,6,6,8,7,5,,6,21,26,6,11,8,12,8,10,9,6,9,10,7,9,7,10,10,,9,9,,3,5,4,5,8,6,2,4,12,11,9,18,17,14,16,10,17,22,17,66,38,25,17,10,22,18,8,21,14,21,14,7,8,10,8,12,4,5,6,6,1,6,4,17,47,20,3,1,5,19,12,10,14,17,12,15,15,12,16,9,3,8,4,12,37,56,12,21,13,12,7,7,5,15,18,10,16,7,37,32,24,10,9,13,11,16,11,11,7,6,3,3,5,4,8,4,8,8,9,7,,8,11,18,6,12,6,15,4,28,6,,4,3,,6,22,6,7,8,9,8,7,,20,9,13,15,14,13,14,7,13,23,9,4,4,3,2,6,7,10,17,4,10,3,,3,6,3,23,37,7,19,8,5,4,12,7,12,15,,23,9,8,9,7,10,4,6,11,12,16,9,2,7,5,9,4,4,5,5,3,,4,,6,1,4,8,6,7,8,8,8,5,,10,11,7,7,11,5,6,7,10,4,6,6,9,4,2,22,15,4,7,8,3,13,4,,9,14,4,6,5,7,12,13,3,10,9,11,8,8,10,8,5,5,5,5,5,1,12,7,6,2,3,12,4,2,4,5,,13,41,36,13,15,9,3,3,4,10,10,10,10,14,6,15,13,8,10,32,12,7,30,12,7,7,6,6,6,9,9,11,10,4,8,6,21,17,45,21,25,13,8,10,4,4,19,13,8,13,11,23,8,9,15,3,6,11,8,6,14,20,12,22,21,12,9,10,6,14,14,14,33,,11,10,16,25,23,12,8,5,24,2,3,6,7,35,5,10,18,7,10,6,2,12,12,13
20170820,14,NO2,23,10,28,20,32,22,21,14,9,13,30,8,,,10,,20,18,45,,7,13,7,,4,,,23,12,7,22,4,16,10,25,30,28,23,36,17,7,7,6,8,6,20,8,6,4,12,6,4,19,16,7,17,10,15,14,18,11,9,11,24,9,22,17,,11,18,11,14,5,12,13,7,10,13,11,17,,,9,10,12,12,37,10,17,21,17,21,15,21,17,13,6,7,12,,,14,10,13,17,,13,7,14,14,10,6,8,13,13,9,1,19,11,10,,10,2,2,6,3,5,7,24,3,,14,21,20,17,26,2,13,9,30,33,32,24,27,21,24,23,25,31,17,12,16,14,18,17,5,18,26,18,36,24,18,13,34,,22,18,31,25,23,40,8,,,,21,18,,20,14,18,,18,4,12,,6,,10,5,14,20,10,23,5,,,,10,17,,22,38,32,17,20,,24,4,6,7,12,,1,4,,17,,6,,16,45,26,6,31,22,30,38,23,25,39,,10,11,13,10,,6,8,13,20,15,13,10,53,46,,,27,,16,20,,14,6,7,5,6,11,,15,24,14,15,40,9,8,,2,16,8,4,5,18,11,12,23,3,17,,14,27,13,19,13,13,10,11,3,6,14,13,10,4,,6,26,11,11,21,15,18,21,,12,16,21,17,16,15,7,16,6,12,7,17,10,16,6,15,21,5,14,26,15,15,16,23,23,16,15,3,3,2,4,5,7,11,19,11,5,5,,,,23,31,16,15,32,21,25,13,25,22,37,23,18,15,20,23,33,25,,13,19,12,2,12,24,12,9,8,10,10,11,11,9,8,8,9,14,5,7,20,20,24,21,14,32,30,18,19,23,10,12,11,14,22,18,30,12,12,10,16,23,7,5,8,7,2,11,,10,23,12,10,6,8,6,24,,13,12,17,7,7,,12,16,41,20,27,,25,6,8,19,1,8,6,11,18,7,5,12,10,7,13,13,14,17,9,21,16,2,25,6,18,15,40,26,25,22,12,31,16,27,12,22,12,18,12,5,61,33,2,,7,18,14,,,,23,19,28,18,5,20,20,,14,6,18,4,12,2,7,6,6,13,4,3,4,10,5,27,64,35,12,64,25,22,10,7,11,9,16,6,10,12,3,4,4,5,7,11,4,2,3,2,6,30,20,11,11,,8,,13,8,15,5,8,,,7,,9,9,7,,10,9,14,12,5,11,6,11,7,2,4,2,22,24,6,8,,5,,5,,7,8,11,16,13,16,13,14,2,6,9,2,7,6,,2,,15,11,16,9,23,8,14,7,11,6,9,11,7,8,8,13,5,7,13,13,6,7,8,8,2,7,7,19,15,18,5,5,3,18,14,,16,12,,4,5,3,5,9,13,11,10,,,12,11,16,8,,20,16,18,15,3,2,,7,2,,4,14,1,4,4,15,21,17,23,7,13,6,4,6,,8,10,20,18,5,2,,8,6,8,7,5,5,3,7,32,9,4,2,5,5,5,9,11,9,10,7,5,10,,5,13,7,6,5,3,9,17,1,15,6,8,5,6,17,5,27,14,36,12,,9,30,6,,3,20,26,5,8,22,9,7,11,1,,11,12,5,1,9,4,12,9,13,9,3,7,8,10,10,11,13,6,3,13,8,11,18,,9,13,18,9,18,16,21,17,7,8,1,2,5,2,1,2,2,1,4,2,5,12,6,3,2,13,6,6,2,7,7,3,7,7,8,10,10,7,3,6,10,29,17,19,9,10,14,13,9,9,14,18,8,9,12,10,9,15,20,,,14,7,8,7,8,13,12,15,15,17,17,18,7,14,,7,21,11,12,14,2,11,5,10,22,21,9,12,27,19,4,11,31,28,18,18,40,41,9,9,8,2,5,7,6,11,,10,24,24,22,13,20,3,18,6,8,7,10,1,,10,13,6,2,11,10,8,14,10,5,,7,3,4,8,5,2,7,4,1,5,2,7,9,13,13,16,41,14,31,16,22,25,26,22,,11,30,17,12,27,4,13,6,10,1,,14,15,15,11,,23,,20,,,10,3,5,6,7,14,8,16,,16,11,,8,8,23,8,17,13,11,15,12,10,11,14,19,10,,18,10,1,6,,9,3,15,12,2,14,,4,6,2,4,9,9,10,8,,8,6,5,27,,,5,2,14,11,9,8,4,2,18,8,13,9,2,10,9,6,10,13,3,11,4,1,6,7,2,6,7,,9,14,3,3,5,7,,,3,8,12,4,10,24,4,,6,10,9,2,19,5,1,2,7,5,1,5,6,3,17,3,21,5,9,14,5,11,3,5,20,,10,9,19,15,5,8,,19,10,1,,8,18,11,18,52,55,34,52,24,20,19,13,12,12,34,,,6,7,9,18,,16,21,30,17,14,10,10,15,10,2,,22,14,18,19,18,18,17,11,10,11,11,9,2,8,4,6,6,4,9,12,6,6,13,8,15,3,2,2,7,6,2,2,5,8,3,2,9,3,2,9,5,6,10,6,7,11,13,7,11,13,5,3,3,4,2,2,5,6,15,3,2,3,5,2,4,27,6,13,18,5,9,,18,23,9,7,,5,2,10,,6,6,6,3,3,13,14,9,9,9,2,7,5,5,5,6,3,,26,5,8,4,6,18,19,17,12,12,8,26,17,8,16,12,14,8,,3,6,,7,3,6,13,3,2,7,8,8,4,8,7,4,4,4,5,1,5,7,4,3,2,12,10,15,13,8,4,4,4,7,2,1,4,6,7,2,1,1,3,1,5,3,7,23,5,3,4,4,11,5,9,7,12,5,5,6,6,16,17,17,12,9,4,5,3,11,2,5,5,4,11,7,6,5,7,4,32,46,41,26,6,15,10,6,13,17,12,11,4,11,10,2,20,27,35,29,4,7,6,,18,20,7,9,24,13,11,7,18,16,,12,12,,5,27,19,10,12,5,7,8,,13,2,6,,6,10,9,16,12,21,11,3,6,4,3,2,7,6,4,5,6,5,,2,6,3,8,6,14,4,11,6,2,5,6,4,6,,3,2,3,9,4,2,11,10,6,4,4,7,14,5,,15,2,2,2,2,10,,7,,4,9,5,6,6,7,13,18,17,14,,7,6,17,12,13,4,3,12,19,3,5,4,5,6,14,8,13,5,14,9,9,14,12,,5,6,3,13,9,30,5,9,4,10,3,14,16,8,11,9,14,11,9,17,11,2,6,15,6,17,2,6,19,14,1,4,,10,9,11,18,13,9,13,2,5,14,7,8,9,17,8,27,6,8,19,6,16,2,17,9,13,46,7,21,15,19,11,4,5,7,17,1,7,8,17,8,6,4,6,14,3,8,15,15,11,40,13,27,13,23,14,9,15,13,16,9,13,8,7,17,,8,8,10,19,12,15,4,10,,20,8,8,8,10,18,8,6,16,5,2,3,20,13,8,1,18,4,4,10,8,6,1,8
20170820,14,NO2_24h,33,14,41,28,45,34,45,33,12,34,51,50,,,36,,37,31,41,,36,27,25,,19,,,58,41,34,44,21,44,8,53,57,45,43,59,57,17,32,23,23,31,44,34,28,26,22,17,24,26,27,17,16,15,19,19,21,28,19,28,25,13,46,45,,38,31,24,29,21,30,25,17,27,24,22,43,,,30,26,37,42,31,32,32,52,50,62,44,50,56,34,15,28,38,,,35,35,35,40,,38,8,17,12,11,6,7,9,14,13,2,36,35,24,,33,5,7,27,15,29,35,44,22,,51,58,52,54,58,27,32,42,28,32,35,28,33,21,26,32,24,33,30,17,28,26,26,29,14,32,35,21,39,31,30,20,26,,35,22,30,26,18,27,22,,,,33,21,,23,26,27,,30,18,23,,14,,21,11,28,31,18,33,15,,,,16,26,,13,16,15,16,19,,23,16,21,20,18,22,10,9,,20,,15,,17,42,39,6,35,32,35,46,33,23,34,,13,22,19,24,,8,24,25,34,24,33,24,25,16,,,21,,21,22,,18,10,13,8,8,9,,16,18,25,20,31,17,15,,27,41,35,23,40,67,32,37,38,29,26,,31,35,25,35,12,28,24,35,22,30,41,35,36,7,,27,43,31,31,35,34,36,38,,12,24,20,23,24,29,11,26,11,22,19,31,27,22,15,25,33,18,40,37,30,41,28,41,34,28,29,17,25,11,29,28,26,32,34,39,22,21,50,41,,51,57,31,67,65,38,60,30,41,49,40,38,28,45,43,19,36,35,37,19,16,20,13,31,43,32,24,20,13,44,42,24,14,11,11,17,20,14,15,40,44,47,11,30,32,42,37,35,39,40,31,23,24,42,34,41,27,33,32,36,34,9,8,15,12,8,15,,33,36,41,25,24,48,26,58,,34,43,35,35,41,,23,27,48,34,39,,34,9,16,22,5,15,11,18,22,17,15,18,21,11,22,23,23,29,14,18,21,10,24,13,27,23,47,34,34,37,22,42,17,28,17,35,21,20,16,4,27,28,4,,8,13,14,,,,23,21,57,36,28,50,44,,27,19,33,18,22,13,18,26,19,23,17,3,7,29,8,31,29,33,25,41,27,30,18,15,18,17,30,32,22,23,11,14,14,21,26,31,18,15,22,27,27,38,31,26,22,,17,,20,19,29,16,27,,,16,,16,22,19,,32,11,24,26,27,22,15,27,14,3,9,16,26,22,10,14,,17,,18,,22,20,22,26,22,17,23,24,7,9,7,7,9,20,,20,,26,20,31,21,46,21,23,19,23,14,20,15,10,14,10,15,7,12,16,11,13,18,21,20,9,11,11,35,24,33,9,11,12,46,34,,24,23,,15,16,18,18,10,28,28,16,,,16,13,22,30,,22,9,16,20,14,6,,19,11,,9,29,11,5,6,56,33,30,42,38,15,22,15,17,,12,15,26,35,23,6,,27,19,10,18,9,23,9,22,25,22,17,10,29,28,32,36,33,21,18,17,14,17,,6,21,16,20,7,11,21,26,12,22,11,13,13,10,28,13,34,30,32,28,,22,16,18,16,9,29,20,6,14,24,26,4,27,18,,26,26,19,20,21,22,30,26,38,17,8,15,11,25,30,36,16,11,7,16,15,13,25,,13,21,25,24,24,19,21,20,14,13,17,13,23,7,17,9,6,11,16,5,16,27,14,4,5,23,17,19,9,11,12,14,21,19,18,26,26,27,8,11,12,25,15,17,12,25,22,20,17,17,39,20,27,19,13,19,19,20,20,,,28,17,16,13,13,14,19,25,21,32,14,30,17,23,,17,24,21,22,21,9,22,4,9,24,21,27,34,39,37,14,17,22,26,23,28,25,28,17,10,11,5,12,12,12,27,,9,23,24,21,10,18,3,16,12,27,24,21,13,,17,21,14,5,16,17,16,24,16,9,3,9,12,13,21,13,12,17,8,5,6,3,14,12,20,24,28,33,19,30,18,26,32,28,26,,12,26,30,21,35,17,22,9,16,3,,12,12,21,16,,22,,21,,,13,6,20,12,9,16,11,15,,17,12,,24,28,34,21,31,22,24,18,21,22,18,23,30,13,,21,14,2,13,,13,4,30,26,15,42,,33,11,6,8,16,17,12,18,,12,9,10,25,,,18,12,15,8,11,9,4,17,27,16,29,27,8,17,21,14,14,12,15,23,14,7,21,20,25,20,23,26,23,18,10,10,15,12,,,26,12,14,8,12,32,8,9,17,26,22,7,26,11,15,2,10,5,2,18,24,22,38,6,21,19,12,13,9,15,11,20,19,,29,23,18,30,23,25,,16,8,8,,12,23,20,21,51,55,32,42,28,27,26,20,21,22,31,23,,17,17,17,13,,20,34,40,23,18,24,18,15,13,6,,34,26,18,25,16,29,21,23,18,16,25,27,17,12,4,18,17,12,24,30,28,27,16,15,18,3,15,8,19,9,3,24,18,23,16,9,31,12,18,31,6,18,18,21,19,22,24,12,20,28,18,16,16,19,13,12,14,16,23,10,10,3,13,14,13,33,19,20,28,21,27,,31,35,25,12,,12,10,14,,11,9,9,6,4,15,16,13,13,13,23,12,15,16,9,9,8,,27,30,30,28,6,22,15,18,16,10,12,20,23,17,27,16,17,13,,9,13,,16,3,10,16,8,4,8,12,19,6,14,22,17,16,20,13,7,21,20,18,13,15,22,15,19,21,21,25,24,22,28,6,5,8,13,9,5,8,6,10,3,6,12,18,28,10,6,21,20,30,23,24,29,22,12,15,18,16,23,23,24,28,24,12,14,16,18,13,14,18,13,25,25,14,13,11,12,23,42,32,33,15,22,17,22,16,16,19,20,18,22,17,10,21,30,34,35,12,17,20,,18,32,25,29,19,32,15,26,37,15,,12,18,,10,41,21,18,18,5,8,8,,18,6,12,15,11,17,14,15,13,28,12,4,7,6,4,13,16,16,13,13,16,7,,6,10,6,10,20,19,13,14,10,7,10,13,8,10,,10,9,7,12,13,11,11,17,10,6,9,15,16,7,11,32,4,5,5,4,14,,9,,4,10,14,17,19,17,23,20,24,18,,15,12,18,18,9,5,3,17,12,14,12,10,11,13,15,28,27,7,16,8,9,14,18,,8,8,6,25,12,31,12,11,5,11,3,5,10,9,10,10,13,11,12,45,41,13,25,6,35,38,6,17,17,18,1,22,,29,15,21,42,28,32,13,4,6,30,30,30,21,37,11,48,45,24,27,25,16,4,53,21,24,18,20,19,18,20,11,24,15,14,27,3,19,17,29,11,18,15,15,19,3,20,29,38,32,24,20,30,20,19,20,17,9,21,15,26,21,23,12,30,10,23,24,18,21,30,28,21,26,,46,14,30,27,26,30,18,11,20,20,7,9,22,44,16,23,33,8,9,18,14,12,10,23
20170820,14,O3,137,168,135,144,115,152,160,152,153,170,131,139,,,186,,160,145,201,,145,132,135,,150,,,199,171,164,169,143,117,154,129,122,132,116,110,126,99,105,116,108,96,154,140,140,155,182,178,175,191,187,175,171,188,185,166,200,132,144,147,130,124,157,160,,168,141,144,147,134,154,158,154,169,169,153,208,,,152,174,211,184,181,179,136,124,137,122,142,138,132,123,127,162,162,,,151,159,149,160,,160,86,107,85,89,86,119,94,108,93,99,94,95,87,,96,90,88,104,65,56,129,117,102,,101,122,98,121,98,107,163,108,97,82,112,91,103,95,85,99,99,94,79,111,122,108,86,77,110,100,111,106,77,79,95,88,99,,108,90,95,90,73,90,111,,,,174,167,,170,,145,,77,91,88,,100,,117,111,118,119,115,95,122,,,,103,107,,73,82,66,65,57,,68,84,96,86,86,87,70,87,,59,,150,,142,40,49,72,62,39,43,44,59,61,42,,118,132,134,156,,129,135,113,172,145,101,138,55,60,,,67,,108,80,,153,138,131,105,103,94,,87,79,114,77,67,153,138,,100,106,105,126,100,132,124,113,137,101,212,,191,232,229,202,217,123,106,109,112,92,125,105,137,114,,132,124,148,169,114,136,164,175,,101,120,109,128,127,130,113,107,104,164,174,149,167,156,163,160,152,173,136,160,127,180,112,180,122,187,132,130,109,115,106,104,101,100,95,110,94,107,205,202,,,251,216,191,210,246,218,238,122,142,105,138,96,198,161,120,124,64,,74,87,135,93,174,180,175,148,102,110,170,155,113,107,140,130,102,94,80,96,223,230,213,216,196,310,275,275,225,211,168,144,147,168,66,141,106,102,91,112,65,95,27,40,69,55,56,172,,176,132,190,121,152,102,152,124,,152,158,151,163,148,,86,93,99,90,94,,78,108,75,63,62,75,60,64,64,66,65,59,52,38,57,50,49,48,64,39,70,66,58,77,131,120,131,115,119,102,113,92,110,105,94,117,125,90,70,114,47,80,58,,55,68,82,,,,86,108,82,84,91,82,116,,100,99,84,92,101,96,80,95,84,92,100,47,113,115,119,95,60,81,111,82,79,115,109,103,111,104,154,168,151,124,60,60,52,60,148,158,126,98,113,106,114,215,208,151,226,,174,,127,141,141,126,157,,,135,,125,105,102,,112,115,185,181,113,161,90,134,94,80,107,116,95,93,115,104,,130,,127,,112,168,167,154,139,158,140,105,112,101,99,93,88,91,,84,,221,188,216,189,222,139,123,80,124,119,114,99,94,86,88,153,67,94,157,179,113,138,134,121,86,109,92,209,244,218,79,68,66,156,160,,202,193,,129,124,143,128,131,142,126,36,,,129,133,123,150,,132,146,152,140,164,167,,178,176,,194,175,211,213,176,164,191,180,169,194,161,92,103,95,,108,86,144,112,120,102,,113,,103,97,84,117,69,91,56,75,80,69,117,121,127,120,,81,73,84,80,72,,82,91,102,101,89,102,93,87,95,91,91,111,115,119,79,95,98,135,102,154,,112,81,114,,218,156,152,138,130,150,150,109,156,175,,182,188,178,173,140,164,157,153,163,137,139,127,123,174,151,178,166,171,159,166,180,145,123,,,102,112,107,117,123,44,57,58,102,90,114,111,120,92,69,117,89,78,91,64,84,99,66,68,68,67,64,44,61,43,45,96,92,85,82,85,81,31,35,68,47,62,57,122,164,168,176,160,148,99,101,82,61,196,152,159,171,125,,,156,64,68,70,74,159,156,177,158,197,134,96,91,84,,86,56,63,116,134,114,115,85,82,117,71,133,129,111,125,85,61,35,38,53,47,37,36,123,131,137,133,113,92,133,134,,101,99,102,97,118,99,51,112,94,96,106,124,114,108,180,171,114,105,118,131,117,106,45,96,126,99,136,40,91,102,101,89,95,82,95,103,91,96,77,96,95,123,103,,119,117,112,102,114,,109,118,120,81,97,114,98,67,71,102,,86,92,44,78,,32,,91,,,85,73,91,98,97,110,102,80,,99,93,,144,115,,185,171,171,186,186,173,156,148,157,136,209,,203,196,154,154,,157,148,159,149,163,179,,136,108,108,112,132,149,160,94,,114,110,123,150,,,92,90,110,99,124,118,106,121,101,107,114,125,95,105,91,110,149,119,120,186,112,114,109,108,128,116,106,102,117,57,62,57,62,93,,,114,47,45,54,50,57,55,89,69,95,89,86,71,60,66,3,85,94,75,94,91,90,73,89,85,108,110,84,93,91,97,73,86,,122,115,130,132,142,148,,128,123,130,,122,144,178,155,73,55,65,28,80,82,82,80,83,87,103,,,116,110,111,138,,129,142,124,150,95,93,91,101,136,130,,81,77,82,67,75,152,167,141,155,181,128,145,153,134,116,138,123,130,131,139,126,117,114,137,140,136,144,148,153,146,60,100,94,100,96,82,111,126,119,104,110,116,103,118,113,142,129,150,136,126,90,105,113,119,89,72,93,70,60,97,90,115,90,94,69,61,83,87,169,177,174,,179,170,197,122,,120,122,146,,142,135,109,116,120,171,176,174,172,179,126,135,135,134,106,109,102,,121,137,156,154,116,110,100,94,108,90,103,93,161,159,133,67,73,61,,84,76,,150,132,134,134,142,83,101,98,126,111,77,72,74,70,71,75,77,75,77,71,75,87,117,117,116,106,112,126,142,142,177,68,72,48,63,73,86,89,80,75,99,59,59,70,60,92,77,60,49,100,107,109,107,56,97,60,97,87,57,112,110,108,113,70,71,66,103,104,98,117,50,74,79,80,80,93,80,16,20,46,56,196,203,228,197,153,167,139,191,132,111,114,103,132,120,124,121,134,121,136,,120,123,102,101,103,115,102,130,94,116,,115,104,,143,139,128,146,94,50,58,49,,109,87,91,75,84,74,75,65,95,78,60,67,67,65,71,69,79,109,110,38,48,57,,58,65,64,98,82,51,72,53,32,38,60,77,47,51,,45,46,50,57,37,45,54,81,85,88,72,67,59,41,54,48,66,59,63,64,76,,114,,42,44,113,118,119,122,95,99,100,105,,78,90,66,63,104,95,99,76,81,105,104,108,111,79,73,115,121,76,71,63,105,88,82,,124,81,83,85,88,55,73,97,64,108,87,69,74,100,88,89,83,74,80,136,175,122,128,169,99,94,97,95,105,89,175,95,,138,88,85,116,116,115,76,72,72,95,101,89,105,158,165,219,146,141,182,169,210,161,137,118,87,80,133,89,80,133,126,108,129,138,105,65,37,35,123,73,148,136,141,88,115,111,99,164,170,63,172,147,86,85,97,162,78,154,64,83,96,121,94,147,173,125,103,110,84,189,188,140,199,,193,124,173,145,154,169,167,95,156,88,92,46,135,111,156,164,195,112,130,180,100,191,66,159
20170820,14,O3_24h,138,168,135,144,140,152,160,152,153,170,131,148,,,186,,160,145,201,,145,136,136,,162,,,199,171,164,172,143,117,154,154,136,159,149,128,145,142,136,144,136,134,154,141,143,155,184,178,175,191,187,175,171,188,186,166,200,135,144,147,130,124,157,170,,168,144,144,155,134,154,158,154,170,169,153,208,,,152,174,211,184,189,179,209,183,195,184,207,204,187,167,141,162,162,,,162,159,149,160,,186,96,118,108,130,135,158,121,117,117,122,103,100,87,,98,103,88,107,79,60,129,118,102,,110,128,107,130,103,114,163,110,252,216,267,254,235,229,224,234,234,229,116,145,155,147,119,108,137,130,172,161,144,123,145,166,160,,149,164,169,153,160,167,111,,,,174,167,,170,132,145,,144,182,166,,154,,203,199,190,201,225,95,150,,,,129,131,,129,179,154,159,115,,155,88,96,87,87,89,152,164,,99,,150,,142,166,130,87,205,147,183,149,172,184,155,,121,158,172,180,,147,147,123,231,205,157,197,205,185,,,199,,191,187,,168,148,131,112,106,106,,169,173,143,112,125,156,138,,100,106,105,126,100,132,124,118,137,101,212,,194,232,229,202,272,123,106,116,129,107,128,117,137,143,,136,124,148,169,130,136,164,175,,133,120,109,131,127,131,118,110,106,164,174,149,167,156,163,160,152,173,164,160,150,180,141,180,154,187,148,130,131,115,127,106,104,103,112,110,94,112,222,206,,187,251,216,277,210,249,218,238,122,142,105,138,96,198,161,120,124,64,196,78,99,135,93,270,282,262,212,226,180,208,196,151,173,144,130,142,136,148,122,269,288,244,250,196,310,275,275,228,211,168,154,147,168,66,141,106,102,91,126,65,101,27,58,69,55,56,280,,270,182,190,205,199,158,186,199,,206,167,229,245,186,,126,199,230,180,171,,156,137,75,63,64,75,60,64,64,66,65,87,69,54,82,74,66,69,92,62,91,93,73,86,131,120,131,115,119,107,113,135,120,105,94,117,125,134,99,227,85,119,85,,80,129,146,,,,162,156,120,127,122,113,163,,126,101,84,96,101,103,124,130,126,142,146,55,130,118,119,186,194,199,190,193,195,186,182,183,184,164,154,168,155,138,89,93,84,95,166,181,142,143,154,145,157,215,208,163,232,,174,,127,141,141,126,159,,,174,,169,114,114,,150,136,186,189,124,161,90,134,94,121,114,116,106,128,121,113,,130,,127,,112,168,167,154,139,158,140,106,112,101,119,107,103,113,,99,,254,216,243,260,250,139,131,93,124,129,115,110,94,86,88,153,73,94,157,179,113,144,134,121,86,109,92,209,244,218,79,68,74,215,212,,211,203,,131,125,153,139,150,142,126,58,,,172,172,154,163,,146,170,182,150,164,167,,178,176,,202,175,216,213,176,164,191,180,169,194,161,102,103,97,,108,103,144,112,120,102,,138,122,107,106,84,135,77,95,84,89,95,83,156,173,147,137,145,93,81,90,83,83,,82,95,111,104,98,103,98,91,98,91,91,111,115,119,92,95,135,160,114,185,,136,128,133,119,218,156,152,138,130,150,150,124,156,175,,182,188,178,173,141,164,157,154,163,137,139,127,123,174,151,178,166,171,159,166,180,145,123,,131,129,112,123,124,142,78,86,98,102,100,114,119,123,102,88,117,92,78,91,94,110,99,67,82,74,73,69,65,76,47,50,106,93,87,89,88,83,35,43,108,94,117,115,122,164,168,176,160,148,99,101,82,74,196,176,178,171,127,,,156,134,124,131,121,174,167,187,185,197,167,96,95,84,,90,83,89,116,134,114,115,102,91,117,95,142,129,119,134,85,92,91,102,90,62,99,90,129,131,140,139,122,92,133,134,,119,154,151,151,141,113,77,124,120,96,106,124,114,108,180,174,114,114,118,133,117,106,148,96,126,99,143,46,103,105,101,94,113,103,106,116,95,98,114,155,147,244,228,,188,155,196,283,230,,145,133,202,145,159,224,204,103,104,102,,134,153,71,91,,95,,142,,,85,73,96,111,134,126,112,103,,117,109,,190,186,130,185,171,171,186,186,195,183,165,176,161,209,,203,196,157,161,,157,152,169,162,185,179,,136,156,162,160,140,163,163,105,,142,137,163,199,,,101,97,141,150,158,153,140,129,108,116,118,127,111,105,108,112,165,119,121,186,112,114,110,110,128,116,106,102,117,82,81,73,78,93,,,122,58,61,69,70,76,65,106,72,95,89,87,106,72,80,87,85,103,75,100,103,98,87,99,92,140,136,90,96,94,97,74,90,,122,115,130,132,142,148,,128,123,130,,122,144,178,155,88,86,101,75,102,99,86,80,84,100,103,56,,116,110,111,138,,129,142,124,150,99,100,94,101,143,134,,82,77,82,77,119,267,270,211,206,245,135,156,158,155,133,149,136,143,150,163,137,131,176,170,156,167,144,148,153,146,78,100,94,100,173,90,111,126,119,104,111,122,120,143,135,171,180,205,185,211,158,173,192,202,117,101,119,93,83,104,106,139,104,107,98,75,100,110,169,177,174,,179,170,197,144,,144,164,146,,142,135,109,116,120,171,176,174,172,179,126,135,135,134,106,109,102,,123,137,156,154,116,110,106,94,144,132,119,122,161,159,133,105,107,99,,97,89,,150,132,137,134,142,87,101,98,126,125,77,78,82,84,76,79,101,87,91,84,87,123,117,123,116,111,144,144,161,170,194,73,81,53,72,77,86,89,80,75,99,62,68,83,71,102,79,64,59,111,118,109,107,76,105,84,118,116,76,112,121,112,114,112,141,106,110,104,125,129,64,79,79,86,88,99,86,110,127,126,135,196,205,231,201,179,183,152,195,157,134,137,121,168,178,186,172,156,144,157,,139,125,102,101,103,115,103,140,110,122,,115,104,,150,149,132,149,95,60,76,56,,112,90,93,75,84,74,85,70,95,80,67,67,67,65,71,71,79,115,123,38,48,57,,59,65,71,104,90,60,72,62,32,38,65,78,57,61,,46,46,56,64,157,50,57,81,102,89,72,67,73,63,73,67,76,68,82,81,76,,131,,76,75,133,159,135,157,169,175,165,174,,113,121,97,109,116,111,121,89,112,105,104,110,111,87,98,115,121,92,104,90,135,123,105,,131,89,83,128,127,77,73,97,64,108,155,163,170,158,153,158,115,114,107,136,175,122,128,169,128,123,121,115,139,134,180,162,,229,98,92,124,136,123,90,89,90,138,139,112,105,170,165,219,168,141,182,169,210,170,137,124,170,179,176,190,188,133,126,108,129,177,204,65,67,56,123,130,156,136,172,212,115,111,99,271,204,189,172,166,155,174,142,162,174,154,123,83,128,140,158,147,173,125,103,130,119,196,190,191,205,,193,140,173,217,217,169,167,105,192,95,123,47,135,114,165,164,195,118,130,180,117,191,105,159
20170820,14,O3_8h,60,68,57,59,51,68,58,69,80,59,49,63,,,91,,89,88,92,,80,84,96,,89,,,112,105,104,98,87,73,119,81,76,90,78,72,79,93,92,92,86,71,98,88,96,100,120,114,111,130,124,116,116,138,136,122,134,68,67,70,64,63,87,88,,91,89,87,93,73,92,91,106,120,106,105,86,,,86,121,95,86,77,93,97,76,79,77,88,84,84,78,94,92,83,,,89,89,85,91,,93,85,106,88,91,103,126,89,91,90,87,71,66,64,,70,71,66,79,59,47,87,81,81,,68,77,68,83,63,82,87,74,74,65,64,78,68,62,67,69,73,71,53,72,76,65,49,48,80,59,72,71,40,43,52,47,62,,57,54,70,64,53,62,62,,,,84,79,,98,71,82,,40,53,55,,56,,66,68,62,65,66,46,70,,,,64,60,,61,78,64,48,44,,49,58,63,56,57,57,46,55,,38,,79,,76,40,35,57,52,29,35,35,43,49,45,,90,93,98,105,,96,97,78,108,104,76,101,86,83,,,37,,72,64,,99,110,95,72,70,68,,64,65,46,55,43,83,73,,56,57,62,75,59,81,80,68,77,60,92,,108,100,130,90,120,74,64,65,76,57,77,66,71,60,,80,75,74,106,63,82,96,107,,96,106,86,102,107,104,101,78,83,123,130,110,114,111,124,118,110,104,84,75,73,87,66,89,82,100,74,76,72,80,68,72,68,65,70,78,64,69,81,90,,54,103,93,94,77,106,86,104,38,56,45,47,44,84,58,44,55,28,10,48,58,64,46,105,72,76,67,57,62,72,71,72,72,73,63,60,54,49,53,101,104,94,96,94,130,119,111,102,98,89,71,79,82,30,51,40,47,42,58,54,47,13,35,44,28,34,91,,98,77,113,81,84,57,99,61,,86,82,87,78,75,,48,44,54,35,44,,42,92,45,40,45,44,38,40,35,37,39,31,28,24,31,22,25,25,51,32,52,58,41,56,92,76,83,71,77,62,84,57,94,70,74,71,83,77,62,118,52,64,44,,42,58,67,,,,78,83,35,38,43,38,55,,44,71,50,70,70,77,67,67,71,77,82,43,78,74,80,89,76,65,100,84,80,102,96,93,99,88,97,105,111,87,45,47,33,40,104,98,91,78,83,82,78,95,96,97,114,,116,,92,99,102,83,97,,,83,,79,88,88,,93,95,117,114,97,119,58,88,78,78,73,99,91,91,113,94,,87,,88,,78,94,94,89,97,98,92,72,81,70,95,96,92,77,,69,,174,131,154,150,153,83,74,57,67,83,76,55,51,47,49,66,43,52,73,78,56,81,80,75,58,60,54,107,124,119,45,40,41,94,109,,116,109,,76,69,87,81,76,69,58,21,,,90,91,84,86,,84,140,108,96,122,137,,144,148,,112,98,123,208,102,87,115,99,92,108,123,52,60,68,,89,78,98,75,85,86,,76,71,65,56,56,80,52,66,38,55,66,46,74,90,80,79,77,66,58,64,60,60,,58,72,86,78,82,79,59,51,59,55,63,84,85,90,68,72,52,65,66,74,,71,64,74,88,70,71,60,59,53,68,62,88,96,103,,101,104,114,101,106,109,112,110,103,110,112,103,99,102,89,97,98,135,124,128,134,116,91,,107,47,40,64,52,66,36,42,47,66,60,70,77,79,60,52,79,64,56,67,48,57,58,44,48,50,48,44,29,43,29,34,67,66,67,57,60,57,24,25,40,34,41,29,70,85,98,104,92,94,50,40,40,39,114,95,101,124,76,,,105,49,43,50,41,118,100,116,115,135,109,49,46,40,,40,28,36,91,102,92,87,94,84,89,60,78,74,61,72,74,74,52,57,59,43,66,55,102,114,104,103,72,63,83,81,,93,94,83,77,102,78,47,91,83,87,80,92,86,81,114,109,90,86,89,107,82,71,84,70,102,79,114,36,71,83,70,62,97,83,82,96,65,81,48,62,52,74,66,,64,60,59,112,68,,77,82,62,39,42,57,57,53,48,70,,68,71,30,63,,36,,73,,,56,49,62,79,77,85,79,78,,91,89,,93,97,70,94,88,101,100,108,118,92,99,115,84,135,,128,132,139,123,,129,105,91,88,100,96,,67,99,89,103,94,103,118,75,,81,77,90,123,,,62,64,109,111,126,119,112,92,80,92,88,93,89,73,71,83,93,74,75,102,71,80,71,68,98,89,79,71,83,39,46,42,43,69,,,88,35,31,35,46,46,46,69,50,63,63,65,66,51,60,47,46,52,41,80,78,77,63,82,52,76,69,71,72,72,79,59,70,,70,76,63,72,86,70,,78,72,84,,80,67,94,79,57,42,65,30,84,65,58,49,57,62,60,29,,90,72,89,87,,80,64,62,72,77,80,68,74,103,93,,55,55,72,55,87,107,114,90,103,113,78,92,85,89,117,97,82,92,79,87,76,78,82,74,74,80,79,76,94,87,49,55,55,56,62,59,61,87,80,73,68,57,50,64,59,122,126,163,145,143,102,113,124,133,67,61,78,55,58,88,75,95,76,74,42,33,41,41,112,127,122,,115,119,129,89,,89,91,113,,112,107,85,90,92,127,136,134,129,135,80,91,87,85,92,95,90,,59,67,71,71,94,85,85,72,78,69,73,70,86,79,66,51,53,45,,62,56,,86,93,96,90,98,66,76,70,67,65,54,53,58,58,57,56,59,55,58,55,66,68,75,78,75,72,98,111,126,128,155,55,64,38,49,58,78,81,70,66,86,44,48,56,48,72,41,34,26,51,58,54,58,36,57,38,52,52,33,69,66,59,68,45,51,53,60,57,68,72,43,44,45,65,65,45,36,11,9,30,26,113,125,141,120,108,112,92,124,64,61,75,60,49,56,60,58,92,82,91,,81,75,75,68,74,82,42,70,51,81,,64,58,,91,90,80,96,68,23,27,23,,85,56,58,36,56,44,56,39,60,58,34,44,43,44,45,34,40,54,55,20,27,41,,47,37,36,76,64,31,44,34,14,17,28,35,33,33,,30,34,38,46,58,28,44,49,50,45,33,29,52,38,42,35,59,52,52,48,43,,95,,33,32,70,68,67,68,84,89,83,87,,53,57,51,51,92,86,68,64,76,82,69,72,66,77,72,68,70,76,73,68,96,77,44,,115,75,77,52,83,54,60,85,51,86,83,70,72,91,83,85,83,76,78,88,92,92,94,100,56,50,82,73,78,63,178,73,,101,81,77,44,45,51,47,62,60,54,60,43,63,90,129,86,81,85,120,104,141,135,70,80,46,74,96,53,40,78,92,74,90,86,59,50,22,24,74,52,91,93,103,51,83,63,78,96,120,85,99,95,69,71,74,92,60,85,49,50,58,71,61,74,86,87,54,65,63,101,90,87,104,,96,91,100,88,99,73,91,83,123,62,86,33,106,68,68,90,141,102,75,118,81,122,76,108
20170820,14,O3_8h_24h,60,68,57,59,51,68,58,69,80,63,49,63,,,91,,89,88,92,,80,106,96,,89,,,112,105,104,98,87,73,119,81,76,90,78,72,79,101,92,92,86,71,98,88,96,100,120,114,111,130,124,116,116,138,136,122,134,68,67,70,64,63,87,88,,91,89,87,93,73,92,91,106,120,106,105,88,,,86,121,95,86,77,93,98,93,79,77,88,84,84,78,94,92,83,,,89,89,85,91,,93,85,106,88,91,105,126,89,99,99,107,71,66,64,,70,71,66,79,59,47,87,81,81,,68,77,68,83,63,82,87,74,88,85,87,94,83,76,79,82,90,81,53,72,76,65,49,48,80,59,72,71,51,50,63,55,68,,64,57,70,64,56,62,62,,,,84,79,,98,71,82,,40,53,55,,56,,66,68,62,65,66,46,70,,,,64,68,,61,78,64,49,44,,49,58,63,56,57,57,46,55,,38,,79,,76,42,38,57,52,39,45,41,49,53,46,,90,93,98,105,,96,97,78,108,104,76,101,86,83,,,71,,72,64,,99,110,95,72,70,68,,64,65,46,55,43,83,73,,56,57,62,75,59,81,80,68,77,60,92,,108,100,130,90,120,74,64,65,76,57,77,66,71,60,,80,75,74,106,63,82,96,107,,107,106,86,102,107,104,101,78,84,123,130,110,114,111,124,118,110,104,84,75,73,87,66,89,82,100,74,76,72,80,68,72,68,65,70,78,64,69,81,90,,54,103,93,94,77,106,86,104,38,56,45,47,44,84,58,44,55,28,10,48,58,64,46,105,72,76,67,57,62,72,71,72,72,73,63,60,54,49,53,101,104,94,96,94,130,119,111,102,98,89,71,79,82,30,51,40,47,42,58,54,47,13,35,44,28,34,111,,98,77,113,81,84,57,99,61,,86,82,87,78,75,,48,44,54,35,44,,42,115,45,40,45,44,38,40,35,37,39,31,28,27,31,22,25,25,55,39,56,60,47,56,92,76,83,71,77,62,84,57,94,70,74,71,83,81,64,118,62,77,50,,58,69,79,,,,97,102,35,38,43,38,110,,44,71,50,70,70,77,67,67,71,77,82,47,78,74,80,89,91,80,100,93,82,102,114,104,118,88,97,105,111,87,45,47,33,40,104,98,91,78,83,82,78,95,96,97,114,,116,,92,99,102,83,97,,,83,,79,88,88,,93,95,117,114,97,119,58,88,78,78,73,99,91,93,113,94,,87,,88,,78,94,94,89,97,98,92,98,106,89,95,96,92,77,,69,,174,131,154,150,153,83,74,57,67,83,76,55,51,47,49,66,43,52,73,78,56,81,80,75,58,60,54,107,124,119,45,40,41,94,109,,116,109,,76,69,87,81,76,69,58,21,,,93,93,90,86,,85,140,108,96,122,137,,144,148,,112,98,123,208,102,87,115,99,92,108,123,52,60,68,,89,78,98,75,85,86,,76,71,65,56,56,80,52,66,38,55,66,46,74,90,80,79,77,66,58,64,60,60,,58,72,86,78,82,79,59,51,59,55,63,84,85,90,68,72,54,73,66,74,,71,64,74,88,70,71,64,59,53,72,62,105,96,103,,101,104,114,101,106,109,112,110,103,110,112,103,99,102,89,97,98,135,124,128,134,116,91,,107,47,40,64,52,66,38,43,47,66,60,70,85,79,60,52,79,64,56,67,48,57,58,47,48,50,48,44,29,43,29,34,67,66,67,57,60,57,24,25,59,69,80,61,84,96,112,106,105,102,50,55,40,39,114,95,101,124,76,,,105,50,43,50,41,118,100,116,115,135,109,49,46,40,,40,30,38,91,102,92,87,95,84,89,60,78,74,61,72,74,79,64,70,69,46,78,66,102,114,104,103,72,63,83,81,,103,106,99,111,118,79,55,91,101,87,80,92,86,81,114,109,90,93,89,107,82,71,146,70,102,79,114,36,71,83,70,62,97,83,82,96,85,84,48,75,64,75,66,,64,60,70,135,68,,77,82,62,43,47,75,71,53,50,70,,68,71,35,63,,36,,73,,,56,49,62,79,77,85,79,80,,97,89,,93,97,70,94,88,101,100,108,118,92,100,129,84,135,,128,132,144,123,,132,105,91,94,100,96,,67,99,89,103,94,103,118,75,,88,94,95,136,,,62,64,109,112,126,119,112,92,80,92,88,93,89,73,71,83,93,74,75,102,71,80,71,68,98,89,79,71,83,39,46,42,43,69,,,88,35,34,35,46,46,46,69,50,63,63,65,66,51,60,47,46,52,41,80,78,77,63,82,52,76,69,71,72,72,79,59,70,,70,76,63,72,86,70,,78,72,84,,80,67,94,79,57,42,65,30,86,65,58,49,57,62,60,29,,90,72,89,87,,80,64,62,72,77,80,68,74,103,93,,55,55,72,55,101,107,114,90,103,113,78,92,85,89,117,97,82,92,79,87,76,78,82,74,74,80,79,76,94,87,49,55,55,56,62,59,61,87,80,73,68,57,50,64,59,122,126,163,145,143,102,113,124,133,67,61,78,55,58,88,75,95,76,74,42,33,41,41,112,127,122,,115,119,129,102,,97,94,113,,112,107,85,90,92,127,136,134,129,135,80,91,87,85,92,95,90,,59,67,71,71,94,88,85,72,78,69,73,70,86,79,66,53,65,54,,62,56,,86,93,96,90,98,66,76,70,67,65,54,53,58,58,57,56,59,55,58,55,66,68,75,78,75,72,98,111,126,128,155,55,64,38,49,58,78,81,70,66,86,44,48,56,48,72,41,34,26,51,58,54,58,36,57,38,52,52,35,69,66,59,68,45,51,53,60,57,68,72,43,44,45,65,65,45,36,38,9,31,26,113,125,141,120,108,112,92,124,64,61,75,60,51,56,60,58,107,82,91,,81,75,75,68,74,82,50,82,51,105,,64,58,,91,90,80,96,68,23,27,23,,85,56,58,38,56,44,62,39,60,58,34,44,43,44,45,34,40,54,55,20,27,41,,47,37,36,76,64,31,44,34,14,17,28,35,43,44,,30,40,38,46,58,28,48,49,50,45,33,29,55,38,42,35,64,57,58,55,56,,99,,48,42,70,68,67,68,84,89,83,87,,56,57,51,51,92,86,69,70,95,82,69,73,75,77,72,68,70,87,94,85,106,94,59,,116,81,77,52,87,59,60,85,51,86,96,81,86,91,89,91,88,78,89,88,92,92,94,100,56,50,84,73,108,89,178,73,,101,81,77,44,45,51,65,62,60,54,60,43,63,90,129,86,81,85,120,104,141,135,70,80,46,74,96,53,70,78,92,74,90,86,59,50,22,24,74,52,91,93,103,74,88,63,78,96,120,85,99,99,94,100,92,92,60,85,49,50,65,71,61,74,86,87,54,76,65,101,90,87,104,,96,94,100,88,99,73,91,83,128,62,87,33,114,68,68,90,141,102,75,118,81,122,77,108
20170820,14,CO,1.3,0.9,1.4,1.2,1.5,1.1,1,1.5,1.2,1,1.1,0.9,,,1.6,,1.2,1,1.8,,1,0.7,0.7,,0.5,,,0.7,0.5,0.5,1.3,0.3,0.8,0.8,1,1.3,0.4,1.3,2,1.1,0.4,0.3,0.2,0.3,0.3,0.5,0.5,0.5,0.5,0.5,0.6,0.7,0.7,0.6,0.6,0.7,0.7,0.7,0.9,0.8,0.7,0.7,0.7,1.6,0.8,1.5,1,,1.3,0.9,0.5,0.4,0.6,0.4,0.7,0.4,0.9,0.5,0.8,0.8,,,1.2,0.6,1,0.9,1.9,0.8,0.8,1.1,1,1.2,1.2,1.3,1.5,1.2,0.5,1,1,,,0.8,0.8,0.9,0.8,,0.7,0.6,0.7,0.9,1,0.7,0.9,0.8,0.9,0.7,0.6,0.8,0.9,1,,0.9,0.6,0.8,0.8,0.8,0.7,0.6,0.9,0.7,,0.2,0.6,0.3,0.9,1.2,0.5,0.4,0.6,0.4,0.6,0.5,0.6,0.7,0.6,0.7,0.6,0.6,0.5,0.4,0.4,1.2,1,0.7,1,1.1,1.6,0.9,0.3,0.7,0.6,0.4,0.9,0.5,,0.6,0.8,0.6,0.6,0.6,0.7,0.5,,,,0.9,0.9,,0.9,0.9,1.1,,0.9,0.2,0.3,,0.4,,0.7,0.7,0.6,0.6,0.8,0.9,0.6,,,,0.6,0.3,,0.9,1,1,0.5,0.9,,0.7,0.6,0.2,0.3,0.4,0.3,0.7,0.5,,0.7,,0.9,,0.6,0.7,0.7,0.6,0.7,0.6,0.8,0.7,0.6,0.6,0.8,,0.7,0.7,0.6,0.8,,0.6,0.5,0.4,0.6,0.3,0.4,0.6,1.2,0.9,,,0.7,,0.8,0.8,,0.1,0.4,0.4,0.6,0.6,0.3,,0.6,0.6,0.5,0.5,0.7,0.7,0.6,,0.5,0.6,0.6,1,0.6,0.3,,0.7,0.5,0.8,0.2,,0.6,0.7,0.5,0.3,0.4,0.5,0.5,1.2,0.4,0.5,0.9,0.8,0.8,0.5,,1.4,0.5,0.7,0.4,0.3,0.6,0.4,0.4,,0.3,0.2,0.4,0.3,0.6,0.5,0.4,0.2,0.5,0.8,0.8,1.1,1.2,0.9,1.2,1.3,0.8,1.2,1,1.2,0.6,0.8,0.6,0.7,0.8,0.5,0.6,0.8,0.4,0.5,0.4,0.4,0.4,0.5,0.3,0.3,0.4,0.6,0.5,0.5,,0.6,0.7,0.7,0.6,0.7,0.5,0.7,0.6,0.7,0.7,0.7,0.7,0.8,0.8,0.6,0.7,0.6,0.8,0.5,0.4,0.6,0.5,0.5,0.4,0.8,0.5,0.4,0.5,0.4,0.6,0.7,0.8,0.5,0.6,0.6,0.2,0.4,0.2,0.4,0.7,0.9,0.7,0.6,0.7,0.8,0.7,0.7,0.6,0.6,0.7,0.7,0.6,0.4,0.8,0.9,0.9,0.7,0.8,0.7,0.6,0.8,0.5,0.5,0.7,0.5,0.5,0.5,,0.6,0.6,0.7,0.5,0.5,0.6,0.6,0.5,,0.6,0.4,0.3,0.6,0.7,,0.6,0.6,0.9,0.9,0.7,,0.5,0.2,0.4,0.5,0.5,0.5,0.5,0.4,0.6,0.4,0.5,0.5,0.7,0.5,0.7,0.5,0.6,0.6,0.4,0.8,0.5,0.4,0.8,0.5,1.3,1.6,1.4,1.5,1.2,1.1,1.2,1.6,2,1.4,1.4,1.4,1.4,0.5,0.5,0.1,0.5,0.2,0.4,,0.9,1.1,0.6,,,,0.7,0.5,0.7,0.8,0.7,0.8,0.6,,1,0.6,1,0.4,0.4,0.3,0.3,0.3,0.3,0.7,0.6,0.3,0.3,0.7,1.2,1.3,5.1,1.4,0.9,2.6,1.3,0.6,0.9,0.5,0.5,0.6,0.6,0.7,0.6,0.7,0.5,0.5,0.6,0.8,0.7,0.8,0.7,0.6,0.5,0.5,0.4,0.7,0.6,0.7,0.6,,0.6,,0.6,0.6,0.4,0.7,0.9,,,0.6,,0.5,0.7,0.6,,0.6,0.8,1,1,0.6,1.2,0.3,0.4,0.6,0.3,0.2,0.5,0.3,0.5,0.4,0.4,,0.2,,0.5,,0.2,0.9,0.7,1.1,0.8,0.4,0.7,0.3,0.3,0.3,0.5,0.4,0.5,0.3,,0.3,,0.8,0.8,0.7,0.8,0.6,0.6,0.6,0.5,0.8,0.6,0.6,0.9,0.7,0.9,0.6,0.9,0.7,0.3,0.6,0.5,0.4,0.7,0.7,0.6,0.6,0.7,0.5,0.8,0.7,0.9,0.5,0.5,0.7,0.9,1.1,,0.9,0.8,,0.6,0.7,0.7,0.5,0.6,0.5,0.5,0.3,,,1,1,0.9,1.1,,1.1,1.1,1.1,1.1,1,1,,1.2,1.2,,1.5,1.5,1.3,1.7,1.5,1.2,0.9,0.7,0.9,1.2,0.9,0.6,0.6,,,0.6,0.7,2.1,1,0.8,0.9,,0.7,0.6,0.5,0.5,0.7,0.4,0.9,0.8,1.2,1,1,0.6,0.6,0.6,0.5,0.8,0.6,0.6,0.7,0.5,0.8,0.5,,0.4,0.7,0.8,0.2,0.6,0.3,0.3,0.4,0.2,0.3,0.3,0.6,0.5,0.3,0.8,0.7,0.8,0.8,0.9,0.9,,0.8,1.9,0.7,,0.5,0.6,1.1,0.3,0.2,0.4,0.5,0.5,1,1.5,,1.1,1.3,1.7,2,0.7,1.2,0.8,1.2,0.8,0.6,0.7,0.3,0.6,2.1,1.1,0.8,0.8,0.9,0.7,1,1.1,0.9,0.8,,0.8,0.9,1.1,0.9,1.4,0.9,0.9,0.7,1,0.3,0.6,0.6,0.3,0.4,0.5,0.5,1.3,1,0.9,0.6,1,1.1,1.1,1.1,0.4,0.6,0.3,0.6,0.4,0.3,0.6,0.6,0.6,0.7,0.4,0.7,0.9,0.7,0.4,0.3,0.7,0.7,0.7,0.6,1,1.4,1.1,1.3,1.1,1.2,1,0.6,0.8,0.5,0.4,0.4,0.4,0.4,0.6,,,0.5,0.7,0.8,0.6,0.8,0.8,0.5,0.4,0.5,0.4,0.6,0.9,0.5,0.4,,0.3,0.8,0.8,1.3,1.1,1.4,1.3,1.9,1.9,2.1,1.8,1.2,1.2,1.2,1.4,0.5,0.6,0.9,0.9,0.7,0.9,0.8,0.9,1.1,0.9,1,1,0.1,0.2,0.2,0.6,,0.7,0.7,0.7,0.6,0.4,0.8,0.7,0.8,1.1,1.2,0.9,1.6,0.5,0.5,1.1,1.3,0.6,0.1,0.4,0.6,0.1,,0.5,0.2,0.3,0.3,0.4,0.6,0.8,0.3,0.5,0.3,0.5,0.4,0.5,0.5,0.4,0.3,0.7,0.8,1.1,0.7,0.6,0.9,0.7,0.7,0.6,0.5,0.6,,0.6,1,0.7,0.7,0.6,0.6,0.8,0.4,0.6,0.6,,0.5,0.4,0.6,0.8,,0.8,,0.5,,,0.3,0.2,0.4,0.7,0.9,0.7,0.7,1.1,,1,1,,0.7,0.6,1.6,1.2,1.6,1,1.4,1.4,1.1,1.2,1.3,1.5,1,1.2,,1.2,1.1,1.1,1,,1.1,1,1,1.1,1,1.8,,2,1,0.6,0.5,0.6,0.5,0.6,0.3,,0.6,0.3,0.2,0.6,,,0.2,0.4,0.6,0.5,0.4,0.5,0.4,0.5,0.3,0.7,0.4,0.2,0.4,0.5,0.4,0.5,0.3,0.4,0.1,0.6,0.6,0.6,0.5,0.4,0.7,0.3,0.7,0.9,0.8,0.9,0.7,0.7,0.8,1.1,,,0.1,0.8,0.7,0.6,0.3,0.4,0.2,0.3,0.3,0.3,0.2,0.4,0.2,0.8,0.3,1,0.4,0.5,0.2,0.2,0.1,0.3,0.5,0.3,0.3,0.3,0.3,0.6,0.6,0.5,0.4,0.2,0.7,,0.5,0.8,0.7,0.8,0.8,0.5,,0.6,0.4,0.4,,0.4,1,0.8,1,0.6,0.7,0.5,1,0.4,0.5,0.4,,0.3,0.5,0.6,0.9,,0.3,0.3,0.4,0.6,,0.5,0.5,0.8,0.9,0.3,0.4,0.4,0.5,0.8,0.8,,0.6,0.6,0.5,0.6,0.4,0.6,0.7,0.6,0.6,0.6,1.3,0.7,0.6,0.9,0.5,0.8,0.8,0.8,0.6,0.6,0.4,0.5,1,1,1.2,0.7,0.6,0.8,1.5,1.6,0.2,0.5,0.6,0.5,0.3,0.5,0.7,0.4,0.6,1.1,0.7,0.6,0.3,0.3,0.2,1.1,0.7,0.8,0.4,0.4,0.5,,0.7,0.5,0.6,0.5,0.5,0.6,0.2,0.8,0.8,0.6,0.3,0.9,1.4,1.1,0.9,1.2,1.2,0.8,0.7,,1,0.9,0.9,0.8,,0.8,0.9,0.6,,0.6,0.7,0.9,0.8,0.6,1.4,1.1,1.7,1.4,1.2,1,0.8,0.7,0.6,0.7,1,1,,1,0.8,0.9,0.9,0.9,1.3,1,0.8,0.6,1.2,1.1,1.1,0.8,1,0.9,0.7,1,0.9,,0.8,0.6,,1.2,0.8,1,1,1.1,1.4,1,1.1,0.8,0.5,0.4,0.5,0.6,0.5,0.7,0.5,0.4,0.4,0.4,0.4,0.5,0.9,0.5,0.8,0.7,0.8,1,1.5,1.4,1.3,1,0.5,0.4,0.3,0.5,0.4,1.2,1.2,0.9,0.9,0.9,1,2.2,1.2,0.7,0.4,0.8,0.7,1.2,0.7,0.7,0.9,0.6,0.6,0.7,0.4,0.7,0.8,0.8,0.3,0.9,0.3,1,0.4,0.7,0.5,0.9,0.7,0.7,1.2,0.4,0.5,0.6,0.3,0.4,0.6,0.4,1.1,0.9,0.8,1,0.8,0.5,0.8,0.7,0.4,0.6,0.5,0.5,0.5,0.6,0.6,0.6,0.3,0.5,0.5,0.4,0.3,0.5,0.8,,0.4,0.2,0.3,0.3,0.4,0.4,0.4,0.5,0.6,0.4,,0.6,0.6,,0.4,0.6,0.6,0.4,0.5,0.4,0.5,0.5,,0.3,0.7,0.6,1,0.9,0.6,0.4,0.5,0.4,0.6,0.4,0.4,0.5,0.5,0.4,0.5,0.9,0.5,0.6,0.6,0.7,0.7,,0.4,1,0.9,0.2,0.4,0.6,0.8,0.6,0.2,0.2,0.6,0.9,0.6,0.7,,0.3,0.3,0.6,0.5,0.4,0.2,0.7,0.7,0.5,0.5,1.3,0.7,1,0.3,0.6,0.7,0.4,0.3,0.4,0.2,0.9,,0.2,,0.3,0.2,0.5,0.8,0.8,0.9,0.7,1,1.2,1.1,,0.8,0.6,0.7,0.8,0.3,0.5,0.1,0.3,0.4,0.4,0.2,0.3,0.4,0.1,0.3,0.3,0.4,0.6,0.8,0.9,0.1,0.2,0.7,,0.6,0.5,,1.1,0.5,1,0.6,1.1,0.6,0.7,0.9,1.2,0.9,0.4,0.5,0.6,1.8,0.9,1.2,0.7,0.6,1,1.3,0.4,0.9,0.7,0.4,0.1,1,0.7,1.2,0.3,,0.5,0.9,0.4,0.7,0.6,0.7,0.8,0.7,0.6,0.5,0.5,0.5,0.9,0.5,1.1,0.6,0.7,0.9,1.5,0.7,1.1,1.3,1.5,0.5,0.5,0.9,0.4,0.8,0.9,0.5,0.4,0.4,0.3,0.6,1,0.7,0.6,0.4,0.7,0.2,0.8,0.7,0.4,0.8,0.6,0.3,0.4,1.4,0.6,0.8,1.2,1.2,0.5,0.5,0.5,1.4,0.5,0.6,0.5,0.6,0.5,0.7,0.7,1,0.7,0.7,0.7,0.7,0.7,0.6,0.4,0.4,1.6,,1.7,1,0.8,0.7,0.8,0.6,0.8,0.3,0.6,0.5,0.4,0.3,0.9,1.2,0.3,0.8,1.1,0.3,0.4,0.4,0.4,0.8,0.3,0.9
20170820,14,CO_24h,1.3,0.9,1.3,1.1,1.4,1.1,1.1,1.4,0.9,1.1,1.1,1.1,,,1.6,,1.4,1,2.1,,1.5,1.1,1,,1.2,,,0.9,0.8,0.6,1.5,0.7,0.6,0.7,2.2,2.2,1.8,2.1,2.7,2.5,0.4,0.4,0.4,0.5,0.5,0.8,0.7,0.8,0.8,0.6,0.7,0.8,0.7,0.6,0.8,0.5,0.5,0.6,0.7,0.6,0.6,0.6,0.6,0.9,0.7,1.3,1.2,,1.1,0.9,0.5,0.4,0.7,0.4,0.7,0.5,1.2,0.9,1,1.1,,,0.9,0.7,1.2,1.1,1.4,0.9,0.8,1.3,0.9,1.1,1.1,1.2,1.3,1.2,0.7,0.9,0.8,,,0.9,0.8,0.9,0.8,,1,0.8,0.7,0.9,1,0.6,0.8,0.7,0.8,0.8,0.9,0.9,1,1.1,,1,0.7,1,0.8,0.9,0.8,0.6,1,0.6,,0.4,0.5,0.6,0.7,1.3,0.4,0.3,0.7,0.4,0.8,0.5,0.7,0.8,0.6,0.7,0.6,0.6,0.6,0.7,0.5,1.5,1.1,0.9,1.3,1,0.9,0.9,0.3,0.7,0.5,0.3,0.9,0.4,,0.7,0.8,0.7,0.6,0.6,0.6,0.5,,,,1,0.9,,0.7,0.9,0.5,,0.9,0.2,0.3,,0.5,,0.8,0.7,0.7,0.7,0.9,1.1,0.6,,,,0.5,0.3,,0.8,0.7,0.7,0.4,0.8,,0.6,0.7,0.3,0.3,0.4,0.4,0.8,0.5,,0.8,,0.8,,0.5,0.6,0.8,0.6,0.7,0.7,0.8,0.7,0.6,0.6,0.7,,0.7,0.8,0.6,0.9,,0.5,0.5,0.5,0.6,0.4,0.5,0.7,1.1,0.8,,,0.6,,0.7,0.8,,0.2,0.5,0.5,0.6,0.6,0.3,,0.6,0.5,0.6,0.5,0.7,0.7,0.5,,0.6,0.7,0.8,1,0.8,0.5,0.8,0.8,0.5,0.9,0.1,,0.7,0.6,0.5,0.4,0.3,0.4,0.5,1.4,0.8,0.6,1.1,1,0.9,0.5,,1.5,1,1.2,1,0.8,1.2,0.9,1,,0.4,0.3,0.4,0.4,0.6,0.5,0.4,0.2,0.6,1.1,1.2,1.4,1.5,1.3,1.6,1.6,1.1,1.5,1.1,1,0.8,1.1,0.7,0.7,0.8,0.5,0.7,0.9,0.7,0.5,0.6,0.5,0.7,0.6,0.4,0.4,0.6,0.7,0.7,0.7,,0.8,0.7,0.8,0.9,0.9,0.6,1,0.7,0.7,0.7,0.6,0.7,0.8,0.9,0.6,0.6,0.6,0.7,0.6,0.3,0.4,0.5,0.5,0.5,1,0.7,0.6,0.7,0.6,0.7,0.8,0.8,0.6,0.6,0.6,0.2,0.5,0.4,0.4,0.7,0.9,0.8,0.7,0.6,0.8,0.7,0.7,0.7,0.6,0.9,0.9,0.7,0.5,0.9,1,1,0.8,1,1,0.8,1,0.5,0.5,0.7,0.5,0.6,0.6,,0.8,0.7,0.8,0.6,1.1,0.9,0.8,0.7,,0.8,0.6,0.5,0.8,0.9,,0.7,0.6,1,0.9,0.8,,0.5,0.3,0.4,0.4,0.5,0.5,0.5,0.5,0.6,0.4,0.5,0.6,0.8,0.7,0.9,0.6,0.8,0.8,0.4,0.7,0.5,0.4,0.8,0.5,1.2,1.5,1.3,1.5,1.2,1.1,1.1,1.6,1.4,1.3,1.4,1.4,1.3,0.5,0.7,0.3,0.5,0.4,0.4,,0.9,0.8,0.6,,,,0.7,0.5,0.9,1,0.8,1.1,0.8,,0.9,0.6,1.6,0.8,0.7,0.6,0.4,0.6,0.5,0.5,0.7,0.3,0.5,0.6,1.1,0.8,1.4,1.3,0.6,0.9,1,0.7,1.1,0.6,0.6,0.8,1.1,2.1,1,1.1,0.8,0.7,0.7,1.1,1.3,1.3,1,0.8,0.8,1.2,0.6,0.7,0.6,0.7,0.6,,0.5,,0.7,0.7,0.6,0.8,1.1,,,0.9,,0.8,0.9,0.8,,2.2,1.2,1.2,1.6,0.8,1.1,0.4,0.4,0.7,0.4,0.4,0.5,0.3,0.6,0.3,0.5,,0.4,,0.6,,0.3,1,0.8,1.2,1,0.5,0.8,0.5,0.4,0.3,0.4,0.4,0.5,0.5,,0.5,,0.9,0.9,0.8,1,0.7,0.7,0.7,0.6,0.8,0.6,0.6,0.7,0.5,0.8,0.5,0.5,0.7,0.4,0.6,0.5,0.4,0.8,0.7,0.6,0.7,0.7,0.5,0.9,0.8,0.9,0.6,0.6,0.8,1.1,1.3,,1,0.9,,0.7,0.9,0.9,0.7,0.6,0.6,0.6,0.5,,,1,1.1,1.1,1.1,,1.1,1,1,1.1,1.1,1.1,,1.2,1.2,,1.7,2,1.6,1.6,1.8,1.7,0.8,1.1,1.5,1.5,0.8,1.1,0.5,0.3,,0.6,0.8,1.6,1.1,1,1,,0.9,0.8,0.6,0.6,0.6,0.7,0.9,1,1.5,1.1,1,0.8,0.8,0.8,0.7,1.2,1.1,0.7,0.7,0.5,0.9,0.6,,0.4,0.8,0.8,0.3,0.6,0.3,0.3,0.6,0.4,0.4,0.4,0.6,0.5,0.4,0.7,0.6,0.7,0.8,0.6,0.9,,1,0.9,1,0.9,0.5,0.7,0.9,0.3,0.3,0.5,0.4,0.5,1.3,1.9,,1.4,1.7,2.4,2.2,1,1.7,1.2,1.5,2.6,0.9,1,0.7,1,2.1,1.5,1.1,1.2,1.1,0.9,1.2,1.3,1.1,1,,1,0.8,1.1,0.9,1.3,0.8,0.8,0.7,0.9,0.4,0.7,0.6,0.4,0.5,0.6,0.6,1.3,1.1,1,0.6,1.1,1.2,1.1,1,0.4,0.7,0.5,0.6,0.5,0.3,0.7,0.7,0.6,0.8,0.6,0.8,1.1,0.8,0.5,0.4,0.6,0.6,0.6,0.6,1,1.3,1.1,1.3,1.1,1.2,1.6,0.4,0.9,0.7,0.4,0.4,0.5,0.4,0.7,,,0.6,0.7,0.7,0.6,0.8,0.8,0.6,0.6,0.6,0.5,0.7,0.9,0.5,0.4,,0.3,0.9,0.9,1.2,1.1,1.4,1.3,1.6,1.6,1.7,1.4,1.2,1.3,1.4,1.5,0.9,0.9,1.2,1.1,1.1,1.2,1.1,1,1,0.9,0.9,0.9,0.3,0.3,0.3,0.8,,0.5,0.4,0.7,0.7,0.4,0.7,0.6,0.7,0.8,1.6,1.2,1.9,0.6,0.8,0.9,1.1,0.7,0.2,0.5,0.6,0.2,,0.6,0.3,0.4,0.1,0.5,0.6,1,0.4,0.5,0.4,0.5,0.4,0.4,0.5,0.4,0.3,0.6,0.7,0.9,0.6,0.5,0.9,0.7,0.6,0.6,0.6,0.6,,0.5,0.8,0.8,0.8,0.8,0.6,0.7,0.4,0.6,1,,0.5,0.5,0.6,0.9,,0.8,,0.6,,,0.4,0.3,0.5,0.5,0.7,0.5,0.5,1.1,,1,1,,0.8,0.6,2.4,1.7,2.1,1.6,1.7,1.4,1.1,1.2,1.3,1.7,0.9,1.1,,1,0.9,1.2,1,,1.2,1.2,1.1,1.1,1,1.8,,2.1,1.2,0.6,0.6,0.6,0.5,0.4,0.5,,0.7,0.4,0.3,0.6,,,0.4,0.3,0.6,0.6,0.4,0.5,0.4,0.6,0.6,1,0.8,0.4,0.5,0.5,0.5,0.8,0.6,0.5,0.2,0.5,0.9,0.7,0.7,0.6,0.8,0.5,1,1.1,0.9,0.9,0.9,0.8,1.1,1.1,,,0.2,0.8,0.7,0.6,0.4,0.6,0.3,0.4,0.5,0.5,0.9,0.5,0.9,0.4,0.5,0.5,0.4,0.6,0.2,0.4,0.3,0.5,0.7,0.3,0.5,0.5,0.4,0.7,0.6,0.6,0.5,0.3,0.8,,0.5,0.6,0.5,0.7,0.7,0.4,,0.5,0.4,0.3,,0.4,0.9,0.8,0.9,0.6,0.8,0.5,0.9,0.4,0.7,0.4,0.9,0.4,0.6,0.5,1,,0.3,0.4,0.4,0.7,,0.4,0.3,0.5,0.7,0.2,0.4,0.4,0.5,0.8,0.7,,0.7,0.7,0.5,0.6,0.4,0.7,0.7,0.7,0.6,0.7,1.6,1.1,0.8,1,0.6,0.9,1,0.9,0.7,0.8,0.6,0.7,0.8,0.9,0.8,0.7,1.1,0.9,1.1,1.1,0.3,0.9,0.8,0.8,0.5,0.6,0.9,0.6,1.3,0.9,0.8,0.8,0.5,0.4,0.4,1.2,1,0.9,0.6,1.1,0.7,0.7,1,0.6,0.8,0.6,0.8,0.8,0.6,0.7,0.8,0.5,0.4,0.9,1.4,1.1,0.8,1.1,1.8,1.4,1.4,,1.2,1.2,1.2,1,,1,1.1,0.9,,0.9,0.7,0.8,0.8,0.7,1.4,1,1.6,1.2,1.2,1.1,0.7,0.8,0.7,0.8,1,1,,0.9,0.8,0.8,0.9,0.8,1.2,0.8,0.6,0.5,1,1,1,1.1,0.7,0.8,0.6,0.8,0.8,,0.8,0.6,,1.1,0.8,1,0.9,1.1,1,0.7,0.9,1.1,0.8,0.6,0.8,0.8,0.6,1,0.6,0.5,0.5,0.6,0.5,0.5,1,0.4,0.8,0.9,1,1.4,1.8,1.6,1.5,1,0.4,0.4,0.5,0.5,0.4,1.2,1.2,1,0.9,1.4,0.9,2.4,1.5,0.9,0.6,0.8,0.9,1.2,1.1,0.8,1.1,0.9,0.8,0.8,0.7,1.1,1,0.8,0.4,0.7,0.6,1,0.6,1,0.8,1.1,0.9,0.9,1.3,0.4,0.7,0.6,0.4,0.5,0.7,0.4,0.9,0.8,0.5,0.9,0.8,0.4,0.6,0.7,0.4,0.6,0.5,0.5,0.7,0.7,0.7,0.7,0.3,0.4,0.4,0.4,0.4,0.7,1.1,,0.5,0.4,0.5,0.4,0.5,0.6,0.5,0.6,0.7,0.3,,0.7,0.7,,0.4,0.6,0.6,0.4,0.5,0.6,0.5,0.5,,0.4,0.7,0.6,0.7,0.7,0.5,0.4,0.5,0.3,0.6,0.4,0.4,0.5,0.5,0.4,0.5,1,0.6,0.6,0.9,0.8,0.6,,0.5,1.2,0.9,0.2,0.6,0.8,0.9,0.7,0.4,0.3,0.8,1,0.6,0.8,,0.4,0.3,0.7,0.7,0.7,0.2,0.6,0.8,0.6,0.6,1.3,0.8,0.9,0.3,0.7,0.9,0.4,0.4,0.4,0.3,1,,0.2,,0.3,0.2,0.5,1,0.9,1,1,1.2,1.3,1.2,,0.8,0.6,0.8,0.8,0.3,0.6,0.3,0.5,0.6,0.5,0.4,0.4,0.4,0.3,0.5,0.7,0.5,0.9,1,0.9,0.1,0.3,0.4,,0.7,0.7,0.1,1.3,0.7,0.9,0.6,1.1,0.5,0.6,0.9,0.8,0.8,0.5,0.5,0.6,1.9,0.9,1.1,0.9,0.8,1.4,1.6,0.3,1.2,0.8,0.4,0.3,0.9,0.7,1.2,0.5,,0.5,1,0.6,1.1,1,1.1,0.8,0.7,0.7,0.8,0.8,0.6,1,0.4,1.1,0.7,1.6,1.2,1.2,1.1,1,1.5,1.7,0.5,0.6,0.6,0.5,0.7,0.9,0.5,0.4,0.6,0.4,0.9,1,0.8,1.6,0.8,0.9,0.3,1,1,0.5,0.8,0.6,0.5,0.5,1.2,0.7,0.7,1.3,1.2,0.6,0.5,0.5,1.4,0.4,0.5,0.5,0.7,0.5,0.8,0.7,0.9,0.6,0.9,0.7,0.8,0.6,0.7,0.5,0.5,1.9,,1.7,1.1,1.1,0.9,1,0.6,0.8,0.4,0.7,0.6,0.6,0.4,1.2,1.5,0.3,1.3,1.5,0.3,0.5,0.2,0.3,0.7,0.3,1
20170820,15,AQI,82,78,94,80,99,70,77,88,74,82,97,62,,,93,,60,54,109,,47,53,45,,46,58,,93,89,70,72,67,64,117,42,48,52,48,53,45,32,31,35,33,32,52,77,65,48,95,79,85,100,98,70,74,103,99,75,101,51,46,45,64,53,69,64,,62,47,51,52,63,50,60,61,67,69,57,108,,,55,70,110,74,108,83,80,87,120,114,90,77,100,82,45,68,57,,,53,70,50,67,,73,28,35,28,31,29,39,26,36,32,30,31,47,28,,32,27,30,32,29,18,52,36,32,,32,36,31,36,30,33,52,32,25,22,27,21,23,26,33,20,18,27,28,36,41,35,39,29,35,33,43,36,29,28,34,31,37,,37,59,54,57,39,51,38,,,,87,72,,73,70,60,,49,40,39,,32,,37,35,37,39,35,34,37,,,,34,35,,84,49,53,38,44,,36,29,32,28,40,34,30,27,,44,,53,,54,35,26,26,29,26,32,31,33,38,30,,38,52,37,29,,50,38,33,44,48,37,46,57,55,,,29,,53,27,,56,34,41,60,31,34,,36,35,37,40,49,45,47,,34,42,34,41,39,50,45,45,50,33,104,,89,111,114,94,118,42,57,51,52,37,59,47,40,42,,55,59,61,64,46,57,57,69,,34,39,36,43,45,41,38,32,34,55,70,50,68,50,50,56,59,72,49,52,59,52,43,73,45,63,42,46,34,37,34,33,33,34,39,35,38,48,52,112,,122,133,112,78,116,123,122,120,59,47,42,51,45,,62,36,42,32,49,24,27,44,24,99,64,90,50,40,38,88,79,38,36,45,41,37,34,27,43,118,124,113,108,100,147,148,149,127,111,53,48,49,50,22,44,43,29,32,32,44,30,8,21,27,24,25,60,,85,44,102,39,47,31,59,40,,49,57,50,53,46,,35,42,40,35,54,,33,58,28,33,26,30,46,33,39,24,40,22,16,23,23,26,19,26,20,29,22,21,41,23,82,74,65,74,82,75,65,83,70,75,63,85,83,49,22,39,33,28,39,,21,29,36,,,,49,40,32,45,31,31,47,,32,34,38,29,40,29,32,34,29,40,36,19,35,58,52,28,50,77,46,50,65,34,35,32,35,31,48,60,50,39,20,21,18,25,47,45,35,33,37,35,36,80,89,45,103,,68,,44,48,49,42,48,,,48,,40,34,35,,37,36,69,56,36,49,41,43,39,44,39,35,31,32,37,31,,41,,42,,35,72,69,59,45,50,50,33,37,35,33,29,30,29,29,28,,106,92,103,108,90,67,56,33,56,48,36,35,38,24,27,39,22,19,55,62,48,45,52,52,30,39,28,101,119,106,52,27,25,46,46,,67,65,,42,35,41,43,37,43,48,12,,,69,55,64,77,,63,68,75,68,53,60,,69,69,,104,82,112,113,75,55,97,74,62,109,71,47,37,38,,30,29,,40,44,28,,42,38,32,35,25,40,32,28,27,24,24,22,41,41,38,38,28,27,25,28,25,25,,8,41,38,46,34,59,27,25,33,25,34,39,37,38,30,31,27,40,36,45,,39,41,36,55,115,48,46,46,52,68,53,44,63,74,,84,88,82,77,44,53,53,54,50,58,47,42,47,,60,87,84,65,50,60,73,68,74,,73,52,69,47,46,49,62,60,59,49,42,32,39,52,33,29,37,29,25,40,25,30,35,32,22,23,28,75,14,20,14,30,31,29,26,31,43,47,11,11,33,38,36,34,43,67,73,64,78,78,25,28,23,22,84,53,50,74,74,,,65,44,36,39,43,67,57,73,68,103,88,35,33,29,,39,33,22,56,57,59,58,54,68,77,89,45,46,51,52,27,17,16,27,24,16,28,26,79,83,80,65,36,38,40,52,,39,58,54,50,38,31,46,41,35,46,47,45,35,35,70,83,36,36,37,41,36,33,33,31,39,32,45,13,33,33,49,30,29,26,30,33,30,32,36,34,35,40,30,26,39,37,38,56,38,,35,42,43,29,38,35,30,22,24,32,,26,30,27,29,,33,,34,,,27,24,35,73,67,72,89,49,,51,62,,50,52,140,,119,162,123,110,72,65,73,64,65,83,,101,106,77,60,,64,58,60,53,67,107,,87,35,35,36,39,45,48,61,,39,43,44,82,,,35,36,52,58,41,56,33,41,42,36,40,41,31,60,44,65,72,44,44,67,39,37,35,33,39,43,34,35,38,24,21,20,20,34,,,35,34,22,22,44,52,43,28,37,40,48,31,29,43,21,11,24,32,25,30,30,29,34,29,34,31,34,50,32,32,32,25,29,,67,57,62,42,57,49,,43,48,45,,42,56,80,52,52,53,51,60,47,39,43,55,52,55,38,31,,38,35,35,48,,42,64,70,73,27,30,30,38,45,44,,41,48,28,24,26,63,63,47,50,75,60,54,49,50,54,46,58,52,69,63,51,60,45,60,61,73,77,67,73,59,20,38,49,32,33,30,44,43,42,43,40,43,45,43,42,60,64,57,53,62,62,57,62,72,46,44,41,42,45,58,57,54,62,52,35,45,47,54,63,68,64,,77,59,93,38,,38,40,47,,45,77,59,73,73,72,78,68,70,78,84,66,52,55,53,69,74,,67,58,54,59,40,79,70,63,90,72,62,77,45,62,37,69,60,72,,33,35,,48,43,41,45,53,70,65,64,44,36,24,24,28,29,24,25,33,32,26,30,28,29,45,41,37,37,33,39,56,45,55,23,26,21,36,23,64,40,37,56,53,20,26,23,26,29,25,23,39,33,40,59,45,52,31,25,32,25,26,39,36,42,37,52,39,28,42,62,51,48,30,25,29,29,31,28,23,28,35,30,31,84,85,108,89,68,79,50,104,45,38,39,34,49,47,54,50,44,41,46,,42,40,40,32,34,41,63,50,39,,,37,36,,45,61,52,64,53,18,21,17,,35,28,26,25,25,25,49,59,52,57,53,23,29,33,32,35,28,54,37,32,16,20,,22,23,29,47,26,85,43,17,22,15,56,34,20,18,,27,28,16,24,15,15,20,24,24,21,24,35,55,22,,32,22,20,20,20,23,,37,,14,29,37,38,37,40,27,28,28,29,,26,29,20,21,34,30,33,21,29,32,34,33,36,25,22,55,61,31,35,32,34,27,54,,40,29,27,38,31,28,23,33,20,36,33,26,28,33,31,31,30,28,30,45,77,41,43,45,34,32,31,31,57,50,69,75,,100,500,318,39,42,38,33,22,23,32,34,29,29,52,53,127,46,52,74,83,112,79,70,36,35,80,28,35,29,45,50,35,41,45,43,21,155,53,45,38,46,52,49,36,39,36,50,64,60,54,67,62,31,44,39,52,33,46,30,28,33,39,27,64,94,41,35,35,62,55,72,46,105,,94,40,73,53,55,60,77,31,83,29,29,22,69,38,44,55,88,36,38,82,63,90,25,50
20170820,15,PM2.5,60,50,70,59,74,51,35,65,54,45,72,40,,,53,,41,37,44,,30,32,31,,22,41,,39,35,51,52,40,46,88,24,33,36,30,37,27,7,6,12,6,22,36,56,47,32,43,31,46,56,41,35,42,40,27,35,44,15,15,25,19,27,39,28,,42,26,30,36,45,35,43,43,38,11,40,55,,,37,38,42,32,40,34,59,64,91,86,67,56,75,60,17,29,40,,,37,49,33,31,,33,15,7,15,10,6,11,15,8,13,16,12,8,12,,8,7,8,7,11,11,10,11,7,,8,9,13,13,11,10,12,7,8,15,12,7,9,11,12,5,6,11,8,13,8,6,18,4,8,17,14,10,15,16,2,10,17,,11,28,38,24,25,33,14,,,,37,39,,30,48,43,,31,19,22,,9,,11,11,20,23,20,21,13,,,,14,13,,62,34,37,24,20,,25,11,12,12,11,14,21,8,,12,,37,,38,22,16,18,18,18,20,20,11,13,19,,23,29,14,8,,35,26,13,22,25,24,32,40,36,,,10,,19,18,,33,19,28,,19,21,,20,24,23,25,34,23,31,,19,29,15,24,27,35,31,27,18,19,45,,54,53,43,59,47,29,40,25,15,9,28,23,28,18,,25,37,25,29,32,40,34,48,,9,5,19,3,7,7,12,12,10,27,28,31,32,28,27,30,30,37,34,24,20,26,27,34,27,37,18,25,22,18,23,19,18,19,17,17,18,33,34,28,,25,29,28,27,28,48,29,38,26,27,27,21,16,47,23,19,25,21,34,11,12,27,13,18,24,21,14,8,26,37,36,,17,19,15,18,13,11,3,33,42,39,36,35,52,57,44,27,29,32,29,28,26,14,26,28,18,22,13,24,14,3,8,12,11,8,17,,10,9,24,13,5,7,6,12,,9,5,10,6,7,,21,29,28,16,24,,21,35,3,17,6,15,16,14,23,10,8,,8,16,10,18,12,18,11,10,4,4,17,2,60,54,47,54,60,55,47,61,51,53,45,63,56,19,15,5,16,17,27,,9,5,24,,,,24,15,,20,15,20,31,,10,17,20,17,20,17,22,17,17,28,25,13,14,24,22,9,35,56,16,29,47,8,10,1,14,11,23,41,14,16,7,4,10,6,31,26,12,16,8,18,13,46,49,31,49,,22,,15,11,15,13,30,,,33,,17,13,8,,16,7,32,29,13,22,20,22,7,15,15,2,9,8,,7,,16,,11,,13,30,21,24,27,22,22,10,12,9,3,,11,5,2,19,,40,46,66,46,45,18,20,19,30,14,25,13,11,4,9,12,8,8,36,44,33,31,36,29,16,13,12,44,40,44,13,12,11,28,32,,48,33,,20,19,17,27,19,22,33,7,,,50,39,46,44,,45,49,55,49,37,39,,33,42,,41,59,45,66,51,31,61,45,43,82,49,18,23,26,,17,18,,28,22,15,,29,23,20,15,14,22,8,12,15,12,7,6,13,10,17,25,19,10,8,8,7,7,,4,14,5,7,5,19,8,6,9,7,7,8,20,12,6,11,18,20,20,19,,16,24,12,27,30,26,25,21,30,26,30,18,37,45,,37,,47,43,26,36,33,22,26,19,20,19,19,,43,58,62,26,5,34,,48,54,,53,32,38,11,32,34,35,33,42,34,29,20,20,22,19,15,16,18,17,8,17,4,15,19,15,13,17,17,9,5,7,8,20,,14,21,30,19,2,1,23,26,25,21,27,31,38,23,45,57,9,12,9,14,25,22,28,24,54,,,47,25,25,27,30,19,22,30,48,33,28,22,23,14,,23,22,10,37,40,36,36,36,49,48,64,31,25,28,22,10,8,10,12,12,11,19,15,45,61,59,47,16,9,3,18,,20,41,30,33,9,8,13,12,24,9,21,2,12,13,51,61,16,6,11,5,5,5,16,16,15,19,9,9,11,10,6,13,3,4,7,3,2,,14,12,15,22,21,,17,19,20,24,16,,13,29,30,10,26,14,10,11,14,13,,6,4,14,16,,23,,20,,,12,16,24,52,40,52,66,34,,28,30,,35,27,107,,90,123,93,83,52,47,53,41,47,49,,29,33,56,40,,46,37,43,29,23,80,,64,14,7,11,18,29,19,18,,6,3,7,60,,,6,9,24,26,20,19,8,16,23,17,24,15,19,24,21,17,22,22,21,27,27,20,19,21,20,30,15,11,11,7,7,12,6,15,,,11,7,8,9,14,19,13,19,22,4,10,6,16,10,5,,3,12,17,6,8,4,13,5,8,1,9,23,7,10,9,4,15,,48,40,44,27,40,34,,22,33,22,,22,37,47,36,36,29,28,43,29,27,29,39,36,32,20,7,,18,11,19,15,,22,46,51,53,9,15,9,26,26,26,,14,33,,3,6,41,45,29,21,55,43,38,34,34,38,31,41,36,40,45,32,33,31,43,31,44,56,48,53,42,7,16,9,9,8,18,18,17,17,30,26,30,31,30,29,43,38,36,32,44,44,39,44,52,32,29,25,29,30,41,40,38,44,36,24,24,25,37,39,31,23,,40,37,37,23,,18,22,24,,22,56,42,53,53,29,33,32,47,28,62,35,32,28,34,50,54,,48,24,20,32,11,58,51,45,67,52,44,56,31,44,7,50,42,52,,9,24,,15,30,26,26,37,51,47,46,21,22,11,13,13,20,14,13,23,22,18,21,14,12,25,28,12,17,14,24,8,14,7,2,12,6,9,11,18,16,19,12,16,14,18,10,14,14,12,10,19,22,25,42,29,24,19,17,12,14,17,22,18,18,15,25,27,19,28,31,34,33,16,12,13,20,20,9,11,2,15,12,8,62,58,59,53,23,34,18,28,26,25,27,22,17,12,16,34,16,28,18,,12,19,16,20,23,22,32,35,27,,,19,20,,4,27,13,14,18,2,2,2,,4,7,8,16,10,13,34,38,13,25,37,15,15,23,22,14,7,19,22,11,8,14,,1,10,20,13,8,9,10,10,15,8,7,14,5,6,,6,6,,3,10,5,14,1,10,13,11,10,,,,16,,2,6,,13,,,,7,6,22,20,20,23,7,8,12,12,,14,14,13,9,11,7,6,7,11,11,8,2,3,7,7,20,21,21,24,22,9,6,13,,6,6,15,26,6,19,10,23,6,25,23,18,18,6,8,,4,4,5,17,22,10,12,7,12,17,9,18,21,20,15,29,,25,92,101,10,12,,14,2,10,10,23,7,8,36,37,28,31,36,40,29,29,58,51,7,17,59,17,21,10,27,35,7,14,28,29,10,118,9,10,26,17,18,18,15,18,11,35,40,34,38,33,42,18,21,17,25,17,32,21,16,10,12,9,37,50,10,15,14,42,11,17,8,53,,27,24,36,28,38,43,56,16,61,19,7,15,50,26,25,32,36,6,21,31,6,20,15,30
20170820,15,PM2.5_24h,58,45,63,51,65,60,48,58,39,50,64,54,,,53,,51,48,50,,49,48,40,,45,52,,60,62,54,74,49,58,43,40,38,52,41,50,43,16,19,26,15,23,62,77,71,58,46,43,67,61,55,46,34,38,21,31,37,13,16,25,19,25,41,33,,39,34,39,46,48,45,49,51,47,49,47,45,,,42,37,40,37,41,35,59,59,66,79,58,60,75,63,18,28,34,,,31,35,28,31,,35,19,18,19,19,15,17,15,19,19,17,17,13,11,,11,7,7,11,10,12,19,20,13,,23,19,22,23,21,16,19,20,21,23,24,25,16,24,24,19,17,22,8,7,7,6,13,3,5,11,4,18,18,17,15,10,19,,17,18,17,14,20,17,17,,,,34,22,,16,23,27,,20,20,15,,10,,13,10,21,18,15,22,15,,,,12,13,,18,15,18,12,13,,15,13,13,14,13,17,21,21,,10,,27,,22,28,23,18,30,23,26,28,26,23,29,,25,33,33,27,,33,30,28,33,28,29,35,41,34,,,13,,28,27,,31,27,31,18,20,19,,23,20,34,33,39,20,22,,12,16,11,12,17,24,20,15,12,14,31,,34,34,33,39,35,17,31,33,22,17,42,31,35,21,,30,38,45,33,45,51,58,52,,8,9,11,6,11,9,11,11,11,48,50,56,50,55,86,48,49,46,27,25,22,22,30,30,21,23,23,21,29,21,34,25,22,23,20,19,23,31,28,24,,28,24,25,50,24,50,25,32,17,17,13,15,14,31,15,13,15,14,30,12,13,9,13,30,29,27,12,18,22,39,36,18,13,13,7,13,15,16,19,31,29,41,29,24,31,32,26,23,26,37,31,32,29,26,31,26,23,26,25,32,29,6,8,13,8,11,22,,25,17,28,15,11,19,21,22,,19,12,13,19,16,,18,30,26,14,22,,19,29,6,19,7,14,9,13,19,15,10,15,12,17,11,20,17,20,6,6,5,4,9,3,49,43,37,43,49,48,41,56,41,39,37,53,45,24,22,12,25,17,13,,16,19,23,,,,27,17,17,24,28,27,16,,19,20,32,25,24,21,33,31,25,22,24,15,18,20,22,36,36,58,47,47,53,39,44,35,48,43,36,64,23,26,17,18,18,19,41,38,29,32,27,25,26,34,33,31,30,,19,,12,13,14,12,35,,,46,,38,21,22,,25,22,29,37,28,21,22,18,21,12,33,12,14,14,10,14,,23,,24,,20,25,30,24,19,20,20,15,12,13,9,7,12,14,12,23,,54,56,56,48,54,27,27,17,29,18,30,11,11,11,11,13,10,6,14,20,22,29,34,34,12,10,16,36,31,36,12,12,12,46,57,,37,33,,22,27,25,23,17,22,25,7,,,41,44,52,38,,33,32,39,35,39,40,,37,41,,51,61,54,29,54,49,56,51,58,48,36,22,25,24,,17,12,15,18,20,16,,31,21,14,16,12,23,13,17,28,15,20,15,30,33,30,30,30,13,11,8,10,10,,8,21,15,18,12,23,17,18,18,19,10,11,23,17,18,12,15,15,15,15,,14,17,13,19,25,22,25,19,29,27,33,16,58,88,,65,82,65,75,40,51,44,40,53,42,44,45,49,77,68,69,70,49,61,51,68,61,65,,57,23,27,21,22,19,23,22,26,31,27,32,29,23,28,27,25,30,32,9,19,21,14,16,16,24,25,20,16,8,6,15,26,25,26,26,33,23,7,5,25,26,25,28,25,32,37,28,42,36,22,17,16,17,37,35,42,29,57,,,48,17,16,23,32,27,34,35,38,37,31,19,21,18,,23,23,20,34,38,35,38,31,41,36,43,34,22,43,53,41,45,46,55,44,54,49,48,31,61,42,40,8,14,8,18,,17,18,33,25,6,9,14,13,15,25,34,20,20,21,34,37,13,12,18,11,16,10,20,21,16,16,16,15,17,14,10,17,7,7,8,12,6,5,18,19,19,17,18,,18,17,19,19,20,,8,13,24,19,26,13,14,12,16,12,,15,14,19,23,,31,,26,,,20,18,27,37,22,28,39,33,,40,45,,33,39,82,83,77,69,74,67,40,42,38,44,35,40,,31,32,47,33,,38,45,40,29,30,52,,48,24,23,24,12,35,19,20,,31,30,23,52,,,12,9,17,18,29,23,19,38,32,37,43,27,15,25,21,25,35,23,29,28,32,30,33,25,27,31,15,19,16,12,13,17,13,11,,,9,12,12,14,16,27,27,19,28,14,25,5,24,14,17,6,9,11,9,16,16,13,18,11,17,15,15,24,17,18,9,12,15,,39,26,37,13,16,17,,16,32,17,,26,32,37,33,22,26,23,36,24,28,20,51,38,33,24,9,,10,11,18,12,,21,18,28,30,9,9,6,12,20,30,,26,39,9,6,11,35,46,30,22,36,42,37,36,34,41,32,44,36,30,31,30,29,31,32,25,36,41,42,45,36,6,24,19,23,17,26,27,22,21,29,23,33,31,29,31,69,59,48,51,58,53,54,47,54,30,29,26,27,28,35,38,30,37,32,30,30,33,38,49,46,45,,48,57,50,32,,34,33,53,,52,56,47,51,54,38,33,46,38,38,44,37,37,26,42,46,36,,30,31,19,29,22,39,38,35,54,49,37,58,27,39,12,25,23,26,,10,25,,17,23,23,18,32,24,24,22,32,32,28,19,21,26,22,21,28,29,32,36,31,17,24,35,14,15,18,31,20,15,16,11,20,19,17,13,19,18,20,14,24,19,25,26,25,27,11,18,24,40,41,48,42,24,26,22,21,22,25,27,25,31,23,30,35,32,31,31,39,36,13,20,18,22,22,16,22,6,8,10,8,49,42,39,38,29,37,25,35,28,28,28,26,19,13,20,32,23,32,28,,16,25,23,26,26,27,31,32,26,38,,18,20,,10,23,20,23,15,4,5,6,,8,8,12,13,12,14,25,30,11,17,27,11,11,15,11,10,12,24,29,11,10,10,,5,11,14,17,16,18,15,11,28,18,22,11,10,12,,10,14,11,9,14,10,10,12,10,10,11,13,2,3,,18,6,5,5,3,25,,3,,3,4,22,27,30,28,36,29,28,26,,16,15,17,13,15,10,10,21,27,11,12,3,8,20,21,21,23,29,32,31,14,11,19,,11,11,22,39,19,25,14,30,6,23,20,12,22,11,13,17,9,15,17,22,34,20,22,11,23,18,10,17,26,25,15,44,,51,90,110,32,20,30,11,9,9,14,29,16,12,27,39,26,53,54,40,49,38,45,39,13,15,20,33,27,15,26,30,22,19,44,30,10,22,10,12,21,26,21,28,16,17,14,43,45,39,44,38,30,22,23,33,19,21,21,12,15,12,15,8,28,29,17,17,13,22,15,22,10,58,,44,34,84,55,36,60,52,13,52,21,18,14,64,30,23,45,49,12,34,20,14,16,11,33
20170820,15,PM10,,53,71,,,,41,,76,54,74,62,,,69,,46,58,59,,47,55,,,45,58,,73,76,65,,84,,,35,,,48,44,45,15,7,18,27,27,48,82,61,48,61,53,50,,57,63,70,57,83,70,69,51,35,40,78,56,56,51,,51,32,51,50,51,44,58,72,54,15,58,80,,,60,50,77,78,63,64,92,103,117,123,124,86,84,93,26,43,48,,,56,59,48,48,,63,21,19,25,18,28,22,18,11,14,23,31,47,26,,32,13,21,16,29,13,54,32,22,,23,36,29,31,24,22,28,19,,,16,,22,,33,8,14,14,27,14,27,16,39,29,25,21,43,20,,,9,16,28,,,67,50,64,34,51,29,,,,46,77,,84,51,62,,49,40,39,,12,,25,24,25,30,23,34,19,,,,21,22,,,38,44,38,44,,,14,22,23,40,34,22,12,,44,,40,,55,35,26,21,29,22,32,31,33,38,30,,38,54,37,27,,43,31,33,44,48,37,45,57,60,,,29,,55,27,,62,33,41,69,31,34,,33,30,37,40,42,45,47,,34,42,28,31,29,50,42,45,49,33,97,,80,99,90,104,70,39,55,51,53,37,67,47,39,42,,59,68,71,50,45,61,61,65,,19,19,33,29,21,19,27,32,15,59,57,50,74,50,47,61,67,69,49,54,67,53,43,96,45,76,42,46,25,28,25,33,28,34,39,27,38,34,54,42,,49,69,58,61,54,63,48,68,35,47,27,52,42,66,29,19,37,32,47,23,,33,17,41,55,54,30,19,31,42,37,35,27,36,25,36,22,22,43,47,62,55,43,39,94,92,81,65,70,45,38,44,50,22,42,43,23,24,27,44,22,8,21,12,24,25,34,,41,19,60,22,27,18,21,30,,23,23,31,25,16,,35,39,38,32,57,,33,65,28,33,26,30,46,33,39,24,40,22,16,,23,20,12,,18,29,5,6,41,5,78,85,71,94,,76,72,110,62,100,64,80,116,49,22,14,33,,36,,9,29,36,,,,49,40,32,45,23,31,47,,,34,38,29,40,23,27,34,25,,,17,35,66,53,27,36,,46,50,57,24,14,24,22,27,47,60,36,29,16,14,15,25,47,30,14,20,15,22,17,71,58,42,63,,33,,30,28,18,19,34,,,42,,20,19,12,,,29,58,62,30,33,41,37,39,44,39,13,16,13,3,,,35,,42,,34,41,41,40,39,37,26,26,20,31,11,16,17,11,18,,,53,59,72,55,46,84,62,33,62,48,28,32,38,19,23,25,14,19,60,62,46,44,40,53,,14,20,72,59,60,54,23,15,46,40,,79,67,,42,29,22,42,33,37,48,,,,74,53,50,103,,62,,74,64,47,51,,48,51,,60,,60,,56,56,78,64,49,,92,47,37,35,,20,26,96,35,44,20,,34,38,22,35,18,22,32,23,27,12,17,7,29,41,31,27,23,19,20,13,23,20,,8,41,38,46,34,68,20,14,33,8,34,39,,20,29,20,26,30,36,31,,39,41,27,59,64,31,26,46,54,86,56,44,,81,,74,57,74,82,42,49,55,57,48,65,47,42,47,,53,,78,54,8,48,49,86,81,,72,53,88,47,40,,74,70,68,,,29,39,53,33,29,32,21,18,40,,22,,32,16,22,28,100,,15,,30,29,29,19,31,32,47,7,3,30,34,26,34,43,49,50,51,105,81,19,21,23,22,57,49,36,35,72,,,55,44,28,,,43,59,58,64,56,40,35,,26,,39,33,,62,48,67,65,58,65,103,128,40,46,51,54,,15,,27,24,,,,108,84,95,60,,38,13,53,,39,66,57,50,33,11,46,41,31,46,47,45,26,14,80,81,,13,22,17,20,14,26,28,19,22,17,,33,30,49,23,17,15,,4,5,,36,30,32,40,30,26,37,35,37,61,38,,30,42,,26,,33,16,16,24,17,,12,11,27,18,,27,,34,,,16,,35,96,83,68,94,,,52,73,,38,54,122,,115,,127,128,69,78,77,78,53,60,,41,53,64,70,,59,66,48,55,39,80,,78,27,9,21,33,42,35,71,,27,43,44,61,,,35,36,53,65,22,61,22,23,42,34,27,25,30,69,44,80,31,35,,47,,21,,33,36,,20,21,18,10,11,20,14,34,,,27,34,22,22,44,53,43,,37,40,48,26,29,43,11,,24,32,,,21,29,34,9,34,27,25,50,13,29,20,14,18,,60,,62,,40,42,,37,38,41,,31,62,47,,,55,51,45,47,29,29,53,48,60,32,31,,18,33,20,48,,37,49,56,65,17,30,26,34,35,42,,41,47,14,17,6,58,70,42,35,68,55,,48,50,,46,45,43,88,65,51,69,,45,71,,,78,76,66,,38,49,14,15,28,44,43,42,35,40,36,36,40,40,69,78,64,56,61,56,64,63,67,44,44,41,42,45,54,54,47,62,46,31,45,47,58,56,48,43,,59,51,52,38,,35,37,47,,42,71,68,67,57,63,75,39,48,56,69,81,54,59,56,62,,,54,66,58,68,,69,,46,77,94,56,77,38,64,37,65,69,76,,33,30,,48,37,41,37,41,73,52,,44,36,24,24,28,,19,25,33,,23,,28,23,45,33,25,30,29,36,62,18,48,9,26,21,36,19,77,40,37,61,55,15,,11,26,17,20,23,39,30,40,65,45,53,31,21,19,16,26,39,30,42,28,54,,20,42,73,51,47,30,25,29,25,31,16,,28,35,30,31,95,73,70,109,48,55,40,32,41,34,34,32,44,40,35,50,30,31,23,,42,39,40,25,23,41,76,,,,,31,36,,44,72,53,78,55,3,5,3,,,16,14,19,17,18,49,67,53,63,56,21,29,,28,35,28,57,37,32,16,19,,22,16,,47,20,120,43,14,,10,61,34,20,,,27,28,14,24,,15,,15,24,19,17,35,60,22,,32,3,10,10,16,23,,3,,12,29,26,22,30,37,10,14,14,23,,25,19,,13,14,10,30,16,24,12,22,6,9,22,10,60,72,31,29,26,20,6,58,,9,11,,,9,19,12,26,20,,24,26,23,15,13,5,9,15,11,40,39,19,37,22,20,18,21,28,63,50,55,100,,150,754,434,33,28,29,33,19,14,26,25,14,15,38,47,37,,45,59,64,63,66,90,29,35,,24,35,17,39,39,16,29,33,37,17,,55,41,33,32,31,38,17,29,18,,78,57,52,57,74,28,44,39,53,33,44,26,28,17,18,10,62,60,29,35,18,73,30,34,23,71,,59,32,66,56,59,51,61,31,93,29,27,17,88,31,,36,49,,36,50,75,51,21,47
20170820,15,PM10_24h,,56,60,,,60,72,,51,71,63,81,,,73,,63,64,64,,67,58,47,,66,50,,110,114,98,88,80,73,88,70,68,114,105,100,88,27,28,42,44,45,111,125,99,87,57,68,72,74,71,64,62,50,67,68,67,65,52,48,66,43,51,54,,51,51,63,60,70,58,69,90,81,65,89,80,,,63,63,70,78,58,79,111,116,127,149,122,121,107,111,31,42,49,,,60,52,46,50,,69,29,24,26,32,30,31,22,22,28,22,39,60,37,,35,15,18,25,25,36,90,67,63,,69,68,67,67,54,43,50,56,62,46,36,50,47,40,46,35,37,39,23,17,21,16,27,25,31,21,19,29,40,43,33,35,36,,42,45,34,45,48,38,32,,,,71,47,,54,53,58,,43,37,28,,27,,36,27,50,33,29,41,22,,,,27,26,,31,28,28,26,30,,25,20,28,26,29,28,29,22,,33,,46,,31,47,42,27,45,33,37,44,50,40,47,,40,49,44,44,,36,41,54,48,51,52,48,62,62,,,25,,52,39,,61,41,44,33,29,27,,38,30,51,51,53,37,39,,31,26,24,22,26,36,26,25,22,23,69,,75,73,76,81,47,36,52,68,72,67,87,74,82,31,,78,73,103,71,78,104,82,88,,34,28,28,34,23,22,22,50,20,81,74,71,80,73,67,79,75,91,68,62,65,53,58,75,55,62,58,52,54,35,71,58,41,55,46,43,52,51,55,53,,49,58,36,89,50,68,50,55,24,30,21,35,27,58,23,23,25,18,43,17,16,17,17,51,53,51,32,36,33,58,52,34,29,27,20,33,34,31,33,52,52,53,44,34,69,64,58,61,59,61,55,49,56,47,64,57,42,68,58,57,66,16,17,20,19,22,37,,49,32,61,41,43,69,53,57,,34,43,43,40,56,,33,42,35,29,65,,30,55,31,33,22,25,38,34,32,30,41,37,31,25,39,37,31,53,12,12,9,7,17,11,68,68,61,79,78,70,65,107,51,66,57,79,95,56,48,35,52,42,26,,25,38,49,,,,54,55,45,81,70,56,52,,57,45,60,42,48,38,41,50,47,41,40,19,32,47,56,58,77,76,70,85,91,86,67,59,65,80,66,98,48,44,32,31,30,39,75,67,47,52,66,48,46,71,64,64,53,,28,,30,35,34,26,50,,,63,,67,30,31,,61,56,63,62,60,33,56,42,51,44,76,24,27,22,15,24,,51,,53,,47,44,39,48,29,34,40,26,22,24,20,19,21,35,28,40,,75,69,77,69,72,48,52,30,47,37,50,28,24,21,18,32,16,18,30,30,34,49,62,51,21,19,22,66,62,64,21,23,22,86,64,,67,64,,40,49,44,43,27,51,50,28,,,75,64,64,117,,48,42,51,46,50,51,,51,52,,76,75,79,36,77,92,71,93,114,86,59,61,58,39,,21,24,36,30,38,21,,49,51,28,34,18,45,58,30,52,51,40,39,55,46,49,59,50,35,32,28,28,30,,11,52,46,51,27,56,53,39,64,59,34,33,29,23,33,23,27,24,28,27,,34,35,31,45,70,47,54,40,68,62,67,31,126,119,,113,100,128,122,57,77,71,66,82,72,75,66,69,123,105,97,101,92,87,72,91,87,92,,74,50,63,55,54,51,49,45,49,32,30,44,42,42,30,45,31,41,37,30,49,63,26,27,28,47,43,55,24,23,22,37,38,45,31,49,57,74,17,16,33,37,36,43,40,52,52,45,59,66,45,28,48,41,56,66,52,43,76,,,64,35,38,41,40,45,54,70,76,54,54,62,40,54,,43,38,46,59,55,63,68,46,52,72,73,69,72,96,90,110,112,104,93,95,103,137,124,77,96,62,54,29,24,23,44,,41,44,71,66,39,18,38,33,40,90,87,99,36,28,60,58,27,16,27,22,30,28,29,33,24,19,25,29,43,37,40,39,23,18,12,15,15,14,40,37,38,32,32,26,33,34,36,55,50,,25,31,36,34,35,29,24,20,25,14,,29,25,39,36,,42,,48,,,37,33,48,73,55,47,60,60,,60,64,,74,84,110,111,106,98,139,116,58,78,63,83,66,55,,48,47,60,69,,52,64,62,51,45,100,,67,49,46,47,32,47,32,51,,95,83,97,61,,,44,46,30,37,38,59,30,60,56,57,72,65,27,43,49,57,52,36,51,40,69,48,75,48,51,43,30,30,27,26,31,36,29,41,,,40,33,28,27,38,69,73,43,57,58,122,27,55,40,33,12,23,19,23,32,35,43,55,18,48,70,32,48,35,35,37,34,29,,60,31,46,27,28,35,,40,42,50,,33,52,43,56,36,44,52,57,51,34,41,58,48,58,31,42,,22,32,29,42,,40,40,36,43,36,30,19,23,45,42,,58,61,22,25,22,66,59,52,33,57,65,49,65,55,57,48,67,58,62,63,72,63,52,46,50,50,66,66,88,60,13,76,52,53,45,39,56,49,54,59,37,59,51,59,48,92,97,74,72,88,68,80,74,77,43,45,47,44,50,44,46,42,57,45,41,50,57,71,76,75,68,,73,72,70,51,,53,53,70,,62,73,70,71,61,59,47,62,58,69,81,74,70,53,58,61,54,,44,62,66,52,32,49,32,51,69,69,67,68,40,52,43,46,55,52,,37,40,,43,31,38,34,43,44,30,20,54,49,42,45,42,53,41,37,41,49,54,63,46,32,47,45,32,37,37,55,79,49,58,27,29,36,42,32,45,36,49,59,66,27,40,41,49,33,25,44,64,67,66,81,62,85,44,40,42,45,47,46,36,62,57,51,57,51,55,66,56,59,26,56,49,41,43,26,39,33,37,31,58,80,50,50,75,55,56,39,46,37,41,37,40,51,42,37,47,44,61,68,,59,54,39,36,38,47,65,52,33,42,,28,37,,43,78,62,73,53,11,8,10,,18,13,16,24,22,27,38,54,41,57,38,20,23,28,22,47,59,71,46,27,19,17,,22,28,29,44,50,110,58,26,27,25,41,28,29,24,,27,34,21,27,35,35,20,26,24,20,30,49,58,20,,66,7,12,12,16,61,,10,,14,26,37,53,55,50,58,52,49,53,,31,25,26,21,69,45,32,33,42,18,21,8,14,40,39,67,58,48,51,48,34,20,60,,18,23,36,68,26,38,32,37,11,36,50,51,47,63,55,66,43,64,40,67,120,74,70,15,41,32,32,45,63,74,79,206,,155,517,351,72,47,68,24,30,17,41,47,49,22,45,47,36,84,58,56,102,54,55,83,43,32,26,41,42,29,43,35,35,31,83,38,16,57,36,51,29,45,38,56,25,28,20,52,73,75,57,57,55,53,50,62,49,36,34,23,33,19,26,16,66,49,27,33,22,47,39,56,34,100,,72,48,109,105,71,59,68,28,70,37,45,27,86,74,34,61,69,27,50,32,59,36,23,44
20170820,15,SO2,2,2,4,4,4,1,3,6,3,2,3,1,,,8,,8,2,10,,6,3,10,,7,3,,6,30,7,1,10,6,4,8,10,23,30,31,27,5,2,12,11,8,3,6,7,3,10,14,5,5,4,5,15,32,27,19,14,7,8,11,14,8,9,11,,5,10,19,18,4,5,7,6,6,6,9,14,,,14,9,18,22,22,16,15,23,19,13,20,17,18,12,3,19,9,,,10,14,12,12,,11,9,6,11,13,6,4,6,5,4,7,6,8,8,,8,5,8,9,2,8,11,6,3,,4,6,6,10,6,5,13,6,4,5,6,5,4,6,6,3,8,6,7,11,8,23,7,8,8,8,11,7,7,13,6,5,8,,8,20,19,17,16,23,6,,,,22,17,,22,22,35,,28,7,9,,3,,3,3,1,7,4,9,18,,,,8,8,,13,9,12,8,6,,4,10,11,14,4,2,10,11,,7,,10,,12,9,5,7,5,7,6,11,3,7,7,,6,6,5,2,,8,5,6,11,11,12,12,3,8,,,6,,8,6,,6,5,8,7,7,10,,8,6,5,4,5,5,6,,6,5,2,21,3,13,6,7,20,5,7,,10,7,5,13,6,10,10,12,11,12,12,9,11,8,,10,6,11,20,7,15,14,11,,2,3,7,1,10,4,8,9,7,4,8,7,7,7,2,10,6,10,6,6,4,7,7,4,2,6,4,9,10,11,10,12,10,9,13,3,11,12,13,12,,11,10,12,13,12,6,9,10,12,,13,7,5,13,9,7,15,9,,3,7,5,5,11,11,10,7,5,11,17,22,9,7,8,7,7,4,6,4,12,14,14,11,11,17,19,14,12,8,13,12,11,12,7,11,8,7,7,8,7,8,4,5,8,4,8,12,,10,9,10,15,8,9,10,8,,9,14,8,6,15,,7,5,17,10,7,,6,4,10,3,6,6,5,3,5,6,6,11,8,9,11,10,12,12,8,15,10,8,9,5,9,2,7,5,10,5,8,8,6,7,5,7,10,6,2,2,6,3,3,,7,6,2,,,,12,8,8,12,15,11,16,,8,21,14,12,13,10,8,42,12,8,7,4,7,20,12,66,45,45,19,80,38,7,6,5,6,4,5,7,5,3,3,7,2,4,8,8,5,7,2,11,9,4,10,7,11,,9,,7,7,6,7,12,,,8,,4,7,2,,15,11,13,9,25,20,12,13,11,19,24,6,8,6,7,5,,12,,16,,4,10,15,14,2,8,6,11,9,3,2,1,4,14,12,12,,16,16,11,11,11,12,9,8,10,10,14,11,10,7,9,10,9,3,23,27,9,8,7,7,7,9,9,10,8,8,8,11,8,10,12,,15,13,,9,9,6,9,8,11,14,6,,,9,9,8,23,,44,26,66,71,10,4,,2,7,,18,16,17,17,14,9,10,10,5,,11,10,11,8,,5,5,7,7,8,4,,14,14,7,7,10,11,4,7,21,7,7,2,7,14,8,9,6,8,5,4,8,4,,,6,5,5,15,13,3,1,4,6,8,3,8,3,11,4,7,6,7,1,,7,28,7,,17,17,24,7,10,26,13,8,11,15,,10,19,12,14,7,7,7,5,4,3,6,7,5,11,10,4,4,11,8,8,10,6,8,,7,11,10,9,7,8,5,8,6,4,10,9,3,7,5,9,11,10,10,13,8,5,10,8,4,7,6,4,5,6,6,7,6,5,2,6,12,3,2,2,5,3,6,6,6,6,9,4,8,6,10,16,8,10,4,8,9,4,12,,,11,3,4,10,5,11,6,4,16,17,13,4,4,12,,5,15,12,13,13,15,8,10,8,6,9,12,10,10,13,3,5,2,6,4,4,5,2,11,9,6,9,8,6,9,8,,20,27,39,13,6,5,3,15,6,4,7,4,12,14,12,18,3,1,5,1,8,4,5,5,5,4,3,3,9,5,7,3,3,3,1,3,9,5,7,7,8,12,9,15,11,18,,10,15,,8,8,16,14,7,8,7,17,11,6,,16,12,11,8,,8,,6,,,1,2,17,7,8,8,8,5,,8,11,,4,9,13,11,17,3,11,22,10,11,10,9,18,33,,31,21,4,2,,6,15,8,5,6,21,,22,3,5,4,3,7,9,3,,5,3,4,27,,,10,3,12,9,7,7,9,5,5,5,2,6,8,8,17,12,11,8,8,5,7,7,5,6,7,8,14,,3,5,4,2,8,10,,,9,6,7,,6,1,4,8,8,6,7,3,4,2,2,4,3,11,7,6,1,1,10,2,26,14,3,64,9,8,4,7,30,,9,10,8,10,12,10,,7,4,10,,22,14,14,15,70,70,15,9,41,29,17,11,20,25,10,,,10,4,5,2,,12,12,10,3,8,7,7,7,13,11,,17,13,19,21,10,11,11,4,8,7,14,8,8,12,4,6,8,8,8,9,7,8,5,5,8,9,15,3,21,14,5,8,6,8,38,4,7,6,8,21,24,10,19,20,17,5,4,7,7,4,13,6,19,7,8,5,14,12,11,4,8,7,6,5,33,31,25,20,22,10,14,,12,3,7,7,,5,4,6,,3,9,6,7,6,8,8,10,4,7,6,5,7,6,9,5,5,,7,23,9,4,11,8,96,9,9,7,6,9,8,6,5,6,11,7,,6,6,,3,3,1,6,3,2,2,3,10,11,6,11,10,8,8,5,14,9,11,9,12,15,18,10,27,21,6,9,5,13,5,3,7,5,8,8,3,4,4,5,2,2,3,10,29,33,2,2,5,10,11,9,11,13,11,10,12,10,31,8,2,7,4,6,7,11,10,12,10,3,,8,4,5,6,9,6,4,21,21,22,10,8,13,10,7,6,3,12,4,3,3,5,4,8,8,10,8,9,6,,8,8,20,6,17,3,12,20,31,8,,5,4,,6,15,7,7,10,11,8,9,,20,10,14,19,15,13,19,9,13,20,11,4,4,4,2,9,7,8,11,4,11,4,,3,7,3,15,14,8,22,8,4,5,6,7,11,13,,7,11,6,7,7,6,6,5,8,8,20,11,2,3,,9,5,4,6,5,3,,4,,6,2,3,6,4,4,4,4,4,3,,6,7,5,5,29,4,6,6,8,4,6,4,3,1,1,16,15,4,7,8,3,12,4,,9,12,4,4,7,7,11,12,3,16,7,10,6,6,7,5,5,5,5,5,4,1,12,10,7,3,3,12,5,3,4,3,,15,21,27,10,16,9,3,3,4,7,6,6,11,11,7,13,5,6,8,31,34,5,22,10,7,11,5,5,5,6,7,11,11,4,9,6,8,8,8,15,10,7,7,10,4,4,1,3,7,11,9,65,6,8,67,1,6,6,20,5,12,10,13,31,22,7,9,8,9,14,11,16,15,,10,10,14,11,11,6,5,10,30,1,4,5,3,14,4,6,16,6,10,7,2,12,2,19
20170820,15,SO2_24h,3,2,3,3,3,3,2,4,2,3,3,2,,,8,,10,3,5,,7,4,12,,15,3,,8,28,7,2,10,8,4,30,25,49,46,51,46,7,4,15,11,12,6,11,13,10,10,15,7,5,4,7,8,22,20,12,8,7,8,13,8,8,9,14,,7,12,17,18,4,6,6,7,9,9,11,13,,,14,27,13,11,14,17,15,18,19,13,17,15,15,11,8,15,11,,,9,20,10,14,,14,8,8,9,10,6,5,6,5,5,6,7,8,8,,8,5,8,9,3,11,9,6,4,,4,9,12,14,9,6,12,9,6,7,8,7,5,8,8,6,8,8,11,13,9,24,9,10,9,9,7,8,7,14,6,5,9,,9,19,18,18,14,18,7,,,,17,7,,11,23,23,,24,7,10,,2,,4,4,3,8,5,9,20,,,,9,9,,8,7,5,8,11,,6,9,7,15,2,2,10,9,,8,,14,,10,10,6,7,9,8,9,14,5,11,10,,6,6,7,3,,7,6,7,13,11,12,13,5,9,,,6,,8,5,,6,6,8,6,7,9,,9,6,17,13,11,6,6,,7,4,2,17,4,19,16,17,24,5,6,,9,7,5,12,4,10,11,39,36,40,31,32,14,5,,33,7,16,21,6,14,16,16,,4,3,4,3,10,5,5,10,7,5,9,8,7,5,4,9,6,9,11,8,8,12,9,5,4,6,6,8,19,11,19,14,19,11,16,4,12,12,14,14,,14,17,17,19,13,6,9,12,12,12,13,12,6,13,17,7,12,11,9,4,4,5,6,12,7,10,11,10,10,25,25,9,7,7,7,9,12,8,7,17,20,19,13,13,11,14,11,12,8,16,26,14,20,7,13,9,7,7,11,7,9,3,6,5,3,6,16,,15,12,11,20,10,12,15,16,,16,12,13,10,16,,8,7,16,10,7,,6,11,9,4,6,6,5,4,6,6,11,13,12,11,13,14,19,26,7,14,10,9,9,7,7,2,7,6,9,5,7,8,9,6,5,8,9,7,4,2,7,4,6,,8,7,3,,,,17,9,8,10,9,6,10,,13,23,113,32,20,19,10,65,14,11,10,4,9,14,12,13,20,22,12,22,13,10,6,7,9,5,9,11,6,5,10,7,3,5,14,13,8,33,9,40,21,4,22,13,15,,8,,9,9,11,8,17,,,9,,5,9,6,,16,18,11,11,27,17,12,16,8,19,22,8,7,6,7,4,,12,,14,,5,14,19,19,4,8,8,11,9,3,2,2,5,15,11,12,,38,16,29,15,18,14,12,12,10,16,40,9,8,11,9,12,8,5,10,19,8,8,7,10,9,9,9,9,8,8,4,6,6,16,18,,18,18,,14,14,13,13,7,9,18,7,,,9,9,9,14,,20,17,27,23,10,4,,2,8,,28,43,32,20,35,14,6,18,30,19,6,13,14,11,,6,5,6,6,6,6,,18,13,11,9,9,25,5,6,13,7,8,3,16,19,24,24,22,9,6,5,9,5,,2,7,5,5,16,11,3,3,9,8,7,4,5,2,16,5,8,9,6,2,,14,15,14,14,24,19,20,8,21,46,25,6,11,12,,12,19,17,13,8,16,9,11,16,3,5,4,6,16,12,9,3,12,11,8,12,7,12,,10,12,10,8,7,8,8,10,10,28,27,37,12,9,24,9,14,12,12,19,9,6,9,7,7,10,10,6,5,6,7,9,8,7,9,8,17,4,2,2,6,5,7,7,6,6,9,5,9,5,24,19,11,11,4,5,11,6,14,,,10,4,4,11,7,8,5,8,13,11,9,10,8,12,,9,19,12,12,12,15,7,11,9,6,8,12,10,10,14,4,5,3,3,4,4,4,2,9,9,6,8,10,6,17,12,,9,22,39,13,3,6,3,15,6,4,5,4,9,13,11,13,4,1,4,2,7,4,5,6,5,4,4,4,9,7,6,3,5,3,2,4,9,5,6,8,11,10,10,14,12,22,,11,14,,7,7,12,13,10,10,8,17,11,9,,17,14,13,10,,9,,10,,,2,2,14,8,8,8,8,6,,8,10,,15,23,20,12,17,8,13,22,10,11,17,15,16,22,,13,14,7,5,,9,15,19,23,18,51,,35,6,8,7,7,9,6,4,,6,8,7,27,,,7,4,13,9,8,6,9,12,11,17,21,11,7,8,11,8,13,7,6,5,12,9,8,14,8,11,15,14,7,8,6,4,7,9,,,7,7,7,8,2,1,3,4,11,6,8,4,17,3,8,4,5,11,7,7,2,3,14,2,17,12,3,18,10,14,4,9,30,,16,13,11,14,12,13,,11,2,9,,24,15,31,23,29,27,27,18,20,24,10,8,10,23,11,9,,11,4,6,3,,10,19,19,16,10,7,7,9,13,13,,23,32,17,14,10,13,11,8,14,6,15,10,9,13,5,7,15,6,9,16,10,11,5,6,6,25,11,4,23,8,5,19,10,17,59,4,8,20,23,20,28,26,32,32,25,16,24,14,17,30,36,23,42,31,11,4,15,18,17,4,11,7,7,8,35,30,32,72,23,19,25,,14,6,10,8,,5,5,8,,5,9,7,7,6,9,7,10,3,6,7,4,6,6,8,7,5,,6,22,26,6,11,8,16,8,10,9,6,9,10,8,9,7,10,9,,9,8,,3,5,4,5,8,6,2,3,12,11,9,18,17,14,16,9,17,22,17,66,38,25,18,10,22,18,8,21,14,21,14,7,8,10,8,12,4,5,6,6,1,6,4,17,46,20,3,1,5,19,12,10,14,17,12,15,15,12,17,9,3,8,4,12,36,56,12,21,12,12,7,8,5,15,18,9,16,6,36,32,24,10,9,13,11,16,11,11,7,6,3,3,5,4,8,5,8,8,9,7,,8,11,18,6,13,6,15,5,28,6,,4,3,,6,22,6,7,8,9,8,7,,20,9,13,15,13,13,14,7,13,23,9,4,4,3,2,6,7,10,17,4,10,3,,3,6,3,23,37,7,19,8,5,4,12,7,12,15,,23,9,8,9,8,10,4,6,11,11,16,9,2,7,,9,4,4,5,4,3,,4,,6,1,4,8,6,7,8,8,7,5,,10,11,6,7,12,5,6,7,10,4,6,6,8,4,2,20,14,4,7,8,3,13,4,,9,14,4,6,5,7,12,13,3,10,9,11,8,8,10,8,5,5,5,5,5,1,12,7,6,2,3,12,4,2,4,5,,14,41,37,13,15,9,3,3,4,10,10,10,10,14,6,15,13,8,10,32,13,7,30,12,7,7,6,6,6,9,9,11,10,4,8,6,21,17,44,21,25,13,8,10,4,4,18,12,8,13,12,25,8,9,17,3,6,11,9,6,14,19,11,23,21,12,9,10,6,14,14,14,32,,11,10,16,25,23,12,8,5,25,2,3,6,7,35,5,10,19,7,10,6,2,12,11,14
20170820,15,NO2,18,11,29,15,28,16,29,14,12,13,32,11,,,11,,16,15,29,,8,23,6,,3,19,,22,13,6,23,4,15,30,30,23,36,25,27,27,6,5,6,9,5,23,8,6,4,10,12,7,15,17,11,16,14,18,13,18,13,8,10,10,9,17,17,,12,24,14,18,4,11,11,2,8,13,10,19,,,11,13,13,12,19,10,21,33,19,21,16,22,19,15,7,6,15,,,13,10,14,21,,11,6,15,13,10,9,8,10,12,8,2,13,14,10,,10,1,2,7,5,6,9,25,3,,15,25,20,21,24,2,14,10,35,35,31,38,33,23,27,39,36,53,13,12,16,19,19,15,4,18,24,12,28,20,14,10,33,,18,31,41,31,18,40,9,,,,29,17,,18,15,19,,15,5,9,,10,,10,5,17,19,10,23,6,,,,11,17,,31,22,27,15,19,,20,4,9,8,11,,1,6,,13,,5,,14,33,19,6,22,14,27,35,17,18,24,,12,17,19,6,,11,11,11,19,15,12,11,44,29,,,24,,7,13,,15,5,8,9,6,7,,12,19,14,10,28,7,9,,6,21,8,4,8,21,14,13,22,5,19,,14,24,14,17,14,20,24,13,2,6,14,11,9,4,,3,26,9,11,23,16,16,19,,13,17,20,15,13,17,9,16,5,13,6,19,11,14,5,16,20,5,16,28,14,30,13,22,31,31,14,2,6,2,6,6,7,11,17,11,5,4,23,16,,22,26,18,13,28,20,20,11,21,21,33,17,11,16,18,14,27,16,,4,23,10,4,12,21,13,8,8,9,11,14,14,9,7,8,10,11,6,8,19,19,25,23,11,28,26,20,23,21,9,18,13,10,24,14,22,10,11,10,18,14,8,2,11,6,5,7,,9,29,12,8,5,16,7,22,,12,12,16,7,8,,12,15,39,20,27,,29,5,8,21,2,8,6,13,22,9,6,12,8,6,13,12,15,15,8,13,10,2,25,4,16,14,37,24,25,19,12,27,13,26,14,18,12,21,16,3,43,31,,,6,13,10,,,,18,13,22,17,4,20,17,,9,5,4,3,18,2,7,7,6,,5,4,4,10,4,56,42,53,35,62,39,28,14,8,16,13,16,8,12,13,4,1,5,4,7,9,2,2,3,3,7,26,17,9,10,,7,,14,9,15,6,8,,,8,,10,10,6,,12,9,13,19,6,11,8,10,5,1,3,3,21,18,6,13,,6,,4,,8,8,13,10,17,11,12,17,3,13,7,2,2,5,5,3,,14,11,15,11,22,11,15,8,11,7,9,12,6,6,9,8,5,6,13,8,6,9,8,13,2,9,7,18,15,17,6,6,4,19,12,,11,9,,3,5,3,6,7,12,11,11,,,12,11,17,8,,19,14,14,17,3,2,,5,2,,4,13,,4,4,10,17,15,20,6,10,13,4,10,,9,49,47,46,26,8,,11,10,8,7,5,5,1,6,26,8,4,2,7,9,5,9,12,9,9,7,5,7,,5,13,14,5,2,4,8,18,2,13,7,9,5,7,20,6,34,12,29,11,,5,24,4,,3,16,24,4,7,25,7,5,14,4,,9,14,6,,9,4,12,10,9,9,4,8,5,12,12,11,12,8,1,14,8,12,21,,10,7,15,8,16,14,18,12,6,5,2,2,7,2,1,2,2,1,5,2,7,14,5,5,2,11,7,11,2,7,8,3,7,8,7,10,10,8,4,7,11,34,17,20,8,10,14,20,9,10,10,8,19,10,11,10,8,14,17,,,12,6,8,7,8,13,11,16,17,18,19,19,7,14,,6,21,11,13,16,3,12,6,10,25,20,6,12,23,20,3,16,32,30,19,29,34,52,8,7,7,1,3,6,5,11,,12,25,18,23,12,18,2,19,5,6,8,10,5,,9,11,8,,11,10,8,17,10,4,,8,4,4,9,7,2,8,5,1,5,2,9,8,10,9,10,43,14,24,11,16,27,23,22,,12,33,21,12,26,5,20,6,11,2,,15,16,10,7,,14,,9,,,10,4,6,5,7,14,6,12,,16,12,,7,9,17,6,13,9,10,13,11,10,9,15,16,10,,14,12,2,7,,9,3,14,12,4,12,,4,7,2,4,15,10,10,9,,8,5,5,27,,,10,1,18,14,10,9,5,2,15,7,12,10,6,12,15,11,9,13,8,10,4,2,6,6,4,6,7,14,10,15,4,2,7,7,,,6,4,13,3,11,28,3,4,6,13,8,2,20,7,2,2,2,6,5,4,4,2,15,3,30,6,12,19,5,11,2,6,20,,12,14,19,16,6,9,,20,2,2,,11,24,12,10,67,71,31,50,43,19,18,18,13,15,32,,,7,8,9,15,,14,24,32,16,8,15,7,18,10,2,,35,16,13,13,22,18,19,10,8,10,12,11,2,8,4,7,6,5,15,11,7,5,9,12,18,2,3,3,10,18,1,3,8,9,10,3,14,5,3,10,4,5,8,6,7,10,16,7,14,12,8,2,3,6,2,3,5,6,14,3,3,3,7,2,4,27,8,11,15,3,8,,19,22,8,9,,4,2,9,,6,5,6,4,3,11,12,9,8,8,2,7,5,5,5,6,2,,24,7,12,7,6,21,30,17,14,14,7,23,19,7,16,12,13,7,,3,5,,7,2,6,14,3,3,6,7,8,5,8,7,6,4,5,7,1,5,6,6,4,6,14,8,17,12,8,3,4,5,6,3,1,5,9,6,2,1,1,3,1,5,4,7,18,5,3,3,2,17,4,8,9,13,6,5,7,6,16,20,17,13,12,4,5,2,12,3,5,5,4,10,8,5,6,7,4,28,37,29,30,4,11,7,6,17,11,9,12,3,8,8,2,18,18,28,27,4,8,6,,21,16,5,11,14,11,8,9,23,18,,12,14,,6,29,20,15,13,4,8,9,,18,3,6,10,5,10,10,17,11,22,10,4,6,5,4,2,9,6,3,6,7,6,,2,8,10,8,8,13,5,9,6,4,5,4,4,5,,4,4,2,8,4,1,12,9,5,2,4,6,11,4,,16,1,2,1,2,9,,9,,4,9,4,6,6,7,17,22,21,18,,6,6,21,10,11,5,3,20,15,5,5,2,5,6,16,9,13,6,15,9,9,17,20,,5,4,3,10,10,28,4,8,2,10,3,5,,8,10,9,15,9,8,15,12,2,5,15,7,16,2,6,13,20,1,2,,10,13,9,12,9,9,15,1,6,12,5,5,5,16,6,24,7,4,17,10,16,2,15,11,10,26,8,16,7,17,14,4,6,8,16,2,8,7,8,16,5,6,5,15,2,6,21,16,17,27,12,23,11,19,13,8,9,11,14,12,11,9,8,17,,8,12,9,19,10,11,2,9,,18,9,8,7,9,20,6,7,23,4,2,5,26,13,6,1,16,4,3,10,11,5,2,10
20170820,15,NO2_24h,33,14,42,28,45,34,46,34,13,34,52,49,,,36,,36,31,41,,36,28,25,,19,35,,57,41,33,44,21,43,9,53,57,45,44,58,58,17,32,23,23,31,43,33,28,25,22,17,24,26,27,18,17,16,19,19,21,29,19,28,25,14,46,45,,38,31,24,30,21,30,25,17,27,24,22,43,,,29,26,37,41,31,32,32,53,50,63,44,50,57,34,14,27,38,,,35,34,34,40,,38,8,17,12,11,7,7,9,14,13,2,36,35,24,,32,5,7,27,15,28,35,44,22,,51,57,52,53,57,27,32,42,28,33,36,29,34,21,26,33,25,34,29,18,28,26,26,29,14,32,35,21,39,31,30,20,28,,35,23,31,27,18,28,21,,,,34,21,,24,26,28,,30,18,23,,15,,21,11,28,31,18,33,15,,,,16,26,,14,16,16,16,19,,23,16,20,20,18,22,9,9,,20,,14,,17,43,39,6,35,32,34,46,33,24,34,,13,22,19,24,,8,24,25,34,24,33,24,26,17,,,21,,21,22,,18,10,13,8,8,9,,16,18,25,21,31,17,15,,27,41,34,23,39,66,32,37,38,29,27,,31,35,25,35,12,28,24,35,22,30,41,35,36,7,,27,43,30,31,34,34,35,38,,12,24,20,22,24,28,11,26,10,22,19,31,26,22,15,24,32,18,41,38,31,42,28,41,34,29,29,17,25,11,29,28,26,32,34,39,22,21,50,41,,51,57,32,66,65,38,59,30,41,49,40,36,28,45,42,20,37,34,38,19,16,20,13,30,43,32,23,19,13,43,41,24,14,11,11,17,20,14,15,39,43,46,12,30,32,42,37,35,40,39,31,23,24,42,34,40,27,32,32,35,34,9,8,15,12,8,14,,33,36,42,25,23,48,26,57,,34,43,35,34,41,,23,27,48,34,39,,34,9,16,22,5,15,11,18,22,17,15,18,21,11,22,23,22,28,14,19,21,10,25,12,27,23,47,34,34,37,22,41,17,28,17,34,21,20,16,4,28,28,4,,8,13,14,,,,23,22,57,36,28,50,44,,27,19,32,18,22,13,18,25,19,23,17,3,7,29,7,34,30,35,26,42,28,30,18,15,18,17,30,32,22,23,11,14,14,21,26,31,18,15,22,27,27,37,30,26,22,,17,,19,19,29,16,27,,,16,,16,22,19,,32,11,24,27,26,22,15,27,14,3,9,15,25,22,9,14,,17,,18,,21,20,22,26,22,17,23,24,7,8,7,6,9,20,15,20,,25,20,31,20,46,21,23,19,22,14,21,15,10,14,11,15,7,12,16,12,13,18,21,20,9,11,11,36,25,33,9,11,12,46,34,,24,23,,15,16,18,18,10,28,28,16,,,16,13,22,30,,23,10,16,20,13,6,,19,10,,9,29,12,5,6,54,33,30,42,38,14,21,14,16,,12,16,26,36,24,6,,27,19,10,18,9,22,9,21,25,22,17,10,29,28,31,35,33,21,18,17,14,17,,6,21,16,20,7,11,21,26,12,22,11,13,13,10,28,13,34,30,31,28,,22,16,18,16,9,29,20,6,14,25,26,4,27,18,,26,26,19,21,21,21,29,25,37,16,8,15,11,25,29,35,16,11,7,16,15,13,25,,13,21,25,23,24,19,21,20,14,13,17,13,23,7,17,9,6,11,16,5,16,27,14,4,5,23,18,19,9,11,12,14,21,19,18,26,25,27,8,11,12,26,15,17,12,25,22,20,17,17,39,20,28,19,14,19,19,20,19,,,28,17,16,13,14,14,19,25,21,32,14,30,17,23,,17,24,21,22,21,9,22,4,10,24,21,27,34,39,37,13,17,23,26,23,28,26,29,17,9,11,5,12,12,12,25,,9,23,25,21,10,18,3,17,12,27,24,21,12,,17,21,14,5,16,17,16,24,16,9,3,9,12,13,21,13,12,17,8,5,6,3,14,12,20,24,28,34,19,30,18,26,32,28,27,,12,27,30,21,35,17,22,9,16,3,,12,12,21,17,,22,,21,,,13,6,20,12,8,16,11,15,,17,12,,24,28,33,21,30,22,24,18,21,22,18,22,30,13,,21,14,2,13,,13,4,30,26,15,42,,33,11,6,8,16,17,12,18,,12,9,10,25,,,18,12,15,9,11,9,4,17,27,16,28,27,8,17,21,15,14,12,15,23,14,7,21,20,25,20,23,26,23,18,10,10,15,12,,,26,12,14,8,12,31,8,9,17,26,22,7,27,11,15,2,10,5,2,18,24,22,38,6,21,19,12,14,9,14,11,20,19,,29,22,18,29,22,24,,16,8,8,,12,23,20,21,53,56,33,42,29,27,26,20,21,22,31,23,,16,17,17,13,,20,34,40,23,17,24,18,15,12,5,,35,26,18,23,16,29,21,23,18,16,25,27,17,12,5,18,17,12,24,30,28,27,15,15,18,3,15,9,19,9,3,24,18,23,16,9,29,12,17,31,6,18,18,21,19,22,24,12,20,28,18,16,16,19,13,12,14,16,23,10,10,3,13,14,13,33,19,20,28,20,26,,31,35,25,12,,11,10,14,,11,9,9,6,4,14,16,12,13,13,22,12,15,16,9,9,7,,27,30,31,29,6,22,16,18,15,10,12,20,24,17,27,16,17,12,,9,13,,16,3,11,16,8,4,8,12,19,6,14,22,17,16,20,13,7,21,20,18,13,15,23,15,19,21,21,25,24,22,28,6,5,8,13,9,5,8,6,10,3,6,12,18,28,10,6,21,19,30,23,24,29,22,12,15,18,16,22,23,24,28,24,12,14,16,18,13,14,18,13,25,25,14,13,11,12,23,42,32,32,15,21,17,22,16,16,18,20,18,22,17,10,22,30,34,36,12,17,20,,18,32,25,29,19,32,15,26,34,16,,12,18,,10,41,21,19,18,5,8,8,,18,6,12,15,11,18,14,15,13,28,12,4,7,6,4,13,16,15,13,13,16,7,,6,10,6,10,21,19,13,14,10,7,10,13,8,10,,10,9,7,12,13,11,11,16,10,6,9,15,16,7,,31,4,5,5,4,14,,9,,4,10,14,17,19,17,23,21,24,19,,14,12,19,18,9,5,3,17,12,14,12,10,11,13,15,26,26,7,16,8,9,14,18,,7,8,6,25,12,30,12,11,5,11,3,5,11,9,10,10,13,11,12,45,41,13,25,6,35,38,6,17,17,18,1,22,,29,15,21,42,28,32,13,4,6,30,30,30,20,37,11,48,45,23,27,26,16,4,53,21,24,19,19,19,18,20,11,23,15,14,27,3,19,17,28,11,18,15,15,20,3,20,29,38,32,25,20,30,20,19,20,17,9,20,15,26,21,23,12,30,11,23,24,18,21,30,28,21,26,,46,13,30,27,25,30,18,11,21,20,7,9,22,44,16,23,33,8,9,18,15,12,10,23
20170820,15,O3,156,182,150,165,138,176,181,164,156,185,138,169,,,194,,168,151,218,,149,112,127,,146,158,,194,191,172,159,154,131,111,132,127,125,108,115,126,101,98,112,104,96,150,144,141,152,196,183,188,200,198,176,179,205,199,180,202,125,146,143,150,134,175,171,,169,148,149,160,136,157,163,158,173,175,160,215,,,162,176,220,179,216,186,125,108,129,110,139,131,121,112,141,174,157,,,152,176,158,173,,178,89,110,89,98,90,123,82,114,101,95,99,93,89,,97,85,95,102,66,57,117,113,102,,100,115,99,115,93,105,161,102,78,63,86,67,71,81,72,44,56,42,88,115,131,112,92,80,111,105,119,115,90,89,107,97,118,,117,92,117,112,124,120,120,,,,189,177,,178,176,160,,81,96,95,,101,,118,112,116,124,111,101,117,,,,106,111,,75,113,94,81,66,,87,90,102,89,97,89,71,86,,56,,146,,147,63,67,79,83,68,60,57,76,83,67,,92,104,82,90,,114,89,76,139,131,95,127,63,69,,,76,,101,86,,149,108,126,89,97,93,,113,110,112,96,99,130,131,,99,107,108,129,103,141,130,120,160,104,207,,191,222,227,195,236,109,84,110,126,87,134,117,126,106,,138,127,146,171,114,133,165,175,,107,122,114,135,142,129,120,101,106,160,176,145,174,150,158,164,153,177,115,103,113,117,113,173,94,141,,114,106,118,107,105,103,101,100,112,98,113,,224,,243,265,223,182,232,245,244,240,167,,132,137,143,,169,113,134,102,,76,85,139,74,199,171,192,159,125,107,190,183,120,114,144,130,117,106,86,104,235,248,225,216,200,293,295,298,253,221,162,151,156,160,65,139,116,92,96,101,64,95,16,59,84,55,56,168,,188,138,204,123,148,99,167,126,,156,165,157,162,147,,102,130,121,112,119,,96,98,78,60,61,75,57,62,59,64,66,67,49,42,69,62,60,60,63,42,70,66,58,73,145,131,141,130,128,113,124,113,120,113,104,132,132,86,68,123,57,88,64,,67,77,87,,,,101,123,94,88,98,93,133,,101,90,89,91,88,90,82,104,90,96,77,47,102,111,115,79,85,82,93,90,94,106,109,102,111,97,153,168,159,124,64,66,56,65,146,143,109,103,118,112,114,184,191,137,206,,174,,139,151,155,132,153,,,135,,128,108,110,,118,115,175,162,114,156,99,136,98,93,112,110,97,101,116,99,,130,,129,,111,177,175,167,143,157,157,103,117,112,103,90,96,91,91,83,,212,193,206,216,192,131,95,77,130,105,103,111,97,75,85,123,69,60,162,145,99,137,139,115,94,124,87,201,238,212,89,85,78,140,147,,172,172,,110,110,131,135,118,136,133,38,,,140,142,132,159,,138,160,166,141,162,168,,175,175,,208,185,223,226,180,164,197,179,169,184,161,89,102,94,,94,43,106,77,100,87,,121,,102,102,79,126,66,89,59,74,76,68,129,117,119,120,,85,77,87,77,79,,,88,94,99,89,97,86,77,90,80,91,122,118,120,94,99,84,128,109,144,,117,92,115,,229,153,147,136,131,162,154,132,170,179,,187,190,185,181,138,162,154,149,157,142,142,129,128,182,160,189,172,172,158,168,178,144,115,,147,105,105,111,115,126,68,87,81,91,90,101,113,127,88,79,118,92,78,92,73,96,109,72,66,72,68,62,43,61,43,47,98,87,81,84,81,88,34,35,62,47,82,62,128,173,178,171,171,158,80,88,59,64,187,162,157,179,119,,,138,68,76,73,83,173,165,178,174,205,190,103,100,90,,95,62,70,120,130,118,121,91,80,102,61,119,117,107,121,86,53,35,34,50,38,45,25,134,140,145,141,113,91,127,147,,116,104,112,98,119,98,53,120,101,100,105,128,110,109,173,164,115,113,116,129,114,103,104,97,124,101,141,39,91,104,105,96,92,83,95,105,95,102,89,107,112,102,84,,123,116,119,107,97,,109,110,128,91,106,110,94,70,72,100,,83,93,53,90,,49,,97,,,86,75,110,114,114,123,114,96,,111,104,,148,106,176,179,170,176,181,199,173,158,148,150,136,186,,202,212,156,152,,155,146,163,156,173,185,,136,111,110,115,122,143,151,96,,122,117,130,159,,,88,90,99,99,131,123,105,131,110,114,126,130,98,89,89,96,177,138,139,173,116,118,111,105,124,117,107,109,121,75,66,58,62,98,,,112,56,50,56,47,54,50,83,83,121,118,97,77,58,66,34,75,85,76,94,94,92,76,90,76,98,107,88,102,100,102,77,90,,121,112,120,134,142,138,,137,129,143,,133,133,184,156,45,31,68,29,70,62,136,56,53,80,121,,,119,112,110,138,,132,162,149,166,85,90,93,102,141,140,,66,82,88,76,83,170,164,150,158,156,126,140,137,134,120,136,133,130,98,112,110,111,70,86,122,178,142,137,142,141,63,99,91,101,105,95,110,122,112,101,110,108,101,121,118,127,104,135,115,112,84,93,96,115,93,75,100,77,65,86,75,102,75,81,85,72,101,111,170,174,171,,181,167,194,121,,121,125,149,,144,142,110,114,124,177,182,174,176,182,136,148,147,143,115,112,111,,125,130,146,146,126,122,105,102,105,88,112,102,138,139,115,72,82,66,,87,79,,134,122,131,143,150,95,111,108,100,92,72,74,78,75,76,74,77,73,77,73,77,92,118,130,116,118,103,123,140,141,164,73,74,51,68,71,86,88,81,73,91,56,62,72,64,90,80,68,58,105,105,105,108,55,83,62,100,77,60,116,113,114,117,77,75,64,111,101,89,110,56,74,77,81,79,87,72,29,40,77,54,176,188,216,191,174,183,158,207,141,121,122,107,155,149,163,151,140,131,146,,133,126,106,100,106,113,114,141,120,127,,116,106,,143,142,126,137,94,56,66,54,,112,89,82,79,80,77,72,73,98,84,69,71,73,71,76,80,76,114,117,36,47,56,,57,71,72,88,83,53,67,52,31,45,41,45,51,56,,44,45,51,56,40,45,58,76,75,67,75,69,56,40,,48,69,63,64,62,72,,118,,43,46,117,121,117,128,84,88,88,91,,81,92,63,66,108,96,104,66,92,102,107,103,114,79,70,123,127,74,70,62,106,86,78,,128,90,84,107,98,66,73,100,64,114,92,81,88,105,97,97,96,87,94,144,181,129,136,142,106,101,98,99,119,105,175,111,,154,78,80,124,132,121,82,70,71,102,106,90,92,135,160,254,147,151,179,186,223,162,140,113,93,126,87,81,92,142,125,111,130,142,136,65,39,38,142,68,146,161,156,113,123,115,95,170,168,84,173,157,99,97,99,151,101,144,77,86,104,124,85,171,195,129,110,110,86,164,177,147,209,,195,127,178,131,142,150,172,96,153,87,92,45,131,106,138,164,190,115,121,185,100,192,77,160
20170820,15,O3_24h,156,182,150,165,140,176,181,164,156,185,138,169,,,194,,168,151,218,,149,136,136,,150,158,,199,191,172,172,154,131,154,154,136,159,140,128,145,137,136,144,136,127,154,144,143,155,196,183,188,200,198,176,179,205,199,180,202,135,146,147,150,134,175,171,,169,148,149,160,136,157,163,158,173,175,160,215,,,162,176,220,184,216,186,209,183,195,184,207,204,187,167,141,174,162,,,162,176,158,173,,186,96,118,108,130,135,158,121,117,117,122,103,100,89,,98,103,95,107,79,60,129,118,102,,110,128,107,130,103,114,163,110,252,208,267,254,235,229,224,234,223,229,116,138,143,144,114,102,137,122,162,161,144,123,145,166,160,,149,145,127,112,140,125,120,,,,189,177,,178,176,160,,106,110,132,,154,,203,185,190,201,212,101,150,,,,129,131,,129,179,154,141,112,,137,90,102,89,97,89,77,103,,65,,150,,147,166,130,87,205,140,183,149,172,184,155,,121,152,134,156,,140,135,119,231,205,157,197,205,185,,,199,,191,187,,154,148,131,112,106,102,,169,173,134,112,125,156,138,,100,107,108,129,103,141,130,120,160,104,212,,194,232,229,202,272,123,106,110,126,107,134,117,137,143,,138,127,148,171,114,136,165,175,,133,122,114,135,142,131,120,110,106,164,176,149,174,156,163,164,153,177,164,160,150,180,141,180,154,187,148,130,116,118,113,106,104,103,112,112,98,113,222,224,,243,265,223,277,232,249,244,240,167,142,132,138,143,198,169,120,134,102,196,78,99,139,93,270,282,262,212,226,180,208,196,134,173,144,130,142,136,148,122,269,288,244,250,200,310,295,298,253,221,168,154,156,168,66,141,116,102,96,126,65,101,27,59,84,55,56,280,,270,181,204,205,199,158,186,199,,206,167,229,245,186,,126,186,230,168,152,,138,137,78,63,64,75,60,64,64,66,66,87,69,54,82,70,66,69,92,62,91,93,73,86,145,131,141,130,128,113,124,135,120,113,104,132,132,118,86,227,79,105,83,,78,127,128,,,,127,126,120,127,122,113,163,,126,101,89,96,101,103,108,119,117,128,128,55,130,118,119,186,189,199,190,193,195,186,182,183,184,164,154,168,159,138,89,93,84,95,166,181,141,130,147,137,157,215,208,163,232,,174,,139,151,155,132,159,,,160,,157,114,112,,150,136,186,189,124,161,99,136,98,121,114,116,100,106,119,113,,130,,129,,112,177,175,167,143,158,157,106,117,112,119,101,98,101,106,99,,254,216,237,260,250,139,131,89,130,129,115,111,97,86,88,153,73,94,162,179,113,144,139,121,94,124,92,209,244,218,89,85,78,215,212,,211,202,,129,124,143,135,150,142,133,58,,,172,172,154,163,,146,170,180,149,164,168,,178,176,,208,185,223,226,180,164,197,180,169,194,161,94,103,97,,108,103,144,112,120,102,,133,122,107,106,84,135,72,95,81,89,94,73,156,158,147,137,145,93,81,90,83,83,,82,92,109,104,98,103,98,91,98,91,91,122,118,120,94,99,108,155,109,166,,132,124,126,119,229,156,152,138,131,162,154,132,170,179,,187,190,185,181,141,164,157,154,163,142,142,129,128,182,160,189,172,172,159,168,180,145,123,,147,129,112,123,124,142,77,87,97,102,100,114,119,127,102,88,118,92,78,92,94,110,109,72,82,74,73,69,54,76,47,50,106,93,87,89,88,88,35,43,108,94,117,115,128,173,178,176,171,158,99,101,82,74,196,176,178,179,127,,,156,134,110,131,110,174,167,187,185,205,190,103,100,90,,95,83,89,120,134,118,121,102,91,117,95,142,129,119,134,86,85,91,102,90,62,99,85,134,140,145,141,122,92,133,147,,118,154,151,151,141,113,77,124,120,100,106,128,114,109,180,174,115,114,118,133,117,106,148,97,126,101,143,43,91,104,105,96,113,103,106,116,95,102,114,155,147,223,191,,135,141,159,233,230,,145,128,179,118,158,224,204,103,95,102,,134,153,70,91,,91,,142,,,86,75,110,114,134,126,114,99,,117,109,,190,154,176,185,171,176,186,199,195,183,165,176,161,209,,203,212,157,161,,157,152,169,162,185,185,,136,156,162,159,140,163,163,105,,139,137,163,199,,,101,94,141,150,158,152,136,131,110,116,126,130,111,105,106,112,177,138,139,186,116,118,111,110,128,117,107,109,121,82,81,73,77,98,,,122,58,61,68,70,76,65,103,83,121,118,97,104,72,80,87,85,103,76,100,103,98,87,99,89,111,124,90,102,100,102,77,90,,122,115,130,134,142,148,,137,129,143,,133,144,184,156,78,74,87,74,100,92,136,80,84,92,121,56,,119,112,111,138,,132,162,149,166,99,100,94,102,143,140,,81,82,88,76,119,230,253,193,193,237,134,156,158,155,133,149,136,143,150,163,137,131,176,170,156,178,144,148,153,146,78,100,94,101,105,95,111,126,119,104,111,122,120,143,135,171,180,205,185,211,158,173,192,202,117,101,119,93,83,104,106,139,104,107,94,73,101,111,170,177,174,,181,170,197,144,,144,162,149,,144,142,110,116,124,177,182,174,176,182,136,148,147,143,115,112,111,,125,137,156,154,126,122,105,102,141,132,119,122,161,159,133,101,107,99,,94,88,,150,132,137,143,150,95,111,108,126,125,77,78,82,84,76,79,101,87,91,84,87,123,118,130,116,118,127,139,161,170,194,73,81,53,72,77,86,89,81,75,99,62,68,83,71,102,80,68,59,105,113,109,108,63,105,79,118,116,76,116,121,114,117,83,141,105,111,104,125,129,64,79,79,86,88,99,85,110,127,126,135,196,205,231,201,179,183,158,207,157,134,137,121,168,178,186,172,156,144,157,,139,126,106,101,106,115,114,141,120,127,,116,106,,150,149,132,149,95,58,76,54,,112,90,93,79,84,77,85,73,98,84,69,71,73,71,76,80,79,115,123,38,48,57,,59,71,72,104,90,60,72,62,32,45,60,77,57,61,,46,46,56,64,157,50,58,81,102,89,75,69,68,55,,67,72,65,82,70,76,,126,,76,75,133,139,135,157,169,175,165,174,,113,118,70,85,115,111,121,78,112,105,107,110,114,87,94,123,127,92,104,90,135,123,105,,131,90,84,126,127,77,73,100,64,114,155,163,170,158,153,158,115,114,107,144,181,129,136,169,127,123,121,115,136,129,180,162,,229,98,92,124,136,123,90,89,90,138,139,112,105,161,165,254,147,151,182,186,223,170,140,124,117,179,140,190,188,142,126,111,130,165,180,65,67,56,142,130,152,161,172,212,123,115,99,271,204,189,173,166,137,143,114,162,174,154,115,86,128,140,98,171,195,129,110,130,118,196,190,191,209,,195,139,178,217,189,169,172,105,192,94,120,47,135,112,164,164,195,118,130,185,117,192,105,160
20170820,15,O3_8h,78,89,74,79,68,84,80,90,96,82,65,82,,,114,,108,104,119,,97,94,104,,105,86,,136,127,125,118,105,89,120,96,90,103,90,84,93,97,96,98,94,80,114,103,110,115,138,130,130,148,143,132,132,156,152,137,153,84,86,88,82,79,107,108,,111,106,104,112,88,108,108,125,136,140,120,112,,,104,134,119,108,103,114,106,84,93,87,103,98,96,89,109,112,101,,,106,108,103,110,,115,88,108,89,92,101,127,91,97,93,86,81,76,72,,79,79,75,88,65,52,98,92,90,,79,90,78,95,74,92,105,86,77,69,71,83,73,67,71,70,75,72,62,81,88,74,56,54,86,68,81,80,48,52,63,56,72,,68,62,80,75,66,73,75,,,,107,100,,118,94,101,,48,61,63,,66,,78,80,76,78,78,58,80,,,,73,70,,66,86,71,55,48,,57,68,74,66,67,68,52,63,,43,,94,,91,44,38,62,57,34,38,38,48,55,50,,94,99,102,110,,103,104,83,123,118,87,115,90,88,,,41,,80,70,,114,118,106,78,78,74,,73,74,59,64,55,97,88,,67,70,75,90,71,96,93,81,95,72,116,,129,124,151,113,143,85,72,78,90,66,92,80,86,71,,96,89,100,125,77,97,114,125,,97,110,92,109,114,110,105,84,87,134,142,120,130,119,133,130,121,125,101,86,83,100,77,109,89,115,81,89,84,91,80,82,80,77,80,90,75,82,91,120,,94,136,120,115,105,136,116,133,58,62,59,63,59,93,78,57,68,39,10,54,66,78,54,120,92,97,86,71,73,94,93,87,85,90,78,72,66,58,65,129,133,121,123,116,165,152,146,133,126,108,89,96,101,37,67,55,58,53,71,56,58,13,41,52,34,40,105,,116,93,138,93,101,69,112,76,,104,102,107,96,92,,59,58,69,49,58,,50,95,50,45,48,50,42,45,39,43,44,38,33,27,38,29,32,32,53,31,54,60,41,60,101,86,95,81,86,71,92,66,100,77,79,82,93,78,63,119,51,64,46,,44,62,72,,,,82,90,44,48,55,49,70,,56,81,60,78,79,84,75,79,80,87,89,43,90,87,90,88,75,62,99,82,80,104,100,97,103,94,112,124,125,98,50,60,39,47,120,115,103,89,96,93,92,118,120,119,136,,132,,101,111,114,92,115,,,95,,90,95,96,,108,109,134,132,106,134,69,103,83,86,83,101,91,93,114,96,,100,,101,,90,114,113,107,112,115,112,80,90,80,98,96,93,83,87,75,,192,149,173,171,171,98,85,64,82,94,87,68,62,55,57,81,49,59,91,98,68,100,96,87,66,72,61,131,152,143,55,50,50,109,124,,135,130,,87,81,102,96,89,85,74,25,,,99,101,93,104,,93,145,119,106,136,146,,154,156,,132,116,144,214,118,107,137,119,113,129,131,63,72,76,,94,78,106,83,94,90,,90,82,74,72,64,94,58,76,44,62,72,54,94,99,93,92,86,74,65,72,67,66,,61,77,92,87,87,87,68,59,69,64,72,96,94,100,76,80,56,76,71,84,,79,68,82,88,98,87,77,74,68,84,79,94,114,122,,122,124,132,120,116,125,124,121,116,117,119,109,106,123,108,123,115,144,132,138,146,122,95,,115,56,51,72,63,76,40,48,52,74,69,80,86,91,70,59,90,72,64,74,56,67,68,50,56,58,56,51,33,46,32,37,78,74,73,66,69,67,27,28,43,33,46,35,81,100,113,117,107,104,59,50,47,46,132,110,117,136,85,,,114,54,51,55,49,131,115,132,128,151,124,60,56,51,,52,35,42,98,108,97,94,94,84,94,63,92,87,73,87,76,71,48,53,56,42,63,50,116,119,111,110,81,68,92,92,,99,96,89,80,105,80,48,95,84,89,83,97,94,90,131,125,95,90,98,115,92,80,92,77,107,83,122,37,76,88,80,70,96,84,86,99,70,84,56,70,62,84,74,,75,71,72,113,77,,84,88,73,47,54,66,64,56,52,78,,73,78,34,67,,38,,83,,,62,55,74,86,86,94,86,80,,94,91,,110,98,93,111,104,123,115,125,132,109,110,128,99,147,,143,148,144,135,,138,120,108,104,118,122,,84,102,94,105,103,120,128,80,,89,84,97,133,,,72,75,110,110,127,120,112,108,92,100,102,108,90,83,79,92,112,90,91,122,83,90,82,80,109,99,91,84,95,48,53,48,50,77,,,98,39,36,40,50,52,50,77,59,74,76,73,70,56,63,47,54,63,51,88,87,86,71,88,61,86,82,79,81,80,84,64,78,,83,85,76,87,101,86,,93,86,100,,94,81,113,96,56,43,66,30,81,66,69,53,59,68,72,30,,96,80,93,100,,93,83,72,90,80,83,76,84,111,101,,60,61,74,59,86,125,131,108,121,129,92,108,100,104,119,111,94,106,91,100,89,92,88,84,88,100,95,92,107,100,54,68,66,68,74,69,74,97,89,82,79,68,61,77,73,132,134,165,145,150,106,119,129,139,77,69,88,63,64,91,79,102,80,81,52,41,53,54,126,138,134,,132,132,147,95,,95,98,122,,121,115,91,96,99,138,147,144,141,146,90,101,98,96,96,98,95,,74,82,88,88,100,90,89,78,83,72,80,75,98,93,78,54,58,49,,69,63,,96,100,106,104,111,73,84,81,78,76,61,61,67,66,63,64,68,63,66,63,71,78,88,92,87,86,103,119,133,136,160,61,69,42,54,64,80,83,73,68,90,49,53,64,53,80,50,42,33,64,71,66,70,41,70,44,63,59,40,80,75,72,80,54,58,58,73,69,76,82,49,53,54,71,71,55,45,13,13,37,30,130,141,160,139,122,127,104,141,81,76,85,71,67,74,79,74,104,93,104,,93,93,83,77,81,91,52,80,62,87,,76,70,,101,100,89,104,73,29,34,29,,90,64,65,52,62,53,59,46,68,63,40,48,48,48,49,44,48,68,69,24,33,44,,50,45,44,80,70,37,50,39,18,22,33,40,37,39,,35,36,43,50,62,34,46,56,56,51,42,37,53,38,,37,60,53,52,50,49,,99,,34,34,83,82,81,83,86,93,86,91,,60,66,54,56,94,87,77,65,80,86,76,81,77,78,73,77,81,76,70,66,98,78,51,,118,77,78,59,85,55,63,87,54,90,84,71,74,92,85,86,85,77,80,101,112,98,99,110,66,62,84,77,82,69,177,84,,116,83,80,59,60,65,54,65,62,63,69,54,70,103,139,117,99,101,134,124,156,148,86,92,54,84,102,59,47,94,101,86,104,99,72,54,26,28,83,56,107,111,116,59,90,76,82,116,136,91,118,105,73,76,79,105,68,99,56,60,67,82,67,94,110,98,67,74,68,117,110,101,126,,120,97,118,104,116,87,107,84,132,72,90,35,112,78,85,109,155,107,87,134,87,140,76,123
20170820,15,O3_8h_24h,78,89,74,79,68,84,80,90,96,82,65,82,,,114,,108,104,119,,97,106,104,,105,86,,136,127,125,118,105,89,120,96,90,103,90,84,93,101,96,98,94,80,114,103,110,115,138,130,130,148,143,132,132,156,152,137,153,84,86,88,82,79,107,108,,111,106,104,112,88,108,108,125,136,140,120,112,,,104,134,119,108,103,114,106,93,93,87,103,98,96,89,109,112,101,,,106,108,103,110,,115,88,108,89,92,105,127,91,99,99,107,81,76,72,,79,79,75,88,65,52,98,92,90,,79,90,78,95,74,92,105,86,88,85,87,94,83,76,79,82,90,81,62,81,88,74,56,54,86,68,81,80,51,52,63,56,72,,68,62,80,75,66,73,75,,,,107,100,,118,94,101,,48,61,63,,66,,78,80,76,78,78,58,80,,,,73,70,,66,86,71,55,48,,57,68,74,66,67,68,52,63,,43,,94,,91,44,38,62,57,39,45,41,49,55,50,,94,99,102,110,,103,104,83,123,118,87,115,90,88,,,71,,80,70,,114,118,106,78,78,74,,73,74,59,64,55,97,88,,67,70,75,90,71,96,93,81,95,72,116,,129,124,151,113,143,85,72,78,90,66,92,80,86,71,,96,89,100,125,77,97,114,125,,107,110,92,109,114,110,105,84,87,134,142,120,130,119,133,130,121,125,101,86,83,100,77,109,89,115,81,89,84,91,80,82,80,77,80,90,75,82,91,120,,94,136,120,115,105,136,116,133,58,62,59,63,59,93,78,57,68,39,10,54,66,78,54,120,92,97,86,71,73,94,93,87,85,90,78,72,66,58,65,129,133,121,123,116,165,152,146,133,126,108,89,96,101,37,67,55,58,53,71,56,58,13,41,52,34,40,111,,116,93,138,93,101,69,112,76,,104,102,107,96,92,,59,58,69,49,58,,50,115,50,45,48,50,42,45,39,43,44,38,33,27,38,29,32,32,55,39,56,60,47,60,101,86,95,81,86,71,92,66,100,77,79,82,93,81,64,119,62,77,50,,58,69,79,,,,97,102,44,48,55,49,110,,56,81,60,78,79,84,75,79,80,87,89,47,90,87,90,89,91,80,100,93,82,104,114,104,118,94,112,124,125,98,50,60,39,47,120,115,103,89,96,93,92,118,120,119,136,,132,,101,111,114,92,115,,,95,,90,95,96,,108,109,134,132,106,134,69,103,83,86,83,101,91,93,114,96,,100,,101,,90,114,113,107,112,115,112,98,106,89,98,96,93,83,87,75,,192,149,173,171,171,98,85,64,82,94,87,68,62,55,57,81,49,59,91,98,68,100,96,87,66,72,61,131,152,143,55,50,50,109,124,,135,130,,87,81,102,96,89,85,74,25,,,99,101,93,104,,93,145,119,106,136,146,,154,156,,132,116,144,214,118,107,137,119,113,129,131,63,72,76,,94,78,106,83,94,90,,90,82,74,72,64,94,58,76,44,62,72,54,94,99,93,92,86,74,65,72,67,66,,61,77,92,87,87,87,68,59,69,64,72,96,94,100,76,80,56,76,71,84,,79,68,82,88,98,87,77,74,68,84,79,105,114,122,,122,124,132,120,116,125,124,121,116,117,119,109,106,123,108,123,115,144,132,138,146,122,95,,115,56,51,72,63,76,40,48,52,74,69,80,86,91,70,59,90,72,64,74,56,67,68,50,56,58,56,51,33,46,32,37,78,74,73,66,69,67,27,28,59,69,80,61,84,100,113,117,107,104,59,55,47,46,132,110,117,136,85,,,114,54,51,55,49,131,115,132,128,151,124,60,56,51,,52,35,42,98,108,97,94,95,84,94,63,92,87,73,87,76,79,64,70,69,46,78,66,116,119,111,110,81,68,92,92,,103,106,99,111,118,80,55,95,101,89,83,97,94,90,131,125,95,93,98,115,92,80,146,77,107,83,122,37,76,88,80,70,97,84,86,99,85,84,56,75,64,84,74,,75,71,72,135,77,,84,88,73,47,54,75,71,56,52,78,,73,78,35,67,,38,,83,,,62,55,74,86,86,94,86,80,,97,91,,110,98,93,111,104,123,115,125,132,109,110,129,99,147,,143,148,144,135,,138,120,108,104,118,122,,84,102,94,105,103,120,128,80,,89,94,97,136,,,72,75,110,112,127,120,112,108,92,100,102,108,90,83,79,92,112,90,91,122,83,90,82,80,109,99,91,84,95,48,53,48,50,77,,,98,39,36,40,50,52,50,77,59,74,76,73,70,56,63,47,54,63,51,88,87,86,71,88,61,86,82,79,81,80,84,64,78,,83,85,76,87,101,86,,93,86,100,,94,81,113,96,57,43,66,30,86,66,69,53,59,68,72,30,,96,80,93,100,,93,83,72,90,80,83,76,84,111,101,,60,61,74,59,101,125,131,108,121,129,92,108,100,104,119,111,94,106,91,100,89,92,88,84,88,100,95,92,107,100,54,68,66,68,74,69,74,97,89,82,79,68,61,77,73,132,134,165,145,150,106,119,129,139,77,69,88,63,64,91,79,102,80,81,52,41,53,54,126,138,134,,132,132,147,102,,97,98,122,,121,115,91,96,99,138,147,144,141,146,90,101,98,96,96,98,95,,74,82,88,88,100,90,89,78,83,72,80,75,98,93,78,54,65,54,,69,63,,96,100,106,104,111,73,84,81,78,76,61,61,67,66,63,64,68,63,66,63,71,78,88,92,87,86,103,119,133,136,160,61,69,42,54,64,80,83,73,68,90,49,53,64,53,80,50,42,33,64,71,66,70,41,70,44,63,59,40,80,75,72,80,54,58,58,73,69,76,82,49,53,54,71,71,55,45,38,13,37,30,130,141,160,139,122,127,104,141,81,76,85,71,67,74,79,74,107,93,104,,93,93,83,77,81,91,52,82,62,105,,76,70,,101,100,89,104,73,29,34,29,,90,64,65,52,62,53,62,46,68,63,40,48,48,48,49,44,48,68,69,24,33,44,,50,45,44,80,70,37,50,39,18,22,33,40,43,44,,35,40,43,50,62,34,48,56,56,51,42,37,55,38,,37,64,57,58,55,56,,99,,48,42,83,82,81,83,86,93,86,91,,60,66,54,56,94,87,77,70,95,86,76,81,77,78,73,77,81,87,94,85,106,94,59,,118,81,78,59,87,59,63,87,54,90,96,81,86,92,89,91,88,78,89,101,112,98,99,110,66,62,84,77,108,89,178,84,,116,83,80,59,60,65,65,65,62,63,69,54,70,103,139,117,99,101,134,124,156,148,86,92,54,84,102,59,70,94,101,86,104,99,72,54,26,28,83,56,107,111,116,74,90,76,82,116,136,91,118,105,94,100,92,105,68,99,56,60,67,82,67,94,110,98,67,76,68,117,110,101,126,,120,97,118,104,116,87,107,84,132,72,90,35,114,78,85,109,155,107,87,134,87,140,77,123
20170820,15,CO,1.3,0.9,1.4,1.1,1.4,0.9,0.8,1.4,1.2,0.9,1.2,1,,,1.5,,0.9,0.8,2.1,,0.9,0.6,0.7,,0.5,1.4,,0.6,0.6,0.4,1.2,0.3,0.3,0.8,1.2,1.3,0.6,1.1,1.6,1.4,0.4,0.3,0.2,0.4,0.3,0.5,0.5,0.5,0.5,0.5,0.6,0.7,0.6,0.6,0.6,0.7,1,0.8,0.9,0.8,0.6,0.6,0.6,1,0.8,1.4,0.9,,1.2,0.9,0.4,0.4,0.7,0.5,0.7,0.3,0.9,0.5,0.7,0.8,,,1.2,0.6,1,0.9,1.4,1.1,0.7,1.2,1,1.2,1.1,1.2,1.4,1.2,0.4,1,1,,,0.9,1,0.9,1,,0.8,0.5,0.7,0.8,0.9,0.7,0.8,0.8,0.8,0.6,0.8,0.8,0.8,1,,0.9,0.6,0.8,0.8,0.7,0.7,0.5,0.8,0.6,,0.2,0.6,0.3,0.9,1.1,0.4,0.4,0.6,0.4,0.7,0.4,0.6,0.7,0.6,0.7,0.6,0.6,0.5,0.6,0.4,1.2,1,0.6,1,1,1.2,0.9,0.3,0.6,0.5,0.3,0.8,0.5,,0.6,1.4,1,0.8,0.6,0.8,0.6,,,,1.1,1,,1.1,1.2,1.2,,0.9,0.2,0.2,,0.5,,0.7,0.7,0.6,0.6,0.8,1,0.5,,,,0.6,0.3,,1,0.9,1,0.5,0.9,,0.7,0.6,0.3,0.3,0.4,0.4,0.7,0.5,,0.7,,0.9,,0.7,0.6,0.7,0.6,0.7,0.6,0.8,0.7,0.6,0.5,0.7,,0.7,0.6,0.5,0.7,,0.5,0.4,0.3,0.5,0.3,0.4,0.5,1.2,0.9,,,0.6,,0.7,0.7,,0.1,0.4,0.4,0.6,0.6,0.3,,0.5,0.5,0.5,0.5,0.6,0.6,0.6,,0.5,0.6,0.6,1,0.7,0.4,1.1,0.7,0.5,0.8,0.2,,0.6,0.7,0.5,0.3,0.4,0.5,0.5,1.3,0.4,0.5,1,0.8,0.7,0.5,,1.3,0.5,0.7,0.4,0.3,0.5,0.3,0.4,,0.3,0.2,0.4,0.3,0.6,0.5,0.4,0.2,0.5,0.8,0.8,1,1.2,0.8,1.1,1.3,0.8,1.3,0.9,0.8,0.6,0.8,0.6,0.7,0.8,0.9,0.6,0.8,0.4,0.5,0.4,0.4,0.4,0.5,0.3,0.3,0.4,0.6,0.4,0.5,,0.6,0.6,0.7,0.6,0.7,0.5,0.7,0.6,0.7,0.7,0.7,0.7,0.8,0.8,0.6,0.7,0.6,0.8,0.5,0.4,0.5,0.5,0.5,0.4,0.8,0.5,0.3,0.5,0.4,0.6,0.7,0.7,0.5,0.5,0.8,0.2,0.4,0.2,0.4,0.7,0.8,0.7,0.6,0.7,0.8,0.8,0.7,0.6,0.6,0.7,0.8,0.6,0.4,0.8,0.9,0.9,0.7,0.8,0.7,0.6,0.7,0.5,0.5,0.6,0.5,0.5,0.5,,0.6,0.6,0.7,0.5,0.5,0.6,0.6,0.5,,0.6,0.4,0.3,0.6,0.7,,0.6,0.6,0.9,0.8,0.8,,0.5,0.2,0.4,0.5,0.5,0.4,0.5,0.4,0.6,0.4,0.5,0.4,0.6,0.6,0.7,0.4,0.6,0.5,0.4,0.6,0.4,0.4,0.9,0.4,1.2,1.6,1.3,1.5,1.2,1.1,1.2,1.6,1.7,1.4,1.4,1.4,1.4,0.5,0.5,,0.4,0.2,0.3,,0.8,0.6,0.6,,,,0.7,0.4,0.7,0.9,0.6,0.9,0.7,,0.7,0.5,0.4,0.4,0.6,0.3,0.3,0.3,0.3,0.8,0.4,0.3,0.2,0.6,1.2,2.8,1.9,2.7,3.5,1.8,2,0.5,1,0.5,0.5,0.5,0.5,0.8,0.7,0.6,0.5,0.4,0.5,0.8,0.8,0.7,0.5,0.6,0.5,0.4,0.4,0.7,0.6,0.7,0.6,,0.5,,0.7,0.6,0.4,0.8,0.9,,,0.6,,0.5,0.7,0.6,,0.7,0.7,1,1.2,0.6,1.3,0.3,0.3,0.6,0.3,0.2,0.5,0.3,0.5,0.3,0.4,,0.2,,0.5,,0.2,0.8,0.6,1.1,0.9,0.4,0.7,0.3,0.4,0.4,0.5,0.4,0.5,0.4,0.5,0.3,,0.8,0.9,0.7,0.8,0.6,0.6,0.6,0.5,0.8,0.6,0.6,0.8,0.5,0.7,0.6,0.6,0.7,0.3,0.5,0.4,0.4,0.7,0.7,0.6,0.6,0.7,0.5,0.7,0.7,0.9,0.6,0.5,0.7,0.9,1.1,,0.8,0.7,,0.5,0.7,0.7,0.5,0.6,0.5,0.5,0.3,,,0.9,0.9,1.1,1.1,,1.1,1.1,1.1,1.1,1,1,,1,1,,1.5,1.5,1.3,1.7,1.5,1,0.8,0.7,0.9,,0.8,0.5,0.6,,,0.6,2.9,3.1,2.6,1.9,0.9,,0.9,0.7,0.5,0.5,0.7,0.3,0.9,0.8,1.1,0.9,1,0.6,0.6,0.6,0.4,0.7,0.6,0.6,0.6,0.5,0.8,0.5,,0.4,0.8,0.8,0.2,0.6,0.3,0.3,0.5,0.2,0.2,0.4,0.6,0.5,0.3,0.7,0.7,0.7,0.8,0.8,0.8,,0.7,1.6,0.6,1.1,0.5,0.5,0.9,0.3,0.2,0.4,0.3,0.6,1,,,1,1.2,1.8,2,0.7,1.2,0.8,1.2,0.8,0.6,0.7,0.3,0.6,2.1,1,0.8,0.7,0.9,0.7,1,1,0.9,0.8,,0.9,0.8,1.1,0.9,1.4,0.8,0.9,0.7,1,0.2,0.6,0.6,0.3,0.4,0.5,0.5,1.3,1,0.9,0.6,1,1.1,1.1,1,0.3,0.6,0.3,0.6,0.5,0.3,0.6,0.6,0.6,0.7,0.4,0.7,0.9,0.7,0.4,0.3,0.7,0.7,0.7,0.7,1,1.2,1.1,1.2,1.1,1.2,1,0.1,0.8,0.5,0.3,0.5,0.4,0.4,0.6,,,0.5,0.7,0.8,0.6,0.8,0.8,0.5,0.5,0.5,0.4,0.6,0.9,0.5,0.5,,0.2,0.8,0.8,1.2,1.1,1.4,1.3,1.9,1.8,2,1.6,1.1,1.2,1.2,1.4,0.5,0.5,0.9,0.8,0.7,1,0.7,0.9,1,0.9,1,1,,0.2,0.2,0.6,,0.6,0.9,0.6,0.7,0.4,0.7,0.7,0.7,1,1.3,0.9,1.7,0.7,0.5,1,1,0.6,0.2,0.4,0.6,0.1,,0.5,0.2,0.3,0.3,0.4,0.6,0.8,0.3,0.5,0.3,0.5,0.4,0.5,0.5,0.4,0.3,0.6,0.7,1,0.7,0.5,0.8,0.7,0.6,0.4,0.5,0.6,,0.6,1.1,0.7,0.9,0.5,0.5,0.7,0.4,0.6,0.7,,0.6,0.5,0.6,0.8,,0.7,,0.5,,,0.3,0.2,0.5,0.6,0.9,0.7,0.6,1,,1,1,,0.6,0.6,1.7,1.2,1.6,1,1.4,1.1,1,1.2,1.2,1.4,1,1.1,,1.1,1.1,1.1,1,,1.1,1,1,1.1,1,1.7,,1.9,1,0.5,0.5,0.6,0.5,0.5,0.4,,0.6,0.3,0.2,0.6,,,0.2,0.3,0.4,0.5,0.4,0.4,0.4,0.4,0.3,0.7,0.5,0.2,0.4,0.4,0.4,0.4,0.5,0.5,0.2,0.6,0.6,0.6,0.4,0.4,0.7,0.3,0.8,0.9,0.8,1,0.7,0.7,0.8,1.2,,,0.1,0.8,0.7,0.6,0.2,0.4,0.2,0.3,0.3,0.3,0.2,0.4,0.3,0.9,0.4,0.6,0.5,0.9,0.2,0.2,,0.3,0.5,0.3,0.3,0.3,0.3,0.6,0.7,0.4,0.4,0.2,0.7,,0.5,0.7,0.6,0.8,0.8,0.4,,0.6,0.4,0.4,,0.5,1,0.9,0.9,0.9,1.6,0.5,1,1.5,0.6,0.4,0.5,0.3,0.5,0.5,0.9,,0.3,0.4,0.4,0.7,,0.5,0.4,0.7,0.8,0.3,0.4,0.4,0.5,0.8,0.7,,0.9,0.7,0.5,0.6,0.4,0.6,0.6,0.7,0.6,0.6,1,0.7,0.6,0.8,0.5,0.7,0.8,0.8,0.6,0.6,0.4,0.4,0.7,1,1.2,0.9,0.9,0.8,1.6,1.9,0.2,0.5,0.6,0.5,0.3,0.5,0.6,0.5,0.7,1.2,0.8,0.5,0.4,0.3,0.2,1.1,0.7,0.8,0.3,0.4,0.5,0.7,0.7,0.4,0.7,0.6,0.4,0.7,0.2,0.7,0.7,0.6,0.3,0.9,1.4,1.1,1,1.1,0.8,0.7,0.7,,0.9,0.8,0.8,0.8,,0.8,0.9,0.6,,0.6,0.7,0.8,0.7,0.6,1.4,1,1.6,1.3,1.2,1,0.7,0.7,0.5,0.7,1,1,,1.1,0.8,0.9,0.9,0.9,1.3,1,0.7,0.6,1.2,1.1,1.1,0.8,0.9,0.8,0.7,1,1.1,,0.8,0.6,,1.2,0.8,1.1,1,1.1,1.4,1,1.1,0.7,0.5,0.4,0.5,0.5,0.5,0.7,0.5,0.4,0.4,0.4,0.4,0.5,0.9,0.5,0.8,0.7,0.8,1,1.5,1.5,1.3,1,0.5,0.4,0.3,0.5,0.4,1.2,1.2,0.8,0.9,0.8,1,2.1,1.2,0.4,0.4,0.8,0.8,1.1,0.6,1,0.6,0.5,0.5,0.6,0.4,0.7,0.8,0.9,0.3,1,0.4,1,0.3,0.7,0.5,0.9,0.7,0.8,1.2,0.4,,0.6,0.3,0.4,0.6,0.3,1.1,0.8,0.6,1,0.8,0.4,0.7,0.6,0.4,0.6,0.4,0.5,0.6,0.6,0.6,0.6,0.3,0.4,0.4,0.3,0.3,0.5,0.8,,0.4,0.2,0.3,0.3,0.3,0.4,0.4,0.5,0.6,0.4,,0.6,0.6,,0.4,0.6,0.6,0.4,0.5,0.3,0.5,0.6,,0.3,0.7,0.5,0.9,0.7,0.8,0.5,0.5,0.4,0.6,0.4,0.4,0.5,0.5,0.4,0.5,0.9,0.5,0.5,0.6,0.6,0.7,,0.4,1.1,0.9,0.2,0.4,0.6,0.8,0.5,0.2,0.3,0.6,0.8,0.6,0.7,,0.3,0.4,0.5,0.5,0.4,0.2,0.6,0.7,0.4,0.4,1.3,0.7,1,0.3,,0.8,0.4,0.3,0.4,0.2,1,,0.1,,0.3,0.2,0.5,0.8,0.7,0.9,0.7,1,1.1,1.1,,0.7,0.6,0.8,0.8,0.4,0.6,0.1,0.3,0.3,0.3,0.2,0.3,0.4,,0.3,0.4,0.4,0.6,0.8,0.8,0.1,0.2,0.7,,0.5,0.5,,1.1,0.7,0.9,0.6,1.1,0.5,0.7,1,1,0.8,0.4,0.4,0.6,1.7,0.8,1.2,0.7,0.6,1,1.3,0.4,0.9,0.7,0.4,0.1,0.9,0.7,1.2,0.3,,0.5,1,0.4,0.7,0.6,0.7,0.7,0.6,0.6,0.5,0.5,0.4,0.8,0.5,1,0.6,0.7,0.8,1.2,0.7,1.1,1.3,1.4,0.5,0.5,0.7,0.4,0.7,0.8,0.6,0.4,0.4,0.3,0.6,1,0.7,0.6,0.4,0.5,0.3,0.7,0.8,0.4,0.8,0.6,0.2,0.5,1.2,0.6,0.7,1.1,1.2,0.5,0.4,0.4,1.4,0.4,0.6,0.6,0.6,0.5,0.6,0.7,1.1,0.8,0.7,0.8,0.7,0.8,0.6,0.4,0.4,1.6,,1.7,0.9,0.7,0.7,0.7,0.6,0.7,0.4,0.7,0.5,0.4,0.4,1,1.2,0.3,0.7,1,0.3,0.3,0.3,0.4,0.7,0.3,0.9
20170820,15,CO_24h,1.3,0.9,1.4,1.1,1.4,1.1,1.1,1.4,0.9,1.1,1.1,1.1,,,1.6,,1.4,1.1,2.1,,1.5,1.1,1,,1.2,1.2,,0.9,0.8,0.6,1.5,0.7,0.6,0.7,2.2,2.2,1.8,2.1,2.7,2.5,0.4,0.4,0.4,0.5,0.5,0.8,0.7,0.8,0.8,0.6,0.7,0.8,0.7,0.6,0.8,0.5,0.5,0.6,0.7,0.6,0.6,0.6,0.6,0.9,0.7,1.3,1.1,,1.1,1,0.5,0.4,0.7,0.4,0.7,0.5,1.2,0.9,1,1.1,,,0.9,0.7,1.2,1.1,1.4,0.9,0.8,1.3,0.9,1.1,1.1,1.2,1.3,1.2,0.7,0.9,0.8,,,0.9,0.8,0.9,0.8,,1,0.8,0.7,0.9,1,0.6,0.8,0.7,0.8,0.8,0.9,0.9,1,1.1,,1,0.7,1,0.8,0.9,0.8,0.6,1,0.6,,0.4,0.5,0.6,0.7,1.3,0.4,0.4,0.7,0.4,0.8,0.5,0.7,0.8,0.6,0.7,0.6,0.6,0.6,0.7,0.5,1.5,1.1,0.9,1.2,1,0.9,0.9,0.3,0.7,0.6,0.3,0.9,0.4,,0.7,0.8,0.7,0.6,0.6,0.6,0.5,,,,1.1,0.9,,0.7,0.9,0.6,,0.9,0.2,0.3,,0.5,,0.8,0.7,0.7,0.7,0.9,1.1,0.6,,,,0.5,0.3,,0.8,0.7,0.7,0.4,0.8,,0.6,0.7,0.3,0.4,0.4,0.4,0.8,0.5,,0.8,,0.8,,0.5,0.6,0.8,0.6,0.7,0.7,0.8,0.7,0.6,0.6,0.7,,0.7,0.8,0.6,0.9,,0.5,0.5,0.5,0.6,0.4,0.5,0.7,1.1,0.8,,,0.6,,0.8,0.8,,0.2,0.5,0.5,0.6,0.6,0.3,,0.6,0.5,0.6,0.5,0.7,0.7,0.5,,0.6,0.7,0.8,1,0.8,0.5,0.9,0.8,0.5,0.9,0.1,,0.7,0.6,0.5,0.4,0.3,0.4,0.5,1.4,0.8,0.6,1.1,1,0.9,0.5,,1.5,1,1.2,1,0.8,1.2,0.9,1,,0.4,0.3,0.4,0.4,0.6,0.5,0.4,0.2,0.6,1.1,1.2,1.4,1.5,1.2,1.6,1.6,1.1,1.5,1.1,1,0.8,1.1,0.7,0.7,0.8,0.5,0.7,0.9,0.7,0.5,0.6,0.5,0.7,0.6,0.4,0.4,0.6,0.7,0.7,0.7,,0.8,0.7,0.8,0.9,0.9,0.6,1,0.7,0.7,0.7,0.6,0.7,0.8,0.9,0.6,0.6,0.6,0.7,0.6,0.3,0.4,0.5,0.5,0.5,1,0.7,0.6,0.7,0.6,0.7,0.8,0.8,0.6,0.6,0.6,0.2,0.5,0.4,0.4,0.7,0.9,0.8,0.7,0.6,0.8,0.7,0.7,0.7,0.6,0.9,0.9,0.7,0.5,0.9,1,1.1,0.8,1,1,0.8,1,0.5,0.5,0.7,0.5,0.6,0.5,,0.8,0.7,0.8,0.6,1.1,0.9,0.8,0.7,,0.8,0.6,0.5,0.8,0.9,,0.7,0.6,1,0.9,0.8,,0.5,0.3,0.4,0.4,0.5,0.5,0.5,0.5,0.6,0.4,0.5,0.6,0.8,0.7,0.9,0.6,0.8,0.8,0.4,0.7,0.5,0.4,0.8,0.5,1.2,1.5,1.3,1.4,1.2,1.1,1.1,1.6,1.4,1.3,1.4,1.4,1.3,0.5,0.7,0.3,0.5,0.4,0.4,,0.9,0.8,0.6,,,,0.7,0.5,0.9,1,0.8,1.1,0.8,,0.9,0.6,1.6,0.7,0.7,0.6,0.4,0.5,0.5,0.5,0.7,0.3,0.5,0.6,1.1,0.9,1.4,1.4,0.7,0.9,1,0.7,1.1,0.6,0.6,0.8,1.1,2.1,1,1.1,0.8,0.7,0.7,1.1,1.3,1.3,1,0.7,0.8,1.2,0.6,0.7,0.6,0.7,0.6,,0.5,,0.7,0.7,0.6,0.8,1.2,,,0.9,,0.7,0.9,0.8,,2.2,1.2,1.2,1.6,0.8,1.1,0.4,0.4,0.7,0.4,0.4,0.5,0.3,0.6,0.3,0.5,,0.4,,0.6,,0.3,1,0.8,1.2,1,0.5,0.8,0.4,0.4,0.3,0.4,0.4,0.5,0.5,0.6,0.5,,0.9,0.9,0.8,0.9,0.7,0.7,0.7,0.6,0.8,0.6,0.6,0.7,0.5,0.8,0.5,0.5,0.7,0.4,0.6,0.5,0.4,0.8,0.7,0.6,0.7,0.7,0.5,0.9,0.8,0.9,0.6,0.6,0.8,1.1,1.3,,1,0.9,,0.7,0.9,0.9,0.7,0.6,0.6,0.6,0.5,,,1,1.1,1.1,1.1,,1.1,1,1,1.1,1.1,1.1,,1.2,1.2,,1.7,2,1.6,1.6,1.8,1.7,0.8,1.1,1.5,1.5,0.8,1.1,0.5,0.3,,0.6,0.9,1.7,1.1,1,1,,0.9,0.8,0.6,0.6,0.6,0.7,0.9,1,1.5,1.1,1,0.8,0.8,0.7,0.7,1.2,1.1,0.7,0.7,0.5,0.9,0.6,,0.4,0.8,0.8,0.3,0.6,0.3,0.3,0.6,0.4,0.4,0.4,0.6,0.5,0.4,0.7,0.6,0.7,0.8,0.6,0.8,,1,1,1,0.9,0.6,0.7,1,0.3,0.3,0.5,0.4,0.5,1.3,1.9,,1.4,1.7,2.4,2.2,1,1.7,1.2,1.5,2.6,0.9,1,0.7,1,2.1,1.4,1.1,1.2,1.1,0.9,1.2,1.3,1.1,1,,1,0.9,1.1,0.9,1.3,0.8,0.8,0.7,0.9,0.4,0.7,0.6,0.4,0.5,0.6,0.6,1.3,1.1,1,0.6,1.1,1.2,1.1,1,0.4,0.7,0.5,0.6,0.5,0.3,0.7,0.7,0.6,0.8,0.5,0.8,1.1,0.8,0.5,0.4,0.7,0.6,0.6,0.6,1,1.3,1.1,1.3,1.1,1.2,1.6,0.4,1,0.7,0.4,0.4,0.5,0.4,0.7,,,0.6,0.7,0.8,0.6,0.8,0.8,0.6,0.6,0.6,0.5,0.7,0.9,0.5,0.4,,0.3,0.9,0.9,1.2,1.1,1.4,1.3,1.6,1.6,1.7,1.4,1.2,1.3,1.4,1.5,0.9,0.9,1.1,1.1,1.1,1.2,1.1,1,1,0.9,0.9,0.9,0.3,0.3,0.3,0.7,,0.5,0.4,0.7,0.7,0.4,0.7,0.6,0.7,0.8,1.6,1.2,1.9,0.6,0.8,0.9,1.1,0.7,0.2,0.5,0.6,0.2,,0.6,0.3,0.4,0.1,0.5,0.6,1,0.4,0.5,0.4,0.5,0.4,0.5,0.5,0.4,0.3,0.6,0.7,0.9,0.6,0.5,0.9,0.7,0.6,0.6,0.6,0.6,,0.5,0.8,0.8,0.8,0.8,0.6,0.7,0.4,0.6,1,,0.5,0.5,0.6,0.9,,0.8,,0.6,,,0.4,0.3,0.5,0.5,0.7,0.5,0.5,1.1,,1,1,,0.8,0.6,2.4,1.7,2.2,1.6,1.8,1.5,1.1,1.2,1.3,1.7,0.9,1.1,,1,1,1.2,1,,1.2,1.2,1.1,1.1,1,1.8,,2.1,1.1,0.6,0.6,0.6,0.6,0.4,0.5,,0.7,0.4,0.3,0.6,,,0.4,0.3,0.6,0.6,0.4,0.5,0.4,0.6,0.6,1,0.8,0.4,0.5,0.5,0.5,0.8,0.6,0.5,0.2,0.5,0.9,0.7,0.7,0.6,0.8,0.5,1,1.1,0.9,0.9,0.9,0.8,1.1,1.1,,,0.2,0.8,0.7,0.6,0.4,0.6,0.3,0.4,0.5,0.5,0.9,0.5,0.9,0.4,0.5,0.5,0.4,0.6,0.2,0.4,0.3,0.5,0.7,0.3,0.4,0.5,0.4,0.7,0.6,0.5,0.5,0.3,0.8,,0.5,0.6,0.5,0.7,0.7,0.4,,0.5,0.4,0.3,,0.4,0.9,0.8,0.9,0.7,0.8,0.5,0.9,0.5,0.7,0.4,0.9,0.4,0.6,0.6,1,,0.3,0.4,0.4,0.7,,0.4,0.3,0.5,0.7,0.3,0.4,0.4,0.5,0.8,0.7,,0.8,0.7,0.5,0.6,0.4,0.7,0.7,0.7,0.6,0.7,1.6,1.1,0.8,1,0.6,0.9,1,0.9,0.7,0.8,0.6,0.7,0.8,0.9,0.8,0.7,1.1,0.9,1.1,1.1,0.3,0.9,0.8,0.8,0.5,0.5,0.9,0.6,1.2,0.8,0.8,0.8,0.5,0.4,0.3,1.2,1,0.9,0.6,1.1,0.7,0.6,1,0.6,0.8,0.6,0.8,0.8,0.6,0.7,0.8,0.5,0.4,0.9,1.4,1.1,0.8,1.1,1.8,1.3,1.4,,1.2,1.1,1.1,1,,1,1,0.9,,0.9,0.7,0.8,0.8,0.7,1.4,1,1.6,1.2,1.2,1.1,0.7,0.8,0.7,0.8,1.1,1,,0.9,0.8,0.9,0.9,0.8,1.2,0.8,0.6,0.5,1,1,1,1.1,0.7,0.8,0.6,0.9,0.8,,0.8,0.6,,1.1,0.8,1.1,0.9,1.1,1,0.7,0.9,1.1,0.8,0.6,0.8,0.8,0.6,1,0.6,0.5,0.5,0.6,0.5,0.5,1,0.5,0.8,0.9,1,1.4,1.8,1.6,1.5,1.1,0.4,0.4,0.5,0.5,0.4,1.2,1.2,1.1,0.9,1.4,0.9,2.4,1.5,0.9,0.6,0.8,0.9,1.2,1.1,0.8,1.1,0.9,0.8,0.8,0.7,1.1,1,0.8,0.4,0.7,0.6,1,0.6,1,0.8,1.1,0.9,0.9,1.3,0.4,0.7,0.6,0.4,0.5,0.7,0.4,0.9,0.8,0.6,0.9,0.8,0.4,0.6,0.7,0.4,0.6,0.5,0.5,0.7,0.7,0.7,0.7,0.3,0.4,0.4,0.4,0.4,0.7,1.1,,0.5,0.4,0.5,0.4,0.5,0.6,0.5,0.6,0.7,0.3,,0.7,0.7,,0.4,0.7,0.6,0.4,0.5,0.6,0.5,0.5,,0.4,0.7,0.6,0.7,0.7,0.5,0.4,0.5,0.3,0.6,0.4,0.4,0.5,0.5,0.4,0.5,1,0.6,0.6,0.9,0.8,0.6,,0.5,1.2,0.9,0.2,0.6,0.8,0.9,0.7,0.4,0.3,0.8,1,0.6,0.8,,0.4,0.3,0.7,0.7,0.7,0.2,0.6,0.8,0.6,0.6,1.3,0.8,0.9,0.3,,0.9,0.4,0.4,0.4,0.3,1,,0.2,,0.3,0.2,0.5,1,0.9,1,1,1.2,1.3,1.2,,0.8,0.6,0.8,0.8,0.3,0.6,0.3,0.5,0.6,0.5,0.4,0.4,0.4,0.3,0.5,0.6,0.5,0.8,1,0.9,0.1,0.3,0.4,,0.7,0.6,,1.3,0.7,0.9,0.6,1.1,0.5,0.6,0.9,0.8,0.8,0.5,0.5,0.6,1.9,0.9,1.1,0.9,0.8,1.4,1.6,0.3,1.2,0.8,0.4,0.3,1,0.7,1.2,0.5,,0.5,1,0.6,1.1,1,1.1,0.8,0.7,0.7,0.8,0.8,0.6,1,0.4,1.1,0.7,1.6,1.2,1.3,1,1,1.4,1.7,0.5,0.6,0.6,0.5,0.7,0.9,0.4,0.4,0.6,0.4,0.8,1,0.7,1.6,0.8,0.9,0.3,1,1,0.5,0.8,0.6,0.5,0.5,1.2,0.7,0.7,1.3,1.2,0.6,0.5,0.5,1.4,0.4,0.5,0.5,0.7,0.5,0.8,0.7,1,0.6,0.9,0.7,0.8,0.6,0.7,0.5,0.5,1.9,,1.7,1.1,1.1,0.9,1,0.6,0.8,0.4,0.7,0.6,0.6,0.4,1.2,1.5,0.3,1.3,1.4,0.3,0.6,0.2,0.3,0.7,0.3,1
20170820,16,AQI,72,87,90,74,85,80,87,98,79,102,92,,,,94,,55,55,110,,55,49,40,,39,75,,100,97,68,77,69,54,114,38,36,43,47,47,36,34,33,33,31,30,57,73,60,53,106,75,83,107,108,66,77,97,94,69,105,51,46,45,47,48,74,72,,80,55,50,50,64,60,59,63,72,78,67,101,,,55,78,104,77,107,84,68,80,105,130,105,88,98,89,48,60,64,,,58,67,50,65,,69,28,34,27,29,30,38,28,34,32,28,31,45,30,,30,29,31,31,24,24,53,41,39,,33,39,30,37,28,35,44,34,23,28,26,29,21,23,20,23,24,27,30,35,39,34,38,31,35,35,43,40,32,32,37,35,41,,40,64,59,53,81,56,40,,,,69,74,,74,74,73,,51,32,31,,33,,39,40,40,43,39,39,37,,,,33,31,,85,50,51,35,40,,38,31,35,31,36,32,30,30,,31,,48,,57,29,25,28,30,26,29,29,31,26,30,17,24,45,33,18,,26,33,16,42,46,34,47,62,54,,,24,,37,35,,48,34,35,50,32,36,,47,43,51,45,57,44,41,,47,49,41,43,50,46,53,46,53,47,89,,73,83,97,77,101,42,53,42,46,28,57,39,39,34,,54,61,57,62,52,53,55,64,,41,36,34,45,42,39,41,32,33,52,57,53,64,47,50,57,51,73,51,49,36,54,55,56,51,52,43,47,35,38,35,36,39,43,43,38,44,46,115,119,,134,137,110,104,117,124,122,128,77,47,43,53,46,,82,34,38,38,52,24,27,42,20,104,62,95,55,40,39,93,104,41,38,47,44,40,38,32,42,130,138,126,122,114,160,146,155,128,116,46,52,54,53,23,44,43,28,32,33,47,27,10,25,35,34,35,74,,90,46,94,40,48,33,62,39,,50,47,50,50,47,,38,57,48,46,55,,38,60,34,35,32,29,35,28,39,28,35,22,18,33,29,27,20,25,23,28,25,23,39,25,75,69,67,75,79,79,70,85,72,68,66,87,88,56,29,40,39,29,21,,23,32,36,,,,52,36,33,51,33,32,49,,32,29,30,29,29,30,33,34,29,40,38,17,31,63,55,40,49,79,60,50,46,34,36,31,33,34,49,82,45,38,22,22,19,23,37,41,33,34,39,35,37,63,62,53,72,,78,,45,49,50,43,48,,,44,,42,34,34,,,36,64,59,37,45,39,48,32,49,38,33,25,28,34,30,,40,,39,,46,70,67,63,45,49,58,33,41,51,30,27,28,29,28,28,,85,60,88,98,69,74,52,53,60,48,36,44,28,24,26,30,25,19,55,45,47,47,59,66,30,35,38,100,113,102,28,37,31,47,41,,63,52,,36,37,42,37,30,48,56,14,,,63,51,63,76,,68,70,77,73,54,54,,69,70,,107,87,115,111,88,52,87,70,73,102,59,46,38,42,,38,25,85,36,51,22,,44,47,31,30,24,40,61,25,28,31,25,21,43,54,40,41,40,27,24,28,25,25,,7,26,38,40,30,67,24,24,41,24,32,37,38,38,29,31,30,41,27,43,,33,49,38,56,101,48,49,41,57,55,53,43,63,78,,97,99,89,85,43,54,53,53,55,49,45,45,46,88,65,100,89,67,50,57,70,68,75,,74,35,69,52,47,37,58,58,58,28,39,38,42,42,29,28,37,30,26,30,46,44,35,41,22,27,25,41,20,24,26,36,33,29,28,39,42,54,10,11,32,35,30,31,42,78,83,79,88,74,28,25,22,22,88,52,49,60,74,,,68,26,31,33,38,73,68,84,75,106,55,41,33,29,,40,28,24,59,60,63,62,53,64,64,,55,56,61,56,27,16,19,30,40,16,26,24,70,,69,65,36,33,40,52,,46,57,68,73,40,33,43,36,34,30,48,52,33,33,60,67,37,35,44,42,37,34,,33,39,33,43,13,30,33,38,34,28,26,29,31,29,31,30,37,36,38,26,21,38,37,50,51,30,,38,49,52,32,38,35,30,22,22,33,,33,36,24,30,,36,,51,,,27,23,39,79,59,59,75,46,,49,44,,70,57,137,138,135,166,130,128,67,65,59,67,63,64,,68,94,75,62,,55,57,59,57,64,94,,84,38,37,39,38,44,46,68,,53,68,47,80,,,30,29,35,45,45,57,35,41,44,36,44,42,40,34,31,26,93,54,47,64,40,37,49,34,37,40,33,21,39,24,24,22,20,33,,,38,52,35,19,20,28,55,35,34,35,44,35,45,19,20,24,31,25,26,30,31,30,29,30,28,39,34,51,34,34,35,27,30,,77,55,67,43,45,52,,50,49,46,,63,50,64,51,103,107,41,53,93,83,40,52,45,49,41,23,,37,36,35,44,,41,58,58,62,40,29,31,33,47,52,,46,42,29,26,28,57,64,49,53,83,59,53,51,51,49,45,58,54,54,62,78,67,43,48,48,77,55,74,80,62,24,49,46,30,29,34,43,41,40,39,38,43,46,45,43,57,59,53,43,53,48,52,45,54,33,38,40,33,38,55,52,39,53,40,46,46,51,60,67,57,50,,54,51,75,39,,40,42,48,,45,63,67,72,65,70,75,69,82,72,82,64,56,48,45,,50,,59,60,56,54,44,75,74,58,99,72,60,69,52,79,40,74,64,80,,30,36,,54,41,48,49,50,72,67,62,38,33,27,25,25,32,25,31,35,32,35,28,35,29,44,43,35,36,34,38,54,44,52,23,24,19,35,22,65,28,34,55,48,26,42,25,22,28,27,24,42,33,40,55,46,55,27,25,28,22,29,36,36,34,40,52,40,26,59,62,42,41,38,30,31,29,29,23,22,23,32,25,40,80,80,107,93,75,89,48,103,45,42,43,39,50,70,80,74,44,45,48,,44,46,34,33,37,39,59,60,50,,,37,39,,52,64,58,63,56,18,20,19,,36,29,28,28,27,25,54,54,54,56,52,24,32,30,35,24,38,60,43,20,17,20,,20,24,28,44,26,305,53,25,,11,18,36,17,18,,25,27,16,17,13,17,18,28,29,26,25,25,46,15,25,20,22,20,21,20,24,,35,,15,23,36,44,43,42,26,31,30,31,,25,30,20,22,53,27,,23,29,34,34,37,37,25,22,40,59,29,32,28,33,28,54,,40,30,27,36,34,20,23,35,21,37,45,38,42,36,31,33,31,27,31,46,72,43,45,45,33,32,31,30,53,91,69,74,,83,500,298,37,39,36,35,26,23,33,34,29,30,52,57,131,42,54,98,92,74,73,67,36,33,70,18,32,27,49,40,35,39,46,62,20,,23,45,35,46,54,50,34,38,37,52,67,46,55,70,70,64,36,39,52,41,48,28,26,30,37,30,64,85,36,37,34,65,54,75,46,107,,102,40,85,59,57,64,68,44,80,35,32,23,72,31,42,63,73,36,37,101,64,103,20,52
20170820,16,PM2.5,52,51,67,54,63,54,38,73,58,51,68,,,,46,,36,39,39,,35,34,26,,24,55,,48,33,45,56,41,38,86,26,20,30,30,30,20,11,9,13,5,14,40,52,43,37,37,37,48,49,43,40,46,44,34,22,47,9,11,24,13,33,41,38,,40,39,26,31,46,35,42,45,43,15,48,55,,,38,42,42,34,37,34,49,46,79,99,79,65,73,66,20,29,46,,,41,48,35,30,,32,14,10,14,10,6,11,11,8,13,13,11,10,10,,8,7,7,6,11,11,9,11,9,,8,10,13,13,11,10,12,7,11,18,,10,,8,8,8,,14,16,12,4,6,23,9,8,24,14,11,16,16,4,14,18,,15,24,42,25,23,35,16,,,,39,47,,33,48,53,,27,19,17,,8,,20,7,25,17,13,19,14,,,,15,16,,63,30,32,24,20,,26,12,13,13,10,17,21,15,,8,,31,,33,17,15,18,17,18,18,19,11,12,18,,11,25,7,2,,16,23,7,20,23,21,31,44,32,,,11,,16,17,,23,12,23,30,19,15,,28,30,23,31,40,22,28,,24,34,23,28,35,29,35,32,24,17,42,,53,48,42,55,47,29,37,24,10,4,27,16,27,19,,22,29,27,34,25,29,33,42,,9,2,12,,7,5,16,5,7,26,24,29,29,26,27,28,29,36,33,34,20,26,28,30,29,34,17,27,23,20,24,22,19,21,20,18,21,32,36,28,,28,28,27,30,27,44,31,39,30,30,30,20,19,51,25,17,25,23,36,13,13,25,12,20,27,22,13,15,27,38,40,21,16,19,7,18,13,12,3,35,45,42,34,35,62,56,39,27,29,32,29,28,26,13,24,28,15,22,14,23,15,3,9,18,12,11,19,,12,8,16,16,6,9,6,8,,8,4,7,5,7,,18,30,29,17,24,,24,38,2,20,4,16,12,19,27,12,8,,7,16,10,17,12,17,8,5,2,,16,3,55,49,48,55,58,58,45,59,52,49,46,64,53,19,20,4,27,12,5,,16,10,25,,,,30,10,21,19,9,20,34,,1,15,20,17,19,17,23,17,16,28,26,10,13,24,20,22,28,58,21,24,32,6,21,3,11,9,25,49,16,17,6,4,10,6,21,19,13,17,13,19,14,42,44,25,40,,23,,13,13,15,15,31,,,30,,14,11,8,,,5,30,36,10,19,12,27,5,20,12,,9,7,4,12,,14,,11,,13,30,23,22,26,25,23,15,15,12,6,,8,7,9,19,,35,43,65,43,43,10,20,20,29,16,25,13,10,5,9,12,8,5,39,31,28,32,42,30,15,11,5,43,40,36,8,10,11,26,28,,45,28,,21,21,17,25,18,25,34,7,,,45,34,45,44,,49,51,56,53,38,38,,35,37,,43,61,40,59,58,29,58,41,44,76,42,22,19,28,,26,16,63,25,21,15,,30,20,17,16,12,21,8,12,16,12,,4,17,13,17,25,19,9,8,8,7,6,,4,14,26,8,3,22,7,7,7,10,6,15,13,15,1,11,15,20,15,17,,21,27,13,28,29,28,25,22,30,25,33,17,40,45,,42,41,59,41,26,38,34,24,26,19,20,18,20,65,47,53,66,27,1,30,46,49,55,,54,19,36,29,21,20,35,38,40,17,27,26,17,24,14,15,12,18,18,8,12,8,16,15,15,13,17,16,10,6,4,5,23,18,19,22,29,21,2,1,22,24,21,20,27,32,40,24,49,54,9,12,8,14,28,32,31,28,54,,,49,9,15,19,26,23,35,35,35,28,21,23,19,17,,28,19,6,37,39,35,39,36,46,45,62,35,20,26,22,9,7,10,12,28,10,18,14,46,,50,47,10,12,3,19,,20,40,43,41,15,9,22,14,19,4,33,8,17,14,42,48,10,12,8,5,13,4,,8,19,13,10,8,10,7,6,13,7,4,10,3,3,,14,12,11,21,10,,15,14,18,16,14,,18,32,36,16,26,15,12,13,15,15,,16,6,12,13,,25,,23,,,13,14,27,58,41,42,55,32,,25,22,,39,27,104,105,103,126,99,97,39,35,41,36,45,46,,27,42,55,44,,36,36,39,34,29,70,,62,12,9,9,11,25,18,25,,7,11,11,59,,,9,13,15,27,14,21,22,17,24,23,28,18,27,21,18,17,21,25,22,27,28,21,21,21,21,28,11,11,13,8,3,14,3,20,,,13,8,9,10,14,15,36,20,21,7,14,4,26,5,2,,3,16,18,6,7,4,10,7,19,,10,28,5,11,12,11,10,,56,39,48,,26,36,,34,34,22,,45,35,46,35,77,80,22,37,69,61,14,36,31,24,26,9,,18,15,19,13,,28,41,41,44,19,15,14,19,19,29,,20,29,10,4,8,40,46,29,23,61,42,37,33,33,34,29,41,35,38,44,35,36,30,33,31,40,35,54,59,44,4,14,10,14,19,21,24,19,18,27,26,30,32,30,30,35,30,36,30,37,33,31,26,38,22,26,24,20,23,39,36,27,36,28,32,24,30,43,36,32,22,,36,31,32,21,,18,22,24,,22,45,48,52,47,27,28,37,50,28,60,31,28,25,31,,35,,42,26,29,32,19,55,54,41,74,52,43,50,36,58,6,54,46,59,,9,25,,11,25,27,24,35,52,48,44,21,23,12,13,14,18,13,16,23,22,18,19,19,10,25,30,12,14,14,22,7,9,8,1,9,3,8,6,13,15,10,14,14,18,29,12,15,18,15,10,19,23,27,39,32,27,18,17,8,13,16,20,18,19,9,23,28,18,29,31,29,27,16,12,13,20,20,8,9,5,7,16,4,59,56,53,47,22,28,23,28,29,29,30,27,23,12,20,36,15,31,16,,13,15,18,15,18,27,33,43,35,,,20,20,,,21,19,23,11,2,2,2,,1,8,9,15,10,13,38,23,12,18,36,16,17,21,24,13,13,23,26,11,9,14,,,13,19,8,12,34,9,12,,7,12,9,5,6,,3,3,3,3,6,5,11,1,10,12,10,10,,,17,9,3,1,5,,7,,1,,,4,21,21,20,24,7,7,12,12,,13,13,13,10,15,9,36,7,9,11,8,2,2,15,7,13,15,20,20,19,8,6,19,,5,5,16,21,6,11,7,24,6,18,31,22,19,6,10,1,1,3,6,16,22,7,9,17,12,10,11,16,21,32,3,26,,29,90,117,9,16,1,24,,9,8,20,6,7,35,37,32,29,38,37,26,41,53,48,7,15,51,12,17,9,27,28,14,10,28,38,10,,9,12,24,17,20,13,6,19,12,36,37,30,39,29,51,11,20,12,36,20,27,19,14,11,13,11,38,58,7,17,15,46,10,18,6,56,,34,23,38,26,37,46,44,17,59,12,9,16,52,19,25,33,34,6,16,27,9,20,9,21
20170820,16,PM2.5_24h,59,46,65,52,66,62,48,60,41,51,66,,,,53,,52,48,50,,50,47,40,,45,53,,60,62,54,73,49,57,46,40,38,52,41,49,43,16,19,26,15,23,62,76,70,57,46,44,67,61,55,46,35,39,22,32,38,13,17,25,19,25,41,33,,38,35,39,46,48,45,49,52,47,48,48,46,,24,42,38,40,37,41,36,59,59,67,79,60,61,76,64,19,28,35,,,32,35,28,31,,36,18,18,18,18,15,16,15,19,19,17,17,13,12,,11,7,7,11,10,12,19,20,13,,23,19,22,22,20,16,19,20,20,22,24,24,16,22,22,18,15,21,8,7,6,6,13,3,4,11,4,18,18,16,15,10,19,,17,18,18,14,20,17,17,,,,35,23,,17,25,29,,19,19,15,,10,,13,9,21,18,14,22,15,,,,12,13,,20,15,18,11,12,,14,13,13,13,13,17,21,21,,10,,27,,23,28,23,18,30,23,26,28,26,23,29,15,24,32,32,27,,32,30,27,32,28,28,34,41,34,,,12,,28,27,,30,26,30,18,20,19,,22,20,34,33,39,20,22,,12,16,11,13,18,23,20,15,12,14,31,,35,35,33,39,35,18,32,32,21,17,41,30,35,21,,30,39,45,34,45,52,58,53,,8,8,11,6,11,9,11,11,11,47,48,54,48,53,83,47,48,45,28,26,23,23,30,30,21,23,23,21,30,21,34,25,22,23,20,19,23,31,28,24,,28,25,25,50,25,50,25,33,18,18,14,15,15,31,16,13,16,15,30,12,13,10,13,29,29,26,12,17,21,39,36,18,13,13,7,13,15,16,18,31,30,41,29,25,33,33,28,24,27,37,31,32,29,26,31,26,23,25,25,31,28,6,8,13,8,11,21,,24,17,28,15,11,19,21,22,,19,12,13,19,16,,18,30,25,14,22,,19,29,6,19,7,15,9,13,19,16,10,15,11,17,11,20,16,20,6,6,5,3,9,3,49,43,38,43,49,47,42,56,42,40,38,53,45,24,22,12,25,16,13,,16,18,23,,,,27,17,17,24,28,27,17,,18,20,32,25,24,21,33,31,25,22,24,15,18,20,22,34,36,58,46,46,52,37,43,34,47,41,37,65,23,26,17,17,18,19,41,38,29,32,26,25,26,35,33,31,30,,20,,12,13,14,12,35,,,45,,36,21,20,,,22,29,39,27,21,22,19,20,13,32,11,13,13,10,14,,23,,23,,20,26,31,24,19,20,20,15,12,13,8,7,11,14,12,23,,54,56,56,48,53,27,27,17,29,18,30,11,11,11,11,13,10,6,16,20,22,29,34,33,12,10,16,37,31,37,12,12,11,46,57,,37,32,,22,27,25,23,17,22,25,7,,,42,44,53,39,,33,35,40,36,39,40,,37,41,,50,61,53,32,55,48,57,52,59,51,36,23,26,24,,17,13,19,19,20,16,,31,21,14,16,12,24,13,17,28,15,20,13,30,32,29,30,30,13,11,8,10,10,,8,21,14,18,11,23,17,17,18,19,10,11,23,17,16,12,15,15,15,15,,14,17,13,19,25,22,25,19,29,26,33,16,58,88,,65,81,66,75,39,50,43,39,52,40,42,43,46,76,68,69,71,49,60,51,69,63,66,,59,23,28,21,22,19,23,23,27,31,27,32,29,23,28,27,25,29,32,9,19,20,14,16,16,24,25,20,16,7,6,15,26,25,26,27,32,23,7,5,25,26,25,28,25,32,38,28,42,37,22,17,16,17,37,35,42,30,57,,,49,16,16,23,31,28,35,36,38,37,31,19,22,18,,23,23,20,34,38,35,38,31,41,37,44,34,21,43,53,39,43,43,52,43,51,47,45,32,,43,41,8,13,7,18,,18,18,35,26,7,9,14,13,15,24,34,19,21,20,35,38,13,11,18,11,16,10,20,21,17,17,15,15,17,14,10,17,6,6,8,11,6,5,17,19,18,17,17,,18,17,19,19,19,,8,13,24,18,26,12,14,12,16,11,,14,13,20,23,,32,,26,,,20,18,27,39,23,30,41,34,,41,46,,33,39,84,85,79,72,76,69,40,43,38,44,36,41,,31,33,49,34,,39,46,41,29,30,54,,50,24,24,23,12,36,19,21,,31,30,23,54,,,12,10,17,18,28,22,19,38,33,38,44,28,15,25,21,25,35,23,30,27,32,30,33,25,27,31,15,19,16,12,12,17,13,12,,,10,12,12,14,16,27,28,19,28,14,25,5,24,13,16,6,9,11,10,16,16,13,18,11,16,14,15,25,17,18,10,12,14,,40,28,39,13,17,17,,17,33,17,,27,33,38,34,24,28,22,36,27,29,20,50,37,32,24,9,,11,10,18,12,,22,19,29,31,9,9,6,12,20,30,,26,38,9,6,11,35,45,30,22,35,43,38,36,34,40,32,45,36,31,32,30,29,31,32,25,36,41,42,46,37,6,24,19,22,17,26,26,22,21,30,23,33,31,30,31,69,59,48,51,58,52,54,47,53,30,29,27,27,28,35,38,30,37,32,29,29,33,39,48,45,44,,47,56,49,31,,33,32,53,,51,58,49,53,56,39,33,47,40,38,46,38,38,26,43,48,37,,31,32,20,29,22,39,39,36,55,50,38,58,28,40,12,27,25,28,,11,25,,18,23,24,19,33,26,25,23,33,31,28,19,21,26,22,21,28,29,32,36,31,17,24,35,14,15,18,31,19,15,16,11,19,19,17,12,19,19,20,15,24,18,25,26,25,27,11,18,24,40,41,48,42,24,26,22,21,22,24,27,25,31,23,30,34,32,32,31,39,37,13,20,18,22,22,16,21,5,7,10,8,50,42,40,39,29,37,25,35,29,28,29,27,20,14,21,32,23,32,28,,16,25,23,26,26,28,31,33,26,38,,18,20,,9,23,20,23,15,4,5,6,,8,8,12,13,12,14,25,30,11,17,27,11,12,16,12,10,12,24,29,11,10,11,,4,11,15,17,16,19,15,11,,17,22,11,10,12,,10,14,11,9,14,10,10,12,10,10,11,13,2,3,14,18,6,4,5,3,24,,3,,3,4,22,27,30,28,35,27,28,26,,16,15,17,13,15,10,11,21,27,11,12,3,8,21,21,20,22,29,32,31,14,11,20,,11,10,22,38,18,26,14,31,6,23,20,13,22,10,13,16,8,15,17,22,34,20,21,11,23,18,10,17,26,26,14,44,,51,89,111,32,20,30,12,9,8,13,29,16,12,27,39,26,53,55,41,49,39,46,40,13,15,22,32,27,14,27,30,22,19,42,30,10,22,10,13,21,26,20,27,15,18,14,42,44,38,44,39,31,22,24,33,20,20,22,12,15,12,15,8,29,30,17,18,13,23,15,22,10,57,,44,32,84,55,36,59,52,13,54,21,18,14,65,30,23,46,48,11,34,21,14,16,11,33
20170820,16,PM10,,64,71,57,65,,66,,70,55,73,,,,61,,47,53,61,,59,40,40,,39,,,72,77,65,78,88,47,86,35,21,41,47,47,33,,,,24,25,59,95,64,51,59,79,55,56,61,82,68,59,93,88,73,51,45,45,44,40,49,55,,47,,47,45,51,49,55,71,57,29,58,76,,,60,54,75,78,59,64,80,110,133,119,116,88,75,92,29,42,52,,,61,58,49,47,,74,20,18,25,19,28,22,15,10,14,22,16,45,23,,23,12,15,14,23,24,56,41,39,,33,39,30,23,28,18,41,26,,,14,14,19,21,20,19,20,16,30,17,26,22,38,31,18,27,43,26,,25,25,28,,,28,77,57,55,112,62,28,,,,70,81,,84,81,77,,51,32,31,,8,,26,14,,23,23,39,20,,,,20,25,,,50,51,30,40,,,16,20,26,36,30,29,,,31,,38,,63,29,24,22,26,22,29,29,31,24,28,17,24,45,33,15,,26,25,16,42,46,34,47,64,57,,,14,,27,26,,48,34,35,50,32,36,,47,42,52,41,48,44,41,,47,49,41,37,38,39,55,35,38,47,74,,92,95,100,103,68,29,49,42,46,28,64,39,31,34,,58,72,63,46,54,56,60,58,,41,19,30,29,11,19,28,29,17,53,48,56,71,47,50,64,52,64,51,37,36,58,59,62,51,53,43,47,28,26,35,36,39,43,43,32,44,39,70,54,,56,55,54,49,53,59,69,73,38,47,,56,42,58,33,21,34,31,50,24,17,31,20,49,53,54,35,26,35,46,51,,26,37,16,26,24,16,42,51,62,51,43,37,113,92,89,78,64,39,44,58,56,23,25,43,19,28,27,47,25,10,16,23,34,35,33,,39,20,55,29,27,24,22,31,,24,19,39,26,23,,32,42,39,32,60,,38,70,34,35,32,29,35,28,31,28,35,22,18,33,29,27,12,,13,28,7,,39,5,89,87,78,98,88,98,89,120,64,86,81,93,126,62,27,9,30,13,11,,17,32,,,,,54,35,33,51,26,25,,,8,18,22,26,23,22,27,33,25,,,17,31,76,59,40,49,,70,50,45,34,36,12,20,34,49,75,38,30,15,12,13,23,32,29,20,20,39,34,32,76,73,55,46,,43,,38,39,23,30,40,,,40,,29,21,27,,,18,47,41,28,36,39,32,27,49,38,11,18,17,7,,,35,,38,,46,45,46,36,39,40,66,24,24,52,17,27,15,23,23,,,52,55,67,56,46,98,53,55,69,48,36,44,15,24,22,26,19,10,60,31,47,47,48,81,26,28,38,76,59,54,25,37,31,47,41,,62,54,,33,33,33,36,29,48,62,,,,65,52,53,102,,68,,75,62,46,47,,44,48,,62,,65,86,81,49,68,57,48,,68,46,38,42,,26,25,78,35,51,21,,44,47,31,30,17,37,71,23,28,31,16,10,42,58,26,38,27,20,19,11,23,19,,7,26,37,40,30,84,20,10,41,,32,31,25,,26,18,22,24,24,28,,26,49,32,61,49,44,49,41,64,60,56,32,46,64,,79,70,84,90,38,49,55,56,59,49,40,45,46,73,79,59,70,47,2,43,48,84,89,,72,35,87,54,47,36,65,66,65,18,,32,42,42,29,26,24,24,24,30,46,44,,41,20,27,22,41,20,24,26,36,28,29,24,39,34,57,6,10,28,31,24,31,42,58,46,55,56,66,19,22,21,20,58,50,33,,68,,,,16,31,33,27,66,47,71,64,50,60,41,22,22,,31,24,,68,70,75,73,56,52,78,,60,61,72,62,11,16,,30,31,16,20,,89,,79,63,33,33,27,53,,46,57,85,95,30,15,43,24,23,27,40,54,32,17,69,63,14,17,16,18,16,21,,23,27,13,15,11,30,30,,20,19,6,,7,14,17,19,13,19,38,23,21,25,28,50,51,30,,30,49,,32,32,28,18,18,21,22,,29,18,24,17,,29,,52,,,24,18,37,73,68,64,87,39,,49,44,,84,64,130,111,129,144,133,168,70,80,68,83,,57,,50,60,67,70,,59,63,53,63,37,93,,85,24,,20,30,31,31,85,,56,85,47,76,,,27,,35,45,29,64,27,38,44,35,44,40,40,34,31,26,48,57,37,40,38,28,49,23,37,28,25,21,19,11,12,22,12,31,,,28,53,35,15,17,28,60,35,34,32,44,30,45,19,13,,31,25,,8,18,24,29,10,25,39,27,51,17,34,27,15,29,,97,47,54,40,39,44,,50,43,33,,,48,54,52,109,123,41,44,91,78,40,51,31,49,28,23,,24,18,35,37,,35,48,55,53,40,25,26,27,47,54,,46,40,27,14,,58,54,42,55,72,58,54,51,51,,45,52,57,49,66,105,84,,,40,57,60,60,77,59,6,49,46,15,24,30,43,41,37,38,31,40,41,45,41,63,68,55,40,43,45,53,45,51,31,36,40,33,38,46,47,34,55,37,39,46,52,53,54,49,49,,58,51,55,35,,28,34,43,,39,70,66,70,59,49,71,44,,53,,78,62,48,40,,41,,54,70,62,58,26,67,,45,,89,62,70,44,,40,72,76,82,,30,27,,58,36,43,39,38,78,52,,38,27,27,23,22,32,25,31,35,24,35,28,35,23,44,35,29,25,27,33,57,27,54,17,24,19,35,16,79,26,34,59,48,,,16,22,,19,21,42,30,40,53,39,60,23,25,19,17,29,32,34,34,40,53,34,,67,74,38,41,38,30,31,24,20,13,11,23,32,25,40,77,65,64,103,42,41,32,40,43,40,33,38,48,41,40,54,35,,41,,41,46,28,18,32,29,68,,,,,32,39,,54,77,66,76,62,2,3,2,,4,16,14,18,18,19,45,57,57,62,44,24,32,,30,24,38,69,43,20,17,18,,20,17,26,44,14,424,55,25,,,,36,8,6,,25,27,7,12,8,17,18,18,14,18,21,25,46,15,,20,8,11,10,15,18,,5,,10,23,31,44,43,42,18,15,19,17,,18,19,15,18,32,22,,23,15,21,21,6,6,20,8,32,67,26,32,22,19,7,57,,9,8,,36,8,12,9,28,12,28,,38,42,,15,10,11,15,6,36,44,14,24,30,20,21,18,27,55,131,64,97,,116,618,418,29,36,35,,26,18,18,,21,14,54,43,46,,,62,64,86,64,80,28,33,,18,31,21,41,38,22,27,41,45,19,,23,44,35,31,34,35,14,30,18,,84,46,53,52,85,77,36,39,53,34,41,21,21,18,23,,77,73,25,25,20,80,27,37,15,88,,58,34,73,68,63,51,58,44,77,35,32,16,85,25,,34,42,16,34,44,77,42,15,54
20170820,16,PM10_24h,,59,62,56,63,60,74,,53,72,66,,,,74,,62,64,65,,67,57,48,,67,52,,110,115,98,88,80,73,88,70,67,113,105,100,87,27,28,42,44,45,109,123,98,85,58,70,70,73,71,65,62,51,68,69,68,65,53,48,67,44,51,54,,50,52,63,61,71,58,68,90,82,64,89,81,,48,64,63,70,78,58,79,111,118,129,147,124,122,107,111,31,42,50,,,60,52,46,50,,70,28,24,26,31,30,31,21,22,28,22,39,60,36,,35,15,18,24,26,36,90,67,63,,68,68,66,65,53,42,50,55,60,44,33,47,44,38,43,32,35,37,22,17,20,15,26,24,28,21,19,29,41,42,34,34,35,,42,43,33,46,48,40,32,,,,71,49,,56,57,59,,43,35,26,,26,,35,26,48,33,27,41,22,,,,26,25,,30,28,28,25,29,,24,20,28,26,29,28,29,20,,33,,46,,33,47,42,27,45,33,37,43,50,40,47,27,39,47,43,43,,36,41,53,48,50,51,48,62,62,,,24,,51,38,,60,41,44,33,29,27,,38,30,51,51,53,37,39,,31,27,24,23,27,36,28,25,23,25,69,,77,75,78,82,47,36,52,67,71,66,87,74,81,31,,77,75,103,72,78,104,82,89,,34,27,28,34,23,21,22,50,19,80,72,70,79,71,66,78,73,90,69,62,64,54,59,76,55,63,59,53,54,35,71,58,41,55,47,43,52,51,56,53,,50,58,37,89,51,69,50,56,24,31,21,36,28,58,23,22,26,19,43,17,16,18,17,50,53,50,32,35,33,58,52,34,28,27,20,33,34,31,33,52,52,53,44,34,72,66,60,62,60,61,55,50,56,47,63,56,42,66,58,57,65,15,17,20,20,23,37,,49,32,62,40,43,69,53,57,,34,43,44,40,56,,33,42,35,29,64,,30,56,31,33,22,25,37,34,32,29,41,37,31,25,38,37,30,54,11,12,9,6,18,11,70,70,62,78,79,71,66,107,52,67,58,79,96,57,47,35,51,41,25,,24,36,49,,,,54,55,45,81,70,55,53,,56,45,58,42,48,38,40,50,46,39,40,19,32,49,56,56,76,77,71,85,90,84,66,58,64,78,67,100,48,44,31,30,30,39,73,67,47,51,66,47,46,72,65,64,53,,30,,30,35,35,26,50,,,62,,64,29,30,,,55,64,61,60,32,56,42,51,45,75,24,27,22,14,24,,50,,53,,47,45,40,48,30,36,42,25,22,25,20,18,20,35,28,39,,75,68,77,69,71,48,52,32,47,38,50,29,24,21,18,33,16,18,32,30,35,49,63,51,22,19,24,68,64,65,21,24,22,86,64,,66,63,,39,49,44,42,27,51,51,29,,,76,65,64,118,,49,44,53,47,51,51,,51,52,,75,75,79,43,79,92,71,94,111,88,60,61,57,39,,22,24,39,30,39,22,,50,51,28,35,18,46,59,29,52,51,39,38,55,48,48,59,49,35,32,28,29,30,,11,52,46,51,27,57,53,38,65,61,34,34,29,23,33,22,26,23,26,26,,32,35,30,45,70,48,54,40,68,62,66,30,126,118,,114,99,128,123,56,76,70,65,80,70,73,64,67,120,105,97,102,92,85,73,92,89,93,,76,50,65,56,55,51,50,46,51,32,31,44,43,42,31,45,31,41,37,30,50,64,26,27,27,47,43,56,24,23,22,37,38,45,32,50,55,74,16,16,33,37,36,43,40,52,52,46,60,67,45,28,48,41,58,67,53,43,76,,,65,33,37,39,40,46,55,70,76,55,55,61,40,54,,43,37,46,59,56,63,69,46,53,73,74,69,73,97,89,103,105,102,88,90,98,130,123,79,,64,57,29,24,23,44,,42,44,75,68,39,18,36,33,39,88,85,98,36,27,62,59,26,16,27,22,29,28,29,33,25,17,25,28,43,38,40,38,23,17,12,14,15,13,39,36,37,32,31,25,32,33,36,53,49,,25,30,36,33,34,28,23,20,24,14,,28,23,39,36,,42,,48,,,37,33,48,74,56,48,63,60,,61,65,,75,84,111,112,109,100,140,120,59,80,64,83,67,56,,49,49,61,71,,54,65,62,52,45,102,,68,47,47,46,33,48,33,53,,96,85,97,62,,,44,47,30,37,36,59,29,60,56,57,71,65,28,43,49,57,52,36,51,41,69,48,76,48,51,42,30,29,27,26,31,36,28,41,,,40,33,28,27,37,68,73,43,57,58,120,27,55,39,33,12,23,20,23,32,35,43,55,19,46,66,32,48,35,35,37,34,28,,63,33,48,28,29,35,,41,43,50,,33,52,44,55,40,47,52,57,53,36,41,58,46,57,31,42,,21,31,28,42,,40,40,38,44,36,29,19,22,45,44,,58,60,22,24,22,64,57,51,34,56,65,49,65,55,57,48,67,59,61,63,73,63,52,45,48,51,66,67,89,60,13,76,52,51,44,39,56,49,53,58,37,59,51,59,48,92,98,74,71,87,68,80,73,77,44,45,47,44,50,45,47,42,57,45,40,49,57,71,74,72,66,,72,71,69,50,,51,51,70,,62,76,73,73,63,60,49,63,60,70,83,76,70,54,59,63,55,,46,63,68,52,31,50,29,51,69,69,67,68,40,52,43,48,56,54,,37,39,,44,33,39,35,42,45,31,20,54,48,42,45,42,53,41,37,41,49,54,63,46,32,48,45,32,37,37,55,78,48,59,27,29,36,42,32,48,36,48,59,66,27,42,40,48,33,25,43,64,66,66,81,62,86,44,40,42,44,46,47,36,63,58,50,54,51,56,66,56,60,26,56,49,41,43,26,38,33,36,30,57,81,51,51,77,55,56,39,47,37,42,37,40,52,43,38,48,44,61,68,,59,54,39,36,38,47,66,52,33,42,,28,37,,43,78,62,73,54,10,8,10,,17,13,16,24,22,27,39,53,42,58,37,20,24,28,22,46,57,72,46,27,19,17,,21,28,29,45,50,126,58,26,,25,41,28,29,24,,27,35,20,26,34,34,20,26,24,19,30,48,59,19,39,66,7,11,12,16,53,,9,,13,26,37,53,55,49,56,51,48,51,,30,24,24,20,68,44,28,33,41,17,20,8,13,40,38,64,59,47,50,47,33,20,60,,17,23,36,65,24,38,31,36,11,36,50,51,47,63,54,64,41,63,39,68,120,70,67,16,41,32,32,45,63,78,78,206,,157,521,352,72,48,68,24,29,16,41,48,49,22,45,47,37,87,59,57,102,56,57,84,43,31,25,40,41,28,44,35,35,32,82,38,16,59,35,52,29,45,37,56,25,28,20,52,72,74,57,58,56,55,49,62,50,35,35,22,32,19,26,15,67,50,28,34,22,49,40,56,34,99,,72,46,109,104,70,58,69,29,71,38,43,26,88,72,32,61,68,27,51,33,61,37,21,44
20170820,16,SO2,2,2,4,4,5,1,3,5,3,2,4,,,,7,,7,2,10,,6,3,10,,8,3,,7,33,8,2,12,8,4,6,7,19,22,23,25,5,2,14,11,9,5,6,7,4,14,15,5,5,4,11,16,30,28,16,15,6,7,11,5,6,6,12,,5,11,20,18,4,5,8,5,7,6,9,13,,,11,12,13,19,24,13,14,19,19,12,21,17,15,11,4,20,9,,,9,11,14,12,,8,8,6,11,14,5,4,6,5,4,7,6,8,8,,8,5,8,9,2,8,10,6,3,,4,6,7,10,6,5,12,6,5,6,6,8,4,6,7,3,8,7,6,12,8,24,7,8,8,8,7,7,7,12,5,5,8,,8,17,18,19,13,25,6,,,,26,22,,21,29,40,,27,4,8,,3,,3,3,2,8,4,11,18,,,,9,8,,11,6,8,8,7,,4,9,7,14,4,1,11,11,,8,,10,,25,8,5,7,5,7,6,11,3,6,8,,5,6,5,2,,7,5,6,13,12,12,13,3,7,,,6,,7,5,,6,4,4,4,5,8,,8,6,5,4,5,5,6,,6,5,2,16,1,16,15,8,23,5,6,,10,8,5,13,5,10,12,10,9,17,10,9,9,4,,9,3,10,19,7,8,13,8,,2,3,5,3,10,5,8,10,7,4,7,6,7,7,2,10,5,9,5,5,2,5,6,2,2,3,4,8,10,10,10,11,11,10,13,3,12,12,13,12,,11,9,12,14,12,5,9,10,13,,14,8,5,12,9,7,12,8,,4,4,2,5,11,12,9,6,5,10,15,25,9,7,8,6,7,4,6,4,13,15,15,12,10,16,17,14,10,8,11,12,12,12,7,10,9,7,7,7,7,9,4,5,6,,6,12,,11,8,11,15,7,8,10,8,,8,15,8,5,16,,7,5,16,10,7,,6,4,10,2,6,5,5,3,5,5,7,11,8,9,11,9,9,11,7,14,10,8,10,5,9,2,7,5,10,6,7,8,6,6,5,7,9,6,2,2,6,3,3,,7,6,2,,,,11,6,10,16,11,10,16,,8,19,11,11,10,11,7,38,10,8,10,4,6,14,10,65,39,33,20,64,25,6,8,5,6,3,4,8,4,1,3,7,2,4,7,7,5,6,3,12,9,4,11,8,9,,9,,8,7,6,7,12,,,8,,4,6,3,,,11,12,9,26,21,12,13,11,19,26,6,11,5,8,7,,12,,16,,4,10,14,14,2,8,6,10,9,5,3,1,4,14,12,12,,18,14,14,10,12,10,9,9,9,8,10,9,9,11,8,8,8,3,15,19,8,8,8,7,8,9,9,12,8,7,7,10,10,8,10,,12,11,,8,9,6,7,7,10,11,5,,,9,9,8,22,,35,38,22,25,10,5,,2,8,,16,23,20,16,24,5,3,7,5,14,6,10,10,17,,11,5,8,6,7,4,,16,13,6,8,9,11,4,7,19,7,7,2,10,70,8,12,7,8,5,4,8,5,,2,7,5,4,15,12,2,3,3,6,8,3,8,3,11,4,6,6,4,1,,15,32,9,,15,18,22,7,11,27,11,8,11,15,,9,17,13,14,7,7,6,5,4,3,6,7,5,12,11,6,4,11,10,8,9,5,8,,7,11,10,10,7,8,5,8,5,20,8,8,1,3,5,9,10,10,9,13,8,5,9,7,3,6,6,5,5,6,6,7,6,5,2,5,12,3,2,2,5,3,6,6,6,7,9,8,8,6,10,16,7,10,4,9,10,4,11,,,9,3,4,10,5,10,5,4,15,16,1,5,4,15,,5,13,11,12,12,15,7,11,9,7,9,12,10,10,13,3,5,3,7,4,3,5,2,11,,6,9,7,5,9,6,,24,20,71,28,6,6,3,4,6,3,5,4,11,14,9,13,4,1,4,1,8,7,4,5,5,4,2,3,7,6,7,4,3,2,2,4,9,5,6,7,8,13,9,14,10,19,,9,15,,9,7,13,13,9,7,7,19,10,8,,17,13,11,8,,9,,95,,,1,2,15,7,8,8,8,6,,8,11,,6,14,13,10,15,3,10,19,12,13,10,11,20,23,,19,21,4,2,,6,15,7,4,6,18,,21,4,5,5,1,7,7,3,,6,3,4,26,,,4,3,12,10,8,7,9,6,6,6,4,6,9,6,16,11,12,7,9,5,6,7,5,4,7,7,14,26,2,5,5,2,9,9,,,8,6,7,8,8,1,2,4,9,5,7,3,4,3,3,4,3,10,8,6,2,1,8,2,24,33,3,23,9,11,3,8,33,,10,9,8,11,11,10,,8,5,10,,25,11,15,40,94,93,6,7,45,26,15,21,18,28,13,7,,20,4,5,3,,10,8,12,7,15,5,8,9,11,13,,14,25,16,17,9,11,11,4,9,7,27,10,7,10,4,5,7,7,7,10,5,7,5,6,9,9,11,3,33,15,5,8,7,7,53,3,6,5,8,20,23,9,20,21,16,5,5,7,5,6,12,6,19,6,10,4,14,13,11,5,7,7,6,5,25,17,16,15,22,9,13,,9,3,5,7,,4,4,6,,3,9,6,7,6,8,8,10,4,7,6,5,7,6,9,7,6,,7,11,6,4,11,8,27,9,10,10,6,9,8,5,5,6,10,7,,6,6,,1,3,10,6,4,3,1,3,12,11,7,10,10,9,7,5,15,10,10,12,12,15,16,9,20,20,6,9,5,12,4,3,6,5,6,7,3,4,4,6,2,2,4,10,29,33,6,1,5,7,10,8,8,14,11,10,12,10,32,8,1,6,4,6,7,11,11,13,10,3,9,7,4,5,7,9,6,7,19,13,21,9,7,13,9,8,7,4,13,5,4,4,8,4,8,8,10,8,9,6,,8,9,24,7,15,3,10,17,26,6,,5,3,,5,13,5,6,7,8,8,8,,20,10,13,22,19,13,14,14,12,24,10,5,4,3,2,9,6,9,10,4,10,3,,3,7,3,14,11,7,21,9,,5,7,7,11,13,,7,10,7,7,6,7,6,6,16,12,23,11,2,5,4,9,5,4,5,4,3,,4,,6,1,3,6,4,4,4,4,4,3,,6,7,4,5,170,26,7,6,8,5,5,4,2,1,1,13,13,4,7,7,3,12,4,,8,12,4,5,7,9,12,14,,15,8,9,7,6,8,6,5,5,4,4,4,1,12,12,6,1,3,12,5,2,4,2,,13,21,26,7,11,6,3,3,4,7,6,7,10,10,6,12,5,6,8,35,19,6,21,10,7,10,5,6,6,6,7,12,12,4,8,5,,8,6,20,9,7,7,8,4,4,4,3,3,11,8,25,6,8,28,1,5,7,8,5,12,9,15,35,27,9,8,9,11,13,10,17,14,,10,10,14,10,11,11,6,8,25,1,4,5,4,12,3,5,14,6,9,7,2,13,5,44
20170820,16,SO2_24h,3,2,3,3,3,3,2,4,2,3,3,,,,8,,10,3,5,,7,4,12,,16,3,,8,29,7,2,10,8,4,30,24,49,46,51,46,7,4,15,11,12,6,10,13,10,10,15,7,5,4,7,8,22,20,12,8,7,8,13,8,8,9,14,,7,12,17,18,4,6,7,7,9,9,11,13,,14,14,27,13,12,15,17,15,18,19,13,17,14,15,11,7,16,11,,,9,20,10,14,,14,8,8,9,11,6,5,6,5,5,6,7,8,8,,8,5,8,9,3,11,10,6,4,,4,9,11,14,9,6,12,9,6,7,8,7,5,7,8,5,8,8,10,13,9,23,9,10,9,9,7,8,7,14,6,5,9,,9,19,18,18,14,18,7,,,,18,8,,12,24,24,,23,7,10,,3,,4,4,3,8,4,9,19,,,,9,9,,8,7,5,8,11,,5,9,7,15,3,2,10,9,,8,,13,,10,10,6,7,9,8,9,14,5,10,10,4,6,6,7,3,,7,6,7,13,11,12,13,5,8,,,6,,8,5,,6,6,8,6,6,9,,9,6,17,12,11,6,6,,7,4,2,17,4,19,16,16,24,5,6,,9,7,5,12,4,10,11,39,36,40,31,32,15,4,,33,7,16,21,6,14,17,16,,3,3,4,3,10,5,6,11,7,5,9,8,7,6,4,9,6,9,11,8,8,12,9,5,4,6,6,8,20,11,19,14,18,11,16,4,12,12,14,14,,14,17,17,19,13,6,10,12,12,12,12,11,6,13,17,7,12,11,9,4,4,5,6,12,7,10,11,10,10,25,26,9,7,7,7,9,12,8,7,17,20,18,13,13,11,14,11,12,8,16,26,14,20,7,13,9,7,7,11,7,9,3,6,5,3,6,16,,15,12,11,20,9,12,15,16,,15,12,13,10,16,,8,7,16,10,7,,6,11,10,4,6,7,5,4,6,6,11,13,12,11,13,14,19,25,7,14,10,9,9,7,7,2,7,6,9,5,7,8,9,6,5,8,9,7,4,2,7,4,5,,8,7,3,,,,16,9,8,10,9,6,10,,12,22,108,32,20,19,10,61,14,11,11,4,9,14,12,17,21,22,12,24,14,10,6,7,9,5,9,11,6,5,10,7,3,5,13,13,8,33,8,40,17,4,22,13,15,,8,,8,9,10,8,17,,,9,,5,9,6,,,18,11,11,27,18,12,16,8,19,22,8,7,6,7,5,,12,,14,,5,14,19,19,4,8,8,11,9,3,2,2,5,15,11,12,,38,16,29,15,18,14,12,12,10,16,40,9,8,12,10,12,8,5,11,19,9,8,7,10,9,9,9,9,8,8,4,6,6,16,18,,18,17,,14,14,13,13,7,9,18,7,,,9,9,9,15,,21,20,27,23,10,4,,2,8,,28,43,32,19,36,14,6,18,31,19,6,13,14,11,,6,5,6,6,6,6,,18,13,11,9,9,24,5,6,14,7,8,3,16,21,23,23,22,9,6,5,9,5,,2,7,5,5,16,11,3,3,9,8,7,4,6,3,16,5,8,9,6,2,,14,16,14,14,24,19,21,8,21,46,25,6,11,12,,12,19,17,13,8,16,9,11,14,3,5,5,6,16,12,9,3,13,11,8,12,7,12,,10,12,10,8,7,8,8,10,9,29,27,37,12,9,24,9,14,12,12,19,9,6,9,7,7,10,10,6,5,6,7,9,8,7,9,8,17,4,2,2,6,5,7,7,6,6,9,5,9,5,24,19,11,11,4,5,11,6,14,,,10,4,4,11,7,8,5,8,14,12,8,10,8,12,,9,18,12,12,12,15,7,11,9,6,9,12,10,10,14,4,5,3,3,4,4,4,2,10,,6,8,10,6,18,10,,10,16,42,13,4,6,3,14,6,4,5,4,9,13,11,13,4,1,4,2,7,4,5,6,5,4,4,4,9,7,6,3,5,3,2,4,9,5,6,8,11,11,10,14,11,22,,11,14,,7,7,12,13,10,10,8,17,11,8,,16,14,13,10,,9,,13,,,2,2,14,7,8,7,8,6,,8,10,,15,24,20,12,16,8,13,22,11,11,17,15,16,22,,13,14,7,5,,9,15,19,22,17,50,,35,5,7,6,7,9,6,4,,6,7,7,27,,,7,4,13,9,7,6,9,12,10,17,21,11,7,8,11,9,13,7,6,5,12,8,7,14,8,11,15,15,7,8,6,4,7,9,,,7,7,7,8,2,1,3,4,11,6,8,4,17,3,7,4,5,11,7,6,2,3,14,2,18,13,3,19,10,13,4,9,30,,15,13,11,14,12,13,,11,2,9,,24,14,29,24,31,29,27,18,21,23,10,8,10,24,11,9,,11,4,6,3,,10,19,19,15,10,7,7,9,13,13,,23,32,17,14,10,13,11,8,14,6,15,10,9,13,5,7,15,6,9,16,9,11,5,6,6,25,11,4,24,8,5,19,10,17,59,4,8,20,22,20,28,26,32,32,25,16,24,14,17,30,36,23,42,31,11,4,15,17,17,4,11,7,7,8,35,30,33,73,23,19,24,,14,6,10,8,,5,5,8,,5,9,7,7,6,9,7,10,3,7,7,4,6,6,8,7,5,,6,22,26,6,11,8,17,8,10,9,6,9,10,8,9,6,10,9,,9,8,,3,5,4,5,8,6,2,3,12,11,9,18,16,14,16,9,17,22,17,65,38,25,18,10,22,19,8,21,14,21,14,7,8,10,8,12,4,5,6,6,1,6,4,17,46,20,3,1,5,19,12,10,14,17,12,14,15,12,17,9,3,8,4,12,35,55,12,21,12,12,7,8,5,15,18,9,15,6,36,31,24,10,9,13,11,16,11,11,7,6,3,3,6,4,8,5,8,8,9,7,,8,11,19,6,13,6,15,5,27,6,,4,3,,6,22,6,7,8,9,8,7,,20,9,13,15,13,13,14,7,13,23,9,4,4,3,2,6,7,10,17,4,10,3,,3,6,3,24,37,7,19,8,,4,12,7,12,15,,23,9,8,9,8,10,4,6,11,11,16,9,2,7,5,9,4,4,5,4,3,,4,,6,1,4,8,6,7,8,7,7,5,,10,11,6,7,18,5,6,7,9,4,6,6,8,4,2,17,13,4,7,8,3,13,4,,9,14,4,5,6,7,12,13,3,10,9,12,8,7,9,7,5,5,5,5,5,1,12,8,6,2,3,12,4,2,4,5,,14,42,38,13,15,9,3,3,4,9,10,9,10,14,6,15,13,8,10,32,13,7,30,12,7,7,6,6,6,9,9,11,10,4,8,6,21,17,43,21,24,13,8,10,4,4,18,12,8,13,12,25,8,9,18,3,6,11,9,6,14,18,12,24,22,12,9,10,7,14,13,14,31,,11,10,16,25,23,11,8,6,25,2,4,6,7,36,5,11,19,7,10,6,2,12,11,15
20170820,16,NO2,17,12,23,14,24,17,28,16,13,16,29,,,,12,,18,14,12,,13,32,8,,3,20,,21,13,9,24,4,16,56,31,28,39,28,28,28,6,5,9,9,6,24,8,6,5,10,8,9,16,16,17,19,14,21,16,19,11,8,10,5,8,15,17,,14,19,11,16,4,11,14,2,8,15,12,20,,,11,13,15,13,15,9,18,28,21,21,20,25,19,15,8,6,23,,,15,13,14,22,,11,9,14,12,11,5,7,10,12,8,2,15,18,5,,11,1,2,8,7,6,15,26,2,,15,29,27,19,24,2,20,8,44,55,38,57,42,24,37,46,47,54,8,10,16,16,17,14,3,15,21,12,25,19,13,8,30,,17,27,47,34,15,57,10,,,,38,20,,19,16,19,,14,6,10,,18,,12,4,18,20,8,28,7,,,,12,23,,21,17,20,7,12,,14,5,12,9,8,,2,4,,14,,5,,21,29,14,5,19,14,20,34,15,18,20,4,19,28,30,18,,13,32,23,18,13,12,11,42,27,,,23,,7,13,,18,5,10,7,7,9,,12,22,12,1,14,7,7,,6,19,10,,8,21,16,12,16,6,16,,17,25,15,22,18,17,21,12,4,17,25,16,10,4,,4,26,10,10,22,13,15,19,,14,22,14,17,11,22,11,16,6,12,10,16,14,15,8,15,25,5,27,31,30,39,27,39,36,35,29,2,5,1,5,6,7,15,17,12,6,5,31,17,,22,25,16,15,36,19,22,12,26,12,35,26,23,16,20,15,22,14,,6,7,10,2,14,27,13,8,9,9,12,16,19,9,8,8,11,10,6,8,21,23,25,20,16,30,31,21,24,21,8,16,12,13,25,11,26,11,13,12,16,15,7,4,11,,14,8,,12,21,10,6,6,7,7,21,,12,11,14,7,11,,10,14,30,18,28,,31,8,8,18,2,9,6,15,20,12,8,12,10,7,12,12,15,15,7,14,10,3,22,5,19,19,40,33,27,22,14,24,15,27,14,26,14,21,16,6,35,32,2,,6,13,9,,,,14,16,24,18,4,20,15,,9,4,3,3,13,2,7,12,8,,7,3,4,8,4,61,37,29,47,46,11,30,15,10,19,10,24,13,17,13,3,1,3,3,5,8,2,2,6,6,10,28,19,11,8,,9,,15,8,17,8,8,,,8,,11,11,9,,,9,15,15,9,9,8,9,8,1,4,3,34,25,7,16,,5,,4,,7,7,13,10,19,11,14,21,7,11,7,3,1,5,7,2,,12,9,15,11,22,12,20,13,16,7,10,11,7,11,8,7,5,7,11,6,5,9,9,13,3,9,7,16,16,16,6,5,6,20,12,,10,10,,4,6,4,6,5,14,11,10,,,12,13,20,14,,21,16,11,30,2,2,,6,2,,4,13,1,4,4,13,15,15,17,,10,8,8,10,,55,34,57,51,31,24,,13,13,6,10,5,9,1,6,26,8,4,2,8,14,6,11,12,10,8,8,4,9,,6,16,12,6,3,4,10,17,2,10,8,9,4,9,19,7,18,14,39,13,,18,32,6,,2,12,26,2,6,35,37,3,16,6,,10,15,9,13,9,4,11,9,10,10,4,8,5,11,12,12,12,6,3,14,8,14,27,,14,9,21,9,16,15,14,13,5,5,2,4,7,4,1,2,1,1,7,2,6,13,6,4,2,12,7,8,6,7,7,3,8,8,8,12,10,10,4,8,14,29,16,14,9,11,15,15,11,9,8,10,8,8,11,10,9,10,21,,,13,5,7,5,7,14,10,19,16,24,,19,8,16,,7,20,9,18,16,8,16,5,8,23,16,14,16,25,20,5,18,38,25,26,23,38,48,7,,7,1,3,5,4,10,,13,22,23,34,8,14,2,17,4,8,8,13,4,,8,11,8,4,17,12,8,25,10,4,,8,3,7,10,8,4,8,3,1,6,2,9,9,7,8,11,53,18,24,10,16,22,20,22,,14,38,37,25,37,4,13,8,14,3,,15,18,12,4,,11,,16,,,9,4,7,8,9,15,5,14,,15,10,,11,12,17,4,13,8,9,11,13,11,9,12,18,11,,11,9,2,7,,9,3,15,14,4,15,,8,8,5,6,12,8,10,11,,9,6,5,22,,,6,1,18,14,12,16,5,2,15,9,11,11,18,16,16,12,10,13,7,11,5,2,8,5,3,6,6,21,10,14,2,3,6,7,,,4,3,13,2,14,30,4,3,6,12,10,3,23,6,5,1,2,8,1,4,6,2,16,3,37,15,12,13,5,10,2,6,18,,13,15,19,16,6,9,,20,2,2,,13,16,16,9,56,60,21,31,43,23,14,20,22,12,24,15,,8,8,15,12,,19,21,32,19,11,13,7,17,8,,,29,13,14,16,19,24,19,10,6,12,19,12,2,8,4,6,7,8,18,20,13,7,12,22,15,3,3,3,9,4,2,4,10,10,4,3,14,6,3,9,4,5,11,8,8,10,13,6,10,11,8,3,3,4,2,3,5,6,14,3,4,3,8,2,6,30,5,7,13,3,8,,25,21,7,10,,4,2,10,,5,5,6,1,3,12,13,8,8,8,2,7,4,5,7,6,4,,34,6,9,9,3,21,16,16,21,16,12,29,13,4,16,12,15,8,,5,5,,11,3,6,13,3,2,5,7,8,5,10,5,7,5,4,6,2,8,7,7,3,4,13,8,29,12,8,4,4,6,7,3,2,5,11,7,3,1,1,3,1,6,4,8,18,5,5,3,3,11,5,8,7,16,6,5,6,6,19,17,18,14,13,4,6,3,12,3,4,6,5,,13,7,6,7,5,31,30,23,26,3,12,8,2,11,12,11,13,6,11,10,1,17,19,24,21,4,8,5,,19,15,6,12,14,14,8,7,54,14,,15,11,,9,28,19,16,15,3,5,5,,18,2,6,9,4,10,9,19,10,22,10,4,7,5,4,1,12,8,5,8,6,7,,2,10,12,7,6,12,7,10,,2,7,8,4,6,,2,4,1,7,4,1,17,10,7,4,4,8,12,5,3,16,1,2,1,2,9,,6,,4,8,5,10,10,10,15,17,19,18,,10,6,21,9,20,12,3,23,15,4,5,2,4,5,15,8,12,6,21,10,12,18,15,,8,3,4,15,10,26,4,9,2,9,3,4,19,7,12,10,13,18,8,14,19,2,5,17,8,15,2,5,10,8,1,2,,4,14,9,11,4,6,13,1,8,12,5,6,6,16,6,29,6,4,15,10,14,2,18,9,7,25,15,11,13,19,15,4,5,8,22,4,,8,9,10,5,8,5,10,3,6,16,15,16,29,12,21,11,16,14,9,6,11,7,10,14,9,7,21,,,12,10,18,8,11,3,13,,20,11,12,7,10,22,7,10,22,5,2,3,26,12,6,1,15,4,3,11,12,8,3,13
20170820,16,NO2_24h,33,14,42,28,46,35,46,34,13,34,53,,,,36,,36,31,41,,36,28,25,,19,35,,57,40,34,44,20,43,11,54,57,45,44,58,58,17,32,23,23,31,42,31,27,25,22,17,24,27,27,18,17,16,19,19,21,28,19,28,25,14,46,45,,38,30,24,30,21,30,25,17,27,24,22,43,,18,29,26,37,41,31,31,32,53,50,63,45,51,57,34,14,26,38,,,35,33,33,38,,38,9,17,13,11,6,7,9,14,13,2,36,35,24,,32,5,7,27,14,28,35,43,22,,50,57,52,53,57,27,33,42,29,34,35,31,34,22,27,34,26,35,29,17,27,26,26,28,14,32,36,22,39,31,30,21,28,,35,23,32,27,19,30,21,,,,35,21,,24,27,28,,29,17,22,,15,,21,11,28,31,18,32,15,,,,16,26,,15,16,16,16,19,,23,15,19,19,18,22,9,9,,19,,13,,17,43,40,6,35,32,35,47,33,24,35,27,13,23,19,24,,8,25,25,34,24,33,24,27,18,,,21,,21,22,,18,10,12,8,8,9,,16,18,25,21,31,17,15,,26,40,33,24,37,66,31,36,37,29,27,,32,35,26,35,12,28,24,35,22,30,42,35,36,7,,27,43,30,31,34,34,35,38,,12,24,20,21,24,27,11,26,10,21,18,31,26,22,15,24,32,18,42,38,31,44,29,42,35,30,30,17,25,11,29,28,26,32,34,39,22,21,49,41,,51,57,32,66,64,38,58,30,41,48,39,35,28,45,42,20,37,34,40,19,15,20,13,30,43,31,23,19,13,43,41,24,13,11,11,17,20,14,15,38,42,46,11,29,33,42,38,36,40,39,31,23,24,42,34,41,28,31,32,35,34,9,8,15,12,8,14,,33,36,42,25,23,48,26,57,,34,43,35,34,41,,23,27,48,34,39,,35,9,16,22,5,15,11,18,22,17,15,18,21,11,22,23,22,28,14,19,21,10,25,12,27,23,48,34,34,36,22,41,17,28,17,35,21,20,16,4,28,28,4,,8,13,14,,,,23,21,57,36,28,50,44,,27,19,31,18,22,13,18,26,19,24,17,3,7,29,7,37,30,35,27,43,28,30,18,15,19,17,30,32,22,23,11,14,13,21,26,30,18,15,22,27,27,37,30,25,22,,17,,19,18,28,16,26,,,16,,16,22,19,,,11,24,27,26,22,15,27,14,3,9,14,25,22,9,14,,17,,17,,21,20,22,26,22,17,23,23,6,8,8,6,8,19,14,20,,25,20,31,20,46,21,23,19,23,14,21,15,10,14,11,15,8,12,16,12,13,18,21,20,9,11,11,36,25,33,9,11,12,46,34,,24,23,,14,16,18,18,10,28,28,16,,,16,13,22,31,,23,11,16,21,13,6,,19,10,,9,29,12,5,6,52,32,30,42,39,14,21,14,16,,13,17,27,36,24,6,,27,19,10,18,8,22,9,20,26,22,17,10,29,28,31,35,33,21,17,17,14,17,,6,21,17,20,6,11,21,26,12,22,12,13,13,10,28,13,33,30,32,28,,22,18,18,17,9,29,21,6,14,26,26,4,27,17,,26,26,19,21,21,20,28,25,36,16,8,15,11,25,29,35,16,11,7,16,15,13,25,,14,21,25,23,25,19,21,20,14,13,16,13,23,7,17,9,6,11,16,5,16,27,14,4,5,23,18,19,9,11,12,14,21,19,18,26,24,27,8,11,12,26,16,18,12,24,22,20,17,17,39,19,28,19,14,18,19,20,19,,,28,17,16,13,14,14,19,25,21,32,14,30,17,23,,17,24,21,22,21,9,22,4,10,25,21,27,34,39,38,13,17,24,26,23,28,27,30,17,,11,5,12,12,12,24,,10,22,25,22,10,18,3,17,12,27,24,21,12,,17,21,13,5,16,17,16,23,16,9,3,9,12,13,21,13,12,17,7,5,6,3,13,11,20,24,28,35,20,30,18,26,32,28,26,,12,28,31,21,36,17,22,9,16,3,,12,13,21,17,,22,,22,,,13,6,20,11,8,16,10,15,,17,13,,24,28,33,21,30,22,24,18,22,22,18,22,30,13,,21,14,2,13,,13,4,30,26,15,42,,33,10,6,8,16,17,12,18,,12,9,10,26,,,18,12,15,9,11,9,4,17,27,16,28,27,8,17,21,15,14,12,15,23,14,7,21,20,24,20,23,27,23,18,10,10,15,12,,,25,12,14,8,12,30,8,9,16,26,22,7,27,11,15,2,10,5,2,18,24,22,38,6,22,18,12,14,9,14,11,20,19,,29,22,18,29,22,24,,16,8,8,,13,24,21,21,53,57,33,42,31,28,26,20,21,22,31,23,,16,16,16,13,,20,34,41,24,17,23,17,16,12,5,,35,26,17,22,16,29,21,23,17,16,25,27,16,12,5,18,17,12,24,30,28,27,15,15,18,3,14,9,19,9,3,24,18,23,16,9,28,12,16,31,6,18,18,21,19,22,24,12,19,27,18,16,16,19,13,12,14,16,23,10,10,3,14,14,14,33,20,20,28,19,26,,32,34,25,12,,11,10,14,,11,9,9,6,5,14,16,12,13,13,21,12,14,16,9,9,8,,28,30,31,29,6,22,16,18,16,10,12,21,24,17,27,16,17,12,,9,13,,17,3,11,16,8,4,8,12,19,6,14,22,17,16,20,13,7,21,20,18,13,15,23,15,20,21,21,25,24,22,28,6,5,8,13,9,5,8,6,10,3,6,11,18,27,10,6,21,19,30,23,24,28,22,12,15,18,16,22,23,24,28,24,12,13,15,18,13,14,18,13,26,25,14,13,11,12,24,42,32,32,15,21,17,22,16,16,19,20,19,22,17,10,22,31,35,36,12,17,20,,18,32,25,29,19,32,15,26,33,16,,13,18,,10,41,21,19,19,5,8,8,,19,6,12,15,10,18,13,15,13,28,12,4,7,6,4,13,16,15,13,13,17,7,,6,10,7,10,21,19,13,14,,6,10,13,8,10,,10,9,7,12,13,10,12,16,9,6,9,15,16,7,12,31,4,5,5,4,13,,9,,4,9,14,17,18,17,24,21,25,19,,14,12,19,18,10,5,3,17,13,13,12,10,11,13,15,24,25,7,16,8,9,14,19,,7,8,6,25,12,30,12,11,5,10,3,5,11,9,10,10,13,12,12,45,41,13,25,7,35,38,6,17,18,19,1,22,,29,16,21,42,28,32,13,3,6,29,30,30,21,37,12,48,45,23,27,25,16,4,53,21,23,20,19,19,18,20,11,23,15,14,27,3,20,17,28,12,17,15,15,20,3,20,30,37,33,26,20,31,20,19,20,18,9,19,15,26,21,23,12,30,11,23,24,18,21,30,28,21,26,,45,13,29,27,25,30,18,11,21,20,7,9,22,44,16,23,32,7,9,18,15,12,10,23
20170820,16,O3,170,189,175,177,165,184,189,194,178,203,165,,,,195,,164,155,220,,148,80,120,,119,170,,200,197,174,160,167,136,43,116,113,105,102,111,113,107,103,104,98,95,152,146,145,152,212,180,186,214,215,172,181,197,195,166,210,122,145,141,148,127,179,177,,184,155,159,158,141,168,164,160,177,182,158,202,,,160,182,207,181,214,187,123,104,113,110,119,114,126,103,152,168,150,,,150,172,160,172,,175,88,108,86,91,93,120,89,106,100,89,97,89,94,,94,91,99,98,75,57,113,106,101,,101,106,92,117,88,111,138,107,72,35,82,45,64,73,61,43,37,41,83,110,124,108,85,71,112,100,98,125,102,100,118,112,130,,127,88,119,120,109,108,125,,,,175,179,,179,179,171,,75,90,91,,104,,122,126,125,136,122,108,117,,,,103,99,,100,129,123,100,77,,96,97,109,99,105,100,81,96,,58,,151,,142,76,78,87,93,74,82,65,88,83,94,,54,62,47,56,,72,39,43,120,115,75,113,79,80,,,75,,117,110,,99,92,96,72,84,73,,138,126,134,104,124,109,123,,103,120,112,135,108,147,132,121,162,114,191,,177,186,197,169,201,109,100,96,108,76,106,105,112,70,,114,123,146,169,113,134,164,171,,104,115,108,141,134,122,129,102,105,158,165,142,171,149,156,158,144,178,84,83,73,94,80,90,64,115,51,121,112,120,112,113,110,105,104,119,107,116,230,237,,267,273,220,207,234,247,244,256,181,,123,128,145,,185,108,121,120,,71,86,133,61,208,169,196,164,128,102,194,208,129,119,150,140,127,119,100,117,259,276,252,244,228,320,292,310,255,231,141,161,162,158,70,139,120,87,99,104,66,86,17,79,110,,62,179,,192,145,195,127,152,104,169,123,,159,150,160,157,150,,120,165,151,145,136,,115,116,76,63,63,75,55,59,62,60,63,67,55,45,72,62,62,61,72,46,78,71,62,79,135,114,137,103,124,85,120,78,123,124,102,112,134,92,73,125,65,91,65,,71,86,94,,,,112,113,104,100,103,101,150,,102,92,93,92,92,93,84,107,92,94,86,50,98,104,116,80,99,92,88,101,112,105,114,98,104,103,140,185,142,121,68,70,60,68,116,131,105,107,116,109,116,170,163,117,177,,182,,141,156,158,135,153,,,139,,132,106,107,,,113,171,167,118,144,108,153,101,107,112,104,79,89,107,93,,128,,123,,103,176,173,170,144,156,135,104,131,124,96,84,89,90,89,85,,188,167,186,198,175,100,79,72,104,99,114,102,89,75,83,96,77,58,124,127,86,134,148,123,94,112,91,200,225,204,89,86,85,122,128,,146,149,,114,118,132,118,94,137,128,42,,,145,145,135,158,,130,157,153,114,161,163,,175,176,,213,189,230,221,190,161,189,176,178,,155,91,97,91,,58,61,80,54,70,68,,127,110,88,93,76,128,69,78,50,72,77,66,135,117,128,129,126,84,76,88,78,77,,,82,90,93,88,90,76,74,79,75,82,117,121,120,91,97,94,129,86,136,,105,78,119,31,202,151,123,123,120,137,135,136,170,182,,197,199,191,188,137,157,149,144,156,140,141,128,132,185,,200,182,173,159,165,176,139,117,,141,101,93,121,113,118,85,102,96,88,92,88,112,124,87,88,117,96,79,83,67,90,110,68,66,75,73,70,42,64,49,48,101,87,81,83,80,88,32,34,59,53,72,61,133,182,186,183,190,161,88,80,68,68,190,161,154,168,148,,,134,81,88,86,94,178,174,187,180,212,,107,103,90,,98,65,74,110,123,111,112,86,75,94,51,95,93,90,108,86,42,29,44,42,46,41,30,149,,161,158,114,93,127,142,,137,111,111,103,127,105,59,115,106,94,100,116,105,104,168,158,118,109,140,132,118,107,109,103,123,103,137,39,93,104,119,107,88,81,91,98,91,97,95,118,115,97,81,,119,118,133,121,91,,119,106,118,87,94,112,96,68,68,103,,103,113,57,94,,62,,123,,,84,72,119,118,113,128,122,105,,124,121,,176,130,179,185,176,184,186,194,173,159,144,155,133,164,,174,195,151,156,,153,141,167,160,171,166,,124,121,117,124,120,140,146,89,,120,117,134,166,,,93,91,105,102,143,128,112,131,113,115,134,132,99,67,92,82,194,114,148,171,112,116,108,108,108,113,103,,122,74,75,60,63,105,,,120,59,56,59,43,49,48,78,90,112,99,112,78,60,61,74,75,68,72,96,97,95,78,96,72,89,106,101,108,106,110,85,95,,121,111,116,135,143,140,,148,141,147,,138,128,168,145,60,46,72,58,70,72,89,35,45,72,131,69,,118,115,112,139,,131,162,151,164,99,91,98,104,147,145,,75,75,91,82,87,159,170,154,147,152,110,129,117,128,117,136,135,127,73,84,70,106,81,81,151,181,135,133,146,128,76,92,84,93,92,108,103,129,128,116,98,111,97,113,116,124,106,133,120,129,75,83,91,110,103,84,105,82,70,96,75,102,72,80,102,81,101,113,173,165,159,,158,159,180,123,,128,132,151,,144,148,114,123,129,176,180,175,185,177,139,149,144,144,117,112,98,,115,135,116,131,140,129,126,104,106,97,107,103,131,117,116,77,84,72,,88,78,,116,131,153,155,158,100,111,104,90,89,71,77,78,76,75,74,83,75,79,73,79,91,124,136,110,114,107,121,141,138,160,71,72,50,61,69,86,88,81,76,94,58,62,78,60,88,85,76,63,100,105,107,95,53,85,63,89,68,64,114,113,107,110,74,78,68,95,96,78,98,60,69,62,85,83,73,69,29,50,74,67,180,184,214,194,180,191,153,206,144,124,126,115,160,176,184,179,140,137,151,,139,117,106,104,116,111,93,143,108,132,,117,110,,126,129,111,119,86,55,63,60,,113,92,88,87,86,79,83,81,102,85,76,75,75,74,80,64,64,122,128,38,51,55,,58,75,79,88,81,51,64,53,,33,47,54,52,57,,46,46,50,53,39,46,56,88,90,83,78,74,53,38,53,52,68,62,66,61,74,,111,,47,47,115,132,116,126,81,99,93,97,,79,94,64,68,95,86,107,58,91,107,108,117,118,80,70,126,131,73,63,61,105,87,77,,128,96,84,108,108,63,73,99,66,116,103,89,102,114,99,105,99,85,98,147,177,137,144,141,105,102,99,95,126,116,175,127,,184,85,88,117,124,115,83,71,71,103,106,91,96,125,165,261,132,149,198,193,179,167,126,113,92,136,51,100,84,155,125,109,124,146,169,62,,43,141,67,145,163,157,106,121,116,100,173,,104,176,141,102,114,96,145,131,151,79,83,96,116,93,158,188,115,117,108,95,163,180,145,213,,203,125,188,122,139,146,174,94,157,91,90,47,129,99,133,170,178,113,116,201,85,205,64,156
20170820,16,O3_24h,170,189,175,177,165,184,189,194,178,203,165,,,,195,,168,155,220,,149,136,136,,150,170,,200,197,174,172,167,136,154,154,136,159,136,128,143,137,133,144,136,127,154,146,145,155,212,183,188,214,215,176,181,205,199,180,210,135,146,147,150,134,179,177,,184,155,159,160,141,168,164,160,177,182,160,215,,175,162,182,220,184,216,187,209,183,195,184,207,204,187,167,152,174,162,,,162,176,160,173,,186,96,118,108,130,135,158,121,117,117,122,103,100,94,,98,103,99,107,79,60,129,118,102,,110,128,107,130,103,114,163,110,252,208,248,254,207,209,224,234,223,229,88,115,131,112,92,80,112,105,119,152,127,109,144,149,160,,143,136,119,120,130,120,125,,,,189,179,,179,179,171,,81,96,95,,149,,180,172,187,187,188,108,145,,,,108,119,,114,141,132,100,77,,96,97,109,99,105,100,81,96,,60,,151,,147,166,130,87,205,140,183,149,172,181,155,127,121,132,134,156,,129,135,119,231,205,157,197,205,185,,,187,,190,187,,153,148,131,112,106,100,,169,173,134,112,125,156,138,,103,120,112,135,108,147,132,121,162,114,212,,194,232,229,202,236,123,106,110,126,107,134,117,137,143,,138,127,148,171,114,136,165,175,,133,122,114,141,142,131,129,110,106,164,176,149,174,156,163,164,153,178,164,160,150,180,141,180,154,187,148,130,116,120,113,113,110,105,112,119,107,116,230,237,,267,273,223,277,234,249,244,256,181,142,132,138,145,198,185,120,134,120,196,78,99,139,93,270,282,262,199,226,180,208,208,134,162,150,140,141,136,148,122,269,288,252,250,228,320,295,310,255,231,168,161,162,168,70,141,120,102,99,126,66,101,27,79,110,55,62,280,,270,181,204,202,199,158,186,186,,206,167,229,243,186,,126,168,189,155,152,,138,133,78,63,64,75,60,64,64,66,66,86,69,53,81,70,66,68,91,62,91,93,71,86,145,131,141,130,128,113,124,131,123,124,104,132,134,106,81,227,79,97,80,,77,124,128,,,,118,126,120,127,122,113,162,,126,101,93,96,101,103,106,107,114,122,124,54,121,118,119,186,189,199,190,193,193,186,182,183,184,164,154,185,159,125,86,81,68,82,165,174,138,130,130,128,139,215,208,163,232,,182,,141,156,158,135,159,,,142,,139,108,110,,,136,186,189,124,161,108,153,101,121,114,116,100,106,119,113,,130,,129,,112,177,175,170,144,158,157,106,131,124,119,101,98,101,106,89,,254,216,237,260,247,139,131,89,130,129,115,111,97,86,88,153,77,94,162,179,113,144,148,123,94,124,92,209,244,218,89,86,85,215,212,,211,196,,129,124,143,135,150,142,133,51,,,172,172,154,163,,138,170,174,145,164,168,,178,176,,213,189,230,226,190,164,197,180,178,194,161,92,103,97,,108,103,144,112,120,102,,133,122,107,106,84,135,72,95,63,82,90,73,145,136,139,129,141,93,81,90,83,83,,82,91,104,103,98,103,98,91,98,91,91,122,121,120,94,99,98,135,109,154,,117,108,119,119,229,156,152,138,131,162,154,136,170,182,,197,199,191,188,141,164,157,154,163,142,142,129,132,185,160,200,182,173,159,168,180,145,123,,147,129,112,123,120,142,85,102,96,102,100,114,119,127,102,88,118,96,79,92,94,110,110,72,82,75,73,70,54,73,49,50,106,93,87,89,88,88,35,43,108,89,117,115,133,182,186,183,190,161,99,101,82,74,196,174,178,179,148,,,156,118,90,110,96,178,174,187,185,212,190,107,103,90,,98,80,89,120,134,118,121,102,91,117,95,142,129,119,134,86,85,79,93,88,60,88,77,149,,161,158,122,93,133,147,,137,141,151,151,141,109,75,124,120,100,106,128,114,109,180,174,118,114,140,133,118,107,148,103,126,103,143,43,93,104,119,107,113,103,106,116,95,102,106,154,147,176,174,,133,126,159,233,193,,121,118,145,105,111,224,204,103,95,103,,125,141,64,94,,81,,125,,,86,75,119,118,114,128,122,105,,124,121,,190,146,179,185,176,184,186,199,195,183,163,176,161,209,,203,212,157,161,,157,152,167,162,174,185,,136,156,156,153,140,163,163,105,,134,137,163,199,,,101,94,135,148,148,138,132,131,113,116,134,132,102,105,95,112,194,138,148,186,116,118,111,110,128,117,107,109,122,78,75,73,77,105,,,120,59,56,65,70,76,65,103,90,121,118,112,78,69,69,75,85,103,76,100,103,98,87,99,89,108,110,101,108,106,110,85,95,,122,115,130,135,143,148,,148,141,147,,138,144,184,156,73,62,75,58,93,91,136,80,83,87,131,69,,119,115,112,139,,132,162,151,166,99,100,98,104,147,145,,81,82,91,82,119,205,210,191,193,219,134,156,158,155,133,149,135,143,150,163,137,131,176,170,152,181,144,148,153,146,78,100,94,101,105,108,111,129,128,116,111,122,120,143,135,171,180,205,185,211,158,173,192,202,117,101,119,93,83,104,106,139,104,107,102,81,101,113,173,177,174,,181,170,197,134,,131,147,151,,144,148,114,123,129,177,182,175,185,182,139,149,147,144,117,112,111,,125,137,156,154,140,129,126,104,141,132,112,113,161,159,133,101,107,99,,90,82,,150,132,153,155,158,100,111,108,126,125,77,78,82,84,76,79,101,87,91,84,87,123,124,136,116,118,117,139,161,170,194,73,81,53,72,77,86,89,81,76,99,62,68,83,71,102,85,76,63,105,113,109,108,63,105,69,118,116,76,116,121,114,117,83,114,93,111,104,125,129,64,79,79,86,88,93,83,110,127,122,129,196,205,231,201,180,191,158,207,157,133,137,121,168,178,186,179,156,144,157,,139,126,106,104,116,115,114,143,120,132,,117,110,,150,149,132,147,95,56,76,60,,113,92,93,87,86,79,85,81,102,85,76,75,75,74,80,80,79,122,128,38,51,57,,59,75,79,104,90,60,72,62,,45,60,77,55,59,,46,46,56,64,157,50,58,88,102,89,78,74,65,52,73,67,72,65,71,70,76,,124,,70,69,132,139,132,144,169,175,165,174,,105,118,70,75,112,106,120,78,112,107,108,117,118,87,93,126,131,92,104,90,133,121,105,,131,96,84,125,126,67,73,100,66,116,155,163,170,158,153,158,115,114,107,147,181,137,144,169,127,123,121,115,134,126,180,162,,229,98,92,124,136,123,90,89,90,138,139,112,105,161,165,261,147,151,198,193,223,170,140,124,93,140,140,190,187,155,126,111,130,148,180,65,54,50,142,130,149,163,172,203,123,116,100,271,196,189,176,157,119,131,101,162,174,154,79,86,128,139,95,171,195,129,117,128,118,196,190,191,213,,203,131,188,217,177,169,174,105,192,94,110,47,135,111,156,170,195,118,130,201,117,205,89,160
20170820,16,O3_8h,97,111,92,99,87,101,102,112,115,107,84,,,,135,,125,119,144,,114,101,114,,116,134,,159,146,142,136,122,103,112,108,99,112,99,95,104,101,98,105,99,87,127,115,122,128,157,147,146,167,162,147,148,172,168,148,172,98,103,104,100,94,126,128,,132,122,122,129,104,126,126,142,150,172,132,135,,,121,150,140,128,128,133,111,89,103,97,113,108,106,95,123,129,117,,,121,125,118,126,,132,89,108,88,92,99,126,93,100,94,85,90,84,81,,88,87,83,96,70,55,107,100,96,,88,100,87,106,82,101,119,95,82,70,78,83,77,70,74,72,75,72,68,88,97,81,63,59,93,75,86,90,59,62,74,67,85,,82,72,89,85,76,81,89,,,,126,121,,135,116,119,,54,68,70,,76,,90,89,88,92,89,70,90,,,,80,78,,73,95,81,64,54,,66,78,85,77,77,79,60,72,,48,,110,,105,50,44,67,64,42,44,43,56,61,58,23,95,101,102,112,,104,102,84,134,129,94,125,94,93,,,46,,90,79,,122,122,112,82,84,79,,85,85,74,72,68,108,100,,79,84,87,104,83,111,106,94,113,85,139,,147,143,168,133,158,94,80,88,99,73,101,91,97,76,,106,101,124,140,87,110,131,142,,99,114,98,119,122,116,111,90,93,140,150,127,143,125,140,139,129,143,110,96,88,107,86,117,92,125,85,103,95,101,92,93,91,87,90,100,86,95,122,151,,137,169,145,139,133,165,145,164,80,69,71,77,74,105,100,69,81,51,14,60,74,92,59,133,110,118,104,85,82,116,118,102,98,107,94,84,77,68,76,159,166,151,152,142,201,185,181,163,153,123,107,114,118,45,84,69,67,65,83,58,68,16,48,62,37,46,121,,138,108,161,105,118,81,128,90,,121,118,128,115,110,,72,77,85,66,74,,62,94,56,49,52,56,46,49,45,48,49,45,38,31,46,36,39,38,58,35,59,62,43,66,110,94,106,88,96,76,99,70,107,86,84,91,103,81,65,120,52,68,50,,48,67,77,,,,88,96,56,60,68,61,87,,68,88,70,85,86,90,82,90,88,95,95,44,99,98,98,87,79,62,98,83,82,107,104,100,105,99,124,143,134,106,56,62,46,54,129,128,112,96,108,104,103,138,139,137,155,,147,,110,123,125,102,130,,,108,,102,100,99,,,117,149,148,112,141,79,116,88,95,93,104,91,94,114,97,,112,,113,,99,132,130,125,125,131,126,88,99,89,99,95,93,87,90,80,,202,164,189,187,186,108,93,70,94,102,98,79,71,62,65,92,56,64,104,114,77,116,111,99,72,82,69,155,178,166,64,60,59,120,135,,150,147,,98,93,116,108,98,100,90,30,,,108,111,102,121,,102,148,127,112,147,154,,162,163,,153,134,165,216,135,126,157,139,133,143,138,73,82,84,,93,79,108,86,96,90,,104,97,82,84,71,108,64,82,48,68,77,61,111,108,106,105,100,80,70,79,72,72,,65,81,96,92,90,92,76,67,76,71,78,104,102,108,83,85,64,87,77,96,,86,72,92,80,122,103,88,88,82,99,92,101,128,136,,140,143,145,138,126,140,134,130,130,124,126,115,113,142,120,147,134,153,141,147,156,129,101,,124,66,61,83,74,86,47,56,59,81,77,88,95,102,79,66,99,81,71,79,63,76,79,55,63,66,64,59,36,51,37,41,88,81,78,74,75,76,29,32,45,36,50,40,94,121,130,135,126,119,68,58,54,54,151,126,133,148,101,,,124,60,60,62,59,145,132,149,142,169,133,72,67,62,,63,42,50,103,113,101,100,92,83,96,63,103,96,84,100,77,66,45,50,54,44,59,47,122,,121,120,91,75,102,105,,106,96,92,87,108,85,50,99,86,90,88,102,99,97,145,139,102,95,108,121,100,88,99,84,112,88,128,38,81,92,89,79,95,83,89,100,76,87,64,80,74,92,82,,86,82,84,115,85,,92,93,84,56,64,77,72,60,56,84,,80,86,38,71,,42,,95,,,68,59,86,92,90,99,92,84,,98,96,,130,105,116,129,122,150,133,143,146,128,123,139,112,154,,156,161,149,145,,147,132,124,120,133,127,,99,107,100,109,112,131,136,85,,97,91,105,145,,,82,83,110,109,128,120,110,120,102,106,114,119,93,86,86,97,132,101,107,138,94,100,92,92,114,107,98,93,106,56,60,54,56,85,,,106,44,41,45,52,55,53,84,67,86,84,83,74,59,66,52,63,70,59,95,94,92,76,91,68,90,90,88,89,87,91,70,82,,95,93,87,102,114,101,,108,100,115,,108,95,130,110,59,47,68,35,79,71,77,54,60,72,85,41,,103,88,98,111,,104,102,89,108,84,87,82,91,119,110,,65,66,76,63,86,142,148,126,137,143,104,121,114,117,120,124,106,117,99,109,97,103,94,91,104,115,104,102,116,108,60,78,75,79,82,81,85,107,101,91,88,80,72,90,86,141,139,165,146,154,108,122,132,144,88,77,97,72,69,94,83,108,83,86,62,50,64,67,139,149,144,,144,142,162,102,,102,106,131,,128,125,98,104,108,149,157,152,152,156,101,111,108,107,99,100,95,,87,97,100,103,105,97,96,83,88,78,87,81,110,103,90,59,62,53,,74,67,,105,111,120,119,125,80,91,88,88,86,66,68,73,72,69,71,76,70,74,69,75,86,101,105,97,97,108,124,140,142,165,66,73,45,58,68,82,85,75,70,92,54,58,70,58,87,60,52,41,76,84,79,82,46,82,50,72,65,47,90,82,82,90,62,65,62,84,80,83,92,56,60,61,77,77,63,52,16,19,44,37,149,158,180,159,136,143,117,161,98,88,96,82,85,94,99,92,115,106,118,,106,109,91,86,91,100,59,91,70,94,,88,82,,109,109,97,111,77,35,41,36,,96,73,74,69,70,60,64,52,75,68,46,53,53,53,55,52,55,83,84,28,39,48,,52,54,54,84,76,43,56,44,,26,38,46,41,44,,39,39,47,54,66,39,48,65,64,59,51,46,54,39,45,40,61,54,54,52,56,,103,,36,37,94,97,94,97,89,97,90,96,,68,76,57,61,96,88,84,66,86,89,84,93,89,78,73,88,92,75,68,64,100,80,60,,120,80,78,67,88,57,67,90,56,95,87,74,79,96,87,88,87,78,82,116,132,107,109,120,77,73,87,81,88,76,177,93,,135,85,82,73,72,79,62,66,64,74,80,63,80,114,149,147,114,116,150,144,166,155,100,102,62,94,103,67,53,110,109,96,116,112,91,56,29,32,93,60,122,127,128,67,98,89,87,136,149,99,135,115,80,83,85,117,80,114,62,69,74,91,75,112,130,105,81,82,73,134,130,114,148,,143,105,136,118,131,103,125,87,143,80,93,38,118,86,98,129,164,110,97,151,90,158,75,137
20170820,16,O3_8h_24h,97,111,92,99,87,101,102,112,115,107,84,82,,,135,,125,119,144,,114,106,114,,116,134,,159,146,142,136,122,103,120,108,99,112,99,95,104,101,98,105,99,87,127,115,122,128,157,147,146,167,162,147,148,172,168,148,172,98,103,104,100,94,126,128,,132,122,122,129,104,126,126,142,150,172,132,135,,,121,150,140,128,128,133,111,93,103,97,113,108,106,95,123,129,117,,,121,125,118,126,,132,89,108,89,92,105,127,93,100,99,107,90,84,81,,88,87,83,96,70,55,107,100,96,,88,100,87,106,82,101,119,95,88,85,87,94,83,76,79,82,90,81,68,88,97,81,63,59,93,75,86,90,59,62,74,67,85,,82,72,89,85,76,81,89,,,,126,121,,135,116,119,,54,68,70,,76,,90,89,88,92,89,70,90,,,,80,78,,73,95,81,64,54,,66,78,85,77,77,79,60,72,,48,,110,,105,50,44,67,64,42,45,43,56,61,58,26,95,101,102,112,,104,104,84,134,129,94,125,94,93,,,71,,90,79,,122,122,112,82,84,79,,85,85,74,72,68,108,100,,79,84,87,104,83,111,106,94,113,85,139,,147,143,168,133,158,94,80,88,99,73,101,91,97,76,,106,101,124,140,87,110,131,142,,107,114,98,119,122,116,111,90,93,140,150,127,143,125,140,139,129,143,110,96,88,107,86,117,92,125,85,103,95,101,92,93,91,87,90,100,86,95,122,151,,137,169,145,139,133,165,145,164,80,69,71,77,74,105,100,69,81,51,14,60,74,92,59,133,110,118,104,85,82,116,118,102,98,107,94,84,77,68,76,159,166,151,152,142,201,185,181,163,153,123,107,114,118,45,84,69,67,65,83,58,68,16,48,62,37,46,121,,138,108,161,105,118,81,128,90,,121,118,128,115,110,,72,77,85,66,74,,62,115,56,49,52,56,46,49,45,48,49,45,38,31,46,36,39,38,58,39,59,62,47,66,110,94,106,88,96,76,99,70,107,86,84,91,103,81,65,120,62,77,50,,58,69,79,,,,97,102,56,60,68,61,110,,68,88,70,85,86,90,82,90,88,95,95,47,99,98,98,89,91,80,100,93,82,107,114,104,118,99,124,143,134,106,56,62,46,54,129,128,112,96,108,104,103,138,139,137,155,,147,,110,123,125,102,130,,,108,,102,100,99,,,117,149,148,112,141,79,116,88,95,93,104,91,94,114,97,,112,,113,,99,132,130,125,125,131,126,98,106,89,99,96,93,87,90,80,,202,164,189,187,186,108,93,70,94,102,98,79,71,62,65,92,56,64,104,114,77,116,111,99,72,82,69,155,178,166,64,60,59,120,135,,150,147,,98,93,116,108,98,100,90,30,,,108,111,102,121,,102,148,127,112,147,154,,162,163,,153,134,165,216,135,126,157,139,133,143,138,73,82,84,,94,79,108,86,96,90,,104,97,82,84,71,108,64,82,48,68,77,61,111,108,106,105,100,80,70,79,72,72,,65,81,96,92,90,92,76,67,76,71,78,104,102,108,83,85,64,87,77,96,,86,72,92,88,122,103,88,88,82,99,92,105,128,136,,140,143,145,138,126,140,134,130,130,124,126,115,113,142,120,147,134,153,141,147,156,129,101,,124,66,61,83,74,86,47,56,59,81,77,88,95,102,79,66,99,81,71,79,63,76,79,55,63,66,64,59,36,51,37,41,88,81,78,74,75,76,29,32,59,69,80,61,94,121,130,135,126,119,68,58,54,54,151,126,133,148,101,,,124,60,60,62,59,145,132,149,142,169,133,72,67,62,,63,42,50,103,113,101,100,95,84,96,63,103,96,84,100,77,79,64,70,69,46,78,66,122,,121,120,91,75,102,105,,106,106,99,111,118,85,55,99,101,90,88,102,99,97,145,139,102,95,108,121,100,88,146,84,112,88,128,38,81,92,89,79,97,84,89,100,85,87,64,80,74,92,82,,86,82,84,135,85,,92,93,84,56,64,77,72,60,56,84,,80,86,38,71,,42,,95,,,68,59,86,92,90,99,92,84,,98,96,,130,105,116,129,122,150,133,143,146,128,123,139,112,154,,156,161,149,145,,147,132,124,120,133,127,,99,107,100,109,112,131,136,85,,97,94,105,145,,,82,83,110,112,128,120,112,120,102,106,114,119,93,86,86,97,132,101,107,138,94,100,92,92,114,107,98,93,106,56,60,54,56,85,,,106,44,41,45,52,55,53,84,67,86,84,83,74,59,66,52,63,70,59,95,94,92,76,91,68,90,90,88,89,87,91,70,82,,95,93,87,102,114,101,,108,100,115,,108,95,130,110,59,47,68,35,86,71,77,54,60,72,85,41,,103,88,98,111,,104,102,89,108,84,87,82,91,119,110,,65,66,76,63,101,142,148,126,137,143,104,121,114,117,120,124,106,117,99,109,97,103,94,91,104,115,104,102,116,108,60,78,75,79,82,81,85,107,101,91,88,80,72,90,86,141,139,165,146,154,108,122,132,144,88,77,97,72,69,94,83,108,83,86,62,50,64,67,139,149,144,,144,142,162,102,,102,106,131,,128,125,98,104,108,149,157,152,152,156,101,111,108,107,99,100,95,,87,97,100,103,105,97,96,83,88,78,87,81,110,103,90,59,65,54,,74,67,,105,111,120,119,125,80,91,88,88,86,66,68,73,72,69,71,76,70,74,69,75,86,101,105,97,97,108,124,140,142,165,66,73,45,58,68,82,85,75,70,92,54,58,70,58,87,60,52,41,76,84,79,82,46,82,50,72,65,47,90,82,82,90,62,65,62,84,80,83,92,56,60,61,77,77,63,52,38,19,44,37,149,158,180,159,136,143,117,161,98,88,96,82,85,94,99,92,115,106,118,,106,109,91,86,91,100,59,91,70,105,,88,82,,109,109,97,111,77,35,41,36,,96,73,74,69,70,60,64,52,75,68,46,53,53,53,55,52,55,83,84,28,39,48,,52,54,54,84,76,43,56,44,,26,38,46,43,44,,39,40,47,54,66,39,48,65,64,59,51,46,55,39,45,40,64,57,58,55,56,,103,,48,42,94,97,94,97,89,97,90,96,,68,76,57,61,96,88,84,70,95,89,84,93,89,78,73,88,92,87,94,85,106,94,60,,120,81,78,67,88,59,67,90,56,95,96,81,86,96,89,91,88,78,89,116,132,107,109,120,77,73,87,81,108,89,178,93,,135,85,82,73,72,79,65,66,64,74,80,63,80,114,149,147,114,116,150,144,166,155,100,102,62,94,103,67,70,110,109,96,116,112,91,56,29,32,93,60,122,127,128,74,98,89,87,136,149,99,135,115,94,100,92,117,80,114,62,69,74,91,75,112,130,105,81,82,73,134,130,114,148,,143,105,136,118,131,103,125,87,143,80,93,38,118,86,98,129,164,110,97,151,90,158,77,137
20170820,16,CO,1.2,0.9,1.4,1.1,1.4,1,0.8,1.4,1.2,1,1.2,,,,1.5,,0.8,0.6,1.6,,1,0.6,0.7,,0.4,1.5,,0.5,0.6,0.5,1.2,0.3,0.4,0.8,1,1.1,0.3,1.2,1.3,1.1,0.4,0.3,0.3,0.3,0.3,0.5,0.5,0.5,0.5,0.6,0.6,0.7,0.6,0.5,0.7,0.8,0.8,0.9,0.9,0.9,0.6,0.6,0.6,0.8,0.7,1.3,0.8,,1,0.9,0.4,0.3,0.6,0.4,0.7,0.3,0.9,0.5,0.8,0.8,,,0.9,0.6,1,0.9,1.1,1.2,0.7,1.1,0.9,1,1.1,1.2,1.3,1.1,0.5,1,1,,,0.9,1,1,1,,0.8,0.5,0.7,0.8,0.9,0.6,0.8,0.8,0.8,0.6,0.8,0.8,0.8,0.9,,0.9,0.6,0.7,0.8,0.7,0.7,0.5,0.9,0.6,,0.2,0.6,0.4,0.9,1.1,0.4,0.3,0.6,0.5,0.9,0.5,0.8,0.8,0.6,0.8,0.6,0.6,0.6,0.3,0.4,1.1,1,0.6,0.9,1,1.6,0.7,0.3,0.6,0.5,0.3,0.8,0.5,,0.7,1,1,1,0.6,0.8,0.5,,,,1.2,1.3,,1,1.5,0.9,,0.8,0.2,0.2,,0.5,,0.7,0.7,0.6,0.6,0.8,1.6,0.6,,,,0.6,0.3,,0.9,0.8,0.7,0.3,0.8,,0.6,0.6,0.3,0.3,0.3,0.4,0.7,0.5,,0.7,,0.9,,0.7,0.5,0.7,0.6,0.6,0.6,0.8,0.6,0.6,0.5,0.7,,0.7,0.7,0.6,0.8,,0.5,0.4,0.4,0.4,0.2,0.3,0.5,1.2,0.9,,,0.6,,0.7,0.7,,,0.3,0.3,0.6,0.6,0.3,,0.6,0.5,0.5,0.5,0.6,0.6,0.5,,0.5,0.6,0.6,1,0.7,0.5,1,0.7,0.5,0.8,0.2,,0.6,0.7,0.5,0.2,0.4,0.4,0.5,1.2,0.4,0.5,1,0.8,0.7,0.5,,1.3,0.5,0.6,0.3,0.3,0.5,0.3,0.4,,0.3,0.2,0.4,0.4,0.5,0.5,0.4,0.2,0.5,0.7,0.7,0.9,1.1,0.8,1.1,1.2,0.7,1.3,0.9,0.9,0.7,0.9,0.7,0.6,0.8,0.7,0.7,0.9,0.4,0.5,0.4,0.4,0.5,0.5,0.3,0.3,0.4,0.6,,0.6,,0.6,0.6,0.6,0.6,0.7,0.5,0.8,0.6,0.7,0.7,0.6,0.7,0.8,0.8,0.6,0.7,0.6,0.7,0.5,0.4,0.5,0.5,0.5,0.4,0.8,0.5,0.3,0.6,0.4,0.6,0.7,0.7,0.5,0.5,1,0.2,0.4,0.2,0.4,0.7,0.9,0.7,0.6,0.7,0.8,0.7,0.7,0.7,0.6,0.6,0.8,0.6,0.4,0.8,0.8,0.9,0.7,0.8,0.7,0.6,0.7,0.5,0.6,0.6,0.5,0.6,0.5,,0.7,0.6,0.7,0.5,0.5,0.6,0.6,0.5,,0.6,0.4,0.3,0.6,0.7,,0.6,0.6,0.9,0.9,0.8,,0.5,0.2,0.4,0.6,0.5,0.4,0.5,0.4,0.5,0.5,0.5,0.4,0.7,0.5,0.6,0.3,0.5,0.5,0.3,0.6,0.4,0.4,0.8,0.4,1.3,1.7,1.3,1.6,1.2,1.1,1.2,1.6,1.4,1.3,1.5,1.4,1.3,0.5,0.5,,0.3,0.2,0.4,,0.9,0.8,0.6,,,,0.6,0.3,0.8,1,0.6,0.8,0.7,,0.7,0.4,0.4,0.3,0.4,0.3,0.3,0.5,0.3,0.5,0.4,0.3,0.2,0.5,1.2,2.5,1.6,1.5,2.3,1.2,0.8,0.5,0.9,0.4,0.4,0.5,0.6,1,0.7,0.6,0.5,0.4,0.5,0.8,0.5,0.6,0.5,0.6,0.5,0.5,0.4,0.7,0.6,0.7,0.6,,0.5,,0.7,0.6,0.4,0.8,1,,,0.7,,0.5,0.7,0.6,,,0.7,0.9,1.1,0.7,0.9,0.3,0.3,0.6,0.3,0.2,0.5,0.3,0.5,0.4,0.4,,0.2,,0.4,,0.2,0.8,0.6,1.1,0.9,0.4,0.7,0.3,0.4,0.4,0.4,0.4,0.5,0.3,0.5,0.3,,0.8,0.8,0.6,0.8,0.5,0.6,0.6,0.5,0.7,0.6,0.5,0.6,0.4,0.7,0.5,0.5,0.7,0.3,0.5,0.4,0.3,0.7,0.7,0.6,0.6,0.7,0.5,0.7,0.7,0.9,0.6,0.5,0.7,0.9,1,,0.7,0.7,,0.5,0.7,0.7,0.4,0.6,0.5,0.5,0.3,,,0.9,0.9,1,1.2,,1.1,1.1,1,1.1,1,1,,1,1,,1.5,1.6,1.3,1.8,1.5,1,0.7,0.7,0.9,1.2,0.8,0.5,0.7,0.2,,3.3,1.4,4,1.5,1.3,1.3,,0.8,0.7,0.5,0.5,0.7,0.4,0.9,0.8,0.9,1,1,0.6,0.6,0.7,0.4,0.7,0.6,0.6,0.6,0.5,0.8,0.5,,0.4,0.7,0.8,0.2,0.6,0.3,0.3,0.4,0.2,0.2,0.4,0.6,0.5,0.3,0.8,0.7,0.7,0.8,0.6,0.8,,0.8,2,0.8,1,0.4,0.5,0.8,0.3,0.2,0.3,0.3,0.6,1.1,1.4,,1,1.3,,2,0.7,1.2,0.7,1.1,0.8,0.6,0.7,0.3,0.6,,1,0.9,0.7,0.8,0.8,1,1,1,0.9,,1,0.8,1.1,0.9,1.4,0.8,0.8,0.7,1,0.2,0.6,0.5,0.2,0.4,0.5,0.5,1.3,1,0.9,0.6,1.1,1.1,1.2,1.1,0.3,0.6,0.3,0.6,0.6,0.3,0.6,0.6,0.6,0.7,0.4,0.7,0.9,0.7,0.4,0.3,0.7,0.7,0.7,0.7,1,1.2,1,1.2,1.1,1.2,0.9,0.2,0.8,0.5,0.3,0.5,0.4,0.3,0.6,,,0.5,0.7,0.7,0.6,0.8,0.8,0.4,0.5,0.5,0.4,0.7,0.9,0.5,0.6,,0.2,0.7,0.7,1.2,1.1,1.4,1.3,1.8,1.7,2,1.7,1.2,1.2,1.2,1.3,0.5,0.5,0.9,0.8,0.9,0.8,0.8,0.8,1,,0.9,0.9,,0.2,0.2,0.5,,0.5,0.5,0.9,1.2,0.4,0.6,0.6,0.7,1,1.4,1,2.1,0.5,0.5,0.8,0.9,0.6,0.2,0.5,0.6,0.1,,0.5,0.2,0.3,0.3,0.4,0.6,0.8,0.3,0.5,0.4,0.5,0.4,0.5,0.5,0.4,0.3,0.6,0.7,0.9,0.7,0.5,0.8,0.6,0.5,0.5,0.4,0.5,,0.6,1,0.8,0.9,0.6,0.5,0.7,0.5,0.7,0.7,,0.6,0.5,0.5,0.8,,0.7,,0.5,,,0.3,0.2,0.5,0.7,0.9,0.7,0.6,1,,1,1,,0.7,0.6,1.6,1.1,1.5,0.9,1.3,1,1,1.2,1.2,1.4,1,1,,1,0.9,1.1,1,,1.1,1,1,1.1,1,1.7,,1.9,1,0.5,0.5,0.5,0.4,0.5,0.5,,0.6,0.3,0.2,0.5,,,0.2,0.3,0.4,0.5,0.4,0.4,0.4,0.4,0.3,0.8,0.5,0.2,0.7,0.5,0.5,0.6,0.5,0.5,0.2,0.6,0.6,0.6,0.4,0.3,0.7,0.3,0.8,0.9,0.7,1,0.7,0.7,0.8,1.2,,,0.1,0.8,0.7,,0.2,0.4,0.2,0.3,0.4,0.3,0.2,0.4,0.4,0.8,0.4,0.6,0.4,0.5,0.3,0.3,0.2,0.3,0.5,0.3,0.3,0.3,0.3,0.6,0.7,0.4,0.4,0.2,0.8,,0.5,0.7,0.6,0.7,0.7,0.4,,0.6,0.4,0.4,,0.5,0.9,1,0.8,1.1,2.1,0.5,0.9,1.5,0.6,0.4,0.5,0.2,0.5,0.5,0.9,,0.3,0.4,0.5,0.7,,0.4,0.4,0.7,0.8,0.3,0.4,0.5,0.5,0.8,0.8,,0.8,0.7,0.5,0.5,0.4,0.6,0.6,0.7,0.6,0.6,3.1,0.8,0.6,0.8,0.5,0.7,0.8,0.8,0.6,0.8,0.4,0.5,0.7,1,1.3,1.1,0.8,0.8,1.5,1.9,0.2,0.5,0.6,0.5,0.3,0.6,0.5,0.4,0.8,0.6,0.7,0.5,0.4,0.3,0.2,1.1,0.7,0.8,0.3,0.4,0.4,0.4,0.5,0.4,0.7,0.4,0.5,0.6,0.5,0.8,0.7,0.6,0.3,0.9,1.3,1.1,1,1,0.8,0.7,0.7,,0.8,0.7,0.6,0.8,,0.8,0.9,0.6,,0.6,0.6,0.8,0.7,0.5,1.3,1,1.6,1.3,1.2,1,0.7,0.7,0.5,0.7,1.1,1,,0.9,0.7,1,0.9,0.8,1.3,0.9,0.7,0.7,1.2,1.1,1.1,0.8,0.7,0.9,0.8,1,1.2,,0.8,0.6,,1.1,0.9,1.1,1,1.1,1.2,0.9,1.1,0.7,0.4,0.4,0.5,0.5,0.5,0.7,0.5,0.4,0.4,0.4,0.4,0.5,0.9,0.4,0.8,0.8,0.9,1,1.6,1.5,1.3,1,0.5,0.4,0.3,0.5,0.4,1.2,1.2,0.8,0.9,0.8,1.1,2.1,1.2,0.3,0.3,1,0.9,0.9,0.6,1,0.5,0.8,0.5,0.6,0.5,0.7,0.8,0.8,0.3,1,0.3,1,0.3,0.7,0.5,0.9,0.7,0.8,1.2,0.4,,0.5,0.3,0.4,0.6,0.4,1.1,0.8,0.6,0.9,0.7,0.4,0.7,0.6,0.4,0.6,0.4,0.5,0.6,0.6,0.7,0.6,0.2,0.4,0.4,0.3,0.3,0.5,0.8,,0.4,0.2,0.3,0.3,0.3,0.4,0.4,0.5,0.6,0.4,,0.6,0.6,,0.4,0.6,0.6,0.4,0.5,0.3,0.5,0.5,,0.3,0.7,0.5,0.6,0.6,0.6,0.4,0.4,0.3,0.5,0.4,0.4,0.5,0.5,0.4,0.5,0.9,0.6,0.6,0.6,0.7,0.7,,0.4,1.1,0.9,0.2,0.4,0.6,0.8,0.6,,0.2,0.7,0.9,0.6,0.7,,0.3,0.3,0.5,0.5,0.5,0.2,0.7,0.7,0.4,0.4,1.3,0.7,1,0.3,0.6,0.7,0.4,0.3,0.4,0.3,0.9,,0.2,,0.3,0.2,0.5,0.8,0.8,0.9,0.7,1,1.2,1.1,,0.8,0.6,0.8,0.8,0.6,0.8,0.1,0.3,0.3,0.3,0.2,0.3,0.4,,0.3,0.4,0.3,0.7,0.9,1,0.1,0.2,0.6,,0.6,0.5,,1.1,0.8,0.9,0.6,1.1,0.5,0.7,1,1.2,0.9,0.4,0.5,0.6,1.7,0.8,1.2,0.7,0.6,1,1.3,0.4,0.9,0.7,0.4,0.1,0.8,0.6,1.2,0.2,,0.4,0.9,0.4,0.6,0.5,0.6,0.6,0.7,0.6,0.4,0.4,0.4,0.8,0.4,1,0.6,0.6,0.8,1.1,0.7,0.9,1.3,1.4,0.5,0.5,0.6,0.3,0.7,0.8,0.6,0.5,0.4,0.3,0.7,1,0.6,,0.4,0.5,0.2,0.6,0.9,0.4,0.7,0.6,0.2,0.5,1,0.7,0.8,1,1.1,0.4,0.3,0.4,1.4,0.3,0.6,0.5,0.6,0.5,0.6,0.7,1.3,0.9,0.6,0.8,0.7,0.8,0.6,0.3,0.4,1.7,,1.5,0.9,0.8,0.6,0.7,0.6,0.7,0.4,0.6,0.5,0.4,0.3,1,1.1,0.3,0.7,0.9,0.3,0.3,0.3,0.4,0.7,0.2,1
20170820,16,CO_24h,1.3,0.9,1.4,1.1,1.4,1.1,1.1,1.4,1,1.1,1.1,1.1,,,1.6,,1.4,1.1,2.1,,1.5,1.1,1,,1.2,1.2,,0.9,0.8,0.6,1.5,0.7,0.6,0.7,2.3,2.2,1.8,2.1,2.7,2.5,0.4,0.4,0.4,0.5,0.5,0.8,0.7,0.8,0.8,0.6,0.7,0.8,0.7,0.6,0.8,0.5,0.5,0.6,0.7,0.6,0.6,0.6,0.7,0.9,0.7,1.3,1.1,,1.1,1,0.5,0.4,0.7,0.4,0.7,0.5,1.2,0.9,1,1.1,,1.1,0.9,0.7,1.2,1.1,1.4,0.9,0.8,1.3,0.9,1.1,1.1,1.2,1.3,1.2,0.7,0.9,0.8,,,0.9,0.8,0.9,0.8,,1,0.7,0.7,0.9,1,0.6,0.8,0.7,0.8,0.8,0.8,0.9,1,1.1,,1,0.7,1,0.8,0.9,0.8,0.6,1,0.6,,0.4,0.5,0.6,0.7,1.3,0.4,0.4,0.7,0.4,0.8,0.5,0.7,0.8,0.6,0.7,0.6,0.6,0.6,0.7,0.5,1.5,1,0.9,1.2,1,0.9,0.9,0.3,0.7,0.6,0.3,0.9,0.4,,0.7,0.9,0.7,0.6,0.6,0.6,0.5,,,,1.1,0.9,,0.7,1,0.6,,0.9,0.2,0.3,,0.5,,0.8,0.7,0.7,0.7,0.9,1.1,0.6,,,,0.5,0.3,,0.8,0.7,0.7,0.4,0.8,,0.6,0.6,0.3,0.4,0.4,0.4,0.8,0.5,,0.8,,0.8,,0.5,0.6,0.8,0.6,0.7,0.7,0.8,0.7,0.6,0.6,0.7,0.8,0.7,0.8,0.6,0.9,,0.5,0.5,0.4,0.6,0.4,0.5,0.7,1.1,0.8,,,0.6,,0.8,0.8,,0.2,0.5,0.5,0.6,0.6,0.3,,0.6,0.5,0.6,0.5,0.7,0.7,0.6,,0.6,0.7,0.8,1,0.8,0.5,0.9,0.8,0.5,0.9,0.1,,0.7,0.6,0.5,0.4,0.3,0.4,0.5,1.4,0.8,0.6,1.1,1,0.9,0.5,,1.5,1,1.2,1,0.8,1.2,0.9,1,,0.3,0.3,0.4,0.4,0.6,0.5,0.4,0.2,0.6,1.1,1.1,1.4,1.5,1.2,1.6,1.6,1.1,1.5,1.1,1,0.8,1.1,0.7,0.7,0.8,0.5,0.7,0.9,0.7,0.5,0.6,0.5,0.7,0.6,0.4,0.4,0.6,0.7,0.7,0.7,,0.8,0.7,0.8,0.9,0.9,0.6,1,0.7,0.7,0.7,0.6,0.7,0.8,0.9,0.6,0.6,0.6,0.7,0.6,0.3,0.4,0.5,0.6,0.5,1,0.7,0.6,0.7,0.6,0.7,0.8,0.8,0.6,0.6,0.6,0.2,0.5,0.4,0.5,0.7,0.9,0.8,0.7,0.7,0.8,0.7,0.7,0.7,0.6,0.9,0.9,0.7,0.5,0.9,1,1.1,0.8,1,0.9,0.8,1,0.5,0.6,0.7,0.5,0.6,0.5,,0.8,0.7,0.8,0.6,1.1,0.8,0.8,0.7,,0.8,0.6,0.5,0.8,0.9,,0.7,0.6,1,0.9,0.8,,0.6,0.3,0.4,0.4,0.5,0.5,0.5,0.5,0.6,0.4,0.5,0.6,0.8,0.6,0.9,0.6,0.8,0.8,0.4,0.7,0.5,0.4,0.8,0.5,1.2,1.5,1.3,1.4,1.2,1.1,1.1,1.6,1.4,1.3,1.4,1.4,1.3,0.5,0.7,0.2,0.5,0.3,0.4,,0.9,0.8,0.6,,,,0.7,0.5,0.9,1,0.8,1.1,0.8,,0.9,0.6,1.5,0.7,0.7,0.6,0.4,0.5,0.5,0.5,0.7,0.3,0.5,0.6,1.1,1,1.4,1.4,0.8,0.9,1,0.7,1.1,0.6,0.6,0.8,1.1,2.1,1,1.1,0.8,0.7,0.7,1.1,1.3,1.2,1,0.7,0.7,1.1,0.6,0.7,0.6,0.7,0.6,,0.5,,0.7,0.7,0.6,0.8,1.2,,,0.8,,0.7,0.9,0.8,,,1.2,1.2,1.6,0.8,1.1,0.4,0.4,0.7,0.4,0.4,0.5,0.3,0.6,0.3,0.5,,0.4,,0.6,,0.3,1,0.8,1.2,1,0.5,0.8,0.4,0.4,0.3,0.4,0.4,0.5,0.5,0.6,0.5,,0.9,0.9,0.8,0.9,0.7,0.7,0.7,0.6,0.8,0.6,0.6,0.7,0.5,0.8,0.5,0.5,0.7,0.4,0.6,0.5,0.4,0.8,0.7,0.6,0.7,0.7,0.5,0.9,0.8,0.9,0.6,0.6,0.8,1.1,1.3,,1,0.9,,0.7,0.9,0.9,0.7,0.6,0.6,0.6,0.5,,,1,1.1,1.1,1.1,,1.1,1,1,1.1,1.1,1.1,,1.2,1.2,,1.7,2,1.6,1.7,1.8,1.7,0.8,1.1,1.5,1.5,0.8,1.1,0.5,0.2,,0.8,0.9,1.8,1.2,1,1,,0.9,0.8,0.6,0.6,0.6,0.7,0.9,1,1.5,1.1,1,0.8,0.8,0.7,0.7,1.2,1.1,0.7,0.7,0.5,0.9,0.6,,0.4,0.8,0.8,0.3,0.6,0.3,0.3,0.6,0.4,0.4,0.4,0.6,0.5,0.4,0.7,0.7,0.7,0.8,0.6,0.8,,1,1,1,0.9,0.6,0.7,1,0.3,0.3,0.5,0.4,0.5,1.3,1.9,,1.4,1.7,2.4,2.2,1,1.7,1.2,1.5,2.6,0.9,0.9,0.6,1,2.1,1.4,1.1,1.2,1.1,0.9,1.2,1.3,1.1,1,,1,0.9,1.1,0.9,1.3,0.8,0.8,0.7,0.9,0.4,0.7,0.6,0.4,0.5,0.6,0.6,1.3,1.1,1,0.6,1.1,1.2,1.1,1,0.4,0.7,0.5,0.6,0.5,0.3,0.7,0.7,0.6,0.8,0.5,0.8,1.1,0.8,0.5,0.4,0.7,0.7,0.7,0.6,1,1.3,1.1,1.3,1.1,1.2,1.6,0.4,0.9,0.7,0.4,0.4,0.5,0.4,0.7,,,0.6,0.7,0.8,0.6,0.8,0.8,0.6,0.6,0.6,0.5,0.7,0.9,0.5,0.4,,0.3,0.9,0.9,1.2,1.1,1.4,1.3,1.6,1.6,1.7,1.5,1.2,1.3,1.4,1.5,0.9,0.9,1.1,1.1,1.1,1.2,1.1,1,1,,0.9,0.9,0.3,0.3,0.3,0.7,,0.5,0.4,0.7,0.7,0.4,0.7,0.6,0.7,0.8,1.6,1.2,1.9,0.6,0.8,0.9,1.1,0.7,0.2,0.5,0.6,0.2,,0.6,0.2,0.4,0.1,0.5,0.6,1,0.4,0.5,0.4,0.5,0.4,0.5,0.5,0.4,0.3,0.6,0.7,0.9,0.6,0.5,0.9,0.7,0.6,0.6,0.6,0.6,,0.5,0.8,0.8,0.8,0.8,0.6,0.7,0.4,0.6,1,,0.5,0.5,0.6,0.9,,0.8,,0.6,,,0.4,0.3,0.5,0.5,0.7,0.5,0.5,1.1,,1,1,,0.8,0.6,2.4,1.7,2.2,1.6,1.8,1.5,1.1,1.3,1.3,1.6,0.9,1.1,,1,0.9,1.2,1,,1.2,1.2,1.1,1.1,1,1.8,,2.1,1.1,0.6,0.6,0.6,0.6,0.4,0.5,,0.7,0.4,0.3,0.6,,,0.4,0.3,0.6,0.5,0.4,0.5,0.4,0.6,0.6,1,0.8,0.4,0.5,0.5,0.5,0.8,0.6,0.5,0.2,0.4,0.9,0.7,0.7,0.6,0.8,0.5,1,1.1,0.9,0.9,0.9,0.8,1.1,1.1,,,0.2,0.8,0.7,0.6,0.4,0.6,0.3,0.4,0.5,0.5,0.9,0.5,0.9,0.4,0.5,0.5,0.4,0.6,0.2,0.4,0.3,0.4,0.7,0.3,0.4,0.5,0.4,0.7,0.6,0.5,0.5,0.3,0.8,,0.5,0.7,0.5,0.7,0.7,0.4,,0.5,0.4,0.3,,0.4,0.9,0.8,0.9,0.7,0.8,0.5,1,0.5,0.6,0.4,0.9,0.4,0.6,0.6,1,,0.3,0.4,0.4,0.7,,0.4,0.3,0.6,0.7,0.3,0.4,0.4,0.5,0.8,0.7,,0.8,0.7,0.5,0.6,0.4,0.7,0.7,0.7,0.6,0.7,1.6,1.1,0.8,1,0.6,0.9,1,0.9,0.7,0.8,0.6,0.7,0.8,0.9,0.8,0.7,1.1,0.9,1.1,1.2,0.3,0.9,0.8,0.8,0.5,0.5,0.9,0.6,1.2,0.8,0.8,0.8,0.5,0.4,0.3,1.2,1,0.9,0.6,1.1,0.7,0.5,1,0.6,0.8,0.6,0.8,0.8,0.6,0.7,0.8,0.5,0.4,0.9,1.4,1.1,0.9,1.1,1.7,1.3,1.4,,1.2,1.1,1.1,1,,0.9,1,0.9,,0.9,0.7,0.8,0.8,0.7,1.4,1,1.6,1.2,1.2,1.1,0.7,0.8,0.6,0.8,1.1,1,,0.9,0.8,0.9,0.9,0.8,1.2,0.8,0.6,0.5,1,1,1,1.1,0.7,0.9,0.6,0.9,0.8,,0.8,0.6,,1.1,0.8,1.1,0.9,1.1,1.1,0.7,0.9,1.1,0.8,0.6,0.8,0.8,0.6,1,0.6,0.5,0.5,0.6,0.5,0.5,1,0.5,0.8,0.9,0.9,1.4,1.9,1.6,1.5,1.1,0.4,0.4,0.5,0.5,0.4,1.2,1.3,1.1,1,1.4,0.9,2.4,1.5,0.9,0.6,0.8,1,1.2,1.1,0.8,1.1,0.9,0.8,0.8,0.7,1.1,1,0.8,0.4,0.7,0.6,1,0.6,1,0.8,1.1,0.9,0.9,1.3,0.4,0.8,0.6,0.4,0.5,0.7,0.4,0.9,0.8,0.6,0.9,0.8,0.4,0.6,0.7,0.4,0.6,0.5,0.5,0.7,0.7,0.7,0.7,0.3,0.4,0.4,0.4,0.4,0.7,1.1,,0.5,0.4,0.5,0.4,0.5,0.6,0.5,0.6,0.7,0.4,,0.7,0.7,,0.4,0.6,0.6,0.4,0.5,0.5,0.5,0.5,,0.4,0.7,0.6,0.7,0.7,0.6,0.4,0.5,0.3,0.6,0.4,0.4,0.5,0.5,0.4,0.5,1,0.6,0.6,0.9,0.8,0.6,,0.5,1.2,0.9,0.2,0.6,0.8,0.9,0.7,,0.3,0.8,1,0.6,0.8,,0.4,0.3,0.7,0.6,0.7,0.2,0.6,0.8,0.6,0.6,1.3,0.8,0.9,0.3,0.7,0.9,0.4,0.4,0.4,0.3,1,,0.2,,0.3,0.2,0.5,1,0.9,1,1,1.2,1.3,1.2,,0.8,0.6,0.8,0.8,0.3,0.6,0.2,0.4,0.6,0.5,0.4,0.4,0.4,0.3,0.5,0.6,0.5,0.8,1,0.9,0.1,0.3,0.4,,0.6,0.6,,1.3,0.7,0.9,0.6,1.1,0.5,0.6,0.9,0.8,0.8,0.4,0.5,0.6,1.8,0.9,1.1,0.9,0.8,1.4,1.6,0.3,1.2,0.8,0.4,0.3,1,0.7,1.2,0.5,,0.5,1,0.6,1.1,1,1.1,0.8,0.7,0.7,0.8,0.7,0.6,1,0.4,1.1,0.7,1.6,1.2,1.3,1,1,1.5,1.7,0.5,0.6,0.6,0.5,0.7,0.9,0.5,0.4,0.6,0.4,0.8,1,0.7,1.7,0.8,0.9,0.3,1,1,0.5,0.8,0.6,0.5,0.5,1.2,0.7,0.7,1.3,1.2,0.5,0.5,0.5,1.4,0.4,0.5,0.5,0.7,0.6,0.8,0.7,1,0.7,0.9,0.7,0.8,0.6,0.7,0.5,0.5,1.9,,1.8,1.1,1.1,0.9,1,0.6,0.8,0.4,0.7,0.6,0.5,0.4,1.2,1.5,0.3,1.3,1.4,0.3,0.5,0.3,0.4,0.7,0.3,1
20170820,17,AQI,73,97,70,58,87,74,73,95,92,103,89,,,,103,,59,66,108,,57,35,32,,32,79,,99,99,78,84,66,63,59,34,30,49,40,53,34,32,35,29,29,30,58,77,65,52,111,87,100,112,113,72,68,74,70,64,93,52,54,43,45,43,68,87,,85,58,52,53,70,53,62,68,68,73,70,88,,,58,73,101,74,94,75,60,61,70,100,84,77,80,85,44,50,58,,,54,53,44,51,,61,25,31,26,26,29,35,27,30,30,29,30,68,28,,29,24,33,32,25,30,65,31,32,,31,36,33,35,32,35,45,33,27,26,33,32,28,22,30,32,30,30,24,35,38,34,30,28,36,32,29,40,33,38,39,35,42,,41,27,52,61,40,58,40,,,,75,75,,71,71,73,,49,31,31,,35,,38,40,37,40,37,48,37,,,,30,31,,68,52,48,29,44,,35,33,38,34,33,35,30,28,,46,,50,,43,32,25,31,32,26,29,29,30,25,32,17,29,41,32,21,,24,30,25,42,46,34,46,63,56,,,22,,44,42,,54,24,35,43,29,34,,53,52,49,58,62,49,56,39,49,48,53,52,53,56,64,46,45,53,63,,72,72,71,73,63,45,59,35,46,26,55,48,39,33,,51,52,49,53,42,51,49,55,,40,36,32,43,40,31,39,33,35,49,54,43,58,53,54,55,61,59,52,32,37,39,49,36,33,43,37,54,37,39,36,41,39,47,53,40,48,42,119,117,,132,140,105,80,116,124,110,124,46,50,46,56,46,106,45,40,43,39,62,25,24,30,24,101,50,80,59,42,39,78,100,36,42,45,58,41,37,35,39,137,139,128,135,124,151,139,144,125,111,43,58,51,49,24,45,53,31,36,33,54,29,23,18,33,35,38,79,,93,40,87,38,45,33,64,35,,47,46,48,49,45,,38,74,77,74,58,,38,60,24,45,27,27,38,26,40,31,,31,17,31,31,30,23,25,26,36,28,24,45,27,80,66,66,78,75,84,65,83,73,67,63,95,86,52,24,40,35,29,20,,22,32,62,,,,41,39,33,42,34,31,46,,32,31,35,32,29,33,40,42,33,45,36,21,35,60,57,55,56,75,54,54,40,34,37,32,39,33,53,80,48,38,21,22,20,24,37,39,33,32,34,33,37,65,57,60,58,,69,,45,52,55,45,48,,,51,,53,33,33,,,36,55,61,39,43,40,46,38,46,38,32,25,27,32,28,,42,,45,,52,68,53,58,49,52,52,32,37,42,27,25,27,32,29,39,,58,59,85,67,62,54,54,44,62,42,40,34,33,37,25,31,26,,44,48,40,52,57,69,34,37,34,98,107,87,40,28,27,36,39,,59,52,,39,41,43,52,34,52,49,16,,,59,55,72,78,,67,73,73,69,54,60,,73,79,,117,103,121,115,109,52,75,67,65,67,65,52,41,37,,38,64,64,57,78,68,,45,56,28,32,29,36,,25,22,23,25,21,52,48,59,39,46,25,23,25,24,23,,25,37,42,34,32,72,20,20,41,21,50,40,38,39,29,31,26,34,26,39,,64,44,41,68,80,56,52,47,62,53,68,45,70,,,102,101,95,83,42,54,52,52,51,48,49,46,52,100,82,101,84,70,53,57,63,69,,,75,49,69,55,52,43,61,59,60,31,35,33,40,40,33,28,36,30,28,31,32,28,33,37,29,30,28,43,42,26,34,38,38,40,26,36,40,52,,10,33,29,28,28,47,62,80,69,88,68,,25,20,22,68,48,53,54,67,,,64,31,31,31,49,73,62,83,69,107,55,44,34,32,,34,26,24,58,80,57,77,52,63,66,79,36,39,53,50,28,19,21,31,51,36,32,22,118,83,74,65,47,39,40,51,,44,44,73,72,40,30,34,37,39,54,56,52,34,30,53,59,40,,45,46,38,35,46,31,40,32,44,16,29,32,52,35,26,26,27,29,26,30,31,41,36,50,28,26,34,36,37,49,27,,43,51,48,32,38,37,33,26,29,35,,30,32,26,29,,42,,58,,,25,21,51,81,59,67,63,46,,50,39,,74,64,143,140,138,173,133,133,69,76,64,73,45,53,,50,58,64,60,,54,57,67,58,50,93,,75,41,41,42,35,43,44,105,,55,42,53,74,,,30,28,31,30,44,57,37,44,46,51,52,44,52,43,39,35,89,48,50,50,40,38,51,38,39,38,37,30,38,23,25,20,21,34,,,36,36,34,19,26,34,54,35,35,43,50,36,22,25,26,18,32,,28,30,30,30,30,31,38,62,31,51,35,34,35,27,32,,74,72,62,40,44,43,,56,53,49,,62,53,74,55,63,80,42,57,71,90,32,39,35,40,35,42,,39,37,52,38,,40,53,79,67,37,35,31,30,47,62,,44,42,38,27,31,71,62,52,52,87,58,54,50,50,53,43,59,49,50,59,69,55,49,54,67,68,68,56,59,57,26,53,52,33,35,32,45,42,39,43,42,63,50,54,51,51,53,46,37,48,41,46,42,45,36,32,39,30,36,46,48,40,52,36,46,53,53,54,55,50,50,,51,53,57,40,,40,41,49,,47,49,48,,54,58,67,59,69,63,60,58,55,55,42,63,59,,59,59,56,55,54,69,63,54,102,65,60,69,50,62,45,82,74,89,,30,33,,53,43,52,58,54,67,69,65,40,30,32,29,25,31,22,22,32,30,39,31,27,29,45,43,30,27,35,38,56,45,58,22,23,,43,21,60,28,37,48,50,43,45,25,22,29,29,24,43,32,39,54,40,83,31,28,26,24,37,35,36,50,35,46,40,23,38,57,36,36,31,32,35,30,31,25,23,16,24,25,24,80,89,109,101,48,50,48,49,43,49,50,40,45,74,89,84,44,43,61,,40,48,33,34,37,40,53,50,32,,,38,41,,43,65,52,58,50,15,22,12,,36,26,26,27,26,25,50,55,49,59,67,25,30,28,32,19,37,67,50,22,18,20,,21,52,39,36,25,53,59,31,10,12,21,19,17,18,,21,27,16,16,19,20,30,27,33,38,25,44,52,22,19,25,20,19,20,21,43,,35,,,23,51,64,57,60,26,30,30,29,,26,31,21,21,31,44,55,20,30,34,36,39,39,25,22,55,58,23,22,19,32,26,53,,42,30,27,35,38,20,23,33,21,38,62,51,43,37,34,35,29,28,29,47,73,43,47,42,35,33,32,31,53,70,69,83,,74,404,283,37,39,36,39,23,23,33,35,28,31,49,58,130,35,49,102,90,52,60,63,34,35,42,19,40,24,52,68,34,38,48,74,21,19,25,51,28,40,49,49,31,38,35,50,79,87,60,63,69,34,37,41,52,44,50,35,42,28,41,27,69,87,33,41,33,75,53,54,45,111,,97,42,90,58,56,64,64,40,60,28,30,35,74,33,40,53,60,33,34,88,70,90,27,51
20170820,17,PM2.5,53,54,51,41,64,52,37,67,68,57,66,,,,46,,36,39,41,,37,24,20,,15,55,,58,45,36,62,43,45,42,22,20,34,17,23,18,8,8,18,4,11,41,56,47,33,41,44,75,51,42,49,46,47,34,36,58,12,15,26,11,30,37,33,,37,41,31,33,51,35,44,49,41,28,47,43,,86,41,44,43,37,38,35,31,30,45,75,62,34,59,63,21,30,41,,,37,37,30,35,,34,14,12,15,10,6,10,11,8,13,11,13,9,11,,8,8,7,7,11,10,11,10,9,,10,9,13,14,13,11,10,9,14,15,23,14,,15,14,15,6,15,7,6,8,10,16,8,5,13,7,13,18,17,6,22,19,,17,16,36,25,16,31,17,,,,29,49,,40,43,53,,25,20,20,,10,,15,13,22,20,18,24,15,,,,15,20,,49,26,21,14,24,,24,15,14,16,14,21,20,10,,16,,26,,20,19,15,18,16,18,17,19,10,12,19,,14,24,10,7,,16,21,11,19,21,22,30,45,36,,,11,,20,24,,27,8,23,26,18,16,,37,36,23,41,44,25,26,27,28,33,23,32,37,35,46,32,28,28,40,,52,42,38,51,45,31,42,24,12,3,22,10,22,18,,20,29,30,29,26,32,31,32,,9,5,9,1,7,10,7,7,10,27,25,30,29,27,28,29,29,31,36,22,18,25,34,25,23,30,25,30,23,21,22,26,19,24,22,19,23,29,39,30,,32,30,27,30,26,41,32,40,31,30,32,20,17,51,27,16,24,24,44,15,15,19,12,21,28,24,13,18,27,40,39,21,17,20,4,17,12,12,3,37,42,44,37,37,47,45,35,24,30,30,25,27,23,15,24,28,17,22,16,24,16,3,9,17,14,7,14,,11,6,14,13,6,7,5,6,,11,6,7,5,12,,17,34,31,20,27,,24,37,4,17,4,14,8,6,28,10,,11,5,16,10,17,16,17,4,10,5,1,19,4,59,46,46,57,55,62,43,51,53,47,45,71,46,18,15,6,24,12,1,,8,13,21,,,,17,5,17,29,6,16,27,,11,16,24,17,18,20,26,19,16,31,24,11,16,33,20,32,22,55,30,27,24,7,15,3,23,13,28,39,15,18,8,3,9,5,21,19,14,17,14,18,16,43,40,29,41,,21,,10,13,16,15,33,,,24,,18,13,5,,,6,29,25,18,14,22,24,9,20,17,2,9,7,7,9,,17,,15,,17,30,25,22,27,26,22,10,12,12,9,2,6,12,12,27,,33,42,63,42,44,10,21,20,29,21,28,12,11,7,9,10,9,,29,31,28,33,40,31,13,9,3,41,38,31,7,8,12,22,27,,42,24,,22,23,18,34,19,26,34,5,,,34,39,52,49,,48,53,53,50,35,34,,44,40,,48,69,42,66,67,25,52,37,44,25,47,22,20,22,,26,31,46,40,29,32,,26,19,16,10,13,19,8,12,13,11,7,,20,13,42,27,21,10,8,8,8,9,,5,14,13,9,2,17,7,8,7,13,15,13,9,22,10,14,11,15,14,14,,26,24,15,28,28,28,27,23,30,26,32,23,44,,,46,65,55,46,26,38,35,26,28,18,20,19,20,75,60,62,62,30,32,35,41,50,,,55,30,46,28,20,27,35,33,37,20,24,23,20,28,17,15,13,21,19,5,13,17,13,14,17,15,19,16,29,5,4,8,26,28,18,21,28,19,,1,23,20,19,18,30,35,42,29,50,49,,11,8,14,29,32,37,28,48,,,46,4,7,21,34,17,30,21,28,34,26,20,18,10,,16,17,7,38,59,34,54,36,45,45,58,23,13,22,19,9,7,10,11,13,10,17,12,89,61,54,47,15,27,14,22,,21,25,50,43,24,12,13,12,27,2,27,23,16,18,37,42,20,,14,7,9,2,32,9,10,12,10,8,10,8,9,15,5,4,6,3,3,2,14,14,12,28,14,,16,22,17,17,15,,21,25,33,19,26,15,15,18,20,12,,15,11,12,14,,29,,27,,,14,12,23,59,38,48,40,32,,22,22,,42,46,109,107,105,131,101,101,50,44,46,41,31,30,,24,41,46,43,,38,28,48,34,30,69,,55,10,13,11,13,27,17,37,,15,7,6,54,,,15,7,10,12,11,13,16,23,27,30,34,21,32,30,20,24,22,28,26,25,28,25,24,24,22,26,18,10,9,9,8,12,4,21,,,17,8,10,10,14,10,16,24,22,9,24,4,9,2,10,,1,,19,8,10,2,17,5,19,2,15,33,7,16,14,8,15,,54,52,44,24,24,30,,32,37,20,,44,37,54,39,45,59,23,40,50,67,13,27,18,25,14,3,,12,14,12,18,,25,37,58,48,13,18,17,21,27,39,,17,29,16,7,16,38,44,31,27,64,41,38,33,31,37,29,42,34,35,42,35,39,31,30,30,36,49,36,42,40,5,6,11,7,11,22,24,17,21,26,27,34,35,34,34,31,28,28,22,33,27,28,22,31,22,22,22,20,19,32,33,28,27,25,32,29,33,38,34,32,21,,31,30,31,21,,17,22,24,,21,31,33,,38,27,31,42,46,26,43,28,24,26,29,45,42,,42,34,30,39,38,50,45,38,76,46,42,50,35,44,11,60,54,66,,12,23,,11,30,26,29,34,48,50,47,20,20,13,12,12,18,11,12,22,21,18,19,17,12,21,30,14,15,13,24,8,10,9,1,12,,4,7,11,18,11,12,15,30,31,10,14,19,16,12,22,22,25,35,28,28,19,16,6,13,16,20,18,25,11,22,28,16,26,33,22,23,16,12,13,21,21,12,14,2,12,17,9,50,48,47,43,33,27,33,32,30,34,35,27,21,17,20,33,24,30,22,,11,18,20,17,23,19,37,35,16,,,20,21,,6,21,14,26,12,2,2,2,,1,9,8,15,10,13,35,28,15,23,46,17,17,19,22,11,13,26,32,9,12,14,,,20,22,7,7,26,10,10,7,8,11,10,6,6,,1,1,10,2,5,5,10,3,12,14,13,9,,3,13,11,4,4,3,,4,,2,,,4,24,28,26,31,8,12,13,19,,13,12,13,10,18,12,29,6,7,11,8,2,2,16,6,18,17,14,15,13,12,4,14,,5,7,15,24,6,9,6,23,7,12,30,22,18,7,11,12,5,4,9,15,24,14,12,29,14,8,12,10,27,39,19,29,,21,82,117,10,10,14,17,4,7,3,19,6,7,34,34,35,23,34,36,21,36,43,44,8,18,21,13,26,10,36,49,23,12,33,40,10,,9,12,19,14,22,19,8,20,13,35,44,28,43,28,50,10,23,12,35,25,25,18,12,15,20,17,31,64,5,15,19,55,7,15,5,65,,32,23,42,27,35,46,46,19,43,18,9,24,54,12,25,30,33,6,18,27,26,20,4,26
20170820,17,PM2.5_24h,60,48,65,52,67,63,49,62,43,53,67,,,,54,,52,49,51,,50,47,40,,45,53,,61,62,54,73,49,57,46,39,38,51,40,49,42,16,19,26,14,23,61,79,69,57,46,45,68,61,55,46,36,40,23,32,39,13,17,25,19,25,41,34,,38,35,39,47,48,45,49,52,48,48,49,46,,34,42,38,40,37,41,36,58,58,67,80,60,60,76,64,19,28,34,,,32,35,28,31,,36,18,18,18,18,14,16,14,18,18,17,17,13,12,,11,7,8,11,10,12,19,20,13,,22,18,22,22,20,16,19,20,19,21,24,22,15,21,21,17,14,20,7,7,5,5,12,3,4,11,4,18,18,16,15,11,18,,17,17,18,14,19,18,18,,,,36,24,,18,26,30,,20,19,15,,9,,12,9,21,18,14,22,14,,,,12,13,,20,16,17,11,12,,14,13,13,14,13,17,21,21,,11,,28,,23,28,23,18,30,23,26,28,25,22,29,15,24,32,30,27,,31,29,27,31,27,28,33,41,35,,,12,,28,27,,30,25,30,18,19,18,,22,20,33,33,39,20,22,44,13,17,12,14,19,24,21,16,13,15,31,,35,35,33,39,35,18,32,31,20,16,41,29,34,20,,29,39,46,35,45,53,59,54,,8,8,11,6,11,9,11,11,11,45,46,52,46,51,81,45,47,44,29,26,23,23,31,30,21,24,23,22,30,21,34,25,22,24,20,19,23,31,29,25,,28,25,25,49,25,50,26,34,18,19,15,15,15,31,16,14,16,15,30,12,13,10,12,29,28,26,12,17,21,39,37,18,13,13,7,14,15,16,17,31,30,41,29,26,34,34,29,24,27,37,31,32,29,26,31,26,23,25,25,31,28,5,8,14,8,11,21,,24,17,29,16,11,19,21,22,,19,12,13,19,17,,18,30,25,14,22,,20,30,6,19,7,15,9,13,20,16,,15,11,17,11,19,15,19,6,6,5,3,10,3,50,43,38,43,50,48,42,56,43,41,38,54,46,24,22,12,26,17,13,,14,18,22,,,,27,16,18,24,28,27,17,,18,20,31,25,24,21,33,31,24,22,24,15,18,21,22,33,35,58,46,45,51,36,42,32,45,40,37,66,23,26,17,17,18,18,40,37,29,32,25,25,26,35,34,31,30,,21,,12,13,14,12,35,,,43,,35,20,20,,,22,29,39,27,21,22,19,20,14,32,10,13,12,9,13,,23,,23,,20,26,31,25,20,20,20,14,12,13,8,6,11,14,12,23,,53,55,55,47,53,27,27,17,29,19,30,11,11,11,11,13,10,,17,21,23,29,34,33,13,10,16,38,32,35,12,12,11,45,56,,37,32,,22,27,24,24,17,23,25,7,,,42,45,54,40,,34,39,40,37,39,40,,38,41,,49,61,52,41,56,48,58,52,59,51,37,23,26,24,,18,14,20,20,21,17,,31,21,14,16,12,24,13,17,28,15,18,13,29,32,30,30,30,13,11,8,10,11,,8,21,15,18,11,23,17,17,17,19,10,11,23,17,16,12,14,14,15,15,,14,17,13,19,25,22,25,19,29,26,32,16,58,88,,64,82,66,75,39,49,43,38,50,38,40,41,44,77,68,69,71,50,60,52,70,63,68,,60,24,29,22,22,20,24,24,28,31,28,30,29,23,28,27,25,29,32,9,18,21,14,16,16,24,25,20,16,7,6,15,26,25,26,27,32,23,,4,26,26,25,27,26,33,38,29,43,38,,17,16,17,37,35,43,31,57,,,49,15,15,24,31,28,35,35,38,37,30,19,22,19,,23,23,20,34,39,35,39,32,42,37,45,34,21,43,53,36,40,41,49,40,49,45,43,36,61,44,42,8,14,8,18,,18,18,36,28,8,8,14,14,16,23,33,20,20,21,36,39,14,,18,11,16,10,22,21,17,17,15,14,17,14,10,17,6,6,8,11,6,5,17,18,18,18,16,,17,17,19,19,19,,8,13,24,18,26,12,13,12,16,10,,13,12,20,23,,32,,26,,,20,18,27,41,24,31,41,34,,41,46,,34,39,86,87,81,75,78,71,41,43,39,43,36,42,,32,34,51,35,,40,46,41,29,30,56,,51,23,24,23,12,37,20,22,,31,29,22,54,,,13,10,16,18,27,21,19,38,33,38,45,28,16,25,22,25,35,23,30,27,32,30,33,26,26,31,15,19,16,12,13,17,13,12,,,10,11,12,14,16,27,27,20,28,14,24,5,22,13,16,6,9,,10,15,17,13,19,11,17,13,15,26,17,18,10,12,15,,42,29,41,14,18,19,,18,34,17,,28,34,40,36,25,29,22,36,29,30,20,49,36,32,24,9,14,11,10,18,13,,22,21,31,33,9,9,7,12,21,31,,25,38,9,6,10,35,46,30,23,35,43,38,36,34,40,32,45,36,31,32,30,29,31,32,25,37,42,42,46,37,5,24,19,22,17,26,26,22,21,30,24,34,32,30,31,68,58,47,50,57,52,53,46,53,30,29,27,28,28,35,38,30,37,32,29,29,33,39,47,44,42,,47,54,48,30,,31,31,51,,50,60,50,55,58,39,34,49,42,39,46,38,38,26,44,49,39,,32,33,20,30,22,40,40,36,56,50,38,58,29,40,12,29,26,30,,11,25,,18,24,24,20,33,27,26,24,33,31,28,19,21,26,22,20,27,29,31,36,31,17,24,35,14,15,18,31,19,15,16,11,19,,17,12,18,18,20,15,24,19,26,26,24,27,12,17,24,40,41,48,42,24,26,22,20,22,24,27,25,31,23,29,33,31,31,31,39,37,13,20,17,23,23,16,21,5,8,10,8,50,43,40,39,29,36,26,35,29,28,29,27,20,14,22,33,24,33,28,,16,25,24,26,26,28,32,33,27,38,,18,20,,9,22,20,23,15,4,5,6,,8,8,12,14,12,15,26,30,11,17,27,12,12,16,12,10,12,24,29,11,10,11,,3,12,16,18,16,20,15,12,27,17,22,11,10,12,,9,14,11,9,14,10,9,11,10,10,11,14,2,3,14,17,6,4,5,3,22,,3,,,4,23,27,30,28,34,26,27,25,,16,15,16,12,15,10,11,20,27,11,11,3,7,20,20,20,22,28,31,30,14,11,20,,11,10,22,37,17,25,14,31,6,23,19,13,22,10,12,15,8,15,17,22,34,20,21,12,22,18,10,17,27,27,15,45,,51,89,112,32,20,30,12,9,8,13,30,16,12,27,39,26,52,55,41,48,40,47,40,14,16,23,31,27,14,27,32,22,19,42,30,10,23,10,12,21,25,20,28,15,18,14,42,45,37,44,39,32,21,24,32,21,20,22,12,15,12,15,8,30,32,17,18,13,24,15,23,10,57,,44,32,83,54,37,59,52,13,54,21,16,15,66,30,23,47,47,11,34,21,14,17,10,34
20170820,17,PM10,58,70,55,47,,,79,73,73,82,74,,,,59,,67,82,66,,63,32,32,,18,,,87,95,76,,82,59,,34,20,47,40,56,24,12,12,,29,20,61,89,69,54,62,67,,65,58,79,85,58,90,78,88,53,57,43,39,35,46,52,,50,,54,55,60,46,56,70,53,44,90,78,,,64,66,77,80,60,64,69,72,90,100,110,104,75,91,31,42,52,,,57,48,44,52,,71,19,19,26,21,29,22,16,11,14,21,29,86,23,,25,18,14,10,17,30,80,31,31,,29,36,33,21,32,19,33,20,16,24,26,32,26,22,30,32,30,30,24,8,23,18,30,28,15,22,22,22,21,38,28,27,27,,25,,46,72,40,65,34,,,,100,99,,92,92,86,,49,24,28,,15,,31,19,28,30,27,48,23,,,,19,28,,,53,48,29,44,,34,16,34,21,27,28,30,28,,46,,40,,43,32,25,25,26,23,29,29,29,16,29,17,29,41,32,21,,24,27,25,42,46,34,46,68,61,,,20,,30,33,,58,24,35,43,29,34,,56,37,49,48,51,49,62,36,49,45,55,54,45,61,54,43,32,55,66,,90,93,92,95,62,41,58,35,46,26,60,48,39,33,,52,54,49,43,42,52,48,57,,40,15,21,28,18,19,29,33,17,48,53,37,65,55,58,59,72,59,41,31,37,39,,25,24,41,37,57,36,33,33,41,39,47,55,39,48,40,100,52,,50,46,53,58,60,73,69,79,39,41,,61,40,52,38,24,37,31,57,25,17,28,24,44,50,65,33,32,36,46,59,,30,39,10,30,36,33,39,56,64,65,51,52,97,74,75,77,71,42,66,51,49,24,45,55,31,36,32,58,28,23,18,25,35,38,34,,37,12,48,25,20,24,26,35,,23,19,35,24,26,,30,52,40,37,65,,38,69,24,45,27,27,38,26,35,31,,31,17,31,31,30,16,21,9,36,10,6,45,14,95,81,81,104,85,114,80,115,66,84,67,126,122,53,22,12,31,17,13,,12,32,74,,,,41,38,23,37,15,24,29,,,31,26,24,27,24,40,42,33,,36,21,35,69,64,60,62,,58,58,40,34,36,27,39,31,53,58,37,34,17,12,12,24,29,25,27,22,29,27,37,79,48,70,47,,43,,36,35,31,33,40,,,51,,56,21,20,,,11,59,71,39,27,40,39,38,46,38,14,20,8,11,17,,42,,45,,53,47,40,44,31,33,,24,18,42,17,15,10,32,22,,,47,51,,56,46,57,57,44,73,42,33,34,24,37,21,28,14,,44,48,38,54,52,87,29,20,24,60,60,56,40,21,27,36,33,,46,54,,37,41,38,53,23,53,37,16,,,67,58,,105,,63,,67,55,43,43,,45,47,,106,70,104,98,111,42,61,61,54,46,71,53,41,37,,28,38,59,42,106,40,,45,61,23,32,29,33,,22,22,16,16,14,54,48,,39,46,25,20,12,22,19,,8,37,42,34,32,94,16,11,41,,50,40,24,,27,21,13,24,26,22,,77,44,41,86,109,62,53,47,73,56,85,45,54,,,88,83,88,87,37,54,54,53,52,48,49,46,53,127,98,119,94,47,56,44,50,84,,,75,49,87,59,54,43,72,67,70,,,33,40,35,33,23,21,23,28,31,32,28,25,37,29,30,22,43,,26,34,38,36,36,24,36,36,53,,9,27,26,26,28,47,60,49,51,59,73,,20,20,20,55,45,,,64,,,,31,22,,,42,38,61,79,49,59,44,23,24,,34,26,,66,94,64,104,48,59,82,85,36,39,55,50,13,19,10,31,51,36,32,16,99,81,78,71,47,,22,52,,40,44,96,94,40,20,34,32,,57,62,53,34,24,53,64,20,,31,18,19,17,,28,28,19,12,16,18,23,53,35,,26,,4,12,16,23,17,12,50,28,26,28,25,33,49,24,,43,52,,32,32,28,17,20,23,20,,25,22,26,18,,34,,66,,,25,17,51,111,67,67,75,44,,50,33,,98,73,136,136,121,,146,127,58,101,67,95,33,56,,36,59,64,63,,56,64,66,66,37,98,,88,23,15,17,25,36,39,159,,60,42,55,54,,,27,23,24,28,37,63,36,44,46,51,53,44,53,,39,,56,48,43,43,35,33,52,38,38,,27,13,18,,12,20,10,34,,,34,36,34,19,26,34,58,30,35,43,50,36,21,25,26,,32,,,9,21,25,30,13,38,73,31,51,31,31,32,19,32,,,,44,40,35,40,,62,46,42,,,53,56,51,65,96,42,52,91,102,32,27,35,40,25,42,,24,31,53,26,,40,46,,56,37,35,31,27,47,74,,44,31,,17,,91,65,53,54,79,56,49,50,50,,43,58,42,40,,87,56,49,58,83,61,66,61,68,57,10,56,53,17,35,31,45,42,39,43,42,75,50,58,52,51,55,46,36,43,41,46,42,41,36,28,39,30,36,44,39,32,54,35,39,55,56,52,50,47,50,,51,55,57,35,,37,37,45,,35,49,,,41,59,38,53,54,54,64,66,59,59,39,54,,,56,68,62,52,44,59,,54,91,80,70,74,49,65,45,79,96,91,,30,27,,56,36,54,40,40,72,55,,40,24,32,29,25,31,19,17,32,27,39,31,27,23,45,,28,24,24,31,61,24,48,21,22,,43,17,70,28,37,48,50,,,16,22,24,22,21,43,26,39,58,38,116,31,28,20,24,37,30,25,50,34,46,32,23,31,63,36,36,31,32,35,25,31,12,,15,24,,24,70,54,59,84,34,50,34,38,42,44,36,40,42,37,37,43,28,33,72,,40,48,,22,26,40,46,36,,,,33,41,,43,80,53,66,50,4,4,10,,21,15,14,18,18,18,39,60,49,68,83,25,30,,29,19,37,84,50,22,17,19,,21,53,39,36,10,55,67,31,,,21,19,6,7,,21,27,,13,19,20,30,17,27,38,22,44,54,22,,25,18,19,20,21,43,,6,,,23,52,78,64,70,17,15,22,,,26,14,,18,31,44,59,17,10,28,20,4,4,17,6,59,66,20,,18,21,25,55,,8,8,,35,12,,9,33,15,35,73,51,43,,33,19,8,12,,29,91,,20,39,19,17,24,27,55,89,54,115,,90,504,408,17,29,31,39,20,14,15,,16,13,,42,52,,45,67,77,44,54,76,29,35,42,19,38,23,50,,26,38,47,46,21,19,25,51,27,28,36,38,16,31,19,35,80,99,58,61,80,,26,41,54,39,41,35,42,25,41,22,87,69,22,41,26,84,23,32,19,107,,57,42,88,65,61,51,63,40,,27,21,,89,33,,56,34,18,30,53,89,56,15,51
20170820,17,PM10_24h,63,60,63,55,,61,75,68,55,72,68,,,,73,,63,65,67,,68,56,48,,65,52,,109,117,99,88,81,73,88,69,66,112,105,100,86,26,28,43,43,45,108,127,97,85,58,71,70,72,70,67,63,52,70,69,69,65,54,48,68,44,50,54,,50,53,64,61,71,58,69,91,82,63,90,81,,49,64,64,70,79,58,80,110,117,129,148,125,124,107,111,32,42,50,,,61,52,46,49,,72,28,24,26,30,30,30,21,22,27,22,38,62,36,,35,15,18,24,25,36,91,67,64,,68,67,65,63,52,41,50,54,57,41,31,45,41,36,41,30,32,34,21,14,19,14,26,23,24,19,18,29,41,42,34,34,35,,42,38,31,36,45,39,33,,,,72,51,,59,60,60,,41,33,26,,24,,34,24,45,31,26,42,22,,,,25,25,,30,28,27,24,29,,23,20,29,26,30,28,29,21,,33,,45,,35,46,42,27,45,32,37,43,49,39,47,26,38,46,43,43,,35,41,52,47,50,50,47,63,63,,,23,,51,38,,59,40,44,34,29,27,,38,30,51,51,53,36,40,63,32,28,26,24,28,38,30,26,24,27,68,,77,76,78,81,47,36,52,66,71,66,87,73,81,31,,76,76,103,73,78,105,83,90,,34,27,28,34,23,21,23,50,19,77,70,67,78,69,65,76,72,88,69,62,64,54,59,76,54,63,59,54,54,35,71,58,41,55,47,43,52,51,58,52,,50,58,38,89,52,70,51,58,25,32,21,37,29,58,24,23,26,20,43,18,16,18,17,49,53,50,32,34,32,58,52,33,28,28,19,32,35,30,34,52,52,53,44,35,74,67,61,63,60,61,55,50,57,45,62,56,42,65,57,56,64,15,17,21,20,24,37,,50,32,63,39,43,69,54,57,,34,43,44,40,57,,33,42,35,29,64,,31,56,31,33,22,25,37,33,32,29,,37,30,24,38,37,30,54,11,14,8,6,19,11,71,70,62,79,79,72,67,108,54,69,59,82,98,57,46,35,51,39,24,,22,35,50,,,,54,54,45,79,70,55,53,,57,44,56,42,47,37,40,50,46,40,40,19,32,50,56,55,75,77,71,84,88,82,65,56,62,77,67,101,48,45,31,29,30,39,72,66,46,50,63,48,46,73,65,65,52,,32,,30,35,35,27,49,,,61,,63,28,29,,,55,65,61,59,33,57,42,52,46,74,23,26,21,14,24,,50,,53,,48,46,41,49,30,35,42,24,22,26,19,17,20,35,28,39,,75,68,76,69,70,50,52,33,47,38,48,29,24,22,19,33,16,,33,31,35,49,63,52,22,19,25,68,64,64,23,23,23,84,63,,65,62,,40,49,44,43,27,53,52,29,,,77,65,65,121,,50,46,54,48,50,51,,51,52,,76,74,80,59,82,93,72,95,112,89,61,62,57,38,,22,25,38,31,42,23,,50,53,28,35,19,46,58,29,51,50,38,37,55,49,48,59,50,34,32,28,29,30,,11,52,46,51,28,58,52,38,65,63,35,34,30,23,33,22,25,22,26,25,,33,35,30,46,70,48,54,40,68,62,66,30,126,118,,114,100,128,124,56,75,69,64,78,67,71,62,65,123,106,98,104,92,86,74,94,90,95,,77,51,65,56,56,52,51,48,52,32,31,43,44,43,31,45,31,41,37,31,50,64,26,28,28,46,43,57,24,23,22,37,38,45,32,50,54,75,,16,33,36,35,42,40,53,53,46,61,68,,28,48,41,58,67,53,44,77,,,65,31,37,38,40,46,54,71,77,55,56,61,40,54,,43,37,48,60,58,64,71,47,54,74,75,69,72,98,87,95,98,95,83,86,95,122,115,82,93,66,59,31,24,23,44,,43,42,79,71,39,18,36,33,40,88,85,98,36,28,63,61,26,,28,22,29,27,29,33,26,18,24,28,43,38,41,39,23,16,11,13,15,14,38,35,36,32,30,25,31,32,36,53,47,,25,30,35,33,34,27,22,19,23,13,,26,21,40,35,,43,,49,,,36,32,47,77,58,50,65,61,,62,65,,76,84,113,114,110,100,141,121,59,82,64,84,65,57,,49,50,63,72,,55,67,63,53,44,104,,70,46,45,46,33,49,34,59,,97,85,96,62,,,44,46,30,37,35,57,29,59,56,58,72,64,29,43,49,58,53,37,52,41,69,48,76,47,51,42,30,28,27,26,30,36,28,41,,,40,33,29,26,37,67,72,43,57,58,118,27,53,39,34,12,23,,23,31,35,43,55,19,45,64,32,49,35,35,37,34,28,,64,33,50,30,31,37,,42,44,50,,33,53,47,57,42,49,51,57,54,40,41,56,45,56,31,42,37,20,31,29,41,,40,41,38,45,36,29,19,22,46,44,,58,59,22,23,22,65,57,51,34,55,65,49,65,54,57,48,67,58,60,63,74,62,50,45,49,51,67,67,90,61,13,77,52,49,44,39,56,49,53,58,37,60,51,60,48,92,97,73,71,86,68,80,73,76,44,45,47,44,50,45,46,42,58,45,40,50,57,72,73,71,64,,71,71,69,48,,49,49,68,,61,78,76,76,64,61,49,64,62,72,85,77,70,55,61,65,58,,47,65,70,54,31,50,26,51,69,69,67,69,41,53,44,50,58,56,,37,39,,45,33,40,37,42,46,32,20,54,48,42,44,42,53,41,37,41,48,55,63,46,32,48,45,32,37,37,55,78,49,59,27,28,,41,31,50,35,48,59,66,27,42,40,48,32,25,42,64,66,66,81,62,89,43,40,42,43,46,47,35,63,58,49,52,51,56,66,56,60,26,56,48,41,44,25,38,32,36,31,56,82,52,52,78,54,56,40,47,38,42,37,41,53,44,39,49,44,61,69,,59,55,40,36,38,47,65,51,33,42,,29,38,,43,78,62,72,54,10,8,10,,18,13,16,24,22,27,39,54,42,57,40,20,24,29,23,46,55,72,47,27,19,17,,21,29,31,45,49,127,59,27,27,25,39,28,28,24,,28,35,21,26,34,33,21,25,24,20,31,49,59,19,41,66,7,11,12,16,40,,9,,,26,37,54,56,50,55,49,47,51,,30,24,23,20,67,43,28,33,41,17,19,8,13,39,37,64,60,47,50,46,32,20,60,,16,22,37,60,22,38,29,36,11,36,51,51,47,62,52,62,40,61,39,69,117,70,65,18,40,31,31,45,64,79,77,208,,158,524,354,72,48,68,25,28,16,40,49,49,22,44,47,38,87,58,58,101,56,59,86,43,30,24,39,41,27,44,36,35,33,79,38,17,59,34,53,29,44,36,56,24,28,20,51,74,76,58,58,57,56,48,59,51,35,35,21,34,19,26,15,68,52,28,35,22,50,39,56,34,100,,73,45,110,103,69,59,69,30,72,38,42,27,89,72,31,61,67,26,51,35,63,38,21,46
20170820,17,SO2,2,2,2,3,4,3,3,4,2,2,4,,,,7,,7,1,9,,6,4,9,,7,3,,9,36,8,2,11,10,5,12,10,23,25,25,27,5,3,25,12,9,4,5,6,3,12,18,8,4,4,10,14,26,26,10,15,6,7,9,4,5,6,13,,4,10,16,16,3,5,7,5,7,7,10,11,,23,11,12,13,20,20,14,17,15,16,11,17,13,12,10,6,15,8,,,9,5,13,11,,7,9,6,11,14,7,4,6,5,4,7,6,8,8,,8,5,9,9,2,8,10,6,3,,4,7,8,9,5,4,12,6,6,7,7,17,5,7,8,3,10,6,5,12,8,24,8,8,9,7,6,7,7,12,6,5,8,,8,16,17,21,11,25,6,,,,21,28,,25,41,44,,27,4,8,,3,,3,4,2,8,4,11,19,,,,8,7,,9,6,6,5,6,,5,11,7,15,4,2,8,9,,8,,12,,10,8,5,8,4,7,6,11,3,6,8,,5,6,6,3,,7,5,6,12,12,12,12,3,7,,,7,,8,6,,5,3,4,4,4,7,,8,5,5,5,5,5,6,5,6,5,2,14,2,12,9,9,25,5,6,,11,7,5,12,3,9,17,9,10,16,9,8,6,3,,7,6,10,17,6,9,13,6,,2,3,6,2,11,5,7,9,7,5,7,6,7,7,2,9,5,9,4,4,3,5,6,2,2,4,3,8,11,10,11,12,11,9,15,3,12,11,13,12,,10,10,13,12,12,5,9,10,15,14,28,16,5,13,36,7,12,11,,12,4,3,4,11,12,10,8,5,10,11,16,10,7,8,5,7,3,6,4,13,15,15,13,11,14,15,12,10,8,10,11,12,12,7,11,10,7,7,7,7,8,3,5,6,,6,13,,11,7,11,14,7,9,12,8,,8,15,8,5,16,,7,4,17,10,7,,6,4,10,2,5,5,4,3,5,5,,10,8,10,11,10,10,11,6,13,10,8,9,6,8,1,7,5,9,5,6,6,7,5,5,8,9,7,2,2,6,4,3,,7,6,2,,,,11,7,9,14,10,7,10,,8,19,13,12,15,12,7,25,11,8,7,4,7,12,9,49,31,17,17,58,13,6,9,5,5,3,5,7,6,1,4,7,2,4,6,7,5,7,4,11,9,4,8,9,8,,9,,7,7,6,8,11,,,8,,4,6,3,,,14,13,10,27,19,12,14,11,20,27,7,9,6,7,6,,12,,13,,4,11,15,17,3,9,6,10,16,8,2,1,4,15,12,12,,10,20,14,14,12,10,9,9,9,8,14,8,10,11,9,7,8,,8,15,5,8,7,7,9,9,9,10,7,6,4,7,8,7,8,,11,11,,8,9,5,8,7,8,11,5,,,9,9,8,25,,20,23,15,19,10,4,,2,8,,22,20,24,15,20,5,2,7,4,11,6,10,10,12,,10,6,7,6,6,6,,15,11,7,10,9,11,5,7,15,7,7,2,17,31,12,19,14,8,5,5,8,5,,2,7,5,5,15,11,1,3,2,6,8,3,7,3,10,4,5,6,3,2,,11,12,20,,12,13,16,8,12,21,3,7,12,17,,9,16,15,14,7,7,7,6,4,3,6,6,5,13,11,5,4,19,16,10,8,5,8,,7,11,11,8,7,8,5,8,6,9,5,8,10,4,5,10,10,9,9,14,8,5,9,7,3,7,6,5,5,6,6,7,6,4,2,5,12,3,,2,6,4,6,6,6,8,9,10,8,5,,16,6,10,4,3,10,3,14,,,13,3,5,11,5,10,4,5,14,15,2,6,4,12,,5,13,12,12,12,15,6,11,8,6,9,12,10,10,13,3,4,2,4,4,3,4,2,10,8,5,8,6,4,8,5,,13,16,83,26,3,5,3,3,6,3,4,4,11,11,9,10,3,,5,2,7,8,4,5,5,3,3,3,7,4,7,5,3,2,2,3,9,5,5,7,8,15,10,15,10,22,,11,18,,9,7,17,16,12,8,8,18,11,7,,15,11,11,8,,8,,8,,,1,2,13,7,8,8,8,6,,8,11,,6,15,12,10,16,3,10,16,12,12,7,8,15,22,,14,17,5,2,,5,15,10,4,10,23,,20,6,5,7,3,6,6,3,,,3,3,22,,,2,3,13,9,8,6,9,6,6,6,5,6,11,7,14,10,11,7,10,3,7,8,4,5,7,7,11,4,2,5,5,2,9,9,,,7,6,7,8,2,2,3,4,10,5,6,3,3,2,5,1,1,,7,7,2,1,7,1,14,20,2,47,9,12,4,7,33,,8,9,8,17,11,11,,8,5,10,,21,8,10,20,52,75,8,5,83,22,16,20,23,27,8,8,,12,3,5,4,,13,10,11,4,20,7,8,7,11,13,,21,22,19,12,9,10,11,5,9,6,19,8,7,10,4,6,8,7,7,10,5,7,6,9,9,10,12,5,33,13,6,8,5,7,46,3,6,5,6,20,24,10,20,24,18,5,5,7,5,4,12,6,18,6,10,4,15,13,13,4,7,6,7,5,8,10,8,2,22,8,14,,8,2,4,7,,5,4,6,,3,10,7,7,6,8,8,9,3,6,6,5,7,6,9,11,7,,7,6,6,3,11,9,14,9,13,13,7,9,7,6,3,5,9,6,,6,6,,1,3,8,7,6,3,1,3,12,10,7,11,10,9,7,5,15,11,12,13,13,14,10,6,10,18,6,9,5,13,5,3,8,,6,9,3,4,4,5,2,2,4,9,28,32,6,2,6,8,12,9,9,12,11,9,12,10,20,7,1,7,3,6,9,10,10,8,10,3,8,8,4,6,9,10,7,10,18,14,21,10,7,13,9,10,7,4,13,5,4,3,7,4,8,7,9,7,8,6,,8,10,24,5,12,3,10,16,32,2,,5,3,,5,12,5,7,8,8,7,7,,19,9,13,18,14,17,14,6,12,21,9,5,4,3,3,9,5,9,12,4,9,4,,2,7,3,9,10,7,20,9,4,5,6,4,11,14,,7,10,7,7,6,8,6,6,28,25,19,11,2,4,4,8,4,5,6,5,3,,5,,,1,4,7,4,3,4,5,6,,,6,7,4,4,50,22,7,7,8,3,5,5,3,3,3,13,12,4,8,8,4,11,3,,8,12,4,4,7,7,12,12,5,13,15,40,15,5,8,6,5,5,5,5,3,1,12,9,5,1,3,12,4,2,4,2,,14,22,26,9,11,7,3,3,3,7,6,8,10,8,6,12,6,5,8,37,15,6,21,8,6,9,5,6,8,11,7,12,13,4,8,6,7,8,6,21,9,7,6,8,4,3,4,5,2,12,8,20,6,8,13,1,5,11,6,,12,9,13,21,43,13,9,9,11,12,10,15,13,,9,10,14,11,10,8,6,8,21,1,4,5,3,9,3,4,13,6,8,8,2,13,5,46
20170820,17,SO2_24h,3,2,3,3,4,3,2,4,2,3,3,,,,8,,10,3,5,,7,4,12,,16,3,,8,29,7,2,10,8,4,30,25,50,47,51,46,7,4,16,11,12,6,10,13,10,11,15,7,5,4,7,8,22,20,12,9,8,8,13,8,8,8,14,,7,12,17,18,4,6,7,7,10,9,11,13,,16,14,27,13,12,15,17,15,18,19,13,18,14,15,11,7,15,11,,,9,20,11,15,,14,8,8,9,11,6,5,6,5,5,6,7,8,8,,8,5,8,9,3,11,10,6,4,,4,9,11,14,9,6,12,9,6,6,7,7,5,7,8,5,8,8,10,13,9,23,8,9,9,9,7,8,7,14,6,5,9,,9,19,18,19,14,19,7,,,,18,9,,13,25,25,,24,7,10,,3,,4,4,3,8,4,9,19,,,,9,9,,8,7,5,8,11,,5,9,7,15,3,2,10,9,,8,,13,,11,10,6,7,9,8,9,14,5,10,10,4,6,6,7,3,,7,6,7,13,11,12,13,4,8,,,6,,8,5,,6,6,8,6,6,9,,8,6,17,12,11,6,6,6,7,4,2,17,4,18,16,15,24,5,6,,10,7,5,12,4,10,11,39,36,40,31,31,15,4,,33,7,16,22,6,14,17,16,,2,3,4,3,10,5,6,11,7,5,9,8,7,6,4,10,6,9,11,8,8,12,9,5,4,6,6,8,19,11,19,14,18,11,16,4,12,12,14,14,,14,17,17,19,13,6,10,12,12,12,13,11,6,13,18,7,12,12,9,5,4,5,6,12,8,10,11,10,10,25,26,9,7,7,7,9,12,8,7,16,19,18,13,13,11,15,11,12,8,16,26,14,20,7,13,9,7,7,11,7,9,3,6,5,3,6,16,,15,12,12,20,9,12,15,16,,15,13,13,10,16,,8,7,16,10,7,,6,11,10,4,6,6,5,4,6,6,,13,12,10,12,14,18,25,7,14,10,9,9,7,7,2,7,6,9,5,7,8,9,6,5,8,9,7,3,2,7,4,5,,8,7,3,,,,16,9,8,11,9,6,10,,12,23,103,32,20,19,10,57,14,11,11,4,9,14,12,19,21,22,12,26,14,10,6,7,8,5,9,12,6,5,10,7,3,5,13,13,8,33,8,40,16,4,22,13,14,,8,,8,8,9,8,17,,,9,,5,9,6,,,17,12,11,27,18,12,16,8,19,22,8,7,6,7,5,,12,,14,,5,14,19,20,4,8,8,11,9,3,2,2,5,15,12,12,,38,16,30,15,18,14,12,12,10,16,39,9,9,12,10,12,8,,11,20,9,8,7,10,9,9,9,9,9,8,4,6,7,16,17,,18,17,,14,14,13,13,7,10,18,7,,,9,9,9,16,,22,22,27,24,10,4,,2,8,,28,43,32,18,36,14,6,18,31,19,6,12,14,11,,6,5,6,6,6,6,,18,13,10,9,9,24,5,6,14,7,8,3,16,22,23,24,22,9,6,5,9,5,,2,7,5,5,16,11,3,3,9,8,7,4,6,3,16,5,8,8,6,2,,13,16,14,14,24,19,21,8,21,45,24,6,11,12,,12,19,18,13,8,15,9,11,13,3,5,5,6,16,12,9,3,13,11,8,12,7,12,,10,12,10,8,7,8,7,10,9,29,26,37,12,9,24,9,14,12,12,19,9,6,9,7,7,10,10,6,5,6,7,9,8,7,9,8,16,4,,2,6,5,7,7,6,6,9,5,9,5,,19,11,11,4,5,11,6,14,,,10,3,4,11,7,8,5,8,14,12,8,10,8,13,,9,18,12,12,12,15,7,11,9,6,9,12,10,10,14,4,5,3,3,4,4,4,2,10,8,6,8,10,6,18,9,,10,13,45,14,4,6,3,13,6,4,5,4,9,13,11,13,4,,4,2,7,4,5,6,5,4,4,4,9,7,6,3,5,3,2,3,9,5,6,8,11,11,10,14,11,22,,11,14,,7,7,12,13,10,10,8,17,11,8,,16,14,13,10,,9,,14,,,2,2,14,7,8,7,8,6,,8,10,,15,24,20,12,17,9,13,22,11,11,17,15,16,22,,14,14,7,5,,9,15,19,22,17,51,,35,5,7,6,7,9,7,4,,6,7,7,27,,,7,4,13,10,7,6,9,11,10,16,21,10,7,8,11,8,13,7,6,5,11,8,7,13,8,11,15,15,7,8,6,4,7,9,,,8,7,7,8,2,2,3,5,10,6,8,4,17,2,7,4,4,,7,6,2,3,14,2,18,13,3,21,10,13,4,9,31,,15,13,10,14,12,13,,10,2,9,,24,14,28,24,32,31,27,18,25,23,11,9,11,24,11,8,9,11,4,6,3,,10,19,19,15,10,7,7,9,13,13,,23,32,17,13,10,12,11,8,14,6,14,10,9,13,5,7,15,6,10,16,9,11,5,6,6,25,10,4,25,8,5,19,10,17,57,4,8,20,22,20,28,26,32,32,25,16,24,14,17,29,36,23,42,31,11,4,15,17,17,4,10,7,7,8,35,30,33,72,24,19,24,,14,6,10,8,,5,5,8,,5,9,7,7,6,9,7,10,3,7,7,4,6,6,8,7,5,,6,23,26,5,11,8,17,8,10,9,6,9,10,8,9,6,10,9,,9,8,,3,5,4,6,8,6,2,3,12,12,9,18,16,14,16,9,17,22,17,65,38,24,18,10,21,19,8,21,14,21,14,6,8,,8,12,4,5,6,6,1,6,4,17,45,21,3,1,5,19,12,11,14,17,12,14,15,12,17,9,3,8,4,12,34,55,12,21,12,12,7,8,5,15,18,9,14,6,35,31,24,10,9,13,11,16,11,10,7,6,3,3,6,4,8,5,8,8,9,6,,8,11,19,6,12,6,15,5,27,6,,4,3,,6,22,6,7,8,9,8,7,,20,9,13,15,13,14,14,7,13,23,9,4,4,3,2,6,6,10,17,5,10,3,,3,6,3,23,37,7,19,8,5,4,12,7,12,15,,23,9,8,9,8,10,4,6,12,11,17,9,2,6,5,9,4,4,5,4,3,,4,,,1,4,8,6,7,8,7,7,5,,9,11,6,7,19,6,6,7,9,4,6,6,8,4,2,16,13,4,7,8,3,13,4,,8,14,4,5,5,7,12,13,3,10,9,13,8,7,9,6,5,5,5,5,5,1,12,8,6,2,3,12,4,2,4,5,,14,42,39,13,15,9,3,3,4,9,10,9,10,14,6,16,13,8,10,33,14,7,30,12,7,7,6,6,6,9,9,12,10,4,8,6,21,17,42,21,23,13,8,10,4,4,18,12,8,13,12,25,8,9,18,3,6,11,9,6,14,17,12,24,23,12,9,10,7,14,13,14,31,,11,10,16,25,23,10,8,6,25,2,4,6,7,36,5,11,19,7,10,6,2,12,12,17
20170820,17,NO2,17,15,15,10,21,19,23,15,14,20,26,,,,13,,19,20,12,,15,31,10,,3,18,,21,14,10,22,4,16,14,31,35,38,29,27,26,7,5,18,14,8,26,12,7,5,14,7,11,17,16,16,18,17,27,17,21,13,9,14,7,10,14,20,,16,22,13,21,7,19,19,4,10,16,13,29,,21,13,19,17,19,21,12,20,24,21,18,16,25,17,15,9,10,44,,,17,21,15,34,,12,9,14,14,12,5,9,10,13,7,1,14,24,8,,11,2,2,9,14,5,7,32,3,,16,34,32,23,24,2,18,9,54,52,62,60,56,33,50,36,50,52,12,10,16,16,16,19,5,16,19,9,26,23,14,8,29,,22,23,60,35,17,59,12,,,,42,23,,24,20,23,,12,5,9,,13,,12,4,27,23,9,32,8,,,,12,21,,22,19,14,6,11,,12,7,14,12,11,,1,3,,17,,5,,14,24,14,5,16,15,22,35,14,23,20,19,41,32,42,36,,10,41,36,22,19,15,16,47,30,,,28,,13,17,,33,19,28,11,11,14,,14,20,13,4,14,14,8,12,7,25,12,,9,25,15,11,26,9,12,,21,28,18,31,12,13,25,21,18,27,26,31,14,5,,15,25,12,11,26,15,16,23,,18,20,15,17,13,41,11,17,7,14,10,19,15,28,7,20,29,4,33,47,34,56,31,31,51,38,36,5,6,3,8,6,8,11,23,12,7,6,24,18,,28,31,18,19,39,20,27,13,35,30,58,51,22,18,69,9,18,20,,19,11,8,2,15,31,15,9,9,11,11,17,22,12,7,10,11,12,6,8,23,27,33,19,19,27,27,20,25,20,7,12,15,12,26,12,22,14,14,14,17,18,8,5,8,,5,8,,10,33,11,7,8,9,7,33,,17,10,19,7,19,,10,15,25,19,27,,30,8,7,22,3,11,6,16,26,19,,12,10,6,14,13,12,16,7,16,7,4,24,6,25,26,44,37,26,32,17,22,17,34,17,33,17,18,18,3,28,39,2,,6,15,11,,,,14,12,22,17,4,19,14,,9,5,4,4,13,2,10,15,8,16,6,3,4,7,4,42,27,22,37,39,8,30,14,10,19,11,17,10,14,18,3,2,4,4,5,9,2,2,7,8,10,26,20,16,8,,10,,15,9,19,10,9,,,9,,10,10,9,,,10,16,21,9,8,8,10,9,1,5,6,26,26,8,16,,5,,3,,7,8,22,10,16,12,12,20,19,18,9,3,2,7,6,3,,13,10,15,18,24,15,24,14,23,8,13,12,8,10,11,8,5,,14,10,4,8,9,17,5,10,10,16,15,15,7,6,7,20,13,,11,10,,5,7,6,10,6,12,14,11,,,12,14,18,17,,30,20,5,23,6,2,,6,2,,3,16,3,6,4,13,21,17,19,12,11,14,7,13,,33,107,32,87,62,91,,27,13,8,19,4,15,2,6,17,10,5,2,8,15,12,12,12,16,12,10,6,10,,6,16,16,6,3,3,11,14,4,13,9,11,7,9,17,8,23,17,35,13,,13,2,16,,3,17,22,3,9,27,24,10,19,,,10,17,8,14,9,4,11,8,12,10,5,10,6,14,16,15,12,12,4,17,8,11,25,,12,9,28,10,14,15,15,,5,8,3,3,15,8,2,3,1,1,8,2,5,14,5,5,3,10,8,8,3,7,8,5,9,8,8,12,13,10,,8,9,21,13,18,9,15,13,13,11,13,,10,16,8,10,10,10,11,19,,,18,6,7,6,6,14,11,20,18,18,,21,8,15,,9,19,7,23,36,10,39,4,9,22,15,16,16,36,28,4,18,42,26,24,24,41,44,8,10,8,2,4,4,4,9,,11,22,23,30,9,15,2,16,5,8,9,14,6,,7,10,10,,19,20,10,22,10,4,1,10,4,10,10,7,4,8,3,2,6,3,16,10,8,8,16,64,25,34,15,25,22,24,26,,12,30,26,25,35,6,14,8,16,2,,13,17,12,4,,9,,20,,,13,4,7,9,9,14,6,15,,15,12,,16,12,18,6,15,8,10,11,14,12,69,11,19,15,,12,10,2,9,,7,4,21,15,6,32,,12,9,5,6,15,10,11,11,,,7,5,26,,,6,2,24,17,14,12,5,1,17,12,16,11,26,18,21,17,12,14,10,10,6,2,10,6,2,8,6,29,12,14,2,3,6,7,,,7,4,13,3,8,35,6,8,7,16,12,3,17,9,7,2,4,,1,5,9,6,18,4,32,22,14,21,7,10,3,7,17,,13,14,18,16,8,11,,19,2,2,,18,14,13,15,58,58,28,22,49,21,24,8,28,18,24,18,,8,9,18,18,,24,30,39,19,7,14,11,18,10,4,,21,16,16,16,15,19,14,10,7,16,17,13,2,8,4,10,7,9,15,20,20,23,13,11,13,5,3,2,8,3,2,6,13,10,4,3,9,4,2,11,7,8,13,14,15,10,11,6,15,17,13,4,6,9,2,3,10,8,15,2,6,3,12,2,4,34,5,7,15,3,8,,21,20,8,10,,8,2,10,,6,5,6,2,4,12,15,9,9,7,2,7,6,6,5,6,8,,33,7,5,7,3,26,15,18,27,11,9,27,16,5,17,13,17,10,,5,7,,6,3,7,12,3,2,8,7,9,4,10,12,6,5,4,10,2,8,11,8,4,4,17,8,13,21,7,4,4,6,8,3,2,,15,8,4,1,1,3,1,5,7,9,20,5,5,3,3,13,6,9,14,16,7,4,7,7,16,16,18,16,9,4,8,3,12,4,4,5,5,,8,8,13,6,5,31,35,29,32,3,11,9,6,7,17,15,22,8,23,13,3,14,17,21,21,3,6,5,,19,19,6,12,17,19,9,21,18,17,,6,19,,7,26,26,22,19,5,7,9,,8,3,8,10,5,14,12,21,10,23,10,4,6,4,5,2,10,10,5,8,4,8,,2,8,9,7,6,12,7,12,6,5,5,7,4,7,,3,4,2,9,5,2,16,10,12,7,7,15,11,5,4,16,1,2,3,2,5,,5,,,9,10,15,25,16,15,21,23,23,,8,6,20,11,26,15,3,22,13,4,6,1,4,6,17,8,12,7,22,10,15,21,10,,7,1,4,15,10,25,4,10,,10,3,3,14,8,13,11,18,10,10,15,19,3,5,14,6,16,2,5,15,11,1,2,,6,18,14,9,4,7,14,1,8,13,6,7,6,20,8,31,8,4,15,13,20,2,86,10,,18,37,12,22,17,10,5,5,8,21,4,6,9,9,20,6,9,6,17,3,6,16,18,10,35,13,20,11,16,7,9,7,13,8,13,23,21,7,15,,,11,16,19,9,12,3,14,,21,12,13,9,12,22,11,11,16,7,2,3,24,18,6,7,16,4,5,14,8,9,1,14
20170820,17,NO2_24h,33,15,42,28,46,35,46,34,13,34,53,,,,35,,36,31,41,,35,28,25,,19,34,,57,40,33,44,20,43,11,54,57,45,45,58,58,17,32,23,23,30,42,31,26,24,21,17,24,26,27,18,17,16,20,19,21,28,19,28,25,14,46,44,,38,30,24,30,21,30,25,16,27,24,22,42,,20,29,26,37,41,32,31,32,53,50,63,45,51,57,34,14,26,38,,,34,33,32,38,,38,9,17,12,11,6,7,10,14,13,2,35,35,24,,32,5,7,26,14,27,35,43,22,,50,56,51,52,56,26,33,42,31,34,35,32,35,22,28,34,27,36,29,17,27,26,25,28,14,31,35,22,39,31,30,21,29,,35,24,33,28,19,31,21,,,,36,22,,24,27,29,,29,17,22,,15,,21,11,28,32,18,32,15,,,,16,26,,15,17,16,16,19,,23,14,19,19,18,22,9,9,,19,,12,,16,44,40,6,35,32,35,48,33,25,35,27,14,23,20,25,,8,26,25,34,24,32,24,28,19,,,22,,21,23,,19,11,13,8,8,9,,16,19,25,21,31,17,15,18,26,40,32,24,36,65,30,35,36,28,27,,31,35,26,35,12,28,24,36,23,31,42,36,36,7,,27,42,29,31,34,33,34,38,,12,23,21,21,23,27,11,26,10,21,18,30,26,22,15,24,32,18,43,40,32,45,29,43,35,32,31,18,25,11,29,28,26,32,34,38,22,21,48,40,,51,57,31,65,64,38,57,30,41,47,40,36,28,45,43,20,37,35,41,19,14,20,12,30,42,31,23,19,13,43,41,23,13,11,11,17,19,14,15,38,41,45,10,29,33,43,38,36,40,38,31,23,24,41,33,40,27,30,31,34,34,9,8,14,12,8,14,,33,36,42,24,23,48,26,57,,34,43,35,34,41,,23,27,48,34,40,,35,9,16,22,5,15,12,18,22,17,,18,21,10,22,23,22,28,14,20,21,10,26,12,27,24,48,35,34,37,22,41,18,28,17,35,21,20,16,4,28,28,3,,7,13,14,,,,22,21,56,36,28,49,44,,27,19,30,18,22,13,18,26,19,24,17,3,7,29,7,39,31,36,28,43,28,30,18,15,19,18,30,32,22,23,11,14,13,20,25,30,17,14,22,27,27,37,30,25,21,,17,,19,18,27,16,26,,,15,,16,22,19,,,11,24,27,25,22,15,27,14,3,9,13,25,22,8,14,,17,,17,,20,20,22,26,22,17,23,23,7,8,8,6,7,18,14,19,,25,20,31,20,45,21,23,19,23,14,20,15,10,14,11,15,8,,16,12,13,18,21,20,9,11,11,36,25,33,9,11,12,45,33,,24,23,,14,15,17,18,10,28,29,16,,,16,13,22,31,,24,13,16,21,13,6,,19,10,,9,29,12,4,6,52,32,30,42,39,14,21,13,16,,13,21,25,38,25,10,,27,19,10,18,8,22,8,19,26,22,17,10,29,28,31,35,32,21,17,17,13,17,,6,21,17,20,6,10,21,26,12,22,12,13,13,10,28,13,33,29,33,27,,22,18,19,17,9,30,22,6,14,26,26,5,26,17,,25,27,19,21,21,20,28,24,35,16,8,15,10,25,29,35,16,11,7,16,15,13,25,,14,21,26,23,25,19,21,21,13,13,16,13,23,8,17,9,5,11,16,5,16,27,14,4,5,23,18,19,9,11,12,14,21,19,18,26,23,27,,11,12,26,16,19,12,24,22,21,17,17,,19,28,19,14,18,19,20,19,,,28,17,16,13,14,13,18,25,21,32,14,30,17,23,,17,24,20,22,22,9,23,4,9,25,21,28,34,39,38,12,17,24,26,23,29,27,31,17,10,11,5,12,12,12,22,,10,22,26,23,10,18,3,16,12,28,24,21,12,,17,21,13,,17,17,15,23,16,9,3,9,11,13,20,13,12,17,7,5,6,3,13,11,21,24,28,37,20,29,18,26,32,29,27,,12,28,32,22,36,17,22,9,16,3,,12,13,21,17,,22,,22,,,13,6,20,11,8,16,10,15,,17,13,,24,28,33,20,30,22,24,18,22,22,21,21,30,14,,21,14,2,13,,13,4,30,26,15,42,,33,10,6,7,16,17,12,18,,12,9,10,26,,,18,12,16,9,11,9,4,17,27,16,28,27,9,17,21,15,14,12,15,23,14,7,21,20,23,19,22,27,23,18,10,10,14,12,,,26,12,14,8,13,30,8,9,16,26,22,7,27,11,14,2,9,,2,18,24,22,38,6,22,18,12,14,9,14,11,20,19,,29,22,18,29,22,24,,16,8,8,,13,24,21,21,54,57,33,41,32,28,26,20,22,22,31,23,14,16,16,16,13,,20,34,41,24,16,23,16,16,12,5,,35,27,18,22,16,28,21,23,17,16,25,27,16,12,5,18,17,12,24,30,28,27,15,15,17,3,14,8,19,9,3,23,18,23,14,9,28,12,16,30,6,18,18,22,19,22,24,12,19,27,18,16,16,19,13,12,14,16,23,10,10,3,14,14,14,33,20,20,27,18,25,,32,34,24,12,,11,9,14,,11,9,9,6,5,14,16,12,13,12,20,12,14,15,9,9,8,,28,30,31,29,6,22,16,18,16,11,12,21,24,17,28,15,17,12,,9,13,,17,3,11,16,8,4,9,12,18,6,14,22,17,16,19,13,7,21,20,18,13,15,23,15,20,22,21,24,24,22,28,6,4,,13,9,5,8,6,10,3,6,11,18,27,10,6,20,19,30,23,24,29,22,12,15,18,16,22,23,24,28,24,12,13,15,18,13,13,17,13,26,24,14,13,11,11,25,43,31,32,15,21,17,22,16,16,19,20,19,22,17,10,22,31,35,36,12,17,20,,18,32,25,29,19,32,15,27,29,16,,12,18,,9,38,22,19,19,6,8,8,,19,6,12,15,10,18,14,15,13,28,12,4,7,6,4,13,16,15,13,13,16,7,,6,10,7,10,21,19,13,14,9,6,10,13,8,10,,10,9,6,12,13,10,12,16,10,6,10,15,16,7,12,31,4,5,5,4,13,,9,,,9,14,17,19,17,24,22,25,20,,14,12,19,18,10,5,3,17,13,13,12,10,10,13,16,23,24,7,16,8,10,15,19,,7,7,6,26,12,30,12,11,5,10,3,5,11,9,10,10,13,12,12,45,41,13,25,7,35,38,6,17,18,19,1,22,,29,16,22,42,28,32,13,3,6,29,30,30,20,37,12,47,44,23,27,26,17,4,55,21,24,20,20,19,18,20,11,22,14,14,27,3,19,17,27,12,17,15,15,20,3,20,29,37,33,27,20,30,20,19,19,18,9,18,15,26,21,23,12,30,11,24,23,18,21,30,29,21,26,,44,13,29,27,25,30,19,11,21,20,7,9,22,44,16,23,32,7,9,18,15,13,10,23
20170820,17,O3,158,197,175,161,171,179,178,196,189,205,170,,,,205,,166,143,216,,142,74,89,,100,183,,199,199,182,164,156,135,142,105,93,97,92,103,108,102,109,90,90,93,149,143,144,153,221,189,188,223,226,177,163,179,170,152,194,107,137,120,142,71,174,189,,188,150,148,146,142,162,163,166,174,178,160,190,,179,158,178,202,179,195,180,128,110,116,114,123,119,128,111,139,159,95,,,138,117,140,144,,157,78,99,81,83,84,112,84,96,93,91,93,80,88,,92,75,104,101,77,59,117,97,101,,98,100,88,111,85,109,142,103,48,41,40,48,39,59,40,52,38,42,75,109,119,108,85,69,113,100,92,127,104,101,122,112,132,,129,86,104,109,81,113,127,,,,136,170,,167,165,164,,76,98,98,,112,,121,125,116,128,117,108,116,,,,94,98,,81,116,90,82,80,,102,104,120,108,105,111,81,87,,54,,158,,134,93,75,99,100,76,81,71,94,78,101,54,33,46,30,33,,61,28,27,92,84,61,72,71,72,,,69,,140,133,,62,75,65,50,72,57,,142,134,146,110,128,106,102,75,106,126,125,150,120,158,138,129,143,117,170,,156,152,166,138,115,114,111,88,96,59,90,85,94,53,,94,119,138,162,108,130,155,164,,97,115,102,135,126,98,123,98,112,156,163,135,163,137,155,152,140,167,71,55,58,62,66,88,47,91,40,146,116,122,114,120,117,116,106,125,116,110,238,234,,263,279,210,184,231,248,220,247,145,157,100,134,146,212,142,128,136,122,,53,76,95,53,201,152,184,167,132,107,182,200,113,133,142,166,130,118,109,116,274,277,255,270,248,301,277,287,250,221,131,149,155,155,73,139,123,95,97,105,70,91,14,40,104,,31,183,,194,125,189,121,143,104,171,112,,149,147,153,156,144,,120,179,181,179,155,,121,122,67,56,63,67,55,53,50,47,,69,54,45,71,61,64,60,82,55,89,76,67,86,103,104,125,52,104,43,112,64,122,123,94,55,120,104,74,126,69,91,64,,70,94,102,,,,114,123,104,104,107,97,145,,102,96,98,101,90,104,87,115,96,97,94,50,95,102,111,87,94,83,89,100,108,106,118,101,92,103,162,184,151,121,66,68,61,64,118,123,103,100,108,103,111,133,127,106,150,,175,,144,161,164,143,153,,,137,,135,105,105,,,115,164,140,119,137,101,146,102,121,119,100,80,84,102,89,,120,,118,,106,174,162,166,156,161,161,102,117,118,85,79,84,86,90,81,,166,159,173,173,164,84,69,70,79,91,111,97,103,67,79,97,83,,86,112,85,139,152,126,108,117,106,198,214,189,82,88,85,107,116,,161,150,,123,125,137,129,107,131,129,48,,,143,143,137,145,,114,133,146,120,163,168,,178,183,,233,205,242,229,217,161,180,173,172,173,151,89,103,85,,63,14,102,29,37,23,,96,81,87,74,70,113,71,79,61,73,77,66,131,109,,122,123,75,72,80,74,73,,79,80,84,92,90,89,62,61,65,66,63,110,119,122,91,97,83,106,83,123,,98,112,95,,99,110,83,111,93,82,99,133,176,191,,203,201,196,186,133,152,143,142,152,139,141,127,132,200,170,202,178,176,162,165,170,145,112,,138,112,97,118,120,117,89,110,104,99,96,101,118,118,97,88,114,93,77,88,57,83,103,67,76,86,81,80,45,68,51,53,101,94,81,83,78,88,,32,75,62,73,55,129,169,184,175,190,158,,77,61,70,174,153,151,163,147,,,137,95,98,98,104,178,169,186,175,214,,108,106,101,,97,63,76,104,63,107,55,88,72,89,48,80,81,74,85,88,40,26,39,44,42,38,37,151,159,165,157,114,92,128,143,,139,122,125,120,117,93,63,117,109,85,94,107,97,96,153,141,126,,144,146,120,111,109,98,127,100,139,37,90,100,115,106,83,75,84,90,81,96,97,130,115,103,88,,108,113,118,114,84,,122,107,131,87,101,118,103,81,78,111,,96,102,53,91,,78,,160,,,74,65,119,126,130,137,130,112,,133,123,,177,154,185,188,183,192,188,,161,149,124,146,121,157,,158,162,152,154,,153,150,159,155,160,118,,105,129,129,133,112,135,138,104,,108,118,136,159,,,93,89,97,94,139,134,118,132,110,106,128,132,104,94,100,100,191,110,157,158,113,120,107,108,124,117,117,95,121,72,77,61,65,108,,,115,59,54,60,45,39,45,68,89,110,97,115,70,63,62,56,66,,54,94,94,94,77,98,69,89,91,97,109,106,110,86,93,,116,111,114,125,138,137,,155,149,154,,145,123,145,136,58,53,74,68,77,69,61,60,57,66,111,66,,123,118,107,121,,126,159,152,161,106,94,95,96,144,141,,83,68,119,86,97,126,142,140,127,135,104,118,111,121,119,128,133,121,81,101,87,91,126,156,159,174,133,136,147,118,81,101,93,103,102,95,112,118,123,106,84,111,90,99,96,124,112,137,118,123,85,80,73,98,113,90,109,86,74,100,74,93,74,77,74,65,83,92,164,157,150,,150,149,165,126,,128,131,156,,149,151,117,123,129,166,173,165,175,170,137,144,142,141,129,122,120,,101,120,117,121,135,126,130,101,106,110,115,101,127,127,99,82,84,77,,87,77,,114,115,151,166,163,96,107,98,97,94,71,64,72,72,69,68,84,74,75,75,81,90,90,115,94,84,109,120,139,142,166,68,72,,59,67,81,87,80,75,97,61,63,79,66,90,92,74,72,96,108,109,87,56,84,66,82,74,75,110,115,104,111,73,76,66,93,83,64,90,56,58,60,89,80,79,73,29,49,67,58,184,191,218,202,138,147,127,156,136,110,132,113,144,179,191,187,139,134,148,,128,125,104,107,118,113,101,145,102,135,,121,101,,112,107,89,97,78,46,69,38,,115,81,81,86,83,77,92,81,104,83,77,79,79,78,79,58,60,125,133,32,42,54,,61,81,86,79,77,43,64,49,27,30,37,42,52,57,,47,46,49,51,42,47,60,85,103,101,78,70,53,36,51,45,64,60,59,54,76,,111,,,41,108,108,91,94,83,95,93,92,,82,98,67,66,90,87,109,64,94,108,113,123,122,80,70,132,134,73,60,60,101,83,76,,134,95,84,98,120,64,71,89,65,120,108,102,115,118,107,109,90,88,91,150,178,137,148,128,110,104,101,97,126,117,175,129,,179,81,87,118,123,114,83,72,73,104,109,89,98,112,166,260,111,138,203,192,155,167,60,108,95,111,28,125,76,159,118,107,117,144,179,61,46,47,140,53,127,156,154,97,120,111,101,183,189,108,170,133,107,118,107,123,140,158,79,85,89,101,86,138,184,105,112,105,106,162,163,144,221,,197,124,192,143,135,139,170,93,164,89,96,47,131,87,126,153,168,103,107,190,105,192,86,156
20170820,17,O3_24h,170,197,175,177,171,184,189,196,189,205,170,,,,205,,168,155,220,,149,136,136,,150,183,,200,199,182,172,167,136,154,154,136,159,127,128,143,137,126,144,136,127,154,146,145,155,221,189,188,223,226,177,181,205,199,180,210,135,146,147,150,134,179,189,,188,155,159,160,142,168,164,166,177,182,160,215,,179,162,182,220,184,216,187,209,171,195,184,207,204,185,167,152,174,162,,,152,176,160,173,,178,96,118,108,130,135,158,121,117,117,122,103,100,94,,98,103,104,107,79,60,129,118,102,,110,128,107,130,99,114,163,110,215,192,154,238,139,209,194,154,160,156,88,115,131,112,92,80,113,105,119,127,109,108,144,119,143,,140,124,119,120,124,120,127,,,,189,179,,179,179,171,,81,98,98,,147,,167,134,158,169,172,108,122,,,,106,111,,100,129,123,100,80,,102,104,120,108,105,111,81,96,,60,,158,,147,166,102,99,199,101,183,149,172,181,155,127,121,132,134,156,,129,135,119,231,205,157,197,198,185,,,181,,190,187,,153,148,131,112,106,96,,152,164,146,110,128,156,138,75,106,126,125,150,120,158,138,129,162,117,212,,194,232,229,202,236,123,111,110,126,104,134,117,137,132,,138,127,148,171,114,136,165,175,,133,122,114,141,142,131,129,110,112,164,176,149,174,156,163,164,153,178,164,160,150,180,141,180,154,187,148,146,116,122,114,120,117,116,112,125,116,116,238,237,,267,279,223,277,234,249,244,256,181,157,132,138,146,212,185,128,136,122,196,78,99,139,93,270,282,262,195,224,156,194,208,134,150,150,166,135,136,148,118,274,288,255,270,248,320,295,310,255,231,168,161,162,168,73,141,123,102,99,126,70,101,27,79,110,55,62,280,,263,154,204,189,198,158,186,186,,178,167,229,227,186,,121,179,189,179,155,,121,128,78,63,64,75,60,64,64,66,,78,69,53,80,70,66,67,83,57,89,90,68,86,145,131,141,130,128,113,124,120,123,124,104,132,134,104,76,227,79,91,76,,77,116,128,,,,118,126,120,123,122,113,160,,121,101,98,101,101,104,106,115,114,122,124,53,119,118,119,186,189,192,190,193,186,182,182,181,176,164,162,185,159,124,79,80,64,68,153,164,138,130,128,125,139,215,208,163,232,,182,,144,161,164,143,159,,,139,,135,108,110,,,136,186,189,124,161,108,153,102,121,119,116,100,106,119,113,,130,,129,,112,177,175,170,156,161,161,106,131,124,119,101,98,97,99,89,,254,196,237,259,247,139,131,89,130,129,115,111,103,86,88,153,83,,162,179,113,144,152,126,108,124,106,209,244,218,89,88,85,191,186,,211,196,,129,125,143,135,150,142,133,50,,,172,172,154,162,,138,169,166,142,164,168,,178,183,,233,205,242,229,217,164,197,180,178,194,161,92,103,97,,108,103,144,112,120,102,,127,122,103,106,84,128,72,95,63,82,90,73,135,133,128,129,126,93,81,90,83,83,,82,91,104,101,98,103,98,91,98,91,91,122,121,122,94,99,98,135,109,154,,117,112,119,100,229,156,152,138,131,162,154,136,176,191,,203,201,196,188,141,164,157,154,163,142,142,129,132,200,170,202,182,176,162,168,180,145,123,,147,129,112,123,120,142,89,110,104,102,96,114,119,127,102,88,118,96,79,92,94,110,110,72,82,86,81,80,50,68,51,53,106,94,87,89,88,88,,43,108,89,117,115,133,182,186,183,190,161,,101,82,74,196,167,174,179,148,,,156,95,98,98,104,178,174,187,185,214,190,108,106,101,,98,79,89,120,134,118,121,102,91,117,91,142,129,119,134,88,85,78,75,79,60,85,77,151,159,165,158,122,93,133,147,,139,141,151,151,132,108,75,123,120,100,106,128,114,109,180,174,126,,144,146,120,111,148,103,127,103,143,42,93,104,119,107,113,103,106,116,95,102,106,154,147,170,144,,130,126,133,200,144,,122,118,142,105,111,219,199,103,80,111,,113,123,63,94,,78,,160,,,86,75,119,126,130,137,130,112,,133,123,,177,154,185,188,183,192,188,199,193,180,161,176,151,209,,203,212,157,161,,157,152,167,160,173,185,,136,150,145,146,140,163,163,105,,133,137,163,195,,,101,94,122,136,145,135,132,132,113,116,134,132,104,105,100,112,194,138,157,186,116,120,111,110,128,117,117,109,122,75,77,67,70,108,,,120,59,56,60,70,76,65,103,90,121,118,115,78,63,69,74,85,,76,100,103,98,87,98,89,108,110,101,109,106,110,86,95,,122,115,130,135,143,148,,155,149,154,,145,144,184,156,73,62,75,68,93,91,136,80,83,87,131,69,89,123,118,112,139,,132,162,152,166,106,100,98,104,147,145,,83,82,119,86,119,205,210,180,193,219,134,156,158,155,133,149,135,143,150,163,137,131,149,156,159,181,144,148,153,146,81,101,94,103,105,108,112,129,128,116,111,122,120,143,135,171,180,205,185,211,158,173,192,202,117,101,119,93,83,104,106,139,104,107,102,81,101,113,173,177,174,,181,170,197,129,,128,138,156,,149,151,117,123,129,177,182,175,185,182,139,149,147,144,129,122,120,,125,137,156,154,140,129,130,104,108,110,115,103,161,159,133,95,104,93,,88,81,,150,132,153,166,163,100,111,108,126,125,77,78,82,84,76,79,101,87,91,84,87,123,124,136,116,118,115,139,161,170,194,73,80,,71,77,86,89,81,76,99,62,68,83,71,102,92,76,72,105,113,109,108,63,105,69,100,91,75,116,121,114,117,82,88,84,111,104,125,129,64,79,79,89,88,93,83,99,99,99,102,196,205,231,202,180,191,158,207,149,133,137,118,168,179,191,187,156,144,154,,139,126,106,107,118,115,114,145,120,135,,121,110,,150,146,132,146,95,56,69,60,,115,92,93,87,86,79,92,81,104,85,77,79,79,78,80,80,79,125,133,38,51,57,,61,81,86,104,90,55,72,57,32,45,60,77,52,57,,47,46,56,64,157,50,60,88,103,101,78,74,65,52,70,64,72,65,66,64,76,,123,,,69,118,132,119,128,169,175,165,174,,84,102,70,75,108,99,118,78,110,108,113,123,122,82,89,132,134,92,104,90,127,114,99,,134,96,84,124,120,66,73,100,66,120,137,141,140,143,145,154,115,114,107,150,181,137,148,169,127,123,119,115,132,121,180,162,,229,98,92,124,132,121,87,89,90,138,139,112,105,161,166,261,147,151,203,193,223,170,140,124,95,136,140,190,177,159,126,111,130,146,179,65,51,50,142,130,148,163,172,183,123,116,101,271,196,189,176,157,119,127,107,162,162,158,79,86,105,124,95,171,195,129,117,116,114,196,190,191,221,,203,127,192,210,177,169,174,105,177,91,102,47,135,111,156,170,195,118,130,201,117,205,89,160
20170820,17,O3_8h,111,133,109,114,106,117,122,133,134,132,102,,,,155,,140,130,166,,126,103,115,,122,146,,177,163,157,150,135,114,116,116,106,118,105,103,112,103,102,107,100,92,138,126,131,139,174,161,160,184,180,160,159,179,175,154,184,109,118,118,115,100,141,146,,150,134,134,141,118,142,142,156,160,174,142,155,,179,135,161,160,147,147,150,116,95,110,103,119,113,114,101,132,143,123,,,129,132,128,136,,144,87,107,87,90,97,125,90,99,93,86,96,90,86,,94,90,89,102,72,58,114,105,100,,94,106,92,112,87,106,130,101,82,69,80,81,76,75,73,73,74,71,72,95,104,89,69,63,98,82,91,98,69,71,86,77,97,,94,78,94,92,82,89,101,,,,135,135,,146,132,131,,60,74,76,,84,,99,97,98,103,97,80,98,,,,86,85,,76,101,85,69,60,,74,85,95,84,85,87,66,79,,51,,125,,117,57,52,72,72,48,52,49,63,67,66,54,90,98,97,108,,102,98,81,141,134,97,128,96,95,,,49,,101,91,,122,122,111,83,89,80,,98,95,89,80,81,118,109,75,89,96,97,116,93,124,116,106,126,95,157,,161,159,182,148,165,103,89,94,105,76,106,98,104,79,,112,110,144,152,98,122,144,154,,101,116,102,127,125,119,115,94,99,147,156,132,152,131,147,144,135,155,114,98,92,110,92,122,94,130,86,118,106,109,102,102,100,97,98,110,94,104,153,180,,176,200,167,157,159,192,170,192,96,90,81,92,89,134,115,83,93,65,,63,79,99,62,142,127,138,121,98,92,136,141,112,111,121,113,97,88,78,87,191,197,179,183,170,233,215,212,190,177,134,122,130,133,53,100,84,77,76,94,59,79,16,49,72,40,47,138,,157,119,178,114,131,92,141,102,,133,133,143,132,122,,84,97,102,87,91,,76,94,62,53,56,61,50,52,49,51,,52,43,34,52,44,45,44,63,41,66,67,48,70,114,100,114,90,102,76,104,72,113,94,87,92,110,86,67,120,54,73,54,,52,72,82,,,,95,105,68,72,80,72,103,,80,94,79,92,91,96,87,99,94,101,99,46,104,105,104,88,85,68,97,88,86,107,107,100,105,100,135,157,140,112,60,62,51,60,133,133,116,98,111,106,108,152,153,133,169,,159,,120,135,135,113,141,,,119,,115,102,102,,,119,160,159,114,146,86,127,92,102,100,106,90,93,113,98,,120,,120,,104,148,143,140,134,144,136,95,106,98,99,93,92,90,93,84,,207,172,196,195,196,114,97,74,100,107,107,88,80,66,71,100,64,,111,125,85,131,125,110,81,90,77,174,199,184,71,67,67,127,142,,164,161,,108,104,127,118,107,113,104,34,,,117,119,110,132,,109,145,136,119,155,159,,168,168,,176,154,188,218,156,143,169,156,150,160,142,82,90,89,,90,72,110,80,92,84,,111,104,87,90,75,113,68,84,54,73,80,67,120,112,112,112,110,83,74,83,75,75,,72,84,96,94,92,94,79,71,80,74,80,108,108,114,86,90,71,96,82,106,,93,80,97,76,133,114,96,99,92,106,100,107,141,151,,157,160,159,153,132,149,142,138,141,130,132,121,119,158,137,167,149,161,149,155,165,134,106,,132,77,72,93,86,96,55,66,68,88,84,94,103,111,86,73,107,87,75,85,68,83,89,60,70,73,70,66,40,56,41,45,96,87,82,80,80,81,,34,51,41,56,44,106,140,149,151,144,134,,66,60,61,164,140,144,158,113,,,133,67,73,71,71,158,146,163,154,185,142,82,78,72,,73,48,56,105,110,104,97,92,82,98,64,110,102,91,107,78,61,41,46,53,44,54,45,126,126,130,129,102,82,113,116,,110,98,95,89,112,88,52,105,92,90,92,108,102,101,154,147,108,,117,126,107,95,104,89,116,92,134,39,84,96,97,86,93,81,90,100,79,90,73,91,85,100,88,,96,92,93,116,92,,99,98,95,65,73,88,80,64,61,91,,86,93,41,74,,48,,110,,,71,61,96,98,97,105,98,89,,105,101,,146,117,139,148,140,156,152,154,158,141,130,145,121,160,,163,169,151,150,,151,140,137,132,145,139,,109,112,107,114,116,137,141,89,,103,98,112,153,,,88,87,109,107,130,121,110,125,106,109,118,125,96,88,91,100,147,108,120,149,105,108,102,101,118,110,103,98,111,62,66,59,63,91,,,110,49,45,50,53,56,54,85,74,94,89,90,74,60,66,51,70,,63,97,96,94,78,93,72,90,94,89,95,93,96,75,85,,104,100,99,112,123,114,,120,114,127,,119,108,144,124,62,50,70,40,79,75,81,58,63,74,96,49,86,109,97,101,119,,114,118,105,124,90,90,87,95,126,118,,71,70,82,67,85,153,161,140,147,155,113,131,123,128,121,132,117,125,106,118,105,110,104,107,120,129,115,113,127,115,66,88,83,89,86,87,96,114,109,98,94,92,82,101,96,145,138,163,145,150,110,120,128,142,98,84,104,79,70,96,85,111,85,89,65,54,69,76,149,159,154,,153,148,170,109,,110,113,139,,135,132,103,110,114,157,165,159,162,165,111,121,118,117,104,104,99,,97,110,111,116,110,104,103,88,94,85,94,88,119,114,99,63,67,58,,78,70,,113,117,130,132,137,85,96,92,97,95,69,71,76,75,72,73,81,76,79,74,79,93,106,113,102,102,110,126,145,147,169,68,74,,61,71,84,87,78,73,94,58,61,74,62,91,70,60,50,87,95,90,90,51,83,56,80,72,55,98,96,92,98,68,70,66,93,87,88,100,58,65,66,82,80,71,60,18,25,50,42,165,175,200,176,145,153,126,170,112,97,105,93,100,112,119,112,127,116,128,,115,122,96,95,99,108,68,103,79,101,,99,92,,115,115,102,116,80,40,48,40,,102,79,80,82,76,66,70,59,82,72,53,59,58,58,61,58,60,95,98,32,42,50,,55,63,64,87,79,46,61,47,23,30,42,51,44,48,,42,42,50,56,70,44,50,73,73,68,60,54,56,40,47,43,62,55,56,53,64,,107,,,39,103,108,103,107,91,100,95,100,,73,84,61,65,97,89,89,66,87,91,93,103,101,79,74,100,104,74,66,62,101,81,68,,123,84,80,74,93,58,70,92,59,100,89,79,85,100,90,92,88,79,83,127,151,114,120,129,86,83,91,88,96,84,176,98,,141,86,84,87,86,92,70,68,66,84,89,71,88,122,156,176,123,127,166,158,170,159,104,110,69,99,99,79,58,125,116,102,121,124,110,59,35,36,104,63,131,139,138,72,105,100,92,154,166,106,149,125,87,92,92,126,92,128,66,76,81,98,81,123,147,110,92,90,79,150,144,127,171,,162,111,151,132,142,117,140,90,150,84,95,42,124,92,110,142,170,111,106,164,94,172,76,147
20170820,17,O3_8h_24h,111,133,109,114,106,117,122,133,134,132,102,82,,,155,,140,130,166,,126,106,115,,122,146,,177,163,157,150,135,114,120,116,106,118,105,103,112,103,102,107,100,92,138,126,131,139,174,161,160,184,180,160,159,179,175,154,184,109,118,118,115,100,141,146,,150,134,134,141,118,142,142,156,160,174,142,155,,179,135,161,160,147,147,150,116,95,110,103,119,113,114,101,132,143,123,,,129,132,128,136,,144,89,108,89,92,105,127,93,100,99,107,96,90,86,,94,90,89,102,72,58,114,105,100,,94,106,92,112,87,106,130,101,88,85,87,94,83,76,79,82,90,81,72,95,104,89,69,63,98,82,91,98,69,71,86,77,97,,94,78,94,92,82,89,101,,,,135,135,,146,132,131,,60,74,76,,84,,99,97,98,103,97,80,98,,,,86,85,,76,101,85,69,60,,74,85,95,84,85,87,66,79,,51,,125,,117,57,52,72,72,48,52,49,63,67,66,54,95,101,102,112,,104,104,84,141,134,97,128,96,95,,,71,,101,91,,122,122,112,83,89,80,,98,95,89,80,81,118,109,75,89,96,97,116,93,124,116,106,126,95,157,,161,159,182,148,165,103,89,94,105,76,106,98,104,79,,112,110,144,152,98,122,144,154,,107,116,102,127,125,119,115,94,99,147,156,132,152,131,147,144,135,155,114,98,92,110,92,122,94,130,86,118,106,109,102,102,100,97,98,110,94,104,153,180,,176,200,167,157,159,192,170,192,96,90,81,92,89,134,115,83,93,65,14,63,79,99,62,142,127,138,121,98,92,136,141,112,111,121,113,97,88,78,87,191,197,179,183,170,233,215,212,190,177,134,122,130,133,53,100,84,77,76,94,59,79,16,49,72,40,47,138,,157,119,178,114,131,92,141,102,,133,133,143,132,122,,84,97,102,87,91,,76,115,62,53,56,61,50,52,49,51,,52,43,34,52,44,45,44,63,41,66,67,48,70,114,100,114,90,102,76,104,72,113,94,87,92,110,86,67,120,62,77,54,,58,72,82,,,,97,105,68,72,80,72,110,,80,94,79,92,91,96,87,99,94,101,99,47,104,105,104,89,91,80,100,93,86,107,114,104,118,100,135,157,140,112,60,62,51,60,133,133,116,98,111,106,108,152,153,137,169,,159,,120,135,135,113,141,,,119,,115,102,102,,,119,160,159,114,146,86,127,92,102,100,106,91,94,114,98,,120,,120,,104,148,143,140,134,144,136,98,106,98,99,96,93,90,93,84,,207,172,196,195,196,114,97,74,100,107,107,88,80,66,71,100,64,,111,125,85,131,125,110,81,90,77,174,199,184,71,67,67,127,142,,164,161,,108,104,127,118,107,113,104,34,,,117,119,110,132,,109,148,136,119,155,159,,168,168,,176,154,188,218,156,143,169,156,150,160,142,82,90,89,,94,79,110,86,96,90,,111,104,87,90,75,113,68,84,54,73,80,67,120,112,112,112,110,83,74,83,75,75,,72,84,96,94,92,94,79,71,80,74,80,108,108,114,86,90,71,96,82,106,,93,80,97,88,133,114,96,99,92,106,100,107,141,151,,157,160,159,153,132,149,142,138,141,130,132,121,119,158,137,167,149,161,149,155,165,134,106,,132,77,72,93,86,96,55,66,68,88,84,94,103,111,86,73,107,87,75,85,68,83,89,60,70,73,70,66,40,56,41,45,96,87,82,80,80,81,,34,59,69,80,61,106,140,149,151,144,134,,66,60,61,164,140,144,158,113,,,133,67,73,71,71,158,146,163,154,185,142,82,78,72,,73,48,56,105,113,104,100,95,84,98,64,110,102,91,107,78,79,64,70,69,46,78,66,126,126,130,129,102,82,113,116,,110,106,99,111,118,88,55,105,101,90,92,108,102,101,154,147,108,,117,126,107,95,146,89,116,92,134,39,84,96,97,86,97,84,90,100,85,90,73,91,85,100,88,,96,92,93,135,92,,99,98,95,65,73,88,80,64,61,91,,86,93,41,74,,48,,110,,,71,61,96,98,97,105,98,89,,105,101,,146,117,139,148,140,156,152,154,158,141,130,145,121,160,,163,169,151,150,,151,140,137,132,145,139,,109,112,107,114,116,137,141,89,,103,98,112,153,,,88,87,110,112,130,121,112,125,106,109,118,125,96,88,91,100,147,108,120,149,105,108,102,101,118,110,103,98,111,62,66,59,63,91,,,110,49,45,50,53,56,54,85,74,94,89,90,74,60,66,52,70,,63,97,96,94,78,93,72,90,94,89,95,93,96,75,85,,104,100,99,112,123,114,,120,114,127,,119,108,144,124,62,50,70,40,86,75,81,58,63,74,96,49,86,109,97,101,119,,114,118,105,124,90,90,87,95,126,118,,71,70,82,67,101,153,161,140,147,155,113,131,123,128,121,132,117,125,106,118,105,110,104,107,120,129,115,113,127,115,66,88,83,89,86,87,96,114,109,98,94,92,82,101,96,145,139,165,146,154,110,122,132,144,98,84,104,79,70,96,85,111,85,89,65,54,69,76,149,159,154,,153,148,170,109,,110,113,139,,135,132,103,110,114,157,165,159,162,165,111,121,118,117,104,104,99,,97,110,111,116,110,104,103,88,94,85,94,88,119,114,99,63,67,58,,78,70,,113,117,130,132,137,85,96,92,97,95,69,71,76,75,72,73,81,76,79,74,79,93,106,113,102,102,110,126,145,147,169,68,74,,61,71,84,87,78,73,94,58,61,74,62,91,70,60,50,87,95,90,90,51,83,56,80,72,55,98,96,92,98,68,70,66,93,87,88,100,58,65,66,82,80,71,60,38,25,50,42,165,175,200,176,145,153,126,170,112,97,105,93,100,112,119,112,127,116,128,,115,122,96,95,99,108,68,103,79,105,,99,92,,115,115,102,116,80,40,48,40,,102,79,80,82,76,66,70,59,82,72,53,59,58,58,61,58,60,95,98,32,42,50,,55,63,64,87,79,46,61,47,23,30,42,51,44,48,,42,42,50,56,70,44,50,73,73,68,60,54,56,40,47,43,64,57,58,55,64,,107,,,42,103,108,103,107,91,100,95,100,,73,84,61,65,97,89,89,70,95,91,93,103,101,79,74,100,104,87,94,85,106,94,68,,123,84,80,74,93,59,70,92,59,100,96,81,86,100,90,92,88,79,89,127,151,114,120,129,86,83,91,88,108,89,178,98,,141,86,84,87,86,92,70,68,66,84,89,71,88,122,156,176,123,127,166,158,170,159,104,110,69,99,103,79,70,125,116,102,121,124,110,59,35,36,104,63,131,139,138,74,105,100,92,154,166,106,149,125,94,100,92,126,92,128,66,76,81,98,81,123,147,110,92,90,79,150,144,127,171,,162,111,151,132,142,117,140,90,150,84,95,42,124,92,110,142,170,111,106,164,94,172,77,147
20170820,17,CO,1.2,1,1.1,1,1.3,0.9,0.8,1.4,1.1,1.1,1.2,,,,1.5,,0.9,0.6,1.5,,1.3,0.5,0.6,,0.4,1.4,,0.5,0.6,0.5,1.2,0.3,0.3,0.7,1.1,1.2,0.1,1.1,0.9,0.9,0.3,0.3,0.6,0.3,0.3,0.5,0.4,0.5,0.5,0.6,0.6,0.7,0.6,0.5,0.8,0.7,0.7,0.8,0.7,0.8,0.6,0.6,0.6,0.8,0.8,1.2,0.7,,1,0.9,0.4,0.3,0.7,0.4,0.7,0.3,0.9,0.6,0.8,0.9,,1.3,0.8,0.7,1,0.9,1.2,1,0.6,0.8,0.8,0.9,1,1.1,1.3,1.1,0.6,1,0.8,,,0.9,0.7,1,0.9,,0.8,0.6,0.7,0.8,0.9,0.6,0.8,0.7,0.8,0.6,0.8,0.8,0.9,1,,0.9,0.6,0.7,0.8,0.7,0.7,0.5,1,0.6,,0.2,0.7,0.4,0.9,1.1,0.5,0.3,0.6,0.5,0.8,0.6,0.8,0.8,0.7,0.8,0.6,0.7,0.5,0.4,0.3,1.2,0.9,0.7,1,1.1,1.3,0.7,0.3,0.7,0.5,0.3,0.9,0.5,,0.7,0.7,0.9,0.9,0.6,0.9,0.5,,,,0.8,1.5,,1,2.2,1.2,,0.8,0.2,0.2,,0.4,,0.7,0.7,0.7,0.7,0.8,1.4,0.6,,,,0.5,0.4,,0.9,0.7,0.7,0.4,0.8,,0.8,0.7,0.5,0.5,0.4,0.7,0.7,0.4,,0.7,,0.8,,0.5,0.6,0.7,0.6,0.6,0.6,0.7,0.7,0.6,0.5,0.7,1.2,0.8,0.8,0.6,0.8,,0.5,0.4,0.5,0.5,0.2,0.3,0.4,1.2,0.9,,,0.6,,0.8,0.8,,0.6,0.5,0.5,0.6,0.6,0.3,,0.6,0.5,0.5,0.5,0.6,0.7,0.6,0.7,0.6,0.6,0.7,1.1,0.8,0.5,1,0.7,0.5,0.9,0.1,,0.6,0.7,0.5,0.2,0.3,0.4,0.6,1.3,0.5,0.5,1,0.9,0.7,0.5,,1.4,0.4,0.6,0.3,0.3,0.5,0.3,0.3,,0.3,0.2,0.4,0.3,0.5,0.5,0.5,0.2,0.6,0.7,0.7,0.9,1.1,0.8,1.1,1.2,0.7,1.2,0.9,0.9,0.7,0.8,0.7,0.6,0.8,0.8,0.8,1,0.4,0.5,0.4,0.4,0.4,0.5,0.4,0.3,0.5,0.6,0.4,0.6,,0.6,0.6,0.7,0.6,0.7,0.5,0.8,0.7,0.7,0.7,0.7,0.8,0.8,0.8,0.7,0.6,0.6,0.7,0.6,0.4,0.6,0.4,0.4,0.4,0.8,0.5,0.4,0.5,0.4,0.6,0.7,0.7,0.5,0.5,0.9,0.2,0.4,0.2,0.4,0.7,0.9,0.8,0.6,0.7,0.8,0.7,0.7,0.8,0.6,0.6,0.8,0.7,0.4,0.8,0.8,0.8,0.7,0.7,0.7,0.6,0.7,0.5,0.5,0.6,0.5,0.5,0.5,,0.7,0.6,0.7,0.5,0.5,0.6,0.6,0.5,,0.7,0.4,0.4,0.6,0.7,,0.6,0.6,0.9,0.9,0.8,,0.5,0.2,0.4,0.4,0.5,0.6,0.4,0.4,0.6,0.4,,0.4,0.6,0.5,0.6,0.3,0.5,0.5,0.3,0.6,0.4,0.4,0.8,0.5,1.3,1.6,1.3,1.6,1.3,1.2,1.2,1.5,1.4,1.4,1.4,1.4,1.4,0.5,0.6,0.1,0.3,0.2,0.4,,0.8,0.7,0.6,,,,0.6,0.3,0.7,0.9,0.6,0.8,0.6,,0.7,0.4,0.4,0.3,0.6,0.3,0.3,0.6,0.3,0.4,0.4,0.3,0.5,0.4,1.2,1.5,1.2,1.3,1.4,1.1,0.7,0.5,0.9,0.4,0.4,0.5,0.6,0.7,0.6,0.7,0.5,0.4,0.5,0.8,0.5,0.5,0.5,0.6,0.6,0.4,0.4,0.7,0.6,0.7,0.6,,0.5,,0.6,0.6,0.4,0.7,1.1,,,0.7,,0.5,0.7,0.6,,,0.8,0.9,1.2,0.7,0.9,0.3,0.3,0.6,0.3,0.2,0.5,0.3,0.5,0.4,0.4,,0.2,,0.5,,0.2,0.8,0.6,1,0.9,0.4,0.6,0.4,0.4,0.5,0.5,0.4,0.5,0.3,0.5,0.3,,0.8,0.8,0.6,1.1,0.5,0.7,0.6,0.5,0.8,0.6,0.3,0.6,0.4,0.7,0.5,0.4,0.7,,0.6,0.5,0.3,0.7,0.7,0.6,0.6,0.7,0.6,0.7,0.7,0.9,0.6,0.5,0.8,0.8,1,,0.7,0.7,,0.5,0.7,0.8,0.4,0.6,0.5,0.5,0.4,,,0.9,0.9,1,1.1,,1.1,1,0.8,1.1,1,1,,1,1,,1.8,1.8,1.6,1.9,1.9,1.1,0.8,0.8,1,1.2,0.8,0.5,0.6,0.3,,1.7,6.4,2.8,5.7,2.4,6.8,,0.8,0.7,0.5,0.8,0.7,0.4,0.9,0.8,0.8,1,1,0.6,0.6,0.6,0.5,0.8,0.6,0.6,0.6,0.5,0.8,0.5,,0.4,0.7,0.8,0.2,0.6,0.3,0.3,0.5,0.3,0.3,0.4,0.7,0.5,0.4,0.8,0.7,0.7,0.8,0.6,0.8,,1.1,0.7,1.2,0.7,0.4,0.4,0.6,0.2,0.2,0.3,0.6,0.7,1.1,1.5,,1.1,1.3,,2.1,0.6,1.1,0.7,1.1,0.8,0.6,0.7,0.3,0.6,,1,0.8,0.7,0.9,0.8,1,1,0.9,0.9,,1,0.8,1.1,0.9,1.5,0.9,0.8,0.7,1,0.1,0.6,0.5,0.4,0.4,0.5,0.5,1.3,1,0.9,0.6,1,1.1,1.1,1.1,0.4,0.6,0.4,0.6,0.5,0.3,0.6,0.6,0.6,0.7,0.4,0.7,0.9,0.7,,0.3,0.7,0.7,0.7,0.7,1,1.2,1,1.2,1.1,1.2,,0.2,0.8,0.5,0.3,0.3,0.4,0.3,0.6,,,0.5,0.7,0.7,0.6,0.8,0.8,0.4,0.5,0.5,0.4,0.6,1,0.5,0.6,,0.3,0.7,0.7,1.2,1.3,1.3,1.5,1.8,1.8,1.8,1.8,1.1,1.1,1.2,1.3,0.5,0.5,0.9,0.8,0.7,0.9,0.8,0.7,1,0.9,0.9,0.9,,0.1,0.2,0.5,,0.5,0.3,1,1.1,0.4,0.7,0.6,0.7,1,1.4,1,2.2,0.8,0.4,0.7,0.7,0.7,,0.5,0.6,0.1,,0.5,0.2,0.3,0.3,0.4,0.6,0.8,0.3,0.6,0.4,0.5,0.4,0.5,0.5,0.4,0.3,0.6,0.7,1,0.8,0.6,1.5,0.7,0.8,0.6,0.6,0.6,,0.6,0.9,0.9,0.9,0.6,0.5,0.7,0.5,0.7,0.8,,0.6,0.5,0.6,0.8,,0.8,,0.6,,,0.3,0.2,0.4,0.6,1.1,0.6,0.6,1,,1,1,,0.8,0.6,1.6,1.1,1.5,0.9,1.2,0.9,0.9,1.1,1,1.3,0.9,1,,0.9,0.8,1.1,1,,1.2,1.1,1,1.1,1,2.3,,2,1.3,0.5,0.5,0.5,0.4,0.5,0.6,,0.1,0.3,0.2,0.5,,,0.2,0.3,0.3,0.4,0.3,0.4,0.3,0.5,0.3,0.8,0.5,0.2,1.3,0.8,0.6,0.9,0.6,0.6,0.3,0.4,0.7,0.6,0.5,0.3,0.7,0.4,0.6,,0.7,1.9,0.7,0.7,0.8,1.2,,0.7,0.3,0.8,0.7,,0.2,0.5,0.2,0.3,0.4,0.3,0.1,0.6,0.2,0.3,0.4,0.3,0.2,,0.3,0.2,0.2,0.3,0.5,0.3,0.3,0.4,0.3,0.7,0.7,0.5,0.5,0.2,0.8,,0.5,0.7,0.6,0.7,0.7,0.4,,0.7,0.5,0.4,,0.5,0.8,0.8,0.8,0.8,1.1,0.5,0.8,1.5,0.5,0.4,0.5,0.3,0.5,0.6,1,,0.3,0.4,0.5,0.7,,0.7,0.4,0.7,0.9,0.3,0.4,0.5,0.5,0.8,0.8,,0.7,0.7,0.5,0.6,0.4,0.6,0.6,0.7,0.6,0.7,2.1,0.8,0.6,0.7,0.5,0.8,0.8,0.8,0.6,0.8,0.6,0.6,1,1.1,1.1,1.1,0.9,0.7,1.6,1.9,0.3,0.5,0.6,0.6,0.3,0.4,0.5,0.3,0.7,0.2,0.7,0.6,0.4,0.4,0.2,1.1,0.8,0.8,0.4,0.5,0.4,0.3,0.4,0.4,0.6,0.4,0.5,0.7,0.6,0.8,0.8,0.7,0.3,0.9,1.3,1.1,1,1,0.8,0.6,0.7,,0.8,0.6,0.6,0.8,,0.8,0.9,0.6,,0.6,0.7,0.8,0.7,0.5,1.3,1,1.6,1.3,1.1,0.9,0.7,0.6,0.5,0.7,1.1,0.9,,0.8,0.6,1,0.8,0.8,1.4,0.9,0.7,0.7,1.1,1.1,1,0.8,0.7,0.8,0.9,1.1,1.2,,0.8,0.6,,1.1,1,1.1,1,1.1,1.3,0.9,1.1,0.8,0.4,0.4,0.5,0.5,0.5,0.7,0.5,0.4,0.4,0.4,0.4,0.5,0.9,0.4,0.8,0.7,0.9,2.4,1.7,1.5,1.3,0.9,0.5,0.4,,0.6,0.4,1.2,1.2,0.8,0.9,0.9,1.1,2.2,1.2,0.5,0.4,0.9,0.9,0.2,0.7,0.7,0.9,0.9,0.5,0.6,0.5,0.7,0.8,0.6,0.3,1,0.4,1,0.3,0.7,0.5,0.9,0.7,0.8,1.2,0.4,,0.5,0.3,0.4,0.6,0.4,1.1,0.8,0.6,1,0.7,0.3,0.7,0.5,0.4,0.6,0.4,0.4,0.6,0.7,0.7,0.7,0.2,0.4,0.4,0.4,0.3,0.5,0.8,,0.4,0.2,0.3,0.3,0.4,0.5,0.4,0.5,0.6,0.4,,0.6,0.7,,0.4,0.6,0.6,0.5,0.5,0.3,0.5,0.6,,0.3,0.7,0.5,0.7,0.7,1,0.4,0.4,0.3,0.6,0.4,0.4,0.5,0.5,0.4,0.5,0.8,0.6,0.6,0.6,0.8,0.8,,0.4,1.1,0.9,0.2,0.4,0.6,0.8,0.6,0.2,0.3,0.6,0.8,0.6,0.8,,0.3,0.3,0.5,0.5,0.5,0.2,0.6,0.7,0.5,0.5,1.1,0.7,1,0.3,,0.9,0.4,0.3,0.4,0.3,0.8,,0.2,,,0.2,0.6,0.9,1,1,0.7,1,1.3,1.2,,0.8,0.7,0.8,0.9,0.5,0.8,0.1,0.3,0.3,0.3,0.2,0.3,0.4,,0.3,0.3,0.3,0.7,0.8,0.9,0.1,0.2,0.6,,0.5,0.5,,1.1,0.8,0.9,0.6,1.2,0.5,0.6,1,1.2,0.9,0.4,0.5,0.6,,0.9,1.2,0.7,0.7,1,1.3,0.4,0.9,0.7,0.4,0.1,0.8,0.6,1.1,0.2,,0.4,1,0.4,0.6,0.5,0.6,0.5,0.6,0.6,0.4,0.4,0.4,0.8,0.4,1,0.6,0.5,0.8,1,0.7,0.9,1.4,2.6,0.5,0.5,0.6,0.4,0.7,0.8,0.6,0.5,0.5,0.2,0.7,1,0.7,0.7,0.5,0.5,0.3,0.6,0.9,0.4,0.7,0.6,0.2,0.5,0.9,0.7,0.8,0.9,1,0.5,0.4,0.4,1.4,0.4,0.5,0.5,0.6,0.5,0.7,0.7,0.7,1.1,0.6,0.7,0.8,0.9,0.6,0.3,0.4,1.8,,1.3,0.9,0.8,0.6,0.7,0.6,0.8,0.4,0.5,0.5,0.5,0.3,1,1.2,0.3,0.7,0.9,0.3,0.3,0.3,0.5,0.7,0.3,1.1
20170820,17,CO_24h,1.3,1,1.4,1.1,1.4,1.2,1.1,1.5,1,1.1,1.2,1.2,,,1.7,,1.4,1.1,2.2,,1.5,1,1,,1.2,1.3,,0.9,0.8,0.6,1.5,0.7,0.6,0.7,2.3,2.2,1.8,2.1,2.7,2.5,0.4,0.4,0.4,0.5,0.5,0.7,0.7,0.8,0.8,0.6,0.7,0.8,0.7,0.6,0.8,0.5,0.6,0.6,0.7,0.6,0.6,0.6,0.7,0.9,0.7,1.3,1.1,,1.1,1,0.5,0.4,0.7,0.4,0.7,0.5,1.2,0.9,0.9,1,,1.1,0.9,0.7,1.2,1.1,1.4,0.9,0.8,1.2,0.9,1.1,1.1,1.2,1.3,1.2,0.7,0.9,0.8,,,0.9,0.8,0.9,0.8,,1,0.7,0.7,0.9,1,0.6,0.8,0.7,0.8,0.8,0.8,0.9,1,1.1,,1,0.7,1,0.8,0.9,0.8,0.6,1,0.6,,0.3,0.5,0.6,0.7,1.3,0.4,0.4,0.7,0.4,0.8,0.5,0.7,0.8,0.6,0.7,0.6,0.6,0.6,0.7,0.5,1.5,1,0.9,1.2,1,0.9,0.9,0.3,0.7,0.6,0.3,0.9,0.4,,0.8,0.9,0.7,0.6,0.6,0.6,0.5,,,,1.1,1,,0.7,1,0.6,,0.9,0.2,0.3,,0.5,,0.8,0.7,0.7,0.7,0.9,1.1,0.6,,,,0.5,0.3,,0.8,0.7,0.6,0.4,0.8,,0.6,0.6,0.3,0.4,0.4,0.4,0.8,0.5,,0.8,,0.8,,0.6,0.6,0.8,0.6,0.7,0.7,0.8,0.7,0.6,0.6,0.7,0.9,0.7,0.8,0.6,0.9,,0.5,0.5,0.4,0.6,0.4,0.5,0.7,1.1,0.8,,,0.6,,0.8,0.8,,0.2,0.5,0.5,0.6,0.6,0.3,,0.6,0.5,0.6,0.5,0.7,0.7,0.5,0.8,0.6,0.7,0.8,1,0.8,0.5,0.9,0.8,0.5,0.9,0.1,,0.7,0.6,0.5,0.4,0.3,0.4,0.5,1.4,0.8,0.6,1.1,1,0.9,0.5,,1.5,1,1.2,1,0.8,1.2,0.9,1,,0.3,0.3,0.4,0.4,0.6,0.5,0.4,0.2,0.6,1.1,1.1,1.3,1.5,1.2,1.5,1.6,1.1,1.5,1.1,1,0.8,1.1,0.7,0.7,0.8,0.5,0.7,0.9,0.7,0.5,0.6,0.5,0.7,0.6,0.4,0.4,0.6,0.7,0.7,0.7,,0.8,0.7,0.8,0.9,0.9,0.6,1,0.7,0.7,0.7,0.6,0.7,0.8,0.9,0.6,0.6,0.6,0.7,0.6,0.4,0.4,0.5,0.6,0.5,0.9,0.7,0.5,0.7,0.6,0.7,0.8,0.8,0.6,0.6,0.6,0.3,0.5,0.4,0.5,0.7,0.9,0.8,0.7,0.7,0.8,0.7,0.7,0.7,0.6,0.9,0.9,0.7,0.5,0.9,1,1.1,0.8,1,0.9,0.8,1,0.5,0.6,0.7,0.5,0.6,0.5,,0.8,0.7,0.8,0.6,1,0.8,0.8,0.7,,0.8,0.5,0.5,0.8,0.9,,0.7,0.6,1,0.9,0.8,,0.6,0.3,0.4,0.4,0.5,0.5,0.5,0.5,0.6,0.4,,0.6,0.8,0.6,0.9,0.6,0.8,0.8,0.4,0.7,0.5,0.4,0.8,0.5,1.2,1.5,1.3,1.5,1.2,1.1,1.1,1.6,1.4,1.3,1.4,1.4,1.3,0.5,0.7,0.2,0.5,0.3,0.4,,0.9,0.8,0.6,,,,0.7,0.5,0.9,1,0.8,1.1,0.8,,0.9,0.6,1.5,0.7,0.7,0.6,0.4,0.6,0.5,0.5,0.7,0.3,0.5,0.6,1.1,1.1,1.4,1.4,0.8,1,1,0.7,1.1,0.6,0.6,0.7,1.1,2.1,1,1.1,0.7,0.7,0.7,1.1,1.3,1.2,1,0.7,0.7,1.1,0.6,0.7,0.6,0.7,0.6,,0.5,,0.7,0.7,0.5,0.8,1.2,,,0.8,,0.7,0.9,0.8,,,1.2,1.2,1.6,0.8,1.1,0.4,0.4,0.7,0.4,0.4,0.5,0.3,0.6,0.3,0.5,,0.4,,0.6,,0.3,1,0.8,1.2,1,0.5,0.8,0.4,0.4,0.3,0.4,0.4,0.5,0.4,0.6,0.5,,0.9,0.9,0.8,1,0.7,0.7,0.7,0.6,0.8,0.6,0.6,0.7,0.5,0.8,0.5,0.5,0.7,,0.6,0.5,0.4,0.8,0.7,0.7,0.7,0.7,0.5,0.9,0.9,0.9,0.6,0.6,0.8,1.1,1.3,,1,0.9,,0.7,0.9,0.9,0.7,0.6,0.6,0.6,0.5,,,1,1.1,1.1,1.1,,1.1,1.1,1,1.1,1.1,1.1,,1.2,1.2,,1.8,2,1.6,1.7,1.8,1.7,0.8,1.1,1.5,1.5,0.8,1.1,0.5,0.2,,0.7,1.1,1.7,1.4,1.1,1.2,,0.9,0.8,0.6,0.6,0.6,0.7,0.9,1,1.5,1.1,1,0.8,0.8,0.7,0.6,1.2,1.1,0.7,0.7,0.5,0.9,0.6,,0.4,0.8,0.8,0.3,0.6,0.3,0.3,0.6,0.4,0.4,0.4,0.6,0.5,0.4,0.7,0.7,0.7,0.8,0.6,0.8,,1,1,1,0.9,0.6,0.7,1,0.3,0.3,0.5,0.4,0.5,1.3,1.9,,1.4,1.6,2.4,2.2,1,1.6,1.1,1.4,2.5,0.9,0.9,0.6,0.9,2.2,1.4,1.1,1.2,1.1,0.9,1.3,1.3,1.1,1,,1,0.9,1.1,0.9,1.3,0.8,0.8,0.7,1,0.4,0.7,0.6,0.4,0.5,0.6,0.6,1.3,1.1,1,0.6,1.1,1.2,1.2,1,0.4,0.7,0.5,0.6,0.5,0.3,0.7,0.7,0.6,0.8,0.6,0.8,1.1,0.8,,0.4,0.7,0.7,0.7,0.6,1,1.3,1.1,1.3,1.1,1.2,,0.4,0.9,0.7,0.4,0.4,0.5,0.4,0.7,,,0.6,0.7,0.8,0.6,0.8,0.8,0.6,0.6,0.6,0.5,0.7,0.9,0.5,0.4,,0.3,0.9,0.9,1.2,1.1,1.4,1.3,1.6,1.6,1.7,1.5,1.2,1.3,1.4,1.5,0.8,0.8,1.1,1.1,1.1,1.2,1.1,1,1,0.9,0.9,0.9,0.3,0.3,0.3,0.7,,0.5,0.4,0.7,0.7,0.4,0.7,0.6,0.7,0.9,1.6,1.2,1.9,0.6,0.8,0.9,1.1,0.7,,0.5,0.6,0.2,,0.5,0.2,0.4,0.2,0.5,0.6,1,0.4,0.5,0.4,0.5,0.4,0.5,0.5,0.4,0.3,0.6,0.7,0.9,0.6,0.5,0.9,0.7,0.7,0.7,0.6,0.6,,0.5,0.8,0.8,0.9,0.8,0.6,0.7,0.4,0.6,1,,0.5,0.5,0.6,0.9,,0.8,,0.6,,,0.4,0.3,0.5,0.5,0.7,0.5,0.5,1.1,,1.1,1,,0.8,0.6,2.4,1.7,2.2,1.6,1.8,1.5,1.1,1.3,1.3,1.6,0.9,1.1,,1,0.9,1.2,1,,1.3,1.2,1.1,1.1,1,1.8,,2.1,1.1,0.6,0.6,0.6,0.6,0.4,0.5,,0.7,0.4,0.3,0.6,,,0.4,0.3,0.6,0.5,0.4,0.5,0.4,0.6,0.6,1,0.8,0.4,0.5,0.5,0.5,0.8,0.6,0.5,0.2,0.4,0.9,0.7,0.7,0.6,0.8,0.5,1,1.1,0.9,1,0.9,0.8,1.1,1.1,,0.7,0.2,0.8,0.7,0.6,0.4,0.6,0.3,0.4,0.5,0.5,0.9,0.5,0.9,0.4,0.5,0.5,0.4,,0.2,0.4,0.3,0.4,0.7,0.3,0.4,0.5,0.4,0.7,0.6,0.5,0.5,0.3,0.8,,0.5,0.7,0.6,0.7,0.7,0.4,,0.5,0.4,0.4,,0.4,1,0.8,0.9,0.7,0.8,0.5,1,0.6,0.6,0.4,0.9,0.4,0.6,0.6,1,0.4,0.3,0.4,0.4,0.7,,0.4,0.3,0.6,0.8,0.3,0.4,0.4,0.5,0.8,0.8,,0.8,0.7,0.5,0.6,0.4,0.7,0.7,0.7,0.6,0.7,1.5,1,0.8,1,0.6,0.9,1,0.9,0.7,0.8,0.6,0.7,0.7,0.9,0.8,0.7,1.1,0.9,1.1,1.2,0.3,0.9,0.8,0.8,0.5,0.5,0.9,0.6,1.2,0.8,0.8,0.7,0.5,0.4,0.3,1.2,1,0.9,0.6,1,0.7,0.4,1,0.6,0.8,0.6,0.8,0.8,0.6,0.7,0.8,0.6,0.4,0.9,1.4,1.1,0.9,1.1,1.7,1.3,1.3,,1.2,1.1,1.1,1,,0.9,1,0.9,,0.9,0.8,0.8,0.9,0.7,1.4,1,1.6,1.2,1.2,1.1,0.7,0.8,0.6,0.8,1.1,1,,0.9,0.8,0.9,0.9,0.8,1.2,0.8,0.6,0.6,1,1,1,1.1,0.7,0.9,0.7,0.9,0.9,,0.8,0.6,,1.1,0.8,1.1,0.9,1.1,1.1,0.7,0.9,1.1,0.8,0.6,0.8,0.8,0.6,1,0.6,0.5,0.5,0.6,0.5,0.5,1,0.5,0.8,0.9,0.9,1.4,1.9,1.6,1.5,1.1,0.4,0.4,,0.5,0.4,1.2,1.3,1.1,1,1.3,0.9,2.4,1.5,0.9,0.6,0.8,1,1.1,1.1,0.9,1.1,0.9,0.8,0.8,0.7,1.1,1,0.8,0.4,0.7,0.6,1,0.6,1,0.8,1.1,0.9,0.9,1.3,0.4,,0.6,0.4,0.5,0.7,0.4,0.9,0.8,0.6,0.9,0.8,0.4,0.6,0.7,0.4,0.6,0.5,0.5,0.7,0.7,0.7,0.7,0.3,0.4,0.4,0.4,0.4,0.7,1,,0.5,0.3,0.5,0.4,0.5,0.6,0.5,0.6,0.7,0.4,,0.7,0.7,,0.4,0.6,0.6,0.4,0.5,0.5,0.5,0.5,,0.4,0.7,0.6,0.7,0.7,0.6,0.4,0.5,0.3,0.6,0.4,0.4,0.5,0.5,0.4,0.5,1,0.6,0.6,0.9,0.8,0.6,,0.5,1.2,0.9,0.2,0.6,0.8,0.9,0.7,0.4,0.3,0.8,1,0.6,0.8,,0.4,0.3,0.7,0.6,0.7,0.2,0.6,0.8,0.6,0.6,1.3,0.8,0.9,0.3,0.7,0.9,0.4,0.4,0.4,0.3,1,,0.2,,,0.2,0.5,1,0.9,1,1,1.2,1.3,1.2,,0.8,0.6,0.8,0.8,0.3,0.6,0.2,0.4,0.6,0.5,0.4,0.4,0.4,0.3,0.5,0.6,0.4,0.8,1,0.9,0.1,0.3,0.4,,0.6,0.6,,1.3,0.7,0.9,0.6,1.1,0.5,0.6,0.9,0.8,0.8,0.4,0.5,0.6,1.8,0.9,1.2,0.9,0.8,1.4,1.6,0.3,1.2,0.8,0.4,0.3,1,0.7,1.2,0.5,,0.5,1,0.6,1.1,1,1.1,0.8,0.7,0.7,0.8,0.7,0.6,1,0.4,1.1,0.7,1.5,1.1,1.3,1,1,1.5,1.7,0.5,0.6,0.6,0.5,0.7,0.9,0.5,0.4,0.6,0.4,0.8,1,0.7,1.7,0.8,0.8,0.3,0.9,1,0.5,0.8,0.6,0.5,0.5,1.1,0.7,0.7,1.3,1.2,0.5,0.5,0.5,1.4,0.4,0.5,0.5,0.7,0.6,0.8,0.7,1,0.7,0.9,0.7,0.8,0.6,0.7,0.5,0.5,2,,1.8,1.1,1.1,0.9,1,0.6,0.8,0.4,0.7,0.6,0.5,0.4,1.2,1.5,0.3,1.3,1.4,0.3,0.5,0.3,0.4,0.7,0.3,1.1
20170820,18,AQI,69,77,69,63,78,63,64,88,93,104,83,57,,,68,,58,65,82,,54,46,48,,30,89,,83,88,73,82,67,74,128,35,30,54,37,55,43,33,37,30,34,29,67,82,74,53,105,89,100,104,108,80,67,67,63,62,89,58,48,47,42,46,52,89,,75,48,55,47,68,55,65,70,55,58,67,79,,,68,62,84,65,68,68,65,61,70,90,74,58,67,69,36,48,50,,,53,55,55,52,,54,22,28,26,23,29,32,23,30,28,30,30,69,29,,27,20,35,31,30,22,63,46,31,,36,38,27,34,37,34,47,30,31,38,54,51,44,30,51,35,39,37,25,35,34,32,38,25,35,31,33,43,33,36,39,36,41,,40,23,36,45,66,39,37,,,,55,53,,71,78,76,,49,33,33,,31,,35,35,48,36,35,52,31,,,,28,35,,50,48,35,35,37,,39,32,46,38,43,40,30,27,,26,,45,,40,34,29,30,29,29,28,31,35,27,37,38,38,39,33,29,,25,32,42,42,49,38,44,64,56,,,20,,52,41,,43,30,39,48,25,33,,63,52,52,57,53,38,44,46,54,58,52,58,51,60,60,53,46,52,55,,68,67,64,68,32,54,59,39,49,28,53,65,49,28,,51,49,52,49,42,48,49,52,,34,38,29,38,37,37,37,35,35,53,51,55,64,54,56,57,57,59,42,40,38,33,37,34,32,51,33,40,39,42,45,57,43,44,61,42,,59,92,108,,125,124,101,83,103,129,93,67,53,49,42,61,42,109,47,35,39,41,70,28,21,28,22,78,45,56,58,44,38,59,64,37,40,39,37,38,47,44,43,125,132,122,125,124,143,135,151,114,83,52,48,56,46,26,44,58,34,39,37,51,30,28,13,25,28,27,77,,65,31,70,39,40,33,49,35,,39,43,42,47,45,,35,53,74,54,53,,36,60,27,31,28,23,35,27,37,23,51,26,18,25,30,27,26,27,28,29,27,27,41,28,80,81,75,61,86,64,77,80,77,72,64,64,89,50,27,38,46,24,47,,78,31,38,,,,35,43,30,34,33,30,40,,32,39,39,36,31,55,39,39,30,45,36,26,43,,55,59,56,46,53,56,36,35,35,31,31,35,50,51,55,40,18,18,17,24,37,38,34,34,39,33,33,91,80,129,112,,56,,44,52,51,43,52,,,47,,54,34,31,,,39,54,40,45,37,38,48,42,49,40,28,24,23,30,26,,50,,48,,47,58,59,55,58,57,52,31,32,50,25,25,26,26,31,28,,49,58,85,62,64,46,55,42,56,46,54,41,34,27,22,41,26,,42,47,56,57,52,66,38,41,37,132,85,62,23,32,26,46,39,,69,71,,39,39,43,60,33,48,59,18,,,58,58,64,81,,62,68,63,62,53,53,,62,70,,117,107,119,117,100,49,73,67,73,55,63,48,47,39,,26,49,90,82,94,51,,40,52,24,28,20,36,23,24,27,38,39,20,54,42,,51,53,25,22,25,22,55,,24,44,44,42,31,61,34,21,51,20,52,36,35,34,28,32,22,35,36,40,36,51,35,40,56,48,38,53,38,50,36,43,45,64,90,,102,99,95,82,47,56,55,54,58,49,50,52,46,110,87,97,84,59,57,55,60,73,112,,104,55,92,65,60,52,58,58,58,33,36,34,46,50,33,29,37,32,30,31,43,43,35,37,32,34,32,32,26,22,31,43,33,32,25,37,39,37,,12,36,33,27,28,49,55,62,59,67,60,28,25,23,22,62,50,48,63,63,,,64,34,39,34,33,57,47,58,61,93,88,40,42,33,,40,27,22,69,82,64,91,52,65,63,77,27,29,26,42,27,18,24,21,33,16,28,30,73,69,74,66,39,31,41,53,,45,43,78,66,31,25,24,38,38,58,67,64,38,31,51,48,39,34,44,58,33,49,,28,39,31,37,15,27,30,34,51,38,27,25,27,24,29,32,43,37,45,32,25,37,31,38,55,28,,34,47,50,39,55,36,33,39,36,35,,32,35,30,28,,45,,63,,,21,19,41,69,70,62,63,46,,47,45,,71,69,140,139,133,280,123,137,56,59,68,65,46,54,,67,73,64,58,,53,56,78,60,68,81,,75,42,41,45,33,40,43,57,,67,48,56,87,,,30,29,29,30,45,59,37,50,48,48,52,43,37,43,44,51,58,44,47,45,40,43,34,36,44,33,31,29,26,24,20,18,17,35,,28,41,34,36,19,27,54,85,32,34,40,52,49,25,56,37,7,49,64,22,27,27,30,33,27,53,75,35,57,31,35,39,26,37,,58,69,55,37,41,40,,65,74,54,,77,65,45,65,73,74,55,50,98,89,20,39,32,36,39,47,21,39,37,34,57,,48,54,67,75,39,30,25,30,46,60,,41,52,39,28,30,67,62,54,50,77,60,55,49,57,57,42,67,73,51,55,38,52,65,68,69,69,77,75,82,62,22,56,40,31,33,31,42,44,38,42,55,47,46,55,53,46,51,43,38,49,41,43,37,44,36,36,41,29,35,48,45,37,54,39,48,53,53,53,50,47,48,,50,53,56,48,,41,42,52,,47,47,48,48,48,52,60,54,57,57,62,54,51,51,40,64,48,,54,58,53,57,64,67,65,56,97,66,62,72,58,80,47,92,87,94,,35,38,,54,43,43,43,60,59,64,62,44,33,37,31,28,30,22,37,30,30,49,33,42,30,41,46,30,33,35,36,56,40,48,22,28,,51,22,61,29,35,53,52,67,58,26,32,33,26,30,50,35,38,48,40,58,31,28,31,26,26,33,34,45,31,46,36,25,45,48,32,34,27,22,27,33,34,28,26,16,19,23,27,87,101,127,113,40,49,50,59,45,54,55,52,51,79,101,94,45,41,55,,39,41,33,35,48,39,62,52,50,,,37,49,,36,61,43,50,28,13,32,8,,37,23,24,22,23,22,44,56,56,71,53,25,33,26,30,29,37,69,51,24,16,23,,19,55,44,25,51,108,38,19,19,19,14,26,17,18,,18,17,19,24,21,17,33,37,36,30,27,57,56,24,23,35,19,18,25,47,60,,35,,20,42,59,63,62,56,26,27,28,29,,25,30,21,21,42,30,49,18,28,33,34,40,39,29,23,46,53,23,18,18,30,29,49,,41,29,25,45,37,23,23,35,20,39,46,52,47,38,36,35,27,26,28,46,89,43,45,40,35,32,35,31,55,60,70,68,,80,233,160,36,36,35,26,23,24,33,35,28,33,50,57,,39,45,73,73,68,70,79,30,38,36,25,52,26,62,43,36,40,55,50,21,43,28,53,22,35,38,48,30,37,33,52,68,63,67,60,63,32,37,32,50,43,43,26,40,30,30,27,48,90,30,40,32,84,47,47,45,112,,62,38,90,66,71,68,57,41,75,32,34,18,77,43,39,65,49,31,39,74,63,79,26,55
20170820,18,PM2.5,50,56,50,45,57,45,37,65,58,65,61,40,,,39,,41,47,42,,38,32,33,,16,66,,56,52,45,60,48,54,97,17,20,27,23,30,30,6,9,21,9,8,48,60,54,37,47,52,75,60,49,59,48,48,15,22,66,15,18,30,20,32,35,33,,42,32,32,32,49,35,47,51,36,37,48,44,,77,49,44,44,38,49,36,47,38,45,67,54,41,48,49,22,32,34,,,35,39,39,36,,35,13,8,13,8,6,10,11,8,14,11,11,12,12,,8,9,8,6,12,10,10,11,11,,11,8,14,14,14,9,13,8,21,16,38,24,15,21,16,24,9,15,13,11,5,5,25,4,4,11,,13,18,17,8,25,18,,18,16,25,20,21,27,11,,,,30,36,,51,34,44,,30,22,23,,14,,13,13,33,17,12,24,16,,,,18,24,,35,25,22,24,16,,20,19,15,16,23,21,21,17,,11,,20,,19,21,16,18,17,20,18,21,15,14,25,26,19,21,17,12,,16,21,18,19,22,23,29,46,38,,,12,,20,25,,17,12,22,33,14,18,,45,36,26,40,37,24,26,32,35,41,34,41,,43,43,33,19,36,38,,49,36,36,45,22,33,42,27,13,5,19,12,21,19,,23,27,33,18,24,32,30,36,,7,14,13,4,7,12,12,7,10,29,27,33,28,29,30,30,31,28,29,21,20,20,25,22,18,29,22,26,23,23,21,25,20,25,22,20,,30,40,30,,36,32,28,31,24,52,32,39,37,31,29,19,20,57,30,18,23,24,51,16,14,14,15,21,31,26,19,17,24,42,39,22,15,20,2,14,13,15,4,38,37,42,36,40,46,46,43,27,32,30,27,27,20,15,24,29,18,22,15,27,16,4,8,11,16,7,22,,19,5,16,8,7,5,9,9,,8,6,9,10,13,,17,28,35,22,22,,23,37,7,16,5,16,6,12,22,14,13,9,5,16,10,15,15,18,4,10,6,5,19,8,44,52,53,37,58,43,56,25,56,45,46,41,51,16,10,6,32,15,26,,57,15,26,,,,20,3,12,19,13,15,11,,17,20,27,19,20,20,27,26,17,31,21,18,15,32,15,40,19,32,25,22,20,5,10,1,13,8,27,33,16,20,6,4,8,6,22,20,17,19,17,19,16,30,35,50,44,,22,,11,15,17,18,36,,,27,,19,7,6,,,10,28,23,19,7,20,24,12,17,17,5,9,7,7,9,,18,,23,,14,30,32,24,37,27,23,15,22,17,6,4,8,14,19,17,,34,41,63,42,46,13,21,19,30,28,38,13,11,9,8,12,10,,24,28,26,33,36,31,9,9,3,100,37,33,9,9,13,23,27,,36,20,,19,25,18,43,20,26,42,4,,,36,41,46,49,,44,49,45,44,33,37,,38,41,,69,80,59,88,75,29,53,45,49,30,45,28,20,27,,18,27,67,49,45,28,,27,15,16,7,12,22,6,13,15,11,27,10,18,13,,27,22,10,9,10,8,13,,5,11,,13,2,29,16,11,8,10,15,13,11,20,18,22,13,18,20,19,24,27,23,15,28,28,26,26,22,29,25,30,26,46,50,,49,74,62,52,26,39,36,25,31,21,22,21,20,83,64,61,57,32,38,35,32,53,84,,78,35,68,35,31,27,35,33,33,16,25,23,27,32,21,11,17,22,21,7,11,14,13,14,19,17,22,16,11,7,6,11,23,19,13,22,27,21,,1,25,23,18,19,31,39,44,34,48,43,11,11,9,15,31,33,29,20,45,,,45,5,27,18,21,32,18,33,32,24,33,25,29,6,,19,16,7,47,23,38,32,36,47,45,56,11,6,18,14,8,7,11,11,16,8,16,14,45,50,54,45,4,10,4,20,,15,22,43,39,11,8,10,12,20,23,28,26,17,13,27,29,19,12,19,11,11,5,,8,13,13,11,8,9,6,9,16,1,5,2,4,4,2,14,16,12,25,22,,17,21,18,22,19,,16,17,35,23,39,16,17,24,25,13,,12,13,12,14,,31,,32,,,13,13,22,50,40,44,45,32,,22,22,,43,31,107,106,101,230,93,104,39,23,24,36,32,30,,19,40,46,41,,33,34,57,34,49,59,,55,19,16,14,17,28,12,40,,22,7,15,64,,,9,7,8,15,18,14,17,27,28,31,35,26,22,30,22,26,21,27,27,22,28,26,23,25,21,23,19,8,9,14,2,10,5,22,,6,19,10,10,10,13,20,18,17,23,7,25,4,17,5,21,,6,20,15,10,12,2,15,6,15,10,18,40,7,23,5,9,24,,41,50,39,21,23,26,,47,54,38,,56,47,26,47,53,52,27,35,73,66,4,27,21,25,27,15,5,20,11,11,16,,33,38,48,55,22,21,7,19,31,43,,16,36,18,10,16,40,44,34,27,56,43,39,34,38,40,29,48,34,29,32,22,28,31,31,31,50,56,55,60,44,14,25,17,15,11,21,22,25,23,23,31,32,32,34,35,28,25,25,23,34,25,26,20,30,25,25,20,18,22,33,31,25,30,27,33,30,36,37,33,31,23,,29,36,36,21,,17,22,26,,23,29,33,26,32,27,31,35,39,25,44,30,27,29,27,46,33,,38,41,31,40,46,48,47,39,72,47,44,52,41,59,10,68,64,70,,16,26,,14,30,26,29,43,42,46,44,18,23,16,13,12,19,12,13,21,21,18,23,29,14,12,32,18,11,17,20,5,7,11,4,14,,4,3,13,15,11,7,16,48,41,15,22,21,15,15,22,22,26,29,28,27,19,18,4,14,13,22,18,20,7,21,25,17,27,33,22,15,18,12,12,23,21,17,18,8,9,13,5,40,38,43,39,28,27,35,42,30,38,39,36,23,11,16,31,12,23,18,,11,14,16,16,33,22,40,36,35,,,24,22,,4,16,10,21,15,2,2,2,,3,9,8,15,11,13,24,29,11,31,33,16,19,18,21,14,13,29,34,10,8,16,,,9,22,7,4,9,14,13,13,13,7,13,5,7,,1,4,13,6,4,5,11,10,14,21,13,15,,3,16,11,6,5,5,6,17,,4,,6,4,29,30,32,30,11,17,19,20,,14,13,12,9,18,10,17,6,9,8,9,2,3,12,5,12,19,10,12,10,13,4,10,,6,5,13,27,9,16,6,24,4,11,32,15,18,7,10,2,6,3,6,16,24,9,7,25,11,4,12,6,28,39,16,19,,38,74,90,3,5,21,11,8,8,6,23,6,8,35,33,,27,31,37,40,39,46,58,8,26,25,17,36,10,44,29,23,14,28,35,10,,9,14,15,19,23,17,10,21,14,36,47,34,48,31,45,10,22,18,33,28,22,10,10,18,19,2,33,67,6,13,21,62,5,17,5,80,,20,22,44,32,37,49,24,25,55,18,9,12,56,6,27,46,29,5,27,36,22,25,10,30
20170820,18,PM2.5_24h,60,50,66,52,68,63,50,63,44,55,68,58,,,54,,52,50,52,,51,47,41,,45,55,,61,62,54,73,49,57,48,38,38,51,40,49,42,15,18,26,14,23,60,80,69,56,46,45,69,62,55,47,36,40,24,32,41,14,17,25,19,26,41,34,,38,36,39,47,49,45,50,53,48,48,50,46,,43,43,39,40,38,42,36,58,57,66,79,61,60,76,64,19,28,34,,,32,36,28,31,,36,18,17,18,17,14,16,14,18,18,16,17,14,12,,11,7,8,11,10,12,19,20,13,,22,18,22,21,20,16,19,19,18,20,25,21,14,21,20,16,13,19,8,7,5,4,13,3,4,10,4,18,18,16,14,11,18,,17,16,18,14,18,18,18,,,,36,25,,20,27,32,,21,19,16,,9,,12,9,21,18,13,22,14,,,,12,13,,21,16,17,12,13,,15,13,13,14,14,18,21,21,,11,,28,,24,28,22,18,29,23,26,28,25,22,29,16,23,30,30,26,,30,29,27,30,26,28,33,41,35,,,12,,27,27,,29,25,29,19,19,18,,22,20,33,33,39,20,22,32,15,19,13,15,19,26,22,17,13,16,32,,35,35,33,39,34,19,33,31,20,16,40,28,34,20,,29,39,46,35,46,54,60,54,,8,8,11,6,11,9,11,11,10,43,44,50,44,49,73,44,45,42,29,27,23,23,31,30,21,24,24,22,29,21,34,25,22,24,20,20,,32,29,25,,28,26,25,48,26,51,26,34,19,19,16,16,16,32,17,14,17,16,31,12,13,11,12,28,28,25,12,16,20,39,37,18,13,13,7,14,15,16,16,31,29,40,29,26,35,35,30,24,28,37,31,32,29,25,32,26,23,25,25,30,28,5,8,14,8,10,21,,24,17,29,16,11,19,21,22,,19,12,13,19,17,,18,30,26,15,22,,20,30,6,19,7,15,9,13,20,16,11,15,11,17,11,19,15,19,6,7,5,3,10,3,51,44,39,44,51,48,43,55,45,42,38,54,47,23,22,12,26,16,14,,15,17,23,,,,27,16,17,24,28,27,17,,19,20,31,25,25,21,33,31,24,22,23,15,18,21,21,33,35,56,45,44,50,34,40,30,43,38,37,66,23,26,16,16,18,18,40,37,29,32,26,25,26,35,34,32,31,,22,,12,13,14,12,36,,,42,,34,20,19,,,23,30,39,28,21,22,20,20,14,31,10,12,12,9,13,,23,,24,,21,27,32,25,21,21,20,15,13,13,8,6,10,14,12,23,,53,55,55,47,53,28,27,17,29,19,30,11,11,11,11,14,10,,18,22,23,29,34,33,13,10,16,41,32,36,12,12,11,45,56,,37,32,,22,28,24,25,17,23,26,6,,,43,45,54,40,,35,42,41,38,39,40,,38,41,,50,62,52,47,57,48,58,52,60,51,37,24,26,25,,17,14,23,21,22,17,,31,21,14,16,12,24,13,17,28,15,19,12,29,32,30,31,30,13,11,8,10,11,,8,20,15,18,11,23,17,16,17,19,11,11,23,18,16,12,14,14,14,14,24,14,17,13,19,25,22,25,19,29,26,32,17,58,87,,64,84,67,75,38,49,42,38,48,37,38,40,42,77,69,69,72,50,61,53,70,62,68,,61,25,31,23,23,20,25,24,28,30,28,29,30,24,29,26,25,30,32,9,18,21,14,16,16,24,26,20,17,7,7,14,26,25,26,27,32,24,,4,26,26,25,27,26,33,39,29,44,38,22,17,16,18,38,35,44,31,57,,,49,16,15,24,31,28,35,35,38,37,31,20,23,19,,24,23,19,35,39,36,39,32,42,38,46,34,20,43,53,34,37,38,46,38,46,43,41,37,59,46,43,9,14,8,17,,18,18,38,29,8,8,14,14,16,23,33,20,21,20,37,40,15,11,18,11,16,10,22,20,16,16,14,13,16,14,10,17,6,6,7,11,6,4,17,18,18,18,16,,17,16,19,19,18,,8,13,24,18,26,12,13,12,15,9,,12,11,20,23,,33,,26,,,20,18,27,42,25,32,42,35,,42,46,,34,39,88,90,83,83,79,73,41,42,39,43,36,42,,31,34,52,37,,41,47,40,29,31,56,,52,23,24,23,13,37,20,23,,30,28,22,55,,,12,10,16,18,26,20,18,39,34,39,46,28,16,25,22,25,35,23,30,27,33,31,34,26,26,31,15,19,16,13,12,17,13,13,,6,10,11,12,14,15,26,27,20,28,14,24,5,22,12,16,6,8,11,10,15,17,13,19,11,16,13,15,27,17,19,10,12,15,,42,30,42,15,18,20,,20,36,19,,29,36,41,37,26,29,23,37,31,32,19,48,35,31,24,9,13,11,10,18,12,,23,22,33,35,10,10,7,13,22,32,,25,38,9,5,10,35,46,30,23,35,43,38,36,34,39,32,45,36,31,33,30,29,31,32,25,37,43,43,47,38,6,24,19,22,17,26,26,22,22,30,24,34,32,30,31,68,58,47,50,56,51,53,46,53,30,29,27,28,29,36,38,31,38,32,29,29,33,39,46,43,41,,46,53,47,30,,30,30,50,,48,61,51,56,59,40,34,49,43,39,47,39,39,27,45,51,40,,32,35,21,31,23,40,40,36,58,51,38,59,30,40,12,31,28,32,,12,25,,18,25,25,21,34,28,27,26,32,32,27,19,21,26,22,20,27,29,31,36,31,17,24,36,14,15,18,32,19,14,16,11,19,,17,12,18,18,20,15,23,20,27,25,24,27,12,17,24,40,41,48,42,25,25,22,20,21,24,27,25,31,23,29,32,31,31,32,39,36,14,20,17,23,23,16,21,6,8,11,8,50,43,41,40,29,36,27,36,29,29,30,27,21,14,22,33,24,33,27,,16,26,24,26,28,29,33,34,27,38,,18,20,,9,22,20,23,15,4,4,5,,7,8,12,14,12,15,26,30,11,18,27,12,13,17,13,10,12,24,29,11,10,11,,3,12,17,17,16,20,13,12,27,17,21,12,10,12,,9,14,12,9,14,9,10,11,11,11,11,14,1,3,14,17,6,4,5,3,22,,3,,3,4,23,28,30,28,32,25,26,25,,16,14,16,12,15,10,12,20,27,11,11,3,7,21,20,20,22,28,30,29,14,10,19,,10,10,22,36,15,25,13,31,6,23,19,13,21,9,12,14,8,14,16,22,33,19,20,13,22,18,10,17,27,27,15,45,,51,89,111,32,20,30,12,9,9,13,30,16,12,28,39,26,52,55,42,49,41,49,42,14,16,23,30,27,13,28,31,22,19,42,30,10,23,10,12,21,24,19,28,14,18,14,42,45,37,45,40,34,21,24,31,22,20,22,12,15,12,15,8,30,35,17,18,13,26,14,23,10,57,,45,31,81,54,37,59,52,13,54,20,16,15,65,29,23,47,45,10,35,23,15,17,10,34
20170820,18,PM10,51,102,53,61,64,52,78,112,71,92,69,61,,,86,,64,55,56,,57,42,,,,,,86,113,94,,60,62,,35,30,58,37,59,35,16,15,23,34,21,64,83,75,55,68,95,80,95,76,89,83,60,76,73,99,66,48,47,39,39,48,50,,56,48,59,41,75,59,62,80,59,53,77,79,,,72,66,78,80,76,71,77,72,90,84,94,64,61,87,32,48,50,,,55,52,53,54,,58,19,19,26,20,29,22,18,12,15,21,30,87,29,,22,17,11,18,30,22,76,46,24,,36,38,26,34,37,26,47,26,,38,41,51,44,30,52,32,39,37,25,,20,10,38,25,26,16,27,20,26,36,29,33,,,21,17,29,45,82,38,37,,,,60,55,,91,105,101,,49,22,33,,15,,34,31,36,33,24,54,25,,,,20,32,,44,48,35,27,37,,39,29,46,38,43,40,21,25,,26,,32,,35,34,29,28,27,24,28,31,35,27,37,,38,39,33,29,,25,32,42,42,49,38,44,71,62,,,12,,54,34,,43,30,39,47,25,33,,59,47,53,44,40,38,44,33,58,49,53,41,51,,53,55,46,51,59,,85,84,77,86,30,57,62,31,49,28,56,80,49,24,,51,49,53,40,42,48,49,48,,34,17,28,30,19,18,23,35,27,55,52,59,77,57,62,64,64,68,,40,38,33,37,34,32,52,33,40,39,34,45,63,43,44,72,42,,67,78,62,,59,61,53,51,57,94,87,84,42,43,31,71,42,,45,26,37,31,62,28,21,25,22,47,44,62,38,32,38,46,49,,35,36,9,33,47,44,43,69,59,71,58,63,88,72,116,76,64,53,48,62,46,26,44,65,34,39,37,51,30,28,11,25,28,27,34,,33,9,49,33,24,16,31,35,,29,26,37,33,30,,31,42,45,38,56,,35,69,27,31,28,22,35,27,37,23,51,26,9,25,30,27,26,27,11,29,10,6,41,26,110,111,99,72,122,77,93,110,70,93,72,78,127,50,27,9,,21,47,,62,18,,,,,32,43,24,34,20,22,28,,,39,,36,23,59,39,39,27,,36,20,43,,59,68,61,41,56,61,33,35,30,18,31,35,50,51,37,34,14,12,12,24,37,27,34,32,39,27,27,131,110,207,173,,62,,43,53,51,43,41,,,47,,58,26,28,,,39,57,,45,17,38,48,42,49,40,20,23,13,10,12,,50,,48,,47,47,55,55,66,63,53,16,32,50,11,21,10,26,23,28,,48,55,63,50,56,46,60,42,62,46,55,41,34,27,22,41,26,,42,47,62,63,51,82,38,32,31,,56,57,21,32,26,46,31,,87,92,,33,39,34,69,33,48,67,18,,,65,55,58,111,,58,,52,50,40,48,,41,53,,113,93,95,110,96,49,66,84,57,54,71,48,47,38,,25,38,87,51,131,40,,40,54,18,28,20,36,,23,27,38,,12,57,42,42,52,55,25,22,16,22,25,,10,44,44,42,31,71,34,21,52,20,54,36,21,25,27,24,13,27,36,25,36,51,32,40,62,48,30,55,38,50,36,30,45,67,91,,91,89,114,114,47,62,60,58,66,49,50,54,46,143,99,90,105,57,64,54,54,87,,,,60,130,79,69,54,65,65,65,,26,33,46,50,32,23,17,24,23,31,43,43,18,37,32,34,32,32,26,15,31,43,33,32,19,37,36,37,,12,26,25,27,28,49,58,59,52,63,67,22,22,20,22,54,49,35,,72,,,77,28,29,,25,50,45,66,71,42,60,40,29,31,,40,27,,88,114,77,132,48,51,68,87,25,29,19,42,9,18,,21,33,14,28,22,95,81,83,82,39,18,28,55,,45,43,106,81,16,19,24,,38,65,83,77,38,23,52,48,39,17,30,25,21,49,,20,26,25,22,15,26,28,,52,38,8,15,7,15,10,23,19,17,45,32,25,37,30,29,59,25,,34,47,,39,,29,33,39,33,22,,25,17,30,22,,38,,75,,,21,14,41,78,89,63,53,45,,47,45,,91,88,141,130,127,,158,130,61,67,85,80,,57,,33,56,66,59,,56,62,77,70,54,111,,80,21,,17,22,34,32,44,,84,48,61,91,,,25,23,14,21,45,68,37,50,48,48,53,39,37,34,44,51,55,44,47,45,38,43,26,36,44,31,21,15,17,24,13,18,14,35,,16,41,34,36,19,27,57,120,32,34,40,54,49,21,62,37,,49,78,15,16,24,28,33,15,55,99,35,62,25,35,39,18,37,,,,47,24,37,35,,49,81,48,,,60,38,69,75,97,59,40,139,80,19,29,32,,37,47,18,28,35,28,64,,45,54,53,63,39,30,25,30,42,60,,41,47,20,23,16,83,63,57,50,64,65,48,49,64,,41,76,96,51,60,38,53,80,86,88,66,93,70,97,59,18,61,40,22,26,31,42,44,38,42,59,47,43,60,55,46,51,43,34,45,41,43,37,44,32,30,41,29,35,44,38,32,58,35,42,56,55,54,50,45,48,,50,56,62,48,,41,37,53,,37,44,,48,48,53,42,43,42,45,57,58,52,52,30,57,,,57,66,56,45,57,53,47,62,73,82,69,78,50,59,47,92,107,98,,35,29,,58,,43,43,44,65,49,,44,31,37,31,28,30,18,37,21,29,49,29,34,23,41,33,24,33,28,33,61,37,46,20,28,,51,17,71,29,35,55,54,,,25,28,33,26,30,50,35,38,48,33,65,31,28,21,26,26,33,33,45,28,46,29,17,45,44,32,34,27,22,27,28,34,28,26,8,19,20,27,63,52,52,82,38,49,43,49,44,49,44,45,51,40,41,43,24,39,60,,39,41,28,32,,39,73,49,,,,37,49,,36,71,43,50,28,3,14,8,,4,14,15,17,18,19,44,61,61,91,55,24,33,,30,29,37,88,52,24,16,21,,19,60,44,25,51,165,38,15,,,,26,16,9,,18,17,16,24,21,15,33,37,36,29,27,63,61,24,,35,17,13,25,47,70,,8,,20,42,68,75,74,62,17,27,23,26,,25,20,17,13,42,25,49,11,11,28,33,9,,17,8,46,56,,15,13,20,29,49,,9,10,,45,25,,7,,11,23,,54,47,9,18,18,9,10,8,31,128,19,,26,17,20,31,26,59,70,62,85,,97,373,270,11,21,,19,14,,16,,23,14,,42,,,35,58,84,60,56,94,29,29,31,23,46,19,60,43,28,34,59,42,21,43,28,56,20,32,38,44,16,32,22,42,56,,63,69,69,14,37,31,50,43,28,26,40,30,30,15,40,91,22,40,30,95,28,29,25,121,,73,38,99,81,91,55,63,41,95,32,34,12,91,43,,79,41,13,34,48,75,52,,59
20170820,18,PM10_24h,62,64,63,56,65,61,76,73,56,76,69,82,,,75,,64,65,68,,68,56,49,,65,52,,109,118,100,88,82,74,88,69,65,111,104,100,86,26,28,42,43,45,106,125,96,84,59,73,71,74,72,69,64,53,70,70,71,66,54,48,66,44,50,55,,50,54,64,62,72,58,69,91,82,63,90,82,,50,65,65,71,80,59,80,110,116,129,149,126,124,107,110,32,42,50,,,61,52,46,49,,73,27,23,26,30,30,29,21,21,26,22,38,63,36,,35,15,18,25,25,36,92,67,64,,66,66,64,62,52,41,51,54,54,38,31,42,40,35,39,29,33,34,21,9,16,11,25,22,21,16,19,28,41,43,33,34,35,,41,36,28,35,44,39,34,,,,72,52,,61,64,62,,42,33,26,,23,,33,24,44,31,26,42,21,,,,25,24,,30,28,26,24,29,,24,20,30,27,31,29,29,21,,34,,46,,36,46,41,27,44,32,37,43,49,39,47,26,38,44,42,42,,35,40,52,46,49,49,46,63,63,,,22,,51,38,,58,39,43,34,28,27,,38,30,51,51,53,36,38,46,34,30,28,25,29,39,31,29,25,29,67,,77,75,77,80,45,38,52,65,71,66,87,75,81,30,,76,76,104,73,79,105,83,90,,31,27,29,34,23,21,23,49,18,75,67,66,76,67,65,74,70,86,70,62,63,54,59,75,54,63,59,54,54,35,71,59,42,55,48,43,,52,58,52,,51,59,39,88,53,71,52,59,26,32,22,37,30,58,25,24,27,20,44,18,16,19,17,48,51,51,32,33,31,58,53,32,28,29,19,32,35,31,33,51,51,52,44,36,75,68,64,64,60,61,55,51,56,44,62,56,43,65,57,57,63,16,16,22,21,24,37,,50,31,63,39,43,69,55,57,,34,43,45,40,57,,33,43,35,29,64,,31,57,31,33,23,25,37,33,32,29,41,36,29,25,38,36,30,53,11,15,8,6,20,11,73,73,64,80,81,73,69,108,55,72,60,83,100,55,45,35,52,38,24,,20,32,51,,,,53,54,45,78,70,55,52,,59,44,56,42,47,38,40,49,46,40,40,20,33,51,56,55,74,75,70,83,86,79,63,54,61,74,68,101,49,45,30,29,29,38,70,65,46,51,63,48,46,76,67,72,57,,34,,31,35,35,28,51,,,60,,62,28,29,,,56,66,61,60,33,57,43,53,47,75,23,25,21,13,23,,51,,53,,48,47,42,49,31,37,43,24,22,27,18,17,19,35,28,37,,74,67,75,67,70,49,52,34,47,39,48,30,25,23,19,34,16,,34,32,37,50,63,52,23,19,26,69,65,65,23,24,23,84,62,,65,62,,40,49,44,45,27,53,52,28,,,77,66,65,123,,51,48,54,48,50,51,,51,52,,78,76,82,67,83,93,72,96,113,89,61,62,56,39,,22,26,39,31,46,24,,50,53,27,35,19,46,57,29,50,50,39,36,55,49,49,59,50,33,32,28,29,30,,11,52,46,51,28,59,52,38,65,62,36,35,30,24,33,23,23,21,25,24,36,32,33,29,47,69,48,54,40,68,61,65,30,125,118,,115,100,128,125,55,74,68,63,76,66,69,60,63,125,106,99,104,93,87,75,92,91,95,,77,52,67,58,57,53,53,49,54,33,31,43,44,44,32,45,31,42,36,31,49,65,23,29,28,46,43,57,24,23,22,37,39,45,32,50,53,75,,16,32,36,35,41,41,53,53,47,62,69,46,28,48,41,59,67,52,45,77,,,66,31,37,39,39,46,55,71,77,55,57,61,39,54,,43,36,49,61,61,64,74,47,54,75,76,67,71,97,84,86,88,92,78,78,89,114,106,84,92,68,61,32,24,24,45,,43,41,83,71,38,17,35,33,39,88,86,98,36,28,64,62,27,16,29,23,29,27,29,33,26,19,24,27,42,38,41,40,24,16,12,12,14,13,38,35,36,33,30,24,30,31,35,52,45,,24,30,35,33,34,26,21,18,22,12,,24,20,40,34,,43,,50,,,36,32,47,78,60,52,66,62,,63,66,,77,85,115,117,111,102,144,122,60,84,66,83,67,57,,50,51,65,74,,57,68,63,53,46,107,,72,44,45,45,33,50,35,60,,96,84,95,65,,,44,46,30,37,34,56,28,60,57,58,73,63,29,43,50,58,54,36,51,41,68,47,73,46,51,42,30,28,27,27,30,36,28,41,,16,41,32,29,26,37,66,75,43,56,58,113,26,53,41,34,11,24,24,22,31,36,43,55,19,45,64,32,50,35,35,38,34,29,,64,33,51,30,32,38,,43,46,50,,33,54,46,58,44,51,50,56,59,43,39,54,45,55,31,42,36,21,32,29,43,,40,42,39,47,37,29,19,23,47,46,,57,59,21,22,21,66,57,51,35,54,65,49,65,54,57,48,68,59,60,63,72,62,49,46,49,53,69,68,91,62,13,77,53,48,44,39,56,49,52,57,38,60,50,60,49,92,97,73,69,85,68,80,73,76,44,45,48,44,51,46,46,42,58,45,40,50,57,72,72,70,63,,70,70,69,47,,47,48,68,,60,79,79,77,66,62,50,64,63,72,82,78,69,56,61,66,60,,49,66,71,54,32,50,31,52,71,69,68,69,42,53,44,52,60,58,,37,38,,47,34,41,38,43,47,33,20,54,48,42,44,42,53,40,37,40,48,55,63,46,32,49,46,32,37,37,55,78,49,59,28,28,,42,31,52,36,47,59,67,27,42,40,48,32,25,42,63,66,66,82,62,89,43,39,42,42,46,47,35,63,58,49,51,50,55,65,56,59,26,55,46,41,44,24,37,31,35,31,55,82,52,52,79,54,56,41,47,39,43,38,41,54,44,40,49,43,60,69,,59,54,40,37,38,48,66,51,33,42,,29,38,,42,78,61,71,53,10,8,10,,17,14,16,24,22,26,39,54,43,58,40,21,25,30,23,46,53,73,47,27,19,17,,21,30,33,45,51,131,55,26,27,25,39,28,28,23,,28,35,21,27,34,32,22,25,25,21,31,50,57,19,43,66,8,11,12,18,37,,9,,13,26,38,54,56,50,53,48,45,50,,30,23,23,19,63,40,28,32,40,17,20,8,13,37,36,64,59,47,48,45,31,20,59,,15,21,38,56,21,33,20,35,11,36,49,50,46,58,50,60,39,59,38,69,118,67,64,18,40,31,32,45,65,79,76,207,,160,524,350,71,47,70,24,28,16,40,51,49,22,46,47,38,87,57,58,101,58,60,88,43,30,23,38,41,26,46,36,35,34,78,38,17,58,34,53,29,43,35,57,24,28,20,50,74,76,58,59,58,51,46,58,52,35,34,21,34,19,26,15,66,54,27,36,21,52,39,56,34,101,,74,44,110,103,69,60,69,30,74,38,42,26,90,71,29,63,65,24,51,37,65,40,21,46
20170820,18,SO2,2,2,2,2,3,2,3,3,2,2,3,2,,,5,,7,1,8,,7,3,8,,6,3,,8,32,9,2,10,7,4,12,14,26,23,29,28,4,4,25,11,9,3,4,6,2,13,18,8,6,3,12,11,21,19,4,11,6,7,9,4,5,5,12,,3,10,17,15,4,5,7,6,6,7,11,11,,16,14,9,12,10,12,13,18,14,17,11,16,13,16,11,5,12,8,,,7,3,11,7,,6,9,6,12,15,6,5,6,6,5,7,6,8,8,,8,5,8,9,2,8,9,5,3,,4,7,10,10,8,5,13,6,9,7,9,7,6,7,9,3,9,6,6,10,9,24,9,9,9,6,5,8,7,13,6,5,7,,8,15,14,19,11,17,5,,,,19,17,,40,38,58,,27,5,8,,3,,3,4,3,8,4,9,19,,,,7,7,,6,5,5,5,6,,5,11,7,14,3,2,9,9,,7,,9,,7,8,5,8,4,7,6,11,3,6,8,3,10,6,7,3,,6,5,7,10,12,10,11,3,8,,,8,,8,5,,5,3,5,4,4,7,,9,6,5,3,4,5,5,6,6,5,2,8,1,17,10,7,26,6,5,,11,6,5,11,2,9,11,12,22,10,8,8,6,3,,7,5,9,15,7,9,13,6,,2,3,7,2,10,5,7,7,7,4,7,6,7,7,2,9,5,8,6,5,2,5,6,2,2,6,3,7,10,11,11,12,11,9,16,3,,11,15,12,,10,25,12,12,13,6,8,8,19,15,14,13,6,13,29,10,15,8,,21,4,2,5,12,12,11,7,6,11,14,15,9,6,8,6,7,4,6,4,13,15,14,12,10,14,17,15,10,8,10,18,12,10,7,9,10,7,7,7,7,8,2,5,6,3,6,12,,9,7,12,16,6,11,13,8,,7,15,8,5,17,,8,5,18,10,7,,6,4,10,2,6,6,4,2,5,5,7,10,8,8,11,9,8,11,6,14,10,9,8,6,7,1,7,6,8,6,6,5,8,5,6,7,9,7,2,2,6,4,3,,9,6,2,,,,12,8,8,11,9,7,8,,7,21,14,13,14,13,7,24,15,8,8,4,7,13,9,37,22,15,16,37,12,6,11,5,6,3,6,5,7,4,3,5,2,4,6,7,5,6,6,10,9,4,4,8,7,,10,,7,7,6,7,12,,,8,,4,7,3,,,20,15,11,27,19,13,13,10,22,26,7,8,6,8,6,,13,,13,,4,9,15,16,4,9,7,13,20,4,2,1,4,15,12,12,,10,13,8,10,11,9,8,8,8,8,18,10,9,7,10,9,8,,6,9,5,8,8,7,9,10,9,9,6,6,3,7,9,7,8,,16,17,,8,9,5,9,6,9,12,5,,,10,9,8,34,,18,21,19,18,10,4,,3,8,,27,61,35,31,36,5,4,7,4,12,4,10,11,6,,7,6,7,7,6,6,,9,11,6,10,9,44,5,7,14,8,8,2,20,10,17,21,17,8,5,5,8,5,,2,7,5,5,15,11,1,1,5,7,8,4,8,2,12,4,6,6,5,2,9,13,7,19,15,13,10,14,8,7,32,1,5,11,15,,9,16,13,13,7,7,7,6,4,3,6,7,5,11,10,5,5,24,27,17,8,5,8,,7,13,12,7,7,8,4,8,6,3,5,6,3,,7,9,10,9,9,12,9,5,9,7,4,7,7,5,5,6,7,6,6,5,2,5,11,3,,2,6,4,6,6,6,7,9,6,8,5,10,16,7,10,4,3,9,3,17,,,15,4,5,11,5,8,3,4,12,13,12,6,5,11,,5,14,13,12,10,15,6,11,9,6,9,12,10,10,13,4,5,3,4,4,3,5,2,11,9,5,8,6,4,8,5,,10,17,135,25,4,5,3,3,6,3,5,4,9,12,8,9,4,1,5,3,7,7,4,5,6,4,2,3,7,5,7,3,3,1,2,4,9,5,6,8,8,13,10,15,13,22,,12,17,,7,7,13,17,10,9,8,18,10,6,,15,11,11,8,,9,,7,,,1,2,16,7,9,8,8,6,,8,10,,5,9,12,10,16,3,11,13,7,5,5,5,12,35,,24,21,6,2,,6,13,12,6,7,20,,19,22,17,37,3,6,5,3,,6,3,4,24,,,4,3,13,10,8,6,9,7,6,6,3,7,10,7,13,11,10,7,,3,8,8,5,5,6,7,10,7,7,6,5,3,9,9,,7,8,7,7,8,2,2,3,4,9,4,7,3,3,2,4,1,3,12,7,7,2,4,10,1,5,8,3,12,10,13,4,6,28,,9,9,7,12,10,10,,8,6,11,,18,8,11,17,18,62,5,4,45,27,12,7,17,25,8,8,10,14,3,6,4,,15,7,11,3,14,7,8,7,11,12,,25,22,25,8,7,11,11,7,13,6,42,7,8,9,6,5,8,6,7,9,5,8,5,6,6,8,12,5,21,12,6,9,6,7,44,5,8,6,6,19,27,10,21,25,19,6,6,6,8,5,13,5,17,5,11,4,16,14,14,4,13,7,7,8,6,7,3,4,22,10,14,,8,2,3,7,,5,4,6,,3,9,7,7,6,8,8,10,2,5,6,5,7,6,8,5,7,,7,6,5,4,11,8,43,9,11,26,8,9,7,3,3,6,12,6,,7,7,,2,1,6,6,5,2,2,3,11,10,7,11,10,8,7,6,14,16,14,19,21,15,8,5,11,16,6,10,5,13,5,3,8,,6,9,3,4,4,5,2,2,4,9,28,25,3,2,5,7,10,7,6,16,11,11,16,12,14,8,1,7,3,6,8,11,10,8,9,3,12,,4,6,9,9,7,10,17,12,21,10,8,13,12,7,8,5,26,5,2,2,6,4,8,5,8,7,8,5,,7,13,23,5,11,3,7,1,27,3,,4,4,,5,11,6,7,8,9,7,6,,19,8,15,22,22,16,13,6,11,22,9,5,4,4,2,9,5,10,12,3,10,3,,2,6,3,13,13,7,22,9,4,5,5,4,12,14,,7,9,6,7,8,9,6,8,24,37,21,11,2,4,5,8,4,3,4,5,3,,4,,6,1,9,6,6,3,4,6,7,4,,6,7,5,4,28,12,7,7,9,4,5,4,2,3,2,11,10,4,8,8,4,12,3,,7,12,4,5,7,9,11,9,4,13,19,41,24,6,8,6,5,5,5,5,3,1,11,8,5,1,2,13,3,2,4,1,,14,22,25,9,10,8,3,3,3,7,6,8,11,6,6,,5,4,7,33,37,6,21,8,3,8,6,5,9,8,10,11,11,3,8,6,6,8,5,22,9,7,6,10,4,4,7,6,2,12,8,22,6,9,13,3,6,5,6,,11,9,14,17,78,17,8,8,11,12,10,16,25,,8,10,13,12,14,8,6,6,19,1,5,5,4,9,3,12,13,6,8,7,1,14,10,13
20170820,18,SO2_24h,3,2,3,3,4,3,2,4,2,3,3,2,,,8,,10,3,6,,8,4,12,,16,3,,8,29,7,2,10,8,4,30,25,50,47,51,46,6,4,16,11,12,6,10,12,10,11,16,7,5,4,8,9,22,20,11,9,8,8,13,8,8,8,14,,7,12,17,18,4,6,7,7,10,9,11,13,,16,14,27,13,13,15,17,15,18,19,13,18,14,16,11,7,15,11,,,9,20,11,15,,14,8,8,9,11,6,5,6,5,5,7,7,8,8,,8,5,8,9,3,11,10,6,4,,4,9,11,14,9,6,12,9,6,6,7,7,5,7,8,5,8,8,10,13,9,23,9,9,9,8,7,8,7,14,6,5,9,,8,19,18,19,14,19,7,,,,18,10,,14,26,27,,24,7,10,,3,,4,4,3,8,4,9,19,,,,9,9,,8,7,5,8,11,,5,9,7,15,3,2,10,9,,8,,13,,11,10,6,7,9,8,8,14,5,10,10,4,6,6,7,3,,7,6,7,13,11,12,12,4,8,,,6,,8,5,,6,5,8,5,6,9,,8,6,16,12,11,5,6,6,7,5,2,17,3,18,15,15,24,5,6,,10,7,5,12,3,10,12,39,36,39,30,31,15,4,,33,7,16,22,6,13,17,16,,2,3,4,3,10,5,6,11,7,5,9,8,7,6,4,10,6,9,11,7,7,12,8,5,4,6,6,8,19,11,19,14,18,11,16,4,,12,15,15,,14,16,17,19,14,6,10,12,12,12,13,10,6,13,18,7,12,12,9,5,4,5,6,12,8,11,11,10,10,25,26,9,7,7,7,9,12,8,7,15,18,17,13,12,12,15,12,12,8,16,26,14,19,7,13,10,7,7,11,7,9,3,6,6,3,6,16,,15,12,12,20,9,12,15,16,,15,13,13,10,16,,8,7,16,10,7,,6,11,10,3,6,6,5,4,6,6,12,13,12,10,12,14,18,25,7,14,10,9,9,7,7,2,7,6,9,5,7,8,9,6,5,8,10,6,3,2,7,4,5,,8,7,3,,,,16,9,8,10,9,6,10,,11,22,97,33,20,19,10,48,15,11,11,4,8,14,12,21,22,22,12,26,14,10,6,7,8,5,9,12,6,5,10,7,3,5,13,13,8,33,8,40,16,4,22,12,14,,8,,8,8,9,8,17,,,9,,5,9,6,,,18,12,11,27,19,12,16,8,19,22,8,8,6,7,5,,13,,14,,5,14,19,20,4,8,8,11,10,3,2,2,5,15,12,12,,38,16,30,15,18,14,12,12,10,16,39,10,9,12,10,12,8,,11,20,9,8,7,10,9,9,10,9,9,8,4,6,7,16,17,,18,17,,14,14,13,13,7,10,19,7,,,9,9,9,16,,22,23,27,24,10,4,,2,8,,28,45,33,21,37,14,6,18,31,20,6,12,14,11,,6,5,6,6,6,6,,18,12,10,9,9,26,5,6,14,7,8,3,17,22,24,24,22,9,6,5,9,5,,2,7,5,5,16,11,3,3,9,8,7,4,6,3,16,5,7,8,6,2,9,13,16,13,14,24,19,20,8,20,45,24,6,11,12,,12,20,18,13,8,15,9,11,12,3,5,5,6,16,12,9,4,13,12,9,12,7,12,,10,12,10,8,7,8,7,10,9,28,25,37,12,9,24,9,13,12,12,19,9,6,9,7,7,10,10,6,5,6,7,9,8,7,9,8,16,4,,2,6,5,7,7,6,6,9,5,9,5,25,18,11,11,4,5,10,6,14,,,10,3,4,11,7,8,5,8,14,12,8,10,8,13,,9,18,12,12,12,15,7,11,9,6,9,12,10,10,14,4,5,3,3,4,4,4,2,10,9,6,8,10,6,18,7,,11,12,49,15,4,6,3,11,6,4,5,4,9,13,11,13,4,1,4,2,7,5,5,6,5,4,4,4,9,7,6,3,4,3,2,3,9,5,6,8,11,11,10,14,11,22,,11,14,,7,7,12,13,10,10,8,17,11,7,,16,14,13,9,,9,,14,,,2,2,14,7,8,7,8,6,,8,10,,15,24,20,12,17,9,13,22,11,11,16,14,16,23,,14,15,7,5,,9,15,19,23,17,51,,35,5,7,7,7,9,7,4,,6,7,7,27,,,7,4,13,10,7,6,9,11,10,16,21,10,7,8,11,8,13,7,6,5,11,8,7,13,8,10,15,15,7,8,6,4,7,9,,7,8,7,7,8,2,2,3,5,10,6,8,4,17,2,7,3,4,11,7,6,2,3,14,2,17,13,3,21,11,13,4,9,30,,15,13,10,14,12,13,,10,2,9,,24,14,28,23,32,33,27,18,26,23,11,9,11,24,11,8,9,11,4,6,3,,10,19,19,14,10,7,7,8,13,13,,24,32,18,13,10,12,11,8,14,6,15,10,9,13,5,7,15,6,9,16,9,11,5,6,6,25,10,4,25,8,5,19,10,17,52,4,8,20,22,20,28,26,32,32,25,16,24,14,17,29,36,22,42,31,12,4,15,17,17,4,10,7,7,8,34,30,32,72,24,18,24,,14,6,10,8,,5,5,8,,5,9,7,7,6,9,8,10,3,7,7,4,6,6,8,7,5,,6,23,25,5,11,8,18,9,10,10,6,9,10,8,8,6,10,8,,9,8,,3,5,4,6,8,6,2,3,12,12,9,18,16,14,16,9,17,22,17,66,38,24,18,10,21,19,8,21,14,21,14,6,8,,8,12,4,5,6,6,1,6,4,16,44,21,3,1,5,19,12,11,14,16,12,14,15,12,17,9,3,8,4,11,34,55,12,21,12,12,7,8,5,15,18,9,14,6,35,30,24,10,9,13,11,16,11,10,8,6,3,3,6,4,8,5,8,8,9,6,,8,11,19,6,12,6,15,5,27,6,,4,3,,6,22,6,7,8,9,8,7,,20,9,13,15,13,14,14,7,13,23,9,4,4,4,2,6,6,10,17,5,10,3,,3,6,3,24,37,7,19,9,5,4,12,7,12,15,,23,9,8,9,8,10,4,6,12,12,17,10,2,6,5,9,4,4,5,4,3,,4,,6,1,4,8,6,7,8,7,7,5,,9,11,6,7,20,6,6,7,9,4,6,6,7,4,2,16,13,4,7,8,3,13,4,,8,14,4,5,5,7,12,13,4,10,9,13,9,6,8,6,5,5,5,5,5,1,12,8,6,2,3,12,4,2,4,5,,14,42,40,13,15,9,3,3,3,9,9,9,11,14,6,16,13,8,10,33,15,7,30,12,7,7,6,6,6,9,9,12,11,4,8,6,21,17,41,21,23,13,8,10,4,4,18,12,8,13,12,26,7,9,18,3,6,11,9,6,14,16,12,23,26,13,9,9,7,14,13,14,32,,11,10,16,24,23,10,8,6,25,2,4,6,7,36,5,11,19,7,10,6,2,12,12,17
20170820,18,NO2,19,14,18,12,23,20,24,18,12,23,33,21,,,18,,21,20,13,,19,38,11,,2,18,,22,10,13,17,4,16,5,26,44,38,32,28,34,10,6,24,19,9,30,15,8,7,17,9,13,24,17,17,20,17,21,20,21,33,11,12,12,11,15,22,,16,27,14,17,10,21,20,5,12,16,16,29,,15,32,31,24,25,25,18,23,27,24,20,16,22,19,19,11,28,49,,,25,41,37,51,,26,8,15,15,16,8,8,12,13,9,1,18,22,6,,15,2,5,13,16,11,13,55,4,,21,38,32,25,33,4,28,15,61,55,67,61,59,31,55,40,46,50,16,12,25,22,24,25,5,17,16,8,27,26,13,8,29,,24,31,42,36,28,40,13,,,,49,15,,30,21,27,,15,8,9,,20,,17,6,26,30,13,22,20,,,,15,20,,19,18,18,12,14,,16,14,14,,13,22,4,6,,22,,5,,19,29,23,6,20,17,25,54,25,31,28,19,67,40,45,48,,11,49,55,29,21,15,17,57,38,,,31,,16,20,,35,32,35,22,14,20,,19,25,12,8,17,16,8,12,5,25,16,8,13,19,12,22,31,8,14,,22,28,19,31,7,25,23,49,39,9,24,37,24,5,,26,28,10,16,31,19,16,28,,15,20,26,20,20,21,11,18,11,17,14,22,21,22,12,24,35,5,33,61,35,57,50,35,46,48,31,5,8,2,8,11,10,11,25,13,,10,42,24,,35,51,20,16,43,25,26,12,46,42,49,55,29,21,64,15,27,17,,42,13,12,5,17,38,17,11,12,11,19,23,17,13,9,9,16,17,10,10,28,28,32,17,16,37,30,23,26,22,10,26,18,10,26,12,31,16,16,17,21,16,8,4,7,7,1,9,,16,42,13,7,7,13,13,38,,21,20,26,8,15,,13,14,34,23,30,,28,8,11,26,3,10,7,18,28,19,9,11,11,6,14,13,14,17,10,8,15,6,26,11,36,36,58,29,37,28,34,16,23,28,24,25,25,18,16,5,28,40,,,10,11,13,,,,17,16,24,18,4,18,15,,9,6,5,4,14,3,9,18,12,21,9,3,5,13,5,29,28,22,28,29,8,32,18,16,24,15,16,13,18,17,4,4,7,7,7,11,3,3,12,9,13,23,26,26,11,,20,,16,11,21,15,12,,,9,,17,11,11,,,10,20,18,14,12,15,8,10,1,6,6,29,29,9,13,,6,,4,,8,9,17,15,18,15,19,31,35,19,10,2,2,8,8,6,,19,11,21,11,25,15,19,14,22,8,17,15,8,12,15,15,6,,12,8,7,10,10,17,4,9,7,26,16,15,6,10,12,26,22,,21,20,,7,11,8,15,7,16,12,12,,,10,14,21,29,,38,25,18,28,3,4,,10,23,,1,24,6,4,4,17,26,18,20,21,14,12,12,16,,19,81,68,125,109,77,,37,17,11,20,5,33,1,8,26,12,15,2,12,21,15,16,17,19,18,12,6,28,,5,16,23,10,3,7,19,18,11,16,16,15,11,11,18,9,29,20,59,18,41,26,5,19,8,3,21,19,4,12,29,18,8,29,15,,13,25,,19,10,6,13,11,16,13,7,11,8,18,16,19,14,18,10,21,8,13,29,,13,13,35,12,24,17,14,,6,12,4,4,22,18,4,2,1,1,16,2,7,15,6,5,4,23,9,6,4,8,6,6,10,10,9,13,16,12,,9,6,34,13,6,9,24,19,17,11,8,10,11,13,10,11,9,11,8,16,,,25,8,9,8,5,16,13,20,23,21,19,24,8,10,,9,21,9,22,47,15,35,9,10,20,16,14,21,32,33,5,18,47,31,36,19,49,60,6,26,10,3,5,6,6,10,,12,22,32,29,14,16,1,15,6,9,10,15,8,,7,9,11,5,22,22,16,24,11,6,2,12,7,6,13,9,5,9,7,2,6,4,17,11,8,8,16,52,26,43,41,36,26,36,49,,10,34,26,22,42,12,19,18,20,2,,18,20,8,6,,22,,22,,,16,5,9,6,9,16,12,14,,15,12,,18,13,20,8,15,9,13,11,16,10,19,10,17,33,,19,14,2,9,,12,3,25,26,10,30,,10,12,8,16,22,12,11,11,,10,9,6,29,,,9,2,23,19,14,11,6,4,21,15,23,12,19,27,28,26,13,15,8,11,7,3,11,8,,13,10,29,40,22,7,3,14,10,,19,10,6,17,3,12,46,7,10,10,19,22,4,12,17,20,3,22,25,5,9,13,7,24,5,35,12,10,26,11,12,4,8,19,,11,20,15,17,9,15,,20,1,2,,16,23,15,25,40,51,20,26,32,20,40,35,33,40,31,18,15,10,11,18,13,,24,27,24,21,32,13,20,15,11,3,,23,18,14,20,15,25,17,14,13,22,23,18,2,9,5,26,25,22,15,18,12,15,15,20,16,5,2,3,7,3,2,10,11,14,4,2,7,5,7,14,10,10,12,14,22,11,11,10,12,26,10,8,4,12,2,4,11,6,19,2,10,2,12,19,5,30,7,9,17,6,10,,21,21,8,11,,9,,11,,8,6,8,4,4,14,13,8,9,8,3,8,8,9,5,5,10,,26,8,4,8,3,20,24,22,25,18,14,26,26,6,17,15,19,13,,4,6,,12,3,7,12,2,3,7,9,9,5,15,12,8,7,6,10,2,9,15,10,3,4,18,8,12,16,8,10,6,8,10,5,4,,11,8,4,2,1,5,1,5,10,9,17,6,2,4,2,13,8,8,17,19,8,10,12,11,11,20,19,18,14,4,7,4,16,5,4,5,5,10,9,9,10,5,10,32,26,23,32,6,18,12,9,8,14,20,19,8,30,16,7,12,24,28,32,5,7,7,,19,19,6,13,18,20,9,15,18,16,,10,26,,6,31,40,42,25,6,9,9,,11,2,8,14,9,16,11,17,13,23,13,4,7,7,5,2,13,10,5,8,6,10,,2,14,10,11,12,14,4,10,7,5,4,4,5,8,,3,5,3,10,6,2,12,18,11,9,9,18,13,6,4,19,4,4,9,10,6,,8,,5,9,21,14,26,15,17,32,28,,,11,8,22,13,21,9,3,25,17,8,8,2,5,5,20,10,12,7,26,14,21,20,12,,6,2,6,17,11,26,4,10,,11,2,3,15,8,12,12,16,11,11,17,17,3,6,9,8,16,2,5,14,20,1,2,,3,15,20,8,4,5,13,2,7,14,6,7,9,22,8,,9,3,15,16,25,2,43,12,6,18,44,16,17,14,7,6,4,9,21,3,10,10,11,16,8,13,8,18,2,12,28,17,14,48,16,36,13,18,8,17,11,15,14,21,46,23,,15,,,15,15,21,11,13,3,20,,29,11,15,11,19,30,10,10,19,8,4,5,31,30,8,30,17,5,7,16,9,17,2,10
20170820,18,NO2_24h,33,15,41,27,46,34,45,34,13,35,53,52,,,35,,36,30,40,,35,29,24,,19,34,,56,40,33,44,19,42,11,54,58,45,45,57,58,16,32,24,23,30,41,31,25,24,21,17,24,27,27,18,18,16,20,19,22,29,19,28,25,14,44,44,,37,30,24,29,21,30,25,16,26,24,22,43,,20,30,27,37,41,33,31,32,53,51,63,46,52,57,34,14,26,39,,,34,33,31,37,,38,9,17,12,11,6,7,10,14,13,2,35,34,23,,31,5,7,25,14,27,35,44,21,,49,56,50,50,57,26,33,42,32,35,36,34,37,23,29,34,28,36,29,17,27,26,26,28,14,31,35,22,40,31,30,21,29,,35,24,34,28,19,32,21,,,,36,21,,25,26,29,,29,17,22,,16,,21,11,29,32,18,32,16,,,,16,26,,15,17,16,16,19,,23,14,18,19,17,21,8,9,,19,,11,,16,44,41,6,35,31,35,49,34,25,35,27,16,23,21,25,,9,25,25,34,24,32,24,30,20,,,23,,21,23,,19,12,13,8,8,10,,16,19,25,21,30,17,14,16,25,39,32,25,35,64,29,34,36,28,26,,31,35,25,34,12,28,25,37,24,31,42,36,36,7,,28,42,28,31,34,33,34,37,,13,23,21,21,23,27,12,27,9,21,17,30,26,21,14,23,31,17,44,41,33,47,31,43,35,33,32,18,25,11,29,27,25,31,34,38,,21,46,40,,51,56,31,65,62,39,56,31,41,46,40,37,28,45,45,20,37,35,43,20,14,20,11,29,42,31,22,18,13,43,41,22,13,11,11,17,19,14,15,37,41,44,8,28,33,43,38,36,41,38,32,23,24,41,33,40,27,30,31,33,33,10,8,14,11,7,14,,32,36,42,24,23,47,25,57,,34,43,35,33,41,,23,27,48,34,40,,35,9,16,22,5,15,12,18,23,17,16,18,21,10,22,23,22,28,14,20,21,10,27,12,28,24,48,35,34,37,22,40,18,28,18,36,22,20,16,4,28,28,3,,7,13,14,,,,22,20,56,36,28,49,44,,27,19,28,18,22,13,18,26,19,24,17,3,7,29,7,39,31,36,29,43,27,31,18,15,19,18,29,31,22,23,11,14,13,20,25,30,17,14,22,27,27,37,30,25,21,,17,,19,17,27,16,26,,,15,,16,21,18,,,11,24,27,25,22,15,26,14,3,9,12,24,22,7,14,,16,,16,,20,19,22,26,22,17,22,23,8,8,8,5,7,18,14,19,,25,20,30,20,45,21,23,19,23,14,20,16,11,15,11,16,8,,16,12,13,18,21,20,9,11,11,36,25,33,9,11,12,45,33,,24,23,,14,15,17,18,10,28,29,16,,,15,13,22,32,,25,15,16,21,13,6,,19,10,,9,30,12,4,6,52,32,31,42,40,14,20,13,16,,12,23,26,42,29,13,,28,19,10,18,8,23,8,19,25,21,17,10,29,28,31,35,32,21,17,17,13,18,,5,21,17,20,7,10,21,25,12,23,11,14,14,10,28,13,32,28,33,27,41,22,17,18,17,9,30,22,6,15,27,26,5,27,17,,25,27,19,22,20,19,27,23,34,15,8,15,10,25,29,35,16,11,7,16,15,13,25,,13,21,26,23,25,18,21,21,13,13,15,13,24,8,17,9,5,11,17,5,16,27,14,4,5,23,18,19,9,11,12,14,21,19,18,26,23,27,,11,12,26,16,19,12,25,22,21,17,17,39,19,28,19,14,18,19,19,19,,,28,17,15,13,14,13,18,25,21,32,15,30,17,23,,17,24,20,22,23,10,24,4,9,25,21,27,32,39,39,12,18,25,27,23,28,28,32,17,12,11,5,12,12,12,21,,10,21,27,24,10,18,3,16,12,28,24,22,12,,17,21,13,5,17,18,14,22,16,8,3,9,11,12,20,12,12,16,7,5,6,3,13,11,21,24,28,38,20,30,19,26,32,29,27,,12,28,32,22,36,17,22,9,16,3,,12,13,21,17,,22,,22,,,13,6,19,11,9,16,11,15,,17,13,,25,28,33,20,30,22,24,18,22,23,21,21,30,14,,21,14,2,13,,13,4,31,26,16,43,,33,10,6,8,17,18,12,18,,12,8,10,27,,,18,12,16,10,11,9,4,17,27,16,29,27,9,17,22,15,14,12,15,22,14,7,21,20,22,19,21,27,23,19,10,9,14,12,,19,26,11,14,7,13,30,8,9,16,26,21,7,27,11,14,2,9,6,2,18,24,22,38,6,23,17,12,15,9,14,11,19,19,,28,22,18,28,21,24,,16,7,8,,14,23,21,21,53,56,31,40,32,26,26,21,22,22,31,23,14,16,16,16,13,,20,34,40,24,16,22,16,16,12,5,,35,27,17,22,16,27,20,23,17,15,25,27,15,12,5,18,17,13,24,30,28,28,15,15,17,3,14,8,19,9,3,24,18,23,14,9,27,11,16,29,7,18,18,22,20,22,23,12,19,28,18,16,16,19,13,12,14,16,23,10,10,3,14,15,14,33,20,20,27,18,24,,32,33,24,12,,11,9,14,,11,9,9,6,5,14,16,12,13,12,19,12,13,15,9,9,8,,29,30,30,29,6,21,17,18,16,11,12,21,24,17,28,15,17,12,,9,13,,17,3,11,16,8,4,9,12,17,6,15,22,17,15,19,13,7,21,20,18,13,15,24,15,20,22,21,24,24,22,28,6,4,,13,9,5,8,6,10,3,6,11,18,25,10,6,20,19,30,23,24,29,22,12,15,18,15,22,23,24,28,24,12,13,15,18,13,13,17,13,25,24,14,13,11,12,25,42,31,32,15,21,17,22,15,16,19,20,19,23,18,10,22,31,35,37,12,17,20,,18,32,25,29,19,32,15,27,28,16,,12,19,,9,36,22,20,19,6,8,8,,19,6,12,14,10,18,14,15,13,28,12,4,7,6,4,13,16,15,13,14,16,7,,6,11,8,11,21,19,12,14,9,6,10,12,7,10,,10,9,6,12,13,10,12,16,10,6,10,16,15,7,12,31,4,5,5,5,13,,8,,4,10,15,17,19,17,24,23,25,20,,14,12,19,18,11,5,3,18,14,12,12,10,10,13,16,22,23,7,16,9,10,15,19,,7,7,6,26,12,30,12,11,5,10,3,5,11,9,10,10,14,12,11,46,41,13,25,7,35,38,6,17,18,19,1,22,,29,17,22,42,27,32,13,3,6,29,30,30,20,37,12,47,44,23,26,26,17,4,56,20,24,20,20,19,19,20,11,22,14,14,28,3,19,17,25,12,16,15,15,20,3,20,30,37,33,28,20,30,19,19,18,18,10,17,15,26,22,23,11,30,12,24,23,18,20,30,29,21,27,,44,13,28,27,25,31,19,11,21,19,7,9,22,45,16,23,31,7,9,18,15,13,10,23
20170820,18,O3,147,173,164,155,160,168,164,175,194,208,163,156,,,168,,154,136,185,,119,58,82,,95,175,,186,190,178,159,140,125,149,111,77,103,94,107,108,103,116,94,99,91,142,136,139,147,210,191,193,208,216,184,142,160,154,134,169,82,121,115,133,38,161,191,,180,139,145,149,129,155,160,160,159,166,148,183,,143,145,162,187,162,171,174,138,111,116,118,126,125,132,109,114,116,76,,,123,92,122,108,,127,68,89,73,71,76,100,73,93,89,95,85,78,87,,84,61,109,99,68,56,106,65,99,,87,90,85,104,78,108,115,94,42,41,35,55,39,78,38,44,48,44,75,110,108,102,74,62,110,97,104,136,105,100,124,113,130,,127,70,102,94,78,117,109,,,,115,137,,165,143,150,,81,104,103,,97,,112,112,108,115,112,112,98,,,,87,102,,79,98,81,71,73,,92,100,115,96,92,101,83,86,,52,,141,,125,92,60,96,92,59,74,53,80,70,96,46,13,36,27,20,,58,23,10,53,55,58,60,55,61,,,64,,129,129,,51,56,51,32,70,45,,136,129,127,94,100,96,92,84,122,116,124,150,126,144,137,131,135,133,155,,136,131,150,114,83,104,111,56,68,58,82,66,81,62,,70,108,133,154,101,117,144,149,,100,119,92,119,117,116,116,94,109,149,156,130,144,140,147,144,131,150,64,40,62,57,34,88,54,73,39,112,111,132,116,116,122,122,111,129,,100,193,215,,249,247,201,186,205,258,194,162,133,155,99,121,125,217,148,109,123,130,,37,67,89,50,182,133,164,166,138,109,163,171,116,125,123,117,121,115,123,115,249,263,243,249,247,285,269,302,227,186,140,131,148,126,71,127,102,91,82,102,61,89,11,39,64,43,34,181,,172,97,176,124,128,104,155,89,,124,135,132,148,143,,112,162,179,163,119,,113,123,62,46,63,60,54,51,44,45,56,67,56,46,67,60,60,58,88,63,86,85,68,89,60,45,57,53,47,40,64,60,109,123,77,60,93,110,81,120,64,75,63,,61,98,101,,,,112,116,96,91,103,96,127,,100,102,107,112,98,118,85,103,93,99,93,52,94,99,108,88,85,90,87,106,113,99,110,97,89,94,150,160,164,128,57,56,52,54,116,121,102,106,99,103,105,73,66,74,124,,164,,140,157,160,135,153,,,139,,128,107,99,,,111,144,127,101,118,98,141,100,134,118,88,74,71,96,83,,129,,127,,118,166,167,164,160,144,152,99,98,114,78,79,81,83,98,82,,155,149,150,169,158,77,65,66,65,86,94,98,92,67,66,105,79,,72,87,101,142,143,117,114,131,116,164,188,169,72,72,69,102,101,,146,125,,122,120,137,133,91,108,99,49,,,142,144,137,119,,97,125,129,106,162,159,,169,176,,233,193,237,229,184,156,177,171,178,164,142,96,94,99,,58,24,60,12,9,24,,78,68,74,74,58,81,72,76,39,73,61,64,120,96,,118,116,72,63,77,69,49,,74,80,79,87,88,87,32,41,42,43,40,110,110,106,89,96,70,110,61,126,66,70,112,98,113,81,90,75,75,75,88,75,117,167,192,,204,196,196,185,128,144,138,133,138,129,135,122,129,192,173,197,187,167,155,164,168,142,107,,136,103,82,111,104,107,94,107,102,103,96,106,117,104,103,91,118,96,74,72,56,71,110,65,80,80,87,85,45,70,52,52,98,90,77,81,72,84,,28,81,51,74,71,122,143,166,167,168,146,87,79,73,70,169,160,152,170,122,,,110,107,96,108,103,165,148,152,157,194,190,102,105,103,,98,57,69,90,31,61,39,76,77,81,44,86,75,80,82,84,34,20,28,28,50,25,13,153,150,166,137,112,97,130,143,,125,116,134,135,99,80,57,119,110,87,91,104,97,99,138,131,118,107,139,166,104,99,104,89,124,98,118,35,84,94,107,98,85,85,80,86,74,91,102,136,118,99,84,,92,97,120,99,63,,97,88,136,86,95,113,102,71,80,112,,100,109,49,89,,69,,158,,,65,60,124,127,131,132,123,113,,134,126,,132,144,184,184,183,188,185,,154,141,120,139,127,147,,173,178,159,162,,150,158,148,130,140,109,,91,132,129,144,105,126,137,103,,98,115,130,156,,,93,91,91,94,132,126,114,148,110,109,120,137,99,85,80,71,166,101,131,144,114,121,108,109,,91,99,90,83,61,61,54,54,101,,87,101,53,44,,41,22,42,62,91,108,77,90,64,48,57,17,38,42,37,84,86,93,71,86,49,78,65,90,99,100,103,82,93,,112,103,106,118,131,126,,154,150,161,,143,120,142,125,88,70,77,68,79,56,57,44,53,54,83,44,66,122,116,108,119,,117,160,161,151,81,95,80,92,146,141,,74,69,122,88,94,100,114,116,114,102,106,115,99,95,120,84,109,90,77,92,89,91,115,124,122,129,107,121,139,115,69,97,95,99,103,84,105,108,112,101,83,97,87,100,87,117,110,137,121,112,72,59,70,85,113,96,115,92,78,88,84,118,82,67,80,67,81,93,152,148,144,,145,137,160,126,,129,132,155,,149,148,113,118,128,158,168,163,165,165,136,142,136,137,127,125,121,,106,128,135,120,119,136,117,98,97,104,116,108,103,118,112,78,84,74,,83,74,,98,101,115,121,133,92,104,93,94,91,71,65,70,70,68,68,80,73,69,74,80,94,84,100,93,81,112,113,132,128,153,68,72,,62,69,76,87,77,72,96,54,61,81,68,86,83,64,63,77,92,87,73,55,80,68,97,71,71,99,108,95,99,69,69,62,82,80,62,74,60,57,60,89,85,83,75,24,52,71,55,189,201,253,226,115,123,100,144,143,115,138,120,114,183,201,195,143,131,141,,124,119,104,110,117,117,82,140,88,127,,117,91,,96,83,62,68,67,40,102,25,,117,71,76,68,73,69,95,77,106,82,71,77,75,73,76,50,51,123,130,32,39,52,,59,68,74,73,70,49,74,56,28,29,42,51,52,56,,45,46,49,47,45,54,62,66,74,80,79,69,50,36,,45,60,56,54,48,72,,110,,36,36,72,85,81,89,82,85,85,81,,78,93,67,65,95,96,113,56,89,105,107,126,122,91,72,122,124,73,56,56,94,83,79,,131,92,79,95,117,63,71,90,62,124,106,103,113,121,113,111,85,83,87,147,180,137,142,126,109,102,111,98,117,100,176,132,,184,82,82,114,115,110,81,72,74,105,111,88,105,109,165,,95,98,178,178,174,176,83,94,103,104,20,110,83,159,118,113,126,141,150,66,49,47,141,57,111,120,151,94,118,104,88,174,170,80,151,115,102,116,102,148,135,137,78,77,61,94,85,131,175,95,106,102,104,150,148,143,223,,161,120,192,167,134,124,141,93,162,90,101,46,124,77,111,96,155,99,101,179,106,183,81,152
20170820,18,O3_24h,170,197,175,177,171,184,189,196,194,208,170,169,,,205,,168,155,220,,149,136,136,,150,183,,200,199,182,172,167,136,154,154,136,159,124,128,143,137,116,136,135,127,154,146,145,155,221,191,193,223,226,184,181,205,199,180,210,135,146,147,150,134,179,191,,188,155,159,160,142,168,164,166,177,182,160,215,,179,162,182,220,184,216,187,196,171,184,178,207,204,185,154,152,174,162,,,152,176,160,173,,178,96,118,108,130,135,158,121,117,117,122,103,100,94,,98,103,109,107,79,60,129,118,102,,110,128,107,130,99,114,163,110,162,130,154,176,139,178,139,113,146,126,88,115,131,112,92,80,113,105,119,136,105,101,124,113,132,,129,92,119,120,124,120,127,,,,189,179,,179,179,171,,81,104,103,,130,,153,126,128,149,139,112,122,,,,106,111,,100,129,123,100,80,,102,104,120,108,105,111,83,96,,60,,158,,147,166,78,99,195,76,183,149,172,153,155,87,121,132,134,156,,129,135,119,231,205,157,197,187,167,,,169,,190,180,,153,148,131,112,106,96,,142,139,146,110,128,156,138,84,122,126,125,150,126,158,138,131,162,133,212,,194,232,229,202,236,123,111,110,126,92,134,117,137,114,,138,127,148,171,114,136,165,175,,133,122,114,141,142,131,129,110,112,164,176,149,174,156,163,164,153,178,164,160,150,180,141,180,154,187,148,146,116,132,116,120,122,122,112,129,,116,238,237,,267,279,223,267,234,258,244,256,181,157,132,138,146,217,185,128,136,130,196,78,99,139,93,263,253,262,188,211,156,194,208,134,133,150,166,130,124,123,118,274,277,255,270,248,320,295,310,255,231,168,161,162,168,73,141,123,102,99,126,70,101,27,79,110,55,62,280,,224,145,204,188,152,123,186,186,,160,165,229,196,173,,120,179,181,179,155,,121,128,78,63,64,75,60,64,64,66,66,69,59,53,72,62,64,61,88,63,89,85,68,89,145,131,141,130,128,113,124,113,123,124,104,132,134,110,81,227,79,91,74,,74,113,128,,,,118,126,118,115,119,111,153,,114,102,107,112,101,118,106,115,114,122,124,52,119,118,119,168,187,174,189,177,169,169,174,166,169,152,162,185,164,128,79,70,64,68,148,158,138,123,128,124,119,215,208,163,232,,182,,144,161,164,143,159,,,139,,135,108,110,,,136,186,189,124,161,108,153,102,134,119,116,100,106,119,113,,130,,129,,118,177,175,170,160,161,161,106,131,124,119,101,98,97,99,89,,254,193,237,241,247,139,131,89,130,129,115,111,103,86,88,153,83,,162,179,113,144,152,126,114,131,116,209,244,218,89,88,85,170,179,,211,196,,129,125,143,135,150,142,133,50,,,160,164,148,159,,138,163,166,141,164,168,,178,183,,233,205,242,229,217,164,197,180,178,194,161,96,103,99,,108,103,144,112,120,102,,127,122,103,102,84,128,72,95,63,82,90,73,135,127,128,129,126,93,81,90,83,83,,82,91,104,101,98,103,98,91,98,91,91,122,121,122,94,99,98,135,109,154,66,117,112,119,113,229,156,152,138,131,162,154,136,176,192,,204,201,196,188,141,164,157,154,163,142,142,129,132,200,173,202,187,176,162,168,180,145,123,,147,112,112,121,120,126,94,110,104,103,96,114,118,127,103,91,118,96,79,92,94,110,110,72,82,86,87,85,45,70,52,53,106,94,87,89,88,88,,43,104,89,109,100,133,182,186,183,190,161,99,101,82,74,196,162,167,179,148,,,156,107,98,108,104,178,174,187,185,214,190,108,106,103,,98,72,81,120,134,118,121,102,91,117,82,142,129,119,134,88,85,78,75,79,60,85,77,153,159,166,158,122,97,133,147,,139,141,151,151,132,108,71,122,119,100,106,128,114,109,180,174,126,114,144,166,120,111,148,103,127,103,143,42,93,104,119,107,113,103,106,116,95,102,106,154,147,150,127,,123,118,133,151,128,,122,118,136,91,106,203,194,81,80,112,,111,120,57,94,,78,,160,,,86,75,124,127,131,137,130,113,,134,126,,177,154,185,188,183,192,188,199,180,176,148,168,143,209,,203,212,159,162,,157,158,167,160,173,185,,136,136,144,146,140,163,163,104,,133,134,157,182,,,93,91,122,122,143,135,132,148,113,116,134,137,104,105,100,112,194,138,157,186,116,121,111,110,128,117,117,109,122,75,77,67,70,108,,87,120,59,56,60,70,76,65,103,91,121,118,115,78,63,69,74,85,103,76,100,103,98,87,98,89,108,110,101,109,106,110,86,95,,122,115,130,135,143,148,,155,150,161,,145,144,184,156,88,70,77,68,93,91,136,80,83,87,131,69,89,123,118,112,139,,132,162,161,166,106,100,98,104,147,145,,83,82,122,88,119,205,210,180,193,219,134,156,158,155,133,149,135,143,150,163,137,131,149,156,159,181,144,148,153,146,81,101,95,103,105,108,112,129,128,116,111,122,120,143,135,171,180,205,185,211,158,173,192,202,117,101,119,93,83,104,106,139,104,107,102,81,101,113,173,177,174,,181,170,197,126,,129,132,156,,149,151,117,123,129,177,182,175,185,182,139,149,147,144,129,125,121,,125,137,156,154,140,136,130,104,108,110,116,108,161,159,133,82,87,77,,88,79,,150,132,153,166,163,100,111,108,126,125,77,78,82,84,76,79,101,87,91,84,87,123,124,136,116,118,115,139,161,170,194,73,80,,68,73,86,89,81,76,99,62,68,83,71,102,92,76,72,105,113,109,108,63,105,69,100,91,75,116,120,114,117,77,88,83,111,104,125,129,64,79,79,89,88,93,83,86,99,88,80,196,205,253,226,180,191,158,207,149,133,138,120,168,183,201,195,152,142,151,,139,126,106,110,118,117,114,145,120,135,,121,110,,143,142,132,146,94,56,102,60,,117,92,93,87,86,79,95,81,106,85,77,79,79,78,80,80,79,125,133,38,51,57,,61,81,86,104,90,55,74,57,32,45,60,77,52,57,,47,46,56,64,157,54,62,88,103,101,79,74,64,51,63,52,72,65,66,64,76,,123,,67,68,117,132,119,128,160,175,163,174,,82,98,70,75,108,96,113,77,104,108,113,126,122,91,85,132,134,92,104,90,111,100,88,,134,96,84,117,120,66,73,100,66,124,120,115,115,121,113,111,110,101,98,150,181,137,148,169,126,119,113,113,128,117,180,162,,229,98,92,124,132,121,86,89,90,128,135,109,105,161,166,261,147,151,203,193,223,176,140,124,103,136,140,164,152,159,126,113,130,146,179,66,51,47,142,130,148,163,157,165,123,116,101,271,196,188,176,157,119,127,107,162,140,158,79,86,104,124,95,171,195,129,117,110,106,189,190,158,223,,203,127,192,168,177,169,174,105,177,91,102,47,135,111,156,170,195,118,130,201,110,205,89,160
20170820,18,O3_8h,122,153,123,123,120,133,140,147,149,157,117,124,,,166,,150,137,179,,130,101,114,,124,152,,187,173,166,158,142,120,122,121,107,120,107,109,117,103,106,106,100,96,144,134,136,147,184,172,172,195,192,170,160,180,177,156,187,115,128,128,127,101,151,158,,160,140,141,147,125,150,150,156,166,172,149,172,,161,143,166,177,160,159,164,124,102,116,110,124,119,122,106,133,146,123,,,132,133,133,139,,146,84,104,85,88,94,122,87,100,93,88,97,90,87,,94,87,93,102,71,58,116,103,101,,97,109,93,115,89,109,134,103,81,68,78,78,74,79,72,70,72,69,75,101,110,96,73,66,104,90,96,108,78,79,96,87,106,,105,80,100,97,85,97,109,,,,141,143,,156,142,140,,66,82,83,,90,,106,103,106,110,103,88,104,,,,91,91,,78,103,87,72,64,,80,90,101,90,90,92,72,84,,54,,134,,124,62,55,79,78,51,56,51,68,69,71,50,81,91,87,98,,98,88,73,138,131,97,127,93,92,,,54,,110,101,,115,113,104,80,90,79,,106,102,100,85,88,123,114,80,97,105,105,126,101,133,124,114,134,104,170,,169,169,189,155,167,109,96,93,104,77,107,98,107,81,,110,116,142,160,105,128,153,161,,102,117,102,129,125,120,117,98,102,151,162,136,156,136,151,149,139,160,106,96,95,110,92,125,94,130,86,123,111,115,109,108,106,105,104,115,,108,175,184,,209,225,185,172,180,217,189,206,110,111,91,105,100,162,130,94,104,80,,63,82,105,64,160,139,153,134,109,98,152,158,119,118,130,122,107,97,88,97,214,222,203,207,193,261,242,243,212,193,143,132,143,141,60,112,95,84,83,102,60,87,15,50,76,43,48,153,,171,123,185,121,138,99,150,108,,139,145,151,144,132,,95,115,119,106,102,,87,100,65,55,60,65,52,54,52,53,57,57,48,37,56,49,50,48,69,44,72,70,54,75,111,98,113,89,99,75,102,73,114,102,89,93,113,90,70,119,55,76,56,,56,77,87,,,,98,110,78,81,88,81,114,,90,97,87,96,95,100,88,102,97,103,99,47,105,107,107,87,87,74,95,94,91,106,107,100,103,99,142,162,146,117,62,62,54,61,131,134,116,100,110,105,109,154,154,125,176,,166,,127,144,144,122,148,,,127,,122,104,103,,,120,166,161,112,146,91,133,95,108,106,105,90,92,111,98,,126,,124,,108,158,154,150,141,150,142,99,110,104,97,90,90,90,94,84,,206,174,196,199,200,114,96,75,101,109,108,95,86,70,74,109,70,,114,130,92,139,134,116,89,100,86,185,210,193,74,71,71,132,144,,171,165,,114,111,134,124,111,122,112,38,,,124,128,118,138,,114,142,143,122,158,161,,170,172,,195,170,207,220,170,154,177,167,163,170,147,88,96,93,,86,65,106,71,82,75,,109,101,89,89,74,111,70,85,54,75,79,68,126,112,117,117,116,83,74,84,77,74,,76,84,94,94,92,94,76,71,78,74,78,110,111,114,86,92,76,106,83,117,66,96,88,103,84,140,121,103,106,98,112,107,112,153,167,,174,176,173,167,134,153,145,142,146,133,135,124,124,171,150,181,160,166,154,160,170,138,109,,136,86,80,101,94,103,63,76,76,94,89,98,110,116,91,78,112,91,77,86,70,88,97,62,74,75,73,69,42,61,45,48,99,89,83,82,81,84,,35,59,46,62,52,117,153,164,163,159,144,85,74,66,66,172,150,152,165,124,,,137,74,76,80,80,164,153,168,160,193,157,90,86,82,,82,52,62,105,102,101,91,90,81,100,64,112,102,95,110,80,54,36,41,49,44,46,38,129,129,140,134,109,87,121,128,,112,102,104,96,113,90,53,109,98,91,96,111,104,103,158,152,112,101,123,134,110,99,100,91,119,94,135,39,87,98,102,91,91,81,90,98,83,93,81,102,96,106,93,,102,98,102,113,92,,103,101,106,72,82,98,88,68,67,98,,93,99,43,78,,50,,121,,,73,63,104,104,103,111,104,94,,110,105,,151,125,158,163,155,160,167,164,163,147,133,148,127,164,,169,175,153,154,,152,145,146,138,151,145,,114,116,113,119,119,140,144,93,,106,104,119,156,,,90,88,106,104,130,122,110,130,108,111,120,129,97,88,91,97,155,111,125,155,112,114,108,106,119,109,103,98,110,65,68,60,64,94,,87,112,51,47,53,51,52,51,81,80,98,90,92,72,58,65,42,70,79,62,95,94,94,77,93,71,89,91,90,98,97,99,77,86,,110,104,107,119,130,125,,130,124,137,,126,118,154,133,66,54,72,44,79,75,82,59,64,74,97,51,78,114,104,105,125,,120,133,120,137,92,94,89,97,132,125,,75,72,87,72,85,156,165,147,151,158,119,136,128,130,120,130,121,125,109,122,109,113,111,116,129,134,120,121,134,120,68,92,87,94,91,91,103,117,114,102,98,101,91,110,104,142,132,157,139,145,105,111,119,135,104,87,107,84,71,96,87,115,86,88,70,58,74,82,156,162,158,,157,151,173,115,,116,120,145,,140,136,106,112,117,163,170,165,168,171,120,129,126,125,109,107,102,,106,121,122,126,113,112,107,92,98,91,101,94,125,122,108,67,71,61,,81,73,,118,119,132,135,141,88,100,95,104,102,71,71,76,74,72,73,85,78,79,75,80,95,107,116,103,103,110,125,146,146,170,69,74,,62,71,83,88,79,74,95,59,61,76,63,91,77,64,56,92,101,96,93,55,82,62,87,76,61,103,104,98,103,71,73,68,97,91,90,103,58,67,69,84,81,78,68,20,31,55,46,178,188,218,192,150,159,130,176,124,106,114,101,111,128,136,130,134,121,134,,119,122,100,100,104,112,76,113,85,109,,108,97,,118,116,102,115,82,43,59,41,,108,82,83,79,79,70,75,64,89,76,59,64,64,63,66,60,63,105,109,34,44,52,,57,67,70,88,81,49,66,51,26,32,45,55,47,50,,44,44,51,56,67,48,54,76,78,75,68,60,55,40,49,45,63,56,57,53,69,,110,,40,40,103,111,105,111,92,101,97,100,,76,88,64,68,99,91,94,65,88,98,100,110,110,81,74,108,112,74,64,61,101,83,73,,125,86,80,82,98,59,71,93,60,106,91,83,90,105,94,96,87,80,84,135,165,121,126,133,94,90,96,92,106,92,176,105,,150,85,84,98,98,102,75,70,69,90,96,79,95,127,160,196,125,131,175,169,176,163,108,111,77,102,89,87,65,135,120,107,124,132,123,61,39,38,112,64,134,139,144,78,111,105,94,168,175,105,158,130,91,97,97,136,101,136,71,78,83,102,85,131,158,111,101,96,85,161,155,136,191,,172,116,167,145,148,130,150,92,153,86,96,43,127,94,118,142,173,111,112,173,96,182,76,153
20170820,18,O3_8h_24h,122,153,123,123,120,133,140,147,149,157,117,124,,,166,,150,137,179,,130,106,115,,124,152,,187,173,166,158,142,120,122,121,107,120,107,109,117,103,106,107,100,96,144,134,136,147,184,172,172,195,192,170,160,180,177,156,187,115,128,128,127,101,151,158,,160,140,141,147,125,150,150,156,166,174,149,172,,179,143,166,177,160,159,164,124,102,116,110,124,119,122,106,133,146,123,,,132,133,133,139,,146,89,108,89,92,105,127,93,100,99,107,97,90,87,,94,90,93,102,72,58,116,105,101,,97,109,93,115,89,109,134,103,88,85,87,94,83,79,79,82,90,81,75,101,110,96,73,66,104,90,96,108,78,79,96,87,106,,105,80,100,97,85,97,109,,,,141,143,,156,142,140,,66,82,83,,90,,106,103,106,110,103,88,104,,,,91,91,,78,103,87,72,64,,80,90,101,90,90,92,72,84,,54,,134,,124,62,55,79,78,51,56,51,68,69,71,54,95,101,102,112,,104,104,84,141,134,97,128,96,95,,,71,,110,101,,122,122,112,83,90,80,,106,102,100,85,88,123,114,80,97,105,105,126,101,133,124,114,134,104,170,,169,169,189,155,167,109,96,94,105,77,107,98,107,81,,112,116,144,160,105,128,153,161,,107,117,102,129,125,120,117,98,102,151,162,136,156,136,151,149,139,160,114,98,95,110,92,125,94,130,86,123,111,115,109,108,106,105,104,115,,108,175,184,,209,225,185,172,180,217,189,206,110,111,91,105,100,162,130,94,104,80,14,63,82,105,64,160,139,153,134,109,98,152,158,119,118,130,122,107,97,88,97,214,222,203,207,193,261,242,243,212,193,143,132,143,141,60,112,95,84,83,102,60,87,16,50,76,43,48,153,,171,123,185,121,138,99,150,108,,139,145,151,144,132,,95,115,119,106,102,,87,115,65,55,60,65,52,54,52,53,57,57,48,37,56,49,50,48,69,44,72,70,54,75,114,100,114,90,102,76,104,73,114,102,89,93,113,90,70,120,62,77,56,,58,77,87,,,,98,110,78,81,88,81,114,,90,97,87,96,95,100,88,102,97,103,99,47,105,107,107,89,91,80,100,94,91,107,114,104,118,100,142,162,146,117,62,62,54,61,133,134,116,100,111,106,109,154,154,137,176,,166,,127,144,144,122,148,,,127,,122,104,103,,,120,166,161,114,146,91,133,95,108,106,106,91,94,114,98,,126,,124,,108,158,154,150,141,150,142,99,110,104,99,96,93,90,94,84,,207,174,196,199,200,114,97,75,101,109,108,95,86,70,74,109,70,,114,130,92,139,134,116,89,100,86,185,210,193,74,71,71,132,144,,171,165,,114,111,134,124,111,122,112,38,,,124,128,118,138,,114,148,143,122,158,161,,170,172,,195,170,207,220,170,154,177,167,163,170,147,88,96,93,,94,79,110,86,96,90,,111,104,89,90,75,113,70,85,54,75,80,68,126,112,117,117,116,83,74,84,77,75,,76,84,96,94,92,94,79,71,80,74,80,110,111,114,86,92,76,106,83,117,66,96,88,103,88,140,121,103,106,98,112,107,112,153,167,,174,176,173,167,134,153,145,142,146,133,135,124,124,171,150,181,160,166,154,160,170,138,109,,136,86,80,101,94,103,63,76,76,94,89,98,110,116,91,78,112,91,77,86,70,88,97,62,74,75,73,69,42,61,45,48,99,89,83,82,81,84,,35,59,69,80,61,117,153,164,163,159,144,85,74,66,66,172,150,152,165,124,,,137,74,76,80,80,164,153,168,160,193,157,90,86,82,,82,52,62,105,113,104,100,95,84,100,64,112,102,95,110,80,79,64,70,69,46,78,66,129,129,140,134,109,87,121,128,,112,106,104,111,118,90,55,109,101,91,96,111,104,103,158,152,112,101,123,134,110,99,146,91,119,94,135,39,87,98,102,91,97,84,90,100,85,93,81,102,96,106,93,,102,98,102,135,92,,103,101,106,72,82,98,88,68,67,98,,93,99,43,78,,50,,121,,,73,63,104,104,103,111,104,94,,110,105,,151,125,158,163,155,160,167,164,163,147,133,148,127,164,,169,175,153,154,,152,145,146,138,151,145,,114,116,113,119,119,140,144,93,,106,104,119,156,,,90,88,110,112,130,122,112,130,108,111,120,129,97,88,91,100,155,111,125,155,112,114,108,106,119,110,103,98,111,65,68,60,64,94,,87,112,51,47,53,53,56,54,85,80,98,90,92,74,60,66,52,70,79,63,97,96,94,78,93,72,90,94,90,98,97,99,77,86,,110,104,107,119,130,125,,130,124,137,,126,118,154,133,66,54,72,44,86,75,82,59,64,74,97,51,86,114,104,105,125,,120,133,120,137,92,94,89,97,132,125,,75,72,87,72,101,156,165,147,151,158,119,136,128,130,121,132,121,125,109,122,109,113,111,116,129,134,120,121,134,120,68,92,87,94,91,91,103,117,114,102,98,101,91,110,104,145,139,165,146,154,110,122,132,144,104,87,107,84,71,96,87,115,86,89,70,58,74,82,156,162,158,,157,151,173,115,,116,120,145,,140,136,106,112,117,163,170,165,168,171,120,129,126,125,109,107,102,,106,121,122,126,113,112,107,92,98,91,101,94,125,122,108,67,71,61,,81,73,,118,119,132,135,141,88,100,95,104,102,71,71,76,75,72,73,85,78,79,75,80,95,107,116,103,103,110,126,146,147,170,69,74,,62,71,84,88,79,74,95,59,61,76,63,91,77,64,56,92,101,96,93,55,83,62,87,76,61,103,104,98,103,71,73,68,97,91,90,103,58,67,69,84,81,78,68,38,31,55,46,178,188,218,192,150,159,130,176,124,106,114,101,111,128,136,130,134,121,134,,119,122,100,100,104,112,76,113,85,109,,108,97,,118,116,102,116,82,43,59,41,,108,82,83,82,79,70,75,64,89,76,59,64,64,63,66,60,63,105,109,34,44,52,,57,67,70,88,81,49,66,51,26,32,45,55,47,50,,44,44,51,56,70,48,54,76,78,75,68,60,56,40,49,45,64,57,58,55,69,,110,,48,42,103,111,105,111,92,101,97,100,,76,88,64,68,99,91,94,70,95,98,100,110,110,81,74,108,112,87,94,85,106,94,73,,125,86,80,82,98,59,71,93,60,106,96,83,90,105,94,96,88,80,89,135,165,121,126,133,94,90,96,92,108,92,178,105,,150,86,84,98,98,102,75,70,69,90,96,79,95,127,160,196,125,131,175,169,176,163,108,111,77,102,103,87,70,135,120,107,124,132,123,61,39,38,112,64,134,139,144,78,111,105,94,168,175,106,158,130,94,100,97,136,101,136,71,78,83,102,85,131,158,111,101,96,85,161,155,136,191,,172,116,167,145,148,130,150,92,153,86,96,43,127,94,118,142,173,111,112,173,96,182,77,153
20170820,18,CO,1.2,1,1.1,0.9,1.3,0.9,0.8,1.5,1.1,1.2,1.1,0.9,,,1,,1,0.6,1,,1.5,0.5,0.7,,0.3,1.3,,0.5,0.5,0.4,1.2,0.3,0.3,0.6,0.7,1.1,,0.6,1,0.8,0.4,0.4,0.7,0.4,0.3,0.5,0.4,0.4,0.5,0.6,0.7,0.8,0.6,0.5,0.8,0.6,0.6,0.6,0.7,0.7,0.6,0.6,0.6,0.8,0.7,1.1,0.8,,1,0.9,0.3,0.3,0.7,0.5,0.7,0.3,0.9,0.6,0.8,0.9,,1.2,0.9,0.8,1.1,1.1,1.4,0.9,0.9,1.1,0.9,1.1,1.1,1.2,1.4,1.2,0.6,1.1,0.8,,,0.9,0.7,1,0.8,,0.8,0.6,0.7,0.8,0.9,0.6,0.8,0.8,0.8,0.6,0.8,0.9,0.9,1,,0.9,0.6,0.8,0.8,0.7,0.7,0.5,1.1,0.6,,0.2,0.7,0.6,1,1,0.4,0.4,0.6,0.6,0.9,0.6,0.8,1,0.7,0.9,0.6,0.7,0.6,0.4,0.4,1.5,1,0.9,1.2,1.1,1.3,0.7,0.3,0.7,0.5,0.4,0.9,0.5,,0.6,0.7,0.8,0.7,0.6,0.8,0.4,,,,0.8,0.8,,1.5,1.7,1.6,,0.8,0.2,0.2,,0.5,,0.7,0.7,0.8,0.7,0.9,1.1,0.6,,,,0.6,0.5,,0.9,1,0.7,0.4,0.8,,0.6,0.9,0.6,0.6,0.5,0.8,0.8,0.5,,0.8,,0.8,,0.5,0.6,0.7,0.6,0.6,0.6,0.8,0.7,0.6,0.5,0.7,1.1,1.2,0.8,0.7,1,,0.5,0.5,0.6,0.5,0.2,0.4,0.5,1.2,0.9,,,0.6,,0.8,0.8,,0.4,0.5,0.5,0.7,0.6,0.4,,0.7,0.6,0.5,0.5,0.6,0.7,0.6,0.7,0.6,0.6,0.8,1.1,0.8,0.6,1,0.8,0.6,0.9,0.1,,0.6,0.6,0.5,0.2,0.2,0.5,0.6,1.5,1,0.5,1.1,1,0.8,0.5,,1.6,0.5,0.6,0.3,0.3,0.5,0.3,0.4,,0.3,0.2,0.5,0.4,0.6,0.5,0.5,0.2,0.6,0.7,0.8,0.9,1.1,0.8,1.1,1.2,0.7,1.1,1.3,0.9,0.7,0.8,0.8,0.6,0.8,1.2,0.8,0.9,0.5,0.5,0.4,0.4,0.5,0.5,0.4,0.3,,0.6,0.5,0.6,,0.6,0.7,0.7,0.6,0.7,0.6,0.8,0.7,0.8,0.7,0.8,0.8,0.8,0.9,0.7,0.6,0.6,0.7,0.5,0.4,0.6,0.4,0.4,0.4,0.8,0.5,0.4,0.6,0.4,0.6,0.7,0.7,0.5,0.5,0.6,0.2,0.5,0.3,0.4,0.7,0.9,0.8,0.6,0.7,0.9,0.7,0.7,0.8,0.5,0.7,0.8,0.6,0.4,0.8,0.8,0.9,0.8,0.7,0.7,0.6,0.7,0.5,0.5,0.6,0.5,0.5,0.5,,0.6,0.7,0.7,0.5,0.5,0.6,0.6,0.5,,0.6,0.5,0.4,0.6,0.8,,0.6,0.6,1,0.9,0.8,,0.6,0.2,0.5,0.4,0.5,0.6,0.4,0.4,0.6,0.4,0.5,0.4,0.6,0.5,0.6,0.3,0.5,0.5,0.3,0.5,0.4,0.4,0.7,0.5,1.4,1.7,1.4,1.5,1.4,1,1.3,1.3,1.5,1.4,1.5,1.3,1.4,0.4,0.6,,0.4,0.2,0.3,,0.8,0.5,0.6,,,,0.6,0.4,0.7,0.8,0.6,0.8,0.6,,0.7,0.5,0.4,0.4,0.4,0.4,0.3,0.7,0.6,0.4,0.4,0.3,0.5,0.4,1.1,0.9,1.1,1.3,1,0.7,0.7,0.5,1.1,0.4,0.4,0.5,0.5,0.6,0.7,0.7,0.5,0.4,0.5,0.8,0.5,0.6,0.5,0.6,0.5,0.4,0.4,0.5,0.5,0.7,0.6,,0.6,,0.6,0.6,0.5,0.7,1.1,,,0.7,,0.6,0.7,0.6,,,0.9,1,1,0.7,0.8,0.3,0.4,0.7,0.3,0.2,0.5,0.4,0.6,0.3,0.5,,0.3,,0.5,,0.3,0.8,0.6,1.1,1.1,0.4,0.7,0.4,0.5,0.4,0.5,0.4,0.5,0.3,0.5,0.4,,0.8,0.8,0.6,0.8,0.6,0.7,0.6,0.6,0.9,0.6,0.2,0.7,0.4,0.8,0.5,0.5,0.7,,0.6,0.5,0.4,0.8,0.8,0.6,0.7,0.7,0.6,0.8,0.8,0.9,0.6,0.7,0.9,0.9,1.1,,0.9,0.8,,0.6,0.8,0.8,0.5,0.6,0.5,0.6,0.4,,,0.9,0.9,1,1.1,,1.2,1.1,1,1.1,1,1,,1.1,1,,2.2,2.6,2.2,2.6,2.6,1.2,0.9,0.9,1,1.3,0.8,0.5,0.6,0.5,,1.5,4.9,4.1,8.2,9.4,5.1,,0.9,0.7,0.5,0.7,0.7,0.9,0.9,0.8,1.1,1,1,0.6,0.6,0.6,0.5,0.8,0.6,0.6,0.7,0.5,0.8,5.5,,0.4,0.7,0.9,0.2,0.6,0.3,0.4,0.5,0.4,0.3,0.4,0.8,0.6,0.4,0.8,0.7,0.7,0.8,0.7,0.8,1.1,1.5,0.6,1.1,0.7,0.4,0.4,1,0.2,0.1,0.3,0.2,0.6,1.2,1.3,,1.1,1.3,1.8,2.1,0.6,1.1,0.7,1.1,0.8,0.6,0.7,0.3,0.6,1.4,1,0.8,0.7,0.9,0.8,1,1,1,0.9,,1,0.9,1.2,1,1.5,0.9,0.8,0.8,1,0.2,0.7,0.6,0.4,0.5,0.6,0.5,1.4,1,1,0.7,1.1,1.1,1.1,1.1,0.4,0.7,0.4,0.6,0.5,0.4,0.5,0.6,0.6,0.7,0.4,0.7,0.9,0.7,,0.4,0.6,0.7,0.7,0.6,1,1.3,1.1,1.2,1.1,1.2,0.9,0.2,0.8,0.5,0.2,0.2,0.4,0.3,0.8,,,0.7,0.7,0.8,0.6,0.8,0.7,0.4,0.4,0.5,0.4,0.6,1.1,0.5,0.5,,0.3,0.7,0.7,1.4,1.1,1.5,1.4,1.8,1.9,1.7,1.6,1,1.1,1.1,1.3,0.5,0.5,0.9,0.9,0.8,0.8,0.9,0.9,1,1.1,0.9,1,0.1,0.2,0.2,0.5,,0.5,0.3,1.2,0.8,0.4,0.8,0.6,0.7,0.9,1.3,1,2.3,0.7,0.5,0.6,0.6,0.7,0.2,0.5,0.6,0.2,0.6,0.5,0.2,0.4,0.3,0.5,0.6,0.8,0.3,0.5,0.4,0.5,0.3,0.5,0.5,0.4,0.3,0.6,0.7,1,0.7,0.5,1,0.8,0.8,0.6,0.5,0.7,,0.6,0.8,0.8,0.9,0.6,0.6,0.8,0.7,0.8,0.8,,0.6,0.5,0.6,0.8,,0.8,,0.6,,,0.3,0.2,0.5,0.6,1.2,0.6,0.7,1,,1,1.1,,0.8,0.5,1.6,1.1,1.5,0.8,1.2,0.9,0.8,1,0.9,1.2,0.8,1.3,,1.1,1,1.2,1.2,,1.3,1.2,1.1,1.1,1,1.9,,2.1,1.1,0.7,1,0.6,0.4,0.6,0.7,,0.2,0.4,0.2,0.6,,,0.2,0.2,0.3,0.5,0.3,0.4,0.4,0.5,0.3,0.8,0.5,0.3,1.2,0.9,0.7,1,0.5,0.6,0.2,0.3,0.7,0.6,0.5,0.3,0.8,0.4,0.5,,0.7,2.1,0.7,0.7,0.9,1.3,,0.9,0.3,0.8,0.7,0.6,0.3,0.6,0.2,0.3,0.4,0.3,0.2,0.7,0.3,0.4,0.5,0.7,0.3,0.6,0.3,0.3,0.1,0.4,0.6,0.3,0.4,0.3,0.4,0.7,0.7,0.5,0.5,0.2,0.8,,0.5,0.6,0.6,0.7,0.7,0.4,,0.7,0.5,0.5,,0.6,0.9,0.8,0.8,0.6,0.6,0.5,0.8,0.4,0.5,0.5,0.4,0.3,0.6,0.7,1.1,0.5,0.4,0.4,0.5,0.7,,0.5,0.5,0.8,1,0.5,0.4,0.6,0.5,0.8,0.9,,0.7,0.6,0.5,0.6,0.4,0.7,0.6,0.6,0.6,0.7,2.9,0.8,0.8,0.9,0.6,1.1,1.1,1,0.6,0.7,0.5,0.5,0.9,1,0.8,1.1,1.3,0.7,1.5,1.8,0.3,0.6,0.6,0.6,0.3,0.4,0.5,0.4,0.7,0.1,0.8,0.6,0.4,0.4,0.3,1.1,0.8,0.9,0.4,0.5,0.4,0.5,0.4,0.4,0.6,0.4,0.6,0.7,0.7,0.8,0.8,0.8,0.3,1.1,1.4,1.1,1,1.1,0.8,0.6,0.6,,0.7,0.6,0.6,0.8,,0.8,0.9,0.6,,0.6,0.7,0.8,0.7,0.5,1.3,1,1.5,1.2,1.1,1,0.7,0.6,0.5,0.7,1.1,0.9,,0.9,0.7,1,0.8,0.8,1.3,0.9,0.7,0.7,1.2,1.1,1.1,0.8,0.7,1,0.9,1.2,1.3,,0.9,0.7,,1.2,0.7,1,0.9,1.1,1.3,0.9,1.1,0.7,0.6,0.4,0.5,0.5,0.5,0.7,0.5,0.4,0.4,0.5,0.4,0.5,0.9,0.6,0.8,0.7,1,1,1.6,1.5,1.3,0.9,0.5,0.4,,0.6,0.4,1.2,1.2,0.8,0.9,0.9,1,2.2,1.2,0.5,0.4,0.8,1,0.3,0.8,0.8,0.9,1.1,0.6,0.6,0.5,0.9,0.8,0.5,0.3,1,0.4,1,0.3,0.7,0.5,0.9,0.7,0.6,1.2,0.4,,0.5,0.4,0.5,0.6,0.4,1.2,0.8,0.6,1.1,0.7,0.4,0.7,0.6,0.4,0.6,0.4,0.4,0.6,0.7,0.8,0.7,0.2,0.5,0.5,0.6,0.3,0.5,0.9,,0.4,0.2,0.4,0.3,0.4,0.5,0.5,0.5,0.6,0.4,,0.7,0.8,,0.4,0.6,0.7,0.8,0.6,0.3,0.5,0.6,,0.3,0.7,0.5,0.6,0.6,0.8,0.5,0.4,0.3,0.6,0.4,0.4,0.5,0.5,0.4,0.5,0.8,0.6,0.6,0.7,0.8,0.8,,0.4,1.1,0.9,0.2,0.4,0.6,0.8,0.6,0.2,0.3,0.6,0.8,0.6,0.8,,0.3,0.3,0.6,0.5,0.5,0.2,0.6,0.8,0.4,0.5,1.1,0.7,1,0.3,0.7,1,0.4,0.4,0.5,0.4,0.8,,0.1,,0.4,0.2,1.5,1,1.8,1,0.8,1.1,1.4,1.3,,0.9,0.7,0.9,0.9,0.4,0.6,0.1,0.4,0.3,0.4,0.3,0.3,0.4,0.1,0.4,0.3,0.3,0.7,0.9,0.9,0.1,0.2,0.5,,0.5,0.5,,1.1,0.8,0.9,0.6,1.2,,0.7,1.1,1.1,0.9,0.4,0.6,0.6,0.4,0.8,1.2,0.7,0.7,0.9,1.3,0.3,0.8,0.7,0.3,0.1,0.8,0.6,1.2,0.2,,0.4,1,0.5,0.6,0.5,0.6,0.6,0.6,0.6,0.5,0.4,0.4,0.8,0.4,1.1,,0.5,0.5,0.9,0.7,1.1,1.6,1.8,0.5,0.5,0.6,0.4,0.8,0.8,0.8,0.5,0.5,0.3,0.7,1,0.7,0.7,0.5,0.5,0.3,0.6,0.9,0.4,0.7,0.6,0.4,0.5,0.9,0.7,0.8,0.9,1.3,0.5,0.4,0.4,1.8,0.4,0.5,0.5,0.5,0.6,0.8,0.7,0.6,1.2,0.6,0.7,0.8,0.9,0.6,0.3,0.4,2.4,,1.3,0.9,0.8,0.6,0.9,0.7,0.9,0.4,0.7,0.5,0.5,0.3,1.1,1.3,0.3,1.2,0.8,0.3,0.3,0.3,0.5,0.7,0.4,1.1
20170820,18,CO_24h,1.3,1,1.4,1.1,1.4,1.1,1.1,1.5,1,1.2,1.2,1.2,,,1.7,,1.4,1.1,2.2,,1.5,1,1,,1.2,1.3,,0.9,0.8,0.6,1.5,0.6,0.6,0.7,2.3,2.2,1.8,2.1,2.7,2.5,0.4,0.4,0.4,0.4,0.5,0.7,0.7,0.7,0.8,0.6,0.7,0.8,0.7,0.6,0.8,0.5,0.6,0.6,0.7,0.6,0.7,0.6,0.7,0.9,0.7,1.3,1.1,,1.1,1,0.5,0.4,0.7,0.5,0.7,0.5,1.1,0.9,0.9,1,,1.1,0.9,0.7,1.2,1.1,1.4,0.9,0.8,1.2,0.9,1.1,1.1,1.2,1.4,1.2,0.7,0.9,0.8,,,0.9,0.8,0.9,0.8,,1,0.7,0.7,0.9,1,0.6,0.8,0.7,0.8,0.8,0.8,0.9,1,1.1,,1,0.7,1,0.8,0.9,0.8,0.6,1,0.6,,0.3,0.5,0.5,0.7,1.3,0.4,0.4,0.7,0.4,0.8,0.5,0.7,0.8,0.6,0.7,0.6,0.6,0.6,0.7,0.5,1.5,1,0.9,1.2,1,0.9,0.9,0.3,0.7,0.6,0.3,0.9,0.4,,0.8,0.9,0.7,0.7,0.6,0.7,0.6,,,,1.1,1,,0.8,1,0.7,,0.9,0.2,0.3,,0.5,,0.8,0.7,0.7,0.7,0.9,1.1,0.6,,,,0.5,0.4,,0.8,0.7,0.6,0.4,0.8,,0.6,0.7,0.3,0.4,0.4,0.4,0.8,0.5,,0.8,,0.8,,0.6,0.6,0.8,0.6,0.7,0.7,0.8,0.7,0.6,0.6,0.7,0.9,0.8,0.8,0.6,0.9,,0.5,0.5,0.4,0.6,0.4,0.5,0.7,1.1,0.8,,,0.6,,0.8,0.8,,0.2,0.5,0.5,0.6,0.6,0.3,,0.6,0.5,0.6,0.5,0.7,0.7,0.5,0.8,0.6,0.7,0.8,1,0.8,0.5,0.9,0.8,0.5,0.9,0.1,,0.7,0.6,0.5,0.4,0.3,0.4,0.5,1.4,0.8,0.6,1.1,1,0.9,0.5,,1.5,1,1.2,1,0.8,1.2,0.9,1,,0.3,0.2,0.4,0.4,0.6,0.5,0.4,0.2,0.6,1.1,1.1,1.3,1.5,1.2,1.5,1.6,1.1,1.5,1.1,1,0.8,1.1,0.7,0.7,0.8,0.6,0.8,0.9,0.7,0.5,0.6,0.5,0.7,0.6,0.4,0.4,,0.7,0.7,0.7,,0.8,0.7,0.9,0.9,0.8,0.6,1,0.7,0.7,0.7,0.6,0.7,0.8,0.9,0.6,0.6,0.6,0.7,0.6,0.4,0.4,0.5,0.6,0.5,0.9,0.7,0.5,0.7,0.6,0.7,0.8,0.8,0.6,0.6,0.6,0.3,0.5,0.4,0.5,0.7,0.9,0.8,0.7,0.7,0.8,0.7,0.7,0.7,0.6,0.9,0.9,0.7,0.5,0.9,1,1.1,0.8,1,0.9,0.8,1,0.5,0.5,0.7,0.5,0.6,0.5,,0.8,0.7,0.8,0.6,1,0.8,0.8,0.7,,0.8,0.5,0.5,0.8,0.9,,0.7,0.6,1,0.9,0.8,,0.6,0.3,0.4,0.4,0.5,0.5,0.5,0.5,0.6,0.4,0.5,0.6,0.8,0.6,0.9,0.6,0.8,0.8,0.4,0.7,0.5,0.4,0.8,0.5,1.2,1.5,1.3,1.5,1.2,1.1,1.1,1.6,1.4,1.3,1.4,1.4,1.3,0.5,0.6,0.2,0.5,0.3,0.4,,0.9,0.8,0.6,,,,0.7,0.5,0.9,1,0.8,1.1,0.8,,0.9,0.6,1.4,0.7,0.7,0.5,0.4,0.6,0.5,0.5,0.7,0.3,0.5,0.6,1.1,1.1,1.4,1.4,0.8,1,1,0.6,1.1,0.6,0.6,0.7,1.1,2.1,1,1.1,0.7,0.7,0.7,1,1.2,1.2,1,0.7,0.7,1.1,0.6,0.7,0.6,0.7,0.6,,0.5,,0.7,0.7,0.5,0.8,1.2,,,0.8,,0.7,0.9,0.7,,,1.2,1.2,1.6,0.8,1.1,0.4,0.4,0.7,0.4,0.4,0.5,0.3,0.5,0.3,0.5,,0.4,,0.6,,0.3,1,0.8,1.2,1,0.5,0.8,0.4,0.4,0.3,0.4,0.4,0.5,0.4,0.6,0.5,,0.9,0.9,0.8,1,0.7,0.7,0.7,0.6,0.8,0.6,0.6,0.7,0.5,0.8,0.5,0.5,0.7,,0.6,0.5,0.4,0.8,0.7,0.6,0.7,0.7,0.5,0.9,0.9,0.9,0.6,0.6,0.8,1.1,1.3,,1,0.9,,0.7,0.9,0.9,0.7,0.6,0.7,0.6,0.5,,,1,1.1,1.1,1.1,,1.1,1.1,1,1.1,1.1,1.1,,1.2,1.2,,1.8,2,1.7,1.9,1.9,1.7,0.8,1,1.5,1.5,0.8,1.1,0.5,0.2,,0.7,1.3,1.7,1.7,1.4,1.4,,0.9,0.8,0.6,0.6,0.6,0.7,0.9,1,1.5,1.1,1,0.8,0.8,0.7,0.6,1.2,1.1,0.7,0.7,0.5,0.9,0.8,,0.4,0.8,0.8,0.3,0.6,0.3,0.3,0.6,0.4,0.4,0.4,0.6,0.5,0.4,0.7,0.7,0.7,0.8,0.6,0.8,1.1,1,1,1,0.9,0.6,0.6,1,0.3,0.2,0.5,0.4,0.5,1.3,1.9,,1.3,1.6,2.4,2.3,1,1.6,1.1,1.4,2.5,0.8,0.9,0.6,0.9,2.2,1.4,1.1,1.2,1.1,0.9,1.2,1.3,1.1,1,,1,0.9,1.1,0.9,1.3,0.8,0.8,0.7,1,0.4,0.7,0.6,0.4,0.5,0.6,0.6,1.3,1.1,1,0.6,1.1,1.2,1.2,1,0.4,0.7,0.5,0.6,0.5,0.3,0.7,0.7,0.6,0.8,0.6,0.8,1.1,0.8,,0.4,0.7,0.7,0.7,0.6,1,1.3,1.1,1.3,1.1,1.2,1.6,0.4,1,0.7,0.4,0.4,0.5,0.4,0.7,,,0.6,0.7,0.8,0.6,0.8,0.9,0.6,0.6,0.6,0.5,0.7,0.9,0.5,0.4,,0.3,0.9,0.9,1.2,1.1,1.4,1.3,1.6,1.6,1.7,1.5,1.2,1.3,1.4,1.5,0.8,0.8,1.1,1,1,1.2,1.1,1,1,0.9,0.9,0.9,0.3,0.3,0.3,0.6,,0.5,0.4,0.8,0.8,0.4,0.7,0.7,0.7,0.9,1.6,1.2,2,0.6,0.8,0.9,1.1,0.7,0.2,0.5,0.6,0.2,0.6,0.5,0.2,0.4,0.2,0.5,0.6,0.9,0.4,0.5,0.4,0.5,0.4,0.5,0.5,0.4,0.3,0.6,0.7,0.9,0.7,0.5,0.9,0.7,0.7,0.7,0.6,0.6,,0.5,0.8,0.8,0.9,0.8,0.6,0.7,0.4,0.6,0.9,,0.5,0.5,0.6,0.9,,0.8,,0.6,,,0.4,0.3,0.5,0.5,0.8,0.5,0.5,1.1,,1.1,1,,0.8,0.6,2.4,1.7,2.2,1.6,1.8,1.5,1.1,1.3,1.3,1.6,0.9,1.1,,1,0.9,1.2,1,,1.3,1.2,1.1,1.1,1,1.8,,2.1,1.1,0.6,0.6,0.6,0.6,0.4,0.5,,0.6,0.4,0.3,0.6,,,0.4,0.3,0.6,0.5,0.4,0.5,0.4,0.6,0.6,1,0.8,0.4,0.5,0.5,0.5,0.8,0.6,0.5,0.2,0.4,0.9,0.7,0.7,0.6,0.8,0.5,0.9,1.1,0.9,1.1,0.9,0.8,1.1,1.1,,0.8,0.2,0.8,0.7,0.6,0.4,0.6,0.3,0.4,0.5,0.4,0.9,0.5,0.9,0.4,0.5,0.5,0.4,0.6,0.2,0.4,0.3,0.4,0.7,0.3,0.4,0.5,0.4,0.7,0.6,0.5,0.5,0.3,0.8,,0.5,0.7,0.6,0.7,0.7,0.4,,0.5,0.4,0.4,,0.4,1,0.8,0.9,0.7,0.8,0.5,1,0.6,0.6,0.4,0.9,0.4,0.6,0.6,1,0.4,0.3,0.4,0.5,0.7,,0.4,0.4,0.6,0.8,0.3,0.4,0.4,0.5,0.8,0.8,,0.8,0.7,0.5,0.6,0.4,0.7,0.7,0.7,0.6,0.7,1.6,1,0.8,1,0.6,0.9,1,0.9,0.7,0.8,0.6,0.7,0.8,0.9,0.8,0.7,1.1,0.9,1.1,1.3,0.3,0.9,0.8,0.8,0.5,0.5,0.9,0.6,1.2,0.8,0.8,0.7,0.5,0.4,0.3,1.2,1,0.9,0.6,1,0.7,0.4,1,0.6,0.8,0.6,0.8,0.7,0.6,0.7,0.8,0.6,0.4,1,1.4,1.1,0.9,1.1,1.7,1.3,1.3,,1.2,1.1,1.1,0.9,,0.9,1,0.9,,0.9,0.8,0.9,0.9,0.7,1.4,1,1.6,1.3,1.2,1.1,0.7,0.8,0.6,0.8,1.1,1,,0.9,0.8,0.9,1,0.8,1.2,0.8,0.6,0.6,1.1,1,1,1.1,0.8,0.9,0.7,0.9,0.9,,0.9,0.6,,1.1,0.8,1.1,0.9,1.1,1.1,0.8,0.9,1.1,0.8,0.6,0.8,0.8,0.6,1,0.6,0.5,0.5,0.6,0.5,0.5,1,0.5,0.8,0.9,0.9,1.4,1.9,1.6,1.5,1.1,0.4,0.4,,0.5,0.4,1.2,1.3,1.1,1,1.3,0.9,2.4,1.5,0.8,0.6,0.8,1,1.1,1.1,0.9,1.1,0.9,0.8,0.8,0.7,1.1,1,0.8,0.4,0.7,0.6,1,0.6,1,0.8,1.1,0.9,0.9,1.3,0.4,,0.6,0.4,0.5,0.7,0.4,0.9,0.8,0.6,0.9,0.8,0.4,0.6,0.7,0.4,0.6,0.5,0.5,0.7,0.7,0.7,0.7,0.3,0.4,0.4,0.4,0.4,0.7,1,,0.5,0.3,0.5,0.4,0.5,0.6,0.5,0.6,0.7,0.4,,0.7,0.7,,0.4,0.6,0.6,0.5,0.5,0.5,0.5,0.5,,0.4,0.7,0.6,0.7,0.7,0.6,0.4,0.5,0.3,0.6,0.4,0.4,0.5,0.5,0.4,0.5,0.9,0.6,0.6,0.9,0.8,0.6,,0.5,1.3,0.9,0.2,0.6,0.8,0.9,0.7,0.4,0.3,0.8,1,0.6,0.8,,0.4,0.3,0.7,0.6,0.7,0.2,0.6,0.8,0.6,0.6,1.3,0.8,0.9,0.3,0.7,0.9,0.4,0.4,0.4,0.3,1,,0.2,,0.3,0.2,0.6,1,1,1,1,1.2,1.3,1.2,,0.8,0.6,0.8,0.8,0.3,0.6,0.2,0.4,0.6,0.5,0.4,0.4,0.4,0.3,0.5,0.6,0.4,0.8,1,0.9,0.1,0.3,0.4,,0.6,0.6,,1.3,0.7,0.9,0.6,1.1,0.5,0.6,0.9,0.8,0.8,0.4,0.5,0.6,1.8,0.9,1.1,0.9,0.8,1.3,1.6,0.3,1.2,0.8,0.4,0.3,1,0.7,1.2,0.5,,0.5,1,0.6,1.1,1,1.1,0.8,0.7,0.7,0.8,0.7,0.6,1,0.4,1.1,0.7,1.5,1.1,1.3,1,1,1.5,1.7,0.5,0.6,0.6,0.5,0.7,0.9,0.5,0.4,0.6,0.4,0.8,1.1,0.7,1.7,0.8,0.8,0.3,0.9,1,0.5,0.8,0.6,0.5,0.5,1.2,0.7,0.7,1.3,1.2,0.6,0.5,0.5,1.4,0.4,0.5,0.5,0.7,0.6,0.8,0.7,0.9,0.7,0.8,0.8,0.8,0.6,0.7,0.5,0.5,2,,1.8,1,1.1,0.9,1,0.6,0.8,0.4,0.7,0.6,0.5,0.4,1.1,1.5,0.3,1.3,1.4,0.3,0.5,0.3,0.4,0.7,0.3,1.1
20170820,19,AQI,63,74,72,62,65,65,65,90,71,94,69,68,,,66,,54,60,57,,51,54,73,,28,68,,78,78,79,87,70,70,75,41,40,73,42,60,45,32,35,32,34,27,68,83,69,58,110,82,98,89,94,87,81,63,49,63,93,76,55,49,52,48,57,55,,63,54,63,60,74,57,58,67,57,57,74,75,,168,79,69,64,66,68,71,67,74,83,72,67,72,57,64,35,54,54,,,55,63,58,54,,48,21,28,25,25,27,31,22,29,26,30,38,64,24,,25,18,25,25,39,33,63,41,33,,37,52,38,40,35,30,58,28,53,44,48,56,52,49,54,39,42,39,22,32,31,29,30,29,32,29,30,41,30,29,35,38,39,,39,42,43,38,48,39,35,,,,52,50,,86,73,77,,46,32,36,,22,,34,29,39,35,32,29,30,,,,29,39,,41,40,35,39,48,,37,33,33,40,38,36,34,36,,53,,44,,38,34,35,29,30,29,28,29,45,44,37,29,33,46,36,38,,35,38,48,43,50,40,40,65,57,,,20,,50,48,,37,29,57,45,24,29,,62,54,51,53,50,47,51,45,54,50,64,44,54,52,52,59,56,46,54,,64,63,61,67,18,59,60,39,57,29,55,63,74,32,,52,52,58,42,50,53,49,54,,37,31,30,32,34,34,35,28,28,54,55,52,58,59,60,60,59,62,52,46,40,55,50,29,34,58,47,30,45,43,56,62,46,55,60,40,,59,65,65,,143,100,55,98,83,108,61,59,52,49,38,47,44,111,40,32,33,37,70,30,22,22,22,47,49,55,43,42,46,60,55,36,40,33,27,46,55,31,41,114,117,106,105,111,141,134,149,98,62,54,59,58,48,37,47,57,32,36,38,55,51,15,13,26,25,27,59,,50,27,51,39,38,30,42,35,,31,37,35,36,38,,32,41,46,39,56,,28,62,38,47,22,27,31,32,33,25,,40,33,29,32,36,23,42,28,20,30,29,50,28,48,64,65,46,70,50,80,65,84,78,64,30,92,55,27,38,40,32,28,,69,30,40,,,,36,37,28,27,30,29,37,,30,38,50,43,49,38,42,48,33,43,36,33,35,76,54,56,53,52,49,54,37,42,51,31,28,33,45,53,38,38,17,16,14,24,38,43,28,32,30,38,33,56,59,,63,,52,,47,53,51,52,57,,,55,,58,29,42,,,44,51,35,44,33,37,45,48,51,51,28,25,22,30,25,,50,,44,,49,55,79,63,62,49,51,31,52,51,26,24,25,32,32,45,,58,62,84,69,69,43,56,36,54,46,70,52,38,30,21,52,25,,35,43,49,56,75,55,40,36,41,84,54,60,27,54,54,55,45,,74,71,,35,51,41,89,37,62,64,18,,,61,54,65,83,,62,63,53,59,49,54,,54,62,,103,117,102,112,100,53,74,70,73,67,66,54,51,40,,30,38,103,63,94,39,,45,47,39,28,22,42,72,24,49,18,58,13,57,40,113,51,46,31,26,52,25,39,,17,45,38,42,33,59,46,39,49,36,68,36,26,45,54,36,26,34,39,39,45,54,52,47,58,52,38,53,39,48,57,39,31,81,87,,85,80,82,82,44,60,62,56,59,46,53,52,49,93,92,109,83,64,65,55,73,69,105,,119,61,81,63,60,56,58,59,59,38,46,36,45,65,42,35,38,35,35,30,41,32,26,23,42,38,38,45,31,25,24,44,44,45,28,50,46,64,,13,39,40,30,32,51,60,64,57,73,58,44,25,25,32,54,58,48,59,83,,,66,41,39,49,42,50,45,58,54,84,64,41,42,33,,38,24,21,70,30,46,23,51,65,62,68,25,26,45,30,27,18,27,27,31,33,39,33,76,76,74,71,35,41,40,53,,40,37,75,57,32,26,33,37,40,68,64,74,38,32,49,42,34,,41,47,36,32,36,26,38,32,33,22,31,32,31,42,25,24,23,26,24,27,30,40,35,46,40,33,35,40,39,66,49,,29,41,53,40,68,37,30,33,38,33,,29,32,38,26,,50,,67,,,30,21,45,80,66,67,74,49,,47,56,,44,58,135,140,119,280,135,145,52,45,40,41,39,68,,64,70,69,59,,57,62,75,63,64,85,,79,34,37,43,29,47,41,55,,,52,52,88,,,26,26,31,29,54,59,35,58,51,57,63,49,51,52,68,66,59,50,47,49,46,38,68,55,50,36,29,21,23,22,16,18,13,42,,22,42,38,37,24,38,59,76,35,48,71,68,52,37,55,44,13,48,36,15,23,27,33,38,20,60,69,39,64,35,53,47,25,36,,57,38,63,33,42,45,,68,84,55,,92,67,68,64,39,57,46,50,52,64,31,40,35,42,42,45,20,35,34,56,53,,45,58,75,75,53,27,40,42,59,59,,46,54,30,29,25,62,70,54,50,65,63,55,70,88,60,45,77,71,29,28,37,40,45,54,54,,99,57,67,64,17,82,50,30,32,28,39,44,38,46,48,52,54,64,57,50,49,41,37,54,48,46,35,45,38,38,42,42,40,43,54,48,58,58,48,55,51,55,53,47,47,,51,52,53,38,,40,44,47,,45,45,49,50,46,,49,46,49,55,63,55,67,59,43,59,69,,60,60,55,64,60,59,62,56,95,78,66,88,59,63,49,84,85,85,,35,36,,54,45,48,43,59,58,63,57,50,38,42,45,34,38,37,40,33,36,54,39,94,28,43,43,27,23,35,36,58,45,52,26,23,,29,22,47,23,43,57,53,67,42,27,28,30,29,34,40,34,36,48,38,63,41,41,36,35,24,42,36,36,35,37,35,32,49,62,33,28,30,33,33,35,38,31,33,17,17,18,19,60,57,103,59,69,48,45,58,50,59,62,57,47,51,52,53,41,46,54,,46,41,34,33,,43,52,53,42,62,,46,60,,28,58,38,43,28,11,15,19,,36,19,24,23,22,26,58,60,57,73,54,27,32,25,30,31,44,76,54,16,19,23,,18,35,39,41,70,83,26,25,23,19,31,26,17,24,,15,22,29,18,31,18,32,59,44,27,39,55,58,20,,54,18,16,27,64,88,,35,,29,65,60,58,63,51,23,28,30,26,,42,29,19,18,38,30,34,23,25,36,40,38,39,28,23,57,59,23,21,19,30,24,47,,41,24,29,44,33,28,22,48,28,38,32,42,42,38,34,35,26,24,25,44,68,43,44,70,33,32,35,31,92,141,51,68,,70,215,152,35,36,39,33,23,23,33,35,30,31,59,53,94,43,35,55,66,70,73,73,36,39,38,24,45,23,74,52,38,41,56,46,24,41,15,46,23,45,43,44,27,38,29,53,77,60,67,56,59,30,38,36,54,46,44,44,27,34,29,30,53,77,36,35,43,79,41,40,39,108,,59,43,80,69,75,73,57,39,105,42,35,23,77,58,28,55,44,30,38,54,42,57,20,53
20170820,19,PM2.5,45,54,52,44,47,47,34,67,51,60,50,49,,,39,,38,36,40,,30,30,53,,14,49,,54,57,54,64,47,51,55,27,28,33,29,43,31,18,11,22,8,16,46,61,50,41,83,57,73,60,54,64,57,45,34,29,69,25,22,30,21,33,40,35,,45,36,36,43,54,40,40,48,35,40,54,55,,74,58,41,43,38,47,41,48,54,61,52,38,52,40,45,24,36,38,,,39,45,41,33,,33,13,6,13,8,5,10,10,8,14,8,14,13,12,,10,9,8,6,12,10,10,12,10,,11,11,14,19,18,10,20,11,27,20,7,28,24,34,22,22,11,21,10,15,18,2,21,5,6,11,,14,17,18,11,26,18,,17,21,30,24,20,27,8,,,,34,35,,56,28,43,,32,22,25,,9,,14,17,27,17,21,,17,,,,20,27,,25,24,24,27,20,,21,23,19,17,26,25,22,25,,13,,22,,19,20,16,18,19,20,19,20,19,15,24,20,13,25,23,19,,23,21,20,21,23,20,22,47,38,,,11,,24,33,,14,12,29,31,13,17,,44,38,29,37,35,22,21,20,38,35,26,26,38,31,32,38,35,32,35,,46,36,38,47,10,32,43,27,26,5,20,15,18,22,,23,32,35,21,24,34,33,35,,7,19,10,5,7,10,14,10,10,31,30,36,30,32,31,33,34,28,24,25,19,26,22,18,16,31,24,19,29,25,22,25,23,28,25,21,,32,41,29,,109,31,,38,24,69,33,41,36,30,26,18,24,66,26,22,21,23,51,16,15,11,15,21,34,29,15,19,22,43,39,25,13,19,,10,12,15,5,36,39,42,31,40,53,58,50,32,34,35,32,29,22,16,30,30,19,24,16,31,27,5,9,14,17,9,20,,20,11,24,16,9,5,11,13,,6,10,14,11,16,,17,26,32,17,22,,19,40,5,18,11,16,10,10,14,11,,10,5,15,10,15,12,18,7,5,5,5,21,6,27,30,36,20,39,34,39,19,62,47,40,21,47,16,8,5,28,20,10,,50,20,28,,,,15,9,13,13,12,4,3,,13,24,35,23,25,18,29,33,19,30,17,23,18,36,14,28,15,36,26,18,19,8,22,5,12,8,22,32,18,23,6,4,8,7,25,20,19,22,15,19,17,33,36,,38,,25,,12,20,19,21,40,,,30,,25,12,8,,,10,25,17,18,2,20,31,14,10,24,2,9,7,5,9,,19,,26,,26,33,58,27,31,27,24,20,20,9,2,3,14,12,14,31,,36,44,62,43,50,16,25,20,33,26,51,14,12,9,8,18,9,,18,21,34,39,55,39,8,9,3,61,38,43,17,14,18,26,31,,31,19,,22,31,19,61,22,24,46,4,,,42,36,47,54,,44,45,37,42,34,38,,37,44,,77,88,76,84,75,34,54,51,53,45,45,26,24,28,,21,24,77,45,51,26,,30,12,16,6,15,24,7,14,27,12,41,7,19,14,85,27,22,13,11,14,10,16,,7,12,2,16,9,21,19,12,12,16,9,12,16,31,14,25,18,22,21,27,22,33,27,16,24,26,23,24,22,27,24,27,20,50,56,,50,48,58,60,23,39,35,26,32,21,22,23,24,69,68,82,61,38,44,39,53,49,79,,90,34,58,42,43,36,39,32,35,26,32,25,27,36,29,17,20,24,23,10,13,7,16,11,21,20,26,18,15,8,7,9,27,21,19,25,30,26,,3,27,28,19,22,33,43,46,40,53,36,12,12,11,17,26,41,26,21,61,,,45,16,25,34,29,30,31,27,28,34,24,24,29,13,,20,14,7,41,15,23,16,34,47,44,49,11,7,18,14,7,9,12,13,12,9,15,15,44,55,54,49,2,4,,17,,15,22,34,34,20,3,13,10,17,11,28,16,17,17,30,25,9,,15,16,13,10,,9,17,19,16,8,7,3,6,16,3,5,6,4,4,3,14,16,10,24,19,,18,28,21,26,22,,14,16,37,26,49,15,18,23,26,20,,17,18,12,14,,35,,40,,,14,14,31,45,40,47,52,34,,24,26,,22,27,103,107,90,230,103,111,24,28,28,25,27,39,,28,51,50,39,,40,37,55,36,46,63,,58,19,11,29,20,32,19,39,,,18,10,65,,,6,13,8,16,32,9,20,41,32,40,42,31,27,35,31,32,20,29,32,26,28,25,24,26,35,25,20,11,8,9,5,12,6,20,,6,18,10,11,11,11,22,31,15,28,12,25,5,13,15,24,,9,22,10,15,11,4,15,10,22,21,16,35,18,30,9,12,18,,37,26,45,15,29,22,,49,62,38,,68,48,49,46,27,40,25,26,36,46,6,28,24,29,27,4,7,20,22,31,28,,26,41,55,55,22,18,17,29,38,41,,16,38,8,6,9,44,51,36,35,47,43,39,42,65,43,31,55,33,20,19,16,28,31,30,31,,74,37,48,46,1,30,29,17,16,16,18,21,23,20,31,35,34,41,40,35,29,22,25,38,27,25,19,31,26,26,25,25,24,30,38,33,40,41,33,32,33,35,34,30,25,,34,33,36,22,,19,23,25,,25,30,34,31,29,,32,30,34,29,45,33,33,33,30,42,50,,43,43,39,46,43,42,44,39,71,57,47,65,42,45,16,62,63,63,,10,25,,23,31,33,30,42,41,45,40,20,23,23,17,16,20,16,16,23,25,20,26,70,14,19,30,18,15,13,20,9,11,8,15,12,,7,5,14,14,12,10,23,48,28,14,19,21,13,18,23,21,21,29,26,25,21,21,10,16,14,22,25,21,16,25,24,19,34,44,23,18,18,13,14,24,26,20,21,7,3,7,8,38,40,37,35,50,31,26,41,34,42,44,40,19,23,19,37,14,14,23,,16,11,20,20,,20,36,35,29,44,,31,33,,2,15,12,14,14,2,2,8,,2,9,8,16,11,18,41,29,13,23,38,17,18,17,20,8,13,33,36,8,13,16,,3,8,22,14,4,12,7,12,16,13,6,7,7,9,,,3,1,,12,5,13,5,14,15,13,16,13,3,,18,7,4,7,28,21,,2,,7,6,28,30,32,30,14,19,19,18,,19,16,13,10,14,10,12,9,8,8,10,8,12,8,5,18,26,8,11,8,9,4,12,,5,6,20,28,17,19,8,33,7,16,19,10,16,7,10,,7,6,6,17,24,7,5,51,10,5,11,6,35,42,20,24,,40,62,87,6,6,27,23,8,,4,16,6,9,35,32,41,30,24,36,46,47,53,49,14,27,26,16,31,10,54,36,21,11,30,32,10,,9,9,16,29,28,13,11,21,15,37,56,40,48,33,32,19,14,25,29,32,24,22,9,21,20,9,37,52,9,7,30,58,7,24,16,81,,20,22,45,39,42,53,38,17,79,28,24,14,56,5,16,38,30,6,26,31,29,35,14,37
20170820,19,PM2.5_24h,60,51,66,52,68,62,49,64,45,56,69,58,,,55,,53,50,53,,51,46,42,,44,57,,61,62,55,72,49,57,46,38,38,50,40,49,42,15,18,26,13,23,60,81,68,56,48,46,68,62,55,48,37,41,24,32,43,14,18,26,20,26,42,34,,39,36,39,47,50,46,51,53,48,48,50,47,,52,45,39,41,38,43,37,58,58,67,79,60,60,75,64,19,28,33,,,32,36,29,31,,36,18,17,17,17,14,15,14,17,18,16,17,13,12,,11,8,8,11,10,12,19,20,13,,21,17,21,21,20,16,20,19,18,19,24,21,14,20,19,16,12,19,8,7,5,4,14,3,4,11,4,18,18,16,14,12,18,,17,16,18,14,18,18,18,,,,36,26,,22,27,33,,22,19,17,,9,,11,8,21,17,12,22,13,,,,12,13,,22,17,17,12,13,,16,14,14,14,14,18,21,22,,11,,28,,24,28,22,18,29,23,25,28,24,21,29,16,23,30,29,26,,30,29,27,30,26,27,32,41,35,,,11,,27,27,,28,24,29,19,18,18,,22,21,32,33,39,20,21,26,16,20,14,16,20,27,23,19,15,17,32,,35,35,34,40,33,20,33,31,20,15,39,27,34,19,,29,40,46,36,46,53,61,55,,8,8,11,6,11,9,11,11,10,42,42,48,43,47,67,42,44,41,30,27,23,24,30,30,21,25,24,22,30,21,34,25,22,24,21,20,23,32,29,25,,32,26,25,48,26,52,26,35,20,20,16,16,16,33,18,15,17,16,31,13,13,11,12,27,27,25,12,16,20,39,37,18,13,13,6,14,15,16,14,31,29,38,28,27,37,37,31,25,29,37,31,33,29,25,32,26,23,26,25,30,28,5,8,14,9,10,21,,24,17,29,16,11,19,21,22,,19,12,13,19,17,,18,30,26,15,23,,20,31,7,19,6,15,9,13,20,16,,15,11,16,11,19,14,19,6,7,5,3,11,3,51,45,40,43,51,48,44,55,46,43,39,54,48,22,21,12,26,16,14,,16,17,24,,,,27,16,17,23,28,26,17,,18,20,31,25,24,21,33,31,24,22,23,16,18,22,21,31,34,54,44,43,48,32,38,29,41,37,38,66,23,26,16,15,18,17,40,37,29,32,26,25,26,35,34,,31,,22,,12,13,15,13,37,,,42,,33,19,19,,,23,30,40,28,21,23,20,20,14,31,9,12,11,8,13,,23,,24,,21,27,33,25,22,22,21,15,13,13,7,5,10,14,12,23,,52,54,54,47,52,28,28,17,29,20,31,12,11,11,11,14,10,,18,22,24,29,33,33,13,10,16,42,33,35,13,13,12,45,56,,37,32,,22,28,24,26,17,24,27,6,,,43,43,53,42,,36,44,41,39,39,40,,38,41,,51,63,53,52,58,49,59,52,60,51,37,24,27,26,,18,15,27,23,24,18,,31,21,14,15,12,24,13,17,28,15,19,12,30,32,33,31,30,13,11,8,10,11,,8,20,15,18,11,23,16,16,17,20,10,12,22,18,17,13,14,14,14,14,23,14,17,12,18,25,22,25,19,29,26,31,17,58,86,,63,83,67,75,37,48,41,37,47,35,37,38,40,76,69,69,72,51,62,53,71,62,68,,62,26,32,24,24,21,26,25,29,30,29,29,30,25,29,26,25,30,32,10,18,21,14,16,17,24,26,21,17,6,6,14,27,25,26,27,32,24,,4,26,26,25,26,27,34,39,30,44,38,22,17,16,18,38,36,44,32,58,,,49,16,16,24,31,28,35,35,39,37,31,20,24,19,,24,23,19,36,38,36,39,32,42,38,47,33,19,43,53,32,35,36,43,36,43,41,39,38,59,47,45,8,14,8,17,,18,19,39,29,8,8,14,14,15,22,33,20,21,20,38,40,15,,18,12,16,9,22,19,17,17,14,12,16,14,10,17,6,6,7,10,5,4,17,18,17,18,16,,16,16,18,18,18,,8,13,25,18,26,11,12,12,15,9,,12,10,19,22,,33,,27,,,20,18,28,43,26,33,43,36,,41,45,,34,38,90,91,84,91,81,75,41,41,39,43,37,42,,32,36,51,38,,42,48,41,30,32,57,,53,22,23,23,13,38,21,24,,31,28,22,55,,,12,10,16,19,26,19,18,40,34,40,46,29,17,26,23,25,33,23,30,26,33,31,33,26,27,30,15,18,16,13,12,17,12,13,,6,11,11,12,14,15,26,28,19,28,14,24,5,22,12,16,6,8,12,10,15,17,13,19,11,16,13,15,28,17,19,10,12,15,,42,31,42,15,19,20,,21,37,20,,31,36,42,38,26,30,22,36,31,31,19,46,35,30,24,9,13,12,11,19,13,,23,24,34,37,10,10,7,14,23,33,,24,38,9,5,10,35,47,30,24,36,43,38,36,35,39,32,45,35,31,33,29,29,31,31,25,,44,44,47,38,6,25,20,22,17,25,26,22,22,29,24,34,32,31,32,67,57,46,49,56,51,52,45,53,30,30,27,28,29,36,39,31,38,33,29,28,33,39,45,42,39,,45,52,46,29,,29,30,48,,47,62,52,57,60,41,35,50,44,40,48,39,39,28,46,52,42,,33,36,22,33,23,40,40,36,60,52,39,61,31,41,13,32,30,33,,12,25,,18,26,26,22,35,29,29,27,32,31,27,19,20,26,22,20,27,29,30,36,33,17,24,36,14,15,18,32,19,14,16,11,19,,16,11,18,18,20,15,24,21,27,25,24,27,12,18,24,39,40,47,42,25,25,21,20,21,24,27,25,31,23,29,31,30,32,32,39,35,14,20,17,23,23,16,21,6,8,11,8,49,43,41,40,30,37,27,35,30,30,31,28,22,15,22,34,24,32,28,,16,26,24,26,30,29,33,34,28,39,,19,21,,9,21,20,23,15,3,4,5,,7,8,12,14,12,15,27,31,11,18,28,12,13,17,13,10,12,24,30,11,10,11,,3,12,17,18,16,20,13,12,26,17,20,11,10,12,,9,13,11,9,14,9,10,11,11,11,11,14,2,3,14,18,6,4,5,4,22,,3,,3,5,23,28,30,28,31,25,26,24,,16,14,15,12,14,9,11,20,27,10,11,3,8,21,19,20,22,27,29,28,14,10,19,,10,9,23,35,14,24,12,31,6,23,18,12,21,8,11,13,8,14,16,22,33,19,19,15,22,18,10,16,28,28,15,46,,52,89,111,31,19,31,12,9,8,13,31,16,12,28,39,26,52,55,42,49,41,50,43,14,17,23,29,27,13,30,32,22,19,42,30,10,24,10,12,21,24,19,27,14,18,14,42,46,37,44,40,34,21,24,31,23,19,23,12,15,12,15,9,31,36,17,18,13,28,14,23,11,58,,45,30,80,55,36,60,51,14,55,20,16,14,64,28,23,48,44,10,35,24,16,19,11,35
20170820,19,PM10,,88,66,53,58,58,80,90,92,96,66,75,,,81,,54,69,63,,51,57,,,27,58,,105,101,107,,89,67,,41,38,96,39,67,45,21,20,24,34,27,85,116,54,63,,114,77,78,82,90,112,50,41,75,,102,59,49,54,41,59,60,,54,57,75,56,88,57,65,59,64,59,68,82,,286,81,87,77,81,85,92,78,85,99,73,84,64,61,78,35,58,58,,,59,56,56,57,,42,19,19,25,20,27,22,19,13,16,21,38,77,24,,25,18,11,20,39,33,75,41,33,,37,53,38,40,35,27,66,28,56,44,48,62,53,42,58,39,42,39,22,,29,18,29,29,22,18,18,20,26,25,35,28,19,,39,42,34,38,48,33,35,,,,53,46,,121,96,103,,44,28,29,,22,,34,26,33,34,29,29,30,,,,22,36,,41,40,30,32,48,,37,28,27,40,37,29,34,30,,56,,27,,38,34,35,29,30,26,28,29,45,44,37,,32,46,36,38,,35,38,48,43,50,40,40,75,64,,,20,,50,45,,37,29,63,44,24,29,,61,46,52,42,40,47,51,45,51,49,78,43,41,53,54,67,61,42,57,,78,76,71,83,13,68,64,39,63,29,59,75,97,32,,53,53,65,39,50,55,49,57,,37,24,30,29,20,29,24,28,21,58,59,42,66,68,70,69,68,74,53,46,40,60,50,24,34,66,47,,45,41,62,74,46,59,69,40,,68,79,61,,,68,55,44,55,150,72,68,40,49,29,47,44,,40,29,33,28,62,30,,22,20,38,42,60,39,32,46,44,45,,32,33,13,46,60,25,41,56,59,63,52,54,104,83,102,67,73,58,68,66,48,37,47,63,32,36,38,59,51,15,11,26,20,27,34,,32,11,52,39,24,28,38,35,,22,37,30,33,31,,30,38,41,31,61,,28,74,38,47,22,27,31,32,33,25,,40,33,29,32,36,23,42,15,12,12,5,50,24,48,77,80,46,90,50,109,80,75,106,77,25,134,59,27,7,,32,28,,54,20,,,,,36,37,24,19,25,15,23,,15,38,38,43,49,38,,42,33,,36,29,35,102,58,61,56,,49,58,29,42,52,20,27,33,45,56,38,38,14,11,14,24,38,43,,26,30,38,33,62,68,,75,,54,,47,56,52,53,50,,,59,,65,17,42,,,44,51,30,44,14,37,42,48,51,51,11,25,22,10,17,,50,,44,,49,59,62,76,73,49,52,30,54,51,19,17,20,32,32,,,65,59,,57,78,43,62,36,57,46,72,54,38,30,21,54,25,,35,43,43,61,,57,40,32,41,117,56,69,27,57,58,59,36,,97,92,,32,51,41,128,37,73,50,18,,,72,57,64,115,,63,53,41,60,44,47,,46,50,,102,,,112,98,56,84,84,56,83,82,57,52,34,,27,38,102,53,138,39,,45,47,39,28,,42,94,24,49,16,,8,64,40,,52,46,31,26,53,25,36,,14,45,38,42,33,67,46,39,49,36,85,36,26,35,58,,23,26,39,,45,58,54,47,65,54,38,55,39,48,63,34,,112,123,,88,109,113,111,44,70,73,61,68,46,55,53,49,115,105,96,100,77,79,51,54,88,110,,,72,111,75,70,61,66,68,67,,,31,45,79,,25,,27,35,29,41,32,,23,42,38,32,45,31,25,24,44,44,45,25,50,46,77,,13,29,37,30,28,51,61,66,56,68,65,44,25,25,32,57,53,33,22,81,,,82,41,39,36,,44,37,65,57,43,59,41,32,33,,38,24,14,89,30,46,22,52,63,,76,22,26,45,30,,18,13,27,31,33,39,32,101,101,84,91,32,41,37,56,,40,37,99,63,26,17,33,16,40,86,78,97,38,21,49,42,15,,41,30,36,32,36,26,33,32,21,22,31,32,,42,,6,,11,16,16,27,27,20,46,40,33,35,30,32,82,49,,28,41,,40,,28,27,32,32,30,,27,27,38,25,,44,,84,,,30,21,37,110,81,83,97,42,,47,61,,44,66,136,127,128,,161,,54,45,37,40,,85,,49,89,72,68,,61,74,88,75,53,86,,75,28,32,43,24,47,33,,,,53,53,,,,25,23,15,26,58,67,34,64,51,56,75,49,52,54,85,81,67,50,47,49,46,38,85,59,44,35,,14,14,21,16,,13,42,,16,42,38,37,24,38,67,101,35,48,91,85,53,37,60,44,12,48,36,13,23,27,33,38,20,69,88,39,77,35,56,47,25,36,,64,38,,21,36,45,,70,66,59,,,73,,69,,52,46,50,46,,31,,32,38,42,45,8,28,34,62,55,,45,48,,80,56,25,40,,67,68,,46,40,25,29,16,48,56,57,41,72,75,48,89,92,,44,103,92,21,25,37,,45,57,57,,,63,76,67,10,113,50,21,28,28,39,44,38,46,48,53,58,77,60,43,49,41,37,53,48,46,35,39,38,37,42,42,40,43,49,47,66,47,43,60,52,59,56,47,47,,51,54,55,38,,40,44,46,,45,44,45,50,46,,,31,41,59,60,59,83,68,36,56,,,58,56,55,,56,55,46,62,,92,81,97,45,56,49,91,112,96,,35,34,,57,,,,,61,46,,50,38,42,45,34,38,37,40,30,34,58,39,,26,43,34,25,23,27,36,65,45,54,26,21,,29,19,47,19,43,64,56,,42,27,24,,29,34,40,34,36,48,32,76,41,41,36,35,24,42,32,36,35,37,24,32,38,,28,28,30,33,33,32,36,31,33,9,12,16,19,70,51,49,68,,48,45,55,50,56,53,54,47,52,52,53,28,46,57,,46,41,24,26,38,43,52,56,,,,46,69,,28,66,38,43,28,4,15,19,,11,13,16,19,18,23,48,69,63,96,54,27,32,,30,31,44,101,57,16,17,23,,18,35,39,41,90,116,26,25,,,31,26,17,24,,11,22,29,15,31,18,32,67,44,27,39,59,65,20,,58,13,12,27,78,126,,8,,29,80,69,65,75,51,23,28,30,25,,42,22,17,17,38,30,28,,12,36,40,10,,26,10,63,68,,,,22,24,47,,13,12,,44,17,,,,28,20,24,42,42,24,32,26,16,16,,36,85,17,30,,13,13,29,28,133,231,52,86,,88,360,254,24,26,,,,11,19,18,30,15,67,43,,31,33,59,81,89,66,96,36,36,29,24,43,21,87,46,38,36,61,38,24,41,,46,23,45,43,41,17,33,23,46,80,70,64,61,68,,38,33,58,41,32,44,27,34,27,25,51,104,36,35,43,97,33,32,24,120,,67,43,101,88,99,63,63,39,,42,32,23,88,65,21,60,33,12,35,57,37,64,,56
20170820,19,PM10_24h,,66,63,56,64,59,76,76,58,77,69,81,,,76,,64,65,69,,68,57,49,,63,55,,109,119,101,89,83,74,88,68,65,113,103,100,86,25,27,41,42,44,105,128,94,83,59,74,71,73,73,69,66,53,68,70,71,68,55,49,68,44,51,56,,51,55,65,62,74,58,70,90,82,63,89,83,,110,66,67,72,81,60,82,109,117,130,148,126,123,107,110,32,42,49,,,61,52,47,49,,72,27,23,26,30,29,29,21,21,26,22,38,63,36,,34,16,18,24,26,35,93,67,63,,65,65,61,60,52,40,52,53,54,37,31,41,39,34,39,29,33,34,21,9,17,11,26,22,21,16,19,27,40,42,33,34,34,,41,36,28,35,44,38,35,,,,71,51,,65,65,64,,42,33,27,,23,,33,23,42,31,25,42,20,,,,24,24,,28,28,26,24,30,,25,21,30,27,31,30,29,23,,36,,47,,38,46,41,27,44,32,36,42,48,39,47,26,37,44,42,43,,34,40,53,45,49,49,46,62,63,,,22,,51,38,,57,38,43,34,28,27,,38,30,50,50,52,36,38,38,36,31,30,27,30,40,34,32,27,30,67,,76,75,77,80,44,40,53,64,71,65,87,76,82,29,,75,76,104,73,80,103,84,91,,30,26,29,34,23,22,23,49,18,72,66,64,75,65,65,72,69,83,71,62,62,55,59,74,54,64,59,55,54,35,72,59,42,56,49,44,52,53,57,52,,51,60,39,86,53,75,54,60,27,34,23,38,31,58,25,24,28,21,44,19,16,19,17,47,50,50,31,32,31,58,53,31,27,29,19,33,35,30,33,50,50,50,43,36,76,70,66,64,61,61,55,51,56,44,63,57,44,64,57,57,63,16,16,22,21,25,36,,49,30,64,39,42,69,54,57,,34,44,45,40,56,,33,43,35,29,64,,31,58,31,34,23,25,37,33,33,28,,36,29,24,37,36,29,53,11,15,9,6,22,11,74,75,66,79,82,72,71,108,56,75,61,81,103,54,44,34,52,37,23,,20,29,53,,,,53,52,44,77,70,54,52,,57,44,54,42,47,38,40,49,45,40,40,20,33,52,56,55,73,75,69,82,84,77,62,52,59,73,68,101,49,45,30,28,28,38,68,65,47,51,61,48,45,76,68,,58,,35,,31,35,36,29,51,,,61,,63,27,30,,,56,68,61,61,32,58,44,54,48,74,22,24,20,12,22,,51,,53,,49,48,44,51,34,37,45,24,24,28,18,16,19,35,28,37,,73,66,74,67,68,48,53,34,46,39,50,31,26,24,20,35,17,,34,33,38,50,60,52,24,20,27,72,66,65,24,26,24,84,61,,65,62,,40,48,44,48,28,54,53,28,,,76,65,64,126,,52,51,54,50,50,51,,51,52,,80,76,83,74,85,94,74,97,113,91,63,63,56,40,,22,26,41,32,51,24,,50,53,28,35,19,46,58,29,50,49,39,35,57,49,49,59,50,33,32,29,29,31,,11,52,46,50,29,58,51,37,65,57,37,35,30,24,35,23,21,20,24,23,40,31,33,28,47,69,47,54,39,66,62,63,29,126,119,,114,102,129,126,54,73,67,62,75,62,67,59,61,124,105,99,104,93,88,76,93,92,96,,78,54,68,58,58,52,54,50,55,33,31,43,45,46,32,45,32,42,36,31,49,64,22,28,29,46,43,57,24,23,22,37,39,45,32,50,52,76,,16,32,36,34,40,41,54,54,47,63,69,47,29,48,41,60,67,51,44,78,,,67,31,37,40,40,46,54,72,77,55,57,60,39,55,,43,35,47,63,61,64,73,47,54,75,77,66,70,96,82,81,80,85,73,72,83,107,99,87,93,70,63,33,26,26,45,,42,39,85,70,36,17,35,33,40,89,85,99,37,28,64,63,26,,30,24,29,27,30,32,26,21,23,24,42,38,41,40,24,14,11,12,14,12,38,34,35,33,30,24,30,30,34,53,45,,22,29,34,32,31,25,20,18,21,12,,23,19,40,33,,44,,51,,,35,31,47,81,61,55,68,62,,64,66,,76,85,116,119,113,103,146,123,61,84,65,81,66,59,,50,53,65,76,,59,70,65,54,46,106,,72,42,40,42,34,51,36,61,,95,83,93,65,,,43,45,29,36,34,55,27,62,57,59,74,64,30,44,52,58,54,36,50,41,68,47,74,47,51,41,30,27,27,27,30,36,27,42,,16,41,32,29,25,36,66,75,42,53,58,111,26,53,39,34,10,24,25,21,31,36,44,56,19,45,65,32,51,34,36,39,34,29,,64,34,51,30,33,38,,44,47,52,,33,55,46,61,43,51,47,55,57,43,39,53,43,52,32,42,35,21,32,33,44,,40,43,40,48,38,28,20,23,49,47,,57,57,21,21,19,66,57,51,36,55,66,49,65,53,57,48,68,59,59,62,72,63,49,45,48,,70,69,92,62,13,79,53,47,44,39,56,49,52,57,39,59,51,61,50,91,96,72,68,85,68,80,73,76,43,45,48,44,51,46,46,42,59,45,39,50,57,72,72,68,61,,68,67,67,45,,46,47,66,,59,80,80,78,67,63,51,65,64,73,82,79,71,56,62,68,63,,50,67,72,56,32,50,33,52,70,71,69,72,43,54,45,53,61,59,,37,38,,48,35,41,38,44,48,34,20,55,48,42,44,42,53,40,37,40,48,55,62,46,32,49,45,32,37,37,55,78,50,60,28,28,,41,30,53,35,48,59,68,27,43,40,47,33,26,43,63,66,66,81,61,90,43,39,42,42,44,46,36,62,58,48,49,49,54,67,56,59,26,53,46,41,44,24,38,28,34,31,53,82,52,53,79,54,56,41,46,40,43,39,42,54,45,41,50,43,60,69,,59,54,40,37,39,48,66,51,31,42,,30,40,,42,77,60,70,52,9,9,10,,17,14,16,24,21,26,40,55,43,59,42,21,25,31,24,46,53,73,48,27,19,17,,21,31,34,45,52,134,48,26,27,25,39,28,28,23,,28,36,21,26,35,32,22,27,27,21,31,49,56,19,46,68,8,11,12,20,41,,9,,14,28,39,54,57,50,52,46,44,49,,30,23,22,19,54,34,26,32,40,18,21,8,13,37,35,64,60,46,47,44,28,19,59,,14,20,41,52,19,34,18,34,12,35,47,48,45,50,44,56,36,56,37,70,116,66,64,18,39,31,32,45,68,85,75,207,,161,524,350,71,47,72,25,28,15,40,50,50,22,47,47,38,82,56,58,100,60,62,89,44,31,22,36,40,25,48,38,36,34,78,38,17,55,34,52,29,43,34,56,23,28,21,50,75,77,59,60,58,50,46,56,53,33,34,22,35,19,24,17,66,60,28,37,21,53,39,56,34,103,,74,44,111,103,68,61,70,29,75,36,42,25,90,72,24,63,62,24,51,38,64,43,21,48
20170820,19,SO2,2,2,2,2,2,2,3,2,2,2,2,2,,,5,,6,1,7,,5,3,9,,7,3,,8,31,10,2,9,7,5,12,13,27,25,31,32,4,4,17,12,8,3,4,6,2,10,20,6,3,3,10,8,17,16,2,7,6,7,8,4,5,5,11,,3,13,17,16,4,5,7,6,17,8,10,13,,18,21,11,12,9,13,15,23,20,21,12,24,23,19,11,4,15,8,,,5,5,9,5,,5,9,6,14,17,6,4,6,6,5,7,7,8,8,,8,5,8,9,2,11,9,5,3,,4,6,12,10,7,5,13,6,8,6,9,10,5,8,10,3,8,7,6,13,10,23,9,9,8,5,8,7,7,13,5,6,7,,8,16,15,21,12,15,11,,,,21,13,,39,26,46,,26,4,8,,3,,3,3,1,7,3,8,19,,,,8,7,,8,5,5,5,5,,4,20,8,15,2,2,9,9,,7,,9,,6,8,5,7,4,7,6,11,3,6,7,4,9,6,7,3,,7,6,7,10,10,12,12,4,8,,,6,,8,5,,4,3,4,3,4,7,,7,6,5,3,4,5,6,6,7,5,2,8,2,17,7,16,,5,5,,10,5,5,11,2,7,7,14,12,13,8,8,7,2,,9,5,10,15,5,9,14,7,,2,3,6,1,10,7,7,11,8,4,7,6,7,7,2,9,5,8,13,5,3,13,6,2,2,7,3,6,11,11,11,11,11,9,14,3,,10,15,13,,11,69,12,14,13,5,9,8,15,15,15,12,6,15,23,9,16,11,,14,3,3,5,13,14,11,7,6,10,13,12,11,6,8,6,7,4,6,5,13,17,16,11,11,16,19,17,11,10,19,15,11,10,7,8,8,7,6,7,7,9,3,5,6,3,6,12,,10,6,11,17,8,9,14,11,,8,15,10,5,13,,7,4,15,10,7,,6,5,10,2,6,6,4,2,5,6,,11,8,9,10,9,9,12,6,14,10,9,8,5,6,2,7,6,7,5,5,5,7,6,6,6,8,6,2,2,6,4,3,,8,6,2,,,,12,14,8,11,8,6,8,,6,22,16,13,14,13,9,19,15,8,8,4,6,13,9,23,16,17,14,19,11,6,12,6,6,4,4,4,5,3,3,5,2,5,6,7,5,7,5,10,8,4,5,,5,,11,,7,7,6,8,15,,,7,,4,7,7,,,17,14,12,26,16,14,13,9,19,23,7,7,6,8,8,,12,,12,,4,18,28,14,3,9,7,11,24,11,2,1,4,15,12,12,,11,24,8,9,11,9,8,8,8,8,42,18,9,10,9,17,8,,6,8,12,8,7,7,10,10,10,8,5,5,8,19,31,8,8,,18,17,,10,10,6,11,7,13,15,6,,,9,9,8,52,,18,20,13,15,10,5,,4,7,,44,85,60,55,33,12,4,10,6,9,4,10,10,6,,6,5,6,11,6,7,,7,10,7,7,9,21,5,7,15,7,7,2,18,8,25,28,24,8,5,5,8,5,,2,7,5,5,15,12,2,3,9,7,8,4,7,2,12,4,6,6,3,2,5,10,7,22,15,14,10,12,7,7,27,2,4,11,14,,10,16,12,12,7,8,8,6,4,3,6,6,5,10,9,5,3,13,15,17,11,5,7,,7,13,10,7,6,8,5,8,9,,3,6,1,2,4,9,9,9,10,12,9,5,9,7,3,8,8,5,5,6,6,6,6,5,2,5,11,4,,2,4,4,6,6,6,6,8,5,7,4,10,13,7,10,3,3,9,3,10,,,12,3,5,11,5,7,3,5,11,11,12,8,5,11,,6,16,13,10,9,15,5,10,8,6,9,12,10,10,14,3,5,3,3,3,4,5,2,11,9,6,7,7,3,7,4,,13,16,117,17,4,5,3,3,6,2,5,3,7,14,9,12,4,,5,2,7,7,4,5,5,4,2,2,7,5,7,2,3,3,3,3,9,5,5,7,9,14,11,15,12,20,,11,16,,7,7,12,15,9,9,8,18,10,7,,15,11,10,8,,8,,9,,,1,2,17,7,9,7,8,5,,8,11,,3,7,12,10,21,3,12,12,7,5,4,5,11,30,,21,17,6,2,,8,14,10,3,8,15,,15,46,43,61,4,7,5,3,,6,3,4,26,,,6,4,14,10,8,6,9,9,7,5,4,7,9,9,17,8,8,7,,3,8,10,5,5,,7,9,7,15,21,10,3,10,9,,8,8,7,7,8,2,2,1,2,9,5,7,4,1,2,3,3,3,13,7,6,1,6,14,2,3,3,2,12,10,13,3,11,32,,10,8,8,18,10,9,,9,5,11,,19,8,11,19,10,40,5,4,14,32,10,5,17,28,6,8,10,21,3,6,3,,9,6,12,2,15,6,8,7,14,12,,26,28,17,8,9,13,10,8,11,6,53,9,10,10,5,6,14,6,6,8,5,8,5,5,6,,6,4,17,7,5,11,6,7,41,5,9,9,7,19,28,9,22,24,19,6,7,7,9,5,12,7,17,6,9,5,17,15,16,5,9,7,7,9,8,12,6,14,23,8,12,,8,2,4,7,,5,4,6,,3,9,7,7,6,,7,10,2,5,6,5,7,6,8,5,7,,10,7,5,5,11,8,13,9,13,9,7,13,7,3,4,5,18,6,,7,6,,1,3,3,4,4,2,1,4,10,12,9,13,12,9,9,7,14,23,18,12,82,15,8,2,10,15,6,13,3,13,4,3,10,,6,8,3,4,3,4,2,4,4,7,32,20,1,2,4,5,10,5,5,18,13,13,15,14,11,7,1,6,3,6,9,14,8,9,10,3,8,,4,7,8,9,7,10,17,20,21,7,7,14,10,6,7,5,21,4,2,2,6,4,7,5,8,7,7,5,,7,11,23,6,15,3,11,2,28,8,,5,4,,5,10,6,6,8,9,8,6,,20,8,12,20,16,20,13,6,11,24,8,4,4,2,2,8,6,11,11,3,10,3,,3,8,3,21,17,8,24,9,4,5,6,4,14,15,,7,9,6,7,9,9,6,6,13,20,23,11,1,6,4,8,4,5,4,7,3,,4,,5,1,12,6,7,3,4,6,7,3,,6,7,5,4,13,6,7,7,9,5,5,5,2,2,3,9,10,4,8,8,4,12,3,,7,13,4,6,5,6,11,9,4,15,13,23,18,6,10,7,5,5,5,10,4,2,11,8,5,2,2,12,3,2,5,1,,16,22,27,9,10,7,4,3,4,7,7,6,10,1,7,12,5,4,7,31,22,7,15,8,3,8,6,5,6,8,10,11,11,2,7,6,8,8,5,20,10,7,5,10,4,4,9,3,10,12,6,18,6,8,21,1,7,5,6,5,12,9,13,21,24,20,8,9,13,14,10,14,56,,10,9,13,12,16,14,6,7,21,1,5,5,4,8,3,12,14,6,10,8,1,15,11,7
20170820,19,SO2_24h,3,2,3,3,4,3,2,4,2,3,3,2,,,8,,10,3,6,,8,4,12,,16,3,,8,30,8,2,10,8,4,30,25,50,46,50,46,6,4,16,11,12,6,10,12,10,11,16,7,5,4,8,9,22,20,10,9,8,8,13,8,8,8,15,,7,12,17,18,4,6,7,7,10,9,11,13,,17,15,28,13,13,15,17,16,18,19,13,18,15,16,11,7,15,11,,,9,20,11,15,,14,8,8,10,11,6,5,6,5,5,7,7,8,8,,8,5,8,9,3,11,10,6,4,,4,9,11,14,9,6,12,9,6,6,7,7,5,7,8,5,8,8,10,13,9,23,9,9,9,8,7,8,7,14,6,5,9,,8,19,18,19,14,19,7,,,,18,10,,15,25,27,,24,8,10,,3,,3,4,2,8,4,9,19,,,,9,9,,8,7,6,8,11,,5,10,7,15,3,2,10,9,,8,,13,,11,10,6,7,9,8,8,13,5,10,10,4,6,6,7,3,,7,6,7,13,11,12,12,4,8,,,6,,8,5,,6,5,7,5,6,9,,8,6,16,12,11,5,6,6,7,5,2,17,3,18,15,14,24,6,6,,9,7,5,12,3,10,12,39,36,39,30,31,15,4,,32,7,16,21,6,13,17,15,,2,3,4,3,10,5,6,11,7,5,9,8,7,6,4,10,6,9,11,7,7,12,8,5,3,6,5,8,20,11,19,14,18,11,16,4,12,12,15,15,,14,18,17,19,14,6,10,13,13,12,13,10,6,13,17,8,13,12,9,6,4,5,6,12,8,11,11,9,11,25,26,9,7,7,7,9,12,8,7,15,18,17,12,12,12,16,12,12,8,16,26,14,19,7,13,9,7,7,11,7,9,3,6,6,3,6,16,,15,12,12,20,9,12,16,16,,15,13,13,10,16,,8,7,16,10,7,,6,11,10,3,6,6,5,4,6,6,,13,12,10,12,14,18,25,7,14,10,9,9,7,8,2,7,6,9,5,7,8,9,6,5,8,10,6,3,2,7,4,4,,7,6,3,,,,17,10,8,10,9,6,10,,11,22,94,33,20,19,10,48,15,11,11,4,8,15,12,22,22,22,12,27,14,10,7,7,8,5,9,12,6,5,7,7,3,5,13,13,8,33,8,40,16,4,21,,14,,9,,8,8,9,8,17,,,9,,5,9,6,,,18,12,11,27,19,12,16,8,19,22,8,7,6,7,5,,13,,14,,5,14,19,20,4,8,8,11,10,3,2,2,5,15,12,12,,38,17,30,15,18,14,12,12,10,16,40,10,9,12,10,12,8,,11,20,9,8,7,10,9,9,10,9,9,8,5,7,8,16,17,,18,17,,13,14,13,12,7,10,19,7,,,9,9,9,18,,22,24,27,24,10,4,,2,8,,29,47,35,26,37,15,6,18,31,20,6,12,14,11,,6,5,6,6,6,6,,17,12,10,9,9,26,5,6,14,7,8,3,17,22,24,25,23,9,6,5,9,5,,2,7,5,5,16,11,3,3,9,8,7,4,6,3,16,5,7,8,5,2,7,12,14,12,14,23,19,20,8,20,44,23,6,11,13,,12,20,18,13,8,15,9,11,10,3,6,5,6,16,12,9,4,14,12,9,12,7,12,,10,12,10,8,7,8,7,10,9,29,25,36,12,9,23,8,13,12,12,19,9,6,9,7,7,10,10,6,5,6,6,9,8,7,9,8,16,4,,2,5,4,7,6,6,6,9,5,9,5,25,18,11,11,4,4,10,6,14,,,11,3,4,11,7,8,5,8,14,12,9,10,8,13,,9,18,12,12,12,15,7,11,9,6,9,12,10,10,14,4,5,3,3,4,4,4,2,10,9,6,8,10,6,18,7,,11,12,52,14,4,6,3,9,6,4,5,4,9,13,11,13,4,,4,2,7,5,5,5,5,4,4,4,9,7,6,3,4,3,2,3,9,5,6,8,11,11,10,14,11,22,,11,14,,7,7,12,13,10,10,8,17,11,6,,16,13,12,9,,9,,14,,,2,2,14,7,8,7,8,6,,8,10,,15,24,20,12,17,9,14,22,11,11,16,14,16,24,,15,15,6,5,,9,16,20,23,17,49,,34,7,9,9,7,9,7,4,,6,7,6,27,,,7,4,14,10,7,6,9,11,10,16,21,10,7,7,12,8,13,7,6,4,11,8,7,13,8,10,15,14,7,8,6,4,8,9,,8,8,7,7,8,2,2,3,5,10,6,8,4,17,2,7,3,4,11,7,6,2,3,14,2,17,13,3,20,10,12,4,10,30,,15,13,10,14,12,13,,10,2,10,,24,14,28,23,31,34,26,18,26,24,11,8,11,24,11,8,9,11,4,6,3,,10,19,19,14,11,7,7,8,13,13,,24,32,18,13,10,12,10,8,14,6,16,10,9,13,5,7,15,6,9,16,9,11,5,6,6,,10,4,25,8,5,19,10,17,48,4,8,20,21,20,28,26,32,32,26,16,24,14,18,29,36,22,42,31,11,4,15,17,16,4,10,7,7,8,34,30,32,73,24,18,23,,14,6,10,8,,5,5,8,,5,9,7,7,6,9,8,10,3,7,7,4,6,6,8,7,5,,7,22,24,5,11,8,19,9,10,10,6,9,10,8,8,6,10,7,,9,8,,3,5,4,6,8,6,2,3,12,12,10,18,17,14,16,10,17,23,18,65,41,24,17,10,20,19,8,21,14,21,14,6,8,,8,12,4,4,6,6,1,6,4,16,43,21,3,1,5,19,12,10,14,17,12,14,15,12,17,9,3,8,4,11,33,55,12,21,12,12,7,8,5,15,18,9,14,7,34,30,24,10,9,13,11,16,10,10,9,6,3,3,6,4,8,5,8,8,9,6,,8,12,18,6,12,5,15,5,27,7,,4,3,,6,21,6,7,8,9,8,7,,20,9,13,15,13,14,14,7,13,23,9,4,4,3,2,6,6,10,16,5,10,3,,3,6,3,24,37,7,19,9,5,4,12,7,12,15,,23,9,8,9,8,10,4,6,12,12,17,10,2,6,5,9,4,4,5,5,3,,4,,6,1,4,8,6,7,7,7,7,5,,9,10,6,7,20,6,6,7,9,4,6,6,7,4,2,15,12,4,7,8,3,12,4,,8,14,4,5,5,7,12,12,4,11,9,14,9,6,8,5,5,5,5,5,5,1,12,7,6,2,3,12,4,2,4,5,,15,42,40,13,15,9,3,3,3,9,9,9,11,14,6,16,13,8,10,33,15,7,30,12,7,8,6,6,6,9,9,12,11,4,8,6,21,17,40,21,22,13,7,10,4,4,18,12,8,13,12,26,7,9,18,3,6,11,9,6,14,13,12,22,26,13,9,9,7,14,13,15,33,,12,10,16,24,23,10,8,6,25,2,4,6,7,36,5,12,19,6,10,6,2,12,12,17
20170820,19,NO2,23,12,20,15,28,24,27,27,17,24,26,24,,,23,,22,22,28,,22,46,17,,4,18,,25,14,17,24,6,21,6,33,43,40,35,48,38,11,8,18,34,11,32,29,13,11,20,16,12,25,19,15,20,24,31,25,20,44,19,12,24,8,25,32,,22,35,20,23,14,30,30,9,29,22,15,31,,13,59,53,30,33,30,34,23,38,21,21,21,30,20,19,12,46,80,,,41,43,44,69,,31,10,17,17,16,8,10,12,14,12,1,29,26,13,,23,2,8,27,27,20,12,75,7,,21,41,46,27,47,10,32,32,60,49,61,67,51,36,52,53,41,46,23,16,33,31,28,33,6,21,20,9,31,34,24,11,30,,28,34,41,42,38,42,15,,,,61,27,,34,25,31,,20,17,15,,37,,24,7,28,31,16,43,28,,,,18,27,,56,19,22,17,17,,22,24,17,,17,25,10,9,,19,,7,,34,28,48,7,31,27,35,47,38,37,33,17,65,47,65,56,,16,52,55,28,25,27,19,68,37,,,35,,21,30,,24,40,37,24,18,20,,18,29,15,11,25,10,8,6,13,24,18,8,14,49,17,50,,13,14,,19,31,17,23,9,28,27,53,27,16,20,33,32,7,,23,31,17,18,25,28,19,33,,18,26,20,18,24,29,11,25,24,25,21,27,29,25,19,33,50,5,66,71,39,85,65,27,38,56,36,2,13,5,21,16,14,14,28,17,,12,49,34,,52,59,33,23,41,42,41,12,45,53,62,59,35,28,79,20,31,29,,48,24,13,8,22,55,20,21,14,11,36,34,28,17,14,9,17,21,12,12,32,34,37,16,22,40,43,31,28,35,19,27,20,9,27,26,28,22,24,17,31,29,9,5,15,7,6,12,,24,53,22,9,7,11,13,55,,33,32,33,25,18,,16,16,37,29,33,,32,11,15,30,7,11,7,20,26,29,,14,14,7,16,18,16,22,13,6,11,7,29,12,38,31,63,32,33,31,38,14,31,38,25,29,32,20,16,7,34,40,2,,7,13,18,,,,21,20,26,17,4,20,17,,9,19,8,6,17,5,15,27,13,27,14,3,7,12,8,27,25,26,23,28,12,34,22,14,31,14,28,14,22,20,4,5,10,7,17,22,5,4,15,11,18,24,27,,9,,27,,17,18,25,22,19,,,12,,22,19,19,,,11,21,23,19,17,15,11,14,2,10,6,22,32,8,15,,8,,8,,15,15,28,25,21,20,38,32,67,46,8,5,4,12,11,12,,22,17,28,13,24,17,28,16,23,9,26,31,20,20,22,26,8,,22,9,15,11,26,18,10,13,11,36,16,18,19,22,27,29,27,,27,27,,13,18,15,24,11,23,18,11,,,18,18,30,47,,49,38,14,29,18,10,,14,25,,2,35,9,7,3,27,32,22,21,21,18,20,12,19,,36,55,77,123,99,58,,35,14,14,19,11,35,3,18,41,25,24,2,20,29,29,26,26,27,28,34,15,36,,8,17,20,10,4,5,29,23,14,27,21,18,23,12,13,13,42,17,52,23,23,35,17,20,8,12,34,37,2,16,58,47,3,33,21,,18,29,22,30,14,10,18,21,23,14,7,12,12,17,20,22,15,22,10,27,18,15,33,,18,10,38,14,17,19,15,18,9,12,19,7,30,14,6,3,3,1,11,4,8,14,15,14,8,24,14,10,7,9,8,11,14,12,12,16,20,30,,10,8,21,12,10,11,26,26,21,15,9,15,8,24,15,10,15,15,14,19,,,23,8,12,11,8,15,18,25,19,29,20,28,11,12,,16,25,11,25,41,24,43,7,23,19,13,17,27,40,40,4,19,53,34,35,26,51,66,16,35,19,2,8,8,6,13,,13,27,29,27,14,17,2,15,6,8,13,16,10,,12,15,15,,24,26,19,29,12,7,5,13,7,9,15,12,7,12,6,3,7,5,12,11,8,11,19,60,36,40,35,41,28,43,49,,10,34,41,23,49,12,29,23,33,4,,14,16,8,12,,23,,45,,,19,6,14,9,10,19,19,13,,16,17,,13,6,25,11,19,12,16,14,18,16,12,11,19,36,,26,30,5,10,,14,2,24,20,6,30,,12,44,27,33,31,15,15,12,,13,12,8,31,,,16,4,17,15,14,12,7,11,28,16,31,14,36,51,53,40,14,15,15,23,10,4,19,19,17,20,24,34,44,20,9,4,18,16,,27,16,9,19,7,11,45,7,9,16,45,58,6,33,26,18,4,20,15,1,31,42,15,49,9,41,20,9,27,15,14,7,17,20,,22,28,17,20,11,19,,15,2,7,,7,25,17,12,43,65,60,88,27,19,49,55,50,32,29,20,12,15,17,31,15,,31,29,28,24,53,19,,18,13,6,,14,19,19,26,9,36,20,18,14,19,34,32,2,10,5,23,35,17,27,31,15,10,14,22,18,,2,2,7,4,2,21,13,15,4,2,7,8,8,18,9,12,15,23,28,19,24,27,16,31,15,7,11,9,8,3,17,11,30,6,7,3,18,24,9,23,9,19,24,20,21,,19,23,10,17,,10,,13,,12,8,12,7,5,,14,10,12,10,11,9,12,12,7,7,12,,24,23,13,17,4,42,21,26,32,20,16,33,23,5,21,16,23,13,,5,6,,13,4,11,13,5,6,10,9,10,4,17,18,12,14,11,14,2,11,21,16,9,4,22,8,17,19,10,12,9,14,16,7,8,,12,9,7,11,1,4,1,5,10,10,13,6,3,17,11,16,10,14,20,23,12,20,14,17,12,17,25,20,22,9,8,10,18,8,8,9,9,11,12,11,12,8,14,34,33,35,33,6,18,12,12,14,18,21,14,11,39,19,13,12,28,42,34,5,8,9,,17,17,9,19,15,21,9,21,17,9,,30,38,,6,31,26,21,20,7,17,14,,14,6,8,16,10,20,15,15,13,28,12,4,8,6,8,2,13,16,8,11,10,13,,5,24,11,15,20,16,8,14,11,4,6,5,7,10,,5,8,4,8,8,6,12,26,12,9,14,27,15,7,6,23,8,12,9,12,8,,8,,4,8,21,10,28,12,37,38,34,,,14,7,32,19,17,8,3,11,23,12,14,6,5,7,22,12,15,8,19,12,17,28,27,,6,10,7,18,10,27,5,12,3,16,2,3,14,8,14,11,17,15,14,20,18,5,7,7,6,16,2,6,9,11,,2,,7,23,34,10,4,7,14,1,8,14,8,7,10,37,7,50,8,9,19,21,36,1,35,32,9,22,43,18,22,15,11,9,5,10,17,5,13,11,16,13,22,21,12,22,4,18,29,24,20,54,16,24,18,21,12,17,16,18,13,,50,28,,20,,32,17,23,23,14,16,5,27,,31,14,18,14,25,35,14,12,21,10,4,6,30,39,10,21,18,7,11,22,9,21,2,12
20170820,19,NO2_24h,33,15,41,26,46,34,45,35,13,34,53,52,,,35,,35,30,40,,35,30,24,,19,34,,56,39,33,44,19,42,11,53,58,45,45,57,59,16,31,24,24,30,41,31,25,24,21,16,24,27,26,17,18,16,20,19,22,30,20,27,26,14,43,44,,36,29,24,29,21,31,25,16,26,24,21,43,,19,31,28,37,42,33,32,33,53,51,64,46,52,58,33,14,26,39,,,35,33,31,38,,39,9,17,12,11,6,7,10,14,12,2,34,32,23,,30,5,7,24,14,26,34,45,21,,48,54,49,48,56,25,34,40,33,35,37,35,37,23,30,35,28,37,29,17,28,26,26,29,14,31,34,21,40,31,30,20,29,,34,25,34,29,20,33,20,,,,35,21,,25,25,28,,29,18,22,,17,,21,11,28,32,18,32,16,,,,16,26,,17,17,16,16,19,,23,14,18,18,17,21,8,8,,19,,11,,17,44,42,6,35,30,35,49,34,26,36,27,19,23,23,25,,8,25,26,34,24,32,24,32,21,,,24,,21,23,,19,13,14,9,8,10,,16,19,25,21,30,16,14,10,25,38,31,24,34,62,28,35,36,28,26,,31,35,25,34,11,28,25,38,25,31,41,37,37,7,,28,42,28,30,34,32,33,37,,13,22,22,21,24,27,12,27,10,20,17,29,26,21,14,23,31,17,46,43,34,50,32,43,36,35,32,18,25,11,30,27,25,30,34,38,22,21,46,39,,51,55,31,64,58,39,54,31,41,47,41,37,28,45,46,21,38,35,45,22,14,20,11,29,43,30,22,18,13,42,41,21,13,11,11,17,19,13,15,37,40,43,7,28,33,42,38,36,41,37,32,23,24,40,33,39,27,29,30,32,33,10,7,13,10,6,14,,31,36,42,23,22,47,26,58,,34,43,35,33,41,,23,27,48,34,40,,35,9,16,23,5,15,12,18,23,18,,17,21,10,22,23,22,28,14,20,22,9,28,12,28,25,49,35,34,37,23,40,18,28,18,36,22,20,16,4,28,28,3,,7,13,14,,,,21,18,56,36,28,49,44,,27,19,27,18,22,13,18,26,19,24,17,3,7,28,7,39,31,36,29,43,27,31,18,15,20,18,29,30,22,23,11,12,12,19,25,30,17,14,22,27,27,37,30,,21,,18,,19,17,27,17,26,,,15,,16,21,18,,,11,25,28,25,22,15,25,14,3,9,11,23,22,6,14,,15,,16,,20,19,22,26,21,17,22,24,10,10,8,5,7,17,13,18,,25,20,30,20,45,21,24,18,23,13,20,16,11,15,12,16,8,,16,12,13,18,21,20,9,12,11,37,25,33,10,12,13,44,33,,24,23,,14,15,17,18,10,28,29,16,,,15,13,22,34,,26,18,16,22,13,6,,19,11,,9,30,12,5,6,52,33,31,42,40,14,20,13,16,,12,25,27,46,33,15,,28,18,10,17,9,24,7,18,25,21,17,9,29,28,30,35,32,21,17,18,13,18,,5,20,17,20,7,10,20,24,12,23,11,13,14,10,27,13,32,28,33,26,32,21,17,17,16,10,30,23,6,15,28,27,4,27,17,,25,28,19,22,20,18,26,23,33,15,8,14,10,25,28,35,16,12,7,16,16,12,25,,13,21,27,23,25,18,21,21,13,13,16,13,24,8,17,9,5,11,16,5,16,27,13,5,6,23,17,20,9,11,11,14,21,18,18,26,23,27,,11,12,26,16,19,12,24,22,21,17,17,39,19,29,19,14,18,18,19,19,,,28,17,15,13,14,13,18,25,21,32,15,30,17,23,,17,24,20,23,24,10,25,5,10,24,21,27,32,38,40,11,18,26,27,22,28,29,34,17,15,12,5,13,12,12,21,,10,21,27,24,10,18,3,16,12,28,24,22,12,,17,21,13,,17,18,14,22,15,8,3,9,11,11,19,12,12,16,7,4,6,3,12,10,21,24,28,38,19,30,20,25,31,29,27,,12,28,32,22,36,17,22,10,16,3,,12,14,20,16,,23,,23,,,13,6,19,11,9,16,11,15,,17,13,,25,27,32,20,30,21,23,18,22,23,21,21,31,16,,22,15,2,13,,13,4,31,26,15,43,,33,11,7,9,17,18,13,17,,12,9,9,25,,,18,12,16,10,11,9,4,17,27,16,29,27,10,18,22,16,14,13,14,22,14,7,21,20,21,18,21,27,24,19,10,9,14,12,,23,25,11,14,7,13,30,8,9,15,26,22,7,28,11,14,2,9,6,2,18,25,21,38,6,24,17,11,15,8,14,11,19,19,,28,22,18,28,20,24,,16,7,8,,13,23,21,21,52,56,31,42,31,25,27,22,23,22,31,23,14,16,16,16,13,,20,33,39,24,18,22,15,16,12,5,,35,27,17,24,16,27,20,23,17,15,26,26,13,12,5,17,17,13,25,30,27,27,15,15,17,,14,8,19,9,3,24,18,23,14,9,26,11,15,29,7,18,18,22,20,22,24,13,18,27,18,16,16,19,13,11,14,16,23,9,10,3,14,16,14,33,20,20,27,18,23,,31,33,23,12,,11,9,13,,11,9,9,6,4,14,16,12,13,12,19,11,13,15,9,10,8,,29,30,29,30,6,22,17,18,17,11,13,22,24,17,28,14,17,11,,9,12,,17,3,11,16,8,4,9,12,17,6,15,21,17,15,19,13,7,20,21,18,13,14,24,15,20,22,21,24,24,22,27,6,4,,13,9,5,8,6,10,3,6,11,17,24,10,6,21,19,30,22,24,29,22,12,15,18,15,22,23,25,28,24,12,13,14,18,13,13,17,13,24,24,14,13,11,12,26,43,32,32,15,21,17,23,15,16,19,21,19,24,18,11,22,32,36,36,12,17,20,,18,32,25,29,18,32,15,27,28,16,,13,20,,9,35,23,20,20,6,8,9,,19,6,12,14,10,18,14,15,13,28,12,4,7,6,4,13,16,15,13,14,16,7,,6,12,8,11,21,19,12,14,10,6,9,12,7,10,,10,9,6,12,13,9,12,16,10,7,10,16,15,7,12,31,4,6,5,5,13,,8,,4,10,15,16,19,17,25,24,26,21,,14,11,19,18,11,5,3,18,14,12,12,10,10,12,16,21,23,7,17,9,10,16,19,,7,7,6,26,11,29,11,11,5,10,3,5,11,9,10,10,13,12,11,46,41,13,25,7,35,37,6,17,18,20,1,22,,29,18,23,41,27,32,13,3,6,29,30,30,20,37,12,47,43,22,26,26,18,4,56,21,24,20,20,19,19,20,11,21,14,14,28,3,19,17,24,12,16,15,15,20,3,20,30,37,33,29,20,30,19,18,18,18,10,17,15,26,24,24,11,29,12,24,23,18,20,29,29,20,27,,44,13,27,27,25,31,19,11,21,19,6,9,21,45,16,24,31,7,9,18,15,14,10,22
20170820,19,O3,124,122,159,139,145,152,156,140,172,195,156,141,,,121,,97,94,125,,75,44,75,,87,99,,174,171,165,137,139,119,147,87,74,83,83,80,89,101,109,102,86,85,124,105,124,131,202,184,193,191,195,188,129,137,128,112,139,62,87,96,84,31,138,160,,158,119,128,128,114,140,138,143,127,132,141,168,,178,104,140,168,149,157,159,140,110,121,118,135,133,131,120,82,102,40,,,50,104,101,87,,106,67,87,73,77,86,97,69,90,83,93,67,73,74,,76,43,77,80,47,46,101,38,90,,83,83,63,96,62,95,99,72,52,41,47,41,38,76,45,28,42,45,66,100,99,90,74,57,100,92,93,130,96,90,110,104,124,,116,71,91,76,67,104,94,,,,92,101,,147,116,134,,76,86,100,,63,,95,91,100,109,102,75,85,,,,88,83,,45,88,74,64,71,,87,72,105,93,84,90,90,100,,59,,139,,99,84,39,81,78,24,62,59,60,61,77,34,11,26,10,15,,48,17,8,52,55,48,54,44,66,,,51,,116,109,,48,30,42,27,63,39,,131,112,103,77,80,92,91,78,110,113,110,140,113,127,131,92,137,121,139,,131,107,138,102,57,86,99,28,50,48,69,53,60,56,,52,98,122,133,101,103,134,134,,94,98,92,102,108,108,110,86,88,131,139,118,128,128,131,128,109,120,36,26,60,27,12,90,54,55,32,94,112,135,105,92,116,115,110,126,,81,155,172,,204,200,164,198,186,215,168,154,123,133,61,71,94,222,66,92,98,116,,30,43,59,44,148,106,141,136,134,107,110,119,102,126,98,85,114,116,99,107,228,234,212,209,222,281,267,297,198,161,139,129,112,125,52,127,81,75,65,94,57,71,10,30,47,31,17,167,,157,69,150,114,121,94,134,74,,97,102,109,114,119,,102,130,141,124,100,,89,127,54,41,59,56,53,48,41,33,,62,62,44,59,52,54,51,87,62,96,91,59,87,63,37,45,50,45,34,48,57,76,78,57,48,60,106,79,120,65,72,60,,60,94,80,,,,102,103,88,85,96,91,118,,94,89,103,110,94,114,79,73,87,88,82,51,50,104,91,95,98,99,90,120,117,94,103,97,89,89,102,137,118,110,52,51,41,52,95,100,81,98,91,95,95,72,67,,109,,138,,131,140,140,121,146,,,131,,119,92,85,,,97,122,111,87,103,94,143,92,125,102,88,75,62,94,77,,131,,124,,105,153,144,146,146,133,124,97,63,88,82,74,78,83,96,79,,145,139,140,175,158,69,49,63,56,78,84,63,56,46,42,74,59,,42,62,56,132,112,99,107,114,104,129,163,147,44,31,27,136,103,,100,89,,110,103,124,97,82,112,98,47,,,144,144,128,84,,67,82,120,96,133,146,,163,156,,177,124,188,175,137,153,177,164,176,169,139,93,104,103,,57,23,44,9,4,34,,57,55,51,56,43,67,58,61,20,57,33,40,91,85,83,95,100,58,45,42,43,36,,53,79,80,87,85,88,18,25,33,26,29,97,82,84,76,84,63,108,69,108,106,47,88,95,97,59,70,55,45,60,42,37,97,164,182,,188,177,183,170,114,130,122,115,119,123,129,118,115,180,164,182,178,150,144,151,153,138,108,,133,84,56,102,95,95,84,93,90,98,74,101,108,117,83,111,121,100,85,93,56,64,83,45,67,82,81,79,48,73,53,45,89,88,76,75,68,57,,21,85,73,72,78,100,119,130,132,138,133,85,80,64,67,156,164,152,167,90,,,90,99,88,96,88,158,135,147,150,187,171,98,108,88,,90,55,66,54,28,36,22,56,53,78,51,77,63,67,74,86,36,10,22,19,40,17,5,121,112,119,120,110,94,125,130,,124,109,134,122,100,82,56,117,110,89,93,105,101,101,109,106,107,,110,150,100,91,97,81,120,102,103,29,80,88,98,90,78,76,73,81,75,84,95,128,110,82,67,,72,79,123,92,57,,92,77,99,86,77,116,94,64,62,105,,92,102,49,81,,51,,119,,,52,50,107,121,119,131,116,113,,131,113,,87,104,175,177,174,180,174,185,141,130,120,131,114,154,,171,152,159,165,,153,159,135,127,146,100,,73,108,118,132,91,111,131,105,,101,107,125,138,,,81,83,97,92,128,121,111,146,119,119,127,153,72,45,54,37,115,57,98,113,110,119,93,92,100,72,68,65,73,55,48,51,31,88,,70,85,45,36,,36,6,36,58,81,73,31,61,41,30,45,40,32,31,20,38,37,73,40,63,28,55,57,74,77,83,88,72,88,,87,88,96,104,118,110,,141,141,143,,127,112,142,135,83,54,50,26,77,59,48,24,44,58,77,46,61,109,100,85,117,,116,132,134,132,60,85,78,95,143,127,,69,57,94,69,80,92,86,109,106,77,79,74,39,79,117,88,73,81,57,60,67,78,112,106,118,,88,104,107,98,52,81,89,94,102,77,104,105,110,99,68,94,76,85,71,87,91,114,114,105,54,64,66,78,97,84,102,79,67,53,86,120,76,62,77,64,70,74,137,123,121,,138,124,150,116,,123,120,148,,140,142,107,111,120,,155,147,148,146,127,138,123,125,126,116,119,,82,102,94,101,82,114,121,88,79,82,97,93,68,70,80,74,75,70,,75,71,,79,81,76,77,77,83,103,97,89,82,74,60,66,58,64,64,56,64,57,61,72,88,76,89,84,73,112,107,126,120,145,60,72,,62,70,63,72,71,65,89,35,59,74,67,85,47,59,51,61,69,69,65,52,72,56,89,65,75,98,90,86,85,55,66,59,78,77,56,67,49,56,62,89,83,77,72,12,40,54,50,141,157,205,162,90,100,81,121,146,105,140,118,104,141,161,161,131,127,137,,120,116,108,103,112,114,107,135,97,131,,87,75,,83,78,63,75,63,35,38,12,,115,58,74,65,69,63,101,72,94,76,68,67,64,64,65,45,48,114,125,27,37,51,,54,45,60,72,70,42,72,53,26,31,35,49,51,54,,45,45,48,56,43,50,58,49,62,59,64,38,49,34,44,41,55,51,53,51,66,,109,,36,36,59,82,68,84,54,77,79,78,,74,92,55,57,97,91,107,73,78,98,94,121,122,88,72,112,118,71,65,58,96,71,57,,129,75,75,97,103,65,70,85,,120,101,97,109,121,108,109,83,75,79,140,165,136,138,127,105,101,110,97,129,119,143,127,,176,68,67,111,113,108,79,72,72,105,109,86,99,70,162,195,91,75,160,159,165,175,82,62,100,94,25,80,71,158,112,111,129,136,142,64,48,45,128,62,74,96,139,84,120,91,81,152,135,66,114,114,94,105,98,89,122,140,80,80,55,88,96,122,144,84,87,99,98,129,126,123,180,,127,94,184,170,94,102,113,93,142,86,99,47,124,66,89,72,138,93,84,151,111,157,63,150
20170820,19,O3_24h,170,197,175,177,171,184,189,196,194,208,170,169,,,205,,168,155,220,,149,136,136,,150,183,,200,199,182,172,167,136,154,154,136,159,124,128,143,137,116,128,123,104,154,146,145,155,221,191,193,223,226,188,181,205,199,180,210,135,146,147,150,134,179,191,,188,155,159,160,142,168,164,166,177,182,160,215,,179,162,182,220,184,216,187,167,124,173,159,189,173,166,123,152,174,162,,,152,176,160,173,,178,96,118,105,118,135,153,117,116,103,122,103,100,94,,98,103,109,107,79,60,129,118,102,,110,128,107,130,99,114,163,110,140,118,131,133,120,155,124,113,128,123,88,115,131,112,92,80,113,105,119,136,105,101,124,113,132,,129,92,119,120,124,120,127,,,,189,179,,179,179,171,,81,104,103,,112,,122,126,125,136,122,112,122,,,,106,111,,100,129,123,100,80,,102,104,120,108,105,111,90,100,,60,,158,,147,166,78,99,175,76,183,149,172,153,155,54,121,132,134,156,,129,135,119,231,205,157,197,170,162,,,151,,167,173,,153,148,131,112,106,96,,142,134,146,110,128,156,138,84,122,126,125,150,126,158,138,131,162,133,212,,194,232,229,202,236,123,111,110,126,92,134,117,137,114,,138,127,148,171,114,136,165,175,,133,122,114,141,142,131,129,110,112,164,176,149,174,156,163,164,153,178,164,160,150,180,141,180,154,187,148,146,116,135,116,120,122,122,112,129,116,116,238,237,,267,279,223,234,234,258,244,256,181,157,132,138,146,222,185,128,136,130,44,78,99,139,93,208,180,218,167,151,140,194,208,134,133,150,166,130,119,123,117,274,277,255,270,248,320,295,310,255,231,168,161,162,168,73,141,123,102,99,126,70,101,27,79,110,55,62,280,,194,145,204,135,152,104,186,126,,159,165,176,180,150,,120,179,181,179,155,,121,128,78,63,64,75,60,64,64,66,,69,62,46,72,62,64,61,88,63,96,91,68,89,145,131,141,130,128,113,124,113,123,124,104,132,134,110,81,227,79,91,68,,74,98,128,,,,118,126,108,104,113,108,150,,112,102,107,112,101,118,106,115,114,122,124,52,119,118,119,138,166,148,157,155,148,143,155,152,157,143,162,185,164,128,68,70,64,68,148,158,138,107,124,117,116,215,208,,232,,182,,144,161,164,143,159,,,139,,135,108,110,,,136,186,189,124,161,108,153,102,134,119,116,100,106,119,113,,131,,129,,118,177,175,170,160,161,161,106,131,124,119,101,98,97,99,89,,254,193,237,241,247,139,131,89,130,129,115,111,103,86,88,153,83,,162,179,113,144,152,126,114,131,116,209,244,218,89,88,85,170,179,,211,196,,129,125,143,135,150,142,133,49,,,145,145,137,159,,138,160,166,141,164,168,,178,183,,233,205,242,229,217,164,197,180,178,194,161,96,104,103,,108,103,144,112,120,102,,127,122,103,102,84,128,72,95,63,82,90,73,135,127,128,129,126,93,81,90,83,83,,82,91,104,101,98,103,98,91,98,91,91,122,121,122,94,99,98,135,109,154,106,117,112,119,113,229,156,152,138,131,162,154,136,176,192,,204,201,196,188,141,164,157,154,163,142,142,129,132,200,173,202,187,176,162,168,180,145,123,,147,112,112,121,120,126,94,110,104,103,96,114,118,127,103,111,121,100,85,93,94,110,110,72,82,86,87,85,48,73,53,53,106,94,87,89,88,88,,43,91,89,87,82,133,182,186,183,190,161,99,101,82,74,196,164,167,179,148,,,156,107,98,108,104,178,174,187,185,214,190,108,108,103,,98,65,76,120,134,118,121,102,91,117,82,142,129,119,134,88,85,78,75,79,60,85,77,153,159,166,158,122,97,133,147,,139,141,151,151,131,105,70,120,114,100,106,128,114,109,180,174,126,,144,166,120,111,148,103,127,103,143,42,93,104,119,107,113,103,106,116,95,102,106,154,147,150,127,,123,118,133,147,128,,122,118,136,91,106,125,114,81,80,112,,111,120,57,94,,78,,160,,,86,75,124,127,131,137,130,113,,134,126,,177,154,185,188,183,192,188,199,177,159,148,162,139,209,,203,212,159,165,,157,159,167,160,173,185,,136,132,129,144,140,163,163,105,,122,118,137,182,,,93,91,122,122,143,134,124,148,119,119,134,153,104,105,100,112,194,138,157,186,116,121,111,110,128,117,117,109,122,75,77,67,70,108,,87,120,59,56,60,70,76,65,103,91,121,118,115,78,63,69,74,85,103,76,100,103,98,87,98,89,108,110,101,109,106,110,86,95,,122,115,130,135,143,148,,155,150,161,,145,144,184,156,88,70,77,68,93,91,136,80,83,87,131,69,89,123,118,112,139,,132,162,161,166,106,100,98,104,147,145,,83,82,122,88,119,205,210,180,193,219,134,156,158,155,133,149,135,143,150,163,137,131,149,156,159,,144,148,153,146,81,101,95,103,105,108,112,129,128,116,111,122,120,143,135,171,180,205,185,211,158,173,192,202,117,101,119,93,83,104,106,139,104,107,102,81,101,113,173,177,174,,181,170,197,126,,129,132,156,,149,151,117,123,129,177,182,175,185,182,139,149,147,144,129,125,121,,125,137,156,154,140,136,130,104,108,110,116,108,161,159,133,82,84,77,,88,79,,150,132,153,166,163,100,111,108,126,125,77,78,82,84,76,79,101,87,91,84,87,123,124,136,116,118,115,139,161,170,194,73,80,,68,73,86,89,81,76,99,62,68,83,71,102,92,76,72,105,113,109,108,63,105,69,100,91,75,116,115,114,117,77,88,83,111,104,125,129,64,79,79,89,88,93,83,86,52,80,67,196,205,253,226,180,191,158,207,149,129,140,120,166,183,201,195,143,137,151,,139,126,108,110,118,117,114,145,120,135,,121,110,,143,142,128,146,94,56,102,60,,117,92,93,87,86,79,101,81,106,85,77,79,79,78,80,80,79,125,133,38,51,57,,61,81,86,104,90,55,74,57,32,45,60,77,52,57,,47,46,56,64,157,54,62,88,103,101,79,74,60,46,57,52,72,65,66,64,76,,118,,63,64,117,132,119,128,152,150,151,156,,82,98,70,75,108,96,113,76,100,108,113,126,122,91,85,132,134,92,104,90,111,100,87,,134,96,84,108,120,66,73,100,66,124,108,103,115,121,113,111,102,88,98,150,181,137,148,169,123,117,113,110,129,119,180,160,,225,98,92,124,132,121,86,89,90,118,127,101,105,161,166,261,147,151,203,193,223,176,140,124,103,136,140,145,127,159,126,113,130,146,179,66,49,47,142,130,148,163,157,124,123,116,101,271,196,188,176,157,119,127,107,162,140,158,80,86,104,124,96,171,195,129,117,110,106,189,188,147,223,,203,127,192,170,177,169,174,104,177,91,102,47,135,111,156,170,195,118,130,201,111,205,89,160
20170820,19,O3_8h,132,162,137,134,130,148,154,154,158,177,132,138,,,169,,148,136,182,,128,94,110,,122,157,,190,178,169,159,146,123,127,120,107,118,105,108,117,102,106,105,98,94,143,135,137,148,197,179,180,199,198,176,159,178,173,153,184,112,129,130,128,94,156,165,,164,141,142,148,128,152,153,154,164,167,152,184,,167,143,168,188,167,167,171,130,108,122,116,130,126,127,113,126,144,117,,,126,134,134,138,,146,82,103,84,88,91,118,85,100,93,91,92,88,85,,92,80,92,99,67,56,116,96,100,,97,108,91,115,87,108,136,100,78,64,76,73,70,80,69,64,68,65,77,104,113,100,78,67,107,94,101,115,85,85,103,94,113,,111,81,102,97,85,101,112,,,,142,145,,161,146,143,,71,87,89,,91,,108,106,110,116,106,93,106,,,,95,95,,76,103,87,75,68,,84,90,105,93,92,94,77,89,,56,,141,,126,65,56,81,79,50,58,52,68,68,72,45,70,81,74,83,,90,74,62,130,123,88,119,83,86,,,58,,114,104,,106,99,94,74,87,74,,111,103,108,88,93,123,115,79,102,111,109,132,107,136,128,115,140,110,178,,170,170,190,157,157,109,96,86,98,73,104,94,103,80,,104,117,139,160,108,126,155,161,,102,115,102,127,125,120,117,99,102,152,162,136,156,141,151,150,138,160,96,88,95,102,85,125,90,124,81,121,112,119,110,107,109,107,106,118,99,106,186,196,,226,239,195,184,196,233,201,214,123,126,94,110,107,187,132,103,112,91,,60,79,103,64,171,145,163,142,117,102,158,164,120,120,133,124,114,104,93,103,230,238,218,220,207,284,264,270,226,200,147,138,145,145,63,124,102,88,85,106,62,90,15,49,76,44,45,165,,178,119,184,124,140,100,155,109,,137,147,146,149,136,,101,126,130,117,108,,92,105,67,55,61,66,54,56,52,53,,60,51,40,60,53,53,51,73,48,78,74,58,79,108,93,108,86,95,72,98,74,111,104,87,90,110,94,72,119,57,78,58,,59,81,89,,,,98,110,86,85,94,87,122,,96,96,92,98,95,102,86,100,95,100,95,49,98,109,108,87,88,81,94,97,98,104,106,99,101,98,141,163,146,119,61,61,53,60,127,132,112,102,108,104,110,150,148,,176,,166,,132,149,148,126,151,,,131,,125,103,101,,,116,164,157,108,141,94,138,96,111,108,104,87,88,108,96,,128,,124,,109,162,158,154,144,149,142,102,107,106,95,87,88,89,93,84,,199,171,191,196,194,109,91,75,96,104,105,96,87,70,72,110,72,,110,122,92,138,135,116,95,108,93,184,212,193,73,68,68,135,139,,167,158,,116,113,134,123,110,126,116,41,,,132,135,124,136,,112,135,143,121,157,161,,171,172,,200,173,214,214,174,157,182,172,169,174,150,90,99,95,,81,56,98,61,70,67,,101,90,86,84,72,106,68,82,51,73,73,64,121,110,115,118,117,80,71,79,73,69,,74,84,91,94,91,94,69,67,74,69,72,110,109,112,86,92,79,112,85,123,86,93,90,106,86,142,122,104,106,100,110,107,113,160,176,,186,186,182,174,133,153,145,142,146,134,136,125,124,179,158,188,169,167,155,162,170,139,111,,138,92,86,106,100,107,69,82,81,96,89,100,112,118,90,84,115,93,78,87,69,87,99,62,72,76,74,71,44,64,48,48,99,90,82,82,80,81,,33,66,52,67,59,119,156,165,165,163,147,88,81,68,68,176,156,156,168,124,,,133,79,80,82,84,167,154,170,162,196,164,95,94,87,,87,56,65,100,93,94,83,84,77,98,61,108,99,94,107,83,50,31,36,43,44,40,31,133,132,142,136,112,91,125,133,,116,105,112,104,112,90,54,112,100,92,97,113,105,104,157,150,113,,124,139,111,101,106,92,121,97,132,38,87,98,104,93,89,81,88,96,84,94,86,110,103,106,91,,102,99,111,109,89,,105,101,112,79,87,106,92,69,69,102,,95,102,46,81,,50,,122,,,72,63,106,109,108,117,108,98,,115,107,,146,126,171,174,166,171,176,176,164,149,135,148,129,168,,174,177,155,156,,153,149,151,142,156,145,,112,116,115,122,118,139,146,96,,108,108,124,154,,,90,89,102,100,131,123,110,133,110,112,123,133,95,83,86,89,156,107,126,155,112,116,107,106,117,105,99,94,107,64,65,58,59,96,,78,110,52,47,56,46,43,48,75,80,98,84,89,68,55,62,37,66,73,58,87,86,90,72,88,68,87,88,89,97,97,99,77,88,,111,105,111,122,134,129,,136,130,140,,130,124,158,138,68,54,69,42,79,72,79,55,61,72,98,53,64,115,107,104,128,,123,140,129,144,90,93,90,98,137,130,,76,71,91,73,83,150,158,144,147,150,115,128,119,124,118,125,117,119,102,114,102,107,113,119,133,,120,126,136,122,66,93,88,96,95,90,106,118,116,104,96,106,95,111,105,131,121,145,130,132,92,97,104,121,104,88,107,84,72,90,87,116,84,84,74,62,79,86,158,160,156,,158,151,174,119,,121,124,148,,142,139,108,114,120,166,171,166,168,170,126,135,131,130,113,110,106,,110,124,125,131,113,117,112,94,98,93,105,97,124,122,110,70,74,65,,82,75,,118,116,127,132,137,89,103,97,105,100,72,70,74,71,71,72,80,75,76,73,79,91,103,114,100,99,110,122,142,143,168,68,73,,62,70,80,85,78,73,95,56,60,75,63,89,77,66,58,92,100,97,92,56,85,64,91,76,64,106,108,100,104,70,74,66,97,92,86,101,57,66,70,85,81,82,73,20,35,57,50,179,189,222,194,147,157,128,174,133,110,122,107,120,139,150,144,136,125,138,,123,121,103,102,108,112,86,124,92,117,,109,98,,118,115,100,113,81,44,60,39,,112,81,84,77,80,72,80,70,94,78,64,68,67,66,70,60,63,111,116,34,44,54,,58,66,71,87,80,50,69,53,28,34,46,56,49,53,,45,45,51,56,52,48,56,74,83,78,71,62,55,39,50,46,63,56,57,54,71,,111,,40,41,99,110,102,110,87,98,95,97,,77,90,64,66,99,92,101,67,88,102,102,114,115,82,73,113,118,74,64,61,101,82,73,,126,86,81,89,101,60,71,93,62,111,93,86,95,108,98,99,87,80,85,139,170,126,132,135,100,96,100,95,114,99,172,111,,159,84,83,106,108,108,77,71,70,96,101,84,98,125,162,210,122,127,179,173,180,167,109,106,84,103,77,88,71,142,121,108,126,136,134,63,42,40,122,66,129,136,146,83,115,106,94,153,173,98,158,132,93,100,98,136,105,142,74,81,83,105,89,136,165,110,104,102,89,163,161,138,199,,173,116,177,149,143,136,152,93,152,87,95,45,128,93,123,138,172,108,112,176,99,184,73,155
20170820,19,O3_8h_24h,132,162,137,134,130,148,154,154,158,177,132,138,,,169,,150,137,182,,130,106,115,,124,157,,190,178,169,159,146,123,127,121,107,120,107,109,117,103,106,107,100,96,144,135,137,148,197,179,180,199,198,176,160,180,177,156,187,115,129,130,128,101,156,165,,164,141,142,148,128,152,153,156,166,174,152,184,,179,143,168,188,167,167,171,130,108,122,116,130,126,127,113,133,146,123,,,132,134,134,139,,146,89,108,89,92,105,127,93,100,99,107,97,90,87,,94,90,93,102,72,58,116,105,101,,97,109,93,115,89,109,136,103,88,85,87,94,83,80,79,82,90,81,77,104,113,100,78,67,107,94,101,115,85,85,103,94,113,,111,81,102,97,85,101,112,,,,142,145,,161,146,143,,71,87,89,,91,,108,106,110,116,106,93,106,,,,95,95,,78,103,87,75,68,,84,90,105,93,92,94,77,89,,56,,141,,126,65,56,81,79,51,58,52,68,69,72,54,95,101,102,112,,104,104,84,141,134,97,128,96,95,,,71,,114,104,,122,122,112,83,90,80,,111,103,108,88,93,123,115,80,102,111,109,132,107,136,128,115,140,110,178,,170,170,190,157,167,109,96,94,105,77,107,98,107,81,,112,117,144,160,108,128,155,161,,107,117,102,129,125,120,117,99,102,152,162,136,156,141,151,150,139,160,114,98,95,110,92,125,94,130,86,123,112,119,110,108,109,107,106,118,99,108,186,196,,226,239,195,184,196,233,201,214,123,126,94,110,107,187,132,103,112,91,14,63,82,105,64,171,145,163,142,117,102,158,164,120,120,133,124,114,104,93,103,230,238,218,220,207,284,264,270,226,200,147,138,145,145,63,124,102,88,85,106,62,90,16,50,76,44,48,165,,178,123,185,124,140,100,155,109,,139,147,151,149,136,,101,126,130,117,108,,92,115,67,55,61,66,54,56,52,53,,60,51,40,60,53,53,51,73,48,78,74,58,79,114,100,114,90,102,76,104,74,114,104,89,93,113,94,72,120,62,78,58,,59,81,89,,,,98,110,86,85,94,87,122,,96,97,92,98,95,102,88,102,97,103,99,49,105,109,108,89,91,81,100,97,98,107,114,104,118,100,142,163,146,119,62,62,54,61,133,134,116,102,111,106,110,154,154,,176,,166,,132,149,148,126,151,,,131,,125,104,103,,,120,166,161,114,146,94,138,96,111,108,106,91,94,114,98,,128,,124,,109,162,158,154,144,150,142,102,110,106,99,96,93,90,94,84,,207,174,196,199,200,114,97,75,101,109,108,96,87,70,74,110,72,,114,130,92,139,135,116,95,108,93,185,212,193,74,71,71,135,144,,171,165,,116,113,134,124,111,126,116,41,,,132,135,124,138,,114,148,143,122,158,161,,171,172,,200,173,214,220,174,157,182,172,169,174,150,90,99,95,,94,79,110,86,96,90,,111,104,89,90,75,113,70,85,54,75,80,68,126,112,117,118,117,83,74,84,77,75,,76,84,96,94,92,94,79,71,80,74,80,110,111,114,86,92,79,112,85,123,86,96,90,106,88,142,122,104,106,100,112,107,113,160,176,,186,186,182,174,134,153,145,142,146,134,136,125,124,179,158,188,169,167,155,162,170,139,111,,138,92,86,106,100,107,69,82,81,96,89,100,112,118,91,84,115,93,78,87,70,88,99,62,74,76,74,71,44,64,48,48,99,90,83,82,81,84,,35,66,69,80,61,119,156,165,165,163,147,88,81,68,68,176,156,156,168,124,,,137,79,80,82,84,167,154,170,162,196,164,95,94,87,,87,56,65,105,113,104,100,95,84,100,64,112,102,95,110,83,79,64,70,69,46,78,66,133,132,142,136,112,91,125,133,,116,106,112,111,118,90,55,112,101,92,97,113,105,104,158,152,113,,124,139,111,101,146,92,121,97,135,39,87,98,104,93,97,84,90,100,85,94,86,110,103,106,93,,102,99,111,135,92,,105,101,112,79,87,106,92,69,69,102,,95,102,46,81,,50,,122,,,73,63,106,109,108,117,108,98,,115,107,,151,126,171,174,166,171,176,176,164,149,135,148,129,168,,174,177,155,156,,153,149,151,142,156,145,,114,116,115,122,119,140,146,96,,108,108,124,156,,,90,89,110,112,131,123,112,133,110,112,123,133,97,88,91,100,156,111,126,155,112,116,108,106,119,110,103,98,111,65,68,60,64,96,,87,112,52,47,56,53,56,54,85,80,98,90,92,74,60,66,52,70,79,63,97,96,94,78,93,72,90,94,90,98,97,99,77,88,,111,105,111,122,134,129,,136,130,140,,130,124,158,138,68,54,72,44,86,75,82,59,64,74,98,53,86,115,107,105,128,,123,140,129,144,92,94,90,98,137,130,,76,72,91,73,101,156,165,147,151,158,119,136,128,130,121,132,121,125,109,122,109,113,113,119,133,,120,126,136,122,68,93,88,96,95,91,106,118,116,104,98,106,95,111,105,145,139,165,146,154,110,122,132,144,104,88,107,84,72,96,87,116,86,89,74,62,79,86,158,162,158,,158,151,174,119,,121,124,148,,142,139,108,114,120,166,171,166,168,171,126,135,131,130,113,110,106,,110,124,125,131,113,117,112,94,98,93,105,97,125,122,110,70,74,65,,82,75,,118,119,132,135,141,89,103,97,105,102,72,71,76,75,72,73,85,78,79,75,80,95,107,116,103,103,110,126,146,147,170,69,74,,62,71,84,88,79,74,95,59,61,76,63,91,77,66,58,92,101,97,93,56,85,64,91,76,64,106,108,100,104,71,74,68,97,92,90,103,58,67,70,85,81,82,73,38,35,57,50,179,189,222,194,150,159,130,176,133,110,122,107,120,139,150,144,136,125,138,,123,122,103,102,108,112,86,124,92,117,,109,98,,118,116,102,116,82,44,60,41,,112,82,84,82,80,72,80,70,94,78,64,68,67,66,70,60,63,111,116,34,44,54,,58,67,71,88,81,50,69,53,28,34,46,56,49,53,,45,45,51,56,70,48,56,76,83,78,71,62,56,40,50,46,64,57,58,55,71,,111,,48,42,103,111,105,111,92,101,97,100,,77,90,64,68,99,92,101,70,95,102,102,114,115,82,74,113,118,87,94,85,106,94,73,,126,86,81,89,101,60,71,93,62,111,96,86,95,108,98,99,88,80,89,139,170,126,132,135,100,96,100,95,114,99,178,111,,159,86,84,106,108,108,77,71,70,96,101,84,98,127,162,210,125,131,179,173,180,167,109,111,84,103,103,88,71,142,121,108,126,136,134,63,42,40,122,66,134,139,146,83,115,106,94,168,175,106,158,132,94,100,98,136,105,142,74,81,83,105,89,136,165,111,104,102,89,163,161,138,199,,173,116,177,149,148,136,152,93,153,87,96,45,128,94,123,142,173,111,112,176,99,184,77,155
20170820,19,CO,1.1,1,1.1,0.9,1.1,0.9,0.8,1.5,1.2,1.3,0.8,0.9,,,1,,0.7,0.5,1.6,,0.8,0.5,0.6,,0.3,1,,0.6,0.5,0.4,1.2,0.3,0.3,0.6,0.6,0.8,,0.7,1,0.9,0.4,0.4,0.6,0.4,0.4,0.5,0.5,0.4,0.5,0.6,0.7,0.8,0.7,0.6,0.9,0.7,0.7,0.7,0.7,0.7,0.7,0.8,0.6,0.9,0.7,1.1,0.9,,0.9,0.8,0.3,0.2,0.8,0.5,0.8,0.4,0.9,0.6,0.8,1,,1.2,1.2,0.8,1.2,1,1.4,1.1,1.1,1.3,1,1.2,1.4,1.6,1.4,1.5,0.6,1.1,0.9,,,1,0.8,1,1,,0.8,0.5,0.7,0.8,0.9,0.6,0.8,0.8,0.8,0.6,0.5,1,0.9,1,,1,0.6,0.9,0.9,0.8,0.7,0.6,1.1,0.6,,0.2,0.6,0.8,0.8,1.2,0.4,0.4,0.6,0.6,0.9,0.6,0.9,0.8,0.7,0.9,0.6,0.7,0.6,0.4,0.4,1.5,1.2,0.7,1,1.1,1.3,0.7,0.3,0.7,0.6,0.4,0.9,0.5,,0.7,0.7,0.6,0.6,0.6,0.7,0.5,,,,0.9,0.8,,1.7,1,1.4,,0.9,0.3,0.3,,0.5,,0.9,0.8,0.7,0.7,0.9,1.3,0.7,,,,0.6,0.6,,0.8,0.7,0.8,0.4,0.8,,0.6,0.9,0.6,0.5,0.6,0.7,0.9,0.6,,0.8,,0.8,,0.6,0.5,0.8,0.6,0.7,0.7,0.8,0.7,0.7,0.6,0.7,1,1.1,0.8,0.9,1,,0.5,0.5,0.6,0.5,0.3,0.4,0.5,1.3,0.9,,,0.6,,0.8,0.9,,0.2,0.6,0.6,0.7,0.6,0.3,,0.6,0.7,0.5,0.5,0.7,0.6,0.5,0.7,0.6,0.7,0.8,1.1,0.8,0.8,1,0.8,0.6,0.9,0.1,,0.7,0.6,0.5,0.3,0.3,0.5,0.6,1.6,1,0.5,1,1,0.9,0.5,,1.5,0.5,0.7,0.3,0.4,0.6,0.4,0.5,,0.4,0.3,0.4,0.4,0.7,0.5,0.5,0.2,0.6,0.7,0.8,0.9,1.1,0.8,1.1,1.3,0.8,1.1,3.5,1.1,0.7,2.9,1.6,0.5,0.9,1.3,0.8,0.7,0.5,0.5,0.5,0.5,0.6,0.5,0.4,0.3,,0.8,0.7,0.6,,0.9,0.7,0.9,0.6,0.7,0.7,0.9,0.7,0.8,0.8,0.8,0.8,0.8,0.9,0.6,0.7,0.6,0.8,0.6,0.4,0.5,0.4,0.5,0.4,0.8,0.5,0.5,0.6,0.4,0.6,0.7,0.8,0.5,0.5,0.6,0.3,0.6,0.5,0.5,0.7,0.9,0.8,0.7,0.8,1,0.8,0.8,0.8,0.6,0.8,0.9,0.7,0.4,0.9,0.9,0.9,0.8,0.7,0.7,0.7,0.9,0.5,0.5,0.7,0.5,0.5,0.5,,0.7,0.7,0.7,0.5,0.5,0.6,0.6,0.6,,0.7,0.5,0.4,0.6,0.8,,0.6,0.6,1,0.9,0.8,,0.5,0.2,0.5,0.4,0.5,0.6,0.5,0.4,0.6,0.5,,0.5,0.7,0.5,0.6,0.4,0.5,0.5,0.3,0.5,0.4,0.4,0.7,0.5,1.3,1.7,1.4,1.4,1.3,1,1.3,1.2,1.7,1.5,1.5,1.3,1.4,0.4,0.6,,0.4,0.3,0.3,,0.8,0.5,0.7,,,,0.6,0.4,0.7,0.8,0.6,0.7,0.5,,0.7,0.5,0.5,0.4,0.5,0.4,0.4,0.6,0.4,0.5,0.4,0.3,0.6,0.4,1.2,0.6,0.9,1.1,0.8,0.5,0.7,0.5,1.1,0.5,0.4,0.5,0.6,0.8,0.8,0.7,0.6,0.4,0.6,0.8,0.6,0.6,0.5,0.6,0.6,0.5,0.5,0.7,0.6,,0.6,,0.6,,0.7,0.7,0.5,1,1.1,,,0.7,,0.6,0.9,0.8,,,0.9,0.9,1.1,0.7,0.8,0.5,0.5,0.8,0.4,0.3,0.5,0.4,0.6,0.3,0.5,,0.3,,0.6,,0.3,1,1,1.2,1,0.6,0.8,0.5,0.6,0.4,0.5,0.4,0.5,0.4,0.6,0.4,,0.9,0.9,0.8,0.8,0.6,0.8,0.7,0.6,0.9,0.6,0.2,0.9,0.6,0.9,0.6,0.7,0.7,,0.6,0.6,0.4,0.9,0.9,0.9,0.8,0.8,0.6,1.3,0.8,0.9,0.9,0.9,1.2,0.9,1.2,,1,0.9,,0.7,0.9,0.9,1,0.8,0.6,0.7,0.4,,,0.9,1,1,1.2,,1.3,1.2,1,1.1,1.1,1.2,,1.1,1.1,,2.1,1.9,2.1,2.5,1.7,1.7,0.9,0.9,1.1,1.3,0.9,0.8,0.7,0.9,,1.9,3.5,3.1,5.1,9.2,3.9,,0.9,0.7,0.6,0.6,0.7,0.6,0.9,0.9,1.4,1,1,0.6,0.6,0.6,0.5,0.9,0.7,0.7,0.8,0.6,1,3.9,,0.5,0.8,0.9,0.2,0.6,0.3,0.4,0.6,0.4,0.4,0.4,0.8,0.7,0.4,0.9,0.7,0.7,0.8,0.7,0.8,0.8,1.3,0.6,0.7,0.7,0.7,0.6,1.2,0.2,0.1,0.7,0.5,0.6,1.2,1.5,,1.2,1.4,1.9,2.2,0.6,1.1,0.7,1.1,0.9,0.6,0.7,0.3,0.7,1.5,1.1,0.9,0.7,0.9,0.9,1.1,1,1,0.9,,0.9,0.9,1.2,1,1.5,1,0.8,0.8,1,0.4,0.8,0.6,0.3,0.5,0.6,0.6,1.4,1,1.1,0.8,1.2,1.1,1.3,1.2,0.4,0.8,0.5,0.6,0.5,0.5,0.5,0.7,0.6,0.7,0.4,0.7,1,0.8,,0.4,0.6,0.7,0.6,0.6,1.1,1.3,1.2,1.2,1.1,1.2,1,,0.8,0.6,0.2,0.2,0.4,0.3,0.7,,,0.7,0.7,0.8,0.6,0.8,0.7,0.4,0.5,0.5,0.4,0.6,1.2,0.5,0.5,,0.3,0.8,0.7,1.4,1,1.5,1.2,1.4,1.9,1.7,1.4,1,1.1,1.2,1.3,0.5,0.5,1,1,0.8,0.9,1,1,1.1,1.2,1.1,1,0.1,0.2,0.2,0.5,,0.5,0.4,0.8,0.5,0.4,0.8,0.6,0.7,1,1.3,1,2.2,0.6,0.5,0.6,0.7,0.8,,0.5,0.7,0.3,0.7,0.6,0.2,0.5,0.3,0.5,0.6,0.8,0.4,0.5,0.4,0.5,0.3,0.5,0.5,0.4,0.3,0.6,0.7,1,0.8,0.6,1,0.7,0.8,0.4,0.5,0.7,,0.5,0.8,0.7,0.9,0.5,0.6,0.9,0.7,0.9,1.1,,0.7,0.5,0.5,0.9,,0.9,,0.7,,,0.3,0.2,0.5,0.7,1.2,0.6,0.9,1.1,,1,1.1,,0.7,0.4,1.6,1.1,1.6,0.8,1.2,0.9,0.8,1,0.9,1.2,0.8,1.7,,1.5,1.3,1.3,1.2,,1.3,1.2,1,1,1,1.9,,2,1.8,1.2,1.5,0.9,0.7,0.7,0.7,,0.2,0.4,0.2,0.6,,,0.3,0.2,0.3,0.4,0.2,0.5,0.4,0.7,0.5,0.9,0.7,0.4,1.2,0.9,1,1.5,0.5,0.6,0.2,0.3,0.7,0.6,0.6,0.4,0.9,0.4,1.1,1,0.8,2.2,0.8,0.7,1,1.3,,1.1,0.3,0.9,0.7,0.6,0.3,0.7,0.2,0.3,0.6,0.5,0.7,0.8,0.4,0.5,0.5,0.6,0.4,0.6,0.3,0.6,0.3,0.5,0.7,0.4,0.7,0.4,0.3,0.8,0.7,0.6,0.5,0.3,0.8,,0.5,0.7,0.5,0.7,0.7,0.4,,0.7,0.6,0.5,,0.7,0.9,0.9,0.9,0.6,0.7,0.5,0.8,0.4,0.6,0.6,0.4,0.4,0.6,0.6,1.1,0.5,0.4,0.5,0.6,0.8,,0.5,0.5,0.8,1.1,0.7,0.4,0.8,0.6,0.9,0.9,,0.6,0.7,0.4,0.6,0.4,0.9,0.7,0.7,0.7,0.7,2.8,0.9,1,1,0.6,1.1,1.2,1,0.7,0.7,0.3,0.5,0.7,0.9,0.8,,1,0.3,1.2,1.3,0.3,0.6,0.6,0.6,0.4,0.3,0.5,0.4,0.9,0.1,0.8,0.6,0.5,0.5,0.4,1.1,0.9,1,0.5,0.6,0.5,0.4,0.6,0.4,0.6,0.4,0.9,0.8,0.7,0.8,0.8,0.8,0.4,1.2,1.4,1,1,3.3,0.9,0.7,0.6,,0.7,0.6,0.6,0.8,,0.8,0.9,0.7,,0.6,0.7,0.8,0.8,0.6,,1,1.6,1.2,1.2,1,0.7,0.7,0.5,0.8,1.1,1,,1,0.8,1,0.9,0.8,1.4,1,0.8,0.7,1.2,1.1,1.2,0.8,0.6,0.9,1,1.2,1.2,,0.9,0.7,,1.1,0.8,1.1,0.8,1.1,1.5,1,1.1,0.7,0.7,0.5,0.6,0.6,0.6,0.8,0.6,0.5,0.4,0.5,0.5,0.5,1,0.7,0.8,0.7,1,0.9,1.7,1.5,1.4,1,0.5,0.5,,0.6,0.5,1.3,1.4,0.9,1,1,0.9,2.2,1.3,0.5,0.4,0.9,1.3,0.6,1.1,1.3,1.4,1.2,0.6,0.6,0.5,0.9,0.9,0.5,0.3,1.1,0.4,1.1,0.4,0.7,0.6,1,0.8,0.9,1.2,0.4,,0.6,0.4,0.5,0.7,0.4,1.2,0.8,0.8,1.1,0.8,0.4,0.6,0.6,0.4,0.5,0.5,0.4,0.6,0.9,0.8,0.8,0.2,0.5,0.5,0.5,0.3,0.5,0.9,,0.4,0.2,0.4,0.4,0.4,0.5,0.5,0.6,0.7,0.4,,0.8,1,,0.4,0.6,0.7,0.5,0.5,0.4,0.6,0.7,,0.3,0.7,0.5,0.7,0.6,0.8,0.5,0.5,0.3,0.6,0.4,0.4,0.5,0.5,0.4,0.5,0.9,0.7,0.6,0.7,0.8,0.8,,0.5,1.3,1,0.3,0.6,0.7,0.9,0.6,0.3,0.3,0.7,0.8,0.7,0.9,,0.3,0.3,0.7,0.6,0.5,0.2,0.7,0.9,0.5,0.5,1.3,0.8,1.1,0.4,0.7,1,0.5,0.4,0.5,0.5,0.8,,0.2,,0.3,0.2,1.5,1,1.6,1,0.8,1.2,1.3,,,0.9,0.7,1,0.9,0.3,0.6,0.1,0.3,0.4,0.4,0.3,0.3,0.4,0.2,0.4,0.3,0.3,0.7,0.8,0.9,0.2,0.2,0.4,,0.5,0.5,,1.1,0.8,0.9,0.6,1.2,,0.7,1,0.9,0.9,0.4,0.6,0.6,0.5,0.9,1.2,0.7,0.7,1,1.3,0.4,0.8,0.7,0.4,0.1,0.8,0.6,1.1,0.3,,0.4,1.1,0.5,0.6,0.5,0.6,0.6,0.6,0.6,0.5,0.5,0.4,0.8,0.4,1.1,0.7,0.5,0.5,0.9,0.7,1.5,1.5,1.6,0.6,0.5,0.6,0.4,0.8,0.8,0.8,0.5,0.5,0.3,0.7,1,0.7,0.8,0.6,0.5,0.3,0.8,1,0.5,0.7,0.6,0.5,0.6,0.8,0.7,0.8,0.8,1.1,0.6,0.4,0.5,1.5,0.6,0.5,0.5,0.6,0.6,0.7,0.8,0.7,0.8,0.7,0.7,0.9,0.9,0.6,0.4,0.4,2.9,,1.7,1,0.8,0.7,1.2,0.8,0.9,0.4,0.7,0.5,0.5,0.4,1.1,1.4,0.3,0.8,0.8,0.3,0.3,0.3,0.5,0.8,0.3,1.1
20170820,19,CO_24h,1.3,1,1.4,1.1,1.4,1.1,1.1,1.5,1,1.2,1.2,1.2,,,1.7,,1.4,1.1,2.2,,1.5,1,1,,1.1,1.3,,0.9,0.8,0.6,1.5,0.6,0.6,0.7,2.2,2.2,1.8,2.1,2.6,2.5,0.4,0.4,0.4,0.4,0.5,0.7,0.7,0.7,0.8,0.6,0.7,0.8,0.7,0.6,0.8,0.5,0.6,0.6,0.7,0.6,0.7,0.7,0.7,1,0.7,1.3,1.1,,1.1,1,0.5,0.4,0.7,0.5,0.7,0.5,1.1,0.9,0.9,1.1,,1.1,0.9,0.7,1.2,1.1,1.4,0.9,0.8,1.2,0.9,1.2,1.1,1.3,1.4,1.2,0.7,0.9,0.8,,,0.9,0.8,0.9,0.8,,1,0.7,0.7,0.9,1,0.6,0.8,0.7,0.8,0.8,0.8,0.9,1,1.1,,1,0.7,1,0.8,0.9,0.8,0.6,1,0.6,,0.3,0.5,0.5,0.7,1.3,0.4,0.4,0.7,0.4,0.8,0.5,0.7,0.8,0.6,0.7,0.6,0.6,0.6,0.7,0.5,1.5,1,0.9,1.3,1.1,1,0.8,0.3,0.7,0.6,0.4,0.9,0.4,,0.7,0.9,0.7,0.7,0.6,0.7,0.6,,,,1,1,,0.8,1,0.7,,0.9,0.2,0.3,,0.5,,0.8,0.7,0.7,0.7,0.9,1.1,0.6,,,,0.5,0.4,,0.8,0.7,0.7,0.4,0.8,,0.6,0.7,0.3,0.4,0.4,0.4,0.8,0.5,,0.8,,0.8,,0.6,0.6,0.8,0.6,0.7,0.7,0.8,0.7,0.7,0.6,0.7,0.9,0.8,0.8,0.6,0.9,,0.5,0.5,0.5,0.6,0.4,0.5,0.7,1.1,0.8,,,0.6,,0.8,0.8,,0.2,0.5,0.4,0.6,0.6,0.3,,0.6,0.5,0.6,0.5,0.7,0.7,0.5,0.7,0.6,0.7,0.8,1,0.8,0.5,0.9,0.8,0.5,0.9,0.1,,0.7,0.6,0.5,0.4,0.3,0.4,0.5,1.4,0.8,0.6,1.1,1,0.9,0.5,,1.5,1,1.2,1,0.8,1.2,0.9,1,,0.3,0.2,0.4,0.4,0.6,0.5,0.4,0.2,0.6,1.1,1.1,1.3,1.5,1.2,1.5,1.5,1,1.4,1.3,1,0.9,1.2,0.8,0.7,0.8,0.6,0.8,0.9,0.7,0.5,0.6,0.5,0.7,0.7,0.4,0.4,0.6,0.7,0.7,0.7,,0.8,0.7,0.9,0.9,0.8,0.6,1,0.7,0.7,0.7,0.7,0.7,0.8,0.9,0.6,0.6,0.6,0.7,0.6,0.4,0.5,0.5,0.5,0.5,0.9,0.7,0.6,0.7,0.6,0.7,0.8,0.8,0.6,0.6,0.6,0.3,0.5,0.4,0.5,0.7,0.9,0.7,0.7,0.7,0.8,0.7,0.7,0.8,0.6,0.9,0.9,0.7,0.5,0.9,1,1.1,0.8,0.9,0.9,0.8,1,0.5,0.5,0.7,0.5,0.6,0.5,,0.8,0.7,0.8,0.6,1,0.8,0.8,0.6,,0.8,0.5,0.5,0.8,0.9,,0.7,0.6,1,0.9,0.8,,0.6,0.3,0.4,0.4,0.5,0.6,0.5,0.5,0.6,0.4,,0.6,0.8,0.6,0.9,0.6,0.7,0.7,0.4,0.7,0.5,0.4,0.8,0.5,1.2,1.5,1.3,1.5,1.2,1.1,1.2,1.6,1.4,1.3,1.4,1.4,1.3,0.5,0.6,0.2,0.4,0.3,0.4,,0.9,0.8,0.6,,,,0.7,0.5,0.9,1,0.8,1.1,0.8,,0.9,0.6,1.4,0.7,0.7,0.5,0.4,0.6,0.5,0.5,0.7,0.3,0.5,0.7,1.1,1.1,1.4,1.3,0.8,0.9,1,0.6,1.1,0.6,0.6,0.7,1.1,2.1,1,1,0.7,0.7,0.7,1,1.2,1.2,1,0.7,0.7,1.1,0.6,0.7,0.6,,0.6,,0.5,,0.7,0.7,0.5,0.8,1.2,,,0.8,,0.7,0.9,0.7,,,1.2,1.2,1.6,0.8,1.1,0.4,0.4,0.7,0.4,0.4,0.5,0.3,0.5,0.3,0.5,,0.4,,0.6,,0.3,1,0.8,1.2,1,0.5,0.8,0.4,0.4,0.3,0.4,0.4,0.5,0.4,0.6,0.4,,0.9,0.9,0.8,1,0.7,0.7,0.7,0.6,0.8,0.6,0.6,0.7,0.5,0.8,0.5,0.5,0.7,,0.6,0.5,0.4,0.8,0.7,0.7,0.7,0.7,0.5,0.9,0.9,0.9,0.6,0.6,0.8,1.1,1.3,,1,0.9,,0.7,0.9,0.9,0.7,0.6,0.6,0.6,0.5,,,1,1.1,1.1,1.2,,1.1,1.1,1,1.1,1.1,1.1,,1.2,1.2,,1.8,2,1.7,2,1.9,1.7,0.8,1.1,1.5,1.5,0.8,1.1,0.5,0.3,,0.7,1.4,1.7,1.8,1.8,1.5,,0.9,0.8,0.6,0.6,0.6,0.7,0.9,1,1.5,1.1,1,0.8,0.8,0.8,0.6,1.2,1.1,0.7,0.7,0.5,0.9,0.9,,0.4,0.8,0.8,0.3,0.6,0.3,0.3,0.6,0.4,0.4,0.4,0.6,0.5,0.4,0.7,0.7,0.7,0.8,0.6,0.8,1,0.9,1,0.9,0.9,0.6,0.6,1,0.3,0.2,0.5,0.4,0.5,1.3,1.8,,1.3,1.6,2.4,2.2,1,1.6,1.1,1.4,2.5,0.8,0.9,0.6,0.9,2.2,1.4,1.1,1.1,1.1,0.9,1.2,1.3,1.1,1,,1,0.9,1.1,1,1.3,0.8,0.8,0.8,1,0.4,0.7,0.6,0.4,0.5,0.6,0.6,1.3,1.1,1,0.6,1.1,1.2,1.2,1,0.4,0.7,0.5,0.6,0.5,0.3,0.7,0.7,0.7,0.8,0.6,0.8,1.1,0.8,,0.4,0.7,0.7,0.7,0.7,1,1.3,1.1,1.3,1.1,1.2,1.6,0.4,1,0.7,0.4,0.4,0.5,0.4,0.7,,,0.6,0.7,0.8,0.6,0.8,0.9,0.6,0.6,0.6,0.5,0.7,0.9,0.5,0.4,,0.3,0.9,0.9,1.2,1.1,1.4,1.3,1.6,1.6,1.7,1.5,1.2,1.3,1.3,1.5,0.8,0.8,1.1,1,1,1.1,1.1,1,1,1,0.9,0.9,0.3,0.3,0.3,0.6,,0.5,0.4,0.8,0.7,0.4,0.7,0.7,0.7,0.9,1.6,1.2,2,0.6,0.8,0.9,1.1,0.7,,0.5,0.6,0.2,0.6,0.5,0.2,0.4,0.2,0.5,0.6,0.9,0.3,0.5,0.4,0.5,0.4,0.5,0.5,0.4,0.3,0.6,0.7,0.9,0.7,0.5,0.9,0.7,0.7,0.6,0.6,0.6,,0.5,0.8,0.8,0.9,0.7,0.6,0.8,0.4,0.6,0.8,,0.5,0.5,0.6,0.9,,0.8,,0.6,,,0.4,0.3,0.5,0.6,0.8,0.5,0.5,1.1,,1.1,1,,0.8,0.6,2.4,1.7,2.2,1.5,1.8,1.5,1.1,1.3,1.2,1.6,0.9,1.1,,1.1,1,1.2,1,,1.3,1.2,1.1,1.1,1,1.8,,2.1,1.2,0.6,0.6,0.6,0.6,0.4,0.5,,0.6,0.4,0.3,0.6,,,0.4,0.3,0.6,0.5,0.4,0.4,0.4,0.7,0.6,1,0.8,0.4,0.6,0.5,0.5,0.8,0.6,0.5,0.2,0.4,0.9,0.7,0.7,0.6,0.8,0.4,0.9,1.1,0.9,1.1,0.9,0.8,1.1,1.1,,0.9,0.2,0.8,0.7,0.6,0.4,0.6,0.3,0.4,0.5,0.4,0.9,0.5,0.9,0.4,0.5,0.5,0.4,0.6,0.2,0.4,0.3,0.4,0.7,0.3,0.4,0.5,0.4,0.7,0.6,0.5,0.5,0.3,0.8,,0.5,0.7,0.6,0.7,0.7,0.4,,0.5,0.4,0.4,,0.4,1,0.8,0.9,0.7,0.8,0.5,1,0.6,0.6,0.4,0.8,0.4,0.6,0.6,1,0.4,0.3,0.4,0.5,0.7,,0.4,0.4,0.6,0.8,0.3,0.4,0.4,0.5,0.8,0.8,,0.8,0.7,0.5,0.6,0.4,0.7,0.7,0.7,0.6,0.7,1.6,1,0.8,1,0.6,0.9,1,0.9,0.7,0.8,0.6,0.7,0.8,0.9,0.8,,1.1,0.9,1.1,1.2,0.3,0.9,0.8,0.8,0.5,0.5,0.9,0.6,1.2,0.7,0.8,0.7,0.5,0.4,0.3,1.2,1,0.9,0.6,1,0.7,0.4,1,0.6,0.8,0.6,0.8,0.7,0.6,0.7,0.8,0.6,0.4,1,1.4,1.1,0.9,1.1,1.7,1.2,1.3,,1.1,1,1.1,0.9,,0.9,1,0.9,,0.9,0.8,0.9,0.9,0.7,1.4,1,1.6,1.3,1.2,1.1,0.7,0.8,0.6,0.8,1.1,1,,0.9,0.8,0.9,1,0.8,1.2,0.8,0.6,0.6,1.1,1,1,0.9,0.8,0.9,0.7,0.9,0.9,,0.9,0.6,,1.1,0.8,1.1,0.9,1.1,1.1,0.8,1,1,0.8,0.6,0.8,0.8,0.6,1,0.6,0.5,0.5,0.6,0.5,0.5,1,0.5,0.8,0.9,0.9,1.4,1.9,1.6,1.5,1.1,0.4,0.4,,0.5,0.4,1.2,1.3,1.1,1,1.3,0.9,2.4,1.5,0.8,0.6,0.8,1,1.1,1.1,0.9,1.1,0.9,0.8,0.8,0.7,1.1,1,0.8,0.4,0.7,0.6,1,0.6,1,0.8,1.1,0.9,0.9,1.3,0.4,,0.6,0.4,0.5,0.7,0.4,0.9,0.8,0.6,0.9,0.8,0.4,0.6,0.6,0.4,0.6,0.5,0.5,0.7,0.7,0.7,0.7,0.3,0.4,0.4,0.4,0.4,0.7,1,,0.5,0.3,0.5,0.4,0.5,0.6,0.5,0.6,0.7,0.4,,0.7,0.7,,0.4,0.6,0.6,0.5,0.5,0.5,0.5,0.5,,0.4,0.7,0.6,0.7,0.7,0.6,0.4,0.5,0.3,0.6,0.4,0.4,0.5,0.5,0.5,0.5,0.9,0.6,0.6,0.9,0.8,0.6,,0.5,1.3,0.9,0.2,0.6,0.8,0.9,0.7,0.4,0.3,0.8,1,0.6,0.8,,0.4,0.3,0.7,0.6,0.7,0.2,0.6,0.8,0.6,0.6,1.3,0.8,0.9,0.3,0.7,0.9,0.4,0.4,0.4,0.3,1,,0.2,,0.3,0.2,0.6,1,1,1,1,1.2,1.3,1.2,,0.9,0.6,0.8,0.8,0.3,0.6,0.2,0.4,0.5,0.5,0.4,0.4,0.4,0.3,0.5,0.5,0.4,0.8,1,0.9,0.1,0.3,0.5,,0.6,0.6,,1.3,0.7,0.9,0.6,1.1,0.5,0.6,0.9,0.8,0.8,0.4,0.5,0.6,1.7,0.9,1.1,0.9,0.9,1.3,1.6,0.3,1.2,0.8,0.4,0.3,1,0.7,1.2,0.5,,0.6,1,0.6,1.1,1,1.1,0.8,0.7,0.7,0.8,0.7,0.6,1,0.4,1.1,0.7,1.5,1.1,1.3,1,1,1.5,1.7,0.5,0.6,0.6,0.4,0.7,0.9,0.5,0.4,0.6,0.4,0.8,1.1,0.7,1.7,0.8,0.8,0.3,0.9,1,0.5,0.8,0.6,0.5,0.5,1.2,0.7,0.7,1.3,1.2,0.6,0.5,0.5,1.4,0.4,0.5,0.5,0.7,0.6,0.8,0.7,0.9,0.7,0.8,0.7,0.8,0.6,0.7,0.5,0.5,2,,1.8,1,1.1,0.9,1,0.6,0.8,0.4,0.7,0.6,0.5,0.4,1.1,1.5,0.3,1.3,1.3,0.3,0.5,0.3,0.4,0.7,0.3,1.1
20170820,20,AQI,70,73,63,60,73,72,69,99,84,90,64,64,,,59,,46,62,59,,52,57,41,,33,43,,78,84,80,87,76,69,74,52,52,68,51,59,51,38,30,33,40,32,71,87,73,57,82,81,93,85,79,87,70,72,49,55,88,81,65,53,64,46,63,60,,64,68,70,70,83,64,78,70,66,67,75,68,,164,89,76,64,69,73,82,67,69,73,89,68,67,67,69,33,59,62,,,58,79,69,56,,53,19,26,25,23,25,28,20,25,26,28,44,70,41,,36,13,25,35,47,45,61,51,49,,46,46,47,37,37,36,63,51,49,51,43,54,53,54,46,41,42,41,33,26,28,22,33,32,24,38,30,38,29,34,32,43,35,,35,32,51,54,30,55,26,,,,62,52,,92,54,76,,50,38,38,,24,,32,26,28,30,30,42,38,,,,40,43,,48,39,41,32,42,,40,38,43,48,47,40,41,50,,54,,40,,54,36,37,26,31,29,29,32,53,43,37,25,35,50,46,46,,33,43,49,43,48,39,38,63,58,,,22,,49,35,,36,36,62,42,24,27,,62,67,50,60,68,38,53,37,49,53,48,50,52,63,55,94,54,48,55,,64,61,64,64,15,46,65,45,62,34,54,51,52,33,,51,53,49,51,50,54,52,53,,30,28,26,30,26,31,32,33,31,60,57,55,66,62,55,61,58,60,68,20,57,31,49,25,23,49,42,27,58,46,74,54,45,75,59,38,93,50,58,61,,124,59,53,67,54,135,57,92,39,40,30,39,48,77,49,33,38,33,72,32,22,19,22,42,54,53,40,36,30,60,55,45,56,42,22,32,48,39,36,92,97,69,62,61,106,122,115,61,62,66,59,50,54,32,52,47,35,39,49,61,57,18,25,38,25,27,52,,42,23,55,36,33,36,54,51,,34,48,35,47,31,,33,38,39,30,54,,31,52,36,42,34,25,33,35,35,37,,46,37,25,41,42,30,59,23,19,24,27,45,30,22,50,50,39,52,40,32,52,72,78,49,19,68,53,25,37,45,40,33,,77,33,38,,,,39,30,26,28,28,26,34,,29,53,53,49,67,51,49,54,50,43,34,23,47,54,51,52,53,52,50,52,36,44,40,33,44,25,54,51,43,50,16,15,14,23,53,30,32,32,35,28,42,45,47,36,33,,58,,49,57,67,58,70,,,71,,61,32,42,,,51,46,46,47,25,40,52,51,44,54,26,29,20,28,25,,50,,49,,57,61,73,58,52,53,48,37,58,66,,24,24,42,40,45,,62,62,75,73,77,50,61,28,61,35,75,55,43,44,16,67,23,,36,42,40,61,,49,31,37,31,93,55,67,42,44,35,58,59,,66,61,,57,64,53,93,42,58,51,37,,,70,64,65,88,,67,64,54,63,54,59,,49,59,,108,119,107,125,103,68,89,79,83,108,69,53,56,49,,38,37,114,72,98,37,,55,38,39,27,22,41,19,27,56,49,32,9,52,55,109,52,43,38,30,64,26,46,,20,26,41,44,35,32,49,39,55,41,57,49,30,45,25,28,29,36,45,32,36,52,41,49,48,63,45,54,50,58,80,56,33,81,102,,76,134,87,82,47,58,53,60,62,45,49,49,39,128,85,87,92,63,68,55,82,71,107,,117,59,74,69,57,60,55,61,58,59,52,49,52,78,40,40,36,45,39,31,47,27,46,27,33,50,45,49,33,29,27,42,39,40,28,38,48,94,,18,40,45,33,42,65,68,64,60,94,65,40,26,34,60,51,62,45,46,63,,,65,41,38,36,25,65,43,56,61,90,54,46,49,39,,49,48,68,34,35,39,22,48,68,62,67,27,27,35,29,27,27,27,41,33,24,43,39,88,98,88,72,49,29,36,51,,46,44,68,52,45,23,25,37,34,55,62,67,50,31,54,54,30,29,38,30,34,46,29,24,39,37,30,16,28,28,28,26,21,20,21,24,23,25,30,38,32,54,45,36,41,42,38,59,52,,28,42,49,38,70,38,30,39,43,29,,24,25,28,27,,46,,72,,,27,18,67,71,70,67,80,54,,50,64,,22,42,142,143,129,119,129,142,54,39,32,35,33,67,,55,82,78,66,,62,66,68,59,58,80,,73,80,82,80,38,54,42,42,,,51,54,78,,,44,24,28,30,53,64,35,73,54,77,72,58,51,97,76,62,55,51,54,56,56,36,73,58,54,41,36,26,26,28,17,18,26,51,,23,41,29,25,18,56,93,83,42,67,88,130,35,52,45,68,13,40,37,18,49,44,44,47,27,64,67,37,66,51,49,51,34,44,,67,49,40,42,34,33,,72,113,66,,80,62,59,62,40,59,56,52,44,38,42,53,41,54,40,43,18,44,58,37,57,,52,63,84,80,60,44,39,33,61,60,,34,60,24,20,21,69,83,55,80,62,65,58,82,58,59,50,78,63,39,38,44,33,45,57,59,,43,25,51,56,15,89,69,33,51,28,44,44,39,49,52,70,58,88,67,51,57,53,49,59,48,50,39,43,43,46,45,49,48,43,67,51,67,74,58,52,51,56,57,52,49,,56,55,56,45,,45,53,47,,54,52,49,54,62,59,49,39,52,64,70,56,74,62,50,57,43,,59,57,57,58,45,62,63,59,95,90,74,104,50,60,50,72,74,72,,36,38,,52,42,46,37,60,59,63,50,48,40,60,51,41,55,53,47,42,58,62,102,82,27,47,46,30,23,29,46,60,44,45,40,41,,33,34,36,21,41,51,55,38,35,35,43,38,27,46,49,46,39,62,47,49,40,41,32,51,41,32,60,40,50,38,38,42,55,46,38,31,25,25,51,38,52,39,65,18,18,21,31,73,57,69,65,64,49,47,55,52,62,65,72,51,56,44,70,52,54,61,,52,48,34,38,,40,63,53,60,57,,49,59,,24,59,25,48,37,9,23,13,,37,15,24,29,22,32,52,54,47,64,53,30,35,28,34,22,36,76,63,23,16,26,,20,39,44,68,70,107,33,40,26,28,52,22,19,27,,24,28,33,31,38,32,35,49,38,24,34,75,65,22,,52,25,16,34,45,87,,34,,25,49,51,54,63,53,33,38,30,28,,49,31,20,17,34,30,31,21,26,44,52,37,38,23,23,79,65,25,24,21,30,25,51,,39,23,32,43,30,26,23,57,9,38,29,48,39,45,33,43,26,25,27,46,67,39,37,45,32,30,28,32,58,80,57,81,,89,185,153,34,34,33,38,47,24,32,33,34,32,48,50,57,45,40,55,68,73,90,71,44,38,39,31,42,21,80,58,40,38,61,46,31,47,52,48,25,63,43,68,38,36,30,55,74,88,68,54,60,35,42,46,54,54,40,34,21,41,39,37,62,104,36,25,49,70,39,37,32,109,,55,46,73,82,76,84,67,47,67,41,39,40,80,43,23,57,42,28,39,51,37,60,26,59
20170820,20,PM2.5,51,53,45,43,53,52,33,74,62,67,46,45,,,34,,32,44,42,,28,20,,,17,30,,57,62,59,64,51,50,54,36,36,49,27,42,33,26,18,23,7,19,49,64,53,40,60,57,69,63,58,64,51,52,17,39,65,25,24,32,19,32,45,43,,46,49,40,44,61,43,38,43,47,48,49,49,,68,66,43,44,42,53,50,47,50,53,66,44,48,48,43,20,41,44,,,39,58,50,34,,37,13,6,13,9,5,10,10,9,14,11,16,16,12,,14,9,9,9,12,11,15,15,10,,18,14,16,23,23,15,25,17,21,21,6,23,11,38,27,20,13,22,11,10,11,8,23,5,10,26,1,15,18,18,9,30,19,,16,22,35,20,21,39,7,,,,36,36,,57,33,50,,32,23,26,,10,,15,16,19,21,11,,20,,,,28,30,,33,27,27,20,22,,24,24,22,18,26,27,22,25,,17,,28,,22,22,17,18,19,20,20,22,24,17,24,17,11,26,32,27,,21,23,22,22,25,22,17,45,35,,,10,,24,24,,14,17,33,29,12,16,,44,48,32,43,49,14,9,12,27,36,22,24,,33,32,32,22,27,33,,38,33,36,46,10,32,47,24,26,6,20,20,17,23,,19,37,28,24,28,34,36,28,,7,9,11,8,17,10,13,12,15,34,32,39,33,34,33,35,35,28,33,14,23,17,34,14,14,28,29,17,33,26,40,23,23,34,31,21,69,32,38,29,,94,33,,44,22,103,34,42,27,25,21,17,25,56,26,22,23,23,52,17,15,9,15,21,38,32,9,19,19,43,39,26,12,17,,6,11,16,6,37,42,46,30,42,53,65,50,40,38,38,32,30,27,19,28,31,20,26,29,36,27,7,9,23,17,9,19,,19,13,26,25,11,13,17,21,,13,18,15,20,17,,19,26,27,16,23,,20,28,17,20,11,14,6,17,24,24,,15,6,15,12,15,11,18,10,8,5,5,16,7,15,18,25,16,32,28,22,17,52,43,34,13,33,22,13,12,31,20,11,,56,23,25,,,,18,9,9,19,16,9,7,,7,37,37,25,48,20,34,33,35,30,17,8,19,38,20,22,20,36,21,18,25,12,18,5,25,6,34,34,25,34,6,5,9,7,29,16,22,22,15,19,20,31,32,25,22,,27,,13,28,22,22,51,,,34,,24,16,17,,,8,24,18,16,9,22,31,19,24,29,2,9,8,5,7,,20,,27,,30,36,53,28,26,31,25,17,22,21,,5,7,29,22,31,,41,44,55,43,56,31,28,17,34,24,55,15,11,8,8,27,8,,14,22,25,37,71,34,8,9,3,69,39,48,21,16,14,30,42,,27,18,,29,46,24,69,24,23,32,4,,,34,45,47,47,,48,46,38,45,38,42,,34,42,,81,90,80,95,77,43,66,58,61,81,50,33,30,34,,26,22,86,52,65,23,,29,10,11,7,15,21,5,18,26,11,22,2,19,17,82,26,23,15,14,17,12,19,,11,15,11,15,13,10,13,9,9,18,18,25,16,31,17,19,20,25,31,22,23,25,25,17,29,25,21,23,22,25,25,24,22,49,76,,50,102,64,60,27,39,35,27,32,23,25,26,25,97,63,60,68,34,42,39,60,51,80,,88,42,50,50,39,39,39,37,35,42,36,34,35,49,28,28,24,31,27,13,19,11,25,12,23,22,31,19,22,4,6,13,25,22,19,26,32,33,,5,28,31,23,29,47,49,46,43,70,37,13,12,11,27,34,44,31,22,45,,,47,16,26,25,13,18,29,23,25,45,33,29,34,15,,22,21,7,23,15,20,15,33,49,44,48,12,9,22,18,7,8,12,12,13,8,16,15,46,73,65,52,7,7,3,11,,20,20,31,32,31,5,17,10,13,20,36,13,22,19,30,33,8,10,18,11,17,12,,9,25,21,12,10,12,6,4,15,5,4,6,5,10,4,15,16,11,31,17,,19,29,26,30,26,,12,21,34,22,51,13,21,26,30,20,,8,14,15,15,,32,,46,,,14,12,48,49,42,48,57,34,,30,31,,15,29,108,109,98,90,98,108,20,17,17,17,23,39,,34,48,57,42,,44,44,49,25,41,59,,53,34,33,40,24,36,29,29,,,13,6,57,,,19,16,6,15,30,15,13,47,38,56,52,37,26,72,48,39,30,29,31,22,29,23,26,27,38,26,18,18,17,8,4,12,9,25,,10,18,10,10,12,14,49,30,20,33,20,34,6,34,19,34,,6,17,11,26,17,10,20,12,22,29,16,39,23,33,12,14,17,,48,34,28,29,22,18,,47,85,41,,59,44,42,44,18,33,22,33,23,26,13,37,25,31,28,12,2,17,21,25,26,,29,45,62,59,28,22,23,16,36,42,,14,43,8,5,10,50,61,36,59,44,47,41,45,37,42,35,57,35,23,20,17,23,31,28,33,,23,14,32,35,1,34,32,13,22,17,22,21,20,22,32,40,33,50,46,35,36,30,34,42,27,28,18,26,30,32,30,32,30,30,48,34,48,54,41,32,35,39,40,33,27,,36,39,36,23,,20,24,32,,34,36,29,38,32,,34,27,36,35,51,36,37,33,35,34,,,42,40,40,41,31,44,45,41,71,67,50,78,35,43,16,52,52,52,,10,26,,26,29,32,24,43,42,45,35,21,27,43,19,21,30,25,20,29,39,32,76,60,14,29,32,15,12,19,24,10,8,14,12,18,,7,16,16,12,13,10,24,26,24,21,30,26,16,28,25,21,23,33,26,26,24,19,12,24,17,22,37,22,14,26,26,29,34,32,25,18,17,14,16,26,36,25,47,3,8,6,8,53,40,38,40,46,34,27,39,36,44,47,52,14,29,20,37,14,30,25,,18,24,17,26,,23,45,37,43,40,,34,33,,2,17,17,20,17,2,2,8,,6,10,9,20,12,22,36,35,10,27,37,18,20,19,22,7,11,36,45,12,11,16,,2,27,22,15,25,36,11,13,18,19,18,10,7,9,,5,18,16,8,20,5,8,6,14,16,14,27,3,3,,15,7,8,8,31,35,,6,,7,5,26,31,36,34,15,18,18,16,,19,15,13,11,13,9,11,7,8,8,12,5,7,9,8,19,27,7,10,8,13,9,15,,8,5,22,28,11,18,16,40,2,21,18,12,16,11,12,8,5,7,8,22,26,9,7,26,10,5,8,19,25,38,19,25,,42,68,83,4,9,22,16,2,3,10,20,7,9,31,35,40,31,26,37,49,49,67,50,16,26,27,21,28,10,59,41,28,18,38,32,11,,10,12,13,45,29,24,26,22,20,39,54,55,49,15,25,24,15,32,35,32,28,22,10,26,27,16,44,78,10,6,34,49,12,20,14,82,,21,23,45,60,39,62,48,30,48,28,19,11,59,8,13,32,28,6,27,34,25,27,16,40
20170820,20,PM2.5_24h,61,52,66,52,68,63,49,65,47,57,68,58,,,55,,53,50,53,,51,46,43,,44,57,,60,62,56,72,49,57,47,38,38,51,39,50,43,16,18,25,12,22,60,82,68,56,48,46,68,62,55,49,38,41,24,33,44,14,18,26,20,26,43,35,,40,37,40,48,51,46,51,52,48,48,50,48,,60,46,40,41,39,44,38,57,57,67,79,60,60,75,63,19,28,33,,,33,36,29,31,,36,17,16,17,17,13,15,14,17,18,15,17,13,12,,11,8,8,11,10,12,19,20,13,,20,16,21,20,20,15,20,18,17,19,23,20,14,20,19,17,12,19,9,7,6,5,14,3,4,12,4,17,18,16,13,12,18,,17,16,19,14,18,19,18,,,,36,27,,24,28,34,,23,19,17,,8,,11,8,20,17,12,22,14,,,,13,14,,23,17,18,13,14,,16,14,14,14,15,19,21,22,,12,,29,,25,27,22,18,28,23,25,27,23,20,29,16,22,30,29,27,,29,29,27,30,26,27,32,39,35,,,11,,27,26,,28,23,29,19,18,17,,22,21,32,33,39,19,21,23,17,21,15,17,21,28,24,20,15,18,32,,36,36,34,40,32,21,34,30,20,14,39,27,33,19,,28,40,46,36,46,53,61,55,,8,8,11,6,10,9,11,11,10,41,41,46,42,45,60,41,43,40,30,27,23,24,30,29,20,25,25,22,30,21,35,26,22,24,21,20,25,32,29,25,,34,27,25,47,27,53,26,36,20,21,16,16,17,34,18,15,18,16,32,13,13,11,12,27,26,24,12,15,20,39,37,18,13,13,6,14,15,15,13,31,29,36,28,27,38,38,33,26,29,37,32,32,29,25,32,26,23,26,25,30,28,5,8,14,9,10,21,,24,17,30,17,11,19,22,22,,18,12,13,19,17,,18,30,26,15,23,,20,30,7,20,7,15,9,13,21,16,,15,11,16,11,19,14,20,6,7,5,3,11,4,51,45,40,43,51,47,44,53,47,45,39,54,48,22,20,12,26,16,14,,17,17,25,,,,26,15,17,23,28,26,17,,18,21,31,25,25,21,33,31,24,22,22,16,17,23,21,29,33,53,42,42,47,30,36,27,40,35,38,66,24,27,15,15,17,16,40,37,29,31,26,25,26,36,34,33,31,,23,,12,13,15,13,38,,,42,,34,19,19,,,23,30,40,28,21,23,21,21,14,31,8,12,11,8,12,,23,,24,,21,28,34,26,22,22,21,15,14,13,,5,10,14,12,24,,51,54,54,47,52,28,28,17,29,20,32,12,11,11,11,15,10,,18,22,24,30,34,33,13,10,16,43,34,35,14,13,12,45,56,,37,32,,23,28,24,27,18,24,27,6,,,42,43,52,43,,36,46,41,39,39,40,,38,41,,52,65,54,56,60,49,59,53,60,53,38,25,27,27,,18,15,32,25,26,18,,32,21,14,15,13,24,12,17,27,15,19,12,30,31,35,31,30,14,11,9,10,12,,8,19,15,18,11,23,16,16,17,19,11,12,22,19,17,13,14,14,14,14,23,15,17,12,19,25,22,25,19,29,26,30,17,57,85,,63,83,67,75,37,47,41,36,46,34,36,37,38,77,69,68,72,51,61,54,72,62,69,,64,26,33,25,25,22,27,25,29,30,29,29,30,26,29,26,25,30,32,10,18,21,15,16,17,25,26,21,17,6,6,15,27,26,26,27,32,24,,3,26,26,24,26,28,35,39,30,45,38,21,17,16,18,38,37,44,32,58,,,50,16,17,25,31,28,35,35,39,38,31,21,24,20,,24,23,18,36,38,36,38,32,42,38,47,32,19,42,53,29,32,34,41,34,40,39,37,39,60,49,47,8,14,7,17,,17,18,38,29,9,7,14,14,15,22,33,20,21,20,38,41,15,11,19,12,16,9,22,19,17,17,13,12,16,13,10,17,6,6,7,10,5,4,17,18,17,18,16,,14,16,19,18,18,,8,13,24,18,27,11,12,12,16,9,,11,10,19,22,,34,,27,,,19,17,28,43,27,34,45,36,,42,44,,34,39,91,93,85,93,83,77,41,40,38,42,37,42,,32,37,53,39,,43,49,42,30,32,58,,53,22,23,23,14,39,22,24,,31,27,21,55,,,12,10,15,18,26,18,17,41,35,41,47,30,18,28,24,26,31,23,29,25,33,31,33,27,27,30,16,18,16,13,12,17,12,14,,7,11,11,12,14,15,26,28,18,28,14,24,5,23,12,16,5,7,12,10,16,17,13,19,11,16,13,15,28,18,20,10,12,15,,42,31,42,16,20,20,,23,40,22,,32,38,44,40,25,30,20,35,31,31,18,45,34,30,24,9,12,12,12,19,14,,23,25,37,39,11,10,8,14,24,34,,24,37,8,5,9,36,48,30,26,36,43,38,36,35,39,32,45,36,31,32,29,29,31,31,25,,43,42,47,38,5,26,20,22,18,25,26,22,22,29,25,34,32,32,32,66,57,46,48,56,51,52,45,53,30,30,27,28,29,36,39,31,39,34,29,28,33,39,45,41,38,,44,50,45,28,,28,29,46,,45,62,52,57,60,42,36,51,44,40,50,40,40,28,47,53,43,,34,36,23,33,22,41,40,37,62,54,40,64,32,41,13,34,32,34,,12,25,,19,26,26,22,35,30,30,29,31,31,26,19,20,26,22,20,27,29,30,37,34,17,24,36,15,15,19,32,18,14,16,11,18,,16,11,18,17,20,14,24,20,27,25,24,27,12,18,25,39,40,47,42,25,24,21,20,21,23,27,23,31,23,28,31,30,32,33,39,35,14,19,17,23,24,16,22,5,8,11,8,50,43,41,40,30,37,26,33,30,30,31,29,22,16,22,34,23,33,28,,16,26,24,26,30,29,34,34,29,39,,19,21,,9,21,20,23,15,3,4,5,,7,8,12,15,12,15,28,31,11,18,29,12,13,17,13,10,12,25,30,11,10,11,,3,13,18,18,17,21,11,12,26,17,19,11,10,12,,9,14,11,9,14,9,10,10,11,11,11,14,2,3,14,17,7,4,5,5,23,,3,,3,5,23,28,30,28,30,24,25,24,,16,14,15,12,13,9,11,19,26,10,11,3,8,20,18,20,22,25,28,27,13,10,19,,9,9,23,34,13,23,12,31,5,23,17,12,20,8,10,12,8,13,15,22,33,19,19,15,22,18,10,16,28,28,16,46,,54,88,110,31,20,31,12,8,8,13,30,16,12,28,38,26,52,54,43,49,41,52,44,14,18,23,29,26,12,32,33,23,19,42,30,10,25,10,12,21,24,19,26,13,18,15,41,47,37,43,40,34,21,24,31,24,19,24,12,15,13,16,9,31,39,16,18,14,29,14,23,11,59,,45,29,78,56,36,61,52,14,56,20,16,15,63,28,22,49,42,9,35,25,16,20,11,36
20170820,20,PM10,64,57,70,59,66,63,87,76,91,85,68,77,,,67,,38,,58,,53,64,41,,33,43,,104,82,100,77,102,65,,37,39,,52,65,51,26,26,29,40,32,91,110,64,63,84,112,73,90,77,92,,58,49,51,,112,80,56,78,42,59,58,,55,85,90,89,113,77,105,89,82,79,100,82,,278,95,101,78,87,89,114,84,75,89,83,86,72,58,88,33,67,73,,,66,67,63,62,,48,18,19,25,21,25,22,19,14,15,25,44,90,41,,36,11,25,35,47,45,72,51,49,,46,46,47,37,37,36,76,51,49,51,43,57,55,53,46,41,42,41,33,16,25,19,24,32,24,,30,23,26,34,32,36,32,,30,25,52,57,,55,24,,,,74,48,,134,58,102,,50,38,28,,17,,32,26,,24,22,20,38,,,,,43,,42,36,41,32,42,,40,38,43,48,47,40,41,50,,58,,36,,57,36,37,25,31,27,29,31,55,43,37,20,30,50,40,46,,33,43,49,43,48,39,38,73,65,,,22,,49,35,,36,36,74,42,24,27,,46,51,50,55,64,38,55,37,49,55,48,50,53,75,60,138,58,48,60,,78,71,77,77,14,45,65,45,73,34,57,51,53,,,52,55,49,51,50,58,54,55,,27,19,25,30,23,20,23,33,31,70,63,57,82,74,60,72,65,70,85,,63,31,40,21,23,49,41,17,66,46,97,58,45,99,68,38,,50,66,72,,95,68,56,67,57,184,64,53,37,40,27,39,48,,36,33,38,26,64,32,,19,19,42,43,56,40,32,28,45,43,45,62,42,18,32,48,39,36,55,64,65,54,72,120,93,126,71,73,81,67,50,57,32,53,47,35,39,49,71,64,18,25,38,,27,35,,37,17,59,29,24,36,57,51,,34,48,35,47,31,,33,38,36,30,57,,31,54,36,42,34,25,33,35,34,37,,46,37,25,41,42,30,67,20,13,14,12,45,30,,50,50,39,54,,29,54,65,106,46,,85,56,25,,34,40,33,,62,25,38,,,,39,30,26,20,24,23,25,,13,53,42,49,68,51,,58,37,34,34,23,47,55,51,53,55,47,50,54,31,44,40,33,44,25,57,51,43,50,16,12,14,23,55,30,32,27,35,22,42,41,47,25,27,,65,,49,64,83,65,66,,,92,,71,32,42,,,52,46,46,47,24,40,54,52,44,58,11,29,17,11,21,,50,,49,,63,72,67,66,53,56,48,37,66,81,,13,23,41,40,40,,74,64,,61,76,50,71,28,72,33,75,60,43,44,16,83,23,,36,42,40,72,,45,31,37,31,110,53,60,42,44,35,65,53,,81,71,,64,60,55,102,42,66,52,37,,,90,77,80,126,,69,61,44,65,52,54,,49,63,,107,104,111,120,145,86,86,99,64,91,87,56,61,41,,31,37,117,64,146,37,,59,38,39,27,22,41,,27,62,49,27,7,54,59,,54,43,38,30,77,26,46,,20,23,41,44,35,32,49,39,59,41,64,49,30,42,23,25,23,30,32,29,36,53,41,49,48,75,45,58,50,65,110,62,28,111,125,,101,116,124,105,47,66,56,69,73,45,49,49,39,138,87,124,116,75,85,60,,92,114,,,64,98,74,64,69,59,71,65,,36,37,54,105,,34,,,28,25,47,27,46,27,32,50,44,49,33,29,27,42,39,40,25,,48,138,,18,33,43,32,30,70,62,65,62,77,79,40,26,34,69,51,57,37,33,72,,,78,41,30,34,23,43,41,61,71,53,58,46,43,39,,49,48,85,34,35,39,,47,63,45,67,27,27,35,29,,27,22,41,33,24,43,39,125,102,114,88,36,28,21,52,,46,44,86,54,32,20,,21,32,60,74,83,50,31,57,57,30,14,38,30,34,46,12,18,39,37,18,16,28,28,,22,8,9,15,14,14,10,28,18,28,57,45,36,41,42,36,67,53,,28,42,,38,63,24,24,39,36,29,,24,24,28,27,,43,,93,,,27,16,,92,89,77,110,57,,50,77,,16,,142,131,115,134,147,154,57,39,24,31,27,83,,59,113,78,81,,74,81,77,67,50,71,,67,109,114,110,38,58,38,32,,,51,58,68,,,44,23,10,30,56,78,33,95,57,69,80,66,52,84,102,74,60,52,58,61,62,36,95,65,57,41,36,26,22,28,17,18,26,51,,23,41,29,25,,61,135,115,42,84,126,209,35,54,45,86,13,40,37,18,49,44,44,47,27,77,83,37,81,51,49,52,34,44,,74,44,,,32,33,,94,107,82,,,60,58,64,40,67,61,41,44,,42,,41,57,,43,2,44,66,37,64,,54,62,,72,70,44,39,33,72,70,,34,54,20,20,19,66,64,60,67,51,77,45,114,66,,50,102,76,39,38,44,25,43,63,67,,43,20,52,62,15,128,87,33,52,28,44,44,39,49,53,89,66,126,84,52,64,56,43,63,48,50,39,43,39,45,45,49,48,42,53,52,79,64,46,53,51,61,58,53,49,,62,55,61,45,,45,56,47,,57,48,49,56,73,67,,34,43,78,73,61,97,74,42,63,43,,58,57,52,,42,56,49,68,126,108,97,97,38,,50,79,97,81,,36,34,,54,,,37,,60,,,48,40,65,52,41,59,55,47,,65,74,89,65,24,47,38,30,23,29,46,70,44,45,40,41,,33,34,36,21,41,51,59,,28,35,38,35,27,46,49,46,39,74,47,49,40,41,32,52,41,30,70,40,50,27,38,36,59,46,38,31,21,25,51,37,54,39,49,18,15,21,31,78,52,46,80,50,48,47,47,48,63,57,60,51,62,44,90,53,57,72,,54,48,34,29,26,40,60,51,,,,48,68,,21,67,24,48,37,3,23,13,,10,14,17,23,19,29,43,58,47,77,,30,35,,34,22,36,102,65,23,15,26,,20,28,44,86,89,163,33,40,,,54,22,19,27,,24,28,33,31,38,32,35,49,38,24,34,100,80,22,,53,25,15,34,41,123,,18,,25,49,51,57,76,55,30,38,30,28,,49,31,20,17,34,30,18,7,13,44,54,11,13,21,8,108,79,,,8,20,25,52,,12,20,,43,21,18,,,9,29,25,48,33,45,33,43,10,14,8,46,84,16,28,45,17,17,28,32,66,109,64,111,,127,320,256,15,19,,38,47,14,18,,34,16,48,49,51,39,40,59,76,96,77,92,44,27,33,31,42,21,102,53,30,36,71,39,31,47,53,48,25,60,43,85,,34,30,50,69,125,65,57,70,32,42,36,58,57,37,34,17,41,39,37,,,36,21,47,90,39,37,32,120,,60,46,96,112,101,81,74,47,70,41,39,40,97,43,17,63,42,19,38,51,37,70,,68
20170820,20,PM10_24h,67,65,64,58,64,62,76,75,59,76,68,83,,,76,,63,66,69,,67,56,49,,62,56,,110,118,100,88,84,74,87,68,64,115,101,100,85,24,27,39,41,44,105,130,93,83,61,75,71,74,73,70,67,53,67,69,71,68,58,50,70,44,52,57,,52,57,67,64,77,60,72,90,81,65,90,84,,168,68,69,73,82,62,85,108,116,129,147,126,123,106,109,32,43,49,,,62,52,47,49,,71,27,23,26,30,29,29,20,20,25,22,38,61,37,,34,16,18,25,27,36,93,67,61,,62,63,59,59,50,39,54,51,52,36,31,41,39,33,38,30,32,32,22,10,18,12,26,23,21,17,20,27,40,42,32,33,33,,38,36,29,36,45,39,35,,,,70,52,,69,65,66,,42,33,27,,22,,32,22,36,30,24,40,21,,,,23,25,,28,28,27,25,32,,27,22,31,29,32,31,31,24,,37,,48,,40,45,41,27,43,31,36,41,48,39,46,26,36,45,41,44,,34,40,54,45,48,48,45,61,62,,,22,,51,37,,56,38,43,35,27,27,,36,30,50,50,52,36,38,38,38,33,31,28,31,43,36,37,29,31,67,,77,75,77,81,43,40,53,64,72,65,86,76,83,29,,75,76,103,73,79,102,84,90,,30,25,29,34,23,22,23,49,18,70,64,63,74,64,65,71,67,81,73,62,63,55,58,73,52,64,59,53,55,35,74,59,42,58,49,44,52,53,57,52,,53,61,39,85,52,77,54,61,28,34,23,38,32,59,26,25,28,22,44,20,17,19,17,46,49,49,31,31,30,58,53,32,28,30,18,31,33,29,32,49,49,48,42,37,76,72,69,65,62,62,55,50,56,44,63,57,43,64,57,57,63,17,17,22,21,24,36,,49,29,64,39,42,69,55,57,,33,45,43,40,56,,33,43,35,29,64,,31,58,32,35,23,25,37,33,33,29,,35,29,24,37,36,29,54,11,15,9,6,22,11,75,76,66,79,80,73,71,107,57,78,61,83,104,51,43,34,52,34,23,,21,26,53,,,,51,49,44,76,69,54,51,,57,45,53,42,47,38,40,49,44,40,40,21,34,53,55,53,73,74,68,81,81,75,60,51,57,71,69,102,50,46,29,27,27,37,69,64,47,50,60,47,45,76,68,72,57,,37,,32,36,38,31,53,,,63,,64,28,31,,,57,69,63,61,33,58,45,54,48,74,20,23,19,12,21,,52,,53,,50,50,45,53,35,38,46,25,25,31,,16,18,35,28,37,,73,66,75,66,68,48,55,34,47,39,50,32,27,24,19,37,17,,34,33,38,50,58,53,25,21,28,73,65,65,25,27,25,84,61,,64,61,,40,48,44,47,28,54,55,28,,,75,64,63,128,,53,55,54,50,50,51,,51,52,,81,79,85,79,88,95,75,99,112,93,64,63,57,40,,22,27,46,34,57,25,,51,53,28,35,20,47,58,28,50,48,39,34,57,49,50,60,51,33,32,31,29,31,,11,50,45,49,30,57,48,38,66,54,38,36,30,25,35,24,20,20,23,23,39,30,33,28,47,69,47,53,40,65,65,61,29,126,119,,113,102,129,127,53,72,65,62,74,60,65,57,59,126,105,100,105,92,88,75,93,91,97,,78,54,67,57,58,52,56,52,56,32,31,43,45,48,32,45,32,42,35,31,49,64,23,28,29,47,43,58,25,23,22,37,39,45,32,50,52,78,,16,32,36,34,39,41,55,55,48,63,70,47,28,48,40,61,67,51,44,78,,,69,32,36,39,39,47,54,72,77,56,57,60,40,55,,44,35,47,62,60,62,74,47,54,74,77,65,69,93,80,77,73,79,70,67,77,101,94,92,94,74,66,33,27,25,46,,41,37,85,69,35,17,36,32,40,88,85,99,38,28,65,63,26,15,31,24,29,29,28,32,27,23,22,22,42,38,41,40,23,14,11,11,13,12,37,34,35,33,30,24,31,28,33,52,45,,22,29,30,29,33,24,18,18,22,12,,22,18,40,32,,44,,52,,,34,30,48,83,63,57,71,62,,63,66,,74,85,117,120,114,106,146,124,62,83,64,80,61,61,,50,56,67,78,,60,72,66,56,46,105,,72,43,42,40,35,53,36,61,,95,82,91,65,,,42,44,28,36,34,56,27,64,58,60,75,65,32,47,54,59,53,36,50,41,69,47,75,48,51,40,31,28,27,27,30,34,27,42,,18,41,32,28,25,36,69,77,42,52,60,114,26,54,37,35,10,25,25,21,32,37,45,56,19,47,64,32,52,34,36,39,34,30,,65,34,52,31,33,39,,47,51,54,,33,56,50,62,43,52,45,52,55,42,38,53,42,50,32,42,33,22,34,33,45,,41,44,40,50,40,29,21,24,50,48,,55,56,20,20,17,66,58,52,38,55,66,49,65,54,57,48,69,59,59,61,71,62,49,46,48,,69,67,90,62,13,80,55,47,45,39,56,49,52,55,40,60,51,64,52,91,95,71,67,84,68,79,72,75,43,45,48,44,51,46,47,42,60,46,39,50,56,71,71,66,60,,67,67,66,45,,45,46,64,,58,80,80,79,68,64,52,66,64,74,82,79,72,58,64,69,65,,51,67,73,57,32,50,35,52,75,74,72,75,44,54,46,53,62,59,,37,38,,49,35,41,38,44,50,35,21,55,48,43,44,42,52,40,37,40,48,57,63,47,31,50,45,32,37,35,54,78,50,59,28,28,,40,29,52,35,48,60,68,27,42,40,47,33,26,43,65,66,65,80,61,90,43,40,42,43,43,45,39,61,58,46,49,49,55,67,55,58,26,51,47,42,44,25,39,27,32,31,52,82,53,53,79,54,56,41,46,40,44,40,43,55,46,41,52,44,61,70,,59,54,40,37,38,48,66,51,31,42,,30,40,,40,76,58,68,51,8,9,10,,16,14,16,24,21,25,40,55,43,60,42,21,25,32,24,47,52,74,48,27,18,18,,20,32,35,47,54,139,44,27,27,25,40,28,28,23,,28,36,22,26,35,32,22,27,27,21,31,49,55,19,46,68,9,11,13,21,45,,8,,14,29,39,53,57,50,50,45,43,47,,30,23,22,19,43,29,25,32,39,20,23,8,13,36,34,65,60,45,47,41,25,18,59,,14,19,41,51,18,32,16,32,12,34,45,47,43,43,35,45,34,54,35,71,115,65,63,19,39,31,33,45,67,86,75,207,,163,523,349,71,47,74,25,28,15,39,50,50,22,47,47,38,83,56,58,98,62,64,91,44,31,22,36,40,24,51,39,36,35,78,38,18,54,36,52,29,43,33,56,22,28,21,50,76,80,58,60,59,48,44,55,54,33,34,23,35,21,25,18,65,62,28,36,23,55,40,56,35,104,,74,43,110,104,67,64,70,30,75,35,42,26,90,71,21,64,61,23,51,40,62,45,21,50
20170820,20,SO2,2,2,2,2,2,2,3,2,2,2,2,2,,,3,,6,1,6,,5,3,8,,7,3,,8,30,9,2,9,8,5,12,11,26,27,28,32,5,4,14,11,9,3,6,6,2,8,17,6,3,3,5,7,18,16,2,7,6,7,8,4,5,5,10,,3,18,21,19,4,5,7,7,8,10,11,14,,18,23,19,14,16,11,23,22,21,21,12,28,24,19,12,4,14,8,,,5,6,8,6,,4,9,7,12,11,9,5,6,5,5,7,7,8,7,,8,5,8,9,2,9,9,5,3,,4,7,12,13,7,8,14,8,8,6,8,9,4,9,8,3,8,6,6,14,10,26,10,10,7,4,5,8,7,14,6,6,8,,9,18,18,22,13,15,15,,,,22,12,,40,17,31,,25,2,8,,3,,2,3,1,7,3,8,19,,,,8,8,,8,4,5,5,13,,4,9,7,16,2,10,10,10,,7,,12,,6,8,5,7,4,6,6,11,3,7,7,3,8,6,6,4,,7,6,7,10,10,14,12,4,6,,,5,,7,5,,4,4,4,3,4,7,,8,8,5,3,5,4,5,5,7,5,2,8,3,10,12,10,,6,5,,10,5,5,11,2,5,9,11,7,8,7,6,6,2,,8,5,10,15,7,10,14,9,,2,3,4,1,12,7,7,16,7,4,7,6,7,7,2,10,5,8,17,5,3,9,7,2,2,7,3,6,10,11,11,11,12,8,14,4,10,11,16,13,,11,100,13,16,14,4,9,10,15,16,14,11,6,16,30,8,12,10,,4,2,6,4,12,15,13,7,7,8,10,12,13,7,7,6,7,5,6,5,14,16,17,10,12,16,17,35,11,11,18,11,9,15,7,8,7,8,7,8,7,11,2,6,6,4,6,12,,11,8,12,12,8,6,9,9,,11,12,14,5,11,,7,3,15,9,7,,6,5,10,2,7,5,5,4,6,6,,10,9,8,11,9,8,11,7,14,10,9,20,5,6,1,7,6,7,5,5,5,6,5,5,5,8,7,2,2,6,3,3,,8,6,2,,,,16,25,8,10,7,5,7,,7,26,17,19,17,13,8,19,15,9,8,4,7,14,8,15,20,12,12,18,11,10,15,7,8,4,3,2,4,2,3,6,2,5,6,7,5,7,5,11,13,4,4,7,5,,11,,10,9,6,12,23,,,7,,5,6,4,,,17,14,9,27,19,15,13,9,19,21,6,11,6,7,7,,13,,12,,4,23,42,13,2,9,7,16,18,10,,1,5,15,12,12,,29,28,8,12,13,9,8,8,8,7,34,22,15,23,9,22,8,,6,8,4,8,6,8,10,10,10,6,5,5,18,17,42,9,11,,18,17,,13,11,10,19,6,9,11,5,,,10,10,9,34,,34,80,14,14,10,5,,4,8,,43,74,43,61,33,10,2,9,6,12,4,11,9,6,,8,5,6,11,7,6,,6,11,8,7,9,13,5,8,11,8,8,2,23,36,25,35,32,8,5,5,8,5,,2,7,5,5,15,11,3,3,8,11,7,5,8,3,14,4,6,7,4,2,5,8,7,5,17,10,10,15,7,7,27,3,4,13,15,,17,16,11,13,9,11,8,7,4,3,6,7,5,10,10,6,3,13,10,11,16,6,8,,7,12,10,7,8,8,5,7,7,,7,6,16,9,11,9,10,9,10,11,8,5,9,7,4,8,8,5,4,6,6,7,6,5,2,5,11,4,,2,4,3,5,6,5,6,8,4,8,4,10,14,7,10,3,3,10,4,10,,,12,3,5,11,5,10,3,4,13,14,11,10,6,11,,8,19,15,10,9,15,5,11,8,6,9,12,9,10,13,4,4,3,2,4,4,5,3,10,7,5,7,147,17,6,3,,13,16,61,13,4,6,3,4,6,2,5,4,8,18,8,10,5,1,4,2,7,4,5,5,6,4,2,3,7,5,6,2,3,3,5,3,9,5,7,8,10,14,10,14,11,19,,12,20,,7,7,11,14,7,9,9,18,11,8,,15,12,10,8,,8,,24,,,1,1,16,7,9,8,9,5,,8,11,,4,8,13,11,19,4,13,12,6,6,8,6,10,23,,17,16,5,2,,6,12,15,8,7,13,,13,58,59,56,6,7,6,3,,6,3,4,23,,,24,4,14,9,7,5,9,22,10,7,18,8,8,10,13,11,28,7,4,3,9,11,6,5,,7,12,8,4,22,9,3,9,14,,7,7,6,7,8,2,1,2,2,9,5,7,4,12,2,29,3,2,14,7,5,1,7,18,2,6,4,1,11,10,13,3,12,31,,5,9,8,12,10,8,,10,3,11,,24,8,9,26,46,17,5,4,10,28,8,5,18,27,18,8,10,5,4,6,2,,9,7,12,3,17,8,8,6,8,14,,20,26,20,9,7,14,11,7,13,6,10,7,11,9,5,5,18,6,5,7,5,8,4,5,6,,6,4,23,6,5,11,6,7,40,5,9,11,7,19,28,10,22,25,20,10,11,8,4,8,13,17,19,7,6,5,16,16,22,4,32,7,11,23,13,12,13,30,22,6,13,,8,1,5,6,,5,4,6,,4,11,7,7,7,,7,10,2,5,6,5,7,6,8,8,7,,9,8,6,4,11,8,25,9,13,11,8,12,7,2,3,5,11,5,,7,6,,1,1,2,4,8,5,1,3,11,15,9,15,13,10,12,8,13,18,20,25,52,18,10,2,10,16,6,12,3,14,3,3,8,,7,14,3,4,3,7,2,6,4,10,46,19,2,2,4,7,11,5,5,13,10,14,15,21,11,7,1,7,3,7,14,15,7,6,9,3,7,11,4,6,11,9,7,10,17,20,22,7,7,13,10,6,6,5,23,4,2,2,6,4,7,5,8,7,7,5,,7,11,22,6,14,4,14,2,22,8,,6,3,,5,10,5,6,8,9,7,6,,19,8,11,16,12,26,9,8,12,24,7,4,5,3,3,6,5,11,15,5,10,3,,3,8,3,22,27,7,22,10,4,5,14,8,13,15,,8,9,7,7,7,9,5,6,10,12,24,10,2,7,4,8,4,4,4,4,4,,5,,5,1,7,7,7,3,4,6,7,4,,6,7,4,4,10,5,7,7,9,5,5,5,2,1,3,11,10,4,7,8,4,13,4,,7,13,4,7,3,5,11,8,4,15,7,8,10,7,9,7,6,5,4,7,4,2,12,7,5,2,2,13,3,2,7,5,,24,21,28,7,10,6,4,3,3,7,7,7,10,4,6,12,5,3,7,32,16,6,12,9,3,7,6,4,6,7,7,11,10,1,7,5,8,9,4,24,12,8,6,10,3,4,16,2,12,13,6,16,6,8,59,2,6,5,5,5,14,9,12,21,22,10,8,9,10,12,11,11,47,,7,9,17,14,20,10,6,6,23,1,5,5,4,8,2,16,12,6,14,8,1,15,11,13
20170820,20,SO2_24h,3,2,3,3,3,3,2,4,2,3,3,2,,,8,,10,2,6,,7,4,12,,15,3,,8,30,8,2,10,8,4,30,25,50,45,50,46,6,4,16,11,12,5,10,12,9,11,16,7,5,4,8,9,23,20,10,9,8,8,13,8,8,9,15,,7,12,18,18,4,6,7,7,10,9,11,14,,17,16,28,14,13,15,17,16,18,19,13,18,15,16,11,7,15,11,,,9,21,11,14,,14,8,8,10,11,6,5,5,5,5,7,7,8,7,,8,5,8,9,3,11,10,6,4,,4,9,11,14,9,6,12,8,6,6,7,7,5,7,8,5,8,7,9,13,9,23,9,9,9,8,7,8,8,14,6,5,9,,8,19,18,19,14,19,7,,,,18,10,,16,25,28,,24,7,10,,3,,3,4,2,8,4,9,19,,,,9,9,,8,7,6,8,11,,5,10,7,15,3,2,10,9,,8,,13,,11,9,6,7,8,8,8,13,5,10,10,4,6,6,7,3,,7,6,7,13,11,13,13,4,8,,,6,,8,5,,6,5,7,5,6,9,,8,6,16,12,11,5,6,6,7,5,2,16,3,17,14,14,24,6,6,,9,7,5,12,3,10,12,39,36,37,30,31,15,3,,32,7,16,21,6,13,17,15,,2,3,4,2,10,5,6,12,7,5,9,8,7,6,4,10,6,9,11,7,7,12,8,5,3,6,5,8,20,12,19,14,18,11,16,4,13,13,15,15,,14,21,17,19,14,6,10,13,12,12,14,10,6,14,17,8,13,12,9,5,4,6,6,12,8,11,11,9,11,25,26,10,7,7,7,9,11,7,7,14,17,17,12,12,13,16,13,12,8,16,26,14,19,7,13,9,7,7,11,7,9,3,6,6,3,6,16,,15,12,12,20,9,11,15,16,,15,13,14,9,16,,8,7,16,10,7,,6,11,10,3,6,6,5,4,6,6,,13,12,10,12,14,18,25,7,14,10,9,9,7,8,2,7,6,9,5,7,8,9,6,5,8,10,6,3,2,7,4,4,,7,6,3,,,,17,10,8,10,9,6,9,,11,23,94,31,21,18,10,48,15,11,10,4,8,15,12,22,22,22,12,27,14,10,7,7,8,5,9,12,6,5,5,7,3,5,13,13,8,33,8,40,16,4,21,12,13,,9,,8,8,8,8,17,,,9,,5,9,6,,,18,12,11,27,19,12,16,8,19,22,8,8,6,7,5,,13,,14,,5,15,20,20,4,8,8,11,10,3,,2,5,15,12,12,,38,18,29,15,18,14,12,12,10,15,39,11,9,12,10,12,9,,11,20,9,8,7,10,10,9,10,10,9,8,5,8,9,15,17,,18,17,,13,14,13,13,7,10,19,7,,,9,9,8,19,,23,31,27,24,10,4,,2,8,,28,46,34,30,36,15,6,18,31,20,6,12,14,11,,6,5,6,6,6,4,,16,12,9,9,9,26,5,6,14,7,8,3,18,23,25,26,24,9,6,5,9,5,,2,7,5,5,16,11,3,3,9,8,7,4,6,3,16,5,7,8,5,2,6,10,13,10,14,23,19,20,8,19,44,21,6,11,13,,13,20,18,13,9,15,9,11,10,3,6,5,6,16,12,9,4,14,12,9,13,7,12,,10,12,10,8,7,8,7,9,9,29,24,36,12,9,24,8,13,12,12,19,9,6,9,7,7,10,10,6,5,6,6,9,8,7,9,8,16,4,,2,5,4,7,6,6,6,9,5,9,5,25,18,11,11,4,4,10,6,14,,,11,3,4,11,7,8,5,8,14,12,9,10,8,13,,9,18,12,12,12,15,7,11,9,6,9,12,10,10,14,4,5,3,3,4,4,4,2,10,8,6,8,16,7,18,7,,11,12,54,13,4,6,3,7,6,4,5,4,9,14,11,13,4,1,4,2,7,5,4,5,5,4,3,4,9,7,6,3,4,3,2,3,9,5,6,8,11,11,10,14,11,22,,11,15,,7,7,12,13,10,10,8,17,11,5,,16,13,12,9,,9,,14,,,2,2,15,7,8,7,8,6,,8,10,,15,24,21,12,17,9,14,22,10,11,15,14,16,24,,15,15,6,5,,8,15,20,23,18,44,,31,9,10,11,7,9,7,4,,6,6,6,27,,,7,4,14,10,7,6,9,12,10,16,20,10,7,7,12,9,12,7,6,4,11,8,7,13,8,10,15,14,7,9,6,4,8,10,,7,8,7,7,8,2,2,3,5,10,6,8,4,16,2,6,3,4,11,7,6,2,3,14,2,17,13,3,20,10,12,4,10,30,,15,13,10,15,12,13,,10,2,10,,24,14,28,23,32,34,26,18,26,25,11,8,12,23,12,8,9,10,4,6,3,,10,19,19,13,11,7,7,8,13,13,,24,32,18,13,10,12,10,8,14,6,16,10,10,13,5,7,14,6,9,15,9,11,5,6,6,,10,5,24,8,5,20,10,17,46,4,8,18,20,20,28,26,32,33,26,17,24,14,17,29,36,22,41,30,11,5,15,17,16,4,11,7,7,9,33,30,31,74,24,18,23,,14,6,10,8,,5,5,8,,5,9,7,7,6,9,8,10,3,7,7,4,6,6,8,7,5,,7,21,24,5,11,8,19,9,10,10,6,9,9,8,8,6,10,7,,8,8,,3,4,4,6,8,6,2,3,12,12,10,18,17,14,15,10,17,23,18,65,42,24,17,9,20,19,8,21,14,21,14,6,7,,8,12,4,4,6,7,1,6,4,16,42,21,3,1,5,19,12,10,14,17,11,14,15,12,17,9,3,8,4,11,33,54,12,20,12,12,7,8,5,15,19,9,14,7,33,29,24,10,9,13,11,16,10,10,9,6,3,3,6,4,8,5,8,8,9,6,,8,12,18,6,12,5,15,5,27,7,,4,3,,6,21,6,7,8,9,8,7,,20,9,13,15,13,14,14,7,13,23,9,4,4,4,2,6,6,10,16,5,10,3,,3,6,3,24,38,7,19,9,5,4,12,7,12,15,,23,9,8,9,8,10,4,6,13,13,17,10,2,7,5,9,4,4,5,5,3,,4,,6,1,4,8,6,7,7,7,7,4,,9,10,6,6,20,6,6,7,9,4,6,6,7,3,2,15,12,4,7,8,3,12,4,,8,13,4,5,5,7,12,12,4,11,9,14,9,6,8,5,5,5,5,5,5,1,12,7,6,2,3,12,4,2,4,5,,15,42,41,13,15,9,3,3,3,9,9,9,11,14,6,16,13,7,10,33,15,7,29,12,7,8,6,5,6,9,9,12,11,4,8,6,21,17,40,21,22,13,7,10,4,4,17,12,9,13,11,26,7,9,21,3,6,10,8,6,14,11,12,22,26,11,9,9,7,15,14,15,33,,12,10,16,24,23,10,8,6,25,2,4,6,7,35,5,12,19,6,10,7,2,12,12,17
20170820,20,NO2,28,11,27,21,33,30,35,46,17,24,30,39,,,18,,21,22,23,,25,45,25,,10,18,,30,22,27,33,10,24,5,30,39,46,42,33,42,11,15,17,24,18,35,41,19,19,22,21,14,28,24,18,17,31,31,38,21,60,35,28,38,12,36,38,,46,41,27,27,30,29,43,21,33,47,32,38,,11,73,101,33,51,28,36,20,27,21,20,22,29,18,22,12,38,104,,,68,64,49,68,,50,13,15,19,15,11,14,15,16,13,4,36,46,48,,35,2,8,65,30,39,25,47,25,,37,53,51,37,71,38,38,76,50,52,68,60,58,39,43,43,42,48,45,22,38,44,30,43,8,33,36,10,33,34,26,15,31,,22,37,48,36,47,52,17,,,,66,26,,37,33,37,,22,26,20,,32,,31,13,40,37,16,83,48,,,,31,34,,40,24,22,20,23,,23,25,48,22,53,30,12,10,,24,,49,,47,47,57,6,35,28,47,60,68,45,35,16,69,37,60,58,,22,46,50,32,33,35,22,56,32,,,32,,23,30,,25,38,53,21,16,19,,20,37,37,23,53,8,6,10,28,28,21,12,17,72,25,98,,17,15,,22,34,22,27,9,68,41,31,16,10,16,30,30,6,,19,38,21,17,32,33,31,37,,17,26,19,23,34,35,13,33,20,28,26,34,37,33,30,40,47,15,68,32,55,39,53,21,37,50,31,2,20,10,23,14,14,30,44,22,2,10,53,57,,80,104,45,34,69,67,80,12,48,64,58,62,39,36,98,26,35,43,,41,27,35,13,24,82,31,33,18,12,44,59,50,25,19,10,23,29,12,22,34,42,46,22,34,66,48,54,37,63,38,39,14,10,30,23,32,30,38,31,40,43,8,7,24,11,8,8,,30,46,25,11,8,13,19,53,,23,36,40,39,20,,19,18,35,36,46,,38,7,19,36,10,16,10,25,37,29,,18,18,7,25,22,22,30,21,11,25,8,38,14,35,26,61,30,40,18,31,13,22,42,36,26,31,35,21,6,35,38,2,,7,17,17,,,,28,29,25,17,4,21,19,,10,21,18,8,22,7,30,61,28,43,26,3,8,60,10,57,46,52,33,38,19,54,36,17,47,46,27,16,25,19,4,3,7,8,26,34,9,5,16,17,25,24,27,23,7,,37,,24,22,34,30,27,,,20,,32,21,24,,,12,40,35,35,26,28,28,23,8,15,5,29,29,9,10,,10,,10,,18,22,37,33,23,34,22,34,41,24,,3,5,16,12,20,,27,20,30,15,29,19,34,11,27,8,24,37,35,39,18,35,12,,29,13,21,12,59,17,11,14,13,45,24,22,30,29,27,37,31,,27,26,,24,20,23,25,14,24,72,12,,,26,22,48,34,,35,34,17,23,11,13,,30,28,,8,44,17,15,5,27,26,19,26,25,22,16,13,21,,60,36,94,117,77,41,,40,21,13,28,14,32,4,24,34,29,34,7,27,33,25,31,33,36,29,49,25,36,,7,17,16,9,5,3,31,27,20,34,25,18,22,15,29,13,54,43,58,41,39,29,14,19,7,20,48,23,5,19,46,19,5,33,37,,34,49,25,29,20,16,33,28,23,14,10,15,9,25,24,29,16,26,12,20,33,17,38,,21,16,28,12,15,26,17,18,9,38,47,9,28,13,9,2,17,4,12,4,10,29,40,7,7,32,21,13,17,9,13,17,14,14,14,22,26,37,,12,12,58,16,31,11,27,27,23,18,14,21,7,23,30,15,20,25,34,14,,,28,8,15,16,13,14,28,36,24,47,36,42,16,14,,23,32,34,30,44,21,39,6,46,25,15,33,34,48,27,4,16,53,37,30,18,61,65,15,56,32,12,17,11,10,17,,15,28,29,40,18,32,2,17,9,16,15,24,15,,13,17,19,7,15,32,23,32,12,7,6,13,8,16,13,10,9,12,8,4,8,7,9,12,9,12,24,66,39,45,27,36,32,41,60,,11,49,33,27,56,7,43,23,34,4,,19,22,14,15,,29,,46,,,15,7,22,11,10,24,34,17,,19,31,,13,8,24,14,19,13,19,13,22,30,22,18,35,37,,38,49,3,9,,12,3,31,30,11,39,,8,42,34,50,24,26,17,12,,22,16,10,27,,,26,8,22,17,19,16,7,23,22,23,24,22,23,81,50,44,17,17,,36,12,4,22,23,35,36,36,26,23,25,18,11,17,21,,29,10,9,16,6,15,36,9,5,16,53,51,12,22,21,38,3,15,12,1,29,59,44,72,9,42,37,9,28,13,14,6,18,18,,33,31,21,29,15,21,,15,11,9,,3,30,22,12,63,65,50,104,32,24,57,45,70,29,17,19,14,22,19,31,27,,45,30,27,26,53,25,29,14,14,10,,17,18,12,30,9,35,22,19,19,19,34,40,2,10,5,48,44,34,10,15,31,26,13,18,23,,4,2,14,8,2,30,27,14,31,2,11,24,15,27,10,23,15,45,29,21,23,30,25,35,16,18,16,23,27,18,30,20,31,15,29,11,26,25,12,30,21,44,32,57,39,,30,27,15,24,,17,,22,,33,16,16,9,6,17,17,19,15,16,16,12,10,16,11,17,14,,40,38,16,22,4,43,32,20,21,25,21,33,30,9,26,15,20,10,,5,6,,8,4,12,17,6,8,9,13,18,4,38,41,21,30,30,26,8,50,47,36,25,6,18,10,33,23,31,40,16,16,21,15,10,,15,11,10,20,9,10,1,6,10,56,24,21,3,41,33,31,24,30,39,18,9,20,17,28,21,17,39,20,31,9,11,20,24,11,14,11,12,11,21,14,17,11,39,27,22,31,35,8,16,9,16,11,15,22,12,9,46,21,17,12,39,51,41,16,21,24,,31,26,24,26,28,31,8,16,16,10,,32,40,,6,28,25,21,17,8,13,11,,9,7,8,17,10,21,12,16,13,29,13,7,10,9,12,5,27,15,12,13,18,19,,4,13,7,15,24,19,18,26,12,16,13,9,8,12,,7,13,10,13,21,22,17,28,12,8,10,36,17,9,6,24,15,14,9,14,7,,22,,3,8,15,15,33,18,66,41,47,32,,10,9,33,24,21,10,4,15,18,16,19,10,6,16,21,20,24,5,16,9,16,29,25,,8,10,8,24,12,27,5,12,9,17,6,3,77,18,19,16,17,14,12,32,19,11,11,6,8,19,2,6,10,12,4,2,,6,13,24,12,5,7,13,2,5,15,10,14,9,61,11,67,11,13,21,44,39,2,31,55,22,32,40,19,27,15,13,14,8,14,26,16,19,11,21,11,31,20,54,42,4,34,20,29,14,46,15,30,28,28,25,14,21,24,13,21,33,45,,43,101,23,17,33,22,18,16,10,36,,24,30,66,19,26,48,11,14,20,10,5,7,30,33,11,38,26,8,10,32,9,31,5,25
20170820,20,NO2_24h,33,15,41,26,46,34,46,35,13,34,53,52,,,34,,35,29,39,,34,30,24,,19,34,,56,38,34,44,19,41,11,53,57,45,45,56,59,16,28,24,24,30,40,31,25,24,21,16,23,27,26,17,18,17,21,20,22,30,20,27,27,14,41,44,,36,30,24,30,22,31,26,16,26,25,21,43,,17,34,32,37,43,34,32,33,52,51,63,46,52,57,32,14,24,39,,,36,32,31,39,,40,9,17,13,11,6,7,10,14,12,2,33,31,24,,29,5,7,25,14,25,34,46,20,,45,52,47,45,56,25,34,39,34,36,39,36,38,24,30,36,29,37,28,17,28,26,26,28,13,31,34,21,40,31,30,20,29,,32,25,35,30,22,34,20,,,,36,21,,26,25,29,,29,18,22,,17,,21,11,28,32,18,34,17,,,,16,26,,17,17,16,16,20,,23,15,20,19,19,21,8,8,,19,,12,,18,44,42,6,35,28,36,50,35,26,35,25,21,23,24,25,,9,24,26,34,25,32,24,33,22,,,24,,21,24,,20,14,16,10,8,11,,15,20,25,20,31,16,14,10,24,37,30,24,32,61,27,37,36,27,26,,31,35,25,34,11,29,26,39,25,30,41,37,37,6,,29,41,27,30,34,32,33,37,,13,21,22,21,24,28,12,28,10,20,17,29,26,21,14,23,31,17,48,43,35,50,34,43,37,35,33,17,25,10,29,27,25,30,34,38,21,21,45,39,,51,55,31,63,55,40,54,31,41,47,41,38,29,45,47,21,38,36,44,22,14,21,11,28,42,30,21,18,13,41,42,21,13,11,11,16,19,13,15,36,39,42,8,27,34,42,38,37,42,37,32,23,23,39,32,38,27,29,29,32,33,10,8,13,10,6,14,,30,36,41,23,21,46,25,57,,34,43,36,34,40,,23,27,48,34,40,,36,8,16,23,5,15,11,18,23,18,,17,21,10,22,23,21,28,14,19,22,9,28,12,28,25,50,34,34,36,23,39,19,29,18,36,22,20,15,4,28,28,3,,7,13,15,,,,20,18,56,35,28,49,44,,27,19,27,16,22,12,18,28,19,25,17,3,7,30,7,40,32,37,29,43,27,31,18,15,21,20,29,29,22,22,10,11,12,17,25,31,17,14,22,27,27,36,30,25,20,,18,,19,17,27,17,26,,,15,,16,21,18,,,11,26,29,25,22,15,24,14,3,9,10,23,22,6,13,,15,,15,,20,19,23,27,21,18,22,24,12,11,,5,6,16,11,17,,25,20,30,20,44,20,24,18,23,13,20,17,12,15,12,17,8,,16,11,13,18,23,20,10,12,11,37,25,33,11,13,14,43,32,,24,22,,13,14,17,18,11,28,31,16,,,16,14,23,34,,26,21,16,22,12,6,,20,11,,9,31,12,6,6,49,33,30,42,40,14,19,13,16,,14,26,30,49,35,16,,28,18,10,18,9,25,7,18,25,21,18,8,29,28,30,34,32,21,17,19,13,19,,5,20,16,19,7,10,20,24,12,23,12,13,13,10,25,13,33,28,33,27,34,21,17,16,16,10,32,23,6,15,30,26,5,27,17,,25,28,19,22,20,18,26,23,32,15,7,14,10,26,28,35,16,12,7,16,16,12,25,,13,20,27,22,24,18,20,20,12,14,17,13,23,9,17,9,6,11,16,5,16,27,13,5,6,22,17,20,9,11,11,14,21,18,18,26,23,28,,11,12,26,16,20,12,24,22,21,18,17,39,19,29,18,14,18,18,19,19,,,28,16,15,13,14,14,19,25,21,33,16,30,17,23,,17,24,21,23,25,11,25,5,11,24,20,27,31,38,39,10,17,27,27,22,27,31,35,17,19,12,6,13,12,12,20,,10,21,27,24,11,19,3,16,12,28,25,22,12,,16,20,13,4,18,19,14,22,15,8,3,9,10,11,19,12,12,16,7,4,6,3,12,10,20,24,28,38,18,30,20,25,31,30,28,,11,28,32,23,38,16,23,10,17,3,,13,14,20,16,,23,,24,,,13,6,19,11,9,16,12,15,,17,13,,24,27,31,20,29,21,23,18,22,23,21,21,31,17,,22,17,2,13,,13,4,31,26,15,43,,32,11,7,9,17,18,13,16,,12,9,9,25,,,18,12,16,10,11,9,4,17,27,16,29,27,10,21,23,17,14,13,13,22,14,7,21,20,20,17,21,26,24,18,10,9,14,12,,25,23,11,14,7,13,30,8,9,15,26,23,7,27,11,13,2,8,6,2,19,26,21,39,6,24,18,11,16,8,13,10,19,19,,29,22,18,29,20,24,,17,7,8,,13,23,21,21,52,56,32,45,30,25,28,23,25,22,31,23,14,15,16,16,14,,21,33,38,24,19,21,15,16,13,6,,35,26,17,25,15,28,20,23,17,15,25,26,11,12,5,18,18,14,24,29,26,27,15,15,17,,13,8,19,9,3,24,17,22,14,9,25,11,15,28,7,19,18,23,21,22,23,13,18,27,18,15,16,18,13,11,14,16,23,10,11,3,14,16,14,33,20,21,28,19,23,,31,33,23,12,,11,9,14,,11,9,9,6,4,14,16,12,13,12,18,11,12,14,9,10,8,,30,31,28,30,6,22,18,18,17,11,13,22,24,17,28,13,17,10,,9,12,,17,3,11,16,8,4,9,12,16,6,15,22,17,15,19,13,7,21,22,18,13,14,24,15,20,22,21,25,23,22,27,7,4,,13,9,5,8,6,10,3,6,11,18,23,10,6,21,19,30,23,24,29,22,11,15,17,15,21,22,25,28,24,12,13,14,19,13,13,17,13,23,24,14,14,11,13,26,41,32,33,14,21,17,23,15,16,19,20,19,25,18,11,22,32,36,37,12,16,19,,19,32,24,28,19,32,15,26,27,16,,13,20,,9,35,23,20,20,6,8,9,,19,6,11,14,10,18,14,15,13,28,12,4,7,6,5,13,16,15,13,14,17,8,,6,12,8,11,21,19,13,14,10,7,9,11,7,10,,11,9,6,12,13,10,12,16,10,6,9,16,16,7,12,30,4,6,5,5,13,,9,,4,9,15,16,20,17,27,24,27,21,,14,10,20,18,12,5,3,18,15,13,13,9,10,12,16,20,22,7,16,9,10,16,20,,7,6,6,26,11,29,11,10,5,10,3,5,13,9,10,10,13,12,11,46,41,13,24,7,35,38,6,17,18,19,1,22,,29,18,23,41,27,32,13,3,6,29,30,30,20,38,12,47,43,22,25,26,19,4,57,22,24,20,19,19,19,19,10,21,14,14,27,4,19,17,24,12,16,16,15,20,3,20,30,36,32,30,20,29,18,18,17,18,10,17,15,26,24,25,11,29,18,22,22,18,19,29,28,20,28,,43,13,28,27,24,32,19,11,20,18,6,9,21,45,16,24,30,7,9,18,14,14,10,23
20170820,20,O3,112,104,141,94,133,133,130,115,141,174,134,109,,,88,,77,61,98,,53,42,64,,75,66,,155,147,136,116,113,108,154,75,59,48,58,75,66,106,93,97,91,71,99,77,105,108,176,172,179,156,163,173,123,119,120,89,133,33,62,65,44,24,109,125,,106,86,101,99,88,132,110,115,107,71,107,144,,173,62,76,145,117,128,148,126,107,115,108,123,121,118,101,64,111,17,,,13,82,88,88,,75,58,83,68,71,79,89,64,79,82,87,60,46,34,,62,41,66,35,37,31,79,64,55,,63,66,53,83,33,57,82,18,48,33,23,38,27,59,42,35,38,38,35,83,88,66,67,48,70,71,64,121,90,84,102,96,110,,112,67,72,72,52,64,81,,,,76,95,,128,99,107,,69,75,92,,74,,79,60,72,96,93,28,61,,,,62,70,,42,84,69,52,59,,80,59,55,80,33,69,81,87,,52,,64,,71,52,22,71,67,14,44,40,20,45,68,27,5,33,11,12,,43,26,11,40,44,49,51,43,59,,,42,,101,85,,39,24,16,33,57,39,,117,87,58,68,38,79,75,78,81,108,109,122,112,117,115,39,130,112,125,,110,93,120,86,47,52,76,38,41,56,63,42,43,66,,54,85,113,123,89,89,116,116,,93,87,82,87,81,98,100,89,81,120,124,104,99,106,112,105,98,73,40,59,37,64,30,80,58,57,31,85,110,124,96,86,116,86,91,119,50,77,122,113,,123,112,121,173,123,113,94,193,81,90,41,46,78,180,27,84,80,79,,27,34,32,38,127,71,115,106,114,93,75,54,68,86,82,68,101,99,87,98,193,197,175,169,167,211,243,229,160,114,107,84,91,134,51,93,62,66,58,69,53,46,13,28,32,12,13,161,,134,67,111,97,105,81,103,57,,93,81,89,85,99,,96,94,115,85,77,,75,105,48,33,50,48,45,38,29,30,,56,56,42,45,45,45,38,73,58,76,84,43,85,38,24,40,45,26,33,41,54,96,50,31,43,58,84,73,118,57,61,58,,59,89,67,,,,91,84,83,81,88,81,107,,91,78,89,104,77,107,61,28,64,62,63,49,32,39,74,63,79,80,78,94,92,66,84,95,66,44,112,103,122,94,51,47,40,47,73,78,66,87,76,79,77,56,52,56,103,,105,,109,121,108,94,137,,,121,,96,86,78,,,64,85,80,74,80,77,110,82,98,92,82,66,64,89,78,,121,,118,,93,133,116,119,126,108,126,96,91,108,,74,74,78,89,68,,143,129,132,178,155,59,38,67,41,70,80,29,22,12,38,33,34,,16,34,24,102,42,91,86,90,80,89,128,122,15,17,16,153,134,,73,68,,69,91,91,72,50,70,29,42,,,118,134,98,89,,81,83,112,94,147,140,,146,155,,148,117,154,150,110,148,176,168,170,167,142,94,94,96,,29,39,18,4,3,41,,31,37,47,32,39,46,58,43,11,44,16,27,71,80,76,79,82,38,35,11,34,24,,44,83,91,93,87,94,18,26,27,20,5,97,68,80,54,76,52,66,48,75,76,62,83,89,63,49,58,58,39,51,36,55,104,146,146,,141,130,161,155,101,114,98,94,108,123,121,114,114,157,152,156,152,125,120,142,126,130,103,,127,72,59,89,87,80,64,74,73,69,40,91,76,102,77,121,115,126,103,97,55,50,29,44,59,61,56,68,33,74,49,37,81,76,70,61,54,37,,19,83,54,94,66,96,108,125,116,119,123,72,80,56,43,143,144,118,145,65,,,79,80,76,72,80,172,137,136,156,192,147,73,94,67,,78,54,65,29,19,23,15,34,27,64,50,49,48,49,82,85,44,6,23,17,49,8,2,97,53,76,79,96,92,115,123,,103,104,112,95,100,73,59,116,108,88,98,109,92,93,98,96,90,90,92,83,91,81,92,74,119,102,96,26,78,81,87,83,67,63,67,75,71,78,93,121,101,66,53,,66,81,106,75,32,,84,56,100,79,56,120,76,56,53,90,,74,77,37,69,,38,,88,,,47,44,79,110,113,116,86,99,,118,74,,63,83,170,167,168,175,162,177,108,84,101,112,75,144,,144,108,160,166,,149,157,123,108,122,69,,67,109,113,93,97,90,127,102,,90,96,116,131,,,74,75,87,86,118,114,112,119,124,101,134,145,64,16,46,29,74,54,66,57,93,109,78,67,,44,40,61,81,35,28,35,23,75,,60,82,43,41,45,28,6,24,51,50,62,19,41,32,24,17,32,34,25,7,26,7,26,12,51,24,28,49,56,64,70,76,62,81,,65,82,87,83,108,93,,127,121,133,,110,104,131,125,48,41,48,20,65,53,44,34,29,48,93,48,56,99,91,82,104,,93,113,113,119,64,81,72,75,125,111,,69,41,76,58,65,54,70,102,82,73,50,45,27,69,112,40,43,50,60,67,44,46,93,110,99,,57,79,76,70,44,58,61,87,61,76,95,65,97,86,52,72,73,46,52,84,78,99,95,92,48,46,65,64,61,64,78,47,56,30,45,67,42,49,72,52,60,38,108,84,90,,98,110,127,102,,109,107,126,,91,116,98,102,113,128,138,124,136,131,114,128,123,111,116,100,110,,73,54,70,83,85,104,87,64,80,60,70,70,57,59,55,72,74,68,,71,68,,66,56,63,63,54,84,105,91,70,78,39,30,50,30,40,46,33,15,18,29,48,84,77,80,66,69,87,71,109,112,129,43,71,,67,68,42,54,53,51,77,29,58,18,55,70,29,20,25,34,40,43,44,51,66,49,65,49,55,93,62,73,64,46,59,45,64,71,44,61,39,54,54,81,74,64,45,17,55,51,49,114,139,175,134,80,93,71,107,146,87,134,112,81,104,114,115,109,92,104,,86,95,86,88,96,103,95,135,80,120,,63,54,,74,67,58,71,60,27,26,9,,116,46,75,64,69,62,82,65,88,73,63,54,52,51,50,31,24,104,107,26,27,44,,48,33,37,74,67,33,63,42,17,12,28,35,45,46,,46,40,45,59,23,25,50,38,61,57,49,17,43,28,33,37,43,49,54,46,57,,108,,34,34,49,74,38,69,15,68,60,,,79,95,50,48,94,88,97,67,81,90,81,118,119,71,72,109,109,78,74,67,94,68,58,,124,71,76,93,95,59,69,85,,119,90,87,98,97,89,94,83,77,84,116,147,123,116,120,100,96,72,97,126,118,110,122,,177,71,63,107,107,105,78,74,74,100,104,80,100,40,160,133,82,66,89,123,145,175,72,16,83,57,26,59,54,144,104,99,121,124,113,48,38,39,114,62,57,75,79,52,115,57,100,133,94,62,72,102,82,92,78,74,98,123,58,65,78,63,91,79,80,84,78,74,93,107,104,102,141,,93,74,118,161,67,52,96,88,132,83,93,49,120,58,72,42,115,89,77,119,106,121,83,126
20170820,20,O3_24h,170,197,175,177,171,184,189,196,194,208,170,169,,,205,,168,155,220,,149,136,136,,150,183,,200,199,182,172,167,136,154,154,136,159,124,128,143,137,116,118,108,104,154,146,145,155,221,191,193,223,226,188,181,205,199,180,210,135,146,147,150,134,179,191,,188,155,159,160,142,168,164,166,177,182,160,215,,179,162,182,220,184,216,187,140,124,137,124,145,139,132,123,152,174,162,,,152,176,160,173,,178,96,114,102,112,130,153,116,116,103,122,103,100,94,,98,103,109,107,79,60,129,118,102,,110,128,107,130,99,114,163,110,137,118,118,133,120,134,121,113,128,123,88,115,131,112,92,80,113,105,119,136,105,101,124,113,132,,129,92,119,120,124,120,127,,,,189,179,,179,179,171,,81,104,103,,112,,122,126,125,136,122,112,122,,,,106,111,,100,129,123,100,80,,102,104,120,108,105,111,90,100,,60,,158,,147,145,78,99,171,76,151,100,100,153,155,54,121,132,134,156,,129,135,119,231,205,157,197,170,144,,,76,,140,133,,153,148,131,112,106,96,,142,134,146,110,128,156,138,84,122,126,125,150,126,158,138,131,162,133,212,,194,232,229,202,236,123,111,110,126,92,134,117,137,114,,138,127,148,171,114,136,165,175,,133,122,114,141,142,131,129,110,112,164,176,149,174,156,163,164,153,178,164,160,150,180,141,180,154,187,148,146,116,135,116,120,122,122,112,129,116,116,238,237,,267,279,223,207,234,258,244,256,181,157,132,138,146,222,185,128,136,130,14,78,99,139,93,208,180,196,167,138,114,194,208,134,133,150,166,130,119,123,117,274,277,255,270,248,320,295,310,255,231,168,161,162,168,73,141,123,102,99,126,70,101,27,79,110,55,62,211,,194,145,204,134,152,104,186,126,,159,165,160,165,150,,120,179,181,179,155,,121,128,78,63,64,75,60,64,64,66,,69,62,46,72,62,64,61,88,63,96,91,68,89,145,131,141,130,128,113,124,113,123,124,104,132,134,110,81,221,79,91,65,,71,98,112,,,,118,126,104,104,107,101,150,,104,102,107,112,101,118,106,115,114,122,124,52,119,118,119,101,151,120,132,145,117,130,137,140,138,118,162,185,164,128,68,70,61,68,148,158,138,107,118,112,116,215,208,163,232,,182,,144,161,164,143,159,,,139,,135,108,110,,,136,186,189,124,161,108,153,102,134,119,116,100,106,119,113,,131,,129,,118,177,175,170,160,161,161,106,131,124,,101,98,97,99,89,,254,193,237,240,247,139,131,89,130,129,115,111,103,86,88,153,83,,162,179,113,144,152,126,114,131,116,209,244,218,89,88,85,170,179,,211,196,,129,125,143,135,150,142,133,49,,,145,145,137,159,,138,160,166,141,164,168,,178,183,,233,205,242,229,217,164,197,180,178,194,161,96,104,103,,108,103,144,112,120,102,,127,122,103,102,84,128,72,95,63,82,90,73,135,127,128,129,126,93,81,90,83,83,,82,91,104,101,98,103,98,91,98,91,91,122,121,122,94,99,98,135,109,154,106,117,112,119,113,229,156,152,138,131,162,154,136,176,192,,204,201,196,188,141,164,157,154,163,142,142,129,132,200,173,202,187,176,162,168,180,145,123,,147,112,112,121,120,126,94,110,104,103,96,114,118,127,103,121,121,126,103,97,94,110,110,72,82,86,87,85,48,74,53,53,106,94,87,89,88,88,,43,85,89,94,78,133,182,186,183,190,161,99,101,82,74,196,164,167,179,148,,,156,107,98,108,104,178,174,187,185,214,190,108,108,103,,98,65,76,120,134,118,121,102,91,117,82,142,129,119,134,88,85,78,75,79,60,85,77,153,159,166,158,122,97,133,147,,139,141,151,151,127,105,68,120,114,100,106,128,114,109,180,174,126,114,144,166,120,111,148,103,127,103,143,42,93,104,119,107,104,96,102,115,95,102,106,154,147,150,127,,123,118,133,137,128,,122,118,136,91,106,120,103,81,80,112,,103,113,57,94,,78,,160,,,86,75,124,127,131,137,130,113,,134,126,,177,154,185,188,183,192,188,199,177,159,148,162,139,209,,203,212,160,166,,157,159,167,160,173,185,,136,132,129,144,140,163,163,105,,122,118,136,182,,,93,91,122,122,143,134,124,148,124,119,134,153,104,105,100,112,194,138,157,186,116,121,111,110,128,117,117,109,122,75,77,67,70,108,,87,120,59,56,60,70,76,65,103,91,121,118,115,78,63,69,74,85,103,76,100,103,98,87,98,89,108,110,101,109,106,110,86,95,,122,115,130,135,143,148,,155,150,161,,145,144,184,156,88,70,77,68,93,91,136,80,83,87,131,69,89,123,118,112,139,,132,162,161,166,106,100,98,104,147,145,,83,82,122,88,119,205,210,180,193,219,134,156,158,155,133,149,135,143,150,163,137,131,149,156,159,,144,148,153,146,81,101,95,103,105,108,112,129,128,116,111,122,120,143,135,171,180,205,185,211,158,173,192,202,117,101,119,93,83,104,106,139,104,107,102,81,101,113,173,177,174,,181,170,197,126,,129,132,156,,149,151,117,123,129,177,182,175,185,182,139,149,147,144,129,125,121,,125,137,156,154,140,136,130,104,108,110,116,108,161,159,133,82,84,77,,88,79,,150,132,153,166,163,100,111,108,126,125,77,78,82,84,76,79,101,87,91,84,87,123,124,136,116,118,115,139,161,170,194,73,80,,68,73,86,89,81,76,99,62,68,83,71,102,92,76,72,105,113,109,108,63,105,69,100,91,75,116,115,114,117,77,88,83,111,104,125,129,64,79,79,89,88,93,83,86,55,77,67,196,205,253,226,180,191,158,207,146,124,140,120,166,183,201,195,143,137,151,,139,126,108,110,118,117,114,145,120,135,,121,110,,143,142,128,146,94,56,102,60,,117,92,93,87,86,79,101,81,106,85,77,79,79,78,80,80,79,125,133,38,51,57,,61,81,86,104,90,55,74,57,32,45,60,77,52,57,,47,46,56,64,157,54,62,88,103,101,79,74,60,44,54,52,72,65,66,64,76,,118,,59,58,117,132,119,128,125,120,123,144,,82,98,70,75,108,96,113,76,100,108,113,126,122,91,84,132,134,92,104,90,111,100,84,,134,96,84,108,120,66,73,100,66,124,108,103,115,121,113,111,99,88,98,150,181,137,148,169,110,104,111,99,129,119,180,156,,215,98,92,124,132,121,86,86,87,105,117,91,105,161,166,261,147,151,203,193,223,176,140,124,103,136,140,125,119,159,126,113,130,146,179,66,49,47,142,130,148,163,157,113,123,116,101,271,196,161,176,157,119,127,107,162,140,158,80,86,104,124,96,171,195,129,117,110,106,189,188,147,223,,203,127,192,170,177,169,174,96,177,91,102,49,135,111,156,170,195,118,130,201,111,205,89,160
20170820,20,O3_8h,139,161,148,140,140,156,159,158,163,186,144,140,,,164,,142,128,179,,121,85,104,,115,142,,188,178,166,154,144,123,130,114,100,106,97,104,110,102,106,102,96,90,140,129,135,144,198,181,183,196,197,177,156,171,167,145,180,100,123,122,120,83,154,165,,162,135,139,143,126,152,150,151,157,155,147,186,,168,135,157,190,165,173,173,132,111,123,116,132,128,127,113,118,142,104,,,113,130,131,134,,140,78,100,81,84,86,112,82,98,91,92,87,81,79,,87,72,90,90,63,52,111,90,94,,93,101,86,110,80,101,131,89,72,57,68,64,63,77,63,57,61,59,73,104,113,98,79,66,104,94,99,120,91,88,107,99,117,,116,80,99,96,81,100,109,,,,138,144,,161,144,143,,74,90,93,,92,,108,103,108,118,108,89,103,,,,93,95,,72,101,85,74,68,,86,86,100,92,86,92,79,90,,56,,135,,123,67,54,82,78,48,60,53,66,65,73,40,56,71,59,67,,81,62,51,112,104,75,102,67,76,,,60,,116,105,,93,84,82,65,82,67,,116,105,110,89,90,115,111,79,102,113,112,134,110,137,128,108,141,113,175,,161,166,182,150,142,102,97,78,90,70,98,86,95,77,,96,113,136,155,107,122,150,156,,100,112,101,122,120,116,116,98,100,149,158,133,150,139,148,145,134,150,89,84,85,95,74,118,81,113,68,116,112,121,109,105,111,106,103,119,92,102,187,195,,225,231,192,189,198,228,195,215,129,131,91,109,110,200,126,107,114,97,,56,72,98,62,174,142,165,143,120,103,154,156,112,116,128,120,115,107,95,105,234,243,221,222,209,287,273,280,224,194,143,136,140,147,63,127,101,87,84,102,62,84,15,45,72,38,40,170,,175,113,176,120,138,98,150,103,,133,138,138,144,135,,103,129,135,121,110,,94,109,66,52,61,66,54,54,50,50,,62,54,42,61,55,55,52,75,51,80,76,58,82,100,86,100,81,87,67,91,73,109,101,81,83,104,94,73,120,58,79,60,,62,84,89,,,,99,109,90,88,96,89,124,,96,93,93,100,92,103,81,91,89,93,88,49,88,99,105,85,87,84,92,99,100,99,105,99,96,92,139,158,144,117,60,60,52,59,119,125,104,100,104,101,105,137,135,115,166,,161,,131,145,145,125,151,,,132,,123,101,98,,,107,154,145,104,132,94,137,95,110,108,100,83,84,105,92,,127,,124,,107,162,156,153,143,146,141,102,105,108,,84,85,86,92,81,,186,164,180,189,183,100,81,73,88,97,102,89,79,62,69,102,68,,99,113,84,133,125,113,97,110,94,173,203,184,66,63,62,136,134,,151,143,,112,112,128,118,103,121,107,42,,,134,138,125,131,,109,129,141,118,157,160,,169,171,,198,169,210,206,169,158,184,173,172,175,150,91,99,95,,72,49,85,50,57,60,,92,77,80,78,67,98,67,76,45,69,63,59,115,106,109,113,112,73,65,70,67,61,,68,84,90,94,89,94,60,60,66,62,62,109,105,108,82,92,79,112,82,122,83,90,92,105,80,138,116,103,99,97,104,104,115,162,177,,184,182,183,176,129,148,140,136,143,133,136,124,124,180,160,184,171,163,152,160,165,140,112,,137,95,86,107,104,108,71,85,83,94,83,99,108,116,89,90,116,97,81,88,65,81,92,61,70,74,73,71,43,66,48,47,96,88,80,80,76,75,,30,71,53,73,62,118,152,162,161,161,146,87,84,67,65,174,156,151,166,117,,,124,82,82,83,87,168,154,166,163,198,164,96,98,87,,90,57,68,91,82,85,73,76,69,92,57,98,92,87,101,85,47,25,33,38,44,34,24,131,124,137,131,112,93,127,135,,117,108,116,107,111,90,56,115,103,92,99,114,104,102,150,143,112,104,122,134,109,100,98,91,122,99,127,36,87,97,103,94,85,78,85,92,83,92,89,115,106,100,86,,99,101,116,102,83,,104,96,117,83,88,112,94,68,69,102,,92,99,48,83,,51,,118,,,70,62,105,112,112,120,109,100,,118,106,,135,118,178,178,172,178,179,182,158,141,132,144,123,167,,174,173,156,159,,153,151,150,140,154,136,,107,116,116,120,115,132,144,98,,108,110,126,150,,,88,88,99,96,130,122,110,132,112,111,125,135,91,74,81,80,150,101,121,146,110,116,103,101,117,97,92,89,104,61,60,54,54,94,,72,106,51,47,56,43,36,44,70,78,96,76,85,63,50,55,37,60,64,51,78,75,82,63,83,62,80,84,85,93,94,97,76,89,,107,104,111,119,133,128,,138,133,142,,130,124,157,139,66,52,66,40,75,68,75,51,55,68,100,55,61,115,108,103,126,,121,143,134,146,86,91,87,96,138,131,,74,67,92,73,82,131,140,134,133,137,105,114,105,113,117,112,108,108,91,102,91,96,108,118,131,,116,124,131,118,64,90,87,96,94,88,105,111,115,102,90,104,93,103,98,121,110,134,121,119,78,82,88,104,97,83,103,78,69,82,79,107,77,77,77,64,81,85,154,150,148,,152,147,170,119,,122,124,147,,137,138,108,114,121,163,168,162,166,165,128,138,133,132,116,112,109,,106,117,120,126,113,118,111,93,98,90,103,96,116,116,105,73,77,68,,82,74,,112,109,120,124,127,90,105,98,99,95,69,64,70,65,66,67,71,66,67,66,74,88,100,111,97,93,107,113,136,137,161,65,72,,63,70,76,82,75,70,93,52,60,68,63,86,71,60,54,85,92,92,85,55,84,62,89,73,64,106,102,98,101,67,71,62,92,89,76,92,54,65,67,84,80,80,71,21,40,60,53,171,184,218,188,136,148,122,166,138,109,126,111,123,143,154,150,134,123,136,,120,118,102,101,109,112,94,133,96,121,,106,93,,113,109,94,106,79,44,59,36,,113,77,82,75,78,71,83,72,96,79,67,68,68,66,70,57,58,114,119,33,42,53,,57,63,68,84,78,47,68,52,27,32,44,53,49,53,,45,45,50,55,41,45,56,70,82,78,70,58,53,37,47,45,61,57,58,54,70,,111,,40,41,93,105,93,104,75,91,89,95,,78,92,63,64,98,91,102,66,87,102,102,116,117,81,73,117,121,74,66,61,100,81,73,,127,85,80,94,102,61,71,93,64,115,96,88,97,109,98,100,88,80,86,139,171,129,134,136,103,98,98,96,118,105,163,117,,166,81,80,113,115,111,79,72,72,100,104,87,100,114,163,214,117,118,171,170,180,169,104,94,90,99,64,87,74,147,119,108,126,137,137,62,43,41,127,64,120,129,140,85,118,101,94,161,159,86,149,130,94,101,96,130,108,144,73,80,83,102,91,133,160,107,102,100,93,156,158,136,196,,167,113,174,149,129,130,147,93,152,88,95,46,128,87,120,126,166,105,108,172,101,178,73,152
20170820,20,O3_8h_24h,139,162,148,140,140,156,159,158,163,186,144,140,,,169,,150,137,182,,130,106,115,,124,157,,190,178,169,159,146,123,130,121,107,120,107,109,117,103,106,107,100,96,144,135,137,148,198,181,183,199,198,177,160,180,177,156,187,115,129,130,128,101,156,165,,164,141,142,148,128,152,153,156,166,174,152,186,,179,143,168,190,167,173,173,132,111,123,116,132,128,127,113,133,146,123,,,132,134,134,139,,146,89,108,89,92,105,127,93,100,99,107,97,90,87,,94,90,93,102,72,58,116,105,101,,97,109,93,115,89,109,136,103,88,85,87,94,83,80,79,82,90,81,77,104,113,100,79,67,107,94,101,120,91,88,107,99,117,,116,81,102,97,85,101,112,,,,142,145,,161,146,143,,74,90,93,,92,,108,106,110,118,108,93,106,,,,95,95,,78,103,87,75,68,,86,90,105,93,92,94,79,90,,56,,141,,126,67,56,82,79,51,60,53,68,69,73,54,95,101,102,112,,104,104,84,141,134,97,128,96,95,,,71,,116,105,,122,122,112,83,90,80,,116,105,110,89,93,123,115,80,102,113,112,134,110,137,128,115,141,113,178,,170,170,190,157,167,109,97,94,105,77,107,98,107,81,,112,117,144,160,108,128,155,161,,107,117,102,129,125,120,117,99,102,152,162,136,156,141,151,150,139,160,114,98,95,110,92,125,94,130,86,123,112,121,110,108,111,107,106,119,99,108,187,196,,226,239,195,189,198,233,201,215,129,131,94,110,110,200,132,107,114,97,14,63,82,105,64,174,145,165,143,120,103,158,164,120,120,133,124,115,107,95,105,234,243,221,222,209,287,273,280,226,200,147,138,145,147,63,127,102,88,85,106,62,90,16,50,76,44,48,170,,178,123,185,124,140,100,155,109,,139,147,151,149,136,,103,129,135,121,110,,94,115,67,55,61,66,54,56,52,53,,62,54,42,61,55,55,52,75,51,80,76,58,82,114,100,114,90,102,76,104,74,114,104,89,93,113,94,73,120,62,79,60,,62,84,89,,,,99,110,90,88,96,89,124,,96,97,93,100,95,103,88,102,97,103,99,49,105,109,108,89,91,84,100,99,100,107,114,104,118,100,142,163,146,119,62,62,54,61,133,134,116,102,111,106,110,154,154,137,176,,166,,132,149,148,126,151,,,132,,125,104,103,,,120,166,161,114,146,94,138,96,111,108,106,91,94,114,98,,128,,124,,109,162,158,154,144,150,142,102,110,108,,96,93,90,94,84,,207,174,196,199,200,114,97,75,101,109,108,96,87,70,74,110,72,,114,130,92,139,135,116,97,110,94,185,212,193,74,71,71,136,144,,171,165,,116,113,134,124,111,126,116,42,,,134,138,125,138,,114,148,143,122,158,161,,171,172,,200,173,214,220,174,158,184,173,172,175,150,91,99,95,,94,79,110,86,96,90,,111,104,89,90,75,113,70,85,54,75,80,68,126,112,117,118,117,83,74,84,77,75,,76,84,96,94,92,94,79,71,80,74,80,110,111,114,86,92,79,112,85,123,86,96,92,106,88,142,122,104,106,100,112,107,115,162,177,,186,186,183,176,134,153,145,142,146,134,136,125,124,180,160,188,171,167,155,162,170,140,112,,138,95,86,107,104,108,71,85,83,96,89,100,112,118,91,90,116,97,81,88,70,88,99,62,74,76,74,71,44,66,48,48,99,90,83,82,81,84,,35,71,69,80,62,119,156,165,165,163,147,88,84,68,68,176,156,156,168,124,,,137,82,82,83,87,168,154,170,163,198,164,96,98,87,,90,57,68,105,113,104,100,95,84,100,64,112,102,95,110,85,79,64,70,69,46,78,66,133,132,142,136,112,93,127,135,,117,108,116,111,118,90,56,115,103,92,99,114,105,104,158,152,113,104,124,139,111,101,146,92,122,99,135,39,87,98,104,94,97,84,90,100,85,94,89,115,106,106,93,,102,101,116,135,92,,105,101,117,83,88,112,94,69,69,102,,95,102,48,83,,51,,122,,,73,63,106,112,112,120,109,100,,118,107,,151,126,178,178,172,178,179,182,164,149,135,148,129,168,,174,177,156,159,,153,151,151,142,156,145,,114,116,116,122,119,140,146,98,,108,110,126,156,,,90,89,110,112,131,123,112,133,112,112,125,135,97,88,91,100,156,111,126,155,112,116,108,106,119,110,103,98,111,65,68,60,64,96,,87,112,52,47,56,53,56,54,85,80,98,90,92,74,60,66,52,70,79,63,97,96,94,78,93,72,90,94,90,98,97,99,77,89,,111,105,111,122,134,129,,138,133,142,,130,124,158,139,68,54,72,44,86,75,82,59,64,74,100,55,86,115,108,105,128,,123,143,134,146,92,94,90,98,138,131,,76,72,92,73,101,156,165,147,151,158,119,136,128,130,121,132,121,125,109,122,109,113,113,119,133,,120,126,136,122,68,93,88,96,95,91,106,118,116,104,98,106,95,111,105,145,139,165,146,154,110,122,132,144,104,88,107,84,72,96,87,116,86,89,77,64,81,86,158,162,158,,158,151,174,119,,122,124,148,,142,139,108,114,121,166,171,166,168,171,128,138,133,132,116,112,109,,110,124,125,131,113,118,112,94,98,93,105,97,125,122,110,73,77,68,,82,75,,118,119,132,135,141,90,105,98,105,102,72,71,76,75,72,73,85,78,79,75,80,95,107,116,103,103,110,126,146,147,170,69,74,,63,71,84,88,79,74,95,59,61,76,63,91,77,66,58,92,101,97,93,56,85,64,91,76,64,106,108,100,104,71,74,68,97,92,90,103,58,67,70,85,81,82,73,38,40,60,53,179,189,222,194,150,159,130,176,138,110,126,111,123,143,154,150,136,125,138,,123,122,103,102,109,112,94,133,96,121,,109,98,,118,116,102,116,82,44,60,41,,113,82,84,82,80,72,83,72,96,79,67,68,68,66,70,60,63,114,119,34,44,54,,58,67,71,88,81,50,69,53,28,34,46,56,49,53,,45,45,51,56,70,48,56,76,83,78,71,62,56,40,50,46,64,57,58,55,71,,111,,48,42,103,111,105,111,92,101,97,100,,78,92,64,68,99,92,102,70,95,102,102,116,117,82,74,117,121,87,94,85,106,94,73,,127,86,81,94,102,61,71,93,64,115,96,88,97,109,98,100,88,80,89,139,171,129,134,136,103,98,100,96,118,105,178,117,,166,86,84,113,115,111,79,72,72,100,104,87,100,127,163,214,125,131,179,173,180,169,109,111,90,103,103,88,74,147,121,108,126,137,137,63,43,41,127,66,134,139,146,85,118,106,94,168,175,106,158,132,94,101,98,136,108,144,74,81,83,105,91,136,165,111,104,102,93,163,161,138,199,,173,116,177,149,148,136,152,93,153,88,96,46,128,94,123,142,173,111,112,176,101,184,77,155
20170820,20,CO,1,1,1,0.9,1.1,0.9,0.9,1.5,1.2,1.3,0.8,0.9,,,0.6,,0.6,0.4,1,,0.7,0.5,0.6,,0.3,0.9,,0.6,0.6,0.5,1.2,0.4,0.3,0.6,0.6,0.7,,0.6,0.8,0.9,0.5,0.4,0.4,0.4,0.4,0.5,0.5,0.5,0.6,0.7,0.8,0.8,0.7,0.6,0.9,0.6,0.8,0.7,0.9,0.7,0.7,0.8,0.7,1.1,0.8,1.2,1,,1,0.9,0.3,0.2,0.9,0.6,0.9,0.4,1,0.7,0.9,1,,1.1,1.6,1.1,1.2,1.3,1.4,1.4,0.7,1.2,0.9,1.1,1.3,1.3,1.3,1.3,0.5,1.1,1,,,1,0.9,1.1,1,,0.9,0.5,0.6,0.8,0.9,0.6,0.8,0.8,0.9,0.6,0.7,1.1,1.1,1.3,,1.1,0.7,0.9,1,0.9,0.9,0.6,1.1,0.6,,0.2,0.5,0.8,0.8,1.5,0.5,0.5,0.8,0.5,1.1,0.7,0.8,0.9,0.8,0.9,0.6,0.7,0.6,0.5,0.5,1.4,1.1,0.7,1.1,1,1.5,0.7,0.3,0.7,0.6,0.4,0.9,0.5,,0.7,0.7,0.7,0.5,0.6,0.6,0.4,,,,1,0.9,,1.9,1,1.1,,0.9,0.3,0.3,,0.6,,0.9,0.8,0.9,0.8,1,1.4,0.8,,,,0.7,0.7,,0.9,0.7,0.7,0.5,0.9,,0.7,0.9,0.6,0.5,0.5,0.7,1,0.6,,0.8,,1.1,,0.7,0.7,0.8,0.6,0.7,0.7,0.9,0.8,0.9,0.6,0.7,1,0.8,0.9,0.9,1,,0.5,0.5,0.5,0.5,0.4,0.4,0.5,1.2,0.9,,,0.6,,0.9,0.8,,0.3,0.7,0.6,0.7,0.6,0.3,,0.7,0.7,0.6,0.5,0.8,0.6,0.5,0.6,0.7,0.8,0.8,1.2,0.9,0.6,1.1,0.9,0.7,1.1,0.1,,0.7,0.6,0.5,0.3,0.2,0.6,0.6,1.3,0.8,0.4,1,1,0.9,0.5,,1.5,0.6,0.8,0.4,0.4,0.6,0.4,0.5,,0.4,0.3,0.4,0.4,0.7,0.6,0.5,0.3,0.7,0.8,0.9,0.9,1.1,0.8,1.1,1.2,0.8,1.1,4,0.8,0.8,0.7,1.7,0.4,1,1.2,0.8,0.7,0.6,0.5,0.6,0.4,0.6,0.6,0.5,0.3,0.7,0.8,0.7,0.7,,1,0.8,1,0.7,0.8,0.9,1,0.7,0.8,0.8,0.7,0.8,0.9,0.9,0.6,0.6,0.6,0.8,0.6,0.5,0.5,0.4,0.5,0.4,0.9,0.6,0.6,0.8,0.4,0.7,0.8,0.9,0.7,0.6,0.6,0.4,0.6,0.4,0.6,0.8,1,0.8,0.7,0.8,1.2,0.9,0.9,0.9,0.8,1,1,0.6,0.5,0.9,0.9,1,0.8,0.7,0.8,0.8,0.9,0.5,0.5,0.7,0.5,0.5,0.5,,0.8,0.7,0.8,0.5,0.5,0.6,0.7,0.7,,0.7,0.5,0.5,0.9,0.8,,0.6,0.6,0.9,0.9,0.9,,0.6,0.2,0.5,0.4,0.6,0.7,0.5,0.5,0.7,0.5,,0.6,0.7,0.5,0.7,0.4,0.6,0.6,0.4,0.5,0.5,0.4,0.7,0.5,1.1,1.6,1.3,1.2,1.3,0.8,1.2,1.1,1.9,1.4,1.4,1.1,1.5,0.6,0.6,,0.5,0.3,0.3,,0.8,0.5,0.7,,,,0.7,0.7,0.6,0.8,0.6,0.7,0.5,,0.7,0.6,0.6,0.5,0.6,0.4,0.5,1.3,0.6,0.8,0.6,0.3,0.6,0.6,1.3,0.6,1.1,0.5,0.6,0.6,0.8,0.6,1.3,0.5,0.4,0.6,0.7,0.7,0.8,0.8,0.6,0.4,0.5,0.9,0.6,0.7,0.5,0.6,0.8,0.5,0.6,0.6,0.7,0.7,0.5,,0.7,,1.2,1,0.7,1.4,1.3,,,0.8,,0.7,0.9,0.9,,,1,1,1,0.8,0.9,1.1,0.6,0.9,0.5,0.4,0.5,0.3,0.6,0.3,0.4,,0.4,,0.6,,0.3,1.1,1,1.3,1,0.7,0.7,0.5,0.5,0.3,,0.4,0.5,0.5,0.6,0.5,,1,1,0.8,0.8,0.6,0.8,0.7,0.6,1,0.6,0.4,1.1,0.7,0.8,0.6,0.9,0.7,,0.8,0.6,0.5,0.9,1,0.8,0.7,0.7,0.6,1.1,1.1,1,1.1,1.2,1.1,1,1.2,,1,0.8,,1,1,1.3,0.9,0.9,0.8,0.8,0.3,,,1,1.1,1.2,1.1,,1.1,1.1,1,1.1,1.6,1.4,,1.3,1.6,,1.7,1.9,1.7,2.1,1.6,1.6,0.9,0.9,1.1,1.5,0.9,0.9,0.6,1,,2.5,2.1,2.9,5.6,8.3,2.5,,0.9,0.7,0.5,0.6,0.7,0.5,0.8,1,1.3,1.1,1,0.7,0.6,0.6,0.6,0.9,0.7,0.8,0.8,0.8,1,0.9,,0.5,0.8,0.9,0.2,0.6,0.3,0.4,0.6,0.4,0.4,0.5,0.8,0.7,0.5,0.9,0.7,0.8,0.8,0.9,0.8,0.9,1,0.7,0.7,0.8,0.8,0.7,0.8,0.3,0.1,0.8,0.3,0.6,1.3,1.8,,1.3,1.5,2,2.3,0.7,1.2,0.8,1.2,0.9,0.6,0.8,0.4,0.7,1.7,1.1,0.9,0.9,1,0.9,1.1,1.1,1.1,0.9,,1.1,1,1.2,1.1,1.3,1,0.9,0.8,1.1,0.7,0.8,0.7,0.6,0.6,0.6,0.7,1.5,1.3,1.2,0.8,1.2,1.3,1.4,1.1,0.4,0.8,0.6,0.6,0.5,0.4,0.6,0.9,0.6,0.8,0.5,0.8,1.1,0.9,,0.4,0.7,0.9,0.7,0.8,1.2,1.4,1.2,1.3,1.2,1.2,1,,0.8,0.8,0.3,0.3,0.6,0.4,0.6,,,0.6,0.7,0.9,0.7,0.9,0.8,0.5,0.6,0.6,0.5,0.7,1.3,0.5,0.4,,0.4,0.9,0.8,1.2,1.2,1.4,1.1,1.2,2,1.8,1.4,1.1,1.2,1.3,1.3,0.5,0.5,1,0.9,0.8,0.8,1.1,1.1,1.3,1.3,1.2,1.1,0.2,0.2,0.2,0.5,,0.5,0.4,0.6,0.4,0.5,0.9,0.6,0.7,1,1.4,1.2,2.3,0.5,0.6,0.6,0.7,0.8,0.2,0.5,0.8,0.3,0.7,0.6,0.2,0.5,0.3,0.4,0.6,0.8,0.3,0.5,0.4,0.5,0.4,0.5,0.5,0.4,0.3,0.6,0.7,1.1,0.8,0.6,1,0.7,0.8,0.4,0.6,0.8,,0.5,0.9,0.7,0.9,0.5,0.6,0.9,0.7,1,1,,0.6,0.5,0.6,0.9,,0.9,,0.8,,,0.3,0.2,0.7,0.7,1.2,0.7,1.1,1.2,,1.1,1.3,,0.7,0.4,1.6,1.1,1.5,0.8,1.2,0.9,1.3,1.1,1.1,1.4,0.9,1.6,,1.4,1.3,1.2,1.1,,1.3,1.2,1.1,1.1,0.9,1.9,,1.9,2.1,1.6,1.6,0.9,0.8,0.8,0.7,,0.3,0.5,0.3,0.6,,,0.3,0.3,0.4,0.5,0.2,0.6,0.4,0.8,0.5,1,0.8,0.6,1.2,1.7,0.9,1.5,0.6,0.6,0.2,0.3,0.8,0.6,0.5,0.5,1.1,0.5,1.3,1,0.8,2.3,0.8,0.8,1,1.3,,1.1,0.3,0.9,0.7,0.6,0.3,0.5,0.3,0.3,0.7,0.5,0.8,0.7,1,0.4,1.5,0.7,0.2,0.7,0.4,0.5,0.6,0.7,0.9,0.3,1,0.5,0.1,0.8,0.7,0.6,0.5,0.3,0.9,,0.5,0.7,0.5,0.7,0.7,0.4,,0.8,0.7,0.6,,0.7,1,0.9,0.9,1.2,1,0.5,0.8,0.5,0.6,0.6,0.5,0.5,0.6,0.5,0.9,0.5,0.4,0.5,0.6,0.9,,0.7,0.5,0.9,1.1,0.6,0.5,0.7,0.6,0.9,0.9,,0.6,0.7,0.5,0.6,0.4,0.9,0.7,0.7,0.7,0.7,1.2,1.1,1.1,0.8,0.5,1.5,1.3,1.1,0.5,0.6,0.4,0.5,0.7,0.9,0.8,,1.6,0.2,0.8,0.9,0.2,0.7,0.7,0.6,0.5,0.5,0.6,0.7,1.1,0.3,0.8,0.7,0.5,0.6,0.3,1.2,1,1,0.6,0.7,0.6,0.5,0.8,0.5,0.9,0.5,1.1,0.7,0.7,0.9,1.1,0.9,0.6,1.2,1.4,1.1,1,1.4,1.1,0.9,0.7,,0.8,0.6,0.6,1,,1,1,0.7,,0.8,0.8,0.8,0.9,0.6,,1,1.7,1.3,1.3,1.1,0.7,0.7,0.6,0.8,1.2,1,,0.9,0.7,1,0.9,0.8,1.4,1.1,0.8,0.7,1.4,1.2,1.3,0.8,0.7,0.8,0.9,1.2,1.2,,0.8,0.7,,1.2,0.8,1.1,0.9,1.1,1.5,1,1.1,0.9,0.6,0.6,0.9,0.9,0.8,1.5,0.6,0.6,0.7,0.7,0.8,0.6,1,0.7,0.8,0.7,1.1,1.2,2.1,1.6,1.5,1,0.5,0.5,,0.7,0.6,1.6,1.5,1.3,1.1,1,0.9,2.4,1.9,0.6,0.7,0.9,1.3,0.2,1.7,1.4,2.2,1.3,0.6,0.7,0.5,1,1,0.6,0.3,1.1,0.5,1.1,0.4,0.8,0.9,1.1,0.7,1,1.3,0.4,,0.6,0.4,0.6,0.8,0.5,1.3,0.7,0.8,1.1,0.9,0.4,0.6,0.6,0.4,0.6,0.5,0.4,0.6,0.9,0.9,0.8,0.2,0.5,0.5,0.5,0.5,0.7,1,,0.6,0.2,0.6,0.4,0.4,0.6,0.4,0.6,0.8,0.4,,0.9,1,,0.4,0.6,0.6,0.5,0.5,0.4,0.7,0.6,,0.3,0.7,0.5,0.5,0.5,0.9,0.5,0.5,0.3,0.6,0.4,0.4,0.6,0.5,0.4,0.6,1,0.7,0.7,0.7,1,0.8,,0.5,1.3,0.9,0.3,0.7,0.8,0.9,0.9,0.4,0.5,0.8,1,0.7,0.9,,0.3,0.3,0.8,0.7,0.7,0.5,0.7,0.8,0.7,0.6,1.2,0.9,1.1,0.4,0.8,1,0.5,0.4,0.4,0.5,1,,0.4,,0.4,0.2,0.9,1.1,2.2,1.1,0.8,1.3,1.4,,,1,0.8,0.9,0.9,0.3,0.6,0.1,0.4,0.3,0.5,0.4,0.4,0.4,0.3,0.4,0.5,0.4,0.6,0.8,0.9,0.2,0.2,0.4,,0.6,0.6,,1.1,0.7,0.9,0.5,1.2,0.6,0.7,0.9,0.8,0.9,0.4,0.6,0.7,0.4,0.9,1.2,0.8,0.7,1.1,1.4,0.4,0.8,0.7,0.3,0.1,0.8,0.6,1.3,0.3,,0.4,1.4,0.4,0.6,0.5,0.6,0.7,0.7,0.7,0.5,0.5,0.4,0.8,0.5,1.2,0.7,0.5,0.6,0.7,0.8,1.3,1.5,1.5,0.6,0.6,0.7,0.5,0.8,0.9,0.7,0.6,0.6,0.4,0.7,1,0.8,0.9,0.5,0.5,0.2,0.9,1,0.6,0.8,0.6,0.7,0.5,0.9,0.6,0.8,0.7,1.2,0.7,0.6,0.7,1.5,0.5,0.6,0.5,,0.6,0.9,0.7,0.9,0.9,0.7,0.6,1,0.9,0.7,0.4,0.4,2.2,,0.9,1.1,1.1,0.8,1.1,0.8,0.7,0.3,0.6,0.6,0.6,0.4,1.1,1.4,0.3,1,0.8,0.3,0.4,0.3,0.5,0.8,0.3,1.3
20170820,20,CO_24h,1.3,1,1.4,1.1,1.4,1.1,1.1,1.5,1,1.2,1.1,1.2,,,1.7,,1.4,1.1,2.2,,1.5,1,1,,1.1,1.3,,0.9,0.8,0.6,1.5,0.6,0.6,0.7,2.2,2.2,1.8,2.1,2.6,2.5,0.4,0.4,0.4,0.4,0.5,0.7,0.7,0.7,0.8,0.6,0.7,0.8,0.7,0.6,0.8,0.6,0.6,0.6,0.7,0.6,0.7,0.7,0.7,1,0.7,1.3,1.1,,1.1,1,0.5,0.4,0.7,0.5,0.7,0.5,1.1,0.9,0.9,1.1,,1.1,1,0.7,1.2,1.1,1.4,1,0.8,1.2,0.9,1.2,1.2,1.3,1.4,1.2,0.7,0.9,0.8,,,0.9,0.7,0.9,0.8,,1,0.7,0.7,0.9,1,0.6,0.8,0.7,0.8,0.8,0.8,0.9,1,1.1,,1,0.7,1,0.8,0.9,0.8,0.6,1,0.6,,0.3,0.5,0.5,0.7,1.3,0.4,0.4,0.7,0.4,0.8,0.6,0.7,0.8,0.6,0.7,0.6,0.6,0.6,0.6,0.5,1.5,1.1,0.8,1.2,1.1,1,0.9,0.3,0.7,0.6,0.4,0.9,0.4,,0.7,0.9,0.7,0.7,0.6,0.7,0.5,,,,1,1,,0.9,1,0.7,,1,0.3,0.3,,0.5,,0.8,0.7,0.7,0.7,0.9,1.2,0.6,,,,0.5,0.4,,0.8,0.7,0.7,0.4,0.8,,0.6,0.7,0.4,0.4,0.4,0.5,0.8,0.5,,0.8,,0.8,,0.6,0.6,0.8,0.6,0.7,0.7,0.8,0.7,0.7,0.6,0.7,0.9,0.8,0.8,0.6,0.9,,0.5,0.5,0.5,0.6,0.4,0.5,0.7,1.1,0.8,,,0.6,,0.8,0.8,,0.2,0.5,0.5,0.6,0.6,0.3,,0.6,0.5,0.6,0.5,0.7,0.6,0.5,0.7,0.6,0.7,0.8,1,0.8,0.5,0.9,0.8,0.5,0.9,0.1,,0.7,0.6,0.5,0.4,0.3,0.4,0.5,1.4,0.8,0.6,1.1,1,0.9,0.5,,1.5,1,1.1,0.9,0.7,1.1,0.9,1,,0.3,0.2,0.4,0.4,0.6,0.5,0.4,0.2,0.6,1,1.1,1.3,1.5,1.2,1.5,1.5,1,1.4,1.5,1,0.9,1.2,0.8,0.7,0.9,0.6,0.8,0.9,0.7,0.5,0.6,0.5,0.7,0.6,0.4,0.4,0.6,0.7,0.7,0.7,,0.8,0.7,0.9,0.9,0.8,0.6,1,0.7,0.7,0.8,0.7,0.7,0.8,0.9,0.6,0.6,0.6,0.8,0.6,0.4,0.5,0.5,0.6,0.5,0.9,0.7,0.6,0.7,0.5,0.7,0.8,0.8,0.6,0.6,0.6,0.3,0.5,0.4,0.5,0.7,0.9,0.7,0.7,0.7,0.8,0.7,0.7,0.8,0.6,0.9,0.9,0.7,0.5,0.9,1,1.1,0.8,0.9,0.9,0.8,1,0.5,0.5,0.7,0.5,0.6,0.5,,0.8,0.7,0.8,0.6,1,0.8,0.8,0.6,,0.8,0.5,0.5,0.8,0.9,,0.7,0.6,1,0.9,0.8,,0.6,0.3,0.4,0.4,0.5,0.6,0.5,0.5,0.6,0.4,,0.6,0.8,0.6,0.9,0.6,0.7,0.7,0.4,0.7,0.5,0.4,0.8,0.5,1.2,1.5,1.3,1.4,1.2,1.1,1.2,1.6,1.4,1.3,1.4,1.4,1.3,0.5,0.6,0.2,0.4,0.3,0.4,,0.9,0.8,0.6,,,,0.7,0.5,0.9,1,0.8,1.1,0.8,,0.9,0.6,1.4,0.7,0.7,0.5,0.4,0.6,0.5,0.5,0.6,0.3,0.5,0.7,1.1,1.1,1.4,1.3,0.8,0.9,1,0.6,1.1,0.5,0.6,0.7,1.1,2.1,1,1,0.7,0.6,0.7,1,1.2,1.2,1,0.7,0.7,1.1,0.6,0.7,0.6,0.7,0.6,,0.6,,0.7,0.7,0.5,0.8,1.2,,,0.8,,0.7,0.9,0.7,,,1.2,1.2,1.6,0.8,1.1,0.4,0.4,0.7,0.4,0.3,0.5,0.3,0.5,0.3,0.4,,0.4,,0.6,,0.3,1,0.8,1.2,1,0.5,0.8,0.4,0.4,0.3,,0.4,0.5,0.4,0.6,0.4,,0.9,0.9,0.8,1,0.7,0.7,0.7,0.6,0.8,0.6,0.6,0.7,0.5,0.8,0.5,0.6,0.7,,0.6,0.5,0.4,0.8,0.8,0.7,0.7,0.7,0.5,0.9,0.9,0.9,0.6,0.6,0.9,1.1,1.3,,1,0.9,,0.7,0.9,0.9,0.7,0.6,0.6,0.6,0.6,,,1,1.1,1.1,1.2,,1.1,1.1,1,1.1,1.1,1.1,,1.2,1.2,,1.8,2,1.7,2,1.8,1.7,0.8,1,1.5,1.5,0.8,1,0.5,0.3,,0.8,1.5,1.8,2,2.1,1.6,,0.9,0.8,0.6,0.6,0.7,0.7,0.9,1,1.5,1.1,1,0.8,0.8,0.7,0.6,1.2,1.1,0.7,0.7,0.5,0.9,0.9,,0.4,0.8,0.8,0.3,0.6,0.3,0.3,0.6,0.4,0.4,0.4,0.6,0.5,0.4,0.7,0.7,0.7,0.8,0.6,0.8,0.9,0.9,1,0.9,0.9,0.6,0.6,1,0.3,0.2,0.5,0.4,0.5,1.3,1.8,,1.3,1.6,2.4,2.3,1,1.6,1.1,1.4,2.4,0.8,0.9,0.5,0.9,2.2,1.4,1.1,1.1,1.1,0.9,1.2,1.3,1.1,1,,1,0.9,1.1,1,1.3,0.8,0.8,0.8,1,0.4,0.7,0.6,0.4,0.5,0.6,0.6,1.3,1.1,1,0.6,1.1,1.2,1.2,1,0.4,0.7,0.5,0.6,0.5,0.3,0.7,0.7,0.6,0.8,0.6,0.8,1.1,0.8,,0.4,0.7,0.7,0.7,0.7,1,1.3,1.1,1.3,1.1,1.2,1.6,0.4,1,0.7,0.4,0.4,0.5,0.4,0.7,,,0.6,0.7,0.8,0.6,0.8,0.9,0.6,0.6,0.6,0.5,0.7,1,0.5,0.4,,0.3,0.9,0.9,1.2,1.1,1.4,1.3,1.6,1.6,1.7,1.5,1.2,1.3,1.3,1.5,0.8,0.8,1.1,1,1,1.1,1.1,1,1,1,0.9,0.9,0.3,0.3,0.3,0.6,,0.5,0.4,0.8,0.7,0.4,0.7,0.7,0.7,0.9,1.6,1.2,2,0.6,0.8,0.9,1.1,0.7,0.2,0.5,0.6,0.2,0.7,0.5,0.2,0.4,0.2,0.5,0.6,0.9,0.3,0.5,0.4,0.5,0.4,0.5,0.5,0.4,0.3,0.6,0.7,0.9,0.7,0.5,0.9,0.7,0.7,0.6,0.6,0.6,,0.5,0.8,0.8,0.9,0.7,0.6,0.8,0.4,0.6,0.8,,0.6,0.5,0.6,0.9,,0.8,,0.6,,,0.3,0.3,0.5,0.6,0.8,0.5,0.6,1.1,,1.1,1.1,,0.8,0.6,2.4,1.7,2.2,1.5,1.8,1.5,1.1,1.3,1.2,1.6,0.9,1.2,,1.1,1,1.2,1,,1.3,1.2,1.1,1.1,1,1.8,,2.1,1.2,0.7,0.6,0.6,0.6,0.4,0.5,,0.6,0.4,0.3,0.6,,,0.4,0.3,0.5,0.5,0.4,0.4,0.4,0.7,0.6,1,0.8,0.4,0.6,0.6,0.6,0.8,0.6,0.5,0.2,0.4,0.9,0.7,0.7,0.6,0.8,0.4,1,1.1,0.9,1.2,0.9,0.8,1.1,1.1,,1,0.2,0.8,0.7,0.6,0.4,0.6,0.3,0.4,0.5,0.4,0.9,0.5,0.8,0.4,0.5,0.5,0.4,0.6,0.2,0.4,0.3,0.4,0.7,0.3,0.5,0.5,0.4,0.7,0.6,0.5,0.5,0.3,0.8,,0.5,0.7,0.6,0.7,0.7,0.4,,0.5,0.5,0.4,,0.4,1,0.8,0.9,0.7,0.9,0.5,1,0.6,0.6,0.4,0.8,0.4,0.6,0.6,1,0.4,0.3,0.4,0.5,0.7,,0.4,0.4,0.6,0.8,0.3,0.4,0.4,0.5,0.8,0.8,,0.8,0.7,0.5,0.6,0.4,0.7,0.7,0.7,0.6,0.7,1.6,1,0.8,1.1,0.6,0.9,1,0.9,0.7,0.8,0.6,0.7,0.8,0.9,0.8,,1.1,0.8,1.1,1.2,0.3,0.9,0.8,0.8,0.5,0.5,0.9,0.5,1.1,0.7,0.8,0.7,0.5,0.4,0.3,1.2,1,0.9,0.6,1,0.7,0.4,1,0.6,0.8,0.6,0.8,0.7,0.6,0.7,0.8,0.6,0.4,1,1.4,1.1,0.9,1.1,1.7,1.2,1.2,,1.1,1,1,0.9,,0.9,1,0.9,,0.8,0.8,0.9,0.9,0.7,1.4,1,1.6,1.3,1.2,1.1,0.7,0.8,0.6,0.8,1.1,1.1,,0.9,0.8,0.9,1,0.8,1.2,0.9,0.6,0.6,1.1,1.1,1,0.8,0.8,0.9,0.7,0.9,0.9,,0.8,0.6,,1.1,0.8,1.1,0.9,1.1,1.1,0.8,1,1,0.8,0.6,0.8,0.8,0.6,1,0.6,0.5,0.5,0.6,0.5,0.5,1,0.5,0.8,0.8,0.9,1.4,1.9,1.6,1.5,1.1,0.4,0.4,,0.5,0.4,1.2,1.3,1.1,1,1.3,0.9,2.4,1.5,0.8,0.6,0.8,1,1.1,1.1,0.9,1.1,0.9,0.8,0.7,0.7,1.1,1,0.7,0.4,0.8,0.6,1,0.6,1,0.9,1.1,0.9,0.9,1.3,0.4,,0.6,0.4,0.5,0.7,0.4,0.9,0.8,0.6,0.9,0.8,0.4,0.6,0.6,0.4,0.6,0.5,0.5,0.7,0.7,0.7,0.7,0.3,0.4,0.4,0.4,0.4,0.7,1,,0.5,0.3,0.5,0.4,0.5,0.6,0.5,0.6,0.7,0.4,,0.7,0.7,,0.4,0.6,0.6,0.5,0.5,0.5,0.5,0.5,,0.4,0.7,0.6,0.7,0.7,0.6,0.4,0.5,0.3,0.6,0.4,0.4,0.5,0.5,0.5,0.5,0.9,0.6,0.6,0.9,0.8,0.7,,0.5,1.3,0.9,0.2,0.6,0.8,0.9,0.7,0.4,0.3,0.8,1,0.6,0.8,,0.4,0.3,0.7,0.6,0.7,0.2,0.6,0.8,0.6,0.6,1.3,0.8,0.9,0.3,0.7,0.9,0.4,0.4,0.4,0.3,1,,0.2,,0.3,0.2,0.6,1,1.1,1,1,1.2,1.3,1.2,,0.9,0.6,0.8,0.8,0.3,0.6,0.2,0.4,0.5,0.5,0.4,0.4,0.4,0.3,0.4,0.5,0.4,0.8,1,0.9,0.1,0.2,0.4,,0.6,0.6,,1.2,0.7,0.9,0.6,1.1,0.5,0.6,0.9,0.8,0.8,0.4,0.5,0.6,1.6,0.9,1.1,0.9,0.9,1.3,1.6,0.3,1.2,0.8,0.4,0.3,1,0.7,1.2,0.5,,0.6,1,0.6,1.1,1,1.1,0.8,0.7,0.7,0.8,0.7,0.6,1,0.4,1.1,0.7,1.5,1.1,1.3,1,1.1,1.5,1.7,0.6,0.6,0.6,0.4,0.7,0.9,0.5,0.4,0.6,0.4,0.8,1.1,0.7,1.7,0.8,0.7,0.3,0.9,1,0.5,0.8,0.6,0.5,0.5,1.2,0.7,0.7,1.3,1.2,0.6,0.5,0.5,1.4,0.4,0.5,0.5,0.7,0.6,0.8,0.7,0.9,0.7,0.8,0.7,0.8,0.7,0.7,0.5,0.5,2,,1.8,1,1.1,0.9,1,0.6,0.8,0.4,0.7,0.6,0.5,0.4,1.1,1.5,0.3,1.3,1.3,0.3,0.5,0.3,0.4,0.7,0.3,1.1
20170820,21,AQI,80,73,70,64,70,67,69,110,93,80,68,75,,,48,,43,46,45,,51,38,39,,42,40,,78,90,90,104,78,75,87,53,42,68,55,57,53,35,35,36,38,31,78,87,77,63,75,78,89,102,85,82,45,68,52,57,70,81,70,57,75,50,63,80,,110,61,68,68,92,74,70,82,74,82,70,80,,164,90,92,66,69,73,75,65,70,80,78,71,72,74,77,28,58,66,,,69,73,63,59,,59,18,25,25,21,26,25,20,24,24,25,44,114,43,,42,17,25,41,43,53,57,53,86,,49,51,51,46,57,49,60,62,47,50,55,53,54,63,47,44,40,38,35,22,32,25,39,37,27,27,30,32,25,47,28,30,32,,42,25,33,25,32,33,22,,,,64,52,,92,58,75,,53,43,40,,25,,29,30,38,32,30,44,40,,,,39,70,,69,40,49,48,52,,48,42,58,45,45,40,39,39,,53,,55,,46,35,40,27,36,29,37,45,54,44,43,23,32,45,55,49,,26,39,52,47,41,36,39,62,59,,,16,,61,41,,34,43,68,44,23,29,,62,78,61,54,58,23,21,19,66,56,55,55,56,83,56,87,56,55,55,,70,63,69,64,18,53,58,45,60,34,48,36,49,29,,51,55,56,46,48,53,54,58,,28,27,24,33,29,31,24,53,24,58,57,58,65,63,65,61,56,64,53,37,48,44,48,22,33,48,46,27,63,60,76,56,53,67,65,43,100,39,55,75,,73,61,60,62,53,117,71,104,34,33,25,38,48,80,33,33,37,30,73,29,22,24,18,44,53,54,40,45,27,57,57,43,29,29,23,53,66,51,52,58,60,77,62,60,95,107,107,66,62,58,57,48,56,31,38,43,44,55,53,56,55,12,21,26,22,22,37,,40,64,58,49,30,44,73,51,,41,46,28,53,38,,34,35,38,27,60,,28,55,38,45,33,34,43,40,42,40,,53,28,23,39,48,40,57,30,22,30,21,36,42,23,25,32,35,38,39,23,58,72,56,41,16,49,65,35,32,38,53,18,,24,34,39,,,,39,51,24,27,26,33,30,,27,59,49,42,70,45,55,72,64,50,52,28,46,58,56,51,54,54,55,52,43,55,60,36,42,51,56,50,47,57,17,15,14,21,48,38,30,32,51,36,33,33,35,54,30,,54,,43,57,61,49,77,,,53,,61,40,52,,34,54,53,53,61,30,64,60,60,59,59,24,33,22,21,24,,53,,57,,57,55,59,57,51,57,52,48,51,40,,22,22,44,39,45,,63,73,62,80,79,46,60,27,58,36,78,53,22,33,15,54,15,,48,31,54,45,,45,28,28,24,82,60,63,27,,47,63,64,,66,47,,57,81,63,83,33,38,40,39,,,74,67,87,86,,67,64,59,64,74,64,,60,73,,113,120,110,105,108,73,97,75,104,118,74,60,61,53,,30,36,77,65,69,33,,58,51,25,36,22,51,16,23,51,20,24,13,54,53,105,53,44,37,30,65,27,39,,24,48,57,35,33,31,32,36,54,42,46,47,52,39,36,33,36,42,43,39,44,48,49,41,60,47,42,50,30,45,66,35,40,79,99,,79,95,88,90,44,62,51,61,62,45,56,47,40,87,90,82,82,68,82,65,87,72,105,,114,60,73,74,59,63,57,60,57,53,63,57,92,79,46,55,46,52,54,,55,50,40,28,55,53,38,49,27,25,28,42,34,52,32,46,55,87,16,10,39,42,38,45,75,68,64,55,83,79,35,43,46,67,62,72,55,50,94,,,65,35,55,55,33,60,54,57,64,54,45,64,57,39,,36,55,78,23,29,28,23,46,65,59,64,25,27,35,45,25,25,26,31,34,22,52,43,81,85,78,67,38,28,33,53,,44,38,59,54,32,31,20,36,43,59,64,57,52,37,60,52,34,24,25,29,35,31,27,23,41,27,29,16,38,34,25,37,21,18,20,21,21,23,32,36,30,45,47,30,43,43,48,60,57,,30,42,45,35,57,22,30,50,54,30,,22,19,36,31,,43,,76,,,32,20,92,73,73,73,114,53,,51,68,,19,37,143,139,137,117,133,140,40,42,40,44,31,83,,78,85,89,70,,72,77,68,55,66,78,,67,104,81,88,46,58,52,35,,135,51,66,72,,,53,24,27,34,55,58,39,92,57,69,75,62,42,82,70,72,57,54,59,38,39,35,63,55,60,54,51,29,23,23,23,20,30,62,,33,42,19,24,42,57,80,55,28,62,55,157,36,66,22,80,16,28,30,27,52,61,62,61,26,67,104,35,67,51,57,45,39,43,,72,68,55,37,43,40,,83,129,77,,88,60,87,54,50,59,52,53,49,46,43,49,53,73,28,17,28,53,59,64,53,,69,64,82,82,62,35,48,46,59,60,,44,51,25,23,19,62,99,60,82,57,58,50,66,51,57,46,74,57,33,29,44,28,51,57,54,,36,21,19,35,12,72,76,48,42,36,47,53,44,55,46,71,60,83,59,63,64,60,54,64,51,54,46,47,49,52,65,55,53,47,79,59,83,88,63,53,55,63,55,54,48,,53,63,55,42,,51,54,56,,66,59,58,57,55,110,53,57,54,63,73,68,57,72,53,55,55,,60,63,57,54,48,64,60,63,94,88,75,108,54,43,46,72,68,69,,30,32,,53,33,40,39,50,58,64,54,51,46,72,53,52,64,52,51,46,95,96,93,100,28,46,45,40,26,45,54,58,33,49,63,44,,36,51,35,35,53,54,57,36,48,58,54,38,26,57,55,55,52,95,52,36,42,44,33,54,41,29,59,51,53,46,40,39,61,36,48,33,22,21,38,43,64,64,57,25,16,20,20,65,59,55,60,53,53,46,48,64,60,70,83,44,49,49,54,71,74,63,,62,54,39,42,49,40,56,60,65,65,,43,53,,23,56,27,50,50,6,19,12,,35,16,26,33,21,32,51,64,58,67,55,32,32,26,42,34,54,74,64,23,30,25,,13,30,39,70,80,107,43,39,33,42,46,34,28,54,,21,43,52,34,40,49,33,59,41,20,32,66,76,28,30,55,20,13,23,,101,,53,,22,45,32,53,61,57,42,55,45,51,,32,31,21,21,39,25,31,21,29,52,59,37,35,18,18,88,74,26,23,22,33,20,49,,36,21,35,36,29,26,33,58,17,30,35,52,41,46,56,50,21,33,23,60,61,43,52,31,32,25,41,32,52,54,69,95,,63,159,144,34,33,31,29,22,25,27,36,43,25,38,58,52,29,57,46,79,90,94,74,46,46,46,38,48,19,82,57,49,37,54,43,32,,36,39,20,67,36,59,40,36,32,53,82,64,68,34,62,36,47,63,59,53,42,38,32,52,48,31,70,95,26,23,59,65,33,39,33,107,,37,54,76,103,53,78,59,51,65,40,41,42,80,41,24,50,50,27,39,48,38,57,31,74
20170820,21,PM2.5,59,53,51,46,51,48,41,83,69,59,49,51,,,33,,27,27,31,,23,26,9,,12,28,,57,67,51,78,57,55,64,37,25,40,32,40,30,24,23,22,7,19,48,62,56,45,55,57,66,76,63,60,31,49,27,40,51,33,24,32,12,35,42,53,,83,41,49,49,61,50,45,50,50,47,47,59,,68,67,45,46,44,53,47,41,41,59,57,50,52,54,55,16,41,45,,,50,53,45,37,,42,12,8,13,8,6,11,10,9,13,9,20,21,11,,14,8,10,12,11,12,21,16,16,,20,17,17,21,23,17,23,22,27,21,39,24,10,45,28,13,12,18,15,14,14,7,27,6,9,15,9,14,16,17,6,21,17,10,14,17,23,16,22,23,7,,,,43,36,,61,34,46,,35,26,28,,10,,16,13,26,21,18,,22,,,,27,51,,50,28,31,25,29,,26,24,23,18,30,26,20,12,,15,,31,,24,22,18,18,23,20,22,23,25,17,28,16,12,24,39,29,,15,22,25,28,22,21,15,44,36,,,11,,25,28,,14,23,39,30,12,17,,44,57,39,38,41,12,7,13,28,32,26,32,35,61,36,60,35,30,34,,31,31,33,41,12,30,41,26,24,7,19,25,14,20,,20,32,39,24,33,37,38,40,,7,7,8,7,7,10,9,10,7,34,35,41,35,35,34,36,36,30,37,18,33,19,25,15,15,24,29,14,32,32,33,26,26,33,36,20,75,27,34,25,,53,38,31,43,19,88,31,44,23,21,17,18,20,59,23,22,23,21,53,17,15,10,12,20,35,32,21,31,13,40,40,24,9,15,1,5,13,22,5,38,39,56,29,36,57,66,50,38,37,36,28,33,28,21,26,30,24,39,33,37,24,7,10,14,15,15,16,,28,21,32,34,15,17,23,25,,17,19,12,23,12,,20,24,26,15,21,,18,31,12,22,12,16,12,25,23,28,,22,8,15,12,16,12,17,13,11,13,6,18,9,12,17,22,13,26,27,16,17,52,30,27,11,24,24,11,15,26,25,9,,11,21,22,,,,27,19,12,6,14,15,19,,9,42,34,26,39,30,39,44,25,25,13,19,19,38,25,26,24,29,30,21,17,17,39,10,27,17,36,34,29,40,5,6,8,6,33,23,21,22,18,20,23,23,24,28,19,,32,,13,26,23,21,56,,,31,,40,24,29,,17,15,25,20,26,13,32,39,29,27,24,2,9,8,6,5,,31,,29,,20,36,42,28,25,33,34,27,20,17,,3,6,22,22,31,,45,53,44,43,58,30,29,14,31,23,57,14,10,8,9,26,8,,18,18,32,31,53,31,9,11,8,49,43,45,16,18,14,35,46,,26,18,,30,51,28,61,23,20,28,5,,,46,48,64,39,,48,46,42,46,54,46,,43,53,,85,91,83,79,81,49,72,55,78,89,49,29,36,33,,21,21,34,47,40,19,,27,13,9,8,15,28,4,11,23,8,12,1,26,23,79,26,24,16,14,19,13,11,,12,19,40,16,20,20,15,8,11,13,11,25,36,27,15,23,23,29,30,27,22,23,31,17,30,24,20,22,21,24,25,22,23,52,74,,54,71,65,67,26,41,34,28,34,24,26,26,24,58,67,60,60,38,51,47,64,52,79,,86,42,53,54,37,45,39,36,33,37,45,40,68,51,32,39,32,36,38,,20,19,28,18,39,21,26,21,14,1,9,18,22,20,22,31,32,43,11,3,27,29,26,31,55,49,46,39,61,38,23,22,11,28,44,43,39,35,70,,,47,24,39,39,23,24,38,32,25,33,19,27,40,21,,21,21,7,16,14,14,13,32,47,42,46,11,16,24,31,7,6,13,11,13,7,17,14,47,63,57,48,12,15,1,19,,23,26,27,36,9,7,14,12,14,37,41,21,33,22,36,33,13,9,13,17,17,12,,11,19,12,11,9,15,8,8,17,3,4,7,6,11,4,19,24,14,25,32,,18,23,33,38,27,,12,20,31,18,40,13,21,30,36,19,,6,13,12,17,,30,,47,,,14,11,68,53,43,53,86,33,,31,34,,13,18,109,106,104,88,101,107,24,22,28,27,20,45,,34,45,66,38,,52,56,49,29,36,57,,48,78,48,52,26,41,36,24,,38,17,10,52,,,13,15,7,11,31,20,27,56,40,50,55,44,23,60,38,51,21,28,32,26,26,21,34,26,41,30,22,20,16,7,7,11,12,28,,16,19,9,9,12,16,59,35,17,38,22,40,6,31,15,51,7,3,17,13,28,27,20,24,13,19,24,18,40,27,36,15,10,26,,52,49,39,20,24,21,,48,98,56,,65,43,64,38,35,42,24,36,21,32,13,34,37,53,6,7,3,37,28,46,37,,50,46,60,60,24,24,30,32,25,40,,19,28,9,5,11,44,74,43,60,36,41,35,39,31,40,31,51,32,23,20,20,19,31,28,32,,25,2,8,24,7,34,33,24,24,18,21,20,23,34,30,43,35,45,42,45,39,38,38,46,32,27,26,30,27,35,47,39,34,32,58,40,61,65,45,35,36,45,39,37,29,,33,45,30,24,,23,26,36,,42,39,41,31,37,83,37,40,35,39,42,39,40,35,37,39,39,,43,45,40,38,33,46,43,45,70,65,53,81,38,28,14,52,49,50,,9,22,,24,23,28,27,35,41,46,38,28,30,52,19,28,31,27,24,32,45,38,69,75,13,25,28,15,18,31,29,11,11,15,25,29,,12,27,19,17,18,10,23,15,19,33,38,24,18,36,30,30,29,44,29,25,25,22,12,33,15,20,34,33,22,32,28,26,34,25,29,23,15,14,23,30,36,46,32,6,7,4,5,47,42,39,42,37,35,19,32,46,43,51,61,14,20,29,38,42,26,21,,18,19,26,29,,23,32,43,47,47,,29,29,,8,15,11,13,18,2,2,6,,11,11,11,23,14,22,31,29,19,32,35,19,18,18,26,9,11,36,46,10,10,17,,,14,27,28,41,53,11,7,23,29,32,10,8,11,,13,20,31,14,17,5,8,16,12,13,22,26,,4,14,19,11,9,6,,28,,12,,7,6,22,20,21,23,16,16,17,18,,18,14,14,14,14,9,9,11,8,13,16,5,15,9,8,22,29,7,11,8,14,6,12,,5,5,24,25,11,18,23,41,10,21,22,13,19,14,20,35,5,23,10,26,24,11,8,11,22,6,10,15,17,29,15,26,,29,56,72,19,10,6,8,4,10,,25,8,10,26,41,36,17,31,24,37,52,70,54,15,32,29,26,33,11,60,40,34,15,38,30,11,,10,12,12,48,23,23,28,23,22,37,60,46,49,21,31,25,24,37,38,37,29,16,10,33,33,12,51,71,11,7,42,47,12,23,17,80,,22,24,54,77,28,57,40,22,47,28,22,14,59,9,15,24,34,5,27,30,21,23,10,54
20170820,21,PM2.5_24h,61,53,66,53,68,63,49,65,48,58,68,58,,,55,,52,50,53,,51,45,41,,44,57,,60,61,55,72,48,57,48,38,38,52,39,50,43,16,17,25,12,21,59,82,67,55,49,47,68,63,55,49,37,42,24,33,45,15,19,26,19,27,43,36,,42,38,40,48,52,47,51,52,47,48,49,49,,67,48,41,42,39,44,38,56,56,67,78,59,60,75,62,19,29,33,,,33,37,30,31,,35,17,16,17,17,13,15,14,16,18,15,17,13,12,,11,8,8,11,10,12,19,19,13,,19,15,20,19,19,15,20,18,17,18,24,20,12,20,19,16,11,18,9,8,6,5,14,3,5,12,4,17,18,16,12,12,18,10,16,16,19,15,18,20,18,,,,37,28,,26,29,35,,24,20,18,,7,,10,8,20,16,11,22,14,,,,14,16,,24,18,18,14,15,,17,15,14,14,16,19,21,21,,13,,29,,25,26,21,18,27,22,24,26,22,19,28,16,22,30,29,27,,28,29,27,30,26,26,31,40,35,,,10,,26,26,,27,23,29,20,17,17,,22,23,32,33,39,19,20,21,18,22,16,18,21,30,25,22,17,19,32,,36,36,34,40,31,21,35,31,21,14,38,27,33,18,,28,40,47,36,47,54,61,55,,7,7,11,5,10,9,11,11,10,39,39,44,40,43,54,40,41,38,31,27,24,24,30,29,20,25,25,22,30,21,35,26,22,25,22,20,27,32,29,25,,33,27,25,46,27,52,26,37,20,21,17,16,17,35,18,16,18,17,33,13,13,12,12,26,25,24,12,15,19,39,37,19,12,13,6,14,15,15,11,30,29,34,27,27,39,40,34,27,30,37,32,32,29,25,32,27,23,26,25,30,28,5,8,15,9,10,20,,24,17,30,17,11,19,22,22,,18,12,13,19,17,,18,30,26,15,23,,20,31,8,20,7,16,10,14,21,17,,15,10,16,11,19,14,20,6,7,5,3,12,4,50,45,40,43,51,47,44,51,48,45,39,53,48,21,19,12,26,16,14,,17,16,25,,,,26,15,17,23,28,26,17,,18,22,31,25,26,22,33,32,24,22,22,16,17,23,22,27,32,52,42,41,46,29,36,25,39,33,39,66,24,28,15,13,17,15,40,38,29,31,26,25,26,36,35,33,31,,24,,12,14,15,14,39,,,42,,34,19,19,,27,22,30,40,28,21,24,22,21,15,30,7,11,10,8,11,,24,,25,,21,28,35,26,23,23,21,16,14,14,,4,9,14,12,23,,51,54,54,47,52,29,29,17,30,20,32,12,11,11,11,16,10,,18,22,23,30,35,33,14,10,16,44,34,35,14,14,12,45,56,,37,32,,23,28,24,29,18,24,28,6,,,41,44,52,44,,37,46,42,40,39,40,,38,42,,54,67,55,59,62,49,60,53,61,54,39,26,28,27,,19,16,33,26,27,19,,31,21,14,15,13,25,12,17,27,14,19,11,30,31,38,31,30,14,11,9,10,12,,8,19,16,18,11,23,15,16,18,19,11,13,23,19,17,13,14,15,15,16,23,15,18,12,19,25,22,24,19,29,26,29,17,57,84,,62,84,67,74,36,47,40,36,44,33,35,35,37,75,69,68,72,51,61,54,72,61,68,,64,27,35,26,26,23,28,27,30,31,30,30,31,28,30,27,25,30,33,10,19,20,15,16,18,25,26,21,16,6,6,14,27,25,26,27,32,24,6,3,26,26,25,26,28,34,38,30,46,38,21,16,16,18,38,37,44,32,59,,,50,17,18,26,31,28,35,35,39,38,31,22,25,20,,24,23,18,35,38,35,38,32,43,39,48,31,18,42,52,27,29,32,38,31,36,37,35,40,61,50,48,8,14,7,17,,18,18,38,30,10,7,14,14,16,22,33,20,22,21,39,42,14,11,19,13,16,10,22,18,17,17,12,11,16,13,10,17,5,6,6,10,5,4,16,17,16,18,16,,14,16,20,20,18,,8,14,25,18,28,11,12,13,17,9,,11,9,19,22,,33,,28,,,19,17,29,44,28,36,47,37,,42,44,,33,38,92,94,86,94,84,79,40,39,38,41,36,42,,32,38,54,39,,44,49,43,30,32,58,,53,23,23,24,15,40,22,24,,31,26,20,55,,,12,10,15,18,25,17,17,41,35,42,47,30,19,30,25,28,29,23,29,25,33,31,33,27,28,29,16,18,16,13,12,17,12,14,,10,11,11,12,14,15,27,28,18,28,14,24,5,23,13,17,5,7,12,10,16,17,13,20,11,17,14,15,29,18,20,10,12,16,,43,33,43,17,20,21,,24,44,24,,34,39,46,41,26,30,20,35,31,30,17,43,33,29,24,8,12,13,12,21,16,,24,27,39,41,12,11,9,13,25,35,,23,36,8,4,9,36,49,31,28,37,43,38,37,35,39,32,45,36,31,32,28,28,30,30,25,,42,41,44,38,5,26,21,22,18,26,27,22,21,29,25,35,33,33,33,66,56,45,47,55,51,51,44,52,30,30,27,29,30,35,40,31,39,36,29,28,32,39,45,40,37,,43,49,44,28,,28,29,44,,43,61,52,56,59,45,36,52,45,41,50,41,41,29,48,54,44,,35,37,24,34,22,41,41,37,64,56,41,66,32,41,13,35,33,36,,12,25,,19,26,27,23,35,32,31,30,31,32,26,19,20,26,22,20,27,30,30,39,35,17,24,36,14,15,19,32,18,15,16,11,18,,15,11,18,17,20,14,24,19,26,25,24,26,12,19,26,39,39,47,42,25,23,21,19,22,23,27,23,31,23,28,31,30,32,33,39,35,14,19,17,23,24,18,23,5,8,10,8,51,43,41,40,30,36,25,32,31,31,32,31,21,16,23,35,24,32,28,,16,26,24,27,32,29,34,34,29,39,,19,21,,9,21,20,23,15,3,3,4,,7,8,12,15,12,16,28,30,11,19,29,13,13,18,14,10,12,25,31,11,10,12,,3,14,18,19,18,23,11,11,25,17,19,11,10,12,,9,14,11,9,14,9,9,10,11,11,11,14,2,3,14,17,7,4,5,,22,,3,,3,5,23,27,30,28,28,22,24,23,,16,14,14,12,13,9,11,19,25,11,11,3,8,20,18,19,22,24,27,26,13,9,18,,9,9,23,33,13,23,12,31,6,23,17,11,20,7,10,12,8,13,14,23,32,19,19,14,22,17,11,16,28,28,16,46,,54,88,109,31,20,31,12,7,8,13,31,16,12,29,38,27,51,54,43,48,42,53,44,14,19,24,29,26,12,34,34,23,19,43,30,10,25,10,12,21,24,18,26,13,18,15,41,48,37,43,40,34,21,24,32,25,19,24,13,15,14,17,10,32,42,16,18,16,30,14,23,11,61,,45,29,77,57,35,61,52,15,56,20,16,15,62,27,22,49,41,9,35,26,16,21,11,37
20170820,21,PM10,80,56,81,65,75,70,88,111,89,93,78,100,,,37,,43,46,44,,52,38,39,,42,33,,98,100,130,,93,89,,47,42,86,60,61,55,26,35,36,38,31,105,123,98,66,77,83,74,,,88,36,52,54,53,,112,90,63,100,50,75,109,,85,72,77,77,134,98,90,114,98,113,90,86,,277,104,134,81,88,87,100,80,89,100,87,91,71,68,103,28,65,81,,,87,64,60,68,,61,17,18,25,20,26,24,18,14,17,21,44,178,43,,42,17,25,41,43,55,63,55,121,,49,51,52,46,64,49,69,73,47,50,46,56,58,53,47,44,40,38,35,22,32,22,31,35,27,22,30,26,25,47,24,30,18,,42,,,,28,,22,,,,77,42,,133,66,100,,56,43,29,,18,,29,30,,,30,21,40,,,,27,66,,,36,49,48,53,,48,42,66,45,45,40,39,39,,56,,60,,46,35,40,19,36,28,30,34,57,44,43,22,32,45,43,49,,26,39,54,47,41,36,39,71,68,,,15,,71,41,,34,43,85,44,23,29,,50,67,72,57,52,,,,81,62,60,59,62,91,61,124,62,59,60,,90,75,87,78,15,55,61,45,70,34,48,28,49,,,51,60,62,46,44,50,50,66,,22,15,24,33,29,23,19,55,22,65,63,57,80,76,80,71,61,78,37,32,45,30,48,19,33,48,46,,76,69,101,61,56,84,80,43,95,37,59,99,,85,72,70,74,51,145,71,52,34,33,23,38,48,66,32,33,37,24,66,29,15,19,15,44,55,57,40,40,15,,41,43,29,29,23,55,82,51,54,65,69,81,73,69,140,97,128,81,74,66,64,34,61,31,,37,44,51,55,61,59,12,21,26,,20,33,,37,77,66,45,26,44,96,51,,41,46,28,56,38,,34,35,35,27,70,,28,60,38,45,33,34,43,40,42,35,,55,28,23,39,48,40,64,30,22,30,18,36,42,23,24,24,35,,,23,65,68,62,41,,49,80,35,,34,56,10,,24,34,39,,,,38,51,24,27,26,33,21,,19,64,45,42,89,45,,93,78,50,53,22,46,66,62,52,57,57,60,53,43,60,70,36,42,51,62,50,47,58,15,13,11,21,44,38,26,,52,36,31,26,29,57,25,,57,,43,64,71,49,73,,,55,,72,40,53,,34,58,55,56,72,30,78,70,69,68,67,17,33,22,14,20,,56,,63,,63,60,53,64,52,63,53,48,51,40,,12,11,44,39,38,,76,75,45,66,84,46,70,27,66,36,64,55,22,33,15,57,15,,48,31,58,43,,40,28,23,18,113,67,62,27,,47,75,68,,82,47,,64,112,75,,30,38,31,39,,,98,84,122,122,,70,58,49,66,72,65,,60,66,,168,92,103,126,128,95,91,91,109,102,98,70,71,55,,30,36,104,68,87,33,,65,51,25,36,16,51,,23,52,11,24,13,57,56,,56,44,37,30,80,27,39,,24,48,,35,33,31,32,36,57,42,46,47,,39,36,,23,37,36,33,44,48,49,41,69,47,42,50,23,45,81,35,40,108,103,,108,110,117,91,44,74,51,72,73,45,62,47,40,124,99,96,90,86,113,65,67,91,106,,,69,88,69,68,72,64,70,64,,50,45,72,107,,48,,37,,,59,50,,28,46,55,38,49,27,21,28,42,34,53,28,46,59,124,,10,35,39,34,,75,67,63,58,79,107,35,43,46,84,60,94,54,38,,,,68,,48,,27,54,55,63,78,57,45,77,51,39,,36,59,105,23,29,28,23,41,72,,65,25,27,33,34,,25,26,31,34,22,54,43,112,95,89,81,38,,12,56,,44,37,67,58,32,18,,17,43,67,78,63,53,37,69,53,34,10,19,29,35,31,22,18,41,23,17,16,38,34,25,37,14,10,8,12,13,20,32,26,24,45,47,30,43,43,40,69,64,,30,42,,35,,15,26,50,57,28,,22,17,36,31,,40,,102,,,32,20,,91,95,84,112,56,,52,86,,16,37,130,140,127,137,143,218,40,42,29,44,31,116,,105,119,84,90,,77,87,68,60,81,80,,65,131,111,126,46,59,50,31,,220,52,82,62,,,55,23,14,34,60,65,29,133,58,70,88,74,42,105,90,94,64,57,67,32,39,24,76,59,69,57,52,25,22,19,23,20,30,73,,33,42,19,24,42,63,99,60,28,74,59,264,36,82,15,109,16,28,30,27,54,72,74,71,26,84,158,35,84,51,64,45,39,43,,90,,,37,43,40,,115,,99,,,70,,49,48,68,54,56,49,34,38,40,49,,21,13,28,46,67,49,49,,79,64,65,83,74,33,48,33,68,70,,44,52,21,23,16,71,,63,,63,56,38,81,51,,46,98,63,,20,44,,51,63,58,,35,16,19,,12,93,102,48,42,36,47,55,44,60,46,92,70,116,60,62,77,70,50,72,52,57,46,47,49,53,64,60,55,47,72,68,94,81,47,56,60,75,59,57,48,,55,49,59,42,,52,58,61,,82,68,48,63,60,,,49,58,76,96,85,40,93,44,58,51,,53,61,57,49,40,61,51,76,101,97,99,90,44,43,46,70,80,72,,30,30,,56,,29,31,,62,,38,51,46,66,55,53,77,54,51,43,140,141,122,79,28,46,45,40,25,40,57,65,33,49,75,44,,36,51,35,35,56,57,64,36,48,66,56,38,26,63,60,60,53,140,53,32,42,44,33,57,41,23,68,51,55,,38,39,72,,48,32,18,21,38,40,77,61,63,25,16,17,14,72,54,52,70,44,55,46,48,57,62,66,,44,49,49,58,92,98,75,,73,58,39,37,49,40,62,63,,47,,43,56,,23,61,27,50,50,2,19,12,,12,15,18,28,21,31,51,77,65,84,60,32,32,,42,34,58,98,67,23,30,25,,10,30,29,90,109,164,43,39,,34,37,34,28,58,,21,43,53,34,40,49,33,68,41,20,30,82,101,28,30,60,20,13,23,,152,,55,,22,45,32,55,72,63,42,59,45,51,,32,22,21,21,39,25,13,,21,54,67,21,23,17,9,126,97,9,,,30,20,49,,16,19,,33,26,24,,46,17,22,35,54,38,46,61,43,11,,,70,71,43,53,25,22,20,16,32,54,58,88,139,,,267,237,,33,30,29,15,13,19,,43,17,27,48,51,29,63,46,107,129,78,66,46,36,46,37,46,19,96,40,39,37,57,38,32,32,36,39,20,68,36,67,,36,32,43,88,,66,34,74,36,47,75,67,50,42,38,32,53,46,31,78,109,17,16,57,78,33,39,33,145,,37,58,101,129,55,77,67,51,72,40,41,42,101,41,16,50,50,24,37,48,38,64,18,91
20170820,21,PM10_24h,68,66,66,61,66,63,78,77,61,77,68,84,,,74,,62,65,67,,66,55,47,,61,56,,110,116,103,89,84,73,88,67,64,115,100,100,84,23,26,38,39,43,105,130,93,83,62,76,72,74,73,71,66,53,67,68,72,70,59,50,70,45,54,60,,54,58,68,66,80,62,73,90,81,66,89,85,,224,70,73,74,84,64,87,105,113,128,145,126,123,106,107,32,44,51,,,62,52,47,49,,69,26,23,26,30,29,29,20,20,24,22,38,64,37,,34,16,18,26,28,36,93,65,60,,59,61,58,56,50,38,55,48,49,35,30,40,38,32,36,30,31,31,23,11,19,13,27,23,22,17,21,26,37,36,27,30,29,24,34,36,29,36,44,39,35,,,,70,51,,72,66,68,,44,34,28,,18,,26,19,27,24,21,32,22,,,,23,27,,27,29,28,26,33,,28,23,32,30,33,31,33,26,,39,,50,,41,44,40,27,42,31,35,40,47,38,45,25,36,46,41,44,,34,40,53,45,48,48,45,61,62,,,21,,51,36,,55,37,45,35,27,27,,36,31,50,50,52,36,37,38,40,35,33,30,33,47,39,42,31,33,67,,78,75,78,81,42,42,54,64,73,64,86,76,83,29,,75,76,103,73,79,102,83,90,,29,24,29,33,23,22,22,49,18,69,63,61,74,64,65,70,66,80,73,61,62,55,58,71,52,63,58,54,55,36,74,58,42,59,50,43,52,52,56,53,,53,61,39,84,52,78,55,62,28,34,23,38,33,60,26,26,29,22,45,20,16,19,17,44,48,48,30,31,29,57,52,33,29,30,19,30,34,30,32,48,49,47,42,38,79,73,71,65,62,62,55,49,55,43,64,57,43,64,56,57,63,17,17,23,21,25,36,,47,31,63,39,40,69,56,57,,33,45,41,40,56,,33,43,35,29,64,,31,58,32,35,23,25,37,34,33,29,,36,29,24,37,36,29,54,11,15,9,6,22,12,73,76,66,78,82,74,70,107,59,79,61,84,103,49,40,34,48,31,22,,20,24,53,,,,47,47,44,75,69,54,51,,56,45,53,41,49,38,40,51,44,39,40,21,34,54,55,51,72,72,67,79,79,73,59,49,56,69,70,101,50,47,28,25,26,35,69,65,46,51,55,47,44,75,67,73,57,,39,,33,37,40,32,55,,,64,,66,29,32,,67,58,70,64,61,33,59,46,56,49,74,19,22,18,12,20,,52,,54,,51,51,46,53,36,40,46,25,27,31,,15,17,35,28,36,,73,67,74,66,69,49,56,34,48,39,50,33,27,25,19,37,17,,34,33,38,49,58,53,25,21,28,74,65,64,26,27,26,85,62,,64,60,,40,48,44,46,29,54,54,28,,,75,65,66,128,,54,56,54,51,51,52,,51,53,,85,80,87,85,90,97,77,98,114,94,66,63,58,41,,22,27,50,36,58,26,,51,52,26,35,20,48,53,28,49,46,38,33,58,49,51,60,51,33,31,32,28,32,,12,49,45,48,30,57,47,39,67,51,38,36,30,26,34,24,19,21,24,24,40,31,34,29,48,67,47,52,39,63,66,57,30,126,119,,113,102,128,126,53,72,64,62,73,58,63,56,58,120,104,100,104,91,88,74,92,92,97,,78,54,68,56,58,52,57,53,57,32,34,43,46,51,32,45,32,42,35,30,50,65,23,28,30,47,43,59,24,22,21,36,40,46,32,50,52,77,16,15,32,35,34,39,41,55,53,47,64,71,46,29,48,41,62,69,52,45,79,,,68,31,36,39,39,48,55,72,78,56,57,61,40,55,,43,36,48,61,60,61,72,46,54,73,77,62,67,89,75,75,66,73,67,63,69,94,86,94,94,76,68,34,28,25,46,,40,35,84,67,34,17,35,31,40,87,84,98,38,29,66,64,25,14,32,25,29,29,28,31,27,23,21,22,41,37,40,39,23,14,11,10,13,12,36,33,34,33,29,23,30,27,33,52,43,,22,30,30,30,33,23,18,20,24,13,,21,17,40,32,,44,,53,,,33,29,48,84,66,59,74,62,,63,67,,72,84,117,122,115,108,146,126,61,81,63,78,55,64,,53,59,69,79,,62,74,67,57,47,103,,71,45,43,42,35,55,37,60,,100,80,89,65,,,42,42,27,35,34,56,26,66,58,61,76,66,33,50,57,61,51,36,50,40,69,46,75,49,51,40,32,27,27,27,29,33,26,44,,22,40,32,28,26,37,66,76,41,52,58,119,26,53,36,36,10,25,26,22,33,38,46,56,19,48,68,31,53,34,37,38,34,30,,67,34,53,32,33,40,,51,52,56,,33,57,51,63,43,52,45,51,54,41,38,53,41,49,31,40,32,24,35,34,46,,42,45,42,53,41,29,23,24,51,50,,54,55,19,18,15,67,58,53,39,56,65,49,65,54,57,48,69,59,60,59,69,63,49,47,48,,65,64,84,62,13,79,57,48,45,39,56,49,52,53,40,61,52,67,53,90,95,71,66,83,68,78,72,74,44,46,48,44,51,46,48,43,62,48,39,49,56,71,71,65,59,,66,65,66,44,,44,46,62,,58,80,79,78,68,65,53,67,65,76,84,80,71,61,65,71,64,,52,67,74,57,31,51,37,54,80,75,75,78,44,54,47,53,61,58,,36,38,,49,36,41,38,44,51,35,22,54,48,43,44,42,52,40,37,40,51,61,65,48,30,50,45,32,36,34,55,78,49,59,29,28,,40,29,51,35,48,60,69,28,42,39,46,33,26,44,66,66,65,81,61,88,41,40,41,42,42,44,40,61,58,46,48,49,56,67,55,57,26,49,47,42,45,27,40,26,31,31,50,83,53,53,79,53,56,42,46,41,45,41,43,54,46,42,52,45,62,71,,59,55,40,37,39,48,65,52,31,43,,30,40,,39,75,57,67,51,7,9,9,,16,14,16,24,20,25,42,55,43,61,43,21,26,33,25,47,50,74,49,27,19,18,,19,32,35,49,55,141,44,27,27,25,40,28,28,24,,27,36,22,26,35,34,22,28,28,20,31,49,56,19,48,67,10,11,13,,50,,9,,14,29,37,53,57,50,49,44,42,47,,30,22,22,19,31,24,24,32,38,23,25,8,14,35,32,68,62,41,46,40,25,18,58,,14,19,41,47,17,31,15,33,12,33,43,45,42,32,30,35,33,54,35,73,115,65,64,18,39,31,32,45,66,81,76,207,,167,518,348,72,47,74,25,28,15,39,51,50,22,47,47,38,80,56,58,98,65,66,90,44,32,24,36,40,23,54,38,36,36,78,38,18,53,36,51,28,43,32,56,19,29,21,49,78,81,58,59,60,45,44,53,55,32,35,24,35,23,26,19,66,65,27,36,24,55,40,53,35,106,,72,43,110,105,66,65,71,30,75,34,41,27,90,70,19,63,60,23,51,42,60,47,21,52
20170820,21,SO2,2,2,2,2,2,2,2,2,2,2,2,2,,,4,,6,1,5,,5,3,9,,6,3,,9,32,9,2,10,10,6,11,10,25,26,27,32,4,7,14,10,8,3,7,6,3,8,15,5,4,3,4,8,18,15,1,7,6,6,9,7,5,5,12,,3,19,26,23,4,5,7,8,9,15,15,13,,17,20,24,13,16,9,22,20,21,21,11,22,19,20,12,3,13,8,,,7,26,7,6,,5,9,7,10,11,10,5,7,5,7,7,6,9,7,,8,5,8,10,2,8,9,5,3,,4,10,10,14,10,10,13,16,8,6,7,7,5,8,8,3,8,6,9,15,10,27,10,10,7,5,6,8,7,13,5,6,8,12,8,16,15,18,14,16,5,,,,25,7,,29,15,15,,25,3,8,,3,,3,3,1,8,3,8,19,,,,8,9,,6,5,7,5,15,,5,8,7,16,3,8,8,10,,6,,11,,6,8,5,7,5,6,6,11,4,7,7,4,7,6,8,4,,8,6,7,10,10,12,14,5,6,,,6,,8,5,,5,5,4,4,6,8,,9,7,5,9,4,4,5,5,6,4,3,11,4,11,17,12,4,6,5,,11,4,5,10,2,5,6,5,6,6,7,4,3,2,,6,5,10,15,7,9,14,7,,2,3,4,1,13,6,7,10,7,4,7,6,7,7,2,9,5,7,6,4,3,6,6,2,1,4,3,6,10,9,10,11,11,8,12,3,9,11,16,10,,11,16,20,20,13,4,9,11,12,12,9,9,6,17,16,8,11,9,,4,3,9,4,11,12,9,9,7,8,11,13,10,8,7,6,8,15,6,7,12,15,15,9,11,13,16,20,12,9,12,14,9,15,6,8,7,8,7,8,7,8,2,6,6,3,7,14,,13,7,11,12,6,6,9,7,,8,12,9,6,11,,7,4,15,8,7,,6,5,10,4,7,6,7,5,7,8,,11,9,9,11,9,8,12,8,15,14,9,14,15,6,2,7,6,6,5,5,5,6,5,5,5,8,7,2,2,6,4,3,,9,6,2,,,,18,12,8,10,6,5,6,,7,25,18,28,18,15,10,18,14,10,9,4,8,15,8,10,20,5,11,12,10,17,15,7,8,4,3,2,3,1,3,5,1,4,7,8,5,6,6,12,26,4,4,7,5,,11,,9,10,8,10,16,,,6,,4,6,3,,12,24,15,9,27,19,15,13,8,19,21,7,15,5,9,5,,13,,9,,4,58,19,13,3,9,7,14,16,9,,1,5,14,12,12,,24,24,10,12,24,9,9,8,9,7,55,9,9,60,14,18,8,,8,9,5,8,6,8,9,9,10,6,6,5,9,16,30,11,19,,14,13,,19,21,15,16,6,6,12,6,,,10,10,9,42,,21,91,22,11,10,5,,6,8,,35,32,36,45,32,4,3,7,6,11,3,11,14,12,,7,5,6,9,7,5,,6,11,6,7,10,45,5,8,10,8,8,2,25,22,13,35,39,8,5,5,8,4,,2,7,5,5,15,12,1,3,7,12,7,5,8,2,13,4,10,8,4,2,5,7,7,5,16,15,10,14,7,9,23,3,4,21,18,,14,16,11,15,10,10,8,9,4,3,6,5,5,13,14,7,3,13,8,9,18,6,11,,9,12,9,7,7,8,4,7,6,41,9,9,1,8,31,8,9,8,10,,8,5,8,7,4,8,7,5,4,6,7,7,6,4,3,6,10,4,4,2,4,4,6,6,6,5,8,4,8,5,12,14,7,10,3,3,9,4,14,,,9,3,4,10,5,10,4,6,14,12,14,11,5,9,,8,21,13,11,8,15,5,10,8,6,9,12,10,10,13,4,4,3,2,4,3,4,3,9,6,5,7,111,19,6,4,,8,17,16,12,3,6,3,4,6,2,5,4,10,21,8,10,5,1,4,2,12,4,4,5,6,4,3,5,8,4,6,4,3,3,2,4,9,5,11,12,16,10,10,14,10,22,,16,20,,8,7,9,12,8,10,8,19,12,5,,16,13,10,8,,8,,25,,,1,1,10,7,8,8,8,5,,8,11,,5,6,13,11,19,7,13,11,10,6,12,9,13,22,,15,14,5,2,,6,14,16,7,27,16,,12,56,65,52,6,7,6,3,,6,4,5,22,,,24,4,13,6,7,5,9,29,8,8,23,9,7,12,16,9,9,7,4,4,8,9,7,6,8,7,13,11,5,15,7,3,10,17,,7,7,6,8,8,2,1,3,2,10,5,7,3,118,2,100,3,1,14,7,7,3,8,16,3,5,8,2,11,10,12,3,12,27,,14,9,8,15,10,9,,10,4,15,,19,9,10,17,90,10,4,4,16,29,7,4,13,17,13,8,8,5,4,7,2,,7,7,13,3,20,9,8,6,10,19,,18,26,18,18,11,15,12,8,15,6,9,6,10,9,4,5,27,5,5,8,7,8,4,5,6,,4,4,12,9,5,15,10,10,38,3,9,11,7,20,28,11,21,23,18,6,49,20,20,16,11,11,31,7,6,6,14,12,21,4,37,8,19,14,49,21,18,19,23,5,13,,8,3,3,7,,5,4,7,,5,16,10,8,11,3,7,10,2,5,6,4,6,6,8,9,6,,7,6,5,2,11,8,11,9,15,11,9,12,7,3,3,6,11,6,,8,6,,2,1,4,4,12,6,1,3,14,14,13,14,19,11,10,8,10,19,17,22,38,17,8,2,9,13,5,12,3,16,3,3,17,,6,16,3,4,3,5,2,6,4,11,27,19,2,1,3,10,11,5,7,17,11,10,15,17,11,7,1,7,9,6,33,30,6,19,9,5,7,8,4,7,7,9,7,10,17,21,22,6,7,12,10,12,6,5,38,5,2,2,6,4,7,7,8,10,8,6,,7,17,23,6,14,3,12,2,31,8,,6,4,,5,10,6,7,8,10,7,6,,19,8,13,27,31,37,11,8,13,24,8,4,6,3,4,6,6,14,12,5,10,3,,3,7,3,26,35,8,20,9,4,5,14,8,15,17,,7,10,7,8,6,9,6,7,8,9,21,10,2,9,4,9,4,4,4,,4,,4,,6,1,5,6,8,3,5,6,6,3,,6,8,5,5,9,5,6,7,8,11,6,4,3,3,3,16,11,4,8,8,3,13,4,,8,13,4,8,4,6,11,12,4,12,6,7,7,6,11,6,5,5,5,7,4,2,12,7,5,1,,12,4,2,6,5,,22,21,27,9,9,8,4,3,3,7,6,16,10,2,8,10,5,3,6,33,17,7,12,11,3,6,6,4,6,9,7,11,10,1,7,6,9,8,5,23,11,7,20,12,3,4,5,1,3,12,6,16,6,8,135,3,7,6,5,5,19,11,12,23,15,9,7,9,9,12,9,11,64,,7,10,15,17,14,8,6,6,20,1,4,5,6,8,3,6,12,6,32,8,2,15,10,24
20170820,21,SO2_24h,3,2,3,3,3,3,2,4,2,3,3,2,,,8,,10,2,6,,7,4,12,,15,3,,9,30,8,2,10,9,4,30,25,50,44,50,46,6,4,16,11,11,5,10,12,9,11,16,7,5,4,8,9,23,20,10,9,8,8,13,8,8,9,15,,7,13,18,18,4,6,7,7,10,9,11,14,,18,16,28,14,14,15,17,16,18,19,13,18,15,16,11,7,15,11,,,9,21,11,14,,14,8,7,10,11,7,5,6,5,5,7,7,8,7,,8,5,8,9,3,11,10,6,4,,4,9,11,14,9,6,12,9,6,6,7,7,5,7,7,5,8,7,9,13,9,24,9,9,9,8,7,8,8,14,6,5,9,6,8,19,19,20,14,19,7,,,,18,10,,17,25,28,,25,7,10,,3,,3,4,2,8,4,9,19,,,,9,9,,8,7,6,8,11,,5,10,7,15,3,3,10,9,,8,,13,,11,9,6,7,8,8,8,13,5,10,10,4,6,6,7,3,,7,6,7,13,11,13,13,4,8,,,6,,8,5,,6,5,7,5,6,9,,8,6,16,12,11,5,6,5,7,5,2,16,3,17,14,14,23,6,6,,9,7,5,12,3,10,12,39,36,36,29,31,15,3,,32,7,15,20,6,13,17,14,,2,3,4,2,10,5,6,12,7,5,9,8,7,6,4,10,6,9,11,7,7,12,8,5,3,6,5,8,19,11,19,14,18,11,16,4,12,13,15,15,,14,22,16,19,14,6,11,13,12,12,13,10,6,14,16,8,13,12,9,6,4,6,6,12,8,11,11,9,11,25,26,10,7,7,7,9,11,7,6,14,17,16,12,12,13,16,13,12,8,16,26,14,19,7,13,9,7,7,11,7,9,3,6,6,3,6,16,,15,12,12,20,9,11,15,16,,15,14,14,9,16,,8,7,16,10,7,,6,11,10,3,6,6,5,4,6,6,,13,12,10,12,14,18,25,7,14,11,9,10,7,8,2,7,6,9,5,7,8,9,6,5,8,10,6,3,2,6,4,4,,7,6,3,,,,17,11,8,10,9,6,9,,11,23,94,28,21,17,10,48,15,11,10,4,8,15,12,22,22,22,12,27,13,10,7,7,8,5,9,11,6,5,5,6,3,5,13,13,8,33,8,40,17,4,20,12,13,,9,,8,8,8,8,17,,,9,,5,9,6,,16,18,12,12,28,20,13,16,8,19,22,8,8,6,7,5,,13,,14,,5,17,20,20,4,8,8,11,11,3,,1,5,15,12,12,,36,18,28,14,18,14,12,11,10,15,39,11,9,14,10,12,9,,11,20,9,8,7,10,10,9,10,10,9,8,6,8,11,15,17,,18,16,,13,13,13,13,7,10,19,7,,,9,9,8,20,,23,37,27,24,10,4,,2,8,,28,44,35,32,37,15,6,18,30,20,6,12,14,11,,6,5,6,6,6,4,,15,12,8,8,9,27,5,6,14,7,8,3,18,24,25,26,25,9,5,5,9,5,,2,7,5,5,16,11,3,3,9,8,7,4,6,3,16,5,7,8,5,2,6,10,13,10,15,23,19,20,8,18,44,20,6,12,13,,13,19,18,14,9,15,9,11,9,3,6,5,6,16,12,9,4,14,12,9,13,7,12,,10,12,10,8,6,8,7,9,9,29,24,36,11,9,25,8,13,12,12,19,9,6,9,7,7,10,10,6,5,6,6,9,8,7,9,8,15,4,2,2,5,4,7,6,6,6,9,5,9,5,25,18,11,11,4,4,10,6,14,,,11,3,4,11,7,8,5,8,14,12,9,10,8,13,,9,18,12,12,12,15,7,11,9,6,9,12,10,10,14,4,5,3,3,4,4,4,2,10,8,6,8,21,8,18,7,,11,12,52,12,4,6,3,7,6,4,5,4,9,14,11,13,4,1,4,2,7,5,4,5,5,4,3,4,9,6,6,3,4,3,2,3,9,5,6,8,11,11,10,14,11,22,,11,15,,7,7,12,13,10,10,8,17,11,5,,16,13,12,9,,9,,15,,,1,2,14,7,8,7,8,6,,8,10,,15,24,20,12,17,9,14,22,10,11,15,13,16,24,,15,15,6,5,,8,16,20,23,18,41,,27,10,12,12,7,8,7,4,,6,6,6,27,,,7,4,14,9,7,6,9,11,10,16,20,10,7,8,12,9,12,7,6,4,11,8,7,13,8,10,15,15,7,9,6,4,8,10,,7,8,7,7,8,2,2,3,5,10,6,8,4,17,2,9,3,4,12,7,6,2,3,14,2,16,13,3,20,10,12,4,10,30,,15,12,10,15,11,13,,10,2,10,,23,14,28,23,35,34,25,16,26,26,11,8,12,24,12,8,9,10,4,6,3,,10,19,19,13,12,7,7,8,13,13,,24,32,18,14,10,12,11,8,14,6,16,10,10,13,5,7,14,6,9,15,8,11,5,6,6,,9,4,22,8,5,20,9,17,44,4,8,18,18,20,28,26,33,33,26,17,25,14,18,27,36,22,42,25,11,5,15,17,16,4,13,7,8,9,34,30,31,69,24,17,22,,14,6,10,8,,5,5,8,,5,9,7,7,6,9,8,10,3,7,7,4,6,6,8,7,5,,7,20,23,5,11,8,20,9,11,10,6,9,9,8,8,6,10,6,,8,8,,3,4,4,6,7,6,2,3,12,12,10,18,17,14,15,10,17,24,18,66,43,22,17,9,20,19,8,21,13,21,14,6,8,,8,12,4,4,6,7,1,6,4,16,38,21,3,1,5,19,12,10,14,17,11,14,15,13,17,9,3,8,4,11,34,54,11,20,12,12,7,8,5,15,19,9,14,7,31,29,24,10,9,13,11,16,10,10,11,6,3,3,6,4,8,5,8,8,9,6,,8,12,18,6,12,5,15,5,27,7,,4,3,,6,20,6,7,8,9,8,7,,20,9,13,16,14,15,14,7,13,23,9,4,4,4,2,6,6,10,16,5,10,3,,3,6,3,24,39,7,19,9,5,4,12,8,12,15,,23,9,8,9,8,6,4,6,13,13,18,10,2,7,4,9,4,4,5,,3,,4,,6,1,4,8,6,7,7,7,7,4,,9,10,6,6,20,6,6,7,9,5,6,6,7,3,2,15,13,4,7,8,3,12,4,,8,13,4,5,5,6,11,12,4,11,9,14,9,6,8,5,5,5,5,5,5,2,12,7,6,2,3,12,4,2,4,5,,16,42,41,13,15,9,3,3,3,8,9,10,11,14,6,16,13,7,10,33,16,7,29,12,7,8,6,5,6,9,9,12,11,4,8,6,21,17,40,22,22,13,8,10,4,4,17,12,9,13,11,26,7,9,26,3,6,10,8,6,14,11,12,22,26,10,9,9,7,15,14,15,34,,12,10,16,24,23,9,8,6,25,2,4,6,7,35,4,12,19,6,11,7,2,12,12,18
20170820,21,NO2,41,10,34,23,36,28,45,51,16,26,44,60,,,18,,26,26,21,,38,40,29,,10,22,,38,35,81,49,22,29,7,42,38,45,44,49,65,8,68,23,29,19,39,64,37,24,32,19,16,36,30,23,18,27,29,33,21,53,38,55,41,20,56,132,,90,60,28,40,53,68,36,33,47,60,39,38,,11,61,44,53,48,29,39,21,38,29,35,19,33,34,26,13,44,99,,,76,41,61,67,,48,14,17,22,18,10,20,17,17,13,4,56,64,47,,50,3,11,75,33,40,40,60,32,,43,73,62,43,80,39,39,86,47,48,60,63,54,33,41,43,44,47,66,29,53,50,37,73,13,54,55,21,36,29,30,20,31,,22,16,27,27,30,27,20,,,,52,18,,50,56,42,,31,41,34,,23,,53,13,72,63,24,87,35,,,,27,35,,45,33,25,20,24,,28,21,73,20,35,23,8,10,,26,,54,,64,69,62,6,38,22,74,90,72,65,53,19,54,34,56,49,,22,30,49,51,36,38,35,51,33,,,32,,27,38,,28,40,45,29,17,21,,26,37,35,20,28,10,9,22,61,42,28,14,20,85,27,105,33,29,10,,33,35,28,27,9,50,70,30,14,14,16,39,27,5,,24,37,28,27,27,27,36,39,,15,24,35,23,36,31,28,46,17,36,36,40,61,45,45,60,52,29,28,73,40,87,41,31,64,55,33,1,21,31,20,30,30,27,45,31,50,6,90,64,,108,99,49,41,105,63,141,13,40,53,37,41,37,48,63,24,40,49,,40,19,48,11,34,104,44,37,25,10,48,79,55,24,27,10,36,40,15,29,46,51,54,33,31,73,52,49,52,59,50,64,13,16,37,33,32,39,49,34,34,37,8,5,21,16,12,20,,32,38,20,11,10,14,26,69,,23,39,35,35,25,,18,19,38,43,44,,38,5,19,39,12,22,18,32,39,30,,21,22,8,30,28,32,29,53,31,60,26,43,51,37,33,50,32,35,27,29,14,21,38,42,25,34,45,28,10,36,43,2,,7,14,11,,,,31,25,28,25,5,30,22,,10,45,49,13,32,32,35,64,25,33,36,3,,80,12,88,62,81,60,66,52,58,56,44,69,74,28,21,21,22,3,3,5,5,30,40,15,8,29,37,36,23,26,31,8,,57,,26,27,37,38,33,,,22,,26,27,29,,32,,31,32,30,27,29,100,20,9,18,8,52,26,19,8,,12,,9,,25,20,28,43,21,38,23,25,35,21,,5,8,18,12,17,,29,23,32,14,38,23,49,14,29,19,28,22,19,21,27,20,11,,27,17,21,12,48,38,7,11,11,56,33,35,16,32,36,47,40,,20,19,,24,25,19,26,16,24,30,15,,,34,25,48,39,,29,30,28,26,4,7,,32,24,,27,47,18,11,8,25,37,19,22,20,17,17,16,23,,32,30,85,96,71,21,,35,27,8,31,12,58,8,14,35,9,28,13,43,47,47,36,36,38,18,44,19,23,,6,18,11,10,5,5,27,23,17,35,18,15,14,20,38,18,71,64,61,67,59,24,32,25,9,4,28,17,3,17,57,10,7,37,49,,38,48,33,25,29,23,36,40,32,20,13,22,21,22,33,36,12,22,13,19,40,15,32,,20,19,24,11,21,25,16,18,10,61,40,30,29,15,10,3,7,5,11,,15,25,32,4,9,32,20,22,22,9,15,18,16,19,18,51,31,46,,10,10,52,28,30,11,21,25,18,15,13,61,12,20,36,15,24,26,40,15,,,23,8,21,14,14,15,33,31,26,63,30,75,25,35,,36,37,35,26,38,21,34,11,38,15,13,27,37,55,34,5,19,51,37,37,24,54,60,19,43,24,8,19,13,16,28,,16,31,20,28,32,62,3,17,13,18,22,30,12,,13,21,22,9,15,32,23,33,11,7,2,13,7,26,13,11,12,15,6,4,6,8,8,13,14,15,28,49,41,42,19,36,41,46,72,,14,38,40,28,29,29,36,25,31,3,,30,27,21,17,,27,,55,,,15,6,33,14,13,22,23,19,,20,37,,10,13,23,11,18,16,22,13,32,27,32,24,51,17,,34,33,2,11,,13,3,34,33,15,41,,17,41,31,53,18,24,14,10,,30,20,12,26,,,19,6,19,13,22,23,9,36,23,20,29,27,17,69,48,41,20,16,,31,8,2,14,27,45,44,55,41,35,37,16,7,26,26,,27,12,12,13,7,14,30,8,7,21,33,42,15,32,11,47,2,11,13,2,33,55,44,56,8,16,17,10,18,15,19,10,13,18,,34,27,16,61,29,25,,16,6,12,,3,28,19,12,69,57,55,101,39,18,86,79,63,53,18,18,11,29,20,28,29,,39,36,34,24,36,33,27,21,14,13,,16,20,12,25,8,32,22,28,18,15,37,38,,10,4,37,37,23,12,19,47,43,15,23,21,,13,3,14,13,2,50,29,27,13,5,37,37,21,41,14,27,24,47,15,12,23,30,33,41,18,20,21,44,36,25,31,15,34,17,28,12,26,26,37,43,36,29,41,71,53,,27,33,16,30,,27,53,27,,60,33,44,14,16,17,19,17,17,19,37,18,11,37,12,24,16,,28,50,19,36,3,45,33,22,24,14,28,38,25,3,39,17,19,10,,6,7,,6,3,9,15,5,8,9,13,28,5,30,39,36,38,31,30,15,55,51,38,41,5,18,20,38,23,26,34,32,27,41,5,9,,14,12,19,19,35,12,6,6,26,52,38,38,3,41,47,62,42,36,54,29,7,13,18,33,13,16,58,36,63,12,17,17,23,12,13,20,14,16,20,17,19,24,40,18,26,27,26,8,18,10,24,6,13,20,23,12,42,25,17,14,50,59,45,33,64,56,,52,46,39,41,30,48,8,32,16,21,,19,32,,6,30,28,27,22,7,10,7,,8,9,8,21,18,24,13,13,15,28,12,8,12,11,13,15,39,17,12,18,36,14,,2,20,11,15,31,21,23,21,12,11,12,16,11,14,,14,13,11,15,16,24,23,31,15,12,25,34,18,10,9,31,28,22,16,,16,,10,,4,8,8,9,10,10,72,47,38,45,,11,9,29,22,35,12,4,14,10,37,27,9,9,35,28,34,43,7,18,9,11,38,16,,13,13,9,37,14,27,5,12,12,28,17,4,82,46,36,24,23,16,19,37,20,24,32,5,13,27,2,8,10,12,9,5,,9,14,26,16,8,18,10,1,1,22,12,19,17,66,14,45,13,20,27,68,35,2,41,55,30,29,37,22,25,23,13,20,11,19,27,11,22,16,26,14,37,13,46,44,4,42,30,62,20,41,17,28,28,29,31,12,34,54,16,24,32,50,15,57,115,21,15,68,19,19,20,11,43,,24,52,61,31,21,26,7,17,17,12,9,13,28,33,9,24,52,7,10,40,7,42,5,29
20170820,21,NO2_24h,34,15,41,27,46,34,46,35,13,34,53,52,,,33,,34,29,36,,34,30,25,,19,33,,55,38,36,45,19,41,11,52,57,45,45,56,59,16,27,23,24,29,40,32,25,24,21,16,23,27,26,16,18,17,21,20,22,30,21,27,27,14,41,47,,37,31,25,30,23,32,27,16,26,26,22,43,,14,36,32,38,44,34,33,32,49,50,61,45,51,57,31,14,25,41,,,35,30,31,39,,38,9,17,13,12,6,7,10,15,11,2,33,31,24,,29,5,7,26,15,25,33,45,19,,43,50,45,43,54,24,34,39,35,36,40,38,37,24,31,36,29,37,28,17,28,27,25,29,13,31,34,21,39,30,28,19,28,28,31,26,35,30,22,35,20,,,,37,21,,27,27,30,,30,19,23,,17,,22,11,30,34,18,37,18,,,,17,27,,18,18,16,17,20,,24,14,22,18,19,21,8,8,,19,,14,,21,45,42,6,35,27,37,50,36,28,36,24,22,22,26,25,,10,23,26,35,26,33,24,34,23,,,23,,21,24,,20,15,17,11,9,11,,16,21,25,19,30,16,14,12,24,36,28,22,30,59,27,38,36,26,26,,31,34,25,34,11,31,28,39,25,28,39,37,37,6,,29,41,27,29,33,31,33,36,,13,19,22,20,24,28,12,29,10,20,17,29,27,22,15,24,31,18,48,44,35,52,33,42,38,36,34,17,25,11,28,26,25,29,33,37,22,20,44,38,,51,53,30,63,54,41,55,31,40,46,41,38,30,46,47,22,38,37,43,22,14,22,10,27,43,28,21,18,13,40,43,22,14,12,11,17,19,13,15,36,38,40,9,27,36,41,38,37,41,37,33,22,23,39,32,38,27,30,28,31,32,10,8,14,10,6,15,,30,37,38,22,21,44,25,56,,33,42,36,33,39,,22,27,48,34,40,,35,6,16,24,6,16,12,19,24,18,,17,21,10,22,22,21,28,16,20,24,9,30,14,29,25,50,33,34,35,22,37,19,29,19,35,23,21,16,4,29,29,3,,7,14,15,,,,21,18,56,35,28,49,44,,27,20,28,15,22,12,18,29,19,24,17,3,7,32,7,41,33,39,30,44,28,32,20,16,23,22,28,28,21,22,9,11,11,16,25,32,17,14,23,28,28,36,30,26,20,,20,,19,17,27,18,27,,,15,,17,21,19,,34,11,26,29,25,23,15,27,14,3,9,9,24,21,6,12,,15,,15,,20,19,22,27,21,18,22,24,13,11,,4,6,15,10,13,,25,20,30,19,45,20,25,17,23,13,20,16,12,15,13,16,8,,17,12,13,17,24,21,10,12,11,38,25,33,11,14,14,42,32,,23,22,,13,14,17,18,11,28,31,16,,,16,14,24,34,,26,22,16,22,12,6,,20,11,,9,31,12,7,6,48,33,29,41,39,14,19,13,16,,15,26,32,51,37,17,,28,17,9,18,9,26,7,17,26,19,18,8,30,28,31,34,31,21,16,19,12,18,,5,19,15,19,6,9,20,23,12,23,12,13,13,10,25,13,35,30,35,29,40,21,17,16,15,10,32,23,6,15,32,25,5,28,18,,25,29,19,22,20,17,26,23,31,15,8,14,10,26,28,36,16,12,7,16,17,12,25,,13,20,26,21,23,18,20,20,12,16,18,14,24,9,17,8,6,10,15,5,16,27,13,5,6,23,16,20,9,10,10,13,21,18,18,27,23,27,7,10,12,27,17,20,12,23,22,20,17,17,39,18,28,18,14,18,18,19,19,,,27,16,16,13,14,14,19,25,21,33,16,31,17,23,,18,24,21,22,25,11,25,5,12,24,20,26,30,38,37,10,17,28,27,22,26,32,36,17,22,13,5,14,12,13,20,,10,21,27,24,11,20,3,16,11,28,25,23,12,,16,20,13,5,18,20,15,22,15,7,2,9,10,11,18,11,12,16,7,4,6,3,12,10,20,23,28,38,18,30,20,25,32,31,30,,11,28,33,23,38,16,24,11,18,3,,14,15,20,16,,23,,24,,,14,6,19,11,9,16,12,15,,17,14,,24,26,31,20,29,22,23,17,22,24,21,20,32,17,,23,18,2,13,,13,4,31,26,15,44,,33,12,7,11,17,19,12,15,,13,9,8,25,,,18,12,17,11,11,10,4,17,27,17,29,27,10,23,25,18,14,13,12,22,14,6,21,20,20,18,22,26,24,19,10,9,14,12,,26,20,10,14,7,13,30,8,9,15,25,23,7,26,11,13,2,8,7,2,18,27,21,39,6,24,18,11,16,8,13,9,17,19,,29,22,19,30,19,24,,17,7,8,,13,23,20,21,53,56,33,48,32,25,31,25,27,23,30,22,14,15,15,16,14,,22,34,38,24,20,22,16,16,13,6,,34,26,16,25,14,28,20,23,17,15,25,26,9,12,5,18,18,13,23,28,26,27,15,16,18,,12,8,18,9,3,24,17,23,14,9,26,12,14,27,7,18,18,24,20,22,23,14,19,27,18,15,15,18,13,11,14,16,23,10,11,4,15,16,15,33,20,22,28,21,24,,31,32,22,13,,11,11,14,,13,10,10,6,5,14,16,12,13,13,17,11,11,14,8,10,8,,31,32,27,29,6,23,18,18,17,12,13,23,24,16,29,13,17,9,,8,12,,17,3,11,16,8,4,9,12,17,6,16,21,17,15,18,13,7,22,23,19,13,14,23,15,20,21,21,24,23,22,27,7,4,,13,9,5,8,7,10,4,6,12,19,23,11,6,21,19,30,23,25,30,22,10,15,17,16,20,22,27,28,25,12,13,15,18,13,13,17,13,22,23,14,14,11,14,27,40,32,32,13,19,16,22,14,16,18,21,19,26,18,12,22,33,37,36,12,18,21,,19,31,24,28,19,32,15,24,27,16,,13,20,,9,34,23,20,20,6,8,8,,18,6,11,14,10,18,14,15,13,28,12,4,7,6,5,12,16,15,14,14,17,8,,5,12,9,11,22,19,13,14,10,7,9,11,7,10,,11,9,6,12,12,10,12,16,10,6,10,16,16,7,11,30,5,6,5,,12,,9,,4,9,14,16,19,17,29,24,27,23,,13,10,20,18,13,6,3,17,14,14,13,9,10,13,17,20,22,7,16,9,11,17,20,,7,6,6,26,11,29,11,11,6,11,3,4,16,11,11,10,14,12,11,47,41,14,24,7,35,38,6,17,17,19,1,22,,30,18,23,41,27,31,13,3,6,29,30,30,18,39,12,47,41,22,25,28,20,4,57,23,24,21,18,19,19,20,10,21,14,14,27,4,19,17,23,12,17,16,16,20,3,21,30,37,32,31,20,29,18,19,18,18,11,18,15,25,24,26,11,30,25,21,22,20,19,28,28,20,28,,41,15,29,27,24,29,19,11,20,17,5,10,21,44,15,24,31,7,9,20,12,15,9,23
20170820,21,O3,77,103,121,53,119,133,106,81,115,115,111,73,,,68,,60,51,72,,38,42,54,,69,53,,132,119,56,82,90,98,148,54,53,44,46,52,37,104,24,89,81,73,78,35,72,89,140,157,149,118,130,142,110,107,111,80,128,27,16,26,33,18,70,23,,41,51,83,68,55,65,99,93,77,36,90,129,,159,78,130,106,109,96,123,106,81,90,80,110,98,92,81,53,64,5,,,6,85,50,77,,59,57,78,63,66,77,78,62,75,76,80,41,29,40,,47,41,41,22,37,29,52,46,33,,57,42,40,71,23,59,73,,43,33,33,32,28,47,40,33,33,39,14,65,65,56,47,20,65,45,42,102,79,79,89,83,100,,102,63,85,79,55,85,70,,,,79,85,,88,41,86,,60,37,64,,78,,44,51,33,65,73,8,83,,,,58,61,,29,73,62,48,52,,64,60,17,72,36,72,73,75,,42,,48,,50,25,11,85,58,18,7,5,9,19,37,14,14,29,10,18,,42,37,6,15,25,33,28,42,46,,,33,,82,65,,27,22,14,23,42,36,,98,77,53,64,49,72,66,57,43,77,91,117,110,88,107,22,109,86,140,,81,81,102,79,41,54,45,46,52,44,69,48,57,43,,51,79,88,103,84,88,105,110,,88,85,63,85,78,98,76,57,74,102,101,90,65,82,85,77,83,23,60,15,42,12,36,60,24,43,21,85,88,84,96,75,91,69,89,105,4,84,58,72,,60,81,104,151,54,76,14,207,70,79,43,29,51,131,27,78,67,57,,22,30,23,33,92,32,88,85,87,86,60,20,40,72,59,53,67,42,66,52,145,138,135,106,140,160,213,214,109,91,78,44,95,124,55,74,83,62,44,77,60,53,8,25,20,7,9,117,,97,60,92,89,95,76,84,32,,80,66,77,66,83,,85,73,86,53,61,,61,97,35,26,40,34,31,25,20,20,,50,43,42,44,40,37,45,31,40,38,65,26,30,30,19,36,32,19,23,27,50,84,51,9,39,33,61,58,100,52,28,57,,59,93,50,,,,83,78,74,66,81,68,95,,86,35,39,89,56,70,49,14,58,63,44,48,27,5,64,21,45,59,35,49,38,51,58,65,35,11,108,67,122,82,53,45,43,49,59,59,43,81,50,57,60,50,43,41,94,,67,,98,104,98,76,123,,,111,,94,70,60,,54,37,83,67,80,68,66,30,83,81,62,74,31,59,66,76,,111,,111,,74,126,113,97,119,85,114,97,90,98,,70,68,67,77,63,,149,136,140,184,151,53,22,56,34,55,68,26,27,25,22,27,27,,9,22,14,99,45,59,84,87,76,73,104,94,31,12,8,135,116,,77,73,,62,59,75,55,46,53,71,31,,,101,124,88,79,,86,89,100,89,145,163,,156,161,,85,99,135,125,92,146,150,162,164,156,134,80,78,82,,37,25,6,3,2,45,,22,20,44,19,38,17,50,60,11,62,19,14,42,55,42,60,68,32,41,10,30,30,,33,92,101,97,90,98,21,28,25,17,2,93,75,86,66,68,30,36,35,37,32,69,52,70,50,49,61,46,59,47,26,51,112,129,117,,133,123,128,131,84,98,90,79,87,107,114,102,95,135,125,124,141,114,109,133,98,137,110,,127,65,57,83,78,75,55,63,60,45,34,60,64,72,74,108,122,118,93,,47,52,25,46,40,62,53,53,18,77,51,36,75,65,64,24,44,18,12,19,73,45,72,53,102,117,126,123,132,120,30,67,52,20,126,125,122,130,66,,,91,74,55,64,50,168,121,142,151,160,134,20,72,51,,53,38,54,25,26,19,18,20,16,81,56,47,40,35,57,80,40,5,25,5,41,14,6,70,52,78,79,94,87,104,110,,86,82,104,89,89,47,56,113,101,87,93,100,88,84,91,81,78,74,80,70,85,75,86,71,109,86,90,21,72,73,74,73,67,55,62,65,65,72,85,113,95,69,38,,87,73,78,56,15,,69,47,99,67,82,69,62,50,51,93,,45,53,25,58,,35,,56,,,45,40,53,92,96,97,84,93,,109,62,,51,55,169,168,167,164,151,170,86,85,74,69,44,154,,137,127,162,165,,151,160,116,103,110,62,,57,100,106,86,94,74,125,98,,71,89,110,126,,,80,75,84,83,106,100,101,88,121,105,133,111,57,14,33,14,66,24,36,57,93,109,80,54,55,28,14,33,35,17,27,22,7,69,,65,84,40,43,44,22,5,18,43,44,69,9,29,19,25,3,29,28,19,2,7,5,16,17,59,41,39,36,56,54,56,66,53,76,,64,88,83,36,83,85,,107,123,128,,78,93,118,118,46,51,41,22,55,41,29,21,28,30,87,54,36,86,84,78,91,,87,84,90,87,73,75,68,53,110,103,,64,34,77,63,60,37,58,68,76,75,37,37,23,58,108,45,42,52,44,56,16,24,70,88,83,,48,65,59,68,37,28,41,60,75,51,60,50,79,66,42,53,44,32,47,91,73,84,79,76,39,39,56,31,31,41,51,44,40,21,37,54,30,39,51,34,42,42,56,52,74,,91,94,116,90,,98,66,100,,49,77,60,89,81,116,123,119,117,115,85,118,121,81,113,91,107,,53,39,61,56,137,89,78,53,75,71,55,55,52,55,30,68,73,66,,65,63,,68,47,56,58,46,83,101,89,56,71,34,26,32,16,36,37,13,5,10,16,20,74,76,71,60,68,83,63,85,89,106,51,61,,64,61,31,42,33,47,71,27,53,14,34,26,22,7,5,3,24,26,21,37,58,55,59,33,54,91,33,50,23,32,50,47,49,60,41,57,31,46,48,72,67,34,18,43,50,63,61,100,110,139,109,72,85,65,82,145,89,121,106,56,81,87,103,85,39,50,,51,57,66,65,81,75,95,108,90,115,,60,44,,69,58,46,56,54,19,21,8,,112,45,81,52,64,60,59,63,82,73,62,49,46,44,43,17,8,86,94,16,8,47,,40,18,27,72,57,36,48,41,13,9,23,18,41,41,,41,43,42,52,19,15,46,30,50,40,17,13,43,24,23,23,29,36,47,,38,,112,,33,34,84,90,81,86,4,58,66,56,,81,99,51,44,79,70,97,65,90,60,64,116,112,39,55,88,87,81,72,68,103,53,65,,115,66,71,76,91,62,67,84,48,95,63,70,78,59,53,71,67,77,73,103,141,93,84,98,85,79,129,92,128,116,119,114,,170,68,62,108,102,97,70,68,77,84,102,71,80,36,150,118,72,51,64,80,135,176,63,9,67,49,27,53,51,130,95,82,108,115,95,51,27,27,113,57,27,54,79,42,107,36,67,75,69,61,59,102,73,86,63,64,70,64,49,,80,44,81,54,36,83,72,24,88,94,86,92,112,,73,30,110,136,67,39,101,83,127,71,79,45,121,60,75,49,77,85,73,84,102,74,98,119
20170820,21,O3_24h,170,197,175,177,171,184,189,196,194,208,170,169,,,205,,168,155,220,,149,136,136,,150,183,,200,199,182,172,167,136,154,154,136,159,124,128,143,134,116,118,108,104,154,146,145,155,221,191,193,223,226,188,181,205,199,180,210,135,146,147,150,134,179,191,,188,155,159,160,142,168,164,166,177,182,160,215,,179,162,182,220,184,216,187,140,124,137,124,145,139,132,123,152,174,162,,,152,176,160,173,,178,96,114,96,105,122,144,113,114,103,122,103,100,94,,98,103,109,107,79,60,129,118,102,,110,128,107,130,99,114,163,110,137,118,118,129,120,95,121,113,128,123,88,115,131,112,92,80,113,105,119,136,105,101,124,113,132,53,129,92,119,120,124,120,127,,,,189,179,,179,179,171,,81,104,103,,112,,122,126,125,136,122,112,122,,,,106,111,,100,129,123,100,80,,102,104,120,108,105,111,90,100,,60,,158,,147,94,78,99,126,76,82,71,100,125,129,54,121,132,134,156,,129,135,119,231,205,157,197,170,144,,,76,,140,133,,153,148,131,112,106,96,,142,134,146,110,128,156,138,84,122,126,125,150,126,158,138,131,162,133,212,,194,232,229,202,236,123,111,110,126,92,134,117,137,114,,138,127,148,171,114,136,165,175,,133,122,114,141,142,131,129,110,112,164,176,149,174,156,163,164,153,178,164,160,150,180,141,180,154,187,148,146,116,135,116,120,122,122,112,129,116,116,238,237,,267,279,223,207,234,258,244,256,181,157,132,138,146,222,185,128,136,130,14,78,99,139,93,208,180,196,167,138,110,194,208,134,133,150,166,130,119,123,117,274,277,255,270,248,320,295,310,255,231,168,161,162,168,73,141,123,102,99,126,70,101,27,79,110,55,62,183,,194,145,204,134,152,104,171,126,,159,165,160,165,150,,120,179,181,179,155,,121,128,78,63,64,75,60,64,64,66,,69,62,46,72,62,64,61,88,63,96,91,68,89,145,131,141,130,128,113,124,113,123,124,104,132,134,110,81,170,73,91,65,,71,98,102,,,,114,123,104,104,107,101,150,,102,102,107,112,101,118,106,115,114,122,124,52,119,118,119,95,126,120,111,120,117,118,132,118,125,104,162,185,164,128,68,70,61,68,148,158,138,107,118,112,116,215,208,163,232,,182,,144,161,164,143,159,,,139,,135,108,110,,150,136,186,189,124,161,108,153,102,134,119,116,100,106,119,113,,131,,129,,118,177,175,170,160,161,161,106,131,124,,101,98,97,99,89,,254,193,237,240,247,139,131,89,130,129,115,111,103,86,88,153,83,,162,179,113,144,152,126,114,131,116,209,244,218,89,88,85,170,179,,211,196,,129,125,143,135,150,142,133,49,,,145,145,137,159,,138,160,166,141,164,168,,178,183,,233,205,242,229,217,164,197,180,178,194,161,96,104,103,,108,103,144,112,120,102,,127,122,103,102,84,128,72,95,63,82,90,73,135,127,128,129,126,93,81,90,83,83,,82,92,104,101,98,103,98,91,98,91,91,122,121,122,94,99,98,135,109,154,106,117,112,119,113,229,156,152,138,131,162,154,136,176,192,,204,201,196,188,141,164,157,154,163,142,142,129,132,200,173,202,187,176,162,168,180,145,123,,147,112,112,121,120,126,94,110,104,103,96,114,118,127,103,121,122,126,103,97,94,110,110,72,82,86,87,85,48,77,53,53,106,94,87,89,88,88,35,43,85,89,94,78,133,182,186,183,190,161,99,101,82,74,196,164,167,179,148,,,156,107,98,108,104,178,174,187,180,214,190,108,108,103,,98,65,76,120,134,118,121,102,91,117,82,142,129,119,134,88,85,78,75,79,60,85,77,153,159,166,158,122,97,133,147,,139,141,138,151,127,105,63,120,114,100,106,128,114,109,180,174,126,114,144,166,120,111,148,103,127,103,143,42,93,104,119,107,100,88,95,106,95,102,102,136,118,131,124,,123,118,133,137,128,,122,118,136,91,106,120,103,81,80,112,,103,113,57,94,,78,,160,,,86,75,124,127,131,137,130,113,,134,126,,177,154,185,188,183,192,188,199,177,159,148,162,139,209,,203,212,162,166,,157,160,167,160,173,185,,136,132,129,144,140,163,163,105,,122,118,136,166,,,93,91,122,122,143,134,124,148,124,119,134,153,104,105,100,112,194,138,157,186,116,121,111,110,128,117,117,109,122,75,77,67,70,108,,87,120,59,56,60,70,76,65,103,91,121,118,115,78,63,69,74,85,103,76,100,103,98,87,98,89,108,110,101,109,106,110,86,95,,122,115,130,135,143,148,,155,150,161,,145,144,184,156,88,70,77,68,93,91,136,80,83,87,131,69,89,123,118,112,139,,132,162,161,166,106,100,98,104,147,145,,83,82,122,88,119,205,210,180,193,219,134,156,158,155,133,149,135,143,150,163,137,131,149,156,159,,144,148,153,146,81,101,95,103,105,108,112,129,128,116,111,122,120,143,135,171,180,205,185,211,158,173,192,202,117,101,119,93,83,104,106,139,104,107,102,81,101,113,173,177,174,,181,170,197,126,,129,132,156,,149,151,117,123,129,177,182,175,185,182,139,149,147,144,129,125,121,,125,137,156,154,140,136,130,104,108,110,116,108,161,159,133,82,84,77,,88,79,,150,132,153,166,163,100,111,108,126,125,77,78,82,84,76,79,101,87,91,84,87,123,124,136,116,118,115,139,161,170,194,73,80,,68,73,86,89,81,76,99,62,68,83,71,102,92,76,72,105,113,109,108,63,105,69,100,91,75,116,115,114,117,77,88,83,111,104,125,129,64,79,79,89,88,93,83,78,55,77,67,196,205,253,226,180,191,158,207,146,124,140,120,160,183,201,195,143,137,151,,139,126,108,110,118,117,114,145,120,135,,121,110,,143,142,128,146,94,56,102,60,,117,92,93,87,86,79,101,81,106,85,77,79,79,78,80,80,79,125,133,38,51,57,,61,81,86,104,90,55,74,57,32,45,60,77,52,57,,47,46,56,64,157,54,62,88,103,101,79,74,60,44,54,52,72,65,66,,76,,118,,56,53,117,132,119,128,111,120,111,121,,82,99,70,75,108,96,113,76,100,108,113,126,122,91,84,132,134,92,104,90,111,100,82,,134,96,84,108,120,66,73,100,66,124,108,103,115,121,113,111,99,88,98,150,181,137,148,169,110,104,129,99,129,119,180,146,,184,98,92,124,132,121,83,84,87,105,111,91,105,161,166,261,147,151,203,193,223,176,140,124,103,136,140,125,92,159,126,113,130,146,179,66,49,47,142,130,148,163,157,113,123,116,101,271,196,161,176,157,110,124,107,162,140,158,80,86,104,124,96,171,195,129,117,110,106,189,188,147,223,,203,127,192,170,177,169,174,96,164,91,102,49,135,111,156,170,195,118,130,201,111,205,98,160
20170820,21,O3_8h,135,155,152,136,143,160,158,152,162,182,146,131,,,153,,131,117,167,,109,73,93,,105,129,,180,173,153,143,138,121,131,101,90,92,87,94,97,103,95,100,95,88,131,116,126,136,192,179,181,188,191,173,150,162,158,135,172,86,107,107,108,71,145,150,,149,124,132,132,117,142,144,144,145,139,140,180,,166,128,152,181,158,170,167,128,107,117,110,127,122,122,108,109,132,88,,,98,123,121,126,,130,74,95,77,81,84,105,77,95,90,91,80,73,74,,81,66,85,80,59,49,102,81,85,,86,90,77,102,70,94,122,76,60,46,57,52,51,71,53,47,49,48,64,100,107,94,76,60,99,89,90,120,93,90,108,101,118,,117,78,98,94,80,100,105,,,,130,139,,153,131,140,,74,85,91,,91,,101,98,98,112,106,79,100,,,,88,91,,66,98,82,70,67,,84,83,90,90,80,90,79,88,,54,,125,,114,66,50,84,79,46,57,49,61,62,73,35,42,58,44,50,,71,49,37,85,82,65,80,56,64,,,60,,112,100,,78,68,68,54,74,60,,120,107,106,86,86,105,102,74,96,109,110,134,112,132,127,96,139,111,167,,147,150,166,136,125,94,92,71,82,65,92,78,89,71,,88,108,129,148,103,116,143,149,,98,108,95,116,114,112,111,92,97,142,150,127,139,131,138,136,126,133,76,68,72,77,60,106,65,95,49,111,108,119,106,101,110,102,101,118,78,98,172,184,,201,214,182,184,184,206,174,212,128,126,88,100,110,193,116,104,110,99,,49,64,88,56,166,127,157,141,120,103,143,139,100,110,117,111,110,101,94,101,226,233,214,210,206,270,266,276,210,180,133,124,133,144,63,122,99,84,79,96,62,78,14,42,66,34,35,166,,164,104,163,114,130,96,142,92,,126,126,128,131,129,,103,128,134,119,108,,94,112,62,48,58,61,51,50,46,46,,62,53,43,60,54,54,53,70,51,75,76,55,76,88,74,89,72,76,59,81,71,105,96,71,76,94,92,72,118,60,73,61,,63,87,83,,,,100,106,91,87,96,89,124,,97,85,88,99,87,99,76,80,83,86,80,49,76,85,100,76,81,83,84,93,94,93,101,95,87,81,135,146,141,113,59,58,51,57,109,114,92,98,96,96,99,119,115,97,149,,147,,129,141,140,120,147,,,131,,120,97,93,,95,96,141,129,101,121,92,124,94,105,103,95,75,78,98,87,,125,,122,,103,159,152,148,142,138,139,100,102,108,,80,82,84,90,78,,172,158,168,185,172,89,68,69,79,88,96,78,72,57,63,88,62,,84,96,72,128,114,106,97,110,94,158,188,169,63,57,54,131,126,,135,127,,105,106,121,108,90,111,102,42,,,133,139,122,123,,106,122,135,112,155,159,,168,170,,186,161,202,196,161,157,180,172,172,172,148,90,97,93,,63,39,70,38,43,53,,81,62,74,68,61,87,64,72,38,66,55,52,104,98,96,105,102,66,60,60,61,55,,61,84,90,94,88,93,51,52,57,52,50,107,101,105,80,89,72,102,74,113,70,85,87,99,71,123,106,92,91,88,90,94,118,160,170,,179,176,177,171,122,140,131,126,135,130,133,121,121,176,156,178,170,156,146,157,156,140,112,,136,93,83,105,104,105,73,87,83,87,76,95,102,110,88,94,118,101,83,88,59,74,84,59,65,73,71,70,40,68,49,45,92,85,77,72,70,68,27,28,73,54,75,63,116,147,158,155,158,143,77,82,64,58,168,153,146,162,110,,,117,84,81,83,84,169,151,163,163,195,161,88,97,84,,87,56,67,81,69,74,62,67,60,88,54,86,81,77,92,85,44,21,32,32,44,28,19,125,114,131,126,108,92,124,134,,116,106,117,107,109,85,57,116,105,91,98,112,100,99,139,131,108,100,117,126,106,97,93,89,122,99,120,33,85,93,101,93,82,75,81,88,80,90,92,119,108,93,75,,98,99,114,96,69,,100,89,116,83,88,109,91,66,67,102,,85,93,46,81,,52,,112,,,67,60,100,113,114,122,110,101,,120,102,,122,111,177,179,174,179,177,185,146,133,122,132,111,164,,170,166,157,159,,153,152,146,136,148,124,,99,115,116,117,109,121,139,99,,103,109,126,148,,,87,86,96,94,128,120,110,127,114,110,127,133,86,64,73,67,142,90,112,132,108,116,99,94,106,87,82,79,94,56,56,50,46,92,,70,102,50,46,53,39,30,40,66,75,94,67,79,56,46,47,36,54,52,43,67,64,72,56,79,56,73,78,81,88,89,94,74,88,,101,101,106,108,126,122,,137,135,142,,124,120,151,137,63,50,62,40,72,62,68,44,49,62,101,54,55,112,106,99,121,,116,139,134,141,83,88,84,90,136,130,,73,63,94,74,80,111,121,122,121,119,92,100,88,102,116,99,99,98,78,89,76,83,98,111,124,,107,115,121,110,60,82,81,92,92,84,100,103,110,97,81,95,84,89,88,112,100,124,112,109,68,71,79,88,88,76,94,72,64,71,71,96,68,69,76,62,78,81,141,135,135,,142,139,161,116,,120,117,141,,126,132,104,112,118,156,162,155,159,158,125,138,134,127,119,111,111,,97,106,112,114,118,116,108,88,94,88,97,91,105,106,92,74,79,69,,80,73,,103,98,110,115,115,90,105,97,90,88,64,58,65,58,62,63,63,57,58,59,66,88,95,105,92,89,103,106,127,126,150,63,71,,63,68,69,76,70,67,89,47,60,61,59,78,64,54,48,72,81,82,75,52,78,60,85,66,64,104,93,92,90,62,68,60,84,84,66,84,50,61,63,83,79,74,63,25,44,63,56,160,172,206,177,125,136,112,152,142,108,128,112,118,142,153,152,128,114,127,,113,110,98,97,106,108,99,135,97,125,,100,86,,106,100,85,96,74,41,55,32,,114,71,81,72,76,70,82,72,96,79,68,67,66,65,68,52,51,112,118,31,37,52,,54,57,62,80,73,45,66,50,25,28,39,46,49,52,,45,45,48,54,36,41,56,64,75,72,64,52,51,35,43,42,57,54,58,,66,,112,,39,40,90,101,89,100,62,84,83,86,,79,94,60,60,95,89,104,66,87,97,97,116,118,76,69,116,119,75,66,62,100,77,72,,127,83,80,95,102,62,71,91,62,114,94,87,97,104,94,98,86,81,86,135,168,127,130,131,102,97,102,96,122,110,156,120,,170,78,77,114,116,111,79,71,73,100,106,86,97,98,162,206,110,109,157,160,173,170,95,79,90,95,50,87,74,148,115,105,123,136,136,60,41,40,130,62,104,120,132,84,117,93,91,153,142,78,136,126,93,102,92,120,109,134,70,80,82,94,89,125,147,102,98,92,94,145,146,130,187,,155,102,167,147,116,115,142,92,149,86,93,46,127,83,112,114,152,101,101,161,102,164,77,147
20170820,21,O3_8h_24h,139,162,152,140,143,160,159,158,163,186,146,140,,,169,,150,137,182,,130,106,115,,124,157,,190,178,169,159,146,123,131,121,107,120,107,109,117,103,106,107,100,96,144,135,137,148,198,181,183,199,198,177,160,180,177,156,187,115,129,130,128,101,156,165,,164,141,142,148,128,152,153,156,166,174,152,186,,179,143,168,190,167,173,173,132,111,123,116,132,128,127,113,133,146,123,,,132,134,134,139,,146,89,108,89,92,105,127,93,100,99,107,97,90,87,,94,90,93,102,72,58,116,105,101,,97,109,93,115,89,109,136,103,88,85,87,94,83,80,79,82,90,81,77,104,113,100,79,67,107,94,101,120,93,90,108,101,118,48,117,81,102,97,85,101,112,,,,142,145,,161,146,143,,74,90,93,,92,,108,106,110,118,108,93,106,,,,95,95,,78,103,87,75,68,,86,90,105,93,92,94,79,90,,56,,141,,126,67,56,84,79,51,60,53,68,69,73,54,95,101,102,112,,104,104,84,141,134,97,128,96,95,,,71,,116,105,,122,122,112,83,90,80,,120,107,110,89,93,123,115,80,102,113,112,134,112,137,128,115,141,113,178,,170,170,190,157,167,109,97,94,105,77,107,98,107,81,,112,117,144,160,108,128,155,161,,107,117,102,129,125,120,117,99,102,152,162,136,156,141,151,150,139,160,114,98,95,110,92,125,94,130,86,123,112,121,110,108,111,107,106,119,99,108,187,196,,226,239,195,189,198,233,201,215,129,131,94,110,110,200,132,107,114,99,14,63,82,105,64,174,145,165,143,120,103,158,164,120,120,133,124,115,107,95,105,234,243,221,222,209,287,273,280,226,200,147,138,145,147,63,127,102,88,85,106,62,90,16,50,76,44,48,170,,178,123,185,124,140,100,155,109,,139,147,151,149,136,,103,129,135,121,110,,94,115,67,55,61,66,54,56,52,53,,62,54,43,61,55,55,53,75,51,80,76,58,82,114,100,114,90,102,76,104,74,114,104,89,93,113,94,73,120,62,79,61,,63,87,89,,,,100,110,91,88,96,89,124,,97,97,93,100,95,103,88,102,97,103,99,49,105,109,108,89,91,84,100,99,100,107,114,104,118,100,142,163,146,119,62,62,54,61,133,134,116,102,111,106,110,154,154,137,176,,166,,132,149,148,126,151,,,132,,125,104,103,,108,120,166,161,114,146,94,138,96,111,108,106,91,94,114,98,,128,,124,,109,162,158,154,144,150,142,102,110,108,,96,93,90,94,84,,207,174,196,199,200,114,97,75,101,109,108,96,87,70,74,110,72,,114,130,92,139,135,116,97,110,94,185,212,193,74,71,71,136,144,,171,165,,116,113,134,124,111,126,116,42,,,134,139,125,138,,114,148,143,122,158,161,,171,172,,200,173,214,220,174,158,184,173,172,175,150,91,99,95,,94,79,110,86,96,90,,111,104,89,90,75,113,70,85,54,75,80,68,126,112,117,118,117,83,74,84,77,75,,76,84,96,94,92,94,79,71,80,74,80,110,111,114,86,92,79,112,85,123,86,96,92,106,88,142,122,104,106,100,112,107,118,162,177,,186,186,183,176,134,153,145,142,146,134,136,125,124,180,160,188,171,167,155,162,170,140,112,,138,95,86,107,104,108,73,87,83,96,89,100,112,118,91,94,118,101,83,88,70,88,99,62,74,76,74,71,44,68,49,48,99,90,83,82,81,84,29,35,73,69,80,63,119,156,165,165,163,147,88,84,68,68,176,156,156,168,124,,,137,84,82,83,87,169,154,170,163,198,164,96,98,87,,90,57,68,105,113,104,100,95,84,100,64,112,102,95,110,85,79,64,70,69,46,78,66,133,132,142,136,112,93,127,135,,117,108,117,111,118,90,57,116,105,92,99,114,105,104,158,152,113,104,124,139,111,101,146,92,122,99,135,39,87,98,104,94,97,84,90,100,85,94,92,119,108,106,93,,102,101,116,135,92,,105,101,117,83,88,112,94,69,69,102,,95,102,48,83,,52,,122,,,73,63,106,113,114,122,110,101,,120,107,,151,126,178,179,174,179,179,185,164,149,135,148,129,168,,174,177,157,159,,153,152,151,142,156,145,,114,116,116,122,119,140,146,99,,108,110,126,156,,,90,89,110,112,131,123,112,133,114,112,127,135,97,88,91,100,156,111,126,155,112,116,108,106,119,110,103,98,111,65,68,60,64,96,,87,112,52,47,56,53,56,54,85,80,98,90,92,74,60,66,52,70,79,63,97,96,94,78,93,72,90,94,90,98,97,99,77,89,,111,105,111,122,134,129,,138,135,142,,130,124,158,139,68,54,72,44,86,75,82,59,64,74,101,55,86,115,108,105,128,,123,143,134,146,92,94,90,98,138,131,,76,72,94,74,101,156,165,147,151,158,119,136,128,130,121,132,121,125,109,122,109,113,113,119,133,,120,126,136,122,68,93,88,96,95,91,106,118,116,104,98,106,95,111,105,145,139,165,146,154,110,122,132,144,104,88,107,84,72,96,87,116,86,89,77,64,81,86,158,162,158,,158,151,174,119,,122,124,148,,142,139,108,114,121,166,171,166,168,171,128,138,134,132,119,112,111,,110,124,125,131,118,118,112,94,98,93,105,97,125,122,110,74,79,69,,82,75,,118,119,132,135,141,90,105,98,105,102,72,71,76,75,72,73,85,78,79,75,80,95,107,116,103,103,110,126,146,147,170,69,74,,63,71,84,88,79,74,95,59,61,76,63,91,77,66,58,92,101,97,93,56,85,64,91,76,64,106,108,100,104,71,74,68,97,92,90,103,58,67,70,85,81,82,73,38,44,63,56,179,189,222,194,150,159,130,176,142,110,128,112,123,143,154,152,136,125,138,,123,122,103,102,109,112,99,135,97,125,,109,98,,118,116,102,116,82,44,60,41,,114,82,84,82,80,72,83,72,96,79,68,68,68,66,70,60,63,114,119,34,44,54,,58,67,71,88,81,50,69,53,28,34,46,56,49,53,,45,45,51,56,70,48,56,76,83,78,71,62,56,40,50,46,64,57,58,,71,,112,,48,42,103,111,105,111,92,101,97,100,,79,94,64,68,99,92,104,70,95,102,102,116,118,82,74,117,121,87,94,85,106,94,73,,127,86,81,95,102,62,71,93,64,115,96,88,97,109,98,100,88,81,89,139,171,129,134,136,103,98,102,96,122,110,178,120,,170,86,84,114,116,111,79,72,73,100,106,87,100,127,163,214,125,131,179,173,180,170,109,111,90,103,103,88,74,148,121,108,126,137,137,63,43,41,130,66,134,139,146,85,118,106,94,168,175,106,158,132,94,102,98,136,109,144,74,81,83,105,91,136,165,111,104,102,94,163,161,138,199,,173,116,177,149,148,136,152,93,153,88,96,46,128,94,123,142,173,111,112,176,102,184,77,155
20170820,21,CO,1.2,0.9,1,0.9,1,0.8,0.9,1.6,1.1,1.1,0.8,0.9,,,0.5,,0.6,0.4,0.7,,0.7,0.5,0.7,,0.4,0.8,,0.7,0.7,0.6,1.3,0.4,0.4,0.6,0.7,0.6,0.5,0.6,0.9,0.9,0.5,0.5,0.4,0.4,0.4,0.6,0.6,0.6,0.6,0.7,0.8,0.8,0.7,0.6,0.9,0.5,0.7,0.7,0.7,0.5,0.7,1.1,0.8,1,0.9,1.3,1.1,,1.3,1,0.4,0.4,1,0.7,1,0.5,1.1,0.8,0.9,1,,1.1,1.6,1.1,1.3,1.3,1.4,1.1,0.6,1.1,0.8,1.1,1,1.1,1.4,1.2,0.5,1.1,1,,,1.5,0.8,1,1,,0.9,0.5,0.6,0.8,0.9,0.6,0.8,0.8,0.9,0.7,0.8,1.2,1.2,1.3,,1.2,0.7,0.9,1.1,0.9,0.8,0.7,1.2,0.6,,0.2,0.6,0.7,0.7,1.4,0.5,0.4,0.9,0.6,0.9,0.7,0.9,0.9,0.7,0.9,0.6,0.7,0.5,0.5,0.5,1.4,1,0.8,1.1,1.1,1.6,0.7,0.4,0.8,0.6,0.4,1,0.5,1.4,0.8,0.7,0.5,0.5,0.7,0.4,0.4,,,,1,0.8,,1.8,1.1,0.7,,1,0.4,0.4,,0.6,,1,0.8,0.9,0.9,1,1.8,0.7,,,,0.7,0.6,,1,0.7,0.8,0.5,0.9,,0.7,0.9,0.6,0.4,0.5,0.6,0.9,0.5,,0.8,,1.2,,0.8,0.7,0.8,0.6,0.7,0.6,1.1,0.9,0.8,0.7,0.8,1,0.8,0.9,0.8,0.9,,0.5,0.4,0.6,0.7,0.5,0.4,0.7,1.2,0.9,,,0.6,,0.9,0.9,,0.3,0.7,0.6,0.7,0.6,0.3,,0.8,0.7,0.6,0.5,0.7,0.6,0.5,0.6,0.8,0.8,0.9,1.3,0.9,0.8,1.1,1,0.6,1.1,0.1,,0.8,0.7,0.5,0.3,0.3,0.6,0.7,1.4,0.7,0.4,1,0.9,0.9,0.4,,1.6,0.6,0.7,0.4,0.3,0.6,0.4,0.5,,0.4,0.3,0.4,0.4,0.7,0.5,0.5,0.3,0.7,0.8,0.8,0.9,1.2,0.8,1.1,1.3,0.8,1.1,1,1,0.7,0.9,1,0.5,1.1,0.8,0.8,0.7,0.6,0.7,0.6,0.5,0.7,0.6,0.5,0.3,0.8,0.7,0.7,0.7,,1.1,1,1.1,0.8,0.9,0.8,1.2,0.7,0.8,0.8,0.7,0.8,0.8,1,0.6,0.6,0.7,0.8,0.6,0.6,0.4,0.5,0.5,0.5,0.9,0.6,0.7,0.8,0.4,0.7,0.8,0.9,0.6,0.7,0.6,0.5,0.6,0.5,0.6,0.9,1,0.9,0.8,0.8,1.3,0.9,0.9,1,0.7,1.1,1,0.6,0.5,1,1,1.1,0.9,0.9,0.9,0.8,0.9,0.5,0.5,0.7,0.6,0.6,0.6,,0.8,0.7,0.7,0.5,0.5,0.6,0.7,0.7,,0.7,0.6,0.4,0.7,0.8,,0.7,0.6,0.9,0.9,0.8,,0.6,0.2,0.5,0.6,0.6,0.6,0.6,0.6,0.7,0.6,,0.6,0.7,0.5,0.8,0.5,0.7,0.6,0.7,0.8,0.6,0.5,0.8,0.6,1,1.4,1.2,1.2,1.1,0.7,1,1.1,1.6,1.5,1.3,1,1.3,0.7,1,0.1,0.5,0.5,0.3,,0.8,0.5,0.6,,,,0.8,0.6,0.6,0.8,0.6,0.7,0.5,,0.7,0.7,0.8,0.5,0.7,0.5,0.7,1,0.6,0.3,0.9,0.3,0.6,0.8,1.4,0.8,1.2,,0.8,0.7,0.9,0.7,1.3,0.5,0.6,0.6,0.8,0.8,0.9,0.9,0.5,0.4,0.5,0.9,0.7,0.7,0.6,0.6,0.9,0.6,0.9,0.6,0.6,0.7,0.6,,0.7,,1.1,1.1,1,1.2,1.3,,,0.8,,0.7,1.1,0.9,,0.8,1.6,1.1,1.2,0.8,0.9,0.8,0.8,0.9,0.5,0.5,0.5,0.3,0.6,0.4,0.4,,0.4,,0.6,,0.3,1.1,0.9,1.2,0.9,0.6,0.7,0.5,0.6,0.3,,0.4,0.5,0.4,0.6,0.5,,1,1,0.8,0.8,0.6,1,0.7,0.6,1.1,0.9,0.6,0.8,0.5,0.7,0.6,0.7,0.7,,0.9,0.7,0.5,0.8,1.1,1,0.8,0.7,0.6,1.2,1.4,1.1,0.8,1.2,1.7,1.1,1.4,,0.9,0.8,,1,1.2,1.1,1.3,1,0.8,0.6,0.3,,,1,1.1,1.2,1.1,,1.1,1,1,1.1,1.8,1.5,,1.8,1.6,,2.1,2.1,1.9,2.2,1.8,1.3,1,0.9,1.1,1.4,0.9,1,0.5,1.2,,1.6,1.8,3.1,4.4,4.8,1.9,,0.9,0.8,0.5,0.6,0.7,0.8,0.8,0.8,1.4,0.9,1,0.7,0.7,0.6,0.5,0.9,0.8,0.8,0.7,0.7,1,0.6,,0.5,0.9,0.9,0.3,0.7,0.4,0.4,0.5,0.5,0.4,0.5,0.9,0.7,0.5,0.9,0.8,0.9,0.9,0.9,0.9,1.1,0.9,0.7,0.7,0.8,0.5,0.7,0.8,0.3,0.3,0.8,0.3,0.6,1.3,1.8,,1.4,1.4,2.2,2.3,0.7,1.2,0.8,1.2,1,0.7,0.8,0.4,0.8,,1.1,0.8,0.8,1,0.9,1.1,1.1,1,0.9,,1.1,1,1.3,1.1,1.3,1,0.9,0.8,1.1,0.8,0.9,0.8,0.5,0.6,0.7,0.7,1.5,1.4,1.2,,1.2,1.2,1.3,1,0.5,0.7,0.6,0.6,0.6,0.3,0.6,0.9,0.6,0.8,0.5,0.9,1.2,1,0.8,0.3,0.7,0.9,0.8,0.8,1.2,1.9,1.2,1.3,1.2,1.3,1.5,0.1,0.8,1.1,0.4,0.4,0.6,0.6,0.6,,,0.5,0.7,0.9,0.7,0.9,0.9,0.6,0.6,0.7,0.6,0.7,1.7,0.5,0.4,,0.5,1,0.8,1,0.9,1.3,1.1,1.6,2,1.6,1.4,1,1.3,1.3,1.4,0.4,0.5,1,0.8,0.8,0.8,1,0.9,1.4,1.3,1.3,1.2,0.2,0.2,0.3,0.5,,0.5,0.4,0.4,0.4,0.6,1.2,0.6,0.7,1.1,1.6,1.2,2.2,0.5,0.6,0.6,0.8,0.8,0.3,0.5,0.7,0.6,0.8,0.5,0.2,0.4,0.3,0.4,0.5,0.8,0.4,0.6,0.4,0.5,0.4,0.5,0.6,0.3,0.3,0.7,0.7,1.1,0.8,0.7,1.1,0.7,0.8,0.8,0.8,0.8,,0.6,0.9,0.7,0.9,0.6,0.7,1,0.7,1,0.9,,0.8,0.6,0.6,0.9,,0.9,,0.9,,,0.3,0.2,0.8,0.6,1.2,0.7,0.7,1.2,,1.1,1.3,,0.7,0.5,1.6,1.1,1.5,0.8,1.2,0.8,1,1.2,1.4,1.6,0.9,1.3,,1.3,1.3,1.2,1.1,,1.3,1.2,1.2,1.3,1,1.8,,2,1.9,1.4,1.4,0.8,0.8,0.7,0.6,,0.5,0.4,0.3,0.5,,,0.3,0.3,0.5,0.3,0.3,0.6,0.4,0.8,0.6,1,0.9,0.5,1,1.7,1,1.6,0.6,0.6,,0.3,0.7,0.6,0.5,0.5,1.1,0.5,1.3,1.1,0.9,2.3,0.8,0.8,1,1.3,,1.2,0.4,0.9,0.7,0.6,0.4,0.5,0.3,0.4,0.6,0.6,1.3,0.4,3.3,0.3,3.3,0.7,0.3,0.6,0.3,0.5,0.5,0.8,0.9,0.3,0.4,0.4,0.1,0.7,0.7,0.6,0.5,0.3,0.8,,0.6,0.7,0.6,0.8,0.8,0.4,,0.8,0.7,0.6,,0.8,0.9,0.8,0.9,1.5,0.8,0.6,0.8,0.7,0.7,0.7,0.5,0.5,0.7,0.4,0.9,0.5,0.5,0.5,0.6,0.9,,0.6,0.5,0.8,1,0.5,0.6,0.6,0.7,0.9,0.9,,0.7,0.7,0.5,0.6,0.5,0.9,0.7,0.9,0.7,0.7,1.1,1,0.9,0.8,0.5,1.2,1.2,1,0.6,0.7,0.7,0.6,0.7,0.9,0.8,,1.1,0.2,0.4,0.8,0.2,0.8,0.9,0.8,0.5,0.5,0.7,0.7,1.2,0.6,0.8,0.8,0.5,0.6,0.3,1.1,0.9,1.1,0.7,0.7,0.7,0.5,1.1,0.6,0.9,0.5,1.1,0.6,0.6,0.8,1,0.9,0.6,1.1,1.4,1.2,1.1,1.2,1.1,1,0.7,,0.7,0.6,0.5,1,,1,1.1,0.7,,0.8,0.9,0.9,0.9,0.8,1.5,1.1,1.7,1.3,1.3,1.2,0.7,0.8,0.7,0.8,1.2,1.1,,1.1,0.8,1.8,0.9,0.8,1.4,1.1,0.8,0.8,1.3,1.2,1.2,0.7,0.7,0.9,0.9,1.1,1.1,,0.9,0.7,,1.1,0.8,1,0.8,1.1,1.4,1,1.1,1,0.8,0.7,0.8,0.9,0.9,0.9,0.7,0.8,0.8,0.7,0.8,0.8,1,0.6,0.8,0.7,1.1,1.2,2.2,1.7,1.6,1.2,0.4,0.6,,0.6,0.6,1.6,1.6,1.5,1,1,0.9,2.5,2,0.9,1,0.9,1.4,0.5,2.2,1.2,1.6,1.3,0.7,0.7,0.5,1.1,1.1,0.6,0.3,0.6,0.7,1.3,0.6,0.8,0.7,1,0.8,1,1.5,0.4,,,0.5,0.6,0.8,0.5,1.1,0.7,0.7,1,0.8,0.5,0.6,0.6,0.3,0.5,0.4,0.5,0.7,0.9,0.9,0.9,0.3,0.5,0.6,0.5,1.1,1,1.2,,0.8,0.4,0.6,0.5,0.8,0.7,0.5,0.6,0.6,0.4,,0.8,0.9,,0.4,0.6,0.7,0.5,0.6,0.4,0.6,0.6,,0.3,0.7,0.5,0.8,0.7,1.3,0.5,0.5,0.3,0.6,0.4,0.4,0.6,0.5,0.5,0.6,1.1,0.7,0.6,0.9,1.4,0.8,,0.5,1.4,1,0.4,0.7,0.8,1,0.7,0.4,0.4,0.8,1.1,0.7,1,,0.4,0.4,0.8,0.8,0.8,0.5,0.7,0.9,0.7,0.7,1.9,1,1.1,0.4,0.8,1.1,0.6,0.7,0.5,,1.2,,0.2,,0.3,0.2,0.6,0.9,1.1,0.9,0.8,1.2,1.3,1.2,,1,0.8,0.9,0.9,0.4,0.6,0.2,0.3,0.3,0.7,0.5,0.4,0.4,0.3,0.5,0.7,0.5,0.7,0.9,0.9,0.2,0.2,0.7,,0.6,0.6,,1.3,0.7,0.9,0.5,1.2,0.6,0.7,0.9,0.8,0.9,0.5,0.7,0.8,0.4,1,1.3,1,0.8,1.4,1.6,0.3,0.9,0.7,0.4,0.1,0.8,0.6,1.5,0.4,,0.4,1.6,0.5,0.6,0.6,0.6,0.8,0.7,0.6,0.6,0.5,0.4,0.8,0.5,1.5,0.7,0.5,0.6,0.7,1,1.3,1.5,1.6,0.6,0.6,0.6,0.5,0.8,0.9,1.1,0.6,0.6,0.4,0.8,1.1,0.8,0.8,0.5,0.5,0.3,1.1,0.8,0.5,0.8,0.6,0.8,0.6,1.2,0.6,0.8,0.6,1.1,0.7,0.5,0.7,1.5,0.5,0.8,0.5,,0.6,0.9,0.7,1.1,0.8,0.8,0.6,1.1,0.9,0.7,0.4,0.4,2.3,,0.9,1.2,1.1,1.1,1,0.6,0.6,0.4,0.6,0.6,0.6,0.4,1.2,1.3,0.3,0.7,0.9,0.3,0.4,0.3,0.4,0.8,0.4,1.3
20170820,21,CO_24h,1.3,1,1.4,1.1,1.4,1.1,1.1,1.5,1,1.2,1.1,1.1,,,1.7,,1.4,1,2.2,,1.5,1,1,,1.1,1.3,,0.9,0.8,0.6,1.5,0.6,0.6,0.7,2.2,2.2,1.8,2.1,2.6,2.5,0.4,0.4,0.4,0.4,0.5,0.7,0.7,0.7,0.7,0.6,0.7,0.8,0.7,0.6,0.8,0.6,0.6,0.6,0.7,0.6,0.7,0.7,0.7,1,0.7,1.3,1.1,,1.1,1,0.5,0.4,0.7,0.5,0.8,0.4,1.1,0.8,0.9,1.1,,1.2,1,0.7,1.2,1.1,1.4,1,0.8,1.2,0.9,1.2,1.2,1.3,1.4,1.2,0.7,0.9,0.8,,,0.9,0.7,0.9,0.8,,1,0.7,0.7,0.9,1,0.6,0.8,0.8,0.8,0.8,0.8,0.9,1,1.1,,1,0.7,1,0.9,0.9,0.8,0.6,1,0.6,,0.3,0.5,0.5,0.7,1.3,0.4,0.4,0.7,0.4,0.8,0.6,0.7,0.8,0.7,0.8,0.6,0.6,0.6,0.6,0.5,1.4,1.1,0.8,1.1,1.1,1.1,0.9,0.3,0.7,0.6,0.4,0.9,0.4,1.2,0.7,0.9,0.7,0.7,0.6,0.7,0.5,,,,1,1,,0.9,1,0.7,,1,0.3,0.3,,0.5,,0.8,0.7,0.7,0.7,0.9,1.2,0.6,,,,0.5,0.4,,0.8,0.7,0.7,0.4,0.8,,0.7,0.7,0.4,0.4,0.4,0.5,0.8,0.5,,0.8,,0.8,,0.6,0.6,0.8,0.6,0.7,0.7,0.9,0.7,0.7,0.6,0.7,0.9,0.8,0.8,0.6,0.9,,0.5,0.5,0.5,0.6,0.4,0.5,0.7,1.1,0.8,,,0.6,,0.8,0.8,,0.2,0.5,0.5,0.6,0.6,0.3,,0.6,0.5,0.6,0.5,0.7,0.7,0.5,0.7,0.6,0.7,0.8,1,0.8,0.5,1,0.8,0.5,0.9,0.1,,0.7,0.6,0.5,0.4,0.3,0.4,0.5,1.4,0.8,0.6,1.1,1,0.9,0.5,,1.5,0.9,1.1,0.9,0.7,1.1,0.9,0.9,,0.3,0.2,0.4,0.4,0.6,0.5,0.4,0.2,0.6,1,1,1.2,1.4,1.1,1.4,1.5,1,1.4,1.5,1,0.9,1.2,0.8,0.7,0.9,0.7,0.8,0.9,0.7,0.5,0.6,0.5,0.7,0.6,0.4,0.4,0.6,0.7,0.7,0.7,,0.8,0.7,0.9,0.8,0.8,0.6,1,0.7,0.7,0.8,0.7,0.7,0.8,0.9,0.6,0.6,0.6,0.8,0.6,0.4,0.5,0.5,0.6,0.5,0.9,0.6,0.6,0.7,0.5,0.7,0.8,0.8,0.6,0.6,0.6,0.3,0.5,0.3,0.5,0.7,0.9,0.7,0.7,0.7,0.8,0.7,0.7,0.8,0.6,0.9,0.9,0.7,0.5,0.9,1,1.1,0.8,0.9,0.9,0.8,0.9,0.5,0.5,0.7,0.5,0.6,0.5,,0.8,0.7,0.8,0.6,0.9,0.8,0.8,0.7,,0.8,0.5,0.5,0.8,0.9,,0.7,0.6,1,0.9,0.8,,0.6,0.3,0.4,0.4,0.5,0.6,0.5,0.5,0.6,0.4,,0.6,0.8,0.6,0.9,0.6,0.7,0.7,0.4,0.7,0.5,0.4,0.8,0.5,1.2,1.5,1.3,1.4,1.2,1,1.1,1.5,1.4,1.3,1.4,1.4,1.3,0.5,0.6,0.2,0.4,0.3,0.4,,0.9,0.8,0.6,,,,0.7,0.5,0.9,1,0.8,1.1,0.8,,0.9,0.6,1.4,0.6,0.7,0.5,0.4,0.6,0.5,0.5,0.6,0.3,0.5,0.7,1.1,1,1.4,1.2,0.8,0.9,1,0.6,1.1,0.5,0.6,0.7,1.1,2,1,1,0.7,0.6,0.7,1,1.2,1.2,1,0.7,0.7,1.1,0.6,0.7,0.6,0.7,0.6,,0.6,,0.7,0.7,0.6,0.9,1.2,,,0.8,,0.7,0.9,0.7,,2.4,1.2,1.2,1.6,0.8,1.1,0.5,0.4,0.8,0.4,0.3,0.5,0.3,0.5,0.3,0.4,,0.4,,0.6,,0.3,1,0.8,1.2,1,0.5,0.8,0.4,0.4,0.3,,0.4,0.5,0.4,0.6,0.4,,0.9,0.9,0.8,1,0.7,0.7,0.7,0.6,0.8,0.6,0.5,0.7,0.5,0.8,0.5,0.6,0.7,,0.6,0.5,0.4,0.8,0.8,0.7,0.7,0.7,0.5,0.9,0.9,0.9,0.6,0.6,0.9,1,1.3,,0.9,0.9,,0.7,0.9,0.9,0.7,0.7,0.7,0.6,0.6,,,1,1,1.1,1.1,,1.1,1.1,1,1.1,1.2,1.1,,1.2,1.2,,1.8,2,1.7,2,1.8,1.6,0.8,1,1.5,1.5,0.8,1,0.6,0.3,,0.9,1.5,1.9,2.1,2.2,1.6,,0.9,0.8,0.5,0.6,0.7,0.7,0.9,0.9,1.6,1.1,1,0.8,0.8,0.7,0.6,1.1,1.1,0.7,0.7,0.6,0.9,0.9,,0.4,0.8,0.8,0.3,0.6,0.3,0.3,0.6,0.4,0.4,0.4,0.7,0.5,0.4,0.7,0.7,0.7,0.8,0.7,0.8,1,0.9,1,0.9,0.9,0.6,0.6,0.9,0.3,0.2,0.6,0.4,0.5,1.3,1.8,,1.3,1.6,2.4,2.3,0.9,1.5,1,1.4,2.3,0.8,0.9,0.5,0.9,2.2,1.3,1.1,1.1,1.1,0.9,1.2,1.3,1.1,1,,1,0.9,1.1,1,1.3,0.9,0.8,0.8,1,0.4,0.7,0.6,0.4,0.5,0.6,0.6,1.3,1.1,1,0.6,1.1,1.2,1.2,1,0.4,0.7,0.5,0.6,0.5,0.3,0.7,0.7,0.6,0.8,0.6,0.8,1.1,0.8,0.5,0.4,0.7,0.7,0.7,0.7,1,1.3,1.1,1.3,1.1,1.2,1.6,0.4,1,0.7,0.4,0.4,0.5,0.4,0.7,,,0.6,0.7,0.8,0.6,0.8,0.9,0.6,0.6,0.6,0.5,0.7,1,0.5,0.4,,0.4,0.9,0.9,1.2,1.1,1.4,1.3,1.6,1.6,1.7,1.5,1.2,1.3,1.3,1.5,0.8,0.8,1.1,1,1,1.1,1,1,1,1,1,0.9,0.3,0.3,0.3,0.6,,0.5,0.4,0.8,0.7,0.4,0.7,0.7,0.7,0.9,1.6,1.2,2,0.6,0.8,0.9,1.1,0.7,0.2,0.5,0.6,0.2,0.7,0.5,0.2,0.4,0.2,0.4,0.6,0.9,0.3,0.5,0.4,0.5,0.4,0.5,0.5,0.4,0.3,0.6,0.7,0.9,0.7,0.5,0.9,0.7,0.7,0.7,0.6,0.6,,0.5,0.8,0.8,0.9,0.7,0.6,0.8,0.4,0.6,0.8,,0.6,0.5,0.6,0.9,,0.8,,0.6,,,0.3,0.3,0.5,0.6,0.8,0.5,0.6,1.1,,1.1,1.1,,0.8,0.6,2.4,1.7,2.2,1.5,1.7,1.4,1.1,1.3,1.2,1.6,0.9,1.2,,1.1,1,1.2,1,,1.3,1.2,1.1,1.1,1,1.8,,2.1,1.2,0.7,0.7,0.6,0.6,0.4,0.5,,0.6,0.4,0.3,0.6,,,0.4,0.3,0.5,0.5,0.4,0.4,0.4,0.7,0.6,1,0.8,0.4,0.6,0.6,0.6,0.8,0.5,0.5,0.2,0.4,0.9,0.7,0.7,0.6,0.8,0.4,1,1.1,0.9,1.3,0.9,0.8,1,1.1,,1,0.2,0.8,0.7,0.6,0.4,0.6,0.3,0.4,0.5,0.4,1,0.5,0.8,0.4,0.6,0.5,0.4,0.6,0.2,0.4,0.3,0.5,0.7,0.3,0.5,0.5,0.4,0.7,0.6,0.5,0.5,0.3,0.8,,0.5,0.7,0.6,0.7,0.7,0.4,,0.6,0.5,0.4,,0.4,1,0.8,0.9,0.7,0.9,0.5,1,0.6,0.6,0.5,0.8,0.4,0.6,0.5,1,0.4,0.3,0.4,0.5,0.8,,0.4,0.4,0.6,0.8,0.3,0.4,0.4,0.5,0.8,0.8,,0.8,0.7,0.5,0.6,0.4,0.7,0.7,0.7,0.6,0.7,1.6,1,0.8,1.1,0.6,0.9,1,0.9,0.7,0.8,0.5,0.7,0.8,0.9,0.8,,1,0.8,1.1,1.2,0.3,0.9,0.8,0.8,0.5,0.5,0.9,0.6,1.1,0.7,0.8,0.7,0.5,0.4,0.3,1.2,1,0.9,0.6,0.9,0.7,0.5,1,0.6,0.8,0.6,0.8,0.7,0.6,0.7,0.8,0.6,0.4,1,1.4,1.1,0.9,1.2,1.7,1.2,1.2,,1.1,1,1,0.9,,0.9,1,0.9,,0.8,0.8,0.9,0.9,0.7,1.4,1,1.7,1.3,1.2,1.1,0.7,0.8,0.6,0.8,1.1,1.1,,0.9,0.8,1,1,0.8,1.2,0.9,0.7,0.6,1.1,1.1,1.1,0.8,0.8,0.9,0.7,0.9,0.9,,0.8,0.6,,1.1,0.8,1.1,0.9,1.1,1.2,0.8,1,1,0.8,0.6,0.8,0.8,0.6,1,0.6,0.5,0.5,0.6,0.5,0.6,1,0.5,0.8,0.8,0.9,1.4,1.9,1.6,1.5,1.1,0.4,0.4,,0.5,0.4,1.2,1.3,1.1,1,1.3,0.9,2.4,1.5,0.8,0.6,0.8,1,1.1,1.1,0.9,1.1,0.9,0.8,0.7,0.7,1.1,1,0.7,0.4,0.8,0.6,1,0.6,1,0.9,1.1,0.9,1,1.3,0.4,0.7,0.6,0.4,0.5,0.7,0.4,0.9,0.8,0.6,0.9,0.8,0.4,0.6,0.6,0.4,0.6,0.5,0.5,0.7,0.7,0.7,0.7,0.3,0.4,0.4,0.4,0.5,0.7,1,,0.5,0.3,0.5,0.4,0.5,0.6,0.5,0.6,0.7,0.4,,0.7,0.7,,0.4,0.6,0.6,0.5,0.5,0.4,0.5,0.5,,0.4,0.7,0.6,0.7,0.7,0.6,0.5,0.5,0.3,0.6,0.4,0.4,0.5,0.5,0.5,0.5,0.9,0.6,0.6,0.9,0.8,0.7,,0.5,1.3,0.9,0.2,0.6,0.8,0.9,0.7,0.4,0.3,0.8,1,0.6,0.8,,0.4,0.3,0.7,0.6,0.7,0.2,0.6,0.8,0.6,0.6,1.3,0.8,1,0.3,0.7,0.9,0.4,0.4,0.4,,1,,0.2,,0.3,0.2,0.6,1,1.1,1,0.9,1.1,1.3,1.2,,0.9,0.6,0.8,0.8,0.3,0.6,0.2,0.4,0.5,0.5,0.4,0.4,0.4,0.3,0.4,0.5,0.4,0.8,1,0.9,0.1,0.2,0.5,,0.6,0.6,,1.3,0.7,0.9,0.6,1.1,0.5,0.6,0.9,0.8,0.8,0.4,0.5,0.6,1.6,0.9,1.1,0.9,0.8,1.3,1.6,0.3,1.2,0.8,0.4,0.3,1,0.7,1.2,0.5,,0.6,1,0.6,1.1,0.9,1.1,0.8,0.7,0.7,0.8,0.7,0.6,1,0.4,1.1,0.7,1.5,1.1,1.3,1,1.1,1.5,1.7,0.6,0.6,0.6,0.4,0.7,0.9,0.6,0.4,0.6,0.4,0.8,1.1,0.7,1.7,0.8,0.7,0.3,0.9,1,0.5,0.8,0.6,0.5,0.5,1.2,0.7,0.7,1.3,1.2,0.6,0.5,0.5,1.4,0.4,0.5,0.5,0.7,0.6,0.8,0.7,0.9,0.8,0.8,0.7,0.8,0.7,0.7,0.5,0.5,2,,1.8,1,1.1,0.9,1,0.6,0.8,0.4,0.7,0.6,0.5,0.4,1.1,1.5,0.3,1.3,1.3,0.3,0.5,0.3,0.4,0.7,0.3,1.1
20170820,22,AQI,80,72,74,59,75,70,73,113,84,77,73,75,,,43,,46,45,51,,55,29,107,,24,39,,82,89,111,129,80,73,88,48,46,70,63,59,57,31,42,45,38,41,83,105,85,63,70,74,80,92,80,84,36,79,53,59,120,78,70,59,75,55,63,73,,75,61,64,64,90,78,103,80,74,92,75,88,,165,77,78,68,69,72,76,63,64,78,79,73,63,83,72,28,60,65,,,70,78,54,58,,67,17,25,24,19,24,26,19,22,22,25,65,87,54,,50,12,25,48,43,48,90,53,88,,49,51,48,54,41,46,61,67,39,36,32,50,44,53,38,32,26,30,43,26,33,37,34,49,37,37,34,30,26,28,27,28,30,18,19,40,54,55,62,57,24,,,,62,54,,94,61,70,,55,56,49,,25,,42,35,35,35,41,50,51,,,,49,64,,60,43,54,49,54,,44,39,56,31,69,51,29,32,,51,,46,,64,35,40,30,40,29,38,44,52,47,52,24,31,40,42,48,,22,39,55,44,38,40,40,60,57,,,21,,59,42,,33,42,67,37,18,30,,43,36,60,54,60,20,17,18,64,55,54,63,54,74,65,68,50,58,62,,67,53,49,57,15,55,57,42,60,27,38,47,18,23,,43,53,56,52,51,61,54,60,,27,22,22,27,29,28,24,58,24,59,53,57,68,70,57,61,57,56,39,40,44,35,49,42,36,51,42,21,59,51,70,60,68,65,60,67,56,44,92,62,,70,73,42,68,62,114,70,83,27,27,24,27,46,69,32,38,39,30,77,26,23,21,18,51,55,55,55,50,24,57,52,33,34,40,47,84,62,45,47,53,54,70,54,47,105,78,88,64,59,63,55,53,56,42,41,49,53,80,55,54,59,18,28,32,22,25,41,,39,46,57,44,29,46,53,51,,38,45,33,52,48,,36,37,33,26,59,,27,54,38,43,33,39,52,49,46,52,,45,36,25,44,51,43,54,56,53,49,35,40,52,24,20,25,32,30,35,29,57,69,32,37,18,40,62,36,33,50,55,17,,34,36,32,,,,54,51,30,35,33,45,30,,26,65,57,59,74,66,54,73,59,44,56,20,42,84,54,54,55,73,70,54,62,59,64,39,51,50,51,46,47,53,16,16,12,20,54,44,28,32,42,48,74,31,31,43,30,,59,,44,56,63,59,79,,,56,,65,38,52,,57,59,61,55,57,41,69,62,55,67,67,25,32,24,21,21,,45,,54,,52,58,54,58,48,45,53,32,37,27,28,21,21,41,40,43,,68,77,59,68,78,50,64,38,64,58,73,28,15,46,18,32,15,,48,42,48,56,110,62,31,26,29,72,70,66,16,55,45,69,63,,53,51,,59,70,67,64,34,48,38,38,,,82,79,85,77,,60,62,60,64,94,87,,79,99,,110,112,107,94,113,77,99,79,115,83,69,57,65,53,,28,31,56,53,40,26,,54,56,18,33,22,60,18,24,51,20,21,22,49,60,117,50,39,30,31,67,27,40,,28,32,35,39,31,40,28,31,50,44,68,45,55,45,36,42,35,46,40,45,50,59,78,44,57,32,43,30,28,35,51,28,42,78,93,,82,88,83,100,53,64,57,66,64,53,53,58,49,90,89,79,90,68,78,73,128,78,107,,114,69,72,63,69,64,57,58,55,57,72,63,107,74,52,67,58,69,64,36,43,58,40,38,33,56,39,63,30,25,20,61,36,60,36,60,55,105,20,8,38,42,40,42,73,72,69,58,78,76,45,47,54,60,69,67,68,29,69,,,63,28,52,62,45,53,68,64,67,56,67,71,60,48,,47,54,64,41,30,41,23,46,60,57,62,20,32,39,48,25,17,17,26,30,22,28,36,79,80,84,69,48,26,32,51,,44,46,39,50,32,44,35,32,47,66,70,62,52,42,55,52,25,20,26,28,35,22,28,20,36,25,25,20,38,29,34,44,21,16,21,20,19,22,48,41,35,52,42,22,36,27,57,64,60,,32,45,45,44,59,27,39,38,48,30,,31,24,35,34,,35,,59,,,21,19,88,73,69,69,74,58,85,52,62,,19,24,144,139,134,122,130,143,57,39,70,58,42,65,,70,76,84,71,,65,83,148,52,59,67,,65,90,82,95,45,59,58,32,,132,54,60,75,,,53,33,25,32,57,62,40,91,57,72,73,73,26,62,39,85,59,51,,36,36,33,69,44,64,50,56,32,29,23,25,29,38,72,,41,47,17,23,19,55,71,58,36,57,97,162,29,87,22,54,15,21,28,26,57,66,71,65,19,20,58,36,60,51,59,42,26,40,,88,57,50,53,52,45,,96,125,82,,102,57,83,65,69,53,52,68,58,65,43,58,53,63,24,15,38,53,42,52,65,,62,67,84,82,51,57,53,58,57,55,,46,54,34,20,24,54,80,67,89,48,56,46,62,46,72,50,64,55,30,26,42,28,,54,43,,21,30,26,26,20,65,60,59,23,46,54,58,52,61,42,76,66,55,54,58,67,65,59,68,54,53,54,57,53,55,65,52,58,52,79,68,84,83,73,58,63,70,57,57,52,,50,60,54,55,,55,61,58,,67,69,62,56,63,108,50,63,60,63,76,63,67,89,53,58,57,,55,67,55,58,48,79,72,64,94,85,77,113,50,59,46,75,75,70,,32,33,,45,29,35,39,43,63,65,63,54,50,73,74,52,70,50,45,54,78,78,94,80,28,48,50,48,25,52,62,61,39,55,50,107,,46,51,33,40,62,56,65,41,49,69,79,83,32,66,67,62,63,82,76,34,28,63,35,45,30,29,64,62,92,40,40,46,56,36,54,50,20,20,51,58,64,98,88,25,18,21,25,63,55,59,66,42,55,38,39,65,60,72,80,50,52,53,62,70,75,68,,76,62,44,44,35,59,61,57,28,60,,39,52,,24,57,49,51,41,10,13,24,,35,16,20,35,25,32,42,67,61,59,48,31,30,26,36,54,79,73,65,24,42,31,,13,35,40,55,91,75,55,30,32,46,57,38,23,41,,35,46,57,45,22,50,34,32,40,33,51,59,72,21,35,36,22,20,23,,106,,35,,16,28,,29,29,32,53,52,53,57,,27,33,26,26,48,23,33,21,26,69,58,31,37,23,16,83,78,26,22,18,32,19,48,,34,25,25,46,36,27,30,62,25,37,51,50,37,39,47,49,17,22,21,66,65,55,73,19,32,28,23,36,51,57,74,101,,59,160,134,30,39,36,20,23,23,36,38,33,24,45,75,55,25,51,39,82,68,90,70,48,49,50,32,48,26,88,80,43,35,56,42,29,54,34,53,18,65,36,55,39,34,30,53,79,50,67,38,57,41,46,65,63,57,42,48,33,52,63,28,82,85,31,24,70,68,36,46,43,114,,42,54,85,100,42,75,52,47,68,43,45,55,82,45,23,60,57,26,48,52,33,60,33,69
20170820,22,PM2.5,59,52,54,42,55,51,41,85,62,56,53,48,,,25,,21,28,24,,28,20,80,,14,27,,60,66,57,98,59,53,65,33,29,32,31,42,24,15,29,20,12,16,48,59,61,42,51,54,59,68,59,62,25,58,24,42,91,23,25,37,16,30,45,53,,55,37,46,46,67,55,77,59,54,57,45,65,,71,56,48,46,44,52,46,45,40,56,57,53,45,61,52,17,42,47,,,50,57,38,38,,48,11,11,12,8,5,10,9,9,12,6,21,20,18,,17,8,10,12,10,13,20,18,18,,34,14,20,38,21,17,27,23,26,22,17,26,12,37,26,12,8,15,23,17,15,10,19,10,13,18,9,14,16,17,5,12,17,10,13,24,38,25,28,37,10,,,,41,38,,63,35,51,,39,29,29,,9,,26,13,24,16,17,,27,,,,34,46,,43,30,36,27,29,,28,24,29,20,29,30,20,8,,9,,30,,32,22,18,18,25,20,23,24,22,17,31,16,13,21,29,29,,13,23,28,23,20,20,20,43,36,,,9,,26,29,,15,23,40,25,10,15,,25,22,39,36,43,13,7,12,29,35,36,36,38,54,47,49,29,41,34,,27,31,33,40,10,29,40,26,23,7,19,26,12,16,,17,27,33,23,28,33,37,43,,7,7,9,4,5,7,14,10,5,33,31,40,36,38,34,36,35,30,27,24,28,22,34,17,16,26,27,11,29,28,31,29,31,32,34,27,38,26,27,20,,51,33,27,47,15,86,30,42,17,18,14,16,20,50,22,26,25,21,56,14,16,10,12,20,27,31,18,19,9,40,36,20,8,16,4,7,13,24,5,33,30,51,28,27,57,57,59,32,37,36,33,37,27,21,24,29,28,34,30,36,27,7,12,16,15,12,22,,27,20,37,25,16,25,27,28,,23,14,20,24,13,,21,25,23,15,22,,18,30,15,28,17,27,15,26,23,30,,20,9,15,9,16,9,16,26,20,17,11,21,9,12,10,17,11,21,24,14,16,50,19,23,9,16,28,18,10,35,32,3,,3,17,16,,,,38,23,11,10,14,21,12,,8,37,34,39,31,33,38,51,22,18,12,14,18,35,26,25,23,11,33,21,26,19,37,15,24,10,33,26,22,37,5,4,8,5,38,27,19,22,23,22,54,21,21,24,16,,37,,14,25,24,23,58,,,38,,36,23,33,,20,24,25,20,33,13,39,41,31,24,37,5,9,8,12,12,,26,,24,,21,37,38,33,28,29,28,22,20,12,6,3,5,19,22,22,,49,51,42,42,57,25,28,14,30,21,53,12,10,14,9,22,9,,25,26,32,38,51,32,15,11,17,48,45,43,11,15,12,35,45,,27,25,,30,51,26,46,21,22,26,4,,,55,58,63,33,,43,44,43,46,70,64,,58,74,,83,84,80,70,85,56,74,58,87,27,48,35,40,32,,19,15,10,25,27,13,,35,18,9,8,15,27,7,12,19,9,11,7,22,26,88,26,24,14,13,20,12,11,,11,22,14,18,17,25,10,13,11,16,14,21,39,31,15,29,24,32,28,29,22,23,35,18,39,22,19,21,19,22,24,19,23,50,69,,60,65,59,75,32,41,36,33,33,26,27,28,24,60,66,58,63,44,57,53,97,57,80,,86,50,52,45,50,41,35,36,35,40,52,45,80,54,36,48,41,50,46,3,25,17,28,21,23,21,25,23,17,9,9,32,25,28,25,38,26,48,14,3,26,29,28,29,53,52,50,41,57,45,25,25,15,22,50,42,49,16,50,,,45,1,22,14,31,26,49,39,42,27,29,32,43,24,,26,26,27,17,17,16,14,32,43,40,44,11,14,27,33,6,5,8,9,12,5,15,13,51,59,62,41,11,6,7,20,,29,32,24,35,10,6,22,16,17,31,49,20,30,29,31,33,6,10,18,11,15,9,12,9,11,16,10,14,10,6,10,16,3,4,6,6,9,4,23,27,20,33,29,,13,14,40,46,34,,15,30,31,24,42,13,27,26,33,21,,17,13,17,20,,24,,33,,,13,10,65,53,42,49,46,33,63,29,33,,13,13,110,106,102,92,99,109,40,27,51,41,29,40,,37,43,62,49,,47,61,113,31,33,48,,47,67,60,52,31,42,41,20,,41,20,12,55,,,21,16,14,11,36,28,28,67,40,52,53,52,13,38,17,63,23,26,,25,25,21,27,26,34,29,26,20,20,10,10,12,17,28,,22,22,8,9,13,16,29,27,25,40,26,31,5,54,8,38,7,1,19,11,29,31,25,45,10,11,19,18,40,24,33,5,11,26,,65,40,35,25,34,29,,52,95,51,,76,39,61,47,47,32,24,40,39,47,20,41,37,30,4,7,12,26,29,36,30,,44,48,62,60,29,21,26,41,27,39,,19,38,9,7,13,38,59,44,66,33,36,32,40,30,52,32,46,32,21,18,22,18,,27,30,,13,21,18,18,4,27,27,28,14,25,29,28,29,40,29,45,37,37,38,41,45,46,42,49,33,33,33,33,37,39,45,36,39,36,58,49,62,61,53,41,44,50,40,30,29,,35,43,30,26,,23,27,33,,39,48,44,35,45,81,35,45,43,37,34,43,48,35,37,41,40,,39,48,30,41,32,58,52,46,70,63,56,85,35,42,12,55,55,51,,15,23,,23,20,24,27,30,45,47,45,32,29,53,29,30,31,31,23,32,45,39,70,56,17,17,35,16,16,36,38,15,9,22,27,80,,24,30,23,18,27,11,26,15,23,40,58,61,22,43,34,36,37,58,38,23,19,18,15,21,16,20,30,44,50,28,24,28,34,25,32,29,14,14,25,37,34,35,65,8,5,4,8,45,39,42,44,29,39,26,26,47,43,52,59,15,17,25,44,47,23,29,,29,42,28,30,,42,34,40,18,43,,27,28,,11,10,12,17,13,7,2,3,,14,11,14,24,16,22,29,35,25,18,33,19,17,18,20,10,13,35,47,11,10,18,,4,21,22,35,39,40,13,10,22,32,40,9,11,18,,15,26,34,16,9,5,17,22,7,16,12,27,5,7,14,13,11,13,9,,43,,2,,4,5,,15,14,16,20,18,19,18,,17,15,15,18,19,13,7,11,18,19,17,6,18,11,10,29,29,7,10,9,16,13,10,,5,9,17,32,25,17,21,40,11,22,25,16,22,17,21,34,9,13,8,26,27,15,18,2,19,11,10,22,21,24,20,24,,33,60,81,21,13,20,9,9,13,11,26,9,13,29,55,39,17,27,19,47,47,67,51,15,34,34,22,33,12,65,59,30,20,38,29,10,,10,14,12,47,22,31,27,22,21,37,58,35,48,26,30,20,30,47,45,22,29,33,11,34,45,11,60,56,10,8,51,49,17,27,16,86,,18,26,63,74,26,55,29,16,49,30,19,31,60,16,16,13,40,5,33,31,18,25,18,50
20170820,22,PM2.5_24h,62,54,67,53,68,63,49,65,49,58,68,58,,,55,,52,49,52,,50,44,43,,43,57,,60,60,56,72,47,56,50,38,38,52,39,50,42,16,18,24,11,20,59,81,66,54,49,47,68,63,56,50,37,42,25,34,47,15,19,27,19,27,44,38,,43,38,41,48,54,48,52,52,48,48,48,50,,74,48,41,42,40,45,39,55,55,67,77,58,59,74,61,19,29,34,,,33,38,30,31,,34,17,16,17,16,13,15,13,16,17,15,17,13,12,,11,8,8,12,10,12,18,19,13,,18,14,20,20,18,15,20,17,17,17,23,19,12,20,18,15,10,17,9,8,6,6,15,4,5,12,5,16,17,16,11,12,18,9,16,17,21,15,18,21,17,,,,37,29,,28,30,37,,25,20,19,,7,,12,8,20,17,11,23,14,,,,15,17,,26,19,19,15,16,,18,15,15,15,16,20,21,21,,13,,30,,26,25,21,18,26,22,24,26,21,19,27,16,21,30,29,27,,28,28,27,30,26,26,30,40,35,,,10,,26,26,,26,23,29,20,17,17,,22,23,32,33,38,19,20,19,18,23,17,19,22,31,27,24,18,20,32,,36,36,34,40,30,22,36,31,21,13,37,28,32,18,,28,40,47,36,47,54,61,55,,7,7,11,5,9,8,11,11,10,38,37,43,39,42,48,39,40,37,32,27,24,24,31,29,20,26,25,22,29,22,35,26,23,25,23,20,28,33,29,25,,33,28,25,45,27,53,27,38,20,21,17,16,17,37,18,16,19,17,34,13,13,12,12,25,24,24,12,15,19,39,37,19,12,14,6,14,15,15,10,30,29,34,27,27,40,41,35,27,31,37,31,32,28,24,32,27,24,27,24,30,27,5,8,15,9,10,20,,23,17,30,17,11,19,21,22,,18,12,13,19,17,,19,30,26,15,23,,20,31,8,20,7,16,10,15,21,17,,16,10,16,11,19,14,20,7,7,6,3,12,4,50,44,40,42,51,47,43,48,49,45,39,52,48,20,18,11,25,16,13,,15,15,24,,,,26,15,17,23,28,26,17,,18,22,31,25,26,22,32,33,24,22,21,16,17,24,22,25,32,50,40,39,44,27,35,24,37,32,38,65,24,28,14,12,16,14,40,38,29,31,25,25,27,36,35,34,31,,26,,12,15,16,14,40,,,43,,35,19,19,,26,22,30,40,28,21,24,23,22,16,30,7,11,10,8,11,,24,,25,,22,29,35,26,23,24,22,16,15,14,7,4,9,14,13,23,,51,54,54,47,52,30,29,17,30,20,33,12,11,11,11,17,10,,18,22,24,31,36,33,14,10,17,44,35,36,14,14,12,45,56,,37,32,,23,28,24,30,18,24,28,6,,,42,45,53,43,,37,45,42,40,40,41,,40,43,,55,68,57,60,63,49,61,53,63,53,39,26,29,27,,19,16,33,26,27,19,,32,21,13,14,13,25,11,16,27,14,18,11,30,31,41,31,30,13,11,10,10,12,,8,19,14,18,12,23,15,16,17,18,11,13,23,19,16,14,15,16,16,17,23,16,19,12,20,25,22,24,18,28,26,28,17,57,83,,62,82,67,74,35,46,40,35,42,32,34,34,36,74,69,68,71,50,60,52,74,60,68,,65,28,36,26,27,24,28,27,30,31,32,30,33,29,30,27,25,30,33,9,19,20,16,16,18,25,26,22,16,6,6,15,27,26,26,28,31,25,6,3,26,26,25,26,29,34,38,30,46,39,21,16,16,18,38,36,43,32,58,,,50,16,19,26,31,28,36,36,39,37,31,22,26,20,,24,23,18,35,37,35,37,32,43,39,48,30,18,41,51,25,27,29,35,29,33,35,32,42,60,52,49,9,14,7,17,,18,19,37,30,9,7,14,14,16,23,33,20,22,21,40,43,13,11,19,13,16,9,21,18,16,17,12,11,15,12,10,17,5,5,7,10,6,3,16,17,16,19,16,,14,16,21,22,18,,9,14,25,18,29,11,13,13,17,9,,10,9,18,22,,33,,28,,,18,17,29,45,29,37,49,37,63,41,43,,33,38,92,95,87,95,85,80,40,38,38,40,36,42,,33,38,55,40,,44,50,46,30,33,57,,52,25,23,24,16,40,23,24,,31,25,19,56,,,13,10,15,18,25,17,17,42,35,42,47,31,19,31,26,30,27,23,,24,33,30,33,27,28,29,16,18,16,13,12,16,12,15,,12,12,11,12,14,15,27,29,18,29,15,23,5,23,12,17,5,7,13,10,17,18,13,21,11,16,14,15,29,18,21,10,11,16,,44,34,43,18,21,22,,26,47,26,,36,40,46,42,27,31,20,34,32,31,17,43,33,29,23,8,12,14,13,21,17,,25,28,41,42,13,12,10,14,25,36,,23,36,8,5,9,37,50,32,31,38,44,38,37,35,40,32,45,36,31,32,28,28,30,30,25,,41,40,42,37,5,26,21,22,18,26,27,23,22,29,25,35,33,33,33,65,56,44,46,54,50,50,44,51,30,30,28,29,30,36,41,33,40,37,30,28,32,39,44,40,36,,42,48,43,28,,28,29,42,,41,60,51,55,58,48,37,52,46,42,51,42,41,30,48,55,45,,36,37,24,34,22,42,41,38,66,57,43,68,32,42,13,36,34,37,,12,25,,19,26,26,23,35,33,33,31,31,31,26,19,20,26,22,20,27,31,30,41,36,17,24,36,15,15,19,32,18,14,16,11,20,,15,11,18,17,20,14,24,19,26,24,24,27,13,19,26,39,39,46,42,25,22,21,19,21,22,27,24,31,24,28,31,30,32,33,38,35,15,19,17,24,25,18,25,5,8,10,8,50,44,41,41,29,35,25,31,32,32,33,32,21,16,22,35,25,32,28,,17,27,24,26,33,29,34,34,29,39,,20,21,,9,21,20,22,15,3,3,4,,7,8,12,15,12,16,29,30,12,19,29,13,13,18,14,10,13,26,32,11,10,12,,3,14,19,20,19,24,11,11,25,17,19,11,10,12,,9,14,12,9,14,9,10,10,11,11,12,14,1,3,14,16,7,5,5,,22,,3,,3,5,,26,29,27,27,22,24,22,,16,14,14,12,13,9,11,19,25,11,11,4,8,20,16,20,22,23,26,25,13,9,18,,9,8,22,32,13,22,13,31,6,22,17,11,19,7,10,12,8,13,14,22,31,19,19,13,22,17,11,16,27,27,17,46,,55,87,108,31,20,31,12,8,9,13,31,16,12,29,39,27,50,53,43,48,42,54,44,15,20,24,28,26,12,36,34,24,19,43,30,10,26,10,12,20,25,18,25,12,18,15,40,49,37,43,40,34,21,24,32,26,19,25,14,15,15,18,10,34,43,15,17,17,31,14,22,12,62,,44,29,77,58,35,60,51,15,56,20,16,15,61,27,22,48,40,9,35,27,15,22,11,37
20170820,22,PM10,73,,79,62,73,72,96,91,79,60,85,99,,,43,,46,45,52,,60,26,,,20,34,,103,125,171,141,108,90,,45,46,90,76,68,64,29,42,45,38,41,116,160,120,75,68,93,70,95,82,76,27,,56,63,,105,90,67,100,59,72,85,,86,71,71,55,90,105,116,100,95,133,99,96,,280,103,105,85,88,93,101,74,78,105,107,79,68,66,90,28,69,80,,,89,72,56,65,,58,17,19,24,19,24,23,18,15,15,18,79,124,58,,50,11,25,48,43,48,129,56,125,,46,52,48,46,39,46,72,83,39,36,32,50,44,37,33,32,26,30,43,26,33,30,34,49,37,30,31,25,26,28,11,28,,,19,40,57,60,74,63,24,,,,74,44,,137,72,84,,58,62,49,,16,,42,35,,35,41,32,52,,,,,61,,55,40,57,49,57,,44,39,62,31,88,51,24,32,,51,,46,,78,35,40,,40,29,29,38,53,47,54,24,31,40,38,48,,22,39,60,44,38,40,40,66,63,,,19,,68,42,,33,42,83,37,18,30,,43,36,69,57,44,,7,18,78,59,57,76,55,80,59,83,50,62,51,,83,55,49,55,13,60,60,42,70,27,38,47,18,,,43,55,62,53,51,71,57,60,,24,19,18,23,27,19,19,66,24,68,56,52,86,90,63,71,63,61,37,40,44,27,45,42,36,52,42,21,67,52,89,69,86,79,70,84,61,44,134,74,,83,95,42,85,73,131,62,56,27,27,24,27,46,74,29,36,39,26,71,26,17,18,,52,59,59,59,50,16,44,36,33,34,40,47,118,74,45,47,56,57,76,58,47,160,96,125,78,68,76,59,,62,42,41,49,56,110,59,58,68,18,28,32,19,25,41,,37,46,63,44,26,46,56,51,,38,45,33,53,48,,36,37,31,26,67,,27,57,38,43,33,32,54,49,46,53,,45,36,25,44,52,43,57,62,56,49,35,40,53,24,20,20,32,,,29,64,63,32,37,18,40,73,36,12,36,59,3,,34,36,32,,,,47,52,30,35,33,45,30,,23,80,64,68,98,81,48,96,68,44,62,20,42,117,58,57,59,95,89,58,73,67,77,39,51,50,51,46,47,54,16,11,11,20,51,44,26,24,42,48,75,31,31,43,23,,68,,44,61,76,67,79,,,62,,79,38,54,,64,68,72,60,63,41,87,74,59,83,83,25,32,24,20,21,,45,,57,,54,66,51,65,48,45,56,29,37,27,19,11,16,41,40,43,,77,104,59,60,68,50,78,38,77,66,,28,,46,18,25,15,,48,42,48,61,169,74,31,26,29,93,90,81,15,59,45,88,74,,56,52,,67,86,83,71,34,48,35,38,,,114,92,91,104,,59,46,53,62,91,89,,81,89,,130,96,108,126,139,88,100,94,93,115,88,63,79,56,,28,31,62,55,40,26,,57,62,18,33,17,69,18,24,51,20,21,22,49,70,,50,39,30,31,84,27,40,,28,31,35,39,31,40,28,31,50,44,85,45,41,39,36,30,24,45,36,45,50,67,105,44,63,25,43,25,23,35,51,27,39,105,102,,107,102,116,101,55,77,63,82,77,56,56,66,49,129,98,87,130,85,78,66,97,96,102,,92,80,89,65,68,77,63,66,60,,58,58,89,94,,61,,53,,3,43,65,,38,29,62,39,75,30,22,20,71,34,70,31,69,60,159,,,34,36,40,37,58,61,71,55,69,102,45,47,57,69,67,83,85,21,68,,,46,28,53,74,32,56,66,77,84,62,83,92,58,48,,47,57,78,41,30,41,23,36,66,50,47,20,32,38,,9,17,11,26,30,22,28,36,108,79,75,87,48,17,30,51,,44,42,39,43,29,27,35,,47,82,90,74,54,39,59,54,25,13,22,28,35,22,21,17,36,22,12,16,38,29,34,44,17,14,10,15,16,14,48,41,35,54,42,22,36,27,44,65,70,,32,45,,44,52,27,31,38,38,28,,31,24,35,34,,32,,68,,,21,19,75,83,88,87,97,65,,53,74,,15,24,156,133,111,141,173,141,47,39,51,57,30,79,,90,102,80,91,,79,89,,54,67,53,,66,115,105,139,45,54,61,26,,214,57,69,,,,55,33,19,32,64,74,35,132,57,66,80,95,26,73,39,100,67,51,,27,32,23,88,44,77,50,62,32,29,21,25,29,38,93,,41,47,17,23,19,60,92,65,32,64,144,274,29,124,22,47,15,21,26,26,64,81,92,79,19,20,65,36,69,51,68,42,26,40,,103,49,46,56,54,45,,142,,113,,,63,,72,88,56,54,85,66,57,37,46,55,75,22,13,38,56,39,42,80,,70,62,63,74,51,63,55,46,63,59,,46,53,18,20,20,57,59,84,,47,62,34,74,46,,50,74,59,22,24,42,26,,57,43,,21,26,24,24,20,80,69,67,21,46,58,66,54,71,42,101,82,60,47,60,84,80,64,79,57,56,58,63,56,54,79,51,66,49,70,69,100,89,,61,75,90,60,63,54,,48,56,58,59,,59,71,66,,83,87,68,61,70,,47,53,58,76,102,76,,128,40,60,55,,55,74,59,52,35,66,52,67,,72,94,101,46,,46,74,84,75,,32,27,,45,25,26,,34,63,49,,58,50,72,98,53,89,50,45,57,105,106,127,110,28,48,45,48,25,41,74,71,39,59,50,,,46,52,29,40,73,62,79,41,49,87,76,,28,82,84,73,76,114,102,34,28,75,35,45,30,21,77,71,133,,40,46,62,,57,50,14,16,52,66,78,146,125,25,15,,20,58,54,53,82,,53,31,39,58,64,79,60,50,53,55,54,89,99,85,,101,74,44,44,35,54,71,56,24,49,,39,54,,24,63,49,51,41,,13,24,,,14,20,29,25,32,32,83,71,67,,31,30,,36,58,107,95,71,24,42,31,,13,35,40,60,132,99,59,30,,40,,38,23,41,,35,46,64,45,22,50,34,31,40,33,52,68,93,21,35,36,22,20,23,,161,,24,,16,28,,17,18,32,55,53,55,63,,27,22,26,21,48,23,9,,,87,65,23,37,23,12,115,105,,,10,27,19,48,,24,25,,41,,27,,74,25,37,51,50,37,39,47,49,17,19,11,82,79,60,95,14,32,28,23,36,52,63,98,152,,,270,218,27,39,36,17,23,,36,37,33,23,45,68,44,25,51,39,114,86,73,62,48,41,50,32,46,26,114,66,35,35,61,39,29,57,34,55,12,73,36,59,28,34,30,50,108,,65,36,63,41,46,76,74,64,40,46,33,53,60,28,81,120,31,24,63,72,36,46,43,158,,42,57,99,149,42,65,53,47,63,43,45,59,99,45,,70,53,19,37,53,33,69,33,81
20170820,22,PM10_24h,72,,68,62,67,67,79,78,62,77,71,85,,,72,,60,64,66,,64,53,47,,58,55,,108,117,104,92,83,74,87,67,64,114,99,99,83,23,26,38,38,43,105,130,93,83,62,77,71,76,73,72,65,53,66,68,72,71,61,51,70,46,56,62,,57,59,68,66,82,65,76,90,82,67,89,86,,280,72,75,75,85,66,89,100,110,127,140,124,121,104,104,31,45,52,,,63,53,48,50,,66,26,23,25,29,29,28,20,20,24,22,39,68,37,,34,16,19,26,29,36,94,63,61,,54,59,56,55,47,37,55,47,47,33,29,39,37,31,35,29,29,29,23,12,19,14,27,24,24,18,21,24,33,34,26,29,29,18,32,37,31,37,47,40,35,,,,70,52,,77,69,70,,45,35,30,,16,,27,19,27,24,22,32,24,,,,23,28,,29,29,30,28,35,,30,24,34,30,36,33,33,27,,41,,50,,45,42,39,27,41,30,35,39,46,38,45,25,35,46,41,45,,33,40,54,45,48,48,45,62,62,,,19,,51,36,,54,37,46,36,27,27,,37,32,51,49,51,36,36,34,42,37,35,32,34,49,41,45,33,34,67,,78,74,77,80,40,44,55,64,74,63,85,75,81,29,,75,76,103,73,79,102,83,90,,28,24,27,32,22,21,21,50,18,67,61,60,73,64,65,69,65,79,72,60,62,54,57,70,51,62,58,52,55,36,73,58,44,60,50,44,52,52,59,53,,53,62,39,83,52,80,55,63,28,34,24,37,34,62,26,26,30,23,47,21,17,20,17,43,47,47,31,30,28,56,52,34,29,31,20,34,37,30,33,47,49,47,42,38,83,74,72,66,62,61,54,49,54,43,64,56,45,66,54,57,62,17,18,23,21,25,36,,45,31,63,37,39,67,52,56,,33,45,40,40,56,,33,43,35,29,64,,31,58,32,36,24,26,37,34,34,30,,36,28,24,37,36,30,54,13,16,12,7,24,14,72,74,65,77,83,75,69,105,60,79,60,81,102,47,37,31,42,28,21,,20,23,54,,,,47,47,44,75,70,53,51,,56,45,54,41,51,39,40,53,44,39,41,21,35,57,56,49,70,73,67,77,78,71,60,48,55,68,69,100,50,47,27,23,25,34,68,66,46,51,55,47,46,76,67,71,57,,41,,34,39,42,34,56,,,65,,67,29,33,,68,58,70,66,60,33,61,47,56,51,75,19,23,17,12,19,,52,,55,,52,51,47,54,37,40,47,26,28,32,17,14,17,35,29,37,,73,68,74,67,69,50,57,35,50,41,51,33,27,26,19,35,17,,34,34,38,50,64,54,26,22,28,76,66,65,26,28,27,85,61,,65,60,,40,47,45,48,29,54,53,29,,,77,67,70,126,,54,54,54,52,53,53,,53,54,,88,81,88,89,92,97,78,97,113,95,67,63,60,42,,23,27,52,37,57,26,,51,51,25,35,20,50,51,28,49,45,37,32,58,50,51,59,50,33,30,34,28,31,,12,47,44,47,31,57,46,39,67,46,40,36,30,27,34,24,20,22,24,25,42,34,38,29,49,66,47,52,38,61,65,54,30,125,118,,112,102,127,125,52,71,63,62,71,58,62,55,57,120,104,101,105,90,86,73,90,91,96,,78,55,70,56,57,53,58,54,58,31,38,43,47,54,32,45,32,42,32,29,50,65,23,28,30,48,39,59,24,22,21,36,40,47,32,51,53,77,15,14,32,35,34,38,41,54,53,47,65,72,46,29,49,41,62,68,51,44,78,,,67,31,37,42,38,48,55,72,78,56,58,62,41,55,,43,36,48,60,60,61,69,46,55,73,76,60,64,86,72,67,60,64,62,57,63,85,78,97,93,77,70,35,27,26,46,,39,34,82,65,33,17,35,31,40,86,83,97,39,30,66,65,24,14,32,25,30,28,27,30,28,23,20,21,41,37,38,40,23,14,11,11,13,12,35,31,32,33,29,24,29,26,34,53,42,,23,30,30,31,35,23,19,21,25,13,,21,17,40,32,,43,,54,,,32,29,48,86,68,62,76,63,,64,67,,70,82,119,124,116,111,148,126,61,79,62,74,51,65,,54,61,70,81,,63,76,67,57,48,101,,71,46,45,45,36,55,38,59,,104,78,87,65,,,42,41,26,35,36,55,26,65,58,62,76,66,34,53,58,65,51,37,,39,67,45,75,49,51,40,34,27,26,27,28,32,26,45,,26,39,31,28,26,37,67,76,39,53,62,123,26,52,36,36,10,25,26,22,34,40,48,57,19,48,69,30,53,34,38,36,31,30,,70,36,54,34,34,41,,55,54,59,,33,59,52,64,48,53,45,50,56,42,37,52,42,49,30,38,32,26,35,35,47,,43,47,43,55,42,31,25,25,52,51,,53,54,17,18,14,67,58,55,40,57,64,49,65,54,58,48,68,59,59,58,68,62,50,47,49,,62,62,80,60,13,80,57,50,43,40,56,50,52,52,40,63,54,67,53,89,94,70,65,81,67,77,72,73,44,45,49,44,51,47,49,45,63,50,38,49,56,71,70,65,58,,65,64,65,45,,45,47,61,,58,80,78,77,68,66,54,66,67,78,87,81,71,63,64,72,65,,52,68,73,57,31,52,39,54,80,77,77,81,44,54,47,54,61,59,,36,37,,49,36,40,37,44,53,37,23,54,48,43,45,42,52,39,37,41,54,63,68,50,30,50,45,32,35,33,55,78,47,58,29,28,,40,28,51,35,49,60,70,28,41,40,46,33,26,45,66,65,65,81,62,83,38,41,41,40,40,43,44,60,60,46,48,49,56,69,55,57,26,47,46,42,46,32,43,26,30,31,49,80,53,53,80,52,54,41,46,42,46,42,44,54,46,42,52,46,63,70,,58,55,40,36,38,48,66,52,30,43,,31,41,,38,75,56,66,50,7,8,10,,17,14,16,24,20,25,41,56,44,61,44,22,26,34,25,48,50,75,50,28,20,19,,19,33,36,48,58,140,45,27,27,26,40,27,28,24,,28,36,23,26,34,30,22,28,29,21,32,49,56,19,50,66,10,12,14,,55,,9,,14,29,,51,55,49,47,43,42,47,,31,22,22,19,25,20,23,32,37,29,28,9,15,34,31,72,63,40,46,38,25,18,57,,14,18,42,43,17,29,14,38,12,33,42,43,40,24,26,29,32,52,33,74,116,65,65,18,39,31,32,46,62,76,78,209,,171,512,345,72,47,73,25,26,15,39,51,50,21,47,48,39,78,55,58,97,67,66,90,45,32,26,36,40,22,57,40,36,36,79,39,18,54,36,52,27,44,32,56,18,29,21,49,80,82,59,59,60,46,44,54,56,34,36,25,35,25,28,21,67,68,26,36,26,56,39,50,36,110,,70,44,110,106,65,64,70,30,75,35,41,28,89,70,18,64,59,22,50,44,56,49,22,54
20170820,22,SO2,2,2,2,2,2,2,2,2,2,2,2,2,,,3,,6,1,5,,5,3,8,,6,3,,12,35,12,6,10,14,6,11,14,25,27,27,32,4,9,13,10,10,4,9,7,4,8,15,5,4,5,4,8,21,16,2,7,6,7,11,5,5,8,12,,4,17,23,23,4,5,8,14,21,22,27,12,,18,16,19,11,12,8,22,16,20,22,10,21,17,17,11,3,12,8,,,7,24,7,6,,4,8,6,11,12,8,4,7,5,6,6,7,9,7,,8,5,8,9,2,8,10,5,4,,4,19,9,17,6,6,12,13,7,6,9,7,5,11,9,3,8,6,12,17,11,25,9,10,8,6,7,7,6,12,4,5,6,3,7,16,20,22,14,19,15,,,,22,5,,17,14,17,,26,4,9,,3,,3,2,2,8,4,8,22,,,,8,9,,6,5,6,5,7,,4,8,8,16,3,4,8,17,,6,,10,,7,9,5,7,5,6,6,11,4,7,8,4,6,6,6,4,,8,6,7,14,10,11,11,5,6,,,6,,8,5,,4,4,5,5,11,10,,5,4,9,12,6,4,5,5,7,5,2,11,2,24,6,10,4,7,5,,9,4,5,10,2,5,7,4,6,7,6,6,2,1,,6,6,10,17,7,9,15,9,,2,3,4,1,10,9,6,21,7,4,7,6,7,8,2,9,5,7,5,5,3,5,6,2,2,6,3,6,11,9,10,10,11,9,12,3,9,12,11,10,,13,13,26,42,10,4,8,10,11,9,10,8,6,17,12,7,11,11,13,3,2,1,4,12,10,9,11,14,8,18,11,10,7,7,6,10,8,6,31,12,13,15,9,10,13,16,14,13,9,10,19,11,15,7,9,8,8,7,8,7,7,2,5,6,4,6,12,,9,6,10,12,6,9,9,7,,7,13,7,5,12,,7,4,14,9,7,,6,5,9,4,7,7,6,4,6,9,,11,10,12,12,12,14,16,16,18,15,11,11,10,11,2,7,6,7,5,5,5,6,5,5,5,8,7,4,2,5,4,3,,10,6,2,,,,16,18,8,9,6,5,5,,6,29,,15,14,16,10,18,15,9,8,4,8,15,8,8,16,4,10,12,10,11,11,5,7,3,4,2,4,2,4,5,1,4,8,10,5,7,6,12,23,4,5,8,5,,11,,10,8,17,11,17,,,6,,4,7,4,,12,16,14,8,26,22,13,14,8,19,21,7,10,6,9,5,,12,,9,,4,36,18,16,3,9,7,12,10,11,3,2,6,14,12,12,,31,49,14,11,23,9,10,8,17,8,99,6,18,18,31,11,8,,12,11,6,8,6,7,10,10,10,6,8,5,3,7,11,10,14,,11,12,,17,14,16,14,6,6,20,6,,,10,10,9,19,,47,18,38,48,10,6,,6,7,,57,31,30,38,19,6,5,7,6,10,2,11,13,6,,7,6,6,8,7,5,,9,12,6,6,9,31,5,8,8,7,8,2,14,76,24,17,16,8,5,6,8,4,,2,7,5,5,14,13,1,1,5,8,8,4,8,2,12,4,8,9,4,2,6,6,8,5,15,15,12,13,8,10,27,3,5,21,19,,25,19,14,19,8,15,8,18,4,3,6,6,5,12,15,7,2,19,9,12,12,7,12,,9,12,9,7,8,8,4,8,5,20,17,28,2,10,26,7,8,8,10,64,8,5,9,7,4,8,7,5,4,6,6,7,6,6,3,8,11,6,3,2,5,4,6,6,6,5,8,4,8,5,11,13,9,10,4,3,9,2,19,,,9,3,4,10,5,7,3,9,11,11,12,10,6,11,,9,20,14,11,8,15,6,11,8,6,9,12,10,10,13,4,5,2,2,3,3,4,2,9,6,5,7,54,6,6,3,,9,23,14,11,6,6,4,3,6,2,5,4,12,18,9,8,4,1,4,2,9,4,4,5,6,4,4,3,8,5,6,4,3,3,1,4,9,5,11,13,15,10,9,14,10,24,,13,19,,10,8,8,11,7,9,8,20,18,4,,16,13,18,8,,7,,8,,,1,1,8,7,8,8,8,5,6,8,11,,6,10,15,11,18,6,12,14,8,6,16,10,11,22,,15,15,5,6,,7,14,16,15,38,22,,13,69,107,51,14,7,15,3,,8,4,4,23,,,9,4,13,10,8,5,9,33,6,6,13,11,7,10,13,9,11,7,,3,7,8,5,4,9,9,16,10,6,8,6,3,10,16,,8,7,6,8,8,3,1,4,3,9,5,8,4,46,2,24,3,1,14,7,8,7,5,15,3,8,11,2,11,11,12,3,10,27,,19,9,8,11,10,9,,12,2,15,,26,10,14,17,27,22,11,4,15,29,5,5,15,26,16,9,10,9,4,6,2,,10,31,17,5,15,8,9,8,10,21,,20,29,16,6,13,13,13,8,15,5,8,6,11,10,7,7,25,5,5,10,6,8,4,5,5,,5,3,10,8,5,16,10,18,37,4,8,12,8,21,28,14,23,23,18,4,16,16,19,24,13,9,26,95,9,5,15,12,18,4,19,8,12,25,5,11,14,16,19,7,14,,7,3,3,7,,5,4,7,,5,16,11,15,10,8,7,9,2,5,10,4,6,7,8,6,5,,4,6,6,5,11,10,10,9,12,9,11,16,7,1,5,6,13,6,,12,12,,2,1,2,5,14,3,2,4,13,14,10,14,18,11,11,8,12,25,26,25,20,18,7,5,9,12,4,10,5,15,5,3,14,,16,23,2,4,6,5,3,6,4,9,55,18,2,1,2,27,17,5,22,19,11,8,13,21,20,7,1,7,9,6,20,18,5,29,7,13,6,8,4,47,23,9,68,9,18,21,21,7,6,12,11,9,6,5,16,5,2,2,6,3,7,6,9,9,8,6,,8,16,20,9,9,4,14,2,84,9,,5,4,,5,9,6,7,9,8,7,6,,19,8,11,18,15,27,14,7,12,25,6,4,7,3,4,5,5,15,13,7,11,4,,3,5,3,39,46,8,19,9,5,5,10,5,18,15,,7,10,6,7,6,8,6,8,8,8,21,10,3,8,5,9,5,5,4,,4,,4,,6,1,,5,5,2,5,6,5,3,,6,8,5,5,9,5,6,7,9,6,8,5,3,3,3,17,11,5,7,8,3,13,3,,8,14,4,7,3,8,11,13,4,9,7,8,6,7,11,6,5,5,5,6,5,2,12,6,6,2,7,13,4,1,5,4,,19,20,28,9,10,10,3,3,3,9,7,5,11,3,7,11,5,3,5,34,15,14,19,12,3,6,6,4,6,7,9,11,9,2,7,5,22,9,4,23,12,7,10,12,3,4,7,2,2,12,6,65,6,9,27,1,4,6,5,4,17,16,10,21,12,9,7,10,8,11,10,11,52,,6,10,19,19,11,12,6,6,18,1,4,5,9,7,4,3,12,7,16,8,1,15,10,11
20170820,22,SO2_24h,3,2,3,3,3,3,2,3,2,2,3,2,,,8,,10,2,6,,7,4,12,,15,3,,9,31,8,2,10,9,4,30,25,50,44,50,47,6,4,16,11,11,5,10,12,9,11,16,7,5,4,8,9,23,20,10,9,8,8,13,8,8,9,15,,7,13,18,18,4,6,7,8,10,10,12,14,,18,16,28,14,14,15,18,16,18,19,13,19,16,16,11,6,15,11,,,9,21,10,13,,14,8,7,10,12,7,5,6,5,5,7,7,8,7,,8,5,8,9,3,10,10,6,4,,4,9,11,14,9,6,12,9,6,6,7,7,5,7,7,5,8,7,9,14,9,24,9,9,9,8,7,8,8,14,6,5,9,6,8,19,19,20,14,20,7,,,,19,10,,18,25,29,,25,7,10,,3,,3,4,2,8,4,9,19,,,,9,9,,8,7,6,8,12,,5,10,7,15,3,3,10,10,,8,,13,,11,9,6,7,8,8,8,13,5,10,9,4,6,6,7,3,,7,6,7,13,11,13,13,4,8,,,6,,8,5,,6,5,7,5,6,9,,8,6,16,12,11,5,6,5,7,5,2,16,3,16,13,14,22,6,6,,9,6,5,11,3,10,12,38,36,36,28,31,15,3,,32,7,15,20,6,13,17,13,,2,3,4,2,10,5,6,12,7,5,9,8,7,6,4,10,6,9,11,7,7,12,8,5,3,6,5,8,19,11,18,14,18,11,16,4,12,13,15,15,,14,22,17,21,14,6,11,13,12,12,13,10,6,14,16,8,13,12,9,6,4,5,6,12,8,11,11,9,11,25,27,10,8,7,7,9,10,7,7,14,17,16,12,12,13,17,13,12,8,16,25,14,19,7,13,9,7,7,11,7,9,3,6,6,3,6,16,,15,11,12,20,9,11,15,16,,15,14,14,9,15,,8,6,16,10,7,,6,11,10,3,6,6,5,4,6,6,,13,12,10,12,14,18,25,8,14,11,9,10,7,8,2,7,6,9,5,7,8,9,6,5,8,10,6,3,2,6,4,4,,7,6,3,,,,18,11,8,10,9,6,9,,11,23,97,25,21,15,10,48,16,11,10,4,8,15,12,21,22,22,11,26,13,10,8,7,8,5,9,11,6,5,5,6,2,5,13,13,8,33,9,40,18,4,20,11,13,,9,,8,8,8,8,18,,,9,,5,9,6,,16,18,13,12,28,20,13,16,8,19,22,8,8,6,7,5,,13,,14,,5,18,21,20,3,8,8,11,11,4,2,1,5,15,12,12,,36,20,27,14,18,14,12,11,11,15,41,11,9,14,11,12,9,5,11,20,9,8,7,10,10,9,10,10,9,8,6,8,11,14,17,,17,16,,13,13,13,13,7,10,19,7,,,9,9,8,20,,24,36,28,25,10,4,,2,8,,28,45,35,32,33,15,6,17,29,20,6,12,13,10,,6,5,6,6,6,4,,12,12,7,8,9,28,5,6,14,7,8,3,18,27,26,26,25,9,5,5,9,5,,2,7,5,5,16,11,3,3,9,8,7,4,6,3,16,5,7,8,5,2,6,10,13,10,15,23,18,20,8,17,43,18,6,12,14,,14,19,18,14,9,15,9,11,8,3,6,5,6,16,12,9,4,14,12,10,13,7,12,,10,12,10,8,7,8,6,9,9,30,24,37,11,9,25,8,13,12,12,21,9,6,9,7,7,10,10,6,5,6,6,9,8,7,9,8,15,4,2,2,5,4,6,6,6,6,9,5,9,5,24,17,11,11,4,4,10,5,14,,,10,3,4,10,6,8,5,8,14,12,9,10,8,13,,9,18,12,12,12,15,7,11,9,6,9,12,10,10,14,4,5,3,3,4,4,4,2,10,8,6,8,23,8,18,7,,11,13,51,12,4,6,3,7,6,4,5,4,9,14,11,13,4,1,4,2,8,5,4,5,5,4,3,4,9,6,6,3,4,3,2,3,9,5,7,8,11,11,9,14,11,21,,11,15,,7,7,12,13,10,10,8,17,11,5,,16,13,12,9,,9,,15,,,1,2,15,7,8,7,8,6,6,8,10,,15,24,20,12,17,9,14,21,10,11,15,13,16,24,,15,15,6,5,,8,16,21,24,20,40,,27,13,16,14,8,8,7,3,,6,6,6,27,,,7,4,14,9,7,6,9,12,9,16,18,10,7,8,12,9,12,7,,4,11,8,6,13,8,10,15,14,7,9,6,4,8,10,,7,8,7,7,8,3,2,3,5,10,6,8,4,16,2,9,3,4,12,7,6,2,3,14,2,16,13,3,20,10,12,4,10,29,,16,12,10,15,11,13,,10,2,11,,23,14,23,22,34,34,24,16,25,25,11,9,13,24,12,8,9,10,4,6,3,,10,20,18,13,12,7,7,8,13,14,,24,33,18,13,10,12,11,8,14,6,16,10,10,13,5,7,14,6,9,15,8,10,5,6,6,,9,4,21,8,5,20,9,17,43,4,8,18,16,20,28,27,33,33,26,16,26,14,18,25,36,22,42,27,11,5,15,17,16,4,13,7,8,9,33,30,31,68,24,17,22,,13,6,10,8,,5,5,8,,5,10,7,8,7,9,8,10,3,6,7,4,6,6,8,7,5,,7,19,23,5,11,8,19,9,11,10,7,10,9,8,8,6,11,6,,9,8,,3,4,4,5,8,6,2,3,12,12,10,18,17,14,15,10,17,25,18,66,43,22,17,9,19,18,8,20,13,21,13,6,8,,8,13,4,4,6,7,2,6,4,16,37,21,3,1,5,20,13,10,15,17,11,14,15,13,17,9,3,8,5,11,34,53,11,20,12,12,7,8,5,16,19,9,16,7,30,28,24,10,9,13,11,16,10,8,11,6,3,3,6,4,8,5,9,8,9,6,,8,13,18,6,12,5,15,5,29,7,,4,3,,6,19,6,7,8,9,8,7,,20,9,13,16,14,16,14,7,13,23,9,4,4,4,2,6,6,10,16,5,10,3,,3,7,3,25,40,7,19,9,5,4,12,8,12,15,,23,9,8,9,8,7,5,6,13,13,18,10,2,7,4,9,4,4,5,,3,,4,,6,1,,8,6,7,7,7,7,4,,9,10,6,6,20,6,6,7,9,5,6,6,6,3,2,15,13,4,7,8,3,12,4,,8,13,4,5,5,7,11,12,4,11,9,13,9,6,8,5,5,5,5,5,5,2,12,7,6,2,4,12,4,2,4,5,,16,42,41,12,15,8,3,3,3,8,9,10,11,14,6,16,13,7,9,34,16,8,27,12,7,8,6,5,6,9,9,12,11,4,8,6,22,17,40,22,22,12,8,10,4,4,17,12,9,13,11,28,7,9,27,3,6,11,8,6,14,11,12,22,26,9,9,9,7,14,14,14,36,,12,10,17,24,22,9,8,6,25,2,4,6,7,33,5,12,19,6,12,7,2,13,12,18
20170820,22,NO2,42,11,46,31,37,31,53,51,10,17,48,51,,,24,,32,31,40,,32,36,25,,7,23,,49,54,150,97,30,40,7,50,49,44,51,51,84,10,82,18,26,39,45,75,39,32,36,23,18,60,47,23,18,41,37,35,19,49,44,58,49,22,54,90,,84,91,63,45,36,61,52,39,56,66,38,56,,12,45,60,51,45,32,61,18,42,34,48,23,31,36,19,15,75,82,,,81,66,58,61,,52,14,17,20,25,9,17,16,18,10,2,71,82,72,,70,3,14,68,45,41,53,51,23,,62,87,72,57,82,35,49,85,38,39,50,47,49,29,40,37,33,40,63,32,58,73,51,72,13,74,67,26,37,33,22,21,28,35,24,35,64,56,38,59,23,,,,50,28,,73,59,76,,37,47,28,,18,,49,11,48,47,43,100,25,,,,38,40,,39,31,40,21,29,,49,26,84,41,29,51,12,12,,30,,40,,54,70,56,6,74,21,75,87,61,60,63,19,38,29,54,39,,23,26,43,41,32,46,32,47,29,,,42,,30,39,,34,32,42,27,24,24,,11,9,37,27,34,12,13,18,51,43,34,22,22,85,30,94,36,33,6,,34,24,20,19,9,42,55,42,18,8,14,47,30,5,,40,30,25,38,28,35,42,41,,15,32,30,53,20,32,24,56,20,42,32,68,61,78,77,57,46,18,30,45,33,70,42,54,30,63,28,8,16,22,19,39,45,37,36,49,56,6,69,53,,125,108,41,53,86,84,139,18,35,44,31,35,23,97,50,26,34,52,55,34,22,42,14,48,63,50,51,30,12,61,53,30,20,19,15,37,49,16,42,47,47,54,30,28,63,75,59,41,78,69,71,18,26,36,35,41,37,33,32,31,54,9,11,20,18,13,23,,17,38,18,19,14,18,15,60,,29,33,38,59,23,,20,25,37,36,40,,36,4,26,37,13,21,24,31,32,29,,24,27,11,29,29,26,38,68,66,64,60,40,34,32,25,45,23,29,20,28,10,22,32,33,20,33,48,47,6,49,45,2,,7,15,10,,,,29,28,36,25,8,34,29,,11,68,62,64,66,76,29,73,18,28,42,4,,74,13,78,66,133,75,66,51,59,43,39,38,61,44,30,32,21,4,4,7,17,47,68,25,10,29,48,61,24,28,28,6,,63,,32,26,42,56,45,,,29,,26,22,33,,28,,38,18,27,30,33,95,24,12,19,6,37,21,16,14,,10,,9,,24,20,30,29,16,34,22,26,20,40,3,9,7,19,13,19,,28,25,33,16,37,28,56,11,30,14,44,21,24,21,30,15,9,,27,16,22,46,66,62,11,16,17,60,38,43,9,12,21,53,58,,19,18,,25,27,29,31,17,30,24,15,,,28,28,42,18,,24,18,26,22,3,4,,21,20,,9,50,19,30,7,39,38,15,26,26,13,14,16,14,,32,21,54,60,55,7,,43,28,14,23,16,47,22,17,27,19,34,10,37,77,44,34,36,32,14,39,17,24,,8,15,3,10,5,7,22,20,11,31,17,12,9,14,18,12,62,39,51,59,51,28,41,30,8,2,30,9,3,14,50,16,6,36,37,,42,50,27,47,50,32,62,61,47,33,13,28,33,31,31,28,12,31,12,20,26,16,31,,21,16,25,11,15,25,18,20,11,51,36,24,36,18,12,3,5,4,16,8,31,27,22,4,7,24,20,33,32,9,19,30,29,36,19,39,32,55,14,16,11,36,21,54,9,28,26,23,15,14,36,16,41,30,15,20,19,24,14,,,27,8,18,28,13,14,15,18,29,28,19,56,28,36,,40,39,40,29,46,20,33,16,50,24,13,17,38,48,42,5,14,34,26,34,18,33,51,18,34,32,20,28,16,13,22,,18,33,17,26,63,87,6,18,16,20,26,48,9,,24,43,18,12,21,39,27,32,12,8,1,12,8,9,13,10,13,16,5,7,5,7,8,12,19,23,31,59,36,35,14,22,50,42,65,,12,40,40,40,46,33,53,16,31,4,,37,33,26,18,,18,,24,,,11,7,30,13,18,21,14,30,35,24,26,,12,12,21,12,19,15,19,13,28,22,36,28,33,18,,30,28,2,10,,14,3,42,51,55,45,,41,56,46,52,20,21,17,8,,40,22,23,21,,,8,4,20,15,22,16,6,41,25,22,30,44,9,48,30,43,20,15,,19,8,4,12,22,47,36,44,37,34,33,23,12,19,16,,20,22,10,14,9,21,25,10,13,18,46,31,16,24,16,33,2,10,14,2,33,53,20,41,9,17,29,11,18,11,16,14,12,19,,28,26,23,50,33,54,,50,7,14,,6,34,43,49,78,68,79,93,36,17,86,73,69,41,20,23,8,29,24,34,14,,42,50,66,31,56,53,31,21,14,16,,17,19,18,28,9,32,22,34,19,15,36,35,,12,6,35,44,29,15,26,34,56,12,24,19,,14,3,12,17,2,33,25,37,11,7,23,35,23,57,9,30,23,16,34,13,36,32,33,41,42,14,50,43,13,14,25,22,25,21,26,15,19,41,9,27,10,18,43,63,63,,24,41,16,39,,42,62,28,,72,43,53,30,33,15,17,15,15,22,66,24,24,54,15,15,15,,27,34,35,33,4,33,38,19,28,14,21,29,12,5,36,17,18,13,,8,10,,5,3,11,14,11,4,11,15,25,5,23,37,36,36,35,23,19,50,44,39,34,8,18,22,29,23,23,36,44,32,42,9,8,,22,13,21,27,45,33,28,5,23,36,24,27,3,34,39,58,44,46,52,26,5,8,18,28,29,30,61,41,67,12,16,23,28,26,15,28,14,14,37,20,26,34,40,5,25,26,15,7,15,12,16,8,9,17,13,32,51,31,15,12,46,49,41,35,69,52,,44,42,44,32,36,36,11,16,17,14,,14,27,,7,21,17,18,20,8,9,7,,14,9,10,18,14,27,13,14,23,30,11,7,13,12,10,16,34,19,17,31,43,23,,6,17,11,19,39,25,15,18,13,12,9,22,11,12,,13,16,6,15,13,16,18,29,28,22,21,36,20,11,14,19,26,23,24,,16,,6,,3,8,,8,5,7,69,44,40,50,,16,7,25,28,52,36,4,13,15,56,32,16,10,27,30,34,35,6,14,9,11,34,13,,13,19,6,37,11,29,5,17,13,25,37,4,2,48,35,26,32,18,19,35,25,34,55,5,19,27,2,14,10,12,9,17,,12,13,21,18,11,24,10,2,1,38,22,15,47,64,15,76,10,21,32,70,26,2,41,40,26,29,28,28,28,19,10,23,11,17,25,5,41,17,22,14,36,17,29,44,3,30,28,70,29,40,18,41,28,27,31,8,6,57,16,37,37,97,17,70,112,25,22,80,18,26,22,10,52,,32,55,57,36,16,28,9,18,16,9,5,9,23,48,10,50,53,7,9,56,7,44,3,34
20170820,22,NO2_24h,34,15,41,27,46,34,46,36,12,33,53,52,,,31,,33,29,35,,32,31,25,,18,33,,52,37,40,46,19,40,11,52,57,45,45,56,59,16,27,22,23,28,40,34,25,24,21,16,22,29,27,16,18,18,22,21,22,30,21,28,27,14,40,48,,38,34,26,31,22,33,27,17,27,28,23,44,,14,37,34,39,45,34,35,32,47,48,58,43,50,55,30,14,26,43,,,36,31,32,39,,35,9,16,14,12,6,8,11,15,11,2,33,32,25,,30,5,8,27,16,25,32,44,18,,41,50,45,42,53,23,35,38,35,37,40,39,38,24,31,36,30,38,29,18,29,28,25,30,12,32,34,21,40,31,28,20,28,29,31,26,37,32,24,37,20,,,,38,22,,29,29,32,,31,21,23,,17,,24,10,32,35,19,40,18,,,,17,27,,19,18,17,17,21,,25,15,24,19,20,22,8,8,,20,,15,,22,45,41,6,37,26,38,50,36,30,37,23,24,21,27,25,,10,22,26,36,26,33,24,36,24,,,23,,21,25,,21,16,18,11,9,12,,16,21,25,20,31,16,14,13,24,35,27,20,28,58,26,40,36,25,25,,31,34,24,33,11,31,29,39,24,26,37,36,36,6,,29,40,26,30,33,30,32,36,,14,18,23,22,22,27,13,30,11,21,17,31,29,24,18,26,32,18,47,44,35,54,33,42,36,36,34,16,24,11,27,26,25,29,32,36,22,19,42,37,,52,52,30,61,52,43,54,31,39,46,40,38,29,47,46,22,38,38,42,21,14,22,10,26,42,27,22,18,13,40,44,22,14,12,11,18,20,12,16,35,37,40,11,27,37,40,37,37,42,37,35,22,23,39,32,38,27,29,27,30,32,10,8,14,11,6,15,,29,37,35,22,21,42,23,55,,33,41,36,34,38,,22,26,47,34,39,,35,6,17,24,5,16,12,19,24,19,,17,21,10,22,22,21,28,18,21,25,11,30,15,28,25,50,32,33,34,23,36,19,29,19,34,23,22,17,4,30,30,3,,7,14,15,,,,21,19,55,35,28,49,43,,26,21,29,15,24,13,18,31,18,25,17,3,7,33,7,40,34,43,31,44,28,33,20,17,24,23,28,27,21,21,9,10,11,15,26,33,18,14,23,29,29,36,30,26,20,,21,,19,18,28,20,27,,,15,,17,20,19,,34,11,27,30,24,23,16,30,15,4,9,8,24,21,7,12,,15,,15,,21,19,22,27,20,19,22,24,13,13,8,4,6,14,9,13,,25,21,30,19,45,20,26,17,23,12,21,16,13,15,14,15,8,,17,12,13,19,26,23,10,12,11,38,25,33,11,13,14,41,32,,22,21,,13,14,17,18,11,28,30,16,,,16,15,24,34,,26,22,17,22,11,6,,21,11,,9,31,12,9,6,47,33,28,39,39,13,19,13,16,,16,26,34,51,37,17,,29,16,9,18,9,27,7,16,26,18,17,8,29,30,31,34,31,21,15,19,12,18,,5,18,13,19,6,9,20,23,11,23,13,12,12,11,23,13,36,30,36,31,43,22,19,17,15,10,32,22,6,15,33,23,5,28,19,,26,30,20,23,20,18,27,24,31,15,8,15,11,26,28,36,16,13,7,16,18,12,25,,13,19,26,21,22,19,20,19,12,17,18,15,23,9,17,8,5,10,15,5,16,26,13,5,6,22,16,20,10,10,10,13,22,19,18,26,24,27,7,10,12,27,17,20,12,23,22,20,17,16,37,17,28,19,14,18,18,18,18,,,26,14,16,14,13,14,18,24,22,32,16,32,18,24,,19,25,21,22,26,11,24,5,14,24,19,24,29,37,36,9,17,28,26,22,25,31,36,16,23,13,6,14,13,13,19,,10,22,27,25,13,22,3,16,11,28,25,23,12,,16,21,13,5,18,21,15,22,14,7,2,9,9,10,17,11,12,16,7,4,6,3,12,11,20,22,28,40,20,31,19,25,33,31,32,,11,28,34,24,39,17,25,11,18,3,,15,16,20,16,,23,,25,,,14,6,20,12,10,17,12,16,35,17,15,,23,26,31,20,29,22,23,17,23,23,22,20,32,17,,24,18,2,13,,13,5,32,28,17,44,,34,13,9,12,17,19,12,13,,14,9,8,25,,,17,11,17,11,12,10,4,18,27,17,29,26,10,24,25,19,14,13,,21,14,6,20,20,20,19,23,26,24,19,10,8,14,12,,24,18,10,14,7,13,30,8,9,15,26,22,7,25,11,14,2,8,7,2,19,26,21,38,7,24,19,11,16,8,13,8,16,19,,28,21,19,31,19,25,,19,7,9,,12,23,21,22,55,57,35,50,32,25,33,27,29,23,30,22,14,16,16,17,15,,22,35,38,24,22,23,16,16,13,6,,34,26,16,26,13,28,19,24,17,14,25,26,7,12,5,18,18,14,22,28,26,28,14,16,18,,12,8,17,9,3,25,17,23,14,9,25,13,14,28,7,19,18,23,20,21,24,15,19,27,18,15,15,19,13,11,14,15,22,10,11,4,14,16,14,33,20,22,29,23,26,,31,33,22,14,,12,14,14,,16,11,12,7,6,14,16,12,13,13,18,11,10,14,8,10,8,,31,31,26,28,5,24,19,18,18,12,14,24,24,15,29,13,16,9,,8,12,,16,3,10,16,8,4,9,11,17,6,16,21,18,16,18,13,8,23,24,20,14,13,23,16,20,21,21,24,23,22,26,7,4,,12,9,5,9,8,11,4,6,12,19,22,12,6,20,19,29,22,25,29,22,10,14,17,16,19,22,29,27,26,12,13,15,18,13,13,17,13,22,23,14,14,12,15,26,39,31,32,13,17,15,16,14,15,17,20,19,28,19,12,22,34,38,36,13,20,21,,20,31,24,27,19,31,15,22,27,15,,13,20,,9,34,23,20,20,6,8,8,,18,7,11,14,10,19,14,16,14,28,12,4,7,7,5,11,16,16,14,14,17,8,,5,13,9,11,22,19,13,14,10,7,9,11,7,10,,11,9,6,12,12,9,12,16,10,7,10,16,16,7,11,27,6,7,6,,12,,9,,4,9,,16,19,16,31,24,27,24,,14,10,21,19,15,7,3,17,15,16,14,9,10,13,17,20,22,7,16,9,11,18,20,,7,6,6,27,11,29,11,11,6,12,5,4,16,12,13,11,14,12,11,46,41,14,25,7,32,37,6,16,17,17,2,23,,29,16,22,41,27,31,13,3,6,29,29,29,18,40,12,46,38,23,25,29,20,4,55,23,25,21,19,19,19,20,10,22,14,14,26,4,20,17,23,13,18,16,16,20,4,21,30,38,32,32,19,29,19,19,18,18,11,20,15,26,25,29,12,31,31,20,22,23,19,28,28,20,28,,39,17,29,27,23,27,19,11,20,17,5,10,21,43,15,25,32,7,9,21,10,17,9,24
20170820,22,O3,71,114,99,50,113,120,90,69,99,121,104,71,,,58,,49,44,48,,36,53,66,,74,44,,106,95,4,30,70,82,138,36,38,37,31,44,11,97,4,85,78,43,60,18,55,75,109,134,129,73,103,127,101,73,85,77,110,36,4,15,21,15,70,74,,35,6,39,58,77,43,64,83,64,24,84,97,,142,86,97,98,99,87,84,91,68,76,53,95,91,68,77,41,11,5,,,6,44,25,52,,47,50,77,65,56,73,81,60,69,70,77,19,13,11,,22,31,27,15,22,28,37,50,32,,29,26,27,50,20,56,50,2,48,39,36,45,32,42,39,42,47,46,20,56,45,25,31,18,59,26,29,95,71,64,85,74,95,55,,34,39,38,43,39,65,,,,100,53,,49,22,35,,50,27,71,,80,,48,85,59,75,50,3,90,,,,42,38,,36,63,35,40,44,,27,52,7,48,37,28,67,67,,36,,59,,54,22,11,96,11,15,4,3,10,18,18,10,24,30,9,22,,37,35,9,21,24,15,32,37,43,,,16,,67,53,,17,26,9,20,18,27,,79,85,43,55,46,63,54,47,45,74,82,90,100,76,101,21,100,91,169,,80,91,112,94,40,51,45,29,50,39,71,21,54,35,,33,75,70,79,80,72,85,91,,85,70,70,43,92,88,76,39,62,86,99,50,62,39,43,72,82,18,47,33,40,19,26,29,44,27,21,58,82,82,85,58,66,50,83,86,20,77,48,60,,24,57,83,108,45,28,4,186,55,69,35,20,55,55,16,61,72,50,92,19,22,22,26,52,41,59,56,69,74,42,37,52,64,56,48,30,17,47,20,122,125,112,91,115,167,163,181,106,49,49,27,94,91,8,74,62,54,51,77,51,41,5,20,23,4,8,82,,83,60,83,78,90,68,89,37,,71,65,70,27,78,,72,62,74,55,52,,52,96,18,20,35,29,19,20,19,15,,32,30,35,35,26,31,23,6,10,22,22,31,41,38,20,35,41,25,34,29,58,84,43,15,44,30,42,45,104,33,20,54,,58,97,47,,,,76,67,62,63,70,60,82,,82,14,19,21,16,9,53,5,65,64,34,48,24,4,51,22,34,11,9,49,30,48,63,47,63,19,71,52,97,77,51,49,31,37,34,29,32,82,54,39,19,39,32,34,96,,40,,83,99,81,52,85,,,104,,99,72,48,,63,53,55,77,78,53,51,24,75,73,52,71,46,58,66,60,,110,,108,,70,112,103,102,114,80,100,88,91,67,87,65,67,65,83,52,,157,141,137,174,143,48,13,52,28,74,51,20,19,20,14,25,27,,7,21,6,40,18,32,73,76,69,62,88,86,38,37,25,67,47,,81,71,,52,61,58,39,42,47,71,25,,,104,116,93,94,,85,93,89,82,144,160,,156,160,,97,73,104,118,73,127,119,156,149,145,131,85,73,91,,23,36,13,13,3,54,,10,10,34,18,28,20,18,38,6,42,9,14,47,28,40,59,60,30,36,5,23,24,,33,88,94,85,90,80,28,34,29,18,2,90,78,81,80,68,29,67,44,42,26,38,36,52,31,51,55,56,49,43,21,50,133,121,115,,109,108,127,99,45,79,54,56,67,77,107,80,74,114,110,119,129,86,98,115,105,136,112,,122,65,53,84,79,69,44,60,49,47,17,63,43,62,64,98,118,113,79,113,18,43,27,42,34,69,44,33,8,79,45,25,60,41,62,36,41,5,12,11,63,47,68,24,96,105,123,111,124,109,39,43,30,17,109,95,111,90,63,,,88,84,36,41,41,130,108,126,122,153,151,34,56,42,,36,29,45,22,17,20,20,19,11,59,44,57,32,29,37,78,52,28,37,9,45,40,16,71,58,64,64,79,82,102,105,,70,68,99,79,56,25,48,101,90,89,89,77,85,71,61,38,74,62,68,52,63,69,87,64,100,80,80,25,72,72,68,69,66,50,65,62,60,70,71,98,83,50,35,,91,81,49,47,16,,68,42,85,37,47,50,39,59,49,84,,33,37,21,58,,29,,82,,,47,40,45,91,81,94,87,77,60,89,70,,46,63,163,160,158,156,151,164,89,81,62,75,57,135,,123,121,164,169,,151,153,106,66,50,52,,30,67,72,74,84,67,112,101,,51,85,94,130,,,106,79,80,80,97,97,97,67,112,89,128,61,52,15,38,9,19,26,,70,87,104,79,41,45,24,11,30,44,13,19,12,7,73,,71,70,41,40,39,9,5,9,25,36,39,9,27,27,21,11,28,25,13,,14,6,48,25,55,33,24,31,47,46,42,60,45,78,,67,86,49,37,77,31,,84,110,122,,56,79,76,65,24,31,34,16,54,30,23,23,17,26,76,45,31,81,72,78,96,,72,63,57,37,56,52,67,42,98,92,,58,30,106,53,76,37,45,34,73,60,32,35,13,36,113,41,28,36,35,41,23,2,71,65,64,,50,71,63,54,37,31,37,37,71,41,58,47,58,44,40,50,50,64,29,63,47,65,68,66,15,49,21,32,40,41,37,36,32,19,43,41,50,31,55,37,49,51,47,57,54,,92,82,109,62,,78,42,89,,29,64,43,56,39,110,117,115,109,106,53,105,96,60,102,98,104,,47,54,44,55,151,99,59,45,68,70,63,64,67,52,33,69,77,66,,58,52,,67,34,47,47,35,84,102,77,56,54,32,10,26,14,27,39,9,13,16,8,34,62,70,65,60,61,79,55,59,79,101,35,57,,47,52,28,29,29,22,44,30,40,16,36,28,15,4,2,,11,9,12,39,57,59,52,37,29,63,21,43,18,21,45,35,26,33,34,48,25,43,20,58,46,12,9,68,57,65,78,88,99,115,93,67,82,62,83,88,72,106,97,75,67,92,95,60,27,48,,49,56,60,69,82,77,86,115,81,126,,65,47,,58,59,54,62,51,12,17,3,,110,44,64,47,56,51,43,53,70,69,54,46,41,40,41,13,7,75,78,2,1,34,,31,18,23,62,43,27,56,50,12,5,18,7,40,41,,47,44,44,46,16,16,50,30,19,18,20,6,41,22,22,28,30,41,35,,32,,109,,34,34,,90,92,92,2,52,55,40,,78,104,55,39,49,48,103,67,80,39,51,98,99,43,50,81,83,81,70,56,101,58,67,,107,53,70,72,90,65,65,71,43,80,23,62,63,44,43,50,50,69,67,94,120,94,52,58,73,71,46,83,128,123,137,104,,167,77,69,91,87,80,64,65,72,46,76,72,30,30,128,59,72,40,58,63,140,181,62,13,64,45,33,45,40,129,94,71,102,123,80,59,7,24,110,52,23,30,81,35,100,41,60,54,53,56,52,79,63,81,56,74,82,59,44,,65,11,72,28,17,65,58,10,93,80,77,87,82,,55,16,99,98,81,55,98,77,128,75,92,55,126,56,71,20,72,81,68,59,103,49,94,101
20170820,22,O3_24h,170,197,175,177,171,184,189,196,194,208,170,169,,,205,,168,155,220,,149,136,136,,150,183,,200,199,182,172,167,136,154,154,136,159,124,128,143,119,116,118,108,104,154,146,145,155,221,191,193,223,226,188,181,205,199,180,210,135,146,147,150,134,179,191,,188,155,159,160,142,168,164,166,177,182,160,215,,179,162,182,220,184,216,187,140,124,137,124,145,139,132,123,152,174,162,,,152,176,160,173,,178,96,114,92,104,115,137,105,114,103,116,103,100,94,,98,103,109,107,79,60,129,118,102,,110,128,107,130,99,114,163,110,137,118,118,129,120,95,121,113,128,123,88,115,131,112,92,80,113,105,119,136,105,101,124,113,132,55,129,92,119,120,124,120,127,,,,189,179,,179,179,171,,81,104,103,,112,,122,126,125,136,122,112,122,,,,106,111,,100,129,123,100,80,,102,104,120,108,105,111,90,100,,60,,158,,147,93,78,99,100,76,82,71,94,108,101,54,121,132,134,156,,129,135,119,231,205,157,197,170,144,,,76,,140,133,,153,148,131,112,106,96,,142,134,146,110,128,156,138,84,122,126,125,150,126,158,138,131,162,133,212,,194,232,229,202,236,123,111,110,126,92,134,117,137,114,,138,127,148,171,114,136,165,175,,133,122,114,141,142,131,129,110,112,164,176,149,174,156,163,164,153,178,164,160,150,180,141,180,154,187,148,146,116,135,116,120,122,122,112,129,116,116,238,237,,267,279,223,207,234,258,244,256,181,157,132,138,146,222,185,128,136,130,92,78,99,139,93,208,180,196,167,138,110,194,208,134,133,150,166,130,119,123,117,274,277,255,270,248,320,295,310,255,231,168,161,162,168,73,141,123,102,99,126,70,101,27,79,110,55,62,183,,194,145,204,134,152,104,171,126,,159,165,160,165,150,,120,179,181,179,155,,121,127,78,63,64,75,60,64,64,66,,69,62,46,72,62,64,61,88,63,96,91,68,89,145,131,141,130,128,113,124,113,123,124,104,132,134,110,81,129,69,91,65,,71,98,102,,,,114,123,104,104,107,101,150,,102,102,107,112,101,118,106,115,114,122,124,52,119,118,119,95,116,103,111,120,117,115,126,112,125,104,162,185,164,128,68,70,61,68,148,158,138,107,118,112,116,215,208,163,232,,182,,144,161,164,143,159,,,139,,135,108,110,,150,136,186,189,124,161,108,153,102,134,119,116,100,106,119,113,,131,,129,,118,177,175,170,160,161,161,106,131,124,111,101,98,97,99,89,,254,193,237,240,247,139,131,89,130,129,115,111,103,86,88,153,83,94,162,179,113,144,152,126,114,131,116,209,244,218,89,88,85,170,179,,211,196,,129,125,143,135,150,142,133,49,,,145,145,137,159,,138,160,166,141,164,168,,178,183,,233,205,242,229,217,164,197,180,178,194,161,96,104,103,,108,103,144,112,120,102,,127,122,103,102,84,128,72,95,63,82,90,73,135,127,128,129,126,93,81,90,83,83,,82,92,104,101,98,103,98,91,98,91,91,122,121,122,94,99,98,135,109,154,106,117,112,119,113,229,156,152,138,131,162,154,136,176,192,,204,201,196,188,141,164,157,154,163,142,142,129,132,200,173,202,187,176,162,168,180,145,123,,147,112,112,121,120,126,94,110,104,103,96,114,118,127,103,121,122,126,103,113,94,110,110,72,82,86,87,85,48,79,53,53,106,94,87,89,88,88,35,43,85,89,94,78,133,182,186,183,190,161,99,101,82,74,196,164,167,179,148,,,156,107,98,108,104,178,174,187,180,214,190,108,108,103,,98,65,76,120,134,118,121,102,91,117,82,142,129,119,134,88,85,78,75,79,60,85,77,153,159,166,158,122,97,133,147,,139,122,134,135,127,105,63,120,114,100,106,128,114,109,180,174,126,114,144,166,120,111,148,103,127,103,143,42,93,104,119,107,100,88,95,105,95,102,102,136,118,131,124,,123,118,133,137,128,,122,118,136,91,106,120,103,81,80,112,,103,113,57,94,,78,,160,,,86,75,124,127,131,137,130,113,60,134,126,,177,154,185,188,183,192,188,199,177,159,148,162,139,209,,203,212,164,169,,157,160,167,160,173,185,,136,132,129,144,140,163,163,105,,122,118,136,166,,,106,91,122,122,143,134,124,148,124,119,134,153,104,105,100,112,194,138,,186,116,121,111,110,128,117,117,109,122,75,77,67,70,108,,87,120,59,56,60,70,76,65,103,91,121,118,115,78,63,69,74,85,103,76,100,103,98,87,98,89,108,110,101,109,106,110,86,95,,122,115,130,135,143,148,,155,150,161,,145,144,184,156,88,70,77,68,93,91,136,80,83,87,131,69,89,123,118,112,139,,132,162,161,166,106,100,98,104,147,145,,83,82,122,88,119,205,210,180,193,219,134,156,158,155,133,149,135,143,150,163,137,131,149,156,159,,144,148,153,146,81,101,95,103,105,108,112,129,128,116,111,122,120,143,135,171,180,205,185,211,158,173,192,202,117,101,119,93,83,104,106,139,104,107,102,81,101,113,173,177,174,,181,170,197,126,,129,132,156,,149,151,117,123,129,177,182,175,185,182,139,149,147,144,129,125,121,,125,137,156,154,151,136,130,104,108,110,116,108,161,159,133,82,84,77,,88,79,,150,132,153,166,163,100,111,108,126,125,77,78,82,84,76,79,101,87,91,84,87,123,124,136,116,118,115,139,161,170,194,73,80,,68,73,86,89,81,76,99,62,68,83,71,102,92,76,72,105,113,109,108,63,105,69,100,91,75,116,115,114,117,77,88,83,111,104,125,129,64,79,79,89,88,93,83,77,57,77,78,196,205,253,226,180,191,158,207,146,124,140,120,160,183,201,195,143,137,151,,139,126,108,110,118,117,114,145,120,135,,121,110,,143,142,128,146,94,56,102,60,,117,92,93,87,86,79,101,81,106,85,77,79,79,78,80,80,79,125,133,38,51,57,,61,81,86,104,90,55,74,57,32,45,60,77,52,57,,47,46,56,64,157,54,62,88,103,101,79,74,60,44,54,52,72,65,66,,76,,118,,54,48,,132,119,128,111,120,111,121,,82,104,70,75,108,96,113,76,100,108,113,126,122,91,84,132,134,92,104,90,111,100,82,,134,96,84,108,120,66,73,100,66,124,108,103,115,121,113,111,99,88,98,150,181,137,148,169,110,104,129,99,129,123,180,132,,184,98,92,124,132,121,83,78,77,105,111,91,105,161,166,261,147,151,203,193,223,181,140,124,103,136,140,125,92,159,126,113,130,146,179,66,49,47,142,130,148,163,157,113,123,116,101,271,196,161,176,157,107,118,107,162,140,158,80,86,104,124,96,171,195,129,117,110,106,189,188,147,223,,203,127,192,170,177,169,174,96,164,91,102,55,135,111,156,170,195,118,130,201,111,205,98,160
20170820,22,O3_8h,127,148,148,124,143,156,149,142,156,176,143,120,,,137,,117,104,148,,95,63,85,,96,118,,168,164,133,126,129,117,129,90,79,80,77,86,82,103,82,97,91,81,119,100,116,126,183,174,176,173,181,167,141,147,145,124,161,74,90,90,94,57,134,139,,133,107,119,121,110,128,133,135,132,120,131,166,,162,119,143,167,147,158,155,122,100,110,101,121,116,114,102,98,113,68,,,80,109,106,113,,116,69,91,75,77,82,100,73,90,87,88,70,63,65,,72,58,77,69,54,45,90,72,77,,77,78,68,93,60,88,108,62,54,41,48,46,42,64,47,40,42,42,57,94,97,83,69,53,92,80,80,119,92,88,107,99,117,55,119,71,91,88,76,94,99,,,,120,125,,138,118,126,,71,77,89,,89,,92,95,91,106,98,68,96,,,,80,83,,61,96,78,67,65,,79,79,79,86,74,82,78,86,,51,,113,,103,63,45,87,73,44,52,44,55,57,70,31,31,46,28,33,,59,37,24,66,67,54,67,54,62,,,53,,107,96,,62,54,52,43,63,51,,119,108,97,84,83,93,92,70,89,105,108,129,112,125,124,84,134,110,162,,133,133,152,122,102,85,84,61,74,58,86,67,78,61,,76,102,120,137,99,108,134,139,,96,101,90,106,110,107,106,83,92,133,140,114,126,116,123,125,118,113,65,52,61,56,50,87,55,75,34,102,105,115,104,96,105,96,99,115,66,95,149,166,,179,189,166,174,164,179,148,206,119,114,79,86,105,170,98,97,104,97,92,42,55,74,47,151,109,142,130,116,98,127,124,92,105,107,101,101,92,90,91,213,220,201,194,196,252,252,265,195,159,118,110,127,134,56,114,94,78,74,91,60,72,12,40,60,25,29,155,,152,95,150,109,123,91,134,81,,116,114,118,114,120,,101,124,131,114,102,,90,110,55,43,54,56,46,44,40,39,,59,51,43,58,51,52,50,63,47,69,70,52,71,76,62,77,63,65,51,71,67,102,88,61,67,82,86,69,117,58,66,61,,63,91,78,,,,99,101,88,85,93,86,120,,95,74,80,90,76,88,72,69,81,83,72,49,65,71,91,67,77,74,71,89,88,84,95,88,81,70,125,132,134,107,58,56,48,54,95,98,80,96,89,87,87,97,93,81,132,,131,,123,136,133,111,138,,,127,,116,93,86,,78,88,125,116,96,107,87,110,92,104,96,90,68,74,92,82,,122,,120,,98,152,144,141,138,128,134,98,100,104,88,77,80,80,89,74,,164,152,158,183,162,78,54,65,67,82,88,68,63,48,54,72,57,59,65,76,59,116,100,95,95,106,91,140,168,153,58,54,49,120,112,,120,112,,95,98,111,97,79,99,95,40,,,130,136,118,116,,100,115,127,105,152,158,,165,168,,174,148,189,184,148,152,171,169,170,165,144,90,93,93,,52,33,54,25,28,47,,68,54,66,58,54,75,58,66,32,62,46,45,96,86,81,98,96,59,56,50,54,49,,53,84,89,92,88,90,43,46,49,43,39,104,96,100,80,86,63,94,67,99,61,76,82,92,64,102,94,80,80,78,74,82,120,155,163,,170,166,171,162,110,130,118,114,123,122,129,115,115,168,151,171,165,145,138,150,147,139,110,,134,88,75,102,99,98,73,87,82,80,67,89,94,103,84,98,118,104,84,91,54,69,74,56,61,73,68,66,35,71,49,43,88,78,74,66,65,58,22,25,73,54,76,59,113,140,152,147,154,138,69,74,58,52,157,146,140,152,102,,,108,86,77,80,80,165,145,157,158,190,164,81,93,79,,81,53,65,69,55,62,50,59,51,81,51,76,69,66,81,84,43,20,32,27,44,28,17,118,103,122,117,104,91,120,130,,112,102,116,105,101,75,56,115,104,90,95,106,97,95,124,114,103,92,111,116,99,92,98,85,118,96,113,31,82,90,97,90,78,71,77,83,76,86,91,119,106,84,66,,95,95,106,89,57,,95,79,112,78,82,101,83,65,64,100,,78,86,43,79,,51,,110,,,62,56,94,112,112,120,108,101,60,119,99,,110,105,175,176,172,177,172,182,136,123,112,122,101,155,,160,157,158,161,,152,153,140,126,134,108,,85,110,112,113,103,111,133,100,,95,106,122,146,,,88,84,92,91,124,118,109,120,115,107,129,125,81,53,66,55,125,78,,118,105,114,96,86,93,76,70,69,85,50,50,44,39,90,,71,96,50,46,50,34,23,34,58,70,87,57,72,51,41,40,39,47,40,34,57,53,67,50,75,49,62,68,76,82,83,89,70,87,,94,98,96,96,118,108,,132,133,141,,116,112,138,126,56,47,58,38,68,55,61,37,41,54,97,53,50,107,101,95,116,,109,129,126,127,78,83,81,82,132,125,,70,57,97,72,80,97,106,109,110,104,80,87,71,90,116,87,87,86,66,77,63,69,92,102,115,,95,106,110,99,57,73,74,84,89,78,93,93,102,90,72,87,77,82,77,102,90,113,104,102,59,64,67,77,81,72,87,68,60,62,65,87,63,61,74,59,73,77,126,120,120,,132,128,150,108,,114,107,134,,112,124,95,104,108,147,154,148,151,149,116,134,129,118,118,110,111,,88,95,98,102,122,115,103,82,90,85,92,87,93,92,80,74,79,70,,77,70,,93,86,99,104,102,90,106,95,82,81,58,51,59,51,57,59,54,49,50,51,61,84,89,98,85,84,99,97,116,119,140,59,69,,61,66,62,68,63,60,82,44,57,54,56,70,57,46,42,60,69,69,63,50,73,60,79,59,60,98,82,84,78,56,65,56,75,75,58,76,47,57,55,80,75,64,54,31,49,65,59,146,159,192,164,114,126,102,138,136,103,127,111,111,135,149,148,118,102,116,,104,101,92,93,104,103,97,133,96,127,,93,78,,95,90,76,86,69,36,50,26,,114,66,78,68,72,67,78,71,93,78,68,65,63,62,64,45,42,108,114,26,32,49,,51,51,57,76,68,42,64,50,22,24,34,38,48,51,,45,44,47,52,33,37,55,58,67,63,58,44,48,32,38,40,52,52,54,,61,,111,,38,38,,98,86,96,51,78,77,76,,79,96,59,57,88,83,105,64,87,89,91,115,116,71,66,112,114,76,66,61,100,74,70,,124,80,78,93,103,63,70,88,58,111,86,86,96,97,89,93,82,80,84,130,161,123,120,118,99,94,96,95,125,114,151,121,,174,76,75,111,113,106,78,70,73,94,103,83,88,82,157,183,100,96,141,147,164,172,86,66,87,90,37,82,69,147,111,100,120,134,133,60,36,39,129,60,89,107,124,78,116,84,86,139,125,78,121,118,90,101,87,108,110,122,68,79,78,80,86,110,127,95,92,79,95,131,133,123,173,,138,89,158,141,107,101,133,90,146,84,93,48,126,76,102,96,137,97,93,146,102,147,81,140
20170820,22,O3_8h_24h,139,162,152,140,143,160,159,158,163,186,146,140,,,169,,150,137,182,,130,106,115,,124,157,,190,178,169,159,146,123,131,121,107,120,107,109,117,103,106,107,100,96,144,135,137,148,198,181,183,199,198,177,160,180,177,156,187,115,129,130,128,101,156,165,,164,141,142,148,128,152,153,156,166,174,152,186,,179,143,168,190,167,173,173,132,111,123,116,132,128,127,113,133,146,123,,,132,134,134,139,,146,89,108,89,92,105,127,93,100,99,107,97,90,87,,94,90,93,102,72,58,116,105,101,,97,109,93,115,89,109,136,103,88,85,87,94,83,80,79,82,90,81,77,104,113,100,79,67,107,94,101,120,93,90,108,101,118,55,119,81,102,97,85,101,112,,,,142,145,,161,146,143,,74,90,93,,92,,108,106,110,118,108,93,106,,,,95,95,,78,103,87,75,68,,86,90,105,93,92,94,79,90,,56,,141,,126,67,56,87,79,51,60,53,68,69,73,54,95,101,102,112,,104,104,84,141,134,97,128,96,95,,,71,,116,105,,122,122,112,83,90,80,,120,108,110,89,93,123,115,80,102,113,112,134,112,137,128,115,141,113,178,,170,170,190,157,167,109,97,94,105,77,107,98,107,81,,112,117,144,160,108,128,155,161,,107,117,102,129,125,120,117,99,102,152,162,136,156,141,151,150,139,160,114,98,95,110,92,125,94,130,86,123,112,121,110,108,111,107,106,119,99,108,187,196,,226,239,195,189,198,233,201,215,129,131,94,110,110,200,132,107,114,99,92,63,82,105,64,174,145,165,143,120,103,158,164,120,120,133,124,115,107,95,105,234,243,221,222,209,287,273,280,226,200,147,138,145,147,63,127,102,88,85,106,62,90,16,50,76,44,48,170,,178,123,185,124,140,100,155,109,,139,147,151,149,136,,103,129,135,121,110,,94,115,67,55,61,66,54,56,52,53,,62,54,43,61,55,55,53,75,51,80,76,58,82,114,100,114,90,102,76,104,74,114,104,89,93,113,94,73,120,62,79,61,,63,91,89,,,,100,110,91,88,96,89,124,,97,97,93,100,95,103,88,102,97,103,99,49,105,109,108,89,91,84,100,99,100,107,114,104,118,100,142,163,146,119,62,62,54,61,133,134,116,102,111,106,110,154,154,137,176,,166,,132,149,148,126,151,,,132,,125,104,103,,108,120,166,161,114,146,94,138,96,111,108,106,91,94,114,98,,128,,124,,109,162,158,154,144,150,142,102,110,108,99,96,93,90,94,84,,207,174,196,199,200,114,97,75,101,109,108,96,87,70,74,110,72,64,114,130,92,139,135,116,97,110,94,185,212,193,74,71,71,136,144,,171,165,,116,113,134,124,111,126,116,42,,,134,139,125,138,,114,148,143,122,158,161,,171,172,,200,173,214,220,174,158,184,173,172,175,150,91,99,95,,94,79,110,86,96,90,,111,104,89,90,75,113,70,85,54,75,80,68,126,112,117,118,117,83,74,84,77,75,,76,84,96,94,92,94,79,71,80,74,80,110,111,114,86,92,79,112,85,123,86,96,92,106,88,142,122,104,106,100,112,107,120,162,177,,186,186,183,176,134,153,145,142,146,134,136,125,124,180,160,188,171,167,155,162,170,140,112,,138,95,86,107,104,108,73,87,83,96,89,100,112,118,91,98,118,104,84,91,70,88,99,62,74,76,74,71,44,71,49,48,99,90,83,82,81,84,29,35,73,69,80,63,119,156,165,165,163,147,88,84,68,68,176,156,156,168,124,,,137,86,82,83,87,169,154,170,163,198,164,96,98,87,,90,57,68,105,113,104,100,95,84,100,64,112,102,95,110,85,79,64,70,69,46,78,66,133,132,142,136,112,93,127,135,,117,108,117,111,118,90,57,116,105,92,99,114,105,104,158,152,113,104,124,139,111,101,146,92,122,99,135,39,87,98,104,94,97,84,90,100,85,94,92,119,108,106,93,,102,101,116,135,92,,105,101,117,83,88,112,94,69,69,102,,95,102,48,83,,52,,122,,,73,63,106,113,114,122,110,101,60,120,107,,151,126,178,179,174,179,179,185,164,149,135,148,129,168,,174,177,158,161,,153,153,151,142,156,145,,114,116,116,122,119,140,146,100,,108,110,126,156,,,90,89,110,112,131,123,112,133,115,112,129,135,97,88,91,100,156,111,,155,112,116,108,106,119,110,103,98,111,65,68,60,64,96,,87,112,52,47,56,53,56,54,85,80,98,90,92,74,60,66,52,70,79,63,97,96,94,78,93,72,90,94,90,98,97,99,77,89,,111,105,111,122,134,129,,138,135,142,,130,124,158,139,68,54,72,44,86,75,82,59,64,74,101,55,86,115,108,105,128,,123,143,134,146,92,94,90,98,138,131,,76,72,97,74,101,156,165,147,151,158,119,136,128,130,121,132,121,125,109,122,109,113,113,119,133,,120,126,136,122,68,93,88,96,95,91,106,118,116,104,98,106,95,111,105,145,139,165,146,154,110,122,132,144,104,88,107,84,72,96,87,116,86,89,77,64,81,86,158,162,158,,158,151,174,119,,122,124,148,,142,139,108,114,121,166,171,166,168,171,128,138,134,132,119,112,111,,110,124,125,131,122,118,112,94,98,93,105,97,125,122,110,74,79,70,,82,75,,118,119,132,135,141,90,106,98,105,102,72,71,76,75,72,73,85,78,79,75,80,95,107,116,103,103,110,126,146,147,170,69,74,,63,71,84,88,79,74,95,59,61,76,63,91,77,66,58,92,101,97,93,56,85,64,91,76,64,106,108,100,104,71,74,68,97,92,90,103,58,67,70,85,81,82,73,38,49,65,59,179,189,222,194,150,159,130,176,142,110,128,112,123,143,154,152,136,125,138,,123,122,103,102,109,112,99,135,97,127,,109,98,,118,116,102,116,82,44,60,41,,114,82,84,82,80,72,83,72,96,79,68,68,68,66,70,60,63,114,119,34,44,54,,58,67,71,88,81,50,69,53,28,34,46,56,49,53,,45,45,51,56,70,48,56,76,83,78,71,62,56,40,50,46,64,57,58,,71,,112,,48,42,,111,105,111,92,101,97,100,,79,96,64,68,99,92,105,70,95,102,102,116,118,82,74,117,121,87,94,85,106,94,73,,127,86,81,95,103,63,71,93,64,115,96,88,97,109,98,100,88,81,89,139,171,129,134,136,103,98,102,96,125,114,178,121,,174,86,84,114,116,111,79,72,73,100,106,87,100,127,163,214,125,131,179,173,180,172,109,111,90,103,103,88,74,148,121,108,126,137,137,63,43,41,130,66,134,139,146,85,118,106,94,168,175,106,158,132,94,102,98,136,110,144,74,81,83,105,91,136,165,111,104,102,95,163,161,138,199,,173,116,177,149,148,136,152,93,153,88,96,48,128,94,123,142,173,111,112,176,102,184,81,155
20170820,22,CO,1.1,0.9,1.1,0.9,1.1,0.8,1,1.6,1.1,1.1,0.8,0.9,,,0.6,,0.6,0.4,0.7,,0.7,0.5,0.6,,0.4,0.8,,0.7,0.8,0.7,1.4,0.6,0.5,0.7,0.6,0.7,0.4,0.6,0.9,0.9,0.3,0.5,0.4,0.6,0.4,0.6,0.6,0.6,0.7,0.7,0.9,0.8,0.8,0.6,0.9,0.4,0.8,0.8,0.7,0.5,0.8,1.1,0.8,1,0.9,1.3,1.1,,1.3,1.4,0.9,0.8,0.8,0.7,1,0.5,1.1,0.9,0.9,1.1,,1.1,1.1,1,1.3,1.2,1.5,1,0.7,1.1,0.9,1.2,1,1.1,1.6,1.1,0.5,1.1,0.9,,,1.4,0.9,0.9,0.9,,0.9,0.6,0.7,0.8,1,0.6,0.8,0.8,0.8,0.8,0.8,1.2,1.3,1.6,,1.3,0.7,0.9,1,0.9,0.9,0.7,1.1,0.5,,0.4,0.5,0.7,0.7,1.6,0.4,0.4,0.9,0.5,0.7,0.6,0.8,0.8,0.7,0.9,0.6,0.6,0.5,0.5,0.5,1.4,1,0.8,1.2,1.1,1.5,0.8,0.5,0.8,0.6,0.3,1,0.5,0.6,0.8,0.9,0.6,0.5,0.7,0.4,0.4,,,,0.9,0.8,,1.3,1.1,0.9,,1.1,0.4,0.4,,0.6,,0.9,0.8,0.8,0.7,1.1,1.6,0.7,,,,0.8,0.7,,0.9,0.8,0.9,0.6,1,,0.8,1,0.7,0.5,0.5,0.7,0.9,0.5,,0.8,,1.1,,0.8,0.8,0.8,0.5,0.7,0.6,1.1,0.9,0.7,0.7,0.9,1,0.7,0.9,0.8,0.9,,0.5,0.4,0.5,0.5,0.5,0.5,0.6,1.2,0.9,,,0.6,,0.9,0.9,,,0.6,0.7,0.6,0.6,0.3,,0.5,0.5,0.6,0.5,0.7,0.6,0.5,0.6,0.7,0.8,0.9,1.3,0.9,1,1.1,1,0.6,1.2,0.1,,0.7,0.6,0.5,0.3,0.2,0.6,0.6,1.3,0.4,0.4,0.9,1,0.9,0.5,,1.6,0.5,0.7,0.5,0.4,0.6,0.4,0.6,,0.4,0.3,0.4,0.6,0.6,0.5,0.5,0.3,0.7,0.8,0.8,1,1.2,1,1.2,1.3,0.7,1.1,1.3,0.9,0.7,1,0.7,0.6,0.9,1.4,0.8,0.8,0.6,0.7,0.6,0.6,0.8,0.6,0.4,0.5,0.7,0.7,0.7,0.6,,1.1,0.9,1.1,0.9,0.8,0.9,1.3,0.7,0.7,0.8,0.6,0.7,0.9,1,0.6,0.7,0.6,0.8,0.6,0.5,0.4,0.6,0.5,0.5,0.9,0.7,0.8,0.9,0.5,0.8,0.8,0.8,0.6,0.7,0.6,0.4,0.7,0.5,0.7,0.9,1,0.9,0.8,0.7,1.2,1,1,0.8,0.8,1.2,1.1,0.6,0.5,1.1,1,1.1,1,0.9,0.9,0.9,1,0.5,0.6,0.8,0.7,0.6,0.6,,0.7,0.6,0.7,0.5,0.6,0.7,0.7,0.7,,0.7,0.5,0.4,0.8,0.8,,0.7,0.6,1,1,0.8,,0.6,0.2,0.6,0.5,0.6,0.6,0.6,0.6,0.7,0.5,,0.6,0.7,0.7,0.8,0.4,0.7,0.7,0.9,1.3,0.6,0.8,0.8,0.5,1,1.2,1,1.1,1,0.6,0.9,1,1.5,1.2,1.2,1,1.1,0.6,0.7,,0.5,0.5,0.4,,0.8,0.5,0.6,,,,0.7,0.6,0.6,0.8,0.6,0.7,0.5,,0.7,0.7,0.9,0.7,0.8,0.7,0.6,0.8,0.5,0.1,0.9,0.3,0.5,0.8,1.4,0.9,1.3,,0.8,0.7,1.1,0.7,1.1,0.5,0.5,0.6,0.7,0.7,1,0.9,0.6,0.4,0.5,0.9,0.7,0.7,0.6,0.6,0.7,0.7,0.9,0.6,0.6,0.7,0.5,,0.7,,0.9,0.8,0.8,1.2,1.4,,,0.8,,0.7,0.9,0.7,,0.8,0.9,1.1,1.2,0.8,1.2,0.8,0.8,1,0.5,0.5,0.5,0.3,0.5,0.3,0.5,,0.3,,0.6,,0.3,1.1,0.9,1.2,0.9,0.5,0.7,0.5,0.4,0.5,0.4,0.4,0.5,0.5,0.6,0.5,,1,1.1,0.8,0.9,0.6,1.1,0.8,0.6,1,0.8,0.6,0.8,0.5,0.7,0.5,0.5,0.7,,0.8,0.7,0.5,0.9,1,0.9,0.7,0.8,0.5,1.2,1.2,1,0.6,0.6,1.1,1.3,1.8,,1.1,1,,1.4,1.3,1.3,1.2,0.9,0.8,0.6,0.3,,,1,1,1.1,1,,1,0.9,1.1,1.1,1.7,1.5,,1.6,1.6,,2.1,1.8,1.6,2,1.5,1.3,1,0.8,1.1,1.3,0.9,1,0.5,1,,1.2,1.1,2.3,2.1,2.2,1.1,,1,0.8,0.5,0.6,0.7,0.8,0.9,0.8,1.1,1,1,0.7,0.6,0.7,0.5,0.9,0.7,0.7,0.7,0.8,0.9,0.6,,0.5,0.8,0.8,0.3,0.7,0.4,0.4,0.5,0.4,0.4,0.5,0.8,0.6,0.5,0.9,0.8,1,0.9,0.9,1,1.1,0.9,0.7,0.8,0.8,0.7,0.9,0.7,0.2,0.1,0.7,0.3,0.6,1.2,1.6,,1.3,1.4,2,2.2,0.7,1.3,0.8,1.2,1,0.8,0.8,0.4,0.8,1.7,1,0.7,1.7,1,0.9,1.1,1.1,1.1,0.8,,1.2,1,1.3,1.1,1.3,1,0.9,0.9,1.1,0.9,0.9,0.8,0.7,0.5,0.8,0.7,1.4,1.4,1.2,0.9,1.3,1.2,1.4,1,0.5,0.6,0.6,0.7,0.7,0.3,0.7,1,0.6,0.9,0.5,0.9,1.1,1.2,0.7,0.4,0.7,0.7,0.7,0.7,1.1,1.7,1.2,1.4,1.2,1.3,1.2,0.1,0.9,1,0.4,0.5,0.6,0.4,0.6,,,0.5,0.7,0.9,0.7,0.9,1,0.6,0.6,0.7,0.6,0.7,1.4,0.5,0.3,,0.5,1,0.8,1,0.9,1.3,1.1,1.6,1.7,1.6,1.4,1,1.3,1.3,1.4,0.4,0.5,0.8,0.7,0.8,0.8,0.8,0.7,1.3,1.1,1.1,1.1,0.2,0.3,0.3,0.5,,0.6,0.5,0.4,0.4,0.9,1.4,0.7,0.7,1,1.6,1.2,2.1,0.4,0.6,0.6,0.8,0.7,0.3,0.5,0.7,0.2,0.6,0.5,0.2,0.5,0.3,0.4,0.6,0.8,0.3,0.6,0.4,0.5,0.4,0.4,0.5,0.3,0.3,0.7,0.8,1.1,0.8,0.7,1,0.7,0.7,0.7,0.7,0.9,,0.6,1,0.9,1,0.8,0.8,1.1,0.7,0.9,0.8,,0.8,0.9,0.8,1,,0.8,,0.7,,,0.3,0.2,0.7,0.6,1,0.6,0.6,1.3,4.8,1.2,1.2,,0.7,0.5,1.5,1,1.5,0.8,1.1,0.8,1.1,1.1,1.4,1.6,0.8,1.3,,1.1,1,1.1,1.1,,1.3,1.2,1.3,1.2,1.1,2.5,,2.3,2,1.6,1.3,0.9,0.8,0.7,0.6,,0.5,0.4,0.3,0.5,,,0.4,0.3,0.4,0.5,0.3,0.6,0.4,1,0.6,1,0.9,0.7,0.6,1.3,0.7,1.5,0.5,0.5,,0.3,0.7,0.6,0.4,0.4,1.1,0.5,1.1,1.1,0.8,2.3,0.8,0.8,1,1.2,,1.3,0.4,0.8,0.7,0.6,0.5,0.4,0.3,0.4,0.7,0.8,2,0.4,2.7,0.1,0.8,0.7,0.2,0.6,0.3,0.4,0.4,0.5,0.6,0.3,0.4,0.7,0.4,0.7,0.7,0.5,0.5,0.2,0.8,,0.6,0.7,0.7,0.8,0.8,0.5,,0.8,0.7,0.6,,0.8,1,0.9,1.1,1.1,1.1,0.6,0.9,0.6,0.7,0.8,0.6,0.5,0.6,0.5,0.9,0.5,0.5,0.5,0.6,0.9,,0.9,0.5,0.7,1,0.7,0.7,0.6,0.7,0.9,0.9,,0.7,0.7,0.5,0.6,0.5,1,0.7,1,0.7,0.8,1.1,1,0.8,0.8,0.6,1.2,1.2,1,0.6,0.7,0.6,0.6,0.8,1,0.9,,1,0.7,0.4,1,0.2,0.7,0.8,1.5,0.4,0.4,0.8,0.9,1.2,1.1,0.8,0.6,0.6,0.4,0.3,1.1,1,1.1,0.7,0.7,0.7,0.4,1.3,0.8,0.7,0.4,0.9,0.5,0.7,0.8,1.2,1,0.7,1.1,1.3,1,0.9,1.2,0.9,0.9,0.9,,0.7,0.7,0.6,1.2,,1,1.3,0.7,,0.8,0.9,1,1,0.9,1.6,1,1.6,1.3,1.2,1.3,0.7,0.8,0.7,0.8,1.2,1.1,,1.3,0.8,1.4,0.9,0.8,1.4,1.2,0.8,0.8,1.3,1.2,1.2,0.7,0.6,0.8,1,1.2,1.1,,0.9,0.7,,1,0.8,1,0.8,1.1,1.4,1,1.2,1.1,0.7,0.7,1,1,0.8,0.9,0.7,0.8,0.8,0.8,0.9,0.8,1,0.6,0.8,0.6,0.9,1.2,2.1,1.9,1.6,1.2,0.5,0.6,,0.7,0.6,1.5,1.6,1.6,1.3,1.2,0.8,2.5,1.9,0.7,0.9,0.8,1.3,1.4,1.7,1.3,2.2,1,0.6,0.7,0.5,0.9,1.1,0.6,0.3,0.5,0.8,1.2,0.6,0.9,0.7,1.1,0.9,1.1,1.7,0.4,,,0.6,0.6,0.8,0.6,0.9,0.5,0.5,0.7,0.8,0.4,0.6,0.5,0.3,0.5,0.4,0.4,0.8,1,0.9,0.8,0.2,0.6,0.6,0.4,1,1.2,1.2,,0.8,0.4,0.5,0.4,0.7,0.6,0.5,0.6,0.6,0.4,,0.8,0.9,,0.4,0.6,0.6,0.4,0.5,0.4,0.6,0.5,,0.4,0.7,0.6,0.7,0.7,1,0.5,0.5,0.3,0.6,0.4,0.4,0.6,0.5,0.5,0.6,1,0.7,0.7,1.2,1.6,0.9,,0.5,1.4,0.9,0.4,0.9,0.9,0.9,0.7,0.4,0.5,0.8,1.1,0.7,0.9,,0.4,0.4,0.8,0.8,0.7,0.4,0.7,0.8,0.8,0.7,1.6,1.1,1.1,0.4,0.7,0.8,0.6,0.6,0.6,,1.2,,0.2,,0.3,0.2,,0.8,0.8,0.9,0.9,1.1,1.3,1.2,,1,0.8,0.9,0.9,0.5,0.7,0.2,0.2,0.3,0.8,0.6,0.4,0.4,0.3,0.6,0.8,0.4,0.7,0.8,0.8,0.1,0.2,0.5,,0.7,0.6,,1.2,0.6,0.8,0.5,1.3,0.6,0.7,1,0.8,0.9,0.5,0.8,0.9,0.5,1,1.2,0.9,0.9,1.5,1.9,0.3,1,0.7,0.2,0.2,0.8,0.6,1.4,0.5,,0.5,1.4,0.4,0.7,0.6,0.7,0.8,0.7,0.6,1.3,0.7,0.4,1.2,0.5,1.5,0.8,0.5,0.6,0.7,1,1.1,1.5,2.8,0.5,0.6,0.7,0.4,0.8,0.9,0.9,0.6,0.6,0.4,0.8,1.1,0.8,0.9,0.5,0.5,0.4,1,0.8,0.6,0.8,0.6,0.6,0.6,1.2,0.6,0.8,0.7,1.2,0.7,0.5,1.1,1.3,0.3,0.9,0.6,0.6,0.6,1.2,0.7,1,0.9,0.7,0.6,1.1,0.9,0.7,0.4,0.4,2.1,,0.9,1.3,1.1,1,1,0.5,0.6,0.3,0.5,0.6,0.6,0.4,1.1,1.9,0.3,0.5,0.9,0.3,0.4,0.3,0.5,0.8,0.3,1.3
20170820,22,CO_24h,1.3,1,1.4,1.1,1.4,1.1,1.1,1.5,1,1.2,1.1,1.1,,,1.7,,1.4,1,2.1,,1.5,1,1,,1.1,1.3,,0.9,0.8,0.6,1.5,0.6,0.6,0.7,2.2,2.2,1.8,2.1,2.6,2.5,0.4,0.4,0.4,0.4,0.4,0.7,0.7,0.7,0.7,0.7,0.7,0.8,0.7,0.6,0.8,0.6,0.6,0.6,0.7,0.6,0.7,0.7,0.7,1,0.7,1.3,1.1,,1.1,1,0.5,0.4,0.8,0.5,0.8,0.5,1.1,0.8,0.9,1.1,,1.2,1,0.8,1.2,1.1,1.4,1,0.8,1.2,0.9,1.1,1.1,1.2,1.4,1.2,0.6,1,0.9,,,0.9,0.8,0.9,0.8,,1,0.7,0.7,0.9,1,0.6,0.8,0.8,0.8,0.7,0.8,0.9,1,1.1,,1,0.7,1,0.9,0.9,0.8,0.6,1,0.6,,0.3,0.5,0.5,0.7,1.3,0.4,0.4,0.7,0.4,0.8,0.6,0.7,0.8,0.7,0.8,0.6,0.7,0.6,0.5,0.5,1.4,1.1,0.8,1.1,1.1,1.1,0.8,0.3,0.8,0.6,0.4,0.9,0.4,1.2,0.7,0.9,0.7,0.7,0.6,0.7,0.5,,,,1,1,,1,1.1,0.8,,1,0.3,0.3,,0.5,,0.8,0.7,0.7,0.7,0.9,1.2,0.7,,,,0.6,0.4,,0.8,0.7,0.7,0.4,0.8,,0.7,0.7,0.4,0.4,0.4,0.5,0.8,0.5,,0.8,,0.8,,0.6,0.6,0.8,0.6,0.7,0.7,0.9,0.7,0.7,0.6,0.7,0.9,0.8,0.8,0.7,0.9,,0.5,0.4,0.5,0.6,0.4,0.5,0.7,1.1,0.8,,,0.6,,0.8,0.8,,0.2,0.5,0.5,0.6,0.6,0.3,,0.6,0.5,0.6,0.5,0.7,0.6,0.5,0.7,0.6,0.7,0.8,1,0.8,0.5,1,0.8,0.5,0.9,0.1,,0.7,0.6,0.5,0.4,0.3,0.5,0.5,1.4,0.8,0.5,1.1,1,0.9,0.5,,1.5,0.9,1.1,0.9,0.7,1.1,0.8,0.9,,0.3,0.2,0.4,0.4,0.6,0.5,0.4,0.2,0.6,1,1,1.2,1.4,1.1,1.4,1.5,1,1.4,1.5,1.1,0.9,1.3,0.8,0.7,0.9,0.7,0.8,0.9,0.7,0.5,0.6,0.5,0.7,0.6,0.4,0.4,0.6,0.7,0.7,0.6,,0.8,0.7,0.9,0.8,0.8,0.7,1,0.7,0.7,0.8,0.7,0.7,0.8,0.9,0.6,0.6,0.6,0.8,0.6,0.4,0.5,0.5,0.6,0.5,0.9,0.6,0.6,0.7,0.5,0.7,0.8,0.8,0.6,0.6,0.6,0.3,0.5,0.3,0.5,0.7,0.9,0.7,0.7,0.7,0.9,0.8,0.7,0.8,0.6,0.9,0.9,0.7,0.5,0.9,1,1.1,0.8,0.9,0.9,0.8,0.9,0.5,0.6,0.7,0.6,0.6,0.5,,0.8,0.7,0.8,0.6,0.9,0.8,0.8,0.6,,0.8,0.5,0.5,0.8,0.9,,0.7,0.6,1,0.9,0.8,,0.6,0.3,0.4,0.5,0.5,0.6,0.5,0.5,0.6,0.4,,0.6,0.8,0.6,0.9,0.6,0.7,0.7,0.4,0.7,0.5,0.4,0.8,0.5,1.2,1.5,1.3,1.4,1.2,1,1.1,1.5,1.4,1.3,1.4,1.3,1.3,0.5,0.6,0.1,0.4,0.3,0.4,,0.9,0.8,0.6,,,,0.7,0.5,0.9,1,0.8,1.1,0.8,,0.9,0.6,1.4,0.6,0.7,0.4,0.4,0.6,0.5,0.5,0.6,0.3,0.5,0.7,1.1,1,1.4,1.1,0.8,0.9,1,0.6,1.1,0.5,0.6,0.7,1,2,1,1,0.7,0.5,0.7,1,1.2,1.2,1,0.7,0.7,1.1,0.6,0.7,0.6,0.7,0.6,,0.6,,0.7,0.7,0.6,0.9,1.2,,,0.8,,0.7,0.9,0.7,,2.4,1.2,1.2,1.6,0.8,1.1,0.5,0.5,0.8,0.4,0.4,0.5,0.3,0.5,0.3,0.4,,0.4,,0.6,,0.3,1,0.8,1.2,1,0.5,0.8,0.4,0.4,0.3,0.5,0.4,0.5,0.4,0.6,0.4,,0.9,0.9,0.8,1,0.7,0.8,0.7,0.6,0.8,0.6,0.6,0.7,0.5,0.8,0.5,0.6,0.7,0.4,0.6,0.5,0.4,0.8,0.8,0.7,0.7,0.7,0.5,1,0.9,0.9,0.6,0.6,0.9,1,1.3,,0.9,0.9,,0.7,0.9,0.9,0.7,0.7,0.7,0.6,0.6,,,1,1,1.1,1.1,,1.1,1.1,1,1.1,1.2,1.1,,1.2,1.2,,1.8,2,1.7,2,1.8,1.6,0.8,1,1.5,1.4,0.8,1,0.6,0.3,,0.9,1.5,1.9,2.2,2.3,1.6,,0.9,0.8,0.5,0.6,0.7,0.7,0.9,0.9,1.6,1.1,1,0.7,0.8,0.7,0.6,1.1,1.1,0.7,0.7,0.6,0.9,0.9,,0.4,0.8,0.8,0.3,0.6,0.3,0.3,0.6,0.4,0.4,0.4,0.7,0.5,0.4,0.7,0.7,0.8,0.8,0.7,0.9,1,0.9,1,0.9,0.9,0.5,0.7,0.9,0.3,0.2,0.6,0.4,0.5,1.3,1.8,,1.3,1.6,2.3,2.3,0.9,1.5,1,1.4,2.3,0.8,0.9,0.5,0.9,2.2,1.3,1,1.1,1.1,0.9,1.2,1.3,1.1,0.9,,1,0.9,1.1,1,1.3,0.9,0.8,0.8,1,0.4,0.7,0.6,0.4,0.5,0.6,0.6,1.3,1.1,1,0.7,1.2,1.2,1.2,1,0.4,0.7,0.5,0.6,0.5,0.3,0.7,0.7,0.7,0.8,0.6,0.8,1.1,0.8,0.5,0.4,0.7,0.7,0.7,0.7,1,1.3,1.1,1.3,1.1,1.2,1.6,0.3,0.9,0.7,0.4,0.4,0.5,0.4,0.7,,,0.6,0.7,0.8,0.6,0.8,0.9,0.6,0.6,0.6,0.5,0.7,1,0.5,0.4,,0.4,0.9,0.9,1.2,1.1,1.4,1.3,1.6,1.6,1.7,1.5,1.2,1.3,1.3,1.5,0.7,0.7,1.1,1,0.9,1.1,1,1,1.1,1,1,0.9,0.2,0.3,0.3,0.6,,0.5,0.4,0.8,0.7,0.4,0.8,0.7,0.7,0.9,1.6,1.2,2,0.6,0.8,0.9,1.1,0.7,0.2,0.5,0.7,0.2,0.7,0.5,0.2,0.4,0.3,0.4,0.6,0.9,0.3,0.5,0.4,0.5,0.4,0.5,0.5,0.4,0.3,0.6,0.7,1,0.7,0.6,0.9,0.7,0.7,0.7,0.6,0.6,,0.5,0.8,0.8,0.9,0.7,0.6,0.8,0.5,0.7,0.8,,0.6,0.5,0.6,0.9,,0.8,,0.6,,,0.3,0.3,0.6,0.6,0.9,0.6,0.6,1.1,4.8,1.1,1.1,,0.8,0.6,2.3,1.7,2.1,1.5,1.7,1.4,1.1,1.3,1.2,1.6,0.9,1.2,,1.1,1,1.2,1,,1.3,1.2,1.1,1.1,1,1.9,,2.1,1.2,0.7,0.7,0.6,0.6,0.5,0.5,,0.6,0.4,0.3,0.6,,,0.4,0.3,0.5,0.5,0.4,0.4,0.4,0.7,0.6,1,0.8,0.4,0.6,0.7,0.6,0.9,0.5,0.5,,0.4,0.9,0.7,0.6,0.6,0.8,0.4,1,1.1,0.9,1.3,0.9,0.8,1,1.1,,1.1,0.2,0.8,0.7,0.6,0.4,0.6,0.3,0.4,0.5,0.5,1,0.5,0.8,0.4,0.6,0.5,0.4,0.6,0.2,0.4,0.3,0.5,0.7,0.3,0.5,0.5,0.4,0.7,0.6,0.5,0.5,0.3,0.8,,0.5,0.7,0.6,0.7,0.7,0.4,,0.6,0.5,0.4,,0.5,1,0.8,1,0.8,0.9,0.5,1,0.6,0.6,0.5,0.8,0.4,0.6,0.5,1,0.4,0.3,0.4,0.5,0.8,,0.5,0.4,0.7,0.9,0.3,0.4,0.4,0.5,0.8,0.8,,0.8,0.7,0.5,0.6,0.5,0.7,0.7,0.7,0.6,0.7,1.6,1,0.8,1.1,0.6,0.9,1,0.9,0.7,0.8,0.5,0.7,0.8,0.9,0.9,,1,0.8,1,1.2,0.3,0.9,0.8,0.8,0.5,0.5,0.9,0.6,1.1,0.7,0.8,0.7,0.5,0.4,0.3,1.2,1,0.9,0.6,0.9,0.7,0.5,1,0.6,0.8,0.6,0.8,0.7,0.6,0.7,0.9,0.6,0.4,1,1.4,1.1,0.9,1.2,1.6,1.2,1.2,,1.1,1,1,0.9,,0.9,1,0.8,,0.8,0.8,0.9,0.9,0.7,1.4,1.1,1.7,1.3,1.3,1.1,0.7,0.8,0.7,0.8,1.1,1.1,,1,0.8,1,1,0.8,1.2,0.9,0.7,0.6,1.1,1.1,1.1,0.8,0.8,0.9,0.7,0.9,0.9,,0.8,0.6,,1.1,0.8,1.1,0.9,1.1,1.2,0.8,1,1,0.8,0.6,0.8,0.8,0.6,1,0.6,0.6,0.5,0.6,0.5,0.6,1,0.5,0.8,0.8,0.9,1.4,1.9,1.6,1.5,1,0.4,0.5,,0.5,0.4,1.2,1.3,1.1,1,1.3,0.9,2.4,1.5,0.7,0.6,0.8,1,1.1,1.1,0.9,1.1,0.9,0.8,0.7,0.7,1.1,1,0.7,0.4,0.8,0.6,1,0.6,1,0.9,1.1,0.9,1,1.3,0.4,0.7,0.6,0.4,0.5,0.7,0.4,1,0.8,0.6,0.9,0.8,0.4,0.6,0.6,0.4,0.6,0.5,0.5,0.7,0.7,0.7,0.7,0.3,0.4,0.4,0.4,0.5,0.7,1,,0.5,0.3,0.4,0.4,0.5,0.6,0.5,0.6,0.7,0.4,,0.7,0.7,,0.4,0.6,0.6,0.5,0.5,0.4,0.5,0.5,,0.4,0.7,0.6,0.7,0.7,0.7,0.5,0.5,0.3,0.6,0.4,0.4,0.5,0.5,0.5,0.5,0.9,0.6,0.6,0.8,0.9,0.7,,0.5,1.3,0.9,0.3,0.6,0.8,0.9,0.7,0.4,0.3,0.8,1,0.6,0.8,,0.4,0.3,0.7,0.6,0.7,0.2,0.6,0.8,0.6,0.6,1.3,0.8,1,0.3,0.7,0.8,0.4,0.4,0.4,,1,,0.2,,0.3,0.2,,1,1,1,0.9,1.1,1.3,1.2,,0.9,0.6,0.8,0.8,0.3,0.6,0.2,0.4,0.5,0.5,0.4,0.4,0.4,0.2,0.4,0.5,0.4,0.8,1,0.9,0.1,0.2,0.5,,0.6,0.6,,1.3,0.7,0.9,0.6,1.1,0.6,0.6,0.9,0.8,0.8,0.4,0.5,0.6,1.5,0.9,1.1,0.9,0.8,1.3,1.6,0.3,1.2,0.8,0.4,0.3,1,0.7,1.2,0.5,,0.6,1.1,0.6,1.1,0.9,1.1,0.8,0.7,0.7,0.8,0.7,0.6,1,0.4,1.1,0.7,1.5,1.1,1.3,1,1.1,1.5,1.8,0.6,0.6,0.6,0.4,0.7,0.9,0.6,0.4,0.6,0.4,0.8,1.1,0.7,1.7,0.8,0.7,0.3,0.9,1,0.5,0.8,0.6,0.5,0.5,1.2,0.7,0.7,1.3,1.2,0.6,0.5,0.6,1.4,0.4,0.5,0.5,0.7,0.6,0.8,0.7,0.9,0.8,0.7,0.7,0.8,0.7,0.7,0.4,0.5,2,,1.8,1,1.1,0.9,1,0.6,0.8,0.4,0.7,0.6,0.5,0.4,1.1,1.5,0.3,1.3,1.2,0.3,0.5,0.3,0.4,0.8,0.3,1.1
20170820,23,AQI,74,73,74,62,65,74,75,119,82,68,67,87,,,45,,45,51,51,,56,31,155,,20,33,,100,99,117,103,80,74,72,46,43,79,67,64,56,33,46,51,46,46,89,93,88,61,68,86,77,104,84,93,46,83,56,52,,63,56,55,75,57,69,110,,69,61,66,67,94,88,93,83,76,87,107,95,,166,84,89,73,76,76,91,61,67,89,82,72,60,83,74,32,61,74,,,75,79,57,63,,67,17,22,24,19,23,24,21,21,21,23,59,79,63,,55,12,26,40,41,59,67,52,84,,75,52,72,56,49,44,61,69,35,27,32,38,36,48,34,31,29,33,44,25,40,58,40,45,37,49,34,25,26,31,22,27,27,23,23,57,62,60,69,63,25,,,,65,58,,101,67,89,,56,58,46,,27,,50,28,42,30,43,50,56,,,,59,60,,65,48,49,48,56,,54,41,63,57,49,79,29,20,,47,,65,,78,42,37,26,45,32,36,40,42,54,49,28,31,37,57,49,,26,36,54,40,36,41,40,60,56,,,28,,57,43,,36,39,60,29,17,24,,28,26,58,29,45,18,15,26,67,59,49,69,53,80,55,74,50,64,64,,67,53,54,63,13,57,50,43,56,21,33,47,44,20,,40,53,56,54,46,59,57,62,,27,29,22,43,26,26,22,38,24,65,55,62,63,80,69,63,54,57,46,42,45,37,49,47,42,56,39,25,54,45,53,52,67,62,60,64,63,42,61,54,,73,79,39,98,48,87,52,58,21,23,25,25,47,55,30,,45,44,60,22,25,19,16,53,41,52,56,54,22,54,53,30,29,27,45,31,40,39,42,43,46,55,51,37,104,82,98,53,67,59,64,57,51,41,33,51,45,63,52,49,60,13,29,33,35,30,40,,42,50,54,46,28,50,52,51,,44,40,41,53,44,,34,39,32,26,54,,30,56,36,49,33,29,53,47,41,41,59,53,49,22,38,51,39,68,54,58,35,55,43,32,18,13,23,30,26,33,23,57,53,16,33,16,33,61,50,34,39,52,17,,59,38,32,,,,52,56,36,36,36,36,33,,24,73,60,98,68,77,52,78,45,44,56,,37,86,56,56,59,105,75,58,70,54,50,36,42,46,57,53,51,46,18,15,12,18,55,54,29,33,35,43,79,43,47,40,39,,40,,44,53,57,53,84,,,58,,57,38,45,,53,56,57,48,62,40,73,67,64,68,66,21,30,22,22,34,,45,,47,,51,58,60,57,43,48,54,37,27,33,26,21,20,40,38,42,,70,87,57,74,77,51,82,34,49,48,63,25,31,53,28,33,18,25,49,26,58,60,100,57,30,25,52,74,68,58,18,25,27,80,59,,57,57,,66,79,76,68,32,51,52,39,,,76,73,78,62,,55,54,57,60,112,103,,99,117,,110,110,109,92,105,84,102,80,89,76,66,56,62,53,,28,27,40,41,28,23,,57,51,32,32,23,51,18,27,37,30,25,28,49,62,123,42,36,25,31,60,27,35,,17,55,37,47,35,49,39,35,48,34,25,43,45,48,23,38,42,49,39,46,50,53,70,48,46,58,26,30,38,,49,30,42,79,94,,88,88,82,92,61,67,66,70,55,61,58,52,56,95,79,78,90,78,87,75,108,82,110,,124,74,77,68,59,64,58,58,54,63,80,67,97,72,54,73,72,68,82,40,59,49,30,43,36,55,47,63,33,22,22,42,57,54,38,54,56,124,18,7,35,42,38,49,78,73,73,62,83,74,48,57,52,58,83,60,70,34,68,,,59,32,43,38,38,60,62,59,68,60,54,74,58,55,,56,53,64,32,31,41,35,48,74,55,58,18,29,45,57,25,16,17,23,24,22,27,22,77,65,73,52,53,44,39,45,,51,57,52,57,52,38,41,35,51,79,72,74,44,39,57,60,20,22,25,37,42,20,23,21,30,25,24,17,43,29,56,25,20,15,20,22,17,20,55,45,51,56,53,19,25,24,53,64,61,,38,60,50,53,64,39,35,43,46,29,,41,30,53,32,,35,,42,,,18,15,80,78,63,70,70,69,93,64,104,,39,18,139,153,129,124,132,139,46,42,55,62,35,60,,59,66,84,70,,69,79,68,57,59,57,,73,92,88,77,49,53,62,30,,70,54,61,70,,,49,37,26,31,55,61,30,104,54,84,70,92,18,39,34,75,53,46,,30,37,32,62,40,63,50,45,30,34,34,26,36,36,70,,43,52,17,22,22,63,66,59,48,58,75,160,22,58,26,45,20,18,21,18,58,62,62,57,16,18,71,38,55,49,46,45,28,39,,69,47,72,51,54,55,,103,140,75,,70,58,75,92,52,54,58,59,54,50,42,59,63,38,21,18,33,46,54,52,63,,70,60,72,82,54,60,55,46,67,61,,33,59,26,19,20,58,74,71,99,61,54,45,72,41,79,44,49,43,28,38,49,25,,37,40,,25,20,27,34,12,73,55,57,45,51,55,63,58,69,43,70,61,66,58,60,73,69,62,69,61,55,61,64,54,54,65,48,57,52,84,75,83,74,65,54,60,71,53,65,56,,67,63,68,55,,61,71,54,,66,72,65,63,67,102,43,69,63,58,66,74,72,55,49,68,59,,54,62,56,54,54,77,82,72,97,82,82,114,58,52,46,73,73,73,,33,36,,39,28,32,39,46,72,68,60,57,53,65,118,66,68,54,43,53,79,99,82,55,26,45,53,44,25,49,66,67,51,53,50,39,9,52,54,38,76,76,71,82,29,63,70,60,90,30,67,69,71,75,89,77,51,23,48,35,40,32,57,61,75,96,43,37,56,52,59,57,64,19,39,57,62,59,90,79,24,22,23,26,53,53,57,61,27,55,29,40,60,63,83,80,53,57,55,56,77,79,73,,76,61,54,40,52,50,59,53,52,52,,38,44,,23,57,39,45,31,15,16,27,,31,15,28,32,26,29,40,58,61,58,38,24,26,25,32,66,86,90,59,30,46,30,,15,37,32,55,79,78,56,24,45,53,48,51,34,43,,34,49,52,35,38,44,30,30,25,34,44,60,70,25,21,28,19,,48,54,118,,32,,11,21,,25,24,23,56,64,50,52,,36,34,25,36,54,52,33,20,23,56,62,25,41,23,15,71,68,23,23,20,26,23,52,,30,19,22,55,32,33,33,64,16,52,58,49,40,43,53,58,22,20,19,66,58,77,88,19,35,24,20,40,44,51,69,168,,85,158,130,46,38,57,25,20,19,38,59,24,30,38,93,77,31,51,51,78,65,89,55,51,51,49,31,45,24,90,85,40,32,67,39,34,93,19,51,18,59,37,62,28,32,30,50,77,43,72,42,55,40,48,82,59,25,56,60,34,57,73,29,88,77,24,26,78,70,38,48,43,109,,39,59,94,98,55,70,52,44,69,47,43,47,84,28,22,65,51,25,46,45,32,56,29,89
20170820,23,PM2.5,54,53,54,44,47,54,39,90,60,49,48,57,,,21,,20,27,34,,30,18,118,,14,23,,75,63,56,69,57,54,52,32,30,29,29,42,25,18,32,25,11,19,53,63,65,40,49,54,56,78,62,68,32,61,10,28,,26,28,32,19,33,43,83,,50,34,40,48,70,61,49,61,55,55,80,71,,72,61,55,48,53,50,51,40,44,66,28,52,43,61,54,19,43,54,,,55,58,40,42,,48,10,9,11,6,4,12,9,9,12,5,25,24,21,,16,8,10,13,10,14,18,19,16,,40,13,24,28,24,14,27,29,20,14,6,23,11,33,21,13,11,15,21,17,19,17,28,7,10,23,10,17,18,18,6,4,17,12,16,28,44,28,31,38,8,,,,47,41,,57,38,66,,38,30,29,,8,,20,9,29,15,16,,33,,,,42,43,,47,33,34,30,31,,28,27,30,27,30,35,20,11,,13,,40,,57,22,17,18,26,21,24,24,18,19,30,19,14,19,40,29,,17,22,25,18,20,23,23,43,38,,,9,,26,28,,18,19,36,20,10,9,,19,18,24,20,31,12,8,10,33,42,28,40,37,59,39,46,34,42,38,,23,37,38,45,6,28,31,24,21,6,22,27,9,14,,15,29,34,29,30,42,40,32,,7,5,8,14,5,5,11,7,10,36,32,40,34,39,35,36,35,32,26,25,19,22,28,22,17,24,22,11,28,25,31,28,30,31,34,26,35,27,24,19,,53,30,27,73,13,64,25,39,11,16,13,17,26,33,21,,27,25,43,10,17,10,11,20,28,30,29,21,7,37,37,17,8,16,4,10,13,24,5,29,21,39,33,19,78,60,72,36,42,42,30,40,25,19,23,28,22,28,26,34,29,7,14,20,16,16,26,,29,24,38,23,14,35,32,26,,23,24,23,24,15,,20,26,22,15,21,,18,33,12,34,11,13,18,17,27,24,20,10,13,15,7,17,5,17,25,22,15,21,21,9,10,7,16,11,18,23,12,18,37,8,23,8,11,29,29,10,27,27,2,,3,22,22,,,,33,21,13,16,13,14,14,,6,34,32,38,31,37,32,57,21,14,11,,18,34,29,31,36,8,43,25,23,16,21,13,29,10,40,36,24,30,4,3,7,4,39,38,17,23,24,21,58,23,21,22,21,,22,,14,21,20,22,62,,,41,,34,24,25,,21,26,23,23,34,14,44,48,34,34,32,7,9,7,2,9,,21,,21,,25,38,43,33,28,33,28,7,2,17,6,,7,19,22,29,,51,53,37,42,56,23,29,17,31,24,45,11,10,22,14,23,12,3,26,18,22,31,36,27,21,12,36,47,43,35,12,17,11,36,42,,29,29,,43,58,33,35,22,27,27,5,,,51,48,57,23,,39,38,40,43,84,77,,74,88,,83,83,82,68,79,57,76,59,66,31,44,32,36,37,,18,11,7,8,15,11,,35,21,15,10,15,17,6,13,15,9,7,5,22,35,93,26,25,12,12,19,13,11,,8,20,7,25,20,34,7,14,21,17,10,17,31,33,14,26,29,31,27,32,21,23,39,19,27,23,18,21,19,,23,18,22,58,70,,65,65,60,61,31,44,39,32,36,27,27,32,30,67,58,55,66,54,64,55,81,60,83,,94,54,56,49,41,43,34,30,37,45,59,48,72,52,38,53,52,49,60,28,31,20,21,20,25,30,29,26,19,5,9,28,37,33,26,35,31,37,12,2,24,29,26,30,57,53,53,44,61,44,29,30,23,22,61,43,51,1,49,,,42,22,23,21,24,38,44,37,42,43,34,31,35,29,,32,27,31,17,17,17,14,33,54,39,41,11,15,31,40,5,5,7,8,11,12,14,11,56,47,53,24,17,9,8,25,,35,40,31,40,15,13,23,18,10,27,37,14,29,26,23,32,,7,17,17,16,8,,13,15,10,8,8,10,8,10,16,9,4,5,6,9,4,22,18,19,36,37,,14,15,37,45,40,,16,27,35,33,46,13,24,30,32,20,,21,21,15,19,,24,,21,,,12,10,59,57,42,51,51,37,69,33,78,,19,9,106,117,98,94,100,106,26,24,39,36,24,33,,33,37,62,51,,50,58,49,35,42,40,,53,68,65,54,34,37,44,16,,34,19,13,51,,,27,18,12,13,36,26,21,68,38,62,47,59,7,21,11,52,26,26,,21,23,22,36,25,37,32,22,18,21,12,9,17,15,26,,27,24,8,9,15,20,28,16,28,37,26,33,5,34,7,31,3,1,12,11,27,30,21,27,9,10,18,17,34,25,21,5,10,15,,50,32,52,28,28,28,,49,107,49,,51,38,55,63,28,30,27,30,26,35,19,42,45,24,2,4,7,17,27,28,38,,49,43,52,55,23,37,25,27,33,41,,18,42,11,6,13,38,54,43,74,36,33,31,52,28,58,27,34,30,19,19,21,17,,24,27,,14,11,16,16,1,34,19,21,15,29,33,29,32,50,29,42,36,40,41,43,49,45,44,50,41,30,39,45,37,38,45,30,40,36,62,55,61,54,47,34,40,48,35,32,29,,48,41,37,24,,25,29,35,,41,46,45,35,48,76,30,50,45,38,37,46,52,35,34,49,42,,38,44,33,38,38,56,60,52,72,60,60,86,41,36,11,53,53,53,,13,25,,19,19,22,27,32,52,49,43,38,34,47,38,34,33,30,22,31,40,47,60,39,11,21,37,11,17,34,42,22,9,20,32,14,,26,22,26,21,29,23,23,15,45,39,43,67,21,37,37,47,46,61,56,24,16,17,19,21,15,23,26,42,38,30,22,27,34,28,40,46,13,19,27,34,29,27,29,9,3,3,9,36,37,40,36,15,30,20,27,43,45,61,59,21,17,21,39,56,41,32,,28,41,38,26,22,35,36,37,36,36,,26,24,,8,15,14,11,18,10,11,6,,3,10,19,22,16,19,28,33,19,16,26,15,14,17,16,11,23,43,42,10,11,18,,4,20,22,36,30,34,22,13,31,37,33,10,13,18,,10,34,22,19,10,5,10,14,7,18,14,25,5,7,8,9,8,,14,8,61,,3,,3,4,,14,13,15,20,21,19,17,,20,17,17,25,29,23,7,10,11,14,17,5,18,13,7,25,23,7,9,8,16,11,8,,15,6,14,39,22,23,23,46,10,27,23,19,28,24,20,12,10,14,5,24,21,23,25,6,20,15,9,13,23,29,18,37,,55,67,86,23,10,40,11,12,9,8,42,8,18,26,69,56,18,35,26,49,42,66,36,22,32,34,21,30,12,67,63,23,15,48,27,14,,10,14,9,42,22,37,19,21,21,35,56,30,52,28,25,19,33,60,34,17,31,43,10,40,53,11,65,53,12,9,57,51,19,22,14,82,,15,27,70,72,24,51,31,16,50,26,24,28,62,18,15,26,32,5,32,23,16,23,18,66
20170820,23,PM2.5_24h,62,54,66,53,68,63,49,66,49,58,68,57,,,54,,51,49,51,,50,43,47,,42,55,,60,59,56,72,48,56,51,38,38,51,39,49,42,16,18,24,11,20,58,80,66,54,49,47,67,64,56,51,36,43,24,34,47,15,20,27,19,28,44,40,,44,39,41,48,55,49,52,52,48,48,50,51,,74,49,42,43,41,46,40,54,53,68,73,57,58,73,60,19,30,35,,,35,39,31,32,,35,16,16,17,16,12,14,13,15,17,14,17,14,13,,11,8,8,12,11,12,18,19,13,,18,14,20,20,18,14,21,17,16,16,20,19,11,20,18,14,9,16,10,9,6,7,15,4,6,13,5,16,18,15,11,12,17,9,16,17,22,16,19,22,17,,,,39,30,,30,31,39,,26,21,20,,8,,12,8,20,17,12,23,15,,,,16,18,,26,19,20,16,17,,19,16,16,15,17,20,21,20,,14,,31,,28,25,20,18,26,22,23,25,20,18,27,16,21,30,30,27,,27,28,27,30,26,26,30,40,36,,,10,,25,25,,26,22,29,20,17,17,,22,23,32,32,38,19,20,18,19,24,18,20,23,32,28,25,19,21,33,,36,37,34,41,29,23,37,31,22,12,37,28,32,17,,28,40,47,37,47,54,61,56,,7,7,11,5,9,8,11,11,10,37,36,42,38,40,42,38,39,36,32,27,24,24,30,29,20,26,25,21,29,22,35,26,23,26,23,20,28,33,28,25,,34,27,26,45,26,54,26,38,20,21,17,17,18,37,18,,19,18,35,13,13,12,12,25,23,24,12,15,18,38,36,19,12,14,6,14,15,15,10,30,28,35,27,28,42,42,37,28,32,37,31,31,28,24,32,27,23,27,24,30,27,5,8,15,10,10,20,,23,17,30,18,11,19,21,22,,18,12,13,18,17,,19,30,26,15,23,,20,31,8,21,7,16,11,15,22,17,12,15,10,16,11,19,14,20,8,8,6,4,13,4,49,44,40,42,50,46,43,46,49,45,38,50,48,20,17,10,25,16,13,,15,14,25,,,,27,16,17,23,28,25,17,,18,23,32,25,27,23,32,34,24,22,21,,17,25,22,25,31,47,39,37,43,26,33,22,35,30,38,64,24,29,14,11,15,13,40,39,29,31,25,24,28,36,34,34,32,,26,,12,15,16,15,41,,,43,,35,19,19,,26,22,30,40,28,21,25,25,23,17,30,6,11,10,7,10,,24,,25,,22,30,36,27,24,25,22,16,15,14,7,3,9,14,13,24,,51,53,54,46,52,30,30,17,30,20,34,12,11,12,11,17,11,6,18,22,24,31,36,32,15,10,17,45,36,36,15,15,12,45,56,,37,32,,24,28,24,31,18,25,28,6,,,43,46,54,42,,37,45,42,40,42,43,,41,44,,57,69,58,60,64,50,61,53,63,53,40,27,29,28,,19,16,33,26,26,19,,32,21,13,13,13,25,11,16,26,14,18,11,29,31,43,30,30,13,11,10,10,11,,8,18,14,18,12,23,15,16,18,18,12,14,23,20,16,15,16,17,17,18,22,16,20,13,21,25,21,24,18,,26,27,17,56,81,,61,81,66,73,35,46,39,35,41,31,33,33,35,74,68,66,71,49,59,51,74,59,69,,66,29,37,27,27,25,29,28,31,32,33,31,34,30,30,28,26,31,34,10,20,20,16,16,19,24,26,22,16,6,6,15,28,26,26,28,31,26,6,3,26,26,25,26,30,35,39,31,46,39,21,17,16,18,39,37,43,31,57,,,49,16,20,26,30,28,36,36,39,37,31,22,26,20,,24,23,18,34,37,35,37,32,44,39,48,30,19,40,49,23,24,27,32,27,29,33,30,43,59,53,48,9,14,7,17,,19,20,37,31,10,7,15,14,16,24,33,19,23,22,40,44,13,10,20,13,16,9,21,17,16,16,11,10,15,12,10,17,6,5,7,9,6,3,16,17,16,20,16,,13,16,22,23,19,,9,15,26,20,30,11,13,14,18,10,,11,10,18,22,,32,,28,,,18,16,30,46,30,39,50,37,66,40,44,,32,37,93,96,88,97,86,82,39,38,37,40,35,42,,33,38,56,41,,44,50,47,31,34,56,,52,26,24,25,17,41,24,23,,31,24,17,56,,,13,10,15,19,24,17,16,42,35,43,46,32,19,31,26,32,26,23,,24,33,30,33,27,29,29,17,17,16,12,11,16,12,15,,14,12,11,12,14,15,27,28,18,29,15,24,5,23,12,18,5,6,13,11,17,18,14,21,11,16,14,15,30,19,20,9,10,16,,45,34,43,19,21,23,,28,51,27,,37,41,47,43,28,32,21,34,33,31,17,42,34,29,21,7,11,15,14,21,18,,27,30,43,44,13,13,11,15,25,37,,23,37,8,5,9,37,51,33,34,39,44,38,38,35,41,32,45,35,31,32,28,28,30,29,25,38,39,39,41,36,5,27,21,22,18,26,28,23,22,30,26,36,33,34,33,64,55,44,45,53,50,50,44,50,30,30,28,29,30,36,42,34,41,38,31,28,33,39,44,39,35,,42,47,42,28,,28,29,40,,40,59,50,54,57,50,37,53,47,43,51,43,42,30,49,56,46,,36,38,24,35,22,43,42,38,68,58,44,71,33,42,13,38,36,38,,12,25,,19,26,26,23,35,34,34,32,30,31,27,20,20,26,22,19,28,31,31,41,35,16,23,35,15,16,20,33,18,14,15,12,20,18,16,10,18,18,20,15,24,19,28,24,25,29,14,20,26,39,39,47,42,25,22,21,18,21,21,26,24,31,25,28,30,29,32,33,38,35,15,19,18,24,25,19,25,5,7,9,7,50,43,41,40,28,35,24,30,32,32,34,33,21,16,21,34,26,31,28,,17,27,24,26,32,29,34,34,29,39,,20,22,,9,21,19,22,15,4,3,4,,7,8,12,16,12,16,29,31,12,20,30,13,13,18,14,10,13,26,32,11,10,12,,3,15,19,20,20,24,11,11,25,17,18,11,10,12,,9,14,12,9,14,7,10,10,11,11,12,14,2,4,14,15,6,,5,5,23,,3,,3,5,22,25,28,26,26,21,23,22,,16,14,14,13,14,10,11,19,23,11,11,4,8,19,15,20,22,22,25,23,13,10,17,,9,8,21,32,13,21,13,31,6,22,17,11,19,8,10,11,8,12,12,21,28,19,20,12,22,16,11,16,27,26,16,46,,55,86,107,31,19,31,12,8,9,12,31,15,12,30,40,28,49,53,43,48,42,55,44,13,20,25,28,25,11,38,35,24,19,44,30,11,27,10,12,20,26,19,25,13,19,15,40,49,37,43,39,34,21,24,34,27,19,26,16,15,16,20,11,36,45,14,17,19,33,14,22,12,63,,43,29,76,58,35,59,49,15,57,20,16,16,59,26,22,47,39,8,35,28,14,23,11,38
20170820,23,PM10,58,63,70,55,61,67,99,125,67,65,67,123,,,45,,45,51,51,,62,31,,,20,33,,125,148,183,155,109,93,,44,38,107,83,78,62,33,44,52,46,46,127,136,112,72,78,121,72,102,96,136,,,61,53,177,75,62,60,100,63,87,96,,67,72,81,53,128,125,135,106,101,123,111,104,,282,118,128,95,102,101,131,72,83,116,114,82,65,70,81,32,71,83,,,93,82,59,76,,83,17,18,24,19,22,24,21,14,15,15,67,108,76,,59,,26,40,41,68,83,54,118,,99,54,94,62,49,44,71,88,35,27,32,38,36,,34,31,29,33,44,19,40,65,30,45,37,49,34,19,19,28,19,27,,23,18,64,54,69,87,75,25,,,,63,52,,152,84,97,,61,65,46,,18,,50,26,,30,43,38,61,,,,,60,,64,42,46,48,61,,58,41,76,63,49,107,28,20,,47,,79,,67,35,37,,45,32,32,40,42,57,49,28,31,37,44,49,,26,36,58,40,36,41,40,64,62,,,28,,64,43,,36,39,70,29,17,24,,,,66,29,,,,26,84,53,49,88,50,95,55,97,50,77,78,,83,56,56,70,8,63,50,43,62,21,33,47,44,,,40,56,62,57,46,65,61,74,,26,29,19,43,16,23,18,38,24,79,59,74,76,110,88,75,58,64,46,42,45,37,49,47,42,61,39,25,58,45,55,54,83,73,70,78,75,42,72,58,,85,108,39,89,48,94,54,65,21,,25,24,47,60,25,,45,29,57,22,,19,,55,41,54,61,57,18,57,,30,29,27,45,31,40,39,42,43,46,56,52,37,141,104,145,56,84,66,77,47,52,41,32,51,45,76,53,44,69,13,29,33,35,30,40,,38,50,58,46,28,48,54,51,,44,40,41,56,44,,34,39,29,26,57,,30,62,36,36,33,29,55,47,41,41,67,55,49,22,38,52,39,85,57,66,35,59,43,32,18,13,16,30,26,,23,63,49,10,28,10,33,72,50,13,37,54,3,,67,38,32,,,,53,62,36,36,36,36,33,,22,96,70,145,86,103,53,101,45,44,61,,37,122,62,62,67,160,99,65,90,58,50,36,42,46,63,56,52,46,14,10,9,18,46,,29,29,28,43,92,43,47,40,39,,40,,44,55,63,55,97,,,60,,64,38,45,,55,61,64,48,73,40,96,76,77,85,81,16,30,22,9,34,,45,,47,,52,66,58,63,43,41,58,28,27,33,16,10,12,40,38,38,,83,123,63,98,64,52,114,34,49,48,50,25,31,55,28,23,14,25,49,23,66,69,150,63,,17,,98,86,65,14,22,27,109,64,,63,64,,82,88,102,86,31,51,54,39,,,101,95,80,73,,48,40,52,49,111,103,,99,89,,114,93,98,110,101,117,113,91,77,102,81,62,74,54,,28,27,40,41,28,23,,64,51,32,32,23,52,18,27,37,30,25,28,49,73,,42,35,25,31,70,27,35,,17,59,37,47,35,,39,35,48,34,25,43,,37,23,27,30,49,31,38,50,56,90,48,46,66,24,29,38,,49,30,31,108,111,,117,108,103,134,71,84,81,90,60,72,66,53,61,140,100,105,129,106,,77,83,91,101,,97,67,79,67,67,77,66,66,58,,,67,94,80,42,72,54,66,,,67,49,,43,30,59,47,75,33,13,22,42,64,57,32,57,61,197,,7,33,37,38,49,58,74,76,,69,97,48,63,53,65,92,64,73,4,54,,,49,,43,38,38,70,70,67,85,56,58,98,65,60,,61,56,78,32,31,41,35,43,74,59,54,18,29,32,,,9,,23,24,22,27,22,83,58,59,53,55,44,39,45,,51,52,54,45,53,35,41,35,51,107,94,98,44,39,63,69,9,16,23,37,42,20,21,21,26,23,15,17,43,29,62,25,19,14,17,13,12,11,60,45,51,61,37,19,25,18,47,77,72,,38,70,,56,55,39,32,41,37,26,,41,26,55,32,,33,,42,,,14,14,67,79,75,55,73,87,104,77,,,39,18,155,143,131,118,147,187,46,42,50,74,32,69,,68,81,76,84,,68,87,75,64,58,57,,65,129,124,103,49,52,63,27,,90,57,71,,,,49,37,19,31,59,72,28,157,54,77,89,133,18,39,34,99,56,46,,23,37,29,73,40,76,50,45,30,34,34,26,36,36,89,,43,53,17,22,16,76,81,68,48,66,100,269,22,66,26,43,20,18,21,18,65,73,73,64,16,18,92,38,59,49,46,45,28,39,,71,47,,52,57,60,,155,,100,,82,66,79,134,54,57,66,67,57,49,42,53,48,38,20,18,33,46,58,53,75,,89,56,68,114,58,69,59,46,83,71,,33,61,17,19,14,66,62,92,,72,57,42,77,41,73,44,46,39,27,38,49,24,,37,40,,25,20,27,34,9,96,59,63,45,52,60,75,66,87,43,90,72,82,66,58,96,87,74,85,71,59,72,77,58,53,80,48,63,48,77,75,90,86,47,58,70,92,55,79,62,,57,76,86,60,,72,92,58,,81,93,79,75,81,,34,55,46,66,81,97,52,60,43,57,66,,50,66,61,50,,66,,70,114,86,101,88,44,40,46,69,82,76,,33,29,,39,27,32,29,35,71,56,47,63,55,67,185,81,86,58,43,55,108,147,110,57,26,45,,44,21,38,82,84,52,56,50,39,,54,58,30,102,102,92,114,29,,90,62,,24,84,87,92,99,128,91,51,17,48,35,40,32,64,72,100,142,,37,62,53,67,57,74,14,39,64,73,67,130,108,16,11,,18,55,54,55,72,27,60,25,40,56,67,86,65,56,63,60,61,72,107,95,,102,72,49,40,53,47,68,51,,42,,38,44,,23,63,39,45,31,,12,27,,17,14,22,26,26,29,36,66,72,65,,24,26,,32,81,121,129,65,30,46,30,,15,37,29,60,107,106,62,24,,37,,51,34,43,,34,48,54,35,38,44,30,30,25,34,44,70,90,25,21,28,19,,48,57,185,,12,,10,21,,,,,62,77,50,54,,36,29,24,33,58,54,13,,11,62,74,25,41,23,12,91,86,7,,9,26,23,53,,27,19,,52,,,,51,16,53,65,49,40,43,55,65,20,,6,82,66,104,125,11,35,24,20,40,44,52,87,285,,,266,210,46,38,55,25,15,,38,,24,30,29,85,,31,51,52,105,79,73,60,51,52,46,31,45,24,99,77,40,32,57,37,34,84,19,51,9,66,37,74,25,32,29,49,90,,69,42,59,40,41,87,67,,61,,34,63,69,29,88,104,24,26,67,71,38,48,43,125,,39,67,107,146,59,53,53,44,75,47,43,47,104,28,,80,51,22,41,45,32,62,29,105
20170820,23,PM10_24h,70,69,69,61,68,67,80,80,62,76,72,86,,,71,,59,62,66,,63,52,47,,56,53,,107,117,106,96,83,74,88,65,64,114,95,97,82,23,25,38,38,43,105,130,94,82,64,79,71,78,74,75,66,53,65,69,78,71,61,51,69,47,58,65,,57,60,69,65,84,68,79,91,82,69,91,87,,281,74,78,77,87,68,92,99,106,127,133,121,117,101,101,31,46,53,,,65,54,48,51,,66,25,22,25,29,29,28,21,19,23,21,40,69,38,,35,16,19,27,29,37,91,61,61,,52,57,57,54,46,36,56,47,44,32,28,36,35,30,33,28,28,28,24,13,20,16,28,25,25,20,21,23,33,34,27,29,29,19,32,38,32,39,49,42,35,,,,70,52,,82,70,73,,46,37,31,,16,,28,19,28,25,23,34,26,,,,23,30,,31,30,30,30,37,,32,25,36,32,37,36,32,28,,42,,52,,47,42,39,27,40,30,34,38,45,39,45,24,35,46,41,45,,33,40,54,44,48,48,45,62,63,,,18,,51,36,,53,37,47,36,26,27,,37,32,52,48,51,36,36,32,44,38,36,35,36,51,43,49,34,37,69,,79,73,76,80,39,45,56,64,75,61,83,74,79,29,,74,76,104,74,78,101,82,90,,28,23,27,32,21,21,21,49,18,67,61,60,73,65,66,68,65,78,72,60,61,54,57,69,50,62,57,51,54,36,71,57,46,59,51,45,52,50,59,52,,54,61,39,83,51,82,56,64,28,35,24,37,35,63,26,,31,23,48,21,17,20,17,42,46,46,32,30,28,55,52,35,29,32,21,34,38,30,34,47,50,48,41,39,85,74,75,66,62,61,54,49,54,43,63,57,45,66,53,55,61,17,18,24,21,26,36,,44,32,62,37,38,64,50,55,,33,44,41,41,56,,33,43,35,29,63,,31,59,33,37,23,26,38,34,34,30,44,36,29,24,37,36,30,55,15,19,13,10,25,15,71,73,63,76,82,77,68,102,60,77,60,77,100,47,34,25,38,29,21,,22,23,54,,,,48,48,44,73,69,52,50,,55,46,54,43,52,41,40,56,44,39,41,,35,61,57,50,70,76,65,76,77,69,58,46,53,65,68,99,50,48,26,22,24,33,69,68,46,51,48,46,48,75,66,71,57,,42,,35,40,44,35,58,,,66,,68,30,33,,67,58,70,67,61,34,63,49,58,53,74,18,23,17,12,19,,52,,56,,52,51,47,55,39,41,47,26,28,33,17,14,17,35,30,37,,74,71,74,66,69,51,61,36,51,42,51,33,27,28,20,34,17,19,35,33,39,51,68,56,25,22,27,77,67,64,26,29,27,85,61,,65,62,,41,47,47,50,29,54,52,29,,,78,69,70,123,,53,53,53,52,55,55,,55,55,,89,83,89,91,92,98,78,96,112,95,68,64,61,43,,23,28,53,37,55,26,,51,51,25,34,20,51,49,28,48,43,37,32,57,51,52,59,50,31,30,35,28,31,,12,47,43,47,31,57,44,39,67,42,41,36,29,27,33,24,20,24,24,25,44,36,40,30,50,67,46,50,39,,65,53,30,124,117,,112,101,124,125,52,71,63,63,70,58,61,54,56,121,104,102,106,89,84,71,89,91,96,,79,56,71,55,56,54,58,56,58,31,40,44,49,55,34,46,33,42,30,28,51,64,24,29,30,48,39,59,25,20,20,36,41,47,33,52,53,81,15,14,32,35,34,38,42,54,53,47,65,72,45,30,49,41,64,68,51,42,75,,,65,31,37,41,38,49,55,72,78,56,58,63,42,56,,44,36,48,59,59,60,65,46,56,73,77,57,62,82,71,65,53,61,57,52,56,77,70,98,90,78,70,37,29,27,47,,39,34,81,61,33,17,34,31,40,85,82,96,40,31,67,66,23,14,32,26,30,28,27,29,28,23,19,21,41,36,39,39,23,14,11,11,13,12,33,28,31,36,28,23,29,26,35,54,42,,23,32,30,33,37,25,20,22,26,14,,22,17,40,31,,42,,53,,,32,28,49,87,70,62,78,63,104,64,67,,69,80,121,126,117,113,148,128,61,78,61,72,49,66,,55,63,70,82,,64,77,67,57,50,100,,70,49,47,47,36,54,38,53,,97,73,77,67,,,41,39,26,36,36,56,25,68,58,63,76,68,33,53,58,68,50,37,,39,65,45,73,49,52,41,34,26,26,27,27,32,26,47,,29,39,31,28,26,38,66,74,38,54,64,126,26,51,36,35,10,24,26,22,36,41,49,56,18,47,72,30,54,34,39,36,29,31,,71,36,54,35,34,42,,60,55,62,,37,60,53,67,50,54,46,52,57,42,37,52,42,47,29,37,31,27,37,36,48,,45,48,46,58,42,32,26,26,54,53,,52,54,17,18,14,68,59,57,41,58,64,48,65,54,59,48,66,58,58,58,67,60,50,47,48,53,60,60,76,59,13,81,58,49,44,41,56,50,52,51,41,62,54,67,53,87,93,70,64,79,67,76,72,71,44,45,50,44,51,47,51,47,65,52,39,50,57,71,69,64,58,,64,64,66,46,,46,50,60,,57,79,78,77,68,67,54,66,67,79,89,83,68,63,64,73,67,,53,68,73,58,30,52,39,55,84,80,80,84,44,54,47,56,63,61,,36,37,,49,35,40,37,43,54,38,25,54,47,44,51,41,52,40,37,42,56,66,70,50,30,50,45,33,35,33,56,78,48,57,30,28,33,40,28,50,37,50,62,71,27,41,41,45,33,26,46,65,65,65,82,62,79,36,42,41,40,38,43,46,60,62,46,48,50,56,70,55,57,26,46,47,42,47,36,45,25,29,30,47,79,53,53,79,50,54,40,45,43,47,44,45,54,46,43,52,47,63,69,,59,55,39,36,38,47,66,52,30,43,,31,41,,38,74,55,65,48,6,8,10,,17,14,16,24,20,25,42,56,46,61,45,22,25,35,25,50,52,78,52,27,21,19,,19,33,36,48,57,140,46,25,27,27,40,28,28,25,,28,36,24,26,34,28,23,28,28,21,32,49,57,19,44,60,11,,15,22,59,,9,,15,29,36,50,55,49,47,44,41,47,,31,23,22,20,25,20,23,32,35,32,31,9,16,33,29,73,64,38,45,36,25,18,57,,14,17,40,41,16,28,14,39,12,34,42,41,39,21,24,26,31,52,31,72,112,68,67,16,39,31,32,46,62,72,78,216,,173,499,340,72,46,73,24,25,15,38,50,48,22,47,50,38,75,53,57,96,68,66,89,44,34,27,36,39,21,60,42,37,36,79,39,19,56,36,52,26,45,32,56,18,29,22,49,82,84,59,56,60,46,44,56,56,34,38,26,35,27,30,22,68,73,26,37,28,59,38,49,36,111,,70,45,109,107,66,63,69,30,77,34,42,29,90,67,18,65,58,22,50,45,52,51,22,56
20170820,23,SO2,2,2,2,2,2,2,2,2,2,2,2,2,,,3,,6,1,5,,6,3,11,,7,3,,15,38,12,6,11,14,6,11,14,25,26,26,31,5,7,14,10,11,4,13,8,4,8,14,7,5,10,6,8,22,16,4,7,6,6,9,4,5,6,13,,4,18,19,19,5,5,8,32,25,32,46,13,,17,15,33,10,18,9,17,14,19,21,11,19,17,17,10,7,38,8,,,6,19,9,15,,3,8,5,12,14,7,5,7,4,5,6,7,9,7,,9,5,8,10,3,9,11,5,4,,4,21,10,12,7,6,14,10,6,6,11,6,5,10,8,3,8,7,10,14,9,25,8,8,7,8,9,6,6,13,5,5,6,3,7,18,31,29,13,25,8,,,,19,4,,13,14,21,,26,6,9,,3,,3,3,2,7,3,8,22,,,,9,9,,6,4,6,5,7,,4,9,9,17,2,3,10,17,,6,,20,,7,9,4,7,5,7,7,11,3,8,7,3,5,6,7,7,,7,7,8,10,10,10,11,5,5,,,6,,13,11,,4,4,4,6,7,9,,5,3,8,3,4,4,5,6,6,5,2,12,2,14,10,9,2,7,5,,8,4,5,9,2,5,6,5,7,9,6,12,3,2,,7,6,10,17,6,11,15,9,,2,3,3,1,10,5,6,29,7,5,7,7,7,8,3,9,5,7,6,5,3,6,6,3,2,8,3,7,12,11,11,10,11,9,14,3,10,11,11,12,,17,11,27,20,10,3,7,12,10,8,9,9,6,15,18,,10,9,11,2,2,1,3,13,12,9,15,13,8,21,11,9,7,7,6,11,6,5,12,9,10,11,9,10,11,15,17,12,8,13,30,11,18,7,8,8,8,7,9,7,7,2,5,6,3,6,11,,9,7,10,14,7,11,9,11,,8,11,8,4,13,,7,3,14,9,7,,6,14,9,3,10,7,7,3,5,8,12,23,12,12,13,15,15,16,9,17,11,16,11,8,14,2,7,6,7,5,6,5,6,5,5,5,8,8,6,2,6,5,3,,10,7,2,,,,29,28,8,8,7,4,5,,7,34,,15,12,16,9,18,15,10,9,,7,17,7,9,13,2,10,12,11,12,12,6,7,4,10,2,10,3,5,5,2,4,10,10,5,7,54,11,46,4,6,8,5,,10,,9,8,21,8,16,,,7,,5,8,5,,23,13,13,8,20,22,15,14,8,19,21,7,7,4,10,6,,12,,10,,4,33,25,14,3,9,7,14,10,5,3,2,5,15,12,12,,43,24,28,8,21,11,11,7,12,9,82,5,11,24,25,7,7,,16,8,6,8,6,8,12,11,12,6,10,4,4,6,8,8,13,,16,17,,20,14,24,16,6,6,41,5,,,10,10,10,14,,42,16,46,22,9,4,,6,7,,27,40,36,28,20,7,3,8,7,15,2,10,11,10,,6,5,5,7,6,5,,12,12,6,7,9,15,5,8,7,7,8,2,12,144,25,12,9,8,5,6,8,4,,2,6,5,5,15,13,1,3,5,5,7,4,7,2,13,4,6,9,3,2,5,7,9,6,18,16,12,15,8,,32,3,5,25,23,,30,37,17,20,8,11,8,10,4,3,5,11,5,11,13,7,2,12,35,10,9,7,14,,10,11,9,6,7,8,4,7,4,118,18,23,3,9,34,7,8,9,11,12,8,4,8,7,4,8,7,6,5,6,7,7,6,7,4,6,12,5,3,2,5,3,6,6,6,5,8,4,8,5,12,13,9,10,3,3,9,5,19,,,7,3,4,10,5,5,5,12,10,10,10,12,6,10,,9,20,14,11,8,15,6,11,8,6,9,12,10,10,14,5,4,2,2,3,4,4,2,9,5,5,6,8,4,6,3,,11,32,16,6,1,5,3,3,6,2,5,4,9,16,9,11,4,1,6,2,9,4,4,5,5,4,4,4,8,5,6,3,3,1,1,4,9,5,11,8,14,11,9,14,10,25,,16,18,,9,9,9,12,9,8,7,25,14,5,,16,15,11,8,,8,,5,,,3,1,6,7,8,8,8,6,7,9,11,,6,10,15,11,16,5,11,15,8,5,12,8,11,21,,13,13,6,9,,7,13,30,50,28,21,,14,106,139,88,8,8,11,3,,7,4,6,21,,,5,4,13,12,7,5,9,25,6,12,17,10,7,8,10,8,10,7,,4,7,9,6,4,9,9,16,10,10,5,6,11,10,10,,7,6,6,8,9,4,1,3,4,9,6,8,3,65,1,3,2,3,13,7,7,3,6,13,3,1,11,1,12,9,11,3,10,26,,13,9,9,19,10,10,,12,2,21,,24,11,32,17,51,20,23,5,14,32,6,6,11,26,11,9,10,5,5,7,11,,11,81,12,5,12,9,8,9,23,22,,25,28,18,6,13,15,10,7,17,5,9,7,10,9,11,11,25,7,5,15,5,8,4,4,5,,5,3,14,9,4,23,13,52,35,5,8,12,7,20,27,14,22,27,18,4,21,19,17,58,13,10,31,18,6,5,14,11,18,4,18,7,8,18,20,22,7,13,18,9,16,,7,3,4,7,,5,5,7,,5,14,9,12,8,8,7,9,2,5,12,4,6,8,8,5,5,,6,7,5,5,11,9,20,9,15,9,10,13,7,1,4,6,11,7,,6,7,,2,1,2,4,3,2,2,4,15,11,8,20,22,17,15,9,13,20,18,21,18,15,7,5,16,10,4,12,7,15,5,6,15,5,8,18,3,4,6,8,4,6,3,9,42,17,2,3,4,24,22,6,15,18,9,8,14,14,24,8,1,6,6,6,16,19,6,29,13,13,6,8,5,17,14,8,17,9,18,21,20,6,6,11,6,3,5,5,39,6,3,2,7,3,7,6,9,7,9,5,,7,21,17,8,10,4,13,4,27,7,,5,4,,5,8,6,6,8,8,7,6,,20,7,11,14,12,16,14,11,13,23,6,4,4,5,3,5,6,11,66,6,11,4,,5,4,3,31,21,8,18,9,4,5,8,5,16,16,,7,8,7,7,5,8,7,6,7,8,20,10,2,8,5,8,4,,5,4,4,,4,,7,1,,6,4,2,5,5,5,3,,6,7,5,7,13,5,6,6,8,8,10,7,6,3,3,16,10,4,7,8,3,13,3,,9,15,4,9,2,6,11,12,4,9,6,7,9,7,9,6,6,5,5,5,4,2,12,6,6,3,6,13,4,1,5,1,,12,20,25,28,10,26,4,3,4,7,8,7,15,5,7,14,5,3,6,35,13,18,20,10,1,6,6,4,6,7,5,11,10,2,7,6,72,21,4,13,12,9,7,10,3,4,9,2,2,12,5,39,6,8,29,2,3,7,5,7,17,18,8,20,12,9,8,10,8,10,10,14,23,,7,10,34,56,14,32,6,5,18,1,5,5,8,8,4,4,12,6,12,8,1,15,10,15
20170820,23,SO2_24h,3,2,3,3,3,3,2,3,2,2,3,2,,,8,,10,2,6,,7,4,12,,15,3,,9,31,8,2,10,9,4,30,25,49,43,49,46,6,4,16,11,11,5,10,12,9,11,16,7,5,5,8,9,23,20,10,9,8,8,13,9,8,9,15,,7,13,19,18,4,6,7,9,11,12,14,14,,18,16,29,14,15,16,18,16,19,20,13,19,16,16,11,6,15,11,,,9,22,10,13,,13,8,7,10,12,7,5,6,5,5,7,7,8,7,,8,5,8,9,3,10,10,6,4,,4,10,10,14,9,6,12,9,6,6,7,7,5,7,7,5,8,7,8,14,9,24,9,9,8,8,7,8,8,14,6,5,9,6,8,19,20,21,14,20,7,,,,19,10,,18,25,29,,25,7,10,,3,,3,4,2,8,4,9,19,,,,9,9,,8,7,6,8,11,,5,10,7,15,3,3,10,10,,8,,14,,11,9,6,7,8,8,8,13,4,10,9,4,6,6,7,3,,7,6,7,13,11,12,13,4,8,,,6,,8,5,,6,5,7,5,6,9,,8,6,15,12,11,5,6,5,7,5,2,16,3,17,13,13,21,6,6,,9,6,5,11,3,10,12,38,36,34,27,31,15,3,,32,7,15,20,6,13,17,13,,2,3,4,2,10,6,6,13,7,5,9,8,7,7,4,10,6,9,11,7,7,12,8,5,3,6,5,8,19,11,17,13,18,11,16,3,12,13,15,15,,14,21,17,21,14,5,11,13,12,12,13,10,6,14,16,,13,12,9,6,4,5,6,12,8,11,11,10,10,26,27,10,8,7,7,9,8,7,7,14,17,16,12,12,13,17,14,12,8,16,26,14,19,7,13,9,7,7,11,7,9,3,6,6,3,6,16,,15,11,12,20,9,11,15,15,,14,14,14,8,15,,8,6,16,10,7,,6,11,10,3,6,6,6,4,6,6,13,14,12,10,12,14,18,25,8,14,11,9,10,7,8,2,7,6,9,5,7,8,9,6,5,8,10,6,3,2,6,4,3,,7,6,3,,,,18,12,8,10,9,6,9,,11,24,101,20,20,14,10,48,16,11,11,,8,15,12,20,22,21,11,26,13,10,8,7,8,4,8,10,6,5,5,6,2,5,13,13,8,33,11,40,19,4,19,11,13,,9,,8,8,9,8,18,,,9,,5,9,6,,17,18,13,12,27,20,13,15,8,19,22,8,8,6,7,5,,13,,14,,5,18,20,20,3,8,7,11,11,4,2,1,5,15,12,12,,37,20,27,14,18,14,12,11,11,15,43,11,10,15,12,12,9,5,12,20,9,8,7,10,10,9,10,10,9,8,6,8,11,14,17,,17,16,,13,13,13,13,7,10,19,7,,,9,9,8,20,,25,34,29,25,10,4,,3,7,,27,45,35,32,30,14,6,17,29,20,6,11,13,10,,6,5,6,6,6,4,,11,12,7,8,9,28,5,6,14,7,8,3,18,32,26,26,25,9,5,5,9,5,,2,7,5,5,16,11,3,3,9,8,7,4,6,3,16,5,7,8,5,2,6,10,13,10,15,23,18,20,8,,42,18,6,13,14,,14,20,17,14,9,15,9,11,8,3,6,6,6,16,12,9,4,14,13,10,13,7,13,,10,12,10,8,6,8,6,9,9,34,23,35,10,9,24,8,13,12,12,21,9,6,9,7,7,10,10,6,5,6,6,8,8,7,9,8,15,4,2,2,5,4,6,6,6,6,9,5,9,5,24,17,11,11,4,4,10,5,15,,,10,3,4,10,6,8,5,8,14,12,9,10,8,13,,9,18,12,12,12,15,7,11,9,6,9,12,10,10,14,4,5,3,3,4,4,4,2,10,8,6,8,23,8,18,7,,11,14,51,12,4,6,3,7,6,4,5,4,9,15,11,13,4,1,4,2,8,5,4,5,5,4,3,4,9,6,6,3,4,3,2,3,9,5,7,8,11,11,10,14,11,21,,11,15,,7,7,12,13,10,10,8,18,11,5,,16,13,12,9,,9,,15,,,1,2,15,7,8,8,8,6,6,8,10,,15,23,20,12,17,9,13,21,10,11,15,13,16,25,,15,15,6,5,,8,15,22,25,20,40,,26,17,22,18,8,9,7,3,,6,5,5,28,,,7,4,14,10,7,6,9,13,9,16,18,10,7,8,12,9,12,7,,4,10,8,6,13,9,10,15,14,8,9,6,4,8,10,,7,8,7,7,8,3,2,3,5,10,6,8,4,15,2,9,3,4,12,7,6,2,3,14,2,15,13,3,20,10,12,4,9,29,,16,12,10,15,11,13,,10,3,11,,23,14,18,20,35,34,24,15,25,26,10,9,13,24,12,8,8,10,4,6,4,,10,19,16,8,12,7,7,8,13,14,,24,33,18,13,11,12,11,7,14,6,16,10,10,13,5,7,14,6,9,15,8,10,5,6,6,28,9,4,20,8,5,20,10,18,42,4,9,18,16,20,28,27,33,34,26,16,26,14,18,26,35,22,42,25,11,5,15,17,16,4,14,7,8,10,32,30,31,68,24,16,22,,13,6,10,8,,5,5,8,,5,10,7,8,7,9,8,10,3,6,7,4,6,6,9,7,5,,7,19,22,5,11,8,20,9,11,10,7,10,9,8,8,6,11,6,,8,8,,3,4,4,5,7,6,2,3,12,12,10,18,17,14,15,10,17,25,18,65,42,21,16,9,19,18,8,20,13,20,12,6,8,11,8,13,4,4,6,7,2,6,4,15,37,21,3,1,5,20,13,10,15,17,11,14,15,13,18,9,3,8,5,11,33,51,11,19,12,12,7,8,5,15,19,9,16,7,29,28,24,9,9,13,11,16,10,7,13,6,3,3,6,4,8,5,9,8,9,6,,8,13,18,6,11,5,14,5,29,7,,4,3,,6,19,6,7,8,9,8,7,,20,9,13,16,14,16,14,8,13,23,9,4,4,4,2,6,6,10,18,5,10,3,,3,7,3,24,38,7,19,9,5,4,13,8,13,15,,23,9,8,9,8,7,5,6,13,12,18,10,2,6,4,9,4,,5,5,3,,4,,6,1,4,8,6,7,7,6,7,4,,9,10,6,6,20,6,6,7,9,5,6,6,6,3,2,16,12,4,7,8,3,12,4,,8,13,4,5,5,6,11,12,4,11,7,12,8,6,8,5,5,5,5,5,4,2,12,7,6,2,4,12,4,2,4,4,,16,42,40,13,15,9,3,3,3,8,9,10,11,14,7,16,13,7,9,34,16,8,27,12,7,8,6,5,6,9,9,12,11,4,8,6,24,18,40,22,21,12,8,10,4,4,17,12,9,13,11,29,7,9,27,3,6,11,8,6,14,12,12,23,25,9,9,9,7,14,14,14,36,,12,10,18,25,22,10,7,6,25,2,4,6,7,31,5,12,18,6,12,7,2,13,12,18
20170820,23,NO2,45,9,47,29,33,36,61,66,8,20,45,80,,,28,,29,34,42,,46,30,31,,19,28,,64,53,138,98,47,44,6,57,45,42,52,46,75,31,76,42,36,64,49,69,61,25,45,42,27,109,66,67,17,37,35,27,19,41,31,39,41,20,92,101,,55,83,74,67,57,57,50,35,59,59,44,74,,10,67,44,82,68,37,61,19,38,39,57,27,52,39,23,22,74,66,,,64,85,68,81,,56,11,16,23,21,8,22,15,16,9,3,69,81,68,,67,3,18,67,55,68,56,53,34,,79,66,83,54,89,33,47,80,37,41,44,39,48,36,35,32,31,39,66,33,63,42,34,64,14,51,63,25,44,62,44,29,27,41,34,42,46,56,35,48,23,,,,87,46,,99,70,85,,45,46,40,,9,,22,5,38,37,13,100,54,,,,44,65,,55,49,41,47,48,,61,38,86,76,34,81,13,13,,27,,70,,56,83,51,6,82,27,72,78,36,64,54,16,34,35,55,48,,18,28,43,30,26,39,25,35,33,,,37,,38,52,,34,28,36,22,11,16,,8,9,20,12,19,13,14,28,61,42,27,35,22,90,26,98,35,57,18,,41,21,14,14,9,46,14,39,26,10,13,31,28,6,,18,25,40,56,43,48,43,35,,13,16,22,33,21,30,24,48,20,75,42,77,45,61,68,72,52,18,31,28,26,60,31,51,28,63,18,17,13,22,13,27,48,54,47,41,59,5,73,54,,103,93,53,100,91,40,96,38,35,42,32,26,26,93,59,,33,88,55,35,30,37,13,55,76,60,47,30,13,64,54,21,22,15,17,31,50,18,42,35,40,44,25,32,52,81,76,38,91,102,68,25,26,34,33,36,29,32,36,30,44,8,11,18,15,9,22,,22,35,20,17,25,18,16,50,,25,29,30,46,26,,18,31,34,37,41,,38,6,24,34,19,24,25,29,32,25,32,29,44,15,32,28,36,50,45,67,55,67,57,34,25,19,43,23,25,18,26,10,27,18,37,16,27,47,38,6,49,43,2,,7,18,10,,,,29,27,44,35,9,36,39,,11,67,52,72,58,77,24,77,17,36,31,,7,73,12,79,88,138,67,86,71,60,46,16,33,65,62,46,53,32,2,5,2,13,40,47,17,11,26,66,61,26,30,24,8,,51,,38,21,33,26,46,,,27,,22,33,38,,25,,39,18,31,29,36,78,23,7,20,6,27,29,15,16,,10,,6,,25,24,40,40,18,23,27,73,22,25,3,6,6,15,10,33,,26,24,31,23,36,33,55,15,24,15,46,18,20,17,30,15,9,,24,14,21,24,44,34,17,19,18,96,46,28,11,14,20,52,35,,22,21,,33,23,41,37,16,36,50,19,,,46,46,49,18,,23,17,20,15,9,4,,16,18,,19,44,20,13,9,44,20,19,24,25,13,10,11,13,,22,16,29,22,35,3,,46,29,23,30,18,25,16,27,20,26,28,10,57,78,58,43,37,19,14,34,13,17,,5,8,2,8,5,5,18,15,8,29,16,11,6,11,24,12,44,59,27,51,45,29,38,28,7,7,17,7,3,,48,25,3,44,30,,45,44,29,38,57,43,85,68,50,44,17,34,50,27,40,32,11,38,16,28,16,13,30,,20,16,21,10,16,23,18,20,9,40,28,26,30,16,38,2,5,6,11,5,31,24,21,4,8,24,28,29,35,9,17,27,60,29,19,41,34,51,10,13,9,35,16,51,9,25,20,18,16,13,66,36,55,30,19,17,17,21,14,,,27,8,18,11,15,12,17,17,21,23,17,50,34,46,,39,34,37,28,38,25,45,17,61,15,11,18,37,51,37,5,14,33,26,26,27,45,34,20,30,33,21,15,17,13,21,,18,32,23,31,36,75,5,18,12,16,17,27,8,,28,65,19,8,32,40,28,35,13,7,4,11,7,10,12,15,13,17,6,10,4,4,10,14,23,38,34,57,27,22,22,20,43,39,47,,16,32,47,42,60,61,59,19,29,5,,40,40,19,13,,14,,10,,,12,11,16,13,19,21,16,39,39,48,26,,23,17,23,10,23,17,16,16,25,21,32,32,44,17,,27,21,1,10,,15,3,42,36,24,41,,19,78,63,70,17,26,14,8,,30,36,32,22,,,5,3,15,12,16,13,4,36,25,28,27,77,4,32,18,38,19,14,,26,7,5,12,26,56,36,39,34,27,22,5,16,12,11,,16,12,10,12,10,21,19,8,14,19,45,29,13,26,17,12,2,8,9,2,16,43,13,30,11,18,26,11,13,6,15,12,9,14,,25,23,33,52,35,64,,21,7,11,,14,38,77,55,81,72,77,84,38,18,81,52,71,46,23,18,12,39,24,36,10,,39,62,78,50,55,58,32,29,19,19,,21,19,13,21,16,37,18,27,20,20,39,35,,12,12,18,14,11,13,27,45,49,7,14,14,,12,3,15,20,2,39,20,41,15,11,26,39,40,70,13,24,20,25,52,16,28,21,26,34,40,27,45,34,20,12,19,22,24,8,23,3,26,31,7,26,7,14,26,81,84,,28,37,21,48,,42,58,28,,79,49,65,49,22,15,16,17,14,16,38,42,70,63,54,14,46,,21,29,33,24,5,33,36,20,30,20,22,30,21,3,25,15,18,10,,11,10,,5,3,15,16,10,2,10,14,35,5,23,48,40,37,39,20,19,43,45,31,22,4,17,16,29,22,31,33,42,39,47,10,9,2,15,13,13,21,31,37,28,5,22,36,37,33,3,25,43,47,38,41,56,36,5,9,18,31,30,32,44,62,56,19,18,26,23,27,26,27,17,24,46,20,21,32,35,4,18,23,12,7,15,11,28,6,5,10,19,23,41,38,15,15,57,55,43,21,36,41,,33,53,40,39,54,25,13,18,20,11,,13,21,,7,21,15,15,18,8,8,6,,20,8,17,13,11,17,10,12,28,27,10,6,10,11,7,33,30,43,25,28,40,22,,12,11,13,16,38,23,11,14,10,14,10,20,7,10,,13,13,6,14,23,10,12,27,14,7,23,34,19,11,12,14,5,,18,16,19,,8,,3,8,,11,10,11,60,65,55,53,,10,7,30,20,41,21,4,10,17,46,32,36,12,35,29,33,32,7,10,6,24,23,20,,14,18,6,43,11,29,6,15,16,14,44,10,2,38,37,30,43,24,20,23,14,22,42,4,13,22,2,18,16,26,9,10,,4,7,13,17,11,22,9,2,3,34,21,14,47,64,13,113,11,34,39,84,23,2,55,33,34,32,27,29,42,18,17,31,12,18,24,21,37,24,23,7,24,24,36,35,4,32,26,74,28,38,19,28,28,25,28,8,4,66,46,48,54,92,16,73,123,24,18,79,15,22,30,11,42,,31,54,54,61,21,42,8,15,14,6,6,10,23,38,14,57,45,8,10,60,7,48,2,91
20170820,23,NO2_24h,34,15,42,28,46,34,45,37,12,33,53,51,,,30,,32,28,34,,32,31,25,,18,32,,51,37,44,47,19,39,11,52,56,45,44,55,59,16,27,22,23,28,40,36,27,24,22,17,21,32,28,18,18,19,22,22,21,30,21,27,27,14,42,50,,38,37,29,32,23,33,28,18,29,30,24,45,,13,39,35,41,47,35,37,32,44,46,56,40,50,53,30,14,28,44,,,37,34,33,41,,35,9,16,14,13,7,9,11,15,11,2,34,34,26,,30,4,8,28,17,26,31,43,17,,41,48,45,40,52,21,35,39,36,37,41,39,39,25,32,36,30,38,30,18,30,29,26,31,11,33,34,21,41,32,29,20,28,31,32,27,38,33,24,38,21,,,,42,23,,33,31,35,,31,22,23,,17,,24,10,32,35,19,44,20,,,,19,29,,21,19,18,18,22,,26,16,27,22,21,26,7,8,,20,,18,,24,47,41,6,37,25,39,50,35,31,38,22,25,22,29,26,,11,22,26,35,26,33,24,36,24,,,24,,22,26,,22,17,20,12,10,12,,16,20,25,19,31,15,14,15,25,34,26,20,26,58,25,41,35,25,25,,31,33,23,32,11,32,29,39,24,24,35,35,34,6,,28,38,26,30,33,31,32,35,,14,18,23,22,22,28,14,31,11,23,18,32,29,26,20,28,33,17,46,43,34,54,33,42,34,38,32,15,23,11,25,25,26,29,32,34,23,18,42,37,,52,52,29,61,52,43,53,30,38,45,40,37,28,48,46,,38,40,42,21,14,21,10,26,42,26,22,18,12,40,44,21,14,12,11,18,21,12,17,33,37,40,12,27,37,41,37,37,43,38,36,22,23,38,31,37,27,28,26,28,32,10,8,14,11,6,16,,28,37,34,21,21,40,21,54,,32,40,36,34,38,,21,25,46,33,38,,34,6,17,24,6,16,12,20,24,19,17,17,22,10,22,22,22,28,19,23,26,14,30,17,28,24,49,31,32,32,22,34,19,29,20,32,23,24,18,4,31,31,2,,7,14,15,,,,21,19,52,34,27,48,42,,26,21,30,16,25,15,18,32,18,25,18,,7,34,7,42,36,46,31,46,29,34,21,16,24,25,29,27,22,22,8,9,9,15,27,33,18,14,22,28,29,35,30,26,19,,23,,20,17,28,21,28,,,16,,17,20,20,,34,11,27,30,24,23,17,31,15,4,10,8,24,21,7,11,,15,,14,,20,18,22,26,20,19,22,26,14,14,9,4,6,14,9,14,,25,21,31,19,44,21,27,16,23,12,22,16,13,15,15,15,8,12,17,11,13,19,26,23,9,12,11,40,25,32,11,14,15,41,32,,22,21,,14,14,18,18,11,29,30,17,,,17,16,25,33,,26,21,17,22,11,6,,21,11,,9,31,12,10,5,47,31,28,37,37,13,18,13,16,,16,26,34,49,37,17,,30,16,9,18,10,27,7,16,26,18,17,8,28,30,32,33,31,20,15,20,12,17,,5,17,12,17,6,8,20,23,11,23,13,12,11,10,22,13,37,31,36,32,43,22,20,18,15,10,32,22,6,,34,23,5,29,19,,26,30,20,23,22,18,29,26,31,16,8,15,13,26,29,36,16,14,7,16,18,12,25,,13,19,26,20,22,19,19,19,11,19,18,15,24,10,17,8,5,9,14,5,16,25,14,5,6,21,15,19,11,9,10,13,23,20,18,26,24,27,8,10,12,27,16,22,12,23,22,20,17,16,37,18,28,19,14,18,18,18,18,,,24,13,16,14,13,13,18,24,22,32,16,32,18,24,,20,25,22,22,26,11,25,6,16,24,19,23,28,37,35,8,16,28,26,22,25,31,36,16,23,14,6,15,13,13,19,,11,22,28,26,14,25,3,16,11,26,24,22,13,,17,23,13,5,20,22,16,22,14,7,2,9,8,10,17,10,12,16,7,4,6,3,12,11,20,23,28,41,21,30,19,25,33,31,33,,12,29,34,25,40,19,27,12,19,3,,16,17,19,16,,22,,24,,,14,6,20,12,10,17,12,16,37,18,15,,23,26,30,20,29,22,23,17,22,23,22,20,32,18,,24,19,2,13,,13,5,32,28,17,43,,33,16,11,15,17,20,13,11,,14,10,9,25,,,17,11,17,11,12,10,4,18,26,18,28,28,10,24,24,20,14,13,,21,13,6,19,20,22,19,23,26,24,19,10,8,14,12,,23,16,10,14,7,13,30,8,9,15,27,22,7,25,11,13,2,8,7,2,19,27,20,36,7,24,19,11,16,8,13,8,15,18,,27,21,19,32,19,27,,19,6,9,,12,24,23,23,57,58,38,52,33,24,35,29,31,23,29,22,13,17,16,18,15,,23,36,40,24,23,24,17,17,13,7,,33,25,16,25,14,28,19,24,18,14,25,25,6,12,5,18,17,14,22,27,26,28,14,16,18,3,12,8,16,9,3,25,17,23,14,9,25,14,15,29,8,19,18,23,21,21,24,15,19,27,19,15,15,19,13,11,14,15,23,10,11,4,14,16,14,33,19,21,28,25,28,,31,33,22,15,,14,16,15,,18,13,14,8,7,14,15,12,13,13,18,11,11,15,10,10,9,,31,30,26,27,5,25,20,19,18,12,14,24,23,14,28,13,17,9,,8,12,,16,3,10,16,7,4,9,11,17,6,16,22,18,16,19,13,8,24,24,20,14,13,23,15,21,21,21,24,23,21,26,7,4,6,12,9,6,9,8,12,4,6,13,20,22,13,6,20,19,29,22,25,29,22,10,14,17,17,18,22,30,28,27,12,13,14,18,13,13,16,13,21,23,14,14,13,16,26,37,31,31,12,16,14,16,14,15,17,20,19,28,19,12,22,35,39,36,13,20,21,,20,31,24,26,20,30,15,21,27,15,,13,19,,9,34,23,20,20,6,8,8,,17,7,11,14,10,19,14,15,14,28,12,4,7,7,5,12,17,17,14,14,18,9,,5,13,9,11,21,19,13,13,10,7,9,11,7,10,,10,9,6,12,12,8,12,17,10,7,10,17,16,7,10,24,6,,6,5,12,,8,,4,9,13,15,19,15,32,26,28,25,,13,10,21,19,16,8,3,17,15,17,15,10,10,14,18,20,21,6,16,8,11,18,21,,7,6,6,28,11,29,10,11,6,12,7,4,15,14,14,12,15,13,11,43,38,14,25,7,30,35,6,15,17,17,2,21,,26,15,19,39,26,29,13,3,6,28,26,28,18,41,12,47,36,23,25,31,21,4,54,23,26,21,20,19,20,19,10,22,14,14,25,5,20,18,23,12,18,16,17,21,4,21,29,40,32,32,19,29,19,20,17,17,11,22,17,28,27,32,12,33,38,20,22,26,18,27,28,19,28,,38,18,30,28,22,26,18,11,19,16,5,9,21,42,14,26,32,7,9,22,10,18,8,26
20170820,23,O3,59,97,81,25,103,95,46,27,97,116,97,35,,,50,,53,39,42,,18,55,50,,56,33,,72,90,7,13,45,68,139,23,32,28,24,38,15,57,9,45,56,11,43,19,34,80,93,85,108,23,71,60,96,72,82,79,99,25,19,29,44,9,25,51,,70,6,17,29,40,35,59,86,60,42,75,60,,126,51,95,53,63,71,68,83,61,59,38,82,59,58,65,27,8,13,,,6,7,20,17,,23,46,68,59,53,72,68,56,66,66,71,12,9,12,,17,25,20,8,13,11,39,45,17,,7,45,6,50,10,60,42,1,45,34,36,47,30,29,38,42,44,42,14,56,41,55,47,25,63,51,30,78,57,33,54,55,85,45,,27,52,31,33,38,63,,,,30,18,,17,10,24,,43,22,48,,86,,83,87,62,84,89,2,41,,,,39,11,,21,32,32,12,24,,11,33,3,3,27,,64,57,,35,,5,,33,7,10,80,2,8,2,4,29,6,17,17,26,23,7,10,,36,32,6,40,39,21,29,45,28,,,20,,42,31,,16,19,11,17,28,26,,68,74,59,63,63,55,48,32,27,74,87,69,97,64,103,16,97,55,134,,52,100,129,106,39,42,64,27,33,44,62,30,48,29,,45,67,36,51,59,51,66,92,,84,83,70,52,81,83,68,38,55,53,81,38,69,58,53,51,69,17,38,43,43,17,34,27,39,23,26,51,85,76,91,81,60,29,69,93,31,79,23,44,,29,41,48,33,19,64,12,106,27,42,31,24,56,32,5,,63,24,57,17,16,21,24,37,27,35,36,39,70,34,31,42,43,47,38,27,12,33,15,112,85,94,93,59,125,137,144,89,35,9,27,78,70,20,62,53,50,41,58,39,44,4,26,25,6,9,80,,69,61,75,77,78,66,84,43,,72,68,76,29,71,,61,45,63,44,39,,41,82,15,22,24,24,17,21,17,19,10,17,14,29,25,18,15,7,20,2,28,9,7,38,43,24,36,38,29,32,33,55,42,51,13,49,35,37,46,107,26,15,53,,59,91,37,,,,66,58,50,47,63,58,63,,75,7,28,8,23,4,52,1,63,51,45,,21,4,46,19,7,4,9,23,5,44,62,60,50,22,37,33,54,55,56,45,36,42,42,50,30,73,55,21,9,34,26,31,100,,42,,81,101,93,83,79,,,106,,105,55,36,,67,62,24,69,65,54,41,40,73,70,45,66,49,42,68,51,,106,,108,,67,97,83,78,100,97,82,15,78,73,82,67,64,66,88,28,,154,129,138,115,132,39,9,46,32,69,46,19,20,21,14,17,27,,8,21,6,58,37,54,73,79,72,17,77,99,44,42,34,47,59,,50,48,,30,61,32,20,40,30,26,12,,,81,86,72,90,,87,93,87,94,117,152,,159,153,,68,65,89,90,58,105,91,137,130,130,123,83,79,82,,26,38,29,42,13,56,,7,4,20,10,20,33,18,24,12,28,14,7,22,31,25,46,54,38,35,5,25,32,,51,96,99,90,85,84,33,38,37,25,2,88,79,77,70,65,38,33,65,35,19,37,31,42,36,32,69,54,36,,17,37,133,94,111,,88,93,102,98,32,54,29,48,57,56,95,72,48,101,89,95,129,70,83,95,106,141,107,,120,68,61,91,81,68,49,59,53,45,,42,48,47,32,90,109,108,83,107,13,41,24,39,27,45,20,26,,70,43,24,18,49,61,31,38,2,18,18,59,41,66,20,84,97,118,109,107,111,8,21,12,12,71,76,83,108,46,,,83,77,55,71,51,113,107,124,121,146,145,30,42,22,,31,29,42,23,25,17,13,31,9,80,42,49,30,20,36,77,51,30,38,21,34,23,36,58,53,53,50,88,77,97,97,,57,55,75,58,62,26,45,94,88,91,94,94,82,63,46,14,64,68,44,47,58,60,72,64,93,78,76,23,65,65,60,59,64,48,64,68,53,63,61,72,69,42,38,,77,76,52,46,33,,54,37,52,19,26,12,23,49,42,76,,33,32,22,53,,31,,71,,,42,31,41,89,66,88,84,51,41,27,62,,30,42,153,155,143,138,146,154,79,72,58,55,37,123,,110,114,180,169,,162,133,66,62,77,43,,48,34,39,48,87,61,118,96,,54,60,75,122,,,112,87,83,86,98,90,93,59,93,79,112,13,55,21,37,12,25,10,,58,87,99,75,29,27,20,9,30,55,17,22,4,8,67,,69,78,40,40,30,5,6,12,22,25,26,7,35,19,14,30,29,20,13,,37,4,45,30,41,33,21,25,41,40,38,59,44,64,,68,84,27,26,75,10,,92,114,119,,36,50,27,35,40,29,37,24,47,14,28,26,14,23,65,40,27,70,63,82,95,,68,47,40,31,49,44,65,20,79,89,,55,23,83,56,63,32,46,55,64,46,23,33,19,35,103,59,62,63,26,30,2,2,74,59,58,,49,53,57,43,37,18,39,22,48,29,41,39,36,31,35,40,42,55,16,39,54,69,61,58,6,13,20,31,33,34,34,33,27,27,47,49,38,21,52,39,52,43,69,25,32,,72,84,97,55,,68,37,82,,9,34,22,27,59,106,115,110,108,104,85,55,11,48,28,99,35,,58,47,44,63,158,95,37,36,59,60,65,71,53,58,48,68,76,67,,52,51,,60,21,34,38,30,83,100,76,28,37,26,1,13,8,17,41,8,19,5,8,53,68,70,67,53,60,67,52,53,69,95,26,47,,38,44,36,29,32,13,40,32,40,19,36,21,10,5,1,,13,12,2,29,54,54,45,22,25,47,24,11,21,11,41,31,23,23,24,40,19,32,8,48,45,6,22,74,68,73,82,79,94,108,73,61,74,61,77,95,69,56,73,45,51,70,76,61,47,42,,44,43,56,55,50,75,70,110,85,133,,54,48,,59,53,53,68,51,9,14,3,,99,43,41,50,50,54,54,55,60,72,50,45,42,40,43,1,9,30,63,3,2,32,,23,19,20,67,44,38,67,59,14,4,13,8,41,41,,49,47,40,44,5,14,51,30,29,29,11,3,41,21,29,31,56,,35,30,32,,101,,34,33,,77,75,72,2,13,30,27,,87,106,49,45,50,45,104,64,72,43,50,57,91,35,42,76,82,72,72,63,81,71,54,,96,45,70,59,90,65,63,70,36,84,18,53,42,43,26,34,29,54,59,97,132,62,61,59,79,75,22,78,118,99,145,126,,188,86,80,82,85,71,60,62,60,48,70,71,24,26,125,13,71,23,43,38,128,179,35,10,48,39,32,42,22,112,103,58,95,124,67,28,7,17,100,56,42,29,60,43,94,32,57,54,52,45,49,92,56,74,52,64,73,33,13,29,39,13,61,16,8,67,62,13,98,83,64,82,77,,55,9,84,30,52,32,93,70,133,103,95,54,120,62,53,5,73,80,69,39,98,38,86,19
20170820,23,O3_24h,170,197,175,177,171,184,189,196,194,208,170,169,,,205,,168,155,220,,149,136,136,,150,183,,200,199,182,172,167,136,154,154,136,159,124,128,143,118,116,118,108,104,154,146,145,155,221,191,193,223,226,188,181,205,199,180,210,135,146,147,150,134,179,191,,188,155,159,160,142,168,164,166,177,182,160,215,,179,162,182,220,184,216,187,140,124,137,124,145,139,132,123,152,174,162,,,152,176,160,173,,178,96,114,92,99,115,137,102,114,103,113,103,100,94,,98,103,109,107,79,60,129,118,102,,110,128,107,130,99,114,163,110,137,118,118,129,120,95,121,113,128,123,88,115,131,112,92,80,113,105,119,136,105,101,124,113,132,55,129,92,119,120,124,120,127,,,,189,179,,179,179,171,,81,104,103,,112,,122,126,125,136,122,112,122,,,,106,111,,100,129,123,100,80,,102,104,120,108,105,111,90,100,,60,,158,,147,93,78,99,100,76,82,71,94,83,101,54,121,132,134,156,,129,135,119,231,205,157,197,170,144,,,76,,140,133,,153,148,131,112,106,96,,142,134,146,110,128,156,138,84,122,126,125,150,126,158,138,131,162,133,212,,194,232,229,202,236,123,111,110,126,92,134,117,137,114,,138,127,148,171,114,136,165,175,,129,122,114,141,142,131,129,110,112,164,176,149,174,156,163,164,153,178,164,160,150,180,141,180,154,187,148,146,116,135,116,120,122,122,112,129,116,116,238,237,,267,279,223,207,234,258,244,256,181,157,132,138,146,222,185,,136,130,92,78,99,139,93,208,180,196,167,138,110,194,208,134,133,150,166,130,119,123,117,274,277,255,270,248,320,295,310,255,231,168,161,162,168,73,141,123,102,99,126,70,101,27,79,110,55,62,183,,194,145,204,134,152,104,171,126,,159,165,160,165,150,,120,179,181,179,155,,121,127,78,63,64,75,60,64,64,66,66,69,62,46,72,62,64,61,88,63,96,91,68,89,145,131,141,130,128,113,124,113,123,124,104,132,134,110,81,126,69,91,65,,71,98,102,,,,114,123,104,104,107,101,150,,102,102,107,112,101,118,106,115,114,122,124,,119,118,119,95,111,102,111,120,117,115,125,112,125,104,162,185,164,128,68,70,61,68,148,158,138,107,118,112,116,215,208,163,232,,182,,144,161,164,143,159,,,139,,135,108,110,,150,136,186,189,124,161,108,153,102,134,119,116,100,106,119,113,,131,,129,,118,177,175,170,160,161,161,106,131,124,110,101,98,97,99,89,,254,193,237,240,247,139,131,89,130,129,115,111,103,86,88,153,83,94,162,179,113,144,152,126,114,131,116,209,244,218,89,88,85,170,179,,211,196,,129,125,143,135,150,142,133,49,,,145,145,137,159,,138,160,166,141,164,168,,178,183,,233,205,242,229,217,164,197,180,178,194,161,96,104,103,,108,103,144,112,120,102,,127,122,103,102,84,128,72,95,63,82,90,73,135,127,128,129,126,93,81,90,83,83,,82,96,104,101,98,103,98,91,98,91,91,122,121,122,94,99,98,135,109,154,106,117,112,119,113,229,156,152,138,,162,154,136,176,192,,204,201,196,188,141,164,157,154,163,142,142,129,132,200,173,202,187,176,162,168,180,145,123,,147,112,112,121,120,126,94,110,104,103,96,114,118,127,103,121,122,126,103,113,94,110,110,72,82,86,87,85,48,79,53,53,106,94,87,89,88,88,35,43,85,89,94,78,133,182,186,183,190,161,99,101,82,74,196,164,167,179,148,,,156,107,98,108,104,178,174,187,180,214,190,108,108,103,,98,65,76,120,134,118,121,102,91,117,82,142,129,119,134,88,85,78,75,79,60,85,77,153,159,166,158,122,97,133,147,,139,122,134,135,127,105,63,120,113,100,106,128,114,109,180,174,126,114,144,166,120,111,148,103,127,103,143,42,93,104,119,107,100,88,95,105,95,102,102,136,118,131,124,,123,118,133,137,128,,122,118,136,91,106,120,103,81,80,112,,103,113,57,94,,78,,160,,,86,75,124,127,131,137,130,113,60,134,126,,177,154,185,188,183,192,188,199,177,159,148,162,139,209,,203,212,180,169,,162,160,167,160,173,185,,136,132,129,144,140,163,163,105,,122,118,136,166,,,112,91,122,122,143,134,124,148,124,119,134,153,104,105,100,112,194,138,,186,116,121,111,110,128,117,117,109,122,75,77,67,70,108,,87,120,59,56,60,70,76,65,103,91,121,118,115,78,63,69,74,85,103,76,100,103,98,87,98,89,108,110,101,109,106,110,86,95,,122,115,130,135,143,148,,155,150,161,,145,144,184,156,88,70,77,68,93,91,136,80,83,87,131,69,89,123,118,112,139,,132,162,161,166,106,100,98,104,147,145,,83,82,122,88,119,205,210,180,193,219,134,156,158,155,133,149,135,143,150,163,137,131,149,156,159,181,144,148,153,146,81,101,95,103,105,108,112,129,128,116,111,122,120,143,135,171,180,205,185,211,158,173,192,202,117,101,119,93,83,104,106,139,104,107,102,81,101,113,173,177,174,,181,170,197,126,,129,132,156,,149,151,117,123,129,177,182,175,185,182,139,149,147,144,129,125,121,,125,137,156,154,158,136,130,104,108,110,116,108,161,159,133,82,84,77,,88,79,,150,132,153,166,163,100,111,108,126,125,77,78,82,84,76,79,101,87,91,84,87,123,124,136,116,118,115,139,161,170,194,73,80,51,68,73,86,89,81,76,99,62,68,83,71,102,92,76,72,105,113,109,108,63,105,69,100,91,75,116,115,114,117,77,88,83,111,104,125,129,64,79,79,89,88,93,83,74,68,77,82,196,205,253,226,180,191,158,207,146,124,140,120,160,183,201,195,143,137,151,,139,126,108,110,118,117,114,145,120,135,,121,110,,143,142,128,146,94,56,102,60,,117,92,93,87,86,79,101,81,106,85,77,79,79,78,80,80,79,125,133,38,51,57,,61,81,86,104,90,55,74,59,32,45,60,77,52,57,,49,47,56,64,157,54,62,88,103,101,79,74,60,44,54,52,72,,66,64,76,,118,,50,47,117,132,119,128,111,120,111,121,,87,106,70,75,108,96,113,76,100,108,113,126,122,91,84,132,134,92,104,90,111,100,82,,134,96,84,108,120,66,73,100,66,124,108,103,115,121,113,111,99,88,98,150,181,137,148,169,110,104,129,99,129,123,180,132,,188,98,92,124,132,121,83,74,77,105,111,91,105,161,166,261,147,151,203,193,223,181,140,124,103,136,140,125,92,159,126,113,130,146,179,66,49,47,142,130,148,163,157,113,123,116,101,271,196,161,176,157,107,118,107,162,140,158,80,86,104,124,96,171,195,129,117,110,106,189,188,147,223,,203,127,192,170,177,169,174,96,164,103,102,55,135,111,156,170,195,118,130,201,111,205,98,160
20170820,23,O3_8h,115,137,139,107,139,146,132,125,148,167,138,98,,,119,,102,90,126,,79,56,75,,84,103,,153,151,113,108,115,109,132,76,67,68,66,76,68,97,71,88,85,70,106,85,102,117,170,162,166,151,165,153,131,130,131,111,148,62,74,76,81,42,116,124,,120,89,102,104,98,112,120,126,118,104,120,147,,157,106,132,146,132,140,140,117,94,101,92,114,108,107,96,84,92,50,,,62,88,88,93,,96,64,86,71,71,80,93,70,84,82,85,59,52,55,,62,51,68,57,47,40,80,64,66,,66,70,57,85,50,82,93,50,50,37,42,44,37,58,43,40,41,42,48,86,86,76,64,46,86,73,69,114,88,81,100,94,113,50,119,63,83,77,65,84,92,,,,100,105,,118,97,109,,66,67,83,,87,,88,92,84,101,95,56,86,,,,72,70,,54,85,71,59,60,,70,72,66,75,65,71,78,82,,48,,96,,88,56,38,87,63,36,44,38,49,48,64,29,22,36,19,23,,50,30,15,54,55,45,55,52,57,,,46,,99,89,,45,43,38,34,54,43,,114,103,90,79,78,84,81,64,80,101,105,122,111,115,120,71,127,104,153,,115,118,139,111,78,76,81,51,62,53,76,56,69,52,,64,94,106,122,92,98,121,128,,93,96,85,96,102,101,100,75,86,119,128,101,113,105,110,111,107,93,55,44,52,44,40,69,48,60,33,94,102,109,102,93,100,86,95,113,55,90,133,143,,152,161,144,155,137,156,119,189,102,104,67,72,94,150,77,,95,87,74,34,47,59,41,131,91,123,114,105,94,108,105,83,96,95,89,90,80,83,80,198,199,185,179,178,231,233,246,174,136,99,94,117,123,50,104,86,72,67,86,57,65,10,36,53,17,23,144,,137,86,134,103,114,87,124,71,,106,102,108,98,111,,96,114,124,106,92,,83,108,47,38,50,49,41,39,35,34,43,52,46,41,52,46,46,43,57,42,64,63,45,67,64,48,64,52,52,40,59,60,92,80,50,56,70,80,66,115,54,57,59,,62,93,72,,,,94,93,83,80,89,82,111,,92,64,72,80,68,77,69,56,77,77,68,,55,58,83,59,68,65,61,80,77,77,89,82,74,61,110,115,121,98,57,54,46,52,82,86,70,92,81,76,74,78,72,66,119,,114,,116,130,125,105,129,,,124,,114,87,77,,61,82,106,105,90,95,80,98,88,101,88,84,62,66,86,76,,120,,117,,92,142,133,130,133,120,124,87,95,99,85,74,76,77,89,67,,157,144,150,171,154,66,43,62,55,78,81,57,54,42,45,59,52,58,46,61,47,106,87,88,92,101,89,116,148,139,52,48,44,109,100,,104,97,,85,92,98,83,69,86,81,37,,,122,130,111,107,,93,107,117,99,146,156,,163,165,,157,133,172,167,133,145,157,163,165,158,140,89,90,91,,44,32,44,21,18,43,,54,48,56,47,46,63,52,57,26,56,38,37,82,75,66,88,91,53,50,40,47,43,,52,85,90,90,88,89,36,41,42,36,28,100,92,94,77,81,57,82,61,85,54,66,74,82,60,78,83,69,67,,56,67,121,146,154,,158,153,160,152,97,116,103,101,110,112,123,108,105,158,140,159,160,133,129,141,138,138,110,,130,84,70,100,95,91,70,84,78,74,64,82,86,93,77,99,117,106,84,93,46,62,64,52,56,70,62,62,30,72,49,40,78,74,72,59,59,47,18,23,72,53,74,54,108,130,145,140,146,133,58,66,52,46,142,135,130,143,93,,,102,87,74,80,76,158,137,150,152,182,156,72,86,70,,73,49,61,57,42,49,37,51,42,78,48,68,58,56,70,83,42,19,32,23,43,26,18,109,91,110,106,101,89,116,124,,105,96,112,100,94,66,55,112,103,89,94,102,93,89,108,96,97,85,102,106,92,87,94,80,114,94,105,29,79,85,91,86,75,67,73,78,71,81,87,114,101,76,60,,89,90,97,81,49,,88,70,102,68,72,89,74,62,60,97,,72,78,39,74,,49,,107,,,57,50,86,109,106,115,104,95,50,108,94,,95,97,172,173,169,172,168,174,124,113,100,110,88,147,,149,145,161,163,,153,151,128,114,122,90,,74,100,103,104,99,100,129,100,,87,98,115,141,,,92,84,90,90,120,114,107,111,113,103,127,110,75,45,60,44,106,62,,104,101,112,91,76,76,64,58,58,77,43,45,37,32,86,,70,92,48,44,46,29,17,29,51,63,75,44,64,44,36,36,38,40,30,24,50,42,61,44,69,44,53,58,70,75,75,84,66,84,,88,94,85,83,109,92,,126,131,138,,104,101,119,110,56,47,54,38,66,49,47,33,36,47,90,52,46,101,95,92,110,,101,115,112,110,74,77,78,72,124,119,,68,50,96,69,78,80,91,97,99,90,68,73,56,78,114,78,78,78,57,66,50,55,93,99,107,161,83,95,99,87,54,63,67,74,82,70,85,83,93,81,63,78,70,74,64,91,84,105,97,95,49,54,58,66,74,67,79,62,56,54,61,80,58,53,70,55,67,68,113,101,103,,118,117,138,100,,108,96,126,,95,110,84,94,100,137,146,140,143,139,110,122,112,106,107,108,102,,79,85,85,91,126,112,94,74,84,82,86,83,82,82,72,74,78,70,,72,67,,84,73,87,91,87,88,104,91,72,74,52,42,51,43,50,55,46,42,41,43,58,81,83,90,78,76,94,88,106,110,132,53,66,50,58,62,55,61,57,53,76,41,54,47,53,62,48,39,35,46,58,58,50,46,70,59,72,52,56,89,71,71,66,48,60,52,64,65,50,67,42,52,47,76,70,54,48,37,53,65,62,134,147,178,149,100,112,90,122,130,96,119,107,97,123,138,139,108,92,103,,93,91,86,88,96,98,91,129,91,127,,86,71,,85,79,67,77,64,30,44,20,,112,60,72,65,69,64,76,68,88,77,65,62,59,58,60,35,34,97,107,22,26,46,,47,45,51,73,64,40,64,50,20,19,30,33,47,49,,46,45,46,51,29,33,54,52,61,58,50,36,47,30,36,38,51,,50,48,56,,109,,36,37,81,92,80,89,40,68,70,67,,80,98,57,54,81,76,105,64,84,81,84,110,113,66,63,106,108,75,66,61,97,72,67,,120,74,76,87,102,63,69,84,53,107,76,83,90,90,80,85,73,76,80,124,155,115,111,107,96,91,86,92,125,114,148,123,,178,77,75,106,107,100,75,70,72,87,98,81,79,68,153,148,91,80,124,128,153,174,73,53,82,79,30,77,60,143,109,94,115,132,124,55,32,36,123,58,76,90,112,69,112,74,82,125,109,73,105,110,85,98,82,98,106,108,60,70,70,66,83,91,104,87,86,67,97,121,118,115,156,,120,74,146,128,96,86,123,86,143,86,93,49,124,71,91,76,122,93,87,128,102,127,82,122
20170820,23,O3_8h_24h,139,162,152,140,143,160,159,158,163,186,146,140,,,169,,150,137,182,,130,106,115,,124,157,,190,178,169,159,146,123,132,121,107,120,107,109,117,103,106,107,100,96,144,135,137,148,198,181,183,199,198,177,160,180,177,156,187,115,129,130,128,101,156,165,,164,141,142,148,128,152,153,156,166,174,152,186,,179,143,168,190,167,173,173,132,111,123,116,132,128,127,113,133,146,123,,,132,134,134,139,,146,89,108,89,92,105,127,93,100,99,107,97,90,87,,94,90,93,102,72,58,116,105,101,,97,109,93,115,89,109,136,103,88,85,87,94,83,80,79,82,90,81,77,104,113,100,79,67,107,94,101,120,93,90,108,101,118,55,119,81,102,97,85,101,112,,,,142,145,,161,146,143,,74,90,93,,92,,108,106,110,118,108,93,106,,,,95,95,,78,103,87,75,68,,86,90,105,93,92,94,79,90,,56,,141,,126,67,56,87,79,51,60,53,68,69,73,54,95,101,102,112,,104,104,84,141,134,97,128,96,95,,,71,,116,105,,122,122,112,83,90,80,,120,108,110,89,93,123,115,80,102,113,112,134,112,137,128,115,141,113,178,,170,170,190,157,167,109,97,94,105,77,107,98,107,81,,112,117,144,160,108,128,155,161,,107,117,102,129,125,120,117,99,102,152,162,136,156,141,151,150,139,160,114,98,95,110,92,125,94,130,86,123,112,121,110,108,111,107,106,119,99,108,187,196,,226,239,195,189,198,233,201,215,129,131,94,110,110,200,132,,114,99,92,63,82,105,64,174,145,165,143,120,103,158,164,120,120,133,124,115,107,95,105,234,243,221,222,209,287,273,280,226,200,147,138,145,147,63,127,102,88,85,106,62,90,16,50,76,44,48,170,,178,123,185,124,140,100,155,109,,139,147,151,149,136,,103,129,135,121,110,,94,115,67,55,61,66,54,56,52,53,57,62,54,43,61,55,55,53,75,51,80,76,58,82,114,100,114,90,102,76,104,74,114,104,89,93,113,94,73,120,62,79,61,,63,93,89,,,,100,110,91,88,96,89,124,,97,97,93,100,95,103,88,102,97,103,99,,105,109,108,89,91,84,100,99,100,107,114,104,118,100,142,163,146,119,62,62,54,61,133,134,116,102,111,106,110,154,154,137,176,,166,,132,149,148,126,151,,,132,,125,104,103,,108,120,166,161,114,146,94,138,96,111,108,106,91,94,114,98,,128,,124,,109,162,158,154,144,150,142,102,110,108,99,96,93,90,94,84,,207,174,196,199,200,114,97,75,101,109,108,96,87,70,74,110,72,64,114,130,92,139,135,116,97,110,94,185,212,193,74,71,71,136,144,,171,165,,116,113,134,124,111,126,116,42,,,134,139,125,138,,114,148,143,122,158,161,,171,172,,200,173,214,220,174,158,184,173,172,175,150,91,99,95,,94,79,110,86,96,90,,111,104,89,90,75,113,70,85,54,75,80,68,126,112,117,118,117,83,74,84,77,75,,76,85,96,94,92,94,79,71,80,74,80,110,111,114,86,92,79,112,85,123,86,96,92,106,88,142,122,104,106,,112,107,121,162,177,,186,186,183,176,134,153,145,142,146,134,136,125,124,180,160,188,171,167,155,162,170,140,112,,138,95,86,107,104,108,73,87,83,96,89,100,112,118,91,99,118,106,84,93,70,88,99,62,74,76,74,71,44,72,49,48,99,90,83,82,81,84,29,35,73,69,80,63,119,156,165,165,163,147,88,84,68,68,176,156,156,168,124,,,137,87,82,83,87,169,154,170,163,198,164,96,98,87,,90,57,68,105,113,104,100,95,84,100,64,112,102,95,110,85,79,64,70,69,46,78,66,133,132,142,136,112,93,127,135,,117,108,117,111,118,90,57,116,105,92,99,114,105,104,158,152,113,104,124,139,111,101,146,92,122,99,135,39,87,98,104,94,97,84,90,100,85,94,92,119,108,106,93,,102,101,116,135,92,,105,101,117,83,88,112,94,69,69,102,,95,102,48,83,,52,,122,,,73,63,106,113,114,122,110,101,60,120,107,,151,126,178,179,174,179,179,185,164,149,135,148,129,168,,174,177,161,163,,153,153,151,142,156,145,,114,116,116,122,119,140,146,100,,108,110,126,156,,,92,89,110,112,131,123,112,133,115,112,129,135,97,88,91,100,156,111,,155,112,116,108,106,119,110,103,98,111,65,68,60,64,96,,87,112,52,47,56,53,56,54,85,80,98,90,92,74,60,66,52,70,79,63,97,96,94,78,93,72,90,94,90,98,97,99,77,89,,111,105,111,122,134,129,,138,135,142,,130,124,158,139,68,54,72,44,86,75,82,59,64,74,101,55,86,115,108,105,128,,123,143,134,146,92,94,90,98,138,131,,76,72,97,74,101,156,165,147,151,158,119,136,128,130,121,132,121,125,109,122,109,113,113,119,133,161,120,126,136,122,68,93,88,96,95,91,106,118,116,104,98,106,95,111,105,145,139,165,146,154,110,122,132,144,104,88,107,84,72,96,87,116,86,89,77,64,81,86,158,162,158,,158,151,174,119,,122,124,148,,142,139,108,114,121,166,171,166,168,171,128,138,134,132,119,112,111,,110,124,125,131,126,118,112,94,98,93,105,97,125,122,110,74,79,70,,82,75,,118,119,132,135,141,90,106,98,105,102,72,71,76,75,72,73,85,78,79,75,80,95,107,116,103,103,110,126,146,147,170,69,74,50,63,71,84,88,79,74,95,59,61,76,63,91,77,66,58,92,101,97,93,56,85,64,91,76,64,106,108,100,104,71,74,68,97,92,90,103,58,67,70,85,81,82,73,38,53,65,62,179,189,222,194,150,159,130,176,142,110,128,112,123,143,154,152,136,125,138,,123,122,103,102,109,112,99,135,97,127,,109,98,,118,116,102,116,82,44,60,41,,114,82,84,82,80,72,83,72,96,79,68,68,68,66,70,60,63,114,119,34,44,54,,58,67,71,88,81,50,69,53,28,34,46,56,49,53,,46,45,51,56,70,48,56,76,83,78,71,62,56,40,50,46,64,,58,55,71,,112,,48,42,103,111,105,111,92,101,97,100,,80,98,64,68,99,92,105,70,95,102,102,116,118,82,74,117,121,87,94,85,106,94,73,,127,86,81,95,103,63,71,93,64,115,96,88,97,109,98,100,88,81,89,139,171,129,134,136,103,98,102,96,125,114,178,123,,178,86,84,114,116,111,79,72,73,100,106,87,100,127,163,214,125,131,179,173,180,174,109,111,90,103,103,88,74,148,121,108,126,137,137,63,43,41,130,66,134,139,146,85,118,106,94,168,175,106,158,132,94,102,98,136,110,144,74,81,83,105,91,136,165,111,104,102,97,163,161,138,199,,173,116,177,149,148,136,152,93,153,88,96,49,128,94,123,142,173,111,112,176,102,184,82,155
20170820,23,CO,1.1,0.9,1,0.9,1.1,0.8,1,1.6,1.1,1.1,0.7,1,,,0.6,,0.6,0.4,0.8,,0.8,0.5,0.6,,0.3,0.8,,0.7,0.7,0.7,1.4,0.6,0.4,0.6,0.6,0.6,0.4,0.6,0.8,0.9,0.5,0.5,0.4,0.6,0.5,0.6,0.6,0.6,0.6,0.7,1,0.8,0.8,0.5,1,0.4,1,0.7,0.7,0.5,0.8,0.8,0.8,1,0.9,1.4,1.1,,1.2,1.2,0.7,0.5,1,0.7,1.1,0.4,1,0.7,0.9,1.1,,1.1,1.1,0.9,1.3,1.2,1.6,1,0.7,1,1,1.3,1.1,1.2,1.7,1.1,0.7,1.1,0.8,,,1.3,0.8,0.9,0.9,,1,0.5,0.7,0.9,1.1,0.7,0.8,0.8,0.9,0.6,0.7,1.3,1.6,1.5,,1.3,0.7,0.9,1.1,1,0.9,0.7,1.2,0.5,,0.3,0.4,0.8,0.6,1.8,0.3,0.5,0.9,0.5,0.7,0.6,0.7,0.8,0.7,0.9,0.6,0.6,0.5,0.5,0.5,1.4,0.9,0.7,1.1,1.1,1.9,0.8,0.6,0.8,0.7,0.5,1,0.5,0.6,0.8,1,1,0.9,0.9,0.8,0.4,,,,1.2,1,,1.2,1,1.1,,1.1,0.5,0.4,,0.5,,0.8,0.7,0.7,0.8,0.9,1.6,0.8,,,,0.8,0.7,,1,0.9,0.8,0.6,1,,0.8,1,0.7,0.8,0.6,0.8,1,0.5,,0.7,,1.3,,0.8,0.8,0.8,0.5,0.8,0.6,1,0.8,0.6,0.7,0.9,1,0.8,0.8,0.7,0.9,,0.5,0.4,0.5,0.5,0.4,0.5,0.6,1.2,0.9,,,0.7,,0.9,1,,0.6,0.6,0.6,0.6,0.5,0.2,,0.5,0.4,0.5,0.4,0.6,0.6,0.5,0.6,0.8,0.7,0.8,1.4,0.9,0.7,1.1,1,0.6,1.3,0.3,,0.7,0.7,0.6,0.4,0.2,0.6,0.5,1.5,0.1,0.4,0.9,0.9,1,0.5,,1.6,0.5,0.8,0.5,0.5,0.8,0.5,0.5,,0.3,0.2,0.4,0.5,0.6,0.6,0.5,0.3,0.7,0.8,0.8,1,1.1,0.9,1.2,1.3,0.7,1.1,1.2,0.9,0.7,1.1,0.7,0.7,0.9,1.3,0.7,0.8,0.6,0.7,0.5,0.5,0.8,0.6,0.5,0.5,0.7,0.7,0.7,0.7,,1,0.9,1.1,1.1,0.8,0.8,1,0.8,0.7,0.7,0.6,0.7,0.9,1,0.6,,0.7,0.8,0.6,0.4,0.4,0.7,0.5,0.5,1,0.8,0.8,1,0.5,0.8,0.9,0.8,0.7,0.6,0.7,0.4,0.7,0.5,0.7,0.8,1,0.9,0.8,0.7,1.2,1.1,1,0.9,0.8,1.4,1.1,0.6,0.6,1,1,1.1,0.9,0.9,0.9,0.8,1,0.5,0.6,0.8,0.7,0.6,0.6,,0.7,0.6,0.7,0.5,0.6,0.7,0.7,0.6,,0.7,0.4,0.4,1.1,0.8,,0.7,0.7,0.9,1,0.8,,0.6,0.3,0.6,0.4,0.5,0.7,0.6,0.6,0.7,0.5,0.7,0.6,0.8,0.7,0.8,0.5,0.9,0.8,0.6,1,0.6,0.9,0.9,0.6,0.9,1.2,0.9,1,0.9,0.7,0.9,1.1,1.3,0.9,1.2,0.9,1,0.6,0.8,,0.4,0.5,0.4,,0.8,0.5,0.6,,,,0.8,0.6,0.6,0.9,0.6,0.8,0.5,,0.7,0.8,0.8,0.8,0.6,0.7,0.5,0.9,0.4,0.1,0.7,,,0.8,1.2,0.8,1.5,,0.8,0.7,1.1,0.7,1.6,0.5,0.4,0.6,1.1,0.8,1.2,0.9,0.5,0.4,0.5,0.8,0.7,0.7,0.5,0.6,0.7,0.7,0.7,0.6,0.7,0.7,0.6,,0.6,,0.8,0.9,0.6,0.9,1.4,,,0.9,,0.7,0.9,0.9,,0.8,0.9,1.2,1.3,0.9,1.1,1.2,0.8,1,0.5,0.5,0.4,0.3,0.6,0.3,0.4,,0.4,,0.5,,0.3,1.1,0.9,1.2,0.9,0.6,0.7,0.6,0.5,0.4,0.4,0.3,0.5,0.4,0.6,0.5,,1.1,1,0.9,0.9,0.6,1,0.8,0.6,0.9,0.7,0.7,0.7,0.5,0.7,0.5,0.6,0.6,,0.7,0.6,0.5,0.8,0.9,0.7,0.7,0.8,0.6,1.2,1.2,1,0.6,0.6,1,1.2,1.6,,1,0.9,,1.1,1.2,1.3,0.9,0.8,0.9,0.9,0.3,,,1,1.1,1.1,1,,1,0.9,1,1,1.5,1.4,,1.6,1.8,,1.7,1.7,1.5,1.9,1.7,1.4,0.9,0.8,1.1,1.4,0.9,1,0.5,1,,0.7,0.8,1.5,1,1,0.9,,1,0.8,0.6,0.6,0.7,0.4,0.9,0.8,0.9,1,0.9,0.7,0.6,1.1,0.6,0.8,0.7,0.6,0.7,0.8,0.9,0.5,,0.4,0.8,0.8,0.3,0.8,0.4,0.3,0.4,0.3,0.3,0.4,0.8,0.6,0.6,0.9,0.8,1,1.1,0.7,1.1,1,0.8,0.7,0.8,0.8,0.7,0.6,0.7,0.2,,0.7,0.3,0.6,1.2,1.6,,1.2,1.5,2,2.2,0.7,1.4,1.2,1.1,1.2,0.8,0.9,0.4,0.9,2.1,1.3,0.7,1.6,1,1,1.1,1.1,1.1,0.9,,1.1,1,1.3,1.1,1.2,1,1,1,1.2,1.1,0.9,0.9,0.6,0.6,0.8,0.7,1.4,1.4,1.2,1.1,1.3,1.2,1.3,0.8,0.5,0.8,0.7,0.8,0.8,0.3,0.7,1,0.7,0.9,0.5,0.8,1.2,0.9,0.6,0.4,0.6,0.7,0.6,0.6,1.2,1.4,1.2,1.4,1.2,1.3,1.5,0.4,1.1,0.9,0.4,0.5,0.6,0.7,0.6,,,0.5,0.7,0.8,0.6,0.9,1,0.6,0.5,0.6,0.5,0.7,1.3,0.6,0.3,,0.5,1,0.8,1,0.9,1.2,1,1.3,1.8,1.5,1.4,1,1.3,1.3,1.4,0.5,0.5,0.7,0.7,0.7,0.9,0.8,0.7,1.2,1,0.9,0.9,0.2,0.3,0.2,0.5,,0.9,0.6,0.5,0.4,0.5,1.3,0.7,0.8,0.8,1.6,1.1,2.1,0.5,0.8,0.6,0.8,0.7,0.2,0.5,0.7,0.3,0.6,0.5,0.2,0.5,0.3,0.4,0.5,0.8,0.3,0.6,0.4,0.5,0.4,0.4,0.5,0.3,0.3,0.7,0.8,1.2,0.8,0.7,0.9,0.7,0.6,0.6,0.6,0.9,,0.7,1,0.9,1.2,0.9,0.9,1,0.7,0.8,0.9,,0.8,0.7,0.7,0.9,,0.8,,0.6,,,0.3,0.2,0.6,0.6,0.9,0.6,0.6,1.4,4.7,1.4,1.2,,0.9,0.5,1.5,1,1.4,0.8,1.1,0.8,1.1,1.1,1.4,1.6,0.8,1.3,,1.2,1,1.2,1.1,,1.4,1.2,1.1,1.1,0.9,2,,1.9,2.4,1.9,1.5,0.9,0.9,0.7,0.6,,0.4,0.4,0.3,0.6,,,0.4,0.3,0.3,0.4,0.2,0.6,0.4,1.3,0.5,1.2,0.9,0.9,0.4,0.8,0.6,1.3,0.6,0.5,,0.2,0.6,0.6,0.4,0.4,1,0.6,0.9,1,0.8,2.1,0.7,0.8,0.9,1.2,,1.4,0.5,0.8,0.7,0.6,0.6,0.4,0.3,0.4,0.6,0.8,1.7,0.4,2.7,0.1,0.3,0.6,0.2,0.6,0.3,0.4,0.4,0.4,0.6,0.3,0.4,0.7,0.5,0.7,0.7,0.5,0.5,0.2,0.8,,0.6,0.7,0.7,0.9,0.8,0.5,,0.8,0.7,0.6,,0.8,1,1.1,1.3,1.4,0.9,0.6,0.9,0.6,0.9,0.7,0.7,0.5,0.6,0.4,0.9,0.5,0.5,0.5,0.6,0.9,,0.6,0.6,0.7,0.9,0.7,0.6,0.7,,0.9,1,,0.8,0.7,0.5,0.6,0.6,1,0.7,0.8,0.7,0.8,1.2,1.1,0.8,0.8,0.7,0.9,1,0.8,0.5,0.9,0.5,0.6,0.6,0.9,0.9,,0.8,0.9,0.3,1.1,0.2,0.9,0.7,1.2,0.4,0.4,0.7,1,1.2,0.5,0.8,0.6,0.4,0.5,0.3,1.1,0.9,0.9,0.6,0.6,0.8,0.6,1.2,0.7,0.7,0.4,0.9,0.3,0.8,0.8,1,0.8,0.5,1.2,1.3,1,0.9,1.2,0.9,1,1.1,,0.8,0.6,0.7,1.2,,1.1,1.2,0.7,,0.8,1,1,1.1,0.8,1.5,1,1.6,1.2,1.2,1.2,0.7,0.9,0.8,1,1.2,1.2,,1,0.8,1.3,1,0.9,1.4,1.1,0.8,0.8,1.3,1.2,1.2,0.7,0.6,0.7,1,1.2,1.1,,0.9,0.8,,1,0.9,1.1,0.9,1.1,1.4,1,1.2,1.3,0.7,0.9,1,1,0.8,1.1,0.7,0.7,0.7,0.9,0.9,0.6,1,0.6,0.8,0.6,0.9,1.2,2.2,1.8,1.7,1.2,0.5,0.5,0.9,0.6,0.5,1.4,1.6,1.4,1.4,1.1,0.8,2.5,1.8,1.5,0.9,0.8,1.2,1.7,1.8,1,1.9,0.9,0.6,0.6,0.5,0.9,1.1,0.6,0.4,0.4,0.9,1.2,0.7,0.9,0.8,1.1,0.9,1.4,1.5,0.4,0.8,,0.6,0.6,0.8,0.5,0.8,0.4,0.4,0.7,0.8,0.4,0.6,0.5,0.3,0.5,0.4,0.4,0.8,0.9,1,0.8,0.2,0.7,0.6,0.5,0.6,1,1.5,,0.8,0.4,0.6,0.5,1,0.6,0.5,0.5,0.7,0.4,,0.8,0.8,,0.4,0.6,0.6,0.4,0.5,0.4,0.5,0.5,,0.5,0.7,0.7,0.6,0.7,0.6,0.5,0.6,0.3,0.5,0.4,0.4,0.6,0.6,0.4,0.8,0.9,1,0.7,1,1.5,0.7,,0.5,1.4,0.9,0.4,0.6,0.8,0.9,0.7,0.3,0.4,0.8,1,0.7,0.9,,0.4,0.3,0.7,0.8,0.9,0.4,0.7,0.8,0.8,0.7,1.3,1.1,1,0.4,0.7,0.6,0.4,,0.7,0.5,1.5,,0.2,,0.3,0.2,,1,0.9,1,0.8,1.3,1.3,1.1,,1,0.8,0.9,1.2,0.5,0.8,0.2,0.2,0.3,0.7,0.5,0.5,0.4,0.2,0.5,0.7,0.4,0.7,0.7,0.7,0.1,0.2,0.4,,0.7,0.6,,1.1,0.6,0.8,0.5,1.2,0.6,0.6,1,0.7,1.1,0.5,0.9,0.9,0.5,1,1.2,0.8,0.6,1.3,1.6,0.3,0.9,0.7,0.3,0.2,0.9,0.7,1.5,0.3,,0.4,1.4,0.4,0.6,0.6,0.7,0.8,0.7,0.7,1,0.6,0.4,1.2,0.6,1.5,1.1,0.5,0.6,0.7,1,1.1,1.6,2.2,0.5,0.7,0.6,0.4,0.8,0.9,0.7,0.6,0.6,0.3,0.8,1.1,0.9,9.3,0.7,0.5,0.2,0.9,0.9,0.8,0.8,0.6,0.6,0.6,1.3,0.6,0.8,0.6,1.1,0.7,0.5,0.9,1.3,0.3,1,0.6,0.7,0.7,1.3,0.7,1,0.9,1,0.6,1.1,0.9,0.7,0.4,0.4,2,,0.9,1.3,1.1,1.1,1.2,0.6,0.6,0.3,0.6,0.7,0.6,0.4,1.1,1.4,0.3,0.7,0.9,0.3,0.5,0.3,0.5,0.8,0.3,1.5
20170820,23,CO_24h,1.3,1,1.4,1.1,1.4,1.1,1.1,1.5,1,1.2,1.1,1.1,,,1.6,,1.4,1,2,,1.5,1,1,,1.1,1.3,,0.9,0.7,0.6,1.5,0.6,0.6,0.7,2.2,2.2,1.8,2,2.6,2.4,0.4,0.4,0.4,0.4,0.4,0.7,0.7,0.7,0.7,0.7,0.7,0.8,0.7,0.6,0.8,0.5,0.6,0.7,0.7,0.6,0.7,0.7,0.7,1,0.7,1.3,1.2,,1.2,1,0.5,0.4,0.8,0.5,0.8,0.5,1.1,0.8,0.9,1.1,,1.2,1,0.8,1.3,1.1,1.4,1,0.8,1.2,0.9,1.2,1.1,1.2,1.4,1.2,0.6,1,0.9,,,1,0.8,0.9,0.8,,1,0.7,0.7,0.9,1,0.6,0.8,0.8,0.8,0.7,0.8,1,1,1.1,,1,0.7,1,0.9,0.9,0.8,0.6,1.1,0.6,,0.2,0.5,0.5,0.7,1.3,0.4,0.4,0.7,0.4,0.8,0.6,0.7,0.8,0.6,0.8,0.6,0.7,0.6,0.5,0.5,1.4,1.1,0.8,1.1,1.1,1.2,0.8,0.3,0.8,0.6,0.4,0.9,0.5,1.1,0.7,0.9,0.8,0.7,0.6,0.7,0.5,,,,1,1,,1,1.1,0.8,,1,0.3,0.3,,0.5,,0.8,0.7,0.7,0.7,0.9,1.2,0.7,,,,0.6,0.4,,0.8,0.7,0.7,0.4,0.9,,0.7,0.7,0.4,0.4,0.4,0.5,0.8,0.6,,0.8,,0.8,,0.6,0.6,0.8,0.6,0.7,0.7,0.9,0.7,0.7,0.6,0.7,0.9,0.8,0.8,0.7,0.9,,0.5,0.4,0.5,0.6,0.4,0.5,0.6,1.2,0.8,,,0.6,,0.8,0.8,,0.2,0.5,0.5,0.6,0.6,0.3,,0.6,0.5,0.6,0.5,0.7,0.6,0.5,0.6,0.6,0.7,0.8,1.1,0.8,0.5,1,0.8,0.5,0.9,0.1,,0.7,0.7,0.5,0.4,0.3,0.5,0.5,1.4,0.8,0.5,1.1,1,0.9,0.5,,1.5,0.9,1.1,0.9,0.7,1.1,0.8,0.9,,0.3,0.2,0.4,0.4,0.6,0.5,0.5,0.2,0.6,1,1,1.2,1.4,1.1,1.4,1.5,1,1.4,1.5,1.1,0.9,1.3,0.8,0.7,0.9,0.7,0.8,0.9,0.7,0.6,0.6,0.5,0.7,0.6,0.4,0.4,0.6,0.7,0.7,0.6,,0.8,0.7,0.9,0.8,0.8,0.7,1,0.7,0.7,0.8,0.7,0.7,0.8,0.9,0.6,,0.6,0.8,0.6,0.4,0.5,0.5,0.6,0.5,0.9,0.6,0.6,0.7,0.5,0.7,0.8,0.8,0.6,0.6,0.6,0.3,0.5,0.3,0.5,0.7,0.9,0.7,0.7,0.7,0.9,0.8,0.7,0.8,0.6,0.9,0.9,0.7,0.5,0.9,1,1.1,0.8,0.9,0.9,0.8,0.9,0.5,0.6,0.7,0.6,0.6,0.5,,0.8,0.7,0.8,0.6,0.9,0.8,0.8,0.6,,0.8,0.5,0.5,0.8,0.9,,0.7,0.6,1,0.9,0.8,,0.6,0.3,0.4,0.5,0.5,0.6,0.5,0.5,0.6,0.4,0.5,0.6,0.8,0.6,0.9,0.6,0.8,0.8,0.4,0.7,0.5,0.5,0.8,0.5,1.2,1.5,1.3,1.4,1.2,1,1.1,1.5,1.4,1.3,1.4,1.3,1.3,0.5,0.6,0.1,0.4,0.3,0.4,,0.9,0.8,0.6,,,,0.8,0.5,0.9,1,0.8,1.1,0.8,,0.8,0.6,1.4,0.5,0.7,0.4,0.4,0.6,0.5,0.5,0.6,,0.5,0.7,1.2,1,1.4,1.1,0.8,0.9,1,0.6,1.1,0.5,0.6,0.7,1,1.9,1,1,0.7,0.5,0.6,1,1.2,1.2,1,0.7,0.7,1.1,0.6,0.7,0.6,0.7,0.6,,0.6,,0.8,0.7,0.6,0.9,1.2,,,0.8,,0.7,0.9,0.7,,2.4,1.2,1.2,1.6,0.8,1.1,0.5,0.5,0.8,0.4,0.4,0.5,0.3,0.5,0.3,0.4,,0.4,,0.6,,0.3,1,0.8,1.2,1,0.5,0.8,0.4,0.4,0.3,0.4,0.4,0.5,0.4,0.6,0.4,,0.9,0.9,0.8,1,0.7,0.8,0.7,0.6,0.8,0.7,0.6,0.7,0.5,0.8,0.5,0.6,0.7,0.4,0.6,0.5,0.4,0.8,0.8,0.7,0.7,0.7,0.5,1,0.9,0.9,0.7,0.6,0.9,1,1.3,,0.9,0.9,,0.7,0.9,0.9,0.7,0.7,0.7,0.6,0.6,,,1,1,1.1,1.1,,1.1,1.1,1,1.1,1.2,1.1,,1.2,1.2,,1.8,2,1.7,2,1.8,1.6,0.8,1,1.5,1.4,0.8,1,0.6,0.4,,0.9,1.5,1.9,2.2,2.3,1.6,,0.9,0.8,0.5,0.6,0.7,0.7,0.9,0.9,1.6,1,1,0.7,0.8,0.8,0.6,1.1,1.1,0.7,0.7,0.6,0.9,0.9,,0.4,0.8,0.8,0.3,0.6,0.3,0.4,0.6,0.4,0.4,0.4,0.7,0.5,0.4,0.8,0.7,0.8,0.8,0.7,0.9,1,0.9,1,0.9,0.9,0.6,0.7,0.9,0.3,,0.6,0.4,0.5,1.3,1.8,,1.3,1.6,2.3,2.3,0.9,1.5,1,1.3,2.1,0.8,0.9,0.5,0.9,2.2,1.3,1,1.1,1.1,0.9,1.2,1.2,1.1,0.9,,1,0.9,1.1,1,1.3,0.9,0.8,0.8,1,0.5,0.7,0.7,0.4,0.5,0.6,0.6,1.3,1.1,1,0.7,1.2,1.2,1.2,1,0.4,0.7,0.5,0.6,0.5,0.3,0.7,0.7,0.7,0.8,0.6,0.8,1.1,0.8,0.5,0.4,0.7,0.7,0.7,0.7,1,1.3,1.1,1.3,1.1,1.2,1.6,0.4,0.9,0.7,0.4,0.4,0.5,0.4,0.7,,,0.6,0.7,0.8,0.6,0.8,0.9,0.6,0.6,0.6,0.5,0.7,1,0.5,0.4,,0.4,0.9,0.9,1.2,1.1,1.4,1.3,1.6,1.6,1.7,1.5,1.2,1.3,1.3,1.5,0.7,0.7,1,1,0.9,1,1,0.9,1.1,1,1,1,0.2,0.3,0.3,0.6,,0.5,0.4,0.8,0.7,0.4,0.8,0.7,0.7,0.9,1.6,1.2,2,0.6,0.8,0.9,1.1,0.7,0.2,0.5,0.7,0.2,0.7,0.5,0.2,0.4,0.3,0.4,0.6,0.9,0.3,0.5,0.4,0.5,0.4,0.5,0.5,0.4,0.3,0.6,0.7,1,0.7,0.6,0.9,0.7,0.7,0.6,0.6,0.6,,0.5,0.8,0.8,1,0.7,0.6,0.8,0.5,0.7,0.8,,0.6,0.5,0.6,0.9,,0.8,,0.6,,,0.3,0.3,0.6,0.6,0.9,0.6,0.6,1.1,4.8,1.1,1.1,,0.8,0.6,2.3,1.7,2.1,1.4,1.7,1.4,1.1,1.3,1.2,1.6,0.9,1.2,,1.1,1,1.2,1.1,,1.3,1.2,1.1,1.1,1,1.9,,2.1,1.3,0.8,0.7,0.6,0.6,0.5,0.5,,0.6,0.4,0.3,0.6,,,0.4,0.3,0.5,0.5,0.3,0.4,0.4,0.7,0.6,1,0.8,0.4,0.6,0.7,0.6,0.9,0.5,0.5,,0.4,0.9,0.7,0.6,0.6,0.8,0.4,1,1.1,0.9,1.4,0.9,0.8,1,1.1,,1.1,0.2,0.8,0.7,0.6,0.4,0.6,0.3,0.4,0.5,0.5,1,0.5,0.8,0.4,0.6,0.5,0.4,0.6,0.2,0.4,0.3,0.5,0.6,0.3,0.5,0.5,0.4,0.7,0.6,0.5,0.5,0.3,0.8,,0.5,0.7,0.6,0.7,0.7,0.4,,0.6,0.5,0.4,,0.5,1,0.9,1,0.8,0.9,0.6,1,0.7,0.6,0.5,0.8,0.4,0.6,0.5,1,0.4,0.4,0.4,0.5,0.8,,0.5,0.4,0.7,0.9,0.4,0.4,0.4,0.5,0.8,0.8,,0.8,0.7,0.5,0.6,0.5,0.8,0.7,0.7,0.6,0.7,1.6,1,0.8,1,0.6,0.9,1,0.9,0.7,0.8,0.5,0.6,0.8,0.9,0.9,0.8,1,0.8,1,1.2,0.3,0.9,0.8,0.9,0.5,0.5,0.9,0.6,1.1,0.7,0.8,0.6,0.5,0.4,0.3,1.2,1,0.9,0.6,0.9,0.7,0.5,1,0.6,0.8,0.6,0.8,0.7,0.6,0.8,0.9,0.6,0.4,1,1.4,1.1,0.9,1.2,1.6,1.1,1.1,,1.1,1,1,0.9,,0.9,1,0.8,,0.8,0.8,0.9,0.9,0.7,1.4,1.1,1.7,1.3,1.3,1.1,0.7,0.8,0.7,0.8,1.1,1.1,,1,0.8,1,1,0.8,1.3,0.9,0.7,0.7,1.2,1.1,1.1,0.8,0.8,0.9,0.7,1,1,,0.8,0.7,,1.1,0.8,1,0.9,1.1,1.2,0.8,1,1,0.8,0.6,0.8,0.8,0.6,1,0.6,0.6,0.5,0.6,0.5,0.6,1,0.5,0.8,0.8,0.9,1.4,1.9,1.6,1.5,1.1,0.4,0.5,0.5,0.5,0.4,1.3,1.3,1.1,1,1.3,0.9,2.4,1.5,0.8,0.6,0.8,1,1.1,1.1,0.9,1.1,0.9,0.8,0.7,0.7,1,1,0.7,0.4,0.8,0.6,1,0.6,1,0.9,1.1,0.9,1,1.3,0.4,0.7,0.6,0.4,0.5,0.7,0.4,1,0.8,0.6,0.9,0.8,0.4,0.6,0.6,0.4,0.5,0.4,0.4,0.7,0.7,0.7,0.7,0.3,0.4,0.5,0.4,0.5,0.7,1,,0.5,0.3,0.4,0.4,0.6,0.6,0.5,0.6,0.7,0.4,,0.7,0.7,,0.4,0.6,0.6,0.4,0.5,0.4,0.5,0.5,,0.4,0.7,0.6,0.7,0.7,0.7,0.5,0.5,0.3,0.6,0.4,0.4,0.5,0.5,0.5,0.5,0.9,0.6,0.6,0.8,0.9,0.7,,0.5,1.3,0.9,0.3,0.6,0.8,0.9,0.7,0.4,0.3,0.8,1,0.6,0.8,,0.4,0.3,0.7,0.6,0.7,0.2,0.6,0.8,0.6,0.6,1.3,0.8,1,0.3,0.7,0.8,0.4,,0.5,0.3,1,,0.2,,0.3,0.2,0.6,1,1,1,0.9,1.1,1.3,1.2,,0.9,0.6,0.8,0.9,0.4,0.6,0.2,0.4,0.5,0.5,0.4,0.4,0.4,0.2,0.4,0.5,0.4,0.8,1,0.9,0.1,0.2,0.5,,0.6,0.6,,1.3,0.7,0.9,0.6,1.1,0.6,0.6,0.9,0.8,0.8,0.4,0.5,0.6,1.4,0.9,1.1,0.9,0.8,1.3,1.6,0.3,1.1,0.8,0.4,0.3,1,0.7,1.2,0.5,,0.6,1.1,0.5,1.1,0.9,1,0.8,0.7,0.7,0.8,0.7,0.6,1,0.4,1.2,0.7,1.5,1.1,1.3,1,1.1,1.5,1.8,0.6,0.6,0.6,0.4,0.7,0.9,0.6,0.4,0.6,0.4,0.8,1.1,0.7,2,0.8,0.7,0.3,0.9,1,0.5,0.8,0.6,0.5,0.5,1.2,0.7,0.8,1.3,1.1,0.6,0.5,0.6,1.4,0.4,0.5,0.5,0.7,0.6,0.9,0.7,1,0.8,0.7,0.7,0.8,0.7,0.7,0.4,0.4,2,,1.8,1.1,1,0.9,1,0.6,0.8,0.4,0.7,0.6,0.5,0.4,1.1,1.5,0.3,1.3,1.2,0.3,0.5,0.3,0.4,0.8,0.3,1.1
